1379,28,1407,0.1358401171703375
1419,29,1448,0.13298721417194406
1444,25,1469,0.13027333700703184
1455,26,1481,0.12773099592159703
1457,25,1482,0.1253847365077004
1457,25,1482,0.12324213498089112
1461,26,1487,0.12129036838072675
1463,23,1486,0.11950205386814249
1459,21,1480,0.11786812514639937
1471,20,1491,0.11638956359744836
1477,21,1498,0.11501384254009551
1465,19,1484,0.11374666480225994
1473,20,1493,0.11262121637415098
1471,20,1491,0.11157719595546087
1477,19,1496,0.11063148324688239
1475,18,1493,0.1097560477322467
1476,17,1493,0.1089629209566713
1478,17,1495,0.10823842184075297
1481,17,1498,0.10757402281667464
1477,18,1495,0.10696194758993605
1470,19,1489,0.10641413063380334
1473,18,1491,0.10593104216187216
1486,19,1505,0.10548493475541502
1482,18,1500,0.10504961833132037
1492,19,1511,0.10466185177559567
1487,18,1505,0.1042868768734861
1476,18,1494,0.10395643165912904
1460,19,1479,0.10367933664094447
1462,19,1481,0.10346209370854219
1462,20,1482,0.10326005425715984
1449,20,1469,0.10307598951723541
1452,19,1471,0.10293625441769812
1467,20,1487,0.10280279047758317
1468,20,1488,0.1026489103369288
1467,21,1488,0.10250658243047955
1462,20,1482,0.1023790973239172
1468,19,1487,0.10227364094548917
1470,19,1489,0.1021647767353582
1475,18,1493,0.10206129697534917
1488,18,1506,0.10195668691384588
1483,18,1501,0.10183329498509064
1472,18,1490,0.10173171804113217
1474,18,1492,0.10166233784530182
1483,18,1501,0.10159453881966371
1483,17,1500,0.10151368027684157
1486,17,1503,0.10144020853078761
1470,18,1488,0.101366975216227
1465,17,1482,0.10133487557111888
1476,17,1493,0.10131617731156124
1470,17,1487,0.10127601846641605
1486,18,1504,0.10125226814239331
1477,18,1495,0.10119629583285146
1468,19,1487,0.1011647184089156
1465,20,1485,0.10115491317069641
1468,18,1486,0.10115257566668856
1458,20,1478,0.1011438509782019
1453,21,1474,0.10115712122365117
1464,22,1486,0.10117975348144302
1457,23,1480,0.10117696816933627
1450,23,1473,0.10118926936790387
1451,22,1473,0.10121560724612834
1447,23,1470,0.10123755547530734
1454,23,1477,0.10126589554209034
1465,22,1487,0.10127693096237789
1472,23,1495,0.10126332565108744
1478,24,1502,0.10123608076919088
1465,22,1487,0.10119826152168343
1474,22,1496,0.10119142284917988
1470,22,1492,0.10116634642839487
1478,19,1497,0.10115203465437027
1473,20,1493,0.10112202386703181
1459,21,1480,0.1011052577929366
1466,20,1486,0.10111957497600489
1478,19,1497,0.1011179786282278
1487,19,1506,0.10109095379499315
1489,18,1507,0.10104736532885562
1491,19,1510,0.10100358605233117
1488,21,1509,0.10095908381541584
1488,22,1510,0.10092509664488997
1491,20,1511,0.10089382254336648
1494,20,1514,0.10085909568541887
1495,19,1514,0.10082133308927635
1487,20,1507,0.10078515143897906
1485,19,1504,0.10076867152991337
1474,19,1493,0.10075771826304758
1472,19,1491,0.10077141189675974
1472,20,1492,0.10078815717732814
1472,21,1493,0.10080369726323368
1458,21,1479,0.10081802976649833
1457,22,1479,0.10086054305058514
1473,21,1494,0.10090142216739606
1462,20,1482,0.1009046830090298
1454,20,1474,0.10093126302655514
1450,23,1473,0.10097252735102508
1464,22,1486,0.1010183184747571
1471,23,1494,0.10103038378333398
1463,23,1486,0.10102647077583611
1454,22,1476,0.10104005924896414
1464,23,1487,0.1010718538060484
1457,21,1478,0.1010793926751699
1462,22,1484,0.1011015516107276
1463,22,1485,0.10111093291725033
1470,24,1494,0.10111727033060036
1471,27,1498,0.10110816194628104
1463,30,1493,0.10109712769042606
1459,29,1488,0.10110403774286976
1443,33,1476,0.10111922143521193
1459,32,1491,0.10116712993816704
1457,32,1489,0.10117670645640862
1455,34,1489,0.10118994393914356
1478,34,1512,0.10120622348297643
1468,36,1504,0.10117209261105818
1459,36,1495,0.10116250698308005
1462,37,1499,0.10117296103737702
1466,37,1503,0.10117583180932625
1481,38,1519,0.10117033815276592
1473,38,1511,0.10113339509716188
1452,38,1490,0.10111668645903325
1447,36,1483,0.10114624394834053
1461,36,1497,0.10118384352482188
1462,37,1499,0.10118812649007022
1458,37,1495,0.10119026447222815
1457,38,1495,0.10120062962656956
1459,38,1497,0.10121208080046071
1452,38,1490,0.10121856171622984
1465,38,1503,0.10123923374102034
1456,38,1494,0.10123062512854707
1462,39,1501,0.10124158322874915
1465,38,1503,0.10123862964870849
1452,37,1489,0.10122974743623893
1457,37,1494,0.1012495223974561
1465,37,1502,0.10125695439409878
1464,36,1500,0.10124651750283267
1464,38,1502,0.10123916036157142
1461,38,1499,0.10123266538939889
1459,39,1498,0.1012332825572859
1445,39,1484,0.10123821994767894
1451,39,1490,0.10127238211732166
1455,40,1495,0.10129059182467344
1438,40,1478,0.1012987640456168
1436,41,1477,0.10134263493297935
1441,41,1482,0.10138685433059352
1428,43,1471,0.10141632241830349
1432,43,1475,0.10147116674436152
1438,41,1479,0.10151251289013252
1457,40,1497,0.10153745561883878
1455,43,1498,0.10151954033378587
1463,41,1504,0.10150693813130438
1447,44,1491,0.10147833786481385
1449,43,1492,0.10148671304850515
1443,46,1489,0.10149018597462839
1451,46,1497,0.10150611978011483
1457,45,1502,0.10150368629487368
1436,47,1483,0.10148880129699352
1433,46,1479,0.10151999676032361
1433,45,1478,0.10155503076028044
1422,46,1468,0.10158678092385451
1421,45,1466,0.10163937003021299
1429,45,1474,0.10168943710314746
1451,49,1500,0.10171845859632814
1452,51,1503,0.10169833975292235
1455,49,1504,0.10167775871842576
1449,48,1497,0.10165268711488111
1444,48,1492,0.10164241579048781
1451,48,1499,0.10164408622841886
1442,48,1490,0.10163057776496984
1430,48,1478,0.10163743682198277
1433,49,1482,0.1016687267432351
1437,50,1487,0.10169102431913575
1436,49,1485,0.10170291870860018
1440,50,1490,0.10171557809529666
1437,49,1486,0.10171866087416596
1437,46,1483,0.10172801182253007
1449,48,1497,0.10173674531040795
1452,49,1501,0.10171879366680461
1456,48,1504,0.10169579237783433
1456,48,1504,0.10166618697818955
1450,48,1498,0.10163963117390747
1442,52,1494,0.1016285940419163
1449,52,1501,0.10163541570568053
1457,52,1509,0.10162652753464453
1462,50,1512,0.10160120064402861
1451,55,1506,0.10156755589834417
1448,58,1506,0.10156007986216942
1444,61,1505,0.10155999931937504
1426,64,1490,0.1015685578814227
1429,64,1493,0.10161478847568801
1428,65,1493,0.10165073339152297
1440,64,1504,0.10168577833572805
1436,64,1500,0.10169184300094802
1439,63,1502,0.10170594891841905
1421,66,1487,0.1017121792081295
1424,66,1490,0.10175693363081706
1428,69,1497,0.10179211820621287
1420,68,1488,0.10181571695682416
1422,67,1489,0.10185429999368098
1431,67,1498,0.10188502281548885
1422,67,1489,0.10189352451052301
1424,69,1493,0.10192057012969431
1432,69,1501,0.10194062630099893
1414,66,1480,0.10194187039774437
1423,65,1488,0.10198123741613987
1413,68,1481,0.10199835804497338
1402,68,1470,0.10203531341774826
1405,72,1477,0.10209257683381157
1407,71,1478,0.1021382402811872
1401,74,1475,0.10217613395189812
1391,74,1465,0.10222363578872881
1408,74,1482,0.10228840159263568
1406,77,1483,0.10231137316388082
1412,80,1492,0.10233679542647721
1410,80,1490,0.10234662207511835
1422,80,1502,0.10236066810148241
1405,81,1486,0.10234768636160185
1395,78,1473,0.10237275010388983
1414,79,1493,0.10241717757846434
1407,78,1485,0.10241667049619671
1423,79,1502,0.10243131974271114
1414,83,1497,0.1024098672410084
1398,82,1480,0.10241034477263326
1404,84,1488,0.10244445996893393
1413,87,1500,0.1024628048723754
1403,83,1486,0.1024608129936679
1384,80,1464,0.1024802977424745
1382,81,1463,0.1025392345047441
1384,81,1465,0.10259718303877388
1385,81,1466,0.10264512192928392
1385,84,1469,0.10268670996121738
1380,84,1464,0.10272451036135617
1389,86,1475,0.10277005119607431
1391,86,1477,0.10279216559733856
1394,87,1481,0.10280841267920401
1405,89,1494,0.10281651427117904
1389,87,1476,0.10279986278045376
1418,89,1507,0.10281992449366527
1404,87,1491,0.10277590559569667
1400,88,1488,0.10276640368011705
1400,88,1488,0.10276642768375606
1400,85,1485,0.10276610159586841
1418,86,1504,0.10276550672369827
1421,89,1510,0.1027259453410794
1408,90,1498,0.10268399961763203
1400,91,1491,0.10267368544120234
1395,95,1490,0.10268171418152958
1406,97,1503,0.10270000403390017
1404,91,1495,0.1026930051737487
1406,89,1495,0.1026904230558549
1402,92,1494,0.10268379471504317
1407,92,1499,0.10268606810263363
1396,94,1490,0.10267776860357399
1388,95,1483,0.10269395053947526
1383,96,1479,0.10272591605125125
1390,95,1485,0.10276597170461699
1385,93,1478,0.10278816819053326
1381,94,1475,0.10281944109037174
1397,91,1488,0.1028565363830053
1411,90,1501,0.10285618896196977
1408,94,1502,0.10282557010820988
1406,95,1501,0.10280337397237777
1410,96,1506,0.1027874218161984
1402,93,1495,0.10276437497627806
1395,94,1489,0.10276047003568735
1397,92,1489,0.10277213414088664
1380,96,1476,0.10277819144983884
1396,98,1494,0.10282063170017555
1383,97,1480,0.10282454494219367
1394,98,1492,0.102856254476349
1386,96,1482,0.10286175476739251
1390,98,1488,0.10288415120910549
1390,97,1487,0.1028962109443824
1387,97,1484,0.10290731338260645
1392,98,1490,0.1029236592520012
1394,95,1489,0.10292836390326462
1393,95,1488,0.10292859890000251
1393,95,1488,0.10293064491518493
1413,98,1511,0.10293236214121945
1408,97,1505,0.10289097343850535
1396,95,1491,0.1028639925426144
1393,96,1489,0.1028649572416543
1399,95,1494,0.10287156521022085
1405,94,1499,0.10286498509792082
1396,96,1492,0.10284643984461254
1388,92,1480,0.1028494596215498
1389,91,1480,0.10286939540483223
1381,94,1475,0.10288443919952109
1394,90,1484,0.10291597601728139
1389,90,1479,0.10291673079649996
1398,91,1489,0.10292757652693155
1414,94,1508,0.1029184268140293
1407,92,1499,0.10287565299551947
1410,93,1503,0.10285170785534964
1409,95,1504,0.10282344075494212
1401,98,1499,0.10279955617389756
1393,98,1491,0.10279517921184084
1373,98,1471,0.1028087433927083
1387,103,1490,0.10286436414559962
1380,106,1486,0.10288526360777311
1379,104,1483,0.10291936188706118
1393,105,1498,0.10295323881459348
1395,103,1498,0.10295404673760292
1388,101,1489,0.10295002873027977
1392,105,1497,0.10296174823468872
1392,106,1498,0.10296373297563541
1388,107,1495,0.10296613239480451
1385,111,1496,0.1029768186661296
1373,111,1484,0.10299341735502454
1379,113,1492,0.10303445125978566
1387,108,1495,0.1030591529536995
1391,108,1499,0.10306446855035038
1398,106,1504,0.10306073739120347
1397,105,1502,0.10304152048605107
1389,106,1495,0.10302616731929586
1378,105,1483,0.10302891974019442
1380,107,1487,0.10305542401113087
1392,102,1494,0.10307484095586171
1382,105,1487,0.10306731532544376
1377,107,1484,0.10308186341355591
1383,112,1495,0.10310616206555329
1375,113,1488,0.10311590310663743
1376,114,1490,0.10314255025859725
1380,113,1493,0.10316497408175977
1386,114,1500,0.10317668874864311
1374,109,1483,0.10317411516312264
1378,115,1493,0.10319779442395088
1373,118,1491,0.10321047871270299
1359,114,1473,0.10323293281268396
1372,114,1486,0.10328400020601357
1383,112,1495,0.10330266235739238
1390,116,1506,0.10329595944166531
1389,116,1505,0.10327477879908116
1383,118,1501,0.10325759007486336
1368,119,1487,0.10325476912758619
1376,115,1491,0.10328523925139141
1381,115,1496,0.10329599692005616
1364,118,1482,0.10329583590759714
1364,122,1486,0.10333153620533732
1355,121,1476,0.10336453173014779
1366,122,1488,0.10341402248339678
1349,124,1473,0.10343488187409414
1352,122,1474,0.1034908356922932
1358,126,1484,0.10353524799286096
1357,127,1484,0.10356346321099225
1361,131,1492,0.10359119130561861
1359,133,1492,0.10360853435615218
1366,135,1501,0.10362869313488023
1359,135,1494,0.10363214251026917
1362,134,1496,0.10365104302491268
1362,132,1494,0.10366175756489737
1372,136,1508,0.10367174624079421
1355,133,1488,0.10365943523387104
1354,134,1488,0.10368521892277915
1342,137,1479,0.1037113046416942
1346,135,1481,0.10376208901769637
1350,134,1484,0.1038000133649348
1354,137,1491,0.10382568819634809
1371,139,1510,0.10383996647684395
1356,140,1496,0.10381585200070476
1352,140,1492,0.10382662662534248
1360,140,1500,0.10384497430530176
1362,138,1500,0.10384438521954405
1344,136,1480,0.10383943898346897
1343,131,1474,0.10387445690708265
1340,130,1470,0.10390903708357856
1355,130,1485,0.1039472896782122
1352,128,1480,0.10394882756592881
1341,131,1472,0.10395647234315923
1360,135,1495,0.10398742114728193
1354,130,1484,0.10397353875935494
1352,129,1481,0.10397405288706142
1362,128,1490,0.10397911905058532
1372,132,1504,0.10396121493148083
1376,128,1504,0.10392336584520813
1369,131,1500,0.1038802415753932
1356,134,1490,0.10385587101907792
1361,134,1495,0.10386260412334777
1353,138,1491,0.10385773422617937
1341,138,1479,0.1038704478745979
1342,142,1484,0.1039085250083517
1344,147,1491,0.10394155977606397
1352,148,1500,0.10396804831949787
1351,148,1499,0.1039747806071808
1355,147,1502,0.10398452082600436
1344,149,1493,0.1039850301911114
1351,153,1504,0.1040088240855346
1361,148,1509,0.10401559889632259
1359,150,1509,0.10399933854464662
1349,149,1498,0.10398967706922267
1342,151,1493,0.10400284291526468
1340,147,1487,0.10402993918600423
1334,150,1484,0.10405961327720831
1336,151,1487,0.10409979059348821
1346,152,1498,0.1041312461115151
1348,157,1505,0.10413819899189494
1356,153,1509,0.10414105040524678
1343,155,1498,0.10412608709098226
1336,156,1492,0.10414114728537863
1343,156,1499,0.10417079019783351
1335,162,1497,0.10418210293591187
1340,165,1505,0.10420973272140152
1330,161,1491,0.10422439428021654
1335,156,1491,0.10425917514890962
1345,158,1503,0.10427971486715915
1344,158,1502,0.1042772654774209
1345,153,1498,0.10427743667606144
1345,156,1501,0.10427556664076314
1346,155,1501,0.10427353437744553
1335,154,1489,0.10426944095787728
1331,154,1485,0.10428973166774629
1342,155,1497,0.10431686696683938
1332,158,1490,0.10431809276023322
1334,160,1494,0.10434075977023742
1334,158,1492,0.10435705704238281
1330,157,1487,0.10437185115296474
1338,157,1495,0.10439375630973718
1337,158,1495,0.10439668915251872
1340,156,1496,0.10440226542728964
1336,156,1492,0.10440008215553657
1329,158,1487,0.10440731347747978
1334,164,1498,0.10442924951420682
1332,161,1493,0.10443889349845893
1318,168,1486,0.10445207361503772
1313,170,1483,0.1044946960286238
1307,168,1475,0.10454406429243092
1297,169,1466,0.1046021549505182
1294,169,1463,0.10467674541846143
1296,171,1467,0.10475115006774685
1307,164,1471,0.10481554605758035
1323,162,1485,0.10485009085622654
1315,166,1481,0.10484688120605985
1328,168,1496,0.1048607936554523
1327,169,1496,0.10484609992892276
1325,175,1500,0.10483517836398235
1329,175,1504,0.10483005631394506
1319,176,1495,0.10481685613224544
1343,179,1522,0.1048268702115811
1342,173,1515,0.10478401199433886
1343,179,1522,0.10474809260249533
1331,179,1510,0.10471389319962326
1320,184,1504,0.10470876008208525
1310,184,1494,0.10472903633407761
1312,179,1491,0.10476988895131667
1307,183,1490,0.10480332438529157
1297,184,1481,0.10484426662921535
1308,187,1495,0.1049037830354585
1309,193,1502,0.10493381659910861
1313,191,1504,0.10495969729322088
1312,190,1502,0.10497406342031682
1300,189,1489,0.10498921698473644
1299,192,1491,0.10502935204682756
1305,193,1498,0.10506841046313271
1310,193,1503,0.10509091513936226
1305,192,1497,0.10510125590171752
1301,193,1494,0.10512126908983362
1299,197,1496,0.10514874965318388
1304,194,1498,0.10517885890154206
1305,194,1499,0.10519490066682959
1314,191,1505,0.10520785608078058
1316,193,1509,0.10520026366058613
1312,196,1508,0.10518914905496399
1307,199,1506,0.10518757166794729
1307,198,1505,0.1051979538608763
1291,202,1493,0.10520753665464402
1294,204,1498,0.10525142936003844
1284,206,1490,0.10528530865133966
1285,204,1489,0.10533910940818948
1283,197,1480,0.10538557230324848
1270,204,1474,0.10543216935713624
1281,206,1487,0.10550283845557114
1289,203,1492,0.10554366675838629
1279,198,1477,0.10556321031470724
1260,201,1461,0.10560215033934052
1267,200,1467,0.10568046759347834
1268,199,1467,0.10573650423851133
1292,204,1496,0.10578630247912514
1292,211,1503,0.10577909168003514
1291,210,1501,0.10577303914290884
1282,212,1494,0.10577062618433272
1287,209,1496,0.10578858516987254
1282,209,1491,0.10579460663598425
1279,210,1489,0.1058112832151904
1279,212,1491,0.10583344921400296
1272,216,1488,0.10585410987645381
1283,216,1499,0.10588873881807778
1296,219,1515,0.10589635626326013
1294,217,1511,0.10587387209539045
1291,217,1508,0.1058584104488159
1289,215,1504,0.10585018523274567
1294,216,1510,0.10584734840828165
1295,220,1515,0.10583410207040188
1296,219,1515,0.10581981255456878
1299,216,1515,0.10580476448873222
1291,217,1508,0.10578479995603754
1276,217,1493,0.10578495764278571
1277,221,1498,0.10581754081908587
1272,222,1494,0.105844169880607
1261,221,1482,0.10587974596997757
1267,223,1490,0.1059361247402042
1274,221,1495,0.1059744260731183
1282,220,1502,0.10599413916324121
1279,221,1500,0.1059942145749953
1291,227,1518,0.10600017435578782
1270,227,1497,0.10597933570088591
1271,220,1491,0.10600622341752938
1267,215,1482,0.10602782019724145
1264,215,1479,0.10605694987881012
1272,217,1489,0.10609010247908433
1268,219,1487,0.1061025749601648
1286,223,1509,0.10612317597243388
1279,226,1505,0.1061009123096159
1275,222,1497,0.10609715868129928
1278,224,1502,0.10610280523856427
1268,226,1494,0.10610143180062474
1266,220,1486,0.10612172545978694
1264,218,1482,0.1061453626811532
1256,217,1473,0.10617145788483662
1265,224,1489,0.10621338547466097
1277,225,1502,0.10623158233197982
1263,223,1486,0.10622274523202738
1263,223,1486,0.10624551229453978
1278,225,1503,0.10626667708318703
1262,226,1488,0.1062520755114571
1271,225,1496,0.10627402836593947
1272,224,1496,0.10627371205075337
1277,225,1502,0.10627162651500792
1285,226,1511,0.106258973667504
1278,227,1505,0.10622969309773188
1275,225,1500,0.10621828152075623
1267,228,1495,0.10621414549358979
1266,225,1491,0.10622832373637132
1267,221,1488,0.10624306696240715
1273,226,1499,0.10625405769515771
1267,224,1491,0.10625156699636534
1278,225,1503,0.10626313276143408
1279,224,1503,0.10624957521768313
1272,227,1499,0.10623492145758448
1280,231,1511,0.10623674296757311
1279,231,1510,0.10622157007664473
1277,235,1512,0.10620920574412938
1271,227,1498,0.10620322801786199
1258,228,1486,0.10621134143468858
1257,228,1485,0.10624753623512323
1257,232,1489,0.10628224733312606
1255,230,1485,0.10631487568661221
1276,233,1509,0.10634868517950767
1277,235,1512,0.10633373369648723
1265,238,1503,0.10631821669119092
1256,239,1495,0.10633141365255394
1252,240,1492,0.10636339885618785
1248,241,1489,0.10640070138953725
1242,241,1483,0.10644394891100852
1241,240,1481,0.10649670659986636
1237,248,1485,0.10654897282838498
1230,244,1474,0.10660599608105233
1243,251,1494,0.10667460684464668
1234,252,1486,0.10670947127174452
1232,253,1485,0.10676206745875565
1237,255,1492,0.10681506794564673
1249,254,1503,0.10685242490290638
1248,256,1504,0.10686048082535046
1241,259,1500,0.10687059713386823
1246,255,1501,0.10689558258407253
1232,259,1491,0.10690704563305437
1232,263,1495,0.10694834773339759
1242,256,1498,0.10698579726601595
1245,255,1500,0.10699715706793377
1248,254,1502,0.10700157003107978
1253,260,1513,0.10699865956213267
1258,255,1513,0.10698563065436613
1246,256,1502,0.1069624064756949
1238,253,1491,0.10696752703560712
1233,253,1486,0.10698974991420361
1237,248,1485,0.10702173991693346
1246,248,1494,0.10704142338625505
1239,243,1482,0.10703968913913649
1233,241,1474,0.1070543879151645
1243,244,1487,0.10708034101206759
1238,248,1486,0.10708054408762141
1240,243,1483,0.1070923369631291
1241,247,1488,0.10709929115931596
1244,242,1486,0.10710365182860325
1254,248,1502,0.10710027093041508
1245,243,1488,0.1070735621230882
1246,247,1493,0.1070694454990236
1256,245,1501,0.10706479527461338
1255,245,1500,0.10703797781965925
1251,251,1502,0.10701508887294976
1242,253,1495,0.1070037784303283
1243,254,1497,0.1070140597878639
1246,253,1499,0.10702148299816755
1235,257,1492,0.1070204922520943
1240,260,1500,0.10704347658435533
1230,264,1494,0.10705411422036892
1239,263,1502,0.10708545010747234
1227,260,1487,0.10709468119844882
1229,263,1492,0.10712915471085292
1241,265,1506,0.10715697678270729
1246,267,1513,0.10715668655138214
1244,263,1507,0.10714475764561414
1237,259,1496,0.10713832806899594
1247,265,1512,0.10714820415126126
1243,263,1506,0.10713507836598567
1236,262,1498,0.10713233272779235
1220,262,1482,0.10714534343788883
1233,267,1500,0.10719340600053581
1233,268,1501,0.10720944589375879
1229,259,1488,0.1072249455022596
1232,263,1495,0.10724801569514691
1226,265,1491,0.10726346696449754
1227,270,1497,0.1072903936716736
1231,272,1503,0.10731401396885185
1235,276,1511,0.1073267849259226
1239,279,1518,0.10733065418149539
1233,273,1506,0.10732553752579545
1228,274,1502,0.10733460808597933
1222,273,1495,0.10735442025902518
1224,271,1495,0.10738638892694953
1232,271,1503,0.10741110903937312
1222,273,1495,0.10741565135355519
1219,273,1492,0.10744198800017206
1210,277,1487,0.10747415523071549
1218,282,1500,0.10752393405190405
1220,279,1499,0.10755214734107998
1214,285,1499,0.10757404342815147
1211,285,1496,0.10760735954025322
1205,292,1497,0.10764472863493396
1201,292,1493,0.10769270067822133
1200,286,1486,0.1077459684923765
1216,290,1506,0.10779641531749924
1211,284,1495,0.10780722441193634
1192,281,1473,0.10782707244173217
1199,281,1480,0.10788780633073256
1198,282,1480,0.10792757870438624
1188,282,1470,0.10796690240887456
1188,285,1473,0.10802438622122479
1214,282,1496,0.10807762736070138
1212,288,1500,0.1080682915296449
1211,286,1497,0.10806390968604931
1194,284,1478,0.10806174389786703
1195,287,1482,0.10809875658036923
1200,289,1489,0.10813175484209381
1192,296,1488,0.10815098372638526
1184,299,1483,0.10818711440909919
1200,304,1504,0.10823928834725986
1194,313,1507,0.10825165761010053
1198,307,1505,0.10827671750856553
1189,309,1498,0.10829165883257846
1183,302,1485,0.10832570723065794
1187,303,1490,0.10837000418199703
1196,299,1495,0.10840071803255782
1186,302,1488,0.10840898220343582
1193,300,1493,0.10844127222538205
1181,301,1482,0.10845464716282847
1180,308,1488,0.1084943317976893
1182,303,1485,0.1085333272881905
1170,304,1474,0.1085640703467669
1179,309,1488,0.10862026006092985
1191,313,1504,0.10865196175393985
1183,308,1491,0.10865485844109857
1184,312,1496,0.10867431951783742
1197,317,1514,0.1086900973313885
1185,321,1506,0.10867578202513586
1179,320,1499,0.1086902192132089
1183,318,1501,0.10871641567658547
1186,314,1500,0.10872981232758873
1180,325,1505,0.10873624645750123
1180,327,1507,0.10875618487949869
1175,329,1504,0.10877480517191249
1184,328,1512,0.10880369600997114
1187,329,1516,0.10880947517282086
1179,326,1505,0.10880842928729596
1183,323,1506,0.1088258772142829
1182,317,1499,0.1088328442465058
1177,322,1499,0.1088409650812815
1177,328,1505,0.10885965146663175
1172,323,1495,0.10887603509008201
1175,323,1498,0.10890235756053328
1167,326,1493,0.10891955089056196
1169,325,1494,0.10895447727730743
1175,322,1497,0.10898200201028746
1170,323,1493,0.10899501021847963
1166,320,1486,0.10901839123534092
1162,313,1475,0.10904905036287538
1167,318,1485,0.10908583756076397
1162,311,1473,0.10910811611033339
1158,320,1478,0.1091391978042486
1170,323,1493,0.10917730777621454
1164,327,1491,0.10918479194939447
1170,331,1501,0.10920636565322091
1171,323,1494,0.10921258609589053
1191,334,1525,0.1092155121618905
1175,337,1512,0.10917461351463487
1187,339,1526,0.10917311044759512
1174,338,1512,0.10914458986520825
1167,334,1501,0.10914772690149491
1177,332,1509,0.10916687174374737
1177,328,1505,0.10916209948311244
1174,336,1510,0.10915638377786749
1174,333,1507,0.10915983244551225
1162,330,1492,0.10916299149322838
1169,334,1503,0.10919302817319133
1166,334,1500,0.1092035404503547
1172,335,1507,0.10922021412241534
1165,338,1503,0.10922197028551574
1163,330,1493,0.10924074844771252
1162,334,1496,0.1092633293460802
1168,337,1505,0.10928631696618313
1170,337,1507,0.109293240831783
1158,337,1495,0.10929647268123122
1153,338,1491,0.10932701355143376
1158,341,1499,0.10936670677372114
1155,337,1492,0.10939185490133121
1148,344,1492,0.10942251704718167
1150,349,1499,0.10946688166642046
1154,356,1510,0.10950193267577447
1151,357,1508,0.10952419199757164
1158,360,1518,0.10955286300911171
1155,357,1512,0.10956424927683603
1150,352,1502,0.10958089632239265
1156,342,1498,0.10960852578112246
1153,336,1489,0.1096204763517206
1140,341,1481,0.10963906237509441
1145,344,1489,0.109685825256132
1146,343,1489,0.10971810081955574
1151,350,1501,0.1097460587274437
1149,349,1498,0.10976123416230767
1150,361,1511,0.10978033292154986
1151,361,1512,0.10979584647336774
1139,362,1501,0.10980837646260105
1133,365,1498,0.10984659763590726
1138,362,1500,0.10989515904392927
1150,363,1513,0.10992679202697894
1146,359,1505,0.10992905694353233
1154,358,1512,0.1099389260491074
1151,357,1508,0.10993045623786898
1154,357,1511,0.10993067878970905
1153,353,1506,0.10992459658289765
1146,358,1504,0.10992206247920608
1142,360,1502,0.10993480585091796
1141,365,1506,0.10995519578664846
1137,361,1498,0.10997634791972441
1135,359,1494,0.11000554573721794
1138,365,1503,0.11003813412054843
1140,367,1507,0.11006167367301234
1134,373,1507,0.1100795879356398
1129,374,1503,0.11010990632608962
1136,373,1509,0.11014863520303259
1131,372,1503,0.11016921233545206
1130,375,1505,0.11019879396473968
1122,375,1497,0.11022857483679843
1127,374,1501,0.11027401727053485
1118,370,1488,0.11030461680154253
1126,368,1494,0.1103542013812802
1128,363,1491,0.11038235898335223
1129,363,1492,0.11040386120110846
1127,365,1492,0.11042061026989247
1128,368,1496,0.11044138170983014
1135,369,1504,0.11045772705373555
1127,373,1500,0.11045686508789405
1116,375,1491,0.11047471148082645
1122,371,1493,0.11051563885723915
1131,371,1502,0.1105389033908129
1151,368,1519,0.11053943550710985
1150,369,1519,0.1104940947287811
1141,360,1501,0.11045540702312838
1150,363,1513,0.11044008336635698
1147,358,1505,0.11040483003740728
1139,359,1498,0.11038028241603332
1128,361,1489,0.11037727570896802
1128,367,1495,0.1103991247708212
1133,364,1497,0.11041910001512202
1119,368,1487,0.1104254338479482
1124,367,1491,0.11046272113816417
1114,373,1487,0.11048562317349755
1105,373,1478,0.11053100090873873
1105,376,1481,0.11059298845342411
1122,371,1493,0.11064969259617286
1124,371,1495,0.11066335798759791
1112,377,1489,0.11067152846824474
1115,378,1493,0.11070664158815953
1122,375,1497,0.1107329524931996
1109,375,1484,0.11074099406127022
1110,379,1489,0.11077880461602024
1124,376,1500,0.11081125100075352
1123,380,1503,0.11080929939193655
1115,385,1500,0.11080960581679374
1117,388,1505,0.1108286766758571
1116,391,1507,0.11084235167448496
1113,393,1506,0.11085832308958438
1111,394,1505,0.11088015375911439
1104,396,1500,0.11090368050611757
1099,394,1493,0.11094108646682037
1104,397,1501,0.11098815169645772
1116,392,1508,0.11102009610938779
1108,393,1501,0.11102261020979778
1103,392,1495,0.11104277410554911
1108,395,1503,0.11107366122860549
1109,393,1502,0.11109105710380039
1106,391,1497,0.11110446365927967
1099,390,1489,0.11112314981400626
1101,393,1494,0.11115776129093181
1105,394,1499,0.11118431452500296
1099,394,1493,0.11119952086940249
1098,394,1492,0.11122840305963436
1093,393,1486,0.11125797330249075
1096,393,1489,0.11129631340892786
1103,398,1501,0.11132441090141088
1098,393,1491,0.11133464810670088
1106,398,1504,0.11135560683091103
1099,397,1496,0.11135648649387704
1105,398,1503,0.11137428625604162
1094,403,1497,0.11137803742717903
1092,407,1499,0.1114071816296179
1110,407,1517,0.11143849449720898
1103,404,1507,0.11142620199540701
1086,413,1499,0.1114303670955064
1092,407,1499,0.11147293932688611
1092,407,1499,0.11149811482722974
1102,406,1508,0.11152175737304323
1105,415,1520,0.11152029837802072
1107,410,1517,0.11151365104190787
1103,411,1514,0.1115034465969091
1103,412,1515,0.11150244594934286
1097,411,1508,0.11150075632788883
1097,406,1503,0.11151304108644221
1092,406,1498,0.11152412733617599
1091,405,1496,0.11154601214441026
1101,410,1511,0.11156960585709236
1091,403,1494,0.11156901991050884
1089,408,1497,0.11159059185264572
1094,413,1507,0.1116165705900854
1090,419,1509,0.1116302803819488
1079,424,1503,0.11165082382089903
1083,419,1502,0.11169419163441262
1073,426,1499,0.11172648096337166
1081,429,1510,0.11177833598541775
1088,419,1507,0.11180774954739661
1090,420,1510,0.11181826027604899
1081,414,1495,0.11182396567830746
1087,414,1501,0.11184963391836869
1075,419,1494,0.11186049240986541
1078,422,1500,0.11189982561975341
1077,421,1498,0.11192830383764545
1078,423,1501,0.11195776940966144
1073,430,1503,0.11198201449170309
1079,429,1508,0.11201665357590236
1069,433,1502,0.1120338279590166
1067,419,1486,0.1120735755476197
1069,421,1490,0.11211567836890907
1078,432,1510,0.11214926335458383
1059,430,1489,0.11216005796296166
1060,423,1483,0.11221261289952199
1077,425,1502,0.11225936927829677
1072,430,1502,0.11226265423228185
1076,434,1510,0.11227693729264406
1081,441,1522,0.11228234592953855
1078,442,1520,0.1122774181035115
1059,439,1498,0.11228043679581663
1062,428,1490,0.11232801358812569
1070,424,1494,0.11236421854931015
1059,427,1486,0.11237737219133585
1054,429,1483,0.11241501377285712
1053,423,1476,0.11246096185145539
1059,428,1487,0.11250416974824091
1060,436,1496,0.11252980772133729
1055,436,1491,0.11255144970699144
1053,440,1493,0.11258298720138021
1059,446,1505,0.11261877083554307
1064,448,1512,0.11263819972621376
1069,449,1518,0.11264443288178053
1070,446,1516,0.1126387519638444
1057,449,1506,0.1126313726271679
1058,443,1501,0.11265400848389785
1052,447,1499,0.11267238144194078
1047,443,1490,0.11270206291170547
1054,441,1495,0.112739812374731
1053,438,1491,0.11276111604469534
1052,439,1491,0.11278329733031049
1050,440,1490,0.11280621946070456
1053,437,1490,0.1128304472489325
1050,434,1484,0.11284617658117306
1051,439,1490,0.1128669327982519
1051,440,1491,0.11288397223524567
1048,435,1483,0.11290024245554202
1049,433,1482,0.1129224850093873
1055,439,1494,0.11293935472963863
1055,437,1492,0.11294218872786572
1058,436,1494,0.1129449449213201
1054,438,1492,0.1129407162947128
1056,441,1497,0.11294591429450129
1042,442,1484,0.11294580314877348
1032,444,1476,0.11297936962559767
1033,447,1480,0.11303355064078623
1029,453,1482,0.11308101440666235
1042,453,1495,0.11313438086781566
1042,442,1484,0.11315360029313051
1044,443,1487,0.11317138469146582
1045,443,1488,0.11318330464495827
1044,451,1495,0.11319247354076772
1036,454,1490,0.11320299917347026
1046,456,1502,0.11323264527542026
1043,449,1492,0.11323681263103175
1040,450,1490,0.11324737899179355
1042,453,1495,0.11326344328230892
1044,462,1506,0.11327246467286535
1043,458,1501,0.11327714478326385
1048,458,1506,0.11328500197960922
1049,455,1504,0.11327964582687156
1049,458,1507,0.11327301443405627
1047,450,1497,0.11326643128157494
1033,449,1482,0.11326627474112083
1045,446,1491,0.11329837621285595
1055,459,1514,0.1133013813016526
1063,467,1530,0.11328113667674948
1060,461,1521,0.11324395082962462
1044,464,1508,0.1132174654432673
1043,463,1506,0.11322975726140935
1044,466,1510,0.1132449690911993
1056,465,1521,0.11325452522470883
1055,466,1521,0.11323426036930952
1047,465,1512,0.11321871307288615
1046,461,1507,0.11322258224340583
1051,459,1510,0.11322931037280651
1054,464,1518,0.11322319958151145
1050,465,1515,0.11320999426563733
1036,452,1488,0.11320641582688162
1043,454,1497,0.1132346194729925
1037,458,1495,0.11324512374978536
1028,459,1487,0.11326834841961769
1018,457,1475,0.11331024210717437
1031,459,1490,0.113372247325819
1029,461,1490,0.1133985883514455
1026,456,1482,0.11342842007782367
1030,447,1477,0.1134645304788349
1030,449,1479,0.11348875183556671
1028,458,1486,0.11351164599835478
1028,454,1482,0.11353845584527697
1039,453,1492,0.11356308951055867
1032,461,1493,0.1135600405056811
1037,462,1499,0.11357299534254453
1029,455,1484,0.11357293499615714
1034,458,1492,0.11359102792917695
1036,464,1500,0.11359522597538768
1041,463,1504,0.11359431776557137
1045,468,1513,0.11358217225932732
1046,464,1510,0.1135620105805777
1041,466,1507,0.11354023361524403
1038,459,1497,0.11353264381612486
1034,460,1494,0.11353297827948045
1042,457,1499,0.11354366170459829
1040,456,1496,0.11353507228216536
1032,466,1498,0.11353213153151805
1030,472,1502,0.11354808934888655
1024,470,1494,0.11356700907126856
1030,470,1500,0.11359893138400874
1023,472,1495,0.11361407543870795
1032,475,1507,0.11364329935205278
1029,477,1506,0.11364922007069132
1023,483,1506,0.11366247984586977
1021,482,1503,0.11368894904363902
1024,472,1496,0.1137195007007636
1034,474,1508,0.11374105778517976
1025,484,1509,0.11373907122147439
1030,483,1513,0.11375975606359733
1030,477,1507,0.11376701906148937
1027,478,1505,0.11377370221864316
1020,479,1499,0.11378664336894367
1026,479,1505,0.11381481897949261
1023,483,1506,0.11382472752349812
1019,482,1501,0.11384062472117452
1007,489,1496,0.11386364298445904
1002,487,1489,0.11391158357476851
1013,484,1497,0.11396878757027822
1018,482,1500,0.11399569520315021
1008,478,1486,0.11401115347270892
1014,476,1490,0.11404686399254761
1012,474,1486,0.1140662015974185
1029,475,1504,0.11408738088326369
1023,476,1499,0.11406675064643271
1038,480,1518,0.11406189221488998
1033,480,1513,0.11402277112274994
1034,478,1512,0.1139988957261023
1027,464,1491,0.11397393822495339
1024,471,1495,0.11396763590856128
1024,467,1491,0.11396533302060892
1031,464,1495,0.11396333151801499
1028,469,1497,0.11394697037838072
1029,468,1497,0.1139401641649205
1032,472,1504,0.11393171452494467
1037,466,1503,0.11391568363805828
1042,462,1504,0.1138883585756735
1033,455,1488,0.11385097735352215
1031,457,1488,0.11383655992329096
1034,455,1489,0.11382887436555084
1044,459,1503,0.11381514427253307
1037,463,1500,0.1137797943229473
1031,460,1491,0.11376377016692421
1040,466,1506,0.11376555354146724
1033,464,1497,0.11374537775758459
1040,464,1504,0.11374340802681317
1039,469,1508,0.11372378841650976
1039,470,1509,0.11370857810525653
1035,467,1502,0.11369557741743208
1042,462,1504,0.11369198256079749
1037,459,1496,0.11367295280849646
1042,466,1508,0.11366491647867152
1046,463,1509,0.113647259467843
1039,460,1499,0.11362080606584814
1042,469,1511,0.11361385524634873
1042,464,1506,0.11359986511477096
1038,469,1507,0.11358819223554803
1034,477,1511,0.11358769220051722
1028,484,1512,0.11359733184481442
1020,480,1500,0.11361861270452628
1021,484,1505,0.11365693645233073
1029,476,1505,0.11368837045016601
1022,482,1504,0.11370084349643683
1018,494,1512,0.11372879279175489
1017,490,1507,0.11376292457668238
1023,487,1510,0.11379613901623184
1016,485,1501,0.11381282189804814
1021,482,1503,0.11384588498998735
1023,483,1506,0.11386444354970583
1023,490,1513,0.11387717232868487
1026,477,1503,0.11388963382745232
1028,474,1502,0.11389407591704258
1030,469,1499,0.11389323828293144
1034,470,1504,0.11388617556201776
1029,475,1504,0.11386959006032821
1029,476,1505,0.1138657252745518
1029,482,1511,0.11386172294236822
1024,482,1506,0.11385946085932398
1019,486,1505,0.11386899505116252
1031,484,1515,0.11388994275662767
1033,486,1519,0.1138815097261794
1031,483,1514,0.11386978852854841
1022,479,1501,0.11386327364268009
1030,474,1504,0.11387874663779245
1029,479,1508,0.11387474802140968
1037,478,1515,0.11387418036494555
1022,477,1499,0.1138556523957501
1011,484,1495,0.11387423165494774
1011,487,1498,0.11391770807453509
1011,478,1489,0.11395598983507316
1013,484,1497,0.11399118311026285
1020,487,1507,0.11401790680648319
1016,497,1513,0.11402803916094673
1009,494,1503,0.11404650866209788
1002,494,1496,0.11408050400960171
1003,492,1495,0.11412830993259279
1019,491,1510,0.11416995521100652
1016,493,1509,0.11417185314313655
1006,503,1509,0.11418190314223679
1011,504,1515,0.11421480269062695
1003,503,1506,0.11423370246020874
1012,503,1515,0.11426875171594812
1009,505,1514,0.11428004855332491
1014,498,1512,0.11429796671069337
1016,495,1511,0.11430175488902432
1018,501,1519,0.11430118409475927
1008,498,1506,0.11429648406651104
1010,501,1511,0.1143155412909912
1003,504,1507,0.11432856071473023
1006,506,1512,0.11435563365702794
989,500,1489,0.11437607518399878
991,508,1499,0.11443388273619143
995,506,1501,0.11448130759654937
996,508,1504,0.11451571275593579
994,507,1501,0.114545190039952
998,512,1510,0.11457663199227504
1003,505,1508,0.11459696357786182
994,512,1506,0.11460445306878438
996,507,1503,0.11463360616486623
992,513,1505,0.11465384115713158
986,508,1494,0.11468221116351945
991,505,1496,0.11472196582131829
993,508,1501,0.11474730599686567
983,512,1495,0.11476564007963085
978,511,1489,0.11480596645398115
972,507,1479,0.11485412934986466
973,501,1474,0.1149122091399121
969,510,1479,0.11496284243150245
967,509,1476,0.11501989006736826
973,516,1489,0.11507724862988768
975,512,1487,0.11511560600145629
967,500,1467,0.11514654552209173
969,509,1478,0.11519507596854492
987,511,1498,0.11523415866828994
986,519,1505,0.1152289416675486
980,516,1496,0.11522479755344162
976,514,1490,0.11523519799730682
974,512,1486,0.11525329986197694
980,504,1484,0.11527487770756409
983,504,1487,0.11528090893700955
997,508,1505,0.11527894015911543
998,514,1512,0.11524427283400421
984,514,1498,0.11521210539402127
981,513,1494,0.11521549539915153
986,516,1502,0.11522645812867623
984,517,1501,0.11522403879467301
979,514,1493,0.11522704296113737
973,510,1483,0.11524118211512059
967,515,1482,0.11526855308895329
970,514,1484,0.11530812902207581
973,515,1488,0.1153380406063281
981,515,1496,0.11536067045365854
969,517,1486,0.11536305959805641
966,513,1479,0.11539331571407961
968,519,1487,0.11542815400776359
969,528,1497,0.11545426840481295
971,528,1499,0.1154772824680049
951,532,1483,0.11549557736389872
952,541,1493,0.1155586251302653
957,542,1499,0.11561413441460039
960,540,1500,0.11565388162777362
962,539,1501,0.11568470745867508
960,537,1497,0.11570731273857461
949,531,1480,0.11573277931983476
948,533,1481,0.11578281731104852
949,535,1484,0.11583261565244626
934,540,1474,0.11587631918950049
946,539,1485,0.11595264146267674
949,541,1490,0.11599370784608075
949,547,1496,0.11602487802528824
947,545,1492,0.1160529905568009
942,557,1499,0.11608372558469499
953,551,1504,0.11612616429587908
940,546,1486,0.11613983693601948
944,555,1499,0.11618338974574315
951,558,1509,0.11621441589461246
953,564,1517,0.11622820599484573
942,560,1502,0.1162379323059391
946,565,1511,0.11627259143997999
941,569,1510,0.11629385632811222
950,566,1516,0.1163258579208458
944,565,1509,0.1163340631023404
949,557,1506,0.11635708693288689
958,561,1519,0.1163670505628747
953,567,1520,0.11635580787008991
957,565,1522,0.11635752001960632
939,568,1507,0.11634950894708039
934,563,1497,0.11638621987656056
928,562,1490,0.11643109306635874
933,571,1504,0.1164854528019933
932,563,1495,0.116525699852947
934,571,1505,0.11656587461167656
938,571,1509,0.11660015455392417
950,568,1518,0.11662205434376975
945,568,1513,0.11661433180186333
929,556,1485,0.11661739283235815
921,565,1486,0.11665711495079048
920,574,1494,0.11671256307672512
915,576,1491,0.11676696683604477
919,578,1497,0.11682913004909112
927,579,1506,0.11687743161358721
928,584,1512,0.11690304866562098
933,577,1510,0.11692487704695254
927,582,1509,0.11693232719821736
929,579,1508,0.11695423818778439
926,577,1503,0.11697081097442112
924,577,1501,0.116993344967769
915,575,1490,0.11701854344822785
920,570,1490,0.11706131167378754
923,567,1490,0.11708968237466517
933,562,1495,0.11710711322167838
927,558,1485,0.11710078542683279
920,567,1487,0.117108735075945
917,574,1491,0.11713207695652833
908,577,1485,0.11716188221254009
905,572,1477,0.11721159658115116
914,579,1493,0.11726353189477702
927,581,1508,0.11729097448456752
922,583,1505,0.11728696569017397
918,576,1494,0.11729388735147968
917,588,1505,0.1173091330907106
915,588,1503,0.11732455144689795
916,590,1506,0.1173458462232665
913,587,1500,0.11736261392292022
917,588,1505,0.11738395041502465
904,582,1486,0.11739424719048461
904,582,1486,0.11743546023871178
900,582,1482,0.11747417350564614
906,595,1501,0.1175185246619764
913,600,1513,0.11754591477148706
907,604,1511,0.11755422750033816
904,602,1506,0.11757798783052134
904,594,1498,0.11760618460507694
910,599,1509,0.11763200334828301
906,598,1504,0.1176435813908962
906,601,1507,0.11766349841740804
896,599,1495,0.11768123941029725
895,595,1490,0.11772231077123042
893,602,1495,0.11776608509002258
890,608,1498,0.11780946524917049
881,616,1497,0.11785734973463176
884,622,1506,0.11792412616603326
894,625,1519,0.1179784540282511
883,622,1505,0.11800581464645417
891,615,1506,0.11805809937446565
885,620,1505,0.11808647878310577
877,624,1501,0.11812794575683926
882,622,1504,0.11818538678623028
881,622,1503,0.1182276863906197
884,619,1503,0.11826967159846996
891,618,1509,0.11830183448213308
884,616,1500,0.11831428942910474
897,622,1519,0.11834220561369051
893,625,1518,0.11833645538878733
891,623,1514,0.11834113732077495
887,616,1503,0.11835044428737014
882,620,1502,0.11837011174579004
891,616,1507,0.1183991387877733
889,616,1505,0.11840432797702156
895,623,1518,0.11841254609822435
890,618,1508,0.11840670522914622
887,614,1501,0.1184142474916651
886,615,1501,0.11842784814510807
890,614,1504,0.11844096449770486
888,618,1506,0.11844386382322131
892,618,1510,0.11845154540960694
890,622,1512,0.1184483047433592
896,618,1514,0.11845147395455821
894,618,1512,0.11844052071633765
898,610,1508,0.11843592504378347
899,613,1512,0.1184220002583104
897,607,1504,0.11840782852620052
896,608,1504,0.11839822642446282
897,610,1507,0.11839259576931951
893,614,1507,0.11838374101150054
894,605,1499,0.11838502881740545
890,603,1493,0.11838213764304228
908,600,1508,0.11838960429029606
912,602,1514,0.11835463731408295
906,600,1506,0.11831389070133326
903,602,1505,0.11829052512638161
903,604,1507,0.118275045135127
912,608,1520,0.11826049523013235
907,610,1517,0.11822545636745904
905,608,1513,0.11820710815872813
901,607,1508,0.1181934588437506
901,599,1500,0.11818901970681303
899,602,1501,0.11818472041189315
905,608,1513,0.11818519877455826
901,611,1512,0.11817304230041699
893,606,1499,0.11817192528561854
901,611,1512,0.11818836642298214
895,610,1505,0.1181845937945868
905,609,1514,0.11819397659070308
903,614,1517,0.11817902608738862
895,616,1511,0.11817127285352075
893,608,1501,0.11818185951430767
894,611,1505,0.11819638868121381
887,610,1497,0.11820904974310566
884,607,1491,0.11823684972519227
894,603,1497,0.11826922653981839
895,605,1500,0.11827472733086156
898,608,1506,0.11827664787568395
903,615,1518,0.11827177953404355
898,613,1511,0.11825498862958554
901,621,1522,0.1182530417783286
905,619,1524,0.11824329100607234
907,614,1521,0.11822535265288554
911,603,1514,0.11820308636439218
901,609,1510,0.11817242453979496
886,617,1503,0.11816847809128789
885,612,1497,0.11820045614738904
890,608,1498,0.11823165326593353
889,614,1503,0.11824778505935743
882,608,1490,0.11826402616131088
871,611,1482,0.11829597908762617
881,608,1489,0.11835116410737814
880,611,1491,0.11837839437985824
892,603,1495,0.11840471914619773
886,610,1496,0.11840262588405008
878,620,1498,0.11841655337584851
876,620,1496,0.11844754106448345
893,625,1518,0.11848169397170402
899,618,1517,0.11847380225475333
896,630,1526,0.1184517186205645
897,625,1522,0.11843942473344865
894,621,1515,0.11842454376798152
892,611,1503,0.11841950787356162
898,619,1517,0.11842006083058493
894,614,1508,0.1184056139434801
894,614,1508,0.11840124626722937
892,610,1502,0.11839601746340893
895,612,1507,0.11839611156305581
900,604,1504,0.11838947261324519
891,608,1499,0.11837078605773624
887,611,1498,0.118375169981517
888,615,1503,0.11838862084772131
886,612,1498,0.1183977884803457
877,621,1498,0.11841185990555911
879,629,1508,0.11844675873646025
875,619,1494,0.11847450039507315
875,627,1502,0.1185101596492844
881,629,1510,0.11854504999046846
871,628,1499,0.11856217351036685
879,624,1503,0.11860171065364761
881,619,1500,0.11861900426482591
878,619,1497,0.1186311348740942
880,618,1498,0.11865022648726914
879,621,1500,0.11866389317161666
879,626,1505,0.11867762110978218
883,621,1504,0.11868991866908615
882,624,1506,0.11869115793837066
892,617,1509,0.11869494035402994
888,618,1506,0.1186746731700693
888,619,1507,0.11866528700500872
894,623,1517,0.11865789831252613
889,617,1506,0.11863696422379258
879,614,1493,0.11863033862210891
883,616,1499,0.11864774304079295
887,624,1511,0.11865400882546784
893,618,1511,0.1186517746420839
884,616,1500,0.1186373282955013
877,612,1489,0.11864498777815831
881,614,1495,0.11867022953276368
877,620,1497,0.11868730356371138
891,626,1517,0.11871262720906721
880,620,1500,0.11870125893464961
878,622,1500,0.11871709497470913
876,624,1500,0.1187381052666537
880,624,1504,0.1187621149569852
884,626,1510,0.11877654768021426
889,624,1513,0.11878068535880827
884,632,1516,0.11877387490358304
878,632,1510,0.11877928543475715
875,637,1512,0.1188002873901334
874,640,1514,0.11882542073682842
871,646,1517,0.1188529569880092
860,643,1503,0.11888539693985614
860,636,1496,0.11894105570001652
858,637,1495,0.11899332575861737
858,647,1505,0.11904685814845191
852,644,1496,0.1190956235921171
845,649,1494,0.11915403991711436
851,646,1497,0.1192254727415786
848,648,1496,0.11927820851371224
837,653,1490,0.1193350893717112
840,653,1493,0.11941319659087768
829,652,1481,0.11947875953173202
836,653,1489,0.11956589622338898
848,649,1497,0.1196290120666104
847,645,1492,0.11966016289629505
853,637,1490,0.11969150702870175
844,649,1493,0.11970709524418095
852,645,1497,0.11974189218528872
842,642,1484,0.11975631853376839
835,643,1478,0.11979182318470488
833,650,1483,0.11984053260578684
836,651,1487,0.1198887952389693
845,659,1504,0.11992623177050092
850,654,1504,0.11993877031083568
853,652,1505,0.11993816324672803
850,658,1508,0.1199309637354192
852,659,1511,0.11993135347082001
847,655,1502,0.1199265968215165
860,647,1507,0.11993353191619047
862,651,1513,0.11990856560532887
847,649,1496,0.11987956456128716
856,644,1500,0.11988843826016005
840,651,1491,0.11987620266041248
835,652,1487,0.11990104641350087
842,658,1500,0.11993712652406022
831,665,1496,0.1199541846978752
836,664,1500,0.11999677224785273
824,652,1476,0.12002626886427907
827,657,1484,0.12008076035985299
826,673,1499,0.12012405692718595
841,681,1522,0.12016841386553213
838,674,1512,0.1201750033713929
829,673,1502,0.12018758539245139
832,680,1512,0.12022013019914354
829,682,1511,0.1202441014339152
828,678,1506,0.12027425575176558
831,677,1508,0.12030583111842262
836,677,1513,0.12032756380064015
834,687,1521,0.12033673637790791
828,682,1510,0.12035146220043959
825,683,1508,0.12037910097361404
815,683,1498,0.12041239925130483
829,687,1516,0.12046784813352146
822,689,1511,0.12048656412939834
805,688,1493,0.12052131732267435
800,694,1494,0.12059557199969845
802,700,1502,0.12067558232107434
806,688,1494,0.12074470382231443
811,692,1503,0.1207989636915076
817,690,1507,0.12083663802692893
811,686,1497,0.12085768490942357
821,682,1503,0.12089170219299848
814,688,1502,0.12089966700826997
820,690,1510,0.12092524150012376
814,693,1507,0.12093454006761917
810,687,1497,0.12095811578498089
809,682,1491,0.12098926004063525
809,694,1503,0.12102107768454853
810,694,1504,0.12105235995187279
803,698,1501,0.12107761042835932
812,696,1508,0.12111800008185358
805,693,1498,0.1211329158109887
808,691,1499,0.1211633312234117
805,700,1505,0.12118378400385765
804,698,1502,0.12120759838696095
811,702,1513,0.1212341977379954
810,699,1509,0.12124202383389954
806,698,1504,0.12125095575816974
820,698,1518,0.1212669793622754
819,689,1508,0.121249071645363
813,683,1496,0.12123473702229288
811,692,1503,0.12123770554234616
814,686,1500,0.12124516456619693
813,698,1511,0.12124413672980051
811,689,1500,0.12124518407955613
813,698,1511,0.12125172633832865
816,689,1505,0.12125367811552691
809,695,1504,0.12124814757190107
802,701,1503,0.12126065891447009
811,691,1502,0.12128800394043936
802,699,1501,0.12129018542790798
793,686,1479,0.12131426993031173
791,690,1481,0.1213564443404179
800,694,1494,0.12140039930507474
798,693,1491,0.12141991732406815
797,696,1493,0.1214424180651482
805,697,1502,0.12146541503303937
816,696,1512,0.12146884516810934
817,705,1522,0.12144587471703186
803,701,1504,0.12142142885245547
802,696,1498,0.12143367297333807
798,696,1494,0.12144751022670772
808,689,1497,0.12146872474220423
813,689,1502,0.12146306775784939
813,686,1499,0.1214460296603208
813,682,1495,0.12142861341908351
813,680,1493,0.12141304224381677
811,691,1502,0.12139878548922382
798,688,1486,0.12139005519991924
801,694,1495,0.12141256145728839
802,700,1502,0.12142448960941951
803,691,1494,0.12143355400135315
810,690,1500,0.12143884870421695
809,694,1503,0.1214276773141532
815,700,1515,0.12141880661927747
820,698,1518,0.1213966713862267
821,692,1513,0.12136448600435777
808,680,1488,0.12133420361879332
807,679,1486,0.12133776384918395
802,677,1479,0.12134309361316657
811,681,1492,0.12135899722410588
805,677,1482,0.12135248632132634
812,677,1489,0.12136140953327444
795,683,1478,0.1213518477555829
790,683,1473,0.12138301182961495
795,687,1482,0.1214238940261247
800,690,1490,0.12145004285860189
809,685,1494,0.12146112117666882
802,685,1487,0.12144996334504857
807,695,1502,0.12145595210110142
806,701,1507,0.12145134674026221
804,696,1500,0.12145010279210883
798,693,1491,0.12145343308629432
793,691,1484,0.12147213276537908
791,694,1485,0.12150281397086797
801,701,1502,0.12153598919966672
803,697,1500,0.12154231650632599
793,696,1489,0.1215444159661675
794,695,1489,0.12157209656539165
797,708,1505,0.12159664179401114
800,700,1500,0.12161194214576186
802,697,1499,0.12161822022743321
794,704,1498,0.12162043765167257
784,708,1492,0.12164134528295653
784,717,1501,0.12168490161705435
786,709,1495,0.12172539965329218
791,715,1506,0.12175740025392784
779,717,1496,0.12177616044621371
777,720,1497,0.12182416574663567
773,719,1492,0.12187313529692424
779,719,1498,0.1219275673220811
782,721,1503,0.1219631996605067
784,713,1497,0.12198816179346245
788,715,1503,0.12200730188654227
791,714,1505,0.12201761846825074
781,719,1500,0.12202032173107319
782,719,1501,0.12204492953371929
773,731,1504,0.12206679597095813
777,733,1510,0.1221087201977114
767,734,1501,0.1221380202432489
775,729,1504,0.12219088093956237
778,729,1507,0.1222205976890816
773,727,1500,0.12223985332915831
772,732,1504,0.12227048694715917
762,732,1494,0.12229926284121642
769,737,1506,0.12235043797914376
773,738,1511,0.1223813731323532
771,739,1510,0.12240101163153735
774,736,1510,0.12242482892140227
774,735,1509,0.1224384127816971
768,740,1508,0.122451930280602
769,745,1514,0.12247792580632048
760,752,1512,0.12250101492612384
766,757,1523,0.12254395834493419
773,744,1517,0.1225685474959553
772,739,1511,0.12257613130579376
765,741,1506,0.12258486117600775
766,741,1507,0.12260983591614977
764,745,1509,0.12262999261151766
765,740,1505,0.12265368182657316
762,742,1504,0.12267232117697546
762,745,1507,0.1226980566512529
764,743,1507,0.12272193378606136
757,743,1500,0.12273947596650395
758,749,1507,0.12277437663101186
749,748,1497,0.12280429510304393
749,752,1501,0.12285473891602386
751,762,1513,0.1229022589477433
749,759,1508,0.12294176675950984
746,754,1500,0.12298121160009245
750,759,1509,0.123025523995383
750,767,1517,0.12305976858985264
749,760,1509,0.12309217879385077
743,765,1508,0.12312534155821776
738,760,1498,0.12317085729758766
739,773,1512,0.1232239859688735
732,772,1504,0.12327233422522109
729,769,1498,0.12333620742505451
733,767,1500,0.1234029609344114
733,769,1502,0.12345605109636862
739,764,1503,0.12350489130328882
743,765,1508,0.12353636500802584
742,771,1513,0.12355564044115191
743,772,1515,0.12357739037605697
746,777,1523,0.12359639880100716
733,771,1504,0.12360664563287135
728,775,1503,0.12364658181119652
724,778,1502,0.12369580538044295
721,789,1510,0.12375127129794526
721,780,1501,0.1238115792515564
730,778,1508,0.1238683104471965
728,780,1508,0.12390074289683359
730,787,1517,0.12393607751634012
718,785,1503,0.12396393851778921
713,782,1495,0.12401784266849651
710,787,1497,0.12407998280435102
704,783,1487,0.12414312841320317
712,788,1500,0.12421458395987804
719,774,1493,0.12426182439198938
722,767,1489,0.12428788025345357
723,775,1498,0.12430389794133864
729,778,1507,0.1243176514040778
738,781,1519,0.12431694101388954
733,775,1508,0.1242942434452593
727,778,1505,0.12428613738520193
735,771,1506,0.12429208941631774
735,775,1510,0.12427696142818116
726,775,1501,0.12426363812935777
732,786,1518,0.12427321460633578
727,780,1507,0.12426994973029365
728,784,1512,0.12427890648200382
729,786,1515,0.12428512181861016
723,788,1511,0.12428815802479595
713,791,1504,0.12430553756312701
718,789,1507,0.12434605512378528
710,788,1498,0.12437217333089659
705,788,1493,0.1244161580093478
700,795,1495,0.1244695634566188
702,790,1492,0.12453098323430818
705,796,1501,0.12458242009601664
706,789,1495,0.12462207012541508
703,785,1488,0.12465633389932648
696,796,1492,0.12469749719557907
701,791,1492,0.12475178813802355
694,781,1475,0.12478965807030985
700,797,1497,0.1248416414400447
697,793,1490,0.12487553489235508
686,804,1490,0.12491319391496418
694,809,1503,0.12497413809711605
695,807,1502,0.12501155185991994
693,813,1506,0.12504450617694796
695,818,1513,0.12508164240939867
693,811,1504,0.1251108897735237
696,817,1513,0.12514234942728408
694,811,1505,0.12516610634523456
690,813,1503,0.12519267012830793
690,817,1507,0.1252284221746546
698,815,1513,0.12526297463655894
695,807,1502,0.12527608438862536
699,812,1511,0.12529777517889168
700,808,1508,0.1253084184537206
697,806,1503,0.125316355441171
695,814,1509,0.12533098892816702
690,823,1513,0.12535095289007292
693,822,1515,0.12538175157152837
695,816,1511,0.12540158904448698
700,810,1510,0.125416007218178
695,811,1506,0.1254161512791547
690,810,1500,0.12542812711470788
684,816,1500,0.12545047643565424
688,810,1498,0.12548617933410555
682,822,1504,0.12550878776253738
680,829,1509,0.12554383380070822
679,822,1501,0.125580510705859
677,823,1500,0.12561722288989055
690,818,1508,0.125657817523819
687,814,1501,0.12566396378874786
683,817,1500,0.12567680794207287
686,811,1497,0.12569692482057795
692,812,1504,0.12570841849384806
706,815,1521,0.12570457614563288
706,821,1527,0.12566632736367456
708,810,1518,0.1256312991379288
695,811,1506,0.1255939952667591
696,816,1512,0.12559087162836377
699,826,1525,0.12558794770802917
703,816,1519,0.12557809359965408
702,815,1517,0.1255588434932863
698,821,1519,0.1255426639830682
697,814,1511,0.12553927210815824
686,820,1506,0.12553896337061088
685,825,1510,0.12556384347100683
686,823,1509,0.125590301101775
679,808,1487,0.12561274099537145
683,818,1501,0.1256507508270002
682,820,1502,0.1256766143624212
683,828,1511,0.12570510424277492
692,821,1513,0.12572895698299844
681,827,1508,0.12572902701330974
681,825,1506,0.12575629085045847
672,817,1489,0.1257818658254296
677,829,1506,0.1258283225767779
672,825,1497,0.12586191992686943
674,825,1499,0.1259050556909102
676,835,1511,0.1259404207656235
676,841,1517,0.1259673552060567
678,843,1521,0.12599256816642926
668,834,1502,0.1260109202798558
670,824,1494,0.12605306106303524
666,836,1502,0.12608707907476144
673,836,1509,0.1261292875178876
677,837,1514,0.1261514946426622
677,840,1517,0.1261619371410402
669,844,1513,0.12617204136889207
657,840,1497,0.12620095268172987
662,834,1496,0.12625697029583663
668,839,1507,0.12629636608111874
672,837,1509,0.1263189975264071
674,839,1513,0.12632990225941512
667,845,1512,0.12633452336692985
670,847,1517,0.12635613077568583
676,845,1521,0.12636922556035315
666,840,1506,0.12636706298364075
665,846,1511,0.12638803296782192
659,840,1499,0.12641073740586503
665,844,1509,0.1264474762688325
664,837,1501,0.12646673974256928
670,844,1514,0.12648639272138693
671,839,1510,0.1264901716730592
671,835,1506,0.1264919903046945
662,852,1514,0.1264946173719431
669,855,1524,0.12651830991728513
660,848,1508,0.12652261017978378
663,850,1513,0.1265501275556984
665,848,1513,0.12656831624740317
662,839,1501,0.1265820134893062
659,850,1509,0.12660332617991554
664,844,1508,0.1266318617910297
654,853,1507,0.12664576485554516
660,858,1518,0.12668414017930202
660,858,1518,0.12670398545933048
652,857,1509,0.12672350351238001
649,852,1501,0.12675948686863786
650,860,1510,0.12679964881876113
646,869,1515,0.12683453798414002
641,866,1507,0.1268761656253514
652,856,1508,0.1269273572507538
643,854,1497,0.12694846146774863
645,855,1500,0.12698830827607438
638,859,1497,0.12702078719584417
645,870,1515,0.12706875702596146
640,868,1508,0.12709825062509889
645,866,1511,0.1271360325238027
637,864,1501,0.12715778251753776
636,864,1500,0.12719787062657964
632,872,1504,0.12723914443808895
628,882,1510,0.1272879024688875
622,880,1502,0.12734330334395633
631,874,1505,0.1274082814134488
635,882,1517,0.12744663782474805
632,880,1512,0.1274726344159619
639,879,1518,0.1275051161590894
631,884,1515,0.12751892726529998
626,883,1509,0.12755055561178247
627,881,1508,0.12759188780044337
629,884,1513,0.12762824426713698
627,899,1526,0.12765886671774662
631,888,1519,0.1276924335517114
620,889,1509,0.12771429727616307
637,889,1526,0.12776069894937486
637,882,1519,0.127761889378271
627,879,1506,0.12776217174902288
637,871,1508,0.12778736340895375
641,881,1522,0.12778526415643288
641,874,1515,0.12777398296480488
637,865,1502,0.12776440667598465
635,865,1500,0.1277648532634594
639,874,1513,0.12777100873297673
635,881,1516,0.12776587584638965
634,892,1526,0.1277710777429691
633,883,1516,0.12777740268088714
635,885,1520,0.1277862767828209
625,876,1501,0.12778978821876785
635,874,1509,0.12781762201920224
635,876,1511,0.1278178971447557
632,871,1503,0.12781635854686527
643,868,1511,0.12782196414845243
636,869,1505,0.12780077814041682
629,879,1508,0.12779950476860535
637,880,1517,0.1278188275650103
635,874,1509,0.12781606020446085
629,877,1506,0.12781846780352552
629,878,1507,0.12783420621189986
634,865,1499,0.12784925983690681
631,870,1501,0.12785093821854582
636,865,1501,0.12785974738037853
635,871,1506,0.12785509062712358
636,872,1508,0.12785437107153197
625,867,1492,0.12785051318666288
627,874,1501,0.12787335513366987
630,893,1523,0.127888657178398
630,894,1524,0.12789578659870576
640,893,1533,0.1279023340292013
638,875,1513,0.12788559856149878
632,880,1512,0.12787460193100755
629,881,1510,0.12787946204326361
641,878,1519,0.12788913221933038
638,873,1511,0.1278690543310437
637,866,1503,0.12785794218399318
632,873,1505,0.12785156369034756
631,883,1514,0.12785627904348876
625,878,1503,0.1278621135482906
631,887,1518,0.12788274785030204
638,895,1533,0.12788600132218778
636,893,1529,0.12787308955685017
630,884,1514,0.12786641756595266
633,873,1506,0.12787536183906034
623,881,1504,0.12787617284005567
631,882,1513,0.12789981408726805
625,875,1500,0.1279003536236026
633,886,1519,0.127914837129868
632,880,1512,0.12790970830733234
629,884,1513,0.1279087200581317
622,875,1497,0.12791616905186046
617,887,1504,0.1279398321829628
625,884,1509,0.12797413530876317
616,885,1501,0.12798679094300744
617,883,1500,0.12802096306707864
620,886,1506,0.12805085185824713
622,887,1509,0.12807103020919341
622,894,1516,0.12808487284090303
633,902,1535,0.12809828280985283
629,899,1528,0.1280837019456948
637,887,1524,0.12808070339029043
631,887,1518,0.12805670200685149
629,884,1513,0.12804881616194697
627,888,1515,0.1280469168016653
625,887,1512,0.1280500896740576
624,899,1523,0.12805862791972605
621,899,1520,0.1280678525079141
623,902,1525,0.128084635066075
621,893,1514,0.12809727991648687
624,888,1512,0.12811524903683721
622,888,1510,0.1281231518665538
629,895,1524,0.1281360594792308
629,903,1532,0.12813100256813828
621,911,1532,0.1281265524894816
618,906,1524,0.12814236754008473
616,902,1518,0.12816566430830253
621,902,1523,0.1281930300632751
611,895,1506,0.12820515475435876
604,905,1509,0.12824108468155693
610,911,1521,0.12829180279561003
607,916,1523,0.12832366607616544
601,924,1525,0.12836071552481762
600,918,1518,0.12841058565676938
598,911,1509,0.12845890646891595
605,903,1508,0.12850778044744893
602,901,1503,0.12853570496056024
604,895,1499,0.1285705175415305
601,905,1506,0.12859698722835947
602,904,1506,0.12862912566883541
605,903,1508,0.12865593556689656
605,896,1501,0.12867308861470395
602,890,1492,0.12868811299461946
604,883,1487,0.12870967674338035
610,904,1514,0.12872255042510042
605,905,1510,0.1287188890224053
614,907,1521,0.12872752111203598
616,900,1516,0.1287129299285407
614,888,1502,0.12869606337009334
609,889,1498,0.12868635264076672
606,898,1504,0.12869231213812932
609,906,1515,0.12870415233120172
613,904,1517,0.12870599662478485
617,900,1517,0.1286972060177314
623,896,1519,0.1286795442530801
625,901,1526,0.12864881942886444
617,890,1507,0.12861566769645297
618,889,1507,0.12860384468811187
611,896,1507,0.12859088112157355
608,889,1497,0.12859635294141064
611,886,1497,0.12860687966890633
615,893,1508,0.12860957983803087
610,903,1513,0.12860109621814608
601,909,1510,0.12860625220011102
603,910,1513,0.1286337535563561
603,907,1510,0.12865365753359062
597,920,1517,0.1286728079786975
591,918,1509,0.12870464758620706
589,919,1508,0.12874880123176363
586,915,1501,0.12879620530470878
593,921,1514,0.12884912563676296
591,921,1512,0.12888057330083622
587,911,1498,0.12891565828624224
589,920,1509,0.1289591159255318
587,918,1505,0.12899367622102592
589,922,1511,0.12903131664043543
595,914,1509,0.12906221192462813
598,905,1503,0.12907674722634335
604,913,1517,0.12908258821316054
596,912,1508,0.12907534532196469
597,913,1510,0.12908820329455
597,916,1513,0.12909858121758883
594,919,1513,0.12910875843793473
592,920,1512,0.12912598565833297
596,916,1512,0.1291478768196795
596,924,1520,0.12915912477536692
600,927,1527,0.129168831775904
600,925,1525,0.12916643851239898
593,928,1521,0.12916406498196717
588,923,1511,0.12917985882937064
593,914,1507,0.12920577637447297
598,921,1519,0.12921677321468408
598,916,1514,0.12921459693275528
603,912,1515,0.12921332659837956
601,907,1508,0.12920155383243487
593,908,1501,0.12919476244179645
591,917,1508,0.12920985265015505
588,921,1509,0.12922896637338627
587,913,1500,0.12925351583678876
578,914,1492,0.12927841394832182
586,929,1515,0.12932280481512134
582,933,1515,0.12934480713618174
585,919,1504,0.12937580687495517
591,920,1511,0.12939842106282207
584,908,1492,0.12940409478165743
582,919,1501,0.12942819611641007
576,923,1499,0.1294552070807683
578,932,1510,0.1294946572884578
573,931,1504,0.12952620607689005
572,921,1493,0.12956562826000062
583,920,1503,0.1296050812875621
584,926,1510,0.12961611053387687
587,926,1513,0.12962335801446356
586,930,1516,0.12962137524529585
588,925,1513,0.12962398402966183
591,932,1523,0.1296221012233999
587,925,1512,0.1296129065464185
580,934,1514,0.12961518486712456
572,929,1501,0.12963434809360005
573,928,1501,0.1296733219102802
573,924,1497,0.12970682050936191
580,921,1501,0.1297388173781653
583,933,1516,0.1297513140501506
581,946,1527,0.1297572811537046
580,950,1530,0.12976822273636215
570,957,1527,0.1297820452726174
570,955,1525,0.12981961605167217
572,943,1515,0.12985411193340646
570,943,1513,0.12988168039982312
569,945,1514,0.12991110557557775
567,949,1516,0.12994173223879776
569,937,1506,0.12997391434724712
573,933,1506,0.1300001617346748
575,939,1514,0.13001409516586362
564,942,1506,0.1300229048530124
570,944,1514,0.13005673409919502
565,947,1512,0.13007410780105283
567,948,1515,0.1301035218290406
567,947,1514,0.13012632887022368
561,945,1506,0.130147889780424
561,945,1506,0.13018341760972502
553,954,1507,0.13021822937531863
549,962,1511,0.1302702864982119
545,954,1499,0.1303279082331454
552,960,1512,0.13039351256127907
552,955,1507,0.13043706588259077
551,949,1500,0.13047805038533875
554,952,1506,0.13051760752475494
560,946,1506,0.13054629787191493
559,939,1498,0.13055784997767944
556,951,1507,0.13057058598828797
555,963,1518,0.1305900306492699
545,951,1496,0.13061045963341397
547,955,1502,0.13065423739078166
548,951,1499,0.13069116725174065
547,965,1512,0.1307221552932987
546,973,1519,0.13075393201122362
550,967,1517,0.13078597414730617
544,977,1521,0.13080632208739779
542,977,1519,0.1308406493662053
547,964,1511,0.1308766138569238
538,962,1500,0.1309008221720859
545,964,1509,0.13094436856887157
538,963,1501,0.13096640280406183
535,970,1505,0.1310036506454518
531,990,1521,0.13104629057874265
541,986,1527,0.13109495535238663
542,984,1526,0.13111649770860265
545,976,1521,0.13113354851598136
547,979,1526,0.13114260588550178
535,970,1505,0.13114727856428768
536,975,1511,0.13118111451854872
536,971,1507,0.13121023652656252
525,976,1501,0.13123808832100678
526,981,1507,0.13129209122756166
527,982,1509,0.13133907035518105
525,980,1505,0.13137948562580046
526,978,1504,0.13142309085510206
515,983,1498,0.1314594741029809
522,978,1500,0.13152121241265755
529,981,1510,0.13156145580507805
529,985,1514,0.13158104986196906
529,973,1502,0.13159901043463035
526,967,1493,0.13161719406493969
527,972,1499,0.13164108772638372
528,970,1498,0.13166106765210564
531,980,1511,0.13167540508193848
534,971,1505,0.13168206484303435
535,982,1517,0.13168112206854005
526,979,1505,0.13167681662323763
529,984,1513,0.13169406816200063
530,978,1508,0.13170297782656218
527,987,1514,0.13170823327089742
531,985,1516,0.1317209402106017
529,989,1518,0.1317233977740405
525,991,1516,0.13173148272255392
536,984,1520,0.13174919750254077
520,981,1501,0.13173809419604887
524,989,1513,0.1317680015215914
522,992,1514,0.13178516938243337
518,998,1516,0.1318057796614085
518,989,1507,0.13183557005315513
518,984,1502,0.1318641790936404
518,991,1509,0.13189045097603283
516,995,1511,0.13191453326484406
515,986,1501,0.1319438476144812
516,997,1513,0.1319746671165777
517,989,1506,0.13200098180991465
522,996,1518,0.13202422929195254
522,1000,1522,0.13203341126053292
520,998,1518,0.1320446498560753
511,979,1490,0.13205922912879287
503,996,1499,0.13209601099354468
508,988,1496,0.13215063759527987
512,988,1500,0.1321891508636368
508,999,1507,0.1322145180059564
504,998,1502,0.1322485707778366
494,997,1491,0.1322897137450999
488,992,1480,0.13235181131901042
493,1006,1499,0.1324243295495119
497,1010,1507,0.13247846683915374
500,1013,1513,0.1325194738832443
504,1012,1516,0.13255071814520253
504,1017,1521,0.13256995853688205
501,1021,1522,0.13258692482697373
497,1010,1507,0.13260998698640808
491,1014,1505,0.13264301190005992
498,1004,1502,0.1326894574246725
504,1013,1517,0.13271517297868637
502,1009,1511,0.1327235873411488
496,1011,1507,0.13273643080108966
490,1005,1495,0.1327641060444625
492,1015,1507,0.13280615028762713
492,1023,1515,0.1328393186610926
494,1022,1516,0.13286943253231745
499,1023,1522,0.1328924656054922
496,1023,1519,0.13290211347331785
495,1012,1507,0.13291923448567172
491,1026,1517,0.13293772995648717
494,1024,1518,0.13296409224499559
493,1016,1509,0.132980879826997
492,1019,1511,0.13299832948971793
493,1030,1523,0.13301934506481405
484,1030,1514,0.13303606042350505
491,1028,1519,0.13307493624795805
498,1030,1528,0.133094540450982
496,1026,1522,0.13309590536752067
489,1026,1515,0.13310263902710726
479,1032,1511,0.13312788666286438
469,1035,1504,0.1331761378683732
476,1032,1508,0.13324492923800102
479,1032,1511,0.13329163534446317
474,1043,1517,0.13332851117125144
468,1039,1507,0.13337547346645212
472,1039,1511,0.13343306940166078
472,1041,1513,0.1334751299235542
474,1026,1500,0.1335127768933061
487,1029,1516,0.13354374224501556
485,1041,1526,0.1335388119485534
485,1038,1523,0.13353984122740403
483,1034,1517,0.13354356063127854
483,1041,1524,0.13355356559021814
476,1038,1514,0.13356339718368995
469,1031,1500,0.13359056620757906
468,1032,1500,0.13363375202416403
467,1026,1493,0.13367686676439983
471,1027,1498,0.13372008266026408
466,1028,1494,0.13374941504922477
468,1040,1508,0.1337906953058668
475,1044,1519,0.13382439960912534
471,1036,1507,0.1338375621959216
471,1049,1520,0.13386058356153518
468,1037,1505,0.1338822597051809
479,1033,1512,0.13391051891615444
482,1021,1503,0.13390871953727287
480,1027,1507,0.13390022685257943
473,1019,1492,0.1338984174637044
468,1035,1503,0.13391462968455212
471,1044,1515,0.1339421161143532
471,1046,1517,0.13396250768259318
469,1052,1521,0.1339795132663009
467,1048,1515,0.13400003945071035
463,1045,1508,0.1340254741694688
467,1056,1523,0.134058530524257
474,1049,1523,0.13407930748952995
467,1049,1516,0.13408071633433397
467,1030,1497,0.13410052222797225
462,1037,1499,0.13411805075322383
466,1038,1504,0.13414708308256132
465,1038,1503,0.13416212852579978
468,1033,1501,0.13417913712690133
461,1045,1506,0.13418767702305104
463,1049,1512,0.13421405321588933
464,1053,1517,0.1342334756738409
465,1056,1521,0.1342485106642903
465,1054,1519,0.13425924864063912
464,1052,1516,0.1342688389816761
465,1041,1506,0.13428057584990036
459,1044,1503,0.13428880684188946
457,1042,1499,0.13431125421397838
451,1023,1474,0.1343361293773788
455,1031,1486,0.13437479386420997
454,1045,1499,0.1344001491472811
457,1056,1513,0.13442500256229362
457,1053,1510,0.13444129733770377
457,1056,1513,0.13445702553782954
464,1038,1502,0.13447090863095584
454,1056,1510,0.13446643226996813
456,1060,1516,0.13448734650199082
451,1043,1494,0.13450273431220278
459,1042,1501,0.13452974320789976
468,1049,1517,0.13453448610226718
460,1046,1506,0.13451476384764924
455,1050,1505,0.13451593074109908
455,1050,1505,0.13452998426892274
451,1047,1498,0.13454307717453823
457,1050,1507,0.1345665848817849
458,1056,1514,0.13457421774332373
455,1055,1510,0.13457885435569825
462,1054,1516,0.13459105982087002
469,1056,1525,0.13458486777213952
468,1061,1529,0.13456177568040303
465,1065,1530,0.13454307589153913
466,1054,1520,0.13453503314983542
469,1056,1525,0.13452591588650517
464,1057,1521,0.13450787518961538
456,1064,1520,0.1345039786694274
449,1057,1506,0.1345201057470864
464,1068,1532,0.13455130327554643
466,1052,1518,0.13454149864050158
473,1049,1522,0.13452765770999378
466,1054,1520,0.13449819929922546
458,1055,1513,0.13448855645231492
459,1053,1512,0.13449957874126311
459,1049,1508,0.13450601357297975
456,1054,1510,0.13451229111394636
460,1046,1506,0.13452603107762384
458,1044,1502,0.13452696047984222
465,1036,1501,0.13453327107707624
469,1043,1512,0.13452043756303364
455,1042,1497,0.1345006060309729
452,1054,1506,0.13451823547337788
458,1057,1515,0.13454168618406429
454,1060,1514,0.13454927954040233
453,1057,1510,0.13456497500357384
451,1052,1503,0.13458172486438968
455,1048,1503,0.134603231215712
445,1057,1502,0.13461322739589282
441,1054,1495,0.1346481451513341
447,1063,1510,0.1346900906601588
453,1053,1506,0.13471384429940605
458,1045,1503,0.13472143268507386
450,1043,1493,0.13471625763642808
460,1048,1508,0.13473048119858547
465,1043,1508,0.13471813029970617
456,1043,1499,0.13469421670929285
467,1049,1516,0.13469611495375278
467,1052,1519,0.1346703003584096
464,1054,1518,0.13464626379803665
460,1041,1501,0.13463066588494196
468,1050,1518,0.13462546960111654
467,1054,1521,0.1346010356433491
459,1040,1499,0.13458174227662256
459,1039,1498,0.13458410065438245
454,1042,1496,0.13458729181070817
452,1052,1504,0.13460358873627748
451,1053,1504,0.13462238416771743
453,1055,1508,0.13464306809573565
454,1056,1510,0.13465719786213876
455,1054,1509,0.1346678760360582
454,1053,1507,0.1346765642195282
453,1056,1509,0.13468813294718243
457,1052,1509,0.13470117247810584
451,1048,1499,0.13470272428971455
440,1053,1493,0.13471973308283025
443,1054,1497,0.1347647872286111
438,1056,1494,0.13480013974951507
437,1058,1495,0.134846812913841
433,1061,1494,0.1348932161681692
435,1059,1494,0.1349456224064663
434,1068,1502,0.13498849256019085
432,1071,1503,0.13503056066496216
428,1083,1511,0.13507509592359473
430,1078,1508,0.13512659226967835
434,1069,1503,0.1351687316395622
437,1073,1510,0.1351983692692299
439,1079,1518,0.1352191151806345
431,1072,1503,0.1352336571999243
438,1076,1514,0.1352662598313736
437,1079,1516,0.13527905188872413
434,1083,1517,0.13529267713612325
434,1077,1511,0.13531382950668785
440,1063,1503,0.13533394901652915
433,1070,1503,0.1353380335996548
424,1081,1505,0.13536057710690497
430,1083,1513,0.13540445315447663
433,1086,1519,0.13542943934679322
435,1092,1527,0.13544571552342397
433,1088,1521,0.13545552776628006
427,1078,1505,0.1354695043306528
427,1082,1509,0.1354973081137943
431,1076,1507,0.1355231022498405
429,1082,1511,0.1355376113379438
429,1075,1504,0.13555602152827842
428,1087,1515,0.13557380433406266
431,1088,1519,0.13559190600962154
428,1089,1517,0.1355993100275458
431,1098,1529,0.13561274255580882
424,1107,1531,0.13561919174559112
429,1101,1530,0.13564272014228954
424,1090,1514,0.13565158632318833
422,1097,1519,0.13567246343557884
424,1090,1514,0.13569704058473195
419,1088,1507,0.13571424051926545
423,1083,1506,0.135742278717815
416,1090,1506,0.1357587709923857
418,1089,1507,0.13579256941415715
420,1088,1508,0.1358191964484813
428,1096,1524,0.1358385980057065
429,1094,1523,0.13583694479998723
419,1093,1512,0.13583219857687973
418,1087,1505,0.1358525963009663
412,1076,1488,0.13587519670339257
410,1074,1484,0.1359122106798604
413,1084,1497,0.13595087799793407
417,1083,1500,0.13597811500879384
428,1099,1527,0.13599310733583928
427,1089,1516,0.13598020980442357
428,1093,1521,0.13597187188011706
429,1088,1517,0.1359619438558226
424,1092,1516,0.1359504226188771
424,1094,1518,0.1359527030696381
425,1104,1529,0.13595577960440586
423,1104,1527,0.1359573461054303
419,1110,1529,0.13596299853070395
416,1110,1526,0.13597986864154435
417,1111,1528,0.13600193008418857
413,1106,1519,0.1360204875932444
420,1112,1532,0.13604765457060394
419,1107,1526,0.13605500597928621
419,1097,1516,0.1360650933735102
423,1103,1526,0.1360758960635979
417,1098,1515,0.13607566055971382
411,1092,1503,0.13609072573312936
408,1099,1507,0.13612112533880555
407,1103,1510,0.13615612975470698
405,1103,1508,0.1361914301843121
408,1104,1512,0.136229434451749
406,1105,1511,0.13625735630692362
398,1096,1494,0.1362897184328829
394,1103,1497,0.1363392960210117
402,1118,1520,0.13639598157675498
403,1116,1519,0.13642818787310443
400,1118,1518,0.13645763989491544
402,1126,1528,0.1364925303516085
402,1114,1516,0.136518983396303
394,1127,1521,0.13654226240215528
403,1123,1526,0.13658535103989744
399,1117,1516,0.13660170973499666
393,1115,1508,0.1366279489108248
390,1113,1503,0.13666859932771708
395,1122,1517,0.1367132588158487
394,1113,1507,0.13674290182316295
395,1108,1503,0.13677344028046448
392,1112,1504,0.13679825910452512
392,1117,1509,0.13682875306022158
392,1110,1502,0.13685828661678337
402,1108,1510,0.1368850072757188
406,1111,1517,0.1368839895445305
400,1109,1509,0.13687369829969412
403,1105,1508,0.13687914564654044
402,1108,1510,0.13687613299502333
409,1107,1516,0.13687480662563606
401,1114,1515,0.13685647252652178
403,1113,1516,0.13686016948384347
411,1125,1536,0.13685917242284418
409,1116,1525,0.1368385684883755
401,1115,1516,0.13682477535817394
406,1112,1518,0.13683269150300106
406,1108,1514,0.13682764338679348
402,1110,1512,0.136823099002899
406,1117,1523,0.13682869897894243
408,1111,1519,0.13682337779584924
404,1101,1505,0.1368126898246752
406,1111,1517,0.13681329835281653
402,1113,1515,0.13680835189203255
401,1119,1520,0.13681416630724563
404,1118,1522,0.13682261460522438
393,1106,1499,0.13682270169701613
398,1107,1505,0.13685112322973708
401,1102,1503,0.1368651903859215
405,1118,1523,0.1368712089894173
404,1122,1526,0.13686725628757906
398,1117,1515,0.13686489789851952
389,1108,1497,0.13687786514791958
398,1122,1520,0.13691231545815208
398,1119,1517,0.13692189991356388
396,1122,1518,0.13693134163655718
393,1109,1502,0.13694552886582073
391,1117,1508,0.13696673937747036
393,1126,1519,0.13699109967923154
396,1127,1523,0.13700897384095143
393,1114,1507,0.13701754632048993
394,1120,1514,0.13703308991008278
392,1129,1521,0.13704614567491072
393,1124,1517,0.137064459450333
389,1120,1509,0.13707874032994444
396,1122,1518,0.13710089620913027
392,1127,1519,0.13710353490692084
386,1131,1517,0.137116107180881
391,1130,1521,0.13714164116803035
391,1130,1521,0.13715241606868311
390,1124,1514,0.1371636893967471
389,1122,1511,0.13717586672271087
390,1131,1521,0.1371900935260467
386,1124,1510,0.13720009497443567
388,1122,1510,0.1372188348126368
385,1108,1493,0.13723041248682002
385,1122,1507,0.13724858658619066
378,1134,1512,0.13726599112687768
379,1124,1503,0.13730055193359256
384,1117,1501,0.13733020645924868
387,1121,1508,0.13734443536936794
392,1119,1511,0.13734919296071202
393,1119,1512,0.1373411604209053
387,1120,1507,0.13733019595551996
388,1119,1507,0.13733518427523247
392,1120,1512,0.13733673517831393
398,1123,1521,0.1373293600901416
392,1130,1522,0.13730743818818397
384,1123,1507,0.13730334931647506
381,1125,1506,0.1373210230358944
386,1116,1502,0.13734391626527576
390,1124,1514,0.1373526099896477
386,1124,1510,0.13735126094883385
384,1136,1520,0.1373604549267566
383,1139,1522,0.13737407540948637
386,1139,1525,0.13738976929454114
380,1134,1514,0.13739755714405896
372,1149,1521,0.13742161213268037
380,1142,1522,0.13746407483757517
381,1141,1522,0.13748287351881514
380,1132,1512,0.13749755069066996
379,1127,1506,0.13751393222112682
381,1127,1508,0.13753083273959432
382,1127,1509,0.13754081702336132
380,1121,1501,0.13754791992864207
374,1121,1495,0.13755985572834045
378,1133,1511,0.13758757041802164
377,1134,1511,0.13760247309424056
375,1149,1524,0.1376197140411202
372,1141,1513,0.13764003846458508
369,1132,1501,0.13766743326757333
371,1146,1517,0.1377000691416564
364,1146,1510,0.13772465787510377
369,1147,1516,0.1377654097651718
367,1143,1510,0.13779140909843368
371,1145,1516,0.13782069959402185
371,1145,1516,0.1378381572952998
371,1151,1522,0.13785662742994606
367,1151,1518,0.13787327293193072
367,1151,1518,0.13789814462133218
370,1147,1517,0.13792040159532043
362,1153,1515,0.13793557316131172
360,1153,1513,0.13797058909410845
363,1160,1523,0.13800882824552158
360,1167,1527,0.13803630852958482
359,1172,1531,0.13806997157831552
359,1149,1508,0.1381054310671346
366,1152,1518,0.13813834434311897
360,1150,1510,0.13815183661476305
361,1154,1515,0.13818040455872352
351,1145,1496,0.13820431249586485
360,1144,1504,0.13825134608540104
361,1133,1494,0.13827261061108573
360,1144,1504,0.1382911160485681
354,1148,1502,0.13831007569578233
349,1157,1506,0.13834324317108884
347,1156,1503,0.13838779683312827
346,1157,1503,0.13843533872901928
343,1157,1500,0.13848322332704294
344,1156,1500,0.1385339264461416
352,1145,1497,0.13857725691298747
355,1147,1502,0.13859681669964174
355,1149,1504,0.13860822665277117
361,1156,1517,0.1386184560676636
358,1158,1516,0.13861217835890613
359,1144,1503,0.13861426180507927
359,1141,1500,0.13861317165615308
354,1152,1506,0.13861209287858428
360,1158,1518,0.13862399630565775
360,1155,1515,0.13861987043652985
360,1165,1525,0.1386158172816011
355,1161,1516,0.1386122428192594
355,1157,1512,0.13862046315753251
346,1166,1512,0.13862842670600906
347,1162,1509,0.1386588807295933
351,1164,1515,0.13868415181096014
351,1164,1515,0.1386962242334354
355,1157,1512,0.13870747983890502
352,1162,1514,0.13870804734641126
350,1167,1517,0.13871690087979696
352,1161,1513,0.1387301766676173
353,1162,1515,0.13873741221769462
355,1146,1501,0.1387415818510721
362,1150,1512,0.13874009612075727
356,1168,1524,0.1387208805787767
351,1160,1511,0.1387195912582631
353,1165,1518,0.13873140718206858
346,1165,1511,0.13873680453984172
350,1156,1506,0.138758925911348
356,1144,1500,0.13876877198028087
353,1157,1510,0.13876192693200484
354,1167,1521,0.13876286705032986
354,1141,1495,0.1387614334192689
353,1152,1505,0.13876093431458003
353,1150,1503,0.1387628208232732
349,1155,1504,0.1387633465202972
347,1167,1514,0.13877300405532011
346,1170,1516,0.1387877116211605
343,1160,1503,0.13880368734856222
345,1169,1514,0.13882678884521027
351,1169,1520,0.1388432608451417
351,1177,1528,0.1388438466964525
343,1165,1508,0.13884389515402903
340,1164,1504,0.13886338151579897
337,1169,1506,0.13889119336531192
334,1148,1482,0.13892449630235096
331,1138,1469,0.13896281001709088
340,1149,1489,0.1390057653639344
341,1163,1504,0.1390227758738145
340,1176,1516,0.13903610963330157
341,1175,1516,0.13905242352793432
343,1167,1510,0.1390647134245894
341,1157,1498,0.13907069886520074
345,1153,1498,0.13908117738332848
346,1152,1498,0.13908048073806234
347,1164,1511,0.13907736663785258
351,1172,1523,0.13907093798910167
345,1186,1531,0.13905504477789526
347,1180,1527,0.1390561471064412
335,1183,1518,0.13905304523059273
334,1185,1519,0.13908040540175282
338,1188,1526,0.13910910839254184
335,1185,1520,0.13912656221116426
343,1181,1524,0.13915080070918492
341,1189,1530,0.13915212956729683
335,1177,1512,0.1391591605078309
332,1183,1515,0.13918070854462442
335,1175,1510,0.13920802176782254
339,1173,1512,0.13922580651874808
337,1178,1515,0.13923177748634039
333,1177,1510,0.1392420248313362
334,1183,1517,0.13926198633428044
331,1169,1500,0.1392782926706575
334,1169,1503,0.13930143519102986
334,1174,1508,0.13931494899079866
335,1176,1511,0.13932841002583807
329,1190,1519,0.1393387598159345
331,1196,1527,0.13936361088671842
338,1194,1532,0.13938189305058463
340,1186,1526,0.1393805339858387
334,1191,1525,0.13937469170057984
330,1197,1527,0.13938575449278245
328,1195,1523,0.13940684575361387
333,1179,1512,0.13943159601562416
335,1182,1517,0.1394418945827885
333,1178,1511,0.13944572100323988
333,1178,1511,0.13945507373638302
325,1181,1506,0.13946231627030325
326,1192,1518,0.13949143779607417
323,1186,1509,0.1395163814964733
326,1191,1517,0.13954730311598582
326,1182,1508,0.13956649166859714
329,1179,1508,0.13958435415327197
326,1175,1501,0.13959407036577084
322,1170,1492,0.13961074756468345
321,1189,1510,0.1396362907205892
322,1195,1517,0.13966401567031064
321,1191,1512,0.13968588677220017
323,1202,1525,0.13971003219399897
329,1205,1534,0.1397261904418093
332,1190,1522,0.13972576390749533
328,1199,1527,0.13971682397781876
329,1186,1515,0.1397184139913401
321,1200,1521,0.13971725552919062
326,1198,1524,0.13973808680167074
323,1187,1510,0.13974273883298338
326,1189,1515,0.1397550731958859
326,1197,1523,0.13975775232743068
329,1181,1510,0.13976136542317355
334,1191,1525,0.13975738241868949
330,1203,1533,0.139741566733215
325,1206,1531,0.13973745432260493
318,1201,1519,0.13974810978786326
318,1203,1521,0.13977526924603736
319,1198,1517,0.13980091619371357
321,1203,1524,0.13982182451922542
324,1208,1532,0.13983566996517058
319,1204,1523,0.1398412495724641
318,1212,1530,0.13985855493719707
313,1219,1532,0.13987644260842189
312,1205,1517,0.13990582281546035
311,1190,1501,0.13993652498144765
315,1196,1511,0.13996778250657876
312,1209,1521,0.13998629091615306
315,1207,1522,0.14001191715227854
309,1213,1522,0.14002849375275578
309,1217,1526,0.14005925219462667
306,1210,1516,0.14008770609031193
305,1210,1515,0.140122169501139
306,1211,1517,0.1401575174181989
307,1208,1515,0.14018809508760433
308,1203,1511,0.14021480895871632
306,1210,1516,0.1402370848094445
304,1211,1515,0.14026324187424458
304,1205,1509,0.14029233360778406
304,1215,1519,0.14031975897171964
300,1222,1522,0.14034560929041415
297,1213,1510,0.14038061372540425
296,1215,1511,0.1404220712838117
297,1207,1504,0.14046335811255184
300,1201,1501,0.14049874130661458
303,1198,1501,0.14052369992480662
299,1207,1506,0.14053935969237272
293,1216,1509,0.14056477851995383
292,1221,1513,0.140604631103078
293,1218,1511,0.14064457213242976
290,1214,1504,0.1406789629927795
291,1221,1512,0.14071877061939167
288,1216,1504,0.1407535477443207
292,1211,1503,0.14079513115293435
280,1215,1495,0.14082224029723134
289,1217,1506,0.14087905629962438
288,1222,1510,0.140908214485809
288,1229,1517,0.14093896050068483
288,1234,1522,0.1409675105481518
286,1219,1505,0.14099380324453809
279,1226,1505,0.1410234852144495
283,1238,1521,0.1410693755711937
279,1220,1499,0.1411010265027339
283,1215,1498,0.14114164437402776
284,1225,1509,0.14116896736876577
276,1241,1517,0.1411915515882822
274,1235,1509,0.1412346717871196
270,1236,1506,0.1412794479318756
274,1232,1506,0.14133195083375355
275,1228,1503,0.14136941967691266
279,1230,1509,0.14140162410309057
283,1232,1515,0.14142123135538484
279,1219,1498,0.14142812256661152
279,1221,1500,0.14144618874624515
276,1212,1488,0.14146295208204665
277,1219,1496,0.14148615134164036
284,1228,1512,0.14150627990918496
290,1225,1515,0.1415064372656524
286,1223,1509,0.14149179656642027
286,1223,1509,0.14148833095668056
283,1223,1506,0.14148636625878447
286,1219,1505,0.14149197430493365
279,1229,1508,0.14148827466311426
282,1225,1507,0.1415023517648432
288,1228,1516,0.14150783214723942
282,1231,1513,0.14149661875457376
280,1234,1514,0.14150280831399867
281,1235,1516,0.14151443474190192
279,1235,1514,0.14152291998061797
275,1238,1513,0.14153623949280142
276,1238,1514,0.14155994874263073
271,1232,1503,0.14157906002005805
273,1238,1511,0.14161044168796666
272,1248,1520,0.14163423048741242
273,1251,1524,0.1416594435890828
269,1250,1519,0.14168138536482577
268,1249,1517,0.14171229224090337
270,1261,1531,0.14174487919787299
273,1249,1522,0.14177002697155344
277,1246,1523,0.14178448676094857
268,1242,1510,0.14178819365407946
269,1239,1508,0.14181615035978587
267,1244,1511,0.14183921062518284
266,1245,1511,0.14186597511969062
264,1255,1519,0.1418931745089046
261,1250,1511,0.14192334338119467
264,1259,1523,0.1419591962424409
264,1248,1512,0.14198460800808965
270,1254,1524,0.14200806649557507
268,1256,1524,0.14201422154309118
272,1250,1522,0.14202417823208824
269,1246,1515,0.14202415683267616
267,1239,1506,0.1420317277791695
269,1237,1506,0.14204313751429853
273,1254,1527,0.14204951458889215
271,1261,1532,0.1420448038732766
272,1249,1521,0.14204565712911787
266,1246,1512,0.14204460876790231
268,1259,1527,0.14205991706966178
266,1250,1516,0.14207019963480283
271,1244,1515,0.1420842218395832
270,1235,1505,0.14208448419047678
270,1258,1528,0.14208799970824906
264,1255,1519,0.14209124787274294
264,1256,1520,0.1421102601488751
264,1263,1527,0.14212861595944448
262,1264,1526,0.14214571679924373
259,1256,1515,0.14216754485133895
261,1261,1522,0.1421961157215599
261,1264,1525,0.14221676752735102
257,1258,1515,0.14223613739372745
262,1259,1521,0.1422635923689138
263,1270,1533,0.1422767260678362
264,1247,1511,0.14228651191572259
263,1256,1519,0.14229218282037948
260,1258,1518,0.14230066884726272
262,1254,1516,0.14231691906403768
263,1256,1519,0.1423274360678088
263,1253,1516,0.14233423713129428
261,1254,1515,0.1423408627699444
264,1253,1517,0.142353054055408
256,1254,1510,0.142356713353814
255,1242,1497,0.14238060485007734
256,1247,1503,0.1424055786930209
262,1245,1507,0.14242643604132987
264,1252,1516,0.14242968038137274
261,1244,1505,0.14242723626674425
266,1263,1529,0.1424327693263761
264,1252,1516,0.1424253420603479
258,1259,1517,0.14242345733915507
258,1244,1502,0.14243626967771678
254,1259,1513,0.14244930684899568
249,1260,1509,0.14247221159587403
244,1256,1500,0.14250679788836654
245,1258,1503,0.1425516449996426
246,1264,1510,0.1425902042416036
243,1255,1498,0.1426229099138135
245,1256,1501,0.1426615326348729
245,1256,1501,0.14269293025718935
244,1265,1509,0.14272204588239695
244,1273,1517,0.142751884009061
242,1265,1507,0.14278028363792047
244,1269,1513,0.14281227080980113
244,1269,1513,0.14283626664291282
249,1252,1501,0.14285925440163733
247,1252,1499,0.1428673742009521
250,1259,1509,0.14288102345647993
248,1256,1504,0.14288591448777485
244,1260,1504,0.1428961646297233
245,1243,1488,0.14291683271024067
250,1249,1499,0.1429338689855495
248,1268,1516,0.1429358407344964
249,1279,1528,0.1429431569159011
245,1274,1519,0.1429474710217403
243,1269,1512,0.14296179181985522
244,1269,1513,0.14297873501321168
241,1261,1502,0.14299135524432752
243,1276,1519,0.14301071760333353
251,1283,1534,0.14302363184942607
246,1279,1525,0.1430144518018631
246,1285,1531,0.1430189849200784
250,1290,1540,0.14302413293234328
251,1283,1534,0.14301825486112288
251,1270,1521,0.14301052339850093
246,1262,1508,0.14300368529474627
246,1269,1515,0.14301096836162908
245,1267,1512,0.14301717932778651
248,1274,1522,0.14302551237423128
243,1265,1508,0.1430250487884409
244,1274,1518,0.14303803056505948
243,1279,1522,0.14304741400812962
243,1287,1530,0.1430580827855149
239,1295,1534,0.14306745932913872
240,1289,1529,0.1430873667783302
239,1286,1525,0.1431045620488884
232,1280,1512,0.14312352705048142
237,1287,1524,0.14315894843004423
234,1285,1519,0.14317842063847322
236,1286,1522,0.14320506091643775
234,1290,1524,0.1432246769916672
237,1284,1521,0.14324922349649744
234,1272,1506,0.14326329408702418
231,1264,1495,0.1432846441569267
231,1266,1497,0.14331297062923942
234,1257,1491,0.14333900397518104
234,1274,1508,0.1433551152115213
233,1272,1505,0.14336940074012858
230,1260,1490,0.14338600408294633
230,1271,1501,0.1434088351956093
229,1278,1507,0.14342998275062496
229,1271,1500,0.1434532075731554
229,1280,1509,0.14347499776309713
230,1297,1527,0.1434949361888822
224,1308,1532,0.14351240118748265
222,1297,1519,0.14354571540050226
223,1283,1506,0.14358175074768623
226,1282,1508,0.14361193461529312
229,1279,1508,0.14363202772978437
232,1280,1512,0.14364265791380026
234,1287,1521,0.14364352298691688
230,1283,1513,0.14363884671790822
229,1296,1525,0.1436444484770233
231,1286,1517,0.1436524563913696
233,1285,1518,0.1436544901043049
229,1282,1511,0.143650846825721
231,1270,1501,0.1436576449440049
232,1276,1508,0.14365925387544728
231,1280,1511,0.1436580584368012
233,1268,1501,0.1436608592006412
233,1284,1517,0.1436586161313804
237,1290,1527,0.14365677707927133
236,1275,1511,0.14364348585623968
237,1268,1505,0.14363373075129435
238,1277,1515,0.14362172784318847
234,1276,1510,0.14360774161629342
235,1271,1506,0.1436055828199627
235,1266,1501,0.1436008796006613
232,1283,1515,0.14359724658924133
232,1295,1527,0.14360227520212296
227,1287,1514,0.1436083505733267
224,1288,1512,0.14362726146613528
224,1291,1515,0.14365306192105726
228,1278,1506,0.14367616814728265
225,1290,1515,0.14368647760306147
229,1284,1513,0.14370547708593015
232,1284,1516,0.1437123839205951
231,1283,1514,0.14371082657468734
231,1274,1505,0.1437115418132628
235,1280,1515,0.14371257863287554
238,1273,1511,0.1437025540239846
239,1276,1515,0.1436855051630315
238,1280,1518,0.14366700561472012
243,1280,1523,0.14365252549002627
239,1283,1522,0.1436247998150106
235,1279,1514,0.14361033370254894
234,1270,1504,0.14360731871531487
233,1268,1501,0.1436072970797144
236,1274,1510,0.14360984539490448
235,1274,1509,0.14360436302740587
232,1274,1506,0.14360152892695127
234,1271,1505,0.14360686783679075
229,1274,1503,0.14360667588493192
234,1271,1505,0.1436192825244689
235,1266,1501,0.143618129888628
231,1276,1507,0.14361444372562004
230,1268,1498,0.14362263398939207
235,1277,1512,0.14363278143056543
233,1280,1513,0.14362816269587417
234,1276,1510,0.1436297013433916
237,1276,1513,0.14362841299824247
236,1277,1513,0.14361841295471833
246,1278,1524,0.14361159292032047
245,1278,1523,0.14357927394328185
238,1272,1510,0.14355226366413082
236,1276,1512,0.14354618550066042
240,1268,1508,0.14354648784294766
242,1265,1507,0.1435362188093177
244,1271,1515,0.14352021907609358
245,1267,1512,0.1434992984576181
239,1266,1505,0.14347723110973482
243,1264,1507,0.14347272155764398
248,1267,1515,0.14345840980765165
246,1261,1507,0.14343153933719713
248,1272,1520,0.14341306486738792
247,1278,1525,0.143390558731387
241,1262,1503,0.14337208428017417
244,1270,1514,0.1433701639175911
245,1266,1511,0.14336109683331708
248,1273,1521,0.1433492858571802
247,1270,1517,0.1433307566457072
249,1286,1535,0.1433162397314671
244,1290,1534,0.14329675654115168
245,1287,1532,0.1432928796228222
243,1275,1518,0.1432859472831748
246,1269,1515,0.14328362256793117
247,1268,1515,0.14327295049451716
254,1258,1512,0.14326029466511353
253,1250,1503,0.14323008630886516
255,1254,1509,0.14320488629175068
254,1256,1510,0.14317666258867814
251,1263,1514,0.1431532137158792
249,1259,1508,0.14313854727614725
243,1261,1504,0.1431304789854972
246,1257,1503,0.14313909788162466
240,1265,1505,0.14313905738500884
236,1257,1493,0.14315482438094757
232,1271,1503,0.14317929896113787
233,1275,1508,0.1432133458094656
230,1267,1497,0.1432426960899326
231,1274,1505,0.14327817805483575
232,1272,1504,0.14330837874140054
226,1272,1498,0.14333309714561235
226,1280,1506,0.14337301305546263
226,1286,1512,0.14341035621935583
231,1291,1522,0.14344500153967818
230,1272,1502,0.14346470872257241
230,1266,1496,0.14348621146953722
225,1272,1497,0.14350555484743205
227,1280,1507,0.1435369368962927
220,1275,1495,0.1435615985083685
217,1277,1494,0.14360252317261948
217,1278,1495,0.14364876504999724
217,1278,1495,0.1436926957971248
218,1293,1511,0.1437335105161594
210,1288,1498,0.1437693113727468
212,1289,1501,0.14382321183361105
216,1289,1505,0.14386825548543034
216,1302,1518,0.1438991224132871
210,1298,1508,0.14392836315379
208,1302,1510,0.1439722913616091
208,1291,1499,0.14401878967539286
206,1299,1505,0.14406197037037205
204,1304,1508,0.1441078719024948
206,1302,1508,0.14415639715422557
202,1314,1516,0.1441961880480839
201,1314,1515,0.14424501343996654
203,1300,1503,0.1442922194567472
202,1296,1498,0.1443306179712014
196,1298,1494,0.1443686320547437
199,1309,1508,0.14441990177738448
198,1295,1493,0.14446042304582066
191,1304,1495,0.1445010199748729
185,1307,1492,0.14455767595299876
190,1312,1502,0.1446268571946352
190,1312,1502,0.14467701237971858
188,1306,1494,0.1447243525841899
189,1297,1486,0.14477370513212173
195,1308,1503,0.14481662504198337
199,1318,1517,0.14484022405911404
192,1307,1499,0.1448519747724055
194,1320,1514,0.14488182225691218
194,1318,1512,0.14490451866328322
193,1325,1518,0.1449262540741291
189,1321,1510,0.14494916787553358
192,1331,1523,0.14498160988021194
192,1324,1516,0.14500423027103657
193,1324,1517,0.1450249319129761
197,1334,1531,0.14504170579978143
196,1325,1521,0.1450465448276133
195,1331,1526,0.14505453782244612
199,1325,1524,0.14506515265692171
193,1319,1512,0.14506448068371988
189,1329,1518,0.1450811286090597
188,1326,1514,0.14510771862974603
192,1316,1508,0.14513574419835681
194,1318,1512,0.14515043021839452
193,1306,1499,0.14515859412922422
192,1305,1497,0.14516814774359857
195,1321,1516,0.14518001923816282
193,1310,1503,0.14518324575404315
192,1330,1522,0.1451924942603599
195,1334,1529,0.1452038606686559
191,1334,1525,0.14520620782935012
188,1340,1528,0.14521968383921832
187,1337,1524,0.1452410407308217
188,1330,1518,0.1452638247205215
186,1328,1514,0.14528266367471354
187,1342,1529,0.14530471678364407
185,1344,1529,0.1453232691316975
184,1351,1535,0.14534581064497215
186,1337,1523,0.14536872611059784
184,1338,1522,0.14538471544389028
181,1340,1521,0.14540444712807232
185,1336,1521,0.14543136206695262
183,1346,1529,0.1454446110982506
185,1346,1531,0.14546220276681995
184,1330,1514,0.14547347739111696
188,1335,1523,0.14548742326601066
187,1341,1528,0.14548906373197049
184,1331,1515,0.14549434969649636
189,1337,1526,0.14550809988842478
191,1341,1532,0.14550700036107594
192,1337,1529,0.1455008853710281
191,1332,1523,0.1454929847267334
192,1321,1513,0.14548844809100298
190,1332,1522,0.14548150428562184
190,1332,1522,0.14548041262687264
190,1326,1516,0.1454795339618421
186,1325,1511,0.14547874050778997
185,1311,1496,0.1454879109080045
189,1308,1497,0.14549844248897884
191,1309,1500,0.14549703959549012
192,1317,1509,0.1454904926002405
190,1336,1526,0.1454825041194948
187,1339,1526,0.14548031699727937
183,1330,1513,0.14548562831819553
187,1333,1520,0.14550145524608327
187,1325,1512,0.14550508499374284
186,1320,1506,0.14550845006632543
185,1325,1510,0.1455130657083146
185,1326,1511,0.1455200871472081
184,1332,1516,0.1455259612360505
187,1329,1516,0.14553350850514682
187,1336,1523,0.14553245712407162
187,1329,1516,0.14553179299770524
181,1329,1510,0.14553169044781455
179,1322,1501,0.1455472925449511
184,1333,1517,0.14556744752101447
187,1332,1519,0.14557321847955482
184,1339,1523,0.14557061291777268
179,1336,1515,0.145576573926372
185,1342,1527,0.1455954064918576
180,1335,1515,0.14559730432004822
176,1339,1515,0.14561236861856672
175,1343,1518,0.1456373415130646
178,1335,1513,0.14566341480125142
184,1346,1530,0.14568012221517204
176,1347,1523,0.14567970840665162
173,1343,1516,0.14570126921358822
174,1339,1513,0.14572888895400762
176,1324,1500,0.14575223989944563
173,1329,1502,0.14576859198646328
173,1339,1512,0.14579192108452443
174,1342,1516,0.14581389228877678
174,1340,1514,0.1458311086702729
176,1332,1508,0.14584701615787782
180,1345,1525,0.1458565970767124
174,1336,1510,0.14585442114943048
177,1345,1522,0.14586962860713054
177,1357,1534,0.14587572672702748
177,1340,1517,0.1458809728740064
175,1339,1514,0.1458853187854112
180,1330,1510,0.14589477593165795
182,1339,1521,0.14588990583331182
181,1339,1520,0.14587988428695067
176,1349,1525,0.1458735216927832
177,1350,1527,0.145881631860362
179,1339,1518,0.14588668006067843
175,1341,1516,0.1458861053178951
169,1347,1516,0.14589687462354856
169,1357,1526,0.1459236568521189
169,1349,1518,0.14594883744446752
172,1341,1513,0.1459725000031468
173,1332,1505,0.14598615944522017
171,1338,1509,0.14599715635391092
172,1324,1496,0.14601253571394732
171,1330,1501,0.14602447825742312
170,1337,1507,0.14603794155909547
167,1323,1490,0.14605299074775568
173,1334,1507,0.14607579217017247
171,1337,1508,0.1460810857987345
173,1328,1501,0.14609150151886563
175,1332,1507,0.14609508264969848
180,1331,1511,0.14609323211632014
180,1332,1512,0.14607697612643789
180,1328,1508,0.1460608983515885
178,1334,1512,0.14604550337643735
177,1324,1501,0.14603707657361645
177,1328,1505,0.14603265457316839
175,1327,1502,0.1460290949229038
174,1333,1507,0.14603119298463252
176,1329,1505,0.14603535128673453
175,1327,1502,0.14603323490225809
182,1329,1511,0.14603436944321557
176,1337,1513,0.14601591984469806
175,1342,1517,0.14601604272169855
169,1358,1527,0.14601926978120183
167,1358,1525,0.1460385495179905
174,1358,1532,0.14606163461519045
172,1350,1522,0.14606361805472823
168,1334,1502,0.14607033477040982
168,1330,1498,0.14608773445453946
168,1344,1512,0.14610382628145413
170,1339,1509,0.14611781078070196
169,1344,1513,0.14612523847599387
172,1341,1513,0.14613492116237636
167,1330,1497,0.1461348076075101
165,1331,1496,0.14614893825372444
167,1334,1501,0.14616777398161448
168,1313,1481,0.1461799947704953
166,1327,1493,0.14618881384353816
162,1337,1499,0.14620279750304788
165,1332,1497,0.14622708819014457
159,1331,1490,0.14624096700641867
162,1333,1495,0.1462706701488425
162,1346,1508,0.14628996899306596
161,1357,1518,0.14630891412186348
159,1362,1521,0.14632986104468101
155,1373,1528,0.146355004686183
156,1370,1526,0.14639004850712964
155,1367,1522,0.14642006069792485
154,1368,1522,0.14645020543102896
153,1372,1525,0.14648112271134658
155,1367,1522,0.1465127613816238
151,1369,1520,0.1465363122256984
148,1379,1527,0.14656931441904827
145,1376,1521,0.14660935281534918
144,1374,1518,0.14665443349494234
144,1375,1519,0.1466991294530783
144,1374,1518,0.14674066734983182
142,1365,1507,0.14677982654403599
140,1379,1519,0.14682288011746134
142,1384,1526,0.14686900464098795
142,1369,1511,0.14690673950290922
141,1370,1511,0.14694241051894003
142,1363,1505,0.14697793328278308
141,1368,1509,0.14700863383144402
142,1372,1514,0.14704036894008765
141,1377,1518,0.14706738642203732
145,1373,1518,0.14709556952960165
146,1382,1528,0.1471103403582291
148,1363,1511,0.14712102614651806
148,1375,1523,0.14712580666565564
147,1362,1509,0.14713029214475384
144,1371,1515,0.14713764036400628
146,1370,1516,0.14715282633245758
144,1369,1513,0.14716159840152687
140,1360,1500,0.1471758840746321
137,1362,1499,0.14720080886123627
135,1376,1511,0.147232715662785
137,1360,1497,0.14726839921175824
135,1373,1508,0.1472963145326416
132,1389,1521,0.14732766305143433
131,1391,1522,0.14736552701106514
131,1384,1515,0.14740367207398314
130,1392,1522,0.1474388325255892
130,1383,1513,0.147474813945092
136,1386,1522,0.14750907077693196
134,1371,1505,0.1475239660787843
131,1378,1509,0.14754357131851062
130,1381,1511,0.14757020160019477
130,1385,1515,0.14759782977040645
130,1388,1518,0.1476231627929838
134,1385,1519,0.14764682187551187
132,1382,1514,0.14765732447039231
131,1376,1507,0.1476729162351641
130,1375,1505,0.14769078783718328
125,1387,1512,0.1477101886360025
129,1395,1524,0.14774197188263394
129,1401,1530,0.14776054801625746
132,1389,1521,0.1477773568632511
132,1394,1526,0.14778482242517388
132,1393,1525,0.14779173060307227
127,1395,1522,0.1477980641439189
124,1398,1522,0.14781779979690524
124,1412,1536,0.14784446122462788
123,1403,1526,0.14786973965014216
125,1406,1531,0.14789580517162515
126,1395,1521,0.1479145085357949
128,1396,1524,0.1479292604496927
127,1396,1523,0.14793753564943563
127,1407,1534,0.147947470587153
126,1392,1518,0.14795661643280833
129,1396,1525,0.1479674440273034
129,1407,1536,0.14796888167277175
124,1404,1528,0.14797040548420992
127,1404,1531,0.1479864643674037
133,1391,1524,0.14799263062828846
129,1382,1511,0.1479806159770618
130,1394,1524,0.14798037585860602
130,1387,1517,0.14797723025719886
128,1401,1529,0.14797370257608958
128,1399,1527,0.147976143464865
130,1391,1521,0.14797791221362755
131,1386,1517,0.14797340702344608
129,1378,1507,0.14796684689705702
122,1389,1511,0.14796677581155154
124,1391,1515,0.14798666487169282
125,1389,1514,0.14799935488975677
127,1402,1529,0.14800795015049575
125,1395,1520,0.14800997046894937
126,1384,1510,0.1480174220375522
130,1379,1509,0.14802155288039132
129,1385,1514,0.14801446631298787
124,1388,1512,0.14801090178477658
120,1385,1505,0.14802185240147697
124,1377,1501,0.14804375130628236
124,1380,1504,0.14805292838827494
122,1382,1504,0.1480618922593278
123,1390,1513,0.14807627910482124
121,1392,1513,0.14808714225431235
122,1391,1513,0.1481033140247261
120,1393,1513,0.14811581805418156
121,1396,1517,0.14813311271915602
121,1391,1512,0.1481461348824957
121,1396,1517,0.1481583602461839
117,1391,1508,0.14817026632292968
113,1410,1523,0.1481927159265568
109,1415,1524,0.14822508152512098
110,1411,1521,0.14826648826132188
112,1407,1519,0.14830214147508808
116,1407,1523,0.1483296592024631
112,1394,1506,0.14834335535361654
112,1407,1519,0.14836781873261728
113,1390,1503,0.14839034682733415
115,1394,1509,0.14840884152469314
118,1400,1518,0.14842024632332973
116,1386,1502,0.14842226837043934
113,1387,1500,0.14843009121294234
112,1388,1500,0.1484458867789967
114,1394,1508,0.14846353958355576
112,1395,1507,0.14847405211367135
116,1394,1510,0.1484894982826281
115,1384,1499,0.14849194339418387
118,1385,1503,0.1484970672663507
118,1400,1518,0.14849372660643564
116,1399,1515,0.1484908576863445
116,1394,1510,0.1484937747214415
116,1395,1511,0.14849698037615022
118,1406,1524,0.14849967000174868
116,1392,1508,0.14849682948465404
115,1387,1502,0.14849999449159562
113,1391,1504,0.1485060635652384
116,1390,1506,0.14851755560077617
119,1393,1512,0.14851931315813605
120,1386,1506,0.14851280984440224
119,1388,1507,0.1485038646094538
118,1390,1508,0.14849857422758578
115,1390,1505,0.14849696181982075
110,1395,1505,0.14850353689787943
109,1398,1507,0.14852419488506205
109,1395,1504,0.14854600773881807
111,1403,1514,0.1485663686748349
114,1386,1500,0.1485792181807205
117,1396,1513,0.1485824979486078
121,1395,1516,0.1485767996745799
122,1388,1510,0.14856000701811697
122,1384,1506,0.14854167349163347
122,1384,1506,0.1485248775601858
119,1381,1500,0.14850936460719044
120,1385,1505,0.14850349224011414
118,1402,1520,0.1484950640729592
115,1411,1526,0.14849262756602943
116,1396,1512,0.14849944350199476
115,1391,1506,0.14850283226737207
116,1391,1507,0.14850909092482018
118,1394,1512,0.14851233935388694
121,1400,1521,0.1485095508078875
120,1398,1518,0.1484987488961786
120,1385,1505,0.14849156965470509
117,1391,1508,0.14848477264156512
117,1389,1506,0.14848674715348548
120,1394,1514,0.14848884377011753
119,1398,1517,0.14848245855369402
120,1403,1523,0.1484790853493883
117,1401,1518,0.14847320532494104
119,1392,1511,0.14847661569814832
118,1403,1521,0.14847379188849807
117,1394,1511,0.1484743886626534
118,1395,1513,0.14847792192355558
117,1385,1502,0.14847848286664367
115,1389,1504,0.14848223647465097
115,1400,1515,0.14849102483236418
113,1397,1510,0.14849926904432262
109,1399,1508,0.14851318968443344
108,1411,1519,0.14853732427747268
109,1421,1530,0.1485631792842588
107,1416,1523,0.148584390148008
108,1405,1513,0.1486103183402528
107,1413,1520,0.14863216211306343
109,1404,1513,0.1486555565204274
108,1411,1519,0.14867221478558432
108,1407,1515,0.14869075954012015
105,1412,1517,0.14870844431322414
106,1408,1514,0.14873320372413004
100,1415,1515,0.14875409073526288
98,1414,1512,0.14879076541444786
99,1423,1522,0.14883048384685346
103,1426,1529,0.1488647565001299
104,1418,1522,0.14888573485111845
105,1425,1530,0.148902353080707
103,1432,1535,0.14891518043730248
103,1421,1524,0.1489333448598096
103,1421,1524,0.1489504007050568
107,1421,1528,0.14896634803302608
107,1419,1526,0.14896982738509035
107,1412,1519,0.14897296874345212
108,1391,1499,0.14897576014425226
109,1391,1500,0.1489759303164978
108,1398,1506,0.1489734716360995
109,1399,1508,0.14897409087022798
109,1402,1511,0.14897210763410915
107,1399,1506,0.14897036769880675
103,1409,1512,0.14897465511624403
105,1403,1508,0.1489907104300255
106,1397,1503,0.1489999104486733
105,1397,1502,0.1490057469180305
103,1414,1517,0.14901394038613017
103,1418,1521,0.1490277559259437
102,1431,1533,0.14904072057075923
102,1412,1514,0.14905554684515487
103,1417,1520,0.14906954093152608
104,1417,1521,0.14907953186080683
104,1414,1518,0.14908626386623078
105,1432,1537,0.14909203546704386
107,1424,1531,0.14909389567047607
99,1420,1519,0.14908996348935064
101,1417,1518,0.14910859360675682
100,1407,1507,0.14912019951963337
96,1407,1503,0.14913354604146076
96,1410,1506,0.14915725910950614
97,1406,1503,0.1491797594636791
95,1409,1504,0.14919733658194112
100,1403,1503,0.14921956970739572
100,1399,1499,0.1492256397424409
103,1404,1507,0.14923091126114799
101,1405,1506,0.14922690332163158
103,1416,1519,0.14922904023770622
97,1424,1521,0.14922522479556263
98,1420,1518,0.1492384266945978
101,1418,1519,0.14924762244533954
100,1421,1521,0.14924756719034524
98,1417,1515,0.1492509368706143
96,1427,1523,0.1492596065580825
97,1411,1508,0.14927326679316544
96,1415,1511,0.14928267567548428
95,1418,1513,0.1492943194655203
90,1441,1531,0.14930769189578239
92,1430,1522,0.1493343922369996
92,1422,1514,0.14935358959160175
93,1423,1516,0.14937156940867616
92,1425,1517,0.1493860856447133
92,1420,1512,0.14940205523821035
92,1409,1501,0.14941693900130573
91,1405,1496,0.1494311139545493
89,1409,1498,0.14944734002169702
89,1419,1508,0.14946890243721836
90,1416,1506,0.14948938901508804
91,1432,1523,0.14950625756129038
89,1431,1520,0.14951973316934145
89,1439,1528,0.14953804642285579
90,1435,1525,0.14955459621935846
86,1423,1509,0.14956737411387838
84,1430,1514,0.14959102786797443
89,1422,1511,0.1496187103060856
89,1418,1507,0.14963003575829195
90,1415,1505,0.1496411890308724
92,1410,1502,0.14964880866357025
93,1424,1517,0.14965002625819337
94,1422,1516,0.14964793607924795
93,1433,1526,0.14964307052819908
95,1417,1512,0.14964135769357903
93,1422,1515,0.14963354094016293
94,1422,1516,0.14963200165453738
93,1415,1508,0.14962776924271426
89,1409,1498,0.14962656389118895
91,1409,1500,0.1496367628385773
93,1409,1502,0.14964059385298029
93,1405,1498,0.14963873754407353
98,1415,1513,0.1496368768992864
100,1418,1518,0.1496207527226658
100,1423,1523,0.149599892974337
98,1419,1517,0.14958003684411394
98,1406,1504,0.14956774788875332
99,1409,1508,0.14955605063079488
100,1410,1510,0.14954211420320088
101,1414,1515,0.14952602791240702
106,1421,1527,0.14950765486833106
103,1419,1522,0.14947545382690786
102,1412,1514,0.1494539469584087
101,1404,1505,0.1494368982148802
102,1405,1507,0.14942381938032004
102,1414,1516,0.1494090283725551
101,1408,1509,0.14939511691670052
101,1414,1515,0.14938513879049453
100,1400,1500,0.14937573192006595
99,1399,1498,0.14936958384793034
105,1403,1508,0.14936724966718198
102,1403,1505,0.149347165100785
104,1409,1513,0.14933684546360326
104,1418,1522,0.1493216305676103
105,1408,1513,0.14930749599075227
106,1406,1512,0.14929131208719543
103,1422,1525,0.14927367044451664
103,1417,1520,0.14926560468842798
102,1410,1512,0.14925758943554426
103,1408,1511,0.14925308941796792
105,1416,1521,0.149245713662684
101,1407,1508,0.14923303863322637
100,1410,1510,0.14923318339784009
103,1400,1503,0.14923614449629014
106,1402,1508,0.14922971270407343
101,1409,1510,0.14921511035593477
102,1419,1521,0.14921601700826556
103,1411,1514,0.14921388507185218
103,1416,1519,0.1492090021883813
104,1419,1523,0.14920445930203374
105,1417,1522,0.14919753320253895
104,1427,1531,0.14918802600329062
103,1418,1521,0.14918217690623822
100,1411,1511,0.14917981698420696
100,1414,1514,0.14918663573852212
99,1421,1520,0.1491923987879861
97,1417,1514,0.1492006512839848
95,1409,1504,0.14921436515397984
96,1428,1524,0.14923269087421778
94,1430,1524,0.1492466030517552
93,1428,1521,0.14926533899102115
94,1433,1527,0.1492862019085896
91,1424,1515,0.14930245342597165
95,1422,1517,0.14932666446039003
97,1423,1520,0.14933778522141267
96,1418,1514,0.14934220302000487
91,1418,1509,0.14934918276928194
90,1427,1517,0.14937060463495647
92,1429,1521,0.14939363771250513
91,1416,1507,0.1494096021407105
92,1422,1514,0.14942712778786135
89,1422,1511,0.14944070270286872
89,1415,1504,0.14946227315883048
83,1414,1497,0.1494829501853167
81,1417,1498,0.14951957551582087
83,1418,1501,0.14956014687054048
83,1419,1502,0.14959227051487228
82,1432,1514,0.14962264513265425
79,1436,1515,0.14965401951538193
78,1448,1526,0.14969226772224917
74,1447,1521,0.14973122792529606
74,1448,1522,0.1497793899840971
76,1434,1510,0.1498242030356089
75,1429,1504,0.14986037723679632
73,1433,1506,0.14989716121037927
72,1440,1512,0.14993757937653718
74,1450,1524,0.14997825594195643
76,1427,1503,0.15001047557009684
73,1416,1489,0.15003503930806994
74,1431,1505,0.15006704036741245
76,1430,1506,0.15009438071352307
75,1423,1498,0.15011437099439084
76,1434,1510,0.15013599678428707
78,1432,1510,0.15015293246817069
77,1440,1517,0.15016291886927804
79,1435,1514,0.15017533934607297
77,1442,1519,0.1501812530228145
72,1440,1512,0.1501925330830662
72,1445,1517,0.150218132088674
74,1444,1518,0.1502419868865285
78,1439,1517,0.15025832538245085
76,1442,1518,0.1502618869331672
80,1449,1529,0.15027081440947657
80,1441,1521,0.15026813643657772
77,1435,1512,0.15026560170753286
81,1437,1518,0.15027219594235544
81,1441,1522,0.15026679264306936
80,1441,1521,0.1502616450601993
81,1446,1527,0.15026033705721897
79,1449,1528,0.150256506084273
76,1445,1521,0.15025910070225443
75,1454,1529,0.15027055552262458
77,1445,1522,0.1502839024734125
75,1423,1498,0.15029077443295447
74,1421,1495,0.15030277870935327
72,1425,1497,0.1503167213725001
74,1427,1501,0.15033589793380048
76,1429,1505,0.1503479826172983
78,1427,1505,0.15035344780336402
77,1440,1517,0.15035239316366394
75,1444,1519,0.1503542949810113
76,1447,1523,0.15036183090867417
78,1435,1513,0.15036596846284384
77,1435,1512,0.15036393242221785
78,1434,1512,0.1503651737353794
79,1432,1511,0.15036347018475824
75,1442,1517,0.15035877467798273
74,1447,1521,0.15036611708733919
74,1448,1522,0.15037631096493972
72,1456,1528,0.15038608616218535
74,1466,1540,0.1504009132009111
74,1459,1533,0.15040930201351504
76,1446,1522,0.1504173214165002
75,1449,1524,0.15041898118689723
78,1440,1518,0.15042356345158267
77,1432,1509,0.15041946341790516
76,1437,1513,0.15041859105362873
80,1431,1511,0.15042055845458957
82,1433,1515,0.15041110267863164
80,1447,1527,0.15039681265259058
80,1449,1529,0.15038895198236393
81,1431,1512,0.15038169400072257
81,1432,1513,0.1503719783464495
78,1446,1524,0.1503626780587942
77,1437,1514,0.15036248270453967
79,1442,1521,0.15036478152729274
76,1440,1516,0.15036136780091372
78,1440,1518,0.15036673380859397
77,1423,1500,0.15036593591527442
74,1430,1504,0.15036819353960607
69,1437,1506,0.1503794137313266
70,1425,1495,0.15040395918105273
72,1434,1506,0.1504238742208841
71,1434,1505,0.15043665517286464
70,1454,1524,0.15045158977845777
68,1448,1516,0.15046837470492458
71,1449,1520,0.15048971832720195
73,1443,1516,0.15050029124568864
75,1459,1534,0.15050417967003646
76,1453,1529,0.15050220288637195
77,1444,1521,0.15049785504080299
76,1432,1508,0.1504913741499896
76,1439,1515,0.15048876563616934
73,1448,1521,0.1504869949467453
75,1447,1522,0.15049406624793316
73,1457,1530,0.150494989215911
74,1452,1526,0.1505016489297337
70,1444,1514,0.1505048924241999
66,1456,1522,0.1505194324884498
68,1449,1517,0.15054420198659596
71,1452,1523,0.15056131846422618
69,1446,1515,0.1505683534231911
69,1451,1520,0.1505805944368994
69,1454,1523,0.15059189548850582
70,1453,1523,0.1506029465191887
69,1446,1515,0.15061041860416188
77,1445,1522,0.15062050946207212
77,1445,1522,0.1506065229019359
79,1442,1521,0.15059347945252693
78,1446,1524,0.15057567036508437
76,1439,1515,0.15056269785803472
78,1435,1513,0.1505565830960913
78,1446,1524,0.150544943539224
77,1440,1517,0.15053380144191203
79,1438,1517,0.15052621387607268
79,1432,1511,0.15051296127064656
77,1433,1510,0.1505004213159041
76,1429,1505,0.15049438039804908
79,1426,1505,0.15049149189451957
78,1435,1513,0.15047968121571578
77,1446,1523,0.15047147576859207
78,1434,1512,0.15046664542380356
81,1436,1517,0.1504593153504946
75,1437,1512,0.1504437570713128
74,1442,1516,0.15044642624433424
76,1438,1514,0.15045178391813813
76,1439,1515,0.15045078978686008
77,1436,1513,0.1504496143445236
78,1437,1515,0.15044564429247215
80,1427,1507,0.150438930197434
79,1426,1505,0.15042675599695443
76,1436,1512,0.15041815461595637
75,1431,1506,0.15041878225864183
74,1446,1520,0.15042241665488834
74,1448,1522,0.15042870796905827
76,1447,1523,0.15043479723544065
73,1448,1521,0.1504346286278066
73,1440,1513,0.1504430654828958
74,1437,1511,0.15045086513618366
75,1430,1505,0.15045501152549487
75,1445,1520,0.15045594430106893
75,1453,1528,0.1504567247971263
71,1432,1503,0.15045757970968668
70,1436,1506,0.1504702730912744
71,1440,1511,0.15048454019305832
66,1451,1517,0.15049505787892106
68,1439,1507,0.15051968721088507
68,1434,1502,0.15053662893998127
67,1432,1499,0.15055256328895644
68,1432,1500,0.1505703382853235
66,1430,1496,0.15058406333138966
65,1438,1503,0.15060278599487698
65,1434,1499,0.15062323612332604
64,1441,1505,0.15064230604272183
65,1440,1505,0.150663005698091
62,1461,1523,0.15067942662962477
65,1462,1527,0.15070352287490274
63,1461,1524,0.15071704984087955
68,1447,1515,0.1507355143202674
67,1450,1517,0.15073796233176723
67,1453,1520,0.15074321574105004
66,1447,1513,0.1507482787767696
69,1449,1518,0.1507559434068629
68,1451,1519,0.1507541539749954
67,1443,1510,0.1507555312415019
66,1440,1506,0.1507598984274849
68,1455,1523,0.15076691831852476
60,1449,1509,0.15076766789180654
63,1449,1512,0.1507920989759614
63,1453,1516,0.1508059238565871
64,1441,1505,0.15081868326107592
63,1447,1510,0.15082767053054436
65,1451,1516,0.15083893607723833
64,1444,1508,0.1508435262062205
63,1455,1518,0.15085090259738826
64,1454,1518,0.15086081653296662
60,1461,1521,0.15086736353466115
61,1459,1520,0.15088568358704188
60,1451,1511,0.1508998687012878
58,1461,1519,0.15091612200044355
58,1468,1526,0.15093724049098323
57,1466,1523,0.15095694787940556
60,1447,1507,0.15097833573917188
61,1440,1501,0.15098944690769028
58,1438,1496,0.15099678120538285
56,1433,1489,0.15101249378662313
54,1456,1510,0.15103305127363775
55,1462,1517,0.1510581744988624
54,1470,1524,0.15107892077116952
53,1477,1530,0.15110149337300233
52,1469,1521,0.15112581896923996
51,1466,1517,0.15115165528963648
50,1456,1506,0.15117903071094502
49,1449,1498,0.15120729225427565
48,1442,1490,0.15123668712820615
50,1461,1511,0.1512670731222993
46,1459,1505,0.1512893599435091
47,1469,1516,0.15132226317682984
45,1470,1515,0.15134988766697607
46,1476,1522,0.1513819368796619
46,1486,1532,0.15140896553966346
45,1476,1521,0.15143434728324545
44,1478,1522,0.15146122003824203
41,1463,1504,0.15148931970818613
41,1470,1511,0.1515246656477026
43,1450,1493,0.15155771934727671
42,1471,1513,0.15158245532823447
45,1476,1521,0.15160880607800004
44,1479,1523,0.15162439316407098
42,1470,1512,0.151642084679446
43,1468,1511,0.151664695420534
42,1467,1509,0.15168291630311437
42,1461,1503,0.15170317919660362
41,1473,1514,0.15172173538941813
41,1487,1528,0.15174224793348556
41,1483,1524,0.15176148239029616
42,1485,1527,0.15177950129638995
41,1484,1525,0.15179336145539313
42,1474,1516,0.1518093851551437
42,1476,1518,0.1518212990822071
45,1473,1518,0.1518324479414022
45,1487,1532,0.15183353526870547
46,1471,1517,0.15183459274744943
45,1475,1520,0.15183255656472808
44,1476,1520,0.15183371996158027
43,1472,1515,0.1518377971067059
42,1477,1519,0.1518444916969495
40,1477,1517,0.15185394290940185
39,1484,1523,0.15186878059787545
39,1477,1516,0.15188572244971732
41,1473,1514,0.15190151875124983
39,1473,1512,0.15191034676741705
39,1462,1501,0.15192473157281444
39,1458,1497,0.15193807352955
39,1473,1512,0.15195070584313197
39,1473,1512,0.15196272981826656
38,1469,1507,0.1519740551341469
39,1471,1510,0.1519877833384447
41,1475,1516,0.15199786327079817
41,1483,1524,0.15200132110113446
41,1476,1517,0.15200469444663564
41,1475,1516,0.15200787609403416
41,1475,1516,0.15201093306218538
44,1476,1520,0.15201395111915222
42,1469,1511,0.15200760000592375
41,1469,1510,0.15200788441415466
41,1466,1507,0.15201093213284314
41,1482,1523,0.15201396898875197
40,1478,1518,0.15201682629595836
39,1477,1516,0.15202257438231914
36,1472,1508,0.15203101176861375
37,1470,1507,0.15204798177717163
37,1476,1513,0.1520608399614706
36,1488,1524,0.1520728863377253
40,1485,1525,0.15208734186995723
38,1481,1519,0.15208836537948145
36,1483,1519,0.15209558421325803
36,1472,1508,0.15210830550673468
36,1483,1519,0.15212003218619638
33,1487,1520,0.15213097485026347
33,1487,1520,0.1521502920786253
32,1478,1510,0.15216821573155107
33,1486,1519,0.15218800545689443
33,1493,1526,0.1522034485349755
34,1494,1528,0.15221790059718024
34,1492,1526,0.1522283743190332
33,1489,1522,0.15223842503824403
32,1496,1528,0.15225108659072334
30,1476,1506,0.15226605877084698
30,1471,1501,0.1522861278970619
30,1478,1508,0.15230490683683398
29,1481,1510,0.15232247370804614
30,1506,1536,0.15234198931339477
30,1491,1521,0.152357097465787
31,1497,1528,0.15237133140239614
31,1479,1510,0.15238165191781747
32,1468,1500,0.1523913158820753
34,1475,1509,0.15239737677356224
32,1482,1514,0.15239687479482517
32,1482,1514,0.15240271076257617
34,1482,1516,0.15240821947851063
33,1480,1513,0.15240709721799506
33,1476,1509,0.15240923216601016
33,1480,1513,0.1524112490495511
32,1486,1518,0.15241315508891087
30,1489,1519,0.15241802819039635
29,1482,1511,0.15242886564478397
29,1485,1514,0.15244211221303436
30,1487,1517,0.15245449506939493
30,1485,1515,0.15246298836789607
29,1489,1518,0.15247098978672027
28,1485,1513,0.1524816182780676
28,1481,1509,0.1524945656686981
27,1472,1499,0.15250662343573476
27,1488,1515,0.15252103111926496
26,1501,1527,0.1525344051678807
24,1490,1514,0.15254992598214442
27,1482,1509,0.15257056764938295
29,1484,1513,0.1525805420542449
29,1498,1527,0.15258359211150485
28,1488,1516,0.15258652456207492
28,1468,1496,0.1525923310660186
27,1472,1499,0.15259781460740146
28,1476,1504,0.15260605147576897
29,1475,1504,0.152610693384668
28,1482,1510,0.15261194069124287
28,1481,1509,0.1526162497021265
27,1488,1515,0.15262022815495604
27,1489,1516,0.15262710321426876
27,1479,1506,0.1526335467784841
26,1493,1519,0.15263956148073213
27,1487,1514,0.1526484530817674
27,1496,1523,0.15265369857561292
28,1496,1524,0.15265869556141784
30,1489,1519,0.1526602469579679
28,1509,1537,0.1526555192637328
27,1500,1527,0.15265748429966625
27,1493,1520,0.15266239756770153
26,1486,1512,0.1526670314624664
24,1489,1513,0.15267449869089253
24,1493,1517,0.15268768415191927
23,1483,1506,0.1527000535447626
23,1481,1504,0.15271471618948232
23,1485,1508,0.15272843202690814
23,1485,1508,0.15274125485076914
24,1478,1502,0.15275330782928973
25,1472,1497,0.15276154901409453
25,1478,1503,0.1527661457623529
25,1482,1507,0.15277046356245852
24,1493,1517,0.15277448835422205
23,1500,1523,0.15278149698918556
23,1509,1532,0.1527911232823648
23,1496,1519,0.15280005392930884
22,1493,1515,0.15280844922508113
20,1495,1515,0.1528195348238541
20,1497,1517,0.15283609165907194
21,1493,1514,0.15285160655544203
20,1509,1529,0.15286301874179917
21,1499,1520,0.1528768019090392
21,1498,1519,0.15288661477120402
23,1495,1518,0.1528958172287635
23,1513,1536,0.15289823256462096
24,1504,1528,0.15290050942187694
23,1500,1523,0.15289951408207705
23,1497,1520,0.15290174793949526
21,1498,1519,0.15290389133786253
21,1498,1519,0.15291219569294143
22,1500,1522,0.15292007082641174
21,1489,1510,0.15292429502308846
20,1504,1524,0.15293138814544116
20,1502,1522,0.15294118952264402
21,1499,1520,0.152950326657566
21,1499,1520,0.1529557323727491
20,1501,1521,0.15296084086168973
21,1487,1508,0.15296875214630218
22,1484,1506,0.15297306171763023
23,1487,1510,0.15297393775205398
22,1505,1527,0.15297168669174824
23,1497,1520,0.15297270271329114
22,1508,1530,0.152970598072069
22,1497,1519,0.15297174038725114
22,1504,1526,0.15297274616498424
22,1505,1527,0.15297364719937484
22,1494,1516,0.15297449601225752
22,1491,1513,0.15297529015315256
21,1492,1513,0.1529761234991286
22,1507,1529,0.1529800516058824
22,1500,1522,0.1529806475291258
21,1508,1529,0.15298122212589418
21,1494,1515,0.152984965991356
21,1492,1513,0.1529884027499656
21,1488,1509,0.15299160063508135
21,1499,1520,0.15299458618617962
19,1484,1503,0.15299737798082957
19,1503,1522,0.15300632963438096
20,1497,1517,0.1530146383503618
20,1485,1505,0.15301930924000234
21,1486,1507,0.15302369816242145
21,1488,1509,0.15302478786982768
20,1488,1508,0.15302578627405966
18,1499,1517,0.15302987164306625
19,1497,1516,0.1530400424526684
18,1496,1514,0.1530463608092337
18,1489,1507,0.15305539387588207
18,1504,1522,0.1530638531168427
21,1498,1519,0.15307177123933674
22,1508,1530,0.15306965133085784
22,1496,1518,0.15306470788128732
21,1492,1513,0.15306013036011296
21,1484,1505,0.15305898378668334
21,1481,1502,0.1530579558758677
21,1479,1500,0.15305701355419507
21,1472,1493,0.15305614251381364
21,1469,1490,0.15305533492483264
21,1471,1492,0.1530545850048716
22,1473,1495,0.15305387247992921
21,1484,1505,0.15305010577704825
21,1492,1513,0.15304973455741414
21,1487,1508,0.15304935609756648
19,1477,1496,0.15304904738500785
19,1479,1498,0.15305503494670047
20,1482,1502,0.1530605637709182
20,1491,1511,0.153062448095438
19,1491,1510,0.1530642690001721
19,1488,1507,0.15306913082167736
19,1474,1493,0.15307366860056448
20,1485,1505,0.15307790543250951
20,1486,1506,0.15307868517763615
18,1480,1498,0.15307940604339593
16,1486,1502,0.15308637248096776
17,1485,1502,0.15309921905695142
18,1486,1504,0.15310805442943315
18,1490,1508,0.15311323525173928
20,1490,1510,0.1531180642219443
22,1491,1513,0.15311626901385947
23,1494,1517,0.15310824362185216
23,1499,1522,0.1530976405198931
23,1498,1521,0.15308778479188145
23,1490,1513,0.15307858519609313
24,1498,1522,0.15306998649056333
24,1484,1508,0.15305877288637607
23,1491,1514,0.15304832177713001
23,1481,1504,0.15304176665813243
23,1476,1499,0.15303556588493167
23,1493,1516,0.15302983312733506
23,1496,1519,0.1530245018738546
22,1484,1506,0.153019501594385
22,1479,1501,0.15301787817784437
21,1482,1503,0.15301628930839434
20,1478,1498,0.153017839050658
21,1488,1509,0.15302235681985332
21,1483,1504,0.15302346550331744
21,1483,1504,0.1530245004986002
21,1481,1502,0.15302546236088296
21,1486,1507,0.15302635563984215
21,1485,1506,0.15302718612023974
19,1482,1501,0.15302795904763947
19,1490,1509,0.15303486724945678
18,1500,1518,0.1530413329169284
18,1484,1502,0.1530504960347674
18,1490,1508,0.1530590601676599
17,1491,1508,0.1530670727981581
18,1496,1514,0.15307773924487963
18,1496,1514,0.1530846301454329
18,1483,1501,0.15309110560006045
18,1496,1514,0.1530971827323068
18,1507,1525,0.15310293609157477
20,1495,1515,0.1531083456119558
20,1494,1514,0.15310716902147078
20,1501,1521,0.15310605641702743
19,1497,1516,0.15310502848930294
18,1496,1514,0.15310726051283288
18,1503,1521,0.1531124752168217
18,1495,1513,0.1531173553135836
18,1511,1529,0.1531219294978071
18,1496,1514,0.15312624226778504
17,1506,1523,0.15313037769386498
13,1516,1529,0.15313741399477113
14,1514,1528,0.15315650395221045
14,1516,1530,0.15317114539942536
13,1516,1529,0.1531848957978187
14,1509,1523,0.1532009389590796
13,1496,1509,0.15321283285994095
15,1489,1504,0.15322719464679024
14,1481,1495,0.15323436299700993
14,1492,1506,0.1532442694049477
14,1482,1496,0.15325354469438768
13,1480,1493,0.15326225182554215
14,1484,1498,0.15327355409714286
14,1515,1529,0.15328098021830464
15,1517,1532,0.15328796877742254
13,1504,1517,0.15329140896090654
15,1513,1528,0.15330094952180473
14,1509,1523,0.15330361736689044
14,1494,1508,0.15330940108113045
17,1507,1524,0.15331482153512124
17,1497,1514,0.15331041747628482
17,1494,1511,0.15330641660621247
17,1498,1515,0.15330272098141523
17,1481,1498,0.15329928821164907
15,1490,1505,0.15329609083497786
13,1485,1498,0.15329940035993295
13,1510,1523,0.15330871769178656
13,1497,1510,0.15331743508539714
13,1494,1507,0.15332573877095668
13,1503,1516,0.1533334633247566
12,1505,1517,0.15334069164749864
12,1510,1522,0.15335059462103262
11,1523,1534,0.1533598632373448
11,1518,1529,0.15337167642515248
11,1518,1529,0.1533827325762333
10,1513,1523,0.15339309340047705
9,1516,1525,0.15340599623694673
9,1513,1522,0.1534212675969482
9,1508,1517,0.15343557507124975
10,1508,1518,0.15344899007767196
10,1498,1508,0.1534584057674223
9,1499,1508,0.15346723758471822
9,1500,1509,0.15347870938175034
10,1510,1520,0.15348941053858012
10,1505,1515,0.15349630331120145
10,1507,1517,0.15350282852281785
10,1506,1516,0.1535089683235895
10,1513,1523,0.15351473749940933
9,1517,1526,0.15352015613619924
9,1515,1524,0.15352850959809874
9,1521,1530,0.15353634478481148
8,1509,1517,0.15354368819171202
9,1510,1519,0.15355375542913058
9,1519,1528,0.15355997007242642
9,1510,1519,0.15356583909410135
10,1501,1511,0.15357135543273265
9,1498,1507,0.1535733493265469
10,1501,1511,0.1535784356810446
10,1511,1521,0.15358002123619097
11,1513,1524,0.1535814847138207
12,1505,1517,0.15357964488721035
12,1505,1517,0.1535747271859786
11,1507,1518,0.15357013136575015
11,1510,1521,0.15356903911476025
12,1506,1518,0.15356802434785796
11,1500,1511,0.15356382698488982
11,1507,1518,0.15356303548666733
11,1507,1518,0.15356229020622503
11,1502,1513,0.15356158718358917
11,1514,1525,0.15356092741232538
11,1510,1521,0.1535603094790221
11,1509,1520,0.15355973108389556
11,1509,1520,0.15355918974129396
10,1515,1525,0.1535586830198884
10,1504,1514,0.1535614356889541
10,1509,1519,0.15356403612766345
11,1515,1526,0.15356647223463832
11,1513,1524,0.15356556177634406
11,1511,1522,0.1535647203680002
11,1499,1510,0.153563935445908
13,1498,1511,0.15356320103027649
12,1499,1511,0.1535561102771836
11,1501,1512,0.1535526267601122
12,1495,1507,0.15355251274670234
11,1500,1511,0.15354916826168596
10,1501,1511,0.1535492397136234
10,1492,1502,0.1535525076874584
10,1507,1517,0.1535555542912057
10,1507,1517,0.15355840068175935
10,1499,1509,0.1535610657760543
10,1511,1521,0.153563563832234
10,1503,1513,0.1535659066423335
10,1501,1511,0.15356810456755401
10,1504,1514,0.15357016700041717
10,1504,1514,0.15357214405472322
10,1505,1515,0.15357399796139531
10,1502,1512,0.15357573701431323
10,1514,1524,0.15357736879354572
10,1512,1522,0.15357890088762025
9,1512,1521,0.15358034010831154
9,1508,1517,0.15358489297441452
9,1510,1519,0.15358913173462116
9,1512,1521,0.15359310383449107
9,1508,1517,0.15359686706868647
9,1497,1506,0.15360041566035804
9,1492,1501,0.1536037361027899
9,1508,1517,0.1536068442809065
9,1519,1528,0.15360975569960286
9,1531,1540,0.15361248427560004
9,1528,1537,0.153615042525062
9,1518,1527,0.1536174306513381
9,1515,1524,0.15361966476284108
9,1518,1527,0.15362175761763822
9,1522,1531,0.15362362237279456
9,1520,1529,0.15362539528942493
9,1519,1528,0.1536270701325103
10,1517,1527,0.15362864818968988
10,1524,1534,0.15362693309738615
10,1507,1517,0.15362532656758468
9,1509,1518,0.15362381650430634
9,1512,1521,0.153625593478442
9,1509,1518,0.1536272643783675
8,1509,1517,0.15362883864458407
8,1506,1514,0.15363356780767107
8,1512,1520,0.1536379816550565
8,1523,1531,0.15364212052412185
10,1516,1526,0.1536460054014943
9,1526,1535,0.15364327646397405
8,1506,1514,0.15364390043975037
8,1521,1529,0.153647684790368
7,1514,1521,0.1536512459853259
7,1498,1505,0.1536578780057776
9,1503,1512,0.1536640963193153
9,1517,1526,0.15366351235588946
8,1523,1531,0.1536629395449368
8,1515,1523,0.15366560820908817
8,1507,1515,0.15366813794968145
8,1504,1512,0.15367048343088666
10,1497,1507,0.1536726582818531
10,1514,1524,0.15366834091953482
9,1509,1518,0.15366431786262622
9,1504,1513,0.1536637680286714
9,1506,1515,0.15366321915769582
9,1513,1522,0.15366269818074305
9,1510,1519,0.15366220876305392
9,1500,1509,0.1536617503635678
9,1493,1502,0.15366132135035682
9,1488,1497,0.1536609198802868
10,1498,1508,0.15366054414209884
10,1496,1506,0.15365701499507164
10,1495,1505,0.15365370619007812
11,1508,1519,0.1536506009456747
11,1514,1525,0.15364446817011776
11,1523,1534,0.153638759398116
12,1514,1526,0.15363341500719785
12,1511,1523,0.15362521754670555
12,1517,1529,0.15361751683706443
12,1518,1530,0.1536102876071934
12,1504,1516,0.15360350554323696
12,1501,1513,0.15359714393677742
12,1502,1514,0.15359117660662328
12,1502,1514,0.1535855787014894
11,1516,1527,0.15358032687248374
10,1507,1517,0.15357857853265888
11,1509,1520,0.15358011007751116
9,1493,1502,0.1535783805504797
10,1507,1517,0.15358313869453294
10,1512,1522,0.15358447750338264
10,1504,1514,0.15358573642494922
10,1514,1524,0.15358691569194022
10,1510,1520,0.15358801835548339
10,1507,1517,0.15358904907884766
10,1508,1518,0.15359001273681122
10,1503,1513,0.15359091397455388
10,1493,1503,0.15359175711191544
10,1510,1520,0.15359254614085838
10,1509,1519,0.1535932847466057
10,1515,1525,0.1535939763333681
10,1500,1510,0.1535946240493315
10,1501,1511,0.15359523080951987
10,1498,1508,0.15359579931632414
10,1513,1523,0.1535963320778393
10,1509,1519,0.15359683240247635
10,1505,1515,0.15359728113403492
10,1514,1524,0.15359769312574098
10,1510,1520,0.15359807637497533
10,1502,1512,0.15359843459889885
8,1501,1509,0.15359877008470357
6,1508,1514,0.15360544038912846
6,1507,1513,0.1536180683417466
6,1512,1518,0.15362994864131221
6,1522,1528,0.15364110191902955
6,1527,1533,0.15365157165285562
7,1529,1536,0.15366139995930023
8,1519,1527,0.15366744098392907
6,1514,1520,0.15366992407012225
6,1513,1519,0.15367866257099247
6,1515,1521,0.1536868313060866
6,1516,1522,0.15369449383922504
5,1503,1508,0.1537016871797565
5,1510,1515,0.15371164309837815
5,1530,1535,0.15372099938344885
5,1519,1524,0.1537297931767498
5,1522,1527,0.15373805668162982
5,1524,1529,0.15374582071512063
4,1517,1521,0.15375311492046786
4,1511,1515,0.1537631728806542
5,1517,1522,0.15377262312917556
5,1515,1520,0.1537782878018791
5,1516,1521,0.15378361215128725
5,1519,1524,0.15378861644275013
6,1492,1498,0.15379331851152664
7,1496,1503,0.153794538375773
7,1483,1490,0.153792471711396
7,1496,1503,0.1537905197739955
6,1510,1516,0.15378868451695799
5,1510,1515,0.1537901534800448
5,1509,1514,0.1537947474993647
7,1501,1508,0.15379908485018276
7,1511,1518,0.1537967511076657
8,1514,1522,0.15379454688979766
7,1500,1507,0.15378924434431532
7,1506,1513,0.15378747929537084
7,1510,1517,0.15378583717245067
6,1514,1520,0.153784305032887
7,1519,1526,0.15378606898157102
7,1520,1527,0.15378453217849777
7,1520,1527,0.15378308733576493
7,1514,1521,0.1537817283356798
7,1513,1520,0.15378045229798565
8,1499,1507,0.1537792551480669
9,1495,1504,0.1537749271772931
9,1507,1516,0.15376765502081066
8,1507,1515,0.15376081493430496
8,1518,1526,0.15375758238582804
8,1522,1530,0.1537545664352643
8,1513,1521,0.1537517446547466
8,1513,1521,0.15374909940540588
8,1501,1509,0.1537466179087238
8,1491,1499,0.15374428929829034
8,1495,1503,0.153742103767577
7,1503,1510,0.1537400522775863
7,1515,1522,0.15374133707293677
7,1510,1517,0.15374253073489416
7,1524,1531,0.15374364469952656
7,1520,1527,0.15374468804059005
7,1509,1516,0.15374566635725578
7,1518,1525,0.15374658405545424
8,1525,1533,0.15374744503540946
8,1521,1529,0.15374506884354253
8,1508,1516,0.15374283991759616
8,1522,1530,0.15374074791153713
7,1518,1525,0.15373878398679217
7,1514,1521,0.1537401144831527
7,1512,1519,0.1537413663659882
7,1517,1524,0.1537425430035438
7,1507,1514,0.1537436478000083
6,1514,1520,0.15374468447482129
6,1514,1520,0.153748861775367
5,1506,1511,0.15375278420305016
6,1501,1507,0.15375966108925124
6,1508,1514,0.15376292270377573
6,1505,1511,0.153765983303496
6,1502,1508,0.15376885180743002
6,1499,1505,0.1537715426787491
6,1517,1523,0.15377406833463922
6,1518,1524,0.15377643961996765
5,1517,1522,0.15377866634313953
4,1511,1515,0.1537839592680844
4,1509,1513,0.1537921599791311
4,1512,1516,0.1537998757499343
4,1528,1532,0.1538071277212593
3,1516,1519,0.15381394256446812
3,1515,1518,0.15382356346595366
3,1514,1517,0.1538326260409827
2,1505,1507,0.1538411459873137
2,1501,1503,0.15385237296354826
2,1514,1516,0.153862932323045
2,1505,1507,0.1538728601060372
2,1516,1518,0.1538821907761832
2,1506,1508,0.15389095872051198
2,1491,1493,0.15389919730810095
2,1496,1498,0.1539069383602999
2,1504,1506,0.15391421197358077
2,1492,1494,0.15392104650210758
2,1508,1510,0.15392746860779527
1,1506,1507,0.1539335033377642
1,1501,1502,0.15394242721927365
1,1500,1501,0.15395082670582133
1,1520,1521,0.15395872484968862
1,1519,1520,0.15396614892008417
1,1511,1512,0.15397312624512982
1,1514,1515,0.15397968334263681
1,1507,1508,0.15398584546877422
1,1515,1516,0.15399163648428846
1,1508,1509,0.15399707885217398
1,1514,1515,0.15400219368618834
2,1514,1516,0.15400700081793073
2,1504,1506,0.1540082664741482
2,1509,1511,0.15400943558439179
2,1501,1503,0.1540105296277106
2,1491,1493,0.15401155889616647
2,1495,1497,0.15401252849308952
2,1508,1510,0.15401344212423704
2,1501,1503,0.1540143029850506
2,1501,1503,0.1540151140140097
2,1508,1510,0.1540158779761263
2,1521,1523,0.15401659749348506
2,1522,1524,0.15401727505780624
2,1522,1524,0.15401791303676673
2,1517,1519,0.1540185136782927
2,1526,1528,0.15401907911436968
1,1524,1525,0.15401961136490644
1,1530,1531,0.15402335402240827
1,1519,1520,0.1540268908186869
1,1519,1520,0.1540302242979517
1,1510,1511,0.15403335982605618
1,1523,1524,0.15403630711240163
1,1527,1528,0.15403907678488601
1,1524,1525,0.1540416793466558
1,1515,1516,0.15404412485592306
1,1505,1506,0.15404642283170342
1,1515,1516,0.1540485822384283
1,1523,1524,0.15405061150005664
1,1521,1522,0.1540525185252466
1,1522,1523,0.15405431073614984
1,1512,1513,0.15405599509768073
1,1514,1515,0.15405757814591856
1,1504,1505,0.1540590660150931
1,1510,1511,0.1540604644629699
1,1519,1520,0.1540617788946178
1,1522,1523,0.15406301438461553
1,1520,1521,0.1540641756977863
1,1511,1512,0.15406526730855774
0,1506,1506,0.15406629341904496
