1355,30,1385,0.1358412876244739
1382,31,1413,0.1330566240114311
1399,32,1431,0.13043890361563001
1427,34,1461,0.1280035796444177
1444,34,1478,0.12570798210205253
1441,35,1476,0.12357038634118148
1442,39,1481,0.12163025800814678
1441,40,1481,0.11985993725676114
1433,42,1475,0.11824904749727327
1440,43,1483,0.11680078597940917
1446,43,1489,0.11546370951496764
1458,40,1498,0.11423054530126021
1451,39,1490,0.11307851779919843
1446,37,1483,0.11204609629965721
1440,37,1477,0.1111169140690928
1453,36,1489,0.11028462984549231
1444,39,1483,0.10949598059459749
1448,41,1489,0.10879790723791852
1443,43,1486,0.10815334845138928
1437,43,1480,0.10757698593353072
1446,43,1489,0.10706533717770494
1449,44,1493,0.10657899882145097
1449,44,1493,0.10612912201133057
1444,43,1487,0.1057194281700911
1438,42,1480,0.10535683223481637
1431,44,1475,0.105040465176902
1426,46,1472,0.10476701326939249
1432,45,1477,0.10452938214993752
1439,43,1482,0.10429929135392622
1460,43,1503,0.10407403537327234
1445,44,1489,0.10382297815496369
1449,45,1494,0.10362708547003885
1467,44,1511,0.10344002359010357
1466,43,1509,0.1032302274451951
1469,45,1514,0.10304105388753097
1459,46,1505,0.10286237046438203
1446,47,1493,0.10272136586136249
1449,47,1496,0.10262088037039628
1441,49,1490,0.10252274469210718
1436,51,1487,0.10245036532517032
1442,54,1496,0.10239557922320121
1433,55,1488,0.10233250862217101
1428,54,1482,0.10229458512711474
1420,59,1479,0.10227086796487139
1428,60,1488,0.10226634050927029
1428,60,1488,0.10224502012418107
1424,60,1484,0.10222590363789276
1420,61,1481,0.10221717332837327
1424,61,1485,0.10221789312398069
1428,60,1488,0.10221012034366153
1425,61,1486,0.10219449276799338
1411,60,1471,0.10218626300833165
1416,61,1477,0.10220902631978766
1434,60,1494,0.10221927329360611
1436,59,1495,0.1021900621529262
1445,59,1504,0.1021589036197814
1437,62,1499,0.10211137258188568
1438,64,1502,0.10208476090918413
1432,65,1497,0.10205833439603484
1419,69,1488,0.10204727748156536
1426,68,1494,0.10206501974479767
1433,68,1501,0.1020667155671143
1422,68,1490,0.10205332543891497
1418,68,1486,0.10206472555571608
1429,69,1498,0.10208376001445728
1417,68,1485,0.10207745858457155
1436,69,1505,0.10209728604962048
1432,70,1502,0.10207499028315524
1431,71,1502,0.1020641335331423
1434,71,1505,0.10205607465203916
1431,72,1503,0.10204218665651865
1436,76,1512,0.1020363495148226
1424,75,1499,0.10201973882384001
1420,75,1495,0.10202976279781009
1426,77,1503,0.10204757623849162
1430,76,1506,0.10205093444448331
1415,74,1489,0.102045377154267
1418,75,1493,0.10207268884832935
1419,77,1496,0.10209095152430785
1414,73,1487,0.10210621182452893
1408,74,1482,0.10213065994514547
1405,79,1484,0.10216584549009894
1416,78,1494,0.10220438510246656
1423,79,1502,0.1022157910850622
1432,84,1516,0.10221110093380577
1421,81,1502,0.1021880387951768
1411,77,1488,0.10219124556505527
1413,76,1489,0.10221508467181789
1418,77,1495,0.10223273581161145
1417,72,1489,0.10223758163728368
1406,76,1482,0.10224468984371354
1396,73,1469,0.10227511012149183
1402,78,1480,0.10232331007317097
1413,79,1492,0.10235371997019893
1408,80,1488,0.10235852250800939
1385,82,1467,0.10237466610164518
1402,81,1483,0.10243899148748198
1410,82,1492,0.10246125837433247
1424,81,1505,0.10246418700745981
1428,83,1511,0.10243589674789529
1418,83,1501,0.10240079295904274
1421,85,1506,0.10239031562839235
1423,82,1505,0.10237424092306155
1423,83,1506,0.1023557307849612
1404,84,1488,0.10233835359230473
1400,86,1486,0.10236357054389472
1399,86,1485,0.10239593101638242
1393,88,1481,0.10242799958408615
1389,90,1479,0.10246998605936618
1404,90,1494,0.10251713318436984
1402,89,1491,0.10252771843496657
1394,92,1486,0.1025416593841497
1390,87,1477,0.10257120272565157
1392,89,1481,0.1026069680196207
1397,93,1490,0.10263482187539523
1397,96,1493,0.10264953392987891
1394,95,1489,0.10266322621816147
1388,93,1481,0.1026818577834073
1399,93,1492,0.10271209804199044
1394,95,1489,0.10271625243434628
1386,96,1482,0.10273059323968785
1397,93,1490,0.10276109866627862
1405,94,1499,0.10276470990575631
1411,94,1505,0.10275111745992892
1404,92,1496,0.10272529040366411
1406,92,1498,0.10271662393080114
1395,96,1491,0.10270423473259502
1391,94,1485,0.10271677250487145
1396,95,1491,0.10273683430918812
1411,94,1505,0.10274459718747839
1403,96,1499,0.10271905544381756
1391,96,1487,0.10271321904323895
1399,94,1493,0.10273398532834058
1391,97,1488,0.10273554995847692
1383,95,1478,0.10275418039962325
1397,100,1497,0.10278853082364094
1401,96,1497,0.10278971742483341
1405,96,1501,0.10278179821606095
1413,98,1511,0.10276641347993333
1414,94,1508,0.10273519183397747
1411,95,1506,0.10270513365995045
1404,95,1499,0.10268391968543267
1404,92,1496,0.10267951709583807
1392,97,1489,0.10267603940042605
1384,97,1481,0.10269879030952028
1386,98,1484,0.10273646765739883
1391,99,1490,0.10276636524060265
1397,99,1496,0.10278299218920539
1406,95,1501,0.10278512309304333
1409,97,1506,0.10276739953541245
1396,99,1495,0.10274509601935006
1398,95,1493,0.10275303277655361
1399,98,1497,0.10275604585918863
1388,99,1487,0.10275678491220509
1390,102,1492,0.10278112751988472
1390,103,1493,0.10279925856380974
1380,104,1484,0.10281576182744277
1367,105,1472,0.10285256271815978
1379,108,1487,0.10291479274604982
1366,108,1474,0.10294494280379628
1373,107,1480,0.10300101516650645
1359,108,1467,0.10303681174390618
1367,109,1476,0.10309977573136209
1373,109,1482,0.10314070891912394
1378,108,1486,0.10316565095842142
1375,110,1485,0.10317670168651788
1385,109,1494,0.103193222473397
1386,110,1496,0.10318676492735462
1382,115,1497,0.10317896865770568
1382,119,1501,0.10318042295737836
1376,120,1496,0.10318197491860438
1382,119,1501,0.10319673638540759
1388,123,1511,0.1031966102202027
1390,117,1507,0.10318393122742123
1385,119,1504,0.10316847304507784
1378,122,1500,0.10316531172084863
1375,122,1497,0.10317770679223433
1356,125,1481,0.10319580384106285
1352,128,1480,0.1032531773371541
1348,128,1476,0.10331475769305985
1357,128,1485,0.10337971101232121
1365,128,1493,0.10341939578969057
1362,126,1488,0.10343811913281968
1355,126,1481,0.10346167469917336
1353,127,1480,0.10349879816282495
1371,128,1499,0.10353687540787206
1372,129,1501,0.10353250286567342
1360,128,1488,0.10352675967806374
1370,125,1495,0.10354655840923256
1388,124,1512,0.10354307804198004
1397,121,1518,0.10350131990052387
1392,119,1511,0.10344410736901967
1375,118,1493,0.1034026365700543
1363,115,1478,0.10340086049025697
1363,114,1477,0.10342586609625297
1378,118,1496,0.10344847176101993
1380,119,1499,0.10343662457970673
1368,118,1486,0.10342164785356527
1376,118,1494,0.10343391027905455
1380,120,1500,0.10342764767981709
1371,121,1492,0.10341310255374271
1374,117,1491,0.10341869704144958
1383,118,1501,0.10341730391033072
1385,119,1504,0.10339700584501724
1385,117,1502,0.10337454977873298
1373,122,1495,0.10335456303414911
1372,124,1496,0.10336199037615733
1386,124,1510,0.10337095095786702
1376,123,1499,0.10334848462493604
1378,124,1502,0.10334982935383753
1381,125,1506,0.10334587863816296
1386,121,1507,0.10333600503218485
1384,126,1510,0.10331653560621212
1370,129,1499,0.10330310963853616
1355,129,1484,0.10332108598671735
1352,129,1481,0.10337043163967591
1353,129,1482,0.10342195087459853
1362,131,1493,0.1034671707222898
1353,130,1483,0.10348848824528431
1369,135,1504,0.10352769647843342
1366,136,1502,0.10352877055288497
1360,136,1496,0.10353640868497842
1362,138,1500,0.10355700607614214
1360,143,1503,0.10357126594565137
1356,140,1496,0.10358836755337812
1353,138,1491,0.10361293271517225
1352,140,1492,0.10364221675500679
1364,137,1501,0.10367090387573627
1370,133,1503,0.10367129737226065
1360,135,1495,0.10365805051409017
1361,139,1500,0.1036669468299293
1365,139,1504,0.1036736941030751
1366,136,1502,0.10367071600581955
1353,143,1496,0.10366683568845353
1347,140,1487,0.10369159135031616
1336,143,1479,0.10372706142331196
1337,140,1477,0.10378399941170305
1351,140,1491,0.10383357621449879
1348,147,1495,0.10384829388012115
1343,148,1491,0.10386862261285502
1352,150,1502,0.10389794899817026
1356,148,1504,0.1039055454083249
1368,153,1521,0.10390354816392683
1365,152,1517,0.10387557354280709
1358,156,1514,0.10385689091778243
1345,151,1496,0.103855232891148
1345,153,1498,0.10388224657094185
1351,153,1504,0.10390607062536525
1350,156,1506,0.10391565525078064
1336,154,1490,0.10392691280073611
1328,153,1481,0.10396724279288914
1325,153,1478,0.10402160367790342
1334,158,1492,0.10407909833095516
1333,161,1494,0.1041125207906352
1334,157,1491,0.10414558094185476
1330,159,1489,0.10417342856564897
1325,158,1483,0.10420771768235385
1335,157,1492,0.10424980016014526
1326,155,1481,0.1042666335008584
1327,157,1484,0.10430131453480937
1339,159,1498,0.10433127346613016
1326,162,1488,0.10433192983906109
1326,164,1490,0.10436067623596408
1324,165,1489,0.10438682247247008
1314,165,1479,0.10441489273587369
1325,162,1487,0.10446252652977124
1337,162,1499,0.10448213994711289
1335,164,1499,0.10447413865407879
1334,163,1497,0.10447096457080735
1328,163,1491,0.10447027910585437
1339,166,1505,0.10448321254635581
1328,167,1495,0.10447146312650808
1328,167,1495,0.10448469562637074
1336,171,1507,0.10449715616243252
1336,163,1499,0.10449066540548117
1334,169,1503,0.10448504361054621
1325,172,1497,0.10448341724177901
1318,171,1489,0.10450134422415619
1326,173,1499,0.10453303613514456
1327,172,1499,0.10454537768754618
1322,173,1495,0.10455445839875228
1324,179,1503,0.10457349190922305
1321,178,1499,0.10458678577762207
1315,182,1497,0.10460465014779093
1317,178,1495,0.1046347655720926
1310,178,1488,0.10465760512165773
1325,179,1504,0.10469351407713065
1309,175,1484,0.10469364119318508
1309,176,1485,0.1047290758585946
1316,172,1488,0.10476103131955529
1321,170,1491,0.10477472816429934
1312,172,1484,0.10477673222343835
1318,171,1489,0.10479792652113255
1310,170,1480,0.10480368670616819
1332,162,1494,0.10482585271984388
1336,167,1503,0.10479834160267569
1338,170,1508,0.10476409955821485
1328,171,1499,0.1047285614827392
1319,172,1491,0.1047186699570974
1327,174,1501,0.10472982891859356
1325,173,1498,0.10472255458423627
1323,173,1496,0.1047205539141983
1321,171,1492,0.104723250163219
1330,174,1504,0.10473022945451581
1322,172,1494,0.10471742509587355
1318,170,1488,0.10472301138942651
1322,172,1494,0.10473688544443656
1321,177,1498,0.10474133712770278
1327,185,1512,0.10474765795890172
1320,181,1501,0.10474011994472321
1294,180,1474,0.10474852099957264
1310,175,1485,0.10481353143980052
1315,178,1493,0.10483819849290825
1321,177,1498,0.10484926797852401
1331,180,1511,0.10484650543961617
1321,182,1503,0.10482181591979806
1318,184,1502,0.1048204264711697
1312,181,1493,0.10482594132143162
1317,177,1494,0.10484423913304941
1315,180,1495,0.1048497341272097
1333,183,1516,0.10485906010380067
1334,189,1523,0.10482803838426318
1325,186,1511,0.10479808873293389
1325,186,1511,0.1047900991754084
1324,178,1502,0.10478323770597225
1332,180,1512,0.10477911542837966
1321,181,1502,0.10475796658729558
1314,177,1491,0.10476299794729309
1307,182,1489,0.10478270977092219
1300,183,1483,0.10481572098533778
1303,184,1487,0.10486196809577858
1306,183,1489,0.10489722924743941
1301,185,1486,0.10492401136687683
1300,189,1489,0.1049597244810614
1306,189,1495,0.10499419049848274
1312,194,1506,0.10501233988757348
1306,194,1500,0.10501584203275921
1305,195,1500,0.10503221171934862
1292,199,1491,0.10504966235980334
1286,197,1483,0.10509400862694501
1297,198,1495,0.10514766738409012
1297,197,1494,0.10517251273903444
1305,202,1507,0.10519514827942907
1297,199,1496,0.10519829608539365
1302,193,1495,0.10521927347151959
1303,192,1495,0.10522672228496238
1302,191,1493,0.10523117228623478
1306,195,1501,0.10523717293622684
1305,200,1505,0.1052335579638212
1301,207,1508,0.10523303474630218
1299,203,1502,0.10524122673253465
1299,205,1504,0.10525288682408263
1296,203,1499,0.1052631200928759
1292,205,1497,0.10528007776406835
1286,209,1495,0.10530415184655186
1279,206,1485,0.10533962913349075
1287,208,1495,0.10538730775543197
1291,212,1503,0.10541365585611728
1287,209,1496,0.10542881574170541
1283,205,1488,0.10545199725145923
1280,206,1486,0.10548183296382685
1275,209,1484,0.10551608379554839
1267,206,1473,0.10555918663020676
1263,208,1471,0.10561523069515784
1271,209,1480,0.10567558337004847
1272,208,1480,0.10571302283631864
1276,211,1487,0.1057457808697825
1288,213,1501,0.10576723452976794
1286,216,1502,0.10576049461790958
1281,221,1502,0.10575932159906444
1279,222,1501,0.10576923655778607
1273,224,1497,0.10578283781559775
1271,224,1495,0.10580901199663806
1280,224,1504,0.10583664699509292
1286,225,1511,0.10584250696069039
1279,222,1501,0.10583485561815686
1281,226,1507,0.10584381158964223
1264,225,1489,0.10584867956069051
1255,230,1485,0.10589069765772395
1263,228,1491,0.10594943570469251
1268,232,1500,0.10598631314906136
1278,225,1503,0.10600803046811234
1275,227,1502,0.10600528232392752
1266,224,1490,0.10600957580675885
1265,224,1489,0.10603372316334635
1270,225,1495,0.10605836839666853
1266,221,1487,0.10607007254059926
1273,219,1492,0.10608873180112717
1284,226,1510,0.10608972224437821
1280,231,1511,0.10606662159881143
1265,230,1495,0.10605401123573795
1269,235,1504,0.1060757217358861
1264,233,1497,0.1060869054991026
1258,238,1496,0.10610820693345527
1265,230,1495,0.10614142057191824
1266,229,1495,0.1061564356306183
1270,225,1495,0.10616798080492952
1269,222,1491,0.10616925034204318
1270,231,1501,0.10617305286461623
1274,231,1505,0.1061739654777939
1259,230,1489,0.10616635922705733
1248,231,1479,0.10619274317909458
1254,231,1485,0.10624182619845951
1256,233,1489,0.10627331883562219
1267,236,1503,0.10629705271256977
1264,238,1502,0.10629482322646781
1249,235,1484,0.10629957366456722
1248,243,1491,0.10633694314694499
1241,243,1484,0.10637398262977144
1241,243,1484,0.10642397294035615
1231,243,1474,0.10646949699477602
1245,241,1486,0.10653343079992025
1252,238,1490,0.10656033500991668
1259,232,1491,0.10656902616157113
1256,230,1486,0.10656106102181198
1256,233,1489,0.10655993996387134
1257,232,1489,0.1065581062808421
1252,227,1479,0.10655493778386425
1262,230,1492,0.10656272724016595
1265,230,1495,0.10654702669334895
1258,231,1489,0.10652639640067083
1259,228,1487,0.10652271105733999
1251,234,1485,0.10651795479837402
1277,234,1511,0.10653246247584651
1267,233,1500,0.10648772586940568
1260,232,1492,0.1064685544368086
1262,238,1500,0.10646660899089158
1260,240,1500,0.10646036772299329
1255,243,1498,0.10645912108126174
1263,241,1504,0.10646960603214968
1257,244,1501,0.10646160486632095
1260,245,1505,0.10646828916417707
1242,245,1487,0.10646720123895506
1239,245,1484,0.10650610754835256
1248,245,1493,0.1065478936682422
1255,247,1502,0.10656612247948445
1251,241,1492,0.10656708820677686
1237,244,1481,0.10657669850588455
1245,247,1492,0.10661736243904638
1241,249,1490,0.1066361577712708
1238,247,1485,0.10666305035141178
1249,252,1501,0.1066939689134766
1247,248,1495,0.10669796576544414
1258,247,1505,0.10670641163894175
1248,246,1494,0.10668987439142547
1249,239,1488,0.10669678806674099
1262,238,1500,0.10670086371182533
1256,239,1495,0.10667571777180872
1247,241,1488,0.10666624692689418
1249,239,1488,0.10667810032612118
1246,247,1493,0.10668290609128173
1245,245,1490,0.1066945659719523
1238,247,1485,0.10670734125597209
1241,252,1493,0.10673594616290177
1245,252,1497,0.10675492110512655
1236,254,1490,0.1067626786338564
1238,248,1486,0.10678989238697997
1239,251,1490,0.10680984138610274
1239,251,1490,0.1068265031714719
1232,249,1481,0.10684197927994413
1242,249,1491,0.10687265104209112
1246,258,1504,0.10687948554788465
1248,255,1503,0.10687745097591009
1248,256,1504,0.10686975349797495
1236,259,1495,0.1068633196410996
1236,261,1497,0.10688423864384643
1236,264,1500,0.10690329791750454
1230,267,1497,0.10692124291504762
1233,270,1503,0.10695122361716133
1231,269,1500,0.10697197232222613
1224,272,1496,0.1069949887882748
1223,270,1493,0.10703206572564593
1229,272,1501,0.10706907535817564
1216,272,1488,0.107089626687161
1227,273,1500,0.10713759983129
1222,278,1500,0.10715759649838459
1222,277,1499,0.10718739248539116
1220,277,1497,0.10721497503523328
1220,279,1499,0.10724462547836841
1217,281,1498,0.10727244507880566
1218,280,1498,0.10730406727862286
1218,282,1500,0.10733109921094673
1209,282,1491,0.10735623318789549
1210,279,1489,0.1073992753421665
1215,286,1501,0.10743610118974718
1184,280,1464,0.1074586411484994
1204,281,1485,0.10754918958271258
1207,287,1494,0.10758744317067073
1207,286,1493,0.10761635227509814
1199,295,1494,0.10764219937049287
1194,293,1487,0.107684988968557
1194,295,1489,0.10773539896137738
1199,297,1496,0.10778129848605783
1202,293,1495,0.1078123303926714
1195,295,1490,0.10783427052452811
1200,295,1495,0.10787109071138616
1205,295,1500,0.10789490199460022
1194,296,1490,0.107904765160919
1199,299,1498,0.10793959916428779
1207,298,1505,0.10796106409258746
1204,302,1506,0.10796316682398326
1205,308,1513,0.10797225880678393
1208,305,1513,0.10797869018762503
1196,309,1505,0.10797812748343517
1199,309,1508,0.10800367867895705
1196,307,1503,0.1080193468012266
1202,311,1513,0.10804098035424144
1189,310,1499,0.10804733752007614
1192,306,1498,0.10808295132395372
1186,307,1493,0.10810857089323987
1175,308,1483,0.10814546958843342
1181,312,1493,0.10820412856811235
1189,307,1496,0.10824434162306694
1187,312,1499,0.10826246178547258
1197,304,1501,0.10828387058000667
1194,313,1507,0.10828151183136896
1187,318,1505,0.10828533876675824
1189,316,1505,0.10830398855776352
1188,319,1507,0.10831647342120626
1186,317,1503,0.10833036464758472
1171,316,1487,0.10834835756854645
1174,323,1497,0.10839838889945164
1175,318,1493,0.1084383659128474
1179,320,1499,0.10847290510075652
1172,323,1495,0.10849562776453961
1168,330,1498,0.10853274865561258
1175,341,1516,0.10857660967589049
1175,340,1515,0.10860143305204398
1168,333,1501,0.10862383409813091
1150,337,1487,0.1086610729153439
1157,335,1492,0.10873595602718254
1164,331,1495,0.10878808406202371
1161,336,1497,0.10881998597330882
1161,334,1495,0.10885561052002396
1167,337,1504,0.10888921476599238
1163,333,1496,0.10890547866905469
1177,335,1512,0.10892907889990411
1171,336,1507,0.108918486572773
1166,331,1497,0.10892289656423443
1162,339,1501,0.1089401443274776
1158,341,1499,0.10896528597698332
1149,339,1488,0.10899750172745357
1149,335,1484,0.10904661115190993
1157,334,1491,0.10909169057034848
1168,344,1512,0.10911481154379242
1162,348,1510,0.10911116553269547
1163,339,1502,0.10912204310577839
1172,335,1507,0.10913045157175283
1164,342,1506,0.10911748934230196
1156,345,1501,0.10912328299621792
1155,344,1499,0.10914814365536646
1155,348,1503,0.10917345829012602
1153,347,1500,0.10919677179280483
1167,348,1515,0.10922289445350813
1165,345,1510,0.10921550803096167
1158,339,1497,0.10921311387867622
1158,342,1500,0.10922607652802284
1156,340,1496,0.10923758320030576
1158,342,1500,0.10925434828532009
1161,345,1506,0.10926490573099197
1165,345,1510,0.10926758555013728
1172,347,1519,0.1092612941330966
1161,344,1505,0.10923918434986922
1158,349,1507,0.10924350055571351
1164,346,1510,0.10925457477467732
1158,341,1499,0.10925180316162887
1151,344,1495,0.10926253759256291
1150,345,1495,0.10928799531311441
1159,348,1507,0.10931313570736498
1163,352,1515,0.10931581550363496
1154,353,1507,0.10930932193277622
1163,356,1519,0.1093236312300267
1153,363,1516,0.10931722480833575
1146,360,1506,0.10933359265248908
1134,362,1496,0.10936464255263076
1127,375,1502,0.1094207079273034
1130,371,1501,0.10948762533175842
1120,374,1494,0.10954236513652382
1127,372,1499,0.1096155995803004
1121,376,1497,0.10966750479967562
1117,380,1497,0.10972871770864341
1103,378,1481,0.10979359206061372
1106,384,1490,0.10988374439146138
1118,381,1499,0.10995925285345713
1119,383,1502,0.11000142853796198
1121,386,1507,0.11003993748999007
1114,389,1503,0.1100709440190628
1107,395,1502,0.11011590256805132
1111,393,1504,0.11017352707558807
1105,396,1501,0.11021751511026259
1097,396,1493,0.1102714674859633
1094,398,1492,0.1103399756355212
1098,401,1499,0.11041043920770495
1109,398,1507,0.11046541065268524
1112,406,1518,0.11049042770557767
1105,406,1511,0.1105071277473866
1084,407,1491,0.11053867782643487
1093,407,1500,0.11061490588872251
1089,409,1498,0.11066449912360582
1089,410,1499,0.11071914432251717
1095,405,1500,0.1107702285257539
1106,417,1523,0.11080310176845862
1102,420,1522,0.11080832742848934
1095,424,1519,0.11082251797346859
1090,420,1510,0.11085175537381815
1095,420,1515,0.11089085475253004
1092,417,1509,0.11091555490146691
1092,420,1512,0.11094582822368525
1083,421,1504,0.11097446724933317
1069,416,1485,0.11102182630825741
1078,416,1494,0.11109769014996847
1081,417,1498,0.11114628930825429
1077,420,1497,0.11118431214551354
1078,418,1496,0.11122801119459774
1071,418,1489,0.11126627754912026
1076,420,1496,0.11131682027615859
1083,430,1513,0.11135238376832537
1079,426,1505,0.11136881825545522
1070,428,1498,0.11139310109018091
1062,429,1491,0.1114361569014341
1063,428,1491,0.11149468549832842
1061,428,1489,0.11154565600025751
1074,424,1498,0.11159702186366514
1075,425,1500,0.11161447415145177
1067,428,1495,0.11162899284872266
1073,432,1505,0.11166042083515552
1074,426,1500,0.1116756414134127
1073,431,1504,0.1116869233234576
1080,424,1504,0.11169924356180219
1074,425,1499,0.11169482035244332
1071,434,1505,0.11170524064409161
1070,435,1505,0.11172249617500682
1076,427,1503,0.11174004704280571
1084,424,1508,0.1117418076413404
1081,422,1503,0.1117252067669447
1083,420,1503,0.1117167452147016
1076,424,1500,0.11170390175510772
1064,422,1486,0.11170865773867054
1064,431,1495,0.11174084081478249
1065,436,1501,0.11177099289362732
1065,442,1507,0.11179660965657558
1057,442,1499,0.1118201280304507
1059,454,1513,0.11186110283072015
1054,454,1508,0.1118936811715329
1049,447,1496,0.11193543006663992
1043,454,1497,0.111985404935923
1044,459,1503,0.11204587311360527
1050,456,1506,0.1120999524620819
1036,453,1489,0.1121360464386355
1026,460,1486,0.11220154477069894
1024,461,1485,0.11228531375138835
1028,464,1492,0.11236614100284764
1021,469,1490,0.11243097947652199
1019,472,1491,0.1125070282269166
1018,469,1487,0.11258110364905033
1011,465,1476,0.11265071745603976
1025,464,1489,0.11273118373284545
1030,465,1495,0.1127718062160835
1031,468,1499,0.11279815880613633
1030,467,1497,0.11282066189534108
1032,466,1498,0.11284409944427179
1032,463,1495,0.11286054354594448
1051,458,1509,0.11287478809156466
1039,454,1493,0.11284384654245833
1039,460,1499,0.11284310781184764
1038,462,1500,0.1128420070403311
1033,472,1505,0.11284374466809612
1034,473,1507,0.11285649911246633
1019,483,1502,0.11286667460563816
1019,488,1507,0.11291125799551224
1027,497,1524,0.11295378985950244
1011,496,1507,0.11297562124797846
1012,497,1509,0.11303290080293184
1011,493,1504,0.11308394538956489
1025,488,1513,0.11313304656992945
1014,491,1505,0.11314485442752517
1006,502,1508,0.11318172515201046
1005,502,1507,0.11323496490513499
1009,493,1502,0.11328681372091264
1000,487,1487,0.11332486432957051
1000,489,1489,0.11338075285498368
1006,491,1497,0.11343281206732385
1004,509,1513,0.11346773446130314
1000,512,1512,0.11350483528934259
1001,513,1514,0.11354820996909795
1005,519,1524,0.11358632018590668
1000,515,1515,0.11361269385214907
989,516,1505,0.11364904508309664
986,518,1504,0.11370735062362282
994,509,1503,0.11376797712624125
995,501,1496,0.11380472427184397
988,507,1495,0.11383692801529524
990,509,1499,0.11388313503411367
997,505,1502,0.11392075097640113
982,509,1491,0.11393862155636354
995,504,1499,0.11399029071770847
990,517,1507,0.11400749119130282
983,522,1505,0.11403524922119573
982,520,1502,0.114077040354147
980,517,1497,0.11411889515870932
984,514,1498,0.1141623149936002
983,520,1503,0.11419285767279
975,524,1499,0.11422378899919522
975,537,1512,0.1142723054983875
963,537,1500,0.1143171414790116
960,527,1487,0.11438599843904435
966,531,1497,0.11445673497895996
952,533,1485,0.11450815849408152
952,534,1486,0.11458841655312874
957,544,1501,0.11466238444603068
959,550,1509,0.11471944127275786
963,548,1511,0.11476792750339648
954,547,1501,0.11480332229960817
955,542,1497,0.11485746932244237
948,548,1496,0.11490610410031436
938,551,1489,0.11496671095791637
943,553,1496,0.11504701759276108
950,555,1505,0.11510901224985051
945,560,1505,0.11514959332375843
929,553,1482,0.11519925291967326
929,563,1492,0.11528311610498726
938,573,1511,0.11535945634571981
930,565,1495,0.11540811620127517
932,561,1493,0.11547256829768923
931,561,1492,0.1155270305087874
940,564,1504,0.11558000130194902
939,561,1500,0.11560743291804904
925,556,1481,0.11563533396383072
925,555,1480,0.11569489637712436
932,560,1492,0.1157494638738449
942,569,1511,0.11578314781315012
938,571,1509,0.11578989577791741
949,566,1515,0.11580697306646709
949,571,1520,0.11579619975589381
947,564,1511,0.11578636491900551
941,558,1499,0.1157833690275931
947,562,1509,0.11579559762919772
939,566,1505,0.11579221949994242
937,568,1505,0.11580782498610302
937,571,1508,0.11582647670493071
931,564,1495,0.11584350800305647
926,569,1495,0.11587395092407035
916,582,1498,0.11591480148793117
915,579,1494,0.1159775483683315
923,574,1497,0.11603764663539604
914,582,1496,0.11607324331201127
916,581,1497,0.11612694784740078
915,580,1495,0.11617219318576857
913,586,1499,0.11621662704509518
904,588,1492,0.11626134436749389
906,599,1505,0.11632407314439526
893,599,1492,0.11637757830221272
895,601,1496,0.11645854341474397
896,603,1499,0.11652876166649154
888,599,1487,0.1165908901281181
890,596,1486,0.1166684070130129
903,602,1505,0.11673560945527645
907,602,1509,0.11676635399558208
916,601,1517,0.1167852524553667
912,597,1509,0.11678221181588783
917,601,1518,0.11678889001315049
911,602,1513,0.11678243667561244
894,607,1501,0.11678977947882385
898,609,1507,0.1168376490087119
903,609,1512,0.1168717344591414
913,597,1510,0.11689059243434313
912,599,1511,0.1168844118346166
895,596,1491,0.11688147261967032
892,604,1496,0.11691926354299181
891,591,1482,0.11696077143031496
897,591,1488,0.11700245365398679
884,598,1482,0.11702676236435768
884,602,1486,0.1170803377049532
886,608,1494,0.11713042884321168
883,617,1500,0.11717211844676946
870,618,1488,0.1172185933467577
863,618,1481,0.11729401161880698
878,620,1498,0.11738015281124063
881,627,1508,0.11742411655011813
875,630,1505,0.11745664991254118
874,629,1503,0.11750120529096701
871,623,1494,0.11754517788180735
871,624,1495,0.1175939628226587
865,611,1476,0.11763860127279267
868,623,1491,0.11769455858105658
868,631,1499,0.11773921121386513
875,622,1497,0.11778086855140411
879,616,1495,0.11780232527867224
886,618,1504,0.11781164829659374
886,619,1505,0.1178028207823806
869,613,1482,0.11779476063380102
869,614,1483,0.11782822730304879
868,630,1498,0.11785971978984908
865,635,1500,0.11789098786269545
872,624,1496,0.11792660060531122
865,623,1488,0.11794346432023146
860,617,1477,0.11797621011731504
860,624,1484,0.11801971217241014
862,622,1484,0.11805954596036075
871,629,1500,0.11809209065269437
868,633,1501,0.11810010721739961
861,633,1494,0.11811411423300784
857,639,1496,0.11814440852351168
860,629,1489,0.11818020724576968
866,635,1501,0.11820498238072691
869,636,1505,0.1182126285461162
869,636,1505,0.1182130314586103
861,644,1505,0.11821344321636179
868,644,1512,0.11823352746477418
844,651,1495,0.11823502285389648
848,648,1496,0.11829507492538005
850,653,1503,0.11834145999201655
850,645,1495,0.11837937032872965
856,640,1496,0.11841498159682981
855,641,1496,0.118433502488645
854,643,1497,0.1184526259120125
858,651,1509,0.11847278663101271
853,656,1509,0.11848208716975601
853,661,1514,0.11850299482982124
861,651,1512,0.11852246851789301
855,648,1503,0.11852109058072198
849,657,1506,0.11853534559578051
844,660,1504,0.11856321287992656
840,664,1504,0.11860058388161761
836,665,1501,0.11864436513736408
824,661,1485,0.11869464414476011
832,670,1502,0.11877016274958624
834,662,1496,0.11882117438557147
838,657,1495,0.11886366157347768
840,660,1500,0.11889070840313179
837,655,1492,0.11891072879753425
843,657,1500,0.11893654939354611
852,661,1513,0.11894549341780179
852,665,1517,0.11893151648786034
844,668,1512,0.11891930422228461
841,670,1511,0.11892856036755443
840,669,1509,0.11894377162234983
836,671,1507,0.11895980246918146
842,674,1516,0.11898378718839607
837,681,1518,0.11899095898583414
824,682,1506,0.1190096359277529
818,678,1496,0.1190594171119395
813,679,1492,0.11912082949889133
818,685,1503,0.1191904506343497
809,687,1496,0.11924243967900881
814,696,1510,0.1193114437445909
809,694,1503,0.11936366721721715
805,702,1507,0.11942488926329198
813,700,1513,0.11949136723055204
803,698,1501,0.11953328164236446
801,695,1496,0.11959563671800756
799,683,1482,0.11965787220013471
800,686,1486,0.11971993218583062
807,683,1490,0.11977545116344626
805,690,1495,0.11980872267719565
807,689,1496,0.11984536347794043
791,696,1487,0.11987377447358881
801,696,1497,0.11994014791573603
804,699,1503,0.11997645187084671
804,700,1504,0.12000231955649769
799,706,1505,0.1200264041107365
801,705,1506,0.12006065411436136
799,689,1488,0.12008744424604252
808,688,1496,0.12011698348359161
813,688,1501,0.1201220655342103
812,695,1507,0.12011543723916579
806,700,1506,0.12011125520376435
798,700,1498,0.12012133706415724
800,691,1491,0.12015000582533367
800,696,1496,0.12017102864348349
792,691,1483,0.12019059981258266
787,698,1485,0.12022990529220275
790,703,1493,0.12027818792015804
793,716,1509,0.12031453933000628
790,706,1496,0.12034050150706584
793,713,1506,0.12037024864707982
805,716,1521,0.12038993552758624
801,713,1514,0.12037928894786232
799,716,1515,0.1203792082463566
796,714,1510,0.12038405036104766
798,723,1521,0.12039617331789479
788,724,1512,0.12040213326004835
783,719,1502,0.12043387326481039
784,722,1506,0.12047541232753751
791,722,1513,0.1205119446679453
778,725,1503,0.12052809787344639
786,718,1504,0.12057656259651431
788,707,1495,0.1206018473080578
781,713,1494,0.12062050122286153
781,720,1501,0.1206551106719523
780,725,1505,0.12068627394863878
773,728,1501,0.1207177900697864
772,715,1487,0.12076370900257132
775,732,1507,0.12080891318699537
776,731,1507,0.12084313215215378
773,740,1513,0.12087246018076905
771,735,1506,0.12090722848168273
779,736,1515,0.12094507069431311
773,738,1511,0.12095980497195771
756,741,1497,0.12098855870457303
766,744,1510,0.12105763633704791
769,736,1505,0.12109662804652115
766,736,1502,0.12112519564163474
775,727,1502,0.12115802095942377
773,726,1499,0.12116629235223497
780,720,1500,0.1211781173260725
761,715,1476,0.12117116684666901
768,721,1489,0.12121204756690726
765,719,1484,0.12123146312398995
766,725,1491,0.1212570335489655
765,730,1495,0.12127803374580204
765,731,1496,0.12130045518834756
756,739,1495,0.12132145110593427
753,732,1485,0.12136442457322115
759,734,1493,0.12141142114685667
761,744,1505,0.12143989628029239
763,736,1499,0.12146114275584922
764,745,1509,0.1214765098195904
757,742,1499,0.1214882786299949
752,738,1490,0.1215173411218976
757,745,1502,0.12155635630562661
758,747,1505,0.1215800128068722
763,747,1510,0.12159936516245166
762,756,1518,0.12160566219901969
755,754,1509,0.1216157495003589
742,754,1496,0.12164243786681095
751,763,1514,0.12169960198668103
754,761,1515,0.1217304028740256
753,765,1518,0.12175150629251469
750,761,1511,0.12177312700734017
752,763,1515,0.12180089318310655
735,763,1498,0.12182106187379733
746,770,1516,0.12188141630666355
746,766,1512,0.12191037135388867
742,778,1520,0.12193688849390778
738,783,1521,0.12197176461306801
739,784,1523,0.12201466231683987
742,785,1527,0.12205187281000399
742,781,1523,0.1220788630132882
727,783,1510,0.12210386962772186
722,786,1508,0.12216545150341133
724,788,1512,0.12223516817528307
724,796,1520,0.12229447027642483
714,800,1514,0.12234938066344916
711,793,1504,0.1224258377533451
716,799,1515,0.12250414614460331
723,800,1523,0.12256404033977093
720,792,1512,0.12260222157330096
729,803,1532,0.12264537496594925
724,797,1521,0.12266251810433876
717,798,1515,0.12269071292019781
707,791,1498,0.12273417933135843
712,804,1516,0.12279956037707779
725,794,1519,0.12284771134452821
719,785,1504,0.12285860516934602
714,791,1505,0.12288435723176509
709,790,1499,0.12292104929724068
705,789,1494,0.12296835717759907
711,800,1511,0.12302231779405762
701,794,1495,0.12305674828766816
701,800,1501,0.12311372287831837
708,800,1508,0.12316599339186274
706,806,1512,0.12319646780482958
706,806,1512,0.12322958936641758
709,799,1508,0.12326010032991426
704,800,1504,0.12328019190401465
697,796,1493,0.1233114449059751
695,808,1503,0.12335908621898092
690,813,1503,0.1234079178731249
687,808,1495,0.1234658941873533
685,820,1505,0.12352713947907085
687,816,1503,0.12358946536032218
689,830,1519,0.12364223003555824
683,819,1502,0.12368680293189314
685,825,1510,0.12374447572532737
680,828,1508,0.12379240380324158
665,835,1500,0.12384982978526995
657,838,1495,0.12394119326437027
663,833,1496,0.12404598726368697
659,827,1486,0.12412863002633902
668,821,1489,0.1242156997467914
675,833,1508,0.12427269119368382
674,831,1505,0.12430695131891902
675,838,1513,0.12434145353655737
681,844,1525,0.12437079800448342
671,824,1495,0.12438302897295024
678,833,1511,0.12442024000755864
668,832,1500,0.12443672427400564
668,828,1496,0.12447766815428672
667,820,1487,0.12451558876472969
672,829,1501,0.12455371804575444
669,818,1487,0.12457651359485979
676,826,1502,0.12460480031914585
663,841,1504,0.12461266248436113
659,846,1505,0.12465491290042326
657,842,1499,0.1247049207943941
660,842,1502,0.12475554124683344
669,842,1511,0.12479517671974914
670,839,1509,0.12480747663311913
667,842,1509,0.12481652903381577
671,850,1521,0.12483314286076838
662,854,1516,0.12483936843830977
658,853,1511,0.12486834158297778
652,844,1496,0.12490576175009543
651,854,1505,0.12495526929309139
649,851,1500,0.12500409675383967
648,853,1501,0.1250552638648858
640,853,1493,0.1251041319448748
642,865,1507,0.12516979960527677
645,885,1530,0.12522470743067893
640,884,1524,0.12526776226244457
638,878,1516,0.12531965155614952
638,878,1516,0.12537343487179187
635,871,1506,0.12542409175539
624,867,1491,0.12547872336442029
624,879,1503,0.12555802887291603
615,881,1496,0.12563200918748543
611,884,1495,0.1257235517688725
609,895,1504,0.12581946110840814
600,902,1502,0.1259137359607901
601,897,1498,0.12602533999993948
597,904,1501,0.12612644447697405
602,901,1503,0.12622935243262845
588,911,1499,0.12631210084003772
591,909,1500,0.12642420421079154
590,915,1505,0.1265199635077582
593,901,1494,0.12661242111447557
589,913,1502,0.12669022284542433
591,917,1508,0.1267726325509098
594,912,1506,0.12684392206868134
586,913,1499,0.12690226564169074
586,918,1504,0.12697693990823594
587,917,1504,0.1270452967631698
582,927,1509,0.12710622175102845
585,929,1514,0.12717676102118852
582,932,1514,0.12723482592314958
569,930,1499,0.12729680200333512
573,925,1498,0.12738763892261862
573,940,1513,0.12746219666321942
571,934,1505,0.12753168923475638
571,936,1507,0.1276017855434587
570,933,1503,0.12766727633524866
570,928,1498,0.12773063458258094
569,930,1499,0.1277895769883526
568,929,1497,0.12784673903878913
564,937,1501,0.12790189309862232
560,941,1501,0.12796352198465377
560,944,1504,0.12803213023421522
555,948,1503,0.12809662386129808
564,954,1518,0.1281702466394437
565,954,1519,0.12821498153208555
563,954,1517,0.12825380110620035
555,940,1495,0.12829454383815733
548,938,1486,0.12835343580113773
547,944,1491,0.12842683498899274
546,950,1496,0.12849804948710633
547,945,1492,0.12856708925534477
547,947,1494,0.12862901697359075
554,948,1502,0.12868607181020666
549,960,1509,0.1287199887002041
549,965,1514,0.1287653484367401
541,959,1500,0.1288074128747003
542,965,1507,0.12886785001520693
533,981,1514,0.1289222247463878
536,980,1516,0.12899722960593865
538,977,1515,0.1290593652880894
528,986,1514,0.12911218779450462
526,986,1512,0.12918816706361103
521,991,1512,0.12926395103770597
513,1001,1514,0.1293486796043333
515,999,1514,0.1294488570436746
519,994,1513,0.12953621501499338
520,995,1515,0.12960738142637296
523,986,1509,0.12967074501082518
519,984,1503,0.12972162017600078
521,985,1506,0.1297797199718698
530,988,1518,0.12982813997759984
523,988,1511,0.12985013007258883
519,987,1506,0.12988899802934253
513,1003,1516,0.12993560856799513
512,1004,1516,0.12999581668908317
513,1004,1517,0.13005501445175535
517,999,1516,0.13010871907110932
509,994,1503,0.1301475969502014
513,994,1507,0.13020480573958568
519,992,1511,0.13024803102809382
516,982,1498,0.1302724004097099
519,986,1505,0.13030402588168108
510,985,1495,0.13032571041396143
514,988,1502,0.13037045236291323
507,988,1495,0.13040120182873136
509,984,1493,0.13044903659344334
507,989,1496,0.13048799350179371
505,1000,1505,0.1305302868795821
500,999,1499,0.13057443002227934
501,1005,1506,0.13062856335357403
491,1008,1499,0.13067626993136341
490,1003,1493,0.13074772688683794
498,1008,1506,0.13081699277640813
496,1005,1501,0.13085900293734182
497,1010,1507,0.1309030683629114
493,1026,1519,0.13094115516509333
498,1024,1522,0.13098647866737553
497,1022,1519,0.13101492739413426
493,1025,1518,0.1310441989430635
489,1035,1524,0.13108191134786046
481,1038,1519,0.1311279186891815
480,1038,1518,0.131192021811707
478,1033,1511,0.1312538041421999
478,1039,1517,0.13131661171787967
471,1044,1515,0.1313747665643782
477,1044,1521,0.13144730431083318
485,1042,1527,0.13149813694723517
484,1045,1529,0.13152373184061653
488,1045,1533,0.13155004923295985
484,1033,1517,0.13156391763885378
480,1032,1512,0.13158830210807282
469,1023,1492,0.13162187483415888
464,1039,1503,0.13168346588728874
464,1041,1505,0.13175488792779175
469,1054,1523,0.1318220228181214
471,1056,1527,0.1318710936215632
466,1053,1519,0.13191226941893863
466,1053,1519,0.13196344548740338
458,1052,1510,0.13201136136201008
455,1056,1511,0.13207825469702886
456,1066,1522,0.1321485038280407
456,1075,1531,0.13221134669315002
460,1069,1529,0.13227029418430433
458,1064,1522,0.13231431925950718
451,1056,1507,0.13236091264119984
449,1053,1502,0.13242353966748077
445,1054,1499,0.13248698058108213
444,1065,1509,0.13255704412359587
448,1066,1514,0.13262464453823253
443,1073,1516,0.13267652752291237
440,1079,1519,0.1327379735992149
442,1080,1522,0.13280310136726478
449,1079,1528,0.13285835276013155
446,1078,1524,0.1328914539221021
442,1086,1528,0.13293024513298385
443,1085,1528,0.13297747191242154
437,1087,1524,0.1330189712605843
441,1085,1526,0.13307364436350955
434,1086,1520,0.13311367407311658
438,1089,1527,0.13317002670045075
432,1093,1525,0.13321150587077402
434,1095,1529,0.1332670666731999
431,1091,1522,0.13331331364766322
433,1087,1520,0.13336491999836378
427,1089,1516,0.13340744848161407
424,1093,1517,0.13346313120017417
424,1096,1520,0.13352373858583833
424,1089,1513,0.1335801982659711
421,1087,1508,0.13363377356095082
416,1102,1518,0.13369196469520053
414,1101,1515,0.13375978404245895
415,1111,1526,0.13382831841996268
415,1112,1527,0.13388895632055692
405,1098,1503,0.13394593347069647
406,1101,1507,0.13402590472626297
403,1107,1510,0.1340983950460234
400,1103,1503,0.13417396767179945
397,1107,1504,0.13425335404199373
389,1100,1489,0.13433609891084825
400,1111,1511,0.13443482608002405
398,1114,1512,0.13449744359667842
398,1121,1519,0.13456109658129267
397,1123,1520,0.13462088277422044
384,1126,1510,0.13467907238372742
388,1125,1513,0.13476868257213578
383,1126,1509,0.1348418611667185
382,1126,1508,0.13492456986290052
391,1128,1519,0.13500470379881777
390,1129,1519,0.13505416265911208
387,1120,1507,0.13510313339284624
384,1121,1505,0.13515753315800857
373,1127,1500,0.13521705905885262
374,1130,1504,0.13530235596142126
376,1131,1507,0.13537774299268118
382,1119,1501,0.1354428499108438
383,1105,1488,0.13548659633164875
389,1107,1496,0.1355250074878137
390,1109,1499,0.13554510277658743
394,1120,1514,0.1355606873897327
393,1115,1508,0.13556407609743684
395,1113,1508,0.1355711058983972
391,1114,1505,0.13557201296540522
392,1123,1515,0.13558405396207335
387,1118,1505,0.13559334312970278
387,1122,1509,0.13561611162949408
377,1120,1497,0.1356372738382315
376,1130,1506,0.1356844364989448
372,1131,1503,0.13573151243963238
370,1131,1501,0.13578674752092304
380,1122,1502,0.13584248444143524
381,1126,1507,0.13586763197570453
385,1130,1515,0.1358879392046935
384,1133,1517,0.13589589940403865
375,1133,1508,0.13590740818579694
369,1136,1505,0.13594323974717873
373,1133,1506,0.1359925626942999
369,1138,1507,0.13602730157690765
367,1136,1503,0.13607082832298384
367,1142,1509,0.13611696541354976
369,1153,1522,0.13616125751672434
373,1153,1526,0.13619720730927667
366,1148,1514,0.13621958236053774
362,1148,1510,0.13626024771902812
360,1143,1503,0.1363093256211335
363,1145,1508,0.1363606173002553
365,1161,1526,0.13640037477340614
371,1146,1517,0.13643239793592368
374,1159,1533,0.13644519191197801
364,1162,1526,0.13644868255598713
364,1150,1514,0.136480828644112
364,1145,1509,0.13651013785756613
370,1145,1515,0.1365368942782819
363,1148,1511,0.1365438600048362
373,1154,1527,0.13656950144877317
373,1154,1527,0.13656721515642112
372,1132,1504,0.1365645429688689
368,1123,1491,0.13656536901457375
367,1132,1499,0.13657751662734977
375,1118,1493,0.13659198401234282
373,1122,1495,0.1365836548840155
376,1129,1505,0.13658063653395514
377,1141,1518,0.13656963459871657
377,1153,1530,0.13655691048895094
369,1151,1520,0.1365458620890629
367,1148,1515,0.13655832314227795
370,1148,1518,0.13657580860609694
370,1148,1518,0.13658343199949413
365,1168,1533,0.1365914093013581
362,1159,1521,0.13661182488982251
357,1160,1517,0.13663962457644263
356,1142,1498,0.13667906925443002
360,1148,1508,0.13671904136091328
359,1152,1511,0.13674531361323772
349,1155,1504,0.1367726336368232
350,1166,1516,0.1368270855673489
347,1164,1511,0.1368751214308256
346,1160,1506,0.13692841716269918
345,1162,1507,0.1369800914594232
341,1180,1521,0.13703085651720923
345,1181,1526,0.137088890814446
341,1171,1512,0.1371320975011324
348,1173,1521,0.13718387583478453
345,1165,1510,0.13721241418174127
346,1164,1510,0.13724738202513256
349,1153,1502,0.13727794494314277
354,1159,1513,0.13729721108952245
355,1166,1521,0.13730128464014427
349,1168,1517,0.1373023973597866
344,1174,1518,0.13732017235015118
341,1175,1516,0.13735022917835987
340,1180,1520,0.13738666659700624
335,1179,1514,0.13742382096011282
336,1191,1527,0.13747343392352415
337,1181,1518,0.13751724422426342
328,1177,1505,0.13755596813627716
328,1178,1506,0.13761735491682855
331,1179,1510,0.13767430511872827
326,1181,1507,0.13771951745902572
327,1177,1504,0.1377762574194759
324,1177,1501,0.1378262850957353
321,1187,1508,0.1378814919791919
318,1194,1512,0.13794139876680095
314,1203,1517,0.13800534150835586
315,1200,1515,0.13807515853947602
314,1195,1509,0.13813727749577423
308,1186,1494,0.13819815567224183
310,1188,1498,0.1382714888356064
303,1200,1503,0.1383346189965462
310,1208,1518,0.13841235960646958
301,1211,1512,0.13846515109427887
306,1197,1503,0.1385390822832143
307,1214,1521,0.13859403962006397
300,1226,1526,0.13864224826411053
299,1224,1523,0.13870788449825638
299,1207,1506,0.1387718934543809
297,1212,1509,0.13883205906435742
295,1210,1505,0.1388934277356211
292,1209,1501,0.13895657860427377
291,1214,1505,0.1390236057557289
288,1214,1502,0.13908940909500903
290,1213,1503,0.13915969918616772
286,1216,1502,0.13922013774913325
286,1223,1509,0.13928870423467432
288,1223,1511,0.1393522665258716
286,1219,1505,0.13940592651665043
285,1225,1510,0.13946204736945136
288,1223,1511,0.1395177198279983
288,1236,1524,0.1395613641278135
289,1235,1524,0.13960193039885505
291,1231,1522,0.13963714306225206
283,1238,1521,0.13966484794205658
285,1244,1529,0.13971375780301776
288,1236,1524,0.1397547024860155
282,1227,1509,0.1397845069796736
286,1214,1500,0.13982905797245068
291,1220,1511,0.13985916054983613
290,1220,1510,0.1398744163674145
294,1226,1520,0.1398913770875535
292,1230,1522,0.13989611984197226
289,1247,1536,0.1399064006194112
283,1236,1519,0.1399238430535519
285,1240,1525,0.13995701700365776
281,1239,1520,0.13998210110655196
281,1239,1520,0.14001649038818567
283,1221,1504,0.14004901806354828
289,1229,1518,0.14007399640134877
289,1240,1529,0.14008045778020534
288,1232,1520,0.14008614357133375
285,1232,1517,0.14009467580499174
281,1237,1518,0.1401120491115585
283,1245,1528,0.14014064527590003
277,1236,1513,0.14016197982073783
277,1235,1512,0.14019911080465738
276,1234,1510,0.14023325502560463
275,1233,1508,0.14026782896561996
278,1234,1512,0.14030305405559956
282,1227,1509,0.14032698506144123
283,1218,1501,0.14033807422023284
283,1226,1509,0.140345284232816
286,1233,1519,0.14035169741205167
282,1236,1518,0.1403502015606876
280,1231,1511,0.14036134522356755
275,1246,1521,0.14037714427659176
272,1244,1516,0.14040669741267475
269,1239,1508,0.1404425943921775
275,1250,1525,0.14048472588853067
266,1242,1508,0.14050642574440325
269,1257,1526,0.14055213128629127
265,1268,1533,0.14058694364081675
270,1257,1527,0.1406307818246198
266,1257,1523,0.1406568675743621
264,1258,1522,0.14069314697546548
261,1260,1521,0.1407331073598435
256,1246,1502,0.14077872992634893
264,1239,1503,0.1408350320938663
265,1252,1517,0.14086386742802592
264,1263,1527,0.140887389193277
270,1259,1529,0.14091216393722467
261,1250,1511,0.14091769237393506
259,1249,1508,0.14094946018206544
263,1257,1520,0.14098484269017347
259,1265,1524,0.1410070360368563
256,1263,1519,0.14103991573743305
254,1265,1519,0.1410791666019346
251,1271,1522,0.141121497061934
261,1253,1514,0.14116942311616054
257,1264,1521,0.14118491470814232
257,1259,1516,0.14121071357265905
258,1271,1529,0.14123475901377952
251,1265,1516,0.14125398392174587
254,1262,1516,0.1412922548874958
252,1270,1522,0.14131944550156741
253,1272,1525,0.1413502706320019
248,1276,1524,0.14137632565783506
245,1279,1524,0.14141501564032333
249,1270,1519,0.14145946372870308
253,1267,1520,0.14148981271712194
251,1276,1527,0.14150659157395803
244,1263,1507,0.1415279223364342
248,1271,1519,0.14156816856094614
245,1288,1533,0.1415950717789446
242,1286,1528,0.14162815923320146
240,1282,1522,0.14166800529160645
234,1282,1516,0.14171067640393537
229,1279,1508,0.14176808468686983
228,1281,1509,0.14183659725656952
219,1298,1517,0.14190333411220607
225,1292,1517,0.14199144620644563
223,1294,1517,0.14205597143531531
217,1306,1523,0.14212348734459831
215,1309,1524,0.1422038336273819
216,1300,1516,0.14228511276170944
214,1299,1513,0.14235865499473443
217,1303,1520,0.14243353292098276
214,1314,1528,0.1424947977366648
206,1310,1516,0.1425601027316395
207,1312,1519,0.1426445643055882
208,1301,1509,0.1427212383673557
209,1306,1515,0.14279058018530988
210,1315,1525,0.14285247476643848
212,1305,1517,0.1429070766645764
208,1304,1512,0.14295182632200581
208,1305,1513,0.1430055649294778
203,1304,1507,0.1430556148423827
201,1301,1502,0.14311711289612686
201,1312,1513,0.14318053728500998
191,1320,1511,0.14323988160716264
186,1324,1510,0.14332359773579398
187,1314,1501,0.14341637214232603
186,1307,1493,0.14349938567981066
187,1310,1497,0.1435801393087688
187,1318,1505,0.14365220680317056
190,1305,1495,0.14371996843738588
191,1315,1506,0.14377455718602508
186,1335,1521,0.14382274944805865
183,1328,1511,0.14388314629500065
185,1333,1518,0.14394832876259137
182,1335,1517,0.14400416243713465
185,1330,1515,0.1440652815389062
184,1340,1524,0.14411409330802166
181,1333,1514,0.1441632333448506
178,1326,1504,0.1442182031862787
178,1326,1504,0.144278645841745
181,1319,1500,0.1443352494233507
181,1316,1497,0.1443789214054866
180,1329,1509,0.14441964370560462
173,1339,1512,0.1444602885929925
175,1341,1516,0.14451848950060367
172,1346,1518,0.14456699177015273
167,1351,1518,0.14462144253844028
170,1343,1513,0.14468728274678944
175,1332,1507,0.14473942226808098
170,1339,1509,0.14477330006644368
171,1342,1513,0.14481978333177728
168,1337,1505,0.1448602124779856
167,1346,1513,0.14490717919710186
166,1347,1513,0.14495412635310767
166,1346,1512,0.14500143287343523
162,1350,1512,0.1450455484232519
160,1353,1513,0.1450987743233386
157,1347,1504,0.14515434124863566
155,1365,1520,0.1452155599104312
158,1365,1523,0.14527895279474157
155,1367,1522,0.1453292610273336
150,1375,1525,0.14538556224075996
151,1370,1521,0.14545321120013885
149,1381,1530,0.14551377140271604
150,1387,1537,0.14557655834525682
148,1377,1525,0.14563273903060936
145,1369,1514,0.14569160359793887
143,1378,1521,0.1457557103904341
146,1370,1516,0.1458219186784788
140,1385,1525,0.14587493346967173
139,1382,1521,0.14594279969179985
140,1365,1505,0.14600952619884705
137,1369,1506,0.14606941702179121
135,1375,1510,0.14613505099019095
131,1380,1511,0.14620256634043355
131,1373,1504,0.14627797522094296
131,1387,1518,0.14634927573174594
128,1392,1520,0.14641627872831597
129,1387,1516,0.14648818490691423
130,1388,1518,0.14655241662527874
129,1376,1505,0.14660957872065053
130,1365,1495,0.14666618787722274
128,1373,1501,0.1467159595195412
124,1376,1500,0.14676910790473768
124,1390,1514,0.14683110420357956
123,1402,1525,0.14688916938853203
120,1408,1528,0.14694671985362917
121,1397,1518,0.14700975269915365
122,1388,1510,0.14706583145147636
122,1388,1510,0.1471150826671276
123,1396,1519,0.14716137829427645
126,1378,1504,0.14720161274242635
121,1384,1505,0.1472301616431621
120,1400,1520,0.147272309414
113,1396,1509,0.1473149996648502
113,1405,1518,0.14737644919082857
113,1395,1508,0.14743405580374364
116,1376,1492,0.14748810813483973
116,1383,1499,0.14752995506505553
116,1391,1507,0.14756909457904338
115,1397,1512,0.14760552835598756
113,1403,1516,0.14764257830519203
112,1420,1532,0.14768355967861765
110,1415,1525,0.14772496984902336
110,1406,1516,0.14776991257905284
108,1408,1516,0.14781189944540402
108,1414,1522,0.14785761382059692
107,1409,1516,0.1479002284017806
107,1395,1502,0.147943181474643
108,1379,1487,0.14798371220141648
106,1404,1510,0.14801913361484964
106,1399,1505,0.14805831599732847
100,1400,1500,0.1480952566213073
98,1401,1499,0.14814829956136705
98,1410,1508,0.1482044413882896
94,1415,1509,0.1482572533268764
94,1410,1504,0.14831888757810127
94,1428,1522,0.14837665082803775
90,1427,1517,0.14843081870311578
90,1419,1509,0.14849383461814397
93,1431,1524,0.14855263378854677
91,1422,1513,0.14859920466075865
92,1421,1513,0.14864932257992827
91,1432,1523,0.14869336088924057
88,1420,1508,0.1487375468682546
86,1418,1504,0.14878834635373595
87,1437,1524,0.14884240800979615
83,1449,1532,0.14889016871483463
83,1446,1529,0.14894759588197698
84,1437,1521,0.14900172927386154
85,1433,1518,0.1490495080895153
84,1432,1516,0.14909124417447597
82,1440,1522,0.14913358162510165
81,1445,1526,0.1491795457996039
81,1428,1509,0.14922582459386927
78,1433,1511,0.14926934644067838
78,1441,1519,0.14931965093453048
78,1441,1519,0.14936692474158672
75,1439,1514,0.14941131314923597
76,1450,1526,0.14946196791737218
77,1439,1516,0.1495059895410017
76,1442,1518,0.14954418201454428
77,1439,1516,0.14958298839550385
77,1435,1512,0.14961621679456427
76,1434,1510,0.14964727191890728
77,1434,1511,0.14967990558190347
74,1430,1504,0.14970766009833425
76,1434,1510,0.14974278741991923
75,1437,1512,0.14976979709904562
76,1426,1502,0.14979831978427402
78,1434,1512,0.1498220320264694
77,1437,1514,0.14983799768869469
77,1437,1514,0.14985621832716248
77,1437,1514,0.14987336822088876
79,1447,1526,0.14988953195467133
79,1445,1524,0.1498987165627276
77,1445,1522,0.14990726678319588
76,1437,1513,0.14992178510049134
76,1437,1513,0.14993852108210404
73,1439,1512,0.14995380536511896
72,1448,1520,0.14997694404123207
70,1451,1521,0.15000172246593504
65,1445,1510,0.1500311839608379
65,1439,1504,0.1500740800237236
68,1443,1511,0.15011453361249877
64,1441,1505,0.15014309206631188
65,1454,1519,0.1501823638489184
68,1450,1518,0.15021616292237228
68,1456,1524,0.15023850810489006
68,1457,1525,0.15025957614336266
70,1456,1526,0.15027940513503538
71,1467,1538,0.1502921135155429
71,1449,1520,0.15030093989894666
71,1454,1525,0.15030886541144636
70,1446,1516,0.15031630453116654
71,1448,1519,0.15032611409753907
75,1441,1516,0.1503321771931728
76,1422,1498,0.1503253062019308
79,1429,1508,0.15031578090298597
81,1422,1503,0.1502976847763347
79,1425,1504,0.15027441853732423
79,1438,1517,0.15025887290761974
80,1432,1512,0.15024425577909425
78,1442,1520,0.15022742563400873
77,1434,1511,0.15021792426917036
75,1436,1511,0.15021216198177786
71,1450,1521,0.15021283745929573
70,1435,1505,0.15022579783850998
70,1441,1511,0.15024110514692451
70,1440,1510,0.15025585808523442
71,1444,1515,0.15026975760693453
71,1445,1516,0.15027941189958047
72,1442,1514,0.15028844280645323
70,1439,1509,0.1502939727363626
67,1439,1506,0.1503056585512036
67,1441,1508,0.15032550386790405
68,1445,1513,0.15034377378238573
69,1434,1503,0.15035783814852352
68,1440,1508,0.15036818442209746
68,1437,1505,0.15038129075961087
69,1431,1500,0.15039353580653458
71,1445,1516,0.15040190531967101
71,1452,1523,0.15040366879643538
68,1455,1523,0.1504057142333387
68,1460,1528,0.1504172698995819
67,1461,1528,0.15042804486179429
62,1458,1520,0.1504416745738163
61,1462,1523,0.1504700544992477
59,1466,1525,0.150499802246859
57,1465,1522,0.1505338708014861
56,1466,1522,0.1505714466562501
57,1467,1524,0.15060982983095084
56,1463,1519,0.15064262441984413
55,1462,1517,0.15067652754747862
54,1472,1526,0.15071175070281773
52,1462,1514,0.1507482115305034
49,1455,1504,0.15078895461988423
48,1453,1501,0.15083630684361826
51,1454,1505,0.15088402316619637
49,1466,1515,0.15091952082180612
50,1467,1517,0.15095920036275554
50,1469,1519,0.15099365155532657
48,1483,1531,0.15102579067671776
47,1485,1532,0.15106242331091413
48,1473,1521,0.15109986660189503
48,1470,1518,0.1511318320452172
49,1460,1509,0.15116186135479012
50,1470,1520,0.15118702959200506
52,1459,1511,0.15120789297056142
50,1464,1514,0.15122131086849724
50,1462,1512,0.151240254375303
49,1464,1513,0.1512581064026253
48,1457,1505,0.15127795148110557
50,1468,1518,0.15129981077847723
50,1468,1518,0.15131419865604656
50,1465,1515,0.1513279691726274
51,1464,1515,0.15134100446989618
50,1460,1510,0.15135016949386287
49,1457,1506,0.1513620133138531
49,1467,1516,0.15137607797422808
48,1469,1517,0.15138955198792428
48,1465,1513,0.15140545169617195
46,1466,1512,0.15142035907034182
45,1462,1507,0.15144046742384815
43,1465,1508,0.1514620845233099
46,1474,1520,0.15148815170408972
48,1463,1511,0.15150373346156815
47,1475,1522,0.1515123973591517
49,1490,1539,0.15152392290689046
50,1487,1537,0.15152872549937657
53,1473,1526,0.1515303297365788
53,1454,1507,0.15152253333840743
53,1455,1508,0.15151532917227986
52,1450,1502,0.15150858766134515
50,1449,1499,0.1515047963882704
53,1454,1507,0.15150760373461344
53,1469,1522,0.15150111774921726
52,1462,1514,0.15149532123989232
55,1455,1510,0.15149283788171516
55,1471,1526,0.15148141027452394
53,1476,1529,0.15147079672772215
52,1472,1524,0.15146690660118353
54,1466,1520,0.1514661260199867
53,1469,1522,0.15145925300431917
52,1459,1511,0.15145580478861911
53,1455,1508,0.15145570168672015
52,1454,1506,0.15145230509774632
51,1460,1511,0.15145209631500095
52,1463,1515,0.15145494669922369
52,1468,1520,0.15145448130447092
51,1483,1534,0.15145376202750468
51,1477,1528,0.15145614466871518
50,1472,1522,0.15145865356553145
52,1467,1519,0.15146385338669655
52,1467,1519,0.15146299348092218
50,1466,1516,0.15146223685582322
49,1455,1504,0.15146793390171084
49,1457,1506,0.15147655362326365
49,1463,1512,0.151484719063562
48,1462,1510,0.15149233052100763
46,1471,1517,0.15150265161661058
48,1468,1516,0.15151855336717046
48,1467,1515,0.1515272809505018
50,1476,1526,0.1515356174319208
48,1466,1514,0.15153753878187004
47,1461,1508,0.15154581638265327
46,1465,1511,0.15155680437182842
44,1470,1514,0.15157002317086657
44,1476,1520,0.15158851235364035
43,1478,1521,0.15160581198700143
41,1472,1513,0.15162504893734738
40,1471,1511,0.1516493222877194
40,1471,1511,0.15167501034733813
40,1476,1516,0.15169906968061914
39,1476,1515,0.15172186919681377
38,1465,1503,0.15174645764366138
38,1476,1514,0.15177266073699125
37,1477,1514,0.151797179394309
38,1477,1515,0.15182280257353803
37,1479,1516,0.15184404438055207
38,1476,1514,0.15186698372637492
39,1477,1516,0.15188541671608013
39,1485,1524,0.15189992446444048
40,1472,1512,0.1519135640334724
39,1482,1521,0.15192319685872857
40,1484,1524,0.15193535036556427
40,1502,1542,0.15194359630884122
39,1494,1533,0.15195095353065477
39,1497,1536,0.1519611818200019
39,1495,1534,0.15197090623753617
40,1484,1524,0.15198021524482563
40,1475,1515,0.15198577307653946
39,1479,1518,0.15199101770327922
39,1490,1529,0.15199905535875313
40,1480,1520,0.15200675752135578
39,1471,1510,0.15201096860080304
39,1462,1501,0.15201821850485048
37,1484,1521,0.15202507919679056
39,1476,1515,0.15203758344300983
40,1475,1515,0.15204323243802892
41,1474,1515,0.15204539959986085
42,1462,1504,0.15204453106187535
40,1467,1507,0.1520407190951947
41,1472,1513,0.15204308256374272
43,1483,1526,0.15204238365565856
43,1477,1520,0.15203530428188933
42,1487,1529,0.15202874583219678
42,1479,1521,0.15202574808367675
41,1478,1519,0.15202293600711886
41,1475,1516,0.15202342330297616
39,1479,1518,0.1520236622173094
39,1486,1525,0.15202984211126427
39,1491,1530,0.15203554043141182
37,1478,1515,0.15204082693394116
36,1470,1506,0.1520519436393622
37,1468,1505,0.15206515643541899
35,1466,1501,0.1520743588405544
37,1478,1515,0.15208929612178676
39,1477,1516,0.15209756379375913
40,1471,1511,0.1520989262274651
40,1479,1519,0.15209714110818504
41,1483,1524,0.1520955155072731
40,1488,1528,0.15209086093628582
42,1485,1527,0.15208947055495486
41,1484,1525,0.15208177038210516
41,1487,1528,0.15207764326474915
42,1488,1530,0.15207373405528457
42,1485,1527,0.15206684633652798
40,1487,1527,0.15206022128883093
41,1478,1519,0.15206001402850586
41,1479,1520,0.152056535816286
40,1490,1530,0.15205342905173344
40,1488,1528,0.15205350210854465
41,1493,1534,0.15205325878447368
42,1501,1543,0.15204976568159906
42,1511,1553,0.1520435399324243
43,1490,1533,0.15203755970652819
42,1487,1529,0.15202905673019185
41,1484,1525,0.15202432294450482
40,1472,1512,0.1520230362399527
39,1483,1522,0.15202476672053994
38,1492,1530,0.1520296053496356
38,1475,1513,0.15203726491814096
39,1483,1522,0.15204429811441705
38,1472,1510,0.15204786555678113
37,1473,1510,0.15205447507635625
35,1465,1500,0.15206378300702528
35,1487,1522,0.15207862132463115
35,1475,1510,0.15209250035822783
36,1472,1508,0.1521055029596288
34,1497,1531,0.15211454345475656
35,1495,1530,0.15212914260749527
36,1492,1528,0.15213961098627218
35,1491,1526,0.1521464139937531
34,1484,1518,0.15215598390224966
36,1470,1506,0.1521680994777305
38,1479,1517,0.15217329856226258
38,1464,1502,0.15217204750595756
37,1469,1506,0.15217089906217074
36,1475,1511,0.1521730346044489
34,1468,1502,0.15217817758126564
35,1465,1500,0.15218885321405548
35,1474,1509,0.15219563306336625
34,1477,1511,0.15220198959712775
34,1482,1516,0.15221094454054018
34,1481,1515,0.15221934036713036
35,1486,1521,0.15222745428927528
35,1483,1518,0.15223189659651468
35,1488,1523,0.1522361866964309
35,1489,1524,0.15224026620607073
35,1484,1519,0.15224412411067179
34,1485,1519,0.15224787208767065
33,1480,1513,0.1522545361918738
32,1482,1514,0.1522639727837433
32,1479,1511,0.15227614697967082
32,1485,1517,0.15228756029366852
33,1488,1521,0.15229827725733933
32,1492,1524,0.1523050173119158
34,1488,1522,0.15231436492656475
34,1487,1521,0.15231726549282323
34,1482,1516,0.15232001417724664
33,1487,1520,0.15232245177542075
31,1492,1523,0.1523279236670002
33,1489,1522,0.15233939425443108
35,1492,1527,0.15234391158881577
34,1485,1519,0.1523419323616371
34,1482,1516,0.15234324669214658
33,1480,1513,0.15234451218748224
32,1487,1519,0.15234887144351236
31,1495,1526,0.15235623538040982
31,1494,1525,0.15236589399973574
31,1495,1526,0.1523750262394648
31,1492,1523,0.15238386104755952
30,1498,1528,0.15239225187779518
31,1492,1523,0.1524032780266423
30,1480,1510,0.1524107330190259
32,1492,1524,0.15242070352823892
32,1499,1531,0.1524240008343839
32,1494,1526,0.15242699467782836
32,1491,1523,0.15242984735726647
32,1482,1514,0.15243255254869734
32,1482,1514,0.15243510990979217
32,1489,1521,0.15243735338217995
33,1478,1511,0.15243945720542215
32,1472,1504,0.1524382526195735
31,1475,1506,0.15244028290107509
33,1467,1500,0.15244536215015583
34,1472,1506,0.15244380094815224
33,1481,1514,0.15243915292969568
33,1480,1513,0.1524379569745584
32,1500,1532,0.15243682916466053
33,1488,1521,0.1524389716055472
34,1490,1524,0.15243782596159494
33,1489,1522,0.15243378534269186
33,1479,1512,0.15243289965553194
33,1479,1512,0.15243205863502945
32,1464,1496,0.1524312612875396
32,1487,1519,0.1524339355106144
32,1492,1524,0.15243646686833892
32,1500,1532,0.1524386436983886
32,1475,1507,0.15244063601790916
31,1483,1514,0.1524424882765298
30,1473,1503,0.15244691841535216
31,1485,1516,0.1524542482077099
31,1479,1510,0.15245806790513133
30,1480,1510,0.15246164254554231
29,1480,1509,0.1524681249172552
29,1487,1516,0.15247704443349758
28,1494,1522,0.1524851090974454
30,1478,1508,0.15249610829179258
30,1480,1510,0.15250038712112862
30,1476,1506,0.1525044883793336
30,1484,1514,0.15250862368702311
31,1489,1520,0.15251256108133504
30,1484,1514,0.1525131001211713
29,1482,1511,0.15251682255710192
27,1498,1525,0.15252319430216915
28,1498,1526,0.1525352682844449
28,1486,1514,0.15254345337520336
30,1485,1515,0.15255143414499106
29,1468,1497,0.15255278869432015
31,1464,1495,0.15255717628055673
31,1468,1499,0.15255503200928963
32,1466,1498,0.15255306982259217
32,1474,1506,0.15254809366537686
34,1482,1516,0.15254343696787254
35,1484,1519,0.15253289649409574
34,1486,1520,0.1525198473877693
34,1482,1516,0.15251076289796495
35,1490,1525,0.15250211394339672
35,1489,1524,0.15249083734250474
35,1485,1520,0.15248025280189306
34,1483,1517,0.15247032174148814
31,1471,1502,0.15246416327288861
32,1474,1506,0.1524676185994463
31,1482,1513,0.15246779836181887
30,1476,1506,0.15247087761899372
28,1480,1508,0.1524768622510276
30,1488,1518,0.15248842068213206
30,1500,1530,0.15249306865013826
31,1508,1539,0.1524973938007936
30,1502,1532,0.1524982212429623
27,1490,1517,0.15250217991293866
28,1489,1517,0.15251542778543625
28,1488,1516,0.15252487837892428
30,1498,1528,0.15253379252134971
30,1495,1525,0.15253585914500117
30,1479,1509,0.15253780646537599
29,1499,1528,0.15253961934294533
29,1503,1532,0.15254428411770513
27,1495,1522,0.152548502256495
26,1477,1503,0.15255846508171936
27,1487,1514,0.15257106557154626
24,1479,1503,0.15257966843737392
24,1485,1509,0.15259728117164922
24,1483,1507,0.15261381549930575
24,1487,1511,0.1526293212943124
24,1485,1509,0.15264378257820094
24,1481,1505,0.15265735291102203
25,1488,1513,0.1526701016545803
26,1475,1501,0.15267894467084908
26,1481,1507,0.15268418193680472
27,1482,1509,0.15268912974297677
27,1488,1515,0.1526906253546344
27,1483,1510,0.15269206104014668
25,1501,1526,0.1526934282242652
24,1495,1519,0.152701006383284
24,1487,1511,0.15271114287942308
23,1496,1519,0.1527206784436305
23,1494,1517,0.15273286284203572
23,1488,1511,0.15274431127820448
21,1486,1507,0.15275506825118357
20,1491,1511,0.15277143115343347
20,1495,1515,0.15278968768474344
21,1500,1521,0.1528068563979089
20,1502,1522,0.15281987082044823
22,1493,1515,0.15283521551493065
21,1483,1504,0.15284342177229016
21,1484,1505,0.15285429915734675
19,1463,1482,0.15286467086727262
19,1452,1471,0.1528807545935411
18,1483,1501,0.15289589676376378
19,1496,1515,0.152913309640041
19,1491,1510,0.15292654820103982
19,1504,1523,0.1529389823623954
20,1499,1519,0.15295066660440132
20,1498,1518,0.15295846309783187
20,1496,1516,0.1529658033513741
20,1498,1518,0.15297270913649766
18,1490,1508,0.15297920489870617
17,1487,1504,0.1529913527494247
16,1497,1513,0.15300596412492687
17,1505,1522,0.1530229079751539
17,1504,1521,0.15303560681044867
17,1495,1512,0.15304754061552356
17,1488,1505,0.1530587546737581
18,1493,1511,0.15306945078565953
17,1505,1522,0.15307632147483136
18,1508,1526,0.15308590606123473
19,1509,1528,0.15309186361625615
19,1499,1518,0.15309447078636976
20,1501,1521,0.15309689355799383
19,1484,1503,0.15309599668280957
18,1491,1509,0.15309830091656948
17,1490,1507,0.15310365345633248
18,1502,1520,0.153111690876952
18,1506,1524,0.15311603304176308
18,1514,1532,0.1531201125835289
18,1518,1536,0.1531239435649515
18,1516,1534,0.15312754078100688
16,1504,1520,0.1531309185588933
15,1510,1525,0.1531404651569115
16,1508,1524,0.15315252024786022
16,1506,1522,0.15316059172458357
16,1509,1525,0.15316816625560853
17,1502,1519,0.15317527733448266
16,1499,1515,0.1531787808338166
17,1511,1528,0.1531851457405025
17,1501,1518,0.15318788912830805
17,1503,1520,0.15319046603577136
17,1504,1521,0.15319288509554177
15,1496,1511,0.15319515266146122
16,1499,1515,0.15320347391419228
16,1492,1508,0.15320812092711622
15,1501,1516,0.15321249025307698
15,1499,1514,0.1532196743294491
15,1502,1517,0.1532264432512319
14,1487,1501,0.15323281065530522
15,1494,1509,0.15324192234997142
15,1505,1520,0.15324736638623077
14,1513,1527,0.153252476405465
14,1503,1517,0.15326042130222928
14,1495,1509,0.15326790867867995
13,1491,1504,0.15327494301619882
12,1497,1509,0.1532847160279946
12,1498,1510,0.15329710932817778
12,1499,1511,0.15330875378571263
12,1500,1512,0.15331969227516068
12,1506,1518,0.15332996777556487
12,1503,1515,0.15333962118333472
12,1506,1518,0.15334870643446114
12,1506,1518,0.15335726737446692
12,1502,1514,0.1533653211796631
12,1505,1517,0.1533728942487907
13,1502,1515,0.15338001383204003
11,1508,1519,0.15338349350004366
11,1505,1516,0.15339307643035544
11,1503,1514,0.15340209374256333
11,1494,1505,0.15341057353102863
11,1503,1514,0.15341854422849838
11,1505,1516,0.1534260355033986
11,1505,1516,0.15343293603936153
10,1507,1517,0.15343949192178816
9,1501,1510,0.15344886404105199
8,1511,1519,0.15346086023331995
7,1490,1497,0.1534753573658014
7,1500,1507,0.1534921725171613
7,1503,1510,0.15350797720198334
7,1502,1509,0.15352283903865346
8,1502,1510,0.1535368137623029
8,1499,1507,0.1535467519340101
8,1503,1511,0.1535560887423197
8,1507,1515,0.1535648610997892
7,1515,1522,0.15357310628170565
7,1514,1521,0.15358406641095138
6,1513,1519,0.153594364528822
5,1506,1511,0.15360725562949543
5,1509,1514,0.15362256629571258
4,1513,1517,0.1536369657868269
4,1504,1508,0.15365373901276205
4,1495,1499,0.15366951434743673
3,1520,1523,0.15368435125055818
3,1525,1528,0.15370149622683382
3,1527,1530,0.15371763394146432
2,1529,1531,0.15373282119206938
2,1507,1509,0.15375034175106228
2,1502,1504,0.15376681934276829
2,1505,1507,0.153782316304164
2,1508,1510,0.15379689177608186
2,1519,1521,0.15381060100812674
2,1517,1519,0.15382349571100595
2,1516,1518,0.1538356243991221
2,1515,1517,0.15384703264407015
2,1524,1526,0.15385776327903292
2,1520,1522,0.15386785657577623
2,1515,1517,0.15387735040402195
2,1506,1508,0.15388628037790483
2,1517,1519,0.153894679992019
2,1514,1516,0.15390258074853044
2,1500,1502,0.15391001227630915
2,1522,1524,0.1539170024427599
2,1525,1527,0.15392357745888305
2,1519,1521,0.15392976197801111
1,1511,1512,0.15393557918861966
1,1511,1512,0.15394430238773935
1,1499,1500,0.15395250681381203
1,1512,1513,0.15396022309484794
1,1521,1522,0.15396748062098894
1,1527,1528,0.15397430695503667
1,1528,1529,0.15398072790246925
1,1507,1508,0.153986767653881
1,1506,1507,0.15399244891227196
1,1510,1511,0.15399779300164249
1,1528,1529,0.15400281996113788
2,1526,1528,0.1540075486285632
2,1516,1518,0.15400878520652886
2,1527,1529,0.15400993693898773
2,1525,1527,0.1540110150151426
2,1506,1508,0.1540120288864186
2,1511,1513,0.15401298419990372
2,1509,1511,0.1540138849836502
3,1514,1517,0.1540147345558967
3,1513,1516,0.15401234742938608
3,1519,1522,0.15401010398301915
2,1524,1526,0.15400800422769573
2,1523,1525,0.15400921094313133
1,1526,1527,0.15401036400964022
1,1524,1525,0.1540146435766468
1,1518,1519,0.15401868547504038
1,1525,1526,0.15402249566233828
1,1519,1520,0.15402608285198255
1,1509,1510,0.15402945771713597
1,1507,1508,0.1540326317424908
1,1508,1509,0.1540356163894705
1,1506,1507,0.15403842273780083
1,1504,1505,0.1540410613471512
1,1507,1508,0.15404354221338687
1,1511,1512,0.15404587476627368
1,1520,1521,0.15404806788559955
1,1520,1521,0.15405012992526618
1,1523,1524,0.15405206874042565
1,1526,1527,0.15405389171528025
1,1522,1523,0.15405560579038988
1,1517,1518,0.1540572174889406
1,1535,1536,0.15405873294173633
1,1522,1523,0.1540601579108324
1,1514,1515,0.154061497811811
1,1512,1513,0.1540627577347376
1,1512,1513,0.15406394246385738
1,1499,1500,0.15406505649609614
1,1500,1501,0.15406610405843446
1,1511,1512,0.15406708912422154
1,1521,1522,0.15406801542849272
1,1528,1529,0.15406888648235217
1,1525,1526,0.1540697055864776
1,1520,1521,0.15407047584380265
1,1521,1522,0.1540712001714265
1,1513,1514,0.15407188131179905
1,1520,1521,0.15407252184322703
0,1519,1519,0.15407312418974214
