1376,28,1404,0.13583997583451704
1402,31,1433,0.132995404539922
1429,33,1462,0.13032735386360847
1438,35,1473,0.12782038201286405
1430,38,1468,0.12551159261252004
1452,40,1492,0.1234288796745189
1464,40,1504,0.12147331661519774
1464,40,1504,0.1196614573285019
1445,42,1487,0.11801131925373631
1447,40,1487,0.11655512413172783
1459,43,1502,0.11522332660148177
1454,41,1495,0.11398110718618809
1453,42,1495,0.11286115226016846
1445,41,1486,0.1118433726009144
1442,41,1483,0.11093477449152474
1447,39,1486,0.11011390431969968
1457,39,1496,0.10935403204427253
1445,39,1484,0.10863863703895206
1444,38,1482,0.10801448235368863
1433,40,1473,0.10744773813135415
1441,41,1482,0.10695634176858715
1440,40,1480,0.10649052348040543
1438,37,1475,0.10606831596256847
1452,36,1488,0.1056877862258123
1452,35,1487,0.10531000280503232
1449,35,1484,0.10496579694527032
1454,35,1489,0.1046592647269457
1460,34,1494,0.10436864688972484
1466,34,1500,0.1040910246947684
1469,32,1501,0.10382482822945778
1464,30,1494,0.1035755805534659
1475,31,1506,0.10335950502394173
1463,32,1495,0.10313869624846651
1460,32,1492,0.10296335064755065
1451,32,1483,0.1028099036853706
1443,29,1472,0.1026897747232303
1450,28,1478,0.10259773623084202
1464,29,1493,0.1024993157748294
1466,30,1496,0.10237940046037229
1455,30,1485,0.10226601927607032
1449,34,1483,0.10218618095900134
1458,36,1494,0.10212648353003317
1459,35,1494,0.10205293509286563
1458,34,1492,0.10198376411968088
1454,35,1489,0.10192244104095696
1446,35,1481,0.10187528474366228
1461,33,1494,0.10184961260173094
1458,33,1491,0.10179371256298082
1449,34,1483,0.10174914972412204
1452,34,1486,0.10172742643731195
1454,35,1489,0.10170152663131696
1461,35,1496,0.10167370056374211
1459,35,1494,0.10163413324783979
1440,36,1476,0.10160218232372528
1445,34,1479,0.10161352844931343
1442,34,1476,0.10161311756662822
1446,33,1479,0.10161949841574767
1454,36,1490,0.10161650416094037
1460,37,1497,0.10159677292303758
1456,38,1494,0.10156621168341357
1458,39,1497,0.10154647331152855
1462,39,1501,0.10152442862789698
1458,39,1497,0.10149618636431036
1443,38,1481,0.10147868715882204
1455,36,1491,0.10149530351381131
1434,38,1472,0.10148481573836707
1434,38,1472,0.10151904452970538
1428,40,1468,0.1015506104370947
1432,41,1473,0.10159224086636623
1435,43,1478,0.1016217649277835
1430,44,1474,0.10164224101987651
1440,45,1485,0.1016716362859983
1440,45,1485,0.10167714995460082
1441,45,1486,0.1016820599221605
1451,44,1495,0.10168485826066967
1456,41,1497,0.10166622327262548
1452,40,1492,0.10163858171193466
1439,40,1479,0.10162180234167112
1450,40,1490,0.10163392421908832
1454,40,1494,0.10162186594713876
1450,40,1490,0.10160234653942572
1452,40,1492,0.10159287505375887
1460,41,1501,0.10157951041967374
1456,40,1496,0.10155027820191244
1455,39,1494,0.1015323408172329
1464,39,1503,0.10151797663418477
1452,39,1491,0.10148576374339888
1455,37,1492,0.10148195470606719
1461,36,1497,0.10147214385083524
1467,35,1502,0.10144987694346952
1472,34,1506,0.1014174715006541
1460,35,1495,0.10137792268899819
1453,36,1489,0.1013672778297931
1448,36,1484,0.1013721131589208
1446,40,1486,0.10138714279829442
1455,41,1496,0.10140514086199748
1464,41,1505,0.10140229702834791
1456,41,1497,0.10138064621133246
1457,43,1500,0.10137837258790451
1455,43,1498,0.10137388617679086
1461,44,1505,0.10137404363145949
1462,43,1505,0.1013615080062754
1460,41,1501,0.10134816353212994
1463,45,1508,0.1013405087977886
1456,46,1502,0.10132742470153162
1451,47,1498,0.10133070216360157
1455,48,1503,0.10134431562338463
1448,48,1496,0.10134842852517072
1450,47,1497,0.1013670799078248
1452,49,1501,0.10137981445625076
1448,48,1496,0.10138704597603398
1452,49,1501,0.10140233148874174
1449,49,1498,0.10140752305220457
1456,51,1507,0.10141886101843962
1453,52,1505,0.10141419771382637
1461,52,1513,0.10141621740853403
1459,52,1511,0.10140109025600427
1438,52,1490,0.10139095140158712
1453,52,1505,0.10142686173709041
1450,52,1502,0.10142752945800666
1441,55,1496,0.10143449973154052
1440,53,1493,0.10146031610201653
1439,56,1495,0.10148629496080712
1431,57,1488,0.10151227622172364
1433,54,1487,0.10155311883140229
1435,52,1487,0.10158635309640417
1433,53,1486,0.10161207937947449
1436,51,1487,0.10163980165740646
1431,52,1483,0.10165841412520116
1440,53,1493,0.10168652534939712
1447,54,1501,0.10169309487006992
1439,56,1495,0.10168463268526906
1437,59,1496,0.10169395985566525
1430,60,1490,0.10170726253328712
1431,63,1494,0.10173430030596166
1445,64,1509,0.10175695274477725
1433,65,1498,0.1017480156499355
1429,68,1497,0.10176494393323661
1424,68,1492,0.10178817065198287
1430,67,1497,0.10181976227429486
1433,69,1502,0.10183619164304591
1423,68,1491,0.10184454302707792
1433,67,1500,0.10187340462278344
1437,69,1506,0.10187826032651812
1452,68,1520,0.1018748054791028
1451,67,1518,0.1018395394691391
1447,68,1515,0.10180967833433203
1437,69,1506,0.10179168326552598
1417,69,1486,0.1017963786876675
1424,68,1492,0.10184416309001314
1427,66,1493,0.10187241923196742
1428,67,1495,0.10189195200017624
1420,70,1490,0.10190705516968755
1425,70,1495,0.10193802209034775
1413,67,1480,0.10195620989780206
1404,65,1469,0.10199835864175787
1415,67,1482,0.10205566335274803
1423,69,1492,0.10208464484261352
1426,69,1495,0.10209475308036087
1413,73,1486,0.10209672126151721
1417,72,1489,0.10212623552041997
1414,72,1486,0.10214483343749507
1430,70,1500,0.10216857144230417
1421,72,1493,0.10215511289739602
1424,71,1495,0.10216228837943127
1426,71,1497,0.1021622528481927
1429,72,1501,0.10215805118064986
1427,73,1500,0.10214783226759494
1430,73,1503,0.10214259792809934
1444,73,1517,0.10213101002123004
1432,73,1505,0.10209062590846713
1430,74,1504,0.10207903999252245
1414,73,1487,0.1020729728988496
1411,74,1485,0.1021020547330698
1416,77,1493,0.10213563331100282
1425,75,1500,0.102155165749984
1422,76,1498,0.10215389606144169
1413,76,1489,0.10215910163635097
1409,74,1483,0.10218403756203605
1415,73,1488,0.10221503677662713
1410,76,1486,0.10223019374917762
1421,76,1497,0.10225521498138022
1424,76,1500,0.1022534358731523
1418,80,1498,0.102245407437721
1415,80,1495,0.1022515613708963
1413,82,1495,0.10226357034983158
1404,84,1488,0.10227915955042953
1398,85,1483,0.10231333087467213
1408,87,1495,0.1023580494256694
1412,87,1499,0.10237744262474033
1403,86,1489,0.10238687946345242
1420,87,1507,0.10241553915409778
1412,87,1499,0.10240532492103543
1407,89,1496,0.10241297155096031
1407,89,1496,0.10243118068087352
1414,88,1502,0.10244801236524509
1402,90,1492,0.10244811587338618
1398,91,1489,0.10247347664169687
1411,92,1503,0.10250515810047682
1405,90,1495,0.10250658287145697
1409,91,1500,0.10252041313971068
1407,90,1497,0.1025246958695662
1412,93,1505,0.10253265533723717
1403,94,1497,0.10252880559586747
1392,94,1486,0.10254457629799955
1403,92,1495,0.10258289467788663
1412,91,1503,0.10259482206538481
1410,92,1502,0.10258578110877792
1400,91,1491,0.1025812870263501
1405,92,1497,0.10259939278385925
1394,96,1490,0.1026055016607901
1390,95,1485,0.10263452267528933
1384,93,1477,0.10267019115534447
1391,97,1488,0.10271556606145121
1382,97,1479,0.10274306847862981
1385,96,1481,0.10278731148594193
1394,95,1489,0.10282158028084862
1401,98,1499,0.1028342699537324
1407,98,1505,0.10283125931707887
1404,98,1502,0.10281571161665097
1403,102,1505,0.1028084937941108
1406,101,1507,0.10280433793885316
1390,102,1492,0.10279430883866163
1387,109,1496,0.10281951972057293
1384,110,1494,0.10284919672321749
1385,110,1495,0.10288284885804287
1384,108,1492,0.10291222343819627
1384,107,1491,0.10294052201598074
1386,108,1494,0.10296699507769894
1373,109,1482,0.10298600493273387
1365,111,1476,0.10303191475368025
1367,113,1480,0.10309096211021267
1371,113,1484,0.10314110195173398
1356,113,1469,0.1031797924530068
1345,115,1460,0.10324741262466197
1363,117,1480,0.10333235210869521
1375,119,1494,0.10337130714257092
1369,120,1489,0.10338133666975438
1368,117,1485,0.10340335516580393
1364,115,1479,0.10342663131032716
1353,122,1475,0.1034577646422119
1365,123,1488,0.10350993324013139
1380,125,1505,0.10353162524877721
1368,126,1494,0.1035191104017063
1370,126,1496,0.10353497885613291
1386,122,1508,0.10354472243704228
1381,121,1502,0.10351849351629658
1368,120,1488,0.10350535199133129
1369,117,1486,0.10352275613970008
1371,119,1490,0.10353614368082291
1381,119,1500,0.1035440990532128
1391,117,1508,0.10352980679798669
1376,118,1494,0.1034938491953646
1381,118,1499,0.10349394978823895
1372,119,1491,0.1034835975570612
1379,121,1500,0.1034932441854007
1372,124,1496,0.10348746301884472
1368,128,1496,0.10349726392301012
1367,126,1493,0.10351445665977542
1365,125,1490,0.10353197911434198
1359,127,1486,0.10355238050660827
1362,121,1483,0.10358425809801451
1375,121,1496,0.10360689088926574
1380,122,1502,0.10359899121313941
1377,125,1502,0.10357998475512463
1373,124,1497,0.10356993515792516
1366,119,1485,0.10357000952886679
1382,118,1500,0.10358507397290988
1373,119,1492,0.10356390311617102
1364,120,1484,0.10356406218634157
1374,120,1494,0.10358355327630911
1366,118,1484,0.10357989808123796
1365,119,1484,0.10359349543572285
1368,121,1489,0.10360803512683421
1374,120,1494,0.10361498366618499
1365,125,1490,0.10360798549021834
1375,124,1499,0.10362129222501103
1354,126,1480,0.10361182110865944
1359,126,1485,0.10364926578639339
1359,127,1486,0.10367340147530672
1373,124,1497,0.10369628116369257
1368,129,1497,0.10368667412001635
1362,128,1490,0.10368977383312783
1367,128,1495,0.10370661948410925
1365,130,1495,0.10371038279329473
1360,132,1492,0.10371806156341563
1369,133,1502,0.10373575031961088
1379,133,1512,0.10373265123980367
1385,133,1518,0.1037080247512908
1389,130,1519,0.10367360113369918
1372,129,1501,0.10363360360234403
1362,130,1492,0.10363346709912466
1356,134,1490,0.10365563501645753
1348,131,1479,0.1036891283631628
1351,129,1480,0.10373627514610967
1352,129,1481,0.10377209655951634
1359,130,1489,0.10380267398162761
1348,125,1473,0.10381565743458332
1352,128,1480,0.10385192783759603
1360,126,1486,0.10387672492688668
1353,129,1482,0.10388187177429113
1374,130,1504,0.10390164132007113
1373,132,1505,0.10387454482090398
1368,132,1500,0.10385156345360097
1363,131,1494,0.1038414506571705
1371,131,1502,0.10384364624985898
1357,131,1488,0.10382849206212214
1347,127,1474,0.10384660025025258
1349,128,1477,0.10388437431872065
1362,129,1491,0.10391363513942324
1366,128,1494,0.1039114910799967
1361,133,1494,0.1039009307410696
1369,134,1503,0.10390271844526439
1369,134,1503,0.10388643337781148
1365,135,1500,0.1038722697409401
1366,134,1500,0.10386812075372767
1373,132,1505,0.1038619257848042
1374,131,1505,0.10384029887379502
1367,132,1499,0.10381878593742452
1363,131,1494,0.1038144662896742
1374,133,1507,0.10381888780382917
1371,136,1507,0.10379903395307354
1377,136,1513,0.1037865590403132
1374,138,1512,0.1037628071365651
1360,136,1496,0.10374874475518318
1352,138,1490,0.10376634388790837
1358,132,1490,0.10380006533615273
1367,133,1500,0.10381766632354164
1370,132,1502,0.10381448585672759
1370,133,1503,0.10380546257945988
1373,132,1505,0.10379743410001613
1367,135,1502,0.10378307647708696
1373,136,1509,0.1037833584298115
1378,137,1515,0.10377137255743951
1377,138,1515,0.1037498112118272
1378,135,1513,0.10373168721825023
1353,135,1488,0.10371283017208205
1366,132,1498,0.10374938604706757
1368,134,1502,0.10375462646290354
1357,134,1491,0.10375621868348314
1353,131,1484,0.10378223985126106
1352,130,1482,0.10381479319710127
1350,133,1483,0.10384694251278344
1358,135,1493,0.10388025772976377
1364,138,1502,0.10389213954958447
1361,138,1499,0.10389038869859465
1357,137,1494,0.10389531956888973
1361,135,1496,0.10390862977788722
1351,134,1485,0.10391218957222544
1342,135,1477,0.10393735693048523
1345,139,1484,0.10397960011072062
1341,138,1479,0.10401236283226005
1349,140,1489,0.10405048652493282
1347,141,1488,0.10406735733009775
1351,137,1488,0.10408800371964039
1356,136,1492,0.10409711171534233
1370,136,1506,0.10409458423812393
1371,134,1505,0.10406125959005241
1372,137,1509,0.10402853960800293
1360,138,1498,0.10399594397059424
1347,140,1487,0.10399309289503417
1339,137,1476,0.10401867787772962
1347,139,1486,0.10405871866053844
1348,144,1492,0.10407933892978428
1345,138,1483,0.10409572231330509
1327,139,1466,0.10411717933903752
1336,144,1480,0.10417647559873845
1352,141,1493,0.10421136396328481
1360,145,1505,0.10420819340312917
1363,142,1505,0.1041866322573409
1354,144,1498,0.10416167281094608
1353,144,1497,0.10415862401963652
1340,148,1488,0.10415709016371658
1350,145,1495,0.10418487732439803
1353,147,1500,0.10418745618508338
1360,145,1505,0.10418348700131543
1355,146,1501,0.10416360684552299
1353,148,1501,0.10415601487158886
1355,150,1505,0.10415459459213423
1345,156,1501,0.1041482803029616
1330,154,1484,0.10416375419550143
1331,159,1490,0.10421104248284213
1321,161,1482,0.10425361673125058
1322,156,1478,0.10431493245458637
1325,162,1487,0.10436976555161147
1321,161,1482,0.10441293874810081
1320,161,1481,0.10446127545121996
1323,163,1486,0.10450753216990057
1320,161,1481,0.10454249613536827
1322,158,1480,0.1045818418354452
1328,156,1484,0.10461315930449289
1332,156,1488,0.10462991915315302
1336,157,1493,0.10463549531924872
1334,159,1493,0.1046324385857888
1319,161,1480,0.10463417970373935
1313,163,1476,0.10466938191603631
1320,161,1481,0.10471450555781578
1325,164,1489,0.1047415413817399
1336,164,1500,0.10475636869840173
1334,164,1498,0.10474653703248275
1324,161,1485,0.10474167453769141
1332,166,1498,0.10475817214157361
1335,167,1502,0.10475585872148226
1329,172,1501,0.10474894390627235
1332,170,1502,0.10475475468544747
1315,174,1489,0.1047530258200457
1306,174,1480,0.10478815572898097
1298,171,1469,0.10484072141015138
1304,174,1478,0.1049059797668148
1306,171,1477,0.10495284932267697
1323,177,1500,0.10499169833005922
1311,177,1488,0.10499071705036514
1323,173,1496,0.10501559632290167
1324,173,1497,0.10501049524592186
1329,173,1502,0.10500476518292444
1333,176,1509,0.10498922303293877
1332,172,1504,0.10496732064243386
1337,175,1512,0.10494914736233656
1329,180,1509,0.1049224934043345
1342,182,1524,0.10491574957055537
1337,181,1518,0.10488089507117636
1342,182,1524,0.10485957017920804
1331,182,1513,0.10482904679679617
1326,182,1508,0.10482570915470188
1329,179,1508,0.104833060403625
1325,176,1501,0.1048335840335742
1313,174,1487,0.10484282529988123
1312,182,1494,0.10487762933876094
1315,176,1491,0.10491193163666537
1325,176,1501,0.10493653236302945
1327,171,1498,0.10493610848959233
1307,172,1479,0.10493160150117571
1304,176,1480,0.104972279444251
1304,175,1479,0.10501683775644559
1304,183,1487,0.10505754725239197
1312,182,1494,0.10509502007096697
1305,184,1489,0.1051116832179982
1309,187,1496,0.10514382533628006
1308,188,1496,0.10516435190801068
1309,191,1500,0.10518537007080667
1293,188,1481,0.10520230843955188
1298,190,1488,0.10525490848955282
1295,184,1479,0.10529182939076832
1298,189,1487,0.10533226868629163
1294,194,1488,0.10536315989199035
1289,197,1486,0.10540056264527209
1276,201,1477,0.10544669453159253
1290,202,1492,0.10551786345113934
1297,207,1504,0.1055514334139331
1299,207,1506,0.10556704780224158
1297,201,1498,0.10557864480824888
1297,202,1499,0.10559446022544758
1305,210,1515,0.10560879635404116
1291,207,1498,0.10560505026607864
1292,212,1504,0.10563342154074296
1293,214,1507,0.10565768688112374
1291,212,1503,0.10567790249561242
1288,215,1503,0.10570131794307411
1281,216,1497,0.105729388920786
1285,216,1501,0.10576898247880372
1292,217,1509,0.10579815233811365
1283,216,1499,0.1058099290266923
1281,223,1504,0.10584210108384434
1280,224,1504,0.1058765315528215
1273,221,1494,0.10590756023826181
1278,220,1498,0.10595369205730043
1273,216,1489,0.10598413299393844
1273,218,1491,0.10602386745897338
1280,222,1502,0.10606069261850523
1274,227,1501,0.1060798291577025
1273,225,1498,0.10611053060054179
1262,222,1484,0.1061402285095733
1265,222,1487,0.10619184257593098
1260,219,1479,0.10623384905335571
1262,222,1484,0.1062841456791939
1254,225,1479,0.10632746712988876
1245,234,1479,0.10638444811284678
1263,238,1501,0.1064562347550368
1271,238,1509,0.10648163036470465
1274,240,1514,0.10648767828604085
1270,239,1509,0.10648688363536635
1273,238,1511,0.10649457429465894
1266,237,1503,0.10649539697980845
1270,235,1505,0.10651232643886502
1273,236,1509,0.10651932529089386
1274,240,1514,0.10651986320383884
1266,242,1508,0.10651903096965597
1253,240,1493,0.10653519973386713
1246,237,1483,0.10657905743750237
1236,244,1480,0.1066349737232114
1235,245,1480,0.10670869046156074
1247,250,1497,0.10677911071210384
1243,252,1495,0.10681752019868217
1246,253,1499,0.10686317806336301
1231,254,1485,0.10689944520349652
1239,260,1499,0.1069658489294563
1246,258,1504,0.1070096382056819
1244,253,1497,0.10703476443733148
1258,251,1509,0.1070623033739632
1250,250,1500,0.10705604229264942
1247,247,1494,0.10706724349520179
1253,246,1499,0.10708605273874962
1252,255,1507,0.10708916343987006
1243,255,1498,0.10709540912805945
1235,255,1490,0.10712112625639263
1232,254,1486,0.10716182198276406
1247,252,1499,0.1072062083348258
1234,256,1490,0.1072138671748983
1250,257,1507,0.10725130442042217
1248,253,1501,0.1072503114886199
1251,261,1512,0.10725345220864206
1238,263,1501,0.1072505148040133
1229,264,1493,0.10727729508685177
1223,259,1482,0.10732244561783638
1230,261,1491,0.10737593423281286
1223,255,1478,0.10741145939063255
1241,255,1496,0.10745882813220017
1233,255,1488,0.10746338664625668
1231,258,1489,0.10748530645094422
1239,259,1498,0.10750875165727035
1241,255,1496,0.1075130275736968
1243,254,1497,0.10751221747107888
1242,257,1499,0.10750743562157104
1241,261,1502,0.10750605120402458
1244,264,1508,0.10750808445055342
1240,268,1508,0.10750324587805996
1240,266,1506,0.10750728070321607
1239,265,1504,0.1075124808370792
1237,261,1498,0.10752019049045426
1244,263,1507,0.10753206223406903
1231,265,1496,0.10752745245716831
1237,267,1504,0.10755292088116128
1228,266,1494,0.10756241350735808
1230,263,1493,0.10758940273758072
1222,261,1483,0.10761150175300369
1230,264,1494,0.1076485774138849
1228,264,1492,0.10766481485586357
1222,267,1489,0.10768454897444321
1230,269,1499,0.10771667490939268
1228,273,1501,0.10772960564384607
1229,267,1496,0.10774597358012361
1234,268,1502,0.10775868943407171
1235,265,1500,0.10776018685816116
1240,261,1501,0.10775930462634215
1235,265,1500,0.1077488422625764
1223,272,1495,0.10774915904137551
1224,277,1501,0.10777649620803408
1224,277,1501,0.10779869362775236
1221,275,1496,0.1078191017640498
1213,272,1485,0.10784539421654146
1215,265,1480,0.10788737518069556
1213,272,1485,0.10791932434352638
1209,272,1481,0.1079530785236355
1211,272,1483,0.10799114113049821
1200,275,1475,0.10802299298261937
1194,280,1474,0.10807702963090145
1186,281,1467,0.10814089159096692
1191,287,1478,0.10821743640961705
1196,287,1483,0.10827764941239358
1190,294,1484,0.1083217949034119
1189,295,1484,0.10837557036268791
1197,295,1492,0.10842750186220744
1208,299,1507,0.10845735712182282
1213,299,1512,0.10846065582767611
1215,297,1512,0.10845344432868977
1214,296,1510,0.10844468297281658
1215,301,1516,0.1084388767181374
1219,296,1515,0.10842974136951362
1204,293,1497,0.10841305272987473
1207,295,1502,0.10843061001941216
1195,295,1490,0.10843998998525606
1201,299,1500,0.10847503192527758
1207,298,1505,0.10849445185403706
1202,297,1499,0.1085002199326928
1208,299,1507,0.10851623769737628
1198,298,1496,0.10851695046238746
1201,301,1502,0.1085405094215443
1199,302,1501,0.10855510356377213
1195,299,1494,0.10857152796374792
1188,303,1491,0.10859658892145489
1195,299,1494,0.10863622573037145
1186,297,1483,0.10865712211580156
1186,294,1480,0.10869808337819328
1185,293,1478,0.10873443509639513
1185,296,1481,0.1087680935343277
1181,296,1477,0.10879951821819066
1188,294,1482,0.10883752788207157
1182,294,1476,0.1088579329343542
1189,293,1482,0.1088877091478762
1195,296,1491,0.10889993493428576
1196,295,1491,0.10889803304818363
1200,295,1495,0.10889455446695813
1200,292,1492,0.1088814995224465
1193,292,1485,0.10886843328491472
1183,300,1483,0.10887389648530739
1190,295,1485,0.10890230467810863
1180,299,1479,0.1089131666028474
1186,301,1487,0.10894563818635979
1176,303,1479,0.10896356072712418
1184,305,1489,0.10900203622357509
1172,303,1475,0.1090180596501439
1178,306,1484,0.10905946464546468
1186,304,1490,0.10908331959473806
1188,300,1488,0.10908827026024996
1177,303,1480,0.10908888522698346
1175,309,1484,0.10911461460195233
1175,308,1483,0.10914276694181808
1192,312,1504,0.10916767525543125
1182,311,1493,0.1091546770159729
1173,317,1490,0.1091648610316135
1187,316,1503,0.10919507723497088
1194,318,1512,0.10919282471534998
1187,318,1505,0.1091754973106947
1195,323,1518,0.10917519060484224
1197,326,1523,0.10915672750792231
1195,327,1522,0.10913505227412604
1185,323,1508,0.10912117165194796
1179,318,1497,0.10913089592485722
1165,324,1489,0.10915391717587467
1168,318,1486,0.10920546448068404
1171,314,1485,0.10924710236498505
1170,324,1494,0.10927966496602341
1165,328,1493,0.10931382112490684
1174,331,1505,0.10935707268166095
1184,331,1515,0.10937701320988882
1183,323,1506,0.10937430955520949
1183,337,1520,0.10937352986184734
1185,333,1518,0.10937226435355185
1180,337,1517,0.1093676485019144
1180,339,1519,0.10937484085156923
1177,339,1516,0.10938081074265002
1186,337,1523,0.10939319005777684
1181,333,1514,0.10938541606895408
1178,331,1509,0.10938992200141891
1174,329,1503,0.10940063314669814
1170,328,1498,0.10941896091890758
1176,328,1504,0.10944469083235557
1190,325,1515,0.10945122348625543
1184,330,1514,0.10942541434860295
1182,330,1512,0.10941708444710298
1178,328,1506,0.10941354329530624
1180,333,1513,0.10941916302383213
1165,338,1503,0.10942055413807987
1159,327,1486,0.10945718607170267
1164,333,1497,0.10950460705563475
1157,345,1502,0.1095367320136363
1162,343,1505,0.10958160246060608
1155,344,1499,0.10961071762169915
1147,340,1487,0.10965372294515269
1162,339,1501,0.10971229217288009
1165,340,1505,0.10973162149598625
1161,340,1501,0.10974440603434607
1163,334,1497,0.10976481980524237
1169,328,1497,0.10977964493133402
1175,333,1508,0.10978119484009077
1165,330,1495,0.10976957627160847
1164,331,1495,0.10978200897456013
1162,333,1495,0.10979452288384332
1157,333,1490,0.10981126655015264
1155,335,1490,0.10983809217847243
1162,338,1500,0.10986810263731804
1153,339,1492,0.10988038551955785
1156,336,1492,0.10991268553082661
1166,334,1500,0.10993477947654277
1170,330,1500,0.10993333410859175
1182,338,1520,0.10992384251605487
1163,339,1502,0.10988831048258905
1166,350,1516,0.1098985254532304
1159,346,1505,0.10990188957763208
1151,349,1500,0.1099197400657059
1158,344,1502,0.10995419060723055
1171,349,1520,0.10997045764708308
1173,344,1517,0.10995543510538093
1172,344,1516,0.10993751726393879
1169,346,1515,0.10992427736775082
1163,347,1510,0.10991965363168095
1159,346,1505,0.10992948654981959
1162,348,1510,0.10994620384634729
1160,347,1507,0.1099554729499587
1148,350,1498,0.10996721678926388
1156,351,1507,0.1100051738174807
1156,349,1505,0.11002141321947331
1161,343,1504,0.11003670550254217
1159,347,1506,0.11003980394113964
1155,347,1502,0.11004560975531014
1154,345,1499,0.1100615277398646
1159,342,1501,0.11007906028039947
1157,340,1497,0.11008455024445439
1155,338,1493,0.11009403947228895
1160,347,1507,0.11010759658328911
1169,345,1514,0.11010943388615103
1183,341,1524,0.11009058791827449
1180,338,1518,0.11004224325206831
1161,341,1502,0.1100046822357666
1163,338,1501,0.11001361338135197
1165,337,1502,0.11001650929410824
1159,335,1494,0.11001444443386585
1158,334,1492,0.11002585405797209
1155,339,1494,0.11003942865114688
1146,340,1486,0.11005697021176894
1138,340,1478,0.11009232920177667
1143,342,1485,0.11014418534399052
1140,353,1493,0.11018043114782948
1146,355,1501,0.1102214097880674
1153,352,1505,0.11024571674190393
1151,344,1495,0.11025214277022947
1154,337,1491,0.11026299316669876
1150,341,1491,0.1102652866027801
1155,340,1495,0.11027949679867698
1149,343,1492,0.11028118855662022
1161,345,1506,0.11029622181111937
1165,342,1507,0.11028171977979483
1162,350,1512,0.11026044993443974
1167,346,1513,0.11024781619662236
1167,349,1516,0.11022492040791569
1146,350,1496,0.11020392403940306
1157,348,1505,0.11023019197241954
1144,344,1488,0.11023075223535972
1147,340,1487,0.11025996123698835
1147,345,1492,0.11028119360615861
1158,351,1509,0.11030128201681397
1155,341,1496,0.11029479933396996
1144,348,1492,0.11029361767823179
1147,348,1495,0.11031849013809637
1156,354,1510,0.11033434157027258
1153,347,1500,0.110328829914945
1156,349,1505,0.11033262138340973
1162,352,1514,0.11033135846570563
1169,344,1513,0.11031514656473894
1161,339,1500,0.11028465578529566
1144,344,1488,0.11027426584308017
1154,345,1499,0.11030233149176194
1149,336,1485,0.11030487657638638
1139,339,1478,0.1103187252286457
1148,340,1488,0.1103528235197068
1134,342,1476,0.11036310484140945
1145,344,1489,0.11040365873109848
1141,346,1487,0.11041578051742121
1154,343,1497,0.1104357682189145
1153,343,1496,0.11042554182376303
1149,346,1495,0.11041831861596814
1159,343,1502,0.11042118270922396
1158,346,1504,0.1104011955634791
1165,349,1514,0.11038471998840745
1163,348,1511,0.11035397953022383
1155,351,1506,0.11033155188309732
1141,352,1493,0.11032966363938268
1140,358,1498,0.11035790341227525
1156,356,1512,0.11038611657925898
1162,353,1515,0.11037637934527567
1160,357,1517,0.11035367395503318
1160,347,1507,0.11033771651107938
1155,343,1498,0.11032375429516193
1145,351,1496,0.11032200615180678
1160,358,1518,0.11034191760590792
1150,356,1506,0.11032640101038294
1157,351,1508,0.11033442501435714
1154,355,1509,0.11032588855848273
1160,347,1507,0.11032391469715161
1149,346,1495,0.11031012841637079
1146,342,1488,0.11032279381021233
1143,356,1499,0.1103419268195935
1140,359,1499,0.11036701470844537
1147,359,1506,0.11039634675649403
1143,357,1500,0.11040710404570879
1145,361,1506,0.11042814867281436
1147,363,1510,0.11044226262302499
1152,358,1510,0.11044980716398634
1146,355,1501,0.11044440664096794
1144,363,1507,0.11045138305828556
1130,358,1488,0.1104627526143028
1137,364,1501,0.11050541033251988
1133,357,1490,0.11052698288288702
1134,358,1492,0.11055776994301166
1139,364,1503,0.11058276953818921
1135,363,1498,0.11059504301267524
1135,359,1494,0.11061497967428786
1134,363,1497,0.11063443736370918
1121,368,1489,0.11065433285219445
1120,372,1492,0.11070252928178449
1111,377,1488,0.11074999678420419
1114,381,1495,0.11081253819445624
1114,378,1492,0.11086347549637637
1114,380,1494,0.11091008819788663
1124,373,1497,0.1109527052741554
1126,378,1504,0.11096937593292838
1136,379,1515,0.11098014594647455
1116,374,1490,0.11096875126631954
1124,379,1503,0.11100329702529929
1132,377,1509,0.11101853280275777
1113,377,1490,0.11101580823782975
1118,376,1494,0.11105681270962199
1119,383,1502,0.11108378895294001
1114,385,1499,0.11110706287775449
1115,383,1498,0.1111397316805535
1111,383,1494,0.11116797030644485
1117,381,1498,0.11120482589113344
1116,381,1497,0.11122528884453872
1121,381,1502,0.11124718244316789
1124,379,1503,0.11125569962825117
1120,374,1494,0.11125738278531544
1123,382,1505,0.1112682421876548
1133,387,1520,0.11127143260748751
1135,379,1514,0.11125140091192881
1136,380,1516,0.11122844744221556
1127,377,1504,0.11120480483338607
1127,386,1513,0.11120364231911158
1118,377,1495,0.11120158815305746
1119,376,1495,0.11122005855066451
1108,385,1493,0.11123439081012165
1129,377,1506,0.11127410139019187
1116,384,1500,0.11126481114791133
1121,387,1508,0.11128502777597486
1123,387,1510,0.11129054645756761
1112,383,1495,0.1112927099730878
1103,388,1491,0.11131990972651133
1093,388,1481,0.111363426568818
1094,387,1481,0.11142560870369643
1097,386,1483,0.1114806572387853
1099,393,1492,0.11152474066666622
1094,397,1491,0.11156166071566907
1098,385,1483,0.11160674307668711
1095,386,1481,0.11163887325909844
1091,384,1475,0.1116746994924914
1103,392,1495,0.11171569440708488
1100,393,1493,0.1117243737535599
1101,390,1491,0.11173978746444967
1099,385,1484,0.11175392724958773
1102,387,1489,0.11177085646236001
1102,385,1487,0.11177862390702963
1098,387,1485,0.11178456382525902
1091,388,1479,0.11179689176229443
1107,386,1493,0.1118224415503895
1109,390,1499,0.11181006394954447
1119,391,1510,0.11179461478372615
1105,387,1492,0.11175742377124771
1116,387,1503,0.11175413113168091
1121,389,1510,0.11172710554160144
1122,394,1516,0.1116896566765663
1124,393,1517,0.11165421471055094
1118,388,1506,0.11161631378589633
1108,386,1494,0.11159556262522116
1103,391,1494,0.11159955930686212
1105,387,1492,0.11161484457229268
1103,389,1492,0.11162432041186637
1108,392,1500,0.11163707270401155
1096,391,1487,0.11163716187851215
1095,393,1488,0.11166323581521756
1085,389,1474,0.11169031750460587
1091,386,1477,0.11173738410069717
1098,389,1487,0.11176728006903502
1093,393,1486,0.11177824057503066
1097,394,1491,0.11179858323650255
1092,391,1483,0.11180767437913261
1103,395,1498,0.11182641852330782
1109,396,1505,0.1118184796670214
1109,397,1506,0.11179903208718367
1107,394,1501,0.11178135308026593
1095,400,1495,0.11176781107862677
1093,400,1493,0.11178216431161857
1100,395,1495,0.11179983248064505
1114,402,1516,0.11180182503618542
1111,403,1514,0.11177278337246685
1104,399,1503,0.11175404980640515
1102,398,1500,0.11175235141831638
1095,402,1497,0.11175586064315673
1093,397,1490,0.11177650229734205
1090,406,1496,0.11179992180785371
1097,401,1498,0.11182894519171178
1087,403,1490,0.11183973102957417
1091,404,1495,0.11187170200246746
1106,412,1518,0.11189138302084295
1103,416,1519,0.11187617082581541
1104,417,1521,0.11186897290377647
1096,418,1514,0.11185953427076793
1107,416,1523,0.11186874522057569
1105,418,1523,0.11185365292121804
1097,416,1513,0.11184482028709981
1101,411,1512,0.11185519817609166
1085,414,1499,0.11185381625314647
1088,408,1496,0.11188986003542187
1088,410,1498,0.11191497886199507
1080,410,1490,0.11193849429861573
1069,415,1484,0.11197749807315766
1061,413,1474,0.1120379466242891
1057,412,1469,0.11211244647880064
1053,421,1474,0.11218840905037313
1061,419,1480,0.11226753844425602
1064,419,1483,0.11232263465588967
1078,429,1507,0.11236708262682127
1077,423,1500,0.11237742389185858
1081,429,1510,0.11238932664214125
1082,428,1510,0.1123923517160539
1077,429,1506,0.11239249028716074
1068,434,1502,0.11240548250366046
1070,434,1504,0.11243660085138778
1068,437,1505,0.11246118574375488
1074,440,1514,0.11248941064263558
1058,438,1496,0.11250120498574707
1062,440,1502,0.11254791404993514
1050,437,1487,0.11258101569881868
1057,446,1503,0.11263934096016288
1043,450,1493,0.1126784707999322
1030,454,1484,0.11274616640292379
1034,448,1482,0.11283878865949994
1053,450,1503,0.1129155111305321
1044,449,1493,0.11294231034689965
1051,447,1498,0.11298752434559071
1056,439,1495,0.11301348594307514
1055,441,1496,0.11302618364579711
1060,439,1499,0.11304021600335602
1054,447,1501,0.11304259339532859
1041,443,1484,0.11305934089063044
1049,450,1499,0.11310497231694958
1047,453,1500,0.11312879957195532
1047,454,1501,0.11315575451739146
1047,460,1507,0.113180846788842
1044,457,1501,0.11320424672660795
1051,450,1501,0.11323231619027946
1049,458,1507,0.11324418852008274
1046,450,1496,0.1132602224317063
1042,455,1497,0.11328101307479889
1035,464,1499,0.11330969009180922
1040,469,1509,0.11335481429602692
1033,470,1503,0.11338578806040726
1037,468,1505,0.11343059422875065
1044,466,1510,0.11346289997259554
1036,466,1502,0.11347542898191007
1033,469,1502,0.11350431424352107
1028,461,1489,0.11353717344903867
1022,468,1490,0.11358010978252484
1033,469,1502,0.11363309187190186
1035,466,1501,0.11365786969408896
1032,469,1501,0.11367732372530184
1034,469,1503,0.11370120085628603
1029,472,1501,0.11371840519412575
1025,472,1497,0.11374937569806352
1029,459,1488,0.11378581622551068
1029,465,1494,0.1138123379631735
1022,467,1489,0.11383529485844872
1017,465,1482,0.11387340110252847
1021,473,1494,0.11391976363808741
1011,477,1488,0.11395470200776468
1022,480,1502,0.11401104962217862
1019,486,1505,0.11403834674980455
1025,485,1510,0.11407067008466676
1014,486,1500,0.11408642185214796
1009,483,1492,0.11412544150138917
1006,487,1493,0.11417272327457706
1007,498,1505,0.11422415302830505
997,502,1499,0.11426817724705791
1001,499,1500,0.11433083021906018
1010,488,1498,0.11438000807532933
1008,496,1504,0.11440625268263716
1001,492,1493,0.11443544789426056
996,489,1485,0.1144781870643596
1005,497,1502,0.1145287045034393
1005,494,1499,0.11455331512617818
997,494,1491,0.11457644924074765
1003,506,1509,0.1146172486421939
996,501,1497,0.114643086264052
993,493,1486,0.11468327194840683
1005,495,1500,0.11472685076869613
1016,495,1511,0.11474063704114228
1012,494,1506,0.11472857175917618
1008,497,1505,0.11472703087222463
1001,506,1507,0.11473566012191867
1002,504,1506,0.11476035129293219
1007,513,1520,0.11478063515348921
1011,514,1525,0.11478880867965165
1003,520,1523,0.1147879376715904
1003,516,1519,0.11480684415270526
985,520,1505,0.11482322590908998
979,514,1493,0.11488047102258783
993,515,1508,0.11494875762524798
991,520,1511,0.11498001116020148
988,517,1505,0.11501354234364815
980,521,1501,0.11504980700603495
989,516,1505,0.11510461640921422
985,523,1508,0.11513384058965397
982,518,1500,0.11516896284170862
978,523,1501,0.11521005839417554
985,522,1507,0.11525745731159256
973,524,1497,0.1152844217870263
965,523,1488,0.1153368153342825
962,521,1483,0.11540282908462071
958,520,1478,0.1154694904973341
956,526,1482,0.11554021585669436
962,530,1492,0.11560936081629176
969,537,1506,0.11565987379662106
967,526,1493,0.11569143057450935
968,525,1493,0.11572501775113786
966,532,1498,0.11575479171179907
958,533,1491,0.11578637501581618
967,536,1503,0.11583393102608497
966,537,1503,0.11585784260694965
957,547,1504,0.11588340495126291
957,541,1498,0.11592761417965398
949,543,1492,0.1159677491784571
954,553,1507,0.11602505075299635
948,555,1503,0.11606821736517244
941,562,1503,0.11612206228560926
941,555,1496,0.11618824515736442
932,562,1494,0.1162522212857079
935,554,1489,0.11633210428507149
933,556,1489,0.1163988713890496
938,562,1500,0.11646445184152007
941,551,1492,0.11651526115401864
941,555,1496,0.11655499721237791
931,541,1472,0.11659320077568386
939,543,1482,0.11665148530059877
946,544,1490,0.11668521469887728
942,561,1503,0.11670069801023882
938,559,1497,0.11672352318626618
938,552,1490,0.11675398507169948
944,550,1494,0.11678156070686996
943,544,1487,0.11679273582669232
953,545,1498,0.11680463245582182
963,543,1506,0.11679237533162233
972,538,1510,0.11675913992270065
965,541,1506,0.11670696847320412
966,540,1506,0.11667518078693045
961,537,1498,0.11664300082181231
951,541,1492,0.11662575629805819
949,552,1501,0.11663282610955125
949,556,1505,0.11664396490975823
943,549,1492,0.11665401648239136
944,548,1492,0.1166775712534464
942,550,1492,0.11669715388785161
946,553,1499,0.1167215669886443
953,548,1501,0.11673459033443588
956,546,1502,0.11672944462534197
948,546,1494,0.1167186765612053
950,539,1489,0.11672792228751064
949,547,1496,0.11673221217957598
938,545,1483,0.11673645921586497
933,559,1492,0.11676612874680532
920,564,1484,0.11680515533059012
930,562,1492,0.11687194455276068
938,561,1499,0.11691025331978061
942,563,1505,0.11692819146795613
946,557,1503,0.11693756889568391
951,559,1510,0.11693688208656611
946,558,1504,0.11692395910903083
940,563,1503,0.11692359023024902
937,563,1500,0.1169383998931891
936,557,1493,0.11695920773149983
946,557,1503,0.11698193941418325
945,558,1503,0.11698312752927631
942,557,1499,0.11698685993909733
930,570,1500,0.11699868072620495
935,563,1498,0.11703702180302442
928,564,1492,0.11706060583298122
917,567,1484,0.11709943370255521
923,574,1497,0.11716139023386733
923,578,1501,0.11720328921949012
929,576,1505,0.11724355195143328
917,576,1493,0.11726672147556308
910,583,1493,0.11731536294649367
912,588,1500,0.11737881648259893
918,588,1506,0.11743199764889951
919,594,1513,0.11746708703662762
910,593,1503,0.11749893869450795
910,587,1497,0.11754971199546813
929,580,1509,0.11759650382283279
927,581,1508,0.11759773605018563
930,584,1514,0.11760441807546922
922,589,1511,0.11760381022841682
916,589,1505,0.1176216990059891
911,585,1496,0.11765256432042545
908,584,1492,0.11769313940186686
905,587,1492,0.1177377615280791
896,580,1476,0.11778379381767405
907,582,1489,0.11784697862024349
910,576,1486,0.11788013495799618
907,587,1494,0.11790197096593037
905,585,1490,0.1179292875273602
901,585,1486,0.11796200623864546
905,586,1491,0.11800414496759454
893,590,1483,0.11803242632140395
901,601,1502,0.11808675457642942
915,609,1524,0.1181190373621412
912,609,1521,0.11811727471619374
911,608,1519,0.11812152701917186
910,596,1506,0.11812838330953015
912,596,1508,0.11813631619323214
908,599,1507,0.11813965425979514
919,600,1519,0.11815139056526248
914,600,1514,0.1181362907835986
910,597,1507,0.11813279074173023
910,596,1506,0.1181387696265373
914,589,1503,0.11814441294131921
911,594,1505,0.11814048943061305
905,606,1511,0.11814433663191518
905,608,1513,0.1181639400994014
905,608,1513,0.11818299368067368
898,613,1511,0.11820003638662141
897,622,1519,0.1182321139651439
900,617,1517,0.11826497839903727
902,618,1520,0.11828883916161169
896,616,1512,0.11830667992001309
890,613,1503,0.1183372250162571
894,610,1504,0.11837825285297371
881,610,1491,0.11840871303575966
881,607,1488,0.11846742532976437
865,613,1478,0.1185211337875257
874,616,1490,0.1186084287391867
889,616,1505,0.11866626298368012
886,616,1502,0.11868534491496588
890,620,1510,0.1187093947178596
887,618,1505,0.11872341044614056
890,610,1500,0.11874383865157637
887,612,1499,0.11875583499506451
890,613,1503,0.11877350264661253
895,614,1509,0.11878303837806033
889,612,1501,0.11878053621666393
889,616,1505,0.11879310254739561
890,616,1506,0.11880541597488178
879,628,1507,0.11881298569887301
866,622,1488,0.11884600975657249
868,619,1487,0.11890533366100954
867,624,1491,0.1189546332349035
867,628,1495,0.11900326244283582
873,632,1505,0.11904759033263865
875,632,1507,0.1190761747419159
876,639,1515,0.11909968776463149
874,646,1520,0.11912040897524719
861,649,1510,0.11914338693958865
867,644,1511,0.1191951632572878
869,644,1513,0.1192294234593023
873,636,1509,0.11925626385044516
867,637,1504,0.119270580709408
873,639,1512,0.11929749466952581
874,637,1511,0.11930933993387179
875,639,1514,0.11931856840201029
871,636,1507,0.11932426192845004
862,631,1493,0.11933959446621287
862,637,1499,0.11937626936501783
864,648,1512,0.11941091767995428
867,647,1514,0.11944009840403977
864,643,1507,0.1194604551324531
854,646,1500,0.11948632120613452
854,644,1498,0.11953293495906267
858,639,1497,0.11957562606525375
855,640,1495,0.1196043626717799
851,636,1487,0.11963875078369719
848,635,1483,0.11967960232979567
847,635,1482,0.11972270396765015
852,642,1494,0.1197654975229333
855,644,1499,0.11979449504896887
852,650,1502,0.11981398986334885
847,664,1511,0.11984071452308076
845,658,1503,0.11987675891313972
837,659,1496,0.11991640155115725
833,654,1487,0.11997287019609726
830,661,1491,0.120034838800524
829,669,1498,0.12010042286175455
824,678,1502,0.1201640376551548
830,676,1506,0.12023438375197823
831,682,1513,0.12028502590330316
829,674,1503,0.12032998909755165
833,668,1501,0.1203769974119678
836,667,1503,0.12041133462247895
840,654,1494,0.12043482600950459
836,651,1487,0.12044729531177031
840,664,1504,0.12046742119760716
832,659,1491,0.12047640944923746
839,668,1507,0.12050221910767184
839,674,1513,0.12050900842042385
842,666,1508,0.12051616043645506
850,657,1507,0.12051609193297574
855,662,1517,0.12049672584534708
846,670,1516,0.12046740883929104
842,664,1506,0.12046213352538152
846,664,1510,0.12046840797818806
852,657,1509,0.12046391715555334
851,651,1502,0.12044359477596595
843,665,1508,0.12042854200088231
842,661,1503,0.12043347777616713
847,660,1507,0.12044018478074324
853,663,1516,0.12043398363725168
854,657,1511,0.1204154361017776
851,669,1520,0.12039736248509442
838,670,1508,0.12038633028690575
844,671,1515,0.12040765751476389
833,668,1501,0.12041348140050694
838,668,1506,0.12044410989194183
831,670,1501,0.12045955027779208
839,671,1510,0.12048907152947219
826,674,1500,0.12049837385844527
815,678,1493,0.12053775448396468
814,676,1490,0.12059921851704275
812,681,1493,0.12065803285717859
814,680,1494,0.12071584033152753
816,680,1496,0.12076512614922111
829,687,1516,0.1208072104622842
828,681,1509,0.12081546140287815
833,677,1510,0.12082525405366633
830,681,1511,0.12082417323885394
828,683,1511,0.12082897461278613
823,682,1505,0.12083789312656025
817,681,1498,0.12085778667250778
819,672,1491,0.12089094664910263
812,684,1496,0.12091688089692791
817,692,1509,0.12095941348549542
809,695,1504,0.12098658120133747
809,687,1496,0.12103235729428624
808,680,1488,0.12107495857828514
809,684,1493,0.12111812241967496
819,689,1508,0.12115384624666974
812,685,1497,0.12116344466922876
813,688,1501,0.12118805741611924
814,678,1492,0.12120965494772383
818,679,1497,0.12122778924872964
824,688,1512,0.12123662767249144
817,696,1513,0.1212319609700904
821,687,1508,0.1212429186756559
826,689,1515,0.12124106393408425
827,698,1525,0.1212279074824648
826,701,1527,0.12121486448500779
822,695,1517,0.12120557315488505
824,690,1514,0.12120955106033214
818,693,1511,0.12120737904005204
822,701,1523,0.1212195146056465
818,692,1510,0.12122097956613821
807,697,1504,0.12123278227245093
810,696,1506,0.1212691419831184
811,696,1507,0.12129494665228824
822,689,1511,0.12131543231404127
809,694,1503,0.12130727586539714
804,695,1499,0.12133181721007676
800,687,1487,0.12136350113801361
806,689,1495,0.1214024626556418
822,695,1517,0.1214246674746206
823,696,1519,0.12140872738055714
817,701,1518,0.12139354658971677
807,699,1506,0.1213940608841159
812,696,1508,0.12141922390112267
806,694,1500,0.12143048601509675
806,698,1504,0.12145608718318894
805,702,1507,0.12148142415326017
809,710,1519,0.12150592032685698
794,722,1516,0.12152092983481116
782,715,1497,0.12156991520721583
775,721,1496,0.1216425238726173
779,719,1498,0.12172618146068
784,716,1500,0.12179446526271752
777,704,1481,0.12184659277728198
777,711,1488,0.12191212832174773
775,717,1492,0.1219745976199281
781,716,1497,0.12203648979074591
782,719,1501,0.12207878784527797
789,714,1503,0.12211455842968252
791,720,1511,0.12213162593431516
792,715,1507,0.1221432229468272
792,720,1512,0.12215159420034176
783,724,1507,0.12216067109512013
791,725,1516,0.1221902888616705
788,719,1507,0.12219885609780771
785,720,1505,0.12221496560203303
784,711,1495,0.12223772868812059
788,716,1504,0.12226069836635688
782,712,1494,0.12227322575731314
778,720,1498,0.1223009885933904
784,722,1506,0.12233606869136264
791,737,1528,0.12235432942175199
789,734,1523,0.12235400907484134
781,738,1519,0.12235944163753193
781,733,1514,0.12238364970464094
772,737,1509,0.1224075976446483
777,736,1513,0.122452113169739
777,734,1511,0.1224801335800522
774,727,1501,0.12250420038966726
765,722,1487,0.12253443842156543
764,721,1485,0.12258302635736262
773,726,1499,0.1226293239299007
772,730,1502,0.1226499971026347
767,738,1505,0.12267034846229909
763,741,1504,0.12270191657101702
764,743,1507,0.12274128765428025
757,735,1492,0.12277541586425063
752,734,1486,0.12282411726120725
751,725,1476,0.1228809219698233
749,732,1481,0.12293732113061363
762,740,1502,0.12299470731890462
762,740,1502,0.12301478247342121
763,732,1495,0.12303424254377257
756,747,1503,0.12305123882681006
755,756,1511,0.12308542439244324
753,752,1505,0.12312107671579631
747,759,1506,0.12315949115544815
743,756,1499,0.12320948789899507
746,755,1501,0.1232655258963484
744,764,1508,0.12331129333044491
750,761,1511,0.12335883323577215
749,764,1513,0.12338856066243795
755,756,1511,0.12341954810232753
750,757,1507,0.12343324323395788
745,758,1503,0.12345738768363752
755,760,1515,0.12349188455194199
751,762,1513,0.12350017750682149
741,761,1502,0.12351673511547265
741,768,1509,0.1235558771959236
744,766,1510,0.12359283956821461
741,770,1511,0.12361973815261539
738,774,1512,0.12365138125048643
716,773,1489,0.12368942888756308
720,772,1492,0.12377606402392705
714,776,1490,0.12384788048051597
707,772,1479,0.1239279561085609
718,775,1493,0.12401880992417529
734,773,1507,0.12407502912606568
729,769,1498,0.12408682691952802
733,760,1493,0.1241108570745368
739,768,1507,0.12412315873171412
735,772,1507,0.12412222085860954
735,774,1509,0.12412989900602028
730,778,1508,0.12413637832281936
733,774,1507,0.12415394760371534
739,783,1522,0.12416317666801253
738,782,1520,0.12415749208281987
727,783,1510,0.12415502307391577
721,789,1510,0.12417989191243096
709,797,1506,0.1242182594643519
712,795,1507,0.12428320392874799
713,795,1508,0.12433614301647497
714,800,1514,0.12438330370956224
710,800,1510,0.12442713084779174
702,809,1511,0.1244773068712562
709,807,1516,0.12454363853954879
706,808,1514,0.12458746437937172
712,810,1522,0.12463378723117195
711,811,1522,0.12466257320222489
709,804,1513,0.12469032222051318
714,805,1519,0.12472254922527311
726,804,1530,0.12474239883158739
720,807,1527,0.12473325414707466
717,797,1514,0.12473931103413281
708,787,1495,0.12475227196080702
705,784,1489,0.12478553015644302
698,796,1494,0.12482385472175467
689,803,1492,0.12487735833065433
693,801,1494,0.12494780923408222
694,799,1493,0.12500234826943996
693,807,1500,0.12504807786754424
691,808,1499,0.12509318554683863
687,809,1496,0.12513752860295252
690,804,1494,0.12518791251204678
685,805,1490,0.12522709257004627
685,811,1496,0.1252751326879229
687,807,1494,0.12531962813168468
696,809,1505,0.1253558513492861
696,811,1507,0.12536800884041177
705,814,1519,0.12537881552945243
711,808,1519,0.12536641517795766
705,816,1521,0.12534120879982102
695,812,1507,0.1253328877506623
701,811,1512,0.12534983834684796
694,812,1506,0.12535096639834736
692,817,1509,0.12536963948469473
702,832,1534,0.12539041780801938
701,825,1526,0.12538473748224768
697,822,1519,0.1253833706422202
692,825,1517,0.12539197675698502
694,821,1515,0.12541243013967424
692,824,1516,0.12542764769558146
693,826,1519,0.1254467659407228
683,832,1515,0.12546167261717897
682,829,1511,0.12550193823588854
662,835,1497,0.12554333041452856
661,831,1492,0.12563075306509153
662,838,1500,0.12571398504671807
668,842,1510,0.12578977004934136
671,841,1512,0.12584724579507117
666,841,1507,0.12589372557399492
666,842,1508,0.12595016136212514
666,845,1511,0.12600301127980576
656,855,1511,0.1260524480193611
660,861,1521,0.12612125530394164
660,860,1520,0.12617598172600814
668,856,1524,0.1262262519053666
665,852,1517,0.12625328481636167
656,847,1503,0.12628521864342773
652,851,1503,0.1263379874539976
655,845,1500,0.12639685609243476
661,848,1509,0.12644464069684777
654,861,1515,0.1264743765215854
652,861,1513,0.12651955253757158
650,861,1511,0.12656812232495276
650,868,1518,0.12661799296027765
635,866,1501,0.12666457599382108
637,870,1507,0.1267454870177256
635,871,1506,0.1268154258975166
636,876,1512,0.12688570140831829
639,875,1514,0.1269490695392113
637,875,1512,0.12700076715328243
648,863,1511,0.1270537095320134
640,858,1498,0.12707497828359052
644,867,1511,0.12711462222112238
637,866,1503,0.1271429474647593
639,885,1524,0.12718599952884901
635,878,1513,0.12722182194668694
636,881,1517,0.12726487691081595
641,878,1519,0.127303302359549
642,874,1516,0.12732738677598515
644,868,1512,0.1273470806914725
647,867,1514,0.12736071547323224
648,870,1518,0.12736555844322187
640,866,1506,0.1273665698294161
636,879,1515,0.12738702002455482
639,872,1511,0.12741582657975264
641,875,1516,0.1274356377516068
635,879,1514,0.1274501358812045
628,885,1513,0.12747811154450636
629,880,1509,0.12752162937417122
622,882,1504,0.1275595896024332
618,894,1512,0.12761353356168834
627,885,1512,0.1276754340460298
617,883,1500,0.1277118072762729
613,891,1504,0.12777227483262335
609,898,1507,0.12783629677611047
604,893,1497,0.12790486909579857
610,896,1506,0.1279811793067499
616,886,1502,0.12803675287816116
619,892,1511,0.12807471358955913
628,888,1516,0.12810217452031541
626,892,1518,0.12810651860500705
620,891,1511,0.12811773226001777
623,883,1506,0.12814109231004625
619,884,1503,0.12815461060311378
615,876,1491,0.12817623418988833
613,882,1495,0.12820764668341272
620,886,1506,0.12824197018915195
607,888,1495,0.12825760291697239
609,898,1507,0.12830280946318848
609,895,1504,0.1283402645465922
614,895,1509,0.12837461556868748
617,895,1512,0.1283944165405282
606,893,1499,0.1284042036560329
604,898,1502,0.12844223224500978
604,887,1491,0.12848184276031088
598,883,1481,0.1285187798032933
590,883,1473,0.12856722127475503
592,880,1472,0.12863034107385332
597,882,1479,0.12868429007487717
597,884,1481,0.12872310069978707
596,895,1491,0.12876087129223518
598,901,1499,0.12879887411054539
594,911,1505,0.1288295597210165
585,926,1511,0.12886733748782375
585,914,1499,0.1289253102328921
582,922,1504,0.12897951704557836
589,923,1512,0.12903913389037866
593,915,1508,0.12907774602725033
587,925,1512,0.12910411466771418
581,941,1522,0.1291449490700106
588,947,1535,0.12919759302037262
584,944,1528,0.12923076460031996
583,939,1522,0.1292709635573294
576,936,1512,0.12931121617363453
571,929,1500,0.12936689829139966
568,940,1508,0.12943281791973946
568,945,1513,0.12950194103891766
562,942,1504,0.12956706828952375
566,942,1508,0.1296406464385476
567,943,1510,0.12969920315058978
572,954,1526,0.12975096322916077
563,952,1515,0.12978796753439314
559,945,1504,0.12984479436272
561,943,1504,0.12990780832588256
553,946,1499,0.12996183628480096
554,940,1494,0.13003246422064596
555,956,1511,0.1300962471904713
563,959,1522,0.13015203986557355
562,951,1513,0.13018368680723516
565,959,1524,0.13021514242358564
564,953,1517,0.1302381182078604
560,962,1522,0.13026198661148355
559,951,1510,0.1302943269814888
553,953,1506,0.13032660766654622
544,957,1501,0.13037082116981258
543,953,1496,0.13043377308754076
542,949,1491,0.13049507845251618
549,970,1519,0.13055291440464892
543,969,1512,0.1305895758162395
548,972,1520,0.13063984307127935
548,972,1520,0.13067397449133852
547,964,1511,0.13070689990195533
543,966,1509,0.13073961835622075
537,959,1496,0.13077877656538256
534,963,1497,0.13083062294843184
525,963,1488,0.13088603373685642
516,973,1489,0.13096207879280405
521,963,1484,0.13105377326685566
521,969,1490,0.1311260568970594
524,971,1495,0.13119409913347838
529,970,1499,0.13124990363136976
525,966,1491,0.13129170911675167
521,972,1493,0.13133941614606784
519,980,1499,0.1313947326407132
527,974,1501,0.1314513884373632
526,982,1508,0.13148289674321342
524,977,1501,0.13151632954402193
525,978,1503,0.13155130222944847
528,987,1515,0.13158217681922493
532,984,1516,0.13160346717246754
522,990,1512,0.13161418445206027
519,981,1500,0.131648530023791
512,988,1500,0.13168856628882575
503,1003,1506,0.131742999655451
503,1009,1512,0.13181430802604083
515,1009,1524,0.1318821944456619
517,1011,1528,0.13191681372852063
518,995,1513,0.1319459570504952
511,988,1499,0.13197026834819983
506,988,1494,0.13201092307727494
505,999,1504,0.1320586205432276
505,1005,1510,0.13210569530578586
503,1004,1507,0.13215124893009939
500,1002,1502,0.13219883810957495
497,998,1495,0.1322506947117529
498,997,1495,0.1323061785931643
493,982,1475,0.13235514460441494
496,990,1486,0.13241222783637052
504,987,1491,0.13245926846609868
504,988,1492,0.1324809840810144
493,985,1478,0.1325011899810315
503,985,1488,0.1325461123415957
499,999,1498,0.1325616951860102
503,992,1495,0.13258589052865077
507,994,1501,0.13259603209642834
505,991,1496,0.13259512415336508
500,998,1498,0.13259840595493824
511,997,1508,0.1326132715685824
513,993,1506,0.13259960465872886
517,994,1511,0.13258250199953395
519,993,1512,0.13255799784822386
519,989,1508,0.13253266366661046
511,997,1508,0.1325118668721339
511,996,1507,0.13251333274672633
512,994,1506,0.13251402757441422
504,984,1488,0.13251063082248918
506,991,1497,0.13252770987080847
507,1005,1512,0.13253854740019383
508,998,1506,0.13254485305756994
513,1004,1517,0.1325480763410013
515,995,1510,0.1325405887473942
516,994,1510,0.13252744645383902
509,1005,1514,0.13251280529464401
501,1005,1506,0.13251587674727486
495,1014,1509,0.13253879573509156
495,1009,1504,0.13257717955238613
491,1007,1498,0.13261342197224907
488,1011,1499,0.13265721054852878
485,1005,1490,0.13270513630207215
488,1013,1501,0.13275755463690028
496,1008,1504,0.13279810070013734
497,1001,1498,0.13281512735511883
504,1006,1510,0.13282931744002094
501,1000,1501,0.13282667707766602
503,1006,1509,0.1328314578298399
504,1013,1517,0.13283291569399297
499,1024,1523,0.13283168690002278
500,1022,1522,0.13284404296932104
499,1017,1516,0.1328536357212466
504,1006,1510,0.1328643243721997
507,1009,1516,0.1328623482636542
500,1009,1509,0.13285304859819155
495,1004,1499,0.13286167455448467
496,1016,1512,0.13288227934376579
500,1017,1517,0.1328979828515333
500,1017,1517,0.13290209826881402
505,1013,1518,0.13290574415657763
503,1022,1525,0.1328977359176152
500,1012,1512,0.13289637140030167
495,1017,1512,0.13290220467842087
494,1000,1494,0.13292039286245835
495,997,1492,0.1329403331579735
494,1001,1495,0.13295660525135294
493,1010,1503,0.13297257868466045
498,1022,1520,0.13299062018604943
499,1011,1510,0.1329959877159724
502,1019,1521,0.13299827156233981
505,1024,1529,0.13299223249150902
504,1020,1524,0.1329796076324462
500,1018,1518,0.13297123909882008
507,1011,1518,0.13297342297375042
499,1007,1506,0.13295815787037635
495,1018,1513,0.1329646039509949
499,1029,1528,0.13298125257721677
503,1022,1525,0.1329866841569942
500,1028,1528,0.13298087438656406
504,1025,1529,0.13298266788802757
503,1012,1515,0.13297427119085206
503,1012,1515,0.13296920868392723
499,1021,1520,0.1329645757068112
489,1016,1505,0.132969955284963
489,1021,1510,0.13300034223605106
494,1022,1516,0.13302797401658636
491,1026,1517,0.13304031103772654
486,1026,1512,0.13305899718335923
490,1018,1508,0.13309012459975833
494,1007,1501,0.13310828069724248
495,1009,1504,0.13311435314702713
493,1002,1495,0.13311755780809903
494,1011,1505,0.13312477189137575
491,1020,1511,0.13312792843603874
490,1018,1508,0.13313867326438525
493,1018,1511,0.13315175372205196
493,1021,1514,0.13315544983404107
492,1024,1516,0.13315939654583972
484,1025,1509,0.13316564943171372
488,1026,1514,0.13319048631058109
481,1035,1516,0.1332036653768109
484,1034,1518,0.1332342578933917
481,1028,1509,0.13325507720323446
483,1028,1511,0.1332822613982348
481,1036,1517,0.13330246674196022
477,1029,1506,0.13332807499967572
476,1021,1497,0.13336091000769254
479,1020,1499,0.13339477788469797
480,1031,1511,0.1334191973868926
478,1026,1504,0.13344093896121176
472,1022,1494,0.13346541055587685
469,1034,1503,0.13350285463458872
471,1036,1507,0.13354432529192528
468,1046,1514,0.13357661837195928
472,1055,1527,0.1336143458477997
467,1057,1524,0.13363968982113253
464,1046,1510,0.1336770838337222
476,1046,1522,0.13371955526511442
484,1040,1524,0.13372866332921213
482,1036,1518,0.13371823998658827
477,1033,1510,0.13371590861634386
475,1032,1507,0.13372572418497874
473,1039,1512,0.13373936717748627
474,1039,1513,0.13375584314614394
474,1051,1525,0.13376948698088323
476,1041,1517,0.1337827956916583
477,1039,1516,0.13379112510890004
476,1032,1508,0.13379569709983058
472,1031,1503,0.13380166353380762
470,1033,1503,0.13381802290489925
472,1042,1514,0.1338401018135545
480,1031,1511,0.13385457635181755
478,1038,1516,0.13384782063060263
468,1042,1510,0.13384697540624493
469,1043,1512,0.13387212804969098
469,1031,1500,0.13389236510728109
464,1023,1487,0.1339113642476483
460,1035,1495,0.13394228556425222
458,1030,1488,0.13398156673552328
457,1044,1501,0.13402311383489118
461,1036,1497,0.13406399227409282
461,1043,1504,0.13409158561685314
465,1049,1514,0.13411812368247564
467,1058,1525,0.13413258042995865
466,1048,1514,0.13414151845867361
467,1053,1520,0.1341523910096776
467,1058,1525,0.13415872134966833
465,1058,1523,0.13416444710915784
469,1044,1513,0.13417474769031681
467,1049,1516,0.1341731963527359
459,1056,1515,0.13417630228711047
453,1057,1510,0.13420061787600746
456,1054,1510,0.1342376272231496
460,1054,1514,0.1342645205553654
462,1060,1522,0.13428012281306345
459,1058,1517,0.1342898392074838
456,1053,1509,0.1343060030932736
456,1056,1512,0.13432896000859673
458,1054,1512,0.13435051391533165
450,1048,1498,0.13436609984241282
452,1054,1506,0.13440155948766466
456,1069,1525,0.13442933862194745
455,1057,1512,0.13444488886664716
460,1060,1520,0.1344620238647331
460,1057,1517,0.13446665670837035
448,1058,1506,0.13447123040550732
444,1062,1506,0.13450530722581852
441,1060,1501,0.13454728459348467
438,1064,1502,0.13459392118977115
441,1079,1520,0.13464336968134852
443,1076,1519,0.13468183415959428
440,1067,1507,0.13471132764205007
447,1067,1514,0.13474592484595374
447,1057,1504,0.13476058019527076
452,1069,1521,0.1347765314564721
447,1071,1518,0.13477999495534468
437,1073,1510,0.13479507406195881
438,1067,1505,0.13483492442235562
439,1068,1507,0.13486960992589242
440,1060,1500,0.13489904879422882
444,1052,1496,0.13492296372663862
443,1067,1510,0.13493539503906782
449,1063,1512,0.13494934219168603
439,1079,1518,0.13494808223178723
443,1073,1516,0.13497282361969823
438,1061,1499,0.134985244909575
440,1065,1505,0.13500822766588538
441,1059,1500,0.13502295768966796
439,1069,1508,0.13503464736624168
444,1069,1513,0.13505180355284668
445,1070,1515,0.13505469963834582
441,1076,1517,0.1350556837312272
437,1076,1513,0.13506838407841326
436,1070,1506,0.1350893571590658
431,1070,1501,0.13511152179994507
441,1090,1531,0.13514489952921876
439,1087,1526,0.13515105629777707
442,1088,1530,0.13516188309603938
443,1080,1523,0.13516565366836744
443,1074,1517,0.1351667526155656
444,1083,1527,0.13516830546054728
438,1073,1511,0.13516731281606087
431,1077,1508,0.13518177731223918
431,1075,1506,0.13521182797560122
431,1088,1519,0.13523982453182978
427,1081,1508,0.13526550154871755
436,1071,1507,0.13529902605437819
433,1077,1510,0.13530817075418775
428,1074,1502,0.13532425206675738
427,1079,1506,0.1353520669697617
425,1096,1521,0.13537981917050373
424,1090,1514,0.13541146176264596
427,1099,1526,0.1354442292781712
426,1098,1524,0.13546834146641112
417,1096,1513,0.13549242465609077
419,1083,1502,0.13553838628449763
424,1087,1511,0.13557583141844015
418,1093,1511,0.1355985984092955
418,1104,1522,0.13563525620119107
419,1104,1523,0.13567000582340252
429,1088,1517,0.13569903058906613
423,1094,1517,0.1357005156855874
415,1092,1507,0.13571757907618184
412,1092,1504,0.13575319160414895
415,1092,1507,0.13579353778242914
423,1081,1504,0.13582307216840175
423,1090,1513,0.1358306172786643
424,1089,1513,0.1358377908126734
427,1099,1526,0.13584236842280734
423,1093,1516,0.1358387983406796
410,1099,1509,0.13584530171626327
415,1100,1515,0.13588377257594458
414,1101,1515,0.1359064929621287
411,1101,1512,0.1359301642761048
408,1085,1493,0.13595992433152304
411,1097,1508,0.13599667456708914
415,1090,1505,0.136022538083349
412,1092,1504,0.13603650491029998
412,1084,1496,0.13605749490978306
415,1093,1508,0.13607644344812653
416,1100,1516,0.13608717188337877
418,1105,1523,0.13609533135887947
413,1098,1511,0.13609719796673164
411,1097,1508,0.13611183041253339
409,1096,1505,0.13612977349865138
406,1101,1507,0.13615127686603823
402,1094,1496,0.13617977234517328
404,1106,1510,0.1362154522029533
399,1121,1520,0.13624377685840888
400,1119,1519,0.13628207466014622
401,1117,1518,0.13631524342316662
402,1119,1521,0.13634339375876858
400,1100,1500,0.13636676563571326
405,1100,1505,0.13639339994154265
397,1108,1505,0.13640687034485638
390,1103,1493,0.13643937238065929
383,1106,1489,0.13648801388768292
387,1103,1490,0.13654928351886544
387,1106,1493,0.13659620460727723
388,1111,1499,0.13664078371224747
385,1117,1502,0.13667992581622668
383,1112,1495,0.13672415982222655
383,1111,1494,0.13677057468356163
380,1120,1500,0.13681414844986428
383,1120,1503,0.13686165919205157
383,1119,1502,0.13689827699184595
381,1125,1506,0.13693271011267666
379,1125,1504,0.13697076883179526
376,1124,1500,0.137011321800162
375,1128,1503,0.13705714528149296
371,1133,1504,0.13710182040011382
379,1135,1514,0.1371530848719372
369,1147,1516,0.137180547342586
366,1139,1505,0.13723299383943546
364,1144,1508,0.1372905503479423
369,1148,1517,0.1373490378518615
373,1146,1519,0.1373911166634332
371,1146,1517,0.13742036076318545
369,1140,1509,0.13745320005116357
372,1150,1522,0.13748945606917948
369,1155,1524,0.1375159130317656
370,1145,1515,0.13754708236988056
369,1139,1508,0.1375745384011825
366,1143,1509,0.13760259580026932
359,1155,1514,0.13763675072005582
355,1159,1514,0.13768629122670045
355,1166,1521,0.13774242621536062
350,1176,1526,0.13779581428706625
348,1174,1522,0.13785756354245782
347,1164,1511,0.13791966412982012
349,1155,1504,0.13797950719001734
357,1150,1507,0.13803043686493768
364,1148,1512,0.13805712449274152
361,1152,1513,0.13806501660710965
355,1134,1489,0.1380801305752473
360,1153,1513,0.13811022727569278
357,1165,1522,0.1381263333840717
357,1166,1523,0.13814806597488474
356,1169,1525,0.13816775545217677
351,1165,1516,0.1381892319069698
349,1170,1519,0.13822185251220379
335,1165,1500,0.1382589499688081
340,1180,1520,0.1383306175031683
337,1183,1520,0.13838366998401305
339,1176,1515,0.13844025498050505
340,1178,1518,0.13848893241394927
341,1171,1512,0.1385320834664396
336,1149,1485,0.1385709417314879
339,1169,1508,0.1386188278524828
341,1168,1509,0.13865711975168188
338,1164,1502,0.13868647552860036
335,1168,1503,0.1387226986797453
339,1176,1515,0.1387646209129032
338,1168,1506,0.13879349343955688
339,1169,1508,0.1388238187046378
344,1170,1514,0.1388494739240188
344,1172,1516,0.13885945082596407
335,1168,1503,0.1388683906777164
329,1177,1506,0.13890045744880147
332,1185,1517,0.1389465248256498
326,1185,1511,0.13898129974836657
327,1191,1518,0.13902919673187417
330,1159,1489,0.13906990366806468
329,1167,1496,0.13909920669613585
337,1172,1509,0.1391294704812984
339,1170,1509,0.13913493109545982
339,1164,1503,0.13913537930797218
339,1176,1515,0.13913581753910953
343,1165,1508,0.1391373706667704
342,1156,1498,0.1391290579293046
336,1164,1500,0.13912439131103843
330,1164,1494,0.1391359888538522
336,1177,1513,0.13916346539077626
335,1171,1506,0.13917253924356113
336,1165,1501,0.13918322081795656
337,1176,1513,0.13918957571525312
341,1172,1513,0.1391918675773865
332,1176,1508,0.13918418183886594
330,1186,1516,0.139201446133551
326,1179,1505,0.13922270689985428
322,1190,1512,0.13925271279615817
319,1193,1512,0.1392916517675252
320,1195,1515,0.13933706875067273
326,1195,1521,0.13937709026704392
321,1180,1501,0.13939838302360433
318,1184,1502,0.1394312214990385
323,1186,1509,0.13946906625997568
322,1198,1520,0.13949030611871485
324,1203,1527,0.13951353264743555
320,1193,1513,0.13952954750936022
322,1190,1512,0.13955385850551205
321,1186,1507,0.13957205481868037
321,1199,1520,0.13959119061776515
326,1201,1527,0.1396093692299251
322,1199,1521,0.1396118528034501
319,1192,1511,0.13962427292532828
317,1192,1509,0.13964186107922857
323,1190,1513,0.13966332333260528
328,1193,1521,0.1396673728069017
328,1193,1521,0.13965872341412236
322,1195,1517,0.13964996917530384
322,1190,1512,0.13965749199462027
320,1180,1500,0.13966463199354787
317,1185,1502,0.13967560228612438
314,1180,1494,0.1396933813185983
317,1189,1506,0.1397186469937646
320,1186,1506,0.13973532812242073
323,1181,1504,0.13974250651801717
315,1183,1498,0.1397407232194907
322,1185,1507,0.13976058382896386
319,1185,1504,0.1397610247889833
321,1187,1508,0.13976746756836458
327,1189,1516,0.1397694122552047
325,1191,1516,0.13975466031799985
327,1178,1505,0.1397453406441526
324,1193,1517,0.13973097768010273
325,1188,1513,0.13972639459157832
321,1197,1518,0.13971974478646668
326,1199,1525,0.13972422276934363
328,1193,1521,0.13971594913010307
324,1188,1512,0.13970347996299337
324,1190,1514,0.13970289482275763
319,1192,1511,0.13970242383467693
315,1194,1509,0.1397144125873883
316,1194,1510,0.1397354352485236
320,1177,1497,0.13975285368587284
325,1199,1524,0.13975848520863696
324,1194,1518,0.13975155499849498
324,1196,1520,0.1397481416697606
322,1188,1510,0.13974629166151137
320,1187,1507,0.13974926492988937
313,1199,1512,0.13975832746929215
308,1196,1504,0.13978544565044665
304,1194,1498,0.1398242118782739
314,1193,1507,0.13987000667535304
314,1202,1516,0.1398857625145971
315,1191,1506,0.13989990484495107
318,1205,1523,0.13991141407978477
318,1205,1523,0.13991415183695297
314,1207,1521,0.13991713326773636
313,1192,1505,0.1399288029164833
307,1193,1500,0.1399424478950012
308,1199,1507,0.13996981905690092
304,1198,1502,0.13999214114001343
304,1194,1498,0.14002293096658877
308,1210,1518,0.14005088367625965
312,1211,1523,0.14006593310570098
309,1209,1518,0.14006945703740029
306,1199,1505,0.14008079849106353
311,1197,1508,0.14009967177099283
313,1207,1520,0.1401050086781965
314,1198,1512,0.1401041498770933
316,1206,1522,0.1400991609864975
319,1202,1521,0.14009002035853174
315,1212,1527,0.14007363148445304
321,1199,1520,0.1400692937892994
317,1188,1505,0.14004920672359056
319,1193,1512,0.14004216630580985
323,1185,1508,0.14002955831923902
324,1187,1511,0.1400067063775925
316,1176,1492,0.13998253120098003
313,1187,1500,0.1399808462481208
318,1180,1498,0.13998690484516252
316,1193,1509,0.13997875507701688
323,1195,1518,0.13997841938434039
316,1189,1505,0.13995947362896133
314,1183,1497,0.13995997726416057
313,1184,1497,0.13996522030276012
323,1195,1518,0.1399717514342203
320,1192,1512,0.13995165738374543
318,1188,1506,0.139942264136005
312,1199,1511,0.1399395011425912
314,1181,1495,0.13995296555304898
317,1186,1503,0.13995902621778
320,1193,1513,0.13995475164271015
317,1189,1506,0.13994186567501932
317,1180,1497,0.1399369875473086
322,1196,1518,0.13993310595098202
321,1203,1524,0.13991564323107253
317,1205,1522,0.13990106483370582
320,1210,1530,0.13989812464428203
318,1201,1519,0.13988801343054477
313,1194,1507,0.13988493614995323
323,1199,1522,0.13989518278672375
321,1204,1525,0.1398781994537682
316,1190,1506,0.1398676916340219
314,1192,1506,0.13987134032807824
308,1185,1493,0.1398805153984277
312,1186,1498,0.13990437170709058
310,1200,1510,0.13991448381666596
301,1211,1512,0.13992850887010375
307,1209,1516,0.13996590197740255
303,1219,1522,0.13998379449590811
301,1216,1517,0.14001207115081318
291,1206,1497,0.14004380312741785
287,1210,1497,0.14009892707593619
294,1216,1510,0.1401609776977664
300,1223,1523,0.14020094943258393
295,1224,1519,0.14022275939642576
297,1221,1518,0.14025622954194625
295,1209,1504,0.1402826964911136
291,1217,1508,0.14031121183055678
294,1216,1510,0.14034801184969614
298,1208,1506,0.1403746203195709
298,1219,1517,0.14038838392511405
299,1229,1528,0.14040151134134862
297,1232,1529,0.1404114099412425
297,1230,1527,0.14042534734309098
288,1226,1514,0.14043904943389202
282,1230,1512,0.14047725379892928
272,1224,1496,0.14052916498960133
277,1234,1511,0.1406049338907953
273,1222,1495,0.14066163753360364
279,1230,1509,0.14072520806894928
287,1230,1517,0.14076816975566078
284,1232,1516,0.14078744412129296
282,1225,1507,0.14081321267143987
287,1221,1508,0.14084117725920733
289,1220,1509,0.14085382600046847
283,1215,1498,0.14086030119039816
286,1221,1507,0.14088141724057088
284,1231,1515,0.14089234776050177
279,1238,1517,0.14090926764178047
278,1239,1517,0.14093816646413962
275,1245,1520,0.14096807258081132
276,1243,1519,0.14100341600627098
274,1237,1511,0.14103271949754564
277,1219,1496,0.141064923273371
274,1221,1495,0.14108602950923627
276,1239,1515,0.14111389406788136
274,1236,1510,0.14113403054372398
268,1231,1499,0.14115828657548926
271,1247,1518,0.14119824767230973
277,1242,1519,0.1412272142057125
282,1227,1509,0.14123812275589093
285,1235,1520,0.14123316948038464
283,1239,1522,0.14122087913647366
285,1245,1530,0.14121613937596428
282,1242,1524,0.14120600226749055
281,1231,1512,0.14120517717394526
281,1234,1515,0.14120783864169736
278,1228,1506,0.141210096751577
271,1216,1487,0.14122010273721183
271,1227,1498,0.1412487388194698
270,1225,1495,0.14127708026548536
270,1237,1507,0.1413073997493548
261,1237,1498,0.14133572976842962
264,1239,1503,0.14138671485161958
272,1236,1508,0.14142621402627045
272,1243,1515,0.14144072804842478
275,1241,1516,0.1414544474032272
264,1247,1511,0.14145919234720963
267,1241,1508,0.1414931245077956
264,1249,1513,0.14151729812001607
267,1240,1507,0.1415472948038718
267,1247,1514,0.1415665611929967
271,1246,1517,0.14158522554420197
267,1241,1508,0.14159220332305883
269,1245,1514,0.14160912952389804
271,1251,1522,0.14162018560064066
269,1248,1517,0.14162520159279318
264,1246,1510,0.1416352267589635
268,1251,1519,0.14165813469050448
264,1260,1524,0.14166857017809717
269,1263,1532,0.1416885135448312
267,1254,1521,0.14169332885570493
262,1255,1517,0.14170241937422934
263,1254,1517,0.14172446278837034
259,1261,1520,0.14174227321183203
255,1266,1521,0.14177035694645912
258,1267,1525,0.14180786282977434
254,1251,1505,0.14183590943026075
245,1265,1510,0.1418740784898459
247,1254,1501,0.14193393745659524
255,1259,1514,0.14198547935306227
256,1261,1517,0.1420106601169603
257,1262,1519,0.1420313735419043
254,1243,1497,0.14204909919665204
258,1259,1517,0.14207350014212686
261,1260,1521,0.14208502509336418
261,1255,1516,0.14208887693408734
265,1243,1508,0.1420922861923961
265,1233,1498,0.14208587228858863
266,1227,1493,0.14207972109374217
264,1234,1498,0.1420713034131123
262,1246,1508,0.1420694834726402
265,1250,1515,0.1420733229536132
257,1243,1500,0.1420681952104563
254,1249,1503,0.14208533478383895
259,1252,1511,0.14210903757645557
267,1255,1522,0.1421173010586435
272,1260,1532,0.14210437503450002
274,1243,1517,0.14207866311709375
275,1252,1527,0.1420481717281779
267,1251,1518,0.14201754556277543
266,1260,1526,0.14201053486767914
264,1244,1508,0.1420067870668526
263,1238,1501,0.14200889677072717
257,1241,1498,0.14201413190282994
261,1237,1498,0.14203518605330834
263,1252,1515,0.14204335781282854
262,1254,1516,0.14204675435187858
265,1267,1532,0.1420529687539035
266,1265,1531,0.14205041761224949
260,1255,1515,0.14204663228509623
254,1262,1516,0.14205938476327293
254,1261,1515,0.14208744393388062
252,1260,1512,0.14211396645839566
248,1267,1515,0.14214446663058788
244,1273,1517,0.14218336785692062
246,1267,1513,0.1422299020983597
252,1256,1508,0.14226822245445614
251,1263,1514,0.14228781415534011
249,1259,1508,0.14231002949442897
248,1262,1510,0.14233625256803153
250,1269,1519,0.14236299657562734
254,1262,1516,0.142381594067552
255,1257,1512,0.14238869718227978
257,1266,1523,0.1423930699172199
253,1272,1525,0.1423915358510964
250,1274,1524,0.1424015106382119
251,1270,1521,0.14241928711038981
243,1264,1507,0.14243171872183416
240,1277,1517,0.14246372906140217
242,1277,1519,0.14250085269101187
249,1257,1506,0.14252933209751728
246,1256,1502,0.14253690816704928
242,1267,1509,0.14255289308397345
236,1272,1508,0.14258015496076853
241,1270,1511,0.1426224176653648
247,1256,1503,0.14264782775938603
246,1259,1505,0.14265572577963362
249,1262,1511,0.14266582914320838
243,1266,1509,0.1426678137291167
240,1274,1514,0.142685973705833
241,1268,1509,0.14271131595369438
240,1271,1511,0.14273257960692518
243,1279,1522,0.14275451373656153
244,1276,1520,0.14276678905282508
248,1272,1520,0.14277546333904445
249,1276,1525,0.14277238255786737
245,1264,1509,0.14276793041208666
247,1277,1524,0.1427739980423879
248,1283,1531,0.1427745716810585
252,1282,1534,0.14277231023347922
250,1273,1523,0.14275974836914965
252,1271,1523,0.1427533971350762
247,1266,1513,0.1427430274103642
249,1265,1514,0.14274624271176684
252,1265,1517,0.14274275958368007
250,1262,1512,0.1427311266179775
243,1263,1506,0.14272604276534437
243,1271,1514,0.142739038127483
238,1277,1515,0.14275164939892357
237,1290,1527,0.1427771743782577
234,1281,1515,0.14280551401061461
238,1275,1513,0.14284027512171446
238,1271,1509,0.14286221151718503
234,1256,1490,0.14288243341867302
233,1271,1504,0.14291110064867607
238,1273,1511,0.14294116380679284
237,1271,1508,0.14295530505936577
233,1272,1505,0.14297074759262948
234,1275,1509,0.1429961989595924
230,1284,1514,0.14301746700381762
233,1295,1528,0.1430479341707956
234,1292,1526,0.14306784463131306
234,1293,1527,0.14308459280218933
235,1282,1517,0.14309997981130185
236,1285,1521,0.14311160696156083
228,1274,1502,0.14311961180961918
234,1271,1505,0.1431483987272692
231,1270,1501,0.14315950424208887
237,1273,1510,0.14317819391999
231,1272,1503,0.14317933733045185
232,1275,1507,0.14319652682822703
232,1282,1514,0.14321014467646775
237,1286,1523,0.14322352204918792
239,1278,1517,0.14322339323073038
237,1286,1523,0.14321819689120524
233,1280,1513,0.14322010404513372
235,1291,1526,0.143231450872587
232,1291,1523,0.14323703351751843
228,1286,1514,0.14324999071181124
232,1285,1517,0.1432727517975097
231,1295,1526,0.14328335090872352
233,1298,1531,0.1432962314258247
238,1306,1544,0.14330310554955125
235,1303,1538,0.14329572542237748
233,1301,1534,0.1432966954627503
230,1292,1522,0.1433038493724035
231,1292,1523,0.14331995801887862
230,1284,1514,0.1433333663333866
229,1291,1520,0.14334833045630596
231,1297,1528,0.14336510009439954
230,1290,1520,0.14337539061526064
235,1279,1514,0.14338831626963194
231,1274,1505,0.14338691171949697
230,1273,1503,0.14339810176697124
225,1292,1517,0.1434114681923603
228,1290,1518,0.14343884912721402
224,1287,1511,0.1434547960807559
227,1276,1503,0.1434808128555761
230,1285,1515,0.143496473929571
227,1273,1500,0.14350277913042972
224,1274,1498,0.1435167539830321
219,1284,1503,0.14353842173300252
220,1290,1510,0.14357147657112784
219,1296,1515,0.1435997799329551
221,1278,1499,0.14362960200510116
223,1287,1510,0.14365158251260512
224,1289,1513,0.14366676327693173
223,1287,1510,0.14367800097446193
226,1292,1518,0.1436914667659702
225,1291,1516,0.14369599322262536
222,1284,1506,0.14370403549432897
225,1281,1506,0.14371905216470401
225,1291,1516,0.14372422116025516
224,1297,1521,0.1437289097202003
223,1304,1527,0.1437359731287255
223,1304,1527,0.14374480571440185
216,1303,1519,0.14375318456932235
215,1302,1517,0.14378079263881907
216,1305,1521,0.14380954318056144
216,1302,1518,0.14383320143224657
221,1293,1514,0.14385528315036292
219,1287,1506,0.14386291957578048
222,1300,1522,0.14387523558094664
220,1302,1522,0.14387807751925166
214,1296,1510,0.14388683123244725
221,1296,1517,0.14391210132180934
217,1300,1517,0.14391772452195675
216,1310,1526,0.14393402506995967
217,1301,1518,0.1439521503302378
212,1303,1515,0.14396658718135424
214,1298,1512,0.14399445440168865
219,1298,1517,0.1440154318063458
214,1305,1519,0.14402066734277494
214,1311,1525,0.14403906153847776
211,1308,1519,0.14405648956341646
209,1311,1520,0.14408043883245944
209,1323,1532,0.14410830966662735
208,1320,1528,0.14413465459973268
210,1319,1529,0.14416191925100372
207,1308,1515,0.14418150109776556
206,1303,1509,0.14420700269526823
207,1320,1527,0.14423416892477683
209,1306,1515,0.14425718247732466
212,1306,1518,0.14427351346740167
209,1301,1510,0.14428100195897542
204,1298,1502,0.1442955834038248
202,1297,1499,0.14432176077078407
201,1294,1495,0.14435368062735912
206,1299,1505,0.14438462170830962
208,1302,1510,0.1444004415918084
206,1313,1519,0.14441016814904092
208,1311,1519,0.1444246608967123
208,1319,1527,0.1444329781305248
206,1324,1530,0.14444049317512733
204,1319,1523,0.14445322149522274
203,1312,1515,0.14446984549976072
200,1308,1508,0.14448772512417032
202,1309,1511,0.14451208462965248
205,1319,1524,0.14452978677412517
212,1316,1528,0.14453814370489865
210,1303,1513,0.1445259594372879
210,1302,1512,0.14452040476049774
209,1305,1514,0.14451510977225737
206,1315,1521,0.1445138814363418
209,1312,1521,0.14452163439315424
209,1311,1520,0.1445208406559485
211,1307,1518,0.14452009949501243
213,1301,1514,0.14451445773072666
212,1300,1512,0.14450335968448616
216,1292,1508,0.14449574117028427
214,1299,1513,0.14447822609043393
214,1310,1524,0.14446855335439288
209,1309,1518,0.14445916838877293
208,1310,1518,0.14446448740568393
204,1317,1521,0.14447271195618128
200,1311,1511,0.14449194943941726
198,1304,1502,0.14452094205202456
196,1317,1513,0.1445530809689172
196,1323,1519,0.14458829836678977
197,1312,1509,0.14462186033654217
195,1311,1506,0.1446500325904367
191,1324,1515,0.1446824815000789
185,1332,1517,0.14472341482509501
184,1326,1510,0.1447784861202585
191,1333,1524,0.1448327679420524
194,1326,1520,0.14486387058552752
197,1319,1516,0.14488351742407068
196,1322,1518,0.14489398012717478
191,1324,1515,0.14490619294000515
191,1324,1515,0.14493083414850963
189,1330,1519,0.1449532251973486
188,1331,1519,0.1449795908875822
183,1334,1517,0.14500718943404659
180,1327,1507,0.1450476596492738
180,1319,1499,0.14509331424824798
177,1319,1496,0.14513568345099112
179,1329,1508,0.1451833464325397
182,1327,1509,0.14522201305234847
181,1337,1518,0.14525079550099648
174,1339,1513,0.14528023890767414
177,1345,1522,0.14532711820701544
167,1347,1514,0.1453630058957292
166,1364,1530,0.1454245874458188
166,1348,1514,0.14548480349393175
167,1357,1524,0.14554043780697778
164,1352,1516,0.14559011986132525
165,1345,1510,0.14564446424547892
161,1347,1508,0.14569280096083087
164,1347,1511,0.145748666245415
161,1339,1500,0.1457925962177438
165,1342,1507,0.14584062467421086
163,1345,1508,0.14587374426614536
161,1358,1519,0.14591080005723003
160,1361,1521,0.1459509385643673
162,1357,1519,0.1459914399574833
157,1363,1520,0.14602462567202537
152,1358,1510,0.14606953412424822
155,1364,1519,0.14612473847539859
155,1364,1519,0.1461684391269675
152,1354,1506,0.14620924185338915
151,1366,1517,0.146255382298091
150,1372,1522,0.14630129192605992
152,1371,1523,0.14634759061615424
159,1371,1530,0.146385040112292
154,1362,1516,0.14640093902478285
154,1365,1519,0.14642974684172105
154,1361,1515,0.14645677881310937
151,1363,1514,0.1464824485966315
151,1360,1511,0.14651567003035812
148,1358,1506,0.14654672273188057
150,1357,1507,0.14658428123671535
150,1375,1525,0.14661455971036014
149,1366,1515,0.14664299770563846
148,1377,1525,0.14667257851065643
146,1366,1512,0.1467026119956672
147,1379,1526,0.14673624296693868
147,1372,1519,0.146765072498768
151,1360,1511,0.146791232136622
149,1360,1509,0.14680475464271517
148,1362,1510,0.1468231973430044
150,1351,1501,0.1468442242004427
151,1366,1517,0.14685849451214097
149,1370,1519,0.14686922326729954
151,1370,1521,0.14688527525767528
149,1373,1522,0.14689485685905015
151,1366,1517,0.1469093097653536
156,1376,1532,0.14691780535064713
153,1370,1523,0.14691201212015698
151,1367,1518,0.1469152368126254
150,1360,1510,0.1469236208499952
151,1362,1513,0.14693400709106008
151,1367,1518,0.14694050310759293
149,1365,1514,0.1469463210807428
149,1360,1509,0.14695708171646849
151,1366,1517,0.14696732239439345
145,1369,1514,0.14697180513496708
142,1375,1517,0.14699251629611687
144,1376,1520,0.14701986109267406
143,1371,1514,0.14703913044236253
141,1368,1509,0.1470591070218466
142,1375,1517,0.1470830930882167
142,1369,1511,0.14710193581265266
145,1373,1518,0.14712028382303582
150,1350,1500,0.1471300627492154
150,1360,1510,0.147124942432147
149,1380,1529,0.14712145872625662
147,1371,1518,0.14712193336116905
143,1382,1525,0.14712824929207965
141,1381,1522,0.14714500216698112
141,1376,1517,0.1471655532212122
143,1380,1523,0.14718521078204422
146,1376,1522,0.1471992465058268
145,1374,1519,0.14720396832036683
147,1381,1528,0.1472110190769097
150,1377,1527,0.14721292660438495
147,1379,1526,0.14720657435587287
146,1369,1515,0.14720864813383674
145,1370,1515,0.14721396330916708
142,1375,1517,0.14722193225095248
143,1376,1519,0.14723816949118493
143,1381,1524,0.14725045074629178
141,1370,1511,0.1472619749791858
141,1363,1504,0.14727796586267922
144,1366,1510,0.1472926581817892
144,1365,1509,0.14729837736422519
147,1368,1515,0.14730270525646516
148,1363,1511,0.14729927598649747
146,1363,1509,0.14729436239150273
141,1357,1498,0.14729509098734006
139,1365,1504,0.14730940995135225
147,1357,1504,0.14732813203823508
144,1368,1512,0.14732431732265225
144,1374,1518,0.14732872498277785
144,1371,1515,0.14733287588648586
140,1363,1503,0.14733654165739604
138,1373,1511,0.14735214917480294
140,1370,1510,0.14737158827610453
136,1367,1503,0.14738436983211045
136,1376,1512,0.1474067482522108
135,1378,1513,0.14742792263135726
136,1376,1512,0.14745002369106924
134,1386,1520,0.14746777745768408
134,1394,1528,0.14748876273330278
131,1391,1522,0.14750768423985783
130,1377,1507,0.1475340984443743
130,1391,1521,0.14756130117515862
129,1379,1508,0.1475876874612351
130,1387,1517,0.14761512127178011
129,1395,1524,0.14763838391026946
130,1392,1522,0.14766328250952232
129,1379,1508,0.14768436602976429
131,1383,1514,0.14770686598180316
129,1384,1513,0.14772307332042942
132,1387,1519,0.14774357074034103
130,1377,1507,0.14775478643090842
127,1387,1514,0.14777097170891
130,1385,1515,0.14779340037370742
128,1385,1513,0.1478060226988314
128,1394,1522,0.1478233726763877
131,1399,1530,0.14783913475312604
131,1392,1523,0.14784494065346418
130,1395,1525,0.14785067894529672
128,1394,1522,0.14785857116966777
127,1390,1517,0.14787158119976848
124,1397,1521,0.14788600871696736
123,1395,1518,0.14790845375793382
124,1386,1510,0.14793161099963123
124,1376,1500,0.14795061426670664
124,1394,1518,0.1479685877325366
126,1415,1541,0.1479852510527301
125,1397,1522,0.147996222759963
121,1405,1526,0.14800938229251456
121,1397,1518,0.14803167584168092
117,1396,1513,0.14805225364111618
122,1399,1521,0.14808222593352588
121,1375,1496,0.1480968547275362
121,1359,1480,0.14811295003127692
117,1374,1491,0.14812779377329577
121,1380,1501,0.14815330402064458
120,1372,1492,0.1481660322135027
124,1379,1503,0.14818059232805225
123,1384,1507,0.14818368138566496
125,1383,1508,0.14818984088444823
127,1388,1515,0.14819045107075587
128,1389,1517,0.1481848120773063
129,1391,1520,0.14817685294040384
129,1396,1525,0.1481666753853315
128,1405,1533,0.14815667098585977
127,1395,1522,0.14815035626616752
127,1384,1511,0.14814809620636482
125,1389,1514,0.1481460517453796
125,1388,1513,0.148148883756713
123,1385,1508,0.14815195995081984
126,1389,1515,0.14815969513046218
126,1390,1516,0.14815837138706328
128,1395,1523,0.14815807326373862
126,1403,1529,0.14815252681053523
124,1406,1530,0.14815324154489878
125,1395,1520,0.14815911222114433
125,1384,1509,0.14816265000592005
124,1405,1529,0.1481662135619673
124,1408,1532,0.14817146921753266
122,1381,1503,0.14817626364223657
127,1387,1514,0.14818620805389426
130,1387,1517,0.1481813381286274
129,1376,1505,0.14816903474981138
126,1371,1497,0.14815976997099117
126,1383,1509,0.1481590417283151
126,1383,1509,0.14815836443347113
128,1382,1510,0.14815773051347916
132,1382,1514,0.14815215087123487
131,1381,1512,0.14813509353277174
129,1387,1516,0.1481223380504192
129,1377,1506,0.1481160881677718
128,1372,1500,0.1481092433841538
132,1384,1516,0.14810586817366725
135,1387,1522,0.14809158900299443
134,1394,1528,0.1480695163650517
136,1380,1516,0.1480514961282801
130,1379,1509,0.14802971087891106
131,1373,1504,0.148025803482445
130,1386,1516,0.148019033260544
132,1390,1522,0.14801540936716293
134,1391,1525,0.14800699303272494
127,1393,1520,0.147992168684422
131,1371,1502,0.14799691865458264
128,1382,1510,0.1479903414305534
122,1382,1504,0.1479932824658471
123,1386,1509,0.14801262354734215
122,1389,1511,0.14802748373311483
125,1374,1499,0.14804482272582167
127,1383,1510,0.14805304684956921
129,1388,1517,0.14805555978808077
127,1385,1512,0.14805180859136513
120,1395,1515,0.1480540984038731
121,1410,1531,0.14807554391789662
117,1401,1518,0.14809246859049266
116,1394,1510,0.14812011237546552
116,1389,1505,0.148148964108142
115,1398,1513,0.14817650960164186
115,1399,1514,0.14820444449713957
120,1401,1521,0.14823051464599118
119,1394,1513,0.14824115483835046
117,1394,1511,0.14825506376397837
117,1390,1507,0.14827339646259663
118,1392,1510,0.14829033212553352
118,1403,1521,0.14830369985506586
117,1408,1525,0.14831655134249738
112,1410,1522,0.14833155999037384
116,1407,1523,0.14835962267165165
116,1410,1526,0.1483748604764049
115,1402,1517,0.14838940077867366
115,1393,1508,0.14840620785612615
115,1396,1511,0.1484220109393662
116,1407,1523,0.14843708215303417
113,1406,1519,0.14844828684500655
108,1418,1526,0.14846701776787208
110,1414,1524,0.14849892479279073
111,1427,1538,0.1485230207462022
110,1412,1522,0.14854363303204104
112,1392,1504,0.1485659138358315
111,1391,1502,0.14858101365053908
106,1393,1499,0.14859781578736997
109,1398,1507,0.14862718239680567
107,1405,1512,0.14864638663682345
109,1404,1513,0.14867081790608663
106,1409,1515,0.1486875091149317
105,1404,1509,0.1487114344430273
107,1410,1517,0.14873655191031618
102,1418,1520,0.14875429409582192
101,1427,1528,0.14878429326945725
98,1431,1529,0.14881465516018821
100,1422,1522,0.14885161596715968
97,1419,1516,0.14888087214231668
96,1421,1517,0.14891668986771844
99,1407,1506,0.14895243961887875
98,1415,1513,0.14897792778879806
96,1409,1505,0.1490049268698561
98,1408,1506,0.14903540919282382
95,1408,1503,0.1490587261638898
94,1419,1513,0.14908977475013674
92,1410,1502,0.14912111070829706
93,1407,1500,0.14915563916336672
87,1407,1494,0.14918542034530793
85,1420,1505,0.14922987302498492
78,1412,1490,0.1492771765345779
81,1431,1512,0.14934082945524316
82,1430,1512,0.14939206745592515
85,1414,1499,0.1494373393048275
84,1424,1508,0.1494715063599898
84,1424,1508,0.1495065900386943
84,1433,1517,0.14954040558512433
83,1423,1506,0.1495716847286303
85,1425,1510,0.14960368761601706
85,1421,1506,0.14962904246709222
89,1425,1514,0.14965268673436283
89,1443,1532,0.14966367960148896
90,1427,1517,0.14967437178090487
89,1413,1502,0.14968157378053099
90,1425,1515,0.14969157839361988
88,1423,1511,0.14969763979146422
88,1440,1528,0.14970954618746396
89,1437,1526,0.1497204558035204
89,1434,1523,0.14972778705037348
90,1442,1532,0.14973443832743608
91,1442,1533,0.14973790846992333
91,1447,1538,0.1497380528577913
93,1438,1531,0.1497382598072815
94,1435,1529,0.14973325244229682
91,1432,1523,0.14972590355679027
93,1431,1524,0.1497279288965993
89,1438,1527,0.14972426177053844
87,1431,1518,0.14973227354533272
80,1431,1511,0.14974544599455344
83,1437,1520,0.14977776869649254
81,1433,1514,0.14979988646772047
84,1429,1513,0.14982598408407763
84,1434,1518,0.14984195645972545
84,1428,1512,0.1498567664874783
84,1436,1520,0.14987076388924586
85,1432,1517,0.14988406838864696
88,1431,1519,0.14989335510883106
93,1417,1510,0.1498934954012479
90,1425,1515,0.14987880956954913
90,1420,1510,0.14987383940788332
87,1420,1507,0.14986867933757123
86,1431,1517,0.14987227727236196
88,1425,1513,0.14987835466024316
89,1429,1518,0.1498786333884796
85,1433,1518,0.14987552957312472
82,1432,1514,0.14988391136932436
85,1435,1520,0.149900346621661
86,1426,1512,0.14990647112714264
87,1425,1512,0.14990901017842245
88,1421,1509,0.14990823662197603
88,1427,1515,0.14990442235877285
85,1439,1524,0.1499007361595224
86,1441,1527,0.149905599312647
86,1435,1521,0.14990751228758253
86,1439,1525,0.14990917752015348
87,1437,1524,0.14991062514129433
83,1425,1508,0.14990926911386487
83,1430,1513,0.14991940650455327
83,1426,1509,0.14992925564538256
81,1432,1513,0.14993850905486986
78,1436,1514,0.14995304484856856
80,1447,1527,0.1499746686284145
77,1431,1508,0.14998909493996504
77,1447,1524,0.15001126642080506
74,1457,1531,0.150032004287863
75,1441,1516,0.1500606075405376
77,1450,1527,0.15008399962763577
79,1456,1535,0.15010022913165907
79,1466,1545,0.15010976368918869
77,1457,1534,0.1501187697097864
78,1444,1522,0.15013281571867115
78,1447,1525,0.15014340487818933
77,1441,1518,0.150153464375164
75,1436,1511,0.15016612816171418
74,1442,1516,0.15018339273168171
73,1444,1517,0.15020268212499988
73,1448,1521,0.15022360961618897
73,1445,1518,0.15024342986546377
72,1443,1515,0.15026208112951583
72,1446,1518,0.15028251097826545
70,1436,1506,0.15030139589776248
71,1439,1510,0.15032463818088626
68,1452,1520,0.15034389663602668
67,1450,1517,0.15037014209408825
68,1449,1517,0.15039759974270514
64,1448,1512,0.1504208582940114
61,1448,1509,0.15045437771245057
62,1444,1506,0.15049475108220317
61,1445,1506,0.15052958149007212
63,1451,1514,0.15056513552357834
64,1444,1508,0.15059286321461518
65,1447,1512,0.1506165473594756
67,1439,1506,0.15063613691112887
67,1441,1508,0.15064863214921165
66,1458,1524,0.15066048573473026
65,1459,1524,0.15067449977560304
65,1461,1526,0.1506902094788286
65,1457,1522,0.15070485539949144
65,1462,1527,0.150718593733268
64,1448,1512,0.1507315039240653
64,1465,1529,0.15074639331987225
63,1471,1534,0.1507601782501972
64,1467,1531,0.15077593387523933
64,1468,1532,0.1507872941476321
61,1455,1516,0.150797426090275
61,1446,1507,0.15081532507750015
63,1456,1519,0.15083206376617309
62,1452,1514,0.15084204569476248
64,1459,1523,0.15085421881688318
63,1461,1524,0.15085989900483085
62,1452,1514,0.15086810240798484
60,1447,1507,0.15087859358867253
62,1454,1516,0.15089460418538106
63,1459,1522,0.15090412569038883
61,1461,1522,0.15091025012283385
62,1465,1527,0.15092208567117762
60,1456,1516,0.15093084840147544
60,1450,1510,0.1509448205126601
60,1449,1509,0.15095790737306383
58,1449,1507,0.15097019598225922
58,1465,1523,0.15098770669409128
60,1459,1519,0.15100404819693417
60,1458,1518,0.15101355811991277
57,1454,1511,0.15102248690452064
55,1459,1514,0.15103952647171465
55,1458,1513,0.1510613932576611
55,1458,1513,0.15108161133472633
55,1456,1511,0.15110051266604196
57,1446,1503,0.15111807386194617
56,1447,1503,0.15112848175999483
57,1441,1498,0.15114119008819235
60,1448,1508,0.15115004924395403
58,1456,1514,0.15114964568974804
58,1450,1508,0.15115499051574852
62,1454,1516,0.15115976454778482
61,1456,1517,0.1511527832477703
60,1464,1524,0.1511492719917927
62,1469,1531,0.15114882383174655
60,1464,1524,0.15114310796389296
63,1459,1522,0.15114358241935627
64,1463,1527,0.15113543913662172
63,1452,1515,0.15112473554484862
61,1455,1516,0.15111785722343066
63,1451,1514,0.1511168614182098
64,1442,1506,0.15111003784852348
63,1438,1501,0.15110106975279386
61,1447,1508,0.15109591401381717
61,1443,1504,0.15109693752761694
62,1452,1514,0.15109785747211993
61,1447,1508,0.15109588456412734
57,1457,1514,0.15109693997552714
56,1450,1506,0.15110979975880628
53,1450,1503,0.15112456033084049
52,1462,1514,0.15114698730410756
53,1469,1522,0.15117088292785202
55,1469,1524,0.15119034578974586
55,1476,1531,0.151202794907008
55,1468,1523,0.15121461887846518
58,1465,1523,0.15122580788359472
59,1465,1524,0.15122767613065566
59,1462,1521,0.15122630300426732
58,1472,1530,0.1512251654093953
58,1458,1516,0.1512267087748484
55,1464,1519,0.15122825889042066
55,1461,1516,0.1512384475924648
54,1452,1506,0.15124754936421322
53,1446,1499,0.15125885474115322
51,1465,1516,0.1512722992382253
52,1471,1523,0.15129084634906417
53,1477,1530,0.15130536598808583
54,1455,1509,0.15131603830271456
53,1462,1515,0.15132306739300264
55,1453,1508,0.1513324215748156
56,1458,1514,0.1513353485635104
53,1450,1503,0.15133521053307294
52,1464,1516,0.15134374278335003
51,1464,1515,0.15135469517890468
51,1455,1506,0.15136805989245045
50,1460,1510,0.15138068297042961
48,1462,1510,0.15139556071840643
48,1459,1507,0.15141557657782242
49,1457,1506,0.15143440064334995
50,1459,1509,0.15144891596613724
52,1468,1520,0.15145933186465962
52,1460,1512,0.15146298981994324
51,1458,1509,0.1514664655728105
51,1459,1510,0.1514726577878362
48,1460,1508,0.15147833158013865
48,1467,1515,0.15149239935094383
50,1471,1521,0.15150554458806476
48,1466,1514,0.15151219501980445
43,1462,1505,0.15152427385866044
44,1458,1502,0.15155039074436513
49,1468,1517,0.1515716605490838
46,1475,1521,0.15157650689691782
46,1481,1527,0.1515900525152261
47,1485,1532,0.15160261299200048
46,1489,1535,0.1516115755819559
45,1484,1529,0.15162281820691448
46,1477,1523,0.15163648510076594
45,1466,1511,0.15164661531241982
44,1475,1519,0.1516590728709569
43,1464,1507,0.15167359077808634
42,1484,1526,0.15169020323557267
41,1471,1512,0.15170894252885841
39,1464,1503,0.15172921055182859
41,1474,1515,0.15175389636373782
41,1482,1523,0.1517711932244712
41,1488,1529,0.15178717191140575
40,1489,1529,0.1518024205392587
38,1500,1538,0.15181979166266196
39,1480,1519,0.15184210308966592
38,1479,1517,0.15186005687175524
39,1471,1510,0.15187990577860938
37,1487,1524,0.15189534767091373
39,1474,1513,0.15191594363677374
37,1467,1504,0.15192908418612855
39,1478,1517,0.15194741616170673
38,1480,1518,0.15195881280455276
41,1470,1511,0.15197262062311756
42,1473,1515,0.1519765600153093
39,1474,1513,0.1519773964154794
39,1475,1514,0.15198718311114698
39,1465,1504,0.1519963976863724
37,1465,1502,0.15200504947826274
38,1476,1514,0.15201893886113577
39,1471,1510,0.15202882933283593
40,1478,1518,0.1520351501063726
39,1477,1516,0.1520379659817985
41,1467,1508,0.1520434823068312
40,1465,1505,0.15204277068826666
42,1477,1519,0.15204501070119178
41,1471,1512,0.15204108409841946
43,1461,1504,0.15204064221544658
43,1461,1504,0.15203400777292223
45,1457,1502,0.15202785591220438
43,1470,1513,0.1520160127114512
41,1473,1514,0.1520110203342175
42,1458,1500,0.1520123937269905
43,1460,1503,0.1520103230693214
43,1457,1500,0.15200540620529782
43,1466,1509,0.15200089746375897
44,1460,1504,0.15199685374104357
43,1443,1486,0.15198994286384918
43,1447,1490,0.15198659831426364
44,1458,1502,0.15198315848567304
42,1468,1510,0.15197682439121693
39,1474,1513,0.1519769171134916
39,1459,1498,0.15198614230389634
37,1462,1499,0.1519945179486405
39,1464,1503,0.15200814404086516
43,1461,1504,0.1520149230888095
45,1463,1508,0.15200925647948937
46,1453,1499,0.15199788360562763
45,1463,1508,0.1519843068681528
45,1467,1512,0.15197469738724007
44,1470,1514,0.15196567123147622
43,1468,1511,0.15196033835701558
46,1459,1505,0.15195813180951367
48,1470,1518,0.15194682725844552
49,1476,1525,0.15193027891007005
51,1470,1521,0.15191180815241898
51,1484,1535,0.15188848109930128
49,1479,1528,0.15186639484662334
47,1481,1528,0.15185156461683386
47,1472,1519,0.15184374165775236
48,1490,1538,0.15183660435258697
48,1488,1536,0.15182660796503653
49,1477,1526,0.15181724064273663
49,1474,1523,0.15180553242539255
51,1458,1509,0.1517947662313012
50,1465,1515,0.15177862492805874
52,1465,1517,0.1517664250699446
55,1460,1515,0.15174896936697185
57,1451,1508,0.15172364077873376
58,1448,1506,0.15169399722587557
57,1455,1512,0.15166316416364917
59,1458,1517,0.15163717513878935
56,1456,1512,0.15160715153425944
55,1463,1518,0.15158788209184146
55,1460,1515,0.15157273224224604
56,1467,1523,0.15155878583597684
58,1455,1513,0.15154267014750303
60,1445,1505,0.1515213143542386
62,1443,1505,0.15149582181879798
64,1446,1510,0.15146604909298184
63,1451,1514,0.15143178786589961
63,1453,1516,0.15140316706952844
62,1452,1514,0.15137660149226956
60,1455,1515,0.15135466930108116
60,1448,1508,0.15134034958113707
59,1467,1526,0.15132694420996612
60,1445,1505,0.15131726104334745
62,1454,1516,0.15130508802585205
62,1460,1522,0.151287983631624
62,1456,1518,0.15127181608574225
59,1461,1520,0.15125639522906964
58,1463,1521,0.15125067985321206
58,1466,1524,0.15124809667782674
57,1470,1527,0.15124591115782526
58,1465,1523,0.1512470718296054
59,1467,1526,0.15124515760346466
59,1453,1512,0.1512403875641429
60,1447,1507,0.15123538379813783
61,1457,1518,0.15122807265711777
62,1450,1512,0.15121809074675688
64,1447,1511,0.1512057597854436
63,1441,1504,0.1511884787850751
60,1442,1502,0.15117557510339683
61,1442,1503,0.15117235374010465
59,1436,1495,0.15116658014019163
58,1446,1504,0.1511671704306061
55,1444,1499,0.15117029546328847
54,1447,1501,0.15118193715581413
55,1444,1499,0.151196005587623
54,1450,1504,0.15120595589845728
53,1459,1512,0.15121819922877144
54,1451,1505,0.15123275382517962
55,1439,1494,0.15124325948937226
55,1456,1511,0.1512503801623132
56,1462,1518,0.15125694837874792
56,1453,1509,0.1512601666034697
57,1452,1509,0.1512631818209874
56,1444,1500,0.15126275697238298
56,1456,1512,0.15126523922657095
57,1466,1523,0.15126737875571827
57,1472,1529,0.1512666328177057
58,1460,1518,0.15126606952799584
56,1457,1513,0.15126247965703654
56,1453,1509,0.15126503286244353
54,1451,1505,0.1512675081317227
53,1459,1512,0.15127579897411206
53,1464,1517,0.1512863507529185
52,1458,1510,0.15129639926810426
50,1458,1508,0.15130896639923352
52,1472,1524,0.15132660720840538
51,1459,1510,0.1513374010302315
49,1465,1514,0.15135049646092824
50,1458,1508,0.1513687302972966
48,1453,1501,0.15138247995683676
51,1459,1510,0.1514015513425978
52,1474,1526,0.15141033862929995
50,1466,1516,0.1514155544464977
50,1466,1516,0.15142668528959413
50,1481,1531,0.15143711483709676
49,1481,1530,0.15144689141589218
46,1476,1522,0.15145883596540255
47,1467,1514,0.1514792502076121
46,1467,1513,0.15149535509371564
43,1473,1516,0.1515136099339843
45,1481,1526,0.1515394268416664
44,1482,1526,0.15155767705884782
42,1475,1517,0.15157780523956677
41,1481,1522,0.15160262099826638
43,1476,1519,0.15162858593680967
43,1481,1524,0.1516471454753817
45,1476,1521,0.15166474539782754
45,1477,1522,0.1516750674278068
44,1474,1518,0.1516847653566513
44,1475,1519,0.15169675697467602
42,1469,1511,0.1517080151109182
42,1478,1520,0.15172458505894412
42,1471,1513,0.151740125884701
42,1471,1513,0.15175488452226937
43,1482,1525,0.15176871606785763
42,1480,1522,0.15177855345599223
42,1479,1521,0.15179074735497283
43,1471,1514,0.15180217840616322
44,1477,1521,0.15180991018535692
43,1485,1528,0.15181403917303726
44,1487,1531,0.15182092521400503
44,1493,1537,0.15182405613267708
43,1486,1529,0.15182707143672936
42,1476,1518,0.15183293226454386
41,1478,1519,0.15184152531294395
40,1473,1513,0.15185207833175127
40,1480,1520,0.15186492017381412
40,1467,1507,0.15187689494700055
41,1471,1512,0.15188810373079026
39,1484,1523,0.15189556695615644
38,1485,1523,0.15190870286290858
39,1476,1515,0.1519241530520227
38,1470,1508,0.15193576538050624
40,1464,1504,0.1519497658067482
39,1474,1513,0.15195708796735638
39,1474,1513,0.1519668661737442
39,1477,1516,0.15197588984694882
38,1476,1514,0.15198427098038564
38,1479,1517,0.1519952951443744
38,1477,1515,0.15200564917004958
37,1475,1512,0.15201547764572146
36,1470,1506,0.15202769967973473
35,1460,1495,0.15204218096802197
32,1462,1494,0.15205898200198198
32,1473,1505,0.15208369018277892
33,1477,1510,0.15210689903666832
34,1468,1502,0.1521255439927664
33,1481,1514,0.1521399092528128
34,1484,1518,0.15215644372860018
35,1493,1528,0.15216879733519487
35,1490,1525,0.1521774837456556
35,1491,1526,0.15218561649169143
34,1494,1528,0.1521933816695307
32,1488,1520,0.1522038201408407
30,1484,1514,0.15221970607199434
27,1478,1505,0.15224060571717352
26,1481,1507,0.15226947691273784
26,1465,1491,0.1522994556105262
26,1485,1511,0.1523276230349184
25,1477,1502,0.1523540663148907
25,1470,1495,0.15238200512197475
24,1475,1499,0.15240824085873672
22,1491,1513,0.15243606041423804
22,1502,1524,0.15246837655988654
22,1488,1510,0.1524986951187639
21,1483,1504,0.15252715852166523
22,1483,1505,0.1525570112922769
23,1476,1499,0.15258184920848752
23,1484,1507,0.15260222249472435
23,1492,1515,0.15262133049188661
23,1495,1518,0.15263928066874097
24,1495,1519,0.15265614674078917
24,1492,1516,0.1526688097637522
24,1486,1510,0.152680718127176
23,1483,1506,0.15269191270225002
25,1487,1512,0.15270561627141213
25,1480,1505,0.15271243703011658
24,1489,1513,0.15271895491183668
24,1494,1518,0.15272806314958667
24,1494,1518,0.15273666373298306
22,1508,1530,0.15274476706759949
22,1491,1513,0.15275866486977893
23,1496,1519,0.15277169659249254
23,1486,1509,0.15278076425583825
24,1492,1516,0.15278929246707343
24,1481,1505,0.1527941470024131
23,1480,1503,0.1527987258272828
24,1489,1513,0.15280610461682684
22,1494,1516,0.1528098363657956
21,1478,1499,0.15281928057572167
21,1483,1504,0.15283135891303926
21,1484,1505,0.1528427194837113
25,1486,1511,0.1528534038832442
24,1489,1513,0.15285122389800998
24,1494,1518,0.152852286061497
24,1494,1518,0.15285328023434394
26,1496,1522,0.1528542165612249
26,1486,1512,0.1528487941336929
24,1488,1512,0.15284374556199606
24,1492,1516,0.152845339058454
24,1494,1518,0.1528468290242014
23,1483,1506,0.15284822227206596
21,1499,1520,0.15285259458304976
20,1492,1512,0.15286296301480234
20,1493,1513,0.15287564496517544
18,1496,1514,0.15288758657025373
18,1510,1528,0.15290515315068054
16,1496,1512,0.15292163976017364
14,1492,1506,0.152943365434751
13,1502,1515,0.1529700451482267
13,1511,1524,0.15299815108602569
13,1516,1529,0.1530245690207778
14,1510,1524,0.15304940217918678
14,1510,1524,0.15306967584980385
14,1500,1514,0.15308872958627545
14,1500,1514,0.15310663570753885
15,1491,1506,0.15312346554082243
15,1493,1508,0.15313612562708095
14,1504,1518,0.15314804700975454
14,1510,1524,0.15316228906557294
15,1500,1515,0.15317572882798236
15,1505,1520,0.15318521047720687
16,1488,1504,0.15319414787250007
15,1497,1512,0.15319934914846173
16,1487,1503,0.15320740924516027
16,1488,1504,0.15321187142406628
16,1490,1506,0.15321605609489733
16,1497,1513,0.15321998496254385
16,1509,1525,0.1532236776208144
16,1498,1514,0.15322714967584236
17,1515,1532,0.1532304148159393
17,1503,1520,0.1532302810714909
16,1509,1525,0.15323016490395092
16,1506,1522,0.15323322665566916
16,1511,1527,0.15323609345227276
16,1504,1520,0.1532387819108902
15,1496,1511,0.15324130609890507
14,1500,1514,0.15324671102813364
14,1497,1511,0.15325503126384932
13,1495,1508,0.15326285433176484
15,1495,1510,0.15327332728406273
16,1507,1523,0.15327682386372196
16,1512,1528,0.15327709273485748
17,1493,1510,0.15327731079143853
18,1493,1511,0.15327438198993934
19,1505,1524,0.15326845743976242
19,1500,1519,0.1532597519520157
19,1492,1511,0.1532516078520888
19,1496,1515,0.15324397052213656
19,1498,1517,0.1532368029510932
18,1498,1516,0.1532300740211386
17,1507,1524,0.15322692047471084
17,1514,1531,0.15322712506407604
17,1496,1513,0.1532273036514086
15,1499,1514,0.15322745743914118
12,1504,1516,0.15323389435811074
12,1500,1512,0.15324924525782715
12,1508,1520,0.15326369180259566
11,1507,1518,0.15327727480087394
11,1495,1506,0.15329315464481266
11,1494,1505,0.1533080971646037
11,1506,1517,0.15332215302454558
11,1520,1531,0.15333537127744037
11,1505,1516,0.15334780051998964
11,1496,1507,0.1533594873379482
13,1479,1492,0.15337047590971234
13,1492,1505,0.15337460014596183
12,1488,1500,0.15337845053540913
13,1489,1502,0.15338510973881334
13,1499,1512,0.1533882497115594
13,1499,1512,0.153391229127518
13,1502,1515,0.1533940374787651
13,1513,1526,0.1533966816766145
12,1502,1514,0.15339917033979472
10,1503,1513,0.15340467059759572
11,1528,1539,0.1534161617768497
11,1517,1528,0.1534237081901282
11,1516,1527,0.15343080468914516
11,1516,1527,0.15343747938880678
11,1502,1513,0.1534437577223015
11,1493,1504,0.15344966305797592
12,1490,1502,0.15345521728253178
12,1500,1512,0.15345722260742137
12,1492,1504,0.1534591180149433
11,1514,1525,0.1534609049369272
10,1504,1514,0.15346565945117085
10,1508,1518,0.15347339795443074
11,1500,1511,0.15348068270886692
11,1503,1514,0.15348445927067866
11,1500,1511,0.15348796874061146
11,1505,1516,0.1534912612042545
11,1515,1526,0.1534943541602977
12,1524,1536,0.15349726101860084
12,1520,1532,0.15349677073448834
12,1513,1525,0.15349631659171153
12,1507,1519,0.153495892985905
12,1502,1514,0.15349549758171294
13,1507,1520,0.15349512826512857
13,1506,1519,0.15349156561257316
11,1495,1506,0.15348822860437628
13,1492,1505,0.15349139728274136
13,1496,1509,0.15348801167377357
12,1493,1505,0.15348486291018595
13,1490,1503,0.15348498903258745
15,1501,1516,0.15348203870091687
15,1511,1526,0.15347291515674505
13,1512,1525,0.1534643648640139
13,1514,1527,0.1534627219117994
13,1497,1510,0.15346116113740352
12,1497,1509,0.15345970613103588
11,1500,1511,0.15346151587917836
11,1487,1498,0.15346640099199918
11,1504,1515,0.1534709777717019
11,1504,1515,0.15347527223701785
10,1501,1511,0.15347930409463656
10,1506,1516,0.15348622026439493
10,1512,1522,0.15349273311529277
11,1504,1515,0.153498863277407
11,1505,1516,0.15350142523527524
11,1518,1529,0.15350391781175024
11,1526,1537,0.15350625320363862
10,1528,1538,0.15350844074878794
10,1514,1524,0.15351369408463927
10,1517,1527,0.153518623991858
9,1512,1521,0.15352325458909685
9,1503,1512,0.15353081437072022
9,1507,1516,0.1535379156280526
9,1515,1524,0.15354455546211412
9,1506,1515,0.15355081583406457
9,1514,1523,0.1535567036041094
8,1521,1529,0.15356223917689252
8,1521,1529,0.15357060182452759
7,1521,1528,0.15357845627407482
7,1522,1529,0.1535890685252608
8,1522,1530,0.1535990478528302
10,1509,1519,0.15360534503450957
10,1512,1522,0.15360501251456893
10,1502,1512,0.1536046523084311
10,1501,1511,0.15360430315580245
12,1507,1519,0.1536039718147422
12,1507,1519,0.15359744751075272
11,1483,1494,0.1535913053850682
9,1494,1503,0.1535885901927939
7,1506,1513,0.1535923543687293
6,1517,1523,0.15360208387950072
6,1528,1534,0.1536145435347469
6,1515,1521,0.15362628519317933
6,1530,1536,0.15363733914285393
5,1528,1533,0.15364774124301026
5,1506,1511,0.1536607678162747
5,1502,1507,0.15367302232251479
5,1497,1502,0.15368454949046298
5,1506,1511,0.15369539179055727
5,1495,1500,0.15370558964903447
5,1505,1510,0.153715181355038
6,1503,1509,0.15372420302164602
6,1513,1519,0.15372944990923534
6,1505,1511,0.15373439337771658
6,1514,1520,0.15373904812089034
6,1510,1516,0.1537434293762092
6,1513,1519,0.15374755213632885
6,1499,1505,0.15375143103323205
6,1505,1511,0.1537550801332011
6,1507,1513,0.15375851283403213
6,1522,1528,0.15376174183218846
6,1530,1536,0.15376477912562236
5,1521,1526,0.15376763603375504
5,1526,1531,0.1537734846141608
5,1531,1536,0.15377897386697806
5,1525,1530,0.15378413855671894
5,1508,1513,0.153788997932438
5,1520,1525,0.1537935698014115
5,1511,1516,0.1537978709698952
5,1513,1518,0.1538019173104966
6,1506,1512,0.15380572380458502
6,1502,1508,0.15380616282562068
6,1497,1503,0.1538065723013973
6,1507,1513,0.15380695340854048
6,1504,1510,0.15380731009280468
7,1517,1524,0.15380764460018548
6,1512,1518,0.153804722108986
6,1516,1522,0.15380521276613388
6,1509,1515,0.15380566993598735
6,1516,1522,0.1538060970613111
7,1506,1513,0.15380649758023812
7,1505,1512,0.1538037142171852
7,1496,1503,0.15380111567223595
7,1496,1503,0.15379872394397312
7,1490,1497,0.15379649740125587
7,1509,1516,0.153794359079403
7,1513,1520,0.153792366432348
6,1518,1524,0.1537904954071398
6,1512,1518,0.1537918494923254
6,1503,1509,0.15379312691618502
6,1511,1517,0.15379433172792398
5,1509,1514,0.15379546619605194
4,1529,1533,0.15379969180746542
4,1522,1526,0.15380678116799337
3,1517,1520,0.15381346020196557
2,1515,1517,0.1538228367083333
1,1521,1522,0.15383490859493243
1,1523,1524,0.15384951359313997
0,1515,1515,0.1538632606825265
