1351,28,1379,0.13584070218252836
1396,28,1424,0.13306646104689243
1410,29,1439,0.13040907001314925
1439,29,1468,0.1279472960871149
1450,28,1478,0.12562481873593095
1457,29,1486,0.12347920623795237
1461,28,1489,0.12150585203875922
1456,28,1484,0.11969813240397066
1456,28,1484,0.11806362398829577
1463,27,1490,0.11657517313428814
1462,27,1489,0.11520202697049062
1459,28,1487,0.11395402642489405
1459,29,1488,0.11282429346345772
1450,28,1478,0.11179477302157945
1440,28,1468,0.11087807665527105
1458,30,1488,0.11006614186270226
1462,31,1493,0.10928442774873558
1472,31,1503,0.10856309835493874
1466,31,1497,0.10788357534325002
1468,31,1499,0.10727837711724861
1480,31,1511,0.10672283863411092
1476,30,1506,0.10618994082160682
1464,32,1496,0.10571365964650824
1460,33,1493,0.10530695810943151
1466,34,1500,0.1049453164555661
1460,34,1494,0.1046027713541862
1452,33,1485,0.10430390346753755
1454,33,1487,0.10404889289647208
1458,30,1488,0.10381243066957509
1448,31,1479,0.10358816879554623
1451,30,1481,0.10340569213090962
1443,31,1474,0.10323225547313535
1444,34,1478,0.10309214419685628
1447,35,1482,0.10296243199507064
1452,33,1485,0.10283774326151723
1460,34,1494,0.10271299766707308
1464,36,1500,0.10258202246648285
1469,36,1505,0.10245445216010761
1477,38,1515,0.10232733550180491
1474,37,1511,0.10219450569702766
1471,36,1507,0.10208003092071817
1467,34,1501,0.1019821004083197
1463,32,1495,0.10190156618540833
1464,34,1498,0.10183662079678718
1465,36,1501,0.10177608163225521
1460,36,1496,0.1017182803308295
1457,38,1495,0.10167654605397854
1462,38,1500,0.10164472443463125
1465,36,1501,0.10160494805439999
1457,36,1493,0.1015622941662929
1457,36,1493,0.10154121544422239
1448,36,1484,0.10152186633470763
1452,39,1491,0.10152319087536889
1451,42,1493,0.10151574815786553
1458,41,1499,0.10151093283653129
1450,42,1492,0.10149127775432096
1443,42,1485,0.10149079674977879
1434,47,1481,0.10150567548569525
1426,46,1472,0.10153867960381699
1443,47,1490,0.1015860316117842
1439,43,1482,0.10159269509138488
1441,44,1485,0.10160743103577281
1456,42,1498,0.10161626347899906
1451,43,1494,0.10159263421182885
1447,45,1492,0.10158153483278323
1458,45,1503,0.10158006908815512
1466,45,1511,0.10155506438634447
1458,45,1503,0.10151521332814706
1463,43,1506,0.10149597066054078
1445,44,1489,0.10146785642044252
1448,46,1494,0.10148071325355457
1441,50,1491,0.10148589952354722
1440,52,1492,0.10150552194758983
1443,50,1493,0.10152544863498228
1438,51,1489,0.10153718625671766
1453,48,1501,0.10155859737764422
1442,47,1489,0.10154621551334082
1444,48,1492,0.1015585381384534
1433,49,1482,0.10156548477547572
1442,49,1491,0.10159484177666733
1447,50,1497,0.1016027600610466
1434,48,1482,0.10159953151148687
1435,47,1482,0.10162475580861262
1436,49,1485,0.1016456307898611
1442,47,1489,0.10166265250793544
1443,48,1491,0.1016647471324534
1437,48,1485,0.10166456333809316
1453,49,1502,0.10167743744212028
1446,51,1497,0.1016548652831467
1451,53,1504,0.10164885476259608
1445,53,1498,0.10163275815912005
1443,55,1498,0.10163104136187581
1436,55,1491,0.10163409941414074
1445,54,1499,0.10165151644140202
1440,55,1495,0.10164829098979056
1433,55,1488,0.10165642545793206
1441,54,1495,0.10167905022337667
1434,52,1486,0.10168252971963501
1438,54,1492,0.10170078873765831
1425,58,1483,0.1017077751263309
1427,56,1483,0.1017423431870224
1433,56,1489,0.10176979340274853
1426,54,1480,0.10178195495153716
1432,57,1489,0.10180816510495955
1436,58,1494,0.10181937960232969
1433,58,1491,0.10182134733073925
1416,62,1478,0.10182942136674722
1436,60,1496,0.10187291141579902
1447,59,1506,0.10186948395942245
1446,56,1502,0.10184250636344931
1438,56,1494,0.10182031048168483
1439,58,1497,0.10181752909778212
1437,60,1497,0.10181248045317011
1445,62,1507,0.10181177301677158
1439,61,1500,0.10179433478201518
1427,59,1486,0.10179116816622918
1419,58,1477,0.10181416807495652
1413,60,1473,0.10185227003414771
1432,61,1493,0.1018997736606757
1436,63,1499,0.10190226424233231
1431,63,1494,0.10189620797021588
1422,63,1485,0.10190138032710575
1421,63,1484,0.10192571376721168
1431,66,1497,0.10194980819543631
1439,63,1502,0.10195040289443583
1426,65,1491,0.10193375962568005
1432,62,1494,0.10194664963330567
1445,64,1509,0.10194536190828035
1437,65,1502,0.10191636512247042
1426,67,1493,0.10190683561098474
1433,68,1501,0.1019223732479476
1432,68,1500,0.1019213702708772
1441,70,1511,0.10192249164999241
1435,70,1505,0.10190420027969326
1432,71,1503,0.10190055342382888
1428,75,1503,0.10190389392572383
1416,74,1490,0.10191543245151945
1423,73,1496,0.10195181239350364
1425,74,1499,0.10197039090870891
1425,76,1501,0.10198290554393079
1425,77,1502,0.10199419065064605
1416,78,1494,0.10200444913376135
1424,78,1502,0.10203311179593343
1427,76,1503,0.10204221726302709
1423,76,1499,0.10204394462769788
1416,77,1493,0.1020540369298141
1407,80,1487,0.10207810448641656
1401,83,1484,0.102120147996902
1392,80,1472,0.10217187991683688
1406,81,1487,0.10223851234346192
1404,84,1488,0.10226889021630071
1398,86,1484,0.10230102839356803
1404,83,1487,0.10234313373626219
1402,83,1485,0.10236885886670595
1407,86,1493,0.10239682204952363
1409,87,1496,0.10241128080572613
1416,85,1501,0.10242015145114593
1415,87,1502,0.10241334790038487
1402,89,1491,0.10240936964524223
1418,86,1504,0.1024332510690222
1405,90,1495,0.10242103390831683
1402,90,1492,0.10243783706346087
1402,89,1491,0.10245969022489923
1401,88,1489,0.10247979325083137
1401,92,1493,0.10250003669881991
1398,92,1490,0.1025183593521547
1398,93,1491,0.10254191594066579
1392,95,1487,0.10256356493601838
1382,97,1479,0.10259636740261374
1392,97,1489,0.10264778677215408
1392,98,1490,0.10267320978370442
1400,100,1500,0.102696817729576
1392,100,1492,0.10270131804610948
1391,98,1489,0.1027227395459637
1410,100,1510,0.10274443552333146
1418,101,1519,0.10272340777419928
1406,104,1510,0.10268720450604071
1401,101,1502,0.10268004175484684
1393,102,1495,0.10268436359672738
1381,105,1486,0.10270552740113675
1387,103,1490,0.10275125096670504
1399,105,1504,0.10277929050317829
1395,104,1499,0.10277942618765026
1409,102,1511,0.10278806388402469
1401,104,1505,0.10276578663692476
1403,103,1506,0.10276265047024356
1399,99,1498,0.10275595991875079
1388,100,1488,0.10275848978928566
1381,101,1482,0.10278422443172254
1374,102,1476,0.10282247944764177
1378,106,1484,0.10287267941686874
1385,105,1490,0.1029102242632913
1388,100,1488,0.10292920002337774
1386,104,1490,0.10294051670845512
1384,108,1492,0.10295590116107761
1380,111,1491,0.10297400860288014
1371,112,1483,0.1029989281103769
1377,115,1492,0.10304125223584652
1374,111,1485,0.1030669233109468
1381,113,1494,0.10309666194875325
1368,118,1486,0.10310863995082699
1377,115,1492,0.103147797141016
1391,115,1506,0.1031644472837192
1391,113,1504,0.10314891892152098
1378,111,1489,0.1031348338570045
1389,113,1502,0.10315024604418835
1394,114,1508,0.10314041082812471
1397,113,1510,0.10312080763874637
1382,114,1496,0.1030966632847539
1385,112,1497,0.10310710418197973
1379,109,1488,0.10311018705558488
1374,109,1483,0.10312582789171713
1375,110,1485,0.10315091393868286
1379,111,1490,0.10317145574055811
1373,111,1484,0.10318163633023586
1375,109,1484,0.10320457554041675
1383,113,1496,0.10322036382495899
1383,113,1496,0.10321794459316873
1384,113,1497,0.1032155882258127
1391,115,1506,0.1032111474554641
1381,116,1497,0.10319194981921682
1387,116,1503,0.10319601309681613
1389,115,1504,0.1031866380043185
1392,117,1509,0.10317445139716472
1381,114,1495,0.10315669006859722
1367,109,1476,0.10316438197863541
1371,106,1477,0.10320215233410526
1374,106,1480,0.10322719468696512
1375,107,1482,0.10324345171068665
1363,108,1471,0.10325620580765513
1366,107,1473,0.10329416101512823
1368,107,1475,0.10332242085651565
1371,104,1475,0.10334439946762214
1387,108,1495,0.1033583900257889
1385,109,1494,0.10333651453152448
1388,110,1498,0.10332122359673031
1388,113,1501,0.10329989273320114
1384,112,1496,0.10328073225165088
1392,113,1505,0.10327235929008849
1383,112,1495,0.10324745574942806
1380,112,1492,0.10324404606528567
1370,115,1485,0.10324791913998105
1381,116,1497,0.10327294662828894
1381,116,1497,0.10327261862211584
1383,118,1501,0.10327140040942347
1375,119,1494,0.10326578983556377
1376,118,1494,0.10327838374274627
1386,117,1503,0.10328740630954644
1379,116,1495,0.10327409896388062
1383,117,1500,0.10327692538306497
1386,115,1501,0.10327120638706574
1395,114,1509,0.10325960848609064
1385,114,1499,0.10323005217378461
1377,118,1495,0.10322436946520121
1365,120,1485,0.10323736372590758
1375,120,1495,0.10327457653956935
1384,124,1508,0.10328741042115293
1380,122,1502,0.10327939031917341
1371,124,1495,0.10328133906371145
1372,124,1496,0.10330278829975245
1366,126,1492,0.10332091100767098
1370,127,1497,0.10335032096627181
1371,125,1496,0.10336841816299654
1374,127,1501,0.10338318043440395
1370,129,1499,0.1033902551119509
1366,128,1494,0.10340567090849107
1369,130,1499,0.10342785969230821
1361,131,1492,0.10344205194889661
1351,137,1488,0.10347306920298464
1360,140,1500,0.1035233701048024
1359,143,1502,0.10354957170573101
1353,143,1496,0.10357605063133497
1372,142,1514,0.10361339977200004
1365,146,1511,0.10360686790543451
1356,148,1504,0.10361755315687052
1351,148,1499,0.10364670708000641
1341,155,1496,0.10368473477692453
1333,158,1491,0.10374150677580057
1329,158,1487,0.10381141039091249
1341,156,1497,0.10388351089156482
1339,156,1495,0.10392382425760563
1346,154,1500,0.103965040170877
1344,157,1501,0.10398759288590227
1330,165,1495,0.10401271209348177
1335,166,1501,0.10406565409064435
1335,167,1502,0.10410389643850973
1342,169,1511,0.10413876640220664
1333,167,1500,0.1041561124733439
1326,166,1492,0.10419233586932211
1337,165,1502,0.10424136360270644
1338,170,1508,0.10426299859887452
1345,173,1518,0.10428035226428806
1342,170,1512,0.10428085593621353
1336,172,1508,0.10428789760086737
1327,165,1492,0.10430742679201618
1327,163,1490,0.10434533313182584
1323,167,1490,0.10437989213500273
1333,167,1500,0.10441944498549399
1333,164,1497,0.10443436957260516
1344,168,1512,0.10444801737780857
1332,168,1500,0.10443638963039625
1329,177,1506,0.104451796195022
1316,176,1492,0.10447300467770491
1326,175,1501,0.10452060104977763
1330,178,1508,0.1045422573417736
1330,182,1512,0.10455308912573712
1322,179,1501,0.10456310963356166
1322,180,1502,0.10459001865802825
1312,178,1490,0.10461520141190545
1302,175,1477,0.10466048802900417
1317,174,1491,0.10472396222902859
1307,171,1478,0.10474922551773475
1314,178,1492,0.10479359423334161
1319,179,1498,0.10481849708831241
1329,177,1506,0.104829824716942
1322,179,1501,0.10481856848155229
1320,180,1500,0.10482307713324396
1321,174,1495,0.10483184726680633
1330,179,1509,0.10483671790644823
1314,175,1489,0.104821136067902
1323,176,1499,0.10484161162836225
1319,177,1496,0.10484038286350306
1323,182,1505,0.10484859457274188
1326,183,1509,0.10484786868645607
1317,181,1498,0.10484032446849227
1312,181,1493,0.10485304658510174
1329,178,1507,0.104876253278922
1324,183,1507,0.10486013612950629
1333,184,1517,0.10485583137035048
1334,181,1515,0.10483233482789174
1327,187,1514,0.10480961885372952
1324,185,1509,0.10480498977708329
1309,186,1495,0.10480724896108985
1308,183,1491,0.10484128479485197
1309,184,1493,0.10487447927347113
1304,180,1484,0.10490235090046467
1298,182,1480,0.10493978736994053
1304,183,1487,0.10498761079539072
1301,184,1485,0.10501768535151589
1303,187,1490,0.10505266706239323
1303,188,1491,0.10508088864478218
1306,192,1498,0.10510564425294326
1296,198,1494,0.1051221845675074
1301,202,1503,0.10515859582979545
1300,199,1499,0.10518096652761544
1297,201,1498,0.10520256289992552
1307,198,1505,0.10522836017915392
1312,200,1512,0.10523077909222665
1301,195,1496,0.10522137574698387
1305,195,1500,0.1052374047294611
1302,195,1497,0.10524310355476431
1302,193,1495,0.10525526050496349
1291,201,1492,0.10526623960168294
1287,206,1493,0.10530121663557228
1282,207,1489,0.1053416102907401
1280,205,1485,0.10538898531186154
1282,206,1488,0.10543722877282775
1291,203,1494,0.10547724456446335
1290,204,1494,0.1054934382272199
1277,206,1483,0.10551127250862308
1284,207,1491,0.10555604728148354
1281,208,1489,0.10558229572628669
1275,210,1485,0.105613765925041
1288,218,1506,0.10565661553761398
1273,214,1487,0.10566706569437766
1278,216,1494,0.10571104938238884
1276,211,1487,0.10574061433801706
1280,214,1494,0.10577221279548712
1291,217,1508,0.10579176392492996
1278,219,1497,0.105784797714707
1280,220,1500,0.10580783948116089
1282,222,1504,0.10582517009131205
1275,222,1497,0.10583750658236885
1262,223,1485,0.10586447022478235
1265,222,1487,0.10591764560606745
1272,224,1496,0.10595938540375444
1277,225,1502,0.10598180365213608
1282,229,1511,0.10599136511950506
1277,227,1504,0.10598961540366389
1286,228,1514,0.10599866116238037
1279,225,1504,0.10598720050293846
1281,228,1509,0.10599244242754409
1286,228,1514,0.10599340979578402
1271,234,1505,0.10598390048623248
1269,232,1501,0.10600927354785782
1283,230,1513,0.10603757158961617
1289,225,1514,0.10603149761578567
1287,228,1515,0.10601253610847476
1279,232,1511,0.10600071113958486
1281,233,1514,0.10600750469277878
1272,235,1507,0.10600921215866627
1273,236,1509,0.1060307136839234
1277,241,1518,0.10604920869806111
1272,243,1515,0.10605747459026038
1268,242,1510,0.10607639250946836
1256,250,1506,0.10610233172311193
1258,245,1503,0.1061530045470652
1257,244,1501,0.10619601567048288
1262,244,1506,0.10623797336731876
1256,249,1505,0.10626535546273554
1255,249,1504,0.1063032380746098
1246,245,1491,0.10634047632210657
1267,250,1517,0.10639472540344003
1261,251,1512,0.10639778303485173
1253,252,1505,0.10641450457278871
1240,249,1489,0.10644710295098209
1249,249,1498,0.106504507718296
1245,256,1501,0.10653819049342156
1237,253,1490,0.10657664611474431
1237,256,1493,0.1066296260372247
1229,257,1486,0.10667847619593646
1223,259,1482,0.10674199496507514
1238,265,1503,0.10681508093635107
1237,271,1508,0.10684946376040967
1234,269,1503,0.1068822956863159
1224,266,1490,0.10691963575651701
1226,262,1488,0.10697611655082433
1223,262,1485,0.10702362509448334
1233,263,1496,0.10707412095057676
1236,266,1502,0.10709797798142308
1233,266,1499,0.10711278560539837
1227,263,1490,0.10713221853570801
1224,266,1490,0.10716268664666213
1228,262,1490,0.10719857163891319
1214,267,1481,0.107223598679665
1208,272,1480,0.1072771836455317
1218,269,1487,0.10733910823784304
1214,275,1489,0.10737443388781993
1221,276,1497,0.10741598375378017
1220,274,1494,0.10743948090450967
1213,273,1486,0.10746362242289084
1217,275,1492,0.10750087947696343
1208,278,1486,0.10752802300489574
1218,283,1501,0.10757277861159711
1221,287,1508,0.10759257680115013
1221,285,1506,0.10760536092226487
1222,284,1506,0.10761719135334236
1223,287,1510,0.10762532899002344
1214,291,1505,0.10763107404548876
1215,292,1507,0.10765674430331139
1223,284,1507,0.10767816485468958
1216,288,1504,0.10767925223692214
1216,295,1511,0.10769529245554345
1205,294,1499,0.10770961251725052
1203,298,1501,0.10774633277743632
1197,294,1491,0.10778526729161335
1203,291,1494,0.10783383707563178
1208,294,1502,0.10786616884480434
1208,298,1506,0.10788416199518475
1209,299,1508,0.10790122936103913
1202,296,1498,0.10791367403627064
1196,298,1494,0.1079416856958067
1194,307,1501,0.1079802221873564
1181,305,1486,0.10802109322737767
1182,305,1487,0.10808795967061915
1180,307,1487,0.10814624272272085
1179,304,1483,0.10820490937823063
1181,307,1488,0.10826181738556886
1192,311,1503,0.1083105737839045
1207,309,1516,0.10833047758579456
1203,309,1512,0.10831473620651279
1185,309,1494,0.1083101931372922
1183,309,1492,0.10834715619678027
1188,305,1493,0.10838616134822124
1195,310,1505,0.1084101521020893
1202,302,1504,0.10841598970970817
1201,303,1504,0.1084044271779871
1200,306,1506,0.10839557374180611
1199,311,1510,0.10839054981033427
1197,311,1508,0.10838954340778875
1202,302,1504,0.10839284182885618
1204,303,1507,0.10838360648964841
1201,304,1505,0.10837051216175193
1201,304,1505,0.10836556411518786
1201,305,1506,0.10835965589152498
1189,296,1485,0.10835421328916997
1190,298,1488,0.10837558737903158
1193,299,1492,0.10839380335753375
1195,301,1496,0.10840396275295121
1194,304,1498,0.10840925179810933
1196,304,1500,0.10841797604234643
1199,304,1503,0.10842354395351927
1197,309,1506,0.10842136175843026
1190,302,1492,0.10842420020075458
1199,302,1501,0.10844274033533768
1211,308,1519,0.10843948165722463
1198,313,1511,0.10840879062687563
1190,314,1504,0.10841024996194362
1185,315,1500,0.10842997731034597
1180,314,1494,0.10846020933080254
1178,312,1490,0.10849903170921019
1176,307,1483,0.10854004452590693
1183,310,1493,0.10858145916604305
1192,312,1504,0.10860477189302539
1197,313,1510,0.10860584062325206
1186,311,1497,0.10859465242842337
1183,317,1500,0.1086082588989748
1185,320,1505,0.10862686664712157
1187,321,1508,0.10863970786366668
1181,324,1505,0.10864578365284384
1174,324,1498,0.10866623797297431
1179,326,1505,0.10870131594861103
1171,319,1490,0.10872199039654534
1167,319,1486,0.1087610377419184
1161,323,1484,0.10880589318754436
1165,330,1495,0.1088600549914813
1165,331,1496,0.10890127931413161
1173,328,1501,0.10893911608583098
1163,330,1493,0.10895576874298865
1156,330,1486,0.10899271568512034
1164,327,1491,0.10904392235055081
1156,333,1489,0.10907337199133411
1154,333,1487,0.10911868584157994
1147,335,1482,0.10916589336747902
1131,340,1471,0.1092256892636667
1132,343,1475,0.10931598069340911
1133,350,1483,0.10939831692591659
1144,352,1496,0.10947090103277173
1138,348,1486,0.1095124184833494
1143,356,1499,0.10956399927878092
1160,349,1509,0.10960071153580923
1156,353,1509,0.1095978679092935
1160,359,1519,0.10960422501960224
1160,358,1518,0.10960114084495004
1155,358,1513,0.10959876685809881
1145,359,1504,0.10960678950711039
1148,357,1505,0.10963772253022092
1140,355,1495,0.10965954994629395
1144,358,1502,0.10969904787011124
1144,355,1499,0.10972678281780457
1150,353,1503,0.10975227547050384
1145,357,1502,0.10976213367387004
1135,351,1486,0.10978380453927715
1126,356,1482,0.10982644070436494
1126,359,1485,0.10988508181604137
1139,355,1494,0.10993913569669105
1127,350,1477,0.10995778389582174
1141,355,1496,0.11000254781794219
1136,353,1489,0.11001414732470569
1146,360,1506,0.11003669420106021
1158,361,1519,0.11003292381943709
1148,358,1506,0.11000315787860217
1154,363,1517,0.10999824432215476
1143,357,1500,0.10998053067251956
1133,365,1498,0.10998923321704909
1136,364,1500,0.11001962003072092
1133,367,1500,0.11004161268852668
1135,368,1503,0.11006921141134178
1138,377,1515,0.11009144962614067
1128,371,1499,0.1101050764791874
1126,374,1500,0.11014049031835615
1127,371,1498,0.11017840790938802
1118,376,1494,0.11021061037220026
1112,374,1486,0.11026125719848924
1097,379,1476,0.11032218492195435
1105,378,1483,0.11041279727908933
1115,381,1496,0.11047671441673272
1120,378,1498,0.1105125768720976
1117,376,1493,0.11053409283997477
1107,381,1488,0.11056136503839019
1118,379,1497,0.11061007185160573
1110,377,1487,0.11063040940801659
1104,383,1487,0.11066740426069646
1106,388,1494,0.11071513596192607
1102,388,1490,0.11075432339453442
1118,388,1506,0.11079993566606226
1122,383,1505,0.11080517163437693
1122,384,1506,0.11080067319947623
1116,388,1504,0.11079606235354345
1121,391,1512,0.11080704537724778
1116,394,1510,0.11080699287070996
1111,397,1508,0.11081860261336844
1110,402,1512,0.11084082629690155
1105,400,1505,0.11086414680947027
1098,398,1496,0.11089711515937556
1104,394,1498,0.11094311544556992
1100,393,1493,0.1109725419469153
1104,386,1490,0.11100890585443476
1089,390,1479,0.11103400021272992
1095,388,1483,0.1110895146846494
1104,391,1495,0.1111256248024244
1105,388,1493,0.1111399858164817
1098,381,1479,0.11115046671271404
1102,386,1488,0.11117610522735401
1105,392,1497,0.11119130127084524
1117,395,1512,0.11119968983499254
1111,392,1503,0.11117987486806459
1086,393,1479,0.11117629412024307
1088,395,1483,0.1112312699286535
1086,400,1486,0.11127590418985958
1093,392,1485,0.11132196789430536
1086,401,1487,0.11134940053298031
1083,403,1486,0.11138947754015865
1077,413,1490,0.11143575238426873
1075,416,1491,0.11149179960117495
1077,414,1491,0.1115476097467809
1090,416,1506,0.11159655576927013
1095,423,1518,0.11161231625222502
1085,424,1509,0.1116159903192172
1061,424,1485,0.11164151339783311
1052,425,1477,0.11171967803388409
1055,427,1482,0.11181315751274283
1051,427,1478,0.1118945600272213
1059,429,1488,0.11197822973032295
1052,429,1481,0.1120352866200448
1053,434,1487,0.11210430336727999
1057,431,1488,0.11216597132749412
1059,438,1497,0.11221492347660403
1061,439,1500,0.1122552572004251
1065,439,1504,0.11228718851469961
1069,430,1499,0.1123085783421462
1065,428,1493,0.1123188543182309
1074,433,1507,0.11233698272458625
1069,438,1507,0.11233394404761375
1066,431,1497,0.11234468430328018
1069,438,1507,0.11236043444495071
1058,438,1496,0.11236951120160693
1058,441,1499,0.11240250236302853
1065,434,1499,0.1124347413823534
1068,438,1506,0.11244790751788124
1062,444,1506,0.11245346675912771
1062,448,1510,0.11247324259934377
1057,445,1502,0.1124910731999479
1059,444,1503,0.11251879492013028
1040,444,1484,0.11253979361217556
1043,445,1488,0.11260153601138644
1039,446,1485,0.1126517852143098
1044,448,1492,0.11270665557813998
1042,452,1494,0.11274563036293771
1037,457,1494,0.11278697143049626
1043,449,1492,0.11283542610793429
1048,457,1505,0.11286795957782018
1051,453,1504,0.11288894414805842
1055,457,1512,0.11290190968639717
1050,455,1505,0.11290476371988951
1059,455,1514,0.11291835175880495
1049,457,1506,0.11290964547155408
1045,453,1498,0.11292406685683844
1044,455,1499,0.11294704390989471
1034,464,1498,0.11297174337509552
1040,462,1502,0.11301673203562565
1034,459,1493,0.11304441711455379
1038,456,1494,0.1130843355165215
1040,457,1497,0.11311308243964266
1035,463,1498,0.11313528638873364
1030,468,1498,0.11316662741880375
1020,466,1486,0.11320738736627296
1017,469,1486,0.1132691194301612
1024,476,1500,0.11333336783790897
1021,477,1498,0.11337644838563062
1024,474,1498,0.11342373574535353
1021,472,1493,0.11345987806787967
1017,478,1495,0.11350109778284442
1020,478,1498,0.11354889457666235
1026,477,1503,0.1135877130898928
1010,478,1488,0.11361015630645818
1012,483,1495,0.11366911861936634
996,480,1476,0.1137204480918017
984,494,1478,0.11380468665874907
992,495,1487,0.11391070399849096
1001,490,1491,0.11399082566424718
1007,490,1497,0.11404444970590503
1000,479,1479,0.11408186522577134
987,478,1465,0.11413447991831582
989,478,1467,0.1142141693915083
996,483,1479,0.11428363671143989
989,486,1475,0.1143304686204874
1000,488,1488,0.11438963276982256
996,492,1488,0.11441806578467585
994,497,1491,0.1144554765196482
996,504,1500,0.11449423603967655
992,498,1490,0.11452555716250432
989,501,1490,0.11456363809961495
994,495,1489,0.11460535414345455
989,495,1484,0.1146334197267522
995,502,1497,0.11466869217398039
983,499,1482,0.11468732028758867
988,497,1485,0.11473201347412171
988,500,1488,0.11476233965257839
987,501,1488,0.11479116209948996
991,506,1497,0.11482008923824807
994,506,1500,0.11483802104979582
997,507,1504,0.11484816284482548
990,505,1495,0.11484981108178648
992,506,1498,0.11486801524262351
987,502,1489,0.11487982813295523
981,505,1486,0.11490245339430345
985,504,1489,0.11493778595974045
987,501,1488,0.11495976628173875
990,499,1489,0.11497518372334257
992,501,1493,0.11498115868601352
986,508,1494,0.11498170128128535
979,508,1487,0.11499421164257372
980,511,1491,0.11502249737998368
990,516,1506,0.11504508482958684
1000,518,1518,0.11504163056021792
995,516,1511,0.11501617717706603
992,518,1510,0.1150068170395196
970,515,1485,0.1150054058198819
959,515,1474,0.11505637409483943
963,515,1478,0.11512955346558598
966,523,1489,0.11518907370186383
965,534,1499,0.11523802553369011
966,534,1500,0.11528748994436773
964,536,1500,0.11533064352310764
968,531,1499,0.11537470073308043
968,529,1497,0.11540860507171505
972,535,1507,0.1154377658148648
974,539,1513,0.11545392867319607
965,539,1504,0.11546356246683125
961,547,1508,0.11549404052820833
955,540,1495,0.11553032470550673
960,536,1496,0.11557699133715314
972,535,1507,0.11560791700188201
973,528,1501,0.11560799259495097
975,537,1512,0.11560669973012556
971,539,1510,0.11560131123822426
974,534,1508,0.11560747046151758
979,534,1513,0.1156075403779683
978,532,1510,0.11559564786757962
966,533,1499,0.11558793330691784
961,537,1498,0.11560877583810118
970,538,1508,0.11563966049591806
964,540,1504,0.11564616138379152
971,536,1507,0.11566591890169535
979,534,1513,0.11566814373183072
971,540,1511,0.11565267564451996
964,539,1503,0.11565602265955396
969,546,1515,0.1156768214369071
953,543,1496,0.11568441053034985
956,546,1502,0.11572846526307162
951,538,1489,0.11575986742733033
960,544,1504,0.11580053991393684
961,548,1509,0.11581822011700563
959,544,1503,0.11583271245895904
958,547,1505,0.1158501696848592
959,551,1510,0.11587024065343182
954,562,1516,0.11588781612171939
949,557,1506,0.11591418002854816
940,558,1498,0.11595143636766028
934,563,1497,0.11600826473571256
946,563,1509,0.11607440486568722
929,557,1486,0.11610632730684876
933,561,1494,0.1161744631227069
947,551,1498,0.11622821384635042
948,563,1511,0.11624359083888319
950,565,1515,0.1162585670959922
944,569,1513,0.11626739711527652
935,569,1504,0.11629126049868375
926,564,1490,0.11633565890016478
925,560,1485,0.11639882657206795
925,569,1494,0.11646010251927877
918,562,1480,0.11651684826571397
925,567,1492,0.1165844705731147
920,562,1482,0.11663123626457629
925,562,1487,0.11668456581802979
931,565,1496,0.1167225357563039
930,562,1492,0.11674486884762761
932,560,1492,0.11676686545708648
935,562,1497,0.11678220537668593
930,558,1488,0.11678968263120199
919,569,1488,0.11680857472373318
924,569,1493,0.11685161290007777
924,564,1488,0.11688035182948855
927,573,1500,0.11690481321443233
929,578,1507,0.116922420775086
928,572,1500,0.11693488605966422
937,575,1512,0.11694729015426997
924,576,1500,0.1169375097944393
917,577,1494,0.11695984804201812
917,579,1496,0.11699803510178503
925,588,1513,0.11703301237124691
925,580,1505,0.11704658348945536
931,580,1511,0.11705905864228136
927,576,1503,0.11705548847669583
928,579,1507,0.1170631476186857
934,581,1515,0.1170693954334262
928,585,1513,0.11706087220967713
920,582,1502,0.11706920414455904
921,574,1495,0.11709640213645355
920,581,1501,0.11711790832584303
931,570,1501,0.11714073450724063
927,574,1501,0.1171344556735232
921,583,1504,0.11713862646240025
920,573,1493,0.11715716218881785
921,575,1496,0.11717615611938235
918,579,1497,0.11719165155762287
921,582,1503,0.11721390806384768
924,578,1502,0.1172280182053872
910,578,1488,0.11723188011769171
911,576,1487,0.11726790281784868
917,576,1493,0.11729950137875168
916,584,1500,0.11731583072392981
912,592,1504,0.11733258311863703
918,597,1515,0.11735851576465453
921,602,1523,0.11736863801194558
921,590,1511,0.11737266213368754
911,590,1501,0.11737682124181337
920,586,1506,0.11740268675461009
917,581,1498,0.11740737877098852
916,583,1499,0.11741704403228702
904,584,1488,0.11742799408755956
914,577,1491,0.11746565572603788
906,582,1488,0.11747764017298667
919,582,1501,0.11750880097211097
915,582,1497,0.11750727723508582
916,585,1501,0.11751534974336536
922,582,1504,0.11752106409560562
921,589,1510,0.1175119984725081
928,585,1513,0.11750511214772734
918,584,1502,0.11748392853459048
913,583,1496,0.11748672723710779
916,584,1500,0.11749925487402034
918,588,1506,0.11750237595147793
914,586,1500,0.11750255267723343
916,591,1507,0.11751087777547818
910,586,1496,0.11751582649358376
907,594,1501,0.11753301061581328
905,596,1501,0.11755428883580418
900,597,1497,0.11757950833239658
904,596,1500,0.11761553033328774
900,600,1500,0.11764215420216129
904,599,1503,0.11767842182907932
906,608,1514,0.1177016121645243
909,605,1514,0.11771721766393384
908,607,1515,0.11772654644189244
901,607,1508,0.11773743442205978
912,605,1517,0.11776575100242777
906,604,1510,0.11776654033249699
902,598,1500,0.11778030568949309
906,594,1500,0.11780230801537138
897,593,1490,0.11781465881269326
908,602,1510,0.11784676749191053
913,599,1512,0.117850288979083
909,600,1509,0.11784312808956748
899,596,1495,0.1178444348625167
900,596,1496,0.11786966315165585
906,601,1507,0.1178900362460395
902,596,1498,0.11789477526794184
899,602,1501,0.11790974765848557
893,600,1493,0.11792991677048999
888,605,1493,0.11796302372410804
887,608,1495,0.11800548716883172
898,611,1509,0.11804695100800729
900,616,1516,0.11806007514598925
901,616,1517,0.11806696704863309
895,616,1511,0.11807157694254265
895,619,1514,0.1180903893513364
899,618,1517,0.11810869905708761
891,618,1509,0.11811654909242306
882,623,1505,0.11814212021287425
885,625,1510,0.11818569126019945
883,621,1504,0.11822034784539348
887,615,1502,0.11825637754133642
885,621,1506,0.11828084924092565
887,617,1504,0.11830926307724927
879,619,1498,0.11833008536388867
888,617,1505,0.11836803509841118
891,618,1509,0.11838088795717358
898,617,1515,0.11838671521063034
890,617,1507,0.11837669898678026
883,617,1500,0.1183876673628514
883,619,1502,0.11841371073024427
873,625,1498,0.11843788354584664
876,626,1502,0.11848144604074157
877,630,1507,0.11851514790889739
880,631,1511,0.11854323511526836
870,628,1498,0.11856366699069223
866,633,1499,0.11860593961725602
870,637,1507,0.11865518594688523
860,632,1492,0.11869338273509687
863,635,1498,0.11875142502127842
857,642,1499,0.11879739337535458
851,638,1489,0.11885379570222465
861,635,1496,0.11891975888936514
857,634,1491,0.11895646943035096
860,635,1495,0.11900067136455267
864,640,1504,0.11903455534124525
871,640,1511,0.11905649019043824
876,638,1514,0.119062556783703
870,648,1518,0.11905790252695463
883,652,1535,0.1190686515941188
880,653,1533,0.11904585534950872
878,654,1532,0.11903237763742011
876,649,1525,0.11902510997892843
866,639,1505,0.1190234350056511
857,640,1497,0.11904500476363689
861,639,1500,0.11908562332738343
859,642,1501,0.11911301043368695
859,637,1496,0.11914371696516733
867,631,1498,0.11917296359396037
868,631,1499,0.11918001780087856
872,644,1516,0.11918546694446362
863,641,1504,0.11918040496925186
864,647,1511,0.11919759290236268
861,651,1512,0.11921205544231002
865,653,1518,0.11923288119305077
866,653,1519,0.11924138018433064
851,662,1513,0.11924681707165018
840,666,1506,0.11928948354710471
840,667,1507,0.1193549921616073
844,660,1504,0.11941534022484616
844,653,1497,0.11946027549193307
840,650,1490,0.11949932426954596
843,648,1491,0.11954516053767694
842,650,1492,0.11957875241165457
841,661,1502,0.11961284736694022
841,663,1504,0.11964635142845587
843,654,1497,0.11968005734116403
847,652,1499,0.11970623176646587
845,647,1492,0.11971884226398881
838,642,1480,0.11973575517984476
844,639,1483,0.11976883467928545
849,649,1498,0.11978528582720996
856,650,1506,0.11978649320608735
844,647,1491,0.11977091664266921
855,647,1502,0.11978579618503093
858,649,1507,0.11977310782246693
849,642,1491,0.11975152809361629
850,640,1490,0.1197538585789569
848,645,1493,0.11975453838595777
857,639,1496,0.11975836657909827
860,641,1501,0.11974051490382685
860,649,1509,0.11971792460024147
859,653,1512,0.11969932835026272
857,651,1508,0.11968310076862965
856,658,1514,0.11967226552156704
854,658,1512,0.11966469686018306
842,652,1494,0.11965911587874539
843,651,1494,0.11968321809373196
849,651,1500,0.11970348664688543
844,661,1505,0.11971129038559684
845,652,1497,0.11973028842321068
842,660,1502,0.11974312768231368
841,664,1505,0.11976350420764251
836,664,1500,0.11978416885045061
836,665,1501,0.11981577591536623
824,669,1493,0.11984624453457844
831,662,1493,0.11990312892682678
831,666,1497,0.11994057840434526
826,661,1487,0.11997406032109996
825,674,1499,0.12001506337914783
826,673,1499,0.12005464719153776
829,668,1497,0.12009064691636634
827,675,1502,0.12011618006863353
830,685,1515,0.12014499949364062
831,679,1510,0.1201648887381387
825,678,1503,0.1201817496379553
829,684,1513,0.1202135655523534
818,692,1510,0.12023358977553698
820,694,1514,0.12027918796418113
825,689,1514,0.12031810172143619
819,693,1512,0.12034286428204495
831,694,1525,0.12038016897639778
826,703,1529,0.12038504136661554
817,698,1515,0.12040127999939497
814,706,1520,0.12043869338626083
804,704,1508,0.12048113103174696
798,709,1507,0.12054259581399933
799,708,1507,0.12061612422846955
811,714,1525,0.120681165967024
806,717,1523,0.12071467627947755
799,711,1510,0.12075716556426627
796,708,1504,0.12081439942093895
801,702,1503,0.12087338648722241
798,710,1508,0.12091821977508803
802,716,1518,0.12096741187590926
796,721,1517,0.12100334019830526
797,722,1519,0.12105070455658919
792,720,1512,0.12109550215008831
781,731,1512,0.12114907733517594
776,724,1500,0.1212250890142475
769,726,1495,0.12130888083270787
778,729,1507,0.12140182739140165
787,723,1510,0.1214658160831732
782,721,1503,0.12150189186301233
781,726,1507,0.1215481961599403
783,734,1517,0.12159370304839479
781,729,1510,0.12163358925456443
778,727,1505,0.12167746346214155
781,720,1501,0.12172527577180708
777,728,1505,0.12176220312309123
766,732,1498,0.12180539664795038
769,733,1502,0.12187109942862652
778,730,1508,0.12192502756045304
779,733,1512,0.12195319602707819
773,728,1501,0.12197738776028096
768,731,1499,0.1220137956758451
767,737,1504,0.12205992259557177
772,735,1507,0.1221049744500917
759,727,1486,0.12213629153675974
758,729,1487,0.1221977930108212
761,721,1482,0.12225781287820268
751,740,1491,0.12230810345842447
755,751,1506,0.1223776224035836
759,761,1520,0.12243177268753996
755,750,1505,0.12247175700832436
753,755,1508,0.12252032210271631
756,749,1505,0.12256808273768179
753,748,1501,0.12260581430285633
748,751,1499,0.12264757714196875
743,749,1492,0.12269809475110913
758,746,1504,0.12275756749020779
758,737,1495,0.12277647290363365
749,744,1493,0.12279277013661494
748,742,1490,0.12282842088571395
750,746,1496,0.12286483622930178
755,763,1518,0.12289556556435936
761,766,1527,0.12291333777634648
761,759,1520,0.12291657896233829
762,758,1520,0.12292138496412722
768,750,1518,0.12292261028312577
758,752,1510,0.12291058449085276
752,752,1504,0.12292437666796154
751,759,1510,0.12295128972349223
749,759,1508,0.12297830767459729
747,769,1516,0.12300814821613021
750,773,1523,0.12304146182334363
744,778,1522,0.123066161118542
737,779,1516,0.12310425965195598
741,771,1512,0.12315542616974884
743,772,1515,0.12319294416110477
747,768,1515,0.1232230853000468
739,771,1510,0.12324201570727694
739,781,1520,0.12327961390050532
734,780,1514,0.12331727129781644
732,783,1515,0.12336405365341566
735,776,1511,0.12341172961132184
726,777,1503,0.12344710619654638
728,770,1498,0.12350212772679688
722,768,1490,0.12354811456027899
730,761,1491,0.12360537941914572
738,765,1503,0.12363931968624078
736,774,1510,0.12365056617266589
744,769,1513,0.12366610165447746
739,763,1502,0.12366391758008027
737,762,1499,0.12367246487914942
734,770,1504,0.12368776786588757
736,781,1517,0.12371047265119241
735,777,1512,0.12372864343055938
735,779,1514,0.12374616363559678
735,787,1522,0.12376280760121804
730,779,1509,0.12377825849141326
727,775,1502,0.12380530263114614
715,777,1492,0.12383971408095441
720,779,1499,0.12390167610099208
721,782,1503,0.12394575905846944
721,784,1505,0.12398414724857172
717,790,1507,0.12402088120493591
714,788,1502,0.1240626475219684
715,794,1509,0.12410856094341653
716,802,1518,0.12415050656678162
709,787,1496,0.1241868639294205
706,789,1495,0.12423961239840171
710,786,1496,0.12429509433679335
710,788,1498,0.12433784291432894
703,787,1490,0.12437604629606519
708,786,1494,0.12442736144432313
705,794,1499,0.12446332110645737
707,796,1503,0.12450303143136214
695,799,1494,0.12453421325548071
694,797,1491,0.12459300878400162
697,805,1502,0.12464936733408796
702,804,1506,0.12469420168446202
708,809,1517,0.1247234875747835
707,816,1523,0.12473757615151641
705,811,1516,0.12475239908376132
704,815,1519,0.12477141965677008
706,809,1515,0.12479210674884746
705,796,1501,0.12480577983323697
698,803,1501,0.12482104396839354
693,807,1500,0.12484992053878363
692,816,1508,0.12488856903330958
684,811,1495,0.12492910691076929
690,808,1498,0.12498555899496801
699,808,1507,0.125023057151596
690,813,1503,0.12503455030227364
685,806,1491,0.12506671457597934
688,811,1499,0.12511310226437142
686,808,1494,0.12514784874284732
684,818,1502,0.12518233639190238
682,812,1494,0.12521962217658184
677,817,1494,0.12525915639207974
681,809,1490,0.1253068774252469
688,813,1501,0.12534527388411376
686,824,1510,0.1253620298297254
684,826,1510,0.12538276341279178
688,815,1503,0.12540772721526652
691,820,1511,0.1254234713179325
694,811,1505,0.1254299292642223
690,806,1496,0.12542809264159374
692,815,1507,0.12543718249208027
694,816,1510,0.12543994147179768
687,818,1505,0.12543808836312464
692,808,1500,0.1254540570669741
691,810,1501,0.1254574614911571
691,813,1504,0.12546250068404471
687,822,1509,0.125468303588254
685,819,1504,0.12548387995708535
683,820,1503,0.12550356343038876
691,830,1521,0.12552683980609053
694,824,1518,0.1255295950846945
701,820,1521,0.1255256356528055
689,821,1510,0.12550589212054752
689,822,1511,0.12551524444113146
690,827,1517,0.1255244241973201
687,822,1509,0.1255299657458588
683,828,1511,0.1255424690873796
678,830,1508,0.1255655658365407
675,824,1499,0.12559870583474608
678,816,1494,0.1256380772765446
680,825,1505,0.12566624886913552
683,816,1499,0.12568733378179622
683,815,1498,0.12569911849715296
688,819,1507,0.12571186659502578
691,828,1519,0.1257109847782324
689,827,1516,0.1257036361521606
682,836,1518,0.1256988075003437
679,833,1512,0.1257124806180084
669,834,1503,0.12573372549853232
657,836,1493,0.12577676124276074
658,821,1479,0.12584463531822215
670,831,1501,0.12590536515362247
671,833,1504,0.12593048060316167
666,836,1502,0.12595355368554492
671,837,1508,0.12598644189599237
672,832,1504,0.12600474823419341
661,837,1498,0.12601829442714402
669,829,1498,0.12605908304149754
669,836,1505,0.12607759841249494
667,837,1504,0.1260953710678378
670,832,1502,0.1261182322802335
675,836,1511,0.1261319141888394
670,840,1510,0.12613438522668383
672,842,1514,0.1261491097853565
667,850,1517,0.1261552690106415
670,851,1521,0.12617553645008786
671,845,1516,0.12618531506100777
674,834,1508,0.1261899950141936
667,843,1510,0.12618621928494023
667,850,1517,0.1262010947697227
669,853,1522,0.12621566056884836
665,852,1517,0.12622597605291946
657,858,1515,0.12624472466233322
653,862,1515,0.12628099829342063
658,865,1523,0.12632486843148252
658,857,1515,0.12635163174808478
661,845,1506,0.12637674180424785
654,842,1496,0.12639376545091988
647,834,1481,0.12642656707600516
650,834,1484,0.12647273381623736
645,844,1489,0.1265087419904077
656,840,1496,0.12655382644983776
658,846,1504,0.12656613616729342
662,839,1501,0.12657322253394063
655,846,1501,0.1265703951266465
660,842,1502,0.12658547622239869
657,842,1499,0.12658732983503831
660,848,1508,0.12659643218290653
661,836,1497,0.12659828458385303
662,846,1508,0.12659868669291813
669,846,1515,0.12659429502376165
671,838,1509,0.12657196593791106
669,851,1520,0.12654662550599405
661,848,1509,0.12652789993784033
654,846,1500,0.1265324202287032
658,848,1506,0.1265538891825022
663,845,1508,0.12656451549869613
660,840,1500,0.1265614145721606
659,843,1502,0.12656849863306455
656,849,1505,0.1265788256776529
653,841,1494,0.12659553611761734
653,834,1487,0.1266169448604955
645,845,1490,0.12663734998664186
655,829,1484,0.12667588316754433
657,835,1492,0.12668634338738752
655,837,1492,0.12669537769668313
654,839,1493,0.12670826786177578
650,855,1505,0.1267221831505546
649,859,1508,0.1267453575054181
654,863,1517,0.12677176157938144
653,872,1525,0.1267838683141931
655,870,1525,0.12679589851715065
652,862,1514,0.12680223655805606
647,859,1506,0.12681604160723667
649,857,1506,0.1268410655998029
648,858,1506,0.1268596287159991
653,856,1509,0.12688031082298123
653,852,1505,0.12688700746024956
661,858,1519,0.12689267293879528
658,848,1506,0.12687942434295107
659,852,1511,0.12687529484376603
661,861,1522,0.12687141212038458
655,865,1520,0.12686261913217478
648,867,1515,0.12686871767632762
654,867,1521,0.12689041718150806
648,856,1504,0.1268968566974956
643,857,1500,0.12691854188782448
648,866,1514,0.12695162366116652
645,861,1506,0.12697103634524398
633,869,1502,0.1269980094226626
642,874,1516,0.12705097901565407
638,874,1512,0.12707817863962284
635,876,1511,0.12711094900363248
624,880,1504,0.1271502091408762
626,857,1483,0.12721466180365398
634,861,1495,0.12726842313221953
626,869,1495,0.1272998678027546
621,872,1493,0.12734672022967802
629,879,1508,0.12740258924339556
629,889,1518,0.1274362590017565
630,882,1512,0.12746631869655936
622,884,1506,0.12749283547067541
624,883,1507,0.12753784458229064
630,884,1514,0.1275743473231862
623,883,1506,0.1275961598647208
623,878,1501,0.1276339260382823
620,877,1497,0.12766880925308308
624,883,1507,0.12770801184809957
620,878,1498,0.1277352237911386
616,883,1499,0.12776996879798666
621,881,1502,0.12781050237916436
621,878,1499,0.12783531812375462
622,895,1517,0.12785998138543594
617,890,1507,0.12788280616612419
615,894,1509,0.12791503556001632
622,904,1526,0.12794967655051237
615,895,1510,0.12796594841557837
607,883,1490,0.1279972815666072
615,894,1509,0.1280444115972747
611,901,1512,0.12806794044787664
606,902,1508,0.12809947934622173
606,904,1510,0.12814253789932192
596,906,1502,0.12818294427634921
606,908,1514,0.12824336844724182
606,910,1516,0.12827540535165313
603,916,1519,0.12830615416489796
607,914,1521,0.12834337817374966
606,920,1526,0.12837029734585723
605,923,1528,0.12839714362102167
603,923,1526,0.12842461976573405
605,926,1531,0.12845517434557174
609,915,1524,0.12847935413326522
610,914,1524,0.12849095639376187
607,897,1504,0.12849836899744688
598,906,1504,0.12851310509259697
598,914,1512,0.1285506901371815
599,910,1509,0.12858472061130205
597,908,1505,0.12861306536604833
592,910,1502,0.1286457026580374
594,913,1507,0.12868841002259837
598,911,1509,0.12872382737835936
585,911,1496,0.12874530461308564
588,916,1504,0.1287969423670677
589,914,1503,0.12883828768202948
600,912,1512,0.12887360769529818
598,922,1520,0.12887861270291204
596,918,1514,0.12889056644153066
592,916,1508,0.12890533052882744
589,913,1502,0.12892975370536827
595,920,1515,0.128961588957835
595,915,1510,0.12897632328214859
603,914,1517,0.1289907724248855
603,909,1512,0.1289853308995542
597,905,1502,0.12897907273000256
605,902,1507,0.12898935365726916
600,910,1510,0.12897866047936934
596,917,1513,0.12898502310115087
592,923,1515,0.12900027976407916
593,924,1517,0.12902437687958124
597,924,1521,0.12904204981616227
604,923,1527,0.12904812527208612
606,924,1530,0.129037407746024
601,920,1521,0.12902235536412163
591,924,1515,0.12902134035408486
587,924,1511,0.12904596635207916
584,912,1496,0.12907970686020467
583,921,1504,0.12911845041349096
577,913,1490,0.12915711647786787
583,916,1499,0.1292090284511449
583,920,1503,0.12924207969658483
585,917,1502,0.12927288222366257
588,915,1503,0.12929543478356867
583,913,1496,0.12930926101918838
580,916,1496,0.1293348374057356
582,923,1505,0.1293681398527621
575,913,1488,0.12939242334523426
577,921,1498,0.12943040977206713
575,926,1501,0.12946085665887147
569,928,1497,0.12949774839179384
569,930,1499,0.1295475066258738
572,942,1514,0.12959279790221676
571,945,1516,0.12962672155014596
575,946,1521,0.12965933537703958
572,938,1510,0.12968080617019598
574,942,1516,0.12970685527295966
578,943,1521,0.1297254328114591
574,947,1521,0.12973385166275284
569,947,1516,0.12975250573972608
563,949,1512,0.12978339877378342
562,943,1505,0.12982720268229853
569,948,1517,0.12987104089789253
568,955,1523,0.12989306958626262
571,948,1519,0.12991612500083025
557,942,1499,0.12992942562413654
557,939,1496,0.12997689948244054
561,941,1502,0.13002037824563378
565,934,1499,0.1300508560263144
562,944,1506,0.13007173818127893
559,948,1507,0.1301003565411677
552,955,1507,0.13013485877645736
554,958,1512,0.13018571977482865
551,958,1509,0.1302303096865497
542,965,1507,0.13028053092400618
539,961,1500,0.13035210845753717
536,959,1495,0.13042474908243984
547,969,1516,0.1305002758860344
548,975,1523,0.1305415143276222
540,970,1510,0.13057947388466387
542,966,1508,0.13063461789829892
536,967,1503,0.13068321414933418
541,962,1503,0.1307439608210778
544,957,1501,0.13078929294758107
548,961,1509,0.13082190247112518
550,968,1518,0.13084336109370281
549,970,1519,0.1308586040012509
551,973,1524,0.13087312214770383
554,978,1532,0.13088270164478014
552,976,1528,0.13088370275136152
543,973,1516,0.13088933864918284
535,971,1506,0.1309198847478366
539,971,1510,0.13096565949562688
536,967,1503,0.13099916863624614
542,970,1512,0.13103784574570476
533,973,1506,0.13105962847693803
533,984,1517,0.1311037742637188
525,985,1510,0.13114711379653315
516,988,1504,0.13120727983423972
520,981,1501,0.13128735078538578
521,987,1508,0.13135163084977558
524,988,1512,0.13141094812831633
518,979,1497,0.1314591892908285
516,976,1492,0.13151757322700827
529,980,1509,0.13157593402470183
525,983,1508,0.1315979795453606
524,989,1513,0.13162569123485632
524,982,1506,0.13165481196856674
529,977,1506,0.13168087869248482
529,972,1501,0.13169379717556048
522,972,1494,0.13170579862703918
520,975,1495,0.13173605633349383
524,977,1501,0.131769295370178
529,983,1512,0.13179065568212803
528,978,1506,0.13179650376965596
527,976,1503,0.13180561481477115
523,970,1493,0.13181755310888388
519,983,1502,0.13183758033623436
518,986,1504,0.13186629831151184
521,984,1505,0.1318958247919767
526,984,1510,0.13191511691939664
530,989,1519,0.13192135214076728
530,995,1525,0.13191832236135828
525,1000,1525,0.13191483822220615
514,994,1508,0.13192475894384287
518,993,1511,0.13196104559368185
527,992,1519,0.13198363581499692
517,998,1515,0.1319834043119628
518,991,1509,0.13200694764952106
525,1007,1532,0.13202675659316518
520,1009,1529,0.13202967374518873
513,992,1505,0.13204607491147438
511,1000,1511,0.13207942856491434
502,999,1501,0.1321160011202475
500,1001,1501,0.13217164947256083
497,1001,1498,0.1322290868045098
501,996,1497,0.13228741224038285
509,1005,1514,0.13233086208098285
510,1001,1511,0.13235145898866996
514,1008,1522,0.13236860647190085
517,994,1511,0.13237395232960794
515,1001,1516,0.13237235705454428
514,994,1508,0.13237491496440248
507,1007,1514,0.13238156084943725
516,1011,1527,0.13240615606441353
508,1013,1521,0.13240547966074687
516,1003,1519,0.1324238997175102
513,1000,1513,0.13241875170408635
515,993,1508,0.13242150754828005
520,1001,1521,0.13241997185848134
512,1005,1517,0.13240645689588487
505,1013,1518,0.13241370851036163
500,1010,1510,0.13243679457109997
502,1007,1509,0.13247060437345215
505,1001,1506,0.1324960588490487
505,1011,1516,0.13251321985382175
500,1018,1518,0.13252744431798466
510,1005,1515,0.13255457687745648
512,1005,1517,0.13255576819622436
509,1008,1517,0.13255441066152568
502,997,1499,0.13256057575633512
496,989,1485,0.13258469475094758
487,1005,1492,0.1326239577655707
496,1012,1508,0.13268244900001905
501,1017,1518,0.13271437776168998
505,1012,1517,0.132730866128942
507,1011,1518,0.13273619756274677
502,1003,1505,0.13273726270781908
502,1015,1517,0.13275163684189348
500,1002,1502,0.1327661363379523
496,1002,1498,0.1327850912022847
503,1001,1504,0.13281265272823553
499,1003,1502,0.13282211366553281
498,1001,1499,0.13284099735343155
505,1007,1512,0.13286127457098004
505,1004,1509,0.13286279515388794
496,1005,1501,0.13286346260883838
493,1010,1503,0.13288873619472583
485,1016,1501,0.13291999151669492
479,1028,1507,0.1329684410871613
481,1033,1514,0.13302985934175093
479,1030,1509,0.1330844107623908
484,1035,1519,0.1331392942289206
483,1035,1518,0.13317815436066002
478,1034,1512,0.13321761688589692
486,1030,1516,0.13326429302461942
486,1024,1510,0.13328893870159106
487,1026,1513,0.13331138350590588
495,1014,1509,0.13332933234217864
477,1029,1506,0.13332738158847057
483,1039,1522,0.1333712908897825
485,1040,1525,0.13339714432118974
494,1030,1524,0.13341679751562247
490,1036,1526,0.13341513266651425
489,1033,1522,0.13342489245540112
482,1028,1510,0.13343796106351363
484,1027,1511,0.13346721643342874
481,1037,1518,0.13348975388350745
475,1031,1506,0.13351951378064927
476,1037,1513,0.13356131911731842
462,1039,1501,0.1335976050962148
459,1031,1490,0.13366846577620126
452,1035,1487,0.13374071737290333
454,1044,1498,0.1338242228539636
456,1040,1496,0.13389691012733224
456,1054,1510,0.1339612547379351
462,1045,1507,0.1340208602969536
460,1048,1508,0.13406329950274296
455,1059,1514,0.13410679390389801
462,1062,1524,0.13416001390737942
475,1047,1522,0.13419233667559133
465,1045,1510,0.13419009685507885
459,1049,1508,0.13421124131931397
464,1054,1518,0.13424652662612638
466,1044,1510,0.13426839525410256
472,1048,1520,0.13428421687923878
477,1048,1525,0.13428423705834944
470,1052,1522,0.13427091357510101
467,1050,1517,0.1342752796805447
481,1041,1522,0.13428861408395418
479,1044,1523,0.13426492157876052
472,1039,1511,0.13424806492503855
469,1042,1511,0.13424873232111728
471,1034,1505,0.13425727992027156
482,1038,1520,0.13426019337555029
483,1034,1517,0.13423515488163487
480,1034,1514,0.1342077017935193
480,1030,1510,0.13419032836139916
482,1034,1516,0.1341729689594516
474,1032,1506,0.13415330552955396
474,1039,1513,0.13415466593944866
468,1044,1512,0.13415492842562987
469,1039,1508,0.13417166850957002
467,1045,1512,0.1341866319704956
465,1043,1508,0.13420474831034412
460,1044,1504,0.13422783112315326
465,1047,1512,0.1342598892272676
472,1049,1521,0.13427687833809138
470,1046,1516,0.1342762521717814
467,1043,1510,0.13428074357613126
465,1037,1502,0.13428926859714985
463,1039,1502,0.13430346205194646
471,1046,1517,0.13431975597701612
467,1044,1511,0.13431575983767888
470,1042,1512,0.1343225009228309
468,1042,1510,0.13432139824462058
464,1043,1507,0.1343254236084612
456,1051,1507,0.13434217729125372
457,1057,1514,0.13437864053697188
456,1064,1520,0.13440835774246204
461,1059,1520,0.13443820299109252
457,1065,1522,0.1344545284675466
464,1053,1517,0.13448044521242875
465,1055,1520,0.13448598648790114
460,1040,1500,0.13448769722976472
454,1050,1504,0.13450332212910512
461,1057,1518,0.13453254429822956
464,1061,1525,0.13454167731002825
454,1069,1523,0.13454367844350174
453,1058,1511,0.13457183485973373
448,1068,1516,0.13459939780578786
448,1062,1510,0.1346377730438798
437,1065,1502,0.13467292241244658
440,1069,1509,0.13473281172253368
443,1063,1506,0.1347817856502216
450,1066,1516,0.13482168851423884
445,1068,1513,0.13484006472948784
450,1064,1514,0.13486920923997148
445,1065,1510,0.13488344344301528
442,1070,1512,0.134909666367676
439,1083,1522,0.13494142483452012
446,1073,1519,0.1349774453592375
432,1067,1499,0.1349948309835527
442,1063,1505,0.13504619478146054
435,1070,1505,0.13507075177749953
438,1071,1509,0.1351125317035502
439,1075,1514,0.13514312348357496
437,1080,1517,0.13516837667954396
441,1073,1514,0.13519836987799094
435,1066,1501,0.13521581127614943
439,1070,1509,0.1352462290510416
433,1077,1510,0.13526633916918487
433,1082,1515,0.1353005277664996
436,1084,1520,0.13533102524242907
427,1068,1495,0.13535388016846525
422,1072,1494,0.13539766528336558
419,1079,1498,0.13545098592832952
419,1083,1502,0.13550814057817098
419,1097,1516,0.1355614071390524
416,1097,1513,0.13560997137752742
418,1098,1516,0.13566244381310533
413,1086,1499,0.13570610739689903
414,1091,1505,0.13575988603426783
412,1099,1511,0.13580691125880395
411,1099,1510,0.13585727269660386
413,1094,1507,0.1359078592324621
405,1089,1494,0.1359496297662811
399,1100,1499,0.1360080324263187
407,1095,1502,0.1360771087352432
407,1090,1497,0.13612040193440414
410,1099,1509,0.13616127044512327
408,1099,1507,0.13619064547959894
406,1096,1502,0.13622367898613638
406,1105,1511,0.13625984893561946
403,1102,1505,0.1362949725818876
406,1111,1517,0.13633502983910767
401,1117,1518,0.13636611105729507
401,1115,1516,0.13640842749400656
399,1107,1506,0.13644894086164164
404,1113,1517,0.13649106614800044
402,1103,1505,0.13651718423493253
402,1096,1498,0.13654622504848546
400,1101,1501,0.136573206941744
395,1097,1492,0.13660491122695567
401,1106,1507,0.13664771043869042
407,1108,1515,0.1366714292860877
403,1109,1512,0.1366776750828826
398,1104,1502,0.13669187343419717
405,1107,1512,0.1367181969798963
405,1105,1510,0.13672721692738776
409,1115,1524,0.13673543040926675
409,1114,1523,0.13673415902937106
399,1124,1523,0.13673324102978487
402,1121,1523,0.1367578423565366
403,1112,1515,0.13677400813998544
395,1110,1505,0.13678640223856528
401,1114,1515,0.1368188135816997
400,1097,1497,0.13683271556047338
399,1104,1503,0.13684808999609183
392,1100,1492,0.13686369441317925
392,1097,1489,0.1368963461832211
387,1099,1486,0.13692639010420124
383,1115,1498,0.136968471533665
381,1114,1495,0.13701758807734687
382,1111,1493,0.13707044693332615
386,1120,1506,0.1371186310250185
383,1108,1491,0.13715276030679685
384,1115,1499,0.13719104141141847
376,1122,1498,0.13722409480239686
381,1122,1503,0.1372749728391892
381,1124,1505,0.13731000623996414
380,1128,1508,0.13734495071002775
379,1131,1510,0.1373797729501494
376,1131,1507,0.13741580780009358
373,1140,1513,0.13745899097134226
372,1129,1501,0.13750661338852932
366,1133,1499,0.1375529361887741
368,1136,1504,0.13761202221587593
366,1137,1503,0.13766245952775952
370,1130,1500,0.13771535317669623
368,1131,1499,0.13775427203824842
368,1139,1507,0.13779662308472776
370,1145,1515,0.13783699909708258
365,1151,1516,0.13786955707759393
369,1137,1506,0.13791267801149895
371,1138,1509,0.13794315662629716
368,1142,1510,0.1379654362531394
361,1144,1505,0.13799533991300467
366,1146,1512,0.13804300302625896
362,1142,1504,0.13807321069484657
360,1145,1505,0.13811184376501806
359,1148,1507,0.1381537747809812
365,1146,1511,0.138194345842784
364,1136,1500,0.1382160697137458
368,1149,1517,0.13823845258640255
368,1146,1514,0.13824936411118915
368,1143,1511,0.1382602227550314
370,1130,1500,0.1382686972890399
366,1145,1511,0.1382723081982592
359,1147,1506,0.13828533658906203
358,1150,1508,0.13831602738829207
357,1151,1508,0.13834448716587358
357,1144,1501,0.13837516067397312
367,1148,1515,0.13840355820007758
364,1148,1512,0.13840503584197494
363,1154,1517,0.13841350775625164
361,1146,1507,0.1384225491920571
358,1153,1511,0.13843578333175588
358,1160,1518,0.1384550977623882
359,1163,1522,0.13847529861351002
352,1163,1515,0.13849164986835133
346,1158,1504,0.13852463438457363
349,1157,1506,0.13856989880661316
350,1170,1520,0.13860400772014572
351,1159,1510,0.1386335064509588
354,1167,1521,0.13865843757452442
353,1168,1521,0.13867304223239288
350,1167,1517,0.1386900907898045
348,1156,1504,0.1387139417159899
344,1155,1499,0.13874070387506507
344,1166,1510,0.13877642402040533
341,1148,1489,0.138810366966844
345,1157,1502,0.13884947956979737
341,1163,1504,0.13887564267131455
351,1158,1509,0.13890813499779775
353,1161,1514,0.1389131552445007
357,1164,1521,0.13891225198934476
357,1160,1517,0.13890197005160432
348,1161,1509,0.13889294031314858
341,1157,1498,0.1389074428731943
348,1156,1504,0.13893930883366723
350,1156,1506,0.13895079491568693
350,1156,1506,0.13895453761785054
353,1150,1503,0.1389586132945199
353,1150,1503,0.13895430371632916
353,1147,1500,0.13895197212086127
348,1150,1498,0.1389493833618687
352,1153,1505,0.1389589681644161
356,1146,1502,0.1389574971322214
357,1155,1512,0.13894612939328074
356,1159,1515,0.13893397045756603
348,1161,1509,0.13892607565503842
346,1157,1503,0.13893932138820447
346,1162,1508,0.1389573285211652
352,1158,1510,0.13897433093998554
344,1162,1506,0.1389751739621558
347,1165,1512,0.13899603237163696
347,1173,1520,0.13900738427656711
342,1170,1512,0.13901913047320796
342,1170,1512,0.13904192812083324
338,1168,1506,0.13906303445502538
348,1174,1522,0.13909364719008532
349,1180,1529,0.13909710787602653
346,1183,1529,0.1390975897063227
348,1187,1535,0.13910523901946842
342,1182,1524,0.13910942520792224
338,1177,1515,0.13912874671321598
340,1176,1516,0.13915660412325134
345,1163,1508,0.13917684395266258
346,1170,1516,0.139183230720806
348,1170,1518,0.13918748736669462
348,1175,1523,0.139186720513064
356,1181,1537,0.13918625535828077
347,1168,1515,0.13916638165829315
343,1167,1510,0.13916952040567943
343,1158,1501,0.13918330548481608
342,1163,1505,0.1391965308968489
338,1158,1496,0.13921043139567477
342,1158,1500,0.13923413792409828
342,1168,1510,0.13924681488952026
341,1171,1512,0.13925990152772283
338,1174,1512,0.13927410297784992
338,1182,1520,0.13929412738840566
339,1187,1526,0.13931338830318502
337,1182,1519,0.1393299715890641
340,1181,1521,0.13935077811527843
337,1182,1519,0.1393608717056242
340,1179,1519,0.13937742532046413
341,1183,1524,0.13938479562519046
339,1179,1518,0.13938978927956422
332,1173,1505,0.13939940729541703
333,1173,1506,0.1394245924534724
337,1159,1496,0.13944607268134912
345,1173,1518,0.13945442495022478
338,1175,1513,0.13944061382015366
342,1176,1518,0.1394455418505548
343,1189,1532,0.13944086563771954
343,1188,1531,0.13943312399364274
344,1175,1519,0.13942481005592625
345,1181,1526,0.13941435346860867
339,1170,1509,0.1394033281581751
341,1168,1509,0.13940952076300075
337,1171,1508,0.1394099335603623
336,1170,1506,0.13942006158213704
343,1168,1511,0.13943252816015977
337,1177,1514,0.13942561582081645
339,1178,1517,0.13943387203179194
341,1170,1511,0.13943782752756126
341,1163,1504,0.1394347567639207
331,1180,1511,0.13943234624562895
330,1186,1516,0.13945490531114968
332,1185,1517,0.13947933376331353
335,1175,1510,0.13949861892240945
341,1187,1528,0.13950766448786778
339,1184,1523,0.13950046339202016
335,1186,1521,0.1394982753137891
335,1184,1519,0.13950605281613113
334,1183,1517,0.13951396079092876
334,1187,1521,0.13952364021617966
325,1177,1502,0.13953219615433488
327,1174,1501,0.13956246829277114
330,1183,1513,0.13958503167213784
337,1185,1522,0.13959776563280696
329,1182,1511,0.1395889564612611
320,1174,1494,0.13960105567387224
315,1166,1481,0.1396351749484622
318,1152,1470,0.1396785167897149
324,1172,1496,0.1397128519925657
325,1175,1500,0.13973008610184653
324,1179,1503,0.13974464102271347
334,1171,1505,0.13976039410198224
330,1182,1512,0.13974944059557975
328,1173,1501,0.13974998385403736
331,1177,1508,0.1397544794944273
329,1175,1504,0.13975129789962168
332,1178,1510,0.13975289648322964
339,1173,1512,0.1397455699781327
333,1181,1514,0.13972051487896614
332,1177,1509,0.13971433423397076
334,1184,1518,0.13971055296017088
337,1171,1508,0.13970243044049263
337,1165,1502,0.1396874242824965
333,1184,1517,0.1396746272688348
339,1181,1520,0.13967320442975556
332,1179,1511,0.13965549192198398
335,1173,1508,0.13965727450056847
338,1178,1516,0.1396517422404451
340,1168,1508,0.13963836674355462
343,1171,1514,0.1396220990162074
342,1176,1518,0.13959873116761273
351,1170,1521,0.1395798007808261
340,1166,1506,0.13953981060971488
334,1161,1495,0.1395317832356711
334,1167,1501,0.13953958431150718
337,1176,1513,0.13954567867762946
335,1175,1510,0.13954433946215952
335,1176,1511,0.13954762115526748
337,1187,1524,0.1395506876765629
338,1174,1512,0.1395482588464511
338,1186,1524,0.13954258245893036
343,1189,1532,0.13953771912606233
343,1187,1530,0.13951900034046344
343,1185,1528,0.13950208830363783
341,1185,1526,0.13948599192934585
342,1179,1521,0.13947727574548582
345,1183,1528,0.13946545012381983
337,1184,1521,0.1394465677231857
334,1176,1510,0.1394473624004138
336,1175,1511,0.13945565962198345
332,1180,1512,0.13945910695941457
334,1187,1521,0.1394741564637728
329,1170,1499,0.13948364766769084
333,1173,1506,0.13950605347611622
334,1187,1521,0.1395156760496286
333,1183,1516,0.13952227235739223
335,1181,1516,0.1395307550642798
337,1190,1527,0.1395332301085914
337,1172,1509,0.1395308552535274
335,1184,1519,0.13952990337464946
330,1183,1513,0.13953546692094362
325,1178,1503,0.13955438250373745
325,1183,1508,0.13958489154948128
326,1176,1502,0.13961283037319241
328,1190,1518,0.13963625698534507
322,1190,1512,0.13965370391956272
322,1188,1510,0.13968801464968617
324,1195,1519,0.13971897664738858
321,1197,1518,0.13974331235729867
323,1198,1521,0.13977389786839126
319,1208,1527,0.1397984078967324
315,1201,1516,0.13983188873119864
312,1193,1505,0.13987497530275594
310,1203,1513,0.1399218896356464
305,1211,1516,0.13997120628289836
305,1209,1514,0.140029567355466
304,1216,1520,0.14008178918093106
304,1215,1519,0.1401329334147006
297,1216,1513,0.14018132060551952
295,1204,1499,0.14024513208911835
292,1206,1498,0.14030978198510727
290,1220,1510,0.14037948489162827
293,1218,1511,0.14045012401936854
292,1226,1518,0.14050685321478823
297,1217,1514,0.14056312889830921
298,1228,1526,0.140603301020707
295,1227,1522,0.14063892460675784
294,1231,1525,0.14067934780464406
298,1231,1529,0.14071920696549328
290,1235,1525,0.14074661470915262
297,1222,1519,0.1407930689976375
295,1231,1526,0.14081823079710995
298,1227,1525,0.1408472847001277
297,1225,1522,0.14086770572399243
291,1224,1515,0.14088982286143023
291,1233,1524,0.14092491390021109
294,1217,1511,0.14095724181204244
291,1221,1512,0.14097885742652783
286,1206,1492,0.1410068706201468
290,1221,1511,0.141045106134456
294,1220,1514,0.14107066093583856
291,1218,1509,0.14108334833849007
291,1219,1510,0.1411019852264612
295,1210,1505,0.14111897929814116
292,1208,1500,0.1411244732702488
291,1204,1495,0.14113727902740478
293,1201,1494,0.14114966595481776
296,1213,1509,0.1411557195734893
299,1213,1512,0.14115266974376997
301,1218,1519,0.1411424739702438
298,1223,1521,0.14112986934279473
298,1214,1512,0.14112579843695933
299,1225,1524,0.1411219230708499
293,1217,1510,0.1411166926774949
294,1216,1510,0.14112711517619655
290,1216,1506,0.14113652639435906
285,1215,1500,0.1411550207338511
288,1207,1495,0.14118551950446992
293,1213,1506,0.1412058476482585
294,1210,1504,0.14121348762894223
292,1227,1519,0.14121957874397462
291,1223,1514,0.14123112486349412
281,1230,1511,0.14124409847315642
284,1233,1517,0.14128049781765653
285,1226,1511,0.14130718246381818
289,1233,1522,0.14133002220737523
289,1233,1522,0.14134144745154625
288,1229,1517,0.1413534122802668
288,1235,1523,0.14136711873815522
290,1230,1520,0.14137895394451927
287,1213,1500,0.1413838373875757
294,1223,1517,0.1413968700453137
295,1223,1518,0.14139113697006672
294,1223,1517,0.14138301770914016
294,1221,1515,0.14137838862640748
288,1224,1512,0.1413736593045301
289,1217,1506,0.14138488310191177
291,1218,1509,0.14139338087670797
290,1228,1518,0.14139657059483227
285,1228,1513,0.14140189325621677
286,1221,1507,0.1414181151454811
288,1223,1511,0.14142917506727526
285,1210,1495,0.14143493783802513
287,1211,1498,0.14144687235627282
284,1211,1495,0.14145387888907382
288,1201,1489,0.14146749505705716
291,1214,1505,0.14146988798991214
295,1217,1512,0.14146369130425934
291,1218,1509,0.14144895506145433
294,1225,1519,0.14144501231012385
295,1210,1505,0.14143412521161372
299,1212,1511,0.14142215805084873
303,1215,1518,0.14140089435063488
297,1209,1506,0.14137109416617835
293,1218,1511,0.1413583381855273
294,1219,1513,0.14135626675398438
300,1208,1508,0.1413507506266291
300,1208,1508,0.14132998778553826
296,1212,1508,0.14131196321954215
295,1208,1503,0.1413065731241215
287,1203,1490,0.14130309760479562
286,1211,1497,0.14132228146718961
286,1214,1500,0.14134296339640195
287,1215,1502,0.1413619048384228
288,1222,1510,0.1413760108356118
291,1212,1503,0.14138619968494262
296,1218,1514,0.14138819430358343
299,1212,1511,0.14137657828472042
297,1211,1508,0.14135914008657935
295,1218,1513,0.14134786354525247
292,1217,1509,0.1413428990735442
288,1221,1509,0.1413461445141751
289,1217,1506,0.1413601297935458
288,1224,1512,0.14137173812757906
289,1228,1517,0.14138480597895306
295,1219,1514,0.14139423684682434
299,1232,1531,0.14138711549415375
295,1229,1524,0.1413700859482088
297,1227,1524,0.14136331948266206
299,1232,1531,0.14135266596356838
287,1226,1513,0.14133778768708852
295,1221,1516,0.1413541321256125
297,1220,1517,0.1413493514226175
296,1209,1505,0.14133884979076655
296,1208,1504,0.14133195467083218
299,1201,1500,0.14132574504835357
301,1196,1497,0.14131234116103666
300,1202,1502,0.14129376343032796
291,1211,1502,0.14127926251736228
296,1205,1501,0.14128791136347346
296,1207,1503,0.1412839529458726
299,1209,1508,0.14127997746398507
294,1214,1508,0.14126737890680696
297,1220,1517,0.1412679366199404
292,1215,1507,0.14126039118252925
291,1228,1519,0.14126552721969124
288,1221,1509,0.1412730667452815
292,1224,1516,0.14128725707920226
294,1222,1516,0.1412903777303593
291,1225,1516,0.1412881383800657
291,1223,1514,0.14129337645651366
290,1227,1517,0.141297893163635
296,1230,1526,0.1413055270327503
289,1229,1518,0.1412963230477576
290,1205,1495,0.14130589322635012
288,1228,1516,0.14131224420659477
293,1229,1522,0.14132497272228964
293,1227,1520,0.14132360021138904
292,1231,1523,0.1413227586637289
291,1226,1517,0.1413249828795405
289,1237,1526,0.14132988634425733
294,1236,1530,0.14133985127306467
291,1237,1528,0.14133639281471663
293,1236,1529,0.14134065682414834
287,1236,1523,0.14133936744284156
283,1241,1524,0.14135464057770547
278,1245,1523,0.1413808167120451
276,1249,1525,0.1414174340694284
278,1240,1518,0.14145749241642552
269,1242,1511,0.14148891062020916
270,1240,1510,0.14154209894899744
272,1232,1504,0.1415887877862489
270,1230,1500,0.14162779841358034
272,1234,1506,0.14166691153498362
275,1230,1505,0.14169846031789568
270,1231,1501,0.14171891341996448
274,1234,1508,0.14175215038866348
275,1239,1514,0.1417730883533607
272,1240,1512,0.141788897078274
273,1235,1508,0.14181166497664993
271,1232,1503,0.14182983104490027
275,1250,1525,0.14185142944950616
277,1255,1532,0.1418617643037422
274,1265,1539,0.14186658460269666
279,1257,1536,0.14188013725216414
275,1254,1529,0.14188005243917368
275,1254,1529,0.1418908680914651
273,1250,1523,0.1419014328343135
273,1250,1523,0.14191592018444266
274,1243,1517,0.1419285308895271
274,1239,1513,0.14193751964466997
281,1241,1522,0.1419458469383219
278,1237,1515,0.14193705195061693
277,1230,1507,0.14193665189055185
273,1231,1504,0.14194021451410796
264,1226,1490,0.14195421302184222
262,1238,1500,0.14199000019758107
261,1250,1511,0.1420302271938495
263,1234,1497,0.14207025785744648
264,1234,1498,0.14210159169420336
264,1234,1498,0.1421276473632936
266,1242,1508,0.1421506572973839
267,1240,1507,0.14216754006925467
268,1251,1519,0.14218115116086508
266,1249,1515,0.14219139151042468
267,1244,1511,0.14220504306826054
265,1242,1507,0.1422143734525404
266,1239,1505,0.14222916942964794
268,1239,1507,0.1422401080805053
264,1239,1503,0.1422450465475745
268,1246,1514,0.14225997460377504
268,1240,1508,0.14226330288492398
271,1240,1511,0.14226494100459797
270,1243,1513,0.14225798528180347
269,1239,1508,0.14225441692537294
271,1239,1510,0.14225267315676743
266,1229,1495,0.14224684456341474
263,1233,1496,0.1422535918411713
257,1241,1498,0.14226808932523574
262,1241,1503,0.14229852238885413
264,1247,1511,0.14231498437526924
257,1242,1499,0.14232536662751344
252,1243,1495,0.14235257236161014
257,1234,1491,0.14239104877644088
258,1241,1499,0.1424145323198755
261,1245,1506,0.14243474823902916
256,1250,1506,0.1424476056104791
259,1237,1496,0.14247264495041725
262,1247,1509,0.14248852887152583
260,1235,1495,0.14249515274709193
263,1250,1513,0.1425074768106927
264,1247,1511,0.1425106916786607
271,1254,1525,0.1425120432771233
266,1251,1517,0.14249643195909692
266,1242,1508,0.14249359796193
265,1245,1510,0.14249084814435597
266,1249,1515,0.14249093340169622
268,1243,1511,0.14248923322174056
269,1251,1520,0.1424824135120964
261,1251,1512,0.14247435251011287
260,1247,1507,0.14248881702114202
259,1247,1506,0.14250432697706084
260,1257,1517,0.1425222497163143
260,1254,1514,0.14253607296443796
262,1251,1513,0.1425493630349724
261,1238,1499,0.1425574326125761
258,1240,1498,0.1425669646499285
254,1244,1498,0.14258277747445194
257,1247,1504,0.1426072258796139
260,1243,1503,0.14262152956181828
260,1248,1508,0.14262727693916644
267,1238,1505,0.14263321417651303
270,1243,1513,0.1426214839775517
267,1237,1504,0.1426028462754067
265,1252,1517,0.14259451888686317
264,1244,1508,0.14259154781595337
263,1243,1506,0.14259164213173384
267,1231,1498,0.14259399481314966
260,1227,1487,0.14258681715340732
263,1240,1503,0.1425975353553245
264,1247,1511,0.14259989533847914
270,1250,1520,0.14259952258601438
270,1258,1528,0.14258423019109281
266,1253,1519,0.14257011780815212
258,1248,1506,0.14256866857820388
257,1250,1507,0.14258712949346497
256,1255,1511,0.1426073136023253
264,1261,1525,0.14262771844967534
264,1262,1526,0.14262618130489127
268,1261,1529,0.14262512909676667
268,1254,1522,0.1426131354366838
263,1251,1514,0.1426020700969754
269,1241,1510,0.1426047229756957
270,1235,1505,0.14259225645998502
268,1235,1503,0.1425770565816209
269,1244,1513,0.14256659892972504
274,1244,1518,0.14255520780554748
270,1255,1525,0.14253239727596928
276,1252,1528,0.14252169317226973
284,1247,1531,0.14249649009563595
280,1239,1519,0.14245131768045452
273,1252,1525,0.14241969759994932
273,1240,1513,0.14240861918275372
270,1249,1519,0.14239962019995578
275,1237,1512,0.14239812740763835
271,1242,1513,0.1423832934532941
263,1247,1510,0.14238191248462229
260,1256,1516,0.14240181078551026
263,1257,1520,0.14242696979997505
261,1261,1522,0.1424435701471007
258,1261,1519,0.1424646281855207
259,1247,1506,0.14249091284959817
263,1249,1512,0.1425146162655823
256,1263,1519,0.14252644152955637
256,1272,1528,0.14255606267910031
254,1274,1528,0.14258568676682035
263,1260,1523,0.14261757416099227
260,1262,1522,0.14262362933153472
260,1248,1508,0.14263688750648654
263,1240,1503,0.14265020864276517
258,1248,1506,0.1426553253271432
257,1241,1498,0.14267348119284748
260,1241,1501,0.14269246827500573
256,1247,1503,0.1427021981668838
251,1256,1507,0.14272132383576105
253,1264,1517,0.14275185799836523
249,1275,1524,0.1427762717167121
248,1274,1522,0.1428092740503274
247,1274,1521,0.14284248024003676
252,1266,1518,0.14287612568106467
245,1273,1518,0.14289563225577076
246,1274,1520,0.14293122291962038
246,1265,1511,0.14296243598983063
252,1256,1508,0.14299087647640044
247,1273,1520,0.1430020033008666
247,1272,1519,0.14302616009952054
248,1265,1513,0.14304774969013387
244,1270,1514,0.14306542392340776
243,1270,1513,0.1430932114448839
248,1278,1526,0.14312146104206477
247,1269,1516,0.1431335274233109
250,1266,1516,0.14314796092555812
252,1263,1515,0.14315438763896712
252,1259,1511,0.1431561887048609
244,1264,1508,0.14315671269900423
241,1257,1498,0.14317789680717571
240,1262,1502,0.14320542166378095
244,1255,1499,0.14323232570020525
238,1265,1503,0.14324679962522752
241,1274,1515,0.1432744701566068
242,1277,1519,0.14329309064547438
242,1273,1515,0.14330714273984332
248,1262,1510,0.14332081446886144
248,1261,1509,0.1433185486158948
250,1275,1525,0.1433163807714395
247,1270,1517,0.1433094217965961
248,1272,1520,0.14331061339627044
248,1272,1520,0.14330964127794413
250,1272,1522,0.14330815042876513
250,1270,1520,0.14330192104948028
245,1266,1511,0.14329680028232594
243,1259,1502,0.14330385733482126
242,1268,1510,0.14331601882297168
240,1261,1501,0.14332949422657892
246,1273,1519,0.14334807114257211
249,1269,1518,0.14335006978058115
242,1270,1512,0.14334523835138807
245,1269,1514,0.1433596925768871
243,1274,1517,0.143364289677637
242,1275,1517,0.14337327298861127
235,1271,1506,0.14338403798354926
231,1273,1504,0.14341104515338646
237,1274,1511,0.14344657267135474
236,1278,1514,0.14346553003079174
242,1281,1523,0.14348548562022978
238,1282,1520,0.1434894274959218
239,1284,1523,0.14350373514135034
238,1278,1516,0.14351527906325562
238,1281,1519,0.14352894627688306
235,1286,1521,0.14354200567581457
238,1283,1521,0.14356175392008885
228,1297,1525,0.14357324544870348
230,1303,1533,0.1436104904658177
226,1296,1522,0.14363815972231664
233,1297,1530,0.14367352975899916
230,1298,1528,0.14368864034055606
230,1293,1523,0.14370954329035407
226,1284,1510,0.14372957940216202
226,1280,1506,0.14375771656984437
224,1282,1506,0.14378355504854634
224,1279,1503,0.14381168920396648
224,1290,1514,0.1438374921530856
226,1281,1507,0.143862118977845
224,1279,1503,0.14388127098193343
226,1283,1509,0.14390356055344514
225,1278,1503,0.1439181260470007
222,1292,1514,0.1439350523024873
226,1290,1516,0.14395844095640709
221,1275,1496,0.1439696270632111
216,1281,1497,0.14399489187391235
208,1283,1491,0.1440311509691123
202,1292,1494,0.14408488717948387
201,1296,1497,0.1441511634645867
204,1306,1510,0.14421475709448026
202,1296,1498,0.1442656401434203
202,1294,1496,0.14431781400310867
205,1287,1492,0.1443668849825435
206,1288,1494,0.14440643649902682
208,1302,1510,0.14444145194933955
208,1301,1509,0.14446863858386613
205,1315,1520,0.14449386227107477
204,1301,1505,0.1445257079336344
204,1305,1509,0.14455802031629048
208,1304,1512,0.14458877665173545
208,1301,1509,0.1446081028344357
208,1291,1499,0.14462578258426276
213,1299,1512,0.14464153215140638
214,1296,1510,0.14464373917080703
215,1301,1516,0.14464391449699968
214,1299,1513,0.14464153524841916
212,1308,1520,0.14464006976341864
206,1315,1521,0.14464384731154797
202,1319,1521,0.14466356217297824
204,1309,1513,0.14469191576887638
204,1309,1513,0.14471378985512678
210,1312,1522,0.1447334266609559
209,1313,1522,0.14473689758681157
209,1312,1521,0.14474226361579504
211,1306,1517,0.14474714993573026
208,1299,1507,0.1447482964967704
213,1293,1506,0.14475692402664006
209,1299,1508,0.1447514582860046
209,1301,1510,0.14475690374366937
203,1289,1492,0.14476236589702787
205,1307,1512,0.14478419586535804
206,1310,1516,0.14479853795471861
208,1305,1513,0.14480959173666375
211,1296,1507,0.14481533109430114
213,1307,1520,0.14481282574588034
209,1296,1505,0.14480542784211226
206,1304,1510,0.14480810197539964
211,1305,1516,0.14482001905362551
210,1308,1518,0.14481780857550575
206,1308,1514,0.14481942466888786
207,1308,1515,0.14483177840374037
203,1307,1510,0.14484124706778265
206,1322,1528,0.14486003958979388
211,1314,1525,0.14486955917741381
212,1314,1526,0.14486550563638095
213,1306,1519,0.14485833314586943
211,1312,1523,0.14484897436723057
204,1311,1515,0.14484612500669336
212,1302,1514,0.14486174674207022
206,1312,1518,0.14485534259007207
205,1304,1509,0.14486611451611492
205,1307,1512,0.14488004293616724
210,1316,1526,0.1448920991420318
211,1303,1514,0.14489020019485635
213,1311,1524,0.1448868320553306
212,1308,1520,0.14487780030481562
217,1294,1511,0.14487219373435553
220,1290,1510,0.14485338129583797
218,1291,1509,0.14482780072995483
211,1304,1515,0.14480954075336236
211,1299,1510,0.14481121766600405
211,1302,1513,0.14481256879456436
211,1290,1501,0.1448138789763415
213,1300,1513,0.14481541310508242
212,1312,1524,0.14481301503744728
211,1312,1523,0.14481326023095917
210,1319,1529,0.14481627393125188
206,1322,1528,0.1448216291052823
205,1324,1529,0.1448377152315079
204,1324,1528,0.14485522378318702
202,1317,1519,0.14487375143772935
200,1320,1520,0.14489620560796812
197,1311,1508,0.14492300723634938
199,1314,1513,0.14495466740943985
194,1314,1508,0.1449789800647582
192,1307,1499,0.14501539200859792
195,1312,1507,0.14505476182468954
194,1310,1504,0.14508316377101763
198,1313,1511,0.14511411358115292
197,1314,1511,0.1451319827830865
199,1307,1506,0.14515173874289938
203,1306,1509,0.14516481958299218
205,1298,1503,0.14516538924884886
201,1302,1503,0.14516040684933573
200,1319,1519,0.14516581922109664
192,1330,1522,0.14517401407313113
199,1314,1513,0.1452033207706053
200,1322,1522,0.14521254008984547
198,1323,1521,0.145217909612667
195,1321,1516,0.14522825021800578
191,1314,1505,0.14524577531060198
190,1319,1509,0.145272566577248
190,1322,1512,0.14529903454665752
195,1325,1520,0.14532426088852202
203,1321,1524,0.14533487462957598
200,1329,1529,0.14532389620581224
198,1313,1511,0.14532126877967447
197,1313,1510,0.1453242838745563
199,1303,1502,0.1453303589981991
199,1316,1515,0.1453307824481831
198,1329,1527,0.14533085892135716
194,1315,1509,0.14533348260705586
194,1324,1518,0.14534613493827822
193,1316,1509,0.1453581410241003
194,1325,1519,0.1453716524479442
197,1327,1524,0.14538225303396946
199,1323,1522,0.1453834449418453
196,1316,1512,0.1453792518832042
199,1313,1512,0.14538228856496915
200,1318,1518,0.14537799272536645
201,1314,1515,0.1453725220104552
194,1317,1511,0.14536496152041406
193,1326,1519,0.1453771422927099
194,1322,1516,0.14539141350665338
191,1332,1523,0.14540181748771913
194,1329,1523,0.14541864857298908
188,1331,1519,0.14542701709137412
187,1324,1511,0.1454504286983155
184,1324,1508,0.14547437554320675
184,1328,1512,0.14550366638849346
185,1323,1508,0.14553179085263904
187,1319,1506,0.14555608149229712
186,1335,1521,0.1455735143239222
182,1334,1516,0.145593065118937
185,1338,1523,0.14562317826629192
182,1346,1528,0.1456444995947621
184,1344,1528,0.14567205710966116
181,1341,1522,0.14569220954528686
177,1342,1519,0.1457196665742164
179,1342,1521,0.14575615517289225
180,1348,1528,0.14578539858558837
178,1345,1523,0.14581052673368317
177,1339,1516,0.1458390776078157
181,1341,1522,0.14586755951386343
180,1343,1523,0.14588409585734358
180,1337,1517,0.14590395710510606
181,1331,1512,0.14592260217475286
181,1345,1526,0.14593818944297834
177,1338,1515,0.14595166827321512
176,1331,1507,0.14597506616409542
172,1343,1515,0.14599974339889518
173,1333,1506,0.14603344861729575
173,1334,1507,0.1460618984865292
171,1338,1509,0.14608785404816998
171,1344,1515,0.14611765756535328
174,1330,1504,0.14614576841850052
178,1341,1519,0.14616321294169887
175,1335,1510,0.14616817722899944
174,1335,1509,0.14617944168347832
174,1349,1523,0.1461925865017022
172,1342,1514,0.14620521935960262
180,1353,1533,0.14622183393209753
180,1344,1524,0.14621653260403827
178,1353,1531,0.14621209896443646
181,1343,1524,0.14621247730568462
175,1342,1517,0.14620508087657944
173,1352,1525,0.14621472579863873
172,1335,1507,0.14622818567312998
171,1332,1503,0.1462436270338695
174,1343,1517,0.14626026012789473
170,1349,1519,0.14626945807369443
172,1341,1513,0.14628771836853344
175,1335,1510,0.14629990917725377
174,1338,1512,0.14630222198944723
177,1336,1513,0.14630667320377674
177,1335,1512,0.14630226298708815
182,1343,1525,0.14629747542711066
180,1334,1514,0.14627990465749252
183,1324,1507,0.1462690039805315
186,1331,1517,0.1462500236565202
187,1335,1522,0.14622466454367522
187,1328,1515,0.1461992038895952
185,1341,1526,0.1461748941236881
190,1346,1536,0.14615789083502193
187,1337,1524,0.1461282297425414
189,1332,1521,0.14610904175285125
183,1347,1530,0.14608626559712395
180,1353,1533,0.14607984977942723
178,1333,1511,0.14608197705012885
184,1334,1518,0.1460881850941893
185,1333,1518,0.14607836186932024
189,1336,1525,0.14606680303034428
184,1335,1519,0.14604503806082636
182,1335,1517,0.14603769067373054
183,1344,1527,0.14603546088822536
183,1333,1516,0.1460303699508457
182,1338,1520,0.14602558835507665
188,1334,1522,0.14602282826110044
187,1329,1516,0.1460041574091754
180,1322,1502,0.14598975894718694
180,1325,1505,0.1459951133774289
184,1331,1515,0.14600049283201544
184,1329,1513,0.14599494242403066
183,1319,1502,0.14599049450886742
186,1316,1502,0.1459873719120457
189,1318,1507,0.14597616682333786
187,1331,1518,0.14595907118618487
187,1330,1517,0.14594911783532102
190,1323,1513,0.14594041159456114
190,1331,1521,0.14592543794076
184,1336,1520,0.14591136140158423
188,1322,1510,0.14591386076325832
187,1307,1494,0.14590502424566615
184,1316,1500,0.14590079472238057
186,1316,1502,0.14590486002088687
184,1322,1506,0.14590521932668524
187,1317,1504,0.1459107295025251
191,1306,1497,0.14590759068638387
188,1305,1493,0.14589317594981815
185,1328,1513,0.14588839250009472
183,1324,1507,0.14589285675925934
183,1335,1518,0.1459026826044605
182,1326,1508,0.14591178424649137
183,1333,1516,0.1459222498839965
184,1330,1514,0.1459300181987622
183,1327,1510,0.14593533742649303
182,1326,1508,0.14594258907836355
176,1327,1503,0.1459507467296464
175,1338,1513,0.1459737395334922
177,1326,1503,0.14599958231852433
179,1327,1506,0.1460191345748463
179,1331,1510,0.1460339377807822
181,1334,1515,0.1460476187941145
177,1329,1506,0.1460551148723213
177,1329,1506,0.14607243848025092
170,1335,1505,0.14608797719634078
167,1331,1498,0.14612081778803934
166,1319,1485,0.14615946568073357
165,1325,1490,0.14619854789371764
163,1315,1478,0.14623763399690531
163,1330,1493,0.14627913855150657
159,1341,1500,0.1463179474884193
162,1359,1521,0.14636502304437032
161,1354,1515,0.14640081749055514
164,1342,1506,0.14643664063474707
165,1349,1514,0.14646289301641283
168,1343,1511,0.1464844000811941
169,1335,1504,0.14649632394333545
170,1344,1514,0.14650506984365105
169,1340,1509,0.1465108043133451
168,1357,1525,0.14651881252545115
168,1348,1516,0.14652870348258937
167,1347,1514,0.14653821472180872
166,1349,1515,0.1465488128493729
164,1347,1511,0.14656260077559363
165,1356,1521,0.14658100748145148
166,1358,1524,0.14659511967690447
163,1362,1525,0.14660566993468838
158,1361,1519,0.14662289140212995
159,1361,1520,0.14665174603056305
161,1355,1516,0.14667620463735023
165,1358,1523,0.14669342045436903
166,1350,1516,0.14669927901157698
168,1352,1520,0.1467035513036775
166,1349,1515,0.1467027420224773
165,1343,1508,0.14670738100180766
165,1356,1521,0.14671432618902977
166,1350,1516,0.14672084278418537
164,1354,1518,0.14672457595974558
160,1348,1508,0.1467333264058862
161,1343,1504,0.14675186830767548
162,1352,1514,0.14676740499290256
161,1350,1511,0.14678009313405194
157,1360,1517,0.14679447171384186
159,1358,1517,0.14681858461401795
156,1360,1516,0.14683617693416584
156,1349,1505,0.1468602814648153
153,1358,1511,0.14688200374527371
157,1345,1502,0.14691018011545384
155,1356,1511,0.146925787639233
153,1366,1519,0.1469465043439118
158,1360,1518,0.14697187377228568
149,1360,1509,0.14698274620456359
153,1356,1509,0.14701622371295867
148,1364,1512,0.147037055223369
151,1357,1508,0.1470689741241951
151,1367,1518,0.14709036181861754
153,1371,1524,0.1471107500799984
155,1372,1527,0.14712445730964469
157,1376,1533,0.14713221972474025
158,1373,1531,0.1471351573884525
153,1378,1531,0.14713542504675017
150,1379,1529,0.14714879715570464
152,1382,1534,0.14716870958201578
154,1377,1531,0.14718274737689144
157,1379,1536,0.1471904401741542
156,1367,1523,0.147190219391726
157,1349,1506,0.1471932447159549
160,1353,1513,0.14719296494900896
161,1356,1517,0.1471848043936682
155,1360,1515,0.14717485934695937
156,1354,1510,0.1471806801203092
157,1351,1508,0.1471843620156859
155,1353,1508,0.14718422954085247
155,1353,1508,0.14718879857227646
153,1355,1508,0.14719357385509443
151,1344,1495,0.14720300851735799
149,1352,1501,0.14721663641516267
151,1363,1514,0.14723442035800394
155,1358,1513,0.1472456845226317
161,1350,1511,0.14724527703721055
160,1351,1511,0.1472295518279757
164,1366,1530,0.14721750291458705
165,1361,1526,0.14719602160587603
162,1342,1504,0.14717261544147328
162,1344,1506,0.147159130439453
154,1353,1507,0.14714691187105766
154,1358,1512,0.147155460190327
156,1368,1524,0.14716305324917758
157,1367,1524,0.14716461953059717
159,1364,1523,0.1471634322186212
161,1359,1520,0.14715785034574488
158,1364,1522,0.1471468125226527
156,1364,1520,0.147144553215427
158,1361,1519,0.1471474325775022
158,1366,1524,0.1471445616302687
155,1360,1515,0.14714223175537797
157,1355,1512,0.1471475854289567
154,1355,1509,0.14714760052660739
157,1355,1512,0.14715574278739718
156,1356,1512,0.14715535432968033
155,1348,1503,0.14715773365306217
155,1335,1490,0.14716305421697504
156,1357,1513,0.14716655220662256
158,1370,1528,0.14716815786736603
155,1378,1533,0.14716500032614668
151,1364,1515,0.14717010132075165
151,1363,1514,0.14718607226952699
149,1370,1519,0.14720043319413947
153,1353,1506,0.14721875460189268
150,1356,1506,0.14722471643264398
152,1356,1508,0.1472388219695778
154,1357,1511,0.14724631702047486
150,1354,1504,0.14724835327365432
146,1364,1510,0.14726098053260028
155,1359,1514,0.1472829736133984
147,1363,1510,0.14728011201236055
148,1356,1504,0.14729953787979336
151,1367,1518,0.14731506941823935
151,1365,1516,0.1473216367968511
146,1367,1513,0.14732810121007434
146,1369,1515,0.1473474818549857
145,1371,1516,0.1473659602518425
140,1371,1511,0.14738598575183773
138,1372,1510,0.14741835668516515
142,1381,1523,0.1474531949169263
139,1389,1528,0.14747536534163797
135,1380,1515,0.14750498006443846
137,1381,1518,0.14754252591853365
135,1381,1516,0.14757187443483982
135,1381,1516,0.14760412795188899
137,1386,1523,0.1476347065976898
138,1379,1517,0.1476578137387686
137,1402,1539,0.14767730459018819
140,1392,1532,0.14769870548092986
139,1393,1532,0.14771109085455486
138,1395,1533,0.1477255652571746
139,1385,1524,0.14774123163681996
140,1376,1516,0.14775327796979595
140,1374,1514,0.14776201963791363
141,1368,1509,0.14777067979138722
140,1372,1512,0.14777641492723043
141,1364,1505,0.1477847285052567
139,1366,1505,0.14778991182860504
138,1392,1530,0.1478001836504983
139,1388,1527,0.14781233233000673
133,1383,1516,0.14782059479065185
131,1370,1501,0.1478450743483089
132,1382,1514,0.14787288331871853
126,1386,1512,0.1478960013287305
129,1381,1510,0.14793369189134084
129,1376,1505,0.14796035019367856
129,1384,1513,0.14798474938120842
131,1397,1528,0.14800638089324322
134,1390,1524,0.14802189845276392
134,1386,1520,0.14802844225320783
130,1389,1519,0.14803490180732823
128,1382,1510,0.1480511254138801
128,1394,1522,0.14807125726258408
129,1398,1527,0.14808952068370093
128,1389,1517,0.14810518884694168
129,1388,1517,0.14812263531427763
127,1394,1521,0.14813621370675606
129,1386,1515,0.14815394900357742
127,1388,1515,0.14816584684112283
127,1385,1512,0.14818219992706655
128,1393,1521,0.1481972771808894
130,1390,1520,0.14820906646720858
122,1390,1512,0.14821514974385624
121,1395,1516,0.14824282631790583
123,1396,1519,0.1482708417656565
121,1395,1516,0.148291239229487
119,1405,1524,0.14831532025970662
115,1421,1536,0.14834160424453327
116,1412,1528,0.14837609510629812
117,1402,1519,0.1484058141326053
117,1396,1513,0.14843166175011402
116,1397,1513,0.14845596648966985
118,1379,1497,0.14848137314508691
115,1394,1509,0.14849975215465755
117,1397,1514,0.14852562717772627
114,1408,1522,0.148544320868037
118,1405,1523,0.1485693611559133
115,1401,1516,0.14858233947357224
117,1406,1523,0.1486017717088426
119,1418,1537,0.14861453106361291
115,1416,1531,0.14862078594051964
117,1401,1518,0.14863745185181737
120,1397,1517,0.14864752304987428
118,1392,1510,0.14864905031416698
118,1399,1517,0.14865545254799353
115,1387,1502,0.14866118084881302
117,1393,1510,0.1486746103956115
117,1397,1514,0.14868159490719957
118,1404,1522,0.14868798279838327
121,1414,1535,0.14869117742265403
122,1408,1530,0.1486857986568929
123,1404,1527,0.14867861404099025
124,1401,1525,0.1486690349440821
125,1392,1517,0.14865701932717162
121,1395,1516,0.14864341391776492
121,1391,1512,0.1486409113901996
119,1392,1511,0.14863691058737724
119,1400,1519,0.14863848403005891
118,1394,1512,0.14864001663449472
117,1399,1516,0.14864437288071058
116,1406,1522,0.14865123330886745
117,1387,1504,0.14866021981950955
116,1396,1512,0.14866608055490205
114,1395,1509,0.14867364936786365
110,1403,1513,0.14868565032628087
109,1399,1508,0.14870747579050778
110,1390,1500,0.14873124876028385
109,1398,1507,0.14875157472890355
105,1408,1513,0.14877352271160685
103,1411,1514,0.14880501443887115
102,1422,1524,0.14883999354804392
109,1414,1523,0.14887578685806335
108,1397,1505,0.14889075448016573
112,1418,1530,0.1489076259909469
106,1409,1515,0.14891264270339444
104,1412,1516,0.14893380435842254
103,1397,1500,0.14895853458296218
108,1409,1517,0.14898435625926695
106,1413,1519,0.14899600848259018
106,1398,1504,0.14901221715027674
112,1400,1512,0.1490276294047415
113,1411,1524,0.14902610736788854
112,1408,1520,0.14902214206477965
113,1411,1524,0.1490209065949042
111,1412,1523,0.14901708348331177
111,1419,1530,0.14901939758570126
112,1413,1525,0.1490209642908038
112,1424,1536,0.14901965736594686
113,1415,1528,0.1490180924454526
110,1409,1519,0.14901331416659142
107,1412,1519,0.14901677930474186
108,1405,1513,0.1490275422777926
108,1395,1503,0.14903520763347544
110,1396,1506,0.14904251463897006
111,1403,1514,0.14904399899005516
110,1396,1506,0.14904229990246498
110,1402,1512,0.149043162266689
112,1414,1526,0.14904408648992346
112,1406,1518,0.14903998294035514
112,1400,1512,0.14903602533209442
111,1406,1517,0.14903243118435552
109,1415,1524,0.14903196254212925
108,1416,1524,0.1490368351340111
109,1423,1532,0.14904444792203994
108,1417,1525,0.14904902085935853
110,1411,1521,0.14905630721928964
106,1394,1500,0.14905674995816937
104,1395,1499,0.14906833130954522
101,1389,1490,0.149084717580508
102,1400,1502,0.14910843260528409
103,1404,1507,0.14912754014598173
104,1414,1518,0.14914279076496587
102,1408,1510,0.14915557510114844
103,1427,1530,0.1491726471268379
105,1422,1527,0.1491856410679976
99,1429,1528,0.14919271744227738
100,1421,1521,0.14921517162028017
101,1433,1534,0.14923323501255387
97,1435,1532,0.14924746378847595
95,1435,1530,0.14927147723809
99,1416,1515,0.14929883079877887
95,1415,1510,0.14931396514109177
96,1412,1508,0.14933923809347707
101,1414,1515,0.14935980799765133
99,1403,1502,0.14936589241114495
100,1410,1510,0.14937783729858667
100,1428,1528,0.1493865109858038
97,1420,1517,0.14939451059789002
96,1420,1516,0.14941039120515007
97,1434,1531,0.14942770730451116
98,1432,1530,0.14944136253786972
98,1416,1514,0.14945133142862518
100,1410,1510,0.14946054323670055
100,1409,1509,0.1494631219501297
100,1413,1513,0.1494658430509353
97,1418,1515,0.14946762155937135
98,1421,1519,0.14947722442086048
95,1409,1504,0.14948415683751604
95,1412,1507,0.14949872700811265
95,1423,1518,0.1495124470484597
99,1423,1522,0.14952526011921322
97,1407,1504,0.14952655407934867
97,1430,1527,0.14953317539491362
95,1426,1521,0.14953927778327492
94,1426,1520,0.14955015958300913
90,1426,1516,0.14956278803918557
88,1424,1512,0.14958577700439205
92,1420,1512,0.1496126834068578
90,1424,1514,0.14962682256736784
92,1428,1520,0.1496452977012419
87,1430,1517,0.14965628693116545
90,1432,1522,0.14967980734434888
93,1424,1517,0.14969275293936277
92,1438,1530,0.14969637989071383
94,1420,1514,0.14970198899359052
93,1429,1522,0.14970272549692062
94,1438,1532,0.14970663606506188
95,1442,1537,0.14970750839851632
94,1433,1527,0.14970554733550295
94,1425,1519,0.14970673343002616
88,1430,1518,0.1497078965798314
87,1426,1513,0.14972527615273556
88,1430,1518,0.14974407094026837
87,1419,1506,0.14975892260306528
85,1419,1504,0.14977545940564632
86,1409,1495,0.1497962435031283
87,1411,1498,0.1498128127801007
86,1427,1513,0.14982541697895585
87,1432,1519,0.14983978534532988
86,1434,1520,0.14985017278318583
90,1422,1512,0.14986311073183714
89,1428,1517,0.14986421919141119
92,1429,1521,0.14986792552965628
88,1429,1517,0.14986312638345864
84,1437,1521,0.14986956142789978
84,1438,1522,0.14988589166112923
86,1442,1528,0.14990213093182583
87,1447,1534,0.1499119489625932
87,1437,1524,0.1499183084520868
87,1442,1529,0.14992431243757018
88,1434,1522,0.14992984936851314
86,1430,1516,0.1499323558726446
83,1438,1521,0.1499400512796611
83,1421,1504,0.1499555768549069
85,1423,1508,0.14996928749509406
83,1422,1505,0.1499766728050899
83,1424,1507,0.14998880530931877
85,1421,1506,0.1500002860474077
83,1405,1488,0.15000578104485396
81,1411,1492,0.15001667359966858
82,1418,1500,0.15003246529976688
82,1403,1485,0.15004502971678033
84,1414,1498,0.1500566489571291
85,1414,1499,0.15006229290381967
87,1416,1503,0.1500644960506896
87,1420,1507,0.15006138952054093
86,1426,1512,0.1500592087208505
86,1422,1508,0.1500601748423949
84,1432,1516,0.15006159526761553
86,1440,1526,0.1500687649817025
83,1432,1515,0.15007032574333695
84,1433,1517,0.15007995712264155
87,1439,1526,0.15008610878990897
82,1435,1517,0.1500837855672371
83,1439,1522,0.1500959633716794
82,1441,1523,0.15010470422443878
82,1431,1513,0.15011582335750817
82,1442,1524,0.1501262627278072
79,1444,1523,0.15013606224526224
79,1441,1520,0.15015360532505428
79,1447,1526,0.15016995870674726
82,1441,1523,0.15018489404061067
82,1436,1518,0.15019068680746925
79,1437,1516,0.15019625122513003
80,1440,1520,0.15020992653212115
80,1430,1510,0.1502199806002675
77,1433,1510,0.1502293209455418
74,1430,1504,0.15024643069896393
74,1425,1499,0.15027054517371605
75,1431,1506,0.15029284208684157
75,1435,1510,0.15031093513476024
76,1434,1510,0.15032753965988654
73,1446,1519,0.1503404033874306
75,1435,1510,0.1503614661152815
77,1429,1506,0.15037546970716056
80,1440,1520,0.15038238183565256
79,1449,1528,0.1503805888091976
76,1445,1521,0.15038205784212244
76,1433,1509,0.15039119341004895
78,1438,1516,0.15040048505952913
79,1442,1521,0.1504037041131765
80,1438,1518,0.15040363305961424
79,1425,1504,0.15040082587793013
78,1439,1517,0.150400507874739
81,1442,1523,0.15040300600010106
79,1431,1510,0.1503974653738496
81,1432,1513,0.15039781345110806
83,1435,1518,0.15039278994477667
82,1428,1510,0.1503833133760422
80,1431,1511,0.15037736174726146
81,1439,1520,0.15037713491351504
80,1440,1520,0.15037438601130115
77,1436,1513,0.1503750323769872
75,1439,1514,0.15038405845841213
74,1434,1508,0.1503976472538743
73,1437,1510,0.1504133397092131
72,1444,1516,0.15043075990081334
73,1443,1516,0.15044950614462166
73,1445,1518,0.15046377303262365
75,1433,1508,0.15047714347069846
74,1447,1521,0.15048396928019386
73,1446,1519,0.15049353901152565
73,1443,1516,0.15050549566972582
73,1439,1512,0.1505169634438842
72,1444,1516,0.15052737374114136
72,1431,1503,0.15053975024575778
74,1441,1515,0.15055113992942323
72,1427,1499,0.15055549113449385
71,1437,1508,0.1505648567289362
71,1442,1513,0.15057704802798055
68,1447,1515,0.15058844216542597
70,1448,1518,0.15060759444356178
66,1440,1506,0.15062068897685232
64,1456,1520,0.15064425916812602
63,1452,1515,0.15067159317939346
62,1448,1510,0.15070016739067413
62,1451,1513,0.15072902073773586
65,1450,1515,0.15075609737519552
67,1447,1514,0.15077324313247606
68,1440,1508,0.1507835231184794
67,1436,1503,0.150790371991631
65,1441,1506,0.15079997913109996
67,1431,1498,0.15081420935831386
66,1440,1506,0.1508221529077334
69,1442,1511,0.15083255023178743
69,1446,1515,0.1508342051672999
71,1447,1518,0.1508360325550064
68,1431,1499,0.1508322682309634
69,1451,1520,0.15083721523618743
68,1455,1523,0.15083893762599146
66,1452,1518,0.15084301850600806
69,1443,1512,0.15085229627895347
72,1434,1506,0.15085287430929115
73,1440,1513,0.15084520691490222
72,1454,1526,0.1508352770515933
69,1447,1516,0.15082901792546083
70,1449,1519,0.15083168231208335
71,1450,1521,0.15083107000010776
67,1454,1521,0.15082774222765993
70,1448,1518,0.15083549630511722
69,1448,1517,0.15083475864052237
69,1453,1522,0.15083695726818688
68,1459,1527,0.15083917598624352
64,1447,1511,0.1508439020585105
62,1447,1509,0.15085963482862183
63,1440,1503,0.1508796078917255
64,1442,1506,0.15089526595147867
65,1446,1511,0.1509069575415122
63,1435,1498,0.15091512043385025
60,1428,1488,0.15092821619104527
60,1437,1497,0.15094855470293045
58,1456,1514,0.15096786543034413
61,1453,1514,0.1509916341084786
59,1440,1499,0.15100527429719374
60,1428,1488,0.15102347785532422
59,1455,1514,0.15103747026230022
60,1452,1512,0.15105344205131463
58,1461,1519,0.1510657348361731
57,1474,1531,0.15108281377534133
58,1457,1515,0.15110140776308942
57,1448,1505,0.15111624020914835
58,1441,1499,0.15113298561332517
59,1439,1498,0.15114589449072227
58,1439,1497,0.15115496733671152
57,1437,1494,0.15116635611496487
59,1443,1502,0.15117993689978534
58,1442,1500,0.15118666527902694
59,1445,1504,0.15119593604503007
59,1454,1513,0.15120188513606433
58,1455,1513,0.1512075384943059
57,1455,1512,0.15121564871814935
56,1452,1508,0.15122573832721714
60,1450,1510,0.15123792369698708
60,1454,1514,0.15123783942316224
62,1446,1508,0.15123784189910083
63,1451,1514,0.15123225465478257
61,1449,1510,0.15122451092132916
60,1453,1513,0.15122272277886326
59,1458,1517,0.15122404260533895
60,1460,1520,0.1512280140325748
60,1453,1513,0.1512289566171144
58,1457,1515,0.1512298405147143
57,1466,1523,0.15123655405122038
59,1461,1520,0.15124575625569364
56,1457,1513,0.15124831703856553
56,1449,1505,0.15125930767005497
56,1457,1513,0.15126952676463082
56,1436,1492,0.15127923502266927
56,1446,1502,0.15128838006791412
54,1439,1493,0.15129712698943032
54,1458,1512,0.1513106757061744
55,1462,1517,0.15132318735473482
56,1472,1528,0.15133202452880348
54,1464,1518,0.15133746726908315
55,1460,1515,0.1513481386365365
54,1475,1529,0.15135533273224852
51,1466,1517,0.15136484102629047
47,1465,1512,0.15138229552646076
48,1454,1502,0.15140983199874866
48,1446,1494,0.15143235044211892
47,1467,1514,0.1514532662130496
50,1472,1522,0.15147560190215908
47,1466,1513,0.15148804746926822
47,1467,1514,0.15150809250287814
49,1462,1511,0.15152681356755732
49,1461,1510,0.15153893011813419
51,1480,1531,0.15155007932983997
52,1472,1524,0.15155481277076824
52,1477,1529,0.15155659013127767
50,1480,1530,0.15155834648150068
51,1465,1516,0.15156548871838382
49,1465,1514,0.15156948129041306
48,1472,1520,0.1515788804397854
48,1474,1522,0.15159047513212628
48,1476,1524,0.15160132800481463
46,1480,1526,0.15161144930107173
44,1482,1526,0.15162655481766213
43,1473,1516,0.15164653979757253
45,1481,1526,0.15166791474418873
45,1482,1527,0.15168202498435363
46,1476,1522,0.15169523815718974
48,1483,1531,0.15170489336852036
46,1477,1523,0.1517083314470919
46,1473,1519,0.1517172532017943
43,1466,1509,0.15172565697782733
44,1474,1518,0.15174240668343758
43,1481,1524,0.1517553386124906
44,1479,1523,0.15177028505295043
45,1475,1520,0.15178145854037325
46,1473,1519,0.15178890961128313
45,1487,1532,0.15179300713765265
46,1488,1534,0.15179984018047074
47,1471,1518,0.151803316940193
48,1474,1522,0.15180377883380594
48,1464,1512,0.1518014795774862
50,1464,1514,0.1517992499843675
47,1469,1516,0.15179127553122324
45,1467,1512,0.15179246117152687
44,1474,1518,0.15179946930849186
44,1476,1520,0.1518087696649645
44,1469,1513,0.15181748050447605
45,1472,1517,0.15182568924756523
46,1476,1522,0.1518306474562759
47,1472,1519,0.15183248200800206
46,1476,1522,0.15183089070541034
46,1472,1518,0.1518324109390156
48,1466,1514,0.15183382972592066
48,1472,1520,0.15182919519281662
48,1468,1516,0.15182494036007874
50,1472,1522,0.15182097883191392
47,1466,1513,0.15181126314242754
44,1469,1513,0.15181078211915067
45,1464,1509,0.1518193531942785
45,1463,1508,0.15182429101244727
44,1460,1504,0.15182888954532348
44,1461,1505,0.15183628945607075
47,1468,1515,0.15184353976972104
48,1471,1519,0.15184173678955168
47,1471,1518,0.15183728387182527
47,1465,1512,0.15183619760187014
46,1465,1511,0.15183524957155636
46,1462,1508,0.15183712407929634
46,1469,1515,0.15183902206215905
47,1469,1516,0.1518409817212221
47,1463,1510,0.15183993255647188
47,1462,1509,0.15183900556731003
48,1469,1517,0.15183817344279238
47,1485,1532,0.15183398140914914
47,1486,1533,0.15183307644888408
48,1481,1529,0.15183223916938687
46,1478,1524,0.1518284621458628
45,1468,1513,0.15183067725373886
44,1471,1515,0.1518353774256574
43,1469,1512,0.15184249438631997
44,1474,1518,0.15185202511628082
44,1473,1517,0.15185806507689611
45,1484,1529,0.15186370260859455
43,1479,1522,0.1518660627551175
40,1482,1522,0.15187405806164275
42,1476,1518,0.1518898146051983
40,1474,1514,0.15189920504257956
42,1464,1506,0.1519139113470261
41,1457,1498,0.15192172611206056
42,1459,1501,0.151931904100611
42,1451,1493,0.1519383201899132
41,1455,1496,0.15194445330056283
41,1463,1504,0.15195315896058592
39,1470,1509,0.15196125240252653
39,1460,1499,0.15197453040058836
43,1468,1511,0.15198692549558554
42,1460,1502,0.15198652111429437
42,1462,1504,0.15198912270848822
42,1464,1506,0.15199160835815737
44,1461,1505,0.15199416379504588
44,1462,1506,0.1519904224246322
46,1480,1526,0.15198732283605648
45,1472,1517,0.15197860744702907
45,1464,1509,0.1519734416935444
48,1470,1518,0.15196853101102203
48,1467,1515,0.15195514033211638
47,1457,1504,0.15194281750349484
47,1472,1519,0.15193425647553638
48,1468,1516,0.1519262738277942
48,1476,1524,0.15191573187382176
49,1482,1531,0.15190582638838673
50,1475,1525,0.1518934500193385
51,1483,1534,0.1518788845585012
50,1475,1525,0.1518621385836588
49,1466,1515,0.15184932320214117
49,1477,1526,0.15184028118208712
46,1478,1524,0.15183163361508684
49,1484,1533,0.15183228162951415
45,1481,1526,0.15182424734405248
45,1483,1528,0.15182838905483856
46,1462,1508,0.15183219522970653
46,1475,1521,0.15183264532334736
47,1474,1521,0.15183290225289828
46,1462,1508,0.15183028662216758
46,1468,1514,0.15183079792163648
49,1458,1507,0.15183113014627364
49,1464,1513,0.15182265315389348
46,1456,1502,0.15181473635015463
48,1478,1526,0.15181612112720722
49,1477,1526,0.15181122349958728
51,1476,1527,0.15180382194441652
51,1471,1522,0.1517908813263704
51,1482,1533,0.1517788048507584
50,1469,1519,0.1517675206193592
49,1467,1516,0.1517599332159601
46,1475,1521,0.15175574587043145
45,1474,1519,0.15176066793773949
44,1466,1510,0.15176819545529985
44,1463,1507,0.15177805211888612
45,1471,1516,0.15178738966710045
44,1466,1510,0.15179314270595134
44,1454,1498,0.15180149021270778
43,1439,1482,0.15180928346662262
42,1446,1488,0.15181958539132093
42,1466,1508,0.15183205098141295
44,1454,1498,0.15184371063597712
46,1459,1505,0.1518486472191991
46,1454,1500,0.15184725218625578
45,1469,1514,0.15184599966732995
44,1477,1521,0.15184729431242028
43,1475,1518,0.15185122797329437
44,1471,1515,0.15185794317075618
43,1473,1516,0.15186142283978046
41,1479,1520,0.15186766040935967
41,1493,1534,0.15187951261075028
45,1473,1518,0.15189053533814256
43,1464,1507,0.15188910509685735
44,1456,1500,0.15189368268991404
45,1464,1509,0.15189516881148185
42,1478,1520,0.15189364695782503
45,1467,1512,0.15190120373868835
46,1467,1513,0.151899477774678
45,1463,1508,0.15189482759129416
44,1477,1521,0.15189349050302417
43,1479,1522,0.15189515236178164
43,1473,1516,0.15189950320009007
42,1468,1510,0.15190346881474107
42,1484,1526,0.1519102673091613
42,1473,1515,0.1519164915459936
41,1475,1516,0.15192226626054142
41,1481,1522,0.1519307295291619
42,1483,1525,0.15193867002108968
44,1493,1537,0.15194340553634064
44,1479,1523,0.151942095598099
44,1470,1514,0.15194082294589578
42,1475,1517,0.1519396827132101
41,1473,1514,0.15194435146091748
42,1477,1519,0.15195170710503753
42,1475,1517,0.1519556653808584
41,1470,1511,0.15195939500440045
41,1470,1511,0.151965883761226
41,1469,1510,0.151972083933174
40,1485,1525,0.1519778906306178
40,1490,1530,0.15198620632347418
42,1477,1519,0.15199397932314537
42,1477,1519,0.15199549109322788
41,1480,1521,0.1519965980443864
42,1476,1518,0.15200054059782625
44,1490,1534,0.15200130624773167
44,1496,1540,0.15199636362585633
45,1493,1538,0.15199176266568576
45,1478,1523,0.15198458587591623
46,1469,1515,0.15197798703484466
46,1472,1518,0.151968745047795
44,1477,1521,0.15196015142883737
44,1476,1520,0.15195806738335246
43,1474,1517,0.15195610754732455
45,1483,1528,0.15195733299329642
45,1483,1528,0.1519526492436788
45,1488,1533,0.1519480806257747
45,1487,1532,0.1519438248503696
46,1472,1518,0.15193993270767364
45,1460,1505,0.1519334107460444
45,1468,1513,0.1519303106827326
45,1479,1524,0.1519275653920168
45,1469,1514,0.1519249598246692
44,1478,1522,0.15192238813230488
43,1475,1518,0.1519228334641204
42,1470,1512,0.1519261298114414
42,1475,1517,0.15193200606838023
42,1476,1518,0.1519374629613118
40,1474,1514,0.15194254163567097
40,1468,1508,0.15195314015336922
41,1465,1506,0.15196299808043065
37,1468,1505,0.15196922828888718
39,1476,1515,0.15198679192147502
38,1483,1521,0.15199725991304303
35,1477,1512,0.15201023498932767
36,1488,1524,0.1520313731817319
38,1495,1533,0.152048082364874
36,1481,1517,0.15205792913967892
38,1478,1516,0.1520727245916228
40,1476,1516,0.15208058189504775
40,1482,1522,0.15208219158284864
40,1488,1528,0.1520838574764144
40,1481,1521,0.15208544947587962
41,1480,1521,0.15208694271981757
41,1485,1526,0.15208541471069253
43,1487,1530,0.15208403927799105
42,1457,1499,0.15207687483108273
42,1458,1500,0.15207327633635473
42,1463,1505,0.15206994195979637
40,1469,1509,0.1520666116688022
41,1478,1519,0.15206955561750987
38,1484,1522,0.15206950587218812
39,1477,1516,0.15207841892204946
38,1461,1499,0.1520837342272625
37,1472,1509,0.15209177752462857
37,1485,1522,0.152102141280739
35,1479,1514,0.1521118312507421
34,1501,1535,0.15212693617656675
33,1491,1524,0.15214383321862346
33,1494,1527,0.15216267820260676
33,1502,1535,0.15218024172355654
31,1493,1524,0.1521966913502882
31,1498,1529,0.1522179499554039
30,1499,1529,0.15223783641161995
31,1492,1523,0.15225950916207456
31,1496,1527,0.15227675794872877
32,1488,1520,0.15229293189680373
31,1485,1516,0.1523050643585424
30,1493,1523,0.15231945599848845
29,1485,1514,0.15233602135253327
27,1477,1504,0.1523544163315795
28,1499,1527,0.15237756074103573
28,1493,1521,0.15239626136705597
27,1497,1524,0.15241383090076696
27,1497,1524,0.1524334169757176
29,1487,1516,0.15245179614159413
30,1495,1525,0.15246305234723148
27,1496,1523,0.15247061124064032
28,1485,1513,0.1524869338658564
27,1490,1517,0.15249906838599692
26,1492,1518,0.15251360357931
24,1487,1511,0.15253036534973707
24,1481,1505,0.1525522156223248
26,1497,1523,0.15257269394591466
26,1499,1525,0.1525857963597377
26,1498,1524,0.15259811977094087
26,1499,1525,0.15260953040562858
24,1491,1515,0.15262039782540784
24,1499,1523,0.15263668717903695
25,1497,1522,0.15265195025893608
24,1501,1525,0.15266327259959972
24,1491,1515,0.15267692432409397
24,1487,1511,0.152689761904271
24,1499,1523,0.1527018100294668
23,1511,1534,0.15271312332906692
24,1510,1534,0.15272681364723908
25,1498,1523,0.15273652634779478
23,1497,1520,0.15274259993597591
24,1484,1508,0.1527544595380232
23,1483,1506,0.152762504833239
24,1485,1509,0.15277314976590145
23,1492,1515,0.1527800887930782
22,1497,1519,0.15278970588906404
23,1499,1522,0.1528017814795709
23,1500,1523,0.15281014101344997
22,1512,1534,0.15281801999139485
23,1496,1519,0.15282850193152275
23,1500,1523,0.1528353207005895
22,1497,1519,0.152841762025001
22,1489,1511,0.15285093320478688
22,1493,1515,0.15285935673235473
22,1483,1505,0.15286726672985032
22,1482,1504,0.15287469337110082
23,1477,1500,0.15288166511871507
22,1489,1511,0.15288504116534685
24,1479,1503,0.15289119253689976
24,1493,1517,0.15289084884524776
23,1501,1524,0.15289056204154566
23,1497,1520,0.15289341931489212
23,1510,1533,0.152896108981888
22,1499,1521,0.15289864019396737
22,1485,1507,0.1529041808497389
22,1492,1514,0.15290937967304094
22,1485,1507,0.1529142613568748
24,1487,1511,0.15291878483949772
26,1487,1513,0.15291696543285693
26,1497,1523,0.15290925264802882
25,1486,1511,0.15290202530918826
25,1486,1511,0.15289840159425996
25,1500,1525,0.15289501816097517
24,1492,1516,0.15289185725409482
24,1502,1526,0.15289177813904856
24,1488,1512,0.15289173450899082
24,1484,1508,0.15289179746321405
25,1499,1524,0.15289181917638936
25,1501,1526,0.1528889159301413
25,1504,1529,0.15288616841871006
24,1502,1526,0.15288338635676518
25,1494,1519,0.15288375117712724
24,1482,1506,0.1528811404849783
24,1469,1493,0.152881882555182
26,1479,1505,0.15288258631196713
25,1478,1503,0.15287715826857076
24,1486,1510,0.15287516016079658
24,1486,1510,0.15287616626915368
24,1488,1512,0.15287723809984072
24,1487,1511,0.1528783113892646
24,1494,1518,0.15287933684056462
23,1493,1516,0.15288031196131477
24,1480,1504,0.15288418166208737
25,1479,1504,0.15288476267691511
23,1493,1516,0.15288230102019607
23,1501,1524,0.15288625727931102
23,1495,1518,0.1528899635622954
23,1494,1517,0.1528934419391096
23,1500,1523,0.15289670909275402
23,1502,1525,0.15289974512001364
21,1497,1518,0.1529026731336584
22,1511,1533,0.15291152159181348
22,1514,1536,0.15291674393197285
21,1520,1541,0.15292165543357006
21,1518,1539,0.15292940194785884
20,1509,1529,0.15293666639476214
20,1507,1527,0.15294642879825873
19,1498,1517,0.1529555926850474
19,1485,1504,0.15296719037898535
19,1484,1503,0.15297803597754853
19,1479,1498,0.15298819906468109
18,1481,1499,0.15299772973796424
17,1494,1511,0.15300976422755871
16,1497,1513,0.15302417627835208
16,1484,1500,0.1530406580989649
16,1501,1517,0.1530561117412506
16,1502,1518,0.15307063563719406
15,1504,1519,0.1530842736820731
15,1505,1520,0.15310013405736497
15,1497,1512,0.1531150000990932
14,1511,1525,0.15312894872861635
14,1503,1517,0.15314517961914206
13,1509,1522,0.15316041271539407
13,1515,1528,0.1531777673126356
14,1508,1522,0.15319406018305035
15,1505,1520,0.15320628538202058
16,1495,1511,0.15321457202656916
19,1502,1521,0.15321917701463195
18,1499,1517,0.15321400453048714
17,1497,1514,0.1532123705658386
17,1477,1494,0.1532140222856665
17,1500,1517,0.15321557565549282
19,1496,1515,0.15321703923323352
19,1489,1508,0.15321228082107857
19,1502,1521,0.15320787042877476
18,1505,1523,0.1532037612451695
18,1493,1511,0.15320295407630918
19,1496,1515,0.15320218961357596
19,1502,1521,0.1531983618962092
19,1498,1517,0.15319479094165872
19,1489,1508,0.15319145355450567
19,1486,1505,0.1531883314163786
18,1502,1520,0.15318540822285595
17,1508,1525,0.15318577253709756
17,1508,1525,0.15318913136909384
17,1512,1529,0.1531922613341536
17,1513,1530,0.15319518231582768
17,1504,1521,0.15319791421547915
19,1494,1513,0.15320047247139068
19,1500,1519,0.15319665184536085
19,1507,1526,0.15319309373798404
19,1519,1538,0.15318976937617612
18,1516,1534,0.1531866573969946
18,1499,1517,0.15318678485692544
17,1498,1515,0.15318689641632754
17,1508,1525,0.15319008083253188
16,1496,1512,0.15319304149166765
16,1506,1522,0.15319885402067634
16,1505,1521,0.1532042919100244
15,1508,1523,0.15320938545397664
15,1517,1532,0.15321734821384195
15,1510,1525,0.15322482088137385
14,1523,1537,0.15323183560119716
15,1502,1517,0.15324155351728974
14,1500,1514,0.15324753177896058
14,1502,1516,0.15325625358133588
12,1491,1503,0.15326445171774247
12,1489,1501,0.1532784686632378
12,1490,1502,0.15329161029601832
12,1502,1514,0.1533039474565837
12,1503,1515,0.15331553494951458
12,1494,1506,0.15332642056620355
13,1506,1519,0.15333664806461694
14,1511,1525,0.1533431680789479
15,1509,1524,0.15334619162523963
14,1512,1526,0.15334593353053685
16,1495,1511,0.15334883259807136
17,1505,1522,0.15334528623556412
16,1498,1514,0.1533389211674735
16,1494,1510,0.1533361670146967
17,1495,1512,0.15333359975069996
16,1486,1502,0.1533280669435623
16,1492,1508,0.15332607168252158
16,1500,1516,0.15332420817023704
15,1496,1511,0.15332246525029966
15,1502,1517,0.15332391750441862
16,1514,1530,0.15332527747272803
16,1509,1525,0.15332346179367232
16,1503,1519,0.1533217670551302
15,1508,1523,0.1533201845804627
15,1501,1516,0.15332176919240278
14,1506,1520,0.15332324463288663
13,1511,1524,0.15332776667437703
13,1499,1512,0.15333515283914903
13,1497,1510,0.153342074963176
13,1491,1504,0.1533485753703441
11,1485,1496,0.15335468288084017
12,1475,1487,0.15336654849637754
12,1483,1495,0.15337462174371955
13,1485,1498,0.15338217368248358
12,1491,1503,0.15338620337714526
12,1503,1515,0.15339309576071106
12,1502,1514,0.15339956100857122
12,1505,1517,0.1534055501146263
12,1515,1527,0.15341116419624648
11,1495,1506,0.1534164333286099
11,1497,1508,0.15342449642266787
11,1487,1498,0.15343207392581412
11,1507,1518,0.15343920160721086
12,1503,1515,0.15344590545386375
12,1510,1522,0.1534490731238559
12,1506,1518,0.15345207430829674
12,1510,1522,0.15345490676202955
12,1520,1532,0.15345757705269072
12,1507,1519,0.15346009296998198
12,1515,1527,0.15346246249732537
12,1498,1510,0.15346469348633782
12,1501,1513,0.153466793537552
12,1505,1517,0.15346876995276015
11,1491,1502,0.15347062971519343
12,1504,1516,0.15347546201497633
12,1502,1514,0.15347690484549403
11,1492,1503,0.15347826926405997
11,1497,1508,0.1534826882247924
12,1509,1521,0.15348682672923838
13,1510,1523,0.153487573360838
13,1518,1531,0.15348509365552063
13,1516,1529,0.1534827783581951
13,1513,1526,0.15348061157783072
13,1504,1517,0.15347858239374107
13,1504,1517,0.1534766810307346
12,1491,1503,0.1534748985804424
11,1504,1515,0.15347635090525474
11,1501,1512,0.15348089036455942
11,1516,1527,0.153485144715416
12,1507,1519,0.15348913487453106
11,1505,1516,0.15348974687303862
10,1506,1516,0.1534935460414959
9,1509,1518,0.15350027091156182
9,1503,1512,0.15350980078661702
9,1515,1524,0.15351875939861473
10,1506,1516,0.15352718074124452
10,1509,1519,0.1535319726881492
10,1504,1514,0.15353649720425047
10,1495,1505,0.15354076135059766
12,1502,1514,0.1535447775008657
12,1499,1511,0.15354232902917847
11,1511,1522,0.1535400790906615
12,1515,1527,0.1535410870515836
12,1511,1523,0.15353894635862367
12,1505,1517,0.15353695515026705
11,1522,1533,0.1535350999091693
12,1519,1531,0.15353645418493167
12,1512,1524,0.1535346315217345
11,1504,1515,0.1535329097478729
11,1508,1519,0.15353434671264002
11,1496,1507,0.1535356801806264
11,1507,1518,0.15353692242624672
11,1508,1519,0.15353808336746483
12,1500,1512,0.15353917012669854
12,1496,1508,0.1535371310268674
12,1482,1494,0.15353524133193125
13,1488,1501,0.1535334800675315
13,1506,1519,0.15352866723183112
13,1507,1520,0.15352416817501552
13,1522,1535,0.15351995433914875
13,1518,1531,0.1535160045396117
13,1513,1526,0.1535123003051152
13,1498,1511,0.15350882501758725
13,1499,1512,0.15350556351400022
13,1498,1511,0.15350250185706435
13,1499,1512,0.15349962718138468
14,1498,1512,0.1534969275761407
14,1498,1512,0.15349126472150007
13,1485,1498,0.15348597018983484
13,1500,1513,0.15348409947861996
12,1498,1510,0.15348232219886643
13,1496,1509,0.1534837079087761
13,1508,1521,0.1534819099478863
13,1480,1493,0.15348023279823939
13,1502,1515,0.15347865963952143
13,1502,1515,0.15347718221054105
12,1501,1513,0.15347579404161923
12,1478,1490,0.1534775965330934
12,1487,1499,0.15347926820409755
12,1503,1515,0.1534808277705522
13,1504,1517,0.15348228572558242
13,1505,1518,0.1534805361620849
13,1507,1520,0.15347891336049166
13,1507,1520,0.1534773973742403
12,1505,1517,0.15347597831171997
13,1504,1517,0.1534777020378465
12,1503,1515,0.1534762169279117
12,1509,1521,0.15347787354702042
11,1516,1527,0.15347941554767025
11,1521,1532,0.1534840261661926
10,1513,1523,0.15348835866487445
10,1501,1511,0.1534955147519153
10,1496,1506,0.15350223172467065
10,1493,1503,0.15350853444200446
10,1508,1518,0.15351445123635685
9,1510,1519,0.1535200075287269
9,1506,1515,0.15352839561303683
9,1517,1526,0.15353626649865135
8,1512,1520,0.15354365619623753
8,1527,1535,0.15355372715243465
7,1529,1536,0.15356317301317068
6,1513,1519,0.15357513518521218
7,1508,1515,0.15358947404074835
6,1507,1513,0.1535998269649579
7,1507,1514,0.15361271341961044
7,1516,1523,0.1536217274205972
7,1520,1527,0.1536302108475448
8,1508,1516,0.15363818973144241
8,1505,1513,0.1536425540920221
8,1504,1512,0.1536466675216012
8,1510,1518,0.15365054437103498
9,1520,1529,0.15365419650937678
9,1513,1522,0.15365449096674302
9,1502,1511,0.15365479170478483
9,1505,1514,0.15365507586717053
9,1510,1519,0.1536553620594111
9,1499,1508,0.1536556414429566
9,1493,1502,0.1536559115561346
9,1499,1508,0.15365617115433192
9,1497,1506,0.15365641953145612
9,1494,1503,0.15365665635188616
8,1507,1515,0.15365688154962745
7,1509,1516,0.15366017592681072
7,1509,1516,0.1536663955797143
7,1498,1505,0.15367222325022312
6,1504,1510,0.15367768958587466
6,1506,1512,0.15368595616614045
6,1500,1506,0.15369373607697687
6,1496,1502,0.1537010367645982
6,1511,1517,0.1537078936220363
6,1517,1523,0.15371433522288555
6,1519,1525,0.1537203879095031
6,1505,1511,0.1537260760525254
6,1509,1515,0.1537314222883704
6,1500,1506,0.15373644770105288
7,1510,1517,0.15374117196361506
7,1505,1512,0.15374242251383854
7,1503,1510,0.1537436112131956
7,1509,1516,0.15374473461389937
6,1503,1509,0.15374579506735597
6,1500,1506,0.15374998007627527
6,1507,1513,0.15375390801434535
6,1505,1511,0.15375759871453581
6,1502,1508,0.15376106726137675
6,1511,1517,0.15376432743494942
5,1502,1507,0.15376739201845221
5,1508,1513,0.1537733948482467
5,1515,1520,0.15377903367874285
6,1520,1526,0.1537843302667688
6,1524,1530,0.15378617251812746
6,1517,1523,0.1537879141551618
6,1509,1515,0.15378955689969254
5,1518,1523,0.15379110472191523
5,1524,1529,0.15379577267156172
5,1517,1522,0.15380015710336634
5,1514,1519,0.15380427789058607
5,1510,1515,0.15380815151215022
5,1510,1515,0.15381179306815249
4,1511,1515,0.15381521663848796
4,1515,1519,0.15382161950284176
4,1515,1519,0.15382762893803853
4,1512,1516,0.15383327506402963
4,1523,1527,0.1538385812011919
4,1522,1526,0.15384356854606845
4,1529,1533,0.1538482567860343
4,1513,1517,0.15385266428573643
3,1522,1525,0.1538568081990178
4,1509,1513,0.15386384660520697
4,1511,1515,0.153867313163659
4,1517,1521,0.15387057748170302
4,1505,1509,0.15387364920137675
4,1526,1530,0.15387653891839995
4,1523,1527,0.15387925723004428
4,1515,1519,0.15388181425283437
3,1509,1512,0.15388421953536802
3,1509,1512,0.15388963633977648
3,1518,1521,0.15389473162200182
3,1517,1520,0.15389952133672694
3,1514,1517,0.1539040243194702
3,1518,1521,0.15390825802608435
3,1517,1520,0.15391223876663399
3,1521,1524,0.15391598183877492
3,1517,1520,0.15391950160046072
2,1520,1522,0.15392281152480017
2,1512,1514,0.15392909243774905
2,1507,1509,0.15393500300492385
2,1504,1506,0.1539405609549236
2,1513,1515,0.15394578726246064
3,1504,1507,0.15395070180114112
3,1507,1510,0.15395210368722212
3,1518,1521,0.15395343192212066
3,1521,1524,0.15395468363192347
3,1526,1529,0.1539558625463222
3,1513,1516,0.1539569727197675
3,1521,1524,0.15395801806652668
3,1521,1524,0.15395900228244483
4,1523,1527,0.15395992884826804
4,1533,1537,0.15395757860196857
4,1529,1533,0.15395538185760776
3,1529,1532,0.15395332115462929
3,1527,1530,0.1539545605613155
3,1524,1527,0.15395575536455705
3,1511,1514,0.15395686996476562
3,1516,1519,0.15395791701053138
2,1513,1515,0.15395890108315977
2,1518,1520,0.1539630517842691
1,1520,1521,0.15396694904440608
1,1512,1513,0.15397381710611277
0,1512,1512,0.15398027545199153
