1361,27,1388,0.1358414636103768
1403,31,1434,0.13303985070051186
1435,34,1469,0.13036606596751255
1454,32,1486,0.12784020822272787
1457,31,1488,0.1254872701404244
1469,31,1500,0.12333565002188773
1462,31,1493,0.12134510220806152
1467,32,1499,0.11954928511123107
1467,32,1499,0.11790067108389397
1464,32,1496,0.11639982889262562
1473,33,1506,0.11504059102455244
1472,33,1505,0.11378106485042748
1463,32,1495,0.11263619587836754
1465,30,1495,0.11161492401896166
1454,32,1486,0.11067991749256205
1452,32,1484,0.1098539931444476
1457,31,1488,0.10910620577449331
1462,32,1494,0.10841312488557694
1462,33,1495,0.10777032046231609
1466,34,1500,0.1071850996394487
1472,35,1507,0.10664289436869695
1463,33,1496,0.10613595298644181
1454,33,1487,0.10569446823821056
1461,35,1496,0.10531246346258528
1451,36,1487,0.10494896131971249
1468,37,1505,0.1046400529445394
1457,42,1499,0.10432139323063701
1449,41,1490,0.10405507629046379
1435,42,1477,0.10382969707287724
1445,44,1489,0.10365532150806095
1452,46,1498,0.1034747692941584
1455,46,1501,0.10329560249513083
1461,45,1506,0.10312554787269618
1454,46,1500,0.10295746512484977
1439,46,1485,0.1028190704889297
1445,44,1489,0.10272559284436035
1434,43,1477,0.10262808512952072
1441,46,1487,0.10256263307787794
1446,45,1491,0.10248811304852876
1432,44,1476,0.10240987603272317
1426,48,1474,0.1023692152263963
1426,49,1475,0.10234508828295893
1443,50,1493,0.10232277556570014
1443,51,1494,0.10226567252704989
1458,51,1509,0.10221347176031642
1455,49,1504,0.10213388890607882
1455,49,1504,0.10206751207298499
1447,47,1494,0.10200754545268825
1442,47,1489,0.10197006055684778
1456,49,1505,0.10194574631976243
1450,49,1499,0.10189369484796387
1456,52,1508,0.10185926167932767
1461,50,1511,0.10181567766150248
1454,50,1504,0.10176499177549836
1454,51,1505,0.10173368956075514
1448,50,1498,0.1017049278724112
1437,50,1487,0.10169179723145096
1431,48,1479,0.10170356089616592
1428,48,1476,0.10172728703067851
1439,51,1490,0.1017555768921338
1446,51,1497,0.10175794604212986
1454,53,1507,0.10174493070061519
1445,52,1497,0.10171642762958946
1453,52,1505,0.10170966256414367
1442,51,1493,0.10168653828231998
1455,49,1504,0.10168850080264406
1444,50,1494,0.10166247833282664
1458,50,1508,0.10166212726747967
1467,50,1517,0.10163146764350575
1464,50,1514,0.10158449193655002
1454,53,1507,0.10154833405197515
1453,54,1507,0.10153687794986216
1455,54,1509,0.1015286905146284
1444,55,1499,0.10151748705368757
1437,55,1492,0.1015308272304949
1429,54,1483,0.10155747053448057
1432,53,1485,0.10159860528479639
1435,52,1487,0.10162965283545013
1431,54,1485,0.10165148608969417
1440,57,1497,0.10167993405277212
1439,55,1494,0.10168700119870057
1442,53,1495,0.10169544921024486
1444,54,1498,0.10169700925516174
1434,54,1488,0.10169435034176448
1434,54,1488,0.10171369822594396
1431,52,1483,0.10173131214186608
1428,51,1479,0.101753537502905
1429,48,1477,0.10177987393456864
1427,52,1479,0.1018021223141818
1451,53,1504,0.10182695408284145
1460,53,1513,0.10179771854733516
1447,52,1499,0.10175165918547818
1435,52,1487,0.10173803301070468
1431,52,1483,0.10175130347889993
1444,54,1498,0.1017722680246071
1433,56,1489,0.10176406592385473
1433,55,1488,0.10178007653257713
1431,57,1488,0.10179515465906679
1423,58,1481,0.1018128316987739
1422,60,1482,0.1018462689197038
1433,61,1494,0.10187909899147206
1424,59,1483,0.10188554655227143
1433,59,1492,0.10191174220736567
1436,61,1497,0.10191637569699448
1442,60,1502,0.10191370090514366
1443,59,1502,0.10189826783148714
1444,57,1501,0.10188158542911133
1439,59,1498,0.10186475638917074
1438,61,1499,0.10186023099989124
1432,57,1489,0.10185755368028915
1437,57,1494,0.10186839560162989
1436,58,1494,0.10186709612934607
1425,57,1482,0.10186789473712893
1430,60,1490,0.10189232214137867
1450,61,1511,0.10190365101462623
1443,61,1504,0.1018714986286291
1439,60,1499,0.101856819736117
1443,60,1503,0.10185217480088216
1435,61,1496,0.10183925055539582
1435,59,1494,0.10184503910035211
1432,57,1489,0.10185039068651885
1417,57,1474,0.10186126188660488
1413,63,1476,0.10190324143110673
1415,62,1477,0.10195126481984083
1409,61,1470,0.10199058353302938
1413,62,1475,0.10203909395681698
1424,62,1486,0.10207494417622918
1418,64,1482,0.10208372624650483
1438,62,1500,0.10210440585142973
1431,63,1494,0.10208015813160952
1427,60,1487,0.102072957055835
1430,61,1491,0.10207444663447009
1419,61,1480,0.10206890441648461
1420,62,1482,0.10208751739359037
1422,63,1485,0.10210264549720872
1415,64,1479,0.10211220014421514
1426,65,1491,0.1021364875414812
1427,63,1490,0.10213479967905398
1423,62,1485,0.10213103323473423
1435,61,1496,0.10213553020530153
1444,60,1504,0.10211429895262457
1450,57,1507,0.10207602345639075
1451,60,1511,0.10202829852485033
1457,61,1518,0.10198276338958141
1449,61,1510,0.1019286487743834
1448,59,1507,0.10189647805378126
1436,63,1499,0.10186899420211837
1442,63,1505,0.10186885304765252
1426,63,1489,0.10185545639186692
1431,61,1492,0.10187757883029466
1430,61,1491,0.10188758236505979
1433,59,1492,0.10189857786181405
1446,55,1501,0.10190220789885807
1444,53,1497,0.10187764955121383
1436,58,1494,0.10185945311548242
1432,56,1488,0.10186011380652868
1423,55,1478,0.10186916493190822
1434,56,1490,0.10189650873780903
1426,55,1481,0.10189807323433552
1431,57,1488,0.10191624733554953
1436,57,1493,0.10192239866013128
1440,56,1496,0.10191743854621421
1452,55,1507,0.101904357758239
1442,53,1495,0.1018667660580785
1441,54,1495,0.1018537951658007
1419,56,1475,0.10184389789508838
1422,57,1479,0.10188200230994011
1420,58,1478,0.10190988938242679
1426,56,1482,0.10193939644881063
1443,56,1499,0.1019534374767614
1450,57,1507,0.10193042613562771
1440,57,1497,0.10189436044465987
1450,56,1506,0.10188304754431057
1436,57,1493,0.1018521348620912
1436,58,1494,0.10185370002007627
1425,60,1485,0.10185511564225479
1423,62,1485,0.10188027098194471
1425,62,1487,0.10190736909339126
1442,64,1506,0.1019282848356066
1441,65,1506,0.10191156147094653
1432,64,1496,0.10189871396105911
1426,67,1493,0.10190578741720596
1430,66,1496,0.10192486684899225
1434,63,1497,0.10193366246604253
1436,62,1498,0.10193263536358305
1435,59,1494,0.1019275701788177
1432,60,1492,0.1019248289843722
1431,60,1491,0.101928379363783
1431,60,1491,0.10193397355522872
1436,58,1494,0.10193936151433933
1415,57,1472,0.10193344374862702
1425,59,1484,0.10197323053841265
1426,60,1486,0.10198774650964566
1429,59,1488,0.10199872105952851
1428,60,1488,0.10200223958296097
1446,60,1506,0.10200724917493809
1438,60,1498,0.1019737237210121
1444,60,1504,0.1019602051063725
1448,59,1507,0.10193521344326975
1438,59,1497,0.10190384827106579
1421,61,1482,0.10189612177247057
1442,58,1500,0.10192557550830753
1429,58,1487,0.10190735884416872
1438,58,1496,0.10191839472321966
1439,57,1496,0.10190948115914927
1436,60,1496,0.10189940032647168
1447,56,1503,0.10189697084269213
1440,59,1499,0.10187096787019699
1437,57,1494,0.10186212252914989
1434,55,1489,0.10186087714043321
1419,57,1476,0.10186562864581057
1428,55,1483,0.10190193469678746
1420,53,1473,0.1019159349793586
1428,53,1481,0.10194581889702196
1437,53,1490,0.10195558666532953
1423,51,1474,0.10194541485996567
1427,51,1478,0.10196574033080953
1439,53,1492,0.10197566008352538
1439,52,1491,0.10195885466643091
1448,54,1502,0.10194353020118795
1440,57,1497,0.10191010330269475
1451,56,1507,0.10189756127861037
1455,56,1511,0.10186276224639026
1458,56,1514,0.10182183893060703
1457,56,1513,0.10177852824854142
1441,57,1498,0.10174105527675216
1443,58,1501,0.10174112867012668
1441,61,1502,0.10173653426992998
1436,62,1498,0.10173700734177248
1432,62,1494,0.10174791632090877
1428,62,1490,0.10176660341259877
1443,63,1506,0.10179185382667011
1450,65,1515,0.101783230415137
1447,65,1512,0.10176064533033617
1439,61,1500,0.10174669129909787
1443,62,1505,0.10175149464851341
1438,58,1496,0.10174701241262564
1419,57,1476,0.10175344206008281
1409,60,1469,0.10179985462551454
1419,59,1478,0.1018637756081974
1414,59,1473,0.10190061930049303
1420,60,1480,0.10194462217572375
1432,60,1492,0.10197190056433866
1432,60,1492,0.10197110581605999
1428,60,1488,0.10197024335854776
1424,58,1482,0.10197792360476576
1441,60,1501,0.10199351092718768
1426,60,1486,0.10197151141150634
1440,59,1499,0.10198334435053662
1435,58,1493,0.10196374279410296
1431,52,1483,0.10195675040056447
1450,51,1501,0.10195927116976627
1452,51,1503,0.1019214051850123
1441,50,1491,0.10188270493067136
1444,51,1495,0.1018704761292227
1442,51,1493,0.10185343116927495
1443,50,1493,0.1018427400895223
1437,51,1488,0.10183055871960693
1432,52,1484,0.10183172475589446
1433,51,1484,0.10184357305944927
1443,53,1496,0.10185207408280857
1446,56,1502,0.1018383999842031
1443,58,1501,0.10181980725552758
1424,57,1481,0.10180864001697149
1409,58,1467,0.10183896573310161
1418,61,1479,0.10189936562567464
1427,60,1487,0.10193589276090971
1422,59,1481,0.1019494656671452
1419,58,1477,0.10197254876217983
1413,56,1469,0.10199984246831999
1410,57,1467,0.10203773454885258
1409,56,1465,0.10207819036279683
1426,54,1480,0.10211725466717535
1421,56,1477,0.10211634096235173
1412,59,1471,0.10212655315667465
1414,60,1474,0.1021555223150635
1420,62,1482,0.10217811370241632
1415,62,1477,0.10218580840408016
1440,61,1501,0.10220322544513757
1431,60,1491,0.10216555099086999
1430,61,1491,0.10215034679979411
1419,58,1477,0.10213858830653162
1412,65,1477,0.10215191840718774
1420,68,1488,0.10217888078395443
1412,72,1484,0.10218652109578834
1416,72,1488,0.1022105522700691
1412,70,1482,0.10222468288678138
1412,73,1485,0.10224679444277264
1416,73,1489,0.10226697015545501
1424,74,1498,0.10227627872180743
1414,73,1487,0.10226741639080156
1420,71,1491,0.10228041336318394
1417,71,1488,0.10227920363504069
1421,70,1491,0.10228472985056036
1425,69,1494,0.10228195042361059
1423,68,1491,0.10227064041718027
1437,66,1503,0.10226432207837707
1439,64,1503,0.10222857427164246
1424,67,1491,0.1021914758273092
1436,67,1503,0.10218935328185769
1434,66,1500,0.10216174728310974
1427,67,1494,0.10214116909893974
1429,65,1494,0.10213753228497707
1430,63,1493,0.10213020415289709
1445,62,1507,0.10212084840966278
1438,64,1502,0.10208072330116698
1439,66,1505,0.10205899285801649
1428,67,1495,0.10203682172062326
1434,66,1500,0.10204004458574152
1425,69,1494,0.10203048423870237
1418,69,1487,0.10204133212802073
1413,70,1483,0.10206587104818912
1412,68,1480,0.10209864112016569
1429,72,1501,0.10213101015601987
1430,72,1502,0.10212427446345915
1428,72,1500,0.10211632483577587
1423,75,1498,0.10211369541384624
1407,75,1482,0.10212193565581736
1404,72,1476,0.10216361807268338
1420,71,1491,0.10220814703363537
1421,71,1492,0.10221461370717361
1416,73,1489,0.10221844572477508
1412,73,1485,0.10223236338851048
1396,75,1471,0.10225378920220646
1414,78,1492,0.10230810155872358
1432,78,1510,0.10231998215175528
1437,78,1515,0.10229208316235154
1423,73,1496,0.10225568646037125
1420,70,1490,0.10225171437131703
1430,71,1501,0.10225370143486952
1433,69,1502,0.10223422413877384
1441,69,1510,0.10221019676361559
1433,70,1503,0.10217147105545277
1424,69,1493,0.1021530716218423
1422,73,1495,0.10215553395678555
1423,71,1494,0.1021620966608826
1416,67,1483,0.10216592726698355
1415,66,1481,0.10218461319828986
1415,72,1487,0.10220434325250519
1434,74,1508,0.10222163055734683
1428,72,1500,0.10219693314992781
1432,73,1505,0.10218726855171788
1423,72,1495,0.10217041107200943
1414,75,1489,0.10217463153344788
1417,72,1489,0.10219823755322935
1428,73,1501,0.10221325342127088
1423,74,1497,0.10220226533263524
1424,75,1499,0.10220320015380596
1415,72,1487,0.10220207392100016
1422,73,1495,0.10222022577833943
1412,72,1484,0.10222192350725816
1412,69,1481,0.10224372904105788
1423,71,1494,0.10226398402903503
1425,72,1497,0.1022585697881832
1420,73,1493,0.10224955216539161
1414,71,1485,0.10225168506547916
1413,65,1478,0.10226624817591283
1413,65,1478,0.10228173216827438
1416,68,1484,0.1022959801159395
1429,68,1497,0.10230217308578558
1430,70,1500,0.10228000078159181
1424,70,1494,0.10225787780628344
1427,68,1495,0.10225056243301697
1443,70,1513,0.10223740372104548
1448,71,1519,0.1021908684913727
1438,70,1508,0.10213752743240762
1433,71,1504,0.10211055661466208
1440,70,1510,0.10209652018104715
1429,69,1498,0.10206932308303392
1433,69,1502,0.1020677722289313
1421,66,1487,0.10205789576834758
1419,63,1482,0.10207454675738688
1412,62,1474,0.1020937611611918
1426,66,1492,0.10212663503707685
1427,65,1492,0.10212655403718678
1413,63,1476,0.10212441628668939
1428,62,1490,0.10215220426596022
1427,63,1490,0.10214565163660907
1437,66,1503,0.10214144605251853
1435,66,1501,0.10211634275300266
1444,67,1511,0.10209775508271499
1433,68,1501,0.10206139007092183
1435,68,1503,0.10205191793312306
1437,65,1502,0.1020389888100458
1415,66,1481,0.10202376743018085
1400,67,1467,0.10205717043150891
1417,70,1487,0.10211983140318072
1417,72,1489,0.1021406304599347
1412,71,1483,0.10216005842600286
1409,70,1479,0.1021887634706302
1414,71,1485,0.1022217139661879
1419,75,1494,0.10224108437411195
1423,76,1499,0.10224785126693728
1414,76,1490,0.10224544687363206
1425,76,1501,0.10226271384825901
1419,75,1494,0.10225469233786239
1425,75,1500,0.10226040911841615
1432,73,1505,0.10225321988392197
1431,76,1507,0.10223140415722341
1428,74,1502,0.10221401537631936
1431,71,1502,0.10220457017692708
1421,73,1494,0.10218927803206569
1429,72,1501,0.1021966154405097
1422,73,1495,0.10218636049508423
1425,74,1499,0.10219210444100031
1424,72,1496,0.10219071095101734
1429,71,1500,0.10219266130783453
1428,70,1498,0.10218278131830649
1419,74,1493,0.1021767174194617
1429,76,1505,0.1021904546939377
1424,76,1500,0.10218162723430052
1425,77,1502,0.10218437553874131
1425,80,1505,0.10218459607045892
1423,83,1506,0.10218431809585696
1414,82,1496,0.10218759930178808
1420,78,1498,0.10220986752456841
1421,78,1499,0.10221766824421348
1425,82,1507,0.10222296332596531
1421,82,1503,0.1022190541029089
1413,83,1496,0.10222470246628257
1405,83,1488,0.10224740880109888
1416,83,1499,0.10228477720190644
1415,84,1499,0.10229465391736235
1401,88,1489,0.10230641342788253
1408,85,1493,0.10234746903005913
1431,85,1516,0.10236975055265703
1434,86,1520,0.10234064452697583
1434,84,1518,0.10230747156729905
1414,78,1492,0.10227667689925479
1414,78,1492,0.10229156475736083
1421,75,1496,0.1023049170337147
1409,75,1484,0.10230235325857885
1410,80,1490,0.10232573197614112
1414,81,1495,0.10234518439703892
1397,83,1480,0.10235420832847407
1405,82,1487,0.10239845486539136
1417,81,1498,0.10242182836705072
1416,80,1496,0.10241809373305596
1410,80,1490,0.10241703932691176
1411,79,1490,0.1024287289952056
1417,77,1494,0.10243660928682434
1414,74,1488,0.10243057237052136
1409,73,1482,0.10243085153331592
1411,74,1485,0.1024426177685167
1408,69,1477,0.10244906040292764
1417,72,1489,0.10246110225405641
1418,73,1491,0.10245235055809176
1403,74,1477,0.10244283994657166
1419,78,1497,0.10246615081241119
1423,76,1499,0.10245334971460483
1414,73,1487,0.1024336350930697
1420,75,1495,0.10243492693480664
1419,74,1493,0.10242361615287049
1416,77,1493,0.10241608728800651
1411,78,1489,0.10241509817572243
1434,80,1514,0.1024250519515929
1436,76,1512,0.10238429027378004
1423,78,1501,0.10234324990349362
1424,79,1503,0.10233391556365806
1413,77,1490,0.10232328633980885
1407,80,1487,0.10233651667174534
1403,81,1484,0.10236132001788216
1400,81,1481,0.10239263699158968
1407,77,1484,0.102427618806994
1407,79,1486,0.102444219566703
1415,82,1497,0.10245911190667346
1425,79,1504,0.102455138279893
1422,81,1503,0.1024303347993727
1417,77,1494,0.10241473175168629
1419,78,1497,0.10241081965706922
1420,80,1500,0.10240319299064997
1426,79,1505,0.1023936686117618
1424,78,1502,0.10237231436562733
1416,80,1496,0.10235745447443102
1418,78,1496,0.10236114036285109
1417,75,1492,0.10236033376545212
1417,73,1490,0.10236208541730994
1423,72,1495,0.10236305412765993
1422,74,1496,0.10235118673774156
1420,77,1497,0.10234244833816394
1421,78,1499,0.10233839711766654
1423,75,1498,0.1023327814009516
1420,78,1498,0.10232337460786489
1408,80,1488,0.10232070669072459
1421,80,1501,0.10234429023868888
1419,80,1499,0.10233797599157551
1424,80,1504,0.1023365097489393
1420,76,1496,0.10232407617697813
1416,78,1494,0.10232156754152147
1427,79,1506,0.10232761462436503
1426,78,1504,0.10230931105078218
1430,81,1511,0.10229538829125515
1426,78,1504,0.10227419132085692
1421,80,1501,0.10226310480317669
1425,81,1506,0.10226355616033538
1418,80,1498,0.10225544565180733
1428,78,1506,0.10226339923957772
1431,77,1508,0.1022492861866025
1426,80,1506,0.10223007245563208
1428,77,1505,0.10222300627881957
1428,78,1506,0.10221241024376577
1412,75,1487,0.10220293742893323
1409,77,1486,0.10222894539079183
1405,77,1482,0.10225889921240931
1409,82,1491,0.10229552347041483
1405,81,1486,0.10231959510082243
1403,80,1483,0.10234999340943483
1411,82,1493,0.10238229887620276
1414,82,1496,0.10239424021948229
1428,81,1509,0.10239939514910577
1437,77,1514,0.10237361391159595
1441,79,1520,0.1023307414852554
1439,78,1517,0.10228338912097203
1435,81,1516,0.10224462348059792
1425,79,1504,0.10221693606035806
1423,74,1497,0.10221287163767345
1413,78,1491,0.10221364940637453
1405,79,1484,0.10223589792135129
1427,79,1506,0.102273438987383
1424,82,1506,0.10226070474042015
1412,81,1493,0.10225506856029634
1416,81,1497,0.10227562444027793
1415,79,1494,0.10228585511347271
1408,76,1484,0.10229728628915652
1405,78,1483,0.10232269828081067
1416,78,1494,0.10235277302020031
1430,80,1510,0.10235693889095451
1426,78,1504,0.10233091642684679
1421,84,1505,0.10231540663574265
1418,85,1503,0.10231164360985662
1412,84,1496,0.10231534753516482
1405,84,1489,0.10233151039847144
1407,84,1491,0.1023615455284314
1409,85,1494,0.1023850008646341
1409,87,1496,0.10240269754383505
1411,85,1496,0.10241828728251462
1418,86,1504,0.10242862884631602
1417,88,1505,0.10242297064422033
1413,88,1501,0.10241976677702784
1394,86,1480,0.10242534949832717
1406,84,1490,0.10247133299434101
1408,86,1494,0.10248756634628776
1403,87,1490,0.10249773489806537
1392,87,1479,0.10251818020411133
1386,87,1473,0.10256047547824299
1387,89,1476,0.10261213456127795
1379,91,1470,0.10265806399584779
1391,93,1484,0.10271648022036586
1406,94,1500,0.10274332868604998
1413,94,1507,0.10273581794151646
1400,94,1494,0.1027145544382882
1398,93,1491,0.10272314399049048
1405,93,1498,0.10273571153596221
1400,94,1494,0.10273256304659491
1404,97,1501,0.10274081863953001
1397,98,1495,0.10273960756473773
1385,101,1486,0.10275359217351136
1389,99,1488,0.10279250385336644
1378,99,1477,0.1028196922320093
1393,102,1495,0.10286796763605874
1385,104,1489,0.10287938071545628
1382,103,1485,0.10290780287862969
1388,110,1498,0.1029404409478828
1384,111,1495,0.10295753337501715
1397,108,1505,0.10298101472894754
1391,106,1497,0.10297443243972172
1393,105,1498,0.10298066455644793
1372,111,1483,0.10298233756215215
1371,109,1480,0.10302876794385053
1384,107,1491,0.10307314612853265
1392,106,1498,0.10308639521124899
1406,106,1512,0.10308096141924679
1402,105,1507,0.10304555430439272
1393,109,1502,0.10302195147629613
1388,114,1502,0.10302030065095623
1394,115,1509,0.103030024775769
1384,114,1498,0.10302689414912283
1378,117,1495,0.10304600633312873
1368,117,1485,0.10307719224558592
1371,119,1490,0.10312678793587715
1378,120,1498,0.10316592579688968
1377,121,1498,0.10318695214553283
1373,126,1499,0.1032088267912545
1371,124,1495,0.1032380809323379
1373,126,1499,0.10326902529069196
1363,118,1481,0.10329273372687676
1363,116,1479,0.10333624962696743
1355,120,1475,0.10337505954284626
1361,123,1484,0.1034277503792763
1365,125,1490,0.10346290293008406
1372,124,1496,0.10348658006194521
1366,126,1492,0.10349411990449704
1366,125,1491,0.10351440440043329
1369,127,1496,0.10353384329704199
1369,127,1496,0.10354581587310592
1376,130,1506,0.103555577812078
1376,128,1504,0.1035498466743329
1372,128,1500,0.10354403119277925
1375,128,1503,0.10354782181414389
1375,128,1503,0.10354501144812103
1368,130,1498,0.10354236775824054
1374,129,1503,0.10355492115330499
1360,124,1484,0.10355433990240157
1363,122,1485,0.1035843576619777
1357,124,1481,0.1036056429028455
1362,124,1486,0.10363825068090116
1372,125,1497,0.1036568500142547
1375,124,1499,0.10365160016459146
1368,123,1491,0.10364061891856124
1357,122,1479,0.10364611112048436
1358,121,1479,0.1036740576463784
1373,122,1495,0.10369705543820024
1368,122,1490,0.10368508678261647
1375,118,1493,0.10368538678436094
1370,122,1492,0.10367104906809735
1365,124,1489,0.1036689489351819
1362,125,1487,0.10367774449038972
1386,127,1513,0.1036921885994781
1374,129,1503,0.10365378054593034
1374,129,1503,0.10364501048902476
1368,129,1497,0.10363724399545751
1370,127,1497,0.10364225164496148
1373,131,1504,0.1036422352903352
1375,134,1509,0.10363632271912145
1356,135,1491,0.10362687463524796
1366,136,1502,0.10365942551865277
1377,136,1513,0.10366712767747024
1368,134,1502,0.10365044205241547
1378,135,1513,0.10365552887454087
1376,135,1511,0.10363798902964089
1363,130,1493,0.10362590352045187
1375,137,1512,0.1036435000210933
1377,130,1507,0.10363389664797999
1369,132,1501,0.1036210663941236
1377,130,1507,0.10362657064503111
1377,132,1509,0.10361496405897858
1381,136,1517,0.10360466125473003
1384,137,1521,0.10358662489305548
1377,134,1511,0.1035649600376502
1366,137,1503,0.10356089361838634
1363,140,1503,0.103581822945949
1364,142,1506,0.10360784597404654
1361,142,1503,0.10363057792814492
1354,149,1503,0.10365833809909251
1359,148,1507,0.10369929947871503
1345,147,1492,0.10372632517143227
1338,148,1486,0.10378180295552342
1342,149,1491,0.10384726661034377
1345,152,1497,0.10389878402652096
1341,155,1496,0.10393860950758262
1338,158,1496,0.10398334590472665
1323,155,1478,0.10403128882597698
1335,155,1490,0.10410785772949971
1329,152,1481,0.10415118563594838
1347,152,1499,0.10420416188570196
1341,153,1494,0.10421420540652797
1340,153,1493,0.10423597209907215
1345,153,1498,0.10425823623879696
1361,152,1513,0.10426831011548594
1359,149,1508,0.1042419293833397
1355,150,1505,0.10422277972177277
1342,154,1496,0.10421315334338278
1342,152,1494,0.1042317906963355
1328,151,1479,0.10424863418973601
1339,151,1490,0.10429438588231395
1346,153,1499,0.10431269458674652
1346,153,1499,0.10431416538748564
1342,154,1496,0.10431556076071613
1330,151,1481,0.10432499742497418
1337,149,1486,0.10436008785123141
1352,150,1502,0.10437696495439332
1342,152,1494,0.10436027570771106
1342,152,1494,0.10436757124736452
1335,151,1486,0.10437441495268411
1333,151,1484,0.10439568340027783
1344,154,1498,0.10441952859672884
1327,153,1480,0.10441739351769985
1339,156,1495,0.10445239642367621
1333,161,1494,0.10445733847372343
1332,166,1498,0.10447544292086162
1334,163,1497,0.10449520293896987
1327,167,1494,0.10450856533317675
1327,167,1494,0.10453580806642854
1321,167,1488,0.10456072191398111
1318,166,1484,0.10459720973675193
1318,168,1486,0.10463765452666411
1328,173,1501,0.10467522801016639
1321,170,1491,0.10468925408919535
1323,169,1492,0.10471704386826122
1314,163,1477,0.1047379584070653
1320,163,1483,0.1047764707536565
1327,165,1492,0.10479822052404686
1341,169,1510,0.10480283724373124
1347,171,1518,0.10477589382685515
1337,172,1509,0.10473843466816327
1327,174,1501,0.10472564540061739
1331,171,1502,0.10473566872618024
1334,172,1506,0.10473559502692373
1335,173,1508,0.10472884567662734
1338,170,1508,0.10472016558104068
1331,169,1500,0.10470615391987077
1337,169,1506,0.10470889638914428
1327,169,1496,0.10469892394931843
1330,162,1492,0.10471199341393604
1344,164,1508,0.10471757009532599
1332,164,1496,0.10469167986729824
1334,163,1497,0.10469327255767963
1327,163,1490,0.1046907305731927
1330,164,1494,0.10470281591516066
1331,166,1497,0.10470749324266526
1319,167,1486,0.10470961113334354
1320,167,1487,0.10473713215425945
1330,169,1499,0.10476031522141273
1326,170,1496,0.10476006076768984
1326,171,1497,0.1047690533062783
1319,172,1491,0.10477745776600637
1324,168,1492,0.10480064625833116
1331,173,1504,0.1048100582815347
1320,175,1495,0.10480332808901924
1330,179,1509,0.10482120178170933
1320,173,1493,0.10481554586918695
1322,168,1490,0.10483287166129479
1314,171,1485,0.104844114660457
1309,173,1482,0.10487201877485697
1309,173,1482,0.10490985197993333
1311,173,1484,0.10494510074202637
1311,174,1485,0.10497195806704067
1324,176,1500,0.10499711547724515
1322,178,1500,0.10499212921563686
1303,178,1481,0.10499215473028738
1314,175,1489,0.105034887459751
1323,177,1500,0.10505080237361195
1328,179,1507,0.10504478852064811
1329,186,1515,0.10502866258828156
1328,183,1511,0.1050118473245957
1325,181,1506,0.10499893120178751
1309,187,1496,0.10499431857206616
1310,188,1498,0.10502605277591841
1305,188,1493,0.10505381231750026
1309,188,1497,0.10509013796433748
1290,186,1476,0.10511387764310644
1298,188,1486,0.10517796048383858
1293,188,1481,0.10521987177009287
1284,188,1472,0.10526914945351543
1285,191,1476,0.10533350216792385
1283,190,1473,0.10539073955081708
1285,194,1479,0.10544746814612087
1303,199,1502,0.10549479307971273
1294,198,1492,0.1054986035315308
1301,195,1496,0.10552131821490866
1299,191,1490,0.10552667816892691
1290,193,1483,0.10553655379267274
1294,198,1492,0.1055651368012369
1294,197,1491,0.10558269061389837
1303,195,1498,0.10559841387480126
1305,190,1495,0.10559220960512038
1309,191,1500,0.10558201827144227
1294,187,1481,0.10556498088448553
1308,190,1498,0.10558288385842048
1307,193,1500,0.10556744739381177
1311,194,1505,0.10555634378188226
1298,200,1498,0.1055379415545325
1284,199,1483,0.10555018083500801
1287,198,1485,0.10559312825923424
1285,196,1481,0.10562549428995073
1283,198,1481,0.10565855617241496
1286,197,1483,0.10569271854315929
1286,197,1483,0.10571678761774381
1279,198,1477,0.10573847866447497
1279,201,1480,0.10577530054555336
1280,203,1483,0.10580957945862945
1281,207,1488,0.10584003947552896
1288,208,1496,0.10586598338792311
1276,205,1481,0.10587460077306715
1284,205,1489,0.10590896586330051
1287,205,1492,0.10592325028988356
1279,211,1490,0.10592917320784086
1276,208,1484,0.10595325228119944
1283,208,1491,0.10598188931185741
1271,213,1484,0.10599294784969039
1271,216,1487,0.10603076038833369
1262,220,1482,0.10606512302682367
1260,219,1479,0.10611514874939211
1261,217,1478,0.10616527357992865
1265,219,1484,0.10620866535748352
1265,226,1491,0.10624000715804216
1269,226,1495,0.10626886033368635
1268,222,1490,0.10628752119887656
1264,224,1488,0.10630702501220647
1257,227,1484,0.10633320465760972
1259,223,1482,0.10637151796734905
1256,224,1480,0.10640245861281251
1261,222,1483,0.10643839272214958
1260,219,1479,0.10646044620013229
1262,221,1483,0.10648338306784058
1258,223,1481,0.10650011353371598
1258,227,1485,0.10652549432586991
1253,231,1484,0.10654883403555435
1249,230,1479,0.10658184828232929
1257,234,1491,0.10662124024360681
1259,237,1496,0.10664146223547365
1261,241,1502,0.10665577373243425
1262,240,1502,0.1066633297664665
1254,243,1497,0.10666871332465064
1246,239,1485,0.10669143254440555
1250,240,1490,0.10673041926610076
1247,239,1486,0.10675694749987442
1254,244,1498,0.10678808908868252
1260,241,1501,0.1068004872583317
1241,242,1483,0.10679984428406854
1244,248,1492,0.1068420028010778
1260,247,1507,0.10687455815904379
1254,245,1499,0.10686824057612963
1254,241,1495,0.10687562232590103
1261,245,1506,0.10688274749066043
1253,249,1502,0.1068746518260609
1250,250,1500,0.10688459549288457
1247,252,1499,0.10689979331806483
1243,254,1497,0.10691927843556279
1230,253,1483,0.10694699881521602
1243,259,1502,0.10700079307348961
1243,258,1501,0.1070220006228998
1247,258,1505,0.107041384128004
1244,251,1495,0.10705180137404971
1232,258,1490,0.1070679506538492
1234,264,1498,0.10710969126846052
1228,262,1490,0.10714300466310366
1233,261,1494,0.1071874998814668
1225,265,1490,0.10721703383035475
1217,264,1481,0.10726210406485681
1221,268,1489,0.10732097050655554
1230,276,1506,0.10736824043580284
1231,275,1506,0.10739189319381012
1236,281,1517,0.1074110816731687
1226,275,1501,0.10741849775249573
1209,279,1488,0.10744845293691796
1223,280,1503,0.1075135652667311
1222,278,1500,0.10754240080518224
1217,277,1494,0.10756999369255332
1217,279,1496,0.10760638554913925
1205,277,1482,0.10763991927601559
1217,280,1497,0.10769687977750152
1218,282,1500,0.10772210560040348
1221,288,1509,0.10774360555866556
1224,289,1513,0.10775534651546595
1229,286,1515,0.1077598545471968
1213,290,1503,0.10775366872926767
1198,292,1490,0.10778492263111772
1194,297,1491,0.10784698947008069
1204,298,1502,0.10791312437430715
1204,298,1502,0.1079519455309298
1220,296,1516,0.10798746787274947
1212,286,1498,0.10798449339722009
1214,294,1508,0.1079998504862905
1219,300,1519,0.10800809192395447
1217,300,1517,0.10800433000163225
1210,293,1503,0.10800603833205863
1204,297,1501,0.10802305059618718
1203,296,1499,0.10805255059037645
1198,297,1495,0.10808056517666063
1203,301,1504,0.10811642331678936
1209,299,1508,0.10813907067555767
1203,302,1505,0.10814657609778092
1204,299,1503,0.10816739133328014
1193,304,1497,0.10818492979978793
1188,307,1495,0.10822553271364548
1194,302,1496,0.10827464823637227
1199,303,1502,0.108306732166721
1203,300,1503,0.10832464881966683
1211,298,1509,0.10833219984573607
1218,300,1518,0.10832024840604632
1214,298,1512,0.10829455795082613
1221,296,1517,0.1082795775090861
1214,299,1513,0.10825110900396133
1212,296,1508,0.10824146483509756
1209,289,1498,0.1082363501908755
1204,292,1496,0.10823831115347975
1202,289,1491,0.10825099376440699
1209,290,1499,0.1082677545848782
1194,297,1491,0.10826568102567126
1192,292,1484,0.10829703665396635
1205,290,1495,0.10833013222375325
1200,295,1495,0.1083307058163734
1204,290,1494,0.10834189102927003
1204,286,1490,0.10834295587057799
1205,288,1493,0.10834285885070573
1213,291,1504,0.10834094546912496
1214,288,1502,0.10832180046935785
1216,291,1507,0.10830179632621953
1210,294,1504,0.10827926558448414
1212,301,1513,0.10827210421344052
1206,303,1509,0.10826143143684415
1194,308,1502,0.10826554461277482
1193,303,1496,0.10829767614346335
1208,305,1513,0.10832880443206847
1204,309,1513,0.10832376332159147
1192,303,1495,0.10832873268128751
1190,306,1496,0.10835866846918311
1192,303,1495,0.10839082937693156
1187,308,1495,0.10841687488478914
1192,301,1493,0.10845258928549381
1191,301,1492,0.10847436283191884
1204,302,1506,0.10849603712981626
1192,309,1501,0.1084869342640387
1201,311,1512,0.10850595461738034
1189,307,1496,0.10850268796626342
1193,301,1494,0.10852668758724432
1196,300,1496,0.10854055468446823
1189,301,1490,0.10854674460194529
1194,297,1491,0.10856754669951639
1193,299,1492,0.1085754645894316
1209,306,1515,0.10858568047152653
1204,293,1497,0.10855841042019947
1199,298,1497,0.108544996227367
1196,304,1500,0.1085440819383561
1199,300,1499,0.1085493609791419
1199,301,1500,0.10854754333531058
1193,303,1496,0.10854530284704074
1190,306,1496,0.10855900472651545
1201,308,1509,0.108577809005773
1204,310,1514,0.10857115193450584
1203,307,1510,0.10855836904497472
1197,311,1508,0.10854839207876657
1193,311,1504,0.10855321900266938
1193,300,1493,0.10856607246518371
1198,306,1504,0.10857674824531204
1198,308,1506,0.10857481508830284
1201,304,1505,0.10857362738713348
1199,305,1504,0.10856583189742779
1197,310,1507,0.10856350361023992
1191,307,1498,0.10856616652174736
1194,309,1503,0.10858182074379971
1192,314,1506,0.10859112697702848
1195,312,1507,0.10860413386808382
1181,299,1480,0.10860932870909988
1180,297,1477,0.10864524121876866
1184,307,1491,0.10868074764020096
1176,305,1481,0.10870488235011991
1181,310,1491,0.1087437350896512
1180,314,1494,0.10876918221040381
1190,314,1504,0.10879457646974214
1201,317,1518,0.10879539126015941
1193,316,1509,0.10877183969380104
1189,315,1504,0.1087683311935075
1185,311,1496,0.10877402188981755
1185,310,1495,0.1087873539461653
1186,311,1497,0.10879885666450846
1178,313,1491,0.10880715629704625
1181,317,1498,0.10883223470430473
1180,316,1496,0.10884990378484105
1188,312,1500,0.10886724898744543
1188,313,1501,0.10886700874529634
1189,307,1496,0.10886589521447324
1179,300,1479,0.10886312498631683
1176,302,1478,0.10888343580066998
1163,308,1471,0.10890859791087515
1170,314,1484,0.10896028228714368
1177,311,1488,0.10899197976491298
1171,313,1484,0.10900537484838808
1169,315,1484,0.10903161779541669
1172,312,1484,0.109060455245788
1187,310,1497,0.10908007393507446
1178,308,1486,0.10906463502831559
1179,316,1495,0.10907187565946373
1191,319,1510,0.10907797555936742
1201,317,1518,0.10905635550507004
1195,322,1517,0.10901428800856112
1197,317,1514,0.10899072107648021
1190,319,1509,0.10896433466638818
1174,323,1497,0.10895743002146144
1182,325,1507,0.10898606462894296
1175,322,1497,0.1089943087597569
1173,319,1492,0.10901823293077538
1172,322,1494,0.10904595365253425
1176,328,1504,0.10907295529084193
1175,329,1504,0.10908976881201912
1171,330,1501,0.10910602446359689
1175,333,1508,0.1091295706993684
1158,331,1489,0.10914188426603094
1164,331,1495,0.10919175575922453
1170,332,1502,0.10922469832042477
1167,330,1497,0.1092421012956573
1173,324,1497,0.10926577648343294
1182,321,1503,0.10927390429458744
1180,324,1504,0.10926021665477777
1192,327,1519,0.10925291885927937
1185,330,1515,0.10921827504794762
1188,331,1519,0.10920325182906591
1187,328,1515,0.10918181293992739
1174,334,1508,0.10916538916133572
1188,323,1511,0.10917845970217704
1195,324,1519,0.10915815900675269
1186,327,1513,0.10912595901923813
1177,329,1506,0.10911764471596692
1162,335,1497,0.10913044369343387
1157,336,1493,0.10917574993266427
1166,340,1506,0.10922900417960413
1168,339,1507,0.10925800727798503
1165,338,1503,0.10928164252175801
1170,333,1503,0.10930980366698816
1178,336,1514,0.10932534829030896
1180,330,1510,0.10932148221092347
1166,334,1500,0.10931168062576571
1165,334,1499,0.10933385484998233
1157,330,1487,0.10935658723081434
1160,332,1492,0.10939710433670392
1169,341,1510,0.10942764857497825
1150,345,1495,0.10943555743633478
1154,341,1495,0.10948566373757423
1162,347,1509,0.10952267320334005
1158,349,1507,0.10953921109149511
1156,344,1500,0.10956330562265908
1155,347,1502,0.10958932280781199
1154,345,1499,0.10961482382397957
1150,340,1490,0.10964052586666297
1152,341,1493,0.1096713471730911
1152,343,1495,0.10969479423498533
1157,344,1501,0.10971546104229293
1153,346,1499,0.1097239051821412
1154,339,1493,0.10974098189765868
1158,343,1501,0.10975605546637336
1154,342,1496,0.1097614623694235
1139,349,1488,0.10977753186054905
1138,355,1493,0.1098253709074762
1151,357,1508,0.10987278820037857
1148,353,1501,0.10988758698722907
1151,348,1499,0.10990681674293704
1135,350,1485,0.1099181043001042
1131,349,1480,0.10996497003800407
1134,352,1486,0.1100165155421358
1129,349,1478,0.11005808503208836
1124,351,1475,0.11010520057977383
1122,348,1470,0.11016059524483542
1144,357,1501,0.11021670565109094
1143,357,1500,0.1102183895743972
1137,360,1497,0.11022116284306942
1129,361,1490,0.11023630851194106
1133,357,1490,0.11026947524919098
1146,357,1503,0.11029164664104496
1134,359,1493,0.1102831986102294
1132,361,1493,0.11030299129226431
1141,363,1504,0.1103265837506774
1125,368,1493,0.11032796826646661
1133,364,1497,0.11036406418359679
1138,365,1503,0.11037906416437877
1135,365,1500,0.11038158196339631
1137,365,1502,0.11039107592549534
1128,368,1496,0.11039650457026896
1118,363,1481,0.11042140855231823
1119,364,1483,0.11046659604544498
1122,360,1482,0.11050661365453023
1125,371,1496,0.11053708514537938
1120,368,1488,0.11055959664101817
1123,370,1493,0.11059290443859386
1118,379,1497,0.11061710133455266
1129,382,1511,0.11065227826292404
1139,371,1510,0.11066008454692318
1133,366,1499,0.11064566219535699
1123,373,1496,0.1106463260059628
1129,375,1504,0.1106691118014811
1124,372,1496,0.11067712390630532
1118,379,1497,0.11069836751714351
1109,376,1485,0.11073111142911764
1100,381,1481,0.11078156853232465
1121,374,1495,0.11084684660961681
1120,371,1491,0.11085891932487098
1125,380,1505,0.11087177735095452
1121,379,1500,0.11087335348346841
1126,380,1506,0.11088418076965491
1123,379,1502,0.11088207594976515
1118,380,1498,0.11088663607290666
1114,379,1493,0.11090235293330043
1120,377,1497,0.11092595319100917
1125,378,1503,0.1109344556871194
1125,379,1504,0.11093268021425427
1119,379,1498,0.1109330531919722
1110,375,1485,0.11094511896450793
1101,380,1481,0.11097636672627612
1091,380,1471,0.11102676850732386
1094,384,1478,0.11109423356458581
1099,378,1477,0.111148204309861
1106,376,1482,0.11118621194049112
1110,382,1492,0.1112047006238151
1111,381,1492,0.1112132573135927
1102,392,1494,0.11121903855676343
1099,390,1489,0.11124516446233094
1106,391,1497,0.11127631241624472
1108,387,1495,0.1112882377466165
1113,389,1502,0.11129546224977652
1102,387,1489,0.11128995807782595
1105,392,1497,0.11130889021232906
1100,396,1496,0.11131947054191808
1094,393,1487,0.11134078435059303
1090,392,1482,0.11137329014441885
1098,390,1488,0.11141382938232716
1110,391,1501,0.1114334003360305
1116,396,1512,0.1114255518942797
1109,402,1511,0.11140621682285022
1106,401,1507,0.1114050728026233
1100,404,1504,0.11141145119738573
1105,402,1507,0.11142976055282769
1091,403,1494,0.11143559008370112
1086,408,1494,0.111474994582113
1090,416,1506,0.1115231234482782
1081,422,1503,0.1115592980570204
1087,416,1503,0.11161355883881234
1081,412,1493,0.11165084537878701
1086,406,1492,0.1116971023674402
1089,405,1494,0.1117283157531601
1099,403,1502,0.11174905092210881
1098,404,1502,0.11174511583900727
1095,409,1504,0.11174492838520035
1094,414,1508,0.11175140292286312
1099,408,1507,0.11175950140125412
1090,410,1500,0.11175525206729635
1094,417,1511,0.11177235572343495
1088,416,1504,0.11178035937167095
1082,412,1494,0.11180202263705713
1093,413,1506,0.11183588172895047
1088,418,1506,0.11184129658187078
1088,415,1503,0.11185764594627473
1097,415,1512,0.11187254291878133
1094,412,1506,0.1118664024125745
1084,411,1495,0.11186749243708849
1093,412,1505,0.11189218044892378
1077,420,1497,0.11189329098015183
1066,427,1493,0.11193051676235932
1066,429,1495,0.11199065215461346
1064,428,1492,0.11204580579142202
1062,433,1495,0.11210125713853014
1081,423,1504,0.11215624686621949
1079,424,1503,0.11216505290699053
1082,425,1507,0.1121778819965985
1090,423,1513,0.11218325962283895
1095,422,1517,0.11216917256834201
1089,424,1513,0.1121455706284726
1078,420,1498,0.11213708605702592
1086,419,1505,0.1121541890716438
1083,421,1504,0.11215092810648249
1086,425,1511,0.11215424790647763
1100,429,1529,0.11215073517338806
1087,424,1511,0.11211664490037844
1091,423,1514,0.1121147758171941
1085,421,1506,0.11210339921124415
1078,421,1499,0.11210641321809152
1080,415,1495,0.11212406296805115
1090,412,1502,0.11213491157927784
1079,405,1484,0.11211955986473927
1082,411,1493,0.11213073011228088
1079,411,1490,0.11213585832613063
1078,403,1481,0.1121466881165137
1078,404,1482,0.11215950118470719
1088,408,1496,0.11217200020233652
1089,413,1502,0.11216122345868966
1075,414,1489,0.11215058301380221
1069,414,1483,0.11217285126109833
1063,414,1477,0.11220790205234014
1075,412,1487,0.1122520221930428
1077,409,1486,0.11226472505660118
1087,406,1493,0.112269804991087
1082,411,1493,0.1122507896310572
1089,411,1500,0.11224657630376524
1098,416,1514,0.11222594583704337
1093,417,1510,0.11218735929995201
1090,415,1505,0.11216454870251305
1086,417,1503,0.11215140292196207
1089,421,1510,0.11214934457483014
1082,415,1497,0.11214041584321689
1088,409,1497,0.11214815956229701
1098,418,1516,0.11214264611491041
1092,421,1513,0.11211379718829267
1079,422,1501,0.1121008966942591
1075,427,1502,0.11211983754090507
1070,426,1496,0.11214499660906097
1069,424,1493,0.11217969143177513
1067,440,1507,0.11221451334919166
1061,442,1503,0.11224994692802615
1054,443,1497,0.11229715210531051
1065,442,1507,0.11235814927105896
1069,441,1510,0.11238823731003712
1067,429,1496,0.11240773104621068
1065,430,1495,0.11242915076114615
1088,427,1515,0.11245352712519771
1087,431,1518,0.11242598998219691
1089,430,1519,0.11240177392241663
1074,431,1505,0.11237583041877056
1068,437,1505,0.11238671215471065
1067,426,1493,0.1124108708415024
1055,437,1492,0.11243639384419513
1057,441,1498,0.11248788404803016
1054,444,1498,0.11253220031194275
1049,443,1492,0.1125796636737519
1047,450,1497,0.11263475609343492
1044,449,1493,0.11269065047673997
1042,451,1493,0.1127486816183803
1040,443,1483,0.11280743687553788
1047,449,1496,0.11286668399403711
1042,445,1487,0.11290585388214437
1052,458,1510,0.11295562043040945
1047,451,1498,0.11297863850243545
1041,451,1492,0.1130094155816539
1034,460,1494,0.11305315001725548
1035,465,1500,0.1131105290630131
1032,476,1508,0.11316310111919048
1030,474,1504,0.11321948591495964
1033,471,1504,0.1132765066170845
1041,470,1511,0.11332292781498168
1033,471,1504,0.11334755315159852
1030,475,1505,0.11339053415357894
1024,467,1491,0.11343783843825239
1040,464,1504,0.11349393678081142
1040,476,1516,0.11350856092451281
1042,473,1515,0.11352242777109256
1044,476,1520,0.1135322905677468
1029,475,1504,0.1135359997712306
1024,473,1497,0.1135745500178922
1016,474,1490,0.11362196881489027
1020,474,1494,0.11368489955677603
1031,472,1503,0.11373324675453661
1029,478,1507,0.11375222680594564
1025,476,1501,0.11377386628790168
1006,477,1483,0.11380423349478642
1005,481,1486,0.11387454021772328
1004,477,1481,0.11394227645519006
999,475,1474,0.11400536083639277
1000,473,1473,0.1140740876817398
999,473,1472,0.11413610533204707
994,479,1473,0.11419581210260059
1000,484,1484,0.11426348318043568
1000,481,1481,0.11431223743798725
1001,483,1484,0.11435588893286773
1001,493,1494,0.11439363612942455
997,498,1495,0.11442876592830277
1001,492,1493,0.1144695477401924
1005,491,1496,0.11450058197753657
1007,494,1501,0.11452036890486887
1016,491,1507,0.11453419013940565
1011,494,1505,0.11452577704191075
1004,491,1495,0.11452890443007034
1004,494,1498,0.11454910024743907
1007,493,1500,0.11456927500864257
1001,495,1496,0.1145827002176471
1015,498,1513,0.1146093692636235
1013,500,1513,0.11460212039646571
1020,501,1521,0.11459979818841581
1020,488,1508,0.11458187513837675
1023,492,1515,0.11456530779611519
1012,492,1504,0.11454260186149517
1002,498,1500,0.11454784419348747
1001,507,1508,0.11457452392174279
1001,506,1507,0.11460069329284445
991,507,1498,0.11462438475508527
998,503,1501,0.11466951070181057
996,505,1501,0.11469480625411428
992,508,1500,0.1147226992904006
1001,507,1508,0.11475691383523764
997,499,1496,0.11476815717270955
1004,500,1504,0.11478935052781875
995,501,1496,0.11479321318121709
993,510,1503,0.11481588381024235
999,502,1501,0.11484205081892199
994,499,1493,0.11485226877902763
992,500,1492,0.11487489509756442
993,504,1497,0.114898764166254
991,510,1501,0.11491943487263084
985,513,1498,0.11494384026215913
993,508,1501,0.11498112112106973
992,502,1494,0.11499684198800267
996,510,1506,0.11501334571634697
989,510,1499,0.11501922774192647
982,507,1489,0.115040666096756
986,505,1491,0.11507512287543463
986,504,1490,0.11509863753391456
985,513,1498,0.11511999003356457
991,514,1505,0.11514256900644333
1000,510,1510,0.11514893158753281
998,512,1510,0.11513553416008673
994,515,1509,0.11512794660086823
994,513,1507,0.11513078688092705
994,517,1511,0.11513240861017847
985,514,1499,0.11513279148839292
989,513,1502,0.11515526521145876
990,517,1507,0.11516887357263393
982,520,1502,0.11517908822808053
976,519,1495,0.11520825170146073
976,522,1498,0.11524864828937488
976,520,1496,0.1152844627471444
971,523,1494,0.11531682711626359
984,524,1508,0.11535833618333456
983,519,1502,0.11536700999468617
986,517,1503,0.11537875359092563
991,517,1508,0.11538447973562554
981,522,1503,0.11537888431952392
977,517,1494,0.11539487302866448
988,516,1504,0.11542221897809814
982,522,1504,0.11542261462181827
989,536,1525,0.11543695742358714
979,534,1513,0.11543515147914409
965,534,1499,0.11545671801108413
964,534,1498,0.11550908255686355
957,535,1492,0.1155591591880562
961,535,1496,0.11562280104281847
970,529,1499,0.11567169822442651
968,535,1503,0.11569507612472417
965,540,1505,0.11572261232984707
966,543,1509,0.11575350806642742
965,537,1502,0.11578186324731626
969,542,1511,0.1158101750937287
968,531,1499,0.11582613836476092
967,531,1498,0.11584250426588644
954,539,1493,0.11586089900199045
966,535,1501,0.11590816120214134
963,538,1501,0.11592408496835381
974,534,1508,0.11594325432198882
971,536,1507,0.11593680631009377
960,540,1500,0.1159395160330384
963,539,1502,0.11596764332547722
969,541,1510,0.11598617890675474
963,540,1503,0.11598780994581465
969,523,1492,0.11600386992386134
966,531,1497,0.11600499423888337
969,525,1494,0.11601393249763443
960,528,1488,0.11601696468161765
943,535,1478,0.11603964869743627
946,531,1477,0.11609934213031031
958,529,1487,0.11614545293931045
963,543,1506,0.11616069152537628
949,550,1499,0.11616346730679218
946,546,1492,0.11619903757366158
950,534,1484,0.11624002390452222
956,541,1497,0.11626903490823637
954,543,1497,0.11628017315894895
959,542,1501,0.11629577874846776
955,545,1500,0.11629977462699057
960,539,1499,0.11631256767174829
955,550,1505,0.11631174621170583
942,551,1493,0.11632485946889391
949,544,1493,0.11636774193544647
951,545,1496,0.11638947147837125
943,551,1494,0.11640553439740843
931,555,1486,0.11643872567203943
932,559,1491,0.1164964289784092
922,549,1471,0.11654750495099904
924,546,1470,0.1166165887147469
931,557,1488,0.11667539956729214
950,557,1507,0.11671520875588191
944,557,1501,0.11671170508688572
942,555,1497,0.11672353444454625
944,555,1499,0.11673926840956479
939,555,1494,0.11675079798506348
944,557,1501,0.1167729707818382
945,562,1507,0.11678195883096337
943,559,1502,0.1167892551528372
951,561,1512,0.11680187329733624
944,573,1517,0.11679649580408764
940,564,1504,0.11680790660640074
940,571,1511,0.11682822969262795
940,575,1515,0.11684842403146505
946,574,1520,0.1168675862901642
933,570,1503,0.11687118239193423
932,573,1505,0.1169043353214137
943,571,1514,0.11693570471211903
934,572,1506,0.11694049247533489
930,569,1499,0.11696409901049856
929,573,1502,0.11699459386607558
936,570,1506,0.11702540643548134
929,576,1505,0.11703911604777989
932,582,1514,0.11706694480216054
928,578,1506,0.11708439336005913
932,577,1509,0.1171120005650316
932,577,1509,0.11712962657663484
934,574,1508,0.11714507751571109
919,582,1501,0.1171548444994907
926,579,1505,0.11720025102981328
920,584,1504,0.11722728183408833
923,585,1508,0.11726713443082344
924,597,1521,0.11729732378391201
918,589,1507,0.11732087154831444
915,597,1512,0.11735707880255951
914,596,1510,0.1173981447617092
912,596,1508,0.11743841219269756
906,589,1495,0.11747882486174997
911,590,1501,0.11752890262740957
908,591,1499,0.11756333386494779
901,593,1494,0.11760283653833563
904,592,1496,0.11765291758334653
897,590,1487,0.11769338271118163
899,586,1485,0.1177477955561897
900,592,1492,0.11779298925722205
895,586,1481,0.11783133654144091
903,592,1495,0.1178777433119019
897,594,1491,0.11790330998367914
904,596,1500,0.11793983453504149
916,599,1515,0.11795974502315958
910,593,1503,0.11794843959303179
904,598,1502,0.11795088932570391
904,593,1497,0.11797022445459962
908,596,1504,0.11798923394833366
900,598,1498,0.11799734522606282
885,597,1482,0.1180223892850832
890,591,1481,0.11808022629472355
890,598,1488,0.11812232837841526
900,592,1492,0.11816266503948
902,593,1495,0.11817548695172231
898,591,1489,0.1181844426305884
903,589,1492,0.1182013343531007
895,591,1486,0.11820781560945587
893,602,1495,0.11823423585605983
898,599,1497,0.11826344406815423
905,606,1511,0.11827712576163314
894,597,1491,0.11827398678419339
896,607,1503,0.1182971320319544
901,611,1512,0.11831246484669468
893,603,1496,0.11831599628431753
887,612,1499,0.11833846030043063
881,607,1488,0.11837534389721849
884,608,1492,0.11842179017266204
881,606,1487,0.11845817524740399
879,605,1484,0.11849865435986268
893,618,1511,0.11854153308750404
895,616,1511,0.11854593559461316
890,615,1505,0.11854421542812851
900,612,1512,0.11855497756649455
895,617,1512,0.11854210815168384
889,609,1498,0.11854367729086324
901,614,1515,0.11855854374239382
900,606,1506,0.1185465635034981
896,607,1503,0.11853916763391867
895,609,1504,0.11854225066618648
893,618,1511,0.1185480757880854
893,622,1515,0.1185568468450458
895,624,1519,0.11856660562093638
891,614,1505,0.11857234164826626
888,616,1504,0.11858893774923547
878,613,1491,0.11860987964344537
877,615,1492,0.11865223798759951
883,621,1504,0.11869179646915644
887,619,1506,0.11871358727825314
881,614,1495,0.11872541940989699
876,611,1487,0.11875014612179376
864,621,1485,0.11878662561265271
881,614,1495,0.11884750104287235
880,613,1493,0.11886321220334675
891,607,1498,0.118879014197973
896,609,1505,0.11886636048286511
886,617,1503,0.11884286787189609
892,614,1506,0.11884434937605189
895,619,1514,0.11883285160753569
895,619,1514,0.11881509744137388
898,630,1528,0.11879988036004197
882,619,1501,0.11878058720262911
866,618,1484,0.1188002529421332
868,625,1493,0.11885402095858769
872,633,1505,0.11889940984243441
874,628,1502,0.11893260077630004
866,629,1495,0.11895897584912894
866,631,1497,0.11900212821345647
871,639,1510,0.11904156695613294
876,643,1519,0.11906803132374556
873,638,1511,0.11908230564058757
868,633,1501,0.11910089244332113
877,626,1503,0.11912941427233419
877,625,1502,0.1191357341116163
879,623,1502,0.119141050017541
872,628,1500,0.11914226405258031
865,627,1492,0.11916154274494312
863,625,1488,0.11919587748866022
856,633,1489,0.1192313058700379
867,630,1497,0.11928089338376804
869,625,1494,0.11930074667232661
868,628,1496,0.11931278910442111
863,637,1500,0.11932562486972728
862,640,1502,0.11934923557609643
850,632,1482,0.11937407994617115
845,631,1476,0.11942411615968698
851,635,1486,0.11948062628686706
861,641,1502,0.11951965317391373
868,647,1515,0.11953212520079416
857,647,1504,0.11952780985863753
859,649,1508,0.11954743526049733
860,644,1504,0.11956218650046534
866,642,1508,0.11957449435291129
860,631,1491,0.11957239369895505
866,626,1492,0.11958565204081072
864,631,1495,0.11958202511754083
864,638,1502,0.11958231663881153
853,645,1498,0.11958415729118116
857,638,1495,0.11961128272146113
855,637,1492,0.11962619558039872
851,636,1487,0.11964266971070973
853,634,1487,0.1196673268203454
857,644,1501,0.11968455884779436
856,645,1501,0.11969319181346322
853,651,1504,0.11970382079219252
856,649,1505,0.11972072605296809
860,645,1505,0.1197321922783177
853,646,1499,0.11973233488337759
856,635,1491,0.11974671069716074
863,634,1497,0.11975310391076892
851,633,1484,0.11974343067675268
848,644,1492,0.11976280093653781
841,646,1487,0.11978725090655822
856,651,1507,0.11982602903388334
868,656,1524,0.11982739648541887
860,653,1513,0.11980230752689405
854,659,1513,0.1197984878988666
856,655,1511,0.11981095000076106
860,647,1507,0.11981784909779268
859,650,1509,0.1198123443790934
864,659,1523,0.11981073214889655
861,658,1519,0.11979912967163787
860,660,1520,0.11979534578180812
865,664,1529,0.11979509823773168
863,645,1508,0.1197857437601888
856,636,1492,0.1197804773551358
859,640,1499,0.11979087507807273
848,640,1488,0.1197921692515564
837,643,1480,0.11981994290111107
841,644,1485,0.11987168186447286
850,637,1487,0.11990641568485624
857,638,1495,0.119916850969001
864,636,1500,0.11991096506878873
861,643,1504,0.11988899284737471
853,642,1495,0.11987631562907175
854,644,1498,0.11988091160002298
848,647,1495,0.11988388200629489
848,650,1498,0.11990219445470751
847,657,1504,0.11992007199202127
843,655,1498,0.11993755988253132
841,660,1501,0.11996344639938063
840,666,1506,0.11999431932162014
837,663,1500,0.12002720193212496
832,657,1489,0.12006374139921627
827,666,1493,0.12011081708020509
839,663,1502,0.12016635892096936
841,663,1504,0.12018843060799946
845,667,1512,0.12020437450018871
842,664,1506,0.1202104178672674
847,659,1506,0.1202240721076041
839,667,1506,0.12022407534259315
834,669,1503,0.12024320785630958
838,678,1516,0.12027338812619451
846,676,1522,0.12029193705667489
837,674,1511,0.12028994670191588
832,672,1504,0.12030999296551763
828,669,1497,0.1203393742033122
838,666,1504,0.12037723152655584
840,669,1509,0.12038747955440263
835,666,1501,0.12039192408277952
832,666,1498,0.12040692320689012
826,666,1492,0.12042749811608737
821,660,1481,0.12046115639647685
831,665,1496,0.12050205890139548
831,675,1506,0.12051598484869785
830,660,1490,0.12052764000954602
836,660,1496,0.12054110550870317
830,661,1491,0.1205379621106776
843,658,1501,0.12054812059290722
849,653,1502,0.12052801652498508
843,662,1505,0.1204957114290631
839,663,1502,0.12048092408745881
836,669,1505,0.12047764753100243
842,675,1517,0.1204820988882649
838,669,1507,0.12047131007479898
848,661,1509,0.12047303949196315
848,661,1509,0.12045222995044157
848,666,1514,0.12043311958302906
847,667,1514,0.12041557683386225
842,672,1514,0.12039822568022997
835,661,1496,0.1203961916544629
848,662,1510,0.120410278753152
844,675,1519,0.12039181883893203
840,675,1515,0.12038319180032075
833,669,1502,0.12038660008511366
833,669,1502,0.12040660471562792
833,676,1509,0.12042851441350322
838,677,1515,0.1204500530915435
845,671,1516,0.1204564752511672
845,682,1527,0.12044570595170093
836,683,1519,0.12043399606531344
833,681,1514,0.12044400980812568
828,675,1503,0.12046071444834609
825,674,1499,0.12048809815538912
832,684,1516,0.12052293357977927
828,696,1524,0.12053892011460776
823,691,1514,0.12056432380670631
817,688,1505,0.12059965887986816
813,690,1503,0.12064540820107073
823,686,1509,0.12069728931953655
823,682,1505,0.12072045494350274
814,674,1488,0.12074418070721742
824,669,1493,0.12078611112799416
826,673,1499,0.12080151007883487
829,683,1512,0.12081253643957153
824,689,1513,0.12081500759284519
818,688,1506,0.12082943992148394
811,691,1502,0.12085805895568548
813,689,1502,0.12090051275438018
812,686,1498,0.12093609889197404
803,682,1485,0.12096997888175054
804,684,1488,0.12102246660190398
817,691,1508,0.12106740109930061
822,686,1508,0.12107842244646559
817,691,1508,0.12107761021014184
802,683,1485,0.12108969470272726
806,689,1495,0.12113632381855415
817,682,1499,0.12117081184018506
807,686,1493,0.12117647980757847
808,685,1493,0.12120533190718245
813,682,1495,0.12122955025148618
819,684,1503,0.1212399778892694
826,680,1506,0.121234026032159
829,689,1518,0.12121193029391682
824,689,1513,0.12118477661402582
817,680,1497,0.12117098710091476
812,681,1493,0.121174417118317
807,678,1485,0.1211912690810849
807,686,1493,0.12121813792748781
799,687,1486,0.12124335585546596
796,690,1486,0.12128759585086052
804,691,1495,0.12133590863827502
807,691,1498,0.12135984572588548
810,690,1500,0.12137317906326012
814,690,1504,0.121380044571077
819,694,1513,0.12137887727962376
800,705,1505,0.12136594977522847
802,701,1503,0.12139955762138882
811,706,1517,0.12142490081924162
812,702,1514,0.1214257675181592
795,696,1491,0.12142345478306986
799,702,1501,0.12146236381835898
795,709,1504,0.12148902976796559
795,699,1494,0.12152253867963721
793,699,1492,0.12155068893307483
785,696,1481,0.12158367664877774
783,700,1483,0.121632550949987
790,699,1489,0.1216820047600717
790,702,1492,0.12171092310278546
792,700,1492,0.12173737103839544
793,703,1496,0.12175724509033069
803,700,1503,0.12177605567020348
798,701,1499,0.12176953351753482
788,710,1498,0.12177690486629576
792,701,1493,0.12180689585760243
797,691,1488,0.12182446209908218
808,696,1504,0.12182838782892486
806,696,1502,0.12180524534279946
803,700,1503,0.12179015263026023
797,698,1495,0.12178476832615967
790,695,1485,0.12179012878585262
802,696,1498,0.12181379762501067
806,703,1509,0.12180658725669759
807,699,1506,0.1217905767503834
805,693,1498,0.12177230393621936
799,706,1505,0.12176072919936842
797,708,1505,0.12176317595359666
789,705,1494,0.12177009541325841
788,712,1500,0.1217979025812366
788,715,1503,0.12182544881291534
785,711,1496,0.12185113446926071
799,715,1514,0.12188503453754591
801,718,1519,0.12188168519541576
793,722,1515,0.12187503241255576
798,718,1516,0.12188545549215936
797,723,1520,0.12188534257275424
790,729,1519,0.12188810525368393
789,727,1516,0.12190717820523506
797,721,1518,0.12192597516037677
785,718,1503,0.12192534493743795
787,723,1510,0.12195392467313795
793,717,1510,0.12197557532435789
783,716,1499,0.12198123732751799
772,721,1493,0.12201032681388195
771,722,1493,0.1220622202589021
766,728,1494,0.12211479442069806
769,725,1494,0.12217596251873633
770,734,1504,0.12222509684139536
765,743,1508,0.12227085401882519
766,746,1512,0.12232822757170617
759,749,1508,0.12237917509634066
761,751,1512,0.12244445633618602
748,759,1507,0.12249932460085564
760,760,1520,0.12258107510324553
761,760,1521,0.12262883201556271
759,757,1516,0.12267064185426349
759,746,1505,0.12271281855819594
757,746,1503,0.12275240214213642
764,738,1502,0.12279360085407577
763,749,1512,0.12281673977342919
755,746,1501,0.12284063642162577
760,745,1505,0.12288046335489326
756,751,1507,0.12290624823851758
760,752,1512,0.12293995692942077
757,760,1517,0.12296178859379216
753,749,1502,0.12298876484908124
743,750,1493,0.12302358522938879
749,747,1496,0.12308019355024229
746,746,1492,0.12311875644479932
749,750,1499,0.12316067535557415
737,754,1491,0.12319232116852628
735,756,1491,0.1232526078628757
732,761,1493,0.1233148502752548
738,762,1500,0.12338046388548637
737,770,1507,0.12342564654764102
743,774,1517,0.12347083867338902
742,774,1516,0.12349829207451442
728,774,1502,0.12352707473637001
723,782,1505,0.12358575496881645
724,767,1491,0.1236530713588861
727,779,1506,0.12371384239602866
720,785,1505,0.12376532912043689
719,786,1505,0.12383025684318323
718,793,1511,0.12389557685929638
719,795,1514,0.12395836758348963
722,796,1518,0.12401226305131764
720,801,1521,0.12405503404812489
721,798,1519,0.12410069379765484
724,804,1528,0.12414083272536264
724,801,1525,0.12417209462272151
720,803,1523,0.12420066307770677
721,811,1532,0.12423959641045855
720,805,1525,0.12427238533667243
712,799,1511,0.12430652816544327
709,809,1518,0.1243568505393856
719,805,1524,0.12441148077622938
708,801,1509,0.12444040584261266
707,800,1507,0.1244949226994239
711,796,1507,0.12454617118619664
717,791,1508,0.12458720424414896
706,785,1491,0.12461022091204561
714,786,1500,0.1246580153320553
703,798,1501,0.12468384235774939
708,787,1495,0.12473554510984876
708,795,1503,0.12476993208497777
713,795,1508,0.12480088574746029
710,797,1507,0.12481962350127311
715,798,1513,0.12484339820941238
718,799,1517,0.12485409354496355
712,804,1516,0.12485713730242842
705,816,1521,0.124876363822682
710,808,1518,0.12491321730105508
701,809,1510,0.12493477969563889
700,804,1504,0.12497772089045109
708,797,1505,0.12501896304578114
704,799,1503,0.12503828041832382
693,803,1496,0.12506584314277583
705,804,1509,0.12512028416275028
702,806,1508,0.12514093962131295
685,797,1482,0.1251671441675958
680,811,1491,0.12523378588281894
675,814,1489,0.12530798971935297
672,813,1485,0.1253884414646608
683,814,1497,0.1254709239556113
690,811,1501,0.12552063621212248
696,813,1509,0.12554695288628537
686,820,1506,0.1255578719625384
695,826,1521,0.12559296685381544
698,821,1519,0.12560287261322645
697,818,1515,0.12560530640709994
698,823,1521,0.12560810005528555
695,814,1509,0.1256088251563565
691,822,1513,0.1256172499271056
683,820,1503,0.12563493802760864
685,820,1505,0.12567189841634135
677,826,1503,0.12570370326848807
682,822,1504,0.12575271735428376
681,821,1502,0.12578326628135644
687,812,1499,0.12581173243961913
687,806,1493,0.12582402097398027
692,812,1504,0.12583630430341888
689,820,1509,0.12583581696355975
681,832,1513,0.12584264834359288
680,827,1507,0.12586929236676245
668,822,1490,0.12589542169223175
665,829,1494,0.12594637932225156
671,829,1500,0.1260000314227814
677,824,1501,0.1260356154151471
677,827,1504,0.12605466754673406
675,834,1509,0.12607209443444609
672,833,1505,0.12609390210963667
671,828,1499,0.12612281188628705
665,830,1495,0.12615159059439013
672,844,1516,0.12619183316939242
663,837,1500,0.1262137045971672
671,842,1513,0.12625525745522467
674,839,1513,0.12627424130846676
665,843,1508,0.12628798982687806
665,844,1509,0.12631980462977388
666,849,1515,0.12635035971294836
673,854,1527,0.12637751898468952
668,837,1505,0.1263890300763958
664,842,1506,0.12641128095569157
659,837,1496,0.1264430782210406
664,838,1502,0.12648428452919375
658,837,1495,0.12651206796270503
654,837,1491,0.1265532955632013
650,843,1493,0.12659977271804293
648,841,1489,0.12665316046220437
658,834,1492,0.1267060284574368
662,839,1501,0.12673043133965328
658,838,1496,0.12674554035400717
659,845,1504,0.12677116708376976
646,851,1497,0.1267938393160704
655,847,1502,0.12684726823285217
658,840,1498,0.12687439694923708
656,831,1487,0.12689226206782242
656,822,1478,0.1269150784204888
654,834,1488,0.1269346991337897
646,844,1490,0.126959070854785
644,853,1497,0.12700134401326238
647,860,1507,0.1270483724622104
639,861,1500,0.12708252215091406
642,865,1507,0.1271336648965059
638,870,1508,0.12717381599904296
638,865,1503,0.1272208854281481
650,862,1512,0.12726609310209194
638,861,1499,0.12727965071500014
644,856,1500,0.12732408665773295
654,857,1511,0.1273488043072077
652,858,1510,0.12734733273583995
645,862,1507,0.12735330202141237
637,861,1498,0.12737491568578754
633,861,1494,0.12741542023972982
639,857,1496,0.12746330596871736
627,857,1484,0.1274945945045528
638,869,1507,0.12755472083873756
642,865,1507,0.1275855460124208
637,863,1500,0.12760520911942355
644,864,1508,0.12763434787156483
645,861,1506,0.1276442038671599
643,868,1511,0.12764994553032874
646,870,1516,0.12766021461161767
636,882,1518,0.1276627764249712
629,884,1513,0.12768968685235824
621,877,1498,0.1277326543555937
628,881,1509,0.127791751716041
635,886,1521,0.12782974811206027
629,886,1515,0.1278492648535592
626,891,1517,0.12788092307829643
630,881,1511,0.12791812552845247
624,886,1510,0.12794144036346278
629,887,1516,0.12797670929624066
630,886,1516,0.12799884361521482
625,880,1505,0.128018171126078
629,884,1513,0.12804734377923008
628,865,1493,0.12806401004454873
631,869,1500,0.12808207562309992
624,876,1500,0.12809242498094392
624,875,1499,0.1281205275288483
626,870,1496,0.1281447276641066
632,873,1505,0.12816373828510233
629,869,1498,0.12816724571540078
623,873,1496,0.12817803744448814
621,885,1506,0.12820394802838297
619,883,1502,0.12823248496347972
603,879,1482,0.1282661673904494
600,879,1479,0.12833704655796077
597,879,1476,0.12840957258298066
599,875,1474,0.1284815233444926
605,884,1489,0.12854309134922828
603,884,1487,0.1285862806175214
610,892,1502,0.12863212878016803
625,887,1512,0.12865714844384069
623,883,1506,0.1286430736796377
618,885,1503,0.12863328718418407
620,888,1508,0.1286367379737538
617,894,1511,0.12863444000442326
623,894,1517,0.1286395753163035
625,895,1520,0.12863032364125973
623,890,1513,0.12861758575749505
622,885,1507,0.12861222520102436
608,882,1490,0.12861031000117396
606,883,1489,0.12864229810577657
620,885,1505,0.1286767318418872
617,896,1513,0.12867534069882589
615,890,1505,0.12868023525086167
611,883,1494,0.12868941262595324
618,882,1500,0.1287079641353595
619,887,1506,0.1287067206683227
608,890,1498,0.12870525659248488
601,897,1498,0.12872998234879884
604,895,1499,0.12877050920510574
606,906,1512,0.12880016288047266
604,909,1513,0.1288212066972909
601,904,1505,0.12884874762238396
610,899,1509,0.12888416089343413
602,894,1496,0.1288948776972135
601,904,1505,0.1289242955171132
595,903,1498,0.128955170361341
603,908,1511,0.12899960458309467
610,898,1508,0.129020950426201
613,889,1502,0.1290247975915845
606,902,1508,0.12902188725014588
610,904,1514,0.12903708098566344
608,891,1499,0.12904095383770872
612,889,1501,0.1290482456499125
604,897,1501,0.12904400512450473
600,902,1502,0.12905954993400887
600,899,1499,0.12908188616959212
594,906,1500,0.12910232434584104
603,892,1495,0.12913442450282162
601,898,1499,0.12914331999764234
601,906,1507,0.12915826610781894
602,910,1512,0.12917346454694317
599,918,1517,0.12918726690654786
599,913,1512,0.12920714864411673
596,913,1509,0.12922582158659254
601,900,1501,0.12925038522108584
590,909,1499,0.12926316524356615
592,902,1494,0.12930129724285666
585,905,1490,0.12932897393674056
591,913,1504,0.1293713916489957
600,905,1505,0.12939650918494766
607,908,1515,0.12939665508448286
606,911,1517,0.12938043924811743
607,914,1521,0.12936797793416893
602,906,1508,0.12935568294222657
601,907,1508,0.12935699941425371
602,914,1516,0.1293620106831102
598,911,1509,0.12936674276776716
598,906,1504,0.12938096290812717
586,923,1509,0.1293954906652716
585,921,1506,0.12943900974101233
587,920,1507,0.12948159842006418
589,914,1503,0.12951613647453797
592,928,1520,0.12954422554812592
592,922,1514,0.12956488075003503
590,927,1517,0.12958557469703091
594,925,1519,0.12961034226384505
585,920,1505,0.12962230309554332
579,925,1504,0.12965773718151122
573,930,1503,0.12970590024423656
568,925,1493,0.12976616421987194
564,924,1488,0.12983395624512242
567,923,1490,0.12990561502885736
571,931,1502,0.12996525787844024
568,935,1503,0.13001067629842974
567,931,1498,0.13006018508981124
569,925,1494,0.13010886660432625
572,936,1508,0.1301479399671268
579,934,1513,0.13017713664014322
578,930,1508,0.13018735658321667
573,940,1513,0.13020143174943363
572,933,1505,0.1302278185870847
570,935,1505,0.13025472945204644
575,937,1512,0.1302855137832016
564,950,1514,0.13030141547901194
565,945,1510,0.1303428311073041
567,945,1512,0.13037730622764165
566,951,1517,0.13040534400258486
569,949,1518,0.1304334742472222
562,949,1511,0.1304509113888368
555,944,1499,0.13048511108031602
560,959,1519,0.13053523023980607
555,960,1515,0.13056981309218327
557,954,1511,0.13061461887558645
553,962,1515,0.13064932434514814
559,965,1524,0.1306924047199545
557,960,1517,0.13071981052607073
548,964,1512,0.13075043612711693
546,970,1516,0.13080213351917075
552,962,1514,0.13085496379393421
547,958,1505,0.1308889260139378
547,973,1520,0.13093352347264287
548,970,1518,0.13097431110789878
548,971,1519,0.13101021804261057
542,973,1515,0.13104423722309222
542,979,1521,0.13108949869902667
547,970,1517,0.13113210108833717
535,970,1505,0.13116103457056183
537,969,1506,0.13121864947346967
538,969,1507,0.1312674025049745
536,971,1507,0.13131022866749892
544,973,1517,0.1313541279023947
543,976,1519,0.13137597351680824
536,977,1513,0.13139914630926583
544,973,1517,0.13143970466740323
545,972,1517,0.13145572635071215
538,982,1520,0.13146851520916278
545,984,1529,0.13149877778781527
539,977,1516,0.1315097286018646
539,975,1514,0.13153363284606648
536,970,1506,0.13155587697404886
534,980,1514,0.1315838723994897
541,986,1527,0.1316147670166898
549,986,1535,0.13162609432878652
542,983,1525,0.13161673350645475
542,987,1529,0.13162553091125787
536,971,1507,0.13163122257667736
538,968,1506,0.13165283954558038
537,966,1503,0.13166759277783893
540,950,1490,0.1316825094611846
543,961,1504,0.1316896287735315
545,964,1509,0.1316875400274232
542,961,1503,0.13168032406973348
536,962,1498,0.13167991771135046
540,969,1509,0.1316949611995662
548,969,1517,0.13169889970092113
550,958,1508,0.13168321075276052
553,967,1520,0.13166277784865751
548,966,1514,0.13163729156138348
556,960,1516,0.13162464591600062
560,961,1521,0.13159171798876496
558,960,1518,0.13155192707957028
556,957,1513,0.13152153950496168
543,957,1500,0.1314976499897348
543,968,1511,0.13150653829169162
551,967,1518,0.13151293916705067
545,965,1510,0.13149973186184577
550,963,1513,0.1315024934424901
551,964,1515,0.1314948868448179
546,954,1500,0.13148561968752248
546,955,1501,0.13149001943927258
549,963,1512,0.1314932790219464
549,967,1516,0.13148837012695855
549,959,1508,0.13148335434074862
547,963,1510,0.13148021625155304
553,951,1504,0.13148109725301702
548,958,1506,0.13146610150578059
547,973,1520,0.13146450749565666
544,968,1512,0.13146550484419212
551,969,1520,0.13147414181744513
548,970,1518,0.1314637640515302
553,976,1529,0.13146257972762054
550,980,1530,0.13144917791416
538,980,1518,0.1314434545405402
533,978,1511,0.1314668387674528
532,982,1514,0.1315030377078683
539,979,1518,0.13153814050413004
538,984,1522,0.13155589405304016
536,973,1509,0.13157545455131792
533,985,1518,0.13159888679243015
524,988,1512,0.131627751911794
522,992,1514,0.1316785890061101
522,997,1519,0.13173022731184766
516,990,1506,0.13177721340649565
514,990,1504,0.1318363634454573
512,987,1499,0.13189417449914007
507,991,1498,0.1319528349205026
509,1000,1509,0.1320182804440534
511,999,1510,0.132074811931203
503,994,1497,0.13212176930051753
503,995,1498,0.13218523844507313
502,1002,1504,0.132244116935381
500,1000,1500,0.13230104684244529
499,993,1492,0.1323589131429629
508,979,1487,0.1324159310686197
510,983,1493,0.13244625166777815
500,992,1492,0.13246915425644068
506,1000,1506,0.1325153959199859
496,1007,1503,0.1325454473921628
496,1001,1497,0.13259720086782636
508,1009,1517,0.1326443261799781
507,1004,1511,0.1326580425623008
510,992,1502,0.1326746475337456
516,992,1508,0.1326811182628226
516,994,1510,0.1326729144554294
508,999,1507,0.13266592231156246
505,1008,1513,0.13267848095711915
504,1012,1516,0.1326983444210386
498,1005,1503,0.1327192977850581
505,990,1495,0.13275495695554704
501,995,1496,0.13277102712393846
498,992,1490,0.13279876670722804
500,1001,1501,0.1328320289784315
497,1003,1500,0.13285781321442044
498,999,1497,0.13289044764956945
491,1012,1503,0.13291807010985396
487,1033,1520,0.13296047646331416
482,1022,1504,0.13300833737527598
480,1015,1495,0.13306588635174088
479,1007,1486,0.13312330164144448
476,1011,1487,0.13317761375704618
485,1020,1505,0.13323523760892228
489,1030,1519,0.13326752663091496
490,1023,1513,0.13328984669667246
497,1023,1520,0.13330672210873845
499,1015,1514,0.13330546394073436
498,1020,1518,0.13329986875041305
492,1021,1513,0.1332982939005008
477,1023,1500,0.13331201805960557
474,1029,1503,0.1333605689726528
479,1028,1507,0.13341372573083213
475,1035,1510,0.1334490338168754
480,1038,1518,0.13349208011079775
478,1036,1514,0.13352210699493186
477,1027,1504,0.13355430271542856
477,1030,1507,0.13358801085107447
474,1029,1503,0.13362020178749542
474,1032,1506,0.13365844842697175
476,1040,1516,0.1336954984652707
476,1040,1516,0.1337247018427708
476,1043,1519,0.1337514885232509
476,1047,1523,0.1337763434644952
471,1040,1511,0.1338016316732814
467,1037,1504,0.1338359720980752
470,1046,1516,0.13387587827460196
469,1050,1519,0.13390668774162784
465,1043,1508,0.13393917435170732
457,1039,1496,0.13397843269018594
452,1038,1490,0.13403618183432445
457,1037,1494,0.13410188710300222
456,1040,1496,0.1341520274274138
458,1046,1504,0.1342003543664765
457,1036,1493,0.1342401596530667
454,1045,1499,0.13428049292957556
457,1044,1501,0.1343253348079288
448,1043,1491,0.13435889121518993
442,1053,1495,0.1344116268094893
446,1059,1505,0.13447614079133768
448,1063,1511,0.1345269800375214
446,1068,1514,0.13457003065649786
448,1065,1513,0.1346154989136446
448,1049,1497,0.1346524917166928
444,1064,1508,0.13468757271249823
444,1068,1512,0.13473130479491452
439,1067,1506,0.1347726618126483
442,1068,1510,0.13482380722543433
443,1078,1521,0.13486506747266896
438,1069,1507,0.13490232197543492
445,1069,1514,0.13494954185026653
438,1077,1515,0.13497519810928543
431,1069,1500,0.13501747936340994
433,1068,1501,0.13507414962169262
435,1075,1510,0.13512243429823145
431,1064,1495,0.13516291951298548
435,1071,1506,0.13521127965620208
436,1082,1518,0.13524681653018952
432,1077,1509,0.13527820565493487
428,1073,1501,0.13531922601593782
426,1077,1503,0.1353667424791554
428,1090,1518,0.13541740452107953
421,1091,1512,0.13546044917365788
423,1100,1523,0.1355193212168696
422,1082,1504,0.1355689790553483
426,1085,1511,0.13561653874762608
423,1085,1508,0.13565177735248246
428,1088,1516,0.13569227868354564
429,1097,1526,0.13571689201974454
423,1089,1512,0.13573837339053138
423,1091,1514,0.1357731245983716
426,1091,1517,0.13580573732616352
421,1090,1511,0.1358288588890565
414,1076,1490,0.13586281981177983
412,1085,1497,0.13591047250395716
411,1086,1497,0.1359595052090398
419,1091,1510,0.13600705227245918
423,1094,1517,0.13603128417787871
422,1095,1517,0.13604275063926172
427,1090,1517,0.13605567326281012
427,1087,1514,0.136056073005822
425,1081,1506,0.13605822639976842
430,1093,1523,0.13606589402111255
429,1092,1521,0.1360598910557113
427,1091,1518,0.13605568681197736
427,1103,1530,0.13605699750233888
424,1095,1519,0.13605786967269587
423,1086,1509,0.13606659290159773
423,1087,1510,0.13607771749379957
422,1077,1499,0.13608855222108865
419,1092,1511,0.13610278703093953
420,1107,1527,0.13612429982490404
421,1105,1526,0.13614159958828254
419,1103,1522,0.1361560227184631
414,1111,1525,0.1361758359467682
412,1110,1522,0.1362067825134402
402,1100,1502,0.13624120012453705
412,1101,1513,0.1362975250397611
418,1108,1526,0.1363230464117519
411,1105,1516,0.1363325879597824
410,1094,1504,0.13635952510222682
403,1101,1504,0.1363876351972769
408,1116,1524,0.1364318110828245
402,1108,1510,0.1364606681330417
409,1091,1500,0.1365020745670816
404,1100,1504,0.13652336959113964
394,1107,1501,0.13655557247233538
393,1108,1501,0.13661135789389983
402,1107,1509,0.13666620602145133
405,1110,1515,0.13669587220784776
396,1103,1499,0.13671495822166466
393,1117,1510,0.1367541030996455
390,1123,1513,0.13679871150719852
388,1123,1511,0.1368480490889086
383,1131,1514,0.13689825291437116
384,1125,1509,0.13695810968997876
382,1129,1511,0.13701147760769866
382,1128,1510,0.13706770099637403
381,1130,1511,0.1371208041202709
380,1133,1513,0.13717148557778738
380,1121,1501,0.13722043037800058
379,1123,1502,0.13726531635874012
377,1112,1489,0.13731012737600326
375,1117,1492,0.1373549072906772
379,1125,1504,0.13740229608701046
377,1132,1509,0.137436506944513
377,1122,1499,0.13747220827444204
369,1132,1501,0.13750669604381957
377,1132,1509,0.13755999866330962
379,1132,1511,0.13758982173981607
378,1128,1506,0.13761403111137027
379,1124,1503,0.13763830191366183
371,1117,1488,0.1376598697074809
371,1118,1489,0.13770019495217334
363,1120,1483,0.13773901556286525
367,1119,1486,0.13779571599495127
366,1124,1490,0.13783795528257403
375,1140,1515,0.1378798561185829
380,1135,1515,0.13789689785330464
387,1136,1523,0.1378997998582152
386,1141,1527,0.13788515234834023
376,1130,1506,0.13787417328860863
371,1134,1505,0.13788957719076542
366,1135,1501,0.13791790882211527
367,1146,1513,0.1379578838655107
362,1151,1513,0.13799365716570758
363,1156,1519,0.13804063115724097
366,1157,1523,0.13808201101337392
364,1146,1510,0.13811255513097093
363,1152,1515,0.1381452163795139
365,1149,1514,0.13817893434738346
373,1144,1517,0.13820427433636756
372,1146,1518,0.13820678562526836
373,1147,1520,0.1382092804837895
371,1142,1513,0.13820878204829665
375,1140,1515,0.13821302346107936
378,1142,1520,0.13820793593150824
374,1130,1504,0.13819379095143497
371,1139,1510,0.1381902125641729
374,1141,1515,0.13819617100090573
375,1144,1519,0.13819323635231273
377,1143,1520,0.13818885823390054
381,1144,1525,0.13818101238671407
378,1135,1513,0.13816420809662897
367,1119,1486,0.13815658670115616
372,1139,1511,0.1381777225040772
371,1134,1505,0.13818533793652765
371,1141,1512,0.13819509938510532
370,1131,1501,0.13820373236924496
372,1141,1513,0.13821358296019276
378,1130,1508,0.13821756541600919
377,1128,1505,0.13820683006902448
376,1139,1515,0.1381993795824646
373,1137,1510,0.13819502496881475
374,1154,1528,0.1381987787871528
373,1159,1532,0.13819990910923569
366,1153,1519,0.13820346977710746
368,1147,1515,0.13822452300042343
366,1158,1524,0.13823866009602218
370,1148,1518,0.13825806615052463
377,1143,1520,0.13826652329364056
377,1128,1505,0.1382572946129499
378,1133,1511,0.13824930550714
374,1134,1508,0.13823904497179954
373,1133,1506,0.1382389249904206
370,1135,1505,0.13824060290940912
366,1130,1496,0.13825081189656957
366,1135,1501,0.13827038293225902
365,1145,1510,0.13828830609377124
369,1137,1506,0.13830865375891857
366,1151,1517,0.13831734963384906
361,1155,1516,0.1383343309790263
368,1140,1508,0.1383629188517283
367,1150,1517,0.1383723049717085
365,1165,1530,0.13838346034588003
365,1158,1523,0.1383978105458534
370,1149,1519,0.1384110542143259
371,1143,1514,0.13841117195635289
365,1153,1518,0.13840763046121463
364,1150,1514,0.1384200520437951
370,1142,1512,0.13843372390580172
369,1144,1513,0.13843028182306621
375,1141,1516,0.1384289309841826
374,1143,1517,0.13841304164095836
373,1150,1523,0.13840181356175207
375,1154,1529,0.13839396287138053
373,1151,1524,0.13838297665905464
365,1149,1514,0.13837752643345191
373,1154,1527,0.13839167729235874
368,1136,1504,0.13838423498967906
373,1138,1511,0.1383893945621448
368,1138,1506,0.13838178960545244
371,1138,1509,0.13838750991398957
368,1130,1498,0.13838525759983722
371,1123,1494,0.13839020155581302
363,1132,1495,0.13838708360918037
370,1143,1513,0.1384046098518657
366,1144,1510,0.13840343662380536
370,1151,1521,0.13841249320196727
367,1143,1510,0.13841119856402495
364,1138,1502,0.13841771886169751
365,1148,1513,0.1384324684452889
363,1146,1509,0.13844369175802795
361,1141,1502,0.1384598668362949
363,1152,1515,0.13848006876620955
362,1161,1523,0.13849444570615088
355,1152,1507,0.13851151610292814
358,1148,1506,0.13854522535666688
359,1151,1510,0.13856827765339375
360,1160,1520,0.13858667811588224
355,1157,1512,0.13860072800626166
361,1150,1511,0.13862687924984354
356,1155,1511,0.13863816069936089
353,1157,1510,0.13866088931536308
353,1154,1507,0.13868928083180723
355,1156,1511,0.13871558756168934
349,1152,1501,0.13873377360159656
344,1149,1493,0.1387666820999618
345,1150,1495,0.1388091823913399
350,1157,1507,0.13884579921294574
349,1153,1502,0.13886760644049548
348,1156,1504,0.13889054009167226
348,1158,1506,0.13891567345177538
356,1159,1515,0.13893782841944138
354,1156,1510,0.13893861139445157
352,1148,1500,0.138944901651407
352,1139,1491,0.1389559836690034
344,1145,1489,0.13896698442302668
343,1157,1500,0.1389978042221413
346,1147,1493,0.1390291672023215
340,1153,1493,0.1390493086483838
343,1161,1504,0.1390822434317057
345,1159,1504,0.13910567138497865
345,1165,1510,0.13912146991493277
341,1176,1517,0.13913596763580163
352,1171,1523,0.13915832771751893
353,1170,1523,0.13915190059996757
339,1163,1502,0.13914376411131332
337,1164,1501,0.13916976807914946
344,1167,1511,0.13919923412872426
349,1169,1518,0.13920912318951328
350,1158,1508,0.13920547091262583
351,1163,1514,0.1392007515948565
352,1167,1519,0.13919319391293286
352,1161,1513,0.13918447100625211
347,1151,1498,0.13917727385767295
344,1151,1495,0.1391830330438354
344,1159,1503,0.13919636018507228
341,1164,1505,0.13920919453658415
339,1168,1507,0.1392282734146584
340,1169,1509,0.1392513796738034
339,1181,1520,0.13927206132747927
345,1180,1525,0.13929320262186143
348,1173,1521,0.13929784792355837
349,1174,1523,0.13929460206159974
346,1171,1517,0.1392900019122791
344,1174,1518,0.13929311602655442
346,1172,1518,0.1393007198284001
341,1170,1511,0.13930309735320562
338,1165,1503,0.1393180077831693
341,1162,1503,0.13933917997820697
337,1166,1503,0.1393519997896424
333,1182,1515,0.139372966359128
328,1178,1506,0.13940292685797315
329,1179,1508,0.1394438906003479
330,1170,1500,0.1394800246271899
332,1172,1504,0.13951201729639448
334,1177,1511,0.1395373078976667
334,1184,1518,0.13955725564704258
335,1171,1506,0.1395764148939164
333,1183,1516,0.13959180324495146
336,1188,1524,0.13961063685335276
333,1179,1512,0.13962117298419846
332,1179,1511,0.13963833324026784
327,1175,1502,0.13965754773477568
325,1174,1499,0.13968752539656526
326,1175,1501,0.1397210633122968
324,1180,1504,0.1397507972756643
320,1189,1509,0.1397838259249874
327,1192,1519,0.1398238839450835
320,1185,1505,0.13984321290240692
325,1162,1487,0.13987893472305277
333,1164,1497,0.13989822985736938
341,1174,1515,0.13989503326783104
341,1182,1523,0.13987206492476856
333,1187,1520,0.13985032690582513
330,1187,1517,0.13985120356465072
331,1178,1509,0.13985952721309775
333,1174,1507,0.139866507198689
332,1174,1506,0.13986727473902108
329,1174,1503,0.1398694811182069
334,1174,1508,0.13987959505918104
332,1177,1509,0.13987694270141654
326,1188,1514,0.13987931190724015
327,1195,1522,0.13989683558646113
333,1186,1519,0.1399103111402473
328,1198,1526,0.13990737237664222
329,1207,1536,0.1399170093839589
325,1189,1514,0.13992291799310597
324,1194,1518,0.13993878557932324
328,1195,1523,0.13995623054666223
327,1202,1529,0.1399623150521706
328,1178,1506,0.13996889088279127
327,1172,1499,0.13997310795457996
323,1174,1497,0.1399790752213268
327,1178,1505,0.13999470780372142
325,1171,1496,0.13999861609166886
327,1184,1511,0.14000712122900777
325,1188,1513,0.14000965627259837
325,1192,1517,0.14001901606451334
323,1188,1511,0.14002825357496457
317,1195,1512,0.1400420282003588
319,1200,1519,0.1400715627461253
321,1200,1521,0.14009510221866564
321,1203,1524,0.14011213851828497
317,1199,1516,0.14012855752751763
314,1198,1512,0.14015414897160916
314,1194,1508,0.1401855715264323
311,1194,1505,0.14021451990967862
305,1192,1497,0.1402486052130377
297,1200,1497,0.1402962126405449
299,1200,1499,0.14036088033170155
305,1203,1508,0.14041561426707144
302,1201,1503,0.14045126425550034
303,1211,1514,0.14049204011773672
304,1200,1504,0.14052790722008113
300,1206,1506,0.1405577911684587
300,1209,1509,0.14059635571723222
303,1204,1507,0.1406320088192181
296,1213,1509,0.14065829482084502
291,1212,1503,0.14070102520655237
301,1213,1514,0.14075228314101376
303,1217,1520,0.14077374212292157
301,1211,1512,0.14078939679112576
299,1210,1509,0.14080842024742224
300,1211,1511,0.14083216496505735
305,1212,1517,0.14085196033973443
297,1228,1525,0.14085810014282313
303,1222,1525,0.14088503000107408
303,1226,1529,0.140895098925235
295,1218,1513,0.14090393921911387
293,1216,1509,0.14093325634414267
295,1214,1509,0.14096482808968616
296,1203,1499,0.1409892242812982
292,1216,1508,0.14100902552943037
295,1203,1498,0.1410375296247113
295,1217,1512,0.1410570919821885
299,1211,1510,0.14107594276596266
298,1200,1498,0.14108331680017616
300,1207,1507,0.14109281556116474
301,1211,1512,0.14109786192550997
301,1210,1511,0.14110061978777316
298,1207,1505,0.1411036938745097
298,1204,1502,0.14111307614511548
296,1213,1509,0.1411215114395907
304,1218,1522,0.14113507285523683
305,1206,1511,0.14112700306696113
303,1208,1511,0.1411167327681781
301,1217,1518,0.14111081391193625
303,1230,1533,0.14111084309140792
301,1218,1519,0.1411052555150211
302,1217,1519,0.14110546402879112
302,1225,1527,0.14110340052605325
298,1232,1530,0.1411013068166157
298,1225,1523,0.14110925440031485
298,1217,1515,0.14111728284517885
295,1215,1510,0.1411252347769452
292,1212,1504,0.1411399472172775
290,1212,1502,0.14116198109070113
292,1212,1504,0.14118701300795858
292,1220,1512,0.1412049858113084
291,1212,1503,0.1412213619898103
293,1215,1508,0.141238427949566
287,1218,1505,0.14124871550810705
283,1219,1502,0.14127550179572798
283,1225,1508,0.14131069285647194
285,1219,1504,0.14134292123388673
286,1224,1510,0.14136773540787778
283,1224,1507,0.14138877918201279
285,1215,1500,0.14141670871284553
279,1209,1488,0.14143698080456515
285,1213,1498,0.141472136696853
284,1234,1518,0.14148845529966883
288,1215,1503,0.14150556867618477
283,1230,1513,0.1415107389634161
285,1228,1513,0.141528117055287
283,1219,1502,0.1415387552758172
283,1241,1524,0.14155387703564856
288,1233,1521,0.14156784727665633
286,1221,1507,0.14156846199397977
282,1227,1509,0.14157405581849908
287,1228,1515,0.141588505206893
278,1234,1512,0.14158947070848316
279,1226,1505,0.1416142837207694
277,1235,1512,0.14163446957338813
278,1231,1509,0.14165742884314478
280,1231,1511,0.1416765488570799
282,1232,1514,0.1416895281980766
280,1230,1510,0.1416967831110231
280,1233,1513,0.14170936174960216
278,1225,1503,0.14172006986582647
281,1223,1504,0.1417336905820859
283,1221,1504,0.14173883625286232
276,1236,1512,0.14173895964519814
282,1236,1518,0.14175617199552706
283,1233,1516,0.14175792372336407
282,1225,1507,0.14175679281052025
279,1220,1499,0.14175767310218373
284,1225,1509,0.14176649593509807
284,1229,1513,0.14176160634456092
278,1237,1515,0.1417575330739926
281,1231,1512,0.14176931537113707
281,1230,1511,0.1417727076350456
280,1223,1503,0.1417750584542848
282,1232,1514,0.1417788603391829
280,1230,1510,0.14177761776562542
283,1220,1503,0.14178114630726413
284,1224,1508,0.14177733927901748
285,1232,1517,0.14177137800877154
288,1218,1506,0.14176253114445175
282,1228,1510,0.14174538595311076
283,1234,1517,0.14174565232088046
282,1225,1507,0.14174387347526923
285,1227,1512,0.14174476517238074
278,1223,1501,0.1417381060820927
275,1246,1521,0.14175040108932624
282,1240,1522,0.1417694629935223
283,1242,1525,0.14176902434022495
280,1230,1510,0.14176647738196824
276,1230,1506,0.1417718594849289
274,1239,1513,0.14178718951946886
271,1228,1499,0.14180623684862514
269,1241,1510,0.14183159936587417
271,1238,1509,0.1418610007131219
268,1230,1498,0.1418835376946751
267,1228,1495,0.14191276495561175
277,1238,1515,0.1419421906667394
276,1231,1507,0.14194389701056254
271,1230,1501,0.1419496797694992
269,1236,1505,0.14196773120664363
264,1242,1506,0.1419903179782484
259,1240,1499,0.14202377779426556
266,1238,1504,0.14206713864740672
272,1238,1510,0.14208872381429993
270,1239,1509,0.14209334950707206
270,1227,1497,0.1421024355511743
271,1234,1505,0.14211014902777733
273,1232,1505,0.14211513232798992
277,1222,1499,0.14211431073766093
280,1219,1499,0.14210304438575844
278,1222,1500,0.14208411742879634
286,1221,1507,0.14207170381736536
280,1221,1501,0.14204007753340359
280,1235,1515,0.14202644514173823
280,1233,1513,0.14201278630134936
281,1239,1520,0.14199959446917104
273,1238,1511,0.14198602686138478
278,1239,1517,0.1419953630183316
269,1235,1504,0.14199205799396597
268,1239,1507,0.14201289561503086
266,1243,1509,0.14203447224498864
274,1247,1521,0.14206077852525417
274,1244,1518,0.14206414393567796
270,1234,1504,0.14206751478387591
270,1247,1517,0.1420821882251919
271,1241,1512,0.14209611629298258
272,1230,1502,0.14210627142063018
270,1233,1503,0.14211364999431045
266,1234,1500,0.1421261183683957
268,1235,1503,0.1421486340016541
266,1246,1512,0.14216415947536667
264,1242,1506,0.14218300608423573
260,1239,1499,0.1422051374782992
263,1246,1509,0.14223630401037554
266,1235,1501,0.1422577741624266
269,1249,1518,0.14227001987860116
270,1238,1508,0.14227331886448558
273,1250,1523,0.1422744271972868
275,1245,1520,0.14226870956752233
278,1237,1515,0.14225835498132933
274,1230,1504,0.14224023153211893
270,1231,1501,0.14223373815366394
270,1231,1501,0.14223819740016017
278,1227,1505,0.14224321997823616
268,1219,1487,0.1422268722668379
268,1244,1512,0.14223761540233312
270,1245,1515,0.14224816475731814
265,1241,1506,0.1422531274677488
266,1238,1504,0.14227114233940902
270,1234,1504,0.14228548443518224
272,1247,1519,0.14228894772972964
270,1246,1516,0.14228648838450128
270,1248,1518,0.14229019848404068
267,1249,1516,0.14229366656565298
266,1252,1518,0.142305221419341
271,1245,1516,0.14231942374441245
272,1245,1517,0.14231948769428787
270,1253,1523,0.14231836277922708
270,1260,1530,0.1423218264533426
267,1249,1516,0.14232524626003465
268,1237,1505,0.14233613638157064
271,1240,1511,0.14234412777013086
270,1243,1513,0.14234398906636098
268,1249,1517,0.14234664943875422
272,1256,1528,0.142353973209549
269,1240,1509,0.14235091464180447
272,1242,1514,0.14235617739171086
267,1235,1502,0.142354092884867
273,1248,1521,0.1423648654029833
271,1252,1523,0.1423591467059425
266,1260,1526,0.14235863617578642
263,1265,1528,0.14237152211313414
264,1248,1512,0.14239120347836573
261,1236,1497,0.14240732238834292
260,1239,1499,0.14242990894857208
256,1252,1508,0.14245394804867145
256,1245,1501,0.14248719551059838
254,1250,1504,0.14251798670774218
255,1241,1496,0.14255204370533522
253,1237,1490,0.142580626140167
252,1238,1490,0.14261106285003128
249,1237,1486,0.14264268541576108
254,1242,1496,0.1426798911597797
256,1245,1501,0.1427021328967302
264,1247,1511,0.14271757319348488
262,1234,1496,0.1427110417781779
266,1232,1498,0.14271079256462393
265,1234,1499,0.14270047354624307
262,1236,1498,0.14269358415048128
260,1256,1516,0.14269573680193978
255,1254,1509,0.14270334184820543
254,1266,1520,0.14272316608542787
247,1271,1518,0.14274345318557724
250,1273,1523,0.1427805103230673
249,1277,1526,0.1428076347220646
248,1268,1516,0.14283668375447955
241,1262,1503,0.1428665958955864
244,1259,1503,0.1429114519441005
245,1243,1488,0.14294633863206746
241,1271,1512,0.1429762375765988
239,1267,1506,0.14301444283074247
242,1274,1516,0.14305495667914797
243,1287,1530,0.14308555932668374
248,1279,1527,0.14311182502622732
245,1275,1520,0.1431239044389244
243,1279,1522,0.1431435371700572
243,1283,1526,0.14316741388693782
243,1274,1517,0.14318912592976007
235,1271,1506,0.14320899849687194
238,1262,1500,0.14324873949408926
240,1256,1496,0.14327880132848217
241,1258,1499,0.14330155753481233
235,1266,1501,0.14331993648550106
237,1276,1513,0.14335316397796427
230,1271,1501,0.1433787497436031
227,1265,1492,0.14342072152301416
227,1271,1498,0.1434673708463753
229,1270,1499,0.14351001867700758
229,1274,1503,0.14354490011104826
229,1277,1506,0.14357728097385145
229,1284,1513,0.14360665237093637
233,1275,1508,0.14363321631782103
233,1272,1505,0.14364763938919253
227,1280,1507,0.1436612427876177
225,1282,1507,0.14369012550178803
229,1288,1517,0.14372162519767898
233,1292,1525,0.143739730899228
237,1291,1528,0.14374641673592722
234,1282,1516,0.14374302102843448
228,1278,1506,0.1437488848364833
230,1279,1509,0.14377011071914775
228,1280,1508,0.14378468258521934
224,1264,1488,0.14380383903502925
224,1268,1492,0.14383174413846522
222,1284,1506,0.14385774360656858
228,1277,1505,0.14388671710458875
230,1282,1512,0.14389787066080756
234,1288,1522,0.14390291417402756
233,1279,1512,0.1438971957221325
235,1277,1512,0.14389450775704193
234,1281,1515,0.1438863354911884
231,1289,1520,0.1438811536973496
230,1280,1510,0.1438848993165805
230,1286,1516,0.14389044559102968
233,1290,1523,0.14389568207267112
232,1277,1509,0.14389274896040505
232,1276,1508,0.1438935097202915
232,1284,1516,0.14389468777990141
232,1285,1517,0.14389646376128318
233,1284,1517,0.14389692280053304
233,1278,1511,0.14389565354726666
232,1280,1512,0.1438937014014432
227,1278,1505,0.143894856132238
224,1282,1506,0.14390857504388088
220,1276,1496,0.14392934371417346
216,1278,1494,0.14395823633101199
214,1280,1494,0.143995505078912
219,1287,1506,0.14403440218598992
220,1292,1512,0.14405794988614162
220,1290,1510,0.14407672122703094
222,1295,1517,0.14409484919488313
218,1287,1505,0.14410639668817932
221,1295,1516,0.14412676299533647
226,1296,1522,0.144138044304069
223,1285,1508,0.1441358157287293
216,1289,1505,0.14414184184482084
216,1284,1500,0.14416541239364597
217,1293,1510,0.14418684236019125
214,1296,1510,0.1442047448078398
213,1303,1516,0.14422971959154132
215,1307,1522,0.14425548698442947
214,1305,1519,0.14427455172123033
211,1312,1523,0.14429562749228095
214,1322,1536,0.14432313222470156
209,1314,1523,0.14434105342186698
205,1305,1510,0.14437090422063734
203,1302,1505,0.14440943824453017
205,1305,1510,0.1444497632128382
210,1319,1529,0.1444817960831726
211,1308,1519,0.14449869166088847
212,1314,1526,0.14451187958148726
212,1302,1514,0.14452148731358888
215,1306,1521,0.14453040182437388
216,1306,1522,0.14453122106513952
214,1299,1513,0.14452948304378188
213,1298,1511,0.14453367383342455
213,1296,1509,0.1445402469849537
215,1280,1495,0.14454656927642862
216,1280,1496,0.1445465094770685
213,1281,1494,0.14454330642646332
216,1289,1505,0.14454703575524522
214,1297,1511,0.1445426403190179
214,1298,1512,0.1445434848023446
213,1297,1510,0.14454485063437153
215,1300,1515,0.1445475957590254
219,1299,1518,0.1445446892008018
220,1304,1524,0.14453234800312312
218,1309,1527,0.1445180908604565
219,1294,1513,0.14451021857276772
220,1304,1524,0.1445007394082423
219,1302,1521,0.14448877102503618
218,1291,1509,0.1444800216687474
222,1304,1526,0.1444742902012661
223,1302,1525,0.14445808293225018
224,1298,1522,0.14444037557327874
225,1294,1519,0.1444215270325666
223,1289,1512,0.1444018711750866
224,1303,1527,0.1443879596357562
229,1287,1516,0.14437285043066672
225,1281,1506,0.14434449033074542
226,1269,1495,0.1443286434540023
224,1274,1498,0.14431092650803337
222,1259,1481,0.144298709817919
222,1277,1499,0.14429303735300814
217,1290,1507,0.14428829912890528
222,1286,1508,0.14429662456561956
230,1285,1515,0.1442910423260403
228,1280,1508,0.1442639867023395
227,1291,1518,0.14424441838357485
223,1294,1517,0.14422897948657548
225,1302,1527,0.14422551270692335
224,1286,1510,0.14421607984173862
222,1295,1517,0.14420925993480438
221,1297,1518,0.14420767166989193
225,1307,1532,0.14420885954403675
226,1302,1528,0.14420013631091308
225,1303,1528,0.14418981508492623
223,1306,1529,0.14418263919195662
222,1294,1516,0.14418022317068563
225,1297,1522,0.1441806324280363
221,1302,1523,0.14417332033751643
220,1309,1529,0.14417700628846353
217,1306,1523,0.14418276073846736
225,1310,1535,0.1441963915272316
226,1313,1539,0.1441874880640718
223,1304,1527,0.14417660146609226
225,1299,1524,0.1441746397065552
224,1296,1520,0.14416646738479952
228,1288,1516,0.1441618667356636
225,1287,1512,0.14414766648917468
218,1298,1516,0.14414285706773416
220,1290,1510,0.1441577027635406
218,1302,1520,0.14416631778934538
216,1315,1531,0.14417999474704435
215,1317,1532,0.14419750728986752
215,1295,1510,0.14421839303170733
213,1298,1511,0.144237838661092
212,1294,1506,0.1442615630343471
209,1296,1505,0.14428636874148734
214,1297,1511,0.14431711246567233
213,1283,1496,0.14433316291681206
211,1294,1505,0.14435122431927258
209,1304,1513,0.14437375455677265
206,1311,1517,0.14440063954263446
202,1301,1503,0.14443353733687447
201,1307,1508,0.14447438307788812
197,1315,1512,0.1445149306914353
199,1311,1510,0.1445629361490837
201,1318,1519,0.1446021164806932
203,1324,1527,0.1446327220994319
201,1323,1524,0.14465636999088927
197,1322,1519,0.14468383785971073
199,1322,1521,0.14472022732345302
201,1314,1515,0.14474904263745653
201,1315,1516,0.14477031223330925
196,1322,1518,0.14478966060677884
199,1320,1519,0.14482086536366073
196,1314,1510,0.14484239391752138
200,1315,1515,0.1448709530850348
200,1314,1514,0.1448871304644173
197,1320,1517,0.1449027985025207
191,1324,1515,0.144925848672841
187,1325,1512,0.14496321808109422
190,1329,1519,0.14500860919052203
192,1318,1510,0.1450421212059712
185,1325,1510,0.14506768344546633
190,1315,1505,0.14511005848523117
194,1323,1517,0.14513593686308227
193,1318,1511,0.14514929091219886
195,1309,1504,0.14516385214997674
191,1320,1511,0.1451717391416803
188,1329,1517,0.1451899564304467
186,1326,1512,0.14521392681935638
186,1329,1515,0.14524142033374735
190,1323,1513,0.1452676041603505
190,1312,1502,0.1452813573856996
192,1328,1520,0.14529448512617715
193,1307,1500,0.14530165543726178
191,1314,1505,0.14530617472090857
184,1313,1497,0.1453153901879375
185,1337,1522,0.14534325871609366
185,1327,1512,0.14536691780187858
183,1336,1519,0.14538845946344178
182,1329,1511,0.14541338950135466
181,1344,1525,0.14543924954447363
182,1344,1526,0.1454658759653985
182,1332,1514,0.14548821320391764
179,1328,1507,0.14550872159350828
178,1327,1505,0.14553584298518543
177,1329,1506,0.1455629322655767
178,1332,1510,0.1455902094742047
175,1329,1504,0.14561282642475287
179,1330,1509,0.14564279997322235
177,1333,1510,0.1456602431259664
177,1329,1506,0.14568199056621942
176,1342,1518,0.14570229461780015
178,1325,1503,0.14572349855492053
183,1326,1509,0.1457386531225084
188,1322,1510,0.1457387483924014
184,1321,1505,0.14572519348367358
182,1310,1492,0.14572375884574812
187,1319,1506,0.14572752480098478
186,1329,1515,0.14571809739352365
181,1333,1514,0.14571227175484114
186,1340,1526,0.14572003266113664
188,1341,1529,0.14571358241701116
186,1332,1518,0.1457025879676346
186,1334,1520,0.145697826860381
185,1321,1506,0.14569398059803876
185,1326,1511,0.14569319007954085
183,1328,1511,0.14569192403069883
183,1327,1510,0.14569601198237755
178,1344,1522,0.145699994941128
178,1332,1510,0.1457169401917719
179,1322,1501,0.14573248879613104
175,1326,1501,0.1457442120262998
175,1328,1503,0.14576604369108304
176,1330,1506,0.14578567777121706
174,1330,1504,0.14580221382889302
171,1338,1509,0.145822830220987
170,1340,1510,0.14585046288914466
173,1343,1516,0.14587856887341247
178,1340,1518,0.14589664680115144
175,1339,1514,0.1459006743463215
172,1332,1504,0.14591295108098595
178,1332,1510,0.14593249472129188
180,1337,1517,0.14593474349583965
176,1336,1512,0.14593160582840348
177,1323,1500,0.14593972685734538
176,1342,1518,0.1459445310478645
172,1341,1513,0.1459512884086371
172,1341,1513,0.14596827818767744
175,1341,1516,0.145984362381415
170,1349,1519,0.14599113511737172
169,1357,1526,0.14601195851139484
169,1349,1518,0.14603420547359483
170,1353,1523,0.146055486546709
169,1352,1521,0.14607326143130395
167,1349,1516,0.14609291528373547
168,1345,1513,0.14611697797969495
169,1351,1520,0.1461367566798802
168,1360,1528,0.1461523082035421
169,1352,1521,0.14616876647431482
168,1350,1518,0.14618127182287696
164,1353,1517,0.14619547236101355
167,1346,1513,0.14622061616042276
163,1350,1513,0.14623570220527235
161,1360,1521,0.14626027904709357
162,1339,1501,0.14628838403872535
164,1352,1516,0.14631164550982365
162,1352,1514,0.14632800613897853
167,1358,1525,0.14634848046422794
165,1364,1529,0.1463543959714112
164,1350,1514,0.1463654372234674
161,1348,1509,0.14637877456425938
163,1338,1501,0.14639889852506324
155,1351,1506,0.14641237632057988
160,1357,1517,0.14644737608857558
159,1350,1509,0.14646611514497754
164,1341,1505,0.1464862576740261
162,1343,1505,0.14649084163918824
161,1349,1510,0.1465004408971462
162,1346,1508,0.1465126602197499
163,1351,1514,0.14652121684386887
160,1351,1511,0.14652641858802906
155,1354,1509,0.14653919562337475
155,1341,1496,0.14656471446536756
158,1356,1514,0.14658793972791895
154,1365,1519,0.14660160860944946
156,1351,1507,0.14662568712414978
158,1358,1516,0.14664255008295307
159,1368,1527,0.1466529102082083
156,1370,1526,0.14665989120042222
156,1360,1516,0.14667531732008565
159,1353,1512,0.1466894136035983
159,1359,1518,0.14669395168088373
156,1358,1514,0.14669776515720306
159,1364,1523,0.14670939215952175
161,1362,1523,0.14671261978693903
161,1354,1515,0.14671031347393626
164,1349,1513,0.14670809330994414
161,1348,1509,0.14669757976419373
156,1342,1498,0.14669563143597208
157,1357,1514,0.14670746836912746
156,1362,1518,0.1467152130988795
151,1369,1520,0.14672549653052833
154,1370,1524,0.14674776722794963
154,1367,1521,0.14675994805280607
152,1365,1517,0.1467713231973068
153,1359,1512,0.14678733637150507
153,1361,1514,0.1467991861852045
150,1347,1497,0.1468108058453376
149,1351,1500,0.146830142176205
151,1358,1509,0.14685083090960688
146,1360,1506,0.14686438816652314
150,1356,1506,0.14689087705097686
149,1362,1511,0.1469047040244234
151,1367,1518,0.14692044905734372
152,1369,1521,0.14692942283015287
149,1362,1511,0.14693489958626643
144,1374,1518,0.1469482302010151
147,1376,1523,0.14697460426266798
151,1374,1525,0.14699097853071147
155,1378,1533,0.14699523001190895
155,1376,1531,0.1469878423367415
154,1361,1515,0.14698131966200492
152,1374,1526,0.14697832556457396
148,1365,1513,0.14698100846838216
149,1358,1507,0.14699504848923922
152,1377,1529,0.14700455547267638
153,1372,1525,0.1470048915539781
154,1379,1533,0.14700254762360043
154,1357,1511,0.14699748783501568
153,1365,1518,0.14699222893197963
149,1366,1515,0.14698994501032198
152,1365,1517,0.14699830737296193
150,1362,1512,0.14699809533249433
148,1367,1515,0.1470033163857317
146,1365,1511,0.14701377772585653
146,1361,1507,0.1470289025496996
147,1369,1516,0.14704329510259487
150,1381,1531,0.14705372394181462
148,1388,1536,0.1470553577853264
147,1382,1529,0.14706235681650034
146,1376,1522,0.14707111260599087
144,1371,1515,0.14708184042445574
144,1369,1513,0.14709707498306782
143,1379,1522,0.1471112935472852
142,1372,1514,0.14712732888057997
142,1384,1526,0.14714506825901985
144,1388,1532,0.14716163109514857
142,1387,1529,0.14717141009270204
140,1387,1527,0.1471860463645452
139,1374,1513,0.1472055526977984
141,1369,1510,0.14722649020349432
141,1366,1507,0.14723995712609042
136,1367,1503,0.14725272396604375
137,1374,1511,0.1472786295386841
136,1373,1509,0.14729948779555163
138,1357,1495,0.14732154157469737
137,1370,1507,0.14733641524578034
136,1379,1515,0.1473532343502003
134,1370,1504,0.1473717883042298
134,1367,1501,0.14739484244072643
132,1380,1512,0.14741665953681005
129,1372,1501,0.1474427562601993
128,1385,1513,0.14747554339443605
127,1393,1520,0.14750846103772852
126,1389,1515,0.1475420714368082
124,1405,1529,0.14757643699752473
125,1388,1513,0.1476140602763409
129,1395,1524,0.14764661829491066
130,1402,1532,0.1476660119131297
131,1393,1524,0.14768157777568575
125,1400,1525,0.14769338486169
128,1393,1521,0.1477217010755821
127,1393,1520,0.1477393397882034
127,1402,1529,0.1477590139413409
122,1393,1515,0.14777745588634
122,1394,1516,0.14780972653079025
123,1392,1515,0.14784008929166959
123,1394,1517,0.1478655438997987
124,1390,1514,0.14788886445320476
125,1382,1507,0.14790826442835345
123,1384,1507,0.1479236977324076
122,1394,1516,0.14794377407550674
121,1396,1517,0.14796572522403953
118,1389,1507,0.14798858840904827
118,1393,1511,0.14801825488948814
117,1403,1520,0.1480461370655371
115,1408,1523,0.14807507881749707
115,1394,1509,0.14810771755842464
110,1398,1508,0.14813856290762442
109,1396,1505,0.1481814650594879
105,1410,1515,0.14822453878121883
105,1405,1510,0.1482760355181858
107,1404,1511,0.1483242569767821
107,1395,1502,0.1483635605851745
109,1402,1511,0.14840015573990484
108,1410,1518,0.14842878246401056
107,1421,1528,0.14845876565673907
109,1423,1532,0.1484896345228292
112,1415,1527,0.14851278762150216
110,1422,1532,0.14852598546356993
109,1423,1532,0.14854432450166893
110,1412,1522,0.14856440090643822
109,1410,1519,0.14858047202712277
108,1408,1516,0.148598597685517
105,1412,1517,0.14861862821223584
103,1404,1507,0.14864602618665454
104,1415,1519,0.14867704991380404
102,1432,1534,0.1487033784358601
106,1427,1533,0.14873376374906339
104,1419,1523,0.14875077233307032
106,1424,1530,0.14877271289370345
105,1430,1535,0.14878718487889941
105,1428,1533,0.14880392812299897
102,1421,1523,0.14881970795715815
99,1405,1504,0.14884315948393922
99,1413,1512,0.14887333756726995
97,1418,1515,0.1489014870082908
96,1421,1517,0.14893374729950312
93,1426,1519,0.1489665974049559
90,1419,1509,0.14900635177852015
94,1420,1514,0.149051866841319
93,1422,1515,0.14908296290548106
90,1427,1517,0.1491149400436816
88,1430,1518,0.1491535280233312
91,1435,1526,0.14919550616544178
92,1424,1516,0.1492259775001824
93,1421,1514,0.14925170495720827
90,1413,1503,0.1492730856275211
90,1418,1508,0.14930185301867901
90,1426,1516,0.1493290405656912
91,1439,1530,0.14935440966078717
93,1432,1525,0.1493751142690692
94,1405,1499,0.14938880035460284
89,1404,1493,0.14939865493243873
92,1414,1506,0.14942225744788143
96,1415,1511,0.14943520386602377
97,1423,1520,0.14943586421270405
99,1416,1515,0.14943383412913291
100,1410,1510,0.14942642455863717
99,1418,1517,0.14941686699251086
100,1420,1520,0.14941057848754258
101,1407,1508,0.14940220267318305
97,1412,1509,0.14939128137732471
96,1403,1499,0.149392739991563
96,1415,1511,0.14939678208135143
94,1408,1502,0.14940032130598316
98,1408,1506,0.1494096921818658
95,1432,1527,0.1494068736961323
98,1427,1525,0.14941323627760064
96,1430,1526,0.14941057694722254
96,1430,1526,0.14941418513680568
96,1424,1520,0.1494176395311906
100,1422,1522,0.14942096765390225
98,1404,1502,0.14941292634030717
100,1412,1512,0.1494109907344841
97,1409,1506,0.14940310373798585
96,1419,1515,0.1494042622676277
94,1412,1506,0.14940821118257813
93,1402,1495,0.14941741973082262
93,1411,1504,0.1494287540201493
90,1415,1505,0.14943948136833157
90,1430,1520,0.1494583406832322
86,1436,1522,0.1494763498173881
82,1439,1521,0.1495047460538655
82,1441,1523,0.1495431222872356
83,1435,1518,0.14957882965856842
83,1438,1521,0.14960978993357046
82,1444,1526,0.14963884968373256
79,1451,1530,0.14966905112312023
76,1440,1516,0.14970593266475365
74,1437,1511,0.14974927156425163
77,1435,1512,0.14979543370509255
78,1444,1522,0.14983020757483265
75,1445,1520,0.14985993122078742
77,1433,1510,0.1498966733954486
74,1427,1501,0.14992491518622955
73,1439,1512,0.14996032337111687
74,1437,1511,0.14999645059933028
74,1432,1506,0.15002721633546018
74,1434,1508,0.15005612762469078
69,1425,1494,0.15008289606028394
67,1428,1495,0.15012260362918028
67,1418,1485,0.15016512014580216
64,1433,1497,0.15020509853604957
64,1441,1505,0.1502512957548849
66,1448,1514,0.15029445802663635
68,1438,1506,0.15032906554638864
70,1453,1523,0.15035591536819232
68,1461,1529,0.1503753038328172
69,1466,1535,0.15039954584184087
67,1438,1505,0.1504192395770479
66,1440,1506,0.15044365702117968
71,1431,1502,0.15046934939084786
73,1439,1512,0.15047885536903563
74,1443,1517,0.15048177601452706
77,1455,1532,0.15048156376113184
75,1456,1531,0.15047270793487189
72,1450,1522,0.1504703957875158
70,1446,1516,0.1504771169418442
69,1458,1527,0.1504893312684608
70,1445,1515,0.15050376113858896
69,1448,1517,0.15051431150731046
71,1430,1501,0.15052712458434508
73,1429,1502,0.15053319669304663
70,1441,1511,0.15053306942805142
71,1443,1514,0.150541593517077
71,1446,1517,0.15054656350636397
70,1435,1505,0.15055084603455451
70,1445,1515,0.15055779765120783
70,1440,1510,0.15056423762498974
69,1445,1514,0.1505702542399284
69,1447,1516,0.15057902639007906
67,1441,1508,0.15058737027871788
70,1442,1512,0.15060096188330196
69,1437,1506,0.15060452305593677
70,1452,1522,0.15061069015841264
71,1450,1521,0.15061343574071162
75,1457,1532,0.1506130135676708
76,1455,1531,0.150600919994487
77,1433,1510,0.1505866025098772
75,1445,1520,0.15057017544233767
73,1437,1510,0.15056061774318835
72,1441,1513,0.15055743994327156
73,1435,1508,0.15055723839646304
76,1452,1528,0.15055402116573582
73,1449,1522,0.15054215644348012
74,1453,1527,0.15054009227954385
79,1442,1521,0.15053526982918358
77,1442,1519,0.15051597325222774
74,1442,1516,0.15050406989113818
74,1449,1523,0.15050172622845223
73,1447,1520,0.15049942706514144
70,1439,1509,0.15050018902396012
73,1442,1515,0.15050956353303058
73,1444,1517,0.15050959982931572
69,1449,1518,0.15050962661747502
71,1450,1521,0.15052137932467846
71,1441,1512,0.15052644399031795
69,1436,1505,0.1505312091311302
71,1427,1498,0.15054159282096294
75,1432,1507,0.15054535109022843
75,1428,1503,0.1505371400310919
74,1435,1509,0.15052968781098253
72,1429,1501,0.15052584680303674
73,1449,1522,0.15052863444098386
71,1449,1520,0.1505283288192912
68,1454,1522,0.15053408717925854
65,1453,1518,0.15054820358419407
63,1450,1513,0.1505701092750828
64,1463,1527,0.15059650071173764
65,1450,1515,0.15061802420413348
61,1447,1508,0.15063520542095657
64,1450,1514,0.1506632239131223
62,1447,1509,0.15068052094704285
64,1444,1508,0.1507024889429294
66,1451,1517,0.1507170617995396
64,1438,1502,0.15072476625114173
64,1447,1511,0.150737911489541
63,1460,1523,0.15075014261055286
66,1453,1519,0.15076448000441528
64,1457,1521,0.1507689212652885
62,1458,1520,0.15077921497837876
62,1450,1512,0.15079494457104695
63,1450,1513,0.15080967987370714
62,1451,1513,0.15082060465615524
61,1447,1508,0.1508337511766201
60,1464,1524,0.1508490997377525
61,1470,1531,0.15086638429914617
61,1466,1527,0.15087956543123146
61,1461,1522,0.1508919183784089
59,1464,1523,0.15090351488973855
61,1460,1521,0.15092042793159177
59,1457,1516,0.15093044925369528
61,1453,1514,0.15094611697359944
61,1463,1524,0.15095501094131092
60,1456,1516,0.15096347510556124
59,1453,1512,0.15097434721108485
55,1451,1506,0.1509874044059468
56,1461,1517,0.15101163398890405
56,1458,1514,0.15103132232850677
58,1447,1505,0.1510497760004849
57,1461,1518,0.1510612209737374
59,1451,1510,0.15107510908212662
59,1452,1511,0.151082146549344
57,1449,1506,0.15108880136927677
57,1453,1510,0.15110095307142946
57,1454,1511,0.15111243175024303
60,1452,1512,0.15112300359078668
60,1450,1510,0.15112378460020953
61,1455,1516,0.1511245994914314
63,1453,1516,0.15112248118289087
62,1440,1502,0.15111469084603807
64,1424,1488,0.15111025925707822
61,1423,1484,0.15110023396325314
62,1431,1493,0.15109979140871282
61,1458,1519,0.15109631095053133
64,1439,1503,0.15109595804430423
63,1446,1509,0.15108683577967472
64,1461,1525,0.15108156692381564
59,1458,1517,0.15107412523177935
61,1460,1521,0.1510820392595323
61,1465,1526,0.15108329331512652
60,1459,1519,0.15108448666783006
61,1448,1509,0.15108850259399578
62,1446,1508,0.15108937971555053
64,1453,1517,0.15108749818220965
65,1464,1529,0.15107958435918378
63,1464,1527,0.15106876354932505
62,1458,1520,0.15106444284624676
63,1455,1518,0.1510634146866177
63,1459,1522,0.15105928807044613
63,1458,1521,0.15105560138794197
62,1459,1521,0.15105218462172923
62,1465,1527,0.15105186662609701
61,1456,1517,0.15105181663573003
62,1455,1517,0.151054373544931
60,1451,1511,0.1510535879876765
60,1442,1502,0.15105879715315348
59,1461,1520,0.15106365195068006
58,1467,1525,0.15107105313390448
58,1452,1510,0.15108087653851718
58,1441,1499,0.15108976881959366
60,1446,1506,0.15109827195410894
62,1442,1504,0.15110038503766712
62,1441,1503,0.15109641787903086
62,1441,1503,0.15109286495092752
63,1456,1519,0.15108961780595587
63,1451,1514,0.15108373467438352
62,1458,1520,0.15107833713536686
61,1453,1514,0.15107638196373555
62,1465,1527,0.15107769128828502
62,1462,1524,0.1510757755173191
61,1457,1518,0.15107409935891
60,1447,1507,0.1510754412004078
60,1452,1512,0.15107968024579488
60,1462,1522,0.15108357407019654
59,1462,1521,0.15108710626994612
58,1457,1515,0.1510933056017587
58,1458,1516,0.1511019220725677
57,1463,1520,0.15110993029516478
58,1451,1509,0.15112026033814221
58,1445,1503,0.15112692504599795
58,1446,1504,0.15113322996603348
54,1453,1507,0.15113903985170393
54,1447,1501,0.15115678379047184
56,1469,1525,0.1511734716382886
52,1448,1500,0.15118326480977504
51,1441,1492,0.1512043387159435
51,1440,1491,0.15122690775491615
53,1444,1497,0.15124794555764123
53,1453,1506,0.15126165806975742
56,1437,1493,0.1512744438861969
58,1463,1521,0.151277706001899
59,1464,1523,0.15127506864315143
59,1465,1524,0.1512698238803788
56,1467,1523,0.1512652854548579
56,1458,1514,0.15126983920171896
57,1461,1518,0.1512740324557775
54,1447,1501,0.15127519011594145
54,1465,1519,0.1512852471973367
53,1464,1517,0.15129472481873968
52,1465,1517,0.15130641114150606
50,1476,1526,0.1513203654646801
53,1472,1525,0.15133938433543712
53,1466,1519,0.15134824095758145
53,1465,1518,0.15135660353300529
53,1466,1519,0.15136448666032798
52,1450,1502,0.1513718595965086
51,1454,1505,0.15138169082762082
50,1465,1515,0.1513937488638446
53,1470,1523,0.1514079972151399
52,1467,1519,0.15141220244262926
51,1467,1518,0.1514189929075915
50,1477,1527,0.1514283061877358
51,1470,1521,0.1514400742863999
53,1469,1522,0.15144815756351512
54,1478,1532,0.15144989930385794
53,1476,1529,0.1514484303808386
51,1471,1522,0.1514500305545786
54,1458,1512,0.15145747128669151
54,1475,1529,0.15145550520078696
52,1470,1522,0.15145370100121147
51,1462,1513,0.15145793823318512
53,1478,1531,0.15146477519115747
53,1482,1535,0.15146485354234163
53,1467,1520,0.1514648576079259
52,1455,1507,0.1514647780337706
54,1460,1514,0.1514675493472804
52,1454,1506,0.1514639661517896
55,1469,1524,0.15146652852425252
54,1466,1520,0.15145993845198094
52,1463,1515,0.1514568802372257
50,1463,1513,0.15146017257291927
49,1470,1519,0.15146929721574154
50,1462,1512,0.15148101021937962
51,1478,1529,0.15148904364376337
51,1476,1527,0.15149362470621427
52,1447,1499,0.1514979677831877
51,1450,1501,0.15149913970957748
54,1456,1510,0.1515035372356928
52,1457,1509,0.15149875413274733
53,1454,1507,0.15150038864327234
50,1462,1512,0.1514990355208178
49,1471,1520,0.15150657553896998
52,1476,1528,0.15151652693131828
54,1478,1532,0.1515167919595351
53,1458,1511,0.15151113847137132
49,1455,1504,0.15150864228770658
49,1447,1496,0.15151842637458265
49,1448,1497,0.1515272913579503
49,1451,1500,0.15153535196327772
48,1458,1506,0.15154301570832293
50,1464,1514,0.15155309103910067
49,1464,1513,0.15155654597915288
52,1466,1518,0.15156286835734353
51,1470,1521,0.15155959642973493
50,1471,1521,0.15155960049633146
47,1465,1512,0.15156260333390026
46,1461,1507,0.15157442917157193
44,1458,1502,0.15158866927659356
44,1457,1501,0.15160805283171508
44,1456,1500,0.1516263140121511
44,1464,1508,0.1516433804537423
43,1466,1509,0.15165938449235963
42,1473,1515,0.1516773328332275
42,1463,1505,0.15169721024939442
43,1466,1509,0.15171576803013098
44,1462,1506,0.15173003711206853
45,1464,1509,0.15174035094408886
46,1475,1521,0.15174694795475094
45,1465,1510,0.1517501424597127
45,1464,1509,0.15175617090444368
43,1470,1513,0.15176189242915494
43,1476,1519,0.15177336718236278
42,1473,1515,0.15178404732339662
41,1465,1506,0.15179708791814808
43,1467,1510,0.1518123494120475
41,1460,1501,0.15182044422097385
39,1458,1497,0.15183413196453394
40,1461,1501,0.15185309108294914
40,1470,1510,0.15186776631676063
43,1473,1516,0.15188146293966232
43,1471,1514,0.15188521583961506
42,1468,1510,0.15188885596615612
42,1457,1499,0.1518952439946811
42,1475,1517,0.15190144746267084
43,1475,1518,0.1519072852775249
46,1474,1520,0.15190970643613208
43,1473,1516,0.15190287244848474
44,1478,1522,0.15190573365122895
45,1480,1525,0.15190541679228148
42,1483,1525,0.1519021413991589
42,1468,1510,0.15190811413742777
41,1476,1517,0.1519137088153441
40,1481,1521,0.15192194033856443
37,1493,1530,0.15193254962719405
36,1491,1527,0.15195145937088228
35,1474,1509,0.1519721083022891
36,1473,1509,0.15199432170080449
38,1469,1507,0.1520120449965564
40,1482,1522,0.1520225783166879
39,1481,1520,0.15202640665156417
39,1479,1518,0.15203310215424884
39,1494,1533,0.15203946728121903
38,1479,1517,0.15204546377962697
38,1487,1525,0.15205415142826761
35,1499,1534,0.15206231259515493
36,1498,1534,0.1520791250916228
34,1487,1521,0.15209174108837062
37,1497,1534,0.15210969504870162
38,1497,1535,0.15211736760088918
41,1496,1537,0.15212151385725564
37,1479,1516,0.15211625687783809
37,1472,1509,0.15212376316289913
35,1459,1494,0.1521307374106103
32,1462,1494,0.15214330639616389
30,1474,1504,0.15216411904990335
30,1485,1515,0.15218966828861336
30,1481,1511,0.1522135022926964
27,1492,1519,0.1522357705150776
24,1491,1515,0.15226586887069707
23,1496,1519,0.1523032520902522
23,1486,1509,0.15234140678215644
23,1482,1505,0.15237714242838443
24,1475,1499,0.1524106455783828
25,1478,1503,0.15243896560940112
26,1487,1513,0.15246243556783676
28,1488,1516,0.15248139145618186
28,1486,1514,0.15249300215824646
29,1472,1501,0.1525040127307095
29,1476,1505,0.15251126840257448
30,1479,1509,0.15251816672786908
30,1481,1511,0.15252153093880064
31,1485,1516,0.15252472291953442
30,1488,1518,0.15252462290230137
32,1478,1510,0.15252772673022708
33,1485,1518,0.15252440758013963
32,1496,1528,0.15251826783350345
31,1498,1529,0.15251569249678754
30,1497,1527,0.15251634756087942
31,1484,1515,0.1525201156623428
30,1476,1506,0.15252051697680824
31,1475,1506,0.1525239662129742
29,1478,1507,0.15252406139577337
28,1487,1515,0.15253040551138022
29,1484,1513,0.15253941167713356
31,1481,1512,0.15254473407738975
31,1485,1516,0.15254355356570035
30,1489,1519,0.15254251738046934
30,1489,1519,0.15254462545074643
32,1481,1513,0.15254655577248524
32,1498,1530,0.15254219973996222
32,1481,1513,0.15253813392309706
32,1492,1524,0.15253435762210768
31,1493,1524,0.1525308117196083
29,1480,1509,0.15253062551620478
31,1481,1512,0.15253665354115978
32,1478,1510,0.15253608037224897
32,1482,1514,0.15253251117140298
32,1479,1511,0.15252930153969335
32,1479,1511,0.15252638998088283
31,1475,1506,0.1525236150134145
30,1481,1511,0.1525242221426814
28,1482,1510,0.1525278240579833
28,1490,1518,0.15253733164557862
27,1482,1509,0.15254616939992222
26,1482,1508,0.15255749987340012
26,1501,1527,0.15257117158033645
26,1496,1522,0.15258396975911562
27,1504,1531,0.1525959526083792
25,1503,1528,0.15260408199314132
25,1500,1525,0.15261794310720425
23,1494,1517,0.152630924072305
21,1483,1504,0.15264929839815086
21,1484,1505,0.1526727205613122
21,1490,1511,0.15269468665049346
21,1493,1514,0.15271529259095032
21,1499,1520,0.15273463122550457
20,1506,1526,0.15275281944236116
21,1497,1518,0.15277297359679534
21,1487,1508,0.15278874279034813
21,1508,1529,0.15280353771064117
19,1510,1529,0.15281747694844808
19,1493,1512,0.1528368294719694
19,1489,1508,0.15285505777846503
19,1493,1512,0.15287219132467145
20,1485,1505,0.15288828739586605
20,1480,1500,0.15290026987075872
21,1499,1520,0.15291154287364278
21,1502,1523,0.15291898464683829
21,1484,1505,0.15292600733575046
21,1483,1504,0.15293259955222413
19,1483,1502,0.15293880385566555
17,1484,1501,0.1529508778786441
17,1488,1505,0.1529684896891046
16,1484,1500,0.15298492876293698
17,1491,1508,0.15300347723815402
17,1492,1509,0.153017733746305
17,1509,1526,0.15303112981936068
18,1512,1530,0.15304371585699855
19,1511,1530,0.15305241646442713
18,1508,1526,0.15305748876084924
18,1502,1520,0.15306540409402417
17,1499,1516,0.1530728557852618
20,1503,1523,0.1530829953965236
19,1511,1530,0.1530830672907095
19,1513,1532,0.15308637108555462
19,1514,1533,0.1530895010508847
20,1500,1520,0.15309245866535381
20,1502,1522,0.15309209972325433
20,1486,1506,0.15309180175070614
20,1499,1519,0.15309154945949696
20,1504,1524,0.15309133255722457
21,1503,1524,0.15309114439264543
20,1504,1524,0.15308786284290699
22,1504,1526,0.15308792931932796
23,1497,1520,0.1530817734204783
23,1486,1509,0.15307293150414897
22,1486,1508,0.1530646839531602
21,1479,1500,0.15306009182286293
20,1472,1492,0.15305887618674785
20,1485,1505,0.15306079629659383
20,1501,1521,0.15306255876133276
20,1498,1518,0.15306415732858367
20,1503,1523,0.1530656470796809
20,1503,1523,0.15306699089772668
20,1489,1509,0.15306822920665422
19,1490,1509,0.15306937747905233
19,1480,1499,0.1530735644532425
21,1483,1504,0.153077482273025
20,1484,1504,0.15307490905570936
20,1498,1518,0.15307560956000332
21,1507,1528,0.15307626237786146
21,1497,1518,0.15307375352316807
21,1494,1515,0.15307143366297632
20,1496,1516,0.15306927090343173
19,1485,1504,0.1530704351289542
19,1494,1513,0.15307465149888988
18,1487,1505,0.15307860180301852
17,1493,1510,0.15308546316533633
19,1478,1497,0.1530949898077724
21,1481,1502,0.15309767771255525
20,1478,1498,0.15309399588320394
20,1499,1519,0.15309368734178294
19,1501,1520,0.15309341960367487
18,1501,1519,0.153096280967338
17,1507,1524,0.15310208712134693
18,1491,1509,0.15311061927009129
17,1497,1514,0.15311543635020394
18,1483,1501,0.15312312887665228
21,1481,1502,0.1531271568916912
18,1487,1505,0.15312160040424672
19,1482,1501,0.1531257937612235
18,1490,1508,0.15312658844534904
17,1489,1506,0.15313050338970405
14,1490,1504,0.15313724469827972
15,1495,1510,0.15315297640990422
15,1487,1502,0.15316452844857598
14,1495,1509,0.1531753365555863
13,1500,1513,0.1531885803817364
15,1493,1508,0.15320412430066313
14,1504,1518,0.15321240969073707
13,1497,1510,0.15322337259478483
12,1511,1523,0.15323679507631036
12,1506,1518,0.1532525623926899
12,1519,1531,0.15326736961090412
12,1513,1525,0.1532812707888985
11,1514,1525,0.1532943216140368
10,1513,1523,0.15330973933762418
10,1510,1520,0.1533273743817793
10,1493,1503,0.15334392866875718
9,1505,1514,0.15335944719801767
9,1504,1513,0.15337722072616608
9,1508,1517,0.15339387505624152
9,1511,1520,0.1534095032382365
9,1515,1524,0.15342417439070122
10,1509,1519,0.15343795082203415
10,1516,1526,0.15344770335047692
9,1516,1525,0.15345687480176942
9,1506,1515,0.15346866432899517
9,1512,1521,0.15347974418506038
10,1496,1506,0.15349015296318602
9,1492,1501,0.15349674540611793
9,1497,1506,0.15350614563052095
7,1505,1512,0.15351499602792137
7,1505,1512,0.15352968729804672
7,1517,1524,0.15354349527818417
9,1521,1530,0.15355646637214396
9,1518,1527,0.15356227117390361
8,1505,1513,0.15356775940872036
8,1514,1522,0.15357617605244417
8,1513,1521,0.15358409121361555
8,1509,1517,0.15359153036114567
8,1509,1517,0.15359852182469325
8,1507,1515,0.1536050925485969
8,1515,1523,0.15361126807847086
7,1511,1518,0.15361707247273196
7,1514,1521,0.15362570372174994
7,1510,1517,0.15363380304670973
8,1508,1516,0.15364140280105126
8,1504,1512,0.15364534484162945
7,1515,1522,0.15364905016617647
7,1521,1528,0.1536557414834851
7,1529,1536,0.153662013596496
7,1524,1531,0.1536678969503744
7,1531,1538,0.1536734208352473
7,1512,1519,0.153678609718905
7,1513,1520,0.1536834852056937
7,1512,1519,0.15368806694717352
7,1518,1525,0.15369237308211237
7,1518,1525,0.15369642047794868
7,1523,1530,0.1537002248826808
6,1528,1534,0.1537038010325474
7,1518,1525,0.1537103698532426
7,1511,1518,0.153713340079869
9,1500,1509,0.1537161355603672
10,1511,1521,0.15371238210991886
10,1516,1526,0.15370564697561517
10,1510,1520,0.15369932242562429
12,1517,1529,0.15369344395051202
13,1512,1525,0.15368158223877817
13,1513,1526,0.15366730210982016
13,1510,1523,0.15365392257238317
13,1503,1516,0.1536413788499702
13,1507,1520,0.1536296138318606
13,1507,1520,0.15361857539953852
13,1506,1519,0.15360821594734259
13,1486,1499,0.15359849172306853
13,1506,1519,0.15358936229446404
13,1510,1523,0.1535807901455633
13,1500,1513,0.15357274036686236
13,1495,1508,0.15356518040917527
14,1493,1507,0.15355807988079828
14,1498,1512,0.15354824154522972
15,1495,1510,0.15353901618997504
15,1490,1505,0.15352719948929427
16,1484,1500,0.15351609245923495
16,1501,1517,0.15350253885622986
16,1520,1536,0.1534898359748528
16,1515,1531,0.15347792260488002
15,1503,1518,0.15346674482830291
15,1491,1506,0.1534594066964895
13,1512,1525,0.15345250603724106
13,1513,1526,0.15345228026215282
13,1515,1528,0.15345204568074602
12,1496,1508,0.15345180391075586
11,1501,1512,0.15345474745939022
11,1502,1513,0.15346059822703437
10,1489,1499,0.15346605231129332
10,1487,1497,0.1534743073138634
9,1511,1520,0.15348203649710507
8,1499,1507,0.15349247052920095
8,1507,1515,0.15350539785782666
8,1493,1501,0.15351752065519744
8,1492,1500,0.15352889753516508
10,1511,1521,0.15353956797534332
9,1498,1507,0.1535432331217843
9,1505,1514,0.15354986893236422
9,1520,1529,0.15355611279149636
9,1516,1525,0.15356197804099006
10,1510,1520,0.15356748699807748
10,1518,1528,0.1535694740457547
9,1507,1516,0.15357135380962106
8,1510,1518,0.15357629348960167
8,1490,1498,0.15358409459602512
8,1499,1507,0.1535914113701203
8,1495,1503,0.15359827971314036
8,1505,1513,0.15360472999200064
8,1502,1510,0.15361078932697605
7,1506,1513,0.1536164824216273
7,1510,1517,0.15362503179665488
7,1513,1520,0.15363306989961198
7,1512,1519,0.15364062195163433
6,1527,1533,0.1536477165804277
6,1528,1534,0.15365757511587047
6,1518,1524,0.15366682812256435
6,1514,1520,0.15367552162306822
5,1514,1519,0.15368369256614808
4,1511,1515,0.15369458845733144
4,1508,1512,0.15370803529125582
4,1511,1515,0.15372067041727985
4,1516,1520,0.15373254512583065
4,1513,1517,0.1537437069635338
5,1510,1515,0.15375419984738803
5,1517,1522,0.15376085077617077
5,1516,1521,0.15376710818204462
5,1512,1517,0.15377299504322425
5,1506,1511,0.15377853333601163
4,1511,1515,0.1537837431622065
4,1501,1505,0.15379187075694425
4,1506,1510,0.15379950668285366
3,1503,1506,0.15380667892134026
2,1509,1511,0.15381663185714206
2,1517,1519,0.15382920959682508
2,1521,1523,0.15384103601765983
2,1515,1517,0.15385215376243197
2,1515,1517,0.15386260571273966
2,1514,1516,0.15387243279212667
2,1511,1513,0.15388167319501206
2,1517,1519,0.15389036252750776
2,1514,1516,0.15389853405184545
2,1499,1501,0.15390621890155612
2,1523,1525,0.15391344625897405
2,1531,1533,0.15392024350381425
2,1528,1530,0.15392663634107995
2,1522,1524,0.1539326489140353
2,1521,1523,0.1539383039059617
2,1512,1514,0.15394362263307645
2,1514,1516,0.15394862513016097
2,1519,1521,0.15395333022994315
2,1516,1518,0.1539577556369763
2,1515,1517,0.15396191799657094
2,1506,1508,0.15396583295922273
2,1513,1515,0.15396951524090352
2,1515,1517,0.15397297867953116
2,1521,1523,0.1539762362878968
2,1516,1518,0.15397930030329746
2,1512,1514,0.15398218223410123
2,1509,1511,0.15398489290344888
2,1519,1521,0.15398744249028185
2,1519,1521,0.15398984056787016
1,1522,1523,0.1539920961400003
1,1523,1524,0.15399747098215374
1,1525,1526,0.1540025298224309
1,1514,1515,0.15400728298664884
1,1518,1519,0.15401174993462308
1,1514,1515,0.15401594908445582
1,1509,1510,0.1540198972471461
1,1515,1516,0.15402360988550176
1,1506,1507,0.15402710133568037
1,1509,1510,0.15403038495849264
1,1524,1525,0.15403347324574448
1,1529,1530,0.1540363778999575
1,1523,1524,0.1540391098979356
1,1517,1518,0.15404167954403505
1,1517,1518,0.15404409651647658
0,1511,1511,0.15404636990865675
