1372,29,1401,0.13584059805185453
1408,30,1438,0.13300749930917913
1415,34,1449,0.13032250515747423
1411,38,1449,0.12785536580394158
1417,39,1456,0.12561655423440468
1441,44,1485,0.1235586566008627
1432,44,1476,0.12162047211218396
1441,47,1488,0.11987665981747421
1438,49,1487,0.11826446094109806
1444,50,1494,0.11680311068150491
1434,53,1487,0.11545632249505626
1436,53,1489,0.11425288042897402
1441,53,1494,0.1131516521017128
1447,50,1497,0.11213620571744802
1461,54,1515,0.11119673317192941
1454,53,1507,0.11030820702231887
1444,51,1495,0.1095152570087682
1448,51,1499,0.10881534237504308
1448,51,1499,0.10816869568791197
1461,52,1513,0.10757945678057715
1447,53,1500,0.10701344488209646
1435,53,1488,0.10652918513069679
1423,55,1478,0.10611434189227338
1433,55,1488,0.10576324364364346
1428,57,1485,0.10542119304756564
1438,56,1494,0.10512074821752648
1428,53,1481,0.10482479364020783
1423,53,1476,0.10457723641366207
1433,51,1484,0.10436222210405187
1429,51,1480,0.10414448786376157
1437,50,1487,0.10395475567873395
1435,50,1485,0.10376457054256268
1444,50,1494,0.10359502213313103
1450,51,1501,0.10342084499872616
1454,52,1506,0.10324927912009045
1458,53,1511,0.10308451946139019
1453,53,1506,0.1029254970077927
1453,54,1507,0.10279151701945599
1451,53,1504,0.10266947577543992
1450,54,1504,0.10256278659690192
1454,55,1509,0.10246791132067479
1453,56,1509,0.10237240273608965
1446,57,1503,0.10228752703156424
1441,57,1498,0.10222560860517536
1435,62,1497,0.1021801607262638
1438,64,1502,0.10215138956796078
1434,65,1499,0.10211886568571167
1440,64,1504,0.10209804650392336
1445,63,1508,0.10206627440733186
1445,62,1507,0.10202658819961684
1426,58,1484,0.10199032002406427
1431,59,1490,0.1019978568326368
1420,63,1483,0.10199457259028176
1427,61,1488,0.10201505313352105
1432,60,1492,0.10201845068270991
1424,61,1485,0.10201107668386351
1411,61,1472,0.10202152430364751
1419,62,1481,0.10205902110189878
1428,61,1489,0.10207595328948794
1439,63,1502,0.10207193841699726
1447,60,1507,0.10204494073374412
1431,56,1487,0.10200333653011519
1425,61,1486,0.10199969273522573
1427,62,1489,0.1020092347834776
1438,63,1501,0.1020139681846913
1433,63,1496,0.10199441834163273
1428,61,1489,0.10198722165448583
1427,63,1490,0.10199147454298071
1425,62,1487,0.10199754880404126
1419,64,1483,0.10200705354971545
1425,66,1491,0.10202884582484467
1431,69,1500,0.10203613471124458
1438,65,1503,0.10202985903509836
1435,68,1503,0.10200910972840994
1420,65,1485,0.10199662736354558
1424,64,1488,0.10201775358733797
1411,67,1478,0.10202857002918268
1407,67,1474,0.10206578059827855
1408,75,1483,0.10210819546977362
1423,80,1503,0.10214462709410728
1430,79,1509,0.10214589621319382
1423,79,1502,0.10213165701779911
1417,76,1493,0.10213401270055417
1423,74,1497,0.10214924099188806
1431,74,1505,0.10215011693343602
1430,76,1506,0.10213319327439711
1425,76,1501,0.1021201495820698
1415,78,1493,0.10211931253233483
1409,80,1489,0.10213996031656954
1413,77,1490,0.10217166188415679
1413,77,1490,0.10219206242873835
1415,73,1488,0.10221077808601646
1420,75,1495,0.10222335273737584
1414,73,1487,0.10222391446975763
1416,70,1486,0.10223751684968713
1426,72,1498,0.10224600319485716
1428,74,1502,0.10223240952171526
1426,74,1500,0.1022153818980021
1421,75,1496,0.10220379690129494
1411,74,1485,0.10220373707029146
1417,73,1490,0.1022252498708955
1423,72,1495,0.10223234982728993
1428,72,1500,0.10222571182968497
1420,73,1493,0.10220850432294083
1416,72,1488,0.1022099871339951
1421,71,1492,0.10222023980406295
1432,72,1504,0.10221891194840964
1426,69,1495,0.10219425979354443
1421,71,1492,0.10218460799480138
1408,69,1477,0.10218626439924282
1414,69,1483,0.10221596859196076
1412,68,1480,0.10223060428435542
1415,71,1486,0.10224825991864436
1432,69,1501,0.10225786198121549
1427,69,1496,0.10222945116211413
1429,69,1498,0.10221474365841512
1440,70,1510,0.10219694607415622
1424,69,1493,0.10215750329061357
1434,67,1501,0.10215629704194129
1447,67,1514,0.1021332602879836
1441,69,1510,0.10208472164995332
1428,69,1497,0.10205326054786124
1425,68,1493,0.10205229363723202
1428,68,1496,0.10205777979676153
1431,66,1497,0.10205562016860995
1432,66,1498,0.10204763221282055
1434,64,1498,0.1020382593351259
1431,66,1497,0.10202522418114231
1433,63,1496,0.10201998098955281
1434,66,1500,0.10201096493868324
1433,67,1500,0.10200078717149313
1419,65,1484,0.10199343266840102
1420,66,1486,0.10201686667820262
1416,71,1487,0.10203628369521148
1425,72,1497,0.10206268012007597
1423,70,1493,0.10206725766140702
1429,68,1497,0.10207554000767675
1417,70,1487,0.10207047255698289
1428,70,1498,0.102091497792629
1442,69,1511,0.10208706308980334
1449,70,1519,0.10205263691059649
1433,72,1505,0.10200653964700286
1437,72,1509,0.10199908336883645
1429,75,1504,0.10198381276003979
1441,71,1512,0.1019868245820323
1433,71,1504,0.10196386039925925
1423,67,1490,0.10195989938560981
1415,64,1479,0.10197793828787376
1399,67,1466,0.1020113168917603
1399,69,1468,0.10207617620465256
1412,73,1485,0.10213483742470139
1402,75,1477,0.10216103561839684
1399,75,1474,0.10220671644331386
1403,78,1481,0.1022545085126595
1406,78,1484,0.10228969239588824
1413,78,1491,0.10231572144397313
1415,76,1491,0.10232449846145507
1414,75,1489,0.1023287227324859
1427,76,1503,0.10233475045261865
1426,77,1503,0.10231221525609178
1421,78,1499,0.10229375200792369
1416,74,1490,0.10228758284152771
1411,73,1484,0.10229312190664812
1419,72,1491,0.10230864631745952
1428,76,1504,0.10230508213727116
1416,74,1490,0.10228266430375925
1411,71,1482,0.10228815491697914
1419,70,1489,0.10230385193197686
1411,71,1482,0.10230071544284566
1409,72,1481,0.10231503483786217
1412,73,1485,0.10233229032252805
1410,75,1485,0.10234162083065501
1404,74,1478,0.10235440857929784
1417,75,1492,0.10237957800845462
1424,78,1502,0.10237424844709993
1434,80,1514,0.10235407489714396
1427,78,1505,0.10231414190524024
1437,74,1511,0.10229300220048979
1432,79,1511,0.1022529094234479
1433,80,1513,0.10222679430602642
1420,77,1497,0.10220062430273441
1420,79,1499,0.10220473013262399
1409,76,1485,0.10220863121148085
1413,78,1491,0.10223588417440783
1410,82,1492,0.1022525759556536
1421,80,1501,0.10227440714368197
1407,79,1486,0.10227074993097585
1394,83,1477,0.10229747041822668
1396,82,1478,0.10234953622005065
1393,84,1477,0.10239250515718266
1393,85,1478,0.10243863474493882
1406,84,1490,0.10248016272593467
1393,87,1480,0.10249008207955214
1393,86,1479,0.10252723344081838
1404,84,1488,0.10256128970906488
1405,85,1490,0.10256864199987635
1408,83,1491,0.10257349502639528
1404,85,1489,0.10257131001629174
1413,84,1497,0.10257766625377787
1406,86,1492,0.10256417237724387
1404,88,1492,0.10256771722710166
1411,89,1500,0.1025750127831232
1406,87,1493,0.1025667375761266
1410,88,1498,0.1025697510325622
1422,88,1510,0.10256363912308107
1428,91,1519,0.1025323765730511
1424,96,1520,0.10249087424590546
1412,98,1510,0.10246176536766419
1408,99,1507,0.10246136142640527
1414,101,1515,0.10247010881637804
1404,98,1502,0.10246510862803966
1408,95,1503,0.10248168706672281
1424,97,1521,0.1024884562245693
1412,91,1503,0.10246028524940953
1413,92,1505,0.10246037334348145
1405,89,1494,0.10245790283423412
1391,91,1482,0.10247221453708345
1386,95,1481,0.10251526089816965
1401,100,1501,0.10256578487990581
1395,102,1497,0.10257979430791025
1392,101,1493,0.10260566989565512
1384,104,1488,0.10263579568087511
1383,107,1490,0.10268058136256218
1393,107,1500,0.102723892953043
1398,106,1504,0.1027417911644486
1396,109,1505,0.10274790254499898
1393,105,1498,0.10275776916265032
1395,101,1496,0.10277353297779829
1388,102,1490,0.1027836426041298
1387,103,1490,0.1028078720962972
1386,100,1486,0.10283140920862543
1399,104,1503,0.10285520228904531
1403,111,1514,0.10284892217347283
1387,110,1497,0.10283479449260569
1380,113,1493,0.10285634722813324
1388,116,1504,0.10289123122269718
1389,118,1507,0.10290591952499448
1367,119,1486,0.10291767868843892
1375,120,1495,0.10297608284977104
1376,119,1495,0.10301231236004708
1375,119,1494,0.10304338435449287
1379,117,1496,0.10307378282949936
1379,116,1495,0.10309313454422565
1388,116,1504,0.10311093944511547
1380,119,1499,0.10310759739504054
1378,120,1498,0.10312198715773874
1370,121,1491,0.10313884267473654
1379,117,1496,0.10317143194544987
1386,121,1507,0.10318160234090913
1366,117,1483,0.10317558786537136
1368,116,1484,0.10321311511850081
1368,119,1487,0.10324307205349202
1379,117,1496,0.10327050629946438
1393,115,1508,0.1032721578594916
1378,117,1495,0.10324342267878325
1375,116,1491,0.10324964631324067
1382,117,1499,0.10326199025538177
1384,117,1501,0.10325817534531552
1368,122,1490,0.10325013973834958
1376,125,1501,0.10327818355833315
1370,129,1499,0.10328668542346682
1361,129,1490,0.10330733712222137
1375,124,1499,0.10334574552351845
1372,124,1496,0.10335028412812658
1374,123,1497,0.10336082739941128
1373,126,1499,0.10336566371507033
1382,129,1511,0.10337182133442145
1373,130,1503,0.10335802833102353
1379,132,1511,0.10336512150401912
1373,129,1502,0.10335889370434515
1387,133,1520,0.1033660249492066
1392,131,1523,0.10334286335707364
1381,127,1508,0.10331088546150767
1371,127,1498,0.1033052977946345
1365,122,1487,0.10332148758680047
1353,122,1475,0.10334925613495473
1357,126,1483,0.10340104041844493
1358,127,1485,0.1034394803852403
1358,126,1484,0.10347238602468675
1366,125,1491,0.1035029911580371
1363,128,1491,0.10351399808300041
1379,128,1507,0.1035304178919684
1368,128,1496,0.10351102020048178
1368,132,1500,0.10351701296314954
1364,128,1492,0.10352216293348743
1364,126,1490,0.10353577331701619
1370,131,1501,0.10354818749133164
1363,134,1497,0.1035463757586472
1362,130,1492,0.10355996644991777
1361,134,1495,0.10357469743243777
1367,134,1501,0.10358961173155996
1364,128,1492,0.10358941858739296
1368,128,1496,0.103595710648522
1362,128,1490,0.10359269187072073
1380,127,1507,0.10360304031662818
1370,127,1497,0.1035733902819981
1370,126,1496,0.10356830116481656
1378,124,1502,0.10356325321054623
1376,122,1498,0.10354105128873403
1370,120,1490,0.10352477434311844
1365,119,1484,0.10352347040809207
1367,119,1486,0.10353356729378714
1361,122,1483,0.1035376919887311
1375,123,1498,0.10355420082150775
1382,125,1507,0.10353945157473161
1382,131,1513,0.10351064226861788
1367,137,1504,0.10348423935671412
1372,136,1508,0.10349243102700026
1361,140,1501,0.10348963597351521
1377,136,1513,0.1035107699514154
1384,133,1517,0.10349621236787719
1366,137,1503,0.10346777054431607
1367,139,1506,0.10348047688041215
1363,141,1504,0.1034905339408051
1370,142,1512,0.10350828273298046
1366,139,1505,0.10350928065037765
1373,135,1508,0.10351935963199672
1355,137,1492,0.10351322975923374
1345,137,1482,0.10354705788082719
1357,137,1494,0.10359959134994766
1355,143,1498,0.10362195823161947
1351,144,1495,0.1036462946214858
1354,140,1494,0.10367710433870295
1352,145,1497,0.10369921055649133
1342,146,1488,0.10372417795161423
1328,149,1477,0.10376937484957505
1327,148,1475,0.10384130864401822
1336,149,1485,0.10390974590771972
1333,146,1479,0.10395232483598967
1333,151,1484,0.10399736342383666
1341,149,1490,0.10403828179195435
1344,151,1495,0.1040580476680071
1346,152,1498,0.1040693520943274
1339,155,1494,0.10407509070776826
1342,154,1496,0.10409611980640665
1335,156,1491,0.1041090726769533
1335,163,1498,0.10413632191202016
1340,166,1506,0.10416143362577956
1344,168,1512,0.10417361570532811
1334,164,1498,0.10417643716549163
1333,165,1498,0.10420038484647391
1323,170,1493,0.10422435176876903
1343,173,1516,0.10426886662749006
1334,173,1507,0.10426604009948832
1324,177,1501,0.10428352369562799
1332,175,1507,0.10432086981040938
1322,175,1497,0.10433795334077685
1330,176,1506,0.10437536481545832
1337,174,1511,0.10439270225782565
1334,179,1513,0.10439363568377578
1322,182,1504,0.10440121644684261
1322,180,1502,0.10443441462176488
1317,183,1500,0.10446518198581088
1307,187,1494,0.10450415356814866
1305,187,1492,0.10456159441448908
1297,186,1483,0.10461859939595376
1305,186,1491,0.10468846621370062
1302,189,1491,0.10473462737220383
1304,193,1497,0.10478384138273081
1301,199,1500,0.10482413771608215
1298,203,1501,0.10486834912009925
1287,205,1492,0.10491547995836709
1290,210,1500,0.10498321362589166
1286,213,1499,0.10503886971155886
1284,214,1498,0.10509901271369572
1278,211,1489,0.10515906459687929
1270,210,1480,0.1052275335543148
1272,214,1486,0.10530844291724023
1267,213,1480,0.10537805907222796
1274,213,1487,0.10545375660169505
1279,217,1496,0.10550770805236474
1281,221,1502,0.1055457776209947
1273,220,1493,0.10557649901167103
1275,221,1496,0.10562263691078541
1266,223,1489,0.10566000718928342
1272,225,1497,0.10571422093346493
1282,224,1506,0.10575043258569299
1276,221,1497,0.10576179552845738
1270,223,1493,0.10578576043705215
1275,224,1499,0.10582181465958204
1272,218,1490,0.1058442966171345
1271,222,1493,0.1058724759649405
1272,228,1500,0.10590052327076822
1277,232,1509,0.10592497762878103
1275,231,1506,0.10593645293895343
1274,228,1502,0.10595115536039118
1277,232,1509,0.10596720634527329
1277,227,1504,0.10597516523788851
1269,231,1500,0.10598362182280767
1252,231,1483,0.10600954668662542
1252,239,1491,0.10607025078673488
1253,242,1495,0.10612544975423044
1236,240,1476,0.10617364403152685
1238,242,1480,0.10625482078470803
1240,241,1481,0.10632494177154893
1233,249,1482,0.10638466357607318
1237,254,1491,0.10645503720159127
1230,259,1489,0.10651082020211405
1230,257,1487,0.10657789907934434
1225,260,1485,0.10663967342873015
1223,264,1487,0.10670830974551024
1222,267,1489,0.10677606302151632
1219,267,1486,0.10684038336651065
1226,266,1492,0.10690596412908071
1233,269,1502,0.10695048234918389
1235,267,1502,0.10697612744009129
1229,269,1498,0.1069950218044821
1234,274,1508,0.1070254526979545
1223,273,1496,0.10704234788533185
1227,272,1499,0.10708248398403755
1230,280,1510,0.1071105284159972
1233,282,1515,0.10713038111813152
1232,281,1513,0.10714206753913653
1238,278,1516,0.10715574821948094
1231,274,1505,0.10715569144660324
1236,276,1512,0.10717187912934197
1220,273,1493,0.10717552582523865
1234,277,1511,0.10721500055379131
1221,280,1501,0.10722029551524319
1215,280,1495,0.1072540772307515
1208,281,1489,0.10729833502021986
1210,281,1491,0.1073541596821212
1200,279,1479,0.10740194784111491
1202,283,1485,0.10746737523320958
1197,289,1486,0.10752310509610737
1200,286,1486,0.10758524128097982
1185,284,1469,0.10763525307233839
1199,287,1486,0.10771576572797344
1203,296,1499,0.10775807357897765
1199,299,1498,0.107787974732564
1186,303,1489,0.10782426357261198
1185,305,1490,0.1078870676664078
1192,305,1497,0.10794743010825945
1194,304,1498,0.10798740296989476
1199,301,1500,0.10801911957698594
1201,301,1502,0.10803706453691458
1200,295,1495,0.10804890868777531
1201,295,1496,0.10806228843030385
1199,297,1496,0.10807164607120871
1201,305,1506,0.10808428466055237
1204,306,1510,0.10809214021974446
1199,312,1511,0.10809351921531307
1187,316,1503,0.10810558057939089
1194,314,1508,0.10814423170804462
1189,318,1507,0.10816482103980553
1185,321,1506,0.10819450619633145
1192,313,1505,0.1082305282156421
1181,312,1493,0.10824706749804996
1187,314,1501,0.10828631150751375
1178,316,1494,0.10831001721469516
1178,323,1501,0.10835171487563482
1166,321,1487,0.10839040763632336
1179,320,1499,0.10845274677769368
1181,321,1502,0.1084810234490459
1181,321,1502,0.10850345113622474
1183,323,1506,0.10852442617886221
1180,327,1507,0.10853973130703735
1179,330,1509,0.10856103911442341
1166,330,1496,0.10858321792197581
1165,332,1497,0.10863252465825399
1166,331,1497,0.10868037444243928
1158,331,1489,0.10872196781802679
1142,332,1474,0.10877859187657295
1147,342,1489,0.10886698646335852
1150,347,1497,0.10893736289102511
1155,345,1500,0.10899398556495975
1162,350,1512,0.10903562044953898
1156,344,1500,0.10905710577022963
1158,349,1507,0.10909047198569834
1159,344,1503,0.10911670924850535
1155,334,1489,0.10913850926440982
1151,332,1483,0.10916855881468755
1150,336,1486,0.10920487007337813
1144,334,1478,0.10924118736222545
1141,333,1474,0.10928867098715143
1156,335,1491,0.10933761178028682
1145,338,1483,0.10934907609089282
1129,338,1467,0.10938343295212323
1128,340,1468,0.10945234627869371
1143,353,1496,0.10951859163235741
1151,352,1503,0.10954622380329379
1151,355,1506,0.10955356238380055
1144,354,1498,0.10956075246836482
1143,354,1497,0.10958365314508046
1144,354,1498,0.10960780306180858
1143,358,1501,0.10962793822296531
1145,361,1506,0.10965042435566723
1142,354,1496,0.1096664723994645
1153,351,1504,0.10968747113706837
1154,356,1510,0.10968075281166076
1146,360,1506,0.10967199973472493
1149,360,1509,0.10968194410859092
1136,353,1489,0.10968421236339328
1135,356,1491,0.10971542459556584
1126,354,1480,0.10974657450796307
1146,360,1506,0.10979567550503982
1144,361,1505,0.10979511096760124
1150,361,1511,0.1097994366925736
1143,366,1509,0.10979056369584442
1123,368,1491,0.10979854929436027
1129,376,1505,0.10985181991424094
1119,377,1496,0.10988749364772764
1110,378,1488,0.10994435720775193
1125,380,1505,0.11001700220700063
1122,383,1505,0.1100504097909249
1109,388,1497,0.11008752060124127
1099,383,1482,0.11015013933731167
1108,384,1492,0.11023135190744156
1091,387,1478,0.11028586372573557
1093,390,1483,0.11037451156020398
1094,390,1484,0.1104511239266424
1093,389,1482,0.11051955321879423
1101,399,1500,0.11058543214817579
1102,401,1503,0.11062874233499198
1103,405,1508,0.11066568381990315
1101,405,1506,0.11069773753895727
1105,407,1512,0.11073273608353752
1099,409,1508,0.11075635070477471
1095,410,1505,0.11079226849437583
1089,414,1503,0.1108347900363176
1093,417,1510,0.11088729108750356
1080,427,1507,0.1109271063074264
1073,428,1501,0.11099436550838075
1067,425,1492,0.11107170864861952
1068,424,1492,0.11115585807656014
1070,422,1492,0.11123072209577924
1074,422,1496,0.11129474731713525
1073,422,1495,0.11134313284444339
1075,425,1500,0.11138993483295526
1076,429,1505,0.11142792161470988
1083,425,1508,0.11146051589977884
1082,416,1498,0.11147604554189944
1089,423,1512,0.11149275285397459
1090,424,1514,0.11149118443816629
1079,425,1504,0.1114872792186228
1067,422,1489,0.11150947695275412
1067,423,1490,0.11155738619568922
1073,426,1499,0.11160217645961587
1079,426,1505,0.11162929286876715
1075,425,1500,0.11164097558017858
1078,431,1509,0.11166090879656983
1069,432,1501,0.1116729691969868
1074,428,1502,0.11170468524590751
1066,434,1500,0.1117229088965584
1074,443,1517,0.11175843843144913
1063,439,1502,0.11177211217703627
1071,441,1512,0.11181001404962189
1069,435,1504,0.11182541389021741
1072,444,1516,0.11184355597974825
1072,446,1518,0.11185377176244803
1074,446,1520,0.11186327001289476
1062,446,1508,0.1118672602001476
1063,450,1513,0.11189838238756962
1049,449,1498,0.11192452982516823
1042,447,1489,0.1119805586303682
1054,447,1501,0.11204807288202816
1061,456,1517,0.11208352709123606
1056,453,1509,0.11209943569433209
1054,454,1508,0.11212647246741302
1042,460,1502,0.11215607547237509
1043,459,1502,0.11221080618756699
1036,468,1504,0.1122582961871036
1038,472,1510,0.11231740867707017
1038,471,1509,0.11236761068460219
1033,465,1498,0.11241394760839973
1034,468,1502,0.11246833009905258
1027,469,1496,0.112516211891006
1029,460,1489,0.11257684707562401
1029,466,1495,0.11262845448796917
1033,470,1503,0.1126770666986819
1032,472,1504,0.11271363557421395
1037,471,1508,0.11275000649523052
1035,478,1513,0.11277129401126781
1035,479,1514,0.11279612657587186
1029,472,1501,0.11281906786277235
1026,480,1506,0.11285376546492816
1020,475,1495,0.1128927290284319
1023,476,1499,0.11294276433142635
1031,472,1503,0.112981747066992
1026,489,1515,0.11299859446062943
1029,493,1522,0.11302658790663177
1025,494,1519,0.11304538562373857
1023,483,1506,0.11307227634666944
1027,482,1509,0.11310255956953918
1021,481,1502,0.11312051945328917
1024,485,1509,0.11315219079955874
1020,494,1514,0.11317414430443516
1012,494,1506,0.11320434449387339
1007,496,1503,0.1132511749337641
1011,494,1505,0.11330561233965135
1009,502,1511,0.11334723718601339
1007,499,1506,0.11338981148856017
1009,496,1505,0.11343399351321327
1010,506,1516,0.11346975164852963
1007,504,1511,0.11350041928740548
1015,498,1513,0.11353599558367505
1015,503,1518,0.11355009747157513
999,511,1510,0.11356304691342446
997,504,1501,0.11361258617963625
1002,502,1504,0.11366307133335955
1003,496,1499,0.11369691991130275
1008,492,1500,0.11372538722659475
1009,493,1502,0.11373929921688632
1011,491,1502,0.11374998541309825
1009,494,1503,0.11375582650581405
1012,476,1488,0.1137659066538653
1015,484,1499,0.11376775954916547
1030,485,1515,0.11376197167576926
1024,481,1505,0.11372104733938329
1007,487,1494,0.11369774414182934
1005,493,1498,0.11371551152620984
1011,497,1508,0.11373680748643132
1012,500,1512,0.11374271664296241
1010,501,1511,0.11374529360520076
1019,498,1517,0.11375239631863732
1012,491,1503,0.11373737619220975
1010,484,1494,0.11373989000313042
998,485,1483,0.11374629435686077
984,493,1477,0.11377995950676528
978,497,1475,0.11384421518102009
967,508,1475,0.1139180113491643
964,513,1477,0.11401159219051277
960,512,1472,0.11410450527697627
965,510,1475,0.11419982124208515
984,515,1499,0.11427747359936942
988,514,1502,0.1143038896771938
985,517,1502,0.11431887237137438
978,520,1498,0.11434091511147233
966,518,1484,0.11437895662355321
972,529,1501,0.11444289915835569
966,532,1498,0.11448711466605435
982,532,1514,0.11454188951213251
982,534,1516,0.11455494487997823
982,532,1514,0.11456803477717753
976,534,1510,0.11457988745849498
969,530,1499,0.11460650887653388
989,531,1520,0.1146469364567223
984,534,1518,0.11463714973414102
984,535,1519,0.11464015242754103
969,533,1502,0.11464289034117972
960,538,1498,0.11468130441144854
953,531,1484,0.1147378662043665
956,521,1477,0.11480680456398595
961,527,1488,0.11486450088898056
968,522,1490,0.1149057273702547
970,527,1497,0.1149266177277422
979,525,1504,0.11494225704772276
971,526,1497,0.11493376548896883
975,528,1503,0.11494346479150437
972,526,1498,0.11494484802651267
976,531,1507,0.1149509883860494
972,531,1503,0.11494755262940216
965,534,1499,0.11495422650360992
966,536,1502,0.11497725461879782
964,538,1502,0.11499673058908265
963,535,1498,0.1150198287299186
960,540,1500,0.11504281082690511
953,539,1492,0.11507037703983705
959,542,1501,0.11511252996119982
962,539,1501,0.11513745750387475
962,544,1506,0.11515478178958133
958,550,1508,0.11517088767643045
957,552,1509,0.11519485416352165
966,546,1512,0.11522014985306644
956,549,1505,0.11522366250767092
955,554,1509,0.11525136845058002
937,554,1491,0.11528070502893208
933,557,1490,0.11535018781346257
937,567,1504,0.1154232890007466
945,567,1512,0.11547887105819911
945,572,1517,0.1155106883789442
937,575,1512,0.11554067863826838
946,574,1520,0.11558792301217938
938,564,1502,0.11560992466538567
946,564,1510,0.11565007321110134
929,560,1489,0.11566884911772632
927,562,1489,0.11572493444410639
928,560,1488,0.11578017060119693
925,569,1494,0.11582971379137547
924,568,1492,0.11588362978300296
916,579,1495,0.1159366877197985
911,580,1491,0.11600614917485781
916,583,1499,0.11608190609977317
912,579,1491,0.11614022705011891
915,597,1512,0.11620367819549848
911,594,1505,0.11625547944398917
903,596,1499,0.11631358710949172
901,588,1489,0.11638477453469669
903,596,1499,0.11645490037106217
904,596,1500,0.11651424840625108
905,599,1504,0.11656625633421377
896,598,1494,0.11661310822801012
896,599,1495,0.11667848488893667
901,604,1505,0.1167382268916514
910,607,1517,0.11678177703897419
907,599,1506,0.11680099240616766
905,595,1500,0.11682626925044443
904,592,1496,0.11685294883898241
900,598,1498,0.11687878765731234
904,607,1511,0.1169143500773502
896,606,1502,0.11693723096175809
885,610,1495,0.11697845875083583
885,606,1491,0.11704264451008708
883,617,1500,0.11710186606982069
887,616,1503,0.11716107238310285
891,617,1508,0.11720501947575596
894,622,1516,0.11723648778608206
894,618,1512,0.11725926733619034
900,609,1509,0.11728163383750757
900,605,1505,0.11728827674630996
898,610,1508,0.11729433095744003
886,618,1504,0.11730569404456931
882,615,1497,0.11734458814593918
876,613,1489,0.11739066260728649
881,610,1491,0.1174481488189486
868,622,1490,0.11748868302362389
867,627,1494,0.11755678842711852
868,617,1485,0.11762245824940645
876,620,1496,0.11768146660404141
873,623,1496,0.11771637891011284
869,626,1495,0.1177567374075136
858,634,1492,0.11780355490416664
865,631,1496,0.11787329333384132
864,626,1490,0.1179208433046987
858,625,1483,0.11796721946374739
856,630,1486,0.11802515677966285
854,634,1488,0.11808252529790607
845,625,1470,0.11814137848154051
849,648,1497,0.11821682059420467
843,637,1480,0.11827644593269046
838,633,1471,0.11834614981197966
846,628,1474,0.1184233559067578
847,639,1486,0.11847481615403435
843,650,1493,0.11852156006478622
853,652,1505,0.11857410490828724
844,653,1497,0.11859797483863112
845,651,1496,0.1186397843615628
846,657,1503,0.11867498663116216
847,661,1508,0.11870509457644658
836,668,1504,0.11873112774529158
830,664,1494,0.11878122371013004
829,661,1490,0.1188422113017338
838,659,1497,0.11890212764979179
849,656,1505,0.1189355338348314
851,662,1513,0.11893983034729363
850,659,1509,0.11893787123286696
857,660,1517,0.11893964898230155
857,655,1512,0.11892491288553408
852,650,1502,0.1189105071787776
860,648,1508,0.11891099328031088
855,654,1509,0.11889120070754984
858,654,1512,0.11888569121226461
857,643,1500,0.11887265345183579
859,641,1500,0.11886490879050818
866,635,1501,0.1188539997895765
869,637,1506,0.11882615327863838
865,649,1514,0.1187938573902208
860,655,1515,0.11877367880928262
853,652,1505,0.11876769432641464
855,654,1509,0.11877951980782445
845,657,1502,0.11878559569590053
854,644,1498,0.11881667127090381
850,635,1485,0.11882408856982891
855,636,1491,0.11884068134805066
849,632,1481,0.11884312367921301
856,639,1495,0.11886039753546473
855,641,1496,0.11885951703086606
859,641,1500,0.11886097544068741
862,649,1511,0.11885235940931632
854,646,1500,0.11883717855984009
861,656,1517,0.11884232278671174
857,651,1508,0.11882920585619342
849,647,1496,0.11882682810355458
839,651,1490,0.1188439985604467
841,656,1497,0.1188852859927614
849,655,1504,0.11891940080955234
838,652,1490,0.11893017344502166
843,658,1501,0.11896722290485419
841,662,1503,0.11899032987420916
844,660,1504,0.11901558713992554
855,646,1501,0.11903128274132867
848,658,1506,0.11901870617235058
850,656,1506,0.119023531722038
853,655,1508,0.11902408134793906
863,659,1522,0.11901730285134153
859,648,1507,0.11898648103769513
856,651,1507,0.11896767127710643
862,642,1504,0.11895806120484076
861,650,1511,0.11893673463118537
853,658,1511,0.11891940319597544
853,661,1514,0.11892181003598143
852,665,1517,0.11892448577913588
850,665,1515,0.11892991429619962
858,665,1523,0.11893883240625595
844,668,1512,0.11892741371338449
846,649,1495,0.1189518112413283
855,650,1505,0.11896957172150127
854,651,1505,0.11896397050415633
852,646,1498,0.11896069941460923
854,653,1507,0.11896159983156014
843,646,1489,0.11895883545281243
850,653,1503,0.11898288377959904
857,651,1508,0.11898776981007014
844,663,1507,0.11897675708577714
848,661,1509,0.11899816101664923
836,670,1506,0.11900761536146892
838,672,1510,0.11904566373713249
831,674,1505,0.11907579470127788
833,683,1516,0.11912039085370493
837,680,1517,0.11915751973172659
833,670,1503,0.11918233201841016
823,670,1493,0.11921591186708015
827,671,1498,0.11927100382748361
820,676,1496,0.11931280759000418
826,680,1506,0.1193684265709612
838,683,1521,0.11940609536406538
834,676,1510,0.11941224173381486
837,681,1518,0.11942877402897592
836,687,1523,0.11943699365940226
830,686,1516,0.11944691276491806
824,688,1512,0.1194725814010484
821,678,1499,0.11951067467826744
817,681,1498,0.1195534632965591
821,690,1511,0.11960268642456963
823,692,1515,0.1196393030930413
828,691,1519,0.11966909111288832
823,687,1510,0.11968403367466163
827,685,1512,0.11971103328753091
829,685,1514,0.11972633649763473
827,681,1508,0.11973445723619694
821,685,1506,0.11974706526479016
820,690,1510,0.11977381119982589
820,696,1516,0.11980110011735139
812,695,1507,0.1198250615899153
806,688,1494,0.11986624256861449
806,692,1498,0.1199199907149707
804,703,1507,0.11996950949078639
807,698,1505,0.12001996860725772
814,704,1518,0.12005893417934217
815,699,1514,0.12007748828177423
818,699,1517,0.12009221245061376
819,689,1508,0.1200994145432328
816,690,1506,0.12010358341553257
810,694,1504,0.12011465679068001
809,702,1511,0.12014097664835896
808,707,1515,0.12016694284258655
799,691,1490,0.12019220449037643
808,698,1506,0.12023788724182927
813,695,1508,0.12025712585304378
810,692,1502,0.12026310006678535
812,685,1497,0.12027582777308707
815,689,1504,0.12028344331930185
809,695,1504,0.12028374720665955
808,710,1518,0.12029949768249322
806,712,1518,0.12031867001219741
804,716,1520,0.12034179482601651
796,716,1512,0.12036891147270617
797,714,1511,0.12041193629291069
795,708,1503,0.12044894793528453
800,711,1511,0.12048835294268605
784,709,1493,0.12051278369951987
789,717,1506,0.1205749873549067
790,708,1498,0.12062026857267671
793,700,1493,0.12065958061421916
798,702,1500,0.12068764951328706
808,695,1503,0.1207010297245186
803,698,1501,0.12068865330220206
791,699,1490,0.12068986024763632
784,705,1489,0.12072155849911645
786,706,1492,0.12076774318653978
797,714,1511,0.12080610642862304
787,707,1494,0.12081534500078873
784,716,1500,0.12084930721250953
788,709,1497,0.1208880696726736
788,706,1494,0.12091403169973432
805,707,1512,0.12093729160160258
796,715,1511,0.1209191985489972
787,717,1504,0.12092608641559256
786,720,1506,0.12095536733739287
778,718,1496,0.12098386884283915
776,718,1494,0.12102898109998787
781,721,1502,0.12107530670740015
784,725,1509,0.12110592116271579
784,726,1510,0.12112727994656933
786,725,1511,0.12114708461337427
788,727,1515,0.12116078975146173
787,727,1514,0.12116942817729216
787,726,1513,0.12117847875600773
778,730,1508,0.1211882988646365
774,733,1507,0.1212195450453385
781,735,1516,0.1212584247713686
763,737,1500,0.12127810953134376
766,732,1498,0.12134133505883801
762,741,1503,0.12139357061242852
760,742,1502,0.1214516097680593
765,731,1496,0.12150946662468864
759,725,1484,0.12154956580228632
752,723,1475,0.12160143528693874
743,731,1474,0.12166802462875026
744,744,1488,0.1217530434875509
748,747,1495,0.12183036656002162
747,747,1494,0.12189192403154805
744,739,1483,0.12195143308498847
748,746,1494,0.1220130477927211
748,750,1498,0.12206076939290122
748,754,1502,0.12210557684960989
744,765,1509,0.12214873371674166
746,747,1493,0.12219873623143102
737,773,1510,0.12223984080084316
738,771,1509,0.12229939384700415
739,763,1502,0.12235302323147255
738,765,1503,0.12240062735858824
745,763,1508,0.12244802063589613
745,761,1506,0.12247416301111431
744,767,1511,0.1224964610446403
737,770,1507,0.12252025542520449
743,771,1514,0.12255938214153847
740,776,1516,0.12258126478359149
742,777,1519,0.12260900801402087
745,772,1517,0.12263093791761026
742,763,1505,0.12264404009624208
741,764,1505,0.12266272544773552
744,766,1510,0.12268215848880025
739,761,1500,0.12269271214042946
740,759,1499,0.12271623213459612
740,782,1522,0.12273569809705183
730,788,1518,0.12275425276499781
736,770,1506,0.12279588308546949
730,761,1491,0.12281999231251838
726,765,1491,0.12285758207625808
727,772,1499,0.12290189791867442
737,777,1514,0.12294043432191316
725,786,1511,0.1229533349775426
724,777,1501,0.12299576836470152
729,779,1508,0.12303881311481714
719,790,1509,0.12306560831417027
721,789,1510,0.12311516786977712
713,783,1496,0.12315734686250313
703,792,1495,0.12321590662213446
704,802,1506,0.1232948061750839
712,800,1512,0.12336642293035367
703,799,1502,0.1234139515701248
699,794,1493,0.1234814854499108
687,807,1494,0.12355399904966095
693,804,1497,0.12365024385477398
689,796,1485,0.12372369968698901
697,800,1497,0.12380171515069581
700,812,1512,0.12385443909418274
705,810,1515,0.12389516210421156
701,817,1518,0.12392025643121164
693,824,1517,0.12395488197903265
693,822,1515,0.12400828394975161
685,819,1504,0.12405552635132483
680,821,1501,0.12412086087214319
681,825,1506,0.12419374961792927
676,819,1495,0.12425907919352955
676,827,1503,0.12433141685703021
674,826,1500,0.12439870470979991
662,825,1487,0.12446635182152606
659,831,1490,0.12456048798838484
660,836,1496,0.12465655132563416
665,839,1504,0.12474121371390416
660,844,1504,0.12480730350542497
666,851,1517,0.12488103531843674
665,841,1506,0.12493407186102633
668,844,1512,0.12498581178794967
656,843,1499,0.12502572137080423
651,831,1482,0.12509361905048771
656,845,1501,0.12516957454927216
654,855,1509,0.12522785224560395
656,851,1507,0.12528757324288317
654,850,1504,0.12533829693228363
654,854,1508,0.1253904973386785
658,861,1519,0.12544175484104234
651,864,1515,0.12547864061105896
654,877,1531,0.12552972309296595
641,876,1517,0.12557101509917643
632,870,1502,0.12564127876473946
632,867,1499,0.12572752555183783
639,876,1515,0.1258100941089098
637,881,1518,0.12586852170014948
633,886,1519,0.12592654014906737
636,887,1523,0.12599159141637561
627,884,1511,0.1260432231408824
636,885,1521,0.12611540692257375
633,885,1518,0.1261598624974501
630,885,1515,0.12620833941986306
623,883,1506,0.1262604369585715
613,887,1500,0.12632662394642083
620,892,1512,0.12641350452043784
625,892,1517,0.12647685193050612
623,900,1523,0.12652441053822344
622,889,1511,0.12657428674464352
611,896,1507,0.12662390486639952
611,891,1502,0.1267007896769986
603,907,1510,0.12677174571635577
610,902,1512,0.12685811147051976
611,906,1517,0.12691979686415603
608,902,1510,0.1269742164356696
601,911,1512,0.12703230929767517
594,911,1505,0.12710318743924356
596,902,1498,0.1271874334998652
587,905,1492,0.12725956269678337
583,905,1488,0.12735061150105925
587,912,1499,0.127445784994776
592,920,1512,0.12752319955424332
592,925,1517,0.12758249396115295
596,931,1527,0.12763841862907194
594,926,1520,0.1276804584766467
595,925,1520,0.1277254923098549
591,913,1504,0.12776428899749295
591,911,1502,0.12780862175984686
594,914,1508,0.1278493482652641
588,917,1505,0.12787883050802842
585,921,1506,0.1279202877110245
589,914,1503,0.1279657184540991
578,919,1497,0.1279960267620346
581,918,1499,0.12805292600385554
590,923,1513,0.12809652095341761
586,913,1499,0.12811633527081467
581,907,1488,0.12814487959404425
576,906,1482,0.12818440323195074
569,910,1479,0.12823516796168224
567,920,1487,0.12829987644670918
577,918,1495,0.12836454389248353
570,923,1493,0.12839819248568504
570,926,1496,0.12844721933210515
570,929,1499,0.12849249185990483
584,930,1514,0.1285344561717722
594,930,1524,0.12853745103863023
594,933,1527,0.12851471550064547
580,933,1513,0.12849344929818518
584,933,1517,0.12850981100267497
585,930,1515,0.12851460611679427
579,932,1511,0.12851563618536863
585,927,1512,0.12853255364882876
574,927,1501,0.12853347101151985
575,933,1508,0.1285636749250606
565,932,1497,0.12858959883790028
573,933,1506,0.12863828028336405
574,931,1505,0.12866293013737046
562,932,1494,0.12868453909239155
565,931,1496,0.12873522075933128
556,935,1491,0.12877312043981123
553,943,1496,0.12883184791370086
562,959,1521,0.12889392239410963
555,961,1516,0.12892914843596157
555,964,1519,0.12898129583617357
540,961,1501,0.12902851647054775
546,963,1509,0.1291116142707444
547,969,1516,0.12917311651363655
547,962,1509,0.1292268574756765
553,965,1518,0.12927584425556063
556,955,1511,0.12930644936763966
550,961,1511,0.12932754760265128
543,954,1497,0.129362864374776
545,967,1512,0.1294144815661881
539,962,1501,0.12945640793889157
534,969,1503,0.12951391230346032
528,976,1504,0.12958099006665427
531,979,1510,0.12965858645522638
524,977,1501,0.12972330843958155
524,979,1503,0.129802617476709
528,969,1497,0.12987586305869972
519,982,1501,0.12993304331974065
513,981,1494,0.13001003817068058
511,976,1487,0.13009866455177055
515,980,1495,0.1301870323767067
525,967,1492,0.13025832590473096
526,984,1510,0.13029767194717004
521,986,1507,0.13033198775195515
520,991,1511,0.13037645948699692
524,996,1520,0.13042127044782773
518,997,1515,0.13045351554774703
515,1008,1523,0.13049882807615287
502,1013,1515,0.1305484388366442
498,1006,1504,0.13062813900343098
493,1006,1499,0.13071303353173402
495,1004,1499,0.130806509883605
494,997,1491,0.13088688842274357
493,1006,1499,0.1309650716899554
489,1012,1501,0.13104092058646938
492,1017,1509,0.13112256476714115
486,1026,1512,0.131190810937198
488,1021,1509,0.13126976285188258
480,1018,1498,0.13133745008047307
468,1028,1496,0.13142133078360277
472,1024,1496,0.1315318094774126
472,1028,1500,0.1316241952233161
472,1034,1506,0.1317110528470379
475,1029,1504,0.13179214782305393
481,1033,1514,0.13185967971535423
488,1026,1514,0.13190736839741507
486,1023,1509,0.1319335612797708
489,1021,1510,0.13196325554843555
479,1025,1504,0.131983721249741
482,1032,1514,0.1320293337292708
485,1035,1520,0.13206388868963592
482,1036,1518,0.13208702661485575
488,1031,1519,0.13211737637946885
487,1036,1523,0.13213047236676204
495,1014,1509,0.13214565559919988
496,1014,1510,0.13213888313491048
502,1020,1522,0.13213046289301944
497,994,1491,0.13210728274313963
502,1004,1506,0.13209961483661214
503,1006,1509,0.1320796007441753
498,998,1496,0.1320569457506351
503,1007,1510,0.1320503956304009
500,1005,1505,0.13203103340745473
498,995,1493,0.1320213868692707
493,1005,1498,0.1320162301549482
495,1010,1505,0.1320272022441181
490,1014,1504,0.1320322749038769
499,1010,1509,0.13205073046330895
500,1009,1509,0.1320440811934046
503,1019,1522,0.1320360432095034
508,1013,1521,0.13201997754879005
510,1008,1518,0.1319910020860367
506,1009,1515,0.13195922373735702
510,1018,1528,0.13194120489762434
506,1012,1518,0.13191437885219068
507,1013,1520,0.13190022428569181
503,1012,1515,0.13188498052014486
495,1007,1502,0.1318829261915841
495,1016,1511,0.13190107444709714
496,1020,1516,0.1319183340690052
495,1018,1513,0.13193222906584098
489,1034,1523,0.13194832042595558
493,1028,1521,0.13197895045601002
489,1033,1522,0.13199965534006
490,1031,1521,0.1320289318898298
473,1021,1494,0.1320540586351987
474,1034,1508,0.13212174740678637
476,1028,1504,0.13218196348853523
475,1031,1506,0.13223373041706452
475,1035,1510,0.13228502703227718
471,1032,1503,0.13233251670480722
470,1033,1503,0.1323880797576502
466,1042,1508,0.1324399207857624
465,1039,1504,0.1324984523554923
462,1042,1504,0.1325586785266356
463,1039,1502,0.13262216571803287
463,1045,1508,0.13267893147261517
465,1047,1512,0.13273208595531524
462,1031,1493,0.13277609163604528
463,1036,1499,0.1328264923673129
458,1036,1494,0.13286980796778286
465,1042,1507,0.1329227033683747
467,1038,1505,0.13295451269351669
470,1032,1502,0.1329776173670221
470,1034,1504,0.1329920397077084
464,1041,1505,0.13300453029329554
463,1041,1504,0.13303234636021347
469,1042,1511,0.13306097084884033
464,1045,1509,0.13307267023579603
463,1047,1510,0.1330975330946659
465,1041,1506,0.1331220687083156
464,1054,1518,0.13313976769812919
460,1049,1509,0.1331608743138546
459,1037,1496,0.133190240583628
457,1039,1496,0.13322083250715383
459,1047,1506,0.13325630818817444
451,1053,1504,0.13328476905986367
448,1049,1497,0.13333109558110362
446,1063,1509,0.13338259393646296
445,1072,1517,0.13343536218588042
446,1075,1521,0.1334879100983042
444,1067,1511,0.13353472996627608
442,1061,1503,0.1335838036074259
441,1066,1507,0.13363564897659505
440,1056,1496,0.1336873803009688
442,1062,1504,0.13373793474002696
439,1065,1504,0.13377932552778773
447,1062,1509,0.13382581515959674
454,1069,1523,0.13384700732806226
451,1067,1518,0.1338476546795172
434,1071,1505,0.13385520839223103
441,1071,1512,0.13390672325638947
433,1074,1507,0.1339357072921401
429,1080,1509,0.13398472969277386
427,1076,1503,0.13404094230283864
428,1078,1506,0.13409804308352338
424,1089,1513,0.13414826878851346
420,1086,1506,0.13420532272452673
422,1093,1515,0.1342696456867483
418,1089,1507,0.1343244072548596
417,1099,1516,0.1343845124890595
422,1096,1518,0.13444175828865265
423,1082,1505,0.134481881193307
423,1087,1510,0.13451688421165392
426,1096,1522,0.13455017679712422
428,1093,1521,0.13457151733760814
421,1087,1508,0.1345871660648753
417,1084,1501,0.13462200212838848
416,1082,1498,0.13466458743264695
418,1088,1506,0.13470658775883126
411,1090,1501,0.13474109196491832
408,1097,1505,0.13479111918041897
406,1106,1512,0.13484498118650387
403,1114,1517,0.1348995111756263
400,1107,1507,0.1349587087485329
399,1091,1490,0.13502109087998374
403,1100,1503,0.13508342427445375
405,1093,1498,0.13513196987208598
411,1103,1514,0.13517167805654434
409,1099,1508,0.1351942049779055
409,1091,1500,0.13522102718000512
407,1090,1497,0.13524723410711467
405,1100,1505,0.1352775617349313
406,1111,1517,0.13531206994410336
403,1107,1510,0.1353424558235953
411,1112,1523,0.13537930036201318
413,1101,1514,0.13539242085825698
409,1101,1510,0.13539966529499659
405,1108,1513,0.13541663631046702
400,1115,1515,0.13544454172523523
391,1124,1515,0.1354829385201623
389,1115,1504,0.13554253107865802
395,1113,1508,0.13560339245817413
389,1124,1513,0.1356445112954493
390,1129,1519,0.1356984616530306
391,1117,1508,0.1357453274069482
384,1120,1504,0.13578664740780078
382,1130,1512,0.135845110852964
379,1128,1507,0.13590568732150993
383,1129,1512,0.13597116737719475
383,1128,1511,0.13602235400192655
381,1140,1521,0.1360697924853428
380,1140,1520,0.13611907309592292
378,1128,1506,0.1361667841613896
374,1142,1516,0.1362159446755319
375,1144,1519,0.1362716968782954
369,1149,1518,0.13632035387919342
360,1160,1520,0.13638320318520145
360,1161,1521,0.13646644148357875
359,1158,1517,0.13654363197359357
356,1146,1502,0.1366189131975581
353,1156,1509,0.13669657484292286
346,1137,1483,0.13677880910294554
357,1143,1500,0.13687350183243016
360,1145,1505,0.13693170552198883
360,1136,1496,0.1369780136596215
360,1141,1501,0.1370206382837424
356,1150,1506,0.13706077208204465
357,1152,1509,0.13710915070069035
358,1147,1505,0.13715262661294583
354,1155,1509,0.13719020773889387
353,1160,1513,0.13723623123701983
349,1152,1501,0.1372818572459384
350,1157,1507,0.13733627384067865
345,1159,1504,0.13738500275685137
348,1158,1506,0.13744346301175556
346,1156,1502,0.13749096616213075
355,1162,1517,0.13753905400775415
353,1160,1513,0.13755969501317797
349,1164,1513,0.1375847889799639
344,1160,1504,0.13761934896649872
345,1159,1504,0.13766570231697067
345,1162,1507,0.13770722948670763
344,1162,1506,0.13774649906273193
343,1165,1508,0.1377858854282799
348,1164,1512,0.13782633653170798
342,1162,1504,0.1378514377236807
343,1173,1516,0.1378920062671213
345,1175,1520,0.13792736168001263
343,1161,1504,0.13795397545169089
342,1174,1516,0.1379843479671753
346,1167,1513,0.1380149062500087
345,1157,1502,0.13803206610472096
351,1157,1508,0.13805053609146395
350,1161,1511,0.1380535422742887
345,1164,1509,0.13805811384492428
338,1165,1503,0.13807599158662964
342,1157,1499,0.1381120645453798
345,1151,1496,0.13813453058962746
347,1159,1506,0.13814733688094466
344,1164,1508,0.138153316976211
344,1164,1508,0.13816698910596206
338,1175,1513,0.1381807989973373
338,1171,1509,0.13820992124868287
334,1176,1510,0.13823767351639327
337,1176,1513,0.13827737019687114
337,1174,1511,0.1383048179362146
344,1170,1514,0.13832887578298114
336,1168,1504,0.1383323324235297
331,1175,1506,0.13835863025420447
330,1185,1515,0.1383969204456983
331,1185,1516,0.13843537895875488
331,1200,1531,0.1384675499723401
330,1206,1536,0.13849783561890483
330,1194,1524,0.13852799763863305
338,1176,1514,0.13855559181946345
341,1179,1520,0.13855928756920435
335,1171,1506,0.13855503513000866
340,1178,1518,0.13856822284152182
334,1179,1513,0.13856721530433214
330,1170,1500,0.1385830302602344
331,1180,1511,0.1386085269956375
338,1185,1523,0.13863021283140736
345,1187,1532,0.13863038137742292
340,1189,1529,0.13861261599621483
340,1179,1519,0.13860885091257577
341,1176,1517,0.13860406427930788
335,1176,1511,0.13859671017909778
338,1173,1511,0.13860681815324064
341,1173,1514,0.13860838794340086
342,1181,1523,0.13860188104152932
343,1179,1522,0.13859375364861287
340,1187,1527,0.1385824009477762
340,1200,1540,0.13857990071672596
333,1198,1531,0.1385799567596154
331,1197,1528,0.13859908852837627
331,1194,1525,0.13862283144865647
324,1195,1519,0.13864617054776093
320,1200,1520,0.13868780712960888
315,1194,1509,0.13873717318969286
310,1196,1506,0.13879599556966607
312,1199,1511,0.13886511080724978
314,1192,1506,0.13892454574035384
310,1200,1510,0.13897432908978025
309,1194,1503,0.13903202939742162
307,1198,1505,0.13908756012843962
312,1195,1507,0.1391437069893861
310,1202,1512,0.13918261728937736
304,1186,1490,0.13922452571712862
304,1201,1505,0.13927975405462786
302,1215,1517,0.13932920996389675
303,1204,1507,0.13938109010425773
304,1199,1503,0.1394267253469173
305,1197,1502,0.139466231025416
301,1185,1486,0.13950110494625304
302,1187,1489,0.13954570397158222
299,1193,1492,0.13958518994943447
298,1194,1492,0.1396293155939539
296,1200,1496,0.1396726933672363
293,1194,1487,0.1397175141239915
295,1204,1499,0.13976808226422452
295,1208,1503,0.13980955175606588
292,1211,1503,0.13984842297962075
295,1204,1499,0.1398926028363186
293,1214,1507,0.13992544768567414
287,1220,1507,0.13996134014608339
289,1220,1509,0.14001069498758478
288,1220,1508,0.1400507169933641
284,1215,1499,0.14009008239302198
281,1210,1491,0.1401377656947926
287,1207,1494,0.140191014482601
284,1207,1491,0.1402238041650881
283,1218,1501,0.14026186446429534
280,1212,1492,0.1403010075194727
281,1223,1504,0.14034616037839795
276,1221,1497,0.14038615922539333
287,1217,1504,0.14043672801231172
286,1228,1514,0.14045347522585547
282,1234,1516,0.14047263832878484
279,1243,1522,0.140500622728297
270,1245,1515,0.14053525786504747
272,1251,1523,0.14059259699177395
270,1241,1511,0.14064185151087286
267,1247,1514,0.14069408718742948
275,1253,1528,0.14075174586002975
276,1251,1527,0.140783871450205
274,1254,1528,0.14081110402377842
273,1256,1529,0.14084243590834017
269,1242,1511,0.14087447982824944
258,1251,1509,0.14091680422648634
259,1246,1505,0.14098709826653244
260,1254,1514,0.1410502767352157
263,1252,1515,0.14110492727830637
261,1239,1500,0.14114872449483826
266,1238,1504,0.14119473626514686
265,1236,1501,0.14122263871716853
262,1237,1499,0.1412506953552948
260,1248,1508,0.1412857449717798
258,1240,1498,0.14132467893844985
259,1236,1495,0.14136642972025548
253,1251,1504,0.14140182568397144
255,1261,1516,0.1414512060623291
258,1256,1514,0.14149242431900774
255,1254,1509,0.14152187025559593
260,1260,1520,0.14155854837701679
253,1259,1512,0.1415769459067011
252,1264,1516,0.14161317422782901
253,1264,1517,0.141649171540138
253,1270,1523,0.14168078171937032
248,1273,1521,0.14171011735177064
247,1278,1525,0.14175317248742908
243,1266,1509,0.14179566796874085
240,1256,1496,0.1418448397165731
243,1270,1513,0.1418995942922122
242,1277,1519,0.14194235435445116
239,1276,1515,0.14198397856808795
235,1280,1515,0.14203131997220222
237,1269,1506,0.14208698834969202
237,1271,1508,0.14213354575770296
240,1252,1492,0.14217637015483597
244,1262,1506,0.14220888024282263
241,1269,1510,0.14222847040736203
234,1274,1508,0.14225586452146063
238,1281,1519,0.14230139545117196
236,1282,1518,0.14233262176279513
234,1278,1512,0.14236885011257422
238,1278,1516,0.14240947244323598
234,1280,1514,0.14243618272945205
226,1279,1505,0.14247281052179026
229,1278,1507,0.14252972270560227
227,1281,1508,0.14257457554353878
232,1286,1518,0.14262241873747594
231,1298,1529,0.14265294311874768
227,1295,1522,0.14268442966726597
227,1289,1516,0.1427255726855915
224,1287,1511,0.1427635710117858
226,1279,1505,0.14280725551923554
226,1275,1501,0.14284254257594506
225,1286,1511,0.14287561557848066
219,1306,1525,0.14290982463230562
219,1300,1519,0.14295874512640355
215,1296,1511,0.14300429221587513
217,1293,1510,0.14305798834893363
217,1296,1513,0.14310063780964724
216,1308,1524,0.14314110871477836
216,1310,1526,0.14318087373575228
215,1287,1502,0.14321718265930639
217,1282,1499,0.14325394940639538
220,1294,1514,0.14328261200756726
213,1296,1509,0.14330141207387645
205,1289,1494,0.14333865797634732
203,1288,1491,0.14339628728934078
203,1302,1505,0.14345580477114353
205,1286,1491,0.14351077687342145
204,1291,1495,0.1435565757287459
202,1286,1488,0.14360379373497278
208,1310,1518,0.14365327575322115
209,1310,1519,0.14368275023359803
210,1312,1522,0.14370722711144454
211,1321,1532,0.14372712904097984
209,1313,1522,0.14374320707689747
209,1305,1514,0.14376345936049553
205,1312,1517,0.14378232090484708
200,1312,1512,0.1438110366927928
198,1313,1511,0.14385228559739463
196,1321,1517,0.1438962360832457
196,1318,1514,0.1439417095469201
202,1316,1518,0.143986594640014
203,1320,1523,0.1440115401252383
207,1325,1532,0.14403180893952972
207,1314,1521,0.144040079068662
203,1305,1508,0.14404744582130916
199,1299,1498,0.1440667172997493
201,1307,1508,0.14409546899341588
199,1303,1502,0.14411650574589546
199,1310,1509,0.14414209456197902
198,1304,1502,0.14416638472562032
194,1314,1508,0.1441918140110747
194,1319,1513,0.1442259242681866
188,1328,1516,0.14425819573396356
185,1331,1516,0.1443055901429359
182,1337,1519,0.14435849365830708
179,1335,1514,0.14441590649069508
181,1344,1525,0.14447734476955973
189,1333,1522,0.14453006382634315
190,1327,1517,0.14455704318138918
186,1332,1518,0.14457926751926517
185,1316,1501,0.14461192708967605
186,1321,1507,0.14464592450223512
188,1313,1501,0.14467520310265602
182,1323,1505,0.14469567814727266
179,1324,1503,0.14473251987544727
183,1315,1498,0.14477500030700358
184,1333,1517,0.14480428811979748
183,1330,1513,0.14482819208125788
180,1323,1503,0.14485267349478304
175,1319,1494,0.14488407499517877
176,1334,1510,0.1449280112807522
179,1347,1526,0.1449663850229836
182,1342,1524,0.14499349662755243
181,1329,1510,0.14500992945208754
179,1334,1513,0.14502823161009698
180,1347,1527,0.14505113019539556
177,1339,1516,0.1450693443970136
175,1344,1519,0.14509471266139054
179,1343,1522,0.14512391997724394
177,1338,1515,0.1451408142259536
176,1343,1519,0.14516283582301637
174,1346,1520,0.14518779169595625
169,1331,1500,0.1452165940285592
167,1339,1506,0.14525711481017262
168,1340,1508,0.14530135579598472
171,1340,1511,0.14534028971279164
167,1346,1513,0.145368011580187
165,1370,1535,0.1454052370026164
163,1378,1541,0.145445605585369
161,1379,1540,0.1454881620843949
165,1369,1534,0.14553351723453908
165,1373,1538,0.14556457360541808
164,1366,1530,0.1455934048043957
163,1363,1526,0.14562367997115877
165,1357,1522,0.14565464743298406
161,1358,1519,0.14567760690131393
159,1355,1514,0.14571099527656345
156,1343,1499,0.1457486389530757
154,1353,1507,0.14579212258491117
156,1355,1511,0.1458378316179814
159,1355,1514,0.14587473480298763
162,1359,1521,0.1459000132817193
161,1358,1519,0.14591450629123123
159,1361,1520,0.14593060680117145
161,1360,1521,0.1459516725529773
161,1351,1512,0.14596541237314553
160,1349,1509,0.14597960791002967
155,1353,1508,0.145995633996193
160,1354,1514,0.14602606803024926
155,1355,1510,0.14603894655523603
150,1357,1507,0.1460658695448648
149,1369,1518,0.14610583538456456
150,1363,1513,0.14614640498274664
145,1367,1512,0.14618030001897842
140,1364,1504,0.14622654450123787
140,1369,1509,0.14628412231425705
143,1368,1511,0.14633752813005937
145,1360,1505,0.1463786534088362
145,1351,1496,0.1464109538770374
148,1368,1516,0.14644091775572302
144,1370,1514,0.14646018863908966
141,1363,1504,0.14649002096943636
139,1359,1498,0.14652750016288266
139,1365,1504,0.1465684562095315
137,1374,1511,0.1466065531251143
135,1370,1505,0.14664816735816946
133,1373,1506,0.14669222825581976
141,1376,1517,0.14673950940474775
137,1384,1521,0.14676035274679514
138,1382,1520,0.14679156669531543
137,1376,1513,0.14681837431446035
132,1378,1510,0.14684688381329838
132,1379,1511,0.14688778930949248
131,1371,1502,0.14692596614399733
126,1360,1486,0.14696409880241912
130,1371,1501,0.14701437928638356
133,1364,1497,0.1470499947707085
134,1384,1518,0.14707478363744453
132,1388,1520,0.147095011954645
132,1379,1511,0.14712004748991095
135,1371,1506,0.14714364547703096
135,1364,1499,0.147156448898176
137,1384,1521,0.147168487637358
138,1368,1506,0.1471739072202146
135,1373,1508,0.14717600729780664
137,1378,1515,0.14718707085995061
135,1378,1513,0.14719150747608364
133,1382,1515,0.14720122121416768
130,1380,1510,0.14721632344280972
132,1385,1517,0.1472393299019996
133,1390,1523,0.14725468932597965
134,1394,1528,0.1472660595186839
129,1403,1532,0.14727384617409786
124,1396,1520,0.14729595159638795
125,1387,1512,0.14733137046080866
125,1395,1520,0.1473612079793828
124,1400,1524,0.14738913157723194
124,1407,1531,0.14741850955121433
123,1404,1527,0.14744609975793702
119,1409,1528,0.1474749541730297
117,1400,1517,0.1475139749597519
115,1410,1525,0.14755662368491065
113,1403,1516,0.14760242359745496
114,1405,1519,0.14765193083524278
113,1399,1512,0.14769545817350146
110,1404,1514,0.14773901280225385
109,1396,1505,0.14778892553574388
110,1395,1505,0.14783884997127628
110,1399,1509,0.1478823206273166
110,1406,1516,0.147922975174324
115,1403,1518,0.14796122625310423
114,1397,1511,0.14798225899101833
112,1409,1521,0.1480051568877389
113,1408,1521,0.14803240522050276
114,1411,1525,0.1480550491079624
114,1400,1514,0.14807347988856778
116,1399,1515,0.14809093414271104
115,1415,1530,0.14810126173391494
115,1416,1531,0.14811402261933648
114,1416,1530,0.1481261132067411
111,1425,1536,0.1481403282714554
110,1425,1535,0.148162493214326
108,1417,1525,0.1481861528808628
107,1425,1532,0.148214288518449
107,1406,1513,0.14824356236311195
104,1412,1516,0.14827079771658608
107,1408,1515,0.14830541997318658
107,1404,1511,0.14832861141399944
109,1409,1518,0.14835024317874018
109,1404,1513,0.1483646297929077
107,1415,1522,0.14837814625358098
105,1418,1523,0.14839676179818842
108,1432,1540,0.1484202691937998
109,1438,1547,0.14843315412026883
106,1441,1547,0.14844216948156788
105,1426,1531,0.14845964214854512
103,1410,1513,0.14847918682638464
100,1412,1512,0.14850356736051024
100,1410,1510,0.14853568526198316
97,1417,1514,0.148565781654563
90,1412,1502,0.14860316853381317
90,1405,1495,0.14865963335227836
88,1425,1513,0.14871253773474297
88,1419,1507,0.1487684256421179
85,1426,1511,0.14882076399984834
86,1435,1521,0.14887912434444484
88,1441,1529,0.1489309584769741
87,1446,1533,0.14897371358587766
87,1444,1531,0.14901705069537868
85,1435,1520,0.14905793916642332
86,1434,1520,0.14910229911017173
88,1426,1514,0.1491409345922722
92,1420,1512,0.14917140228415307
92,1412,1504,0.14918804972637253
92,1418,1510,0.14920374896320163
93,1427,1520,0.14921858097172586
92,1445,1537,0.14922958638986153
90,1442,1532,0.14924305444350633
89,1437,1526,0.1492621786339269
89,1428,1517,0.1492830545843391
90,1412,1502,0.14930276877596008
91,1420,1511,0.14931826938249906
88,1430,1518,0.14933008639216688
88,1417,1505,0.14935004211554395
86,1423,1509,0.14936875061495233
86,1426,1512,0.14939250680821256
84,1430,1514,0.14941490991596745
83,1439,1522,0.14944210192241097
81,1440,1521,0.14947085324455645
83,1429,1512,0.149503904169941
85,1425,1510,0.14952870896679588
81,1429,1510,0.14954612849242735
80,1426,1506,0.1495747253369268
82,1437,1519,0.14960450147405172
80,1432,1512,0.14962634224964805
80,1437,1517,0.1496529371676704
79,1431,1510,0.14967804271624646
75,1435,1510,0.14970431636143536
77,1447,1524,0.14974096949815874
71,1441,1512,0.14976937272562751
71,1436,1507,0.14981379079431217
75,1431,1506,0.14985543607826105
75,1430,1505,0.14988227944528387
76,1439,1515,0.1499073022534494
76,1434,1510,0.1499277758783475
76,1434,1510,0.1499467445344923
80,1430,1510,0.149964469689683
80,1413,1493,0.14996900575215613
77,1410,1487,0.14997326376374956
81,1416,1497,0.1499862854214066
79,1418,1497,0.14998620026595297
80,1428,1508,0.14999254445689922
76,1425,1501,0.1499956641187499
74,1421,1495,0.1500111840441181
68,1437,1505,0.15003170250476905
67,1441,1508,0.1500691121226376
65,1453,1518,0.1501074213774948
66,1458,1524,0.15014931776233692
62,1455,1517,0.15018557260762777
65,1459,1524,0.15023173707682444
67,1459,1526,0.15026591969812864
67,1448,1515,0.15029201575831594
69,1452,1521,0.15031657731710638
71,1453,1524,0.15033378599378747
70,1450,1520,0.15034400741323212
70,1449,1519,0.1503566808957581
69,1428,1497,0.15036834483339867
66,1429,1495,0.150382151020377
64,1425,1489,0.15040419728292023
65,1434,1499,0.150430633476256
66,1452,1518,0.15045274422546348
66,1454,1520,0.15047041075802184
70,1442,1512,0.1504874056840162
68,1456,1524,0.15049122677149973
69,1456,1525,0.15050099292822225
67,1456,1523,0.15050736923396701
60,1459,1519,0.1505197204867057
59,1447,1506,0.15055281487393773
60,1450,1510,0.15058718748719438
59,1466,1525,0.15061598161484524
62,1458,1520,0.1506461955685244
63,1448,1511,0.15066544558553838
61,1449,1510,0.1506803949445251
59,1444,1503,0.15070069837543745
60,1436,1496,0.15072574965863125
59,1439,1498,0.15074653043501982
61,1450,1511,0.1507692552992763
59,1451,1510,0.1507846421972852
57,1441,1498,0.15080535360806052
57,1448,1505,0.15083095052312306
56,1446,1502,0.15085483503487335
56,1469,1525,0.15088007787238436
58,1460,1518,0.15090376630563637
57,1453,1510,0.15091983692983196
54,1462,1516,0.15093787038099535
55,1471,1526,0.15096352195787052
55,1471,1526,0.15098466156914964
55,1470,1525,0.1510045540840747
53,1462,1515,0.15102354963217407
55,1458,1513,0.1510476922319706
56,1462,1518,0.15106413390871043
56,1460,1516,0.1510767007324709
57,1454,1511,0.15108855991050857
54,1459,1513,0.151096826338617
56,1455,1511,0.15111388153333322
58,1451,1509,0.15112380710389442
59,1454,1513,0.1511269899311382
58,1450,1508,0.15112698407811784
55,1441,1496,0.15113015637504654
54,1452,1506,0.15114216803223401
54,1466,1520,0.15115648726670589
54,1467,1521,0.15116979905310365
52,1457,1509,0.15118223964607316
51,1462,1513,0.1511999748603047
49,1459,1508,0.15121954242526708
51,1474,1525,0.15124414905410657
50,1470,1520,0.15126085370697737
52,1464,1516,0.15127946879877238
52,1468,1520,0.1512906073180341
52,1458,1510,0.1513011154135403
52,1455,1507,0.1513110713281632
54,1458,1512,0.151320269365456
53,1459,1512,0.151322831981601
52,1468,1520,0.15132848810460356
54,1458,1512,0.15133686677623973
54,1468,1522,0.15133848329984356
55,1468,1523,0.15134011695387667
55,1468,1523,0.15133866172185845
55,1467,1522,0.15133721568523717
55,1461,1516,0.1513361097149477
55,1459,1514,0.1513350809449674
56,1455,1511,0.15133414062980052
58,1459,1517,0.15133019914160895
60,1445,1505,0.1513206493410492
59,1464,1523,0.15130569280454775
58,1460,1518,0.1512950462549732
59,1456,1515,0.1512880486386457
58,1458,1516,0.1512785328418662
57,1463,1520,0.1512728377793514
57,1454,1511,0.1512704119505836
59,1461,1520,0.1512681423849269
60,1457,1517,0.15125971468063834
57,1465,1522,0.15124909611975318
54,1455,1509,0.15124816008439498
56,1443,1499,0.15125618931560794
57,1451,1508,0.15125789689771219
61,1444,1505,0.15125625681370447
61,1435,1496,0.15124232671438043
62,1456,1518,0.15122957558150188
59,1461,1520,0.15121435156270366
58,1476,1534,0.15120916466150192
57,1479,1536,0.15120736973454227
59,1478,1537,0.15120911583315025
57,1477,1534,0.1512044762565103
54,1466,1520,0.15120615382972835
54,1458,1512,0.15121683402965969
52,1458,1510,0.1512270557203295
54,1448,1502,0.15124262055112223
55,1449,1504,0.1512513196692218
58,1453,1511,0.1512564322624472
59,1457,1516,0.15125183007403606
58,1461,1519,0.15124476270158357
56,1463,1519,0.15124156481470508
55,1471,1526,0.15124494385502377
54,1477,1531,0.15125143790298026
53,1474,1527,0.1512603189330747
51,1462,1513,0.15127174804661156
54,1443,1497,0.15128871983091818
53,1459,1512,0.1512953843062606
52,1457,1509,0.1513048399360806
52,1454,1506,0.15131683004258253
51,1468,1519,0.15132829421340582
50,1473,1523,0.15134182354233025
47,1479,1526,0.15135772937335049
45,1471,1516,0.15138171347271365
45,1467,1512,0.15141003249811083
44,1473,1517,0.15143639575853016
44,1464,1508,0.1514639552208519
45,1459,1504,0.15148955751480803
48,1457,1505,0.15151051375086813
48,1467,1515,0.15152099707814545
47,1464,1511,0.15153124512759739
47,1470,1517,0.15154374023105402
50,1475,1525,0.1515556908035144
50,1454,1504,0.15155740950265784
52,1466,1518,0.1515588880869441
51,1465,1516,0.15155440828715755
48,1455,1503,0.15155298662649994
47,1462,1509,0.1515612424760127
47,1463,1510,0.1515720388690095
46,1467,1513,0.15158242924476992
45,1477,1522,0.15159535570655372
45,1490,1535,0.15161051497430253
41,1485,1526,0.15162463533859236
42,1482,1524,0.1516499836696798
42,1485,1527,0.15167052434223055
43,1480,1523,0.15168949239190124
45,1466,1511,0.15170420288766687
46,1484,1530,0.15171188512885636
47,1477,1524,0.15171598116032964
49,1470,1519,0.1517170181466756
48,1467,1515,0.15171181212930474
48,1464,1512,0.151710147324755
49,1464,1513,0.1517087160274974
45,1452,1497,0.15170437518526678
47,1455,1502,0.15171258201379173
46,1455,1501,0.1517139074528094
46,1471,1517,0.1517184016298051
45,1472,1517,0.151722408233662
41,1466,1507,0.15172932643798462
42,1472,1514,0.15174800624830728
42,1477,1519,0.15176248208012622
42,1483,1525,0.15177625283659194
43,1482,1525,0.15178899255015563
43,1473,1516,0.15179787562326613
43,1467,1510,0.15180617230530352
42,1480,1522,0.15181394946313226
39,1476,1515,0.1518242768990675
40,1462,1502,0.15184310998888192
39,1464,1503,0.15185749288508402
39,1470,1509,0.1518738517563994
43,1473,1516,0.15188912796199527
40,1475,1515,0.15189134666900458
40,1476,1516,0.15190318570371963
42,1476,1518,0.1519142723751023
47,1487,1534,0.1519182507663397
45,1493,1538,0.15190644016887103
46,1485,1531,0.15190175909448478
47,1475,1522,0.151894519509046
48,1475,1523,0.15188450495094336
49,1460,1509,0.15187231350996286
48,1464,1512,0.15185806117281456
49,1465,1514,0.15184772947283237
49,1454,1503,0.15183524591682512
49,1454,1503,0.15182349844008652
49,1458,1507,0.15181273906797155
50,1464,1514,0.15180292773737908
49,1457,1506,0.15179071808675024
49,1458,1507,0.15178202248339834
50,1450,1500,0.15177392109245025
51,1455,1506,0.15176336682921554
51,1456,1507,0.1517504836164897
51,1451,1502,0.1517384105204279
51,1458,1509,0.1517274134797369
50,1450,1500,0.15171707429643325
48,1459,1507,0.1517105662594657
48,1469,1517,0.15171043668470563
47,1460,1507,0.1517103496600097
47,1461,1508,0.1517133874151011
48,1462,1510,0.15171647332664054
49,1456,1505,0.15171607095337372
49,1463,1512,0.15171293009248635
51,1459,1510,0.15170996739280362
51,1469,1520,0.15170123478407896
50,1473,1523,0.1516932261750557
51,1476,1527,0.1516888943585662
51,1478,1529,0.15168167454574244
51,1491,1542,0.15167525961060993
52,1488,1540,0.15166937385496593
52,1478,1530,0.15166077297445674
52,1466,1518,0.1516526291049324
52,1459,1511,0.15164525653130836
51,1458,1509,0.15163824597888775
51,1477,1528,0.1516346378380438
50,1472,1522,0.15163138949247912
49,1477,1526,0.1516314094537788
47,1467,1514,0.15163425748581733
46,1460,1506,0.1516430579670912
49,1464,1513,0.15165430183070264
49,1470,1519,0.15165565501449357
50,1477,1527,0.15165667024048127
48,1474,1522,0.15165453202821197
47,1478,1525,0.15165870764314232
49,1467,1516,0.15166573019657015
52,1478,1530,0.15166596797422563
52,1485,1537,0.15165698411587641
52,1464,1516,0.1516485767490049
53,1464,1517,0.15164070761920062
56,1468,1524,0.1516301950653365
54,1461,1515,0.15161096339301433
54,1475,1529,0.1515988864886827
54,1463,1517,0.1515871029401251
54,1459,1513,0.15157613447027296
53,1468,1521,0.15156556683404215
52,1462,1514,0.15155837403324227
54,1451,1505,0.1515545130766177
55,1459,1514,0.15154481190849553
56,1460,1516,0.1515324980896736
56,1446,1502,0.15151791178035762
54,1456,1510,0.15150425546585397
54,1454,1508,0.15149803680299354
53,1463,1516,0.15149201354325384
54,1456,1510,0.15148956576088057
53,1470,1523,0.15148447100631235
53,1471,1524,0.15148300695587005
53,1451,1504,0.15148134400363553
53,1455,1508,0.15147946475558682
51,1464,1515,0.15147798372211568
52,1466,1518,0.15148273692426598
52,1448,1500,0.15148400790368824
50,1457,1507,0.1514852003402574
50,1466,1516,0.15149233691886244
51,1467,1518,0.15149903928653877
53,1467,1520,0.1515020858578438
53,1471,1524,0.1514987679572294
51,1473,1524,0.15149570548655963
52,1468,1520,0.15149912629560153
51,1465,1516,0.15149919783353588
52,1476,1528,0.15150237333344163
53,1470,1523,0.15150219968743772
53,1460,1513,0.15149896631969642
53,1459,1512,0.1514959592656216
51,1461,1512,0.15149314054134197
52,1469,1521,0.15149684471493352
50,1467,1517,0.151497265831256
49,1467,1516,0.1515038966909709
48,1475,1523,0.15151307004176334
48,1470,1518,0.15152471908602583
48,1479,1527,0.15153537764876757
46,1473,1519,0.15154526247826514
44,1470,1514,0.1515606816871361
44,1475,1519,0.1515814136990412
45,1468,1513,0.15160084489712586
43,1472,1515,0.15161591878739722
40,1478,1518,0.15163611567331003
39,1473,1512,0.15166432880692818
40,1482,1522,0.1516937181253017
39,1484,1523,0.15171833779702293
40,1470,1510,0.1517445415566155
38,1464,1502,0.15176601629651798
38,1465,1503,0.15179220170321955
37,1473,1510,0.15181664302390194
37,1474,1511,0.15184244764272634
37,1476,1513,0.1518665407502979
39,1479,1518,0.15188915596203983
41,1476,1517,0.15190413306289122
41,1487,1528,0.151912118301452
39,1487,1526,0.15191948697188734
39,1478,1517,0.15193263003878404
41,1484,1525,0.15194499557765698
41,1485,1526,0.15195054521591897
39,1482,1521,0.15195593816563063
37,1485,1522,0.15196693210440984
37,1489,1526,0.15198350452451567
35,1492,1527,0.15199889773723957
38,1483,1521,0.1520194515734589
38,1468,1506,0.15202965303638516
36,1463,1499,0.15203933183729357
38,1469,1507,0.1520545603861326
38,1455,1493,0.15206299098748388
35,1468,1503,0.15207100752020353
34,1475,1509,0.1520878805300326
35,1470,1505,0.15210684104815983
34,1473,1507,0.1521215373682242
35,1482,1517,0.1521383569716333
33,1474,1507,0.15215093233624905
33,1482,1515,0.15216874601401476
32,1484,1516,0.15218546820149836
31,1478,1509,0.15220410193095057
31,1492,1523,0.15222462236124548
34,1481,1515,0.15224397049858102
35,1481,1516,0.15225292313664374
35,1473,1508,0.1522581594799684
34,1466,1500,0.152263230537086
34,1469,1503,0.15227098585745155
33,1465,1498,0.1522783545205861
34,1488,1522,0.1522881638493212
36,1475,1511,0.1522940312298733
34,1478,1512,0.1522935134481373
34,1486,1520,0.15229917033074408
34,1483,1517,0.15230426176955125
34,1480,1514,0.152309224558931
34,1476,1510,0.15231429147671124
34,1475,1509,0.15231910844380983
32,1476,1508,0.15232353288653303
31,1472,1503,0.15233366263266246
31,1479,1510,0.15234607579456977
29,1473,1502,0.15235764276658031
28,1479,1507,0.1523745540472868
30,1475,1505,0.1523934567866311
31,1493,1524,0.15240511513632402
29,1492,1521,0.15241305864588417
30,1487,1517,0.15242673959906355
30,1489,1519,0.15243648238973162
29,1495,1524,0.15244599881745982
29,1485,1514,0.1524580970947239
26,1492,1518,0.1524693485511643
28,1487,1515,0.15248938997675598
27,1479,1506,0.1525020062640016
27,1489,1516,0.15251710568124457
28,1488,1516,0.1525312118409123
26,1475,1501,0.15254140419671533
27,1477,1504,0.15255722614315492
28,1483,1511,0.15256887694048862
27,1488,1515,0.15257672189975222
27,1486,1513,0.1525873675208552
27,1502,1529,0.15259729801123612
28,1491,1519,0.15260666050723423
26,1491,1517,0.15261252549570847
28,1485,1513,0.15262440920688064
27,1489,1516,0.15262920901781807
28,1489,1517,0.15263682607366882
28,1502,1530,0.1526408805758075
28,1503,1531,0.15264470473164107
27,1505,1532,0.15264830350388756
28,1496,1524,0.15265469979763158
28,1494,1522,0.1526576414845221
28,1487,1515,0.15266043267361223
26,1490,1516,0.15266307522896316
27,1498,1525,0.15267144272349603
27,1492,1519,0.1526761444614091
27,1494,1521,0.1526804672962168
26,1486,1512,0.15268448394076703
28,1487,1515,0.1526912074084511
30,1477,1507,0.1526914995009902
30,1488,1518,0.15268562124473056
29,1485,1514,0.15268014654266557
28,1464,1492,0.1526780719714076
27,1469,1496,0.15267910271718518
28,1484,1512,0.1526830738843577
28,1483,1511,0.15268374006685032
29,1479,1508,0.15268443440253635
30,1482,1512,0.15268211211175642
30,1486,1516,0.15267708628537277
29,1483,1512,0.15267256947016933
29,1489,1518,0.15267157368496773
25,1488,1513,0.1526707121014384
23,1494,1517,0.15268235763658886
24,1490,1514,0.1526991972886763
24,1485,1509,0.15271176008108614
22,1491,1513,0.15272349217269796
22,1500,1522,0.1527405169252525
23,1502,1525,0.15275630125044912
22,1507,1529,0.15276805269463595
21,1486,1507,0.15278201121413157
21,1487,1508,0.152797975217082
22,1503,1525,0.152813216714211
22,1495,1517,0.15282448367723675
21,1503,1524,0.15283503708592136
21,1510,1531,0.1528479521709044
22,1507,1529,0.15285994656628632
20,1495,1515,0.15286809884358124
21,1489,1510,0.15288193929501384
20,1495,1515,0.15289194600554748
20,1502,1522,0.1529045658055634
20,1498,1518,0.1529164347383577
20,1497,1517,0.15292759301579198
21,1514,1535,0.15293807811383262
21,1518,1539,0.15294488521630611
20,1497,1517,0.15295134048816045
20,1483,1503,0.15296046352625542
21,1484,1505,0.15296904035877168
21,1483,1504,0.15297389690611912
21,1490,1511,0.15297842484933702
21,1492,1513,0.15298282443824274
21,1485,1506,0.15298685320393568
21,1488,1509,0.15299064839911583
21,1491,1512,0.1529941759067357
20,1492,1512,0.15299741790756893
20,1491,1511,0.15300346646997892
20,1490,1510,0.1530091908637528
21,1479,1500,0.15301440542412417
22,1482,1504,0.15301600834974155
23,1489,1512,0.15301439614905393
24,1477,1501,0.15300953580375407
23,1502,1525,0.1530020291497457
23,1506,1529,0.15299812332499266
23,1499,1522,0.15299443481757374
23,1488,1511,0.1529909668826076
24,1480,1504,0.15298771034159483
26,1479,1505,0.15298162511102528
24,1490,1514,0.1529696116700087
25,1489,1514,0.15296477629286023
25,1500,1525,0.15295698046037096
26,1504,1530,0.15294963614937185
25,1502,1527,0.15293966254252056
26,1492,1518,0.15293348239499746
25,1505,1530,0.15292435912634164
24,1491,1515,0.1529189043001438
23,1499,1522,0.15291699222362903
24,1492,1516,0.1529187234858733
24,1494,1518,0.1529171131442164
23,1498,1521,0.15291559727322743
24,1510,1534,0.15291727013927178
23,1507,1530,0.15291554632503823
23,1501,1524,0.15291712864054025
24,1504,1528,0.1529181481258492
25,1507,1532,0.15291602113752073
25,1504,1529,0.1529108464634987
26,1504,1530,0.15290615946011138
25,1511,1536,0.15289865936343297
26,1503,1529,0.15289480960785973
27,1497,1524,0.1528880415850071
27,1496,1523,0.15287866494587563
27,1499,1526,0.15286993845894067
27,1506,1533,0.15286180047889453
26,1499,1525,0.15285419929250574
26,1496,1522,0.1528502693511681
26,1496,1522,0.15284660390285482
26,1499,1525,0.15284318637214042
25,1505,1530,0.15283999519772049
25,1501,1526,0.15284027661649205
26,1507,1533,0.15284050635833524
27,1503,1530,0.15283769505384565
25,1490,1515,0.15283205475035314
26,1475,1501,0.1528329978517585
26,1499,1525,0.15283070111494224
26,1498,1524,0.1528285689422731
26,1503,1529,0.15282651994404123
27,1499,1526,0.1528246617917849
29,1500,1529,0.1528199418945176
28,1495,1523,0.15280956366297382
31,1488,1519,0.15280287436539808
31,1490,1521,0.15278736370056123
31,1482,1513,0.15277286972666287
32,1477,1509,0.15275935764566603
31,1476,1507,0.15274381315591717
33,1473,1506,0.1527321511159437
33,1469,1502,0.15271519495069144
34,1466,1500,0.1526997063228275
34,1469,1503,0.15268245892412963
34,1488,1522,0.15266643310433045
33,1494,1527,0.15265153396421074
32,1491,1523,0.15264062956248897
32,1493,1525,0.15263321500919044
32,1492,1524,0.15262603988233983
31,1483,1514,0.1526189575878601
31,1487,1518,0.15261551562418768
31,1477,1508,0.1526122785215965
31,1470,1501,0.1526091730894537
32,1481,1513,0.1526063454530504
33,1482,1515,0.15260049531479863
33,1488,1521,0.15259216059520164
33,1487,1520,0.15258445378257174
32,1490,1522,0.15257727820284214
31,1484,1515,0.15257394049305847
32,1477,1509,0.1525739649019918
33,1484,1517,0.15257091423699504
32,1482,1514,0.15256514158874823
31,1491,1522,0.15256273421353603
33,1503,1536,0.15256340731140153
32,1494,1526,0.15255816003439557
31,1490,1521,0.15255627719402198
35,1480,1515,0.15255719632634
38,1466,1504,0.15254569323797335
38,1467,1505,0.15252599105127124
39,1467,1506,0.152507587570227
38,1468,1506,0.15248721001602708
38,1478,1516,0.15247105709050146
40,1482,1522,0.15245551314644804
40,1488,1528,0.15243473434142146
39,1473,1512,0.15241508577305596
40,1475,1515,0.1523998182107708
41,1474,1515,0.15238227522372594
43,1469,1512,0.1523624584546257
43,1471,1514,0.15233752049251442
42,1477,1519,0.15231394217282962
42,1485,1527,0.15229497712861043
43,1491,1534,0.15227707346686217
43,1491,1534,0.15225708661801424
42,1483,1525,0.1522383110196851
41,1481,1522,0.1522239881352147
42,1484,1526,0.15221365516822555
41,1476,1517,0.15220118929594112
41,1473,1514,0.15219282718044266
41,1470,1511,0.15218518120494573
39,1477,1516,0.15217804169743235
37,1479,1516,0.152177556478657
34,1470,1504,0.15218310139342792
34,1481,1515,0.15219734832646548
34,1478,1512,0.15221043857028974
34,1476,1510,0.15222234690400577
34,1480,1514,0.15223338139366738
36,1483,1519,0.15224371450108098
36,1477,1513,0.15224752245018525
35,1469,1504,0.15225119799461262
37,1480,1517,0.15225789409079354
35,1476,1511,0.15225815955658384
36,1477,1513,0.15226434760623822
36,1482,1518,0.15226725396945814
36,1481,1517,0.15227002978848933
36,1493,1529,0.15227265464524753
36,1485,1521,0.15227515492783855
36,1469,1505,0.15227752908834255
34,1466,1500,0.1522797784467559
34,1476,1510,0.1522877079400587
34,1480,1514,0.15229491698718145
34,1481,1515,0.15230159304242277
36,1470,1506,0.15230796058059565
36,1472,1508,0.15230796650543113
34,1480,1514,0.1523081049943274
34,1476,1510,0.15231441530436804
33,1483,1516,0.15232055554830665
34,1496,1530,0.15232914264092237
33,1483,1516,0.15233400793673052
34,1479,1513,0.15234171737742333
34,1467,1501,0.15234576327771088
33,1473,1506,0.1523497654766198
34,1468,1502,0.15235632586532602
34,1480,1514,0.15235944913100996
34,1484,1518,0.1523624059941453
34,1471,1505,0.15236511357124602
35,1467,1502,0.15236762411662302
35,1492,1527,0.15236677414081382
35,1503,1538,0.15236596747758552
34,1496,1530,0.1523651966520807
33,1490,1523,0.1523674656133176
34,1494,1528,0.15237275716984292
34,1495,1529,0.15237441360342757
33,1498,1531,0.15237593951456957
35,1486,1521,0.15238049480579013
35,1490,1525,0.15237857372342714
38,1482,1520,0.15237679002734475
36,1477,1513,0.15236636226210448
34,1460,1494,0.15236276294619697
34,1475,1509,0.15236596203133868
34,1467,1501,0.15236901675473558
32,1471,1503,0.15237194000628168
32,1476,1508,0.15238105339799704
32,1490,1522,0.1523896936584188
30,1499,1529,0.15239804418355907
28,1494,1522,0.15241195441049993
29,1494,1523,0.15243098423354792
26,1478,1504,0.15244587432412401
26,1487,1513,0.1524689127734878
28,1484,1512,0.15249045238844322
29,1487,1516,0.15250478363059927
29,1489,1518,0.15251528832462724
29,1492,1521,0.15252519712090892
29,1505,1534,0.15253453208888124
29,1510,1539,0.1525433225192918
28,1507,1535,0.15255159652437905
28,1497,1525,0.15256258938186895
28,1492,1520,0.1525729085883022
27,1500,1527,0.15258259218143289
26,1488,1514,0.15259469738700282
26,1495,1521,0.15260914775829496
25,1499,1524,0.1526228131186547
24,1507,1531,0.15263858504570288
24,1504,1528,0.1526566040841221
24,1498,1522,0.15267351027150033
24,1506,1530,0.15268937311387534
23,1505,1528,0.15270425628956424
23,1481,1504,0.15272145374067403
22,1494,1516,0.15273760717920354
22,1495,1517,0.15275564467640387
21,1499,1520,0.15277259325303783
20,1502,1522,0.1527914347086996
21,1501,1522,0.15281214253652955
21,1501,1522,0.15282849007538146
21,1485,1506,0.1528438489197737
20,1496,1516,0.15285829405658513
20,1488,1508,0.15287485323424377
20,1486,1506,0.15289033618860529
19,1480,1499,0.15290482663184893
20,1492,1512,0.1529213023672963
20,1490,1510,0.15293368426778844
20,1491,1511,0.15294517441553027
21,1491,1512,0.1529559320893989
20,1497,1517,0.15296307141896853
22,1495,1517,0.15297303109387786
22,1495,1517,0.15297629374167726
23,1495,1518,0.1529793770994285
24,1489,1513,0.15297936992567135
25,1497,1522,0.15297629866015922
27,1495,1522,0.1529705168322319
27,1493,1520,0.15295927892952021
27,1485,1512,0.152948892446749
23,1495,1518,0.15293928669723975
22,1494,1516,0.15294241430553565
22,1496,1518,0.15294832159985192
21,1507,1528,0.1529538177193623
21,1498,1519,0.15296183968196725
21,1496,1517,0.15296932306752192
22,1484,1506,0.15297629718892358
22,1497,1519,0.1529797854117898
22,1506,1528,0.15298302611974532
22,1476,1498,0.15298604644377697
22,1482,1504,0.15298886803006959
22,1482,1504,0.1529914435158049
22,1496,1518,0.1529938653394148
21,1495,1516,0.15299613964101955
21,1487,1508,0.15300119020322053
22,1492,1514,0.15300607260921645
21,1488,1509,0.15300765964008892
22,1496,1518,0.15301206168094622
21,1499,1520,0.1530132244557376
22,1495,1517,0.1530172294625543
21,1498,1519,0.1530180573086281
22,1494,1516,0.15302176849252425
22,1501,1523,0.15302200497921986
22,1502,1524,0.153022198174079
22,1510,1532,0.15302230097249794
21,1507,1528,0.15302260009817728
20,1506,1526,0.1530261091547481
21,1507,1528,0.15303230707987367
19,1494,1513,0.1530348687447672
18,1498,1516,0.15304330381152256
18,1514,1532,0.15305422975123065
18,1485,1503,0.15306442218456406
18,1499,1517,0.1530739357340446
17,1499,1516,0.1530828200966409
17,1499,1516,0.15309405244884336
17,1497,1514,0.15310448115187705
19,1496,1515,0.1531143210789123
18,1499,1517,0.15311734272199914
18,1496,1514,0.1531235294638995
17,1499,1516,0.1531293889537002
14,1497,1511,0.1531379004275284
15,1505,1520,0.15315489684846204
16,1506,1522,0.15316771995818027
16,1501,1517,0.15317670724954857
17,1488,1505,0.15318517145237048
17,1484,1501,0.15319003051076016
17,1491,1508,0.1531945912104371
17,1494,1511,0.15319887052655692
18,1498,1516,0.15320288912859972
18,1486,1504,0.1532034300068238
18,1472,1490,0.15320393873094365
18,1484,1502,0.15320440976603783
18,1495,1513,0.1532048472868204
18,1498,1516,0.1532052552112825
18,1494,1512,0.15320563643433305
17,1496,1513,0.15320599318663974
18,1494,1512,0.15320932037841503
18,1493,1511,0.153209160654752
18,1491,1509,0.15320896210914076
18,1496,1514,0.15320874150515237
18,1501,1519,0.1532085123048727
20,1509,1529,0.15320828156885194
19,1504,1523,0.15320202256668206
19,1508,1527,0.15319920888673358
20,1512,1532,0.15319649765799898
20,1497,1517,0.15319083768726918
19,1496,1515,0.1531855373745888
19,1507,1526,0.15318359684756985
18,1500,1518,0.15318178540800909
17,1493,1510,0.15318317297566736
17,1492,1509,0.15318745641189108
17,1486,1503,0.15319139154013545
19,1489,1508,0.15319501816430922
19,1488,1507,0.15319209319271204
18,1495,1513,0.15318946523826174
19,1496,1515,0.15319003507974588
18,1494,1512,0.15318742717573938
18,1498,1516,0.15318816703329297
18,1503,1521,0.1531888516933363
18,1496,1514,0.15318948927075313
18,1495,1513,0.15319008258384245
19,1502,1521,0.15319063517379328
18,1496,1514,0.15318809925624624
18,1490,1508,0.1531888120327157
18,1491,1509,0.1531894394631369
18,1497,1515,0.15319000671343075
18,1501,1519,0.15319052612888087
18,1495,1513,0.1531910051004422
18,1499,1517,0.15319144870416307
17,1508,1525,0.15319190701955013
16,1497,1513,0.15319548813451023
16,1501,1517,0.15320186509820213
17,1496,1513,0.1532077822267207
17,1504,1521,0.15321016160381734
16,1495,1511,0.15321231628602106
17,1493,1510,0.15321760690769892
17,1498,1515,0.1532194602535548
15,1500,1515,0.15322132844693578
16,1499,1515,0.15322948210170506
18,1493,1511,0.15323400983827148
18,1495,1513,0.15323217080127777
17,1489,1506,0.15323063272278806
17,1495,1512,0.15323234103467415
18,1496,1514,0.15323400787204805
18,1498,1516,0.15323256967797674
18,1491,1509,0.15323126203602502
19,1500,1519,0.15323007764388846
19,1497,1516,0.1532259323594852
19,1506,1525,0.1532221328498542
18,1491,1509,0.1532186308115041
19,1491,1510,0.15321846147060875
19,1493,1512,0.15321521149644968
18,1497,1515,0.15321223104263826
17,1502,1519,0.153212558650757
18,1496,1514,0.15321576894798952
19,1490,1509,0.15321562577764308
19,1501,1520,0.15321241304996755
18,1487,1505,0.15320951800419316
18,1510,1528,0.15320995882085695
18,1514,1532,0.15321029528775315
17,1499,1516,0.153210590063665
17,1507,1524,0.15321409247143147
16,1509,1525,0.15321738561532722
15,1498,1513,0.1532235925642685
16,1507,1523,0.15323246881862687
16,1505,1521,0.15323755979747047
15,1514,1529,0.15324239303228931
16,1524,1540,0.15325015330944042
16,1513,1529,0.15325446121367636
18,1506,1524,0.15325863616970306
17,1497,1514,0.1532565718602931
18,1482,1500,0.15325782893784723
18,1497,1515,0.15325598481722377
17,1491,1508,0.15325431280529653
17,1495,1512,0.15325587531219262
17,1503,1520,0.1532573755673079
17,1494,1511,0.15325880613692092
17,1494,1511,0.1532601627293101
16,1499,1515,0.1532614456930354
16,1497,1513,0.15326565340642626
16,1495,1511,0.15326949553068744
15,1495,1510,0.1532729097678213
16,1487,1503,0.15327912619867262
16,1482,1498,0.15328196035277666
16,1485,1501,0.1532846195260915
15,1489,1504,0.1532871246202381
14,1500,1514,0.15329242196775142
14,1508,1522,0.15330044707352652
14,1504,1518,0.15330784309191725
14,1494,1508,0.153314785390946
15,1492,1507,0.15332125589897516
15,1497,1512,0.15332423646065682
15,1490,1505,0.15332704499029137
15,1496,1511,0.15332960512860871
15,1495,1510,0.15333193631909123
17,1505,1522,0.15333410569673217
17,1508,1525,0.15332997896053324
18,1501,1519,0.153326259525087
19,1497,1516,0.15331991947202114
19,1485,1504,0.15331104738320125
17,1486,1503,0.15330282303142262
18,1491,1509,0.15330125933641459
16,1500,1516,0.15329660266289327
18,1505,1523,0.1532982927682424
19,1508,1527,0.15329385555929126
18,1494,1512,0.15328660883639292
19,1493,1512,0.15328294551635974
19,1503,1522,0.15327660108607608
19,1495,1514,0.15327070282207023
19,1504,1523,0.15326521833378925
18,1493,1511,0.1532601083661102
18,1498,1516,0.15325838979526243
19,1503,1522,0.1532567908082352
18,1492,1510,0.15325224441905624
17,1503,1520,0.1532510380338918
19,1503,1522,0.15325285250280438
20,1490,1510,0.15324850031112047
20,1494,1514,0.1532413993088712
19,1500,1519,0.15323476485784462
19,1501,1520,0.1532316396728742
18,1492,1510,0.15322861587125117
20,1494,1514,0.15322878751021812
20,1498,1518,0.15322288877214457
19,1501,1520,0.15321747066628763
19,1495,1514,0.15321538560024436
19,1496,1515,0.1532135488204368
19,1493,1512,0.15321180093215403
19,1496,1515,0.1532101607335139
18,1501,1519,0.15320838609413273
17,1502,1519,0.15320952825564765
17,1514,1531,0.15321343186935507
15,1499,1514,0.15321728215656857
16,1501,1517,0.1532268536893323
17,1506,1523,0.1532328466801264
17,1503,1520,0.1532355076248447
17,1506,1523,0.1532380078574884
17,1491,1508,0.1532403660776093
16,1494,1510,0.15324258657845524
17,1500,1517,0.15324767380529647
17,1491,1508,0.15324938225026546
17,1507,1524,0.1532510102487155
17,1500,1517,0.15325255222117248
17,1505,1522,0.15325400647288492
16,1504,1520,0.1532553752214924
16,1518,1534,0.15325975472700076
16,1515,1531,0.1532636441769978
15,1499,1514,0.15326735689486706
16,1507,1523,0.1532738113295981
15,1514,1529,0.15327687680798474
16,1517,1533,0.1532827072275005
16,1517,1533,0.15328516511333137
17,1503,1520,0.15328746798191326
16,1502,1518,0.15328652549391467
16,1498,1514,0.15328893627515028
16,1509,1525,0.15329125135243382
14,1511,1525,0.1532934630064036
15,1505,1520,0.15330156343184254
15,1507,1522,0.1533059663022562
16,1502,1518,0.1533101452234273
15,1517,1532,0.15331110501685555
16,1509,1525,0.15331501216361287
16,1487,1503,0.1533157154709503
15,1489,1504,0.1533164134795327
15,1495,1510,0.1533201208200147
15,1496,1511,0.15332351145416848
15,1501,1516,0.15332666380652427
15,1487,1502,0.15332960594411157
16,1481,1497,0.15333235727957387
16,1492,1508,0.1533319041935718
15,1493,1508,0.15333159621370845
17,1492,1509,0.15333430843934182
16,1485,1501,0.15333065779295388
15,1501,1516,0.15333037827444607
15,1505,1520,0.15333307375679703
15,1498,1513,0.15333557855957236
15,1517,1532,0.1533379041861569
14,1514,1528,0.15334006482945586
14,1515,1529,0.15334514796534415
14,1506,1520,0.15334985422996786
16,1497,1513,0.15335422713079946
16,1487,1503,0.15335204348389897
15,1498,1513,0.1533500867003188
15,1509,1524,0.15335124034531827
15,1516,1531,0.15335234950804785
15,1498,1513,0.1533533875092315
15,1493,1508,0.15335435569055889
14,1496,1510,0.15335525909464814
15,1502,1517,0.1533591848443166
14,1498,1512,0.15335951628827624
14,1503,1517,0.153362798983813
14,1518,1532,0.153365724419454
15,1503,1518,0.15336864721796373
15,1506,1521,0.15336834949636738
15,1506,1521,0.15336821837791087
16,1499,1515,0.15336815193615969
16,1505,1521,0.15336504295856318
15,1504,1519,0.1533622097998643
15,1499,1514,0.15336263996288962
17,1494,1511,0.1533630164110626
17,1506,1523,0.15335729575706517
17,1511,1528,0.1533519914957207
17,1513,1530,0.15334707497731823
15,1515,1530,0.1533425064417492
15,1507,1522,0.15334441344011568
14,1500,1514,0.1533460624175148
16,1496,1512,0.1533505503384987
16,1494,1510,0.1533485814438768
15,1488,1503,0.15334682324753107
15,1487,1502,0.15334832127185924
15,1486,1501,0.15334963705704752
14,1495,1509,0.15335084415493483
15,1503,1518,0.1533551332804169
16,1499,1515,0.15335575692744308
16,1493,1509,0.1533535034134654
16,1490,1506,0.15335145241829853
15,1501,1516,0.15334957451865097
16,1496,1512,0.15335083984346654
17,1511,1528,0.15334880780649082
16,1506,1522,0.1533439635768538
16,1519,1535,0.1533425376433533
13,1509,1522,0.15334117109288992
14,1510,1524,0.15334922562698977
15,1507,1522,0.15335354394535625
15,1520,1535,0.15335460547627183
16,1493,1509,0.1533556651965841
16,1491,1507,0.15335371799024977
16,1496,1512,0.15335192596312563
16,1501,1517,0.15335018788008775
16,1513,1529,0.15334865603593603
16,1516,1532,0.15334724789056023
16,1517,1533,0.15334594639524718
16,1509,1525,0.15334474029961784
15,1498,1513,0.1533436205693883
15,1492,1507,0.15334563702122878
14,1491,1505,0.1533474215690015
16,1497,1513,0.1533520598769995
16,1486,1502,0.15335039050848528
16,1485,1501,0.15334885241975957
15,1482,1497,0.15334744443049686
16,1498,1514,0.1533491124079719
15,1502,1517,0.15334762169450783
14,1499,1513,0.1533493213136315
14,1503,1517,0.15335395026506146
14,1522,1536,0.1533581543001327
15,1507,1522,0.15336204289682925
15,1506,1521,0.15336255367457352
15,1498,1513,0.15336311295330765
16,1502,1518,0.1533637833731884
15,1496,1511,0.15336138618326647
15,1509,1524,0.1533622013224004
16,1516,1532,0.1533629437764916
16,1510,1526,0.153360606672232
15,1516,1531,0.15335847523760995
15,1513,1528,0.15335956854295552
15,1511,1526,0.15336050125875733
15,1505,1520,0.15336134904248158
16,1505,1521,0.15336212983736539
17,1500,1517,0.15335982803782802
16,1504,1520,0.15335460980146567
16,1514,1530,0.15335287471578404
16,1512,1528,0.15335130192455693
16,1514,1530,0.15335000664500395
16,1517,1533,0.15334871838548952
16,1500,1516,0.15334750392430352
16,1496,1512,0.15334636697150858
16,1501,1517,0.15334530371359892
16,1504,1520,0.15334430925487688
15,1507,1522,0.15334337879319895
15,1519,1534,0.15334555295126656
15,1511,1526,0.15334747814248323
16,1509,1525,0.1533492334317246
15,1513,1528,0.15334790269790613
14,1506,1520,0.1533497265722963
14,1509,1523,0.1533544568609371
12,1503,1515,0.1533588542937752
11,1489,1500,0.15336916056230668
11,1499,1510,0.15338181905804332
10,1505,1515,0.153393640670786
10,1510,1520,0.1534078165861554
10,1485,1495,0.1534210498947723
9,1503,1512,0.15343341955384873
8,1499,1507,0.15344815202838827
8,1505,1513,0.15346492543961246
7,1511,1518,0.1534806330399878
7,1501,1508,0.15349841529453329
7,1515,1522,0.15351504908842678
8,1509,1517,0.15353062222875113
8,1517,1525,0.15354211569991477
8,1498,1506,0.15355292723160371
7,1502,1509,0.1535630917550592
7,1499,1506,0.15357589478304348
7,1504,1511,0.15358783659335273
8,1507,1515,0.15359902640034925
7,1517,1524,0.15360641557577895
6,1510,1516,0.15361640172307478
6,1509,1515,0.15362885454060493
7,1505,1512,0.1536405285736473
7,1501,1508,0.15364823082211454
7,1504,1511,0.153655544356405
7,1512,1519,0.15366242931184135
7,1518,1525,0.15366890319051413
7,1505,1512,0.15367498823388692
7,1511,1518,0.15368070690866845
7,1511,1518,0.1536860809124325
7,1509,1516,0.153691130887661
7,1513,1520,0.15369587634870419
7,1501,1508,0.15370033568702143
7,1502,1509,0.15370452620809874
7,1510,1517,0.15370846418130682
7,1504,1511,0.15371216489439998
6,1487,1493,0.1537156427087477
6,1489,1495,0.15372212209547062
6,1494,1500,0.15372811582046217
6,1505,1511,0.1537337189067249
6,1514,1520,0.15373896708580792
6,1519,1525,0.1537438874277505
7,1514,1521,0.15374850301612486
6,1508,1514,0.15374962907376233
6,1517,1523,0.15375381075622635
5,1507,1512,0.1537577751672135
5,1503,1508,0.15376470591913016
5,1491,1496,0.15377121596973709
6,1497,1503,0.15377731577369688
6,1521,1527,0.15377984183031468
5,1518,1523,0.15378221383981616
5,1524,1529,0.15378764274547202
5,1515,1520,0.15379274569699747
5,1504,1509,0.153797529021115
5,1506,1511,0.15380201560470141
4,1521,1525,0.1538062257466404
4,1514,1518,0.15381332930505429
4,1503,1507,0.15382002016483542
4,1515,1519,0.15382629372607462
4,1503,1507,0.15383217760726334
4,1501,1505,0.15383769830729127
4,1494,1498,0.15384287994050136
4,1501,1505,0.15384774454786426
4,1497,1501,0.15385231241429154
4,1501,1505,0.15385660230593687
4,1515,1519,0.15386063164780037
4,1507,1511,0.1538644166618246
4,1506,1510,0.15386797247855075
4,1511,1515,0.1538713132304018
4,1505,1509,0.15387445213164722
3,1514,1517,0.15387740154831533
4,1521,1525,0.15388346960546437
5,1515,1520,0.15388578043890777
5,1508,1513,0.1538847580980751
5,1506,1511,0.15388384679067685
5,1516,1521,0.1538830193068736
5,1514,1519,0.1538822585285633
5,1510,1515,0.1538815549151412
5,1512,1517,0.15388090189461748
6,1511,1517,0.15388029442241638
7,1499,1506,0.1538765219162228
7,1508,1515,0.15386970609936118
7,1494,1501,0.15386342912781925
7,1509,1516,0.1538575797434744
7,1510,1517,0.15385211399945478
7,1510,1517,0.15384699997257534
7,1512,1519,0.15384221107922838
7,1522,1529,0.1538377240464934
7,1515,1522,0.15383351801314582
7,1517,1524,0.1538295740315301
7,1518,1525,0.15382587474992554
6,1521,1527,0.15382240419009754
6,1508,1514,0.15382233502069384
6,1508,1514,0.15382223536908593
6,1504,1510,0.15382211993817355
6,1499,1505,0.15382199829598953
5,1500,1505,0.15382187631504685
5,1499,1504,0.15382502338213155
5,1507,1512,0.15382788489772048
4,1511,1515,0.15383054375654834
5,1519,1524,0.153836243364957
6,1520,1526,0.15383827787307083
5,1520,1525,0.15383696675945424
5,1517,1522,0.15383909604311952
5,1514,1519,0.15384103335815275
5,1503,1508,0.15384284162863993
5,1513,1518,0.15384453415711846
5,1508,1513,0.15384612003103337
5,1485,1490,0.15384760687690893
6,1481,1487,0.1538490014565432
6,1488,1494,0.1538470405484934
6,1497,1503,0.15384529525924096
6,1496,1502,0.15384368228101344
6,1504,1510,0.1538421820514853
6,1502,1508,0.15384078265660062
6,1501,1507,0.15383947508658471
6,1500,1506,0.15383825192148312
6,1505,1511,0.15383710677776308
6,1495,1501,0.1538360340211363
8,1511,1519,0.15383502859706785
7,1508,1515,0.1538276464369162
6,1510,1516,0.15382403862549082
6,1510,1516,0.15382392221987856
6,1515,1521,0.1538237455864376
6,1515,1521,0.15382356262023242
6,1511,1517,0.15382338149054772
6,1523,1529,0.1538232055346387
5,1515,1520,0.1538230363134925
6,1506,1512,0.15382611257462822
6,1496,1502,0.15382565770548695
6,1492,1498,0.15382530455807608
6,1498,1504,0.1538249847242303
6,1513,1519,0.15382468875071204
6,1501,1507,0.15382441296484634
4,1513,1517,0.1538241551853931
4,1523,1527,0.1538303626037833
6,1513,1519,0.15383607978534022
7,1501,1508,0.15383492490852319
7,1495,1502,0.15383076082670713
6,1492,1498,0.15382689245197112
6,1502,1508,0.15382653234498714
6,1500,1506,0.15382612089694445
6,1511,1517,0.15382572197087285
5,1513,1518,0.15382534235096043
5,1518,1523,0.15382816599872284
5,1525,1530,0.15383081548755956
5,1513,1518,0.15383329016887526
5,1508,1513,0.1538356045296185
5,1502,1507,0.15383777114542135
4,1508,1512,0.1538398009380771
4,1527,1531,0.1538449244239226
3,1530,1533,0.15384970590568034
4,1519,1523,0.15385746316326407
4,1526,1530,0.1538613573533842
3,1515,1518,0.15386507813246542
3,1508,1511,0.15387182649185677
4,1501,1505,0.15387813615550808
5,1499,1504,0.15388078990069778
5,1508,1513,0.1538800146140379
6,1504,1510,0.15387939534724476
6,1503,1509,0.15387556655860202
5,1507,1512,0.1538720778199003
4,1496,1500,0.15387209921953257
4,1513,1517,0.15387532227860692
4,1510,1514,0.15387824947201598
4,1498,1502,0.153880972447963
3,1503,1506,0.15388351706415268
3,1512,1515,0.15388914652549815
3,1513,1516,0.1538944009624872
2,1522,1524,0.15389931647141938
3,1523,1526,0.15390724581454568
3,1518,1521,0.15391134736974263
3,1512,1515,0.15391520199070424
3,1507,1510,0.15391882592380418
4,1506,1510,0.15392223130127017
4,1507,1511,0.1539221640120319
4,1497,1501,0.1539221356918356
4,1508,1512,0.15392212969472066
4,1514,1518,0.15392213585256223
4,1521,1525,0.153922149463179
5,1523,1528,0.15392216783929855
6,1521,1527,0.15391887245735258
5,1527,1532,0.1539125927461588
5,1521,1526,0.15391005491637674
4,1509,1513,0.1539076794888494
4,1501,1505,0.15390873069984967
4,1511,1515,0.15390962997778204
3,1527,1530,0.15391045335976808
3,1509,1512,0.1539145051281574
3,1521,1524,0.1539182391090767
3,1512,1515,0.15392172604029306
3,1514,1517,0.15392498957782044
3,1522,1525,0.15392804750053585
3,1523,1526,0.15393091478171347
2,1529,1531,0.1539336046054255
2,1520,1522,0.15393945070108503
1,1508,1509,0.15394485862949842
1,1518,1519,0.1539532066819663
1,1505,1506,0.1539610193398411
1,1507,1508,0.15396834055050018
1,1510,1511,0.1539752096778219
1,1516,1517,0.15398165837515346
1,1518,1519,0.15398771442664924
1,1510,1511,0.15399340301720849
1,1505,1506,0.15399874730436466
1,1510,1511,0.15400376873969404
1,1508,1509,0.15400848727965158
1,1512,1513,0.15401292153955864
1,1520,1521,0.15401708891471544
1,1519,1520,0.1540210056806163
1,1518,1519,0.15402468707881764
1,1519,1520,0.15402814739230763
1,1510,1511,0.15403140001278745
1,1511,1512,0.15403445750145628
1,1518,1519,0.1540373316444052
1,1527,1528,0.1540400335034201
1,1521,1522,0.1540425734627984
1,1525,1526,0.15404496127264874
1,1524,1525,0.15404720608905345
1,1524,1525,0.15404931651140177
1,1508,1509,0.1540513006171581
1,1512,1513,0.1540531659942854
1,1515,1516,0.15405491977151975
1,1516,1517,0.15405656864666425
1,1516,1517,0.15405811891305393
1,1512,1513,0.1540595764843258
1,1512,1513,0.15406094691761665
1,1509,1510,0.15406223543529735
1,1504,1505,0.15406344694534502
1,1507,1508,0.15406458606044507
1,1506,1507,0.15406565711590658
1,1503,1504,0.15406666418647041
1,1500,1501,0.15406761110208067
1,1507,1508,0.1540685014626865
1,1503,1504,0.1540693386521375
1,1512,1513,0.15407012585122754
1,1513,1514,0.15407086604994316
1,1498,1499,0.15407156205896527
1,1504,1505,0.1540722165204708
1,1503,1504,0.15407283191827773
1,1516,1517,0.15407341058737486
1,1516,1517,0.1540739547228733
1,1513,1514,0.15407446638841601
1,1501,1502,0.1540749475240787
1,1504,1505,0.1540753999537924
1,1501,1502,0.15407582539231854
1,1508,1509,0.154076225451802
1,1498,1499,0.1540766016479295
1,1515,1516,0.1540769554057163
1,1522,1523,0.1540772880649444
1,1521,1522,0.15407760088527284
2,1520,1522,0.15407789505104108
2,1512,1514,0.15407480091486178
2,1514,1516,0.15407198258964502
1,1511,1512,0.1540693550707941
1,1521,1522,0.154070253798211
1,1526,1527,0.1540710228559365
1,1519,1520,0.15407173079465664
1,1515,1516,0.15407238978785678
1,1518,1519,0.15407300565250523
1,1530,1531,0.1540735823192268
1,1529,1530,0.1540741228789484
1,1519,1520,0.15407462994809068
1,1521,1522,0.15407510582935638
1,1510,1511,0.15407555259465405
1,1520,1521,0.15407597213325275
1,1509,1510,0.15407636618251544
1,1516,1517,0.1540767363490869
1,1514,1515,0.15407708412445875
1,1517,1518,0.15407741089700994
1,1513,1514,0.1540777179617146
1,1511,1512,0.154078006528229
1,1509,1510,0.154078277727802
1,1512,1513,0.15407853261929727
1,1497,1498,0.15407877219452207
2,1501,1503,0.15407899738299805
2,1508,1510,0.154075924612735
2,1522,1524,0.1540730349116933
2,1526,1528,0.1540703302595106
2,1526,1528,0.15406779549717053
2,1525,1527,0.15406541806072643
2,1506,1508,0.15406318707327274
2,1517,1519,0.15406109280081282
2,1511,1513,0.15405912637804076
2,1512,1514,0.15405727965088725
2,1513,1515,0.1540555450745318
2,1509,1511,0.1540539156408661
2,1508,1510,0.1540523848231676
2,1497,1499,0.15405094653166593
2,1500,1502,0.15404959507648008
1,1500,1501,0.15404832513583258
0,1511,1511,0.1540504030610496
