1361,30,1391,0.13584085161956694
1403,32,1435,0.1330387673495542
1417,33,1450,0.13036479800423018
1429,34,1463,0.127887647702564
1443,34,1477,0.12559670460412808
1440,34,1474,0.12347173179236975
1444,33,1477,0.12154286303889028
1449,31,1480,0.11977518268102715
1452,30,1482,0.11815176625156708
1458,31,1489,0.11666515386778023
1469,29,1498,0.11529615980306675
1471,29,1500,0.11402233801574116
1461,28,1489,0.11285754514253679
1454,28,1482,0.11182035957584527
1449,27,1476,0.11089198693559332
1456,27,1483,0.11005789592226478
1463,27,1490,0.10928185636917018
1467,27,1494,0.10855881892021056
1470,27,1497,0.10789109674816061
1472,28,1500,0.10727649076493545
1467,29,1496,0.10671213336122935
1472,30,1502,0.10620910744313672
1466,33,1499,0.10574022039174549
1480,33,1513,0.10532628202451587
1463,32,1495,0.10491850348099964
1472,35,1507,0.10458521673271601
1470,34,1504,0.10426195466401289
1465,33,1498,0.10397187498649821
1469,33,1502,0.10371799491752652
1458,34,1492,0.10347847044538437
1454,35,1489,0.10328432570566186
1453,34,1487,0.103116166592484
1457,33,1490,0.10296487235009893
1452,37,1489,0.10281873042345602
1449,38,1487,0.1026964910897204
1444,38,1482,0.10259189214238404
1450,37,1487,0.10250716874497626
1469,37,1506,0.1024169507037239
1464,38,1502,0.10229347946618081
1473,38,1511,0.10219205861172101
1458,38,1496,0.10208020894139425
1465,39,1504,0.10201045400661943
1446,39,1485,0.10193195926967419
1445,40,1485,0.10190130759987104
1451,39,1490,0.10187566653539229
1448,40,1488,0.10183915140472184
1432,38,1470,0.10181249632081946
1437,36,1473,0.10182234416435537
1412,33,1445,0.10182056358972147
1423,33,1456,0.10187257562908475
1438,33,1471,0.1018964217633641
1439,32,1471,0.10188603339037339
1453,33,1486,0.10187461546276434
1453,35,1488,0.10183419880503707
1473,34,1507,0.10179735220538859
1479,34,1513,0.10172120132261106
1462,33,1495,0.10163899025531195
1453,33,1486,0.10160031213499808
1429,33,1462,0.10158402061239631
1433,35,1468,0.10162054493209989
1440,35,1475,0.10164498891110582
1454,35,1489,0.10165250936709767
1460,38,1498,0.10162952880586511
1471,35,1506,0.10159586298795117
1475,35,1510,0.10154178993747415
1477,38,1515,0.10148395901161072
1470,37,1507,0.10142704748854142
1458,38,1496,0.10139004176016449
1449,41,1490,0.10138183929539406
1449,40,1489,0.10139374734111613
1454,37,1491,0.10140470370563849
1462,36,1498,0.10140376283254136
1462,37,1499,0.10138619264491978
1461,39,1500,0.10136988216917107
1459,39,1498,0.10135712182765
1473,41,1514,0.10134983351580776
1455,40,1495,0.10131320754022824
1457,42,1499,0.10131832186057535
1452,45,1497,0.10131874424898711
1458,45,1503,0.10132988810123507
1449,44,1493,0.10132704163865311
1447,44,1491,0.10134363112561379
1458,45,1503,0.10136275832659505
1461,44,1505,0.10135727649938886
1443,42,1485,0.10134606543281667
1435,43,1478,0.10137415405530337
1440,41,1481,0.10141722943680563
1450,39,1489,0.1014457314034018
1458,41,1499,0.10145001469057618
1460,41,1501,0.10143688829083503
1449,41,1490,0.10142046315377652
1444,42,1486,0.10142901885592018
1447,43,1490,0.10144749620428824
1442,44,1486,0.10145787699599165
1438,45,1483,0.10147817803718251
1428,43,1471,0.10150543122886418
1442,43,1485,0.10155172396174052
1437,41,1478,0.1015637587973832
1438,43,1481,0.10158552092246363
1455,45,1500,0.1016032181159236
1452,45,1497,0.1015827193091889
1448,46,1494,0.10157017207273684
1442,47,1489,0.10156758475242189
1430,47,1477,0.10157838484829743
1440,45,1485,0.10161382581187475
1455,46,1501,0.10162462664903944
1461,48,1509,0.10160233551056265
1450,45,1495,0.10156925839209614
1449,46,1495,0.10156235934514153
1456,48,1504,0.10155810281618091
1450,49,1499,0.10153953059561793
1445,47,1492,0.10153550904364755
1442,46,1488,0.10154296855382888
1437,45,1482,0.10155617858365855
1434,48,1482,0.10157908521229146
1443,45,1488,0.10160638357361443
1453,46,1499,0.10161174167740626
1444,45,1489,0.10159540424964521
1453,46,1499,0.10159964679855717
1445,46,1491,0.1015842590235128
1436,45,1481,0.10158738938651705
1435,46,1481,0.10160927590423435
1451,45,1496,0.10163164454075439
1454,45,1499,0.10161768980308448
1457,49,1506,0.10159854751610098
1454,48,1502,0.10157489440269969
1439,48,1487,0.10155948034102917
1437,47,1484,0.10157723810356543
1433,47,1480,0.10159790979904212
1432,47,1479,0.10162527142915494
1452,48,1500,0.10165210642969633
1461,46,1507,0.10163388576786225
1459,47,1506,0.10159803546657016
1459,46,1505,0.10156962815694699
1459,47,1506,0.10154404845417296
1444,50,1494,0.10152042039051234
1425,48,1473,0.10153106152704776
1421,47,1468,0.10158149427803542
1436,48,1484,0.10163567765159968
1437,45,1482,0.10165318836781143
1437,46,1483,0.10166671739514907
1446,48,1494,0.10167947215273067
1441,49,1490,0.10167170609921783
1441,49,1490,0.10167548471775253
1441,50,1491,0.10167893957970914
1452,54,1506,0.10168197630660793
1446,54,1500,0.10166137396936577
1435,55,1490,0.10165529518029864
1431,56,1487,0.10167355720630841
1436,55,1491,0.10169911512323065
1432,58,1490,0.1017117266697501
1426,57,1483,0.10173191628346573
1426,57,1483,0.101763174605325
1433,55,1488,0.10179122179450341
1441,55,1496,0.10180191396456544
1447,56,1503,0.10179447183862689
1447,55,1502,0.10177477049765919
1452,57,1509,0.10175651532620238
1449,58,1507,0.10172927545500034
1448,58,1506,0.10171096435377994
1447,61,1508,0.10169614629260199
1437,62,1499,0.1016850832209553
1438,64,1502,0.10169611634170263
1432,62,1494,0.10170433889958357
1424,62,1486,0.10172433786710872
1434,63,1497,0.10175996907305498
1440,65,1505,0.10177114558297994
1435,62,1497,0.10176837295947891
1438,61,1499,0.10177661669786113
1436,63,1499,0.10177788152739879
1440,62,1502,0.10178309831758246
1416,62,1478,0.10177899104881195
1425,68,1493,0.10182661624139017
1420,69,1489,0.10185121127850526
1423,68,1491,0.1018845166491784
1432,67,1499,0.10190803192336566
1421,65,1486,0.10191055799568832
1418,69,1487,0.10193611597911094
1424,70,1494,0.10196594878364593
1425,72,1497,0.10198048729231568
1425,72,1497,0.1019915770313603
1428,74,1502,0.10200136394048853
1422,72,1494,0.10200407990176139
1412,71,1483,0.10201966091560219
1419,71,1490,0.10205552746457074
1418,69,1487,0.10207359060120517
1419,69,1488,0.10209158614079358
1420,68,1488,0.1021057748884746
1419,66,1485,0.10211677735110974
1412,65,1477,0.10212881577766161
1434,65,1499,0.10215474745627275
1434,66,1500,0.10213106435979741
1452,62,1514,0.1021094731500833
1451,62,1513,0.10205146144446324
1449,64,1513,0.10200030205290726
1446,64,1510,0.10195835381613343
1419,65,1484,0.1019264301847813
1426,66,1492,0.10195534298019612
1420,69,1489,0.10196696168281165
1423,69,1492,0.10199030991663248
1418,69,1487,0.10200524843978727
1402,67,1469,0.10202969952581775
1413,67,1480,0.10208695140786762
1399,70,1469,0.102115216060119
1400,73,1473,0.10217092917645569
1406,74,1480,0.10221984925805998
1410,74,1484,0.10225115056858687
1408,73,1481,0.10227108112426446
1399,72,1471,0.10229375065504424
1407,70,1477,0.10233382971585815
1420,70,1490,0.10235305429044167
1410,72,1482,0.10234233549170947
1419,71,1490,0.10235450463356129
1440,74,1514,0.10234668600000313
1422,74,1496,0.10229384238975753
1431,75,1506,0.10228460833297902
1430,75,1505,0.10225708939639996
1434,74,1508,0.10223417305948936
1431,76,1507,0.10220455255550193
1425,77,1502,0.10218343211597412
1422,77,1499,0.10217725719890691
1422,79,1501,0.10217873289480646
1422,78,1500,0.10217998911519544
1418,76,1494,0.10218121916078492
1410,77,1487,0.10219106357815613
1398,80,1478,0.10221718975444784
1418,78,1496,0.10226678872276439
1428,78,1506,0.10226921584446995
1427,76,1503,0.10224967554242087
1397,78,1475,0.1022338941782028
1412,74,1486,0.10228342694884382
1415,74,1489,0.10229661075138662
1424,74,1498,0.10230231799655215
1419,74,1493,0.10228792394021566
1416,75,1491,0.10228592267792162
1415,73,1488,0.10229107664851136
1406,70,1476,0.10229771808121231
1414,67,1481,0.10232293750545435
1415,66,1481,0.10232875920003569
1424,69,1493,0.10233190188873928
1407,68,1475,0.10231530325708935
1415,70,1485,0.10233669393869169
1418,69,1487,0.10233907391914537
1412,70,1482,0.10233492710121066
1410,76,1486,0.1023440177220035
1410,76,1486,0.10235640137263481
1403,79,1482,0.10236780877442979
1421,79,1500,0.1023932651717826
1405,79,1484,0.10237757291549059
1402,79,1481,0.10239761529898508
1405,79,1484,0.10242218054644962
1409,84,1493,0.10243828993161717
1411,84,1495,0.10244464879783063
1407,84,1491,0.10244637072146354
1403,84,1487,0.10245650843550795
1404,82,1486,0.10247441535436104
1403,83,1486,0.10248867165440742
1399,86,1485,0.10250393510005289
1401,91,1492,0.10252675746339979
1421,94,1515,0.10254337278515839
1430,95,1525,0.1025154397654229
1423,95,1518,0.10247086435691478
1405,94,1499,0.10244537973899143
1416,92,1508,0.10246058297583975
1416,92,1508,0.10245058851460406
1405,91,1496,0.10244139575248709
1412,89,1501,0.1024565438528779
1417,90,1507,0.10245538973702634
1419,89,1508,0.10244346513806861
1415,91,1506,0.10242833129861183
1415,90,1505,0.10242345474749584
1411,91,1502,0.10241921655386609
1410,85,1495,0.10242399186529141
1417,79,1496,0.10243044210931114
1417,81,1498,0.10242123411485184
1409,84,1493,0.1024127765396447
1405,83,1488,0.10242236895904316
1396,83,1479,0.10244013139844664
1400,82,1482,0.10247557809734925
1396,85,1481,0.10249989715427849
1392,85,1477,0.10253007385952412
1396,85,1481,0.10256592438347692
1402,87,1489,0.10258996489700813
1404,87,1491,0.1025987110407981
1411,85,1496,0.10260209446251325
1402,86,1488,0.10259031895438557
1409,86,1495,0.10259923485585017
1404,84,1488,0.1025918099489207
1402,81,1483,0.10259585017667881
1404,83,1487,0.10260402620096024
1399,84,1483,0.10260751096658181
1407,86,1493,0.1026216583178901
1409,84,1493,0.10261670874884637
1406,88,1494,0.1026082457716253
1407,90,1497,0.10260673303299629
1408,89,1497,0.10260244818908493
1405,88,1493,0.10259665019066372
1416,89,1505,0.10259792424112824
1419,88,1507,0.10257609100322819
1414,88,1502,0.10254925836562251
1398,88,1486,0.10253579071945375
1407,88,1495,0.10255795931828011
1416,91,1507,0.10255913707355852
1415,92,1507,0.10254102595725274
1404,91,1495,0.10252732485068179
1403,94,1497,0.10253828116188096
1403,93,1496,0.1025506337141466
1406,92,1498,0.10256190550705285
1382,93,1475,0.10256561978153961
1389,92,1481,0.10262083798753122
1390,94,1484,0.10265594764601875
1389,94,1483,0.10268571891197738
1388,92,1480,0.1027155000250357
1402,91,1493,0.10274451818272262
1403,96,1499,0.10274079891255564
1401,96,1497,0.10273535149522975
1387,93,1480,0.1027347519364642
1393,94,1487,0.10276436479895007
1382,96,1478,0.1027790635541829
1381,94,1475,0.1028162802997236
1380,95,1475,0.10285219095612554
1374,94,1468,0.10288677020555942
1378,98,1476,0.10293132496763334
1379,103,1482,0.10296350411009307
1381,104,1485,0.10299104522467611
1382,100,1482,0.10301198345581192
1376,98,1474,0.1030289352644477
1377,101,1478,0.10305661724053554
1381,103,1484,0.10308026877676563
1370,103,1473,0.10309326132392936
1376,104,1480,0.1031290785620593
1373,104,1477,0.10314896752424531
1385,106,1491,0.10317316214598832
1383,107,1490,0.10316980343915941
1385,101,1486,0.10317101516579566
1389,99,1488,0.10316840799060173
1396,103,1499,0.10315741369087866
1390,102,1492,0.10313213838502414
1401,99,1500,0.10312208500999738
1396,102,1498,0.10308883225134746
1392,104,1496,0.10306981493330973
1391,108,1499,0.10306102489034061
1383,105,1488,0.1030550122461166
1379,105,1484,0.1030667537022075
1380,105,1485,0.10308626854012544
1387,107,1494,0.1031015877954877
1391,107,1498,0.10310067856027817
1390,110,1500,0.10309106493604026
1394,113,1507,0.10308476260220609
1389,111,1500,0.10306999096854469
1397,113,1510,0.10306734068335394
1376,119,1495,0.10304784929546465
1368,114,1482,0.1030754306379193
1379,116,1495,0.10311803320552997
1375,119,1494,0.10313316297617078
1357,123,1480,0.10315616078440741
1367,121,1488,0.10321662366537822
1382,120,1502,0.1032500897117508
1384,120,1504,0.10324805206859029
1388,120,1508,0.10324169244350896
1386,118,1504,0.10322721518751315
1386,119,1505,0.1032186256705738
1390,119,1509,0.10321124020482764
1374,118,1492,0.10319584855586869
1367,119,1486,0.10321624660537435
1383,120,1503,0.10325023228335281
1393,119,1512,0.10324664481786297
1380,120,1500,0.1032215080235098
1365,118,1483,0.10322667532382347
1370,121,1491,0.10326420490332194
1375,123,1498,0.10328742397527241
1376,117,1493,0.10329822113585237
1367,119,1486,0.10330661459281335
1363,121,1484,0.10333377631662817
1366,121,1487,0.10336650306384085
1376,121,1497,0.10339001980430013
1363,119,1482,0.10338954505932901
1362,119,1481,0.10341740860345318
1350,127,1477,0.10344552447882617
1358,129,1487,0.1034968921169513
1360,130,1490,0.10352595457564341
1356,129,1485,0.10354875749818358
1340,135,1475,0.10357804758954753
1345,140,1485,0.10364016292689725
1352,143,1495,0.10368578305813343
1349,144,1493,0.10371265207009525
1355,146,1501,0.10374386759680398
1343,141,1484,0.10375940749955596
1349,143,1492,0.10380009994266469
1348,144,1492,0.10382352439910462
1355,141,1496,0.10384700358706624
1358,138,1496,0.10385352397962475
1365,149,1514,0.10385287250751855
1369,146,1515,0.10383720277250591
1352,145,1497,0.10381429658728689
1356,146,1502,0.10383050780655932
1352,143,1495,0.10383676990453111
1359,142,1501,0.10385123409776587
1358,137,1495,0.10384962484032197
1356,132,1488,0.10385012517517925
1370,136,1506,0.1038551085998083
1361,138,1499,0.10382888868858493
1357,141,1498,0.10382438644054125
1362,140,1502,0.10382928622081486
1347,140,1487,0.1038225950311578
1346,143,1489,0.10384877018483905
1353,139,1492,0.10387456960036393
1344,141,1485,0.10388306822788242
1340,138,1478,0.10391020024613395
1336,141,1477,0.1039436168882116
1342,142,1484,0.1039827657668749
1350,140,1490,0.10400542756087525
1356,138,1494,0.10400908168164996
1356,143,1499,0.10399947453033549
1341,145,1486,0.10399081597524377
1353,143,1496,0.10401623735323536
1346,144,1490,0.1040127212252631
1354,144,1498,0.10402437162076307
1362,140,1502,0.10401698309037584
1355,138,1493,0.10399257892023663
1356,142,1498,0.10398562747520385
1358,137,1495,0.10397700077383087
1358,137,1495,0.10396494558357748
1351,149,1500,0.10395424916733113
1348,148,1496,0.10395978644122028
1346,145,1491,0.1039716617621052
1352,145,1497,0.10398671060632048
1352,142,1494,0.10398764488431145
1351,140,1491,0.10398851111390199
1355,142,1497,0.10399118708476313
1347,147,1494,0.10398512273317931
1340,156,1496,0.1039971513763944
1331,154,1485,0.10402318487124161
1336,153,1489,0.10406657991682305
1341,153,1494,0.10409581717966716
1336,151,1487,0.10411131374559571
1327,154,1481,0.10413670928712726
1333,153,1486,0.10417909697463507
1339,156,1495,0.10420460818419806
1343,156,1499,0.10421458876920636
1331,158,1489,0.10421498019415917
1340,158,1498,0.10424153882822537
1336,159,1495,0.10424636367108787
1334,157,1491,0.10425994108948448
1345,156,1501,0.1042769052078374
1343,155,1498,0.1042689634066075
1338,161,1499,0.10426602459345041
1337,155,1492,0.1042743961644247
1344,158,1502,0.10428446034226072
1351,158,1509,0.10427862761965886
1342,162,1504,0.10425770104212351
1338,164,1502,0.10425839474866201
1333,164,1497,0.10426757044129228
1329,167,1496,0.10428685825454341
1331,171,1502,0.10431329263268913
1334,173,1507,0.10433323041361123
1331,173,1504,0.10434457608867871
1319,174,1493,0.10436185469957454
1312,174,1486,0.10440371946254362
1313,176,1489,0.10445749960522281
1312,177,1489,0.1045041952354018
1321,176,1497,0.10454904394605567
1330,177,1507,0.10457074045689768
1326,181,1507,0.10457103417982339
1318,181,1499,0.10458032491314992
1309,184,1493,0.10460600453787507
1298,187,1485,0.10465001919061397
1300,190,1490,0.10471496077817313
1303,190,1493,0.10476973828377752
1315,190,1505,0.10481401434815484
1313,190,1503,0.10482815788378287
1319,192,1511,0.10484521228218259
1311,193,1504,0.10484800390867052
1314,191,1505,0.1048681958621323
1307,190,1497,0.10488051306655034
1312,193,1505,0.1049065158364963
1316,194,1510,0.10491930705285502
1308,195,1503,0.1049225661026526
1317,196,1513,0.10494323494629296
1309,202,1511,0.10494249163504545
1311,199,1510,0.10495885772673018
1306,199,1505,0.10496954767000057
1302,200,1502,0.10499077118968253
1291,200,1491,0.10501863270754205
1303,203,1506,0.10506834906686624
1300,202,1502,0.1050874174603845
1301,207,1508,0.10511155254334219
1294,206,1500,0.10513166276448864
1279,205,1484,0.10516540346026268
1289,206,1495,0.10522920108368558
1300,203,1503,0.10526507618611053
1285,199,1484,0.10527356833595786
1291,201,1492,0.10531438108715392
1297,201,1498,0.10533818132811142
1300,205,1505,0.10534646847060807
1304,201,1505,0.1053475751635797
1304,205,1509,0.10534039805280301
1301,203,1504,0.10533474416219633
1299,203,1502,0.10533653198937781
1290,203,1493,0.1053425918821247
1277,202,1479,0.10536836014323395
1278,206,1484,0.10541994951056591
1271,208,1479,0.1054647105071945
1270,208,1478,0.10552140692479035
1272,204,1476,0.10557548282755466
1271,201,1472,0.1056199115594817
1279,193,1472,0.10566291906515421
1282,193,1475,0.10568502149920843
1300,190,1490,0.1056987711160342
1293,193,1486,0.10567143371158863
1289,197,1486,0.1056613221325442
1295,192,1487,0.10566108260062214
1294,196,1490,0.10564765183399162
1306,197,1503,0.10563767189161773
1302,200,1502,0.1056017370112185
1305,195,1500,0.1055782503967625
1305,203,1508,0.10555034373754509
1298,203,1501,0.10552526186407604
1296,199,1495,0.10551794801588155
1298,201,1499,0.10551508139849596
1303,200,1503,0.10550834238377366
1287,202,1489,0.10549091560568209
1282,202,1484,0.10551015981368243
1284,199,1483,0.10553920149236516
1289,198,1487,0.10556062283139848
1295,197,1492,0.10556964525949258
1281,197,1478,0.10556461973608341
1287,196,1483,0.10559090346025914
1288,195,1483,0.10560150408445303
1297,199,1496,0.10560886458723566
1296,199,1495,0.1055959216823243
1282,199,1481,0.10558664434197473
1280,200,1480,0.10560853946234769
1284,197,1481,0.10563347422004458
1268,201,1469,0.10564757764811514
1280,206,1486,0.1056960366514748
1273,210,1483,0.10571366783082489
1273,206,1479,0.10574497563203289
1291,212,1503,0.10577401501961084
1289,206,1495,0.10576109774052248
1289,202,1491,0.10575387408592107
1292,204,1496,0.10574736051245555
1294,206,1500,0.10573466795631077
1295,203,1498,0.1057189569804655
1296,202,1498,0.10570236662380392
1298,203,1501,0.10568443154668783
1298,204,1502,0.1056636424779483
1303,202,1505,0.1056445266101169
1292,196,1488,0.10561610796151857
1283,195,1478,0.10561418676966397
1288,197,1485,0.10563250774639972
1294,201,1495,0.10563805769351944
1290,210,1500,0.10562971391068576
1292,207,1499,0.10563064075871603
1292,211,1503,0.10562737713625242
1294,216,1510,0.10562468102126989
1286,218,1504,0.10561747613682904
1283,219,1502,0.1056287305729031
1291,220,1511,0.1056459323674753
1286,218,1504,0.10564370567904717
1272,218,1490,0.10565315996537233
1284,221,1505,0.10569294574960995
1281,220,1501,0.10570305462804792
1278,220,1498,0.10571946458754805
1280,221,1501,0.10574157189744345
1289,219,1508,0.10575708882783616
1274,219,1493,0.10575142188630084
1267,216,1483,0.10577971510604095
1264,216,1480,0.1058209563763155
1264,211,1475,0.1058647246369195
1284,209,1493,0.10590472472945235
1277,210,1487,0.10589646820832722
1286,209,1495,0.10590502933508962
1284,211,1495,0.10589160821197102
1284,210,1494,0.10588413832958425
1280,207,1487,0.10587737908638623
1268,213,1481,0.1058803584145521
1277,215,1492,0.10590999948154678
1285,216,1501,0.10591712448558134
1285,221,1506,0.1059053522504286
1268,217,1485,0.10589466205461338
1279,208,1487,0.10592253130669821
1282,205,1487,0.10592298474799676
1277,208,1485,0.10591700818755719
1276,210,1486,0.1059231148207844
1285,206,1491,0.10593090388217755
1273,208,1481,0.10591859645025728
1270,208,1478,0.10593317657647564
1265,212,1477,0.10595329957420524
1254,215,1469,0.10598289090080158
1250,218,1468,0.10603360185936399
1248,213,1461,0.10608872656428348
1253,215,1468,0.10614335256165905
1259,213,1472,0.10618200257570833
1275,212,1487,0.1062047636406534
1278,216,1494,0.10618932823261133
1276,211,1487,0.1061683062358625
1280,209,1489,0.10615368968814241
1288,216,1504,0.10613191388242935
1284,217,1501,0.1060943936452407
1278,216,1494,0.10606860966492002
1273,217,1490,0.10605841322405324
1283,216,1499,0.1060601168406911
1282,218,1500,0.10603932505246683
1284,218,1502,0.10602256306359763
1290,226,1516,0.1060032836619988
1290,222,1512,0.1059726122432119
1286,220,1506,0.1059437890124108
1280,222,1502,0.10592647535316921
1273,225,1498,0.10592367013525983
1278,227,1505,0.10593627857267403
1281,228,1509,0.10593687343387853
1280,233,1513,0.10593102110478057
1291,232,1523,0.10592747769529307
1278,233,1511,0.10589999647547887
1268,226,1494,0.10590352396315353
1278,223,1501,0.10592872824548348
1294,220,1514,0.10593000477401172
1280,220,1500,0.10589547304657883
1284,223,1507,0.10589566404305405
1291,222,1513,0.10588698951636802
1282,228,1510,0.10586335486424009
1270,230,1500,0.1058618307723443
1275,231,1506,0.10588729343703522
1271,230,1501,0.10589959084650015
1265,229,1494,0.1059190526232717
1260,229,1489,0.10595032124468044
1254,231,1485,0.10598982906344259
1256,234,1490,0.1060400081041
1253,231,1484,0.10608148731243723
1252,235,1487,0.10612640877698826
1249,235,1484,0.10617007212640069
1255,240,1495,0.10621670018627088
1257,238,1495,0.10624614827300935
1255,237,1492,0.10626849777476247
1265,238,1503,0.10629306966116941
1273,238,1511,0.10629303342159607
1276,239,1515,0.10627544265830614
1267,243,1510,0.10625284839955831
1251,248,1499,0.10625214268981477
1261,251,1512,0.10628767188952289
1254,252,1506,0.10629850165573779
1237,257,1494,0.10632400739593895
1236,253,1489,0.10638481233208484
1252,249,1501,0.10644264057456232
1255,261,1516,0.1064605698946334
1246,264,1510,0.1064696233579263
1248,265,1513,0.10649799173754924
1232,267,1499,0.10652003587516969
1235,265,1500,0.10657578727153033
1233,264,1497,0.10662004179771405
1222,263,1485,0.10666481090305499
1217,262,1479,0.10673055982329936
1228,261,1489,0.10680174049170056
1237,264,1501,0.10684189322733349
1235,261,1496,0.10685877459063117
1224,272,1496,0.10687883905769759
1225,272,1497,0.10692255290093548
1225,273,1498,0.10696057734607202
1220,280,1500,0.10699581268967076
1220,281,1501,0.10703900363054725
1229,284,1513,0.10707850520841919
1224,288,1512,0.1070943853308133
1226,284,1510,0.10712091399844054
1230,283,1513,0.10714100767045728
1230,289,1519,0.10715041824851951
1233,285,1518,0.10715906223002979
1222,288,1510,0.10716038060675263
1227,292,1519,0.10718617828411352
1228,289,1517,0.10719879936927904
1225,293,1518,0.10720762476576723
1220,287,1507,0.10722212418312982
1215,284,1499,0.1072465731381315
1223,286,1509,0.10728059970356046
1226,288,1514,0.10729388458040087
1210,298,1508,0.10729916504132564
1208,299,1507,0.10733965639694375
1207,300,1507,0.10738121887676572
1210,300,1510,0.10742171376091662
1207,294,1501,0.10745208220912428
1208,293,1501,0.10748716616358961
1202,290,1492,0.10751665274222591
1203,295,1498,0.10755771414809992
1198,293,1491,0.1075935996072203
1196,300,1496,0.10763789497017981
1201,294,1495,0.10768285815393946
1206,297,1503,0.10771185306823168
1209,295,1504,0.1077278347724053
1204,298,1502,0.10773588577232635
1198,302,1500,0.10775464615668282
1194,303,1497,0.10778564787249845
1179,314,1493,0.10782307879685803
1183,319,1502,0.10789160636118612
1190,322,1512,0.10794555598294261
1196,322,1518,0.10797944394165943
1191,316,1507,0.10799762030253017
1176,322,1498,0.1080251479586375
1184,326,1510,0.10808407458114054
1185,319,1504,0.10812054629102354
1184,318,1502,0.1081512744706901
1174,322,1496,0.10818061453178492
1180,323,1503,0.10823114465528558
1182,319,1501,0.10826373871285275
1175,318,1493,0.10828896591386881
1181,312,1493,0.10832832061053974
1172,311,1483,0.10835069693850681
1171,326,1497,0.108391228965416
1172,318,1490,0.1084308024445048
1180,314,1494,0.10846488919486866
1179,309,1488,0.10847842893896117
1180,317,1497,0.10849350605583688
1172,318,1490,0.10850485069946231
1180,315,1495,0.10853351429087227
1186,318,1504,0.1085421904824371
1198,324,1522,0.10853638310742147
1182,320,1502,0.10850401919484226
1175,323,1498,0.10851088157771491
1183,312,1495,0.10853257129717768
1185,318,1503,0.10853386350435318
1189,323,1512,0.10853079247919732
1180,321,1501,0.10851850366419633
1179,320,1499,0.10852770942484474
1176,322,1498,0.10853859123839943
1180,326,1506,0.1085554653365386
1180,328,1508,0.10856209296596081
1182,325,1507,0.1085679557587303
1168,327,1495,0.10856847825465937
1170,332,1502,0.10860057713672898
1161,336,1497,0.10862608574954928
1155,340,1495,0.10867031407703184
1154,343,1497,0.1087250294364933
1156,343,1499,0.10877701355330871
1144,348,1492,0.10882049217377539
1135,352,1487,0.1088878347195878
1138,350,1488,0.10896985109137132
1140,347,1487,0.10903828761327286
1142,351,1493,0.10909721963754979
1147,346,1493,0.10914680913667821
1150,352,1502,0.1091805425152813
1145,353,1498,0.10920582472112972
1142,354,1496,0.10924060754413337
1140,356,1496,0.10927932376384461
1130,358,1488,0.10931941019046022
1134,367,1501,0.10937896536454116
1138,367,1505,0.10942453891601321
1136,363,1499,0.1094572592644495
1122,361,1483,0.10949221846877574
1126,364,1490,0.10955626897680562
1130,357,1487,0.10960551252209658
1136,362,1498,0.1096410905822433
1131,366,1497,0.1096608155175172
1134,369,1503,0.10968991213504403
1127,372,1499,0.10971082794749083
1133,378,1511,0.10974618711439726
1128,373,1501,0.10976537489263656
1120,372,1492,0.10979499770069126
1122,370,1492,0.10984064723665904
1122,370,1492,0.10987780534732618
1113,378,1491,0.10991196455751018
1123,373,1496,0.10996419905732704
1136,369,1505,0.10998919871161007
1131,373,1504,0.10998263158309601
1129,370,1499,0.10998839553423023
1128,372,1500,0.10999857991026298
1116,383,1499,0.11000910590412488
1113,379,1492,0.11004760395356213
1117,380,1497,0.1100911159789612
1117,376,1493,0.11012216348739855
1122,377,1499,0.110150767404257
1120,372,1492,0.11016551010909147
1125,376,1501,0.11018359742191404
1114,372,1486,0.11018868270036791
1122,372,1494,0.1102192023554202
1118,369,1487,0.11022835643405511
1119,365,1484,0.11024606482159953
1130,373,1503,0.11026019914725352
1124,374,1498,0.11024830440076391
1123,377,1500,0.11025125922656066
1118,381,1499,0.11025649774797788
1117,389,1506,0.1102730281857615
1117,384,1501,0.11029039503551054
1107,388,1495,0.11030737289032189
1097,391,1488,0.11034648504069391
1107,391,1498,0.1104052155586702
1110,392,1502,0.11043634837759463
1113,393,1506,0.11045789541891882
1104,397,1501,0.110470985984196
1102,391,1493,0.11050432394295505
1109,398,1507,0.11053971359835735
1107,389,1496,0.11055641983629921
1113,387,1500,0.11057566395070204
1096,394,1490,0.1105794743645749
1100,394,1494,0.11062183946129371
1099,396,1495,0.11065230635710051
1101,396,1497,0.11068321155736996
1096,396,1492,0.11070676618420375
1096,393,1489,0.11073979838523534
1098,397,1495,0.11077042251942835
1095,400,1495,0.1107934617084943
1096,391,1487,0.11082124746537592
1101,386,1487,0.11084410707201661
1100,390,1490,0.1108550607504037
1103,391,1494,0.11086735324820385
1101,397,1498,0.11087153017137034
1098,400,1498,0.11088024298975906
1098,403,1501,0.11089527444281803
1100,399,1499,0.11090991127313721
1097,403,1500,0.11091866687880646
1085,401,1486,0.11093375420720462
1088,402,1490,0.11097503571059492
1077,400,1477,0.11100558289959986
1081,402,1483,0.11105870563997686
1099,401,1500,0.11109850853408869
1092,405,1497,0.11109360290220184
1087,409,1496,0.1111053083090282
1085,412,1497,0.11112713035287651
1083,407,1490,0.11115302478952312
1097,407,1504,0.11118142917867477
1093,408,1501,0.1111747380730214
1090,406,1496,0.11117872909880022
1086,411,1497,0.11118932886228128
1081,417,1498,0.11120919263452375
1088,417,1505,0.11123894107341221
1087,417,1504,0.11125053543445912
1084,418,1502,0.11126452034184346
1078,416,1494,0.11128320078717996
1086,420,1506,0.11131532755508795
1076,430,1506,0.1113256581840519
1073,432,1505,0.111358639229198
1072,438,1510,0.11139601080954258
1070,442,1512,0.11143305529345855
1074,436,1510,0.11147224254911854
1084,429,1513,0.11149869878010424
1070,430,1500,0.11149930675724956
1058,430,1488,0.1115328888893094
1069,431,1500,0.11159075368492548
1062,428,1490,0.1116188123030074
1050,429,1479,0.11166055765518543
1061,431,1492,0.1117260232546963
1069,435,1504,0.1117611875585958
1067,437,1504,0.11177483500379655
1063,441,1504,0.11179238757207724
1066,444,1510,0.11181824975695816
1059,444,1503,0.11183572834689567
1062,438,1500,0.11186795229266223
1052,442,1494,0.11189119050956546
1038,442,1480,0.11193536285229375
1041,447,1488,0.11200820601372773
1049,454,1503,0.11206848434449004
1047,458,1505,0.11210493677280557
1037,463,1500,0.11214331120112267
1037,461,1498,0.11220232244772639
1031,461,1492,0.1122564455093952
1046,461,1507,0.11232015934460891
1046,466,1512,0.11234441827741497
1050,465,1515,0.11236624831661043
1048,465,1513,0.11237666810938043
1040,478,1518,0.11239133167384399
1042,473,1515,0.11242377130226633
1052,477,1529,0.1124492242716774
1040,476,1516,0.11244958804837513
1032,478,1510,0.11247798298266608
1020,480,1500,0.11252351188931241
1021,486,1507,0.11259398454012569
1026,485,1511,0.11265558986124567
1022,475,1497,0.11270053794908952
1015,468,1483,0.11275159572070084
1021,468,1489,0.11281534139710252
1029,467,1496,0.11286001248982594
1017,474,1491,0.1128819701024478
1021,477,1498,0.11293110820894324
1015,473,1488,0.11296753439510061
1011,471,1482,0.1130145337124522
1003,478,1481,0.11306669245146725
1003,482,1485,0.11313224161615752
1008,479,1487,0.11319276416775008
1002,485,1487,0.11323772722663453
997,490,1487,0.11329333876000834
1002,496,1498,0.113356226767362
1005,500,1505,0.11340247213765002
1001,497,1498,0.11343850737571273
1002,492,1494,0.11348216698882627
1006,500,1506,0.11352040452566023
1006,502,1508,0.11354662692687446
1011,508,1519,0.11357046899003294
1007,511,1518,0.11358141567287895
999,510,1509,0.11360086383828875
998,516,1514,0.1136372389849275
995,523,1518,0.11367357846319831
995,518,1513,0.11371374687428361
993,519,1512,0.11375013262531361
986,516,1502,0.11378868486040047
984,514,1498,0.11384072922525963
986,515,1501,0.11389345115768484
979,522,1501,0.11393771294836558
975,521,1496,0.1139949356149685
983,524,1507,0.11405751728748793
990,517,1507,0.1140973445003222
988,521,1509,0.11411720681741402
994,523,1517,0.11413985767560214
983,524,1507,0.11414672654576315
984,518,1502,0.11418034070932084
995,530,1525,0.11420838883656263
991,534,1525,0.11420861268626382
970,538,1508,0.11421783049014135
961,534,1495,0.11427682691218807
958,534,1492,0.11435286288959762
953,542,1495,0.11442972531163399
950,552,1502,0.11451238836287554
952,559,1511,0.11459599637775895
951,561,1512,0.11466856213611759
956,564,1520,0.114737617128186
957,563,1520,0.11478965428345926
940,562,1502,0.114835040571483
938,561,1499,0.11491716695991737
945,573,1518,0.11499752771931551
940,570,1510,0.11505479613745898
929,556,1485,0.11511939284688949
938,558,1496,0.11520493754810897
937,560,1497,0.11526191603205456
928,556,1484,0.11531705839204395
930,555,1485,0.11538938817421364
926,559,1485,0.11545227158864435
932,566,1498,0.1155191961350376
929,561,1490,0.11556625477775886
925,567,1492,0.11561790419791589
920,571,1491,0.11567488144382836
926,571,1497,0.11573919430598335
930,579,1509,0.1157839639995692
926,581,1507,0.11581561879044046
930,585,1515,0.11585335509847149
933,592,1525,0.11587873191050065
926,587,1513,0.11589487670140239
926,581,1507,0.11592664020411388
928,577,1505,0.11595513993456183
925,574,1499,0.11597670110909723
926,580,1506,0.11600389946510639
923,582,1505,0.11602769622364044
925,588,1513,0.11605710938375424
932,589,1521,0.11607945609396786
934,585,1519,0.11608317639659316
924,582,1506,0.11608147744861892
911,578,1489,0.1161037155449855
919,580,1499,0.11615559619839429
917,580,1497,0.11618423641941486
917,589,1506,0.1162159334021638
903,586,1489,0.11624448773373558
909,579,1488,0.11630420098746481
905,577,1482,0.11634478253786877
908,582,1490,0.11639170224622822
900,575,1475,0.11642749991171822
912,574,1486,0.11648059098362996
918,581,1499,0.11650105139062525
919,579,1498,0.11650536457221605
917,579,1496,0.11650644946408269
910,587,1497,0.11651343330430093
927,582,1509,0.11653630127628638
922,576,1498,0.11651730394859441
915,584,1499,0.11651302380138386
912,583,1495,0.11652523918237327
915,583,1498,0.11654396180379493
918,583,1501,0.11655416266941312
913,579,1492,0.11655622941370494
896,579,1475,0.11656977018533475
907,584,1491,0.11662329265163911
907,587,1494,0.11664622808500422
912,589,1501,0.11666750454761346
907,593,1500,0.11667531437072888
904,596,1500,0.11669478461150494
913,589,1502,0.11672119310469146
914,589,1503,0.11672366562518491
902,591,1493,0.11672412705263473
902,599,1501,0.116753886854294
898,605,1503,0.11678111927302869
900,603,1503,0.11681609548489291
904,602,1506,0.11684375054030464
907,607,1514,0.11685989368824988
903,609,1512,0.11686786841474874
902,608,1510,0.11688594506680407
907,614,1521,0.11690505648810465
907,609,1516,0.11691083149582422
898,599,1497,0.11691549771875637
890,607,1497,0.11694072261602734
886,613,1499,0.11698329128372369
885,624,1509,0.11703173367431724
883,619,1502,0.11707905817645368
872,629,1501,0.11712773594481525
874,624,1498,0.11719930846291493
876,628,1504,0.11726037612188729
881,626,1507,0.1173110694910288
870,623,1493,0.11734513330930887
864,629,1493,0.11740290848858795
875,627,1502,0.11747078913427701
872,628,1500,0.11750704817037257
856,634,1490,0.11754856245601314
871,628,1499,0.11762622900111282
859,636,1495,0.11766174108834897
856,638,1494,0.11772347909448361
866,644,1510,0.11778774669292938
870,644,1514,0.11782285306356843
860,649,1509,0.11784588389813458
863,640,1503,0.1178913818211517
855,644,1499,0.11792654405201054
855,651,1506,0.11797856041947416
863,652,1515,0.11802641903060178
858,643,1501,0.11805135351697109
873,651,1524,0.11808723257394035
870,642,1512,0.11808387460908444
879,649,1528,0.11808739692389654
879,649,1528,0.11807005087452108
862,645,1507,0.11805398247442389
855,659,1514,0.11808087840941368
851,658,1509,0.11812216388439861
844,657,1501,0.11817013345235772
848,656,1504,0.11823123216091065
852,660,1512,0.11827824711342556
845,659,1504,0.11831127319108364
848,666,1514,0.11835868772158697
843,658,1501,0.1183956923051303
850,662,1512,0.11844141383910677
848,656,1504,0.11846718693586222
851,650,1501,0.11849535964637913
850,643,1493,0.11851443609827803
852,643,1495,0.11853573001865826
863,636,1499,0.11855083633455907
869,649,1518,0.11853864070422102
861,648,1509,0.11851270832946341
865,648,1513,0.11850819017445602
863,643,1506,0.11849372118634033
863,652,1515,0.118484723017512
856,659,1515,0.11847758274950262
847,657,1504,0.11848814733960948
854,661,1515,0.11852005931552582
843,653,1496,0.11853186742848404
842,659,1501,0.11856960653882907
844,647,1491,0.1186061503573467
860,640,1500,0.11863467455192547
858,635,1493,0.11862224426508376
850,641,1491,0.1186168391409408
850,647,1497,0.11863177082435077
861,648,1509,0.11864577527900506
864,655,1519,0.11863205466602317
858,656,1514,0.11861230460262032
858,657,1515,0.11860943765235611
851,653,1504,0.11860775902794947
861,655,1516,0.11862440519376087
863,656,1519,0.11861525180147822
852,656,1508,0.11860155773998211
843,663,1506,0.11861589531949107
848,654,1502,0.1186507882299529
857,651,1508,0.11867021877254161
856,647,1503,0.1186662299494902
859,664,1523,0.1186654696432065
859,665,1524,0.11865759107044291
850,658,1508,0.11865053453534634
858,654,1512,0.11866580989203562
852,662,1514,0.11866033391363918
859,662,1521,0.1186699396946992
860,663,1523,0.11866191146598089
848,665,1513,0.1186527422270364
842,673,1515,0.11867416242476451
840,665,1505,0.11870882085356332
833,664,1497,0.11874539025469984
835,675,1510,0.11879645042326464
831,680,1511,0.1188390209876042
822,685,1507,0.11888843753679926
815,694,1509,0.11895646915004886
810,695,1505,0.11903697049456934
801,700,1501,0.119123754460789
796,702,1498,0.1192258288997958
788,691,1479,0.1193317510123671
796,688,1484,0.11944924184915597
795,694,1489,0.11953802996301086
788,693,1481,0.11962238047908366
790,700,1490,0.11971802595393452
781,709,1490,0.11980183433436917
788,702,1490,0.11990126216417064
793,713,1506,0.11997627517560687
792,721,1513,0.12003389711807733
788,717,1505,0.12009018705646671
787,713,1500,0.1201527208610162
789,718,1507,0.12021253776765577
791,723,1514,0.12026346331942749
788,716,1504,0.12030530915136048
786,717,1503,0.12035159458718629
787,725,1512,0.12039899908511167
768,729,1497,0.12044095068082751
764,722,1486,0.12052723699048239
767,720,1487,0.12061638895637225
772,725,1497,0.12069068543336015
777,726,1503,0.12074672025765935
767,741,1508,0.12078629728564284
770,742,1512,0.12084778647904021
770,740,1510,0.1208975339128467
771,744,1515,0.1209431626042896
770,733,1503,0.12098274300626631
768,736,1504,0.12102172942874984
775,733,1508,0.12106255191791433
766,735,1501,0.12108282064727241
766,733,1499,0.12112403745918066
767,737,1504,0.12116266010781956
764,734,1498,0.12119581511101832
759,732,1491,0.12123415563320034
759,744,1503,0.1212827552151086
765,735,1500,0.12132718298616714
768,758,1526,0.12135333223436891
763,748,1511,0.12136991649893787
757,748,1505,0.12139839459882375
746,751,1497,0.12144028259439953
740,757,1497,0.12150699447535895
744,759,1503,0.12158329231139281
757,752,1509,0.1216437695943942
756,753,1509,0.12166736223278544
751,751,1502,0.12169180178101552
749,758,1507,0.12172639495658939
751,763,1514,0.12176306169783413
749,763,1512,0.1217918464148096
761,767,1528,0.1218236119592002
748,762,1510,0.12182407365660719
744,769,1513,0.12185789497467425
737,770,1507,0.12189993857182263
744,776,1520,0.12195600207975853
741,785,1526,0.12199105415939238
736,782,1518,0.12203154680843652
725,783,1508,0.1220806050744649
731,792,1523,0.12215432990755687
726,791,1517,0.1222075534529968
724,789,1513,0.12226940594684961
723,803,1526,0.12233222381956173
722,791,1513,0.12239286352114026
723,786,1509,0.12245122469512414
714,779,1493,0.12250239964737179
704,785,1489,0.12257250283542717
703,778,1481,0.12266278173596021
714,781,1495,0.12274813625409163
707,775,1482,0.12280019546244926
715,777,1492,0.12286652937218517
711,785,1496,0.12290709586164131
710,784,1494,0.12295543691495403
721,795,1516,0.12300348188060901
718,790,1508,0.12302033001128365
718,783,1501,0.1230427892766611
719,785,1504,0.12306484774687892
713,773,1486,0.12308328881210351
713,782,1495,0.12311572203834178
703,789,1492,0.12314594226085561
704,790,1494,0.12319913167043733
707,791,1498,0.12324534281492674
707,784,1491,0.12327996991491066
706,789,1495,0.12331227732674171
709,794,1503,0.12334374393929498
706,788,1494,0.12336546992430836
715,792,1507,0.1233939720346358
712,795,1507,0.1233972516009942
705,790,1495,0.12340776634249155
716,796,1512,0.1234360511288015
715,799,1514,0.1234357534693681
713,789,1502,0.1234382504369955
714,791,1505,0.12344557175989765
711,793,1504,0.12344994173954962
701,797,1498,0.1234613021756577
698,794,1492,0.12349690210371826
693,794,1487,0.12353703993381561
693,800,1493,0.12358657548676615
687,813,1500,0.12363253352438346
685,826,1511,0.12369077022391638
674,822,1496,0.12374973478736806
675,823,1498,0.12383237476274096
684,819,1503,0.1239052033058492
697,815,1512,0.12394974522503326
691,817,1508,0.12395707713113233
685,820,1505,0.12397974767000651
678,827,1505,0.12401766103955321
678,824,1502,0.12407098734319487
676,831,1507,0.12412055331744426
679,838,1517,0.12417294328357376
672,833,1505,0.12421486264772799
670,831,1501,0.12427053022314154
673,838,1511,0.12432744337330748
661,834,1495,0.12437199608180485
655,849,1504,0.12444475890025287
657,854,1511,0.12452840166060479
656,850,1506,0.1246007425602461
656,850,1506,0.12467088055041967
659,848,1507,0.1247363802839212
664,854,1518,0.12478976272559641
660,857,1517,0.12482669098833625
646,857,1503,0.12487151089036598
648,858,1506,0.12494954900762903
657,850,1507,0.1250173222422441
655,855,1510,0.12505887672556587
651,863,1514,0.12510205424939244
646,856,1502,0.12515190885841515
641,861,1502,0.1252117669683733
640,867,1507,0.1252795201977788
644,865,1509,0.12534530547502074
641,869,1510,0.12539727743263496
635,869,1504,0.12545256825099624
643,880,1523,0.12551921568578056
638,881,1519,0.12556074230366387
636,870,1506,0.12561031512875828
628,878,1506,0.12566199716692972
619,873,1492,0.12572959815185517
613,864,1477,0.1258156862071954
625,851,1476,0.12591120231430528
620,860,1480,0.12596832613808032
623,870,1493,0.12603488737088406
631,874,1505,0.12608798872125887
625,879,1504,0.12611604578716304
623,893,1516,0.12615750055225866
614,892,1506,0.12620107764672828
617,892,1509,0.12626460549423776
609,897,1506,0.12631708177895828
604,892,1496,0.12638568173455084
604,903,1507,0.12646192438026208
596,904,1500,0.12653254884578333
599,911,1510,0.12661987380573056
598,912,1510,0.12669263451537946
592,911,1503,0.1267634226003032
590,918,1508,0.126844802994929
586,907,1493,0.12692568961768652
582,909,1491,0.12701183228807797
578,912,1490,0.12710301338644533
583,929,1512,0.12719814757007974
588,924,1512,0.12727306030836466
578,922,1500,0.1273291455983857
571,927,1498,0.1274083840224082
577,929,1506,0.1275009188797982
572,928,1500,0.12757094329907048
565,928,1493,0.12764850823807516
569,927,1496,0.12773792696822237
567,933,1500,0.12781087491963355
566,947,1513,0.1278835673637139
563,947,1510,0.12795332184036187
567,942,1509,0.12802503418222938
568,938,1506,0.12808240445191796
570,932,1502,0.1281337997601692
572,939,1511,0.12817533339038648
569,934,1503,0.12820812039540905
563,937,1500,0.1282471955942513
568,935,1503,0.12829988582537666
568,935,1503,0.12833485683440393
567,943,1510,0.1283685150754613
562,941,1503,0.12840276794892364
558,957,1515,0.12844713349962356
558,963,1521,0.12849945340291583
556,938,1494,0.12854792692151368
557,948,1505,0.12859860168943052
556,946,1502,0.12864214328151916
544,957,1501,0.12868460286617558
550,943,1493,0.12875623007392858
557,934,1491,0.12880755969115207
557,939,1496,0.12883766085066164
544,941,1485,0.12886569169607245
539,951,1490,0.12892608911742412
542,946,1488,0.12899419976568827
560,946,1506,0.12904979757664073
549,945,1494,0.12905421888776997
558,947,1505,0.12908847609132731
554,949,1503,0.12909501481377675
546,948,1494,0.12911174740183187
548,948,1496,0.1291482944540593
555,934,1489,0.1291761395821123
546,944,1490,0.12918365957700798
530,943,1473,0.1292143325481794
533,947,1480,0.12928509514082073
531,962,1493,0.1293423378411803
535,961,1496,0.12940130059311142
527,972,1499,0.12944593961692438
529,977,1506,0.12950816828243902
537,982,1519,0.12956042884101085
549,975,1524,0.1295866310209764
539,971,1510,0.12957988492966685
546,971,1517,0.129600800344758
545,970,1515,0.12960063655725165
540,971,1511,0.12960350726582778
536,969,1505,0.1296188619125043
538,957,1495,0.12964460880406567
535,963,1498,0.12966331896940644
531,971,1502,0.12968854912916933
529,985,1514,0.1297221053375261
521,985,1506,0.1297574465693834
523,984,1507,0.1298109407887027
527,988,1515,0.12985518539624485
525,979,1504,0.12988617228926624
535,985,1520,0.12991988572992436
531,983,1514,0.1299253260067839
532,987,1519,0.12994139314182418
531,988,1519,0.1299541486831589
526,984,1510,0.12996926876977102
528,990,1518,0.12999674010725698
528,982,1510,0.13001672614659504
524,990,1514,0.13003527544569318
518,991,1509,0.1300635609256587
508,992,1500,0.1301051749759952
509,992,1501,0.1301707628351047
512,999,1511,0.13022917441995513
513,997,1510,0.13027592686495384
509,1004,1513,0.13031655058574007
504,994,1498,0.13036505864115525
500,998,1498,0.13042484201088964
499,1014,1513,0.13049161412009172
502,1023,1525,0.13055659871451017
500,1032,1532,0.13060917164852737
505,1030,1535,0.13066418750140882
502,1030,1532,0.13070324639884331
502,1028,1530,0.13074842546529022
493,1034,1527,0.13079028699529333
487,1035,1522,0.13085413975558743
483,1029,1512,0.1309293467118757
480,1028,1508,0.13100901048358204
480,1036,1516,0.13109039536706119
477,1038,1515,0.13116637579992477
473,1045,1518,0.1312451672700383
476,1048,1524,0.13132814003277427
485,1036,1521,0.131397679017397
484,1042,1526,0.13143855865878656
489,1040,1529,0.1314788923622417
490,1034,1524,0.13150311185063518
484,1032,1516,0.13152450288547415
488,1034,1522,0.13156101639637194
481,1032,1513,0.1315832304627389
484,1025,1509,0.1316225811063193
487,1034,1521,0.1316520412072638
484,1033,1517,0.13167096708046525
483,1041,1524,0.1316973485043908
482,1030,1512,0.13172567897411994
477,1028,1505,0.13175622140215235
488,1020,1508,0.13179935440585036
485,1034,1519,0.13180916725298644
491,1034,1525,0.13182683551462146
484,1024,1508,0.13182704429814668
479,1029,1508,0.13184671158849148
479,1027,1506,0.13187822799871857
473,1020,1493,0.13190646089217786
468,1017,1485,0.1319488244546273
470,1019,1489,0.13200170927706437
477,1016,1493,0.13204495121782742
471,1017,1488,0.13206598260647703
469,1023,1492,0.1321020847838545
479,1021,1500,0.1321411303872572
484,1019,1503,0.13215061316790713
483,1028,1511,0.13214626858344147
483,1033,1516,0.13214544028492814
484,1038,1522,0.13214443392206005
468,1020,1488,0.13214028355459614
467,1027,1494,0.13217980625107978
464,1040,1504,0.1322193974454726
464,1041,1505,0.13226565308867408
471,1034,1505,0.13230901038076776
474,1052,1526,0.1323304047002433
481,1046,1527,0.13234206686815406
467,1051,1518,0.13233550205887712
457,1056,1513,0.13236734204251108
459,1051,1510,0.1324250398220169
455,1051,1506,0.1324732600276933
462,1044,1506,0.13252836078850813
456,1050,1506,0.13256115211216815
455,1044,1499,0.13260862179353386
450,1054,1504,0.13265400533707233
451,1042,1493,0.13270875249349345
450,1052,1502,0.13275735845740325
447,1049,1496,0.1328038932153758
448,1056,1504,0.1328552556533227
453,1058,1511,0.13290019664485572
454,1062,1516,0.13292851463820732
457,1055,1512,0.13295169852244265
454,1059,1513,0.13296639794736845
455,1059,1514,0.1329877491404472
452,1060,1512,0.13300528403797032
453,1072,1525,0.13302996674876408
456,1066,1522,0.13305061182126152
456,1062,1518,0.1330627840586073
447,1065,1512,0.1330745952846896
441,1070,1511,0.13310990595996627
438,1061,1499,0.1331590377397594
432,1054,1486,0.13321257229329297
432,1058,1490,0.13327874948723295
424,1064,1488,0.13333962262396948
426,1071,1497,0.1334196667715644
423,1089,1512,0.13348921598345853
425,1096,1521,0.1335627793165496
424,1089,1513,0.13362561335738266
427,1092,1519,0.13368759680585732
422,1093,1515,0.13373715364374075
424,1098,1522,0.1337968798465397
415,1086,1501,0.13384809189445243
417,1083,1500,0.1339206250439462
423,1090,1513,0.1339823529376706
419,1081,1500,0.1340236980844256
423,1092,1515,0.13407356178144
423,1083,1506,0.13411006263164943
422,1091,1513,0.1341447864353839
423,1083,1506,0.13417963404768968
427,1087,1514,0.13420987109977212
422,1089,1511,0.13422745573143607
423,1086,1509,0.13425827173705568
420,1079,1499,0.1342843432671158
422,1079,1501,0.13431599568404867
427,1079,1506,0.13433956267806724
427,1083,1510,0.13434787136602544
420,1084,1504,0.13435703626191803
419,1080,1499,0.13438536321808026
416,1091,1507,0.13441586594024335
410,1093,1503,0.1344522933759019
411,1089,1500,0.13450284763063391
405,1094,1499,0.1345486499844088
398,1101,1499,0.13460789565603426
403,1107,1510,0.13468173366193276
400,1121,1521,0.13473778444542295
401,1119,1520,0.13479800112966936
402,1123,1525,0.1348509371069
392,1124,1516,0.13489682858385177
393,1116,1509,0.13496796001496944
385,1126,1511,0.1350317434727555
376,1144,1520,0.13511289580049904
375,1145,1520,0.1352140227952629
375,1145,1520,0.13531086897275016
371,1146,1517,0.1354016677652772
373,1155,1528,0.13549851618847533
372,1160,1532,0.13558228964977734
365,1143,1508,0.13566332802092876
361,1145,1506,0.13575824044619814
363,1158,1521,0.13585836291134007
358,1164,1522,0.13594589616609176
346,1156,1502,0.13604140447001056
346,1164,1510,0.13616459935042668
346,1165,1511,0.13628001808024237
341,1160,1501,0.1363867998750731
342,1174,1516,0.136499742665631
342,1177,1519,0.1366020868438342
338,1172,1510,0.13669812063458864
338,1173,1511,0.13679857126403572
337,1176,1513,0.13689341946434377
337,1181,1518,0.13698500081428602
333,1172,1505,0.13707029599033568
336,1175,1511,0.13716160155142215
322,1176,1498,0.13723858241272077
320,1177,1497,0.13734858023066732
325,1180,1505,0.13745584469792185
325,1180,1505,0.13754104564286573
333,1189,1522,0.13762104440998937
333,1185,1518,0.13767273205782082
333,1177,1510,0.13772139846852435
325,1187,1512,0.13776624239318472
330,1199,1529,0.13783039318534634
328,1191,1519,0.1378769570033909
328,1198,1526,0.13792666376776602
331,1198,1529,0.13797337837647736
333,1182,1515,0.13800850802870435
336,1183,1519,0.13803592847036475
339,1171,1510,0.13805383315075198
340,1171,1511,0.13806211485007508
336,1169,1505,0.13806793822357438
337,1186,1523,0.13808414630931004
332,1187,1519,0.13809649405534274
333,1185,1518,0.13812192856978053
327,1175,1502,0.13814411119006315
327,1188,1515,0.13818142978700923
326,1182,1508,0.1382162819941724
324,1194,1518,0.1382516253419502
330,1200,1530,0.13829030380421858
324,1179,1503,0.13831030378847653
324,1193,1517,0.13834637185580445
319,1193,1512,0.13838060574103822
320,1201,1521,0.1384276972231928
317,1204,1521,0.13846849825012264
321,1188,1509,0.13851460887452455
319,1205,1524,0.13854621905710093
321,1199,1520,0.138581410749925
327,1179,1506,0.1386086065064069
325,1171,1496,0.13861671579738588
326,1184,1510,0.1386291036323321
327,1179,1506,0.13863690475292065
329,1176,1505,0.13864147865441176
329,1186,1515,0.13864072524546894
333,1192,1525,0.1386402864272172
332,1192,1524,0.13862791960931412
330,1190,1520,0.13862058512773284
329,1185,1514,0.13861839247000446
320,1193,1513,0.13862052760073904
316,1202,1518,0.13864821429328303
318,1195,1513,0.138684713157907
311,1198,1509,0.13871296919497772
313,1194,1507,0.13875875184882105
310,1187,1497,0.13879529256306508
309,1189,1498,0.13883816511512362
314,1185,1499,0.13887995279811963
316,1199,1515,0.13890573367015865
316,1199,1515,0.1389245195648653
311,1214,1525,0.138941818579713
309,1217,1526,0.13897158651976813
309,1213,1522,0.1390056397044004
309,1220,1529,0.13903781016417638
307,1210,1517,0.13906858176662784
304,1208,1512,0.13910382877724878
301,1210,1511,0.1391447204968187
303,1215,1518,0.1391904982727388
302,1200,1502,0.1392278537637179
299,1208,1507,0.13926472183849234
302,1214,1516,0.1393073039896262
300,1211,1511,0.1393387321450557
304,1204,1508,0.13937438160282933
297,1211,1508,0.13939630272925993
297,1222,1519,0.13943680400651917
293,1214,1507,0.13947582684017604
292,1212,1504,0.13952279056662156
291,1209,1500,0.1395700219107695
292,1213,1505,0.13961589650337336
293,1217,1510,0.13965583273687499
289,1225,1514,0.13969110452481512
289,1226,1515,0.1397353236792465
293,1213,1506,0.13977586440238166
287,1201,1488,0.1398023924932235
286,1201,1487,0.1398440939140552
281,1201,1482,0.13988588651106362
275,1213,1488,0.13993921791856712
280,1213,1493,0.1400061238162235
281,1220,1501,0.14005431919155628
282,1218,1500,0.140096432467751
283,1222,1505,0.14013377443956318
282,1231,1513,0.14016720205511526
280,1238,1518,0.14020140311883367
274,1242,1516,0.14023928304225783
276,1233,1509,0.14029190797648614
276,1234,1510,0.1403358392992877
283,1233,1516,0.14037643195928465
279,1232,1511,0.14039570003082652
281,1246,1527,0.1404246493082219
274,1250,1524,0.14044595975397486
276,1248,1524,0.1404864023009436
277,1244,1521,0.14051959462595792
276,1252,1528,0.1405487912424201
274,1244,1518,0.14057813099822955
277,1246,1523,0.14061100486997088
280,1238,1518,0.14063325890846914
277,1242,1519,0.14064628015576294
271,1250,1521,0.140667452364123
264,1258,1522,0.14070476862676137
259,1262,1521,0.1407591505987146
256,1254,1510,0.14082509045697822
258,1248,1506,0.14089544317316374
261,1263,1524,0.1409557346969447
260,1266,1526,0.14100422332580245
257,1256,1513,0.14105256668285493
251,1260,1511,0.14110605284332706
248,1268,1516,0.14117289112831594
247,1277,1524,0.1412441936888567
251,1266,1517,0.14131314316215518
255,1277,1532,0.14136610609897243
256,1264,1520,0.14140394925341535
259,1283,1542,0.14143711487932065
254,1276,1530,0.1414603690649872
250,1272,1522,0.14149634855423301
250,1273,1523,0.1415408842899959
245,1261,1506,0.14158272438496164
252,1270,1522,0.14163581269000236
253,1258,1511,0.14166524874322828
249,1257,1506,0.14168958205103524
252,1255,1507,0.14172332247176095
252,1252,1504,0.14174610666483412
254,1254,1508,0.14176779359532174
249,1260,1509,0.1417824200351774
246,1265,1511,0.1418097422083436
244,1285,1529,0.14184388128983186
249,1282,1531,0.14188131637873236
247,1273,1520,0.14190128313645392
246,1272,1518,0.1419265647774708
242,1261,1503,0.14195328329782148
244,1271,1515,0.14199006438672745
236,1280,1516,0.14201846216580075
232,1273,1505,0.14206713632715254
234,1271,1505,0.14212423338087532
238,1283,1521,0.14217154545482508
234,1283,1517,0.1422043472760201
234,1283,1517,0.1422466253932432
235,1283,1518,0.14228734505669652
233,1291,1524,0.1423227290372119
235,1292,1527,0.1423626653413678
227,1286,1513,0.14239391807956195
223,1274,1497,0.14244598654868895
223,1282,1505,0.1425058428060722
221,1280,1501,0.14256188197045452
225,1281,1506,0.1426201730790891
229,1290,1519,0.14266328322260374
231,1292,1523,0.1426918989379068
229,1283,1512,0.14271406570183756
231,1286,1517,0.14274127102987486
234,1281,1515,0.1427608616454597
231,1284,1515,0.14277108068503902
233,1277,1510,0.14278854596016977
231,1282,1513,0.14279855930846908
226,1276,1502,0.14281425357795857
225,1286,1511,0.14284232691444365
223,1287,1510,0.14286961160635875
221,1281,1502,0.14290047822357382
220,1295,1515,0.14293494831765582
224,1298,1522,0.14297117431719208
220,1298,1518,0.14299423862451444
219,1290,1509,0.14302729914903684
220,1290,1510,0.14306086858785658
214,1293,1507,0.1430891336665413
212,1296,1508,0.14313250635642294
208,1286,1494,0.14317920568375053
212,1285,1497,0.14323436718141905
213,1295,1508,0.14327421085144249
218,1289,1507,0.14330909903803224
213,1284,1497,0.14332778971431684
208,1293,1501,0.14335902455908664
207,1305,1512,0.1434035500314058
210,1318,1528,0.14344797909300458
212,1317,1529,0.14348060225821385
206,1313,1519,0.14350505597474505
202,1308,1510,0.14354538386545712
198,1306,1504,0.14359471514106462
201,1310,1511,0.14365147706114367
203,1311,1514,0.14369595699902235
209,1323,1532,0.14373153658980942
204,1325,1529,0.14374884659662304
204,1304,1508,0.14377951347009071
209,1305,1514,0.14380884266537833
208,1297,1505,0.14382236417664213
205,1302,1507,0.14383779884643766
209,1314,1523,0.1438606330240056
203,1304,1507,0.14386986273318392
208,1306,1514,0.14389605119670557
208,1299,1507,0.14390661904396743
205,1302,1507,0.14391584191344287
210,1302,1512,0.14393304160727582
210,1299,1509,0.14393523690261256
207,1307,1514,0.1439371798607744
209,1309,1518,0.14394777886905025
206,1307,1513,0.14395118015310096
198,1306,1504,0.1439623811641204
200,1305,1505,0.1439953143502566
202,1315,1517,0.14401954724873506
205,1324,1529,0.14403696785923772
202,1326,1528,0.14404552814834876
204,1320,1524,0.14406210825775584
196,1314,1510,0.14407186182159393
194,1313,1507,0.14410377809292352
193,1310,1503,0.14413945219827598
196,1317,1513,0.1441748726015037
194,1313,1507,0.14419889974063854
192,1322,1514,0.14422702931378228
197,1321,1518,0.14425869970823837
194,1326,1520,0.14427368213442202
194,1324,1518,0.14429619856622844
192,1314,1506,0.14431782573547494
194,1317,1511,0.14434355192492596
190,1321,1511,0.14436160509401877
188,1333,1521,0.14438999311635659
193,1329,1522,0.14442246634861852
196,1332,1528,0.1444380130021314
195,1322,1517,0.14444432339485205
194,1337,1531,0.14445275970140173
199,1339,1538,0.14446286400741454
196,1328,1524,0.14445878938492435
196,1329,1525,0.144464445211295
197,1317,1514,0.1444697320509211
194,1318,1512,0.1444713569550573
199,1319,1518,0.1444810686388899
200,1320,1520,0.14447570295406995
196,1318,1514,0.14446757002627522
193,1304,1497,0.14447187020458643
194,1310,1504,0.1444846388878943
190,1324,1514,0.14449370442232523
192,1335,1527,0.14451459005073328
186,1329,1515,0.14452784528810875
186,1316,1502,0.14455723232117929
183,1310,1493,0.1445843967513951
184,1316,1500,0.14461827779035857
184,1330,1514,0.1446470537766884
184,1331,1515,0.14467381634566984
183,1324,1507,0.14469891004278776
182,1332,1514,0.14472474019632192
178,1344,1522,0.14475204787553625
177,1356,1533,0.14478906073184727
177,1344,1521,0.1448267825078414
182,1335,1517,0.14486181922918
180,1335,1515,0.14487960642996886
175,1336,1511,0.14490258276110105
174,1345,1519,0.14493860287982532
175,1341,1516,0.14497613442455617
172,1344,1516,0.14500741352370083
170,1345,1515,0.14504548173272322
170,1344,1514,0.14508708398892017
169,1341,1510,0.1451261659164098
169,1346,1515,0.1451660033480292
167,1349,1516,0.14520341858078184
166,1347,1513,0.145244455218161
168,1335,1503,0.14528577782960306
171,1347,1518,0.14531894187342753
167,1362,1529,0.14534125413545687
165,1348,1513,0.14537440915787653
165,1343,1508,0.14541121658402942
167,1356,1523,0.14544556578994763
164,1354,1518,0.14547189286401316
165,1361,1526,0.14550563393608776
161,1355,1516,0.14553457603203496
159,1353,1512,0.14557340477076622
160,1356,1516,0.14561499685704268
157,1358,1515,0.14565097520713122
157,1357,1514,0.14569319499619227
159,1359,1518,0.14573273152853175
162,1365,1527,0.1457636941513141
159,1366,1525,0.1457845420552537
159,1375,1534,0.14581293747049331
162,1370,1532,0.14583934254115086
155,1366,1521,0.1458552492155183
157,1363,1520,0.14589099641879952
159,1370,1529,0.14591903049515728
156,1365,1521,0.14593916205478977
155,1357,1512,0.14596662660184273
154,1364,1518,0.145995029639988
153,1375,1528,0.14602549552327726
155,1368,1523,0.14605670313405594
154,1360,1514,0.14607991689439154
151,1358,1509,0.14610475944085421
148,1358,1506,0.14613640490336588
143,1358,1501,0.14617500690956528
141,1373,1514,0.1462257608609397
142,1374,1516,0.14627951900847191
136,1368,1504,0.14632704366670118
136,1367,1503,0.14638830351452603
130,1380,1510,0.14644571676270574
129,1383,1512,0.1465179754595087
129,1381,1510,0.1465880578692592
131,1371,1502,0.14665468111973098
133,1375,1508,0.1467114263744772
136,1382,1518,0.14675850818053945
135,1383,1518,0.1467939050626159
135,1386,1521,0.14683030852184092
131,1390,1521,0.14686431721092166
133,1382,1515,0.14690800712473126
132,1383,1515,0.14694336566966448
135,1390,1525,0.1469795873993734
134,1386,1520,0.14700442418221038
132,1389,1521,0.14703063359489277
131,1390,1521,0.14706129459745232
130,1374,1504,0.14709278863272893
130,1383,1513,0.1471253031799902
123,1394,1517,0.1471560073672536
121,1407,1528,0.1472061546284594
123,1395,1518,0.1472592550717051
125,1397,1522,0.14730286695344558
125,1401,1526,0.14733785842380784
125,1404,1529,0.14737072446426291
124,1420,1544,0.1474015781623494
119,1413,1532,0.14743343570521936
114,1404,1518,0.14747796391558168
116,1411,1527,0.14753418331574578
116,1411,1527,0.14758133085693628
116,1402,1518,0.14762494390749775
117,1408,1525,0.14766603390378089
116,1399,1515,0.14770225458334754
112,1407,1519,0.14773882455851467
108,1402,1510,0.14778534094071386
110,1413,1523,0.14784144428380797
108,1422,1530,0.147888279551631
111,1415,1526,0.1479383706870325
110,1409,1519,0.14797710362269495
109,1415,1524,0.14801662456155962
106,1418,1524,0.14805641299712172
104,1406,1510,0.14810285685505992
101,1422,1523,0.14815272402667556
99,1415,1514,0.148208339886978
96,1422,1518,0.1482666876691325
94,1414,1508,0.14833024834731448
93,1425,1518,0.14839603372066573
92,1436,1528,0.14846072706907504
93,1427,1520,0.14852484061353782
90,1426,1516,0.14858206807497049
88,1432,1520,0.1486448801976805
84,1444,1528,0.14870972705635266
83,1433,1516,0.14878259397625707
82,1442,1524,0.1488537444819439
84,1441,1525,0.14892299986421167
83,1436,1519,0.14898209016357164
81,1447,1528,0.14904052140039395
78,1432,1510,0.14910127268413334
80,1425,1505,0.14916693223537092
77,1410,1487,0.14922250051043495
79,1409,1488,0.14928346654087732
82,1414,1496,0.14933462396768288
81,1425,1506,0.14937366212853118
83,1428,1511,0.14941309427783275
82,1432,1514,0.14944422163156829
79,1431,1510,0.14947632963890786
78,1431,1509,0.1495155703838244
80,1441,1521,0.14955550224705
81,1440,1521,0.14958703986505661
81,1442,1523,0.14961359785955178
78,1434,1512,0.14963867726419924
77,1426,1503,0.14967104288180905
79,1436,1515,0.1497047425153849
79,1431,1510,0.1497309306336942
76,1424,1500,0.14975572220076644
80,1422,1502,0.14978740274966135
81,1431,1512,0.1498048873926532
80,1413,1493,0.1498183286151966
81,1433,1514,0.14983407030691737
78,1439,1517,0.14984621546768165
77,1429,1506,0.14986664287023893
80,1424,1504,0.1498889028901411
80,1428,1508,0.14990082364544463
79,1431,1510,0.14991197052911898
79,1435,1514,0.14992545500898793
79,1441,1520,0.1499383471134988
79,1443,1522,0.14995057055196803
79,1438,1517,0.14996223617516585
76,1441,1517,0.14997340523866573
76,1456,1532,0.14999277360730345
77,1442,1519,0.15001085946238515
78,1438,1516,0.15002472928611485
77,1443,1520,0.1500349798674907
78,1442,1520,0.15004733281929522
75,1432,1507,0.1500557107787731
79,1427,1506,0.15007235859282697
78,1435,1513,0.15007611950471544
78,1433,1511,0.150082445530451
78,1438,1516,0.15008831701511038
76,1437,1513,0.15009378350730415
76,1435,1511,0.1501051792596188
78,1433,1511,0.15011560836211688
77,1437,1514,0.15011901023979346
73,1439,1512,0.1501252124395036
74,1438,1512,0.15014295668745017
75,1435,1510,0.15015673334455332
76,1431,1507,0.15016644648739483
77,1423,1500,0.15017282976347412
75,1426,1501,0.15017598244417196
78,1437,1515,0.15018499638123134
77,1438,1515,0.15018465407855877
74,1438,1512,0.15018751121689775
69,1428,1497,0.15019894760532573
74,1435,1509,0.15022465299501842
74,1438,1512,0.15023330413548622
73,1445,1518,0.1502414894797208
73,1443,1516,0.15025237001828473
73,1447,1520,0.15026294744674523
71,1445,1516,0.15027286198601378
70,1446,1516,0.1502878513751433
71,1442,1513,0.1503049116972405
71,1440,1511,0.15031768954877583
72,1448,1520,0.15032959219701894
71,1448,1519,0.15033789975563097
69,1436,1505,0.15034923527905206
69,1445,1514,0.15036571377434518
66,1440,1506,0.15038124136703712
67,1442,1509,0.15040495605526455
67,1446,1513,0.1504241839921627
65,1449,1514,0.15044271446610336
64,1462,1526,0.15046624514709725
66,1456,1522,0.15049109500688385
63,1474,1537,0.1505086207909826
61,1484,1545,0.15053417591399887
61,1475,1536,0.15056426998382552
62,1474,1536,0.1505925469549585
64,1475,1539,0.15061598277720262
64,1453,1517,0.1506316500609158
63,1451,1514,0.15064613884268632
63,1461,1524,0.1506624794367662
62,1447,1509,0.15067761872814253
62,1453,1515,0.15069477253936725
61,1455,1516,0.15071092653109358
61,1465,1526,0.15072917467633626
62,1452,1514,0.15074608588407357
62,1457,1519,0.15075863742525494
61,1459,1520,0.1507707238361327
61,1468,1529,0.1507850053995383
63,1453,1516,0.15079828941487816
62,1464,1526,0.15080464328459736
65,1446,1511,0.1508140806079583
58,1454,1512,0.1508139730182797
57,1461,1518,0.15083467902512604
56,1457,1513,0.15085725365427138
56,1457,1513,0.150881337850105
59,1462,1521,0.1509038281627618
61,1454,1515,0.15091598835625983
61,1449,1510,0.15092167650323615
57,1464,1521,0.15092725401363083
59,1461,1520,0.15094477454895083
60,1461,1521,0.15095495443300375
60,1452,1512,0.15096168854871558
60,1434,1494,0.1509679611776476
57,1443,1500,0.15097418057011874
60,1462,1522,0.15098924592504037
60,1457,1517,0.150994425479373
59,1452,1511,0.15099931940265038
58,1452,1510,0.1510070218630425
58,1456,1514,0.15101721888076725
58,1456,1514,0.15102669282868192
58,1469,1527,0.15103551924210046
56,1451,1507,0.15104389892033265
57,1461,1518,0.15105772926705732
57,1445,1502,0.15106778726411185
60,1450,1510,0.15107720034933775
61,1454,1515,0.151076770908852
62,1456,1518,0.15107359055258696
63,1456,1519,0.15106786139831485
63,1461,1524,0.15105941546355914
63,1465,1528,0.15105158751323977
63,1467,1530,0.15104430544901498
59,1450,1509,0.15103749781618298
56,1448,1504,0.15104302957550642
55,1457,1512,0.1510571287314876
55,1462,1517,0.15107330973455924
57,1463,1520,0.15108844804982602
56,1470,1526,0.1510966510052781
55,1468,1523,0.15110766437844364
53,1468,1521,0.15112102785429288
54,1460,1514,0.15113950138970494
54,1473,1527,0.15115370914321896
52,1478,1530,0.15116691894628873
53,1482,1535,0.15118535754625356
54,1475,1529,0.15119957830588962
55,1468,1523,0.15121005643836466
56,1470,1526,0.15121695463371676
58,1457,1515,0.15122032216608117
59,1462,1521,0.15121751952319762
62,1455,1517,0.1512117246272683
62,1455,1517,0.15119722749410738
62,1469,1531,0.15118367264393662
58,1460,1518,0.15117118486874084
58,1430,1488,0.15117140654994088
59,1444,1503,0.15117146197805115
60,1447,1507,0.15116858017268997
59,1451,1510,0.15116263120802093
56,1458,1514,0.15115999261338764
58,1452,1510,0.15116688930325126
57,1448,1505,0.15116740684511054
56,1467,1523,0.15117108442359573
53,1452,1505,0.1511776688124463
52,1452,1504,0.15119278329047423
51,1452,1503,0.1512100434414899
50,1468,1518,0.15122921010983453
48,1473,1521,0.1512502372811114
49,1473,1522,0.15127585583231828
48,1470,1518,0.1512968360080434
49,1479,1528,0.151319799695602
50,1478,1528,0.15133851016118363
50,1479,1529,0.15135293487270257
48,1469,1517,0.15136654536787122
50,1475,1525,0.1513852956697545
48,1474,1522,0.15139688969306547
47,1464,1511,0.15141381551680033
47,1461,1508,0.1514325840272469
46,1470,1516,0.15145026302715411
48,1460,1508,0.1514696914476779
49,1449,1498,0.15148171330884083
48,1461,1509,0.15148996697770545
46,1471,1517,0.1515007910883392
46,1459,1505,0.15151697795971059
46,1462,1508,0.1515319971852452
46,1467,1513,0.151546120096341
47,1462,1509,0.15155934464918958
48,1448,1496,0.1515688443309184
48,1460,1508,0.1515748237594337
49,1460,1509,0.15158058885086187
49,1465,1514,0.15158280808815927
46,1466,1512,0.1515850911689354
45,1467,1512,0.1515963131050362
44,1484,1528,0.1516097533768704
47,1482,1529,0.15162530723128664
45,1470,1515,0.15163099827711093
43,1475,1518,0.15164250501397578
42,1478,1520,0.15165933136636495
43,1476,1519,0.15167803091690224
43,1480,1523,0.15169253329455673
45,1496,1541,0.1517061874793694
45,1482,1527,0.1517128933714439
47,1470,1517,0.15171925791421323
45,1475,1520,0.1517190477112898
43,1469,1512,0.15172507753897807
43,1467,1510,0.15173680172345252
43,1484,1527,0.1517478538298025
44,1491,1535,0.15175822713414153
43,1493,1536,0.15176493060519258
42,1483,1525,0.15177417179200797
43,1481,1524,0.15178590960880137
43,1467,1510,0.15179383817613146
45,1467,1512,0.1518012325829622
45,1464,1509,0.15180195375429054
42,1477,1519,0.15180275821963957
44,1468,1512,0.15181266610126534
44,1469,1513,0.15181585865894254
47,1468,1515,0.15181896730976774
48,1465,1513,0.15181270667902486
48,1463,1511,0.15180381224656525
46,1460,1506,0.15179548654171351
49,1461,1510,0.15179376527779015
47,1457,1504,0.15178289268786269
46,1448,1494,0.15177881979235824
47,1453,1500,0.15177799564613806
47,1461,1508,0.15177417925261918
47,1466,1513,0.15177035700297978
45,1475,1520,0.15176685260522352
45,1482,1527,0.1517696617356535
44,1482,1526,0.15177237433035518
42,1475,1517,0.15177792089225212
42,1468,1510,0.15178913781545528
42,1475,1517,0.15179961928994654
43,1477,1520,0.15180943876275577
44,1481,1525,0.15181559885809556
45,1476,1521,0.1518183476999924
43,1477,1520,0.15181792725090404
41,1475,1516,0.1518237104550911
42,1480,1522,0.15183539510692848
42,1472,1514,0.15184341103694143
42,1469,1511,0.15185099053398163
43,1456,1499,0.15185813903990958
43,1476,1519,0.15186170422508435
42,1473,1515,0.15186492907065882
39,1477,1516,0.1518710563342366
37,1486,1523,0.1518858728331082
38,1479,1517,0.151905536660626
38,1488,1526,0.1519209744263712
40,1478,1518,0.15193546825465815
40,1473,1513,0.15194284923549983
42,1467,1509,0.15194988247972602
41,1481,1522,0.15195034628418758
44,1471,1515,0.1519540284322386
45,1466,1511,0.15194823687571074
45,1465,1510,0.1519399104009701
46,1472,1518,0.15193211383425254
45,1477,1522,0.15192182121399148
45,1491,1536,0.15191539381497188
43,1484,1527,0.1519094303669385
43,1485,1528,0.1519099241088321
45,1475,1520,0.15191043430089868
46,1480,1526,0.15190489886121875
47,1473,1520,0.151896621647385
48,1480,1528,0.15188588705294903
47,1469,1516,0.15187280042063417
45,1469,1514,0.15186351855212218
46,1475,1521,0.15186117588274378
45,1465,1510,0.15185611362045845
45,1461,1506,0.1518543944815006
44,1478,1522,0.15185279382496994
42,1455,1497,0.15185431022890583
43,1465,1508,0.15186176961981168
42,1468,1510,0.15186568047852678
41,1464,1505,0.15187245492891713
41,1468,1509,0.15188195588268927
40,1459,1499,0.15189071113484703
40,1483,1523,0.15190182372087777
42,1494,1536,0.15191214043416013
42,1487,1529,0.15191557404506026
41,1478,1519,0.15191866087386707
38,1476,1514,0.15192464833622116
37,1485,1522,0.15193930523384472
36,1485,1521,0.1519561022043856
41,1483,1524,0.1519747207773511
42,1474,1516,0.15197711757626442
41,1478,1519,0.15197640354817668
41,1466,1507,0.15197880306813633
39,1464,1503,0.15198118423069168
39,1466,1505,0.15198953463798645
38,1474,1512,0.1519973040614306
37,1474,1511,0.15200760840471042
39,1465,1504,0.15202023528377848
41,1469,1510,0.15202590788132894
41,1470,1511,0.15202505346629477
41,1476,1517,0.1520243502792743
41,1474,1515,0.15202374968345425
42,1468,1510,0.15202321673449204
40,1473,1513,0.1520196405242288
40,1474,1514,0.1520224806943612
44,1469,1513,0.15202510142838413
44,1450,1494,0.15201503685747478
43,1450,1493,0.1520055180381392
45,1465,1510,0.15199970971983456
46,1467,1513,0.1519881099238603
46,1471,1517,0.15197431967628852
45,1473,1518,0.15196146997935991
45,1483,1528,0.15195257172842058
46,1467,1513,0.1519441233797394
45,1457,1502,0.15193313728027225
46,1469,1515,0.15192589913666538
45,1469,1514,0.15191618236595217
44,1469,1513,0.1519101903057818
43,1483,1526,0.15190768169594324
44,1466,1510,0.1519082525670067
46,1473,1519,0.1519056158199642
46,1468,1514,0.15189708210753095
45,1463,1508,0.15188917971563398
44,1453,1497,0.1518848830522447
46,1452,1498,0.15188397387723881
47,1458,1505,0.15187696967389613
48,1446,1494,0.15186739980351358
49,1454,1503,0.1518556694426273
47,1475,1522,0.15184171143678174
48,1475,1523,0.1518348640909796
48,1463,1511,0.15182550333390743
46,1459,1505,0.15181690293021702
47,1454,1501,0.15181494614394794
48,1460,1508,0.15181012456079254
48,1480,1528,0.15180252170958766
49,1473,1522,0.151795418870392
49,1476,1525,0.15178590367614261
46,1465,1511,0.15177687976058765
45,1468,1513,0.1517774492128762
45,1465,1510,0.15178109330750317
44,1473,1517,0.15178433776984845
45,1465,1510,0.1517902663748352
46,1458,1504,0.1517927293596721
43,1464,1507,0.1517921035283255
45,1463,1508,0.15180089527207963
47,1464,1511,0.1518030136318322
48,1469,1517,0.15179900627227244
49,1471,1520,0.1517923849208924
49,1467,1516,0.15178329413135047
50,1463,1513,0.15177485805109436
49,1462,1511,0.15176406238447748
50,1458,1508,0.1517569919556252
51,1468,1519,0.15174737657881468
51,1465,1516,0.15173542938035758
51,1466,1517,0.1517243796879306
53,1450,1503,0.1517140610727382
55,1455,1510,0.15169826334176334
58,1458,1516,0.15167749163569963
57,1468,1525,0.15164893993410344
58,1471,1529,0.15162528559392957
58,1475,1533,0.15160008246946788
55,1473,1528,0.15157651644023107
57,1458,1515,0.1515635329230711
56,1466,1522,0.15154523081363624
56,1461,1517,0.15153096835269572
54,1453,1507,0.15151759144591107
55,1461,1516,0.15151097413150288
53,1457,1510,0.1515016309679317
51,1468,1519,0.1514987618255068
54,1462,1516,0.15150201693954254
56,1459,1515,0.15149598414831922
56,1460,1516,0.1514843210599538
56,1474,1530,0.15147318413890468
57,1472,1529,0.15146251081150955
57,1458,1515,0.15144955763228216
58,1456,1514,0.15143742412222053
60,1455,1515,0.15142311294415595
59,1455,1514,0.15140368596952886
57,1450,1507,0.15138852486432142
57,1450,1507,0.15138023185033136
59,1457,1516,0.15137224595873344
58,1461,1519,0.151358856361093
59,1449,1508,0.1513493752883826
60,1463,1523,0.15133748275503556
59,1463,1522,0.15132367635541383
58,1452,1510,0.151313707326571
60,1454,1514,0.15130733023590492
57,1450,1507,0.15129517133762213
59,1460,1519,0.1512927984577223
55,1458,1513,0.15128449136096045
54,1462,1516,0.15128879030522566
55,1458,1513,0.15129551245098782
52,1468,1520,0.15129881261673225
56,1444,1500,0.15131102644292724
59,1435,1494,0.15131001381010092
57,1440,1497,0.15129999743391306
59,1459,1518,0.1512967510213916
57,1460,1517,0.1512875537014203
56,1450,1506,0.15128478713215604
58,1454,1512,0.15128512343387596
58,1452,1510,0.15127959601594
54,1453,1507,0.15127441847048786
52,1460,1512,0.15128162877997428
54,1472,1526,0.1512944551429216
57,1449,1506,0.1513001794354121
56,1469,1525,0.1512965986250417
52,1458,1510,0.15129625616639475
55,1468,1523,0.15130785772626534
55,1469,1524,0.15130995333862618
56,1466,1522,0.15131200004759632
56,1463,1519,0.15131095418013787
54,1460,1514,0.15130999857101748
52,1468,1520,0.15131528105123038
50,1466,1516,0.15132635710955866
53,1453,1506,0.1513427509221587
51,1453,1504,0.1513488500226271
54,1464,1518,0.1513607515815902
54,1473,1527,0.15136277000116713
55,1468,1523,0.15136473426629468
53,1486,1539,0.15136357610181758
52,1476,1528,0.15136864554737234
52,1463,1515,0.1513761670108884
55,1454,1509,0.15138320217465942
54,1452,1506,0.1513808452501874
58,1457,1515,0.1513815383620115
57,1455,1512,0.15137023396901628
58,1453,1511,0.15136290792502843
57,1458,1515,0.15135296096059275
57,1467,1524,0.15134646367686763
57,1466,1523,0.1513404243641151
58,1467,1525,0.15133479592831806
58,1456,1514,0.15132652043693295
59,1462,1521,0.15131903063034322
57,1465,1522,0.151309160379119
59,1469,1528,0.1513058309528299
62,1462,1524,0.15129662053191242
59,1465,1524,0.15127870228294393
59,1466,1525,0.15127112078496452
56,1465,1521,0.1512638892614473
57,1450,1507,0.15126643287838804
57,1451,1508,0.15126577267976182
59,1450,1509,0.15126513962391416
60,1462,1522,0.1512584026657756
60,1459,1519,0.15124925771581524
58,1459,1517,0.15124080627328337
56,1453,1509,0.15123906097154688
54,1462,1516,0.15124364159855322
56,1470,1526,0.15125370851585024
58,1460,1518,0.15125738175703204
57,1469,1526,0.1512545720284113
58,1459,1517,0.15125508227325699
56,1453,1509,0.15125268133967268
54,1448,1502,0.15125633652234355
54,1467,1521,0.15126578683762296
56,1477,1533,0.1512742738337997
56,1473,1529,0.15127621135905503
56,1462,1518,0.15127821311236075
57,1458,1515,0.15128005567881114
55,1459,1514,0.1512788017576649
55,1460,1515,0.1512839246581007
55,1442,1497,0.1512886216939476
54,1442,1496,0.15129302286801743
53,1463,1516,0.15130013895131056
55,1467,1522,0.15130960812418143
56,1465,1521,0.15131245631185233
57,1461,1518,0.1513121267172437
56,1468,1524,0.15130883681264337
59,1468,1527,0.15130884826944282
56,1468,1524,0.15129999231648983
54,1475,1529,0.1513005028611863
53,1461,1514,0.15130688121401156
48,1472,1520,0.15131610224063888
46,1468,1514,0.151339382905055
47,1454,1501,0.15136719258594103
47,1456,1503,0.1513902338260744
45,1460,1505,0.15141144493533037
46,1467,1513,0.15143756533640176
45,1476,1521,0.15145906929361927
46,1462,1508,0.15148255238157587
46,1463,1509,0.1515011530178199
47,1470,1517,0.1515186662475042
49,1465,1514,0.15153199502576478
49,1467,1516,0.151538390435887
49,1463,1512,0.15154447324117437
52,1463,1515,0.15155012675070517
53,1456,1509,0.15154634726016508
52,1464,1516,0.15153972047571085
51,1468,1519,0.15153678264710305
51,1462,1513,0.15153698727951748
52,1472,1524,0.15153706703661476
51,1465,1516,0.15153401424782084
50,1472,1522,0.15153426304230552
52,1462,1514,0.15153724308479444
53,1475,1528,0.15153392663562734
55,1477,1532,0.15152786210127397
53,1468,1521,0.15151639370889058
52,1460,1512,0.15151178520424413
50,1464,1514,0.15151024088578066
50,1464,1514,0.15151448466071174
49,1466,1515,0.15151882211067244
50,1466,1516,0.1515258819388957
51,1465,1516,0.1515294800407246
52,1459,1511,0.15152980144738795
52,1468,1520,0.15152716575008282
53,1457,1510,0.15152467072527867
53,1464,1517,0.1515195077447857
57,1458,1515,0.15151444448662763
57,1453,1510,0.15149778590312415
57,1465,1522,0.15148246524259043
57,1463,1520,0.15146824697483374
57,1454,1511,0.15145513673338729
56,1458,1514,0.1514427333984069
54,1449,1503,0.1514340137756182
56,1449,1505,0.1514316837689567
54,1438,1492,0.1514236184820713
56,1454,1510,0.15142211128652566
54,1453,1507,0.15141456866237293
55,1457,1512,0.1514134304299966
54,1460,1514,0.15140920705063043
54,1455,1509,0.15140812018569913
55,1459,1514,0.15140716189189135
55,1461,1516,0.15140343443041884
55,1468,1523,0.15140027139869267
55,1471,1526,0.15139728740058345
56,1456,1512,0.1513945328480693
56,1459,1515,0.15138903834452175
58,1452,1510,0.15138392660935415
58,1440,1498,0.1513729878472932
57,1432,1489,0.15136278057653818
57,1450,1507,0.1513562610890682
56,1451,1507,0.15135002313375712
57,1464,1521,0.15134727850458007
57,1470,1527,0.1513417371220238
58,1474,1532,0.1513364873307908
56,1459,1515,0.15132873451510956
56,1453,1509,0.15132707197483794
54,1466,1520,0.15132611682948094
51,1462,1513,0.15133141773425113
49,1467,1516,0.15134550112198242
50,1461,1511,0.15136478775099932
54,1471,1525,0.15137987179820014
53,1484,1537,0.15138166809270204
52,1475,1527,0.15138651391570343
50,1466,1516,0.15139408051148148
49,1477,1526,0.15140732115735708
49,1473,1522,0.15142265534620153
48,1479,1527,0.1514368826070452
48,1471,1519,0.15145308490618134
47,1471,1518,0.1514682219305642
46,1478,1524,0.15148591640233533
48,1468,1516,0.15150524483202493
47,1470,1517,0.1515170366301758
45,1468,1513,0.1515310602913787
46,1465,1511,0.151549896682683
46,1459,1505,0.151564649177245
45,1455,1500,0.1515781661313956
45,1459,1504,0.15159373666566564
43,1468,1511,0.1516083070981831
45,1470,1515,0.1516281398337482
46,1486,1532,0.1516404256717684
45,1478,1523,0.15164893363168666
45,1477,1522,0.1516599139415646
44,1473,1517,0.15167019008859545
44,1473,1517,0.15168298634493696
42,1480,1522,0.1516949987317782
40,1474,1514,0.15171228575905413
40,1478,1518,0.15173452620176595
39,1465,1504,0.15175514323036496
39,1477,1516,0.15177762900171338
39,1480,1519,0.1517988271976941
39,1478,1517,0.15181866361964894
38,1467,1505,0.1518372333110668
35,1472,1507,0.15185754825548423
35,1483,1518,0.151885694656619
33,1481,1514,0.15191227329438955
34,1488,1522,0.15194326570085484
35,1489,1524,0.15196952088740096
35,1477,1512,0.15199102890818414
35,1480,1515,0.15201131931470221
33,1471,1504,0.15203039521413278
34,1472,1506,0.15205417733337256
33,1471,1504,0.15207357409515426
30,1471,1501,0.15209499311611002
30,1479,1509,0.1521243350600322
28,1477,1505,0.15215181066887193
29,1485,1514,0.15218380386989472
27,1483,1510,0.15221077499523106
27,1471,1498,0.15224243058644651
31,1465,1496,0.15227211504557336
30,1456,1486,0.1522878217179737
28,1466,1494,0.1523053379120397
29,1462,1491,0.15232786601796489
27,1473,1500,0.15234601418036842
29,1480,1509,0.15236897314983572
29,1496,1525,0.15238451085056876
29,1490,1519,0.1523991406621224
29,1477,1506,0.15241289013811607
30,1479,1509,0.15242580840490588
30,1489,1519,0.1524350072013846
30,1498,1528,0.1524436185779833
26,1488,1514,0.15245170833568772
26,1501,1527,0.15247100635932437
28,1494,1522,0.15248918404990142
27,1503,1530,0.15250029852564356
27,1499,1526,0.1525137286228217
27,1493,1520,0.15252644254187084
28,1495,1523,0.15253837179195198
28,1498,1526,0.15254666076521697
27,1486,1513,0.1525544290306419
27,1484,1511,0.1525646697217805
26,1496,1522,0.15257468615588266
26,1493,1519,0.1525873284423923
27,1493,1520,0.15259911751041144
25,1490,1515,0.1526070829299371
26,1495,1521,0.1526204310694332
26,1490,1516,0.15263003112101414
26,1491,1517,0.15263905494103494
25,1499,1524,0.15264749745434286
25,1491,1516,0.1526585253856789
25,1492,1517,0.1526688686748051
23,1488,1511,0.15267846084116257
24,1490,1514,0.15269354163573307
24,1499,1523,0.15270466727014143
23,1501,1524,0.15271504957526727
23,1500,1523,0.15272791256521337
24,1481,1505,0.1527399778486345
25,1480,1505,0.15274830990173272
25,1493,1518,0.1527529597315695
23,1492,1515,0.15275733428132526
25,1492,1517,0.15276754317198604
25,1498,1523,0.15277106894323356
26,1492,1518,0.15277441349084564
26,1508,1534,0.15277458119112614
26,1497,1523,0.15277471712823815
26,1501,1527,0.1527748102221981
26,1495,1521,0.152774779011417
23,1489,1512,0.152774761511435
23,1498,1521,0.15278393940300145
24,1497,1521,0.15279256977530234
23,1488,1511,0.15279754539687818
24,1485,1509,0.15280516839636638
24,1493,1517,0.15280922065163174
23,1496,1519,0.15281304372231433
23,1484,1507,0.15281958140426244
23,1486,1509,0.1528259187286397
23,1486,1509,0.15283172638174178
22,1514,1536,0.15283706912286393
22,1504,1526,0.152845115416206
23,1494,1517,0.15285281193106454
23,1489,1512,0.15285701898302279
23,1480,1503,0.15286093441020346
25,1488,1513,0.15286460751577977
27,1487,1514,0.1528619587466223
25,1483,1508,0.1528532100105033
24,1485,1509,0.15285131101481436
23,1492,1515,0.15285271178291868
22,1501,1523,0.15285706107862132
24,1485,1509,0.15286411077538248
23,1490,1513,0.15286453170453343
21,1498,1519,0.1528680790626719
21,1515,1536,0.1528776074216849
22,1508,1530,0.15288651673814432
20,1505,1525,0.15289174274172912
20,1509,1529,0.15290288104400745
20,1499,1519,0.15291331497992078
21,1488,1509,0.15292320672659962
22,1489,1511,0.15292928808721132
21,1500,1521,0.15293193932023919
21,1500,1521,0.15293756176461457
21,1496,1517,0.1529427891440982
22,1509,1531,0.15294768389822078
20,1508,1528,0.15294926613196985
19,1502,1521,0.15295705660887415
18,1504,1522,0.1529674787964598
18,1497,1515,0.1529803831517417
17,1498,1515,0.15299248137181995
17,1486,1503,0.15300696691185803
19,1489,1508,0.1530205545985806
18,1485,1503,0.1530270457027271
19,1499,1518,0.15303614274826796
19,1492,1511,0.15304150520221113
20,1498,1518,0.15304654694365477
20,1501,1521,0.15304813293054853
20,1510,1530,0.15304964186082967
20,1489,1509,0.15305107209054733
21,1498,1519,0.15305242357861637
19,1494,1513,0.1530506443546793
19,1496,1515,0.15305526913616394
19,1492,1511,0.1530595925278752
19,1502,1521,0.15306364373943068
18,1496,1514,0.15306744352085067
19,1506,1525,0.15307411954397576
19,1520,1539,0.15307721229337204
19,1520,1539,0.1530801311830915
19,1507,1526,0.15308287988201408
18,1506,1524,0.15308546649791088
17,1498,1515,0.1530908973813857
17,1492,1509,0.15309904187229742
17,1498,1515,0.15310674417101913
17,1508,1525,0.1531139890849463
18,1501,1519,0.15312079950386273
19,1496,1515,0.15312402411129297
20,1505,1525,0.15312390305062804
20,1511,1531,0.15312065233360897
20,1501,1521,0.15311763118194618
19,1503,1522,0.1531149258853187
19,1498,1517,0.15311549888360454
18,1509,1527,0.15311601808170125
20,1517,1537,0.1531195279766056
20,1503,1523,0.15311660214223471
19,1504,1523,0.15311389163074862
19,1505,1524,0.1531145190860756
19,1508,1527,0.1531151044198222
19,1500,1519,0.1531156504636163
18,1511,1529,0.153116161161594
18,1508,1526,0.15311977935751173
18,1506,1524,0.1531231620818
18,1494,1512,0.15312633142887966
18,1502,1520,0.1531293034549217
15,1496,1511,0.15313209207464723
14,1495,1509,0.15314436830469003
15,1487,1502,0.15315908788666346
15,1501,1516,0.15316990194203378
14,1500,1514,0.15318003019881332
14,1510,1524,0.15319272136985712
13,1508,1521,0.15320463880478932
13,1501,1514,0.15321893932663644
13,1516,1529,0.15323236122426231
13,1511,1524,0.1532449721886866
12,1507,1519,0.15325682290054227
12,1520,1532,0.15327102990868227
12,1521,1533,0.15328438606753014
12,1510,1522,0.15329694586418835
11,1496,1507,0.1533087572195047
11,1511,1522,0.15332310508711772
11,1509,1520,0.15333655287152848
10,1507,1517,0.15334918908331663
10,1507,1517,0.15336425048745408
10,1510,1520,0.1533784009402607
9,1508,1517,0.15339169869523742
9,1512,1521,0.15340724039550818
9,1515,1524,0.15342189617554478
9,1513,1522,0.15343568213356668
9,1509,1518,0.1534486484641847
9,1515,1524,0.15346084273683727
9,1521,1530,0.15347230935552553
9,1512,1521,0.1534830918368789
9,1513,1522,0.15349323104150867
9,1511,1520,0.15350276537101393
8,1521,1529,0.15351173093459752
8,1518,1526,0.15352320516534806
8,1517,1525,0.15353403741942223
8,1519,1527,0.1535442311528428
8,1521,1529,0.1535538202643062
8,1520,1528,0.15356283941835952
8,1517,1525,0.15357132200523357
9,1520,1529,0.1535792997248548
9,1510,1519,0.1535835982634935
9,1519,1528,0.1535876537877916
9,1515,1524,0.15359147427918532
9,1513,1522,0.15359507161372096
9,1513,1522,0.15359845776799674
9,1501,1510,0.15360164443661467
9,1503,1512,0.15360464289568465
9,1509,1518,0.15360746393274236
8,1518,1526,0.1536101178144799
8,1512,1520,0.15361568916522825
8,1523,1531,0.153620979050204
8,1529,1537,0.15362596419628385
8,1525,1533,0.15363065715062135
8,1513,1521,0.1536350733388246
8,1510,1518,0.15363922828731533
8,1515,1523,0.15364313700625953
8,1507,1515,0.15364681381302175
8,1503,1511,0.153650272285804
8,1513,1521,0.15365352526452875
7,1509,1516,0.15365658487095754
7,1491,1498,0.15366254438368787
7,1504,1511,0.15366819933175674
7,1516,1523,0.15367352904672585
6,1519,1525,0.15367854708273065
6,1514,1520,0.15368647166024244
7,1511,1518,0.15369391737683444
6,1506,1512,0.15369773776947393
6,1499,1505,0.1537045520017287
5,1508,1513,0.15371094934244872
5,1520,1525,0.15372010901171174
5,1527,1532,0.15372870640816488
6,1534,1540,0.15373680505380016
6,1520,1526,0.15374125303131836
6,1519,1525,0.15374545181869498
7,1520,1527,0.15374939987633168
7,1529,1536,0.15374994462773134
7,1527,1534,0.15375047255641713
7,1517,1524,0.15375096802540061
7,1512,1519,0.15375143306672767
6,1506,1512,0.15375186981901748
6,1493,1499,0.15375549775410874
6,1510,1516,0.1537589035741109
6,1507,1513,0.1537621025669072
6,1508,1514,0.15376510790318243
6,1515,1521,0.15376793194321603
6,1505,1511,0.15377058615196645
6,1513,1519,0.15377308113740892
6,1505,1511,0.15377542673693279
7,1485,1492,0.15377773474132023
7,1497,1504,0.15377677466724726
7,1509,1516,0.15377582993602396
7,1503,1510,0.15377493467906272
8,1503,1511,0.15377409018278212
8,1491,1499,0.15377011587852094
8,1496,1504,0.15376640307145745
7,1493,1500,0.15376291695476965
7,1506,1513,0.1537628716367748
7,1515,1522,0.15376282791800988
8,1526,1534,0.1537627852514891
8,1509,1517,0.15375950786262038
8,1518,1526,0.15375643037170922
9,1524,1533,0.1537535386120057
9,1525,1534,0.15374759155773224
9,1508,1517,0.1537420099125718
10,1514,1524,0.1537367674947011
10,1521,1531,0.15372874753730087
9,1519,1528,0.15372121631417865
9,1514,1523,0.15371726275794959
9,1512,1521,0.15371352776850083
9,1505,1514,0.15371001513250449
8,1522,1530,0.15370671228154276
8,1513,1521,0.15370663959025482
9,1505,1514,0.15370660821388135
9,1509,1518,0.1537035408501635
8,1511,1519,0.15370062745664592
9,1515,1524,0.15370098200963256
9,1508,1517,0.15369821524877098
9,1507,1516,0.15369561764269513
7,1511,1518,0.15369317391173232
8,1495,1503,0.15369722501362065
7,1488,1495,0.15369787940395052
7,1506,1513,0.15370155368490385
8,1518,1526,0.1537050457774093
8,1506,1514,0.1537052801141365
8,1490,1498,0.15370546780459693
9,1488,1497,0.1537056405180236
9,1485,1494,0.15370257696924494
10,1478,1488,0.15369970467059507
10,1492,1502,0.15369389773968314
10,1499,1509,0.15368844288270028
11,1502,1513,0.15368331591376605
12,1510,1522,0.15367546562521514
11,1512,1523,0.15366487367977105
11,1511,1522,0.15365801472276272
11,1514,1525,0.15365157146284328
11,1507,1518,0.15364556207795552
13,1510,1523,0.1536399340972696
13,1516,1529,0.15362828222859462
13,1510,1523,0.1536173826517743
15,1517,1532,0.15360715559455757
15,1496,1511,0.15359131949350796
16,1500,1516,0.15357648154074813
14,1495,1509,0.15355938386353812
14,1497,1511,0.1535495284564652
12,1496,1508,0.1535402502299976
12,1498,1510,0.1535379034536244
13,1503,1516,0.15353545857804318
13,1497,1510,0.15352997697709353
15,1501,1516,0.1535248315793382
15,1496,1511,0.15351371780027154
15,1493,1508,0.15350328714575157
15,1492,1507,0.15349343630264534
14,1486,1500,0.1534842201609562
18,1497,1515,0.15347876749132047
19,1498,1517,0.15346136839271196
18,1502,1520,0.15344189104043995
18,1497,1515,0.1534267148399203
17,1494,1511,0.15341233272416105
17,1497,1514,0.15340186719511137
17,1500,1517,0.15339207996144766
17,1495,1512,0.15338289048069656
18,1503,1521,0.1533742060043082
18,1505,1523,0.15336284073948178
18,1505,1523,0.153352206562557
17,1494,1511,0.1533422777072975
17,1491,1508,0.1533359171316999
16,1476,1492,0.153330024348213
15,1493,1508,0.15332768631617538
15,1490,1505,0.15332863217533066
14,1493,1507,0.15332949690398137
13,1494,1507,0.15333339027639847
12,1494,1506,0.1533401064808994
12,1493,1505,0.153349594142616
10,1511,1521,0.1533584991004453
10,1509,1519,0.15337322995884073
11,1516,1527,0.15338705529482868
11,1511,1522,0.1533969959810105
11,1516,1527,0.1534063433584642
11,1510,1521,0.15341512815358047
9,1513,1522,0.15342338488003507
9,1516,1525,0.15343757847527098
10,1516,1526,0.15345092409859482
10,1518,1528,0.15346048397197928
10,1509,1519,0.15346945193909411
11,1506,1517,0.15347788582686006
12,1501,1513,0.15348279177603186
12,1500,1512,0.1534843055817846
13,1510,1523,0.15348576800205044
13,1508,1521,0.1534840877861383
12,1495,1507,0.15348255434360486
12,1498,1510,0.1534841305836894
13,1494,1507,0.15348560520171695
12,1486,1498,0.1534839914645877
12,1495,1507,0.15348544574327835
11,1488,1499,0.15348683887396253
11,1492,1503,0.1534911622096438
11,1501,1512,0.15349521334085495
11,1507,1518,0.15349900827650584
13,1510,1523,0.15350266538032697
12,1513,1525,0.15349998064582995
10,1507,1517,0.15350046056068908
10,1516,1526,0.15350706613297327
11,1533,1544,0.15351330603385244
11,1531,1542,0.15351609401806082
11,1524,1535,0.1535187733613704
11,1525,1536,0.1535212989121144
11,1520,1531,0.15352367631813085
11,1517,1528,0.1535259130815783
11,1502,1513,0.1535280169131561
11,1510,1521,0.1535299953792287
9,1507,1516,0.15353185576564193
9,1484,1493,0.15353964674472578
9,1498,1507,0.15354697165754286
8,1498,1506,0.15355385063495808
8,1509,1517,0.1535633903031832
8,1507,1515,0.15357233290126668
9,1508,1517,0.15358073421064172
8,1514,1522,0.1535855960620238
10,1516,1526,0.1535931772098099
9,1493,1502,0.15359425302219043
8,1500,1508,0.15359834587232213
8,1500,1508,0.15360531157369978
8,1509,1517,0.15361183450429094
8,1501,1509,0.15361795955011312
8,1515,1523,0.15362371489264168
8,1523,1531,0.15362912438711787
8,1511,1519,0.15363420958514643
8,1516,1524,0.15363899036228967
7,1520,1527,0.15364348521010895
7,1501,1508,0.15365078081718422
7,1503,1510,0.15365763854426334
6,1513,1519,0.15366408734788448
5,1510,1515,0.15367318577884637
6,1515,1521,0.1536848501173031
6,1512,1518,0.15369274817740405
6,1526,1532,0.15370018351476802
6,1517,1523,0.15370717644752951
6,1516,1522,0.15371375344104243
5,1524,1529,0.15371993915086837
5,1521,1526,0.15372877622648645
6,1506,1512,0.15373712121106453
6,1513,1519,0.15374183982829925
5,1508,1513,0.15374629887415406
4,1506,1510,0.15375358160415342
3,1520,1523,0.15376353784349184
3,1520,1523,0.15377596223794363
3,1521,1524,0.1537877004112135
3,1517,1520,0.1537987544560874
3,1514,1517,0.1538091592753342
3,1514,1517,0.15381895122807035
3,1520,1523,0.15382816554700338
3,1520,1523,0.15383683579537297
3,1501,1504,0.15384499376056626
4,1511,1515,0.15385266947283888
5,1522,1527,0.1538566961179635
5,1512,1517,0.15385734081757882
5,1509,1514,0.15385797039273594
5,1493,1498,0.15385856534926795
4,1496,1500,0.1538591259457189
4,1495,1499,0.1538628069829988
4,1511,1515,0.1538662539896901
4,1515,1519,0.1538694961700186
4,1524,1528,0.15387254619227675
4,1527,1531,0.15387541549315167
4,1529,1533,0.1538781147766058
4,1520,1524,0.15388065409840376
4,1507,1511,0.1538830429154877
4,1523,1527,0.15388529012579696
4,1519,1523,0.15388740410303672
4,1502,1506,0.1538893927281541
5,1511,1516,0.1538912634183954
5,1526,1531,0.1538898921672638
4,1518,1522,0.1538886026851876
4,1508,1512,0.1538905511489237
4,1502,1506,0.1538923689003674
4,1507,1511,0.15389407832067684
5,1509,1514,0.15389568645524107
5,1496,1501,0.15389413142161057
4,1515,1519,0.15389263706137535
4,1513,1517,0.15389441972398624
4,1517,1521,0.1538960757968158
4,1510,1514,0.15389762908859783
4,1507,1511,0.15389908859886414
4,1511,1515,0.15390046077273417
4,1510,1514,0.153901751143853
4,1520,1524,0.15390296472507925
4,1516,1520,0.1539041061499976
4,1513,1517,0.15390517973955603
4,1506,1510,0.15390618954021865
4,1507,1511,0.15390713934950606
4,1513,1517,0.1539080327352691
4,1505,1509,0.153908873051519
4,1507,1511,0.15390966345217547
4,1517,1521,0.15391040690342708
4,1505,1509,0.1539111061950792
4,1511,1515,0.15391176395109707
4,1509,1513,0.15391238263946813
4,1524,1528,0.15391296458146037
4,1521,1525,0.15391351196032793
4,1527,1531,0.15391402682950553
4,1526,1530,0.15391451112032103
3,1504,1507,0.1539149666492557
3,1497,1500,0.15391845775958593
3,1497,1500,0.15392178252876693
3,1499,1502,0.15392491717009085
3,1499,1502,0.15392786897301172
3,1506,1509,0.1539306475123343
3,1500,1503,0.15393326250006845
4,1502,1506,0.15393572332277594
4,1501,1505,0.1539348636917072
4,1507,1511,0.15393407193871134
4,1510,1514,0.1539333651826575
4,1506,1510,0.1539326647808605
4,1511,1515,0.15393200364824944
4,1519,1523,0.15393138084705116
3,1511,1514,0.15393079444831062
3,1508,1511,0.15393333537551854
3,1527,1530,0.15393577424828656
3,1517,1520,0.15393807728977477
3,1507,1510,0.1539402474197646
3,1513,1516,0.15394229087165281
3,1520,1523,0.15394421444466658
3,1520,1523,0.1539460248724148
2,1524,1526,0.15394772863715367
2,1533,1535,0.1539524721759247
2,1541,1543,0.1539569437551492
3,1523,1526,0.15396115751897482
2,1525,1527,0.15396197639532797
2,1520,1522,0.15396584012306744
2,1514,1516,0.15396951793487196
2,1506,1508,0.15397298510000934
2,1501,1503,0.15397625022150602
2,1509,1511,0.15397932402448608
1,1508,1509,0.15398221723732142
2,1512,1514,0.15398809975856803
2,1511,1513,0.1539904509501201
2,1511,1513,0.153992681938093
2,1518,1520,0.153994782117264
2,1518,1520,0.15399675847708952
2,1520,1522,0.15399861819075977
2,1506,1508,0.15400036807824763
2,1503,1505,0.1540020145817412
1,1508,1509,0.15400356377793747
1,1510,1511,0.15400821649066437
1,1507,1508,0.15401258637247417
1,1515,1516,0.15401670213149438
1,1530,1531,0.15402057779253928
1,1521,1522,0.1540242267237523
1,1506,1507,0.15402766176701732
1,1507,1508,0.15403089516834156
1,1520,1521,0.15403393855398384
1,1535,1536,0.15403680293346808
1,1533,1534,0.15403949871556855
1,1530,1531,0.15404203573052513
1,1520,1521,0.15404442325514847
1,1529,1530,0.1540466700390642
1,1527,1528,0.1540487843311344
1,1513,1514,0.15405077390550878
1,1498,1499,0.15405264608698716
2,1491,1493,0.15405440777550772
3,1510,1513,0.1540528380567896
3,1513,1516,0.15404818033913725
4,1526,1530,0.1540438158137327
4,1516,1520,0.15403648078101026
4,1514,1518,0.15402960278105357
4,1512,1516,0.15402313843543916
4,1514,1518,0.15401705920716416
4,1518,1522,0.1540113410398862
4,1501,1505,0.15400596208884212
4,1494,1498,0.1540009020812718
3,1497,1500,0.1539961420547389
3,1516,1519,0.15399485789589243
3,1509,1512,0.15399362915164708
3,1505,1508,0.1539924703052221
3,1516,1519,0.15399137963831683
3,1498,1501,0.15399035363427602
3,1500,1503,0.15398938858488723
3,1515,1518,0.1539884808880616
3,1510,1513,0.1539876271210822
3,1520,1523,0.1539868240565511
3,1518,1521,0.1539860686602297
3,1516,1519,0.15398535808264494
3,1505,1508,0.15398468964867415
3,1507,1510,0.1539840608467537
2,1498,1500,0.15398346931838694
2,1493,1495,0.15398613423729976
2,1488,1490,0.15398862474001887
2,1491,1493,0.15399096348433797
2,1505,1507,0.15399316278815367
2,1513,1515,0.15399523186840422
1,1525,1526,0.15399717874672625
1,1527,1528,0.15400220425613279
1,1519,1520,0.15400692576339792
1,1510,1511,0.1540113729863108
1,1512,1513,0.15401556091847193
1,1518,1519,0.15401950395582248
1,1528,1529,0.1540232159615306
1,1521,1522,0.15402671016425504
1,1524,1525,0.1540299991242276
1,1524,1525,0.15403309473443433
1,1520,1521,0.15403600823761518
1,1526,1527,0.1540387502504591
1,1527,1528,0.15404133079099855
1,1522,1523,0.15404375930721417
1,1519,1520,0.15404604470579275
1,1515,1516,0.15404819538044817
1,1511,1512,0.15405021923946435
1,1521,1522,0.15405212373226412
1,1517,1518,0.15405391587489264
1,1514,1515,0.15405560227435994
1,1517,1518,0.15405718915182234
1,1512,1513,0.1540586823646047
1,1515,1516,0.15406008742708452
1,1516,1517,0.15406140953046596
1,1513,1514,0.15406265356148233
1,1517,1518,0.1540638241200678
1,1516,1517,0.15406492553604326
1,1525,1526,0.15406596188486069
1,1522,1523,0.1540669370024535
1,1532,1533,0.15406785449923702
1,1521,1522,0.15406871777330394
1,1517,1518,0.15406953002285828
1,1530,1531,0.15407029425792865
1,1515,1516,0.15407101331140186
1,1520,1521,0.15407168984941394
1,1518,1519,0.1540723263811359
1,1528,1529,0.15407292526798805
1,1510,1511,0.15407348873231594
1,1523,1524,0.15407401886555921
1,1518,1519,0.15407451763594207
1,1519,1520,0.15407498689571394
1,1513,1514,0.15407542838796565
0,1508,1508,0.1540758437530463
