1373,28,1401,0.13584067235650435
1395,32,1427,0.13300470681310514
1403,31,1434,0.13035575618342732
1422,31,1453,0.1279175883122587
1440,32,1472,0.1256431173363639
1442,34,1476,0.12352276614845657
1450,34,1484,0.12158484933181576
1454,34,1488,0.11979840168215165
1451,36,1487,0.11816049079217
1448,35,1483,0.11667585596541201
1449,34,1483,0.11533039573456672
1460,33,1493,0.1141022457964248
1459,36,1495,0.11295672051053841
1469,39,1508,0.11191538330381136
1464,38,1502,0.1109433632991887
1459,40,1499,0.11006973444154486
1459,41,1500,0.10928613366914199
1473,40,1513,0.10857210844725597
1463,39,1502,0.10788982676732005
1449,39,1488,0.10729154954770635
1446,39,1485,0.10677816485436775
1449,39,1488,0.10631676458638474
1446,41,1487,0.10588964417306919
1444,44,1488,0.10550697991601059
1455,41,1496,0.10516243223307466
1455,41,1496,0.10482458708359704
1458,39,1497,0.10451691604362406
1459,39,1498,0.10422944117129308
1472,40,1512,0.1039656710757114
1463,36,1499,0.10369720239125847
1452,36,1488,0.10347241527608039
1456,36,1492,0.10329170569703955
1463,36,1499,0.10311861074005435
1468,36,1504,0.10294567423916941
1456,37,1493,0.10277753031673262
1459,38,1497,0.10264997232943017
1454,37,1491,0.10252737187546224
1452,36,1488,0.10242665790537124
1463,37,1500,0.10233895755466264
1461,37,1498,0.10223547981618522
1453,38,1491,0.10214556798372655
1446,39,1485,0.10208072354599854
1451,39,1490,0.10203715379858043
1452,39,1491,0.10198666262540478
1447,38,1485,0.10193844996985078
1431,37,1468,0.1019051405189794
1415,40,1455,0.10190928224563485
1415,40,1455,0.10194724145265878
1423,42,1465,0.10198174905305098
1422,42,1464,0.10199590030090652
1419,40,1459,0.10201086931581745
1431,39,1470,0.10203050058898111
1431,41,1472,0.10202277910819363
1429,40,1469,0.10201574550750511
1429,38,1467,0.10201346634218968
1434,45,1479,0.10201167974148653
1437,44,1481,0.10199939808099331
1450,46,1496,0.10198210123355451
1446,49,1495,0.10193839870197148
1446,48,1494,0.10190728524605777
1459,50,1509,0.10187922525033592
1467,46,1513,0.10182577884231701
1460,44,1504,0.10176009736905474
1446,44,1490,0.10171525025755644
1444,45,1489,0.10170428297361139
1436,45,1481,0.10169886555803308
1452,47,1499,0.10171099856799161
1451,49,1500,0.10168799572475891
1449,52,1501,0.10166871225867023
1441,54,1495,0.1016552826062955
1440,53,1493,0.1016604965115247
1444,53,1497,0.10166727785632929
1440,54,1494,0.1016650434828302
1438,53,1491,0.10167126403064315
1433,53,1486,0.10168144610961212
1439,51,1490,0.10170127356587842
1428,51,1479,0.10170668729479856
1444,52,1496,0.10173486823941115
1439,52,1491,0.10172628003171319
1448,53,1501,0.10172868600883773
1447,52,1499,0.10171156421773325
1462,49,1511,0.101698057778568
1460,48,1508,0.10165421122333937
1460,47,1507,0.10161879444930885
1460,44,1504,0.10158664522946129
1453,45,1498,0.10155685806121449
1445,47,1492,0.10154491769788143
1450,51,1501,0.10155120809253634
1447,50,1497,0.10154668713849371
1427,48,1475,0.10154887972490759
1443,45,1488,0.10159320932569361
1449,44,1493,0.10159912377069948
1454,44,1498,0.10159217955605321
1449,44,1493,0.10157501736393951
1449,45,1494,0.10157041053166864
1439,45,1484,0.10156578398479076
1435,45,1480,0.10158286196921015
1447,45,1492,0.1016074038439167
1457,41,1498,0.10160420957426819
1456,41,1497,0.10157966968788795
1451,42,1493,0.10155922311232927
1445,42,1487,0.10155142320370782
1435,43,1478,0.10155703941514617
1433,44,1477,0.10158386130022602
1435,49,1484,0.1016127781851376
1451,49,1500,0.10163466789671367
1438,52,1490,0.10162074584880194
1436,53,1489,0.10163583182852967
1446,54,1500,0.1016536522829386
1444,58,1502,0.10164901107057644
1448,59,1507,0.10164877276057967
1441,58,1499,0.10163992169922138
1445,60,1505,0.10164715254659956
1434,59,1493,0.10164517631447563
1436,62,1498,0.10166663893773915
1436,62,1498,0.1016816618062866
1431,62,1493,0.10169550097236199
1432,57,1489,0.10171899142798045
1438,54,1492,0.10173838976516912
1448,53,1501,0.1017432983875004
1453,53,1506,0.10172638277431446
1459,55,1514,0.10170027494847753
1450,52,1502,0.10166376103024867
1453,51,1504,0.10164965569236734
1455,49,1504,0.10163077568001848
1463,47,1510,0.10160885893995847
1457,51,1508,0.1015716530574508
1438,51,1489,0.10155031161087705
1444,54,1498,0.10157159701745329
1431,55,1486,0.10157793520898092
1431,54,1485,0.1016113956585361
1435,54,1489,0.1016418544262795
1436,53,1489,0.10166147240045958
1438,52,1490,0.10167694519112089
1445,52,1497,0.10168686865503221
1452,50,1502,0.10168074619220457
1441,52,1493,0.10166034711035936
1453,50,1503,0.10166494227080537
1447,51,1498,0.1016436461001097
1450,49,1499,0.10163682205245564
1460,52,1512,0.1016239011726966
1451,52,1503,0.10159117626177981
1454,53,1507,0.10158060512028594
1435,55,1490,0.10156440422753807
1434,54,1488,0.10159066901296963
1436,55,1491,0.10161639369681114
1440,57,1497,0.10163569166798489
1427,57,1484,0.10164468092924996
1426,56,1482,0.10168065590229325
1422,56,1478,0.10171545177162916
1435,60,1495,0.10175601415591987
1435,60,1495,0.10176520562465691
1432,62,1494,0.10177384802169509
1430,62,1492,0.1017880048097699
1432,60,1492,0.10180527026667903
1433,59,1492,0.1018166724238987
1427,60,1487,0.10182516869079627
1439,63,1502,0.10184558407123984
1446,65,1511,0.10183846471426097
1430,64,1494,0.10181718595368051
1439,65,1504,0.1018319427975548
1442,66,1508,0.10182601565060662
1444,68,1512,0.10181412437266467
1447,66,1513,0.10179939839298681
1441,67,1508,0.10177964015751223
1436,66,1502,0.10177462530728659
1442,64,1506,0.10178068100220024
1438,66,1504,0.10177359866435375
1433,65,1498,0.10177576028013202
1430,65,1495,0.10178840755489098
1440,66,1506,0.10180675019404241
1433,65,1498,0.10180201712761146
1434,67,1501,0.10181299154048626
1426,69,1495,0.10182066024291679
1422,72,1494,0.10184456932482792
1422,76,1498,0.10187522372506112
1434,78,1512,0.10190358612384527
1413,83,1496,0.10190402986206128
1417,85,1502,0.10194949161899615
1418,83,1501,0.10198219708600412
1415,85,1500,0.10200972998253079
1421,83,1504,0.10204146641535346
1415,84,1499,0.1020578069412517
1426,84,1510,0.10208578346851922
1413,83,1496,0.10208747266667234
1407,86,1493,0.10211672186726513
1405,94,1499,0.10215668189565076
1404,96,1500,0.102197200030683
1394,98,1492,0.10223673733141854
1387,96,1483,0.10229459798301727
1397,97,1494,0.10236223991776558
1389,94,1483,0.10240296161050487
1381,96,1477,0.10245755047831417
1377,95,1472,0.10252466978791969
1374,96,1470,0.10259385266609865
1368,96,1464,0.10266343536300783
1377,95,1472,0.10273974854403937
1396,95,1491,0.10279033548999855
1401,92,1493,0.10279525645116187
1402,91,1493,0.10278897767433431
1398,94,1492,0.10278091841237642
1403,97,1500,0.10278202698716443
1395,92,1487,0.10277180643067751
1394,95,1489,0.10277952452461506
1394,97,1491,0.10278933957587583
1385,101,1486,0.10279858035796596
1386,99,1485,0.10282679774353706
1397,102,1499,0.10285058518158141
1398,105,1503,0.1028487899808129
1386,107,1493,0.10284538617827593
1386,108,1494,0.10286842630829135
1372,110,1482,0.10288985576679498
1382,112,1494,0.102939700984677
1388,111,1499,0.10296357906413618
1387,112,1499,0.1029726876897547
1383,111,1494,0.10298332506749168
1381,114,1495,0.10300140407993771
1386,116,1502,0.10302237491866607
1384,118,1502,0.10303108766626906
1391,117,1508,0.10304289541867628
1387,116,1503,0.10303857773296399
1380,113,1493,0.10304351402195533
1382,112,1494,0.10306253426142777
1384,109,1493,0.10307563335723247
1385,111,1496,0.10308289093627307
1394,111,1505,0.10308721879702651
1391,111,1502,0.1030720840001968
1380,111,1491,0.10306513491472287
1380,108,1488,0.10308228339363318
1389,107,1496,0.10309771037204177
1383,104,1487,0.10309250623060397
1391,109,1500,0.10310080114975578
1391,113,1504,0.10309101557173687
1395,111,1506,0.10308236078860421
1395,111,1506,0.10306560121941757
1404,105,1509,0.10305025257408743
1394,106,1500,0.10301693308830512
1401,109,1510,0.10300810566325555
1387,109,1496,0.10298480157287006
1384,109,1493,0.10299413322666531
1384,113,1497,0.10300892511024698
1382,117,1499,0.10302240149928607
1385,117,1502,0.10303885084842207
1383,118,1501,0.10304742336478649
1385,118,1503,0.10306017034285077
1377,119,1496,0.10306785863905553
1372,120,1492,0.10309229906225312
1364,120,1484,0.10312588310225207
1366,122,1488,0.10317390864278536
1352,122,1474,0.10321294824625869
1340,126,1466,0.10327908170566064
1351,128,1479,0.1033656424330369
1345,128,1473,0.10342082745596125
1338,133,1471,0.10348424497447976
1347,133,1480,0.10355719097972667
1344,134,1478,0.1036040223051569
1352,131,1483,0.10365320087338287
1364,132,1496,0.1036815506652842
1369,131,1500,0.10368091971160182
1364,131,1495,0.10366981299381946
1373,129,1502,0.10367052502838732
1355,128,1483,0.10365133934236423
1366,131,1497,0.10367348914829404
1353,133,1486,0.10366991355339251
1349,135,1484,0.10369517056677999
1351,134,1485,0.1037267529897532
1357,137,1494,0.10375184582218779
1368,138,1506,0.10376106238734022
1371,136,1507,0.10374591127124834
1371,138,1509,0.10372500358768195
1371,139,1510,0.10370631186311591
1355,139,1494,0.10368903003796116
1353,139,1492,0.10370797694744967
1356,137,1493,0.10373023134250618
1353,136,1489,0.10374364328567269
1354,137,1491,0.10376256983090013
1363,138,1501,0.10377745267244717
1365,140,1505,0.10377181065190644
1359,140,1499,0.10376317646843428
1354,140,1494,0.10376759938667499
1365,133,1498,0.10378270830797545
1359,136,1495,0.1037725612914912
1361,137,1498,0.1037767148245823
1364,139,1503,0.10377568477151763
1362,139,1501,0.1037681639432531
1358,144,1502,0.10376548616317961
1363,148,1511,0.10377252775076584
1354,143,1497,0.10376782902681808
1359,145,1504,0.10378343476560287
1338,150,1488,0.10378713588889855
1321,155,1476,0.1038361214433269
1345,153,1498,0.10391731880833191
1339,155,1494,0.10393989172624277
1333,157,1490,0.10397344962958782
1342,158,1500,0.10401764636567944
1349,154,1503,0.10403805671520441
1338,148,1486,0.10404082167148956
1354,148,1502,0.10406754071980188
1350,151,1501,0.10405754029535982
1346,154,1500,0.10405719050798211
1350,156,1506,0.10406546759980306
1351,155,1506,0.10406429244363632
1357,156,1513,0.10406141540002536
1345,159,1504,0.10404606735959639
1354,159,1513,0.10405820674231439
1347,157,1504,0.10405019604929074
1346,161,1507,0.10405899261356084
1325,161,1486,0.10406937278657885
1326,160,1486,0.10412446110107709
1343,159,1502,0.10417248653873047
1326,160,1486,0.10417882199138065
1330,162,1492,0.10422241752698465
1332,159,1491,0.10425349982516359
1328,161,1489,0.10427795496441172
1338,162,1500,0.10430948431380256
1332,159,1491,0.10431665699610161
1335,161,1496,0.10433609155192138
1338,164,1502,0.10434738090562604
1336,164,1500,0.1043517932272792
1329,167,1496,0.10435975647749732
1335,164,1499,0.10438252969453965
1327,161,1488,0.10439063009397977
1324,160,1484,0.10441443806081768
1325,162,1487,0.10444306332277296
1331,159,1490,0.10446776429241948
1331,160,1491,0.10447708205270098
1312,161,1473,0.10448500607128439
1321,164,1485,0.1045343682602357
1324,173,1497,0.10455994975283169
1322,174,1496,0.1045768541393301
1317,171,1488,0.10459678545280361
1323,174,1497,0.10462613278999194
1319,180,1499,0.10463979576708926
1319,179,1498,0.1046617388403839
1304,173,1477,0.10468175824278272
1313,175,1488,0.1047327731030136
1317,172,1489,0.10476034714308953
1303,175,1478,0.10477699105731807
1308,174,1482,0.1048231330309119
1307,178,1485,0.10485434175236354
1308,178,1486,0.1048856524670909
1307,172,1479,0.10491188161211153
1313,171,1484,0.10493833339845335
1315,177,1492,0.10494990418579057
1311,178,1489,0.10495564300994775
1297,184,1481,0.10497013279930834
1301,183,1484,0.10501313725271035
1315,180,1495,0.10504256657259475
1308,181,1489,0.10503898888895787
1305,177,1482,0.10505136564994638
1304,179,1483,0.10506970547244493
1314,183,1497,0.10508914640509748
1304,188,1492,0.10508620018173936
1317,185,1502,0.10510502673941712
1312,184,1496,0.10509407469967137
1298,183,1481,0.10509552497292667
1299,189,1488,0.10512784096612854
1306,188,1494,0.10515483434739589
1308,185,1493,0.10516330761126738
1310,184,1494,0.10516682555016241
1316,182,1498,0.10516610478172123
1319,183,1502,0.10515264692704272
1316,177,1493,0.10513311005637135
1329,173,1502,0.10512197384776602
1319,174,1493,0.10508198543693233
1324,174,1498,0.10506659631100732
1333,174,1507,0.10504107210151098
1339,167,1506,0.10499747970190068
1337,171,1508,0.10494466140035666
1332,169,1501,0.10490170780323903
1329,173,1502,0.10487269694444613
1317,172,1489,0.10485361534236187
1316,175,1491,0.10486260723030626
1318,175,1493,0.1048729272153826
1314,175,1489,0.10487788028651272
1314,177,1491,0.1048906540590318
1320,172,1492,0.1049023458958857
1323,173,1496,0.10490041488615204
1330,175,1505,0.1048923689269134
1325,176,1501,0.10486957404834357
1323,177,1500,0.10485908158144902
1333,179,1512,0.10485374038572975
1328,178,1506,0.1048269403264776
1328,176,1504,0.10481387160018978
1325,178,1503,0.10480184228771776
1314,185,1499,0.10479788874532961
1317,185,1502,0.10481873772396152
1312,186,1498,0.10483080978202725
1322,188,1510,0.10485194846008604
1319,186,1505,0.10484991794336798
1312,186,1498,0.1048546119378284
1305,190,1495,0.10487483204564545
1298,190,1488,0.10490895069474115
1305,197,1502,0.10495548688505886
1285,198,1483,0.10498258025111774
1272,200,1472,0.10505213946827766
1282,205,1487,0.10514451005095587
1294,205,1499,0.10520747098801411
1303,210,1513,0.1052385725870915
1300,213,1513,0.10524779483457344
1301,212,1513,0.1052628154124217
1302,208,1510,0.1052747380554234
1303,210,1513,0.10528359976805532
1293,212,1505,0.10528935809984982
1289,216,1505,0.1053170613573971
1281,216,1497,0.10535139814412728
1280,217,1497,0.10540116993619711
1273,217,1490,0.1054492093656905
1285,218,1503,0.1055081893581284
1266,217,1483,0.10553496493220922
1266,218,1484,0.10560105471108219
1266,221,1487,0.10566231429864753
1257,221,1478,0.10571891752360996
1267,219,1486,0.10579096130793184
1284,217,1501,0.10583488412447643
1274,215,1489,0.10583797529785258
1274,218,1492,0.1058628663443011
1276,216,1492,0.10588605082386446
1263,211,1474,0.10590339385808345
1267,210,1477,0.1059486060192658
1264,209,1473,0.10598157127359925
1269,212,1481,0.10601750381422752
1276,210,1486,0.1060397115000597
1287,210,1497,0.10604369149075872
1282,219,1501,0.1060236040851053
1281,221,1502,0.1060156009797235
1280,219,1499,0.10601069406513897
1287,218,1505,0.1060085902843148
1284,222,1506,0.10599199062990618
1281,223,1504,0.10598303449042802
1275,220,1495,0.10598111391201591
1273,217,1490,0.10599348008565107
1274,223,1497,0.1060087063245356
1275,220,1495,0.10602015846529554
1279,220,1499,0.10602879923881997
1275,224,1499,0.10602750520760632
1269,225,1494,0.1060352354860069
1263,216,1479,0.10605519923166615
1266,220,1486,0.10608619818306866
1276,215,1491,0.10610868680181199
1270,218,1488,0.10610759437169977
1260,218,1478,0.10611954217881857
1266,215,1481,0.1061521671866994
1265,217,1482,0.1061679900624793
1259,217,1476,0.10618599083658044
1266,214,1480,0.10621586428646995
1269,221,1490,0.10622788004592526
1263,216,1479,0.10623247415262473
1260,217,1477,0.1062497741670661
1264,219,1483,0.10627270343185448
1256,220,1476,0.10628447279489192
1262,226,1488,0.10631439263766844
1278,224,1502,0.10632838239572444
1280,224,1504,0.10630540923740435
1293,222,1515,0.10628060021402802
1273,223,1496,0.10622988717806837
1283,228,1511,0.10622805930227887
1282,231,1513,0.10620414797100103
1271,224,1495,0.10618538321252537
1261,229,1490,0.1061922301482324
1266,237,1503,0.10622025589395463
1268,239,1507,0.1062351884075003
1262,245,1507,0.10624457292313604
1251,248,1499,0.1062667619036088
1246,245,1491,0.10631247543105982
1255,246,1501,0.1063652563820618
1249,246,1495,0.10639344125032839
1264,249,1513,0.10643238417889765
1244,253,1497,0.10643659957300418
1238,253,1491,0.10648542251708307
1235,247,1482,0.10654354202545191
1250,250,1500,0.10660341476104845
1260,249,1509,0.10662427189055969
1260,249,1509,0.10662095674897465
1256,245,1501,0.10661760856981033
1253,246,1499,0.10662334485710206
1249,249,1498,0.10663490350351079
1245,250,1495,0.1066549086434816
1228,254,1482,0.10668193537837752
1238,253,1491,0.10674344271111583
1235,252,1487,0.10677818693736729
1235,258,1493,0.106816525127501
1243,254,1497,0.10685130279880357
1239,254,1493,0.10686587469450076
1248,261,1509,0.1068885546871658
1245,261,1506,0.1068886236467625
1246,261,1507,0.10689568128957098
1250,258,1508,0.10689916199986821
1242,258,1500,0.10689447520281808
1215,257,1472,0.10690922160033318
1218,255,1473,0.10698302470604108
1222,256,1478,0.10704295544319445
1226,263,1489,0.10708896209808712
1224,263,1487,0.10712216199670693
1225,268,1493,0.10715788445930798
1235,269,1504,0.10718832212924598
1221,263,1484,0.10719464488873605
1212,261,1473,0.1072311377993714
1216,263,1479,0.10728558545207072
1216,265,1481,0.1073269167938721
1211,264,1475,0.1073641136746227
1218,267,1485,0.10741021093291467
1209,273,1482,0.10743755223233724
1215,275,1490,0.10748453905774195
1223,276,1499,0.10751393386677269
1219,277,1496,0.10752309151197782
1215,288,1503,0.10754035665907079
1220,284,1504,0.10756554149711008
1207,275,1482,0.10757696772494273
1203,277,1480,0.10761648656315902
1189,272,1461,0.10766144200035573
1200,276,1476,0.10773494972746665
1206,280,1486,0.10777808501719587
1218,274,1492,0.10780387901270777
1229,281,1510,0.10780086002991172
1228,279,1507,0.10777358356224116
1226,282,1508,0.10775118651419698
1215,287,1502,0.10773481116910999
1216,289,1505,0.10774534638076919
1208,290,1498,0.10775252094994571
1202,281,1483,0.10777648057019892
1202,283,1485,0.10781219429848327
1198,291,1489,0.10784390401408625
1193,291,1484,0.10788244969072112
1185,289,1474,0.1079279147526524
1197,290,1487,0.10798708357829595
1208,285,1493,0.1080138684285015
1213,285,1498,0.10801325072396352
1210,294,1504,0.1080019114513531
1217,297,1514,0.10799803430722832
1226,298,1524,0.10797862958891961
1217,295,1512,0.10794005312603992
1216,291,1507,0.1079261929217051
1217,285,1502,0.1079154669056685
1213,286,1499,0.10790348076797798
1211,291,1502,0.10790144263864476
1195,293,1488,0.10790378535853025
1193,289,1482,0.1079418500412033
1209,290,1499,0.10798127551931208
1206,293,1499,0.10798047217027809
1210,295,1505,0.10798696081604764
1219,289,1508,0.10798447945874992
1215,288,1503,0.10796218982684568
1208,289,1497,0.10794975566097667
1198,300,1498,0.10795528853059778
1186,303,1489,0.10798351496091024
1183,304,1487,0.10803639146040038
1182,308,1490,0.10809223914675165
1190,311,1501,0.1081454087531111
1185,309,1494,0.1081746226878789
1182,311,1493,0.10821269144577439
1177,316,1493,0.10825396044825204
1184,312,1496,0.10830368520262108
1193,311,1504,0.10833391478039946
1193,313,1506,0.10834249920952387
1187,315,1502,0.10835077661606742
1199,317,1516,0.10837352935890827
1188,320,1508,0.10836717676392144
1192,321,1513,0.10838698082062387
1187,316,1503,0.10839612235697099
1173,318,1491,0.10841612861680507
1185,320,1505,0.10846539886199555
1181,319,1500,0.1084829373979766
1188,325,1513,0.10850852120970772
1187,328,1515,0.10851657579920576
1185,323,1508,0.1085269795970226
1191,327,1518,0.10854156939952954
1197,327,1524,0.10854194459371069
1185,319,1504,0.10852870805921784
1177,315,1492,0.10854422734914886
1183,317,1500,0.10857546325476801
1178,320,1498,0.10859064184781075
1169,323,1492,0.10861666454117175
1165,323,1488,0.10866103350365076
1175,327,1502,0.10870982148922369
1175,329,1504,0.10873186812928433
1181,333,1514,0.10875173075522221
1177,325,1502,0.10875660512505984
1171,330,1501,0.10877172800319716
1171,331,1502,0.10879888660478439
1174,329,1503,0.10882222969445994
1186,325,1511,0.10883655653410575
1190,327,1517,0.10882248901883558
1190,329,1519,0.10880130525501669
1176,329,1505,0.10878177809089436
1169,332,1501,0.10879520093089574
1163,332,1495,0.10882305898139717
1154,334,1488,0.10886071461365131
1164,336,1500,0.10891626621098979
1154,338,1492,0.10894471291177127
1156,337,1493,0.1089931964034825
1159,332,1491,0.10903403027402682
1167,335,1502,0.1090653381711906
1171,333,1504,0.10907622618124564
1169,335,1504,0.10907836671501331
1150,331,1481,0.10908564340727626
1152,333,1485,0.10913528710979112
1159,333,1492,0.10917770540946975
1153,339,1492,0.10920168783699395
1165,341,1506,0.1092371417645381
1162,344,1506,0.10924359247555288
1161,352,1513,0.109257533637258
1162,348,1510,0.10927269627532908
1154,344,1498,0.10928514557657121
1147,355,1502,0.10931530105298748
1147,357,1504,0.10936024298501153
1139,362,1501,0.10940155418017614
1131,368,1499,0.10945862589027479
1134,367,1501,0.10952888608548594
1132,371,1503,0.10958678242372923
1129,368,1497,0.10964461683917129
1131,367,1498,0.10970564960720228
1132,368,1500,0.10975736426805482
1122,385,1507,0.10980272072514112
1116,388,1504,0.10986790889595426
1110,385,1495,0.10993988303677348
1103,376,1479,0.11001976392728599
1114,377,1491,0.11011023409366333
1121,373,1494,0.11016878169113563
1113,372,1485,0.11020547050237572
1131,372,1503,0.11025803483686245
1130,374,1504,0.11026597878837346
1116,380,1496,0.11027594726488758
1110,386,1496,0.11031763984761885
1104,389,1493,0.1103700146722999
1101,387,1488,0.11043227457254685
1099,391,1490,0.11049634353530896
1093,395,1488,0.11056014669544101
1097,392,1489,0.1106327801182114
1102,394,1496,0.11069039605357264
1092,403,1495,0.11073259239744541
1101,405,1506,0.11079456021814044
1098,408,1506,0.11083221042244568
1088,405,1493,0.110873854195546
1083,396,1479,0.11093408756354631
1085,396,1481,0.1110021015832249
1093,404,1497,0.11106068629700434
1102,404,1506,0.11109698044916247
1101,398,1499,0.11111072905192523
1113,405,1518,0.11112624834634084
1115,401,1516,0.11111214707830726
1115,406,1521,0.11109492751045635
1111,395,1506,0.11107899826362379
1112,405,1517,0.11107363766957903
1109,403,1512,0.11106609598347102
1109,401,1510,0.11106632331166995
1100,402,1502,0.11106656350710256
1104,401,1505,0.11108548520343688
1105,393,1498,0.1110935504038067
1097,399,1496,0.11109849004463893
1093,406,1499,0.11112128883060217
1083,401,1484,0.11115179038442836
1094,395,1489,0.11120109059993666
1103,400,1503,0.11122172445228676
1096,404,1500,0.11121982302528867
1092,402,1494,0.11123613202445885
1092,405,1497,0.11125981672897599
1093,395,1488,0.11128150622038625
1087,404,1491,0.11129946114004817
1092,409,1501,0.11133006069957119
1095,403,1498,0.11134646997889032
1093,403,1496,0.11135622830950302
1091,411,1502,0.11136986262706759
1097,408,1505,0.11138744233536708
1090,399,1489,0.11138869554447721
1086,402,1488,0.11140558813172767
1085,400,1485,0.11143034626300061
1078,404,1482,0.11145468162163777
1090,402,1492,0.11149517091247803
1084,408,1492,0.11150629470846841
1087,411,1498,0.11153026441598843
1075,415,1490,0.11154615610747917
1091,420,1511,0.11158866155055008
1083,422,1505,0.11159220737626305
1084,422,1506,0.11161427716387308
1078,425,1503,0.11163186695228347
1081,418,1499,0.11166229869643989
1096,419,1515,0.11168335268593856
1089,416,1505,0.11166809969380136
1072,422,1494,0.11167137761091389
1073,431,1504,0.11171091295807471
1081,433,1514,0.11174553053510199
1079,432,1511,0.1117595917838291
1062,426,1488,0.11177748939019631
1063,428,1491,0.11183329958514625
1058,432,1490,0.1118815754403851
1054,432,1486,0.11193750411447248
1053,432,1485,0.11199697592079527
1059,433,1492,0.11205510962298629
1064,437,1501,0.11209578002959944
1065,437,1502,0.11212189805923309
1069,428,1497,0.11214204948651531
1068,430,1498,0.11215288906743151
1065,435,1500,0.11216549340410233
1060,433,1493,0.11218553342968988
1053,441,1494,0.11221500939723399
1054,439,1493,0.112257579501249
1059,440,1499,0.11229468037583484
1052,445,1497,0.11231843631200844
1050,453,1503,0.11235632021696458
1054,462,1516,0.11239643886455852
1049,459,1508,0.11242603773266423
1043,466,1509,0.11246639868240466
1032,472,1504,0.11251750604051754
1017,475,1492,0.11259026359557668
1018,471,1489,0.1126937407242423
1024,477,1501,0.11278745898682228
1026,476,1502,0.11286020512740233
1025,469,1494,0.112922998682584
1019,464,1483,0.11298292337939805
1021,469,1490,0.11305242287130629
1022,472,1494,0.11311161044323315
1014,484,1498,0.11316449324053864
1017,489,1506,0.1132328500842562
1020,484,1504,0.11328852873710232
1020,484,1504,0.11333281111946444
1024,481,1505,0.11337491559969223
1015,473,1488,0.1134040674162333
1031,473,1504,0.11345219941224069
1016,479,1495,0.11346095502198515
1017,487,1504,0.11350352026880117
1028,487,1515,0.11354060418074752
1035,483,1518,0.11354970068615719
1026,485,1511,0.11354312080442984
1020,488,1508,0.11355876701685123
1022,485,1507,0.11358622123967285
1017,492,1509,0.11360556832436024
1019,497,1516,0.11363497413189382
1011,495,1506,0.11365707194754737
1015,495,1510,0.11369736991118078
1018,503,1521,0.11372653713064942
1012,499,1511,0.11374588086232493
1006,492,1498,0.11377813812197396
1002,493,1495,0.11382337416244404
1001,491,1492,0.1138745707697333
993,488,1481,0.11392294915418595
1000,484,1484,0.11398591375487356
1008,482,1490,0.11402785298075394
1019,476,1495,0.11404671765644175
1014,470,1484,0.11403943440980527
1019,479,1498,0.1140447189829991
1014,482,1496,0.11403786547931194
1005,486,1491,0.11404339582780153
1005,493,1498,0.11406915293834541
1005,501,1506,0.11409236972455354
1001,509,1510,0.11411390406059968
995,509,1504,0.11414335612273478
995,502,1497,0.11418487435707173
997,505,1502,0.1142234462662697
989,496,1485,0.1142557457160611
991,507,1498,0.11430554063048444
989,512,1501,0.11434682025340087
991,512,1503,0.11438971649461088
1000,515,1515,0.11442356636878304
987,509,1496,0.11443301071683074
993,515,1508,0.1144727428115716
985,509,1494,0.11449620099195651
985,515,1500,0.1145341362787157
985,519,1504,0.11456937960287313
991,517,1508,0.11460134729804017
984,510,1494,0.11461682392738475
985,512,1497,0.11464892923364925
992,511,1503,0.1146766558401759
989,514,1503,0.11468567422793285
982,524,1506,0.11470216185032879
988,529,1517,0.11473490654938466
988,534,1522,0.11475095168993545
984,526,1510,0.11476742517830324
988,526,1514,0.11479247450740424
995,531,1526,0.11480671134423559
982,529,1511,0.11480368631638896
970,527,1497,0.11483223784014986
976,520,1496,0.11488905799132017
970,528,1498,0.1149273357530459
963,534,1497,0.1149781494187215
962,546,1508,0.11504145749902754
966,545,1511,0.1151029616166364
971,544,1515,0.11515060810011551
963,548,1511,0.11518437668875499
960,553,1513,0.11523348026527605
954,556,1510,0.11528570359197772
964,556,1520,0.11534925225977552
963,561,1524,0.11538553661492275
967,554,1521,0.11542088826044523
958,555,1513,0.11544507833056648
963,553,1516,0.11548875685456689
957,546,1503,0.11551867506464437
956,542,1498,0.11555849472360928
954,547,1501,0.11559625551964092
954,547,1501,0.11563653524739341
951,545,1496,0.11567338550653072
951,544,1495,0.1157162558777051
956,553,1509,0.11575435252456945
948,556,1504,0.11577724667342892
948,546,1494,0.11581802184743534
941,541,1482,0.11585469469101418
950,536,1486,0.11590337158134037
946,544,1490,0.11592637319716304
947,549,1496,0.11595640285640073
949,544,1493,0.11598233615973974
953,546,1499,0.11600119756629822
950,551,1501,0.11600700170698819
944,544,1488,0.11601960769357017
945,547,1492,0.11604450087078444
948,549,1497,0.11606523751184011
961,543,1504,0.11607754196005804
960,540,1500,0.11605949645559699
953,542,1495,0.11604649118253989
946,546,1492,0.1160511556368762
950,545,1495,0.11607205114406965
953,549,1502,0.11608414172636224
956,544,1500,0.116087845157053
961,556,1517,0.11608470767353422
953,557,1510,0.1160703494508582
945,567,1512,0.11607609662657149
949,564,1513,0.1160988255622997
937,567,1504,0.11611124619670816
936,568,1504,0.11615099757106201
931,565,1496,0.11619060058245889
929,562,1491,0.11624056189804378
936,553,1489,0.11629101464164986
945,559,1504,0.11631959812392316
942,565,1507,0.11632458384542403
948,574,1522,0.11633566649997162
940,572,1512,0.1163319892784795
930,560,1490,0.11634985028772843
929,567,1496,0.11638835836017765
922,578,1500,0.1164260900509688
924,577,1501,0.1164769248351
920,574,1494,0.11651981913748098
912,572,1484,0.11656847723891577
920,577,1497,0.11663312943130219
919,583,1502,0.11667415863261929
910,588,1498,0.11671533502167726
913,584,1497,0.11677489856728758
920,588,1508,0.11682331573274488
920,590,1510,0.11685280175952255
925,595,1520,0.1168810633192415
915,595,1510,0.11689664092226973
909,592,1501,0.11693539731638229
894,586,1480,0.11698659221243346
903,601,1504,0.1170686054163168
904,597,1501,0.11712409842252822
903,608,1511,0.11717359362031354
898,609,1507,0.11722374583327674
900,606,1506,0.11728311248536773
900,609,1509,0.11733241300801643
900,608,1508,0.11737823253385596
891,604,1495,0.11742117489969854
896,616,1512,0.11748171641696149
889,619,1508,0.11752690584041772
896,611,1507,0.11758482533082101
886,615,1501,0.11762118507489322
890,610,1500,0.11767819358828494
888,612,1500,0.11772223382203521
893,609,1502,0.11776653303001136
890,612,1502,0.11779533965096065
897,603,1500,0.11782978502353326
893,610,1503,0.11784575119004968
895,618,1513,0.11786866858682694
887,620,1507,0.11788639771407901
879,618,1497,0.11792138580823007
888,626,1514,0.11797423782870052
884,623,1507,0.11800123691491436
883,609,1492,0.11803550024842942
873,615,1488,0.11807068341191332
882,617,1499,0.11812893033763419
874,616,1490,0.1181619711026177
861,620,1481,0.11821294456943626
860,621,1481,0.118290135107715
865,620,1485,0.11836519418104281
874,622,1496,0.1184228486110673
864,619,1483,0.11845441278770372
859,625,1484,0.11850772087634386
868,624,1492,0.11856877261784081
873,630,1503,0.1186029893747365
879,633,1512,0.11862399005445731
878,629,1507,0.11863038453349288
890,627,1517,0.11863833606405759
886,626,1512,0.11861769410402034
869,638,1507,0.11860996849861849
871,642,1513,0.1186446659113215
875,633,1508,0.11867247242800033
874,639,1513,0.11868854682630513
866,643,1509,0.11870476569655398
869,640,1509,0.11873977426947048
866,629,1495,0.11876613907350687
863,634,1497,0.11879761421271864
857,633,1490,0.11883532123474938
868,633,1501,0.11888385587486885
867,635,1502,0.11890089307107704
874,629,1503,0.11891951180420542
870,634,1504,0.11892084640128842
873,636,1509,0.11893229404791922
874,633,1507,0.11893616106912376
876,633,1509,0.11893782314143081
880,637,1517,0.11893454602735226
879,631,1510,0.11892230240025718
882,626,1508,0.11891254765465943
877,627,1504,0.11889487742111196
867,642,1509,0.11889163152358792
866,633,1499,0.11891290507149069
865,648,1513,0.11893397101345574
852,651,1503,0.11895545563798925
861,649,1510,0.1190056773857218
866,654,1520,0.11903023266151999
863,648,1511,0.1190405959150888
872,646,1518,0.11905821349653617
867,640,1507,0.11905158970548235
872,643,1515,0.11905906830128768
869,656,1525,0.11905467601262341
857,646,1503,0.11905695773204482
858,651,1509,0.1190872354543723
858,646,1504,0.11911454141066052
845,647,1492,0.11913892451190464
849,650,1499,0.1191940922282479
859,647,1506,0.11923576764499563
854,644,1498,0.11924997044449447
855,648,1503,0.11927541896788946
863,642,1505,0.11929684761696908
859,652,1511,0.11929776776209242
845,656,1501,0.1193077529025662
854,649,1503,0.11935148823045263
857,659,1516,0.11936849064568214
860,663,1523,0.11937870253930714
858,659,1517,0.11938202739630235
846,657,1503,0.11939285342245576
858,654,1512,0.11943020037543438
850,653,1503,0.11943594702673721
843,651,1494,0.11945996201886362
842,656,1498,0.11949938543230733
843,660,1503,0.11953957495325092
835,661,1496,0.11957459401238035
826,663,1489,0.11962653810101882
837,659,1496,0.11969607857710667
850,663,1513,0.1197343998129827
850,668,1518,0.11973893965699935
835,667,1502,0.1197442857145253
835,667,1502,0.11978623487209748
824,668,1492,0.11982452078309155
829,676,1505,0.11988823612338781
832,679,1511,0.11993536929451118
832,673,1505,0.11997165445971827
830,676,1506,0.1200049755695398
826,683,1509,0.12004127797643763
830,687,1517,0.12008729140605355
833,689,1522,0.1201208055218866
830,684,1514,0.12014506869280832
835,676,1511,0.12017452601165107
833,682,1515,0.12018860369139414
833,673,1506,0.12020632597242628
830,668,1498,0.12022320104051885
827,668,1495,0.12024686000342683
827,668,1495,0.12027782437985499
823,675,1498,0.12030567604890194
817,684,1501,0.12034097128816412
821,677,1498,0.12038805878365758
815,680,1495,0.12042251752409999
813,692,1505,0.12046917831778373
815,700,1515,0.12051809501539186
814,701,1515,0.1205596464596001
812,698,1510,0.12060139784231134
802,707,1509,0.12064498445648054
800,703,1503,0.12070953236224424
803,701,1504,0.12077384206542094
807,699,1506,0.12082542500294859
800,704,1504,0.1208648692432697
803,705,1508,0.12091819317339865
803,707,1510,0.12095975478472655
800,708,1508,0.12099703295988214
790,698,1488,0.1210392635461694
801,691,1492,0.12110143419275034
793,702,1495,0.12113440333044573
790,704,1494,0.12118441320449794
770,709,1479,0.12123878653813026
771,700,1471,0.12133745851729087
778,716,1494,0.12142492119014861
785,718,1503,0.12148947608320312
782,714,1496,0.12153278880267104
775,715,1490,0.12157895783166478
775,717,1492,0.12164057932692099
774,722,1496,0.1216996530920466
776,715,1491,0.12175649219437122
782,718,1500,0.12180394696219342
780,726,1506,0.12183290099962317
776,719,1495,0.12186438511932725
780,724,1504,0.12190473207834714
785,721,1506,0.12193320423004678
775,731,1506,0.12194640811502416
765,734,1499,0.12198262650724598
765,734,1499,0.12204016002051482
767,743,1510,0.12209409839711842
768,744,1512,0.12214155924725362
770,743,1513,0.12218502113778541
760,752,1512,0.12222123319883789
759,748,1507,0.12227860386588014
756,746,1502,0.12233485735670559
752,744,1496,0.1223950305641678
759,761,1520,0.12246137909100716
755,761,1516,0.12250665480519647
743,771,1514,0.12255776029734097
747,769,1516,0.12263430814589286
746,762,1508,0.12269498113528414
737,761,1498,0.12275525006184519
733,763,1496,0.12283207569722485
729,761,1490,0.12291257536515485
726,768,1494,0.12299596168993432
733,768,1501,0.12308166836668573
738,770,1508,0.12314422167537117
739,767,1506,0.12319108310876384
735,767,1502,0.12323301218724883
734,771,1505,0.12328252366575727
734,774,1508,0.12332873528038495
735,772,1507,0.12337259681793075
741,762,1503,0.12341031802717901
740,767,1507,0.1234309982799359
735,776,1511,0.12345178540163179
744,778,1522,0.12348383782195349
743,781,1524,0.12349118423517862
735,780,1515,0.1235013328168349
730,780,1510,0.12352958971536332
725,778,1503,0.12356867887237483
733,776,1509,0.12361867437602904
725,778,1503,0.12364587629338107
731,777,1508,0.12369057127975534
740,774,1514,0.12371800525698287
740,775,1515,0.12372156442694955
729,776,1505,0.12372485000991394
739,774,1513,0.12375477055874594
737,779,1516,0.1237596011096258
720,781,1501,0.12376816353454703
713,787,1500,0.12381835474853659
710,787,1497,0.1238822058883098
715,785,1500,0.12394790775764297
715,786,1501,0.1239989035746142
720,794,1514,0.12404577813317794
719,794,1513,0.1240772582573983
721,792,1513,0.12410833418357343
728,799,1527,0.12413392606976686
716,799,1515,0.12414057725077488
715,803,1518,0.12417763046362179
718,806,1524,0.1242139586591962
718,800,1518,0.12424086304800706
715,792,1507,0.12426621083264504
702,792,1494,0.12429866969647042
693,790,1483,0.12435940679670617
689,794,1483,0.12443642128167796
691,787,1478,0.12451609282959326
693,794,1487,0.12458518287540621
692,802,1494,0.12464386123335335
698,812,1510,0.12469959399482035
687,812,1499,0.12473682398800158
687,810,1497,0.12479683706442037
688,810,1498,0.12485291716873702
676,815,1491,0.12490220191685117
677,818,1495,0.12497798565297324
685,822,1507,0.12504622931010906
686,814,1500,0.12508991735534764
681,818,1499,0.12512905547170325
671,830,1501,0.1251767971181092
667,831,1498,0.12524501327708684
675,840,1515,0.12531847564730397
664,840,1504,0.1253680152953801
663,847,1510,0.12544302385949846
668,837,1505,0.12551544827989833
670,833,1503,0.12557063252103445
665,827,1492,0.12561545231082052
669,836,1505,0.1256704698093818
670,834,1504,0.12571126346242756
662,843,1505,0.12574657113764368
662,844,1506,0.12579806490907863
651,849,1500,0.12584640887814114
655,849,1504,0.12591897957718384
659,852,1511,0.12597529945757124
655,850,1505,0.12601818196090947
657,849,1506,0.12606748359568795
656,854,1510,0.1261076268319038
663,853,1516,0.12614856324465623
657,850,1507,0.12616890599338176
653,853,1506,0.1262011734202504
650,852,1502,0.12624014021577398
647,846,1493,0.12628519014058623
646,854,1500,0.12633515381526184
642,862,1504,0.12638643855778212
647,853,1500,0.1264442797057394
651,843,1494,0.1264861464267932
640,858,1498,0.12651534826121158
640,865,1505,0.12657226957637108
641,855,1496,0.12662558235072136
640,859,1499,0.12667362928524142
636,864,1500,0.12671993848295707
638,867,1505,0.12677215344486537
633,866,1499,0.1268130863164912
626,861,1487,0.12686302082765497
631,861,1492,0.12692606384935223
640,869,1509,0.12697027531242372
645,859,1504,0.1269893604356345
649,851,1500,0.12699408197359566
657,848,1505,0.1269898296925551
660,850,1510,0.1269656845512236
657,845,1502,0.1269384570484908
657,845,1502,0.1269218977981727
661,847,1508,0.12690796423930553
667,846,1513,0.12688340434944642
670,843,1513,0.1268454394688673
670,834,1504,0.12680250681040053
664,841,1505,0.1267638886433905
669,849,1518,0.12674283146646192
678,842,1520,0.12670969738940005
675,841,1516,0.12665708302985723
671,830,1501,0.12661653717456256
659,841,1500,0.1265886258574724
663,845,1508,0.12659322310486057
664,843,1507,0.126587282571452
663,838,1501,0.12657831872842967
661,852,1513,0.1265738335781833
659,855,1514,0.12657447645682976
658,855,1513,0.1265813645799295
666,855,1521,0.12659012528009808
658,857,1515,0.12657683376575532
654,856,1510,0.12658431761236166
654,863,1517,0.12660030445617407
659,857,1516,0.1266147849451278
657,845,1502,0.12661411643052622
656,845,1501,0.1266181240750638
664,843,1507,0.12662462012737252
659,842,1501,0.12661258736474706
668,839,1507,0.12661185832119937
662,846,1508,0.12658827864494646
654,842,1496,0.12658227167904648
663,853,1516,0.12659609839291336
654,860,1514,0.12658683114455654
648,865,1513,0.1266011770218685
653,866,1519,0.1266289948162582
652,863,1515,0.1266426567780486
649,859,1508,0.12665735670451148
648,862,1510,0.12667933111796947
645,862,1507,0.12670155145570092
646,858,1504,0.12672952821577277
645,851,1496,0.12675395323370434
649,852,1501,0.12677816678495238
648,867,1515,0.1267929592653345
647,862,1509,0.12680882976828392
638,856,1494,0.12682552527025834
645,859,1504,0.12686235369588345
652,856,1508,0.12687804630129673
650,852,1502,0.12687427718202515
647,853,1500,0.12687602606707607
649,854,1503,0.12688619083020383
660,851,1511,0.12689184064219963
656,858,1514,0.12687002682343462
649,850,1499,0.12685849146865294
649,856,1505,0.1268644933046081
641,852,1493,0.12687037429499778
638,868,1506,0.12689575472356265
636,863,1499,0.1269268326569549
640,855,1495,0.12695959612536512
633,846,1479,0.12697934087078508
629,835,1464,0.1270158643019527
632,851,1483,0.1270598648778914
638,862,1500,0.12709310103308064
648,869,1517,0.12711102130196322
652,862,1514,0.12710162789311813
656,855,1511,0.12708415604557705
656,860,1516,0.12705798318085687
653,857,1510,0.1270331771321869
651,856,1507,0.12701809331890668
656,851,1507,0.12700821821555794
660,850,1510,0.12698845655606952
645,858,1503,0.12696249135223506
641,865,1506,0.12697765507334657
645,869,1514,0.12700107520238813
636,858,1494,0.12701117291506378
636,867,1503,0.12704419979700984
632,871,1503,0.12707471979367
634,873,1507,0.12711291179195675
632,867,1499,0.12714265804583627
629,864,1493,0.12717591968411138
631,857,1488,0.12721284407273756
635,860,1495,0.12724206490889975
627,870,1497,0.1272586277425531
637,872,1509,0.12729501005113344
633,868,1501,0.12730476860690568
628,863,1491,0.12732475169256538
628,870,1498,0.12735479213695483
633,870,1503,0.12738307576508007
631,875,1506,0.12739674934320655
628,887,1515,0.12741460261434687
620,874,1494,0.12744138889669732
622,873,1495,0.12748786931777667
617,872,1489,0.12752391380042835
612,875,1487,0.12756894178514544
615,876,1491,0.12762125728342233
611,872,1483,0.12766187406147755
614,870,1484,0.12770857615786377
620,877,1497,0.1277435665193967
619,877,1496,0.12776123435755862
621,876,1497,0.1277810129130873
614,892,1506,0.12779313542871684
619,886,1505,0.12782162666181499
611,887,1498,0.1278374916623865
607,888,1495,0.12787092096941324
613,881,1494,0.1279104198850333
614,889,1503,0.12793361751446675
609,893,1502,0.1279532660116097
620,892,1512,0.1279840518677873
620,899,1519,0.12798586326546135
618,904,1522,0.1279888542473316
617,893,1510,0.1279966075602514
622,881,1503,0.12800664772163195
619,878,1497,0.12800443139430823
623,886,1509,0.12801002814717546
618,897,1515,0.12800760152340793
616,899,1515,0.12801728205452645
619,901,1520,0.12803058039350768
611,894,1505,0.1280357384878068
603,895,1498,0.1280601097075523
602,899,1501,0.12810311572570673
601,904,1505,0.1281467217264464
599,898,1497,0.12818996362099427
602,899,1501,0.12823661334386127
607,893,1500,0.1282718910554374
601,894,1495,0.12829149659015068
599,900,1499,0.1283262041080152
602,901,1503,0.128364556938096
604,908,1512,0.12839340276860198
598,920,1518,0.12841547296873748
596,926,1522,0.12845006753578642
595,926,1521,0.12848626069072597
586,919,1505,0.12852412023658022
587,922,1509,0.12858253314123835
587,927,1514,0.1286350291909848
584,935,1519,0.12868216272016259
585,925,1510,0.12873323773522805
585,928,1513,0.12877875352204143
588,920,1508,0.1288223357591978
580,932,1512,0.12885635491156808
569,931,1500,0.12890823849161478
559,942,1501,0.1289842702842179
565,944,1509,0.1290807739372693
560,940,1500,0.12915521534741578
553,946,1499,0.12923900433560362
566,939,1505,0.1293339864979084
555,946,1501,0.12938779734817138
556,948,1504,0.12946583407003426
564,947,1511,0.12953701248679741
566,943,1509,0.12958326384973368
561,951,1512,0.12962137079270117
556,962,1518,0.12966850340751004
561,952,1513,0.12972329877095654
561,954,1515,0.12976322015433786
562,952,1514,0.129801341512387
558,946,1504,0.129833781887132
564,931,1495,0.12987325175064768
566,944,1510,0.1298941694408068
572,936,1508,0.12990843122033768
573,930,1503,0.12990662193116717
563,932,1495,0.12990276183391097
565,943,1508,0.1299241713186094
567,927,1494,0.12993449451212188
573,932,1505,0.12993863505290437
572,929,1501,0.12992898437968234
575,927,1502,0.12992271960839802
576,927,1503,0.12990828034849017
565,928,1493,0.12989224488930887
567,932,1499,0.12990550146707855
564,932,1496,0.1299114887066358
575,928,1503,0.12992338904507064
574,941,1515,0.1299043898758373
573,933,1506,0.12988856953474906
576,931,1507,0.12987670983988628
567,937,1504,0.12985847587659843
566,945,1511,0.1298647613263262
561,947,1508,0.1298713273432186
559,944,1503,0.12988886483479026
556,950,1506,0.1299122723952285
559,952,1511,0.12994279566989508
557,960,1517,0.12996337512164385
561,963,1524,0.12998766871180356
562,952,1514,0.12999872979930843
558,961,1519,0.13000984529218382
560,954,1514,0.13003174055321334
558,959,1517,0.13004719983214888
562,959,1521,0.1300668070980058
555,963,1518,0.13007436152398932
550,969,1519,0.13009921347543454
550,964,1514,0.13013495891252466
550,958,1508,0.13016857218521774
541,960,1501,0.1301979488733293
543,956,1499,0.13024894886913074
547,956,1503,0.13029064573311744
545,958,1503,0.13031954067666354
550,956,1506,0.13035018644246166
546,956,1502,0.130367721413211
558,960,1518,0.1303959431810163
558,969,1527,0.13039022282484347
557,960,1517,0.13038596962027768
546,961,1507,0.13038389171703238
543,973,1516,0.1304082745586161
540,983,1523,0.13044091470335717
533,983,1516,0.13047800449411187
533,975,1508,0.13053401277881657
531,985,1516,0.13058588241758967
527,985,1512,0.130640389832329
528,982,1510,0.1307023439127518
527,980,1507,0.13075516256058395
539,983,1522,0.1308068826222919
543,979,1522,0.13082455143205066
540,980,1520,0.1308321496367676
534,988,1522,0.13084604672877032
526,990,1516,0.13087482441000847
526,988,1514,0.13092134051371235
523,993,1516,0.1309647231230024
519,973,1492,0.13101250116016197
519,976,1495,0.1310672163077709
520,974,1494,0.13111826113158734
515,974,1489,0.13116263147076845
511,986,1497,0.13121450765414377
513,993,1506,0.1312751645841187
503,993,1496,0.13132696193402832
515,996,1511,0.1313997660289183
511,999,1510,0.13143770287820508
519,1009,1528,0.131484088077311
515,996,1511,0.13150881771068923
504,1000,1504,0.13154284235036193
499,1005,1504,0.13160409340677728
495,1016,1511,0.13167420766302484
500,1009,1509,0.13175136244872201
492,1005,1497,0.13180862735256185
489,1013,1502,0.1318827640213151
486,1014,1500,0.1319599826996286
490,1020,1510,0.13203763569446764
489,1032,1521,0.13209889688850707
484,1031,1515,0.13215857481566606
482,1032,1514,0.13222666649587297
476,1027,1503,0.1322958086175662
476,1033,1509,0.13237456182877044
473,1027,1500,0.1324486593957653
477,1021,1498,0.13252594259474645
477,1042,1519,0.13258661546006395
478,1043,1521,0.1326421851360228
475,1039,1514,0.1326903153240546
482,1033,1515,0.13274361651423214
476,1022,1498,0.13277433939705077
477,1033,1510,0.13281933864789452
472,1034,1506,0.1328597154146014
464,1027,1491,0.13291085400240907
465,1042,1507,0.13297818351232088
462,1040,1502,0.1330377567584211
461,1034,1495,0.13310266056591677
461,1032,1493,0.13316542979008683
454,1043,1497,0.13322400143813057
459,1041,1500,0.13329658569266167
461,1034,1495,0.13335153260824392
462,1041,1503,0.133398789968455
463,1032,1495,0.13343977626547768
461,1052,1513,0.1334750425752781
456,1044,1500,0.13351212022630313
455,1043,1498,0.13355998031994581
462,1049,1511,0.13360828901703886
468,1058,1526,0.13363475808327796
464,1046,1510,0.13364321991945124
469,1034,1503,0.13366201620156423
464,1036,1500,0.13366535749574884
468,1034,1502,0.1336808249675347
478,1043,1521,0.13368610536796344
469,1046,1515,0.13366358561396408
468,1039,1507,0.1336679516715295
467,1045,1512,0.13367422723087302
465,1048,1513,0.13368335586864824
465,1048,1513,0.13369662600310267
472,1046,1518,0.13370916423535895
469,1033,1502,0.13370293692507512
471,1042,1513,0.13370607844116167
476,1041,1517,0.13370345766916245
479,1045,1524,0.13368916205797415
476,1036,1512,0.13366852572941176
479,1038,1517,0.13365835547890217
488,1043,1531,0.13364022395239317
479,1036,1515,0.1336003103665039
477,1048,1525,0.13358784435258655
475,1040,1515,0.13358196198437952
477,1031,1508,0.13358290410547918
483,1023,1506,0.13357848174301812
482,1027,1509,0.13355753029989215
479,1019,1498,0.13354067797704722
480,1026,1506,0.13353230405366145
480,1034,1514,0.13352094651706026
473,1026,1499,0.13351070327443895
468,1027,1495,0.13351830159635575
476,1045,1521,0.13353908391286023
478,1036,1514,0.13353755505735226
477,1043,1520,0.13353014068857316
478,1035,1513,0.1335265952209237
469,1040,1509,0.13352007650917225
469,1033,1502,0.13353863371787456
468,1028,1496,0.13355689021364306
464,1024,1488,0.13357876122052623
462,1036,1498,0.13360739998648394
462,1043,1505,0.13363910880662783
462,1034,1496,0.1336687438053159
458,1035,1493,0.13369569780898544
464,1036,1500,0.13373095543003718
454,1046,1500,0.13374954316802995
451,1046,1497,0.13379400929896065
455,1054,1509,0.13384204627301952
455,1053,1508,0.13387601383469502
454,1050,1504,0.13390880603775154
455,1045,1500,0.13394124342029393
452,1051,1503,0.13396882390761664
453,1050,1503,0.1340023690110268
446,1054,1500,0.13403061864164428
443,1065,1508,0.134073947135359
437,1063,1500,0.13412398894233082
445,1067,1512,0.1341864409214963
448,1070,1518,0.13422448452002084
449,1073,1522,0.13425127723401364
450,1074,1524,0.1342731232329453
445,1076,1521,0.13429295970288696
446,1076,1522,0.1343230614553483
437,1077,1514,0.13434892358057834
444,1078,1522,0.13439678127367102
438,1080,1518,0.13442178169485686
435,1082,1517,0.1344603326108646
437,1075,1512,0.1345047483956364
435,1074,1509,0.13454136540607708
430,1085,1515,0.13458197031761585
432,1089,1521,0.13463147556397345
426,1089,1515,0.13467346079406617
431,1088,1519,0.1347270920171484
434,1089,1523,0.13476469378527287
430,1079,1509,0.13479404295621972
424,1089,1513,0.13483169723215066
426,1087,1513,0.13487981903973467
432,1088,1520,0.1349205042375748
441,1085,1526,0.13494208145901315
436,1076,1512,0.13493825431808362
428,1085,1513,0.1349463419597097
431,1096,1527,0.13497446573675848
432,1093,1525,0.13499354924467247
434,1090,1524,0.13500809961841984
426,1083,1509,0.13501664241183206
421,1092,1513,0.13504463443099224
417,1086,1503,0.1350853975185617
414,1077,1491,0.13513382599822202
414,1083,1497,0.13518645246063327
421,1082,1503,0.13523616436026423
420,1091,1511,0.1352661743362914
421,1096,1517,0.13529531718457835
421,1090,1511,0.1353198639819941
422,1082,1504,0.13534246317058987
422,1088,1510,0.1353609863556156
421,1096,1517,0.13537887417105166
417,1086,1503,0.13539754881020102
410,1089,1499,0.13542574798375678
416,1092,1508,0.1354713454401
410,1088,1498,0.13549922644489906
415,1084,1499,0.13554136747175644
419,1085,1504,0.13556950129560527
417,1092,1509,0.13558616698682513
416,1098,1514,0.13560583652175243
415,1102,1517,0.13562579850930367
414,1092,1506,0.1356460112987062
421,1092,1513,0.13566759657660987
421,1089,1510,0.13566920688720713
422,1109,1531,0.13567137805193144
413,1112,1525,0.13567183742703545
416,1114,1530,0.13569487808812133
416,1107,1523,0.13570788381716833
425,1088,1513,0.13571833312897932
424,1090,1514,0.13570521604286892
420,1088,1508,0.13569427554003005
431,1093,1524,0.13569519887144793
420,1097,1517,0.13566674658252384
409,1100,1509,0.1356693926115821
415,1091,1506,0.13569926953469008
414,1089,1503,0.1357102443397291
412,1097,1509,0.13572597812661122
413,1099,1512,0.13574508134864793
412,1094,1506,0.1357608306111965
413,1092,1505,0.13577621952623325
409,1093,1502,0.1357875269018384
406,1103,1509,0.1358091545401931
402,1111,1513,0.13583621538544158
401,1111,1512,0.1358732793719978
400,1108,1508,0.13591024677416724
396,1101,1497,0.13594756826303428
397,1111,1508,0.1359931925416128
394,1124,1518,0.13603265677402296
393,1125,1518,0.13607756011194178
394,1113,1507,0.13612274310570122
399,1107,1506,0.1361630576242511
399,1112,1511,0.1361889781068689
395,1126,1521,0.1362127767362326
394,1117,1511,0.1362455717207048
392,1117,1509,0.1362789616112364
394,1111,1505,0.1363150474916611
392,1114,1506,0.13634329090238784
394,1121,1515,0.13637458311312384
401,1110,1511,0.1363990362723315
393,1123,1516,0.136404685360027
393,1122,1515,0.13643099360991992
391,1110,1501,0.13645662815496498
394,1103,1497,0.13648671468731352
391,1103,1494,0.1365061866094761
385,1114,1499,0.1365331026937195
399,1110,1509,0.1365745934564656
395,1111,1506,0.13657773654912098
386,1118,1504,0.13659115868486568
384,1116,1500,0.136628370296288
390,1136,1526,0.13666879348760905
393,1132,1525,0.13669083887705377
388,1135,1523,0.13670290282189762
385,1134,1519,0.1367278075871332
388,1120,1508,0.1367582903822507
385,1129,1514,0.13677977092646432
384,1134,1518,0.1368078360199465
378,1135,1513,0.1368370028136623
375,1129,1504,0.13688009983574007
376,1130,1506,0.13692927890369216
380,1121,1501,0.13697293746211525
379,1128,1507,0.1370030508468612
380,1121,1501,0.13703401467697743
382,1135,1517,0.13706035660141624
384,1132,1516,0.13707948525454594
382,1125,1507,0.13709327808698102
377,1120,1497,0.13711143707372256
377,1135,1512,0.13714209832440544
377,1137,1514,0.13717059030159554
375,1129,1504,0.13719832715726366
365,1122,1487,0.13723028127114814
374,1134,1508,0.1372872583272303
374,1122,1496,0.13731600018634407
378,1137,1515,0.1373413259986612
379,1122,1501,0.13735341889949845
379,1123,1502,0.13736339388366656
371,1130,1501,0.1373729311243562
375,1140,1515,0.13740312281743178
371,1141,1512,0.13742085742154184
376,1137,1513,0.13744876686013544
384,1145,1529,0.1374615917745702
373,1146,1519,0.13745281362416756
374,1145,1519,0.1374745203722616
369,1146,1515,0.13749257286601776
376,1143,1519,0.13752128576344894
373,1149,1522,0.13752830088982956
369,1151,1520,0.13754342703295658
373,1135,1508,0.13756708170458673
372,1139,1511,0.13757931570055765
370,1144,1514,0.13759252112091366
371,1137,1508,0.1376098947290177
369,1128,1497,0.13762455465517842
367,1124,1491,0.13764402978642895
367,1131,1498,0.13766618887208174
366,1133,1499,0.1376860827915598
369,1140,1509,0.13770653067991326
368,1131,1499,0.1377184305945631
363,1146,1509,0.1377333881201906
360,1150,1510,0.13776022653415743
359,1161,1520,0.1377933888085977
355,1168,1523,0.13782780611873377
349,1167,1516,0.13786970698562026
350,1164,1514,0.137925390554064
350,1170,1520,0.13797517517686544
348,1170,1518,0.13802129585394307
351,1170,1521,0.13806970570838437
346,1179,1525,0.13810708227522997
342,1160,1502,0.13815433091170617
341,1168,1509,0.13821050921215852
341,1159,1500,0.13826470043227107
340,1158,1498,0.1383164698181458
340,1164,1504,0.1383675140462329
342,1180,1522,0.13841588604738292
333,1182,1515,0.1384561599940527
326,1163,1489,0.13851660547199657
327,1179,1506,0.13859043107370617
330,1181,1511,0.1386567558197841
335,1170,1505,0.13871235830476547
341,1172,1513,0.13874920794604506
340,1169,1509,0.13876910405781293
341,1181,1522,0.13878968738028763
342,1176,1518,0.13880723329574476
342,1182,1524,0.13882231230960831
329,1179,1508,0.13883573934201135
323,1160,1483,0.13888430453131126
317,1164,1481,0.13894329251586382
324,1179,1503,0.13901354911346495
314,1180,1494,0.13905958227180704
314,1173,1487,0.13912888536144946
313,1175,1488,0.13919206592156172
314,1179,1493,0.13925341539760386
318,1179,1497,0.1393075735227784
322,1194,1516,0.13934614827792882
324,1200,1524,0.13937317316639003
323,1199,1522,0.13939462954873685
319,1194,1513,0.13941847895126272
315,1203,1518,0.13945135441863832
315,1181,1496,0.13949418481898662
317,1171,1488,0.1395333969413543
317,1184,1501,0.13956363654386533
317,1178,1495,0.13959090574424887
321,1197,1518,0.13961560992631114
317,1204,1521,0.13962905672466286
317,1201,1518,0.1396523076521525
323,1195,1518,0.13967557269200248
320,1204,1524,0.1396823250254688
319,1208,1527,0.13969779113252276
313,1215,1528,0.1397141731176235
317,1206,1523,0.13974464869074382
316,1199,1515,0.13976241219511112
313,1187,1500,0.13978103647496362
316,1203,1519,0.13980671759319582
320,1201,1521,0.13982300513995138
315,1202,1517,0.13982742318541952
313,1205,1518,0.13984472823764107
314,1212,1526,0.13986458601493024
315,1199,1514,0.13988010379750535
312,1194,1506,0.13989218816346644
311,1187,1498,0.13991078824268707
318,1183,1501,0.13993004306047008
317,1180,1497,0.13993058851718762
312,1180,1492,0.13993302630381543
319,1193,1512,0.13994807800912634
316,1186,1502,0.13994394787861555
318,1179,1497,0.139949787451839
319,1184,1503,0.13994949929822822
315,1191,1506,0.13994765294724668
316,1200,1516,0.13995769244657985
317,1201,1518,0.13996285597362956
309,1205,1514,0.13996556477860192
307,1207,1514,0.13999161504254612
307,1209,1516,0.1400212819114696
304,1198,1502,0.1400497942756027
309,1194,1503,0.14008322965547473
305,1202,1507,0.1401012287657217
307,1195,1502,0.14012949648136527
311,1195,1506,0.1401517495881822
307,1203,1510,0.1401618109724191
304,1203,1507,0.14018221773795086
303,1210,1513,0.14020872098755455
298,1207,1505,0.14023682720444378
298,1205,1503,0.14027617750400911
301,1196,1497,0.14031223759362757
307,1205,1512,0.14033806292264497
306,1208,1514,0.14034769749282705
304,1201,1505,0.1403593067830372
303,1208,1511,0.14037578062574657
302,1205,1507,0.1403932700539842
305,1205,1510,0.14041241547533953
305,1199,1504,0.14042202600428394
302,1195,1497,0.14043202011956704
305,1190,1495,0.14044782086009014
307,1196,1503,0.14045470992068007
302,1200,1502,0.1404568090026159
300,1203,1503,0.14047292784640816
298,1213,1511,0.14049285329080763
294,1212,1506,0.1405176390737287
291,1205,1496,0.14055032911876653
296,1214,1510,0.140588967016851
297,1213,1510,0.14061127475111315
296,1199,1495,0.140630064290639
295,1183,1478,0.14065118733742815
290,1194,1484,0.14067457179653975
296,1194,1490,0.14071081929435078
293,1206,1499,0.14072923070960325
292,1222,1514,0.1407539778005605
290,1223,1513,0.14078171753838103
287,1230,1517,0.14081308108865062
290,1235,1525,0.14085037715976056
288,1239,1527,0.14087728124330612
290,1234,1524,0.14090825989152397
295,1234,1529,0.14093148916081488
289,1242,1531,0.14093971652921802
286,1238,1524,0.14096268136197473
294,1221,1515,0.14099251269201402
288,1229,1517,0.14099867079688216
290,1236,1526,0.1410193962036512
288,1232,1520,0.14103301764878295
291,1228,1519,0.14105059183327323
297,1236,1533,0.14105903416569535
290,1230,1520,0.1410517383232055
292,1224,1516,0.14106436514401216
289,1218,1507,0.14107177212709174
295,1211,1506,0.14108737795256482
289,1208,1497,0.14108458294205414
293,1222,1515,0.14109736394071287
285,1228,1513,0.14109973228046144
289,1219,1508,0.14112362263831787
287,1232,1519,0.14113588687025602
287,1240,1527,0.14115196025221713
280,1234,1514,0.14116706978162644
278,1226,1504,0.14120043159941362
279,1235,1514,0.1412364079792496
280,1231,1511,0.1412687102189042
287,1226,1513,0.14129742070597875
281,1230,1511,0.14130575006669346
282,1232,1514,0.14132908074795697
280,1237,1517,0.1413494876089265
279,1234,1513,0.14137346477858626
277,1238,1515,0.1413986081822488
271,1237,1508,0.14142680091620435
272,1248,1520,0.14146997103264328
273,1244,1517,0.1415090543057222
275,1237,1512,0.14154305226458092
274,1247,1521,0.14157028989209702
274,1255,1529,0.1415972703201058
269,1255,1524,0.14162156212295024
268,1255,1523,0.14165785468416828
269,1239,1508,0.14169588337177988
273,1241,1514,0.14172686855484776
271,1248,1519,0.1417441894321025
274,1246,1520,0.14176560122765966
272,1240,1512,0.1417781696692969
269,1236,1505,0.14179389220343042
268,1248,1516,0.14181591427480988
268,1243,1511,0.14183792875142753
269,1249,1518,0.1418588351599163
273,1253,1526,0.14187593830392486
272,1256,1528,0.14188147728530115
267,1257,1524,0.14188790550201597
276,1244,1520,0.14190595953050425
271,1241,1512,0.14189826794857577
274,1239,1513,0.14190280608139638
276,1244,1520,0.14189871532283166
277,1244,1521,0.14189045305971767
275,1240,1515,0.14187958417988264
272,1232,1504,0.14187532262535224
278,1235,1513,0.1418779252319152
276,1231,1507,0.14186397637305997
276,1228,1504,0.14185572149016654
277,1238,1515,0.14184729529052423
270,1246,1516,0.14183705851762396
269,1234,1503,0.14184658125109662
265,1244,1509,0.14185931441179084
272,1230,1502,0.14188132191181949
269,1238,1507,0.14188336191336204
264,1242,1506,0.14189240748276125
265,1239,1504,0.1419131726043011
268,1242,1510,0.14192981162279367
261,1254,1515,0.1419382475387626
258,1245,1503,0.14196448108483523
262,1255,1517,0.14199865281069532
263,1257,1520,0.14201877742161362
265,1252,1517,0.14203513452388572
262,1244,1506,0.14204395261153432
265,1262,1527,0.14205950903125658
266,1260,1526,0.1420668795609925
264,1254,1518,0.14207279644837775
269,1250,1519,0.14208376863569913
265,1245,1510,0.1420783504154829
264,1245,1509,0.14208378587636875
264,1255,1519,0.1420913803524334
265,1260,1525,0.14209964577050088
263,1253,1516,0.14210540817490458
261,1255,1516,0.1421161620914771
263,1264,1527,0.1421314637621094
261,1267,1528,0.14213940480154896
258,1263,1521,0.142151202662386
253,1251,1504,0.14217012546941074
248,1245,1493,0.14220110261987287
248,1259,1507,0.142242571195336
243,1250,1493,0.14228122510362798
251,1266,1517,0.14233024208121892
248,1272,1520,0.14235470890570223
248,1270,1518,0.14238549544104567
249,1280,1529,0.14241381815085774
250,1277,1527,0.14243655382022358
255,1282,1537,0.1424551501694805
257,1280,1537,0.14245944629442417
257,1274,1531,0.14245754840348632
252,1275,1527,0.14245588386908534
251,1275,1526,0.14246915577734945
252,1271,1523,0.14248347776398876
257,1263,1520,0.14249416021429473
252,1268,1520,0.14249040388821835
251,1278,1529,0.1425004905271295
245,1274,1519,0.14251348200913116
246,1277,1523,0.14254178740378454
246,1288,1534,0.14256495413296974
244,1273,1517,0.14258598984808565
239,1276,1515,0.1426110363955675
234,1280,1514,0.14264830874655104
235,1276,1511,0.14269722521081896
234,1279,1513,0.1427411214609289
235,1274,1509,0.14278413500954407
239,1274,1513,0.14282156482036887
239,1278,1517,0.1428448000572453
240,1281,1521,0.1428666870297734
238,1290,1528,0.1428842610263371
242,1286,1528,0.14290581347587133
244,1273,1517,0.14291517556620129
244,1266,1510,0.14291935232895292
235,1272,1507,0.14292361834770023
228,1272,1500,0.14295222903004082
228,1272,1500,0.14299762486253045
226,1274,1500,0.14303846660404254
230,1281,1511,0.1430824549924028
227,1283,1510,0.14311250753329827
227,1277,1504,0.14314996618656964
231,1277,1508,0.14318358997613273
238,1276,1514,0.14320544448018555
235,1267,1502,0.14320745710823016
233,1264,1497,0.14321737534689002
235,1260,1495,0.1432329084257277
236,1261,1497,0.1432417467739091
231,1267,1498,0.14324718348746168
231,1270,1501,0.14326588485058425
233,1276,1509,0.14328371775808735
231,1274,1505,0.14329565298892782
230,1269,1499,0.1433127976086599
229,1276,1505,0.143332283472345
229,1274,1503,0.1433540303972205
226,1269,1495,0.14337476248765782
224,1282,1506,0.14340232095928723
222,1291,1513,0.14343284333481207
221,1297,1518,0.14346874505198323
220,1285,1505,0.14350485745869046
219,1290,1509,0.1435412660997734
215,1297,1512,0.14357737827802314
211,1305,1516,0.14362058554051318
209,1308,1517,0.14367225913690104
211,1315,1526,0.14372558756421833
213,1314,1527,0.14376950862116147
221,1317,1538,0.14380498555213372
217,1303,1520,0.1438166821648686
216,1293,1509,0.14383999047693535
219,1298,1517,0.14386445145574417
213,1306,1519,0.14387896868192446
215,1290,1505,0.14390875635242906
216,1298,1514,0.14393173626723402
217,1306,1523,0.14395102767186285
221,1306,1527,0.14396554028388395
226,1316,1542,0.14396795675621504
223,1303,1526,0.1439568353352929
222,1292,1514,0.14395441968060577
214,1274,1488,0.1439554607580179
209,1279,1488,0.14397829303527648
207,1280,1487,0.14401378966913647
212,1290,1502,0.1440529555354953
205,1295,1500,0.14407530620428727
210,1302,1512,0.14411480977907498
218,1289,1507,0.14413868270998723
215,1305,1520,0.14413995992774659
216,1315,1531,0.14415011824543186
215,1300,1515,0.14415726080353683
215,1309,1524,0.14416609109831402
212,1317,1529,0.14417526653287147
209,1309,1518,0.14419192334888117
209,1301,1510,0.14421566764575725
212,1305,1517,0.14423791451372547
208,1313,1521,0.1442508456223774
202,1300,1502,0.1442736883354984
198,1308,1506,0.14431056942864687
196,1301,1497,0.14435652236448462
190,1303,1493,0.1444047093077701
191,1320,1511,0.14446652940522228
196,1324,1520,0.14452157690682457
194,1333,1527,0.14455931367717256
194,1329,1523,0.1445997693658189
194,1328,1522,0.14463692770850936
198,1327,1525,0.14467200364172642
196,1331,1527,0.14469404319567053
196,1328,1524,0.1447208961441869
197,1320,1517,0.14474628674835113
199,1326,1525,0.14476700857594477
195,1328,1523,0.1447805160007089
198,1326,1524,0.14480393176634615
192,1323,1515,0.14481772978254026
198,1312,1510,0.14484742463198041
200,1314,1514,0.14485951881437462
196,1305,1501,0.1448658189324416
195,1299,1494,0.14488286807928447
193,1306,1499,0.1449009674042167
191,1316,1507,0.14492320971031947
186,1326,1512,0.14494901885962058
189,1319,1508,0.14498695841237214
188,1326,1514,0.14501419219247325
191,1336,1527,0.14504195768513786
191,1327,1518,0.1450608157974037
185,1326,1511,0.14507911090546113
179,1323,1502,0.14511226659458962
180,1333,1513,0.14515976757063156
181,1344,1525,0.14520110352909438
182,1344,1526,0.14523717738776332
185,1338,1523,0.14526905796812228
191,1330,1521,0.14529137377491252
182,1329,1511,0.14529523438175393
181,1336,1517,0.14532490868229891
178,1337,1515,0.14535621440523067
177,1340,1517,0.14539402097175957
177,1346,1523,0.14543189034196083
179,1344,1523,0.14546727021901817
178,1342,1520,0.14549464829488057
179,1347,1526,0.14552321129213305
179,1355,1534,0.14554718254821955
181,1335,1516,0.1455693119326074
180,1348,1528,0.14558535306446851
180,1342,1522,0.14560240792910364
178,1339,1517,0.14561845614682542
181,1328,1509,0.14563797523051059
183,1326,1509,0.145648203325096
181,1328,1509,0.14565275846541195
190,1329,1519,0.14566261961066512
188,1328,1516,0.14564679035720157
183,1328,1511,0.14563810346055267
181,1323,1504,0.1456439871396907
175,1317,1492,0.14565401346510673
179,1320,1499,0.14567997141826852
176,1331,1507,0.14569347285064954
172,1342,1514,0.145714120166316
175,1341,1516,0.1457442495640225
174,1329,1503,0.14576413850648595
171,1338,1509,0.14578523498500282
174,1338,1512,0.14581288297869338
175,1350,1525,0.14583037482391337
178,1345,1523,0.14584418880995206
171,1347,1518,0.14584902738801883
176,1338,1514,0.14587271196198914
177,1350,1527,0.14588244117523963
173,1353,1526,0.14588800236701505
170,1351,1521,0.14590457221875158
166,1345,1511,0.14592815889620467
164,1344,1508,0.14596127929618294
164,1337,1501,0.14599759772637555
164,1332,1496,0.14603226857726817
169,1336,1505,0.14606430633907824
169,1351,1520,0.14608004563825006
165,1338,1503,0.14609461252392805
164,1349,1513,0.1461190929211253
171,1348,1519,0.14614449394288528
173,1357,1530,0.1461483772334649
171,1357,1528,0.14614704751294702
174,1349,1523,0.1461517063724336
174,1346,1520,0.1461483011819225
170,1347,1517,0.1461453884161045
169,1358,1527,0.14615445930871362
171,1356,1527,0.14616608886876573
171,1350,1521,0.14617165698335027
167,1345,1512,0.14617803163268228
170,1356,1526,0.1461950498262257
168,1341,1509,0.14620234313437713
170,1337,1507,0.14621415886481595
171,1356,1527,0.14621864025645676
169,1359,1528,0.14622053401229962
164,1358,1522,0.14622793420424818
161,1356,1517,0.14624902698427714
164,1350,1514,0.14627641033802255
166,1353,1519,0.1462937965427219
167,1351,1518,0.14630484202879418
166,1348,1514,0.14631263907221737
166,1343,1509,0.1463223015317412
168,1349,1517,0.1463316815972723
163,1342,1505,0.14633517353524822
162,1342,1504,0.14635205926322808
163,1340,1503,0.1463701441818036
164,1336,1500,0.14638388879288974
162,1350,1512,0.14639411931060675
163,1364,1527,0.14640942220014921
164,1357,1521,0.14642132701190086
160,1353,1513,0.14643090888010307
157,1347,1504,0.14645106124129245
162,1357,1519,0.14647809039658083
157,1359,1516,0.14648914135203608
158,1354,1512,0.14651257364656434
155,1361,1516,0.1465315513733043
159,1348,1507,0.1465575412682525
153,1356,1509,0.14657062741571306
153,1362,1515,0.1466002147475799
151,1369,1520,0.14662770318456356
149,1368,1517,0.1466594478665446
151,1362,1513,0.146694785580765
151,1370,1521,0.14672221535736107
151,1356,1507,0.14674790199874954
153,1355,1508,0.14677197350628332
149,1358,1507,0.1467897215458181
147,1361,1508,0.1468173920072277
145,1360,1505,0.14684920577681246
145,1363,1508,0.1468855574147833
140,1365,1505,0.1469197270814605
139,1363,1502,0.1469656790910393
140,1364,1504,0.14701135932318446
141,1364,1505,0.14705166110263015
141,1374,1515,0.14708623803381637
142,1367,1509,0.1471182446040259
140,1378,1518,0.14714549280692524
139,1374,1513,0.14717619306791918
141,1378,1519,0.14720807569101235
139,1373,1512,0.14723221680543022
135,1385,1520,0.14726015325900613
138,1386,1524,0.14729799671086188
133,1383,1516,0.14732520300761318
131,1384,1515,0.14736447917860077
131,1385,1516,0.14740653750559626
132,1380,1512,0.14744562152562468
132,1382,1514,0.14747921948452866
134,1385,1519,0.1475107148968624
135,1388,1523,0.14753526232842648
133,1394,1527,0.14755525588257282
133,1386,1519,0.14757953414776348
135,1372,1507,0.14760219039961114
133,1383,1516,0.14761766631462625
134,1383,1517,0.1476382702306958
134,1381,1515,0.14765469362319533
132,1384,1516,0.14766980565825297
132,1379,1511,0.14768920773118654
132,1393,1525,0.1477068685345178
135,1386,1521,0.14772339957240674
135,1378,1513,0.14773003582235045
136,1387,1523,0.14773647609647358
142,1390,1532,0.14773971412715717
140,1390,1530,0.14772626303176994
136,1389,1525,0.1477202982572802
134,1389,1523,0.14772594271282521
131,1388,1519,0.14773666389557147
134,1377,1511,0.14775499374497864
131,1392,1523,0.1477642282602687
133,1379,1512,0.14778103917085048
133,1374,1507,0.14779093087898654
131,1365,1496,0.1478005738762076
132,1373,1505,0.14781526629731548
134,1384,1518,0.14782637440255755
135,1390,1525,0.14783126458871154
137,1379,1516,0.1478331701384706
136,1370,1506,0.14782935661434124
132,1372,1504,0.1478288879039295
133,1372,1505,0.14783995387035548
130,1379,1509,0.14784802878051168
130,1383,1513,0.14786400154135673
132,1378,1510,0.14787930382282424
129,1398,1527,0.14788804847798948
130,1386,1516,0.1479045956341695
128,1389,1517,0.1479172688493632
128,1378,1506,0.14793398965228288
128,1385,1513,0.1479496335877254
125,1388,1513,0.14796491679984553
132,1391,1523,0.14798767080335076
132,1390,1522,0.14798866316058584
130,1390,1520,0.1479900486692727
129,1378,1507,0.14799680481834182
132,1392,1524,0.14800606364299415
128,1386,1514,0.14800644601151172
128,1400,1528,0.14801914095344434
128,1403,1531,0.1480309298540332
125,1399,1524,0.1480423346963801
127,1394,1521,0.1480614248180402
129,1403,1532,0.14807320835031162
128,1397,1525,0.14807835935034766
129,1397,1526,0.1480859033983567
128,1389,1517,0.14808986762935447
131,1388,1519,0.14809640062539825
131,1376,1507,0.14809420785491878
132,1373,1505,0.1480924334968239
133,1373,1506,0.1480879267817711
133,1375,1508,0.14808102421939323
130,1373,1503,0.14807465748016915
130,1377,1507,0.14807696890386196
128,1384,1512,0.1480791450312088
131,1383,1514,0.14808670753806244
133,1390,1523,0.148085724337477
132,1386,1518,0.14807900767772586
131,1384,1515,0.14807600047991634
129,1372,1501,0.14807631837090618
129,1384,1513,0.14808228917203625
125,1390,1515,0.14808759576484148
125,1392,1517,0.14810356527715993
126,1400,1526,0.14811875072921585
126,1400,1526,0.14812990881081733
125,1397,1522,0.1481398896023021
121,1388,1509,0.14815149561691465
119,1395,1514,0.14817342259177507
119,1398,1517,0.14819909544194892
119,1395,1514,0.14822287031682657
120,1391,1511,0.14824464239333696
118,1390,1508,0.14826194816766264
116,1392,1508,0.14828369298039046
120,1389,1509,0.14830943550221573
118,1391,1509,0.14832214697329235
115,1408,1523,0.14833965355738188
118,1401,1519,0.14836513387610759
117,1393,1510,0.14838068078232006
113,1396,1509,0.14839832399257102
112,1401,1513,0.1484258092184747
111,1401,1512,0.148454179920812
113,1401,1514,0.14848298925336756
113,1395,1508,0.14850475294223292
113,1390,1503,0.14852535781435136
113,1396,1509,0.1485442719688324
115,1399,1514,0.14856212949861256
114,1404,1518,0.14857318293684826
113,1407,1520,0.14858636475004708
111,1411,1522,0.14860153305162294
109,1408,1517,0.1486207548265854
108,1409,1517,0.14864418673850735
110,1419,1529,0.14866889286064452
108,1410,1518,0.14868612556391395
108,1386,1494,0.14870764279088816
106,1407,1513,0.14872773085414223
107,1404,1511,0.1487520654486939
108,1415,1523,0.1487718619487005
108,1411,1519,0.14878745218136089
108,1416,1524,0.14880190562303142
106,1409,1515,0.1488154293729921
108,1407,1515,0.14883351391860514
108,1420,1528,0.14884504463045467
109,1421,1530,0.14885591700783518
109,1415,1524,0.14886260233330106
105,1407,1512,0.14886901586514728
104,1403,1507,0.14888616916835307
103,1406,1509,0.14890494520226588
102,1411,1513,0.1489253814980705
101,1410,1511,0.14894763950904064
95,1418,1513,0.14897092419642974
97,1423,1520,0.1490098444917513
97,1426,1523,0.14904032965987965
99,1430,1529,0.14906869266587963
99,1417,1516,0.1490894267669836
98,1401,1499,0.14910834635631162
96,1403,1499,0.14912882738914768
91,1404,1495,0.14915375489379895
89,1399,1488,0.1491914661628846
89,1409,1498,0.14923211154845561
88,1417,1505,0.149269806962494
88,1424,1512,0.14930774350383574
87,1425,1512,0.1493430614205778
83,1418,1501,0.1493789195850062
86,1413,1499,0.14942376250737444
86,1424,1510,0.14945691776322867
84,1426,1510,0.14948749343788442
85,1433,1518,0.14952200629041032
85,1430,1515,0.14955115622490664
86,1435,1521,0.1495780126359791
86,1435,1521,0.1496000305634958
88,1431,1519,0.14962064766437255
85,1434,1519,0.14963408028721642
82,1433,1515,0.14965535335012065
82,1444,1526,0.1496839200664701
81,1451,1532,0.1497106742828854
80,1450,1530,0.14973846995866225
78,1450,1528,0.14976728360615657
80,1445,1525,0.14980009688856077
81,1430,1511,0.14982483268900634
79,1440,1519,0.14984509626132383
80,1447,1527,0.14986986214027945
78,1446,1524,0.14989026367223382
76,1427,1503,0.14991537495677387
74,1429,1503,0.14994466030942064
76,1437,1513,0.1499778613025454
78,1443,1521,0.15000296317495315
80,1433,1513,0.15002068232089363
77,1428,1505,0.15003147769444125
77,1420,1497,0.1500505573822669
77,1427,1504,0.15006851080786818
79,1429,1508,0.15008535589591465
78,1440,1518,0.15009530947804584
81,1438,1519,0.15010748655169195
78,1427,1505,0.150110371248402
78,1435,1513,0.15012186533664662
79,1434,1513,0.15013274873058477
79,1423,1502,0.15013999224655997
80,1423,1503,0.15014694680649976
81,1427,1508,0.15015055597522958
79,1431,1510,0.15015087992530077
81,1428,1509,0.15015711880589824
81,1429,1510,0.15015700526122333
78,1423,1501,0.15015692404761227
76,1444,1520,0.15016573846924733
71,1439,1510,0.1501801393266046
73,1435,1508,0.15020833550806117
74,1437,1511,0.15022853081810317
75,1436,1511,0.15024438139027244
76,1448,1524,0.15025632188566757
72,1453,1525,0.15026475285077212
71,1452,1523,0.1502844162965611
70,1439,1509,0.15030584727867569
70,1439,1509,0.15032908818619325
70,1444,1514,0.15035072367847863
69,1432,1501,0.1503709725828027
71,1429,1500,0.15039296355248508
71,1433,1504,0.1504076761054024
68,1439,1507,0.15042156654370914
70,1424,1494,0.15044349016734052
70,1428,1498,0.15045841296658377
67,1439,1506,0.15047255646393212
66,1444,1510,0.1504947601418139
64,1450,1514,0.15051869814754895
68,1449,1517,0.15054720097205027
69,1446,1515,0.15056247886172186
68,1450,1518,0.15057409495198393
65,1458,1523,0.1505879676242975
59,1459,1518,0.15061009787109295
57,1458,1515,0.15064834612671238
60,1460,1520,0.1506900012683631
60,1454,1514,0.15072016108458297
60,1459,1519,0.15074838568602497
60,1467,1527,0.15077500535938804
61,1466,1527,0.15079976588401667
59,1457,1516,0.15081992315553194
61,1469,1530,0.15084467800900025
59,1463,1522,0.15086159085758852
58,1466,1524,0.1508833222093725
58,1464,1522,0.15090680001567122
58,1457,1515,0.15092878870869753
59,1462,1521,0.15094937386166626
57,1449,1506,0.15096556755719948
59,1454,1513,0.1509866012714194
57,1452,1509,0.151000325535746
58,1457,1515,0.151019061304418
58,1464,1522,0.1510337397321282
57,1467,1524,0.15104735475369752
54,1465,1519,0.15106324671699767
54,1472,1526,0.15108678400993922
53,1465,1518,0.15110880028369084
53,1466,1519,0.15113264655777098
53,1464,1517,0.1511551293390576
53,1459,1512,0.15117610327937256
55,1459,1514,0.15119570975811547
57,1459,1516,0.15120803452255582
56,1457,1513,0.1512139292754572
56,1477,1533,0.15122257901367728
54,1459,1513,0.15123074286318416
54,1463,1517,0.15124439024590752
53,1469,1522,0.1512573042284065
53,1463,1516,0.15127204350716147
51,1463,1514,0.151285571559746
52,1472,1524,0.15130422786203993
53,1459,1512,0.1513185601211022
52,1459,1511,0.1513292445747717
51,1463,1514,0.15134247820475596
50,1470,1520,0.15135769358683462
52,1465,1517,0.15137468026160705
53,1470,1523,0.1513845459794327
55,1477,1532,0.15139094854412455
55,1464,1519,0.15139108749692934
55,1465,1520,0.1513914033940897
54,1462,1516,0.15139173556496208
54,1462,1516,0.1513949317571352
52,1465,1517,0.1513977315682308
53,1457,1510,0.15140604392599333
54,1460,1514,0.1514107719612224
55,1472,1527,0.15141208302466816
58,1479,1537,0.151410193556155
58,1466,1524,0.15139947950826213
57,1467,1524,0.15138958495393282
57,1463,1520,0.15138342630102242
54,1464,1518,0.15137768247321726
53,1460,1513,0.151381322511401
54,1479,1533,0.15138778759019197
54,1484,1538,0.151390727402209
56,1467,1523,0.15139369223359755
54,1471,1525,0.15139050219638076
54,1476,1530,0.15139348327421132
52,1480,1532,0.15139620285265973
52,1486,1538,0.15140479919947436
51,1489,1540,0.151412828820869
50,1466,1516,0.15142343995916166
50,1456,1506,0.1514362724282511
49,1466,1515,0.15144831491724833
49,1477,1526,0.1514623387310909
51,1484,1535,0.1514752329746475
49,1477,1526,0.15148119970644028
50,1457,1507,0.15149269739951152
52,1456,1508,0.15150031214830031
50,1464,1514,0.15150156145380492
48,1466,1514,0.15150892042827352
45,1474,1519,0.15152167711170525
48,1471,1519,0.15154264485412944
48,1472,1520,0.15155308215481103
45,1469,1514,0.1515629009705154
45,1464,1509,0.1515810679936778
42,1477,1519,0.15159788423978335
40,1477,1517,0.151622644458247
43,1493,1536,0.15165196286988142
43,1488,1531,0.15167041527916197
43,1485,1528,0.15168760872533651
42,1479,1521,0.15170375422264254
41,1479,1520,0.1517218745065189
42,1492,1534,0.1517419521614345
41,1478,1519,0.151757717875997
41,1470,1511,0.1517756111414263
42,1478,1520,0.1517924325237327
42,1480,1522,0.1518052038633321
42,1470,1512,0.15181716867440812
42,1474,1516,0.15182839415402963
41,1477,1518,0.1518389270640805
40,1480,1520,0.15185192014836024
39,1473,1512,0.15186712657606305
38,1481,1519,0.15188440489379487
38,1469,1507,0.1519037036155224
39,1477,1516,0.15192171873699473
38,1472,1510,0.15193560387315505
40,1476,1516,0.1519516844100558
39,1478,1517,0.15196059504345372
40,1477,1517,0.15197201805618168
39,1473,1512,0.15197962132845708
39,1480,1519,0.15198999335975605
40,1480,1520,0.15199965776311658
39,1485,1524,0.15200573936110506
37,1491,1528,0.15201451530005905
37,1487,1524,0.15202890136097205
36,1492,1528,0.15204238638206594
38,1487,1525,0.15205814191192613
38,1486,1524,0.15206663946595705
36,1477,1513,0.15207459783014737
34,1482,1516,0.15208812374338948
35,1487,1522,0.15210702160271566
36,1484,1520,0.1521217361226581
35,1481,1516,0.15213238672663074
33,1475,1508,0.15214556925198452
35,1485,1520,0.15216414878575907
35,1493,1528,0.15217548119143842
33,1482,1515,0.15218622867756076
33,1477,1510,0.15220263476235005
33,1479,1512,0.1522180966898775
32,1480,1512,0.15223248151554142
31,1480,1511,0.15224924099958465
31,1488,1519,0.1522679457594126
31,1473,1504,0.1522854382443394
33,1481,1514,0.15230181701659312
32,1481,1513,0.15231107880618291
34,1472,1506,0.1523230507632437
34,1477,1511,0.15232820159696556
34,1471,1505,0.15233317542268535
35,1487,1522,0.15233793216252767
32,1483,1515,0.1523393337190409
32,1487,1519,0.15234993140224384
34,1479,1513,0.1523597775884454
34,1481,1515,0.1523629125961032
34,1484,1518,0.152365838087633
34,1480,1514,0.15236872691283407
31,1479,1510,0.15237147096285691
30,1487,1517,0.15238350424471656
31,1477,1508,0.1523977970924807
31,1489,1520,0.152408212250872
32,1499,1531,0.15241798682777946
33,1491,1524,0.15242421912121454
33,1488,1521,0.15242701766338534
33,1488,1521,0.15242980819168306
31,1490,1521,0.15243271513613726
28,1503,1531,0.15244166191740488
29,1497,1526,0.1524588175571616
31,1499,1530,0.15247163232783364
32,1501,1533,0.15247753842868364
30,1487,1517,0.15248019612648428
33,1486,1519,0.1524886983661321
34,1468,1502,0.15248742975006827
33,1467,1500,0.1524832655034444
34,1473,1507,0.1524825412598161
35,1476,1511,0.1524789065140055
35,1486,1521,0.15247237679153314
36,1474,1510,0.1524663743994302
36,1476,1512,0.15245793951991587
35,1474,1509,0.15245018752233236
38,1475,1513,0.1524459460713785
38,1478,1516,0.1524327523851347
36,1466,1502,0.1524204595426936
36,1469,1505,0.15241510395652758
37,1473,1510,0.15240993730042138
36,1480,1516,0.15240197781481105
36,1480,1516,0.15239764067824338
32,1479,1511,0.15239367259272416
33,1480,1513,0.15240208396218932
32,1486,1518,0.15240674233382742
33,1481,1514,0.1524140794065336
31,1480,1511,0.1524179041290886
33,1485,1518,0.15242746562532644
33,1495,1528,0.15243032167756598
33,1487,1520,0.1524330398133311
36,1478,1514,0.15243550659570057
34,1475,1509,0.1524287972372934
33,1485,1518,0.15242873344616062
33,1480,1513,0.15243157024826992
33,1475,1508,0.15243419145298387
33,1469,1502,0.15243655538030443
34,1476,1510,0.15243871363352374
36,1473,1509,0.15243771271495773
36,1468,1504,0.15243068057769674
37,1476,1513,0.15242429251271972
34,1477,1511,0.1524153734218739
32,1487,1519,0.152416278264053
32,1482,1514,0.15242310489377042
31,1465,1496,0.15242937814578564
29,1474,1503,0.15243825942902903
29,1477,1506,0.15245269973185338
30,1487,1517,0.15246621363938015
29,1497,1526,0.152475950686538
29,1484,1513,0.15248805194411905
28,1472,1500,0.15249928043613895
28,1488,1516,0.15251278300801338
29,1495,1524,0.15252546110934714
29,1497,1526,0.15253444465296262
29,1496,1525,0.15254308988534657
29,1504,1533,0.1525513224002296
29,1498,1527,0.15255911000556618
28,1496,1524,0.15256645443695122
26,1485,1511,0.15257637758773274
26,1483,1509,0.1525915578627381
26,1477,1503,0.1526058177564634
27,1484,1511,0.15261904253669256
27,1496,1523,0.15262830988277376
26,1495,1521,0.15263705930310856
25,1500,1525,0.15264840020029344
25,1500,1525,0.15266204294506092
26,1493,1519,0.15267472102319715
26,1497,1523,0.1526835834155502
26,1487,1513,0.15269188334004066
26,1494,1520,0.1526996779527467
26,1490,1516,0.15270699558439638
26,1483,1509,0.15271376101828604
24,1496,1520,0.1527199901653051
25,1490,1515,0.15273179850306207
23,1488,1511,0.15273980813338614
24,1497,1521,0.15275356329813003
25,1496,1521,0.1527634462301193
25,1501,1526,0.15276966922034427
25,1489,1514,0.15277553919970002
24,1484,1508,0.1527810001971791
25,1490,1515,0.15278920267211105
25,1493,1518,0.1527938305272177
28,1478,1506,0.1527982122502895
29,1475,1504,0.15279291228340572
28,1474,1502,0.15278493479329977
28,1484,1512,0.1527806611880265
24,1493,1517,0.15277671604108095
24,1494,1518,0.15278562349224192
25,1501,1526,0.15279395223121717
25,1509,1534,0.1527985873661477
25,1498,1523,0.15280293305121792
23,1492,1515,0.15280701033785807
23,1492,1515,0.15281696612118467
23,1483,1506,0.1528262187729845
24,1485,1509,0.15283491991784995
22,1499,1521,0.15283993484082953
20,1506,1526,0.15285070132177522
22,1494,1516,0.1528668469739942
20,1504,1524,0.15287551654415232
20,1505,1525,0.15289001751758544
21,1493,1514,0.1529037849883591
22,1482,1504,0.15291375343931132
23,1468,1491,0.1529201705700566
23,1470,1493,0.15292331114780977
23,1468,1491,0.15292637408498488
24,1480,1504,0.15292934336416444
24,1480,1504,0.15292900263454073
23,1485,1508,0.152928723205957
22,1489,1511,0.1529314950689353
22,1483,1505,0.15293709462015323
23,1479,1502,0.1529422540980446
22,1486,1508,0.15294383700847672
22,1498,1520,0.1529483475298618
24,1481,1505,0.15295249770455208
24,1482,1506,0.15295010152342922
24,1483,1507,0.15294780036661695
24,1489,1513,0.15294562998768527
22,1495,1517,0.1529435897458317
22,1494,1516,0.15294781061186666
23,1488,1511,0.15295168642015824
23,1500,1523,0.1529522240349766
23,1495,1518,0.15295276784320397
23,1494,1517,0.15295329502171995
23,1494,1517,0.1529537960310152
21,1482,1503,0.15295423018350254
22,1480,1502,0.15296090577935695
23,1480,1503,0.15296387704269432
21,1486,1507,0.15296341702611255
22,1483,1505,0.15296906363254817
21,1471,1492,0.15297115365898523
22,1484,1506,0.15297619565807288
24,1482,1506,0.1529776489410515
24,1500,1524,0.15297275437949628
23,1507,1530,0.15296832627572246
23,1509,1532,0.15296737443775815
22,1492,1514,0.15296666076459334
21,1496,1517,0.1529691687708772
20,1490,1510,0.15297463256610058
19,1497,1516,0.15298270723798105
21,1493,1514,0.15299328338991977
20,1503,1523,0.1529969244897108
20,1507,1527,0.15300348239570577
20,1499,1519,0.15300966078108247
19,1496,1515,0.1530153767958765
19,1512,1531,0.1530237633785247
18,1506,1524,0.15303159107319375
19,1517,1536,0.1530419949273501
20,1510,1530,0.15304866451169696
23,1507,1530,0.15305182556543903
25,1498,1523,0.1530453632430031
23,1494,1517,0.15303319151872366
21,1500,1521,0.15302826555631321
19,1509,1528,0.15302981223834147
18,1502,1520,0.15303740374862607
19,1489,1508,0.15304760131081918
20,1492,1512,0.15305392080375702
21,1504,1525,0.1530567168459325
19,1497,1516,0.15305623411641
18,1491,1509,0.153062084786569
19,1487,1506,0.15307055005983172
19,1479,1498,0.15307514965679503
20,1496,1516,0.15307965165807053
19,1492,1511,0.15308077883832052
18,1505,1523,0.15308504418605395
18,1504,1522,0.15309211750170357
18,1507,1525,0.15309864715650565
18,1505,1523,0.1531047265024393
19,1508,1527,0.15311044152259715
19,1502,1521,0.1531127069185853
20,1493,1513,0.1531148485356625
21,1505,1526,0.15311377255641845
19,1490,1509,0.1531095173525997
19,1480,1499,0.1531118799213022
19,1487,1506,0.1531139939328171
19,1501,1520,0.15311594423785305
18,1495,1513,0.15311775515416812
20,1481,1501,0.1531225569302416
20,1478,1498,0.15312080948894388
22,1480,1502,0.15311918194897528
24,1485,1509,0.15311146722527544
23,1495,1518,0.15309807592686933
22,1490,1512,0.15308886358201168
22,1476,1498,0.15308332721435447
23,1475,1498,0.15307818294737302
23,1489,1512,0.1530703101661965
24,1495,1519,0.15306294053886757
25,1503,1528,0.15305297279554334
26,1504,1530,0.15304057994110717
26,1507,1533,0.153025869171894
26,1504,1530,0.15301213086633705
26,1490,1516,0.15299929761699668
26,1501,1527,0.1529873074826903
25,1505,1530,0.15297610102922404
25,1499,1524,0.15296880022199452
25,1503,1528,0.15296184910427305
24,1499,1523,0.15295530786437228
23,1508,1531,0.15295219775635124
24,1506,1530,0.15295238658909788
24,1506,1530,0.152949318250262
22,1511,1533,0.152946485066687
23,1501,1524,0.15294999951974447
22,1505,1527,0.15295014945043492
22,1491,1513,0.1529533549729921
23,1484,1507,0.15295631281100908
23,1485,1508,0.15295605793541067
22,1487,1509,0.15295583302976723
21,1487,1508,0.15295872951219308
23,1482,1505,0.15296437333058166
23,1488,1511,0.15296339825666866
23,1500,1523,0.1529624165416919
22,1510,1532,0.15296159080872157
20,1497,1517,0.15296385215343522
21,1494,1515,0.1529720920164398
21,1485,1506,0.1529766589023579
21,1495,1516,0.152980849023016
21,1506,1527,0.15298477827001647
22,1499,1521,0.15298845411157727
23,1497,1520,0.15298881128885078
24,1484,1508,0.1529859762856254
23,1488,1511,0.15298028891655355
23,1478,1501,0.15297826920623162
23,1474,1497,0.15297645555534486
22,1494,1516,0.15297480972190883
21,1498,1519,0.15297636261232855
21,1501,1522,0.15298087993369017
21,1499,1520,0.15298513268184918
21,1494,1515,0.1529890140217265
20,1484,1504,0.15299261935127034
21,1512,1533,0.15299904415124504
19,1509,1528,0.1530019804031787
20,1507,1527,0.15301092319036141
19,1509,1528,0.15301624050756849
18,1502,1520,0.153024404340247
18,1502,1520,0.1530351937270549
18,1488,1506,0.15304531147100467
17,1487,1504,0.15305477666352407
17,1487,1504,0.15306680481453952
15,1492,1507,0.15307799331187916
16,1494,1510,0.15309468502647278
16,1499,1515,0.15310708199931378
15,1505,1520,0.15311874441871434
15,1502,1517,0.15313276602200485
16,1512,1528,0.15314592009587483
16,1505,1521,0.15315513934909222
16,1502,1518,0.1531637622913523
14,1496,1510,0.15317184797848243
14,1493,1507,0.15318572604892533
14,1490,1504,0.1531987587279045
14,1494,1508,0.15321097965759642
15,1491,1506,0.153222439167637
16,1488,1504,0.15323002515845371
16,1495,1511,0.15323403378779815
16,1500,1516,0.15323782467868413
16,1504,1520,0.15324141292150398
15,1503,1518,0.15324480201512808
15,1506,1521,0.15325115101933484
15,1490,1505,0.1532570929969856
15,1498,1513,0.15326265274902284
15,1501,1516,0.15326786097686132
16,1485,1501,0.15327274312283826
17,1495,1512,0.15327418328691325
17,1490,1507,0.15327231256223547
16,1491,1507,0.15327064934810808
16,1493,1509,0.15327223045648405
17,1494,1511,0.1532737452057532
16,1485,1501,0.1532720518334175
16,1498,1514,0.15327364299229804
15,1500,1515,0.15327505107535944
14,1497,1511,0.15327946812547696
13,1487,1500,0.1532868264653937
14,1503,1517,0.15329677621602386
13,1501,1514,0.15330294805799136
13,1495,1508,0.15331191358317525
13,1499,1512,0.15332031344336067
14,1494,1508,0.15332819254068208
14,1501,1515,0.153332369292966
14,1508,1522,0.1533362819377505
14,1491,1505,0.15333994259725833
15,1486,1501,0.15334336994651335
15,1491,1506,0.1533433787255132
15,1499,1514,0.1533433784991454
15,1498,1513,0.15334336731972248
15,1501,1516,0.15334335027131996
15,1495,1510,0.153343330186328
15,1485,1500,0.15334330857833536
16,1489,1505,0.15334328632463032
16,1503,1519,0.15334005807252216
15,1512,1527,0.15333703210705224
16,1508,1524,0.15333741114066032
16,1503,1519,0.1533345485873896
16,1496,1512,0.1533318882243533
16,1500,1516,0.15332939683219554
18,1483,1501,0.15332710623989793
19,1491,1510,0.1533186857839336
18,1499,1517,0.15330767897141898
18,1503,1521,0.15330055715853164
18,1496,1514,0.15329386827688002
17,1502,1519,0.1532876722034681
16,1508,1524,0.1532850600567187
17,1496,1513,0.15328575100240105
17,1511,1528,0.1532831867360179
17,1499,1516,0.15328075139648326
17,1506,1523,0.15327844040752475
16,1496,1512,0.15327625444775891
16,1506,1522,0.15327738907896607
15,1505,1520,0.1532784496592048
16,1499,1515,0.15328260069260521
16,1504,1520,0.15328333700987087
16,1502,1518,0.15328404238971868
15,1502,1517,0.15328470424648757
12,1512,1524,0.15328846082788256
12,1498,1510,0.15330157160845745
13,1507,1520,0.1533138768664856
13,1503,1516,0.15332219003790204
13,1502,1515,0.15332998252030605
13,1512,1525,0.15333729607532676
12,1508,1520,0.15334414263715002
12,1506,1518,0.153353771742051
11,1514,1525,0.15336281430175183
9,1514,1523,0.15337444851690832
10,1506,1516,0.15339171032914703
8,1510,1518,0.15340480052516314
8,1506,1514,0.15342341775076435
8,1502,1510,0.15344088758610697
8,1492,1500,0.15345726759088069
7,1485,1492,0.15347262767425754
7,1489,1496,0.15349025901698696
7,1515,1522,0.15350677751243766
7,1504,1511,0.15352225607751913
6,1505,1511,0.15353676969570923
6,1514,1520,0.15355361507323387
6,1520,1526,0.15356943739994275
6,1517,1523,0.15358430001449994
7,1512,1519,0.15359825884136213
7,1505,1512,0.15360809177870166
6,1515,1521,0.15361738002879638
6,1504,1510,0.1536293465813231
6,1509,1515,0.15364061101192913
6,1517,1523,0.15365118619396043
7,1489,1496,0.15366111528590623
7,1496,1503,0.15366721832777347
8,1507,1515,0.15367294662378472
7,1521,1528,0.15367514042977629
7,1529,1536,0.15368046112112665
8,1526,1534,0.15368544586915178
8,1507,1515,0.15368682260950006
8,1506,1514,0.15368821431799873
9,1517,1526,0.15368956169912112
9,1517,1526,0.153687650789514
7,1525,1532,0.15368588072698489
7,1522,1529,0.15369076202698803
7,1520,1527,0.15369523794875506
8,1528,1536,0.15369939644596944
7,1526,1533,0.1537000789501642
7,1515,1522,0.1537039089322932
7,1509,1516,0.15370749834963754
7,1495,1502,0.15371085177395194
7,1485,1492,0.15371398950374768
7,1502,1509,0.15371692840339535
6,1511,1517,0.1537196829702969
7,1519,1526,0.15372546436470144
7,1505,1512,0.15372767256653394
7,1501,1508,0.15372978550762892
6,1513,1519,0.15373179457536026
7,1519,1526,0.15373690365064271
6,1511,1517,0.15373849085202887
5,1491,1496,0.1537433084461374
5,1494,1499,0.153750962876086
6,1494,1500,0.15375813647108394
6,1493,1499,0.15376162651331854
6,1496,1502,0.15376488209294809
6,1508,1514,0.153767944217566
7,1492,1499,0.15377082354124075
7,1499,1506,0.15377032874312943
7,1498,1505,0.15376987195898806
6,1490,1496,0.1537694604880981
6,1497,1503,0.15377230688321944
5,1504,1509,0.15377501434604832
5,1501,1506,0.1537807859310202
5,1500,1505,0.15378618189243742
5,1499,1504,0.15379122879071982
5,1493,1498,0.1537959545458585
6,1508,1514,0.15380038304749188
6,1507,1513,0.15380129632237494
6,1501,1507,0.15380218345214602
6,1505,1511,0.15380303731701137
6,1508,1514,0.15380385290215465
6,1522,1528,0.153804628338409
6,1517,1523,0.1538053635005775
6,1511,1517,0.15380605916888132
6,1510,1516,0.15380671660312598
6,1516,1522,0.15380733731497667
6,1520,1526,0.15380790539205505
6,1522,1528,0.1538084659274971
6,1511,1517,0.15380897964183607
6,1523,1529,0.15380945466075446
6,1513,1519,0.15380989665637657
6,1511,1517,0.15381030940205764
5,1519,1524,0.1538106956615162
5,1517,1522,0.15381425847651223
6,1511,1517,0.15381760477434217
6,1502,1508,0.15381751248964434
6,1503,1509,0.15381740164865612
6,1500,1506,0.15381728050517668
6,1496,1502,0.1538171578747181
7,1508,1515,0.1538170376306155
7,1517,1524,0.15381370947074033
7,1516,1523,0.1538105649947661
7,1515,1522,0.15380760682008465
7,1506,1513,0.15380482939701948
6,1497,1503,0.15380222307993155
7,1509,1516,0.15380300926309465
7,1506,1513,0.15380051388365312
8,1495,1503,0.15379815969914673
8,1505,1513,0.15379270770523248
8,1513,1521,0.15378761020547813
8,1508,1516,0.1537828415251381
8,1501,1509,0.1537783701425042
8,1511,1519,0.15377414747197823
8,1519,1527,0.15377023378516277
8,1511,1519,0.1537665784943808
8,1512,1520,0.15376315858802833
8,1517,1525,0.1537599560304743
8,1517,1525,0.15375695522447289
8,1512,1520,0.15375414224529765
8,1504,1512,0.15375150446382657
7,1502,1509,0.15374903031821915
6,1505,1511,0.15374990899714475
6,1507,1513,0.1537539756390507
7,1505,1512,0.15375777977952623
7,1510,1517,0.15375812276948467
6,1506,1512,0.15375842376316096
6,1515,1521,0.1537619068115321
6,1499,1505,0.15376514942715735
6,1510,1516,0.15376817522145345
5,1508,1513,0.1537710015612205
6,1522,1528,0.15377687720302508
6,1522,1528,0.15377914226865078
6,1524,1530,0.15378125769213685
6,1516,1522,0.15378324044981018
6,1519,1525,0.15378510073916887
6,1510,1516,0.1537868465477983
6,1511,1517,0.1537884850738215
6,1510,1516,0.15379002301496814
6,1516,1522,0.1537914666416262
7,1515,1522,0.15379282182858625
7,1521,1528,0.15379088583778433
7,1522,1529,0.15378905943484264
7,1516,1523,0.1537873370369775
7,1506,1513,0.15378571750223297
7,1525,1532,0.1537841966494662
7,1523,1530,0.1537827692023283
5,1518,1523,0.15378142967438038
4,1526,1530,0.1537865824678312
4,1527,1531,0.1537946966331129
4,1521,1525,0.15380231672437827
4,1528,1532,0.1538094728013617
4,1538,1542,0.1538161886408671
4,1510,1514,0.15382249068986953
4,1504,1508,0.15382840484472377
3,1499,1502,0.15383395561476373
3,1514,1517,0.15384242913369714
3,1518,1521,0.15385040243380846
3,1518,1521,0.15385787966304165
3,1514,1517,0.1538648940600299
3,1530,1533,0.15387147645092047
3,1533,1536,0.15387765498009098
3,1528,1531,0.15388345552987687
3,1530,1533,0.1538889020425832
3,1519,1522,0.1538940167530692
3,1526,1529,0.15389882036523
3,1523,1526,0.15390333219304025
3,1522,1525,0.15390757027797217
3,1516,1519,0.1539115514897153
3,1516,1519,0.15391529161445663
3,1514,1517,0.153918805433467
3,1513,1516,0.15392210679385804
3,1499,1502,0.15392520867282466
3,1510,1513,0.15392812323634622
3,1511,1514,0.15393086189308502
3,1509,1512,0.15393343534406637
3,1519,1522,0.15393585362860807
3,1524,1527,0.15393812616688846
3,1504,1507,0.15394026179947573
3,1511,1514,0.15394226882409787
3,1512,1515,0.15394415502989067
3,1509,1512,0.15394592772933385
3,1501,1504,0.15394759378805997
3,1496,1499,0.15394915965269934
3,1494,1497,0.15395063137690898
3,1503,1506,0.15395201464571748
3,1501,1504,0.15395331479830712
3,1503,1506,0.15395453684934104
3,1499,1502,0.15395568550893768
3,1516,1519,0.15395676520138274
3,1535,1538,0.1539577800826645
3,1527,1530,0.15395873405691016
3,1517,1520,0.15395963079179464
3,1513,1516,0.15396047373299065
3,1518,1521,0.15396126611772
3,1520,1523,0.15396201098746587
3,1512,1515,0.15396271119989763
3,1498,1501,0.15396336944006087
3,1500,1503,0.15396398823087634
2,1513,1515,0.15396456994299385
2,1510,1512,0.15396839018600633
2,1517,1519,0.15397199189789657
2,1511,1513,0.15397537564359887
2,1522,1524,0.1539785521121169
2,1519,1521,0.1539815338527102
2,1524,1526,0.15398433311543003
2,1523,1525,0.15398696142820475
2,1518,1520,0.15398942955093348
2,1525,1527,0.15399174751351036
2,1532,1534,0.153993924669986
2,1518,1520,0.1539959697520573
2,1518,1520,0.15399789091799562
2,1512,1514,0.15399969579658043
2,1499,1501,0.15400139152649125
2,1507,1509,0.1540029847917643
2,1508,1510,0.15400448185387444
2,1492,1494,0.15400588858091466
3,1502,1505,0.15400721047426086
2,1519,1521,0.1540052086633893
2,1516,1518,0.15400655842425928
2,1529,1531,0.15400782962644027
2,1521,1523,0.15400903161769045
2,1514,1516,0.15401016542740045
2,1528,1530,0.154011233305311
2,1518,1520,0.15401223830059313
2,1514,1516,0.15401318371675876
1,1513,1514,0.15401407286969682
1,1511,1512,0.15401814870308292
2,1521,1523,0.1540219932207276
2,1517,1519,0.15402236839986552
2,1524,1526,0.15402270756764724
2,1523,1525,0.15402302066119286
2,1515,1517,0.15402331439204084
2,1514,1516,0.15402359124919066
2,1517,1519,0.15402385252305612
2,1506,1508,0.1540240991257713
2,1501,1503,0.15402433183212236
3,1503,1506,0.15402455135687032
3,1511,1514,0.15402151020126964
3,1514,1517,0.15401863396339102
3,1511,1514,0.1540159277221248
3,1502,1505,0.15401338660937547
2,1502,1504,0.15401100162383238
2,1498,1500,0.15401199892830042
2,1511,1513,0.15401295199678824
2,1509,1511,0.15401385705670598
2,1507,1509,0.15401471137519274
1,1505,1506,0.15401551570099958
1,1523,1524,0.15401951700156477
1,1519,1520,0.15402330201801334
1,1523,1524,0.15402686523427767
1,1524,1525,0.15403021381715357
2,1518,1520,0.1540333593431005
2,1521,1523,0.15403306653473034
2,1523,1525,0.15403277432454934
2,1515,1517,0.15403249014813925
2,1517,1519,0.15403222022982915
2,1515,1517,0.15403196595081392
2,1519,1521,0.15403172714780664
2,1524,1526,0.15403150315422284
2,1516,1518,0.15403129314704483
2,1514,1516,0.15403109627487757
2,1517,1519,0.1540309117079567
2,1522,1524,0.15403073865745123
2,1517,1519,0.15403057638185735
2,1513,1515,0.15403042418777468
2,1521,1523,0.15403028142825137
2,1521,1523,0.1540301475001478
2,1524,1526,0.1540300218411946
3,1518,1521,0.15402990392705465
3,1511,1514,0.1540265542406826
3,1517,1520,0.15402339745999122
3,1521,1524,0.15402042477868327
3,1519,1522,0.15401762993957885
3,1533,1536,0.15401500405291077
4,1523,1527,0.15401253753925095
4,1522,1526,0.15400697455583742
4,1504,1508,0.15400172977215182
4,1507,1511,0.153996803063928
4,1518,1522,0.15399217904220447
4,1516,1520,0.15398783942873645
4,1516,1520,0.15398376637760666
3,1525,1528,0.15397994305982915
3,1518,1521,0.1539795756382066
5,1521,1526,0.1539792439774596
5,1527,1532,0.15397248743108696
4,1508,1512,0.1539661235544762
4,1514,1518,0.15396334704522502
4,1519,1523,0.15396076077607548
4,1515,1519,0.1539583410391824
4,1519,1523,0.1539560717974773
4,1520,1524,0.15395394195712536
4,1521,1525,0.15395194220770844
4,1518,1522,0.15395006420768603
4,1514,1518,0.15394830030236686
4,1518,1522,0.15394664339574032
4,1525,1529,0.15394508687744804
3,1522,1525,0.15394362457332128
3,1511,1514,0.1539454746617692
3,1516,1519,0.15394723485448714
3,1512,1515,0.1539488897095839
4,1509,1513,0.15395044130349692
4,1502,1506,0.1539486738178643
4,1507,1511,0.15394699368285902
5,1502,1507,0.15394540888807268
5,1514,1519,0.15394069265582766
5,1526,1531,0.15393624605673722
5,1532,1537,0.1539320706378122
5,1529,1534,0.15392815355906705
5,1526,1531,0.15392447905866155
5,1530,1535,0.15392103168897442
5,1521,1526,0.1539177968965623
5,1519,1524,0.1539147610997278
5,1515,1520,0.1539119116499266
5,1522,1527,0.15390923676668897
5,1525,1530,0.15390672547012968
4,1516,1520,0.1539043675176913
5,1510,1515,0.15390535285864893
5,1513,1518,0.15390308963189706
5,1512,1517,0.15390095809828894
5,1517,1522,0.1538989510537755
5,1530,1535,0.15389706462182715
5,1543,1548,0.15389529250328843
5,1522,1527,0.1538936280172771
5,1521,1526,0.15389206465776856
5,1525,1530,0.15389059624262938
4,1525,1529,0.15388921694717506
4,1510,1514,0.15389111918534726
4,1498,1502,0.15389291980716874
4,1516,1520,0.1538946164145151
3,1514,1517,0.1538962098746416
3,1506,1509,0.15390092625157287
3,1503,1506,0.1539053784463356
3,1496,1499,0.153909561230113
3,1495,1498,0.15391348675277744
3,1495,1498,0.15391717040786135
3,1492,1495,0.15392062739133436
3,1503,1506,0.153923872069815
3,1512,1515,0.1539268918866613
2,1516,1518,0.1539297203658998
2,1510,1512,0.15393561711220635
2,1515,1517,0.15394118659194397
2,1521,1523,0.153946428551675
2,1523,1525,0.15395135560612455
2,1510,1512,0.15395598485849696
1,1523,1524,0.15396033379650007
1,1512,1513,0.1539676590985467
2,1529,1531,0.1539745682728225
2,1531,1533,0.1539778192937775
2,1527,1529,0.15398084967354478
2,1534,1536,0.1539836905176274
2,1522,1524,0.15398635897032376
2,1529,1531,0.1539888667459187
2,1538,1540,0.15399122386551573
2,1523,1525,0.15399343947881547
2,1525,1527,0.15399552210634243
2,1521,1523,0.1539974797345121
2,1508,1510,0.1539993198659105
2,1515,1517,0.15400104955385174
2,1512,1514,0.15400267543055113
2,1507,1509,0.15400420373218554
2,1514,1516,0.15400564032206293
1,1508,1509,0.15400699071238197
1,1513,1514,0.1540115193373584
1,1521,1522,0.15401580283087543
1,1523,1524,0.1540198263807393
1,1510,1511,0.15402360328830056
1,1499,1500,0.15402714899058542
1,1508,1509,0.1540304782191187
1,1493,1494,0.15403360469940724
1,1495,1496,0.1540365411859056
1,1497,1498,0.15403929954436774
1,1508,1509,0.1540418908321924
1,1514,1515,0.1540443253689703
1,1517,1518,0.15404661279755835
1,1517,1518,0.15404876213732077
1,1522,1523,0.1540507818310718
1,1517,1518,0.1540526797869222
1,1512,1513,0.15405446341593595
1,1516,1517,0.15405613966628004
1,1530,1531,0.1540577150543877
1,1518,1519,0.15405919569354096
1,1524,1525,0.15406058732019262
1,1537,1538,0.15406189531828798
1,1534,1535,0.1540631247417984
1,1531,1532,0.15406428033564487
1,1526,1527,0.15406536655516237
1,1523,1524,0.15406638758423388
1,1518,1519,0.15406734735220598
1,1519,1520,0.15406824954968554
1,1514,1515,0.15406909764330204
1,1505,1506,0.15406989488951642
1,1512,1513,0.15407064434754322
1,1521,1522,0.15407134889145105
1,1522,1523,0.15407201122149763
1,1520,1521,0.15407263387475245
0,1515,1515,0.1540732192350545
