1369,28,1397,0.1358418375667367
1400,28,1428,0.13301764837037044
1420,31,1451,0.13035385771229194
1433,30,1463,0.12786930606200234
1447,33,1480,0.1255693076872076
1462,31,1493,0.12343668744132269
1460,33,1493,0.12145473299865586
1456,32,1488,0.11965401108685068
1449,32,1481,0.11802364666136897
1467,33,1500,0.1165556694939676
1454,32,1486,0.11517461016238766
1465,33,1498,0.1139486451268276
1467,34,1501,0.11280518005064952
1468,34,1502,0.11175847074865258
1468,32,1500,0.11080300360489652
1468,35,1503,0.10993285976453634
1472,37,1509,0.10914031635154671
1463,37,1500,0.10840991523961055
1471,35,1506,0.10776477824339352
1470,38,1508,0.1071592541887569
1457,40,1497,0.10661003639559911
1445,40,1485,0.10613918780961257
1445,39,1484,0.10573697678763694
1459,40,1499,0.1053704364857931
1453,38,1491,0.10500529600012942
1453,39,1492,0.10468571621786073
1455,36,1491,0.10439448404151459
1451,38,1489,0.10412508432335896
1460,39,1499,0.10388872615555758
1456,40,1496,0.10365354685934282
1455,41,1496,0.10344789506092418
1451,40,1491,0.10326249109540937
1452,41,1493,0.10310228038623843
1459,41,1500,0.10295388087523723
1463,42,1505,0.1028040256333917
1444,41,1485,0.10265860513830745
1459,41,1500,0.10256727350187018
1468,40,1508,0.10245150234259036
1456,40,1496,0.10232667420798552
1458,42,1500,0.10223862680635389
1449,40,1489,0.10215451269591228
1449,41,1490,0.10209725737505072
1435,42,1477,0.10204497129118936
1437,45,1482,0.1020274029767759
1456,46,1502,0.10200753163041648
1460,45,1505,0.10194861099707425
1446,45,1491,0.10188607246435286
1433,43,1476,0.1018593907975975
1438,42,1480,0.10186289943966848
1439,42,1481,0.10185550635260977
1449,40,1489,0.10184657191303519
1449,39,1488,0.1018170110941087
1435,39,1474,0.10178999299030565
1446,39,1485,0.10179536228389928
1448,39,1487,0.10177661402888731
1435,41,1476,0.10175526368689097
1438,42,1480,0.10176379775141378
1445,41,1486,0.10176526098045845
1436,42,1478,0.10175134388191669
1450,43,1493,0.10175767240280216
1467,42,1509,0.10173343483572209
1465,39,1504,0.10167524922194157
1454,37,1491,0.10162669764521955
1463,37,1500,0.10160616123448353
1452,39,1491,0.10156818874844645
1433,40,1473,0.1015570058950345
1448,38,1486,0.10158731565301124
1457,39,1496,0.10158302092230613
1443,39,1482,0.1015594540344435
1436,41,1477,0.10156762917190215
1438,42,1480,0.1015898403209387
1445,40,1485,0.10160628944854548
1444,41,1485,0.10160685973752014
1443,43,1486,0.10160957795960776
1443,44,1487,0.10161475441317755
1439,44,1483,0.1016192558474045
1445,44,1489,0.10163150079159607
1456,44,1500,0.10162987010505795
1459,44,1503,0.1016050128731022
1458,46,1504,0.101575795676907
1452,44,1496,0.10155163358071459
1444,41,1485,0.10154266819616035
1460,41,1501,0.10155127554362015
1453,40,1493,0.10152475021768768
1466,40,1506,0.10151559776990016
1467,39,1506,0.10147959807337785
1465,40,1505,0.10144433261556975
1464,39,1503,0.10141674728126397
1474,38,1512,0.10139377961788888
1477,37,1514,0.10135171172921151
1475,37,1512,0.10130659332513105
1476,36,1512,0.10126981130330004
1481,36,1517,0.10123409623286873
1469,37,1506,0.10119107841818835
1470,38,1508,0.10117726887044176
1468,37,1505,0.101163017150491
1464,38,1502,0.10115394042144916
1453,36,1489,0.10115434017137087
1451,37,1488,0.10117807955883547
1453,37,1490,0.10120374034474298
1464,35,1499,0.10122307678499108
1464,35,1499,0.10121786810365671
1461,34,1495,0.10121300149608667
1465,32,1497,0.10121504408539908
1448,32,1480,0.10120780615609591
1448,33,1481,0.10123809598862234
1446,34,1480,0.10126559171117268
1455,37,1492,0.10129471476801971
1450,38,1488,0.1013020223280749
1460,37,1497,0.10131938991477693
1450,36,1486,0.10131378391569211
1462,37,1499,0.10132996979073951
1480,38,1518,0.10131959151791121
1473,40,1513,0.10127154854219443
1471,43,1514,0.10124292036868261
1466,43,1509,0.10122170213343344
1459,43,1502,0.10121289293763706
1455,42,1497,0.10121957524308879
1453,44,1497,0.1012337486368631
1456,46,1502,0.10125137632629555
1458,46,1504,0.10126107402648865
1463,47,1510,0.10126573040080916
1459,46,1505,0.1012588865350536
1455,47,1502,0.10126173234840875
1457,47,1504,0.10127321986699878
1455,43,1498,0.10127989168918596
1444,44,1488,0.10128970233700534
1448,46,1494,0.10132200444884532
1455,46,1501,0.1013428633918749
1461,47,1508,0.10134687750630843
1452,45,1497,0.10133733171451309
1439,46,1485,0.10134788096794484
1448,46,1494,0.10138480101306292
1443,44,1487,0.10139949573044646
1455,40,1495,0.10142333940462614
1437,39,1476,0.10141976568106348
1438,38,1476,0.10145488867111699
1432,38,1470,0.10148422976256971
1442,39,1481,0.10152416407144789
1444,41,1485,0.10153943405251135
1445,40,1485,0.10154845565026288
1452,41,1493,0.10155435918727575
1448,43,1491,0.10154499582749352
1455,44,1499,0.10154469288481753
1431,45,1476,0.10153008674799228
1436,45,1481,0.10156791228171151
1439,43,1482,0.10159143807969073
1443,42,1485,0.10160676011998043
1452,41,1493,0.10161206332304194
1449,40,1489,0.10159839010135524
1436,42,1478,0.10159127947860416
1440,41,1481,0.1016127577488861
1446,44,1490,0.10162482157155836
1449,42,1491,0.10162319783385444
1453,40,1493,0.10161437315074305
1448,41,1489,0.10159852642408022
1448,43,1491,0.10159423675291426
1439,43,1482,0.10159110384988321
1440,46,1486,0.101607344956263
1448,45,1493,0.10162026418973381
1446,44,1490,0.10161472976177333
1446,45,1491,0.1016141651219007
1455,45,1500,0.10161352315644087
1451,42,1493,0.10159308429969809
1454,43,1497,0.10158286674894576
1469,44,1513,0.10156716944090718
1463,45,1508,0.1015209875027049
1458,47,1505,0.10149190427548717
1456,46,1502,0.10147590494821483
1451,44,1495,0.10146570448877633
1433,43,1476,0.10146721676880394
1435,43,1478,0.10150681497016809
1432,43,1475,0.1015385143373394
1441,44,1485,0.10157341793652613
1435,48,1483,0.10158607625179758
1441,48,1489,0.10161063114592857
1443,49,1492,0.10162007597139461
1440,48,1488,0.10162466445639247
1431,51,1482,0.10163576535090385
1423,52,1475,0.10166426260454597
1423,52,1475,0.10170808192062761
1429,53,1482,0.10174760165655929
1424,56,1480,0.1017709509183859
1421,58,1479,0.10180317723259502
1411,60,1471,0.1018389983799703
1427,58,1485,0.10189292992110095
1419,62,1481,0.10190816686976997
1413,60,1473,0.10193936314968648
1426,62,1488,0.10198072906948048
1442,65,1507,0.10199068501600748
1433,64,1497,0.10196554101515463
1429,64,1493,0.10196181815282507
1422,66,1488,0.10196655317433924
1423,68,1491,0.10198616302717013
1424,69,1493,0.10200206669241134
1425,69,1494,0.10201512541814114
1419,69,1488,0.10202527768211034
1420,69,1489,0.10204678445454642
1433,67,1500,0.1020642050221985
1424,67,1491,0.10205243832498813
1430,68,1498,0.10206113575363801
1440,69,1509,0.10205665704410408
1433,69,1502,0.10203082841729634
1423,66,1489,0.10202267494847966
1432,71,1503,0.1020369438889712
1431,72,1503,0.10203049570169594
1415,72,1487,0.10202648296540208
1424,74,1498,0.10205648702066847
1429,74,1503,0.1020650464465086
1426,78,1504,0.10206223302509702
1421,77,1498,0.10206617251955219
1418,79,1497,0.10208049539378156
1416,75,1491,0.10209991131087748
1421,73,1494,0.10212220599762496
1423,70,1493,0.10213172634985863
1417,68,1485,0.10213642617256642
1420,74,1494,0.10215322442112124
1429,72,1501,0.1021628095385454
1416,73,1489,0.10215129236074255
1397,74,1471,0.10216869373922804
1406,78,1484,0.10222510593245471
1401,78,1479,0.10225697954204964
1416,80,1496,0.10229597639446779
1407,81,1488,0.10229957101942265
1406,82,1488,0.10232344896889974
1405,82,1487,0.10234703840204093
1398,78,1476,0.10237046434402793
1406,79,1485,0.10240714185670764
1410,79,1489,0.10242297521734525
1407,79,1486,0.10242874539195529
1403,79,1482,0.10244084614292064
1407,79,1486,0.10246115907669236
1417,76,1493,0.10247033640638886
1413,73,1486,0.10245713191761652
1423,71,1494,0.10245343277041404
1428,69,1497,0.10242846871045383
1438,69,1507,0.10239511529662707
1438,69,1507,0.10234318920685898
1427,73,1500,0.10229660113136997
1424,72,1496,0.10227743656062675
1418,71,1489,0.1022669865237238
1430,70,1500,0.10227016895420966
1425,70,1495,0.1022471732881601
1428,66,1494,0.10223717230552136
1432,67,1499,0.10222081601245189
1432,66,1498,0.102197321230191
1423,64,1487,0.10217531837053846
1425,63,1488,0.1021751278128068
1424,62,1486,0.10217052784886434
1422,63,1485,0.1021685659499193
1432,65,1497,0.1021712177489605
1440,65,1505,0.10215294432057115
1432,67,1499,0.10211870034353929
1422,65,1487,0.1021048043890022
1433,66,1499,0.10211382637867686
1424,64,1488,0.10209816264676758
1422,63,1485,0.10210330391632201
1433,66,1499,0.10211202551542982
1419,64,1483,0.10209631937385684
1426,66,1492,0.10211189663628006
1424,68,1492,0.1021108689007048
1422,67,1489,0.10211477887474092
1422,69,1491,0.10212270892234131
1418,69,1487,0.10212936741418009
1428,70,1498,0.10214400660472521
1431,68,1499,0.10213575312471498
1422,66,1488,0.10212254864899367
1423,65,1488,0.10212928954625525
1404,66,1470,0.10213347036771843
1402,66,1468,0.10217799335868047
1403,71,1474,0.10222350329412486
1401,70,1471,0.1022631254326295
1402,73,1475,0.10230325428060041
1401,72,1473,0.10233763517910009
1403,71,1474,0.10237163356421648
1405,71,1476,0.1023987100472521
1422,74,1496,0.10241878200635926
1417,72,1489,0.10240089456820776
1417,73,1490,0.10239537427062441
1399,73,1472,0.10239027385738883
1401,76,1477,0.10242444081090728
1401,77,1478,0.10245122858222151
1405,77,1482,0.10247634362238793
1393,78,1471,0.10249098941180773
1397,81,1478,0.10253047283982106
1393,82,1475,0.10255813762487348
1406,81,1487,0.10259149923776896
1412,85,1497,0.10259493161484727
1414,85,1499,0.10258442423564423
1410,83,1493,0.10256999304175238
1410,82,1492,0.10256578752397207
1413,80,1493,0.10256186351331514
1398,80,1478,0.10255184201642756
1396,80,1476,0.10257436229771606
1398,79,1477,0.10259945694303088
1399,76,1475,0.10261817599681705
1401,80,1481,0.10263347475396191
1406,82,1488,0.10264367615163557
1402,80,1482,0.10264151352059145
1393,81,1474,0.10264818324060093
1407,80,1487,0.10267367012961326
1397,84,1481,0.10266721553967077
1395,86,1481,0.102683587565487
1403,86,1489,0.10270108692327523
1395,89,1484,0.10269982286040984
1400,86,1486,0.1027164205472932
1408,83,1491,0.10272062108221267
1400,84,1484,0.1027075901363536
1398,84,1482,0.1027129291232773
1404,84,1488,0.10272261853696583
1409,81,1490,0.10271881061469354
1411,87,1498,0.10270461972019009
1409,89,1498,0.10268696929247483
1403,88,1491,0.10267541877591115
1410,86,1496,0.10267746635797703
1408,86,1494,0.10266452361675744
1419,87,1506,0.1026568621831958
1426,84,1510,0.10262610022993947
1414,86,1500,0.10258292280057024
1395,83,1478,0.10256892844806631
1405,83,1488,0.10259713556542163
1412,82,1494,0.10260120926157906
1402,78,1480,0.10259008079966814
1401,79,1480,0.10260121967203246
1415,77,1492,0.10261322913203841
1413,75,1488,0.10259415003482736
1410,74,1484,0.10258140947238424
1413,75,1488,0.10257566329933315
1423,77,1500,0.10256418281475746
1418,77,1495,0.10253114105008701
1408,80,1488,0.10251208017197713
1413,81,1494,0.10251651607999483
1414,77,1491,0.1025099285984395
1417,83,1500,0.10250207185151648
1421,84,1505,0.10248888411072954
1427,84,1511,0.10246846798787405
1428,84,1512,0.10243684296769583
1425,81,1506,0.10240572697410691
1425,81,1506,0.10238343336369007
1428,84,1512,0.10236320768579027
1431,84,1515,0.10233823933553943
1423,84,1507,0.1023086032587085
1422,82,1504,0.10229887774692799
1421,83,1504,0.1022921418324637
1424,81,1505,0.10228769681971171
1417,82,1499,0.10227726867162669
1416,81,1497,0.10228323808386391
1421,80,1501,0.10229078183190275
1418,83,1501,0.10228692259705471
1400,79,1479,0.10228971974029466
1416,78,1494,0.10233091487368899
1411,80,1491,0.10233407675385334
1404,85,1489,0.10234843281170786
1409,86,1495,0.10237631056171738
1407,85,1492,0.10239106620746043
1410,84,1494,0.10240845425391479
1413,84,1497,0.10241819188663737
1403,84,1487,0.10242071357085701
1404,82,1486,0.10244435608924757
1412,82,1494,0.10246415461389886
1411,77,1488,0.10246604683258752
1411,81,1492,0.1024692290404219
1411,82,1493,0.10247140821770624
1410,84,1494,0.10247330516126194
1409,88,1497,0.102478446499289
1420,88,1508,0.10248496219952986
1416,90,1506,0.10246755433742952
1401,90,1491,0.10246026297893032
1408,88,1496,0.10248605092094577
1403,89,1492,0.10249456799101672
1401,89,1490,0.10251335530235267
1412,87,1499,0.10253491948018446
1392,93,1485,0.10253153999990833
1395,93,1488,0.10257163700400643
1393,95,1488,0.1026016930851716
1387,94,1481,0.10263342460174936
1385,97,1482,0.10267507510411111
1400,99,1499,0.10271772587785065
1397,100,1497,0.10272367030441608
1387,98,1485,0.10273530555443441
1394,100,1494,0.10276758063354109
1402,101,1503,0.10278254039454034
1414,100,1514,0.10277925487199441
1403,103,1506,0.10274966720025404
1395,102,1497,0.10274728897944646
1394,105,1499,0.10276254088298688
1395,106,1501,0.10277883194145442
1385,106,1491,0.10279162117091925
1401,104,1505,0.10282573809835231
1402,106,1508,0.10282272657339372
1390,107,1497,0.1028181597336241
1398,107,1505,0.10284010834965648
1377,105,1482,0.1028434654881734
1395,107,1502,0.10289159360776001
1396,107,1503,0.10289642770852497
1393,114,1507,0.10289893037629255
1380,111,1491,0.10290784983525786
1392,114,1506,0.10294421840713244
1387,113,1500,0.10295124077018004
1374,107,1481,0.10296866222036481
1385,109,1494,0.10301330880901166
1386,111,1497,0.10302944999633461
1381,116,1497,0.10304223022000154
1381,112,1493,0.10306486461754978
1380,112,1492,0.10308500237712995
1391,118,1509,0.10310632945107046
1375,113,1488,0.10310129413193288
1375,113,1488,0.10313103815786795
1382,118,1500,0.10315806901767935
1383,119,1502,0.10316711212406136
1384,119,1503,0.10317356331753047
1380,121,1501,0.10317702932291549
1379,121,1500,0.10318925219499178
1378,124,1502,0.103202157737195
1382,121,1503,0.1032167344143432
1378,124,1502,0.10322166114354565
1379,124,1503,0.10323520221660161
1385,124,1509,0.10324573432899257
1391,125,1516,0.10324152989228257
1383,121,1504,0.10322468097895048
1378,124,1502,0.10322709387455418
1371,120,1491,0.10324059718161284
1383,123,1506,0.10326784830662668
1380,123,1503,0.10326625946785235
1361,123,1484,0.10327174225690379
1354,123,1477,0.10331757530486058
1350,122,1472,0.10337550431829684
1360,127,1487,0.10343665691911028
1357,123,1480,0.10347021717190664
1373,123,1496,0.10350760893265985
1361,121,1482,0.10350727912500536
1373,117,1490,0.1035334486811012
1389,116,1505,0.1035313808552339
1389,114,1503,0.10349496812157521
1372,109,1481,0.1034613988695041
1371,112,1483,0.10346638201769583
1374,114,1488,0.10347231670912706
1377,112,1489,0.10347102593468115
1371,112,1483,0.10346336471564413
1374,114,1488,0.10346963108350155
1386,116,1502,0.1034684790968869
1386,114,1500,0.10344127582059331
1366,118,1484,0.10341687740250953
1370,115,1485,0.1034375997106627
1383,116,1499,0.10344821711553878
1380,117,1497,0.10343081844813741
1380,120,1500,0.10342118636479927
1381,120,1501,0.10341223045113208
1378,124,1502,0.1034015309963973
1384,122,1506,0.10339857401870982
1389,121,1510,0.10338272415869262
1389,118,1507,0.10335697877276895
1381,117,1498,0.10333422301483786
1378,115,1493,0.10333154919403047
1377,117,1494,0.10333546134898207
1380,122,1502,0.10334118191785961
1379,119,1498,0.1033395001698743
1357,122,1479,0.10334024122530483
1371,125,1496,0.10338833849149703
1366,127,1493,0.10340200030642023
1366,129,1495,0.10342621165267019
1374,132,1506,0.10344853644942326
1377,131,1508,0.10345110438626777
1381,130,1511,0.10344788523488513
1366,133,1499,0.10343630046406872
1373,133,1506,0.10345775232371998
1374,134,1508,0.10346292009034709
1365,135,1500,0.10346545838269736
1367,134,1501,0.10348650737617529
1363,134,1497,0.10350179494152843
1364,132,1496,0.10352448425090442
1364,131,1495,0.10354329705310877
1356,130,1486,0.10356102537326801
1360,126,1486,0.10359365602633339
1358,130,1488,0.10361504056818963
1352,130,1482,0.1036385956401707
1354,126,1480,0.10367354946431007
1363,130,1493,0.1037011343910001
1358,127,1485,0.10370750851758291
1367,126,1493,0.10372376331153217
1365,127,1492,0.10371890012841717
1373,130,1503,0.10371861423521032
1386,129,1515,0.10370018194360338
1384,129,1513,0.10365598124892016
1363,127,1490,0.10361884201221509
1375,127,1502,0.10363052936874674
1374,131,1505,0.10361487415806177
1367,133,1500,0.10360304792229841
1368,132,1500,0.10360766763085291
1364,134,1498,0.10360975956157568
1361,136,1497,0.10362102279016813
1360,136,1496,0.10363704014246551
1366,134,1500,0.10365403435084546
1367,136,1503,0.10365647289110264
1370,137,1507,0.10365721658386326
1354,136,1490,0.10365129288818409
1360,133,1493,0.10368046776573216
1358,130,1488,0.1036940565697286
1363,132,1495,0.10371118700178497
1363,134,1497,0.10371660451123275
1352,134,1486,0.10372208222737438
1355,135,1490,0.10375002347786345
1349,134,1483,0.10376861763709364
1359,131,1490,0.10379934716106395
1360,131,1491,0.10380554093183521
1354,133,1487,0.10380894924308841
1355,131,1486,0.1038247245470436
1351,136,1487,0.10383819405328207
1347,135,1482,0.10385921499272614
1345,133,1478,0.10388722230695897
1348,134,1482,0.10391760157699005
1357,137,1494,0.1039386588120708
1353,137,1490,0.10393829676495617
1345,136,1481,0.10394729834614086
1348,139,1487,0.10397330584287413
1346,143,1489,0.10399056796869648
1339,143,1482,0.10401055171296134
1353,148,1501,0.10404500319465665
1370,146,1516,0.1040459793839074
1370,147,1517,0.10401010200664658
1362,148,1510,0.10397766772179448
1362,145,1507,0.10396499188264233
1353,150,1503,0.10395270394138162
1336,152,1488,0.10396082795405846
1361,149,1510,0.10400634236527793
1345,149,1494,0.10399424172553835
1349,150,1499,0.1040176356738618
1350,153,1503,0.1040295124018751
1351,153,1504,0.10403819394100576
1355,150,1505,0.10404444724038023
1365,149,1514,0.10404123926423153
1363,145,1508,0.10401509536069374
1352,142,1494,0.103995831196897
1345,141,1486,0.10400152253858391
1348,139,1487,0.10402187778772314
1346,145,1491,0.10403355729733393
1346,145,1491,0.10404852843772185
1346,147,1493,0.10406188255955026
1337,147,1484,0.10407474509447263
1338,150,1488,0.1041064289665654
1331,150,1481,0.10413249283668158
1324,148,1472,0.1041717770411735
1333,148,1481,0.10422414707392642
1329,152,1481,0.1042523419769303
1322,151,1473,0.10428629115720067
1330,147,1477,0.10433231864858733
1349,148,1497,0.10435696939614982
1363,150,1513,0.10433833871161813
1357,150,1507,0.10429134106213116
1344,155,1499,0.10426200283400604
1345,152,1497,0.10426407753037821
1338,163,1501,0.10426291668698565
1343,162,1505,0.10427760531048737
1340,158,1498,0.1042794345302054
1350,158,1508,0.1042866935558316
1357,157,1514,0.10427203549374936
1359,157,1516,0.10424362919341633
1346,159,1505,0.10421360473416634
1328,159,1487,0.10421460917234711
1352,153,1505,0.10425541816583195
1349,162,1511,0.1042401259263399
1336,162,1498,0.10423249631963515
1326,159,1485,0.10425303967768752
1329,158,1487,0.10429445151389985
1322,156,1478,0.10432547297807501
1324,157,1481,0.10436886855873244
1326,160,1486,0.10440440632040109
1327,162,1489,0.10443226833087307
1327,165,1492,0.10445623815759271
1326,166,1492,0.10447838499264585
1323,172,1495,0.10450122338542435
1321,175,1496,0.10452918391976837
1322,174,1496,0.10455956809244533
1320,173,1493,0.10458568289736622
1326,177,1503,0.1046140120080328
1313,180,1493,0.1046271264535188
1308,180,1488,0.10466696745427156
1311,184,1495,0.10471430748660407
1294,188,1482,0.1047508879553117
1292,187,1479,0.10482145709533029
1301,184,1485,0.10489157480360918
1300,188,1488,0.10493593884781464
1289,183,1472,0.10497844557610875
1292,182,1474,0.10504098955024903
1293,184,1477,0.10509208604560932
1290,188,1478,0.10513765066243551
1294,194,1488,0.10518613218995551
1295,194,1489,0.10522204711800487
1300,191,1491,0.10525313507950682
1294,191,1485,0.10527067891282779
1296,190,1486,0.10530010634516178
1296,196,1492,0.10532255600455877
1307,198,1505,0.10534254908598176
1305,197,1502,0.10533700191268679
1314,199,1513,0.10533657506454314
1321,197,1518,0.10531545285352538
1317,198,1515,0.10528068347105667
1309,198,1507,0.1052583848184759
1306,199,1505,0.10525552348474443
1309,201,1510,0.1052587271100883
1312,203,1515,0.10525495524484046
1307,203,1510,0.10524539822048014
1291,203,1494,0.10524794000434617
1285,204,1489,0.1052850663754116
1290,208,1498,0.10533286588481246
1290,211,1501,0.10536656236657514
1289,213,1502,0.1053972651049169
1283,217,1500,0.10542849771361393
1290,216,1506,0.1054700830366563
1302,214,1516,0.10549249449881995
1287,209,1496,0.10548663021857109
1272,213,1485,0.10551389968657081
1280,210,1490,0.10557258310016465
1276,211,1487,0.10560935276109892
1268,217,1485,0.10565201969404209
1276,216,1492,0.10570944786063428
1278,219,1497,0.10574489963439795
1278,224,1502,0.1057732454201312
1276,227,1503,0.10579923666422615
1275,222,1497,0.1058278434894369
1265,224,1489,0.10585668124087341
1269,221,1490,0.10590593851784913
1268,217,1485,0.10594261745050117
1268,219,1487,0.10597695949294776
1285,223,1508,0.10600867766125416
1280,230,1510,0.10600011843779306
1281,227,1508,0.1060047730237856
1286,227,1513,0.10600673071716189
1282,222,1504,0.10599826497558187
1269,219,1488,0.10599942215358439
1261,222,1483,0.10602887501688446
1256,223,1479,0.10607262918822244
1259,223,1482,0.106124463580001
1266,231,1497,0.10616505440881006
1274,227,1501,0.10618642708959011
1280,223,1503,0.10619040970486246
1269,222,1491,0.10617948314593578
1269,216,1485,0.10619465870707813
1261,222,1483,0.10620818188600169
1253,227,1480,0.10623846281872602
1260,229,1489,0.10628496633598111
1254,233,1487,0.10631003169453432
1253,230,1483,0.10634311396100378
1248,230,1478,0.10637614596691172
1252,231,1483,0.10641877582899696
1264,226,1490,0.10644864492512646
1279,229,1508,0.10644958838955841
1274,227,1501,0.10641694558697472
1263,227,1490,0.10639754522890758
1271,229,1500,0.10640482738628922
1264,226,1490,0.1063931168616281
1279,225,1504,0.10639856484146801
1275,226,1501,0.10637102844839004
1271,225,1496,0.10635399803748538
1258,225,1483,0.10634651136819233
1266,228,1494,0.10636854025661936
1275,229,1504,0.1063718625924353
1276,228,1504,0.10635467549403012
1268,230,1498,0.1063377533200828
1268,235,1503,0.10634075270301618
1260,232,1492,0.10634306110488367
1260,232,1492,0.10636411150291682
1262,233,1495,0.1063830477928019
1269,232,1501,0.10639590495613044
1277,233,1510,0.1063928909088132
1278,233,1511,0.10637153778835723
1264,236,1500,0.10634992778798569
1261,230,1491,0.10636136646445056
1265,232,1497,0.10637926980424471
1254,235,1489,0.10638642545759165
1256,235,1491,0.10641709936769084
1255,236,1491,0.10644114573972352
1253,231,1484,0.10646397811307212
1262,229,1491,0.10649109938402146
1266,236,1502,0.10649643487686809
1264,238,1502,0.10649331445933212
1268,242,1510,0.10649591512418981
1261,244,1505,0.1064897461102365
1269,242,1511,0.10650063365417133
1259,248,1507,0.1064922102652387
1247,250,1497,0.10650642877666087
1252,253,1505,0.10654699967009748
1243,253,1496,0.1065739212890627
1230,252,1482,0.10661821405689154
1243,255,1498,0.10668790044264892
1237,249,1486,0.10672277232591326
1248,248,1496,0.10676798822135634
1241,249,1490,0.10678484259009192
1254,253,1507,0.1068162733152244
1246,256,1502,0.10681806379799504
1243,258,1501,0.10683748016460451
1253,260,1513,0.10686223463783544
1258,262,1520,0.10686272871318213
1249,269,1518,0.10685291589896632
1252,266,1518,0.10686544958438507
1244,270,1514,0.10686958460870094
1238,272,1510,0.10689193176971981
1234,274,1508,0.10692644828588428
1242,271,1513,0.10696616631040086
1245,276,1521,0.10698498153009299
1225,276,1501,0.10699596532101094
1224,277,1501,0.10704976525396404
1215,283,1498,0.10710251812902748
1223,276,1499,0.10717100096496956
1228,278,1506,0.10721546914638974
1225,286,1511,0.10724495295994388
1223,287,1510,0.10727801753378036
1207,282,1489,0.10731443708377326
1212,288,1500,0.10738310343245767
1206,284,1490,0.1074370739476543
1216,286,1502,0.10749985799053662
1214,289,1503,0.10753489685588438
1224,289,1513,0.1075710924586185
1213,285,1498,0.1075814585302982
1223,282,1505,0.10761670646431444
1227,282,1509,0.10762678693940839
1218,286,1504,0.10762799045948603
1214,283,1497,0.10764910240302715
1214,285,1499,0.10767623964662038
1218,284,1502,0.10770160731713509
1216,286,1502,0.10771732012378145
1211,290,1501,0.10773625535134106
1210,300,1510,0.1077651429590905
1202,298,1500,0.10779411138965823
1202,293,1495,0.10783977922058145
1212,291,1503,0.10788173427453852
1206,290,1496,0.1078980140290209
1198,288,1486,0.10792630088823447
1203,282,1485,0.10796952115821583
1206,290,1496,0.1079972906081597
1212,297,1509,0.10801609499998474
1220,301,1521,0.1080193313632744
1232,299,1531,0.10800447793179448
1210,299,1509,0.10796398080488828
1211,294,1505,0.10797571432102286
1209,297,1506,0.10798385659273077
1198,300,1498,0.10799681941735056
1198,293,1491,0.10803535566446268
1192,296,1488,0.10807060480120324
1197,296,1493,0.1081157159572808
1197,301,1498,0.108147069294678
1201,301,1502,0.10817609603777957
1194,301,1495,0.10819491736400673
1202,296,1498,0.10822790485395427
1204,300,1504,0.10824103355166233
1191,293,1484,0.10824762480203028
1181,293,1474,0.10828262189319834
1190,295,1485,0.10833635848926092
1192,300,1492,0.1083659354314597
1200,292,1492,0.10838892821401398
1213,295,1508,0.10839127721080292
1205,294,1499,0.1083638085051601
1200,295,1495,0.108356754227305
1188,294,1482,0.10836163843685714
1179,295,1474,0.10839313340320121
1180,298,1478,0.10844112357742883
1171,294,1465,0.10848402532567845
1182,298,1480,0.10854294632298739
1195,297,1492,0.10857306241031306
1187,298,1485,0.10856943609193781
1201,294,1495,0.10858461132851895
1191,295,1486,0.1085681862880103
1193,299,1492,0.10857614694328077
1198,299,1497,0.10857909427410928
1199,301,1500,0.10857011341059288
1201,309,1510,0.10856056531985239
1195,312,1507,0.10854715375471166
1204,309,1513,0.10854868507015147
1206,310,1516,0.10853022245068096
1208,306,1514,0.10850780647191374
1195,305,1500,0.10848393822615514
1194,312,1506,0.10849161240339605
1197,314,1511,0.10849968071415533
1182,316,1498,0.1085012950052672
1179,315,1494,0.10853537358620549
1192,312,1504,0.10857450454812881
1200,309,1509,0.10857982971106424
1189,310,1499,0.10856738576762226
1193,307,1500,0.10858044950693951
1191,307,1498,0.10858347069053967
1180,309,1489,0.10859301478076942
1187,310,1497,0.10862534402501031
1198,306,1504,0.10863889678985161
1189,309,1498,0.10862700899160299
1184,310,1494,0.10863632864990876
1195,308,1503,0.10865509106275041
1182,310,1492,0.10864750956026584
1185,310,1495,0.10866966956464737
1184,310,1494,0.10868322878629857
1184,310,1494,0.10869778447488787
1179,315,1494,0.10871132526972627
1180,325,1505,0.108734302793351
1181,325,1506,0.10875376170482137
1186,326,1512,0.10876860404895794
1176,328,1504,0.10877199931063927
1167,326,1493,0.108796625740404
1168,323,1491,0.1088382245724691
1173,317,1490,0.10887395453267956
1170,316,1486,0.10889609464319949
1156,319,1475,0.10892412640787427
1162,325,1487,0.10898184272255565
1166,327,1493,0.10902085492447292
1163,329,1492,0.10904704520637915
1152,331,1483,0.10907810074735784
1150,332,1482,0.1091302187346055
1154,338,1492,0.10918362009285235
1148,336,1484,0.10922450732939443
1156,343,1499,0.10927563187717208
1164,341,1505,0.10930427314139803
1163,345,1508,0.10931141977084413
1165,341,1506,0.10931928710065021
1169,345,1514,0.10932333453104637
1169,341,1510,0.10931867779827904
1154,336,1490,0.10931499114958938
1146,339,1485,0.10934524015084957
1139,341,1480,0.10939044069572322
1134,347,1481,0.10944859735638562
1134,352,1486,0.10951314502752194
1146,355,1501,0.10957226273011361
1150,356,1506,0.10959927230511322
1152,358,1510,0.1096158111732596
1165,353,1518,0.10962716168343356
1158,347,1505,0.1096082575121369
1164,352,1516,0.10960728712627883
1154,350,1504,0.10959277241445449
1145,350,1495,0.10960090870082496
1146,351,1497,0.10962834914687081
1151,352,1503,0.10965209465234974
1143,351,1494,0.1096634297071591
1142,350,1492,0.1096920111935882
1139,358,1497,0.10972152512261112
1140,354,1494,0.1097567235917235
1140,357,1497,0.10978596254788207
1135,350,1485,0.10981149743424956
1133,359,1492,0.10984624014430183
1118,357,1475,0.10988179145417253
1131,363,1494,0.10995038469275724
1133,361,1494,0.10998350947273312
1137,367,1504,0.1100079684307667
1140,364,1504,0.11002202190505055
1127,365,1492,0.11002849727852725
1132,365,1497,0.11006545523920998
1133,365,1498,0.11008895375109944
1121,374,1495,0.11010869745110505
1136,375,1511,0.11015241734445919
1143,371,1514,0.11016023868859337
1148,367,1515,0.11015098078056647
1141,365,1506,0.11013135283045809
1137,365,1502,0.11012850271725981
1140,362,1502,0.11013481336597504
1129,361,1490,0.11013504687220824
1131,367,1498,0.11016007910645059
1129,372,1501,0.11017815490036365
1132,371,1503,0.11019940412950861
1135,369,1504,0.11021337101132112
1134,366,1500,0.11022062599939328
1140,364,1504,0.11022857560416792
1129,368,1497,0.11022292029431419
1120,370,1490,0.11024256798501864
1127,375,1502,0.11028214170966535
1139,372,1511,0.1103018456928761
1136,386,1522,0.11029488838902571
1126,391,1517,0.11029603599459183
1128,390,1518,0.11031944736150884
1128,386,1514,0.1103365257830563
1123,383,1506,0.11035227282804538
1123,386,1509,0.11037870973628698
1118,381,1499,0.11040239611920045
1114,385,1499,0.11043761043713171
1111,386,1497,0.11047607886592192
1110,388,1498,0.1105191410329644
1119,378,1497,0.11056005222930565
1106,388,1494,0.1105774298261682
1102,384,1486,0.11062544741878652
1097,385,1482,0.11067804663772186
1111,385,1496,0.1107378310819237
1125,389,1514,0.11076125472636862
1126,387,1513,0.11074953493048363
1113,395,1508,0.11073625527220977
1110,400,1510,0.11075556199074452
1110,402,1512,0.1107793232131873
1108,401,1509,0.11080082431229829
1105,402,1507,0.11082593846377367
1107,401,1508,0.11085765678215698
1114,406,1520,0.11088208942912463
1113,414,1527,0.1108888906010289
1115,404,1519,0.11089777033534999
1112,403,1515,0.11090198873730345
1099,400,1499,0.11091220192891761
1100,400,1500,0.11095155260474242
1098,406,1504,0.11098516666289537
1099,403,1502,0.11101861759938565
1102,406,1508,0.11104514039215757
1097,403,1500,0.11106355243445605
1090,401,1491,0.11109163195205495
1092,405,1497,0.11113423545948686
1098,408,1506,0.1111709053232676
1098,408,1506,0.11118935124924852
1087,408,1495,0.11120770086115644
1084,418,1502,0.11125080174345303
1090,414,1504,0.11129653276015436
1077,413,1490,0.11132740456609833
1088,412,1500,0.11138642078883297
1082,420,1502,0.11141458523974766
1080,419,1499,0.11145381743654946
1084,427,1511,0.11149499415860255
1087,416,1503,0.11152360585963378
1088,415,1503,0.11154312744568692
1088,414,1502,0.11156064111437008
1090,414,1504,0.11157616643606758
1079,416,1495,0.11158610107363721
1079,416,1495,0.11162082108834463
1080,415,1495,0.11165200654916671
1072,418,1490,0.11167794214404111
1068,430,1498,0.11171980470470774
1071,427,1498,0.11176876529997068
1059,428,1487,0.11180684113363747
1067,428,1495,0.11187010921866754
1076,434,1510,0.11191113992803406
1067,434,1501,0.11192844582385218
1056,434,1490,0.111964851371403
1062,436,1498,0.11202388706760825
1068,437,1505,0.11206417221452018
1061,441,1502,0.11208659625982163
1066,431,1497,0.11212301178011393
1065,435,1500,0.11214476704591483
1061,442,1503,0.1121680375926232
1069,435,1504,0.11219792865205118
1077,436,1513,0.112207242447499
1071,444,1515,0.11219586341228913
1064,438,1502,0.11220018131641833
1060,425,1485,0.11222100425356617
1048,425,1473,0.11224996656377371
1046,427,1473,0.11230320555407194
1061,434,1495,0.11235521073265026
1066,433,1499,0.11236868477061993
1069,435,1504,0.11236975681003886
1076,445,1521,0.11236405805429495
1076,434,1510,0.11234250806452578
1058,445,1503,0.11232346332346581
1053,440,1493,0.1123476851609717
1045,440,1485,0.11238099520402275
1050,442,1492,0.11242892904286249
1047,446,1493,0.11246343626791182
1047,450,1497,0.11250245148582783
1046,447,1493,0.11253901775934938
1039,448,1487,0.1125746996001515
1046,446,1492,0.11262459605130626
1045,443,1488,0.11265333558694345
1041,449,1490,0.11268470493134303
1042,450,1492,0.1127222756703314
1040,456,1496,0.11275435422582475
1038,461,1499,0.11278839826614462
1033,463,1496,0.11282579563893398
1037,466,1503,0.11287062719904412
1028,461,1489,0.11290209545613894
1036,463,1499,0.11295106476898276
1037,470,1507,0.11297775429576325
1036,474,1510,0.11300098020752099
1016,476,1492,0.11302546848811318
1009,478,1487,0.11309387571112939
1011,478,1489,0.1131737740045275
1021,475,1496,0.11324398528512941
1027,472,1499,0.1132853684026658
1026,465,1491,0.11330950999270502
1020,473,1493,0.11333440333471077
1011,481,1492,0.11337142036548967
1004,476,1480,0.11342666780075593
1007,479,1486,0.11349284872815506
1011,475,1486,0.11354823379668075
1018,477,1495,0.11359022225392418
1018,484,1502,0.11361345322235866
1028,479,1507,0.11363548491862736
1021,488,1509,0.113631739247183
1020,493,1513,0.11364378193997667
1019,489,1508,0.11365725204889773
1020,491,1511,0.113672597870468
1013,499,1512,0.1136844110416374
999,503,1502,0.1137137453889451
1001,507,1508,0.11377426287123253
996,502,1498,0.11382719915562532
992,516,1508,0.11388761270554439
996,518,1514,0.1139541404271641
989,520,1509,0.11400806147715802
976,513,1489,0.11407511756162732
975,509,1484,0.1141658834066681
984,510,1494,0.11425173677802926
986,505,1491,0.11431008190280526
991,509,1500,0.11435945714723868
1005,501,1506,0.1143927629873271
1010,497,1507,0.11439202880913235
1004,506,1510,0.11437821760489317
997,507,1504,0.11437990694154504
993,509,1502,0.1143983889647814
988,513,1501,0.11442214404694968
996,504,1500,0.11445585117512934
999,502,1501,0.11446804379165819
996,495,1491,0.11447327742499615
1000,506,1506,0.11448477509160561
995,508,1503,0.1144855721502898
995,514,1509,0.1144962466768591
984,513,1497,0.11450598609355943
975,509,1484,0.11454169590333847
973,516,1489,0.11459576411404257
986,524,1510,0.1146514173936374
985,527,1512,0.11467223311856489
974,529,1503,0.11469190268661557
983,530,1513,0.11473691689204056
986,535,1521,0.11475825346464535
972,537,1509,0.11477082839231083
968,524,1492,0.1148152168686292
972,520,1492,0.11486666644174537
961,523,1484,0.11490399745099074
959,533,1492,0.11496582644232173
957,543,1500,0.1150292839160863
949,553,1502,0.11509257550736893
957,538,1495,0.11517139394104568
952,535,1487,0.11522442710595204
948,536,1484,0.11528599822972144
956,541,1497,0.11535142210033764
946,538,1484,0.11539299919097004
937,540,1477,0.11545442610966625
948,543,1491,0.11553158855918377
961,553,1514,0.11557536769752444
951,549,1500,0.11558750365840105
938,561,1499,0.11562158538352021
928,565,1493,0.11568611938007752
940,557,1497,0.11576784670070021
952,559,1511,0.11581600334971448
936,561,1497,0.11583310702572974
932,567,1499,0.1158903882267418
930,572,1502,0.11595234807533726
927,575,1502,0.11601582272579425
924,571,1495,0.11608255936940984
922,576,1498,0.11614934752671345
916,574,1490,0.1162165371163688
921,578,1499,0.11629654095570928
928,581,1509,0.11635691519886515
931,588,1519,0.11639624973701737
924,597,1521,0.11642935155447982
927,598,1525,0.11647784531168334
934,597,1531,0.11651313322825602
920,587,1507,0.1165307337015967
914,585,1499,0.11658077884669492
913,588,1501,0.11664267212806032
907,594,1501,0.11670275696773152
913,601,1514,0.11677086006998147
914,603,1517,0.11682082243910565
914,602,1516,0.11686530065937888
905,596,1501,0.1169070712630983
903,594,1497,0.11696549118811132
904,592,1496,0.11702417856082756
898,596,1494,0.11707774604408375
900,610,1510,0.1171415056479815
891,603,1494,0.11719637226302954
883,608,1491,0.1172694470476379
891,611,1502,0.11735661801979594
890,612,1502,0.11741513418410712
893,609,1502,0.11747248342806081
879,609,1488,0.11751972234789954
874,608,1482,0.117596513502716
865,619,1484,0.11768084364358504
864,625,1489,0.11777908916938781
874,619,1493,0.11787410095364749
882,626,1508,0.11793855863670841
876,632,1508,0.11797934197165016
880,626,1506,0.11802910850146162
883,623,1506,0.11806456448198986
881,614,1495,0.11809158412566473
874,622,1496,0.11812172746370841
873,618,1491,0.11816791140792253
863,616,1479,0.11821393864818468
856,617,1473,0.11827894883817881
854,623,1477,0.11835562634339503
867,634,1501,0.11843076693899125
870,628,1498,0.11846887943607336
863,627,1490,0.11849929960195166
858,630,1488,0.11854339820480757
865,639,1504,0.11859437090039382
858,635,1493,0.11862473103005486
864,626,1490,0.11867070619618512
866,625,1491,0.11869836700166006
856,632,1488,0.11872097211297271
854,638,1492,0.11876605955352887
861,646,1507,0.11881210735622716
867,640,1507,0.11884039408815635
870,640,1510,0.11885332995797558
874,641,1515,0.11885829363834968
860,648,1508,0.11885387526588258
852,643,1495,0.11888490792726401
854,641,1495,0.11893197284907647
861,635,1496,0.11897106182351237
866,635,1501,0.11899133841478403
861,640,1501,0.11899799737976131
855,643,1498,0.119016444887763
855,648,1503,0.11904603335808954
848,647,1495,0.11907418933068048
849,651,1500,0.11911747495379992
858,652,1510,0.11915682089287909
865,647,1512,0.11917064822073506
850,649,1499,0.11916679792604662
846,641,1487,0.11920060406761715
838,653,1491,0.11924189396190472
838,656,1494,0.11929904293547575
845,661,1506,0.11935063551387859
843,663,1506,0.11938086049637711
845,650,1495,0.11941664685713213
853,653,1506,0.11944437224638023
851,651,1502,0.11944974544942939
851,658,1509,0.11946126673623685
852,666,1518,0.11947103016441167
848,670,1518,0.11947911290671484
847,665,1512,0.11949584348652072
844,662,1506,0.11951324541972315
829,662,1491,0.119538708927025
837,660,1497,0.11959776438517788
834,664,1498,0.11963023713051756
828,663,1491,0.11966651772754598
835,662,1497,0.11971441448744116
833,661,1494,0.11974222106117044
845,663,1508,0.11977157006349874
842,679,1521,0.11977109675870423
836,668,1504,0.11977704125645737
833,660,1493,0.11979778255797573
836,659,1495,0.11982425906052926
831,665,1496,0.1198413262918701
833,652,1485,0.11986873319684037
830,655,1485,0.11988832811593063
838,658,1496,0.11991494867466468
826,668,1494,0.11992182996589423
827,667,1494,0.11995735463598865
830,669,1499,0.1199862828168985
833,667,1500,0.12000755823664651
834,667,1501,0.1200202425112653
836,670,1506,0.12002962060589205
829,664,1493,0.12003451277849518
830,674,1504,0.12005681497527472
839,676,1515,0.12007738157568293
839,671,1510,0.12007395021414538
833,687,1520,0.12007137740293622
831,690,1521,0.12008245691240532
830,687,1517,0.12009648528654822
815,683,1498,0.1201119669561346
816,685,1501,0.12016254434845006
815,696,1511,0.1202050678965382
823,694,1517,0.12024815139449566
823,692,1515,0.12026980988523775
817,682,1499,0.12028957765134127
811,692,1503,0.12032329013344682
809,690,1499,0.1203702329207053
816,694,1510,0.12041735699867752
804,686,1490,0.12044408163518447
804,690,1494,0.12049797198268475
807,691,1498,0.12054910169312535
808,689,1497,0.12058962457041345
799,699,1498,0.12062558764275423
789,703,1492,0.12068185947235718
792,700,1492,0.12075636770562301
795,701,1496,0.12081701721827398
794,697,1491,0.12086390734452258
789,695,1484,0.12091245520133949
789,697,1486,0.12096982435046823
804,706,1510,0.12102140810880176
796,712,1508,0.12103382387381395
794,706,1500,0.12106401021371468
804,699,1503,0.1210951283987988
803,693,1496,0.12110074624941046
795,696,1491,0.1211096991971914
792,708,1500,0.12113635416736462
788,706,1494,0.12116841352671504
788,703,1491,0.12120919581593156
784,711,1495,0.1212464777706419
784,709,1493,0.12129019350545076
781,717,1498,0.1213343711125777
782,718,1500,0.12138209934564818
784,716,1500,0.12142153405772288
784,721,1505,0.12145402379122455
786,714,1500,0.12148774201041469
787,719,1506,0.1215153761369729
781,719,1500,0.121536996307867
782,718,1500,0.12157172507968644
777,720,1497,0.12160206687853783
783,727,1510,0.12164175228329512
772,731,1503,0.12166445134970544
771,741,1512,0.12171279110684813
766,748,1514,0.1217611008943883
765,747,1512,0.12181706477469181
771,742,1513,0.12187169712411197
769,740,1509,0.12190764504998108
771,733,1504,0.12194491332966344
771,729,1500,0.12197550214662577
782,737,1519,0.12200226720004359
785,736,1521,0.1220000056965723
783,734,1517,0.12199189926250618
783,737,1520,0.12198928396708465
778,738,1516,0.12198691030131358
762,736,1498,0.12199733971004377
767,737,1504,0.1220457915257554
767,732,1499,0.12207816235867947
758,737,1495,0.12210882551067889
763,735,1498,0.12215916399531813
761,744,1505,0.12219254067053863
750,738,1488,0.12222750297186945
748,740,1488,0.12228748952310795
748,736,1484,0.12234616755383033
749,747,1496,0.1224030440121392
747,740,1487,0.12245388357657867
747,752,1499,0.12250356548252998
748,758,1506,0.12255029849740151
751,746,1497,0.12259047126917767
754,757,1511,0.12262193840421019
747,761,1508,0.12264518743887667
746,762,1508,0.12268553308009997
751,760,1511,0.12272502049029209
761,759,1520,0.12275054948105037
751,758,1509,0.12274841567845948
750,763,1513,0.12277140022063705
744,757,1501,0.12279503135030848
760,754,1514,0.12283089382078671
747,761,1508,0.12282687853392993
750,761,1511,0.12285388303946804
742,754,1496,0.12287217311780296
742,754,1496,0.12290904018397063
746,763,1509,0.12294251604571661
734,772,1506,0.12296576551898193
736,776,1512,0.12301997234296977
737,781,1518,0.12306636493621882
743,791,1534,0.12310699219708855
741,791,1532,0.12313105338290789
739,787,1526,0.1231579501691165
738,781,1519,0.12318991060652937
730,780,1510,0.12322106176965711
724,780,1504,0.12326837760374666
716,771,1487,0.12332601228751945
717,780,1497,0.12339798151498702
717,781,1498,0.12346306719607943
720,783,1503,0.12352226431708438
728,787,1515,0.12357165595907471
740,783,1523,0.12359957203307774
732,772,1504,0.12359601331154657
730,777,1507,0.12361407109508966
730,785,1515,0.12363569598336382
727,776,1503,0.12365538774719184
723,782,1505,0.1236805444629485
721,787,1508,0.12371136303316518
721,787,1508,0.1237456028034563
723,786,1509,0.12377799127256456
713,784,1497,0.12380245301296419
717,786,1503,0.12385084984435099
715,784,1499,0.12388593631793937
718,787,1505,0.12392390815235438
713,788,1501,0.12395245704320594
702,788,1490,0.12399157923634242
712,788,1500,0.12405464900966273
705,792,1497,0.12408507231081653
716,781,1497,0.12413053209076676
710,784,1494,0.12414670403190643
709,789,1498,0.1241768830361492
700,799,1499,0.12420947974303012
699,800,1499,0.12426363104561115
692,793,1485,0.12431688554255
686,792,1478,0.12438544032654403
691,793,1484,0.12446328461580557
679,800,1479,0.1245249235983157
680,793,1473,0.1246103279373175
689,787,1476,0.12468478125327127
691,793,1484,0.12473149489905987
699,804,1503,0.12477068411824152
695,807,1502,0.12478680334135998
684,818,1502,0.12481288621661595
677,812,1489,0.12486457358799702
672,819,1491,0.12492908743926062
684,821,1505,0.12500148230226926
674,820,1494,0.1250400559331115
684,813,1497,0.12509946991001397
679,828,1507,0.12512920836240496
673,824,1497,0.12517078455508568
675,826,1501,0.12522489456340502
681,819,1500,0.12526948207577437
679,821,1500,0.1252993351394196
679,814,1493,0.12533157319290444
674,823,1497,0.1253610271518613
668,832,1500,0.12539926999218906
671,831,1502,0.12545029657396933
674,835,1509,0.12549032998959445
674,831,1505,0.125523139226143
660,832,1492,0.12555456801967446
659,834,1493,0.12561894317708563
652,841,1493,0.1256797106088584
655,849,1504,0.1257545165602546
652,849,1501,0.12581623950070786
654,852,1506,0.12588238178224148
662,853,1515,0.12594078253284333
655,859,1514,0.1259754407989293
648,854,1502,0.12602395639988953
636,848,1484,0.1260880831329488
638,862,1500,0.12617897281683155
638,866,1504,0.12625784131435966
640,867,1507,0.1263321890493888
644,866,1510,0.12639502320252866
646,858,1504,0.12644705453990412
648,859,1507,0.12649030303946612
650,861,1511,0.12652667184861363
641,861,1502,0.1265545059415934
645,858,1503,0.12660449613504413
646,865,1511,0.1266411524215646
634,866,1500,0.12667308482783843
630,863,1493,0.12673240783300546
631,863,1494,0.126798810496968
632,874,1506,0.12685736075377607
638,877,1515,0.12690920408150513
639,870,1509,0.12694086786482905
643,875,1518,0.1269699007133895
639,865,1504,0.12698921522561624
631,869,1500,0.1270134037450854
634,872,1506,0.12705900235311696
634,867,1501,0.12709215713293553
643,867,1510,0.12712188593038376
644,877,1521,0.1271265106156052
637,878,1515,0.12713031110473616
631,875,1506,0.12715283262003962
632,883,1515,0.12718984647729645
633,870,1503,0.12722089050760085
635,865,1500,0.12724847643703338
635,876,1511,0.12726978707278147
635,877,1512,0.1272899090044644
633,887,1520,0.12730891663390514
635,894,1529,0.12733156974240123
630,885,1515,0.1273483117358328
627,890,1517,0.12737779627266912
617,888,1505,0.12740937395949917
618,888,1506,0.12746665674258928
622,886,1508,0.1275184095482953
612,884,1496,0.12755611804001393
617,886,1503,0.12761606096491218
607,890,1497,0.12765587928703326
617,894,1511,0.127719685742723
613,891,1504,0.12775533942805772
614,892,1506,0.1277992733723435
619,896,1515,0.1278370039669284
621,892,1513,0.12786134233290278
619,894,1513,0.12787908725556962
619,899,1518,0.12790024487949792
613,889,1502,0.12791985884345322
617,889,1506,0.12795520232652233
610,884,1494,0.12797477123975184
608,889,1497,0.128011903400398
605,893,1498,0.12805325358466413
599,889,1488,0.12810046996261917
601,893,1494,0.12815858241089617
598,889,1487,0.12820653961300124
591,890,1481,0.12825645909917946
593,892,1485,0.12831767182445053
591,899,1490,0.12837103236981331
591,915,1506,0.12842763334822918
597,916,1513,0.12847746098012458
598,918,1516,0.12851166131620112
596,915,1511,0.12854174941154758
594,894,1488,0.12857578311871815
591,890,1481,0.12861280104782954
589,902,1491,0.12865437266166957
588,919,1507,0.12869544116463014
594,916,1510,0.1287361745707197
589,930,1519,0.12876130917303757
589,935,1524,0.12879869225660553
590,931,1521,0.12883475391089994
584,923,1507,0.12886629627843704
587,912,1499,0.1289099545129171
586,914,1500,0.12894523036099115
589,909,1498,0.12898154402015527
582,910,1492,0.12900753606042137
588,912,1500,0.1290509959036327
593,915,1508,0.12907532284727324
586,908,1494,0.12908537915124996
592,904,1496,0.12911363434128562
593,905,1498,0.12912349783097984
592,914,1506,0.12913102633155837
600,921,1521,0.12914161853151673
600,912,1512,0.12913359357918433
600,913,1513,0.12912722949465863
599,911,1510,0.12912062183485745
596,905,1501,0.12911658180287372
593,908,1501,0.12911879318597466
589,917,1506,0.12912636096591068
588,914,1502,0.12914275845403542
592,920,1512,0.1291608136792277
594,907,1501,0.12916857284313188
595,907,1502,0.12916899873416526
599,906,1505,0.12916564972095765
589,898,1487,0.12915403962365357
596,910,1506,0.12916893066402968
591,909,1500,0.12916417442209494
594,918,1512,0.12917241323255638
598,919,1517,0.12917222454439659
597,919,1516,0.12916350538888877
603,930,1533,0.1291578203590868
592,927,1519,0.1291352694949468
585,924,1509,0.12914330518365622
584,920,1504,0.12916854999245264
577,912,1489,0.12919269670620342
573,910,1483,0.12923351946415138
583,916,1499,0.12928202995719662
581,907,1488,0.12930022002970598
574,927,1501,0.12932322141852912
573,931,1504,0.12936273369737222
576,933,1509,0.12940621263666405
571,922,1493,0.12943774465506888
573,929,1502,0.12948037412621713
581,928,1509,0.12951356899607952
588,922,1510,0.129522657124332
580,919,1499,0.12951375009990213
582,914,1496,0.1295240480104085
578,918,1496,0.12953039141111017
580,928,1508,0.12954540872702058
581,933,1514,0.1295558862560734
573,941,1514,0.12956650356821067
566,950,1516,0.12959766415839527
559,941,1500,0.12964510425246728
563,951,1514,0.1297072021649983
560,947,1507,0.12975587079266604
566,942,1508,0.1298072460240071
563,956,1519,0.12984066043802917
556,960,1516,0.12987966863239486
558,965,1523,0.1299333996100165
563,950,1513,0.12997691376238663
560,948,1508,0.13000578246843872
559,949,1508,0.1300401862116305
561,953,1514,0.13007651491199146
560,952,1512,0.1301048984582054
570,952,1522,0.13013095248524156
569,949,1518,0.1301315950526981
560,950,1510,0.13013643330504282
562,949,1511,0.13016292985108588
561,952,1513,0.13018191221833042
560,960,1520,0.13020308163444103
558,944,1502,0.13022579788432498
560,956,1516,0.13025123555507467
561,943,1504,0.13026936958154772
562,948,1510,0.13028387166194752
557,947,1504,0.13029685230798618
561,947,1508,0.13031921591365997
570,958,1528,0.13032745118865607
556,954,1510,0.13031464591136543
554,943,1497,0.13033644317513862
564,948,1512,0.13036147329938014
561,947,1508,0.13035951737420784
560,953,1513,0.13036812349709556
554,957,1511,0.13037859369892743
548,953,1501,0.1304014199472003
554,943,1497,0.13043873617654161
553,937,1490,0.13045899799098967
550,946,1496,0.13047968899082835
548,947,1495,0.13050626545737706
547,960,1507,0.13053769226445583
551,967,1518,0.13057025066725925
553,963,1516,0.13059170294279757
546,970,1516,0.1306058871089048
540,965,1505,0.13063735982638916
540,963,1503,0.13068327629098436
544,969,1513,0.13072724263977067
543,977,1520,0.1307569244018339
542,976,1518,0.13078589334381496
538,965,1503,0.13081398383033593
536,960,1496,0.13085053077603162
538,961,1499,0.13089015482382055
532,967,1499,0.13092441437242633
536,975,1511,0.1309713848837841
532,969,1501,0.1310033280871767
528,974,1502,0.13104275578092378
533,971,1504,0.13108937067965581
538,967,1505,0.13112081490423955
542,962,1504,0.1311373553818219
538,971,1509,0.1311418749411866
539,966,1505,0.13115835525117603
537,970,1507,0.13117167486028594
530,967,1497,0.13119097628606063
530,986,1516,0.13122744589236474
522,978,1500,0.13126252875974054
521,979,1500,0.13131498650913953
513,990,1503,0.1313681914066308
523,982,1505,0.1314375425592325
522,988,1510,0.1314767649004408
519,999,1518,0.13151563815016856
512,995,1507,0.13156067247294
515,989,1504,0.13161955036523432
522,994,1516,0.13166700018733396
525,990,1515,0.13169235914788846
521,992,1513,0.13170813933385647
519,987,1506,0.13173632290440876
517,993,1510,0.1317671772124226
512,994,1506,0.13180232345802168
518,999,1517,0.1318473592944618
513,1004,1517,0.1318742377735319
516,999,1515,0.13191112734409377
520,1007,1527,0.13193820140519866
520,1006,1526,0.1319536279318826
518,1007,1525,0.1319673530840062
511,996,1507,0.13198527887814607
519,994,1513,0.13202034835097273
520,1013,1533,0.1320330987505593
516,1010,1526,0.1320433009333318
512,1001,1513,0.13206474172094881
508,1008,1516,0.1320953757195507
503,998,1501,0.13213664701910668
499,994,1493,0.13218637851705126
495,995,1490,0.1322425141755616
500,996,1496,0.1323022455012331
499,1005,1504,0.13234757308904416
493,1003,1496,0.1323915916419072
492,1015,1507,0.13244743409069756
478,1014,1492,0.13250485553787453
486,1022,1508,0.13259274104675878
487,1023,1510,0.13265480278779304
481,1014,1495,0.13271009018996813
482,1025,1507,0.13277845488570375
482,1030,1512,0.13283908304479275
480,1041,1521,0.13289580727637776
475,1041,1516,0.13295211725590048
477,1031,1508,0.13301541479454404
478,1035,1513,0.1330694613438396
478,1037,1515,0.1331165533997936
479,1036,1515,0.13316249964093743
481,1038,1519,0.13320152063381951
482,1038,1520,0.1332341748079317
480,1032,1512,0.13326461612197854
475,1030,1505,0.1332977288312945
473,1015,1488,0.13334273510850184
471,1026,1497,0.1333890339119925
477,1039,1516,0.1334398336796846
479,1036,1515,0.13347267173388871
472,1032,1504,0.13349915394947473
472,1033,1505,0.13354021743929206
474,1034,1508,0.13357949495013843
475,1026,1501,0.1336090439153143
470,1032,1502,0.13363483436011744
464,1033,1497,0.13367045517625475
478,1038,1516,0.13371924459169598
480,1027,1507,0.13372740591181081
480,1035,1515,0.13373136986820175
474,1036,1510,0.1337346659800283
472,1042,1514,0.13375438015727384
468,1041,1509,0.13377684341436968
468,1051,1519,0.1338084411738486
469,1056,1525,0.13383753822736374
471,1048,1519,0.13386424942162425
469,1031,1500,0.13388412117722645
475,1035,1510,0.1339101412438993
465,1042,1507,0.13391853300974468
467,1029,1496,0.13395046335786273
473,1035,1508,0.13397464784880075
472,1044,1516,0.13398374530334728
467,1037,1504,0.133994210415152
457,1043,1500,0.1340184112787347
460,1040,1500,0.13406471792737126
467,1037,1504,0.1340996113577868
468,1037,1505,0.13411407672858397
468,1039,1507,0.13412644532384305
463,1048,1511,0.1341378311002
459,1060,1519,0.13416309524120595
454,1061,1515,0.13419898674019082
448,1071,1519,0.13424363415083332
438,1066,1504,0.1343008008773785
446,1065,1511,0.1343787907515241
443,1067,1510,0.1344340695711022
442,1076,1518,0.13449218682852593
438,1067,1505,0.1345523152434162
430,1070,1500,0.1346166044773328
438,1065,1503,0.13469651707607128
444,1068,1512,0.1347510138996833
438,1075,1513,0.1347870534780926
445,1076,1521,0.13483593422092216
437,1069,1506,0.1348645679640597
435,1079,1514,0.13491030532529188
443,1069,1512,0.1349575200983007
445,1068,1513,0.13498155232452508
438,1062,1500,0.13499956547543426
443,1062,1505,0.13503400870704843
444,1062,1506,0.13505390966104724
444,1059,1503,0.1350699800036432
442,1062,1504,0.13508521696952014
444,1068,1512,0.1351041076948118
440,1078,1518,0.1351168444270855
438,1065,1503,0.13513837131446027
433,1056,1489,0.1351625306722571
434,1061,1495,0.13519607463393435
438,1061,1499,0.13522290829853806
442,1067,1509,0.13523926104219947
444,1063,1507,0.1352443076276689
449,1063,1512,0.1352426016652079
456,1072,1528,0.13522775556789288
452,1067,1519,0.1351970250784441
457,1070,1527,0.13517737663286325
457,1062,1519,0.13514708274284756
459,1061,1520,0.13511993725434912
455,1069,1524,0.1350900052466837
450,1059,1509,0.1350738029958927
449,1069,1518,0.1350695499687663
451,1069,1520,0.1350685184227892
450,1075,1525,0.13506304206916928
446,1068,1514,0.13506034489938717
447,1074,1521,0.1350665817271399
450,1060,1510,0.13506842587543264
453,1052,1505,0.13506279234410432
459,1056,1515,0.13504954029230617
459,1037,1496,0.13502000683163867
458,1040,1498,0.13499348356363772
457,1052,1509,0.13496970958781718
460,1048,1508,0.13494977978068035
454,1052,1506,0.13492367028060495
457,1039,1496,0.13491368519580468
459,1047,1506,0.1348967923483441
457,1037,1494,0.13487493775214512
449,1051,1500,0.13485905854992317
447,1043,1490,0.13486595818514333
446,1047,1493,0.13487868761429145
447,1056,1503,0.13489378145743225
442,1058,1500,0.1349071907020062
441,1055,1496,0.13493211902579244
445,1050,1495,0.1349566193743571
452,1054,1506,0.13496838661454902
452,1057,1509,0.13496315836225833
456,1062,1518,0.13495701114957032
451,1061,1512,0.1349390654954008
441,1067,1508,0.13493524051321734
438,1074,1512,0.13495597573594373
445,1078,1523,0.13498346609920645
429,1063,1492,0.13499051349460126
430,1074,1504,0.13503796141479182
427,1069,1496,0.1350793833694591
427,1066,1493,0.13512597834100887
429,1066,1495,0.13517043721579786
425,1070,1495,0.13520846847445353
432,1071,1503,0.13525579025260362
428,1075,1503,0.13527993238626404
430,1075,1505,0.1353129072162567
427,1078,1505,0.13533801960770225
430,1081,1511,0.13536720062680285
427,1072,1499,0.13538720306070334
423,1079,1502,0.13541319452008085
431,1072,1503,0.13544741625332557
425,1069,1494,0.13545990688520143
429,1073,1502,0.135486984980532
432,1074,1506,0.13550219567114333
435,1078,1513,0.13550879905267701
437,1079,1516,0.13550899946427505
436,1071,1507,0.13550584030143462
438,1075,1513,0.13550406093096015
441,1063,1504,0.13549782275700403
444,1068,1512,0.13548617596333407
442,1067,1509,0.13546764810427334
441,1067,1508,0.13545565358676584
437,1074,1511,0.1354489420451926
426,1072,1498,0.1354532231796013
431,1087,1518,0.13548334844175222
431,1084,1515,0.1354996618337614
424,1085,1509,0.13551783725555605
431,1096,1527,0.1355519812211813
432,1087,1519,0.13556569560756512
426,1088,1514,0.13557609636405318
433,1077,1510,0.13559986999333254
433,1082,1515,0.13560475987260046
431,1071,1502,0.13560867154813877
431,1071,1502,0.13561803604791867
440,1079,1519,0.1356249479072207
439,1077,1516,0.13560694385590571
444,1071,1515,0.13559190006640098
442,1069,1511,0.13556661586258312
433,1068,1501,0.135547607704776
438,1083,1521,0.13555087969439428
432,1089,1521,0.13554125996335423
436,1078,1514,0.1355459878573609
430,1070,1500,0.13554074572964356
431,1079,1510,0.13555017508893194
432,1074,1506,0.1355575502266222
430,1075,1505,0.13556325774265887
428,1063,1491,0.13557376239037677
420,1073,1493,0.1355905765151401
424,1085,1509,0.13562790575871425
427,1081,1508,0.13565132918379738
430,1077,1507,0.13566688872975186
431,1077,1508,0.1356735694079399
421,1086,1507,0.13567638486998226
422,1084,1506,0.1357057883881164
422,1081,1503,0.13573173643832565
428,1080,1508,0.1357570409113557
427,1090,1517,0.1357652358657086
429,1081,1510,0.135775489397978
427,1088,1515,0.13578073501745835
431,1101,1532,0.13578795192374174
434,1097,1531,0.1357843341894824
433,1077,1510,0.1357722344567821
429,1078,1507,0.13576324546592175
421,1078,1499,0.1357636956081289
421,1070,1491,0.13578332967892323
423,1082,1505,0.13580429279865736
423,1078,1501,0.13581936373997416
423,1087,1510,0.13583463274061156
424,1088,1512,0.13584757669116782
433,1073,1506,0.1358576711316433
434,1076,1510,0.1358431125589831
435,1065,1500,0.13582548462692723
432,1067,1499,0.13580705679159577
429,1084,1513,0.13579878285641356
417,1085,1502,0.13579931846156545
419,1089,1508,0.13583007175998568
418,1084,1502,0.1358548664435298
413,1102,1515,0.13588017752469084
410,1104,1514,0.13591788284411926
417,1097,1514,0.13596017351236256
417,1099,1516,0.13598229754789132
422,1089,1511,0.13600362848712286
423,1078,1501,0.13601052613985481
419,1077,1496,0.1360109063240447
422,1076,1498,0.13602219807583524
425,1090,1515,0.1360255894614222
421,1099,1520,0.1360199051662801
418,1099,1517,0.13602478902434112
419,1103,1522,0.13603948643281297
414,1100,1514,0.13604920448215002
414,1107,1521,0.13607181259145334
414,1102,1516,0.1360932345226146
419,1102,1521,0.13611176076001466
422,1092,1514,0.1361171243977642
429,1100,1529,0.13611471511688536
426,1094,1520,0.13609631316716214
425,1092,1517,0.13608671837412983
428,1092,1520,0.13608015760073747
429,1075,1504,0.13606671001240703
425,1082,1507,0.13605168077478388
425,1095,1520,0.13604661675967397
421,1089,1510,0.13604165545718852
431,1091,1522,0.1360456825645647
429,1085,1514,0.1360249857300931
427,1079,1506,0.13601072022047947
434,1073,1507,0.13600273393419615
432,1080,1512,0.13597815097304086
434,1078,1512,0.13595980459112994
432,1076,1508,0.13593761214608296
428,1087,1515,0.13592115103625935
425,1077,1502,0.1359157038723364
425,1081,1506,0.13591574784631974
420,1073,1493,0.13591706442312618
418,1079,1497,0.13593061251586291
423,1084,1507,0.1359482754601228
420,1077,1497,0.13595120234059802
421,1075,1496,0.13596097442885646
414,1085,1499,0.1359673313067914
418,1085,1503,0.1359894832296928
421,1084,1505,0.13599968961432865
422,1088,1510,0.136000089533042
421,1079,1500,0.13599972725531337
420,1095,1515,0.1360034349698084
420,1084,1504,0.13601008503383064
419,1087,1506,0.13601815375666124
417,1084,1501,0.1360282358207144
421,1095,1516,0.13604377795576
421,1096,1517,0.13604977408540977
419,1104,1523,0.13605411515061097
419,1108,1527,0.13606622533076576
421,1100,1521,0.1360758191790071
418,1103,1521,0.13607936581980384
415,1099,1514,0.13609041567129654
418,1094,1512,0.13611029805789013
418,1098,1516,0.136120364310682
419,1104,1523,0.13612942150393947
417,1105,1522,0.1361347907771849
413,1096,1509,0.13614558813722438
416,1081,1497,0.13616549303288636
417,1083,1500,0.13617734255702182
419,1083,1502,0.13618524035982818
416,1096,1512,0.13618927012315943
420,1102,1522,0.1362001043330717
417,1104,1521,0.13619896983657243
418,1106,1524,0.13620556536445064
412,1103,1515,0.13620831456388244
410,1101,1511,0.13622732605947718
415,1089,1504,0.13624987981133846
418,1091,1509,0.13625806008637287
414,1104,1518,0.13625825227557012
415,1112,1527,0.13626796521418036
412,1109,1521,0.13627444079456552
415,1101,1516,0.13628711362820722
421,1102,1523,0.13629418930555806
413,1085,1498,0.13628351449079473
402,1081,1483,0.13629237149322157
402,1093,1495,0.1363309398817659
407,1106,1513,0.13636616375829366
409,1092,1501,0.13638533939893216
412,1101,1513,0.13639820566930097
410,1105,1515,0.13640476490176184
411,1105,1516,0.13641748152240585
415,1110,1525,0.1364257144697557
412,1107,1519,0.13642417989661712
410,1111,1521,0.13643065169631063
403,1110,1513,0.13644197758705176
408,1105,1513,0.13647093063444296
404,1103,1507,0.13648473404076308
405,1101,1506,0.1365075160507924
409,1110,1519,0.1365272688357899
408,1110,1518,0.13653539350324803
408,1103,1511,0.13654589428448788
408,1108,1516,0.1365548958986259
402,1099,1501,0.13656258310417604
403,1092,1495,0.1365875186137102
408,1096,1504,0.13660890438480788
401,1105,1506,0.13661506411920077
409,1104,1513,0.13663861829994028
399,1124,1523,0.13664060376773765
392,1113,1505,0.13666756561073504
390,1118,1508,0.1367113129798322
392,1133,1525,0.13675644863300807
387,1122,1509,0.13679395896576377
388,1115,1503,0.1368418135122107
384,1121,1505,0.13688381864088472
383,1125,1508,0.13693376135673196
386,1114,1500,0.13698298169164258
386,1121,1507,0.13702224375218527
394,1120,1514,0.13705771145702678
389,1116,1505,0.13707039348135722
392,1119,1511,0.1370963331310448
389,1124,1513,0.13711227376236765
387,1121,1508,0.137134874464381
394,1120,1514,0.13716176090563156
389,1118,1507,0.13716880082455166
390,1119,1509,0.1371884536426863
386,1129,1515,0.1372024080790445
376,1131,1507,0.13722688349255002
385,1113,1498,0.13727322810285686
381,1114,1495,0.1372949384937376
383,1122,1505,0.13732406561378252
385,1125,1510,0.13734685234212468
387,1122,1509,0.13736236732179027
388,1122,1510,0.13737132371461847
384,1120,1504,0.13737693999600376
385,1130,1515,0.13739149537008846
393,1131,1524,0.13740269178065379
389,1126,1515,0.13739185697393844
385,1134,1519,0.1373940709156854
385,1131,1516,0.1374052477770362
385,1131,1516,0.1374158168272892
393,1120,1513,0.137426409362644
391,1123,1514,0.137414513946596
389,1115,1504,0.13740945220633635
398,1104,1502,0.13741148911672812
401,1104,1505,0.13738968517680378
398,1113,1511,0.1373626810627919
393,1110,1503,0.1373460258702447
393,1111,1504,0.13734304555895624
391,1114,1505,0.13733846017460216
399,1121,1520,0.13733951095227367
392,1117,1509,0.13731901339719832
391,1107,1498,0.13731779289434537
389,1101,1490,0.13731892701584245
387,1103,1490,0.13732668463091025
386,1119,1505,0.13734043213349875
393,1116,1509,0.13735474868968253
388,1116,1504,0.13734953119567592
392,1120,1512,0.13735745640819783
389,1114,1503,0.13735373956579225
393,1111,1504,0.13736049086506236
393,1117,1510,0.13735743887638002
385,1116,1501,0.1373546037831552
389,1112,1501,0.13737306284164405
392,1115,1507,0.1373807203108273
389,1123,1512,0.1373807601374352
390,1120,1510,0.13738804665020674
393,1110,1503,0.13739146514187206
389,1104,1493,0.13738727385724722
391,1123,1514,0.1373931902271231
387,1128,1515,0.13739560414581553
384,1135,1519,0.13740906453667542
386,1131,1517,0.13742947435822248
380,1132,1512,0.13744268308805765
387,1127,1514,0.13747014135030686
384,1124,1508,0.13747778308712724
386,1128,1514,0.1374915066107036
392,1123,1515,0.13749744833538904
394,1117,1511,0.13748895066715647
394,1115,1509,0.1374773425649095
394,1100,1494,0.13746769960455665
396,1109,1505,0.13745893275098298
392,1098,1490,0.13744458268039417
389,1104,1493,0.1374382249370617
392,1107,1499,0.13744008459660106
389,1128,1517,0.13743452449640922
388,1115,1503,0.13743642260022612
395,1117,1512,0.13744153120664823
393,1122,1515,0.1374299362363853
394,1117,1511,0.13742406119580455
399,1121,1520,0.13741466169169814
397,1121,1518,0.13739361580041337
394,1109,1503,0.1373795859456152
390,1109,1499,0.13737315746432396
389,1113,1502,0.1373771891808069
393,1116,1509,0.13738376541482625
392,1127,1519,0.13738212090027513
394,1131,1525,0.13738222100972236
389,1126,1515,0.13737822520156864
391,1126,1517,0.13738726502764081
387,1137,1524,0.13739069848806765
382,1128,1510,0.1374045065280051
382,1130,1512,0.13743020179010942
379,1128,1507,0.1374550774705486
380,1137,1517,0.13748670042868968
385,1122,1507,0.13751382656173922
387,1127,1514,0.13752665661769586
375,1124,1499,0.13753253001783894
365,1128,1493,0.13756858861598448
367,1143,1510,0.13762713655223163
369,1140,1509,0.13767605118044485
376,1132,1508,0.13771661715320968
380,1133,1513,0.13773846433814213
374,1124,1498,0.13774734662978208
366,1134,1500,0.1377719941862339
370,1134,1504,0.13781533293518483
365,1138,1503,0.1378459344919731
369,1144,1513,0.13788738239560033
377,1146,1523,0.13791755117848795
376,1138,1514,0.13792463379973044
373,1145,1518,0.13793413439687938
369,1151,1520,0.13795144132703688
369,1151,1520,0.13797744339399054
376,1152,1528,0.13800211097256296
375,1154,1529,0.13800907948925073
373,1150,1523,0.13801808439255275
372,1149,1521,0.13803209156107565
369,1140,1509,0.13804863828651082
364,1145,1509,0.1380715779348166
374,1155,1529,0.13810670744090853
373,1143,1516,0.13811337368705798
367,1152,1519,0.13812264153411097
368,1150,1518,0.13814561866984182
365,1149,1514,0.13816480966207656
371,1153,1524,0.13819077510800176
369,1165,1534,0.13820014996225505
372,1160,1532,0.13821334069787508
368,1156,1524,0.13821908047435216
369,1152,1521,0.13823423448407954
367,1151,1518,0.13824677045466735
369,1154,1523,0.13826248721674303
368,1148,1516,0.1382725821854901
367,1150,1517,0.1382843787252644
366,1148,1514,0.1383001592261924
362,1157,1519,0.13831653030145521
357,1161,1518,0.13834336006967807
355,1152,1507,0.13837989170455084
358,1156,1514,0.13841892528619026
357,1164,1521,0.13844897387461708
354,1154,1508,0.13847975315357539
351,1165,1516,0.13851542566350367
347,1167,1514,0.13855597780913306
348,1162,1510,0.13860277479910654
347,1167,1514,0.13864627241551225
346,1164,1510,0.1386896569449431
351,1156,1507,0.13873440870483683
351,1153,1504,0.13876105019916182
349,1162,1511,0.13878671288827932
351,1162,1513,0.1388135237858147
353,1160,1513,0.13883530242221012
356,1158,1514,0.13885104981235588
354,1161,1515,0.13885540915794364
349,1168,1517,0.13886703540251677
349,1167,1516,0.13889215194980747
351,1177,1528,0.13891599416781905
342,1177,1519,0.13893336854269045
345,1176,1521,0.13897295975491938
346,1155,1501,0.13900223536364265
347,1165,1512,0.13902637634544301
341,1166,1507,0.13904724992548007
340,1167,1507,0.13908115833936618
340,1164,1504,0.13911467839934136
342,1172,1514,0.13914576028012393
338,1171,1509,0.13916925030657465
334,1177,1511,0.1391992476807215
333,1185,1518,0.1392394540743698
335,1183,1518,0.13927929537935949
334,1189,1523,0.13931093814529047
339,1179,1518,0.13934234478658464
332,1185,1517,0.13935834811240874
338,1176,1514,0.13939037937704066
339,1172,1511,0.13940704593665065
340,1170,1510,0.1394198060170654
347,1170,1517,0.13943105796463698
347,1170,1517,0.13942434136416534
342,1174,1516,0.13941705323922682
346,1172,1518,0.13942292046655827
341,1168,1509,0.1394179117881639
336,1174,1510,0.13942531091036806
335,1173,1508,0.13944694357318174
334,1169,1503,0.13946957295940718
338,1167,1505,0.13949103593044948
336,1169,1505,0.13950277535179972
333,1182,1515,0.13951880123050106
338,1180,1518,0.1395403265851669
338,1173,1511,0.13954788956614247
335,1182,1517,0.1395548166542455
330,1187,1517,0.1395684048044524
327,1178,1505,0.1395934806996777
332,1187,1519,0.13962508359047043
334,1178,1512,0.13964156338995654
334,1185,1519,0.1396514798669307
333,1177,1510,0.13965971137103064
327,1183,1510,0.13967109136638567
328,1190,1518,0.13969604723607565
330,1196,1526,0.13971689305901272
329,1190,1519,0.13973239427918316
330,1188,1518,0.1397488849084746
332,1182,1514,0.13976412016767867
330,1184,1514,0.13977378794147188
329,1177,1506,0.13978805176514408
331,1180,1511,0.13980444250716428
329,1189,1518,0.13981328209349073
331,1198,1529,0.13982683563727025
332,1190,1522,0.1398338225967136
329,1180,1509,0.13983909077583326
329,1189,1518,0.13985096773174108
322,1185,1507,0.1398628622127264
318,1197,1515,0.13989209980602912
312,1188,1500,0.13992969824591509
318,1194,1512,0.1399824348392088
324,1201,1525,0.140017115909702
325,1200,1525,0.14003500237476804
319,1200,1519,0.14005046968526172
319,1215,1534,0.14008071470289626
318,1203,1521,0.14010922047166932
317,1200,1517,0.14013880115390748
320,1200,1520,0.14016875888429578
317,1193,1510,0.14018969037165985
312,1196,1508,0.1402178907949053
311,1203,1514,0.1402560703051672
308,1210,1518,0.14029474183348276
309,1200,1509,0.1403368068006995
306,1199,1505,0.14037579348906362
305,1202,1507,0.14041996401782242
307,1201,1508,0.14046265793757923
307,1189,1496,0.1404973958256045
306,1186,1492,0.14052897998002575
307,1193,1500,0.1405616457899012
304,1199,1503,0.14059048474782995
309,1210,1519,0.1406231883669144
307,1207,1514,0.140641634659569
307,1210,1517,0.14066336308895053
304,1210,1514,0.1406842732501288
302,1201,1503,0.14071025562724204
299,1204,1503,0.14073843045634443
301,1211,1512,0.14077244736004446
302,1206,1508,0.140798888522028
296,1196,1492,0.14082094970809944
299,1196,1495,0.14085691447881427
299,1212,1511,0.14088278332480889
294,1209,1503,0.14090754538430286
298,1210,1508,0.14094497583602816
303,1208,1511,0.14097065580614898
298,1220,1518,0.14098155333103166
299,1229,1528,0.14100479947687336
303,1230,1533,0.14102449735955422
305,1224,1529,0.1410315420684479
306,1225,1531,0.14103330470950298
305,1220,1525,0.14103185085622955
299,1214,1513,0.14103412573055515
297,1231,1528,0.14105207014312743
298,1231,1529,0.14107349082688775
298,1236,1534,0.14109165213876845
296,1206,1502,0.1411090481860324
296,1215,1511,0.1411304894261532
291,1225,1516,0.1411521766213966
291,1235,1526,0.14118603465153828
293,1224,1517,0.14121615305502697
295,1226,1521,0.1412407488995984
287,1227,1514,0.14125696770462937
289,1221,1510,0.14129277101216395
289,1220,1509,0.14132167186461028
284,1224,1508,0.14134793865904438
290,1227,1517,0.14138453908524937
286,1223,1509,0.14140372861238573
289,1228,1517,0.14143096622881562
283,1229,1512,0.14145090722574685
286,1232,1518,0.14148438516088932
282,1226,1508,0.1415088120894081
279,1222,1501,0.1415425015473856
278,1231,1509,0.14158062613983066
278,1233,1511,0.14161928088081244
279,1243,1522,0.1416542561260613
278,1248,1526,0.1416854526560309
271,1239,1510,0.14171761768695387
272,1239,1511,0.14176650997467763
275,1243,1518,0.14180977275566245
278,1247,1525,0.1418413639571914
281,1249,1530,0.14186295989682307
284,1239,1523,0.14187564274046247
284,1227,1511,0.14187915266643703
283,1222,1505,0.14188359699084352
281,1233,1514,0.14188978541370648
282,1243,1525,0.14190069630829039
278,1238,1516,0.1419087423359807
286,1240,1526,0.1419255994508461
280,1242,1522,0.1419199876792609
272,1240,1512,0.14193001541484607
279,1232,1511,0.14195886331490215
282,1219,1501,0.14196635091383683
281,1234,1515,0.1419660354485885
286,1233,1519,0.1419677484134837
282,1232,1514,0.141957353418571
276,1229,1505,0.14195825605781198
278,1235,1513,0.1419748556842573
282,1229,1511,0.14198526764167016
283,1237,1520,0.14198508426247822
287,1243,1530,0.1419825719489197
283,1238,1521,0.14196889201691748
285,1239,1524,0.14196636320094158
282,1234,1516,0.14195884524641003
281,1241,1522,0.1419591932363891
277,1245,1522,0.14196086802314622
284,1229,1513,0.14197322743380897
283,1235,1518,0.14196672953234812
275,1233,1508,0.14196183598222212
273,1235,1508,0.14197775338191432
274,1237,1511,0.14199829409701348
276,1226,1502,0.14201464039984635
279,1228,1507,0.14202596134917095
284,1234,1518,0.1420279707387074
288,1239,1527,0.14201794732281708
286,1234,1520,0.1419994849224312
281,1238,1519,0.14198820711884746
273,1229,1502,0.14199019498968954
274,1230,1504,0.14201177413742663
276,1238,1514,0.14202970429449027
267,1235,1502,0.14204253121119695
268,1247,1515,0.14207619682102984
267,1254,1521,0.14210480325329014
269,1256,1525,0.1421337107842197
273,1255,1528,0.14215510129497338
264,1247,1511,0.14216622828766914
261,1254,1515,0.14220065941414084
266,1252,1518,0.14224089057148429
265,1249,1514,0.1422657477008156
270,1243,1513,0.14228908693118109
271,1243,1514,0.14229937291641243
272,1233,1505,0.14230634292809177
271,1236,1507,0.14231005999903082
269,1237,1506,0.14231590492301305
269,1227,1496,0.1423269040818383
271,1241,1512,0.1423370608762945
268,1245,1513,0.1423424806983532
267,1252,1519,0.14235521736795886
268,1245,1513,0.14237027233886465
265,1252,1517,0.14238280030823483
268,1241,1509,0.14240308576574115
263,1246,1509,0.1424160193047349
265,1242,1507,0.1424405512989875
267,1254,1521,0.1424583298863794
266,1252,1518,0.14247006405855386
262,1261,1523,0.14248386131479301
259,1266,1525,0.1425064910317777
258,1260,1518,0.14253564890594975
251,1264,1515,0.14256544465526502
255,1274,1529,0.1426114379239354
256,1271,1527,0.14264318396500045
257,1266,1523,0.14267011018713652
265,1260,1525,0.14269209404456415
268,1258,1526,0.1426918276036792
265,1245,1510,0.14268436389187486
265,1240,1505,0.14268409137633697
264,1244,1508,0.1426835201944496
255,1244,1499,0.14268639089694074
254,1236,1490,0.14271236338162616
253,1245,1498,0.14273931609162932
251,1248,1499,0.1427671394472914
244,1250,1494,0.1427979930679193
241,1256,1497,0.14284389523724098
248,1262,1510,0.1428941143701452
251,1257,1508,0.1429235265687616
252,1262,1514,0.14294368118904918
248,1272,1520,0.1429599072212131
247,1266,1513,0.14298610057398978
250,1271,1521,0.14301406664833866
254,1270,1524,0.14303208786106725
252,1275,1527,0.14303833316217485
256,1272,1528,0.14304973403612434
256,1268,1524,0.14305031319401262
252,1270,1522,0.14305121431421486
243,1268,1511,0.14306204271313738
239,1261,1500,0.14309527985956977
239,1265,1504,0.1431361777760661
244,1261,1505,0.1431742548050208
245,1267,1512,0.14319670535305307
244,1255,1499,0.1432142512540035
245,1262,1507,0.14323352000976486
247,1263,1510,0.14324913955227583
249,1262,1511,0.14326050556920275
244,1260,1504,0.1432658448028649
242,1256,1498,0.14328440128342432
246,1257,1503,0.1433073422686237
240,1260,1500,0.1433177783180534
239,1269,1508,0.14334281326917298
237,1269,1506,0.14337019425084555
239,1277,1516,0.14340033684786455
242,1265,1507,0.1434237286522341
240,1264,1504,0.14343749355287488
243,1280,1523,0.1434555418821272
242,1283,1525,0.14346494015248473
240,1288,1528,0.1434765599071007
238,1267,1505,0.1434926118569047
233,1288,1521,0.14351303858166112
231,1280,1511,0.14354484326715727
226,1287,1513,0.14357903514641118
225,1275,1500,0.14362461392242906
224,1273,1497,0.14366930419400376
227,1270,1497,0.143713534211812
226,1277,1503,0.1437475695980595
227,1273,1500,0.14378232359878507
228,1271,1499,0.14381153724635937
236,1265,1501,0.1438359898164988
232,1267,1499,0.14383817942324703
229,1275,1504,0.14385131592554237
233,1279,1512,0.14387025912715376
233,1286,1519,0.143878398544154
232,1277,1509,0.14388665042565513
232,1276,1508,0.1438957104882207
238,1273,1511,0.14390323454767057
238,1282,1520,0.1438955736474951
231,1285,1516,0.14388976562796446
233,1290,1523,0.14390337034404233
230,1278,1508,0.14391126996663917
226,1286,1512,0.1439255419316215
229,1295,1524,0.14394899570690217
229,1301,1530,0.14396265569149624
226,1296,1522,0.14397577624218086
223,1280,1503,0.1439953029182891
222,1292,1514,0.1440211493388968
225,1278,1503,0.1440480959887644
223,1278,1501,0.1440659192808262
221,1282,1503,0.14408749712787933
223,1283,1506,0.144112431786654
228,1284,1512,0.14413070305018463
225,1290,1515,0.14413562667238347
220,1289,1509,0.14414761369779927
225,1283,1508,0.14417186639983132
225,1282,1507,0.14418095152201377
221,1282,1503,0.14418904001780838
225,1289,1514,0.14420669261842925
222,1277,1499,0.14421247928128214
223,1285,1508,0.1442251908901701
226,1284,1510,0.14423515257450617
231,1289,1520,0.14423631578566298
228,1292,1520,0.14422473457976032
230,1280,1510,0.14422256513994947
234,1283,1517,0.14421589614732722
237,1289,1526,0.14419856842091197
236,1296,1532,0.1441755930534308
231,1294,1525,0.14415747688811134
231,1292,1523,0.14415373412081636
232,1284,1516,0.1441496400828917
233,1282,1515,0.14414382503321663
227,1276,1503,0.1441351078252267
232,1278,1510,0.14414222574483201
229,1286,1515,0.14413395890895175
228,1287,1515,0.14413473265602206
222,1274,1496,0.144138204121878
221,1279,1500,0.14415701506664902
225,1280,1505,0.14417699029863462
231,1275,1506,0.1441860503333544
228,1282,1510,0.1441796004100126
229,1270,1499,0.1441810619911618
228,1271,1499,0.14418041771961268
233,1281,1514,0.14418305574555695
231,1295,1526,0.14417377965703454
227,1298,1525,0.14417070160327577
222,1294,1516,0.1441785804959818
219,1289,1508,0.1441995690488007
219,1292,1511,0.14422634833923426
220,1290,1510,0.1442516634212836
218,1286,1504,0.14427253012303276
219,1291,1510,0.14429832060604117
218,1298,1516,0.14431992974251542
218,1304,1522,0.14434311475542932
218,1299,1517,0.14436595851655526
216,1295,1511,0.14438746981060613
215,1290,1505,0.14441279284920913
211,1286,1497,0.1444392518902171
208,1288,1496,0.14447447322288823
210,1276,1486,0.1445151412387596
211,1291,1502,0.14454709602776417
207,1301,1508,0.14457400938830223
207,1310,1517,0.14460858599578055
207,1308,1515,0.14464169411893427
209,1299,1508,0.14467343252857756
209,1290,1499,0.1446970051723618
204,1285,1489,0.14471828411090826
207,1274,1481,0.14475121520065923
209,1278,1487,0.14477416703326582
207,1288,1495,0.14479107657808346
206,1289,1495,0.144811567029089
217,1290,1507,0.14483329357411778
217,1305,1522,0.14482562838049798
214,1303,1517,0.14482035343541858
209,1303,1512,0.14482354305549272
209,1303,1512,0.1448392845380625
216,1303,1519,0.14485398131493374
219,1296,1515,0.1448504344538137
217,1302,1519,0.1448398115912586
211,1303,1514,0.14483492813423157
213,1294,1507,0.14484583343806937
213,1297,1510,0.14484988006601315
210,1299,1509,0.1448539104993176
213,1297,1510,0.14486554060477327
210,1292,1502,0.1448687980613426
215,1288,1503,0.144878821918255
216,1278,1494,0.14487611504939912
217,1288,1505,0.14487039937049573
218,1275,1493,0.1448618153103349
213,1284,1497,0.14485208771194721
216,1281,1497,0.14485649518327562
221,1282,1503,0.14485239221547203
229,1289,1518,0.14483532296751456
222,1301,1523,0.1447997734522977
219,1298,1517,0.14478529491622819
215,1297,1512,0.1447793653084051
216,1299,1515,0.1447847868794797
219,1294,1513,0.1447872266490802
217,1289,1506,0.14478135769839504
220,1304,1524,0.14478152700947675
220,1293,1513,0.144773719904559
222,1288,1510,0.14476672402800098
225,1284,1509,0.14475569620604842
225,1273,1498,0.1447377886777725
222,1277,1499,0.1447207717703122
219,1278,1497,0.14471154773907208
222,1283,1505,0.14471056479066793
219,1274,1493,0.1447024686459892
226,1283,1509,0.144702578596822
231,1292,1523,0.14468480390803962
233,1295,1528,0.14465529076260325
228,1298,1526,0.14462283742002338
223,1289,1512,0.1446049183929924
226,1287,1513,0.14460107614459175
224,1296,1520,0.14458890548508996
224,1300,1524,0.1445831304304713
223,1295,1518,0.1445773509380319
227,1305,1532,0.14457459210762177
227,1303,1530,0.144562454239292
229,1307,1536,0.14455065379470397
234,1301,1535,0.14453487705598655
230,1287,1517,0.14450829945416885
227,1285,1512,0.14449313783375964
226,1286,1512,0.14448551863955597
225,1286,1511,0.14448058838004177
224,1294,1518,0.14447858657027754
224,1281,1505,0.14447942589912516
227,1279,1506,0.14447972681425061
223,1288,1511,0.1444725012694038
223,1284,1507,0.14447520655688614
217,1275,1492,0.14447820342514237
213,1281,1494,0.14449637215174924
217,1283,1500,0.14452261367689562
219,1278,1497,0.14453693698959147
214,1284,1498,0.14454565769063452
212,1286,1498,0.14456694870718934
213,1287,1500,0.14459182624533315
216,1288,1504,0.14461136095870575
219,1291,1510,0.14462205280599855
217,1290,1507,0.14462460902698263
217,1286,1503,0.1446321113679383
220,1289,1509,0.14463928758889935
219,1283,1502,0.14463779248017225
212,1288,1500,0.14463910454501513
215,1294,1509,0.14465795007834234
220,1284,1504,0.14466694022583848
217,1290,1507,0.14466090199592424
212,1288,1500,0.144663740698702
217,1283,1500,0.1446800281935105
212,1297,1509,0.14468225331652818
207,1294,1501,0.14469754413886535
206,1302,1508,0.14472471353242244
205,1306,1511,0.14475278344996487
209,1299,1508,0.14478113067305876
210,1302,1512,0.14479801306729775
211,1309,1520,0.14481143397665952
214,1318,1532,0.1448209310180954
214,1300,1514,0.14482188963946133
213,1281,1494,0.14482285513945425
217,1283,1500,0.14482664575272217
215,1290,1505,0.14481864400786876
214,1293,1507,0.14481640131895207
218,1293,1511,0.1448169487427461
215,1302,1517,0.14480712044760946
212,1295,1507,0.14480593913912188
208,1294,1502,0.1448125302065341
211,1304,1515,0.1448287529263298
206,1308,1514,0.14483633426446077
209,1302,1511,0.14485534384858276
208,1301,1509,0.14486586641909924
212,1311,1523,0.1448793483624509
204,1312,1516,0.1448809106908301
200,1297,1497,0.14490308904928553
202,1311,1513,0.1449340475625629
210,1311,1521,0.14495757084602706
211,1296,1507,0.14495869770008443
212,1313,1525,0.14495738012587867
212,1310,1522,0.14495415295666625
208,1313,1521,0.14495038037651103
207,1316,1523,0.1449569101279097
202,1299,1501,0.1449659754594071
201,1306,1507,0.1449867293772166
202,1310,1512,0.1450082996913224
203,1313,1516,0.14502653650772113
205,1317,1522,0.14504188823765277
202,1302,1504,0.14505151358654486
206,1300,1506,0.14506859007369055
207,1292,1499,0.14507372260362414
205,1298,1503,0.1450749259390844
210,1304,1514,0.1450815330335764
212,1311,1523,0.14507503027887936
208,1315,1523,0.14506420236040987
210,1300,1510,0.14506459142417796
213,1295,1508,0.14506006758204612
206,1300,1506,0.14504798428276292
204,1310,1514,0.14505468310812625
207,1306,1513,0.1450655284165783
210,1308,1518,0.14506888644385416
214,1306,1520,0.14506343146913894
217,1297,1514,0.145048372473326
212,1292,1504,0.14502736520883816
211,1309,1520,0.1450200660491643
213,1305,1518,0.14501559646208936
209,1313,1522,0.14500646312310278
207,1300,1507,0.1450077137011237
211,1300,1511,0.14501354719043597
213,1290,1503,0.14500832728613977
211,1297,1508,0.1449992708535995
215,1308,1523,0.14499660689401048
216,1310,1526,0.14498415266215495
215,1305,1520,0.1449698478211386
218,1295,1513,0.14495951758995454
218,1313,1531,0.14494149223010455
214,1312,1526,0.14492404246798724
215,1305,1520,0.14491839033143525
214,1304,1518,0.14491036265041354
214,1306,1520,0.1449065606035874
209,1305,1514,0.14490315258775996
209,1300,1509,0.14491292781826406
209,1297,1506,0.14492255764604667
212,1302,1514,0.1449310921283591
211,1309,1520,0.14493153205274162
214,1305,1519,0.14493547338606094
214,1296,1510,0.14493108707898375
207,1295,1502,0.14492735740826113
209,1302,1511,0.14494105756786962
210,1303,1513,0.14494932219862608
212,1305,1517,0.14495467763690476
212,1312,1524,0.14495464445044284
205,1308,1513,0.14495534762306025
200,1314,1514,0.14497383404910322
199,1311,1510,0.14500319995403352
202,1313,1515,0.14503373325944163
202,1305,1507,0.14505381911884424
205,1303,1508,0.14507266268949892
205,1310,1515,0.14508289764403456
207,1308,1515,0.14509219783820107
200,1304,1504,0.14509593079886948
196,1319,1515,0.14511665492759776
194,1311,1505,0.1451475987781159
203,1324,1527,0.1451805241816649
201,1317,1518,0.14518932939369097
202,1315,1517,0.1452028633892283
202,1307,1509,0.14521240390865764
206,1317,1523,0.14522157216812479
208,1315,1523,0.14522073437277097
204,1315,1519,0.14521506501628736
202,1325,1527,0.1452209266265717
197,1326,1523,0.1452314490921235
197,1313,1510,0.14525432756083936
195,1319,1514,0.1452758710731879
196,1319,1515,0.14530128821908403
194,1316,1510,0.14532184990367308
196,1328,1524,0.14534601066263736
196,1320,1516,0.14536407173024884
194,1325,1519,0.14538100560003722
192,1337,1529,0.14540257234172152
195,1330,1525,0.14542704199940215
192,1312,1504,0.14544209399010255
191,1331,1522,0.14546358197244236
189,1328,1517,0.14548577521101116
190,1334,1524,0.1455112512608646
191,1332,1523,0.14553326006675024
197,1320,1517,0.1455518018491963
195,1323,1518,0.14555386496285838
193,1335,1528,0.14556159581350428
194,1332,1526,0.14557355578688747
195,1335,1530,0.14558253013731054
193,1337,1530,0.1455884718596459
194,1329,1523,0.145599327691227
196,1328,1524,0.14560671019383895
191,1329,1520,0.14560806523671585
191,1326,1517,0.1456223928944016
188,1333,1521,0.14563607787206123
180,1329,1509,0.14565719528471166
182,1328,1510,0.14569675891262365
181,1321,1502,0.14572831066833072
182,1321,1503,0.14576031840815648
186,1324,1510,0.145787052068845
183,1319,1502,0.1458019164487155
183,1332,1515,0.1458231958826249
187,1336,1523,0.1458415630456693
185,1342,1527,0.14584845734955354
188,1337,1525,0.14586006642375135
185,1337,1522,0.14586347193519564
188,1336,1524,0.14587455580025105
189,1328,1517,0.145877817147074
187,1320,1507,0.14587819623521528
189,1326,1515,0.14588375370515108
191,1321,1512,0.14588372357325985
188,1320,1508,0.14587857475581015
184,1309,1493,0.14588116265372716
183,1311,1494,0.14589410158146315
181,1298,1479,0.1459079302028408
185,1299,1484,0.145925416393666
190,1318,1508,0.14593101130172906
190,1328,1518,0.1459235168456196
189,1314,1503,0.14591631705902736
189,1322,1511,0.1459125634336165
182,1319,1501,0.14590893686853657
185,1325,1510,0.1459233056553828
184,1338,1522,0.14592892599901724
187,1343,1530,0.1459372032097195
189,1326,1515,0.14593730639756328
186,1325,1511,0.14593270278093226
186,1323,1509,0.1459360291300986
192,1323,1515,0.1459404037545751
191,1324,1515,0.14592959940730835
193,1327,1520,0.14592174733046062
194,1324,1518,0.1459097698630024
193,1323,1516,0.14589640324083383
194,1330,1524,0.14588618207129836
188,1325,1513,0.1458743788648158
189,1326,1515,0.1458788981687563
191,1335,1526,0.14588076786215726
185,1332,1517,0.14587790678543777
184,1335,1519,0.14589083419727442
187,1337,1524,0.1459050917640883
186,1334,1520,0.14591097409095447
184,1326,1510,0.14591913079771193
187,1328,1515,0.14593192877282823
187,1326,1513,0.1459367529248834
187,1340,1527,0.1459407621053448
183,1339,1522,0.14594462297982272
185,1338,1523,0.1459574746470862
184,1331,1515,0.1459645558791813
185,1327,1512,0.14597472368407374
183,1324,1507,0.14598184469042338
181,1328,1509,0.1459929103856075
180,1326,1506,0.14600872360122039
181,1328,1509,0.1460258763983103
185,1330,1515,0.14603873213606244
186,1319,1505,0.1460411153471364
176,1319,1495,0.14604057858385286
183,1322,1505,0.1460654647263401
188,1312,1500,0.14607128979475584
190,1316,1506,0.14606335612562588
191,1317,1508,0.14605051270597183
192,1322,1514,0.14603593590076322
192,1314,1506,0.14601996341183135
190,1322,1512,0.14600599628694697
193,1321,1514,0.14599724950892598
194,1324,1518,0.14598127684397938
190,1334,1524,0.14596377964007734
191,1327,1518,0.14595716624554428
193,1320,1513,0.14594812931051637
189,1326,1515,0.14593461981418257
187,1318,1505,0.1459333348525177
184,1318,1502,0.14593775852824944
184,1312,1496,0.1459488212210739
182,1316,1498,0.14595850358709164
186,1336,1522,0.1459724510987291
186,1329,1515,0.14597528920151273
177,1335,1512,0.14597882678536864
171,1318,1489,0.1460049887248887
172,1325,1497,0.1460447435290812
167,1321,1488,0.14608009016437276
167,1316,1483,0.14612555147350886
165,1318,1483,0.14616753391734458
167,1322,1489,0.1462116194420174
175,1338,1513,0.14624699037611302
175,1345,1520,0.14625949540591784
178,1329,1507,0.14627127430024703
177,1330,1507,0.14627455602616315
173,1338,1511,0.1462804517639486
172,1338,1510,0.14629626089071912
170,1345,1515,0.14631298099694784
168,1350,1518,0.14633381424730246
171,1338,1509,0.14635895328214932
170,1340,1510,0.1463752581877696
169,1342,1511,0.14639232866082671
166,1340,1506,0.14641135572314068
161,1356,1517,0.1464369435086666
161,1355,1516,0.14647498862408806
159,1343,1502,0.1465106788569069
158,1341,1499,0.1465483177031315
153,1345,1498,0.14658604326190017
154,1338,1492,0.14663444282283578
153,1336,1489,0.14667695745959672
158,1345,1503,0.1467192799426299
154,1354,1508,0.14674587827732435
156,1350,1506,0.14678151179224433
154,1352,1506,0.14680981164996085
156,1359,1515,0.14684132763006258
157,1365,1522,0.1468651935382941
160,1354,1514,0.14688494635279295
159,1360,1519,0.14689548251652812
162,1342,1504,0.14690811161514059
161,1348,1509,0.14691231699411084
161,1328,1489,0.14691953527587756
157,1343,1500,0.1469272003927324
157,1363,1520,0.14694488283079285
155,1368,1523,0.14696196260096425
153,1351,1504,0.14698264309780895
154,1346,1500,0.1470069331119678
153,1351,1504,0.14702678530665428
156,1356,1512,0.14704779278336466
151,1352,1503,0.1470601947461273
152,1364,1516,0.14708434701273432
153,1361,1514,0.147104343215795
156,1349,1505,0.14712075654221266
155,1355,1510,0.14712794068286864
155,1345,1500,0.14713780086962971
156,1355,1511,0.1471465939408912
154,1342,1496,0.14715168766833192
157,1345,1502,0.14716131467469226
158,1353,1511,0.14716303042843998
160,1346,1506,0.1471623124158332
161,1357,1518,0.147156632018579
158,1357,1515,0.14714897852358855
153,1360,1513,0.1471495458918333
149,1347,1496,0.14716232977549842
153,1350,1503,0.14718384665609072
159,1360,1519,0.14719316938562851
153,1363,1516,0.14718620931257628
156,1363,1519,0.1471954118812989
160,1365,1525,0.14719561225723723
157,1358,1515,0.14718554296180822
160,1372,1532,0.1471836920473547
159,1364,1523,0.14717436571005713
157,1354,1511,0.14716793580469606
160,1371,1531,0.14716734075636903
156,1362,1518,0.1471592937779915
153,1368,1521,0.14716250020386068
157,1364,1521,0.1471730688676818
153,1358,1511,0.14717257957064805
156,1355,1511,0.147182090407124
152,1363,1515,0.14718258183488264
158,1356,1514,0.1471932568372537
157,1352,1509,0.14718731101296434
158,1355,1513,0.14718433177628545
155,1346,1501,0.14717954833177052
155,1357,1512,0.14718276275626127
152,1341,1493,0.1471860429610311
151,1353,1504,0.14719679851763512
159,1343,1502,0.1472092880724669
158,1348,1506,0.14720076604183782
155,1349,1504,0.147195492702233
154,1344,1498,0.14719910142023135
157,1340,1497,0.14720464099462752
153,1336,1489,0.147201947315069
152,1343,1495,0.14721110828513
151,1342,1493,0.14722227700510448
155,1331,1486,0.1472354916609104
152,1347,1499,0.14723756772663785
155,1355,1510,0.1472477627224241
158,1367,1525,0.14724904071166603
158,1360,1518,0.14724219024775936
154,1364,1518,0.1472362302901672
155,1361,1516,0.14724107998301997
158,1356,1514,0.14724258927404743
159,1355,1514,0.14723674739001777
162,1360,1522,0.14722873471741615
162,1347,1509,0.14721338395814762
160,1343,1503,0.14719883134232464
156,1354,1510,0.14719099765730284
156,1358,1514,0.14719414476555812
157,1346,1503,0.14719720509180678
158,1359,1517,0.14719708586441993
158,1359,1517,0.14719415032888647
157,1357,1514,0.14719125224028676
154,1357,1511,0.14719147835675006
156,1353,1509,0.14719949843583602
156,1353,1509,0.14720176259361842
157,1363,1520,0.1472040312976027
153,1373,1526,0.1472026284216058
152,1361,1513,0.14721184140515164
151,1363,1514,0.14722320284840543
147,1371,1518,0.14723630997529435
147,1369,1516,0.14725868842760512
149,1365,1514,0.14727937247467873
154,1373,1527,0.14729315701947387
151,1363,1514,0.147292863214863
152,1367,1519,0.1473007275730504
156,1368,1524,0.14730492118599117
158,1352,1510,0.1472985432096933
158,1366,1524,0.14728807438815472
160,1362,1522,0.14727804334368577
160,1367,1527,0.14726352800587392
160,1369,1529,0.147250645851298
159,1351,1510,0.14723900504574142
160,1337,1497,0.1472313339882332
157,1349,1506,0.14722130738517158
154,1351,1505,0.1472203990490746
154,1355,1509,0.14722709435329073
152,1352,1504,0.1472333575435304
153,1358,1511,0.14724406938231907
153,1362,1515,0.14725094675552677
152,1357,1509,0.14725733726112492
151,1353,1504,0.14726585696182626
153,1361,1514,0.14727661560605604
155,1356,1511,0.1472814449981697
156,1353,1509,0.14728076684401809
151,1365,1516,0.14727772483064222
146,1355,1501,0.14728788321360903
146,1360,1506,0.14731116053175713
146,1357,1503,0.14733284941638308
148,1364,1512,0.1473525855212142
146,1374,1520,0.14736487295604675
144,1367,1511,0.14738098161882945
145,1371,1516,0.1474008669219792
141,1379,1520,0.14741687335220932
143,1377,1520,0.14744201856181138
147,1363,1510,0.14746030074058114
150,1372,1522,0.14746662650001408
151,1376,1527,0.14746518636227218
151,1355,1506,0.1474617348447213
147,1373,1520,0.14745866645129255
147,1369,1516,0.14746668744199648
145,1361,1506,0.14747423940898227
146,1366,1512,0.14748633737671757
148,1361,1509,0.14749508839281866
150,1360,1510,0.1474982954777777
155,1359,1514,0.1474958988413001
154,1366,1520,0.14748043298927394
154,1363,1517,0.14746846184120138
153,1362,1515,0.14745725384766406
153,1380,1533,0.14744923156572504
155,1351,1506,0.14744174363951465
151,1361,1512,0.14742914668693674
150,1364,1514,0.1474285649972516
149,1374,1523,0.14743091513820084
149,1379,1528,0.14743592195448157
149,1378,1527,0.1474403997262628
147,1381,1528,0.14744461400268394
149,1379,1528,0.14745350506920155
145,1380,1525,0.14745654300193548
149,1364,1513,0.1474699432981906
144,1374,1518,0.14747144749997937
147,1372,1519,0.14748563230054704
142,1370,1512,0.1474907658334412
141,1373,1514,0.1475085901904218
145,1371,1516,0.14752751438899558
151,1373,1524,0.14753493849606433
148,1377,1525,0.14752561316891552
147,1367,1514,0.14752504713251782
150,1375,1525,0.14752744356236586
149,1365,1514,0.14752173160939777
152,1358,1510,0.14751900131507237
148,1352,1500,0.14750792806714144
144,1354,1498,0.14750825950197055
150,1361,1511,0.14751918911436476
146,1371,1517,0.14751306120838373
148,1367,1515,0.1475176431515246
144,1370,1514,0.14751758021071057
145,1378,1523,0.14752727547120048
146,1383,1529,0.1475329891973644
145,1365,1510,0.1475357235228193
144,1368,1512,0.14754140399397594
138,1371,1509,0.14754992088164154
138,1382,1520,0.1475736054240378
140,1380,1520,0.1475960457982756
139,1377,1516,0.1476113946599559
140,1386,1526,0.14762800593539818
141,1387,1528,0.14764093400032566
140,1394,1534,0.14765075380811088
136,1388,1524,0.14766249578794854
136,1394,1530,0.14768449980040704
141,1385,1526,0.14770490754942123
140,1378,1518,0.1477109028016622
140,1386,1526,0.14771902854833388
139,1377,1516,0.1477271885047794
137,1381,1518,0.1477379101096586
133,1383,1516,0.14775356031209022
128,1391,1519,0.14777792963976086
128,1388,1516,0.14781371666878965
129,1380,1509,0.1478465667427622
127,1368,1495,0.1478741502942125
127,1370,1497,0.14790494851721148
131,1375,1506,0.14793450431528218
134,1379,1513,0.14795076126368317
137,1368,1505,0.14795825855163858
136,1364,1500,0.14795712608682338
135,1380,1515,0.14795823914524814
133,1375,1508,0.14796166228971855
135,1374,1509,0.14797084956925124
134,1370,1504,0.14797379563805735
138,1382,1520,0.1479792413902295
137,1376,1513,0.14797425671842268
138,1379,1517,0.14797216305390917
138,1388,1526,0.14796768243839503
138,1389,1527,0.1479637943911335
137,1387,1524,0.14795963721543057
137,1393,1530,0.14795871986310075
132,1383,1515,0.14795821368909895
133,1392,1525,0.147970334700337
133,1380,1513,0.14797816185491197
136,1390,1526,0.1479855868824343
137,1377,1514,0.1479844890665823
139,1362,1501,0.14798109876426258
137,1375,1512,0.14797337855257817
141,1366,1507,0.1479712359167888
140,1377,1517,0.14795903989881873
134,1387,1521,0.1479500846982013
132,1382,1514,0.14795863276993274
134,1376,1510,0.14797210112895315
129,1371,1500,0.1479791520914685
130,1377,1507,0.14799925353082757
128,1375,1503,0.14801553281362853
126,1374,1500,0.1480360133627833
126,1374,1500,0.1480600494433633
126,1386,1512,0.14808247826434784
121,1385,1506,0.1481035294099839
127,1386,1513,0.14813667591158444
128,1395,1523,0.14815221068255022
126,1388,1514,0.14816440121362923
128,1385,1513,0.14818095244782822
127,1390,1517,0.1481899415319609
122,1388,1510,0.14820055514986308
124,1379,1503,0.14822435017475682
125,1402,1527,0.14824162460464776
127,1393,1520,0.14825468503320485
129,1384,1513,0.1482619754251484
126,1386,1512,0.1482642494861697
124,1394,1518,0.14827469320568798
125,1384,1509,0.1482896048912085
128,1394,1522,0.14830120538676658
128,1401,1529,0.14830375251450698
126,1397,1523,0.14830655227928685
124,1391,1515,0.14831470411661732
120,1398,1518,0.1483273798916881
123,1385,1508,0.14834959987646637
121,1396,1517,0.14836221928641746
121,1408,1529,0.14837937383743113
119,1409,1528,0.14839533370631003
120,1407,1527,0.14841537724392245
120,1395,1515,0.14843132631961492
120,1396,1516,0.14844615331246358
121,1381,1502,0.1484599047814736
119,1387,1506,0.14847058416684308
123,1388,1511,0.1484856480045325
125,1381,1506,0.14848890788975438
125,1379,1504,0.14848622709421602
125,1375,1500,0.14848387533753574
124,1373,1497,0.14848160632017512
123,1386,1509,0.14848291950707654
121,1397,1518,0.14848693573482316
122,1408,1530,0.1484959931012143
118,1408,1526,0.14850138281385655
118,1407,1525,0.14851707690808047
118,1400,1518,0.14853207000117874
119,1400,1519,0.14854664682562174
124,1391,1515,0.14855672051352822
124,1384,1508,0.148552851839399
123,1386,1509,0.1485493774140729
123,1385,1508,0.14854835974408354
124,1377,1501,0.14854720830160895
122,1377,1499,0.14854311452908117
123,1374,1497,0.14854457249397626
126,1374,1500,0.14854355792138188
126,1385,1511,0.14853357096316125
126,1388,1514,0.148524712220233
127,1392,1519,0.14851713679422185
127,1386,1513,0.1485076501075571
128,1394,1522,0.148498516304553
129,1394,1523,0.148487244726409
131,1395,1526,0.14847406060841858
128,1395,1523,0.14845674850104768
126,1397,1523,0.14844889611126913
124,1384,1508,0.14844669788908404
126,1390,1516,0.1484500513378694
129,1391,1520,0.14844743177999084
125,1389,1514,0.14843743545275603
126,1383,1509,0.14843859084315972
125,1387,1512,0.14843698532507127
125,1386,1511,0.14843775852919985
125,1387,1512,0.1484384002748348
122,1388,1510,0.14843852800431281
118,1388,1506,0.14844639249333366
122,1385,1507,0.1484636779865088
121,1396,1517,0.14846951066492323
122,1396,1518,0.14847758829260876
123,1386,1509,0.1484819897761875
122,1389,1511,0.14848344785771808
122,1394,1516,0.14848693212510805
121,1397,1518,0.14849021023974437
121,1393,1514,0.14849620957873755
119,1388,1507,0.14850215827272542
117,1390,1507,0.1485126412389511
113,1388,1501,0.14852688431520839
115,1391,1506,0.14855141821227943
118,1377,1495,0.1485687850655318
116,1392,1508,0.14857746674713732
116,1391,1507,0.14859116626081742
114,1397,1511,0.14860400395140463
115,1387,1502,0.14862167746442745
119,1391,1510,0.14863520828423732
118,1383,1501,0.14863729292356903
119,1384,1503,0.14864208037955415
116,1393,1509,0.14864426251740945
118,1397,1515,0.148654288502764
117,1399,1516,0.14865858759855174
113,1410,1523,0.1486654882620265
114,1402,1516,0.14868258279979546
117,1401,1518,0.14869548424139561
114,1405,1519,0.14869957083077437
114,1408,1522,0.14871147617243807
116,1396,1512,0.14872237817728864
119,1390,1509,0.14872707465333954
120,1385,1505,0.14872425079377646
119,1392,1511,0.14871983813207387
117,1396,1513,0.14871852052714524
116,1402,1518,0.14872294026020924
118,1407,1525,0.14872946556550598
119,1407,1526,0.14873028203502137
116,1405,1521,0.1487288774021969
118,1408,1526,0.1487353755767683
116,1408,1524,0.14873638716751902
115,1400,1515,0.14874301492998185
111,1407,1518,0.1487520377187736
111,1407,1518,0.14877136765176416
112,1406,1518,0.14878958180456683
113,1413,1526,0.14880412523849934
117,1401,1518,0.1488152768031432
118,1405,1523,0.1488145726093163
116,1398,1514,0.14881129388855002
115,1400,1515,0.1488135510379155
118,1391,1509,0.14881832181406227
118,1394,1512,0.14881533851727402
115,1405,1520,0.1488128723201318
115,1397,1512,0.14881853580912402
114,1399,1513,0.148823714121847
117,1411,1528,0.14883123767536915
112,1411,1523,0.1488303487540161
109,1406,1515,0.14884298406812774
110,1418,1528,0.14886247955996113
109,1405,1514,0.1488779130826284
110,1394,1504,0.148894969524099
113,1394,1507,0.14890920514505882
117,1407,1524,0.1489149617904367
113,1414,1527,0.14890960679583537
110,1403,1513,0.14891564207150937
110,1406,1516,0.14892927544381906
109,1415,1524,0.1489424062275716
110,1408,1518,0.14895725650017216
113,1408,1521,0.14896798308135387
114,1418,1532,0.14896956492028463
115,1412,1527,0.1489687515011922
112,1411,1523,0.1489652861303052
114,1420,1534,0.14897078431979055
114,1416,1530,0.14896995315932582
111,1422,1533,0.14896951738912625
111,1414,1525,0.1489770610968453
112,1418,1530,0.1489845958414707
111,1406,1517,0.14898852734924964
111,1398,1509,0.14899496997263095
113,1389,1502,0.1490007156821909
113,1406,1519,0.14900067644244797
109,1404,1513,0.14900075286960682
113,1409,1522,0.14901146315238728
112,1404,1516,0.14901081703874522
110,1414,1524,0.1490132856603103
106,1427,1533,0.14902114219659118
108,1414,1522,0.149038673422056
107,1415,1522,0.14904951910448969
104,1409,1513,0.14906188167097947
111,1406,1517,0.1490803231206813
112,1403,1515,0.14907845994017316
110,1419,1529,0.14907432469638204
110,1418,1528,0.14907592889866797
111,1409,1520,0.14907726327267823
110,1412,1522,0.14907539372194148
109,1409,1518,0.14907658236894306
111,1407,1518,0.14908012712112254
107,1414,1521,0.14907797011480478
105,1414,1519,0.149086062844024
102,1412,1514,0.1490987846545152
104,1405,1509,0.14911821896458427
104,1403,1507,0.14913096170576365
103,1405,1508,0.14914286738343688
101,1411,1512,0.14915655947336354
102,1403,1505,0.14917510121471922
105,1406,1511,0.14919023703778062
104,1397,1501,0.14919594203940906
105,1399,1504,0.1492039252834455
104,1412,1516,0.14920850032372018
104,1402,1506,0.1492156896671187
102,1404,1506,0.14922195957529244
104,1402,1506,0.14923227802029163
104,1398,1502,0.14923649423554713
103,1412,1515,0.14924046737795577
103,1407,1510,0.14924670680021224
103,1410,1513,0.14925227567335553
104,1426,1530,0.14925741470580436
108,1429,1537,0.14925972179008298
108,1431,1539,0.1492513872713018
106,1419,1525,0.1492438909946475
107,1399,1506,0.14924184068694457
104,1410,1514,0.14923792144515993
106,1406,1512,0.14924250324788793
103,1403,1506,0.14924165872131334
104,1408,1512,0.14924862699805191
103,1413,1516,0.1492527086673939
104,1417,1521,0.14925916523087313
105,1423,1528,0.1492631298413958
103,1414,1517,0.14926420696963352
103,1421,1524,0.14927078119081588
100,1410,1510,0.14927716811847472
100,1410,1510,0.1492907984643699
104,1411,1515,0.14930363661238322
101,1407,1508,0.14930431818744164
103,1410,1513,0.14931326211313878
105,1402,1507,0.14931573184884417
103,1412,1515,0.14931298934557927
102,1409,1511,0.14931532548000298
103,1421,1524,0.1493202786415454
103,1406,1509,0.14932231186467743
105,1406,1511,0.1493243179414579
104,1422,1526,0.1493211194353638
102,1430,1532,0.14932065442046485
101,1435,1536,0.14932622170649446
103,1426,1529,0.14933437152762746
101,1435,1536,0.14933636243307963
101,1421,1522,0.14934305447427895
102,1421,1523,0.14934926907987273
101,1417,1518,0.14935245035672637
100,1420,1520,0.1493583533127176
99,1418,1517,0.1493665840905783
101,1409,1510,0.14937663373446022
104,1420,1524,0.14938034099025171
105,1421,1526,0.14937628219090535
100,1428,1528,0.14937035934376994
102,1421,1523,0.14937868485352748
100,1422,1522,0.14938120471669475
99,1430,1529,0.14938935254640243
95,1427,1522,0.14940010341841753
93,1429,1522,0.14942053401615552
92,1424,1516,0.1494450290897969
96,1428,1524,0.14947109816823562
99,1414,1513,0.14948441039972088
102,1410,1512,0.14948853225733139
102,1406,1508,0.14948425738925322
101,1399,1500,0.14948056982538124
102,1404,1506,0.14947972485856137
104,1400,1504,0.14947638391303422
106,1403,1509,0.14946759361676432
106,1405,1511,0.1494549228162117
108,1406,1514,0.14944288672836378
105,1416,1521,0.14942644012599565
108,1428,1536,0.1494193537058382
104,1411,1515,0.14940560251557744
101,1414,1515,0.14940379323533776
103,1417,1520,0.14940920688081988
97,1407,1504,0.14940860898182773
100,1409,1509,0.14942432242087814
100,1397,1497,0.14943063177368085
102,1406,1508,0.14943619528573682
104,1406,1510,0.1494360720566141
103,1419,1522,0.14943078460635859
103,1421,1524,0.14942863276304574
102,1416,1518,0.14942703200509425
99,1421,1520,0.1494286613569499
96,1416,1512,0.14943762246295786
95,1409,1504,0.14945392567023957
97,1408,1505,0.1494717275252809
99,1415,1514,0.14948302686005352
97,1418,1515,0.14948834312710932
96,1403,1499,0.14949913231975354
99,1415,1514,0.1495118153900866
98,1421,1519,0.1495158725711189
97,1429,1526,0.14952234410210988
94,1419,1513,0.14953152184503873
99,1417,1516,0.14954787895230823
99,1412,1511,0.14954985052004083
99,1423,1522,0.14955183415714604
98,1418,1516,0.14955387504826997
97,1430,1527,0.14955842830998722
97,1435,1532,0.14956532739946937
94,1432,1526,0.14957190191892455
95,1430,1525,0.14958598811070536
96,1426,1522,0.14959638118576066
95,1431,1526,0.14960370801451478
91,1418,1509,0.14961311931131185
90,1422,1512,0.14963210031970478
91,1442,1533,0.1496524678419206
92,1428,1520,0.14966864110954212
92,1419,1511,0.14968131616067812
96,1436,1532,0.14969322092143056
95,1427,1522,0.14969398065839587
91,1423,1514,0.14969774899082533
93,1421,1514,0.14971227305802695
94,1425,1519,0.14972013652642513
96,1432,1528,0.14972501517284387
93,1441,1534,0.14972431518926071
93,1449,1542,0.14973142577365267
94,1432,1526,0.14973795403053877
92,1437,1529,0.1497410838058893
92,1432,1524,0.1497494054657323
93,1441,1534,0.14975663861020763
91,1436,1527,0.1497606958266589
90,1428,1518,0.14976977301590144
90,1426,1516,0.14978091308869906
91,1423,1514,0.1497911927154602
92,1437,1529,0.14979791564379413
93,1418,1511,0.14980146167957734
93,1405,1498,0.14980251924598886
92,1425,1517,0.1498035778183913
88,1440,1528,0.14980723549847547
92,1438,1530,0.14982182155638024
91,1429,1520,0.14982403834213373
91,1417,1508,0.14982895039161842
91,1424,1515,0.14983379219774273
95,1429,1524,0.14983800936502326
95,1428,1523,0.14983047702775948
91,1417,1508,0.14982356550400902
91,1422,1513,0.14982837155378828
91,1432,1523,0.14983299587688698
86,1444,1530,0.14983697933987916
87,1439,1526,0.1498535626173231
86,1444,1530,0.14986581955128084
85,1434,1519,0.1498799518328652
83,1422,1505,0.14989580249406795
80,1419,1499,0.14991644665925502
83,1428,1511,0.14994411096202634
79,1428,1507,0.14996148214157398
79,1438,1517,0.149988562022482
80,1432,1512,0.15001376428041177
80,1435,1515,0.15003502119802942
77,1438,1515,0.15005453483440656
79,1443,1522,0.15008124223313624
78,1437,1515,0.1501006025225108
78,1425,1503,0.15012123686105952
71,1441,1512,0.15014091653975647
72,1447,1519,0.15017907892124707
72,1444,1516,0.1502118379062543
75,1453,1528,0.15024225434292085
74,1446,1520,0.15026276644241038
74,1447,1521,0.1502845895193301
73,1441,1514,0.15030502531015025
73,1443,1516,0.15032682815786477
70,1445,1515,0.1503473663450772
67,1445,1512,0.15037501726317
66,1444,1510,0.15040909337614256
63,1444,1507,0.15044387136621817
61,1454,1515,0.15048469285673322
64,1453,1517,0.1505283090666774
63,1461,1524,0.15056116227053035
60,1477,1537,0.15059484435326667
60,1466,1526,0.15063512020907166
60,1461,1521,0.15067269223104343
61,1451,1512,0.15070760047154114
59,1443,1502,0.150737526003624
61,1449,1510,0.1507713055841262
60,1456,1516,0.15079747296797563
59,1464,1523,0.15082478657921797
59,1475,1534,0.15085295046507186
59,1469,1528,0.15088004225454862
58,1446,1504,0.1509055173374644
56,1454,1510,0.15093226048423505
52,1456,1508,0.15096272336932998
54,1463,1517,0.15100274642606568
55,1460,1515,0.15103461204101587
53,1455,1508,0.15106181536905422
51,1448,1499,0.15109287984363695
53,1456,1509,0.1511277416662822
54,1465,1519,0.15115490507140258
53,1458,1511,0.15117788069621024
52,1457,1509,0.15120207924595824
54,1458,1512,0.15122769118842747
54,1443,1497,0.15124627557126957
52,1451,1503,0.1512634872142686
52,1468,1520,0.1512853250110575
52,1452,1504,0.151305826904433
53,1449,1502,0.15132483931990687
55,1462,1517,0.15134024014215575
57,1464,1521,0.15134886066306127
57,1461,1518,0.15135157507833438
55,1453,1508,0.15135444182663427
54,1454,1508,0.15136267438589235
55,1451,1506,0.15137369697960334
56,1470,1526,0.15138132880900856
56,1477,1533,0.15138553404782204
57,1472,1529,0.15138926333031472
54,1477,1531,0.15138995513986067
54,1472,1526,0.15139879574331402
51,1468,1519,0.15140706336015125
55,1468,1523,0.15142325142806182
52,1474,1526,0.15142715804608536
52,1475,1527,0.15143931661996649
52,1482,1534,0.1514506722054159
51,1482,1533,0.151461098604441
52,1466,1518,0.15147356570222606
51,1472,1523,0.15148252162433473
50,1474,1524,0.1514936970374851
49,1475,1524,0.15150679885447954
50,1474,1524,0.151521776953216
49,1475,1524,0.15153294358344221
50,1475,1525,0.15154610340357283
52,1467,1519,0.1515558443973812
51,1459,1510,0.1515592156172276
50,1478,1528,0.1515652820592745
48,1479,1527,0.1515737767844979
48,1473,1521,0.1515874577715881
47,1467,1514,0.1516002587991872
48,1461,1509,0.15161492901175075
49,1473,1522,0.1516258949591654
49,1470,1519,0.15163335228736996
51,1460,1511,0.15164023694796755
50,1467,1517,0.15164079420505655
50,1467,1517,0.15164400020918115
49,1470,1519,0.15164702363053226
50,1457,1507,0.15165278286132866
50,1470,1520,0.15165549060247144
50,1476,1526,0.15165784353315132
53,1480,1533,0.15166002985632018
51,1482,1533,0.15165358944557628
51,1478,1529,0.15165319189035015
51,1485,1536,0.15165287157959928
49,1475,1524,0.1516525930091853
50,1469,1519,0.15165793791128918
46,1457,1503,0.15166004356536184
46,1463,1509,0.1516735076421013
46,1471,1517,0.1516856937775149
47,1465,1512,0.1516971043464137
47,1452,1499,0.15170500207341167
50,1464,1514,0.15171236286669376
52,1473,1525,0.15171061455430934
54,1469,1523,0.151703047715756
55,1468,1523,0.15169026798553673
54,1463,1517,0.15167546287267036
54,1464,1518,0.15166446595264088
55,1459,1514,0.15165416346709376
56,1476,1532,0.15164141541160428
56,1471,1527,0.15162652430969414
54,1470,1524,0.15161264822801754
53,1469,1522,0.15160536974258246
52,1462,1514,0.15160131499136514
52,1464,1516,0.15160047397263574
52,1471,1523,0.15159994902712384
52,1473,1525,0.1515993508956965
54,1466,1520,0.1515988360534863
54,1475,1529,0.15159287781418748
53,1465,1518,0.15158731625707134
55,1457,1512,0.15158462710795217
55,1470,1525,0.15157644924732463
56,1462,1518,0.15156909643720376
56,1472,1528,0.15155931355178084
57,1464,1521,0.15155020118770193
57,1460,1517,0.1515387597752981
56,1468,1524,0.15152809983536247
53,1459,1512,0.1515211428461569
52,1455,1507,0.15152274242574904
55,1460,1515,0.1515270467017795
56,1455,1511,0.15152265067871096
54,1456,1510,0.1515155944832817
53,1456,1509,0.15151446982769276
53,1470,1523,0.15151611304462773
51,1476,1527,0.15151765087216476
52,1470,1522,0.15152467809395154
52,1465,1517,0.15152833873407937
50,1468,1518,0.15153180983970035
49,1480,1529,0.15154088501736748
47,1485,1532,0.15155217343109587
49,1485,1534,0.15156838845625908
46,1461,1507,0.15157775518288813
45,1466,1511,0.15159518607430525
45,1471,1516,0.15161425351939967
46,1471,1517,0.15163203856684496
48,1471,1519,0.15164568893461464
47,1476,1523,0.15165280732528835
47,1473,1520,0.15166219002247275
46,1484,1530,0.15167103233105655
47,1488,1535,0.1516820112617023
47,1486,1533,0.15168945525733576
45,1481,1526,0.15169644505942248
44,1485,1529,0.15170888207823013
45,1476,1521,0.15172344770705756
45,1474,1519,0.15173414201085136
43,1464,1507,0.15174426664028104
43,1461,1504,0.15175934186440962
41,1460,1501,0.1517737288926374
39,1462,1501,0.15179340158993385
41,1466,1507,0.15181750479886752
41,1470,1511,0.15183448399153004
42,1456,1498,0.1518503144659203
43,1466,1509,0.1518622783129426
42,1486,1528,0.15187065395645252
42,1474,1516,0.15188169964509105
40,1471,1511,0.15189218666904938
40,1477,1517,0.1519077355877631
41,1477,1518,0.151922302215888
42,1486,1528,0.15193309623868367
42,1474,1516,0.15194028395392464
43,1469,1512,0.1519471038421499
41,1473,1514,0.15195079227935954
41,1473,1514,0.1519598840620081
40,1494,1534,0.15196865167990953
42,1483,1525,0.15197969873894468
41,1472,1513,0.15198432398474787
41,1482,1523,0.15199165283860758
40,1486,1526,0.1519985397649693
41,1483,1524,0.1520077854553491
43,1487,1530,0.1520137397699518
41,1490,1531,0.15201364012590082
41,1489,1530,0.1520193256616107
39,1483,1522,0.15202475979971186
40,1479,1519,0.15203554741970174
37,1487,1524,0.1520430468857454
34,1478,1512,0.15205854835819055
32,1481,1513,0.15208176946587265
33,1484,1517,0.15210917677624325
33,1479,1512,0.15213180630130854
34,1494,1528,0.1521530775234314
35,1491,1526,0.15217023913641406
36,1485,1521,0.1521834979444437
33,1482,1515,0.15219301945185465
33,1474,1507,0.15221043667022463
32,1471,1503,0.15222675020273715
30,1484,1514,0.15224506731327858
30,1478,1508,0.15226829576940415
29,1480,1509,0.15229004074458327
28,1481,1509,0.15231332417249174
28,1487,1515,0.1523381323871251
28,1488,1516,0.152361365096316
29,1479,1508,0.15238313467094453
31,1487,1518,0.1524005977014506
30,1485,1515,0.15241104104797146
29,1492,1521,0.15242387738042557
29,1489,1518,0.15243874380958172
27,1486,1513,0.1524525850927006
30,1478,1508,0.15247157064900874
32,1476,1508,0.15248051217986372
32,1463,1495,0.15248292356381007
31,1458,1489,0.15248520855183081
33,1467,1500,0.15249024981723866
33,1479,1512,0.15248922508828266
36,1478,1514,0.15248835920049153
36,1474,1510,0.15247882417802544
35,1463,1498,0.1524698269005961
34,1471,1505,0.15246439910197002
35,1461,1496,0.15246220348430026
34,1466,1500,0.15245734269932312
33,1465,1498,0.15245585840111242
34,1475,1509,0.1524573235343062
33,1497,1530,0.15245587971749597
31,1489,1520,0.15245730472424956
29,1485,1514,0.15246440697059283
30,1481,1511,0.15247691063038554
30,1483,1513,0.15248578352420378
28,1473,1501,0.152494058137233
27,1471,1498,0.15250760153346435
30,1471,1501,0.15252310497883342
30,1470,1500,0.15252877994880204
30,1467,1497,0.15253412879596137
27,1473,1500,0.15253906468930445
29,1479,1508,0.15255256238718626
31,1480,1511,0.1525592672184244
29,1494,1523,0.1525597010894004
30,1481,1511,0.15256610769352702
32,1490,1522,0.15256911077128466
31,1479,1510,0.15256600173866264
31,1484,1515,0.1525659466171024
30,1474,1504,0.15256592120968815
28,1477,1505,0.15256900585550145
29,1480,1509,0.15257769683260403
29,1498,1527,0.1525828484564189
30,1489,1519,0.15258769262309485
29,1499,1528,0.1525893356509968
29,1489,1518,0.15259373077567712
29,1468,1497,0.15259787424061494
30,1468,1498,0.15260175574033288
32,1474,1506,0.1526023283192902
33,1472,1505,0.1525970354673229
32,1490,1522,0.1525891421774067
33,1487,1520,0.15258476656212014
34,1480,1514,0.1525776968335129
34,1481,1515,0.1525681367702498
32,1481,1513,0.1525592288244
32,1483,1515,0.1525567996025058
31,1477,1508,0.15255449400302282
28,1481,1509,0.15255514582235527
29,1488,1517,0.15256460846077535
27,1486,1513,0.15257065422089067
29,1482,1511,0.1525823336269549
30,1498,1528,0.1525873179851083
31,1481,1512,0.15258896799764918
29,1487,1516,0.15258755082276754
30,1483,1513,0.15259211493594527
30,1476,1506,0.15259342965943787
32,1463,1495,0.15259500575243817
33,1467,1500,0.1525905347464757
31,1474,1505,0.15258345815703267
30,1481,1511,0.1525826463419136
31,1487,1518,0.1525848093133421
31,1481,1512,0.15258388303777148
31,1473,1504,0.1525830054257698
32,1473,1505,0.15258221803483107
34,1475,1509,0.15257863909138109
34,1479,1513,0.15256949997349328
35,1479,1514,0.15256098954079514
34,1489,1523,0.15255013861988226
30,1477,1507,0.15254292553889084
32,1489,1521,0.1525478435591358
33,1484,1517,0.15254679158360201
32,1482,1514,0.1525428884335346
33,1484,1517,0.15254229624345833
33,1489,1522,0.1525387449265011
32,1490,1522,0.1525353024843472
34,1485,1519,0.15253503766585463
32,1483,1515,0.1525288921538079
34,1480,1514,0.1525289752320858
33,1491,1524,0.15252312867361278
33,1472,1505,0.15252059703011922
32,1476,1508,0.15251827082117983
30,1481,1511,0.1525189533000227
30,1481,1511,0.15252558368599098
28,1482,1510,0.1525317453577536
25,1496,1521,0.1525431956133945
26,1468,1494,0.15256273186128058
26,1476,1502,0.1525778967664026
26,1496,1522,0.15259210028950668
27,1482,1509,0.15260527326876658
27,1486,1513,0.15261476095391557
28,1490,1518,0.15262364935861344
28,1491,1519,0.15262896316844407
28,1489,1517,0.1526338597484366
28,1484,1512,0.15263851062893552
28,1479,1507,0.15264285963568433
28,1488,1516,0.15264693241433203
29,1486,1515,0.15265071971088545
30,1488,1518,0.15265134904009992
29,1498,1527,0.15264895145746027
29,1501,1530,0.15264969973241524
30,1491,1521,0.15265028874618655
30,1486,1516,0.15264781518436418
30,1479,1509,0.15264552070944568
31,1479,1510,0.152643372794773
31,1486,1517,0.15263840630550704
31,1495,1526,0.1526337704850488
31,1491,1522,0.15262943197643325
31,1495,1526,0.15262537023806658
32,1492,1524,0.15262156585716005
32,1494,1526,0.15261508755977246
31,1497,1528,0.1526090207309766
31,1476,1507,0.15260634486989377
30,1485,1515,0.15260381415443638
30,1489,1519,0.15260442400790908
28,1497,1525,0.1526049669983351
28,1493,1521,0.1526113006746131
28,1485,1513,0.15261722045535708
28,1487,1515,0.15262275505984846
27,1491,1518,0.15262792956310187
27,1485,1512,0.15263564829083423
27,1498,1525,0.1526429061683243
25,1494,1519,0.15264983200992677
25,1502,1527,0.15266223793611908
24,1502,1526,0.15267384156930006
24,1494,1518,0.15268767917408776
23,1485,1508,0.15270063339677425
23,1478,1501,0.15271572771812994
23,1499,1522,0.15272995459202562
25,1496,1521,0.1527432850856501
25,1505,1530,0.15274973671843514
25,1488,1513,0.15275583048022626
23,1477,1500,0.15276155665897168
22,1477,1499,0.15277296621962072
21,1471,1492,0.1527865509832028
20,1477,1497,0.15280230339060769
21,1476,1497,0.15282002791723875
21,1480,1501,0.15283371958110165
22,1497,1519,0.15284659946007267
21,1494,1515,0.15285566895091596
21,1495,1516,0.15286717240438508
19,1504,1523,0.15287797105054446
18,1492,1510,0.15289412843150715
19,1502,1521,0.15291232797214632
19,1501,1520,0.15292644527774216
20,1492,1512,0.15293973121620902
21,1498,1519,0.15294911437999115
20,1499,1519,0.1529550181415666
20,1500,1520,0.152963624902621
20,1507,1527,0.15297168735497851
20,1506,1526,0.15297920920666677
21,1498,1519,0.15298631266055135
23,1482,1505,0.15299004408582423
23,1478,1501,0.15298758094798398
22,1479,1501,0.15298528866234987
22,1492,1514,0.1529859403271883
22,1479,1501,0.15298660090443994
23,1475,1498,0.15298722802865677
23,1479,1502,0.15298482234833494
24,1485,1509,0.15298257446989325
24,1496,1520,0.1529775518378821
24,1501,1525,0.1529728329711298
25,1498,1523,0.1529684208901746
26,1498,1524,0.15296128459302036
26,1500,1526,0.152951690604745
26,1494,1520,0.15294268409050837
26,1503,1529,0.15293407061584408
26,1498,1524,0.15292604233866355
26,1485,1511,0.1529185169332732
25,1502,1527,0.15291146030491354
24,1498,1522,0.15290770983031327
24,1504,1528,0.15290718780098278
26,1500,1526,0.152906737564177
26,1494,1520,0.15290039732506383
26,1503,1529,0.15289442269936263
26,1490,1516,0.15288882155446173
28,1483,1511,0.15288357317219883
29,1492,1521,0.15287270748242218
30,1491,1521,0.15285966938936238
29,1484,1513,0.15284447726318404
28,1491,1519,0.1528332497012958
28,1493,1521,0.15282574280286337
27,1504,1531,0.1528187022110594
25,1504,1529,0.15281509815602323
29,1498,1527,0.15281777618515424
29,1490,1519,0.1528084433022741
29,1486,1515,0.1527998273238344
30,1481,1511,0.15279178585103384
32,1485,1517,0.15278141568842438
31,1485,1516,0.15276578995917559
31,1479,1510,0.15275408683043507
31,1468,1499,0.15274307960423378
32,1468,1500,0.1527328390408842
31,1476,1507,0.15272048909030797
33,1491,1524,0.1527117770911257
32,1488,1520,0.15269771633506707
31,1485,1516,0.15268747642743993
31,1498,1529,0.15268085166021828
29,1480,1509,0.1526746115294539
29,1488,1517,0.15267452390861252
31,1482,1513,0.15267442624479838
32,1487,1519,0.15266849633744953
31,1484,1515,0.1526599047052114
32,1498,1530,0.1526547839920088
32,1494,1526,0.15264711586139257
32,1496,1528,0.15263990025127033
31,1494,1525,0.15263313173006893
31,1493,1524,0.15262972002210085
30,1506,1536,0.15262652311211403
31,1495,1526,0.1526263678080521
33,1491,1524,0.15262334058192098
32,1485,1517,0.1526146902905642
31,1487,1518,0.15260956634833048
32,1485,1517,0.15260771740647905
33,1482,1515,0.15260300630071297
31,1480,1511,0.15259550090016988
31,1479,1510,0.15259426921053218
32,1477,1509,0.1525931019530856
32,1483,1515,0.15258896894631901
32,1470,1502,0.15258509862138606
33,1463,1496,0.15258146744596773
32,1474,1506,0.1525752101096608
31,1480,1511,0.15257216358361755
30,1484,1514,0.1525722109412036
28,1479,1507,0.1525751294066286
28,1479,1507,0.15258367926351898
27,1485,1512,0.15259191519766893
26,1488,1514,0.1526024936150203
26,1486,1512,0.15261530379167795
26,1496,1522,0.15262734528563435
27,1500,1527,0.15263863008372103
27,1499,1526,0.15264635343562694
27,1505,1532,0.15265357536633253
26,1500,1526,0.15266035071000825
26,1500,1526,0.15266946614716762
25,1494,1519,0.15267813024684482
25,1499,1524,0.15268889471107247
25,1478,1503,0.15269905797952185
24,1482,1506,0.1527085876473779
23,1485,1508,0.1527204841090014
23,1471,1494,0.1527346396254772
24,1477,1501,0.15274790823896198
25,1470,1495,0.15275736159809727
24,1485,1509,0.15276320594995707
24,1478,1502,0.15277167053372995
23,1485,1508,0.15277961877300877
24,1486,1510,0.15279013543176478
25,1489,1514,0.15279691984440164
25,1493,1518,0.15280022170075933
25,1483,1508,0.15280328270463162
24,1499,1523,0.152806150759742
21,1509,1530,0.15281184099373685
21,1513,1534,0.1528260078491082
23,1510,1533,0.15283926697871725
23,1497,1520,0.15284561947914777
22,1503,1525,0.15285161668878888
22,1499,1521,0.15286016960820073
22,1491,1513,0.15286822436330316
21,1494,1515,0.15287578312964029
22,1482,1504,0.15288589350237572
23,1475,1498,0.1528924299685468
23,1485,1508,0.15289560927100887
23,1479,1502,0.15289857843011012
23,1474,1497,0.15290143176609575
21,1475,1496,0.15290399967870172
24,1476,1500,0.1529124295142915
24,1484,1508,0.1529112879796142
25,1494,1519,0.15291027397184817
26,1480,1506,0.1529062959437522
26,1483,1509,0.15289953652634136
25,1489,1514,0.1528931172091705
24,1475,1499,0.1528902139999198
22,1484,1506,0.15289043218151316
22,1485,1507,0.15289651676849852
21,1497,1518,0.15290214458156678
21,1499,1520,0.1529104922230598
22,1496,1518,0.15291831687481633
24,1499,1523,0.15292256427430614
24,1502,1526,0.1529205084180395
25,1486,1511,0.15291859265624758
27,1488,1515,0.1529136666376468
28,1491,1519,0.15290303666976895
29,1489,1518,0.15289009079352867
29,1489,1518,0.15287488754148343
28,1484,1512,0.1528606744898761
26,1473,1499,0.15285033189892444
26,1496,1522,0.15284676976548797
24,1485,1509,0.15284338776213643
23,1501,1524,0.15284622221720834
22,1487,1509,0.152851833229689
21,1486,1507,0.1528601539339751
20,1497,1517,0.15287087201693844
20,1496,1516,0.15288402577935464
20,1488,1508,0.1528963460709978
19,1496,1515,0.15290790047237743
19,1493,1512,0.15292179254746835
19,1508,1527,0.15293481562121616
17,1496,1513,0.15294703622557132
17,1502,1519,0.1529646127073052
16,1481,1497,0.15298114417290182
17,1484,1501,0.1529997397049975
16,1486,1502,0.1530140403251333
15,1492,1507,0.15303048581844428
16,1493,1509,0.15304911409332622
17,1492,1509,0.15306354684947718
17,1497,1514,0.1530739834028102
16,1506,1522,0.15308381049612974
14,1506,1520,0.15309598230899651
14,1509,1523,0.15311369142425238
16,1507,1523,0.1531302988066465
17,1493,1510,0.1531396656351175
18,1495,1513,0.15314538879505324
17,1507,1524,0.15314770652164944
17,1506,1523,0.15315303286381807
15,1511,1526,0.15315804105573133
14,1499,1513,0.15316899903062
14,1511,1525,0.1531824369234795
14,1504,1518,0.15319504486405003
14,1514,1528,0.1532068824150791
14,1507,1521,0.15321800165916136
14,1505,1519,0.1532284484879791
14,1499,1513,0.15323826472947227
14,1499,1513,0.15324748912198874
15,1510,1525,0.15325615779473245
15,1503,1518,0.15326115776200766
15,1513,1528,0.15326596226962905
15,1504,1519,0.15327049993152983
14,1492,1506,0.15327473295240052
14,1497,1511,0.15328183232083512
13,1515,1528,0.15328848540563567
14,1509,1523,0.15329785053462447
13,1503,1516,0.15330349428842405
13,1498,1511,0.15331193332154386
13,1498,1511,0.15331983628847298
13,1494,1507,0.1533272515539015
12,1498,1510,0.15333421021733973
11,1504,1515,0.15334389350561564
11,1506,1517,0.15335611186481832
11,1527,1538,0.15336757254995542
10,1503,1513,0.1533783392195333
10,1510,1520,0.15339156839353335
10,1512,1522,0.1534040156707979
11,1508,1519,0.15341572434008477
11,1499,1510,0.15342356900006382
11,1505,1516,0.1534309548906856
11,1497,1508,0.15343789510760394
12,1516,1528,0.15344441715823787
10,1509,1519,0.15344743042286402
11,1519,1530,0.15345655044843856
11,1513,1524,0.1534619388681396
14,1519,1533,0.15346702085570776
13,1500,1513,0.15346235668635536
14,1502,1516,0.15346119534224872
15,1503,1518,0.15345692404599376
17,1503,1520,0.15344981861953005
17,1506,1523,0.1534369157004699
16,1508,1524,0.1534248307850334
17,1509,1526,0.15341661406325952
17,1510,1527,0.1534057628124463
18,1503,1521,0.1533956067334095
16,1497,1513,0.153382899173284
17,1503,1520,0.15337725263402624
17,1492,1509,0.15336883306054439
17,1499,1516,0.15336095477210798
20,1504,1524,0.15335356191628166
19,1496,1515,0.153337068791493
18,1501,1519,0.15332477420180277
17,1504,1521,0.15331637295499173
17,1503,1520,0.1533115404879615
16,1498,1514,0.1533069834095706
15,1505,1520,0.15330579326270694
16,1498,1514,0.15330778276219015
16,1496,1512,0.15330646972837358
17,1496,1513,0.15330524691294609
16,1507,1523,0.15330095120692777
17,1503,1520,0.1533000267500493
19,1499,1518,0.15329600955798794
19,1498,1517,0.15328600055021369
18,1496,1514,0.15327666884443616
18,1499,1517,0.153271054967622
18,1500,1518,0.15326577078632903
17,1502,1519,0.15326080570062922
17,1509,1526,0.1532592497975723
15,1502,1517,0.15325775947626913
16,1503,1519,0.15326266389881377
18,1489,1507,0.15326405289789824
19,1487,1506,0.1532590676885584
19,1485,1504,0.15325129151149897
20,1497,1517,0.15324402901816675
20,1497,1517,0.15323401899186245
19,1497,1516,0.153224637603418
18,1496,1514,0.15321900877149192
17,1482,1499,0.15321690979278035
18,1493,1511,0.15321805465310298
18,1507,1525,0.15321598938296555
18,1505,1523,0.1532140581700996
18,1490,1508,0.15321212835403994
20,1498,1518,0.1532103395111313
20,1487,1507,0.15320244211487893
20,1503,1523,0.153195045016558
20,1512,1532,0.1531881013945813
20,1494,1514,0.1531815816860498
20,1487,1507,0.15317545918828251
21,1485,1506,0.15316970910835376
20,1474,1494,0.1531612157569689
23,1488,1511,0.15315635880953185
22,1487,1509,0.15314242462994795
24,1490,1514,0.15313253097986354
24,1480,1504,0.15311704012117772
24,1474,1498,0.15310256221038165
25,1489,1514,0.1530889685906671
24,1500,1524,0.15307319465956382
23,1501,1524,0.15306140621447983
23,1500,1523,0.1530534633467947
23,1507,1530,0.15304598890263668
23,1515,1538,0.15303895822105187
24,1509,1533,0.1530323476780719
25,1493,1518,0.15302310016295606
25,1477,1502,0.15301128710276077
24,1482,1506,0.1530001833610094
24,1485,1509,0.15299283115583354
25,1479,1504,0.15298590495844114
24,1467,1491,0.15297627682366666
25,1468,1493,0.15297024665506417
25,1473,1498,0.1529616361020209
25,1474,1499,0.15295352193206468
24,1481,1505,0.1529459004372078
24,1478,1502,0.152941806918795
24,1474,1498,0.1529379448848449
22,1480,1502,0.15293431288113665
20,1480,1500,0.1529371152108781
20,1491,1511,0.15294589121115706
20,1494,1514,0.15295406684540766
19,1482,1501,0.15296172446465428
16,1470,1486,0.15297201388563442
17,1483,1500,0.15299091930763828
18,1485,1503,0.15300552218058094
19,1507,1526,0.15301617106774576
19,1499,1518,0.15302304719686113
19,1504,1523,0.15302952634354436
20,1500,1520,0.15303561966859042
20,1481,1501,0.15303823293337251
18,1485,1503,0.1530407169047236
18,1495,1513,0.15304930912163695
18,1501,1519,0.1530573516001875
19,1500,1519,0.15306488650879613
19,1496,1515,0.15306888029004542
19,1491,1510,0.15307262409427042
18,1489,1507,0.15307616331082857
19,1490,1509,0.15308261501062936
19,1482,1501,0.15308549899552262
20,1490,1510,0.15308821393222563
21,1489,1510,0.15308766980979097
20,1485,1505,0.15308412087270473
20,1478,1498,0.1530839452212871
18,1497,1515,0.1530837711974643
18,1491,1509,0.15308984496465555
18,1495,1513,0.15309551805697627
17,1506,1523,0.15310084294345291
16,1512,1528,0.15310896829331694
16,1495,1511,0.15311965151721701
16,1492,1508,0.15312966650265641
16,1487,1503,0.15313906949815265
16,1484,1500,0.15314780897872762
16,1487,1503,0.153156046267977
14,1511,1525,0.15316379479733971
13,1508,1521,0.15317734616766385
13,1498,1511,0.15319319555012698
13,1497,1510,0.15320806240768484
14,1491,1505,0.15322202986017924
14,1507,1521,0.1532319923011197
15,1509,1524,0.15324137322451387
15,1499,1514,0.15324701146050818
13,1506,1519,0.1532523293098762
13,1511,1524,0.15326368411337016
13,1510,1523,0.15327433744011532
13,1500,1513,0.15328434108154226
13,1501,1514,0.15329374009089075
13,1497,1510,0.1533025732404624
13,1505,1518,0.15331087561998383
13,1500,1513,0.1533187637878417
11,1501,1512,0.15332616015468856
10,1486,1496,0.15333928523877133
9,1495,1504,0.15335477240279288
9,1494,1503,0.15337253269852683
9,1496,1505,0.15338923300645682
9,1496,1505,0.15340493789578527
7,1515,1522,0.15341970748699763
7,1519,1526,0.15343987383376764
7,1512,1519,0.15345883242383512
7,1517,1524,0.15347666095924364
7,1505,1512,0.15349342792756468
7,1508,1515,0.15350919705912147
7,1512,1519,0.15352402800992906
7,1508,1515,0.15353797678139533
5,1509,1514,0.15355109599335062
5,1519,1524,0.15356976590263435
5,1522,1527,0.15358732277527876
5,1510,1515,0.15360384169145008
4,1512,1516,0.1536193841030412
4,1523,1527,0.15363720420986218
4,1514,1518,0.15365395371319474
4,1510,1514,0.15366970781202
5,1508,1513,0.15368452836773153
4,1497,1501,0.15369529905500012
4,1499,1503,0.1537085382980725
4,1513,1517,0.1537210436947745
4,1523,1527,0.15373281742731554
4,1519,1523,0.15374389738140612
4,1521,1525,0.15375432287025861
5,1508,1513,0.15376413186262394
5,1511,1516,0.15377014198776012
5,1517,1522,0.1537758150757723
5,1508,1513,0.15378115965580177
5,1502,1507,0.15378619090358614
4,1498,1502,0.1537909257363441
4,1494,1498,0.15379856890184163
4,1502,1506,0.15380574080387202
4,1491,1495,0.15381248614312423
4,1496,1500,0.1538188319308769
5,1502,1507,0.15382480194610282
5,1499,1504,0.15382721235083058
5,1498,1503,0.15382949990892847
5,1508,1513,0.1538316539476087
5,1517,1522,0.1538336804123931
5,1506,1511,0.15383558658039742
4,1502,1506,0.1538373795551418
4,1513,1517,0.15384224921789943
4,1503,1507,0.15384682189097887
3,1501,1504,0.15385112639373028
4,1482,1486,0.1538583796246899
6,1483,1489,0.15386196194754556
6,1485,1491,0.15385892291966827
6,1497,1503,0.15385611317585762
6,1500,1506,0.1538534836342198
6,1499,1505,0.15385101549053454
6,1507,1513,0.15384869650625432
6,1518,1524,0.15384651671248317
6,1499,1505,0.15384446728414325
6,1496,1502,0.1538425401563117
6,1507,1513,0.15384072786109945
6,1518,1524,0.15383902344120476
6,1510,1516,0.15383742039428433
6,1507,1513,0.15383591263183452
6,1516,1522,0.15383449444606737
6,1508,1514,0.1538331604818087
6,1504,1510,0.15383190571187538
6,1501,1507,0.1538307254150435
6,1510,1516,0.15382961515605537
6,1506,1512,0.1538285707673005
6,1513,1519,0.1538275883319207
6,1507,1513,0.15382666416815455
6,1510,1516,0.1538257948147847
6,1518,1524,0.15382497701757775
6,1522,1528,0.15382420771662728
5,1514,1519,0.15382348403452462
5,1520,1525,0.15382599833275104
5,1515,1520,0.15382834325627964
5,1506,1511,0.15383054374193555
6,1509,1515,0.15383261197567016
7,1503,1510,0.15383137178503817
7,1508,1515,0.153827003769056
7,1512,1519,0.15382291425573982
5,1510,1515,0.1538190721215516
4,1518,1522,0.15382186833997075
4,1527,1531,0.1538276605054888
4,1502,1506,0.15383308525705722
4,1506,1510,0.15383818527351903
5,1506,1511,0.15384298282003317
5,1517,1522,0.15384428265667982
5,1511,1516,0.15384552653543654
5,1517,1522,0.15384670211579682
5,1527,1532,0.15384780982012594
5,1519,1524,0.15384885267969914
4,1522,1526,0.15384983418900064
4,1514,1518,0.1538539518439717
4,1509,1513,0.15385782044732166
4,1506,1510,0.1538614650160518
4,1513,1517,0.15386489706697695
3,1516,1519,0.15386812798989916
3,1513,1516,0.15387440110967676
2,1519,1521,0.1538802925720386
2,1512,1514,0.15388905306072778
1,1515,1516,0.1538972800144374
1,1518,1519,0.15390823451035518
1,1528,1529,0.15391852500706632
1,1517,1518,0.15392820463037105
0,1525,1525,0.15393731272725478
