1362,26,1388,0.13584133243269964
1398,27,1425,0.13303645648294804
1418,27,1445,0.13037580658707573
1433,29,1462,0.12789544024591312
1450,31,1481,0.12559296011844828
1449,32,1481,0.12344968974465154
1454,31,1485,0.12149983940584583
1455,31,1486,0.11971074568922356
1441,29,1470,0.11807811346888959
1455,30,1485,0.11662594802604516
1449,31,1480,0.11526847400145136
1454,29,1483,0.11404594221322827
1459,28,1487,0.11291951431773001
1454,28,1482,0.11188174262105711
1445,28,1473,0.1109480154789414
1460,29,1489,0.11011823029870924
1454,27,1481,0.10932727149447359
1454,28,1482,0.10862061827364061
1458,28,1486,0.10797721942955903
1460,26,1486,0.10738242266821478
1466,26,1492,0.10683567709542409
1468,25,1493,0.10632429646468794
1477,24,1501,0.10585390889198126
1481,26,1507,0.10540576852574951
1476,26,1502,0.1049885035415663
1471,24,1495,0.10461983345451635
1463,23,1486,0.10429519878663955
1473,21,1494,0.10401715390280575
1467,22,1489,0.10374205598441893
1474,22,1496,0.103504418296424
1479,21,1500,0.10327264332505579
1485,21,1506,0.1030511276812696
1475,22,1497,0.10283609561230467
1469,23,1492,0.10266195413367217
1460,22,1482,0.10251622362066248
1468,23,1491,0.1024025961942287
1471,22,1493,0.10228222333573221
1472,23,1495,0.10216613628685386
1469,24,1493,0.10205831459637349
1467,25,1492,0.1019662868521583
1461,24,1485,0.10188685776038742
1484,24,1508,0.10182748073949882
1480,26,1506,0.10172478597130405
1474,24,1498,0.10163958662738633
1482,23,1505,0.10157470186487562
1475,23,1498,0.10149824244051114
1483,22,1505,0.10144366775006745
1482,21,1503,0.1013768466836601
1478,21,1499,0.10131826461540294
1472,22,1494,0.10127331163354182
1472,22,1494,0.10124524859775871
1475,21,1496,0.10121988612115342
1476,20,1496,0.10119044434865578
1464,20,1484,0.10116141935638336
1461,21,1482,0.10116051103185103
1462,23,1485,0.10116603977342954
1460,24,1484,0.10116900055520034
1461,23,1484,0.10117565681419251
1461,22,1483,0.10117941710810217
1478,24,1502,0.1011830629186359
1462,25,1487,0.10115049072997281
1465,26,1491,0.10115462568103332
1473,26,1499,0.10115230756036787
1471,27,1498,0.10113337157102208
1469,28,1497,0.10112042918722491
1459,29,1488,0.10111267669112646
1457,28,1485,0.10112729679821332
1462,27,1489,0.10114474438332213
1458,27,1485,0.10115012971155345
1475,27,1502,0.10116339731571233
1478,29,1507,0.10113920316921028
1468,28,1496,0.10111160689716078
1471,26,1497,0.10110797658656696
1465,27,1492,0.10109826301705567
1472,27,1499,0.10110226034116863
1456,31,1487,0.10109072611404597
1454,31,1485,0.10111385103707665
1467,30,1497,0.10113958180842307
1466,27,1493,0.1011356288822086
1476,29,1505,0.10113411795300113
1481,31,1512,0.10111111574225959
1474,31,1505,0.10107947608059958
1478,31,1509,0.10106526225430094
1469,32,1501,0.10104416787817605
1468,33,1501,0.10104390470564692
1469,34,1503,0.10104575974159516
1483,35,1518,0.10104522207273442
1478,36,1514,0.1010152812982684
1479,37,1516,0.10099833094998818
1461,38,1499,0.10098048878282316
1458,38,1496,0.10100318808656854
1448,38,1486,0.10103044027609875
1453,36,1489,0.1010766127274114
1465,37,1502,0.10110799889411058
1457,40,1497,0.10111063062119971
1452,39,1491,0.10113020780099113
1450,38,1488,0.1011586572935401
1448,38,1486,0.10118865821024006
1456,39,1495,0.10122024954793857
1453,38,1491,0.10123221512142912
1456,41,1497,0.10124987817330951
1451,41,1492,0.1012589945286182
1462,43,1505,0.10127815387807772
1457,44,1501,0.10127208187638358
1462,46,1508,0.10127720390042569
1470,44,1514,0.10127139391559621
1466,44,1510,0.10124915188599172
1460,45,1505,0.10123736072719236
1449,46,1495,0.10123929300676743
1448,46,1494,0.10126444118556431
1447,46,1493,0.10128962143300438
1429,47,1476,0.10131452156380448
1444,46,1490,0.10137569127295464
1444,47,1491,0.10139932235236426
1453,48,1501,0.10142077784362652
1458,47,1505,0.10142146870183355
1458,46,1504,0.10141127593879894
1459,45,1504,0.10140208311955096
1447,43,1490,0.10139195867325417
1438,39,1477,0.10140856199814159
1442,41,1483,0.1014428826037247
1437,44,1481,0.10146578743720597
1455,44,1499,0.10149728295662072
1450,43,1493,0.10148777153708216
1447,43,1490,0.10148945814207139
1441,43,1484,0.10149775619978353
1446,41,1487,0.10151767231103861
1426,43,1469,0.10152553350384419
1433,43,1476,0.10157448994834596
1454,41,1495,0.10160430454503704
1467,40,1507,0.10158639110368885
1471,41,1512,0.10154217188496982
1474,42,1516,0.10149375190773822
1447,42,1489,0.10144305786362154
1451,42,1493,0.10145395268290368
1453,42,1495,0.10145539089935898
1441,40,1481,0.10145278376725107
1430,38,1468,0.10147623107465481
1429,38,1467,0.10152099784938272
1437,37,1474,0.10156397271263215
1437,37,1474,0.10158643569901056
1443,37,1480,0.10160693519717479
1443,37,1480,0.10161250129726486
1440,37,1477,0.10161754569404234
1438,37,1475,0.10162861387958141
1461,36,1497,0.10164273395194648
1462,37,1499,0.10160693857172727
1468,38,1506,0.10157181930421473
1477,38,1515,0.10152721277330982
1482,37,1519,0.10146672803745638
1467,38,1505,0.10140138253359442
1464,38,1502,0.10137390602283908
1470,39,1509,0.101355288304322
1469,40,1509,0.10132516087365151
1458,37,1495,0.1012997274324793
1463,36,1499,0.10130027342962393
1464,36,1500,0.10129046100277357
1480,35,1515,0.10127940486215305
1476,36,1512,0.10123515996593546
1465,35,1500,0.10120326516868498
1465,37,1502,0.10119786953820617
1453,36,1489,0.10119304163422747
1464,36,1500,0.10121453588874722
1455,35,1490,0.10121024924033727
1445,37,1482,0.10122595268279057
1457,36,1493,0.10126127959480424
1461,37,1498,0.1012672446001668
1453,39,1492,0.10126480191212581
1458,42,1500,0.10127993479607805
1446,45,1491,0.10128288484542482
1444,48,1492,0.10131156307669326
1443,49,1492,0.10134199210308616
1443,48,1491,0.10137213445712578
1445,49,1494,0.10139923849116218
1462,46,1508,0.10141940184331892
1464,50,1514,0.10140182619421345
1446,49,1495,0.10138143097376545
1444,53,1497,0.10140120673634588
1431,52,1483,0.10142355722129462
1436,51,1487,0.1014717034537997
1442,49,1491,0.10150527028645753
1435,51,1486,0.10152299876379126
1429,52,1481,0.10155420042976443
1439,51,1490,0.10159556389219496
1436,50,1486,0.10161197724031075
1446,55,1501,0.10163351149731117
1444,55,1499,0.10163210295460302
1433,54,1487,0.10163533552788734
1426,53,1479,0.10166186584197327
1420,54,1474,0.1017008748695526
1409,52,1461,0.10174925837430675
1423,49,1472,0.10181715061452307
1430,49,1479,0.10184898313701471
1423,51,1474,0.10186278945593273
1425,51,1476,0.10189027541240264
1439,53,1492,0.10191131401974428
1446,52,1498,0.1019002969991995
1433,53,1486,0.10187517866229644
1434,52,1486,0.10188037729472396
1448,51,1499,0.10188291112485288
1437,50,1487,0.10185504889327442
1448,51,1499,0.10185380353364648
1461,53,1514,0.10182928909963236
1450,54,1504,0.10177892771409676
1447,57,1504,0.10175671145255734
1454,56,1510,0.10174288927940321
1445,55,1500,0.1017152325426074
1449,52,1501,0.10170930609292717
1450,50,1500,0.10169494366522548
1446,52,1498,0.1016798893648202
1430,51,1481,0.10167472288856107
1435,53,1488,0.10170378969771195
1422,54,1476,0.10171986868052803
1420,57,1477,0.10176232625005432
1420,54,1474,0.10180585028305153
1418,53,1471,0.10184500083736481
1433,53,1486,0.10188512483643791
1433,53,1486,0.10188949790666911
1437,54,1491,0.10189351983765622
1444,54,1498,0.101888677660096
1450,53,1503,0.10186894798908931
1452,54,1506,0.10183830029126512
1442,54,1496,0.10180614011472908
1441,55,1496,0.10179824100756346
1442,58,1500,0.10179339494243297
1443,54,1497,0.10178677813611309
1437,56,1493,0.10177862453639054
1436,56,1492,0.10178389962443188
1426,55,1481,0.10179130818516711
1436,54,1490,0.1018192000431471
1433,53,1486,0.10182387927943064
1431,56,1487,0.1018342362331072
1438,55,1493,0.10184772394333823
1444,58,1502,0.10184513338747031
1447,58,1505,0.10183059348404168
1439,62,1501,0.10181105412445152
1439,60,1499,0.10180993636977
1437,60,1497,0.10180889022590417
1427,61,1488,0.10181202646681932
1426,59,1485,0.10183601321010909
1431,62,1493,0.10185969025594929
1433,63,1496,0.1018707401609404
1423,64,1487,0.10187754880554088
1414,68,1482,0.10190540895978586
1414,67,1481,0.10195029937781427
1413,65,1478,0.10199080285908675
1418,67,1485,0.10203016134965029
1415,65,1480,0.10205543744328516
1424,66,1490,0.10208478546607952
1424,67,1491,0.10209261427995106
1410,65,1475,0.10209964004339298
1405,65,1470,0.10213602555119337
1426,63,1489,0.10217952087266038
1436,63,1499,0.10217434978966228
1442,63,1505,0.10214855415471064
1432,65,1497,0.10211186448827712
1440,66,1506,0.10209963725148687
1439,64,1503,0.10207150724317071
1436,64,1500,0.10204758993081287
1442,63,1505,0.10203233733797176
1438,63,1501,0.10200568763746755
1444,60,1504,0.10198951578856284
1451,62,1513,0.10196208001264111
1442,64,1506,0.1019221150474193
1430,63,1493,0.10190481291098795
1440,65,1505,0.10191456633786984
1438,61,1499,0.10190233754483899
1434,59,1493,0.10189556143870976
1434,60,1494,0.10189781688693547
1441,61,1502,0.10189991417323824
1447,57,1504,0.10188680233796521
1459,57,1516,0.10186200831228852
1452,57,1509,0.10181320404721632
1447,56,1503,0.10178331380778417
1449,57,1506,0.10176651821672905
1445,56,1501,0.10174673280493067
1439,57,1496,0.10173787564094884
1432,55,1487,0.10174280330816728
1444,54,1498,0.10176182677320365
1444,51,1495,0.10175326179029108
1436,52,1488,0.10174560506751615
1429,49,1478,0.1017549226395159
1437,49,1486,0.10177841267443669
1437,49,1486,0.10178258806484967
1431,48,1479,0.10178636678148173
1444,50,1494,0.10180277940856973
1453,49,1502,0.10178998911631115
1451,48,1499,0.10175900482928638
1447,47,1494,0.10173482602091215
1442,48,1490,0.10172162585257585
1450,48,1498,0.10172027183013935
1447,50,1497,0.1017017128572333
1454,49,1503,0.10169136351164781
1460,49,1509,0.10166655753500443
1437,51,1488,0.10163136606190759
1424,52,1476,0.10164813564108545
1435,53,1488,0.10169167569150261
1451,54,1505,0.10170776646124825
1437,53,1490,0.10168843991002613
1438,52,1490,0.10170144059969752
1442,53,1495,0.1017108552144658
1434,53,1487,0.10171080957467091
1443,53,1496,0.10172784156614753
1443,54,1497,0.1017244172608902
1442,54,1496,0.101721214585536
1436,55,1491,0.10172031406952746
1437,54,1491,0.101732514636165
1439,55,1494,0.10174126893837161
1443,55,1498,0.10174532361483837
1444,53,1497,0.1017404741373933
1446,57,1503,0.10173383282583164
1439,58,1497,0.10172353604212563
1431,58,1489,0.10172917832427973
1439,57,1496,0.10175123341895109
1435,54,1489,0.10175384893613262
1441,58,1499,0.10176498878270789
1438,57,1495,0.10176256096616658
1445,58,1503,0.10176679465039161
1434,56,1490,0.101755680359474
1438,53,1491,0.10176934910183626
1432,56,1488,0.10177279499767139
1441,55,1496,0.10178836258462497
1442,55,1497,0.1017835538204965
1424,55,1479,0.10177782209926375
1423,55,1478,0.10181134279670058
1430,57,1487,0.10184438550948678
1430,59,1489,0.1018591522757869
1445,59,1504,0.10187215264738925
1455,59,1514,0.10185178486791185
1449,59,1508,0.10181185718443547
1445,59,1504,0.10178874564409858
1440,60,1500,0.10177608279800485
1443,59,1502,0.10177537783141773
1437,59,1496,0.10176836087376863
1438,59,1497,0.10177493609239682
1445,53,1498,0.10177866110737899
1442,53,1495,0.10176726343126553
1436,54,1490,0.10176309769504696
1430,57,1487,0.10177207297973773
1434,56,1490,0.10179352731888633
1437,54,1491,0.10180451780359732
1442,56,1498,0.101808493840565
1441,60,1501,0.10180089686837071
1428,59,1487,0.10179665973451126
1431,60,1491,0.10182041305306797
1437,59,1496,0.1018353763087016
1436,61,1497,0.10183622122619174
1438,59,1497,0.10183912991557877
1445,59,1504,0.10183779942527234
1440,60,1500,0.10182150189974891
1428,62,1490,0.10181745174014725
1437,62,1499,0.10183906902872845
1447,62,1509,0.10183926792905844
1457,58,1515,0.10181848786280291
1452,57,1509,0.10177799817838196
1452,59,1511,0.10175185103026
1449,62,1511,0.10172782687629801
1450,64,1514,0.10171236518286858
1455,62,1517,0.10169703282562086
1445,65,1510,0.10167262113997946
1432,64,1496,0.10167134331785924
1418,63,1481,0.10169826200296762
1432,63,1495,0.10175210542821357
1438,63,1501,0.10177150658863322
1443,63,1506,0.10177668403400443
1441,66,1507,0.10177036717227857
1427,61,1488,0.1017692546943929
1433,63,1496,0.10179825827304993
1431,68,1499,0.10181230249451469
1421,68,1489,0.10182898470429644
1428,70,1498,0.10186584075647818
1423,71,1494,0.10188410939596224
1403,72,1475,0.10191172411362627
1410,71,1481,0.10198016953260552
1415,75,1490,0.10202747782312167
1415,74,1489,0.1020601428883607
1418,74,1492,0.10208970346826
1415,78,1493,0.10210978199293688
1432,77,1509,0.1021344379888122
1425,78,1503,0.10212104159675775
1423,82,1505,0.10212373529869122
1425,82,1507,0.10213069933739412
1413,83,1496,0.10213322735803701
1411,83,1494,0.10216175227107785
1422,83,1505,0.10219184465715862
1411,84,1495,0.10219626562562772
1410,83,1493,0.1022238898581293
1407,85,1492,0.10225116954714794
1426,86,1512,0.10228194782308407
1419,82,1501,0.10226963668769301
1410,79,1489,0.10227346767878767
1422,80,1502,0.10229646653494306
1419,80,1499,0.10229136987369263
1408,80,1488,0.10229335229596166
1410,80,1490,0.10231822869799366
1409,80,1489,0.1023373074194179
1419,80,1499,0.10235670299703573
1421,79,1500,0.10235256333924958
1413,79,1492,0.10234409948777859
1412,78,1490,0.10235354850624576
1414,85,1499,0.10236403956766871
1418,85,1503,0.10236931282701776
1410,88,1498,0.10236524580765856
1428,88,1516,0.10237927673886872
1432,89,1521,0.1023537986652768
1425,85,1510,0.10232230570628977
1411,85,1496,0.10230876304956794
1419,85,1504,0.10232613682065426
1406,85,1491,0.10232481592611993
1402,84,1486,0.10235160318921033
1401,85,1486,0.10238485832457662
1397,89,1486,0.10241793247790014
1394,83,1477,0.10245655316869393
1399,84,1483,0.10249811920229707
1396,87,1483,0.1025254515952933
1402,86,1488,0.10255671546434553
1399,86,1485,0.10257317514845848
1415,82,1497,0.10259420531976712
1411,80,1491,0.10257954619278671
1424,82,1506,0.10257438428054941
1428,78,1506,0.10254124645298696
1425,79,1504,0.10250219695409182
1432,81,1513,0.10247305672956784
1433,84,1517,0.10243135312715243
1429,81,1510,0.10239083502176083
1434,80,1514,0.1023623474242342
1433,82,1515,0.10232584005264045
1431,80,1511,0.10229452236397751
1427,85,1512,0.10227050874148694
1420,83,1503,0.10225742120580143
1427,81,1508,0.10226061872193024
1405,84,1489,0.10224839539672825
1411,85,1496,0.10228463219466959
1410,85,1495,0.10230462211302559
1417,84,1501,0.10232474077706807
1414,84,1498,0.10232872659851604
1414,81,1495,0.10233872642479713
1411,82,1493,0.1023477155466556
1415,81,1496,0.102361998539632
1408,81,1489,0.1023664399180245
1423,83,1506,0.10238566652536245
1431,83,1514,0.10237118449445833
1415,87,1502,0.10234051397462686
1408,85,1493,0.10234669137510448
1402,85,1487,0.10236739115103961
1398,90,1488,0.10239933821927089
1402,91,1493,0.10243759025946739
1408,89,1497,0.1024642745581019
1408,90,1498,0.10247601435723228
1402,89,1491,0.10248670108306415
1389,89,1478,0.1025092874013867
1400,90,1490,0.10255796722784165
1413,92,1505,0.10257847788029122
1405,93,1498,0.10256889169283562
1406,95,1501,0.10257716952286136
1402,91,1493,0.10258283134301209
1400,90,1490,0.1025970609117289
1404,94,1498,0.10261430591008186
1404,96,1500,0.10262182635071593
1395,98,1493,0.10262824564599203
1401,99,1500,0.10265345732436224
1409,100,1509,0.10266407281153754
1406,100,1506,0.10265683352129404
1404,102,1506,0.10265668276180921
1400,101,1501,0.10266188943871
1394,97,1491,0.10267552842406356
1389,103,1492,0.10269992004685967
1382,104,1486,0.10273255807943653
1372,105,1477,0.10277679112447649
1387,104,1491,0.10283878530966828
1394,103,1497,0.10286330263613516
1398,104,1502,0.10287101806136674
1392,103,1495,0.10287007697889568
1390,103,1493,0.10288195004575745
1387,105,1492,0.10289681230576048
1391,111,1502,0.10291697957745415
1390,111,1501,0.10292654737661841
1389,112,1501,0.10293762242021966
1399,110,1509,0.10295012135380363
1393,109,1502,0.10293982520687006
1385,104,1489,0.10294377489143142
1379,108,1487,0.10296450117790544
1385,110,1495,0.10299616452958134
1375,107,1482,0.10301242376405081
1394,104,1498,0.1030483448214831
1385,103,1488,0.10304050760444466
1376,103,1479,0.10305335186090511
1369,102,1471,0.10308423454745394
1363,104,1467,0.10312814656831826
1373,105,1478,0.10318126398041164
1368,104,1472,0.10320730419912699
1360,106,1466,0.10324192574958194
1370,109,1479,0.10329081580541834
1372,111,1483,0.10331432176861752
1381,106,1487,0.10333163004994778
1372,107,1479,0.10332820475859084
1372,104,1476,0.1033445528294077
1381,108,1489,0.10335977994954774
1389,108,1497,0.10335448079363292
1392,106,1498,0.10333186190765796
1406,110,1516,0.1033049535581641
1394,106,1500,0.10325021785730094
1396,110,1506,0.10322613772287274
1404,108,1512,0.10320080450645036
1402,105,1507,0.10316034887850854
1396,104,1500,0.10312596622322708
1400,107,1507,0.10310736041315956
1407,109,1516,0.10308231470011997
1400,108,1508,0.10304425814645807
1401,109,1510,0.10302524046761001
1396,108,1504,0.10300584301249792
1402,108,1510,0.10299887792829883
1394,112,1506,0.10297954786480736
1386,109,1495,0.1029790139618758
1394,107,1501,0.10299590343734394
1392,111,1503,0.10299455654563366
1389,109,1498,0.10299733710166091
1398,109,1507,0.10300674230211218
1380,107,1487,0.10299563061824955
1383,110,1493,0.1030244828465455
1375,109,1484,0.10304436405981747
1375,112,1487,0.10307976717975613
1385,116,1501,0.10311283340411485
1384,116,1500,0.10312167448299707
1382,116,1498,0.103132314315029
1385,117,1502,0.10314680849352839
1396,113,1509,0.10315267898518467
1384,113,1497,0.10313400551930955
1389,116,1505,0.10314297240738886
1384,114,1498,0.1031404981212924
1383,118,1501,0.10314855443538125
1384,120,1504,0.10315845339196525
1375,121,1496,0.10316557804316266
1375,117,1492,0.10319207067135559
1365,116,1481,0.10321581702331827
1364,116,1480,0.10325925756782178
1369,113,1482,0.10330083277063312
1380,115,1495,0.10332721746239347
1379,114,1493,0.1033269257249866
1372,115,1487,0.10332921784871395
1371,112,1483,0.10334672003651392
1380,117,1497,0.1033647626674886
1393,114,1507,0.10336259954202298
1375,116,1491,0.10333409884157353
1370,119,1489,0.10334659097386446
1368,120,1488,0.1033680338074738
1371,120,1491,0.10339306117841382
1370,121,1491,0.10340940221415648
1358,120,1478,0.10342628955975464
1364,123,1487,0.10346800219314964
1362,123,1485,0.10349339456599148
1367,123,1490,0.10352091829811709
1377,127,1504,0.10353616400487997
1375,126,1501,0.1035279285069155
1372,122,1494,0.10352466141321692
1354,125,1479,0.10352851923491802
1354,128,1482,0.10357125893879605
1359,129,1488,0.1036104166386818
1353,131,1484,0.10363642440110155
1364,136,1500,0.10367292998730157
1370,134,1504,0.10368244607510226
1358,131,1489,0.10367833300968979
1366,129,1495,0.10370152240913334
1364,133,1497,0.10370527024829869
1356,132,1488,0.10371247560490207
1363,132,1495,0.10373604010645224
1360,133,1493,0.10374236230223889
1359,132,1491,0.1037546851056678
1352,137,1489,0.10376809722673032
1357,143,1500,0.10379661438398216
1346,142,1488,0.10381225385441384
1348,141,1489,0.10385031548609115
1348,140,1488,0.10388081229620097
1365,139,1504,0.10390822381763398
1359,139,1498,0.10389589970934104
1358,138,1496,0.10389759803272983
1342,133,1475,0.10390159879485879
1348,132,1480,0.1039396558991248
1356,134,1490,0.10396170294312088
1350,131,1481,0.10396505671668926
1353,132,1485,0.10398172829956157
1360,135,1495,0.1039910277384919
1345,138,1483,0.10398462274256276
1361,143,1504,0.10401142012993368
1361,144,1505,0.10400077989250986
1349,141,1490,0.10399065805112659
1351,138,1489,0.10400725575886038
1358,139,1497,0.10401919849681888
1366,140,1506,0.10401421894652348
1361,142,1503,0.10399242797226826
1361,139,1500,0.10398391236122308
1353,141,1494,0.10397622739947313
1357,137,1494,0.10398710452797473
1367,139,1506,0.1039879226763356
1358,141,1499,0.10396670345573444
1364,138,1502,0.10396647486172572
1369,134,1503,0.10395325370776747
1367,138,1505,0.1039306651292868
1365,139,1504,0.10391483975776612
1364,137,1501,0.10390397404143492
1360,139,1499,0.10389624372398852
1357,137,1494,0.10389849035018375
1363,130,1493,0.10390667678712769
1375,125,1500,0.1039003334240595
1378,130,1508,0.10386880298921736
1374,130,1504,0.10383347260076592
1377,133,1510,0.10380966647735404
1370,138,1508,0.10378314561686423
1371,136,1507,0.10377405372678428
1365,137,1502,0.10376365567858249
1369,133,1502,0.10376674234714929
1361,135,1496,0.1037614939068135
1353,133,1486,0.10377375952553994
1355,132,1487,0.10380160454566786
1361,132,1493,0.10382330079303419
1374,136,1510,0.10382994547721953
1370,135,1505,0.10380719180368331
1370,136,1506,0.10379556206559552
1368,140,1508,0.10378443277465228
1368,139,1507,0.10377892044192592
1386,142,1528,0.10377438803410806
1370,145,1515,0.10373216058266795
1352,145,1497,0.10372819179749314
1343,150,1493,0.10376487246017702
1342,152,1494,0.10381681485089908
1358,152,1510,0.10386618046440162
1350,147,1497,0.10387772956641576
1354,151,1505,0.10390554737095205
1347,150,1497,0.10392260958793503
1341,152,1493,0.10395407323663455
1330,151,1481,0.10399492789838788
1332,148,1480,0.10405611606121029
1334,154,1488,0.10410737428003289
1347,153,1500,0.10415039008817516
1357,153,1510,0.10416129986708288
1365,156,1521,0.10415021800961329
1358,158,1516,0.1041227676695386
1354,158,1512,0.10411319686448497
1344,153,1497,0.10411290612360884
1333,155,1488,0.10413417649328566
1337,148,1485,0.10417740214279878
1338,156,1494,0.10420834629610773
1342,157,1499,0.10423396310559145
1341,153,1494,0.10424927825424561
1344,154,1498,0.10426553121938005
1331,158,1489,0.10427377834787771
1340,161,1501,0.10431058801665269
1340,161,1501,0.1043239216295021
1344,156,1500,0.10433604114835913
1346,160,1506,0.10433826737176964
1348,166,1514,0.1043369195769643
1347,163,1510,0.10433202704191374
1335,161,1496,0.10433025792836326
1339,161,1500,0.10435502491025822
1328,163,1491,0.10436989723427516
1330,165,1495,0.10440704351186056
1333,164,1497,0.1044378232094258
1331,163,1494,0.10445923441816544
1337,164,1501,0.10448285731407425
1351,161,1512,0.10449040934947176
1334,162,1496,0.1044675009284812
1325,161,1486,0.10448228215445181
1333,163,1496,0.10451567659218887
1328,168,1496,0.10452947731373033
1331,166,1497,0.10455277940692234
1331,163,1494,0.10456757643505227
1328,169,1497,0.1045808263831516
1331,166,1497,0.10459924745835422
1344,161,1505,0.10460976989996454
1354,165,1519,0.10459077094000252
1342,166,1508,0.10455252545201392
1344,170,1514,0.10454409477165794
1333,161,1494,0.10453261689146415
1331,163,1494,0.10454567452420634
1326,162,1488,0.1045623768980688
1336,167,1503,0.10458843772801842
1332,170,1502,0.10459076097501192
1325,176,1501,0.1046015673120439
1327,174,1501,0.10462710011241856
1338,174,1512,0.10464605267721487
1337,175,1512,0.10463947165030724
1327,185,1512,0.10463744180495475
1322,183,1505,0.10465759525019591
1323,181,1504,0.10468679194785555
1316,182,1498,0.10471185908190613
1308,180,1488,0.10475007484603814
1306,181,1487,0.10480154919913877
1304,177,1481,0.10485415645501629
1313,177,1490,0.10490685118821201
1319,182,1501,0.1049353435014628
1329,183,1512,0.10494774307610136
1325,180,1505,0.10493708564941505
1321,182,1503,0.10493567105935003
1328,184,1512,0.10494324701775565
1325,183,1508,0.10493418288658156
1325,183,1508,0.104932805663978
1336,178,1514,0.10493177035828298
1337,175,1512,0.10490559089383021
1325,172,1497,0.10487967556908707
1323,176,1499,0.10488297498570237
1331,179,1510,0.10489004989670582
1328,178,1506,0.10487844945694563
1326,178,1504,0.10487415000145518
1318,181,1499,0.10487471413520226
1317,184,1501,0.10489282429968819
1306,178,1484,0.10491189458734562
1315,174,1489,0.1049531137028222
1314,171,1485,0.10497085005084003
1315,167,1482,0.10498886785909409
1320,170,1490,0.10500371193564152
1313,170,1483,0.10500728127745587
1311,173,1484,0.10502573654174938
1320,172,1492,0.10504632716882689
1326,171,1497,0.10504676126470894
1328,176,1504,0.10503464154352057
1320,176,1496,0.10501956269610868
1325,178,1503,0.10502313946476848
1316,176,1492,0.1050150050395577
1324,171,1495,0.10502725259518955
1332,172,1504,0.10502031261494155
1326,176,1502,0.10499736618429135
1317,181,1498,0.10498899824845416
1316,185,1501,0.10500066733843692
1321,184,1505,0.10501367346213059
1312,187,1499,0.10501392222960906
1305,188,1493,0.1050351800425207
1308,189,1497,0.10506980923418709
1312,185,1497,0.1050949177831264
1323,185,1508,0.10510917057526985
1305,186,1491,0.10509812847852908
1307,188,1495,0.1051270024551157
1308,184,1492,0.10515006721523303
1312,189,1501,0.1051691978864513
1309,186,1495,0.10517842459123228
1299,193,1492,0.1051934462981902
1315,185,1500,0.10522990238241739
1304,186,1490,0.10522774989470936
1302,187,1489,0.10524854471970149
1296,192,1488,0.10527293146201305
1300,191,1491,0.1053076946428798
1293,194,1487,0.10533115468464237
1300,192,1492,0.1053679760020088
1303,191,1494,0.10538633365041793
1296,191,1487,0.10539647007619593
1298,194,1492,0.10542033458933797
1294,196,1490,0.10543755576810705
1290,197,1487,0.105462537322679
1299,195,1494,0.10549372912336903
1299,198,1497,0.10550384037518641
1309,198,1507,0.10551355369414547
1317,203,1520,0.10550047031455347
1318,206,1524,0.10547154246022811
1311,202,1513,0.10544317179374856
1297,204,1501,0.10543303123591272
1292,202,1494,0.10545495527956428
1298,201,1499,0.1054854385803462
1297,198,1495,0.1055004803838958
1300,200,1500,0.10551608253308149
1296,202,1498,0.10552432957992793
1295,200,1495,0.10553976866942928
1308,202,1510,0.10555602249565538
1294,201,1495,0.10554233235456391
1306,204,1510,0.10556136694817116
1298,204,1502,0.10555259813152702
1290,210,1500,0.10556226235015485
1288,214,1502,0.10558876210444833
1293,214,1507,0.10561921141366243
1278,217,1495,0.10563670850120062
1271,217,1488,0.10568601043646839
1270,216,1486,0.10574588819723858
1279,218,1497,0.1058033975056713
1282,217,1499,0.1058354723739794
1273,214,1487,0.1058587472892716
1283,214,1497,0.1058992719426212
1286,210,1496,0.10591403860309317
1292,212,1504,0.10592093183786043
1293,213,1506,0.10591505651599363
1280,216,1496,0.10590718587912487
1277,225,1502,0.10592765965610919
1286,217,1503,0.10595343784888399
1285,223,1508,0.1059583650308016
1268,220,1488,0.10596601467085405
1262,209,1471,0.10601019500303309
1252,220,1472,0.10606483692292892
1267,219,1486,0.10613807813342067
1266,219,1485,0.10617164432083999
1262,222,1484,0.10620555731728139
1264,221,1485,0.1062454588522693
1273,222,1495,0.10627732104550916
1273,219,1492,0.10628524813401227
1279,221,1500,0.10629262926680007
1283,216,1499,0.1062859204336884
1290,220,1510,0.10627085638451245
1285,217,1502,0.10624107706820435
1280,218,1498,0.10622688194517758
1280,219,1499,0.10622449747297756
1273,228,1501,0.10622204778055366
1276,225,1501,0.10623670967516853
1281,224,1505,0.10624381171338902
1273,229,1502,0.10623928141725669
1275,228,1503,0.10625218434316092
1271,228,1499,0.10625930112756155
1269,226,1495,0.10627512983857226
1272,223,1495,0.10629390838718468
1258,233,1491,0.10630385902867005
1254,233,1487,0.10634422160756575
1261,233,1494,0.10638965664667405
1261,231,1492,0.1064181007288268
1247,235,1482,0.10644368911788206
1250,231,1481,0.10649825805135815
1252,226,1478,0.10654130768765051
1253,227,1480,0.10657711898724884
1263,233,1496,0.10660653151935615
1254,233,1487,0.10661152648356426
1250,233,1483,0.10663520355769229
1253,233,1486,0.10666628383295165
1273,233,1506,0.10668850745952183
1274,235,1509,0.10666494089563142
1267,234,1501,0.1066419269821435
1271,235,1506,0.10663692572185379
1262,234,1496,0.10662293184111682
1252,238,1490,0.10663025548387076
1253,239,1492,0.10665907820837123
1256,237,1493,0.10668304809357682
1261,233,1494,0.10669873741297914
1247,233,1480,0.10670395555069
1268,240,1508,0.10673969975488715
1264,237,1501,0.10672597718964263
1261,241,1502,0.10672232730838634
1274,240,1514,0.10672414515910898
1263,240,1503,0.1066977936303219
1284,236,1520,0.10669708395978642
1273,236,1509,0.10664959281629283
1260,235,1495,0.1066307747033865
1250,235,1485,0.10664150121605985
1253,230,1483,0.10667239079006453
1258,229,1487,0.10669255089457141
1259,228,1487,0.10670125716590069
1264,236,1500,0.10670659100205462
1265,237,1502,0.10670134546120696
1266,231,1497,0.10669561228190004
1264,232,1496,0.10668770408315548
1260,235,1495,0.10668501016491627
1263,239,1502,0.10669139795263001
1267,239,1506,0.10668994723941473
1268,236,1504,0.10668086646919696
1274,234,1508,0.10667112905801641
1274,232,1506,0.10664930793113424
1282,234,1516,0.10663013212698626
1286,240,1526,0.10659425406614091
1276,243,1519,0.10655193948535789
1265,241,1506,0.10653655043901854
1264,242,1506,0.10654720911315603
1258,248,1506,0.10655990536924972
1248,245,1493,0.10658627660267504
1252,244,1496,0.10663221376044017
1260,250,1510,0.1066663422137119
1268,250,1518,0.10667838574115855
1261,243,1504,0.10667175590003466
1256,244,1500,0.10668102379164307
1246,251,1497,0.10669996957002706
1249,250,1499,0.1067396641265082
1261,253,1514,0.1067691195118468
1252,249,1501,0.106770373512387
1255,249,1504,0.10679028053487255
1253,250,1503,0.10680207995365439
1252,251,1503,0.10681794437534567
1240,256,1496,0.10683469846882276
1246,258,1504,0.10687577264653489
1256,256,1512,0.10689993980003017
1255,261,1516,0.10690131151738619
1247,257,1504,0.10690407394050588
1245,256,1501,0.1069237585989708
1246,253,1499,0.1069482236331713
1251,250,1501,0.10696779807790946
1249,253,1502,0.10697445336697957
1248,255,1503,0.10698450301632477
1262,256,1518,0.10699575062340191
1253,258,1511,0.10697532720424796
1261,247,1508,0.10697605788839448
1259,251,1510,0.10695891934207906
1266,249,1515,0.1069492347672098
1256,251,1507,0.10692543274446685
1256,251,1507,0.10692582321885974
1252,250,1502,0.10692522340242722
1251,251,1502,0.10693369690642164
1246,243,1489,0.1069435723423991
1241,246,1487,0.10696347232060355
1245,248,1493,0.10699248319713832
1234,256,1490,0.10701231804881804
1237,259,1496,0.10705538457638021
1242,263,1505,0.10708897021363079
1237,263,1500,0.10710986158272526
1238,262,1500,0.10713980568279989
1235,259,1494,0.10716651847318381
1235,259,1494,0.10719778274256839
1243,264,1507,0.10722594682752401
1219,265,1484,0.10723463620798675
1232,266,1498,0.10729491119771926
1238,266,1504,0.10732059017774728
1226,263,1489,0.10733114977634188
1225,272,1497,0.1073687841208648
1221,268,1489,0.10740786186830378
1205,273,1478,0.1074527104790688
1207,272,1479,0.10752729895505009
1219,277,1496,0.10759096841375733
1224,277,1501,0.10762223205395544
1226,281,1507,0.10764011970955423
1224,276,1500,0.10765248254971993
1219,269,1488,0.1076694002846207
1219,269,1488,0.10769645447724514
1213,268,1481,0.10772009573168397
1219,270,1489,0.10775434559491633
1218,275,1493,0.10777259818138518
1215,277,1492,0.10779169252355482
1219,285,1504,0.10781464704139562
1230,288,1518,0.10782784694399904
1228,286,1514,0.1078166729915937
1219,287,1506,0.10781025280409655
1230,281,1511,0.1078250740317276
1218,273,1491,0.1078136331002763
1223,273,1496,0.10783075802761338
1211,271,1482,0.10783566043698795
1209,275,1484,0.10786771476739343
1208,282,1490,0.10790324652494622
1204,286,1490,0.10793861287923491
1218,285,1503,0.10798006484464084
1212,287,1499,0.10798815706007243
1209,290,1499,0.1080085768615423
1203,291,1494,0.10803571521674103
1216,293,1509,0.10807442938573775
1223,292,1515,0.10808071505410964
1221,287,1508,0.10806938146465182
1233,284,1517,0.10806451405546133
1219,289,1508,0.10803051442627573
1211,287,1498,0.10802950382468281
1205,287,1492,0.10804699755686283
1198,286,1484,0.10807470283333474
1198,289,1487,0.10811585118085246
1202,287,1489,0.10815355542845718
1203,282,1485,0.10818014949772764
1205,287,1492,0.10820238550268763
1214,288,1502,0.10821902559890587
1203,283,1486,0.10821424212581843
1212,278,1490,0.10823610504935775
1214,289,1503,0.1082363671759375
1217,287,1504,0.10823259930931449
1214,285,1499,0.10822315049865751
1204,285,1489,0.10822165276053461
1213,289,1502,0.10824284938474639
1214,289,1503,0.10824385754945036
1200,288,1488,0.10824351102645373
1192,290,1482,0.10827348656911973
1205,291,1496,0.10831934537359952
1219,291,1510,0.10833168011627756
1224,295,1519,0.10831093990546047
1215,300,1515,0.10828111907605775
1206,302,1508,0.10827446475985475
1202,304,1506,0.10828985648479125
1212,305,1517,0.10831358016158937
1206,304,1510,0.10831351322037283
1198,303,1501,0.10832631890569817
1199,308,1507,0.10835843651937666
1192,319,1511,0.10838683306375159
1181,322,1503,0.10842872045286012
1188,320,1508,0.10849011394135964
1194,318,1512,0.10852951568534891
1195,318,1513,0.10855317321812251
1196,321,1517,0.10857222338041365
1192,321,1513,0.10858821974406181
1192,318,1510,0.10861226583322431
1181,310,1491,0.10863422943843133
1181,311,1492,0.1086787198413794
1175,314,1489,0.10871797632594601
1186,316,1502,0.10876604113061684
1174,315,1489,0.10878560840026026
1188,316,1504,0.10883135321506235
1187,313,1500,0.10884237129451568
1181,317,1498,0.1088529388632968
1176,310,1486,0.1088762210888841
1184,312,1496,0.10890741347498058
1185,311,1496,0.1089196935371788
1188,311,1499,0.10892857116232911
1186,314,1500,0.10892965904765373
1174,315,1489,0.10893567664362834
1180,319,1499,0.10897024022874245
1175,319,1494,0.10898847517042505
1171,320,1491,0.10901825016621697
1168,326,1494,0.10905407273446585
1172,323,1495,0.10909413938174073
1170,322,1492,0.10912128407518797
1169,323,1492,0.10914959736878607
1170,327,1497,0.10917786131439755
1156,328,1484,0.10920364212349801
1165,327,1492,0.10925919244649678
1162,329,1491,0.10928949077054409
1160,328,1488,0.1093248539283761
1166,331,1497,0.10936076891239471
1165,334,1499,0.109381421956444
1164,331,1495,0.10940160866426517
1166,328,1494,0.10942332527731737
1174,326,1500,0.10943946648209962
1170,329,1499,0.10943595797144781
1169,327,1496,0.1094409709593943
1178,325,1503,0.1094475809863444
1175,331,1506,0.10943344106233355
1178,333,1511,0.10942591787073092
1185,326,1511,0.10941284912212491
1183,326,1509,0.10938460970965615
1179,328,1507,0.10936287998998569
1176,334,1510,0.10935242771960305
1175,331,1506,0.10935060712890754
1184,331,1515,0.10935296525864142
1171,331,1502,0.1093366045505692
1164,331,1495,0.10935174071600579
1167,340,1507,0.10938206294651931
1173,340,1513,0.1094041664455469
1176,338,1514,0.1094117836105945
1166,332,1498,0.10941340177376685
1169,335,1504,0.10943687859936521
1172,332,1504,0.1094523770352349
1168,333,1501,0.10945917318285706
1162,331,1493,0.1094759163120776
1151,331,1482,0.10950484619184145
1153,330,1483,0.109554760744488
1160,327,1487,0.10959479899026575
1169,328,1497,0.10961708537649173
1170,320,1490,0.10961670317352301
1167,333,1500,0.10961477431995892
1165,334,1499,0.10962049294007531
1166,337,1503,0.10962944445348949
1168,339,1507,0.10963530150845946
1163,340,1503,0.10963733753550052
1168,342,1510,0.10964860206709551
1155,339,1494,0.10964712253873304
1157,339,1496,0.10967467761894735
1154,344,1498,0.10969561322663422
1156,341,1497,0.10972187449979896
1160,340,1500,0.10974170429153424
1164,340,1504,0.10975039582496617
1172,338,1510,0.10975004353661034
1156,342,1498,0.10973154257034963
1165,337,1502,0.10975035862848938
1166,339,1505,0.10974854034628985
1169,342,1511,0.10974393926031105
1169,349,1518,0.10973417902308309
1161,353,1514,0.10972662840193717
1160,349,1509,0.10973662496988477
1159,355,1514,0.10974761062717465
1150,361,1511,0.10976214054545264
1146,363,1509,0.10979535596209476
1154,367,1521,0.10983492481171162
1153,363,1516,0.10985346141432686
1146,363,1509,0.10987407186601932
1150,362,1512,0.1099076317478503
1153,360,1513,0.10993079070743864
1147,359,1506,0.10994553737509165
1141,358,1499,0.10997324572488523
1135,358,1493,0.11001179948602706
1134,362,1496,0.11006151829819316
1139,367,1506,0.11010930923893934
1136,367,1503,0.1101416180866525
1133,365,1498,0.11017664319248581
1137,367,1504,0.11021503823780712
1134,373,1507,0.11024288914920408
1131,366,1497,0.11027465011362678
1122,362,1484,0.11031282189354048
1141,370,1511,0.1103679137405193
1149,368,1517,0.1103768722181064
1141,379,1520,0.11036715940004595
1146,378,1524,0.11037675690695696
1142,375,1517,0.11037524328426063
1134,371,1505,0.11038270604252802
1120,369,1489,0.1104077843779336
1135,367,1502,0.1104626468821452
1140,367,1507,0.11047724805689416
1122,364,1486,0.11047927782114822
1130,359,1489,0.11051980335200343
1139,363,1502,0.11053873251091925
1139,362,1501,0.11053653996385031
1138,363,1501,0.11053296667865699
1130,367,1497,0.11053133700236252
1130,370,1500,0.11054945178090957
1131,369,1500,0.11056576430583132
1136,374,1510,0.11057759520932813
1120,374,1494,0.11057801223863374
1119,367,1486,0.11061484003136736
1121,370,1491,0.11065058125538997
1122,369,1491,0.11068006195681594
1115,370,1485,0.11070521249586154
1126,376,1502,0.1107437244950782
1126,373,1499,0.11075458938438305
1133,375,1508,0.11076441905363776
1125,373,1498,0.110759528469681
1115,373,1488,0.1107727459968271
1123,380,1503,0.11080746977700898
1130,375,1505,0.11082010487174987
1127,371,1498,0.1108163115517798
1119,371,1490,0.11081980669768092
1123,377,1500,0.11084106090572007
1114,384,1498,0.11085345633949392
1114,380,1494,0.11088462350087976
1109,386,1495,0.11091426215965278
1120,389,1509,0.11095465656527825
1109,379,1488,0.1109657285822281
1108,379,1487,0.11100242964965186
1106,380,1486,0.11103803194384813
1102,389,1491,0.11107744956012498
1094,387,1481,0.11112266026812057
1101,393,1494,0.11118265329480607
1101,401,1502,0.1112223011463918
1095,404,1499,0.11125982008821989
1101,408,1509,0.11130892200745515
1104,403,1507,0.11134145251206189
1109,406,1515,0.11136573638178394
1105,396,1501,0.11137540630251155
1095,398,1493,0.1113926243295975
1087,396,1483,0.11143039336008577
1098,401,1499,0.11148323414452811
1098,408,1506,0.11150745330140317
1110,406,1516,0.1115276721556797
1101,401,1502,0.11151951081279662
1104,397,1501,0.1115334774361667
1111,400,1511,0.11153885626501722
1099,397,1496,0.11152821718555053
1091,399,1490,0.1115449735663168
1093,394,1487,0.11157971437365606
1094,393,1487,0.11160677292419187
1086,396,1482,0.11162839674355197
1093,388,1481,0.11166818954144336
1096,391,1487,0.11168816107195041
1101,391,1492,0.11170057621184512
1103,395,1498,0.11170084858733763
1105,395,1500,0.11169593748714082
1111,402,1513,0.11168761880248955
1109,402,1511,0.11166710349344162
1109,403,1512,0.11165407723917654
1110,401,1511,0.11164139771932158
1107,403,1510,0.11162829104492449
1111,408,1519,0.11162301486458359
1103,408,1511,0.11160964334219754
1104,405,1509,0.11161599010820174
1107,400,1507,0.11161964735478304
1093,403,1496,0.11161730065054215
1112,402,1514,0.1116457477354436
1106,400,1506,0.11162937954410516
1104,409,1513,0.11162778346098644
1100,404,1504,0.11163027403028349
1093,412,1505,0.11164257746682914
1104,409,1513,0.1116697097746368
1107,411,1518,0.11166888632064867
1108,414,1522,0.1116605925377407
1103,415,1518,0.11165177962468956
1096,416,1512,0.11165618142597758
1094,410,1504,0.11167741606458907
1096,415,1511,0.11170285314014784
1099,414,1513,0.11172318830648877
1098,413,1511,0.11173328328356
1097,412,1509,0.11174551255937226
1098,404,1502,0.11175805909819525
1098,402,1500,0.11176838197693137
1094,408,1502,0.11177814208668112
1089,413,1502,0.11179708681617746
1089,411,1500,0.11182577536517353
1089,406,1495,0.11185281315223637
1083,404,1487,0.11187772318884698
1097,404,1501,0.11191453058782065
1101,410,1511,0.11191645209063196
1100,408,1508,0.11190920511712514
1096,406,1502,0.11190319028437574
1083,411,1494,0.11190659336821622
1079,411,1490,0.11193869823597201
1080,413,1493,0.11197739794552604
1081,405,1486,0.11201067351394205
1084,411,1495,0.11203848941975889
1093,410,1503,0.11205533172072915
1101,408,1509,0.11205180816632451
1089,411,1500,0.11203059545903227
1095,411,1506,0.11203744912421497
1089,408,1497,0.112029584377648
1080,407,1487,0.11203491114792362
1083,408,1491,0.11206156017364105
1075,411,1486,0.11208045941433756
1084,409,1493,0.11211931752406601
1087,416,1503,0.11213392711439933
1083,416,1499,0.112138981976826
1073,413,1486,0.11215336898921492
1081,408,1489,0.11218755987145884
1081,404,1485,0.11220341245700004
1084,418,1502,0.11221909073369492
1082,415,1497,0.11222703642462184
1088,415,1503,0.11223888762262177
1092,411,1503,0.11223612952970342
1092,411,1503,0.11222464994635359
1097,412,1509,0.11221455685117877
1093,418,1511,0.11219528645821704
1084,419,1503,0.11218688932409701
1087,422,1509,0.11220044884397593
1081,416,1497,0.11220467688175201
1090,417,1507,0.1122220817834381
1083,418,1501,0.11221765716939108
1066,416,1482,0.11222887627946995
1066,414,1480,0.11227785416962564
1060,417,1477,0.1123228422750384
1056,415,1471,0.11237752215809117
1065,423,1488,0.11243540757401359
1073,429,1502,0.11246659539587865
1081,420,1501,0.11247705455692629
1084,420,1504,0.11246815860603544
1081,424,1505,0.11245340804115181
1080,427,1507,0.11244679777624167
1067,435,1502,0.11244677129555593
1069,434,1503,0.11247836376588058
1061,437,1498,0.11250354797337199
1066,437,1503,0.11254590591338602
1075,432,1507,0.11257324389557223
1078,428,1506,0.112577497960604
1081,432,1513,0.11257460987443021
1079,436,1515,0.11256658916656757
1082,430,1512,0.11256350852898259
1067,428,1495,0.11255384057018489
1068,424,1492,0.11257895887180201
1072,434,1506,0.11259948200631072
1068,429,1497,0.11260873456259683
1068,431,1499,0.11262614860891455
1061,429,1490,0.11264440481850095
1051,420,1471,0.1126751576562846
1068,412,1480,0.1127262310351798
1068,421,1489,0.11273479180693548
1052,427,1479,0.11274203183556036
1047,437,1484,0.11278497740876015
1057,435,1492,0.11283688455237349
1054,429,1483,0.11285997897864998
1060,433,1493,0.11288678336826422
1063,428,1491,0.11289806568037761
1057,430,1487,0.11290322866812236
1042,435,1477,0.11292062217040709
1046,435,1481,0.11297154295836118
1046,439,1485,0.11301064442071279
1040,442,1482,0.11304651099909177
1048,447,1495,0.11309398738515408
1053,441,1494,0.11312046002496787
1060,450,1510,0.1131324337347245
1067,451,1518,0.11312822081926463
1060,450,1510,0.1131104000458135
1062,455,1517,0.11311148878743095
1060,455,1515,0.11310970509631067
1048,445,1493,0.11311377091876895
1051,450,1501,0.11314303228672334
1054,446,1500,0.11316487163969473
1060,446,1506,0.113178041870435
1058,448,1506,0.11317725481217526
1060,451,1511,0.11318172194299654
1054,444,1498,0.11318174494141134
1042,443,1485,0.1131963494726666
1040,445,1485,0.11323694460411322
1055,449,1504,0.11327862082905597
1047,455,1502,0.11328220370747456
1044,452,1496,0.11330449230157594
1049,460,1509,0.11333373584774907
1051,461,1512,0.11334828125881198
1052,452,1504,0.11335759678186737
1051,453,1504,0.113361847738629
1042,452,1494,0.1133692358623548
1039,449,1488,0.11339585452847299
1039,447,1486,0.11342699318859228
1041,453,1494,0.11345527542566795
1041,460,1501,0.11347874101054993
1044,459,1503,0.11350015219735318
1045,465,1510,0.11351400027667266
1043,464,1507,0.11352635027915593
1040,464,1504,0.11354361300016488
1036,467,1503,0.11356765335757067
1040,466,1506,0.11359846676092646
1034,473,1507,0.11361538795251473
1035,475,1510,0.11364542786514825
1027,479,1506,0.11367132028423838
1036,468,1504,0.11371406759944425
1028,469,1497,0.11373350292138276
1025,476,1501,0.11377176917495277
1031,475,1506,0.11381486239936411
1010,470,1480,0.11384105906933396
1011,465,1476,0.1139133348710156
1026,464,1490,0.11397745403063261
1021,465,1486,0.11400269880956579
1020,468,1488,0.1140365156940533
1031,473,1504,0.11407159805314863
1016,473,1489,0.11407805583528058
1014,478,1492,0.11411684265835965
1024,475,1499,0.11415767138801942
1032,474,1506,0.11417314732824548
1027,474,1501,0.11416958614462626
1027,468,1495,0.11417918954464441
1020,468,1488,0.11418835725892382
1023,464,1487,0.11421301577147026
1018,476,1494,0.1142294590346539
1021,476,1497,0.11425584657551817
1020,479,1499,0.11427384340801598
1012,487,1499,0.11429303345724842
1021,487,1508,0.11432846199825293
1021,484,1505,0.11434108434478034
1023,486,1509,0.11435107316951243
1023,480,1503,0.11435582234656394
1024,476,1500,0.11436012686106092
1020,475,1495,0.11436100408807395
1019,476,1495,0.11437016553027317
1011,481,1492,0.11438370230579487
1005,489,1494,0.11441733524849791
1003,494,1497,0.11446084306280291
999,487,1486,0.11450617777825615
1012,481,1493,0.11455781227398544
1024,489,1513,0.11457452087444153
1024,493,1517,0.11456308120582868
1026,489,1515,0.11455261215255189
1025,490,1515,0.11453855654835764
1010,484,1494,0.11452688088036361
1007,486,1493,0.11455225896466315
1006,495,1501,0.11458061645391082
1015,498,1513,0.11461035271290547
1012,488,1500,0.11462097441347031
1003,492,1495,0.11463758673264315
1004,501,1505,0.11467342627411309
991,503,1494,0.11470621374146822
992,506,1498,0.1147664690699975
996,503,1499,0.11481982544903076
1001,503,1504,0.11486011440473522
996,511,1507,0.11488567408046674
1000,511,1511,0.11492076013568736
989,509,1498,0.11494407229922085
979,506,1485,0.11499188065044219
987,507,1494,0.1150593112977462
986,508,1494,0.11510320876950024
977,513,1490,0.11514719581933924
984,516,1500,0.11520794627578407
988,527,1515,0.11525035999798115
983,529,1512,0.11527944339982854
994,533,1527,0.11531984205796013
991,540,1531,0.1153313558117366
989,535,1524,0.11535048219444236
984,531,1515,0.11537448059054473
975,528,1503,0.11540928111388117
977,527,1504,0.11546110038306857
980,533,1513,0.11550399056164308
979,528,1507,0.11553738375502898
977,528,1505,0.11557297677388646
974,531,1505,0.11561048541498536
967,526,1493,0.11565411473456988
966,523,1489,0.11570935956132637
974,538,1512,0.11576229975783113
979,534,1513,0.11579054715405754
970,540,1510,0.1158059388477526
966,539,1505,0.11584195879913864
961,540,1501,0.11588486328522331
963,533,1496,0.11593607246927526
966,543,1509,0.11597897931650411
964,544,1508,0.11601157890676884
952,549,1501,0.11604809322159661
957,554,1511,0.11610970297165764
951,552,1503,0.1161558617834719
947,558,1505,0.11621101584230147
949,558,1507,0.11627092805338118
960,557,1517,0.11632088972488748
959,563,1522,0.11634165148482092
954,559,1513,0.11636594382306803
957,549,1506,0.11640025794549866
953,543,1496,0.11642254718124753
954,545,1499,0.11645183140637723
951,546,1497,0.11647451120172696
946,540,1486,0.11650261294352247
948,541,1489,0.11653936022268976
953,546,1499,0.11656804233523385
951,547,1498,0.11658404372988325
958,558,1516,0.11660547979574844
960,554,1514,0.1166101890095002
954,554,1508,0.11660830770209354
959,552,1511,0.11662160226258816
970,555,1525,0.11662280437698978
967,551,1518,0.11659772142339797
962,553,1515,0.11658210628167442
952,551,1503,0.11657737648061708
949,549,1498,0.1165958754118174
949,546,1495,0.11662018874635562
957,549,1506,0.1166406699465659
964,558,1522,0.11664046588878907
965,552,1517,0.11662405966662788
962,552,1514,0.11660853926856603
956,549,1505,0.11660172327274744
959,546,1505,0.11660990144092391
940,557,1497,0.11661104630087749
951,561,1512,0.11665665092606496
947,557,1504,0.11667285342178864
946,560,1506,0.11669549125100848
947,558,1505,0.11672119263193145
934,557,1491,0.11674374870732272
933,565,1498,0.11679576363084526
932,566,1498,0.11684791943236875
930,567,1497,0.11689845768304517
926,572,1498,0.11694935089234672
934,570,1504,0.11700604650092813
925,572,1497,0.11703983315508568
920,579,1499,0.11709234144583704
926,572,1498,0.1171539368146994
924,583,1507,0.11719612383412821
923,583,1506,0.1172400322005112
919,579,1498,0.1172860941531501
918,586,1504,0.11734138767717521
915,587,1502,0.1173954614393709
914,591,1505,0.11745283915768365
920,584,1504,0.11750567088353754
916,580,1496,0.11753848787378676
920,579,1499,0.11757467244334782
926,576,1502,0.1175975324543023
921,581,1502,0.11760571767534796
925,576,1501,0.1176257196355834
927,574,1501,0.11763741574401564
921,578,1499,0.11764455104443954
921,579,1500,0.11766574524825373
913,578,1491,0.1176847269157178
918,580,1498,0.117722774181894
924,590,1514,0.1177475313229214
918,590,1508,0.11775526778272258
924,592,1516,0.11777599573813494
923,591,1514,0.11778207862298597
927,581,1508,0.11779005870811593
916,581,1497,0.1177897891629441
915,586,1501,0.11781493408512456
912,587,1499,0.11783948265262241
921,586,1507,0.11786917141404761
921,584,1505,0.11787640637998731
912,591,1503,0.11788265381365765
922,593,1515,0.1179113997090985
914,595,1509,0.11791633243884622
905,589,1494,0.11794098383346242
899,588,1487,0.1179838406312573
900,588,1488,0.11803562680291237
908,586,1494,0.11807961349741516
919,590,1509,0.11810190329877938
904,590,1494,0.11809756506281432
912,592,1504,0.11813058711953538
914,588,1502,0.11814042066373849
920,591,1511,0.11814524408060208
918,579,1497,0.11813478162677477
912,581,1493,0.11812996041371956
905,578,1483,0.11814090609321458
905,586,1491,0.11816869418525464
903,585,1488,0.11819210004690152
900,588,1488,0.11821862719850099
902,592,1494,0.1182498536328818
904,591,1495,0.11827306903509827
899,598,1497,0.11829053484952136
900,596,1496,0.1183184544167397
896,593,1489,0.1183422321798065
884,601,1485,0.11837180352279077
896,604,1500,0.11842813480705904
883,602,1485,0.11845389797492864
891,602,1493,0.11850792189985913
904,601,1505,0.11853978312806383
904,605,1509,0.1185391905474177
895,599,1494,0.11853817874196369
895,601,1496,0.11856019721404579
906,601,1507,0.11858116803156417
896,601,1497,0.11857452198500865
901,592,1493,0.11859239017889699
897,597,1494,0.11859966180085939
889,592,1481,0.1186153950570056
882,597,1479,0.11864837812270539
891,595,1486,0.11869626379781213
895,605,1500,0.1187199775106648
892,601,1493,0.1187341765513665
896,601,1497,0.1187543402518678
890,602,1492,0.11876497583343056
882,613,1495,0.11879116441685306
874,615,1489,0.11883440278185727
871,628,1499,0.11889417386171754
873,630,1503,0.11895768739674374
881,633,1514,0.1190114289077166
879,638,1517,0.11904339605211936
887,634,1521,0.11907825215882357
883,631,1514,0.11909079885374829
884,627,1511,0.11911148715350237
867,630,1497,0.11913066556399357
884,623,1507,0.1191879712300472
887,625,1512,0.11920163718855555
885,626,1511,0.11920778628641729
880,625,1505,0.11921863432611302
886,635,1521,0.1192404733844844
890,633,1523,0.11924597296526515
888,635,1523,0.11924261219815716
894,628,1522,0.11924435711785555
895,628,1523,0.11923211432318848
896,630,1526,0.11922009310457937
884,629,1513,0.11920575029052173
874,627,1501,0.11922321166325328
874,634,1508,0.11926585112700533
861,638,1499,0.11930502141104249
863,631,1494,0.11937245761176012
867,633,1500,0.11943204604779604
861,641,1502,0.11947925320905826
852,647,1499,0.11953793676059336
860,649,1509,0.11961288739333732
865,648,1513,0.11966419377120005
857,648,1505,0.11970078469305839
849,656,1505,0.11975506593194812
863,655,1518,0.1198243400403089
859,657,1516,0.1198540618569789
867,656,1523,0.11989050768397895
860,652,1512,0.11990668679989383
864,653,1517,0.119938079840746
857,652,1509,0.11995824832567173
850,648,1498,0.11999490342417346
854,639,1493,0.12004665949987407
848,645,1493,0.12008617808048733
854,652,1506,0.12013771069948125
848,656,1504,0.12017058170824957
834,655,1489,0.12021318446122553
837,661,1498,0.12028383065766622
841,660,1501,0.12034097608115456
844,664,1508,0.12038607720200054
840,659,1499,0.12042341423138496
840,652,1492,0.12046738864983986
830,657,1487,0.12050829413595893
814,667,1481,0.12057113676281524
820,670,1490,0.12066706616038098
829,670,1499,0.12074455342045194
830,669,1499,0.12079502931807713
828,669,1497,0.12083801358960797
838,675,1513,0.12088180785566362
832,680,1512,0.12090175876976728
831,677,1508,0.12093484672399717
832,687,1519,0.12096872084723953
827,680,1507,0.12099903833663124
813,683,1496,0.121039446119896
823,675,1498,0.12110767001145341
822,674,1496,0.12114864478991666
823,681,1504,0.12118710725698328
821,677,1498,0.12121950366161775
828,675,1503,0.12125658795829189
834,680,1514,0.12127383301734301
834,678,1512,0.12127622588306057
831,677,1508,0.12127704395287225
828,674,1502,0.12128437857140799
827,672,1499,0.12129810528432199
834,672,1506,0.12131304603232886
833,672,1505,0.12131058211664629
836,676,1512,0.12131062396123539
846,674,1520,0.12130545570088422
830,680,1510,0.12127690996270708
829,681,1510,0.12128740811057401
827,681,1508,0.12130014609289524
830,672,1502,0.12131441292141051
821,672,1493,0.12132071756838128
825,679,1504,0.12134830713725733
829,686,1515,0.12136505318136376
835,678,1513,0.12136886420636323
828,672,1500,0.12135777805191068
831,669,1500,0.12136545908589688
828,668,1496,0.12136200386844866
824,669,1493,0.12136614583310745
825,680,1505,0.1213790853901462
831,672,1503,0.12138899050320581
835,681,1516,0.12138336080413388
830,678,1508,0.12137034731695444
832,675,1507,0.12137128162731944
832,670,1502,0.12136742502003686
821,679,1500,0.12136648266211299
826,684,1510,0.1213931798242423
814,690,1504,0.12140570588852366
815,696,1511,0.12144797001154524
819,688,1507,0.12148497147426113
814,688,1502,0.12151060267213257
817,680,1497,0.12154747384753818
799,684,1483,0.12157519124208846
807,696,1503,0.12164396231332807
812,696,1508,0.12168805171894088
814,702,1516,0.12171726906671534
816,704,1520,0.12174035217909028
818,702,1520,0.1217581525130478
810,686,1496,0.12176922306268931
804,695,1499,0.12179714611951024
794,705,1499,0.1218374568937054
795,709,1504,0.12189975307039966
801,704,1505,0.12195582284645042
803,706,1509,0.12199388869682873
807,705,1512,0.12202459258495402
802,711,1513,0.12204532642105953
796,716,1512,0.12207817706097249
792,712,1504,0.12212473438319144
791,710,1501,0.12217519327335263
794,709,1503,0.12222268246923865
794,709,1503,0.12226079339603593
796,703,1499,0.12229677041353323
790,701,1491,0.12232660395087094
806,699,1505,0.12236810101592174
808,705,1513,0.12237027538182833
797,713,1510,0.12236869071446652
796,709,1505,0.12239294778930972
796,719,1515,0.1224192996467857
791,723,1514,0.12244381835908706
798,711,1509,0.12247776055801801
792,713,1505,0.12249068352414866
800,712,1512,0.12251577261249745
788,709,1497,0.12252073519858865
794,710,1504,0.12255509520596611
787,711,1498,0.12257292392589633
792,717,1509,0.12260523409894633
789,723,1512,0.12262406816130295
777,724,1501,0.12264752884765828
777,721,1498,0.12269746588393426
775,721,1496,0.12274266808563664
779,718,1497,0.12278918412270665
786,723,1509,0.12282183609976265
789,714,1503,0.12283410043729395
789,713,1502,0.12283672580950533
788,699,1487,0.1228389998848538
787,705,1492,0.12284657739726043
781,712,1493,0.12285571079417973
775,717,1492,0.1228782499036554
780,712,1492,0.12291111782151422
781,721,1502,0.1229293736041818
779,725,1504,0.1229437920992029
788,730,1518,0.12296073453420318
794,718,1512,0.12295649465078241
789,713,1502,0.12293960087093014
784,709,1493,0.12293629582611111
780,717,1497,0.12294462536576234
770,718,1488,0.12296092006452346
778,725,1503,0.12299966816869659
773,721,1494,0.12301617726770397
777,722,1499,0.12304296739176895
772,730,1502,0.12305949800131163
777,724,1501,0.12308769123144227
776,730,1506,0.12310302426212086
771,732,1503,0.12312065905501055
773,732,1505,0.12314787522443012
785,738,1523,0.12316857511477292
784,735,1519,0.12315959320280678
781,727,1508,0.12315218480344706
780,733,1513,0.12315247662130294
773,733,1506,0.12315573742597044
774,732,1506,0.12317500543340636
778,731,1509,0.12318800582760375
777,732,1509,0.1231926114896552
783,734,1517,0.12319893475055047
780,727,1507,0.12319058851183907
779,722,1501,0.12318875185850367
780,720,1500,0.12318974044516114
774,712,1486,0.12318855258672187
771,725,1496,0.12320082194346453
777,733,1510,0.12321982416379974
775,736,1511,0.12322296089211086
777,743,1520,0.12323272042287674
768,741,1509,0.1232386276546844
754,745,1499,0.1232633154415695
753,742,1495,0.12331944439996315
759,736,1495,0.12337436581821763
756,737,1493,0.12341219227678497
758,727,1485,0.12345379196504921
747,741,1488,0.12348846586314675
744,742,1486,0.12354495405124148
752,756,1508,0.12360563758032454
762,751,1513,0.12364451988685529
757,755,1512,0.12365748051770314
747,758,1505,0.1236822362007716
748,757,1505,0.12372716302125149
755,756,1511,0.12376766108146876
745,753,1498,0.12378979750597492
749,751,1500,0.12383377712401299
750,756,1506,0.12386650951602653
745,749,1494,0.12389327238087762
754,753,1507,0.12393071159244565
759,765,1524,0.12394624407610653
747,757,1504,0.1239480095253428
743,752,1495,0.12397945900028809
747,753,1500,0.12401624026158259
755,748,1503,0.12403986829987086
750,747,1497,0.12404248949320344
754,735,1489,0.12405746506941301
749,735,1484,0.12406110446289906
750,747,1497,0.1240762610471286
742,748,1490,0.12408803632678389
747,747,1494,0.12411609944434696
753,753,1506,0.1241316450596383
740,749,1489,0.12413320345805269
731,760,1491,0.1241668615151816
726,766,1492,0.12422098280782608
746,761,1507,0.12428307788841417
752,763,1515,0.12429327416858622
752,769,1521,0.12429085478335346
746,765,1511,0.12428814773453783
750,758,1508,0.12429971466255867
748,763,1511,0.12430144250078108
748,760,1508,0.12430990269972102
756,757,1513,0.12431542308075536
747,754,1501,0.12430266738082604
741,761,1502,0.12431209037620354
737,758,1495,0.12433476968090407
739,754,1493,0.12436489148487512
747,758,1505,0.12438986136783287
741,758,1499,0.12439498641701902
742,757,1499,0.12441506788115163
747,754,1501,0.12443142483235664
749,751,1500,0.12443349503859694
740,755,1495,0.12443003815473794
734,772,1506,0.12444708940392182
736,775,1511,0.12447594375781862
735,773,1508,0.12449934205029713
738,775,1513,0.12452680270192641
737,783,1520,0.12454487775888676
727,783,1510,0.12456455200526267
728,772,1500,0.12460457517008613
731,776,1507,0.12463913651405059
728,778,1506,0.12466382586080836
722,776,1498,0.12469406047942411
720,788,1508,0.12473702746871307
717,790,1507,0.12478164160449037
730,789,1519,0.12483085284720183
728,787,1515,0.12484546432982951
715,787,1502,0.12486322357828332
718,790,1508,0.12491163237700753
723,792,1515,0.12495023514106246
720,791,1511,0.12497391988636679
723,785,1508,0.12500078339428455
726,781,1507,0.12501727082722577
730,779,1509,0.12502627017652979
731,789,1520,0.125024383855818
736,790,1526,0.12502119590488664
742,786,1528,0.12500653864183192
742,785,1527,0.1249792877309425
736,787,1523,0.12495392679088332
739,796,1535,0.12494586471976793
737,795,1532,0.12493383045558815
723,786,1509,0.1249290296064633
720,787,1507,0.12495664004133701
714,793,1507,0.12498691170719241
722,786,1508,0.12502911126021293
717,789,1506,0.1250475440291077
721,785,1506,0.12507568196194416
729,784,1513,0.12509205034430834
729,782,1511,0.12508739911638947
732,784,1516,0.12508327052406046
713,781,1494,0.125072770120478
719,785,1504,0.12510771970244022
710,782,1492,0.12512447069249624
712,796,1508,0.1251618352859737
706,803,1509,0.12519033945649333
700,797,1497,0.12523012821293772
712,788,1500,0.12528101133643874
722,781,1503,0.12530054075286157
718,779,1497,0.1252946210712321
712,776,1488,0.12529797880710153
719,784,1503,0.12531551755032905
721,791,1512,0.12531567201916857
724,795,1519,0.12531231784136188
711,801,1512,0.12530489869262637
700,797,1497,0.12532952007452805
704,799,1503,0.12537854306897905
705,808,1513,0.1254157598529169
703,812,1515,0.1254500472891612
698,807,1505,0.12548534671009448
704,809,1513,0.12553046878374124
698,802,1500,0.12555896341274775
699,801,1500,0.1255993059801574
704,806,1510,0.12563266214490962
703,797,1500,0.12565106398411297
702,791,1493,0.12567190168664233
707,786,1493,0.12569228641519828
710,790,1500,0.12570012222788873
716,792,1508,0.1256984333848515
706,799,1505,0.1256843420319909
700,803,1503,0.1256959398715017
703,803,1506,0.125720443456475
706,805,1511,0.12573568691272335
704,797,1501,0.1257434651548224
702,804,1506,0.1257557722394047
704,800,1504,0.12577076055409464
710,800,1510,0.12578109019007375
706,807,1513,0.12577654042951933
704,797,1501,0.12578199557314812
709,797,1506,0.12579069830115633
710,799,1509,0.12578787859178112
709,794,1503,0.12578280666424252
705,793,1498,0.12578092561475473
703,800,1503,0.12578865999372837
703,789,1492,0.12579921591303533
706,805,1511,0.12581012216349358
709,804,1513,0.12581170959708043
707,804,1511,0.12580636652483926
707,804,1511,0.1258060177680857
700,805,1505,0.12580767071926732
711,801,1512,0.12582694508911685
708,803,1511,0.12581860655662624
714,813,1527,0.12581888591305873
709,800,1509,0.12580637028460911
704,797,1501,0.12580590837721448
696,803,1499,0.12581770274217807
692,810,1502,0.12584693610441625
687,816,1503,0.12588470994371817
688,808,1496,0.12593332936623144
694,815,1509,0.1259770411555192
699,820,1519,0.12600221460661537
702,822,1524,0.12601293885052336
695,835,1530,0.12601750735013031
693,844,1537,0.12603925888916365
687,846,1533,0.12606448047036595
688,839,1527,0.12610301304189883
681,825,1506,0.12613705105749415
681,824,1505,0.126185361252365
680,821,1501,0.12623051755091697
677,827,1504,0.12627375661016418
677,837,1514,0.12632085165097748
669,841,1510,0.12636256540686214
664,831,1495,0.12642113548529074
659,831,1490,0.12648630783050696
656,836,1492,0.1265587404512473
665,846,1511,0.12663397635117946
677,848,1525,0.12668185216373778
672,855,1527,0.12669848458684232
669,858,1527,0.12672438516121168
665,850,1515,0.126755556868881
660,856,1516,0.1267944169231729
659,854,1513,0.12684280702483097
644,851,1495,0.12688796258795182
638,846,1484,0.12696568336805525
642,854,1496,0.12705361417532818
647,855,1502,0.12712531909589142
642,843,1485,0.12718221920160055
648,838,1486,0.12724715961483324
651,847,1498,0.12729243540507496
648,848,1496,0.12732671044561222
647,840,1487,0.1273644182394936
653,839,1492,0.12740076336893247
645,848,1493,0.12742152270932902
654,852,1506,0.1274595203621106
662,855,1517,0.12747364590563515
653,851,1504,0.127468705262119
661,837,1498,0.127487837143851
653,836,1489,0.12748493766098343
648,845,1493,0.12750180826029126
652,859,1511,0.12752984470301107
659,859,1518,0.12754624291910482
641,850,1491,0.12754550231867864
638,861,1499,0.12758837505864398
635,873,1508,0.12763767672544402
630,859,1489,0.1276888947724662
636,862,1498,0.12774892093280846
634,868,1502,0.12779065627482117
638,867,1505,0.12783550686485173
625,871,1496,0.12786730549358336
631,871,1502,0.12792686522993002
629,857,1486,0.12796657226391003
634,871,1505,0.1280085972381018
641,873,1514,0.1280362516183434
638,874,1512,0.128045445375571
643,871,1514,0.12806210318715813
643,878,1521,0.12806642617935707
647,877,1524,0.1280705565150156
639,882,1521,0.12806432277758265
635,885,1520,0.12807767422866995
622,870,1492,0.1280989797522193
621,863,1484,0.12815068573783844
631,871,1502,0.12819872312246733
632,866,1498,0.12821927653784154
628,874,1502,0.1282376867477998
625,879,1504,0.12826434577419105
620,877,1497,0.1282972697689143
626,885,1511,0.12833902909915648
626,880,1506,0.12836342967865086
625,881,1506,0.12838719587733535
629,885,1514,0.12841158080758935
631,885,1516,0.12842411367244233
628,884,1512,0.1284312841065407
626,881,1507,0.1284452733774812
620,877,1497,0.12846320157817379
615,890,1505,0.12849746473056758
608,898,1506,0.1285432834300883
613,898,1511,0.12860272455572141
619,898,1517,0.12864704839154498
614,898,1512,0.12867425490170953
617,899,1516,0.12871106153510564
613,897,1510,0.1287372646693693
614,900,1514,0.1287727631255089
621,889,1510,0.12880455585841388
615,890,1505,0.12881709472396843
615,896,1511,0.12884273539336324
611,895,1506,0.1288662311690091
607,913,1520,0.1288987327797322
609,908,1517,0.12893814496461267
615,907,1522,0.12897051471620802
612,909,1521,0.12898620127306132
616,915,1531,0.12900738272675955
615,920,1535,0.12901760996620465
603,912,1515,0.12903027918412946
612,891,1503,0.12907025396147578
615,886,1501,0.12908755643039055
610,901,1511,0.12909425916371492
606,903,1509,0.1291139197890657
612,897,1509,0.12914369461292405
617,894,1511,0.12915768893531498
610,904,1514,0.12915721742017325
614,904,1518,0.12917266190515622
610,901,1511,0.12917738386085165
617,884,1501,0.12919116531411995
608,887,1495,0.12918760395277537
606,886,1492,0.12920627999838916
608,905,1513,0.1292282403474778
608,908,1516,0.1292452553897101
609,908,1517,0.1292605732586081
607,911,1518,0.12927272396476908
604,899,1503,0.12929022819789757
604,897,1501,0.1293128884886662
606,891,1497,0.12933221403824974
606,889,1495,0.12934586112439198
602,894,1496,0.12935956395313344
599,906,1505,0.1293819318790423
602,901,1503,0.12941194549613325
609,905,1514,0.1294299863797156
604,902,1506,0.1294295143077731
604,902,1506,0.1294393063582147
597,907,1504,0.12944689257664482
599,900,1499,0.1294715802155352
603,899,1502,0.12948898230978106
605,899,1504,0.1294981113253496
601,913,1514,0.12950066560212597
603,913,1516,0.1295138140071156
597,920,1517,0.12952117564580212
589,928,1517,0.12954488655065394
585,923,1508,0.12958547488851394
587,928,1515,0.12963508606356722
587,934,1521,0.12967688424839025
583,929,1512,0.12971495120291718
584,935,1519,0.12975870430417133
584,939,1523,0.12979699146208812
573,946,1519,0.12983378516714533
560,948,1508,0.12989498395958163
566,940,1506,0.1299832953797041
563,943,1506,0.13005127032114064
555,943,1498,0.13012328543372306
555,944,1499,0.13020987146602053
550,953,1503,0.13029164209187766
544,953,1497,0.1303805326408725
549,962,1511,0.13047925567698054
552,956,1508,0.13055755014058534
555,968,1523,0.13062193044126874
554,969,1523,0.13067399314009878
544,964,1508,0.1307251943950577
546,964,1510,0.1307979933616979
543,960,1503,0.13086181596935254
541,960,1501,0.13092834611345044
543,966,1509,0.13099525245652668
549,966,1515,0.13105217821194504
554,956,1510,0.1310891077836701
553,954,1507,0.13111344698334798
552,958,1510,0.1311365172408115
549,960,1509,0.1311608150740449
541,963,1504,0.1311927721734903
546,966,1512,0.13124243618401932
548,959,1507,0.13127544864756285
544,954,1498,0.13130007653184772
541,962,1503,0.13133276749382905
548,964,1512,0.13137034799455174
543,963,1506,0.13138985445723939
546,972,1518,0.13141873166252624
536,972,1508,0.13143799536862358
534,962,1496,0.13148021503693685
530,963,1493,0.13152542914818283
535,971,1506,0.13157671422875578
537,975,1512,0.1316128473956518
536,978,1514,0.1316418361370971
541,988,1529,0.1316722448779078
539,982,1521,0.13168795529831864
540,985,1525,0.13170753587112555
541,993,1534,0.13172419537504645
538,986,1524,0.13173676289211358
537,980,1517,0.13175729764251706
533,981,1514,0.13177976429833183
531,969,1500,0.13180874636754913
532,975,1507,0.13184090532900064
530,977,1507,0.13186886392793148
530,989,1519,0.13189886102083154
527,979,1506,0.13192549802780396
524,981,1505,0.13195846308863884
533,986,1519,0.1319945444929914
527,978,1505,0.13200465170473874
535,970,1505,0.1320287211264
538,973,1511,0.13203160333823394
539,977,1516,0.13202687413389083
535,986,1521,0.13201961821214078
538,999,1537,0.1320241838011782
534,985,1519,0.13202080696952165
523,988,1511,0.13202725255185396
519,990,1509,0.13206096187310065
519,986,1505,0.13210106778242262
523,992,1515,0.13213933085042712
516,996,1512,0.13216329939158128
512,992,1504,0.1322015778231599
509,993,1502,0.1322487848076414
511,993,1504,0.13229912353332662
506,1001,1507,0.13233981285163293
516,999,1515,0.1323899770731624
516,1000,1516,0.1324135847374222
511,1000,1511,0.13243429997765302
513,990,1503,0.1324667655237198
514,1000,1514,0.1324938237405579
518,1013,1531,0.13251608163291065
522,1009,1531,0.13252552590247427
520,1007,1527,0.1325239185510615
508,1003,1511,0.13252862303910556
516,1003,1519,0.13256291698593514
503,1009,1512,0.1325744690752715
498,1009,1507,0.13262042416209954
502,1007,1509,0.13267667795790206
495,1021,1516,0.1327192235195236
494,1019,1513,0.132775695905213
494,1012,1506,0.13283101224854588
497,1024,1521,0.13288524441087687
499,1018,1517,0.13293064014895464
501,1022,1523,0.1329675067155414
502,1017,1519,0.13299673088279382
505,1019,1524,0.13302244064886493
504,1009,1513,0.13303864982174646
496,1011,1507,0.13305789949204333
497,1023,1520,0.1330947189316828
493,1028,1521,0.13312717441063232
489,1041,1530,0.13316769852299848
488,1033,1521,0.13321432558316496
497,1033,1530,0.13326168942036826
487,1028,1515,0.1332836323263483
482,1027,1509,0.13333004769103626
480,1034,1514,0.13338768964577583
484,1043,1527,0.1334441368445184
491,1037,1528,0.1334866088067138
485,1029,1514,0.13350909545381595
479,1032,1511,0.13354341330899944
471,1023,1494,0.13358904411437966
481,1010,1491,0.13365051772476377
488,1012,1500,0.13368356859784977
485,1004,1489,0.13369638437054676
485,1004,1489,0.13371504229484038
491,1017,1508,0.13373434625016636
493,1016,1509,0.13373961068304413
485,1032,1517,0.13374098888152838
488,1031,1519,0.13376095757987916
482,1041,1523,0.1337734347243908
475,1040,1515,0.13380047353083124
477,1025,1502,0.13384341139280684
474,1036,1510,0.1338812467551011
473,1044,1517,0.133925109805358
473,1046,1519,0.1339687948644069
471,1052,1523,0.13400950629711064
474,1050,1524,0.13405197745498842
464,1048,1512,0.13408588578787278
455,1053,1508,0.1341437643807734
456,1052,1508,0.13421970441287803
460,1048,1508,0.13428847685555534
465,1045,1510,0.13434226701055713
468,1041,1509,0.13438079584953794
462,1055,1517,0.13441025279537594
459,1036,1495,0.13445314113918833
457,1046,1503,0.13450145041393807
459,1047,1506,0.13455049365678878
466,1053,1519,0.13459043894134182
465,1064,1529,0.13461104392208567
456,1059,1515,0.1346337490384427
454,1053,1507,0.13467700592999696
464,1064,1528,0.13472366192934593
463,1060,1523,0.13474263030495107
453,1060,1513,0.13476337253193127
451,1057,1508,0.13480713295813745
453,1048,1501,0.13485265056994847
449,1039,1488,0.13489061305252745
455,1051,1506,0.13493778132173503
442,1046,1488,0.13496840920067218
440,1048,1488,0.13502889845440216
437,1055,1492,0.13509048101328364
446,1061,1507,0.13515592738374452
447,1064,1511,0.13519447723095449
444,1070,1514,0.13522742092070913
443,1063,1506,0.13526683848832305
444,1064,1508,0.1353057976628235
446,1061,1507,0.1353401749029477
444,1060,1504,0.1353682725001826
441,1063,1504,0.13539836150685963
442,1058,1500,0.13543323492029005
438,1058,1496,0.13546348073809233
444,1061,1505,0.1355007324808679
446,1065,1511,0.13552087374969798
446,1054,1500,0.1355349920127447
447,1071,1518,0.13554814154958986
441,1066,1507,0.1355578285401228
444,1071,1515,0.1355824244796831
449,1067,1516,0.13559778885347049
451,1069,1520,0.13560008039610427
444,1066,1510,0.1355979230868349
443,1060,1503,0.13561343775540924
437,1068,1505,0.13563087540115007
441,1060,1501,0.13566463765128903
433,1064,1497,0.13568636560645073
433,1062,1495,0.13572758605313662
436,1079,1515,0.13576632722375537
440,1073,1513,0.1357944880165095
448,1074,1522,0.13581014147568854
454,1078,1532,0.13580779109325453
440,1072,1512,0.13579093520336863
433,1078,1511,0.13580852711910638
437,1084,1521,0.13584128490061612
429,1065,1494,0.13586147625386366
438,1064,1502,0.1358996569965301
437,1078,1515,0.1359145037210261
431,1079,1510,0.1359304690582957
432,1078,1510,0.135959711064738
430,1092,1522,0.13598587756118063
422,1088,1510,0.13601461894413944
427,1086,1513,0.13606127370199936
431,1078,1509,0.13609048816319283
435,1073,1508,0.13610948221507108
430,1073,1503,0.13611906346516853
435,1078,1513,0.13614095435145054
429,1070,1499,0.1361490337871367
428,1070,1498,0.13617305772944058
433,1078,1511,0.1361980444833607
438,1074,1512,0.1362093310470501
441,1061,1502,0.13620853782246548
431,1057,1488,0.13620080588713995
426,1069,1495,0.13621876196856011
426,1071,1497,0.1362471935051567
425,1077,1502,0.13627425390544307
425,1079,1504,0.1363027896853307
422,1072,1494,0.13632900011295987
421,1086,1507,0.13636031709364485
420,1096,1516,0.13639289105870137
423,1088,1511,0.13642475912688382
421,1088,1509,0.13644797328660674
423,1090,1513,0.13647452977352953
422,1087,1509,0.1364929950799131
422,1088,1510,0.13651327611831715
423,1081,1504,0.13653301596437006
423,1097,1520,0.13654961624077705
421,1094,1515,0.13656518029870138
419,1086,1505,0.13658459502309062
415,1097,1512,0.13660615246287028
421,1087,1508,0.13663517117856513
426,1083,1509,0.136647649063876
425,1092,1517,0.13664718519031813
429,1087,1516,0.13664807460040204
424,1092,1516,0.1366393024485235
426,1091,1517,0.136641690664102
423,1086,1509,0.13663920490257578
427,1079,1506,0.136643401279318
426,1080,1506,0.1366388174923023
424,1074,1498,0.13663540010996825
427,1078,1505,0.13663736583732206
424,1069,1493,0.13663257171155893
417,1086,1503,0.1366341364100329
417,1084,1501,0.136653571874825
419,1086,1505,0.13667243375747665
434,1075,1509,0.13668469104839642
427,1059,1486,0.13665968886227758
426,1065,1491,0.1366540272216203
426,1066,1492,0.1366501589608595
429,1075,1504,0.13664680859076447
426,1086,1512,0.13663817312660048
429,1079,1508,0.13663793144191388
427,1073,1500,0.13663086233610675
429,1077,1506,0.1366299302052203
426,1085,1511,0.13662410292918775
420,1084,1504,0.13662524459796527
421,1080,1501,0.13664084467904045
421,1093,1514,0.1366517687276155
414,1092,1506,0.13666087283553094
410,1096,1506,0.13668787381063896
418,1089,1507,0.13672337191789263
418,1086,1504,0.1367351894588765
421,1084,1505,0.13674762450702965
418,1080,1498,0.13675134653897672
426,1087,1513,0.1367612229226889
421,1086,1507,0.13675170435820858
416,1093,1509,0.13675634272604775
417,1094,1511,0.13677299277904215
418,1092,1510,0.13678657930188723
420,1097,1517,0.13679705500426592
420,1089,1509,0.13680251977976643
414,1088,1502,0.13680701594027206
403,1095,1498,0.13682607017210477
413,1098,1511,0.13686931583586906
416,1094,1510,0.13688387709179406
413,1098,1511,0.13689052715207062
413,1098,1511,0.13690435546558663
424,1105,1529,0.13691743311789037
417,1103,1520,0.1369022121070686
420,1098,1518,0.1369050285833486
431,1089,1520,0.13689988627109093
427,1096,1523,0.13686800349209252
423,1078,1501,0.1368478426616618
421,1079,1500,0.13683878650041362
418,1084,1502,0.13683582417520074
421,1083,1504,0.13684006150900088
421,1087,1508,0.1368355497714457
419,1089,1508,0.13683087658849163
420,1094,1514,0.13683062018554237
412,1092,1504,0.13682647981133805
416,1099,1515,0.1368423490454413
412,1100,1512,0.13684839656213213
414,1094,1508,0.13686267386456838
418,1090,1508,0.13687199615957962
419,1096,1515,0.13686930169976644
424,1085,1509,0.13686456745156472
426,1089,1515,0.13684729722238387
418,1088,1506,0.1368266301626346
415,1090,1505,0.13682706232455502
419,1099,1518,0.13683484744233956
423,1095,1518,0.13683167311427033
419,1089,1508,0.136819840176711
419,1100,1519,0.1368193894588007
418,1100,1518,0.13681901543815272
412,1103,1515,0.13682137677602516
412,1096,1508,0.13683778753054582
413,1097,1510,0.13685321957742347
415,1099,1514,0.13686637087783815
411,1103,1514,0.13687391162615778
412,1097,1509,0.1368910095808333
414,1089,1503,0.13690406607783742
422,1095,1517,0.13691021036254772
416,1100,1516,0.13689567277737907
422,1104,1526,0.1368977385241774
427,1092,1519,0.13688603208929073
427,1092,1519,0.13686240011669587
418,1096,1514,0.13684013599673409
416,1097,1513,0.13684178748348855
417,1088,1505,0.13684804622200858
420,1080,1500,0.13684975077212386
423,1083,1506,0.13684524667416814
423,1086,1509,0.13683155081079856
417,1080,1497,0.1368203661299803
419,1088,1507,0.1368245072821259
409,1094,1503,0.13682235149811509
413,1095,1508,0.13684698086682331
410,1094,1504,0.13685898190411902
415,1092,1507,0.13687696991252324
416,1085,1501,0.1368812502037344
417,1088,1505,0.1368830190671596
413,1099,1512,0.13688119240404054
413,1099,1512,0.13688959191368327
409,1101,1510,0.13689789558579868
409,1096,1505,0.13691471850046047
412,1098,1510,0.13692874430748442
409,1111,1520,0.13693368447732662
410,1100,1510,0.13694570186493135
408,1111,1519,0.13695439907705118
407,1093,1500,0.1369679656128963
412,1101,1513,0.13698423592410156
412,1102,1514,0.13698643815113354
413,1101,1514,0.13698824101320967
409,1094,1503,0.13698768394948893
409,1090,1499,0.13699649096042368
410,1100,1510,0.13700529784878582
415,1096,1511,0.13701024737243603
411,1094,1505,0.13700268122121695
412,1099,1511,0.137006248499477
415,1096,1511,0.1370081210705323
421,1109,1530,0.1370014525639803
420,1109,1529,0.13697978707000144
415,1104,1519,0.1369607888722133
407,1111,1518,0.13695678208492323
410,1099,1509,0.1369723933460257
406,1097,1503,0.1369794564846792
405,1112,1517,0.1369971956589801
396,1113,1509,0.13701759090480162
400,1107,1507,0.13705848722067393
395,1103,1498,0.13708726666623783
395,1100,1495,0.13712615953011714
396,1109,1505,0.13716308960313944
395,1095,1490,0.13719405806536084
389,1094,1483,0.1372257576765813
384,1110,1494,0.13726940570763907
385,1116,1501,0.1373237022666591
384,1119,1503,0.13737095080263653
387,1119,1506,0.13741680145442264
388,1122,1510,0.1374517296271865
390,1120,1510,0.13748203049290528
387,1120,1507,0.1375071645066492
391,1122,1513,0.13753878808484502
396,1121,1517,0.1375569545728752
394,1125,1519,0.1375622251049239
388,1133,1521,0.13757226995822486
388,1147,1535,0.13759619028252035
382,1134,1516,0.13761821387941012
383,1124,1507,0.13765314833786108
387,1127,1514,0.13768364393982227
386,1132,1518,0.13770136491067034
387,1128,1515,0.13772048285495794
389,1124,1513,0.13773625122416816
378,1122,1500,0.13774530747022198
379,1126,1505,0.1377820255196741
384,1129,1513,0.13781295900642224
384,1126,1510,0.1378294335323289
383,1130,1513,0.13784599622148225
391,1134,1525,0.13786564171640597
386,1140,1526,0.13786514012439466
387,1139,1526,0.13787780620056572
383,1127,1510,0.13788723408411468
379,1129,1508,0.13790548752341972
381,1146,1527,0.13793242995902735
376,1144,1520,0.13795319524683505
377,1135,1512,0.1379856048255273
377,1130,1507,0.13801139826267717
372,1127,1499,0.13803501345918417
378,1134,1512,0.13806845534976595
376,1133,1509,0.13808391029908224
381,1138,1519,0.1381030997852855
379,1121,1500,0.13810955004493253
372,1137,1509,0.13812002147053154
377,1138,1515,0.13814435737830474
369,1147,1516,0.1381534723291006
371,1151,1522,0.13818291785152184
369,1150,1519,0.13820717005908872
373,1136,1509,0.13823381734709897
377,1140,1517,0.1382496601100922
376,1149,1525,0.13825687678636364
373,1150,1523,0.13826673097040076
370,1159,1529,0.1382843450960044
369,1163,1532,0.13830717495296432
375,1153,1528,0.13833050298129645
366,1142,1508,0.13833671847244258
370,1134,1504,0.13836416048586594
374,1129,1503,0.13838015016150265
370,1143,1513,0.13838534233182162
369,1147,1516,0.1383996896557865
364,1146,1510,0.13841627614353275
366,1139,1505,0.13844379893799305
364,1148,1512,0.13846438306426223
357,1151,1508,0.13848779576159206
361,1156,1517,0.13852970021121408
360,1161,1521,0.13855968572205538
357,1146,1503,0.13859028827943948
359,1143,1502,0.13862748150292084
354,1153,1507,0.1386559622339976
358,1149,1507,0.13869352254026368
358,1148,1506,0.13871842841349508
355,1136,1491,0.13874076260026433
355,1140,1495,0.13877046122879896
356,1141,1497,0.13879586657589035
354,1130,1484,0.13881809687436522
363,1145,1508,0.13884407945312763
366,1141,1507,0.13884615253716043
361,1137,1498,0.13883948510252414
366,1155,1521,0.13884638940276633
359,1151,1510,0.1388419666883964
353,1147,1500,0.13885527876874032
354,1151,1505,0.13888341361881398
350,1140,1490,0.13890762306057947
351,1149,1500,0.1389410810478629
348,1162,1510,0.1389706936266923
350,1166,1516,0.13900521444939948
348,1169,1517,0.13903222520073666
353,1163,1516,0.13906230038215373
342,1163,1505,0.13907716605777748
346,1162,1508,0.1391198336047996
347,1168,1515,0.13914872177337492
344,1170,1514,0.13917458056052814
349,1175,1524,0.13920547163354277
349,1170,1519,0.13922167180754902
348,1167,1515,0.1392371719464536
346,1168,1514,0.13925391591930558
342,1165,1507,0.13927395916279806
345,1160,1505,0.1393015266166382
351,1157,1508,0.1393196059900766
343,1157,1500,0.13932179466265573
347,1167,1514,0.13934261277856672
339,1164,1503,0.13935101881588072
347,1162,1509,0.1393780921095746
351,1162,1513,0.1393844709757897
356,1163,1519,0.13938036921827368
362,1156,1518,0.1393635958076903
357,1156,1513,0.13933392729150754
354,1152,1506,0.13931850331616447
356,1147,1503,0.13931158992761117
352,1150,1502,0.1392997829760547
356,1159,1515,0.1392996290037855
357,1148,1505,0.13928969136003744
359,1146,1505,0.1392779269956018
348,1155,1503,0.13926307532232307
352,1154,1506,0.13927701810857723
355,1163,1518,0.13928019843178663
355,1164,1519,0.13927601478526527
353,1156,1509,0.13927240035443256
353,1160,1513,0.13927405868496578
354,1155,1509,0.13927669266163695
348,1157,1505,0.139276779579754
351,1162,1513,0.13929165020972614
341,1161,1502,0.1392991785703941
336,1169,1505,0.13933139544942036
336,1170,1506,0.13937317562425888
345,1162,1507,0.1394110610146842
343,1164,1507,0.13942375497010712
347,1162,1509,0.13943999398620557
349,1173,1522,0.13944361938859676
345,1178,1523,0.13944247229268572
343,1179,1522,0.13945162423459742
340,1181,1521,0.13946568366039375
338,1181,1519,0.13948516691596688
338,1175,1513,0.13950682899788988
338,1182,1520,0.13952732294437456
335,1187,1522,0.13954689848294152
335,1188,1523,0.1395732500366634
335,1188,1523,0.13959750067666057
334,1179,1513,0.13961966293132663
339,1179,1518,0.13964227714202654
333,1185,1518,0.13965137586999624
339,1173,1512,0.13967622085549114
332,1186,1518,0.1396846241950847
330,1184,1514,0.13970923945279054
326,1182,1508,0.13973767379619637
329,1180,1509,0.13977397554735974
335,1188,1523,0.13980127392036834
336,1187,1523,0.13981112697650533
337,1179,1516,0.13981677372544296
341,1193,1534,0.1398205958725947
342,1183,1525,0.1398152542816534
339,1162,1501,0.13980857119099502
341,1157,1498,0.13980977026398644
340,1155,1495,0.13980484654130224
339,1165,1504,0.13980407595910457
336,1164,1500,0.13980633517670316
333,1163,1496,0.13981785755525794
335,1170,1505,0.13983594951555778
327,1190,1517,0.13984650850955677
329,1184,1513,0.13987583759559205
328,1188,1516,0.1398981563296741
328,1180,1508,0.13992205464341048
332,1192,1524,0.13994620772999028
327,1187,1514,0.139958864239572
330,1187,1517,0.13998434173208948
332,1200,1532,0.13999968030424526
334,1184,1518,0.14001041269256592
333,1185,1518,0.1400161412897831
324,1181,1505,0.14002493936064073
328,1173,1501,0.14005492645980527
326,1181,1507,0.14007300633232372
327,1190,1517,0.14009521453202947
324,1189,1513,0.14011368927652873
328,1194,1522,0.14013901132479423
319,1188,1507,0.14015278028203923
318,1197,1515,0.1401874580972754
324,1191,1515,0.14022115549406158
320,1196,1516,0.14023751063473192
320,1190,1510,0.14026246348466054
317,1180,1497,0.1402851819212702
317,1200,1517,0.1403132545043445
314,1180,1494,0.1403401126402251
313,1174,1487,0.14037357888810564
311,1187,1498,0.14040591569447033
311,1194,1505,0.14044226148034475
309,1198,1507,0.14047583198787264
304,1195,1499,0.1405121237130838
304,1199,1503,0.14055938792786926
306,1198,1504,0.1406029715615352
308,1195,1503,0.14063800656672412
310,1202,1512,0.14066534624988639
311,1209,1520,0.140686110200461
311,1216,1527,0.14070442265082841
314,1203,1517,0.14072173505534485
317,1190,1507,0.14073166942127321
318,1181,1499,0.14073228151608855
314,1189,1503,0.1407302776509437
317,1188,1505,0.14073826582485827
316,1190,1506,0.14073918159895973
324,1177,1501,0.14074222321756305
316,1175,1491,0.1407254066797648
313,1177,1490,0.14073055821847208
314,1192,1506,0.14074393767871418
312,1186,1498,0.14075300573256194
314,1183,1497,0.1407663213504067
310,1194,1504,0.1407745287762495
299,1208,1507,0.14079319287537775
297,1209,1506,0.14083729081173746
297,1209,1506,0.14088407191143282
298,1210,1508,0.14092745019200684
300,1219,1519,0.14096582411242997
304,1199,1503,0.14099586791712698
303,1204,1507,0.1410136164809026
299,1200,1499,0.14103228430048909
297,1199,1496,0.14105938956780362
301,1193,1494,0.14108854502458607
303,1196,1499,0.14110479470567105
308,1201,1509,0.14111406611439217
312,1199,1511,0.1411108876402759
313,1197,1510,0.14109853053727114
313,1202,1515,0.14108488741425396
317,1208,1525,0.14107218784746725
314,1214,1528,0.14105087866274946
313,1216,1529,0.14103954438970376
311,1203,1514,0.1410312875791346
310,1202,1512,0.1410284868981456
312,1210,1522,0.1410281418126168
312,1209,1521,0.14102217408382547
310,1216,1526,0.14101677945299965
311,1226,1537,0.1410161067109344
308,1214,1522,0.14101262043012042
303,1215,1518,0.14101681668490135
302,1219,1521,0.14103471533059053
299,1210,1509,0.14105402751506746
294,1210,1504,0.14107854740196063
292,1203,1495,0.14111467837226604
291,1213,1504,0.14115267985701288
289,1207,1496,0.14119006839146742
285,1209,1494,0.1412303008118184
290,1223,1513,0.1412785612444898
292,1236,1528,0.14130965261030634
295,1229,1524,0.1413334404981817
293,1224,1517,0.1413475708669213
290,1226,1516,0.14136623502116716
292,1221,1513,0.14139125565472463
293,1214,1507,0.14140950264416816
298,1210,1508,0.1414251034307979
299,1215,1514,0.1414281577718293
300,1225,1525,0.14142798914601867
297,1221,1518,0.14142434984164617
301,1215,1516,0.14142890968238442
299,1221,1520,0.14142441515122567
298,1211,1509,0.14142642115548767
293,1213,1506,0.14143039603686053
299,1220,1519,0.14144761675761292
299,1220,1519,0.14144844308012414
297,1221,1518,0.14144954426727918
293,1218,1511,0.14145647969176525
288,1223,1511,0.14147283655955242
287,1224,1511,0.1415021624426661
278,1219,1497,0.14153292450810298
280,1225,1505,0.14158239819977236
282,1224,1506,0.14162374058710595
281,1233,1514,0.14165784144772478
279,1229,1508,0.14169273297855361
266,1239,1505,0.14172922489887033
268,1242,1510,0.141795834114466
270,1246,1516,0.14185291439755993
273,1245,1518,0.14190035354271477
272,1232,1504,0.14193556216666167
276,1234,1510,0.1419713341939473
272,1237,1509,0.14199394674817442
275,1234,1509,0.14202559169620727
272,1224,1496,0.1420483868011667
278,1237,1515,0.14207701264580486
274,1242,1516,0.1420900508615235
278,1233,1511,0.1421127502439608
271,1231,1502,0.14212410420763866
273,1225,1498,0.14215111572376082
277,1229,1506,0.14217122159478168
281,1230,1511,0.14217973867005568
273,1231,1504,0.14217703512971894
272,1243,1515,0.14219613042538964
269,1239,1508,0.14221691561037664
269,1249,1518,0.14224317073465373
269,1247,1516,0.14226812347978654
270,1249,1519,0.14229097300074248
268,1233,1501,0.14231052430911786
268,1243,1511,0.14233389490334766
267,1263,1530,0.14235612678933393
266,1265,1531,0.14237851448565883
267,1262,1529,0.14240145793198958
272,1255,1527,0.1424204510830974
269,1240,1509,0.1424269019507354
268,1254,1522,0.1424401754237299
265,1257,1522,0.14245551391194128
256,1266,1522,0.142477221685016
257,1256,1513,0.14252173839885815
256,1249,1505,0.14256128942291105
258,1244,1502,0.14260003020970827
258,1252,1510,0.14263084395320277
261,1260,1521,0.14265979638659598
255,1247,1502,0.1426794776947192
262,1248,1510,0.14271309123972895
264,1268,1532,0.14272718209702784
261,1257,1518,0.14273604437543555
259,1260,1519,0.14275231724599247
261,1256,1517,0.14277224279111178
264,1259,1523,0.14278626896164806
258,1245,1503,0.1427918693120495
261,1252,1513,0.14281308562916206
265,1250,1515,0.1428242336652315
264,1250,1514,0.1428238244016007
264,1243,1507,0.14282709238998656
265,1242,1507,0.14283027851764724
267,1240,1507,0.1428298560303091
266,1238,1504,0.14282345317641373
268,1251,1519,0.14282261189203718
265,1250,1515,0.14281657030558506
267,1254,1521,0.14281792423480064
266,1257,1523,0.14281509060848455
268,1243,1511,0.14281560643345145
267,1252,1519,0.14281144844646687
264,1255,1519,0.1428088942732326
265,1251,1516,0.1428146826108435
264,1253,1517,0.14281944943649724
263,1244,1507,0.14282652275398594
260,1252,1512,0.14283524680488147
260,1251,1511,0.1428512151462248
257,1246,1503,0.14286495191076698
261,1255,1516,0.14288510306264648
257,1262,1519,0.14289422526795403
256,1264,1520,0.1429134442534011
254,1264,1518,0.1429352848097299
248,1258,1506,0.14296130939779583
244,1267,1511,0.1430007802150913
247,1261,1508,0.14304640957678816
245,1253,1498,0.14308130303662175
247,1259,1506,0.14311722492572684
252,1263,1515,0.14314584691952115
251,1268,1519,0.14316096376860402
252,1277,1529,0.14317765073751137
258,1269,1527,0.14319038385779204
258,1259,1517,0.14318682209938602
252,1264,1516,0.1431835809015162
251,1262,1513,0.14319673669718225
249,1270,1519,0.14321106739014294
250,1269,1519,0.14322851040731002
241,1273,1514,0.14324247902256118
237,1274,1511,0.1432789471390369
243,1285,1528,0.14332520868362247
239,1282,1521,0.14335302409133852
240,1271,1511,0.14339012413237465
237,1284,1521,0.1434223001255958
242,1287,1529,0.14346064457243332
239,1282,1521,0.14348312409767183
239,1285,1524,0.1435128863264539
240,1282,1522,0.14354033514113432
237,1279,1516,0.14356329615758315
232,1275,1507,0.14359190226143068
237,1272,1509,0.14363133572022938
236,1273,1509,0.14365576366025457
235,1280,1515,0.14368239932253551
236,1275,1511,0.14370999789712224
236,1281,1517,0.14373288682786048
236,1289,1525,0.14375464650778352
233,1294,1527,0.14377448641392362
234,1284,1518,0.14380047339648458
232,1290,1522,0.14382182805498903
232,1291,1523,0.14384883193418574
234,1285,1519,0.14387375714506973
231,1296,1527,0.14389156403325842
229,1290,1519,0.1439182037454301
229,1291,1520,0.14394734198862882
225,1291,1516,0.14397504495355165
219,1297,1516,0.1440117453342222
222,1306,1528,0.14405888509634665
222,1296,1518,0.14409442418411333
226,1288,1514,0.1441272692231457
229,1292,1521,0.1441472556708888
227,1293,1520,0.1441590990517369
229,1297,1526,0.14417519395364978
229,1291,1520,0.144185894610443
230,1296,1526,0.1441959142674357
230,1287,1517,0.144202115390875
231,1290,1521,0.14420816887561724
232,1291,1523,0.14421043810854536
230,1288,1518,0.1442094548169422
230,1285,1515,0.14421375507860204
234,1282,1516,0.14421763761054263
232,1280,1512,0.14421129037636946
230,1288,1518,0.14420977523834988
231,1271,1502,0.14421304539193402
231,1278,1509,0.1442138213661115
234,1279,1513,0.14421488823373652
232,1279,1511,0.14420831591019076
231,1272,1503,0.14420704793357073
232,1271,1503,0.144209135198668
229,1278,1507,0.14420880970523087
225,1287,1512,0.1442158238983474
226,1285,1511,0.1442329701555284
230,1295,1525,0.14424780453096167
223,1296,1519,0.14425129738920145
224,1292,1516,0.14427285310453053
223,1298,1521,0.14429032465673364
224,1301,1525,0.1443093651795316
226,1297,1523,0.14432434062409893
224,1297,1521,0.14433332565110746
228,1300,1528,0.1443489519940178
229,1285,1514,0.14435271101149832
226,1285,1511,0.14435321646695473
222,1288,1510,0.1443612139335442
221,1292,1513,0.14437809792065673
221,1295,1516,0.14439624865230727
224,1295,1519,0.14441293300144803
222,1296,1518,0.14442132069562452
223,1301,1524,0.144434068525243
221,1311,1532,0.14444416163081292
217,1293,1510,0.14445881707848646
218,1303,1521,0.14448293335009663
219,1295,1514,0.1445031356612395
220,1295,1515,0.14451943266049036
217,1288,1505,0.14453254247113265
215,1296,1511,0.14455175381681884
220,1293,1513,0.14457418654202064
216,1280,1496,0.1445815449009263
220,1291,1511,0.1445987810093593
223,1291,1514,0.14460542066182086
217,1293,1510,0.14460400061647577
219,1301,1520,0.14461734122890055
221,1304,1525,0.1446245528339708
221,1295,1516,0.14462684038413282
217,1289,1506,0.14462946659867584
215,1307,1522,0.1446427016742757
206,1299,1505,0.14466170009413765
208,1301,1509,0.1447020915583137
207,1296,1503,0.144733391465892
207,1296,1503,0.14476363813850018
212,1294,1506,0.14479123650522654
215,1288,1503,0.14480470552229663
221,1285,1506,0.14481002911884375
223,1288,1511,0.14479985649968918
226,1299,1525,0.14478474711764255
227,1289,1516,0.14476364888686202
222,1302,1524,0.1447426116717919
224,1308,1532,0.14473612001780903
217,1315,1532,0.14472498568308167
214,1300,1514,0.14473290285867052
215,1303,1518,0.14474815005048772
212,1305,1517,0.14475911633148836
214,1311,1525,0.14477731388983653
212,1322,1534,0.14478958461083707
215,1314,1529,0.1448060898416956
210,1303,1513,0.14481394798148428
211,1304,1515,0.14483341218706852
213,1305,1518,0.14484924781386505
203,1310,1513,0.14485849811715915
202,1307,1509,0.14489278262388555
201,1312,1513,0.14492914280844307
200,1303,1503,0.1449646865206372
202,1302,1504,0.14500011712512095
201,1298,1499,0.145028053367534
201,1302,1503,0.14505646601562347
204,1307,1511,0.14508438552216693
205,1315,1520,0.14510218167144673
202,1321,1523,0.1451172637529393
207,1310,1517,0.14513934521402597
205,1303,1508,0.14514703272761495
200,1318,1518,0.14515865760836694
207,1300,1507,0.145182238682691
202,1297,1499,0.14518637069285426
201,1316,1517,0.14520311573066155
205,1309,1514,0.14522104470781866
206,1305,1511,0.145227359131085
204,1308,1512,0.1452310563685819
201,1296,1497,0.14523946963929243
202,1316,1518,0.14525718260924328
199,1320,1519,0.14527003932502505
197,1312,1509,0.14528966769097695
194,1309,1503,0.14531245408658502
195,1311,1506,0.14534226977730014
195,1303,1498,0.14536702290731615
197,1313,1510,0.1453902277172614
208,1311,1519,0.14540694880501653
210,1312,1522,0.1453942401795256
208,1309,1517,0.1453781876322656
206,1300,1506,0.1453684790030714
209,1323,1532,0.14536448063934337
203,1315,1518,0.14535328783160292
202,1319,1521,0.14535819103008993
205,1312,1517,0.145365578799841
203,1322,1525,0.14536597551313446
201,1318,1519,0.14537207982597464
202,1308,1510,0.14538319133967392
201,1313,1514,0.14539113783347743
201,1310,1511,0.14540130332216886
202,1309,1511,0.14541094763404597
201,1315,1516,0.14541773124593932
198,1318,1516,0.14542670620994497
201,1311,1512,0.1454430676655193
201,1316,1517,0.14545054998898813
202,1319,1521,0.14545737913301343
204,1309,1513,0.14546046491905137
194,1318,1512,0.145458255049724
195,1316,1511,0.14548077961005348
194,1311,1505,0.1454989631041457
194,1312,1506,0.1455185716496716
195,1314,1509,0.14553688950372845
196,1323,1519,0.1455509154834065
202,1306,1508,0.1455612161914285
193,1309,1502,0.145556111775283
195,1302,1497,0.14557304392167278
196,1317,1513,0.14558409451561138
197,1313,1510,0.1455930756139135
200,1315,1515,0.14559881356092869
195,1314,1509,0.14559581993365142
196,1305,1501,0.1456057965724088
199,1305,1504,0.14561105876816702
203,1317,1520,0.14560940994960334
199,1323,1522,0.14559753701026623
200,1328,1528,0.1455965018160689
200,1323,1523,0.1455927690294519
203,1322,1525,0.1455900540100113
200,1317,1517,0.14558057277805678
204,1315,1519,0.14557911396181303
204,1326,1530,0.14556712360616347
200,1322,1522,0.14555631510617412
203,1302,1505,0.14555652250623763
199,1300,1499,0.14554863405103383
203,1295,1498,0.14555208931198788
204,1296,1500,0.14554457151851352
203,1301,1504,0.14553546023060296
204,1303,1507,0.14553039594142636
200,1329,1529,0.1455233440638125
201,1317,1518,0.1455271069032997
203,1326,1529,0.1455277088158287
200,1317,1517,0.14552351717792408
204,1315,1519,0.14552709549835963
199,1317,1516,0.1455195156281813
201,1332,1533,0.14552594511430728
201,1312,1513,0.14552620254310933
199,1314,1513,0.1455269285747287
201,1316,1517,0.14553251150936558
197,1319,1516,0.14553328889861664
196,1324,1520,0.14554387517747158
192,1320,1512,0.14555603523977037
191,1301,1492,0.14557657011186673
192,1315,1507,0.1455978544170507
194,1308,1502,0.14561565277600413
189,1312,1501,0.14562654381709755
197,1313,1510,0.14564880006229194
195,1312,1507,0.14564952907513917
195,1301,1496,0.1456555612581138
192,1311,1503,0.14566043075776652
190,1309,1499,0.14567249360966084
187,1307,1494,0.14568943804792187
191,1314,1505,0.14571258886881394
192,1310,1502,0.14572332292122048
191,1308,1499,0.14573076771607155
192,1324,1516,0.14574032773831921
186,1323,1509,0.14574732694966624
190,1331,1521,0.14576966990456103
193,1334,1527,0.14577988474349887
192,1330,1522,0.14578192202988904
192,1324,1516,0.14578607594985463
195,1325,1520,0.14578991436347982
190,1327,1517,0.14578589125662092
193,1331,1524,0.14579553281014562
191,1320,1511,0.14579541992177703
189,1307,1496,0.14580147268957075
186,1308,1494,0.1458122562408127
184,1323,1507,0.14582968412772174
189,1318,1507,0.1458507038313727
187,1318,1505,0.14585776732783762
187,1314,1501,0.14586904090349267
182,1330,1512,0.14588007342797776
181,1337,1518,0.14590295628539626
181,1328,1509,0.14592615149960753
182,1340,1522,0.14594810162493113
182,1348,1530,0.14596560924575444
186,1343,1529,0.14598174391323135
186,1336,1522,0.14598567351007613
186,1337,1523,0.14598958501142
188,1318,1506,0.14599317261977704
191,1317,1508,0.14599146715779596
192,1320,1512,0.1459825440102743
186,1324,1510,0.145971901977509
184,1319,1503,0.14597731343599846
180,1327,1507,0.14598774318291102
181,1334,1515,0.14600764050995227
184,1329,1513,0.14602398878444464
182,1328,1510,0.14603153557103313
183,1331,1514,0.14604416707318593
185,1343,1528,0.14605444896602682
183,1340,1523,0.14605894258662633
183,1332,1515,0.1460684644838759
183,1341,1524,0.14607808789542326
185,1334,1519,0.14608702364320378
180,1336,1516,0.1460905651687832
178,1338,1516,0.1461067111474637
179,1344,1523,0.14612656462357054
184,1334,1518,0.14614230874860581
181,1327,1508,0.1461430778189503
180,1333,1513,0.14615146423744946
184,1330,1514,0.1461612597945914
188,1339,1527,0.1461604836413533
182,1349,1531,0.1461492703465659
178,1350,1528,0.1461543694971935
183,1346,1529,0.14617001269334154
183,1353,1536,0.1461723268409411
182,1348,1530,0.14617464611428127
181,1357,1538,0.14617949882713346
180,1344,1524,0.14618599630766688
178,1334,1512,0.14619487273927725
173,1342,1515,0.1462082001482111
173,1337,1510,0.1462329508522645
170,1331,1501,0.1462552944750607
170,1332,1502,0.14628448810618327
173,1332,1505,0.14631052167274983
169,1341,1510,0.14632649025415664
166,1339,1505,0.14635182358806903
170,1350,1520,0.1463836849337148
178,1341,1519,0.1464033158760877
177,1345,1522,0.14640095587955604
182,1344,1526,0.14640149054800386
182,1333,1515,0.14638863474045224
183,1332,1515,0.14637691327978422
180,1331,1511,0.146364263669038
178,1325,1503,0.14635978494515822
182,1325,1507,0.14636072687603316
183,1317,1500,0.1463508485403072
183,1337,1520,0.1463393607093142
180,1339,1519,0.14632972404299438
178,1339,1517,0.1463291154466091
178,1331,1509,0.1463337569741208
182,1348,1530,0.14633794244459053
181,1344,1525,0.1463312155630494
177,1342,1519,0.14632820068109306
174,1330,1504,0.14633517641889202
173,1324,1497,0.14634942769512574
172,1333,1505,0.14636500487195991
182,1321,1503,0.14638234342723105
181,1317,1498,0.1463716797086667
187,1319,1506,0.146364087386177
186,1330,1516,0.14634206542980516
190,1317,1507,0.14632466932217775
188,1311,1499,0.14629838337919995
188,1323,1511,0.1462785823731173
185,1321,1506,0.1462604726022657
182,1325,1507,0.14625149685546188
180,1333,1513,0.1462506606540516
179,1337,1516,0.14625464205396102
179,1343,1522,0.14626081690232481
175,1348,1523,0.1462660741349243
178,1348,1526,0.14628133565599882
175,1343,1518,0.14628746147551705
179,1322,1501,0.14630017789167446
176,1324,1500,0.1463014966877617
177,1342,1519,0.14631065434576077
178,1342,1520,0.14631683196396097
178,1343,1521,0.14632007809007874
177,1351,1528,0.14632390152491723
177,1342,1519,0.14633022586724412
177,1343,1520,0.1463364145157165
174,1342,1516,0.1463423672792338
178,1324,1502,0.146355509776542
172,1329,1501,0.14635789108796202
166,1337,1503,0.14637486702835611
167,1341,1508,0.14640599243115196
165,1343,1508,0.14643226060484754
169,1337,1506,0.1464618537533807
169,1335,1504,0.14647879422129484
171,1341,1512,0.14649447900098067
178,1325,1503,0.14650370633072984
175,1329,1504,0.14649471357282726
177,1335,1512,0.1464946228089373
184,1343,1527,0.1464894329809667
187,1339,1526,0.146466230928785
185,1342,1527,0.14643713437410324
182,1346,1528,0.14641556431756111
177,1340,1517,0.14640341684466418
178,1338,1516,0.1464054780922485
174,1330,1504,0.14640445527084214
176,1336,1512,0.14641334477039705
180,1340,1520,0.1464163158321481
181,1329,1510,0.14640918658563312
179,1330,1509,0.14640022437756384
175,1328,1503,0.1463977173283274
174,1345,1519,0.14640593579970276
177,1353,1530,0.14641608212662374
173,1364,1537,0.1464177985214277
173,1345,1518,0.1464297347055493
174,1344,1518,0.14644039895453634
171,1350,1521,0.1464484200110711
167,1345,1512,0.14646348528253625
165,1330,1495,0.1464882218613308
167,1342,1509,0.1465161131025056
164,1347,1511,0.14653687239500346
169,1352,1521,0.14656406447005638
169,1356,1525,0.14657700273285967
172,1344,1516,0.14658916941727548
169,1351,1520,0.1465927111110284
164,1346,1510,0.1466030643549256
164,1350,1514,0.14662553302119705
161,1347,1508,0.14664630116034202
166,1342,1508,0.14667372235696374
168,1333,1501,0.14668597898909227
168,1331,1499,0.14669219751462392
172,1324,1496,0.14669821289178714
171,1331,1502,0.14669258529814316
172,1336,1508,0.1466889428905173
172,1334,1506,0.1466832080816146
171,1342,1513,0.14667853353154803
174,1346,1520,0.14667674337595857
171,1336,1507,0.14666750224662928
172,1334,1506,0.14666688341738054
173,1349,1522,0.14666355152375296
174,1344,1518,0.14665790605148948
178,1341,1519,0.14664973821337982
177,1356,1533,0.1466310201041999
170,1352,1522,0.1466163563048751
168,1350,1518,0.1466208416378056
166,1349,1515,0.14662894011936486
165,1351,1516,0.1466423312592157
165,1344,1509,0.14665687323007862
165,1345,1510,0.14667113623453804
166,1352,1518,0.1466841801918728
165,1361,1526,0.14669381526520764
169,1369,1538,0.14670501796758129
169,1364,1533,0.14670513867725468
167,1357,1524,0.14670541612313337
167,1338,1505,0.14671123168285974
171,1343,1514,0.14671578064981922
168,1343,1511,0.14671002751370169
165,1328,1493,0.14671198540349206
166,1335,1501,0.14672242644112085
167,1331,1498,0.1467301144395583
166,1328,1494,0.14673452029619136
164,1337,1501,0.14674153027382228
156,1357,1513,0.14675262050777038
156,1348,1504,0.14678462968462896
154,1358,1512,0.14681452195315306
157,1361,1518,0.14684846845602867
155,1360,1515,0.1468722247347976
156,1363,1519,0.1468995669298487
157,1354,1511,0.14692308765571438
159,1345,1504,0.14694227482059158
159,1348,1507,0.14695439436281457
160,1358,1518,0.14696586810643233
160,1362,1522,0.14697425061901967
157,1354,1511,0.14698156216152153
158,1356,1514,0.1469968452556297
155,1360,1515,0.14700788585772698
150,1348,1498,0.1470262936309057
148,1349,1497,0.14705592913771626
150,1335,1485,0.14708851697665012
154,1350,1504,0.14711384242777836
156,1337,1493,0.14712648675319356
156,1344,1500,0.1471330003685559
157,1356,1513,0.1471388245970949
161,1356,1517,0.14714124424745353
155,1350,1505,0.14713348816586663
154,1354,1508,0.14714247978106204
155,1354,1509,0.14715399335574314
155,1356,1511,0.14716240775322384
155,1351,1506,0.14716993232554934
157,1349,1506,0.1471771815890477
159,1348,1507,0.14717829174912217
155,1359,1514,0.14717388245848284
156,1360,1516,0.14718038107071563
157,1350,1507,0.1471841223174552
158,1353,1511,0.1471851786104646
157,1362,1519,0.14718385577013282
154,1372,1526,0.14718558066246396
157,1362,1519,0.14719548979099997
153,1359,1512,0.14719623566860718
151,1367,1518,0.14720695232198208
153,1374,1527,0.14722171544804788
155,1359,1514,0.14723022977621306
156,1357,1513,0.14723298021673753
151,1360,1511,0.1472325536707247
158,1354,1512,0.14724548738077176
158,1356,1514,0.1472393163441175
156,1357,1513,0.1472327465412238
156,1362,1518,0.14723198514502447
157,1365,1522,0.14723133580062678
163,1370,1533,0.14722801889718964
166,1364,1530,0.14720885364814815
163,1366,1529,0.1471831561421837
163,1359,1522,0.14716723146221192
163,1358,1521,0.1471525421008807
166,1347,1513,0.14713893404016878
164,1356,1520,0.14711777827012631
159,1339,1498,0.14710336412817293
160,1349,1509,0.1471026949434499
164,1363,1527,0.14710007211363885
164,1352,1516,0.14708701481649342
160,1357,1517,0.14707501575903859
158,1350,1508,0.14707451823393758
161,1352,1513,0.147078750561696
165,1352,1517,0.14707441657931994
165,1347,1512,0.14705984122401136
164,1347,1511,0.14704602192917615
161,1350,1511,0.14703633796062668
165,1352,1517,0.14703417999506396
167,1356,1523,0.14702203571166556
167,1358,1525,0.147005487463916
166,1366,1532,0.14699017725126506
167,1352,1519,0.14697817087444037
167,1345,1512,0.14696400392033176
163,1347,1510,0.1469506667988194
156,1353,1509,0.1469486005104809
159,1351,1510,0.14696465911009873
157,1349,1506,0.14697148077438402
156,1359,1515,0.14698296356331592
155,1352,1507,0.14699511595037743
160,1363,1523,0.14700946506609913
156,1367,1523,0.1470100528183562
155,1370,1525,0.14702076559841784
154,1373,1527,0.14703310602806907
155,1362,1517,0.1470468341176112
155,1352,1507,0.14705662960426824
157,1354,1511,0.1470653594650496
158,1357,1515,0.14706782879161284
158,1364,1522,0.1470678098080017
158,1354,1512,0.1470672011542679
156,1361,1517,0.14706691031826757
156,1349,1505,0.14707143105334558
159,1343,1502,0.14707594284107167
162,1348,1510,0.1470723673643905
160,1357,1517,0.14706120850547674
159,1351,1510,0.14705646374771422
160,1361,1521,0.14705437828981316
156,1347,1503,0.1470494960262759
155,1361,1516,0.14705584426701737
156,1359,1515,0.14706454444262262
157,1360,1517,0.147069898665306
160,1367,1527,0.1470724924165926
160,1372,1532,0.14706647018304408
159,1369,1528,0.14706094599109398
158,1355,1513,0.14705798742154222
156,1367,1523,0.1470579535851606
158,1359,1517,0.14706338538249245
158,1359,1517,0.1470628405310668
157,1350,1507,0.14706215512503285
157,1356,1513,0.14706397470355245
155,1361,1516,0.1470651215745512
153,1353,1506,0.1470713597457742
158,1356,1514,0.1470820927160057
155,1356,1511,0.14707852371798005
151,1355,1506,0.14708300486874518
151,1359,1510,0.14709714611883165
148,1364,1512,0.14711195813777325
148,1364,1512,0.14713354693717495
150,1356,1506,0.14715383525883738
150,1354,1504,0.14716796762362325
150,1360,1510,0.14718123450717369
150,1357,1507,0.14719359426271772
150,1357,1507,0.14720559579728423
155,1360,1515,0.1472164887641734
154,1361,1515,0.1472134227734127
152,1363,1515,0.14721309682611874
150,1358,1508,0.14721881044043225
152,1365,1517,0.14722945705274115
151,1361,1512,0.147234003696284
151,1371,1522,0.14724106306425586
153,1368,1521,0.14724782404395087
149,1363,1512,0.14724876332866643
154,1362,1516,0.1472594340596307
155,1352,1507,0.14725640465449583
157,1353,1510,0.14725119187887034
159,1360,1519,0.14724136268705312
158,1355,1513,0.14722691106101776
157,1355,1512,0.14721636409365257
159,1370,1529,0.14720909505635837
156,1365,1521,0.1471973632045428
152,1363,1515,0.14719429838099377
152,1368,1520,0.14720100853905244
155,1362,1517,0.14720743399470257
156,1369,1525,0.1472054253343866
155,1354,1509,0.14720034212029762
153,1360,1513,0.14719835391356464
152,1351,1503,0.1472019511387145
152,1347,1499,0.14720774236398235
153,1357,1510,0.14721337323537637
152,1357,1509,0.14721586063510073
153,1353,1506,0.1472207076613357
152,1359,1511,0.1472228234478706
151,1360,1511,0.14722786144379743
150,1363,1513,0.1472352028452789
151,1352,1503,0.14724514688620108
154,1351,1505,0.14725170855883968
157,1348,1505,0.14724953222572856
157,1353,1510,0.14723975753592186
154,1360,1514,0.14723030236021464
153,1371,1524,0.14723039320560663
152,1363,1515,0.14723301411096887
151,1369,1520,0.1472379655985208
151,1371,1522,0.14724515804579666
149,1365,1514,0.14725161376147822
149,1377,1526,0.14726270070563094
149,1371,1520,0.14727353048348274
153,1373,1526,0.14728364748661332
152,1347,1499,0.14728224747705734
154,1338,1492,0.14728368808895453
154,1350,1504,0.14727965451541042
153,1353,1506,0.1472759252114951
154,1356,1510,0.14727550213602014
151,1354,1505,0.14727296281754135
152,1356,1508,0.14727928625899836
153,1356,1509,0.14728236952916823
149,1343,1492,0.14728285657132079
153,1356,1509,0.14729344637826663
154,1366,1520,0.14729302397219957
154,1363,1517,0.14729020769240905
147,1356,1503,0.14728767715335192
146,1355,1501,0.14730419296141217
149,1358,1507,0.1473217769922418
148,1361,1509,0.14732997636805162
148,1362,1510,0.1473409218391314
144,1342,1486,0.1473505641723278
147,1353,1500,0.14737024447620004
152,1351,1503,0.14738047771051374
148,1357,1505,0.14737663709761584
144,1361,1505,0.14738450544008988
147,1377,1524,0.14740235388386805
148,1365,1513,0.14741065927919814
148,1355,1503,0.14741570735795886
151,1350,1501,0.1474204164112941
151,1360,1511,0.14741705439780314
153,1356,1509,0.14741386271959017
151,1355,1506,0.14740618069912664
153,1364,1517,0.14740438683723955
153,1363,1516,0.14739735047083596
149,1369,1518,0.1473910099276352
143,1373,1516,0.14739541809556034
142,1368,1510,0.14741532622896752
147,1357,1504,0.14743630923687548
148,1361,1509,0.14744280887533162
144,1368,1512,0.1474453804512052
146,1382,1528,0.14745856150031977
148,1383,1531,0.14746571255684254
147,1370,1517,0.14746706654884437
144,1377,1521,0.14747094942072214
144,1382,1526,0.147482671756484
143,1376,1519,0.1474929301628186
147,1371,1518,0.14750430425451813
151,1378,1529,0.1475046953549515
150,1380,1530,0.14749371645187734
147,1374,1521,0.14748622563389877
148,1381,1529,0.1474870684900326
147,1384,1531,0.14748499069795687
147,1379,1526,0.14748544786606105
143,1390,1533,0.14748582066205715
143,1386,1529,0.1474974251408584
146,1378,1524,0.1475085338992891
145,1366,1511,0.1475101296041703
145,1367,1512,0.14751418418143447
143,1366,1509,0.14751874545408789
140,1368,1508,0.1475285455167982
142,1372,1514,0.14754556415315995
141,1368,1509,0.14755557677873848
141,1370,1511,0.1475672442474962
141,1375,1516,0.14757773459204152
144,1362,1506,0.14758774729865975
145,1374,1519,0.14758831690967275
147,1373,1520,0.1475863082315819
151,1381,1532,0.14757937189870685
150,1371,1521,0.1475624618732244
148,1369,1517,0.14754925914467054
150,1363,1513,0.1475416580001911
151,1372,1523,0.14752932048846984
149,1380,1529,0.14751529285860127
151,1381,1532,0.14750758703776803
148,1375,1523,0.1474951636995474
146,1369,1515,0.14749204581568642
145,1378,1523,0.14749505080416644
143,1371,1514,0.14750059693106743
143,1367,1510,0.14751065477065073
146,1377,1523,0.14752012529199893
147,1377,1524,0.14752127969577372
148,1367,1515,0.14751954183780888
145,1371,1516,0.1475151305867425
148,1362,1510,0.14751943930097636
149,1367,1516,0.14751574602330403
148,1360,1508,0.14750988705919682
145,1362,1507,0.14750741957392388
145,1377,1522,0.14751359107151538
140,1375,1515,0.14751971069612335
140,1375,1515,0.1475390762285309
139,1364,1503,0.14755748768272686
136,1362,1498,0.14757730613556272
136,1365,1501,0.14760371582010717
141,1379,1520,0.14762868096614074
141,1382,1523,0.14763823855171387
134,1386,1520,0.14764720611687354
138,1380,1518,0.1476742693645239
136,1380,1516,0.14768846473094477
141,1387,1528,0.14770745224241838
138,1372,1510,0.14771183164538815
139,1382,1521,0.14772389700838592
137,1374,1511,0.14773232700543146
138,1373,1511,0.14774549606084814
139,1371,1510,0.14775521447801881
137,1374,1511,0.14776205182030075
135,1384,1519,0.14777468186099774
136,1374,1510,0.14779196065480707
133,1378,1511,0.14780532938763208
137,1383,1520,0.14782517775547818
140,1370,1510,0.14783249429929154
142,1368,1510,0.14783117414870686
141,1366,1507,0.14782487468128144
136,1366,1502,0.1478218921865672
135,1369,1504,0.14783267801914615
135,1379,1514,0.14784528146663722
138,1378,1516,0.14785664991366088
138,1370,1508,0.14785897060526884
138,1380,1518,0.1478609677281642
134,1395,1529,0.14786313116779431
135,1389,1524,0.14787582053732437
140,1384,1524,0.14788489618498596
139,1372,1511,0.14788020587887238
140,1360,1500,0.14787886127462418
140,1366,1506,0.14787480679559592
140,1379,1519,0.1478720095505136
137,1382,1519,0.14786967024796843
137,1377,1514,0.14787602820316686
137,1376,1513,0.14788163086687933
134,1373,1507,0.14788723583241586
133,1370,1503,0.14790113350482004
132,1397,1529,0.14791735008224743
134,1391,1525,0.14793447266363066
134,1378,1512,0.14794533365631551
133,1385,1518,0.14795533660798907
128,1388,1516,0.14796752352161838
128,1385,1513,0.1479918924634107
132,1379,1511,0.14801497067578276
129,1381,1510,0.1480257588204865
126,1380,1506,0.14804330301699273
127,1384,1511,0.14806754334846395
127,1389,1516,0.14808764001280955
128,1393,1521,0.14810612389817507
128,1396,1524,0.14812028277495493
125,1392,1517,0.14813385961131423
127,1384,1511,0.14815424031535174
128,1387,1515,0.14816785901543406
130,1385,1515,0.14817857823484495
129,1384,1513,0.14818325079652106
127,1389,1516,0.14819041788950923
128,1389,1517,0.14820281185168935
125,1385,1510,0.1482127725029935
125,1381,1506,0.14823011521362045
129,1378,1507,0.14824624176112447
126,1382,1508,0.14825065827746634
124,1395,1519,0.14826317190869243
128,1391,1519,0.148280394001957
126,1401,1527,0.14828547472554032
124,1401,1525,0.14829611826402275
124,1395,1519,0.14831174925870833
119,1376,1495,0.14832646283699294
116,1398,1514,0.1483532669848383
115,1395,1510,0.14838608165064573
118,1401,1519,0.14841894722526763
121,1399,1520,0.14844153411976496
119,1405,1524,0.14845482392946857
118,1395,1513,0.1484725342478481
118,1392,1510,0.14849161096786923
114,1405,1519,0.14850933838338162
115,1399,1514,0.14853695208688475
118,1396,1514,0.14856016035266087
119,1407,1526,0.14857411974564352
118,1393,1511,0.14858474954150427
118,1404,1522,0.14859725575255645
123,1393,1516,0.1486090524413714
126,1392,1518,0.14860656408963976
125,1388,1513,0.14859680014795096
122,1384,1506,0.14859005396922575
124,1385,1509,0.14859211559809352
124,1385,1509,0.14858918601997534
122,1388,1510,0.14858664663674928
124,1390,1514,0.14858932977656739
123,1396,1519,0.14858737069730096
123,1400,1523,0.14858820952164384
120,1402,1522,0.1485884809876951
118,1397,1515,0.14859651107869715
117,1375,1492,0.14860939437131906
115,1379,1494,0.1486239770814245
117,1375,1492,0.14864289034143044
117,1383,1500,0.14865440789425471
115,1382,1497,0.14866500705773658
115,1393,1508,0.14868051578457336
118,1399,1517,0.1486949227688739
117,1392,1509,0.14870034950236055
115,1389,1504,0.14870843955208746
113,1398,1511,0.14872214576168602
110,1397,1507,0.1487401294654757
108,1409,1517,0.14876519011404582
106,1407,1513,0.14879338587395957
110,1410,1520,0.1488250653347386
108,1402,1510,0.1488433588846498
108,1415,1523,0.14886550746395566
110,1405,1515,0.1488859541890949
109,1401,1510,0.14889963629764968
107,1408,1515,0.14891493963012506
107,1413,1520,0.14893456099674232
109,1419,1528,0.14895285798387067
107,1417,1524,0.14896452581688643
105,1415,1520,0.14898071488910358
107,1413,1520,0.14900125558495866
102,1415,1517,0.14901492650122514
104,1422,1526,0.14904137921681648
106,1410,1516,0.14906075352957707
100,1408,1508,0.14907350927089855
103,1410,1513,0.14910167855923337
102,1418,1520,0.14911987313950864
96,1412,1508,0.1491397580620016
96,1413,1509,0.1491743099407878
97,1420,1517,0.14920659606662784
94,1413,1507,0.14923405316725133
92,1419,1511,0.1492676019805267
91,1410,1501,0.14930446094733507
93,1412,1505,0.14934148268835729
95,1435,1530,0.1493702302999768
96,1425,1521,0.14939166862988246
94,1435,1529,0.14940867548401454
96,1433,1529,0.14943029251554157
95,1438,1533,0.1494445966621855
95,1434,1529,0.14946067844411925
96,1434,1530,0.14947576634676774
94,1416,1510,0.1494875542756388
93,1410,1503,0.14950410189982571
89,1421,1510,0.14952216071720784
88,1429,1517,0.1495504782240859
91,1424,1515,0.14957962622610982
89,1409,1498,0.1495980262498093
88,1423,1511,0.14962054059030883
91,1427,1518,0.14964410176513876
89,1429,1518,0.1496585339168764
90,1423,1513,0.14967746937323112
90,1425,1515,0.14969232461185894
92,1424,1516,0.14970611409030482
94,1425,1519,0.14971283555227127
94,1433,1527,0.1497142145645217
95,1430,1525,0.1497155962106883
96,1414,1510,0.14971429600433503
94,1420,1514,0.1497103677913375
94,1424,1518,0.14971192237973366
95,1421,1516,0.14971382423210397
92,1413,1505,0.14971287013967688
91,1429,1520,0.14971994023475296
92,1423,1515,0.14972938558369775
89,1418,1507,0.14973537805460815
92,1421,1513,0.14974927181168662
92,1424,1516,0.1497540569966644
95,1428,1523,0.14975853582494333
95,1428,1523,0.14975447089205685
91,1423,1514,0.1497507005233177
92,1428,1520,0.14975855203649216
93,1410,1503,0.14976276196821878
90,1409,1499,0.14976392187761176
89,1415,1504,0.14977356397032202
88,1419,1507,0.1497854978007368
90,1413,1503,0.14979937001990878
92,1406,1498,0.14980684369902364
91,1412,1503,0.14980835768524534
91,1401,1492,0.14981223070780292
92,1413,1505,0.1498158141637363
94,1415,1509,0.14981609834918086
93,1426,1519,0.1498108010301794
93,1416,1509,0.14980900355299234
94,1419,1513,0.14980722129763893
92,1428,1520,0.14980318732695558
92,1425,1517,0.14980492116290076
94,1415,1509,0.14980652054338972
92,1427,1519,0.14980223911071205
88,1422,1510,0.14980372340922637
87,1422,1509,0.14981657312664384
86,1437,1523,0.14983113865761283
85,1437,1522,0.14984717558009614
88,1421,1509,0.149864935105125
88,1422,1510,0.149873452153459
85,1421,1506,0.14988143075287122
82,1423,1505,0.14989749478501693
84,1417,1501,0.14992077009858182
88,1402,1490,0.14993663248774527
86,1413,1499,0.14994050282807164
84,1410,1494,0.14995005841002762
84,1414,1498,0.14996418007142895
83,1424,1507,0.14997721551690996
86,1418,1504,0.14999171344058326
81,1421,1502,0.1499970373841727
83,1428,1511,0.15001599690843745
84,1437,1521,0.15002820923836382
83,1444,1527,0.15003694631472053
82,1433,1515,0.15004790268224127
83,1450,1533,0.1500611792915488
84,1459,1543,0.15007071627315113
84,1444,1528,0.15007732908547833
82,1439,1521,0.15008358976989591
81,1436,1517,0.15009477788844194
80,1439,1519,0.15010799746311612
80,1435,1515,0.15012342088774056
82,1440,1522,0.15013763068231684
83,1445,1528,0.1501452327133524
79,1444,1523,0.15014967411988966
77,1440,1517,0.15016512477048338
76,1447,1523,0.15018471516340515
74,1440,1514,0.15020598177143157
73,1441,1514,0.15023148951256296
74,1440,1514,0.15025804243460444
77,1445,1522,0.15027982172815096
74,1435,1509,0.15029159497078978
80,1433,1513,0.15031109356813754
80,1435,1515,0.15031211691798876
85,1430,1515,0.1503132778081265
83,1441,1524,0.1503002911860076
82,1435,1517,0.15029404760882392
80,1433,1513,0.15029095416443017
80,1435,1515,0.15029359861270639
75,1436,1511,0.15029613695773045
77,1433,1510,0.15031224893906014
77,1435,1512,0.15032179293666212
79,1434,1513,0.15033049521696387
80,1429,1509,0.1503328728451572
82,1431,1513,0.15033233487001324
80,1440,1520,0.1503262539452544
81,1430,1511,0.15032610423791115
82,1446,1528,0.15032325826440812
82,1434,1516,0.15031779385977267
82,1424,1506,0.1503128744504816
80,1435,1515,0.15030807219962314
79,1441,1520,0.15030952118390264
77,1439,1516,0.1503137036328539
81,1450,1531,0.15032318028243266
81,1441,1522,0.150320556973919
80,1433,1513,0.1503181015570862
81,1449,1530,0.15031859222901772
79,1444,1523,0.15031620003191776
76,1437,1513,0.15031966384354845
75,1433,1508,0.15033119351256344
72,1433,1505,0.15034459959742655
67,1420,1487,0.15036525615026122
70,1418,1488,0.15039865728886162
71,1433,1504,0.1504209537843255
74,1431,1505,0.15043884142641933
75,1429,1504,0.1504471506690834
74,1437,1511,0.15045210005510803
76,1446,1522,0.15045967235138352
74,1439,1513,0.15046112244858786
76,1444,1520,0.1504679551957949
74,1444,1518,0.15046868671396027
78,1439,1517,0.15047501702610552
78,1438,1516,0.1504694469623218
80,1435,1515,0.1504643240210703
78,1439,1517,0.15045403521797412
76,1440,1516,0.15045029256413128
74,1436,1510,0.15045251981563695
73,1440,1513,0.15046036049669773
71,1440,1511,0.15047056694341931
70,1445,1515,0.15048556623146275
74,1438,1512,0.15050254468532878
77,1435,1512,0.15050664475443956
78,1434,1512,0.15050202481343256
76,1437,1513,0.15049504388677837
76,1450,1526,0.1504941034114001
78,1444,1522,0.15049351280430695
78,1431,1509,0.1504873160141709
79,1427,1506,0.1504815273213972
76,1428,1504,0.15047334818458172
75,1438,1513,0.15047403431927817
80,1439,1519,0.15047743091308918
80,1440,1520,0.15046651108446404
80,1439,1519,0.15045639184451162
81,1438,1519,0.15044720376632986
80,1443,1523,0.15043566788305113
79,1448,1527,0.15042791203620717
79,1446,1525,0.15042370608981717
78,1439,1517,0.15041963508938172
77,1455,1532,0.15041878451064045
77,1453,1530,0.15042070981201291
78,1448,1526,0.15042230181446775
76,1448,1524,0.15042086858532863
79,1449,1528,0.15042520496753461
80,1448,1528,0.15042092687074754
80,1447,1527,0.15041432169388483
79,1450,1529,0.1504081198666774
75,1453,1528,0.1504049008994017
75,1447,1522,0.15041336708918573
75,1456,1531,0.15042124746771013
74,1453,1527,0.15042837296069092
72,1455,1527,0.1504379510627327
73,1440,1513,0.15045277120160164
68,1439,1507,0.15046370690946534
72,1445,1517,0.1504878873071824
72,1438,1510,0.15049936369809383
71,1455,1526,0.15051029693274404
72,1461,1533,0.15052314970509836
75,1440,1515,0.15053224809312415
73,1446,1519,0.15053228137408772
71,1447,1518,0.15053838863413985
71,1449,1520,0.15054975782385618
69,1447,1516,0.1505601785816599
72,1452,1524,0.1505756375161628
69,1463,1532,0.15058159094299747
67,1478,1545,0.150595746083171
65,1475,1540,0.15061463729675698
65,1472,1537,0.15063765145973587
63,1471,1534,0.15065917474883683
62,1466,1528,0.15068489527314577
65,1463,1528,0.15071176263828612
63,1453,1516,0.15072818609371524
61,1458,1519,0.1507493919759459
59,1458,1517,0.1507748440693389
60,1455,1515,0.15080432526353418
62,1458,1520,0.15082900216951542
59,1451,1510,0.15084644933560834
60,1447,1507,0.1508713608863533
57,1444,1501,0.1508916768080186
56,1441,1497,0.15091921229007393
56,1448,1504,0.1509479067881879
57,1466,1523,0.15097459326255483
56,1455,1511,0.150996720674327
56,1461,1517,0.1510203737921076
58,1470,1528,0.15104249235135364
56,1467,1523,0.15105749334785717
56,1474,1530,0.1510774228270861
54,1464,1518,0.1510959439613349
56,1468,1524,0.1511188594898116
56,1469,1525,0.15113449493018238
57,1471,1528,0.1511491698107935
58,1466,1524,0.15116002041205387
58,1459,1517,0.15116733293397186
57,1463,1520,0.15117422668610914
59,1456,1515,0.15118366555390372
60,1449,1509,0.15118637432755858
62,1448,1510,0.15118624315313933
59,1444,1503,0.15118037310082877
61,1444,1505,0.15118361631103724
59,1452,1511,0.1511809267286646
59,1458,1517,0.15118419530931312
56,1453,1509,0.15118732814276103
56,1448,1504,0.15119897937199137
58,1443,1501,0.1512100289691394
58,1449,1507,0.15121454929404507
57,1448,1505,0.15121883247126552
55,1460,1515,0.15122569524903373
58,1457,1515,0.1512380420632307
56,1464,1520,0.15124099997012844
59,1474,1533,0.1512495376199562
59,1443,1502,0.1512489172261818
59,1454,1513,0.15124848360116228
59,1471,1530,0.1512481590927265
58,1464,1522,0.1512476872053591
59,1452,1511,0.1512501207032684
56,1463,1519,0.15124936044244522
55,1459,1514,0.15125731614328092
57,1469,1526,0.15126773678573174
59,1466,1525,0.15127184872896277
58,1477,1535,0.15126994954973386
57,1465,1522,0.1512713093373547
55,1464,1519,0.15127543267231014
53,1456,1509,0.15128515290391678
54,1454,1508,0.15129997903936615
56,1447,1503,0.15131087244985258
56,1433,1489,0.15131523263568425
55,1461,1516,0.151319337783754
51,1456,1507,0.1513260284765208
51,1451,1502,0.1513440870707515
53,1447,1500,0.1513608255293514
54,1451,1505,0.1513706777566631
54,1457,1511,0.1513768073257419
56,1464,1520,0.1513824649259733
58,1455,1513,0.1513817333050096
59,1455,1514,0.1513750123014552
59,1461,1520,0.15136574009464673
59,1460,1519,0.15135709705273165
62,1463,1525,0.15134903240508174
59,1456,1515,0.15133257657337307
58,1464,1522,0.15132589975954075
58,1470,1528,0.15132261608331762
58,1466,1524,0.15131952890398748
57,1464,1521,0.15131661466450444
58,1455,1513,0.15131670309971776
58,1465,1523,0.1513138194507404
61,1458,1519,0.15131105714432935
61,1453,1514,0.15129975170690418
62,1448,1510,0.15128924984783323
63,1457,1520,0.15127638937339788
63,1454,1517,0.15126151290562073
63,1452,1515,0.15124780401325993
62,1460,1522,0.15123500937743092
64,1470,1534,0.15122589051204813
65,1469,1534,0.15121147048528594
65,1465,1530,0.15119500024128207
63,1465,1528,0.15117957346519625
64,1456,1520,0.15117115790059768
62,1442,1504,0.1511601069957601
62,1442,1504,0.15115572791884035
63,1436,1499,0.15115182790499762
61,1446,1507,0.15114556299578147
62,1449,1511,0.15114554895599977
63,1447,1510,0.15114254960159038
61,1443,1504,0.1511366583282589
60,1449,1509,0.15113687186835012
60,1451,1511,0.15113985455676365
58,1454,1512,0.15114293763413514
60,1463,1523,0.1511514765134713
64,1456,1520,0.15115353681646265
66,1453,1519,0.15114332700348906
67,1445,1512,0.15112804751730027
65,1448,1513,0.15111099666843195
65,1454,1519,0.1511007494030433
65,1460,1525,0.15109098447394814
64,1449,1513,0.15108183185799384
65,1454,1519,0.15107607547030846
64,1436,1500,0.15106777488162174
62,1444,1506,0.15106307050801548
56,1436,1492,0.1510646909933661
56,1443,1499,0.1510836180044725
60,1453,1513,0.1511013040920479
62,1451,1513,0.15110633778520902
60,1442,1502,0.1511052622180758
59,1449,1508,0.15111000367578634
60,1444,1504,0.1511174840755711
63,1446,1509,0.15112146631052412
62,1441,1503,0.15111662177325416
63,1438,1501,0.15111501349535567
64,1439,1503,0.15111065286143677
64,1453,1517,0.15110368040008568
66,1446,1512,0.15109707724194643
65,1446,1511,0.15108501462682516
65,1455,1520,0.1510768908515994
64,1468,1532,0.1510692682879028
66,1464,1530,0.15106507161093366
66,1454,1520,0.1510554311423083
66,1446,1512,0.15104662808974717
63,1439,1502,0.15103817508611658
66,1445,1511,0.15103878846530505
69,1445,1514,0.1510306163057353
68,1438,1506,0.15101438832923172
66,1447,1513,0.15100212329506577
67,1434,1501,0.15099651317833696
69,1430,1499,0.15098826742208768
67,1432,1499,0.15097492168167254
66,1435,1501,0.15096821656662449
66,1431,1497,0.15096485076583824
66,1446,1512,0.15096157866779725
66,1452,1518,0.15095858768594328
64,1450,1514,0.15095579946814464
63,1452,1515,0.15095907288109128
62,1444,1506,0.15096492137724954
57,1453,1510,0.15097325209281476
58,1459,1517,0.15099538657562026
58,1462,1520,0.15101291785185833
61,1447,1508,0.15102910292468924
65,1446,1511,0.15103564976909561
64,1443,1507,0.1510299485813993
64,1444,1508,0.15102755046382121
65,1449,1514,0.15102527798142268
67,1453,1520,0.15102011057622222
69,1450,1519,0.1510096381773171
71,1439,1510,0.15099440526583105
66,1455,1521,0.1509744514675696
63,1462,1525,0.15097051857016314
60,1455,1515,0.15097542210953943
64,1456,1520,0.15098837652060276
66,1458,1524,0.1509889399305603
63,1456,1519,0.15098354793950514
63,1464,1527,0.15098726399993181
62,1467,1529,0.15099075992781302
62,1459,1521,0.15099683812708822
62,1470,1532,0.15100245879480947
63,1459,1522,0.15100782658515632
63,1449,1512,0.15100959629604918
62,1452,1514,0.15101132345578258
63,1452,1515,0.15101592266334582
65,1441,1506,0.15101723593966418
63,1448,1511,0.15101259754056634
64,1452,1516,0.15101414225636084
61,1458,1519,0.15101268240455
61,1457,1518,0.15102009827737603
61,1446,1507,0.151026977604659
63,1456,1519,0.15103349597153545
64,1456,1520,0.15103373979729173
66,1454,1520,0.1510309989187844
64,1459,1523,0.1510223701403871
65,1464,1529,0.1510200995740555
64,1466,1530,0.15101513652175977
63,1466,1529,0.15101345001662003
60,1467,1527,0.1510149950068352
60,1460,1520,0.15102498566934938
61,1458,1519,0.15103432923578264
60,1461,1521,0.1510403109302147
62,1439,1501,0.15104890444162603
61,1434,1495,0.1510509617956746
58,1438,1496,0.15105578154129237
58,1442,1500,0.15106907168440256
57,1447,1504,0.15108137107411387
56,1444,1500,0.15109575920484036
55,1440,1495,0.15111207746527733
54,1460,1514,0.1511300553574798
51,1454,1505,0.15114974752662635
51,1458,1509,0.1511767249559251
51,1466,1517,0.15120192521035525
48,1463,1511,0.15122547927176305
48,1463,1511,0.15125621169023762
52,1457,1509,0.1512848582441742
53,1455,1508,0.1513001077343084
54,1443,1497,0.15131135614031935
53,1448,1501,0.15131893603030971
53,1456,1509,0.15132902983277746
53,1459,1512,0.1513384768952834
53,1453,1506,0.15134727170177384
53,1436,1489,0.1513554001230247
56,1443,1499,0.15136309385344052
57,1450,1507,0.15136116802934033
59,1460,1519,0.15135651655617893
58,1456,1514,0.1513461966318191
56,1450,1506,0.15133960790022477
54,1444,1498,0.15133936140847948
53,1449,1502,0.15134493800614804
55,1455,1510,0.15135312119718866
55,1460,1515,0.15135488374773748
54,1446,1500,0.15135650241911716
52,1458,1510,0.15136094724018953
48,1458,1506,0.1513708015462682
51,1469,1520,0.15139195592417953
51,1467,1518,0.15140289094225357
50,1457,1507,0.15141331997365298
50,1452,1502,0.1514260364277405
50,1461,1511,0.15143777638520195
49,1470,1519,0.1514487484214737
50,1467,1517,0.15146203825961288
51,1471,1522,0.15147132244811104
51,1467,1518,0.15147710499059097
49,1463,1512,0.15148259469251457
49,1471,1520,0.15149378265869357
48,1473,1521,0.15150425226414554
50,1468,1518,0.15151689328905807
50,1475,1525,0.15152249816685232
50,1471,1521,0.1515276566866083
51,1470,1521,0.15153252615374005
55,1472,1527,0.151534083043488
56,1471,1527,0.15152360066716558
56,1464,1520,0.15151089730582343
56,1475,1531,0.15149906633284446
55,1469,1524,0.15148818529064445
58,1447,1505,0.15148110811945378
59,1452,1511,0.15146576677814821
58,1452,1510,0.1514486935349464
57,1458,1515,0.15143586373371037
55,1467,1522,0.151427013416782
56,1459,1515,0.15142475822806334
58,1449,1507,0.15141993786997823
55,1435,1490,0.15140981350008495
56,1446,1502,0.15140940019943325
57,1453,1510,0.15140637049281533
55,1456,1511,0.15140073491034006
51,1466,1517,0.15140123510855802
50,1466,1516,0.1514132972770759
49,1464,1513,0.1514275601013333
51,1460,1511,0.15144375855945508
54,1458,1512,0.15145272197609824
53,1465,1518,0.15145186632757
52,1465,1517,0.15145402874861819
54,1462,1516,0.15145876653529078
53,1449,1502,0.1514573810377247
53,1450,1503,0.15145889766160106
51,1446,1497,0.15146010871459373
53,1464,1517,0.15146717155857797
54,1457,1511,0.1514677715569614
53,1457,1510,0.15146547698232418
53,1460,1513,0.15146654939253745
53,1466,1519,0.15146739699273104
52,1467,1519,0.15146816553762613
53,1463,1516,0.1514717893403189
54,1465,1519,0.15147201550121742
55,1474,1529,0.15146910240713457
54,1470,1524,0.1514636239331041
53,1460,1513,0.15146147069821725
53,1452,1505,0.1514624365185689
54,1441,1495,0.1514633835680215
54,1452,1506,0.15146175060770514
55,1466,1521,0.15146023568189873
54,1463,1517,0.15145607144449746
52,1464,1516,0.15145520909180724
52,1467,1519,0.1514603664413542
52,1455,1507,0.1514651942532213
51,1461,1512,0.1514695364671068
50,1461,1511,0.15147666512914304
49,1471,1520,0.15148645834594812
51,1477,1528,0.1514987636409487
47,1471,1518,0.15150411854962878
45,1463,1508,0.15152100013474534
45,1468,1513,0.15154254687257904
44,1474,1518,0.1515624740191311
43,1474,1517,0.1515839353407969
41,1471,1512,0.15160702473919563
42,1473,1515,0.15163459830711215
41,1472,1513,0.15165740723957521
37,1476,1513,0.15168184480533975
40,1474,1514,0.151716752602748
37,1472,1509,0.15174030062259977
37,1464,1501,0.15177145822646682
37,1467,1504,0.1518007952751413
37,1466,1503,0.15182812198594445
40,1481,1521,0.15185343291745865
39,1462,1501,0.15186845797298495
40,1478,1518,0.15188572891359692
37,1475,1512,0.151898891759823
34,1480,1514,0.15192025124179975
36,1485,1521,0.15194930228078818
37,1493,1530,0.15197021585111298
35,1502,1537,0.15198669005632834
34,1496,1530,0.15200834419136947
35,1475,1510,0.15203166749431754
35,1489,1524,0.1520505392201709
33,1477,1510,0.15206828655438154
32,1467,1499,0.1520910595058809
32,1480,1512,0.15211541120997427
31,1497,1528,0.15213823803144633
32,1498,1530,0.15216259650688374
33,1495,1528,0.1521824172911212
31,1495,1526,0.1521980224424688
30,1502,1532,0.15221895858636397
29,1501,1530,0.15224171535367362
30,1502,1532,0.15226613887422402
31,1488,1519,0.15228613809908675
30,1497,1527,0.15230190920474665
31,1487,1518,0.1523198382387877
32,1490,1522,0.15233357933603553
33,1487,1520,0.15234335194673018
31,1487,1518,0.15234942855192546
30,1487,1517,0.15236123993878162
31,1500,1531,0.1523753595051046
31,1497,1528,0.15238562514958626
31,1503,1534,0.15239527116230916
31,1494,1525,0.152404385024465
29,1492,1521,0.15241288551885343
29,1487,1516,0.1524267549290731
30,1490,1520,0.1524395877941918
29,1482,1511,0.1524487437790748
31,1482,1513,0.1524603433564603
32,1496,1528,0.15246528642829096
34,1497,1531,0.15246689976834588
34,1484,1518,0.15246237210427924
33,1480,1513,0.1524581803627562
34,1480,1514,0.15245716779965132
33,1473,1506,0.1524530803966477
33,1470,1503,0.15245238068663852
33,1469,1502,0.15245172018872163
33,1475,1508,0.15245109836063914
32,1480,1512,0.15245066930892098
30,1480,1510,0.15245338035857936
31,1472,1503,0.15246210192171833
30,1467,1497,0.15246720062011293
31,1475,1506,0.152474864873031
32,1470,1502,0.15247896382904258
30,1473,1503,0.1524796494263132
29,1480,1509,0.15248629055812862
30,1487,1517,0.15249544360903658
32,1482,1514,0.15250103391826253
31,1490,1521,0.15250044761280868
30,1485,1515,0.1525028599238028
30,1490,1520,0.15250824366788293
30,1492,1522,0.15251328740449244
28,1495,1523,0.1525180097696308
27,1506,1533,0.1525286008999911
27,1490,1517,0.15254145143106496
26,1497,1523,0.15255346471048709
26,1503,1529,0.1525677119383174
27,1493,1520,0.15258104850583873
27,1491,1518,0.15259057464012749
27,1480,1507,0.15259950949190373
27,1485,1512,0.1526080283781398
27,1483,1510,0.15261603987716374
28,1493,1521,0.15262356813763492
28,1484,1512,0.15262750683023912
26,1488,1514,0.15263121235756777
28,1468,1496,0.15264084400281894
28,1477,1505,0.15264387042304114
29,1472,1501,0.15264675378554077
28,1480,1508,0.1526464840635155
26,1483,1509,0.15264922291465585
27,1485,1512,0.15265810645372382
27,1487,1514,0.15266349821605749
24,1488,1512,0.15266849294726412
24,1482,1506,0.152682245422446
26,1473,1499,0.1526952032206703
26,1484,1510,0.15270126689761304
27,1486,1513,0.15270699594744006
28,1476,1504,0.15270919178249287
29,1495,1524,0.1527082093589619
29,1492,1521,0.15270435768708399
27,1485,1512,0.15270079888892613
27,1489,1516,0.15270352195921055
27,1473,1500,0.15270609783612415
28,1487,1515,0.1527084981232772
29,1491,1520,0.1527077266077195
29,1487,1516,0.15270393334260138
29,1487,1516,0.1527004081718623
29,1495,1524,0.15269712538788682
27,1502,1529,0.15269406474254432
27,1499,1526,0.15269733587462128
26,1511,1537,0.15270042546638674
26,1496,1522,0.1527061178133887
27,1490,1517,0.15271140896075383
27,1491,1518,0.15271294958181922
27,1496,1523,0.15271474268212976
27,1493,1520,0.15271644239953905
27,1487,1514,0.15271781117129574
29,1488,1517,0.15271906769054247
28,1483,1511,0.15271421748998948
27,1485,1512,0.15271269288605255
27,1479,1506,0.1527141825668164
27,1476,1503,0.15271563834286123
27,1490,1517,0.1527170129399277
28,1498,1526,0.15271823823168293
30,1501,1531,0.15271621948567515
31,1503,1534,0.15270836215309735
30,1501,1531,0.15269799217061855
31,1496,1527,0.15269147394427232
31,1487,1518,0.1526822512800356
30,1482,1512,0.15267362958129976
28,1472,1500,0.15266843445262018
29,1472,1501,0.15266955055003573
28,1475,1503,0.15266754201451008
28,1481,1509,0.15266868044711845
29,1473,1502,0.15266974914829567
29,1470,1499,0.15266774906952565
30,1460,1490,0.15266589055572297
31,1471,1502,0.15266109755292712
31,1475,1506,0.15265357143294364
30,1473,1503,0.1526465777413794
29,1490,1519,0.15264311125414767
29,1491,1520,0.15264300248939366
30,1482,1512,0.15264288447425162
30,1469,1499,0.15263986541117944
29,1461,1490,0.1526370782746288
27,1477,1504,0.15263747686556636
27,1479,1506,0.1526440088663867
28,1491,1519,0.15265012330067917
28,1496,1524,0.15265282070786257
27,1502,1529,0.15265535781594278
27,1498,1525,0.15266066708899084
26,1496,1522,0.15266562695437258
26,1497,1523,0.15267342298539302
26,1479,1505,0.15268073195927026
27,1489,1516,0.15268764032234614
26,1488,1514,0.1526911459021606
26,1483,1509,0.1526974265711861
27,1479,1506,0.1527033099132738
26,1490,1516,0.1527056502362926
25,1475,1500,0.1527108848478235
24,1477,1501,0.15271895412397185
25,1499,1524,0.15272954627824828
25,1507,1532,0.1527364203956456
25,1507,1532,0.15274287704906556
26,1501,1527,0.15274889464208133
26,1488,1514,0.15275150019078632
26,1502,1528,0.152753937987789
26,1493,1519,0.15275623031978816
28,1498,1526,0.15275840530104676
27,1495,1522,0.15275430078989538
27,1482,1509,0.15275350846759686
26,1473,1499,0.15275291296730148
26,1473,1499,0.15275536022988745
26,1476,1502,0.1527576627805952
24,1471,1495,0.15275982637072125
25,1483,1508,0.15276803346513215
25,1492,1517,0.15277272921408674
23,1482,1505,0.1527771418262992
25,1484,1509,0.15278732367106618
24,1498,1522,0.1527904513422242
24,1496,1520,0.15279616495387033
24,1492,1516,0.152801508317298
25,1488,1513,0.15280649769324384
25,1481,1506,0.15280811699223942
25,1483,1508,0.15280980437532457
26,1479,1505,0.15281151488717026
27,1485,1512,0.15281005135884648
26,1488,1514,0.1528055140644559
27,1491,1518,0.1528044708352165
27,1490,1517,0.15280032339368912
26,1489,1515,0.15279644472415682
26,1495,1521,0.15279580737345405
25,1498,1523,0.15279536809840655
23,1497,1520,0.15279801490230152
22,1500,1522,0.15280661669436996
22,1490,1512,0.15281784749412652
24,1496,1520,0.15282841916894419
22,1481,1503,0.1528320272336881
22,1489,1511,0.1528416324318253
21,1490,1511,0.15285062429559423
21,1494,1515,0.15286183348355709
22,1490,1512,0.15287253882171453
23,1484,1507,0.1528796529252794
22,1496,1518,0.15288331048197404
21,1501,1522,0.1528897836468947
22,1487,1509,0.152898947773097
22,1490,1512,0.15290459034032838
23,1493,1516,0.15290984857105105
23,1480,1503,0.15291155918945176
23,1492,1515,0.15291317836011736
22,1483,1505,0.15291470891499237
25,1488,1513,0.1529191359441307
24,1500,1524,0.15291402248352418
24,1491,1515,0.1529122701090461
22,1483,1505,0.15291064482108463
22,1498,1520,0.15291517211772832
21,1490,1511,0.15291941407184215
23,1489,1512,0.15292637831411368
23,1490,1513,0.15292685626403876
23,1495,1518,0.15292730062768528
21,1483,1504,0.15292771168390057
21,1489,1510,0.15293440602585517
20,1485,1505,0.15294068056131147
19,1495,1514,0.15294961159400008
21,1484,1505,0.1529610141768737
20,1486,1506,0.1529656084804124
20,1479,1499,0.15297298159087447
20,1493,1513,0.15297990364669314
21,1495,1516,0.152986397896438
21,1494,1515,0.1529894522681676
19,1492,1511,0.1529923235692287
18,1489,1507,0.15300123658483614
19,1493,1512,0.15301276081153709
19,1482,1501,0.15302037630932447
19,1502,1521,0.15302753627152094
18,1497,1515,0.15303425933250256
18,1489,1507,0.1530437278050066
17,1499,1516,0.1530526158239969
19,1500,1519,0.15306404421930084
19,1502,1521,0.15306857857177833
20,1505,1525,0.1530728721941749
19,1506,1525,0.1530738148188887
19,1493,1512,0.15307777175501389
20,1487,1507,0.15308148726636867
20,1483,1503,0.15308193426902889
20,1496,1516,0.15308237488946844
19,1485,1504,0.15308279889050957
19,1493,1512,0.15308641158076494
18,1482,1500,0.15308981070026662
17,1488,1505,0.15309607469037648
18,1487,1505,0.1531050083444094
19,1491,1510,0.15311022048874331
20,1496,1516,0.15311192434100046
21,1487,1508,0.1531104286560689
21,1493,1514,0.15310596490626416
20,1490,1510,0.15310179632406262
20,1486,1506,0.15310109638186364
20,1489,1509,0.15310049620027136
20,1501,1521,0.15309994598070772
20,1507,1527,0.15309943986276564
21,1501,1522,0.1530989738655131
20,1498,1518,0.15309533100271439
20,1488,1508,0.15309498493438745
19,1486,1505,0.1530947884495827
18,1489,1507,0.15309783278942962
19,1496,1515,0.15310373449576484
16,1494,1510,0.1531061661670772
17,1508,1525,0.15311771135319624
18,1515,1533,0.15312547359132467
19,1504,1523,0.1531297471530329
18,1507,1525,0.15313056003566364
19,1508,1527,0.15313455174812288
18,1494,1512,0.1531352301936006
19,1504,1523,0.1531389896657687
16,1502,1518,0.1531394286825919
16,1507,1523,0.1531490781113547
17,1515,1532,0.15315810367981236
16,1515,1531,0.15316343386929024
16,1520,1536,0.15317153898246905
16,1518,1534,0.15317913313285994
16,1516,1532,0.1531862548366132
16,1516,1532,0.15319293573290307
15,1506,1521,0.15319920413903326
14,1511,1525,0.1532081261650298
13,1513,1526,0.1532195592843804
14,1518,1532,0.1532334052617912
14,1500,1514,0.15324324153036584
15,1507,1522,0.15325246330840014
14,1506,1520,0.15325796795289698
13,1508,1521,0.1532661966675948
13,1505,1518,0.1532770480292395
12,1486,1498,0.1532872315392952
12,1493,1505,0.15329994845964137
11,1497,1508,0.15331188131622853
11,1497,1508,0.15332618983785956
11,1502,1513,0.15333962211266072
10,1504,1514,0.15335223670348117
10,1509,1519,0.15336731633219228
10,1494,1504,0.1533816151463227
10,1504,1514,0.15339506282495932
10,1503,1513,0.15340769952804315
10,1499,1509,0.15341957410230403
11,1496,1507,0.15343073349314518
10,1502,1512,0.15343805270839736
10,1500,1510,0.15344811070537148
10,1506,1516,0.15345755804324435
10,1509,1519,0.1534664357396968
10,1495,1505,0.15347477983735597
10,1501,1511,0.1534826227359475
11,1501,1512,0.15348999456948006
11,1507,1518,0.15349377234622194
11,1504,1515,0.15349733382202013
11,1486,1497,0.1535006841723286
12,1499,1511,0.1535038370416317
12,1503,1515,0.1535036482428077
12,1509,1521,0.15350348964015617
13,1504,1517,0.15350335083645464
13,1513,1526,0.15350015121297286
13,1512,1525,0.15349716478358968
13,1507,1520,0.15349437176161884
13,1502,1515,0.15349175907656143
13,1502,1515,0.15348931483476824
13,1489,1502,0.15348702773837417
13,1491,1504,0.15348488719842615
13,1507,1520,0.15348288336085195
13,1509,1522,0.15348100707817885
13,1521,1534,0.1534792498629798
10,1513,1523,0.15347769622688595
11,1506,1517,0.1534855950151599
11,1508,1519,0.15348986653036156
11,1498,1509,0.1534938859356602
11,1507,1518,0.15349765958110212
11,1498,1509,0.15350120057353242
11,1490,1501,0.1535045229109817
11,1495,1506,0.15350764028555408
11,1485,1496,0.15351056566365195
13,1487,1500,0.15351331119591483
12,1489,1501,0.1535096419475671
12,1489,1501,0.15350930227849127
13,1507,1520,0.15350904992455847
12,1506,1518,0.15350570930777793
13,1503,1516,0.15350566540011232
12,1507,1519,0.15350248038574626
11,1505,1516,0.15350266638314733
11,1501,1512,0.15350595597240665
11,1501,1512,0.15350903059459883
11,1503,1514,0.15351191347586238
11,1495,1506,0.15351461718237622
11,1492,1503,0.1535171528533089
11,1484,1495,0.1535195626389271
10,1492,1502,0.15352183401128466
9,1493,1502,0.15352711317712203
8,1484,1492,0.1535351883531185
8,1496,1504,0.15354592082366936
9,1500,1509,0.1535560005836336
8,1508,1516,0.1535623241714646
9,1501,1510,0.1535713408509336
9,1500,1509,0.1535767211435382
9,1502,1511,0.15358178247877902
9,1501,1510,0.1535865377492549
9,1502,1511,0.1535910040981509
9,1504,1513,0.15359519922270262
9,1517,1526,0.1535991398323366
9,1518,1527,0.1536028415574067
9,1512,1521,0.15360631902688238
9,1512,1521,0.1536095859472584
9,1517,1526,0.15361265516975528
8,1513,1521,0.15361553874865355
8,1501,1509,0.1536213249614471
9,1507,1516,0.15362675404731607
10,1505,1515,0.15362870378973678
10,1506,1516,0.15362746493078794
10,1503,1513,0.15362632179995764
10,1495,1505,0.1536252551357829
11,1498,1509,0.15362425673412042
10,1490,1500,0.1536201541444694
11,1496,1507,0.15361943025244695
12,1505,1517,0.1536155705313728
11,1497,1508,0.15360883166934275
11,1507,1518,0.15360559242592925
11,1515,1526,0.1536025504517062
11,1528,1539,0.1535996949773634
10,1509,1519,0.15359701515965682
13,1509,1522,0.1535975949800431
13,1511,1524,0.15358883378545868
14,1512,1526,0.15358065360245868
14,1502,1516,0.15356992616065657
14,1512,1526,0.15355989180237706
14,1529,1543,0.15355049286175132
14,1507,1521,0.15354168173326754
14,1509,1523,0.1535334182553954
13,1493,1506,0.15352566651575514
12,1497,1509,0.15352146690395377
12,1506,1518,0.15352055767045023
12,1506,1518,0.1535196854436421
12,1494,1506,0.1535188569689205
11,1497,1508,0.15351807370623086
11,1511,1522,0.15352044039771104
13,1493,1506,0.15352264228785192
13,1507,1520,0.1535185327110791
14,1513,1527,0.1535147104840143
13,1510,1523,0.153508035740658
13,1520,1533,0.15350486082444703
12,1510,1522,0.15350187979388769
12,1514,1526,0.15350218268848415
12,1504,1516,0.15350244704993518
11,1509,1520,0.15350265936740565
11,1508,1519,0.1535059605186148
10,1509,1519,0.1535090482559375
10,1504,1514,0.15351500756983838
10,1498,1508,0.15352059547112024
10,1507,1517,0.15352588923487182
10,1503,1513,0.15353086752747358
9,1516,1525,0.15353554222007437
11,1520,1531,0.15354308729105118
11,1507,1518,0.15354393380652973
11,1518,1529,0.1535447442416449
12,1527,1539,0.15354550765571232
11,1523,1534,0.1535431080751161
10,1519,1529,0.15354397677764667
11,1513,1524,0.1535479089022001
11,1522,1533,0.1535484604673825
10,1525,1535,0.1535489904701725
9,1507,1516,0.1535526279843234
10,1512,1522,0.15355910433303904
10,1508,1518,0.1535621023226806
10,1517,1527,0.1535649278350789
10,1500,1510,0.15356758599424591
10,1502,1512,0.1535700839550085
10,1494,1504,0.15357243071818694
10,1499,1509,0.1535746353045988
8,1509,1517,0.1535767063232648
10,1512,1522,0.15358487507917482
11,1512,1523,0.15358632932317884
11,1512,1523,0.1535846204021864
10,1514,1524,0.15358303815578803
10,1527,1537,0.15358468546539059
10,1512,1522,0.1535862227626584
9,1510,1519,0.15358766845456992
10,1519,1529,0.15359212554587512
10,1513,1523,0.1535931632531037
10,1511,1521,0.15359413937414004
10,1509,1519,0.1535950570785533
9,1496,1505,0.15359592260400215
9,1501,1510,0.15359986503605255
9,1500,1509,0.15360355638565418
9,1486,1495,0.1536070230005382
9,1498,1507,0.15361028049558773
8,1489,1497,0.15361334158562637
8,1498,1506,0.15361929054888956
8,1499,1507,0.1536248729278803
7,1507,1514,0.1536301153934635
7,1510,1517,0.1536382033198187
6,1529,1535,0.15364579907840448
6,1522,1528,0.15365603741863432
6,1513,1519,0.15366566088083217
5,1518,1523,0.15367470414282766
5,1516,1521,0.15368633524945952
4,1512,1516,0.15369725907606008
5,1510,1515,0.15371067863441062
6,1507,1513,0.15372013710248067
6,1509,1515,0.15372587849382024
6,1500,1506,0.15373127631118627
6,1508,1514,0.1537363434932097
5,1505,1510,0.15374110233820523
5,1508,1513,0.15374875636110474
4,1512,1516,0.15375595239839743
4,1515,1519,0.15376590312481792
4,1517,1521,0.15377525464990946
5,1516,1521,0.15378404658254854
5,1516,1521,0.15378917554470142
5,1522,1527,0.15379400102955723
4,1533,1537,0.15379853413103914
5,1513,1518,0.15380592926536424
6,1502,1508,0.15380968443208062
6,1509,1515,0.15381007635673238
6,1507,1513,0.15381045211269978
6,1513,1519,0.15381079640836526
6,1518,1524,0.15381111730683905
6,1519,1525,0.15381141780125906
6,1516,1522,0.15381170151548543
5,1509,1514,0.1538119700424562
5,1515,1520,0.15381535355225956
5,1510,1515,0.1538185392446256
6,1503,1509,0.1538215372115751
6,1507,1513,0.1538211833580964
6,1512,1518,0.15382084966242807
6,1509,1515,0.15382053397974826
6,1517,1523,0.1538202383822362
6,1508,1514,0.15381996253999725
7,1519,1526,0.15381970535859818
7,1509,1516,0.15381626173912846
6,1511,1517,0.15381303750143027
6,1518,1524,0.15381317318208457
6,1518,1524,0.1538133065175951
6,1493,1499,0.15381343535247352
6,1499,1505,0.15381355635277147
6,1495,1501,0.15381366900045151
6,1492,1498,0.15381377365557194
7,1500,1507,0.1538138978679436
7,1497,1504,0.1538108853755024
8,1511,1519,0.15380806844737943
8,1515,1523,0.15380230377471016
8,1517,1525,0.15379689763061602
8,1504,1512,0.15379182133364677
8,1508,1516,0.15378705493018657
8,1501,1509,0.15378257987341418
7,1513,1520,0.1537783783682179
7,1519,1526,0.15377755839163404
6,1518,1524,0.15377678195042693
6,1520,1526,0.15377916915401063
6,1526,1532,0.15378141677791043
5,1521,1526,0.15378353053949584
6,1518,1524,0.15378865620541973
6,1511,1517,0.15379031945934196
6,1495,1501,0.15379189145620986
6,1497,1503,0.1537933669839663
6,1502,1508,0.15379475112418559
6,1511,1517,0.1537960498313045
6,1517,1523,0.15379726866742952
6,1502,1508,0.15379841274941217
6,1508,1514,0.15379948680881841
6,1508,1514,0.15380049524196798
6,1503,1509,0.1538014421461027
5,1498,1503,0.15380233134684737
5,1496,1501,0.15380630544071958
5,1496,1501,0.15381004111617633
6,1507,1513,0.15381355055309434
6,1512,1518,0.15381367542694954
6,1506,1512,0.15381380723046076
6,1509,1515,0.1538139325799765
6,1511,1517,0.15381405011809898
5,1510,1515,0.1538141603698503
5,1499,1504,0.1538173928917288
4,1501,1505,0.15382043209168353
3,1513,1516,0.15382643746147096
3,1524,1527,0.15383527015175116
3,1523,1526,0.1538435746714214
3,1525,1528,0.15385138906298207
4,1516,1520,0.15385873974769992
4,1512,1516,0.15386244824850195
4,1503,1507,0.153865941887536
5,1499,1504,0.15386922268719755
5,1494,1499,0.15386908142560465
5,1497,1502,0.1538689554172928
5,1494,1499,0.15386883670973706
5,1503,1508,0.15386872342331903
5,1512,1517,0.15386861554530648
5,1521,1526,0.1538685132471769
5,1524,1529,0.15386841657506
5,1523,1528,0.15386832544836362
5,1526,1531,0.15386823970098273
4,1526,1530,0.15386815911617668
5,1522,1527,0.15387128050949467
5,1509,1514,0.1538710085397254
5,1508,1513,0.15387076373321235
5,1517,1522,0.1538705332436791
5,1504,1509,0.1538703157549971
5,1508,1513,0.1538701109432358
5,1514,1519,0.1538699183439399
5,1514,1519,0.15386973737531223
5,1511,1516,0.1538695674100044
4,1511,1515,0.153869407816498
5,1515,1520,0.15387244552195647
5,1519,1524,0.15387210669598628
4,1528,1532,0.15387179687062602
4,1532,1536,0.1538746994547405
4,1522,1526,0.15387742664142884
4,1523,1527,0.1538799908975429
3,1521,1524,0.1538824023955512
3,1518,1521,0.1538878734160318
3,1524,1527,0.15389301412145046
3,1513,1516,0.15389785085083602
3,1517,1520,0.15390240114042283
3,1513,1516,0.1539066808199294
4,1508,1512,0.1539107051659882
4,1517,1521,0.15391126085742882
4,1515,1519,0.15391179084177145
3,1523,1526,0.15391228912658153
3,1526,1529,0.15391597945370303
3,1529,1532,0.1539194428479612
3,1526,1529,0.15392269810758066
3,1532,1535,0.1539257593941585
3,1524,1527,0.15392863828833803
3,1514,1517,0.15393134541087686
3,1513,1516,0.15393389079928702
3,1507,1510,0.15393628397275577
3,1515,1518,0.15393853394360985
3,1524,1527,0.15394064922674702
3,1523,1526,0.1539426378543109
3,1530,1533,0.15394450739461252
3,1528,1531,0.15394626497345296
3,1530,1533,0.15394791729645846
3,1514,1517,0.15394947067154235
3,1522,1525,0.15395093103096458
3,1517,1520,0.1539523039526845
3,1515,1518,0.15395359468084005
3,1522,1525,0.15395480814527174
3,1523,1526,0.1539559489800591
3,1532,1535,0.15395702154107055
3,1515,1518,0.15395802992254462
3,1520,1523,0.1539589779727344
3,1522,1525,0.15395986930865047
3,1515,1518,0.15396070732994513
3,1501,1504,0.15396149523197844
3,1509,1512,0.15396223601811004
3,1508,1511,0.1539629325112576
3,1503,1506,0.1539635873647639
3,1517,1520,0.1539642030726112
3,1511,1514,0.15396478197902122
4,1514,1518,0.1539653116822152
4,1516,1520,0.15396258636302704
4,1509,1513,0.1539600359872764
4,1506,1510,0.15395763841825125
4,1515,1519,0.15395538265906059
4,1512,1516,0.1539532605293309
4,1521,1525,0.15395126452094168
5,1514,1519,0.15394938745971537
5,1525,1530,0.15394440519182295
5,1517,1522,0.153939732335985
4,1521,1525,0.15393533992298913
4,1512,1516,0.15393443379484645
4,1528,1532,0.15393357560596355
4,1522,1526,0.15393276734014688
4,1517,1521,0.15393200842237056
4,1514,1518,0.1539312963661229
4,1512,1516,0.1539306282381914
4,1515,1519,0.15393000117124125
4,1523,1527,0.15392941248669725
4,1511,1515,0.15392885970739073
4,1513,1517,0.15392834054322718
4,1509,1513,0.15392785287258948
4,1517,1521,0.15392739472515113
4,1513,1517,0.153926964267103
4,1509,1513,0.1539265597886102
4,1513,1517,0.1539261796930972
4,1518,1522,0.15392582248798906
4,1522,1526,0.15392548677661338
4,1514,1518,0.15392517125103578
4,1512,1516,0.15392487468565963
4,1504,1508,0.1539245959314598
4,1493,1497,0.15392433391075022
5,1477,1482,0.1539240876124085
5,1498,1503,0.1539206420437747
5,1509,1514,0.15391741160470426
5,1507,1512,0.1539143737478463
5,1506,1511,0.15391151716739254
5,1508,1513,0.15390883184405435
5,1512,1517,0.15390630798168758
5,1505,1510,0.15390393610834033
5,1510,1515,0.15390170717874793
4,1507,1511,0.1538996126180305
4,1518,1522,0.15390084208164484
4,1509,1513,0.15390198911587474
3,1511,1514,0.15390306871220033
3,1519,1522,0.15390730328218769
4,1520,1524,0.15391128037629623
4,1506,1510,0.15391179994444001
4,1489,1493,0.1539122955870566
4,1489,1493,0.1539127608337544
4,1495,1499,0.153913197689324
4,1496,1500,0.1539136084091119
4,1503,1507,0.1539139948038139
4,1515,1519,0.15391435840085832
4,1510,1514,0.15391470056095685
4,1499,1503,0.1539150225353288
4,1509,1513,0.15391532549293813
3,1504,1507,0.15391561053398012
4,1501,1505,0.15391909127039027
4,1509,1513,0.1539191437827288
3,1501,1504,0.15391920246924967
3,1505,1508,0.15392247291427397
3,1511,1514,0.15392554094948085
3,1490,1493,0.15392842633627069
3,1499,1502,0.1539311408997294
2,1504,1506,0.15393369425614656
3,1502,1505,0.15393931940389646
3,1506,1509,0.15394137527837454
3,1511,1514,0.15394331054248883
3,1522,1525,0.15394512824921036
3,1516,1519,0.15394683688983057
3,1509,1512,0.15394844353162754
3,1505,1508,0.15394995438868078
3,1503,1506,0.1539513751738279
3,1502,1505,0.153952711227154
3,1516,1519,0.15395396756856744
3,1521,1524,0.15395514892523843
3,1504,1507,0.15395625975029115
4,1508,1512,0.15395730423821713
4,1507,1511,0.153955057340447
4,1507,1511,0.1539529537105765
4,1502,1506,0.1539509750896132
4,1510,1514,0.1539491132111318
5,1521,1526,0.15394736181352411
5,1508,1513,0.15394250011693247
5,1517,1522,0.15393793971055822
5,1517,1522,0.15393365183312827
5,1515,1520,0.1539296204774657
5,1504,1509,0.15392583123023626
5,1507,1512,0.15392227010802728
4,1515,1519,0.15391892365924686
4,1510,1514,0.15391898439002563
4,1522,1526,0.1539190364791799
4,1506,1510,0.15391908865042636
3,1509,1512,0.15391914019708028
3,1513,1516,0.15392240614747293
3,1501,1504,0.15392547549407476
3,1506,1509,0.1539283660016328
3,1501,1504,0.15393108659127108
3,1497,1500,0.15393364574797075
3,1507,1510,0.15393605217562026
3,1514,1517,0.15393831451060808
3,1517,1520,0.15394044112191113
3,1523,1526,0.15394244001368357
3,1516,1519,0.15394431878582945
3,1506,1509,0.1539460846246263
3,1498,1501,0.15394774430867741
3,1523,1526,0.15394930422256253
3,1527,1530,0.15395077037417906
3,1511,1514,0.15395214841363106
3,1507,1510,0.1539534436525064
3,1516,1519,0.15395466108290948
3,1527,1530,0.1539558053959102
3,1528,1531,0.15395688099923152
3,1510,1513,0.15395789203409088
3,1512,1515,0.15395884239116556
3,1513,1516,0.1539597357256829
3,1509,1512,0.15396057547165345
2,1513,1515,0.15396136485527856
2,1516,1518,0.15396533715191968
3,1520,1523,0.1539690759244501
3,1516,1519,0.15396936174085113
3,1516,1519,0.15396963208879297
3,1513,1516,0.1539698823346145
3,1515,1518,0.1539701156884832
3,1510,1513,0.1539703342929535
3,1512,1515,0.15397053954174797
3,1507,1510,0.15397073246805593
3,1512,1515,0.15397091391753231
3,1521,1524,0.15397108462546508
3,1511,1514,0.1539712452536541
3,1512,1515,0.15397139640944538
3,1516,1519,0.1539715386563672
3,1524,1527,0.153971672520588
4,1533,1537,0.1539717984951901
4,1519,1523,0.1539686918854871
4,1514,1518,0.15396578089410096
4,1520,1524,0.15396304386929635
4,1517,1521,0.15396046934963828
4,1529,1533,0.15395804818245282
3,1527,1530,0.1539557717172974
3,1516,1519,0.15395685198299716
3,1510,1513,0.15395786547389828
3,1515,1518,0.15395882140830627
3,1525,1528,0.1539597221753543
3,1509,1512,0.15396056995544846
3,1501,1504,0.153961367307
3,1503,1506,0.15396211693964773
3,1513,1516,0.1539628215597305
2,1515,1517,0.15396348379399225
2,1533,1535,0.15396733782706845
2,1522,1524,0.15397096485937647
2,1518,1520,0.15397437964917388
2,1517,1519,0.15397759196120983
2,1507,1509,0.15398061245487507
2,1509,1511,0.15398345199711425
2,1509,1511,0.15398612117487162
2,1525,1527,0.15398863010660613
3,1532,1535,0.15399098838048877
3,1534,1537,0.1539899749493988
3,1519,1522,0.15398902758303115
3,1518,1521,0.1539881331720291
1,1525,1526,0.1539872895137342
1,1522,1523,0.1539929488246123
1,1519,1520,0.15399826631865235
1,1520,1521,0.15400327436065608
1,1524,1525,0.1540079899485617
1,1517,1518,0.1540124279353768
1,1503,1504,0.15401660317822158
1,1505,1506,0.15402053034720073
1,1519,1520,0.1540242236591545
1,1527,1528,0.15402769672842348
1,1523,1524,0.15403096250115558
1,1510,1511,0.15403403323696171
1,1507,1508,0.15403692051600437
1,1504,1505,0.15403963525938014
1,1516,1517,0.1540421877561657
1,1503,1504,0.15404458769348403
1,1506,1507,0.1540468441875712
1,1497,1498,0.15404896581471822
1,1502,1503,0.15405096064146195
1,1511,1512,0.1540528362536835
1,1514,1515,0.15405459978443795
1,1524,1525,0.15405625794043643
1,1513,1514,0.15405781702715982
1,1514,1515,0.15405928297261656
1,1517,1518,0.15406066134978183
1,1510,1511,0.1540619573977623
1,1507,1508,0.1540631760417422
1,1502,1503,0.15406432191176736
1,1499,1500,0.15406539936042501
1,1517,1518,0.1540664124794794
1,1511,1512,0.15406736511551763
1,1512,1513,0.15406826088466427
1,1523,1524,0.1540691031864147
1,1519,1520,0.15406989521664058
1,1514,1515,0.15407063997981488
1,1521,1522,0.15407134030050215
1,1532,1533,0.1540719988341587
1,1525,1526,0.15407261807728254
1,1536,1537,0.15407320037695293
1,1538,1539,0.15407374793979603
1,1537,1538,0.15407426284041073
1,1513,1514,0.15407474702928747
1,1529,1530,0.15407520234025088
1,1523,1524,0.15407563049745396
1,1516,1517,0.1540760331219525
1,1507,1508,0.15407641173788314
1,1509,1510,0.15407676777827098
1,1511,1512,0.15407710259048726
1,1509,1510,0.15407741744137954
1,1514,1515,0.15407771352209376
1,1517,1518,0.15407799195260638
1,1524,1525,0.15407825378598455
1,1520,1521,0.15407850001239073
1,1529,1530,0.15407873156284674
1,1535,1536,0.1540789493127721
1,1522,1523,0.15407915408531012
1,1527,1528,0.15407934665445466
1,1499,1500,0.15407952774798914
1,1505,1506,0.15407969805024982
1,1516,1517,0.1540798582047232
1,1509,1510,0.15408000881648765
1,1518,1519,0.1540801504545092
1,1532,1533,0.15408028365379983
1,1514,1515,0.154080408917446
1,1520,1521,0.15408052671851621
1,1518,1519,0.15408063750185427
1,1516,1517,0.15408074168576547
0,1530,1530,0.15408083966360123
