1372,27,1399,0.13584112968088555
1389,29,1418,0.13300889741667796
1426,29,1455,0.13037624147673071
1434,29,1463,0.12787410792241385
1443,30,1473,0.12557150249749793
1454,29,1483,0.123448889088307
1454,29,1483,0.12148665530643456
1455,31,1486,0.11969848208690376
1461,31,1492,0.11806661619698555
1454,30,1484,0.11656553948486245
1462,32,1494,0.11521562043874022
1453,34,1487,0.1139663986221953
1453,33,1486,0.11285015325717229
1457,33,1490,0.11183291478740177
1449,34,1483,0.11089691417567835
1458,34,1492,0.11006255844438048
1453,36,1489,0.10928207424306895
1466,35,1501,0.10858211189603327
1458,34,1492,0.10791506061852657
1450,34,1484,0.10732568559717696
1449,36,1485,0.10680705296379786
1458,37,1495,0.10633665375174588
1457,36,1493,0.10588822764570636
1454,38,1492,0.10548173671363437
1451,37,1488,0.10511809887641307
1452,39,1491,0.10479342811758546
1454,39,1493,0.104495687297771
1455,40,1495,0.1042200967848932
1452,40,1492,0.1039666146399135
1454,42,1496,0.1037422780413208
1449,43,1492,0.10353377883399599
1452,42,1494,0.10335464135458232
1432,44,1476,0.10318482786596891
1434,44,1478,0.10307355996261584
1429,44,1473,0.10296745141280493
1437,45,1482,0.10288146384223562
1450,44,1494,0.10278564849168234
1455,41,1496,0.10267032610671571
1451,42,1493,0.10255460524686245
1443,44,1487,0.1024582996590218
1442,45,1487,0.1023878654734861
1436,46,1482,0.10232587574575115
1433,46,1479,0.10228202359587758
1449,47,1496,0.10224840707574252
1456,46,1502,0.10218313116336879
1440,45,1485,0.10210874920937288
1436,48,1484,0.10207542330859067
1439,49,1488,0.10205416036636822
1456,50,1506,0.10202781609477732
1452,48,1500,0.10196753141039296
1452,47,1499,0.10192115234814537
1453,46,1499,0.10187862833463196
1445,45,1490,0.10183786357465426
1450,46,1496,0.10181791853735174
1453,46,1499,0.10178907216437974
1444,43,1487,0.10175579988657578
1448,41,1489,0.10174502747387157
1448,42,1490,0.1017266909051758
1464,43,1507,0.10171017771912037
1448,43,1491,0.10166119889024636
1448,44,1492,0.10165053967430011
1445,44,1489,0.10164080553036729
1443,45,1488,0.10163881218586691
1440,46,1486,0.10164134570833529
1434,47,1481,0.10164979542972326
1441,48,1489,0.10167040218144244
1434,48,1482,0.10167436605979073
1440,49,1489,0.10169325495846007
1449,48,1497,0.10169789222732227
1456,48,1504,0.10168289881461262
1456,48,1504,0.10165392674632988
1444,48,1492,0.1016274900767765
1452,52,1504,0.10162914182038506
1456,50,1506,0.10161368252049041
1448,50,1498,0.10159077034739308
1450,51,1501,0.10158681848954391
1446,51,1497,0.10157924491644346
1440,50,1490,0.10158087262431997
1445,49,1494,0.10159490620553684
1443,52,1495,0.10159697231193146
1452,51,1503,0.10160336184346651
1435,51,1486,0.10159004352812878
1431,52,1483,0.1016139465876915
1426,51,1477,0.10164380085826075
1427,51,1478,0.1016819353073494
1433,50,1483,0.10171453057326087
1445,51,1496,0.10173142549415941
1445,52,1497,0.10172096154751539
1444,55,1499,0.10171151985813527
1433,56,1489,0.10170536060157254
1442,60,1502,0.10172332057241686
1432,60,1492,0.10172034850367712
1433,60,1493,0.10173883988086192
1437,61,1498,0.10175364336901492
1437,63,1500,0.10175868293222073
1436,62,1498,0.10176323541075966
1432,61,1493,0.10176940516484956
1427,64,1491,0.10178364780008138
1420,65,1485,0.10180749029740004
1424,64,1488,0.10184422561887782
1421,69,1490,0.1018694023117249
1414,68,1482,0.10189862225076635
1408,69,1477,0.10194089500260496
1408,73,1481,0.10199243494137228
1429,75,1504,0.1020389662336062
1433,73,1506,0.10203678454548008
1440,71,1511,0.10202694175510808
1435,72,1507,0.10200288898066848
1430,71,1501,0.10199162717650147
1425,69,1494,0.10199201969063697
1421,72,1493,0.1020031979726665
1423,72,1495,0.10202190059446015
1410,74,1484,0.1020344407203232
1419,75,1494,0.1020735206331194
1413,75,1488,0.10208979728485111
1414,74,1488,0.10211773546596803
1413,75,1488,0.10214113017431636
1422,76,1498,0.10216485798177372
1424,77,1501,0.10216728334095444
1427,81,1508,0.10216519803980505
1421,82,1503,0.10215729229108572
1415,85,1500,0.10216295729452851
1401,87,1488,0.10218100944219899
1404,85,1489,0.10222775202898411
1410,82,1492,0.10226407814394035
1417,81,1498,0.10228423029312188
1411,84,1495,0.1022878951021892
1418,86,1504,0.10230431240326711
1416,87,1503,0.10230408063932003
1405,87,1492,0.10230837118962137
1399,84,1483,0.1023358158624475
1400,87,1487,0.10237400138038151
1405,89,1494,0.1024065974826339
1410,89,1499,0.10242544401164784
1406,87,1493,0.1024318597713539
1411,86,1497,0.10244636474477581
1404,85,1489,0.1024488779266078
1416,83,1499,0.10246602517258153
1415,85,1500,0.1024555827687297
1416,86,1502,0.10244818534226173
1413,84,1497,0.10243934821331177
1418,85,1503,0.10243747831284375
1410,87,1497,0.10242534892139962
1407,89,1496,0.10243216217122676
1399,89,1488,0.10244428440071139
1400,90,1490,0.10247242164639686
1402,91,1493,0.10249576516194407
1385,95,1480,0.1025125367498251
1385,96,1481,0.10256469742286525
1392,94,1486,0.10261257103698149
1392,95,1487,0.10264118939482979
1395,91,1486,0.1026678396693916
1383,95,1478,0.10268612354893707
1378,95,1473,0.10272814549151996
1373,97,1470,0.10277715396693533
1379,96,1475,0.10283315566757568
1381,93,1474,0.10287111890762941
1390,93,1483,0.10290121080024767
1399,93,1492,0.10290965474023545
1404,94,1498,0.10289803996585889
1414,93,1507,0.10287564346517845
1398,94,1492,0.10283367594296199
1399,93,1492,0.10283068937506208
1410,95,1505,0.10282579599204755
1403,96,1499,0.10279713113832663
1406,99,1505,0.10278595705733785
1414,98,1512,0.10276964763550651
1410,96,1506,0.10273676587101271
1404,94,1498,0.1027157753144356
1412,92,1504,0.1027090979272662
1416,93,1509,0.102686254000132
1417,93,1510,0.10265662491793773
1413,94,1507,0.10262747484354087
1409,96,1505,0.10260956386517223
1392,96,1488,0.10260219695274796
1402,96,1498,0.10263225314255127
1388,96,1484,0.10263814248060676
1395,98,1493,0.10267354224985845
1407,104,1511,0.10269127858177968
1413,103,1516,0.10268163531250611
1408,102,1510,0.1026597615236904
1401,102,1503,0.10265061391502835
1407,100,1507,0.10265760614664873
1399,103,1502,0.10265048584226971
1399,102,1501,0.10266115334714591
1390,100,1490,0.1026705769424801
1390,99,1489,0.10269873442059026
1394,97,1491,0.10272488151555467
1404,99,1503,0.10273996608243052
1389,100,1489,0.1027321357616863
1397,102,1499,0.10275758448330918
1385,97,1482,0.10276397968365682
1384,98,1482,0.10279576479551814
1386,101,1487,0.10282728585915298
1379,99,1478,0.10285157404549478
1380,102,1482,0.10288857713980797
1369,105,1474,0.10292019340834806
1376,107,1483,0.10297266183032097
1369,109,1478,0.10300585448865485
1368,112,1480,0.10305091904421113
1374,116,1490,0.10309416240967618
1388,114,1502,0.10312113773688403
1380,113,1493,0.10311600930920087
1373,110,1483,0.103128527037564
1370,111,1481,0.10315537051890952
1380,114,1494,0.10318621047430171
1387,116,1503,0.10319242345866339
1376,116,1492,0.10318408794384394
1376,117,1493,0.10320052854715431
1375,118,1493,0.10321552514261519
1373,118,1491,0.10323105037619204
1371,118,1489,0.10325017013993457
1369,121,1490,0.1032720031962537
1377,118,1495,0.10329576593449902
1382,118,1500,0.10330036278190477
1387,113,1500,0.10329378788375955
1377,113,1490,0.10327711913676088
1377,116,1493,0.10328383672194721
1372,116,1488,0.10328955648724579
1387,117,1504,0.10330596519657671
1374,124,1498,0.10328811430033341
1368,122,1490,0.10330039385097077
1374,125,1499,0.10332484424596768
1372,127,1499,0.10333407645405565
1366,125,1491,0.10334698370957814
1359,125,1484,0.10337205544317195
1358,121,1479,0.10340989896827488
1364,124,1488,0.10344657612229685
1373,125,1498,0.10346676938076094
1377,127,1504,0.10346642464905392
1373,127,1500,0.10345833305179342
1373,127,1500,0.10345998502749268
1371,130,1501,0.10346143604096998
1365,132,1497,0.10346752946847093
1359,131,1490,0.10348639549393322
1368,131,1499,0.10351579661659896
1357,135,1492,0.10352349095803987
1363,133,1496,0.10355449300878444
1365,129,1494,0.10356987153765168
1347,134,1481,0.10357960261041761
1350,132,1482,0.1036274643759004
1353,134,1487,0.10366470074998702
1356,140,1496,0.10369237573280873
1344,138,1482,0.10371096704142041
1340,134,1474,0.1037537239522617
1358,130,1488,0.10380211335635153
1354,129,1483,0.10380775018828511
1354,132,1486,0.10382189628051329
1356,139,1495,0.1038347970237129
1349,137,1486,0.10384184089899812
1351,141,1492,0.1038639566051783
1349,139,1488,0.10387908503779808
1339,144,1483,0.10389796729581224
1333,147,1480,0.10393753142114076
1336,149,1485,0.10398666224048
1344,150,1494,0.1040256970034942
1346,149,1495,0.10404414602803888
1353,148,1501,0.10405626285437033
1346,146,1492,0.10405164092202107
1338,147,1485,0.10406229937612471
1329,144,1473,0.10408930779745308
1337,144,1481,0.10413447704554417
1331,150,1481,0.10415878420551743
1329,150,1479,0.10419455700658109
1332,151,1483,0.10423094155496812
1334,154,1488,0.10425772794687091
1339,155,1494,0.10427812692867935
1352,156,1508,0.10428587311472132
1342,157,1499,0.10426428522201574
1337,156,1493,0.10426739167721805
1340,157,1497,0.10428151752530745
1338,155,1493,0.10428700100224705
1341,154,1495,0.10429554135981527
1346,154,1500,0.10429654147824831
1338,157,1495,0.10428696875567046
1347,157,1504,0.10429532694645087
1362,156,1518,0.1042828206600077
1357,148,1505,0.10423856953670756
1353,149,1502,0.10420954904748045
1345,147,1492,0.10419103191028695
1348,147,1495,0.10419098761747676
1368,144,1512,0.10418492325516165
1373,141,1514,0.10413578588840774
1370,142,1512,0.10408022241638142
1363,140,1503,0.1040356497227336
1364,148,1512,0.10401075295179368
1358,147,1505,0.10398582880167705
1363,150,1513,0.10397680072232117
1363,150,1513,0.10395730147719152
1364,154,1518,0.10393997388792943
1352,155,1507,0.1039221967522634
1346,154,1500,0.10393270738602822
1329,156,1485,0.10395575328073747
1336,155,1491,0.10401418949855704
1336,160,1496,0.10405243822410984
1333,159,1492,0.10408726906653264
1344,159,1503,0.10412542961606629
1344,161,1505,0.10413622190763552
1335,160,1495,0.10414670019739501
1341,162,1503,0.10417555570846097
1342,165,1507,0.10418930134549843
1348,166,1514,0.10420040410485644
1340,165,1505,0.10419730543632941
1331,162,1493,0.10421182291310598
1329,166,1495,0.10424444700220165
1326,162,1488,0.10427842347075979
1327,157,1484,0.10431695920378616
1337,158,1495,0.1043507371833908
1335,158,1493,0.10436019833589129
1328,159,1487,0.10437368774060612
1332,162,1494,0.10440207313706723
1330,161,1491,0.10441920273530834
1335,163,1498,0.10443836879038607
1327,168,1495,0.10444451310783326
1325,172,1497,0.10446720322883131
1329,164,1493,0.10449277962239437
1328,163,1491,0.1045081267795605
1328,167,1495,0.1045244557429002
1316,170,1486,0.10453966976742571
1321,168,1489,0.10458016830690181
1331,168,1499,0.10460673636132121
1341,170,1511,0.10460872070150813
1351,168,1519,0.10458865016560502
1334,168,1502,0.10454877287121672
1326,174,1500,0.1045487223884351
1318,179,1497,0.10456624253801376
1326,179,1505,0.10460058756552097
1318,181,1499,0.10461417812953241
1317,183,1500,0.10464342388003399
1305,182,1487,0.1046731430918235
1311,186,1497,0.10472585867824413
1309,186,1495,0.1047615390928873
1300,186,1486,0.1047993504004474
1305,186,1491,0.10485323275890647
1308,190,1498,0.10489199221701057
1314,189,1503,0.10492052604626462
1321,189,1510,0.10493346444085215
1318,187,1505,0.10493007017199933
1325,187,1512,0.10493388937043434
1319,190,1509,0.10492209104070671
1314,192,1506,0.10492485045835984
1297,193,1490,0.1049382123490697
1309,191,1500,0.10498796460239322
1311,195,1506,0.10500807653099745
1310,191,1501,0.1050221827141659
1294,188,1482,0.10503637804059547
1293,189,1482,0.10508453511105438
1301,184,1485,0.10513063346256908
1312,184,1496,0.10515512594722523
1308,188,1496,0.10515239140689331
1295,186,1481,0.10515889919998277
1298,186,1484,0.10519315469009748
1305,188,1493,0.10521819323679214
1311,190,1501,0.10522638096039955
1308,191,1499,0.10522068525539893
1296,187,1483,0.10522257277461701
1289,190,1479,0.1052507963542016
1297,191,1488,0.10529163120966921
1298,187,1485,0.10531223384024173
1302,196,1498,0.10532952759732925
1309,197,1506,0.10533647054380137
1314,201,1515,0.10532712541852461
1314,196,1510,0.10530788633867542
1310,198,1508,0.10529026628403326
1289,198,1487,0.10528285120650203
1279,202,1481,0.10532311104451057
1287,203,1490,0.10538256877627748
1290,204,1494,0.10541983880547673
1281,205,1486,0.10544810022033993
1296,203,1499,0.10549370311791594
1298,204,1502,0.10550214944774992
1301,202,1503,0.10550541087640646
1298,207,1505,0.10550135006872927
1288,199,1487,0.10550406200453452
1282,201,1483,0.10552852698683089
1280,203,1483,0.10556400368929349
1292,206,1498,0.10560040868413029
1293,211,1504,0.10560761552997885
1287,211,1498,0.10561183903416599
1280,211,1491,0.10563011305198813
1281,212,1493,0.10566230857555549
1292,210,1502,0.10569053219785272
1287,209,1496,0.10569301525132659
1287,209,1496,0.10570614218268914
1282,211,1493,0.10571936279474528
1277,214,1491,0.10574213216426406
1273,215,1488,0.10577396497766177
1282,208,1490,0.10581214483598984
1278,213,1491,0.10582663397454219
1273,211,1484,0.10584893319657264
1264,219,1483,0.10588080337902653
1249,222,1471,0.10593020302739262
1261,221,1482,0.1060077715691942
1262,216,1478,0.10605227891108364
1275,217,1492,0.10609055576032464
1274,219,1493,0.10609705383006192
1286,225,1511,0.10610570092031335
1280,220,1500,0.1060874531934076
1277,224,1501,0.10608488817928788
1284,226,1510,0.10608991082157918
1282,216,1498,0.10607779263510216
1283,222,1505,0.10607111155754953
1285,225,1510,0.1060630383720149
1287,226,1513,0.10605124728089534
1273,226,1499,0.10603699261509954
1274,226,1500,0.10605480117984278
1268,227,1495,0.10606939291241893
1272,230,1502,0.10609608807354594
1264,230,1494,0.10611211898243318
1256,228,1484,0.10614452452402176
1267,229,1496,0.10619227087228833
1267,233,1500,0.10621120626958737
1257,235,1492,0.10622922556210473
1256,241,1497,0.10626739416170788
1253,238,1491,0.10630337343150974
1257,241,1498,0.10634324162016469
1255,237,1492,0.10637201129447352
1261,245,1506,0.10640332923944727
1261,243,1504,0.10641813223298428
1249,245,1494,0.10643167910289673
1248,244,1492,0.10646949608799479
1250,241,1491,0.10650491634722695
1247,240,1487,0.10653328726884265
1242,241,1483,0.10656596870217147
1239,242,1481,0.10660747103364322
1250,241,1491,0.10665294146334567
1258,240,1498,0.10666998682329396
1255,240,1495,0.10666865112858932
1256,248,1504,0.10667347492010258
1250,244,1494,0.10667562985802465
1247,245,1492,0.10669154591590242
1249,251,1500,0.10671315374713133
1240,250,1490,0.10672844084127948
1242,251,1493,0.10676221975190821
1261,256,1517,0.10678950055051782
1262,258,1520,0.10677278185304594
1259,254,1513,0.106756361928886
1253,253,1506,0.10674822201613016
1230,253,1483,0.10675429974903075
1226,259,1485,0.10681111318017168
1234,259,1493,0.10687208207122216
1226,262,1488,0.10691101757365404
1222,266,1488,0.10696467069835962
1229,268,1497,0.10702334820877848
1224,265,1489,0.10706209059199054
1225,270,1495,0.10710812308853242
1234,268,1502,0.10714824374373588
1220,268,1488,0.10716489873669013
1222,269,1491,0.10721187394286512
1224,268,1492,0.1072503079950494
1232,271,1503,0.10728157396638258
1222,274,1496,0.10729220134564986
1224,277,1501,0.10732441779221881
1223,284,1507,0.10734999463607055
1207,280,1487,0.10737609082144939
1209,280,1489,0.10743565725496486
1215,279,1494,0.10748731860478912
1218,278,1496,0.10752061356393745
1231,280,1511,0.10754462522796823
1225,279,1504,0.10753682759019245
1210,281,1491,0.10754487096133389
1202,291,1493,0.10758522554770178
1218,286,1504,0.10764077600690426
1214,289,1503,0.10765560733170931
1210,297,1507,0.10767765045991305
1211,290,1501,0.10770711498683148
1214,296,1510,0.10773175146053102
1212,295,1507,0.10774797637690167
1213,293,1506,0.10776787398935546
1208,294,1502,0.10778455977630648
1204,288,1492,0.10781131167687523
1201,285,1486,0.1078450513068639
1206,289,1495,0.10788209554898077
1210,289,1499,0.10790419651118942
1208,295,1503,0.10791509111975976
1204,294,1498,0.10792952731776204
1205,288,1493,0.10795257333519423
1202,292,1494,0.10797190526802292
1205,294,1499,0.1079958904595216
1198,291,1489,0.10801156439990837
1210,298,1508,0.10804296161163887
1214,299,1513,0.10804495736048182
1209,294,1503,0.10803714526070801
1217,293,1510,0.10804100581989509
1209,297,1506,0.10802636409125553
1199,298,1497,0.10803211099985063
1203,300,1503,0.108059538435548
1199,303,1502,0.10807500878958727
1195,297,1492,0.1080986212863636
1202,302,1504,0.1081295775252498
1195,299,1494,0.1081419277615745
1203,299,1502,0.10816838773067997
1193,298,1491,0.10817453368478784
1191,296,1487,0.1082024844266717
1185,294,1479,0.10823333542234118
1163,304,1467,0.10827582165093914
1166,310,1476,0.10836487861733712
1161,306,1467,0.10843946403825366
1163,308,1471,0.10851932259810709
1166,308,1474,0.10858776010433355
1173,313,1486,0.10864401589532278
1163,317,1480,0.10867932191463318
1173,318,1491,0.10873498143051342
1170,321,1491,0.10876482974987349
1173,319,1492,0.1087994086130739
1163,316,1479,0.1088242924132416
1177,315,1492,0.10886919005621631
1183,318,1501,0.10887843024123425
1198,313,1511,0.10887302176864329
1196,313,1509,0.10883435304163236
1186,309,1495,0.10880387790761482
1186,307,1493,0.1087982067505243
1175,318,1493,0.10879354624531563
1175,318,1493,0.10881469434965724
1171,319,1490,0.10883450592979468
1180,323,1503,0.10886214780988912
1184,316,1500,0.10886613503688476
1177,319,1496,0.10886073470271594
1172,322,1494,0.10887171550063154
1164,322,1486,0.1088940104550802
1168,325,1493,0.10893144417283067
1170,322,1492,0.10895643806478067
1174,330,1504,0.10897449052357128
1161,324,1485,0.10898161930505083
1171,323,1494,0.1090176945524739
1187,321,1508,0.10902885022743597
1186,321,1507,0.10900217873854266
1180,321,1501,0.1089812064777979
1169,321,1490,0.10897399399504325
1164,319,1483,0.10899184335968788
1175,318,1493,0.10902083013018099
1186,317,1503,0.10902260344886415
1183,323,1506,0.10900073492946655
1178,324,1502,0.10898686518952447
1189,321,1510,0.10898688370616202
1178,315,1493,0.10896038097464093
1158,321,1479,0.1089597374375499
1171,320,1491,0.10900425221056953
1163,323,1486,0.10901466220130027
1179,319,1498,0.10904284856958807
1180,324,1504,0.10903066095013113
1174,325,1499,0.10901735687954206
1172,325,1497,0.10901945392733596
1167,324,1491,0.10902583081151838
1166,321,1487,0.10904279809139882
1166,329,1495,0.10906170274792754
1164,334,1498,0.10907962626485138
1164,333,1497,0.109100779402281
1167,331,1498,0.10911994361828098
1170,336,1506,0.10913113278011216
1170,334,1504,0.10913438417889541
1162,335,1497,0.10913813719990902
1167,338,1505,0.10916019415561033
1168,339,1507,0.10916798614407824
1172,336,1508,0.10917377483928346
1158,339,1497,0.1091710468793423
1157,346,1503,0.10920059368353831
1151,343,1494,0.10923074654977089
1149,342,1491,0.10927169521335564
1144,345,1489,0.10931413500930003
1147,344,1491,0.10936494960810951
1145,341,1486,0.10940542587784984
1150,347,1497,0.10944677428112054
1149,346,1495,0.10947399583781461
1149,344,1493,0.10950053613762777
1150,347,1497,0.10952546157360608
1141,345,1486,0.10954619171692855
1140,348,1488,0.10958461844761022
1151,344,1495,0.10962248398165166
1150,345,1495,0.10963290309135836
1149,348,1497,0.10964472462575933
1150,347,1497,0.10965792186172503
1155,354,1509,0.10966782173654473
1153,362,1515,0.10966624108255281
1146,359,1505,0.10966891809576787
1144,359,1503,0.10968771310412798
1134,354,1488,0.10970845929695107
1146,352,1498,0.10975153493281113
1140,354,1494,0.10976394062333267
1151,356,1507,0.10978857837960657
1149,359,1508,0.10978740162388695
1154,367,1521,0.10979072351985618
1140,359,1499,0.1097830279133532
1125,357,1482,0.10980741465639703
1132,358,1490,0.10986499902936547
1134,358,1492,0.1099021807203935
1135,358,1493,0.10993180789803113
1129,355,1484,0.10995698627414806
1128,365,1493,0.10999420688817443
1125,366,1491,0.11003237753865636
1124,371,1495,0.11007532951576794
1133,363,1496,0.11011481282053716
1131,376,1507,0.11013154237392955
1126,378,1504,0.11015232659994581
1117,377,1494,0.1101830177912101
1114,379,1493,0.11023194376541533
1129,385,1514,0.11028364324397417
1125,386,1511,0.11029660105333726
1115,380,1495,0.11031841267971053
1129,383,1512,0.11036193654580377
1127,385,1512,0.1103696560220391
1119,393,1512,0.11038181087142018
1130,395,1525,0.11041135057212557
1127,396,1523,0.11041313207039762
1126,394,1520,0.11042310970522429
1115,386,1501,0.11043493856560957
1113,388,1501,0.11047103661187313
1111,387,1498,0.11050934585155148
1127,388,1515,0.11054762796248109
1118,390,1508,0.11054622553417409
1111,386,1497,0.11056584401396044
1112,383,1495,0.11060107809685786
1088,382,1470,0.11063122191812409
1102,387,1489,0.11071358113034804
1104,387,1491,0.11075694018159692
1113,391,1504,0.11079261547928894
1118,388,1506,0.11080464122384193
1110,385,1495,0.11080404464357323
1097,394,1491,0.11082171652169237
1092,398,1490,0.11086726291979093
1090,395,1485,0.11092126180601465
1084,400,1484,0.11097590667585182
1093,407,1500,0.11104064322031909
1087,409,1496,0.1110798319597479
1083,408,1491,0.11113012065187966
1083,410,1493,0.11118570157068536
1088,416,1504,0.11123850797882152
1091,411,1502,0.11127663326365472
1090,414,1504,0.11130555635790863
1090,415,1505,0.11133335714260813
1083,411,1494,0.11136037847595798
1082,419,1501,0.11140082253097537
1072,417,1489,0.11144070287770905
1088,422,1510,0.11150018212947231
1093,424,1517,0.11151768625968178
1088,425,1513,0.11152289036768298
1094,424,1518,0.11153990489855187
1087,419,1506,0.11154179632212774
1089,413,1502,0.11156047685828174
1093,408,1501,0.11157337532596433
1081,416,1497,0.11157685193569877
1082,423,1505,0.11160757454834914
1073,416,1489,0.11163515217431572
1073,416,1489,0.11168154257546867
1081,424,1505,0.1117242143004762
1080,422,1502,0.11174400807882429
1081,416,1497,0.11176421648343539
1088,413,1501,0.11178054116905
1085,421,1506,0.11177941016486455
1075,423,1498,0.11178475073816316
1082,424,1506,0.1118131818939811
1090,421,1511,0.11182147771694088
1085,420,1505,0.11181159148115177
1088,415,1503,0.1118142086689675
1091,423,1514,0.11180943959382404
1095,421,1516,0.1117977260516734
1092,423,1515,0.11177934075021007
1091,421,1512,0.11176993560788344
1088,423,1511,0.11176304599832897
1076,427,1503,0.11176368104465674
1078,421,1499,0.111792934448364
1073,421,1494,0.11181438702100205
1070,421,1491,0.11184502166014518
1065,419,1484,0.11187944458871278
1072,426,1498,0.11192234203409895
1063,428,1491,0.11194531239659178
1056,431,1487,0.11198704758965806
1072,427,1499,0.11204223736123024
1072,429,1501,0.1120556908091684
1061,436,1497,0.11206805280117896
1061,444,1505,0.11210598250524609
1063,443,1506,0.11214094257740018
1065,447,1512,0.11216955373863773
1069,445,1514,0.1121913455812604
1068,444,1512,0.11220232096951943
1059,440,1499,0.11221487429719318
1058,439,1497,0.11224743923165725
1061,442,1503,0.11227910264276925
1061,449,1510,0.11230069036344449
1053,446,1499,0.11231962006534044
1052,445,1497,0.11235600970046626
1057,443,1500,0.11239071711803961
1062,443,1505,0.1124116601484032
1062,446,1508,0.11241932367688079
1060,444,1504,0.11242573759539841
1056,443,1499,0.1124354572633803
1047,448,1495,0.11245465457636002
1041,455,1496,0.11249321502456802
1033,448,1481,0.1125422920380352
1030,446,1476,0.11260663624222367
1028,447,1475,0.11267381808416733
1030,454,1484,0.11274053748166352
1036,465,1501,0.1127977208484218
1044,459,1503,0.11283598393837693
1034,461,1495,0.11285258449356088
1032,470,1502,0.11289126426439194
1036,476,1512,0.1129323627761264
1023,474,1497,0.11296092534666691
1029,473,1502,0.11301744893120162
1032,467,1499,0.1130554930417935
1036,472,1508,0.11308407170400617
1035,469,1504,0.11310142830735741
1027,474,1501,0.11312125771497601
1029,475,1504,0.11315791491474968
1030,477,1507,0.1131880021645157
1039,479,1518,0.11321278694599897
1032,470,1502,0.1132147174498247
1034,472,1506,0.11323314464820598
1027,471,1498,0.11324524079307496
1035,475,1510,0.11327165285377505
1035,472,1507,0.11327774779783503
1025,475,1500,0.11328340412136587
1035,479,1514,0.1133127334755784
1041,476,1517,0.11331678872178737
1029,471,1500,0.11330647094861117
1032,471,1503,0.11332496875362758
1033,478,1511,0.11333412223387695
1036,480,1516,0.11334028996077826
1040,480,1520,0.1133393390154428
1032,487,1519,0.1133312061098173
1025,489,1514,0.1133425369799219
1018,495,1513,0.11337152367394669
1002,493,1495,0.11341600063748125
997,491,1488,0.11349428101861317
1010,495,1505,0.11357864107101236
1009,493,1502,0.11362612878810509
998,502,1500,0.11367246762604424
994,498,1492,0.11374197359498918
982,508,1490,0.11381566800949872
986,508,1494,0.11391249050219994
982,509,1491,0.11399404344142675
979,512,1491,0.11407792609679561
969,516,1485,0.11416225205321416
974,524,1498,0.11426318614642582
970,518,1488,0.11434517610579671
965,521,1486,0.11443020044209373
958,525,1483,0.1145200142520045
967,520,1487,0.11461885076794016
964,527,1491,0.11468842145744176
968,521,1489,0.1147604903372106
958,529,1487,0.11481845529094667
967,536,1503,0.11489539371773844
964,533,1497,0.11494535715428729
967,529,1496,0.11499966923873521
965,522,1487,0.11504293736976334
976,530,1506,0.11508651726829566
973,539,1512,0.11510213562433969
979,532,1511,0.11512408757866105
975,528,1503,0.11513106266194104
959,522,1481,0.1151462039965449
972,525,1497,0.11519748195349684
968,533,1501,0.11521322092538887
974,530,1504,0.11523790063774793
973,536,1509,0.11524521379463533
974,528,1502,0.11525490248580539
974,525,1499,0.1152610477526403
988,525,1513,0.11526775671118475
991,529,1520,0.11523941216048528
990,529,1519,0.11520714212584535
981,526,1507,0.11518053573667957
988,527,1515,0.11517606053218678
980,527,1507,0.11515620330650637
984,533,1517,0.11515531518916684
978,536,1514,0.11514534115438792
978,532,1510,0.1151506913431361
974,528,1502,0.11515536230981273
973,533,1506,0.11517088686199024
962,539,1501,0.11518779210018767
951,534,1485,0.11522735442760677
958,535,1493,0.11529015710256228
960,535,1495,0.11533326123411093
961,534,1495,0.11536752342220619
963,540,1503,0.11539581049615925
960,538,1498,0.11541624911714336
963,543,1506,0.11544171174296367
967,540,1507,0.11545690585515271
968,543,1511,0.11546291241541282
968,544,1512,0.11546740380110791
958,545,1503,0.11547106403791511
945,549,1494,0.1154993680268715
947,552,1499,0.11555510384208297
941,554,1495,0.11560283595451498
943,555,1498,0.11566102741620593
943,553,1496,0.11571073551766681
942,555,1497,0.11575688030167525
932,557,1489,0.11580213590642348
936,564,1500,0.11586847318316916
933,557,1490,0.11592180741402414
931,565,1496,0.11597899909867987
929,575,1504,0.11603754328359446
941,581,1522,0.11609587509186614
938,575,1513,0.11612177625486289
939,570,1509,0.11615204917651699
941,574,1515,0.11617823257829958
929,569,1498,0.11619790638539161
930,577,1507,0.11624590670586851
930,585,1515,0.11629013289788005
929,582,1511,0.11632972413974633
926,590,1516,0.11636876409595213
925,590,1515,0.11641186157887812
923,580,1503,0.11645577336696608
915,576,1491,0.11650036844813881
920,582,1502,0.11656081877490386
918,584,1502,0.11660614398565133
925,582,1507,0.1166518001434906
912,579,1491,0.11667776515999911
916,577,1493,0.11673150995254325
915,576,1491,0.11677128698281278
912,566,1478,0.11681198645332891
916,568,1484,0.11685452100853873
904,584,1488,0.1168843168185742
911,579,1490,0.1169385806449565
914,579,1493,0.11697403790048795
917,573,1490,0.11700009398730593
910,576,1486,0.11701508511098757
918,570,1488,0.11704674177708937
922,581,1503,0.1170556997596293
910,584,1494,0.11705519025538903
913,581,1494,0.1170829870782379
904,578,1482,0.11710254198315546
905,576,1481,0.11714280339263558
905,572,1477,0.11717871915401247
913,585,1498,0.11721298330126396
911,592,1503,0.11722762659226038
914,589,1503,0.11724523026703998
914,590,1504,0.11725261298622745
911,592,1503,0.11726091135272941
903,599,1502,0.11727650004191296
902,604,1506,0.11731062331145989
907,611,1518,0.1173444984629526
909,604,1513,0.1173661185984157
915,607,1522,0.11738184569299864
916,608,1524,0.11738211178874378
906,609,1515,0.11738218889598998
904,608,1512,0.11740486384715457
898,603,1501,0.11743000275133668
892,606,1498,0.11746684875271797
902,606,1508,0.11751311893261537
887,610,1497,0.11753277850295613
898,605,1503,0.11758394333844695
893,607,1500,0.11760713371318293
893,603,1496,0.11763959061839373
894,610,1504,0.11766835587766611
901,610,1511,0.11769478750063779
896,605,1501,0.11770249919375565
891,613,1504,0.11772220439771938
891,615,1506,0.11775219319760037
886,619,1505,0.1177817422746375
884,613,1497,0.11782061848090343
881,623,1504,0.11786040339491365
881,622,1503,0.11790575288570392
881,618,1499,0.11794743071719696
894,626,1520,0.11798430775245775
881,621,1502,0.11798942663807976
882,621,1503,0.11802490480537765
887,624,1511,0.11805681407847174
890,628,1518,0.11807494664574054
892,621,1513,0.1180830407997764
887,627,1514,0.11808492056520435
893,630,1523,0.11810137378113403
887,634,1521,0.11810189709268976
880,636,1516,0.11811499951375273
872,633,1505,0.11814328141510838
870,630,1500,0.118190496845104
862,628,1490,0.1182390105985063
874,619,1493,0.11830360978449711
873,631,1504,0.1183364065374774
865,634,1499,0.11837010042296534
859,636,1495,0.11842005125767041
853,639,1492,0.11848220353073496
852,645,1497,0.11855484158783952
848,651,1499,0.11862583295427447
838,650,1488,0.11870219246451363
835,664,1499,0.11879917349100019
836,659,1495,0.11889745435222018
839,658,1497,0.11898627722596622
851,657,1508,0.11906200756310183
852,661,1513,0.11910368352906194
843,666,1509,0.11913942247607355
842,665,1507,0.11919476498400844
843,659,1502,0.11924871403856298
843,662,1505,0.11929759809330352
834,658,1492,0.11934292174924402
825,667,1492,0.11940625974533962
834,666,1500,0.11948365646141255
835,666,1501,0.11953444655389543
828,672,1500,0.11958080313884839
828,674,1502,0.11963987873926188
824,679,1503,0.11969418987204801
834,681,1515,0.11975327249226425
837,676,1513,0.11978335540672064
833,673,1506,0.11980505911314683
827,675,1502,0.11983610535641034
830,680,1510,0.11987965906309302
817,683,1500,0.11991412716818833
823,681,1504,0.11997736510794801
823,688,1511,0.12002070470188009
825,687,1512,0.12006343960971037
809,681,1490,0.12009960656300823
809,676,1485,0.12017166749086312
808,682,1490,0.12023758291390696
816,685,1501,0.12030046179221142
815,697,1512,0.12034136801463519
818,697,1515,0.12038240477097116
819,691,1510,0.12041496343097766
816,693,1509,0.12044131116048684
812,693,1505,0.12047266318630168
818,693,1511,0.1205115607282043
826,702,1528,0.12053266056833381
809,695,1504,0.12053245708790797
812,698,1510,0.12057342686368946
814,693,1507,0.1206030765259274
807,702,1509,0.12062595868851282
812,701,1513,0.12066449560905586
809,705,1514,0.1206904263938615
817,703,1520,0.12072146109783546
816,701,1517,0.12072928380577594
812,701,1513,0.12073794774735581
804,706,1510,0.12075660743388873
807,706,1513,0.12079289926792423
801,718,1519,0.12081961417481159
801,721,1522,0.12086107043755874
809,707,1516,0.12089980542272503
813,710,1523,0.12091679826579906
807,718,1525,0.12092426347002277
799,717,1516,0.12094626327323041
804,715,1519,0.1209864245405456
799,730,1529,0.12101312095509385
789,730,1519,0.12105048669090354
783,736,1519,0.1211102018704353
777,732,1509,0.12118018084572245
773,734,1507,0.12126115602230399
771,736,1507,0.12134651666577125
778,743,1521,0.12142960847226522
781,736,1517,0.12148948693608451
782,731,1513,0.121539644344342
774,741,1515,0.12158306443280566
772,735,1507,0.12164189358842789
770,743,1513,0.12170103933078877
759,742,1501,0.12176087235736958
755,751,1506,0.12184156947709696
755,749,1504,0.12192812054695622
756,747,1503,0.12200869465491783
756,756,1512,0.12208151108409541
770,752,1522,0.12214988060581494
768,759,1527,0.12217778093505821
766,763,1529,0.12220929213002824
762,762,1524,0.12224297674954539
759,752,1511,0.12228482311403469
745,756,1501,0.12233262313290506
751,755,1506,0.12241053356495975
747,754,1501,0.12246833005114036
743,754,1497,0.12253354889484877
745,751,1496,0.12260300139482258
745,752,1497,0.12266273240359521
751,757,1508,0.12271774516890478
759,762,1521,0.12275584952171205
754,761,1515,0.12277120712294988
747,758,1505,0.1227980855351749
737,757,1494,0.12283952126091041
741,759,1500,0.12290208110482365
746,757,1503,0.12294875658680338
747,770,1517,0.12297964055527277
756,762,1518,0.12300574803529388
754,767,1521,0.12300819462543776
753,762,1515,0.12301601429988462
737,771,1508,0.12302587819404628
746,778,1524,0.12307496370707831
747,772,1519,0.12309753699808017
746,761,1507,0.1231191985259488
746,761,1507,0.12314106191952265
742,754,1496,0.12316059790483727
738,760,1498,0.12318978160191098
744,759,1503,0.12322596219248251
745,760,1505,0.12324531803333251
738,766,1504,0.12326087845770058
738,775,1513,0.12329323150672
735,772,1507,0.12332090494202763
737,771,1508,0.12335382031950377
733,770,1503,0.1233797074108752
733,772,1505,0.12341057667342703
742,775,1517,0.12343799660955898
739,782,1521,0.12344084098026567
737,766,1503,0.1234519496221436
736,771,1507,0.12346525964079927
734,771,1505,0.12348033374631473
729,773,1502,0.12350024734213416
726,773,1499,0.12353186404542064
727,766,1493,0.12357129344320654
726,772,1498,0.12360557136357624
717,767,1484,0.12363920314850323
728,766,1494,0.12369312570413214
729,769,1498,0.12371676660504692
720,777,1497,0.12373541124142347
730,775,1505,0.12377564600265419
730,771,1501,0.12378866163755448
729,768,1497,0.12380000512348761
736,776,1512,0.1238142318594009
736,782,1518,0.12380916882846166
744,778,1522,0.12380408172310521
730,782,1512,0.12377942100097272
739,788,1527,0.1237930860106264
730,786,1516,0.12378418091113601
729,780,1509,0.1237985835437194
728,779,1507,0.12381402951772437
730,782,1512,0.12383180468233165
728,780,1508,0.12384425686090904
725,779,1504,0.12386082074443344
725,784,1509,0.12388293193120535
724,796,1520,0.1239027695879186
721,790,1511,0.12392414073209786
727,787,1514,0.12395116650097344
724,789,1513,0.12396330362396007
721,789,1510,0.12398125664856813
717,786,1503,0.12400672946405691
711,786,1497,0.12403895183830169
706,794,1500,0.12408390659889754
708,791,1499,0.12413773837722636
715,792,1507,0.12418283349767327
714,800,1514,0.12420912190007076
714,796,1510,0.1242345965962101
705,794,1499,0.12425794362376333
707,795,1502,0.12430331403794419
700,794,1494,0.1243405511189345
705,793,1498,0.12439252649377452
702,804,1506,0.12442884088908578
697,810,1507,0.12447096217567691
694,808,1502,0.12452261464076843
685,815,1500,0.1245786393552966
683,809,1492,0.12465373069405392
686,819,1505,0.12472789654554294
685,812,1497,0.12478941476896473
686,822,1508,0.12484946112156681
695,820,1515,0.1249019030776029
690,812,1502,0.12492853196348143
684,821,1505,0.12496632751560992
681,819,1500,0.1250178816390325
678,826,1504,0.12507335734319455
683,833,1516,0.12513448992149123
685,831,1516,0.1251792518246887
686,834,1520,0.12521482871492742
686,830,1516,0.12524654642988536
682,830,1512,0.12527612959398277
672,830,1502,0.1253156475089768
665,837,1502,0.12537717893935085
655,850,1505,0.1254511497289133
654,857,1511,0.12554327099871743
659,845,1504,0.12563180359999457
659,849,1508,0.1257024037873901
657,852,1509,0.12576673403329328
658,850,1508,0.12583171384128278
654,852,1506,0.12588960333110563
652,861,1513,0.1259531757297742
659,872,1531,0.12601786746245436
650,860,1510,0.1260603652902045
660,857,1517,0.12612249858039815
651,860,1511,0.1261549469213843
657,857,1514,0.12620876502652772
656,863,1519,0.1262444896315128
654,861,1515,0.12628265692889637
654,866,1520,0.12632338518449968
644,862,1506,0.12636010633109415
650,870,1520,0.12642077270324034
647,869,1516,0.1264614572049809
652,877,1529,0.12650576070348238
639,869,1508,0.1265352988244385
628,872,1500,0.12659746028588742
637,874,1511,0.12668253226481174
641,873,1514,0.12673867648624332
640,880,1520,0.12678055241164343
632,878,1510,0.1268220115498422
630,883,1513,0.12687893302903
628,883,1511,0.1269378536806256
628,876,1504,0.12699621532786862
624,881,1505,0.12705124101753537
624,882,1506,0.1271137660318217
628,877,1505,0.12717190410961002
619,872,1491,0.1272147152265681
623,856,1479,0.1272782641479832
629,868,1497,0.12732892057698542
629,876,1505,0.12735956597977066
617,883,1500,0.12738932679497386
623,876,1499,0.12744712245777007
626,887,1513,0.12748363610187075
623,891,1514,0.12750867703160654
627,886,1513,0.12754042942657098
622,880,1502,0.12755969261761702
616,876,1492,0.1275904595021893
612,875,1487,0.1276350805660665
615,870,1485,0.12768731907805494
624,885,1509,0.12772625125636672
624,877,1501,0.12773872238728368
630,883,1513,0.12774917122773896
617,869,1486,0.12774301877514904
627,883,1510,0.1277697208761503
616,883,1499,0.12777122198456947
620,878,1498,0.12780017174084177
624,884,1508,0.12781383208898459
624,885,1509,0.12781777562874874
627,895,1522,0.12782068844633768
624,900,1524,0.1278165264130614
625,903,1528,0.12781935931678837
609,894,1503,0.1278215371682687
615,904,1519,0.12786404092129883
611,907,1518,0.1278897853653378
607,908,1515,0.12792313359924357
615,898,1513,0.1279647312499159
617,900,1517,0.12798063433736356
607,895,1502,0.12799254322089132
611,892,1503,0.12802693749805258
616,892,1508,0.12804795413852754
619,886,1505,0.12805308096053847
617,894,1511,0.12805076202802515
615,901,1516,0.128056128031793
610,896,1506,0.12806645720030466
614,896,1510,0.12808833729708335
611,892,1503,0.1280969411008235
607,896,1503,0.1281148738065493
617,902,1519,0.1281432613854544
595,908,1503,0.12814398398070675
589,916,1505,0.12819985310880677
595,908,1503,0.12826630419937246
589,905,1494,0.1283139845590111
600,905,1505,0.12837237285537703
598,899,1497,0.12840136515915718
599,906,1505,0.12843371278818783
604,909,1513,0.12846149138783866
604,913,1517,0.12847548315520163
587,909,1496,0.12848897642776447
590,920,1510,0.12854418265327303
601,925,1526,0.12858896132531528
599,923,1522,0.12860311409990297
594,922,1516,0.12862183749888945
597,929,1526,0.12865201670962256
599,919,1518,0.12867242284288052
592,911,1503,0.1286882355438198
594,918,1512,0.12872108485028666
586,920,1506,0.12874724293442624
585,927,1512,0.12879140455331028
586,924,1510,0.1288359323707654
577,920,1497,0.12887409445187945
580,912,1492,0.12893188316715634
580,918,1498,0.12897832290483754
580,924,1504,0.12902132680477194
579,927,1506,0.129059949622491
568,938,1506,0.12909842971453991
571,934,1505,0.12916259977819325
572,930,1502,0.1292130768710215
578,928,1506,0.12926009320031676
572,935,1507,0.12928949980007812
574,934,1508,0.1293332705083304
564,927,1491,0.1293694844279502
562,925,1487,0.12942844340000192
571,937,1508,0.1294885560818448
573,938,1511,0.12952281492014633
568,949,1517,0.12955143497562274
566,948,1514,0.12959032197041537
571,932,1503,0.12963177177680485
563,922,1485,0.1296572232935085
570,922,1492,0.12969996275516782
558,917,1475,0.12972210993783406
559,927,1486,0.12977470644958836
565,928,1493,0.12981976565866293
569,932,1501,0.12984584378495903
576,942,1518,0.12986005610594872
576,942,1518,0.12985540726856112
569,939,1508,0.12985026769732883
571,933,1504,0.12986401072141307
563,923,1486,0.129873012920209
571,930,1501,0.12990099596264795
576,926,1502,0.12990704201226685
584,930,1514,0.12990044024215394
581,944,1525,0.12987485862265255
576,938,1514,0.12986056997722029
579,951,1530,0.12985951197767148
573,947,1520,0.12985081572429327
578,944,1522,0.12985717075888087
579,934,1513,0.12985083697458139
579,942,1521,0.1298430065299545
582,941,1523,0.12983590880620466
579,939,1518,0.1298206733463391
576,933,1509,0.1298128391962242
578,933,1511,0.1298149652494862
569,931,1500,0.129812984291401
570,932,1502,0.12983345859003845
569,940,1509,0.1298490380255516
571,940,1511,0.12986640014204567
572,934,1506,0.12987813214751098
572,930,1502,0.12988590867233518
569,941,1510,0.1298923857899858
570,941,1511,0.12990743868318935
564,935,1499,0.1299189711175708
565,937,1502,0.129943993634205
555,951,1506,0.1299649041011687
552,956,1508,0.13000982824569116
557,956,1513,0.13005922191698085
562,944,1506,0.130091759195197
566,956,1522,0.13011048136422468
554,953,1507,0.13011969830554862
557,957,1514,0.13015819628306524
561,960,1521,0.13018710194659877
554,963,1517,0.13020437066453946
552,958,1510,0.1302365994006423
548,961,1509,0.13027014686744112
553,954,1507,0.13031222489900526
553,946,1499,0.13033782738680513
552,948,1500,0.13036200356051147
550,951,1501,0.1303873994303055
548,941,1489,0.13041660327400584
549,935,1484,0.13044874986272295
549,949,1498,0.1304737819895048
547,957,1504,0.1304969231376692
552,962,1514,0.130524882070141
552,965,1517,0.13053705250532982
546,964,1510,0.13054885784944012
544,955,1499,0.13057585654863757
542,956,1498,0.13060585341854022
545,971,1516,0.13063747687334326
543,972,1515,0.1306600548871904
551,964,1515,0.13068603815139826
538,975,1513,0.13068982258139672
543,969,1512,0.1307273967952025
542,972,1514,0.13074981597051624
538,977,1515,0.13076980197329507
538,978,1516,0.1307990703756761
537,975,1512,0.13082786544761954
531,975,1506,0.13085733098035368
538,966,1504,0.13090173170662328
540,985,1525,0.1309258952774173
538,986,1524,0.13094408942345992
532,989,1521,0.1309652906050476
529,993,1522,0.1310020716714671
524,996,1520,0.13104493365757114
523,993,1516,0.13109537707882993
517,991,1508,0.13114546812532785
527,994,1521,0.13120667294003957
518,1003,1521,0.1312375550216236
509,1004,1513,0.13128883112690665
510,998,1508,0.1313592355105335
504,1002,1506,0.13142237527424183
496,1004,1500,0.13149751998453404
500,1000,1500,0.1315866214609459
500,1003,1503,0.13166005113999618
504,1011,1515,0.13172814145426903
500,1022,1522,0.13178193844813454
505,1017,1522,0.131841884096411
502,1002,1504,0.13188501221362775
495,1012,1507,0.1319329066249913
498,1015,1513,0.13199574839684186
497,1016,1513,0.13204851885277885
501,1004,1505,0.13210026484729662
490,1016,1506,0.1321374886356579
485,1025,1510,0.13220158464688214
484,1026,1510,0.13227566643931357
483,1013,1496,0.132347397880354
475,1023,1498,0.13241594959163158
471,1033,1504,0.13250027669562298
477,1037,1514,0.13258957194176296
483,1047,1530,0.13265679690060023
478,1039,1517,0.13270262146883655
476,1047,1523,0.13275896757971864
473,1045,1518,0.13281758829441354
467,1037,1504,0.13287912453592945
475,1036,1511,0.13294994928197426
479,1036,1515,0.13299662375292676
468,1030,1498,0.13303116428071043
474,1030,1504,0.1330898872017864
467,1030,1497,0.13313041556043326
466,1044,1510,0.13318543834252114
461,1042,1503,0.13323831703347405
466,1036,1502,0.13329961740765706
471,1038,1509,0.13334239442790977
474,1038,1512,0.1333691663548106
474,1039,1513,0.1333857249983061
476,1040,1516,0.13340209658573354
475,1035,1510,0.13341099709143545
479,1037,1516,0.1334228643668611
478,1038,1516,0.13342435750568066
480,1045,1525,0.13342681348970012
476,1037,1513,0.13342367687204154
475,1045,1520,0.13343257909612924
475,1033,1508,0.13344248771395573
475,1035,1510,0.13345244110265952
472,1031,1503,0.13346234415233885
473,1042,1515,0.13347951914103406
468,1048,1516,0.13349191445204403
470,1033,1503,0.13351613159049902
471,1043,1514,0.13353382502029285
474,1040,1514,0.1335468263571836
471,1034,1505,0.13355109546424593
470,1038,1508,0.13356299304483646
472,1035,1507,0.13357498542052468
474,1040,1514,0.13358171835221963
473,1026,1499,0.13358429539290528
477,1040,1517,0.13358745729323665
467,1041,1508,0.133578827340471
466,1046,1512,0.13359737888798004
459,1051,1510,0.133617413088642
472,1045,1517,0.13365375042074557
471,1055,1526,0.13365502490078834
469,1054,1523,0.13365786050994197
463,1056,1519,0.1336663167820034
461,1042,1503,0.13369121088961244
459,1054,1513,0.1337193712383461
461,1053,1514,0.13374995703299344
455,1057,1512,0.1337743615089578
453,1053,1506,0.13381245849171855
464,1056,1520,0.13385374034150818
463,1069,1532,0.1338636162685555
464,1057,1521,0.13387604070173392
472,1047,1519,0.13388522667052705
465,1047,1512,0.133873113173946
461,1043,1504,0.13387963113455117
464,1053,1517,0.13389606423696856
466,1061,1527,0.13390318280616223
462,1045,1507,0.13390587930852166
458,1052,1510,0.1339176921357793
454,1053,1507,0.13393937989829877
459,1061,1520,0.13396915281191135
459,1058,1517,0.13398375350675565
461,1054,1515,0.1339967932244851
461,1057,1518,0.13400290759126268
469,1057,1526,0.13400835481934276
468,1053,1521,0.13399431297739992
458,1061,1519,0.13398508444412055
456,1051,1507,0.13400175569793638
462,1057,1519,0.13402322068904698
456,1057,1513,0.13402740048113193
457,1059,1516,0.1340463142239712
458,1074,1532,0.13406203366487277
451,1065,1516,0.13407441233878598
450,1077,1527,0.13410471627530332
453,1076,1529,0.13413665982677025
442,1068,1510,0.13415795893117832
442,1072,1514,0.13420595837756097
446,1074,1520,0.13424896900373334
446,1069,1515,0.13427823861794344
450,1067,1517,0.13430552127073653
454,1074,1528,0.13432141792932922
458,1064,1522,0.13432582489669911
460,1053,1513,0.13431962768641165
456,1057,1513,0.13430823071499806
451,1055,1506,0.13430773456860173
444,1058,1502,0.134320008565633
444,1064,1508,0.1343495354816789
448,1062,1510,0.13437829561613168
449,1063,1512,0.13439419869520136
457,1068,1525,0.13440558703674935
448,1058,1506,0.13439677935988165
453,1053,1506,0.13441109645190663
448,1051,1499,0.1344104559806109
446,1053,1499,0.13442371974081513
446,1058,1504,0.13444162991078346
451,1055,1506,0.13445752324852264
451,1054,1505,0.13445994159250665
446,1055,1501,0.13446284043147436
458,1063,1521,0.1344770563869613
457,1054,1511,0.13445729623838903
458,1053,1511,0.1344421542578198
452,1059,1511,0.13442591482494834
451,1061,1512,0.13442663945742822
449,1064,1513,0.13442947148920273
446,1062,1508,0.1344384194753854
443,1071,1514,0.1344541484575874
438,1074,1512,0.13447682994740554
437,1081,1518,0.13451175007553998
435,1068,1503,0.13454780751439338
435,1078,1513,0.13458724118072748
431,1081,1512,0.13462546572264927
432,1079,1511,0.134671228601426
428,1085,1513,0.13471171014561129
429,1071,1500,0.13476060830522807
434,1076,1510,0.13480297786089168
440,1085,1525,0.13482861224831172
439,1073,1512,0.13483781394085967
422,1083,1505,0.1348490784820715
429,1066,1495,0.13490262181843304
430,1076,1506,0.13493515339579454
433,1064,1497,0.13496298399533907
435,1078,1513,0.13498106072528562
436,1075,1511,0.13499349269689107
434,1077,1511,0.1350025990056533
429,1071,1500,0.13501528988581513
424,1071,1495,0.13504145176794424
423,1065,1488,0.13507961344554562
417,1074,1491,0.13511645376449166
424,1083,1507,0.1351655937173591
424,1085,1509,0.13519337013689645
423,1083,1506,0.13522083834521273
423,1090,1513,0.13524744888263274
424,1091,1515,0.13527220548878646
418,1097,1515,0.13529315375919496
426,1090,1516,0.13532862133393114
423,1096,1519,0.13534036563333754
425,1090,1515,0.1353609174267219
430,1082,1512,0.1353745941074331
428,1083,1511,0.13537495594895038
425,1080,1505,0.13538142992339847
428,1090,1518,0.1353964488539463
427,1083,1510,0.13540235037859918
416,1080,1496,0.1354107022317061
415,1087,1502,0.13544700561988388
413,1094,1507,0.13548427588038925
410,1106,1516,0.13552479590727198
409,1113,1522,0.13557048298167795
411,1110,1521,0.1356166675639187
414,1103,1517,0.13565428858507744
411,1103,1514,0.13568082797254818
407,1106,1513,0.13571247428335764
406,1108,1514,0.13575190486902844
399,1105,1504,0.13579213062141593
408,1092,1500,0.13584717557523707
413,1096,1509,0.1358754356068427
409,1100,1509,0.13588874191738035
406,1099,1505,0.13591293073369085
406,1103,1509,0.13594367194607232
410,1102,1512,0.13597293646840775
408,1101,1509,0.13598996160972715
402,1093,1495,0.1360107178763114
402,1117,1519,0.13604672605885504
404,1108,1512,0.13607852443291826
404,1100,1504,0.13610359753504028
402,1111,1513,0.13612741357776278
398,1104,1502,0.136155882527387
398,1121,1519,0.13619122600085698
396,1123,1519,0.13622495572464832
387,1124,1511,0.13626173116120302
383,1120,1503,0.13631916982611403
375,1112,1487,0.1363823875519503
373,1125,1498,0.13646191604825622
373,1128,1501,0.13654196548090344
380,1129,1509,0.13661754272141147
385,1142,1527,0.1366698202732393
374,1143,1517,0.13670663407022154
371,1137,1508,0.13676887427405046
379,1142,1521,0.13683400554220726
381,1130,1511,0.1368747913721656
379,1137,1516,0.1369087700369579
372,1145,1517,0.1369462902902494
370,1147,1517,0.13700002087697608
371,1138,1509,0.13705435371623959
368,1149,1517,0.1371025240769298
369,1148,1517,0.1371564990525897
372,1150,1522,0.13720469340310365
370,1134,1504,0.13724149357887708
374,1133,1507,0.13728119752393808
376,1125,1501,0.13730851645706238
374,1137,1511,0.13733002025011276
368,1136,1504,0.13735659426758542
373,1144,1517,0.13739803111715182
364,1147,1511,0.13742329907732562
364,1162,1526,0.13747067660219237
366,1153,1519,0.13751528333231827
358,1159,1517,0.13755093676577249
358,1153,1511,0.13760511094923056
361,1156,1517,0.13765541474690518
359,1154,1513,0.13769475153954422
356,1161,1517,0.13773658767277439
358,1174,1532,0.13778465027941358
356,1178,1534,0.13782374991657284
361,1179,1540,0.13786544782279425
352,1174,1526,0.1378906037204345
347,1165,1512,0.13793803684803885
345,1174,1519,0.13799635052760567
346,1168,1514,0.13805411567698644
349,1174,1523,0.13810558806937911
348,1166,1514,0.13814633071636073
347,1155,1502,0.13818623947994887
348,1159,1507,0.13822647464184873
342,1160,1502,0.13826151545076898
338,1172,1510,0.13830898704894654
330,1165,1495,0.13836320290061996
330,1169,1499,0.13843562379147178
338,1173,1511,0.13850254639379217
332,1175,1507,0.13854223697599014
336,1175,1511,0.1385946841834764
331,1168,1499,0.13863268971285636
327,1173,1500,0.13868153481308157
329,1171,1500,0.13873859343506192
339,1166,1505,0.13878530999620015
343,1155,1498,0.13880172537581778
334,1154,1488,0.13880536958205195
334,1147,1481,0.13883180556320177
336,1153,1489,0.13885484114722074
342,1167,1509,0.1388707661069817
344,1158,1502,0.13886839536833648
345,1160,1505,0.13886071713471218
349,1153,1502,0.13885112757182136
351,1154,1505,0.13883339640349607
347,1149,1496,0.13881154515336333
351,1167,1518,0.13880142725119982
355,1161,1516,0.1387815849230137
344,1168,1512,0.13875443507185178
347,1171,1518,0.13875890257603912
344,1180,1524,0.13875575649758043
343,1169,1512,0.1387617046798422
334,1171,1505,0.1387697192862998
331,1167,1498,0.1388009330443716
343,1167,1510,0.13883740351407325
344,1176,1520,0.1388392273557534
337,1160,1497,0.1388384664384581
335,1156,1491,0.13885744060183433
340,1162,1502,0.13888018326279666
342,1166,1508,0.13888866114838647
338,1168,1506,0.13889179827511838
339,1170,1509,0.1389054486384878
337,1170,1507,0.13891539414607876
343,1165,1508,0.1389286639089339
333,1167,1500,0.13892548949550743
335,1162,1497,0.13894945847980256
336,1168,1504,0.13896702879606104
337,1162,1499,0.13898160263576798
341,1163,1504,0.1389931681513238
338,1169,1507,0.13899344483816328
340,1183,1523,0.13900215346280592
337,1174,1511,0.13900392436609235
336,1177,1513,0.13901213987912542
341,1163,1504,0.13902304469309937
335,1174,1509,0.13901935418350816
333,1173,1506,0.13903130432765504
338,1172,1510,0.13904729310382014
344,1176,1520,0.13904952462041817
349,1180,1529,0.1390371241375049
340,1183,1523,0.13901231859706306
338,1183,1521,0.13901348743022218
331,1178,1509,0.13902013595526574
323,1162,1485,0.1390451975928338
330,1172,1502,0.13908918033836762
328,1186,1514,0.1391124441523095
329,1178,1507,0.1391397316717893
341,1190,1531,0.1391626720624174
333,1197,1530,0.13915257905427464
334,1191,1525,0.13916656657677134
330,1183,1513,0.13917724054137853
331,1186,1517,0.13919902580618002
329,1183,1512,0.13921701281646823
329,1178,1507,0.13923973825555774
327,1189,1516,0.13926101878168196
325,1193,1518,0.13928519190305788
326,1201,1527,0.1393143288098429
328,1193,1521,0.13934003592612565
324,1200,1524,0.13935840081983009
323,1190,1513,0.1393855949029373
325,1190,1515,0.13941442683512675
322,1191,1513,0.13943554419604784
320,1180,1500,0.13946362595871065
322,1187,1509,0.13949465416657145
324,1183,1507,0.1395178801087548
326,1197,1523,0.13953450485455796
325,1191,1516,0.13954547014931268
324,1190,1514,0.1395583363788938
326,1184,1510,0.13957280136701897
323,1187,1510,0.13958027688209207
325,1182,1507,0.13959511667593674
322,1199,1521,0.13960459872861536
318,1191,1509,0.13962160434441168
320,1190,1510,0.13964830147428675
319,1198,1517,0.13966742198248722
319,1198,1517,0.13968779132115214
317,1198,1515,0.1397059053500806
321,1205,1526,0.1397268411938812
318,1210,1528,0.13973683381829136
313,1211,1524,0.13975342745978192
311,1204,1515,0.1397823519702088
313,1205,1518,0.13981557651052773
307,1209,1516,0.13984052361768062
305,1212,1517,0.1398804958850712
301,1215,1516,0.1399228661194207
295,1208,1503,0.13997352134319374
296,1202,1498,0.1400366014760354
302,1205,1507,0.14009329271558382
309,1212,1521,0.14012996446174783
314,1207,1521,0.14014406080732392
314,1203,1517,0.14014355856999944
320,1196,1516,0.1401434036027301
311,1202,1513,0.14012595477832604
309,1207,1516,0.14013400763738088
314,1200,1514,0.1401457815050441
318,1201,1519,0.14014368363497062
318,1198,1516,0.1401316982535038
316,1209,1525,0.1401197179698079
313,1194,1507,0.14011359876064247
311,1199,1510,0.1401155078127802
309,1204,1513,0.14012210678220335
312,1203,1515,0.1401333886934642
315,1195,1510,0.14013623380321383
314,1198,1512,0.14013124866149546
311,1204,1515,0.14012961721920766
309,1204,1513,0.14013704058087778
305,1199,1504,0.14014957411846973
306,1195,1501,0.14017099962882187
310,1186,1496,0.1401882403396482
310,1189,1499,0.14019374848345628
312,1196,1508,0.1401993744693969
310,1193,1503,0.1401997260283484
310,1201,1511,0.14020638081593492
301,1198,1499,0.14021222385297075
299,1205,1504,0.14024151132728793
296,1209,1505,0.14027354486115381
296,1207,1503,0.14031083482821308
296,1212,1508,0.1403456808501283
299,1219,1518,0.14037806069180284
299,1220,1519,0.1403995093794557
296,1210,1506,0.1404195927682977
300,1206,1506,0.14044660894822716
294,1228,1522,0.14046150116465406
297,1226,1523,0.14049071396240637
297,1217,1514,0.14051109465511052
299,1215,1514,0.14053061508727654
296,1218,1514,0.1405431869564233
295,1224,1519,0.14056353424282758
298,1230,1528,0.14058508331307334
297,1229,1526,0.14059657739449047
294,1230,1524,0.14060987913645723
293,1211,1504,0.14062969467031597
293,1216,1509,0.14065206708989858
286,1220,1506,0.14067266766260095
281,1207,1488,0.14071022620720858
279,1207,1486,0.14075882015389685
281,1224,1505,0.14080994549842998
281,1210,1491,0.1408521874948824
285,1232,1517,0.14089139220853983
282,1242,1524,0.1409170984748657
275,1242,1517,0.14094961473807296
276,1240,1516,0.14099848591019296
272,1245,1517,0.1410422592405486
270,1249,1519,0.14109390085350776
272,1253,1525,0.14114742564437247
271,1244,1515,0.14119211686636665
269,1238,1507,0.14123653225508317
268,1232,1500,0.14128309620267654
270,1239,1509,0.14132927359856634
268,1247,1515,0.1413670333726179
268,1251,1519,0.14140680036314904
266,1244,1510,0.1414443375445694
267,1241,1508,0.1414854820646945
268,1238,1506,0.1415205256122591
266,1249,1515,0.1415507481792604
268,1249,1517,0.14158397992630609
266,1254,1520,0.14160944165385336
265,1255,1520,0.14163929824258725
259,1241,1500,0.14167008417444252
266,1252,1518,0.14171573476619212
271,1253,1524,0.14173915617020685
268,1250,1518,0.1417477898680812
263,1240,1503,0.1417635434560949
262,1241,1503,0.14179246677780852
258,1255,1513,0.14182249030348054
261,1261,1522,0.14186185669475754
257,1258,1515,0.14189047773436383
261,1254,1515,0.14192741105896342
262,1249,1511,0.1419513841066893
254,1253,1507,0.14197132205587693
255,1252,1507,0.14201260653665493
260,1243,1503,0.14204847239959809
260,1251,1511,0.14206772571465404
260,1251,1511,0.14208678597263746
259,1260,1519,0.1421039241651695
252,1265,1517,0.14212356922281763
248,1280,1528,0.14216093831395057
249,1279,1528,0.14220679297175562
247,1289,1536,0.1422467780459446
245,1279,1524,0.14228914835051237
245,1278,1523,0.1423343670302997
243,1279,1522,0.14237665600224564
242,1273,1515,0.14242132823257744
236,1261,1497,0.1424660675791953
238,1263,1501,0.14252410093558612
243,1265,1508,0.14257281789847714
246,1256,1502,0.14260386671788544
245,1262,1507,0.14262483301248305
245,1257,1502,0.14264745001704215
244,1281,1525,0.14266913209149343
247,1281,1528,0.1426919769172766
247,1274,1521,0.14270539540652447
242,1277,1519,0.14271793142980088
243,1277,1520,0.14274428808350428
242,1272,1514,0.14276626274276286
242,1263,1505,0.14278902118998374
237,1274,1511,0.14281034705317694
240,1259,1499,0.1428437705574547
242,1256,1498,0.14286577156366134
238,1270,1508,0.1428805231361058
242,1268,1510,0.1429044661219493
242,1271,1513,0.14291571587519974
240,1275,1515,0.14292574219671125
241,1272,1513,0.14294099380734554
241,1276,1517,0.14295299114142643
237,1282,1519,0.142964262163798
231,1277,1508,0.14298663816146523
230,1271,1501,0.1430240340541782
237,1265,1502,0.14306111093285076
232,1267,1499,0.14307715540113577
229,1275,1504,0.14310537982501315
228,1261,1489,0.14314007352603159
226,1269,1495,0.14317462404937778
228,1276,1504,0.14321301362640343
230,1275,1505,0.14324254663846087
229,1289,1518,0.14326425636911297
230,1294,1524,0.14328790660177743
234,1293,1527,0.1433067334852322
231,1289,1520,0.14331410425801644
229,1290,1519,0.14332927834809683
227,1292,1519,0.14334952234021395
224,1285,1509,0.14337296391432092
223,1281,1504,0.1434026023525319
222,1292,1514,0.14343274260030064
220,1298,1518,0.14346438790223023
217,1299,1516,0.14349852625657233
219,1295,1514,0.14353888295181236
213,1297,1510,0.14357159477956677
221,1299,1520,0.1436180010559202
218,1292,1510,0.14363988010224277
215,1280,1495,0.14366865510999072
213,1289,1502,0.1437034138808502
217,1284,1501,0.14374064659006547
217,1290,1507,0.14376431277499988
220,1296,1516,0.14378653307057493
221,1294,1515,0.14379870437244352
221,1279,1500,0.1438069133305963
223,1290,1513,0.14381528330398793
221,1288,1509,0.1438166136000323
220,1282,1502,0.14382416945424578
220,1277,1497,0.14383455198361758
226,1280,1506,0.14384459533159816
225,1271,1496,0.14383790266341687
221,1289,1510,0.1438344812356982
215,1284,1499,0.14384257318174648
217,1300,1517,0.1438660642988764
213,1291,1504,0.14388325779069183
216,1290,1506,0.14391021063478684
216,1292,1508,0.1439273343176006
215,1289,1504,0.14394346687124812
221,1292,1513,0.14396153060724445
218,1295,1513,0.14396133381347614
219,1277,1496,0.1439699752995268
218,1287,1505,0.14397531362100818
216,1291,1507,0.14398284181832252
219,1295,1514,0.143995473572247
217,1298,1515,0.14399945712822768
214,1291,1505,0.14400849722922696
213,1286,1499,0.144025076563736
205,1291,1496,0.14404340900849946
203,1293,1496,0.1440830005002883
200,1296,1496,0.14412526513418114
206,1286,1492,0.14417386185848088
204,1289,1493,0.14420256344395768
206,1295,1501,0.14423506294719093
213,1297,1510,0.14425963096823088
216,1304,1520,0.14426317206762124
214,1300,1514,0.1442589137103432
215,1302,1517,0.14426106513625722
214,1298,1512,0.14426016466948066
213,1302,1515,0.14426219425737222
212,1289,1501,0.14426609615629876
211,1291,1502,0.14427315086681522
207,1288,1495,0.14428221721646672
204,1310,1514,0.1443015975166891
203,1307,1510,0.14432789803626597
203,1316,1519,0.14435501105430368
198,1313,1511,0.14438055863413335
196,1320,1516,0.1444178675628907
199,1312,1511,0.14445800575053402
200,1313,1513,0.14448719208275443
198,1319,1517,0.14451154006942205
196,1323,1519,0.14454007593713442
194,1323,1517,0.1445724590648055
187,1329,1516,0.1446080031072929
188,1319,1507,0.14466176859198326
192,1307,1499,0.14470926283940996
192,1323,1515,0.14474221156620665
192,1329,1521,0.14477339502379954
192,1342,1534,0.14480260665832512
195,1331,1526,0.14483010992847847
195,1335,1530,0.14484774464410574
194,1332,1526,0.14486508534917994
193,1330,1523,0.14488549474023116
192,1330,1522,0.14490811552136051
193,1327,1520,0.1449323125750544
191,1345,1536,0.14495202904759005
191,1337,1528,0.1449764364332905
189,1337,1526,0.14499964650471486
190,1333,1523,0.14502753741851107
193,1337,1530,0.14505079983861024
186,1327,1513,0.14506302657190792
188,1332,1520,0.14509372312633592
188,1322,1510,0.1451169914688795
190,1320,1510,0.14513878406525874
193,1320,1513,0.14515352746915325
185,1322,1507,0.14515959127932213
187,1328,1515,0.145187085753265
188,1319,1507,0.145206310572365
182,1323,1505,0.14522088202127262
181,1317,1498,0.14525051337212333
185,1310,1495,0.14528134652549002
187,1317,1504,0.1452996509576454
190,1318,1508,0.14531151516783808
189,1330,1519,0.14531438640622674
191,1318,1509,0.14532043371784828
189,1325,1514,0.1453207365533691
191,1329,1520,0.1453266782952581
190,1320,1510,0.1453270454047275
191,1332,1523,0.14532984505218985
188,1334,1522,0.1453293266951988
186,1307,1493,0.14533651000322198
187,1317,1504,0.145347638939028
189,1326,1515,0.1453550735931812
188,1331,1519,0.14535630258110793
190,1332,1522,0.1453596200265759
188,1322,1510,0.14535754264714174
192,1314,1506,0.14536139450615046
192,1319,1511,0.14535359867641054
189,1320,1509,0.14534727093913927
185,1333,1518,0.14535017203292427
184,1325,1509,0.14536431011229967
188,1326,1514,0.1453795895434529
185,1332,1517,0.14538261438222005
181,1339,1520,0.14539357736133532
180,1342,1522,0.14541553706914548
184,1340,1524,0.14543841484817094
181,1341,1522,0.14544898504724174
179,1340,1519,0.14546672715803505
176,1338,1514,0.14548818478588138
183,1320,1503,0.1455164469187121
183,1321,1504,0.1455240972444858
181,1335,1516,0.14553182054457822
181,1346,1527,0.1455449643582156
180,1334,1514,0.14555668707921135
182,1328,1510,0.14557108741080868
185,1327,1512,0.1455793533521287
181,1327,1508,0.14557851169658964
186,1322,1508,0.14558812353136633
183,1331,1514,0.14558350263771724
178,1344,1522,0.14558767640416945
178,1339,1517,0.1456063455309761
181,1335,1516,0.1456241982610241
174,1344,1518,0.14563273239816682
177,1324,1501,0.14565989032801496
178,1327,1505,0.14567737786224658
176,1335,1511,0.1456917455410989
178,1341,1519,0.14571072811295774
176,1332,1508,0.1457226119582273
178,1334,1512,0.1457393622620985
182,1332,1514,0.1457492713205014
185,1325,1510,0.1457467891509334
188,1326,1514,0.14573623668487387
185,1325,1510,0.14571751008770292
180,1333,1513,0.14570864785653878
174,1340,1514,0.14571382838138683
174,1339,1513,0.14573535628486797
173,1349,1522,0.14575496833516982
179,1342,1521,0.14577593737667677
177,1348,1525,0.1457791704704755
173,1350,1523,0.14578761916099645
174,1353,1527,0.14580581316870259
183,1349,1532,0.1458198965000311
181,1361,1542,0.14580765793361136
180,1353,1533,0.14580180283086233
181,1344,1525,0.14579992164095054
178,1341,1519,0.14579540598725868
178,1346,1524,0.14579966166899644
178,1341,1519,0.14580392992312435
176,1337,1513,0.14580782086015123
177,1335,1512,0.14581697582771797
178,1346,1524,0.14582268165758838
177,1344,1521,0.14582555975691272
172,1345,1517,0.14583029477417375
175,1355,1530,0.14584856051810507
178,1352,1530,0.14585708991369475
182,1350,1532,0.14585596312272256
179,1346,1525,0.14584369229237293
182,1349,1531,0.1458407381968943
184,1353,1537,0.1458297258425861
177,1352,1529,0.14581322636422706
177,1342,1519,0.14581648899820013
175,1341,1516,0.14581882344008268
173,1332,1505,0.14582724628006005
175,1337,1512,0.14584056134869747
174,1331,1505,0.1458463135202391
178,1346,1524,0.1458545877334944
177,1347,1524,0.14585064579481238
174,1346,1520,0.1458495841040664
176,1345,1521,0.14585588743547512
175,1353,1528,0.14585533340528145
174,1343,1517,0.14585682794318724
174,1349,1523,0.14586036403315936
177,1354,1531,0.14586372268143089
176,1341,1517,0.1458589220620266
174,1346,1520,0.14585718436487935
178,1357,1535,0.14586099933039282
177,1361,1538,0.14585351562084498
176,1356,1532,0.1458491393239916
175,1349,1524,0.1458486738295247
172,1341,1513,0.14585124203958835
177,1341,1518,0.1458620152569695
174,1332,1506,0.14585755832246952
169,1333,1502,0.14586222978135666
170,1335,1505,0.14588096945223683
166,1333,1499,0.14589626821523022
164,1344,1508,0.1459214514191478
166,1345,1511,0.14595106347819453
160,1342,1502,0.14597351904276767
160,1343,1503,0.14601181340871336
158,1361,1519,0.14604762239300137
159,1372,1531,0.14608694220605709
158,1372,1530,0.14612062689187358
156,1372,1528,0.14615571052835435
156,1371,1527,0.14619483051785814
152,1365,1517,0.1462319780346073
156,1359,1515,0.1462782298547798
155,1363,1518,0.1463104771938962
156,1361,1517,0.14634273624463986
156,1366,1522,0.14637000731989602
154,1356,1510,0.1463955750925243
150,1356,1506,0.14642573262465425
150,1368,1518,0.14646479572085142
150,1361,1511,0.14650106054314158
148,1366,1514,0.14653449609739852
146,1369,1515,0.14657069371073864
149,1367,1516,0.1466102234629645
154,1381,1535,0.14663827825599499
153,1380,1533,0.14665155980326786
148,1366,1514,0.14666679884515532
147,1362,1509,0.14669559773587837
151,1364,1515,0.1467254406102301
149,1363,1512,0.14674263036596444
145,1363,1508,0.14676522945701126
144,1370,1514,0.1467975055847874
145,1376,1521,0.14683087157297192
146,1374,1520,0.1468597106358245
142,1372,1514,0.14688325869749425
143,1370,1513,0.14691653081818215
144,1371,1515,0.1469447608409858
141,1367,1508,0.14696885650548816
143,1366,1509,0.1470003116316518
145,1380,1525,0.14702349259034006
147,1372,1519,0.14703963469534678
146,1379,1525,0.14704920447870706
147,1372,1519,0.14706047236781392
144,1369,1513,0.14706834876597707
146,1371,1517,0.14708345550109822
149,1367,1516,0.14709238432014524
150,1359,1509,0.14709292320158285
152,1361,1513,0.14709108263585935
149,1362,1511,0.14708449548799687
146,1360,1506,0.1470858282121174
144,1365,1509,0.14709537287864283
144,1369,1513,0.14711012477338767
142,1377,1519,0.1471237213587386
148,1378,1526,0.14714187435535617
144,1384,1528,0.14714168509875575
142,1386,1528,0.14715282077072322
142,1379,1521,0.14716919360571684
144,1381,1525,0.14718392571803207
147,1372,1519,0.14719228511995688
148,1381,1529,0.147191872210919
146,1374,1520,0.14718844567617906
143,1365,1508,0.1471907048074519
139,1370,1509,0.14720133681026876
138,1382,1520,0.14722273324372817
137,1372,1509,0.14724521812746993
138,1366,1504,0.14726861224968624
143,1361,1504,0.1472883781334408
146,1384,1530,0.14729302947389072
144,1370,1514,0.14728960677575018
140,1374,1514,0.1472925682686085
138,1380,1518,0.14730716426554932
136,1387,1523,0.14732564106513926
135,1380,1515,0.1473487616088965
134,1386,1520,0.14737385548927195
133,1385,1518,0.14739976084481451
132,1387,1519,0.14742728137766745
132,1375,1507,0.1474558084993368
128,1375,1503,0.14748296562106755
127,1380,1507,0.1475185635114784
127,1387,1514,0.1475548844977831
125,1375,1500,0.1475883734538523
127,1382,1509,0.1476259580298527
124,1388,1512,0.14765645241787556
125,1386,1511,0.14769408594499506
124,1387,1511,0.1477263359685516
123,1389,1512,0.14775937823117588
126,1386,1512,0.14779232849504512
121,1388,1509,0.14781484354082716
121,1401,1522,0.14784997508847153
118,1409,1527,0.14788266804800185
119,1402,1521,0.14792096854670628
118,1400,1518,0.14795365703799
121,1404,1525,0.14798768940712093
123,1397,1520,0.1480111921754789
123,1398,1521,0.14802761789815244
125,1404,1529,0.14804278161226322
127,1401,1528,0.1480519920215813
125,1401,1526,0.14805498044517
126,1394,1520,0.1480641663612363
125,1409,1534,0.14807066148272366
125,1404,1529,0.1480799475619005
127,1394,1521,0.14808843797252036
123,1394,1517,0.14809066352237335
126,1390,1516,0.1481045975444194
123,1385,1508,0.14810916814558367
125,1387,1512,0.1481216440154952
124,1386,1510,0.1481277124851096
124,1395,1519,0.14813625856605797
123,1410,1533,0.1481448341649018
120,1409,1529,0.14815601493460076
121,1404,1525,0.1481749751648921
121,1388,1509,0.14819057881428763
120,1394,1514,0.14820576038879632
119,1392,1511,0.1482230375534595
120,1400,1520,0.14824261065415628
116,1388,1504,0.14825822805213776
116,1403,1519,0.14828507615432426
115,1403,1518,0.1483098539780113
117,1403,1520,0.1483362389539863
120,1396,1516,0.14835537895404952
118,1414,1532,0.14836461032069043
112,1396,1508,0.14837901725737232
112,1392,1504,0.14841013878313533
108,1395,1503,0.14843924250976887
112,1400,1512,0.14847751416896313
114,1390,1504,0.14850145718801797
117,1407,1524,0.14851768791429412
119,1397,1516,0.14852496202059812
119,1394,1513,0.1485263240601601
118,1393,1511,0.14852786819765365
118,1404,1522,0.14853220706528597
119,1408,1527,0.14853664455702623
119,1418,1537,0.1485382330954545
115,1412,1527,0.1485398180135526
115,1410,1525,0.14855230412515558
114,1396,1510,0.14856437689685592
117,1397,1514,0.14857821069923832
118,1381,1499,0.1485824559791004
116,1389,1505,0.14858388551320112
116,1389,1505,0.14859047001370304
114,1394,1508,0.14859696812737114
115,1399,1514,0.1486088930274477
112,1409,1521,0.14861762814055532
114,1404,1518,0.1486355389194717
115,1399,1514,0.14864709851774807
112,1395,1507,0.14865539127628322
110,1402,1512,0.1486712368406545
108,1395,1503,0.14869148176723818
107,1414,1521,0.1487156750515881
104,1405,1509,0.14874106490321648
107,1395,1502,0.14877210695317566
107,1387,1494,0.14879283916719666
108,1396,1504,0.14881199949495194
109,1402,1511,0.14882671432333258
110,1405,1515,0.14883833538683333
109,1416,1525,0.14884679421888347
107,1414,1521,0.14885779434150756
107,1416,1523,0.14887345769991547
106,1417,1523,0.14888816781566766
102,1420,1522,0.1489045070893615
101,1414,1515,0.14893092537343627
100,1416,1516,0.1489588134147015
98,1425,1523,0.14898772002700544
99,1422,1521,0.1490202170426879
101,1423,1524,0.14904866400260391
100,1425,1525,0.14906965195274335
99,1423,1522,0.1490919870637108
101,1411,1512,0.14911547374182582
101,1416,1517,0.14913189047891204
103,1397,1500,0.14914754856018544
99,1408,1507,0.1491569576222058
102,1412,1514,0.14917700960782862
104,1417,1521,0.14918701123701894
104,1416,1520,0.14919167303833514
104,1403,1507,0.14919646165176154
104,1409,1513,0.14920120388320746
102,1409,1511,0.1492055738177143
100,1415,1515,0.14921521410193178
103,1419,1522,0.14922957706799272
101,1417,1518,0.14923431136631846
98,1415,1513,0.1492445217649753
103,1417,1520,0.14926215196523973
105,1410,1515,0.149264275038354
101,1414,1515,0.149261159123122
102,1414,1516,0.14927009964603777
103,1416,1519,0.14927523516144553
102,1426,1528,0.14927764163992552
99,1424,1523,0.1492823599818831
100,1404,1504,0.14929505497476228
102,1402,1504,0.14930414261838124
102,1405,1507,0.14930736302903325
100,1406,1506,0.14930995803024164
100,1403,1503,0.14931791005262793
100,1408,1508,0.1493248584132062
101,1415,1516,0.14933149313304978
100,1406,1506,0.14933461507394358
101,1399,1500,0.1493402602708169
99,1404,1503,0.1493432359184226
103,1411,1514,0.14935167904189658
105,1413,1518,0.1493488419988014
107,1404,1511,0.14934050707460422
107,1412,1519,0.1493273563548338
105,1415,1520,0.14931534705412705
105,1419,1524,0.1493098563239086
107,1422,1529,0.14930483911896805
108,1417,1525,0.14929433888898608
107,1413,1520,0.14928124858413844
105,1408,1513,0.14927161366183822
105,1406,1511,0.14926805622502345
106,1420,1526,0.1492646943490557
105,1418,1523,0.14925841215060554
103,1412,1515,0.1492557785691318
103,1399,1502,0.1492586656379231
102,1403,1505,0.14926093946385682
101,1392,1493,0.14926555444447304
99,1391,1490,0.14927226306547328
101,1388,1489,0.149283739460199
101,1393,1494,0.1492873867372822
106,1408,1514,0.14929049016747228
109,1411,1520,0.14927942781115638
111,1421,1532,0.14926089366979733
112,1412,1524,0.14923872473840827
109,1409,1518,0.14921584875387645
106,1412,1518,0.1492029729951262
106,1401,1507,0.1491989501148737
106,1406,1512,0.1491944012027378
106,1407,1513,0.14919038148358027
103,1402,1505,0.14918676131595043
106,1407,1513,0.14919152441120567
105,1412,1517,0.14918769677147986
104,1412,1516,0.1491869436518166
105,1410,1515,0.14918888247682324
106,1422,1528,0.14918784549737973
105,1412,1517,0.14918432417984914
103,1425,1528,0.14918472625319826
103,1409,1512,0.14919021278121974
107,1394,1501,0.14919501198713886
107,1396,1503,0.1491886744571967
107,1395,1502,0.14918430099406194
106,1405,1511,0.14918094285870517
105,1398,1503,0.14918069079204188
108,1410,1518,0.14918348817635554
106,1410,1516,0.14917734891176587
102,1405,1507,0.14917761008192088
103,1404,1507,0.14918895369252494
105,1414,1519,0.14919706991453796
102,1408,1510,0.14919795123458662
98,1409,1507,0.14920747247311167
101,1418,1519,0.14922691332064858
103,1419,1522,0.14923638489411034
105,1423,1528,0.149239722687299
102,1420,1522,0.14923779065548054
103,1423,1526,0.14924409453403165
103,1418,1521,0.14924667660660926
106,1427,1533,0.14924900359557558
108,1415,1523,0.14924300401171867
103,1416,1519,0.14923201440150144
103,1418,1521,0.14923542515045368
103,1422,1525,0.14923924831726107
99,1424,1523,0.1492432747747257
101,1423,1524,0.14925856552870193
105,1405,1510,0.14926766745634132
102,1406,1508,0.14926463192275602
102,1415,1517,0.14927008842696593
101,1416,1517,0.14927460513856552
100,1407,1507,0.14928188201049486
100,1403,1503,0.14929125813118588
102,1414,1516,0.14929999200265043
100,1422,1522,0.1493024183816728
105,1420,1525,0.1493104092565024
100,1414,1514,0.1493031965289874
99,1415,1514,0.1493114865478384
104,1410,1514,0.14932188620932849
101,1408,1509,0.1493171062059486
100,1413,1513,0.14932105984991245
102,1416,1518,0.1493275670473043
103,1417,1520,0.14932831819754638
102,1432,1534,0.14932657835937452
103,1422,1525,0.14932779444812844
102,1408,1510,0.1493260597691899
102,1399,1501,0.1493268048716173
103,1410,1513,0.1493274943285228
97,1414,1511,0.14932549696681513
100,1433,1533,0.14934036045537485
98,1413,1511,0.1493452150912672
99,1420,1519,0.14935501749049368
101,1420,1521,0.14936164048666495
99,1416,1515,0.14936183416551108
97,1420,1517,0.14936779314171975
101,1415,1516,0.1493784379576065
102,1418,1520,0.14937710864077805
101,1419,1520,0.14937300096468303
102,1422,1524,0.14937162076685143
102,1414,1516,0.1493676365086672
101,1413,1514,0.14936341553059626
104,1426,1530,0.1493622226302648
102,1422,1524,0.14935367970974692
102,1420,1522,0.14935111646034713
102,1420,1522,0.1493484239888376
102,1426,1528,0.14934607699012833
102,1418,1520,0.1493444914255204
101,1409,1510,0.14934302746098468
103,1418,1521,0.14934365644282457
107,1422,1529,0.1493391630902182
104,1417,1521,0.1493239794897161
102,1418,1520,0.14931822685054724
106,1407,1513,0.14931925429447898
105,1389,1494,0.14930790414782164
105,1396,1501,0.1493002116377401
102,1412,1514,0.14929405752097505
97,1417,1514,0.1492972783400736
95,1410,1505,0.1493134224252147
95,1413,1508,0.1493346876479198
96,1421,1517,0.14935434791083618
100,1420,1520,0.14937047749886634
100,1422,1522,0.14937404730628132
102,1421,1523,0.1493777804365938
101,1436,1537,0.14937597464650273
102,1423,1525,0.14937749375764522
99,1418,1517,0.14937561730694202
99,1424,1523,0.14938216067373344
95,1418,1513,0.1493875923440968
97,1426,1523,0.14940417348069268
98,1426,1524,0.14941369430162488
96,1431,1527,0.14941958725082982
94,1424,1518,0.14943165109920553
96,1416,1512,0.14944873291167188
96,1429,1525,0.149459476205671
96,1429,1525,0.14947009004844516
98,1438,1536,0.14948029686445355
97,1425,1522,0.14948410827280528
91,1429,1520,0.14949027681803528
92,1425,1517,0.14951284487962366
90,1431,1521,0.14953156049152638
90,1431,1521,0.14955393665455718
95,1426,1521,0.1495751993737485
95,1423,1518,0.14958166321498068
94,1423,1517,0.14958731014968255
89,1424,1513,0.149595376378397
87,1431,1518,0.14961692675969462
92,1426,1518,0.1496422264569159
91,1422,1513,0.14965104554942205
95,1439,1534,0.14966212852800848
96,1439,1535,0.14966145319161595
94,1436,1530,0.14965811223440265
97,1429,1526,0.1496607273097944
98,1428,1526,0.14965482709194736
101,1413,1514,0.14964635048241906
100,1416,1516,0.14962939880846476
97,1425,1522,0.14961661370157084
95,1428,1523,0.14961328446019465
94,1430,1524,0.14961547253520716
94,1432,1526,0.14962076622613327
93,1430,1523,0.14962560697549543
92,1434,1526,0.14963322601140144
93,1434,1527,0.1496427472162048
96,1419,1515,0.14964866117624098
93,1419,1512,0.14964576332389148
94,1424,1518,0.1496511542928011
95,1422,1517,0.14965344359309218
93,1417,1510,0.14965246124107104
93,1420,1513,0.14965732826044065
94,1415,1509,0.14966191819787045
96,1423,1519,0.1496633807045316
94,1426,1520,0.14965882331882352
96,1425,1521,0.14965943261994016
97,1421,1518,0.14965461285770384
95,1428,1523,0.14964741047506472
95,1425,1520,0.14964626697712127
96,1427,1523,0.14964479478176806
92,1436,1528,0.14964111709421873
91,1425,1516,0.1496493259325023
91,1429,1520,0.1496597851139943
89,1433,1522,0.1496694609148332
89,1429,1518,0.14968443623935493
90,1427,1517,0.14969796553969755
91,1426,1517,0.14970838348157683
93,1417,1510,0.14971497245632515
93,1421,1514,0.14971535253444937
93,1425,1518,0.14971615812643121
96,1434,1530,0.14971699032308494
97,1423,1520,0.14970903093832422
94,1432,1526,0.1496990055727988
90,1437,1527,0.14969856303450066
88,1439,1527,0.14970967399771104
89,1438,1527,0.14972579116177367
88,1429,1517,0.14973806051157532
89,1426,1515,0.1497529061702552
89,1427,1516,0.14976398287771725
88,1414,1502,0.1497737322699796
90,1413,1503,0.14978512982615994
93,1416,1509,0.14979037675594106
93,1420,1513,0.14978669896224836
94,1422,1516,0.1497829438385111
93,1425,1518,0.14977695320356763
94,1424,1518,0.14977399763050606
90,1420,1510,0.14976832664017897
94,1417,1511,0.14977417413140182
89,1409,1498,0.14976760968400513
86,1413,1499,0.1497760072860107
83,1408,1491,0.14979225475860164
85,1428,1513,0.14981560624539056
85,1424,1509,0.14983097266205764
84,1417,1501,0.14984579473543116
86,1406,1492,0.14986228922753786
86,1427,1513,0.149872634668195
88,1437,1525,0.14988203588475627
89,1432,1521,0.14988516179457903
86,1427,1513,0.14988526232444202
84,1417,1501,0.14989386012305794
86,1439,1525,0.14990769461210135
82,1427,1509,0.14991503067281195
84,1436,1520,0.14993343806690565
84,1440,1524,0.14994441126161928
82,1422,1504,0.14995463350913807
79,1429,1508,0.14997019060139816
77,1444,1521,0.14999354318512423
77,1440,1517,0.15002086230878342
77,1432,1509,0.15004607462146466
78,1435,1513,0.15007014773910804
79,1424,1503,0.15008972382668884
77,1443,1520,0.15010525609478326
75,1440,1515,0.15012567333881002
75,1428,1503,0.15015059580571624
77,1431,1508,0.15017382031982116
77,1435,1512,0.15018926531885157
78,1437,1515,0.15020363297314743
80,1434,1514,0.15021402086621424
80,1427,1507,0.1502185466445436
77,1444,1521,0.15022269995050094
75,1434,1509,0.15023535768725665
73,1443,1516,0.15025262792144758
72,1442,1514,0.1502746524849213
75,1444,1519,0.15029827906026966
74,1436,1510,0.15031191218976347
73,1434,1507,0.1503278315718695
75,1444,1519,0.1503456117129038
74,1434,1508,0.15035603842448164
78,1436,1514,0.15036874386383636
77,1446,1523,0.150369153875606
79,1456,1535,0.1503725379285174
79,1434,1513,0.15037020011862115
81,1428,1509,0.15036822329076738
78,1427,1505,0.15036076074800686
76,1435,1511,0.15036240205907586
77,1427,1504,0.15036960540496305
76,1449,1525,0.1503741648514812
75,1428,1503,0.15038163846022545
75,1439,1514,0.15039145392763867
76,1446,1522,0.15040058186975813
74,1428,1502,0.15040617159640862
74,1440,1514,0.15041727640168306
76,1443,1519,0.1504277100374312
76,1438,1514,0.15043146703555493
79,1443,1522,0.15043452577286182
74,1440,1514,0.15042851547672023
76,1447,1523,0.1504378892382031
76,1454,1530,0.1504407518911183
73,1458,1531,0.15044345126872016
70,1449,1519,0.15045515471815152
70,1451,1521,0.15047423558692352
70,1451,1521,0.1504922399966808
69,1442,1511,0.15050921517830632
66,1440,1506,0.15052774234890184
71,1436,1507,0.15055378352404122
70,1436,1506,0.15056413383397735
72,1432,1504,0.1505767141160094
72,1442,1514,0.15058277247629342
73,1440,1513,0.1505883735594358
73,1437,1510,0.15059040342189042
70,1438,1508,0.15059207532929889
74,1433,1507,0.1506023082078363
74,1440,1514,0.15060037106064925
75,1429,1504,0.15059865511852133
73,1442,1515,0.15059425377106744
75,1444,1519,0.15059562547182564
76,1434,1510,0.15059147859484637
74,1428,1502,0.15058476695054585
79,1434,1513,0.15058425308285892
73,1455,1528,0.15056936803750354
74,1459,1533,0.15057313627054858
73,1462,1535,0.1505738742900135
75,1458,1533,0.15057722841765533
76,1442,1518,0.15057469521753963
74,1443,1517,0.1505695755297381
76,1432,1508,0.15057033395912042
76,1444,1520,0.15056572958923586
74,1450,1524,0.15056158230757946
75,1450,1525,0.15056336305551665
73,1454,1527,0.15056222509214842
73,1444,1517,0.1505671798205469
74,1451,1525,0.15057181671775624
74,1453,1527,0.15057304941136432
75,1445,1520,0.15057432073211768
78,1446,1524,0.15057268885593314
75,1433,1508,0.15056308683923053
76,1431,1507,0.15056248147153015
78,1422,1500,0.15055905019008683
77,1430,1507,0.15055019065253894
76,1421,1497,0.15054505004368096
76,1426,1502,0.15054305664252216
77,1428,1505,0.1505408662432937
77,1424,1501,0.150536047195681
76,1439,1515,0.15053205399012973
74,1437,1511,0.15053107521960002
77,1433,1510,0.15053573884831348
77,1442,1519,0.15053172840434584
77,1436,1513,0.1505280703390924
74,1433,1507,0.15052474231690488
74,1442,1516,0.15053013186872172
77,1454,1531,0.15053483961728026
74,1447,1521,0.15053025866946237
71,1444,1515,0.15053494103761816
72,1441,1513,0.15054824952365958
73,1449,1522,0.15055728344220998
74,1448,1522,0.15056267528971753
78,1448,1526,0.15056508304271415
77,1448,1525,0.15055568494248128
80,1432,1512,0.15054949235487533
77,1428,1505,0.15053564345822873
78,1429,1507,0.1505315088135669
77,1436,1513,0.1505245190283448
79,1439,1518,0.15052078383078496
82,1439,1521,0.15051162666467405
83,1446,1529,0.1504944509995454
82,1445,1527,0.1504756009564728
81,1436,1517,0.15046092637567607
80,1441,1521,0.15045046376067178
77,1441,1518,0.15044379687047804
76,1444,1520,0.15044585604915311
80,1437,1517,0.1504502048213029
83,1431,1514,0.1504430158716075
83,1428,1511,0.15042750223964993
82,1440,1522,0.15041266489886682
82,1425,1507,0.150402026908382
83,1422,1505,0.15039182530682643
83,1424,1507,0.15037931361692036
77,1435,1512,0.15036756183251704
77,1445,1522,0.15037356129704393
77,1430,1507,0.15037886324129376
76,1435,1511,0.15038327666232235
75,1443,1518,0.15038989306026534
77,1445,1522,0.15039865050571907
79,1443,1522,0.15040098950774225
78,1436,1514,0.15039819128667345
79,1433,1512,0.15039871594458976
77,1427,1504,0.15039615609860324
77,1436,1513,0.1503991907224291
78,1447,1525,0.15040173664603962
79,1442,1521,0.15040169004684972
81,1438,1519,0.15039902008209338
81,1439,1520,0.15039103573842566
79,1437,1516,0.15038345224450111
81,1442,1523,0.15038260295649092
81,1437,1518,0.15037620686064065
81,1426,1507,0.150370381088015
83,1432,1515,0.1503649054925619
83,1438,1521,0.1503541528011435
82,1440,1522,0.15034389131455267
83,1436,1519,0.15033751505550438
85,1429,1514,0.1503285540182421
84,1426,1510,0.15031463745897983
84,1438,1522,0.15030474781816117
83,1438,1521,0.15029564189848596
85,1428,1513,0.1502902233453046
86,1424,1510,0.15027980742071576
81,1417,1498,0.1502676602625696
78,1415,1493,0.15027098250417073
82,1419,1501,0.1502822814191676
84,1415,1499,0.15028156083981567
83,1425,1508,0.15027526242276376
84,1415,1499,0.1502721215200236
81,1425,1506,0.15026553309542248
82,1428,1510,0.15026750700765587
81,1428,1509,0.15026629243885986
80,1426,1506,0.1502680215197035
84,1422,1506,0.15027232566546367
83,1427,1510,0.15026462267889557
82,1426,1508,0.1502606573261802
83,1431,1514,0.1502598773948414
84,1438,1522,0.15025612367533608
85,1442,1527,0.15024966268661755
85,1437,1522,0.15024073548509667
84,1432,1516,0.1502320304273677
83,1427,1510,0.15022675106516548
81,1427,1508,0.1502247324033269
82,1416,1498,0.1502286173540368
88,1422,1510,0.15022893998215803
89,1426,1515,0.15021157990460807
86,1427,1513,0.1501926450656412
84,1417,1501,0.1501839484118312
85,1416,1501,0.15018130079951056
85,1433,1518,0.1501757352649754
85,1428,1513,0.15017044381673877
86,1426,1512,0.1501657477073402
83,1416,1499,0.15015867169298094
84,1420,1504,0.1501602201923949
84,1425,1509,0.15015891397440406
82,1438,1520,0.15015718827926952
84,1437,1521,0.15016155449879137
81,1437,1518,0.15015950792189936
79,1432,1511,0.15016614770418368
75,1428,1503,0.15017798376975058
79,1434,1513,0.15020047044884602
78,1432,1510,0.1502097824974857
77,1432,1509,0.1502208011536856
78,1426,1504,0.15023397161241717
79,1431,1510,0.150243306403079
76,1427,1503,0.1502491369994732
78,1438,1516,0.15026298650599235
77,1415,1492,0.15027041363653879
81,1441,1522,0.15028026217528784
82,1440,1522,0.15027812069184687
82,1438,1520,0.1502730640085913
80,1445,1525,0.15026818860235014
78,1450,1528,0.15026950335331024
80,1444,1524,0.15027644911829224
82,1436,1518,0.15027707249622144
81,1447,1528,0.1502721369287584
81,1450,1531,0.150270405882919
82,1437,1519,0.15026891900419936
83,1432,1515,0.15026483514547395
80,1434,1514,0.15025780489684962
80,1441,1521,0.1502600645311076
73,1437,1510,0.15026168832145426
68,1434,1502,0.15028316643644807
70,1434,1504,0.1503173077534177
70,1440,1510,0.1503431836501328
69,1445,1514,0.15036750707820293
69,1444,1513,0.15039318891427986
67,1445,1512,0.15041699943841483
70,1451,1521,0.15044547694300975
69,1452,1521,0.15046303704272848
68,1464,1532,0.1504826989701385
67,1454,1521,0.15050373581641568
67,1439,1506,0.1505263770179223
69,1437,1506,0.15054731016900988
70,1451,1521,0.15056136407594445
70,1452,1522,0.1505717275780463
71,1460,1531,0.15058121319915208
71,1461,1532,0.15058723067976656
67,1447,1514,0.15059291723402424
69,1450,1519,0.15061000858957552
70,1448,1518,0.15062028025348848
69,1444,1513,0.15062679716553137
68,1462,1530,0.15063607013505112
66,1450,1516,0.1506472032130257
67,1440,1507,0.15066293104760786
69,1425,1494,0.15067497062508486
69,1442,1511,0.15068030764899118
68,1448,1516,0.15068494448974604
68,1433,1501,0.15069246421172727
65,1455,1520,0.15069976542410707
67,1447,1514,0.15071548908547136
67,1444,1511,0.15072433795534232
66,1445,1511,0.1507328186782677
68,1451,1519,0.1507439194668055
69,1455,1524,0.1507482385082483
70,1443,1513,0.15074983230381098
69,1449,1518,0.15074827145881717
70,1452,1522,0.1507499512238749
71,1440,1511,0.15074867618080126
71,1427,1498,0.15074432124142836
71,1434,1505,0.15074056187544757
70,1448,1518,0.15073701978092183
70,1455,1525,0.1507368677448446
69,1457,1526,0.15073650131999033
66,1454,1520,0.1507391900581606
68,1447,1515,0.15075033419979036
66,1455,1521,0.15075432752210188
66,1453,1519,0.15076397279784254
69,1443,1512,0.15077285558191378
69,1431,1500,0.15077170406723725
71,1434,1505,0.1507705039422304
70,1422,1492,0.15076384699216722
68,1432,1500,0.1507604166141427
70,1442,1512,0.1507628621342782
69,1447,1516,0.1507593116295652
69,1443,1512,0.1507590124947466
70,1449,1519,0.15075868454299915
67,1451,1518,0.1507553964487727
67,1449,1516,0.1507608553469767
66,1439,1505,0.1507661290881273
61,1446,1507,0.15077392079570667
63,1440,1503,0.15079610281267875
63,1448,1511,0.15081040205981733
67,1450,1517,0.15082357890687803
66,1450,1516,0.150824327923016
68,1450,1518,0.15082780830453438
69,1447,1516,0.15082492385211374
69,1445,1514,0.15081912985213852
68,1435,1503,0.15081408238151098
67,1443,1510,0.15081207747354924
69,1434,1503,0.15081343218711962
68,1456,1524,0.15080865231321788
69,1451,1520,0.15080709066704226
67,1446,1513,0.15080286689328462
68,1448,1516,0.15080475372244476
66,1452,1518,0.15080339513220833
69,1446,1515,0.15080801359897744
69,1446,1515,0.15080302055813594
70,1443,1513,0.15079877526924282
70,1445,1515,0.15079204898877124
70,1449,1519,0.15078576453057996
70,1452,1522,0.15078014233073198
69,1441,1510,0.15077515993522245
68,1450,1518,0.1507732442220093
68,1452,1520,0.1507743148027693
68,1453,1521,0.1507753961907969
71,1448,1519,0.1507762151704579
73,1449,1522,0.15076821290453893
74,1445,1519,0.15075457610655366
75,1458,1533,0.15073902763809433
74,1448,1522,0.15072148038853983
71,1446,1517,0.15070786967507727
70,1439,1509,0.1507041065982587
68,1438,1506,0.15070321485424318
69,1444,1513,0.15070834735645053
69,1439,1508,0.1507102675968425
68,1448,1516,0.15071203854105053
68,1442,1510,0.1507161989535838
68,1440,1508,0.15071973071726263
66,1441,1507,0.15072260522055494
67,1438,1505,0.1507312297096775
68,1447,1515,0.15073640292217902
70,1449,1519,0.15073841946893737
68,1445,1513,0.1507347052869385
70,1434,1504,0.1507374142658814
68,1443,1511,0.15073416963107364
68,1458,1526,0.15073704240737565
67,1443,1510,0.15073980774243595
67,1433,1500,0.1507457021179962
66,1438,1504,0.15075106819797074
65,1433,1498,0.1507592482403157
65,1449,1514,0.15076994177803413
66,1458,1524,0.15078003643030363
66,1452,1518,0.15078668444496646
65,1463,1528,0.1507932167674301
65,1464,1529,0.15080173143327977
65,1459,1524,0.1508093654221962
65,1454,1519,0.1508168151238252
63,1454,1517,0.15082385643146742
63,1456,1519,0.1508365265305988
64,1451,1515,0.15084865755491333
63,1464,1527,0.15085685562803308
64,1458,1522,0.15086755419263662
66,1460,1526,0.15087477654841908
63,1450,1513,0.1508756076228924
65,1449,1514,0.150885486107239
64,1458,1522,0.15088894102943862
66,1453,1519,0.1508945707087535
67,1449,1516,0.15089407818263376
66,1448,1514,0.15089097750350902
64,1435,1499,0.15089148858997264
62,1434,1496,0.15089800168589843
65,1429,1494,0.15091020705441183
67,1443,1510,0.15091275526133394
67,1450,1517,0.1509095120323854
64,1452,1516,0.15090666466953354
65,1455,1520,0.1509125996244766
65,1456,1521,0.15091532254867893
62,1456,1518,0.15091771371597937
61,1469,1530,0.15092881881833442
61,1467,1528,0.15094213724369684
62,1458,1520,0.1509544954326958
62,1453,1515,0.15096311362497197
64,1459,1523,0.15097130343037538
63,1444,1507,0.15097300500275357
63,1443,1506,0.15097788448038518
64,1444,1508,0.15098235187869055
65,1447,1512,0.15098386748694217
64,1453,1517,0.15098262045920433
64,1454,1518,0.15098480202411424
61,1453,1514,0.15098696797636538
58,1452,1510,0.15099799756357418
58,1450,1508,0.15101732557232103
55,1455,1510,0.15103508900120374
55,1454,1509,0.15106035254281103
53,1463,1516,0.15108395974935637
52,1457,1509,0.15111205519580687
54,1458,1512,0.151140988614879
56,1465,1521,0.15116200041772687
53,1464,1517,0.15117575003789407
54,1454,1508,0.15119740615407978
54,1470,1524,0.15121482401984407
54,1471,1525,0.1512311392506086
50,1469,1519,0.151246415659521
49,1465,1514,0.15127266572902573
47,1456,1503,0.15130052821157733
51,1451,1502,0.1513323258134244
52,1461,1513,0.15135061922058957
52,1465,1517,0.15136462731744083
50,1463,1513,0.15137790698585848
49,1465,1514,0.1513962737545429
48,1459,1507,0.1514163666899061
48,1463,1511,0.15143808648686946
50,1459,1509,0.15145841996489406
49,1475,1524,0.1514716144063176
47,1475,1522,0.15148693594175058
46,1467,1513,0.15150697126818063
46,1459,1505,0.15152862033406783
51,1458,1509,0.15154916691323334
52,1456,1508,0.151553624036438
48,1446,1494,0.15155468733782132
48,1441,1489,0.15156714660462156
49,1442,1491,0.15157871882052965
48,1453,1501,0.15158658682492052
51,1451,1502,0.151597261513659
52,1471,1523,0.15159848337987034
48,1471,1519,0.15159650989757206
48,1466,1514,0.15160607895627254
47,1467,1514,0.15161495059578015
47,1461,1508,0.15162625586365974
46,1473,1519,0.151636794147415
46,1480,1526,0.15164945931033155
46,1484,1530,0.1516612733667298
46,1473,1519,0.15167242201459843
44,1473,1517,0.15168284335159482
44,1466,1510,0.15169872172606186
43,1460,1503,0.15171356679672873
43,1456,1499,0.15173028082487286
44,1469,1513,0.15174589571630212
43,1471,1514,0.15175723397072763
43,1478,1521,0.15177097426668038
43,1474,1517,0.15178405578823184
43,1477,1520,0.1517962925683064
42,1482,1524,0.15180773975684558
44,1482,1526,0.15182133569660552
41,1473,1514,0.15182810663605115
43,1477,1520,0.1518431072739043
42,1475,1517,0.15185113360410799
42,1480,1522,0.1518616613338632
42,1477,1519,0.15187153691538613
45,1478,1523,0.15188079434289278
45,1471,1516,0.1518804872268769
44,1463,1507,0.15188006120695563
44,1466,1510,0.15188251051292675
42,1469,1511,0.15188471003042447
42,1468,1510,0.15189280738447825
43,1465,1508,0.15190041203525734
41,1464,1505,0.1519046208857608
42,1464,1506,0.15191492905671922
41,1467,1508,0.15192151131585807
43,1467,1510,0.15193056999926574
44,1467,1511,0.15193330348252984
43,1469,1512,0.15193310442564315
42,1469,1511,0.1519359449376573
44,1474,1518,0.15194152177533507
48,1471,1519,0.1519408380372741
49,1467,1516,0.1519280969402703
49,1482,1531,0.1519131407336032
49,1477,1526,0.1518988143282164
49,1480,1529,0.15188546708381193
49,1469,1518,0.151873072190914
48,1460,1508,0.15186151795583272
48,1471,1519,0.1518536021800564
48,1465,1513,0.15184632420634045
48,1483,1531,0.151839545747824
49,1466,1515,0.15183307598716028
48,1466,1514,0.15182412490836436
48,1459,1507,0.15181866193704052
45,1463,1508,0.15181367418946037
45,1466,1511,0.151817711061232
45,1470,1515,0.1518214695482688
46,1480,1526,0.1518250187553984
45,1468,1513,0.1518250666944481
49,1469,1518,0.1518281494738297
47,1468,1515,0.15181917308251988
45,1447,1492,0.1518168044490267
42,1452,1494,0.1518205327643746
42,1452,1494,0.15183314181091478
42,1450,1492,0.15184484881289054
43,1449,1492,0.15185573251136283
42,1466,1508,0.1518628942817504
40,1483,1523,0.1518728911158826
40,1484,1524,0.15188816081159795
41,1488,1529,0.15190233065606903
41,1492,1533,0.15191268329874838
40,1483,1523,0.15192239254158837
41,1478,1519,0.1519346497232213
39,1478,1517,0.1519428790417997
38,1482,1520,0.15195665368727881
37,1481,1518,0.15197236635987774
37,1480,1517,0.15198979343350935
37,1485,1522,0.15200605267135642
37,1487,1524,0.152021302332665
36,1470,1506,0.15203563684733623
34,1479,1513,0.15205238311500296
32,1481,1513,0.15207401331501103
33,1469,1502,0.152100215637373
33,1481,1514,0.15212174498651362
33,1495,1528,0.15214200001413622
33,1484,1517,0.15216114215656662
30,1477,1507,0.15217906011245
31,1470,1501,0.1522050670543097
33,1470,1503,0.1522263403587289
33,1479,1512,0.15224024069902853
32,1492,1524,0.1522532620258985
33,1494,1527,0.15226856770295202
32,1486,1518,0.15227993053156222
30,1495,1525,0.15229357962427198
31,1495,1526,0.15231240829390916
29,1496,1525,0.15232705572607305
29,1491,1520,0.15234712143716786
29,1484,1513,0.15236595677188966
27,1486,1513,0.1523836306725947
25,1496,1521,0.15240639641670742
24,1493,1517,0.15243366578248366
25,1500,1525,0.15246226457832282
27,1489,1516,0.15248594186534553
28,1490,1518,0.1525020944403774
28,1487,1515,0.15251398836927488
28,1483,1511,0.15252517938495896
25,1485,1510,0.1525354685909537
26,1488,1514,0.1525544474084896
25,1484,1509,0.15256917526238156
22,1480,1502,0.15258598691471661
23,1479,1502,0.15261083654558857
22,1497,1519,0.15263109095155655
23,1493,1516,0.15265317752652646
20,1495,1515,0.15267059714848258
20,1487,1507,0.1526962994289336
20,1489,1509,0.15272035607625067
20,1485,1505,0.15274288822029847
20,1493,1513,0.15276400231033205
20,1490,1510,0.15278379337908418
21,1497,1518,0.1528023485152816
21,1494,1515,0.15281649922180388
22,1501,1523,0.152829677335904
23,1499,1522,0.15283880084916365
22,1495,1517,0.1528443303489965
22,1493,1515,0.15285262724781365
22,1502,1524,0.15286041149219076
23,1487,1510,0.15286771677358374
23,1493,1516,0.1528714771738085
23,1495,1518,0.15287501187243
21,1488,1509,0.15287832933655016
20,1494,1514,0.15288762454771607
19,1490,1509,0.15289955505960498
18,1502,1520,0.15291382693975042
18,1510,1528,0.15293046400652271
15,1502,1517,0.15294605864359018
16,1494,1510,0.15297018138505364
16,1503,1519,0.15298962997568555
15,1515,1530,0.15300785767168087
15,1493,1508,0.15302823542602761
16,1485,1501,0.15304737362281148
16,1495,1511,0.15306221767617956
14,1495,1509,0.15307614145897294
14,1508,1522,0.1530954206225365
14,1500,1514,0.1531135080597108
15,1501,1516,0.15313048419086828
15,1515,1530,0.15314317840605324
16,1513,1529,0.15315510868414017
14,1499,1513,0.1531632139366858
14,1496,1510,0.15317703984014508
15,1507,1522,0.15319004538914904
16,1502,1518,0.1531989737828249
15,1499,1514,0.15320411716394966
15,1501,1516,0.15321222262567546
14,1499,1513,0.15321980822852616
13,1503,1516,0.1532301523208638
14,1501,1515,0.15324297607197743
15,1501,1516,0.15325174723387205
14,1491,1505,0.15325678915832064
15,1480,1495,0.15326464842280554
15,1478,1493,0.15326886583876914
16,1501,1517,0.15327283409170478
16,1499,1515,0.1532733979563118
15,1493,1508,0.1532739200900724
15,1506,1521,0.15327756849813576
15,1511,1526,0.15328099582254132
14,1504,1518,0.15328422089238342
14,1503,1517,0.15329040346508255
15,1493,1508,0.1532962970527415
14,1501,1515,0.15329866248886512
14,1507,1521,0.15330401171974647
14,1515,1529,0.1533090548796688
13,1519,1532,0.1533137978722554
13,1505,1518,0.15332145712693118
13,1506,1519,0.15332865085374195
12,1510,1522,0.15333540756324532
13,1496,1509,0.15334490890194213
12,1489,1501,0.15335061081256163
12,1486,1498,0.15335921643298708
11,1493,1504,0.1533672775028662
12,1499,1511,0.15337798977771377
12,1500,1512,0.15338492103704915
11,1498,1509,0.15339143704490132
11,1504,1515,0.1534007993056962
11,1509,1520,0.15340960249451346
12,1499,1511,0.15341787948381005
11,1501,1512,0.15342241358971603
13,1502,1515,0.15342984618116526
13,1511,1524,0.15343046304533833
13,1501,1514,0.15343104511582595
13,1491,1504,0.1534315979183935
13,1485,1498,0.15343212495769668
13,1484,1497,0.15343259333052214
13,1489,1502,0.15343304584329318
12,1485,1497,0.15343346972956265
12,1497,1509,0.15343704389000895
12,1503,1515,0.15344040826558752
12,1506,1518,0.15344357484375482
12,1504,1516,0.1534465530486204
11,1503,1514,0.15344935349389513
10,1508,1518,0.1534551832939106
10,1501,1511,0.15346383945869477
10,1510,1520,0.15347197825438005
11,1501,1512,0.15347961632564233
11,1502,1513,0.15348358133413093
10,1510,1520,0.15348732035165816
11,1509,1520,0.15349406028225118
11,1498,1509,0.15349713349860397
11,1491,1502,0.1535000521438625
10,1497,1507,0.15350279879049206
10,1481,1491,0.15350860416416603
10,1485,1495,0.15351403091898816
10,1495,1505,0.15351912491984074
11,1498,1509,0.15352390709849625
11,1502,1513,0.15352518908771606
11,1510,1521,0.1535263834254177
11,1521,1532,0.15352751107764692
11,1513,1524,0.15352857588490446
10,1502,1512,0.1535295802934563
10,1513,1523,0.15353374453496277
10,1508,1518,0.1535376471814364
9,1498,1507,0.1535413112311452
8,1484,1492,0.1535479768636997
8,1493,1501,0.15355746217166094
8,1508,1516,0.15356637483521463
8,1517,1525,0.15357473361534135
9,1516,1525,0.15358257636799327
9,1513,1522,0.15358671621089126
8,1517,1525,0.1535905853654657
8,1505,1513,0.1535974251471635
8,1515,1523,0.15360385294063733
7,1516,1523,0.15360989676942718
7,1503,1510,0.1536187846530252
8,1499,1507,0.15362715087318354
7,1512,1519,0.15363176596136324
7,1517,1524,0.1536393177626785
8,1500,1508,0.1536464380202847
8,1506,1514,0.15364990679082058
8,1510,1518,0.15365315601839855
8,1502,1510,0.15365621469499513
7,1508,1515,0.1536590940955738
7,1508,1515,0.15366505076891956
7,1510,1517,0.1536706567259601
7,1503,1510,0.15367591517162604
7,1506,1513,0.15368085058759026
5,1517,1522,0.1536854848668714
5,1506,1511,0.1536962930238489
5,1509,1514,0.15370647190698863
5,1512,1517,0.1537160155723162
5,1514,1519,0.15372497844916194
5,1511,1516,0.15373340625779863
6,1510,1516,0.1537413283480199
6,1511,1517,0.15374554040213928
6,1515,1521,0.15374948815481415
6,1526,1532,0.1537531886780603
6,1507,1513,0.1537566624313991
6,1496,1502,0.1537599255264615
5,1505,1510,0.15376299171337743
5,1506,1511,0.15376910982217934
5,1500,1505,0.1537748754291276
4,1507,1511,0.1537802903783897
4,1510,1514,0.15378861344102526
4,1500,1504,0.1537964507437432
4,1487,1491,0.15380381795506926
5,1496,1501,0.1538107404973659
5,1514,1519,0.15381401907086834
5,1510,1515,0.1538170884396979
5,1509,1514,0.15381996708451798
5,1498,1503,0.15382267265257443
5,1496,1501,0.15382521751242584
5,1494,1499,0.15382761190425304
5,1501,1506,0.15382986496976941
5,1504,1509,0.15383198512084081
5,1502,1507,0.15383398019735983
5,1513,1518,0.15383585754817894
5,1510,1515,0.15383762408038615
5,1523,1528,0.15383928629414
5,1516,1521,0.15384085031025208
6,1509,1515,0.15384232189374494
6,1509,1515,0.15384044718475612
6,1525,1531,0.1538386858621447
6,1527,1533,0.15383703899757203
6,1515,1521,0.15383550046439246
6,1517,1523,0.1538340626844758
6,1513,1519,0.153832718376686
6,1500,1506,0.15383146084559093
6,1497,1503,0.15383028397742105
5,1503,1508,0.15382918218276387
5,1516,1521,0.15383136260015184
7,1518,1525,0.1538334239113545
6,1519,1525,0.15382886925137054
6,1523,1529,0.15382781915288796
6,1510,1516,0.15382684811281908
6,1500,1506,0.15382594046105796
6,1500,1506,0.15382508887885366
6,1492,1498,0.1538242888625016
6,1497,1503,0.15382353687364703
6,1500,1506,0.15382282983618253
5,1499,1504,0.1538221649651364
5,1492,1497,0.15382475456709716
5,1484,1489,0.15382720349761939
5,1498,1503,0.1538295078150414
5,1500,1505,0.15383167157176314
5,1499,1504,0.15383370221039197
5,1513,1518,0.15383560772726604
5,1515,1520,0.1538373959170377
5,1516,1521,0.15383907416582884
5,1515,1520,0.15384064940503572
5,1506,1511,0.15384212811694475
5,1520,1525,0.15384351635738983
5,1525,1530,0.15384481978325557
5,1526,1531,0.15384604368031973
5,1508,1513,0.1538471929897744
4,1497,1501,0.1538482723328851
4,1495,1499,0.15385253187191325
4,1490,1494,0.15385639386526795
4,1499,1503,0.15386013481690872
5,1503,1508,0.15386371373800678
5,1493,1498,0.15386385144081186
5,1506,1511,0.15386400235081596
4,1507,1511,0.1538641713357207
5,1497,1502,0.15386757623900843
5,1496,1501,0.15386746537853882
5,1497,1502,0.15386745607323093
5,1508,1513,0.15386747436830941
5,1511,1516,0.15386750636306817
5,1516,1521,0.15386754606702222
5,1509,1514,0.15386759024097363
5,1509,1514,0.15386763692048822
5,1499,1504,0.15386768482780397
5,1507,1512,0.15386773309337282
5,1520,1525,0.15386778110818933
5,1511,1516,0.153867828438675
5,1509,1514,0.15386787477430147
5,1517,1522,0.15386791989359416
5,1512,1517,0.15386796364106864
5,1506,1511,0.15386800591099944
6,1502,1508,0.15386804663564943
6,1504,1510,0.153864815465975
6,1517,1523,0.1538618153940777
6,1520,1526,0.15385902130649595
6,1522,1528,0.1538564107045657
6,1518,1524,0.15385396748777652
6,1521,1527,0.1538516786383474
7,1524,1531,0.1538495329938301
7,1525,1532,0.1538442675281706
6,1518,1524,0.15383936300185205
6,1514,1520,0.15383799105982043
5,1519,1524,0.15383671242596098
5,1506,1511,0.15383875521653284
5,1498,1503,0.15384063897187172
5,1503,1508,0.15384238375235096
6,1500,1506,0.15384400896447692
6,1500,1506,0.15384226575690307
6,1509,1515,0.15384065772584563
6,1510,1516,0.15383916671939196
6,1511,1517,0.15383777608441207
7,1502,1509,0.15383647552963864
7,1509,1516,0.1538319583224141
8,1506,1514,0.15382781730408257
8,1509,1517,0.15382075554104294
9,1509,1518,0.15381415222080871
9,1493,1502,0.15380478331612651
8,1506,1514,0.15379601827762607
8,1496,1504,0.15379105403006116
8,1499,1507,0.15378637917595572
8,1499,1507,0.15378197886506084
8,1506,1514,0.15377784232592473
8,1504,1512,0.15377395575922645
8,1514,1522,0.15377030487857293
8,1522,1530,0.1537668757073148
7,1508,1515,0.15376365486787055
7,1502,1509,0.15376389674476706
8,1502,1510,0.15376403160697694
8,1506,1514,0.1537608520428733
9,1507,1516,0.15375794868477505
9,1507,1516,0.15375199837413814
9,1509,1518,0.15374652920516035
8,1527,1535,0.15374143212087954
8,1526,1534,0.1537398470944857
8,1522,1530,0.15373836145154487
8,1516,1524,0.15373695434139614
7,1516,1523,0.15373562567749943
7,1521,1528,0.15373757881737038
7,1516,1523,0.15373937099843668
7,1503,1510,0.15374102655432365
8,1493,1501,0.15374256573859124
8,1513,1521,0.15374079894670484
8,1505,1513,0.15373912381051855
8,1490,1498,0.15373755453683358
8,1493,1501,0.15373608507683031
8,1502,1510,0.15373470802467007
9,1486,1495,0.1537334166717946
9,1495,1504,0.1537290212602731
9,1513,1522,0.15372489152437666
9,1505,1514,0.1537210255637962
10,1491,1501,0.1537174047594083
11,1509,1520,0.15371082796296281
12,1491,1503,0.15370144014910878
12,1491,1503,0.1536894634510776
11,1510,1521,0.15367826372652268
10,1498,1508,0.1536710230171446
12,1509,1521,0.15366730620952432
12,1514,1526,0.15365730565741698
11,1523,1534,0.1536480327590311
12,1520,1532,0.15364253278548
12,1510,1522,0.15363418958743721
12,1498,1510,0.1536263413817394
12,1507,1519,0.15361897837864252
13,1511,1524,0.1536120717092354
12,1515,1527,0.15360241060689922
13,1502,1515,0.15359654392691557
15,1499,1514,0.1535879180012423
15,1515,1530,0.15357348336912932
14,1504,1518,0.1535600898124047
14,1496,1510,0.15355074504145144
14,1502,1516,0.15354202429281244
13,1517,1530,0.15353386055152604
13,1510,1523,0.15352937663067764
13,1507,1520,0.15352513173495638
13,1512,1525,0.15352112123820716
13,1513,1526,0.15351734104092896
11,1520,1531,0.15351378206004426
12,1523,1535,0.15351675797718706
12,1515,1527,0.15351639310804568
12,1517,1529,0.15351602547912335
12,1512,1524,0.15351567416258743
12,1497,1509,0.1535153386284151
12,1509,1521,0.15351501853001323
13,1507,1520,0.15351471362666366
14,1505,1519,0.15351130053549894
14,1508,1522,0.15350491254708182
14,1511,1525,0.1534989809770143
13,1509,1522,0.15349345679600546
13,1513,1526,0.1534914888270395
13,1518,1531,0.15348962089898063
13,1522,1535,0.1534878508172727
13,1524,1537,0.15348618072268674
12,1507,1519,0.1534846079073946
12,1500,1512,0.15348628061068875
13,1496,1509,0.15348784090799977
13,1502,1515,0.15348612509486256
12,1507,1519,0.1534845093342488
11,1508,1519,0.1534861423587531
11,1505,1516,0.15349077039416667
11,1511,1522,0.15349504183894613
11,1508,1519,0.1534990047040041
10,1491,1501,0.15350275314755715
9,1492,1501,0.15350943496986505
9,1495,1504,0.15351893959935392
9,1490,1499,0.15352775160153037
9,1491,1500,0.15353598077243394
8,1520,1528,0.15354368120567877
7,1517,1524,0.15355413213552624
7,1518,1525,0.15356700766274872
7,1512,1519,0.1535790590064159
8,1503,1511,0.1535903403679615
8,1510,1518,0.15359773349215772
9,1491,1500,0.15360466903675124
9,1501,1510,0.15360792756846098
8,1512,1520,0.15361109315972463
8,1501,1509,0.15361729378349354
6,1497,1503,0.15362309504589214
6,1503,1509,0.15363495193345753
5,1505,1510,0.15364598847420527
5,1488,1493,0.15365950225344205
5,1502,1507,0.15367218574553398
5,1504,1509,0.15368407889737892
7,1505,1512,0.15369523526368187
7,1507,1514,0.1536991887855012
7,1505,1512,0.15370303580890746
7,1499,1506,0.15370669867855374
7,1498,1505,0.1537101653603087
7,1503,1510,0.15371343771046866
7,1495,1502,0.15371652227112093
7,1494,1501,0.15371942740091574
8,1487,1495,0.15372216210337966
8,1506,1514,0.153721526966193
8,1507,1515,0.15372092538373588
8,1504,1512,0.15372037289792242
7,1509,1516,0.1537198653541941
7,1517,1524,0.15372261185744188
7,1515,1522,0.15372516054114257
7,1520,1527,0.1537275346031247
7,1525,1532,0.15372975423370824
7,1505,1512,0.1537318332523794
6,1498,1504,0.1537337825861423
7,1503,1510,0.15373889225767354
7,1496,1503,0.15374031281860304
8,1501,1509,0.1537417141268139
8,1501,1509,0.1537398448639318
8,1506,1514,0.15373810555361855
8,1507,1515,0.1537364949049464
8,1505,1513,0.15373499704818083
8,1510,1518,0.1537336002158964
8,1517,1525,0.15373229528341426
8,1506,1514,0.15373107475782988
8,1499,1507,0.15372993222922526
7,1507,1514,0.15372886206173805
6,1510,1516,0.15373105268230566
5,1517,1522,0.15373632057304787
5,1517,1522,0.15374450531682546
5,1518,1523,0.15375207788590167
5,1521,1526,0.15375914813425864
4,1511,1515,0.15376576524241617
4,1508,1512,0.15377527373337505
4,1516,1520,0.1537841157874084
3,1504,1507,0.15379239314063736
3,1508,1511,0.1538033882650481
3,1496,1499,0.1538137149554697
3,1496,1499,0.15382339954843277
3,1505,1508,0.15383248697515356
2,1518,1520,0.15384101757460408
2,1515,1517,0.15385227000815718
2,1528,1530,0.1538628615113382
2,1524,1526,0.15387280985726917
2,1517,1519,0.15388215320910656
2,1513,1515,0.15389092952074687
2,1514,1516,0.1538991743399295
2,1518,1520,0.15390692075172016
2,1521,1523,0.15391419957422514
2,1517,1519,0.15392103956273936
2,1510,1512,0.15392746758818995
2,1517,1519,0.15393350879013704
2,1511,1513,0.15393918670940654
2,1513,1515,0.1539445234048882
2,1512,1514,0.15394953955784307
2,1514,1516,0.15395425456609907
2,1506,1508,0.1539586866298372
2,1508,1510,0.15396285283022082
2,1495,1497,0.15396676920181573
2,1521,1523,0.1539704507995425
1,1518,1519,0.15397391176075328
1,1527,1528,0.1539805319101273
1,1517,1518,0.15398667960686263
1,1516,1517,0.15399243874037485
1,1520,1521,0.15399784233491798
1,1534,1535,0.15400291585701203
1,1523,1524,0.15400768130184786
1,1521,1522,0.15401215845150168
1,1515,1516,0.1540163654295907
1,1514,1515,0.15402031899961835
1,1512,1513,0.15402403475050394
1,1519,1520,0.15402752722568322
1,1511,1512,0.1540308100209745
1,1520,1521,0.15403389586358504
1,1517,1518,0.15403679667880513
1,1520,1521,0.15403952364807866
1,1528,1529,0.1540420872606506
1,1519,1520,0.15404449736017528
1,1510,1511,0.15404676318720467
1,1515,1516,0.15404889341819714
1,1522,1523,0.1540508962015158
1,1522,1523,0.1540527791907744
1,1520,1521,0.15405454957581402
1,1514,1515,0.1540562141115418
1,1517,1518,0.15405777914482538
1,1516,1517,0.15405925063960718
1,1524,1525,0.15406063420038324
1,1513,1514,0.1540619350941709
1,1524,1525,0.15406315827107903
1,1526,1527,0.15406430838357965
1,1520,1521,0.15406538980457266
1,1512,1513,0.1540664066443261
2,1525,1527,0.15406736276636715
2,1531,1533,0.15406497260330487
2,1525,1527,0.15406272122400122
2,1522,1524,0.15406061718591674
2,1517,1519,0.15405864796540145
2,1512,1514,0.1540568027942718
2,1511,1513,0.15405507253201692
2,1517,1519,0.1540534491763309
1,1509,1510,0.15405192555826672
1,1504,1505,0.15405377446720434
1,1500,1501,0.15405552207295975
1,1511,1512,0.15405715509963305
1,1524,1525,0.1540586836424993
1,1527,1528,0.15406011625760843
1,1529,1530,0.15406146008055185
1,1529,1530,0.15406272130065612
1,1526,1527,0.15406390543843965
1,1526,1527,0.15406501750417248
1,1519,1520,0.15406606209442775
1,1519,1520,0.15406704345540137
1,1517,1518,0.15406796552745847
1,1521,1522,0.15406883197846466
1,1512,1513,0.1540696462300411
1,1516,1517,0.15407041147911124
1,1521,1522,0.15407113071614928
1,1511,1512,0.15407180674100826
1,1510,1511,0.1540724421768935
1,1496,1497,0.15407303948286377
1,1499,1500,0.15407360096512718
1,1514,1515,0.15407412878732502
1,1528,1529,0.1540746249799507
1,1520,1521,0.154075091449015
1,1520,1521,0.1540755299840485
1,1517,1518,0.1540759422655126
1,1514,1515,0.1540763298716805
1,1509,1510,0.1540766942850376
1,1516,1517,0.15407703689824498
1,1523,1524,0.15407735901970362
1,1529,1530,0.15407766187875105
1,1529,1530,0.1540779466305198
1,1524,1525,0.15407821436048308
1,1522,1523,0.15407846608871054
1,1521,1522,0.15407870277385488
1,1519,1520,0.154078925316888
1,1521,1522,0.15407913456460373
1,1514,1515,0.1540793313129029
1,1521,1522,0.15407951630987535
0,1533,1533,0.15407969025869156
