1360,27,1387,0.13584104081235845
1392,28,1420,0.13304186050187872
1410,29,1439,0.13039730812607359
1421,28,1449,0.12793632281907522
1418,28,1446,0.12566316286787318
1428,32,1460,0.12359867566145233
1438,34,1472,0.12169007071776676
1439,37,1476,0.11992526989589908
1433,36,1469,0.1183142939228632
1427,38,1465,0.11686082579034647
1435,40,1475,0.11555106817787898
1435,40,1475,0.1143376685031814
1432,41,1473,0.1132318280389478
1424,39,1463,0.11223129319615968
1429,38,1467,0.11133763402827312
1448,39,1487,0.11051132597152108
1445,39,1484,0.10971389166898236
1450,40,1490,0.10899421118719475
1454,42,1496,0.10832693308340581
1445,45,1490,0.10771041440711823
1464,44,1508,0.10716896028698134
1458,40,1498,0.10663255716452737
1458,40,1498,0.10615729674966554
1444,42,1486,0.1057242728774909
1451,43,1494,0.10536078346791992
1460,41,1501,0.10501471674293064
1456,39,1495,0.10467960690600471
1457,39,1496,0.10438325401230879
1442,36,1478,0.10411027383475809
1448,37,1485,0.10389435231885338
1455,37,1492,0.10368454510895657
1459,37,1496,0.10347828743556473
1471,39,1510,0.10328208569042896
1457,40,1497,0.10307731318951063
1448,41,1489,0.10292118280529589
1443,40,1483,0.10279821984377312
1444,39,1483,0.10269678264316993
1453,39,1492,0.10260234512485937
1448,40,1488,0.10249706197019831
1454,43,1497,0.10241201504022147
1444,44,1488,0.10232147854768794
1438,46,1484,0.10226034926622875
1430,46,1476,0.1022177426093285
1463,47,1510,0.10219611747295375
1472,47,1519,0.10210557920003734
1459,45,1504,0.10200359812885106
1450,44,1494,0.1019387692543169
1457,43,1500,0.10189889222894682
1459,43,1502,0.1018478723184237
1439,43,1482,0.10179694556665614
1439,45,1484,0.10179333239367848
1452,45,1497,0.10179018588662903
1449,45,1494,0.10175959355553932
1450,45,1495,0.10173850106412033
1451,44,1495,0.10171683612583209
1457,46,1503,0.10169497100600705
1478,47,1525,0.10166217327526875
1469,47,1516,0.10158734347037073
1463,45,1508,0.10153810101998224
1458,46,1504,0.10150630693146358
1458,45,1503,0.1014875694491555
1446,47,1493,0.10147070488498862
1452,48,1500,0.1014808777356627
1447,49,1496,0.10147773617716681
1449,51,1500,0.10148554847178284
1451,48,1499,0.10148849398470167
1443,47,1490,0.10148650451880528
1446,47,1493,0.10150195626751185
1444,48,1492,0.10150994509769225
1459,49,1508,0.10152174921477186
1458,48,1506,0.10150034373263965
1450,49,1499,0.1014827470702326
1436,48,1484,0.10148379170053336
1441,47,1488,0.10151405050313227
1433,52,1485,0.1015310449527509
1432,53,1485,0.1015644135063212
1434,51,1485,0.1015972172892969
1424,54,1478,0.10162273104208376
1423,57,1480,0.10166663300928373
1422,57,1479,0.10170912985620138
1411,61,1472,0.10175002810825015
1423,61,1484,0.1018105927934046
1427,59,1486,0.10184036450518054
1418,62,1480,0.10185892940677926
1413,64,1477,0.10189537734970094
1400,63,1463,0.10193932693592346
1416,66,1482,0.10200737967991629
1421,65,1486,0.10203485531715124
1420,66,1486,0.10204954915674164
1433,68,1501,0.10206488972891183
1444,69,1513,0.1020508887814915
1440,65,1505,0.10201478487894175
1441,66,1507,0.10199047659085164
1432,65,1497,0.10196593394672489
1425,67,1492,0.10196305688540484
1426,65,1491,0.10197566364786248
1439,65,1504,0.10198466184086394
1431,66,1497,0.10196517598112542
1434,66,1500,0.10196464553319175
1437,67,1504,0.10195756097166499
1433,70,1503,0.1019445177659646
1412,69,1481,0.10194144047523256
1417,69,1486,0.1019833016151134
1430,70,1500,0.10201128216343312
1427,72,1499,0.10200841144744138
1432,74,1506,0.10201235724898272
1428,74,1502,0.10200485313471024
1420,74,1494,0.10200691990013074
1420,71,1491,0.10202644442672164
1412,70,1482,0.10204394757648312
1418,66,1484,0.1020770070310018
1417,66,1483,0.10209449732532323
1412,66,1478,0.1021125996936571
1428,70,1498,0.1021392298797172
1423,70,1493,0.10212925778878006
1422,74,1496,0.10213105903135503
1429,76,1505,0.10213489245013108
1421,76,1497,0.10212351618595635
1419,78,1497,0.1021305847546515
1420,78,1498,0.10214153833693956
1425,77,1502,0.1021496324112983
1426,79,1505,0.102146139252435
1427,76,1503,0.10214075508466643
1416,75,1491,0.10213345760277072
1419,74,1493,0.10215058225676145
1419,73,1492,0.10216015191901238
1420,74,1494,0.10216869565712815
1415,72,1487,0.10217414079935748
1408,72,1480,0.10219012546949813
1420,73,1493,0.10221984550043794
1427,72,1499,0.10222068215810406
1429,72,1501,0.10220673737672854
1437,73,1510,0.10218994356254274
1433,77,1510,0.10215766692796344
1423,75,1498,0.10213627073113184
1415,75,1490,0.10213827729596119
1425,75,1500,0.1021576526377974
1426,75,1501,0.10215377686843721
1421,75,1496,0.10214810433677289
1411,78,1489,0.10215380337102119
1401,78,1479,0.10218057941255596
1405,79,1484,0.10222661087848481
1407,79,1486,0.10225968785633867
1408,83,1491,0.10228506099447313
1396,81,1477,0.10230622693615611
1405,87,1492,0.10235224877772912
1402,83,1485,0.10237504435808223
1398,88,1486,0.10240201639827458
1395,89,1484,0.10243567340270993
1412,92,1504,0.10247302250858394
1415,93,1508,0.10247028147538902
1409,94,1503,0.10246131002081116
1413,93,1506,0.10246575429975714
1404,93,1497,0.10246120626183838
1412,97,1509,0.10247596031346574
1420,96,1516,0.10247271279969158
1418,97,1515,0.10245257149792387
1404,95,1499,0.10243863144437354
1401,98,1499,0.10245621409620358
1396,96,1492,0.10247845920652264
1397,97,1494,0.10250966504229016
1391,98,1489,0.10253614187174229
1392,100,1492,0.10257300181038725
1411,100,1511,0.1026045348211866
1407,101,1508,0.10259197762982943
1405,102,1507,0.10258977349583112
1401,102,1503,0.1025918660546752
1397,106,1503,0.10260228297324567
1384,106,1490,0.10262095727004723
1368,110,1478,0.10266625669782997
1377,109,1486,0.10274209833186541
1389,110,1499,0.10279203979649477
1382,110,1492,0.10281156350551036
1377,110,1487,0.10284456637260503
1389,110,1499,0.10288568541644107
1385,111,1496,0.10289740307045073
1393,114,1507,0.10291714231691518
1380,115,1495,0.10291769481066304
1379,111,1490,0.10294680912328175
1371,114,1485,0.10297499359781391
1360,114,1474,0.10301805175812025
1381,116,1497,0.10308095094893986
1376,118,1494,0.10309291098877772
1373,120,1493,0.1031148976762895
1376,117,1493,0.10314153257121263
1374,123,1497,0.10315867937772434
1373,123,1496,0.10317866106412035
1379,120,1499,0.1031991671147152
1370,122,1492,0.10320485774123744
1367,121,1488,0.10323031540044304
1372,123,1495,0.10326004645859825
1386,125,1511,0.10327704497684237
1372,123,1495,0.10326162609545117
1368,120,1488,0.10327799218386785
1369,123,1492,0.10330131318520477
1364,126,1490,0.10332112252001201
1370,124,1494,0.10335017150302626
1371,123,1494,0.10336377497135457
1363,128,1491,0.10337364871491093
1355,123,1478,0.10340020855211715
1362,125,1487,0.10344183320406657
1367,131,1498,0.10346469702374232
1373,128,1501,0.10347470330129833
1360,129,1489,0.10347089178696034
1361,130,1491,0.10349529177673056
1354,129,1483,0.10351574626053207
1353,129,1482,0.10354901770378543
1345,134,1479,0.10358181237199936
1355,131,1486,0.10362879557186869
1355,127,1482,0.10365022911710142
1358,127,1485,0.10366958997458724
1355,128,1483,0.10368115248673754
1361,127,1488,0.10369823731032081
1369,133,1502,0.10370070619269818
1372,131,1503,0.10368564560837373
1366,129,1495,0.10366541167484364
1357,130,1487,0.10366024891804561
1371,133,1504,0.10367563275377151
1360,134,1494,0.103659405275567
1356,134,1490,0.10366848307138947
1346,139,1485,0.1036858129807958
1356,142,1498,0.10372381560870203
1363,143,1506,0.10373654410924905
1371,142,1513,0.10373280153303352
1351,141,1492,0.1037123445085438
1351,138,1489,0.103736966152035
1356,133,1489,0.10375871227382438
1354,135,1489,0.10376795541290962
1355,136,1491,0.10378080219389439
1353,137,1490,0.10378994327081056
1351,137,1488,0.10380302902756348
1350,139,1489,0.10381885173418323
1358,142,1500,0.10383624208374866
1354,138,1492,0.10383456139031129
1355,137,1492,0.10384194670397395
1371,135,1506,0.10384666719116399
1377,136,1513,0.10381634880028365
1374,134,1508,0.10377519931086568
1374,136,1510,0.10374445457401724
1368,137,1505,0.10371654290925758
1358,138,1496,0.10370389812826045
1358,140,1498,0.10371377596236708
1358,141,1499,0.1037225768959991
1350,141,1491,0.10373141936213219
1355,140,1495,0.10375743392829438
1362,140,1502,0.10376983397386638
1364,144,1508,0.10376627857798695
1349,146,1495,0.10375902083104087
1339,148,1487,0.10378513174536362
1334,147,1481,0.10383036761784936
1338,150,1488,0.10388242786438046
1336,148,1484,0.10392121768371297
1337,144,1481,0.10396094113952067
1340,138,1478,0.10399457070056131
1335,134,1469,0.1040189957777316
1339,138,1477,0.1040524914677258
1351,144,1495,0.10407473686203392
1344,148,1492,0.10406881263574076
1342,149,1491,0.1040784891319393
1345,153,1498,0.10409239126578726
1350,154,1504,0.10409858137667652
1332,155,1487,0.10409279045672833
1338,156,1494,0.1041267191691643
1346,155,1501,0.10414538056182504
1349,161,1510,0.10414508308919249
1340,161,1501,0.10413913873382093
1340,163,1503,0.10415315549199491
1340,163,1503,0.10416621347858683
1335,161,1496,0.1041778029754395
1334,157,1491,0.10419926763976133
1336,159,1495,0.10422096646639176
1343,159,1502,0.10423615060768958
1337,158,1495,0.10423457783514795
1320,160,1480,0.10424657569519655
1314,167,1481,0.10429453651178833
1313,167,1480,0.10435185781473943
1319,172,1491,0.10440628101894052
1326,173,1499,0.10444393375051643
1329,174,1503,0.10446274818036329
1326,176,1502,0.104473424665104
1325,167,1492,0.10448946702813154
1316,167,1483,0.10450623070243115
1335,169,1504,0.10454149297495047
1331,167,1498,0.10453243611653504
1323,168,1491,0.10453287097270758
1315,165,1480,0.10455126612183928
1317,168,1485,0.10458534107381996
1323,168,1491,0.10461209633430016
1326,171,1497,0.10462338906669633
1329,169,1498,0.10462738308945879
1339,170,1509,0.10462443980561918
1328,173,1501,0.10459973100336752
1330,178,1508,0.10460151288461356
1333,178,1511,0.10459842579108117
1316,179,1495,0.1045886801587553
1323,176,1499,0.1046169716875423
1324,176,1500,0.10462727721105558
1320,176,1496,0.1046344178791071
1319,176,1495,0.10465020985053694
1315,179,1494,0.10466701607178738
1319,177,1496,0.10469121957439612
1325,177,1502,0.10470414759036642
1329,174,1503,0.10470326406732891
1329,174,1503,0.10469416218104532
1328,176,1504,0.1046858816781301
1336,175,1511,0.10468053393795061
1333,182,1515,0.1046574257825235
1321,182,1503,0.10464365864110632
1332,182,1514,0.104656898748396
1314,179,1493,0.10464537177778174
1303,178,1481,0.10467473236071737
1306,183,1489,0.10472646446792883
1296,186,1482,0.10476680699958248
1301,189,1490,0.10482506866819183
1309,187,1496,0.10486791896871846
1314,186,1500,0.10488997616494788
1308,187,1495,0.10489932410173008
1308,189,1497,0.10492110605883292
1306,186,1492,0.10494151194330058
1316,190,1506,0.10496446455284346
1321,187,1508,0.10496367641808592
1312,180,1492,0.10495156731562147
1309,180,1489,0.1049599158307134
1298,187,1485,0.1049752005203587
1282,192,1474,0.10501266367294829
1303,193,1496,0.1050815195815245
1304,196,1500,0.10509856110801152
1301,198,1499,0.10511252982315918
1302,198,1500,0.1051321276165596
1298,201,1499,0.10514765159818584
1291,201,1492,0.105170599312839
1293,201,1494,0.10520714539309248
1295,198,1493,0.10523573587261666
1307,196,1503,0.10525761557263046
1312,196,1508,0.10525133336809041
1300,192,1492,0.10523450854592775
1298,193,1491,0.10524568943361366
1303,195,1498,0.1052601441940087
1305,194,1499,0.10526299402100146
1312,195,1507,0.10526068490569453
1292,197,1489,0.10524302867857649
1303,196,1499,0.10527075316524911
1298,197,1495,0.10527131243062207
1295,199,1494,0.10528318444006174
1308,198,1506,0.1053009327953016
1305,196,1501,0.10528835705498223
1307,196,1503,0.10528385016896344
1297,191,1488,0.10527508675554044
1312,192,1504,0.10528923057251674
1307,194,1501,0.10526946913779155
1305,191,1496,0.10526253545579696
1293,195,1488,0.1052606407192318
1291,192,1483,0.1052852065647747
1292,191,1483,0.10531180011049088
1305,188,1493,0.10533309346183393
1316,189,1505,0.10532439744762023
1317,187,1504,0.10529187487287923
1309,186,1495,0.10525974771399178
1296,184,1480,0.10524778595665658
1321,185,1506,0.10526527558249654
1308,187,1495,0.10522653853983663
1310,190,1500,0.10522006429317803
1318,189,1507,0.10521026837313784
1320,189,1509,0.10518367732454555
1314,191,1505,0.10515524449196921
1317,188,1505,0.10514175967811636
1314,186,1500,0.10512297762575529
1314,184,1498,0.10511265871313105
1307,190,1497,0.10510312791590151
1305,190,1495,0.10511056413590687
1309,196,1505,0.10512270604625958
1308,197,1505,0.10512485775264338
1302,200,1502,0.10512902222295206
1292,195,1487,0.1051469475509467
1297,198,1495,0.10518533040062066
1297,197,1494,0.10520880621302982
1304,197,1501,0.10523048169797289
1301,193,1494,0.10523473605963414
1296,197,1493,0.10524439040146123
1292,200,1492,0.10526385449033171
1286,200,1486,0.10529006242196988
1284,201,1485,0.1053279275578966
1281,200,1481,0.10536704171790198
1287,200,1487,0.10540982947054633
1292,198,1490,0.10543641442233899
1303,200,1503,0.10544879240502716
1304,198,1502,0.10543625328447105
1312,197,1509,0.10542252652017808
1314,195,1509,0.1053926727443209
1307,197,1504,0.10536069263049827
1303,201,1504,0.10534722595586675
1304,196,1500,0.10534365762408142
1301,199,1500,0.10533843336141224
1296,202,1498,0.10533981668761552
1303,205,1508,0.10535163341952965
1288,205,1493,0.1053476448033135
1297,199,1496,0.10537725485963993
1289,200,1489,0.10538524355924704
1302,201,1503,0.10541002127892563
1298,200,1498,0.10540365152743413
1290,201,1491,0.10540695285002999
1295,203,1498,0.1054281835217473
1294,208,1502,0.1054370412343554
1289,207,1496,0.10544762063885937
1273,199,1472,0.10546882763128701
1284,204,1488,0.10552394508684365
1294,201,1495,0.10555049620147297
1300,204,1504,0.10555213230155011
1299,207,1506,0.10554084700167837
1292,209,1501,0.1055326813710489
1296,208,1504,0.1055400841272662
1296,212,1508,0.10553871277514297
1300,215,1515,0.10553764408216398
1298,219,1517,0.10552730125599677
1294,220,1514,0.10552280487860866
1280,221,1501,0.10552727381703733
1278,224,1502,0.10556227565212356
1277,226,1503,0.10559849469083243
1283,227,1510,0.10563349791700027
1293,224,1517,0.10565230373792119
1296,218,1514,0.10564782618270346
1289,214,1503,0.10563726810819646
1286,218,1504,0.10564372098934267
1283,224,1507,0.1056553363558893
1263,226,1489,0.10567320499486567
1251,224,1475,0.10573381661006845
1254,226,1480,0.10581603354044261
1268,226,1494,0.10588408790677663
1273,232,1505,0.10591628899989444
1280,228,1508,0.10593422373477654
1267,228,1495,0.10593469762044791
1264,226,1490,0.1059639772033868
1275,224,1499,0.10599732938848057
1269,225,1494,0.10600365894867489
1268,228,1496,0.10602237665840768
1277,228,1505,0.10604116471084186
1270,229,1499,0.106038900424718
1279,227,1506,0.10605226414701896
1272,221,1493,0.10604433114344733
1265,225,1490,0.10605278661757797
1268,227,1495,0.10607612284523689
1256,229,1485,0.10609085055523775
1252,233,1485,0.10613048901164941
1263,239,1502,0.10617599747370128
1259,248,1507,0.10619285907327417
1257,253,1510,0.10621823394799927
1253,249,1502,0.10624665997598229
1260,251,1511,0.10628151971394685
1248,253,1501,0.1062986909590748
1258,258,1516,0.1063408967225434
1255,259,1514,0.10635753859476585
1236,263,1499,0.10637992847249837
1229,265,1494,0.10644355374850616
1240,262,1502,0.1065174458942581
1244,263,1507,0.10656085666767984
1240,265,1505,0.10659265624418815
1235,270,1505,0.10663084587671154
1224,267,1491,0.10667711956448031
1214,272,1486,0.10674461424342879
1222,269,1491,0.10682804105973698
1230,271,1501,0.10688659622834998
1225,279,1504,0.10692240218733129
1223,277,1500,0.10696643840930481
1231,274,1505,0.10701173708969469
1209,277,1486,0.1070353005073051
1220,278,1498,0.10710750792768607
1221,280,1501,0.10714923384818702
1213,275,1488,0.10718511912814527
1233,275,1508,0.10723543577357511
1219,273,1492,0.10723616792439492
1234,283,1517,0.10726795433204064
1234,285,1519,0.1072639197187339
1219,279,1498,0.10726040872081546
1223,280,1503,0.10729102691486499
1209,283,1492,0.107310221233069
1206,281,1487,0.10735855248913413
1210,281,1491,0.10740976398686629
1211,287,1498,0.10744791745096169
1210,288,1498,0.10748074162201393
1211,283,1494,0.10751313192221584
1199,285,1484,0.10754006154683475
1209,282,1491,0.10759203808309742
1216,280,1496,0.10761736175271835
1210,289,1499,0.10762572709389684
1211,285,1496,0.10764663690420892
1210,286,1496,0.10766393661156197
1205,282,1487,0.10768186474938425
1193,281,1474,0.10770950901927719
1190,289,1479,0.107762290588885
1198,292,1490,0.10781768536328845
1194,293,1487,0.10785028875963412
1187,286,1473,0.10788939599813087
1193,291,1484,0.10794164281799468
1189,300,1489,0.10797527201945269
1193,301,1494,0.10801480004953089
1190,293,1483,0.10804199114629746
1207,299,1506,0.10807424013980527
1202,298,1500,0.10806503645718955
1203,302,1505,0.10806905702706256
1201,301,1502,0.10807028770340948
1195,297,1492,0.10807597170855683
1196,298,1494,0.1080949639807672
1199,295,1494,0.10811125079099533
1182,304,1486,0.10811919867765676
1189,307,1496,0.10816443241989461
1188,307,1495,0.10819015735930218
1184,312,1496,0.1082170072738111
1187,308,1495,0.10825199638513422
1174,305,1479,0.10827739026575756
1181,306,1487,0.10832962970274833
1179,315,1494,0.1083609930200685
1167,315,1482,0.10839334845233876
1167,315,1482,0.10844931970615018
1186,312,1498,0.10850008699676889
1184,311,1495,0.10850397937463989
1182,315,1497,0.10851202227932069
1194,316,1510,0.10852410045134953
1199,320,1519,0.10850793432270706
1191,323,1514,0.10848263585033063
1194,320,1514,0.10847826115206143
1189,316,1505,0.1084684233175765
1191,314,1505,0.10847037536969284
1184,319,1503,0.10846719425528047
1191,325,1516,0.10848068822889927
1195,320,1515,0.10847641105683482
1186,311,1497,0.10846410609320452
1181,318,1499,0.10847336168132805
1170,326,1496,0.10849303084353061
1159,321,1480,0.10853677333107552
1153,317,1470,0.10860207959907588
1158,309,1467,0.10867584209892513
1170,313,1483,0.10873192021915185
1169,325,1494,0.10875509241524585
1167,330,1497,0.1087790172875243
1172,333,1505,0.10880592807439307
1169,325,1494,0.10881846049888172
1177,318,1495,0.10883722756337587
1184,322,1506,0.10883746369280804
1171,329,1500,0.1088214735897109
1167,330,1497,0.1088359765734857
1172,323,1495,0.10885871656410748
1179,326,1505,0.10886873911102488
1169,329,1498,0.10886213346662905
1168,331,1499,0.10887890301119615
1164,328,1492,0.10889741990254599
1162,328,1490,0.10892280378055584
1177,332,1509,0.10895009288511875
1178,332,1510,0.10894065862953672
1175,330,1505,0.10893014126124659
1167,334,1501,0.1089267520121484
1166,331,1497,0.10894132065394381
1162,335,1497,0.108957311239612
1170,334,1504,0.10898129089376059
1172,335,1507,0.10898596766219228
1172,336,1508,0.10898572622327504
1169,338,1507,0.1089856632618214
1156,345,1501,0.10899201501233119
1154,343,1497,0.10902692170177909
1161,343,1504,0.1090633451059209
1161,343,1504,0.10908108003670496
1164,342,1506,0.10909733063007604
1165,341,1506,0.1091054424262628
1164,343,1507,0.10911076345696348
1169,341,1510,0.10911883768735307
1167,337,1504,0.10911509442933501
1151,340,1491,0.10911674799127774
1154,342,1496,0.10915535807327272
1148,343,1491,0.10918366119304991
1151,351,1502,0.10922422370435492
1152,353,1505,0.10925319051124584
1158,348,1506,0.10927664097570616
1146,352,1498,0.10928535197073909
1150,351,1501,0.10932033217254215
1152,355,1507,0.10934398129861478
1149,352,1501,0.10936127085891659
1151,349,1500,0.10938318142388048
1139,348,1487,0.10939865257119945
1146,346,1492,0.10943955011387978
1149,345,1494,0.10946150227280399
1138,346,1484,0.10947502352246527
1139,341,1480,0.10951301856184621
1138,339,1477,0.10954562878186146
1150,342,1492,0.10957688348962843
1139,348,1487,0.10957748774965405
1152,349,1501,0.10960272494716056
1161,347,1508,0.10959492903800892
1163,340,1503,0.10956916641826052
1168,342,1510,0.1095414024232894
1155,338,1493,0.109505023210456
1145,335,1480,0.10950031871125464
1148,337,1485,0.10951934777984602
1153,339,1492,0.10952975451758157
1158,343,1501,0.1095276251896211
1149,348,1497,0.10951442273721725
1144,354,1498,0.10952263997447749
1144,361,1505,0.10954158626144941
1148,361,1509,0.10955902317178876
1145,360,1505,0.10956675138641302
1143,361,1504,0.10958163806563377
1136,365,1501,0.10959976916982495
1148,363,1511,0.10963259379273875
1132,364,1496,0.10963553267311067
1133,362,1495,0.10967611596139847
1143,357,1500,0.10971104990858144
1152,356,1508,0.10972083400268101
1155,358,1513,0.10970893445759035
1162,352,1514,0.10969184854643128
1162,354,1516,0.10965963499993009
1156,362,1518,0.10962977711501765
1154,361,1515,0.10961694203972737
1136,354,1490,0.10961025178155191
1125,358,1483,0.10964489448241739
1123,360,1483,0.10970196710089729
1130,358,1488,0.1097586001144387
1139,356,1495,0.10979454475779286
1151,364,1515,0.10980791414517341
1147,369,1516,0.1097926831152175
1138,373,1511,0.1097885670547874
1140,371,1511,0.1098058804037531
1146,368,1514,0.10981677754289677
1141,373,1514,0.10981426828992287
1140,371,1511,0.1098227469944865
1124,370,1494,0.10983266630925743
1116,376,1492,0.10987728328118085
1114,375,1489,0.10993609686755022
1120,368,1488,0.1099948880519279
1133,373,1506,0.11003573136099604
1139,381,1520,0.11004445713877314
1136,380,1516,0.11003852381844843
1130,381,1511,0.11004112587539368
1135,369,1504,0.11005695563530939
1136,369,1505,0.1100615107141368
1134,369,1503,0.11006309694074233
1132,375,1507,0.1100691030265874
1135,378,1513,0.11007849808806788
1134,378,1512,0.11007975382840865
1126,380,1506,0.11008345538934897
1133,375,1508,0.11010498010756187
1131,376,1507,0.11010878342576454
1130,378,1508,0.11011864994424794
1136,385,1521,0.11012890134580804
1129,390,1519,0.11012535310321998
1120,386,1506,0.11013841104431749
1129,383,1512,0.11016998323512411
1123,392,1515,0.11017893795045491
1115,396,1511,0.11020085771908156
1115,392,1507,0.11023968573592555
1102,388,1490,0.11027630265903994
1112,390,1502,0.11033824290651756
1104,392,1496,0.11037156667613107
1098,382,1480,0.11042151744728207
1093,389,1482,0.11048172772443081
1100,396,1496,0.11054802770150567
1109,399,1508,0.11059315353735766
1106,394,1500,0.11061337323647578
1089,395,1484,0.11063906228386575
1090,393,1483,0.110702378210424
1089,393,1482,0.11075863975878192
1092,391,1483,0.11081299442444065
1100,387,1487,0.1108555113493367
1106,389,1495,0.11087520845188299
1086,389,1475,0.11087829487342367
1083,388,1471,0.11092760661434226
1090,385,1475,0.11098100768395038
1097,397,1494,0.1110138535803099
1097,401,1498,0.11102815113359171
1111,403,1514,0.11104094468833299
1105,401,1506,0.11102117840231251
1099,396,1495,0.11101825699165246
1108,396,1504,0.11102867682694523
1096,406,1502,0.11101864878205102
1084,409,1493,0.11103742692062198
1091,410,1501,0.11108323966021713
1097,406,1503,0.1111083965130501
1116,406,1522,0.11111746147069994
1128,402,1530,0.11108323925149095
1105,400,1505,0.11102329671420556
1100,404,1504,0.11102029463089856
1094,399,1493,0.11103057689357929
1099,402,1501,0.11105349001475444
1094,406,1500,0.11106323662088681
1092,410,1502,0.11108356020727567
1095,407,1502,0.11110714739767885
1093,402,1495,0.11112216063238523
1080,400,1480,0.11113991188106011
1069,405,1474,0.11118699668352161
1074,410,1484,0.11125591692864639
1077,405,1482,0.11130811204299774
1088,408,1496,0.1113504575405981
1080,404,1484,0.11136409650316853
1076,409,1485,0.11139485729855507
1084,424,1508,0.1114329264025163
1086,426,1512,0.11144954779616736
1076,422,1498,0.11146037349933638
1079,432,1511,0.11149371030240066
1077,425,1502,0.11151745572654416
1066,416,1482,0.11154365011160636
1073,422,1495,0.11159229232085481
1073,423,1496,0.11162150946507701
1068,420,1488,0.11164870890380761
1074,425,1499,0.11168446324826864
1080,428,1508,0.11170336944544061
1076,428,1504,0.11170658798237376
1076,427,1503,0.11171992704340264
1064,423,1487,0.11173163906005552
1066,419,1485,0.11177043022152017
1074,414,1488,0.11179987578978096
1072,418,1490,0.11180847053331451
1076,422,1498,0.11182093657983001
1059,423,1482,0.1118224800568858
1069,420,1489,0.11186263911996187
1067,415,1482,0.1118775191874169
1084,418,1502,0.11189656894847674
1081,427,1508,0.11187482377110168
1074,430,1504,0.11186237250235775
1081,424,1505,0.1118666608260626
1089,418,1507,0.11185457113798286
1083,413,1496,0.11182418839975064
1087,411,1498,0.11181143320170271
1101,411,1512,0.11178948435097168
1102,412,1514,0.11173659564812438
1114,409,1523,0.11168525896593934
1109,404,1513,0.11161049370188213
1097,409,1506,0.11155454079697355
1093,411,1504,0.11153016250942502
1102,403,1505,0.11151614432560361
1091,407,1498,0.11148366352293078
1084,417,1501,0.11147845249281468
1078,417,1495,0.11148935196745477
1078,414,1492,0.111514097169936
1084,412,1496,0.11153650675636058
1085,408,1493,0.1115421888308678
1086,406,1492,0.11154465787840896
1084,409,1493,0.11154410286621712
1082,415,1497,0.11154882600787502
1084,405,1489,0.11155741776678074
1087,415,1502,0.11156214800718027
1091,416,1507,0.11155972327710302
1097,412,1509,0.11154725886603334
1093,411,1504,0.11152327531392206
1089,415,1504,0.11151084081700759
1090,414,1504,0.11150841902335162
1092,417,1509,0.11150341770124936
1086,420,1506,0.11149352078875602
1090,414,1504,0.11149838495544842
1087,427,1514,0.11149408678229702
1080,426,1506,0.11149723652881395
1087,424,1511,0.11151618400445285
1074,423,1497,0.11151772741613528
1083,428,1511,0.11154985078221152
1072,432,1504,0.11155888987853878
1068,434,1502,0.111592670523987
1064,440,1504,0.1116338637492624
1065,431,1496,0.11168141342981285
1061,437,1498,0.11172329129489182
1064,437,1501,0.11177265043173225
1058,443,1501,0.11181107539651318
1055,440,1495,0.11185906549805463
1054,441,1495,0.11190999873401136
1061,442,1503,0.1119591951159667
1068,433,1501,0.11198954241527305
1060,438,1498,0.11200165062943894
1061,445,1506,0.11203162224175563
1052,443,1495,0.11205772754191337
1066,443,1509,0.11210278751409772
1058,449,1507,0.11211173190485535
1055,450,1505,0.11213837110525997
1067,450,1517,0.1121698795746503
1055,453,1508,0.1121708084574011
1051,453,1504,0.11220042079270633
1044,456,1500,0.11223707338929728
1051,452,1503,0.11228740235686367
1052,453,1505,0.11231642442234233
1045,454,1499,0.11234051065841136
1038,445,1483,0.11237927235119433
1028,452,1480,0.11243129847125999
1042,462,1504,0.11250208970656414
1045,458,1503,0.11253518456068413
1052,465,1517,0.11255997520213755
1041,463,1504,0.11256629636602578
1040,476,1516,0.11259795682653995
1041,471,1512,0.11262952801210613
1039,473,1512,0.1126563138797462
1030,477,1507,0.11268577353459516
1034,480,1514,0.11273465291884659
1039,479,1518,0.11277047307565159
1042,481,1523,0.11279313904967501
1041,476,1517,0.11280528944760014
1034,475,1509,0.11281756199888875
1026,471,1497,0.11284618028859984
1024,472,1496,0.11289008047943859
1027,469,1496,0.11293653047779326
1038,476,1514,0.11297225861047636
1032,475,1507,0.11297929097766701
1027,485,1512,0.11300045416105725
1026,486,1512,0.11303107452402118
1014,484,1498,0.1130616236866193
1016,483,1499,0.11311813499424118
1009,489,1498,0.11316483250023424
1009,494,1503,0.1132248248887695
1009,494,1503,0.11328080535393267
1012,500,1512,0.11333275450590309
1005,510,1515,0.11337368900474332
1005,507,1512,0.11342883274883608
1006,512,1518,0.11348100484177458
1003,510,1513,0.11352730366493625
995,509,1504,0.11357706298705406
999,510,1509,0.1136410582723285
986,513,1499,0.11368981118106326
996,513,1509,0.11376525295851433
995,511,1506,0.11381166998452608
994,511,1505,0.11385807029045729
990,513,1503,0.11390326017411119
990,505,1495,0.11395346405443281
987,516,1503,0.11400157361455487
990,520,1510,0.11405267025927081
984,514,1498,0.11409255245210194
978,507,1485,0.11414375616979143
981,515,1496,0.11420533361761315
972,509,1481,0.11425391366198058
980,521,1501,0.11431979000165722
980,520,1500,0.1143629430538151
981,521,1502,0.11440376416764042
979,526,1505,0.11443908658962948
985,528,1513,0.11447669390754601
980,532,1512,0.11449795810978784
976,523,1499,0.11452912640975235
982,526,1508,0.1145683513968137
970,526,1496,0.11459078993451914
973,530,1503,0.11464004503329343
963,536,1499,0.11467858742443252
963,535,1498,0.11473864744297016
972,536,1508,0.11479452308140119
964,538,1502,0.11482404207698949
964,541,1505,0.11487046304316745
960,535,1495,0.1149141189330672
963,547,1510,0.11496386934445338
957,548,1505,0.11500283520853205
948,550,1498,0.11505279129800698
946,552,1498,0.11512041084461654
945,544,1489,0.11518767538841565
946,545,1491,0.11525302892032861
947,552,1499,0.11530919894450635
946,556,1502,0.11536003072978541
949,550,1499,0.11540907145702313
950,549,1499,0.11544753190443596
956,543,1499,0.11548038273696022
964,548,1512,0.11549584004336416
956,542,1498,0.11549105473696762
951,541,1492,0.11550651782701384
943,538,1481,0.11553239294688503
961,542,1503,0.11557600493791981
951,544,1495,0.11557435359908123
947,551,1498,0.11559776808382499
942,552,1494,0.11562925290410889
947,544,1491,0.11567158694402582
952,553,1505,0.11569899904481179
954,553,1507,0.11571321048240774
943,545,1488,0.11572194852296121
948,553,1501,0.11575560579662655
961,543,1504,0.11577327945516781
953,547,1500,0.11576004292638978
944,551,1495,0.11576741424232626
933,554,1487,0.11579473981813297
933,548,1481,0.11584677954563098
937,549,1486,0.11589651421794382
944,547,1491,0.11593196593624694
942,551,1493,0.1159481083055486
938,547,1485,0.11596661114824623
930,547,1477,0.1159929422887408
934,551,1485,0.11603641066433408
941,554,1495,0.1160662613097922
949,561,1510,0.11607784859625773
938,559,1497,0.11606943479654555
947,564,1511,0.11608915976359097
941,565,1506,0.116086027339278
950,569,1519,0.11609718910816841
946,567,1513,0.11608490565704656
957,563,1520,0.1160820105185968
952,568,1520,0.11605372088288796
945,570,1515,0.11603957350678805
942,572,1514,0.11604464839168639
935,569,1504,0.11605454368796593
942,557,1499,0.11607956747786431
950,566,1516,0.11608606080643562
941,568,1509,0.11607305595713337
936,570,1506,0.11608211643445748
937,575,1512,0.11610178833256068
934,570,1504,0.11611677199156924
935,566,1501,0.11613827603911116
927,567,1494,0.11615686105638424
925,568,1493,0.11619407495972638
920,571,1491,0.11623208268270116
928,572,1500,0.11627906353335003
924,570,1494,0.11630454133521873
927,573,1500,0.1163378663935058
933,580,1513,0.11636087455645341
926,580,1506,0.11636849603127235
920,573,1493,0.11639109591578159
933,568,1501,0.1164272323837721
927,570,1497,0.11642888239423564
925,575,1500,0.11644479254449391
926,573,1499,0.11646366784104617
937,582,1519,0.11647983672565307
936,582,1518,0.11646916747140842
918,595,1513,0.11646188509689939
915,592,1507,0.11649743895406563
922,595,1517,0.1165392540393502
917,592,1509,0.11656196000569935
925,592,1517,0.11659356241043584
918,592,1510,0.11660483852150641
913,586,1499,0.11663212008570316
905,595,1500,0.11666964768891995
909,598,1507,0.11672374493557527
909,598,1507,0.11676407464784137
912,597,1509,0.1168018177234106
912,601,1513,0.11683073862517766
904,606,1510,0.11685642454540215
897,601,1498,0.11690099784979484
900,594,1494,0.1169587749558967
909,594,1503,0.11700471060271234
910,595,1505,0.11702431247866425
904,596,1500,0.11703970167977353
898,589,1487,0.11706928537599798
896,589,1485,0.117113349635524
888,597,1485,0.11715885177045646
892,604,1496,0.11722095777344267
881,613,1494,0.11726833208257821
882,616,1498,0.11733918573153215
877,608,1485,0.11740208280550313
878,610,1488,0.11747310405132814
873,618,1491,0.1175367750860245
873,626,1499,0.11760898262653546
872,629,1501,0.11767657769907931
884,624,1508,0.11774251837562759
881,613,1494,0.1177757836880168
882,620,1502,0.11781410999791472
885,625,1510,0.11784795615762231
878,619,1497,0.11787175579852543
871,625,1496,0.11791010395479468
874,632,1506,0.11796235647874818
870,632,1502,0.11800478401315502
868,631,1499,0.11805442145065262
860,637,1497,0.11810465014426054
854,636,1490,0.1181713798991458
860,644,1504,0.11824709475456496
861,649,1510,0.11830302902250174
865,632,1497,0.11835226198858408
872,635,1507,0.11839062076831308
877,635,1512,0.11840984583911957
871,640,1511,0.11841499500407014
870,639,1509,0.11843401800851946
867,644,1511,0.11845422776956237
861,640,1501,0.11848078707439318
865,640,1505,0.11852056203830255
869,643,1512,0.11854768482970852
870,632,1502,0.11856233264135596
863,640,1503,0.11857399918451893
872,646,1518,0.11860276114366418
864,647,1511,0.11860885937859024
862,651,1513,0.11863323514067993
858,653,1511,0.11866054704457975
854,648,1502,0.11869712585522701
851,652,1503,0.11874041284003915
849,663,1512,0.11878917533128368
848,670,1518,0.11883756383516118
850,661,1511,0.11888467875629782
856,662,1518,0.11892280829064415
847,663,1510,0.11894472467780844
841,655,1496,0.11898804467740176
839,663,1502,0.11904224220099469
840,665,1505,0.11909869441804087
842,660,1502,0.11914860393055351
843,673,1516,0.1191896432455977
841,673,1514,0.11922519640107683
833,670,1503,0.11926219304649377
835,675,1510,0.11931605706902047
833,667,1500,0.11936085340554524
834,684,1518,0.11940585553614307
828,682,1510,0.11944662731907117
841,677,1518,0.11949863021535517
831,682,1513,0.11951629059442727
826,687,1513,0.11955845016646194
825,691,1516,0.11960727672303217
816,695,1511,0.11965727358580804
819,694,1513,0.1197252245250246
812,694,1506,0.11978078594191578
800,695,1495,0.11985081585215225
799,698,1497,0.11994526332952564
796,703,1499,0.12003463324938235
795,710,1505,0.12012538848044194
799,709,1508,0.12021122489577336
803,704,1507,0.12028223882885376
805,713,1518,0.12033842359114572
807,715,1522,0.12038521144032495
801,716,1517,0.1204242736194844
795,715,1510,0.12047370767271887
788,710,1498,0.12053413496400286
785,718,1503,0.12060777468326059
786,724,1510,0.12068207133130704
787,718,1505,0.12074832058351377
793,726,1519,0.12080690179238605
779,728,1507,0.12084598528571668
781,734,1515,0.1209175217763103
780,732,1512,0.12098026389048673
769,729,1498,0.121040813513468
775,728,1503,0.12112445348960545
771,730,1501,0.12118660699499575
767,737,1504,0.12125623702819775
758,743,1501,0.12132888173168901
764,746,1510,0.12141951082526405
760,745,1505,0.12148843784515836
754,748,1502,0.12156394852570519
769,742,1511,0.12164943750713654
766,742,1508,0.12169173377426429
763,747,1510,0.12173759495935428
767,740,1507,0.12178740397346893
776,735,1511,0.12182454862371683
772,743,1515,0.12183660406258938
769,748,1517,0.12185948083227938
766,745,1511,0.1218867746398946
762,740,1502,0.12191967307402002
763,747,1510,0.12196048203839255
757,752,1509,0.12199599555145772
764,755,1519,0.12204212050851336
751,754,1505,0.12206843851542094
748,760,1508,0.12212412550838904
752,752,1504,0.12218317434345093
759,733,1492,0.1222281021356673
754,744,1498,0.12225253001905326
753,745,1498,0.12228721868110337
762,748,1510,0.12231959410133542
765,750,1515,0.12232838359781929
764,750,1514,0.12232931215885445
756,744,1500,0.12233187793166803
758,745,1503,0.12235441313442194
752,750,1502,0.1223696647970902
760,745,1505,0.12240034537388983
755,747,1502,0.12240870440745642
757,751,1508,0.12242845704076974
759,751,1510,0.12244095138584608
754,757,1511,0.12244878596908051
753,762,1515,0.12246913084169724
758,747,1505,0.12248962478728495
748,748,1496,0.12249442318492726
748,735,1483,0.12252422424573961
751,737,1488,0.12255280351769979
746,748,1494,0.12257222263336708
746,763,1509,0.12260276511924921
741,760,1501,0.1226311685268983
731,756,1487,0.12267019036068447
726,760,1486,0.12272958359045055
741,766,1507,0.12279856198375562
741,768,1509,0.12282619245136407
740,760,1500,0.12285146221760375
730,771,1501,0.12287899062488783
736,778,1514,0.12293108049702926
732,782,1514,0.12296486216167983
721,781,1502,0.12300624210630023
730,783,1513,0.12307037122954846
734,780,1514,0.12310739442594322
740,781,1521,0.12313149307420207
745,778,1523,0.1231382820016989
747,774,1521,0.12313388654699262
745,777,1522,0.12312526896549315
735,775,1510,0.12312156938753421
731,775,1506,0.12314469881040914
732,779,1511,0.12317564094246826
737,784,1521,0.12320304480945964
728,785,1513,0.12321546528660315
728,789,1517,0.12325067525436842
720,783,1503,0.12328514577304116
722,791,1513,0.12333734540621463
717,795,1512,0.12338180382927581
715,787,1502,0.12343589167052187
714,784,1498,0.12348949844364135
696,787,1483,0.12354395450789375
694,785,1479,0.12363903883748434
698,788,1486,0.12373182004884238
698,800,1498,0.1238077902420947
701,804,1505,0.12387825859994686
713,802,1515,0.12393670428233032
712,795,1507,0.12396311335649549
707,798,1505,0.12399043348319554
714,806,1520,0.12402815814816869
719,784,1503,0.12404750350378092
713,788,1501,0.12405415409519158
707,777,1484,0.12407378467628405
703,786,1489,0.12410655588870663
711,795,1506,0.12414562245199103
711,790,1501,0.12416100768552084
714,788,1502,0.12417639065438095
725,788,1513,0.12418184143141804
725,784,1509,0.12415878292642012
725,789,1514,0.1241377887586335
722,791,1513,0.12411930005003548
717,788,1505,0.12411057895128005
717,778,1495,0.12411410333262599
717,789,1506,0.12411979389057376
717,791,1508,0.12412556723272512
708,805,1513,0.12413099022526371
715,802,1517,0.12415738012726124
705,801,1506,0.12416659271206268
701,802,1503,0.12420299009136425
702,803,1505,0.12424695077521448
700,803,1503,0.1242865627105428
700,817,1517,0.12432917361400835
703,812,1515,0.12436768144130038
696,811,1507,0.12439661130500919
698,816,1514,0.12444026074740598
701,821,1522,0.1244756606913499
703,819,1522,0.12450107336660343
701,817,1518,0.1245198049088108
702,812,1514,0.12454304653160614
709,810,1519,0.12456217977008124
709,809,1518,0.12456178376924713
716,800,1516,0.1245585672409269
707,784,1491,0.12453920082811344
704,797,1501,0.1245411978654353
694,796,1490,0.12454851938162395
699,801,1500,0.12457969668047789
698,801,1499,0.12459565678395389
698,801,1499,0.12461248320654779
693,807,1500,0.12462759372930635
685,805,1490,0.12465293841159668
691,814,1505,0.1246955585360869
691,809,1500,0.12472308931269495
692,808,1500,0.12474847209748628
697,809,1506,0.12476988742801069
702,804,1506,0.12477879422651382
712,800,1512,0.12477448044090884
711,795,1506,0.124746492508182
705,790,1495,0.12472304712156264
716,798,1514,0.1247151560376145
711,798,1509,0.12468078638319138
704,814,1518,0.12466160966158586
708,805,1513,0.12466118954127854
699,807,1506,0.1246520316183236
701,792,1493,0.12466642556899918
694,808,1502,0.12467661594218755
683,806,1489,0.12470408702096086
678,814,1492,0.12475621869314661
677,812,1489,0.12481560646071095
673,816,1489,0.1248744997544287
671,822,1493,0.12494217859028833
673,829,1502,0.12500853489215125
674,830,1504,0.1250666049507167
680,832,1512,0.12511762701594176
690,818,1508,0.1251505222918948
681,832,1513,0.12515768114170212
672,838,1510,0.12518670442413618
675,830,1505,0.12523533945794804
674,828,1502,0.12527397517540872
665,827,1492,0.12531547041565413
665,835,1500,0.1253796925254121
662,834,1496,0.12543928685601738
661,847,1508,0.1255029187955349
651,848,1499,0.12556395382580393
657,850,1507,0.12564843485847474
652,851,1503,0.12571425302216915
656,858,1514,0.125788370258364
653,867,1520,0.1258486957050082
653,876,1529,0.1259124503708543
657,871,1528,0.12597102062319385
651,862,1513,0.12601738827678136
659,862,1521,0.12607596359137996
657,864,1521,0.1261110076862724
657,861,1518,0.1261520693889224
652,860,1512,0.12618734818186902
638,856,1494,0.1262310700822575
638,854,1492,0.12630529615175717
642,851,1493,0.12637402158737532
638,851,1489,0.12642993826312318
639,854,1493,0.12649183530522243
631,851,1482,0.1265477860323194
630,846,1476,0.12661848992896899
649,847,1496,0.12668565067207452
654,849,1503,0.12670272171536967
658,844,1502,0.12670472271874508
649,851,1500,0.1266972675577251
641,851,1492,0.12671208661669942
650,856,1506,0.12674570310620872
653,849,1502,0.12675259698587937
653,859,1512,0.1267521395000919
650,851,1501,0.1267517818387893
650,857,1507,0.12675863146105637
651,857,1508,0.12676606547701078
653,861,1514,0.1267691431772686
656,853,1509,0.1267683845335657
658,851,1509,0.1267618055288542
650,856,1506,0.12675103217019984
651,861,1512,0.12676263030494297
649,864,1513,0.1267694591515268
646,867,1513,0.1267801362645684
641,864,1505,0.126796169151341
642,862,1504,0.12682381240476995
645,859,1504,0.126846977900881
648,864,1512,0.12686184680829002
644,855,1499,0.12686888439361063
654,859,1513,0.1268852880965733
658,852,1510,0.1268757822381235
657,851,1508,0.12685814594148778
658,851,1509,0.12684406683302513
657,846,1503,0.12682837679650752
656,848,1504,0.12681622889696711
652,860,1512,0.1268077042638412
654,854,1508,0.1268090768580206
646,859,1505,0.12680663235130082
653,858,1511,0.12682196034871415
650,866,1516,0.1268193485348738
657,865,1522,0.1268241944774069
659,864,1523,0.12681075926571364
645,860,1505,0.12679410399745067
641,864,1505,0.12681323345470655
643,859,1502,0.12684207981858958
638,866,1504,0.1268655128372591
634,870,1504,0.1268990226521138
635,862,1497,0.12694059645126413
629,870,1499,0.1269756029774103
631,866,1497,0.12702387569526086
634,868,1502,0.12706387194894808
640,874,1514,0.12709244998516173
634,869,1503,0.12710362463122926
631,870,1501,0.1271283275531657
637,876,1513,0.12715521733250953
632,858,1490,0.12716497828255932
629,875,1504,0.12718767156249403
628,874,1502,0.1272181549666155
628,865,1493,0.12724858686782034
625,872,1497,0.12727616956653923
626,861,1487,0.1273094717934007
635,863,1498,0.12733772053689418
642,864,1506,0.1273404660178286
640,870,1510,0.1273267712899593
633,874,1507,0.12731972352067772
647,868,1515,0.1273313245802138
645,874,1519,0.1273064421849099
635,876,1511,0.12728868235036064
636,881,1517,0.12729719697402175
633,878,1511,0.12730413823403067
639,880,1519,0.12731642541044902
626,883,1509,0.12731116081265173
629,870,1499,0.12733783779377597
632,875,1507,0.1273549053447758
633,861,1494,0.12736305192615152
632,855,1487,0.12736823080803156
632,866,1498,0.12737397543211687
630,876,1506,0.12737915217332252
634,874,1508,0.127389401979495
629,873,1502,0.1273888948602273
628,877,1505,0.12740071409686976
629,892,1521,0.1274127094307069
619,892,1511,0.1274220782508414
616,890,1506,0.1274554372030803
617,892,1509,0.12749205607228564
612,891,1503,0.12752306843211078
614,896,1510,0.12756444166553876
625,890,1515,0.12759679825248965
624,883,1507,0.12760011582630235
622,890,1512,0.12760634456846404
624,890,1514,0.12761856131405871
624,887,1511,0.1276252390364757
622,885,1507,0.12763126983624806
620,881,1501,0.12764141727949652
626,891,1517,0.12765643555735676
622,885,1507,0.12765583124426338
622,888,1510,0.1276649151768061
625,892,1517,0.12767253510288964
618,883,1501,0.12766978326841794
620,892,1512,0.12768494769897543
605,890,1495,0.12769478982446053
609,896,1505,0.12773962045007348
610,896,1506,0.1277715603395644
610,899,1509,0.1277996961359349
622,894,1516,0.12782641577358222
623,879,1502,0.12782218155309777
613,880,1493,0.12781702017673344
612,881,1493,0.1278373948897916
616,891,1507,0.1278588517964256
611,896,1507,0.1278690989594855
616,886,1502,0.12789194093077202
619,895,1514,0.12790315445137843
617,883,1500,0.12790375179794705
617,882,1499,0.12791022858875478
614,878,1492,0.12791705787226293
602,888,1490,0.12792942123154621
605,883,1488,0.12797124413660407
602,891,1493,0.12800199071376755
611,889,1500,0.1280398149897966
601,895,1496,0.12805195588903762
600,913,1513,0.1280876854941143
602,922,1524,0.12812378454715986
590,914,1504,0.1281519684925636
587,921,1508,0.12820914013901252
591,921,1512,0.1282699471398017
589,911,1500,0.12831631198250068
594,908,1502,0.12836289748953367
594,909,1503,0.12839534783922846
595,922,1517,0.1284258499356848
586,916,1502,0.12845185241114332
597,926,1523,0.12849831123463992
598,925,1523,0.12851355508056772
602,921,1523,0.12852501401475194
602,918,1520,0.1285248712657423
601,916,1517,0.1285255118094617
590,910,1500,0.1285302031107415
600,922,1522,0.12856124554773157
599,912,1511,0.12856263897186432
585,915,1500,0.12856766973891307
595,908,1503,0.1286056570669382
596,903,1499,0.12861508544211933
594,902,1496,0.1286208076630139
598,915,1513,0.12863247325399768
587,921,1508,0.1286341502637918
593,914,1507,0.1286629816266413
591,920,1511,0.12867378334443347
587,914,1501,0.128686926487056
588,925,1513,0.1287098417792413
582,920,1502,0.12872962319611936
590,926,1516,0.12876398868446323
578,926,1504,0.12877642419524918
582,921,1503,0.1288170030796502
579,929,1508,0.1288460384192769
583,931,1514,0.12888034918487234
585,930,1515,0.1289042502480853
583,931,1514,0.12892149838576197
585,929,1514,0.12894390338936154
583,929,1512,0.1289590051890046
574,937,1511,0.1289779708501283
576,936,1512,0.129019919284187
575,930,1505,0.12905401625472251
575,938,1513,0.1290881125052998
571,943,1514,0.12911944369598907
567,938,1505,0.1291601498750137
566,934,1500,0.12920679103955351
576,947,1523,0.12925332018412314
576,937,1513,0.12926923772996698
579,932,1511,0.12928452404842297
581,926,1507,0.1292923325396296
580,933,1513,0.12929411499517804
574,934,1508,0.1292974996599581
575,943,1518,0.1293152709153614
573,946,1519,0.1293297775774601
572,957,1529,0.12934720596392427
568,946,1514,0.12936695933365333
560,945,1505,0.129394664609416
553,940,1493,0.12943846369386822
550,938,1488,0.12949814694726086
547,936,1483,0.12956227549137286
553,937,1490,0.1296311571212256
560,943,1503,0.12967823667954945
555,955,1510,0.12970664629170853
551,952,1503,0.12974642657034732
555,946,1501,0.12979501951122557
559,955,1514,0.12983166400043847
556,960,1516,0.12985556257917266
560,964,1524,0.1298863977104839
557,953,1510,0.1299061754377232
553,957,1510,0.12993266189870886
563,958,1521,0.12996946965804076
569,955,1524,0.12998078826381743
560,958,1518,0.12997610461793319
553,960,1513,0.1299949038495701
551,964,1515,0.13003111786331803
547,962,1509,0.13007080012531813
545,966,1511,0.13011830229406235
545,971,1516,0.13016757620279562
540,976,1516,0.13021401784787318
542,975,1517,0.13027312088220902
535,972,1507,0.13032393310071083
531,963,1494,0.13038932692286417
528,965,1493,0.13046231474030834
524,968,1492,0.1305383148554923
532,961,1493,0.13061937179768002
537,967,1504,0.13067460137414058
539,966,1505,0.13071214454469776
532,969,1501,0.13074145871214735
534,979,1513,0.13078517815540847
528,988,1516,0.1308213708707246
528,984,1512,0.13087019660870303
530,978,1508,0.13091507786093248
530,979,1509,0.13095155443747714
528,970,1498,0.13098482695072722
533,980,1513,0.13102006224508525
535,976,1511,0.1310396292451365
535,971,1506,0.131053557724287
521,974,1495,0.1310668899429326
519,978,1497,0.13111624037505748
520,980,1500,0.13117026647224006
515,982,1497,0.13121758750943754
513,984,1497,0.13127474406911394
517,978,1495,0.13133208518401815
515,989,1504,0.13137495269791072
521,987,1508,0.13141842999036207
518,990,1508,0.13144495493537517
521,988,1509,0.13147699724732007
518,986,1504,0.13149941273073712
513,981,1494,0.13152926151126512
515,992,1507,0.13157074953466444
522,990,1512,0.131603168565433
518,987,1505,0.13161671853974025
525,981,1506,0.13163959901728262
525,987,1512,0.1316429877799943
520,986,1506,0.13164693786186357
517,995,1512,0.13166540438996938
515,997,1512,0.13168907568231009
521,988,1509,0.13171539167659552
515,994,1509,0.13172583189424258
509,984,1493,0.13175047488854877
517,990,1507,0.13178933472965623
521,997,1518,0.13180568008853746
524,995,1519,0.13181011211009136
522,993,1515,0.13180724810615713
519,1000,1519,0.13181037029003548
522,1000,1522,0.13182140451943533
512,995,1507,0.1318235917601937
504,995,1499,0.13185244173401933
496,993,1489,0.13189986609289114
498,1007,1505,0.1319643912528792
504,1012,1516,0.13201809780883558
497,1005,1502,0.13205317101077182
501,1002,1503,0.13210281927123327
501,993,1494,0.1321386252526821
516,1001,1517,0.13217399494515522
514,997,1511,0.13216912048952215
514,999,1513,0.13217062943870914
515,998,1513,0.1321722712878086
507,994,1501,0.13217129153808016
504,995,1499,0.1321893739613561
519,1003,1522,0.13221509581299462
520,990,1510,0.13220033136236775
516,996,1512,0.13218517076933836
521,997,1518,0.13218115535255684
521,1004,1525,0.132165374031655
522,996,1518,0.1321509828149572
528,999,1527,0.1321343479541492
517,997,1514,0.13210472625987849
520,996,1516,0.13210386025624543
518,998,1516,0.13209516227203819
516,1008,1524,0.1320931185418247
508,1016,1524,0.13209816303616065
504,999,1503,0.13212168412590816
503,1004,1507,0.13215354891159412
501,998,1499,0.13218478239940007
507,992,1499,0.1322178600432272
508,993,1501,0.13223434221782998
504,1002,1506,0.13224718487656936
498,1008,1506,0.13227035399692155
502,1013,1515,0.13230761118245948
505,998,1503,0.1323322305339206
506,1004,1510,0.13234720648124845
511,1006,1517,0.1323589781347289
503,999,1502,0.13235775465443708
504,1003,1507,0.13237645711207624
507,996,1503,0.13239095049832328
511,998,1509,0.1323966075481609
507,1009,1516,0.1323915616267541
508,1014,1522,0.13239745566643013
504,1004,1508,0.13239941897703042
508,998,1506,0.13241009304759824
500,993,1493,0.13241008392790704
501,995,1496,0.13243048052356182
499,996,1495,0.13244721241681728
498,1002,1500,0.13246791820707154
493,1002,1495,0.13248950985532282
505,999,1504,0.1325216672644157
504,1003,1507,0.13252257111588453
504,1002,1506,0.132525337864379
487,1015,1502,0.13252837218023353
488,1011,1499,0.13257200720593512
489,1011,1500,0.13260982263676457
494,1010,1504,0.13264456426153692
496,1017,1513,0.13266452485245706
494,1020,1514,0.13267688720082654
493,1022,1515,0.13269241639324658
490,1013,1503,0.13270862464416439
495,1016,1511,0.13273210865046228
498,1020,1518,0.13274034851867572
491,1024,1515,0.1327409534516557
489,1003,1492,0.1327581580869125
487,997,1484,0.1327797810034352
489,1005,1494,0.13280552762298675
481,1008,1489,0.1328229878938097
474,1005,1479,0.13286258303393353
482,1014,1496,0.1329174556337145
476,1022,1498,0.13294793307359393
476,1017,1493,0.13299042794010557
478,1012,1490,0.13303064484336866
486,1018,1504,0.13306211032294354
493,1010,1503,0.13307182642290197
487,1012,1499,0.13306233708732373
488,1011,1499,0.1330688363933935
492,1017,1509,0.13307246456401642
490,1009,1499,0.13306622096094967
485,1021,1506,0.13306662018349777
488,1030,1518,0.1330793171055635
486,1022,1508,0.13308320126122236
480,1025,1505,0.13309374879284624
483,1027,1510,0.1331204029656302
490,1032,1522,0.13313814996715964
484,1032,1516,0.13313676588720866
488,1026,1514,0.1331496767897686
486,1035,1521,0.13315233467257215
485,1050,1535,0.13316036361403719
477,1040,1517,0.13317170667889225
480,1026,1506,0.13320196561417544
484,1030,1514,0.1332227020280551
479,1027,1506,0.13323024652164395
476,1027,1503,0.13325033697893388
482,1029,1511,0.1332759516943978
485,1035,1520,0.13328568688086329
478,1043,1521,0.1332878242806445
483,1044,1527,0.13330751790705078
474,1045,1519,0.1333120752683249
468,1049,1517,0.13334000176619104
463,1037,1500,0.1333815895798671
466,1040,1506,0.13343315387707355
460,1041,1501,0.13347377960295964
463,1049,1512,0.1335284949208617
459,1039,1498,0.13357052639325087
464,1047,1511,0.133619326731412
464,1042,1506,0.1336509371571995
464,1054,1518,0.13368044466215562
457,1049,1506,0.1337079970704536
461,1046,1507,0.13375049771315317
465,1050,1515,0.13378040286600001
464,1044,1508,0.13379797189240467
470,1050,1520,0.13381758328675752
475,1044,1519,0.13382198402770235
478,1041,1519,0.13381254748137947
471,1048,1519,0.13379613661899897
472,1047,1519,0.13379647090038493
473,1044,1517,0.1337931144409934
471,1049,1520,0.1337875775145109
472,1031,1503,0.133788181218627
470,1031,1501,0.13378537266169158
476,1043,1519,0.13378684578981884
482,1042,1524,0.13377273420870228
487,1039,1526,0.13374382799586917
480,1037,1517,0.13370468387126813
475,1033,1508,0.13368645149354602
472,1035,1507,0.13368242957502716
464,1034,1498,0.13368817060963897
465,1047,1512,0.13371269564312394
470,1051,1521,0.1337325508031161
475,1048,1523,0.13373926525919702
460,1034,1494,0.13373176747934182
458,1041,1499,0.1337631743627555
458,1042,1500,0.1337981357359256
462,1043,1505,0.13383015358657593
454,1037,1491,0.1338495116910164
452,1046,1498,0.13388782049188955
461,1045,1506,0.13392729359480054
466,1044,1510,0.13394182721156583
473,1046,1519,0.13394276986908618
472,1040,1512,0.13392493346161596
474,1044,1518,0.1339120322917788
477,1046,1523,0.1338943844534063
472,1045,1517,0.1338702824741844
475,1044,1519,0.13385981964299468
471,1039,1510,0.1338426054795116
471,1047,1518,0.13383771680007353
472,1052,1524,0.1338323499423039
471,1048,1519,0.1338255132716091
473,1050,1523,0.13382175548922182
467,1044,1511,0.13381280282842994
466,1039,1505,0.13381909188456687
466,1031,1497,0.13382889692780103
473,1047,1520,0.13383779638291313
473,1042,1515,0.13382880193905147
475,1052,1527,0.1338190621031752
477,1049,1526,0.13380250598946575
468,1041,1509,0.13378118772050532
458,1043,1501,0.13378357657591175
454,1051,1505,0.13381193683190848
459,1055,1514,0.13384868558142793
460,1053,1513,0.13386919004634062
464,1047,1511,0.1338866401713972
467,1039,1506,0.13389278845907743
461,1031,1492,0.13389012628851732
468,1035,1503,0.13390371121831884
463,1045,1508,0.13389934134703382
459,1042,1501,0.1339063213783419
461,1054,1515,0.13392259549638186
461,1046,1507,0.13393185140571565
461,1053,1514,0.1339417775509184
464,1052,1516,0.1339492403232831
458,1051,1509,0.13394942598498807
456,1042,1498,0.1339660757213002
456,1049,1505,0.13398549746761532
456,1052,1508,0.1340034621342575
459,1050,1509,0.13401999473201978
459,1048,1507,0.1340293342091
446,1049,1495,0.1340371758941553
455,1041,1496,0.13407860637902144
457,1047,1504,0.1340928490790825
456,1047,1503,0.13410034205138424
450,1044,1494,0.1341102010982094
453,1039,1492,0.13413515232637802
468,1031,1499,0.13415155368314907
467,1034,1501,0.13412716070497616
467,1048,1515,0.1341068149262298
460,1040,1500,0.13408856467165578
462,1048,1510,0.134090066197682
447,1051,1498,0.13408713028162145
448,1057,1505,0.13412239183182487
457,1064,1521,0.1341525613754028
455,1067,1522,0.1341567924095564
457,1069,1526,0.13416610291016512
455,1071,1526,0.13417008328981597
456,1065,1521,0.13417811365654228
459,1075,1534,0.13418402101979435
452,1062,1514,0.13418136206518863
453,1064,1517,0.13419743190070738
458,1064,1522,0.1342102117644765
454,1065,1519,0.1342081681143351
443,1065,1508,0.1342178621133527
443,1069,1512,0.13425627476267038
451,1072,1523,0.1342911325820741
439,1067,1506,0.13430220539363405
434,1062,1496,0.13434431369057473
432,1060,1492,0.13439755522985414
425,1074,1499,0.13445082017633844
432,1072,1504,0.13451857738833856
438,1071,1509,0.1345619527150643
441,1063,1504,0.1345882071240136
439,1057,1496,0.134603905443642
433,1068,1501,0.13462425714395507
434,1066,1500,0.1346594070432358
429,1076,1505,0.13468896096962563
434,1085,1519,0.13472979773452853
436,1086,1522,0.13475677841365982
434,1084,1518,0.1347774592302322
433,1084,1517,0.13480088077674224
432,1079,1511,0.1348245675519464
433,1092,1525,0.1348502069310167
433,1088,1521,0.13487159014895006
432,1094,1526,0.13489158676036364
429,1087,1516,0.13491283406758353
424,1079,1503,0.13494104320104228
426,1083,1509,0.13497931387376957
429,1083,1512,0.13500906856718353
425,1081,1506,0.13502861796473417
427,1059,1486,0.13505825781984135
434,1069,1503,0.13508049069225647
432,1068,1500,0.13508309653455128
425,1065,1490,0.13509098304867226
426,1066,1492,0.13511785208285493
432,1064,1496,0.1351407611003867
434,1075,1509,0.1351472042362512
437,1064,1501,0.13514776235228393
438,1079,1517,0.13514041322231088
446,1070,1516,0.1351313387980655
441,1059,1500,0.13510220943076992
442,1070,1512,0.13508818787891946
441,1069,1510,0.135073779445203
440,1076,1516,0.13506274671704982
436,1076,1512,0.1350549835834229
430,1075,1505,0.13505821926133563
424,1077,1501,0.13507642591410451
423,1080,1503,0.1351085125551189
418,1090,1508,0.13514196842725046
424,1090,1514,0.13518584120633803
421,1097,1518,0.13521253612323025
426,1082,1508,0.13524373804490739
421,1082,1503,0.13526014113505366
421,1084,1505,0.1352869358001248
424,1081,1505,0.1353110867908477
422,1074,1496,0.1353255728678845
418,1081,1499,0.13534277456105243
420,1080,1500,0.13536790809694346
422,1081,1503,0.13538611614175444
425,1076,1501,0.13539804961658292
421,1082,1503,0.13540129239842666
421,1084,1505,0.13541423847399836
419,1087,1506,0.13542680115789504
416,1091,1507,0.13544365440516107
417,1092,1509,0.13546803397684454
422,1090,1512,0.1354872482484813
419,1095,1514,0.13549215106015391
422,1087,1509,0.13550521068471458
411,1080,1491,0.13550909643677078
414,1071,1485,0.13554095846807582
416,1065,1481,0.13556189641431307
418,1071,1489,0.13557568308061185
413,1061,1474,0.13558366610177153
415,1080,1495,0.13560563817651228
413,1086,1499,0.13562028390311337
421,1091,1512,0.13563916747850782
411,1081,1492,0.13563628755742
417,1083,1500,0.1356594901785057
420,1080,1500,0.13566557359611772
425,1082,1507,0.13566401412341583
420,1086,1506,0.1356500539627837
418,1088,1506,0.1356490573583944
418,1089,1507,0.13565309746300563
419,1083,1502,0.13565631769136557
422,1081,1503,0.135657433346357
427,1090,1517,0.13565119773221188
422,1085,1507,0.13563403038479754
418,1088,1506,0.13563024597057818
409,1083,1492,0.13563719185063933
415,1093,1508,0.13566816382851804
420,1095,1515,0.1356793565962075
422,1099,1521,0.1356769059052993
418,1105,1523,0.13566867104348343
420,1102,1522,0.1356709226721309
418,1098,1516,0.13566835902148347
411,1101,1512,0.1356725158503336
406,1098,1504,0.1356958031844412
406,1107,1513,0.13573100709365105
417,1106,1523,0.1357638111874914
414,1110,1524,0.13576565435768004
406,1113,1519,0.13577535984461173
400,1109,1509,0.13580522221613056
402,1107,1509,0.13584908122576603
401,1104,1505,0.13588410687170213
408,1092,1500,0.13591895523050518
413,1099,1512,0.13593383759287347
411,1097,1508,0.1359351217572041
412,1094,1506,0.13594072537316562
409,1098,1507,0.13594375703572084
412,1103,1515,0.13595428144988606
413,1100,1513,0.1359558014949192
417,1101,1518,0.1359552319874623
411,1092,1503,0.1359449318701883
404,1095,1499,0.13595125329543364
406,1093,1499,0.13597529715757434
409,1102,1511,0.13599236186585337
412,1105,1517,0.13600034895199262
410,1093,1503,0.13599952017120878
415,1101,1516,0.1360049288291589
411,1093,1504,0.13599705832512612
414,1099,1513,0.13599971919743192
407,1114,1521,0.13599484327341554
407,1119,1526,0.13600918023676065
401,1118,1519,0.13602481495047095
401,1110,1511,0.13605641164646823
395,1113,1508,0.1360857706256595
400,1112,1512,0.13612959495665847
402,1106,1508,0.13615809445095584
400,1110,1510,0.13617941885856732
397,1109,1506,0.1362056737099235
399,1110,1509,0.1362378430738736
391,1122,1513,0.13626303109813764
394,1116,1510,0.136308428527391
389,1114,1503,0.13634252839618502
390,1118,1508,0.1363855613158385
385,1115,1500,0.1364234102594671
388,1115,1503,0.136471144018684
390,1108,1498,0.1365075336463132
390,1110,1500,0.13653510363069116
381,1123,1504,0.13656140596208236
382,1128,1510,0.13661018163324604
380,1134,1514,0.1366539812355153
375,1122,1497,0.13669942198010024
373,1125,1498,0.13675388101418487
383,1140,1523,0.13681010062956367
385,1139,1524,0.13683667944018285
384,1132,1516,0.13685516573506334
379,1126,1505,0.13687475080097514
376,1127,1503,0.1369055967473295
370,1129,1499,0.13694303113914377
365,1121,1486,0.1369926217902434
363,1131,1494,0.13705133259446758
370,1138,1508,0.13711218454538732
371,1142,1513,0.13715011663818497
374,1138,1512,0.13718213062802856
371,1141,1512,0.13720440828739153
372,1145,1517,0.1372339828521456
368,1159,1527,0.137257238777766
366,1162,1528,0.1372893607750491
361,1173,1534,0.13732591731335753
361,1160,1521,0.1373729029311418
355,1157,1512,0.1374167876005614
354,1155,1509,0.13747241177801367
355,1159,1514,0.1375259227695527
357,1152,1509,0.13757351227617254
356,1142,1498,0.13761285954312993
359,1151,1510,0.13765167448215482
355,1150,1505,0.13767927761387558
357,1149,1506,0.13771418085517118
361,1157,1518,0.1377407558668311
354,1148,1502,0.1377540805262171
350,1152,1502,0.13778606899065177
351,1162,1513,0.1378273084854177
357,1164,1521,0.13786344289245464
354,1167,1521,0.13788237553637098
354,1165,1519,0.13790752332910128
355,1162,1517,0.1379301959600893
358,1152,1510,0.13794774607072013
359,1151,1510,0.13795595090837756
357,1150,1507,0.1379616589815217
357,1156,1513,0.13797252789908881
356,1167,1523,0.13798341301412467
357,1152,1509,0.13799462512442376
357,1164,1521,0.13800392976363887
358,1151,1509,0.1380127319976998
361,1154,1515,0.13801605290617172
359,1152,1511,0.138009858376077
355,1162,1517,0.1380091074673259
354,1156,1510,0.13801919813705177
354,1166,1520,0.13803147920537795
351,1168,1519,0.1380440884515915
351,1173,1524,0.13806411392295692
348,1169,1517,0.13808232000392306
342,1160,1502,0.1381078306432892
341,1161,1502,0.1381462124378799
335,1170,1505,0.13818446649077096
331,1165,1496,0.13823724895393139
325,1169,1494,0.13829467372697024
325,1174,1499,0.1383640143913751
321,1183,1504,0.1384293113837274
332,1190,1522,0.13850038721700625
336,1188,1524,0.13853831044698506
331,1175,1506,0.1385620902387332
329,1189,1518,0.1385976953736503
327,1183,1510,0.13863583423646678
323,1174,1497,0.13867565408723304
325,1179,1504,0.13872359985761334
325,1180,1505,0.13876235032952572
321,1184,1505,0.1387978729707493
318,1195,1513,0.1388414826851845
326,1187,1513,0.13888966520329954
331,1188,1519,0.13891366774177574
328,1191,1519,0.1389219217368045
328,1194,1522,0.13893789523650965
323,1194,1517,0.138952520227857
323,1193,1516,0.13898027428840198
323,1184,1507,0.13900654219928302
321,1188,1509,0.13903081740191855
319,1186,1505,0.1390595361008937
318,1199,1517,0.13909200955672674
322,1205,1527,0.13912587908619264
318,1203,1521,0.1391467742920097
319,1198,1517,0.13917722707759186
321,1204,1525,0.13920273102947736
322,1206,1528,0.13922105233835222
321,1198,1519,0.1392361255713415
315,1199,1514,0.139253373369512
316,1191,1507,0.1392855907670927
314,1196,1510,0.1393132025254824
313,1204,1517,0.13934380437677293
315,1209,1524,0.13937526091012276
313,1205,1518,0.13939902318191133
315,1206,1521,0.1394268777850414
310,1200,1510,0.13944748207077853
314,1208,1522,0.13948052216518939
313,1208,1521,0.1395003956794246
306,1205,1511,0.13952057268324494
303,1202,1505,0.13955813862455904
303,1204,1507,0.13960109515036762
304,1205,1509,0.13964012304381787
308,1210,1518,0.13967407715939278
309,1211,1520,0.13969481471511627
304,1220,1524,0.1397118460430797
297,1218,1515,0.13974178397758552
295,1213,1508,0.13978911323639642
297,1220,1517,0.1398390071215963
295,1213,1508,0.13988045448637107
295,1203,1498,0.13992463016917484
291,1200,1491,0.13996534590417406
285,1203,1488,0.14001334824823974
287,1201,1488,0.1400745903398833
284,1210,1494,0.14012770575590114
290,1230,1520,0.14018428424235985
292,1243,1535,0.14022020731997525
290,1229,1519,0.14024829185266807
286,1218,1504,0.14028085079218394
286,1211,1497,0.14032236614566082
291,1223,1514,0.14035966023112242
284,1221,1505,0.14038056611896857
283,1223,1506,0.14041885151045158
283,1217,1500,0.1404566500604561
284,1214,1498,0.14049289849706664
280,1226,1506,0.14052325465446544
277,1221,1498,0.14056267417667523
278,1227,1505,0.14060779349751087
275,1228,1503,0.14064637325775262
267,1236,1503,0.1406919528619804
268,1225,1493,0.1407560300233604
273,1240,1513,0.14081274365917115
279,1247,1526,0.1408515210909864
273,1252,1525,0.14087172453539207
269,1245,1514,0.14090668612199367
266,1240,1506,0.1409493803341425
267,1237,1504,0.14099639221721866
265,1249,1514,0.1410369873827165
265,1248,1513,0.1410801579031835
272,1249,1521,0.14112075265798832
276,1243,1519,0.14113901422981465
276,1242,1518,0.14114550780555546
270,1233,1503,0.14115264816135525
273,1225,1498,0.14117647754386364
275,1222,1497,0.14119041463881704
278,1230,1508,0.14119805080423053
280,1244,1524,0.14119746198724947
280,1239,1519,0.14119269235893192
276,1236,1512,0.14118858216601032
276,1230,1506,0.14119618253616142
272,1238,1510,0.14120376152727748
266,1241,1507,0.1412223160120298
270,1254,1524,0.14125490514263236
268,1251,1519,0.1412754381744997
268,1241,1509,0.14129969211321575
267,1247,1514,0.14132288826496336
263,1243,1506,0.14134735583224908
263,1258,1521,0.14138235523553863
264,1255,1519,0.1414147036259891
259,1256,1515,0.14144320346436678
261,1257,1518,0.14148334747695793
261,1264,1525,0.1415163525935736
262,1261,1523,0.14154693701474488
259,1253,1512,0.14157305461302833
251,1252,1503,0.14160535474578326
250,1249,1499,0.14165678082969924
245,1251,1496,0.14170761745492846
248,1256,1504,0.14176891164816577
250,1258,1508,0.141817616450841
251,1256,1507,0.1418580688344459
254,1254,1508,0.14189345426853836
249,1268,1517,0.1419191253601281
246,1262,1508,0.1419563683562936
242,1274,1516,0.14200027416090363
239,1275,1514,0.14205339641597825
241,1286,1527,0.14211134036121217
246,1273,1519,0.14216047389678446
247,1274,1521,0.14219282864196026
246,1284,1530,0.14222046153555923
248,1271,1519,0.14225000304538649
246,1278,1524,0.14227201437590667
245,1274,1519,0.1422984794805867
241,1284,1525,0.14232546023687306
243,1293,1536,0.14236214881602574
242,1291,1533,0.1423911240893746
240,1292,1532,0.14242016454559905
238,1267,1505,0.14245307856252323
238,1273,1511,0.14248961895156778
238,1272,1510,0.14252395535120127
235,1273,1508,0.14255524031509012
235,1275,1510,0.14259265957394857
231,1274,1505,0.14262768246998148
233,1285,1518,0.1426707119590019
233,1290,1523,0.14270633660810758
231,1291,1522,0.14273954711755774
228,1276,1504,0.14277599659699333
227,1285,1512,0.14281870324827126
225,1280,1505,0.1428609786984336
223,1290,1513,0.142905333808753
225,1301,1526,0.1429521449825809
225,1298,1523,0.14299095386508445
221,1289,1510,0.14302779112845088
220,1292,1512,0.14307351375856758
226,1279,1505,0.1431187024435245
223,1294,1517,0.14314437697142085
224,1298,1522,0.14317635816550758
226,1293,1519,0.14320327829454418
224,1297,1521,0.14322307833456513
226,1297,1523,0.14324733607493464
227,1289,1516,0.14326553083857774
226,1292,1518,0.14327989464110102
227,1289,1516,0.14329523998256977
228,1302,1530,0.14330769251084385
229,1297,1526,0.1433178462338142
230,1292,1522,0.14332433723866633
235,1290,1525,0.1433279816873682
229,1282,1511,0.14331780538038508
226,1289,1515,0.14332633947817414
222,1288,1510,0.14334324818643152
222,1302,1524,0.14337076330381365
222,1303,1525,0.1433967639593455
222,1311,1533,0.14342104384220788
217,1293,1510,0.14344460693325775
220,1293,1513,0.1434802874539126
218,1293,1511,0.14350526563367846
210,1294,1504,0.1435349240127968
210,1299,1509,0.14358340635936437
212,1298,1510,0.14362888696309833
209,1310,1519,0.14366615182937637
206,1308,1514,0.14370951381738475
204,1302,1506,0.14375879737766525
206,1297,1503,0.14381016334242566
203,1299,1502,0.14385191790432528
203,1301,1504,0.14389891541755281
202,1297,1499,0.14394329768872055
203,1310,1513,0.143987821582094
202,1311,1513,0.1440266498426997
204,1319,1523,0.14406540114445077
204,1317,1521,0.14409714641532903
201,1322,1523,0.1441270571671007
197,1329,1526,0.1441633369094442
198,1330,1528,0.14420788104851834
195,1321,1516,0.14424757136277525
190,1325,1515,0.14429270997169694
194,1323,1517,0.14434884041753684
195,1326,1521,0.14438971644626278
198,1330,1528,0.14442540590818115
192,1326,1518,0.14445059738124347
188,1322,1510,0.14449021602749046
193,1328,1521,0.14453828166887356
193,1321,1514,0.14456961308842736
192,1329,1521,0.14459924372942543
192,1324,1516,0.14462989927042028
195,1313,1508,0.1446588612400204
195,1311,1506,0.14467733430375776
199,1314,1513,0.14469468304806798
197,1308,1505,0.1447002091686167
195,1320,1515,0.1447105264827316
195,1321,1516,0.14472508070738596
191,1321,1512,0.14473887731382307
198,1321,1519,0.1447638460202263
200,1322,1522,0.14476851269357993
198,1316,1514,0.14476774497733216
195,1302,1497,0.1447732129081478
192,1304,1496,0.14478633043970165
188,1307,1495,0.14480732619025263
185,1317,1502,0.14483739073677987
185,1324,1509,0.14487349376715966
186,1326,1512,0.1449071106635179
182,1329,1511,0.14493542227188194
182,1325,1507,0.14497256941012995
182,1324,1506,0.14500785008581799
178,1315,1493,0.14504082925487996
177,1320,1497,0.1450826829177184
176,1328,1504,0.1451250937072211
178,1328,1506,0.1451679198876545
172,1337,1509,0.14520232766425284
171,1347,1518,0.145251369974252
174,1341,1515,0.14529974260166248
173,1354,1527,0.14533592671366705
173,1346,1519,0.14537263692871
171,1349,1520,0.14540693159294185
172,1354,1526,0.14544445240900003
169,1345,1514,0.14547663407579406
171,1359,1530,0.14551543849402954
168,1367,1535,0.14554613306804798
169,1358,1527,0.14558286240357227
165,1370,1535,0.14561487610458518
161,1362,1523,0.14565653136852177
155,1361,1516,0.14570672238938776
157,1356,1513,0.14577049322175062
163,1365,1528,0.14582417880305218
160,1354,1514,0.1458573524299119
159,1340,1499,0.14589613771746449
158,1342,1500,0.14593522654703814
156,1348,1504,0.14597484913324454
153,1331,1484,0.1460174897209127
158,1344,1502,0.14606556839431864
158,1346,1504,0.14609698848653768
157,1358,1515,0.14612632997226963
159,1363,1522,0.14615613768692923
161,1367,1528,0.14617807410683517
165,1370,1535,0.14619302676251317
168,1366,1534,0.14619583147205117
162,1357,1519,0.14619011914380622
164,1344,1508,0.14620128355260756
162,1349,1511,0.1462059821899306
161,1353,1514,0.1462161886241406
163,1347,1510,0.14622828800801732
159,1357,1516,0.1462340614382972
159,1348,1507,0.1462503969873276
159,1345,1504,0.14626577890159329
156,1348,1504,0.14628030539361997
161,1350,1511,0.14630208760392446
163,1362,1525,0.14630884436534475
166,1364,1530,0.14630904449859652
166,1375,1541,0.14630097079670662
161,1372,1533,0.14629388527337725
163,1362,1525,0.14630162595258075
161,1351,1512,0.1463035642920305
162,1358,1520,0.1463111660772528
159,1351,1510,0.1463148360850383
160,1355,1515,0.14632714980763195
155,1355,1510,0.14633593191618308
151,1354,1505,0.14635818033285733
151,1353,1504,0.14639025584532658
155,1350,1505,0.1464196711016311
156,1362,1518,0.1464355369245036
158,1354,1512,0.14644746663248015
154,1364,1518,0.14645323686674488
157,1373,1530,0.14646963078242664
153,1359,1512,0.14647702436513155
151,1354,1505,0.1464952653483795
153,1358,1511,0.14651767848167022
153,1356,1509,0.1465331079111703
152,1343,1495,0.14654701478705878
154,1351,1505,0.1465628829566789
157,1366,1523,0.1465725498176486
154,1366,1520,0.1465732694443197
155,1357,1512,0.14658237104421368
151,1357,1508,0.14658835664363587
152,1356,1508,0.14660514414965298
151,1353,1504,0.1466177486202563
151,1363,1514,0.14663237179520167
147,1364,1511,0.1466457850568911
146,1345,1491,0.14666999636649017
145,1365,1510,0.14669614861906888
147,1372,1519,0.1467238151163803
148,1380,1528,0.1467439995311764
150,1371,1521,0.14675949933225405
153,1368,1521,0.14676854656221003
149,1372,1521,0.14676863576004595
150,1379,1529,0.14678022254186407
150,1362,1512,0.14678826084018362
150,1369,1519,0.14679554252425123
153,1364,1517,0.1468019629833424
150,1367,1517,0.14679980924457692
148,1385,1533,0.14680633544997015
148,1384,1532,0.14681807933293617
146,1374,1520,0.1468296430169069
144,1376,1520,0.14684602264435825
143,1364,1507,0.14686694960484933
148,1354,1502,0.1468893722883639
149,1330,1479,0.1468965275360579
149,1345,1494,0.146900268001927
151,1364,1515,0.1469042810570394
150,1380,1530,0.14690252251159613
150,1370,1520,0.14690386003549477
147,1377,1524,0.1469051718800236
145,1371,1516,0.1469148205343081
145,1362,1507,0.1469291197922315
144,1361,1505,0.14694263404219268
138,1375,1513,0.1469580386905543
143,1365,1508,0.1469893098512358
142,1358,1500,0.14700457023325325
143,1370,1513,0.14702139054438418
146,1378,1524,0.14703421165927408
146,1371,1517,0.14703788584396363
145,1366,1511,0.1470417481782205
141,1374,1515,0.14704821913337254
142,1358,1500,0.14706569961850782
140,1376,1516,0.14707922245300484
139,1372,1511,0.14709768900388287
138,1376,1514,0.14711781628521334
133,1380,1513,0.14713905997589666
131,1377,1508,0.14717278505693185
134,1374,1508,0.14721036286837927
134,1383,1517,0.1472367077600287
130,1371,1501,0.14726123548252887
135,1371,1506,0.1472954232647442
134,1385,1519,0.14731230622922528
135,1373,1508,0.14733116364061968
136,1401,1537,0.14734611687123292
136,1390,1526,0.1473575466435698
138,1382,1520,0.14736842754243995
137,1377,1514,0.14737267422401973
136,1384,1520,0.1473795625463401
134,1387,1521,0.1473885555557203
135,1374,1509,0.1474026128457605
136,1384,1520,0.14741305985722042
135,1376,1511,0.14741987289273226
138,1382,1520,0.14742944652958243
134,1395,1529,0.14742963078116522
131,1393,1524,0.14744157961033102
131,1394,1525,0.1474608792777728
134,1401,1535,0.14747889457916408
133,1385,1518,0.14748712501724554
132,1388,1520,0.14749784578851632
133,1375,1508,0.14751066165674984
134,1358,1492,0.14752003979269418
128,1366,1494,0.14752575143072438
126,1371,1497,0.14754791025040764
126,1378,1504,0.1475744797827379
124,1384,1508,0.1475993681122179
123,1380,1503,0.14762807632115407
126,1378,1504,0.14765810743452026
125,1379,1504,0.147677571238732
124,1381,1505,0.14769880432253632
127,1394,1521,0.1477211755782382
125,1387,1512,0.14773324227155554
126,1388,1514,0.14775066744889623
125,1386,1511,0.14776412830588462
128,1387,1515,0.1477796133842356
132,1379,1511,0.147785341370236
129,1401,1530,0.14777947897336474
132,1410,1542,0.14778288751832722
129,1410,1539,0.14777743052134568
129,1392,1521,0.1477811702768559
131,1389,1520,0.14778456019947522
129,1392,1521,0.14778202864563914
126,1396,1522,0.14778544009943761
121,1390,1511,0.14779729107594025
120,1390,1510,0.14782240729515744
121,1401,1522,0.1478485409607901
120,1409,1529,0.1478698421545832
120,1402,1522,0.14789315557330981
118,1401,1519,0.14791452505162417
117,1408,1525,0.14794035906862105
118,1407,1525,0.1479671026802889
118,1398,1516,0.14798902523151913
115,1407,1522,0.14800931148941232
110,1399,1509,0.14803721876583115
109,1394,1503,0.14807753014528813
109,1397,1506,0.1481178383598432
110,1404,1514,0.14815536545048175
110,1396,1506,0.14818755056045577
114,1394,1508,0.1482172772014521
110,1400,1510,0.1482337776943621
110,1413,1523,0.14826097427385307
111,1405,1516,0.14828631452046215
111,1407,1518,0.14830695274788744
108,1415,1523,0.14832651415922823
107,1413,1520,0.14835316939918922
106,1410,1516,0.14838120592907397
103,1405,1508,0.1484102369126605
99,1415,1514,0.14844630594706615
102,1407,1509,0.14849162401259386
101,1402,1503,0.14852513399836517
98,1406,1504,0.14855940484786415
95,1415,1510,0.14860064915368212
96,1414,1510,0.14864791878533368
92,1423,1515,0.14868948425112458
92,1412,1504,0.14874021379759975
97,1434,1531,0.14878770231782304
93,1425,1518,0.14881744919508857
94,1431,1525,0.1488569763698729
94,1436,1530,0.14889100016791348
94,1430,1524,0.14892289800618314
99,1432,1531,0.1489529345388297
100,1428,1528,0.14896611524989048
97,1415,1512,0.14897554256730428
95,1422,1517,0.14899360639206305
93,1431,1524,0.14901601069489004
93,1440,1533,0.14904298204600788
95,1447,1542,0.1490683612601512
94,1434,1528,0.14908644160574497
91,1436,1527,0.1491062893234777
90,1444,1534,0.1491340698146728
87,1431,1518,0.14916292646709012
85,1422,1507,0.14919865034309812
84,1427,1511,0.1492382169201819
80,1429,1509,0.1492780562819264
83,1410,1493,0.14932701040315646
83,1428,1511,0.14936405828033641
81,1432,1513,0.14939905607929257
80,1448,1528,0.14943792906196066
82,1436,1518,0.14947754484066175
81,1436,1517,0.14950874274969217
82,1447,1529,0.14954083505606383
82,1439,1521,0.14956807731643115
79,1440,1519,0.1495936107119978
79,1440,1519,0.14962664480828142
79,1438,1517,0.1496576686371871
78,1440,1518,0.14968656032377073
78,1426,1504,0.14971648863334072
77,1436,1513,0.14974456113958873
76,1443,1519,0.1497739120825107
77,1439,1516,0.14980429439819296
73,1448,1521,0.14982998568596667
73,1438,1511,0.14986619347388155
72,1432,1504,0.14990006412532214
72,1420,1492,0.14993464442359597
71,1436,1507,0.1499671344094911
72,1431,1503,0.1500007894321037
72,1427,1499,0.1500292065271719
73,1443,1516,0.15005602619158234
72,1442,1514,0.15007789198281762
70,1446,1516,0.15010148939554896
71,1447,1518,0.15012949426348374
70,1458,1528,0.15015286265335234
73,1457,1530,0.15017792874721964
71,1451,1522,0.15019294943940786
70,1447,1517,0.1502127207932196
70,1446,1516,0.1502343274687303
73,1445,1518,0.15025427118105752
73,1443,1516,0.15026425875272773
73,1450,1523,0.1502739085055026
70,1447,1517,0.1502827242065214
70,1447,1517,0.15029956060503386
69,1429,1498,0.15031574999906566
69,1430,1499,0.1503339823861155
68,1428,1496,0.15035090973394008
72,1435,1507,0.15036979563961178
73,1436,1509,0.15037564702303763
75,1450,1525,0.15037829892033577
75,1442,1517,0.15037453719325233
76,1450,1526,0.15037088059584572
76,1440,1516,0.150364179184197
77,1442,1519,0.15035793412103296
75,1447,1522,0.15034918178700477
75,1441,1516,0.15034684048400945
73,1448,1521,0.1503447423213698
74,1447,1521,0.15034880314295665
71,1458,1529,0.15034970751498541
71,1451,1522,0.1503597613454106
69,1451,1520,0.15036910680138177
73,1439,1512,0.15038398966905764
73,1451,1524,0.1503854517688757
75,1441,1516,0.15038682057201824
76,1441,1517,0.15038228424730737
79,1435,1514,0.15037488085938003
79,1434,1513,0.1503590144058303
77,1430,1507,0.15034421795621686
75,1440,1515,0.15033642640496284
80,1441,1521,0.15033477725087407
81,1439,1520,0.15031848380269142
81,1432,1513,0.15030024363660524
83,1428,1511,0.15028322632992247
84,1443,1527,0.15026076691051188
82,1434,1516,0.15023672064334584
85,1429,1514,0.1502201325219056
84,1428,1512,0.15019581204769017
85,1435,1520,0.1501760581769296
84,1434,1518,0.15015450131211572
83,1439,1522,0.15013773345928846
82,1428,1510,0.15012488697759196
83,1417,1500,0.15011589811431775
83,1424,1507,0.15010418481031945
79,1423,1502,0.1500931298095941
81,1428,1509,0.15009436273540488
79,1414,1493,0.15008975178415027
79,1428,1507,0.15009179730598643
80,1422,1502,0.15009353929412103
80,1416,1496,0.15009230929566303
81,1413,1494,0.1500912278661505
82,1416,1498,0.15008721903918038
88,1413,1501,0.15008064576759367
87,1426,1513,0.1500565299642537
89,1414,1503,0.15003689928972633
89,1418,1507,0.15001256412209926
87,1423,1510,0.14998995867089437
86,1434,1520,0.14997470021002587
84,1435,1519,0.14996297611772827
81,1442,1523,0.14995810927529835
81,1427,1508,0.14996228574208473
79,1439,1518,0.14996623741388185
82,1435,1517,0.1499753896543512
78,1441,1519,0.14997503688487948
77,1439,1516,0.1499867462156057
79,1439,1518,0.1500012649280526
80,1449,1529,0.15000864818740098
81,1441,1522,0.1500121935177506
80,1434,1514,0.15001262748516053
77,1441,1518,0.15001617977562287
78,1443,1521,0.1500286928033177
77,1440,1517,0.15003751973593885
77,1439,1516,0.1500488016028244
81,1427,1508,0.15005933727828885
80,1426,1506,0.15005714024895525
78,1436,1514,0.1500579935285723
79,1435,1514,0.15006499715824362
79,1436,1515,0.15006875961511212
81,1441,1522,0.15007214999364368
79,1447,1526,0.15006942363365142
77,1462,1539,0.15007281518236618
76,1455,1531,0.15008153981712594
73,1457,1530,0.15009312565946714
75,1469,1544,0.15011275905832946
74,1460,1534,0.150125269654944
71,1455,1526,0.15014003525025554
70,1463,1533,0.15016281158269212
72,1462,1534,0.1501869899970724
71,1469,1540,0.15020372778917404
73,1462,1535,0.15022224478263255
72,1455,1527,0.15023387704143018
71,1455,1526,0.15024763429912003
70,1435,1505,0.15026358076341606
71,1441,1512,0.15028157130364356
73,1458,1531,0.1502952719811624
70,1454,1524,0.1503022328182572
68,1454,1522,0.15031793512256475
66,1437,1503,0.15033859045864975
67,1459,1526,0.15036412574107277
68,1445,1513,0.15038507460982548
71,1440,1511,0.15040201352993543
71,1446,1517,0.15040873975016436
71,1442,1513,0.15041522798270313
72,1439,1511,0.1504213975978059
72,1446,1518,0.15042439942042837
69,1446,1515,0.15042701037010436
69,1446,1515,0.15043853849653488
68,1459,1527,0.15044938433143756
67,1456,1523,0.15046238902652934
68,1456,1524,0.15047729068431046
67,1451,1518,0.1504881644544453
67,1456,1523,0.15050167388175806
67,1453,1520,0.1505144422209328
66,1448,1514,0.15052630903660943
67,1449,1516,0.15054079057075093
67,1458,1525,0.1505514258121553
68,1458,1526,0.15056166522327102
67,1441,1508,0.1505683138085535
66,1447,1513,0.15057754449678967
64,1457,1521,0.15058917664139335
64,1467,1531,0.15060600132087884
62,1456,1518,0.15062138142504725
62,1435,1497,0.15064174837429933
63,1444,1507,0.15066089334151833
62,1452,1514,0.1506756801034201
62,1445,1507,0.15069284879595843
61,1442,1503,0.1507089367033858
62,1460,1522,0.1507269070248644
62,1478,1540,0.1507408258610188
62,1457,1519,0.15075376983762992
61,1455,1516,0.15076618499429636
59,1463,1522,0.15078072772862508
58,1463,1521,0.15080044349331087
59,1481,1540,0.15082193813951003
56,1491,1547,0.15083887343265337
57,1471,1528,0.1508638684907847
58,1462,1520,0.15088422115515804
58,1470,1528,0.15090033195724828
58,1468,1526,0.1509153896995492
59,1457,1516,0.15092968477556895
60,1444,1504,0.1509395118305967
61,1452,1513,0.15094598084910357
60,1453,1513,0.15094923843277683
58,1455,1513,0.1509552946997002
59,1458,1517,0.1509670145923497
58,1461,1519,0.15097493778701981
60,1463,1523,0.1509853088292342
63,1483,1546,0.1509888228534938
63,1469,1532,0.15098315730469813
65,1464,1529,0.15097800750026066
63,1455,1518,0.1509671984919553
65,1454,1519,0.1509629400605257
64,1449,1513,0.15095257541825713
64,1453,1517,0.15094596625297568
61,1454,1515,0.15093993941060077
63,1445,1508,0.15094329100260706
63,1450,1513,0.15094049980055468
68,1449,1517,0.15093744064458517
68,1449,1517,0.1509192628069362
67,1444,1511,0.1509026566060563
65,1454,1519,0.150890286526235
66,1460,1526,0.1508847480771341
64,1457,1521,0.15087649514524554
63,1446,1509,0.15087487949556075
66,1445,1511,0.15087636901892598
67,1443,1510,0.15086860684266334
65,1449,1514,0.15085838448745942
65,1451,1516,0.15085494515017403
65,1464,1529,0.15085171726453583
63,1453,1516,0.15084858293818137
63,1456,1519,0.15085168453964434
62,1456,1518,0.1508546022923997
63,1458,1521,0.15086066677477983
61,1451,1512,0.15086315157500604
59,1469,1528,0.1508714534795573
57,1466,1523,0.1508855468074166
56,1468,1524,0.15090482202978273
54,1468,1522,0.15092575799141772
53,1455,1508,0.15095141776746876
53,1466,1519,0.15097839778137875
50,1463,1513,0.15100371559599546
51,1470,1521,0.15103660545270267
52,1459,1511,0.15106432168077874
55,1468,1523,0.15108744813331743
54,1470,1524,0.15109956406336764
56,1458,1514,0.1511140560754423
55,1453,1508,0.15112169952065269
53,1464,1517,0.15113201682622818
54,1463,1517,0.15114780635813316
53,1459,1512,0.15115947496649393
53,1452,1505,0.15117339742338978
56,1449,1505,0.15118633630328232
56,1454,1510,0.15118918394267833
56,1457,1513,0.1511919804859421
54,1462,1516,0.15119466487228
53,1463,1516,0.15120293213745978
49,1468,1517,0.1512136989683275
50,1457,1507,0.15123620360156295
50,1453,1503,0.15125426218089308
52,1448,1500,0.1512713422359096
53,1455,1508,0.15128129991522166
53,1465,1518,0.15128770955387671
52,1463,1515,0.1512937263771362
51,1474,1525,0.1513024295690296
51,1457,1508,0.1513136216371687
53,1462,1515,0.1513240069337624
54,1459,1513,0.15132763448991432
51,1449,1500,0.1513281054099183
52,1449,1501,0.15133772165513337
53,1454,1507,0.1513436753045587
53,1467,1520,0.15134621925825
54,1456,1510,0.1513486164109718
55,1455,1510,0.15134788237960214
55,1463,1518,0.1513441378062754
52,1447,1499,0.15134067252263858
52,1458,1510,0.15134674134042445
52,1472,1524,0.15135224390331004
52,1473,1525,0.15135736574463826
52,1460,1512,0.15136224590804706
52,1463,1515,0.15136678364499528
51,1461,1512,0.1513711874304218
51,1461,1512,0.15137848646514115
51,1466,1517,0.15138524151742336
52,1470,1522,0.1513915587378507
53,1468,1521,0.15139422092884583
53,1469,1522,0.15139356912931665
54,1462,1516,0.1513929084161124
54,1463,1517,0.15138921288430507
52,1465,1517,0.15138570892268619
51,1467,1518,0.1513886379480376
49,1467,1516,0.15139447394899352
53,1464,1517,0.15140616903179316
52,1452,1504,0.151404588810703
52,1466,1518,0.15140645180853046
53,1475,1528,0.15140824851859688
51,1470,1521,0.15140683061187907
52,1467,1519,0.15141169640440766
53,1475,1528,0.1514130648107556
51,1483,1534,0.15141129784712754
48,1488,1536,0.15141583695994107
48,1486,1534,0.15142932264739528
48,1470,1518,0.15144180479739283
47,1468,1515,0.15145346015011524
47,1477,1524,0.15146735282800858
46,1470,1516,0.15148036757051467
48,1463,1511,0.1514956792032644
49,1466,1515,0.15150398828987865
48,1470,1518,0.1515084528374986
48,1470,1518,0.15151577117865303
47,1460,1507,0.15152287454525967
45,1463,1508,0.15153275793797832
45,1459,1504,0.15154830291066596
48,1468,1516,0.15156274023458033
50,1476,1526,0.1515668573538732
48,1479,1527,0.15156466221245168
48,1478,1526,0.15156882901490396
47,1478,1525,0.1515728077956007
46,1470,1516,0.15157947990251347
48,1464,1512,0.15158884302374973
48,1467,1515,0.1515915154080604
47,1467,1514,0.1515941348359193
47,1481,1528,0.1515998009085815
47,1464,1511,0.15160514309329373
48,1466,1514,0.1516101780550603
50,1460,1510,0.1516117908366953
50,1453,1503,0.15160728876107965
53,1461,1514,0.15160323080249719
52,1458,1510,0.15159024070716323
54,1456,1510,0.15158118986498173
56,1461,1517,0.15156666581488754
56,1465,1521,0.15154687334918082
55,1473,1528,0.15152857934567968
54,1483,1537,0.1515144172115885
56,1465,1521,0.15150424613749125
53,1460,1513,0.15148840637560274
53,1462,1515,0.1514826492967402
53,1469,1522,0.15147719200261855
53,1456,1509,0.1514720955836701
53,1458,1511,0.15146732156885864
53,1468,1521,0.15146293745023506
52,1483,1535,0.15145886283986543
52,1483,1535,0.15145805895125578
49,1471,1520,0.15145728927520655
50,1464,1514,0.15146566803150005
49,1467,1516,0.15147043856276407
50,1468,1518,0.15147808763963633
53,1464,1517,0.15148221779790624
50,1458,1508,0.1514770608020126
53,1472,1525,0.15148135769052457
53,1461,1514,0.15147620664363654
53,1449,1502,0.1514712467717985
53,1457,1510,0.15146669005694147
53,1462,1515,0.15146243551546346
54,1463,1517,0.15145852065868734
53,1460,1513,0.15145185364391664
50,1464,1514,0.15144875692712767
48,1454,1502,0.15145520311047256
49,1467,1516,0.15146753619848569
47,1476,1523,0.1514760037751918
49,1476,1525,0.1514899626516761
52,1468,1520,0.15149690155069143
51,1468,1519,0.1514944229866705
55,1465,1520,0.15149512259160652
56,1463,1519,0.1514839285361667
57,1458,1515,0.15147024113806157
57,1464,1521,0.15145445902228624
57,1457,1514,0.15143966926190658
57,1463,1520,0.1514258376394352
57,1470,1527,0.151412848942472
59,1467,1526,0.15140091313357235
57,1468,1525,0.15138379498566515
55,1466,1521,0.15137379538605691
55,1472,1527,0.15137055347674636
57,1456,1513,0.1513673882757899
53,1456,1509,0.15135849523180944
54,1448,1502,0.15136199990262417
54,1451,1505,0.15136208525432363
57,1460,1517,0.15136249257905757
56,1450,1506,0.1513538302740889
55,1458,1513,0.1513490484878481
56,1461,1517,0.1513476545359994
56,1459,1515,0.15134332445696067
54,1439,1493,0.1513392633179622
56,1441,1497,0.15134150290531734
54,1447,1501,0.15133752983505547
55,1441,1496,0.1513396566328917
54,1438,1492,0.15133875669651117
54,1445,1499,0.15134108585470907
52,1438,1490,0.15134324101279428
54,1445,1499,0.15135132940735338
58,1446,1504,0.15135313936470118
57,1439,1496,0.15134330117198647
58,1438,1496,0.15133720740901668
57,1443,1500,0.15132858918158074
57,1442,1499,0.1513236828552883
56,1446,1502,0.15131900355541117
57,1458,1515,0.1513175792242752
58,1457,1515,0.15131349853342516
58,1455,1513,0.15130666243923874
59,1458,1517,0.15130034462983105
59,1463,1522,0.151291425504844
64,1464,1528,0.15128300907781067
62,1448,1510,0.15126067748529992
61,1453,1514,0.15124613732386163
60,1461,1521,0.15123540306588276
59,1455,1514,0.1512283925905992
60,1458,1518,0.15122489328832459
61,1460,1521,0.1512190486253523
59,1451,1510,0.15121075735004136
61,1445,1506,0.1512088812813369
59,1441,1500,0.15120084545220522
58,1442,1500,0.15119938324947618
59,1449,1508,0.15120131496152858
58,1448,1506,0.1511998335891333
60,1455,1515,0.1512013465233501
56,1462,1518,0.15119654147710657
54,1457,1511,0.1512036464987701
55,1450,1505,0.15121600277355188
55,1444,1499,0.15122490886121734
52,1459,1511,0.15123330474847405
53,1472,1525,0.15124997934515402
57,1472,1529,0.15126256802498042
57,1464,1521,0.15126258424774192
60,1448,1508,0.1512629727027833
58,1453,1511,0.15125453907794648
56,1465,1521,0.1512529281318726
58,1459,1517,0.15125743365746439
56,1464,1520,0.15125587665610335
53,1472,1525,0.15126025071348567
54,1471,1525,0.15127344598074358
51,1464,1515,0.15128290583604018
52,1466,1518,0.15130101950295938
52,1463,1515,0.1513149643939484
53,1463,1516,0.1513276442250047
51,1464,1515,0.15133673166959571
49,1466,1515,0.15135118153987112
49,1477,1526,0.15137033850680084
48,1489,1537,0.15138861164298492
49,1490,1539,0.15140873012189235
49,1487,1536,0.15142471852816305
49,1483,1532,0.15143984897077875
47,1480,1527,0.15145409591093642
46,1476,1522,0.151473718852266
45,1472,1517,0.1514952667702783
45,1479,1524,0.15151829802394087
43,1473,1516,0.15153995893029495
44,1475,1519,0.15156623544740014
45,1481,1526,0.15158778932061429
46,1489,1535,0.151605056539796
45,1480,1525,0.15161846352580632
44,1475,1519,0.15163392721292293
45,1473,1518,0.15165129906505212
44,1472,1516,0.15166471473157098
44,1466,1510,0.15168014159207124
47,1457,1504,0.1516945789362822
47,1470,1517,0.15169917244184192
46,1469,1515,0.15170348644772308
46,1477,1523,0.1517104662503019
46,1478,1524,0.15171695190222584
44,1487,1531,0.15172304667039474
43,1492,1535,0.15173473018328962
43,1466,1509,0.1517486420271979
43,1466,1509,0.15176161320316517
41,1459,1500,0.1517738283524554
44,1464,1508,0.1517912328927217
43,1453,1496,0.15179880659397926
44,1462,1506,0.15180920962333871
44,1455,1499,0.15181587560412182
44,1451,1495,0.15182218943894607
43,1468,1511,0.1518276570460829
44,1467,1511,0.15183558529862612
46,1465,1511,0.15184009784354008
46,1469,1515,0.15183836730270028
45,1484,1529,0.1518368908015353
43,1499,1542,0.1518384744315211
43,1487,1530,0.1518460654254173
43,1485,1528,0.1518530164742427
43,1482,1525,0.1518594286656813
43,1490,1533,0.15186548383875556
44,1490,1534,0.15187099728821024
45,1483,1528,0.15187319214295378
46,1484,1530,0.1518722949339637
47,1488,1535,0.1518683876453514
50,1475,1525,0.1518616803468652
50,1470,1520,0.1518462898534486
49,1487,1536,0.15183192652230149
47,1477,1524,0.1518214734934001
44,1474,1518,0.15181770760092658
45,1477,1522,0.15182295370965349
44,1477,1521,0.15182490874255622
43,1475,1518,0.15182975090012132
43,1469,1512,0.15183712410204003
44,1478,1522,0.15184389074268004
44,1469,1513,0.15184717075480378
44,1482,1526,0.15185018939576214
43,1476,1519,0.15185302999451053
39,1464,1503,0.15185843822420797
38,1462,1500,0.1518754603296873
35,1474,1509,0.15189455740524582
34,1469,1503,0.15192168089955152
34,1471,1505,0.15194991217538084
35,1468,1503,0.1519764853640371
35,1462,1497,0.15199817958357556
35,1463,1498,0.1520186980862699
34,1475,1509,0.15203776940817007
35,1464,1499,0.15205883243499707
36,1478,1514,0.15207569592074638
36,1488,1524,0.1520884763358856
36,1489,1525,0.1521005556522826
34,1484,1518,0.15211194685334634
35,1496,1531,0.15212885535692328
35,1493,1528,0.15214177078293692
34,1486,1520,0.1521539320594457
33,1484,1517,0.15216826191457541
32,1501,1533,0.15218485550982963
31,1489,1520,0.1522033004500241
31,1476,1507,0.15222348619863457
32,1493,1525,0.15224237382997355
31,1485,1516,0.15225700335986653
31,1485,1516,0.15227373985727743
32,1476,1508,0.15228965461446348
31,1479,1510,0.15230140652748875
30,1484,1514,0.15231535215270645
28,1491,1519,0.15233151539069162
30,1489,1519,0.15235276017952196
29,1497,1526,0.15236638626234242
30,1486,1516,0.15238210808954705
31,1473,1504,0.1523937999042897
31,1487,1518,0.15240159589881103
31,1492,1523,0.15240893835142685
32,1495,1527,0.15241576824478464
32,1496,1528,0.15241912139426808
32,1484,1516,0.1524222493053982
34,1480,1514,0.15242521272193676
34,1464,1498,0.15242197607808433
34,1468,1502,0.15241900187411606
35,1472,1507,0.1524162528386366
34,1476,1510,0.15241059122425354
35,1467,1502,0.1524083898566808
35,1477,1512,0.1524030679124628
35,1465,1500,0.15239805029677153
34,1473,1507,0.15239332154747953
34,1493,1527,0.152392028485488
35,1489,1524,0.15239061329835762
34,1493,1527,0.15238624150445823
34,1483,1517,0.15238525185777385
33,1491,1524,0.15238429366159478
32,1489,1521,0.15238642629530663
32,1490,1522,0.15239132134989025
32,1487,1519,0.15239592247998537
32,1496,1528,0.1524004856401537
31,1489,1520,0.15240447864750625
32,1502,1534,0.15241140169467002
32,1504,1536,0.15241487060395897
33,1503,1536,0.1524181676849702
32,1500,1532,0.15241834031844645
33,1497,1530,0.1524213775067897
36,1488,1524,0.15242110548598858
36,1492,1528,0.1524114513616605
36,1480,1516,0.1524022430835329
36,1480,1516,0.15239368381702229
35,1492,1527,0.15238565995355052
34,1491,1525,0.15238107957647753
32,1485,1517,0.15237984952173667
31,1490,1521,0.1523848535239411
33,1480,1513,0.15239258624290894
33,1466,1499,0.15239370113990067
33,1484,1517,0.15239477930854414
33,1503,1536,0.15239578931891656
31,1495,1526,0.15239673205918083
30,1497,1527,0.1524037488884813
29,1497,1526,0.1524132905295086
28,1491,1519,0.15242537506185908
28,1496,1524,0.15243978932094338
28,1497,1525,0.1524532941246372
28,1503,1531,0.15246596711541682
29,1498,1527,0.1524777971429513
29,1490,1519,0.1524857616438039
29,1487,1516,0.15249324954208915
29,1469,1498,0.15250021712167472
28,1466,1494,0.1525068514376347
28,1465,1493,0.152516098444942
27,1470,1497,0.15252482678712861
30,1479,1509,0.15253615204648344
31,1477,1508,0.15253769923896812
32,1480,1512,0.15253590006936701
32,1501,1533,0.15253116929502042
32,1486,1518,0.15252679236128017
30,1489,1519,0.1525227192674921
31,1477,1508,0.1525252041560898
31,1481,1512,0.15252416939963015
32,1479,1511,0.15252326956728976
32,1493,1525,0.15251942991323225
31,1495,1526,0.15251572871705288
30,1490,1520,0.15251523202872289
30,1480,1510,0.15251783381282943
30,1492,1522,0.15252026145749692
29,1486,1515,0.15252261234291312
29,1479,1508,0.15252798257212075
29,1478,1507,0.1525330239719522
29,1474,1503,0.15253774294974218
30,1489,1519,0.15254231513723437
30,1485,1515,0.15254347388761047
30,1486,1516,0.1525446353506784
30,1487,1517,0.15254572506663
30,1493,1523,0.1525467586202137
30,1483,1513,0.15254774326985757
31,1492,1523,0.15254868215650444
29,1504,1533,0.15254648184321587
27,1486,1513,0.15255067570373532
26,1493,1519,0.1525606531665673
26,1501,1527,0.15257323936909306
25,1505,1530,0.15258505594451335
25,1505,1530,0.15259912680581536
24,1507,1531,0.15261235170638845
25,1512,1537,0.15262794873193816
23,1501,1524,0.15263939294651865
23,1488,1511,0.15265643827965028
23,1490,1513,0.15267243263463187
23,1485,1508,0.15268747021936258
22,1489,1511,0.15270157022196437
22,1499,1521,0.1527179515944997
24,1505,1529,0.15273321359617417
23,1484,1507,0.15274122746724508
22,1481,1503,0.15275196271717642
23,1495,1518,0.15276512111708754
25,1482,1507,0.15277460435452653
25,1480,1505,0.15277725933037822
27,1483,1510,0.1527796847114228
26,1487,1513,0.15277572974299658
27,1493,1520,0.1527753175329386
25,1487,1512,0.15277184622066436
25,1481,1506,0.15277466953213156
25,1503,1528,0.1527773461624067
25,1498,1523,0.15277986066282628
23,1494,1517,0.15278221375140774
25,1501,1526,0.15279061776781858
27,1500,1527,0.15279223946046333
26,1504,1530,0.15278771719970685
25,1506,1531,0.1527866370733193
27,1497,1524,0.15278879127622125
28,1508,1536,0.1527845601348167
29,1494,1523,0.1527775377858874
27,1488,1515,0.15276796085302768
24,1485,1509,0.15276514071956837
24,1487,1511,0.15277167597763203
26,1492,1518,0.15277780125313128
26,1489,1515,0.15277728172878094
28,1499,1527,0.15277682129332942
27,1500,1527,0.15277021934924004
27,1493,1520,0.15276724261371008
26,1491,1517,0.15276445953516626
26,1487,1513,0.15276495761438494
24,1474,1498,0.15276541000450639
24,1489,1513,0.1527720553001945
21,1479,1500,0.1527782977629772
21,1480,1501,0.15279358862342426
22,1489,1511,0.1528079355872085
23,1489,1512,0.15281832692251549
23,1498,1521,0.15282500069559812
25,1489,1514,0.15283144243675176
25,1490,1515,0.1528312037841804
25,1482,1507,0.1528309735218162
25,1484,1509,0.15283079383504541
25,1489,1514,0.1528306919504034
25,1489,1514,0.15283062374762854
25,1483,1508,0.15283057867830396
24,1480,1504,0.15283055341383395
24,1486,1510,0.15283362842608367
22,1496,1518,0.15283650625791412
23,1499,1522,0.15284526385535765
23,1500,1523,0.15285045708508904
23,1493,1516,0.1528553646341489
24,1498,1522,0.15285998746151838
23,1499,1522,0.15286144414965194
23,1511,1534,0.1528658381703733
24,1498,1522,0.15287006044804383
24,1486,1510,0.1528708716967621
25,1491,1516,0.15287164329724448
24,1485,1509,0.15286943997002542
24,1489,1513,0.15287052671117252
24,1487,1511,0.1528715543182181
26,1491,1517,0.152872530843101
26,1489,1515,0.15286723995242987
26,1490,1516,0.15286232617015608
27,1492,1519,0.15285774081313616
27,1492,1519,0.15285046582639086
26,1494,1520,0.15284365843591466
24,1499,1523,0.15284019519468425
24,1489,1513,0.15284314068746432
24,1491,1515,0.15284588009861025
24,1489,1513,0.1528484356893039
25,1484,1509,0.15285082381485288
24,1481,1505,0.15285006019040145
25,1489,1514,0.15285235208816952
23,1488,1511,0.1528514909877209
24,1489,1513,0.15285674476480066
24,1486,1510,0.15285858604192534
24,1498,1522,0.15286045793243386
24,1491,1515,0.15286233753689304
23,1480,1503,0.15286411332904287
23,1481,1504,0.15286872773295246
23,1474,1497,0.15287306153452696
21,1480,1501,0.15287720965305143
20,1488,1508,0.1528871830188233
20,1488,1508,0.15289959747468015
20,1487,1507,0.15291121889451081
20,1482,1502,0.15292211055993576
20,1487,1507,0.1529323237411545
18,1512,1530,0.15294190341790323
18,1498,1516,0.1529569404181106
18,1489,1507,0.15297108188577066
18,1497,1515,0.15298435484492287
19,1498,1517,0.1529968114430708
19,1488,1507,0.15300540877262503
19,1495,1514,0.15301349295916936
19,1496,1515,0.15302109058179833
19,1482,1501,0.15302822901633356
19,1486,1505,0.15303493536609672
18,1489,1507,0.15304123556847934
19,1491,1510,0.1530502384457353
18,1484,1502,0.15305550599315015
19,1476,1495,0.1530636141887666
19,1489,1508,0.15306805617065872
19,1476,1495,0.15307223332956743
19,1479,1498,0.15307615725007703
19,1483,1502,0.1530798424529429
18,1486,1504,0.15308330307513623
18,1485,1503,0.15308967636328732
16,1477,1493,0.15309564724923247
18,1499,1517,0.15310755493872077
18,1495,1513,0.1531125527377409
17,1507,1524,0.1531172264011836
18,1494,1512,0.15312465835072314
19,1494,1513,0.1531284235636981
20,1494,1514,0.1531288086052237
19,1497,1516,0.1531260822847058
18,1508,1526,0.15312664156908348
19,1513,1532,0.15313011884601135
18,1501,1519,0.15313028177052487
18,1497,1515,0.1531335224645044
17,1509,1526,0.153136547860339
17,1506,1523,0.153142452338917
17,1503,1520,0.15314798819992376
18,1502,1520,0.15315318740221287
19,1506,1525,0.1531548970263829
19,1492,1511,0.15315335478340017
20,1501,1521,0.15315191547528603
19,1510,1529,0.15314740544397856
19,1494,1513,0.1531463840805474
19,1502,1521,0.15314541630437456
20,1502,1522,0.15314451194594908
20,1492,1512,0.15314062371074313
20,1491,1511,0.15313693068838094
19,1510,1529,0.15313342429417
20,1511,1531,0.15313326895138166
20,1508,1528,0.1531299675185611
17,1511,1528,0.15312691883883114
16,1508,1524,0.1531332762493585
14,1502,1516,0.15314249940788113
13,1504,1517,0.15315729376108367
14,1506,1520,0.15317438423671276
15,1495,1510,0.15318729896666158
16,1497,1513,0.15319629617199734
15,1506,1521,0.1532017512711136
15,1504,1519,0.15320989663607018
16,1502,1518,0.15321755471434456
16,1495,1511,0.15322159368537058
15,1508,1523,0.15322540575429008
15,1511,1526,0.15323207753042642
15,1512,1527,0.15323839463981095
15,1507,1522,0.15324422553584707
15,1502,1517,0.1532497768483879
17,1505,1522,0.1532550118829781
17,1503,1520,0.15325363055213015
18,1492,1510,0.153252376053684
18,1502,1520,0.15324806089501436
19,1490,1509,0.15324403805428727
19,1482,1501,0.1532371317447242
19,1482,1501,0.1532306721079614
18,1482,1500,0.15322457726426228
19,1497,1516,0.15322198323686972
19,1489,1508,0.15321639587543068
18,1493,1511,0.15321113667667963
16,1485,1501,0.15320931752132158
16,1498,1514,0.15321392193002584
15,1506,1521,0.1532182309323069
15,1517,1532,0.15322539636520838
15,1518,1533,0.15323210366103177
14,1517,1531,0.15323839177136322
14,1514,1528,0.1532474385443253
14,1505,1519,0.153255921193126
14,1512,1526,0.15326388050733175
15,1511,1526,0.15327135186510232
15,1516,1531,0.15327519293087832
14,1512,1526,0.15327877628589304
15,1510,1525,0.15328531604956833
15,1496,1511,0.1532883131143206
15,1493,1508,0.15329114579531544
13,1487,1500,0.15329391779265814
12,1492,1504,0.15330280113580913
13,1491,1504,0.1533141836713675
14,1511,1525,0.15332176244192738
17,1506,1523,0.15332572037301112
17,1507,1524,0.15331994384129033
15,1507,1522,0.15331456479840871
15,1507,1522,0.15331576834939425
15,1491,1506,0.15331696789452243
14,1492,1506,0.15331811711561805
13,1509,1522,0.153322392888445
13,1508,1521,0.15332961144630577
13,1504,1517,0.15333640095693324
13,1506,1519,0.153342778127561
13,1503,1516,0.15334876698604302
12,1517,1529,0.15335439182516553
11,1528,1539,0.15336283615847482
12,1519,1531,0.15337389551192612
12,1515,1527,0.15338111935599322
11,1526,1537,0.15338791607280292
10,1515,1525,0.15339749434558492
9,1509,1518,0.15340969950000496
9,1501,1510,0.153424345273865
8,1506,1514,0.15343809735990907
6,1519,1525,0.153454171690732
6,1517,1523,0.15347561423960637
6,1499,1505,0.15349574725603893
6,1514,1520,0.15351466098862102
6,1518,1524,0.1535324349505437
6,1500,1506,0.15354914127599492
5,1505,1510,0.15356484625816555
6,1496,1502,0.15358280099892987
6,1494,1500,0.15359647950125452
6,1493,1499,0.1536093490409208
6,1496,1502,0.15362145246793918
6,1498,1504,0.1536328347605206
5,1519,1524,0.15364353880118412
5,1521,1526,0.15365681318347713
5,1521,1526,0.1536692890085588
5,1522,1527,0.1536810165443091
6,1511,1517,0.1536920422177311
6,1500,1506,0.1536991927054908
7,1501,1508,0.15370592747774714
7,1508,1515,0.15370906502390919
7,1515,1522,0.1537120341940876
7,1516,1523,0.15371483521444707
7,1521,1528,0.1537174748888774
7,1506,1513,0.15371996107454436
7,1502,1509,0.15372230182086927
7,1483,1490,0.1537245050643674
7,1492,1499,0.15372657849146354
7,1503,1510,0.1537285294740488
6,1514,1520,0.1537303650415298
8,1511,1519,0.15373529056693566
8,1516,1524,0.15373349487826915
7,1506,1513,0.15373182725795995
7,1492,1499,0.15373345398117613
7,1497,1504,0.1537349746161169
7,1512,1519,0.15373640158283794
7,1510,1517,0.15373774200547288
7,1513,1520,0.1537390016307737
7,1515,1522,0.15374018556416247
7,1509,1516,0.15374129848628237
7,1517,1524,0.15374234473936846
7,1512,1519,0.1537433283734814
6,1516,1522,0.15374425317678092
6,1516,1522,0.1537483174480337
6,1503,1509,0.15375212739407157
5,1509,1514,0.15375570405279962
5,1507,1512,0.15376227949238777
4,1507,1511,0.1537684539150437
4,1498,1502,0.15377746305308895
4,1504,1508,0.15378592438669772
4,1507,1511,0.15379387586268026
4,1489,1493,0.1538013500890952
4,1489,1493,0.15380837680558404
4,1511,1515,0.15381498351471884
4,1513,1517,0.15382119580346237
4,1516,1520,0.15382703755823826
4,1516,1520,0.1538325311253373
4,1506,1510,0.15383769743892448
4,1509,1513,0.15384255612843012
4,1510,1514,0.1538471256119424
4,1505,1509,0.15385142317939413
4,1491,1495,0.15385546506779652
4,1505,1509,0.1538592665299408
5,1518,1523,0.1538628418975382
5,1514,1519,0.1538629829648603
5,1508,1513,0.15386313078455083
5,1516,1521,0.15386327858164825
5,1526,1531,0.15386342031489597
5,1523,1528,0.15386355532697066
5,1512,1517,0.15386368376472265
5,1519,1524,0.15386380585782103
4,1516,1520,0.15386392181109831
4,1512,1516,0.1538672485540834
4,1519,1523,0.15387037008890955
4,1506,1510,0.15387330221752848
5,1503,1508,0.15387605759466172
5,1481,1486,0.15387543250139793
5,1504,1509,0.15387485652460742
6,1500,1506,0.1538743191227963
6,1509,1515,0.15387060920845508
6,1513,1519,0.153867137501066
7,1518,1525,0.1538638800517169
6,1521,1527,0.15385761305429274
7,1502,1509,0.15385493220479726
5,1503,1508,0.15384919008034306
5,1500,1505,0.15385020086970091
5,1511,1516,0.15385113531610461
3,1502,1505,0.15385200779585287
3,1506,1509,0.153859267501505
3,1512,1515,0.1538660861242971
3,1522,1525,0.1538724932700604
3,1527,1530,0.15387851509794057
3,1522,1525,0.15388417548912417
3,1515,1518,0.15388949667216878
4,1515,1519,0.15389449941497357
4,1507,1511,0.1538959682131123
4,1499,1503,0.15389735681121366
4,1506,1510,0.15389866549794945
4,1508,1512,0.15389989799985546
4,1508,1512,0.15390105836411855
4,1499,1503,0.15390215058438764
4,1503,1507,0.15390317850673407
4,1507,1511,0.15390414580051953
4,1515,1519,0.15390505595179987
4,1514,1518,0.1539059122654577
3,1512,1515,0.15390671787049542
3,1512,1515,0.15391070828811707
3,1503,1506,0.15391445733538844
3,1507,1510,0.15391798118843278
3,1500,1503,0.15392129404540594
3,1501,1504,0.15392440879424307
2,1493,1495,0.15392733206852163
2,1498,1500,0.15393331879691205
3,1505,1508,0.15393894646893436
3,1511,1514,0.15394100402712665
3,1515,1518,0.15394294586946247
3,1509,1512,0.15394477404049167
3,1503,1506,0.15394649445337236
3,1498,1501,0.15394811314774096
3,1506,1509,0.1539496359697607
3,1504,1507,0.15395106849860057
2,1514,1516,0.15395241602436802
2,1510,1512,0.15395691353243549
2,1510,1512,0.15396113893720467
2,1505,1507,0.1539651109990712
2,1514,1516,0.15396884547529005
2,1514,1516,0.1539723568921
2,1521,1523,0.15397565879323394
2,1527,1529,0.15397876384357434
2,1521,1523,0.1539816839043295
1,1515,1516,0.15398443009440993
1,1518,1519,0.15399025363952012
1,1518,1519,0.15399572840535058
1,1519,1520,0.15400087631503234
1,1523,1524,0.1540057171654979
1,1519,1520,0.1540102695660106
1,1518,1519,0.1540145509549073
1,1514,1515,0.15401857765428298
1,1511,1512,0.154022364951969
1,1520,1521,0.1540259271809008
0,1526,1526,0.154029277789262
