1371,28,1399,0.13584055059655314
1408,29,1437,0.13301062968630553
1418,28,1446,0.1303249471042982
1434,27,1461,0.12784853569842675
1453,29,1482,0.12554786302727608
1458,31,1489,0.12340136522227024
1445,32,1477,0.12143268501660506
1462,31,1493,0.11967238506342535
1449,32,1481,0.11802600821289605
1464,32,1496,0.11655811789742124
1450,35,1485,0.11518453911153576
1452,38,1490,0.11396714993967168
1448,39,1487,0.11285280663833824
1438,37,1475,0.11184727842729847
1435,39,1474,0.11095473245256163
1452,39,1491,0.1101486846961124
1458,38,1496,0.1093744045754989
1455,40,1495,0.10865475620833191
1453,39,1492,0.10800628830165998
1452,40,1492,0.1074201994383792
1449,39,1488,0.106888292692838
1456,39,1495,0.106410446498042
1460,38,1498,0.10595959865364969
1458,37,1495,0.10554022549008693
1455,37,1492,0.1051620052684484
1465,36,1501,0.10482465418973277
1466,35,1501,0.10449481133156667
1465,33,1498,0.10419184068350865
1468,34,1502,0.10391802899517766
1462,35,1497,0.10366245711978689
1462,33,1495,0.10344267427576956
1462,32,1494,0.10324243730641972
1479,30,1509,0.1030602805716709
1464,31,1495,0.10285771510064728
1472,36,1508,0.10270541268712324
1465,35,1500,0.10254964145233746
1463,34,1497,0.10242271329499239
1445,36,1481,0.10231145108312888
1452,37,1489,0.1022486635042177
1455,37,1492,0.1021766065082561
1450,36,1486,0.10210475506854884
1449,38,1487,0.10205005969876052
1433,38,1471,0.10200236934528192
1445,38,1483,0.10199326364380815
1450,40,1490,0.10195922708578557
1448,39,1487,0.10191700493899608
1454,39,1493,0.10188257232085224
1440,40,1480,0.10183868412483958
1444,41,1485,0.10182865373831267
1452,38,1490,0.10181122068055337
1454,40,1494,0.10177864984750112
1443,39,1482,0.10174462659639097
1461,40,1501,0.10173747477687729
1453,39,1492,0.10169227365376048
1455,37,1492,0.1016680419819231
1447,36,1483,0.10164145677525033
1452,40,1492,0.10163448116983799
1450,39,1489,0.10161736409224503
1457,41,1498,0.10160635801202283
1459,46,1505,0.10158191973051732
1476,45,1521,0.10155570290561595
1462,45,1507,0.1014956113560271
1455,44,1499,0.10147034705849413
1455,45,1500,0.1014622629973267
1452,45,1497,0.10145501927239378
1456,47,1503,0.10145459860454943
1461,47,1508,0.1014455510452631
1462,49,1511,0.10142704030300863
1459,47,1506,0.10140829716763035
1456,47,1503,0.10139717624585025
1449,48,1497,0.10139370079644264
1451,50,1501,0.10140581676269456
1440,51,1491,0.10141272290435335
1436,50,1486,0.10144269416006853
1433,50,1483,0.10147811009146572
1435,52,1487,0.10151667218639447
1426,56,1482,0.10154742852881704
1419,50,1469,0.1015946037094054
1417,53,1470,0.10165296341567007
1430,51,1481,0.10171104314381331
1434,52,1486,0.10173594505750941
1438,54,1492,0.10175082245909424
1435,50,1485,0.10175548180852192
1435,47,1482,0.10176604283616492
1446,50,1496,0.10177495203573242
1441,52,1493,0.10175940868978309
1445,52,1497,0.10175580492286293
1451,53,1504,0.10174400175102108
1449,52,1501,0.10172060128223899
1438,54,1492,0.10170359874618519
1449,54,1503,0.10171174467301679
1458,53,1511,0.1016956989347436
1447,51,1498,0.10166169909868693
1438,51,1489,0.10165408758449797
1431,52,1483,0.10166642728661042
1437,55,1492,0.10169312339619832
1448,52,1500,0.10170493665581361
1442,54,1496,0.10169188325753398
1430,54,1484,0.10169279196690845
1437,53,1490,0.10171938509797478
1436,54,1490,0.10172841024931012
1420,58,1478,0.10173917966541782
1412,58,1470,0.10178311116204462
1417,59,1476,0.10184075236292847
1413,59,1472,0.10188269599154648
1427,61,1488,0.10193009952497491
1434,58,1492,0.10194329022889907
1419,60,1479,0.10194049034126572
1426,58,1484,0.10196926779577017
1434,57,1491,0.10197992994030368
1439,55,1494,0.10197288207023676
1440,57,1497,0.10195548809475827
1437,57,1494,0.10193751160257059
1436,58,1494,0.10192759352968618
1449,58,1507,0.10192076621916465
1449,59,1508,0.10188618225462771
1444,60,1504,0.10185469569401938
1433,58,1491,0.10183718469404807
1439,57,1496,0.10184439656124969
1452,60,1512,0.10183821671093442
1451,59,1510,0.10180399386165988
1444,60,1504,0.1017750860391457
1430,59,1489,0.10176421495263152
1432,57,1489,0.10178405788685777
1443,56,1499,0.10179769180203721
1455,55,1510,0.1017868955449438
1453,55,1508,0.10175151253827114
1462,55,1517,0.10172350310939614
1446,55,1501,0.10167884902236653
1443,57,1500,0.10167252293631131
1434,56,1490,0.10167299217501453
1425,58,1483,0.10169294270661845
1422,58,1480,0.10173075154808857
1433,58,1491,0.1017709356831087
1434,54,1488,0.10178468111995823
1446,56,1502,0.10179477792773717
1449,53,1502,0.10177821338308274
1443,56,1499,0.10175639658955189
1432,57,1489,0.10174918606953277
1447,55,1502,0.10176622375362195
1451,54,1505,0.10174960351339134
1445,54,1499,0.10172614007572978
1426,55,1481,0.10171779567078261
1414,56,1470,0.10175073588126633
1423,59,1482,0.10180622755380465
1443,59,1502,0.10183756844098997
1454,57,1511,0.1018233364407239
1450,55,1505,0.10178686415115618
1429,57,1486,0.10176238187547208
1435,58,1493,0.10178521386039449
1444,60,1504,0.10179385798384256
1451,61,1512,0.10178261762060532
1447,64,1511,0.10175773961720587
1438,63,1501,0.10174316009117351
1426,60,1486,0.10174865092605596
1436,62,1498,0.10177913930143064
1424,63,1487,0.10178567071042774
1432,64,1496,0.10181686139928532
1443,62,1505,0.10182869200450845
1429,62,1491,0.10181652523046804
1413,65,1478,0.1018352891520285
1413,68,1481,0.101886541746979
1423,67,1490,0.1019336514571534
1415,69,1484,0.10195524142425148
1424,68,1492,0.10199138939168885
1428,69,1497,0.10200553137112704
1442,70,1512,0.10200997845973657
1443,68,1511,0.10198392815057879
1434,69,1503,0.10195860389383
1435,70,1505,0.10195423421943751
1437,69,1506,0.1019484318804506
1435,75,1510,0.10193904737264205
1421,77,1498,0.10193553937971643
1422,73,1495,0.1019623665569978
1413,72,1485,0.10198425817055863
1415,72,1487,0.1020241461494276
1416,70,1486,0.10205646386437589
1423,73,1496,0.10208396992758682
1429,67,1496,0.10209377307632696
1422,68,1490,0.10208964603850315
1426,69,1495,0.1021009618931036
1425,70,1495,0.10210284490571592
1408,72,1480,0.1021067010878377
1423,72,1495,0.1021469511790833
1424,74,1498,0.10215137030689327
1415,73,1488,0.10215332627217233
1417,71,1488,0.10217465006613555
1434,70,1504,0.10218958217484342
1433,71,1504,0.10216718869628423
1422,73,1495,0.10214829105849059
1426,73,1499,0.10215445290117245
1430,72,1502,0.10215109944654298
1432,74,1506,0.10213964246131804
1425,76,1501,0.10212519590607552
1418,76,1494,0.10212632731846678
1431,77,1508,0.10214273981343154
1422,78,1500,0.10212999962664399
1409,81,1490,0.10213802132430577
1386,84,1470,0.10217345407130832
1393,84,1477,0.10225598271873426
1406,88,1494,0.10231589299044944
1404,87,1491,0.10234244043686809
1406,84,1490,0.10237102792479892
1399,90,1489,0.10239301039602779
1401,90,1491,0.10242822970876783
1409,93,1502,0.1024561383014417
1404,94,1498,0.10246478856254823
1396,93,1489,0.10248311317000802
1387,95,1482,0.10251685922354939
1385,99,1484,0.10256817074447742
1383,100,1483,0.1026184441915515
1378,100,1478,0.10266874433623435
1396,107,1503,0.10272584433628973
1397,108,1505,0.10273960256142561
1395,110,1505,0.10275056623031613
1389,108,1497,0.10276464984280195
1392,108,1500,0.10279023382826366
1376,110,1486,0.10280726662866715
1381,115,1496,0.10285769628874536
1390,114,1504,0.10289233430487146
1393,114,1507,0.1029046304532022
1390,116,1506,0.10290955540535655
1378,115,1493,0.10292034621440903
1378,119,1497,0.10295634961572624
1373,117,1490,0.10298929716205335
1360,122,1482,0.1030304096757873
1350,122,1472,0.10309610694054769
1360,124,1484,0.10317743422673235
1364,125,1489,0.10323008474379317
1374,124,1498,0.10327007898912491
1372,123,1495,0.10328519354339674
1382,124,1506,0.1033032517156043
1384,125,1509,0.10329846134958888
1378,123,1501,0.10328925981148769
1378,123,1501,0.10329381852879058
1392,122,1514,0.10329811790276815
1380,121,1501,0.10327175694634114
1376,122,1498,0.10327354855681659
1364,124,1488,0.10328513110717039
1363,124,1487,0.10332188145022286
1370,124,1494,0.10335734542161357
1386,121,1507,0.10337412090503023
1386,119,1505,0.10335498335515289
1392,126,1518,0.10333752097205844
1381,129,1510,0.10330834448093712
1376,123,1499,0.10330633736966088
1385,127,1512,0.10331524216777353
1389,128,1517,0.10330378536647788
1389,128,1517,0.10328512780264094
1379,130,1509,0.1032681562822113
1377,127,1504,0.10327435287984478
1379,127,1506,0.10328434989250491
1373,129,1502,0.10328949380202382
1368,128,1496,0.10330682599573712
1364,125,1489,0.10333359410263261
1369,129,1498,0.10336618120406921
1369,132,1501,0.10338561029200198
1372,131,1503,0.10340333962483879
1372,136,1508,0.10341337743328655
1376,138,1514,0.10342264959082441
1381,137,1518,0.10342228842782364
1379,127,1506,0.10341181392594997
1369,132,1501,0.10340656041160673
1371,135,1506,0.10342380141033468
1369,133,1502,0.10343550833253388
1377,134,1511,0.10345049749158566
1361,134,1495,0.10344642213018386
1362,135,1497,0.10347756523649852
1364,138,1502,0.10350428190869194
1358,140,1498,0.10352341305864318
1352,134,1486,0.10355389619768215
1351,133,1484,0.10359451369604156
1359,133,1492,0.10363383777773982
1356,137,1493,0.10365256465006084
1356,140,1496,0.10367640905379356
1343,142,1485,0.10369815036566549
1345,139,1484,0.10374659089550199
1347,144,1491,0.10378633221656354
1353,144,1497,0.10381867280221474
1349,145,1494,0.10383569083766592
1343,145,1488,0.10385981754960882
1332,145,1477,0.10389513064067807
1340,150,1490,0.10395105838752966
1337,149,1486,0.10398422600941418
1337,148,1485,0.1040209843812959
1338,150,1488,0.10405482965599072
1346,148,1494,0.10408364151790622
1345,147,1492,0.10409142085040361
1340,149,1489,0.10410073076981136
1341,151,1492,0.10412053144904135
1346,148,1494,0.10413685210874789
1345,149,1494,0.10414009302513387
1352,155,1507,0.10414598981626519
1339,156,1495,0.10413595913442145
1342,159,1501,0.10415512476487468
1348,160,1508,0.10416735880833584
1329,161,1490,0.10416576216591217
1319,161,1480,0.10420525328692484
1314,161,1475,0.10426340463620905
1319,164,1483,0.10432821580167531
1319,163,1482,0.10437631181955066
1322,161,1483,0.10442011956350881
1333,157,1490,0.1044534952688065
1329,154,1483,0.10445954513836707
1351,156,1507,0.1044734422236231
1343,154,1497,0.10443810355586582
1345,153,1498,0.104423725568818
1337,151,1488,0.10440617084258534
1334,151,1485,0.1044070595265363
1335,154,1489,0.10441444705187757
1341,159,1500,0.10441939243743419
1341,164,1505,0.10441040738791617
1338,161,1499,0.10440242236778564
1334,160,1494,0.10440194839350941
1333,160,1493,0.10441075165891053
1328,164,1492,0.10442060721417011
1332,167,1499,0.10444124314220357
1322,171,1493,0.10445213914101452
1320,170,1490,0.1044849932662552
1319,174,1493,0.10451969320412648
1325,172,1497,0.10455227592044221
1315,164,1479,0.10456884405329525
1308,168,1476,0.10460476614781175
1316,172,1488,0.10465372268503498
1323,174,1497,0.10468091768260286
1327,176,1503,0.10469098732419728
1328,177,1505,0.10469129994122256
1331,172,1503,0.10468909518696667
1317,169,1486,0.10468054585512654
1313,171,1484,0.10470360169020129
1310,171,1481,0.10473356359273298
1315,177,1492,0.10476778662516636
1311,180,1491,0.10478804349595278
1302,183,1485,0.10481553015832609
1296,189,1485,0.10486056915197364
1307,190,1497,0.1049154586844202
1307,191,1498,0.10494144794517977
1311,190,1501,0.1049647901246988
1304,194,1498,0.10497774935458944
1306,198,1504,0.10500616093728611
1310,203,1513,0.10502831695129182
1297,201,1498,0.10503956550961828
1291,208,1499,0.10507814992708969
1301,208,1509,0.10512723627426236
1291,210,1501,0.10515000098900565
1289,208,1497,0.10519326386604647
1289,209,1498,0.10523732838010076
1288,210,1498,0.10527767164623665
1272,208,1480,0.1053170024865148
1273,209,1482,0.10538872910976409
1289,198,1487,0.10545196007343076
1281,192,1473,0.10547459370599224
1275,188,1463,0.10551290393925754
1278,196,1474,0.10556229461099513
1279,202,1481,0.10560133568383127
1274,202,1476,0.10563525180840515
1272,202,1474,0.10567747200930903
1273,206,1479,0.10572006272297564
1283,205,1488,0.10575663474565357
1287,206,1493,0.10576800370588307
1293,207,1500,0.10577057985746283
1280,207,1487,0.10575978044943365
1281,210,1491,0.10577766142976286
1274,214,1488,0.1057920704668836
1283,208,1491,0.10582041224642406
1279,213,1492,0.10582679673042268
1275,213,1488,0.10584126640196874
1282,211,1493,0.10586392952471138
1285,211,1496,0.10586856325944449
1277,208,1485,0.1058665097087477
1262,206,1468,0.10588189691474019
1279,207,1486,0.10592996969866483
1283,211,1494,0.1059367292442945
1293,212,1505,0.10593347604829845
1295,210,1505,0.10590838541730693
1274,212,1486,0.10588112608648069
1271,210,1481,0.10590269166759324
1277,215,1492,0.10592952934325556
1289,214,1503,0.10594101978599553
1278,214,1492,0.10592458200117892
1284,209,1493,0.10593386793386532
1291,208,1499,0.1059293276099644
1291,210,1501,0.1059088657721887
1277,214,1491,0.1058899926372472
1282,215,1497,0.10590432632994996
1297,216,1513,0.10590655144950933
1287,209,1496,0.10587556398355268
1279,210,1489,0.1058696837882687
1280,213,1493,0.1058818015358429
1280,214,1494,0.105890304209576
1286,215,1501,0.10589863562010197
1299,216,1515,0.10589265091785942
1305,217,1522,0.10585856144643058
1291,217,1508,0.10581441640484261
1292,220,1512,0.10580521291334924
1289,220,1509,0.10579514594881541
1273,222,1495,0.10579240729402954
1264,225,1489,0.10582457402776356
1272,227,1499,0.10587410848030408
1277,230,1507,0.1059015846330848
1271,229,1500,0.10591666680857013
1269,230,1499,0.10594528823470815
1266,226,1492,0.10597570905093175
1265,227,1492,0.10600944826601816
1268,228,1496,0.10604311270674223
1271,232,1503,0.10606690575156882
1258,227,1485,0.10608168169248162
1252,228,1480,0.10612423292361829
1262,234,1496,0.10617599532695116
1265,229,1494,0.10620158050656649
1262,228,1490,0.10621824662602297
1264,227,1491,0.10624069191608859
1261,234,1495,0.10625646733817053
1258,234,1492,0.10627788573920129
1252,235,1487,0.10630352197494525
1264,232,1496,0.10633940825869033
1263,239,1502,0.10634573801483682
1261,241,1502,0.10635471148585535
1270,242,1512,0.10636653512319125
1266,236,1502,0.10635776015065247
1269,241,1510,0.10635722621957107
1273,240,1513,0.10635121868256064
1269,241,1510,0.10633726884264176
1280,238,1518,0.10633289868094212
1267,235,1502,0.10630468293300087
1265,236,1501,0.10630822924056364
1253,235,1488,0.10631531011468265
1261,230,1491,0.10634828343659972
1260,229,1489,0.10636005338644094
1262,234,1496,0.10637286456835394
1271,224,1495,0.10638099371204772
1294,231,1525,0.10636842753285417
1263,239,1502,0.10630541404060079
1264,238,1502,0.10631698878776746
1275,244,1519,0.10632625212599535
1259,246,1505,0.10631044747506647
1257,249,1506,0.10633111888908182
1249,253,1502,0.10635471659959576
1254,246,1500,0.10639433420630182
1247,249,1496,0.10641947347716833
1260,252,1512,0.10645860069771082
1258,251,1509,0.10646589889601855
1261,252,1513,0.10647636588209736
1260,251,1511,0.10647938858902956
1251,246,1497,0.10648454719525972
1247,245,1492,0.10650907819411463
1249,248,1497,0.10653992268517029
1230,246,1476,0.10656468983381305
1236,245,1481,0.10662935311329935
1230,244,1474,0.1066757751407558
1252,250,1502,0.10673212213726782
1233,252,1485,0.10673513997591516
1238,257,1495,0.10678064916465772
1236,263,1499,0.1068117603956005
1232,269,1501,0.10684517644574104
1234,268,1502,0.10688427289816235
1227,267,1494,0.10691600576177812
1238,276,1514,0.1069609284986069
1228,276,1504,0.10697803022841822
1238,275,1513,0.10701603949192925
1237,276,1513,0.10702862182268437
1221,286,1507,0.1070419557602926
1224,285,1509,0.10709071340890308
1221,286,1507,0.10712930695678757
1201,286,1487,0.10717113230614568
1208,282,1490,0.10725452448057027
1202,283,1485,0.10731540049391448
1188,291,1479,0.10738549691142868
1196,293,1489,0.10748064209242231
1189,292,1481,0.10755061018876502
1202,283,1485,0.10762899955875703
1204,287,1491,0.10767116275628735
1198,286,1484,0.10770518345048252
1206,287,1493,0.107749882883472
1204,288,1492,0.107773169530466
1210,290,1500,0.10780015472357407
1208,289,1497,0.10781233294366033
1220,295,1515,0.10782807527688626
1211,288,1499,0.10781658907058933
1207,288,1495,0.10782712243031377
1196,294,1490,0.10784566638335423
1188,293,1481,0.10788650730999848
1195,296,1491,0.1079413977315395
1193,300,1493,0.10797655755088673
1195,295,1490,0.10801348323213045
1194,302,1496,0.10804222282773997
1191,304,1495,0.10807168489720073
1190,302,1492,0.10810516722294139
1183,301,1484,0.10813850919995388
1178,301,1479,0.10818434013561987
1188,304,1492,0.10823773946107358
1200,308,1508,0.10826467628651329
1199,309,1508,0.10826224530190846
1197,311,1508,0.10826265762745396
1199,312,1511,0.10826736477711969
1189,314,1503,0.10826683650375828
1191,310,1501,0.1082896753456593
1192,318,1510,0.1083055705185902
1185,316,1501,0.10831850792432293
1185,311,1496,0.10834590631360917
1186,314,1500,0.10837082062526804
1186,312,1498,0.10839130379433193
1183,312,1495,0.10841044953865744
1190,311,1501,0.10843434314060296
1198,315,1513,0.10844079471427265
1198,318,1516,0.10842977501600216
1193,315,1508,0.10841931696923465
1179,312,1491,0.10842107560862466
1183,305,1488,0.10845454452700012
1174,307,1481,0.10847613527805514
1179,310,1489,0.10851649034456205
1169,310,1479,0.10854188173450938
1171,313,1484,0.10858766106739562
1175,323,1498,0.10862488785122099
1177,316,1493,0.10865061470430953
1176,308,1484,0.10866920608579274
1178,319,1497,0.10868894351925709
1173,315,1488,0.10870306770761305
1165,316,1481,0.10872862379808797
1171,318,1489,0.10876882203796853
1162,317,1479,0.10879267820844409
1163,321,1484,0.10883442673027519
1171,320,1491,0.1088703265456342
1173,317,1490,0.10888510959092419
1180,315,1495,0.10889447909749608
1177,322,1499,0.1088873685832854
1178,326,1504,0.10888835038530374
1173,329,1502,0.10888679510670413
1168,323,1491,0.10889696252504055
1178,317,1495,0.10891739875234585
1184,317,1501,0.10891282758686568
1184,313,1497,0.10889452716124733
1175,317,1492,0.10887761158038507
1170,315,1485,0.1088828672600286
1183,316,1499,0.10890049914129626
1174,316,1490,0.10888680964981497
1170,316,1486,0.10889479440329958
1173,321,1494,0.1089109177157109
1177,327,1504,0.10891846734189572
1178,327,1505,0.10891646728461883
1182,329,1511,0.10891241947101986
1181,328,1509,0.10890020411763646
1183,334,1517,0.10889227479986265
1185,331,1516,0.10887940463392237
1182,330,1512,0.108862365872225
1192,327,1519,0.10885357079148524
1199,327,1526,0.10882242992872312
1190,330,1520,0.10877837603275235
1183,326,1509,0.10875860301758532
1176,327,1503,0.10875659015210791
1169,329,1498,0.10877182561951106
1170,329,1499,0.10880165790660225
1176,334,1510,0.10882551363548446
1191,330,1521,0.1088336088581507
1190,325,1515,0.10880730060662012
1185,326,1511,0.10878527069544652
1175,333,1508,0.10877738988956732
1171,338,1509,0.10879152607363383
1166,335,1501,0.10881370422001335
1168,333,1501,0.10884634035577356
1166,335,1501,0.10887087605435519
1159,334,1493,0.10889898729826163
1144,337,1481,0.1089405844118878
1158,338,1496,0.10901280438194849
1146,331,1477,0.10904727655596808
1137,340,1477,0.10910590044520292
1147,340,1487,0.10918109296605494
1138,339,1477,0.10922743201925007
1153,340,1493,0.10928970332555872
1155,344,1499,0.10931345638058901
1161,349,1510,0.10932980413076475
1150,351,1501,0.10933098937522191
1148,354,1502,0.10935734217028976
1144,352,1496,0.10938652960828328
1136,344,1480,0.1094238457853643
1122,352,1474,0.10947614480959185
1132,353,1485,0.10955653253637804
1137,350,1487,0.10960752110957939
1147,355,1502,0.1096431064053413
1148,348,1496,0.10965264129053293
1151,349,1500,0.10965872666135996
1154,345,1499,0.10965812568804592
1146,343,1489,0.10964958360282948
1150,343,1493,0.10966049198053436
1154,346,1500,0.1096608677950617
1144,346,1490,0.10965302577324323
1157,353,1510,0.10966989880245018
1152,345,1497,0.10965547835990204
1160,342,1502,0.10965379111197256
1152,342,1494,0.10963439320882523
1146,345,1491,0.10963442692785737
1141,346,1487,0.10964675740392775
1129,356,1485,0.10966991412792991
1125,350,1475,0.10971846288868672
1121,359,1480,0.10977365342573885
1116,354,1470,0.10983323473855044
1121,351,1472,0.10989896636889586
1128,353,1481,0.10994671680478575
1127,356,1483,0.1099740638613907
1138,355,1493,0.11000137690452184
1139,363,1502,0.11000232583797082
1140,361,1501,0.11000141886601028
1145,363,1508,0.10999762842914843
1146,357,1503,0.10998343262164216
1149,357,1506,0.10996851099376599
1152,358,1510,0.10994719271785001
1149,359,1508,0.10992045310444314
1143,356,1499,0.10990401024742855
1137,363,1500,0.10990170836727912
1131,368,1499,0.10991401242788833
1135,365,1500,0.1099399127849283
1123,362,1485,0.10995425617144856
1121,357,1478,0.10999452932858748
1119,356,1475,0.11003613070791055
1115,358,1473,0.11007892818288312
1137,367,1504,0.11012806198705775
1132,361,1493,0.11012103840176295
1132,360,1492,0.1101266335750227
1138,358,1496,0.11013222385356791
1137,358,1495,0.11012432530524592
1136,360,1496,0.11011938528927256
1133,362,1495,0.11011683522009279
1133,358,1491,0.11012156953413027
1122,364,1486,0.11012595117221739
1130,365,1495,0.11015531083359392
1132,375,1507,0.11016308122286933
1111,377,1488,0.11016601846359218
1119,376,1495,0.11021707142942931
1123,373,1496,0.11024630094624702
1125,375,1500,0.11026424468407903
1121,378,1499,0.11027540503844431
1130,385,1515,0.1102961914845994
1123,388,1511,0.11029389846653416
1113,384,1497,0.1103091020498365
1120,381,1501,0.11034573281126255
1117,385,1502,0.11036325130910946
1112,388,1500,0.11038580713941734
1115,386,1501,0.11041882062051243
1111,393,1504,0.1104425135501912
1109,399,1508,0.11047321875987004
1102,400,1502,0.11050578311496614
1096,399,1495,0.11055216206944848
1112,391,1503,0.11060857943110167
1111,395,1506,0.11062392154232463
1107,400,1507,0.11064019873806753
1115,405,1520,0.11066362452247343
1109,397,1506,0.11066678058922083
1103,401,1504,0.11068313197216403
1096,392,1488,0.11071121713974927
1101,391,1492,0.1107536107707354
1096,396,1492,0.11078049981200437
1089,403,1492,0.1108173210901307
1077,404,1481,0.11086620832221115
1081,405,1486,0.11093914557267665
1077,415,1492,0.11099794116964608
1062,405,1467,0.11106179774900277
1083,417,1500,0.11115470696631302
1090,414,1504,0.11119146269562556
1084,413,1497,0.1112102799456192
1083,413,1496,0.11124194247376379
1072,418,1490,0.11127354285329318
1078,419,1497,0.11132905892121915
1068,419,1487,0.11136568484228752
1070,419,1489,0.11142143888155782
1066,419,1485,0.11146717214480503
1069,416,1485,0.1115192905567429
1053,423,1476,0.1115602067833951
1044,427,1471,0.11163510902115373
1052,437,1489,0.1117262901640896
1055,435,1490,0.1117930530472918
1064,449,1513,0.11184887223138958
1058,448,1506,0.11187956159449594
1060,452,1512,0.11192270162748942
1054,459,1513,0.11195782343318342
1045,462,1507,0.11200554614358182
1049,466,1515,0.11207016013890797
1049,464,1513,0.11212026918674833
1041,464,1505,0.11216721237569584
1044,462,1506,0.11222865274663034
1040,464,1504,0.11227807093602443
1038,473,1511,0.11233287022182852
1042,472,1514,0.11238837124070188
1033,465,1498,0.11242961527231507
1026,468,1494,0.11248825662427184
1015,469,1484,0.1125591331507734
1018,469,1487,0.11265094168546398
1016,470,1486,0.11272888079422003
1021,476,1497,0.11280560020865028
1017,479,1496,0.11286426386335915
1019,477,1496,0.1129269444122612
1035,482,1517,0.1129797211235907
1040,479,1519,0.11299089568519444
1033,483,1516,0.11298975858323569
1023,485,1508,0.1130055242546816
1014,486,1500,0.11304403638661598
1004,493,1497,0.1131008027308767
1008,492,1500,0.11317636368938798
1000,487,1487,0.11323750847493194
1002,493,1495,0.11331257739699772
1018,499,1517,0.11337743080640138
1011,504,1515,0.11339934440604717
1010,497,1507,0.11343563828606099
1004,492,1496,0.11347174705671498
1001,496,1497,0.11351847796823872
997,496,1493,0.11356924282416699
999,500,1499,0.11362580810328313
1009,499,1508,0.11367358099450174
1008,493,1501,0.11369399890099188
1008,499,1507,0.11371544229971821
1008,496,1504,0.11373553092652486
1009,499,1508,0.11375288443456814
1013,502,1515,0.11376819471576322
999,506,1505,0.1137718443891887
988,506,1494,0.11380767825301863
992,506,1498,0.11386614483847753
986,499,1485,0.11391042916257904
1002,499,1501,0.11396518100995355
991,499,1490,0.11397938835203673
994,505,1499,0.1140181302683489
992,500,1492,0.11404633456145202
1000,501,1501,0.11407825884707083
986,510,1496,0.11408860634922716
988,508,1496,0.11413069157520303
985,518,1503,0.11416510896965328
970,519,1489,0.11420435915618463
976,519,1495,0.1142755710937546
980,521,1501,0.1143250226199836
983,520,1503,0.11436099832357073
974,515,1489,0.11438734620215825
975,518,1493,0.11443413415885675
980,515,1495,0.11447488779943614
971,520,1491,0.11449955493799396
959,529,1488,0.11454330109805831
958,533,1491,0.11461213912534234
953,535,1488,0.1146780844387018
954,541,1495,0.11475301291337782
966,548,1514,0.11481940552627126
958,542,1500,0.11485300574757405
945,545,1490,0.1149026834958385
953,537,1490,0.11497862111889041
951,538,1489,0.11502988758204304
947,536,1483,0.11508244224199199
948,544,1492,0.11514061568593764
939,546,1485,0.11519309799458778
946,546,1492,0.11526371637015742
951,554,1505,0.11531155014932104
945,547,1492,0.11534391164607274
948,549,1497,0.11538870776752627
946,550,1496,0.11542401754566409
945,553,1498,0.11546267361757362
951,551,1502,0.11550025185024498
942,558,1500,0.11551970749154701
945,558,1503,0.11555911646944544
944,556,1500,0.11558821630204735
945,556,1501,0.11561793186746691
945,555,1500,0.11564275069156295
949,565,1514,0.1156658807669146
946,565,1511,0.11567855222268932
944,555,1499,0.11569749721471427
940,553,1493,0.11572011027245085
941,553,1494,0.11575024662897139
940,556,1496,0.11577482954718153
945,562,1507,0.11579996690388057
941,558,1499,0.1158109644357179
947,551,1498,0.11583081068232354
946,548,1494,0.11583463143888632
942,552,1494,0.1158395346392502
935,552,1487,0.11585450834540315
941,553,1494,0.11588541250077995
938,555,1493,0.11589969238976067
935,562,1497,0.1159188382155112
937,565,1502,0.1159436434761009
937,565,1502,0.1159626209517635
929,561,1490,0.11598091653510365
931,571,1502,0.11601655914252501
928,571,1499,0.11604424554950014
939,576,1515,0.11607754326811284
926,571,1497,0.11608173035634514
925,581,1506,0.11611669942690693
927,582,1509,0.11615130243541731
921,582,1503,0.11617928738314286
916,586,1502,0.1162205871935935
919,580,1499,0.11627139048699986
921,577,1498,0.11631111761445372
915,581,1496,0.11634278130476428
906,582,1488,0.11638603928259919
909,585,1494,0.11644908927239023
906,596,1502,0.11650014997834468
907,594,1501,0.11655430409249515
902,595,1497,0.11660312016613612
904,600,1504,0.11666141968577552
913,599,1512,0.11671020648087121
908,598,1506,0.1167340874019239
916,598,1514,0.11676759978416616
914,603,1517,0.11677951701382586
908,610,1518,0.11679734195397305
899,606,1505,0.11682826065572785
906,608,1514,0.11687993751653096
898,606,1504,0.11690983155869823
892,612,1504,0.116956289593254
882,615,1497,0.1170133710923381
890,615,1505,0.11708893200014242
887,615,1502,0.11714034257325778
886,614,1500,0.11719518469463588
893,615,1508,0.1172483234441068
883,615,1498,0.11728238135513636
882,612,1494,0.11733679460664036
888,616,1504,0.1173887679102997
885,617,1502,0.1174228769723268
894,624,1518,0.11746227496290876
897,619,1516,0.11747734085960009
892,622,1514,0.11748337602828039
905,626,1531,0.11750211020940256
910,630,1540,0.11748834544081188
899,619,1518,0.11746430327188438
897,625,1522,0.11746917537304087
890,622,1512,0.11747918584936695
891,623,1514,0.11750526218125097
879,623,1502,0.11752691545367679
886,640,1526,0.11757564132436286
886,630,1516,0.11760487025569351
883,628,1511,0.1176307762804074
883,622,1505,0.11766299037698821
876,631,1507,0.11769391522118056
874,630,1504,0.11773884885794704
867,625,1492,0.11778522903158184
865,626,1491,0.11784547383102904
869,624,1493,0.11790443551725248
877,624,1501,0.1179496000562602
885,614,1499,0.1179717851866865
891,614,1505,0.11797265997913446
880,617,1497,0.11795919530635483
885,626,1511,0.11797370020765241
877,632,1509,0.11797485290726184
879,637,1516,0.11799577297574143
878,637,1515,0.1180100598991313
867,644,1511,0.11802466234710111
865,640,1505,0.11806452877849567
867,640,1507,0.11810664880951853
879,641,1520,0.11814097708886262
879,649,1528,0.11814387071107577
878,650,1528,0.11814744189942206
873,652,1525,0.1181534564600879
883,634,1517,0.11817197449692335
876,640,1516,0.11816552908003576
877,632,1509,0.11817600372657601
869,629,1498,0.1181826807669417
867,637,1504,0.11820849372506263
867,645,1512,0.1182366226769387
861,649,1510,0.11826449940539774
855,647,1502,0.11830366190459812
856,647,1503,0.11835427936566627
863,647,1510,0.11839908846098571
864,657,1521,0.11842341846580226
869,656,1525,0.11844420655087547
868,652,1520,0.11845195369203657
860,664,1524,0.11846133784099969
851,659,1510,0.1184900532894991
850,653,1503,0.11853873007858308
845,654,1499,0.11858513235358448
829,659,1488,0.1186409142515864
840,663,1503,0.11873120919216572
849,666,1515,0.11878748446661085
842,664,1506,0.11881765358281939
849,657,1506,0.11886332842825816
844,663,1507,0.11888861113910941
844,662,1506,0.11892295017013595
837,669,1506,0.11895510300179148
836,677,1513,0.11900186996360905
839,679,1518,0.11904695249071623
835,678,1513,0.11908270785785004
832,678,1510,0.11912430373066739
830,676,1506,0.11917130398346477
840,691,1531,0.11921989072186871
832,689,1521,0.11924059958503865
830,683,1513,0.11927856674656605
826,681,1507,0.1193197438109092
822,682,1504,0.1193670636719612
824,687,1511,0.11942012061804423
816,685,1501,0.11946508752379417
815,682,1497,0.11952553376732929
827,683,1510,0.1195842068879463
827,680,1507,0.1196087054846073
828,681,1509,0.1196313672060586
833,678,1511,0.11965065369195145
842,681,1523,0.11965638149142986
845,678,1523,0.11963931257397771
833,675,1508,0.1196159076210757
830,671,1501,0.11962506832232764
839,672,1511,0.11963838120823396
844,668,1512,0.11962850972373971
834,670,1504,0.1196077811829528
830,676,1506,0.1196125850201619
825,678,1503,0.11962722929592351
825,675,1500,0.11965268800644427
830,685,1515,0.11967656897612863
828,680,1508,0.11968731583797958
825,682,1507,0.11970336559057035
823,683,1506,0.11972731556566235
828,689,1517,0.11975337867323446
826,683,1509,0.11976677389241118
824,684,1508,0.1197836361989434
823,694,1517,0.1198039462651197
818,700,1518,0.11982618574995982
811,702,1513,0.11985961911045799
805,702,1507,0.11990812441643534
799,711,1510,0.11996823422172107
792,717,1509,0.12003814912761931
795,714,1509,0.12012165588622377
791,714,1505,0.12019077198971342
790,711,1501,0.12026575457636475
783,710,1493,0.12033884146420698
776,717,1493,0.12042206622002938
783,727,1510,0.12051744511293482
778,730,1508,0.12058825025681606
777,730,1507,0.12066483983191859
776,736,1512,0.12073888241548841
779,733,1512,0.12081016315182243
777,736,1513,0.12086964639917543
779,730,1509,0.120930404241209
779,729,1508,0.12098114386306534
764,734,1498,0.12102809394023016
772,729,1501,0.12110570544628561
772,735,1507,0.12115824290506919
776,736,1512,0.12120660609323314
767,741,1508,0.12124165879508113
779,744,1523,0.12129654572159371
775,741,1516,0.12131748574038788
773,737,1510,0.12134756382611064
760,736,1496,0.12138057964429683
759,750,1509,0.12144142804087402
759,762,1521,0.1215011468227219
753,752,1505,0.12155738125263316
763,750,1513,0.12162419770369304
765,748,1513,0.12166193198625658
767,746,1513,0.12169038344988263
756,755,1511,0.12171274717335452
753,752,1505,0.1217608113372657
753,752,1505,0.12181240023299819
754,756,1510,0.12186095598482209
749,754,1503,0.1219045245013363
748,756,1504,0.12195928279154673
748,756,1504,0.12201162586309472
730,761,1491,0.12206045516288952
737,755,1492,0.1221488577087602
735,770,1505,0.12221319512952579
745,769,1514,0.12227853049238212
737,768,1505,0.12231377739848731
744,773,1517,0.12236735464431348
734,772,1506,0.1224001587296501
739,763,1502,0.12245360109984733
745,762,1507,0.12249255496192804
742,763,1505,0.12251331764564888
743,767,1510,0.12254215201364137
744,763,1507,0.12256586743307242
737,763,1500,0.12258548791308967
728,773,1501,0.12262221379592012
729,782,1511,0.12267945108136571
728,786,1514,0.12272991375661897
732,784,1516,0.12278011365006342
727,780,1507,0.12281875074356285
733,788,1521,0.12286775605423368
726,791,1517,0.12289933491267774
722,785,1507,0.12294538395975853
723,795,1518,0.12299863135897876
716,798,1514,0.12304578420219625
711,800,1511,0.12310794557425346
713,798,1511,0.123177652280194
716,801,1517,0.12323841656739123
714,804,1518,0.12328568683616913
713,812,1525,0.12333521570167537
723,805,1528,0.12338186892892004
719,807,1526,0.12340062796433753
711,808,1519,0.12342786842311936
704,809,1513,0.12347311379468223
703,820,1523,0.12353210204475154
688,826,1514,0.12358965704796664
684,835,1519,0.12368105593929997
688,822,1510,0.12377599614030238
693,822,1515,0.12385456656011705
686,828,1514,0.12391553851268014
690,838,1528,0.12398892300310546
682,827,1509,0.12404710304918044
676,823,1499,0.1241211498480595
674,825,1499,0.1242052613706796
683,831,1514,0.12428784078297025
668,832,1500,0.12434223345218723
663,835,1498,0.12443001318552849
663,846,1509,0.12452414549861925
653,847,1500,0.12460978151962579
651,845,1496,0.12471494205138299
657,835,1492,0.12481929861321875
661,828,1489,0.12490209303560182
668,832,1500,0.12496758236565896
668,836,1504,0.12501039817728593
659,835,1494,0.12505103805418627
650,842,1492,0.1251112506535627
651,848,1499,0.12519034926292513
648,834,1482,0.1252606095058093
652,834,1486,0.12533432177669698
652,839,1491,0.12539231386129265
652,842,1494,0.12544574316436585
653,848,1501,0.12549499610246442
654,845,1499,0.12553766926843024
653,852,1505,0.12557467817019421
647,848,1495,0.12561001480611303
645,849,1494,0.12565811510629984
649,848,1497,0.12570715617914735
634,846,1480,0.12574374516258482
637,840,1477,0.12581465354668916
634,844,1478,0.125872272245105
631,857,1488,0.1259313545702027
628,862,1490,0.12599544510738214
625,869,1494,0.12606234090010138
623,863,1486,0.12613073393624485
629,867,1496,0.1261995890294177
637,868,1505,0.12624870908999467
638,875,1513,0.1262722628032811
646,871,1517,0.12629237542864624
643,867,1510,0.1262911599869824
637,867,1504,0.1262974525941286
640,864,1504,0.12632023111968593
639,873,1512,0.12633344708779032
632,866,1498,0.12634798965464
627,865,1492,0.12638006342657893
618,872,1490,0.12642238014534354
611,881,1492,0.12648534589623966
620,877,1497,0.1265629601175996
619,888,1507,0.12661159051009474
622,890,1512,0.12665976764442838
620,889,1509,0.1266975658786849
635,888,1523,0.12673913413950413
629,892,1521,0.1267389787886011
631,893,1524,0.12675546227262827
625,893,1518,0.12676552381947162
617,890,1507,0.12679102137277756
608,892,1500,0.12683490504297765
616,897,1513,0.12689848287901173
613,897,1510,0.12693806729691917
613,899,1512,0.1269820868777527
616,898,1514,0.12702225361092473
617,896,1513,0.12705217470282926
621,896,1517,0.12707769711675307
627,897,1524,0.12709128737530306
627,891,1518,0.1270894354205577
629,891,1520,0.12708763780218024
625,880,1505,0.1270821694463568
623,877,1500,0.12708718603348285
623,888,1511,0.12709770718540903
623,889,1512,0.12710755110464728
629,877,1506,0.12711654359382352
632,883,1515,0.12710906550531192
628,885,1513,0.1270944082163661
636,877,1513,0.12709094174267577
631,872,1503,0.1270660715854829
625,868,1493,0.12705648392294686
628,875,1503,0.12706242101430315
622,877,1499,0.12706175330593938
619,884,1503,0.12707670949038763
618,887,1505,0.12709821321816756
625,876,1501,0.12711979169978588
629,878,1507,0.12712076753570856
622,877,1499,0.12711194227638065
617,882,1499,0.12712161852079043
622,891,1513,0.12714408131727722
621,894,1515,0.12715245492953237
615,894,1509,0.12716380127777308
608,896,1504,0.12719005486636495
605,892,1497,0.12723231035098528
604,899,1503,0.12727852764117015
597,908,1505,0.1273238325246213
595,906,1501,0.1273830526638771
592,907,1499,0.12744402499244595
594,908,1502,0.1275062174508318
591,910,1501,0.12755869127947903
596,898,1494,0.12761502714470474
612,896,1508,0.12765509130547703
614,906,1520,0.12765181083899393
623,898,1521,0.12764427949400836
624,895,1519,0.12761440021134524
611,904,1515,0.1275849575128143
601,906,1507,0.1275914424548651
591,912,1503,0.12762169712935242
592,912,1504,0.12767568711804345
600,911,1511,0.1277220833832304
605,905,1510,0.12774615588268273
603,908,1511,0.127755768504134
596,903,1499,0.12777098363218045
595,908,1503,0.12780244584192857
595,910,1505,0.12783518105371208
594,918,1512,0.12786432217448074
598,913,1511,0.12789326523958214
602,910,1512,0.12790999578941786
606,903,1509,0.12791437795744218
602,909,1511,0.12790773391345175
593,914,1507,0.12791278828261368
585,910,1495,0.12793990955314283
573,917,1490,0.1279853219112434
582,913,1495,0.12805827604406061
590,917,1507,0.12810311892896312
583,914,1497,0.12812435827181087
583,923,1506,0.12816171990717623
586,929,1515,0.12819665846261238
585,926,1511,0.12822124527589981
586,924,1510,0.12824548800874985
586,921,1507,0.12826514591160001
579,920,1499,0.12828271045547923
579,927,1506,0.12831881828781472
582,931,1513,0.12835241234782882
579,932,1511,0.12837548711074698
573,933,1506,0.12840488770644007
569,931,1500,0.12844836261086592
574,931,1505,0.1284975667279927
577,929,1506,0.12853135768643606
582,941,1523,0.12855656920341782
580,941,1521,0.1285674118762062
578,947,1525,0.12858372995566184
574,949,1523,0.12860429377642457
566,946,1512,0.12863392990775155
569,944,1513,0.1286819569630434
568,942,1510,0.12871765310614552
571,946,1517,0.1287528977874272
567,941,1508,0.1287785517840687
564,935,1499,0.12881359507230944
570,935,1505,0.128853232823373
570,951,1521,0.12887584923734777
565,950,1515,0.12889773502528423
562,951,1513,0.12893050804686462
560,950,1510,0.12896899539986137
554,952,1506,0.1290096065444474
551,966,1517,0.129062391959848
550,958,1508,0.12911893953192105
555,954,1509,0.12917460328803437
558,948,1506,0.1292149428303216
552,938,1490,0.1292455406031341
554,945,1499,0.12928980050123098
554,952,1506,0.1293248606121088
552,968,1520,0.12935888497726317
536,970,1506,0.12939595158886874
531,976,1507,0.12947160065236185
537,969,1506,0.12955610098964027
537,974,1511,0.1296173408096277
535,967,1502,0.12967432128155443
530,966,1496,0.12973270686762553
535,972,1507,0.12980012225489207
534,970,1504,0.1298505720329897
534,971,1505,0.12990058200450202
532,974,1506,0.12994697744352168
538,968,1506,0.12999564446668876
542,976,1518,0.13002576210688893
536,980,1516,0.13004367606381573
528,981,1509,0.13007591443771094
529,981,1510,0.13012812685805314
530,979,1509,0.13017464062121265
522,984,1506,0.13021647927896005
532,978,1510,0.13027717219800747
527,991,1518,0.13030705761149677
525,992,1517,0.13034809746676154
523,988,1511,0.130392449892214
525,992,1517,0.13043835423729686
524,988,1512,0.13047606112174903
516,987,1503,0.13051294080766052
514,996,1510,0.13056864595153483
517,985,1502,0.1306250951262194
514,997,1511,0.1306703139375867
507,1008,1515,0.1307193188333694
507,1000,1507,0.13078430522659898
509,999,1508,0.13084457559199592
504,1008,1512,0.13089509741757951
498,993,1491,0.13095575978871218
497,991,1488,0.1310291025059731
504,986,1490,0.13110060635572426
501,999,1500,0.13114854972776757
504,1002,1506,0.13120080040656149
501,1004,1505,0.13124221316029774
500,999,1499,0.1312885569039644
500,1015,1515,0.13133586609572614
495,1008,1503,0.13138077652326016
498,1010,1508,0.13143608449761846
485,1012,1497,0.13147963423390407
485,1020,1505,0.13155394492499808
489,1018,1507,0.13162243876585372
484,1022,1506,0.13167677619018703
490,1027,1517,0.13174012488965797
486,1029,1515,0.13178290599738754
486,1022,1508,0.13183246984301378
491,1029,1520,0.13187903685289468
486,1025,1511,0.131909873190129
478,1027,1505,0.1319515204850158
486,1032,1518,0.13201080617691247
482,1036,1518,0.13204578372348352
470,1032,1502,0.13208883140704722
481,1028,1509,0.1321606940662561
487,1027,1514,0.13219877513877687
485,1021,1506,0.13221819847269897
493,1017,1510,0.13224198709287638
491,1023,1514,0.13224336678785137
490,1024,1514,0.1322488544889792
494,1028,1522,0.13225762683070574
494,1017,1511,0.1322564863702653
495,1024,1519,0.13225579387361894
491,1027,1518,0.13225276952779466
494,1028,1522,0.13226103329110983
490,1035,1525,0.1322614941015141
486,1031,1517,0.13227214873417809
488,1044,1532,0.13229336086439059
487,1050,1537,0.1323080386864321
486,1037,1523,0.13232481416353933
484,1036,1520,0.13234281246321888
488,1029,1517,0.13236443354720331
484,1029,1513,0.13237441384271745
479,1029,1508,0.13239418141888099
479,1041,1520,0.13242596787170727
482,1046,1528,0.1324558453963714
480,1033,1513,0.1324758465740927
477,1035,1512,0.13249941987736188
487,1017,1504,0.13252918911125502
482,1021,1503,0.13253137306175097
483,1032,1515,0.13254678787709792
474,1026,1500,0.1325588796295721
471,1020,1491,0.13259373877786232
470,1025,1495,0.13263325511038138
472,1033,1505,0.13267273049454598
470,1035,1505,0.132704760326859
472,1032,1504,0.1327405801886776
469,1034,1503,0.1327692208977458
469,1028,1497,0.132803438220677
472,1034,1506,0.13283538289418806
472,1032,1504,0.13285746726561964
469,1032,1501,0.13287771152676042
471,1032,1503,0.13290418081142208
467,1036,1503,0.13292370015831245
463,1035,1498,0.13295195227237624
464,1047,1511,0.1329891950317161
460,1041,1501,0.1330221586650266
457,1045,1502,0.13306306727975453
454,1042,1496,0.13310905804502754
452,1044,1496,0.13316005507638132
453,1049,1502,0.13321346231360365
454,1051,1505,0.13326077313047238
448,1052,1500,0.13330243355796528
446,1071,1517,0.13335671464659687
450,1071,1521,0.13341262731248604
448,1076,1524,0.13345420365894275
451,1070,1521,0.13349740132227692
449,1080,1529,0.13352935848701794
440,1077,1517,0.13356449174148602
440,1074,1514,0.1336209957555767
442,1068,1510,0.133672372705836
445,1065,1510,0.13371489953688742
443,1072,1515,0.13374750532003207
437,1080,1517,0.13378266135045386
444,1079,1523,0.13383092812859862
441,1077,1518,0.13385710764236017
446,1069,1515,0.13389005330714482
448,1071,1519,0.1339066040111528
447,1066,1513,0.13391696296296055
448,1074,1522,0.133929104337848
445,1057,1502,0.13393758614893844
443,1072,1515,0.13395435924874177
445,1072,1517,0.13397517653088273
449,1066,1515,0.13398990232747596
444,1079,1523,0.13399348257539553
442,1069,1511,0.1340101896402438
432,1070,1502,0.13402942640215712
433,1077,1510,0.1340753286259414
433,1086,1519,0.13411595392966397
420,1089,1509,0.13415429062854842
417,1090,1507,0.13422514873814784
416,1096,1512,0.13429850563562348
419,1089,1508,0.1343691096026993
427,1092,1519,0.13442717160621473
429,1094,1523,0.13446001780125205
429,1089,1518,0.13448609148642723
427,1089,1516,0.13450988292595195
428,1091,1519,0.13453772784998116
415,1096,1511,0.13456073457578047
411,1102,1513,0.13461710254932696
406,1097,1503,0.13467995313470768
410,1094,1504,0.13475172092939525
410,1097,1507,0.13480674609369125
412,1105,1517,0.13485841441116297
408,1111,1519,0.13490154582418015
409,1106,1515,0.13495256699889652
408,1097,1505,0.1349985867106143
413,1094,1507,0.1350438225433425
413,1082,1495,0.13507184247746287
406,1089,1495,0.1350988448639774
404,1090,1494,0.13514300744654772
406,1099,1505,0.13518940068643673
410,1098,1508,0.13522791249605312
414,1091,1505,0.13525355551720553
408,1098,1506,0.13526738842151229
407,1105,1512,0.13529827773859585
413,1100,1513,0.1353308264017055
413,1113,1526,0.13534592679007074
412,1105,1517,0.1353595333668823
415,1103,1518,0.1353749423796528
417,1111,1528,0.13538143483751305
411,1112,1523,0.13538256720305178
415,1106,1521,0.13539945646596785
412,1110,1522,0.13540529590513567
403,1113,1516,0.1354182073044547
406,1113,1519,0.13545398312373375
405,1110,1515,0.13548032701183294
402,1095,1497,0.1355078963825897
393,1107,1500,0.13554249528918919
392,1108,1500,0.13559918049164035
390,1103,1493,0.1356549004382978
385,1115,1500,0.13571178928203123
388,1125,1513,0.135778687896773
392,1134,1526,0.13583362755370165
386,1123,1509,0.13587460669157986
391,1125,1516,0.1359278642827211
391,1129,1520,0.1359648103847076
393,1128,1521,0.13599928407598139
383,1129,1512,0.13602487472242258
381,1127,1508,0.13607630545299046
382,1139,1521,0.1361289263571526
383,1130,1513,0.13617513678570725
388,1131,1519,0.13621470932460716
384,1130,1514,0.1362387871012131
381,1137,1518,0.13627302831867488
382,1143,1525,0.1363135189898799
386,1129,1515,0.13634886686032285
391,1128,1519,0.13637122140038774
390,1142,1532,0.1363787912171036
389,1140,1529,0.13638911317431238
386,1131,1517,0.13640176803427034
384,1129,1513,0.1364217989393569
380,1128,1508,0.1364463600657999
376,1131,1507,0.13648063755571516
385,1133,1518,0.13652312091876878
379,1118,1497,0.1365391338027461
383,1124,1507,0.13657012118137932
377,1115,1492,0.13658860176075965
375,1128,1503,0.13662228561052905
375,1127,1502,0.13665854991029783
380,1125,1505,0.13669224209793684
378,1133,1511,0.13670976320931985
382,1132,1514,0.13673093954772417
381,1142,1523,0.1367396655571106
379,1141,1520,0.1367499079925894
378,1144,1522,0.13676410547707643
372,1144,1516,0.1367802086769479
380,1141,1521,0.1368117837037616
383,1136,1519,0.13681965836505136
377,1141,1518,0.1368186043674765
366,1133,1499,0.1368340132123795
357,1134,1491,0.13687823568757435
357,1148,1505,0.13694336364610638
357,1161,1518,0.137005943286123
355,1162,1517,0.1370645338948116
355,1155,1510,0.13712455717971117
351,1163,1514,0.1371813848922158
340,1158,1498,0.13724543246812324
343,1157,1500,0.13733458741463297
344,1168,1512,0.13740878795723327
353,1166,1519,0.13747489810488897
354,1161,1515,0.1375115263735807
351,1156,1507,0.13754278218494526
357,1165,1522,0.13757923743389053
352,1164,1516,0.13759745440777654
352,1169,1521,0.1376289412391586
339,1164,1503,0.13765857873109777
336,1169,1505,0.13772004116947312
337,1156,1493,0.1377863575427173
339,1170,1509,0.13784563105351347
341,1182,1523,0.13789552243741876
340,1184,1524,0.13793731120845856
342,1183,1525,0.1379788267868781
339,1181,1520,0.1380126812278445
334,1184,1518,0.13805278564134474
333,1194,1527,0.13810406538193123
331,1195,1526,0.13815477869196743
328,1189,1517,0.13820798701589967
326,1187,1513,0.13826571818043945
325,1182,1507,0.13832520917943034
319,1180,1499,0.13838325249971778
320,1184,1504,0.13845348975726485
324,1179,1503,0.138515864641788
326,1177,1503,0.13856273161119628
323,1175,1498,0.13860002606606237
322,1185,1507,0.138642873135499
323,1187,1510,0.1386860511637464
322,1189,1511,0.13872345260115915
319,1194,1513,0.13876072055230046
315,1184,1499,0.13880386476103446
311,1192,1503,0.13885345106781816
310,1183,1493,0.1389100683912387
318,1190,1508,0.13896518643179792
320,1177,1497,0.13899450817728073
318,1193,1511,0.13901595135524838
320,1196,1516,0.13904124777647345
316,1192,1508,0.13905990147241756
317,1198,1515,0.13908882754802515
313,1193,1506,0.13911288137845745
309,1189,1498,0.1391458893002699
319,1181,1500,0.13918777692362794
316,1175,1491,0.13919925309717993
322,1187,1509,0.13921861116223833
319,1193,1512,0.13921968535903134
318,1200,1518,0.1392298269673214
317,1212,1529,0.13924239853733578
318,1216,1534,0.13925712045390792
319,1201,1520,0.13926864376627915
317,1204,1521,0.13927700780288613
319,1202,1521,0.13928999659959138
316,1198,1514,0.13929680818059334
311,1203,1514,0.13931174616891617
307,1200,1507,0.13934022657014405
312,1184,1496,0.13937742599481942
318,1187,1505,0.13939877102303735
321,1189,1510,0.13940198049089228
319,1198,1517,0.1393969844737328
316,1204,1520,0.13939810874111289
317,1195,1512,0.13940692403883953
311,1201,1512,0.13941270999356703
315,1198,1513,0.13943494741957396
312,1209,1521,0.13944449807893033
311,1209,1520,0.13946253024653926
309,1203,1512,0.1394820539347143
308,1213,1521,0.1395061911681895
308,1218,1526,0.13953135683189127
302,1216,1518,0.1395542273058183
306,1212,1518,0.1395926085063618
310,1202,1512,0.1396167112472917
306,1209,1515,0.13962917309615
297,1216,1513,0.13965254834118784
293,1211,1504,0.13969901067543922
292,1205,1497,0.1397531599987976
296,1218,1514,0.13980584049470962
291,1214,1505,0.13984427048745546
298,1220,1518,0.13989363138135613
296,1230,1526,0.13992036340265024
292,1222,1514,0.13995087652980115
285,1224,1509,0.13999040048948477
286,1211,1497,0.14004609515102406
288,1212,1500,0.14009631047743834
287,1219,1506,0.14013693896007745
283,1227,1510,0.14017727638853647
272,1237,1509,0.14022560485996435
280,1233,1513,0.1403002685236401
277,1226,1503,0.14034702896347007
281,1234,1515,0.14039917588279946
284,1236,1520,0.14043719885135847
278,1234,1512,0.1404641849882735
279,1252,1531,0.14050602705404902
284,1236,1520,0.14054263425293753
278,1244,1522,0.1405634535778768
278,1232,1510,0.14060012762590676
271,1234,1505,0.14063438576419818
274,1236,1510,0.1406852697877145
268,1233,1501,0.1407235234272447
268,1238,1506,0.1407762834304342
266,1238,1504,0.14082618919605935
265,1231,1496,0.1408781120409937
262,1241,1503,0.14092980656712017
259,1247,1506,0.1409866631024512
261,1242,1503,0.14104786076209877
263,1254,1517,0.14109908512254496
264,1253,1517,0.14114101188986983
267,1261,1528,0.14117728619735145
267,1260,1527,0.14120240222911484
266,1260,1526,0.14122601725968406
266,1261,1527,0.14125174954396563
269,1237,1506,0.1412757533559203
264,1236,1500,0.1412902832550976
267,1223,1490,0.141317400423942
267,1223,1490,0.1413342553161014
276,1238,1514,0.14135024565385573
275,1234,1509,0.14134048497930007
278,1238,1516,0.14133442510194
277,1242,1519,0.1413209089132134
277,1241,1518,0.1413117567366103
275,1245,1520,0.14130362944420008
275,1233,1508,0.14130196651766125
276,1233,1509,0.14130096075421347
279,1233,1512,0.14129719130065044
279,1237,1516,0.14128566381781094
273,1237,1510,0.14127501344514323
273,1241,1514,0.14128156801709463
264,1242,1506,0.14128774625271634
260,1241,1501,0.14131827637884445
255,1239,1494,0.14135761320101836
251,1238,1489,0.14140870499891617
258,1256,1514,0.1414673967739273
259,1243,1502,0.14150280022491335
256,1254,1510,0.1415336698918631
255,1258,1513,0.14157126569425002
256,1262,1518,0.1416092059482169
257,1264,1521,0.1416420705218203
249,1267,1516,0.1416702465788994
248,1269,1517,0.14171848732531864
249,1269,1518,0.14176607331197272
255,1273,1528,0.14180726368341268
257,1274,1531,0.1418289460295724
252,1279,1531,0.1418439866892688
249,1270,1519,0.14187219346642435
244,1273,1517,0.1419068474695241
242,1271,1513,0.14195319369772708
245,1271,1516,0.14200305186238565
244,1264,1508,0.14204115959708544
237,1276,1513,0.14207987564155014
231,1283,1514,0.1421358568854775
238,1287,1525,0.142204578022909
239,1280,1519,0.14224850514269094
240,1287,1527,0.14228709810290271
238,1284,1522,0.14232030804053783
229,1269,1498,0.1423572530818041
229,1270,1499,0.14241733125225703
233,1271,1504,0.14247362162354948
232,1270,1502,0.14251491594258195
231,1277,1508,0.1425563889507092
229,1282,1511,0.14259803851560507
228,1281,1509,0.14264273683188666
231,1284,1515,0.14268716572886486
231,1270,1501,0.14272060155246877
231,1269,1500,0.1427523666031158
233,1277,1510,0.14278240690723176
236,1272,1508,0.14280500749856606
239,1270,1509,0.14281759133511118
239,1272,1511,0.14282117457389298
239,1282,1521,0.1428250947270529
232,1281,1513,0.14282931540069538
232,1286,1518,0.14285332173883578
232,1295,1527,0.14287527311754436
229,1299,1528,0.14289567517119728
232,1298,1530,0.1429233752026356
233,1292,1525,0.1429415464995646
236,1293,1529,0.1429548576636121
234,1289,1523,0.1429577604168791
235,1295,1530,0.14296634247975326
233,1281,1514,0.1429714378602984
226,1272,1498,0.1429819266623531
229,1285,1514,0.14301145011160937
228,1292,1520,0.1430310376761127
227,1283,1510,0.14305251437863284
223,1295,1518,0.1430753171254024
222,1299,1521,0.1431079575829006
222,1273,1495,0.14314133554029065
221,1285,1506,0.14317277733677475
222,1284,1506,0.14320470272455565
219,1290,1509,0.14323099491135985
219,1299,1518,0.1432637534453817
222,1289,1511,0.14329407218251652
223,1298,1521,0.1433140005672962
219,1303,1522,0.14332965871737616
220,1298,1518,0.1433560004126234
222,1292,1514,0.1433773440600261
222,1291,1513,0.14339164460297368
219,1289,1508,0.14340514555604839
214,1287,1501,0.1434266074774514
208,1295,1503,0.14346055969144916
211,1303,1514,0.14350865375951194
208,1303,1511,0.14354485284865853
205,1311,1516,0.1435869482276311
208,1320,1528,0.14363437105936058
208,1318,1526,0.14367030543308026
207,1317,1524,0.1437042161925426
207,1313,1520,0.14373847577468285
202,1305,1507,0.14377054895199598
203,1306,1509,0.14381458599770547
201,1293,1494,0.14385271199119556
198,1289,1487,0.14389425036143424
197,1304,1501,0.1439421434439076
201,1320,1521,0.143989396201802
203,1317,1520,0.14402200069293128
198,1312,1510,0.14404712242051598
196,1322,1518,0.14408541413187329
193,1323,1516,0.14412656604993504
194,1308,1502,0.14417347401878963
198,1309,1507,0.14421418796927138
201,1314,1515,0.14424135939493826
201,1324,1525,0.14425821347953444
197,1316,1513,0.14427403274072034
199,1316,1515,0.14430021048776456
198,1319,1517,0.14431921389661972
199,1310,1509,0.14433982272528037
200,1317,1517,0.14435687279124235
200,1302,1502,0.14436979947820228
195,1311,1506,0.14438156825059165
191,1310,1501,0.14440706349711285
195,1316,1511,0.1444423213340521
196,1307,1503,0.14446318045842768
195,1310,1505,0.14447966313184155
193,1322,1515,0.14449831400658847
190,1330,1520,0.14452136178520136
189,1334,1523,0.14455165910055937
195,1334,1529,0.14458213922208582
197,1325,1522,0.14459377214096505
200,1321,1521,0.14459870854917825
205,1322,1527,0.1445948704077089
203,1298,1501,0.14457704321664308
198,1307,1505,0.1445660204989419
191,1300,1491,0.14457023121890217
194,1295,1489,0.1445934205979369
197,1302,1499,0.14460693613163844
199,1323,1522,0.14461107085870997
201,1316,1517,0.14460903479266182
202,1308,1510,0.14460103400794086
204,1321,1525,0.144590844155186
200,1321,1521,0.14457577208394248
197,1324,1521,0.1445733055182991
197,1322,1519,0.14458003119461654
197,1331,1528,0.14458648801878357
195,1335,1530,0.14459269950192843
193,1330,1523,0.144604278105922
189,1339,1528,0.14462149838614213
183,1333,1516,0.14464860555367443
182,1337,1519,0.14469032665573997
179,1338,1517,0.14473147227610336
178,1333,1511,0.1447790191094673
176,1333,1509,0.1448266798761922
175,1334,1509,0.14487646044615063
180,1337,1517,0.14492583926148708
184,1338,1522,0.1449574944571966
183,1323,1506,0.14497587519303162
186,1328,1514,0.14499635824352686
186,1329,1515,0.14500735505808168
184,1350,1534,0.14501790268597056
178,1339,1517,0.14503344622532424
176,1334,1510,0.14506513227678952
181,1322,1503,0.14510058843579718
178,1327,1505,0.1451183102270472
174,1332,1506,0.14514398620741742
176,1344,1520,0.1451797460465689
178,1345,1523,0.14520690146803358
175,1352,1527,0.14522676554161337
172,1355,1527,0.1452541695244174
172,1354,1526,0.14528836327328665
172,1349,1521,0.14531993412862904
165,1340,1505,0.14534933180315562
168,1348,1516,0.1453969534836243
165,1355,1520,0.14543255733934232
165,1338,1503,0.14547417117779415
159,1337,1496,0.14551309979634497
159,1336,1495,0.14556689741906542
160,1350,1510,0.1456165306392593
158,1350,1508,0.14565988914905872
159,1354,1513,0.1457064787406335
159,1354,1513,0.14574715814390918
160,1356,1516,0.14578482846095084
155,1364,1519,0.14581802461417154
161,1356,1517,0.1458638508227879
160,1354,1514,0.1458890703468078
157,1357,1514,0.14591552027626567
160,1348,1508,0.1459488445925224
161,1350,1511,0.14597157932937083
167,1349,1516,0.14598956138044403
170,1355,1525,0.14598941378545188
168,1345,1513,0.1459805499692549
171,1336,1507,0.1459784362856217
169,1336,1505,0.14596821503243046
171,1332,1503,0.14596450132689956
166,1345,1511,0.14595557066290696
167,1351,1518,0.14596166756011153
159,1355,1514,0.14596415579393246
158,1347,1505,0.14598925579014949
158,1346,1504,0.14601556304946192
160,1346,1506,0.14604037359997282
161,1347,1508,0.14605727110383632
156,1343,1499,0.1460699192038659
156,1350,1506,0.14609631850740182
156,1350,1506,0.14612053980126785
154,1362,1516,0.14614358667561875
157,1365,1522,0.14617150581034935
155,1379,1534,0.14618890942277812
151,1372,1523,0.14621095220877764
154,1371,1525,0.14624351323369708
150,1368,1518,0.14626499519115452
151,1370,1521,0.14629667462161666
150,1378,1528,0.14632366222522822
148,1365,1513,0.14635190448940294
145,1360,1505,0.14638403881159026
146,1366,1512,0.14642249604634214
147,1374,1521,0.14645554578674752
144,1384,1528,0.14648368401178127
146,1378,1524,0.14651926316663177
143,1372,1515,0.14654627100431605
145,1378,1523,0.14658065996437816
146,1368,1514,0.14660755851516816
145,1361,1506,0.14663028921749835
141,1371,1512,0.1466547535981412
137,1376,1513,0.14668963129805873
132,1383,1515,0.14673369467148936
132,1376,1508,0.14678931084338764
130,1374,1504,0.1468414386853346
126,1378,1504,0.1468957913917261
125,1386,1511,0.1469584845764044
129,1395,1524,0.14702016330885928
130,1397,1527,0.1470662087027247
134,1386,1520,0.14710594926133155
133,1404,1537,0.1471315734005761
131,1398,1529,0.14715799469895688
130,1393,1523,0.14718897306566375
127,1393,1520,0.1472212151953505
128,1391,1519,0.1472601836304538
127,1398,1525,0.14729415590752978
127,1390,1517,0.14732906453184083
126,1393,1519,0.14736195235248087
125,1397,1522,0.14739585902887534
124,1388,1512,0.14743043286289045
123,1393,1516,0.14746520222861276
118,1399,1517,0.14750008833256484
121,1399,1520,0.14754789487137668
120,1398,1518,0.1475832788253018
117,1386,1503,0.14761916147737422
118,1389,1507,0.14766134280734708
119,1390,1509,0.1476976255424855
117,1394,1511,0.14772823903621124
119,1393,1512,0.14776285736499045
118,1389,1507,0.14778880007908268
114,1389,1503,0.147816200502563
113,1399,1512,0.14785386173024695
112,1392,1504,0.14789215318561158
112,1409,1521,0.14793093738320562
112,1397,1509,0.1479669319544373
111,1401,1512,0.14800093274551657
110,1395,1505,0.1480360556593412
107,1399,1506,0.1480719839356558
108,1398,1506,0.1481145286057883
107,1407,1514,0.1481514340419365
109,1414,1523,0.14818929849816448
104,1409,1513,0.14821898268379885
108,1412,1520,0.14826162557460507
107,1409,1516,0.14828913732374777
103,1401,1504,0.14831821282083915
102,1400,1502,0.1483578102997845
101,1393,1494,0.14839799318960345
102,1395,1497,0.14843880148204253
104,1408,1512,0.14847366442332346
106,1412,1518,0.1485002791947391
106,1412,1518,0.14851922392907493
102,1413,1515,0.14853677129666326
101,1415,1516,0.14856502158720575
103,1407,1510,0.1485946717134371
101,1405,1506,0.14861682897358774
100,1399,1499,0.14864334668985063
99,1387,1486,0.1486708043297104
97,1411,1508,0.14870005862759625
97,1414,1511,0.14873366560671836
98,1416,1514,0.14876556394891394
96,1421,1517,0.14879214275345143
97,1424,1521,0.1488231797565324
99,1423,1522,0.1488492999969877
99,1421,1520,0.1488676119825101
101,1410,1511,0.14888494617602202
99,1412,1511,0.14889484079224882
97,1422,1519,0.14891054602150142
98,1412,1510,0.14893150353889864
96,1410,1506,0.14894835400340026
93,1411,1504,0.14897053431214735
94,1400,1494,0.14899921822986492
99,1399,1498,0.1490226169794403
97,1414,1511,0.14902879894053211
97,1419,1516,0.14904106732667774
97,1426,1523,0.1490526075393856
95,1430,1525,0.14906365534615024
92,1436,1528,0.14908027866230486
91,1431,1522,0.149104534270998
92,1435,1527,0.14913027717948218
97,1436,1533,0.14915163270810222
95,1421,1516,0.14915658797523457
92,1420,1512,0.1491674281974874
91,1422,1513,0.14918666654525778
89,1433,1522,0.14920766490179238
88,1426,1514,0.14923355679815767
92,1421,1513,0.1492606524242256
91,1409,1500,0.14927400537754792
93,1417,1510,0.14928935667123336
91,1421,1512,0.14929788584310938
90,1428,1518,0.14931172302313392
87,1437,1524,0.14932803748444903
86,1433,1519,0.14935234665702027
86,1424,1510,0.14937808615336753
86,1424,1510,0.14940218421477905
87,1425,1512,0.14942484228986597
86,1429,1515,0.14944298729611583
85,1418,1503,0.14946291936514955
82,1433,1515,0.1494845483705656
81,1434,1515,0.1495140427019538
78,1435,1513,0.14954497287500831
78,1440,1518,0.149583111926347
79,1438,1517,0.14961850239166097
79,1432,1511,0.14964836270242926
80,1429,1509,0.14967641489976305
81,1435,1516,0.14969982361882245
80,1429,1509,0.149718876677975
83,1433,1516,0.1497396102634956
85,1432,1517,0.14974973334860084
86,1438,1524,0.14975354517894982
89,1449,1538,0.1497538566145802
86,1444,1530,0.14974529703313508
85,1439,1524,0.14974655401563855
85,1440,1525,0.1497506073747072
88,1430,1518,0.14975429435009308
85,1438,1523,0.1497489811461485
83,1448,1531,0.1497532594232757
86,1439,1525,0.14976384674605348
87,1431,1518,0.14976466536414132
85,1432,1517,0.14976260257725127
83,1427,1510,0.14976656135362082
82,1424,1506,0.14977627592220008
79,1425,1504,0.14978831636203271
81,1434,1515,0.1498089716513386
80,1436,1516,0.14982197115082932
79,1437,1516,0.14983747617210771
80,1434,1514,0.14985491285051847
80,1431,1511,0.14986884789100816
76,1431,1507,0.14988205576758587
70,1453,1523,0.14990662016202844
69,1460,1529,0.14994764128370142
68,1455,1523,0.14998951201763527
68,1446,1514,0.15003150328203396
69,1455,1524,0.15007073759800874
72,1443,1515,0.15010414771735064
70,1443,1513,0.15012659887002275
69,1441,1510,0.1501537005395788
70,1440,1510,0.1501821156155416
69,1440,1509,0.15020561497772852
67,1448,1515,0.15023087092559034
67,1451,1518,0.15026072531257967
69,1460,1529,0.15028912407194142
68,1457,1525,0.1503096465401127
65,1453,1518,0.15033207396919288
68,1452,1520,0.1503622239865079
69,1466,1535,0.1503816957280917
67,1461,1528,0.15039690193014085
67,1466,1533,0.15041705300591077
63,1467,1530,0.15043611674150167
64,1453,1517,0.15046615078679348
63,1446,1509,0.15049131337266686
64,1449,1513,0.15051810620585723
63,1448,1511,0.15054014818190525
64,1450,1514,0.15056391634681757
62,1461,1523,0.15058313742984156
63,1453,1516,0.15060768264927937
61,1453,1514,0.15062735138131794
63,1456,1519,0.15065173963235406
64,1468,1532,0.15066894702272254
61,1467,1528,0.1506821335870624
59,1463,1522,0.15070356121725195
61,1468,1529,0.150729854452088
62,1465,1527,0.1507482815567936
60,1460,1520,0.1507622875067517
63,1462,1525,0.15078166008421845
65,1456,1521,0.1507904714061458
66,1454,1520,0.1507925134032623
65,1450,1515,0.1507915235534517
65,1464,1529,0.1507940433228524
68,1455,1523,0.15079651019178186
67,1457,1524,0.15078959257634697
67,1450,1517,0.1507860988720018
67,1453,1520,0.15078292941520122
69,1452,1521,0.15078000510829676
69,1451,1520,0.1507712781502125
70,1454,1524,0.15076301820183594
71,1448,1519,0.15075218571447352
69,1438,1507,0.1507389524508096
70,1448,1518,0.15073234658898912
73,1440,1513,0.15072325831519173
73,1443,1516,0.15070530013275085
72,1442,1514,0.15068840407281664
73,1438,1511,0.15067553640708325
72,1444,1516,0.15066046194257368
75,1443,1518,0.15064950821319886
71,1447,1518,0.15062971222015084
73,1459,1532,0.1506232477545965
77,1450,1527,0.1506109377406602
78,1439,1517,0.1505868497509448
79,1436,1515,0.1505609861620944
77,1439,1516,0.15053356884175567
75,1449,1524,0.15051401745183543
73,1450,1523,0.1505020325826223
71,1466,1537,0.15049728032744253
71,1446,1517,0.15049874691813053
69,1444,1513,0.150499727745866
70,1450,1520,0.15050666495680137
72,1455,1527,0.15050996811821063
71,1450,1521,0.15050674147596674
72,1440,1512,0.15050694946636195
70,1436,1506,0.15050441834896597
70,1450,1520,0.15050796020019822
70,1450,1520,0.15051142513694243
69,1463,1532,0.15051480590843969
69,1455,1524,0.15052112022051806
71,1453,1524,0.15052733915762204
70,1449,1519,0.1505270943514262
68,1448,1516,0.1505296884541431
65,1454,1519,0.15053835988081257
65,1460,1525,0.1505557578399648
68,1450,1518,0.1505720271931204
70,1444,1514,0.15057813272509343
74,1446,1520,0.15057774764952278
74,1454,1528,0.1505652831852861
72,1452,1524,0.15055372899387717
72,1454,1526,0.150548836027449
73,1452,1525,0.15054399736305474
73,1457,1530,0.15053647472433038
69,1443,1512,0.1505292222764022
69,1448,1517,0.15053500238127143
67,1456,1523,0.1505403137046521
62,1466,1528,0.1505511596437446
62,1463,1525,0.15057626139640604
61,1464,1525,0.15059962616896158
63,1454,1517,0.15062479101963036
62,1445,1507,0.15064210200631925
64,1449,1513,0.15066162271100758
63,1450,1513,0.1506738465131984
63,1450,1513,0.15068850241566614
63,1443,1506,0.15070251291082004
63,1435,1498,0.1507154278219565
62,1442,1504,0.15072744540884805
65,1453,1518,0.15074181366382
61,1436,1497,0.15074631794297502
63,1445,1508,0.15076308241001674
60,1442,1502,0.1507725570958128
63,1453,1516,0.15079052069749685
63,1446,1509,0.15079834698005318
62,1441,1503,0.1508058337354127
61,1441,1502,0.1508158883121938
60,1455,1515,0.15082809436678732
61,1449,1510,0.1508425343007223
62,1454,1516,0.15085308710213932
58,1455,1513,0.15086007110029653
58,1466,1524,0.1508787848948043
56,1466,1522,0.15089630699831436
58,1468,1526,0.150918695299787
57,1470,1527,0.150933477519483
56,1471,1527,0.1509505481976656
57,1470,1527,0.1509694795374229
58,1459,1517,0.15098418817130563
59,1456,1515,0.1509949181901447
57,1452,1509,0.15100160094311918
58,1454,1512,0.15101403876435648
56,1463,1519,0.15102294102126726
57,1461,1518,0.15103756909692292
58,1461,1519,0.1510484302212509
58,1474,1532,0.1510556890831581
59,1462,1521,0.1510625792589655
59,1465,1524,0.15106588181347969
58,1459,1517,0.15106919325850143
53,1452,1505,0.15107540552804527
55,1455,1510,0.15109641777749436
55,1454,1509,0.15110973710878767
55,1467,1522,0.1511225062039304
55,1471,1526,0.1511344925911155
52,1462,1514,0.15114574279804394
53,1464,1517,0.1511655419988759
55,1463,1518,0.15118069729283623
56,1463,1519,0.15118888607223885
56,1465,1521,0.15119369146840347
55,1466,1521,0.15119841021418526
52,1473,1525,0.15120559577530365
49,1482,1531,0.15122156446696106
48,1478,1526,0.1512461546614913
48,1489,1537,0.15127185733759207
48,1468,1516,0.15129596284862712
48,1463,1511,0.15131852384703187
47,1471,1518,0.15133968308298923
47,1452,1499,0.15136231092218394
44,1454,1498,0.1513833970846716
45,1467,1512,0.15141228583460126
44,1480,1524,0.15143639859471456
42,1484,1526,0.15146207714294765
42,1486,1528,0.15149257333383925
42,1481,1523,0.15152084704007213
41,1479,1520,0.15154742062580942
43,1484,1527,0.15157544520268812
41,1482,1523,0.1515955499506459
40,1482,1522,0.15162063852796598
40,1493,1533,0.1516470824408733
41,1485,1526,0.15167190029519034
41,1483,1524,0.15169198419354232
39,1472,1511,0.15171079988988445
40,1470,1510,0.1517347642667895
39,1468,1507,0.15175414770539553
39,1460,1499,0.15177545172790452
38,1474,1512,0.151795517840631
37,1487,1524,0.15181737123396016
36,1489,1525,0.15184096344234602
38,1485,1523,0.15186617401005734
37,1488,1525,0.15188331044184936
36,1480,1516,0.15190265142484813
36,1481,1517,0.15192387669211077
37,1487,1524,0.15194373714652104
39,1482,1521,0.15195930469198515
40,1475,1515,0.1519677248936947
40,1474,1514,0.15197260624930753
40,1474,1514,0.15197720018671745
42,1465,1507,0.1519812827691907
42,1470,1512,0.15197888604249177
43,1474,1517,0.1519766824129819
43,1471,1514,0.15197158174786093
45,1462,1507,0.1519669457324828
47,1459,1506,0.15195648375576246
45,1459,1504,0.1519407147933902
43,1463,1506,0.15193232894458897
42,1457,1499,0.15193101240646537
41,1455,1496,0.15193250341748446
40,1454,1494,0.15193687581903134
41,1459,1500,0.15194397209687138
42,1472,1514,0.15194752107723739
41,1469,1510,0.1519479494400666
40,1475,1515,0.15195142561920175
41,1469,1510,0.15195768687183375
40,1480,1520,0.15196054116375543
37,1480,1517,0.15196640582820678
38,1484,1522,0.1519814149302001
39,1484,1523,0.1519926791005252
40,1479,1519,0.15200025435704684
42,1477,1519,0.1520044592700831
43,1473,1516,0.1520019670601412
39,1478,1517,0.15199665698582188
40,1481,1521,0.1520043828751886
39,1480,1519,0.1520085467547045
40,1473,1513,0.15201545945880102
38,1483,1521,0.15201875456288608
36,1481,1517,0.15202816930743096
37,1459,1496,0.15204291774112844
39,1454,1493,0.15205359621583298
40,1466,1506,0.152057193440808
39,1477,1516,0.1520575250038566
42,1467,1509,0.15206090854746562
39,1465,1504,0.15205502040460853
38,1469,1507,0.15205883392483233
39,1474,1513,0.15206555915204156
41,1461,1502,0.15206862690532777
41,1454,1495,0.15206547550141095
41,1459,1500,0.15206262564433795
39,1457,1496,0.1520599973257056
38,1463,1501,0.15206365372574018
39,1459,1498,0.15207020720512684
38,1465,1503,0.1520732003565824
38,1469,1507,0.1520789828184473
39,1466,1505,0.15208450683297323
39,1468,1507,0.15208647303452189
41,1468,1509,0.15208840904711704
40,1464,1504,0.15208413564259818
38,1467,1505,0.1520833453184498
36,1472,1508,0.15208881041426286
33,1470,1503,0.15209992363169758
34,1477,1511,0.15211976534047658
35,1483,1518,0.15213519625231148
34,1496,1530,0.1521464309855122
35,1493,1528,0.1521600099266484
34,1497,1531,0.15216963347416182
36,1489,1525,0.152181673577439
37,1480,1517,0.1521869066967143
36,1477,1513,0.1521888780303901
35,1481,1516,0.15219389857692525
35,1476,1511,0.15220168872586226
36,1490,1526,0.15220895770373638
37,1496,1533,0.152212441473155
38,1492,1530,0.152212393971989
38,1483,1521,0.15220947919826003
39,1487,1526,0.1522069357121614
37,1473,1510,0.15220158316993113
39,1462,1501,0.152202961573609
41,1468,1509,0.15219794386239724
43,1481,1524,0.15218714264380423
44,1473,1517,0.1521709357714713
41,1488,1529,0.1521524493634197
40,1486,1526,0.1521445146692231
40,1479,1519,0.15214007293780477
40,1472,1512,0.1521358844710619
38,1467,1505,0.1521319345391494
38,1471,1509,0.1521343821849335
36,1469,1505,0.1521364753490637
39,1486,1525,0.152144613586915
37,1490,1527,0.1521429616983624
35,1478,1513,0.15214745733698204
36,1470,1506,0.15215811502926624
36,1468,1504,0.15216500146139872
37,1474,1511,0.15217155386888492
35,1467,1502,0.15217464416994894
35,1484,1519,0.15218368628561044
36,1485,1521,0.1521920143266755
37,1480,1517,0.15219636959587385
36,1470,1506,0.15219743238746322
35,1474,1509,0.15220149860412446
32,1471,1503,0.15220830203808206
32,1478,1510,0.15222403614915647
32,1485,1517,0.1522386970471886
32,1496,1528,0.15225240871835122
32,1489,1521,0.1522653265342235
33,1488,1521,0.1522776268283791
32,1469,1501,0.15228600042746135
32,1480,1512,0.15229704578090797
33,1478,1511,0.15230752929915867
34,1475,1509,0.15231422290930854
36,1479,1515,0.15231741649964284
36,1472,1508,0.15231419659932333
35,1484,1519,0.15231139362002213
36,1481,1517,0.15231203354738473
33,1482,1515,0.15230960993284495
32,1473,1505,0.1523165528430876
33,1493,1526,0.15232609965925392
34,1483,1517,0.15233193512111667
34,1468,1502,0.15233436281002746
34,1472,1506,0.15233666247009114
34,1473,1507,0.15233883667048215
33,1474,1507,0.1523407470681164
33,1471,1504,0.15234561023863777
32,1473,1505,0.1523501747921872
31,1487,1518,0.15235746937718864
31,1488,1519,0.1523674065393264
31,1487,1518,0.15237684277110555
32,1488,1520,0.15238564648097924
31,1478,1509,0.1523909252663725
31,1479,1510,0.15239900113858565
30,1484,1514,0.1524065038974047
28,1480,1508,0.152416710675536
29,1481,1510,0.1524322952536165
30,1479,1509,0.15244362094691516
30,1478,1508,0.15245107621038995
30,1503,1533,0.1524579695691691
29,1500,1529,0.1524646861712846
29,1495,1524,0.15247405112223292
29,1487,1516,0.15248281439334463
29,1475,1504,0.1524911194391226
32,1488,1520,0.15249911553313292
32,1494,1526,0.15249726311636802
34,1495,1529,0.1524956940758631
34,1498,1532,0.1524879991327962
34,1487,1521,0.1524808309832439
32,1485,1517,0.15247414750570842
30,1491,1521,0.15247400701108754
31,1487,1518,0.15248002215192025
31,1484,1515,0.15248237056750566
30,1479,1509,0.15248448053851213
32,1489,1521,0.15248955533872033
32,1485,1517,0.15248798850617196
33,1475,1508,0.15248649479408408
32,1478,1510,0.15248194313488478
32,1486,1518,0.1524808126658438
31,1490,1521,0.15247976503982041
34,1487,1521,0.15248190906168452
36,1472,1508,0.15247444987957945
36,1471,1507,0.15246129553203322
36,1478,1514,0.1524489622864728
36,1475,1511,0.15243733976063273
37,1484,1521,0.1524263781661859
36,1483,1519,0.1524129425070117
36,1487,1523,0.15240342566906132
35,1483,1518,0.1523944302701667
35,1492,1527,0.15238916185687196
36,1494,1530,0.15238423158354725
35,1487,1522,0.15237648770001472
34,1483,1517,0.15237235475634348
35,1485,1520,0.15237158552385804
35,1469,1504,0.15236758821671204
32,1477,1509,0.15236389142131757
30,1479,1509,0.1523697490590338
30,1487,1517,0.15238146435499297
29,1490,1519,0.152392378177898
31,1480,1511,0.15240570153370198
30,1471,1501,0.15241194188476687
28,1464,1492,0.1524210432033083
27,1471,1498,0.15243591224877884
28,1472,1500,0.15245304263385756
28,1481,1509,0.1524659557038857
28,1478,1506,0.15247795715731707
28,1475,1503,0.15248913995914254
30,1486,1516,0.15249958832325394
31,1487,1518,0.15250301798365332
30,1483,1513,0.15250321400467867
33,1484,1517,0.15250665929885232
34,1490,1524,0.15250063179366882
34,1484,1518,0.15249191277129012
35,1484,1519,0.15248383134814034
36,1491,1527,0.1524731566510985
36,1495,1531,0.15246010380342823
33,1501,1534,0.152447910791595
32,1487,1519,0.1524457697903321
30,1499,1529,0.15244681676091149
28,1488,1516,0.15245406370695236
29,1496,1525,0.15246714879647397
29,1481,1510,0.15247626755641597
29,1481,1510,0.15248480196918612
28,1477,1505,0.15249279989542497
27,1469,1496,0.152503491571237
28,1480,1508,0.1525166214602433
28,1481,1509,0.1525257567495358
28,1487,1515,0.1525342994773594
29,1493,1522,0.15254229944509895
28,1488,1516,0.1525466986458442
32,1485,1517,0.15255409786606808
30,1493,1523,0.15254856799754124
30,1502,1532,0.15254978615783635
30,1499,1529,0.15255089451304157
31,1490,1521,0.15255193062912983
31,1497,1528,0.15254968764598067
30,1490,1520,0.15254759595484946
32,1477,1509,0.1525487579160496
31,1472,1503,0.15254339409916576
31,1472,1503,0.15254142362275597
30,1492,1522,0.1525395248093343
31,1499,1530,0.1525409056453625
31,1500,1531,0.15253899262709894
31,1490,1521,0.15253715411100566
29,1481,1510,0.15253534961222448
30,1476,1506,0.15253990515134228
32,1475,1507,0.15254126585032643
36,1470,1506,0.15253626079455515
35,1480,1515,0.15251900564114484
34,1487,1521,0.15250600350742424
35,1480,1515,0.15249690506684194
37,1481,1518,0.15248523299822966
35,1475,1510,0.1524681980943352
37,1474,1511,0.15245857966945497
37,1484,1521,0.15244333984021938
37,1480,1517,0.15242908271426464
37,1473,1510,0.15241574428787724
37,1484,1521,0.1524032557253627
38,1472,1510,0.15239155687626338
36,1470,1506,0.15237748398542242
36,1479,1515,0.15237051629339093
36,1473,1509,0.15236390556093635
37,1481,1518,0.15235767640604503
36,1476,1512,0.15234873417822636
35,1479,1514,0.15234350348901438
36,1485,1521,0.15234170915327425
36,1485,1521,0.15233690173649708
38,1495,1533,0.15233239573684176
36,1476,1512,0.15232187567453664
35,1489,1524,0.15231826871767448
36,1477,1513,0.15231793038605354
35,1479,1514,0.15231440098086085
35,1474,1509,0.1523140670165816
38,1483,1521,0.15231369639664852
38,1484,1522,0.1523039649695292
39,1479,1518,0.15229492023451446
39,1468,1507,0.15228331627544028
39,1460,1499,0.15227247567479252
37,1482,1519,0.15226223833577313
38,1477,1515,0.152258814073749
38,1477,1515,0.15225242926089633
37,1465,1502,0.15224640336073064
36,1477,1513,0.15224382766704292
35,1461,1496,0.15224450165883452
36,1462,1498,0.15224820810067907
38,1462,1500,0.15224851065769732
37,1473,1510,0.15224265667981135
37,1472,1509,0.15224029303899247
36,1498,1534,0.15223812839671655
36,1487,1523,0.15223927283420327
38,1472,1510,0.1522402976261378
37,1464,1501,0.152235018598292
39,1480,1519,0.1522331577060056
37,1474,1511,0.152225263625709
38,1483,1521,0.15222407959897297
37,1476,1513,0.15221987059853048
41,1479,1520,0.15221906617001993
41,1482,1523,0.1522059260777403
41,1470,1511,0.15219368770078592
40,1470,1510,0.15218226435929327
38,1479,1517,0.1521746726410174
39,1479,1518,0.1521736050161496
39,1485,1524,0.15216946513077384
41,1477,1518,0.15216552185080343
41,1478,1519,0.15215565467525904
41,1482,1523,0.15214648382129017
42,1463,1505,0.15213783283417015
43,1479,1522,0.1521266521363538
41,1474,1515,0.1521131247406489
42,1478,1520,0.1521066976289903
37,1475,1512,0.1520975669763821
35,1468,1503,0.1521045355867721
37,1476,1513,0.15211711879978537
36,1470,1506,0.15212260109657363
37,1478,1515,0.15213078890938106
37,1474,1511,0.1521353248004169
38,1485,1523,0.15213956759530298
39,1479,1518,0.1521404456121112
38,1495,1533,0.15213822090708473
40,1495,1535,0.1521392500417857
38,1493,1531,0.15213397814843493
35,1493,1528,0.15213525796190125
36,1496,1532,0.15214574519091872
36,1500,1536,0.15215250509834974
34,1497,1531,0.15215889491936335
35,1484,1519,0.15217107377149383
35,1461,1496,0.15217936966475815
36,1464,1500,0.1521871684014944
38,1466,1504,0.1521914797534972
41,1481,1522,0.1521893923152103
41,1471,1512,0.15217802751527137
40,1466,1506,0.15216751617222457
39,1480,1519,0.1521608751446123
36,1477,1513,0.15215767316531081
36,1488,1524,0.1521637838545913
36,1490,1526,0.15216938878101927
34,1493,1527,0.1521745769791856
33,1481,1514,0.15218560619120552
33,1469,1502,0.152199079197212
34,1460,1494,0.1522116776040808
34,1476,1510,0.15222035353931399
34,1488,1522,0.15222847491656805
35,1472,1507,0.15223608582363624
35,1476,1511,0.15223993997652305
36,1483,1519,0.1522435915769402
35,1476,1511,0.1522438750205329
36,1482,1518,0.15224734273724758
38,1471,1509,0.15224744724932449
37,1485,1522,0.1522413856573973
37,1474,1511,0.15223895086159486
36,1485,1521,0.15223671506187272
34,1481,1515,0.15223768670841098
34,1488,1522,0.15224489814730716
35,1482,1517,0.15225165535057428
35,1485,1520,0.1522549241495503
33,1491,1524,0.15225796994202856
35,1480,1515,0.15226688008384412
35,1492,1527,0.15226894705322758
34,1482,1516,0.15227086682553304
34,1480,1514,0.15227578978608988
33,1489,1522,0.15228038692219367
31,1479,1510,0.1522878992192161
33,1480,1513,0.15230120804969124
33,1479,1512,0.1523074559531527
34,1485,1519,0.1523133497479548
35,1491,1526,0.15231572205861166
34,1487,1521,0.15231477470278906
35,1481,1516,0.1523170059869609
36,1483,1519,0.15231600339108875
35,1476,1511,0.15231186410353992
33,1473,1506,0.15231114364705214
34,1472,1506,0.15231647302188542
34,1480,1514,0.15231832239652657
33,1483,1516,0.15232003089373097
33,1468,1501,0.15232478128495952
34,1472,1506,0.1523292508697911
35,1484,1519,0.15233034832467543
35,1484,1519,0.15232827556722434
33,1487,1520,0.1523263826233535
33,1487,1520,0.15233099322258473
33,1489,1522,0.15233534547490538
36,1494,1530,0.15233934668951116
37,1484,1521,0.1523336939900721
36,1476,1512,0.15232536854882528
36,1483,1519,0.15232084190383438
35,1481,1516,0.15231665211603176
35,1481,1516,0.15231580846248044
32,1494,1526,0.15231505468199036
32,1489,1521,0.1523235518764899
31,1488,1519,0.1523317245776956
31,1482,1513,0.15234257787923766
31,1483,1514,0.15235278592776036
31,1489,1520,0.15236229144706973
30,1477,1507,0.15237120585274946
29,1467,1496,0.1523826154160913
29,1475,1504,0.15239630197511667
32,1479,1511,0.15240908757214178
30,1469,1499,0.1524114951673045
30,1479,1509,0.15241994948978843
28,1483,1511,0.15242775139389061
30,1493,1523,0.15244137607473357
29,1507,1536,0.15244796204704053
29,1502,1531,0.15245720754778688
28,1497,1525,0.15246587354053032
29,1497,1526,0.15247719995950976
30,1497,1527,0.15248463188115127
30,1500,1530,0.15248842245336341
30,1501,1531,0.15249198987827708
29,1489,1518,0.15249533751014302
27,1489,1516,0.15250164795101068
27,1490,1517,0.15251379881231464
26,1499,1525,0.15252515275724865
27,1497,1524,0.15253891181072543
27,1476,1503,0.15254866334559414
27,1479,1506,0.1525577622784774
27,1498,1525,0.15256630838447952
27,1503,1530,0.15257429602315725
29,1494,1523,0.15258180127571971
29,1497,1526,0.1525824896841263
30,1499,1529,0.15258314861942715
29,1489,1518,0.15258063691838716
30,1484,1514,0.1525814699209399
28,1489,1517,0.15257910869989982
28,1482,1510,0.152583296107078
28,1482,1510,0.15258721603883668
27,1486,1513,0.15259085369791797
27,1489,1516,0.15259750880605652
27,1480,1507,0.1526036392757092
28,1481,1509,0.15260943148750475
28,1474,1502,0.15261167925953945
27,1481,1508,0.15261388794612699
28,1482,1510,0.15261910269155782
30,1467,1497,0.15262086366037242
32,1469,1501,0.15261622444083853
33,1480,1513,0.15260562275062198
33,1487,1520,0.15259259116774831
32,1491,1523,0.15258042207878705
32,1493,1525,0.1525721595851852
31,1491,1522,0.1525644203330258
30,1483,1513,0.1525603166371599
30,1472,1502,0.15255958841560355
32,1479,1511,0.15255881980580793
31,1490,1521,0.15255175679285532
31,1490,1521,0.1525482088649031
33,1486,1519,0.15254491368986184
31,1496,1527,0.15253550722152254
30,1484,1514,0.15253298666226045
28,1469,1497,0.1525337596045859
31,1465,1496,0.15254091812179424
31,1470,1501,0.15253809240143595
30,1477,1507,0.15253543807212686
29,1485,1514,0.15253608061520033
29,1491,1520,0.15253980130991335
29,1479,1508,0.1525432989811146
29,1491,1520,0.15254660755967916
27,1483,1510,0.15254976622435007
25,1485,1510,0.15255906712209247
24,1489,1513,0.15257408328606695
23,1485,1508,0.15259126713527857
24,1486,1510,0.15261051096313313
25,1499,1524,0.15262532295684683
25,1494,1519,0.15263609570400152
26,1491,1517,0.1526462504356597
25,1470,1495,0.15265263453541988
25,1490,1515,0.1526618208050889
25,1489,1514,0.1526704428052596
28,1483,1511,0.15267855524943547
28,1486,1514,0.1526766533206623
28,1489,1517,0.1526749137391859
29,1494,1523,0.15267330483873365
29,1491,1520,0.15266866470831914
28,1501,1529,0.15266433029882445
27,1510,1537,0.15266343986791758
27,1500,1527,0.1526657817011691
25,1505,1530,0.15266798773311058
23,1500,1523,0.1526764017405633
23,1497,1520,0.15269056299033895
23,1493,1516,0.1527038142125734
23,1487,1510,0.1527162242072054
22,1496,1518,0.15272786800570462
23,1497,1520,0.15274194121191897
23,1498,1521,0.15275193662058448
21,1500,1521,0.15276131331259216
23,1495,1518,0.15277644720036687
23,1490,1513,0.15278421700301897
23,1478,1501,0.15279150344442377
24,1482,1506,0.15279834998428327
23,1483,1506,0.15280153064719085
22,1478,1500,0.15280780651328438
21,1482,1503,0.1528167943484694
21,1490,1511,0.152828434347602
20,1499,1519,0.15283939798012514
20,1489,1509,0.1528529165798166
20,1503,1523,0.15286563914831044
20,1500,1520,0.1528776089489519
20,1489,1509,0.15288886760449955
20,1504,1524,0.15289945524185936
19,1514,1533,0.1529094103417708
19,1513,1532,0.15292197101478755
18,1515,1533,0.15293378884241535
18,1501,1519,0.1529481200850663
18,1501,1519,0.15296159681419796
19,1504,1523,0.15297426919172255
18,1499,1517,0.15298299277020364
18,1494,1512,0.15299436793760918
19,1495,1514,0.1530050680753333
19,1490,1509,0.15301191375531922
19,1477,1496,0.15301840837091352
20,1483,1503,0.15302453714776149
20,1493,1513,0.1530271284457444
19,1503,1522,0.15302960873649396
20,1505,1525,0.15303515041527418
20,1501,1521,0.1530371869718621
20,1491,1511,0.15303910966821355
20,1492,1512,0.15304092855039148
20,1495,1515,0.15304264751080296
20,1492,1512,0.15304427031086842
22,1502,1524,0.1530457295304015
22,1510,1532,0.15304074196378367
23,1504,1527,0.15303606361666156
23,1497,1520,0.15302850013332392
23,1495,1518,0.15302139162892145
22,1491,1513,0.15301471704490222
20,1490,1510,0.15301162796108916
21,1487,1508,0.15301508331852795
20,1478,1498,0.15301505133398102
20,1474,1494,0.15301824179985712
21,1485,1506,0.15302121166184215
23,1493,1516,0.15302083498445765
23,1506,1529,0.15301412380305984
23,1511,1534,0.15300784037838316
23,1501,1524,0.15300192699545484
23,1505,1528,0.15299640682863214
23,1499,1522,0.15299123242728319
23,1502,1525,0.15298637612698862
23,1502,1525,0.1529818685130116
23,1506,1529,0.15297766363340246
22,1503,1525,0.1529737336902008
22,1501,1523,0.1529732145560563
22,1500,1522,0.15297272316803398
23,1503,1526,0.15297226024677582
24,1499,1523,0.15296868960620424
25,1489,1514,0.15296211015507455
25,1493,1518,0.1529527345659631
26,1477,1503,0.15294395400531394
25,1470,1495,0.15293259338045143
26,1475,1501,0.15292507137226705
26,1483,1509,0.1529148906029736
26,1470,1496,0.15290534340487735
25,1477,1502,0.15289640100694796
23,1488,1511,0.1528911797290732
23,1478,1501,0.15289256167738383
23,1483,1506,0.152893822880126
22,1491,1513,0.15289503448454192
22,1497,1519,0.15289929708146383
23,1497,1520,0.15290331175316652
22,1490,1512,0.15290398291547982
22,1493,1515,0.15290782276105344
22,1485,1507,0.15291150150797944
22,1493,1515,0.15291493476087742
24,1498,1522,0.15291821391496005
21,1497,1518,0.15291505060109092
21,1506,1527,0.15292147487551794
19,1502,1521,0.15292753299861278
19,1515,1534,0.15293958856022546
19,1505,1524,0.15295091277913817
20,1494,1514,0.1529615423925802
20,1500,1520,0.15296822058613377
22,1493,1515,0.1529744479205079
24,1487,1511,0.15297400122864138
24,1499,1523,0.15296716276081912
24,1503,1527,0.15296087864152377
26,1512,1538,0.15295503658360418
28,1519,1547,0.15294319077910434
28,1504,1532,0.15292571471534985
29,1501,1530,0.1529093407158499
31,1493,1524,0.15289081862799314
31,1503,1534,0.1528669339663361
30,1502,1532,0.15284460598243937
31,1498,1529,0.15282684914458883
33,1483,1516,0.15280703247842797
34,1474,1508,0.15278211773975975
33,1490,1523,0.15275556862200224
32,1489,1521,0.15273386951609338
31,1505,1536,0.15271670067340026
30,1499,1529,0.15270370369412575
28,1489,1517,0.15269466930761172
30,1482,1512,0.15269240720906613
30,1477,1507,0.15268391733660983
30,1489,1519,0.15267604250925187
29,1481,1510,0.15266867698973027
30,1484,1514,0.15266493398249878
29,1500,1529,0.15265826263751692
30,1499,1529,0.1526551455392567
32,1498,1530,0.15264912682773382
32,1480,1512,0.1526371559752465
33,1475,1508,0.15262596633888145
31,1475,1506,0.1526124246266374
31,1482,1513,0.1526060889633168
32,1486,1518,0.15260017494580638
33,1480,1513,0.15259150011685524
33,1478,1511,0.15258034112924992
33,1477,1510,0.15256990580639176
32,1484,1516,0.15256014847471733
31,1487,1518,0.15255409275954213
32,1480,1512,0.1525515464845803
32,1487,1519,0.1525460632211603
32,1498,1530,0.15254094631583914
32,1493,1525,0.15253616563756403
31,1489,1520,0.1525316894471592
32,1488,1520,0.15253053723262444
31,1491,1522,0.15252641179308357
30,1498,1528,0.15252562678411993
29,1470,1499,0.15252809203093418
29,1468,1497,0.15253346179774321
28,1483,1511,0.1525386243306093
29,1473,1502,0.1525465002837752
28,1477,1505,0.15255084184410628
27,1486,1513,0.15255806424491344
20,1481,1501,0.1525679633969238
21,1492,1513,0.15259900683556954
22,1486,1508,0.15262500766699755
24,1475,1499,0.15264615723312885
26,1483,1509,0.15265956956597884
25,1484,1509,0.15266587115502456
26,1474,1500,0.1526749999342665
27,1485,1512,0.1526803820244296
25,1493,1518,0.15268230841919173
25,1496,1521,0.15269049784750813
25,1509,1534,0.15269823212319517
25,1491,1516,0.15270551731468726
26,1493,1519,0.15271236994999424
25,1497,1522,0.15271560760811378
24,1494,1518,0.1527218296282915
25,1497,1522,0.15273081069358832
29,1498,1527,0.1527360287554107
30,1486,1516,0.15272839935020519
29,1487,1516,0.15271821859441437
29,1486,1515,0.15271187157889124
30,1486,1516,0.1527060346429917
31,1489,1520,0.15269754624325968
30,1497,1527,0.15268651223060686
30,1488,1518,0.15267960315439802
29,1488,1517,0.1526732173967292
29,1500,1529,0.15267040170044768
27,1496,1523,0.15266771506629795
27,1488,1515,0.15267158593030353
26,1494,1520,0.15267523948072884
26,1491,1517,0.1526818152733279
26,1503,1529,0.15268801341144245
25,1501,1526,0.15269383555731303
25,1493,1518,0.15270242304500575
26,1497,1523,0.15271044262656805
26,1507,1533,0.1527149254822941
25,1499,1524,0.1527192773350502
25,1491,1516,0.1527264022602712
26,1485,1511,0.15273304231478552
25,1487,1512,0.15273606476108814
27,1487,1514,0.15274196418541833
27,1503,1530,0.15274117592625414
27,1497,1524,0.15274053078613536
27,1485,1512,0.152739858584903
27,1477,1504,0.15273921550504388
26,1481,1507,0.15273860471908612
26,1491,1517,0.1527411151813428
26,1497,1523,0.15274346778947578
26,1485,1511,0.1527458246969898
26,1483,1509,0.15274809571596157
25,1479,1504,0.152750256338706
25,1485,1510,0.15275537529237157
24,1484,1508,0.15276018908683267
23,1495,1518,0.15276776258768346
25,1505,1530,0.15277794812628848
25,1492,1517,0.15278122678008643
25,1492,1517,0.15278438874190983
25,1474,1499,0.15278743481540735
24,1495,1519,0.15279031681662184
24,1498,1522,0.15279639594406905
25,1493,1518,0.15280221052836876
25,1489,1514,0.1528047221588987
25,1494,1519,0.15280713567273815
25,1513,1538,0.15280946425594966
25,1519,1544,0.15281169813334589
25,1502,1527,0.15281383193040862
24,1503,1527,0.15281586393397834
25,1506,1531,0.15282094004843372
25,1501,1526,0.15282255642893447
25,1503,1528,0.15282410054718876
25,1500,1525,0.15282556956628576
25,1489,1514,0.15282696270926643
25,1494,1519,0.152828281790033
24,1497,1521,0.15282940863771477
24,1490,1514,0.1528335216777892
26,1490,1516,0.15283705644827492
28,1481,1509,0.1528341140137646
25,1492,1517,0.15282514389317808
25,1488,1513,0.1528258928377923
25,1497,1522,0.15282669813760955
24,1490,1514,0.1528274543622756
27,1482,1509,0.15283129815390734
28,1486,1514,0.15282540879933346
28,1480,1508,0.15281682283894407
28,1492,1520,0.1528090819099006
27,1483,1510,0.15280189106434247
30,1486,1516,0.15279830060953156
29,1484,1513,0.15278562374364266
28,1497,1525,0.15277691211398228
30,1493,1523,0.15277190233659657
30,1487,1517,0.15276108005853511
29,1497,1526,0.15275093319836178
30,1500,1530,0.15274446563480212
28,1502,1530,0.1527352891952645
27,1483,1510,0.15273307890067145
28,1488,1516,0.15273403367346133
28,1491,1519,0.15273178448774005
29,1490,1519,0.15272965725529775
28,1489,1517,0.1527246001031877
28,1480,1508,0.15272304008307683
28,1489,1517,0.1527217050879853
27,1479,1506,0.15272049011543673
25,1482,1507,0.15272243270291255
26,1492,1518,0.1527304739182176
25,1497,1522,0.15273479782842198
25,1496,1521,0.15274185776986277
26,1488,1514,0.15274841019887567
27,1493,1520,0.1527514792432675
27,1502,1529,0.15275120837186834
27,1496,1523,0.15275096268604474
26,1483,1509,0.1527508479365016
27,1477,1504,0.15275368002570172
23,1465,1488,0.15275316827755586
21,1461,1482,0.15276494603989463
22,1469,1491,0.15278227558175952
21,1489,1510,0.1527953732839314
21,1489,1510,0.1528109044766828
21,1491,1512,0.15282547859997614
19,1496,1515,0.15283915944416038
18,1496,1514,0.15285822343124902
19,1495,1514,0.1528792257936266
20,1489,1509,0.15289594091663591
19,1506,1525,0.15290849074488422
17,1495,1512,0.15292342849298327
17,1500,1517,0.1529435382819671
17,1499,1516,0.1529622964071865
18,1493,1511,0.15297986583635037
18,1503,1521,0.15299332492455708
17,1487,1504,0.15300594240455434
18,1492,1510,0.1530208324544104
18,1484,1502,0.15303167064162812
20,1481,1501,0.1530418057061381
20,1483,1503,0.15304510499434307
18,1495,1513,0.1530483319578808
18,1494,1512,0.1530575569215066
17,1497,1514,0.15306623668035285
18,1504,1522,0.15307749589058317
18,1511,1529,0.15308490979002756
17,1493,1510,0.15309182305757726
18,1503,1521,0.15310143793030676
18,1508,1526,0.1531073118451617
17,1506,1523,0.15311282260600356
18,1505,1523,0.15312118699343524
18,1502,1520,0.15312595641803722
18,1500,1518,0.15313044345445717
19,1503,1522,0.15313467914571408
19,1495,1514,0.15313546659703392
20,1496,1516,0.15313624684946828
20,1493,1513,0.1531339247370123
20,1477,1497,0.15313163126593785
21,1469,1490,0.1531294636141967
22,1485,1507,0.15312425952026948
21,1484,1505,0.15311623747132003
21,1492,1513,0.15311182879206575
21,1495,1516,0.15310759341604516
21,1487,1508,0.15310375421578565
18,1489,1507,0.15310012318762672
20,1497,1517,0.15310599235799446
20,1495,1515,0.153105209794153
20,1488,1508,0.1531045737287116
20,1492,1512,0.15310403260477684
20,1508,1528,0.15310356959282714
20,1508,1528,0.15310310170916194
19,1495,1514,0.15310270649042376
18,1500,1518,0.15310548264196996
19,1489,1508,0.1531112801445053
19,1507,1526,0.1531135687314535
20,1504,1524,0.1531157003335518
21,1503,1524,0.15311451645258972
21,1507,1528,0.15311020742683124
19,1502,1521,0.15310627489666107
19,1498,1517,0.15310879570421312
18,1504,1522,0.15311109338399656
19,1493,1512,0.15311636251950003
19,1477,1496,0.15311810332643616
20,1495,1515,0.15311972985552097
21,1487,1508,0.15311816024210198
21,1480,1501,0.15311359627576976
20,1495,1515,0.15310939131829093
20,1498,1518,0.15310861297144127
21,1502,1523,0.15310780955579203
19,1506,1525,0.15310384542469355
19,1511,1530,0.15310641546803397
19,1504,1523,0.15310880786744424
17,1510,1527,0.15311101963353543
17,1503,1520,0.15311938778272308
17,1502,1519,0.15312715740749425
19,1506,1525,0.15313441325096644
19,1510,1529,0.15313492621046834
18,1506,1524,0.1531353932090984
17,1518,1535,0.15313896349741166
18,1512,1530,0.1531453982913488
18,1521,1539,0.15314819087983925
18,1519,1537,0.1531509313554498
18,1505,1523,0.15315348287805122
18,1509,1527,0.15315572879167239
19,1495,1514,0.15315784141545585
18,1501,1519,0.15315672100927827
18,1508,1526,0.15315876504229917
16,1505,1521,0.1531606410718926
16,1502,1518,0.1531686293688595
17,1498,1515,0.1531761470625377
18,1498,1516,0.15318006345689636
19,1499,1518,0.15318060103370068
19,1482,1501,0.1531779956645712
19,1494,1513,0.1531755885152461
19,1504,1523,0.15317334803540325
19,1505,1524,0.15317125573224027
19,1508,1527,0.15316929836325907
18,1504,1522,0.1531674652104523
19,1501,1520,0.15316888592491437
18,1514,1532,0.15316711442084363
19,1513,1532,0.1531685456541221
17,1498,1515,0.153166801843337
16,1498,1514,0.1531714430735238
14,1498,1512,0.1531789627451061
14,1507,1521,0.15319222351164877
13,1511,1524,0.15320466117127757
13,1500,1513,0.15321947767908747
13,1502,1515,0.1532333365419395
13,1502,1515,0.1532463181624601
13,1501,1514,0.15325848804537834
13,1516,1529,0.15326990226043752
13,1514,1527,0.15328061117317324
13,1507,1520,0.15329070802837397
13,1507,1520,0.1533001689077064
13,1506,1519,0.1533090641786391
12,1497,1509,0.15331736547491506
13,1493,1506,0.15332837500303353
13,1502,1515,0.15333559921883533
13,1505,1518,0.15334239071222266
13,1499,1512,0.1533487817274401
13,1492,1505,0.15335479114251566
13,1496,1509,0.15336043982871514
13,1499,1512,0.15336567274444932
13,1499,1512,0.15337060638945438
13,1501,1514,0.15337525495237558
13,1511,1524,0.15337962925901164
14,1514,1528,0.1533837423909423
13,1503,1516,0.15338447509903086
13,1502,1515,0.15338829459560477
13,1500,1513,0.153391878469457
15,1500,1515,0.15339524754155787
15,1488,1503,0.15339205000329195
16,1487,1503,0.15338906158245633
15,1491,1506,0.15338309165508257
14,1500,1514,0.15338071125713068
14,1515,1529,0.1533816425819431
15,1504,1519,0.15338253130328774
15,1502,1517,0.1533802234780518
15,1511,1526,0.15337805543826544
14,1507,1521,0.1533760241739744
14,1502,1516,0.15337720845075573
14,1502,1516,0.15337828107376808
13,1507,1520,0.15337929680859777
12,1512,1524,0.15338341946754566
12,1514,1526,0.15339032808308128
14,1521,1535,0.15339678740000992
13,1505,1518,0.15339652240440685
13,1505,1518,0.1533993997983585
13,1500,1513,0.1534021031519906
15,1490,1505,0.15340465558652244
14,1490,1504,0.15340065052845436
14,1480,1494,0.15340008258080715
16,1490,1506,0.15339959581684867
16,1497,1513,0.15339279075475123
16,1510,1526,0.1533864982059386
15,1496,1511,0.1533806427145622
15,1492,1507,0.1533783240521193
15,1510,1525,0.15337610768642268
14,1508,1522,0.15337401228721861
15,1505,1520,0.1533751948740196
15,1512,1527,0.15337307864956684
14,1505,1519,0.1533710743481397
15,1509,1524,0.15337236181425465
15,1507,1522,0.15337040433686036
15,1504,1519,0.15336855441360572
16,1514,1530,0.1533668192447815
16,1517,1533,0.15336205444709686
16,1515,1531,0.1533575844656071
15,1504,1519,0.15335339468897322
15,1508,1523,0.15335266290231706
15,1508,1523,0.15335196005572072
15,1511,1526,0.15335129317730278
15,1498,1513,0.15335066628690217
16,1496,1512,0.15335007937556747
14,1495,1509,0.15334641069436508
13,1505,1518,0.15334922761418418
14,1509,1523,0.15335506770045343
15,1517,1532,0.15335740327574743
15,1516,1531,0.15335640238556478
15,1505,1520,0.15335545864723202
16,1507,1523,0.153354570254395
16,1496,1512,0.15335050471136014
16,1494,1510,0.15334674541847196
16,1487,1503,0.15334323556747262
15,1495,1510,0.15333995034762057
15,1499,1514,0.153339984946208
14,1498,1512,0.15334002299267105
15,1502,1517,0.153343206000965
15,1509,1524,0.15334302508005293
15,1506,1521,0.1533428407037793
15,1509,1524,0.15334266736513694
15,1499,1514,0.1533425490304855
15,1505,1520,0.15334244542760697
16,1512,1528,0.15334236642536705
17,1501,1518,0.153339078761123
17,1511,1528,0.15333288623194663
17,1497,1514,0.15332709700328692
16,1494,1510,0.153321682369657
17,1498,1515,0.15331972906111763
17,1503,1520,0.15331472360348283
17,1482,1499,0.15331003199780216
19,1480,1499,0.1533056252548138
19,1482,1501,0.15329517125946845
19,1486,1505,0.15328547090905187
18,1490,1508,0.1532764307399634
18,1491,1509,0.15327111339659663
20,1504,1524,0.1532661539721132
20,1503,1523,0.15325529374612662
18,1501,1519,0.1532451199206628
18,1500,1518,0.15324203308092368
16,1508,1524,0.1532391038431732
17,1507,1524,0.15324272002281422
16,1501,1517,0.1532429967318885
16,1510,1526,0.1532463737381541
15,1499,1514,0.15324939265132928
15,1510,1525,0.15325535672219118
14,1503,1517,0.15326089048571098
14,1507,1521,0.15326927686738173
14,1505,1519,0.1532771276114045
12,1514,1526,0.15328447889774474
13,1515,1528,0.15329760790836575
13,1510,1523,0.15330682336055632
13,1502,1515,0.15331546421295983
13,1500,1513,0.15332357525526366
12,1511,1523,0.15333119018993888
13,1513,1526,0.15334144350931783
13,1514,1527,0.15334793104412345
13,1517,1530,0.15335404265895194
13,1506,1519,0.15335979713754944
14,1501,1515,0.15336514815479063
15,1498,1513,0.15336708744212105
15,1508,1523,0.1533658779963722
14,1497,1511,0.15336480143084708
14,1488,1502,0.15336702771114108
14,1489,1503,0.15336915863629155
12,1492,1504,0.1533711919208429
12,1499,1511,0.15337935905196404
12,1496,1508,0.1533870161801919
12,1502,1514,0.153394188008225
12,1491,1503,0.15340090860694058
13,1500,1513,0.1534072093619753
13,1499,1512,0.15340997365817446
13,1497,1510,0.15341256139221449
11,1501,1512,0.15341499846651388
11,1505,1516,0.15342355055183776
11,1501,1512,0.1534315969926568
9,1501,1510,0.1534391449207557
11,1510,1521,0.1534525513457071
12,1511,1523,0.1534587384172357
10,1519,1529,0.15346132244011174
10,1516,1526,0.1534701404187387
10,1522,1532,0.15347844967444296
10,1517,1527,0.1534862559201665
10,1510,1520,0.15349358551582057
10,1494,1504,0.15350046667220105
9,1515,1524,0.15350692690138795
9,1509,1518,0.1535162552705363
9,1492,1501,0.1535249715203892
9,1504,1513,0.1535331487975481
8,1514,1522,0.15354082764174826
8,1513,1521,0.1535512304084942
8,1520,1528,0.15356092161754042
7,1519,1526,0.15357000049129957
7,1525,1532,0.15358169504715213
6,1522,1528,0.15359268542385915
6,1520,1526,0.15360629543221113
6,1526,1532,0.15361903907310914
6,1518,1524,0.15363099798184987
6,1516,1522,0.1536422278445604
6,1524,1530,0.1536527764481936
7,1517,1524,0.1536626869764727
6,1518,1524,0.15366881933996435
6,1509,1515,0.15367776839673844
8,1502,1510,0.15368618898326677
8,1510,1518,0.15368770614007676
9,1515,1524,0.15368927173740662
9,1505,1514,0.1536876373338372
8,1509,1517,0.15368616076998967
7,1496,1503,0.15368800561839685
6,1504,1510,0.15369285093354051
6,1510,1516,0.1537005529781548
6,1510,1516,0.15370775251448512
6,1496,1502,0.1537144881266222
6,1496,1502,0.15372079836813962
7,1517,1524,0.1537267150347385
6,1518,1524,0.15372910932826678
7,1528,1535,0.15373451254071283
7,1526,1533,0.1537364222870473
7,1518,1525,0.15373821484417496
7,1506,1513,0.15373990957866343
6,1521,1527,0.15374151021690363
7,1514,1521,0.15374621688388257
7,1521,1528,0.15374745762597744
5,1518,1523,0.15374860569450008
5,1521,1526,0.15375603325755408
6,1520,1526,0.15376303287704254
6,1514,1520,0.1537664378164035
6,1521,1527,0.1537696147828066
5,1523,1528,0.1537725903372752
5,1508,1513,0.15377857414777338
5,1522,1527,0.15378414295301454
5,1520,1525,0.15378935002209387
6,1521,1527,0.15379422729902611
5,1520,1525,0.15379563500500318
5,1520,1525,0.1538001317354629
5,1523,1528,0.15380436217358137
5,1529,1534,0.1538083298253343
5,1513,1518,0.1538120525470291
5,1497,1502,0.15381554669054134
5,1504,1509,0.15381882714095052
5,1515,1520,0.15382190757037845
4,1512,1516,0.15382480061814602
4,1510,1514,0.153830693574309
4,1519,1523,0.15383623950181527
4,1505,1509,0.15384144527148313
5,1508,1513,0.15384633077595236
5,1515,1520,0.15384768374191474
5,1524,1529,0.15384901849382762
5,1535,1540,0.15385029773645725
5,1521,1526,0.15385151375591
5,1508,1513,0.15385266537281994
5,1500,1505,0.1538537537421799
5,1509,1514,0.15385478101769895
5,1510,1515,0.15385574979938743
5,1519,1524,0.15385666286969057
5,1510,1515,0.15385752305598996
5,1520,1525,0.15385833315513156
5,1518,1523,0.15385909589095814
5,1512,1517,0.1538598138904793
4,1509,1513,0.15386048967104676
4,1521,1525,0.1538643020114348
5,1506,1511,0.15386790092872973
5,1506,1511,0.1538681345464211
5,1508,1513,0.15386834671432945
5,1520,1525,0.15386855862479182
5,1520,1525,0.15386876693642182
5,1519,1524,0.15386896905437847
5,1517,1522,0.15386916354168606
5,1516,1521,0.1538693496770818
5,1506,1511,0.15386952716402086
4,1516,1520,0.15386969596210792
4,1509,1513,0.15387307435534528
3,1522,1525,0.15387625084261244
3,1520,1523,0.15388238002488783
3,1502,1505,0.15388810231369746
5,1502,1507,0.15389348371725273
5,1511,1516,0.15389217149415907
6,1502,1508,0.15389096351627538
6,1506,1512,0.15388663420603094
6,1502,1508,0.15388269379449276
7,1497,1504,0.15387904216678142
7,1520,1527,0.15387246253974385
6,1515,1521,0.15386631851911858
6,1515,1521,0.1538637746127638
6,1519,1525,0.15386131493526978
6,1520,1526,0.15385899030161462
7,1522,1529,0.15385680138555602
7,1519,1526,0.1538515507684384
7,1495,1502,0.1538466630383149
7,1503,1510,0.15384210065563386
7,1508,1515,0.15383783332409195
7,1518,1525,0.15383383754150753
7,1529,1536,0.15383009337306844
6,1515,1521,0.15382658322831427
6,1515,1521,0.15382646710552916
5,1496,1501,0.15382632218765566
6,1501,1507,0.15382931173273015
6,1506,1512,0.15382886086850112
7,1502,1509,0.1538283922235103
7,1502,1509,0.15382474221633038
7,1496,1503,0.15382134650373203
8,1505,1513,0.15381817781508056
8,1507,1515,0.15381206488694876
8,1508,1516,0.15380633518884346
8,1497,1505,0.15380097255525502
8,1496,1504,0.15379595179948505
8,1498,1506,0.1537912485933164
8,1501,1509,0.15378684077308197
8,1498,1506,0.15378270819056128
8,1493,1501,0.15377883243811724
7,1493,1500,0.1537751966110922
7,1500,1507,0.15377491721123784
6,1493,1499,0.1537746458932773
6,1497,1503,0.15377753829929172
7,1511,1518,0.1537802509135994
8,1505,1513,0.15377963337116315
7,1510,1517,0.1537758962824954
6,1508,1514,0.15377557340723158
6,1506,1512,0.15377837738745675
6,1502,1508,0.15378101148714754
6,1497,1503,0.153783465062525
6,1493,1499,0.15378575434187325
6,1498,1504,0.15378789358222816
7,1502,1509,0.15378989480098756
8,1514,1522,0.15378864203063317
8,1520,1528,0.15378439003693956
8,1515,1523,0.15378043323145266
8,1512,1520,0.1537767577738145
8,1506,1514,0.15377333420819955
8,1507,1515,0.15377013885786264
7,1525,1532,0.15376715236450741
8,1509,1517,0.15376744203976728
8,1506,1514,0.15376458233828139
8,1508,1516,0.15376187324275614
9,1512,1521,0.15375932650198948
9,1510,1519,0.15375384857547553
9,1507,1516,0.15374874666007404
8,1503,1511,0.1537439931193466
7,1526,1533,0.1537426346303163
6,1512,1518,0.15374446225303479
7,1509,1516,0.15374925902753966
6,1511,1517,0.15375061703764167
7,1510,1517,0.1537549499422755
7,1505,1512,0.15375590587862809
7,1517,1524,0.1537568067846246
7,1522,1529,0.15375766201186813
7,1509,1516,0.15375846873971327
7,1514,1521,0.1537592276476611
7,1520,1527,0.15375994067773774
7,1514,1521,0.15376061020267057
7,1503,1510,0.15376123869982058
7,1504,1511,0.15376182861363424
6,1506,1512,0.15376238229602066
4,1511,1515,0.15376600666797569
5,1515,1520,0.1537756923677858
3,1518,1521,0.15378157753661825
3,1527,1530,0.15379343403993523
3,1512,1515,0.15380452760854293
3,1501,1504,0.15381491853376428
3,1520,1523,0.15382465918456092
3,1526,1529,0.15383379544026815
3,1518,1521,0.15384236826607883
3,1522,1525,0.15385041482119932
3,1526,1529,0.1538579691561897
3,1508,1511,0.15386506267919955
3,1519,1522,0.15387172448973885
3,1508,1511,0.15387798163197838
3,1523,1526,0.15388385929616408
3,1524,1527,0.15388938098469848
3,1520,1523,0.15389456865296808
4,1517,1521,0.15389944283133727
3,1512,1515,0.1539007743763996
3,1517,1520,0.15390533946414323
3,1525,1528,0.15390962497070101
2,1513,1515,0.15391364683382083
2,1490,1492,0.15392066183608508
3,1515,1518,0.15392720620864783
3,1513,1516,0.15393010673841936
3,1505,1508,0.15393281975374132
3,1504,1507,0.1539353724088516
3,1503,1506,0.15393777397637592
3,1510,1513,0.15394003294156897
4,1517,1521,0.15394215746564976
4,1512,1516,0.15394086121092918
4,1509,1513,0.1539397305057251
4,1522,1526,0.15393869482394135
4,1505,1509,0.15393773749157513
4,1509,1513,0.15393684859677997
4,1497,1501,0.15393602101575993
3,1505,1508,0.153935249129758
4,1495,1499,0.15393772241154674
4,1500,1504,0.15393682373068554
4,1505,1509,0.15393603928454508
3,1520,1523,0.15393532228766557
3,1519,1522,0.1539378742222542
3,1527,1530,0.15394027879333994
3,1519,1522,0.15394252960612298
3,1504,1507,0.15394463836385022
2,1510,1512,0.15394661556313666
2,1517,1519,0.1539517369363634
1,1507,1508,0.15395647143727076
1,1502,1503,0.15396414316401874
1,1514,1515,0.15397132971371452
1,1510,1511,0.15397806536114517
1,1505,1506,0.15398438469826042
1,1504,1505,0.15399031671104269
1,1509,1510,0.15399588706186615
1,1512,1513,0.15400111904152156
1,1518,1519,0.15400603405588995
1,1514,1515,0.15401065191804064
1,1522,1523,0.15401499104586458
1,1516,1517,0.15401906860816475
1,1522,1523,0.1540229006398313
1,1512,1513,0.15402650213695165
1,1516,1517,0.15402988713799642
1,1510,1511,0.15403306879478357
1,1518,1519,0.15403605943557788
1,1517,1518,0.15403887062190108
1,1508,1509,0.154041513200153
1,1519,1520,0.15404399734884275
1,1523,1524,0.1540463326220297
1,1527,1528,0.15404852798944063
1,1528,1529,0.1540505918736333
1,1528,1529,0.1540525321845101
1,1524,1525,0.15405435635143414
1,1522,1523,0.15405607135316013
1,1511,1512,0.1540576837457678
1,1511,1512,0.1540591996887556
1,1515,1516,0.15406062496943904
1,1506,1507,0.15406196502577965
1,1517,1518,0.15406322496775818
1,1526,1527,0.15406440959739545
1,1526,1527,0.1540655234275145
1,1529,1530,0.15406657069932894
1,1532,1533,0.15406755539893707
1,1528,1529,0.15406848127279324
1,1518,1519,0.15406935184222373
1,1520,1521,0.15407017041704857
1,1529,1530,0.15407094010836683
1,1522,1523,0.15407166384055856
1,1515,1516,0.15407234436255307
1,1510,1511,0.15407298425840937
1,1511,1512,0.15407358595725218
1,1498,1499,0.15407415174260308
1,1505,1506,0.1540746837611455
1,1507,1508,0.15407518403095724
1,1498,1499,0.15407565444924423
1,1498,1499,0.1540760967996059
1,1502,1503,0.1540765127588614
1,1526,1527,0.15407690390346238
1,1527,1528,0.1540772717155195
1,1526,1527,0.1540776175884643
1,1521,1522,0.15407794283237006
1,1523,1524,0.1540782486789515
1,1527,1528,0.15407853628626406
1,1522,1523,0.15407880674311894
1,1510,1511,0.15407906107323366
1,1508,1509,0.15407930023913213
1,1511,1512,0.15407952514581041
1,1518,1519,0.15407973664418237
1,1494,1495,0.15407993553431784
1,1512,1513,0.15408012256848658
1,1525,1526,0.1540802984540194
1,1524,1525,0.15408046385599783
1,1526,1527,0.1540806193997813
1,1519,1520,0.15408076567338436
1,1519,1520,0.1540809032297098
1,1508,1509,0.15408103258864903
1,1525,1526,0.15408115423905552
1,1516,1517,0.15408126864060112
1,1518,1519,0.15408137622551984
1,1515,1516,0.1540814774002484
1,1523,1524,0.1540815725469678
1,1522,1523,0.15408166202505266
1,1511,1512,0.15408174617243398
1,1521,1522,0.15408182530688022
1,1517,1518,0.1540818997272018
1,1531,1532,0.15408196971438318
1,1518,1519,0.15408203553264793
1,1515,1516,0.15408209743045925
1,1507,1508,0.15408215564146116
1,1510,1511,0.1540822103853633
1,1507,1508,0.1540822618687728
1,1497,1498,0.15408231028597644
1,1511,1512,0.15408235581967591
1,1511,1512,0.15408239864167966
1,1521,1522,0.1540824389135523
1,1521,1522,0.15408247678722659
0,1524,1524,0.1540825124055777
