1378,29,1407,0.1358405998584125
1392,30,1422,0.13298970838781518
1423,32,1455,0.13034963836234134
1426,31,1457,0.12785759575759564
1435,28,1463,0.12557777687577054
1449,27,1476,0.12347578180166621
1467,28,1495,0.1215240036665794
1449,28,1477,0.11969999820656962
1471,31,1502,0.11808376196286112
1469,31,1500,0.11655640513147146
1460,32,1492,0.11517063817208008
1457,33,1490,0.11393072111819275
1452,34,1486,0.11280809251088002
1463,38,1501,0.11179711107803066
1454,37,1491,0.11084965835260427
1451,38,1489,0.11000721267995107
1444,39,1483,0.10924668383819335
1430,43,1473,0.10857035363635098
1433,43,1476,0.1079863224566061
1425,43,1468,0.10744723128236112
1436,43,1479,0.1069740459388781
1448,41,1489,0.10651775236642229
1448,41,1489,0.10607474168363794
1437,41,1478,0.10567148925851352
1444,42,1486,0.10532809232514373
1451,44,1495,0.1049996156052807
1454,44,1498,0.10468494319613018
1441,44,1485,0.10439171417698853
1440,47,1487,0.10415342365159429
1447,43,1490,0.10393833180561891
1455,44,1499,0.10372684069689013
1441,45,1486,0.10351699870027954
1452,46,1498,0.10335601947719333
1450,46,1496,0.10318535282475796
1448,45,1493,0.10303451405189609
1449,40,1489,0.1029013432334017
1452,40,1492,0.1027782288767703
1458,39,1497,0.10265954730019658
1441,41,1482,0.10253865842395506
1454,40,1494,0.10246487843146417
1453,42,1495,0.10236974344942511
1468,42,1510,0.10228514674842398
1456,42,1498,0.10217608685222139
1459,44,1503,0.10210267120865177
1462,44,1506,0.10202915530765405
1474,44,1518,0.10195552035415399
1480,46,1526,0.10186276298047872
1462,45,1507,0.10176553199725878
1449,45,1494,0.10171534600141766
1439,45,1484,0.10169754028385053
1446,47,1493,0.10170326767806057
1449,48,1497,0.10169334331371133
1439,51,1490,0.10167752947577606
1445,52,1497,0.10168432410772547
1460,50,1510,0.10167780408945121
1453,50,1503,0.10163999282606444
1434,49,1483,0.10162067821472653
1420,49,1469,0.10164393703206417
1427,50,1477,0.10169492082212422
1427,50,1477,0.10172668497695816
1426,52,1478,0.10175562674004604
1433,50,1483,0.10178414762211478
1433,51,1484,0.10179494113249338
1440,50,1490,0.10180497198965119
1437,50,1487,0.10179924190987456
1430,49,1479,0.10180004187695797
1431,50,1481,0.10181619371838918
1431,50,1481,0.10182833348117729
1443,48,1491,0.10183918565655264
1430,48,1478,0.1018235543711569
1417,46,1463,0.10183764433780106
1434,46,1480,0.10187802633755869
1440,46,1486,0.10187844600513053
1450,48,1498,0.10186632121247985
1438,48,1486,0.10183335247148267
1437,50,1487,0.10182903520699207
1440,46,1486,0.10182751475269221
1447,47,1494,0.10181965372427396
1453,45,1498,0.10179773806662602
1436,44,1480,0.10176479542619359
1443,43,1486,0.10177100087161406
1442,44,1486,0.10176187367626316
1439,44,1483,0.10175573547497085
1455,45,1500,0.10175632713697695
1455,43,1498,0.10172283149282105
1459,44,1503,0.10169214125329144
1463,41,1504,0.10165552998138733
1449,43,1492,0.10161382235628219
1453,42,1495,0.1016056048950029
1462,44,1506,0.10158962950894118
1455,44,1499,0.10155598570791081
1447,46,1493,0.10154012028227088
1441,46,1487,0.10154293726857005
1437,45,1482,0.10155821497827543
1451,44,1495,0.10158064791616118
1452,46,1498,0.10157166330003933
1444,48,1492,0.10156099918913458
1442,49,1491,0.10156832668468808
1429,46,1475,0.10157884931775543
1431,47,1478,0.10161654060925233
1428,45,1473,0.10164706574579015
1439,47,1486,0.10168131805415047
1445,49,1494,0.10168898699815168
1450,51,1501,0.10168312892341831
1457,50,1507,0.10166731308335543
1462,49,1511,0.10163791207089176
1457,50,1507,0.10160045965744008
1465,50,1515,0.10157719996281987
1471,51,1522,0.10153936335732121
1467,51,1518,0.10149182436052101
1458,52,1510,0.10145690007319531
1446,51,1497,0.10144425796179672
1433,52,1485,0.10145818297211244
1433,51,1484,0.10149893816815313
1432,53,1485,0.10153623910696513
1445,50,1495,0.10157176576739818
1459,48,1507,0.10157622802469685
1460,48,1508,0.10155080159861654
1457,49,1506,0.10152561421920567
1467,50,1517,0.10150882120816469
1459,49,1508,0.1014724267896241
1448,50,1498,0.10145629099445472
1454,49,1503,0.10146524915477588
1457,47,1504,0.10146060497910803
1450,47,1497,0.10144955468984442
1443,49,1492,0.10145438575572807
1437,50,1487,0.10147364648723346
1424,48,1472,0.10150443980770105
1441,46,1487,0.10156062975566284
1450,49,1499,0.10157559213750239
1442,50,1492,0.10156972770140073
1443,48,1491,0.1015816052823578
1440,46,1486,0.1015899184910918
1428,45,1473,0.10160365657949708
1436,45,1481,0.1016416053354121
1431,45,1476,0.10165972551662883
1437,44,1481,0.1016866904050253
1446,44,1490,0.10169862114335325
1436,43,1479,0.10168994584240788
1447,45,1492,0.10170397576186815
1456,45,1501,0.10169305423064227
1437,47,1484,0.10166445631295641
1440,48,1488,0.10167923307678589
1439,48,1487,0.10168612084655214
1440,47,1487,0.10169436069567496
1436,47,1483,0.10169976997276416
1444,48,1492,0.10171298126841076
1440,48,1488,0.10170796705531192
1449,49,1498,0.10171197531504111
1448,49,1497,0.10169661091050904
1445,49,1494,0.10168448756005391
1433,47,1480,0.10167991931066667
1429,49,1478,0.10170184431629706
1438,47,1485,0.10173019245808829
1447,43,1490,0.10173697251654484
1430,42,1472,0.10172397915295667
1434,41,1475,0.10174792752894411
1430,45,1475,0.10176103112050809
1422,48,1470,0.10178185542662678
1443,47,1490,0.1018177290576116
1434,45,1479,0.10180571600472067
1440,46,1486,0.10181393333466535
1448,43,1491,0.10180837883573986
1459,43,1502,0.1017861829512076
1459,43,1502,0.10174247933142602
1455,45,1500,0.1017029546660942
1454,44,1498,0.10167489081662215
1454,46,1500,0.10165098979064763
1454,45,1499,0.10162956515151032
1457,47,1504,0.1016101093871616
1455,46,1501,0.10158600463925631
1447,45,1492,0.10156819279191026
1437,44,1481,0.101568968402965
1431,46,1477,0.10159119210441059
1430,49,1479,0.10162479466866012
1437,50,1487,0.10165759757270688
1438,50,1488,0.10167251009293808
1434,50,1484,0.10168362404558323
1429,52,1481,0.10170201818306794
1425,53,1478,0.1017296865593731
1428,53,1481,0.10176354418544513
1423,54,1477,0.10178809690784175
1431,57,1488,0.10182068829632751
1433,58,1491,0.10183319272396724
1425,59,1484,0.1018401987383346
1421,60,1481,0.10186369326562357
1431,57,1488,0.10189472767539981
1434,58,1492,0.10190109028644899
1434,59,1493,0.10190053135420374
1448,58,1506,0.10189989474173228
1439,57,1496,0.10186948053664341
1436,58,1494,0.10186110534348511
1439,57,1496,0.10185989097499788
1447,59,1506,0.10185276663411198
1457,61,1518,0.10182957684817256
1477,62,1539,0.10178723465907467
1457,62,1519,0.10170550481229146
1443,61,1504,0.10167389452320212
1439,60,1499,0.10167478443658005
1438,61,1499,0.10168441403276259
1420,63,1483,0.10169556785830106
1422,63,1485,0.10174409567542103
1436,64,1500,0.10178430588345559
1431,64,1495,0.10179115831143946
1419,62,1481,0.1018079617383902
1440,63,1503,0.1018490273713871
1436,61,1497,0.10184182388137612
1435,62,1497,0.10184350190221624
1425,61,1486,0.10184715618648373
1429,65,1494,0.10187196640610942
1438,62,1500,0.10188636437467671
1436,65,1501,0.10187953805776467
1430,65,1495,0.10187813166919861
1426,66,1492,0.10188974895123495
1435,65,1500,0.10190900720799849
1428,66,1494,0.1019073126604156
1429,68,1497,0.10192100219123933
1433,70,1503,0.10193134420603385
1432,71,1503,0.10193237175741174
1425,71,1496,0.10193553579317385
1442,72,1514,0.10195291866846752
1430,73,1503,0.10193285142627989
1427,73,1500,0.10194000259514993
1428,73,1501,0.10195245986952252
1418,72,1490,0.10196195077122862
1427,72,1499,0.10199202852583329
1409,75,1484,0.1020000098041061
1418,74,1492,0.10204592770562528
1414,73,1487,0.10206842801039166
1413,72,1485,0.1020969844538905
1418,73,1491,0.10212561359820058
1421,74,1495,0.10214127074910255
1427,73,1500,0.10214920281092849
1417,73,1490,0.10214348215056475
1416,77,1493,0.10216008729219983
1407,77,1484,0.10217735868832296
1408,78,1486,0.10221262929552939
1410,80,1490,0.10224300705445552
1399,77,1476,0.1022663475952637
1397,78,1475,0.10231136949543092
1392,78,1470,0.10235710342864092
1415,80,1495,0.10240907780556757
1411,80,1491,0.10240742573789248
1422,80,1502,0.1024144333127514
1417,78,1495,0.10239719329277218
1421,82,1503,0.10239234561748718
1412,79,1491,0.10237903283649726
1416,81,1497,0.10238639525642464
1414,81,1495,0.1023852990568881
1418,86,1504,0.10238905008998532
1417,88,1505,0.10238371212864898
1423,89,1512,0.10238142470667366
1419,89,1508,0.10236672996478063
1412,89,1501,0.10236192695078904
1410,89,1499,0.10237286900618706
1401,88,1489,0.10238740854333592
1403,91,1494,0.10241988743759638
1400,92,1492,0.10244542826188688
1381,96,1477,0.10247556930079814
1399,96,1495,0.10254408344553617
1401,96,1497,0.10256761741224157
1390,95,1485,0.10258466059144132
1386,96,1482,0.10262406758811611
1397,97,1494,0.10266839817496515
1397,95,1492,0.10268534580678651
1396,95,1491,0.10270115467297494
1389,94,1483,0.10271767142032197
1392,92,1484,0.1027480720087288
1379,98,1477,0.10276978931549653
1384,101,1485,0.1028184120005547
1389,102,1491,0.10285177309067105
1392,97,1489,0.10287141629868593
1388,98,1486,0.10288308503290215
1389,101,1490,0.10290248477565943
1396,102,1498,0.10291715414245874
1387,102,1489,0.10291560636538524
1380,101,1481,0.10293382120599898
1377,99,1476,0.10296580093374166
1381,100,1481,0.10300112291722278
1384,104,1488,0.10302413343941613
1390,105,1495,0.10303891516130896
1394,101,1495,0.10303920552571803
1388,104,1492,0.10303119117784362
1381,109,1490,0.10303664051132064
1394,105,1499,0.10305688535785841
1402,106,1508,0.10304714200429547
1401,106,1507,0.10302154363241658
1395,108,1503,0.10300002534621956
1390,108,1498,0.10299355864438192
1383,111,1494,0.10299880894302862
1368,113,1481,0.10301884843456836
1376,113,1489,0.10306972732703411
1374,113,1487,0.10309913296715514
1361,112,1473,0.10313009422670444
1367,110,1477,0.10318636565313144
1377,112,1489,0.10322453831127863
1373,112,1485,0.10323797904657293
1380,114,1494,0.10325901221881763
1377,112,1489,0.1032628217528
1389,111,1500,0.1032722775715532
1385,107,1492,0.10325447472684353
1389,111,1500,0.10324696309193536
1379,114,1493,0.10323144625179247
1391,114,1505,0.10323840856771849
1388,111,1499,0.10321906237682173
1380,111,1491,0.10320750602405351
1380,110,1490,0.10321486156509639
1372,112,1484,0.10322162002838896
1378,113,1491,0.10324503889635217
1376,113,1489,0.10325321404178923
1362,114,1476,0.10326599442043087
1365,118,1483,0.10330796684379266
1381,117,1498,0.1033407293867009
1383,118,1501,0.10333628474923501
1389,117,1506,0.10332842487459037
1368,117,1485,0.10330813504778372
1362,124,1486,0.10333473872904583
1373,128,1501,0.10337237124486476
1372,125,1497,0.10338313577214815
1376,127,1503,0.10339509749442284
1375,129,1504,0.1033975058269355
1370,135,1505,0.10340197859471165
1364,134,1498,0.10341718865127643
1358,129,1487,0.10344398248217143
1355,135,1490,0.10348193487976783
1350,134,1484,0.10352373406361731
1368,135,1503,0.10357304209638936
1368,138,1506,0.10357877102119793
1368,137,1505,0.10358423870037047
1376,137,1513,0.10358932234329782
1374,138,1512,0.10357682448989117
1382,136,1518,0.10356999400426183
1381,138,1519,0.10354622959852282
1378,135,1513,0.10352672252016258
1359,136,1495,0.10351515571206883
1362,133,1495,0.10354557367599174
1359,134,1493,0.10356732590762338
1366,135,1501,0.10359406076015923
1373,142,1515,0.1036023528123339
1349,144,1493,0.10359434256825224
1357,147,1504,0.10363962503236185
1353,146,1499,0.10366407985932222
1351,144,1495,0.10369527485830776
1344,144,1488,0.10372849619949337
1337,146,1483,0.1037741303645289
1337,146,1483,0.10383170897555562
1334,143,1477,0.10388355920674833
1334,147,1481,0.10393768990588134
1341,146,1487,0.1039870135032928
1350,146,1496,0.10401682366206183
1356,150,1506,0.10402462623696106
1344,147,1491,0.10401909476175909
1340,147,1487,0.10404008427599304
1340,145,1485,0.10406801427099953
1334,147,1481,0.10409386642653866
1343,150,1493,0.10413076489736994
1352,149,1501,0.10414523261214657
1350,151,1501,0.10413876853729534
1344,152,1496,0.10413701615849077
1361,150,1511,0.10414824027879095
1368,149,1517,0.10412097238547335
1361,147,1508,0.1040810242062188
1359,148,1507,0.10406036696589123
1346,146,1492,0.10404671935936445
1343,144,1487,0.10406189595166537
1335,148,1483,0.10408207495772354
1343,147,1490,0.10411710694048282
1346,148,1494,0.1041311041377321
1347,149,1496,0.10413779269236163
1350,150,1500,0.10414170440825309
1349,148,1497,0.10413869138442237
1357,142,1499,0.10413773235679362
1354,139,1493,0.10411953919931452
1357,136,1493,0.10410959045278945
1356,139,1495,0.10409414386046245
1357,143,1500,0.10408192369197632
1360,144,1504,0.10406845982392891
1348,150,1498,0.10404962905094772
1351,150,1501,0.10405843646609324
1349,156,1505,0.10406004364733144
1338,152,1490,0.10406616477076643
1348,154,1502,0.10409577913270425
1339,156,1495,0.10410126568395532
1334,159,1493,0.10412643266531081
1330,161,1491,0.10416077151453379
1336,161,1497,0.10420194957379798
1333,162,1495,0.10422622515505414
1332,162,1494,0.10425440148275648
1334,153,1487,0.10428141552643762
1333,156,1489,0.10430201697750072
1340,158,1498,0.10432273804886073
1336,162,1498,0.10432665394785408
1350,164,1514,0.10433899388350237
1344,163,1507,0.10431915949781559
1353,166,1519,0.10431467818952839
1347,162,1509,0.10429100536613962
1343,161,1504,0.10428276458305516
1332,162,1494,0.10428382966312415
1326,162,1488,0.10430849517442145
1327,164,1491,0.1043442433782756
1328,167,1495,0.10437448292951387
1338,170,1508,0.1044002272031253
1343,171,1514,0.10440246641230516
1331,164,1495,0.10439413086515041
1329,165,1494,0.10441327552195091
1319,169,1488,0.10443563808720778
1317,169,1486,0.10447768885589376
1308,170,1478,0.10452065522828362
1323,172,1495,0.1045799291734893
1318,174,1492,0.10460105475772867
1318,173,1491,0.10463122014529809
1323,177,1500,0.10465864321423346
1329,180,1509,0.10467290929477858
1319,183,1502,0.10467251446100352
1318,184,1502,0.10469493508452875
1303,181,1484,0.1047181918634983
1304,179,1483,0.10477268565132788
1298,178,1476,0.10481994146352593
1298,176,1474,0.10487619313496588
1293,175,1468,0.10492763045623249
1289,176,1465,0.10498655601911899
1299,184,1483,0.10505050416507775
1304,183,1487,0.10508600951330753
1299,185,1484,0.10510737963270601
1302,178,1480,0.10513858548946178
1326,176,1502,0.10515996574756419
1322,178,1500,0.10512741888558708
1327,178,1505,0.10510611115503508
1320,176,1496,0.10507584732074626
1326,176,1502,0.10506380446957612
1320,175,1495,0.1050391565904599
1313,175,1488,0.10503070791948643
1305,179,1484,0.10503886158084359
1307,178,1485,0.10506355384480233
1304,182,1486,0.10508176995920299
1301,183,1484,0.10510492515808263
1289,183,1472,0.10513313296515239
1296,186,1482,0.10518515835594762
1298,181,1479,0.10521794445661904
1298,186,1484,0.10524436075359954
1297,187,1484,0.10526956653628133
1297,186,1483,0.10529426363293581
1292,187,1479,0.10531728239190458
1291,184,1475,0.10534867356152335
1298,189,1487,0.10537984397259997
1301,193,1494,0.10539261714094067
1296,192,1488,0.10539769715074093
1311,190,1501,0.10541379631389428
1302,193,1495,0.1053963173514207
1312,197,1509,0.10539963893117546
1305,192,1497,0.10538116209201479
1301,199,1500,0.10537950369772622
1304,196,1500,0.10538758025032548
1289,197,1486,0.10538836250592996
1286,195,1481,0.10542230716239163
1292,192,1484,0.10546018182368609
1297,197,1494,0.10548203170527595
1287,201,1488,0.1054913021738841
1299,203,1502,0.10552256056718623
1284,205,1489,0.10552499389295004
1279,205,1484,0.10556011860892794
1292,201,1493,0.10560276109591929
1300,202,1502,0.10561299221123788
1300,206,1506,0.10560553449919759
1295,208,1503,0.10559846398016998
1287,211,1498,0.10560294780074131
1293,212,1505,0.10562475067321932
1278,210,1488,0.10563122876856264
1284,210,1494,0.10567106653740754
1291,211,1502,0.1056940616187023
1283,209,1492,0.10569934944643
1274,210,1484,0.10572230571473112
1262,210,1472,0.105763313019052
1259,213,1472,0.10582748950112622
1268,215,1483,0.10589357107362755
1265,219,1484,0.10593383871195865
1252,218,1470,0.10597749118204984
1263,222,1485,0.10604584605790209
1263,218,1481,0.106083840725744
1269,217,1486,0.10611876526972447
1263,216,1479,0.10613753475776001
1281,214,1495,0.10616803473972328
1280,211,1491,0.10615593869343008
1289,212,1501,0.10614712325580207
1286,216,1502,0.1061186799335838
1295,220,1515,0.10609922322361641
1290,222,1512,0.10606153410119293
1279,221,1500,0.10603852529406148
1268,220,1488,0.10604148573987304
1261,221,1482,0.10606858321313847
1256,227,1483,0.10610924701488254
1264,226,1490,0.10615723367205138
1258,232,1490,0.10618406556351255
1267,233,1500,0.10622242901600203
1279,229,1508,0.10623810460590942
1264,229,1493,0.10622599192080466
1267,225,1492,0.10624863916458793
1279,228,1507,0.10626225595111943
1273,227,1500,0.10624777216402415
1260,225,1485,0.10624858774501852
1261,227,1488,0.10627762172288033
1256,230,1486,0.10630218993727478
1273,233,1506,0.1063352173679364
1278,234,1512,0.10632747863851844
1285,231,1516,0.1063090358705889
1279,227,1506,0.10627693570789085
1278,226,1504,0.10626041399212133
1276,225,1501,0.10624676883630524
1263,230,1493,0.10623927462382866
1268,234,1502,0.1062618964171569
1268,236,1504,0.1062709936075294
1272,234,1506,0.10627870382714608
1262,237,1499,0.1062772206776273
1270,242,1512,0.10629829804524757
1264,243,1507,0.1062998005995745
1269,243,1512,0.1063151036203122
1253,243,1496,0.10631897623480477
1264,245,1509,0.10635721881987191
1248,246,1494,0.1063679419663421
1252,245,1497,0.10641276763010252
1263,240,1503,0.10644483101644114
1267,240,1507,0.10644965184163116
1264,238,1502,0.10644469994676486
1257,243,1500,0.10644660536930313
1257,247,1504,0.10646454125017588
1257,246,1503,0.10648141971300952
1252,248,1500,0.1064974236457791
1249,251,1500,0.10652359793934671
1262,251,1513,0.10655367101989793
1264,249,1513,0.10655226556302931
1254,250,1504,0.10654649472064863
1260,251,1511,0.10656301485236859
1253,251,1504,0.10656489755843626
1260,247,1507,0.10658262419943576
1265,255,1520,0.10658318392298056
1261,251,1512,0.1065731035762816
1254,249,1503,0.1065721463464249
1233,253,1486,0.10658674078401663
1236,256,1492,0.10664690553297404
1228,252,1480,0.10669673628706641
1238,257,1495,0.1067602053705005
1241,259,1500,0.10679593486661823
1235,261,1496,0.1068215873390638
1235,257,1492,0.1068592222804907
1229,265,1494,0.10689381574744485
1244,266,1510,0.10693928243620171
1242,271,1513,0.10694699640661018
1227,270,1497,0.10695874074585951
1216,277,1493,0.10700239215942904
1221,279,1500,0.1070666985594897
1218,273,1491,0.10711482665111273
1225,273,1498,0.10716632896917011
1229,269,1498,0.10719859119940843
1232,270,1502,0.10721879030279727
1226,273,1499,0.1072304925611061
1218,275,1493,0.1072537474802499
1205,278,1483,0.10729340301903217
1210,277,1487,0.10735900563113006
1223,278,1501,0.10740770231217357
1214,277,1491,0.10742313841488368
1217,280,1497,0.10745844419221541
1216,278,1494,0.10748267620930424
1202,281,1483,0.10750731797786861
1206,285,1491,0.10756062331840191
1214,284,1498,0.10760066531999733
1218,278,1496,0.10761973410435637
1217,282,1499,0.10762861179517497
1213,285,1498,0.10763962059386512
1226,284,1510,0.1076590313327833
1226,281,1507,0.10764777372087629
1226,283,1509,0.10763750550054024
1226,279,1505,0.1076280943403189
1221,284,1505,0.10761835525417894
1220,280,1500,0.10761999403641333
1230,276,1506,0.10762406018576089
1227,282,1509,0.10760555079186947
1215,283,1498,0.10759549338997618
1200,284,1484,0.10761428860270637
1204,283,1487,0.1076646455168693
1203,289,1492,0.10770222799115853
1215,289,1504,0.10773940058108539
1208,287,1495,0.10774697848955618
1208,285,1493,0.10776858373397737
1214,287,1501,0.10778861848179261
1215,287,1502,0.10779307480064976
1225,286,1511,0.10779547274789042
1218,286,1504,0.10777620523967635
1216,288,1504,0.10777404175090688
1211,283,1494,0.10777656660880242
1212,289,1501,0.10779121394325955
1207,292,1499,0.1078022066576352
1207,285,1492,0.10782428585410887
1207,286,1493,0.10784427655144664
1212,288,1500,0.10786200581491918
1213,289,1502,0.10786684717086892
1222,288,1510,0.10786920521606522
1199,286,1485,0.1078515407862454
1199,281,1480,0.10788620922539152
1202,284,1486,0.10791780676500004
1206,292,1498,0.1079403981966759
1204,291,1495,0.10795306033949892
1195,291,1486,0.10796793775458129
1203,290,1493,0.10800146094452416
1208,294,1502,0.10801504589027251
1192,297,1489,0.10801663142649903
1192,300,1492,0.10805391025752212
1200,306,1506,0.10808966006797764
1201,309,1510,0.10810391208818083
1204,308,1512,0.10811529480966615
1208,306,1514,0.10811931547853526
1212,313,1525,0.1081136633749826
1189,311,1500,0.10809944307750502
1174,311,1485,0.10813951276322754
1170,321,1491,0.10821032734364743
1172,325,1497,0.10828433418502766
1167,324,1491,0.1083488470232978
1168,324,1492,0.1084189809409569
1167,327,1494,0.10848091583183099
1158,328,1486,0.10853948110290393
1167,325,1492,0.10861278977953347
1165,327,1492,0.10865992959895766
1158,326,1484,0.10870794286863457
1160,333,1493,0.10876864460137205
1165,339,1504,0.10882093692677383
1168,334,1502,0.10885871499386203
1166,333,1499,0.10888748120251862
1156,340,1496,0.10891890874991067
1149,342,1491,0.10897067746979343
1160,338,1498,0.10903434695735863
1162,328,1490,0.10906774387449454
1165,328,1493,0.10909448551497199
1168,333,1501,0.10911216080406415
1164,334,1498,0.1091209234865739
1157,336,1493,0.10913879046338198
1159,334,1493,0.10917155944245092
1152,331,1483,0.10919727792896047
1151,333,1484,0.10923644018049837
1163,338,1501,0.10927430876432485
1163,339,1502,0.10928154367170674
1162,336,1498,0.1092881065751045
1170,337,1507,0.10929684980965568
1171,335,1506,0.1092865809029363
1178,339,1517,0.10927579559335576
1181,337,1518,0.10924956544116489
1170,338,1508,0.10921892938514631
1178,337,1515,0.10921617139044701
1176,332,1508,0.10919544765968572
1158,330,1488,0.10918125969790018
1164,330,1494,0.10920885351551846
1165,335,1500,0.10922021868993134
1140,341,1481,0.10922849156404382
1146,334,1480,0.10929250481616404
1150,331,1481,0.10933785827740866
1160,338,1498,0.10937037333115737
1154,344,1498,0.10937704030285536
1148,351,1499,0.1093971496937739
1134,353,1487,0.10943017308104971
1135,360,1495,0.10949346616005862
1138,362,1500,0.1095496744005103
1146,361,1507,0.10959270488544978
1146,367,1513,0.1096129874664452
1143,365,1508,0.10963088179561616
1139,357,1496,0.10965441553799932
1139,358,1497,0.10968461677160216
1149,359,1508,0.10971305870039373
1137,359,1496,0.10971806569406355
1134,368,1502,0.10975057489970311
1126,371,1497,0.10978744644860272
1119,367,1486,0.10983978291738129
1126,361,1487,0.10990345231170597
1127,360,1487,0.10994640123379906
1138,369,1507,0.10998294901915572
1124,366,1490,0.10999251960511114
1117,365,1482,0.11003315160107849
1122,364,1486,0.11008687460160999
1131,362,1493,0.11012484661211079
1123,365,1488,0.11013907061239642
1122,368,1490,0.11017086762842647
1125,374,1499,0.11020188884984311
1130,375,1505,0.11022443618758261
1133,381,1514,0.11023432716839415
1123,378,1501,0.11023648822030346
1130,373,1503,0.1102618346146843
1134,381,1515,0.11026911190839334
1134,374,1508,0.1102667094146225
1121,368,1489,0.11026402676963616
1124,368,1492,0.11029136522941844
1123,371,1494,0.11030942331528032
1121,369,1490,0.11032732264059984
1127,367,1494,0.11034803831379522
1132,365,1497,0.11035251385703222
1113,373,1486,0.11034512971865959
1127,364,1491,0.11038037706454741
1122,374,1496,0.11038076407211074
1129,375,1504,0.11039263428059036
1126,382,1508,0.11038705459871352
1128,375,1503,0.11038979698844399
1122,378,1500,0.11038738887340269
1122,376,1498,0.11039882608650999
1121,383,1504,0.11040892007325792
1121,384,1505,0.11042041470097541
1128,382,1510,0.11043113314956483
1124,381,1505,0.11042426367665778
1127,380,1507,0.11042740934356274
1120,382,1502,0.11042333192733761
1113,386,1499,0.11043511506402887
1102,386,1488,0.1104625015812189
1100,388,1488,0.11051256026591971
1097,390,1487,0.11056382517745213
1086,396,1482,0.11061809762354606
1098,398,1496,0.11069285990491931
1095,401,1496,0.11073428360766073
1083,398,1481,0.11077866187483323
1082,393,1475,0.11084774343011108
1066,405,1471,0.11091446905601349
1069,406,1475,0.11101170752854428
1077,401,1478,0.11109347293026559
1078,408,1486,0.11115042354479215
1073,410,1483,0.11120067155952824
1069,412,1481,0.11125805462956352
1072,410,1482,0.11132035537798995
1085,403,1488,0.11137160377066785
1086,406,1492,0.11138874226749138
1081,407,1488,0.11140187591249048
1077,416,1493,0.11142533193645061
1076,412,1488,0.11145663047255472
1076,418,1494,0.1114878314621285
1067,417,1484,0.11151711224873949
1071,414,1485,0.11156438924664258
1070,412,1482,0.11159808743504261
1080,418,1498,0.11163126846408038
1079,418,1497,0.11163900813310867
1093,420,1513,0.11164994205172171
1098,412,1510,0.11162829465113312
1098,412,1510,0.11159711925466477
1093,418,1511,0.11156725163011995
1087,413,1500,0.11155029399668649
1083,407,1490,0.1115488620560204
1077,407,1484,0.11155692356621674
1088,404,1492,0.11157777784879476
1083,402,1485,0.11157198684449082
1100,403,1503,0.11157789335809937
1099,408,1507,0.11154423372283966
1096,408,1504,0.1115153172762831
1096,409,1505,0.11149693503551855
1097,408,1505,0.11147923405827641
1089,407,1496,0.11146100453602742
1081,405,1486,0.11146291573508797
1090,400,1490,0.11148336324026
1096,403,1499,0.11148138585196542
1091,410,1501,0.11146643534237269
1081,401,1482,0.11146386555087673
1087,400,1487,0.11148395880441374
1077,401,1478,0.11148950559840813
1071,403,1474,0.11151647660358727
1066,406,1472,0.11155502884948752
1072,405,1477,0.11160198552833236
1081,400,1481,0.11163227466475996
1092,411,1503,0.11163883540018443
1089,411,1500,0.1116193975013188
1083,406,1489,0.11160816210641052
1085,406,1491,0.11161045200627012
1103,405,1508,0.11160900976037542
1103,408,1511,0.11156629054552165
1097,402,1499,0.11152780816598291
1106,402,1508,0.11150536806444053
1094,403,1497,0.11146330166319375
1091,398,1489,0.11145265145109962
1090,412,1502,0.11144997538512172
1093,413,1506,0.11145017841409782
1091,403,1494,0.111444027656619
1096,406,1502,0.11144416182590558
1099,407,1506,0.11143417061771572
1082,405,1487,0.11141676882879505
1091,407,1498,0.11143834927477327
1089,413,1502,0.11143910970233772
1084,417,1501,0.11144492110076479
1085,418,1503,0.11146139049927023
1089,412,1501,0.11147381726823076
1091,416,1507,0.11147559290927851
1097,412,1509,0.11147249340195885
1093,415,1508,0.11145516896413067
1090,415,1505,0.11144827325781462
1084,408,1492,0.11144909515633757
1090,414,1504,0.11146367695846521
1089,419,1508,0.11146373040234323
1084,421,1505,0.11146541920900262
1083,415,1498,0.11147934066929878
1092,418,1510,0.11149496140704969
1083,419,1502,0.1114893483852883
1083,421,1504,0.11150512578656795
1085,424,1509,0.11152021085061371
1084,425,1509,0.11152876426378228
1078,417,1495,0.11153967133968924
1088,416,1504,0.11156396855659512
1077,411,1488,0.11156267949298548
1078,413,1491,0.11158642269479699
1089,413,1502,0.11160621076028854
1096,415,1511,0.11159856577388727
1081,426,1507,0.11157402397158617
1073,425,1498,0.11158662987965068
1069,427,1496,0.11161688083723692
1070,432,1502,0.11165388725695859
1072,429,1501,0.11168549241793943
1066,433,1499,0.11171004642297382
1066,440,1506,0.11174588728312461
1057,441,1498,0.11177940853781636
1066,443,1509,0.11183071621412143
1071,435,1506,0.11185852996376613
1071,433,1504,0.11187350237667085
1061,438,1499,0.11188736538749958
1055,437,1492,0.11192336701478686
1056,426,1482,0.11196988126848673
1053,433,1486,0.11201108876359904
1059,429,1488,0.1120555480188524
1064,432,1496,0.1120830277957894
1072,432,1504,0.1120959579993745
1068,433,1501,0.11208970386090716
1071,438,1509,0.11209333411656008
1059,439,1498,0.11208974081266035
1054,446,1500,0.11211563968172986
1047,444,1491,0.1121493791866806
1051,446,1497,0.1121958969719455
1035,442,1477,0.11222882161780738
1036,445,1481,0.11229643022068292
1046,447,1493,0.11235503087064778
1050,437,1487,0.11238627696883502
1054,438,1492,0.11240703300803631
1063,437,1500,0.11241553913587599
1058,440,1498,0.11240227975139934
1058,448,1506,0.11240149648111807
1069,445,1514,0.11240044869047082
1059,448,1507,0.11237392204780677
1059,448,1507,0.11237219253132893
1056,450,1506,0.11237191801705587
1050,450,1500,0.11237926134344954
1041,451,1492,0.11240030587185991
1032,454,1486,0.11244012043753213
1040,449,1489,0.11249893102250585
1041,448,1489,0.11253337352258189
1039,453,1492,0.11256360684415812
1032,451,1483,0.1125958699046031
1036,452,1488,0.11264160802304314
1045,455,1500,0.1126757479475526
1042,458,1500,0.11268668772923547
1037,456,1493,0.11270353213467656
1037,462,1499,0.11273018346542363
1036,459,1495,0.11275474190415061
1036,455,1491,0.11277974838475886
1035,466,1501,0.11280336062701819
1028,476,1504,0.11282830563202474
1028,482,1510,0.11286753090423918
1015,478,1493,0.11290348999565308
1035,474,1509,0.11296583679495865
1035,477,1512,0.11297727987348988
1023,477,1500,0.11298701543545973
1006,479,1485,0.1130248884160262
1011,489,1500,0.11309960170481824
1010,485,1495,0.11315728245844925
1016,481,1497,0.11321383706839525
1020,484,1504,0.11325140502449883
1025,482,1507,0.113276857019815
1023,482,1505,0.11328921209330062
1020,479,1499,0.11330508497736552
1016,479,1495,0.11332618557490559
1013,481,1494,0.11335490879921174
1017,483,1500,0.11338933684721156
1014,482,1496,0.11341226523868224
1006,492,1498,0.1134402100757254
1008,497,1505,0.11348368003154889
1006,488,1494,0.11352011227544993
1006,489,1495,0.11355951142568027
1012,484,1496,0.11359507061516266
1019,490,1509,0.11361377466798288
1013,489,1502,0.11361341192015312
1003,489,1492,0.11362781717257184
1007,491,1498,0.11366531664133123
999,488,1487,0.1136912264393581
997,493,1490,0.1137332375146307
988,502,1490,0.11377685150149543
982,504,1486,0.11383924151687949
989,504,1493,0.11391138875631687
994,506,1500,0.11396112029536731
996,504,1500,0.11399579562031958
997,508,1505,0.11402351109645167
999,495,1494,0.11404618174974974
998,499,1497,0.11406171336265732
997,499,1496,0.11407982947802399
980,502,1482,0.11409713913655845
976,505,1481,0.11415400128682679
981,510,1491,0.11421572821849604
982,507,1489,0.11426105278777601
979,510,1489,0.11430007825103544
987,513,1500,0.11434417956496468
978,511,1489,0.1143665861298474
969,514,1483,0.1144084380444749
959,518,1477,0.11446843752759041
965,522,1487,0.11454760906991368
965,523,1488,0.114607427916109
955,531,1486,0.11466150984133403
962,530,1492,0.11473445486175236
974,531,1505,0.11478548324945508
980,528,1508,0.11480462879110372
966,528,1494,0.11480904031437301
964,530,1494,0.11484430569730728
965,541,1506,0.1148817583533123
963,534,1497,0.11491458162026574
966,541,1507,0.11494838325283148
953,550,1503,0.11497377686122277
964,542,1506,0.11502705772840201
967,538,1505,0.11505074012864068
973,537,1510,0.11506359694132871
976,539,1515,0.11506198306599029
955,538,1493,0.11505406179623719
963,547,1510,0.11509683964295774
966,543,1509,0.1151170692467236
957,550,1507,0.1151281726328989
953,541,1494,0.11515908633734946
953,550,1503,0.11519698655419246
951,546,1497,0.11523098654650753
951,552,1503,0.11526753543155956
953,557,1510,0.11530143224059156
949,558,1507,0.11532841251752103
947,562,1509,0.11536393064879619
946,560,1506,0.11540137356206173
949,570,1519,0.1154388779081528
946,561,1507,0.11546693274645166
944,562,1506,0.11550097794019695
943,568,1511,0.115537702716726
948,565,1513,0.11557512972603835
947,569,1516,0.11559801823750153
945,570,1515,0.11562236408139775
945,572,1517,0.11564968645284526
931,581,1512,0.11567438587395223
918,576,1494,0.11573250167651211
902,586,1488,0.11581878135298862
909,587,1496,0.11593749019906673
911,581,1492,0.11603101430519748
932,584,1516,0.11611150092904574
936,578,1514,0.11613607453953921
934,584,1518,0.11614977808756305
921,577,1498,0.11616779776700689
909,573,1482,0.11621586005696635
914,577,1491,0.11628799785982011
921,576,1497,0.11634240957890613
923,578,1501,0.11637521203814828
918,585,1503,0.11640119593724695
913,584,1497,0.11643650411074073
917,582,1499,0.1164796322450962
923,586,1509,0.11650924595404591
920,583,1503,0.11652183283574953
929,585,1514,0.1165406197896505
922,594,1516,0.1165366761184182
919,598,1517,0.11654915415292758
927,595,1522,0.11656835260206154
927,600,1527,0.11656668545016316
926,594,1520,0.11656510184089758
924,591,1515,0.11656558927575253
906,590,1496,0.11657179690397047
903,594,1497,0.11662263352749201
908,590,1498,0.11667502331730453
914,586,1500,0.11671189764106288
900,593,1493,0.11673196950627403
897,593,1490,0.1167833861264997
906,599,1505,0.11683770049133806
909,596,1505,0.11686578962057936
902,591,1493,0.11688454763544509
892,592,1484,0.11691953995625166
896,588,1484,0.11697553070090583
914,582,1496,0.11701730669668024
907,583,1490,0.11701363923098969
902,583,1485,0.11702614965043995
902,581,1483,0.11704900476304031
908,581,1489,0.11706964052715735
907,588,1495,0.117074586049145
906,589,1495,0.11708151431712661
904,585,1489,0.11709182969618315
911,585,1496,0.11710572625847522
912,591,1503,0.11710155666977944
910,594,1504,0.11709561899612136
908,596,1504,0.11709465899189826
910,606,1516,0.11710002138291181
914,600,1514,0.11709940323368748
908,602,1510,0.11709108527290976
904,598,1502,0.11709796021792435
907,600,1507,0.11711439596567097
901,606,1507,0.11712259419280549
887,610,1497,0.11714504513685792
888,609,1497,0.11720031279249281
884,610,1494,0.11724961636434546
883,608,1491,0.11730481003004152
886,612,1498,0.11735897676832355
879,607,1486,0.11740112116964017
867,617,1484,0.11745644085802467
866,623,1489,0.11753504207900811
873,626,1499,0.11761008763163684
874,618,1492,0.1176623855992527
872,625,1497,0.11770852910659052
884,627,1511,0.11775564620564982
881,634,1515,0.11777044500238379
869,638,1507,0.11779038400944249
869,635,1504,0.1178378010676239
869,630,1499,0.11788178128086318
868,630,1498,0.11792276800466145
862,641,1503,0.11796386594014568
855,634,1489,0.11801533837828097
864,637,1501,0.11807945985385654
852,638,1490,0.11811722953742394
850,641,1491,0.11818236847589844
859,643,1502,0.11824654383374454
865,639,1504,0.118285552109086
853,647,1500,0.1183075596934485
852,638,1490,0.11835789597329058
851,647,1498,0.11840656362376127
863,646,1509,0.11845369190728038
864,656,1520,0.11846895604722942
864,660,1524,0.11848123245210469
855,652,1507,0.11849286561259305
855,652,1507,0.11852497115262611
863,645,1508,0.11855468811870348
863,650,1513,0.11856230276019022
869,649,1518,0.11856967064208934
859,660,1519,0.11856185190645128
863,657,1520,0.11857902139362712
862,659,1521,0.11858513502195166
858,656,1514,0.11859225966903635
862,647,1509,0.11860909339062652
861,647,1508,0.11861550248025968
865,649,1514,0.11862407997903707
866,649,1515,0.11862288807600391
866,658,1524,0.11861985966245694
852,645,1497,0.11861676964275154
864,636,1500,0.11864941159036736
856,643,1499,0.11864998412222384
864,639,1503,0.11867059867103454
855,636,1491,0.11866741247084756
852,646,1498,0.11868568988725497
855,643,1498,0.11871067095443509
852,640,1492,0.11872610786702703
861,642,1503,0.11874669047406078
868,641,1509,0.11874330939008822
871,633,1504,0.11872459876229435
870,619,1489,0.11869929502620594
867,616,1483,0.1186786994980473
873,620,1493,0.11866645244624553
867,629,1496,0.11864058566959094
873,627,1500,0.11863098946514412
875,624,1499,0.11860667797064015
872,627,1499,0.11857871923026622
865,623,1488,0.1185613840519831
861,629,1490,0.11856218551350536
865,628,1493,0.11857197951704673
870,634,1504,0.11857168910542687
865,631,1496,0.1185592385123735
856,626,1482,0.11855979872852941
861,635,1496,0.11858188909066117
855,631,1486,0.11859143507663587
858,637,1495,0.1186146938973846
868,635,1503,0.1186301595953076
857,632,1489,0.11862043030833551
854,640,1494,0.11864003077339433
857,637,1494,0.11866548969022375
857,638,1495,0.11868243287581613
850,639,1489,0.11869824757580914
844,645,1489,0.11873193768703558
840,652,1492,0.11877833503672827
856,649,1505,0.11883060694357062
852,649,1501,0.11884089193450734
853,646,1499,0.11886044472287342
851,655,1506,0.11887639890513346
844,653,1497,0.11889544984677482
838,645,1483,0.1189313513701287
851,651,1502,0.11897924505333961
846,655,1501,0.11899223011022801
857,657,1514,0.1190153137888187
856,657,1513,0.11901060359876653
862,654,1516,0.1190095399765693
860,658,1518,0.1189941997913791
859,663,1522,0.11898556472544002
854,659,1513,0.118978889232896
858,652,1510,0.11898586684959384
842,660,1502,0.11898376807801458
842,657,1499,0.1190210008107911
836,669,1505,0.11905483798495506
827,667,1494,0.11910097299661385
831,671,1502,0.1191644882865499
834,670,1504,0.1192134383557724
836,668,1504,0.11925106304193545
834,669,1503,0.11928044052568076
828,671,1499,0.11931369125817728
826,666,1492,0.11935852262387883
824,664,1488,0.11940405866821903
826,669,1495,0.11945186424294654
839,685,1524,0.11949082272679884
830,681,1511,0.11949538517557244
827,675,1502,0.11952168476571512
826,678,1504,0.11955206250412097
833,672,1505,0.11958239457335487
827,679,1506,0.11959388995917353
836,681,1517,0.11962105474979712
841,685,1526,0.11962470229847615
833,688,1521,0.11961788077957798
824,687,1511,0.11963179715419829
817,684,1501,0.11966664916638357
817,686,1503,0.1197162817067467
814,679,1493,0.11976372959188307
820,684,1504,0.11981528843003648
816,677,1493,0.11984869197179435
820,673,1493,0.1198901486979981
817,668,1485,0.11991926629831774
815,669,1484,0.11995290763607606
812,670,1482,0.11998839750662453
810,672,1482,0.12002831123946084
817,671,1488,0.1200702391753125
809,685,1494,0.12009106447821948
816,688,1504,0.12012879471310256
821,684,1505,0.12014691864916134
821,683,1504,0.12015187570939638
826,677,1503,0.12015694363857651
818,684,1502,0.12015048520121889
821,684,1505,0.12016413231703225
815,685,1500,0.120169576464768
808,689,1497,0.12018971741763763
808,679,1487,0.12022617024344484
810,671,1481,0.12025968502718731
811,677,1488,0.1202846540477372
806,688,1494,0.12030602113174435
802,696,1498,0.12033750445645086
816,690,1506,0.12037503439417875
823,688,1511,0.12037603547939348
817,693,1510,0.12035995880374696
807,696,1503,0.12036046046990904
812,691,1503,0.12038396561657866
812,691,1503,0.12039445232133225
806,695,1501,0.12040510575336796
807,693,1500,0.12043047237693628
805,703,1508,0.12045339857218572
812,703,1515,0.12047899124549552
806,706,1512,0.1204859627580986
806,711,1517,0.12050816834866797
806,709,1515,0.12052993103497624
796,700,1496,0.12054967481966283
801,701,1502,0.12059184242021612
802,698,1500,0.1206182169353511
799,696,1495,0.12063967283840224
798,687,1485,0.12066848126158035
795,692,1487,0.12069750263457088
801,693,1494,0.1207318733560996
807,695,1502,0.12074831981743829
799,705,1504,0.12074967546776837
805,697,1502,0.12076984075008221
799,703,1502,0.12077325018688338
807,704,1511,0.12079153576469735
803,708,1511,0.12078852920136772
798,715,1513,0.12079544104775262
790,723,1513,0.12081341417577271
796,709,1505,0.12084942572792315
795,701,1496,0.1208674146843726
797,709,1506,0.12088666109484897
787,725,1512,0.12090118965944367
787,721,1508,0.12093820741925933
774,723,1497,0.12097144498494333
777,711,1488,0.12103346530629157
776,713,1489,0.1210846873603824
785,715,1500,0.12113245523787242
775,712,1487,0.12115514612338497
783,720,1503,0.12120027072692785
790,725,1515,0.12122100933690982
795,720,1515,0.1212226274823062
792,713,1505,0.12121254788686844
784,708,1492,0.12121009382489159
791,713,1504,0.12122721123024259
798,719,1517,0.1212255911480036
800,705,1505,0.1212072894163623
808,708,1516,0.12118655009420605
803,708,1511,0.12114799209603662
795,708,1503,0.12112371676829273
803,710,1513,0.12112168999497851
792,719,1511,0.12110007917432043
783,715,1498,0.12110682090288083
781,719,1500,0.12113532851549692
783,723,1506,0.12116654446187812
773,728,1501,0.12118964052626181
770,729,1499,0.12123590708794285
771,736,1507,0.12128644685927936
778,732,1510,0.12132974607990762
784,729,1513,0.12135386579893283
789,724,1513,0.12136173413106181
792,720,1512,0.12135642153035682
802,711,1513,0.12134486356777248
799,705,1504,0.12130943996307504
796,704,1500,0.12128422858490531
802,714,1516,0.1212683129031782
801,707,1508,0.12123819862167678
796,713,1509,0.12121327016977343
795,725,1520,0.12120280476375185
793,730,1523,0.12119687464356264
781,733,1514,0.12119747809048179
786,731,1517,0.121227194999686
781,729,1510,0.12124312692615932
774,731,1505,0.12127163555845331
774,737,1511,0.12131550359507529
767,736,1503,0.12135624886680191
762,746,1508,0.12141040252373912
767,746,1513,0.12147272495222815
766,745,1511,0.1215184259518214
762,738,1500,0.12156467377621238
761,740,1501,0.12161860457840437
754,735,1489,0.12166990358461298
751,736,1487,0.12173508339402592
745,740,1485,0.12180272745047956
752,745,1497,0.12188108636526315
750,757,1507,0.12193506475044832
748,751,1499,0.12199084565841659
745,737,1482,0.1220484500294325
750,732,1482,0.12211022927624082
756,747,1503,0.12215551378907842
758,755,1513,0.12218311746096408
745,762,1507,0.12220473977914445
746,768,1514,0.12225751877100591
741,772,1513,0.12230303215058229
739,780,1519,0.12235664783844552
736,765,1501,0.12241193372439231
731,758,1489,0.122471074179354
723,764,1487,0.12253708450910118
731,772,1503,0.12261765690343655
737,774,1511,0.12267163727492364
739,767,1506,0.12270728568675639
744,766,1510,0.12273540380704274
745,770,1515,0.12274970273478195
741,781,1522,0.1227592375158255
735,780,1515,0.12277825113893295
732,775,1507,0.12281087878691624
740,773,1513,0.1228477777476477
743,772,1515,0.12286226132272247
742,762,1504,0.12286798894441085
731,773,1504,0.12287526344835634
734,775,1509,0.12290962738358974
729,782,1511,0.12293390733251021
731,788,1519,0.12296856126988492
715,796,1511,0.12299502292829534
717,794,1511,0.12305975867042804
716,799,1515,0.12311502534443136
709,793,1502,0.12316949319796247
702,785,1487,0.12323698562248367
706,796,1502,0.12331667628759437
711,805,1516,0.12338110755011666
713,812,1525,0.12342882059908634
706,800,1506,0.1234683187451121
698,808,1506,0.1235225748706867
702,812,1514,0.12359303562936987
698,816,1514,0.12364712187874698
699,818,1517,0.12370764716480653
706,815,1521,0.12376235262461979
700,809,1509,0.1237962023359923
700,808,1508,0.1238423077945825
697,815,1512,0.12388591210683575
701,817,1518,0.12393490268884445
695,810,1505,0.12396946028209806
697,823,1520,0.12401741111393036
687,826,1513,0.12405701152486698
685,827,1512,0.12411860776759653
692,834,1526,0.12418035609876607
686,819,1505,0.1242217152974888
676,824,1500,0.124275765469528
682,822,1504,0.12434986960535273
686,825,1511,0.12440339330735097
681,835,1516,0.12444274837150449
684,838,1522,0.12449172336162924
674,836,1510,0.12452927405128043
676,825,1501,0.12458975147059968
685,826,1511,0.12464079266113676
688,829,1517,0.1246655117142426
682,825,1507,0.1246807059694374
664,837,1501,0.12470867075870999
673,839,1512,0.12477923013481457
671,835,1506,0.12482142183820467
656,838,1494,0.12486598426196956
652,837,1489,0.12494617959682593
647,848,1495,0.12503082140279706
647,844,1491,0.1251221208540054
647,850,1497,0.1252056611915369
657,849,1506,0.1252826974040458
653,844,1497,0.12532839975445514
650,849,1499,0.12538177287831118
652,852,1504,0.12543977718516042
644,853,1497,0.1254892749439443
646,851,1497,0.12555518090007986
645,851,1496,0.12561068849283172
646,855,1501,0.12566386761023496
652,865,1517,0.1257104284113567
651,867,1518,0.1257403867980922
631,863,1494,0.12577172557438285
639,859,1498,0.1258510451626645
640,866,1506,0.1259042084008432
642,864,1506,0.1259512947252055
656,862,1518,0.12599060304827933
650,848,1498,0.12599225439700434
643,859,1502,0.12600863515258962
647,863,1510,0.12604118236423428
649,864,1513,0.12606127958239785
653,865,1518,0.12607623985593552
653,871,1524,0.12607973869879538
639,864,1503,0.12608402998073023
642,862,1504,0.12612348586766653
636,861,1497,0.1261518664176188
632,866,1498,0.1261936985554285
635,864,1499,0.12624282310443868
644,865,1509,0.1262800558527437
642,861,1503,0.1262925847281849
646,867,1513,0.1263094307712426
646,862,1508,0.1263145550925176
637,862,1499,0.12631891392197533
638,868,1506,0.12634602594533376
632,876,1508,0.12636902476651105
630,873,1503,0.12640514866517186
629,872,1501,0.12644375032880226
634,878,1512,0.12648261014884926
634,865,1499,0.12650656648083167
632,863,1495,0.12652905309692297
632,872,1504,0.12655688869520212
623,875,1498,0.12658275615420428
616,886,1502,0.12662950976816814
616,885,1501,0.1266906255919492
624,886,1510,0.12674660312444924
623,885,1508,0.1267788883468074
619,877,1496,0.1268120869310877
613,882,1495,0.12685280585600864
615,889,1504,0.1269055181735159
611,886,1497,0.1269498895551577
608,886,1494,0.12700154259075946
614,876,1490,0.12705595609157697
605,887,1492,0.12709258938794643
604,893,1497,0.12715057779739808
602,889,1491,0.1272069819439224
603,896,1499,0.1272642242539517
605,907,1512,0.12731552983084757
599,905,1504,0.12735751070739137
594,902,1496,0.1274117423169102
599,898,1497,0.12747551227328854
605,893,1498,0.12752130890414215
615,899,1514,0.12754933673677524
610,892,1502,0.12754987640237883
596,890,1486,0.12756446974221927
598,894,1492,0.12761461036808552
593,902,1495,0.12765532758691614
591,918,1509,0.12770453189957146
584,917,1501,0.12775480527289543
584,918,1502,0.12781841326246376
586,921,1507,0.12787889897040303
585,919,1504,0.12793014276993703
588,916,1504,0.12798073166276375
589,913,1502,0.12802007522164172
588,922,1510,0.12805430765023101
584,929,1513,0.12808953811610813
584,927,1511,0.12813328457984802
585,927,1512,0.12817392573861594
601,926,1527,0.12820835628458963
589,922,1511,0.1281991206345805
589,914,1503,0.12822270870266722
586,906,1492,0.12824543892786228
586,907,1493,0.1282741086038435
594,921,1515,0.12830129511557722
588,921,1509,0.1283075278488512
590,924,1514,0.12832939321746342
592,916,1508,0.12834521278747876
591,913,1504,0.1283551523059923
590,921,1511,0.1283671897096191
587,917,1504,0.12838159378891928
579,922,1501,0.1284020754515039
584,927,1511,0.12844222222535362
588,924,1512,0.12846692879509902
592,940,1532,0.1284795429860638
588,936,1524,0.12848119858694382
582,936,1518,0.12849276416615915
590,930,1520,0.1285193370710786
587,930,1517,0.12852319440113694
581,923,1504,0.12853398837905222
585,919,1504,0.12856014738366864
576,930,1506,0.12857372433779882
568,928,1496,0.128610837808129
569,935,1504,0.12866559992012885
569,928,1497,0.12871407083538902
564,940,1504,0.12875789243003166
562,932,1494,0.12881177138646546
561,937,1498,0.12886711196549444
563,941,1504,0.1289209570005736
561,939,1500,0.12896554196802407
560,940,1500,0.12901228195234324
551,948,1499,0.12905866251731188
558,944,1502,0.12912586562376713
553,950,1503,0.12917160762259794
547,954,1501,0.12922740692076867
544,962,1506,0.12929475601334545
543,964,1507,0.1293655308304076
548,971,1519,0.12943315463910543
536,960,1496,0.12948335251011478
543,954,1497,0.12956083346940875
540,976,1516,0.12961530381357073
535,980,1515,0.12967380044511415
531,969,1500,0.12974166304513138
529,971,1500,0.12981477673376607
534,963,1497,0.12988716948823903
540,958,1498,0.12994188694708791
537,968,1505,0.12997721737069395
537,972,1509,0.13001763012342893
539,967,1506,0.1300545679163369
542,961,1503,0.13008402334681832
541,959,1500,0.13010506582281803
547,955,1502,0.13012742082693837
554,950,1504,0.13013302972247262
552,948,1500,0.13011798256165213
557,945,1502,0.13010870707149627
547,960,1507,0.1300869851621161
547,961,1508,0.1300932295473523
541,962,1503,0.13009883800048083
539,970,1509,0.13011927026029288
550,971,1521,0.13014429127694577
551,975,1526,0.13013837258928673
546,972,1518,0.13013032604752478
543,971,1514,0.1301359243692994
543,971,1514,0.13015007746893198
542,972,1514,0.1301637196529784
541,965,1506,0.13017929962504318
538,972,1510,0.13019639029959978
534,983,1517,0.13021972673986437
528,978,1506,0.13025266809386885
524,977,1501,0.13030038368708766
525,975,1500,0.13035433224367068
521,986,1507,0.13040191827947634
528,979,1507,0.1304568055498302
514,982,1496,0.13048942443443945
513,987,1500,0.13055628895310004
516,986,1502,0.1306214632792645
518,993,1511,0.13067456649116152
518,994,1512,0.1307182565277073
511,995,1506,0.13075733168372725
514,1003,1517,0.13081327411213553
513,990,1503,0.13085795194033079
512,994,1506,0.13090219675258455
516,993,1509,0.13094669553943267
513,995,1508,0.13097697981632525
509,996,1505,0.1310129323095961
510,985,1495,0.13105611858616062
509,987,1496,0.1310943488206019
509,995,1504,0.13113343714538084
503,989,1492,0.13116879952592986
500,1000,1500,0.13121745825618347
506,1005,1511,0.13126919737779907
501,1000,1501,0.13130036298052306
507,1015,1522,0.13134395705018687
501,1008,1509,0.13136757576249905
503,1003,1506,0.1314041413715874
502,1006,1508,0.13143299066748307
511,1007,1518,0.1314625198566542
506,1014,1520,0.13146673205648024
509,1011,1520,0.13148393128902375
504,1008,1512,0.13149204168166173
501,996,1497,0.1315134744316899
503,989,1492,0.13154219629022548
495,995,1490,0.1315638343974768
498,1003,1501,0.13160392534375343
494,1013,1507,0.13163371136748658
489,1022,1511,0.13167146392033913
488,1031,1519,0.1317187039400346
493,1013,1506,0.1317649685521153
490,1022,1512,0.13179491659249604
489,1022,1511,0.1318305321549544
483,1011,1494,0.13186675598926867
487,1023,1510,0.13191399572699222
484,1029,1513,0.13194737898385916
476,1033,1509,0.13198568496811894
482,1032,1514,0.1320434490151633
478,1026,1504,0.13208088144232902
484,1023,1507,0.13212662958918783
489,1017,1506,0.13215239726045414
484,1016,1500,0.13216393705872587
481,1017,1498,0.13218688968311235
483,1021,1504,0.13221565931484672
481,1038,1519,0.13223710076771183
485,1037,1522,0.1322621859639364
480,1037,1517,0.13227523118559908
468,1033,1501,0.13229973109726972
465,1031,1496,0.13235442115008117
468,1035,1503,0.13241173945858628
471,1030,1501,0.13245612559138775
472,1038,1510,0.1324898362684274
475,1037,1512,0.1325189122180198
477,1033,1510,0.13253768308312053
476,1030,1506,0.13254977071869584
473,1029,1502,0.1325637666249977
472,1034,1506,0.13258442001858026
478,1027,1505,0.13260668594758834
476,1031,1507,0.13261110581013708
482,1029,1511,0.13262059495753173
483,1035,1518,0.13261354582112422
481,1026,1507,0.13260362401564116
479,1026,1505,0.13259899420846552
474,1030,1504,0.132599610165225
476,1029,1505,0.13261316930797407
470,1042,1512,0.13262005309951966
473,1043,1516,0.1326415125839346
477,1040,1517,0.13265292115720884
470,1039,1509,0.1326539978458605
466,1035,1501,0.13267330960114387
462,1046,1508,0.13270119826436086
457,1048,1505,0.13273832993735935
460,1039,1499,0.13278679135122715
459,1044,1503,0.132823939194167
459,1041,1500,0.13286159173652837
457,1041,1498,0.13289645864315497
448,1046,1494,0.13293417881632658
454,1049,1503,0.13299318281428998
447,1060,1507,0.13303239681986956
450,1058,1508,0.13308784222731826
449,1062,1511,0.13313061645189123
440,1056,1496,0.13317298519101972
441,1063,1504,0.13323577186708632
436,1079,1515,0.13329212932901954
439,1085,1524,0.1333591728116589
434,1075,1509,0.1334122112868528
428,1080,1508,0.13347511316418234
434,1081,1515,0.13354953516296764
438,1081,1519,0.13360286178084027
438,1063,1501,0.13364037770899706
429,1069,1498,0.13367526769638055
432,1078,1510,0.1337322610145657
431,1079,1510,0.13377793430169224
424,1060,1484,0.13382282095463793
427,1066,1493,0.13388259940702962
421,1071,1492,0.1339299209811071
423,1068,1491,0.13399114330756437
423,1067,1490,0.13404299832898128
423,1077,1500,0.13409038395650832
417,1083,1500,0.13413446455982636
419,1072,1491,0.13419225361399667
424,1069,1493,0.13424062345087517
417,1090,1507,0.13427245849528935
413,1093,1506,0.13432155318919536
408,1096,1504,0.13437797507101806
409,1094,1503,0.1344439349668759
407,1092,1499,0.13450304539272284
407,1091,1498,0.13456391212475988
401,1102,1503,0.13462037568051785
405,1112,1517,0.1346893294961657
398,1104,1502,0.13474289910139972
393,1113,1506,0.13481034576644138
394,1112,1506,0.1348863862737498
392,1120,1512,0.13495365763452088
393,1121,1514,0.13502152498926612
396,1120,1516,0.13508215637433837
398,1108,1506,0.13513017154647208
399,1102,1501,0.13516914120776732
404,1105,1509,0.13520148219749323
407,1119,1526,0.13521761602452204
405,1109,1514,0.13522518831578523
407,1103,1510,0.13523708668507997
406,1102,1508,0.13524265238335176
401,1093,1494,0.13525017973236217
402,1103,1505,0.1352707095536994
405,1113,1518,0.13528673555623846
402,1109,1511,0.13529332467695981
401,1118,1519,0.1353077223845836
402,1114,1516,0.1353235095337674
398,1106,1504,0.13533587733215788
400,1106,1506,0.135358782398115
397,1113,1510,0.1353745639788194
400,1118,1518,0.13539691279561317
396,1121,1517,0.13541002880188469
398,1120,1518,0.13543438249991524
399,1111,1510,0.13545174200771404
398,1119,1517,0.13546504001732043
398,1133,1531,0.13547972486132268
389,1125,1514,0.1354931015964504
390,1130,1520,0.13553014312301967
391,1120,1511,0.1355615374802957
391,1122,1513,0.13558810994460402
394,1130,1524,0.13561281853805857
399,1136,1535,0.1356278838730364
398,1124,1522,0.13562883482876437
395,1133,1528,0.13563185862163438
390,1135,1525,0.13564296477979043
381,1140,1521,0.1356676173387249
380,1132,1512,0.1357160305237322
385,1129,1514,0.13576381871716856
382,1121,1503,0.13579353849022735
374,1130,1504,0.13582967362464332
365,1140,1505,0.1358847954767597
361,1159,1520,0.13596096886434877
356,1158,1514,0.13604322839232366
356,1168,1524,0.1361332066523024
356,1169,1525,0.1362169741212721
351,1167,1518,0.1362954437758119
342,1170,1512,0.136381723746074
337,1166,1503,0.1364864416722619
333,1161,1494,0.136597708776202
344,1170,1514,0.1367121546452519
345,1162,1507,0.13678876052312056
341,1172,1513,0.13685798587798295
337,1181,1518,0.1369339306914625
332,1178,1510,0.13701646270135273
339,1185,1524,0.13710739279506903
337,1188,1525,0.1371726559738804
334,1183,1517,0.13723895168888148
336,1171,1507,0.13730977022069704
337,1173,1510,0.1373706139538451
336,1194,1530,0.13742452604789854
331,1189,1520,0.13747785314291933
334,1189,1523,0.13754200340166992
329,1186,1515,0.13759337207360667
331,1185,1516,0.13765460609350985
331,1174,1505,0.13770648020102086
326,1184,1510,0.13775459320208872
331,1189,1520,0.13781360352851738
330,1189,1519,0.13785504183814423
327,1179,1506,0.13789633757721026
322,1183,1505,0.13794340024750043
319,1192,1511,0.13800245555774385
320,1189,1509,0.13806565817664698
316,1198,1514,0.13812188101961026
313,1201,1514,0.13818616468807304
314,1191,1505,0.1382550023626413
310,1186,1496,0.1383158304681411
308,1202,1510,0.13838418652127005
311,1215,1526,0.13845354463190712
306,1216,1522,0.13850978423547347
310,1212,1522,0.13857619331206
306,1204,1510,0.13862693491366304
304,1194,1498,0.13868553506636114
305,1197,1502,0.13874673029308288
304,1200,1504,0.13880062933741877
301,1211,1512,0.1388536142108132
298,1212,1510,0.13891123345303863
291,1223,1514,0.13897349575762505
293,1219,1512,0.1390514385794512
285,1219,1504,0.13911868724356377
288,1228,1516,0.13920424831715494
298,1234,1532,0.13927484234070728
298,1241,1539,0.13931220478614292
296,1229,1525,0.1393471001241122
296,1239,1535,0.1393852981328693
290,1224,1514,0.13942148116441577
285,1232,1517,0.13947262038678476
280,1223,1503,0.13953417024327
282,1226,1508,0.13960636954580083
282,1226,1508,0.1396678610180392
280,1225,1505,0.13972517612056723
279,1228,1507,0.13978431231897437
279,1244,1523,0.13984236717420775
270,1248,1518,0.1398968075869588
271,1251,1522,0.13997305093269158
267,1250,1517,0.14004115564528907
265,1249,1514,0.14011655226881362
267,1244,1511,0.14019243031623385
267,1253,1520,0.1402582115204352
275,1251,1526,0.1403199453206815
278,1248,1526,0.140355003534283
271,1253,1524,0.14037968210881738
274,1254,1528,0.14042323849739247
271,1246,1517,0.1404553252755733
267,1237,1504,0.14049413125384846
267,1230,1497,0.14054176389397552
269,1246,1515,0.14058575903489726
275,1241,1516,0.1406214236439763
275,1245,1520,0.14063788009644054
272,1256,1528,0.14065280216727521
270,1259,1529,0.14067553694346166
268,1257,1525,0.1407026405399889
266,1246,1512,0.14073409341568774
266,1250,1516,0.14076929235851307
263,1248,1511,0.14080163141712213
270,1247,1517,0.14083999628494867
266,1245,1511,0.14085587200683974
268,1244,1512,0.14088198755676715
267,1230,1497,0.14090009792393307
266,1234,1500,0.14091986249642663
268,1238,1506,0.14094106884683247
264,1238,1502,0.14095538128229618
267,1247,1514,0.14098049922234537
260,1250,1510,0.1409954566910719
263,1247,1510,0.14102981155823394
261,1249,1510,0.14105321843706528
260,1254,1514,0.1410808894512682
254,1245,1499,0.14110936565174492
253,1260,1513,0.14115301814626277
256,1256,1512,0.14119665603593257
253,1255,1508,0.14122849666334433
252,1258,1510,0.14126742934778114
250,1261,1511,0.14130680177937704
255,1258,1513,0.1413491529279086
248,1258,1506,0.14137456958056935
243,1257,1500,0.1414182235983294
238,1269,1507,0.14147308590817873
232,1267,1499,0.14153872579040414
232,1274,1506,0.1416166884419371
229,1270,1499,0.14168992835403396
229,1282,1511,0.14176705998027717
228,1284,1512,0.14183924788677565
222,1296,1518,0.14191000437045986
217,1301,1518,0.1419932652824386
217,1309,1526,0.14208569386993056
215,1303,1518,0.14217196832300538
205,1297,1502,0.14225839721353448
207,1308,1515,0.14236831054857949
201,1300,1501,0.14246523870402583
203,1315,1518,0.14257234698833895
204,1308,1512,0.14266703614643053
200,1306,1506,0.14275247348128542
200,1307,1507,0.14284419782383306
201,1326,1527,0.14292996142342285
193,1324,1517,0.1430068694697342
197,1333,1530,0.14310244150160986
195,1322,1517,0.14318002939208274
197,1311,1508,0.1432586286892356
198,1319,1517,0.14332596182855528
201,1327,1528,0.14338608224551605
204,1320,1524,0.14343311190970115
207,1313,1520,0.14346826921941105
208,1314,1522,0.14349251478268965
209,1318,1527,0.1435120931929792
206,1321,1527,0.1435276999562917
204,1316,1520,0.14355095531985065
201,1314,1515,0.1435784673941067
196,1315,1511,0.14361333955648542
193,1321,1514,0.14366079267657822
191,1326,1517,0.14371425362720874
199,1315,1514,0.14376961198794644
196,1314,1510,0.14379768925998648
199,1324,1523,0.14383284332704582
200,1320,1520,0.14385703290956584
200,1329,1529,0.14387669598230307
197,1324,1521,0.1438956011836456
201,1316,1517,0.14392223698892395
200,1317,1517,0.14393543159610114
196,1314,1510,0.14395076412192134
196,1305,1501,0.14397717820849465
195,1314,1509,0.14400152240075265
192,1323,1515,0.14402753706112278
186,1318,1504,0.14406090097191898
188,1307,1495,0.14410993051109752
188,1314,1502,0.14414932137665296
190,1326,1516,0.144186154831035
188,1317,1505,0.14421484425839012
182,1320,1502,0.14424809458594587
183,1323,1506,0.14429729017314022
181,1327,1508,0.14433975816273645
181,1333,1514,0.14438549878536355
182,1337,1519,0.14442852824469424
183,1338,1521,0.14446587800661398
183,1350,1533,0.14449814728087587
180,1334,1514,0.144529134856186
179,1342,1521,0.14456700658069638
178,1339,1517,0.14460536060110996
177,1340,1517,0.14464418527125528
174,1349,1523,0.14468364616949245
173,1340,1513,0.14472937655236723
172,1332,1504,0.1447751756739834
169,1334,1503,0.14482049953358078
168,1345,1513,0.14487166421298717
167,1342,1509,0.14492279599732039
164,1337,1501,0.14497352893758844
162,1343,1505,0.14502985660213935
163,1346,1509,0.14508840233978149
167,1346,1513,0.14513990821269324
162,1341,1503,0.14517616825009652
165,1344,1509,0.14522486534194984
162,1343,1505,0.14526190568967398
164,1346,1510,0.14530546191191338
169,1358,1527,0.14533998623458777
167,1357,1524,0.14535737650157357
162,1340,1502,0.14537978903683058
158,1351,1509,0.14541623520882138
156,1355,1511,0.14546209500293375
153,1356,1509,0.14551098253742847
153,1364,1517,0.14556576128133986
156,1368,1524,0.1456172847660011
152,1364,1516,0.14565668928176917
145,1367,1512,0.14570624341036123
148,1362,1510,0.14577349168145118
149,1358,1507,0.145827153065688
151,1357,1508,0.14587437539154913
150,1358,1508,0.14591289688686682
151,1362,1513,0.14595212429219737
153,1362,1515,0.14598603916393407
153,1366,1519,0.14601184355304625
152,1364,1516,0.14603640666564538
147,1370,1517,0.14606274705676983
146,1372,1518,0.14610230615282377
145,1374,1519,0.14614217215313152
143,1377,1520,0.1461826715527853
142,1374,1516,0.14622697724630063
138,1392,1530,0.14627193000255098
139,1379,1518,0.14632607917075519
140,1378,1518,0.14637374398926842
139,1399,1538,0.14641521472745225
137,1395,1532,0.14645710334149145
132,1390,1522,0.14650256891731195
129,1385,1514,0.1465603109523341
131,1390,1521,0.14662340459796322
129,1393,1522,0.1466766687929575
127,1391,1518,0.1467323546479104
125,1395,1520,0.14679053480567916
122,1399,1521,0.1468510995413666
121,1401,1522,0.1469172987775828
120,1401,1521,0.14698226492748812
119,1402,1521,0.14704626802058707
116,1402,1518,0.14710921091438
112,1404,1516,0.14717760276958733
112,1398,1510,0.14725347348933365
110,1391,1501,0.1473242605361828
113,1395,1508,0.14739645299955637
114,1399,1513,0.14745513726883044
117,1388,1505,0.14750678804160527
117,1400,1517,0.14754657980928745
116,1385,1501,0.14758395467038418
120,1404,1524,0.1476221199552687
123,1395,1518,0.14764580272115327
122,1396,1518,0.14765897742688186
121,1398,1519,0.1476745776574732
121,1403,1524,0.14769192426676386
120,1399,1519,0.14770838750687487
119,1397,1516,0.14772675547500108
120,1394,1514,0.1477471604987135
118,1396,1514,0.14776325452740577
117,1403,1520,0.14778410812655207
118,1406,1524,0.1478062003172415
117,1408,1525,0.14782354067826908
115,1402,1517,0.14784306051253313
114,1419,1533,0.14786768155695854
114,1400,1514,0.14789394695478014
115,1400,1515,0.14791867763644767
116,1403,1519,0.1479389082993974
114,1404,1518,0.14795488843626814
112,1404,1516,0.14797579214686998
111,1403,1514,0.14800150232666084
109,1398,1507,0.148028414556933
110,1383,1493,0.1480595511601925
116,1384,1500,0.14808544733108653
119,1377,1496,0.14809169317229526
116,1380,1496,0.14808855085101494
115,1386,1501,0.14809476486147286
114,1395,1509,0.1481037194403239
114,1404,1518,0.14811473366801287
113,1399,1512,0.14812520803880752
114,1388,1502,0.14813766116544916
113,1392,1505,0.14814635476371538
113,1395,1508,0.14815742768828538
113,1393,1506,0.14816802250368855
116,1384,1500,0.14817807708085312
114,1401,1515,0.1481786562551066
112,1395,1507,0.14818547158588138
108,1414,1522,0.14819768308555176
110,1418,1528,0.14822100906555832
110,1408,1518,0.14823668238671348
107,1397,1504,0.1482510450037518
105,1396,1501,0.1482740925473913
100,1380,1480,0.1483018219426307
102,1388,1490,0.14834289443144055
103,1400,1503,0.14837540250684064
107,1404,1511,0.14840268786889166
107,1416,1523,0.14841588839209416
107,1417,1524,0.14842820831544182
109,1416,1525,0.14843989743433186
107,1410,1517,0.14844504651438772
109,1426,1535,0.1484560036751256
107,1429,1536,0.14846018816699527
108,1420,1528,0.14847037263893148
104,1422,1526,0.14847687401498935
100,1426,1526,0.14849519309245465
102,1408,1510,0.14852436909285227
104,1404,1508,0.14854554901406944
107,1409,1516,0.14855924462029088
107,1393,1500,0.14856302100423513
105,1390,1495,0.14856682240683977
110,1387,1497,0.14857674062947013
111,1405,1516,0.14857072437288815
110,1408,1518,0.14856226439210102
106,1414,1520,0.1485577207480755
101,1418,1519,0.14856600897397496
101,1416,1517,0.14858942126719732
101,1427,1528,0.14861142292353655
100,1429,1529,0.14863194835545365
98,1429,1527,0.14865427283170876
95,1421,1516,0.1486813420758415
96,1415,1511,0.148715947061099
94,1418,1512,0.1487458045650136
97,1415,1512,0.14878085649536996
98,1427,1525,0.14880482787987925
97,1420,1517,0.14882455817489207
92,1405,1497,0.14884630507775592
89,1408,1497,0.1488820194906182
90,1411,1501,0.14892425289797992
92,1407,1499,0.1489608682243468
94,1414,1508,0.14898941934601942
94,1411,1505,0.1490102176540358
94,1417,1511,0.14902956557226976
93,1417,1510,0.1490480516524699
94,1425,1519,0.1490686694235073
95,1415,1510,0.14908540624770994
92,1417,1509,0.1490982702074016
91,1433,1524,0.14911932102029643
89,1442,1531,0.14914206043036618
88,1427,1515,0.1491690851751191
89,1426,1515,0.149197837831952
93,1427,1520,0.14922136618975063
95,1427,1522,0.14923121520175509
94,1429,1523,0.14923442732267478
92,1429,1521,0.1492407341993333
94,1431,1525,0.14925272905000522
97,1433,1530,0.14925796392862614
95,1434,1529,0.14925383659855046
96,1411,1507,0.14925632784685666
93,1427,1520,0.14925568760190633
89,1430,1519,0.14926399091312856
92,1424,1516,0.14928372199037981
97,1420,1517,0.14929311520448818
100,1419,1519,0.14928630527538814
102,1402,1504,0.14927048025822243
104,1416,1520,0.14924975206282295
104,1421,1525,0.149224330587048
102,1424,1526,0.1492007856980466
101,1419,1520,0.1491854574816211
94,1405,1499,0.14917399762301276
93,1415,1508,0.1491848384925117
94,1423,1517,0.14919775484102865
91,1427,1518,0.14920677456518586
90,1439,1529,0.14922413338214852
91,1442,1533,0.14924394185577752
90,1433,1523,0.1492597436585938
90,1441,1531,0.14927760622168906
89,1444,1533,0.14929389936229082
91,1439,1530,0.14931201818381298
88,1421,1509,0.1493226841011725
88,1424,1512,0.14934121866053554
89,1431,1520,0.14935861782022017
87,1439,1526,0.14937127034872846
86,1427,1513,0.14938959352043205
86,1435,1521,0.14940995123852077
85,1423,1508,0.14942930863637172
83,1422,1505,0.1494505414324992
81,1416,1497,0.14947669595621543
80,1422,1502,0.1495072897824591
85,1424,1509,0.14953833714029924
87,1433,1520,0.14955316111774647
85,1437,1522,0.14956086511902267
85,1438,1523,0.14957426540425622
86,1440,1526,0.14958692275561009
85,1432,1517,0.14959603148976935
82,1425,1507,0.14960748635091523
84,1425,1509,0.14962709247923953
82,1427,1509,0.1496393861333755
83,1437,1520,0.14965706987835203
83,1445,1528,0.14967050973866172
81,1435,1516,0.14968310489680112
81,1433,1514,0.1497004209108319
81,1447,1528,0.1497164108251973
83,1447,1530,0.14973136967226694
84,1438,1522,0.14973891260018413
84,1441,1525,0.14974278865373727
84,1437,1521,0.14974637215013442
84,1441,1525,0.14974970420467806
84,1443,1527,0.1497528046799544
84,1427,1511,0.14975537588546495
84,1431,1515,0.149757931398637
81,1443,1524,0.14975997390493168
77,1434,1511,0.14977126765550788
78,1437,1515,0.14979410910400276
76,1441,1517,0.14981193639233284
74,1447,1521,0.14983438407004493
74,1442,1516,0.14986189410449088
70,1452,1522,0.14988780827530968
72,1450,1522,0.1499246583146524
72,1445,1517,0.149953011912158
73,1432,1505,0.149979715176641
71,1449,1520,0.15000168686808843
71,1452,1523,0.15002858219662416
69,1464,1533,0.15005359388170475
67,1457,1524,0.1500832330824288
68,1444,1512,0.1501170651394024
69,1441,1510,0.15014572041279542
70,1447,1517,0.15016961574395749
71,1452,1523,0.1501889383558093
68,1452,1520,0.15020415462346454
70,1459,1529,0.1502276281723416
65,1462,1527,0.15024356384653914
66,1459,1525,0.15027426128020496
66,1436,1502,0.15029996453097422
65,1448,1513,0.15032426031184806
63,1441,1504,0.15035004055266682
62,1434,1496,0.15038039792954044
62,1433,1495,0.15041207147330987
61,1431,1492,0.1504419257042892
58,1425,1483,0.15047297876963678
57,1440,1497,0.15051124736314725
56,1441,1497,0.15055042172937327
57,1447,1504,0.15059027975211836
55,1447,1502,0.15062436315439381
56,1448,1504,0.15066250873463274
56,1445,1501,0.15069477233627113
57,1450,1507,0.15072510674934048
58,1440,1498,0.15075045028603987
57,1452,1509,0.15077121136367352
56,1459,1515,0.15079377254942108
56,1459,1515,0.1508180380693883
52,1459,1511,0.1508407586323604
50,1458,1508,0.15087441931217055
50,1470,1520,0.15091217026623582
54,1468,1522,0.1509474499434377
57,1456,1513,0.15096804106589004
56,1453,1509,0.15097799452023092
58,1463,1521,0.1509905882384392
61,1463,1524,0.15099626512853948
61,1473,1534,0.15099219263426514
61,1469,1530,0.15098849410376158
62,1468,1530,0.15098516211969323
61,1479,1540,0.15097939179921327
59,1478,1537,0.15097712565679455
60,1464,1524,0.150981082122684
59,1454,1513,0.1509818460164929
60,1460,1520,0.15098565123046348
62,1455,1517,0.1509862839099169
58,1455,1513,0.15098068812623472
61,1444,1505,0.15098814296840554
60,1450,1510,0.15098584651951596
60,1456,1516,0.15098685244977794
62,1456,1518,0.15098777592696222
60,1453,1513,0.15098255081726183
62,1461,1523,0.15098381213411838
61,1470,1531,0.15097889034062356
62,1462,1524,0.15097747387958424
62,1455,1517,0.1509730873346787
59,1440,1499,0.15096899565321592
57,1437,1494,0.15097454168161825
60,1443,1503,0.15098574132868012
60,1446,1506,0.1509869072895545
59,1460,1519,0.15098799581557956
61,1437,1498,0.1509919141872681
63,1441,1504,0.1509895226097847
67,1441,1508,0.1509811194116568
65,1436,1501,0.1509606828671521
63,1441,1504,0.15094803959638112
62,1446,1508,0.15094219619385435
61,1444,1505,0.15093963583594278
61,1446,1507,0.15094031827344076
63,1449,1512,0.15094091006722782
62,1448,1510,0.15093506316982525
59,1459,1518,0.15093271771343283
59,1457,1516,0.15093967386370544
59,1451,1510,0.15094628366744328
59,1443,1502,0.15095249799738567
59,1442,1501,0.15095843668860268
57,1450,1507,0.15096398385042956
61,1467,1528,0.15097540640628443
63,1473,1536,0.15097361744426835
62,1460,1522,0.15096574151934886
61,1468,1529,0.15096161288832385
62,1469,1531,0.15096075386843896
60,1466,1526,0.15095686587898796
62,1467,1529,0.15095939492439353
65,1463,1528,0.15095554053144183
65,1466,1531,0.15094265300717005
65,1450,1515,0.15093062924775513
68,1450,1518,0.15091935664874545
67,1449,1516,0.15089971657805587
68,1449,1517,0.1508844727210043
66,1452,1518,0.15086690464044536
65,1463,1528,0.1508565831177992
62,1459,1521,0.15085007177514112
59,1449,1508,0.1508531985695583
56,1458,1514,0.15086519997541994
54,1467,1521,0.15088566138146792
55,1465,1520,0.15091123003000909
57,1475,1532,0.15093213657820417
57,1469,1526,0.1509456176106024
58,1459,1517,0.15095817475038537
58,1461,1519,0.15096697138555595
59,1465,1524,0.15097525570266518
61,1465,1526,0.150980094405486
60,1465,1525,0.15097836073289378
59,1467,1526,0.15097988144242033
61,1461,1522,0.15098446471273025
60,1456,1516,0.1509826689225484
60,1469,1529,0.1509842776942404
58,1459,1517,0.1509856411960614
61,1443,1504,0.15099301819985184
62,1446,1508,0.15099056295751279
61,1446,1507,0.15098519296375684
58,1451,1509,0.15098329276515432
58,1458,1516,0.15099056538805944
57,1450,1507,0.15099728635041598
58,1447,1505,0.15100673237185583
57,1452,1509,0.15101241128740128
56,1456,1512,0.15102087716846932
55,1469,1524,0.15103178441375076
54,1470,1524,0.1510451156715945
54,1475,1529,0.15106066723032202
52,1477,1529,0.15107523472695708
50,1474,1524,0.15109517042694076
50,1463,1513,0.151119981457426
49,1469,1518,0.15114333441800784
50,1474,1524,0.1511682401915024
51,1473,1524,0.15118853791186201
53,1462,1515,0.1512046797172272
51,1449,1500,0.15121362218881487
51,1453,1504,0.1512282799231673
46,1455,1501,0.15124217465384793
47,1466,1513,0.15127086423165745
44,1475,1519,0.15129465147622803
44,1473,1517,0.15132646862729002
43,1470,1513,0.15135629668063408
43,1459,1502,0.15138742716726178
43,1461,1504,0.15141649746686173
42,1481,1523,0.1514437603408615
43,1464,1507,0.15147245321652264
43,1471,1514,0.1514963354596731
44,1479,1523,0.15151876338357298
44,1481,1525,0.15153665117083506
43,1483,1526,0.15155344860294515
44,1479,1523,0.1515723972593488
44,1473,1517,0.15158706837061517
44,1463,1507,0.15160088619233392
44,1464,1508,0.1516139212403108
43,1459,1502,0.15162621452168032
42,1465,1507,0.1516408433083862
42,1474,1516,0.15165756917775577
41,1476,1517,0.1516732930226901
41,1464,1505,0.15169127343804212
41,1472,1513,0.1517081015634196
42,1460,1502,0.15172383763468877
42,1476,1518,0.15173547829112477
41,1483,1524,0.1517464090105258
40,1482,1522,0.15175979578381574
39,1482,1521,0.15177544875511462
39,1484,1523,0.1517932337284889
39,1477,1516,0.15180987879997154
35,1478,1513,0.15182546488573376
36,1473,1509,0.15185273184246614
36,1477,1513,0.15187520367099083
37,1482,1519,0.15189630565091464
38,1478,1516,0.15191291249000388
35,1483,1518,0.15192536218307898
35,1490,1525,0.1519464045180849
36,1492,1528,0.15196612181373598
35,1486,1521,0.15198149634106997
38,1480,1518,0.15199910588375293
37,1481,1518,0.15200626616258725
36,1476,1512,0.1520161639056659
37,1490,1527,0.152028646263496
34,1474,1508,0.15203728149737866
34,1480,1514,0.15205476155732078
32,1479,1511,0.15207114594964322
34,1483,1517,0.15209286076666004
34,1491,1525,0.15210698931313904
34,1491,1525,0.152120236733107
35,1476,1511,0.15213264837796378
36,1477,1513,0.15214123038015162
36,1481,1517,0.1521461309010745
35,1474,1509,0.1521507629184018
34,1475,1509,0.1521583185822307
33,1481,1514,0.15216861156564035
32,1481,1513,0.15218136455261824
31,1477,1508,0.15219642708958767
32,1476,1508,0.15221380883003377
28,1478,1506,0.15222694906507475
26,1482,1508,0.15225199036153714
26,1490,1516,0.15228165285158232
26,1489,1515,0.15230949347137784
25,1500,1525,0.15233560174666902
25,1488,1513,0.1523633480102789
25,1494,1519,0.15238943072731442
25,1484,1509,0.1524139086940018
24,1494,1518,0.15243690192936396
25,1490,1515,0.15246161915999784
25,1491,1516,0.15248170203699293
23,1498,1521,0.15250060268658397
22,1490,1512,0.15252476147726943
25,1485,1510,0.15255069682233866
26,1494,1520,0.1525654791368486
26,1492,1518,0.15257619688658303
26,1488,1514,0.15258628743244873
29,1489,1518,0.15259578114614458
27,1484,1511,0.15259506289284544
26,1491,1517,0.1526007057342741
25,1498,1523,0.15260914393219313
26,1486,1512,0.15262035520140152
25,1482,1507,0.15262774349271496
23,1493,1516,0.15263785045225334
22,1517,1539,0.15265369461545966
23,1510,1533,0.15267173395164302
22,1502,1524,0.15268550449080193
22,1499,1521,0.1527016062360616
22,1504,1526,0.15271676804983958
21,1514,1535,0.15273102983944345
19,1501,1520,0.15274760056005154
21,1500,1521,0.15276952930454743
20,1490,1510,0.15278377900590756
21,1500,1521,0.1528003555500403
22,1507,1529,0.15281275920542994
21,1498,1519,0.15282126718440994
21,1513,1534,0.15283245362568335
22,1514,1536,0.1528429680416064
22,1500,1522,0.15284965579664658
22,1502,1524,0.15285595205337035
22,1495,1517,0.15286187514068114
21,1495,1516,0.15286741748578808
21,1501,1522,0.15287582137603153
21,1492,1513,0.15288368747794284
24,1498,1522,0.1528910768660594
26,1490,1516,0.15288847342216225
26,1483,1509,0.1528797229404861
26,1500,1526,0.1528715524569498
27,1497,1524,0.15286390305368103
25,1498,1523,0.15285359679472976
25,1504,1529,0.1528503463555165
27,1508,1535,0.15284736135848484
27,1505,1532,0.152838256374952
28,1493,1521,0.15282975541557545
29,1494,1523,0.15281864593723551
29,1496,1525,0.15280506830019827
30,1485,1515,0.15279235234090943
29,1488,1517,0.15277737752400317
28,1478,1506,0.15276652873258176
28,1472,1500,0.1527595124115492
29,1485,1514,0.15275292517214045
29,1487,1516,0.15274359718705188
29,1500,1529,0.15273484021222314
29,1490,1519,0.15272665449694575
28,1485,1513,0.15271898410947327
25,1480,1505,0.15271492491910862
25,1486,1511,0.15272055290695488
25,1487,1512,0.15272580758365892
25,1493,1518,0.15273072482438402
25,1491,1516,0.15273537313151192
28,1489,1517,0.15273974579775726
27,1482,1509,0.15273435900428198
26,1480,1506,0.15273245783331346
30,1478,1508,0.15273385162196948
28,1488,1516,0.1527225640406445
28,1482,1510,0.15271840221076485
27,1484,1511,0.1527145140890042
31,1479,1510,0.1527139985669532
34,1479,1513,0.15270096333613867
34,1474,1508,0.152679460562555
33,1476,1509,0.15265942457590406
32,1480,1512,0.15264387773710295
31,1491,1522,0.15263245430839248
32,1501,1533,0.15262481409982112
31,1494,1525,0.15261442639522735
31,1486,1517,0.15260778480773632
30,1488,1518,0.15260149449249266
32,1501,1533,0.15259869935545578
32,1492,1524,0.15258981095646276
30,1484,1514,0.15258149670140553
32,1482,1514,0.15257991875545363
31,1499,1530,0.15257213233133488
31,1490,1521,0.15256794627111273
31,1481,1512,0.15256400163731523
29,1478,1507,0.15256035917841648
27,1481,1508,0.15256312947742562
22,1478,1500,0.15257192303820763
23,1484,1507,0.15259566995319648
27,1476,1503,0.15261477083990693
25,1482,1507,0.15262016117041524
24,1497,1521,0.15263164171595067
23,1489,1512,0.15264554040439593
24,1489,1513,0.15266168454776807
24,1481,1505,0.1526737071123962
24,1481,1505,0.15268500732361004
25,1486,1511,0.1526955883080966
23,1483,1506,0.15270237835911882
22,1484,1506,0.15271502614350807
22,1485,1507,0.15273006152490962
22,1482,1504,0.15274417175899932
21,1484,1505,0.15275740919930278
21,1479,1500,0.15277296778824487
22,1492,1514,0.15278756510734476
23,1491,1514,0.15279811629260567
22,1502,1524,0.15280489780068734
22,1514,1536,0.15281443466976352
21,1517,1538,0.15282339217664984
18,1510,1528,0.15283496384059286
18,1506,1524,0.1528552974095452
18,1497,1515,0.15287437355231911
20,1497,1517,0.15289228366878255
19,1495,1514,0.15290276318079624
18,1493,1511,0.15291580297653554
18,1502,1520,0.15293121863039646
18,1494,1512,0.15294569260805643
19,1497,1516,0.1529592867039026
19,1502,1521,0.15296889281935783
19,1499,1518,0.15297793229371748
20,1505,1525,0.15298643127988282
20,1501,1521,0.15299122406179833
19,1504,1523,0.15299573794474652
18,1509,1527,0.15300313815208338
18,1499,1517,0.15301324252900614
19,1500,1519,0.15302272111075574
20,1508,1528,0.15302845661742082
20,1497,1517,0.15303070332705163
19,1504,1523,0.15303282840493915
18,1498,1516,0.15303800977538423
17,1508,1525,0.15304603659027372
19,1494,1513,0.15305670897910204
19,1493,1512,0.1530603643239372
19,1503,1522,0.15306381274251138
19,1514,1533,0.15306705716913518
18,1506,1524,0.15307010793304163
18,1512,1530,0.15307616438845711
17,1506,1523,0.15308184999548902
17,1487,1504,0.15309036917788427
17,1505,1522,0.15309836502587845
17,1508,1525,0.15310587232559056
17,1498,1515,0.1531129235564217
17,1495,1512,0.15311954814045997
17,1488,1505,0.15312577297931104
16,1489,1505,0.15313163840744867
15,1490,1505,0.1531403319101062
12,1486,1498,0.15315171672014855
13,1494,1507,0.15317203957181275
16,1483,1499,0.15318793685726464
16,1487,1503,0.1531934102733976
16,1497,1513,0.15319862578246699
16,1497,1513,0.15320356053481599
16,1494,1510,0.15320821796997974
17,1499,1516,0.15321260776096257
17,1479,1496,0.1532135796677924
17,1470,1487,0.15321452021152276
17,1493,1510,0.15321541919507312
17,1492,1509,0.153216273947502
18,1501,1519,0.15321708432612235
18,1505,1523,0.15321466954744178
18,1503,1521,0.15321241903472402
18,1501,1519,0.15321031612120753
18,1505,1523,0.1532083480464595
18,1500,1518,0.1532065041671736
18,1505,1523,0.15320477544958744
19,1513,1532,0.1532031224590461
19,1510,1529,0.15319840192616976
20,1504,1524,0.15319399419215488
20,1511,1531,0.1531867115662713
20,1503,1523,0.15317989676122454
20,1492,1512,0.15317344843657413
21,1492,1513,0.15316734457150488
21,1496,1517,0.15315846516113468
19,1488,1507,0.153150138985672
19,1489,1508,0.15314860240262793
22,1489,1511,0.15314714897591908
23,1479,1502,0.15313626179647422
21,1477,1498,0.1531229650126763
20,1480,1500,0.15311681759732015
20,1485,1505,0.15311416162247604
20,1495,1515,0.15311164111578587
19,1475,1494,0.1531092596085732
21,1497,1518,0.1531101554030574
21,1495,1516,0.15310470083765687
21,1497,1518,0.1530996298736869
21,1496,1517,0.15309488579587338
21,1475,1496,0.15309043645533296
21,1477,1498,0.15308625988569172
20,1484,1504,0.1530823375321785
23,1494,1517,0.1530818021766328
23,1490,1513,0.1530717474874307
22,1494,1516,0.15306233195435978
23,1491,1514,0.15305666275386634
22,1507,1529,0.15304816056553494
24,1487,1511,0.15304329063817562
24,1488,1512,0.15303241224165667
23,1482,1505,0.15302222842397029
23,1483,1506,0.15301582523778234
24,1499,1523,0.15300976407073613
24,1492,1516,0.15300094574204637
24,1498,1522,0.15299264319155803
24,1486,1510,0.15298484600636544
22,1483,1505,0.1529775242185196
23,1480,1503,0.15297690186390533
23,1486,1509,0.15297313202120774
23,1490,1513,0.1529695417862367
23,1498,1521,0.15296622770993615
25,1497,1522,0.1529631065942693
23,1493,1516,0.15295393781494185
23,1505,1528,0.1529517111853732
24,1498,1522,0.1529496339534024
22,1517,1539,0.1529445046483354
23,1511,1534,0.1529460305877976
22,1506,1528,0.15294432085999662
22,1486,1508,0.1529458783059666
22,1493,1515,0.15294732415290752
21,1478,1499,0.15294868498383415
22,1496,1518,0.15295312361740354
21,1493,1514,0.15295416192241376
20,1502,1522,0.15295828957423538
21,1505,1526,0.15296529785455765
21,1481,1502,0.15296872716946847
21,1498,1519,0.15297195939181488
22,1504,1526,0.15297492948267918
23,1496,1519,0.15297450781525826
22,1495,1517,0.15297096872418034
23,1502,1525,0.1529707826054897
23,1507,1530,0.15296742313024356
23,1496,1519,0.15296427714994995
23,1489,1512,0.15296132442364863
23,1492,1515,0.15295855897551444
23,1508,1531,0.15295596333379538
23,1502,1525,0.15295352647639093
23,1495,1518,0.1529512387549535
22,1485,1507,0.1529490909872656
22,1488,1510,0.15295020311648286
23,1479,1502,0.152951230637839
23,1495,1518,0.15294905910398485
23,1496,1519,0.15294703583319122
23,1507,1530,0.15294514170400034
23,1503,1526,0.1529433657602139
23,1490,1513,0.15294169942572147
21,1486,1507,0.15294013525369768
21,1494,1515,0.1529449426201233
19,1507,1526,0.15294943109989378
20,1519,1539,0.1529599140626443
20,1506,1526,0.1529665564840014
20,1505,1525,0.1529727857694928
19,1513,1532,0.15297862815406815
19,1521,1540,0.15298729032670222
17,1502,1519,0.1529954197473913
16,1501,1517,0.15300933864599525
17,1506,1523,0.15302556169879808
18,1501,1519,0.15303760690950896
18,1494,1512,0.15304575948746632
16,1492,1508,0.15305343207432764
16,1507,1523,0.1530670043992936
15,1500,1515,0.1530797475211723
15,1496,1511,0.15309486958028706
14,1499,1513,0.15310906486915818
14,1498,1512,0.15312557586879286
14,1498,1512,0.15314108838545887
15,1484,1499,0.1531556649467585
14,1487,1501,0.15316618500672616
13,1496,1509,0.15317927764686037
13,1505,1518,0.15319474319938386
12,1502,1514,0.15320926553478212
12,1505,1517,0.1532260956464743
14,1501,1515,0.15324190676408633
14,1503,1517,0.153250370154059
16,1511,1527,0.15325833790330276
17,1504,1521,0.15325946296705137
17,1493,1510,0.15325737442024712
16,1494,1510,0.15325544287446186
16,1488,1504,0.1532568160824253
18,1485,1503,0.15325810517218957
18,1493,1511,0.15325297818635142
16,1506,1522,0.15324819764571107
17,1507,1524,0.15325005727235116
16,1502,1518,0.153248596435126
17,1506,1523,0.15325038962542614
16,1514,1530,0.15324889600003863
16,1505,1521,0.15325066214353594
15,1501,1516,0.15325232492103655
15,1499,1514,0.1532570503709243
15,1498,1513,0.1532614771601252
16,1494,1510,0.15326563200126786
16,1483,1499,0.1532663412520578
15,1493,1508,0.15326701685225153
16,1502,1518,0.15327083480862908
16,1510,1526,0.15327123046862048
18,1505,1523,0.15327161316880059
18,1504,1522,0.15326561352474605
18,1505,1523,0.1532600051978763
18,1493,1511,0.1532547280070892
18,1503,1521,0.15324978818615517
18,1508,1526,0.15324515984048717
18,1500,1518,0.15324081822938385
19,1504,1523,0.15323674260660247
18,1501,1519,0.1532297380437096
18,1490,1508,0.1532263405259667
18,1491,1509,0.1532231524389784
17,1505,1522,0.153220160709844
16,1508,1524,0.15322051716096208
17,1511,1528,0.15322400593443064
17,1496,1513,0.15322407260301316
17,1504,1521,0.15322413597418755
17,1487,1504,0.15322419419215935
17,1483,1500,0.1532242477342343
18,1477,1495,0.1532242968712592
18,1485,1503,0.1532211817097882
19,1487,1506,0.15321827118171552
19,1494,1513,0.15321236624982887
21,1504,1525,0.15320683655846806
21,1496,1517,0.15319526566491398
19,1490,1509,0.15318441529744253
21,1479,1500,0.15318054113409077
21,1489,1510,0.15317052709926238
21,1495,1516,0.15316111501905005
22,1488,1510,0.15315232071110363
21,1485,1506,0.15314089606275794
22,1490,1512,0.15313337181388156
21,1498,1519,0.15312315446198388
21,1499,1520,0.15311677604566407
21,1501,1522,0.15311079013240125
21,1500,1521,0.1531051360584053
21,1509,1530,0.15309981929669156
21,1503,1524,0.15309482297449958
21,1498,1519,0.15309012993173746
21,1499,1520,0.15308572218326189
21,1494,1515,0.15308158232738653
20,1496,1516,0.1530776939332029
19,1486,1505,0.1530772135128926
19,1488,1507,0.15307988874741033
19,1504,1523,0.1530823802159314
19,1500,1519,0.15308470971067034
21,1496,1517,0.15308691406126906
20,1495,1515,0.15308263275927703
21,1498,1519,0.15308179594074758
20,1506,1526,0.15307783463551794
19,1495,1514,0.15307728697178896
19,1484,1503,0.1530799207655454
18,1484,1502,0.15308241528953886
18,1482,1500,0.15308792698637155
16,1500,1516,0.15309309837469978
17,1492,1509,0.15310432009391584
17,1497,1514,0.15311170743155145
16,1487,1503,0.15311866050364167
15,1485,1500,0.15312834392090527
16,1495,1511,0.15314058308602754
15,1498,1513,0.15314887811517172
13,1504,1517,0.1531598940539363
13,1495,1508,0.153176595364715
15,1489,1504,0.15319228239670482
15,1509,1524,0.15320065513294487
16,1523,1539,0.15320854427867325
16,1521,1537,0.15321278752643036
17,1528,1545,0.1532167911974898
17,1511,1528,0.1532173631843227
17,1497,1514,0.1532179081225035
17,1507,1524,0.1532184250285173
16,1506,1522,0.15321891511913
16,1499,1515,0.15322254920946832
16,1490,1506,0.1532259569977916
16,1491,1507,0.15322915632889103
17,1499,1516,0.15323216137151924
19,1479,1498,0.15323183078607022
19,1499,1518,0.15322519324856476
19,1506,1525,0.15321899681236062
19,1501,1520,0.153213193383483
18,1509,1527,0.15320775268769427
19,1509,1528,0.1532058506954885
19,1496,1515,0.1532008620334303
20,1504,1524,0.1531961839655231
19,1497,1516,0.15318863221509235
19,1498,1517,0.15318469130686338
19,1500,1519,0.15318099129248167
20,1501,1521,0.15317752270204646
23,1496,1519,0.1531710831923578
24,1492,1516,0.15315556261919983
25,1498,1523,0.15313786260366802
25,1504,1529,0.1531180636687826
24,1485,1509,0.15309950290718913
23,1482,1505,0.1530852381784478
23,1505,1528,0.1530749825871269
23,1503,1526,0.15306531133541376
22,1506,1528,0.15305622165368504
21,1508,1529,0.1530508345900576
21,1497,1518,0.1530489130473961
20,1504,1524,0.15304709505007788
20,1507,1527,0.15304855720679983
18,1495,1513,0.15304992662006703
17,1498,1515,0.1530575282250932
19,1493,1512,0.15306777636252025
18,1479,1497,0.15307109834936278
19,1479,1498,0.15307740233011977
16,1491,1507,0.15308016480063835
19,1497,1516,0.15309229451944803
19,1503,1522,0.15309420333462104
17,1506,1523,0.15309603651921466
16,1489,1505,0.15310403934476324
17,1496,1513,0.15311467881258575
17,1498,1515,0.15312156832613735
16,1492,1508,0.15312806931347064
17,1498,1515,0.15313732857142676
18,1496,1514,0.15314287746750105
18,1491,1509,0.15314491698690458
18,1514,1532,0.15314682234295354
18,1510,1528,0.15314861831191143
18,1510,1528,0.15315030865593351
17,1507,1524,0.15315189962691012
17,1494,1511,0.1531565333733148
17,1493,1510,0.15316087258585737
18,1486,1504,0.1531649433382665
18,1495,1513,0.15316559966484528
18,1496,1514,0.15316622984203437
18,1504,1522,0.15316682909438298
19,1508,1527,0.15316739646826594
22,1500,1522,0.15316478928364283
22,1496,1518,0.15315290136778448
24,1511,1535,0.15314180325555296
23,1499,1522,0.15312513723065854
23,1491,1514,0.1531127205174476
24,1493,1517,0.15310108642888953
23,1495,1518,0.1530869896671346
23,1501,1524,0.15307694782977987
25,1495,1520,0.1530675264789802
25,1508,1533,0.15305239410858576
25,1513,1538,0.1530382288215247
25,1505,1530,0.1530249501817641
25,1484,1509,0.1530124949742849
24,1483,1507,0.1530008075790283
21,1482,1503,0.15299293257172467
22,1480,1502,0.1529948710503323
21,1496,1517,0.15299348159975856
22,1500,1522,0.15299527570414803
23,1496,1519,0.1529938103084595
21,1489,1510,0.15298931131555102
22,1489,1511,0.15299138093353548
23,1503,1526,0.15299017138442195
22,1511,1533,0.152985920555841
23,1508,1531,0.152985077987383
22,1503,1525,0.15298114913299055
21,1504,1525,0.15298059405244857
21,1499,1520,0.15298319172468267
22,1491,1513,0.15298561277460204
22,1499,1521,0.15298474278167068
21,1502,1523,0.15298393665976343
23,1497,1520,0.15298631510131042
22,1494,1516,0.15298222928565997
22,1506,1528,0.1529815072340913
24,1497,1521,0.15298082532066282
24,1493,1517,0.15297392687852945
24,1483,1507,0.1529674867737723
23,1485,1508,0.15296145584701923
23,1497,1520,0.1529589578027598
23,1510,1533,0.1529565911149899
23,1514,1537,0.15295436655522268
23,1509,1532,0.15295227366716324
21,1495,1516,0.15295030610733218
22,1499,1521,0.1529546924857663
22,1505,1527,0.15295565516334014
21,1490,1511,0.15295658157294795
20,1489,1509,0.15296057338875252
21,1470,1491,0.15296742971116942
20,1469,1489,0.15297071948550747
20,1485,1505,0.152976951632327
19,1493,1512,0.1529827934899285
19,1497,1516,0.15299139434483397
19,1500,1519,0.15299945117063402
19,1493,1512,0.1530070104886893
20,1484,1504,0.15301410453294928
19,1509,1528,0.15301761854314924
19,1510,1529,0.15302408424012987
19,1496,1515,0.1530301633126297
20,1493,1513,0.1530358728145872
21,1482,1503,0.1530380991428209
21,1480,1501,0.15303703630919374
20,1492,1512,0.1530360542153546
19,1495,1514,0.1530382813818491
20,1505,1525,0.15304351931771343
21,1501,1522,0.15304528382909563
21,1493,1514,0.15304380067522402
22,1478,1500,0.15304242591861508
21,1486,1507,0.15303798898127044
20,1492,1512,0.15303698450319686
20,1496,1516,0.15303921821049912
20,1480,1500,0.15304131701111012
19,1502,1521,0.15304328916596868
19,1489,1508,0.1530482810466005
19,1491,1510,0.15305295651504974
19,1505,1524,0.1530573432335862
19,1510,1529,0.15306146136767654
18,1507,1525,0.15306532821940322
18,1506,1524,0.15307214470474573
18,1505,1523,0.15307854635993262
17,1511,1528,0.1530845595380706
17,1492,1509,0.15309336135427798
17,1487,1504,0.1531016713208036
16,1487,1503,0.15310948818701636
17,1487,1504,0.15311998239460375
19,1486,1505,0.15312666773359684
20,1503,1523,0.1531266484006301
20,1502,1522,0.15312354083895854
19,1516,1535,0.15312062802427803
19,1507,1526,0.15312104388459294
19,1505,1524,0.1531214336063346
20,1498,1518,0.15312180256636015
19,1499,1518,0.1531190214545264
19,1498,1517,0.1531195938558336
19,1507,1526,0.1531201395867444
20,1495,1515,0.1531206547600468
19,1492,1511,0.15311797473266595
18,1493,1511,0.15311858989337118
18,1484,1502,0.15312233946539958
17,1497,1514,0.15312588721106077
15,1508,1523,0.15313235301945166
15,1508,1523,0.15314469670506095
16,1503,1519,0.1531562665807225
15,1485,1500,0.15316397092640335
15,1483,1498,0.15317437182966886
15,1487,1502,0.15318413260306044
15,1499,1514,0.15319329646545396
15,1499,1514,0.15320190255389068
15,1510,1525,0.15320998619268117
14,1500,1514,0.1532175799109588
13,1509,1522,0.15322786877519695
15,1519,1534,0.15324069270016824
15,1514,1529,0.15324638933369603
17,1508,1525,0.15325175944010314
18,1506,1524,0.15325050158614817
17,1492,1509,0.15324621484310683
18,1495,1513,0.1532453572768876
19,1495,1514,0.15324139567623804
20,1501,1521,0.15323452382104386
20,1494,1514,0.1532249622002888
20,1497,1517,0.15321602121177988
19,1516,1535,0.15320764656685423
19,1513,1532,0.1532029246949744
19,1514,1533,0.15319848453278614
19,1504,1523,0.15319430809412143
19,1508,1527,0.15319038792490391
20,1504,1524,0.15318670755166516
20,1500,1520,0.15318012325145663
21,1502,1523,0.1531739345284392
20,1492,1512,0.15316498847972898
21,1486,1507,0.1531597307960107
22,1487,1509,0.15315169088832128
22,1496,1518,0.15314101355410392
22,1501,1523,0.15313101110611474
21,1493,1514,0.1531216287379755
21,1502,1523,0.1531159959658347
21,1500,1521,0.15311070262814655
20,1491,1511,0.15310572890595303
22,1488,1510,0.1531041634693025
22,1491,1513,0.1530963772020496
24,1498,1522,0.15308907999614807
25,1501,1526,0.15307594970263724
24,1493,1517,0.1530605345474906
24,1497,1521,0.15304920493346377
23,1493,1516,0.15303856958100517
21,1489,1510,0.1530317043924159
23,1479,1502,0.15303151796722753
22,1493,1515,0.15302509470083275
22,1494,1516,0.1530221868027556
23,1500,1523,0.15301947071793942
24,1488,1512,0.15301378965514686
25,1487,1512,0.15300537290687366
25,1493,1518,0.15299438402196086
25,1502,1527,0.15298410672293636
26,1492,1518,0.15297447808788825
26,1504,1530,0.1529623226225261
25,1500,1525,0.15295091369032396
23,1496,1519,0.15294324080438465
23,1497,1520,0.15294219928777633
24,1493,1517,0.1529412085514917
25,1492,1517,0.15293717081553715
24,1486,1510,0.1529302398494932
26,1496,1522,0.15292686072986883
25,1500,1525,0.15291739968260076
23,1498,1521,0.15291166327276495
22,1483,1505,0.152912556915407
25,1488,1513,0.15291651349397653
25,1496,1521,0.15291077212685544
25,1491,1516,0.15290540238615802
25,1484,1509,0.15290031346768493
25,1492,1517,0.15289553210546555
25,1504,1529,0.15289104052748412
25,1503,1528,0.15288684297397334
24,1503,1527,0.15288288605220252
25,1488,1513,0.15288229678222037
25,1486,1511,0.15287859337627932
23,1468,1491,0.15287512913966328
25,1475,1500,0.15287808357911295
25,1475,1500,0.15287462185131112
25,1479,1504,0.15287139614029144
24,1472,1496,0.15286837563062303
23,1472,1495,0.15286865995043264
23,1490,1513,0.15287204294883544
23,1487,1510,0.15287520057457082
23,1489,1512,0.15287815538327545
23,1498,1521,0.152880970228769
24,1499,1523,0.15288362522807675
24,1493,1517,0.15288299518108744
25,1492,1517,0.15288241774122727
22,1489,1511,0.15287875672149578
21,1499,1520,0.1528847152771405
21,1505,1526,0.15289341828357397
20,1495,1515,0.15290155818338985
21,1502,1523,0.15291232418427841
21,1494,1515,0.1529192793225879
20,1499,1519,0.15292578906709542
21,1494,1515,0.1529350678363233
20,1482,1502,0.15294067972893344
20,1477,1497,0.15294906035009556
22,1484,1506,0.15295685583294527
22,1477,1499,0.1529579066846092
22,1487,1509,0.15295892914517029
24,1496,1520,0.15295990521019232
24,1506,1530,0.152954601182976
25,1495,1520,0.15294966913580327
24,1494,1518,0.15294194582079904
25,1502,1527,0.15293784141188815
27,1494,1521,0.1529308147470269
25,1488,1513,0.1529179451902323
23,1494,1517,0.15291208753350966
24,1499,1523,0.15291294765969973
24,1498,1522,0.1529106208431183
24,1494,1518,0.15290840177740564
24,1496,1520,0.15290632335406815
24,1495,1519,0.15290437174374996
23,1488,1511,0.15290251809193658
21,1481,1502,0.1529038522591989
22,1502,1524,0.1529113497181152
22,1501,1523,0.15291524135777634
22,1488,1510,0.1529188922021115
22,1490,1512,0.15292232735633254
20,1502,1522,0.15292555696030302
20,1509,1529,0.15293487482316628
21,1492,1513,0.15294361725826422
21,1505,1526,0.15294870814654069
21,1511,1532,0.1529534924055768
21,1504,1525,0.15295799162709856
22,1497,1519,0.15296221841448726
22,1498,1520,0.1529630494999104
22,1501,1523,0.15296384922959444
22,1495,1517,0.15296460884645022
20,1506,1526,0.15296532689766765
19,1501,1520,0.152972213300574
20,1491,1511,0.15298180714532567
20,1489,1509,0.1529876558876081
21,1492,1513,0.15299314136162442
21,1492,1513,0.15299515026263677
21,1505,1526,0.152997052376603
20,1512,1532,0.1529988459759542
20,1517,1537,0.15300366109807398
20,1510,1530,0.1530081717459728
20,1511,1531,0.15301240233898739
19,1503,1522,0.15301634746030054
18,1507,1525,0.1530231920363831
17,1505,1522,0.153032718611046
19,1507,1526,0.15304476235584147
21,1495,1516,0.15304979577696734
20,1495,1515,0.15304828505439766
20,1491,1511,0.15305002975350235
20,1492,1512,0.15305166508118656
19,1494,1513,0.153053203841851
18,1488,1506,0.15305778981066734
17,1485,1502,0.15306521861668532
19,1494,1513,0.15307530959860505
18,1500,1518,0.15307846917644466
17,1502,1519,0.15308459302451227
18,1507,1525,0.1530934772992926
16,1504,1520,0.1530986579599474
18,1494,1512,0.15310983476072346
19,1494,1513,0.15311397829175136
21,1492,1513,0.15311470995512866
22,1486,1508,0.15310909911121673
22,1471,1493,0.15310072080026155
23,1468,1491,0.15309287974962132
22,1480,1502,0.15308237002592834
22,1482,1504,0.15307567529307609
22,1497,1519,0.15306938628946373
21,1491,1512,0.15306349239539335
22,1497,1519,0.15306108932581416
21,1504,1525,0.15305561423820108
22,1505,1527,0.15305360121715506
22,1504,1526,0.15304856676146206
23,1494,1517,0.15304385213640906
23,1495,1518,0.15303628564329014
23,1501,1524,0.15302920015756458
25,1499,1524,0.1530225539577547
26,1479,1505,0.15301001831562783
25,1478,1503,0.1529951326680848
25,1470,1495,0.15298433013534474
24,1471,1495,0.15297418996732312
24,1482,1506,0.15296778304305636
25,1475,1500,0.1529617477644304
25,1486,1511,0.1529529012260119
23,1485,1508,0.15294459229450286
24,1485,1509,0.1529430360708938
24,1486,1510,0.15293839112201138
24,1482,1506,0.1529340168171024
23,1490,1513,0.15292985436051484
23,1479,1502,0.1529290677916558
24,1497,1521,0.1529283166502393
23,1497,1520,0.15292445902923701
23,1500,1523,0.15292399171664708
23,1505,1528,0.1529235531373768
23,1501,1524,0.1529231837688773
24,1496,1520,0.15292285334435057
24,1487,1511,0.15291944449705105
24,1490,1514,0.1529162677328225
24,1487,1511,0.15291330175702897
22,1484,1506,0.15291052996651902
25,1498,1523,0.1529141883842873
25,1509,1534,0.15290826124061271
23,1504,1527,0.1529027578728814
23,1503,1526,0.15290380016461858
23,1506,1529,0.15290475360621467
23,1501,1524,0.15290563782375505
24,1504,1528,0.15290651532532423
23,1495,1518,0.15290422352858304
23,1499,1522,0.152905207822491
23,1505,1528,0.1529061286833088
22,1483,1505,0.15290699105051384
21,1489,1510,0.15291090603467336
22,1502,1524,0.15291771028524903
21,1505,1526,0.15292093794642636
21,1506,1527,0.15292711280076765
23,1489,1512,0.15293289608329647
23,1491,1514,0.15293204070402636
23,1503,1526,0.15293129035073122
22,1496,1518,0.1529306049846041
21,1508,1529,0.15293311847084395
22,1505,1527,0.15293860117848188
22,1507,1529,0.15294061556334676
22,1508,1530,0.15294251159775193
22,1503,1525,0.15294429499817377
22,1505,1527,0.15294597278060273
20,1505,1525,0.15294755103726115
19,1500,1519,0.15295528597629293
19,1507,1526,0.1529656963934831
19,1506,1525,0.15297549173338057
19,1498,1517,0.15298469533900685
18,1486,1504,0.1529933335336913
18,1498,1516,0.15300456213968283
18,1508,1526,0.1530150888684026
18,1494,1512,0.15302496664564819
17,1501,1518,0.15303423884041922
15,1500,1515,0.15304606977683424
17,1490,1507,0.15306345124821227
19,1500,1519,0.15307346819860088
19,1502,1521,0.1530766385741096
19,1508,1527,0.1530796687880558
19,1491,1510,0.15308253509614458
18,1482,1500,0.15308523919999872
18,1500,1518,0.15309092109624725
19,1497,1516,0.15309624790412574
19,1499,1518,0.15309812205121487
21,1506,1527,0.15309990126774814
20,1494,1514,0.1530953410244864
18,1499,1517,0.15309422941476544
20,1509,1529,0.1530994360022531
20,1508,1528,0.15309799130659074
21,1508,1529,0.15309666448174444
18,1506,1524,0.15309231752640196
18,1509,1527,0.1530977309431722
18,1515,1533,0.15310280030412732
17,1508,1525,0.153107555495469
17,1497,1514,0.15311516018619048
18,1502,1520,0.15312229610944175
17,1497,1514,0.1531258765990127
16,1496,1512,0.1531323745571742
16,1502,1518,0.15314167828758493
16,1504,1520,0.15315041526335998
16,1496,1512,0.1531586202721979
16,1493,1509,0.15316632641540157
17,1483,1500,0.15317356479242683
16,1483,1499,0.15317723041266018
17,1488,1505,0.1531838333290462
17,1505,1522,0.15318686268200982
16,1502,1518,0.1531897223549531
16,1502,1518,0.15319554164243146
15,1493,1508,0.1532009922186548
15,1497,1512,0.15320923375081855
16,1498,1514,0.15321695730390306
16,1503,1519,0.15322101998201476
15,1501,1516,0.15322483310833568
14,1512,1526,0.15323157046495553
14,1508,1522,0.15324107110623506
14,1505,1519,0.15324999459599906
14,1501,1515,0.15325837432796952
14,1498,1512,0.15326624414031198
14,1505,1519,0.15327364438883997
16,1506,1522,0.15328056106155308
16,1499,1515,0.15328073127741848
16,1514,1530,0.15328091373356975
16,1500,1516,0.1532810965883593
16,1510,1526,0.15328127602573105
16,1509,1525,0.15328144989875017
17,1502,1519,0.15328161699083803
17,1499,1516,0.15327859811775082
17,1502,1519,0.15327577764994796
17,1500,1517,0.1532731359096445
16,1496,1512,0.15327065888705385
16,1492,1508,0.15327147557040316
18,1495,1513,0.15327222980411306
18,1485,1503,0.15326660776816936
18,1496,1514,0.15326135225294985
18,1495,1513,0.15325642588661292
18,1491,1509,0.1532518044245075
18,1504,1522,0.15324746746065313
18,1494,1512,0.15324339651839525
18,1500,1518,0.1532395745707987
18,1488,1506,0.1532359858392488
16,1468,1484,0.15323261566128302
16,1470,1486,0.15323575568555786
15,1483,1498,0.1532386818636907
16,1481,1497,0.15324456092169572
16,1482,1498,0.15324690680922937
16,1483,1499,0.15324911432790259
15,1483,1498,0.15325118752847192
16,1479,1495,0.15325631036753287
15,1491,1506,0.15325794680344204
16,1497,1513,0.15326267200923074
16,1497,1513,0.1532639341618961
17,1491,1508,0.15326512241639925
17,1496,1513,0.15326307475708265
16,1503,1519,0.15326116953327534
16,1492,1508,0.15326255516813864
16,1503,1519,0.15326385901422815
17,1498,1515,0.1532650846530955
16,1486,1502,0.15326306927569516
16,1504,1520,0.15326432620216957
15,1521,1536,0.15326549423723013
15,1509,1524,0.1532697626019054
14,1502,1516,0.15327376666985523
15,1503,1518,0.15328071170482085
14,1506,1520,0.15328404409388027
14,1502,1516,0.15329038244088314
15,1501,1516,0.15329634706687034
15,1495,1510,0.15329879689675346
13,1507,1520,0.15330111142471428
15,1502,1517,0.153309607566415
15,1507,1522,0.15331122993276836
14,1498,1512,0.15331277132282836
14,1488,1502,0.15331739309728384
14,1494,1508,0.15332172556403267
13,1492,1505,0.15332579026630258
13,1497,1510,0.15333275190932727
11,1500,1511,0.1533392792238853
11,1495,1506,0.15335172485164938
11,1499,1510,0.1533633945491798
11,1492,1503,0.15337436199261895
11,1498,1509,0.15338467040543757
13,1497,1510,0.1533943566409201
12,1498,1510,0.15339712472329436
12,1504,1516,0.15340291152684732
12,1504,1516,0.15340834401573233
12,1496,1508,0.15341344863720863
11,1506,1517,0.15341824597685652
12,1512,1524,0.15342593422077708
12,1512,1524,0.15342998910087505
12,1511,1523,0.15343381841685094
12,1512,1524,0.15343742577705868
12,1500,1512,0.15344083586293908
12,1496,1508,0.15344404962843877
12,1500,1512,0.15344707214399494
11,1493,1504,0.1534499141314959
11,1503,1514,0.1534557439450358
12,1505,1517,0.1534612075592374
12,1484,1496,0.15346317321588138
12,1486,1498,0.15346503671074857
13,1487,1500,0.15346679391796336
12,1488,1500,0.1534652475907007
13,1490,1503,0.15346697426498768
12,1508,1520,0.1534654285339507
12,1499,1511,0.15346714442860732
11,1509,1520,0.15346874578953226
11,1512,1523,0.15347342057303526
11,1513,1524,0.15347780282316323
11,1498,1509,0.1534819170151416
11,1509,1520,0.1534857812943427
11,1507,1518,0.15348941152474627
11,1507,1518,0.15349282228555
11,1500,1511,0.15349602711603122
11,1485,1496,0.15349903863339112
11,1493,1504,0.1535018686233587
12,1494,1506,0.1535045281153311
11,1505,1516,0.15350380940982075
11,1511,1522,0.15350632613914825
11,1521,1532,0.15350868272633858
10,1508,1518,0.15351089407830176
10,1497,1507,0.1535161787323063
9,1501,1510,0.15352114105548112
7,1503,1510,0.15352897404822216
7,1503,1510,0.15354271856842464
6,1503,1509,0.15355562714170357
7,1503,1510,0.15357094991467818
7,1501,1508,0.15358214761997063
7,1507,1514,0.15359267986953393
7,1497,1504,0.15360258159412926
7,1503,1510,0.15361188957073899
6,1498,1504,0.15362063931990705
6,1509,1515,0.15363206733457047
6,1505,1511,0.15364280506818104
6,1499,1505,0.1536528983588578
6,1491,1497,0.15366238683544003
7,1495,1502,0.15367130698152906
7,1503,1510,0.15367646982783273
6,1508,1514,0.15368132664739934
6,1510,1516,0.1536890977539425
5,1513,1518,0.1536963974210188
5,1511,1516,0.1537064783346031
5,1510,1515,0.15371595661196683
5,1504,1509,0.15372486912388975
5,1498,1503,0.15373324887840212
4,1513,1517,0.15374112745975607
4,1511,1515,0.15375176294382514
4,1514,1518,0.15376176308646333
3,1514,1517,0.15377116670470362
3,1509,1512,0.15378323041380454
3,1509,1512,0.15379456993748092
2,1529,1531,0.15380523158959375
2,1509,1511,0.1538184874051616
2,1509,1511,0.15383095129807126
2,1515,1517,0.1538426723366322
2,1516,1518,0.15385369525758505
2,1512,1514,0.15386406164422536
2,1516,1518,0.15387381052864066
2,1514,1516,0.153882978638456
2,1512,1514,0.1538916005358557
2,1513,1515,0.15389970873751094
2,1511,1513,0.1539073338307711
2,1517,1519,0.15391450458594455
2,1506,1508,0.15392124806330654
2,1506,1508,0.15392758971425807
2,1511,1513,0.1539335534766223
2,1508,1510,0.15393916186431666
2,1522,1524,0.15394443605171682
2,1516,1518,0.1539493959530361
2,1518,1520,0.15395406029702738
2,1521,1523,0.15395844669729028
2,1524,1526,0.15396257171844513
1,1521,1522,0.1539664509384166
1,1512,1513,0.1539733478798135
1,1523,1524,0.1539798345868418
1,1530,1531,0.15398593604464753
1,1525,1526,0.15399167496401397
1,1521,1522,0.15399707248088462
1,1528,1529,0.15400214863068978
1,1526,1527,0.15400692241795436
1,1516,1517,0.1540114118160125
1,1512,1513,0.1540156337784225
1,1526,1527,0.15401960426912528
1,1523,1524,0.15402333830506645
1,1528,1529,0.1540268500049521
1,1515,1516,0.15403015263987563
1,1498,1499,0.15403325868334528
1,1509,1510,0.1540361798594261
1,1522,1523,0.1540389271884143
1,1522,1523,0.1540415110298472
1,1526,1527,0.15404394112285527
1,1530,1531,0.15404622662396034
1,1533,1534,0.154048376142464
1,1530,1531,0.15405039777358523
1,1518,1519,0.15405229912950108
1,1524,1525,0.15405408736843892
1,1524,1525,0.1540557692219556
1,1520,1521,0.15405735102052964
1,1527,1528,0.15405883871757967
1,1530,1531,0.15406023791201615
1,1539,1540,0.1540615538694214
1,1517,1518,0.15406279154194658
1,1518,1519,0.15406395558700783
1,1521,1522,0.15406505038485757
1,1512,1513,0.1540660800551001
1,1517,1518,0.15406704847221772
1,1513,1514,0.15406795928016742
1,1497,1498,0.1540688159061054
1,1514,1515,0.15406962157329196
1,1508,1509,0.15407037931322645
1,1512,1513,0.15407109197705884
1,1520,1521,0.15407176224632096
1,1507,1508,0.15407239264301903
1,1505,1506,0.15407298553912477
1,1508,1509,0.1540735431655014
1,1513,1514,0.1540740676202989
1,1524,1525,0.15407456087684895
1,1516,1517,0.15407502479109078
1,1517,1518,0.15407546110855452
0,1513,1513,0.1540758714709296
