1367,25,1392,0.135840766895392
1388,26,1414,0.133021096118898
1408,26,1434,0.130389618423859
1422,26,1448,0.12793540925381336
1428,28,1456,0.12565998493303843
1436,26,1462,0.12356932695668423
1441,28,1469,0.1216426413604468
1434,30,1464,0.11987413594776841
1445,31,1476,0.1182795066576535
1450,31,1481,0.11679851576159982
1456,30,1486,0.11543674299361793
1456,32,1488,0.114182051367671
1451,31,1482,0.11303912603814384
1457,31,1488,0.11200981752921901
1457,35,1492,0.11105785064417205
1460,33,1493,0.11019088176654643
1450,35,1485,0.10939414407232494
1450,35,1485,0.10869099346952132
1449,33,1482,0.10805100798762095
1451,34,1485,0.1074704832984304
1449,35,1484,0.10693669508393519
1458,33,1491,0.10645485846195936
1460,37,1497,0.10599581561905097
1454,37,1491,0.10557320928041986
1465,36,1501,0.10520127708530884
1447,38,1485,0.10483800617590587
1452,40,1492,0.10454615355209762
1463,40,1503,0.10426949906913062
1481,40,1521,0.10399333310361433
1469,39,1508,0.10370273661415252
1487,39,1526,0.10346435786473412
1472,40,1512,0.103207903230815
1465,40,1505,0.10300711781104578
1464,42,1506,0.10283948552589736
1464,43,1507,0.10268928003035939
1446,42,1488,0.10255240061725888
1449,42,1491,0.10246679293683865
1450,42,1492,0.1023824104536192
1458,44,1502,0.10230331890461261
1454,45,1499,0.10221368739941543
1451,45,1496,0.10214067438452727
1460,45,1505,0.10208101644050871
1445,46,1491,0.10200684470938443
1448,45,1493,0.10197145310717824
1441,46,1487,0.10193261423876575
1440,47,1487,0.10191265931653629
1452,48,1500,0.1018967867757016
1452,50,1502,0.10185681454769047
1448,51,1499,0.10182018184577549
1439,50,1489,0.10179542131178396
1436,52,1488,0.1017919682176408
1441,53,1494,0.10179553456760182
1443,54,1497,0.10178827932498624
1448,49,1497,0.1017770874728043
1456,46,1502,0.10175618713118709
1453,48,1501,0.10171977188173206
1444,52,1496,0.10169294365000708
1444,50,1494,0.1016877216016891
1424,53,1477,0.10168306517892477
1428,52,1480,0.10172134288358287
1438,53,1491,0.10174774775052782
1435,53,1488,0.10175075478833101
1434,53,1487,0.10175961540022234
1441,54,1495,0.10177023601603505
1433,56,1489,0.10176514267831585
1439,55,1494,0.10177774969378448
1435,56,1491,0.10177631555027127
1437,52,1489,0.10178341653775175
1428,55,1483,0.10178590364817865
1423,54,1477,0.10180691661078836
1414,53,1467,0.10183730869762893
1424,51,1475,0.1018839771283716
1442,53,1495,0.10190492947520696
1437,53,1490,0.10188521835567715
1435,55,1490,0.10187810073012621
1438,53,1491,0.10187608547570201
1440,55,1495,0.10186804965913694
1451,57,1508,0.10185618053222986
1450,58,1508,0.1018214464131558
1425,59,1484,0.10179187550495147
1427,62,1489,0.10181886992889286
1422,61,1483,0.10183947710283082
1413,62,1475,0.10186881304529591
1413,59,1472,0.10191492436232653
1431,59,1490,0.10195750609050493
1438,59,1497,0.1019580403946761
1452,58,1510,0.10194333118485029
1446,59,1505,0.10189933868975412
1438,56,1494,0.10187173719778947
1439,54,1493,0.10186339489178493
1443,57,1500,0.10185384511143415
1452,58,1510,0.10183643871642838
1446,59,1505,0.10180162270435772
1429,60,1489,0.10178275816573702
1431,59,1490,0.10180184868808265
1434,60,1494,0.10181546120499199
1416,61,1477,0.10182163929316394
1431,61,1492,0.1018653669695328
1433,64,1497,0.1018728193304899
1435,62,1497,0.1018751918636249
1432,58,1490,0.10187308231971894
1425,61,1486,0.10187818202289264
1427,66,1493,0.10189776857200637
1435,68,1503,0.10191130531991142
1433,72,1505,0.10190696148105285
1431,71,1502,0.10190731212194892
1427,74,1501,0.10191202173170946
1430,75,1505,0.10192507513590156
1424,75,1499,0.1019308816778561
1416,75,1491,0.10194889099573583
1413,77,1490,0.10198263475951964
1413,80,1493,0.10201943360862924
1419,80,1499,0.10205340208199148
1417,79,1496,0.10207155544706037
1423,82,1505,0.1020925126755494
1425,81,1506,0.10209913059428107
1416,82,1498,0.10210095282838313
1416,79,1495,0.10212113960216049
1422,80,1502,0.1021389303895895
1413,77,1490,0.10214274354838296
1417,78,1495,0.10216571865072328
1427,78,1505,0.1021778746914824
1431,77,1508,0.10216754097313469
1423,79,1502,0.10214989253163083
1425,79,1504,0.10215075964177563
1420,75,1495,0.10214721547266425
1408,73,1481,0.10215472983582352
1412,74,1486,0.1021871585234593
1409,74,1483,0.10220821259568265
1404,78,1482,0.10223392981952062
1390,81,1471,0.1022684260908614
1418,80,1498,0.10233033057115108
1428,84,1512,0.10232652376190898
1421,85,1506,0.10230170815027222
1418,85,1503,0.10229386784817357
1409,87,1496,0.1022934319079783
1402,88,1490,0.10231248957648337
1400,89,1489,0.10234501667266911
1395,88,1483,0.10237923150654712
1401,85,1486,0.10242102978600105
1404,87,1491,0.1024460639542513
1403,87,1490,0.10246246235736792
1413,87,1500,0.10247909292887415
1419,89,1508,0.10247303467361814
1399,87,1486,0.10245448007790733
1396,86,1482,0.10248034729488902
1392,91,1483,0.10251069345814112
1385,90,1475,0.10254714046832643
1397,91,1488,0.10259514032605624
1392,90,1482,0.10261323734127331
1400,93,1493,0.10264020952198141
1392,92,1484,0.10264760791122152
1391,93,1484,0.10267171101677963
1396,91,1487,0.10269590378024915
1388,91,1479,0.10270733885869725
1385,95,1480,0.10273509239518994
1381,98,1479,0.10276716466229746
1390,97,1487,0.10280566861990778
1381,95,1476,0.10282164807004048
1396,100,1496,0.10285570103537076
1397,100,1497,0.10285450527009904
1389,105,1494,0.10285083878014138
1385,105,1490,0.10286426121548634
1393,104,1497,0.10288569261326785
1392,104,1496,0.1028889467701724
1387,107,1494,0.10289352721809547
1385,103,1488,0.10290807417607653
1385,106,1491,0.10292562341006678
1384,105,1489,0.10294159912418793
1377,103,1480,0.10295839197908861
1381,103,1484,0.10298884179054003
1382,102,1484,0.10300755268258505
1374,105,1479,0.1030230634774075
1369,100,1469,0.10305463849817299
1376,103,1479,0.10309468703598267
1376,102,1478,0.10311608051275727
1386,102,1488,0.10313528971075371
1390,103,1493,0.1031307522618578
1392,104,1496,0.10311782250152231
1395,106,1501,0.10310210007828742
1391,101,1492,0.10308162392020179
1389,99,1488,0.10307143898664371
1391,98,1489,0.10306668263421327
1390,96,1486,0.10305790031737139
1382,100,1482,0.10305182645696562
1392,107,1499,0.10306358649100997
1389,106,1495,0.10305278889490613
1390,108,1498,0.10304953212531359
1377,108,1485,0.10304480157234322
1373,109,1482,0.10306860346268447
1375,113,1488,0.10309925313618208
1369,109,1478,0.10312298081424716
1378,111,1489,0.1031574268125061
1382,109,1491,0.10316961553698675
1380,114,1494,0.10317186098709258
1393,114,1507,0.10317799754941503
1389,117,1506,0.10315596346678949
1374,116,1490,0.10314476300008706
1366,118,1484,0.10316760454445043
1366,123,1489,0.10320614100495112
1381,119,1500,0.10324139653388663
1375,121,1496,0.10324120511798768
1378,120,1498,0.10325390388675498
1379,119,1498,0.10325890620455397
1386,119,1505,0.10326042808218486
1375,120,1495,0.10324715831040632
1377,121,1498,0.10325970130566403
1382,124,1506,0.10326674046391263
1376,122,1498,0.10326216676961614
1364,123,1487,0.10327047998793948
1358,123,1481,0.10330407749731198
1354,125,1479,0.1033481699782575
1367,127,1494,0.10339696653474767
1364,121,1485,0.10341357846087117
1350,126,1476,0.1034351639599295
1355,124,1479,0.1034849125141916
1342,127,1469,0.10351980194966832
1350,124,1474,0.1035798743526017
1336,130,1466,0.1036169288359634
1344,131,1475,0.10368128188402853
1351,129,1480,0.1037229311061579
1367,129,1496,0.10374561863427481
1357,136,1493,0.10373155561593529
1359,138,1497,0.10374022538968741
1371,137,1508,0.10374341146051051
1367,135,1502,0.103720311840544
1364,136,1500,0.10370856418960368
1368,138,1506,0.10370512921903098
1376,134,1510,0.10369347835768045
1374,136,1510,0.10366538218182825
1369,135,1504,0.10364433457937999
1360,135,1495,0.10363604472868997
1363,128,1491,0.10364761174730201
1376,135,1511,0.10365188548686997
1367,135,1502,0.1036275827420349
1373,133,1506,0.10362506183367548
1363,135,1498,0.10360969395673335
1370,134,1504,0.10361743450405551
1359,135,1494,0.10360937981423196
1358,133,1491,0.10362628421498271
1352,133,1485,0.10364295469712889
1338,130,1468,0.10367061319975367
1345,133,1478,0.1037266435240603
1330,133,1463,0.10376229777419375
1345,135,1480,0.10382802908374501
1354,133,1487,0.1038545473367381
1351,136,1487,0.1038597845284886
1350,138,1488,0.10387122094923482
1360,139,1499,0.10388406168480724
1363,139,1502,0.10387398505502128
1360,142,1502,0.10385798132886294
1355,141,1496,0.10385029770065181
1356,144,1500,0.10385397097348693
1350,144,1494,0.10385484375570231
1354,147,1501,0.10386894301633667
1352,143,1495,0.1038732202102332
1345,142,1487,0.10388176602415072
1352,143,1495,0.10390463272583716
1361,146,1507,0.10391015080081789
1368,147,1515,0.10389496039347099
1376,151,1527,0.10386554684575752
1362,146,1508,0.10382184913778075
1366,149,1515,0.10381239708550101
1358,148,1506,0.10379558979943378
1344,145,1489,0.10379804513256588
1339,148,1487,0.10382999165935977
1338,154,1492,0.1038706297860439
1347,157,1504,0.10391064041726551
1341,156,1497,0.10392795256467954
1326,155,1481,0.10395637021851932
1313,157,1470,0.10401499184771643
1322,156,1478,0.10409703132811146
1327,161,1488,0.10415285520860575
1319,171,1490,0.10419332083439253
1323,177,1500,0.10424771967628318
1338,179,1517,0.1042897146121895
1340,174,1514,0.10429566233561083
1341,178,1519,0.10429622900894053
1321,177,1498,0.10429547220106115
1321,175,1496,0.10433850515520789
1332,171,1503,0.10437725518722861
1322,171,1493,0.10438845845284372
1316,177,1493,0.1044213648334604
1312,179,1491,0.10446412110713718
1318,179,1497,0.10451152355413296
1317,174,1491,0.10454194482866672
1328,170,1498,0.10457284304932873
1342,175,1517,0.10457690924995479
1323,172,1495,0.10455000523447416
1326,170,1496,0.10456744630244678
1324,174,1498,0.10457687879832299
1308,174,1482,0.104589813897731
1320,174,1494,0.10463716241490224
1326,179,1505,0.10465394083010178
1308,177,1485,0.10465591085884292
1316,179,1495,0.10469733490820402
1309,177,1486,0.10471771828960197
1305,178,1483,0.10475147529333395
1300,178,1478,0.10479094515446195
1303,178,1481,0.10483782645460721
1307,175,1482,0.1048740921258326
1315,179,1494,0.10489935889548167
1312,178,1490,0.10490413268740056
1317,180,1497,0.10491533337697014
1312,182,1494,0.10491485286364494
1317,177,1494,0.10492474640538114
1319,173,1492,0.10492216348284135
1323,176,1499,0.10491579282719922
1317,171,1488,0.1049011224457096
1325,171,1496,0.10490107436977636
1323,170,1493,0.10488313399934839
1318,172,1490,0.10487034140666344
1320,171,1491,0.10486990750867722
1321,170,1491,0.10486497626224933
1318,170,1488,0.10485815470096217
1331,174,1505,0.10485872752348968
1323,172,1495,0.10483060719668448
1335,173,1508,0.10482210931697772
1326,177,1503,0.10478792294443756
1327,180,1507,0.10477650651052446
1312,182,1494,0.10476510986575903
1309,182,1491,0.10478773644540443
1322,177,1499,0.10481513623310963
1309,179,1488,0.10481153649278678
1311,174,1485,0.10483770937721865
1331,176,1507,0.10485716304577068
1318,177,1495,0.10483069341751046
1326,178,1504,0.10483590939426402
1326,180,1506,0.1048232351156985
1312,176,1488,0.10481105935847528
1306,176,1482,0.10483013831337004
1296,174,1470,0.10486057314672603
1304,175,1479,0.10491047456237183
1298,182,1480,0.10493874417031822
1317,184,1501,0.10497762290732204
1306,185,1491,0.10497156479126829
1313,186,1499,0.10498961434987067
1307,188,1495,0.10499101646386633
1305,189,1494,0.10500556870097316
1292,192,1484,0.1050243131260396
1295,195,1490,0.1050700126730872
1281,195,1476,0.10510527710548563
1287,195,1482,0.10516877054337502
1292,193,1485,0.10521320448684378
1287,189,1476,0.10524229487912012
1292,185,1477,0.10528036407473974
1298,186,1484,0.10530429918699845
1295,188,1483,0.10531308397766528
1300,189,1489,0.10532801883590633
1301,196,1497,0.10533056258361195
1294,198,1492,0.10533090450697287
1296,198,1494,0.10534608456713557
1291,198,1489,0.1053555541116513
1279,199,1478,0.1053745832441959
1280,200,1480,0.1054189079983924
1287,204,1491,0.1054581188860679
1303,204,1507,0.10547795645961795
1291,207,1498,0.10546117201882609
1299,205,1504,0.10547250852877443
1307,208,1515,0.10546670587172724
1301,212,1513,0.1054445060398714
1293,215,1508,0.10543780697707343
1291,213,1504,0.10544851494777331
1288,217,1505,0.10546346550842432
1292,223,1515,0.10548432177820428
1293,222,1515,0.10549476545563938
1279,219,1498,0.10550218715796458
1291,217,1508,0.10553991039750217
1276,226,1502,0.10554771454141539
1287,227,1514,0.10558771496728213
1298,221,1519,0.10560002746059056
1300,224,1524,0.10558696428426595
1305,223,1528,0.10557035233142034
1301,223,1524,0.10554435568327775
1286,222,1508,0.10552934872324393
1280,221,1501,0.10554901071004708
1275,225,1500,0.10558043974209312
1270,231,1501,0.10562099175639482
1267,238,1505,0.10566978431832073
1267,232,1499,0.10572250362477653
1257,236,1493,0.10577002156199017
1267,238,1505,0.10583509197116918
1261,237,1498,0.10587292795863165
1261,240,1501,0.10592067422336897
1266,241,1507,0.1059644329584643
1262,242,1504,0.10599324929353614
1253,236,1489,0.10602852229180644
1245,240,1485,0.10608200266138092
1254,243,1497,0.10614931026987591
1249,245,1494,0.10618982150778752
1256,241,1497,0.10623914794913697
1265,240,1505,0.10626740241252403
1273,234,1507,0.10627448206884697
1277,241,1518,0.10626305796118558
1276,240,1516,0.10624357764868574
1277,245,1522,0.10622801325997248
1265,242,1507,0.10621185677724329
1266,236,1502,0.10622356425290956
1258,245,1503,0.1062329897002704
1251,247,1498,0.10625875375939313
1249,250,1499,0.10629839336499834
1256,253,1509,0.10633870062018339
1258,256,1514,0.1063603726472509
1262,249,1511,0.10637632518252255
1245,247,1492,0.10638157744611164
1256,247,1503,0.10642414298838819
1248,240,1488,0.10643853197015804
1245,244,1489,0.10647059453798224
1255,244,1499,0.10650624522821196
1252,240,1492,0.1065150992887967
1244,239,1483,0.10652961185880803
1246,239,1485,0.10655912066026212
1239,241,1480,0.10658094761211366
1253,237,1490,0.10661699712933227
1259,235,1494,0.1066189955533674
1270,238,1508,0.10660741215977376
1271,238,1509,0.10657122953556279
1257,233,1490,0.10653596461634329
1257,230,1487,0.10653564127863337
1246,236,1482,0.10653498470367005
1251,239,1490,0.10655835573601032
1256,237,1493,0.10657003787554017
1254,234,1488,0.10656881318558704
1258,238,1496,0.10657215943583646
1260,237,1497,0.10656617947545154
1258,242,1500,0.10655591549898069
1263,244,1507,0.1065521657528695
1263,242,1505,0.10653640059129657
1266,237,1503,0.10652246489556973
1256,235,1491,0.10650272653502119
1257,237,1494,0.10650722400587964
1260,235,1495,0.10650929413994731
1270,230,1500,0.1065055082460713
1261,239,1500,0.10647988875715395
1256,240,1496,0.10647679765675859
1258,240,1498,0.10648468802028502
1266,235,1501,0.10648833911012073
1266,234,1500,0.10647334924347847
1250,232,1482,0.10645893711165502
1258,235,1493,0.10648145762490849
1249,238,1487,0.10648404208589493
1259,233,1492,0.10650518130286833
1250,235,1485,0.10650261232709286
1259,232,1491,0.10651993269754202
1255,229,1484,0.10651632906832294
1246,236,1482,0.10652226132946101
1242,236,1478,0.1065470480500691
1255,237,1492,0.10657951663792019
1268,242,1510,0.10658025573183641
1253,246,1499,0.10655187964834127
1258,244,1502,0.10655989443495521
1264,246,1510,0.10655600620474623
1269,246,1515,0.10653901567067915
1268,241,1509,0.10651279137190585
1248,241,1489,0.10649229531520447
1259,241,1500,0.10651916262029612
1257,243,1500,0.10651927139885499
1253,243,1496,0.10652209097116515
1242,242,1484,0.10653340746059295
1243,236,1479,0.10656827048574204
1247,242,1489,0.10659793836116434
1247,239,1486,0.1066149554259773
1249,239,1488,0.1066315385779734
1247,235,1482,0.10664268352924705
1261,241,1502,0.1066565158470902
1249,246,1495,0.10663893205040174
1238,243,1481,0.10664983497810188
1247,241,1488,0.10668500314767726
1248,247,1495,0.1066971296417639
1252,248,1500,0.10670545069320746
1251,247,1498,0.10670552806068467
1259,248,1507,0.10670713273988117
1250,248,1498,0.10669072950549242
1236,249,1485,0.1066961464398737
1238,256,1494,0.1067326895680287
1239,250,1489,0.1067611835649103
1241,251,1492,0.10678480461286721
1251,248,1499,0.10680287053708046
1249,255,1504,0.10679785589538714
1233,260,1493,0.10679874971082554
1219,259,1478,0.1068355218295795
1214,259,1473,0.10690104203743818
1219,266,1485,0.1069729687635015
1221,267,1488,0.10702661224355005
1215,273,1488,0.10707186653150376
1210,274,1484,0.1071275203818492
1211,265,1476,0.10719063114843626
1203,258,1461,0.10724597310603641
1217,261,1478,0.10731395030270416
1226,258,1484,0.10734454213587646
1221,258,1479,0.10735319252900048
1231,261,1492,0.10737192982265872
1233,266,1499,0.10736711031566575
1235,264,1499,0.10735849578341963
1227,261,1488,0.10734630781552486
1230,270,1500,0.1073532936653315
1228,264,1492,0.10735354363774174
1222,272,1494,0.1073579211285169
1217,278,1495,0.10737620475908864
1215,281,1496,0.10740390149231029
1211,286,1497,0.10743436051343337
1208,287,1495,0.10747239727704276
1209,288,1497,0.10751408496466425
1206,292,1498,0.10755080306251953
1203,289,1492,0.10759095221910546
1214,292,1506,0.10763344652499274
1217,290,1507,0.1076480079998566
1213,295,1508,0.10765517824651413
1208,297,1505,0.1076709604550317
1202,298,1500,0.10769747801594623
1195,308,1503,0.10773463883511297
1187,312,1499,0.10778490671836945
1194,310,1504,0.10784928813321304
1191,304,1495,0.10789188806462822
1189,308,1497,0.1079379221843261
1189,307,1496,0.10798485616954417
1187,306,1493,0.10802743848548813
1202,310,1512,0.10807090244829377
1200,312,1512,0.10807721430260943
1190,306,1496,0.10808784883244694
1178,312,1490,0.10812050223378034
1176,316,1492,0.10817725746354835
1179,316,1495,0.10823392581019677
1188,324,1512,0.10827887459244774
1185,321,1506,0.1082989150161841
1180,321,1501,0.10832413429541222
1192,315,1507,0.10835996931554093
1195,314,1509,0.10836654380159025
1199,324,1523,0.10836614805649637
1193,318,1511,0.10835716163512267
1183,320,1503,0.10836357467271508
1165,324,1489,0.10839147210507001
1165,326,1491,0.10845861423871696
1174,322,1496,0.10852003274227486
1167,324,1491,0.10855561506790118
1173,331,1504,0.10860364375744214
1180,333,1513,0.10863412804951234
1179,327,1506,0.10864532719669472
1175,324,1499,0.10865861878204645
1172,322,1494,0.10868038414583663
1168,319,1487,0.10870700463378913
1162,330,1492,0.10874099267081197
1149,334,1483,0.10878661692940739
1155,336,1491,0.1088576465489787
1158,340,1498,0.10890886159709186
1158,344,1502,0.10894928646890013
1156,348,1504,0.10898698907628973
1153,346,1499,0.10902623125617136
1139,345,1484,0.10906857597283022
1139,351,1490,0.109139207130436
1142,357,1499,0.10920467360239001
1134,357,1491,0.10925896480916354
1134,358,1492,0.10932708286773916
1126,360,1486,0.10939067272376662
1129,366,1495,0.10946699341618682
1129,372,1501,0.10953154248021123
1133,370,1503,0.10959244793742799
1113,373,1486,0.10963850515702278
1127,371,1498,0.10972599535872149
1128,380,1508,0.10977655825599758
1118,383,1501,0.10982221319963498
1116,379,1495,0.10988723384663107
1113,377,1490,0.10995160313138584
1103,378,1481,0.11001785467532983
1108,385,1493,0.11010140028914084
1107,381,1488,0.11016797856072942
1099,384,1483,0.11023183230931345
1117,386,1503,0.1103092324589239
1116,385,1501,0.11033833672976293
1109,388,1497,0.11036878858438075
1112,377,1489,0.11041308937639471
1115,384,1499,0.11044666279367225
1118,385,1503,0.11047106622679284
1123,383,1506,0.11048672074636051
1119,383,1502,0.11049016376848819
1126,379,1505,0.11050178497357922
1131,382,1513,0.1104966690494873
1128,386,1514,0.11048061144252991
1123,383,1506,0.11047312281763787
1115,385,1500,0.11047797247099711
1123,382,1505,0.11050120819995786
1121,371,1492,0.11050497688164346
1118,370,1488,0.11051324993734266
1118,374,1492,0.11052798471297093
1137,379,1516,0.11054063273559694
1113,379,1492,0.11050841080030203
1111,387,1498,0.11053434937301564
1106,388,1494,0.11056326544435531
1101,389,1490,0.11060092651770059
1102,389,1491,0.11064600871867228
1104,385,1489,0.11068532731805954
1106,388,1494,0.11071627764680411
1098,397,1495,0.11074039073914241
1102,400,1502,0.11078085489868432
1095,396,1491,0.11081038134889097
1080,393,1473,0.11085279071544558
1095,387,1482,0.11092647111329196
1101,393,1494,0.11095863635501498
1094,399,1493,0.11097543746466738
1093,393,1486,0.11100687282749146
1091,399,1490,0.11103856472252419
1088,408,1496,0.11107295869983963
1076,417,1493,0.11111276728528714
1083,415,1498,0.11117637978604175
1073,415,1488,0.11121816774622875
1084,414,1498,0.1112812400188053
1084,404,1488,0.11131326267428626
1087,410,1497,0.11134306754733898
1089,412,1501,0.11136381008727154
1094,413,1507,0.1113786835101609
1091,416,1507,0.11138166957449122
1082,419,1501,0.11139206497955481
1076,418,1494,0.11142254290374093
1074,419,1493,0.11146499329345573
1072,422,1494,0.11150909486532339
1065,424,1489,0.11155439432884727
1058,421,1479,0.11161288835252733
1061,428,1489,0.11168337325604004
1060,425,1485,0.11174049957304494
1059,423,1482,0.11179519679412135
1063,429,1492,0.11184737968778148
1071,427,1498,0.11188649193755935
1084,433,1517,0.1119041137762797
1075,439,1514,0.11189010455389373
1069,442,1511,0.11189809113777233
1064,432,1496,0.11192021003960746
1069,441,1510,0.1119536694139061
1074,441,1515,0.1119720322080029
1069,439,1508,0.11197727548799591
1057,434,1491,0.11199258245492195
1059,445,1504,0.11203559767993397
1060,445,1505,0.11207075660257428
1063,445,1508,0.11210042410877201
1060,446,1506,0.11212241910495001
1059,455,1514,0.11215058816690314
1051,453,1504,0.11217896267648615
1036,455,1491,0.11222424450997963
1037,468,1505,0.11230081180001913
1040,468,1508,0.11236893604714257
1028,474,1502,0.11242503800689103
1025,473,1498,0.11250545374814255
1034,476,1510,0.11258710662828494
1036,477,1513,0.11264192459826894
1022,488,1510,0.11268829023549638
1017,485,1502,0.11276261464372837
1021,489,1510,0.11284250000464248
1024,489,1513,0.11290646291706068
1028,488,1516,0.11295826422775891
1022,490,1512,0.1129964064681904
1024,489,1513,0.1130451174750078
1032,490,1522,0.11308591525879344
1034,486,1520,0.1131045411403872
1019,493,1512,0.1131174257686971
1022,493,1515,0.11316463394335478
1017,488,1505,0.11320288098997848
1019,498,1517,0.11324891746033072
1009,501,1510,0.11328775831443764
1006,510,1516,0.11334727401499009
1001,491,1492,0.11340970632094549
999,491,1490,0.11347984559728787
999,492,1491,0.1135479836306211
1002,492,1494,0.11361051464337703
996,501,1497,0.11366113586468814
1000,504,1504,0.1137229584079244
1000,510,1510,0.11377053100477763
996,513,1509,0.11381667331962919
986,499,1485,0.11387053731714276
977,507,1484,0.11394297417890421
972,508,1480,0.11403051194823988
982,506,1488,0.11412259609286707
977,512,1489,0.1141830247987614
982,509,1491,0.11425125854072267
968,508,1476,0.11430334568463874
960,515,1475,0.11438366726204376
964,526,1490,0.11447562882021764
964,528,1492,0.1145523745052656
958,528,1486,0.11462336914073243
971,533,1504,0.11470222151237768
965,528,1493,0.11474392163802932
954,535,1489,0.11479523858945793
956,537,1493,0.11486984029003575
949,544,1493,0.11493339297692366
950,547,1497,0.115008955937375
958,546,1504,0.11507765080297518
956,547,1503,0.115121696990909
968,544,1512,0.11516823030629314
965,544,1509,0.11518277197037258
955,550,1505,0.11520424727970316
957,557,1514,0.11524859661278267
947,563,1510,0.11528490005902035
946,565,1511,0.11534191944037325
941,567,1508,0.11539600781148074
940,569,1509,0.1154567773777336
954,568,1522,0.11551474171360235
943,570,1513,0.1155357771404439
945,560,1505,0.11558053853633102
947,559,1506,0.1156173983278857
948,563,1511,0.11564743784916935
944,571,1515,0.11567254259081747
944,572,1516,0.11570528054168445
939,570,1509,0.11573480251215595
949,571,1520,0.1157739774435068
944,563,1507,0.1157874059710545
935,568,1503,0.11581176003862492
935,573,1508,0.11585505300471163
919,572,1491,0.11589387713814152
913,583,1496,0.11596628948617842
916,580,1496,0.11604757241109191
924,589,1513,0.11611664254992099
916,593,1509,0.11616269517483623
921,596,1517,0.11622456773417594
919,597,1516,0.1162697060330118
917,597,1514,0.11631805339678727
919,599,1518,0.1163669854355973
917,595,1512,0.11640767330467146
921,588,1509,0.11645017673523789
920,588,1508,0.11648078275266541
906,587,1493,0.11651163043303299
903,586,1489,0.11657373577009045
899,585,1484,0.1166379559178872
908,589,1497,0.11670572361321974
904,595,1499,0.11674630713413596
900,599,1499,0.1167931562922222
902,594,1496,0.11684598516532346
910,598,1508,0.11688970578928938
902,596,1498,0.11691117730191751
902,594,1496,0.11695075027347411
899,596,1495,0.11698945571323222
904,594,1498,0.11703194938934981
891,604,1495,0.11706096120180703
891,610,1501,0.11711957351203289
882,609,1491,0.11717219759822516
873,607,1480,0.1172418950941389
877,613,1490,0.11732857728570437
870,615,1485,0.11739843669885673
877,614,1491,0.11747948169513592
879,627,1506,0.11753808701527443
886,621,1507,0.11758828023353907
883,615,1498,0.11761884879383644
879,627,1506,0.1176551105322612
885,624,1509,0.11769825543267355
877,625,1502,0.11772397227692398
880,629,1509,0.11776733248861264
872,616,1488,0.11780031908663456
874,617,1491,0.11784962115913383
876,620,1496,0.1178897448985804
877,612,1489,0.11792327052314233
886,611,1497,0.11795255564177992
884,614,1498,0.11795756595828283
883,634,1517,0.1179667454670144
882,631,1513,0.11797803893034885
891,629,1520,0.11799254560506854
875,630,1505,0.11798525129153631
879,631,1510,0.11801686470282141
872,624,1496,0.11803690096130336
874,629,1503,0.118073056946031
875,638,1513,0.1181012540786152
877,628,1505,0.11812449371475228
875,635,1510,0.11813993898535396
869,642,1511,0.1181585087061236
865,650,1515,0.11819058302761692
857,644,1501,0.11823088576426997
861,639,1500,0.1182875479573299
863,647,1510,0.11832977457360602
861,649,1510,0.11836466446750904
862,646,1508,0.11840291665422222
850,643,1493,0.1184355011420915
845,636,1481,0.11849380601799703
854,636,1490,0.1185596406535884
859,633,1492,0.11859846667751212
866,637,1503,0.11862431519978828
870,646,1516,0.11863076748998616
866,640,1506,0.11862665743335148
860,649,1509,0.1186325337372783
855,653,1508,0.11865199096851896
854,650,1504,0.1186822870416853
869,649,1518,0.1187123410249632
863,649,1512,0.11870472794043105
852,648,1500,0.11871265099964845
854,649,1503,0.11874665856515378
853,646,1499,0.11877338646479597
854,653,1507,0.11880042916195954
858,654,1512,0.11882189437682372
858,648,1506,0.11883231962506884
862,651,1513,0.11884018418406989
859,648,1507,0.11883837573858237
856,651,1507,0.11884476837306593
863,652,1515,0.11885853187281092
862,654,1516,0.11885456334471367
867,649,1516,0.1188547844381878
885,644,1529,0.1188423253752547
875,641,1516,0.11878699753405123
868,645,1513,0.11876039061355591
862,649,1511,0.11875343927741497
862,654,1516,0.11876289931608382
864,649,1513,0.11877163355744264
855,648,1503,0.11877507280822819
854,660,1514,0.11880018462117306
850,655,1505,0.11882539453064238
850,662,1512,0.11885700060151327
848,664,1512,0.11888628623966176
845,658,1503,0.11891881812048873
838,661,1499,0.11895714516781791
839,655,1494,0.11900877260313765
842,660,1502,0.11905417385740759
850,656,1506,0.11908880364157085
845,657,1502,0.11910188829037212
833,663,1496,0.11912604883633296
833,666,1499,0.11917839533578853
823,676,1499,0.11922639613016311
816,672,1488,0.11929441252301048
823,680,1503,0.11937432369617049
809,687,1496,0.11943103672817142
816,678,1494,0.11951769574322452
813,691,1504,0.11958146130886949
809,689,1498,0.11964845236219103
811,695,1506,0.11972058568919433
809,698,1507,0.1197816670515164
816,695,1511,0.11984343010887512
820,693,1513,0.1198841186014587
812,690,1502,0.11991338428473224
812,693,1505,0.11996087410594507
809,691,1500,0.12000406988441281
825,703,1528,0.12005237094387404
827,708,1535,0.12005684289954577
816,701,1517,0.12005601014807311
822,706,1528,0.12008222265717368
811,703,1514,0.12009155344993261
813,714,1527,0.1201257973439253
808,705,1513,0.12015313584591147
804,703,1507,0.12019228073003888
804,712,1516,0.1202391709761962
805,706,1511,0.12028129062246923
810,700,1510,0.12031828827579454
806,696,1502,0.12034211950787375
789,699,1488,0.12037276864646301
784,699,1483,0.12044227607581078
780,718,1498,0.12051694204554622
781,716,1497,0.12059296213385853
784,713,1497,0.12066239472482605
782,718,1500,0.12072089116134994
795,721,1516,0.12078158597979549
785,714,1499,0.12080679726692065
787,720,1507,0.12085594362056834
781,730,1511,0.12089473198195315
778,718,1496,0.12094713422596798
776,727,1503,0.12100402004612576
769,729,1498,0.12106220650460568
769,726,1495,0.12113495051676804
757,728,1485,0.12120209696771514
762,735,1497,0.12129293051014954
766,731,1497,0.1213660528143368
769,730,1499,0.12142401458295633
781,731,1512,0.121469707163401
777,726,1503,0.12148280624796252
781,726,1507,0.12150318925811085
778,735,1513,0.12151184626280472
773,738,1511,0.12152722665527076
774,742,1516,0.12155550632496963
776,746,1522,0.12158077425617211
770,741,1511,0.12159941712573556
776,741,1517,0.12163207339842624
780,731,1511,0.12164783545251182
769,737,1506,0.1216521091230581
759,736,1495,0.12168399292564298
755,730,1485,0.12173683182350821
755,743,1498,0.12179554537050981
737,741,1478,0.12185028700600943
745,747,1492,0.12194621296213037
748,755,1503,0.12201444056406896
740,752,1492,0.12207181534103455
747,755,1502,0.12214698377464789
745,757,1502,0.12220104611322052
746,747,1493,0.12225511096859928
742,757,1499,0.12230200333395728
749,757,1506,0.1223553565307245
752,762,1514,0.12238906414190953
760,773,1533,0.12241255101705951
762,770,1532,0.12241480975215172
761,764,1525,0.12241224349576696
756,753,1509,0.12241243771522259
753,760,1513,0.12242440268069568
744,759,1503,0.12244174459409475
745,763,1508,0.1224804735664463
753,769,1522,0.12251440389408788
750,757,1507,0.12252629138009458
744,757,1501,0.1225454805277214
756,750,1506,0.12257737403424926
756,759,1515,0.12257690948829002
756,757,1513,0.12257593203947888
751,751,1502,0.12257691460510099
749,744,1493,0.122587465445432
747,753,1500,0.12260374428531388
752,745,1497,0.12262372599696762
752,754,1506,0.1226297364236491
744,752,1496,0.12263515920033125
743,760,1503,0.12265996520933171
748,769,1517,0.12268437526151396
743,777,1520,0.1226961832816088
744,777,1521,0.1227187781602186
730,774,1504,0.12273723260420574
735,771,1506,0.12278967345971364
734,773,1507,0.12282680300278784
744,768,1512,0.12286220369486112
745,764,1509,0.12287122316536474
737,777,1514,0.12287655545790457
734,774,1508,0.12290241478256793
721,775,1496,0.12293447075088944
725,779,1504,0.12299690625711236
723,787,1510,0.1230478279337771
722,779,1501,0.12310046291289245
721,783,1504,0.12315056454537342
721,776,1497,0.12319716959137786
713,769,1482,0.12324104842486266
719,774,1493,0.12330009876082075
718,780,1498,0.12334071711672898
715,776,1491,0.12338120638737152
722,783,1505,0.12342715977627146
720,777,1497,0.1234523804709697
722,785,1507,0.1234807073264558
720,790,1510,0.12350297306844006
724,804,1528,0.12352888453526546
727,798,1525,0.12354452112984073
719,803,1522,0.12355291134552815
712,804,1516,0.1235800007410602
700,803,1503,0.12362221028446985
696,792,1488,0.1236914801075404
705,800,1505,0.12376659525219061
706,802,1508,0.12381368779645383
702,802,1504,0.1238535993234189
711,791,1502,0.12390062690345709
706,793,1499,0.12392178148120925
712,802,1514,0.12395504494130868
702,810,1512,0.12397138650621058
704,810,1514,0.12401065344218345
697,804,1501,0.12404353333510397
703,800,1503,0.12409035105464722
706,807,1513,0.12411983010460848
708,803,1511,0.12413913014307319
704,809,1513,0.12415262786640864
704,813,1517,0.12417578445333209
696,810,1506,0.12420028906741593
693,810,1503,0.12424117573689816
706,817,1523,0.1242872163725385
697,821,1518,0.12429605249270229
682,820,1502,0.12432902204396168
690,820,1510,0.12439494451524957
677,823,1500,0.12443609882581502
671,814,1485,0.12450589694948254
670,816,1486,0.12458641330153043
678,826,1504,0.12466385060543957
672,834,1506,0.1247168064830193
666,832,1498,0.12478185178642252
671,823,1494,0.12485715953526595
673,830,1503,0.12491506370698023
666,829,1495,0.12496419231871006
673,825,1498,0.12502645531700587
677,828,1505,0.1250653779371019
670,832,1502,0.12509058661337863
675,829,1504,0.125131196020915
672,828,1500,0.12515835824545582
670,827,1497,0.1251895550580568
674,827,1501,0.12522464866633526
676,836,1512,0.12524670901558724
673,843,1516,0.12526278680669986
671,837,1508,0.125284016532654
665,834,1499,0.12531011706353362
655,838,1493,0.1253492519494598
665,835,1500,0.12540930150626448
658,850,1508,0.12544143502625257
659,858,1517,0.12548841238761527
660,860,1520,0.1255306061926955
660,856,1516,0.12556687988281268
658,848,1506,0.12560276791805808
662,856,1518,0.12564090638997438
654,856,1510,0.125665974062474
651,863,1514,0.1257106613210278
652,864,1516,0.12576056377707023
654,866,1520,0.1258040015925229
655,858,1513,0.12583886318300105
651,868,1519,0.12586776778201889
647,868,1515,0.12590502812754198
653,861,1514,0.12595022873673556
657,861,1518,0.12597550164677132
651,860,1511,0.12598931054974583
646,856,1502,0.12601734178776758
637,863,1500,0.1260563773136359
642,868,1510,0.12611429053792544
636,869,1505,0.12615424274983433
642,866,1508,0.12620476398811248
645,854,1499,0.12623754933100892
646,850,1496,0.12625973486456574
650,850,1500,0.12627764362941934
658,861,1519,0.12628478996787323
658,858,1516,0.1262723906129276
665,851,1516,0.12626100637093263
663,853,1516,0.1262329714272244
659,856,1515,0.12621299872750272
659,859,1518,0.1262047590604703
654,858,1512,0.12619878045014063
652,861,1513,0.12620879778312147
654,852,1506,0.12622211596619728
655,861,1516,0.1262309252235307
648,869,1517,0.12623758024851678
640,866,1506,0.12626183742345465
645,863,1508,0.12630463328676592
638,863,1501,0.12633179611139472
637,866,1503,0.12637356069202565
636,859,1495,0.1264135052537564
635,873,1508,0.12645339887668375
634,877,1511,0.1264938778164616
636,874,1510,0.1265331908245537
634,871,1505,0.1265652030029165
632,862,1494,0.12660055345166563
637,871,1508,0.12663832215055637
635,873,1508,0.1266594157348314
633,877,1510,0.1266860962251275
641,878,1519,0.12671766469725868
642,878,1520,0.12672688711215707
644,880,1524,0.12673504212396774
636,873,1509,0.12673784490286574
632,864,1496,0.12676212793560634
639,871,1510,0.126794926931546
639,875,1514,0.12680517653142886
628,881,1509,0.12681491788730623
631,876,1507,0.1268530189593616
623,876,1499,0.12688147219134915
624,880,1504,0.12692821744999197
628,880,1508,0.12696806226355303
632,871,1503,0.1269946987684632
635,876,1511,0.1270113540403417
636,885,1521,0.12702064597312404
630,887,1517,0.12702751405756046
634,889,1523,0.12704755029758552
625,879,1504,0.12705624141168484
623,882,1505,0.12708703674503397
621,887,1508,0.1271197673691892
624,885,1509,0.12715423314971905
619,888,1507,0.12718147155799234
619,897,1516,0.12722058364948025
609,892,1501,0.12725874886178132
606,887,1493,0.12732045671860553
598,896,1494,0.12738513437184718
607,903,1510,0.12746555453696037
606,903,1509,0.12751684119492934
603,902,1505,0.1275675849384103
610,913,1523,0.12762402647265442
610,904,1514,0.1276601348484601
612,897,1509,0.12769325254547498
614,903,1517,0.1277178033178408
604,906,1510,0.12773592431835865
599,894,1493,0.12778058695382152
599,905,1504,0.12783440735558202
600,906,1506,0.12788511398987906
595,914,1509,0.12792783156522827
590,894,1484,0.12798106468023043
585,896,1481,0.12804258701203497
583,904,1487,0.12811348032423034
585,898,1483,0.12818476201385212
588,885,1473,0.12824651003195917
589,903,1492,0.12829619768138603
592,913,1505,0.12833965053311938
587,923,1510,0.12837448138797775
581,924,1505,0.12841802456955423
572,924,1496,0.12847374085763064
562,927,1489,0.12854917182922387
561,920,1481,0.12864411940083736
567,924,1491,0.12873474692568182
567,936,1503,0.1288050773815287
565,936,1501,0.1288710009694435
559,933,1492,0.12893866469333637
551,944,1495,0.12901709124947558
554,942,1496,0.12911043181545995
561,946,1507,0.12918848654510864
556,948,1504,0.12924502986606615
558,956,1514,0.12930983819695496
551,942,1493,0.1293665554107385
556,937,1493,0.12943685408388098
555,953,1508,0.12948784887655504
561,946,1507,0.12953842878119123
552,945,1497,0.12957124169977466
554,951,1505,0.1296239872208466
555,956,1511,0.12966606218457957
552,971,1523,0.1297036517395045
546,958,1504,0.1297477150777834
540,951,1491,0.1298047905180635
533,962,1495,0.1298727043748608
530,971,1501,0.12995524454619833
525,972,1497,0.1300380864310588
526,975,1501,0.13012793409955342
522,966,1488,0.1302091963312615
530,962,1492,0.13029345325152
529,963,1492,0.13035041588809426
531,964,1495,0.1304071744600263
536,976,1512,0.130454549451871
535,964,1499,0.13048465453355557
531,965,1496,0.1305157020645152
527,966,1493,0.13055592682772332
536,967,1503,0.1306028024391683
532,972,1504,0.13062371087855598
536,961,1497,0.1306522497209724
532,967,1499,0.13066934413113324
532,971,1503,0.13069768138765828
526,980,1506,0.130724943105936
524,984,1508,0.13076548415653838
526,994,1520,0.1308087009868815
526,998,1524,0.13084457421060627
522,994,1516,0.13087758271529118
521,983,1504,0.13091836640417306
524,991,1515,0.13095794481085066
523,994,1517,0.13098782898933992
523,984,1507,0.13101978089557903
517,988,1505,0.13104841149213975
505,985,1490,0.13109020294126242
510,991,1501,0.13115908811928537
513,992,1505,0.1312101889181269
515,989,1504,0.13124932328596883
512,992,1504,0.13128136406093402
511,984,1495,0.1313203019644879
511,980,1491,0.1313593813266516
513,987,1500,0.13139599277148403
510,995,1505,0.13142467868739613
509,992,1501,0.13145893148468768
514,995,1509,0.13149295992583387
509,999,1508,0.13151219209660947
504,989,1493,0.13154206837440963
506,1004,1510,0.13158478153872552
497,1009,1506,0.1316212370332536
500,1022,1522,0.13167937948926248
503,1013,1516,0.13172552652415337
498,1011,1509,0.13176273112014578
501,1006,1507,0.13181133994563254
506,998,1504,0.13185002741340124
500,1006,1506,0.13187330958405633
503,1004,1507,0.13190851225762398
497,1003,1500,0.13193406396114063
501,1003,1504,0.1319742385327931
496,1011,1507,0.13200047636121887
495,1014,1509,0.13203818292672242
505,1012,1517,0.13207679835271943
504,1025,1529,0.13208757993851072
503,1023,1526,0.1321011492880409
500,1021,1521,0.13211737410457244
496,1015,1511,0.132139370601879
492,1022,1514,0.13217150267972527
488,1016,1504,0.13221143454702208
482,1023,1505,0.13225897884183482
478,1024,1502,0.13231833969632162
478,1014,1492,0.1323848618819049
489,1011,1500,0.13244599953067493
486,1013,1499,0.13247433034887257
480,1017,1497,0.1325093622554886
484,1026,1510,0.1325585795881412
479,1024,1503,0.13259399993609497
486,1027,1513,0.1326395677090912
482,1038,1520,0.13266368683927757
479,1036,1515,0.1326971192191637
483,1043,1526,0.13273838830534804
475,1045,1520,0.1327665166892661
478,1044,1522,0.13281311156987485
478,1037,1515,0.1328496319272518
492,1032,1524,0.1328822954976979
492,1034,1526,0.13287502164172213
495,1032,1527,0.1328676315921238
490,1023,1513,0.13284921931431895
483,1013,1496,0.1328447535068489
475,1017,1492,0.13285846027082343
474,1023,1497,0.13289047184093478
476,1022,1498,0.132922376237764
469,1027,1496,0.13294607723417784
468,1025,1493,0.13298519428261368
469,1016,1485,0.13302212650363693
465,1021,1486,0.13305402437700745
473,1021,1494,0.13309529164761486
477,1026,1503,0.1331135237831471
479,1030,1509,0.13312052420215192
478,1030,1508,0.13312248692153056
479,1037,1516,0.1331284744994626
478,1024,1502,0.13313184942536938
476,1020,1496,0.1331364868548613
479,1017,1496,0.1331454921351301
477,1030,1507,0.13314774883568362
481,1030,1511,0.13315326051526877
473,1029,1502,0.13314868557089377
474,1034,1508,0.13316393501772505
475,1031,1506,0.13317548250485653
476,1047,1523,0.13318247254785776
470,1047,1517,0.13318723562476248
477,1032,1509,0.13320811449223666
475,1032,1507,0.13320899950325127
486,1028,1514,0.13321375145094266
482,1028,1510,0.1331906311153105
473,1035,1508,0.13317964112848116
473,1028,1501,0.13319302616122097
473,1031,1504,0.13320484633753937
466,1042,1508,0.1332162830933042
473,1046,1519,0.13324395754722274
477,1047,1524,0.1332524235839646
474,1041,1515,0.13324990350645036
465,1045,1510,0.13325337026238052
456,1048,1504,0.13328079459334974
458,1052,1510,0.1333297962110573
452,1038,1490,0.1333696156737188
460,1040,1500,0.13342299017189443
463,1050,1513,0.13345316160974996
459,1047,1506,0.13347388542090394
459,1051,1510,0.13350346955590506
460,1054,1514,0.13352973877668148
463,1051,1514,0.13355245770387814
458,1047,1505,0.13356606461031048
454,1057,1511,0.13359167126537702
448,1046,1494,0.13362737074731448
453,1048,1501,0.1336761055795074
453,1044,1497,0.13371011831655366
451,1052,1503,0.1337412241605998
449,1051,1500,0.1337760878343286
453,1058,1511,0.1338147299115954
462,1066,1528,0.1338415984254535
462,1070,1532,0.13384450037568377
457,1068,1525,0.13384686024723993
457,1065,1522,0.13386223845412468
458,1063,1521,0.13387713212006874
450,1064,1514,0.13388904986763417
453,1064,1517,0.1339214651912814
454,1056,1510,0.13394326995290182
453,1062,1515,0.13396106029807373
452,1060,1512,0.13397975248964072
446,1076,1522,0.1339996648871586
450,1069,1519,0.13403478617178397
449,1074,1523,0.13405833889734034
446,1076,1522,0.1340838929152545
446,1061,1507,0.13411743822753677
449,1057,1506,0.13414765438786452
441,1063,1504,0.1341682889495704
445,1062,1507,0.13420782397347908
443,1070,1513,0.13423362307919703
437,1073,1510,0.13426298755819313
430,1065,1495,0.13430654779749399
437,1077,1514,0.1343656854665479
437,1069,1506,0.13440270408677954
441,1077,1518,0.1344360701207367
441,1078,1519,0.1344573989693425
436,1085,1521,0.13447810026873605
440,1089,1529,0.13451035686680915
435,1080,1515,0.1345295333992664
438,1082,1520,0.13455902863194247
445,1076,1521,0.13457923196185473
444,1077,1521,0.13458104898123233
448,1073,1521,0.13458482930989418
443,1067,1510,0.1345776122510396
441,1067,1508,0.13458442277238286
441,1072,1513,0.1345960690753598
435,1079,1514,0.13460720520640454
432,1090,1522,0.1346347974945593
436,1074,1510,0.13466923812015988
440,1083,1523,0.13469128797024235
436,1078,1514,0.1347023918116532
437,1075,1512,0.13472405390158396
431,1079,1510,0.1347421987229208
428,1077,1505,0.13477475579596074
430,1068,1498,0.13481150472185188
429,1076,1505,0.13484051232544733
427,1077,1504,0.13486878461880328
430,1077,1507,0.13490130063203876
435,1082,1517,0.13492489447407707
438,1085,1523,0.13493402299027668
433,1089,1522,0.13493719491221787
427,1093,1520,0.13495376965859593
422,1089,1511,0.13498528718701538
421,1088,1509,0.13502732061756767
413,1093,1506,0.13506967853031224
411,1098,1509,0.13513092696988407
415,1088,1503,0.13519411725826658
418,1102,1520,0.1352425235405487
415,1105,1520,0.13527922705792836
410,1109,1519,0.13532141485200536
405,1103,1508,0.13537294136615088
409,1103,1512,0.13543557715144558
412,1089,1501,0.1354842630189043
415,1088,1503,0.1355202166034419
418,1093,1511,0.13554509337672146
420,1106,1526,0.13556123349058016
421,1109,1530,0.1355717085790036
423,1106,1529,0.13557806941197836
412,1105,1517,0.13557863827916808
399,1101,1500,0.1356089218493633
403,1101,1504,0.13566991767951644
402,1115,1517,0.13571493163463452
400,1112,1512,0.1357601045748356
397,1123,1520,0.13580672872674948
397,1122,1519,0.135859096772404
398,1112,1510,0.13590739380700806
394,1113,1507,0.13595130162168442
389,1120,1509,0.13600335750210146
390,1120,1510,0.1360648646730842
388,1121,1509,0.13611891579030777
398,1118,1516,0.13617385363431755
402,1123,1525,0.1361992763265879
398,1134,1532,0.1362131522980489
394,1129,1523,0.1362380551386554
384,1129,1513,0.13627085032134453
384,1128,1512,0.13632825934036713
382,1123,1505,0.13638162311831073
387,1119,1506,0.13643486845059796
389,1118,1507,0.13647164759558472
393,1124,1517,0.1365019680748359
385,1117,1502,0.13651880226346993
391,1112,1503,0.13655501975792794
395,1115,1510,0.13657302744713942
394,1119,1513,0.13657910372408322
399,1125,1524,0.13658785380320698
402,1116,1518,0.13658006540327505
403,1108,1511,0.13656564361213497
405,1115,1520,0.13655036496844433
406,1115,1521,0.13653108591007895
401,1120,1521,0.13651110958744683
403,1114,1517,0.13650606699866866
406,1114,1520,0.1364961363671519
404,1108,1512,0.13647934059052694
405,1114,1519,0.13646965916382858
397,1113,1510,0.1364580110514858
398,1113,1511,0.13646604134893184
396,1111,1507,0.13647099172228602
387,1119,1506,0.13648258250543457
389,1127,1516,0.136518119329438
387,1133,1520,0.1365478190317191
379,1127,1506,0.13658205853273092
375,1130,1505,0.13663468130688405
374,1135,1509,0.13669588745311936
379,1131,1510,0.13675430559359897
377,1121,1498,0.1367967226048673
376,1131,1507,0.13684133631816742
376,1132,1508,0.1368864977923937
381,1136,1517,0.13692834499275872
379,1136,1515,0.1369546061926719
369,1126,1495,0.13698509759335342
366,1129,1495,0.1370397408042288
361,1148,1509,0.13709908085396902
363,1144,1507,0.1371684201277118
367,1144,1511,0.13722659105109752
370,1140,1510,0.1372697687596294
370,1145,1515,0.1373043315109072
369,1142,1511,0.1373353967471064
368,1146,1514,0.13736634176214768
367,1155,1522,0.13739856769002756
363,1156,1519,0.13743230913489562
359,1158,1517,0.13747342071101112
354,1162,1516,0.13752372300631285
356,1161,1517,0.13758200287779146
357,1163,1520,0.1376293503415657
350,1152,1502,0.13767140038505046
348,1151,1499,0.13772815233416955
355,1138,1493,0.13778752144820006
355,1142,1497,0.137825618207502
352,1152,1504,0.13786050194222516
347,1160,1507,0.13790145335462983
349,1152,1501,0.13795328187647962
351,1159,1510,0.13799781695230157
359,1157,1516,0.13803355577660845
350,1156,1506,0.1380454992003327
350,1165,1515,0.13808201354315894
355,1170,1525,0.13811536758724996
361,1161,1522,0.13813377389828216
357,1176,1533,0.1381336874833746
351,1175,1526,0.13814509165406272
351,1174,1525,0.13817236040735215
352,1174,1526,0.1381992302366787
352,1174,1526,0.13822080234278886
343,1165,1508,0.13824154158442145
341,1170,1511,0.13828387089329533
341,1171,1512,0.13832762501930407
339,1182,1521,0.1383682835708862
346,1177,1523,0.138411740365495
337,1165,1502,0.13843470248603876
334,1180,1514,0.13847840990848007
333,1180,1513,0.1385270174425183
334,1175,1509,0.13857545948204905
335,1174,1509,0.1386176300916794
334,1170,1504,0.13865380463297708
338,1176,1514,0.13868920501520707
336,1180,1516,0.13871205269773998
323,1175,1498,0.13874061446365615
326,1179,1505,0.13880102712728412
326,1170,1496,0.13884790655203008
330,1183,1513,0.13889210697963045
332,1174,1506,0.13892304127108027
332,1171,1503,0.13894590761621506
334,1168,1502,0.1389674941203207
333,1177,1510,0.1389819467718147
337,1180,1517,0.13899734066723032
335,1172,1507,0.13900065786512836
337,1180,1517,0.13900904580402998
334,1185,1519,0.13901210082004048
341,1181,1522,0.13902252552978397
346,1175,1521,0.13901362066643905
345,1170,1515,0.13899170769128077
354,1154,1508,0.13897238093943198
349,1140,1489,0.13893039436522636
346,1140,1486,0.13890427423705404
344,1151,1495,0.138888086374494
348,1151,1499,0.13887751862669095
350,1163,1513,0.13885720772488866
345,1171,1516,0.13883321472157198
347,1170,1517,0.13882467435064036
347,1162,1509,0.13881286189829087
344,1156,1500,0.13880210334978021
343,1167,1510,0.13879828479236192
341,1172,1513,0.13879662565414252
338,1160,1498,0.13880067142804683
339,1169,1508,0.1388135826818865
340,1172,1512,0.13882385349209553
338,1169,1507,0.138830390856629
329,1169,1498,0.1388414047183158
331,1171,1502,0.13887472871883072
330,1166,1496,0.13890044113747724
331,1166,1497,0.1389274230142483
331,1173,1504,0.1389497058163741
320,1175,1495,0.13897010874214186
318,1188,1506,0.13901990188863908
318,1189,1507,0.13907088917407653
316,1178,1494,0.1391189840831353
315,1199,1514,0.13917107158510786
313,1202,1515,0.13922205595549472
317,1192,1509,0.13927642488653894
309,1199,1508,0.13931617235574947
309,1207,1516,0.13937412852660722
310,1203,1513,0.13942756955118812
315,1193,1508,0.13947662091042473
317,1202,1519,0.13951123751773611
308,1210,1518,0.1395373133435282
307,1219,1526,0.1395859514428723
313,1221,1534,0.1396340300175748
310,1226,1536,0.13966429795476926
311,1223,1534,0.13970139737271414
308,1215,1523,0.13973486264491305
302,1229,1531,0.13977305433990406
301,1204,1505,0.1398233741806767
305,1201,1506,0.13987324147737645
304,1214,1518,0.13990910156255823
302,1215,1517,0.13994604609864406
303,1209,1512,0.13998704676497553
300,1218,1518,0.14002205163754639
292,1220,1512,0.14006307401800772
293,1234,1527,0.14012190202578606
295,1239,1534,0.14017442141569042
295,1227,1522,0.14021770794346197
290,1235,1525,0.14025793350883958
286,1235,1521,0.14031001598245257
292,1235,1527,0.14037013784038965
296,1220,1516,0.14041021423280153
290,1235,1525,0.14043695232863054
288,1222,1510,0.14047915259399038
290,1223,1513,0.14052437614802618
293,1219,1512,0.14056189722473436
293,1224,1517,0.1405885580924645
292,1233,1525,0.14061231525140808
289,1228,1517,0.14063737119724132
289,1228,1517,0.14066949940980308
286,1228,1514,0.14070009215217916
286,1221,1507,0.1407364768820044
287,1232,1519,0.14077035688275594
288,1216,1504,0.14079795795964656
287,1222,1509,0.1408212040696653
287,1222,1509,0.14084514142887378
286,1236,1522,0.14086743563585175
290,1232,1522,0.14089030971943348
294,1229,1523,0.14090049966697826
283,1231,1514,0.14089997978615457
286,1246,1532,0.14092868012858445
281,1238,1519,0.14094699555612805
282,1231,1513,0.14097772427721383
281,1228,1509,0.14100313027546693
276,1234,1510,0.14102821191315779
273,1232,1505,0.14106492543524038
281,1226,1507,0.14110499726147324
278,1228,1506,0.14112237354175358
276,1223,1499,0.14114686509609378
272,1235,1507,0.1411750345593268
274,1240,1514,0.14121147089367583
271,1241,1512,0.14124032163045258
269,1253,1522,0.1412755324796832
269,1248,1517,0.14131357349809956
269,1247,1516,0.14135048237567957
275,1236,1511,0.14138521858155495
284,1230,1514,0.14140181822820405
287,1223,1510,0.14139306693225268
279,1234,1513,0.14137797384901696
277,1245,1522,0.1413847962062827
279,1235,1514,0.14139743941639576
274,1245,1519,0.14140422979238054
274,1254,1528,0.14142377789822327
269,1247,1516,0.1414422607180888
270,1246,1516,0.141472431319549
272,1234,1506,0.1414973630815791
274,1242,1516,0.14151526765345473
274,1248,1522,0.1415261162821927
272,1236,1508,0.1415359733814312
279,1230,1509,0.1415510417878949
277,1214,1491,0.14154551813089666
281,1220,1501,0.14154546822957728
279,1227,1506,0.1415356938012436
282,1247,1529,0.14153074110790748
279,1242,1521,0.14151761230345802
277,1245,1522,0.14151357651533458
278,1243,1521,0.14151593693463954
278,1225,1503,0.14151634394953583
272,1232,1504,0.14151653194700203
278,1236,1514,0.1415326552958495
281,1236,1517,0.14152969256926715
277,1236,1513,0.14152005916093935
279,1238,1517,0.14152160384076382
273,1241,1514,0.14151692921156656
273,1240,1513,0.1415284030568997
277,1238,1515,0.1415396081054705
284,1238,1522,0.14153774042480424
283,1236,1519,0.14151681297081392
279,1244,1523,0.14150069991202532
274,1249,1523,0.14149518372618425
272,1244,1516,0.14150376835738934
271,1249,1520,0.1415170134040708
267,1236,1503,0.14153085239237417
269,1236,1505,0.14155459714015048
278,1230,1508,0.1415718542280522
277,1242,1519,0.14156240983196677
265,1242,1507,0.1415563965419043
265,1233,1498,0.1415835607802198
267,1227,1494,0.14160857568880286
265,1234,1499,0.1416255055323495
259,1239,1498,0.14164686300912424
259,1234,1493,0.1416833467226738
261,1241,1502,0.14171711395253137
262,1240,1502,0.14174264121091368
262,1242,1504,0.1417651723886843
263,1240,1503,0.1417853487422442
265,1241,1506,0.14180051008101371
272,1250,1522,0.14180972235190467
269,1261,1530,0.14179956881270314
267,1255,1522,0.1417982744813253
263,1253,1516,0.14180264169753454
265,1245,1510,0.1418178952801096
268,1262,1530,0.14182630516067696
270,1255,1525,0.14182566424600254
270,1259,1529,0.1418185673588082
266,1264,1530,0.14181213167194684
260,1262,1522,0.1418179427304773
256,1268,1524,0.14184070544750196
259,1257,1516,0.1418713252845373
263,1263,1526,0.1418906946099873
264,1257,1521,0.1418983930293706
261,1259,1520,0.14190348832122945
257,1275,1532,0.14191691329892284
254,1269,1523,0.141941087171084
248,1268,1516,0.14197082531727426
256,1261,1517,0.14201489674027584
249,1263,1512,0.1420351572493486
250,1279,1529,0.1420710313515455
251,1281,1532,0.14210170936468625
250,1274,1524,0.14212744304893993
248,1278,1526,0.1421535614460393
248,1270,1518,0.14218336430752157
248,1266,1514,0.14221198304601324
245,1272,1517,0.14223847361033926
245,1276,1521,0.14227041296403586
251,1276,1527,0.14229984154311637
247,1279,1526,0.1423114888463158
246,1274,1520,0.14233333352844496
246,1270,1516,0.142356518385907
244,1271,1515,0.1423788084820485
248,1278,1526,0.14240408506027968
247,1283,1530,0.14241813948250678
247,1289,1536,0.14243459921231189
244,1278,1522,0.1424498905259388
248,1278,1526,0.14247140824623775
245,1277,1522,0.14248042270139397
244,1275,1519,0.1424966647737665
243,1278,1521,0.14251486024899226
246,1271,1517,0.1425328046254403
243,1277,1520,0.14254152814966548
245,1278,1523,0.14255765472145143
247,1277,1524,0.14256753080926138
250,1276,1526,0.14257248574155945
244,1259,1503,0.14256882053500955
240,1270,1510,0.14258121094830176
243,1267,1510,0.14260506746295326
241,1265,1506,0.14261998296118258
237,1277,1514,0.14263910018341885
238,1281,1519,0.14266836002301075
237,1283,1520,0.142691805939367
236,1282,1518,0.14271569323283215
240,1284,1524,0.1427405138691787
241,1285,1526,0.14275312003155124
241,1276,1517,0.14276283537928522
235,1280,1515,0.14277119143012634
237,1280,1517,0.14279555647266576
234,1279,1513,0.14281276935110307
231,1264,1495,0.14283790333090118
233,1273,1506,0.1428697967185625
236,1277,1513,0.14289299098260655
238,1281,1519,0.14290584547061858
237,1279,1516,0.14291326221753664
230,1278,1508,0.14292353389867363
230,1275,1505,0.142952494944189
229,1270,1499,0.14297812119346343
231,1271,1502,0.14300532201712246
235,1258,1493,0.14302524926834645
242,1277,1519,0.14303233700540155
242,1273,1515,0.14302041662855308
243,1268,1511,0.14300999799229897
245,1267,1512,0.14299672561463453
246,1260,1506,0.14297821115537598
249,1266,1515,0.1429593338880882
247,1281,1528,0.14293262513446073
252,1274,1526,0.14291368193517817
251,1278,1529,0.1428822486551117
249,1267,1516,0.1428556356657233
249,1250,1499,0.14283664615601865
252,1266,1518,0.14281865729221277
250,1281,1531,0.1427944405580032
246,1271,1517,0.14277709497961422
241,1276,1517,0.1427726401635833
239,1281,1520,0.1427828831625543
241,1278,1519,0.1427973814149066
248,1261,1509,0.14280541232642485
241,1274,1515,0.14279398193954987
240,1270,1510,0.14280448934428755
240,1269,1509,0.14281660343148186
241,1284,1525,0.14282746359959178
236,1281,1517,0.1428350011356637
239,1279,1518,0.14285633613023713
229,1287,1516,0.14286868167533412
225,1290,1515,0.14290740840791463
222,1267,1489,0.14295491103832444
223,1270,1493,0.14300704344530912
224,1276,1500,0.14305374229223808
218,1285,1503,0.14309538498638155
217,1280,1497,0.14315124986226185
217,1288,1505,0.1432069012980777
216,1296,1512,0.14325887909833346
216,1294,1510,0.14331052086219587
220,1283,1503,0.1433583235018634
216,1294,1510,0.143391840513483
217,1302,1519,0.14343442635838596
224,1303,1527,0.1434720375654006
224,1295,1519,0.14348802274609398
221,1306,1527,0.14350362259035435
219,1314,1533,0.1435265266606894
221,1308,1529,0.1435536688362058
216,1308,1524,0.14357448733093686
217,1314,1531,0.14360789411612346
215,1298,1513,0.1436365922259272
209,1295,1504,0.14366832638358804
208,1313,1521,0.14371368183102556
205,1325,1530,0.1437586876038918
199,1315,1514,0.14380989890833665
205,1312,1517,0.14387505659154237
200,1304,1504,0.143919639636211
201,1310,1511,0.14397459204149304
203,1307,1510,0.14402234717677753
207,1320,1527,0.14406032599779794
206,1297,1503,0.14408495335924168
204,1310,1514,0.14411058612381705
202,1303,1505,0.1441404328195056
204,1314,1518,0.1441736710663179
202,1314,1516,0.14419957029570452
205,1315,1520,0.14422990864564683
201,1316,1517,0.144250281814451
197,1330,1527,0.14428042440643377
202,1321,1523,0.1443204439257692
203,1305,1508,0.1443448599703292
198,1318,1516,0.14436428169830084
196,1305,1501,0.14439585276504718
192,1324,1516,0.1444312836335408
191,1327,1518,0.14447525242861137
187,1327,1514,0.14451974186631833
188,1319,1507,0.14457250119785567
186,1321,1507,0.14461864163835172
182,1328,1510,0.14466742327765875
183,1324,1507,0.14472443032267482
181,1333,1514,0.14477540948166326
176,1344,1520,0.14482870225311614
175,1341,1516,0.14489333323062312
172,1345,1517,0.14495670213358833
178,1345,1523,0.1450233686769248
177,1337,1514,0.1450683190041985
174,1338,1512,0.14511292119085747
175,1337,1512,0.14516308354165294
173,1329,1502,0.14520631291201044
173,1320,1493,0.14525267891318522
174,1331,1505,0.14529662273196015
173,1334,1507,0.14533596749203626
171,1335,1506,0.145375324644545
173,1333,1506,0.14541752450934894
173,1346,1519,0.14545135845581755
169,1349,1518,0.14548328060967164
169,1343,1512,0.14552390376262145
171,1344,1515,0.14556281638561352
172,1330,1502,0.14559422082187118
168,1335,1503,0.14562011021686627
175,1329,1504,0.14565608515723935
173,1347,1520,0.14567024516563756
171,1339,1510,0.1456891775241899
174,1344,1518,0.1457120474209687
174,1343,1517,0.1457243547419126
171,1338,1509,0.1457357875165084
169,1333,1502,0.14575594663435762
167,1339,1506,0.14578114080360174
173,1345,1518,0.14581015507665882
171,1337,1508,0.1458211079340611
169,1343,1512,0.14583779005849692
168,1342,1510,0.14585898071629505
166,1348,1514,0.14588114654345063
160,1345,1505,0.14590832708034024
162,1343,1505,0.14595074594371205
162,1339,1501,0.14598449001811845
166,1341,1507,0.1460156437517364
169,1346,1515,0.14603363486076823
166,1336,1502,0.14604177340739266
166,1349,1515,0.1460580163878716
172,1357,1529,0.14607331787041478
170,1349,1519,0.14607015684159552
170,1345,1515,0.1460721886484167
168,1346,1514,0.14607466148099674
160,1342,1502,0.14608291799320186
162,1352,1514,0.14611288985927565
162,1353,1515,0.1461360105828771
165,1342,1507,0.14615800505594406
164,1342,1506,0.14617070842075322
164,1348,1512,0.1461856472390214
164,1342,1506,0.14619974128228652
166,1336,1502,0.14621311945664164
166,1336,1502,0.14622009123472876
164,1344,1508,0.14622639630707732
163,1364,1527,0.1462379714534443
165,1371,1536,0.1462508024162924
167,1367,1534,0.14625781592551057
164,1363,1527,0.14625885389204854
163,1358,1521,0.14626943814013577
163,1357,1520,0.14628269471953156
164,1365,1529,0.14629521664323308
164,1363,1527,0.1463032701183201
160,1373,1533,0.14631107176683286
162,1376,1538,0.14632957951653158
162,1361,1523,0.14634062782814167
157,1354,1511,0.14635175139770135
155,1346,1501,0.14637679848256385
151,1357,1508,0.14640613936193086
149,1349,1498,0.146444299003207
148,1346,1494,0.14648576505086208
147,1362,1509,0.14652731384807643
153,1363,1516,0.1465684832237243
158,1368,1526,0.14659002239364397
158,1360,1518,0.1465963580407121
154,1353,1507,0.14660176903073235
155,1359,1514,0.1466175799203892
156,1361,1517,0.14663004093198795
157,1370,1527,0.14663905484760906
161,1365,1526,0.14664410264311697
160,1358,1518,0.14663865951653243
157,1372,1529,0.14663707693484368
155,1374,1529,0.14664471612688101
151,1375,1526,0.14665777751520304
148,1374,1522,0.14668208896695706
146,1363,1509,0.1467137204105276
149,1364,1513,0.1467485869527042
153,1351,1504,0.14677287412656273
155,1349,1504,0.14678404833908734
151,1357,1508,0.14678871227155768
149,1354,1503,0.14680366400969277
149,1364,1513,0.14682381189233185
148,1370,1518,0.14684280958202856
149,1367,1516,0.14686310266643607
154,1373,1527,0.14687865086986485
148,1359,1507,0.14688018422863988
148,1356,1504,0.14689840934879259
151,1361,1512,0.146915134932176
152,1365,1517,0.14692194253292723
150,1355,1505,0.14692545567841284
149,1349,1498,0.14693413943397554
150,1339,1489,0.14694537371254163
149,1350,1499,0.14695279104610967
156,1344,1500,0.1469623941494717
154,1356,1510,0.14695183890086955
151,1364,1515,0.14694833921714806
150,1363,1513,0.1469540647924918
152,1372,1524,0.14696282226289323
150,1381,1531,0.14696521002692456
153,1373,1526,0.14697356354394994
150,1366,1516,0.14697332621233633
151,1368,1519,0.14698066033461285
146,1367,1513,0.14698497933169702
146,1365,1511,0.14700233357717205
148,1367,1515,0.14701901644312096
146,1371,1517,0.14702926221407991
141,1382,1523,0.14704534223271185
143,1372,1515,0.14707378296279397
145,1375,1520,0.14709514699927517
145,1362,1507,0.1471106144155212
139,1364,1503,0.1471252528710686
143,1370,1513,0.147155525781509
145,1358,1503,0.14717244569021037
148,1368,1516,0.14718315914540825
148,1365,1513,0.14718527392158773
147,1367,1514,0.14718767094020102
148,1369,1517,0.14719254849678676
148,1371,1519,0.14719398018477414
144,1370,1514,0.14719534473151363
140,1378,1518,0.1472075538618309
143,1361,1504,0.14723012710235298
147,1366,1513,0.14724319370517802
145,1368,1513,0.14724363042862193
145,1369,1514,0.1472496627183142
143,1369,1512,0.14725522690039117
142,1366,1508,0.14726673691679437
137,1369,1506,0.14728030658525706
140,1375,1515,0.14730772239624249
138,1376,1514,0.14732452212304065
137,1378,1515,0.14734588613150087
138,1374,1512,0.14736822581283365
142,1370,1512,0.14738679903575364
141,1376,1517,0.14739262474582696
139,1376,1515,0.14740037953678387
136,1371,1507,0.14741367330428778
139,1378,1517,0.14743474858761915
143,1377,1520,0.14744538082294809
147,1368,1515,0.1474452024465151
144,1364,1508,0.14743385646229262
143,1368,1511,0.1474322711933686
143,1377,1520,0.147434203038863
145,1378,1523,0.14743677917347364
145,1379,1524,0.14743347755872946
147,1371,1518,0.14743009496170292
147,1382,1529,0.147421409757632
146,1381,1527,0.14741273431235946
147,1371,1518,0.1474073154096271
147,1368,1515,0.14739964280856996
146,1365,1511,0.14739209740091103
146,1380,1526,0.14738796555301228
147,1387,1534,0.14738345709674383
146,1381,1527,0.1473765465923619
141,1386,1527,0.14737332352174867
141,1379,1520,0.1473832180565418
141,1378,1519,0.14739249545999172
140,1370,1510,0.14740095938209996
139,1370,1509,0.1474110098349828
141,1360,1501,0.1474233093594644
144,1367,1511,0.1474295871957347
139,1360,1499,0.1474270819985245
141,1351,1492,0.14743811987397093
145,1361,1506,0.14744221748753508
144,1360,1504,0.1474352110636878
144,1369,1513,0.14743169056430852
146,1368,1514,0.14742924300651686
145,1375,1520,0.14742079043232478
146,1379,1525,0.14741606966532605
147,1381,1528,0.1474087618853885
142,1375,1517,0.14739976030829702
142,1382,1524,0.14740678601105142
144,1383,1527,0.1474123264052057
144,1393,1537,0.1474122628901752
140,1390,1530,0.14741230686690024
141,1391,1532,0.1474231894020154
141,1373,1514,0.1474301686761912
143,1369,1512,0.14743542595504208
145,1379,1524,0.14743470708326964
146,1370,1516,0.1474281763188417
141,1358,1499,0.1474188943726833
145,1362,1507,0.14742457025702982
148,1367,1515,0.14741925959849655
146,1376,1522,0.14740572927723763
144,1378,1522,0.14739987928633372
141,1373,1514,0.1473999167132742
142,1375,1517,0.1474084405002258
142,1379,1521,0.1474138515227109
142,1386,1528,0.14741767436633368
143,1386,1529,0.14742105232218708
140,1381,1521,0.14742131337996378
138,1380,1518,0.14742982171537172
137,1375,1512,0.1474429730875331
136,1376,1512,0.14745814620552256
134,1373,1507,0.1474745793781976
135,1380,1515,0.14749542552710562
134,1374,1508,0.1475132052783597
139,1369,1508,0.14753294222769675
144,1371,1515,0.1475370913338378
143,1364,1507,0.1475268807035728
138,1370,1508,0.14752040077370032
139,1389,1528,0.14752881385751376
138,1387,1525,0.147533257514377
137,1388,1525,0.14754008301592003
138,1383,1521,0.14754887583360357
131,1389,1520,0.14755437373922375
134,1384,1518,0.14757858229068563
133,1391,1524,0.14759327188549354
135,1381,1516,0.1476094923813841
135,1386,1521,0.14761897521921857
139,1389,1528,0.1476281784360132
140,1379,1519,0.14762699348829703
138,1381,1519,0.14762306480527868
129,1386,1515,0.14762518247739478
129,1384,1513,0.14765130005796606
128,1387,1515,0.14767622401627503
127,1381,1508,0.14770214482853716
124,1372,1496,0.14772934617084077
123,1388,1511,0.1477636366726381
126,1385,1511,0.14779797817870624
126,1387,1513,0.1478214776824793
126,1385,1511,0.14784352450253072
130,1387,1517,0.14786380339365274
128,1396,1524,0.1478718161046179
129,1405,1534,0.14788513792405947
130,1398,1528,0.1478944815427526
133,1399,1532,0.14790086619390796
132,1394,1526,0.1478983744815796
129,1393,1522,0.14789903521801523
126,1387,1513,0.14790788132661625
126,1397,1523,0.14792481153472145
123,1400,1523,0.14794078572783279
124,1400,1524,0.14796373021728626
123,1411,1534,0.14798272405649293
122,1387,1509,0.14800349950626157
122,1395,1517,0.14802597013647797
121,1380,1501,0.14804702586589763
118,1389,1507,0.14806945158028195
119,1404,1523,0.1480985301151063
123,1393,1516,0.14812339302536767
118,1392,1510,0.1481352056210775
124,1395,1519,0.14816102008248266
124,1392,1516,0.14816803863391256
123,1374,1497,0.14817415763072378
122,1391,1513,0.1481826627527502
121,1381,1502,0.1481935327873357
116,1391,1507,0.14820626763819195
117,1384,1501,0.1482315938051205
118,1388,1506,0.1482524957166727
119,1388,1507,0.14826919306331127
117,1405,1522,0.14828185828967855
115,1412,1527,0.1482999987830696
115,1395,1510,0.14832310212870628
118,1388,1506,0.14834466458157788
117,1396,1513,0.1483560777313143
115,1388,1503,0.14836960305978683
115,1386,1501,0.1483876800512458
117,1394,1511,0.1484041761609272
118,1404,1522,0.14841410858545903
117,1407,1524,0.148420813694998
117,1401,1518,0.1484302605055094
117,1394,1511,0.1484390352829862
122,1397,1519,0.14844727565936489
120,1382,1502,0.14844043490425918
120,1384,1504,0.14843945712365691
118,1387,1505,0.1484385937004345
114,1395,1509,0.1484442143827118
115,1385,1500,0.1484602423351074
114,1388,1502,0.1484722976040451
117,1386,1503,0.1484867223178291
120,1403,1523,0.14849189669644197
119,1390,1509,0.14848844067897382
117,1399,1516,0.14848816381741106
116,1399,1515,0.14849330792658255
112,1398,1510,0.14850111381633657
113,1405,1518,0.14851940001573585
112,1409,1521,0.14853436139654866
108,1404,1512,0.1485515305216527
102,1412,1514,0.14857885849814909
104,1410,1514,0.14862109345390814
104,1401,1505,0.14865407317336676
104,1404,1508,0.14868491688511531
102,1402,1504,0.14871393682798917
101,1411,1512,0.1487469357225178
101,1415,1516,0.14878042319163642
101,1420,1521,0.14881111011402795
103,1433,1536,0.1488397805338047
101,1434,1535,0.1488611364432787
102,1434,1536,0.14888654383668318
102,1425,1527,0.1489074229902665
103,1418,1521,0.14892704489708972
104,1408,1512,0.14894224397374473
108,1409,1517,0.1489533338823394
107,1409,1516,0.14895214598139372
104,1410,1514,0.14895403472514737
105,1413,1518,0.14896417573025275
105,1419,1524,0.14897194522506738
107,1415,1522,0.14897926297356295
102,1416,1518,0.1489801445832958
103,1417,1520,0.14899513831708272
105,1414,1519,0.1490068371443125
109,1418,1527,0.149011563577642
109,1409,1518,0.14900428644164634
109,1412,1521,0.14899765970494883
110,1414,1524,0.14899165353361268
106,1403,1509,0.14898309635115847
105,1398,1503,0.148986761495326
104,1407,1511,0.14899323557934807
103,1409,1512,0.14900227245794032
101,1408,1509,0.14901363756729347
103,1411,1514,0.14903042276859224
101,1396,1497,0.1490407461861445
102,1405,1507,0.14905642398896476
100,1412,1512,0.14906842313186655
101,1416,1517,0.14908537089720197
103,1413,1516,0.14909871383191484
101,1415,1516,0.149105727680336
98,1417,1515,0.14911784932236297
93,1418,1511,0.14913811472186786
97,1409,1506,0.1491708455474345
101,1405,1506,0.1491903107838573
102,1405,1507,0.14919672620736174
107,1410,1517,0.1492000321236219
105,1423,1528,0.1491892207019255
105,1418,1523,0.14918520617126008
104,1416,1520,0.1491816024932156
105,1429,1534,0.149181130941275
104,1424,1528,0.14917779147908952
105,1421,1526,0.1491774320065964
106,1418,1524,0.14917424514386046
104,1426,1530,0.149168873004223
104,1409,1513,0.14916940287542668
102,1410,1512,0.14916982721563796
103,1411,1514,0.1491762026536726
104,1408,1512,0.14917965761146001
103,1414,1517,0.14918001937893222
104,1410,1514,0.14918344731304395
103,1410,1513,0.14918404203409874
101,1408,1509,0.14918756665818697
103,1411,1514,0.1491961303384557
102,1407,1509,0.1491982193073831
99,1398,1497,0.14920306925294657
100,1409,1509,0.14921568915833638
100,1414,1514,0.1492244200126092
101,1425,1526,0.1492327432087553
97,1419,1516,0.14923757315148783
94,1429,1523,0.14925316734033614
95,1424,1519,0.14927599931906158
92,1428,1520,0.149294980819512
96,1425,1521,0.1493207189304983
96,1421,1517,0.14933331769266017
96,1414,1510,0.14934515515821956
96,1418,1514,0.14935620257687424
96,1419,1515,0.14936684320098753
96,1397,1493,0.1493769289977135
98,1405,1503,0.14938674350320047
99,1425,1524,0.14939050057331238
99,1420,1519,0.1493913997974476
98,1420,1518,0.14939241301961168
94,1428,1522,0.14939637260497762
95,1425,1520,0.14941183163212002
95,1436,1531,0.14942336085024607
94,1437,1531,0.14943400348934366
94,1444,1538,0.14944669900251348
89,1439,1528,0.14945884976912105
87,1428,1515,0.14948415234070492
87,1432,1519,0.14951359556237864
89,1428,1517,0.14954074599211065
91,1420,1511,0.14956021270706352
90,1425,1515,0.14957244553213614
90,1416,1506,0.14958676478704722
89,1423,1512,0.14959960576162054
90,1439,1529,0.14961444407465968
90,1430,1520,0.14962492030828864
91,1408,1499,0.14963472062784866
93,1421,1514,0.14964106523511458
97,1420,1517,0.14964161241099713
96,1414,1510,0.1496305627088338
95,1410,1505,0.14962328785071002
94,1412,1506,0.1496189766348239
99,1422,1521,0.14961778184077779
96,1419,1515,0.14960202687928187
96,1433,1529,0.14959592399570112
96,1431,1527,0.14959034988430653
98,1445,1543,0.149585415261161
97,1434,1531,0.14957513036924625
96,1430,1526,0.14956856868856397
95,1434,1529,0.1495652956568556
91,1404,1495,0.14956514059404827
91,1411,1502,0.14957695586116035
93,1411,1504,0.14958797352504938
92,1420,1512,0.14959218878063393
89,1420,1509,0.14959853546777555
90,1431,1521,0.14961328397605075
91,1432,1523,0.1496239569083103
89,1414,1503,0.1496312029110131
90,1417,1507,0.1496431883340123
90,1414,1504,0.14965131695811673
86,1418,1504,0.14965926297455087
86,1422,1508,0.14967814480819872
83,1418,1501,0.14969574969944366
81,1417,1498,0.14972080442770477
81,1424,1505,0.14975004034355696
81,1416,1497,0.1497774435192772
83,1427,1510,0.149802872560521
83,1433,1516,0.14982151503266647
83,1440,1523,0.1498389734427919
82,1432,1514,0.14985535401004252
80,1429,1509,0.14987332414003576
80,1427,1507,0.14989629402597288
79,1427,1506,0.14991783112763218
81,1431,1512,0.14994066140517343
82,1439,1521,0.14995632896069402
80,1415,1495,0.14996806262774956
83,1426,1509,0.14998513023366375
85,1429,1514,0.14999204802024171
85,1421,1506,0.14999301379157395
83,1424,1507,0.1499938533398788
83,1441,1524,0.15000050041005064
82,1433,1515,0.15000681295542911
80,1439,1519,0.15001573643103785
81,1441,1522,0.15002945950920776
83,1443,1526,0.15003933463029562
82,1442,1524,0.15004252984938904
82,1447,1529,0.15004824768932237
77,1444,1521,0.1500535736605185
78,1433,1511,0.1500723502287439
78,1428,1506,0.15008668664820404
81,1439,1520,0.15009981760839705
80,1438,1518,0.15010354099871126
85,1442,1527,0.15011006506419214
83,1441,1524,0.1501014213619215
80,1458,1538,0.15009959168879788
79,1453,1532,0.15010647293639745
80,1444,1524,0.15011590908651884
81,1441,1522,0.15012192992609885
81,1441,1522,0.15012492582971
77,1442,1519,0.1501276277032524
77,1428,1505,0.15014167716242485
74,1450,1524,0.1501545043655029
72,1442,1514,0.15017535493093537
72,1436,1508,0.15020065350950662
72,1441,1513,0.15022418200019896
73,1443,1516,0.150246027116893
74,1443,1517,0.15026308316854967
74,1448,1522,0.1502761644627672
74,1442,1516,0.15028842177850588
71,1429,1500,0.1502999051484229
72,1436,1508,0.1503190982770924
70,1422,1492,0.15033419260139883
73,1427,1500,0.15035440671465067
74,1425,1499,0.1503643485513036
73,1427,1500,0.15037033255739374
73,1446,1519,0.15037904158526624
74,1444,1518,0.1503873128542945
75,1440,1515,0.15039224266731682
73,1445,1518,0.15039410719716326
71,1447,1518,0.15040178996430437
70,1455,1525,0.15041484115194825
70,1469,1539,0.15042996862268293
69,1469,1538,0.15044437810186595
68,1463,1531,0.15046085827986774
66,1464,1530,0.1504793274942559
64,1449,1513,0.15050264703517902
65,1449,1514,0.1505301985418983
63,1455,1518,0.15055306422155096
64,1460,1524,0.15058068316843418
63,1451,1514,0.15060351896966995
59,1450,1509,0.1506281807120833
59,1452,1511,0.15066310637597918
62,1444,1506,0.15069591394637283
64,1437,1501,0.15071751704810668
64,1428,1492,0.1507318072457893
65,1432,1497,0.1507452302166699
65,1434,1499,0.15075449820653794
62,1445,1507,0.1507634694466347
63,1450,1513,0.15078083912504314
65,1460,1525,0.15079441440136232
65,1468,1533,0.15080107108138857
66,1471,1537,0.15080738140385064
66,1462,1528,0.1508103177617383
66,1460,1526,0.15081355384739656
63,1446,1509,0.15081667204840632
65,1446,1511,0.15082822035212853
65,1447,1512,0.15083301942015012
67,1450,1517,0.15083754922957657
68,1445,1513,0.15083588391203315
70,1446,1516,0.150831556279029
70,1439,1509,0.1508217615897433
70,1446,1516,0.15081279168419395
71,1443,1514,0.1508045429340391
69,1450,1519,0.15079390694038186
66,1451,1517,0.15079006242190762
66,1451,1517,0.15079535381460743
65,1447,1512,0.15080021747157912
65,1452,1517,0.15080753877203137
66,1457,1523,0.1508140746916222
66,1457,1523,0.15081711344425122
67,1455,1522,0.15081995290042718
64,1461,1525,0.1508198115864646
66,1461,1527,0.15082850853855237
67,1454,1521,0.15083062073549627
68,1458,1526,0.1508295381098787
69,1456,1525,0.1508257067555906
69,1444,1513,0.1508190273020385
67,1460,1527,0.15081308279539368
67,1453,1520,0.15081335807907478
64,1450,1514,0.15081361649302197
65,1448,1513,0.15082285058930295
65,1451,1516,0.15082845745854223
68,1445,1513,0.15083384766575172
66,1442,1508,0.1508301193688545
66,1448,1514,0.1508326617794813
65,1453,1518,0.15083488441140377
64,1455,1519,0.15084006078222711
65,1457,1522,0.15084774777148913
67,1449,1516,0.15085201908978607
68,1448,1516,0.15085037084192696
65,1461,1526,0.15084606424639857
62,1450,1512,0.15085097812311102
60,1460,1520,0.15086461227923098
58,1465,1523,0.15088318221029526
59,1471,1530,0.1509063313543938
59,1472,1531,0.15092483717440155
58,1459,1517,0.15094199812067888
57,1456,1513,0.15096106674529655
58,1454,1512,0.1509818013259352
54,1441,1495,0.15099820241827389
55,1453,1508,0.1510252674834325
56,1465,1521,0.15104757335861294
54,1466,1520,0.1510655399789808
51,1452,1503,0.15108816487355925
52,1445,1497,0.1511181498017342
52,1449,1501,0.1511430261188435
52,1440,1492,0.15116668422106916
55,1458,1513,0.15118881570000015
55,1458,1513,0.15120042780496665
56,1465,1521,0.15121152198429352
56,1461,1517,0.15121920355174645
55,1472,1527,0.1512264433131748
56,1462,1518,0.15123621385138672
55,1472,1527,0.15124219959282745
52,1457,1509,0.15125082420996394
52,1464,1516,0.15126798898284716
51,1466,1517,0.15128388878363921
52,1459,1511,0.1513017603432205
51,1457,1508,0.1513153510901781
54,1460,1514,0.1513310171796531
52,1464,1516,0.15133659661187573
50,1454,1504,0.1513480089599053
50,1467,1517,0.15136475952605932
49,1478,1527,0.15138035826134943
47,1480,1527,0.15139801876988243
48,1479,1527,0.15142068153591123
48,1475,1523,0.15143884581308087
48,1471,1519,0.15145582475676928
49,1472,1521,0.15147152379433032
47,1474,1521,0.15148338107942574
48,1468,1516,0.151500556774502
45,1471,1516,0.1515135874322014
43,1467,1510,0.15153469039366008
44,1457,1501,0.15156036796613295
45,1440,1485,0.1515812021668422
46,1453,1499,0.15159746180099865
46,1464,1510,0.15160966880677385
46,1457,1503,0.15162116411133747
49,1451,1500,0.15163211855240866
48,1457,1505,0.15163346137014744
48,1458,1506,0.1516379224940641
49,1464,1513,0.15164219105240082
48,1473,1521,0.15164318232003532
47,1466,1513,0.15164718169877364
46,1475,1521,0.15165393357463267
45,1472,1517,0.1516631586628778
46,1472,1518,0.15167481955026926
45,1484,1529,0.15168283987772047
46,1472,1518,0.15169327147343295
47,1458,1505,0.15169998057454706
49,1462,1511,0.1517031966567432
48,1466,1514,0.15170015797247505
47,1465,1512,0.15170034184904396
48,1472,1520,0.15170370009388257
47,1472,1519,0.15170387669670757
44,1475,1519,0.15170696217936847
43,1465,1508,0.1517189617776177
44,1460,1504,0.15173339331699537
45,1453,1498,0.15174388228229418
45,1465,1510,0.1517506665276282
46,1460,1506,0.15175694787812638
45,1463,1508,0.15175991496165955
46,1473,1519,0.151765740761648
46,1472,1518,0.15176810729716475
44,1483,1527,0.1517703844936821
43,1481,1524,0.15177835516090282
41,1481,1522,0.1517889524043874
43,1473,1516,0.151804918913876
41,1469,1510,0.15181387208333702
38,1478,1516,0.15182830153368848
38,1482,1520,0.15185089156817708
40,1475,1515,0.1518721602974709
41,1471,1512,0.1518861426465433
42,1466,1508,0.15189620933343448
41,1476,1517,0.151902546085312
41,1481,1522,0.15191148806208668
40,1498,1538,0.15191985160213914
39,1493,1532,0.1519309219734478
37,1472,1509,0.15194438641656036
38,1473,1511,0.15196320532111723
37,1481,1518,0.1519778242822153
39,1476,1515,0.1519946291040474
37,1470,1507,0.1520043934991532
39,1470,1509,0.15201971140324208
40,1465,1505,0.15202799398867037
39,1465,1504,0.15203279636083944
40,1471,1511,0.15204050885028708
38,1469,1507,0.15204478515247433
39,1474,1513,0.15205485922173614
40,1467,1507,0.15206123715772082
41,1468,1509,0.15206423511475212
41,1480,1521,0.15206399436255663
42,1480,1522,0.15206378273351673
43,1477,1520,0.15206049555245243
41,1483,1524,0.15205445729190456
41,1481,1522,0.15205501855871664
41,1482,1523,0.15205563880419976
40,1483,1523,0.15205627310435063
42,1489,1531,0.15205987176064972
40,1472,1512,0.15205732281184164
41,1476,1517,0.15206117212643055
43,1462,1505,0.1520617950440992
44,1466,1510,0.15205629142565213
43,1467,1510,0.15204796468128376
40,1466,1506,0.15204335700964083
40,1473,1513,0.15204810719176756
40,1485,1525,0.15205232126773724
41,1475,1516,0.15205610120535631
41,1469,1510,0.15205659988210282
42,1473,1515,0.15205701950816006
43,1479,1522,0.15205442901681554
42,1465,1507,0.15204898789747903
43,1473,1516,0.15204701507036986
44,1474,1518,0.15204224703009295
43,1474,1517,0.15203469760808144
42,1468,1510,0.15203066789215192
42,1472,1514,0.1520300013138639
42,1481,1523,0.1520293706860328
42,1482,1524,0.15202878182843846
41,1474,1515,0.15202823450604813
39,1475,1514,0.1520309259995828
39,1472,1511,0.1520394563665994
37,1471,1508,0.15204749202999499
37,1465,1502,0.1520610599871147
37,1475,1512,0.1520738131023068
37,1476,1513,0.1520857804876335
37,1474,1511,0.1520969794098626
37,1467,1504,0.15210741380285905
36,1445,1481,0.15211733712670672
34,1451,1485,0.15212956028589436
34,1466,1500,0.15214702191511226
35,1481,1516,0.1521632336474247
35,1481,1516,0.15217523390594928
35,1471,1506,0.15218651528376512
36,1462,1498,0.15219700603068073
38,1471,1509,0.15220384679306084
38,1470,1508,0.1522043357504778
37,1474,1511,0.1522049263517447
39,1467,1506,0.15220854899549455
39,1468,1507,0.15220600588863273
39,1469,1508,0.15220382500167656
40,1475,1515,0.15220190727492364
39,1480,1519,0.15219713420033848
38,1489,1527,0.1521957869914116
36,1486,1522,0.15219767953138932
38,1479,1517,0.15220536936961387
37,1478,1515,0.15220654386115356
35,1487,1522,0.15221074874432416
34,1485,1519,0.15222087481608512
35,1472,1507,0.152233364270476
33,1475,1508,0.15224198402784558
33,1474,1507,0.15225604511090624
32,1486,1518,0.15226919135192415
33,1490,1523,0.1522845423402292
33,1497,1530,0.152295978413712
33,1475,1508,0.1523067928143786
33,1475,1508,0.15231695921822294
33,1476,1509,0.1523265141964298
33,1479,1512,0.1523354933830683
34,1488,1522,0.1523439322981932
36,1476,1512,0.15234870278935697
35,1462,1497,0.15234722549593274
34,1463,1497,0.15234885042420576
34,1472,1506,0.15235293862851296
34,1472,1506,0.15235665819149216
34,1465,1499,0.15236004412748178
32,1469,1501,0.15236327100901456
33,1475,1508,0.15237240126530724
32,1483,1515,0.15237778337001884
30,1475,1505,0.1523858426299286
30,1476,1506,0.15239950838286165
32,1476,1508,0.15241230054842347
33,1484,1517,0.15241840981259527
34,1487,1521,0.1524212072045174
32,1480,1512,0.1524210946082042
33,1477,1510,0.1524273925417132
35,1481,1516,0.15243001972530887
36,1472,1508,0.15242656582477676
36,1470,1506,0.15242030110946408
35,1469,1504,0.15241452594888633
32,1473,1505,0.15241227631079865
32,1487,1519,0.15241945272158136
31,1490,1521,0.15242600153478
33,1495,1528,0.15243508964106653
34,1500,1534,0.1524375235556315
35,1491,1526,0.15243701256330827
36,1491,1527,0.152433585243918
36,1472,1508,0.15242729757440165
36,1470,1506,0.15242148128341054
35,1480,1515,0.15241607673956106
35,1470,1505,0.15241401491009082
35,1482,1517,0.1524119961830337
36,1487,1523,0.15241015842619748
34,1490,1524,0.15240547799465254
34,1500,1534,0.15240706834371054
33,1486,1519,0.15240853886572853
33,1487,1520,0.15241299129058836
33,1480,1513,0.1524170897023325
34,1478,1512,0.1524209003207572
35,1472,1507,0.1524214548297927
33,1480,1513,0.15241935661265593
33,1489,1522,0.15242355166482485
33,1493,1526,0.1524274985435577
33,1477,1510,0.15243122623757335
33,1482,1515,0.15243474440115926
33,1492,1525,0.1524380632634257
32,1500,1532,0.15244119302390505
33,1487,1520,0.15244711433524236
32,1479,1511,0.15244955962507
30,1492,1522,0.15245476531723154
32,1497,1529,0.1524655274273708
32,1497,1529,0.15246955690829833
34,1487,1521,0.15247335193254485
33,1488,1521,0.15247107168691643
34,1488,1522,0.15247225799703165
33,1490,1523,0.15247047419080462
33,1490,1523,0.1524720275611592
33,1489,1522,0.1524734894568886
31,1484,1515,0.1524748983611441
31,1482,1513,0.15248213490382426
28,1475,1503,0.1524887765064996
30,1495,1525,0.15250392177979374
29,1492,1521,0.15251179821589111
30,1490,1520,0.1525222048329886
30,1476,1506,0.1525288031478367
31,1470,1501,0.1525350971792572
30,1477,1507,0.1525377941737458
31,1485,1516,0.15254339482895726
31,1476,1507,0.1525456204168198
34,1486,1520,0.15254781831756273
34,1494,1528,0.1525407230651142
36,1490,1526,0.15253414894018302
36,1485,1521,0.15252191801263557
33,1486,1519,0.15251052364653414
33,1488,1521,0.15250898096751273
33,1505,1538,0.1525075278391599
34,1482,1516,0.1525061458298275
34,1478,1512,0.1525019037082183
35,1466,1501,0.15249787748030935
34,1485,1519,0.1524911887135113
33,1477,1510,0.15248805130894896
33,1484,1517,0.15248828529277034
32,1484,1516,0.1524885153835188
32,1489,1521,0.15249169301345064
31,1492,1523,0.15249454438932689
31,1495,1526,0.15250031986365706
30,1487,1517,0.15250568869494463
30,1495,1525,0.15251369469113435
28,1503,1531,0.15252122898909362
25,1497,1522,0.15253462660278638
25,1488,1513,0.15255611290780957
25,1485,1510,0.15257612616768537
25,1488,1513,0.15259476957275786
26,1490,1516,0.1526123264577801
27,1478,1505,0.1526258114876278
26,1477,1503,0.15263530938590086
25,1501,1526,0.15264753491530592
26,1488,1514,0.1526621646830671
25,1489,1514,0.15267301541940667
25,1492,1517,0.1526862034164257
23,1496,1519,0.1526985881046756
24,1485,1509,0.1527162728237931
24,1493,1517,0.1527299628007843
23,1500,1523,0.15274287052117663
24,1507,1531,0.152757960449348
24,1499,1523,0.15276893449456463
23,1497,1520,0.15277919296714348
24,1493,1517,0.15279178487347125
26,1483,1509,0.15280050171781764
26,1488,1514,0.15280260814905688
26,1479,1505,0.15280459516012904
25,1476,1501,0.15280650033292167
25,1485,1510,0.1528114776124214
25,1501,1526,0.15281620231268403
26,1493,1519,0.1528206812821466
25,1489,1514,0.15282170381468763
27,1492,1519,0.15282594941772726
27,1483,1510,0.15282359344029875
28,1487,1515,0.152821513726206
27,1490,1517,0.1528166274658351
28,1489,1517,0.15281499928100878
28,1482,1510,0.15281037637391257
27,1481,1508,0.15280604471576933
26,1486,1512,0.152804960929068
28,1490,1518,0.15280684108137602
28,1488,1516,0.1528025747917548
28,1502,1530,0.15279866147194424
29,1492,1521,0.15279505551725353
28,1495,1523,0.15278857847959817
27,1488,1515,0.15278595892403343
27,1482,1509,0.15278649886456053
29,1472,1501,0.15278694788383032
30,1475,1505,0.1527813240963982
28,1477,1505,0.15277321609047112
26,1474,1500,0.1527717165103021
26,1471,1497,0.1527762785413606
26,1479,1505,0.15278041497736106
27,1475,1502,0.1527841927023961
28,1486,1514,0.15278467873497822
29,1492,1521,0.15278221158784294
30,1499,1529,0.1527771320345928
31,1483,1514,0.15276949956912453
30,1481,1511,0.15275960716965942
30,1478,1508,0.15275345578563276
27,1476,1503,0.15274779892883283
26,1477,1503,0.1527514888234246
27,1480,1507,0.15275768896241193
27,1471,1498,0.15276035230192803
26,1474,1500,0.1527627425838615
26,1475,1501,0.15276791150405036
26,1478,1504,0.15277259391945894
28,1473,1501,0.15277689558959287
27,1473,1500,0.1527747948342504
27,1485,1512,0.15277621634336133
27,1486,1513,0.15277760667681423
26,1490,1516,0.15277895253668344
25,1483,1508,0.15278336700636364
22,1493,1515,0.15279074324678882
22,1492,1514,0.15280649652828163
22,1493,1515,0.15282119152975762
20,1490,1510,0.1528348875228213
22,1498,1520,0.15285362824482143
22,1502,1524,0.1528651184620004
24,1500,1524,0.15287593429529725
24,1501,1525,0.15288002890887975
24,1500,1524,0.15288396122919004
24,1496,1520,0.1528878422192827
23,1492,1515,0.15289157557217117
24,1499,1523,0.15289807857029408
22,1495,1517,0.15290120290009018
22,1501,1523,0.15291018573648152
21,1506,1527,0.1529185701790575
21,1497,1518,0.15292922064597453
21,1492,1513,0.15293910464057953
20,1491,1511,0.15294817116446488
21,1492,1513,0.15295964013631905
21,1497,1518,0.15296739193517925
22,1499,1521,0.15297482094577927
22,1489,1511,0.15297884790994365
21,1484,1505,0.15298267076081656
20,1489,1509,0.15298930859271603
21,1502,1523,0.1529985329701011
20,1502,1522,0.15300419454022457
19,1500,1519,0.1530125073630965
20,1479,1499,0.1530231768116206
19,1492,1511,0.1530300700752519
19,1497,1516,0.15303959522773128
21,1497,1518,0.15304838109013486
22,1489,1511,0.15305054374137886
21,1493,1514,0.15304960354654118
21,1497,1518,0.15305190359616241
21,1508,1529,0.15305413563916956
21,1510,1531,0.15305625442181642
22,1505,1527,0.15305831646997642
22,1503,1525,0.15305715951736748
22,1500,1522,0.15305614189762307
21,1488,1509,0.15305523470168064
23,1489,1512,0.15305742828123292
22,1486,1508,0.1530533145185743
23,1472,1495,0.1530525930362789
25,1465,1490,0.15304889285353696
26,1470,1496,0.15303936110150698
25,1472,1497,0.15302752118779414
25,1472,1497,0.15301958801508542
25,1476,1501,0.15301222212678187
25,1488,1513,0.15300537215422147
25,1481,1506,0.15299894187451576
24,1477,1501,0.15299297905532103
24,1494,1518,0.15299045755760968
23,1491,1514,0.15298805536289714
24,1494,1518,0.15298885831972173
23,1487,1510,0.15298672066132754
24,1488,1512,0.15298771975497677
25,1501,1526,0.15298569565520745
25,1497,1522,0.15298080722326643
24,1506,1530,0.15297627919710888
23,1505,1528,0.15297501909307157
24,1507,1531,0.1529769577276412
23,1504,1527,0.15297550943800087
23,1493,1516,0.15297718357959864
23,1500,1523,0.15297864425074664
23,1498,1521,0.1529799610028897
23,1502,1525,0.1529811536341095
24,1490,1514,0.1529823454081385
25,1494,1519,0.15298047208410254
25,1478,1503,0.152975778874366
25,1491,1516,0.15297142155435292
24,1494,1518,0.15296739056230535
24,1490,1514,0.15296663893630152
23,1505,1528,0.15296585484276953
23,1494,1517,0.15296824151308908
23,1495,1518,0.15297036377720297
23,1498,1521,0.15297211753684073
24,1509,1533,0.15297374310077175
25,1498,1523,0.1529722125014485
24,1515,1539,0.15296789032137215
23,1496,1519,0.15296695328882376
22,1478,1500,0.15296908320428884
21,1484,1505,0.1529740292895522
21,1489,1510,0.1529815564514987
23,1492,1515,0.15298852451371142
25,1486,1511,0.1529890467110693
24,1502,1526,0.1529835910561521
23,1500,1523,0.15298157439153545
24,1497,1521,0.15298274712592433
26,1488,1514,0.15298088226874484
25,1486,1511,0.15297326608705994
25,1492,1517,0.1529692218573012
24,1477,1501,0.15296552146222098
26,1491,1517,0.1529650477481054
25,1491,1516,0.1529586478873292
26,1489,1515,0.15295565761481428
25,1491,1516,0.152949974992865
25,1489,1514,0.15294774890029605
24,1484,1508,0.15294561672626358
24,1493,1517,0.1529465328902687
25,1503,1528,0.15294730189885383
27,1508,1535,0.1529450512335131
26,1505,1531,0.15293697140744755
26,1504,1530,0.15293268672941784
27,1494,1521,0.1529286465290494
25,1498,1523,0.15292188479288438
25,1490,1515,0.15292153601676095
26,1485,1511,0.15292118743785493
25,1497,1522,0.15291791413613554
26,1501,1527,0.15291794029918826
25,1502,1527,0.15291490650096587
25,1507,1532,0.15291498334267753
25,1497,1522,0.15291510404852893
21,1497,1518,0.1529152269533797
20,1495,1515,0.15292727905824363
20,1500,1520,0.15294130024682187
21,1479,1500,0.15295412573840658
20,1491,1511,0.15296298184237644
20,1485,1505,0.15297425775066828
19,1485,1504,0.15298475091854766
19,1486,1505,0.1529975613443974
18,1477,1495,0.15300949643244124
16,1490,1506,0.15302358424545914
16,1494,1510,0.15304268142834887
16,1505,1521,0.15306050411195626
18,1500,1518,0.1530770895867061
17,1507,1524,0.15308655491339185
16,1503,1519,0.1530984899785697
16,1509,1525,0.153112816572425
16,1506,1522,0.15312628980816356
17,1509,1526,0.15313886552054248
16,1510,1526,0.15314748458410318
15,1505,1520,0.15315847777213518
15,1500,1515,0.15317184303682915
16,1506,1522,0.15318434419249016
16,1513,1529,0.15319295982402173
17,1502,1519,0.15320099720457572
17,1502,1519,0.1532054831804051
16,1496,1512,0.15320977721922344
16,1489,1505,0.1532168858933712
17,1502,1519,0.15322353336033312
17,1498,1515,0.15322666420304376
18,1501,1519,0.15322963269454748
17,1498,1515,0.15322940701912036
17,1499,1516,0.15323233546376888
16,1497,1513,0.15323510305510044
16,1503,1519,0.15324076977410014
15,1496,1511,0.15324609862976263
15,1506,1521,0.1532541265255774
16,1511,1527,0.15326159573640324
16,1501,1517,0.15326547584170488
15,1503,1518,0.15326908885267623
13,1504,1517,0.15327556447385496
12,1499,1511,0.15328792437375546
13,1499,1512,0.15330255083601851
14,1501,1515,0.15331283545928953
13,1504,1517,0.15331935326420507
13,1502,1515,0.15332867977286016
13,1507,1520,0.15333734682817265
13,1510,1523,0.15334544238001555
13,1506,1519,0.15335301505662483
13,1491,1504,0.15336011937774202
13,1499,1512,0.15336678970525564
13,1490,1503,0.15337304493265042
13,1488,1501,0.15337891033574816
12,1488,1500,0.15338441082036935
12,1504,1516,0.15339267067214427
13,1501,1514,0.15340041777617935
13,1498,1511,0.15340454041522147
13,1497,1510,0.15340837691536002
13,1516,1529,0.15341197488357716
13,1513,1526,0.15341535362586714
13,1498,1511,0.15341852729799407
13,1507,1520,0.15342150848822744
13,1510,1523,0.153424308877739
13,1491,1504,0.15342693942022573
13,1507,1520,0.15342941041348146
13,1512,1525,0.15343173154235365
13,1510,1523,0.15343391191330136
13,1505,1518,0.15343596008609572
12,1493,1505,0.1534378841041333
13,1500,1513,0.1534428392082607
13,1511,1524,0.15344423169849392
13,1499,1512,0.1534455282999871
13,1497,1510,0.15344674675727998
13,1506,1519,0.15344789172329976
14,1495,1509,0.15344896772267502
13,1494,1507,0.15344687287503928
15,1490,1505,0.15344803372373883
15,1491,1506,0.1534428382805613
15,1487,1502,0.15343801430790946
17,1491,1508,0.1534335429240647
17,1502,1519,0.15342312286832097
18,1509,1527,0.15341357094894378
20,1502,1522,0.15340167763140566
21,1496,1517,0.15338441200995523
21,1487,1508,0.15336529579207933
21,1484,1505,0.1533476122111592
21,1486,1507,0.1533311266011794
20,1485,1505,0.15331578454469919
21,1494,1515,0.15330459213421718
21,1485,1506,0.153291105682973
21,1492,1513,0.15327849407672042
18,1488,1506,0.15326671149886706
19,1501,1520,0.1532648478955422
19,1500,1519,0.15325989163324077
17,1502,1519,0.1532551853869574
18,1502,1520,0.15325677421596567
19,1506,1525,0.15325521593184438
18,1506,1524,0.15325056997546838
19,1506,1525,0.15324922671364027
19,1512,1531,0.1532448904206887
18,1507,1525,0.1532407847834419
21,1496,1517,0.15323999364342303
22,1502,1524,0.153229910286651
21,1505,1526,0.15321743901817253
21,1504,1525,0.15320885240890195
23,1482,1505,0.1532007934235603
21,1483,1504,0.15318726034016367
21,1498,1519,0.15318066426479862
22,1478,1500,0.15317445436505697
22,1486,1508,0.1531655912431025
23,1485,1508,0.1531572321137008
23,1478,1501,0.15314625426792236
22,1477,1499,0.15313595757020645
23,1473,1496,0.15312931898601082
23,1467,1490,0.1531199122768488
21,1475,1496,0.15311101078744374
20,1483,1503,0.15310884556434776
20,1499,1519,0.15310988367251077
21,1501,1522,0.15311073234648195
21,1497,1518,0.1531083790543531
21,1488,1509,0.15310618629320222
21,1498,1519,0.15310416486494632
21,1500,1521,0.15310221590851653
18,1510,1528,0.15310035692225837
19,1499,1518,0.1531077898406372
19,1493,1512,0.1531116868384932
18,1488,1506,0.1531152764641125
19,1488,1507,0.15312165508651904
20,1491,1511,0.15312455925391838
20,1507,1527,0.15312412129750383
20,1497,1517,0.15312368649256988
19,1491,1510,0.15312326884355693
18,1484,1502,0.15312592045529055
18,1484,1502,0.1531314358766917
18,1486,1504,0.15313657070637748
17,1499,1516,0.15314134181730174
16,1495,1511,0.15314892168679484
17,1496,1513,0.15315908560690022
19,1492,1511,0.15316540200644482
19,1488,1507,0.15316508815368976
18,1493,1511,0.15316481144589514
19,1503,1522,0.15316761030452722
20,1505,1525,0.1531671606012179
19,1511,1530,0.15316359801060617
19,1502,1521,0.15316331395831626
21,1486,1507,0.1531630735900253
22,1473,1495,0.15315665641853107
21,1475,1496,0.15314758079363927
22,1497,1519,0.15314229123037643
21,1495,1516,0.15313427800663124
20,1492,1512,0.1531298595691881
19,1479,1498,0.15312877253758697
18,1486,1504,0.1531308884448835
19,1489,1508,0.15313585113142086
18,1486,1504,0.15313733247921973
18,1488,1506,0.15314170587381365
18,1488,1506,0.15314577640794663
18,1493,1511,0.15314950688881435
19,1497,1516,0.15315296153555275
19,1499,1518,0.153153050161462
19,1501,1520,0.15315314151271409
17,1505,1522,0.15315324808394556
18,1501,1519,0.15315954323269534
17,1494,1511,0.15316235375415835
15,1491,1506,0.15316817456306264
15,1501,1516,0.15317976267404423
15,1497,1512,0.15319060835334075
16,1495,1511,0.15320077635702586
16,1485,1501,0.1532071250542211
15,1480,1495,0.15321317376647636
15,1477,1492,0.15322201696120186
15,1484,1499,0.15323032581108248
15,1492,1507,0.1532381225281822
15,1498,1513,0.15324543583892197
15,1493,1508,0.1532522954061729
15,1502,1517,0.1532587296146167
13,1502,1515,0.15326476521970356
12,1496,1508,0.1532767062018431
11,1505,1516,0.15329106879882176
11,1495,1506,0.1533075936752478
11,1489,1500,0.15332300357456827
12,1488,1500,0.15333740060693693
11,1500,1511,0.1533476444722304
12,1500,1512,0.15336046053146826
12,1495,1507,0.1533693691646669
13,1491,1504,0.15337771171148584
13,1500,1513,0.1533823810199464
13,1506,1519,0.15338679969071403
13,1500,1513,0.15339101564140595
12,1495,1507,0.1533950025152657
12,1490,1502,0.15340199354124376
12,1500,1512,0.15340849074556234
11,1493,1504,0.15341457795470764
12,1509,1521,0.1534234095660605
13,1499,1512,0.1534285708701387
13,1508,1521,0.1534302425555429
13,1510,1523,0.15343185022195308
13,1507,1520,0.15343338710456791
13,1494,1507,0.15343485245829797
13,1497,1510,0.15343624587132548
14,1511,1525,0.15343756809631034
14,1524,1538,0.15343570310351912
15,1515,1530,0.15343397740939524
14,1510,1524,0.1534292603659981
14,1507,1521,0.1534279602710923
14,1516,1530,0.15342676146160897
14,1495,1509,0.153425642314058
11,1495,1506,0.15342459671616193
12,1513,1525,0.15343305239969185
12,1509,1521,0.15343780078675873
12,1517,1529,0.15344219784033236
12,1518,1530,0.15344630039751414
11,1511,1522,0.1534501334385643
10,1512,1522,0.15345687543056827
10,1506,1516,0.1534662945085685
9,1504,1513,0.15347511902864835
9,1510,1519,0.15348653007552057
8,1503,1511,0.153497224862667
8,1506,1514,0.15351042910026347
8,1511,1519,0.15352282310396836
8,1509,1517,0.15353444612517853
8,1517,1525,0.1535453446887489
8,1514,1522,0.15355556515423457
8,1502,1510,0.15356515126771225
8,1518,1526,0.15357414386399498
8,1517,1525,0.1535825809702665
8,1518,1526,0.15359049799457053
8,1500,1508,0.1535979279243112
8,1495,1503,0.15360490151441933
7,1499,1506,0.1536114411297216
7,1508,1515,0.15362082867448365
7,1514,1521,0.1536296519702514
7,1521,1528,0.15363793662409367
7,1509,1516,0.15364571252192846
7,1510,1517,0.15365301090147354
7,1502,1509,0.15365986163687567
6,1492,1498,0.15366629280134578
6,1500,1506,0.1536755259097891
6,1491,1497,0.15368421900970566
6,1502,1508,0.1536923796202216
6,1491,1497,0.15370003757138603
6,1497,1503,0.15370722423595976
6,1495,1501,0.15371396948111393
6,1495,1501,0.15372030125931535
6,1506,1512,0.15372624564126183
5,1510,1515,0.15373182693765025
5,1513,1518,0.15374029469682804
5,1506,1511,0.15374821228869073
5,1501,1506,0.1537556196171288
5,1510,1515,0.1537625591361939
5,1507,1512,0.15376906536495002
5,1502,1507,0.15377516832142293
5,1498,1503,0.1537808949349327
4,1509,1513,0.1537862697549048
3,1512,1515,0.15379453958720618
3,1516,1519,0.15380556173632232
3,1525,1528,0.15381588075223676
4,1536,1540,0.15382554139670238
4,1520,1524,0.15383129462314937
4,1526,1530,0.1538367355147771
4,1530,1534,0.15384186415248544
4,1530,1534,0.1538466905948227
4,1511,1515,0.15385122953126026
4,1512,1516,0.15385549666433648
4,1516,1520,0.1538595075681372
4,1521,1525,0.15386327727127028
4,1521,1525,0.1538668200989121
4,1515,1519,0.1538701496213929
4,1505,1509,0.15387327865059167
4,1525,1529,0.15387621925878714
4,1518,1522,0.15387898280807785
3,1509,1512,0.1538815799844616
3,1500,1503,0.15388728517007857
3,1506,1509,0.15389262555108996
3,1515,1518,0.15389762467638934
3,1514,1517,0.15390230915600664
3,1523,1526,0.15390670194484005
4,1518,1522,0.15391082319234517
4,1520,1524,0.15391132771831234
4,1505,1509,0.15391191575500796
4,1511,1515,0.15391250334494871
4,1511,1515,0.1539130740685549
4,1507,1511,0.1539136221089067
4,1510,1514,0.15391414520954133
5,1505,1510,0.15391464269139965
5,1498,1503,0.1539118372503096
5,1487,1492,0.1539092356185969
5,1484,1489,0.1539068231599106
5,1508,1513,0.15390457760600737
5,1518,1523,0.1539024827736087
5,1514,1519,0.1539005257414293
6,1514,1520,0.1538986956090201
6,1508,1514,0.1538936621742274
6,1508,1514,0.15388902415664485
6,1501,1507,0.15388469859314058
6,1502,1508,0.15388065573824894
6,1515,1521,0.1538768728296368
6,1522,1528,0.15387333051326496
5,1526,1531,0.1538700117004966
5,1513,1518,0.15387016398914255
5,1517,1522,0.1538702926467857
5,1509,1514,0.1538703996476658
5,1520,1525,0.15387049137420472
5,1504,1509,0.15387057136227356
6,1505,1511,0.15387064195936773
6,1513,1519,0.153867480517685
6,1497,1503,0.15386452382298899
6,1509,1515,0.15386179590182475
6,1526,1532,0.15385922067486388
6,1507,1513,0.15385680558970755
6,1493,1499,0.15385454247766014
6,1501,1507,0.15385242146386166
6,1508,1514,0.1538504330618163
7,1512,1519,0.15384856845769931
7,1513,1520,0.15384362417163122
7,1519,1526,0.15383897551886105
7,1529,1536,0.1538346267289046
6,1518,1524,0.15383055753069894
7,1521,1528,0.1538299746900351
7,1521,1528,0.15382618180863836
7,1507,1514,0.1538225741721723
7,1515,1522,0.15381917273313608
8,1521,1529,0.1538159744778138
7,1512,1519,0.15380976894475823
6,1492,1498,0.1538071305738132
7,1500,1507,0.15380794072955953
6,1500,1506,0.1538053982666357
6,1494,1500,0.15380618253294315
5,1506,1511,0.15380692122330017
5,1491,1496,0.15381080704879932
5,1504,1509,0.15381445432796473
5,1499,1504,0.15381785544564544
4,1497,1501,0.15382103063471564
4,1501,1505,0.15382720257449325
4,1503,1507,0.1538330091495421
5,1500,1505,0.15383846163152837
5,1508,1513,0.15384030646544042
5,1514,1519,0.15384209398935478
5,1509,1514,0.15384380015468313
5,1501,1506,0.15384541696520293
5,1498,1503,0.15384694402707338
5,1496,1501,0.1538483837407162
5,1503,1508,0.15384973965485774
5,1512,1517,0.15385101578211635
5,1517,1522,0.15385221627727397
5,1509,1514,0.1538533452746801
5,1513,1518,0.15385440680307114
5,1497,1502,0.15385540474089543
5,1491,1496,0.15385634279396776
5,1501,1506,0.1538572244859002
4,1499,1503,0.15385805315602558
4,1505,1509,0.1538620423080758
4,1511,1515,0.15386581312979858
4,1506,1510,0.15386935521097175
4,1508,1512,0.1538726779665539
4,1505,1509,0.15387579464507836
4,1502,1506,0.1538787184564029
4,1506,1510,0.15388146186182014
4,1504,1508,0.15388403646882787
4,1500,1504,0.1538864530634045
4,1507,1511,0.15388872167212292
4,1509,1513,0.1538908516262275
4,1513,1517,0.15389285162058816
4,1520,1524,0.15389472976630258
4,1521,1525,0.15389649363736146
3,1504,1507,0.1538981503121561
3,1507,1510,0.1539029437508483
2,1505,1507,0.1539074413460758
3,1518,1521,0.153914883592441
3,1509,1512,0.15391856301785184
3,1512,1515,0.15392209915987115
3,1511,1514,0.1539254394116485
3,1529,1532,0.1539285841531989
3,1528,1531,0.15393154139072138
3,1519,1522,0.15393432095528461
3,1514,1517,0.15393693295215968
3,1521,1524,0.1539393872445784
3,1520,1523,0.1539416932668962
3,1513,1516,0.15394385996100646
3,1516,1519,0.1539458957637579
3,1516,1519,0.1539478086166817
3,1516,1519,0.1539496059855652
3,1522,1525,0.1539512948841007
3,1522,1525,0.1539528818988222
3,1519,1522,0.1539543732139573
3,1511,1514,0.15395577463551688
3,1504,1507,0.153957091614306
3,1504,1507,0.15395832926772404
3,1506,1509,0.15395949240031942
3,1512,1515,0.15396058552311906
3,1505,1508,0.15396161287177507
3,1501,1504,0.15396257842358646
3,1509,1512,0.15396348591345763
3,1510,1513,0.15396433884885632
2,1499,1501,0.1539651405238327
1,1507,1508,0.1539691749352229
1,1514,1515,0.1539762511263444
1,1518,1519,0.15398279497007888
1,1511,1512,0.15398890410249977
1,1522,1523,0.15399462211437054
1,1526,1527,0.15399998070090035
1,1532,1533,0.15400500611375378
1,1533,1534,0.1540097213176789
1,1524,1525,0.15401414694921503
1,1520,1521,0.15401830182823267
1,1517,1518,0.15402220326929406
1,1506,1507,0.15402586729115197
1,1510,1511,0.15402930876907514
1,1517,1518,0.15403254155242593
1,1523,1524,0.15403557855964833
1,1517,1518,0.15403843185769436
1,1519,1520,0.15404111273017676
1,1509,1510,0.15404363173699423
1,1499,1500,0.1540459987672671
1,1496,1497,0.15404822308686253
1,1496,1497,0.15405031338143066
1,1496,1497,0.15405227779563943
1,1505,1506,0.15405412396913404
1,1508,1509,0.1540558590696338
1,1510,1511,0.15405748982349876
1,1514,1515,0.15405902254403744
1,1519,1520,0.15406046315778155
1,1514,1515,0.15406181722891976
1,1517,1518,0.1540630899820533
0,1521,1521,0.15406428632341676
