1367,31,1398,0.13584107786857608
1390,32,1422,0.13302214875075546
1424,31,1455,0.1303850631305753
1444,33,1477,0.12788699846548324
1447,30,1477,0.12555579553264615
1458,29,1487,0.12342433819143865
1454,32,1486,0.12145370169702023
1456,33,1489,0.11966848361089777
1463,31,1494,0.11803694353481003
1455,30,1485,0.11653383211150617
1474,31,1505,0.115184228572793
1463,31,1494,0.11390911913923447
1472,30,1502,0.1127744221362511
1477,30,1507,0.1117192006525833
1479,30,1509,0.1107461063930775
1474,31,1505,0.10985527584815938
1472,30,1502,0.10905565507321237
1469,30,1499,0.10833215764954542
1470,29,1499,0.1076802791076231
1475,29,1504,0.10708434591576031
1482,29,1511,0.10653045783203574
1481,27,1508,0.10601090301454995
1473,28,1501,0.10554001447188935
1477,27,1504,0.1051287955450115
1469,28,1497,0.10474523348693211
1470,28,1498,0.10441363116240013
1469,27,1496,0.10410973028666884
1469,26,1495,0.10383513100251548
1464,26,1490,0.1035850451931509
1470,26,1496,0.10336796943895138
1466,27,1493,0.10315734246132034
1455,28,1483,0.10297423617756689
1453,30,1483,0.10283141439974727
1436,30,1466,0.10270500590277763
1434,30,1464,0.10262679767213344
1435,31,1466,0.1025597509130807
1450,30,1480,0.10249652788054696
1460,29,1489,0.10240674310407195
1461,29,1490,0.10230352210153676
1447,28,1475,0.10220709956007677
1461,29,1490,0.10214964430348945
1447,30,1477,0.10206689983440084
1448,30,1478,0.10202160160568056
1452,30,1482,0.10197826934268786
1462,32,1494,0.10193021446133933
1447,32,1479,0.101864793257351
1451,35,1486,0.10183759529339102
1460,36,1496,0.10180389665154399
1461,36,1497,0.10175404577793674
1438,37,1475,0.10170656807453811
1443,36,1479,0.10171255373158303
1443,35,1478,0.10170746830655589
1438,36,1474,0.10170279134019541
1438,38,1476,0.1017089896060947
1441,39,1480,0.10171492412768526
1454,40,1494,0.10171377113587439
1441,37,1478,0.10168507056981747
1457,38,1495,0.10168707104041036
1456,38,1494,0.10165474670080756
1441,37,1478,0.10162716390017153
1457,35,1492,0.10163389887409276
1460,35,1495,0.10160608421728141
1460,37,1497,0.10157460448904082
1462,39,1501,0.10154568543038234
1453,40,1493,0.10151503216785063
1448,40,1488,0.10150642716118671
1445,42,1487,0.10150883538847619
1453,41,1494,0.10151763296765763
1444,40,1484,0.10150896236655253
1464,39,1503,0.10152036944097538
1467,37,1504,0.10148778335986476
1462,37,1499,0.10145156435878538
1475,37,1512,0.10142916217138173
1465,36,1501,0.10138057075453695
1447,35,1482,0.1013575191045006
1453,34,1487,0.10137529744659368
1447,35,1482,0.10137894610303282
1455,34,1489,0.1013951948090281
1457,34,1491,0.10139301774134901
1446,34,1480,0.10138718363608916
1450,35,1485,0.10140503673989944
1456,37,1493,0.10141247031658515
1466,39,1505,0.10140679376677227
1466,36,1502,0.10138039381310604
1455,36,1491,0.10135611671010812
1465,37,1502,0.10135719589382486
1462,36,1498,0.10133678070952183
1451,36,1487,0.10132483313381098
1443,37,1480,0.1013373565400995
1461,37,1498,0.10136554201096981
1448,35,1483,0.10135304137598959
1453,35,1488,0.1013694107536935
1462,37,1499,0.10137355563166657
1462,38,1500,0.10135764252700781
1441,40,1481,0.10134361642539126
1453,42,1495,0.10137563142765484
1453,41,1494,0.10137927922602145
1451,42,1493,0.10138270692510395
1451,40,1491,0.10138986000344286
1460,42,1502,0.10139621924925347
1446,43,1489,0.10138318694862869
1443,45,1488,0.10140061511771624
1438,44,1482,0.10142289371470238
1445,41,1486,0.10145397726198543
1442,41,1483,0.10146782126767562
1440,40,1480,0.10148683177311377
1437,41,1478,0.10150871252774961
1431,41,1472,0.10153499142640858
1433,41,1474,0.10157179602923509
1439,41,1480,0.1016007937744898
1441,40,1481,0.10161464564951693
1457,40,1497,0.10162301637196063
1441,38,1479,0.10159642194155459
1455,39,1494,0.10160629870898763
1454,40,1494,0.10158531881740432
1466,42,1508,0.10156848914918207
1456,42,1498,0.10152769392444708
1449,44,1493,0.10151174036288953
1451,43,1494,0.10151213007851977
1460,42,1502,0.10150806327361803
1453,43,1496,0.10148519160969577
1449,42,1491,0.1014789579764206
1448,39,1487,0.10148204704680826
1455,36,1491,0.10148677950255834
1446,37,1483,0.1014761541870839
1468,35,1503,0.10148591448754467
1466,35,1501,0.10144791630098447
1457,36,1493,0.10141749541489813
1458,34,1492,0.10140872960000713
1463,34,1497,0.10139902162139186
1448,35,1483,0.10137944707696424
1439,34,1473,0.10139392306975896
1448,36,1484,0.10142643312966612
1455,35,1490,0.10143657611041881
1462,35,1497,0.1014307322480753
1466,37,1503,0.10141014589066884
1456,37,1493,0.10138269972974669
1465,35,1500,0.10137931045958162
1459,37,1496,0.10135731914031249
1456,36,1492,0.10134961288795787
1463,36,1499,0.1013492110498091
1462,37,1499,0.10133363566117222
1457,36,1493,0.10132215453222802
1462,36,1498,0.10132241604959333
1464,37,1501,0.10131220035781385
1449,38,1487,0.10129819610746563
1457,37,1494,0.10131731504630123
1472,34,1506,0.10131832262412037
1476,33,1509,0.10128679365603062
1474,32,1506,0.10124956205139025
1471,32,1503,0.10121993916223061
1462,33,1495,0.10119934951999396
1444,34,1478,0.10119960739814346
1458,33,1491,0.10123825842759518
1466,36,1502,0.10124316397218919
1460,35,1495,0.10123075115509518
1468,32,1500,0.10123196055851398
1455,30,1485,0.10121613873604893
1453,29,1482,0.1012294261828951
1460,28,1488,0.10124584900562354
1466,28,1494,0.10124554638723826
1469,27,1496,0.10123284556250703
1468,27,1495,0.10121491418442397
1461,27,1488,0.10120072621095529
1458,27,1485,0.10120273676012381
1454,27,1481,0.10121073636233682
1466,27,1493,0.10122668297919236
1459,28,1487,0.10121599415826008
1468,28,1496,0.10122136209853366
1467,28,1495,0.10120682686024285
1468,26,1494,0.10119610677457669
1473,28,1501,0.10118440172099438
1471,28,1499,0.10116285188583149
1475,27,1502,0.10114760365302873
1463,27,1490,0.10112460269493516
1468,29,1497,0.10112960236937689
1460,28,1488,0.10112329810158105
1442,29,1471,0.10113450069454127
1452,30,1482,0.10118294920871365
1448,33,1481,0.10120558205089811
1452,33,1485,0.10123480900548074
1449,34,1483,0.10125303136868741
1452,35,1487,0.10127637761049815
1456,35,1491,0.10129140792965183
1459,35,1494,0.10129648293089537
1454,35,1489,0.10129465926065853
1457,33,1490,0.10130356628410815
1470,35,1505,0.101305326399471
1456,32,1488,0.10127933841108844
1456,34,1490,0.1012852158466324
1444,35,1479,0.10129053247737892
1446,35,1481,0.10132076697374255
1449,37,1486,0.10134444205992352
1458,35,1493,0.10135962513294118
1452,35,1487,0.10135451550477487
1448,36,1484,0.10136254853586432
1441,35,1476,0.10137836994853398
1443,38,1481,0.10140806264840829
1458,40,1498,0.10143100965227474
1459,43,1502,0.10142011278937865
1452,41,1493,0.10140837639760333
1454,39,1493,0.10141253956680643
1440,41,1481,0.1014119456471078
1434,42,1476,0.10144104986443209
1442,42,1484,0.10148016769834384
1452,43,1495,0.10149893524512571
1448,43,1491,0.1014950500439782
1449,43,1492,0.10149935351779465
1447,44,1491,0.10150135060000355
1446,40,1486,0.10150759427176338
1446,40,1486,0.10151571382877089
1455,40,1495,0.10152279812982097
1449,44,1493,0.10151009860228388
1436,44,1480,0.10151115972634259
1438,46,1484,0.10153955085489179
1448,48,1496,0.10156127017227255
1444,48,1492,0.10155957633382819
1451,49,1500,0.10156664151418751
1460,46,1506,0.10155830081701944
1457,47,1504,0.10153130973855258
1465,46,1511,0.10151336552599695
1464,45,1509,0.10148026625570086
1451,44,1495,0.10145216866705553
1448,44,1492,0.10145427754788475
1448,45,1493,0.10146239680415871
1444,46,1490,0.10146974388411735
1447,47,1494,0.10148518232455894
1449,47,1496,0.10149314045235457
1462,47,1509,0.10149641722276952
1454,48,1502,0.10147143823695334
1447,48,1495,0.10146559262624467
1448,48,1496,0.10147488749326365
1444,48,1492,0.1014817080447124
1431,48,1479,0.10149618334615505
1443,48,1491,0.10153728137719334
1434,48,1482,0.10154865345055132
1438,50,1488,0.10157850032608433
1443,49,1492,0.10159732984543327
1451,44,1495,0.10160309381623576
1449,45,1494,0.10159150453548406
1442,44,1486,0.10158560208488114
1436,45,1481,0.10159516220069736
1450,46,1496,0.10161623653550414
1463,46,1509,0.10160597139988814
1449,49,1498,0.10156913134599113
1448,48,1496,0.101565259470804
1433,49,1482,0.10156363449297212
1446,48,1494,0.10159458639587608
1442,49,1491,0.10159553890336476
1442,50,1492,0.10160490757639266
1456,50,1506,0.101612974005904
1451,51,1502,0.10159092594938418
1434,54,1488,0.10158159438545425
1440,53,1493,0.10160911161584707
1438,49,1487,0.10162216136135133
1438,50,1488,0.10163841091566969
1441,54,1495,0.10165305249119719
1435,56,1491,0.10166029143352383
1435,59,1494,0.10168024820819546
1422,61,1483,0.1016981436816657
1424,61,1485,0.10174187535009896
1423,63,1486,0.10177779634847905
1422,62,1484,0.10181295679077121
1438,61,1499,0.10184762678911166
1427,62,1489,0.10184502642679423
1428,63,1491,0.10186636971359944
1425,61,1486,0.10188427648753234
1421,60,1481,0.10190710163744932
1440,58,1498,0.10193634392791001
1441,59,1500,0.10192182600541107
1442,59,1501,0.10190658922211472
1448,59,1507,0.10189034180205908
1458,59,1517,0.10186282294358495
1454,58,1512,0.10181664869310274
1461,59,1520,0.10178292509956524
1445,58,1503,0.10173659535492754
1436,62,1498,0.10172872370322482
1443,60,1503,0.10174112066405884
1435,59,1494,0.10173750157374073
1437,61,1498,0.10175169429821607
1422,64,1486,0.10176014319416225
1419,63,1482,0.1017997305748409
1434,61,1495,0.10184218241309222
1434,62,1496,0.10184902458542147
1431,62,1493,0.10185509181762611
1434,62,1496,0.1018665986290139
1432,64,1496,0.1018712812345937
1445,63,1508,0.10187983863819525
1438,67,1505,0.10186017237958243
1445,67,1512,0.1018568944526221
1424,69,1493,0.10183949444252899
1425,66,1491,0.10186813540578787
1419,66,1485,0.10189160348169779
1416,67,1483,0.1019258871225103
1421,69,1490,0.10196370378328978
1429,68,1497,0.101988671131835
1434,67,1501,0.10199352581922289
1427,70,1497,0.1019875274859531
1428,69,1497,0.1019975068959405
1434,67,1501,0.10200457418885168
1431,70,1501,0.1019973638180209
1418,66,1484,0.10199742234620385
1417,64,1481,0.10202611304542582
1423,69,1492,0.10205406111933754
1412,67,1479,0.10206683496399979
1405,68,1473,0.10210175748667488
1414,70,1484,0.10214865040349139
1414,69,1483,0.10217250593499622
1413,70,1483,0.10219427053008263
1422,70,1492,0.10221580704392703
1420,70,1490,0.1022158983344708
1419,70,1489,0.1022203983863908
1414,72,1486,0.10222657347948683
1431,71,1502,0.10224279764421677
1421,71,1492,0.1022209052562967
1421,68,1489,0.10222268091627845
1420,67,1487,0.10222456790461727
1428,70,1498,0.10222818831794266
1423,67,1490,0.1022149433004145
1437,67,1504,0.10221326614188689
1442,66,1508,0.10218122531177568
1439,66,1505,0.10214067208466818
1442,67,1509,0.10211042908544393
1446,67,1513,0.10207690128336534
1432,67,1499,0.10203844557985324
1446,67,1513,0.10203307159617957
1450,66,1516,0.10199775700462287
1444,65,1509,0.10195737749731648
1433,68,1501,0.10193352798018804
1423,67,1490,0.10193509783161835
1415,67,1482,0.10195805449359324
1425,69,1494,0.10199590541886487
1419,71,1490,0.10200941694219372
1431,70,1501,0.10203427742398194
1424,68,1492,0.10203176279086669
1412,66,1478,0.10204460928930256
1408,68,1476,0.10208108129435611
1419,68,1487,0.10212268105968118
1426,68,1494,0.10213710100836142
1422,69,1491,0.10213571680650663
1423,75,1498,0.10214268431650086
1425,76,1501,0.10214716568102318
1427,74,1501,0.10214746357977898
1421,70,1491,0.10214336626093251
1419,70,1489,0.1021521143688861
1415,72,1487,0.10216464510187077
1429,73,1502,0.10218472351594617
1422,75,1497,0.10217284090908266
1415,76,1491,0.10217714100578529
1419,77,1496,0.10219619418195705
1395,78,1473,0.10220495764206797
1402,76,1478,0.10226476159323653
1398,77,1475,0.10230454218232289
1402,80,1482,0.10234944256045089
1395,82,1477,0.10238187777245245
1409,82,1491,0.10242637400727769
1407,84,1491,0.10243718589073732
1418,85,1503,0.1024513674517032
1411,87,1498,0.10244133183648213
1408,84,1492,0.10244696214785605
1411,85,1496,0.1024579995596997
1401,87,1488,0.10246184365492172
1395,87,1482,0.10248705650679504
1398,90,1488,0.10252345951477498
1404,90,1494,0.10255059904823279
1401,93,1494,0.1025619705036511
1397,92,1489,0.10257865827767468
1390,93,1483,0.10260224154441552
1387,91,1478,0.10263892105238735
1380,93,1473,0.10267908268041331
1383,92,1475,0.10273013985170625
1383,90,1473,0.10277063563965888
1393,90,1483,0.10280797365389549
1402,90,1492,0.10282037287064134
1407,94,1501,0.10281197665510272
1416,91,1507,0.10279363622495769
1401,90,1491,0.10275728274067664
1408,92,1500,0.10275632098325818
1391,92,1483,0.10274042328523088
1405,92,1497,0.10276274022574741
1407,91,1498,0.10275336715606322
1402,90,1492,0.10274015280521218
1405,92,1497,0.10273941089676761
1416,95,1511,0.10273211073717974
1410,97,1507,0.10270253919467087
1402,97,1499,0.10268831337361214
1407,94,1501,0.10269281452968727
1398,93,1491,0.10268642700232228
1410,94,1504,0.10269980463764693
1411,92,1503,0.10268497147282546
1403,91,1494,0.10266994851480861
1417,92,1509,0.10267298112517946
1407,95,1502,0.10264567166112883
1414,93,1507,0.10264237840421878
1404,94,1498,0.10262412160798011
1420,91,1511,0.10262868778988815
1414,91,1505,0.1025982550861712
1406,92,1498,0.10258413461702133
1393,90,1483,0.10258817073141165
1403,89,1492,0.10262015432288095
1409,89,1498,0.10262794959154238
1410,87,1497,0.10262175116911139
1403,87,1490,0.1026135815856042
1414,89,1503,0.10262121626821581
1413,91,1504,0.10260450516296228
1402,90,1492,0.1025912845108212
1403,93,1496,0.10260318070822265
1410,94,1504,0.10261152081900285
1396,93,1489,0.10260410452042064
1403,93,1496,0.10262774229116971
1408,94,1502,0.10263459681952374
1403,93,1496,0.10262993100258225
1402,93,1495,0.10263657812607793
1409,93,1502,0.10264529897595859
1410,93,1503,0.1026381290037672
1420,96,1516,0.10262970732159633
1419,97,1516,0.1025998870003955
1405,95,1500,0.10257518724939996
1419,90,1509,0.10258310591745616
1413,89,1502,0.10255958710831883
1396,90,1486,0.10255125594254932
1407,91,1498,0.10257995203925173
1411,90,1501,0.10258255111282889
1415,88,1503,0.1025765675843549
1407,90,1497,0.10256249828774347
1404,92,1496,0.10256742875846701
1417,96,1513,0.10257770197675851
1404,95,1499,0.10255881802896351
1405,95,1500,0.102570133565478
1402,99,1501,0.10257870222096929
1398,100,1498,0.10259232404707831
1398,101,1499,0.10261391042051227
1389,100,1489,0.10263288370239412
1393,99,1492,0.10266927254429159
1402,101,1503,0.10269419847699929
1409,103,1512,0.10269728471565465
1410,107,1517,0.10268500720413386
1408,110,1518,0.10267160398796282
1408,107,1515,0.1026640161812006
1405,103,1508,0.10265748547207071
1402,104,1506,0.1026579198422093
1396,106,1502,0.1026653123993132
1395,105,1500,0.10268491420135847
1391,111,1502,0.10270456601261635
1397,111,1508,0.10273087958458108
1399,111,1510,0.10274236558927606
1397,107,1504,0.10274897767518851
1399,107,1506,0.10275931702464242
1396,109,1505,0.10276459516487609
1379,108,1487,0.10277593271084257
1383,109,1492,0.10282212374705997
1369,113,1482,0.10285594634805345
1375,114,1489,0.10291727939496549
1376,115,1491,0.10295989652245555
1362,117,1479,0.10299739597059249
1371,116,1487,0.10306247708477048
1380,116,1496,0.10310212330673146
1373,113,1486,0.1031185860738043
1368,110,1478,0.10314910103218637
1370,113,1483,0.10318794080841526
1379,114,1493,0.10321863521532741
1369,117,1486,0.10322719662326683
1369,116,1485,0.10325635367465842
1379,113,1492,0.10328241873205972
1379,115,1494,0.10328503653309092
1377,114,1491,0.10328735942086267
1384,111,1495,0.10329354206032652
1380,113,1493,0.10328440634963795
1393,111,1504,0.10328485817971846
1384,114,1498,0.10325672970501028
1381,114,1495,0.10325063021538579
1386,116,1502,0.10325151079286002
1379,109,1488,0.10324133826489826
1384,111,1495,0.10324689451718011
1376,114,1490,0.1032414123377518
1373,113,1486,0.10325373636556329
1371,113,1484,0.10327145035462658
1373,112,1485,0.10329162593006165
1366,111,1477,0.10330583266100782
1370,113,1483,0.1033340328656322
1378,114,1492,0.10335144450836413
1383,114,1497,0.10334940048918206
1380,111,1491,0.10333722738312227
1388,111,1499,0.10333230178146105
1382,110,1492,0.10330984214198814
1378,114,1492,0.10330285493539172
1376,112,1488,0.10330519100225315
1387,113,1500,0.10331157519578307
1387,116,1503,0.10329400458462473
1391,113,1504,0.10327864725675397
1387,109,1496,0.10325539414741805
1390,109,1499,0.10324311775405558
1392,114,1506,0.1032254971938098
1381,116,1497,0.10320477197066724
1378,117,1495,0.10320917758793385
1366,115,1481,0.10321962291534266
1370,120,1490,0.10325553614072397
1377,120,1497,0.10327903078454843
1373,118,1491,0.1032851499148542
1382,117,1499,0.10329972384832593
1384,121,1505,0.10329364118088932
1372,124,1496,0.10328418809912242
1374,123,1497,0.10330114211699853
1367,126,1493,0.10331221477273177
1376,128,1504,0.10333812350907358
1383,127,1510,0.10334267536225557
1381,124,1505,0.10333151376576323
1386,123,1509,0.10332568361848037
1386,123,1509,0.10330998735301618
1390,124,1514,0.10329568287723426
1378,127,1505,0.1032736872837848
1365,130,1495,0.10327966765415254
1362,131,1493,0.10331324042458796
1362,128,1490,0.10334944558928633
1354,126,1480,0.10338287898500695
1370,127,1497,0.10343049016058316
1368,126,1494,0.10343948647290134
1370,125,1495,0.10345236303281675
1373,127,1500,0.10345960923955641
1370,125,1495,0.10346033707659943
1355,127,1482,0.10346727799864908
1353,128,1481,0.10350596811269071
1351,124,1475,0.1035459499175435
1342,124,1466,0.1035869775962944
1343,127,1470,0.10364361621737767
1373,130,1503,0.10369355499191524
1381,129,1510,0.10367410562366544
1378,129,1507,0.1036387674272619
1378,127,1505,0.10361359871195223
1376,124,1500,0.10359083044474936
1370,129,1499,0.10357362305016635
1375,130,1505,0.10357131811538638
1376,129,1505,0.10355769578815462
1385,133,1518,0.10354266118638293
1371,134,1505,0.10350958756259292
1367,136,1503,0.1035102379857464
1364,134,1498,0.10351956015566248
1354,131,1485,0.10353467189304848
1360,127,1487,0.10356994525746625
1367,126,1493,0.1035893799674838
1371,124,1495,0.10359197300284109
1379,122,1501,0.10358558448529663
1379,124,1503,0.10356214455135176
1370,123,1493,0.10354132354214744
1374,126,1500,0.10354148977420813
1370,132,1502,0.10353315446285827
1360,130,1490,0.1035341798817435
1363,132,1495,0.10355620371994025
1357,133,1490,0.10357041972302877
1359,133,1492,0.103597407112163
1377,130,1507,0.10361734371908816
1371,128,1499,0.10359673449241205
1361,127,1488,0.10359092542824527
1360,130,1490,0.10360719275111407
1353,131,1484,0.10362383874714742
1354,131,1485,0.10365348903568342
1361,134,1495,0.1036790498666695
1362,132,1494,0.10368735389543918
1372,136,1508,0.10369319309053006
1364,138,1502,0.10367712634053794
1374,137,1511,0.10367993557225824
1377,134,1511,0.1036613291653785
1370,134,1504,0.10363735170268087
1359,132,1491,0.10363082534440464
1353,133,1486,0.10364879446718113
1364,134,1498,0.10367932271129102
1353,139,1492,0.10368330865502244
1356,142,1498,0.10371092854587288
1359,139,1498,0.10373015147359993
1365,142,1507,0.10374079344507946
1351,141,1492,0.10373797693715148
1363,139,1502,0.10376527494813371
1351,145,1496,0.10376419775962109
1350,144,1494,0.10378944315568978
1357,143,1500,0.10381502749356869
1339,145,1484,0.10382340725788439
1339,144,1483,0.10387029203915638
1345,144,1489,0.10391321489676265
1344,147,1491,0.10393944118308263
1359,148,1507,0.10396538977788698
1353,148,1501,0.10395672625833147
1360,145,1505,0.1039620309133698
1345,144,1489,0.1039520465499595
1336,151,1487,0.10397538007772077
1343,150,1493,0.10401626822163415
1328,151,1479,0.10403819169362861
1333,153,1486,0.10409072895937228
1345,150,1495,0.10412790481410356
1354,152,1506,0.104136088845987
1342,154,1496,0.10412384169478749
1342,149,1491,0.10413953354684205
1340,147,1487,0.10415408231429449
1337,141,1478,0.10417134425420845
1336,144,1480,0.10419364969987178
1343,142,1485,0.10421585316979229
1339,150,1489,0.1042208510433213
1352,146,1498,0.10423343025434545
1347,150,1497,0.10421694095649983
1341,155,1496,0.1042128281723366
1339,158,1497,0.10422273129799349
1326,159,1485,0.10423671095048619
1337,161,1498,0.1042773167644153
1340,160,1500,0.10429053576994043
1349,156,1505,0.10429638841414743
1346,159,1505,0.10428214901189349
1342,158,1500,0.10427649749673754
1333,157,1490,0.10427928267703329
1341,159,1500,0.10430065131693006
1345,156,1501,0.10430281390816405
1347,153,1500,0.1042955246420985
1340,155,1495,0.10428390869750662
1339,157,1496,0.10428921397595654
1325,159,1484,0.10429670353354069
1336,157,1493,0.10433507456486239
1338,163,1501,0.10434618092229143
1341,160,1501,0.10435242433405541
1350,159,1509,0.10435112454438306
1340,156,1496,0.10433051193529394
1331,160,1491,0.10433352359674028
1329,160,1489,0.10435660293349212
1335,156,1491,0.1043821306797229
1332,157,1489,0.10439216750920707
1328,160,1488,0.10440794269345387
1327,164,1491,0.10443005036784565
1330,165,1495,0.10445337651881177
1327,168,1495,0.10446867660919872
1344,166,1510,0.10448964318900675
1338,169,1507,0.10447140314787713
1330,171,1501,0.10446708719514497
1336,167,1503,0.10448054029098743
1336,170,1506,0.10447998611523947
1320,169,1489,0.10447974352833907
1319,170,1489,0.1045140139290602
1317,171,1488,0.10454786959069252
1313,170,1483,0.10458366367650795
1328,173,1501,0.10462588708158588
1317,178,1495,0.10463213449299555
1326,177,1503,0.1046620163003433
1312,179,1491,0.10466985589903416
1309,178,1487,0.10470807035023019
1306,175,1481,0.10474877472130557
1307,174,1481,0.10479274138529743
1318,175,1493,0.1048302824446332
1319,174,1493,0.10484060009191708
1318,170,1488,0.10484774081855225
1315,174,1489,0.10485665517292411
1327,174,1501,0.10487229992017683
1316,170,1486,0.10486034586078834
1322,169,1491,0.10487426167587945
1313,173,1486,0.104873191871936
1324,174,1498,0.10489150095109419
1324,177,1501,0.1048838719699891
1308,177,1485,0.10487668990299383
1308,179,1487,0.10490596616851118
1306,175,1481,0.10493314109420006
1296,175,1471,0.10496230041046946
1318,172,1490,0.10501119361821118
1331,176,1507,0.10500744415423241
1329,180,1509,0.10497641972147656
1330,178,1508,0.10495240795800628
1329,177,1506,0.10492826011105554
1320,181,1501,0.10490801501253713
1314,182,1496,0.10490905546931337
1312,177,1489,0.10492434650162029
1316,176,1492,0.10494231412665524
1315,178,1493,0.10494836141034164
1312,175,1487,0.10495595940081341
1313,178,1491,0.10496855446896976
1314,179,1493,0.10497822749059164
1305,176,1481,0.1049848690975995
1298,183,1481,0.10501150184788881
1296,185,1481,0.10505046705171033
1299,193,1492,0.10509180818956178
1305,193,1498,0.10512292548909526
1305,185,1490,0.10513876419279572
1310,185,1495,0.10515302136595242
1310,189,1499,0.10515578484143266
1297,189,1486,0.10515745316849057
1292,192,1484,0.1051882296010984
1286,195,1481,0.10522773834974608
1288,199,1487,0.1052777952797743
1297,199,1496,0.10531851773305333
1303,194,1497,0.10533673864886506
1299,193,1492,0.1053399956255192
1281,199,1480,0.10535159290281637
1280,202,1482,0.10540195153367163
1289,204,1493,0.1054503171096446
1284,200,1484,0.10547489432452735
1282,206,1488,0.10550823813359807
1276,210,1486,0.10554215513691399
1271,210,1481,0.1055871711834271
1287,211,1498,0.10563870816973676
1281,208,1489,0.10565083562228705
1281,206,1487,0.1056751188449017
1290,207,1497,0.10569747493071453
1283,206,1489,0.10569853891969458
1295,209,1504,0.105714620409643
1303,202,1505,0.10570325741352146
1294,208,1502,0.10567570231186334
1290,206,1496,0.10567255428455516
1275,209,1484,0.10567835436206618
1286,208,1494,0.10571703648388081
1283,211,1494,0.10572704752769244
1271,212,1483,0.10574300226845698
1270,206,1476,0.10578424589631397
1279,208,1487,0.10582421759921525
1269,214,1483,0.10584074422018325
1270,214,1484,0.10587804630936137
1262,213,1475,0.10591050111245096
1279,209,1488,0.10595756425902865
1290,209,1499,0.1059623075962724
1289,212,1501,0.10594307203658328
1291,216,1507,0.1059283351740186
1293,213,1506,0.10591024156102379
1294,210,1504,0.1058896048251706
1296,214,1510,0.10586807149816636
1290,209,1499,0.10584402322182938
1281,213,1494,0.10583612384969435
1269,214,1483,0.1058488663169474
1272,213,1485,0.10588661656932732
1268,216,1484,0.10591448992585843
1263,216,1479,0.10594960770120845
1249,213,1462,0.10599281114546472
1268,217,1485,0.10606274107371227
1264,216,1480,0.10608467963720819
1272,217,1489,0.10611289417329556
1284,220,1504,0.1061203595854493
1281,221,1502,0.10610061545073134
1283,221,1504,0.10609046539694786
1268,222,1490,0.106076041577142
1273,222,1495,0.10609590237519391
1273,224,1497,0.10610315124488665
1274,224,1498,0.10611022186603167
1272,221,1493,0.10611449690987648
1272,223,1495,0.10612215255597196
1278,225,1503,0.10612922967284465
1274,227,1501,0.10612250902456961
1266,226,1492,0.10612523711933687
1267,228,1495,0.10614548601591263
1266,219,1485,0.10616190053619956
1268,215,1483,0.10618009862525155
1271,216,1487,0.10619177008226163
1275,216,1491,0.10619557749056543
1279,220,1499,0.10618938436122352
1282,219,1501,0.10617453296456858
1276,216,1492,0.10615425535038643
1284,212,1496,0.10615031309741169
1270,214,1484,0.10612937562660216
1276,217,1493,0.10614175298521308
1272,215,1487,0.10613879751015041
1278,220,1498,0.10614450207349797
1284,219,1503,0.10613663815294458
1294,220,1514,0.1061151697112171
1288,219,1507,0.10607342275255145
1290,215,1505,0.1060497476017186
1285,212,1497,0.10602457176875386
1282,211,1493,0.10601139570272537
1289,212,1501,0.10600523872001383
1289,212,1501,0.10598257089280723
1290,212,1502,0.10596237318057163
1284,218,1502,0.1059420724612966
1280,214,1494,0.10593631671503961
1282,215,1497,0.10593937962343983
1279,216,1495,0.10593756157034369
1276,216,1492,0.10594230099735086
1282,212,1494,0.10595313553944681
1272,211,1483,0.10594995076496472
1273,212,1485,0.10596962421894521
1275,216,1491,0.10598462010520064
1274,210,1484,0.10599510924244598
1270,216,1486,0.10600697786602836
1270,214,1484,0.10602679973393556
1265,214,1479,0.1060450561694076
1277,211,1488,0.10607309154840977
1283,214,1497,0.10607184997888076
1279,219,1498,0.10605689857279874
1278,222,1500,0.1060519462697658
1265,223,1488,0.10605044369333977
1260,222,1482,0.10607715189370978
1270,220,1490,0.10611278813248332
1267,222,1489,0.10612325352634425
1273,224,1497,0.1061403597798838
1272,219,1491,0.10614432280637345
1278,214,1492,0.10614976451791445
1267,215,1482,0.10614181925051967
1269,218,1487,0.10615902102859202
1271,215,1486,0.10616953027871374
1267,220,1487,0.10617525794897623
1279,220,1499,0.10618956661818549
1266,225,1491,0.10617660843127791
1260,223,1483,0.10619385372312365
1257,224,1481,0.10622399367874585
1260,226,1486,0.10625694560515563
1268,226,1494,0.10627977048395251
1271,228,1499,0.10628366633739424
1274,226,1500,0.106281208113048
1271,226,1497,0.10627243888788776
1265,233,1498,0.1062714186020802
1262,230,1492,0.1062832613813168
1258,234,1492,0.10630114038568717
1252,229,1481,0.10632639361953512
1250,230,1480,0.10636325980634374
1261,234,1495,0.10640113606829157
1255,237,1492,0.10641130765923558
1261,241,1502,0.10643378521360215
1260,237,1497,0.10644151749317089
1256,240,1496,0.10645165820043676
1252,243,1495,0.10647007564558138
1243,242,1485,0.1064955489099178
1242,244,1486,0.10653950447955048
1249,244,1493,0.10658261236122107
1259,242,1501,0.10660644512741632
1246,248,1494,0.10660570331964946
1243,247,1490,0.10663531118007379
1250,241,1491,0.10666782446514059
1267,235,1502,0.1066814174912244
1254,236,1490,0.10665548934610111
1250,237,1487,0.10666053182478114
1258,235,1493,0.10667421185420584
1264,232,1496,0.10666879845633673
1253,237,1490,0.10665114818236515
1244,237,1481,0.10665976128825112
1250,236,1486,0.10668743653891795
1250,238,1488,0.10669915292159246
1264,244,1508,0.10671070777279354
1254,241,1495,0.10668938756825196
1253,244,1497,0.10669280461348268
1266,241,1507,0.10669814934441994
1264,240,1504,0.10667434355048928
1260,239,1499,0.10665644165981825
1265,238,1503,0.10664916478859356
1254,236,1490,0.10663169843424017
1258,232,1490,0.10664048043833257
1261,232,1493,0.10663927554219128
1263,233,1496,0.10663073081852766
1254,240,1494,0.10661860441807028
1236,244,1480,0.10662706711351758
1240,246,1486,0.10667462169563674
1240,242,1482,0.10670920577128822
1246,242,1488,0.10674296741493075
1242,241,1483,0.10675961382663667
1248,245,1493,0.10678363788892875
1247,246,1493,0.10679240112065276
1248,246,1494,0.10680224794621687
1255,247,1502,0.10681003862120048
1257,248,1505,0.10680143913985413
1270,245,1515,0.10678930746513399
1268,244,1512,0.10674862482455813
1260,244,1504,0.10671594676145073
1255,242,1497,0.10670390581989952
1250,242,1492,0.10670369801048177
1256,243,1499,0.10671462706791514
1255,245,1500,0.10671192254651868
1250,247,1497,0.1067123399244465
1244,247,1491,0.10672367595334872
1242,248,1490,0.10674831118809885
1253,248,1501,0.10677488163625809
1257,245,1502,0.10677438331507354
1264,246,1510,0.10676618866319595
1266,243,1509,0.10674237563174595
1264,250,1514,0.1067162152354878
1255,256,1511,0.10669656235790541
1234,251,1485,0.10669899469720814
1236,247,1483,0.10674815097159496
1231,250,1481,0.10678928124909998
1237,255,1492,0.10683834439401574
1237,258,1495,0.10686987980503121
1233,260,1493,0.10689929471989718
1249,257,1506,0.10693425510565048
1248,255,1503,0.10693036834065194
1248,260,1508,0.1069285771160466
1244,257,1501,0.10692743203092911
1246,257,1503,0.10693569496884256
1240,257,1497,0.10693900508477704
1239,261,1500,0.10695562314953275
1244,263,1507,0.10697280951877264
1239,269,1508,0.10697719335462623
1238,270,1508,0.10699152614562664
1252,267,1519,0.10700753984088855
1249,268,1517,0.1069915912658756
1249,269,1518,0.10698404583192833
1246,266,1512,0.10697714680279725
1226,275,1501,0.10697922869852691
1226,276,1502,0.10702543205743137
1230,275,1505,0.10706791822338081
1231,277,1508,0.10709787142979213
1230,274,1504,0.10712244389350356
1239,270,1509,0.10714636287726766
1229,272,1501,0.10714837472586174
1232,279,1511,0.10717324355852073
1231,277,1508,0.10718980522404849
1222,278,1500,0.10720686175418333
1223,282,1505,0.1072433866726101
1215,279,1494,0.10727472093212725
1208,281,1489,0.10732187760335861
1203,283,1486,0.10737955153371778
1214,286,1500,0.1074431560552314
1207,285,1492,0.10747905846986067
1206,283,1489,0.10752748951073056
1211,280,1491,0.10757485088332136
1200,281,1481,0.10760569212564569
1195,285,1480,0.10765869793861332
1217,284,1501,0.10771887744099021
1212,284,1496,0.10772392524235644
1215,285,1500,0.1077397333201555
1218,283,1501,0.10774723649461426
1208,283,1491,0.10774745339826029
1203,289,1492,0.10777058889496838
1207,290,1497,0.10780387514375328
1215,292,1507,0.10782563096799866
1207,291,1498,0.10782773412687113
1212,295,1507,0.10784816760313767
1203,290,1493,0.10785579668847359
1206,292,1498,0.10788292234470549
1201,288,1489,0.1079000258310143
1208,286,1494,0.10792714521298866
1199,293,1492,0.10793666334273816
1203,294,1497,0.10796574211167066
1212,299,1511,0.10798433380662605
1210,302,1512,0.10798131515310246
1196,303,1499,0.10798274018973243
1201,302,1503,0.10801421491670622
1193,299,1492,0.10803165700336649
1185,306,1491,0.10806626313415187
1185,306,1491,0.10811619004304276
1186,309,1495,0.10816303604026294
1185,303,1488,0.10820380654281209
1183,300,1483,0.10824327204355877
1181,301,1482,0.10828331411024701
1177,306,1483,0.10832517958717566
1195,300,1495,0.10837380571040306
1195,302,1497,0.10837719578338884
1193,298,1491,0.10838047785691138
1188,295,1483,0.10838661447963018
1192,294,1486,0.10840311479221246
1202,294,1496,0.10840857440819267
1199,298,1497,0.10839140727382678
1194,301,1495,0.10838250152160125
1190,298,1488,0.10838713727549192
1197,300,1497,0.10840030899389685
1197,305,1502,0.10839576490307376
1191,307,1498,0.10838974608877408
1194,305,1499,0.10839838950802023
1194,305,1499,0.10839860993993515
1182,304,1486,0.10839841533188548
1181,303,1484,0.10842481339484418
1196,302,1498,0.10845220973508035
1195,303,1498,0.10844427073102501
1200,297,1497,0.10843902913968978
1192,299,1491,0.10842352764309526
1188,297,1485,0.10842759414323737
1184,303,1487,0.10844021943984833
1187,306,1493,0.10846060940442687
1191,306,1497,0.1084721303389582
1176,300,1476,0.10847386744071028
1166,300,1466,0.10850908209253546
1167,303,1470,0.10856432156826205
1178,305,1483,0.10861305165192847
1182,311,1493,0.1086334168394046
1181,321,1502,0.10864290645362047
1181,315,1496,0.108655587094722
1182,322,1504,0.10866624413510184
1180,320,1500,0.10867272449909779
1159,320,1479,0.10868344963283917
1163,326,1489,0.10874155824445143
1162,337,1499,0.10878637122797986
1166,337,1503,0.10882966985452669
1148,335,1483,0.1088616433602822
1155,335,1490,0.10893242292598809
1157,337,1494,0.1089812626753531
1148,336,1484,0.10902227207592947
1143,345,1488,0.10907958792162482
1150,343,1493,0.10914380828137314
1144,347,1491,0.10918763392628826
1153,342,1495,0.10924066348593708
1166,339,1505,0.10926982147610806
1166,341,1507,0.10926735079482099
1179,337,1516,0.10926535612094813
1167,339,1506,0.10923444149475024
1158,330,1488,0.10923312815331472
1161,334,1495,0.10925347064211405
1148,335,1483,0.10926551487519724
1156,339,1495,0.10930551184236059
1160,336,1496,0.10932175751308985
1152,334,1486,0.10932828369687954
1156,339,1495,0.10935367781062649
1160,336,1496,0.10936752327414441
1159,339,1498,0.10937100490352997
1162,341,1503,0.10937671833301583
1165,339,1504,0.10937510970238132
1157,341,1498,0.10936720292315971
1159,340,1499,0.10937804933217724
1165,343,1508,0.10938472661980363
1164,348,1512,0.10937641036466346
1162,345,1507,0.10937162304341394
1156,345,1501,0.10937258787521001
1158,345,1503,0.10938624060386751
1145,341,1486,0.10939329989444087
1134,339,1473,0.10942983343083287
1146,345,1491,0.1094872717059067
1150,342,1492,0.10951343168091256
1150,342,1492,0.10952879369526133
1151,342,1493,0.10954173426151252
1157,340,1497,0.10955130261872163
1161,347,1508,0.10954701078852241
1154,349,1503,0.1095336912654603
1148,351,1499,0.10953716568069219
1154,346,1500,0.1095550356673106
1159,351,1510,0.10955771913786787
1155,349,1504,0.109548776052387
1149,353,1502,0.10955041860085721
1151,356,1507,0.10956455232862548
1153,359,1512,0.10957459697355702
1152,363,1515,0.10957966642972475
1139,359,1498,0.10958634045739099
1148,361,1509,0.10962082349293903
1138,370,1508,0.10963278580404534
1132,372,1504,0.10966782465759962
1137,372,1509,0.10971400023135425
1129,376,1505,0.10974608016743831
1120,376,1496,0.10979286714345356
1120,375,1495,0.10985620945322548
1109,380,1489,0.10991348513923287
1107,384,1491,0.10999218854595828
1110,381,1491,0.11006932846493096
1120,384,1504,0.11013423821669795
1110,389,1499,0.11017190803753595
1115,393,1508,0.11022899511528056
1118,395,1513,0.11027146296269086
1114,403,1517,0.11030424223305733
1101,398,1499,0.11034317269016566
1103,394,1497,0.11040868969499122
1103,390,1493,0.11046520363557402
1119,397,1516,0.11051725957297405
1116,395,1511,0.11052833475646999
1114,398,1512,0.11054578070374593
1115,394,1509,0.11056668830921651
1127,389,1516,0.1105836166420621
1110,391,1501,0.11057304499154802
1117,398,1515,0.11060343807716276
1094,394,1488,0.11061508853503799
1100,388,1488,0.11067688497882307
1101,386,1487,0.11072079650700456
1095,383,1478,0.11075982417595984
1101,388,1489,0.11080934307060755
1103,387,1490,0.11084186120995417
1092,381,1473,0.11086645112018516
1099,387,1486,0.11091356384239072
1104,388,1492,0.11093904994328145
1103,393,1496,0.11095171789376643
1107,399,1506,0.110964998730508
1109,395,1504,0.11096811343171803
1099,398,1497,0.1109672629741323
1100,394,1494,0.11098897776438349
1109,394,1503,0.11100740471552624
1097,400,1497,0.1110042243133194
1095,402,1497,0.1110294798327878
1094,408,1502,0.11105843456208384
1092,408,1500,0.11108934380947395
1091,414,1505,0.11112160820619774
1073,420,1493,0.11115358788256514
1074,416,1490,0.11122505068320494
1072,425,1497,0.11128840359188047
1065,432,1497,0.1113522457433088
1066,433,1499,0.11142817608185052
1061,430,1491,0.1114953064752503
1065,424,1489,0.1115688127934468
1072,427,1499,0.11162783220781584
1061,424,1485,0.11166593962842863
1070,423,1493,0.11172623094386593
1069,427,1496,0.11176129658584655
1071,428,1499,0.11179564167864381
1062,431,1493,0.11182184106967483
1061,434,1495,0.11186696922491285
1054,430,1484,0.11191009832443491
1051,424,1475,0.11196649308146103
1057,434,1491,0.11202416464512943
1039,435,1474,0.11206418177831182
1045,444,1489,0.1121430533424508
1033,443,1476,0.11220080918331252
1038,448,1486,0.1122823982528102
1041,454,1495,0.11234761348903965
1039,454,1493,0.11240091001187653
1037,452,1489,0.11245497217734933
1049,449,1498,0.11250966277774445
1053,452,1505,0.11253230320942198
1050,455,1505,0.11254419266992706
1053,457,1510,0.11256407935088206
1053,465,1518,0.11257559409022967
1052,465,1517,0.11258681896687595
1040,466,1506,0.11259997222955953
1038,472,1510,0.11263918812349827
1037,472,1509,0.1126791644766638
1035,466,1501,0.1127192108077466
1036,461,1497,0.11276108184880798
1041,465,1506,0.11279669927755416
1047,459,1506,0.11281827310057896
1050,464,1514,0.112825268809971
1047,465,1512,0.11282576126295822
1038,466,1504,0.11283289578748576
1040,465,1505,0.11286085729233694
1029,471,1500,0.112881069647454
1034,472,1506,0.11292658382100784
1043,468,1511,0.11295693441346633
1046,466,1512,0.11296399436322602
1036,466,1502,0.11296404517450899
1032,475,1507,0.1129877926792359
1025,473,1498,0.11301962201418853
1018,475,1493,0.11306415087878381
1030,480,1510,0.11312046254214984
1020,480,1500,0.11314535346666926
1018,474,1492,0.11319045982224203
1015,476,1491,0.11323817145292864
1026,476,1502,0.11328963981976853
1021,485,1506,0.11331179263905251
1028,478,1506,0.11334361829797354
1022,479,1501,0.1133565010574475
1031,479,1510,0.11338121100056889
1035,478,1513,0.11338340929071045
1022,474,1496,0.11337493899693779
1027,480,1507,0.11339659282551688
1018,485,1503,0.11340637190728046
1022,486,1508,0.11343657367243583
1030,484,1514,0.11345536763368838
1018,482,1500,0.11345544668736383
1014,488,1502,0.11348168891752893
1006,491,1497,0.11351768589208262
1006,488,1494,0.11357062871885265
1009,481,1490,0.11361868995425635
1007,486,1493,0.11365632128598299
1004,491,1495,0.11369483047654647
1002,496,1498,0.11373618678828987
1001,495,1496,0.11377964085881187
1008,491,1499,0.11382374908937763
1009,491,1500,0.11384851265038297
1002,492,1494,0.11386962313147196
1001,499,1500,0.11390628823950838
998,488,1486,0.11394240302883694
997,487,1484,0.11398218825364072
1001,495,1496,0.11402088044937514
1005,500,1505,0.11404808855443732
1007,496,1503,0.11406422280881223
1004,501,1505,0.11407468017905475
1002,498,1500,0.11409051989458138
1002,495,1497,0.11410922399747413
985,500,1485,0.11412867707930156
998,495,1493,0.11418762780981817
993,495,1488,0.11421189247595968
999,498,1497,0.11424512779869937
1006,501,1507,0.11426356292959582
1001,499,1500,0.11426516191221305
987,511,1498,0.11427849993886526
983,510,1493,0.11432410283885319
994,516,1510,0.11437570737111828
996,517,1513,0.1143978639798019
992,512,1504,0.11441338870478866
986,523,1509,0.11443609743127886
981,523,1504,0.11447066971753822
985,517,1502,0.11451504924956872
978,519,1497,0.11454808503502917
981,522,1503,0.11459451530015521
991,521,1512,0.11463303678333109
986,523,1509,0.11464559351923953
972,522,1494,0.11466807849695
960,521,1481,0.11472160142916916
957,524,1481,0.11479865562943325
956,532,1488,0.11487713480130156
962,529,1491,0.114952825331757
952,525,1477,0.1150081281014776
951,531,1482,0.11508213010692855
947,533,1480,0.11515323902608589
954,546,1500,0.11522753471563
959,538,1497,0.11528165210287793
965,540,1505,0.11532151402814149
953,547,1500,0.11534513762518767
959,546,1505,0.11539570671010368
957,548,1505,0.1154278153912011
959,555,1514,0.1154637788118142
955,564,1519,0.1154916605121122
939,563,1502,0.11552640301494894
938,564,1502,0.1155965924117439
937,558,1495,0.11566410767845181
950,556,1506,0.11572969747875853
942,555,1497,0.11576098941747416
953,559,1512,0.11580937230751154
947,554,1501,0.11582941574841435
947,563,1510,0.11586045505455127
949,566,1515,0.11588905599784406
941,563,1504,0.11591126565978396
946,567,1513,0.1159511479011063
938,564,1502,0.1159765151356575
939,568,1507,0.1160180569628118
935,563,1498,0.11605486151000985
932,572,1504,0.11609941982150616
948,574,1522,0.11614805937814858
943,573,1516,0.11615414404187491
944,563,1507,0.11617136681477368
938,565,1503,0.11618572501236027
932,570,1502,0.11621202124947647
932,572,1504,0.11624938478020055
935,574,1509,0.11628352213054895
935,568,1503,0.11630799003232221
918,571,1489,0.11632964136349917
917,569,1486,0.11639170570587475
916,574,1490,0.11645066777356014
919,570,1489,0.11650696213642829
921,572,1493,0.11655131822179285
910,572,1482,0.11658767024232794
914,566,1480,0.11664553494121996
916,575,1491,0.11669041967395678
924,586,1510,0.11672812553941857
920,583,1503,0.11674551488191585
913,582,1495,0.1167700260441292
912,576,1488,0.11680880076338589
914,580,1494,0.11684843952121396
913,582,1495,0.1168805546872548
928,589,1517,0.11691361598934887
935,586,1521,0.11690608442544484
923,581,1504,0.11688264489081213
921,577,1498,0.11688935049437316
919,577,1496,0.11689937210839524
916,576,1492,0.11691582384855227
925,576,1501,0.11693777253037593
926,581,1507,0.11693563708822541
932,577,1509,0.11692978026766902
916,573,1489,0.11691000422241998
924,580,1504,0.11693172444148713
923,575,1498,0.11693275914371473
926,577,1503,0.11693496134558522
919,588,1507,0.1169320311166086
916,587,1503,0.11694647221136197
919,581,1500,0.11696616193645289
893,585,1478,0.11697789056755965
912,584,1496,0.1170501044709049
915,587,1502,0.11707080342595867
916,594,1510,0.1170836835825553
928,599,1527,0.11709444300896266
910,597,1507,0.1170765968992739
914,596,1510,0.11710270741538736
915,598,1513,0.11711761474064712
912,594,1506,0.11712877765701055
910,602,1512,0.11714588753319469
903,600,1503,0.11716529184115011
908,607,1515,0.11719896290751247
915,595,1510,0.11721979316740024
917,603,1520,0.11722236619959954
920,605,1525,0.11721958237448905
910,599,1509,0.1172098471228312
906,596,1502,0.11722441028880387
904,600,1504,0.11724843667565196
900,600,1500,0.11727565856773112
899,607,1506,0.11731109773313511
896,611,1507,0.11734471902585998
890,599,1489,0.11738305428208236
896,608,1504,0.11743299010128518
889,610,1499,0.11746502026322031
888,615,1503,0.11751074413532639
887,618,1505,0.11755555183826237
885,625,1510,0.11760082872765121
886,624,1510,0.11764721734711746
879,621,1500,0.11768724769351172
862,617,1479,0.11774146141826151
874,618,1492,0.11783118015571775
870,615,1485,0.11788567340801447
873,621,1494,0.11794549831796942
865,620,1485,0.11799399789943539
868,623,1491,0.11805997341035165
854,624,1478,0.11811516691418167
855,636,1491,0.11820120788770984
853,637,1490,0.1182764510573968
861,644,1505,0.11835118763575775
850,654,1504,0.1184031328831927
846,655,1501,0.11847831823126163
855,653,1508,0.11855719023579311
855,653,1508,0.11860880233148134
867,663,1530,0.11865407003299513
862,668,1530,0.11866841862430803
863,663,1526,0.11869340957168303
852,660,1512,0.11871292261717574
853,653,1506,0.11875724887729827
850,654,1504,0.11879563139680517
855,659,1514,0.11883881420244087
846,665,1511,0.11886559722230444
833,664,1497,0.118914690237733
833,666,1499,0.11899191379056713
828,674,1502,0.11906179052220013
827,677,1504,0.11913942799059665
828,668,1496,0.11921187213945733
830,677,1507,0.11927743618819679
829,679,1508,0.11933272827301536
833,687,1520,0.11938708763133686
842,688,1530,0.11942912907889426
836,690,1526,0.1194456713983921
845,686,1531,0.11947685925095623
849,678,1527,0.11948350863359067
847,683,1530,0.11948074880287513
843,675,1518,0.11948545272254503
834,672,1506,0.11949961758549005
833,666,1499,0.11953436035599133
826,662,1488,0.11957017186575963
812,657,1469,0.11961830992510407
804,664,1468,0.11969635140820181
808,667,1475,0.11978797695170469
808,670,1478,0.11986437459914268
807,672,1479,0.11993478520669591
811,675,1486,0.12000156540026347
812,678,1490,0.12005383857969966
813,677,1490,0.12009931324334627
804,689,1493,0.12013830861018981
819,688,1507,0.120195485567201
812,696,1508,0.12021177191096027
812,694,1506,0.12024516817184676
806,705,1511,0.12027654124798325
816,707,1523,0.12032008556835827
816,699,1515,0.12033551127973048
822,689,1511,0.12035015570956524
816,686,1502,0.12034837153878561
817,695,1512,0.12036134232724097
810,694,1504,0.12036970867983088
800,700,1500,0.12039499388722813
796,699,1495,0.1204406882184017
793,694,1487,0.12049576327527514
794,698,1492,0.12055465307268971
801,704,1505,0.1206067240599407
806,706,1512,0.12063771510985777
804,708,1512,0.12065647121395177
801,715,1516,0.12067873567835287
796,713,1509,0.1207074708930709
791,704,1495,0.12074512117715687
788,710,1498,0.1207935996822641
787,714,1501,0.12084618992378278
792,718,1510,0.12089668560507302
786,730,1516,0.12093321486447248
784,729,1513,0.12098116364962007
786,729,1515,0.12103033294681124
790,727,1517,0.12107294825117815
775,722,1497,0.12110352856181322
782,720,1502,0.12116780980028086
789,712,1501,0.12120891699891713
789,712,1501,0.12123116557677971
791,714,1505,0.12125124105453994
787,707,1494,0.12126509809600154
782,705,1487,0.12128795610846269
792,705,1497,0.12132074369542237
789,716,1505,0.12132830110721045
791,716,1507,0.12133873240697357
785,725,1510,0.12134359021976725
777,724,1501,0.12136304626297179
785,717,1502,0.12140192816685896
778,726,1504,0.1214187545493433
788,734,1522,0.12145069967936141
786,731,1517,0.12145583497329941
784,734,1518,0.12146548993134902
782,728,1510,0.12147893406737265
779,730,1509,0.12149376236029358
781,709,1490,0.12151442634279919
798,709,1507,0.12152866985529517
808,699,1507,0.12149875717249349
801,693,1494,0.1214473501710718
788,701,1489,0.12141619747539949
798,713,1511,0.12141951585184402
788,715,1503,0.1213973566411712
796,713,1509,0.1214022734206529
789,718,1507,0.12138845529534073
792,716,1508,0.12139341239058485
794,721,1515,0.12139218898922356
790,719,1509,0.12138783359528621
786,730,1516,0.12139405197335082
788,734,1522,0.12140859744863355
791,736,1527,0.12141740957990109
793,743,1536,0.12141886014549204
796,736,1532,0.12141579183905268
790,737,1527,0.1214045350697551
784,735,1519,0.12140899473661787
780,735,1515,0.1214280984731289
777,730,1507,0.1214565354251706
774,738,1512,0.12149092784784549
775,735,1510,0.12153002106133455
767,734,1501,0.12156447857422263
774,737,1511,0.12161485789164508
777,739,1516,0.12164462668808017
769,737,1506,0.12166594297260527
777,733,1510,0.12170488925245841
760,739,1499,0.12172159367468119
777,734,1511,0.12178241604183118
773,736,1509,0.12179833572283341
773,740,1513,0.12182271806241922
781,750,1531,0.1218458353845089
775,741,1516,0.12184790624271483
768,749,1517,0.12186577645190586
766,756,1522,0.1218999630284291
768,751,1519,0.12193537110719728
758,749,1507,0.12196549029977657
767,755,1522,0.12201784089861491
764,757,1521,0.12204431288013293
746,765,1511,0.12207526912364304
746,778,1524,0.12214986912119027
745,773,1518,0.1222198176795051
733,767,1500,0.12228688744547801
731,774,1505,0.12237916736468374
728,777,1505,0.12246861391110551
725,781,1506,0.12255892259131965
734,773,1507,0.1226529698377213
738,752,1490,0.12271800888558186
732,749,1481,0.12276938915580247
737,751,1488,0.12282937691025526
734,759,1493,0.12287441246173458
739,759,1498,0.12292135147262723
737,767,1504,0.12295309892792325
732,765,1497,0.1229896372473111
729,775,1504,0.12303560872037841
733,763,1496,0.12308608029577627
729,771,1500,0.12312332690092859
734,773,1507,0.12316903714332172
735,769,1504,0.1232000993226213
728,775,1503,0.12322741887785163
729,777,1506,0.12327107555765748
726,782,1508,0.12330898074058914
737,773,1510,0.12334963328665896
739,778,1517,0.1233609702434023
740,779,1519,0.12336794512040015
739,772,1511,0.12337283615252513
738,777,1515,0.12338073914807442
733,776,1509,0.12338922377355736
726,785,1511,0.12341025858849587
718,794,1512,0.12344635277547202
721,788,1509,0.12349965963456823
713,798,1511,0.12354377491530047
717,798,1515,0.12360512943868059
713,799,1512,0.123651059467227
711,803,1514,0.1237046875629483
703,809,1512,0.12375914914100608
694,810,1504,0.12382887602020283
689,807,1496,0.12391558056293825
691,805,1496,0.12400834364212038
691,813,1504,0.12409120429427595
689,824,1513,0.124167733199041
687,820,1507,0.12424272670011874
697,816,1513,0.12431813472264693
685,827,1512,0.12436442682942302
681,831,1512,0.12443808946765078
679,831,1510,0.1245172017315064
682,828,1510,0.12459381485113356
679,833,1512,0.12465732658662003
677,829,1506,0.12472290132644051
674,836,1510,0.12478815673046166
672,835,1507,0.12485471853806089
661,825,1486,0.12492229743960107
664,829,1493,0.12501370693234773
660,831,1491,0.12509044932465738
663,827,1490,0.12517240764304527
667,835,1502,0.12524095492858758
665,828,1493,0.12529572792628638
667,828,1495,0.125353930771813
681,838,1519,0.12540259734563797
671,837,1508,0.12541379145274348
665,842,1507,0.12544691811850275
664,849,1513,0.12549333343815108
666,843,1509,0.12553929430409563
663,838,1501,0.12557862725411328
664,841,1505,0.1256220011486743
660,848,1508,0.12566057694577787
664,848,1512,0.1257042973792697
677,845,1522,0.12573512932115477
676,844,1520,0.12573214323618082
674,842,1516,0.12573211312475505
676,836,1512,0.12573768837306215
670,832,1502,0.12573727772285678
667,838,1505,0.1257512098599946
671,837,1508,0.1257695263226716
669,837,1506,0.12577910992108915
667,834,1501,0.12579122284317562
660,836,1496,0.12580733270976896
662,830,1492,0.12584047249134847
663,837,1500,0.12586684541291981
658,843,1501,0.12589029970459234
661,845,1506,0.12592561249202044
654,835,1489,0.12595221314494534
657,845,1502,0.1259953736372748
660,842,1502,0.12603111699082795
651,836,1487,0.1260576218124341
645,841,1486,0.12610397792023625
651,842,1493,0.1261618608878507
659,845,1504,0.12620112017657617
655,844,1499,0.12621455565874895
652,844,1496,0.12623989266978924
646,844,1490,0.12627079873255084
644,846,1490,0.1263129268112524
649,849,1498,0.126356847056559
640,847,1487,0.12638693287317854
651,864,1515,0.12643647774553834
651,866,1517,0.12645671819061088
649,866,1515,0.1264760083783204
646,853,1499,0.12649834649402206
634,842,1476,0.12652458336109415
648,858,1506,0.12657854584565553
643,873,1516,0.12659315295324794
642,863,1505,0.12661886878442066
632,867,1499,0.1266452820948081
636,867,1503,0.12669533804774363
635,873,1508,0.1267317076351389
640,877,1517,0.1267686559294009
640,871,1511,0.12679075415560412
637,880,1517,0.1268119579650332
633,882,1515,0.126837865927653
635,877,1512,0.12687071597333574
625,879,1504,0.12689609308894315
625,886,1511,0.1269458001560435
623,891,1514,0.12699246013517843
631,889,1520,0.12704100589571063
624,892,1516,0.12706706168534426
615,900,1515,0.1271095456299627
615,905,1520,0.1271724405577264
612,907,1519,0.12722993401697968
616,895,1511,0.12729181893325706
613,900,1513,0.12733991995190558
619,901,1520,0.12738991875146854
621,900,1521,0.12742219425421406
612,908,1520,0.12744896866459704
613,910,1523,0.12749716048600684
614,902,1516,0.12753994331963484
616,902,1518,0.12757533707814978
618,908,1526,0.12760109645489467
617,905,1522,0.1276207341103548
617,899,1516,0.12764246790625378
616,899,1515,0.12766204057043803
618,901,1519,0.12768329190898517
609,907,1516,0.1276981529851535
603,913,1516,0.1277354616076996
586,915,1501,0.12778732162030093
582,915,1497,0.1278785103815279
585,909,1494,0.12797141997322425
584,912,1496,0.12805075964121557
584,908,1492,0.1281300270699587
584,913,1497,0.12820445198512098
584,917,1501,0.12827496835235508
577,913,1490,0.12834013015467688
581,912,1493,0.12841844556314524
580,927,1507,0.1284813407299717
573,937,1510,0.1285424458128804
570,936,1506,0.12861623167501424
579,927,1506,0.12869181374312874
579,922,1501,0.1287413823206143
573,936,1509,0.128790341629122
566,940,1506,0.12885115455394383
562,945,1507,0.12892431447848182
566,948,1514,0.12900534840581396
568,950,1518,0.12906980343475044
559,951,1510,0.1291242402399785
566,956,1522,0.12919922069920162
561,970,1531,0.12925216820174698
561,978,1539,0.12931477180775608
555,979,1534,0.1293729447088576
544,975,1519,0.12944229696453355
543,973,1516,0.12953581044623885
540,976,1516,0.1296241959807107
535,964,1499,0.12971432494601928
538,968,1506,0.12980930455319753
530,971,1501,0.1298889711046547
534,975,1509,0.12998343646447685
537,975,1512,0.13006122491708133
545,966,1511,0.13012514404640416
541,966,1507,0.13016351944350557
548,966,1514,0.13021012745085606
547,972,1519,0.13023682600316142
550,971,1521,0.13026379312416803
548,977,1525,0.13028197322407237
542,983,1525,0.13030213455581074
542,970,1512,0.1303362234956474
542,955,1497,0.13036932630201672
547,963,1510,0.13040001766700343
547,960,1507,0.13041761283317174
531,977,1508,0.13043386083742736
525,970,1495,0.13049000014070697
523,984,1507,0.13055749252985016
519,985,1504,0.13062349204456272
524,977,1501,0.13069446110303068
525,982,1507,0.1307471366502955
525,987,1512,0.13079336980097866
530,985,1515,0.13083800785392585
525,971,1496,0.13086629621269094
520,973,1493,0.13090580384683698
530,974,1504,0.1309560785640318
522,978,1500,0.13097777106263522
525,989,1514,0.13101614731851288
530,991,1521,0.1310458012465979
525,990,1515,0.13106170233639391
525,993,1518,0.13108805665194231
524,988,1512,0.13111190535728862
521,989,1510,0.13113621424528815
521,996,1517,0.1311666360173708
525,1005,1530,0.1311947968614864
513,1000,1513,0.13121085982882025
512,987,1499,0.1312557611762
512,982,1494,0.1313003036445638
520,988,1508,0.13134279467083168
519,985,1504,0.1313606572054487
523,975,1498,0.13138032724076137
520,981,1501,0.13138869261301722
515,968,1483,0.13140292360771869
522,964,1486,0.13142854470208742
518,970,1488,0.13143321783628445
518,974,1492,0.13144802573712017
512,985,1497,0.13146147604365999
514,997,1511,0.1314902859109798
515,1004,1519,0.1315121308689256
517,976,1493,0.13152932952344398
510,989,1499,0.13154388701140204
507,987,1494,0.13157407935237564
507,995,1502,0.13160995185735685
505,1001,1506,0.13164296541810802
506,1006,1512,0.13167943078189964
500,1013,1513,0.13171086415419836
508,1000,1508,0.13175633032576486
506,992,1498,0.13177651591484918
509,1006,1515,0.13179922838806063
500,1001,1501,0.1318142257014107
501,995,1496,0.13185282083765182
502,1000,1502,0.13188571163961005
507,998,1505,0.1319147708401417
510,999,1509,0.13192866699958677
511,1012,1523,0.131933489749678
515,1004,1519,0.13193642653425633
515,1006,1521,0.13192956875935521
511,997,1508,0.1319216808471292
512,992,1504,0.13192443466263928
514,1005,1519,0.13192298979488581
512,1011,1523,0.1319177210177301
509,1010,1519,0.13191819681515413
509,1016,1525,0.13192795417567169
506,1004,1510,0.13193599949841212
498,995,1493,0.13195219549266646
501,1006,1507,0.13198593781130932
505,987,1492,0.13200821925553602
509,987,1496,0.13201978869506414
506,1004,1510,0.1320191501720017
501,1000,1501,0.13202711925030036
500,1007,1507,0.13204729950560237
499,1007,1506,0.13206829371568674
509,994,1503,0.13209002894892324
501,1000,1501,0.13208408613688813
505,988,1493,0.13210000090677404
505,981,1486,0.13210449650110526
508,989,1497,0.1321100560101823
511,989,1500,0.1321078734689594
513,987,1500,0.13209982268885898
512,991,1503,0.13208596277078713
514,983,1497,0.13207661525548564
521,985,1506,0.13206185652350463
516,995,1511,0.13202728614351883
520,990,1510,0.13200777541430164
521,981,1502,0.13197969742639037
522,978,1500,0.13195006007300003
521,995,1516,0.1319208571426527
519,998,1517,0.13189571617186435
520,1002,1522,0.13187831535245675
517,1003,1520,0.13185833858214543
522,1003,1525,0.13184907278711078
524,1005,1529,0.1318289401877969
516,998,1514,0.1318060428238955
511,992,1503,0.13180495042396667
514,1002,1516,0.13181745633103234
513,1002,1515,0.1318206654290121
508,994,1502,0.1318246730579873
502,1004,1506,0.13184151573385622
507,1008,1515,0.13187209498709238
501,1000,1501,0.1318898894206899
502,1019,1521,0.1319207060778072
504,1006,1510,0.1319473000786176
498,1016,1514,0.13196630051728359
502,1017,1519,0.1319989793929542
508,1014,1522,0.13201849479496733
505,1004,1509,0.1320216538182404
500,1007,1507,0.13203240377951644
503,1014,1517,0.13205446131829596
497,1009,1506,0.13206637651459086
494,1005,1499,0.13209228695035086
503,1002,1505,0.1321229429652037
501,1003,1504,0.13212797805161527
500,998,1498,0.13213810361921907
498,1005,1503,0.13214750027627187
498,1009,1507,0.1321623805209731
502,1015,1517,0.1321751148786255
502,1018,1520,0.13217687707884956
495,1021,1516,0.1321792817285666
493,1017,1510,0.1321990450640762
497,1006,1503,0.1322210368352263
500,1007,1507,0.13223193459472043
499,1025,1524,0.13223446836985786
501,1017,1518,0.13223943314239553
505,1015,1520,0.13223908996782158
503,1021,1524,0.13222552117396938
501,1010,1511,0.13221635349327765
501,1008,1509,0.13221271633183698
506,1010,1516,0.13221059633471907
501,1007,1508,0.1321963811396972
504,1005,1509,0.13219359386478577
500,1001,1501,0.13218294060508215
505,998,1503,0.13218311075906267
505,1001,1506,0.13217000203517404
513,998,1511,0.13215886255344433
518,1007,1525,0.13212908960518535
509,1011,1520,0.1320875361586433
504,1001,1505,0.13207231038354939
514,1006,1520,0.13206980056853676
510,1001,1511,0.1320420505973088
510,996,1506,0.1320253728503894
507,988,1495,0.13201058053673445
499,996,1495,0.1320040617957086
501,1008,1509,0.13201916706185252
496,1009,1505,0.13202828868199076
499,1004,1503,0.13204985623451615
500,1007,1507,0.13206273506234312
484,1005,1489,0.13207393737507925
489,1013,1502,0.13212608586382202
483,1014,1497,0.13216219905027374
480,1006,1486,0.13221363502630065
482,1026,1508,0.1322687307152659
481,1022,1503,0.1323143689746157
483,1033,1516,0.1323587712666291
484,1029,1513,0.1323962744770992
482,1032,1514,0.1324304868069131
481,1029,1510,0.13246835200732834
483,1026,1509,0.13250602433795497
488,1015,1503,0.13253573207978758
484,1012,1496,0.13255042572267672
477,1017,1494,0.1325746123826184
479,1016,1495,0.13261451234353872
468,1025,1493,0.1326474078163415
476,1026,1502,0.13270682046641763
474,1029,1503,0.13274162814728174
475,1033,1508,0.13277746726433126
474,1039,1513,0.13280875376976373
480,1048,1528,0.1328403023273772
475,1038,1513,0.13285496811740194
475,1051,1526,0.1328815280553229
466,1050,1516,0.13290641006363135
461,1057,1518,0.13295577289988836
457,1060,1517,0.13301480392376192
459,1054,1513,0.13308025809517016
466,1064,1530,0.13313516506641346
455,1065,1520,0.13316616209049872
462,1063,1525,0.1332232262618978
456,1067,1523,0.13326042401151406
455,1066,1521,0.133310162798557
457,1062,1519,0.13336082110820124
452,1070,1522,0.13340431096889305
449,1067,1516,0.13345687390826008
450,1068,1518,0.13351429984670252
446,1065,1511,0.13356736419299917
448,1061,1509,0.13362736159788266
454,1051,1505,0.13367761760858435
457,1053,1510,0.1337094587012105
458,1057,1515,0.13373103519414692
456,1068,1524,0.13374773600696532
449,1074,1523,0.13376811991540893
442,1074,1516,0.1338050840177803
434,1072,1506,0.13385855243419442
443,1074,1517,0.13392844733637843
443,1074,1517,0.1339695428067382
441,1076,1517,0.13400633823879463
443,1073,1516,0.13404678823107177
443,1063,1506,0.1340779574057272
449,1051,1500,0.13410590667039105
447,1057,1504,0.13411735044993275
453,1052,1505,0.1341326279583313
452,1052,1504,0.13413137773038394
456,1048,1504,0.13413181985259093
455,1051,1506,0.13411943383585812
455,1054,1509,0.1341103904589852
451,1054,1505,0.134102886900772
454,1059,1513,0.13410680726554308
462,1058,1520,0.13410194509565282
463,1049,1512,0.1340775161919775
460,1053,1513,0.1340517336867139
458,1047,1505,0.1340358096954448
463,1057,1520,0.13402518454962922
465,1051,1516,0.13400367579791278
458,1055,1513,0.13397825906468525
457,1051,1508,0.13397223960245516
454,1056,1510,0.1339689139577887
466,1063,1529,0.13397372687280365
464,1050,1514,0.13394697446906056
456,1054,1510,0.1339261916316776
454,1053,1507,0.1339284804594027
451,1060,1511,0.13393412412576006
448,1051,1499,0.13394785682998492
452,1054,1506,0.13396781784693867
456,1062,1518,0.1339762513261805
456,1055,1511,0.13397408755190207
460,1047,1507,0.13397369726929623
456,1064,1520,0.13396229124806214
455,1060,1515,0.13396208057705475
458,1052,1510,0.1339644774295597
457,1045,1502,0.13395935415156096
455,1048,1503,0.13395824306384443
453,1054,1507,0.13396490246934753
458,1053,1511,0.13397629135676872
454,1053,1507,0.13397477461668134
454,1063,1517,0.13398302513015373
457,1055,1512,0.13399145239260268
454,1052,1506,0.13399140617772054
449,1050,1499,0.13399887909420777
448,1055,1503,0.1340198648942447
454,1059,1513,0.13404336911128847
451,1070,1521,0.13404869383943022
452,1072,1524,0.13406214665017738
453,1070,1523,0.1340722917047981
450,1071,1521,0.13407872914774896
449,1076,1525,0.1340932393427578
450,1074,1524,0.1341089762158578
442,1076,1518,0.13412119525577426
445,1052,1497,0.1341525648726494
444,1064,1508,0.13417393198157776
439,1061,1500,0.13419633331267256
438,1053,1491,0.13422973226642246
445,1065,1510,0.13426474305080544
436,1075,1511,0.1342794362723635
441,1084,1525,0.13431662352416654
441,1072,1513,0.13433840019762544
443,1069,1512,0.1343594275815794
450,1073,1523,0.13437279029448235
451,1071,1522,0.1343672330541959
440,1074,1514,0.13435890416691998
435,1084,1519,0.13438021086830382
441,1078,1519,0.13441435962864415
439,1066,1505,0.13443022052772136
449,1072,1521,0.13445002296956074
448,1073,1521,0.13444285381785698
444,1064,1508,0.13444045464413065
440,1074,1514,0.13444910351680744
441,1064,1505,0.13446806743905682
443,1072,1515,0.13448209365608205
435,1065,1500,0.13449032370360794
438,1067,1505,0.13452126504961645
432,1070,1502,0.13454203382768143
422,1065,1487,0.13457794957447416
429,1072,1501,0.13463695326463726
436,1067,1503,0.13467433282882751
428,1069,1497,0.13468984877081638
432,1061,1493,0.13472652103107713
435,1074,1509,0.13475131920746874
431,1090,1521,0.1347664179213588
429,1084,1513,0.1347915965525053
424,1097,1521,0.13481991775419674
420,1089,1509,0.13485767027407206
420,1085,1505,0.134902738965112
422,1085,1507,0.13494404382231867
420,1087,1507,0.1349776607091405
434,1087,1521,0.13501386367382576
435,1079,1514,0.13501170074174929
432,1075,1507,0.13500773742379718
427,1081,1508,0.13501228361783754
432,1085,1517,0.13502939772717418
426,1085,1511,0.13503133695775568
422,1080,1502,0.13504926059643227
419,1089,1508,0.1350776256669026
428,1085,1513,0.13511215714197303
422,1092,1514,0.1351190294543628
423,1081,1504,0.1351410936017231
425,1083,1508,0.13515944874518157
420,1087,1507,0.13517106555952932
419,1090,1509,0.13519561433342694
415,1105,1520,0.13522239943406555
413,1104,1517,0.13525845153948785
413,1108,1521,0.13529694563142222
409,1105,1514,0.13533263902413567
406,1098,1504,0.13537753374208936
401,1101,1502,0.1354274379953525
397,1100,1497,0.13548593161224867
389,1106,1495,0.1355505790433738
395,1120,1515,0.13563230507403284
401,1105,1506,0.13569444526330587
396,1104,1500,0.13573599538387998
397,1114,1511,0.13578737304355923
396,1112,1508,0.1358328849427161
393,1123,1516,0.1358782800506559
391,1124,1515,0.13592753489092563
393,1118,1511,0.13597889427705606
395,1119,1514,0.13602076413263242
388,1109,1497,0.136055200502074
397,1120,1517,0.13610343344131345
393,1120,1513,0.13612529157089223
394,1128,1522,0.13615622753221793
383,1127,1510,0.13618210969397637
393,1136,1529,0.13623492389362857
397,1133,1530,0.13625685698521134
386,1127,1513,0.1362653744200722
385,1137,1522,0.1363040837323998
391,1134,1525,0.13634293295805452
388,1121,1509,0.13636341708276986
387,1124,1511,0.13639056101484265
399,1125,1524,0.13641773786249414
397,1120,1517,0.1364120499895509
397,1120,1517,0.1364109356280774
401,1119,1520,0.13641039080773015
396,1113,1509,0.13639915795381166
396,1103,1499,0.1363992908678057
402,1117,1519,0.13639916496447566
405,1121,1526,0.1363828820935896
403,1121,1524,0.13636086760391097
399,1121,1520,0.1363471230347556
396,1116,1512,0.13634480103720636
397,1103,1500,0.13634867006110926
400,1104,1504,0.13635123599480425
402,1098,1500,0.13634578913615047
400,1089,1489,0.1363354759844988
399,1091,1490,0.13633104153370593
401,1101,1502,0.13632997951114184
401,1107,1508,0.13632519780336338
390,1095,1485,0.1363182438630236
393,1108,1501,0.13634245069717277
394,1101,1495,0.13635539663738386
385,1103,1488,0.13636407335826964
399,1099,1498,0.13639510595649543
398,1102,1500,0.1363868004529469
398,1101,1499,0.1363801964832574
395,1110,1505,0.13637542284111245
390,1106,1496,0.13637909368897322
386,1121,1507,0.1363971672842443
384,1112,1496,0.1364255551074742
382,1115,1497,0.1364573103995177
381,1114,1495,0.1364926937483589
384,1112,1496,0.1365301225562064
377,1138,1515,0.13655789937339033
374,1145,1519,0.1366032651718202
367,1154,1521,0.13665633027093554
366,1152,1518,0.1367225806511071
365,1148,1513,0.13678781981727112
362,1148,1510,0.1368528772069952
366,1153,1519,0.1369211526178615
362,1156,1518,0.1369747111832936
360,1155,1515,0.13703524259429678
358,1154,1512,0.13709791853833914
362,1158,1520,0.13716208996268986
361,1156,1517,0.13721215083784938
358,1152,1510,0.13726143722882334
357,1150,1507,0.1373157437365628
357,1153,1510,0.13736983750826062
352,1158,1510,0.13741969202547716
348,1158,1506,0.1374792252335177
349,1149,1498,0.13754585472764877
341,1137,1478,0.13760655152732093
344,1143,1487,0.1376850381389633
345,1140,1485,0.13775051426417853
344,1142,1486,0.1378105310986291
338,1141,1479,0.13787079938022934
340,1161,1501,0.13794207928393176
345,1167,1512,0.13800233547211346
346,1161,1507,0.1380469056444003
349,1168,1517,0.1380868449791187
343,1160,1503,0.13811580396862744
347,1167,1514,0.138158773997826
349,1162,1511,0.13818765495661597
350,1152,1502,0.13820831005878056
355,1161,1516,0.13822676668251674
357,1162,1519,0.13823143855154238
359,1161,1520,0.13822900695392148
354,1157,1511,0.1382230073870638
350,1154,1504,0.138232775446761
353,1162,1515,0.13825075435187248
355,1163,1518,0.13825934483031374
351,1166,1517,0.13826341925356858
353,1157,1510,0.13827937726694842
357,1165,1522,0.1382884514993921
347,1171,1518,0.1382864535650496
348,1168,1516,0.13831087776051265
343,1168,1511,0.1383311883484747
347,1167,1514,0.13836247719836156
348,1169,1517,0.1383808853082117
354,1154,1508,0.1383936262413402
349,1162,1511,0.13839013152916038
352,1162,1514,0.13839981075700486
346,1162,1508,0.1384008799653343
350,1171,1521,0.1384173235398817
347,1168,1515,0.13842227266679152
341,1167,1508,0.13843678545530622
339,1178,1517,0.13846639327672353
338,1177,1515,0.1384997904784007
333,1179,1512,0.13853246528215718
334,1169,1503,0.13857487005122215
335,1182,1517,0.13861267085370726
334,1174,1508,0.13864458113135755
342,1167,1509,0.1386761794850123
337,1183,1520,0.13868493504463594
338,1183,1521,0.13870574263786853
330,1181,1511,0.13872071305969785
328,1184,1512,0.1387567466855323
325,1179,1504,0.13879505641609913
329,1178,1507,0.1388387332269069
324,1190,1514,0.13886943612202582
322,1192,1514,0.13891073846655577
324,1185,1509,0.138955593007206
320,1185,1505,0.13899119479979422
323,1195,1518,0.13903503387644928
320,1207,1527,0.13906775340829017
319,1196,1515,0.1391071556826291
316,1186,1502,0.1391465318203888
315,1187,1502,0.13919251852112377
317,1192,1509,0.13923946567497314
322,1194,1516,0.13927668111006297
319,1202,1521,0.13929771137466868
311,1209,1520,0.13932662245105237
313,1207,1520,0.13937439752560896
314,1200,1514,0.13941392035163763
313,1204,1517,0.13944659698432044
314,1206,1520,0.1394790886528345
312,1208,1520,0.13950788350514529
309,1211,1520,0.13953999410541904
305,1206,1511,0.1395784203061182
304,1209,1513,0.13962369789146822
308,1201,1509,0.13966892434834752
307,1201,1508,0.1397019412386543
304,1193,1497,0.13973456310530757
309,1203,1512,0.13977300530920042
309,1198,1507,0.1397945370115134
300,1204,1504,0.1398150894490996
295,1208,1503,0.13985893746402517
293,1214,1507,0.13991322732470515
293,1220,1513,0.13996804846702818
291,1215,1506,0.14001890015951793
294,1217,1511,0.140071591747715
295,1211,1506,0.14011132565581152
294,1215,1509,0.1401471460904206
297,1219,1516,0.14018402335827193
293,1216,1509,0.14021025335197404
288,1216,1504,0.140246738258908
283,1224,1507,0.14029293208773455
287,1214,1501,0.14034996428079757
289,1217,1506,0.14039102071690338
294,1226,1520,0.1404246517001351
287,1225,1512,0.14044402507695083
287,1247,1534,0.1404810649258869
283,1245,1528,0.14051476180026998
278,1246,1524,0.14055730283707757
281,1252,1533,0.14060983866207963
279,1235,1514,0.1406522661755689
280,1237,1517,0.14069798724093774
284,1237,1521,0.1407378854937169
279,1235,1514,0.14076348943481304
274,1226,1500,0.14080047975440146
265,1233,1498,0.14084946053815348
265,1231,1496,0.14092158221096157
265,1236,1501,0.14098977042307817
268,1245,1513,0.14105413940744616
262,1248,1510,0.1411078122266073
261,1249,1510,0.1411743969043445
255,1249,1504,0.14123823047564113
261,1245,1506,0.14131424558240427
262,1238,1500,0.14136879936663022
262,1250,1512,0.14141764980774668
256,1256,1512,0.14146429873297323
260,1252,1512,0.14152404527136003
261,1251,1512,0.1415688147472733
267,1262,1529,0.14160804524476447
271,1264,1535,0.1416283490326072
265,1264,1529,0.14163610335158455
265,1267,1532,0.1416591878208382
255,1259,1514,0.14168205396376884
250,1251,1501,0.14173007519207534
251,1266,1517,0.141787499311185
250,1271,1521,0.1418387481455657
250,1277,1527,0.1418896663094151
248,1264,1512,0.14193762822361441
248,1266,1514,0.14198754885208856
249,1265,1514,0.14203479235000352
249,1265,1514,0.14207639410545803
245,1261,1506,0.14211548004797692
244,1270,1514,0.14216141456120915
252,1265,1517,0.14220699925901895
255,1249,1504,0.1422270384962724
252,1249,1501,0.14223884148735852
250,1253,1503,0.14225862713473234
250,1242,1492,0.14228232830102883
246,1251,1497,0.14230413347569001
244,1246,1490,0.14233658914156203
242,1262,1504,0.14237076846957045
243,1258,1501,0.14240787890116977
245,1249,1494,0.14243905322480854
245,1240,1485,0.14246298400021157
242,1252,1494,0.1424856435936236
244,1259,1503,0.14251510851800764
247,1250,1497,0.14253733347368236
246,1259,1505,0.14255072418113773
244,1252,1496,0.14256602392420137
239,1260,1499,0.1425868136601725
238,1279,1517,0.14261846405416403
237,1275,1512,0.14265034520754663
235,1276,1511,0.1426825708424072
240,1262,1502,0.14271893968271684
237,1266,1503,0.14273938506868994
235,1268,1503,0.14276608008496544
231,1276,1507,0.14279597550492945
229,1289,1518,0.14283564727376474
224,1287,1511,0.1428774797258952
221,1283,1504,0.14293002290910123
220,1297,1517,0.1429879940936907
224,1290,1514,0.14304421439915307
221,1286,1507,0.14308525221654997
215,1289,1504,0.14313213198237026
209,1287,1496,0.14319368088102902
216,1294,1510,0.14326736673845342
216,1304,1520,0.1433175871410713
216,1315,1531,0.14336442636215926
217,1314,1531,0.14340813291172444
212,1307,1519,0.14344592931321828
210,1302,1512,0.14349421981054816
210,1299,1509,0.14354466378441533
203,1302,1505,0.14359216213836012
207,1302,1509,0.14365501584394555
211,1315,1526,0.1437028295102868
210,1313,1523,0.14373735713218028
205,1321,1526,0.14377171231510194
206,1317,1523,0.1438182282199177
203,1306,1509,0.14385916819522593
202,1306,1508,0.14390508310958736
203,1314,1517,0.14395035754598295
202,1313,1515,0.14398964245568727
199,1318,1517,0.14402778785116946
203,1321,1524,0.14407103240659305
202,1310,1512,0.14410035715332106
204,1308,1512,0.1441308272225568
201,1319,1520,0.14415328742296044
201,1312,1513,0.14418201783438267
202,1319,1521,0.1442081722580414
196,1319,1515,0.14423136576232473
194,1316,1510,0.14426989271108984
194,1306,1500,0.1443111339642414
191,1295,1486,0.14434995017331403
189,1288,1477,0.14439445534691475
190,1293,1483,0.1444426552749988
199,1299,1498,0.14448548833808242
198,1308,1506,0.14450016133525112
200,1304,1504,0.14451670723522078
201,1311,1512,0.14452692147552063
208,1302,1510,0.1445332070997197
212,1291,1503,0.14452002902969305
215,1308,1523,0.14449663266879312
215,1299,1514,0.14446563473312085
213,1301,1514,0.14443794255702394
208,1311,1519,0.14441758878169492
205,1298,1503,0.14441144061501648
206,1309,1515,0.1444148314685831
207,1312,1519,0.14441594724243229
207,1304,1511,0.14441480713261898
203,1310,1513,0.14441420617293033
206,1291,1497,0.14442457813307302
208,1288,1496,0.14442643005280098
213,1287,1500,0.14442221171622627
213,1293,1506,0.14440385338372475
213,1294,1507,0.14438726379957537
217,1278,1495,0.14437025376199747
216,1287,1503,0.14434304160559538
214,1282,1496,0.1443201628577863
209,1295,1504,0.14430538948470317
212,1305,1517,0.14430555247171642
212,1312,1524,0.14429584002201407
206,1306,1512,0.1442888321257687
205,1307,1512,0.14429799322742853
203,1309,1512,0.14430987518475807
202,1299,1501,0.14432656941914762
200,1294,1494,0.1443454031271746
201,1305,1506,0.14436887219225056
199,1296,1495,0.14438760707024248
197,1304,1501,0.14441097973260913
204,1292,1496,0.14443786959829616
205,1302,1507,0.14444394041166694
204,1298,1502,0.14444714278673282
206,1284,1490,0.14445255329424647
209,1283,1492,0.14445231015231452
202,1284,1486,0.14444318080415106
203,1298,1501,0.1444547522669285
204,1311,1515,0.14446274971574719
201,1320,1521,0.14446772650874146
203,1325,1528,0.14448258639685035
196,1321,1517,0.14449121991084118
195,1323,1518,0.14451877051962655
193,1320,1513,0.14454691407910467
197,1324,1521,0.14457909089320947
196,1318,1514,0.1445972085034113
199,1318,1517,0.14461791559498077
197,1313,1510,0.1446287421345755
193,1321,1514,0.14464421591738416
193,1336,1529,0.1446697182744416
192,1338,1530,0.14469136530808205
194,1338,1532,0.14471422534769782
197,1337,1534,0.14473075526082144
192,1328,1520,0.14473924515624698
194,1323,1517,0.1447608437095042
195,1326,1521,0.14477612170166507
197,1326,1523,0.14478650480530886
197,1319,1516,0.14479171454845757
195,1314,1509,0.144796792943767
191,1327,1518,0.14480693432231956
190,1312,1502,0.1448284594071856
191,1322,1513,0.1448509909118745
190,1315,1505,0.14486879703473401
188,1310,1498,0.14488850366186953
183,1315,1498,0.14491236649797706
179,1314,1493,0.1449485845883676
181,1320,1501,0.1449930104873137
184,1318,1502,0.14502900834494922
183,1336,1519,0.145054139176191
179,1335,1514,0.14508013529246772
181,1340,1521,0.1451141488374819
181,1346,1527,0.1451404646356706
181,1346,1527,0.14516495340112223
179,1339,1518,0.1451884823548616
179,1344,1523,0.1452159957246577
180,1343,1523,0.14524052560186798
179,1346,1525,0.1452606854359977
180,1332,1512,0.1452826691179477
178,1340,1518,0.14530066883172513
181,1334,1515,0.14532181173037403
178,1332,1510,0.14533365703333428
180,1334,1514,0.14535265581093423
182,1342,1524,0.14536379569544963
184,1331,1515,0.1453692785677915
184,1320,1504,0.1453690920926537
184,1324,1508,0.14536850100123064
183,1327,1510,0.14536829091887493
181,1327,1508,0.14537101751331982
180,1332,1512,0.14538031291002754
183,1329,1512,0.14539225454059818
179,1332,1511,0.1453943077355727
178,1348,1526,0.14540787860923993
178,1346,1524,0.14542229659970957
181,1344,1525,0.1454357419203507
183,1345,1528,0.1454398655600487
185,1340,1525,0.14543819672912275
183,1340,1523,0.14543035170416732
184,1346,1530,0.14542958112421245
185,1335,1520,0.14542537680318224
182,1322,1504,0.1454195233547528
184,1337,1521,0.14542243734867003
185,1332,1517,0.14542021882222556
182,1342,1524,0.14541513579458448
179,1339,1518,0.14541910111985737
180,1340,1520,0.1454315713416939
175,1340,1515,0.14543995277432983
175,1327,1502,0.14546214896927107
178,1338,1516,0.14548246137414003
174,1344,1518,0.1454920384154909
175,1346,1521,0.14551198650880898
176,1330,1506,0.145528139498581
174,1328,1502,0.1455404141149395
176,1333,1509,0.14555742292629625
176,1332,1508,0.14556798864911383
173,1343,1516,0.14557809073635017
173,1349,1522,0.1455953746697644
176,1342,1518,0.1456109532775719
177,1344,1521,0.1456158338825157
174,1340,1514,0.14561725117850727
168,1336,1504,0.14562685154512373
169,1341,1510,0.14565215376321494
170,1330,1500,0.14567225263268546
173,1341,1514,0.1456881062422728
171,1363,1534,0.14569421112464867
175,1352,1527,0.14570516770196554
171,1350,1521,0.14570451456809455
171,1347,1518,0.14571536428026696
172,1351,1523,0.14572578403089434
170,1339,1509,0.1457327639095844
169,1335,1504,0.1457453476801296
168,1336,1504,0.14576041532928383
166,1327,1493,0.14577766802523168
161,1338,1499,0.1457995772399858
163,1353,1516,0.14583436910549563
158,1327,1485,0.14586062881638312
154,1333,1487,0.14589907465744875
157,1338,1495,0.145946592752391
161,1339,1500,0.14598259652150278
161,1334,1495,0.14600479392777188
160,1346,1506,0.1460253052165218
159,1353,1512,0.14604664409578136
155,1362,1517,0.1460690180191887
158,1362,1520,0.14610150619370899
163,1360,1523,0.1461219977527089
164,1361,1525,0.1461275653542729
158,1359,1517,0.14612975564056538
162,1350,1512,0.1461495937231759
160,1352,1512,0.14615638609600465
164,1355,1519,0.14616798443728304
161,1354,1515,0.14616715156278226
160,1353,1513,0.14617419122274802
161,1352,1513,0.14618358649068525
161,1360,1521,0.14618977269380476
157,1367,1524,0.1461956010362081
156,1358,1514,0.14621204699558338
158,1353,1511,0.14623001712800002
160,1351,1511,0.14624036033018825
158,1357,1515,0.14624471124204322
157,1375,1532,0.14625440071364987
154,1358,1512,0.14626647122721229
150,1365,1515,0.14628734827525725
146,1362,1508,0.1463182897907064
143,1351,1494,0.14635878196557267
146,1357,1503,0.14640523731045535
146,1358,1504,0.1464396591210505
152,1351,1503,0.14647149898178882
147,1356,1503,0.14648323144137398
151,1361,1512,0.14650920913395132
152,1359,1511,0.1465217302251822
154,1358,1512,0.14653056254062338
153,1361,1514,0.14653297126638365
155,1368,1523,0.1465380920580443
157,1365,1522,0.14653649153289525
158,1370,1528,0.1465295660962722
159,1372,1531,0.14652028173936982
155,1347,1502,0.14650918732539664
155,1346,1501,0.14651038832784033
153,1358,1511,0.1465118153840019
151,1366,1517,0.1465186616176606
153,1365,1518,0.14653079499348487
157,1373,1530,0.14653635530464823
158,1369,1527,0.1465293368011098
158,1364,1522,0.14651991432097708
155,1361,1516,0.14651128529699978
151,1363,1514,0.1465119745792407
154,1368,1522,0.14652400265821042
156,1370,1526,0.14652556033981598
157,1368,1525,0.1465205995186067
157,1357,1514,0.1465133402302098
156,1351,1507,0.1465072145286487
158,1350,1508,0.1465043567532849
160,1364,1524,0.14649509396773802
160,1352,1512,0.146480482344634
159,1348,1507,0.14646615141605737
160,1356,1516,0.14645572819295716
160,1363,1523,0.14644350315880938
160,1355,1515,0.14643200631136685
158,1358,1516,0.14642115915115259
155,1358,1513,0.14641737561983473
156,1358,1514,0.14642282600117443
155,1362,1517,0.14642442345855033
157,1364,1521,0.14642848372902398
156,1342,1498,0.14642602935689777
157,1355,1512,0.14642772510906382
159,1354,1513,0.146426217866201
155,1353,1508,0.14641962125950916
151,1358,1509,0.1464248150689659
152,1361,1513,0.14644106654934919
152,1357,1509,0.14645332690108645
145,1358,1503,0.1464646670409142
147,1360,1507,0.14649558225669343
150,1370,1520,0.14651794202994586
150,1360,1510,0.1465304179627202
149,1359,1508,0.14654258088257394
153,1365,1518,0.14655682012674337
154,1369,1523,0.1465582600781185
155,1363,1518,0.14655660427622969
156,1368,1524,0.14655296173985602
157,1373,1530,0.1465477070406095
156,1368,1524,0.14654005277860838
152,1366,1518,0.14653619879234328
155,1360,1515,0.14654527601018946
152,1351,1503,0.14654486351470886
149,1357,1506,0.1465536070027095
153,1357,1510,0.14657150914556888
149,1356,1505,0.14657623084430102
143,1361,1504,0.146592115388121
138,1362,1500,0.14662481912502154
139,1362,1501,0.14666872291373614
140,1370,1510,0.14670678595595732
139,1358,1497,0.14673970382300466
135,1359,1494,0.14677355495060262
135,1360,1495,0.14681753866531266
132,1369,1501,0.14685874843801103
127,1377,1504,0.14690611351669683
128,1382,1510,0.14696453632962225
125,1380,1505,0.1470164776768614
123,1382,1505,0.1470727468825879
122,1383,1505,0.1471313473466982
126,1391,1517,0.14718964411277166
131,1401,1532,0.14723243044474363
126,1386,1512,0.14725881086468953
127,1385,1512,0.14729918382634058
124,1382,1506,0.14733393412987866
127,1393,1520,0.14737529373234512
126,1379,1505,0.14740504961980685
129,1374,1503,0.14743520292536164
129,1376,1505,0.14745374096511832
127,1390,1517,0.14747177054983335
127,1389,1516,0.14749397482136095
125,1396,1521,0.14751508125544738
118,1395,1513,0.14754125957403258
122,1399,1521,0.14758668578786796
122,1394,1516,0.14761762836660797
122,1400,1522,0.1476466185742846
122,1410,1532,0.14767347779780238
122,1408,1530,0.14769912680414446
123,1400,1523,0.14772236557428314
121,1394,1515,0.14774168605606214
119,1408,1527,0.14776564465055725
120,1399,1519,0.14779355260149546
122,1389,1511,0.1478164884518089
126,1404,1530,0.14783214492369942
129,1390,1519,0.14783482057459182
129,1390,1519,0.14782857840980718
124,1393,1517,0.14782268015363592
119,1395,1514,0.14783193658055274
121,1398,1519,0.14785562561357637
118,1385,1503,0.1478711268413902
118,1397,1515,0.14789382728175038
117,1399,1516,0.14791514391178084
117,1407,1524,0.14793810910382924
115,1416,1531,0.14795969403713585
116,1402,1518,0.14798565876541425
119,1406,1525,0.14800714211289182
122,1402,1524,0.14801793618314396
121,1402,1523,0.14801988007425598
122,1393,1515,0.14802520176146267
123,1388,1511,0.14802710311212391
126,1393,1519,0.14802597658894118
122,1396,1518,0.14801630066119345
125,1399,1524,0.14801864983684826
127,1400,1527,0.14801172588822115
125,1396,1521,0.14799982414771562
120,1393,1513,0.14799468933363433
123,1395,1518,0.1480044987304554
124,1397,1521,0.14800528490350115
124,1387,1511,0.14800329552493985
125,1394,1519,0.14800144573453894
123,1389,1512,0.14799724766778075
123,1390,1513,0.14799930353766008
122,1385,1507,0.1480010259463705
127,1383,1510,0.14800588545248874
124,1392,1516,0.14799581739713194
124,1391,1515,0.1479949934648825
120,1398,1518,0.14799439966661115
122,1394,1516,0.14800540468577997
123,1393,1516,0.14801017189496057
124,1377,1501,0.14801144000590483
124,1366,1490,0.14800984524271615
128,1382,1510,0.1480083586499106
127,1385,1512,0.14799524491045857
126,1390,1516,0.14798661064836227
128,1389,1517,0.14798099886759875
128,1383,1511,0.14796989501867272
127,1396,1523,0.147959690484534
123,1395,1518,0.1479530288199945
122,1395,1517,0.14795928082584273
122,1386,1508,0.14796810117055423
120,1395,1515,0.14797650641951537
117,1391,1508,0.14799047262992324
119,1391,1510,0.14801289178076427
118,1391,1509,0.14802756375940265
113,1390,1503,0.14804405962417885
112,1393,1505,0.14807430928043525
111,1400,1511,0.14810518275147075
107,1406,1513,0.14813669105046837
108,1396,1504,0.14817760309150252
107,1418,1525,0.14821265751247928
105,1420,1525,0.14824893014871815
102,1416,1518,0.148288518101497
99,1415,1514,0.1483337826742673
103,1403,1506,0.14838532461522994
102,1417,1519,0.14842284415003054
106,1427,1533,0.14846085171091108
108,1424,1532,0.14848486331919772
103,1412,1515,0.14850146635392497
104,1413,1517,0.1485317227923049
102,1402,1504,0.14855686185330033
104,1411,1515,0.14858617126967935
104,1408,1512,0.1486078187911289
102,1401,1503,0.14862815699119192
103,1409,1512,0.14865391208268441
101,1406,1507,0.14867475992499504
99,1403,1502,0.14870063347789542
100,1413,1513,0.14873082883781272
101,1410,1511,0.148756598308482
102,1419,1521,0.14877801838738208
101,1401,1502,0.14879527286366925
100,1417,1517,0.1488144018577345
95,1418,1513,0.14883503028638365
99,1417,1516,0.14886922665621125
99,1417,1516,0.14888922686773157
96,1427,1523,0.1489082473240515
97,1418,1515,0.1489347299710145
96,1421,1517,0.14895685027089844
97,1408,1505,0.14898066182101255
100,1410,1510,0.14899994482545792
97,1413,1510,0.14900925701153578
93,1418,1511,0.14902661660300745
95,1418,1513,0.14905455222218852
98,1425,1523,0.14907473192612394
95,1424,1519,0.14908472517516036
98,1414,1512,0.14910409557944235
96,1407,1503,0.14911303895708702
95,1409,1504,0.14912793763982965
96,1411,1507,0.14914486743980437
98,1408,1506,0.14915711480428484
98,1406,1504,0.14916245803462616
97,1413,1510,0.1491674276159875
98,1422,1520,0.1491749847761238
96,1416,1512,0.1491790140013969
97,1410,1507,0.14918868449195957
94,1421,1515,0.1491948110290607
94,1411,1505,0.1492092381793627
97,1407,1504,0.149222649254305
96,1402,1498,0.14922635482877797
94,1412,1506,0.1492330189912954
96,1433,1529,0.14924543235678803
97,1430,1527,0.14925122437704613
97,1432,1529,0.14925349916369116
99,1427,1526,0.14925556260351933
98,1418,1516,0.14925174675896916
99,1415,1514,0.14925121345651923
103,1426,1529,0.14924766668184195
101,1421,1522,0.14923294812166865
102,1415,1517,0.149225505393685
103,1413,1516,0.14921583714732564
105,1411,1516,0.14920420301868026
101,1412,1513,0.14918736748260192
99,1410,1509,0.1491837073173341
99,1414,1513,0.14918622051402525
98,1415,1513,0.14918830061537927
99,1414,1513,0.1491931733073594
95,1435,1530,0.14919507892391676
96,1436,1532,0.1492085623455232
97,1425,1522,0.14921800320422626
97,1415,1512,0.14922420873692752
96,1404,1500,0.14922984670710196
94,1428,1522,0.1492379183392797
94,1433,1527,0.14925124852405183
99,1430,1529,0.14926369515800073
100,1418,1518,0.14926019153869896
100,1424,1524,0.1492538804834352
100,1427,1527,0.149247335762064
96,1417,1513,0.14924135476222591
97,1418,1515,0.14924763137764469
97,1414,1511,0.14924991078524216
95,1417,1512,0.1492519703504862
96,1400,1496,0.14925999348507382
96,1418,1514,0.14926422659265376
99,1422,1521,0.14926814324169077
100,1420,1520,0.14926300379826238
104,1416,1520,0.14925569199223543
104,1416,1520,0.14923740321355422
102,1430,1532,0.1492204328935305
102,1418,1520,0.14921018971369726
98,1406,1504,0.149200244773379
101,1421,1522,0.14920281204236419
99,1413,1512,0.1491962705318849
99,1419,1518,0.14919608693485908
99,1414,1513,0.149195969250284
105,1424,1529,0.14919560005523658
104,1419,1523,0.14917800445302043
103,1420,1523,0.14916408532259834
98,1418,1516,0.14915401474348255
104,1422,1526,0.14915947951561848
104,1412,1516,0.1491468771013206
103,1423,1526,0.1491351200583517
104,1419,1523,0.14912702790002025
102,1412,1514,0.1491161218523074
105,1408,1513,0.1491115190995607
103,1397,1500,0.14909860588275284
101,1411,1512,0.1490922365176181
103,1427,1530,0.1490926961240553
100,1436,1536,0.14908716990520396
99,1432,1531,0.1490908651447222
101,1410,1511,0.14909716282376337
101,1417,1518,0.14909721494864897
103,1426,1529,0.14909685062448816
106,1438,1544,0.14909045272106503
104,1423,1527,0.14907576850544987
103,1426,1529,0.14906853598923067
102,1433,1535,0.14906464684627108
95,1423,1518,0.14906379208919565
94,1425,1519,0.149083908090415
88,1417,1505,0.14910564697305603
87,1412,1499,0.14914322932471502
88,1402,1490,0.14918088819082234
86,1417,1503,0.14921312260451572
87,1414,1501,0.14924936686616203
87,1413,1500,0.1492802108800811
89,1430,1519,0.14930920465696418
87,1424,1511,0.14933027358177361
87,1429,1516,0.14935649462231396
86,1436,1522,0.1493810011272477
87,1434,1521,0.14940720594770762
88,1426,1514,0.1494289021109184
88,1426,1514,0.14944632767504235
86,1428,1514,0.1494627565259221
82,1440,1522,0.14948411661455108
79,1434,1513,0.14951579629244877
80,1440,1520,0.1495544919940425
77,1435,1512,0.14958766029484089
75,1436,1511,0.1496276755336914
75,1443,1518,0.14967111417208237
72,1440,1512,0.1497117319416574
71,1431,1502,0.14975864253245022
71,1447,1518,0.14980562012913404
72,1453,1525,0.14985005227642995
75,1445,1520,0.14988876020470449
76,1440,1516,0.14991612189574152
76,1447,1523,0.14993900428754986
76,1446,1522,0.1499606227849805
75,1453,1528,0.1499810721664009
74,1456,1530,0.1500034454944012
74,1455,1529,0.15002748984833694
73,1441,1514,0.15005029554709579
71,1454,1525,0.15007469175309357
65,1456,1521,0.15010366930253022
65,1457,1522,0.15014822794333177
64,1452,1516,0.15018997550353938
65,1449,1514,0.1502321354668632
64,1455,1519,0.15026861683797407
62,1457,1519,0.15030576754094122
63,1454,1517,0.15034729954697665
64,1444,1508,0.15038299127549037
65,1446,1511,0.15041352383832604
62,1449,1511,0.15043949061863898
61,1442,1503,0.15047295934888893
61,1440,1501,0.15050724578225602
62,1449,1511,0.1505393031815913
63,1455,1518,0.15056630840738486
64,1464,1528,0.1505886656207741
66,1463,1529,0.15060666329925096
63,1451,1514,0.1506180925886957
64,1451,1515,0.15063806807630642
65,1442,1507,0.15065365427605507
65,1449,1514,0.15066551377822232
64,1451,1515,0.150676689658785
63,1455,1518,0.15069031423652957
61,1448,1509,0.15070606935511405
60,1457,1517,0.15072670396828652
60,1440,1500,0.15074888158552266
61,1454,1515,0.1507695842436826
60,1453,1513,0.15078602043962872
60,1456,1516,0.15080444824372294
63,1450,1513,0.15082172451026296
63,1457,1520,0.1508288164014913
62,1459,1521,0.15083570093359222
60,1472,1532,0.15084524196993163
61,1475,1536,0.15085988370348147
61,1466,1527,0.1508707208562133
58,1449,1507,0.1508809850802436
61,1448,1509,0.15089981280870168
61,1460,1521,0.15090833317270558
61,1457,1518,0.1509164652676624
59,1448,1507,0.1509239749402133
56,1445,1501,0.15093721486515296
53,1443,1496,0.15095837416254176
52,1450,1502,0.15098712974356387
56,1444,1500,0.1510168464858825
52,1447,1499,0.15103285527736302
54,1454,1508,0.15105998932721254
55,1444,1499,0.15107936954125623
53,1458,1511,0.15109479928648017
52,1464,1516,0.15111535037747467
52,1464,1516,0.151137539920327
54,1468,1522,0.15115837344030758
54,1463,1517,0.15117201937555136
56,1464,1520,0.15118472951336465
57,1462,1519,0.15119062608499875
60,1462,1522,0.1511930789947782
60,1466,1526,0.15118610794773968
57,1463,1520,0.15117951377592134
58,1470,1528,0.1511823027388545
63,1457,1520,0.15118187338385414
65,1462,1527,0.15116596704729585
64,1460,1524,0.15114541200050513
66,1453,1519,0.15112967818161974
64,1461,1525,0.1511089443796628
62,1467,1529,0.15109562919333247
64,1462,1526,0.15108983097570575
62,1459,1521,0.15107830364128352
64,1459,1523,0.1510738036269705
64,1459,1523,0.15106350704900115
65,1464,1529,0.15105391074967492
65,1456,1521,0.15104192467006533
59,1463,1522,0.15103074618636328
59,1465,1524,0.15103840358773254
59,1461,1520,0.15104521528613582
63,1454,1517,0.1510513804772858
62,1455,1517,0.15104529173576292
57,1451,1508,0.15104306634050985
58,1442,1500,0.15105622423563544
59,1440,1499,0.1510656405959935
58,1456,1514,0.15107133230211262
59,1463,1522,0.15107973989446316
57,1463,1520,0.15108458976903597
58,1465,1523,0.15109524160908716
59,1457,1516,0.15110212716200203
57,1451,1508,0.151105710166204
56,1449,1505,0.1511151745314564
54,1455,1509,0.15112682390661158
53,1458,1511,0.15114379285717472
54,1453,1507,0.15116257365268976
53,1461,1514,0.15117719098338278
52,1463,1515,0.15119387021075018
54,1471,1525,0.1512128003965204
49,1480,1529,0.1512243166672498
49,1474,1523,0.15125011211988013
52,1463,1515,0.15127424390604657
53,1469,1522,0.15128743231981479
53,1464,1517,0.151296911611442
52,1453,1505,0.15130560663510143
56,1453,1509,0.1513166420224061
54,1451,1505,0.1513149307058922
55,1454,1509,0.15131963349701735
56,1439,1495,0.1513209654933559
55,1443,1498,0.15131964388542185
54,1448,1502,0.15132149963491115
55,1455,1510,0.15132662403978223
52,1463,1515,0.15132840277148737
52,1463,1515,0.15133912106477207
50,1452,1502,0.15134907589369356
51,1467,1518,0.1513645597390232
51,1474,1525,0.15137609646113925
50,1470,1520,0.1513865434140805
47,1464,1511,0.15139939488418389
52,1466,1518,0.15142028987725836
50,1476,1526,0.1514246865810906
49,1469,1518,0.15143520039572053
49,1458,1507,0.1514480356561027
49,1474,1523,0.15146008132665278
46,1459,1505,0.15147116335027258
49,1458,1507,0.15149053633770898
51,1458,1509,0.15149911085046536
51,1467,1518,0.15150101770860175
50,1466,1516,0.15150287372680465
49,1469,1518,0.1515076342362377
48,1465,1513,0.15151513086972046
50,1470,1520,0.1515252883556478
49,1474,1523,0.15152842072322698
52,1464,1516,0.15153443252230325
53,1472,1525,0.15153090802491762
49,1474,1523,0.15152476637433346
50,1465,1515,0.15153141278579882
50,1461,1511,0.15153458038747644
49,1465,1514,0.1515375455239637
48,1462,1510,0.15154346752460401
48,1473,1521,0.15155212515058175
48,1472,1520,0.15156012357602006
48,1475,1523,0.151567570235005
47,1469,1516,0.15157452106821773
47,1475,1522,0.1515842052985746
46,1487,1533,0.15159327261308428
45,1502,1547,0.15160486920415267
46,1479,1525,0.15161905535285503
45,1472,1517,0.15162915618671385
45,1465,1510,0.1516416279427446
45,1459,1504,0.15165350313856013
46,1459,1505,0.15166452070521536
47,1470,1517,0.15167166819685826
49,1463,1512,0.15167543135826178
49,1455,1504,0.15167283221161884
50,1464,1514,0.15167054557594237
50,1473,1523,0.15166530005631068
49,1471,1520,0.15166043342752458
46,1474,1520,0.1516590114148194
48,1476,1524,0.151666629104388
47,1479,1526,0.15166768845968331
47,1478,1525,0.1516717707690629
48,1466,1514,0.15167575595191163
48,1468,1516,0.15167675194112107
47,1468,1515,0.1516777818123604
46,1472,1518,0.15168199793679282
46,1475,1521,0.15168898274251927
44,1474,1518,0.15169552732455102
43,1484,1527,0.15170794518009326
43,1472,1515,0.15172246062756145
42,1476,1518,0.15173602652983503
42,1481,1523,0.15175163079424503
43,1482,1525,0.15176620045875708
44,1481,1525,0.15177668757217838
45,1477,1522,0.15178336625873995
45,1488,1533,0.15178672236076668
46,1484,1530,0.1517899474947688
43,1475,1518,0.15178987679736672
43,1460,1503,0.15179925426319227
45,1463,1508,0.15180796764980095
43,1459,1502,0.1518102834061549
45,1461,1506,0.15181844966867195
45,1475,1520,0.15182002717999638
45,1461,1506,0.15182173551284117
44,1448,1492,0.15182335064671956
44,1464,1508,0.1518283427976033
42,1448,1490,0.15183260765821044
41,1461,1502,0.15184240240869137
41,1474,1515,0.15185462287709525
43,1462,1505,0.15186593730436787
41,1472,1513,0.15187052261110748
43,1477,1520,0.15188093555077892
43,1474,1517,0.1518848639851764
44,1465,1509,0.15188869850788564
45,1477,1522,0.15188908598565193
46,1483,1529,0.15188633067414276
45,1470,1515,0.15188074929164916
45,1464,1509,0.15187853748381072
46,1458,1504,0.1518763977919305
44,1477,1521,0.15187119568525342
47,1482,1529,0.15187238589771562
48,1466,1514,0.15186458882787782
47,1465,1512,0.15185440826759145
47,1473,1520,0.15184796878512974
45,1468,1513,0.1518422239929086
45,1459,1504,0.15184274108572274
46,1461,1507,0.15184286835962546
46,1461,1507,0.15184025756077493
45,1466,1511,0.15183805056116456
44,1455,1499,0.15183896533583535
44,1461,1505,0.151842998851731
44,1479,1523,0.15184677690216372
43,1481,1524,0.15185047898068949
45,1495,1540,0.1518568567307055
47,1476,1523,0.15185650800919567
47,1480,1527,0.15185037360032472
48,1471,1519,0.1518447045874834
47,1472,1519,0.15183640139089138
45,1465,1510,0.15183195315360237
43,1462,1505,0.15183409065009493
44,1464,1508,0.15184199302502666
46,1463,1509,0.15184600593263017
46,1476,1522,0.15184354509684797
45,1466,1511,0.1518413234791716
42,1469,1511,0.15184246440314994
44,1472,1516,0.1518525660215406
43,1473,1516,0.15185558930083298
44,1471,1515,0.15186143069422534
43,1471,1514,0.1518639616721228
43,1480,1523,0.15186917508538283
42,1480,1522,0.15187408468066388
43,1482,1525,0.1518816296841986
39,1475,1514,0.1518856839400318
38,1482,1520,0.151901784299496
34,1477,1511,0.15191978010831161
34,1471,1505,0.15194854814743197
36,1472,1508,0.1519756722582247
37,1472,1509,0.15199500948391764
36,1473,1509,0.15201015905395507
37,1473,1510,0.15202773510916465
38,1488,1526,0.15204093050974848
38,1484,1522,0.1520500827648826
40,1490,1530,0.15205826996972563
39,1479,1518,0.15205991749826242
37,1479,1516,0.15206451894159034
36,1479,1515,0.1520749826335407
32,1475,1507,0.15208800370970835
31,1489,1520,0.15211215637716052
32,1485,1517,0.1521376826349375
32,1489,1521,0.15215854465850373
30,1490,1520,0.1521780804570107
32,1486,1518,0.15220265593195034
32,1484,1516,0.15221973735904748
35,1481,1516,0.15223573312771263
35,1475,1510,0.15224122997011197
33,1468,1501,0.15224664182767816
32,1467,1499,0.1522575449998096
33,1459,1492,0.15227092922336116
35,1463,1498,0.15228050958284686
34,1461,1495,0.15228349293502075
33,1475,1508,0.15228935133067048
34,1470,1504,0.15229785936860915
34,1474,1508,0.15230264216484282
34,1469,1503,0.15230712839221344
35,1456,1491,0.15231142780446258
35,1471,1506,0.15231241948861476
34,1474,1508,0.1523133805994984
32,1474,1506,0.15231727898960526
34,1482,1516,0.15232699508445322
34,1488,1522,0.15233003312557877
34,1488,1522,0.1523328669827966
35,1487,1522,0.15233524393890946
34,1474,1508,0.15233444777448357
35,1461,1496,0.15233668228930203
34,1459,1493,0.15233577198047066
35,1471,1506,0.1523380618326694
34,1466,1500,0.15233716168203318
33,1479,1512,0.15233932321441193
28,1473,1501,0.15234443121969876
29,1475,1504,0.15236438024481486
29,1473,1502,0.15237997850265134
30,1464,1494,0.15239470546932427
31,1473,1504,0.15240544734404696
30,1469,1499,0.15241250264545125
30,1464,1494,0.1524224368469993
29,1484,1513,0.15243167976491093
28,1480,1508,0.15244317030200244
28,1472,1500,0.15245698261249718
28,1471,1499,0.15246990796495982
27,1489,1516,0.15248181405657507
26,1496,1522,0.15249620015814036
26,1493,1519,0.15251292565442007
24,1482,1506,0.1525286258170967
24,1485,1509,0.15254936702638278
27,1492,1519,0.15256877776384709
26,1485,1511,0.15257751666641792
25,1487,1512,0.1525890726427458
28,1475,1503,0.15260302421969954
28,1474,1502,0.15260680253138725
29,1482,1511,0.15261045086975847
28,1477,1505,0.1526107677829128
27,1477,1504,0.15261438687672033
27,1478,1505,0.15262097814071918
26,1488,1514,0.1526271308309692
24,1498,1522,0.15263598250335034
25,1501,1526,0.15265024565947513
25,1504,1529,0.15266041164467753
25,1495,1520,0.15266994351731833
26,1484,1510,0.1526788750771847
26,1480,1506,0.15268417042666113
27,1485,1512,0.15268915612015316
29,1503,1532,0.15269072396333241
29,1495,1524,0.15268573067921373
27,1498,1525,0.15268116400614512
27,1496,1523,0.15268315087184994
26,1509,1535,0.15268501527356457
25,1485,1510,0.1526898005977216
25,1483,1508,0.15269757781159624
26,1493,1519,0.15270476092523538
25,1501,1526,0.15270841744384359
25,1504,1529,0.15271489040256264
26,1495,1521,0.15272092865473788
24,1500,1524,0.15272326935724595
24,1511,1535,0.15273176713621944
25,1516,1541,0.15273974861729336
24,1505,1529,0.15274400539284894
24,1488,1512,0.15275122477457917
23,1483,1506,0.1527581713831249
23,1486,1509,0.15276794398480897
23,1485,1508,0.15277706462496757
23,1496,1519,0.1527858040471437
23,1504,1527,0.15279391924400518
24,1495,1519,0.15280151146123164
23,1508,1531,0.15280527463550234
23,1502,1525,0.15281211752934565
23,1492,1515,0.15281879332707013
23,1506,1529,0.15282500282175768
22,1496,1518,0.15283082877069912
21,1484,1505,0.15283940921680658
22,1486,1508,0.15285052055007178
21,1478,1499,0.1528578306027881
20,1488,1508,0.15286778396930875
18,1474,1492,0.15288024505061462
16,1478,1494,0.15289814404107366
16,1490,1506,0.1529211627065364
16,1493,1509,0.15294285700314364
18,1489,1507,0.15296323213467533
18,1507,1525,0.15297610403934192
18,1522,1540,0.15298822090453146
18,1511,1529,0.15299961740501414
18,1506,1524,0.15301033414106058
18,1500,1518,0.15302041058076
17,1494,1511,0.15302988430711223
17,1498,1515,0.15304192365883795
16,1505,1521,0.15305322023501713
15,1502,1517,0.15306722455845084
16,1497,1513,0.15308355361792522
15,1509,1524,0.15309579974816884
14,1502,1516,0.15311046523118882
14,1499,1513,0.15312736248066508
13,1507,1520,0.15314323408425945
13,1503,1516,0.15316124673811557
13,1504,1517,0.1531781685564474
13,1498,1511,0.15319405850338647
13,1500,1513,0.1532089819898862
12,1503,1515,0.1532230003613822
12,1503,1515,0.15323930656628382
12,1502,1514,0.15325461678341537
12,1509,1521,0.15326899802666286
12,1509,1521,0.15328250861316028
12,1499,1511,0.15329520266208768
14,1494,1508,0.15330713066741083
14,1489,1503,0.15331205109081528
15,1507,1522,0.153316711864203
15,1511,1526,0.15331796979494505
15,1500,1515,0.1533191909638984
13,1513,1526,0.1533203620056624
12,1498,1510,0.15332775789865247
12,1513,1525,0.15333780917762957
12,1503,1515,0.15334723063208894
13,1508,1521,0.1533560706173998
13,1509,1522,0.15336121634280703
12,1521,1533,0.15336606752302584
12,1519,1531,0.1533738821078354
12,1514,1526,0.15338122882727476
12,1505,1517,0.15338814360278138
14,1506,1520,0.15339464625660348
15,1492,1507,0.1533944342356522
15,1502,1517,0.15339113131507748
18,1500,1518,0.15338806376515024
18,1505,1523,0.1533757363596287
20,1508,1528,0.15336423876743113
20,1492,1512,0.15334722013346147
20,1491,1511,0.15333132448730757
19,1485,1504,0.15331644389937643
18,1484,1502,0.153305602836145
18,1489,1507,0.15329854130320364
16,1491,1507,0.1532918911126957
17,1496,1513,0.15329181688422153
16,1495,1511,0.1532885562832984
18,1499,1517,0.15328863696684494
18,1500,1518,0.15328245223567188
17,1504,1521,0.1532766757973776
15,1504,1519,0.15327436786778134
15,1502,1517,0.15327844268243204
14,1497,1511,0.15328228297552243
14,1487,1501,0.15328902095691638
14,1500,1514,0.15329532319333697
14,1498,1512,0.15330122787780331
14,1513,1527,0.15330676457876777
14,1518,1532,0.1533119584973087
13,1500,1513,0.15331683236457636
12,1498,1510,0.153324538538046
11,1511,1522,0.15333489254551882
11,1507,1518,0.1533477504864722
12,1491,1503,0.15335981456390646
12,1501,1513,0.1533679676776268
12,1497,1509,0.15337564141858112
11,1488,1499,0.15338285106041838
11,1489,1500,0.15339277034610332
11,1504,1515,0.15340207367982234
11,1506,1517,0.15341080587263523
10,1514,1524,0.1534190061953311
12,1513,1525,0.15342988568685134
11,1506,1517,0.15343376260158778
11,1512,1523,0.1534406096798206
11,1501,1512,0.1534470460737593
11,1504,1515,0.1534530976303486
11,1501,1512,0.15345878665034127
11,1517,1528,0.15346413438167364
11,1516,1527,0.15346916113582484
11,1524,1535,0.15347388618467744
11,1511,1522,0.15347832771838774
11,1514,1525,0.15348250285649262
11,1517,1528,0.15348642768696916
11,1506,1517,0.1534901173177193
11,1496,1507,0.15349358593233617
12,1503,1515,0.15349684684602732
12,1500,1512,0.15349676202859563
12,1504,1516,0.1534967025000226
11,1492,1503,0.15349665762420217
11,1500,1511,0.15349976606330876
11,1496,1507,0.15350267212685642
11,1490,1501,0.15350539652613165
9,1500,1509,0.15350795388060218
10,1494,1504,0.15351670401412207
10,1507,1517,0.15352175527192474
10,1517,1527,0.153526515073059
10,1510,1520,0.15353099277636967
12,1500,1512,0.15353520298539391
10,1499,1509,0.15353286074482997
10,1515,1525,0.15353705474669116
9,1518,1527,0.15354099063962307
7,1521,1528,0.15354783994520932
7,1509,1516,0.15356056607048152
7,1509,1516,0.1535724964404759
7,1517,1524,0.15358369544609235
7,1503,1510,0.15359421484262423
7,1510,1517,0.1536040995147508
9,1514,1523,0.15361338976137234
9,1513,1522,0.1536157813047903
10,1505,1515,0.15361806175793444
11,1504,1515,0.15361701816730686
10,1504,1514,0.1536129034817989
11,1500,1511,0.1536122254666706
11,1503,1514,0.15360841854245882
11,1506,1517,0.1536048712345249
10,1504,1514,0.15360155397480738
11,1514,1525,0.1536016166246785
12,1511,1523,0.15359852321916534
12,1519,1531,0.15359248052226554
13,1503,1516,0.1535868295443572
13,1493,1506,0.15357837641637137
13,1489,1502,0.15357047080812236
14,1498,1512,0.15356306058318775
14,1498,1512,0.15355296410517205
12,1511,1523,0.15354351015726705
13,1510,1523,0.15354096255040242
13,1492,1505,0.15353540727916848
13,1510,1523,0.1535302011066621
13,1518,1531,0.1535253162920772
13,1506,1519,0.15352073399658514
12,1500,1512,0.15351643882803834
12,1512,1524,0.15351553482326774
12,1511,1523,0.15351466520292842
13,1509,1522,0.15351383845164904
13,1506,1519,0.15350993193099963
12,1507,1519,0.15350628741337125
12,1507,1519,0.15350599016872635
13,1503,1516,0.15350570418809334
14,1509,1523,0.1535022814702332
14,1493,1507,0.15349594925973314
14,1482,1496,0.1534900327514043
13,1479,1492,0.15348449161467403
11,1485,1496,0.15348247024496597
13,1493,1506,0.1534867875320739
14,1487,1501,0.1534845406932611
14,1503,1517,0.15347931765281678
14,1499,1513,0.15347444303167757
14,1515,1529,0.15346987877369517
14,1520,1534,0.15346559963015965
15,1512,1527,0.1534615849084817
15,1505,1520,0.1534546677309543
15,1497,1512,0.15344819293450612
15,1500,1515,0.15344212404819604
15,1498,1513,0.15343640292887478
16,1501,1517,0.15343102833416772
16,1494,1510,0.15342287827971912
17,1475,1492,0.15341525609031564
17,1478,1495,0.1534050064510619
18,1478,1496,0.1533954212576875
18,1483,1501,0.1533833524907439
18,1483,1501,0.15337206292418423
18,1492,1510,0.15336148378671965
18,1503,1521,0.1533515633134515
19,1509,1528,0.1533422270477709
18,1510,1528,0.15333031590369953
17,1498,1515,0.15332228822559946
17,1478,1495,0.1533178160709743
17,1492,1509,0.15331357951670976
18,1486,1504,0.15330958277592419
18,1494,1512,0.15330266190669967
19,1497,1516,0.15329616931681245
19,1508,1527,0.15328700888936136
18,1504,1522,0.15327844619762424
17,1495,1512,0.1532734929732751
17,1503,1520,0.15327192662802447
17,1511,1528,0.15327042575528152
17,1506,1523,0.15326900661539952
17,1508,1525,0.15326766809754777
16,1508,1524,0.15326640645179446
16,1505,1521,0.15326836506623795
16,1509,1525,0.15327019000800288
15,1510,1525,0.15327189190686347
15,1513,1528,0.153276581397471
13,1515,1528,0.15328095361558244
13,1519,1532,0.15329122570362938
13,1508,1521,0.15330081804239132
13,1501,1514,0.15330980069175276
13,1501,1514,0.15331822323805755
14,1512,1526,0.15332614139173384
14,1515,1529,0.1533304692425293
14,1503,1517,0.15333455724291867
14,1497,1511,0.15333840807108345
14,1498,1512,0.15334203159534177
13,1488,1501,0.15334543930927647
14,1497,1511,0.15335173886953807
12,1499,1511,0.15335453668407895
11,1515,1526,0.15336341112965823
14,1511,1525,0.15337484653415553
13,1504,1517,0.1533761350680751
13,1490,1503,0.15338049431890236
12,1496,1508,0.15338458466675126
12,1504,1516,0.15339155166432097
12,1515,1527,0.15339807884867934
12,1504,1516,0.15340420158894993
12,1517,1529,0.15340994785388914
12,1498,1510,0.15341534268182058
12,1506,1518,0.1534204088765754
12,1510,1522,0.1534251673800167
12,1511,1523,0.15342963754326844
11,1492,1503,0.15343383732791183
9,1497,1506,0.15344092539952897
9,1503,1512,0.15345384513805244
7,1511,1518,0.15346594724422047
9,1528,1537,0.15348359012125512
8,1519,1527,0.15349381470358728
8,1514,1522,0.1535065836677534
8,1509,1517,0.15351856872015987
8,1506,1514,0.1535298247618374
9,1497,1506,0.15354040038427974
9,1500,1509,0.15354717268681145
10,1498,1508,0.1535535617664194
10,1506,1516,0.15355639380713848
10,1492,1502,0.15355907414788425
10,1512,1522,0.15356160327467336
10,1519,1529,0.15356398733132307
9,1505,1514,0.1535662332221731
9,1512,1521,0.15357152546589448
9,1512,1521,0.15357649208752072
9,1513,1522,0.15358115655989152
9,1515,1524,0.15358553860013294
9,1504,1513,0.15358965627482213
9,1511,1520,0.15359352620584507
9,1520,1529,0.15359716375378735
8,1521,1529,0.15360058318110684
8,1523,1531,0.15360695920687265
9,1518,1527,0.1536129328492941
8,1509,1517,0.15361537196795172
9,1513,1522,0.15362085156005872
9,1522,1531,0.1536228205201049
9,1513,1522,0.15362469248299201
9,1515,1524,0.1536264637184113
8,1516,1524,0.15362813533113162
7,1514,1521,0.15363287804378906
9,1509,1518,0.15364049044926573
9,1517,1526,0.15364124980809404
9,1515,1524,0.15364198292576595
9,1514,1523,0.1536426813052326
9,1506,1515,0.15364335721976002
9,1505,1514,0.15364399679662802
9,1508,1517,0.1536446004812655
11,1498,1509,0.15364516960038815
11,1496,1507,0.1536393694991985
11,1486,1497,0.15363394404791786
11,1494,1505,0.15362886539727139
11,1495,1506,0.1536241054463888
11,1508,1519,0.1536196403935897
12,1504,1516,0.15361544974124317
11,1509,1520,0.15360833600605672
12,1506,1518,0.15360482771847456
14,1510,1524,0.15359836103070063
14,1509,1523,0.1535859663585196
14,1518,1532,0.1535743747748678
15,1519,1534,0.15356351279263905
15,1514,1529,0.15355014964730238
14,1528,1542,0.1535376256981544
13,1509,1522,0.15352900802261904
13,1509,1522,0.1535240597147893
13,1508,1521,0.1535193890313894
13,1509,1522,0.15351498674081956
11,1501,1512,0.15351084155511927
11,1510,1521,0.15351326239354646
12,1511,1523,0.15351550424947719
12,1509,1521,0.15351443957284
12,1509,1521,0.15351344806492634
13,1498,1511,0.1535125196236144
13,1498,1511,0.1535084747484934
13,1503,1516,0.15350469987155757
12,1523,1535,0.15350115276142906
12,1513,1525,0.15350099653675428
12,1513,1525,0.15350083780334078
12,1518,1530,0.15350068046906795
12,1514,1526,0.1535005269700567
12,1508,1520,0.15350037861355534
11,1505,1516,0.15350023606164068
11,1505,1516,0.15350324378083202
11,1493,1504,0.15350604889063665
12,1499,1511,0.1535086722793263
12,1496,1508,0.15350796004301626
12,1490,1502,0.15350730857046035
11,1485,1496,0.15350670256043744
11,1510,1521,0.15350929563371085
11,1511,1522,0.15351171845967554
11,1506,1517,0.15351398676476652
11,1509,1520,0.15351611276824748
11,1513,1524,0.15351810686519352
11,1513,1524,0.15351997819413782
11,1498,1509,0.15352173495018478
11,1504,1515,0.15352338458585216
11,1503,1514,0.15352493394351405
11,1507,1518,0.15352638934609777
12,1518,1530,0.15352773600993608
12,1504,1516,0.15352584468666022
12,1505,1517,0.15352408994447622
12,1505,1517,0.15352245290896127
12,1512,1524,0.15352088501880626
12,1509,1521,0.15351940923829815
12,1510,1522,0.15351802230542455
12,1516,1528,0.15351671939452285
12,1518,1530,0.15351549539256987
11,1519,1530,0.15351434539554867
11,1508,1519,0.15351641463866758
11,1506,1517,0.15351833764451878
11,1515,1526,0.15352013357644692
11,1501,1512,0.15352181591403205
10,1512,1522,0.1535233940557446
10,1503,1513,0.1535280444408611
11,1496,1507,0.15353240298634172
11,1497,1508,0.1535333342981481
11,1510,1521,0.15353422923816723
9,1511,1520,0.15353507856894036
9,1519,1528,0.15354221129476275
9,1504,1513,0.1535488874983455
9,1512,1521,0.15355514618971028
9,1495,1504,0.15356101972548827
10,1491,1501,0.15356653525049144
11,1507,1518,0.15356852943906943
11,1492,1503,0.15356725345470895
11,1504,1515,0.1535660859850475
11,1510,1521,0.15356500611877366
11,1495,1506,0.15356400085906408
11,1501,1512,0.15356306170730907
12,1496,1508,0.15356218253488607
11,1506,1517,0.1535581753159787
11,1499,1510,0.1535576227535679
11,1502,1513,0.15355710813428916
11,1505,1516,0.15355662740804454
10,1500,1510,0.15355617673972558
10,1502,1512,0.1535589032841796
10,1507,1517,0.153561442913576
10,1516,1526,0.15356381812857162
9,1509,1518,0.15356604496241072
10,1506,1516,0.1535712979614757
10,1512,1522,0.15357303260980246
10,1521,1531,0.15357466883052132
10,1525,1535,0.153576210705317
10,1517,1527,0.1535776674110503
10,1510,1520,0.15357903612914497
8,1508,1516,0.15358032154511544
8,1501,1509,0.15358787303759072
9,1502,1511,0.15359493806724045
9,1486,1495,0.15359837560565417
8,1495,1503,0.1536016142907205
8,1505,1513,0.15360783885021378
8,1506,1514,0.15361367423191613
7,1497,1504,0.15361915401621226
8,1496,1504,0.15362749192675537
8,1497,1505,0.15363211741984917
8,1516,1524,0.1536364796041346
7,1512,1519,0.1536405843042698
6,1510,1516,0.15364764095689842
6,1501,1507,0.15365746499284078
6,1502,1508,0.15366668847532935
6,1504,1510,0.15367535101021407
6,1498,1504,0.1536834899397931
7,1510,1517,0.15369113922858563
7,1504,1511,0.15369513192540812
7,1514,1521,0.15369890444400805
8,1514,1522,0.15370246082425176
8,1506,1514,0.1537026204567433
8,1496,1504,0.15370279336225953
8,1505,1513,0.15370296813634438
8,1503,1511,0.1537031391248054
8,1507,1515,0.15370330377290597
7,1519,1526,0.15370346102763605
7,1512,1519,0.15370681754248608
7,1515,1522,0.15370996415893626
7,1502,1509,0.15371291536326986
7,1497,1504,0.15371568618226628
7,1494,1501,0.1537182893881681
8,1501,1509,0.1537207360763743
8,1509,1517,0.15371984584668572
9,1512,1521,0.1537190287129314
9,1509,1518,0.15371506950115638
9,1509,1518,0.15371137268958118
8,1502,1510,0.15370791105097192
7,1500,1507,0.15370784657066167
9,1499,1508,0.15371095271466692
9,1513,1522,0.15370747503121615
9,1515,1524,0.15370423469605757
9,1518,1527,0.15370120294797274
9,1506,1515,0.15369835973721016
9,1501,1510,0.15369569032755673
10,1505,1515,0.15369318267064405
10,1498,1508,0.1536876196894908
10,1505,1515,0.1536824055652578
10,1503,1513,0.15367751382951053
10,1507,1517,0.15367292099258636
9,1505,1514,0.1536686066629435
9,1510,1519,0.1536677348342148
10,1506,1516,0.15366688925571126
10,1502,1512,0.1536628842738528
10,1503,1513,0.1536591409331888
9,1505,1514,0.15365563630038706
9,1502,1511,0.15365552709846786
9,1505,1514,0.1536554141037281
8,1512,1520,0.15365530246617337
8,1515,1523,0.15365836135371447
8,1508,1516,0.1536612151961618
9,1518,1527,0.1536638869431848
9,1525,1534,0.15366320962966956
8,1522,1530,0.15366258845582073
8,1522,1530,0.15366520765762676
7,1524,1531,0.1536676638833551
7,1523,1530,0.15367317190988708
7,1525,1532,0.15367833823699928
7,1515,1522,0.15368318658694907
7,1503,1510,0.15368773983639453
7,1506,1513,0.15369201800247706
7,1499,1506,0.1536960388964306
7,1508,1515,0.15369980447005363
8,1499,1507,0.15370334838395874
9,1500,1509,0.15370349272700595
9,1505,1514,0.1537004667075754
9,1506,1515,0.1536976574290557
9,1494,1503,0.15369503088022884
9,1500,1509,0.1536925678373658
9,1506,1515,0.1536902552750625
9,1511,1520,0.15368808276991688
7,1505,1512,0.15368604125685642
7,1494,1501,0.15369047881212555
7,1499,1506,0.1536946122885025
8,1503,1511,0.15369848045647125
8,1524,1532,0.15369891684248763
8,1520,1528,0.15369934569333601
8,1517,1525,0.1536997531992186
7,1523,1530,0.15370013741961777
7,1509,1516,0.15370367782198527
7,1508,1515,0.15370698545135958
6,1514,1520,0.15371008628114574
6,1503,1509,0.1537161856848056
5,1505,1510,0.1537219011950586
5,1514,1519,0.15373046888760794
5,1515,1520,0.15373851131386432
5,1509,1514,0.1537460654261231
5,1514,1519,0.1537531650333857
5,1509,1514,0.15375983972155843
5,1505,1510,0.15376611609252977
5,1507,1512,0.15377201855169045
5,1492,1497,0.1537775697366806
4,1509,1513,0.15378279076928497
5,1505,1510,0.15379091506032824
5,1510,1515,0.15379532501375695
5,1503,1508,0.1537994787208093
5,1517,1522,0.1538033911602997
5,1518,1523,0.15380707520092127
5,1515,1520,0.15381054311002706
5,1517,1522,0.15381380686973428
5,1517,1522,0.15381687805912456
5,1520,1525,0.15381976775997142
3,1526,1529,0.15382248651281305
3,1525,1528,0.15383148275084724
3,1520,1523,0.15383992717225756
4,1512,1516,0.15384786244173737
5,1517,1522,0.15385210350879094
5,1529,1534,0.15385289884352232
4,1525,1529,0.15385367512876671
4,1517,1521,0.15385762764714442
4,1522,1526,0.15386134175232205
3,1528,1531,0.15386483286992564
3,1512,1515,0.15387132919523425
4,1508,1512,0.15387743001906518
4,1507,1511,0.15387994340334782
4,1518,1522,0.15388231662048996
6,1535,1541,0.15388455373844662
5,1522,1527,0.1538802187883004
5,1509,1514,0.1538793812589356
5,1520,1525,0.15387859419995728
5,1534,1539,0.1538778549850519
5,1532,1537,0.1538771604220037
5,1524,1529,0.15387650793407912
5,1511,1516,0.15387589491386505
5,1521,1526,0.15387531889659528
5,1525,1530,0.15387477757771106
4,1509,1513,0.15387426880597524
4,1512,1516,0.15387700137607488
3,1512,1515,0.15387956100030373
3,1517,1520,0.1538851794159145
2,1524,1526,0.15389044642662536
2,1519,1521,0.15389861311645778
2,1507,1509,0.15390628296043865
2,1513,1515,0.15391348999976528
2,1518,1520,0.15392026534669712
2,1517,1519,0.15392663675089605
2,1516,1518,0.15393262935700808
2,1513,1515,0.15393826629169374
1,1524,1525,0.1539435690206561
1,1527,1528,0.15395179775216467
1,1523,1524,0.15395953504535836
1,1526,1527,0.15396681102786225
1,1519,1520,0.15397365412210007
1,1509,1510,0.15398009078293498
1,1510,1511,0.15398614564623103
1,1502,1503,0.1539918416950286
1,1498,1499,0.15399720041731682
1,1512,1513,0.15400224193968884
1,1520,1521,0.15400698513842484
1,1513,1514,0.15401144773330852
1,1504,1505,0.1540156463688766
1,1504,1505,0.1540195966864438
1,1514,1515,0.15402331338910874
2,1513,1515,0.15402681030116822
2,1523,1525,0.15402685279764547
2,1508,1510,0.15402690314002387
2,1506,1508,0.15402695721199727
2,1503,1505,0.15402701218990728
1,1511,1512,0.1540270663142268
1,1521,1522,0.15403035975380663
1,1512,1513,0.1540334498738816
1,1511,1512,0.15403635120571668
1,1506,1507,0.15403907786305462
1,1506,1507,0.15404164173864485
1,1514,1515,0.15404405322961132
1,1518,1519,0.15404632173257476
1,1520,1521,0.15404845589825353
1,1511,1512,0.15405046376923906
1,1504,1505,0.15405235286253702
1,1508,1509,0.15405413022457165
1,1527,1528,0.15405580247154074
1,1528,1529,0.1540573758214698
1,1526,1527,0.1540588561212468
1,1527,1528,0.15406024887040343
1,1533,1534,0.15406155924261156
1,1521,1522,0.15406279210544813
1,1522,1523,0.15406395203874867
1,1508,1509,0.15406504335175125
1,1512,1513,0.15406607009915962
1,1518,1519,0.15406703609622338
1,1515,1516,0.15406794493290643
1,1513,1514,0.15406879998720807
1,1513,1514,0.15406960443768877
1,1519,1520,0.15407036127525214
1,1514,1515,0.1540710733142266
1,1503,1504,0.1540717432027904
1,1515,1516,0.15407237343277877
1,1527,1528,0.1540729663489101
1,1508,1509,0.15407352415746686
1,1522,1523,0.15407404893446272
1,1514,1515,0.15407454263332715
1,1521,1522,0.15407500709213634
1,1520,1521,0.15407544404041695
1,1522,1523,0.1540758551055486
1,1513,1514,0.15407624181878848
1,1510,1511,0.15407660562094083
1,1505,1506,0.1540769478676921
1,1509,1510,0.1540772698346315
1,1503,1504,0.15407757272197592
1,1503,1504,0.15407785765901635
1,1504,1505,0.15407812570830207
1,1508,1509,0.1540783778695786
1,1504,1505,0.15407861508349352
1,1509,1510,0.154078838235084
2,1513,1515,0.1540790481570588
2,1521,1523,0.15407599629581487
2,1523,1525,0.1540731376757225
2,1511,1513,0.15407045564927727
3,1516,1519,0.1540679363119754
2,1521,1523,0.15406232802126024
2,1524,1526,0.15406030359522077
2,1535,1537,0.15405839599830834
2,1528,1530,0.1540565983877239
2,1517,1519,0.15405490545893918
2,1517,1519,0.15405331178559972
2,1518,1520,0.15405181189032746
2,1510,1512,0.15405040042811832
2,1518,1520,0.154049072275448
2,1511,1513,0.15404782256407498
2,1508,1510,0.15404664668897294
2,1529,1531,0.15404554030442025
2,1532,1534,0.1540444993146946
2,1529,1531,0.1540435198624393
2,1516,1518,0.1540425983162128
1,1524,1525,0.154041731257986
1,1514,1515,0.1540441561421813
1,1507,1508,0.15404643059294174
1,1515,1516,0.15404856469210135
1,1518,1519,0.1540505689322276
1,1516,1517,0.1540524525198737
1,1519,1520,0.15405422348628198
1,1515,1516,0.15405588901055872
2,1503,1505,0.15405745563399503
2,1512,1514,0.15405568252968496
2,1520,1522,0.15405402731738196
2,1514,1516,0.15405247737861186
2,1516,1518,0.15405102294641854
2,1519,1521,0.1540496565394427
2,1522,1524,0.15404837203164357
2,1524,1526,0.154047164101367
2,1512,1514,0.1540460279619749
2,1539,1541,0.15404495922414704
3,1529,1532,0.15404395381939906
1,1521,1522,0.15403976708349545
1,1522,1523,0.15404231667712362
1,1529,1530,0.15404470516449403
1,1523,1524,0.1540469432205528
1,1519,1520,0.1540490438165666
1,1521,1522,0.15405101753341008
1,1515,1516,0.1540528731536457
1,1514,1515,0.15405461833263942
1,1510,1511,0.1540562599625904
1,1514,1515,0.15405780436513225
1,1503,1504,0.1540592573999859
1,1508,1509,0.15406062453157598
1,1511,1512,0.15406191087356635
1,1510,1511,0.1540631212212257
1,1511,1512,0.15406426007676133
1,1511,1512,0.15406533167037076
1,1514,1515,0.15406633997851646
1,1518,1519,0.15406728874026407
1,1531,1532,0.15406818147216686
1,1517,1518,0.15406902148198234
1,1523,1524,0.15406981188140143
1,1511,1512,0.15407055559791097
1,1527,1528,0.15407125538587763
1,1518,1519,0.15407191383692173
1,1520,1521,0.154072533389637
1,1509,1510,0.15407311633870557
1,1523,1524,0.15407366484345064
1,1506,1507,0.15407418093586597
1,1512,1513,0.154074666528157
1,1524,1525,0.15407512341982596
1,1527,1528,0.15407555330433031
1,1524,1525,0.15407595777534236
1,1528,1529,0.15407633833263448
1,1521,1522,0.15407669638761412
1,1530,1531,0.1540770332685294
1,1527,1528,0.1540773502253668
1,1513,1514,0.15407764843445837
1,1509,1510,0.15407792900281692
1,1513,1514,0.1540781929722154
1,1501,1502,0.15407844132302564
1,1511,1512,0.15407867497783112
1,1517,1518,0.154078894804827
1,1520,1521,0.1540791016210202
1,1515,1516,0.15407929619524105
1,1509,1510,0.15407947925097837
1,1505,1506,0.15407965146904734
1,1505,1506,0.15407981349010133
1,1509,1510,0.1540799659169955
1,1507,1508,0.15408010931701188
1,1519,1520,0.1540802442239539
1,1506,1507,0.15408037114011727
1,1504,1505,0.15408049053814582
1,1516,1517,0.154080602862778
1,1505,1506,0.15408070853249042
1,1502,1503,0.15408080794104545
1,1506,1507,0.15408090145894748
1,1509,1510,0.15408098943481352
2,1493,1495,0.1540810721966636
2,1506,1508,0.1540778994966682
1,1505,1506,0.15407492500076347
1,1498,1499,0.15407537885401174
1,1503,1504,0.15407580274227142
1,1514,1515,0.1540761978838802
1,1514,1515,0.1540765672504003
1,1509,1510,0.15407691336629042
1,1514,1515,0.15407723819301045
1,1518,1519,0.1540775433220555
1,1513,1514,0.1540778301092792
1,1510,1511,0.1540780997516757
1,1524,1525,0.15407835333102013
1,1514,1515,0.15407859183950628
1,1502,1503,0.1540788161955272
1,1496,1497,0.15407902725395942
1,1514,1515,0.15407922581332179
1,1519,1520,0.1540794126211122
1,1518,1519,0.154079588378044
1,1517,1518,0.15407975374158375
1,1522,1523,0.15407990932901916
1,1513,1514,0.15408005572018624
1,1506,1507,0.15408019345993612
1,1506,1507,0.15408032306038877
1,1512,1513,0.15408044500300794
1,1497,1498,0.15408055974051924
1,1501,1502,0.15408066769869025
1,1509,1510,0.15408076927798608
1,1513,1514,0.1540808648551122
1,1522,1523,0.15408095478445452
1,1510,1511,0.15408103939942572
1,1525,1526,0.15408111901372412
1,1519,1520,0.15408119392251363
1,1506,1507,0.15408126440352907
1,1514,1515,0.1540813307181131
1,1523,1524,0.1540813931121896
1,1509,1510,0.15408145181717725
1,1515,1516,0.15408150705084808
1,1516,1517,0.15408155901813403
1,1510,1511,0.154081607911885
1,1516,1517,0.154081653913582
0,1525,1525,0.1540816971940076
