1377,26,1403,0.13584105062539237
1407,28,1435,0.13299374431428934
1431,29,1460,0.13031248518467525
1442,29,1471,0.12780164348456333
1444,30,1474,0.12548335458732537
1458,31,1489,0.1233657683314883
1463,27,1490,0.12140068985610536
1458,28,1486,0.11959756829616382
1454,28,1482,0.11796772030665564
1453,30,1483,0.11649294198284087
1463,32,1495,0.11515172440775573
1468,31,1499,0.11390559961625303
1461,33,1494,0.11275889259663405
1450,34,1484,0.11173073551330064
1450,35,1485,0.11082006364487756
1444,36,1480,0.10999006162664383
1447,36,1483,0.10924791929833251
1445,39,1484,0.10856460952768991
1447,40,1487,0.10794682552795236
1443,38,1481,0.10737932099352737
1442,37,1479,0.10687148249941071
1459,41,1500,0.10641087709300283
1456,42,1498,0.10595335857733712
1445,43,1488,0.10554292258862018
1452,45,1497,0.10519346012523187
1444,45,1489,0.10485980033970826
1435,45,1480,0.10457334165294035
1439,43,1482,0.10433215617258597
1444,42,1486,0.10410381289561708
1450,42,1492,0.10388460920936309
1458,40,1498,0.10367168257141214
1457,41,1498,0.10346056025184698
1462,41,1503,0.10327035891974524
1474,40,1514,0.10308670069996534
1477,39,1516,0.10289272388541203
1466,40,1506,0.10270980728044979
1467,41,1508,0.10256673935018266
1461,42,1503,0.102434349150524
1447,45,1492,0.10232688538508895
1446,45,1491,0.10225925874744785
1440,44,1484,0.10219939898258489
1451,45,1496,0.10215815372708867
1452,48,1500,0.10209683673645738
1447,50,1497,0.10203906811309399
1452,48,1500,0.10199746401808797
1446,47,1493,0.10194904667450096
1445,49,1494,0.10191764050717207
1447,49,1496,0.10189110351952443
1451,51,1502,0.1018623745664062
1452,53,1505,0.10182747576367807
1449,50,1499,0.10179340337802727
1445,49,1494,0.10176880101341389
1444,47,1491,0.10175507462020512
1454,48,1502,0.10174470974026648
1451,47,1498,0.10171422833618876
1453,49,1502,0.10169293960100316
1454,51,1505,0.10166900054051116
1440,51,1491,0.10164520412143918
1454,56,1510,0.10165373864776175
1455,56,1511,0.10163160539554393
1449,58,1507,0.10160918011392969
1453,62,1515,0.10160181985459517
1448,62,1510,0.10158666304408247
1444,60,1504,0.10158406650017694
1429,59,1488,0.10159043671410771
1434,59,1493,0.10162760443652723
1423,57,1480,0.10165121772870826
1428,62,1490,0.10169592502635931
1415,62,1477,0.10172649391489424
1424,62,1486,0.1017822705989494
1427,63,1490,0.10181378001707418
1430,62,1492,0.10183585675555129
1441,63,1504,0.10184925157120148
1419,65,1484,0.1018380207606953
1424,68,1492,0.1018751623800172
1426,69,1495,0.10189822635954161
1421,70,1491,0.10191533877489137
1430,72,1502,0.10194214960190232
1422,73,1495,0.10194734815413006
1414,74,1488,0.10197003910357395
1411,79,1490,0.10200753070551663
1419,76,1495,0.10204810780391924
1414,75,1489,0.10206776992127085
1420,75,1495,0.10209676913465922
1414,76,1490,0.10211053027603922
1416,78,1494,0.10213585992208357
1415,77,1492,0.10215479954602069
1426,76,1502,0.10217336055928054
1424,72,1496,0.1021673123316323
1415,71,1486,0.1021663477840994
1413,73,1486,0.10218538697683224
1406,73,1479,0.10220730435635147
1422,79,1501,0.10224212816232935
1422,80,1502,0.10223965381485164
1428,77,1505,0.10223753007422577
1431,78,1509,0.10222285236814431
1427,79,1506,0.10220285176468892
1430,80,1510,0.10219372631663312
1419,79,1498,0.10217875842514786
1419,77,1496,0.10218816051661865
1404,78,1482,0.10219764028564228
1404,80,1484,0.10223812661689723
1413,79,1492,0.10227441386506606
1419,79,1498,0.10228847401344
1423,77,1500,0.10228821285243264
1423,78,1501,0.10228005723364472
1422,80,1502,0.10227280149539743
1425,82,1507,0.1022681993188072
1417,85,1502,0.1022584117574646
1417,83,1500,0.10226633110416823
1425,84,1509,0.10227373302872937
1425,85,1510,0.10226343613615038
1424,84,1508,0.1022537557414314
1410,81,1491,0.10224641451827356
1429,78,1507,0.10226984587778358
1411,78,1489,0.10225073473447627
1409,79,1488,0.1022716707029094
1415,81,1496,0.10229476679280762
1408,79,1487,0.10230393156153461
1410,79,1489,0.1023273043455929
1402,80,1482,0.10234361719188714
1401,79,1480,0.10237601735220171
1412,79,1491,0.10240721667496305
1413,79,1492,0.10241178838161633
1421,80,1501,0.10241332224463989
1426,78,1504,0.10239701555394888
1429,77,1506,0.10237211527539905
1414,78,1492,0.10234289891273952
1417,77,1494,0.10234818018613172
1417,79,1496,0.10234667343943342
1411,82,1493,0.1023460874099165
1411,83,1494,0.10235892618894397
1402,86,1488,0.10237135096211446
1411,88,1499,0.10240173548057661
1419,91,1510,0.10240969011402942
1421,90,1511,0.10239925997389435
1417,89,1506,0.1023847789129506
1410,86,1496,0.10238031974214422
1419,85,1504,0.10239158234099507
1414,89,1503,0.10238339458078989
1408,89,1497,0.10238612308558988
1422,89,1511,0.10240177596987372
1419,89,1508,0.10238598448404353
1421,89,1510,0.10237809859349391
1416,89,1505,0.10236553016856142
1421,85,1506,0.10236467040551635
1425,86,1511,0.10235374398180148
1413,85,1498,0.10233546036110226
1428,85,1513,0.1023442019491499
1422,84,1506,0.10232082637705599
1407,83,1490,0.10231274412547858
1411,84,1495,0.10233687469350042
1409,83,1492,0.10234971420880054
1409,83,1492,0.10236584267279389
1413,86,1499,0.1023802749413343
1399,85,1484,0.10238449279952742
1403,86,1489,0.10241890370013977
1400,88,1488,0.10244195018713385
1394,92,1486,0.10246933985899012
1394,94,1488,0.10250742873872166
1394,96,1490,0.10254159223679502
1386,97,1483,0.10257241478854301
1388,90,1478,0.10261753371700522
1385,88,1473,0.10265487535499104
1389,88,1477,0.1026960737965533
1390,85,1475,0.10272543987140331
1396,88,1484,0.10274994566545108
1399,88,1487,0.10275941445004881
1406,87,1493,0.1027617919179225
1394,86,1480,0.10274872061887205
1388,86,1474,0.10276341725950382
1407,86,1493,0.10278905243504799
1407,87,1494,0.1027716651117848
1407,86,1493,0.10275575573099786
1404,86,1490,0.10274210351133885
1423,86,1509,0.10273583024594718
1422,87,1509,0.10268790184715634
1408,86,1494,0.10264716510122823
1421,86,1507,0.10264011363064944
1415,84,1499,0.1026057835999901
1409,87,1496,0.10258803090751364
1404,87,1491,0.10258434094057392
1404,88,1492,0.10259122218729139
1402,86,1488,0.10259769445985203
1398,89,1487,0.1026077892285084
1392,88,1480,0.10262610192572272
1395,87,1482,0.10265542836208179
1401,87,1488,0.10267535002958991
1395,86,1481,0.10268088276537539
1397,86,1483,0.10269899879158313
1398,91,1489,0.10271140651958756
1402,90,1492,0.10272067216960384
1402,92,1494,0.10272075886023518
1412,94,1506,0.10272138884371593
1406,92,1498,0.10269995825641255
1405,92,1497,0.1026933823611376
1403,92,1495,0.1026901655498593
1395,92,1487,0.10269133436110135
1397,89,1486,0.10270973983432842
1385,90,1475,0.10272153425712213
1394,89,1483,0.10275833858655772
1401,92,1493,0.10277238203584355
1387,92,1479,0.10276913198115366
1386,93,1479,0.10279749099461057
1389,93,1482,0.10282623264210188
1397,91,1488,0.10284556860674725
1392,86,1478,0.10284494659646352
1395,87,1482,0.10285493534085294
1390,90,1480,0.10285821357191485
1398,90,1488,0.10287202545214552
1398,92,1490,0.10286678936295388
1412,92,1504,0.10286213413439725
1420,90,1510,0.10282774873803392
1413,89,1502,0.10277919504892565
1409,90,1499,0.10274983894133555
1398,92,1490,0.10273202834786259
1410,93,1503,0.10273940072238251
1408,91,1499,0.10271997229859821
1396,91,1487,0.10270725568337333
1397,88,1485,0.10272171819748785
1403,84,1487,0.10273193278337926
1411,87,1498,0.10272815454661671
1412,88,1500,0.10270819773002458
1410,88,1498,0.10268804231767963
1423,88,1511,0.10267307196828752
1413,91,1504,0.10263132361258347
1407,91,1498,0.10261462930074326
1399,93,1492,0.10261231874915655
1402,92,1494,0.10262781695480241
1397,92,1489,0.10263560645032661
1386,94,1480,0.10265450493163797
1372,91,1463,0.1026950997328769
1387,94,1481,0.10276219399491576
1405,93,1498,0.10279031182350916
1400,90,1490,0.10277752755833781
1416,86,1502,0.10277642278214101
1396,84,1480,0.10274085641404053
1401,83,1484,0.10275199902090862
1399,84,1483,0.10275132227599652
1403,87,1490,0.10275496857633275
1394,88,1482,0.10274925083327456
1380,85,1465,0.10276402013735673
1384,85,1469,0.10280893448262525
1399,85,1484,0.1028406952318058
1403,89,1492,0.10283665054033612
1401,89,1490,0.10282446843783795
1402,92,1494,0.10281719071238613
1404,92,1496,0.10280811038100086
1418,91,1509,0.10279565829477588
1421,92,1513,0.10275415493503477
1411,92,1503,0.10270965500984838
1401,93,1494,0.1026906496313831
1405,91,1496,0.10269433395289763
1396,91,1487,0.10269039387554912
1388,92,1480,0.10270658640892945
1402,95,1497,0.10273843683224049
1401,99,1500,0.10273753547949767
1384,102,1486,0.10273948952679163
1385,103,1488,0.10277772906622296
1376,104,1480,0.10281054907318392
1384,100,1484,0.10286025002404273
1379,103,1482,0.10288882506208846
1374,108,1482,0.10292621604371054
1373,108,1481,0.10297036212056078
1376,107,1483,0.10301230314841785
1378,106,1484,0.10304405113571097
1367,104,1471,0.10306904926593949
1374,103,1477,0.10311538534579583
1368,109,1477,0.1031429254192928
1362,107,1469,0.10318041345386694
1364,109,1473,0.10322809020936616
1376,109,1485,0.1032669576826468
1384,108,1492,0.10327747041977985
1380,111,1491,0.10326951212627139
1371,113,1484,0.10327048426351469
1380,112,1492,0.10329141042595273
1382,116,1498,0.1032914459782704
1382,114,1496,0.10328762720514995
1395,110,1505,0.10328527420276236
1382,109,1491,0.10325541921423918
1386,106,1492,0.10325529116984963
1385,109,1494,0.10324666622108726
1386,111,1497,0.10324206085709546
1393,110,1503,0.1032352548644624
1392,108,1500,0.10321326447377695
1390,110,1500,0.10319501858660178
1387,110,1497,0.10318285946545704
1375,116,1491,0.10317855210932562
1380,114,1494,0.10320081585878599
1381,118,1499,0.10321124139777439
1388,119,1507,0.10321803587535115
1385,120,1505,0.10320881288890843
1381,124,1505,0.10320638930542422
1376,123,1499,0.10321460392846805
1373,129,1502,0.1032334603382338
1363,129,1492,0.10325783451351463
1358,130,1488,0.10330260712373757
1368,130,1498,0.10335386715884223
1373,127,1500,0.10337942452805385
1375,127,1502,0.10339180780523546
1368,127,1495,0.10339839502235104
1357,126,1483,0.10341897211227236
1372,125,1497,0.10346128512916461
1377,120,1497,0.10346749685934732
1372,118,1490,0.10346210970711717
1371,119,1490,0.10346764820309218
1369,125,1494,0.10347564497701679
1368,126,1494,0.1034869403501073
1380,126,1506,0.10350010223087697
1379,127,1506,0.10348629545623325
1379,130,1509,0.10347586025678535
1373,131,1504,0.10346586883141427
1370,134,1504,0.10346934561009209
1372,134,1506,0.10347905600432399
1372,133,1505,0.10348409250392245
1356,135,1491,0.10348939398264523
1353,135,1488,0.10352789725560854
1361,135,1496,0.10356923362381618
1360,136,1496,0.10359017942789467
1367,133,1500,0.1036109316869289
1356,133,1489,0.10361488704608333
1364,133,1497,0.10364166306207548
1375,129,1504,0.10364944812915354
1381,131,1512,0.10363375525182049
1379,130,1509,0.10360632605482788
1379,131,1510,0.10358484854834873
1387,134,1521,0.1035659216674519
1376,132,1508,0.1035313173780677
1381,136,1517,0.1035238590788748
1363,133,1496,0.10350635808007846
1363,133,1496,0.10352990980916048
1356,134,1490,0.10355055719089204
1358,129,1487,0.10358443840798444
1361,135,1496,0.1036123504317032
1360,131,1491,0.10363072597891795
1356,132,1488,0.10365000458516636
1361,130,1491,0.10367654292792895
1358,135,1493,0.10368916443200034
1362,134,1496,0.1037069817232867
1363,135,1498,0.10371441862333299
1359,138,1497,0.1037189264856899
1364,133,1497,0.1037321196305841
1365,133,1498,0.10373296568181065
1367,133,1500,0.1037321754438228
1359,129,1488,0.10372658492489706
1368,131,1499,0.10373842389143956
1354,139,1493,0.1037300282241642
1352,138,1490,0.10375231357632606
1356,135,1491,0.10377667970800872
1368,139,1507,0.1037908077946698
1366,140,1506,0.1037779135733839
1370,143,1513,0.10377015288461167
1365,144,1509,0.10375574157722874
1366,144,1510,0.10375249687464218
1354,143,1497,0.10374775153533873
1346,142,1488,0.10377014036602034
1345,145,1490,0.10380904173383172
1342,145,1487,0.10384643028711288
1359,143,1502,0.10388694825197406
1356,142,1498,0.1038863643555198
1349,141,1490,0.10389205744299904
1350,143,1493,0.10391238750375847
1348,148,1496,0.10392851962206674
1347,148,1495,0.10394892835770414
1351,148,1499,0.10396884751547714
1347,148,1495,0.10397908500164017
1346,147,1493,0.10399766026883996
1346,146,1492,0.10401811800353725
1340,146,1486,0.10403678121955164
1339,153,1492,0.10406790876037551
1342,157,1499,0.10409827865594286
1349,160,1509,0.10411946463205876
1351,154,1505,0.10412392660177355
1353,152,1505,0.10412343834486083
1344,154,1498,0.10411875886374133
1337,154,1491,0.10413491098179171
1327,156,1483,0.10416435316647127
1329,155,1484,0.10421256683320693
1335,155,1490,0.10425266310729647
1345,152,1497,0.10427459694197463
1347,154,1501,0.10427325953646366
1349,153,1502,0.10426862448335487
1336,155,1491,0.10426071047937985
1336,156,1492,0.10428191594770052
1325,160,1485,0.10429973646314451
1335,160,1495,0.10434077545924535
1343,161,1504,0.10435570211146654
1338,156,1494,0.10435226568284485
1334,159,1493,0.1043599411257445
1322,158,1480,0.10437655866026047
1326,155,1481,0.10441772008054005
1331,154,1485,0.10444641173073693
1336,156,1492,0.10446053842977827
1342,158,1500,0.10446308014137763
1355,154,1509,0.1044528996140847
1349,155,1504,0.10441492737420052
1351,155,1506,0.10439320596229898
1338,158,1496,0.10436863300313498
1343,161,1504,0.10437449417140922
1337,168,1505,0.10437050854567945
1333,167,1500,0.10438027603752023
1325,166,1491,0.10439850284502089
1322,166,1488,0.10443210369923679
1318,165,1483,0.10446810551954805
1329,165,1494,0.10450936184399624
1327,164,1491,0.10452363539691056
1329,163,1492,0.10454178626215369
1317,167,1484,0.10455488951357954
1317,168,1485,0.10459387899497509
1328,169,1497,0.10462996437776237
1329,169,1498,0.10463875743340129
1328,171,1499,0.10464539496630948
1308,173,1481,0.10465314538256976
1309,177,1486,0.10470464402336045
1300,178,1478,0.10474928410879629
1300,179,1479,0.104809907430298
1308,183,1491,0.10486493651441572
1304,176,1480,0.10489854973348678
1296,172,1468,0.10493790244756332
1298,173,1471,0.10499176624031943
1310,172,1482,0.10503674807220076
1314,173,1487,0.10505117812958804
1311,173,1484,0.10505574587865713
1312,172,1484,0.10506558167475961
1312,173,1485,0.10507123826427014
1316,171,1487,0.10507676561015945
1324,167,1491,0.10507198103233362
1327,174,1501,0.10505072368597416
1319,176,1495,0.1050248192172048
1313,178,1491,0.10501727033447043
1318,176,1494,0.10502525699663944
1318,182,1500,0.10502243766307451
1318,179,1497,0.10502025822472781
1302,180,1482,0.1050186860015883
1296,180,1476,0.10505255317793387
1295,179,1474,0.10509637994381682
1306,177,1483,0.10513974507314389
1306,178,1484,0.10515449738163118
1314,182,1496,0.10516802109063203
1312,190,1502,0.10516310120075723
1322,192,1514,0.10516377286471465
1314,193,1507,0.10514246156411126
1308,191,1499,0.10514307971302518
1319,191,1510,0.10515650645836815
1321,195,1516,0.10514335494140782
1314,194,1508,0.10512560147964482
1307,196,1503,0.1051246426545223
1311,191,1502,0.1051391528028868
1309,191,1500,0.10514435789655137
1312,189,1501,0.10515340301943027
1306,187,1493,0.10515450290155731
1302,191,1493,0.10516878154336883
1303,191,1494,0.10519039538580728
1309,190,1499,0.10520767884739168
1325,194,1519,0.10521007987039949
1317,194,1511,0.10517676410699484
1305,190,1495,0.10516421862834009
1320,182,1502,0.10517904038881631
1330,184,1514,0.10516027904840407
1325,183,1508,0.10512123429795939
1324,185,1509,0.10509676213639618
1332,186,1518,0.1050764216682078
1320,186,1506,0.10503890926455776
1316,186,1502,0.10503087061003175
1310,186,1496,0.10503219202732328
1305,185,1490,0.10504796235286344
1296,183,1479,0.10507338732231268
1304,185,1489,0.1051169506377823
1295,182,1477,0.1051398643123981
1304,187,1491,0.10518078177756202
1317,187,1504,0.10519847031891079
1311,187,1498,0.10518627071864259
1322,189,1511,0.1051879386470627
1309,189,1498,0.1051645898423775
1298,186,1484,0.10517151369899995
1294,188,1482,0.10520350790725332
1287,187,1474,0.10524044793145101
1308,193,1501,0.10529005777354553
1316,192,1508,0.1052872546610763
1305,190,1495,0.105267409522948
1305,189,1494,0.10527325307562353
1308,190,1498,0.10527825080389232
1305,189,1494,0.10527681629748852
1309,189,1498,0.10528143324044216
1309,186,1495,0.10527543406573049
1289,189,1478,0.10527070390611919
1287,190,1477,0.10531094246198192
1302,191,1493,0.10535243642982899
1303,193,1496,0.10535771047032146
1293,192,1485,0.1053599902117464
1298,195,1493,0.10538502569451628
1298,195,1493,0.10539729853491404
1298,196,1494,0.10540823972902148
1309,201,1510,0.10541840386418354
1308,202,1510,0.10540368400485736
1302,208,1510,0.10539449073564146
1300,205,1505,0.1054006773048092
1291,201,1492,0.10541133632482168
1285,202,1487,0.10544097969415994
1286,203,1489,0.10548056656007038
1295,206,1501,0.10551571920790118
1275,208,1483,0.10552709854106375
1282,211,1493,0.10558176248448768
1274,212,1486,0.10561702981700961
1271,214,1485,0.10566740968105977
1278,213,1491,0.10572007219056818
1285,213,1498,0.10575360813654452
1269,211,1480,0.10576985845759737
1278,215,1493,0.10581994195634675
1272,212,1484,0.10584642805575527
1294,214,1508,0.105885042893802
1271,214,1485,0.10587239243486334
1273,213,1486,0.10591216445466274
1276,209,1485,0.1059438392995785
1283,205,1488,0.10596583442171631
1282,208,1490,0.10597048447023144
1274,208,1482,0.10597533904595387
1270,211,1481,0.10599662432353832
1266,214,1480,0.10602650309339805
1268,222,1490,0.1060628429227582
1267,221,1488,0.10609347593335439
1261,221,1482,0.10612440244859946
1262,222,1484,0.10616647995745193
1273,227,1500,0.10620413586003195
1275,229,1504,0.10621470980393671
1266,233,1499,0.10622111483852063
1260,236,1496,0.10624849260547449
1268,233,1501,0.10628587793469232
1264,234,1498,0.10630294506623109
1258,233,1491,0.10632826511557472
1263,235,1498,0.10636455110175684
1259,233,1492,0.1063873056991149
1255,244,1499,0.10641676530765298
1264,242,1506,0.10645309129906858
1263,245,1508,0.10646624208989877
1272,244,1516,0.10648092201024965
1264,240,1504,0.10647419187283619
1255,245,1500,0.10648492264501662
1252,241,1493,0.10651461547880821
1240,247,1487,0.10654778856025982
1262,242,1504,0.10660657002380368
1255,240,1495,0.10661071906146574
1255,241,1496,0.10662936638114136
1264,240,1504,0.10664651968311264
1271,247,1518,0.1066420225972556
1270,244,1514,0.1066210635701691
1263,239,1502,0.10660436139165087
1265,240,1505,0.10660493833150184
1270,240,1510,0.10660112348279605
1267,242,1509,0.10658714735292324
1275,250,1525,0.10658255524596932
1279,249,1528,0.10656052251995998
1261,247,1508,0.10653113549619285
1257,247,1504,0.1065429094918295
1250,249,1499,0.10656327626589374
1238,253,1491,0.10659654726585074
1240,248,1488,0.10665478710322646
1244,246,1490,0.10670444773191919
1233,239,1472,0.10674133563496159
1235,241,1476,0.10679628587049449
1222,245,1467,0.10684240610223164
1232,248,1480,0.10691441782833287
1239,251,1490,0.10695945366146756
1230,255,1485,0.10698534480785074
1239,259,1498,0.10703047535697721
1238,263,1501,0.10705151346494364
1237,273,1510,0.10707249108402457
1233,273,1506,0.10709467137057455
1241,270,1511,0.1071236487028132
1228,274,1502,0.10713300606458256
1239,268,1507,0.10717187706946313
1240,270,1510,0.10718316845787769
1228,269,1497,0.10719095554519392
1232,271,1503,0.10722441715659264
1239,271,1510,0.10724439650675105
1242,264,1506,0.107246931057472
1250,264,1514,0.10724167086733484
1227,265,1492,0.10722040428441741
1221,268,1489,0.1072530351647735
1220,271,1491,0.10729472548914552
1219,279,1498,0.10733548539715336
1207,284,1491,0.1073758750750753
1214,286,1500,0.10744069589489232
1210,284,1494,0.10748508533041701
1204,289,1493,0.10753517971405895
1202,291,1493,0.10759504565232174
1202,293,1495,0.10765402825724195
1205,292,1497,0.10770791814501673
1213,294,1507,0.10775162421977236
1200,295,1495,0.10777411154036404
1183,298,1481,0.10782415244280558
1206,304,1510,0.10790876931041642
1212,308,1520,0.10793557868287465
1209,307,1516,0.10794802145177605
1195,311,1506,0.1079679421841191
1200,312,1512,0.10801825876094212
1191,313,1504,0.10805440287735728
1199,312,1511,0.10810706613202554
1186,311,1497,0.1081377771666406
1187,313,1500,0.10819456156147432
1178,312,1490,0.10824430382507981
1168,312,1480,0.10831012601124222
1154,320,1474,0.10839555886909338
1163,322,1485,0.10850524531991818
1168,321,1489,0.10858642787444892
1148,324,1472,0.10865068473132627
1158,332,1490,0.10875679428934149
1162,329,1491,0.10883253993534836
1176,331,1507,0.10889369446877155
1171,329,1500,0.10891860986619761
1159,335,1494,0.10895300597013112
1150,339,1489,0.10901191591873381
1149,340,1489,0.10908594186285846
1160,334,1494,0.10915677655544333
1168,343,1511,0.10919664504954213
1166,339,1505,0.10921311307308569
1160,335,1495,0.10923422445225509
1152,344,1496,0.10926726102176318
1145,343,1488,0.10931492506818895
1157,347,1504,0.10937439204142171
1156,341,1497,0.10940142104065986
1164,346,1510,0.10942752398810635
1158,346,1504,0.10943363140493213
1157,347,1504,0.1094529467489891
1161,347,1508,0.10947463698274586
1171,346,1517,0.1094848218093352
1170,342,1512,0.10947225322445918
1157,346,1503,0.10946446499909335
1143,348,1491,0.10948694849210983
1141,349,1490,0.1095419810454717
1151,350,1501,0.10959727964203499
1142,355,1497,0.10962783187010519
1133,360,1493,0.1096749807445198
1128,363,1491,0.10973854093648498
1118,370,1488,0.1098102825322
1122,370,1492,0.10989746388496094
1114,374,1488,0.10996988201004426
1126,367,1493,0.11005516653037958
1122,372,1494,0.1101073465345262
1117,366,1483,0.1101639102530671
1129,365,1494,0.11022652962692593
1133,367,1500,0.11025707997220835
1129,370,1499,0.11027676297659494
1130,371,1501,0.11030511254452946
1136,376,1512,0.11032916908240484
1119,377,1496,0.1103383211839419
1114,377,1491,0.11038574407043839
1110,378,1488,0.11044289056620132
1118,378,1496,0.11050343986254457
1115,382,1497,0.11054169525438215
1117,383,1500,0.11058318122943853
1123,389,1512,0.11061747130642746
1126,387,1513,0.11063251447158166
1124,387,1511,0.1106396112953645
1117,389,1506,0.11065212767151361
1117,391,1508,0.1106793938638347
1124,390,1514,0.110704863315144
1123,390,1513,0.11071160592150914
1112,391,1503,0.11072086316041713
1114,392,1506,0.11075550752796177
1115,395,1510,0.11078428043506287
1118,388,1506,0.11080760146392954
1114,384,1498,0.11082153968915957
1111,383,1494,0.11084568412675204
1111,392,1503,0.11087541679335984
1097,396,1493,0.11090460269397205
1100,401,1501,0.11096009031730389
1104,400,1504,0.11100490522626241
1107,399,1506,0.11103601686123525
1118,397,1515,0.11105695062214388
1113,395,1508,0.1110533514757114
1128,396,1524,0.1110605353427183
1120,397,1517,0.11103372259977685
1113,393,1506,0.11102751644593419
1107,393,1500,0.11103817580087803
1105,392,1497,0.11106051594170353
1106,389,1495,0.11108546252519856
1093,388,1481,0.11110502246823857
1079,389,1468,0.11115200901857475
1096,390,1486,0.1112252883980872
1092,387,1479,0.11125544043044008
1095,392,1487,0.11129368766896043
1095,393,1488,0.11132144831542311
1111,390,1501,0.11134463817329113
1113,396,1509,0.11133062768564084
1106,395,1501,0.11131385440512422
1099,396,1495,0.11131432069430312
1105,395,1500,0.11133138261460783
1098,397,1495,0.11133391307633236
1083,401,1484,0.11135164770880884
1081,399,1480,0.11140126028036158
1089,401,1490,0.11145155203808722
1087,411,1498,0.11147964760350298
1087,408,1495,0.11151103750295104
1089,395,1484,0.11154008830877415
1089,395,1484,0.11156106144811645
1091,398,1489,0.11158181575255771
1080,402,1482,0.11159585686799785
1089,403,1492,0.11163306320819703
1097,409,1506,0.11164991592527397
1097,411,1508,0.11164551272503331
1095,414,1509,0.11164229157411822
1097,417,1514,0.1116462244955552
1097,424,1521,0.11164642193427038
1095,415,1510,0.11164943362338214
1099,412,1511,0.11165657376414523
1088,417,1505,0.11165488617481571
1087,416,1503,0.11167755201909721
1092,409,1501,0.11169998123109312
1102,408,1510,0.11170983822209266
1100,417,1517,0.11169584951323833
1086,413,1499,0.11168621636062603
1097,416,1513,0.11171032963061588
1096,418,1514,0.11170932141534223
1087,425,1512,0.11171163558028557
1082,431,1513,0.11173451833214605
1079,421,1500,0.11176839369853572
1071,421,1492,0.1118059707777685
1065,426,1491,0.11185690248894771
1061,430,1491,0.11191646656283734
1063,429,1492,0.11198129811304991
1066,425,1491,0.11203692628634877
1061,418,1479,0.11208072325302865
1060,430,1490,0.11213324546952051
1065,431,1496,0.11218424323253394
1060,425,1485,0.1122203133707189
1060,429,1489,0.11226370589249672
1059,431,1490,0.11230297540824828
1056,429,1485,0.11234181745805544
1061,429,1490,0.11238364667178527
1063,433,1496,0.11241015480949787
1063,441,1504,0.11243144642700326
1048,444,1492,0.11245258686552068
1057,453,1510,0.1125062158113936
1053,456,1509,0.11253658992080418
1048,454,1502,0.11257457319955158
1056,455,1511,0.1126202454183921
1060,448,1508,0.1126453418208638
1058,455,1513,0.11265934920476134
1055,454,1509,0.11267691964145392
1066,451,1517,0.11270064636786946
1064,447,1511,0.11269839142559494
1043,459,1502,0.11270121039750042
1042,459,1501,0.1127522795697961
1044,461,1505,0.11280233276945348
1037,457,1494,0.1128433856763206
1038,459,1497,0.11289751888838846
1042,460,1502,0.11294404856578072
1046,458,1504,0.11297844864535644
1054,452,1506,0.11300412264576842
1056,457,1513,0.11300767888857091
1041,457,1498,0.11300676904064445
1052,457,1509,0.11304127538803707
1040,463,1503,0.11304822701503475
1042,459,1501,0.11308160865260197
1034,460,1494,0.11310747146560143
1039,465,1504,0.11315132630825207
1045,465,1510,0.11317942128339471
1033,463,1496,0.11319091315838026
1038,464,1502,0.1132295004020561
1028,467,1495,0.1132539961324412
1025,463,1488,0.11329702658986018
1030,456,1486,0.11334464324860431
1028,457,1485,0.11338010322215193
1027,466,1493,0.11341720897695726
1033,469,1502,0.11345193149068691
1024,471,1495,0.11347069447393349
1022,468,1490,0.11350893326545233
1027,469,1496,0.11354817567746975
1034,475,1509,0.11357488602824034
1030,475,1505,0.1135828270333283
1027,475,1502,0.11359937436237608
1022,475,1497,0.11362215185207053
1015,478,1493,0.1136549277835654
1023,475,1498,0.11369980235806781
1025,471,1496,0.11372167639415189
1030,466,1496,0.11373717536511542
1028,465,1493,0.11374108727477981
1022,468,1490,0.11374889599061772
1021,472,1493,0.11376837408527347
1024,470,1494,0.11378664132489577
1019,478,1497,0.1137955807953902
1011,473,1484,0.1138178391096071
1013,468,1481,0.1138588740413055
1011,472,1483,0.11389092591315872
1016,481,1497,0.11392464825375807
1018,482,1500,0.11394403346352017
1016,483,1499,0.11395743464308594
1020,487,1507,0.11397464967158868
1010,486,1496,0.1139839518474729
1004,487,1491,0.11401686803663214
1002,487,1489,0.11405971295084448
1008,487,1495,0.11410432354467603
1005,487,1492,0.11413140697877548
1006,490,1496,0.11416540368640671
1008,493,1501,0.11419466865679205
1004,480,1484,0.11421850431539099
1008,478,1486,0.11425080731633157
1021,478,1499,0.11427220573717363
1010,485,1495,0.11426298437141086
1016,481,1497,0.11428083985261793
1026,479,1505,0.11428324374470851
1026,489,1515,0.11426039764920538
1018,487,1505,0.11423761183442284
1011,494,1505,0.11423523903999758
1018,492,1510,0.11424808438004933
1021,481,1502,0.1142456321938062
1019,483,1502,0.11423499852741299
1015,485,1500,0.11422944346630792
1010,484,1494,0.11423418901965811
1003,481,1484,0.11424933359700223
1001,483,1484,0.11427891989720759
1003,486,1489,0.11431398883742386
1000,487,1487,0.114342827145909
994,494,1488,0.11437323987379555
1002,498,1500,0.1144158976272016
1004,500,1504,0.11443753499923684
1001,499,1500,0.1144529679009037
1003,497,1500,0.114475277791842
1005,491,1496,0.11449037484499566
1014,498,1512,0.11449872245991437
1009,500,1509,0.11448646707238072
1007,504,1511,0.11448661392571824
1010,498,1508,0.1144891712413342
1014,497,1511,0.11448628718591185
1017,494,1511,0.11447615256648844
1017,499,1516,0.11445861761508012
1007,501,1508,0.11444376298009161
992,505,1497,0.11445190960990313
986,504,1490,0.114493432257655
990,500,1490,0.11454826596564058
990,492,1482,0.11458878722751686
1000,488,1488,0.1146240583992913
1005,497,1502,0.11463500754574639
1003,492,1495,0.11463287483508103
1002,492,1494,0.11463634581853085
1011,492,1503,0.11464404710677326
1004,489,1493,0.11463204192049126
998,497,1495,0.114637904676627
1007,494,1501,0.11465787141844587
1006,496,1502,0.11465298798864712
1010,497,1507,0.1146521443557651
1004,493,1497,0.11464131471590439
1008,490,1498,0.11464441996738721
1007,488,1495,0.11463834705108158
995,494,1489,0.11463577603718018
1002,496,1498,0.11466142835899377
1000,503,1503,0.11466913467177037
1013,495,1508,0.11467947175307447
996,495,1491,0.11465853705461973
999,493,1492,0.11467889139601319
996,490,1486,0.11468760668698323
997,487,1484,0.11470273830447777
1005,492,1497,0.11471324771894567
1011,489,1500,0.11470653688429175
1009,489,1498,0.1146868794291584
1016,486,1502,0.11467350798840424
1014,489,1503,0.11464073852620725
1005,485,1490,0.11461492844815382
1010,482,1492,0.11461314885713632
1005,484,1489,0.11459943927386602
1017,476,1493,0.11459947618975218
1030,476,1506,0.11457263445392758
1025,484,1509,0.1145179618740878
1020,489,1509,0.11447817795196392
1029,485,1514,0.11445375532029967
1022,484,1506,0.1144103336774715
1028,486,1514,0.11438533858309657
1026,487,1513,0.11434918879202013
1015,489,1504,0.11432040548667344
1008,487,1495,0.11431967374940599
1005,496,1501,0.11433613184356982
1011,499,1510,0.11435919250514935
996,503,1499,0.11436781864042153
989,492,1481,0.11441023297315
987,493,1480,0.1144660983043071
997,496,1493,0.11452329619130072
1004,506,1510,0.11455313294014222
987,514,1501,0.11456176354767916
993,512,1505,0.11461153998111094
999,514,1513,0.11464212649448688
992,503,1495,0.11465746573842436
988,508,1496,0.11468672257490813
993,501,1494,0.11472397253059764
992,500,1492,0.1147480597186216
990,507,1497,0.11476990720219074
986,507,1493,0.1147952474128757
998,504,1502,0.11482838488053229
1006,503,1509,0.11483274911658253
996,501,1497,0.11481999103746734
998,504,1502,0.11483075045708768
1002,509,1511,0.11483719053216451
1001,507,1508,0.11483424631122087
992,515,1507,0.11483250958439058
993,511,1504,0.11485197975262224
1001,497,1498,0.11486625168366242
1010,500,1510,0.1148589736438095
1001,506,1507,0.11483174141803079
1000,501,1501,0.11483109693469107
999,501,1500,0.11482963417587229
983,496,1479,0.11483121350408453
984,493,1477,0.11487076934622387
983,491,1474,0.11490531105969141
997,503,1500,0.11493843689332717
991,501,1492,0.11493662397907584
988,506,1494,0.11495014450136505
995,507,1502,0.11496989134781378
997,509,1506,0.1149710844770286
990,511,1501,0.11496916743476245
982,513,1495,0.11498268465025305
982,513,1495,0.11501285274631766
986,518,1504,0.11504151995851566
987,517,1504,0.11505642796645262
983,519,1502,0.11506922795634089
978,523,1501,0.11509213908234871
978,525,1503,0.11512616517116699
976,532,1508,0.11515603297147024
978,527,1505,0.11518808607882879
974,524,1498,0.11521510249777134
978,527,1505,0.1152526224529235
976,533,1509,0.11527808362692792
978,542,1520,0.11530532033062536
975,534,1509,0.1153264339323688
980,534,1514,0.11535321580674662
970,535,1505,0.11536802706306201
967,539,1506,0.11540419000561186
967,536,1503,0.11544581123632154
975,540,1515,0.11548465259757798
973,543,1516,0.11550190167732756
971,532,1503,0.11552213991058444
981,524,1505,0.11554610180172208
970,536,1506,0.11554192410216277
965,541,1506,0.11556370029126586
966,542,1508,0.11559799009474876
958,546,1504,0.11562865757043479
962,546,1508,0.11567456557756423
953,550,1503,0.11570944800831154
956,553,1509,0.1157619188260735
943,556,1499,0.11580376740071412
943,553,1496,0.11587299392441423
949,552,1501,0.11593588522517552
952,544,1496,0.11597880607640172
949,542,1491,0.11601361135114711
965,533,1498,0.11605123622283844
964,533,1497,0.11604897635665853
944,537,1481,0.11605094405628315
942,542,1484,0.1160991474239373
931,551,1482,0.1161474125655733
923,553,1476,0.116216370428412
934,555,1489,0.11629780389043319
940,555,1495,0.11634780121904868
940,559,1499,0.1163833329943395
947,565,1512,0.11641600641151216
953,570,1523,0.11642808601448124
949,564,1513,0.11642661745202983
939,563,1502,0.11643496800512747
935,567,1502,0.1164667809071802
933,569,1502,0.11650613000701031
928,577,1505,0.11654747248988404
939,579,1518,0.11659714207410658
928,579,1507,0.11662008932755107
924,566,1490,0.11666648520789553
927,562,1489,0.11672070459860884
919,565,1484,0.11676367386425365
927,557,1484,0.11682274908009632
919,567,1486,0.11685938677792233
929,564,1493,0.11691252705517222
927,577,1504,0.11693944261262451
940,579,1519,0.11697152934984992
940,582,1522,0.11697039536789705
928,584,1512,0.11696897694942075
928,581,1509,0.11699512070216339
932,579,1511,0.11701915311500305
931,585,1516,0.11703288671247529
927,587,1514,0.11705045794794361
917,587,1504,0.11707871600493747
923,589,1512,0.11712818303706897
916,587,1503,0.11716097108655817
906,580,1486,0.1172080600907006
901,588,1489,0.11727609660610881
912,576,1488,0.11734972075478123
920,574,1494,0.1173917904475347
910,572,1482,0.11741027411438909
913,585,1498,0.11745322022897524
910,587,1497,0.11748459436721166
910,591,1501,0.1175196035028949
916,586,1502,0.11755175705888782
925,588,1513,0.11756950763383572
914,581,1495,0.11756709606916138
904,588,1492,0.11758893900681894
903,593,1496,0.11763584244953972
903,592,1495,0.11767907285201047
904,587,1491,0.11771859745874295
911,593,1504,0.11775272579845118
910,587,1497,0.1177686179417082
910,589,1499,0.1177868937670155
902,596,1498,0.11780388893711541
897,587,1484,0.11783932037198873
890,596,1486,0.11788239537026897
896,591,1487,0.11793757279332123
905,600,1505,0.11797475136478336
912,604,1516,0.11798650205824021
893,599,1492,0.11798196778014777
889,601,1490,0.11802296824619099
891,609,1500,0.11807302948257416
884,620,1504,0.11811504298242897
888,624,1512,0.11817216119216703
895,614,1509,0.11821772508271663
896,614,1510,0.11824328617149396
888,607,1495,0.11826536219271161
876,619,1495,0.11830674136545717
883,623,1506,0.11837094724033281
891,627,1518,0.11841277179429213
881,621,1502,0.11843203617638201
873,617,1490,0.11847303215481193
872,617,1489,0.11853091007751032
878,624,1502,0.11858624373362878
882,628,1510,0.11862336594754495
880,628,1508,0.11865004925395459
884,630,1514,0.11868147262823449
889,632,1521,0.11870126420862856
902,627,1529,0.11870815885984838
886,630,1516,0.11868505244215406
885,633,1518,0.1187025316563534
876,632,1508,0.11872216002265047
873,632,1505,0.11876182524578759
865,633,1498,0.11880526295133034
873,633,1506,0.11886627484849126
867,638,1505,0.11890326945711426
873,630,1503,0.11895179201732589
863,632,1495,0.11898391883977823
866,644,1510,0.11904018125409849
863,639,1502,0.11908528745709855
855,642,1497,0.1191338967762319
857,645,1502,0.11919824591965293
863,653,1516,0.11925298407074203
864,656,1520,0.1192895019703592
857,661,1518,0.11932164536815282
849,666,1515,0.11936796924325335
848,658,1506,0.11943153459953723
854,659,1513,0.11949215128935683
853,660,1513,0.1195341923901822
848,662,1510,0.1195743834454413
838,660,1498,0.1196240974350441
830,669,1499,0.1196952042018632
838,672,1510,0.11978069327273558
841,671,1512,0.1198399497617285
843,669,1512,0.11988668034376829
838,669,1507,0.11992529214207162
825,665,1490,0.1199742206715894
832,672,1504,0.12004910768318226
824,674,1498,0.12010349956187205
821,679,1500,0.12017408108013171
824,677,1501,0.12024709730017287
828,679,1507,0.12030796530368874
825,687,1512,0.12035295330013387
818,685,1503,0.12040170578991055
823,678,1501,0.12046417326174445
819,681,1500,0.12050988793299598
826,675,1501,0.12056152459194845
837,676,1513,0.12059350751911367
832,685,1517,0.12059821477371963
828,679,1507,0.12061412886404992
821,680,1501,0.12063897282208494
834,672,1506,0.1206785275751152
831,676,1507,0.12068307266575179
829,668,1497,0.12069466628176531
827,674,1501,0.12071027873611487
820,669,1489,0.12073023915219103
826,664,1490,0.12076403372593242
829,671,1500,0.12078369233857376
823,666,1489,0.1207957513305532
828,665,1493,0.12082232587425362
836,668,1504,0.1208354639092737
828,667,1495,0.12082654965758184
827,671,1498,0.12083562977451891
827,668,1495,0.12084557834179303
831,682,1513,0.12085484963242786
832,684,1516,0.12085495039279479
843,682,1525,0.12085283120361152
843,673,1516,0.1208251060443078
839,661,1500,0.1207972147693473
846,660,1506,0.12078016691862539
845,665,1510,0.12074577370703989
852,665,1517,0.12071477982239788
847,664,1511,0.12066895490847684
852,666,1518,0.12063711485520529
851,663,1514,0.120598638106669
844,667,1511,0.12056572202727205
841,661,1502,0.12055145401564321
840,663,1503,0.1205443042215639
843,663,1506,0.12053975796086668
844,660,1504,0.12052730308425183
845,664,1509,0.12051437448372841
842,655,1497,0.12050084138224637
831,669,1500,0.12049516002774883
830,672,1502,0.1205155882868493
834,671,1505,0.12053787777192145
829,669,1498,0.12054885085368461
836,663,1499,0.12057006981735259
827,664,1491,0.12057342123375696
829,665,1494,0.12059641523255127
825,663,1488,0.12061308358917554
822,660,1482,0.12063782495395778
819,661,1480,0.12066760891848699
828,657,1485,0.12070242743379524
819,665,1484,0.12071099869385976
823,668,1491,0.12074126307479748
824,668,1492,0.12075826006500279
831,659,1490,0.1207723069369704
835,663,1498,0.12076982115677985
837,668,1505,0.12075813386951943
843,668,1511,0.12074468555978977
842,665,1507,0.12071688793842988
820,675,1495,0.12069520444343265
818,666,1484,0.12072664106178803
822,678,1500,0.12075900505427935
819,681,1500,0.12077843121114017
815,677,1492,0.12080357467267672
813,674,1487,0.12083677751468641
820,680,1500,0.12087165378238061
811,674,1485,0.12088825418084335
809,674,1483,0.12092401521677403
813,683,1496,0.12096474633442135
817,681,1498,0.12099298976508706
818,681,1499,0.12101119769708234
807,691,1498,0.12102680511780152
795,683,1478,0.12106959057694866
804,690,1494,0.12113526904546079
816,691,1507,0.12117514224044003
810,686,1496,0.12118576808433552
813,688,1501,0.12120827942839903
820,684,1504,0.12122388667189715
825,684,1509,0.12122156910104658
827,693,1520,0.12120998528123225
833,693,1526,0.12119271249176457
830,695,1525,0.1211629209126231
821,689,1510,0.12114099168776106
819,690,1509,0.12114371065412972
816,692,1508,0.12115055241214677
817,687,1504,0.12116443146538732
816,685,1501,0.12117581237041002
817,695,1512,0.12118989537457125
826,697,1523,0.12120283417261721
824,699,1523,0.12119258618057925
822,705,1527,0.12118740340032047
823,700,1523,0.12118795295880311
811,700,1511,0.12118608939487344
811,699,1510,0.12121198881996406
817,693,1510,0.12123670585687084
812,704,1516,0.12124324417781207
803,704,1507,0.1212632938694191
791,714,1505,0.1213054204952563
794,713,1507,0.12137298466128697
805,710,1515,0.1214277820903999
801,713,1514,0.1214519610775704
796,710,1506,0.12148336774810739
796,716,1512,0.12152507107646265
802,709,1511,0.1215617044750157
804,717,1521,0.12158208844291968
807,714,1521,0.1215963690808476
805,706,1511,0.12160281971902227
791,712,1503,0.12161280161974909
792,706,1498,0.1216563399748807
795,700,1495,0.12169384596194227
798,712,1510,0.12172186545684163
799,707,1506,0.12173982364507513
803,713,1516,0.12175399564462165
797,712,1509,0.12175865410571535
801,709,1510,0.12177901485580706
804,710,1514,0.12178940046102348
804,709,1513,0.12179081344765766
806,713,1519,0.1217910923831338
805,714,1519,0.12178705986945473
800,711,1511,0.12178515353744356
806,711,1517,0.12179484017110834
797,715,1512,0.12178815206483565
785,714,1499,0.12180221570672072
795,707,1502,0.12184369929187522
803,701,1504,0.12185681441806993
792,703,1495,0.12185146440206751
792,705,1497,0.12187479529162434
792,713,1505,0.12189712386431115
786,719,1505,0.12191799055378706
789,718,1507,0.1219501530895652
774,723,1497,0.12197317263841231
768,721,1489,0.12202790723803503
775,729,1504,0.12209376644096025
782,725,1507,0.12214012899117126
782,731,1513,0.12216688273356677
782,734,1516,0.122191836601824
780,735,1515,0.12221502290843862
774,734,1508,0.1222418494697324
775,735,1510,0.1222814012483801
785,738,1523,0.12231682468531879
777,734,1511,0.12232332826927021
775,730,1505,0.12234727774036581
784,734,1518,0.12237330119633706
787,724,1511,0.12237784456440942
779,718,1497,0.12237690508682292
784,721,1505,0.12239366562991727
778,732,1510,0.12239888915586647
778,730,1508,0.12241925742574843
761,734,1495,0.12243856968797863
761,732,1493,0.12249584668532815
763,738,1501,0.1225494781365631
767,738,1505,0.12259370474668013
774,727,1501,0.12262520023237439
767,723,1490,0.12263871804482296
761,726,1487,0.12266691205413441
760,723,1483,0.12270514001249165
760,734,1494,0.12274253516706805
759,732,1491,0.12277798393239366
764,741,1505,0.12281449137770192
761,743,1504,0.12283788629258191
757,743,1500,0.12286528384892927
766,739,1505,0.12289926297599882
759,733,1492,0.12290883524142032
756,743,1499,0.12293213970485073
755,746,1501,0.12296162587407576
754,745,1499,0.12299322939029925
758,751,1509,0.12302576218110162
764,748,1512,0.12304621558334006
764,750,1514,0.12304830445987339
756,759,1515,0.12305085483138495
752,747,1499,0.12307084881906985
745,753,1498,0.12310129259213641
750,760,1510,0.12314410464603708
750,756,1506,0.1231717028287859
752,750,1502,0.12319730288266076
745,759,1504,0.1232165649628199
743,757,1500,0.12325117466681629
740,754,1494,0.12328744260371076
742,752,1494,0.12333009328179935
734,758,1492,0.12336387565231031
740,764,1504,0.123413968382341
733,770,1503,0.12344675591689526
726,772,1498,0.12349448049927876
728,774,1502,0.12355528937091745
723,767,1490,0.12360524314516509
714,769,1483,0.12366363568443571
721,762,1483,0.12374158671729163
727,758,1485,0.12379851364337395
723,765,1488,0.12383908473715635
728,769,1497,0.12388503052106588
726,773,1499,0.1239148570426398
730,767,1497,0.12394661165821579
740,775,1515,0.12396575478303504
728,783,1511,0.12396150027605458
726,778,1504,0.12398697785508311
725,781,1506,0.12401486352823303
720,771,1491,0.1240432556158755
728,769,1497,0.12408160159168112
723,765,1488,0.12409823173439653
728,774,1502,0.12412671253215703
724,767,1491,0.12414089537776477
714,768,1482,0.12416412091402976
712,771,1483,0.12421103620959112
721,778,1499,0.12426186427655563
726,775,1501,0.12428822622127861
717,772,1489,0.12429872266343239
714,773,1487,0.12433075354606815
716,780,1496,0.12436654272594094
714,786,1500,0.12439493996012445
717,788,1505,0.12442892154873608
713,798,1511,0.1244529830584885
718,797,1515,0.1244854756086326
708,797,1505,0.12450380320609344
709,799,1508,0.12454593326700451
708,795,1503,0.12458114286821212
709,794,1503,0.12461352939697544
713,791,1504,0.12464003501033588
721,793,1514,0.12465477818683875
717,789,1506,0.12465117265867781
716,790,1506,0.12465554678015012
714,783,1497,0.12466031178003359
722,779,1501,0.12467118065256527
723,775,1498,0.12466017314689645
719,789,1508,0.12464765216727651
726,785,1511,0.1246460819445219
727,792,1519,0.1246264642233046
714,799,1513,0.12460678132208523
712,797,1509,0.12462315220896027
714,801,1515,0.12464259212150453
706,800,1506,0.12465626369497979
704,798,1502,0.12468895053061559
695,802,1497,0.12472635538667987
694,812,1506,0.12478372493414422
687,810,1497,0.12484127865200666
694,814,1508,0.12491316019461869
695,823,1518,0.12496340188519611
692,828,1520,0.12500653307614548
689,832,1521,0.12505394266649114
691,821,1512,0.12510564301739785
690,825,1515,0.12514807401771594
679,822,1501,0.12518878878834985
682,816,1498,0.1252534772240874
685,814,1499,0.1253061563329628
691,806,1497,0.12534632801915704
687,803,1490,0.1253689159608447
684,808,1492,0.12540061240285255
694,811,1505,0.12543671301280587
687,810,1497,0.12544601361913266
693,822,1515,0.1254709824581254
686,818,1504,0.12548019309945257
690,822,1512,0.12550460422803913
686,828,1514,0.12551734628944058
691,826,1517,0.12554072942877692
698,821,1519,0.12554998928680589
695,830,1525,0.1255423233363221
697,825,1522,0.12554471129789302
694,827,1521,0.12554149493172292
683,831,1514,0.12554662839572267
678,836,1514,0.12557784896594165
681,829,1510,0.12561805009609092
684,829,1513,0.12564811201852374
683,828,1511,0.12566999052578554
693,826,1519,0.12569261647499388
687,818,1505,0.12568780823040643
692,818,1510,0.12569822167792646
695,815,1510,0.1256971758988074
694,820,1514,0.1256898281205556
691,829,1520,0.12568370193422776
690,831,1521,0.12568687185236205
697,816,1513,0.1256919195876548
694,825,1519,0.1256798411627046
688,820,1508,0.12567510877695526
690,808,1498,0.12568550898605252
691,811,1502,0.12569027387184117
687,821,1508,0.12569071490627423
691,815,1506,0.1257027484791484
701,820,1521,0.12570343154134017
698,827,1525,0.12568206200867604
692,829,1521,0.12567163501897322
694,826,1520,0.12567682638851996
689,826,1515,0.12567561571248567
692,820,1512,0.12568468337561828
685,815,1500,0.12568762533326136
685,825,1510,0.12570688997096774
682,824,1506,0.1257257882021305
676,823,1499,0.12575172516796795
677,827,1504,0.12579298877121467
675,830,1505,0.12582819139443785
684,827,1511,0.12586647269444806
678,828,1506,0.12587911110374841
673,830,1503,0.12590686559043207
664,830,1494,0.12594363609469725
670,826,1496,0.12599992837285023
672,843,1515,0.12603914724137358
686,840,1526,0.1260705322970837
678,829,1507,0.12606743250342486
666,826,1492,0.12608339253927076
679,839,1518,0.12612707369779325
683,830,1513,0.12613812692311843
679,837,1516,0.12613743812180592
674,838,1512,0.1261473668372058
669,833,1502,0.1261692245307914
664,844,1508,0.12620045109075065
668,839,1507,0.1262412369252043
673,832,1505,0.12626957864669097
670,840,1510,0.12628488959858103
658,830,1488,0.12630475803122734
646,840,1486,0.12635397275560634
657,850,1507,0.1264282338284813
656,847,1503,0.12647016343897657
653,850,1503,0.1265121918082147
654,845,1499,0.1265573600218195
663,849,1512,0.126596096015248
650,852,1502,0.1266117380338231
654,857,1511,0.12665465346658256
652,857,1509,0.12668330045297777
655,858,1513,0.12671454948586164
656,852,1508,0.12673651564515373
657,848,1505,0.12675373408223523
662,862,1524,0.1267708596470966
668,871,1539,0.1267747288431865
659,860,1519,0.12676429912536222
661,852,1513,0.12677547516058085
661,850,1511,0.12678288679309713
665,857,1522,0.12679109665020782
660,862,1522,0.1267908560737809
663,856,1519,0.1268021044575509
660,854,1514,0.12680298611404672
660,852,1512,0.12681259644281878
657,852,1509,0.12681993615444168
662,856,1518,0.12683424500239593
662,864,1526,0.1268337978068656
662,854,1516,0.12683137030056202
663,857,1520,0.12682960051244582
655,855,1510,0.12682544450492111
660,851,1511,0.12684017668140576
663,852,1515,0.12684200424591482
661,858,1519,0.12683733040828915
659,850,1509,0.1268378967164532
662,843,1505,0.12684395628486755
661,848,1509,0.12684095548826813
659,849,1508,0.1268398558616871
660,843,1503,0.12684489111452746
658,842,1500,0.1268474920725722
656,844,1500,0.1268545204465455
659,852,1511,0.12686718549506076
657,852,1509,0.12687167833135668
655,853,1508,0.12688109093333153
657,863,1520,0.12689437287505825
659,857,1516,0.12690308368704442
664,862,1526,0.12690798301130046
658,863,1521,0.1268987622801717
660,856,1516,0.1269044793131424
663,846,1509,0.12690505481836256
659,828,1487,0.12689827244995372
666,835,1501,0.12690134959449237
665,832,1497,0.12688619596924355
677,835,1512,0.12687365285166427
668,832,1500,0.12683177876353088
674,829,1503,0.12681599865320756
673,842,1515,0.1267859501120679
676,839,1515,0.12676092743893883
673,848,1521,0.1267330244241557
671,842,1513,0.12671392884600371
676,850,1526,0.12670168170275717
678,845,1523,0.12667781195888494
671,842,1513,0.12665297468570086
676,844,1520,0.1266469785026079
669,852,1521,0.12662584327171322
666,844,1510,0.12662186870533504
664,840,1504,0.1266267680530571
667,840,1507,0.12663793588871472
658,847,1505,0.1266397434115807
657,850,1507,0.12666485370110867
661,852,1513,0.12668983266461495
664,840,1504,0.1267007086393882
660,840,1500,0.12670487178995204
664,833,1497,0.12671499382910623
663,840,1503,0.12671703180782123
657,846,1503,0.12672025448005797
660,840,1500,0.12673701942740276
652,838,1490,0.12674516758454057
666,839,1505,0.12677333332763618
662,844,1506,0.12676863247059153
660,845,1505,0.12677205774845215
655,852,1507,0.1267810806415426
653,861,1514,0.12680216839695235
654,862,1516,0.12682677984397625
652,862,1514,0.12685010858457232
641,863,1504,0.126877293044397
636,871,1507,0.12692951855992676
645,866,1511,0.12699135580198495
643,871,1514,0.12702476493050865
647,863,1510,0.12706070955023832
651,858,1509,0.1270843774256447
651,848,1499,0.12709986192293987
656,854,1510,0.12711400772619025
639,860,1499,0.12711436046814095
639,860,1499,0.1271572040064159
634,864,1498,0.12719719222716225
640,863,1503,0.12724474408092187
644,858,1502,0.1272734375727782
646,854,1500,0.12728808199931785
647,857,1504,0.1272962511699168
643,867,1510,0.12730272214644667
649,870,1519,0.12731835814577616
647,854,1501,0.12731774871136603
648,858,1506,0.12732105901607532
635,856,1491,0.12732006119034456
635,874,1509,0.1273520553318588
632,871,1503,0.12738146474022666
625,883,1508,0.12741546901736445
629,877,1506,0.12746575935964383
623,876,1499,0.12750237776024387
636,878,1514,0.12755064655743584
632,886,1518,0.12756420583345351
636,872,1508,0.12758522639269557
640,871,1511,0.12759550897740932
642,872,1514,0.1275951589638273
633,875,1508,0.12758993767634583
622,881,1503,0.12760636704539588
621,888,1509,0.1276465514927426
614,875,1489,0.1276848679183893
616,872,1488,0.12773871131378228
630,859,1489,0.1277827365590019
629,861,1490,0.12779252329779203
624,875,1499,0.12780588091651876
623,879,1502,0.12783063119099092
616,884,1500,0.1278561552955259
609,891,1500,0.12789501103178352
612,891,1503,0.12794926262286055
611,893,1504,0.12799218086817687
613,902,1515,0.12803433363041244
615,899,1514,0.12806956869003433
619,887,1506,0.1280961709051459
608,884,1492,0.1281113914817462
606,890,1496,0.12815340967882183
611,898,1509,0.12819574173142806
612,899,1511,0.12822262558387604
608,909,1517,0.1282462369210582
598,900,1498,0.12827958986001384
604,901,1505,0.12833601240680775
598,899,1497,0.12837556472570125
589,908,1497,0.1284260524013187
589,923,1512,0.12849526356705407
588,928,1516,0.12856070432639277
579,934,1513,0.12862553786118494
580,928,1508,0.12870823340349993
579,927,1506,0.1287830314878511
578,919,1497,0.12885483684995896
578,923,1501,0.12892368879378213
574,930,1504,0.1289881794944007
582,919,1501,0.1290553442171814
586,925,1511,0.1290992888307232
585,935,1520,0.12912913642242618
589,932,1521,0.12916067303148426
594,931,1525,0.1291793432339712
593,927,1520,0.1291851640835463
592,923,1515,0.1291929244631833
588,920,1508,0.12920309020111112
593,912,1505,0.1292220988513035
594,913,1507,0.1292272637825906
593,910,1503,0.12922996143314935
593,929,1522,0.12923476201220538
593,928,1521,0.1292395474028435
589,923,1512,0.12924386701420384
586,927,1513,0.12925679333646609
585,940,1525,0.1292755621338622
589,936,1525,0.12929650047117874
584,936,1520,0.12930664688786145
591,934,1525,0.1293300274645995
593,929,1522,0.12933342973096307
591,924,1515,0.12933328555178278
590,934,1524,0.12933775621151267
589,928,1517,0.12934471548252519
586,924,1510,0.12935183584425927
585,929,1514,0.12936505439742832
586,924,1510,0.12937961748069884
582,931,1513,0.12939089305466062
579,916,1495,0.12941268599018854
595,917,1512,0.1294399929467242
584,925,1509,0.12942456570940464
577,918,1495,0.1294375450717008
578,914,1492,0.1294663101026958
593,926,1519,0.12949289515634263
585,928,1513,0.12948294159248924
592,924,1516,0.12949425237709378
588,927,1515,0.12948951057403538
578,939,1517,0.1294958329777524
578,946,1524,0.129526811799894
578,946,1524,0.12955575826972374
575,939,1514,0.12958206100944072
583,933,1516,0.12961452092427853
585,924,1509,0.12962559957834702
579,929,1508,0.12962862689651783
580,935,1515,0.12964472842203656
576,931,1507,0.12965722535813679
574,932,1506,0.129679697489223
576,936,1512,0.12970471966905064
576,937,1513,0.12972326021139524
570,937,1507,0.12974091269618793
572,938,1510,0.12977186961267992
565,924,1489,0.1297958733240042
569,937,1506,0.12983883473131624
561,931,1492,0.12987093213794482
563,946,1509,0.1299207592574406
560,941,1501,0.12996208661512199
565,941,1506,0.13000855537191597
561,948,1509,0.13003932790928732
555,941,1496,0.1300764081221752
564,945,1509,0.1301267745753948
556,956,1512,0.13014948953078517
555,951,1506,0.13019032418533313
558,932,1490,0.13023196058918246
553,945,1498,0.13026511769060903
548,941,1489,0.130310444756686
552,944,1496,0.13036552135366064
549,955,1504,0.13040664798309942
538,959,1497,0.13045364881479582
543,965,1508,0.13052499782622554
547,957,1504,0.13057908053752992
545,976,1521,0.13061833218186908
540,964,1504,0.1306597808548059
540,972,1512,0.1307111763671748
537,970,1507,0.13075852843794672
535,968,1503,0.13080965562886182
534,967,1501,0.13086169477305376
541,957,1498,0.13091265075944908
540,956,1496,0.1309434407928768
543,964,1507,0.13097406268284745
544,969,1513,0.13099629999095785
544,962,1506,0.13101625060802585
538,970,1508,0.13103562781957218
534,964,1498,0.1310704757047903
539,972,1511,0.13111376625308768
537,973,1510,0.13114275314357696
530,976,1506,0.13117555764843164
533,979,1512,0.13122211655532134
520,975,1495,0.1312588374635417
535,986,1521,0.1313248776043856
531,979,1510,0.13134996822373973
535,986,1521,0.13138424134467117
535,984,1519,0.13140527233908283
536,970,1506,0.1314266655474837
532,959,1491,0.13144365726992743
536,959,1495,0.1314707652538083
530,973,1503,0.13148541654844992
522,980,1502,0.13151432848748879
518,973,1491,0.13156049863120953
526,973,1499,0.13161286836609068
529,973,1502,0.13164085592084585
536,989,1525,0.13165903567438167
537,985,1522,0.1316580738923416
528,982,1510,0.1316547186959519
527,981,1508,0.13167294984763245
530,977,1507,0.1316949149141243
532,981,1513,0.1317091944506492
529,984,1513,0.13171847507055592
523,988,1511,0.13173384632922439
525,978,1503,0.1317618475389788
524,972,1496,0.13178322466440748
525,977,1502,0.13180471267150215
525,978,1503,0.13182290170199468
527,974,1501,0.13184242800674784
529,971,1500,0.1318559909661944
530,977,1507,0.13186196713444065
532,981,1513,0.1318643247625883
526,974,1500,0.13186326054333297
524,988,1512,0.13187645496214723
514,990,1504,0.1318928980655912
521,975,1496,0.13193253163627003
519,983,1502,0.13195184805368132
517,980,1497,0.13197570972105788
520,980,1500,0.1320027026812367
519,975,1494,0.13202100873118422
517,983,1500,0.13204109336143344
518,990,1508,0.13206497456290395
513,988,1501,0.13208344871680144
512,990,1502,0.13211252717235422
512,994,1506,0.13214161015515505
527,994,1521,0.13216988049923345
529,991,1520,0.13215809973836062
526,987,1513,0.13214124792293377
522,990,1512,0.1321325628672407
522,986,1508,0.1321343747257114
521,1004,1525,0.1321345442550712
521,1004,1525,0.1321373808376686
515,1002,1517,0.13214042194950115
515,996,1511,0.13215833371062952
506,991,1497,0.13217754633122877
510,995,1505,0.13221711439283027
511,1001,1512,0.13224441595962444
510,999,1509,0.13226742328230995
509,996,1505,0.13229169847772299
505,998,1503,0.13231773999997043
506,1003,1509,0.13235281892291226
506,1012,1518,0.1323817797072674
502,999,1501,0.13240991394242332
508,1002,1510,0.13244496158630356
503,1004,1507,0.13246227813412026
503,1002,1505,0.1324896503114793
498,992,1490,0.13251658978219838
495,990,1485,0.13255535715978928
497,987,1484,0.13259763954384712
497,1002,1499,0.13263126646744086
493,1020,1513,0.1326623716253829
494,1018,1512,0.1327023299805656
486,1015,1501,0.1327362758454839
495,1009,1504,0.13278934660963626
503,1005,1508,0.13281571757987035
498,1011,1509,0.13281780486005446
498,1018,1516,0.13283382120428835
497,1017,1514,0.1328491967279871
493,1003,1496,0.13286591839607492
489,1021,1510,0.1328914396767548
484,1015,1499,0.13292606816139718
485,1019,1504,0.13297136336454177
485,1029,1514,0.13301060064586331
484,1028,1512,0.13304609603292025
488,1021,1509,0.13308231719739944
493,1013,1506,0.13310596187797974
495,1016,1511,0.13311477791443724
500,1014,1514,0.1331171814227959
499,1010,1509,0.1331058396467094
502,1019,1521,0.13309917201496083
497,1015,1512,0.13308430350959222
503,1011,1514,0.13308230406971475
497,1032,1529,0.13306471262729655
490,1018,1508,0.13306449871292947
489,1029,1518,0.13308342907171103
487,1025,1512,0.1331040366038468
490,1024,1514,0.1331290872479564
482,1032,1514,0.133145670770544
486,1026,1512,0.13318003543110846
488,1024,1512,0.1332020876021263
483,1032,1515,0.13321839929382626
483,1028,1511,0.1332446563265574
483,1027,1510,0.13326921278243567
478,1018,1496,0.13329294183515275
477,1027,1504,0.13332826723286967
481,1045,1526,0.13336437241976098
476,1037,1513,0.13338660701227364
469,1036,1505,0.13342026456597555
475,1036,1511,0.13347010337190743
475,1032,1507,0.13350101509442122
482,1039,1521,0.13352984999791587
471,1046,1517,0.1335403621786403
472,1040,1512,0.13357685117411236
468,1045,1513,0.1336096954637403
464,1041,1505,0.13365083876799985
470,1047,1517,0.1337009166506407
465,1044,1509,0.13373226933560325
466,1045,1511,0.13377249733178978
464,1045,1509,0.1338065901650573
460,1050,1510,0.13384160177025195
458,1054,1512,0.13388420442060756
466,1051,1517,0.1339279676712264
460,1051,1511,0.1339510217132458
450,1057,1507,0.1339884370606618
443,1065,1508,0.13405030212278565
442,1059,1501,0.13412474355668805
454,1059,1513,0.13419696801851264
451,1047,1498,0.1342322825851223
448,1055,1503,0.13427165496222018
447,1059,1506,0.13431894254287435
446,1069,1515,0.13436458932027948
451,1067,1518,0.1344093094637786
446,1063,1509,0.13443756848662744
444,1062,1506,0.134476372539782
445,1058,1503,0.13451697351326705
437,1055,1492,0.13455230088090805
436,1066,1502,0.13460591524209542
433,1077,1510,0.134658878615991
437,1084,1521,0.13471627133041456
433,1075,1508,0.13475751219341997
432,1070,1502,0.13480730037191402
426,1076,1502,0.13485669226125965
422,1077,1499,0.1349184244289769
422,1075,1497,0.1349869776661785
425,1070,1495,0.13505078944144475
424,1071,1495,0.13510426179424492
425,1082,1507,0.13515662224004946
424,1081,1505,0.13520309897764854
424,1094,1518,0.1352486559273507
422,1080,1502,0.1352909589510334
428,1078,1506,0.135335924602745
423,1084,1507,0.13536176752524143
429,1092,1521,0.13539965928942002
427,1084,1511,0.13542021813871022
430,1095,1525,0.13544564934570677
428,1091,1519,0.1354608951943197
431,1088,1519,0.13547982899684954
433,1095,1528,0.1354895974077059
430,1090,1520,0.1354935603748126
433,1091,1524,0.13550607856335786
430,1091,1521,0.13551232103107708
433,1087,1520,0.1355263690444451
428,1080,1508,0.13553198114082682
425,1085,1510,0.13555158229724046
433,1092,1525,0.13557744590636245
424,1087,1511,0.13558130351986386
431,1081,1512,0.13560687495248727
432,1085,1517,0.13561114652219375
432,1085,1517,0.13561297387843582
425,1085,1510,0.13561624192211727
425,1072,1497,0.13563578625195885
420,1073,1493,0.13565334498935172
420,1077,1497,0.13568152160032387
423,1083,1506,0.13570859689169676
413,1092,1505,0.13572704052083615
413,1092,1505,0.1357702882957156
418,1099,1517,0.13580977709603917
422,1091,1513,0.135832994338617
425,1083,1508,0.13584426494898552
421,1088,1509,0.1358466201688271
422,1088,1510,0.13586123333678646
422,1094,1516,0.13587221015534887
430,1089,1519,0.13588121379108248
432,1093,1525,0.13586990787002426
426,1094,1520,0.13585496677464926
429,1094,1523,0.1358539717146031
430,1092,1522,0.1358463133231801
431,1087,1518,0.1358373332746084
430,1081,1511,0.1358285207878873
431,1079,1510,0.1358232985410592
429,1085,1514,0.13581606116723643
423,1084,1507,0.135813523047608
426,1082,1508,0.13582833961243285
423,1091,1514,0.13583303663530233
424,1089,1513,0.1358464850216228
414,1091,1505,0.13585443347406398
417,1108,1525,0.13588718384551285
414,1103,1517,0.1359099216266815
421,1094,1515,0.13593863906534018
417,1095,1512,0.13594861650923235
421,1092,1513,0.135967598240859
421,1094,1515,0.13597345104900613
411,1087,1498,0.13597999611808556
406,1086,1492,0.13601153451077655
406,1092,1498,0.13605399532640808
399,1098,1497,0.13609451017413277
400,1107,1507,0.13615017793009504
395,1105,1500,0.13619961867777725
395,1107,1502,0.13625814399261127
402,1113,1515,0.13631371410916437
405,1107,1512,0.1363474028396195
402,1107,1509,0.13637080954285924
407,1104,1511,0.13640032427516385
404,1098,1502,0.13641394645983473
397,1098,1495,0.1364354796059297
399,1112,1511,0.1364734953435544
405,1117,1522,0.13650303184893656
398,1116,1514,0.13651430231766185
399,1126,1525,0.1365413461522025
398,1123,1521,0.1365645269600252
397,1126,1523,0.13658877977019462
400,1119,1519,0.13661424974933367
403,1115,1518,0.13662953257620958
397,1119,1516,0.13663643893842484
399,1114,1513,0.1366585748183525
401,1125,1526,0.13667421186555206
399,1128,1527,0.13668508285386363
395,1124,1519,0.13669926421544504
387,1124,1511,0.13672321832001363
387,1134,1521,0.13676668302421915
381,1133,1514,0.1368058277485431
377,1130,1507,0.1368569011205169
378,1132,1510,0.136913727590495
374,1124,1498,0.13696290644391104
375,1130,1505,0.13701971833499532
372,1120,1492,0.13707049875427846
369,1132,1501,0.13712668374371392
367,1129,1496,0.13718697535974544
380,1122,1502,0.1372482383435056
379,1116,1495,0.13727060343197106
383,1119,1502,0.13729431432781727
375,1121,1496,0.13730692956887267
381,1136,1517,0.13733896212186483
381,1140,1521,0.13735278340660625
382,1138,1520,0.13736657913212422
383,1145,1528,0.13737658783613738
386,1140,1526,0.13738311210758694
381,1140,1521,0.1373824984035953
386,1135,1521,0.13739464518384345
381,1139,1520,0.13739320439650363
380,1136,1516,0.1374046029399633
377,1145,1522,0.13741718676711787
379,1149,1528,0.13743649463362778
376,1131,1507,0.13745042641233232
377,1136,1513,0.13747242291265502
371,1142,1513,0.13749124234361826
373,1142,1515,0.13752437153211802
374,1140,1514,0.1375500733254977
369,1140,1509,0.13757158055012844
372,1144,1516,0.13760489443158355
370,1143,1513,0.1376276259840257
364,1134,1498,0.13765344499693857
362,1144,1506,0.13769153696306474
361,1134,1495,0.13773271368938597
351,1138,1489,0.137772132409163
350,1135,1485,0.13783389200854132
358,1127,1485,0.1378934708631417
366,1127,1493,0.13792952096077704
362,1135,1497,0.1379441784849288
365,1155,1520,0.1379682920661408
360,1146,1506,0.1379831419110189
357,1154,1511,0.1380105843841164
362,1152,1514,0.1380443379347291
363,1160,1523,0.13806319044839627
361,1167,1528,0.13807981520823095
361,1168,1529,0.1381010457614153
359,1166,1525,0.13812102113438937
352,1161,1513,0.1381455616483111
354,1156,1510,0.1381871058472949
355,1151,1506,0.13822119786727016
354,1148,1502,0.13825133456438976
350,1167,1517,0.13828237713992714
345,1172,1517,0.13832203299202223
345,1175,1520,0.13837222632078694
345,1182,1527,0.13841894241746144
344,1175,1519,0.1384622108634111
347,1183,1530,0.13850542954654796
344,1181,1525,0.1385372669756684
347,1180,1527,0.13857432022139538
342,1184,1526,0.13860034548557956
344,1182,1526,0.13863655335206565
337,1179,1516,0.13866634774026948
334,1173,1507,0.13871150654153566
335,1175,1510,0.13876033460313977
326,1171,1497,0.1388030567140141
329,1167,1496,0.13886641100828687
330,1184,1514,0.138917571556033
332,1182,1514,0.13896232770250372
337,1175,1512,0.1389996294395336
337,1181,1518,0.13902148595789343
336,1171,1507,0.13904289242114612
336,1176,1512,0.13906731805845296
333,1165,1498,0.13908971547193866
340,1162,1502,0.13911871192041525
342,1173,1515,0.13912761106344967
334,1167,1501,0.13912957921392155
333,1160,1493,0.13915449902262303
332,1162,1494,0.1391782774418479
333,1158,1491,0.13920296765284
333,1165,1498,0.13922268108641156
329,1157,1486,0.1392417621009519
324,1163,1487,0.13927038752409998
327,1163,1490,0.13930945307439133
326,1172,1498,0.13933900480367634
324,1176,1500,0.13936860178666444
323,1179,1502,0.13940118199193288
327,1177,1504,0.13943468290971978
326,1177,1503,0.1394553126902585
326,1187,1513,0.1394770714456616
323,1185,1508,0.1394974129335667
324,1196,1520,0.13952579717966787
327,1196,1523,0.13954880759371616
325,1203,1528,0.13956281375255367
321,1205,1526,0.13958157923023673
324,1191,1515,0.13960896926983468
319,1202,1521,0.13962551862745573
311,1199,1510,0.13965464633431884
310,1200,1510,0.13970240383658286
310,1216,1526,0.1397487063125043
310,1219,1529,0.13979148962202725
307,1222,1529,0.13983239577871795
295,1206,1501,0.13987858054938182
296,1213,1509,0.13995447586234833
298,1210,1508,0.14002084808652285
297,1208,1505,0.14007768010176835
300,1216,1516,0.14013396381996962
295,1224,1519,0.1401791884388505
297,1223,1520,0.14023568702227457
306,1210,1516,0.1402819959186285
300,1203,1503,0.14030313366158967
301,1195,1496,0.1403374869767014
309,1196,1505,0.140365929484574
316,1202,1518,0.14037155073150356
310,1207,1517,0.1403598914199009
307,1207,1514,0.1403648468253347
304,1203,1507,0.14037807566055907
304,1208,1512,0.14039860270451457
302,1215,1517,0.14041664446286234
300,1209,1509,0.14043961625308463
297,1206,1503,0.14046661569978156
299,1215,1514,0.14049890299152712
306,1206,1512,0.1405227241949244
304,1203,1507,0.14052752677156907
298,1208,1506,0.14053724496767653
292,1199,1491,0.14056109437846828
301,1208,1509,0.14059802583137848
298,1211,1509,0.14060980277833493
303,1207,1510,0.14062882641123664
310,1211,1521,0.14063400085321706
306,1214,1520,0.14062171904923906
299,1206,1505,0.14062176440420404
298,1203,1501,0.14063965296604958
294,1209,1503,0.14066074935683714
297,1224,1521,0.14068906163335793
298,1222,1520,0.14070745810227298
304,1215,1519,0.14072293769944313
304,1218,1522,0.14072160472769168
298,1209,1507,0.14071863868567308
298,1220,1518,0.14073141215491364
295,1224,1519,0.14074434536417665
297,1221,1518,0.14076342925708496
291,1220,1511,0.14077607781010287
290,1217,1507,0.1408026510898272
287,1222,1509,0.14083043938668438
285,1220,1505,0.1408643436866561
286,1209,1495,0.1409010048021282
286,1214,1500,0.1409337304931562
288,1209,1497,0.14096419344022348
290,1212,1502,0.14098805556409244
292,1215,1507,0.141004348949074
291,1221,1512,0.14101363969800412
284,1224,1508,0.14102423976490328
284,1228,1512,0.14105229038903672
283,1218,1501,0.14107866911242195
284,1225,1509,0.14110533996627972
280,1230,1510,0.14112760906093505
285,1236,1521,0.14115944621435134
289,1227,1516,0.1411772364288163
292,1225,1517,0.14118375869228966
294,1227,1521,0.14118018922817582
295,1226,1521,0.14117157900781635
293,1227,1520,0.1411613256501097
290,1212,1502,0.14115590928096217
292,1224,1516,0.14115987656611492
285,1226,1511,0.14115626732590192
276,1236,1512,0.14117086716613636
278,1234,1512,0.1412072342334263
278,1244,1522,0.14123560163948515
274,1239,1513,0.14126137354053128
279,1245,1524,0.14129705820236985
276,1245,1521,0.14131867065355597
278,1246,1524,0.14134719537213278
272,1254,1526,0.14136971522329264
277,1252,1529,0.14140727462172323
273,1240,1513,0.14142859678113642
274,1247,1521,0.14145912449515297
277,1242,1519,0.14148563168066308
279,1237,1516,0.1415021369632063
279,1220,1499,0.14151152381259305
280,1232,1512,0.14152028641539452
287,1247,1534,0.14152529849125262
281,1240,1521,0.1415129591845837
276,1232,1508,0.14151756362048978
278,1226,1504,0.1415342280827415
284,1235,1519,0.14154370997344337
285,1236,1521,0.14153706322082074
275,1241,1516,0.14152847667220544
272,1254,1526,0.1415473078222002
273,1244,1517,0.14157317617184467
273,1229,1502,0.14159341841469916
270,1247,1517,0.14161271474745152
266,1257,1523,0.14163861034707562
270,1266,1536,0.1416720658375964
269,1267,1536,0.14169309757421228
267,1257,1524,0.1417160892485893
262,1259,1521,0.1417440089109884
267,1264,1531,0.14178252030676167
264,1265,1529,0.1418062516849509
262,1256,1518,0.14183793211837206
259,1248,1507,0.141872915231316
253,1267,1520,0.1419123220660938
254,1269,1523,0.14196562661059098
255,1274,1529,0.14201293105130497
258,1268,1526,0.1420549113310715
259,1265,1524,0.14208613958585023
259,1254,1513,0.14211205891517217
257,1258,1515,0.14213668304807348
258,1258,1516,0.14216398098417207
259,1263,1522,0.1421870691048388
258,1253,1511,0.14220627539180258
257,1261,1518,0.1422268317170988
253,1257,1510,0.14224887744710388
249,1262,1511,0.14227979992419357
250,1253,1503,0.14231979389820318
249,1255,1504,0.14235417635104639
244,1258,1502,0.14238930405233297
245,1266,1511,0.14243446777043645
243,1266,1509,0.142474959737456
246,1252,1498,0.14251748169820977
251,1252,1503,0.14254927793587727
248,1266,1514,0.1425678729471621
245,1277,1522,0.14259310012520549
243,1260,1503,0.14262435884410135
245,1255,1500,0.14265978420989608
247,1263,1510,0.14268681890915624
247,1266,1513,0.14270792417971964
248,1269,1517,0.1427265121748005
243,1276,1519,0.14274188109977395
246,1268,1514,0.1427690834215465
237,1275,1512,0.1427876360055493
236,1286,1522,0.1428288027288354
239,1268,1507,0.14286964190388807
238,1269,1507,0.14289991787668987
236,1259,1495,0.1429306622944145
238,1254,1492,0.14296510861003164
242,1269,1511,0.1429916350523718
246,1262,1508,0.1430055888983024
246,1259,1505,0.14300799479633464
243,1256,1499,0.14301104078838647
242,1262,1504,0.14302121944402224
246,1259,1505,0.1430318290657321
245,1254,1499,0.14303247262092417
249,1263,1512,0.14303577495613495
243,1254,1497,0.14302874021483625
241,1261,1502,0.14303853423178012
239,1262,1501,0.14305256201354255
243,1265,1508,0.14307130807190757
240,1265,1505,0.14307806948648957
230,1282,1512,0.14309212747838448
228,1271,1499,0.14313172533185628
231,1275,1506,0.14317398734049075
229,1274,1503,0.14320463609386302
229,1284,1513,0.14323975362606042
229,1288,1517,0.14327211397256298
226,1285,1511,0.14330207339910955
229,1284,1513,0.1433395461898051
224,1283,1507,0.1433670372241145
225,1284,1509,0.14340739484408152
223,1286,1509,0.14344210605159377
221,1287,1508,0.1434806939480172
222,1296,1518,0.14352232311378252
221,1291,1512,0.14355821632592
222,1294,1516,0.1435935229714361
221,1286,1507,0.14362362658506472
222,1286,1508,0.14365435059849802
218,1295,1513,0.14368034563896262
220,1284,1504,0.14371438322625513
219,1295,1514,0.1437415899431132
215,1295,1510,0.14376989090481057
217,1297,1514,0.14380454702211837
214,1292,1506,0.14383145804107034
216,1292,1508,0.14386457001686387
216,1291,1507,0.1438913109630185
218,1295,1513,0.14391625317590123
213,1292,1505,0.14393435370222954
209,1293,1502,0.14396444740083975
209,1289,1498,0.1440036886295967
211,1301,1512,0.14403996303816735
214,1298,1512,0.14406903387802114
213,1294,1507,0.14408747443871822
214,1284,1498,0.14410516193427692
211,1294,1505,0.1441189934344602
212,1304,1516,0.14414066938943926
213,1300,1513,0.14415794663122666
213,1298,1511,0.14417111214980838
211,1296,1507,0.14418306884445387
217,1290,1507,0.14419989464092445
219,1293,1512,0.1441999707428456
224,1274,1498,0.14419471518389115
224,1282,1506,0.14417750116749903
220,1282,1502,0.14416180637268497
213,1285,1498,0.14415748853821056
216,1283,1499,0.14417261700678727
221,1293,1514,0.14417935256202397
218,1297,1515,0.1441717244491711
221,1303,1524,0.1441727307835862
223,1299,1522,0.14416425848788023
220,1299,1519,0.1441523913709587
222,1297,1519,0.14414950012008135
217,1305,1522,0.14414102084615096
220,1301,1521,0.14414616368791455
219,1291,1510,0.14414394664865332
217,1298,1515,0.14414443755061496
220,1298,1518,0.14415002110151642
222,1294,1516,0.144146524254232
218,1291,1509,0.14413854344300042
217,1293,1510,0.1441420856778666
216,1293,1509,0.14414775543437952
218,1289,1507,0.14415573455655883
220,1292,1512,0.1441581432270919
225,1287,1512,0.1441548582193535
222,1279,1501,0.14413812072393348
221,1286,1507,0.14413085119665872
224,1295,1519,0.14412788604698673
221,1279,1500,0.14411559681468178
221,1293,1514,0.14411247919149647
215,1286,1501,0.14411109954076295
218,1288,1506,0.14412486837602212
218,1293,1511,0.144130563826946
216,1295,1511,0.14413614948794007
214,1299,1513,0.14414691761631185
208,1304,1512,0.14416243049820124
209,1318,1527,0.14419406261865364
209,1327,1536,0.14421989370669994
211,1332,1543,0.14424271266794503
211,1335,1546,0.14425875595007692
212,1330,1542,0.14427519216405615
212,1336,1548,0.14428720229172579
205,1320,1525,0.1442989694732068
205,1314,1519,0.14432839313217055
208,1317,1525,0.14435591218555835
204,1318,1522,0.14437311355324897
212,1304,1516,0.1443994065938322
205,1297,1502,0.14440271106133246
206,1311,1517,0.14442511818142215
208,1314,1522,0.14444329629374142
205,1299,1504,0.1444548055203304
207,1313,1520,0.1444748292639054
202,1319,1521,0.14448930319718337
201,1314,1515,0.1445172345925093
201,1321,1522,0.1445453196865259
198,1324,1522,0.1445711847130106
192,1326,1518,0.14460343861316663
192,1317,1509,0.14464954704890637
193,1311,1504,0.14469219058449512
193,1322,1515,0.14472913328904666
195,1314,1509,0.14476356531721052
196,1321,1517,0.14479060939079372
197,1318,1515,0.14481295628668575
203,1318,1521,0.14483201715904592
199,1319,1518,0.14483399306927836
198,1317,1515,0.1448464352727703
199,1317,1516,0.14486142304701896
195,1316,1511,0.1448729312042662
189,1324,1513,0.1448945403138149
190,1325,1515,0.14493044082272039
191,1335,1526,0.14496116534180728
191,1331,1522,0.14498790349191865
190,1326,1516,0.14501377453357786
189,1326,1515,0.14504057986842925
190,1333,1523,0.14506826280347648
188,1327,1515,0.14509248116881246
191,1331,1522,0.14512052727314742
187,1327,1514,0.14513820784661088
192,1332,1524,0.14516491526096967
192,1328,1520,0.14517599356311467
191,1339,1530,0.14518687254025062
187,1336,1523,0.1452004572901059
186,1337,1523,0.14522339632824624
184,1335,1519,0.14524687060103733
186,1334,1520,0.1452744640625344
194,1342,1536,0.1452943417923547
195,1324,1519,0.14529050515967332
193,1329,1522,0.14528479074767184
193,1329,1522,0.14528523190478207
193,1331,1524,0.14528575327098625
194,1330,1524,0.14528662986024
190,1329,1519,0.14528515674781417
189,1334,1523,0.14529391667366826
186,1326,1512,0.14530465803992207
185,1328,1513,0.14532180686834992
183,1324,1507,0.14534046062398137
179,1336,1515,0.14536402209011104
182,1333,1515,0.14539741140696194
184,1333,1517,0.1454207411184556
185,1335,1520,0.14543665871570127
183,1322,1505,0.14544834271342083
185,1318,1503,0.14546540907230923
182,1328,1510,0.1454764795241838
178,1332,1510,0.14549540757467092
174,1330,1504,0.14552345249573914
171,1345,1516,0.14556025745912046
170,1348,1518,0.14560368970824264
169,1354,1523,0.14564702828271936
171,1355,1526,0.14569074167120294
169,1352,1521,0.14572672705721365
168,1347,1515,0.1457671556786426
165,1345,1510,0.14580772473296866
169,1353,1522,0.14585297771165334
169,1348,1517,0.1458857227709021
171,1338,1509,0.14591647138156882
172,1343,1515,0.14593969960149608
172,1351,1523,0.14595896590340593
171,1343,1514,0.14597734466871298
165,1344,1509,0.14599815184830722
165,1339,1504,0.14603406122704482
172,1350,1522,0.14606822609489753
167,1352,1519,0.14608127970420612
166,1346,1512,0.14610747706728092
170,1338,1508,0.14613367448644535
170,1326,1496,0.14614756867872306
168,1323,1491,0.1461607071490197
164,1332,1496,0.1461785983063556
170,1334,1504,0.14620596776958383
165,1332,1497,0.14621632157456108
167,1334,1501,0.1462388355547709
169,1314,1483,0.14625436329901706
168,1326,1494,0.14626410865089284
171,1335,1506,0.1462757656325284
171,1348,1519,0.14627911212819003
171,1339,1510,0.14628205804180267
173,1341,1514,0.14628503720037087
166,1352,1518,0.14628259037630129
168,1352,1520,0.14629880610540835
170,1351,1521,0.1463087856591841
171,1353,1524,0.14631246351309282
168,1346,1514,0.1463130253079268
172,1351,1523,0.14632141855168176
169,1354,1523,0.1463188420633204
164,1357,1521,0.14632556796711582
165,1342,1507,0.1463442185234625
167,1336,1503,0.14635898264570507
172,1355,1527,0.14636778273329057
172,1350,1522,0.14636330750182563
164,1352,1516,0.14635932513435232
165,1356,1521,0.14637746045944475
161,1365,1526,0.1463916440480893
157,1356,1513,0.14641627919733524
162,1358,1520,0.14644921377051057
163,1351,1514,0.14646624882057638
163,1334,1497,0.14647920107214651
160,1345,1505,0.14649167520199385
158,1356,1514,0.1465116904283121
158,1365,1523,0.1465352916305055
157,1370,1527,0.14655799714497703
156,1363,1519,0.14658191467041
154,1362,1516,0.14660647363031395
153,1366,1519,0.1466344597286173
151,1381,1532,0.14666318001170253
155,1374,1529,0.14669560667528583
155,1371,1526,0.14671517035454304
154,1370,1524,0.1467334369232227
150,1367,1517,0.1467535082527239
152,1366,1518,0.1467829841568218
150,1357,1507,0.14680448515165254
154,1346,1500,0.14683024663775954
157,1349,1506,0.14684293769870244
152,1358,1510,0.1468468204294874
151,1372,1523,0.14686436126174687
152,1352,1504,0.14688364096052067
151,1358,1509,0.14689875035075514
152,1358,1510,0.14691542004136265
156,1358,1514,0.14692985812829842
156,1356,1512,0.14693208210175324
158,1357,1515,0.14693417835549208
155,1358,1513,0.1469307367216754
157,1359,1516,0.1469356159849323
155,1368,1523,0.14693503539970565
152,1373,1525,0.1469399112733346
152,1371,1523,0.1469528438977401
157,1367,1524,0.14696404289378337
161,1356,1517,0.14696161333287733
161,1362,1523,0.14694803752657
159,1370,1529,0.14693535173325056
155,1370,1525,0.14692914574911298
155,1355,1510,0.14693337405355986
156,1348,1504,0.14693761690428916
159,1357,1516,0.14693926366183374
161,1353,1514,0.14693266886983508
161,1364,1525,0.1469211815797975
158,1355,1513,0.14691137000129018
158,1360,1518,0.14691001845386853
156,1356,1512,0.14690877058167096
157,1359,1516,0.14691240611655498
158,1348,1506,0.14691337254728357
156,1352,1508,0.14691202053030164
155,1351,1506,0.1469161045948428
155,1358,1513,0.14692338784841066
158,1348,1506,0.1469297662266966
153,1342,1495,0.14692877926004744
156,1356,1512,0.1469415067212411
154,1370,1524,0.14694536915721382
151,1368,1519,0.14695424967477724
145,1362,1507,0.14696988996322646
150,1352,1502,0.14700042058510498
150,1363,1513,0.1470160034694621
148,1359,1507,0.14703097786464453
149,1362,1511,0.14705039631641262
143,1372,1515,0.147066518722091
146,1383,1529,0.14709764682333767
147,1379,1526,0.14711904960653585
141,1381,1522,0.1471359597068445
143,1376,1519,0.14716813010406213
146,1380,1526,0.14719272620276236
146,1369,1515,0.14720724898905796
145,1377,1522,0.14722038642928972
147,1374,1521,0.14723541767218198
149,1369,1518,0.14724399676321565
143,1371,1514,0.14724648384314926
141,1378,1519,0.14726500677012397
142,1370,1512,0.14728757975572918
145,1367,1512,0.14730540970105654
146,1371,1517,0.1473143631091963
142,1371,1513,0.1473207264233637
148,1363,1511,0.14733740020649944
147,1366,1513,0.14733739291253836
147,1368,1515,0.147339342123738
148,1371,1519,0.1473412381726752
149,1379,1528,0.14734109050583197
150,1373,1523,0.14733791135678465
151,1362,1513,0.1473322884534642
153,1361,1514,0.1473236299485733
154,1354,1508,0.14730940692050318
152,1367,1519,0.1472939666547806
151,1367,1518,0.14728426588321958
152,1360,1512,0.1472779590370042
157,1353,1510,0.14726894094641257
156,1358,1514,0.14724705586646702
150,1352,1502,0.1472296890817848
148,1361,1509,0.14722919620957628
147,1364,1511,0.14723394259721861
149,1356,1505,0.14724014851233183
143,1368,1511,0.14724057519095354
147,1360,1507,0.14725705340501094
149,1367,1516,0.1472615567797026
149,1361,1510,0.147259912363668
152,1372,1524,0.14725889646428275
152,1373,1525,0.14725014686351579
155,1356,1511,0.1472421725483134
153,1359,1512,0.1472258180789957
147,1360,1507,0.1472157572114581
143,1362,1505,0.14722326457221482
145,1379,1524,0.14724184210673252
150,1377,1527,0.14725347287323293
147,1373,1520,0.1472509934300099
147,1370,1517,0.14725628674382596
144,1386,1530,0.14726184090807837
138,1381,1519,0.14727493297572855
140,1376,1516,0.14730362483824178
138,1378,1516,0.1473254204966864
136,1384,1520,0.1473505197343932
141,1372,1513,0.1473805596158698
145,1370,1515,0.1473949451853213
148,1365,1513,0.1473966475084169
147,1378,1525,0.14739021511796818
143,1377,1520,0.1473865995158851
141,1378,1519,0.14739424759852915
138,1381,1519,0.14740744247346652
141,1385,1526,0.1474269401440481
140,1384,1524,0.14743789473481844
140,1387,1527,0.14745034025538462
137,1398,1535,0.14746270124010383
138,1388,1526,0.14748219181216807
138,1382,1520,0.14749735038505055
135,1389,1524,0.14751130782794292
134,1377,1511,0.14753252760330884
135,1382,1517,0.1475551276461824
137,1382,1519,0.14757381355611346
134,1379,1513,0.14758528871266435
136,1380,1516,0.14760471287704646
134,1392,1526,0.14761691533186533
134,1387,1521,0.14763343291833717
135,1384,1519,0.14764899010412086
134,1386,1520,0.14766063508571836
135,1400,1535,0.14767405795349858
134,1393,1527,0.14768389044324315
132,1399,1531,0.1476968938023262
132,1397,1529,0.1477142603380243
130,1386,1516,0.1477307640840744
129,1388,1517,0.14775173741437547
128,1380,1508,0.14777354648219776
130,1382,1512,0.14779669298956255
130,1371,1501,0.14781285528959934
135,1374,1509,0.1478281851663531
137,1374,1511,0.14782843201401671
135,1381,1516,0.14782323015293666
131,1395,1526,0.14782405980851807
128,1388,1516,0.14783605552371387
131,1386,1517,0.1478556654859638
132,1388,1520,0.14786534586843034
131,1387,1518,0.14787155699345886
130,1390,1520,0.1478799324827849
129,1383,1512,0.1478905239110163
127,1380,1507,0.14790269482117047
127,1385,1512,0.1479194788550315
123,1380,1503,0.14793620852624487
120,1389,1509,0.14796195127349715
125,1394,1519,0.1479943241137029
122,1390,1512,0.14801086219049586
124,1397,1521,0.14803424541048496
125,1407,1532,0.14805077665626817
119,1392,1511,0.1480638911027314
122,1386,1508,0.14809232854800355
127,1397,1524,0.14811125928630248
127,1396,1523,0.148115095714224
126,1392,1518,0.1481186969478722
129,1379,1508,0.1481247374474414
127,1372,1499,0.14812102814206582
126,1380,1506,0.14812285043981877
127,1386,1513,0.14812721675893695
126,1388,1514,0.14812874659654654
126,1382,1508,0.14813277907159642
125,1394,1519,0.1481366717140193
127,1395,1522,0.14814289980380926
130,1393,1523,0.14814372246599014
129,1385,1514,0.14813537606492141
129,1378,1507,0.14813015802949925
124,1384,1508,0.14812567262580278
122,1366,1488,0.14813614015347099
125,1374,1499,0.1481507262561844
125,1362,1487,0.1481562876466352
120,1381,1501,0.14816167532735233
122,1388,1510,0.1481809148443323
126,1394,1520,0.1481937307643739
125,1394,1519,0.1481943743794881
125,1379,1504,0.14819724746662133
124,1378,1502,0.1481996012309047
125,1381,1506,0.14820422454717208
124,1388,1512,0.14820602920352713
127,1391,1518,0.14821078885300426
128,1379,1507,0.14820694669489118
126,1387,1513,0.14820048411196815
126,1377,1503,0.1482001485586557
127,1386,1513,0.14820059513686976
129,1386,1515,0.1481977455196546
127,1394,1521,0.1481894657514564
125,1395,1520,0.14818741040367872
124,1394,1518,0.14819104035839853
125,1389,1514,0.14819682200984602
127,1389,1516,0.1481993550634795
124,1402,1526,0.1481958161923923
120,1409,1529,0.14820120476001672
120,1395,1515,0.1482170892386214
122,1401,1523,0.1482318355496224
119,1399,1518,0.1482397617428059
122,1402,1524,0.14825556776311616
121,1401,1522,0.1482622218296618
123,1394,1517,0.1482716991643407
123,1389,1512,0.14827476109687654
124,1398,1522,0.14827755445992993
123,1398,1521,0.14827713543961818
122,1398,1520,0.14827909647841325
124,1392,1516,0.1482834631083997
125,1398,1523,0.14828161998720998
125,1398,1523,0.14827753883562886
124,1387,1511,0.14827392742781373
121,1391,1512,0.1482729112950917
123,1379,1502,0.1482807232259515
119,1404,1523,0.14828188795726785
119,1404,1523,0.14829463933146328
120,1390,1510,0.14830675663591633
121,1394,1515,0.14831480615403542
122,1385,1507,0.14831980633618777
122,1382,1504,0.1483210823107476
121,1397,1518,0.14832177209403796
123,1400,1523,0.14832526474650412
122,1400,1522,0.14832307957677368
122,1410,1532,0.14832392361615512
119,1407,1526,0.14832486319349006
117,1398,1515,0.1483333668977097
118,1395,1513,0.14834643610896298
114,1401,1515,0.14835656656242555
116,1403,1519,0.14837740875877345
119,1409,1528,0.14839100658988957
116,1410,1526,0.14839574506363207
118,1401,1519,0.1484082538938346
113,1405,1518,0.1484140745888705
111,1408,1519,0.14843288312132472
115,1406,1521,0.148455888168536
117,1407,1524,0.14846608315999135
110,1414,1524,0.1484700426809715
107,1411,1518,0.14849354744388887
106,1411,1517,0.14852382513352336
109,1405,1514,0.14855482039872617
108,1402,1510,0.14857556329587737
110,1396,1506,0.14859749896872596
115,1397,1512,0.14861219330684203
116,1398,1514,0.14861192236238072
112,1409,1521,0.14860892067110215
111,1401,1512,0.14861834884459602
111,1405,1516,0.14862969041939159
111,1398,1509,0.14863906572649824
106,1387,1493,0.14864855219437964
104,1400,1504,0.1486714649130728
105,1402,1507,0.14869812248758832
104,1409,1513,0.14871974821169484
103,1400,1503,0.1487431427384237
102,1396,1498,0.14876764581900534
99,1398,1497,0.14879387981139516
99,1401,1500,0.14882699404899408
102,1394,1496,0.14885745837610037
100,1409,1509,0.14887738518582055
100,1407,1507,0.1489017834340142
100,1413,1513,0.1489249645488193
99,1420,1519,0.1489470345648514
95,1421,1516,0.14897085546769742
92,1414,1506,0.14900492611746657
91,1420,1511,0.14904556225503934
90,1420,1510,0.14908678690372562
89,1407,1496,0.14912776293941885
91,1405,1496,0.14916895601011335
97,1403,1500,0.1492019451956553
94,1421,1515,0.14921589935899474
96,1421,1517,0.14923738599229594
94,1416,1510,0.14925189336056172
94,1404,1498,0.149271026263775
97,1421,1518,0.1492888279278454
98,1415,1513,0.14929674909429808
99,1428,1527,0.14930122077408323
97,1424,1521,0.14930236625385396
94,1430,1524,0.1493091598514738
97,1435,1532,0.14932393794667295
99,1442,1541,0.1493288629443579
93,1428,1521,0.14932801732158796
92,1409,1501,0.14934434619108777
93,1407,1500,0.1493623249861617
92,1406,1498,0.149376137474096
92,1404,1496,0.14939132662473534
93,1414,1507,0.14940560799152258
97,1402,1499,0.14941608552273727
99,1413,1512,0.14941462843131945
99,1414,1513,0.14940706097518905
100,1419,1519,0.14939967617064143
103,1419,1522,0.14939053097371435
102,1418,1520,0.14937319954892503
103,1420,1523,0.14935992455932454
105,1427,1532,0.14934443137700412
102,1425,1527,0.14932447458363163
100,1429,1529,0.149314313902012
105,1431,1536,0.14931057346666107
106,1426,1532,0.14929271100991495
105,1426,1531,0.14927333628575848
100,1417,1517,0.14925814865339998
98,1419,1517,0.14925836913558316
99,1418,1517,0.1492642297241401
103,1430,1533,0.1492667697977613
100,1425,1525,0.1492578666845709
102,1419,1521,0.1492585835515481
102,1426,1528,0.14925333103831867
99,1418,1517,0.14924832183243303
98,1425,1523,0.1492519750860727
95,1422,1517,0.14925840014248665
94,1408,1502,0.14927275900693357
94,1413,1507,0.1492894981016936
96,1407,1503,0.14930536409447875
93,1406,1499,0.14931437000595796
94,1410,1504,0.14933152700255603
93,1417,1510,0.1493448632284446
94,1421,1515,0.149359987574037
94,1434,1528,0.1493712492295716
98,1432,1530,0.14938137304416022
98,1408,1506,0.14937888578619898
98,1428,1526,0.14937660832851363
95,1422,1517,0.14937433929191424
94,1411,1505,0.14938077259045004
92,1423,1515,0.14938950720238545
92,1429,1521,0.1494029738993693
91,1412,1503,0.1494155774806716
89,1424,1513,0.14943030663588425
90,1418,1508,0.14944946240524068
90,1419,1509,0.14946410312225686
94,1434,1528,0.14947729754297495
94,1426,1520,0.14947880678141354
94,1424,1518,0.14948037601180636
96,1427,1523,0.14948162988343985
92,1428,1520,0.14947685910562022
93,1409,1502,0.1494840013959639
93,1411,1504,0.1494882312375508
92,1412,1504,0.14949169327338085
90,1416,1506,0.14949762393864216
89,1417,1506,0.14950900732547132
88,1428,1516,0.14952251323082713
84,1416,1500,0.14953794489713496
85,1412,1497,0.14956384248086768
82,1417,1499,0.1495851983105165
83,1421,1504,0.14961445807977422
86,1420,1506,0.1496393634570576
88,1428,1516,0.14965431291375478
88,1432,1520,0.14966222599584575
88,1440,1528,0.1496695871427143
85,1435,1520,0.14967614522779024
85,1428,1513,0.1496915174102755
88,1438,1526,0.14970596454700325
88,1436,1524,0.1497107764665795
88,1429,1517,0.1497154369177257
87,1435,1522,0.14971972997579722
88,1432,1520,0.1497267813496335
85,1426,1511,0.14973054991996249
84,1430,1514,0.14974264230970202
85,1427,1512,0.14975682421345826
85,1431,1516,0.14976690416564437
85,1438,1523,0.14977596529179382
84,1435,1519,0.14978452008021723
83,1433,1516,0.1497950307512207
76,1432,1508,0.14980739045551406
78,1433,1511,0.14983968293728256
78,1427,1505,0.14986371511407817
78,1427,1505,0.14988620474674938
78,1425,1503,0.1499072322014111
83,1434,1517,0.14992676627837298
85,1439,1524,0.14993016736705406
84,1428,1512,0.14992787040631744
83,1446,1529,0.14992874673285528
78,1448,1526,0.1499320539006014
78,1434,1512,0.1499499916043082
78,1442,1520,0.1499667251495891
75,1433,1508,0.14998237622874228
78,1436,1514,0.15000669984131393
77,1436,1513,0.1500201352935153
73,1439,1512,0.15003583269068757
74,1447,1521,0.15006146693386183
75,1445,1520,0.15008228316101838
74,1439,1513,0.15009867506274088
75,1431,1506,0.1501177324739578
76,1438,1514,0.15013254247059257
75,1431,1506,0.15014370328642773
73,1441,1514,0.15015725874272506
74,1441,1515,0.15017570265335473
76,1440,1516,0.15018992983725662
72,1454,1526,0.150197700372768
71,1455,1526,0.15021668205350275
68,1450,1518,0.15023748980305476
70,1431,1501,0.1502662678254973
72,1438,1510,0.15028762911491525
71,1439,1510,0.1503016558674836
72,1459,1531,0.1503177432938843
74,1462,1536,0.15033016920943923
74,1452,1526,0.15033583656760302
75,1445,1520,0.15034102288354081
72,1459,1531,0.15034291950066397
71,1454,1525,0.15035374047510303
72,1456,1528,0.15036694917350404
68,1459,1527,0.15037635398930335
62,1457,1519,0.15039677465620346
66,1463,1529,0.15043361376721695
68,1460,1528,0.15045620473176727
70,1465,1535,0.15047215866440206
70,1461,1531,0.15048135099205287
69,1455,1524,0.1504902551268286
68,1441,1509,0.15050101582108616
67,1446,1513,0.1505140854033663
67,1443,1510,0.15052881508344926
64,1449,1513,0.15054285686232405
61,1455,1516,0.15056529998380375
63,1450,1513,0.15059510271397314
65,1452,1517,0.15061735270990334
64,1447,1511,0.15063230182869466
61,1445,1506,0.150649233506197
62,1449,1511,0.1506737887696471
62,1448,1510,0.15069437360359073
63,1437,1500,0.15071372739167863
62,1440,1502,0.15072934027276944
63,1449,1512,0.15074642778092792
64,1448,1512,0.15075977192336393
61,1455,1516,0.15076923011748794
60,1456,1516,0.15078724914727804
60,1453,1513,0.15080722992153445
62,1458,1520,0.1508261523723279
64,1469,1533,0.15083774941096462
62,1465,1527,0.15084291636002706
58,1461,1519,0.1508544531207168
55,1453,1508,0.1508765865731415
56,1469,1525,0.1509064635425775
60,1455,1515,0.15093140804375188
58,1454,1512,0.15094320755855756
59,1464,1523,0.1509600145512511
63,1445,1508,0.15097302524978803
66,1451,1517,0.15097305587447785
66,1452,1518,0.15096450135003553
67,1447,1514,0.1509570784982699
65,1456,1521,0.15094746096203113
63,1451,1514,0.15094417069801647
66,1451,1517,0.15094638297246302
64,1478,1542,0.1509399810747777
62,1474,1536,0.15093990281105646
61,1468,1529,0.15094503532876435
60,1473,1533,0.15095280196028862
57,1469,1526,0.1509626629733903
55,1450,1505,0.15098049116268503
55,1448,1503,0.1510028343176561
53,1453,1506,0.15102400261187485
56,1459,1515,0.15104990655948786
60,1462,1522,0.15106541438034743
61,1470,1531,0.1510682371093716
59,1469,1528,0.15106830895136114
62,1466,1528,0.15107426261011578
61,1459,1520,0.15107080199669856
61,1461,1522,0.15107115671295326
61,1460,1521,0.15107152060945814
62,1454,1516,0.15107156937906396
63,1475,1538,0.15106852890633182
63,1472,1535,0.15106303416977376
62,1465,1527,0.15105773474520728
62,1465,1527,0.15105631779957093
57,1462,1519,0.15105533527600623
59,1443,1502,0.15106951087401152
59,1435,1494,0.1510767154020381
62,1442,1504,0.15108352234970737
62,1440,1502,0.151080772293042
59,1457,1516,0.15107787886523547
59,1455,1514,0.15108467015639002
57,1462,1519,0.15109067128732995
56,1471,1527,0.15110241921020107
57,1456,1513,0.15111645686237155
59,1454,1513,0.1511263440161771
58,1449,1507,0.1511301309611618
59,1449,1508,0.15113697853769625
62,1448,1510,0.15114036272491474
62,1442,1504,0.15113421055295675
62,1451,1513,0.15112854180276047
63,1453,1516,0.15112328873346578
64,1466,1530,0.15111556579715235
61,1472,1533,0.15110549705573376
60,1464,1524,0.15110437336224453
57,1465,1522,0.1511068157570266
54,1473,1527,0.15111768825424154
56,1470,1526,0.15113642009040767
56,1471,1527,0.1511478866316123
54,1466,1520,0.15115858836545884
52,1469,1521,0.15117394766689465
54,1483,1537,0.15119447200596853
56,1477,1533,0.15120836179516622
57,1472,1529,0.1512158511087123
55,1475,1530,0.1512201438292318
54,1468,1522,0.1512298396596359
55,1465,1520,0.15124200212284783
52,1466,1518,0.15125049162576437
50,1470,1520,0.15126724413949424
50,1473,1523,0.15128865944748654
49,1473,1522,0.15130869772080324
45,1471,1516,0.15133040369943143
42,1468,1510,0.15136273258307834
41,1466,1507,0.15140209931991838
43,1469,1512,0.15144206069365657
43,1476,1519,0.15147376843599444
42,1478,1520,0.1515034868764448
42,1476,1518,0.1515343231719523
41,1471,1512,0.15156340862438744
42,1478,1520,0.15159393705271873
43,1480,1523,0.1516197432452454
43,1486,1529,0.1516411035044437
43,1491,1534,0.1516612044422928
43,1481,1524,0.15168011833748468
41,1491,1532,0.15169791478714642
40,1478,1518,0.1517206460816655
40,1480,1520,0.15174490051504577
42,1481,1523,0.15176765804698517
42,1491,1533,0.15178306244265052
43,1497,1540,0.15179758842600657
44,1483,1527,0.15180854650829173
43,1483,1526,0.15181581945722708
40,1477,1517,0.15182582300554523
43,1481,1524,0.15184329512789774
44,1473,1517,0.15185053140803859
42,1475,1517,0.15185444310599677
42,1475,1517,0.15186423640691754
40,1472,1512,0.15187340479466946
41,1468,1509,0.1518882789776813
42,1466,1508,0.1518994706860997
43,1462,1505,0.15190695148082994
41,1471,1512,0.15191115637803948
40,1464,1504,0.15192140045180375
40,1463,1503,0.1519335186708031
40,1461,1501,0.15194468943936787
38,1454,1492,0.15195514072763228
39,1473,1512,0.15197121809739472
39,1480,1519,0.1519830657473769
39,1481,1520,0.15199416715354314
39,1477,1516,0.15200484786010227
40,1483,1523,0.15201489901996404
43,1485,1528,0.15202113735768624
41,1467,1508,0.15201847357605633
40,1473,1513,0.15202198072051853
37,1480,1517,0.15202805225335075
38,1470,1508,0.15204278034801846
38,1470,1508,0.15205326203232425
36,1478,1514,0.1520629930444645
38,1477,1515,0.15207797373006557
39,1463,1502,0.15208584235858547
38,1459,1497,0.15209017517509132
37,1473,1510,0.15209726882214042
34,1477,1511,0.15210681895765496
33,1475,1508,0.1521245397865341
33,1480,1513,0.15214415702914189
32,1484,1516,0.15216249584693778
33,1499,1532,0.15218242360008852
31,1494,1525,0.15219823670070276
31,1504,1535,0.1522197480155929
30,1486,1516,0.15224003173495776
30,1474,1504,0.15226194335515952
31,1473,1504,0.15228247151228522
31,1479,1510,0.15229877619890683
31,1485,1516,0.15231410595280287
27,1478,1505,0.1523285135068745
28,1495,1523,0.15235363294940257
28,1487,1515,0.15237438335867184
28,1457,1485,0.15239385311480047
27,1484,1511,0.1524121206227298
28,1489,1517,0.1524324778497872
28,1488,1516,0.15244856838445947
29,1492,1521,0.1524636391940377
29,1490,1519,0.15247474854222123
28,1485,1513,0.15248521314091623
29,1495,1524,0.15249801152395612
30,1492,1522,0.1525070511092659
30,1502,1532,0.15251259913909368
31,1494,1525,0.15251778591206025
32,1493,1525,0.15251942673680127
31,1476,1507,0.15251773123461018
29,1476,1505,0.15251899864895596
29,1488,1517,0.1525264555244124
29,1479,1508,0.15253342480162904
30,1479,1509,0.15254018965673363
28,1473,1501,0.15254356515333373
28,1470,1498,0.1525530026658615
30,1474,1504,0.1525618777610237
30,1482,1512,0.15256411684748752
28,1476,1504,0.1525662163793616
28,1477,1505,0.15257423114494442
27,1475,1502,0.1525816819441602
26,1486,1512,0.15259193957887174
25,1488,1513,0.1526045338063716
25,1483,1508,0.15261921756989053
25,1481,1506,0.15263302662084763
25,1478,1503,0.15264598247670477
26,1485,1511,0.1526583418269521
26,1491,1517,0.15266697861462325
25,1498,1523,0.1526751038738327
23,1492,1515,0.15268598166406025
22,1490,1512,0.15270237907894177
22,1493,1515,0.1527206420835101
25,1489,1514,0.1527375598858499
24,1488,1512,0.1527448440205339
26,1492,1518,0.15275466623389256
28,1493,1521,0.15275792432540175
29,1490,1519,0.15275530558387407
30,1493,1523,0.1527498170607251
28,1483,1511,0.15274191204021487
27,1478,1505,0.15274046433083363
27,1478,1505,0.1527422074246709
26,1493,1519,0.15274386774615034
25,1491,1516,0.15274820914325304
26,1483,1509,0.15275553989840943
26,1465,1491,0.15275930838925147
26,1482,1508,0.15276285470109002
27,1495,1522,0.1527662864672286
27,1495,1522,0.15276673093707613
28,1490,1518,0.1527671684347423
28,1487,1515,0.1527645996527042
28,1494,1522,0.15276225449139244
28,1490,1518,0.1527600999172923
29,1490,1519,0.15275780756013393
30,1480,1510,0.15275282219664696
31,1484,1515,0.1527451400221627
31,1491,1522,0.15273495384318822
32,1504,1536,0.15272546749378013
32,1490,1522,0.15271374628657697
33,1484,1517,0.15270284485962693
33,1484,1517,0.15268931494253404
33,1480,1513,0.15267672629740084
34,1455,1489,0.152664957015736
34,1474,1508,0.15265066650833903
36,1477,1513,0.1526372928118703
35,1481,1516,0.15261880382375687
32,1474,1506,0.15260450207537807
32,1473,1505,0.152599314781499
32,1486,1518,0.15259460009155876
32,1486,1518,0.15259037220720445
31,1484,1515,0.15258637663370384
32,1472,1504,0.15258568096274394
32,1479,1511,0.15258189698336774
33,1487,1520,0.15257832652270104
33,1490,1523,0.15257166287111454
35,1499,1534,0.15256539705718364
35,1486,1521,0.1525536746751262
34,1482,1516,0.15254272498850838
33,1484,1517,0.1525357068718278
33,1483,1516,0.15253210541838003
34,1484,1518,0.1525287161754507
36,1484,1520,0.1525224427046175
36,1482,1518,0.15251066711987846
36,1478,1514,0.15249965607967958
36,1492,1528,0.1524894092616095
37,1488,1525,0.15247983391432524
37,1485,1522,0.15246785864897813
38,1477,1515,0.15245658885646526
35,1482,1517,0.15244305637489888
36,1483,1519,0.15243931361913923
36,1470,1506,0.1524328751968578
36,1472,1508,0.15242685489880484
36,1461,1497,0.1524210301464979
36,1464,1500,0.15241513909271087
35,1473,1508,0.15240964900181556
34,1478,1512,0.15240731457742826
34,1461,1495,0.15240830432582736
35,1458,1493,0.15240918527127037
37,1472,1509,0.15240714477236553
37,1476,1513,0.15239904067963653
37,1469,1506,0.1523915302678247
36,1478,1514,0.1523846787204941
34,1478,1512,0.15238156070268608
32,1461,1493,0.15238453966252294
32,1480,1512,0.1523926026894679
34,1488,1522,0.1524001334935651
35,1493,1528,0.15240134767369454
32,1494,1526,0.15239969582722782
30,1498,1528,0.15240697681223658
33,1492,1525,0.15241999662362157
31,1500,1531,0.15242352390761105
32,1488,1520,0.15243260970155884
29,1478,1507,0.15243821195149093
31,1470,1501,0.15245216185950816
31,1483,1514,0.1524591573458066
30,1478,1508,0.15246572499391803
32,1486,1518,0.15247485939712394
31,1476,1507,0.1524772847595151
30,1477,1507,0.1524824788770319
31,1487,1518,0.1524901023129393
33,1493,1526,0.1524946783281033
32,1494,1526,0.15249296292120826
33,1488,1521,0.1524944794471953
31,1494,1525,0.15249291074421711
31,1487,1518,0.1524975172568392
30,1478,1508,0.15250153247284737
33,1484,1517,0.152508352988595
32,1487,1519,0.15250631204247406
34,1468,1502,0.15250718170189922
35,1471,1506,0.15250197572107166
35,1474,1509,0.15249418020178965
35,1473,1508,0.15248695060805018
35,1468,1503,0.15248017360328806
33,1477,1510,0.15247391020951992
33,1479,1512,0.15247411831979513
32,1491,1523,0.15247436398507785
33,1505,1538,0.1524776531502873
31,1498,1529,0.15247770783768655
30,1491,1521,0.15248334612820896
32,1486,1518,0.15249189732341378
30,1482,1512,0.1524942271624665
29,1487,1516,0.15250233828112753
28,1493,1521,0.1525129410662006
30,1481,1511,0.15252609807161938
30,1493,1523,0.15253239074059713
30,1480,1510,0.1525380782233707
28,1489,1517,0.15254346918983158
25,1499,1524,0.15255463167659408
25,1515,1540,0.15257374192240789
24,1511,1535,0.1525915652631818
27,1503,1530,0.15261153641942243
28,1499,1527,0.15262105754211944
28,1479,1507,0.15262711856273728
28,1483,1511,0.15263278623195148
27,1491,1518,0.1526379228897184
26,1509,1535,0.15264568520365873
25,1505,1530,0.1526560084183546
22,1499,1521,0.15266876928054335
22,1503,1525,0.1526899583763037
23,1502,1525,0.15270946095482993
20,1496,1516,0.15272431098540606
20,1484,1504,0.15274751183713864
21,1490,1511,0.15276920479429223
19,1500,1519,0.1527866619360276
20,1492,1512,0.15280939972118252
21,1490,1511,0.15282773777540615
20,1490,1510,0.15284204404980933
22,1493,1515,0.15285833873794386
22,1508,1530,0.1528675078149576
23,1500,1523,0.15287614009177444
20,1490,1510,0.15288098148911117
20,1474,1494,0.1528947080107973
19,1481,1500,0.15290802265023964
19,1488,1507,0.15292344777189015
19,1485,1504,0.15293789364276691
19,1504,1523,0.1529514059536729
20,1498,1518,0.15296408194394234
20,1488,1508,0.1529728605666502
20,1495,1515,0.15298111747794163
20,1480,1500,0.15298887927724208
20,1486,1506,0.15299623578792163
20,1498,1518,0.15300314676030272
19,1502,1521,0.1530096407956963
19,1506,1525,0.15301886132314046
19,1503,1522,0.153027352360409
17,1508,1525,0.15303532791172395
17,1509,1526,0.15304860791672883
17,1494,1511,0.1530612305456048
17,1491,1508,0.15307308688857899
17,1506,1523,0.15308420940026654
17,1510,1527,0.15309475721742716
17,1509,1526,0.1531046843260261
17,1508,1525,0.15311401585782597
16,1502,1518,0.1531227231250215
16,1495,1511,0.1531338270857026
15,1493,1508,0.15314428673976171
16,1501,1517,0.15315708497144062
15,1487,1502,0.15316609534800357
15,1479,1494,0.15317772305510374
12,1489,1501,0.15318858753466555
11,1493,1504,0.1532076134556137
11,1501,1512,0.15322860253161041
11,1497,1508,0.15324859536671925
13,1495,1508,0.15326734870804148
13,1498,1511,0.1532787920116877
14,1501,1515,0.1532895789743456
13,1508,1521,0.15329663159347537
12,1513,1525,0.15330636928644195
11,1512,1523,0.1533188020137577
11,1507,1518,0.15333355993410855
11,1495,1506,0.15334739964185798
11,1508,1519,0.15336039364823953
11,1504,1515,0.15337257727023867
11,1513,1524,0.1533839884718885
11,1507,1518,0.1533947074345547
11,1518,1529,0.15340477869993602
11,1520,1531,0.15341424261912306
11,1509,1520,0.1534231366089538
11,1512,1523,0.15343174642229462
11,1498,1509,0.15343985827390375
11,1505,1516,0.1534474907133995
11,1501,1512,0.15345467168415852
12,1496,1508,0.15346142732068063
12,1501,1513,0.1534647402733734
12,1499,1511,0.1534678874348592
12,1503,1515,0.15347086567719484
12,1498,1510,0.1534736794884426
12,1503,1515,0.1534763355073261
12,1514,1526,0.15347884097583323
11,1506,1517,0.15348120328869527
11,1506,1517,0.1534862858143467
10,1499,1509,0.15349108337992834
9,1496,1505,0.15349848750229492
9,1502,1511,0.1535086554731774
9,1502,1511,0.15351822414765812
8,1511,1519,0.15352718258383147
9,1514,1523,0.15353856441543898
8,1502,1510,0.15354619065538055
7,1506,1513,0.1535563235839473
7,1500,1507,0.15356881580479753
8,1502,1510,0.1535805892858428
8,1503,1511,0.15358860459764273
8,1506,1514,0.1535961566958921
8,1508,1516,0.1536032556755371
8,1501,1509,0.1536099281335968
8,1508,1516,0.15361619983953476
8,1504,1512,0.15362209507357208
8,1494,1502,0.15362763663732548
8,1510,1518,0.1536328459318437
8,1511,1519,0.15363774304238348
8,1506,1514,0.15364234682054667
8,1497,1505,0.15364667496190978
8,1502,1510,0.15365074407883234
8,1514,1522,0.15365456976856307
8,1511,1519,0.1536581666768983
8,1519,1527,0.15366138889763323
8,1515,1523,0.15366445161038045
8,1512,1520,0.15366733005581076
7,1514,1521,0.15367003384367867
8,1512,1520,0.15367568112809038
7,1504,1511,0.15367788623239906
7,1511,1518,0.1536830420890927
6,1511,1517,0.15368787318492758
6,1518,1524,0.15369546777104492
6,1521,1527,0.15370261312767539
5,1515,1520,0.15370933546544988
5,1508,1513,0.15371878610630116
5,1514,1519,0.15372766045124286
5,1514,1519,0.15373600626143394
4,1524,1528,0.15374385499784343
4,1519,1523,0.15375442748659163
4,1518,1522,0.15376433768492215
4,1512,1516,0.15377365239857566
4,1517,1521,0.15378241168117232
4,1504,1508,0.15379064971650247
4,1503,1507,0.15379839788107116
4,1514,1518,0.15380568545485804
4,1509,1513,0.15381253989619176
2,1518,1520,0.15381898699910418
2,1517,1519,0.1538313348519138
2,1510,1512,0.15384295661613068
2,1513,1515,0.15385390369663363
2,1513,1515,0.1538642106397398
2,1508,1510,0.15387391252397806
2,1515,1517,0.15388304358226573
2,1515,1517,0.15389163663038194
2,1512,1514,0.15389972287423223
2,1511,1513,0.15390733186974295
2,1511,1513,0.1539144915480356
2,1518,1520,0.15392122826982463
2,1501,1503,0.15392756689281203
2,1506,1508,0.15393353084422456
2,1520,1522,0.15393914219448346
2,1517,1519,0.1539444217298901
2,1517,1519,0.15394938902320335
2,1520,1522,0.15395406250151658
3,1518,1521,0.15395845951114817
3,1508,1511,0.1539594195193984
3,1512,1515,0.15396033699012435
3,1518,1521,0.15396120207071212
3,1509,1512,0.153962015856387
3,1508,1511,0.15396278118743484
3,1509,1512,0.1539635009813145
3,1508,1511,0.1539641779994565
3,1517,1520,0.1539648148232078
3,1503,1506,0.15396541386423196
3,1521,1524,0.15396597737897197
3,1514,1517,0.15396650748177076
3,1520,1523,0.15396700615610848
4,1511,1515,0.1539674752642889
4,1513,1517,0.15396480621350897
3,1516,1519,0.15396225283663942
3,1524,1527,0.15396294270917302
4,1502,1506,0.15396363731767412
4,1491,1495,0.1539611409586769
4,1492,1496,0.1539587887523372
4,1494,1498,0.15395657199573382
4,1501,1505,0.15395448511744983
4,1504,1508,0.15395252128758588
4,1504,1508,0.15395067359261735
4,1506,1510,0.15394893533599005
4,1513,1517,0.15394730012794244
4,1522,1526,0.15394576191069448
4,1516,1520,0.15394431495969446
4,1513,1517,0.153942953874907
4,1509,1513,0.15394167356777996
6,1515,1521,0.15394046924642893
6,1513,1519,0.15393314511296252
6,1517,1523,0.1539261804586268
6,1510,1516,0.15391962047787758
7,1506,1513,0.1539134484710921
7,1508,1515,0.15390449971125447
5,1515,1520,0.15389608232301327
6,1525,1531,0.15389437136611764
6,1526,1532,0.15388966172562885
7,1541,1548,0.15388526260704777
8,1532,1540,0.15387807867384193
8,1519,1527,0.15386815454052183
8,1530,1538,0.1538588481092722
8,1513,1521,0.1538501050484786
8,1508,1516,0.15384188968013698
8,1510,1518,0.15383416942477882
8,1512,1520,0.1538269139428888
9,1515,1524,0.15382009486001777
9,1521,1530,0.1538106142409338
8,1530,1538,0.15380171437128418
8,1523,1531,0.15379646344590436
8,1508,1516,0.15379150827501106
8,1506,1514,0.15378674542644474
8,1504,1512,0.15378232018625218
9,1504,1513,0.15377816437942815
9,1522,1531,0.1537712434951413
9,1512,1521,0.15376471411555
9,1504,1513,0.15375857682894792
9,1512,1521,0.15375280903677865
9,1509,1518,0.15374738836049415
8,1514,1522,0.15374229367630407
8,1529,1537,0.15374050602371903
8,1515,1523,0.15373885634368029
8,1516,1524,0.15373730613723258
8,1510,1518,0.15373584755655365
7,1513,1520,0.15373447486699957
7,1510,1517,0.15373627639281778
8,1507,1515,0.1537379669754775
8,1508,1516,0.1537365451358749
7,1505,1512,0.153735183415024
7,1521,1528,0.15373703553931228
6,1522,1528,0.15373877526511273
6,1523,1529,0.15374346743827005
6,1515,1521,0.15374787398244122
5,1512,1517,0.15375201718990783
5,1513,1518,0.15375900309077223
5,1508,1513,0.1537655751139198
5,1509,1514,0.15377175817566527
5,1507,1512,0.15377757380636273
5,1502,1507,0.1537830434283732
5,1510,1515,0.15378818747922868
5,1494,1499,0.15379302527947433
5,1500,1505,0.15379757504443192
5,1503,1508,0.15380185392837234
4,1498,1502,0.15380587807675514
5,1503,1508,0.1538127081835589
5,1510,1515,0.1538161184183857
5,1523,1528,0.15381929815448026
5,1517,1522,0.15382228634510212
6,1517,1523,0.15382509606369107
6,1508,1514,0.153824637804818
6,1518,1524,0.15382421235775773
7,1506,1513,0.15382381243422644
7,1506,1513,0.15382029047370294
7,1515,1522,0.15381700051311042
7,1508,1515,0.15381391108120424
6,1514,1520,0.15381100863689143
6,1527,1533,0.15381131425843692
7,1511,1518,0.15381163752153873
7,1519,1526,0.15380890412006726
7,1514,1521,0.15380630661501576
6,1515,1521,0.15380386327962714
6,1526,1532,0.15380470147881617
6,1519,1525,0.15380547334086223
6,1514,1520,0.15380619781341306
6,1508,1514,0.1538068786701936
6,1509,1515,0.15380751878082546
5,1520,1525,0.1538081206754487
6,1521,1527,0.1538117641531489
6,1507,1513,0.15381210501667955
6,1489,1495,0.15381243305621672
5,1502,1507,0.15381274144296986
4,1499,1503,0.1538161202370726
4,1492,1496,0.15382233487046132
5,1494,1499,0.1538282216186043
5,1502,1507,0.1538307145452497
5,1503,1508,0.15383302961233747
5,1512,1517,0.1538352043427217
6,1512,1518,0.1538372488811588
7,1509,1516,0.1538359882258808
7,1516,1523,0.15383167648557647
7,1510,1517,0.15382764823855147
7,1510,1517,0.15382386566476594
7,1504,1511,0.1538203117064859
7,1507,1514,0.15381697175293735
8,1518,1526,0.1538138325189716
8,1528,1536,0.15380770913998973
8,1511,1519,0.15380197765507486
6,1512,1518,0.15379659531552306
5,1510,1515,0.1537978332246588
4,1518,1522,0.1538019978449335
4,1515,1519,0.15380911900648303
4,1511,1515,0.1538158041450231
4,1505,1509,0.15382209204151062
4,1516,1520,0.15382800752076478
4,1518,1522,0.1538335726480021
4,1503,1507,0.15383880801457972
4,1511,1515,0.15384373300504123
4,1516,1520,0.15384836589803785
4,1528,1532,0.15385272392946328
4,1522,1526,0.15385682334572162
4,1517,1521,0.15386067945399387
4,1516,1520,0.15386430667103032
4,1514,1518,0.1538677185706058
4,1512,1516,0.15387092792946985
4,1518,1522,0.1538739467716108
4,1507,1511,0.1538767864107035
4,1507,1511,0.15387945749066373
4,1520,1524,0.15388197002427528
4,1518,1522,0.15388433342988783
4,1506,1510,0.15388655656621006
4,1506,1510,0.1538886477652377
3,1522,1525,0.15389061486337305
3,1523,1526,0.15389553563260464
3,1518,1521,0.15390020789896589
3,1509,1512,0.1539046105029928
3,1507,1510,0.15390875550638777
3,1507,1510,0.15391265681543945
3,1507,1510,0.1539163281872016
3,1503,1506,0.15391978284550237
3,1506,1509,0.15392303337714028
3,1500,1503,0.15392609170825577
3,1507,1510,0.15392896911123763
3,1501,1504,0.15393167622498904
3,1504,1507,0.1539342230812399
3,1510,1513,0.15393661913338652
3,1507,1510,0.1539388732860458
3,1501,1504,0.15394099392435712
3,1498,1501,0.15394298894251204
3,1512,1515,0.15394486577123792
2,1525,1527,0.15394663140409653
2,1519,1521,0.15395146790945596
2,1513,1515,0.15395600721320868
2,1509,1511,0.15396028037136028
2,1499,1501,0.15396430281481602
2,1497,1499,0.15396808884575722
2,1509,1511,0.15397165204640084
2,1505,1507,0.15397500530503008
2,1500,1502,0.15397816082640606
2,1500,1502,0.15398113014912032
2,1514,1516,0.15398392416904888
2,1518,1520,0.15398655316642412
1,1518,1519,0.15398902683463642
1,1501,1502,0.15399451262703648
1,1511,1512,0.15399968570901387
1,1507,1508,0.15400456142001404
1,1500,1501,0.1540091538541212
1,1502,1503,0.15401347814113253
1,1493,1494,0.15401754919747396
1,1513,1514,0.15402138138796448
1,1509,1510,0.15402498841515463
1,1531,1532,0.1540283832876554
1,1524,1525,0.15403157832185937
1,1514,1515,0.1540345851592805
1,1518,1519,0.15403741479145064
1,1515,1516,0.15404007758834445
1,1519,1520,0.15404258332819412
1,1511,1512,0.15404494122751353
1,1508,1509,0.15404715997066706
1,1509,1510,0.15404924773860557
1,1516,1517,0.15405121223655877
1,1515,1516,0.15405306072057054
1,1508,1509,0.15405480002282426
1,1509,1510,0.15405643657574267
1,1514,1515,0.1540579764348703
1,1520,1521,0.15405942530056263
1,1512,1513,0.15406078853851604
1,1510,1511,0.1540620711991794
1,1510,1511,0.1540632780360915
1,1524,1525,0.15406441352319228
1,1506,1507,0.15406548187115437
1,1506,1507,0.15406648704278506
1,1509,1510,0.154067432767544
1,1513,1514,0.15406832255522482
1,1526,1527,0.154069159708845
1,1510,1511,0.15406994733678672
1,1510,1511,0.15407068836423174
1,1505,1506,0.15407138554392905
1,1503,1504,0.15407204146633288
1,1506,1507,0.15407265856914829
1,1500,1501,0.15407323914631746
1,1511,1512,0.1540737853564789
1,1519,1520,0.1540742992309309
1,1519,1520,0.15407478268112768
1,1496,1497,0.15407523750573507
1,1502,1503,0.15407566539727188
1,1509,1510,0.15407606794836165
1,1505,1506,0.15407644665761638
1,1510,1511,0.15407680293517456
1,1511,1512,0.15407713810791424
1,1512,1513,0.15407745342435877
1,1513,1514,0.15407775005929483
1,1514,1515,0.15407802911811844
1,1514,1515,0.1540782916409255
1,1492,1493,0.15407853860636167
1,1496,1497,0.15407877093524597
1,1493,1494,0.15407898949398086
1,1514,1515,0.1540791950977618
1,1510,1511,0.15407938851359815
1,1515,1516,0.15407957046315576
1,1515,1516,0.1540797416254328
1,1516,1517,0.15407990263927748
1,1518,1519,0.15408005410575792
1,1509,1510,0.1540801965903925
1,1505,1506,0.15408033062524826
1,1507,1508,0.15408045671091655
1,1512,1513,0.1540805753183715
1,1507,1508,0.1540806868907194
1,1523,1524,0.15408079184484483
1,1505,1506,0.1540808905729599
1,1510,1511,0.1540809834440619
1,1511,1512,0.15408107080530542
1,1512,1513,0.15408115298329275
1,1520,1521,0.15408123028528936
1,1522,1523,0.15408130300036668
1,1528,1529,0.15408137140047765
1,1531,1532,0.1540814357414693
1,1525,1526,0.15408149626403503
1,1516,1517,0.15408155319461078
1,1511,1512,0.15408160674621868
1,1512,1513,0.1540816571192603
1,1510,1511,0.15408170450226347
1,1515,1516,0.1540817490725848
1,1509,1510,0.15408179099707098
1,1520,1521,0.15408183043268056
1,1518,1519,0.15408186752706926
1,1506,1507,0.15408190241914096
1,1514,1515,0.15408193523956545
1,1521,1522,0.15408196611126604
1,1525,1526,0.15408199514987864
1,1517,1518,0.1540820224641827
1,1519,1520,0.15408204815650792
1,1526,1527,0.15408207232311572
1,1517,1518,0.15408209505455908
1,1521,1522,0.15408211643602066
1,1527,1528,0.15408213654763073
1,1511,1512,0.1540821554647669
1,1521,1522,0.15408217325833548
1,1524,1525,0.15408218999503642
1,1523,1524,0.15408220573761297
1,1522,1523,0.1540822205450857
1,1517,1518,0.15408223447297364
1,1530,1531,0.15408224757350142
1,1531,1532,0.1540822598957949
1,1516,1517,0.15408227148606474
1,1516,1517,0.1540822823877793
1,1501,1502,0.1540822926418272
1,1506,1507,0.15408230228667033
1,1514,1515,0.15408231135848782
1,1521,1522,0.15408231989131135
1,1512,1513,0.1540823279171524
1,1517,1518,0.15408233546612252
1,1517,1518,0.15408234256654546
1,1525,1526,0.15408234924506364
1,1521,1522,0.15408235552673777
1,1522,1523,0.1540823614351406
1,1527,1528,0.1540823669924454
1,1531,1532,0.15408237221950877
1,1513,1514,0.15408237713594902
1,1494,1495,0.15408238176021938
1,1503,1504,0.1540823861096774
1,1513,1514,0.1540823902006498
1,1512,1513,0.15408239404849372
1,1508,1509,0.1540823976676543
1,1508,1509,0.1540824010717188
1,1512,1513,0.15408240427346737
1,1514,1515,0.15408240728492117
1,1520,1521,0.15408241011738738
1,1523,1524,0.15408241278150148
1,1519,1520,0.15408241528726727
1,1509,1510,0.15408241764409428
1,1504,1505,0.15408241986083307
1,1506,1507,0.1540824219458085
1,1510,1511,0.15408242390685076
1,1510,1511,0.15408242575132491
1,1512,1513,0.15408242748615855
1,1502,1503,0.15408242911786757
1,1509,1510,0.15408243065258073
1,1518,1519,0.15408243209606284
1,1522,1523,0.1540824334537359
1,1511,1512,0.15408243473070005
1,1507,1508,0.15408243593175208
1,1518,1519,0.15408243706140407
1,1508,1509,0.1540824381238997
1,1510,1511,0.15408243912323072
1,1519,1520,0.15408244006315155
1,1521,1522,0.15408244094719348
1,1518,1519,0.154082441778678
1,1522,1523,0.15408244256072925
0,1518,1518,0.15408244329628562
