1359,28,1387,0.13584104632153718
1392,27,1419,0.13304502910390836
1406,27,1433,0.13040094246931513
1422,31,1453,0.12795117798870265
1428,32,1460,0.12567386058955457
1441,33,1474,0.12358175545264297
1457,34,1491,0.12164063816452567
1446,35,1481,0.11983141731448164
1451,36,1487,0.11821032928933847
1453,35,1488,0.11672114273199802
1461,34,1495,0.1153592800318499
1451,34,1485,0.11409958620704469
1461,35,1496,0.11297622562743859
1464,34,1498,0.1119292801432826
1467,35,1502,0.11096862214071498
1458,36,1494,0.11008639943803264
1455,36,1491,0.10930336075522847
1465,37,1502,0.10859706146675795
1455,39,1494,0.10793078672073292
1450,39,1489,0.10734660297760291
1457,41,1498,0.10682641865727951
1457,44,1501,0.1063366417140961
1460,45,1505,0.10589023144781744
1449,44,1493,0.10547719346200704
1449,42,1491,0.10512560872904567
1457,42,1499,0.10480518691679645
1440,44,1484,0.10449546915986421
1435,45,1480,0.10425038223629307
1444,48,1492,0.10403808018479943
1445,49,1494,0.10382497667356144
1448,48,1496,0.10362881469030491
1451,50,1501,0.1034435213672105
1447,49,1496,0.10326812383407091
1461,46,1507,0.10311706571762497
1463,46,1509,0.10294921642227833
1457,47,1504,0.10279211876836553
1439,53,1492,0.10266189374377156
1449,50,1499,0.10258177124359026
1451,51,1502,0.10248718697522814
1438,50,1488,0.10239723313058761
1441,51,1492,0.10234324626489442
1420,50,1470,0.10228763424811767
1417,51,1468,0.10228214611081846
1412,52,1464,0.10228395041516744
1415,53,1468,0.10229611379836907
1415,49,1464,0.10230110635863347
1435,49,1484,0.10230516065192408
1453,48,1501,0.10226629501041656
1447,50,1497,0.10219244259625627
1446,50,1496,0.10213771353781403
1441,49,1490,0.10209029071813547
1439,52,1491,0.10205758111906789
1432,52,1484,0.10203214328330996
1445,52,1497,0.10202395121548814
1441,53,1494,0.10198895978876407
1439,55,1494,0.10196528925457418
1436,55,1491,0.10194802918601
1441,56,1497,0.10193843411675668
1439,57,1496,0.10191891581127614
1457,58,1515,0.10190557491507068
1450,58,1508,0.10185580680066658
1442,58,1500,0.10182512472663213
1449,58,1507,0.10181454831006334
1442,58,1500,0.10178960078343423
1441,58,1499,0.10178175417434375
1435,59,1494,0.10177755978387686
1423,63,1486,0.10178641180538862
1425,64,1489,0.10182065760165333
1442,66,1508,0.10184793297769472
1441,68,1509,0.10183602817996286
1441,70,1511,0.10182774078164936
1428,73,1501,0.10182002569595892
1432,72,1504,0.10184130979700885
1423,72,1495,0.10185197485191136
1409,71,1480,0.10188040753818861
1414,71,1485,0.1019369671529926
1417,72,1489,0.10197819379889923
1427,73,1500,0.10200912448370342
1422,74,1496,0.10201594202052913
1424,76,1500,0.10203294546465867
1407,78,1485,0.10204424495448343
1408,78,1486,0.10209124901987383
1406,79,1485,0.1021321073998762
1406,78,1484,0.10217378606891941
1411,80,1491,0.1022119442966283
1421,81,1502,0.10223573944440326
1415,82,1497,0.10223605450058201
1412,83,1495,0.10224948087437064
1399,82,1481,0.10226798912129635
1412,86,1498,0.10231339420979582
1420,89,1509,0.10232700794584355
1408,86,1494,0.10232263971081496
1409,86,1495,0.10234414683061299
1413,86,1499,0.10236201053316595
1414,86,1500,0.10236937961255961
1418,85,1503,0.1023741024766241
1430,83,1513,0.10236965568974185
1432,81,1513,0.10233995226388956
1421,80,1501,0.10230877202289017
1421,79,1500,0.10230415456122065
1410,81,1491,0.10229978382183966
1411,79,1490,0.10231990606123736
1416,78,1494,0.10233588875592581
1420,82,1502,0.10233981217885305
1413,83,1496,0.10233465155023495
1412,82,1494,0.10234490627282739
1413,82,1495,0.10235669940165444
1410,89,1499,0.10236523510934897
1404,90,1494,0.10237941926358668
1403,87,1490,0.1024054395370372
1398,93,1491,0.1024319450789444
1397,92,1489,0.10246675401710878
1396,91,1487,0.10250053393284468
1399,90,1489,0.10253388338172204
1403,95,1498,0.10255821339678352
1405,96,1501,0.10257136805501656
1398,96,1494,0.10257918909928276
1401,97,1498,0.10260151517093835
1407,102,1509,0.10261584454254827
1385,102,1487,0.1026160497797396
1387,101,1488,0.10266349346609417
1394,97,1491,0.10270190088862936
1400,97,1497,0.10272248836875555
1400,103,1503,0.10272878085714313
1399,105,1504,0.10273457849166732
1405,103,1508,0.10274122621955355
1421,103,1524,0.10273485864559989
1405,102,1507,0.10269434987338762
1416,103,1519,0.10269218988047889
1393,106,1499,0.10266604369889015
1385,107,1492,0.10269264173200178
1385,108,1493,0.10273411946578975
1394,111,1505,0.10277170997128565
1394,112,1506,0.10278650731570613
1380,112,1492,0.10280041610125217
1371,108,1479,0.1028436140085487
1365,110,1475,0.10290163865729376
1378,113,1491,0.10296769529405488
1384,113,1497,0.10299986141650753
1382,116,1498,0.10301658506501293
1382,117,1499,0.10303627111499719
1380,119,1499,0.10305375714291454
1381,119,1500,0.10307443753665896
1376,120,1496,0.1030910872415248
1389,120,1509,0.10311822560088413
1383,119,1502,0.10311486184733891
1377,117,1494,0.10312545480063572
1372,122,1494,0.1031481344881792
1373,125,1498,0.10318008571798234
1388,125,1513,0.10320695446302126
1389,124,1513,0.10319929694293062
1379,124,1503,0.10318977039167239
1367,128,1495,0.10320234838407924
1355,129,1484,0.10323974852593217
1359,127,1486,0.1033004123096102
1363,124,1487,0.10334766417631595
1361,124,1485,0.10338216018307929
1365,123,1488,0.10341713772886221
1369,125,1494,0.10343974629460721
1381,128,1509,0.10345225711143413
1374,130,1504,0.10343855080236239
1377,132,1509,0.10344098086470307
1380,136,1516,0.10343678517396619
1367,137,1504,0.1034267553338708
1375,139,1514,0.10344508131248886
1356,141,1497,0.10344525293463644
1356,142,1498,0.10348701168795614
1349,142,1491,0.10352485256825382
1345,142,1487,0.10357498706197031
1347,141,1488,0.10362903927973528
1357,139,1496,0.10367390378222147
1362,136,1498,0.10369308784123402
1377,140,1517,0.10369942143317619
1359,134,1493,0.10367251629283121
1353,139,1492,0.10368791862892718
1351,142,1493,0.10371526799468743
1355,145,1500,0.10374458686808928
1362,140,1502,0.10376348162507025
1363,138,1501,0.10376603710969676
1356,141,1497,0.10376592358908664
1358,140,1498,0.10378115311996343
1345,146,1491,0.1037901917775143
1344,148,1492,0.10382612217301179
1353,149,1502,0.10386114170671634
1352,146,1498,0.10387401286843317
1346,148,1494,0.10388831783518034
1347,148,1495,0.10391508464027747
1348,150,1498,0.10393702774774854
1352,153,1505,0.10395551093935669
1352,152,1504,0.10396356687083554
1349,153,1502,0.10397064187915138
1345,150,1495,0.10398363750450247
1337,150,1487,0.10400511656753939
1336,150,1486,0.10404144192197841
1336,152,1488,0.1040766193841809
1339,150,1489,0.1041083670179329
1343,150,1493,0.10413150770216632
1360,148,1508,0.10414388750059117
1355,147,1502,0.1041176848300034
1349,149,1498,0.10410514694759186
1345,146,1491,0.10410639294446185
1351,148,1499,0.10411602157075621
1353,148,1501,0.10411201223553196
1352,147,1499,0.10410359740570717
1338,146,1484,0.10409758100187883
1353,144,1497,0.10412298869690102
1348,145,1493,0.10411345106907412
1362,143,1505,0.10411579239921906
1364,143,1507,0.10408814749576006
1351,147,1498,0.1040584813649158
1343,152,1495,0.10406013335240133
1340,151,1491,0.10407942395252942
1344,148,1492,0.1041040747283381
1351,147,1498,0.1041178836593669
1346,151,1497,0.10411520163404293
1343,150,1493,0.10412376224767891
1349,146,1495,0.10413890311275827
1354,142,1496,0.10413910894990516
1352,144,1496,0.10412879859499771
1342,147,1489,0.10412375116080003
1337,151,1488,0.1041407050859938
1340,152,1492,0.10416709725778012
1325,150,1475,0.10418485060712353
1325,147,1472,0.10423375556926999
1333,143,1476,0.10427811577023621
1338,142,1480,0.10430148065294481
1345,140,1485,0.10431250173511429
1348,140,1488,0.10430815181877108
1351,146,1497,0.10429837768227919
1352,148,1500,0.10428269124625285
1363,156,1519,0.10426665638247563
1354,154,1508,0.10422664737709794
1351,154,1505,0.10421017059719297
1339,156,1495,0.1042029813365824
1332,159,1491,0.10422204606258202
1332,161,1493,0.10425565111048549
1329,160,1489,0.10428674118631065
1331,162,1493,0.10432190804065905
1327,164,1491,0.10435029571620014
1331,165,1496,0.10438472555501693
1321,162,1483,0.10440735407157342
1327,165,1492,0.10445035333512223
1317,163,1480,0.10447741851209029
1321,171,1492,0.10452339570024016
1325,170,1495,0.10455680865710427
1323,169,1492,0.10457880179072646
1323,169,1492,0.10460421205962075
1326,166,1492,0.10462758642970883
1317,172,1489,0.10464217271617995
1300,172,1472,0.10467408084644315
1303,167,1470,0.10474084091931717
1303,170,1473,0.10479594660311374
1308,171,1479,0.10484674925771227
1311,168,1479,0.10488269992687824
1309,166,1475,0.10490916801776862
1319,167,1486,0.10493714505088167
1330,163,1493,0.1049402626778706
1325,165,1490,0.10492005139277506
1332,167,1499,0.1049136381617965
1323,164,1487,0.10489288132845634
1318,162,1480,0.10489379924234314
1334,162,1496,0.10490597489809403
1328,163,1491,0.10488249960031247
1320,159,1479,0.10487392423672814
1323,160,1483,0.10488321417529567
1329,162,1491,0.10488454504946462
1340,161,1501,0.10487248387421116
1338,163,1501,0.10483738555340662
1340,161,1501,0.1048086838179027
1332,157,1489,0.10477895342402936
1326,163,1489,0.10476952760016496
1321,163,1484,0.1047745475840839
1317,162,1479,0.10478903788393037
1331,159,1490,0.10481113706637575
1322,163,1485,0.10480020000899923
1321,164,1485,0.10481022326746564
1312,166,1478,0.10482172582034792
1318,169,1487,0.10485190085623138
1317,167,1484,0.10486686096428598
1315,168,1483,0.10488262883525235
1312,169,1481,0.10490163649106499
1298,170,1468,0.10492576744839813
1297,173,1470,0.10497764314826227
1302,173,1475,0.10502603966672003
1312,176,1488,0.10506044720569613
1302,172,1474,0.10507007601112818
1311,170,1481,0.10510164619975354
1306,170,1476,0.10511123418554749
1308,162,1470,0.10513174125650948
1303,160,1463,0.10514513825466341
1317,165,1482,0.10516807710135946
1316,167,1483,0.10515716401970752
1324,167,1491,0.10515024266163914
1321,166,1487,0.10512697828208015
1324,167,1491,0.10511230423525271
1339,161,1500,0.10509297658759528
1338,166,1504,0.10504305424071983
1324,168,1492,0.10500056902226584
1332,170,1502,0.10499259854471116
1333,169,1502,0.10496760203337942
1329,170,1499,0.1049414205024061
1325,170,1495,0.10492737793684725
1325,169,1494,0.1049231678726684
1331,166,1497,0.10491900987439089
1331,168,1499,0.1049027068844071
1325,169,1494,0.10488771340181449
1327,173,1500,0.1048875223450642
1329,174,1503,0.10488338595843695
1326,172,1498,0.10487518986924549
1317,169,1486,0.10487406005641012
1317,166,1483,0.10489247379137728
1320,166,1486,0.10490950029780471
1336,166,1502,0.10491749363743683
1322,166,1488,0.10489004467320737
1307,166,1473,0.10489677161740657
1328,168,1496,0.10493661181834973
1327,169,1496,0.10492659901552984
1323,165,1488,0.10491944626192776
1319,169,1488,0.10492259406429177
1314,171,1485,0.10493372757913917
1315,169,1484,0.10495420008112022
1312,171,1483,0.10497098046272633
1314,174,1488,0.1049927979410058
1313,179,1492,0.1050077733707222
1303,176,1479,0.10502266993955782
1315,178,1493,0.1050583929687259
1310,177,1487,0.10506465761797033
1322,174,1496,0.10508141871623267
1323,174,1497,0.10507033533054272
1331,174,1505,0.1050582360381682
1331,179,1510,0.10503068068812613
1328,176,1504,0.10500525926012994
1312,180,1492,0.10498882905788888
1321,182,1503,0.10500927610120403
1329,186,1515,0.10500879634298337
1328,182,1510,0.1049906252394277
1325,183,1508,0.1049761799898242
1315,186,1501,0.10496942201745753
1310,187,1497,0.10498575089482035
1297,184,1481,0.10501145726274334
1302,184,1486,0.10506420239099423
1300,181,1481,0.10510229443613778
1302,184,1486,0.10514129877976303
1303,184,1487,0.10517119360159956
1295,183,1478,0.10519663468464911
1294,185,1479,0.10523668818112274
1308,185,1493,0.10527532769804644
1323,182,1505,0.10528079093525029
1311,187,1498,0.10525407911436759
1310,189,1499,0.10525637283596595
1312,194,1506,0.105259639224881
1315,194,1509,0.10525854862542712
1311,199,1510,0.10525096096758896
1313,199,1512,0.10525434935730121
1302,198,1500,0.10525286996051811
1288,202,1490,0.10527609738151755
1288,204,1492,0.10532783001778094
1280,203,1483,0.10537461675145315
1290,199,1489,0.10543467510420744
1292,199,1491,0.105467325127141
1305,199,1504,0.10549309860443773
1301,197,1498,0.10548769315220043
1303,198,1501,0.10549050158382223
1305,202,1507,0.10548832620834717
1302,200,1502,0.10548278319704847
1302,204,1506,0.10548354122225265
1304,206,1510,0.10548452069791998
1299,207,1506,0.10548201403359396
1298,207,1505,0.10548915541759168
1297,209,1506,0.10549824911503698
1297,207,1504,0.10550943619068906
1303,208,1511,0.10552020681649633
1296,206,1502,0.10551775935363845
1293,206,1499,0.10553063763935597
1290,210,1500,0.10554947774749192
1291,211,1502,0.10557319575778046
1283,214,1497,0.1055932020668023
1282,211,1493,0.10562980575293818
1294,209,1503,0.10566508815793373
1285,212,1497,0.10567301133960771
1287,213,1500,0.1056988012354466
1292,210,1502,0.1057188484399789
1298,206,1504,0.10572580908029305
1293,204,1497,0.10571916565889403
1290,207,1497,0.10572463910149771
1285,206,1491,0.10573538140763666
1283,208,1491,0.10575553126607379
1293,208,1501,0.10577837053803318
1292,211,1503,0.10577749865199693
1294,207,1501,0.10577835129546806
1302,206,1508,0.10577519738460613
1289,209,1498,0.10575515979270904
1294,209,1503,0.10576509690392229
1301,211,1512,0.1057650028972941
1301,209,1510,0.10574874206517114
1287,205,1492,0.10573306688347013
1285,207,1492,0.10575059999286227
1288,215,1503,0.10576984316768753
1279,214,1493,0.10578097010132172
1292,212,1504,0.10581104677134984
1290,211,1501,0.10580986671930333
1292,214,1506,0.1058134296324221
1296,215,1511,0.10581183751790114
1295,217,1512,0.10579990370551151
1289,217,1506,0.10579117497850747
1288,212,1500,0.10579604751153614
1290,208,1498,0.10580340364616937
1293,206,1499,0.1058061767565446
1297,202,1499,0.10580191056836799
1287,202,1489,0.10578920101348567
1306,205,1511,0.1057991136574526
1298,209,1507,0.1057660239901876
1304,210,1514,0.1057535342594769
1303,209,1512,0.1057289227097763
1297,205,1502,0.10570797526879268
1291,195,1486,0.10570246335759487
1278,197,1475,0.10571109126725077
1291,199,1490,0.10574784457259753
1298,198,1496,0.10575306307501141
1287,201,1488,0.10574386350269503
1291,202,1493,0.105758833543847
1291,207,1498,0.10576436825596376
1292,206,1498,0.10576868289868252
1290,204,1494,0.10576919812610583
1291,207,1498,0.10577357553275706
1293,209,1502,0.10577714260933568
1287,210,1497,0.10577698773992221
1282,210,1492,0.10578927606854367
1286,212,1498,0.10581215420601447
1276,210,1486,0.10582490657645216
1278,209,1487,0.1058591657757102
1289,214,1503,0.1058859804157319
1289,216,1505,0.10588670421268459
1286,222,1508,0.10588794700345527
1279,220,1499,0.10589542620250487
1275,220,1495,0.1059183645413338
1263,222,1485,0.10594811662534973
1279,218,1497,0.10600153105739572
1281,216,1497,0.10601480292148618
1289,216,1505,0.10602257616772434
1281,210,1491,0.10601235939756128
1278,213,1491,0.1060207219742241
1277,209,1486,0.10603590662403045
1284,218,1502,0.10605127778708873
1275,219,1494,0.10605094307887095
1269,227,1496,0.10606969096291209
1273,224,1497,0.10610143250401041
1260,229,1489,0.10612037446115352
1256,233,1489,0.10616653310304688
1258,235,1493,0.10621760147135458
1272,232,1504,0.10625955375064888
1272,232,1504,0.10626670282069116
1280,226,1506,0.10627231523958819
1278,229,1507,0.10625954585711787
1280,230,1510,0.10625141652667061
1279,227,1506,0.10623969463926926
1290,230,1520,0.10623220058724661
1280,223,1503,0.10620160682950885
1272,223,1495,0.10619573895689058
1282,224,1506,0.10620860219449745
1273,227,1500,0.10620016342780003
1262,228,1490,0.10621322228547045
1271,233,1504,0.10624918419014256
1265,227,1492,0.10626225595518622
1271,229,1500,0.10628823430197037
1271,230,1501,0.10629805577773016
1267,230,1497,0.1063074437171454
1280,230,1510,0.10632390790691076
1281,229,1510,0.10630910613577024
1270,226,1496,0.10629418323738023
1261,234,1495,0.10630486599638793
1260,234,1494,0.10633430744590586
1254,227,1481,0.10636332073446429
1249,234,1483,0.10640351297436186
1243,235,1478,0.10645111668289356
1243,233,1476,0.10650833853146616
1256,231,1487,0.10655927235589821
1252,240,1492,0.10657664507138895
1250,248,1498,0.10660159186231176
1246,248,1494,0.10662946662955727
1236,251,1487,0.10666426918916751
1245,252,1497,0.10671811135108651
1238,252,1490,0.10674853365826305
1236,256,1492,0.10679164923207315
1235,251,1486,0.10683663067204631
1247,244,1491,0.10688095522595355
1258,249,1507,0.10689626472724718
1257,249,1506,0.10688710119580336
1251,251,1502,0.10688061002730116
1248,248,1496,0.10688897625226382
1252,246,1498,0.10690218669605825
1249,246,1495,0.10690554552390438
1255,251,1506,0.10691283098929812
1251,254,1505,0.10690569173448516
1234,256,1490,0.10690808021252274
1243,260,1503,0.10694884668273855
1240,257,1497,0.10696692240118949
1230,259,1489,0.10698943175172523
1243,261,1504,0.10703221372503503
1249,266,1515,0.10704300392802564
1240,265,1505,0.10703960966953276
1230,267,1497,0.10705720333208799
1238,267,1505,0.107096326051815
1223,268,1491,0.10711561385829586
1235,264,1499,0.1071672864216276
1222,273,1495,0.10718739090031142
1237,277,1514,0.10723388577608307
1235,278,1513,0.10724533068842153
1230,282,1512,0.10725925537594595
1219,276,1495,0.1072834273886677
1225,274,1499,0.1073297965910216
1216,280,1496,0.10736031213018958
1218,280,1498,0.10740843540492094
1211,279,1490,0.10744780148323635
1219,287,1506,0.10749978220936911
1218,284,1502,0.10753015355067565
1215,283,1498,0.10756097552148067
1213,287,1500,0.1075970562160926
1195,292,1487,0.10763426174096707
1195,290,1485,0.10770965357448432
1192,291,1483,0.1077785296899662
1186,291,1477,0.10784794322932982
1182,290,1472,0.1079249492151289
1199,291,1490,0.10800453877050412
1202,291,1493,0.10804077579450691
1200,292,1492,0.10806565969360425
1204,294,1498,0.10809509380767894
1211,294,1505,0.10811359622584252
1199,301,1500,0.10811679252707922
1205,302,1507,0.10814647852107818
1205,302,1507,0.10816048037940038
1204,310,1514,0.10817377091315115
1198,307,1505,0.10818857825238042
1189,310,1499,0.10821665742741216
1185,310,1495,0.10826341005428902
1188,308,1496,0.10831417000229755
1191,301,1492,0.10835331595249521
1165,305,1470,0.10838374514768119
1179,306,1485,0.10847093966437912
1179,309,1488,0.10851960083659566
1173,308,1481,0.10856579582522898
1179,304,1483,0.10862215387981092
1177,305,1482,0.10866163256240437
1189,301,1490,0.10869979944533885
1201,300,1501,0.10870879284590532
1186,296,1482,0.10869017168652864
1192,299,1491,0.10870627963848303
1199,297,1496,0.10870790654683425
1208,302,1510,0.10869457773579835
1204,306,1510,0.10866204389298889
1188,315,1503,0.10864145711197747
1194,311,1505,0.10865810014195722
1190,308,1498,0.10866019831514247
1192,300,1492,0.10867037608745933
1205,300,1505,0.10867477271349511
1194,297,1491,0.10864894218270794
1186,294,1480,0.10864959460302735
1186,303,1489,0.1086683995000453
1192,301,1493,0.10868556850656236
1199,303,1502,0.10868863804114744
1192,304,1496,0.1086734304214838
1198,297,1495,0.1086743329461083
1195,298,1493,0.10866330538852427
1199,305,1504,0.1086589974289363
1199,308,1507,0.10864727518916521
1213,304,1517,0.10863386845165295
1202,300,1502,0.10859089490632645
1207,303,1510,0.10857661743370706
1205,305,1510,0.10855293600036386
1194,309,1503,0.10853445209133643
1198,312,1510,0.10854165028813156
1190,300,1490,0.10853954336834644
1174,300,1474,0.10855671433768474
1174,301,1475,0.10861035767791105
1162,308,1470,0.10865851133534989
1182,315,1497,0.10872994234386045
1187,320,1507,0.10875094609520033
1180,317,1497,0.10875933384103796
1190,320,1510,0.10878283226627256
1179,322,1501,0.10878035444592606
1188,315,1503,0.1088042539960178
1190,318,1508,0.10880632759567296
1176,325,1501,0.10880307539976031
1175,327,1502,0.10883249095192657
1166,332,1498,0.10886426507305934
1170,336,1506,0.10891399082728137
1178,337,1515,0.10895029195859436
1186,337,1523,0.10896409384756801
1178,334,1512,0.10895966042914164
1177,339,1516,0.10897411128410113
1170,331,1501,0.10899033778915776
1162,333,1495,0.10901961327098825
1156,339,1495,0.10906654696828078
1156,346,1502,0.10912301357496146
1160,338,1498,0.10917479664086355
1170,341,1511,0.10921405945381366
1161,346,1507,0.10922939411136257
1157,352,1509,0.10926366986460309
1165,348,1513,0.10930321136316744
1156,349,1505,0.1093218058433107
1150,354,1504,0.10935938643523248
1145,353,1498,0.10940811269041227
1149,352,1501,0.10946475904083453
1139,347,1486,0.10950836936188998
1138,354,1492,0.10956893947790343
1135,358,1493,0.10962579002796527
1141,361,1502,0.10968434557655185
1131,362,1493,0.10972626736282934
1129,373,1502,0.10978950574741696
1126,370,1496,0.10985194812133253
1124,365,1489,0.10991564338771553
1126,369,1495,0.10997779204094826
1130,373,1503,0.11003161729100217
1132,373,1505,0.11007136847569772
1136,371,1507,0.11010199414109632
1145,366,1511,0.11012227878920193
1136,369,1505,0.11012118296082547
1137,377,1514,0.11013903253858272
1127,385,1512,0.11015455259164021
1119,380,1499,0.11019256842651799
1125,375,1500,0.1102456874561284
1129,374,1503,0.11028085096378357
1121,377,1498,0.11030443913620439
1118,382,1500,0.11034426128163446
1109,382,1491,0.11038649182303618
1099,386,1485,0.11044562702606661
1099,382,1481,0.11052215929984727
1097,378,1475,0.11059289427613204
1108,381,1489,0.11066350200927794
1119,376,1495,0.11070323835729766
1113,381,1494,0.11071371979292312
1115,385,1500,0.11073913505401813
1110,375,1485,0.1107575121552492
1117,380,1497,0.11078570507237523
1124,385,1509,0.11079576442459615
1121,384,1505,0.11078947179495241
1116,389,1505,0.11079171461518321
1116,395,1511,0.11080618480592115
1122,392,1514,0.11082013628039414
1112,392,1504,0.11081952989061093
1109,395,1504,0.11084236730174453
1098,388,1486,0.11086860081436871
1095,386,1481,0.11091900390627034
1111,391,1502,0.1109740163607228
1102,399,1501,0.11098772666632328
1104,400,1504,0.11102009409104813
1101,399,1500,0.1110479471336295
1099,406,1505,0.11107996979739788
1095,410,1505,0.11111344068215484
1091,413,1504,0.11115318502028959
1091,415,1506,0.11119831339441687
1081,410,1491,0.1112397706157374
1071,407,1478,0.11130101139577345
1082,412,1494,0.11137964167322988
1092,411,1503,0.11142535739964671
1084,417,1501,0.11144525324235163
1087,417,1504,0.11148113952400113
1078,413,1491,0.111508345481339
1084,410,1494,0.11155448136113907
1083,412,1495,0.11158232370359666
1071,410,1481,0.11161373828675238
1080,416,1496,0.11166990933144082
1075,415,1490,0.11170019933284978
1080,417,1497,0.11173885347160337
1084,420,1504,0.1117630173378909
1078,426,1504,0.11177641295153061
1068,428,1496,0.11180337269975286
1066,416,1482,0.11185073073868834
1071,417,1488,0.11189897565569425
1071,414,1485,0.11193208779351017
1071,416,1487,0.11196155249123191
1068,420,1488,0.11199052673161773
1073,427,1500,0.11202282537888208
1069,429,1498,0.11204273082708886
1067,436,1503,0.11206942111452804
1075,435,1510,0.11209764628353128
1078,425,1503,0.11210513097370578
1069,430,1499,0.11210606491974395
1075,430,1505,0.11212666816825187
1062,436,1498,0.112131489403067
1056,433,1489,0.11216768800759963
1052,436,1488,0.11221413654230596
1050,434,1484,0.11226467630038708
1049,432,1481,0.11231670073849401
1045,438,1483,0.11236697652414701
1042,443,1485,0.11242262362869418
1051,440,1491,0.11248188438389199
1050,445,1495,0.11251717561662787
1051,446,1497,0.11255505857693286
1047,447,1494,0.11259087369695758
1053,448,1501,0.11263170410184127
1041,461,1502,0.11265488250596341
1046,457,1503,0.11270433648695737
1056,455,1511,0.11273919323746413
1048,451,1499,0.11274790880632427
1052,455,1507,0.11277515976247747
1046,456,1502,0.11279080593054314
1034,461,1495,0.11281878041714172
1037,460,1497,0.11287172935106544
1046,455,1501,0.112913812665243
1034,466,1500,0.11293079667364748
1025,473,1498,0.11297410884321948
1031,471,1502,0.1130350252261215
1020,472,1492,0.11307659442813456
1020,477,1497,0.11313950638164563
1022,475,1497,0.11319807997562784
1024,473,1497,0.11324849580131921
1021,474,1495,0.11328928124242271
1016,483,1499,0.11333387666321065
1021,485,1506,0.11338573284420997
1012,494,1506,0.11342300799217243
1010,496,1506,0.1134783861017939
1003,489,1492,0.11353380146917352
1000,490,1490,0.11360068460948561
1011,491,1502,0.11367117130316717
1016,487,1503,0.11370925477418915
1011,495,1506,0.11373261004929469
999,505,1504,0.11376628094898482
990,499,1489,0.11382636999010068
988,500,1488,0.11390223415294068
992,504,1496,0.1139778560368207
991,520,1511,0.1140388174942931
984,514,1498,0.11409922824577745
978,513,1491,0.11417140663123185
972,515,1487,0.1142516680817982
969,523,1492,0.11434175239257538
983,522,1505,0.114432354381045
980,524,1504,0.11448287226939405
978,524,1502,0.11453578803331178
984,525,1509,0.11459111837989674
972,528,1500,0.11462901899783012
987,520,1507,0.11469178691490572
984,527,1511,0.1147159409000314
979,530,1509,0.11474552502041943
979,525,1504,0.11478326599325907
976,535,1511,0.1148193732586736
977,526,1503,0.11486045848720693
976,526,1502,0.11489501591344663
970,528,1498,0.11492820967912422
960,539,1499,0.11497294758381722
966,537,1503,0.11504011145410327
968,536,1504,0.11508900216852076
981,533,1514,0.11512922739390007
974,532,1506,0.1151351503537348
964,529,1493,0.11515777221522738
966,536,1502,0.11520045156115141
974,538,1512,0.11523655457884384
974,540,1514,0.11525133063329879
955,536,1491,0.11526708340167398
946,538,1484,0.11532530275066065
951,535,1486,0.11539909122619818
961,538,1499,0.11545666503418918
968,541,1509,0.11548635538909835
953,544,1497,0.11549813194373126
958,542,1500,0.1155427479680959
961,541,1502,0.11557270906300993
958,534,1492,0.11559282855292938
965,546,1511,0.11561753341642955
961,537,1498,0.11562553205793374
954,539,1493,0.11564206370509168
950,540,1490,0.11567257068337788
953,542,1495,0.11571163446643563
951,549,1500,0.11574393718526689
953,546,1499,0.11577793241704029
955,544,1499,0.11580589384612493
967,551,1518,0.11582732546029789
958,549,1507,0.11582045170498324
957,547,1504,0.11583632578009599
955,546,1501,0.11585453658168414
958,549,1507,0.11587505051697336
953,542,1495,0.11588659380178726
960,540,1500,0.1159087155066338
957,543,1500,0.11591355145029608
949,543,1492,0.11592596924725275
952,551,1503,0.11595546397126846
940,552,1492,0.11597599514213491
945,558,1503,0.11602354736087513
942,559,1501,0.11605508653146018
939,557,1496,0.11609145330616284
946,554,1500,0.11613446765808622
948,552,1500,0.11615933879805423
943,559,1502,0.11617748052556431
947,556,1503,0.11620662590157987
946,559,1505,0.11622407802971062
958,557,1515,0.11624147321789355
961,561,1522,0.11622976757178588
951,563,1514,0.11621212113845437
950,561,1511,0.11621874490825174
941,558,1499,0.11622909558313277
948,563,1511,0.11626081369183354
945,549,1494,0.1162725374284917
945,553,1498,0.1162918464694576
951,554,1505,0.11630871367539986
951,552,1503,0.11630791109159422
947,557,1504,0.11630598224592176
945,556,1501,0.11631492167490673
936,551,1487,0.11632812404114973
947,548,1495,0.11635996601544116
949,548,1497,0.11636371556688115
940,550,1490,0.11636080781858148
941,548,1489,0.11638052023694648
950,545,1495,0.11639577380194836
941,544,1485,0.11638846067612832
938,547,1485,0.116402396662702
945,553,1498,0.11642201300683588
945,548,1493,0.11642305494501391
945,546,1491,0.11642719270656485
934,547,1481,0.11643022539720896
937,557,1494,0.1164608841774021
938,560,1498,0.11648066331767933
939,556,1495,0.11649679990448732
950,556,1506,0.11650783203496867
953,564,1517,0.1164915917896651
946,571,1517,0.11647015412430456
946,564,1510,0.11646779377605206
942,564,1506,0.11646547815870376
950,563,1513,0.11647368015097101
960,566,1526,0.11646285387287421
957,567,1524,0.11643063839312515
943,567,1510,0.11640817802707822
924,560,1484,0.11642056130893608
932,561,1493,0.11647594734675724
930,563,1493,0.11650977114364315
939,566,1505,0.11654745166246826
942,564,1506,0.11656147941555747
936,565,1501,0.11656667879770037
936,569,1505,0.1165849438639608
939,568,1507,0.11660117271603712
938,572,1510,0.11660996929288249
940,566,1506,0.11661821032904425
951,566,1517,0.11662143681363034
953,561,1514,0.11659933403852016
946,576,1522,0.11657687437382938
950,579,1529,0.11657240420345062
942,571,1513,0.11656040027737655
949,566,1515,0.11656740323196618
942,571,1513,0.11655762160291125
936,571,1507,0.11656416373417486
936,577,1513,0.11658660353770607
942,583,1525,0.1166078284628205
938,576,1514,0.11661378297195878
930,582,1512,0.11662971983919046
914,586,1500,0.11666340583711911
918,592,1510,0.11673252907259886
920,583,1503,0.11678654007197242
917,594,1511,0.11683079092413536
909,595,1504,0.11687692875565131
898,601,1499,0.11693863040740851
895,604,1499,0.11702178149614405
893,602,1495,0.11710672527765091
894,602,1496,0.11719162475218696
892,593,1485,0.11726927987078906
895,598,1493,0.11734653407072157
900,586,1486,0.11741228816831249
916,593,1509,0.11745874609945384
902,591,1493,0.11746370375896893
901,589,1490,0.11750127757368511
901,602,1503,0.11753954213407532
904,599,1503,0.1175741294006348
901,606,1507,0.11759910962917919
911,606,1517,0.11762913747061234
906,602,1508,0.11763287527596189
907,605,1512,0.11764813137500216
899,603,1502,0.11766000771856228
898,602,1500,0.1176920153981239
890,601,1491,0.11772328187061479
895,611,1506,0.11777157419688464
892,607,1499,0.11780375963795775
880,607,1487,0.11784029107855316
897,601,1498,0.1179029716841831
883,612,1495,0.11791855458247401
895,606,1501,0.1179670610033287
893,609,1502,0.11798402117878994
897,612,1509,0.11800419600401411
909,615,1524,0.11801245130346874
916,614,1530,0.11799343265978657
911,604,1515,0.11795865981796393
909,605,1514,0.11793866958160665
905,601,1506,0.11792535293933235
905,605,1510,0.11792043042326492
899,597,1496,0.11791547877973492
906,595,1501,0.1179264427944937
903,600,1503,0.11792116179623113
905,602,1507,0.11792231880812697
905,606,1511,0.11791954076940929
888,608,1496,0.11791688511112258
891,612,1503,0.1179560114902558
890,616,1506,0.11798491066946479
888,613,1501,0.11801441982837096
893,617,1510,0.11804735924685417
901,624,1525,0.11806838578480694
900,614,1514,0.11807037781174332
891,618,1509,0.11807391289292479
890,623,1513,0.11810122199993821
885,624,1509,0.11812879153193286
894,619,1513,0.11816590420361198
884,623,1507,0.11817979913540672
884,629,1513,0.11821562118905167
888,624,1512,0.11825084002089187
893,626,1519,0.11827466767910931
882,624,1506,0.11828512694256857
881,631,1512,0.11832039250909407
886,634,1520,0.11835707890214398
894,633,1527,0.11838102490582923
881,633,1514,0.11838603087980576
882,627,1509,0.11842134147667266
877,636,1513,0.11845230244467961
869,640,1509,0.11849032885165706
866,642,1508,0.11854341068746782
863,643,1506,0.11860218296254103
866,640,1506,0.11866450719461437
864,637,1501,0.11871578090921832
862,635,1497,0.11876916099234194
873,629,1502,0.11882243833793547
877,634,1511,0.11884564229734682
870,638,1508,0.1188585874319157
881,642,1523,0.11888677945964062
877,638,1515,0.1188863799568367
875,645,1520,0.11889580482454544
861,653,1514,0.11890975293159425
864,653,1517,0.1189564300215403
864,650,1514,0.11899305427957749
862,642,1504,0.11902613712286961
860,645,1505,0.11906109057963295
868,643,1511,0.11909852923036723
875,647,1522,0.11911388438527823
867,642,1509,0.11911223080617983
866,648,1514,0.1191303225728602
862,642,1504,0.11914823204532236
857,640,1497,0.11917351442302118
861,645,1506,0.1192073137589027
851,642,1493,0.11922960511665565
852,641,1493,0.11927298168052833
847,646,1493,0.1193116814008439
862,652,1514,0.11936083933551866
845,657,1502,0.11937108087994532
846,652,1498,0.11942189385320207
844,654,1498,0.11946799462027378
854,657,1511,0.11951733742230505
857,651,1508,0.11953773575965382
847,641,1488,0.11955056633440293
846,644,1490,0.11958605241482789
828,650,1478,0.11962280128903563
835,659,1494,0.11970002403785802
837,654,1491,0.11975384025404892
842,649,1491,0.11979889822731035
843,654,1497,0.11982734644487042
843,666,1509,0.11985067901087028
843,663,1506,0.11987188697227762
838,663,1501,0.11989187812718402
838,663,1501,0.11992276562897891
833,666,1499,0.11994949839926779
835,664,1499,0.11998604428192106
834,669,1503,0.12001762910792248
831,673,1504,0.12004786159154328
832,678,1510,0.12008467817306062
827,682,1509,0.12011650863510137
829,691,1520,0.1201572104347449
829,685,1514,0.12018994141170453
828,686,1514,0.12021989422311587
824,682,1506,0.12025032081341765
821,682,1503,0.1202875581891158
823,678,1501,0.12032726531802912
813,678,1491,0.12035936700144606
812,675,1487,0.12041275386716364
802,675,1477,0.12046495404565302
801,686,1487,0.12053703398680334
811,691,1502,0.12060681065435212
817,686,1503,0.12064797265182386
827,685,1512,0.12067031088929432
831,666,1497,0.12066753507796577
830,678,1508,0.12065534479746581
828,685,1513,0.12064823450184474
833,684,1517,0.12064480281454366
830,684,1514,0.12063252801609842
824,696,1520,0.12062844309990649
823,698,1521,0.12063761921417257
823,692,1515,0.12064890622799669
821,690,1511,0.1206611776459664
822,685,1507,0.12067679713535952
824,696,1520,0.12068970865028816
825,688,1513,0.12069637487973932
817,684,1501,0.12070016349697774
814,695,1509,0.12072406725676242
816,694,1510,0.1207511963273145
817,698,1515,0.12077119940434805
821,697,1518,0.12078757678449048
828,700,1528,0.1207930088197616
824,714,1538,0.12078286978655436
825,707,1532,0.1207838012390764
819,706,1525,0.12078394470787884
822,701,1523,0.12079791163208906
822,690,1512,0.12080192100088351
816,698,1514,0.12080599944179396
809,694,1503,0.12082597038190566
806,698,1504,0.12086065174820267
797,709,1506,0.12090067370624347
808,715,1523,0.12095989913747925
807,706,1513,0.12098931522676609
804,703,1507,0.12102070570531144
800,699,1499,0.12105873183188946
799,708,1507,0.12110375308759387
790,714,1504,0.1211468888081928
786,710,1496,0.1212063487450246
793,713,1506,0.12127075264183425
796,718,1514,0.12131356609193647
785,720,1505,0.12134451866500245
793,711,1504,0.12139888208609176
790,716,1506,0.12143360452618433
781,715,1496,0.12147182438911566
777,717,1494,0.1215285655221426
791,719,1510,0.12158955801969329
790,716,1506,0.12161256528600017
782,712,1494,0.12163675088295185
785,701,1486,0.12167835199070588
796,714,1510,0.12170746560710753
800,708,1508,0.12170810441786906
799,702,1501,0.1217020276969366
796,697,1493,0.12169687016454248
790,707,1497,0.12170094471117544
799,712,1511,0.12172120623015062
798,718,1516,0.12171883008784196
798,712,1510,0.121718687327695
790,714,1504,0.12171843729422802
789,705,1494,0.12173885929837028
787,701,1488,0.12175970103000562
787,696,1483,0.12178128623971193
792,701,1493,0.12180163506854796
797,701,1498,0.12180870694356508
793,692,1485,0.12180279872636564
789,692,1481,0.12180668938927094
787,695,1482,0.12181991221664643
784,688,1472,0.12183644504930474
794,682,1476,0.12185886391686025
804,688,1492,0.12185694810576891
807,702,1509,0.12183154153534304
803,696,1499,0.1218020470163425
808,701,1509,0.12178588215420155
811,701,1512,0.12175891582184882
805,698,1503,0.12172936608548661
794,700,1494,0.12171873064277199
783,711,1494,0.12173474683644368
779,717,1496,0.12177650182404488
773,715,1488,0.12182579222150423
787,715,1502,0.12188465374186486
798,722,1520,0.1219047588125262
800,728,1528,0.1218975545891782
798,735,1533,0.12188715330690235
789,731,1520,0.12188364364425823
789,729,1518,0.12190254636900491
787,726,1513,0.12192059879419585
791,719,1510,0.12194055245181694
786,717,1503,0.1219494712388942
790,722,1512,0.12197073930822086
785,725,1510,0.12198119609051837
781,726,1507,0.12200342153500728
775,727,1502,0.12203583090658407
777,727,1504,0.12207963252640497
774,734,1508,0.12211497273219184
772,740,1512,0.12215588194270702
759,735,1494,0.1221981524550308
761,741,1502,0.12226678746823222
761,750,1511,0.12232673181410078
751,759,1510,0.12238245696038665
752,741,1493,0.12245943807800246
745,740,1485,0.1225288591461375
750,739,1489,0.12261003873395965
752,739,1491,0.12267415238907507
758,746,1504,0.12272893028665494
756,754,1510,0.12276631246612382
758,750,1508,0.12280579340520756
755,749,1504,0.1228377770820222
762,764,1526,0.12287734507312219
766,756,1522,0.12289743177253733
765,749,1514,0.12290757348271047
764,735,1499,0.12291943925514907
759,742,1501,0.12293233703178265
766,753,1519,0.12295547227675829
763,744,1507,0.12296061063270632
755,739,1494,0.12297090975933923
761,738,1499,0.12300122351822687
767,734,1501,0.12301307660073416
765,736,1501,0.12301044669783473
751,731,1482,0.12301412588614927
759,727,1486,0.12304990211431338
758,736,1494,0.12306226348106518
763,734,1497,0.12307445831707177
756,739,1495,0.12307430081616813
755,745,1500,0.12309197343097622
748,742,1490,0.12311120764491346
745,741,1486,0.12314582696425098
762,748,1510,0.12318297809882411
749,742,1491,0.12317753573994338
748,741,1489,0.12320459645291588
742,742,1484,0.12323175841545991
740,744,1484,0.12327112119045391
741,742,1483,0.12331378655103958
739,753,1492,0.12335292207887352
742,760,1502,0.12339307580274882
741,761,1502,0.1234225858302707
760,749,1509,0.1234506578773291
752,749,1501,0.1234311394718769
751,752,1503,0.12343492838062366
757,755,1512,0.12344054105016763
756,749,1505,0.12343223362915022
757,762,1519,0.1234276217231508
744,764,1508,0.12342280343132589
737,762,1499,0.12345232724534143
734,755,1489,0.12349830379440518
736,756,1492,0.12354808857727848
743,769,1512,0.12358890747718852
745,774,1519,0.12361091197847773
747,781,1528,0.12362646113364263
742,782,1524,0.1236358640300674
737,782,1519,0.12365691019645234
732,786,1518,0.12368857200834371
730,780,1510,0.12372772797366999
723,777,1500,0.12377019623951452
735,772,1507,0.12382496752071254
732,765,1497,0.12384723618778956
725,767,1492,0.12387845682489187
725,778,1503,0.12392469979839917
722,780,1502,0.12396883212428093
723,778,1501,0.124019675146974
717,790,1507,0.12406553662668532
721,781,1502,0.12412314465956711
715,791,1506,0.12416470024239976
718,792,1510,0.1242161400754637
723,794,1517,0.12425642721240916
719,792,1511,0.12428412243107641
717,793,1510,0.12431923547807756
714,798,1512,0.12435763824258447
718,797,1515,0.12440087549390108
723,793,1516,0.12443235151900241
713,800,1513,0.12445090064205729
717,812,1529,0.1244930560230761
719,813,1532,0.12452297676209363
720,818,1538,0.1245479127541063
710,810,1520,0.12457021162973553
714,810,1524,0.12461372426022609
713,813,1526,0.12464373822520777
708,818,1526,0.12467534282200834
712,817,1529,0.1247167945631405
712,812,1524,0.12474624245104816
711,817,1528,0.12477366433070795
703,814,1517,0.12480198304182646
699,821,1520,0.1248472934093403
704,815,1519,0.12489754415516359
702,814,1516,0.12493110810289633
709,814,1523,0.12496903788824824
704,817,1521,0.12498769244095581
705,816,1521,0.12501625557577004
708,817,1525,0.1250408912027324
712,803,1515,0.1250553084012803
703,818,1521,0.12505916244809584
705,824,1529,0.12508401125632546
697,813,1510,0.12510220905412822
699,815,1514,0.12513631864574867
697,810,1507,0.12516221755534446
696,805,1501,0.12519058678699602
686,802,1488,0.1252189161347538
692,807,1499,0.1252675177453674
697,806,1503,0.12529850151577418
702,804,1506,0.125316077098861
701,808,1509,0.12531880353200822
700,812,1512,0.12532405639107178
702,815,1517,0.12533245784777475
695,813,1508,0.12533517667555588
689,811,1500,0.1253546445467664
696,817,1513,0.1253857714409533
696,807,1503,0.12539598632874824
689,816,1505,0.12540515961567525
692,827,1519,0.12543159305920432
683,825,1508,0.1254483515415672
688,834,1522,0.12548589138320795
690,822,1512,0.12550999282558636
685,832,1517,0.1255288956326787
678,839,1517,0.12555949508365272
673,838,1511,0.1256034202031811
674,836,1510,0.12565655942114945
668,832,1500,0.1257038903902928
662,840,1502,0.12576245997278543
663,845,1508,0.12583087813944438
672,850,1522,0.12589365216638662
678,851,1529,0.1259290406807062
686,847,1533,0.1259465375653086
674,839,1513,0.12594357513108792
680,833,1513,0.1259693606165838
678,837,1515,0.12597861426637716
670,834,1504,0.12599316970017635
675,837,1512,0.1260271088172912
670,837,1507,0.1260462018204818
672,837,1509,0.12607751710773624
660,843,1503,0.12610283693785557
659,847,1506,0.12615630726864516
664,847,1511,0.12620803325933488
658,841,1499,0.12624555232750237
657,840,1497,0.12629496497705842
657,845,1502,0.12634219388650245
658,845,1503,0.1263858803885075
652,843,1495,0.1264245493635601
662,840,1502,0.12647359313453832
670,847,1517,0.1264950540416368
668,842,1510,0.12649596188199433
662,846,1508,0.12650052513493018
662,843,1505,0.12651898365256595
663,836,1499,0.1265373416728865
668,838,1506,0.12655252319135826
667,838,1505,0.1265542215428695
660,836,1496,0.1265576509581987
657,840,1497,0.12657777251265984
660,837,1497,0.12660537539447334
670,843,1513,0.12662321559482778
668,851,1519,0.12661749646046663
661,840,1501,0.12661763435829174
663,848,1511,0.12663554213835979
665,848,1513,0.12664641654348077
668,838,1506,0.12665129937741096
657,843,1500,0.12664821517288244
661,839,1500,0.12667191498952893
672,842,1514,0.12668375514440738
664,844,1508,0.1266674901160658
671,844,1515,0.12667202688488444
667,852,1519,0.1266612743592737
674,843,1517,0.12665867879976456
675,845,1520,0.12663901829335475
667,853,1520,0.12662016767331583
664,850,1514,0.12662204579337516
669,843,1512,0.126633825706731
663,847,1510,0.1266300291531051
655,848,1503,0.12664104728256764
646,852,1498,0.1266687672276561
655,856,1511,0.1267176166499857
652,853,1505,0.12674046059373836
654,861,1515,0.12676839008472096
655,863,1518,0.12678942009829416
648,866,1514,0.1268091499691717
650,868,1518,0.12684543334311107
649,862,1511,0.1268747389741672
650,852,1502,0.12690484527532678
649,849,1498,0.12693187338908976
656,843,1499,0.12695878610340292
655,846,1501,0.12696678262087868
654,849,1503,0.12697595596303268
657,849,1506,0.1269860957979128
665,848,1513,0.12698768218567888
658,852,1510,0.12697072768494078
650,860,1510,0.1269718883815409
642,867,1509,0.1269948881978309
639,860,1499,0.12703685957366886
641,865,1506,0.12708185062399302
643,860,1503,0.12711874825339645
640,866,1506,0.12715051646641734
640,869,1509,0.12718725657723212
635,867,1502,0.12722238885288814
630,868,1498,0.1272665997417265
642,879,1521,0.12732175165810036
630,883,1513,0.12734350740598221
629,888,1517,0.12739640014895035
627,894,1521,0.12744921392257302
627,890,1517,0.1275040919812863
624,888,1512,0.12755540334331716
611,876,1487,0.1276100199084379
610,880,1490,0.12769354464507393
607,886,1493,0.12777420871580392
609,885,1494,0.1278566248633045
613,890,1503,0.1279274965356993
617,895,1512,0.1279832134724524
613,893,1506,0.1280243905337638
608,887,1495,0.12807039155426267
603,889,1492,0.12812510745624173
604,895,1499,0.12818720200385308
610,899,1509,0.12824159431736926
616,899,1515,0.12827817000507077
616,886,1502,0.12829821653993218
622,900,1522,0.1283183970278019
613,903,1516,0.12832296650153505
608,902,1510,0.12834838848037183
618,895,1513,0.12838375520221304
620,895,1515,0.1283915380600173
610,899,1509,0.12839424984022282
601,895,1496,0.12842372128990182
599,898,1497,0.12847479022426142
604,893,1497,0.1285269456965214
600,900,1500,0.1285629626087097
591,912,1503,0.1286066144912248
600,893,1493,0.12867042686778013
592,903,1495,0.12870697168564557
592,906,1498,0.12876010576959476
597,910,1507,0.12880853168019038
596,912,1508,0.12884200116199276
598,907,1505,0.1288757070407643
592,908,1500,0.12890393655236057
599,903,1502,0.12894683908645974
604,913,1517,0.12897004956986954
598,921,1519,0.12898189692434836
599,927,1526,0.12900898263433658
595,921,1516,0.1290311168144503
588,923,1511,0.12906117539112844
588,914,1502,0.12910707213173012
587,922,1509,0.1291508495662378
580,913,1493,0.12919241502045228
583,919,1502,0.12924792168791632
585,926,1511,0.12929044697192002
583,924,1507,0.12932624363312248
578,920,1498,0.12936338431206068
576,936,1512,0.12941141868895278
567,931,1498,0.1294619732722019
568,932,1500,0.12953207472487901
577,925,1502,0.12959427259204692
579,923,1502,0.12962920456301374
576,934,1510,0.12965524605709555
578,933,1511,0.12968703854796115
587,933,1520,0.12971290292306625
591,937,1528,0.12971541844334442
591,944,1535,0.12970716361694085
589,933,1522,0.12970031577355026
577,928,1505,0.12970043252379682
573,932,1505,0.12973062077398625
577,931,1508,0.12976893019409164
571,927,1498,0.12979532149633266
584,929,1513,0.12983482040186742
580,929,1509,0.12983779699877304
581,921,1502,0.12985029741291595
587,933,1520,0.12985797162037238
585,936,1521,0.12985160846292895
584,926,1510,0.1298475589066393
576,926,1502,0.1298470540543441
580,923,1503,0.1298664492852224
586,933,1519,0.12987350070795145
573,941,1514,0.12986462661227524
560,942,1502,0.1298889751254105
559,947,1506,0.1299430794025438
567,947,1514,0.12999587131849138
566,941,1507,0.13002409322919845
569,942,1511,0.13005259681024461
567,933,1500,0.13007242980378758
567,926,1493,0.13009448258670495
571,931,1502,0.13011387443793354
577,932,1509,0.1301224657533303
581,937,1518,0.13011724021306761
583,941,1524,0.1301043957836502
571,944,1515,0.13008761612712388
576,944,1520,0.13010211499157798
579,946,1525,0.13010165878940344
574,939,1513,0.13009372834553468
572,944,1516,0.13009891609650517
566,942,1508,0.13011048029019945
575,938,1513,0.13013408821815478
567,937,1504,0.13013371634376397
566,929,1495,0.1301535105916265
574,937,1511,0.130172876046721
571,933,1504,0.13017121644718244
567,929,1496,0.1301783524073459
568,927,1495,0.13019334173350822
565,931,1496,0.13020551285482487
573,934,1507,0.13022463327496445
581,934,1515,0.13022200158536393
582,931,1513,0.13019963874024207
579,938,1517,0.13017848210828167
576,935,1511,0.13016455838501412
582,941,1523,0.13015858660166146
571,934,1505,0.13014041067472515
578,930,1508,0.13015010455161952
567,932,1499,0.1301431193741495
572,921,1493,0.1301641093300357
572,924,1496,0.13017278405018234
578,930,1508,0.1301804179739197
581,940,1521,0.13017302071766743
574,948,1522,0.13015974068043124
571,945,1516,0.1301651699184565
579,949,1528,0.13017817891609404
570,951,1521,0.1301693559210046
574,934,1508,0.13018258002147293
563,943,1506,0.1301848959856731
567,940,1507,0.13021507029571414
573,940,1513,0.13023263440181412
576,929,1505,0.13023256973101854
563,932,1495,0.13022561061374405
563,936,1499,0.13025213267219762
565,934,1499,0.13027549497644028
564,937,1501,0.13029274722044107
556,939,1495,0.13031171328990182
551,941,1492,0.1303489624943249
559,952,1511,0.13039466852773296
558,945,1503,0.13041572612763322
563,953,1516,0.13043868536987296
569,946,1515,0.13044648753282181
565,956,1521,0.1304402641945414
567,957,1524,0.13044488744236835
563,955,1518,0.13044430935429477
565,937,1502,0.1304551101688312
558,943,1501,0.13046062402230027
557,950,1507,0.13048406747276725
551,953,1504,0.1305075514873819
549,942,1491,0.13054525470616038
556,953,1509,0.13058516841416526
542,959,1501,0.13060440931319733
536,965,1501,0.13065805149836443
532,958,1490,0.13072373446592134
537,955,1492,0.13079558962355478
545,949,1494,0.13085089087498386
539,963,1502,0.13088067917793617
540,956,1496,0.1309246860843492
537,957,1494,0.13096324515606425
536,963,1499,0.13100628350499072
536,966,1502,0.1310476957884582
540,964,1504,0.1310864282404535
541,969,1510,0.13111323973524722
545,974,1519,0.13113629968554488
542,971,1513,0.131146255009097
539,971,1510,0.13116214860854541
534,962,1496,0.1311832662999956
538,981,1519,0.13121606041210573
540,979,1519,0.1312367505759737
539,976,1515,0.13125027411446816
540,969,1509,0.1312649052473719
545,976,1521,0.1312757117032746
542,979,1521,0.13127325933987613
538,970,1508,0.13127962451562425
530,967,1497,0.13129579036176736
533,960,1493,0.13132887981674196
533,962,1495,0.1313529788031118
525,981,1506,0.13137613656563668
525,990,1515,0.1314199353182962
524,988,1512,0.1314602004466469
520,985,1505,0.13149998460380785
520,976,1496,0.13154420515329968
522,982,1504,0.13158637226841502
515,989,1504,0.13162060134059644
518,984,1502,0.131669438439477
527,985,1512,0.13170695848411879
535,988,1523,0.13172002594251628
535,981,1516,0.1317125169000021
529,985,1514,0.13170655172414672
533,990,1523,0.13171692885749114
527,992,1519,0.1317166960936611
526,982,1508,0.1317336552828742
524,987,1511,0.1317525786482504
520,990,1510,0.13177460551158726
520,989,1509,0.1318045989719465
514,990,1504,0.13183265800563945
515,997,1512,0.1318746628975175
515,993,1508,0.13191197691216938
512,991,1503,0.1319477516716638
515,985,1500,0.13198906722219278
505,993,1498,0.1320201965381933
504,999,1503,0.13207272642363121
494,1007,1501,0.13212377423131902
494,1018,1512,0.13219804281349856
496,1019,1515,0.13226666388261857
492,1008,1500,0.1323255559225704
494,1015,1509,0.13239027857087401
491,1014,1505,0.13244724637030825
494,1016,1510,0.13250827526709438
498,1022,1520,0.13255672974646432
492,1023,1515,0.13258813318709223
484,1030,1514,0.13263319823696676
486,1018,1504,0.13269512622953802
487,1015,1502,0.1327469828500044
482,1010,1492,0.13279196004003896
491,1015,1506,0.132845463231144
487,1020,1507,0.1328740609854017
487,1016,1503,0.13291034621343464
487,1031,1518,0.1329445005618654
490,1037,1527,0.1329768104116178
488,1031,1519,0.1329991472806787
493,1030,1523,0.13302562581144267
489,1022,1511,0.13303662864993449
484,1027,1511,0.1330562989735438
482,1023,1505,0.13308658104178972
486,1032,1518,0.1331201855396426
485,1032,1517,0.13314328322812174
487,1031,1518,0.13316633524962396
491,1031,1522,0.13318416820902101
487,1021,1508,0.13319208174560196
489,1026,1515,0.13320911104364402
483,1023,1506,0.1332194861068053
489,1024,1513,0.1332449674548562
493,1029,1522,0.13325235194975818
489,1031,1520,0.13324784203010265
493,1037,1530,0.13325297197967625
490,1033,1523,0.1332468343704247
483,1042,1525,0.1332490498096797
479,1031,1510,0.13326883490784827
477,1033,1510,0.13329914579003357
477,1031,1508,0.13333106637474948
477,1033,1510,0.1333630229209461
470,1038,1508,0.13339223943110326
458,1028,1486,0.13343651180840477
461,1033,1494,0.13350937841709581
460,1037,1497,0.1335684527979938
456,1035,1491,0.1336269697999776
458,1048,1506,0.1336919737672762
467,1043,1510,0.13374821439245224
459,1046,1505,0.13377860771636876
466,1053,1519,0.13382701505774952
464,1048,1512,0.1338551619533703
462,1052,1514,0.13388782224446763
458,1055,1513,0.13392244046416152
459,1048,1507,0.13396450731656986
457,1050,1507,0.13400196264188713
467,1056,1523,0.13404283400965056
467,1051,1518,0.13405540332670823
456,1046,1502,0.13406825358647445
450,1045,1495,0.13410850101321267
441,1046,1487,0.1341636035397752
443,1051,1494,0.13423874873168082
438,1047,1485,0.13430167860731734
444,1062,1506,0.13437313164530354
452,1056,1508,0.13442360655140165
445,1048,1493,0.13444972537359534
444,1055,1499,0.1344943146769362
446,1064,1510,0.13453785286291198
447,1071,1518,0.1345749327361715
440,1070,1510,0.13460625689887804
439,1066,1505,0.13465393535158945
434,1065,1499,0.13470130582336742
434,1066,1500,0.13475742907368454
436,1078,1514,0.13481040436912323
440,1073,1513,0.13485528179347422
434,1077,1511,0.13488893967413687
435,1079,1514,0.13493705834231323
439,1089,1528,0.13497808459323773
431,1095,1526,0.1350057151604375
436,1085,1521,0.13505032321740992
431,1089,1520,0.13508051315076572
426,1098,1524,0.13512181048103103
425,1091,1516,0.1351741127600166
415,1078,1493,0.13522779585128317
413,1085,1498,0.13530271190464382
423,1076,1499,0.1353756741679975
419,1091,1510,0.1354197069838924
424,1092,1516,0.13547151555102313
427,1087,1514,0.13550775800334977
431,1086,1517,0.13553314751800105
430,1091,1521,0.1355459684912869
430,1089,1519,0.1355609567826616
433,1089,1522,0.1355760488765535
431,1084,1515,0.1355839688330743
421,1091,1512,0.1355971442592859
414,1085,1499,0.13563570102600112
410,1091,1501,0.1356867613291223
407,1091,1498,0.13574542294146497
415,1092,1507,0.13580765160138647
416,1091,1507,0.13584459808747026
411,1091,1502,0.13587675258149257
413,1098,1511,0.13591950312774592
411,1100,1511,0.1359535539734952
409,1106,1515,0.1359888967627687
412,1113,1525,0.13602962348093503
409,1096,1505,0.1360608790921984
396,1099,1495,0.1360983268372449
396,1108,1504,0.13616404836416107
397,1113,1510,0.13622561618953932
393,1112,1505,0.1362808335623249
397,1116,1513,0.1363425790849754
403,1117,1520,0.13638998464937854
401,1116,1517,0.1364185817416463
400,1117,1517,0.1364493516649578
401,1117,1518,0.13648019776824458
400,1116,1516,0.13650920483460913
404,1116,1520,0.13653889560246832
403,1120,1523,0.1365567776785167
393,1123,1516,0.1365758284334711
396,1133,1529,0.1366186391912719
407,1127,1534,0.1366503784643284
398,1112,1510,0.13665249030097523
396,1108,1504,0.13667759924552508
393,1117,1510,0.13670605911580527
395,1118,1513,0.13674030635623038
392,1106,1498,0.13676642201058997
398,1118,1516,0.13679813888705894
389,1123,1512,0.13681237686848896
389,1124,1513,0.136847853685613
390,1125,1515,0.13688141105935048
394,1132,1526,0.1369087697373379
393,1135,1528,0.136925515008484
385,1121,1506,0.13694357739772342
382,1114,1496,0.1369811864755103
381,1123,1504,0.13702416142797041
381,1135,1516,0.13706734292201297
374,1129,1503,0.1371071377026563
373,1136,1509,0.1371630431459705
371,1131,1502,0.137216680173896
370,1138,1508,0.1372724979011894
374,1147,1521,0.13732680990681093
376,1146,1522,0.13736716395327686
380,1154,1534,0.137398948836617
380,1146,1526,0.13741850669187683
378,1144,1522,0.13743616359751618
376,1140,1516,0.13745805644167647
369,1143,1512,0.13748297230097534
372,1140,1512,0.1375238677894022
369,1148,1517,0.13755563360408407
369,1142,1511,0.13759423001646487
364,1141,1505,0.13762998639675553
367,1142,1509,0.13767425263877547
361,1141,1502,0.13770708602912135
363,1144,1507,0.13775244823706456
365,1150,1515,0.13778948979708894
367,1142,1509,0.13781907219415993
361,1145,1506,0.13784349206175006
370,1148,1518,0.13788112185210913
369,1152,1521,0.1378924400904699
365,1152,1517,0.13790576312946018
363,1143,1506,0.13793054768067406
375,1128,1503,0.13795814734729875
370,1148,1518,0.13795160831559264
371,1158,1529,0.13795872871798473
366,1143,1509,0.1379628346350215
365,1133,1498,0.1379786134616929
362,1129,1491,0.13799618609852382
371,1130,1501,0.138022380790061
367,1135,1502,0.13802207766183944
364,1139,1503,0.13803237017140624
376,1126,1502,0.1380471194894568
374,1134,1508,0.13803037979162316
372,1134,1506,0.13802024135078625
368,1145,1513,0.1380163710872827
369,1143,1512,0.13802205427657377
362,1146,1508,0.1380259877046262
368,1156,1524,0.13804810952203572
367,1157,1524,0.1380533732464594
364,1156,1520,0.13806050183431165
367,1146,1513,0.1380758956342074
365,1151,1516,0.13808275871452888
360,1154,1514,0.1380942723687516
360,1159,1519,0.13811804615902065
358,1159,1517,0.13814014782481734
352,1162,1514,0.1381657183055434
354,1172,1526,0.1382054845825763
349,1169,1518,0.1382365710707715
351,1173,1524,0.13827888794811602
354,1160,1514,0.1383126645638408
354,1147,1501,0.13833681687491656
350,1146,1496,0.1383591603077921
349,1147,1496,0.1383893987532529
346,1166,1512,0.138419435416121
349,1165,1514,0.1384542287597823
343,1177,1520,0.13847889486662066
340,1167,1507,0.13851700184881047
341,1171,1512,0.13856096743045573
340,1166,1506,0.13859844225137297
338,1168,1506,0.13863638506256723
345,1159,1504,0.13867688075119491
347,1167,1514,0.13869590295970988
351,1164,1515,0.13870815187332156
351,1154,1505,0.1387090225826259
347,1157,1504,0.13871040029109022
345,1158,1503,0.13872184793168232
347,1153,1500,0.13873796629103125
344,1149,1493,0.1387474858529935
347,1147,1494,0.13876533480979997
349,1153,1502,0.1387729021296027
356,1163,1519,0.13877444168230743
348,1165,1513,0.13875756605316503
342,1180,1522,0.13876293206376597
341,1186,1527,0.1387832446538851
328,1176,1504,0.13880560569415307
327,1180,1507,0.1388587394620263
331,1181,1512,0.13890953660578675
341,1177,1518,0.1389466720116705
338,1175,1513,0.13895614499352432
336,1182,1518,0.13897245222215085
341,1171,1512,0.13899195369024725
340,1174,1514,0.13899744860918786
332,1177,1509,0.13900530362234234
331,1180,1511,0.13903339413039997
333,1183,1516,0.13906207718452848
337,1186,1523,0.13908416050429065
332,1185,1517,0.13909358625396043
329,1190,1519,0.13911594374713718
317,1186,1503,0.13914484498584875
326,1187,1513,0.1392028055073445
319,1197,1516,0.1392326566438663
321,1198,1519,0.13927939452916469
322,1197,1519,0.13931701232837546
313,1197,1510,0.13934870303391406
316,1188,1504,0.13940196586999526
312,1183,1495,0.1394429747882881
317,1182,1499,0.13949106079121396
315,1177,1492,0.1395234669735797
317,1192,1509,0.13955771792570323
313,1199,1512,0.13958539226344674
318,1198,1516,0.1396212009930938
317,1194,1511,0.13964093788455606
313,1193,1506,0.13966077660086243
316,1201,1517,0.1396896073147855
310,1208,1518,0.13970855246214298
313,1195,1508,0.13974169743197762
310,1191,1501,0.13976506050247323
307,1196,1503,0.1397950737467968
299,1206,1505,0.13983096650380614
296,1190,1486,0.13988563260789483
301,1209,1510,0.13994494422803888
305,1201,1506,0.1399873259882514
306,1189,1495,0.1400152642615421
303,1195,1498,0.140038649151348
304,1204,1508,0.14006881709586375
301,1204,1505,0.14009512641045496
293,1218,1511,0.1401270536508603
290,1230,1520,0.14017790791845708
291,1235,1526,0.14023366357700234
284,1229,1513,0.1402825146111509
283,1230,1513,0.14034818005820385
280,1240,1520,0.14041237200224116
281,1220,1501,0.14047947473670822
282,1218,1500,0.14053954267538785
274,1225,1499,0.14059320203777276
270,1223,1493,0.14066597503197165
271,1206,1477,0.14074496594233185
273,1212,1485,0.14081478331031724
279,1216,1495,0.14087465464241286
278,1215,1493,0.14091584096095164
280,1214,1494,0.1409577251037682
278,1222,1500,0.14099128390487814
275,1232,1507,0.14102708132724637
278,1233,1511,0.1410690917658215
273,1238,1511,0.14109976337289415
271,1230,1501,0.14114151252792406
275,1247,1522,0.14118644053823629
278,1237,1515,0.14121845842380565
277,1231,1508,0.14123949251755888
275,1233,1508,0.14126208200081697
278,1233,1511,0.14128974097107258
276,1239,1515,0.1413078947665396
279,1239,1518,0.14133037185675718
277,1253,1530,0.14134269685314396
276,1268,1544,0.14136115807455202
275,1267,1542,0.14138189160087722
272,1257,1529,0.14140337910230197
272,1241,1513,0.14143193990968006
273,1243,1516,0.14145960268957342
277,1247,1524,0.14148267620914845
275,1244,1519,0.14149336829969011
274,1248,1522,0.14150841609069048
275,1238,1513,0.14152536211759917
282,1248,1530,0.14153821344470188
277,1258,1535,0.14153143845406682
276,1250,1526,0.14153844827461698
278,1235,1513,0.14154736257784722
275,1235,1510,0.1415511981650214
270,1246,1516,0.14156363185977175
272,1246,1518,0.14158904251212692
266,1232,1498,0.14160728928182775
268,1230,1498,0.14163966561892413
271,1252,1523,0.14166316860866626
269,1250,1519,0.1416779665631956
272,1243,1515,0.1416978981088297
270,1251,1521,0.14170830734690018
268,1259,1527,0.1417239898996054
270,1263,1533,0.14174448943368045
264,1265,1529,0.14175825983649873
267,1253,1520,0.1417875126219192
265,1254,1519,0.14180550979975673
259,1265,1524,0.14182712047918944
262,1268,1530,0.14186394970577432
261,1250,1511,0.14188934371569842
258,1251,1509,0.14191571656599558
253,1251,1504,0.1419488975335147
253,1251,1504,0.14199338743045054
251,1254,1505,0.14203532171797315
257,1252,1509,0.14208018025534816
259,1255,1514,0.14210590165515166
255,1254,1509,0.14212463703802436
254,1257,1511,0.14215194801477576
253,1262,1515,0.14218000047508128
241,1271,1512,0.14220954835168892
244,1268,1512,0.14226840949880018
240,1275,1515,0.14231603244379526
237,1280,1517,0.14237085838104996
243,1274,1517,0.14242910943706177
238,1277,1515,0.1424683188947363
239,1273,1512,0.14251744603932753
232,1261,1493,0.14256035604402167
233,1259,1492,0.1426198181197744
234,1273,1507,0.14267329682514496
237,1272,1509,0.14272069951195615
236,1272,1508,0.14275660830902662
236,1266,1502,0.14279200279615512
239,1266,1505,0.14282536535990745
238,1268,1506,0.14284795470011022
239,1259,1498,0.1428720316437363
234,1273,1507,0.1428920293135872
236,1270,1506,0.14292473639809347
240,1266,1506,0.14295044057558012
242,1278,1520,0.14296320092454487
238,1270,1508,0.14297059522327318
239,1273,1512,0.1429888669004391
239,1272,1511,0.14300369175357008
239,1280,1519,0.14301618152177453
241,1291,1532,0.1430281444438596
240,1286,1526,0.1430336202578845
234,1286,1520,0.14304187100550209
231,1296,1527,0.14306660199568808
228,1300,1528,0.14309684230258923
225,1303,1528,0.14313394048805048
221,1303,1524,0.1431761063501139
216,1301,1517,0.1432257892503006
219,1286,1505,0.14328585510152092
222,1297,1519,0.1433331949767865
222,1306,1528,0.14336949328993998
226,1295,1521,0.14340336713082025
225,1290,1515,0.1434238296452749
217,1297,1514,0.14344649189174966
219,1301,1520,0.14348949584056825
219,1307,1526,0.14352456970591898
221,1312,1533,0.1435574668345489
222,1307,1529,0.1435827952485214
221,1309,1530,0.14360407297622682
220,1302,1522,0.14362619007939856
217,1303,1520,0.1436491451406501
216,1294,1510,0.1436785869640476
215,1286,1501,0.14370903893465414
208,1274,1482,0.14374058377526253
209,1268,1477,0.14378899636525475
214,1280,1494,0.14383200379124741
211,1290,1501,0.14385859121707675
217,1284,1501,0.14389185572051844
219,1286,1505,0.1439072268853349
211,1290,1501,0.1439161708921227
206,1300,1506,0.1439465061734629
209,1300,1509,0.1439883067907079
205,1306,1511,0.14401803689825618
202,1319,1521,0.1440581698840514
200,1317,1517,0.14410431428133103
201,1309,1510,0.14415245593825113
203,1315,1518,0.14419450611421752
202,1315,1517,0.1442282106381005
199,1326,1525,0.14426262723625582
202,1315,1517,0.14430277983044162
201,1316,1517,0.14433213996184788
199,1310,1509,0.14436199014040693
197,1320,1517,0.144395351167649
199,1315,1514,0.1444322653428179
202,1318,1520,0.1444607967284009
202,1316,1518,0.14448035529380798
202,1315,1517,0.14449907870532272
202,1317,1519,0.14451691191164556
203,1311,1514,0.14453256352518232
198,1313,1511,0.14454496841093378
197,1305,1502,0.14457033855377735
199,1307,1506,0.1445970279860491
197,1306,1503,0.14461673629208494
198,1314,1512,0.14464125419499918
200,1328,1528,0.14466127953185567
197,1321,1518,0.14467399203819062
196,1311,1507,0.1446935431110691
202,1305,1507,0.1447143046839786
200,1310,1510,0.1447174475701416
201,1318,1519,0.14472636736624167
196,1321,1517,0.1447319401672133
196,1325,1521,0.14475040146229892
194,1328,1522,0.1447680376295335
195,1327,1522,0.1447897546072162
189,1318,1507,0.14480710303677213
185,1330,1515,0.14483945067337747
180,1319,1499,0.14488011453350755
177,1326,1503,0.1449318821494526
177,1326,1503,0.1449890622437928
178,1343,1521,0.14504282820864783
176,1348,1524,0.14509037995935006
178,1345,1523,0.14514045557837296
175,1340,1515,0.14518139627359672
175,1338,1513,0.14522732727876062
178,1335,1513,0.1452699485958638
183,1337,1520,0.14530211680203808
184,1340,1524,0.14531812814924475
179,1345,1524,0.14533057402905075
181,1332,1513,0.14535639192043576
183,1329,1512,0.14537445371204916
183,1318,1501,0.1453858700646132
182,1330,1512,0.14539660673950958
177,1337,1514,0.14541020918096173
175,1334,1509,0.1454371311875232
171,1349,1520,0.14546752444678568
169,1338,1507,0.14550822790302795
169,1334,1503,0.14555167822388138
174,1344,1518,0.1455920577234699
175,1348,1523,0.1456157740173436
178,1342,1520,0.14563626478147396
175,1345,1520,0.1456464342428636
176,1348,1524,0.1456652616073307
177,1343,1520,0.14568043023301894
180,1348,1528,0.14569169355622194
178,1344,1522,0.14569387277583032
179,1339,1518,0.14570200207362122
181,1335,1516,0.14570649870529018
178,1342,1520,0.1457053879879673
174,1340,1514,0.14571320240963415
176,1345,1521,0.14573141866841913
175,1353,1528,0.14574248885057403
172,1352,1524,0.14575498838979517
168,1343,1511,0.14577552396744783
165,1351,1516,0.14580636916412817
167,1336,1503,0.14584321340385034
167,1336,1503,0.14587146320025615
168,1347,1515,0.14589715323369454
167,1341,1508,0.14591886692893952
167,1343,1510,0.1459424012043124
170,1347,1517,0.14596413788534782
171,1346,1517,0.14597570062864873
167,1343,1510,0.1459837887719454
167,1344,1511,0.14600199148876078
163,1332,1495,0.14601841335397783
164,1335,1499,0.14604484787620028
164,1335,1499,0.14606668691741073
169,1330,1499,0.1460872134899624
164,1352,1516,0.14609203259967773
168,1364,1532,0.1461103739605408
167,1356,1523,0.14611611378105716
162,1361,1523,0.14612430773825555
161,1367,1528,0.1461459668473969
165,1351,1516,0.14616922764259022
160,1356,1516,0.14617911128881336
160,1358,1518,0.14620234496003676
160,1358,1518,0.14622370988885477
156,1359,1515,0.146243505083036
158,1357,1515,0.14627304299914684
156,1351,1507,0.1462952440752005
156,1360,1516,0.14632156796978235
158,1358,1516,0.14634642586003005
158,1362,1520,0.14636399874552636
153,1363,1516,0.14637984070440685
152,1357,1509,0.1464089778888922
148,1356,1504,0.1464386213609997
151,1353,1504,0.14647684613009235
151,1370,1521,0.1465035896500788
151,1353,1504,0.14652922886819936
149,1354,1503,0.14655292441399909
151,1365,1516,0.1465810519059706
155,1355,1510,0.14660172409833355
159,1355,1514,0.14660956427799518
155,1357,1512,0.14660507732185604
152,1367,1519,0.14661245851184793
147,1361,1508,0.14662726177435284
145,1361,1506,0.14665576951286213
148,1349,1497,0.14668815587445128
145,1362,1507,0.14671010914714414
150,1363,1513,0.14673879238983584
145,1363,1508,0.14675140680921686
144,1352,1496,0.1467779197953092
141,1366,1507,0.1468056410663893
145,1356,1501,0.1468408518404791
142,1353,1495,0.1468626806473171
143,1350,1493,0.14689180558430764
143,1354,1497,0.14691525949164475
138,1341,1479,0.14693677537272132
140,1350,1490,0.14697186688098157
142,1365,1507,0.14699970339925197
143,1368,1511,0.14702057420984727
140,1365,1505,0.14703720462433606
136,1372,1508,0.14706117677780425
140,1371,1511,0.14709483585937558
142,1369,1511,0.1471148401582397
142,1362,1504,0.14712836491929443
141,1371,1512,0.1471408696368374
141,1374,1515,0.1471554426158441
141,1373,1514,0.14716899800324185
141,1375,1516,0.14718233354924626
140,1367,1507,0.14719462665521296
139,1380,1519,0.14720925515852343
141,1375,1516,0.1472261742754879
138,1373,1511,0.14723731103409343
139,1372,1511,0.14725641901665928
137,1374,1511,0.147271511597277
140,1360,1500,0.14729162682662533
141,1366,1507,0.14730191073801888
142,1362,1504,0.14730835508590034
143,1359,1502,0.14731166302108373
147,1362,1509,0.1473119792109912
140,1359,1499,0.14730082666539848
137,1373,1510,0.14731016646912581
137,1372,1509,0.14732649130851055
139,1378,1517,0.1473417489823386
138,1375,1513,0.14735022297085726
138,1380,1518,0.14736123498685622
139,1388,1527,0.14737159947280765
137,1383,1520,0.1473787653395253
141,1384,1525,0.14739133883651634
140,1398,1538,0.14739159226647983
141,1393,1534,0.1473949024288822
137,1390,1527,0.1473955138386341
138,1398,1536,0.14740695445154628
135,1384,1519,0.14741500893264678
141,1397,1538,0.1474304591197415
137,1384,1521,0.1474279983407639
136,1389,1525,0.14743754841592582
136,1381,1517,0.14744906074317934
135,1385,1520,0.14745979072274207
134,1379,1513,0.1474721933412154
134,1380,1514,0.14748709639532356
131,1388,1519,0.1475009368819939
132,1393,1525,0.1475218104576715
133,1380,1513,0.1475384368738471
133,1379,1512,0.14755076862075797
137,1386,1523,0.14756253391064048
136,1390,1526,0.1475621362648284
136,1379,1515,0.14756469392251462
134,1376,1510,0.14756712971419236
135,1372,1507,0.1475757356266029
136,1374,1510,0.14758065412995156
141,1371,1512,0.14758274100059252
139,1371,1510,0.14757066917431658
141,1375,1516,0.14756515823200117
141,1393,1534,0.1475545492414524
138,1391,1529,0.14754474654687638
138,1377,1515,0.1475434160182478
139,1377,1516,0.14754204371126617
136,1394,1530,0.14753796818580084
136,1387,1523,0.14754271642749262
134,1404,1538,0.14754757252446865
135,1409,1544,0.14755778405450992
129,1391,1520,0.1475643506437261
126,1391,1517,0.1475881725872484
123,1384,1507,0.14761842767320274
124,1379,1503,0.14765556032733967
127,1388,1515,0.1476869663889867
125,1393,1518,0.1477080418568006
126,1396,1522,0.1477339230229611
120,1397,1517,0.14775535863942874
121,1396,1517,0.14779212585138685
124,1400,1524,0.14782396110889306
121,1412,1533,0.14784535800716594
118,1398,1516,0.14787403733199084
116,1388,1504,0.14790957241501723
119,1393,1512,0.14794845675569215
118,1388,1506,0.1479763431810575
118,1396,1514,0.1480058221457316
124,1399,1523,0.14803277232234113
123,1383,1506,0.1480407906967213
125,1374,1499,0.14805121743598942
128,1374,1502,0.14805584037224062
129,1376,1505,0.1480512053692562
126,1382,1508,0.1480448111072392
124,1390,1514,0.14804774818702637
125,1397,1522,0.14805606021549764
128,1392,1520,0.14806116587089777
129,1382,1511,0.14805822107882236
128,1372,1500,0.14805280912544028
125,1384,1509,0.14805054270604137
127,1368,1495,0.1480576654310345
127,1382,1509,0.14805874989936585
128,1399,1527,0.14805930785000435
128,1401,1529,0.1480568917805347
126,1391,1517,0.1480551269928149
124,1393,1517,0.1480591223022396
122,1393,1515,0.1480688110813843
124,1395,1519,0.1480836405999292
126,1382,1508,0.1480916736326276
129,1390,1519,0.14809355787370865
128,1370,1498,0.1480860346230423
126,1372,1498,0.14808132547357297
128,1364,1492,0.1480827045928845
131,1375,1506,0.14807835760255664
129,1372,1501,0.1480662263261082
127,1381,1508,0.14806038387080064
124,1408,1532,0.1480609861960842
122,1405,1527,0.14807022586959503
118,1414,1532,0.14808443693459217
116,1419,1535,0.14810876212048352
114,1410,1524,0.14813717047938313
115,1406,1521,0.14816971402986198
115,1399,1514,0.14819734396723486
117,1388,1505,0.14822301148203146
119,1388,1507,0.14824120958816278
117,1382,1499,0.14825251292539326
119,1393,1512,0.14826847999069048
120,1398,1518,0.1482778405893476
117,1397,1514,0.14828387633432666
119,1394,1513,0.14829781732633499
120,1400,1520,0.14830525742476294
119,1406,1525,0.14830943595795673
119,1398,1517,0.14831679634661502
117,1391,1508,0.1483241186229958
118,1378,1496,0.14833637710247577
122,1385,1507,0.14834502419082732
119,1405,1524,0.14834193840186272
118,1409,1527,0.1483482047002015
115,1393,1508,0.14835708575898665
115,1392,1507,0.14837358329757233
119,1396,1515,0.14838945164151435
116,1393,1509,0.14839315046633705
112,1388,1500,0.14840507921857327
115,1387,1502,0.1484273021411823
113,1398,1511,0.14843948569698698
112,1393,1505,0.14845638254641247
111,1406,1517,0.1484745171908159
111,1388,1499,0.14849416382093034
111,1400,1511,0.14851234068670063
112,1406,1518,0.14852967785407936
113,1405,1518,0.14854324706378447
114,1398,1512,0.14855331004066263
113,1383,1496,0.1485599835786058
113,1394,1507,0.14856869129397354
112,1388,1500,0.1485770748204601
111,1391,1502,0.14858788957529181
111,1399,1510,0.14860167304311608
108,1382,1490,0.14861475138112445
105,1392,1497,0.14863564408773738
107,1397,1504,0.14866367206705566
109,1391,1500,0.14868404700571008
110,1401,1511,0.14869737808965225
110,1399,1509,0.14870668105882934
110,1404,1514,0.14871581258823532
110,1394,1504,0.14872457022843064
109,1394,1503,0.1487326625261784
110,1399,1509,0.14874332680076052
110,1405,1515,0.1487504137365938
111,1411,1522,0.1487570619163177
109,1396,1505,0.14876044921368947
110,1393,1503,0.14876944322754976
109,1408,1517,0.14877502522499889
112,1400,1512,0.14878313332735452
112,1416,1528,0.14878216579748643
110,1415,1525,0.14878084997262506
108,1414,1522,0.14878506390404195
108,1420,1528,0.14879464527036057
109,1415,1524,0.14880358195890445
107,1411,1518,0.14880878028991343
109,1395,1504,0.14881962327478773
109,1404,1513,0.14882376557593424
108,1402,1510,0.14882764625372752
111,1410,1521,0.1488343680107282
110,1417,1527,0.14883215474686207
109,1397,1506,0.14883308177667845
107,1402,1509,0.14883685172878225
107,1403,1510,0.1488460134058182
109,1411,1520,0.14885461771360767
110,1406,1516,0.14885700493145496
108,1411,1519,0.14885631896017898
108,1417,1525,0.1488613276888659
108,1417,1525,0.14886616031687688
107,1412,1519,0.14887050773204116
102,1405,1507,0.14887745672100214
105,1400,1505,0.14889787560846876
102,1395,1497,0.14890852903699725
102,1416,1518,0.14892695266451061
103,1411,1514,0.14894415694569726
105,1399,1504,0.14895744210515688
101,1403,1504,0.1489639101780109
99,1421,1520,0.14898148890476715
96,1422,1518,0.14900345358225306
97,1420,1517,0.1490323869047319
98,1417,1515,0.14905640609140008
95,1428,1523,0.14907577093705926
92,1428,1520,0.1491026735658857
92,1424,1516,0.1491362816266017
90,1410,1500,0.14916787998681993
94,1422,1516,0.14920317968421729
95,1416,1511,0.14922477612081944
98,1419,1517,0.14924211370759827
98,1408,1506,0.14924986024950815
96,1418,1514,0.1492571204185047
98,1439,1537,0.149269605804333
100,1421,1521,0.14927564654151684
102,1435,1537,0.14927553548930828
99,1424,1523,0.14927002831241468
99,1410,1509,0.14927332568228624
98,1407,1505,0.14927680198591947
99,1405,1504,0.1492829761569752
101,1419,1520,0.14928581000745808
103,1405,1508,0.1492826259342911
103,1404,1507,0.14927404136585198
101,1408,1509,0.14926604790249393
101,1424,1525,0.1492641656309858
104,1414,1518,0.14926240733829851
104,1421,1525,0.14925220958574692
100,1430,1530,0.1492428543269458
99,1431,1530,0.14924562012303974
99,1424,1523,0.1492513883561357
100,1421,1521,0.1492566218978807
101,1422,1523,0.14925855229443133
100,1416,1516,0.14925699413526083
98,1404,1502,0.1492584438574036
98,1412,1510,0.1492655706604621
99,1429,1528,0.14927231454437337
99,1421,1520,0.14927583132043065
100,1420,1520,0.1492788735839283
96,1428,1524,0.14927902874772844
98,1417,1515,0.14929054772162695
98,1416,1514,0.14929577787746212
97,1413,1510,0.14930049005569912
98,1402,1500,0.14930786559896
96,1414,1510,0.149311945272941
96,1412,1508,0.14932162367360802
99,1409,1508,0.14933075388334896
100,1415,1515,0.1493306277359766
100,1411,1511,0.1493273832525845
97,1415,1512,0.14932425977976696
97,1417,1514,0.14932998385192706
95,1424,1519,0.14933515957506568
96,1424,1520,0.14934573598389217
94,1443,1537,0.14935272150405232
91,1430,1521,0.14936512008304262
89,1429,1518,0.14938527188189382
94,1436,1530,0.1494096196522297
93,1432,1525,0.1494178240794373
92,1432,1524,0.14942859446090304
94,1434,1528,0.14944084127006219
96,1421,1517,0.14944692526486114
93,1419,1512,0.14944676696313686
96,1417,1513,0.14945532124639663
97,1422,1519,0.14945428663146168
97,1393,1490,0.14945066127113796
97,1401,1498,0.14944697243377536
98,1402,1500,0.1494438021185086
97,1396,1493,0.1494381807295774
98,1392,1490,0.14943567543368702
97,1392,1489,0.14943058261032557
93,1415,1508,0.14942860888527373
88,1407,1495,0.14943795694397527
86,1420,1506,0.14946105713089688
88,1411,1499,0.1494882801404106
89,1420,1509,0.1495077109055706
88,1427,1515,0.14952306019077927
88,1427,1515,0.14954012871762667
89,1419,1508,0.14955603444799703
90,1425,1515,0.149567941159974
89,1434,1523,0.1495759886132503
87,1429,1516,0.1495865408794428
88,1435,1523,0.14960208036770822
84,1434,1518,0.1496138304676043
84,1417,1501,0.1496365386704551
85,1418,1503,0.14965792322895324
83,1418,1501,0.14967501486450577
80,1427,1507,0.14969674074068579
82,1428,1510,0.14972599064913608
84,1429,1513,0.14974740207257434
81,1431,1512,0.14976142340859663
79,1433,1512,0.14978339682328076
80,1442,1522,0.14980972371208096
79,1446,1525,0.1498313582442944
78,1430,1508,0.1498544411144529
79,1444,1523,0.14987886533251754
77,1448,1525,0.1498986520131177
77,1432,1509,0.14992311643996328
76,1430,1506,0.14994603344438973
79,1434,1513,0.14997036590270837
80,1427,1507,0.1499842485759062
80,1432,1512,0.14999442676919827
79,1434,1513,0.1500040417563047
80,1437,1517,0.15001599459073678
81,1437,1518,0.15002428818660912
78,1439,1517,0.15002906330086396
76,1445,1521,0.15004250816716025
75,1455,1530,0.1500608768818558
74,1471,1545,0.1500809518428442
75,1457,1532,0.1501027004345719
73,1465,1538,0.15012012465691757
72,1461,1533,0.15014241291496014
72,1457,1529,0.1501663792823717
68,1463,1531,0.1501888218166232
67,1457,1524,0.15022164906968552
66,1447,1513,0.15025551241410828
65,1457,1522,0.15029012017880422
62,1462,1524,0.1503254366962506
61,1459,1520,0.15036715936969228
65,1460,1525,0.1504090053727527
68,1455,1523,0.15043633500733186
69,1457,1526,0.15045320291408337
69,1451,1520,0.1504661948331008
69,1453,1522,0.15047844503304497
68,1451,1519,0.150489973231499
69,1459,1528,0.15050399050537025
66,1458,1524,0.15051427913557386
65,1470,1535,0.15053277360593992
60,1460,1520,0.15055313574091655
56,1450,1506,0.1505867977219213
58,1448,1506,0.15062982552253731
58,1449,1507,0.1506637696453708
60,1456,1516,0.15069545955892705
61,1454,1515,0.15071944055569403
61,1458,1519,0.15073917011765958
63,1458,1521,0.15075765956092466
59,1462,1521,0.1507689795956811
61,1457,1518,0.15079155888333556
59,1454,1513,0.1508066754565052
60,1457,1517,0.1508265698748058
63,1454,1517,0.15084217658914448
67,1456,1523,0.15084787228347424
66,1444,1510,0.1508410514341562
67,1455,1522,0.1508377402355182
68,1448,1516,0.15083172323308158
70,1438,1508,0.15082319305760303
70,1446,1516,0.15080924887394617
71,1436,1507,0.15079621706489338
71,1438,1509,0.1507811370834728
76,1443,1519,0.15076698092921886
75,1447,1522,0.1507387742502686
76,1444,1520,0.15071544127424777
77,1454,1531,0.15069082757880345
74,1443,1517,0.150664996731078
74,1448,1522,0.15064981840257924
74,1449,1523,0.1506357139036586
70,1454,1524,0.1506225818260418
72,1448,1520,0.15062196128532296
72,1440,1512,0.15061547049190185
72,1434,1506,0.1506091844993771
72,1421,1493,0.15060347909684768
73,1438,1511,0.15059817127840078
75,1423,1498,0.15059043833082034
73,1416,1489,0.15057758512328276
73,1410,1483,0.15057158290933065
75,1407,1482,0.1505659493319424
74,1414,1488,0.1505544671693544
73,1422,1495,0.15054660581940463
74,1437,1511,0.15054248849276822
71,1435,1506,0.15053569115579962
73,1441,1514,0.15053817632410013
74,1436,1510,0.15053455455177317
74,1423,1497,0.15052824988872196
75,1419,1494,0.15052245544859028
75,1433,1508,0.15051412300053915
75,1430,1505,0.1505063580954138
75,1443,1518,0.15049896809106433
74,1450,1524,0.15049220421706241
74,1443,1517,0.15048867413883335
75,1429,1504,0.15048533612829032
73,1444,1517,0.1504791427234931
73,1446,1519,0.1504792298024649
74,1441,1515,0.15047907614695194
73,1440,1513,0.1504760580742272
73,1443,1516,0.15047661982874083
72,1433,1505,0.15047727965260635
72,1425,1497,0.15048090826164032
73,1438,1511,0.15048450884100897
72,1443,1515,0.15048496652022209
72,1436,1508,0.15048839412627504
71,1435,1506,0.1504915764247871
72,1433,1505,0.1504973667767644
73,1447,1520,0.15049990112612488
72,1440,1512,0.1504992696840716
69,1462,1531,0.1505016413571809
69,1465,1534,0.15051289135365659
67,1453,1520,0.15052340542499412
65,1449,1514,0.15053912394954583
64,1460,1524,0.15055975684699674
63,1462,1525,0.15058201628020815
62,1460,1522,0.15060581853881702
62,1469,1531,0.15063110795073162
58,1473,1531,0.15065482003777628
57,1469,1526,0.15068908580754908
56,1471,1527,0.1507240347038756
52,1464,1516,0.15075963810670076
56,1464,1520,0.1508046660848794
56,1450,1506,0.150834963792825
52,1455,1507,0.15086339752275987
52,1460,1512,0.15090199264193488
55,1463,1518,0.15093811774174878
53,1449,1502,0.1509631031812261
52,1468,1520,0.15099253806077528
55,1456,1511,0.15102311798419088
52,1455,1507,0.1510426567889101
52,1456,1508,0.15107016957817954
52,1470,1522,0.1510959592066467
53,1464,1517,0.1511201420686626
49,1458,1507,0.15113979311382547
50,1474,1524,0.151169905480774
49,1462,1511,0.15119522196225216
49,1472,1521,0.15122201046035377
48,1465,1513,0.15124715544372297
47,1466,1513,0.15127374311945663
49,1483,1532,0.15130168049709727
48,1476,1524,0.15132164964336706
46,1470,1516,0.15134346233889906
45,1480,1525,0.15136994284969874
45,1494,1539,0.15139791992446167
43,1491,1534,0.15142402894222956
43,1484,1527,0.15145463816171403
42,1475,1517,0.15148333834981245
41,1471,1512,0.15151321578066188
42,1473,1515,0.15154429592314078
45,1472,1517,0.1515702552071944
45,1467,1512,0.15158569819136572
44,1479,1523,0.15160001480285473
45,1474,1519,0.15161655907068566
47,1464,1511,0.15162900144928404
48,1467,1515,0.15163473839753097
48,1447,1495,0.15163719279858656
49,1448,1497,0.15163958074310396
45,1436,1481,0.15163885988268686
43,1457,1500,0.1516501630914401
43,1461,1504,0.15166678722752583
43,1465,1508,0.15168227662679426
41,1466,1507,0.15169682733378778
41,1464,1505,0.15171672586417106
41,1464,1505,0.15173544632838742
42,1484,1526,0.1517530319436566
42,1482,1524,0.15176663382147648
42,1466,1508,0.15177939084379818
40,1466,1506,0.15179157259034562
42,1469,1511,0.15180908647869715
42,1467,1509,0.15181938533365383
44,1462,1506,0.15182890091327292
41,1456,1497,0.15183179884749584
41,1464,1505,0.15184356205155575
41,1473,1514,0.15185452931606455
40,1480,1520,0.1518650180850569
41,1485,1526,0.1518778688985301
42,1479,1521,0.15188690344829264
42,1480,1522,0.15189228416593203
41,1475,1516,0.1518974446296585
41,1480,1521,0.15190544383524876
39,1479,1518,0.15191295989945564
38,1477,1515,0.15192614298425053
42,1486,1528,0.15194138803963342
42,1478,1520,0.15194358037548703
43,1464,1507,0.15194575166894586
44,1466,1510,0.15194492250976663
43,1469,1512,0.1519412897857394
45,1474,1519,0.1519408897695555
45,1475,1520,0.1519343217132518
45,1468,1513,0.1519282947320252
45,1475,1520,0.15192269293983457
45,1478,1523,0.151917495330132
46,1465,1511,0.15191265119289987
46,1467,1513,0.1519051535215201
46,1467,1513,0.1518981713484473
45,1470,1515,0.15189165785386263
45,1468,1513,0.1518885956943663
46,1474,1520,0.15188561242628404
47,1481,1528,0.1518796990537758
48,1481,1529,0.1518712372675315
48,1482,1530,0.15186033529090495
47,1476,1523,0.15185017479290885
50,1482,1532,0.15184358330116388
50,1466,1516,0.15182845190322838
49,1471,1520,0.1518143487421551
49,1471,1520,0.1518042666058127
47,1469,1516,0.1517948388085869
48,1463,1511,0.15179205024865453
49,1461,1510,0.15178632984284068
50,1458,1508,0.1517780922854697
50,1451,1501,0.1517675409907649
49,1455,1504,0.15175768590643682
50,1462,1512,0.1517514605246568
50,1460,1510,0.15174254370595183
52,1459,1511,0.15173429383666395
51,1466,1517,0.15172056244779675
54,1467,1521,0.1517106628422014
54,1458,1512,0.15169260469779475
53,1465,1518,0.1516756684128687
53,1465,1518,0.15166288502048622
51,1452,1503,0.15165091469694608
51,1464,1515,0.15164563259376784
52,1469,1521,0.15164074281432627
50,1461,1511,0.15163324509326118
49,1468,1517,0.15163232527275172
50,1461,1511,0.15163429216679775
50,1463,1513,0.15163341106024425
50,1460,1510,0.15163259704501325
48,1456,1504,0.15163159659660005
49,1463,1512,0.15163669804377805
51,1459,1510,0.15163847946375741
51,1454,1505,0.15163436907740033
50,1468,1518,0.15163069801949064
53,1464,1517,0.15163026013930647
53,1467,1520,0.1516207108050596
54,1465,1519,0.1516118234120662
51,1462,1513,0.15160055912665865
53,1466,1519,0.15159883951388808
52,1459,1511,0.15159126606452902
53,1458,1511,0.15158710697254357
53,1460,1513,0.15158028647425886
54,1460,1514,0.15157397855851534
54,1447,1501,0.15156502837897384
56,1456,1512,0.15155697852879743
56,1453,1509,0.15154360366441552
57,1463,1520,0.15153112034453425
54,1466,1520,0.1515163682949137
55,1457,1512,0.15151128652399395
57,1456,1513,0.15150357685207244
57,1451,1508,0.15149031166955018
54,1450,1504,0.15147800558503152
56,1453,1509,0.15147524055997874
57,1463,1520,0.1514668435041772
56,1467,1523,0.15145597023700846
54,1472,1526,0.15144866478846603
55,1479,1534,0.15144765124664925
56,1486,1542,0.15144350844764523
55,1481,1536,0.15143673291505103
55,1471,1526,0.1514334592973695
55,1454,1509,0.15143036900362689
54,1465,1519,0.1514274602967988
51,1458,1509,0.1514274805510527
52,1445,1497,0.15143639129933664
54,1454,1508,0.15144190284940012
50,1457,1507,0.1514412212012837
51,1472,1523,0.15145248776812084
50,1476,1526,0.1514600678259412
50,1467,1517,0.15147010392089796
53,1469,1522,0.15147961997045137
52,1469,1521,0.1514796307807021
53,1464,1517,0.15148272064986124
54,1465,1519,0.1514826829269655
54,1463,1517,0.15147956125355172
54,1462,1516,0.15147658490218985
54,1461,1515,0.151473882134376
55,1462,1517,0.15147118676918697
57,1462,1519,0.15146549142853896
56,1453,1509,0.1514543275040897
56,1451,1507,0.15144689130611869
53,1441,1494,0.15143993840925238
55,1466,1521,0.15144208939703194
55,1455,1510,0.15143833492577866
54,1464,1518,0.15143483738772637
54,1448,1502,0.1514345102911394
53,1451,1504,0.15143388520678724
53,1447,1500,0.15143639591214508
55,1447,1502,0.1514388454696509
55,1458,1513,0.15143498402314823
56,1462,1518,0.15143135694212023
57,1470,1527,0.15142502314102366
56,1462,1518,0.15141650862786957
59,1466,1525,0.15141139823458258
56,1446,1502,0.15139792898249574
54,1443,1497,0.1513943960146049
55,1448,1503,0.15139686535632751
55,1446,1501,0.1513963175882338
59,1445,1504,0.1513958099181328
57,1449,1506,0.15138333947095187
58,1450,1508,0.15137745455133153
58,1454,1512,0.15136930666657192
59,1450,1509,0.15136189071656614
62,1463,1525,0.15135202706974618
61,1464,1525,0.15133430703608408
61,1465,1526,0.15132071300468755
61,1477,1538,0.1513080844057807
60,1471,1531,0.1512962228077778
60,1468,1528,0.1512882997117779
59,1474,1533,0.1512809109381675
59,1459,1518,0.15127698794911534
62,1466,1528,0.1512732910278894
63,1459,1522,0.15126057332363552
62,1460,1522,0.1512461160203777
63,1459,1522,0.15123561141698416
61,1469,1530,0.15122289321074223
60,1462,1522,0.1512167878314146
60,1465,1525,0.15121399421524295
64,1469,1533,0.15121129793854723
65,1458,1523,0.15119709409864243
61,1449,1510,0.15118092478525066
60,1452,1512,0.15117735426381285
60,1454,1514,0.15117685026388955
60,1443,1503,0.15117612131349062
61,1446,1507,0.1511756245438809
62,1444,1506,0.1511720260622222
63,1446,1509,0.15116527930506796
62,1446,1508,0.1511559667927739
61,1443,1504,0.1511503209971687
63,1437,1500,0.15114788008628685
64,1431,1495,0.15113971298389253
65,1442,1507,0.15112910856113942
66,1439,1505,0.15111625723874997
67,1434,1501,0.15110127100532567
67,1438,1505,0.15108430094316364
67,1449,1516,0.15106835102544774
67,1455,1522,0.15105327882442757
68,1461,1529,0.15103919048605313
66,1461,1527,0.1510230611997914
64,1454,1518,0.15101409721457318
64,1455,1519,0.1510115471229054
62,1440,1502,0.1510092339452306
61,1445,1506,0.15101263972959664
61,1435,1496,0.15101857727898602
64,1443,1507,0.15102421575970376
62,1442,1504,0.1510205692108336
61,1459,1520,0.15102330467630673
63,1447,1510,0.15102873746362863
63,1467,1530,0.15102811832720733
61,1462,1523,0.15102760397860432
62,1452,1514,0.1510331302893516
61,1455,1516,0.1510353165465084
62,1462,1524,0.15104037954880173
62,1461,1523,0.15104199300985427
62,1465,1527,0.15104343576339327
65,1454,1519,0.15104477854171303
63,1460,1523,0.1510370854586949
61,1450,1511,0.15103604634088852
63,1446,1509,0.1510410951346568
61,1460,1521,0.1510397391115735
61,1463,1524,0.1510441920858052
63,1454,1517,0.15104848093320858
61,1462,1523,0.15104656789196336
61,1464,1525,0.15105053767114182
60,1452,1512,0.15105418963273004
61,1461,1522,0.1510605680603353
63,1436,1499,0.15106358514070656
61,1449,1510,0.15106073025048938
63,1450,1513,0.15106384390840052
64,1447,1511,0.15106100782337917
63,1447,1510,0.15105551251116314
61,1463,1524,0.1510534521123748
61,1459,1520,0.15105699396800965
60,1462,1522,0.15106042190792915
60,1442,1502,0.1510665339505847
60,1447,1507,0.15107221118446748
60,1449,1509,0.15107749547794713
59,1447,1506,0.15108233807457502
58,1437,1495,0.1510897129258092
58,1457,1515,0.1510992762463908
58,1460,1518,0.15110816332915558
58,1443,1501,0.15111647037588308
60,1436,1496,0.15112444759588195
59,1443,1502,0.15112583592423678
61,1455,1516,0.1511297944896871
61,1449,1510,0.1511275825620852
59,1455,1514,0.15112559856348276
58,1459,1517,0.1511294941686371
58,1460,1518,0.15113640977560688
58,1457,1515,0.15114255818792122
59,1447,1506,0.15114825600241352
57,1448,1505,0.15115079944607526
55,1449,1504,0.1511590763622857
51,1453,1504,0.15117269432054314
50,1468,1518,0.1511968016548021
49,1470,1519,0.15122232537844327
49,1449,1498,0.1512492454751884
46,1466,1512,0.1512746340092001
46,1455,1501,0.15130715674238512
51,1472,1523,0.1513375488280819
51,1461,1512,0.15135068592759654
49,1460,1509,0.1513630479191737
50,1445,1495,0.1513804922123138
50,1457,1507,0.15139387069069044
49,1461,1510,0.15140633536032022
49,1454,1503,0.15142095933577807
50,1458,1508,0.151434645758492
49,1470,1519,0.15144444613441524
51,1480,1531,0.15145686139827735
51,1462,1513,0.15146256190346463
50,1469,1519,0.1514677750769177
50,1471,1521,0.15147565851461106
49,1462,1511,0.15148304518740482
49,1477,1526,0.15149303891855784
49,1474,1523,0.15150242355061924
49,1465,1514,0.151511342585722
47,1475,1522,0.15151972931244642
46,1476,1522,0.15153372975319607
47,1478,1525,0.15154972671414899
45,1473,1518,0.15156166150370262
46,1482,1528,0.1515786949346494
44,1469,1513,0.151591710327297
44,1471,1515,0.1516100491160846
43,1472,1515,0.15162721994778497
43,1486,1529,0.15164608837013588
42,1475,1517,0.15166389641797556
41,1479,1520,0.1516835248858963
40,1486,1526,0.15170493440861021
40,1469,1509,0.15172786740534996
42,1473,1515,0.15174932402266092
41,1476,1517,0.15176344558631225
40,1478,1518,0.15177983183914498
39,1477,1516,0.15179816531336404
40,1481,1521,0.15181830963598034
38,1484,1522,0.1518341191317543
38,1481,1519,0.1518549755464617
40,1477,1517,0.15187442394520623
41,1475,1516,0.1518867359830022
41,1485,1526,0.15189527538135061
40,1482,1522,0.15190333245726081
39,1478,1517,0.15191392312758092
40,1478,1518,0.15192697004168762
42,1478,1520,0.15193608600810268
41,1488,1529,0.15193855996346628
40,1479,1519,0.1519440417228347
40,1483,1523,0.1519522407042478
41,1489,1530,0.15196007913018403
40,1495,1535,0.15196443204101837
40,1481,1521,0.1519715362600899
38,1483,1521,0.15197819984988103
39,1494,1533,0.15199043708847337
36,1483,1519,0.15199878707127362
34,1498,1532,0.15201580099783993
32,1503,1535,0.15203776165313648
32,1503,1535,0.1520643196969892
32,1496,1528,0.1520890608809249
33,1495,1528,0.15211221934270666
32,1495,1527,0.15213089119688936
33,1500,1533,0.1521514644622697
32,1497,1529,0.15216770106401667
33,1487,1520,0.15218609281839274
34,1487,1521,0.15220031646023205
33,1482,1515,0.1522106809509985
32,1490,1522,0.15222358634456934
33,1486,1519,0.15223876531023503
33,1487,1520,0.15224999074625026
32,1477,1509,0.15226054518870277
34,1487,1521,0.15227358594103937
32,1488,1520,0.15227967537007936
33,1492,1525,0.15229165679448506
30,1474,1504,0.15229979359784374
29,1480,1509,0.15231670011718776
28,1492,1520,0.15233565518455086
27,1505,1532,0.1523564416123512
27,1497,1524,0.1523789817725481
28,1485,1513,0.15240011471864798
29,1484,1513,0.1524168043826073
29,1495,1524,0.15242940577668493
27,1483,1510,0.15244125936411654
27,1481,1508,0.15245864030037037
27,1488,1515,0.15247495411797657
28,1477,1505,0.15249026639911598
28,1469,1497,0.1525015982963171
28,1473,1501,0.1525121337284615
28,1474,1502,0.1525220198533789
30,1488,1518,0.15253129978636026
29,1477,1506,0.1525337171834976
31,1465,1496,0.1525391513325052
33,1482,1515,0.1525380919586007
33,1480,1513,0.15253096482353226
33,1475,1508,0.15252435427955396
32,1483,1515,0.1525182034514084
32,1485,1517,0.15251554426176828
31,1475,1506,0.15251307097462785
30,1482,1512,0.15251372259021548
28,1490,1518,0.15251740273827136
28,1484,1512,0.15252707204536983
28,1489,1517,0.15253592033969446
27,1503,1530,0.15254419966626748
28,1493,1521,0.15255509687032134
29,1483,1512,0.1525623120996482
28,1478,1506,0.15256593338583557
28,1487,1515,0.1525725539526154
30,1487,1517,0.1525787705281355
29,1503,1532,0.15257853511644517
29,1499,1528,0.1525815237091123
30,1504,1534,0.1525843665033765
28,1505,1533,0.15258404495020889
28,1497,1525,0.15258980670583738
28,1497,1525,0.15259519924637188
28,1495,1523,0.1526002603031837
27,1493,1520,0.15260511402739105
27,1479,1506,0.15261268496203603
26,1482,1508,0.15261977317129535
25,1479,1504,0.15262959444054414
25,1495,1520,0.15264193933223488
25,1485,1510,0.15265350645335296
26,1494,1520,0.1526642098858628
26,1496,1522,0.1526711792199904
26,1477,1503,0.1526776480302235
25,1488,1513,0.15268374207091678
26,1476,1502,0.1526924654904472
28,1483,1511,0.15269763578588905
26,1486,1512,0.152696475553608
23,1478,1501,0.15270169740683687
23,1471,1494,0.15271600667418078
25,1479,1504,0.1527293350861977
24,1477,1501,0.15273577198822375
25,1489,1514,0.1527448849909409
23,1492,1515,0.15275051732771874
24,1487,1511,0.15276200223163688
25,1482,1507,0.1527698149767955
26,1480,1506,0.15277412496086012
26,1475,1501,0.15277511197228613
27,1474,1501,0.15277609324115124
27,1465,1492,0.15277395408147895
26,1476,1502,0.15277199299472138
28,1481,1509,0.15277322972147725
28,1488,1516,0.15276827557375722
28,1482,1510,0.15276368776177585
28,1468,1496,0.15275942054546457
28,1475,1503,0.15275537365641287
29,1463,1492,0.15275159966922686
30,1465,1495,0.1527449886165433
29,1458,1487,0.15273580997600525
28,1463,1491,0.15273025208527147
27,1472,1499,0.15272810533673198
31,1475,1506,0.15272908798279283
31,1483,1514,0.15271773417295204
31,1480,1511,0.1527070224166879
30,1486,1516,0.1526970668567976
30,1480,1510,0.1526907105587919
29,1493,1522,0.15268472324452595
28,1504,1532,0.1526821365870249
27,1494,1521,0.1526828511404874
26,1478,1504,0.1526866920438007
26,1478,1504,0.15269316178450956
28,1484,1512,0.1526991142133042
30,1473,1503,0.15269870145393902
29,1489,1518,0.15269222626992815
30,1492,1522,0.15268918563650818
29,1482,1511,0.1526833816830667
30,1474,1504,0.1526808493470611
29,1468,1497,0.1526755319164846
29,1479,1508,0.1526735138033452
31,1483,1514,0.15267160727723514
30,1481,1511,0.15266358837543278
31,1473,1504,0.1526592692923387
30,1461,1491,0.1526522368844688
30,1476,1506,0.15264869629657182
29,1465,1494,0.15264536759479277
29,1471,1500,0.15264522381640788
30,1476,1506,0.15264506055772523
30,1470,1500,0.15264193765334982
28,1477,1505,0.15263903039183607
28,1487,1515,0.15264248821354517
27,1487,1514,0.1526457098344302
25,1486,1511,0.1526516660545973
25,1493,1518,0.1526632998757414
24,1483,1507,0.1526741460189838
24,1491,1515,0.1526872641026863
25,1488,1513,0.15269952040954027
25,1498,1523,0.1527080082757279
26,1490,1516,0.1527159366445493
23,1504,1527,0.15272042107934256
22,1502,1524,0.1527338346649966
25,1497,1522,0.15274940639109993
23,1504,1527,0.15275478552486604
23,1503,1526,0.15276592983437842
25,1511,1536,0.1527762772929847
24,1506,1530,0.152779971890658
24,1501,1525,0.15278651662736548
26,1499,1525,0.15279243392517308
25,1495,1520,0.15279187234605274
24,1507,1531,0.15279455700009112
25,1509,1534,0.1528001385401347
25,1509,1534,0.15280225464338684
26,1494,1520,0.1528042516535413
25,1478,1503,0.1528032725028054
23,1489,1512,0.15280551205375092
23,1494,1517,0.1528136341338491
23,1496,1519,0.15282125827883933
23,1490,1513,0.15282838789685596
23,1499,1522,0.15283506988791187
23,1483,1506,0.15284133692004864
23,1493,1516,0.15284721749349064
23,1492,1515,0.15285273721806336
23,1489,1512,0.1528579194282328
22,1502,1524,0.152862785583141
21,1500,1521,0.1528703994833246
21,1499,1520,0.15288072266316266
20,1501,1521,0.15289039419416092
19,1503,1522,0.1529025557613711
19,1512,1531,0.152916942517477
19,1512,1531,0.15293042033985077
19,1499,1518,0.15294305571967634
20,1505,1525,0.15295490931735523
21,1504,1525,0.15296296276431115
19,1506,1525,0.1529675458844088
17,1508,1525,0.15297798905995727
17,1503,1520,0.15299394692196241
17,1509,1526,0.1530088857870265
16,1507,1523,0.15302289127910773
16,1499,1515,0.1530391334436484
16,1491,1507,0.15305436248907017
16,1489,1505,0.15306865253523086
15,1492,1507,0.15308206679506528
16,1492,1508,0.15309771538301015
16,1494,1510,0.15310933132428325
17,1489,1506,0.15312025623256947
17,1493,1510,0.15312731656320341
17,1488,1505,0.15313396723669
18,1483,1501,0.15314022284507137
18,1492,1510,0.15314299369844883
16,1497,1513,0.15314562395561418
15,1483,1498,0.15315452311643313
15,1490,1505,0.1531659434826925
15,1488,1503,0.1531766507786289
15,1503,1518,0.1531867032140762
14,1509,1523,0.153196137014674
15,1525,1540,0.15320805271953702
16,1511,1527,0.15321612034633375
16,1514,1530,0.15322055504397597
16,1514,1530,0.15322473797856248
17,1507,1524,0.15322867952408134
17,1503,1520,0.15322927488147425
17,1494,1511,0.15322986480178544
17,1499,1516,0.15323043491522093
17,1509,1526,0.15323098102241126
18,1509,1527,0.15323150154488044
17,1499,1516,0.153228890787192
18,1501,1519,0.15322966890062292
18,1485,1503,0.15322731361046085
20,1490,1510,0.1532250873609258
20,1488,1508,0.1532168263085703
19,1498,1517,0.15320913852084936
18,1501,1519,0.15320505882435018
16,1506,1522,0.15320444883692919
16,1497,1513,0.15321010127491913
15,1491,1506,0.1532153792092668
14,1492,1506,0.15322346921409138
14,1497,1511,0.15323412562671768
14,1493,1507,0.1532441075178376
14,1480,1494,0.15325346740456142
16,1497,1513,0.15326224959554977
16,1505,1521,0.15326425038863276
16,1509,1525,0.15326608629880348
16,1492,1508,0.15326780355830225
15,1492,1507,0.1532694209189677
15,1512,1527,0.15327402751993596
15,1508,1523,0.1532783415703515
16,1508,1524,0.15328238726392007
16,1507,1523,0.15328306232815017
15,1506,1521,0.15328371791346693
15,1506,1521,0.1532874465485744
15,1513,1528,0.15329094376109126
15,1519,1534,0.1532942249677465
14,1510,1524,0.15329730473704917
14,1493,1507,0.15330332166159574
14,1507,1521,0.15330895578481477
14,1506,1520,0.15331423890433274
13,1501,1514,0.1533191962111572
13,1502,1515,0.15332691329608228
11,1501,1512,0.15333415138576403
11,1503,1514,0.15334717914143126
11,1510,1521,0.1533593820043715
12,1506,1518,0.15337082879241937
13,1493,1506,0.15337845109089682
12,1502,1514,0.153382463365319
12,1507,1519,0.15338935859490221
11,1500,1511,0.15339581504920252
10,1495,1505,0.15340499130575927
10,1497,1507,0.15341671782855973
10,1492,1502,0.1534277341732184
10,1492,1502,0.15343807791185046
10,1498,1508,0.1534477919623814
10,1493,1503,0.15345691645952822
10,1494,1504,0.1534654886047362
9,1500,1509,0.15347354291689816
9,1508,1517,0.1534842429339653
9,1509,1518,0.15349430380283846
8,1506,1514,0.15350375564920035
8,1507,1515,0.15351579201401155
8,1499,1507,0.15352710022828947
8,1515,1523,0.15353772674124916
8,1510,1518,0.15354771374912662
8,1516,1524,0.15355710078463156
8,1506,1514,0.15356592462988922
8,1509,1517,0.15357421953840975
8,1509,1517,0.153582017501022
8,1511,1519,0.15358934846840092
7,1517,1524,0.15359624052672644
6,1517,1523,0.15360590922870768
6,1502,1508,0.15361820678476243
6,1510,1516,0.15362976358741764
6,1508,1514,0.15364062583161078
6,1504,1510,0.1536508364935434
7,1518,1525,0.1536604354416352
7,1512,1519,0.1536662602411697
7,1508,1515,0.15367174932355054
9,1514,1523,0.15367691470835898
8,1522,1530,0.1536753943446322
6,1520,1526,0.15367717339079684
6,1517,1523,0.15368526414586778
6,1505,1511,0.15369287904655354
6,1506,1512,0.1537000381413001
6,1502,1508,0.15370677012781456
6,1493,1499,0.15371310169534133
6,1491,1497,0.15371905723174792
7,1496,1503,0.15372465924244408
7,1503,1510,0.15372673551312377
6,1505,1511,0.15372870525772916
6,1497,1503,0.15373374544790644
7,1499,1506,0.15373847496609966
7,1505,1512,0.15373973571333513
7,1512,1519,0.15374093557948912
8,1507,1515,0.15374206942755894
7,1513,1520,0.1537399499840529
8,1514,1522,0.15374115907450736
8,1512,1520,0.1537391391085745
8,1511,1519,0.15373724845948092
6,1503,1509,0.15373548001066373
7,1515,1522,0.15374019439001774
7,1496,1503,0.15374140979476622
7,1492,1499,0.15374255830408873
7,1497,1504,0.1537436390505976
7,1515,1522,0.15374465522633035
8,1518,1526,0.1537456103904339
8,1528,1536,0.15374336168538508
8,1520,1528,0.153741256243126
9,1506,1515,0.1537392837543218
11,1508,1519,0.15373426681157765
9,1517,1526,0.1537233020413268
10,1520,1530,0.15371933341271737
11,1523,1534,0.15371242531415796
10,1520,1530,0.15370284637000337
10,1509,1519,0.15369701904140037
9,1514,1523,0.15369154075033326
9,1514,1523,0.1536895152846915
9,1518,1527,0.15368759694575126
8,1505,1513,0.15368582144532955
9,1512,1521,0.15368727284665074
9,1513,1522,0.15368551416254742
9,1510,1519,0.15368378675832772
10,1501,1511,0.1536821694211975
10,1500,1510,0.15367753284368288
10,1499,1509,0.15367318923455625
10,1508,1518,0.1536691174138068
10,1505,1515,0.15366529720705147
10,1510,1520,0.15366171112185603
10,1492,1502,0.15365834356171468
11,1502,1513,0.1536551803815996
11,1498,1509,0.1536491235483419
11,1509,1520,0.1536434548769309
11,1502,1513,0.1536381408698065
11,1502,1513,0.15363315518530207
11,1510,1521,0.15362847531080187
11,1509,1520,0.15362408110434095
11,1511,1522,0.1536199541853448
10,1512,1522,0.1536160776165497
10,1509,1519,0.15361560329112717
9,1509,1518,0.15361514934406223
8,1531,1539,0.1536178110432301
8,1526,1534,0.15362349310009904
8,1524,1532,0.15362881722812394
7,1522,1529,0.15363381131587525
7,1508,1515,0.15364168434108794
7,1496,1503,0.1536490735802655
7,1504,1511,0.1536560128622188
7,1512,1519,0.15366253139811664
7,1503,1510,0.15366865593862905
7,1516,1523,0.15367441116947064
7,1517,1524,0.15367981995095265
7,1507,1514,0.1536849035335312
7,1500,1507,0.15368968173761277
7,1505,1512,0.1536941730960582
7,1512,1519,0.1536983949673092
7,1519,1526,0.1537023636277896
7,1516,1523,0.15370609435010352
7,1509,1516,0.15370960147135249
7,1523,1530,0.15371289845429906
7,1530,1537,0.15371599794307125
7,1528,1535,0.15371891181447286
6,1521,1527,0.1537216512255899
6,1527,1533,0.15372737496907618
6,1516,1522,0.15373274469478695
6,1515,1521,0.1537377868982329
5,1514,1519,0.15374252339316402
5,1505,1510,0.15375011688706228
5,1501,1506,0.15375724194708773
5,1511,1516,0.15376393431411858
5,1502,1507,0.15377022243716143
5,1500,1505,0.15377613191510792
5,1510,1515,0.15378168629985062
5,1502,1507,0.15378690745632081
5,1499,1504,0.15379181576606699
5,1497,1502,0.15379643026884185
5,1504,1509,0.1538007687758795
5,1519,1524,0.1538048479665903
5,1506,1511,0.15380868347331703
5,1525,1530,0.15381228995662366
5,1522,1527,0.15381568117281513
6,1509,1515,0.15381887003498879
6,1507,1513,0.1538187153882761
6,1507,1513,0.1538185800638174
5,1520,1525,0.1538184603534042
5,1517,1522,0.15382152998597845
5,1508,1513,0.15382440514102258
5,1511,1516,0.15382710442732214
4,1513,1517,0.15382964017608863
3,1512,1515,0.1538351521599995
4,1520,1524,0.1538434739564857
4,1499,1503,0.15384814240178676
4,1504,1508,0.1538525317617142
4,1503,1507,0.15385665917809893
5,1508,1513,0.1538605401329524
5,1504,1509,0.15386101655885479
5,1514,1519,0.15386146942715778
5,1514,1519,0.15386190030803587
5,1515,1520,0.15386230892992117
4,1519,1523,0.15386269565963656
4,1516,1520,0.15386620817830074
3,1512,1515,0.15386951104738006
3,1510,1513,0.15387578935411608
3,1511,1514,0.15388170042499627
3,1507,1510,0.15388725823114288
4,1509,1513,0.15389248379641562
4,1497,1501,0.15389421942747078
4,1503,1507,0.15389585550454082
5,1496,1501,0.15389739788420168
5,1516,1521,0.15389567299360785
4,1500,1504,0.15389405784487153
5,1505,1510,0.1538957104584513
4,1511,1515,0.15389409995713085
4,1511,1515,0.15389576678327002
4,1511,1515,0.15389732692646807
4,1513,1517,0.15389879160088565
3,1520,1523,0.1539001673975267
3,1524,1527,0.15390461472274758
3,1510,1513,0.1539087967831313
3,1517,1520,0.15391272649286591
3,1516,1519,0.15391641989284632
3,1508,1511,0.1539198917068657
3,1512,1515,0.1539231555737772
3,1508,1511,0.1539262242042913
3,1501,1504,0.15392910947440414
3,1500,1503,0.15393182249336815
3,1501,1504,0.1539343736618821
3,1506,1509,0.15393677272462633
3,1500,1503,0.15393902881793994
3,1514,1517,0.1539411505129592
3,1502,1505,0.15394314585463337
3,1501,1504,0.15394502239711436
3,1517,1520,0.15394678723600796
3,1529,1532,0.15394844703791966
3,1512,1515,0.15395000806765557
4,1521,1525,0.15395147621337413
4,1509,1513,0.15394966103072383
4,1520,1524,0.15394796524328241
4,1525,1529,0.15394637492781008
2,1517,1519,0.15394488221935426
2,1511,1513,0.15394983077076285
2,1510,1512,0.1539544976398303
2,1509,1511,0.15395888650534365
2,1515,1517,0.15396301341272664
2,1522,1524,0.15396689405082883
2,1512,1514,0.1539705432600742
2,1512,1514,0.15397397499938015
2,1509,1511,0.15397720236905602
2,1509,1511,0.1539802376530487
2,1514,1516,0.15398309236954932
2,1509,1511,0.1539857773228571
2,1524,1526,0.15398830265277375
2,1515,1517,0.15399067788014864
2,1514,1516,0.1539929119484014
2,1511,1513,0.15399501326134565
2,1509,1511,0.15399698971776826
2,1517,1519,0.1539988487432049
2,1520,1522,0.15400059731928764
1,1513,1514,0.1540022420109688
1,1509,1510,0.15400700332184847
1,1505,1506,0.15401148184226093
1,1506,1507,0.15401569520888783
1,1510,1511,0.1540196587716087
1,1503,1504,0.15402338725040263
1,1501,1502,0.15402689458672245
1,1523,1524,0.15403019391300468
1,1519,1520,0.15403329757226344
1,1526,1527,0.15403621716123528
1,1521,1522,0.15403896357937413
1,1518,1519,0.15404154707571593
1,1516,1517,0.15404397729142488
1,1517,1518,0.15404626329812193
1,1516,1517,0.15404841363268743
1,1523,1524,0.15405043632921792
1,1521,1522,0.15405233894865603
1,1528,1529,0.1540541286064596
1,1520,1521,0.15405581199856144
1,1519,1520,0.15405739542579477
1,1515,1516,0.15405888481691143
1,1513,1514,0.15406028575029124
1,1521,1522,0.15406160347442194
1,1526,1527,0.1540628429272186
1,1517,1518,0.15406400875424567
1,1510,1511,0.15406510532589862
1,1517,1518,0.15406613675360045
1,1510,1511,0.15406710690506534
1,1509,1510,0.15406801941867834
1,1511,1512,0.15406887771704092
1,1510,1511,0.15406968501972595
1,1504,1505,0.15407044435528777
1,1508,1509,0.15407115857256828
1,1511,1512,0.1540718303513388
1,1522,1523,0.1540724622123165
1,1515,1516,0.15407305652658973
1,1522,1523,0.15407361552448862
1,1530,1531,0.15407414130393068
1,1525,1526,0.1540746358382741
1,1530,1531,0.1540751009837056
1,1522,1523,0.15407553848619243
1,1526,1527,0.15407594998802143
1,1527,1528,0.15407633703395163
1,1519,1520,0.1540767010770022
1,1524,1525,0.15407704348389692
1,1514,1515,0.1540773655401865
1,1519,1520,0.15407766845506704
1,1521,1522,0.15407795336591223
1,1522,1523,0.1540782213425375
1,1523,1524,0.15407847339121092
1,1517,1518,0.15407871045842583
1,1520,1521,0.1540789334344503
2,1515,1517,0.15407914315666532
2,1509,1511,0.154076102081248
2,1506,1508,0.15407325032418037
2,1519,1521,0.15407056969102167
2,1522,1524,0.15406804930189144
2,1516,1518,0.15406567933226203
2,1517,1519,0.15406345064650065
2,1524,1526,0.15406135470521948
2,1520,1522,0.1540593835172867
2,1520,1522,0.1540575295989038
1,1531,1532,0.15405578593512978
1,1532,1533,0.15405736499328562
1,1524,1525,0.15405885040942707
1,1519,1520,0.15406024841570448
1,1516,1517,0.1540615637263797
1,1502,1503,0.15406280109021447
1,1505,1506,0.15406396508795628
1,1509,1510,0.15406506007140153
1,1511,1512,0.15406609014397354
1,1512,1513,0.1540670591626065
1,1517,1518,0.15406797074960335
1,1518,1519,0.15406882830762164
1,1509,1510,0.15406963503461182
1,1503,1504,0.1540703939376094
2,1531,1533,0.1540711078451934
2,1517,1519,0.15406854892020333
2,1532,1534,0.15406614686882483
2,1526,1528,0.15406388861759754
2,1524,1526,0.15406176535720784
2,1520,1522,0.15405976886436606
2,1503,1505,0.15405789144228849
2,1515,1517,0.15405612588442108
2,1509,1511,0.15405446544544182
2,1507,1509,0.15405290381017664
2,1501,1503,0.15405143506162372
2,1503,1505,0.15405005365075486
2,1519,1521,0.15404875436929977
2,1514,1516,0.1540475323255919
2,1511,1513,0.15404638292308892
2,1534,1536,0.15404530184109444
2,1521,1523,0.15404428501726675
2,1518,1520,0.15404332863159098
2,1523,1525,0.15404242909157506
2,1514,1516,0.15404158301849505
2,1510,1512,0.15404078723455994
2,1513,1515,0.15404003875090033
2,1518,1520,0.1540393347563056
2,1518,1520,0.1540386726066493
2,1515,1517,0.15403804981495303
2,1512,1514,0.15403746404204519
1,1519,1520,0.15403691308777717
1,1530,1531,0.15403962140403288
1,1501,1502,0.15404216439710855
1,1509,1510,0.15404455623440175
1,1518,1519,0.15404680607656007
1,1526,1527,0.15404892237413348
1,1525,1526,0.15405091307666183
1,1518,1519,0.15405278566547473
1,1521,1522,0.15405454717134426
1,1514,1515,0.15405620419742524
1,1512,1513,0.1540577629458605
1,1512,1513,0.15405922924447776
1,1530,1531,0.1540606085717654
1,1524,1525,0.1540619060796506
1,1519,1520,0.15406312661419666
1,1527,1528,0.1540642747345073
1,1511,1512,0.15406535473012212
1,1516,1517,0.1540663706371397
1,1521,1522,0.15406732625324346
1,1525,1526,0.15406822515176377
1,1529,1530,0.15406907069487344
1,1526,1527,0.15406986604599315
1,1530,1531,0.15407061418146528
1,1520,1521,0.15407131790154768
1,1505,1506,0.15407197984076806
1,1509,1510,0.1540726024776789
1,1509,1510,0.1540731881440458
1,1511,1512,0.15407373903350244
0,1514,1514,0.15407425720970186
