1366,31,1397,0.13584044189023967
1383,34,1417,0.13302395820842708
1411,37,1448,0.1304059370031995
1417,37,1454,0.1279412002877011
1442,37,1479,0.12567754044636334
1446,37,1483,0.12354792295208851
1454,39,1493,0.12159693510576326
1441,42,1483,0.11979939193885823
1438,43,1481,0.11819453520379683
1442,43,1485,0.11673921341286288
1444,45,1489,0.11540339231223992
1448,44,1492,0.11418114408556537
1444,45,1489,0.11305769186386243
1459,47,1506,0.11204340394293333
1461,47,1508,0.11108384153522646
1453,46,1499,0.1102051964096033
1460,48,1508,0.1094233004815747
1459,47,1506,0.10869491188724936
1448,48,1496,0.10803369015149218
1435,46,1481,0.10745576319945414
1448,48,1496,0.10695883610482922
1436,48,1484,0.10647700155115515
1432,49,1481,0.10606500580956851
1445,51,1496,0.10569865928531509
1432,53,1485,0.10533632480823851
1435,53,1488,0.10503470476364203
1434,56,1490,0.10475338155407027
1430,58,1488,0.1044995733030032
1426,59,1485,0.10427681566000097
1416,59,1475,0.10408253165067119
1425,60,1485,0.10392731257383424
1424,59,1483,0.1037661610413722
1427,60,1487,0.10362103093901467
1435,61,1496,0.10348173704963465
1435,59,1494,0.10333763813553264
1434,58,1492,0.10320599574586778
1424,59,1483,0.10308850785754711
1433,58,1491,0.10300322591777114
1422,59,1481,0.1029060249596806
1416,62,1478,0.10284138200207636
1419,63,1482,0.1027956805519377
1418,67,1485,0.1027475046903346
1413,70,1483,0.10270552414883134
1422,70,1492,0.10267815733967786
1417,70,1487,0.10263349950328134
1430,72,1502,0.10260380785210961
1422,70,1492,0.10254869106321099
1418,70,1488,0.10251575469217186
1413,75,1488,0.10249458979322443
1412,75,1487,0.10248615749964862
1427,72,1499,0.10248083773636153
1429,75,1504,0.10244325482049103
1430,69,1499,0.10240484363714111
1418,70,1488,0.10236758217750459
1409,71,1480,0.1023591017680914
1416,70,1486,0.10237100003908157
1416,71,1487,0.10236685541841638
1412,72,1484,0.10236330023156473
1422,69,1491,0.10236878811801713
1428,69,1497,0.10235234370488466
1435,69,1504,0.10232440790672084
1430,69,1499,0.10228392087242294
1421,68,1489,0.10225741611569292
1426,65,1491,0.10225257989527674
1424,64,1488,0.10223751265948923
1439,65,1504,0.10222809970314174
1426,67,1493,0.10218691213749728
1428,67,1495,0.10217744660225105
1419,69,1488,0.10216459153587222
1418,71,1489,0.10217209497392352
1407,72,1479,0.10218118212068582
1425,74,1499,0.10221358057960042
1423,74,1497,0.10220458812010166
1418,74,1492,0.1022005317722498
1416,76,1492,0.10220767554921853
1424,77,1501,0.10221855945438092
1421,80,1501,0.10221145215464138
1420,80,1500,0.10221137222945341
1419,82,1501,0.10221330089941918
1402,87,1489,0.10221744627965366
1417,89,1506,0.10225778884883314
1417,85,1502,0.10226310603605406
1435,84,1519,0.10226792316472368
1425,86,1511,0.10223344942655953
1403,84,1487,0.10222306692670297
1406,86,1492,0.10226044531537422
1408,86,1494,0.10228857977063313
1413,85,1498,0.10231002069883821
1427,83,1510,0.10231866319300725
1420,81,1501,0.10229655251896627
1415,82,1497,0.10229172125660962
1402,80,1482,0.10229825322815021
1401,79,1480,0.10233239097636794
1406,80,1486,0.10236612754224009
1408,77,1485,0.10238595512795412
1397,77,1474,0.10239921707167257
1403,81,1484,0.10243515861926188
1414,81,1495,0.10245525529920743
1431,84,1515,0.10245032342194108
1422,84,1506,0.1024090806140713
1414,83,1497,0.10239055103511614
1413,84,1497,0.10239122541688969
1403,85,1488,0.10239456519868476
1404,85,1489,0.10241891486143728
1398,83,1481,0.10243909955660647
1394,85,1479,0.10247020551124664
1404,84,1488,0.10250705112838393
1402,84,1486,0.10251830262522132
1408,83,1491,0.10253316414610847
1408,81,1489,0.10253373037190565
1399,83,1482,0.10253424818277182
1400,85,1485,0.10255377187787225
1400,86,1486,0.10257028072908266
1413,89,1502,0.10258553653527581
1405,90,1495,0.10257138376070891
1414,94,1508,0.10257556706660541
1407,92,1499,0.10255999441492612
1410,94,1504,0.10256091943782131
1406,95,1501,0.10255546532087284
1405,94,1499,0.10255955046322132
1409,94,1503,0.10256495657813684
1400,92,1492,0.10256148079701631
1375,93,1468,0.10257738706188313
1389,91,1480,0.1026454386236955
1401,92,1493,0.10267734452080302
1401,93,1494,0.10268086821048243
1416,89,1505,0.10268432990922825
1420,93,1513,0.10265534371911195
1417,93,1510,0.1026202823893222
1409,90,1499,0.10259451397392368
1398,89,1487,0.10258802060639713
1407,94,1501,0.1026062797868925
1388,98,1486,0.10260409206044917
1391,100,1491,0.10264258620981831
1382,97,1479,0.1026714533989922
1396,98,1494,0.10271755200311279
1387,103,1490,0.102729395616484
1382,105,1487,0.10275924258827036
1380,104,1484,0.1027976755796627
1387,105,1492,0.1028371304981078
1379,107,1486,0.1028581835532669
1383,103,1486,0.10289422740209865
1384,98,1482,0.10291850051404844
1394,103,1497,0.10293849164113915
1385,107,1492,0.10293531852524261
1384,105,1489,0.10295196439670314
1390,107,1497,0.10296955020630309
1386,108,1494,0.10297256527600483
1385,108,1493,0.10298379345120551
1388,107,1495,0.10299673076202318
1398,110,1508,0.1030022152208608
1403,111,1514,0.10298549473983637
1396,109,1505,0.10295944380880406
1397,111,1508,0.10295106189633246
1409,111,1520,0.10294188568942879
1397,113,1510,0.10290749032564665
1387,114,1501,0.10290237056894756
1384,116,1500,0.10291915554518745
1392,117,1509,0.10294112925740201
1389,119,1508,0.10294399426103597
1380,125,1505,0.10295307292321187
1379,125,1504,0.10298134337526928
1372,120,1492,0.1030093890922999
1368,121,1489,0.1030505222899685
1367,124,1491,0.10309727469601562
1374,128,1502,0.10314205265104143
1376,133,1509,0.10316779579285758
1382,130,1512,0.10318663204524046
1370,134,1504,0.1031911220043586
1371,131,1502,0.10322138996648754
1366,133,1499,0.10324707996354256
1357,135,1492,0.10328161575410867
1357,136,1493,0.10333339807180078
1366,140,1506,0.1033816345448308
1365,137,1502,0.10340626854892314
1364,144,1508,0.10343098331826163
1357,143,1500,0.10345580207428004
1352,143,1495,0.10349432900097895
1357,145,1502,0.1035404694522975
1338,145,1483,0.10357116427452322
1346,146,1492,0.10364007328386173
1340,147,1487,0.10368654300565673
1338,147,1485,0.10374224276039118
1343,146,1489,0.10379801701941989
1345,150,1495,0.10383813781479129
1341,153,1494,0.10387048902251272
1344,150,1494,0.10390883930687554
1351,146,1497,0.10393713366632422
1353,145,1498,0.10394787656031762
1355,147,1502,0.10395330754442672
1344,147,1491,0.10395350396809176
1345,146,1491,0.10397835423334355
1350,147,1497,0.10399846645741548
1361,146,1507,0.104005914287469
1353,146,1499,0.10398936516169809
1357,146,1503,0.10399136381106423
1346,142,1488,0.10398452374073093
1358,144,1502,0.10400169585043965
1347,151,1498,0.10399137958007579
1354,154,1508,0.10400596178085958
1352,151,1503,0.10400396446259824
1351,152,1503,0.10400679773342848
1349,152,1501,0.10401153087884393
1340,153,1493,0.10402044193000197
1346,154,1500,0.10404783480622572
1353,157,1510,0.10405997036289291
1364,153,1517,0.10405616891504046
1367,152,1519,0.10402904399649256
1351,154,1505,0.1039976406789846
1345,153,1498,0.10400463449043579
1355,157,1512,0.1040237066279569
1330,163,1493,0.10402005461344838
1332,163,1495,0.1040722290386309
1315,158,1473,0.10411632083243334
1321,157,1478,0.10419336306701159
1315,156,1471,0.10425072916813688
1307,161,1468,0.10431628228779863
1313,161,1474,0.10439406327279674
1316,164,1480,0.10445145886491186
1315,166,1481,0.10449697692850118
1320,169,1489,0.1045410149356209
1332,169,1501,0.1045698664554891
1326,174,1500,0.10456951073743877
1321,177,1498,0.10458283043659883
1310,172,1482,0.10460581483173613
1312,177,1489,0.10465047030090176
1305,180,1485,0.1046873185376435
1325,180,1505,0.10473635479119753
1309,179,1488,0.10473725651306232
1317,184,1501,0.10477288278360003
1326,180,1506,0.10478818950645452
1320,182,1502,0.10478338601859413
1324,182,1506,0.10479220517127763
1324,182,1506,0.10479163620116766
1312,186,1498,0.10479126537024752
1319,182,1501,0.10481766300919623
1310,187,1497,0.10482633425534843
1329,187,1516,0.10485431774648755
1331,185,1516,0.10483808547250945
1321,186,1507,0.10481929244970643
1315,189,1504,0.10482399414903171
1316,184,1500,0.10484150117729615
1306,183,1489,0.10485558395455595
1301,178,1479,0.10489028651463726
1297,182,1479,0.10493195780665325
1307,173,1480,0.10497864451546796
1301,176,1477,0.10499944442315311
1306,182,1488,0.10503117863180929
1320,184,1504,0.10504923620450196
1320,183,1503,0.10503422472055103
1316,181,1497,0.10501987084729862
1309,182,1491,0.10501514745442724
1315,177,1492,0.10502626869572593
1309,180,1489,0.10502281239258884
1305,185,1490,0.1050332036555505
1308,179,1487,0.10505147028984763
1302,182,1484,0.10506202564335937
1318,189,1507,0.10508464180634167
1324,190,1514,0.10506998404485181
1312,183,1495,0.10504363716255705
1318,186,1504,0.10504655819785402
1310,186,1496,0.10503606273741788
1315,181,1496,0.1050434352884185
1317,180,1497,0.10503916885543906
1323,177,1500,0.10503078252203983
1332,175,1507,0.10500991893122372
1335,170,1505,0.10497046064709994
1333,169,1502,0.10492841034605917
1334,174,1508,0.10489407255961168
1333,175,1508,0.10486057989010479
1331,177,1508,0.10483221730195406
1329,179,1508,0.10481117582006651
1318,177,1495,0.1047966653016644
1317,176,1493,0.10480715039515424
1307,176,1483,0.10481839130846703
1324,175,1499,0.10485162922398068
1324,179,1503,0.10484469371055677
1318,184,1502,0.10483861083016599
1297,185,1482,0.10484656364820691
1286,185,1471,0.10490041431861404
1294,188,1482,0.10497270977025237
1297,192,1489,0.10502045743303988
1310,190,1500,0.10505875100802661
1312,193,1505,0.1050650185630002
1314,198,1512,0.10506615472543931
1322,198,1520,0.10506359154924183
1314,197,1511,0.10504427319365128
1309,194,1503,0.10504403299001915
1293,192,1485,0.10505454884726648
1300,194,1494,0.10509873126493631
1311,191,1502,0.1051232312083327
1302,194,1496,0.10512197236845473
1289,205,1494,0.10514079373605455
1297,206,1503,0.10518654050391152
1293,203,1496,0.10521075574995335
1293,208,1501,0.10524179443645704
1294,207,1501,0.10527071961967102
1281,205,1486,0.1052951112689477
1291,206,1497,0.10534569436463592
1293,209,1502,0.10537011098529823
1291,208,1499,0.10538815695686493
1295,205,1500,0.10540981551585166
1287,204,1491,0.10541987484085925
1286,209,1495,0.10544719577516407
1289,214,1503,0.10547544596809665
1289,214,1503,0.10549501801407478
1280,213,1493,0.10551297942859623
1281,218,1499,0.10554916832114745
1287,218,1505,0.10558026147097457
1285,217,1502,0.10559577120775474
1274,218,1492,0.1056142267602662
1282,221,1503,0.10565518339007358
1272,216,1488,0.10567524162393425
1278,216,1494,0.10571514891752505
1272,215,1487,0.10573841018279322
1261,219,1480,0.10577372117041967
1271,216,1487,0.10583064844491893
1268,215,1483,0.10586117210381854
1257,222,1479,0.10589496707440287
1262,221,1483,0.10595023805441191
1268,215,1483,0.10598936244142297
1281,209,1490,0.10601227085740259
1281,210,1491,0.10600484132590442
1279,215,1494,0.10599859729629145
1270,220,1490,0.10599715049038765
1267,225,1492,0.10601710934099005
1269,227,1496,0.10604211236499243
1279,226,1505,0.10606077653960372
1274,228,1502,0.10605571202881894
1266,226,1492,0.1060621726726453
1273,226,1499,0.10608750101193638
1272,227,1499,0.10609495929715848
1278,225,1503,0.10610367084628138
1283,226,1509,0.10609859251335609
1273,227,1500,0.10608189229829555
1272,228,1500,0.10608937205867672
1267,226,1493,0.10609796230854737
1261,224,1485,0.10611692672060304
1259,222,1481,0.10614721618826739
1262,227,1489,0.10617957846341435
1262,228,1490,0.10620197771514547
1260,228,1488,0.10622244332435817
1261,227,1488,0.10624605349788027
1265,228,1493,0.10626507754400533
1273,230,1503,0.10627397137106509
1253,230,1483,0.1062648026173509
1271,230,1501,0.10630082198715442
1267,234,1501,0.10629401058959365
1273,234,1507,0.10629733114296883
1262,240,1502,0.10628723751590695
1244,243,1487,0.10630193369086122
1250,239,1489,0.10635517008578227
1241,235,1476,0.10639134226207654
1255,235,1490,0.10644435306396552
1257,231,1488,0.10646156779325182
1256,230,1486,0.10647330607633926
1280,231,1511,0.1064868438739889
1280,227,1507,0.10644602405399187
1274,231,1505,0.10640911920320047
1274,232,1506,0.1063887247896696
1269,234,1503,0.10637075528673817
1250,236,1486,0.10636558615563545
1256,237,1493,0.10640288137531362
1247,232,1479,0.10642334305645443
1262,233,1495,0.10646192839153007
1261,236,1497,0.10646388855307037
1267,234,1501,0.10646793997004547
1268,239,1507,0.10645814315502287
1260,241,1501,0.1064468122394587
1268,240,1508,0.10645403723606446
1264,243,1507,0.10644311823797123
1281,237,1518,0.10644177696280348
1281,236,1517,0.10640270415954928
1275,234,1509,0.10636706289608913
1268,237,1505,0.1063480269207653
1258,234,1492,0.106346897166569
1239,235,1474,0.10636816671665965
1249,236,1485,0.10642955470919181
1254,246,1500,0.10646412049469957
1265,245,1510,0.10648512303125161
1245,248,1493,0.10648122002584902
1241,249,1490,0.10652213868987427
1250,246,1496,0.10656881745995248
1250,251,1501,0.10659216439470408
1251,253,1504,0.10661363989267088
1254,258,1512,0.10663174980296983
1249,252,1501,0.10664200703377574
1248,256,1504,0.10666109359282691
1254,258,1512,0.10668252718596083
1249,261,1510,0.10668883971302084
1260,253,1513,0.10670541174160814
1263,253,1516,0.10669589680246527
1250,249,1499,0.10668105455956618
1240,251,1491,0.10669626220698447
1236,255,1491,0.10673312198328927
1246,256,1502,0.10677480491440218
1234,250,1484,0.10679060643896805
1238,245,1483,0.10683189095293569
1227,248,1475,0.10686122559614325
1249,246,1495,0.10691272004288599
1249,248,1497,0.1069096987536324
1251,248,1499,0.10690732949971167
1262,249,1511,0.10690097398947296
1250,252,1502,0.1068703952892121
1240,258,1498,0.10686926024591069
1234,258,1492,0.10689028070593758
1235,257,1492,0.10692298846408825
1242,253,1495,0.10695023550889349
1241,250,1491,0.106958781719445
1248,255,1503,0.10696955153170024
1236,256,1492,0.10696444770981646
1235,257,1492,0.10698611849136448
1237,261,1498,0.10700754178056272
1247,267,1514,0.10702184645714208
1233,267,1500,0.10701340804665392
1229,266,1495,0.1070372391269556
1244,263,1507,0.1070673979537451
1237,261,1498,0.10706168231711015
1242,261,1503,0.1070720743063322
1247,261,1508,0.10707096420132423
1242,258,1500,0.10705785431032253
1243,262,1505,0.10705745708431554
1239,267,1506,0.10705561886683895
1233,269,1502,0.1070625266075179
1222,270,1492,0.10708240301171043
1233,270,1503,0.10712489641331178
1231,267,1498,0.1071389492341466
1233,265,1498,0.10715511564503451
1222,272,1494,0.10716660425860905
1227,277,1504,0.10720118444128214
1235,274,1509,0.10722239813003215
1236,276,1512,0.1072234809095756
1228,276,1504,0.10722274169086134
1221,276,1497,0.10724026485874034
1221,276,1497,0.10727190450431134
1214,280,1494,0.10730160691677444
1219,285,1504,0.10734440392391828
1213,276,1489,0.10737363230055497
1210,279,1489,0.10741342447152057
1214,277,1491,0.10745563462670678
1225,278,1503,0.10748594734145663
1228,278,1506,0.1074889202491748
1220,283,1503,0.10748522246195397
1232,286,1518,0.10750060437113486
1238,279,1517,0.10748718841527108
1218,282,1500,0.10746120865111136
1212,288,1500,0.10748300756286105
1226,287,1513,0.10751721489032658
1233,291,1524,0.10751750594084866
1232,286,1518,0.10750224457053015
1229,288,1517,0.10748971832347952
1219,292,1511,0.10748493891477803
1219,292,1511,0.10750304628374643
1218,293,1511,0.107520093730101
1214,290,1504,0.1075377304324153
1214,293,1507,0.10756344496639486
1214,291,1505,0.10758718596567793
1204,287,1491,0.10761011943091824
1195,286,1481,0.10765301056517501
1185,296,1481,0.10771228966972302
1184,297,1481,0.10779019995750012
1188,304,1492,0.10786405310474244
1180,307,1487,0.10792311234802973
1182,313,1495,0.10799499673988022
1194,314,1508,0.10805690503334305
1194,310,1504,0.10808634595687337
1190,304,1494,0.1081122257104502
1189,304,1493,0.10814601673343965
1184,303,1487,0.10817952945274581
1184,303,1487,0.10822095199544464
1200,302,1502,0.10825943366655827
1193,298,1491,0.10825820421868167
1198,299,1497,0.10827370612758257
1196,300,1496,0.10827583512026968
1192,309,1501,0.10828324913369766
1201,305,1506,0.10829858815952871
1195,316,1511,0.1082928261882023
1188,315,1503,0.10830214007759709
1186,318,1504,0.10832648250088792
1200,319,1519,0.10835415778905091
1193,318,1511,0.1083479974634228
1189,319,1508,0.10835852503055009
1186,321,1507,0.10837728871849941
1177,329,1506,0.1084003497239099
1170,327,1497,0.10844178175132792
1167,332,1499,0.108496104731955
1173,335,1508,0.10855343593106408
1174,334,1508,0.10859317214901561
1166,328,1494,0.10862801221359746
1160,337,1497,0.10867849823987527
1169,339,1508,0.10873840005084678
1159,336,1495,0.1087727438374837
1142,335,1477,0.10882714345618538
1135,344,1479,0.10891651089917613
1132,344,1476,0.10901394403102856
1144,350,1494,0.10911081381201396
1155,354,1509,0.10917188558316102
1150,355,1505,0.10920425534996736
1129,360,1489,0.10924550631265849
1127,363,1490,0.10933121751745667
1130,366,1496,0.1094154362754135
1126,367,1493,0.10948593947113772
1124,370,1494,0.10955998193960259
1126,370,1496,0.10963239201008874
1124,368,1492,0.10969470908010184
1119,373,1492,0.10975742706458348
1115,371,1486,0.10982671270249017
1135,370,1505,0.10989948887816815
1134,371,1505,0.10992113339406147
1128,372,1500,0.1099430345037586
1114,373,1487,0.10997665337062074
1108,379,1487,0.11003885190274863
1109,387,1496,0.11010930389750168
1116,385,1501,0.11017282488418072
1100,389,1489,0.1102169387629073
1099,391,1490,0.11029482320399009
1099,399,1498,0.11036854085555316
1101,400,1501,0.11043699883358558
1093,401,1494,0.11049664108761824
1091,402,1493,0.1105700634879856
1098,403,1501,0.11064186152468046
1102,398,1500,0.11069254336736582
1098,405,1503,0.1107304261171286
1093,413,1506,0.11077395882385971
1090,417,1507,0.11082595662689326
1092,410,1502,0.11088139960628063
1089,409,1498,0.11092701452566732
1080,411,1491,0.11097658872146317
1069,415,1484,0.11104346753899265
1071,417,1488,0.11113087048360272
1072,412,1484,0.1112063169548182
1068,409,1477,0.11127379738593325
1065,410,1475,0.1113449794005641
1062,409,1471,0.11141709314138946
1073,409,1482,0.11149031290242455
1065,417,1482,0.11153362221694607
1062,425,1487,0.11159213215836711
1068,427,1495,0.1116527493884914
1092,423,1515,0.11169481070184789
1089,430,1519,0.11167907766746932
1085,434,1519,0.11167071675653471
1078,432,1510,0.11167183425633084
1080,429,1509,0.11168971987661426
1071,434,1505,0.11170200875998021
1078,432,1510,0.11173476486418427
1078,435,1513,0.11174934994006942
1079,438,1517,0.11176227784321409
1072,441,1513,0.1117722820060313
1066,433,1499,0.11179910812182996
1069,442,1511,0.11183731670500872
1065,453,1518,0.11186543073961833
1062,451,1513,0.11190005184626811
1058,452,1510,0.11193904322383016
1055,451,1506,0.11198458722190145
1056,451,1507,0.11203422999467375
1063,457,1520,0.11207748608523971
1061,458,1519,0.1121011705787109
1053,463,1516,0.11212697913528118
1060,464,1524,0.11216966832341115
1069,463,1532,0.11219387084228576
1055,466,1521,0.11219629123837221
1043,467,1510,0.11223138878869646
1042,463,1505,0.1122909240208148
1038,464,1502,0.11234786509823365
1035,464,1499,0.11241037987251054
1037,468,1505,0.11247564632001918
1036,460,1496,0.11253070826905699
1040,466,1506,0.11258426583694689
1039,462,1501,0.11262494900598774
1023,466,1489,0.11266564277751899
1034,470,1504,0.11273966167863513
1026,470,1496,0.1127814960269075
1024,471,1495,0.11284020444824215
1025,472,1497,0.11289826687457026
1025,468,1493,0.11294959158410048
1036,464,1500,0.11299604573750287
1031,461,1492,0.11301336753068489
1027,454,1481,0.11304116212446384
1018,460,1478,0.11307785526520828
1022,470,1492,0.11313294049115981
1027,475,1502,0.11317401182728648
1031,486,1517,0.11319992416800606
1023,481,1504,0.11321563546975391
1027,478,1505,0.11324975846011878
1010,476,1486,0.11327227488566516
1011,478,1489,0.11333183467100551
1015,466,1481,0.11338428686890378
1006,476,1482,0.11342391250541656
1000,482,1482,0.11348267708213058
992,485,1477,0.11355150976295729
1002,482,1484,0.1136332295808019
1006,473,1479,0.11368622736773398
998,484,1482,0.11372579092961957
1003,485,1488,0.11378180363869564
1012,494,1506,0.11382095140985561
1010,505,1515,0.11383582510785867
1008,501,1509,0.11385400950786054
1017,497,1514,0.11387460760033626
1004,496,1500,0.11387302895563367
1001,497,1498,0.11390117295326928
999,506,1505,0.11393539122698339
995,513,1508,0.11397222157358879
994,515,1509,0.11401546975558137
992,516,1508,0.1140570449137254
1010,514,1524,0.1140990702011564
996,506,1502,0.11409504912699685
992,500,1492,0.114124682185161
992,505,1497,0.11416138598687421
992,507,1499,0.1141931518808445
989,514,1503,0.11422338575010949
987,512,1499,0.11425725123579034
992,504,1496,0.11429294807272113
994,507,1501,0.11431351778067857
999,506,1505,0.11432806396143906
993,502,1495,0.11432815482407246
1005,503,1508,0.11434257396053571
997,505,1502,0.11432801166415203
997,500,1497,0.11433415400923358
1001,507,1508,0.11433927439730734
993,509,1502,0.1143345276273687
993,510,1503,0.11434828072038637
993,510,1503,0.11436074373241503
1004,506,1510,0.11437199877291679
999,509,1508,0.114355302597695
992,509,1501,0.11435192696388251
992,509,1501,0.11436443663921324
992,506,1498,0.11437727386934447
1003,500,1503,0.11438854667258067
1010,501,1511,0.11437324369390268
1003,507,1510,0.11434321034911978
1000,507,1507,0.11433261785645105
1002,505,1507,0.11433014636050717
994,505,1499,0.11432185224208549
979,501,1480,0.11433267366846306
990,499,1489,0.11437710075726844
997,497,1494,0.11439163467986882
990,498,1488,0.11438859835094518
989,505,1494,0.11440142841111144
985,499,1484,0.11441586467626788
984,498,1482,0.11443857843496925
975,508,1483,0.11446168054461461
976,512,1488,0.11450499736770282
983,503,1486,0.11454387291196642
992,507,1499,0.11456362970621985
986,509,1495,0.11456218532714046
1002,517,1519,0.11457506691134711
991,514,1505,0.1145494307079486
989,520,1509,0.11455173465662014
985,521,1506,0.1145590665467521
978,523,1501,0.11457445702270701
979,519,1498,0.11460499056342342
985,525,1510,0.11463141829498052
984,523,1507,0.11464246166923005
986,526,1512,0.11465555947440134
986,517,1503,0.11466445303748816
984,521,1505,0.1146736645270735
983,517,1500,0.11468626959938717
979,517,1496,0.11469963474583053
981,526,1507,0.11472171376932426
980,527,1507,0.11473788677053083
979,530,1509,0.11475475970941179
981,530,1511,0.11477216298527364
973,530,1503,0.11478365351916157
993,531,1524,0.11481212870225008
980,535,1515,0.11479063179863339
995,525,1520,0.11480123673362
987,523,1510,0.11477573856262172
985,529,1514,0.1147711938673286
977,536,1513,0.11477135943406225
983,535,1518,0.11479093853170587
978,530,1508,0.11479452402954074
966,533,1499,0.11481057523088133
970,528,1498,0.11485380207776771
967,529,1496,0.11488474127669583
962,538,1500,0.11492009997450722
957,541,1498,0.11496553200868459
964,547,1511,0.11502004607523755
966,546,1512,0.11505338049002571
967,548,1515,0.11507983741534339
966,544,1510,0.1151021483514885
959,539,1498,0.1151247866499998
951,540,1491,0.11516349136230085
947,539,1486,0.1152184782229212
945,537,1482,0.11527867218066365
934,539,1473,0.11533876868469647
936,551,1487,0.11542072975625597
935,556,1491,0.11549285574870413
925,558,1483,0.11556147590272783
938,567,1505,0.11564890411256197
939,566,1505,0.11570047630555429
933,565,1498,0.11574622890062308
937,570,1507,0.11580231062882629
926,572,1498,0.11584572091725512
925,583,1508,0.11591104516389972
921,587,1508,0.11597599894625271
914,590,1504,0.11604598880117617
919,602,1521,0.1161267682742818
914,601,1515,0.11619020959378858
903,596,1499,0.11626134097597544
907,593,1500,0.11635260427832117
912,584,1496,0.11642700665107408
907,593,1500,0.11648293481128742
899,586,1485,0.11654716520986605
899,587,1486,0.11662563753230652
896,601,1497,0.11669930794750791
901,608,1509,0.1167751385769258
889,600,1489,0.11683312871806692
903,598,1501,0.11691610663856039
897,603,1500,0.11695892209037018
894,595,1489,0.11701201140348648
894,603,1497,0.11706741176584082
903,603,1506,0.11711931086565543
920,600,1520,0.1171441631321192
920,601,1521,0.11712617985409769
921,596,1517,0.11711004657817989
919,590,1509,0.11709361546722132
913,585,1498,0.11708410702069011
906,598,1504,0.11709016823421255
911,598,1509,0.11711134849183613
905,596,1501,0.11711912103943735
904,598,1502,0.11714041650387019
904,600,1504,0.11716310222175441
900,609,1509,0.11718584056615768
894,607,1501,0.11721615708040453
903,620,1523,0.1172594356530367
894,618,1512,0.11727843484005522
887,627,1514,0.11731663433036353
877,631,1508,0.1173694017097802
877,632,1509,0.11744141279208556
874,633,1507,0.11750828217347546
868,633,1501,0.1175774073116066
869,634,1503,0.11765561113474479
866,627,1493,0.11772508972881106
868,632,1500,0.11779657454415463
874,634,1508,0.11785775876892098
861,637,1498,0.11790068702722781
862,638,1500,0.1179720363336927
859,643,1502,0.11803590188928421
860,629,1489,0.11810224566117411
857,635,1492,0.11816016478910749
861,635,1496,0.11822109041952132
861,636,1497,0.11826765225778056
859,647,1506,0.11831220733229905
855,656,1511,0.1183577882420077
845,664,1509,0.11840982281495271
847,668,1515,0.11848239477581607
841,659,1500,0.11854368986625141
847,663,1510,0.11861582170799996
846,660,1506,0.11866799935496002
839,668,1507,0.11871875620035169
836,674,1510,0.11878306120800061
832,675,1507,0.11884970595028996
833,687,1520,0.11892142231947916
826,687,1513,0.11898511582065058
833,683,1516,0.11905944495605558
830,677,1507,0.11911089898606701
831,678,1509,0.11916680718177698
837,679,1516,0.1192155208114045
840,667,1507,0.11924511068476928
839,666,1505,0.11926634435802644
843,661,1504,0.11928940792839096
848,676,1524,0.1193009111457264
840,678,1518,0.11929992863636298
827,685,1512,0.11931896233264254
825,684,1509,0.11936881431157681
821,693,1514,0.11941908317735585
824,697,1521,0.11947567924485156
814,699,1513,0.11952008758978665
811,704,1515,0.11958654117387324
805,707,1512,0.11965544218057847
805,712,1517,0.11973441686731982
803,714,1517,0.11980783038371864
797,707,1504,0.11988011100378186
792,709,1501,0.11996086272871993
800,715,1515,0.12004747789362007
800,708,1508,0.12010711162337735
794,708,1502,0.12016223360937567
796,719,1515,0.12022801479335418
790,717,1507,0.12028348022495873
789,715,1504,0.12034916662251241
789,723,1512,0.12041286147271098
787,725,1512,0.12047145422004794
789,727,1516,0.12053084115022199
788,731,1519,0.12058089481850232
783,731,1514,0.12063020096302048
778,729,1507,0.1206884081250446
784,735,1519,0.12075460855133797
778,738,1516,0.12080296371237231
775,739,1514,0.12086225753961073
773,738,1511,0.12092634796708207
770,732,1502,0.12098963001703662
761,728,1489,0.12105509004029635
770,727,1497,0.12113834868305542
769,723,1492,0.1211932532418949
775,717,1492,0.12124661628025798
767,722,1489,0.12128140094409953
767,721,1488,0.12133191347033165
769,714,1483,0.12137807240126182
771,721,1492,0.12141656623028776
765,720,1485,0.12144744498143833
764,723,1487,0.12149265693583694
766,724,1490,0.12153585811488689
771,725,1496,0.12157124870278693
770,727,1497,0.12159108181834932
777,730,1507,0.1216114493567501
778,718,1496,0.12161269178062309
768,726,1494,0.12161116608043847
767,714,1481,0.12163580322105517
763,720,1483,0.121660481426437
778,732,1510,0.12169377095801856
773,739,1512,0.12168842385603694
771,744,1515,0.12169544642618103
767,746,1513,0.1217078630980117
770,746,1516,0.12172906584979463
773,744,1517,0.12174250192969081
765,746,1511,0.12174914738853673
764,766,1530,0.12177566834205011
762,755,1517,0.12180257242719492
750,771,1521,0.12183307295736072
750,764,1514,0.1218918124184015
753,755,1508,0.12194619038129925
754,758,1512,0.12198903229577607
749,750,1499,0.12202743133069664
743,760,1503,0.1220762166082836
743,765,1508,0.12213728896380992
745,776,1521,0.12219390084238128
750,772,1522,0.1222401058884429
754,770,1524,0.12227030536505151
753,761,1514,0.1222883572760859
749,766,1515,0.12230644785820327
745,763,1508,0.12233283022254202
741,767,1508,0.12236726131022099
746,765,1511,0.12240804566060598
743,766,1509,0.12243357589140323
740,768,1508,0.12246445810795416
734,773,1507,0.1225019053351602
734,772,1506,0.12255225452923355
731,782,1513,0.1225978173083071
723,787,1510,0.12264806714349
717,780,1497,0.12271524073723893
720,792,1512,0.12279282687959606
718,791,1509,0.12285752239536105
723,789,1512,0.12292145420518957
721,782,1503,0.12296752824433732
717,777,1494,0.12301443815931964
715,789,1504,0.12306720547952864
710,790,1500,0.12312111679577468
710,788,1498,0.1231828258918341
715,784,1499,0.12323927673211582
718,783,1501,0.12327938725593182
714,784,1498,0.12331090772821889
703,793,1496,0.12334998545633395
700,793,1493,0.12341405570809752
708,802,1510,0.12348238196488907
705,806,1511,0.12352544315894569
706,798,1504,0.12357464894254022
700,795,1495,0.1236174494941247
696,798,1494,0.12367285946831942
703,806,1509,0.12373506965482499
688,812,1500,0.1237764717222504
689,818,1507,0.1238526311404369
677,819,1496,0.1239205634440129
674,832,1506,0.12401328386258983
670,839,1509,0.12410724661663815
675,848,1523,0.124205123112463
673,849,1522,0.12428443175699581
668,849,1517,0.1243623481002931
667,848,1515,0.12444684842533334
660,853,1513,0.12452748498815563
662,858,1520,0.1246202034701626
663,859,1522,0.12470088051386204
664,853,1517,0.1247740099516109
658,851,1509,0.12484048137418012
659,855,1514,0.12491752354500957
656,852,1508,0.12498680039542012
657,852,1509,0.12505929017767087
657,855,1512,0.12512383530433344
651,852,1503,0.1251835431731859
658,842,1500,0.1252538714230562
659,842,1501,0.12530150606763152
656,842,1498,0.1253436283744378
659,845,1504,0.12539011487279889
656,846,1502,0.12542715835023105
655,844,1499,0.12547028542391037
650,858,1508,0.12551224011190396
648,856,1504,0.12556355907202058
653,858,1511,0.1256157714245885
660,866,1526,0.12565134770506606
646,869,1515,0.12566777185150665
644,869,1513,0.12571898478601176
642,874,1516,0.12577126684184278
640,875,1515,0.12582547195374136
630,872,1502,0.12588208779899465
640,871,1511,0.1259611064287871
642,876,1518,0.12600849919476928
633,883,1516,0.1260486057531653
627,883,1510,0.12610960120042924
631,885,1516,0.12618164748140345
628,880,1508,0.1262394708204985
627,892,1519,0.1263020911740961
621,883,1504,0.1263643949856511
615,883,1498,0.12643698066456235
620,893,1513,0.12651961023514657
620,897,1517,0.1265839947276513
607,895,1502,0.12664402912457307
605,903,1508,0.1267341847588979
603,897,1500,0.1268220536510741
597,898,1495,0.1269091663911972
595,906,1501,0.1270062513070395
600,922,1522,0.12710082208278142
605,915,1520,0.127174499477794
597,917,1514,0.12723120610105954
599,914,1513,0.1273050016618341
596,920,1516,0.1273695087946371
590,918,1508,0.1274387511737001
598,924,1522,0.12751878905062278
586,926,1512,0.12757305135877875
576,923,1499,0.12765411340770325
564,931,1495,0.12775573050078531
575,933,1508,0.12788152785750584
580,937,1517,0.1279699730295613
575,930,1505,0.12803815970247898
576,929,1505,0.12811548647154872
577,925,1502,0.1281840940753492
570,942,1512,0.1282465257801385
571,936,1507,0.12832220159174731
565,937,1502,0.1283914107108835
561,953,1514,0.12847107216733222
558,953,1511,0.12855587946023397
570,955,1525,0.1286413294849268
563,957,1520,0.12869082163747628
563,958,1521,0.12875531555616107
559,953,1512,0.12881570245123528
557,956,1513,0.1288828424658593
558,953,1511,0.12894951560293916
550,956,1506,0.12900978491720402
545,955,1500,0.12908607146885887
543,959,1502,0.12916918213500211
550,960,1510,0.1292523512847345
551,959,1510,0.12931120954068223
547,954,1501,0.1293628919776465
550,960,1510,0.12942183168626165
548,964,1512,0.12946920279920845
542,960,1502,0.12952072053020589
549,963,1512,0.12958285341559306
540,966,1506,0.12962378593608517
531,964,1495,0.12968569169189798
530,973,1503,0.12976578125227956
529,975,1504,0.12984328344452023
526,981,1507,0.12991741342254376
521,977,1498,0.12999569318762494
531,987,1518,0.13008186225479756
522,977,1499,0.13013576359030662
517,984,1501,0.1302094878418049
522,994,1516,0.13029257904193267
522,1003,1525,0.13035761826104672
520,1011,1531,0.1304182345728622
519,1008,1527,0.1304804235467059
515,1007,1522,0.13054226414151923
505,1000,1505,0.1306102889279514
510,996,1506,0.1307018065345592
512,992,1504,0.1307742651941963
514,999,1513,0.13083625398413026
509,992,1501,0.13088888132703258
505,991,1496,0.1309514915563871
505,1006,1511,0.13102022580461117
505,1000,1505,0.1310849807375317
508,1000,1508,0.1311457294369588
502,996,1498,0.13119484730130282
506,1001,1507,0.13125698570493266
503,1007,1510,0.13130473302333762
497,1007,1504,0.13135697874961638
490,1015,1505,0.1314208892204741
501,1013,1514,0.13149945732774543
498,1016,1514,0.13154265926887876
504,1011,1515,0.13159065256674776
502,1000,1502,0.13162174603944737
491,998,1489,0.13165612123078013
489,1003,1492,0.13171623623859993
493,1012,1505,0.13177792274190167
493,1007,1500,0.1318247651808197
492,1013,1505,0.13186822170495807
492,1025,1517,0.1319114278092786
480,1032,1512,0.1319523431677003
491,1029,1520,0.1320215538698818
490,1025,1515,0.13205840109208133
492,1012,1504,0.13209417715185462
488,1022,1510,0.13212158612723293
489,1024,1513,0.13215718792863526
489,1023,1512,0.13219013782573139
489,1030,1519,0.13222109867349413
488,1030,1518,0.13225008674869965
482,1046,1528,0.13228008500788677
491,1040,1531,0.13232408452788774
486,1037,1523,0.13234151255438695
485,1034,1519,0.13237223779706964
479,1036,1515,0.13240421202001143
486,1028,1514,0.1324492926627602
480,1039,1519,0.13247287929157314
480,1029,1509,0.13251151999781385
479,1028,1507,0.1325470242643413
482,1031,1513,0.1325825439022209
479,1040,1519,0.13260789236285667
480,1035,1515,0.13264114032513433
477,1040,1517,0.13266940268368557
477,1044,1521,0.13270442303947527
473,1049,1522,0.13273687004600543
474,1046,1520,0.13277703037783614
473,1051,1524,0.1328115963454069
474,1048,1522,0.1328455827298921
468,1052,1520,0.13287396281454078
468,1052,1520,0.13291631131588652
473,1047,1520,0.13295520618835835
468,1041,1509,0.13297848587578415
463,1048,1511,0.13301251878498754
457,1031,1488,0.13305603731484297
465,1022,1487,0.13311041992304465
466,1017,1483,0.13313928116967935
466,1029,1495,0.13316192705453903
470,1033,1503,0.13318276767600085
463,1034,1497,0.13319380034860795
463,1039,1502,0.13322281746505
458,1056,1514,0.13324920550537747
447,1056,1503,0.13328682786602106
451,1060,1511,0.1333505873049211
451,1063,1514,0.13340024229229983
460,1056,1516,0.13344482196589877
455,1054,1509,0.1334633126804287
451,1058,1509,0.1334933759336388
442,1064,1506,0.13353122564410996
440,1067,1507,0.13359099757603604
436,1072,1508,0.1336526291315939
437,1078,1515,0.13372128914315304
438,1066,1504,0.13378238682268967
435,1074,1509,0.13383678167358118
438,1076,1514,0.13389477659136123
443,1077,1520,0.13394154371349076
436,1076,1512,0.1339719176821112
440,1067,1507,0.1340174653212781
435,1062,1497,0.1340495911239536
430,1067,1497,0.13409287934894507
431,1070,1501,0.13414520514846845
434,1081,1515,0.13419179542904577
437,1074,1511,0.13422777153580656
432,1067,1499,0.13425390676573273
426,1070,1496,0.13429279428536678
424,1063,1487,0.13434532761877344
426,1070,1496,0.13439877806107003
426,1089,1515,0.13444188750960362
433,1083,1516,0.13448135116200402
427,1085,1512,0.13450068146556532
427,1089,1516,0.1345335464555008
428,1094,1522,0.13456420842449618
430,1084,1514,0.13459036017496334
436,1083,1519,0.13460858316836954
432,1074,1506,0.1346107250580827
428,1077,1505,0.13462321466870444
421,1086,1507,0.13464631047245867
423,1090,1513,0.13468610549937968
429,1092,1521,0.1347186589004014
425,1088,1513,0.13473359986057093
417,1086,1503,0.13475811147809963
418,1083,1501,0.13480212784119758
422,1085,1507,0.13483973832672297
425,1083,1508,0.1348646287399473
424,1081,1505,0.13488142118193674
416,1090,1506,0.13489931084013868
420,1085,1505,0.1349363230336786
418,1082,1500,0.13496206798442179
421,1087,1508,0.13499182246802097
417,1085,1502,0.13501228599248186
416,1091,1507,0.13504224367317072
411,1102,1513,0.13507286757916098
405,1101,1506,0.1351135019303114
404,1097,1501,0.1351664134977533
403,1110,1513,0.13521748217579568
407,1099,1506,0.13526740856352967
411,1104,1515,0.1353034518551182
415,1097,1512,0.13532710240923287
413,1104,1517,0.1353379531231475
412,1094,1506,0.13535448306694273
406,1087,1493,0.1353713116338092
410,1084,1494,0.1354039140170328
412,1098,1510,0.13542291627367
412,1096,1508,0.13543468464929578
411,1089,1500,0.13544550340172867
411,1101,1512,0.1354588359913361
403,1099,1502,0.13547149392107324
410,1096,1506,0.1355048441586721
413,1086,1499,0.13551737945783382
416,1105,1521,0.13552122219843102
406,1100,1506,0.13551736033106182
401,1110,1511,0.13554135994935887
409,1107,1516,0.13557576689946058
404,1101,1505,0.13558645224364105
402,1100,1502,0.13561006461937325
402,1115,1517,0.13563738852274368
412,1121,1533,0.13566287347445016
407,1125,1532,0.13565963641546472
409,1110,1519,0.13567057141116937
411,1116,1527,0.1356750267999824
411,1112,1523,0.13567372823072732
408,1122,1530,0.13567231206954072
415,1115,1530,0.1356794220259899
412,1125,1537,0.135667249173652
403,1117,1520,0.13566470799778546
397,1124,1521,0.13568673072271417
397,1111,1508,0.13572385288008323
392,1117,1509,0.1357578108618233
385,1110,1495,0.1358023204590656
384,1120,1504,0.13586266465868074
386,1134,1520,0.13592128684086102
378,1145,1523,0.13597062454346534
379,1133,1512,0.13603820119695187
380,1139,1519,0.13609956693914727
381,1128,1509,0.13615305683238393
387,1141,1528,0.13619928880896337
378,1134,1512,0.13622752953818612
376,1129,1505,0.13627833681030235
375,1137,1512,0.13633126553797734
372,1141,1513,0.13638304332814602
379,1143,1522,0.1364387615389289
376,1152,1528,0.13647139731143154
372,1158,1530,0.13650961755001628
380,1149,1529,0.1365553293013077
374,1144,1518,0.13657688403213977
373,1145,1518,0.1366141633490727
377,1139,1516,0.13665104137509276
376,1144,1520,0.13667406640536708
377,1151,1528,0.1366983946495381
371,1129,1500,0.13671860891628568
373,1139,1512,0.13675453629811257
369,1159,1528,0.13678196240855972
367,1160,1527,0.1368176195384298
364,1164,1528,0.1368562874832706
365,1155,1520,0.13690146494969777
367,1147,1514,0.13694101918302612
362,1157,1519,0.13697222997608402
363,1162,1525,0.1370145940205822
356,1155,1511,0.13705179944799428
355,1158,1513,0.13710543859061214
353,1145,1498,0.13715831871988005
352,1161,1513,0.1372131855427212
355,1166,1521,0.137266220189625
354,1157,1511,0.13730721476143415
348,1150,1498,0.1373485401890044
352,1149,1501,0.1374045356046978
351,1154,1505,0.1374454965540474
351,1162,1513,0.1374867541171488
352,1169,1521,0.13752581968442468
344,1167,1511,0.13755902735931502
337,1169,1506,0.13761186637118406
340,1165,1505,0.13767998879591695
344,1169,1513,0.13773499105266512
339,1174,1513,0.1377768417951622
335,1173,1508,0.13782916681725557
337,1180,1517,0.13788890508687857
340,1178,1518,0.13793947776920848
335,1182,1517,0.13797856785310145
329,1185,1514,0.13802824028648744
333,1182,1515,0.13809009690266202
323,1189,1512,0.1381380230129874
331,1184,1515,0.1382097517390306
336,1184,1520,0.13825424358962438
342,1179,1521,0.13828146831628643
339,1177,1516,0.13829013077480468
331,1180,1511,0.1383064742606852
328,1183,1511,0.13834342094216884
322,1183,1505,0.13838613242155365
321,1173,1494,0.13844289867600185
324,1160,1484,0.13849845146325823
338,1169,1507,0.13854185252217455
333,1179,1512,0.1385439770878837
328,1166,1494,0.1385597258315493
330,1157,1487,0.13858885419464384
332,1165,1497,0.1386104891360339
329,1179,1508,0.13862519940487922
326,1171,1497,0.13864692797686287
333,1176,1509,0.13867490788393275
330,1167,1497,0.13868215866261338
325,1184,1509,0.13869762127458826
321,1190,1511,0.13872487236999922
323,1196,1519,0.13876179089892346
321,1200,1521,0.13879099113447652
317,1194,1511,0.1388241129701572
314,1208,1522,0.13886591597527922
315,1205,1520,0.138913312979216
313,1200,1513,0.13895526909971792
311,1190,1501,0.13899967627378468
309,1200,1509,0.13904587526369902
314,1202,1516,0.13909422967090268
312,1206,1518,0.13912498214028815
313,1199,1512,0.1391592803271174
309,1196,1505,0.1391886190654465
313,1186,1499,0.1392274583705097
312,1207,1519,0.13925334474606832
314,1196,1510,0.13928032576833624
309,1201,1510,0.13930085988927238
303,1192,1495,0.13933294850758565
303,1203,1506,0.13937970023299193
305,1212,1517,0.13942406115241882
306,1217,1523,0.13945952809363235
304,1213,1517,0.13948967056314118
304,1211,1515,0.13952397955082224
302,1218,1520,0.13955662802251712
294,1206,1500,0.1395922212231999
292,1210,1502,0.13964817636644572
287,1232,1519,0.13970549838972063
280,1229,1509,0.1397735091188957
273,1231,1504,0.13985695992957434
275,1239,1514,0.13995469104819552
270,1241,1511,0.1400410650786569
269,1248,1517,0.1401362902101985
266,1256,1522,0.140227685533168
270,1238,1508,0.14032149587333684
268,1245,1513,0.1403980536384265
263,1235,1498,0.140475396835044
263,1247,1510,0.1405625094073839
263,1243,1506,0.14064414721929583
267,1234,1501,0.1407197321060686
269,1244,1513,0.14077959397884704
263,1249,1512,0.1408299853743895
262,1253,1515,0.1408935403727933
265,1265,1530,0.14095451169173503
269,1259,1528,0.14100263836816462
266,1259,1525,0.14103729382355906
262,1261,1523,0.14107794390767175
261,1258,1519,0.14112710107268472
258,1259,1517,0.14117587544430615
259,1255,1514,0.1412305852936931
261,1262,1523,0.14127916001264137
266,1260,1526,0.1413188250856598
266,1262,1528,0.14134177157744218
267,1262,1529,0.14136350843280845
263,1259,1522,0.14138168644123092
257,1264,1521,0.1414108282043008
249,1258,1507,0.14145494605560635
251,1266,1517,0.14151809535089077
252,1272,1524,0.14157154383379678
253,1265,1518,0.1416189275299608
255,1271,1526,0.14166102718393078
249,1272,1521,0.141694997312862
252,1274,1526,0.14174313849147827
251,1272,1523,0.14177925276334957
247,1276,1523,0.14181585142340591
245,1281,1526,0.14186127661712336
252,1256,1508,0.1419089432463358
255,1249,1504,0.14193413286356543
254,1254,1508,0.14194889116586243
250,1265,1515,0.14196592664036115
250,1258,1508,0.14199274338690335
250,1256,1506,0.14201812468668876
251,1251,1502,0.1420425442402074
248,1263,1511,0.1420624247355237
250,1268,1518,0.14208893576692783
246,1277,1523,0.1421075849860423
246,1274,1520,0.14213666163476696
242,1282,1524,0.142163945687367
242,1266,1508,0.14220096953302583
243,1268,1511,0.14223600724707183
248,1266,1514,0.14226540283846054
243,1269,1512,0.14227874938897733
242,1265,1507,0.1423051671319027
238,1265,1503,0.1423327483043821
240,1266,1506,0.14236900135531452
244,1264,1508,0.14239720340405315
242,1264,1506,0.142412881438747
240,1265,1505,0.1424327129990327
234,1285,1519,0.14245749800172255
228,1287,1515,0.14249715158857865
227,1288,1515,0.14255101962495942
222,1284,1506,0.1426043034936862
219,1287,1506,0.14266851466138206
220,1312,1532,0.1427375773622161
225,1302,1527,0.14279975333268896
225,1289,1514,0.14284332060172356
233,1282,1515,0.14288450291277616
229,1286,1515,0.14290040381607638
231,1293,1524,0.14292734968279924
230,1297,1527,0.142946649411947
225,1285,1510,0.14296726221974293
228,1290,1518,0.14300071268667938
228,1289,1517,0.14302326482724514
222,1294,1516,0.14304433208201683
222,1280,1502,0.14308040514585066
232,1271,1503,0.1431139930951268
226,1268,1494,0.14311784479295955
224,1274,1498,0.14313783971743507
232,1266,1498,0.14316175928629454
230,1269,1499,0.14316112854989574
231,1267,1498,0.1431663710150581
232,1273,1505,0.14316913423422356
231,1279,1510,0.1431691895356497
231,1278,1509,0.14317300915547854
228,1274,1502,0.14317658716919224
225,1287,1512,0.1431884067420176
224,1274,1498,0.14320800136311543
222,1282,1504,0.14322944315016956
219,1296,1515,0.14325496695901369
217,1301,1518,0.14328652431167058
220,1310,1530,0.14332114978331148
221,1312,1533,0.14334469248437895
218,1311,1529,0.143364249919795
216,1301,1517,0.1433914169149622
217,1317,1534,0.14342193711145826
211,1312,1523,0.1434472806839403
207,1311,1518,0.14348792155118514
209,1325,1534,0.14353714111479074
210,1305,1515,0.1435772967053399
206,1308,1514,0.1436113597952098
201,1301,1502,0.14365437497035713
201,1300,1501,0.14370870805736094
199,1323,1522,0.14375999362968717
192,1321,1513,0.14381445519133215
193,1312,1505,0.14388519053318416
194,1323,1517,0.1439486187000736
187,1325,1512,0.14400515789672444
184,1319,1503,0.14407758662761183
188,1322,1510,0.14415415529299383
187,1315,1502,0.1442143704979537
188,1314,1502,0.1442730761752101
184,1303,1487,0.14432499750289782
181,1313,1494,0.14438484603344443
176,1315,1491,0.14444972507080756
171,1325,1496,0.14452478173322617
173,1327,1500,0.14460929399610667
176,1334,1510,0.14468235328863377
173,1337,1510,0.14474207802502825
173,1335,1508,0.1448066614644938
171,1345,1516,0.14486765343414906
172,1347,1519,0.144930347108982
174,1345,1519,0.14498644776048691
174,1338,1512,0.14503344921132297
174,1326,1500,0.14507730959137333
177,1353,1530,0.145118291366099
176,1343,1519,0.14514826138844453
174,1344,1518,0.1451792363634454
173,1334,1507,0.14521391404892298
175,1341,1516,0.14524981565125977
170,1339,1509,0.14527724493467678
170,1330,1500,0.14531721121064817
170,1330,1500,0.14535458882363636
171,1347,1518,0.14538943024160184
170,1344,1514,0.14541917680457384
170,1354,1524,0.14544997552360883
170,1348,1518,0.1454788025257892
166,1359,1525,0.14550564855679415
169,1347,1516,0.1455426884105976
167,1342,1509,0.14556831475676912
168,1341,1509,0.14559822352844232
171,1339,1510,0.1456231026100517
172,1342,1514,0.14563768390518544
170,1347,1517,0.14564881411998987
172,1344,1516,0.145665229725275
173,1355,1528,0.1456751391833776
172,1350,1522,0.14568206494763225
171,1358,1529,0.14569166142524226
168,1351,1519,0.1457035804890739
166,1361,1527,0.14572343558008247
170,1361,1531,0.14574795731082926
172,1362,1534,0.14575914505354426
169,1360,1529,0.14576395354542135
171,1354,1525,0.14577684788526657
171,1359,1530,0.14578341138580989
173,1362,1535,0.14578982119018175
164,1356,1520,0.14578995658666474
164,1345,1509,0.14581658718207946
162,1340,1502,0.14584152876551357
166,1352,1518,0.1458706220086478
169,1339,1508,0.14588600794389953
167,1342,1509,0.14589133943075075
166,1343,1509,0.14590191271562844
166,1342,1508,0.14591484370095006
163,1362,1525,0.1459269304544734
165,1372,1537,0.14594698269710688
166,1356,1522,0.14595990032051298
161,1360,1521,0.1459692728329329
160,1358,1518,0.14599245993101462
157,1364,1521,0.14601662812236726
162,1351,1513,0.1460479653749542
162,1349,1511,0.14606328143154326
163,1345,1508,0.14607762433476892
160,1350,1510,0.14608841241683407
157,1352,1509,0.14610722119561223
159,1339,1498,0.14613325103489547
158,1348,1506,0.14615195984980636
159,1350,1509,0.14617259307906555
157,1352,1509,0.14618904867704363
156,1361,1517,0.14621009638277144
157,1361,1518,0.14623277864735823
159,1373,1532,0.14625129082311325
157,1369,1526,0.14626208938555887
161,1364,1525,0.14627853568848403
158,1363,1521,0.1462822476052998
157,1357,1514,0.14629414005803587
159,1357,1516,0.14630803407545284
159,1357,1516,0.14631522434367597
160,1361,1521,0.14632230160349577
158,1361,1519,0.14632573912556604
156,1357,1513,0.14633452062700258
156,1366,1522,0.1463487207155596
158,1368,1526,0.14636184968463703
161,1368,1529,0.14636861607266663
158,1362,1520,0.1463665465045218
155,1361,1516,0.14637341919599461
157,1356,1513,0.1463885968182629
157,1348,1505,0.1463971175350101
155,1356,1511,0.14640504492372342
158,1351,1509,0.14641809606674086
158,1361,1519,0.14642140165462014
158,1344,1502,0.14642469303243477
158,1339,1497,0.1464278995082398
160,1357,1517,0.14643061437376212
161,1366,1527,0.14642747112276625
157,1359,1516,0.14642216699768315
157,1347,1504,0.14642823803839403
157,1350,1507,0.146433823852285
161,1348,1509,0.14643904668735572
159,1354,1513,0.14643268584446345
163,1344,1507,0.14643269969851147
160,1353,1513,0.14642117290681053
160,1347,1507,0.14641890911193728
165,1341,1506,0.14641638614202673
160,1348,1508,0.14639976343777442
161,1353,1514,0.146398887712718
161,1340,1501,0.14639537164085428
157,1344,1501,0.14639182605327242
158,1349,1507,0.14640060150044415
154,1352,1506,0.14640601043669083
155,1357,1512,0.14642237586388923
154,1357,1511,0.14643498166238675
156,1360,1516,0.14644945365293693
151,1355,1506,0.1464574986541644
152,1351,1503,0.14647954478064648
148,1351,1499,0.14649772006969047
148,1353,1501,0.14652605468590849
148,1367,1515,0.14655289686636577
143,1366,1509,0.14657807972006925
141,1349,1490,0.1466157890410091
142,1360,1502,0.14665704399053373
145,1358,1503,0.1466926516251726
145,1360,1505,0.14671707804557946
146,1359,1505,0.14673972352061074
141,1364,1505,0.14675827970495894
144,1367,1511,0.14678959771632236
146,1355,1501,0.1468100399519021
147,1362,1509,0.1468232636154505
146,1360,1506,0.1468327439999138
147,1363,1510,0.1468446085210106
149,1375,1524,0.14685271258896557
151,1377,1528,0.14685461727920926
150,1372,1522,0.1468506977185419
148,1376,1524,0.14685010279051544
147,1381,1528,0.14685549454625993
146,1381,1527,0.14686351909484532
146,1369,1515,0.14687392976382407
149,1368,1517,0.14688364091351372
149,1347,1496,0.14688384311859226
148,1341,1489,0.1468840339352334
150,1354,1504,0.14688704478478795
144,1363,1507,0.14688464944648635
146,1365,1511,0.1468993568697724
148,1361,1509,0.14690719545496697
150,1359,1509,0.146908942147839
149,1367,1516,0.14690475635143835
149,1366,1515,0.14690390021273622
148,1367,1515,0.1469030499960302
150,1361,1511,0.1469048675587981
149,1362,1511,0.14690086587229773
150,1361,1511,0.1468999604676027
152,1357,1509,0.14689621440593267
154,1368,1522,0.146887596353808
150,1376,1526,0.14687385187905144
150,1373,1523,0.14687243741622974
149,1375,1524,0.14687109706163437
150,1370,1520,0.1468723440726185
147,1375,1522,0.14687073210811813
146,1368,1514,0.14687793088479192
143,1355,1498,0.1468875787272427
144,1361,1505,0.14690522246752188
146,1365,1511,0.14691919903241935
143,1369,1512,0.14692617356329293
143,1375,1518,0.1469414133783753
147,1370,1517,0.14695569950691803
150,1370,1520,0.146957850356974
145,1374,1519,0.14695150891456155
144,1379,1523,0.1469601260193279
140,1381,1521,0.14697092155985964
142,1375,1517,0.14699223195282907
144,1389,1533,0.1470064977045197
141,1386,1527,0.14701438991374008
138,1391,1529,0.14703060898955822
138,1388,1526,0.14705465299861664
138,1388,1526,0.14707692623462235
141,1384,1525,0.14709747893785197
141,1376,1517,0.14710795733327567
138,1379,1517,0.14711789069970688
137,1381,1518,0.14713576372084355
137,1370,1507,0.1471552268133535
135,1365,1500,0.1471734598598592
138,1372,1510,0.14719639022248393
130,1368,1498,0.14720935092272125
131,1369,1500,0.14724485771476695
135,1363,1498,0.14727517078640184
130,1376,1506,0.14729189915336074
131,1386,1517,0.14732209013563
131,1390,1521,0.14734752953942887
132,1380,1512,0.14737146228431314
133,1390,1523,0.14739102882445979
133,1382,1515,0.14740666507674519
132,1378,1510,0.1474213735736666
128,1386,1514,0.1474379409981249
125,1377,1502,0.14746506624974956
123,1382,1505,0.1474992812030149
128,1375,1503,0.1475372766149709
125,1388,1513,0.14755818788548983
124,1375,1499,0.1475865291408982
127,1380,1507,0.14761532257952223
128,1390,1518,0.1476337225194625
133,1388,1521,0.14764809034116527
130,1377,1507,0.14764675147822723
129,1389,1518,0.1476544590353794
125,1391,1516,0.14766475088166553
126,1388,1514,0.14768575994743555
123,1393,1516,0.1477025601174834
126,1393,1519,0.14772662136204923
128,1394,1522,0.14774034903466896
127,1394,1521,0.14774752751663453
123,1391,1514,0.1477571438305639
123,1398,1521,0.1477775315918073
120,1412,1532,0.14779643402726325
126,1405,1531,0.14782283357620174
122,1390,1512,0.14782962338214653
120,1394,1514,0.1478474443510273
116,1398,1514,0.1478700666756516
116,1403,1519,0.14790288574291577
117,1403,1520,0.14793354180959908
114,1403,1517,0.14795937067059756
117,1385,1502,0.1479923919530871
118,1383,1501,0.1480147035591667
116,1382,1498,0.14803295372240804
118,1384,1502,0.14805587044757348
117,1386,1503,0.14807149846904064
114,1382,1496,0.14808926391612875
110,1401,1511,0.14811480292656914
110,1400,1510,0.14815038141408776
110,1399,1509,0.14818388558924775
107,1403,1510,0.14821512455574426
108,1411,1519,0.14825310660129534
111,1406,1517,0.14828566614372105
110,1399,1509,0.14830736145693788
107,1404,1511,0.1483305204561096
108,1415,1523,0.1483609207863444
106,1414,1520,0.1483864427702814
107,1399,1506,0.14841620758791696
108,1404,1512,0.14844140390952837
111,1410,1521,0.1484623071535878
111,1407,1518,0.14847331895532132
107,1401,1508,0.1484838995450476
107,1401,1508,0.1485056441966631
105,1393,1498,0.14852591953263927
106,1397,1503,0.14855069037115545
105,1401,1506,0.14857095216863134
106,1405,1511,0.14859257618315436
107,1402,1509,0.14860989288331533
106,1414,1520,0.14862344167125777
104,1418,1522,0.14863916058348903
106,1397,1503,0.14865986512907128
106,1397,1503,0.14867333749846665
102,1402,1504,0.14868597639718678
101,1410,1511,0.14870953312160784
101,1424,1525,0.14873425486112699
102,1420,1522,0.14875728390836845
99,1418,1517,0.14877579594175647
96,1421,1517,0.14880201577733257
95,1421,1516,0.14883539533813234
95,1424,1519,0.14886952107593118
97,1422,1519,0.1489012814342769
95,1435,1530,0.14892510435693032
95,1433,1528,0.14895312735118116
99,1428,1527,0.14897946171057463
100,1426,1526,0.14899222592398678
99,1413,1512,0.14900123040532645
101,1408,1509,0.14901247908030843
102,1409,1511,0.14901694020989908
103,1418,1521,0.1490182449672805
100,1427,1527,0.14901648424439876
99,1426,1525,0.14902380283203684
98,1419,1517,0.1490335360636042
94,1426,1520,0.1490457851330724
94,1408,1502,0.14906887193373985
94,1402,1496,0.14909026953269192
97,1417,1514,0.14910995324483906
94,1419,1513,0.1491195459809904
96,1421,1517,0.14913728102022805
92,1414,1506,0.14914828491102303
88,1424,1512,0.149170855079514
90,1441,1531,0.1492039136488882
90,1436,1526,0.14922929571626395
92,1429,1521,0.14925303682408214
89,1422,1511,0.14926914068013822
88,1421,1509,0.14929325217491085
88,1431,1519,0.14931880905166042
86,1449,1535,0.14934289581301102
83,1444,1527,0.1493713637259285
85,1443,1528,0.14940690005742951
82,1446,1528,0.1494341707778754
78,1451,1529,0.14946896513676228
80,1450,1530,0.14951377296650864
81,1445,1526,0.14954952871386173
82,1447,1529,0.1495800688949714
88,1446,1534,0.14960560338670661
84,1447,1531,0.14961136553115054
83,1422,1505,0.14962859877853937
82,1432,1514,0.1496477481928815
82,1431,1513,0.14966861929859143
80,1438,1518,0.1496882031347161
82,1452,1534,0.14971248737343917
83,1452,1535,0.14972904673655565
82,1443,1525,0.1497419413266429
83,1444,1527,0.14975719590596615
83,1429,1512,0.14976862632566712
80,1435,1515,0.14977929348919722
81,1451,1532,0.14979812701180373
80,1446,1526,0.14981267399607026
77,1444,1521,0.14982920595280316
77,1444,1521,0.14985386997764472
74,1431,1505,0.14987689678859786
74,1428,1502,0.1499075099994111
77,1427,1504,0.14993628347973484
77,1424,1501,0.14995421181134488
78,1424,1502,0.14997099083705814
79,1433,1512,0.14998371363851784
78,1428,1506,0.1499928041761568
75,1432,1507,0.15000445539681123
74,1439,1513,0.15002455664125655
72,1439,1511,0.15004640957346393
74,1444,1518,0.1500727147098329
71,1442,1513,0.1500913982827782
70,1441,1511,0.15011786738646052
73,1436,1509,0.15014579358955918
72,1441,1513,0.15016303193859792
75,1447,1522,0.15018250880704476
74,1438,1512,0.15019167801645494
72,1438,1510,0.1502033994313596
73,1428,1501,0.15022020986842424
73,1425,1498,0.15023297246876216
73,1426,1499,0.1502450299338952
70,1438,1508,0.1502566239240353
69,1446,1515,0.15027673924736798
69,1435,1504,0.15029861288029667
71,1436,1507,0.15031926619057845
71,1438,1509,0.15033289350307943
68,1434,1502,0.15034570077736636
68,1433,1501,0.15036703034904078
70,1431,1501,0.1503871197199757
69,1438,1507,0.15039994162620793
69,1437,1506,0.15041529572479223
71,1440,1511,0.15042967093352522
70,1444,1514,0.15043704315822692
68,1437,1505,0.15044712755895057
67,1451,1518,0.15046258675952254
66,1450,1516,0.15047997030456542
67,1448,1515,0.15049921036479608
66,1457,1523,0.15051414297759955
60,1468,1528,0.15053101777374517
60,1464,1524,0.15056498926299966
63,1449,1512,0.15059664091923275
61,1461,1522,0.1506171644047577
62,1459,1521,0.15064236358134894
58,1449,1507,0.15066275947676291
56,1449,1505,0.15069396503528026
54,1458,1512,0.15072926413758803
55,1460,1515,0.15076828263568845
56,1468,1524,0.15080178024295038
55,1469,1524,0.1508301301899072
55,1460,1515,0.15085970466789178
54,1455,1509,0.15088744499913603
55,1473,1528,0.15091653676884972
54,1458,1512,0.15094066305014364
55,1455,1510,0.15096640386308255
54,1464,1518,0.15098733904648015
52,1470,1522,0.1510100899631698
49,1466,1515,0.1510376036520301
49,1479,1528,0.15107253572518708
48,1471,1519,0.1511052607989091
52,1475,1527,0.1511389480902629
52,1482,1534,0.15115832276885455
52,1487,1539,0.1511765700871977
52,1478,1530,0.15119373339250233
52,1460,1512,0.151209885153381
53,1463,1516,0.15122507128493345
54,1460,1514,0.15123632955406233
53,1468,1521,0.15124377707646205
52,1458,1510,0.15125386628167772
51,1461,1512,0.15126635721074633
52,1468,1520,0.15128113114048586
51,1465,1516,0.15129201074084508
52,1472,1524,0.1513054841087912
51,1462,1513,0.15131514103857494
52,1465,1517,0.15132728473661852
52,1473,1525,0.151335678537572
51,1467,1518,0.1513434382273145
49,1470,1519,0.15135382510368336
52,1474,1526,0.15136972284995828
52,1465,1517,0.15137540279017445
53,1479,1532,0.15138087537734501
53,1469,1522,0.1513828518385297
54,1468,1522,0.15138474109605626
55,1471,1526,0.15138332636697854
55,1457,1512,0.15137911087069103
56,1452,1508,0.1513751989761452
59,1456,1515,0.15136855436156008
60,1438,1498,0.15135307119286517
57,1437,1494,0.15133563740539574
58,1433,1491,0.15132850502990697
59,1445,1504,0.1513187665336008
58,1448,1506,0.15130663245410836
58,1450,1508,0.15129811445627525
57,1455,1512,0.15129016864471767
56,1453,1509,0.15128571026509605
56,1459,1515,0.15128480805632707
55,1461,1516,0.1512839003147432
56,1460,1516,0.15128602724673243
56,1455,1511,0.1512850287007811
57,1462,1519,0.15128411226035982
57,1475,1532,0.15128021818146828
56,1469,1525,0.15127663020997192
54,1477,1531,0.15127631235349567
55,1462,1517,0.1512820591464806
52,1454,1506,0.15128432974316527
52,1448,1500,0.15129558101962332
51,1448,1499,0.15130606980278302
50,1452,1502,0.15131886615174095
53,1456,1509,0.15133398462606787
56,1464,1520,0.15133896744322844
57,1457,1514,0.15133447739766456
55,1468,1523,0.151327248842213
55,1471,1526,0.15132657723640222
59,1460,1519,0.15132606174307558
59,1458,1517,0.15131361824761458
59,1437,1496,0.15130208529453704
55,1463,1518,0.1512915482932707
57,1476,1533,0.15129375384122104
54,1470,1524,0.15128987677078715
58,1465,1523,0.15129537553434094
57,1454,1511,0.15128834986339576
57,1461,1518,0.15128487217358072
60,1462,1522,0.15128174550878268
60,1476,1536,0.1512697985947032
63,1468,1531,0.15125874342022957
60,1470,1530,0.1512395002274398
60,1474,1534,0.15123060961568136
60,1468,1528,0.1512224429853606
60,1471,1531,0.15121477203701544
58,1468,1526,0.1512078435540233
57,1471,1528,0.1512075538148448
57,1468,1525,0.15121027614247232
54,1473,1527,0.15121267601557128
55,1476,1531,0.15122381652926709
54,1465,1519,0.15123135528475787
54,1445,1499,0.15124143449566016
55,1461,1516,0.15125092254328804
53,1449,1502,0.15125682537200713
54,1468,1522,0.15126823941261824
56,1476,1532,0.1512757952377919
55,1471,1526,0.1512768863392323
53,1469,1522,0.15128093636610093
50,1480,1530,0.15129075030506725
49,1480,1529,0.15130903867919834
49,1476,1525,0.15132910107706354
50,1476,1526,0.1513480129122844
49,1471,1520,0.15136279133637054
49,1466,1515,0.15137965415179294
49,1474,1523,0.1513954602208436
47,1480,1527,0.15141030538563643
47,1472,1519,0.15143049678286735
44,1471,1515,0.1514494369175095
44,1465,1509,0.15147608756313505
47,1451,1498,0.15150120120498844
48,1449,1497,0.15151533928333652
46,1452,1498,0.15152564798845333
47,1448,1495,0.15154134791317567
48,1452,1500,0.15155304242499595
48,1454,1502,0.1515610390644979
47,1456,1503,0.15156857546523964
45,1471,1516,0.15157885700238452
45,1461,1506,0.15159448555573576
46,1469,1515,0.15160911060810786
47,1469,1516,0.15161997547799008
47,1476,1523,0.1516271812146243
46,1487,1533,0.15163395853767397
46,1479,1525,0.15164339453909684
47,1478,1525,0.15165217540412806
48,1481,1529,0.15165729891181529
46,1477,1523,0.15165913349929697
48,1475,1523,0.15166725035427928
47,1472,1519,0.15166885510720557
47,1469,1516,0.15167340344655678
46,1462,1508,0.1516777003692799
44,1467,1511,0.15168477391739993
44,1455,1499,0.15169748623687224
45,1456,1501,0.15170944121254346
46,1463,1509,0.151717691914953
46,1466,1512,0.15172245422712108
47,1467,1514,0.1517269628246582
44,1468,1512,0.15172805312693516
44,1483,1527,0.15173802052981067
44,1470,1514,0.15174735266362918
45,1460,1505,0.15175605792592312
47,1469,1516,0.1517611344724266
47,1462,1509,0.15175989656251013
47,1457,1504,0.15175892037977531
45,1460,1505,0.1517580697971205
43,1464,1507,0.15176324364635427
46,1470,1516,0.15177423630555262
48,1466,1514,0.151775575835369
47,1463,1510,0.15177084361252122
46,1472,1518,0.15176971465705688
44,1472,1516,0.15177175003046095
46,1483,1529,0.15177958077288953
47,1485,1532,0.15178096769987284
45,1477,1522,0.15177932564511828
45,1461,1506,0.15178388063633017
46,1456,1502,0.15178823778181175
46,1472,1518,0.15178960360207758
46,1477,1523,0.15179101854529103
46,1461,1507,0.15179243269409465
45,1478,1523,0.15179382190151272
44,1467,1511,0.15179812873720824
43,1484,1527,0.15180491539397017
42,1478,1520,0.15181420719383257
42,1471,1513,0.1518258213100397
43,1466,1509,0.15183667064188985
41,1465,1506,0.1518438716420632
43,1470,1513,0.1518567404418104
44,1461,1505,0.15186268744840073
46,1466,1512,0.1518652068498144
46,1462,1508,0.15186158730179708
45,1455,1500,0.151858315895645
40,1455,1495,0.1518582916450787
40,1446,1486,0.15187340078170905
40,1452,1492,0.1518875282151825
39,1457,1496,0.15190069053036329
40,1462,1502,0.15191601954010742
43,1478,1521,0.1519273591956385
44,1483,1527,0.15192869492395464
44,1482,1526,0.15192705280937038
44,1469,1513,0.15192564541413464
42,1480,1522,0.15192437706993325
42,1480,1522,0.15192923501053202
42,1463,1505,0.15193377542381514
42,1465,1507,0.15193802957848568
42,1458,1500,0.15194190986150313
41,1469,1510,0.15194523804148624
42,1461,1503,0.15195131440241152
42,1476,1518,0.1519539047390013
40,1469,1509,0.15195632199417985
41,1467,1508,0.1519647420950256
42,1481,1523,0.1519695730583573
42,1473,1515,0.15197110516764714
41,1454,1495,0.15197255901552414
42,1462,1504,0.1519769589759707
41,1461,1502,0.15197809481456281
39,1475,1514,0.15198219270738955
38,1482,1520,0.15199207258231673
39,1486,1525,0.1520044491253668
39,1480,1519,0.15201305840330853
39,1480,1519,0.1520211429346487
38,1489,1527,0.1520286149102438
36,1495,1531,0.15203870872588812
36,1482,1518,0.15205419098963524
37,1486,1523,0.15206862929768047
38,1481,1519,0.15207901793972123
38,1469,1507,0.15208573435220432
36,1478,1514,0.15209203577888275
34,1479,1513,0.15210406189518114
35,1472,1507,0.15212142835896306
36,1472,1508,0.15213462632052774
35,1479,1514,0.15214391324878893
35,1480,1515,0.1521556317289424
33,1479,1512,0.15216663412667866
33,1479,1512,0.1521830949777152
33,1489,1522,0.15219851986555688
34,1478,1512,0.15221292215019835
33,1472,1505,0.15222328461302176
35,1484,1519,0.15223611669605186
33,1488,1521,0.1522419340880803
33,1491,1524,0.15225347441605216
33,1498,1531,0.15226427265247386
34,1500,1534,0.15227438062763818
34,1492,1526,0.15228072575546828
33,1480,1513,0.1522866987253625
33,1481,1514,0.15229535735755298
33,1488,1521,0.15230348275494598
36,1485,1521,0.15231109812257634
37,1478,1515,0.15230910599951983
40,1489,1529,0.15230414019989882
40,1482,1522,0.15229037754779154
40,1483,1523,0.15227762258819558
39,1484,1523,0.15226575968061884
37,1483,1520,0.15225770052666196
38,1473,1511,0.15225623104182784
38,1465,1503,0.15225177240490975
37,1471,1508,0.1522476022269607
36,1471,1507,0.15224678756976873
34,1474,1508,0.15224902161477322
36,1457,1493,0.15225718468189042
37,1460,1497,0.15225864509917472
38,1459,1497,0.15225698520451306
40,1458,1498,0.15225232258125698
40,1463,1503,0.1522419509378733
39,1469,1508,0.15223230648291577
39,1474,1513,0.15222641096231257
38,1493,1531,0.1522209927180994
38,1485,1523,0.15221905874214187
38,1480,1518,0.15221728904381712
38,1478,1516,0.15221551776443953
38,1469,1507,0.15221381885999358
38,1482,1520,0.15221207927551558
38,1473,1511,0.15221053113705668
38,1480,1518,0.15220915018373163
35,1474,1509,0.1522078476698802
35,1478,1513,0.15221585663869788
35,1485,1520,0.15222322114023182
35,1490,1525,0.15222994527368333
34,1496,1530,0.1522362207600503
36,1488,1524,0.15224519222453595
36,1485,1521,0.15224738403727767
37,1489,1526,0.15224944282399386
39,1483,1522,0.15224828808960583
39,1472,1511,0.15224110557599907
37,1469,1506,0.15223442487169003
38,1476,1514,0.15223438258431152
37,1481,1518,0.15223118465343238
37,1482,1519,0.15223125121315464
37,1489,1526,0.15223131064420833
36,1479,1515,0.15223135859317302
36,1486,1522,0.152234448709232
36,1475,1511,0.15223728560736918
36,1475,1511,0.1522399386284258
37,1470,1507,0.15224242856544426
36,1463,1499,0.15224174212763206
34,1487,1521,0.15224414786369725
34,1496,1530,0.1522526764182206
35,1490,1525,0.15226067210083638
35,1465,1500,0.1522651840022074
34,1477,1511,0.15226953941961205
34,1488,1522,0.15227668570905678
33,1481,1514,0.15228342635281178
34,1477,1511,0.15229289629853285
35,1477,1512,0.15229869418874334
35,1474,1509,0.15230113446289223
31,1483,1514,0.15230345970910186
31,1488,1519,0.15231788941706773
31,1484,1515,0.1523313940707838
33,1491,1524,0.15234402993800622
31,1479,1510,0.1523497169481802
30,1484,1514,0.15236123912318503
28,1471,1499,0.15237505889890876
28,1497,1525,0.1523940404319095
29,1493,1522,0.15241169823235365
30,1491,1521,0.15242513019791493
30,1501,1531,0.15243460339162154
29,1494,1523,0.1524435285359413
28,1489,1517,0.15245508799231736
27,1487,1514,0.15246900319016704
27,1485,1512,0.152485150019473
28,1493,1521,0.15250028014838848
27,1499,1526,0.15251132296397604
28,1507,1535,0.15252471882374885
29,1497,1526,0.1525342059320142
28,1500,1528,0.15254003896027532
29,1493,1522,0.152548617515563
29,1505,1534,0.15255351959898328
27,1498,1525,0.15255816898347088
27,1474,1501,0.15256868326676415
26,1470,1496,0.15257851383793197
26,1475,1501,0.15259083551652985
28,1480,1508,0.1526023078649294
29,1483,1512,0.15260685649099298
28,1486,1514,0.1526080300476246
30,1476,1506,0.15261223709648078
29,1481,1510,0.15260996569298454
28,1486,1514,0.15261103154185773
28,1471,1499,0.1526152080558016
28,1476,1504,0.15261911820087157
29,1484,1513,0.15262278919418415
30,1501,1531,0.15262318040658518
31,1496,1527,0.15262044747315595
30,1496,1526,0.15261478355126828
30,1496,1526,0.15261261050173527
30,1483,1513,0.15261057272974657
30,1475,1505,0.15260864080981018
30,1471,1501,0.15260682083934
30,1488,1518,0.15260511100851498
31,1493,1524,0.1526035064789171
30,1496,1526,0.1525989279678208
29,1480,1509,0.15259775753578125
29,1487,1516,0.1525997184430362
31,1496,1527,0.15260153686832834
31,1480,1511,0.15259701540531823
31,1481,1512,0.15259273183456973
31,1481,1512,0.1525886791380813
30,1477,1507,0.1525848581358656
27,1490,1517,0.15258438632102364
28,1488,1516,0.1525931513430954
28,1486,1514,0.15259822879437543
27,1479,1506,0.1526029314360639
28,1475,1503,0.15261038528827317
28,1488,1516,0.1526142555232581
26,1495,1521,0.152617898999572
27,1503,1530,0.15262761116377718
27,1509,1536,0.15263360423458605
26,1492,1518,0.15263928471401209
26,1486,1512,0.15264772129788753
25,1476,1501,0.1526555888269477
25,1482,1507,0.15266608867467174
25,1493,1518,0.15267591290502508
26,1488,1514,0.15268511309874364
26,1497,1523,0.15269063207285125
26,1504,1530,0.15269586502055726
24,1505,1529,0.15270073357880534
24,1501,1525,0.15271151282705367
23,1489,1512,0.1527216532951774
23,1486,1509,0.1527342621872976
22,1479,1501,0.15274611935807905
24,1480,1504,0.15276031237929966
25,1495,1520,0.15276733814448396
25,1480,1505,0.15277082815912735
24,1475,1499,0.15277416502999153
23,1492,1515,0.1527804592993407
21,1495,1516,0.15278940710947653
23,1494,1517,0.15280400292981253
24,1496,1520,0.15281134683263314
23,1496,1519,0.15281511037167378
23,1489,1512,0.1528218118398842
23,1493,1516,0.15282809679032147
24,1505,1529,0.15283399548528376
22,1497,1519,0.1528363705461495
21,1488,1509,0.15284490357286745
21,1486,1507,0.15285606123892567
25,1494,1519,0.1528665234217442
25,1478,1503,0.15286370647293826
26,1481,1507,0.15286117374743002
26,1496,1522,0.15285565454764663
27,1488,1515,0.15285055424646996
26,1496,1522,0.15284268975070361
26,1483,1509,0.15283849118096796
26,1488,1514,0.1528345256483048
26,1484,1510,0.15283079436393168
26,1491,1517,0.15282728035761337
25,1495,1520,0.1528240092293468
25,1491,1516,0.15282412545590604
26,1495,1521,0.15282418195504655
23,1485,1508,0.15282105868561807
23,1488,1511,0.15282749526803355
25,1498,1523,0.1528334662620803
26,1492,1518,0.15283276459952183
26,1493,1519,0.15282900107502498
27,1493,1520,0.15282549023739403
26,1482,1508,0.15281904652949607
25,1479,1504,0.15281617049861732
24,1477,1501,0.15281660589108703
25,1482,1507,0.15282012702962075
25,1495,1520,0.15282023408119585
24,1479,1503,0.15282031763793735
24,1495,1519,0.15282354587814997
24,1489,1513,0.15282656551293194
25,1502,1527,0.15282934038162613
25,1497,1522,0.152828837798225
24,1485,1509,0.15282843629537843
24,1478,1502,0.15283111701139765
27,1481,1508,0.15283374209225437
28,1482,1510,0.15282670135375387
26,1486,1512,0.15281706849502336
26,1489,1515,0.1528143500681187
27,1500,1527,0.15281190412465467
27,1493,1520,0.152806463407691
26,1486,1512,0.1528013763974998
27,1473,1500,0.15279968658657503
27,1475,1502,0.15279498379802953
26,1485,1511,0.15279056953881162
27,1498,1525,0.1527895833085611
26,1485,1511,0.15278548484582624
26,1494,1520,0.15278481570067207
26,1497,1523,0.15278424029466675
27,1501,1528,0.15278369616008747
27,1504,1531,0.15278010561863448
26,1490,1516,0.1527767549159879
26,1492,1518,0.15277667551888022
25,1487,1512,0.15277657086488552
24,1493,1517,0.15277961338255888
25,1497,1522,0.1527855378877817
26,1503,1529,0.15278801832775213
26,1496,1522,0.15278719421683631
25,1502,1527,0.15278643864470218
26,1509,1535,0.1527889278187925
24,1490,1514,0.15278816975711618
24,1506,1530,0.15279380829110167
24,1505,1529,0.1527991143742526
21,1495,1516,0.1528040997470059
21,1497,1518,0.15281816565932915
19,1487,1506,0.15283130644376008
21,1498,1519,0.15285000226722167
21,1487,1508,0.1528612457310073
19,1497,1516,0.15287180347433751
19,1504,1523,0.1528878778984575
18,1494,1512,0.15290285802333115
16,1490,1506,0.1529199423983348
17,1487,1504,0.15294221132858307
17,1488,1505,0.15295996735298506
19,1497,1516,0.15297667210335736
20,1505,1525,0.15298618796010488
19,1515,1534,0.1529919570427414
19,1512,1531,0.15300053151455517
18,1493,1511,0.15300864692848887
16,1487,1503,0.15301942118766818
16,1496,1512,0.15303594333432735
16,1485,1501,0.15305146667035496
16,1499,1515,0.15306604871517415
18,1507,1525,0.15307974816227912
16,1490,1506,0.15308633393849821
16,1496,1512,0.15309878301004795
15,1485,1500,0.15311043399965313
16,1477,1493,0.15312442822494263
16,1486,1502,0.15313440684625015
18,1474,1492,0.15314373305692203
18,1492,1510,0.15314624329210205
18,1500,1518,0.1531486268821724
19,1504,1523,0.15315085095321185
19,1497,1516,0.15314978518224134
17,1497,1514,0.15314879272619117
19,1510,1529,0.1531541709312657
18,1505,1523,0.15315300423879932
17,1500,1517,0.15315508545418172
18,1496,1514,0.15316025867668476
18,1492,1510,0.15316199301310512
20,1495,1515,0.15316364062265775
19,1491,1510,0.15315891995566333
19,1488,1507,0.1531578167349896
20,1499,1519,0.15315682622732907
19,1482,1501,0.15315283250098669
18,1489,1507,0.1531523323609713
17,1489,1506,0.15315500010313834
16,1497,1513,0.15316058079014763
15,1496,1511,0.15316901427354565
16,1496,1512,0.1531798713994349
16,1491,1507,0.15318690985867373
18,1509,1527,0.1531934171941579
19,1509,1528,0.15319319472531867
19,1509,1528,0.15318990801395743
19,1503,1522,0.15318695970083607
19,1508,1527,0.15318430061938312
19,1507,1526,0.15318185288144218
19,1504,1523,0.15317958511541946
20,1504,1524,0.15317747710751825
20,1515,1535,0.1531724000232967
20,1501,1521,0.15316768551754387
20,1512,1532,0.15316329391785655
20,1500,1520,0.1531591944264979
20,1502,1522,0.1531553625601071
22,1502,1524,0.1531517774934006
22,1502,1524,0.15314218675340618
22,1482,1504,0.15313329434900103
21,1486,1507,0.1531250066113998
21,1487,1508,0.15312031298942913
21,1485,1506,0.15311577020424244
22,1489,1511,0.1531114808850133
23,1487,1510,0.1531043788374501
23,1487,1510,0.15309456624520038
23,1470,1493,0.15308542273729847
23,1466,1489,0.15307687227459366
24,1480,1504,0.1530688673140598
25,1481,1506,0.153058187363653
26,1481,1507,0.15304508144096685
25,1488,1513,0.15302976675057248
26,1496,1522,0.15301854231873657
26,1491,1517,0.1530049056185945
26,1499,1525,0.15299212760093778
26,1495,1521,0.15298026157430983
26,1481,1507,0.15296910309816802
24,1489,1513,0.1529586685002911
23,1495,1518,0.15295507005649764
24,1477,1501,0.15295483536874038
23,1482,1505,0.15295145535499935
23,1486,1509,0.1529513521288306
23,1497,1520,0.15295119416156225
23,1494,1517,0.15295115958201286
24,1488,1512,0.15295118335957264
23,1490,1513,0.15294805652157778
21,1490,1511,0.15294822540585706
18,1489,1507,0.1529545237969347
20,1484,1504,0.15296951348995097
20,1500,1520,0.15297718635340737
21,1504,1525,0.15298431353552544
22,1502,1524,0.15298777227493862
22,1494,1516,0.15298793059017854
22,1476,1498,0.15298810682220673
23,1488,1511,0.15298828438265166
25,1479,1504,0.1529852704820615
26,1471,1497,0.15297623387463266
26,1475,1501,0.1529646502007641
26,1481,1507,0.15295387772356528
26,1491,1517,0.15294384337500705
26,1488,1514,0.15293446548562956
26,1498,1524,0.15292568796221498
21,1489,1510,0.152917465785186
20,1487,1507,0.15292512241719627
21,1477,1498,0.15293523648020657
21,1479,1500,0.15294141777213074
23,1494,1517,0.15294716406023456
24,1479,1503,0.1529463467125575
26,1493,1519,0.15294249279294492
25,1494,1519,0.1529327079470787
27,1486,1513,0.15292679009973043
26,1486,1512,0.15291501043500283
25,1498,1523,0.15290706490884456
25,1498,1523,0.15290272038587516
24,1498,1522,0.1528986397051217
22,1509,1531,0.15289787190540305
22,1510,1532,0.1529033414082039
22,1500,1522,0.15290852596245105
22,1486,1508,0.15291340013064433
24,1493,1517,0.15291796799097196
25,1494,1519,0.15291607799524964
25,1493,1518,0.15291127445127148
25,1489,1514,0.15290682783140436
24,1496,1520,0.15290270181770368
24,1496,1520,0.1529019822522675
24,1484,1508,0.1529013280523105
22,1503,1525,0.1529007235225324
21,1504,1525,0.15290627292963493
21,1511,1532,0.15291447666396657
21,1509,1530,0.1529221216001816
23,1501,1524,0.15292925580467534
22,1489,1511,0.15292967038724156
20,1504,1524,0.15293310519784364
20,1502,1522,0.15294256179244098
19,1513,1532,0.1529513511597815
21,1495,1516,0.15296265254386474
22,1495,1517,0.15296694001998887
21,1490,1511,0.15296789276748832
21,1515,1536,0.1529719710366698
21,1504,1525,0.15297581380514863
22,1508,1530,0.15297939070846225
22,1497,1519,0.15297962947896365
21,1505,1526,0.15297988501902415
21,1493,1514,0.1529832399098869
21,1493,1514,0.15298636978929303
21,1494,1515,0.15298929639370643
21,1499,1520,0.1529920373800045
21,1482,1503,0.1529945584414177
21,1488,1509,0.15299692283875432
21,1488,1509,0.1529991374148959
22,1486,1508,0.15300124093706005
22,1481,1503,0.15300010186811952
22,1485,1507,0.15299897643466667
23,1493,1516,0.1529979768256914
23,1490,1513,0.15299389611932443
23,1501,1524,0.15299015011497022
27,1489,1516,0.15298658982878888
26,1486,1512,0.1529706336248329
26,1477,1503,0.15295891555406813
28,1494,1522,0.15294804772224851
28,1498,1526,0.15293167832285273
27,1492,1519,0.15291638529877175
28,1487,1515,0.15290524846758433
27,1497,1524,0.152891660526867
28,1487,1515,0.152881959019048
28,1492,1520,0.15286976180456466
26,1501,1527,0.1528583223988025
26,1507,1533,0.1528538493139601
27,1505,1532,0.1528495876635145
27,1482,1509,0.15284248350259577
28,1481,1509,0.1528358640595656
28,1493,1521,0.15282653447905847
26,1499,1525,0.15281779693316383
27,1493,1520,0.15281582828592888
26,1503,1529,0.1528106794451463
27,1485,1512,0.15280895988238874
27,1484,1511,0.152804115719796
25,1487,1512,0.1527995086234886
24,1491,1515,0.15280153645162473
24,1507,1531,0.15280653862408067
23,1485,1508,0.15281125535628104
23,1490,1513,0.15281881964105104
25,1504,1529,0.15282592254691388
24,1496,1520,0.15282628108648083
25,1500,1525,0.1528297835105943
25,1506,1531,0.15282998764895953
24,1501,1525,0.1528302490020447
23,1495,1518,0.15283362397247469
23,1495,1518,0.1528400251804127
22,1503,1525,0.15284600802958695
22,1510,1532,0.15285481060428943
23,1500,1523,0.15286309654432118
22,1501,1523,0.15286775531154015
23,1497,1520,0.15287523337581083
23,1498,1521,0.1528791758563637
23,1485,1508,0.15288291054499661
23,1490,1513,0.1528864361693695
23,1486,1509,0.1528897581291438
22,1481,1503,0.15289288519919744
19,1485,1504,0.15289887977556202
18,1498,1516,0.15291367165842817
16,1493,1509,0.15293053050727792
17,1480,1497,0.15295252637254608
18,1487,1505,0.15296997802669715
19,1497,1516,0.1529832269410349
20,1489,1509,0.15299258166346913
20,1491,1511,0.1529982345828189
21,1496,1517,0.1530035753437698
21,1510,1531,0.1530055039307325
20,1506,1526,0.15300732597561725
21,1493,1514,0.15301228342577894
20,1489,1509,0.1530138781600375
19,1503,1522,0.1530185032789253
18,1501,1519,0.15302602161027937
17,1499,1516,0.15303628394136218
20,1509,1529,0.1530490459196732
20,1504,1524,0.15305174296473376
19,1506,1525,0.1530544383668599
18,1502,1520,0.15306026519426388
17,1512,1529,0.1530689008498174
15,1503,1518,0.15308027247798076
15,1490,1505,0.1530971480131532
17,1499,1516,0.15311287073456958
16,1508,1524,0.1531214387534657
16,1508,1524,0.15313274471483518
16,1496,1512,0.15314338220644655
16,1494,1510,0.15315337833139267
15,1509,1524,0.15316277031457032
15,1499,1514,0.15317471662924173
14,1500,1514,0.15318588580064607
14,1486,1500,0.15319943360982513
14,1498,1512,0.1532120824422433
14,1484,1498,0.15322392996260803
13,1496,1509,0.1532350383640996
13,1500,1513,0.15324860331867357
14,1496,1510,0.15326131396604734
15,1492,1507,0.15327007810238025
15,1500,1515,0.15327522300736413
14,1497,1511,0.1532801386463517
14,1501,1515,0.153287880647719
15,1490,1505,0.1532951062312094
16,1501,1517,0.15329876265485345
18,1504,1522,0.15329907738092577
19,1501,1520,0.15329320790028977
18,1505,1523,0.15328475964827504
18,1491,1509,0.15328002162582932
17,1499,1516,0.153275621094341
19,1497,1516,0.1532745858800254
19,1502,1521,0.15326741830998244
18,1501,1519,0.15326075638342415
18,1494,1512,0.1532576394893819
18,1485,1503,0.1532547067363213
18,1487,1505,0.15325194958449445
18,1487,1505,0.15324936006475928
19,1499,1518,0.15324692909480997
19,1507,1526,0.15324155343519721
19,1486,1505,0.15323654943631573
20,1497,1517,0.153231879572267
20,1515,1535,0.15322437630184335
20,1508,1528,0.15321737694738705
19,1497,1516,0.1532108366139476
19,1501,1520,0.15320780456205768
19,1491,1510,0.1532049350147514
17,1487,1504,0.15320222711917666
19,1493,1512,0.15320588251938994
18,1500,1518,0.15320308431760551
17,1489,1506,0.15320357838699847
17,1503,1520,0.15320711404870088
18,1495,1513,0.15321040044372522
19,1484,1503,0.15321036963014753
19,1499,1518,0.15320715829451947
18,1509,1527,0.15320420047924127
18,1516,1534,0.15320454164251418
18,1515,1533,0.153204858288634
19,1508,1527,0.15320514728664975
20,1494,1514,0.15320228374834316
20,1485,1505,0.15319658183496776
19,1484,1503,0.1531912822870495
19,1481,1500,0.1531893886738277
19,1489,1508,0.15318756169583608
19,1491,1510,0.1531858302265932
19,1489,1508,0.15318419662056773
19,1502,1521,0.15318265819396018
17,1481,1498,0.15318121075040522
18,1491,1509,0.1531859333684114
20,1492,1512,0.15318715740527108
20,1500,1520,0.1531821770757362
22,1505,1527,0.1531775914753811
22,1504,1526,0.15316717418448422
22,1508,1530,0.15315752544992411
20,1493,1513,0.15314854269366
21,1499,1520,0.1531462398203673
22,1510,1532,0.15314091244369124
21,1506,1527,0.1531328045699632
20,1483,1503,0.153128250805241
18,1502,1520,0.15312701986002888
18,1503,1521,0.15313193297727742
18,1501,1519,0.1531364339367147
19,1503,1522,0.15314056752685115
19,1494,1513,0.15314134529902593
17,1483,1500,0.1531421215175815
17,1501,1518,0.1531490834591316
18,1498,1516,0.15315554031146
18,1497,1515,0.1531584473723596
19,1496,1515,0.15316115718856255
20,1497,1517,0.1531605913452992
20,1482,1502,0.1531570619726758
20,1501,1521,0.15315382570876068
22,1495,1517,0.15315083338685456
23,1503,1526,0.15314195475100945
22,1502,1524,0.15313068114640502
24,1488,1512,0.15312328360716923
24,1500,1524,0.1531103013633598
26,1497,1523,0.15309821986501893
26,1500,1526,0.15308075457733794
24,1503,1527,0.15306443515587656
24,1499,1523,0.1530553588635845
24,1497,1521,0.15304680726627334
27,1504,1531,0.1530387712286064
27,1503,1530,0.15302202765917625
26,1497,1523,0.1530064393077786
24,1496,1520,0.15299486999087542
24,1502,1526,0.15299014127428404
23,1503,1526,0.15298567450640527
25,1498,1523,0.15298446538864044
25,1497,1522,0.1529773105963695
26,1492,1518,0.15297067835010844
25,1489,1514,0.15296139597097383
25,1489,1514,0.1529557459405188
25,1497,1522,0.1529504203357944
27,1506,1533,0.15294538836485638
28,1485,1513,0.1529345170948651
24,1494,1518,0.15292134316479308
27,1493,1520,0.15292112182021436
27,1503,1530,0.15291179626745496
27,1495,1522,0.1529031552295415
28,1491,1519,0.15289510301439266
26,1496,1522,0.15288446445621717
26,1503,1529,0.15288054663059603
26,1492,1518,0.15287681922687357
26,1496,1522,0.1528732220719333
26,1495,1521,0.15286982547809116
28,1483,1511,0.15286661459125658
28,1486,1514,0.1528574893735875
27,1479,1506,0.15284896534135448
26,1478,1504,0.15284398708564872
26,1477,1503,0.1528423451463569
25,1474,1499,0.15284072744969998
25,1478,1503,0.15284216142547585
24,1492,1516,0.1528434442751282
23,1486,1509,0.15284765245614007
23,1490,1513,0.15285455270042247
21,1490,1511,0.15286095807069688
23,1506,1529,0.1528730774675461
22,1498,1520,0.1528782813599581
22,1504,1526,0.15288618448895716
21,1496,1517,0.15289357681137813
20,1503,1523,0.15290351438714492
21,1507,1528,0.15291593901483502
22,1502,1524,0.15292455317508982
22,1495,1517,0.15292962790892867
19,1489,1508,0.1529344340187392
21,1494,1515,0.15294817845900535
21,1487,1508,0.15295482657879667
21,1485,1506,0.15296110853524883
21,1493,1514,0.15296701816885103
23,1495,1518,0.15297257164822875
23,1487,1510,0.1529716085009124
24,1487,1511,0.15297077248528815
24,1485,1509,0.15296693561113817
23,1491,1514,0.15296338041182175
23,1485,1508,0.15296309964669708
25,1493,1518,0.1529627909405393
25,1499,1524,0.15295635289698595
25,1483,1508,0.15295039768624524
23,1494,1517,0.15294485745699204
23,1488,1511,0.15294580329697394
23,1489,1512,0.1529466683971323
23,1494,1517,0.15294745127304876
23,1503,1526,0.1529481654551983
21,1508,1529,0.15294882140198246
21,1503,1524,0.15295557729817563
22,1506,1528,0.1529618386333389
23,1501,1524,0.1529645788002597
22,1503,1525,0.15296408421832067
22,1488,1510,0.15296668195989205
22,1498,1520,0.15296897257576478
21,1508,1529,0.1529710684419179
20,1497,1517,0.15297606938871977
18,1501,1519,0.15298384830829628
21,1493,1514,0.15299720329286573
21,1482,1503,0.15300032226015525
19,1479,1498,0.15300333033213104
19,1495,1514,0.15301236204754876
17,1498,1515,0.1530208262111651
17,1498,1515,0.15303493835840226
19,1497,1516,0.15304810789051362
20,1501,1521,0.15305421202195163
20,1504,1524,0.1530567938247214
20,1503,1523,0.15305927577760595
20,1510,1530,0.1530616297422565
20,1515,1535,0.15306385875947306
20,1502,1522,0.15306596747476647
20,1505,1525,0.1530679466229803
20,1496,1516,0.1530697707690477
19,1494,1513,0.15307151403308264
19,1507,1526,0.1530762818470931
19,1502,1521,0.15308074317554676
19,1504,1523,0.15308492012496291
18,1499,1517,0.15308883440953347
18,1500,1518,0.15309557045312064
18,1506,1524,0.15310185317919614
18,1503,1521,0.1531077249435347
18,1508,1526,0.1531132203370729
18,1513,1531,0.15311836803275727
18,1507,1525,0.15312319305135
17,1497,1514,0.1531276518740985
19,1496,1515,0.15313499180423107
18,1480,1498,0.1531356376879135
18,1490,1508,0.15313941507112974
17,1494,1511,0.15314298111776453
17,1483,1500,0.15314942029167067
17,1488,1505,0.15315540860833632
17,1505,1522,0.15316100742409602
17,1518,1535,0.15316625009875173
17,1518,1535,0.15317116343427156
17,1503,1520,0.15317577071544836
17,1502,1519,0.15318009277495123
17,1508,1525,0.15318414853153764
17,1504,1521,0.15318795532158336
17,1492,1509,0.15319147070043562
17,1503,1520,0.15319474350897433
17,1491,1508,0.1531977640414717
17,1490,1507,0.15320058054557237
17,1487,1504,0.1532032146714719
17,1482,1499,0.1532056815895263
18,1481,1499,0.15320799374340932
18,1491,1509,0.1532070448728356
18,1484,1502,0.1532061885094187
18,1483,1501,0.15320547594634548
16,1485,1501,0.15320477262536403
16,1489,1505,0.15321035588135828
19,1497,1516,0.1532155694152294
18,1491,1509,0.15321105019317344
19,1490,1509,0.1532099871975462
18,1506,1524,0.15320591190331673
18,1496,1514,0.15320530048137498
18,1503,1521,0.1532047700476181
19,1497,1516,0.15320429750212333
19,1498,1517,0.1532007727170026
18,1495,1513,0.15319749810503408
17,1497,1514,0.15319753771862957
18,1498,1516,0.15320071676837688
19,1505,1524,0.1532004293970617
19,1504,1523,0.15319708749846406
18,1492,1510,0.15319399161847705
18,1501,1519,0.15319425324011088
17,1507,1524,0.15319451292786035
19,1488,1507,0.15319785307397082
20,1493,1513,0.15319469434326358
20,1496,1516,0.15318860761866418
20,1490,1510,0.15318292138038234
19,1484,1503,0.1531776041285775
18,1476,1494,0.15317576159351007
18,1503,1521,0.15317710774287435
18,1515,1533,0.15317834662319765
19,1512,1531,0.15317955571237757
19,1512,1531,0.15317761989988932
18,1518,1536,0.1531758461308419
17,1510,1527,0.15317735407068253
17,1512,1529,0.15318190874222123
18,1507,1525,0.1531861748568003
18,1512,1530,0.15318709236174585
19,1510,1529,0.15318792586209656
19,1521,1540,0.15318559038210652
19,1514,1533,0.15318345921025434
18,1507,1525,0.1531814830914901
19,1503,1522,0.15318273569357074
18,1493,1511,0.1531808446485252
19,1491,1510,0.15318226685153363
19,1506,1525,0.15318045288681137
18,1497,1515,0.1531788113897622
16,1510,1526,0.15318036055698703
16,1499,1515,0.15318792299706982
17,1499,1516,0.1531949347824794
17,1496,1513,0.15319839326445497
17,1489,1506,0.15320164846525328
17,1492,1509,0.15320470593844665
16,1500,1516,0.1532075755226843
16,1517,1533,0.15321335422542903
17,1520,1537,0.15321874208506286
18,1519,1537,0.15322060685309308
18,1514,1532,0.15321922993248108
19,1502,1521,0.1532179964615806
18,1494,1512,0.15321376313170795
18,1494,1512,0.15321293162505334
19,1505,1524,0.1532121225445452
18,1497,1515,0.15320831053481998
18,1480,1498,0.15320791942532894
18,1488,1506,0.153207530685142
17,1495,1512,0.1532071612920183
17,1498,1515,0.15320990411957391
17,1498,1515,0.15321246451354237
17,1498,1515,0.15321485199863327
17,1506,1523,0.15321708118252836
17,1484,1501,0.15321916519950246
17,1486,1503,0.15322111546480405
18,1487,1505,0.15322285545852318
18,1485,1503,0.15322133109071753
20,1481,1501,0.15321990231036758
20,1477,1497,0.1532123863812075
20,1483,1503,0.1532054271117208
20,1494,1514,0.15319895665339178
20,1496,1516,0.15319292370532048
19,1494,1513,0.15318728872095075
20,1508,1528,0.15318511239647356
21,1510,1531,0.15317996135511952
21,1508,1529,0.1531720691574032
21,1511,1532,0.15316475357713077
21,1492,1513,0.15315793125302918
21,1488,1509,0.15315155578655168
20,1499,1519,0.15314559052713655
21,1480,1501,0.15314306509924616
21,1485,1506,0.15313752727815622
21,1498,1519,0.15313231593586477
21,1498,1519,0.15312742101024202
19,1509,1528,0.1531228258999814
19,1501,1520,0.15312460834119926
19,1492,1511,0.15312621327553946
19,1498,1517,0.15312767019419496
19,1505,1524,0.1531291195700908
20,1490,1510,0.15313054559376188
20,1503,1523,0.1531287331225316
20,1499,1519,0.15312702480133186
19,1498,1517,0.15312538819788568
19,1504,1523,0.15312693401058342
21,1500,1521,0.15312832568478663
20,1496,1516,0.15312343113774435
20,1499,1519,0.15312204019522674
21,1501,1522,0.15312080198224975
21,1496,1517,0.15311657898381642
21,1485,1506,0.15311266675475774
21,1492,1513,0.15310897343462923
19,1502,1521,0.15310551465009908
18,1501,1519,0.15310857792584134
19,1497,1516,0.1531145042436297
17,1490,1507,0.15311692974593813
17,1490,1507,0.15312534639537614
16,1493,1509,0.15313312210305588
17,1497,1514,0.1531434891171752
16,1503,1519,0.15315002482476897
17,1498,1515,0.15315922822025826
18,1490,1508,0.15316473972186823
17,1503,1520,0.15316683565722797
17,1503,1520,0.15317202552674097
16,1498,1514,0.15317692117365345
15,1494,1509,0.15318461690470794
15,1492,1507,0.15319494393772135
14,1495,1509,0.15320458862582284
13,1492,1505,0.15321682282772595
13,1493,1506,0.15323134960326704
14,1499,1513,0.1532449492803709
15,1487,1502,0.15325458433413178
14,1497,1511,0.15326048617767993
15,1496,1511,0.15326916104375424
15,1498,1513,0.15327415952155454
15,1503,1518,0.15327890705521915
15,1501,1516,0.1532833847901699
16,1499,1515,0.15328759801629052
15,1504,1519,0.15328846905561452
14,1504,1518,0.15329252440481367
14,1498,1512,0.15329952126836863
13,1495,1508,0.15330610097505948
13,1507,1520,0.15331538577878345
15,1503,1518,0.1533240425476152
15,1514,1529,0.1533258716866842
15,1507,1522,0.15332765856934852
15,1512,1527,0.153329374174085
15,1519,1534,0.15333100813176329
15,1510,1525,0.15333255748736693
15,1496,1511,0.1533340228983554
14,1495,1509,0.15333540677595725
13,1497,1510,0.15333980432748878
12,1496,1508,0.1533469967538183
12,1510,1522,0.153356748324059
13,1499,1512,0.1533658375517378
14,1497,1511,0.153371163620174
14,1499,1513,0.15337308476249478
14,1504,1518,0.15337493513139625
14,1512,1526,0.15337669867158849
14,1518,1532,0.15337837026959683
15,1505,1520,0.15337995025114773
14,1522,1536,0.15337832946336658
14,1506,1520,0.15337996974949075
16,1504,1520,0.15338149943204735
17,1509,1526,0.15337667991043338
17,1514,1531,0.15336909606734392
17,1500,1517,0.15336203459418268
17,1512,1529,0.1533554252091551
16,1514,1530,0.15334924998697055
15,1504,1519,0.15334661099390787
16,1502,1518,0.15334722007113893
16,1508,1524,0.1533446732936694
16,1510,1526,0.15334228611663195
15,1502,1517,0.15334005066444908
15,1504,1519,0.15334111683571228
15,1492,1507,0.1533420739269196
15,1492,1507,0.1533429523575057
15,1490,1505,0.1533437651938872
15,1499,1514,0.15334452083203165
15,1503,1518,0.15334522523908567
15,1495,1510,0.15334588302927943
16,1500,1516,0.15334650297466518
16,1493,1509,0.15334399216110062
16,1496,1512,0.15334165794696894
16,1501,1517,0.15333948465785763
17,1495,1512,0.15333747550803117
17,1498,1515,0.15333248100814242
17,1496,1513,0.15332781092426542
17,1496,1513,0.15332344639040657
17,1484,1501,0.1533193637509182
17,1501,1518,0.153315541441744
17,1509,1526,0.1533119603751974
18,1502,1520,0.1533086035263575
18,1514,1532,0.1533023409320019
17,1522,1539,0.1532964874672388
15,1513,1528,0.15329412371139936
16,1506,1522,0.15329805981939337
16,1507,1523,0.15329864459844975
15,1499,1514,0.1532991821918996
15,1494,1509,0.1533027585533598
16,1509,1525,0.15330607182032627
15,1516,1531,0.15330604849461746
14,1500,1514,0.15330909773852278
15,1503,1518,0.15331509627890438
15,1504,1519,0.15331758031863008
15,1491,1506,0.1533199069755716
14,1490,1504,0.15332209154666185
14,1511,1525,0.15332724201405093
15,1516,1531,0.1533320618858537
14,1520,1534,0.15333341424731597
15,1518,1533,0.15333780078799003
15,1506,1521,0.15333879493766164
13,1499,1512,0.153339729976903
13,1501,1514,0.15334683909727292
14,1491,1505,0.15335349380161842
14,1491,1505,0.15335658572643612
14,1494,1508,0.15335948681895692
14,1487,1501,0.1533622138720335
14,1479,1493,0.15336477680631228
12,1483,1495,0.15336718520497944
12,1497,1509,0.15337567670879118
13,1506,1519,0.1533836084669019
13,1499,1512,0.15338792032875223
14,1507,1521,0.15339204401432915
14,1500,1514,0.15339280317804505
14,1507,1521,0.15339349311137937
13,1504,1517,0.15339414361891632
14,1501,1515,0.15339787189367743
14,1504,1518,0.15339821601669462
14,1495,1509,0.15339854328399374
14,1498,1512,0.15339885869163447
13,1500,1513,0.1533991611676197
13,1492,1505,0.15340259995910632
12,1494,1506,0.15340582410362022
12,1496,1508,0.15341195834859658
12,1497,1509,0.15341770142830555
12,1502,1514,0.15342307810161881
11,1502,1513,0.15342811498588801
10,1512,1522,0.15343596096117268
11,1502,1513,0.15344643920419856
10,1504,1514,0.15345311304951395
10,1503,1513,0.15346250428284058
10,1509,1519,0.15347126617200885
10,1506,1516,0.15347947175479118
10,1507,1517,0.15348716518035488
11,1519,1530,0.1534943832145643
10,1518,1528,0.15349800607946285
11,1520,1531,0.1535046038676103
11,1513,1524,0.15350764010157827
11,1499,1510,0.15351049679393686
11,1507,1518,0.15351318940365957
12,1516,1528,0.15351572622427503
12,1502,1514,0.15351497186098634
12,1494,1506,0.1535142900594677
12,1491,1503,0.15351367244457756
12,1499,1511,0.15351310783280925
13,1495,1508,0.1535125356882526
12,1509,1521,0.1535088537026711
12,1504,1516,0.15350858064325643
10,1493,1503,0.1535083336186861
10,1504,1514,0.1535143662093664
11,1506,1517,0.15352000797549015
11,1516,1527,0.15352214200173192
11,1522,1533,0.15352414609810106
11,1504,1515,0.15352603192977377
10,1505,1515,0.15352780542321776
9,1514,1523,0.15353263920787824
8,1507,1515,0.15354031307205587
8,1503,1511,0.1535506571613993
8,1512,1520,0.1535603051635808
8,1509,1517,0.15356933574800416
7,1516,1523,0.15357779930545937
7,1502,1509,0.15358893293086914
7,1512,1519,0.15359938460460001
7,1511,1518,0.15360919219403396
7,1500,1507,0.15361839855032636
6,1506,1512,0.1536270429756434
6,1511,1517,0.1536383424742714
6,1512,1518,0.15364894955273145
6,1514,1520,0.153658903811737
6,1523,1529,0.153668249757164
6,1524,1530,0.1536770276682908
5,1513,1518,0.1536852741288735
5,1512,1517,0.15369624048282035
5,1519,1524,0.15370650532727148
5,1504,1509,0.1537161375064024
5,1503,1508,0.15372518194442755
5,1513,1518,0.1537336777655586
5,1523,1528,0.15374166028430986
5,1527,1532,0.1537491618494062
5,1529,1534,0.15375621234818024
4,1519,1523,0.15376283954278183
4,1511,1515,0.15377228347364053
5,1528,1533,0.15378116508975098
5,1522,1527,0.15378630522495282
5,1514,1519,0.1537911374313393
5,1525,1530,0.15379568428259863
6,1527,1533,0.15379996262956694
6,1516,1522,0.15380077569819334
7,1521,1528,0.1538015554193645
7,1508,1515,0.15379908120353666
7,1502,1509,0.1537967923848489
6,1501,1507,0.15379466549818235
6,1503,1509,0.1537958699275955
7,1516,1523,0.153797001373583
7,1524,1531,0.15379485536952725
7,1506,1513,0.15379286400995337
6,1503,1509,0.15379100876473817
6,1511,1517,0.15379246000199806
4,1530,1534,0.1537938185134631
4,1521,1525,0.15380149976797047
4,1518,1522,0.1538086926059226
4,1525,1529,0.1538154269633225
4,1519,1523,0.15382173987279107
4,1522,1526,0.15382766285297542
4,1527,1531,0.15383322326831436
4,1524,1528,0.15383844543471117
4,1518,1522,0.15384335133875024
4,1516,1520,0.15384796109892096
7,1520,1527,0.15385229327146002
7,1508,1515,0.15384665732660813
7,1507,1514,0.15384147306219695
6,1508,1514,0.15383665558705223
6,1516,1522,0.15383537764211672
5,1524,1529,0.1538341489632604
6,1521,1527,0.15383619514433744
6,1519,1525,0.15383489186204483
6,1506,1512,0.1538337127504426
7,1505,1512,0.15383261718240815
6,1499,1505,0.15382839162978143
6,1505,1511,0.15382766546467525
6,1508,1514,0.15382697964685638
6,1500,1506,0.1538263299605915
6,1499,1505,0.153825716982718
6,1496,1502,0.1538251399685167
6,1501,1507,0.153824597460076
6,1514,1520,0.15382408769351413
6,1510,1516,0.1538236088151167
6,1517,1523,0.1538231515518141
6,1513,1519,0.1538227076014458
6,1513,1519,0.15382228557037783
6,1514,1520,0.15382188671249647
5,1503,1508,0.1538215107892608
6,1501,1507,0.1538243509098586
5,1498,1503,0.15382381303023857
6,1492,1498,0.15382649124313413
7,1496,1503,0.15382580332093254
6,1489,1495,0.15382196411723303
6,1500,1506,0.15382158369078097
6,1515,1521,0.15382121937005785
6,1513,1519,0.15382085544555185
6,1509,1515,0.15382055690786672
6,1511,1517,0.15382028276868953
6,1501,1507,0.15382002753577248
6,1507,1513,0.15381978884869463
6,1513,1519,0.1538195651732541
6,1515,1521,0.1538193553274244
6,1518,1524,0.153819158324036
4,1515,1519,0.153818973300749
6,1497,1503,0.1538251951055145
5,1505,1510,0.15382459316261657
5,1512,1517,0.15382726679758096
5,1513,1518,0.1538297672051533
7,1522,1529,0.1538321089745338
6,1522,1528,0.15382786254385614
6,1525,1531,0.15382715060505092
6,1525,1531,0.15382648803853372
6,1519,1525,0.1538258688101981
6,1526,1532,0.15382528967619755
6,1519,1525,0.15382474733343096
6,1497,1503,0.1538242389261305
6,1507,1513,0.1538237619883266
6,1501,1507,0.1538233143466882
6,1511,1517,0.15382289405019484
6,1512,1518,0.15382249932373793
6,1523,1529,0.15382212853720983
7,1515,1522,0.15382178018414683
6,1506,1512,0.15381824959496415
6,1507,1513,0.1538182093914287
6,1505,1511,0.15381814397909305
6,1514,1520,0.1538180751367839
6,1525,1531,0.15381800663368328
6,1531,1537,0.15381794010662694
6,1522,1528,0.15381787632944033
6,1525,1531,0.15381781563554747
6,1515,1521,0.1538177581243711
6,1507,1513,0.15381770377031947
6,1498,1504,0.15381765248207707
6,1508,1514,0.15381760413536466
6,1514,1520,0.15381755859113216
6,1511,1517,0.15381751570562968
6,1517,1523,0.1538174753359206
6,1518,1524,0.15381743734283496
5,1517,1522,0.15381740159248586
5,1515,1520,0.15382056839236202
5,1511,1516,0.1538235022371838
5,1513,1518,0.15382624708539086
5,1512,1517,0.15382881689650144
5,1525,1530,0.15383122539251745
5,1516,1521,0.1538334845774906
5,1511,1516,0.15383560498520013
5,1512,1517,0.1538375959980235
5,1506,1511,0.15383946609511617
3,1513,1516,0.15384122302471373
3,1523,1526,0.15384931813998354
3,1525,1528,0.153856872680136
3,1522,1525,0.15386395145818446
3,1529,1532,0.15387059243055906
3,1508,1511,0.15387682637377037
3,1519,1522,0.15388268048948192
3,1525,1528,0.15388817946761754
3,1519,1522,0.1538933459713276
3,1522,1525,0.15389820093404322
3,1524,1527,0.15390276377057913
3,1534,1537,0.15390705253925518
3,1541,1544,0.15391108407261847
3,1533,1536,0.15391487408647112
3,1526,1529,0.15391843727302443
3,1520,1523,0.15392178738190293
3,1521,1524,0.1539249372915271
3,1519,1522,0.1539278990726794
3,1519,1522,0.15393068404559768
3,1517,1520,0.15393330283162196
3,1525,1528,0.15393576540019957
3,1516,1519,0.15393808111188662
3,1505,1508,0.15394025875786085
3,1505,1508,0.15394230659636401
3,1511,1514,0.153944232386419
3,1522,1525,0.1539460434191089
3,1519,1522,0.15394774654665877
3,1514,1517,0.15394934820952588
3,1513,1516,0.1539508544616734
3,1501,1504,0.1539522709941813
2,1506,1508,0.15395360315732706
2,1509,1511,0.15395809686359427
2,1518,1520,0.15396232097882848
2,1520,1522,0.15396628547712715
2,1512,1514,0.15397000781883408
2,1525,1527,0.15397350402621232
2,1510,1512,0.15397678874882048
2,1517,1519,0.15397987544274355
2,1516,1518,0.1539827765292178
2,1508,1510,0.15398550352322374
2,1528,1530,0.15398806713510196
2,1537,1539,0.15399047735150018
2,1530,1532,0.153992743501386
1,1517,1518,0.1539948743113482
1,1521,1522,0.1540001603716265
0,1522,1522,0.15400509738178314
