1376,28,1404,0.13584104848185605
1410,29,1439,0.1329969975971209
1430,32,1462,0.1303074545433701
1441,32,1473,0.1278006474308252
1443,32,1475,0.1254855549998258
1459,31,1490,0.12337064225783045
1457,31,1488,0.12140257995660467
1454,32,1486,0.11961467520682251
1454,30,1484,0.11799388696788288
1461,30,1491,0.1165170037022229
1461,28,1489,0.11515396944959676
1471,28,1499,0.11391262063576292
1454,29,1483,0.11275799445839053
1452,29,1481,0.11174644970731908
1461,31,1492,0.11083008241276956
1474,33,1507,0.10997394942540396
1468,33,1501,0.10916402929327106
1458,32,1490,0.10843994278788817
1456,33,1489,0.10780342691273814
1461,36,1497,0.1072281923445208
1453,34,1487,0.10669293060967514
1455,32,1487,0.10622306679738312
1461,36,1497,0.10579078534759048
1451,36,1487,0.10538351103585838
1444,38,1482,0.1050352609274702
1459,38,1497,0.10473284485886815
1450,41,1491,0.10442461183209917
1456,39,1495,0.1041635924037671
1442,39,1481,0.10391280044809272
1444,39,1483,0.10371517283674667
1453,38,1491,0.10353071821254826
1446,38,1484,0.1033431158784393
1431,41,1472,0.10318700427503674
1428,45,1473,0.10307805066795978
1435,44,1479,0.10298529580776179
1444,44,1488,0.10288520121046668
1435,44,1479,0.1027744898981496
1441,43,1484,0.1026927654964497
1449,43,1492,0.10260517294097461
1445,44,1489,0.10250806852557431
1460,44,1504,0.10242811753893488
1458,42,1500,0.10232320202224851
1444,43,1487,0.10223237430842509
1438,42,1480,0.10218015680934776
1441,42,1483,0.10214592360697722
1439,39,1478,0.10210780226671924
1443,41,1484,0.10207764961824935
1443,40,1483,0.10204166541918144
1444,38,1482,0.10200884519033245
1450,38,1488,0.10197653244041156
1438,38,1476,0.10193414213957745
1432,39,1471,0.10192125323384035
1443,38,1481,0.10192265015513627
1434,38,1472,0.10190056233169897
1442,39,1481,0.10189952699365254
1456,43,1499,0.10188149814949547
1464,43,1507,0.10183477584199671
1461,43,1504,0.10177551764179435
1470,44,1514,0.10172752578229298
1471,44,1515,0.10166472333808514
1457,43,1500,0.10160494198320816
1456,45,1501,0.1015802596498343
1462,46,1508,0.10155978022349575
1457,47,1504,0.10152831938556815
1464,49,1513,0.1015105244274693
1455,48,1503,0.10147940574804502
1449,50,1499,0.10147023169960352
1449,48,1497,0.10147503615119743
1455,49,1504,0.10147930954372311
1453,49,1502,0.1014706328578478
1450,49,1499,0.10146713204841226
1448,48,1496,0.10147002576140622
1452,50,1502,0.10147711598176434
1450,51,1501,0.10147536494409781
1449,52,1501,0.10147787764020823
1456,52,1508,0.10148186862673869
1444,50,1494,0.10147094192485424
1437,54,1491,0.10148705194402888
1452,53,1505,0.10151630602350395
1443,51,1494,0.10151098936096307
1444,52,1496,0.10152542212253828
1438,52,1490,0.10153653907182662
1439,53,1492,0.10155944500417569
1447,57,1504,0.1015778558725991
1459,56,1515,0.10157760722284824
1451,58,1509,0.10155152063580697
1436,56,1492,0.1015449894248985
1429,56,1485,0.10157131054467364
1433,57,1490,0.10161011323716462
1441,57,1498,0.10163690811189564
1439,58,1497,0.10164409967114364
1445,61,1506,0.10165508414780147
1453,62,1515,0.10165212193165281
1446,63,1509,0.10163239205045382
1438,62,1500,0.10162954363656779
1432,62,1494,0.1016436125862936
1430,60,1490,0.10166934186224592
1406,58,1464,0.10169710545268722
1431,58,1489,0.10177389798332326
1433,61,1494,0.10179041333117493
1437,63,1500,0.10180122744999462
1438,63,1501,0.10180291286436326
1438,64,1502,0.10180257468020139
1425,63,1488,0.10180234709789915
1427,64,1491,0.10183015534506641
1419,61,1480,0.10185090379780068
1434,59,1493,0.10188676672433834
1434,59,1493,0.10188697355646692
1437,60,1497,0.10188731133913072
1432,59,1491,0.10188076057962955
1444,62,1506,0.10188610428912778
1447,61,1508,0.1018656004338513
1430,63,1493,0.10184080887834167
1442,61,1503,0.1018546466864811
1438,60,1498,0.10184160643898005
1433,59,1492,0.10183824004062952
1428,57,1485,0.10184583782912718
1437,56,1493,0.10186342433146624
1440,56,1496,0.10186030714184752
1440,57,1497,0.10185089667195588
1425,56,1481,0.10184225935480061
1416,59,1475,0.10186601490654051
1414,55,1469,0.10190701153684828
1416,55,1471,0.1019484470351293
1412,56,1468,0.10198168764776085
1418,54,1472,0.10202075155728092
1411,55,1466,0.10204374137317107
1416,56,1472,0.10207991121139362
1440,54,1494,0.10210191943432809
1433,54,1487,0.10207042097531073
1445,57,1502,0.10205677137950765
1428,63,1491,0.10201848348599803
1411,63,1474,0.10202001133384446
1417,65,1482,0.10205841538133197
1407,67,1474,0.1020810758083199
1422,66,1488,0.10212292715283283
1421,67,1488,0.10212928782908991
1429,65,1494,0.10213704473818588
1433,64,1497,0.10212656394059665
1430,62,1492,0.10210842700943047
1428,62,1490,0.10209823686153946
1428,63,1491,0.10209349247305617
1444,66,1510,0.10208882315062938
1432,66,1498,0.10205054607911421
1419,63,1482,0.1020408417896854
1414,60,1474,0.10206011047667694
1433,60,1493,0.10208794969596477
1435,61,1496,0.10207272782686676
1444,60,1504,0.10205482688971598
1455,60,1515,0.10201945173569743
1437,61,1498,0.1019634565583414
1427,63,1490,0.10195085627756693
1417,64,1481,0.10196084873739762
1426,63,1489,0.1019912026725973
1437,65,1502,0.10200002152184315
1435,68,1503,0.1019846014827717
1426,67,1493,0.10197510468096055
1415,69,1484,0.10198561767807558
1400,68,1468,0.10201917837604807
1409,66,1475,0.10208237866322864
1413,68,1481,0.10212100313079031
1415,70,1485,0.10214788085490152
1399,69,1468,0.10216804069783249
1404,70,1474,0.10222075680329387
1414,71,1485,0.10225786700049717
1419,74,1493,0.10226998204787018
1412,78,1490,0.10227016454483157
1413,76,1489,0.1022861349356364
1421,74,1495,0.1022985815442977
1421,76,1497,0.10229348474706378
1426,75,1501,0.10228884021416908
1409,77,1486,0.10227303978121968
1429,77,1506,0.102294911539943
1419,74,1493,0.10227194312885976
1405,76,1481,0.1022726361664098
1406,80,1486,0.1023030982526538
1402,79,1481,0.10232893415958592
1412,75,1487,0.10236133625978656
1418,75,1493,0.10236913308929463
1427,73,1500,0.10236374122659353
1413,75,1488,0.1023393947115341
1413,76,1489,0.10234757820839203
1415,73,1488,0.10235518533053053
1416,76,1492,0.10235750089187085
1420,75,1495,0.10235706185472992
1412,76,1488,0.10234855670970135
1418,76,1494,0.10235833343381864
1433,75,1508,0.10235481827577385
1431,73,1504,0.10231886439648069
1423,72,1495,0.10229013575854415
1429,73,1502,0.10228118976756996
1431,78,1509,0.10225981304729086
1414,77,1491,0.10223610199270215
1417,78,1495,0.10225110704245079
1418,77,1495,0.10225797525657175
1421,80,1501,0.10226236340903587
1425,82,1507,0.1022599554710798
1422,81,1503,0.10224970134279865
1416,80,1496,0.10224644662742119
1415,79,1494,0.10225575947210587
1428,75,1503,0.10226708668580571
1437,78,1515,0.10224944260302772
1441,76,1517,0.10221425375739888
1428,76,1504,0.10217382971005903
1407,76,1483,0.10216480120533404
1420,75,1495,0.10220220610840389
1421,71,1492,0.10220864673401213
1429,70,1499,0.10221154348503739
1426,70,1496,0.10219685481177468
1433,71,1504,0.10218941170286477
1442,74,1516,0.1021673762466828
1441,72,1513,0.10212833694804656
1441,74,1515,0.1020947901415137
1440,74,1514,0.10206404068284089
1434,69,1503,0.10203834884896212
1421,68,1489,0.10202817626563256
1421,67,1488,0.10204641172816847
1432,66,1498,0.10206245254048545
1430,66,1496,0.10205363538363464
1418,65,1483,0.10205009388837975
1428,67,1495,0.1020726694360878
1427,69,1496,0.1020721393965226
1429,71,1500,0.10207392947607985
1424,69,1493,0.10207113086215193
1422,67,1489,0.10207865937432035
1420,66,1486,0.10208979824100872
1425,67,1492,0.10210457221913416
1412,68,1480,0.10210708907675387
1422,66,1488,0.10213752481608626
1435,65,1500,0.10214371289184164
1429,66,1495,0.10212155050018434
1434,66,1500,0.10211470581782703
1428,64,1492,0.10209789565354707
1424,64,1488,0.10209486392809705
1425,62,1487,0.10210097754129052
1426,61,1487,0.10210368316099742
1431,59,1490,0.10210456405619665
1444,57,1501,0.10209484918606457
1451,58,1509,0.10205816680635454
1450,58,1508,0.10200907305253082
1459,59,1518,0.10196642025195189
1444,59,1503,0.10190827094098205
1442,60,1502,0.10188728961544218
1431,61,1492,0.10187258080842898
1446,60,1506,0.1018820999114758
1444,59,1503,0.10185946264188281
1433,57,1490,0.10184258901477086
1427,55,1482,0.101850490847214
1445,59,1504,0.10187070802129142
1451,58,1509,0.10185092166778947
1447,58,1505,0.10181963970996744
1442,57,1499,0.1018001762404167
1447,58,1505,0.10179315102500656
1459,58,1517,0.10177609809851998
1454,57,1511,0.10173440270931694
1437,57,1494,0.10170695876218963
1428,56,1484,0.10171744128763255
1427,55,1482,0.1017467343517391
1430,53,1483,0.10177588146336096
1426,55,1481,0.10179616941628535
1430,59,1489,0.10182284698658195
1433,59,1492,0.10183883324546354
1442,59,1501,0.10184703924657203
1444,61,1505,0.10183524172771055
1438,62,1500,0.10182062203837926
1426,61,1487,0.10181988054690681
1421,61,1482,0.1018447219797421
1424,59,1483,0.10187806393904425
1441,59,1500,0.10190152358855364
1442,55,1497,0.101887118012977
1440,58,1498,0.10187187435796893
1433,60,1493,0.10186268955330476
1427,59,1486,0.10186900761163194
1426,59,1485,0.10188768925147138
1416,62,1478,0.10190671112567251
1419,63,1482,0.10194534365739968
1419,62,1481,0.10197502846815372
1419,64,1483,0.10200224958401949
1423,64,1487,0.10202661612673705
1436,64,1500,0.10204037515136598
1435,61,1496,0.10202479309562815
1435,61,1496,0.10201260051272965
1439,62,1501,0.10200163122850511
1421,64,1485,0.10198337777923845
1418,66,1484,0.10200551329499546
1435,65,1500,0.10203200737251997
1437,66,1503,0.1020193934094441
1425,67,1492,0.10200380272199965
1428,69,1497,0.10201539355496177
1421,68,1489,0.10201942494099264
1411,69,1480,0.10203864502217318
1420,70,1490,0.10207753121963271
1427,71,1498,0.10209308386556165
1433,72,1505,0.10209230272521821
1434,71,1505,0.10207891742218664
1425,69,1494,0.10206454067947188
1421,68,1489,0.10207085157943968
1421,68,1489,0.10208510570433266
1434,70,1504,0.10209859900942915
1428,67,1495,0.10208341359803452
1432,69,1501,0.10208217146867195
1430,67,1497,0.10207231431484136
1430,66,1496,0.10206744120817106
1434,67,1501,0.10206271449606191
1428,71,1499,0.10205033329981335
1438,72,1510,0.10205206506611281
1419,73,1492,0.1020318621386254
1424,72,1496,0.10205407344456187
1414,73,1487,0.10206390152340855
1409,75,1484,0.1020947404975216
1416,76,1492,0.10213383442550254
1417,78,1495,0.10215508188864454
1410,75,1485,0.1021719515959489
1408,74,1482,0.10220266665236093
1408,72,1480,0.10223507306845421
1407,72,1479,0.10226451732184019
1410,72,1482,0.10229380024363258
1420,73,1493,0.1023141668820885
1417,72,1489,0.1023110158760419
1406,73,1479,0.10231427195983041
1419,75,1494,0.10234030189339809
1408,75,1483,0.10233579280968047
1413,73,1486,0.10235622124364038
1418,73,1491,0.10236406496752157
1417,76,1493,0.10236000463619138
1425,77,1502,0.10235884302324136
1416,74,1490,0.10234007202573053
1410,75,1485,0.10234211379747053
1409,75,1484,0.10235615545182218
1432,76,1508,0.10237148437104664
1425,75,1500,0.10233658570154923
1418,75,1493,0.10232019542698971
1422,73,1495,0.10231982247360288
1408,70,1478,0.10231109422593594
1423,71,1494,0.10233301681109166
1423,72,1495,0.10232148816365315
1411,72,1483,0.10231073884819811
1420,75,1495,0.10232671910853197
1412,72,1484,0.10232216568466568
1402,72,1474,0.10233497632737767
1411,75,1486,0.10236867092137399
1416,76,1492,0.10237971410972825
1426,76,1502,0.1023792670334728
1410,76,1486,0.10235736414057328
1407,77,1484,0.10237243743960248
1406,79,1485,0.10239216376337514
1411,79,1490,0.10241174571173865
1419,81,1500,0.10241971342093564
1425,82,1507,0.10241007877056309
1425,82,1507,0.10238905138851619
1432,80,1512,0.10236982622853144
1426,80,1506,0.10233723419279045
1436,79,1515,0.10232042691946443
1426,83,1509,0.10228355086012585
1416,83,1499,0.10227177766088393
1430,83,1513,0.10228345951715485
1433,81,1514,0.10226403136562803
1424,78,1502,0.1022395862156858
1426,79,1505,0.10223617305294823
1424,82,1506,0.10222809684594868
1417,79,1496,0.10222606808921224
1412,80,1492,0.10223870544056325
1400,80,1480,0.10226018429986691
1410,81,1491,0.10230580174843769
1425,80,1505,0.10232578079960324
1415,79,1494,0.10231143779283874
1421,79,1500,0.10231981060498362
1410,80,1490,0.1023151865080309
1405,82,1487,0.10233482614582076
1411,81,1492,0.10236297556419664
1408,79,1487,0.10237567558511311
1415,79,1494,0.1023935693243385
1410,82,1492,0.10239472432735038
1419,82,1501,0.10240668778642499
1410,80,1490,0.10239794096360054
1403,85,1488,0.10240905534905771
1409,82,1491,0.10243366102742618
1420,81,1501,0.10244395860723021
1418,80,1498,0.1024294521399305
1415,80,1495,0.10242055041559996
1416,81,1497,0.10241905016124887
1417,83,1500,0.10241574994293384
1415,87,1502,0.10241109133608355
1410,88,1498,0.10241100100353483
1409,87,1496,0.1024216571662398
1408,89,1497,0.10243455023792741
1422,89,1511,0.10244833573446992
1406,87,1493,0.10243152543486765
1404,88,1492,0.10244997807615303
1393,89,1482,0.10247137510232346
1403,89,1492,0.10251498339835312
1407,89,1496,0.10253306892354373
1396,90,1486,0.10254040635337464
1407,90,1497,0.10257062480006435
1411,91,1502,0.10257477730154622
1408,88,1496,0.10257012487443617
1404,93,1497,0.10257267252382996
1414,88,1502,0.10258385980584875
1414,89,1503,0.10257248022675869
1418,86,1504,0.10256276068418525
1409,89,1498,0.10254520344979967
1413,88,1501,0.1025475715962317
1421,88,1509,0.10254092139550126
1404,88,1492,0.10251706206958527
1415,86,1501,0.10253161235324117
1422,84,1506,0.10252125289592051
1407,86,1493,0.10249711706236392
1421,87,1508,0.1025075728237459
1422,89,1511,0.1024869473221143
1421,89,1510,0.10246603716218514
1410,89,1499,0.10244897091127418
1408,89,1497,0.10245627673482492
1403,89,1492,0.1024675388786256
1401,89,1490,0.10248807023921484
1405,90,1495,0.10251157646402889
1392,90,1482,0.1025246434829146
1397,90,1487,0.10256467509807471
1401,92,1493,0.10259102390579283
1399,91,1490,0.10260633189200905
1407,89,1496,0.10262507822729613
1399,94,1493,0.1026253464379226
1405,95,1500,0.10264241353955114
1409,96,1505,0.1026455416431003
1405,91,1496,0.10263904265018105
1404,91,1495,0.10264156363929904
1399,92,1491,0.10264590913026972
1398,94,1492,0.10266029578624943
1400,97,1497,0.10267588970100845
1393,95,1488,0.1026852585648783
1394,91,1485,0.10270979359650362
1392,88,1480,0.10272926260353192
1412,89,1501,0.10275158018491183
1405,89,1494,0.1027283777665926
1400,94,1494,0.10272256474501411
1404,92,1496,0.10272801597559138
1407,90,1497,0.10272438701489214
1409,91,1500,0.1027143062937293
1416,90,1506,0.10270121545407294
1404,90,1494,0.10267418488464125
1395,89,1484,0.10267517372200259
1406,89,1495,0.10269565854229558
1416,89,1505,0.10269054552329746
1403,86,1489,0.10266465465282192
1405,87,1492,0.10266891026056203
1397,86,1483,0.10266822763657238
1396,89,1485,0.10268580187666057
1406,90,1496,0.1027038665107175
1407,94,1501,0.1026979466416789
1403,95,1498,0.10269006308298642
1398,92,1490,0.10269213733339849
1393,92,1485,0.10270421203494376
1403,93,1496,0.10272622785783313
1403,92,1495,0.10272511670177352
1402,92,1494,0.10272414301245869
1410,92,1502,0.10272579483730306
1406,89,1495,0.10271022449347487
1400,90,1490,0.10270530239797974
1406,93,1499,0.10271322094701237
1410,91,1501,0.10270701953208818
1422,89,1511,0.1026924965560188
1427,86,1513,0.102653632535982
1414,88,1502,0.1026077538833987
1435,93,1528,0.10259418573134024
1423,93,1516,0.10253687683704628
1413,91,1504,0.10251046711246783
1406,92,1498,0.1025073669622071
1406,93,1499,0.10251941793081229
1404,95,1499,0.10253078943458832
1405,94,1499,0.10254571168414282
1408,94,1502,0.10255739143862502
1398,95,1493,0.10256161515203491
1391,99,1490,0.10258686608350848
1389,99,1488,0.10262591593986045
1376,100,1476,0.10266516114806042
1391,98,1489,0.10272906583463501
1394,98,1492,0.1027547238350373
1405,95,1500,0.10277163336307563
1406,95,1501,0.10276378350112403
1407,94,1501,0.10275427681255693
1394,95,1489,0.1027438392315383
1407,94,1501,0.10276211004267528
1396,95,1491,0.10275067247550516
1413,93,1506,0.10276379865183531
1401,91,1492,0.10273888744626522
1401,88,1489,0.10274313308961038
1386,94,1480,0.10274564363833896
1381,94,1475,0.10278037217160055
1374,97,1471,0.10282318253064851
1377,99,1476,0.10287703129655779
1383,100,1483,0.1029198224800239
1375,99,1474,0.10294600020713902
1387,100,1487,0.10298789899955242
1395,101,1496,0.1030001309066269
1388,100,1488,0.10299419619607163
1398,101,1499,0.10300361146567052
1397,101,1498,0.10299060701696675
1400,103,1503,0.10298067819168778
1396,104,1500,0.10296433349057775
1386,104,1490,0.10295889582815619
1380,105,1485,0.10297615364141281
1390,106,1496,0.10300544703493777
1398,107,1505,0.10301045541811008
1379,112,1491,0.10299765773409522
1372,110,1482,0.10302687651081652
1367,115,1482,0.10306934922686146
1367,118,1485,0.10311907843803222
1361,116,1477,0.103163734346419
1355,116,1471,0.10321834398700569
1364,123,1487,0.10328091815725259
1362,121,1483,0.10331846853052787
1354,116,1470,0.1033574422990527
1371,118,1489,0.10341007456578881
1372,118,1490,0.103421958964176
1359,113,1472,0.10343021737182259
1361,116,1477,0.10346593019370819
1367,119,1486,0.10349483882839192
1357,118,1475,0.10350822003368197
1366,117,1483,0.1035412296583371
1375,119,1494,0.1035511879196282
1372,121,1493,0.10354139444287064
1376,124,1500,0.10353908325718862
1376,125,1501,0.10352828635915323
1373,122,1495,0.10351904282287944
1369,123,1492,0.10351756126928244
1376,124,1500,0.10352541844014894
1366,123,1489,0.1035178380699405
1375,127,1502,0.10353279200911064
1380,127,1507,0.10352705466721598
1382,126,1508,0.10351093726847421
1382,126,1508,0.10349144833507246
1385,127,1512,0.10347378494116233
1383,125,1508,0.10345087741316189
1394,123,1517,0.1034334590333755
1396,124,1520,0.10339460389107305
1386,128,1514,0.10335587129327875
1374,127,1501,0.10334168371097713
1376,120,1496,0.10335362113274599
1370,119,1489,0.10336096666697696
1385,117,1502,0.10338006143031529
1383,114,1497,0.10336459798273089
1386,115,1501,0.10335511695773478
1374,118,1492,0.10333948689179959
1370,122,1492,0.10335071360727056
1376,124,1500,0.10337063519077729
1371,124,1495,0.10337503829876518
1384,125,1509,0.10339034237238731
1369,128,1497,0.10337683340228734
1367,129,1496,0.10339686131265224
1368,127,1495,0.10342024621264055
1366,124,1490,0.1034400523646492
1367,129,1496,0.10346267219119594
1365,132,1497,0.10348089578934776
1367,132,1499,0.10350137435999933
1368,133,1501,0.10351587860105081
1371,136,1507,0.10352722372818497
1367,134,1501,0.10353151478144601
1367,131,1498,0.10354536165815642
1363,134,1497,0.10355809540749192
1365,135,1500,0.10357851199028001
1370,136,1506,0.10359199760543407
1367,139,1506,0.10359403672778242
1356,142,1498,0.1036022484172852
1356,142,1498,0.10363391572821092
1333,144,1477,0.10366245703656139
1332,146,1478,0.10374002996937971
1328,148,1476,0.10381304806852276
1345,147,1492,0.10388784142394612
1349,147,1496,0.1039200230498406
1361,144,1505,0.10394168092289612
1342,145,1487,0.10393588230593266
1342,147,1489,0.1039720481132752
1342,146,1488,0.10400482377202758
1338,149,1487,0.10403486828147425
1335,149,1484,0.10407141892049905
1336,147,1483,0.10411105272211593
1339,148,1487,0.10414510651405541
1346,149,1495,0.10416932365365089
1359,151,1510,0.10417686447770126
1352,150,1502,0.10415498957262809
1333,148,1481,0.10415026214413743
1346,147,1493,0.10418670496949972
1356,141,1497,0.10419164308376733
1347,141,1488,0.10417519403110691
1345,143,1488,0.10417945320487199
1344,145,1489,0.10418801812028064
1348,142,1490,0.10419834761273818
1355,142,1497,0.10419791290058394
1342,142,1484,0.10418060943647937
1338,139,1477,0.10419271160069712
1341,141,1482,0.10421215457459496
1350,142,1492,0.10422475691948602
1341,144,1485,0.10421630315419698
1345,150,1495,0.10422938293375428
1348,150,1498,0.1042324210978753
1354,148,1502,0.10422839442425587
1362,150,1512,0.10421112006213099
1355,145,1500,0.10417873605925095
1356,145,1501,0.1041642534945862
1346,146,1492,0.10414980682853614
1331,148,1479,0.10415898854457131
1336,147,1483,0.10419960972707124
1332,151,1483,0.10422671052464061
1332,154,1486,0.10426053754415145
1330,156,1486,0.10429118703663523
1331,158,1489,0.10432358552326985
1334,159,1493,0.10435169078278353
1335,157,1492,0.10437219049177279
1329,161,1490,0.10438833903421925
1342,161,1503,0.10441708234268515
1346,163,1509,0.10441447408879252
1336,164,1500,0.10440503721411522
1336,165,1501,0.10441748934861017
1337,161,1498,0.10442953867599758
1328,161,1489,0.10443916301453612
1317,163,1480,0.10446648041552699
1317,165,1482,0.10451573975549547
1333,162,1495,0.10456060560435404
1337,164,1501,0.10456615560498704
1330,163,1493,0.10456349879944632
1326,166,1492,0.10457586439344035
1320,163,1483,0.10459601262137305
1334,159,1493,0.10462623950979269
1332,155,1487,0.10462292350318321
1321,159,1480,0.10462478183505983
1317,164,1481,0.10464940114481916
1334,166,1500,0.10468136059752638
1329,164,1493,0.10467286901617885
1333,167,1500,0.10467671977992081
1340,162,1502,0.1046712941845281
1333,165,1498,0.10465124497052102
1345,167,1512,0.10464749663955505
1337,165,1502,0.10461793393916469
1344,166,1510,0.10460817393035068
1338,165,1503,0.10458491878658442
1328,165,1493,0.10457728643398038
1334,166,1500,0.10459331909496435
1331,167,1498,0.10459473619620002
1326,167,1493,0.10460259316570288
1320,169,1489,0.10461987520824585
1322,166,1488,0.10464766993016311
1326,164,1490,0.10466791362691275
1323,163,1486,0.10467711535858636
1325,157,1482,0.10469260966035478
1333,159,1492,0.10470244000943467
1321,158,1479,0.1046938498738859
1321,161,1482,0.1047136480947709
1319,163,1482,0.10473138796781707
1334,158,1492,0.10475160897506657
1347,162,1509,0.10473705740551192
1346,160,1506,0.10469520853578924
1345,159,1504,0.10465928093526518
1336,156,1492,0.104628462902845
1344,156,1500,0.10462022590654836
1339,156,1495,0.10459606465004313
1337,158,1495,0.10458411121636108
1344,158,1502,0.10457663693179614
1344,159,1503,0.1045552837627709
1347,162,1509,0.10453566730882803
1353,158,1511,0.10451150198104892
1348,160,1508,0.10447513362130025
1335,166,1501,0.10445329232928416
1340,166,1506,0.10446242465548362
1331,167,1498,0.1044606155350545
1343,166,1509,0.10447933396793119
1341,169,1510,0.10447015199122775
1340,170,1510,0.10446621862974556
1345,168,1513,0.10446515826778956
1325,169,1494,0.10445349500063031
1328,166,1494,0.10448602463811998
1339,171,1510,0.10450939499588405
1336,172,1508,0.10450721166707541
1333,171,1504,0.1045117280959593
1329,175,1504,0.10452308947361443
1326,178,1504,0.10454248086437314
1322,181,1503,0.10456750800073085
1307,180,1487,0.104598229913354
1314,180,1494,0.10465946182067454
1315,179,1494,0.10470120271431331
1325,179,1504,0.1047377625396307
1336,188,1524,0.10475056927454292
1324,184,1508,0.10473901067388783
1310,190,1500,0.10475529757689106
1316,192,1508,0.1048012743418459
1310,191,1501,0.10482980144463744
1303,184,1487,0.10486853312188525
1310,188,1498,0.10491993358048057
1309,187,1496,0.1049528652020838
1310,188,1498,0.104984284670368
1318,187,1505,0.10501083517293312
1300,185,1485,0.10501804262275413
1316,190,1506,0.10506420354928188
1322,191,1513,0.10507144534902764
1320,194,1514,0.10506600574927744
1313,195,1508,0.10506595560718619
1297,196,1493,0.10508096797947988
1294,199,1493,0.10513029132702269
1302,198,1500,0.10518249040736176
1299,201,1500,0.1052130932105919
1291,200,1491,0.10524702299056003
1291,195,1486,0.10529531084421379
1286,192,1478,0.10534006215048823
1300,189,1489,0.10539152284952173
1303,191,1494,0.10540778463060615
1304,184,1488,0.10541586744528672
1320,184,1504,0.10542139679082013
1321,186,1507,0.10539156475532724
1318,184,1502,0.10536134657825594
1319,186,1505,0.10534032111713824
1324,186,1510,0.10531874137959545
1320,186,1506,0.10528781549692866
1316,186,1502,0.10526778589628805
1318,185,1503,0.10525817297433321
1323,181,1504,0.10524468293961622
1324,183,1507,0.10522124496041062
1318,180,1498,0.10519770368438067
1325,180,1505,0.10518963695309633
1319,180,1499,0.10516822888540382
1313,180,1493,0.10516140382676169
1318,175,1493,0.10516714056381699
1313,173,1486,0.10516119709043323
1317,177,1494,0.10516734054734207
1324,175,1499,0.10516314596252642
1313,178,1491,0.10514307512252007
1309,180,1489,0.10514928151735
1316,177,1493,0.10516353425521949
1321,176,1497,0.10516048689894823
1314,176,1490,0.10514619474177206
1308,181,1489,0.10514963727601971
1313,180,1493,0.10516625996613069
1313,179,1492,0.10517008716912712
1320,176,1496,0.1051738981054967
1316,178,1494,0.10516245239533205
1320,178,1498,0.1051603533173629
1318,181,1499,0.10515066020325955
1312,183,1495,0.10514544203882491
1308,186,1494,0.10515335123774698
1320,189,1509,0.10517046229396212
1311,184,1495,0.10516037690243461
1310,184,1494,0.10517070241837213
1321,181,1502,0.10518290000549467
1317,186,1503,0.10516928709184309
1324,186,1510,0.10516593903321862
1318,188,1506,0.10514758844487745
1317,184,1501,0.1051451352900942
1319,186,1505,0.10514517030262095
1324,184,1508,0.10513964284536771
1315,183,1498,0.10512350903711319
1317,184,1501,0.1051282754835536
1306,181,1487,0.10512770449069783
1309,184,1493,0.10515274818402602
1315,187,1502,0.1051700438259797
1306,186,1492,0.10517251624329826
1303,189,1492,0.10519458103603162
1296,193,1489,0.10522247289378407
1302,193,1495,0.10526265444332421
1301,192,1493,0.105285926975473
1307,186,1493,0.10530885083706241
1309,188,1497,0.10531789454240222
1297,189,1486,0.10532123765671247
1293,187,1480,0.10535047571189966
1293,189,1482,0.1053862586036907
1299,189,1488,0.10541918763098476
1302,197,1499,0.10543551729287652
1301,198,1499,0.10544364738400622
1312,196,1508,0.10545312087467884
1306,193,1499,0.10543780641672461
1313,196,1509,0.10543782537900687
1297,202,1499,0.10542174904895366
1298,201,1499,0.10544223656169922
1301,205,1506,0.10545977124491479
1295,208,1503,0.10546927001610434
1298,207,1505,0.10549103611835635
1282,211,1493,0.10550508292118184
1282,217,1499,0.10555501387452842
1281,217,1498,0.105602012793468
1288,216,1504,0.10564726816088106
1283,219,1502,0.10567397418115206
1282,224,1506,0.10570983280130193
1276,219,1495,0.10574505880794655
1272,218,1490,0.1057895254732785
1272,218,1490,0.10583879638018857
1279,216,1495,0.10588406100996163
1273,216,1489,0.10591004353037616
1278,216,1494,0.10594746513440235
1263,212,1475,0.10597073562772227
1266,211,1477,0.10602477887191104
1262,216,1478,0.10606742370218906
1264,218,1482,0.1061151872670667
1275,223,1498,0.10615540717734287
1274,226,1500,0.10616828266604392
1278,228,1506,0.10618298625755511
1276,229,1505,0.10618867641750099
1275,227,1502,0.10619852447940488
1272,233,1505,0.10620991092433585
1272,232,1504,0.10622679107920781
1259,233,1492,0.10624285658844208
1267,231,1498,0.10628656789280815
1274,228,1502,0.10631060143829871
1264,224,1488,0.10631656168202713
1258,225,1483,0.10634430165192149
1268,226,1494,0.10638286773128432
1280,225,1505,0.10639649579572545
1272,228,1500,0.10638345931778335
1265,231,1496,0.10638906920153123
1262,220,1482,0.10641055740071756
1274,221,1495,0.10643714129319834
1280,225,1505,0.10643408454641481
1277,230,1507,0.10641835940582141
1283,232,1515,0.10640984085675516
1274,230,1504,0.10638915932159523
1263,229,1492,0.10639064915213431
1257,230,1487,0.10641695213844114
1260,231,1491,0.10645389471359962
1260,235,1495,0.10648220572114625
1251,241,1492,0.10650755502655979
1248,241,1489,0.10655030763035978
1251,242,1493,0.1065960185793908
1259,239,1498,0.10663088927726644
1260,239,1499,0.1066450376574857
1260,237,1497,0.1066552257816367
1248,244,1492,0.10666554693805307
1252,248,1500,0.10670140596518203
1257,248,1505,0.10672460439485347
1259,244,1503,0.10673495400209664
1261,249,1510,0.10674029028008139
1251,251,1502,0.10674248605414113
1242,252,1494,0.10676499605205493
1242,255,1497,0.10680695303343749
1247,258,1505,0.10684572159079117
1253,257,1510,0.10687095487701288
1248,255,1503,0.10688118134628162
1251,252,1503,0.10690155292671165
1252,254,1506,0.10691196629016794
1245,259,1504,0.10691988589331693
1246,260,1506,0.1069434583026137
1242,261,1503,0.10696402663285907
1252,255,1507,0.10699062522752203
1239,258,1497,0.10699343812697915
1247,254,1501,0.10702475558406309
1248,252,1500,0.1070345139385865
1258,257,1515,0.1070408990095904
1254,256,1510,0.10702509917731709
1249,258,1507,0.10702020843429082
1251,261,1512,0.10702661833142668
1240,259,1499,0.10702944449256634
1243,261,1504,0.10705635812425118
1229,265,1494,0.10707480206278193
1240,269,1509,0.10712296801932386
1232,269,1501,0.10714206463926926
1237,265,1502,0.10717709301565158
1230,269,1499,0.10719851995671198
1226,278,1504,0.10723417884770861
1208,277,1485,0.10727625313297864
1206,276,1482,0.10735469488471536
1208,270,1478,0.10743190234511307
1216,267,1483,0.10749819447943337
1203,275,1478,0.10754318446540846
1217,277,1494,0.10761211930450344
1231,277,1508,0.10764413444991
1225,278,1503,0.10764366054267738
1223,280,1503,0.10765651178872643
1231,275,1506,0.10767216972720174
1231,279,1510,0.1076695934234921
1222,275,1497,0.10766729045792311
1222,280,1502,0.10768493193916136
1232,279,1511,0.10769959597012399
1239,276,1515,0.10769141157361804
1228,275,1503,0.10766823613591704
1225,276,1501,0.10767084688013849
1222,276,1498,0.10768010376492892
1224,276,1500,0.10769543909908677
1220,282,1502,0.10770624181824569
1221,280,1501,0.10772496786542565
1215,281,1496,0.10773964735316482
1219,284,1503,0.10776827900417502
1213,277,1490,0.10778553836831879
1215,278,1493,0.10781459574798305
1217,276,1493,0.10783842211162603
1212,285,1497,0.1078554928036613
1222,281,1503,0.10788145325332422
1216,278,1494,0.10788339550893689
1203,283,1486,0.1078983617528511
1193,280,1473,0.1079397563161109
1203,285,1488,0.10800039060873712
1209,285,1494,0.10803311233159724
1212,281,1493,0.10804844811982987
1216,278,1494,0.10805600373622372
1224,278,1502,0.10805488260017132
1215,281,1496,0.10803620357095917
1209,280,1489,0.10803912481909911
1215,274,1489,0.10805481972248872
1212,282,1494,0.10805425149712004
1212,280,1492,0.10806102432237477
1212,287,1499,0.10806640074775832
1210,288,1498,0.1080714834917314
1215,275,1490,0.10807926202277297
1215,277,1492,0.10807548109618363
1219,280,1499,0.1080725455644006
1205,277,1482,0.10805956505681516
1195,281,1476,0.1080783298916475
1205,282,1487,0.10811787161443677
1198,283,1481,0.10813436182839073
1210,287,1497,0.10816387242667293
1224,292,1516,0.10816310178976689
1228,290,1518,0.10813175129413125
1221,296,1517,0.10809574490004684
1213,295,1508,0.10807889527136832
1210,301,1511,0.10808140585201713
1204,301,1505,0.10809032336407032
1203,302,1505,0.10811014560415703
1212,299,1511,0.10813091365154744
1207,294,1501,0.10812848424624959
1201,292,1493,0.10813666589676448
1197,294,1491,0.10815799499961021
1198,297,1495,0.10818608278433402
1207,299,1506,0.10820969199399975
1197,301,1498,0.10821183808393561
1195,306,1501,0.10823687451043731
1200,304,1504,0.10826469411567015
1194,302,1496,0.10828034941299715
1180,307,1487,0.10830679765641411
1175,307,1482,0.10836248486236683
1190,307,1497,0.10842597565685506
1200,308,1508,0.10845026983145395
1200,308,1508,0.1084503902178166
1201,308,1509,0.10845081845409872
1201,308,1509,0.10844850553412036
1200,311,1511,0.10844599087541365
1207,313,1520,0.10844514218671497
1202,315,1517,0.10842886338252038
1197,312,1509,0.10842574000148893
1184,316,1500,0.10843471949265204
1181,326,1507,0.10847155928352846
1192,325,1517,0.10851305779368672
1192,324,1516,0.10852640063775124
1187,318,1505,0.10853862924928608
1180,322,1502,0.10856150171129963
1189,326,1515,0.10859990167179155
1175,325,1500,0.10861662781492726
1164,323,1487,0.10866247710478387
1156,331,1487,0.10873098625394725
1158,332,1490,0.10881165763636823
1163,334,1497,0.10888008536405652
1163,327,1490,0.10893138448116141
1159,320,1479,0.10897858986384001
1156,327,1483,0.10903172722435894
1160,329,1489,0.10908739489116627
1168,333,1501,0.10913020164976302
1165,333,1498,0.10915051973197212
1155,333,1488,0.10917622777549468
1148,333,1481,0.1092231838190755
1136,337,1473,0.10928471567045256
1142,342,1484,0.1093677971837485
1141,349,1490,0.10943197152339025
1138,349,1487,0.1094934445638451
1138,353,1491,0.10955688176020172
1146,360,1506,0.10961574643091655
1136,360,1496,0.10965219191545536
1120,362,1482,0.10970782464613808
1127,366,1493,0.10979490697175169
1123,363,1486,0.10986004363007403
1119,360,1479,0.1099300034849142
1131,361,1492,0.11000361651074567
1140,362,1502,0.1100438215282786
1138,359,1497,0.11006099157466222
1139,362,1501,0.11008142519085456
1130,359,1489,0.11009985487420754
1121,355,1476,0.11013620408699289
1118,352,1470,0.1101912992429554
1130,355,1485,0.1102488486892992
1138,369,1507,0.11027364589010602
1130,363,1493,0.11027785600235264
1128,368,1496,0.11030160245750213
1140,379,1519,0.11032828197346035
1153,378,1531,0.11032491555841212
1150,370,1520,0.11029221009888435
1152,367,1519,0.11026935582827654
1157,366,1523,0.11024306473321932
1153,366,1519,0.11020844911759178
1147,370,1517,0.11018627340530866
1155,374,1529,0.11017892939238244
1143,373,1516,0.11015307503877957
1142,368,1510,0.11015772198457134
1127,381,1508,0.11016657042927108
1125,385,1510,0.11020995689617372
1129,382,1511,0.11025489127287835
1132,381,1513,0.11028754479070049
1126,376,1502,0.11031004543974568
1110,372,1482,0.11034209806997797
1112,373,1485,0.11040859902892064
1122,377,1499,0.11046295004789371
1110,382,1492,0.1104889677770434
1111,383,1494,0.11054065148212804
1107,392,1499,0.11058791041364949
1109,388,1497,0.11064059833469397
1110,391,1501,0.11068518924689823
1102,387,1489,0.11072414326178827
1116,389,1505,0.110778510698827
1114,390,1504,0.11079794746533199
1113,388,1501,0.11082077699308102
1111,390,1501,0.11084282261207605
1103,392,1495,0.11086784336454353
1097,391,1488,0.11090943064120719
1111,393,1504,0.11095974853864676
1112,388,1500,0.11097488061702009
1115,385,1500,0.1109856743362796
1115,387,1502,0.11098869300206202
1107,378,1485,0.11099171956191857
1116,389,1505,0.11101292791748675
1114,391,1505,0.1110101681511486
1106,393,1499,0.11101405267994334
1107,390,1497,0.11103453695503328
1107,380,1487,0.11105046286583758
1117,385,1502,0.11106550032144698
1121,390,1511,0.11105686702335342
1126,392,1518,0.11103930019308039
1124,394,1518,0.11101048012152073
1126,394,1520,0.11098847840808218
1123,390,1513,0.1109633964601941
1121,397,1518,0.11094842737249078
1116,398,1514,0.11093938035671531
1103,401,1504,0.11094176670273637
1103,406,1509,0.11097370363178015
1093,404,1497,0.11100299209550235
1092,399,1491,0.11105295162779796
1097,404,1501,0.11110317272573439
1100,409,1509,0.11113851174561575
1085,412,1497,0.11116317165402105
1088,414,1502,0.1112203612237019
1091,416,1507,0.11126695699079439
1088,415,1503,0.1113033191510555
1084,419,1503,0.11134557140143
1082,425,1507,0.11139323610776941
1081,422,1503,0.11144023088828416
1080,428,1508,0.1114868314608585
1082,425,1507,0.11153205638917604
1074,422,1496,0.11156907050396411
1075,421,1496,0.11162181662654092
1071,426,1497,0.11166819976192098
1083,424,1507,0.1117203104942237
1083,420,1503,0.11174049634013059
1090,422,1512,0.11175965503011849
1089,418,1507,0.11176015507650879
1099,413,1512,0.11176386250655858
1100,411,1511,0.11174284368863013
1098,409,1507,0.11172075904757688
1102,394,1496,0.11170558442262227
1101,393,1494,0.11168205613829649
1103,397,1500,0.11166125287484528
1109,396,1505,0.11163700896540575
1096,401,1497,0.1116016599417102
1101,395,1496,0.11159944323990728
1094,392,1486,0.11158518805631587
1092,407,1499,0.11158813097277367
1089,412,1501,0.1115959420786507
1078,414,1492,0.11160996328893578
1088,414,1502,0.11164802379595752
1086,419,1505,0.11166271442682438
1088,425,1513,0.11168167479048303
1083,422,1505,0.11169307422803675
1083,419,1502,0.1117164419645788
1075,419,1494,0.11173587842393364
1085,414,1499,0.11177073180544575
1084,410,1494,0.11178167146052137
1089,417,1506,0.11179533097640158
1084,412,1496,0.1117966672371905
1085,407,1492,0.11180889919735111
1079,410,1489,0.11181758806575764
1086,413,1499,0.111840256262986
1081,416,1497,0.11184613024516576
1076,414,1490,0.11186374015706622
1079,413,1492,0.11189185366606448
1088,419,1507,0.11191007764036741
1066,419,1485,0.11190578468000119
1073,423,1496,0.11195158481969479
1079,430,1509,0.11197755376864788
1080,431,1511,0.11198805711505838
1067,429,1496,0.11199678723312058
1075,426,1501,0.1120362660503491
1063,428,1491,0.11205471415816141
1062,426,1488,0.11209961043598363
1058,430,1488,0.11214391805029596
1064,438,1502,0.11219397502083883
1063,435,1498,0.11222509575259255
1059,438,1497,0.1122549037655511
1064,442,1506,0.11229059819759485
1055,451,1506,0.11231158516287905
1053,448,1501,0.11235174594118019
1058,444,1502,0.11239423553053066
1062,448,1510,0.11242179263362073
1069,448,1517,0.11243748306553279
1062,443,1505,0.11243752428011945
1055,448,1503,0.11245339594999205
1056,443,1499,0.11248292011626906
1055,446,1501,0.11250863462284638
1052,453,1505,0.11253425630247041
1050,449,1499,0.1125675675227615
1045,454,1499,0.11260313896647237
1038,455,1493,0.11264607523855932
1029,454,1483,0.11270346340001812
1033,456,1489,0.11277752451733597
1031,457,1488,0.11283645428432304
1035,456,1491,0.11289373515868771
1030,457,1487,0.11293730416200447
1039,463,1502,0.1129883430510051
1033,462,1495,0.11301467212098071
1034,464,1498,0.11305440144042571
1033,467,1500,0.11308884543142725
1027,466,1493,0.1131244721481551
1023,469,1492,0.11317184702020104
1020,471,1491,0.11322355329725045
1013,469,1482,0.11327693793336788
1026,467,1493,0.11334188190591359
1022,462,1484,0.11337203181359587
1022,474,1496,0.11340932963493014
1022,476,1498,0.11344504526221783
1018,476,1494,0.11347753757296676
1028,478,1506,0.1135166324176117
1024,480,1504,0.11352808650431938
1019,484,1503,0.11354772972680888
1018,489,1507,0.11357897401469472
1024,491,1515,0.1136093825525896
1018,488,1506,0.11362422019865251
1020,487,1507,0.11365409241103208
1012,486,1498,0.11367720444597634
1010,482,1492,0.11371759496028945
997,489,1486,0.1137596028675059
1007,486,1493,0.11382628830445206
1006,481,1487,0.11386550465745529
992,487,1479,0.11390515169250992
991,491,1482,0.11397556953628435
994,495,1489,0.1140426939018161
999,495,1494,0.11409584816442081
992,494,1486,0.11413425914565085
1007,498,1505,0.11418556717317802
1010,501,1511,0.1141989059670052
1016,494,1510,0.11420387592007313
1013,493,1506,0.11419619233726624
1008,493,1501,0.11419529258651924
995,491,1486,0.11420684024949258
1013,486,1499,0.11424759992304569
1014,490,1504,0.11424300940122743
1019,492,1511,0.11423670790105887
1028,495,1523,0.11422088245268387
1020,499,1519,0.11418546026363502
1016,495,1511,0.11417139442802395
1009,499,1508,0.1141681053904608
994,494,1488,0.11418218413008255
995,488,1483,0.1142303076372776
986,488,1474,0.11427213726788571
996,489,1485,0.114330319127364
996,499,1495,0.11436111485287583
996,507,1503,0.11438903476618485
998,508,1506,0.11441488501304395
998,505,1503,0.11443507304255512
1001,512,1513,0.11445467552338778
989,517,1506,0.11446541457709028
988,505,1493,0.11450368557851545
982,503,1485,0.11454134662893439
980,506,1486,0.11458974506653676
985,510,1495,0.11463984766395825
984,518,1502,0.11467279653243743
984,511,1495,0.11470588920306007
981,505,1486,0.11473608919392958
986,506,1492,0.11476946700763684
991,510,1501,0.11478813657827933
995,512,1507,0.11479550665808795
987,509,1496,0.11479285193406344
986,508,1494,0.11480856890219082
985,512,1497,0.11482614449447567
984,521,1505,0.11484624901666261
981,516,1497,0.11486729336492203
988,514,1502,0.11489254577119996
986,514,1500,0.11489922566673787
986,522,1508,0.1149103836007162
983,520,1503,0.11492106129450373
970,518,1488,0.11493728638648103
969,524,1493,0.11498406267679372
972,525,1497,0.11503096776050561
960,527,1487,0.11506814069135012
967,521,1488,0.11513146533170719
965,526,1491,0.11517315750850272
959,523,1482,0.11521686171639445
958,541,1499,0.11527403469515264
963,543,1506,0.11532867738214915
958,546,1504,0.11536919739923707
959,552,1511,0.11541791695518905
952,536,1488,0.11546091617945345
953,544,1497,0.11551806224764935
960,551,1511,0.11556813952129247
950,549,1499,0.1155976455660371
953,556,1509,0.11565006756375007
947,556,1503,0.11569195918756968
948,558,1506,0.11574408425973552
946,558,1504,0.1157895535937995
938,556,1494,0.1158358782364925
940,564,1504,0.11589824466542187
938,569,1507,0.11595371587330434
933,565,1498,0.11600944445652499
929,561,1490,0.11607238118488741
927,557,1484,0.1161403954201275
930,556,1486,0.1162080795217571
933,560,1493,0.11626468130815228
931,565,1496,0.11630986799910549
930,569,1499,0.1163569139784951
939,573,1512,0.11640165931131886
935,563,1498,0.11642108072835745
937,572,1509,0.11645002582353682
944,575,1519,0.11647202736474836
938,569,1507,0.11647668516682225
941,562,1503,0.1164944513564026
943,561,1504,0.11650297624973203
940,567,1507,0.11650719924395958
936,566,1502,0.11651817145244137
931,563,1494,0.11653576452577089
939,558,1497,0.11656394689825493
955,559,1514,0.11657174963220292
945,566,1511,0.11654061587510522
939,562,1501,0.11653473352962095
937,565,1502,0.11654387950366311
940,565,1505,0.11655698093749453
947,566,1513,0.11656179376044942
951,557,1508,0.11654973222906342
950,567,1517,0.11653097828545565
944,572,1516,0.11651652600255823
949,568,1517,0.11651744778372754
944,560,1504,0.11650675214060183
956,557,1513,0.11650748547709273
942,561,1503,0.11647970886328528
943,557,1500,0.116487012302576
940,563,1503,0.11649141100944597
950,564,1514,0.11650286614063625
942,569,1511,0.11649039432573122
938,573,1511,0.11649774426997762
939,569,1508,0.11651312159854654
932,575,1507,0.11652350969101144
930,576,1506,0.11655236567005303
922,578,1500,0.11658303956593942
923,579,1502,0.1166309179208687
929,585,1514,0.11667251674048136
915,579,1494,0.11669658807033083
917,596,1513,0.11675190083482416
920,592,1512,0.11679869921632985
916,594,1510,0.1168370647686584
910,595,1505,0.11688319955260545
897,596,1493,0.11694214152041735
896,593,1489,0.11702755855112629
896,602,1498,0.11710697878802065
898,600,1498,0.11718137935835127
887,609,1496,0.11724560735810337
888,610,1498,0.11733143863315938
896,618,1514,0.11740798028628487
890,611,1501,0.11745956139326236
887,610,1497,0.11752093996076245
888,611,1499,0.11758711581691418
888,612,1500,0.11764434313964404
894,615,1509,0.11769664687762237
890,622,1512,0.11773055177804183
883,623,1506,0.11777212617868102
887,627,1514,0.11782600550924247
875,622,1497,0.11786783002467609
862,615,1477,0.11793436579797983
878,618,1496,0.1180261171855809
883,618,1501,0.11807417317727058
883,610,1493,0.11810423181902689
882,622,1504,0.11813338312338521
880,635,1515,0.11816276565817468
877,624,1501,0.11819572842515352
875,632,1507,0.11823488803286049
874,641,1515,0.11827600871826412
867,634,1501,0.11831631598587299
860,637,1497,0.1183690856530832
864,640,1504,0.11843461006702558
860,644,1504,0.11848608556292904
863,646,1509,0.11854413999319863
865,647,1512,0.1185899261472965
871,647,1518,0.11862640345328256
867,643,1510,0.11864627721454973
872,642,1514,0.11867537881842191
868,647,1515,0.11869024469078392
864,646,1510,0.11871569528560784
868,647,1515,0.11874740424060119
872,640,1512,0.11876879980878342
875,637,1512,0.11877942450340229
876,642,1518,0.11878237414901267
875,650,1525,0.11878445007334193
870,646,1516,0.118788955705032
872,644,1516,0.11880791286524416
861,642,1503,0.11882001337034069
853,639,1492,0.11885683963182929
857,649,1506,0.11891001911688229
857,646,1503,0.1189517791288938
859,643,1502,0.11898941066730064
855,652,1507,0.11902059502859345
860,650,1510,0.11905985552363095
866,651,1517,0.1190832993519721
867,648,1515,0.11909175739891577
862,651,1513,0.11909818220456056
867,650,1517,0.11911738709275298
858,657,1515,0.1191239438912952
852,664,1516,0.1191522778061602
847,670,1517,0.11919547131469738
838,670,1508,0.11924651432569629
843,667,1510,0.1193140111828732
836,669,1505,0.11936310236480661
840,671,1511,0.11942793500309346
829,675,1504,0.11948089311114067
828,679,1507,0.11955778728731369
826,680,1506,0.11962990808289273
821,683,1504,0.11970006294353727
822,683,1505,0.11977798683779722
825,684,1509,0.11984811274494446
832,685,1517,0.11990413807688519
831,665,1496,0.1199408745020661
826,663,1489,0.11997667335635186
828,661,1489,0.12002182863635966
824,674,1498,0.12005914880889597
822,679,1501,0.12010288826594025
825,679,1504,0.12014678159991254
823,679,1502,0.12018121091599701
822,681,1503,0.12021676341095126
820,679,1499,0.12025253498836787
811,681,1492,0.12029041542310313
814,678,1492,0.12034859157985421
812,682,1494,0.12039384347742263
811,690,1501,0.12044013433268887
808,685,1493,0.12048511181918999
816,698,1514,0.12053382098038395
821,701,1522,0.12056227622613878
805,690,1495,0.12057680739996457
793,686,1479,0.12063046053073898
791,697,1488,0.12070672464640517
802,705,1507,0.1207808359424713
807,709,1516,0.12082367074699928
791,714,1505,0.1208540585047991
791,722,1513,0.12092040525873882
786,718,1504,0.12098398545120219
812,713,1525,0.12105383666258454
809,715,1524,0.12105416945690906
804,712,1516,0.12105869910814757
801,707,1508,0.1210744706009089
797,700,1497,0.12109657591145424
797,705,1502,0.12112820996550885
797,699,1496,0.12115787992093813
799,703,1502,0.1211843030380368
796,701,1497,0.12120461348341667
795,703,1498,0.12123019553924025
789,711,1500,0.12125817871468972
787,717,1504,0.12129908857021761
788,726,1514,0.12134471402200482
789,719,1508,0.12138549864676204
786,724,1510,0.12142362220541675
771,725,1496,0.12146646238494992
761,727,1488,0.12153934192144991
765,729,1494,0.12163085518203726
766,721,1487,0.12170626334732465
775,724,1499,0.12177276880551949
769,725,1494,0.12181482839552665
770,727,1497,0.12186883707749704
774,721,1495,0.12191624326711235
773,726,1499,0.12195165655108277
769,728,1497,0.12198724862918557
767,736,1503,0.12203137864136675
770,741,1511,0.12207658437292537
773,741,1514,0.1221124312508558
766,730,1496,0.12213919255065583
770,737,1507,0.12218158945407773
769,743,1512,0.12221323024549392
769,736,1505,0.12224488332479344
757,742,1499,0.12227399881415646
754,733,1487,0.1223299983554961
758,733,1491,0.122387715141758
763,741,1504,0.12243352577997138
765,749,1514,0.12246389679998235
759,746,1505,0.12248799185611642
758,736,1494,0.12252450894680197
746,755,1501,0.12255817290306542
752,768,1520,0.12261744871516193
752,761,1513,0.1226598717221884
748,768,1516,0.1227018114824903
745,767,1512,0.122750415982595
742,774,1516,0.12280426232067945
736,768,1504,0.12286095400346118
720,770,1490,0.12292653144317989
728,780,1508,0.12302647323369943
725,782,1507,0.12310083366108387
727,784,1511,0.12317889825649822
723,775,1498,0.12324602423337774
723,784,1507,0.12331993619462275
728,787,1515,0.12338856944217472
718,777,1495,0.12343951116902271
717,786,1503,0.12351167397327106
710,794,1504,0.12358333541729298
710,792,1502,0.12366652478611986
708,787,1495,0.12374317451795981
711,782,1493,0.12382006237943768
716,770,1486,0.1238825440442807
703,781,1484,0.12392877185360689
707,787,1494,0.12400347773913381
707,798,1505,0.12406347339795108
711,801,1512,0.12411939728297866
695,805,1500,0.12416248971165583
696,805,1501,0.1242400687115337
693,811,1504,0.12431069778035084
703,809,1512,0.12438599418533162
700,804,1504,0.12443101180258158
702,804,1506,0.12448071345587558
695,805,1500,0.12452217983606374
698,806,1504,0.12457805144271919
705,802,1507,0.12462245738549402
704,805,1509,0.12464720927284485
695,803,1498,0.12467355617062711
705,808,1513,0.12471942376282755
698,802,1500,0.12473907819953448
698,807,1505,0.12477433014601624
703,815,1518,0.12480726212389405
704,816,1520,0.12482498904978864
708,810,1518,0.1248395125480743
705,794,1499,0.12484537508260658
704,800,1504,0.12485914045492777
709,804,1513,0.12487471310264597
705,805,1510,0.12487671643361149
694,813,1507,0.1248891015801878
691,812,1503,0.12492677202784318
691,808,1499,0.12496946650383357
688,813,1501,0.12500992701440036
695,815,1510,0.1250545446257994
704,824,1528,0.12507702369770105
705,823,1528,0.12507512033372334
701,825,1526,0.1250719980842928
700,825,1525,0.12507975787876308
707,814,1521,0.125089190473754
702,812,1514,0.1250804454055424
699,808,1507,0.12508457898576006
705,801,1506,0.12509592179898013
702,809,1511,0.12509034154353113
701,809,1510,0.12509176832954355
705,819,1524,0.12509383464462448
702,812,1514,0.12508684679998294
706,813,1519,0.12508784732764078
705,805,1510,0.1250809026144
698,808,1506,0.12507706727618434
710,815,1525,0.12508970255117896
696,823,1519,0.12507156803225114
690,809,1499,0.12508958304279272
691,810,1501,0.12512063549680966
690,821,1511,0.12514801807450354
687,811,1498,0.12517376840308023
690,807,1497,0.1252048304880676
685,816,1501,0.1252253889436918
684,802,1486,0.1252566252444215
690,811,1501,0.12528730120661877
684,809,1493,0.12530161730334588
691,817,1508,0.12532875352191247
692,813,1505,0.1253373972845531
694,815,1509,0.1253421522131578
685,814,1499,0.12534315791554757
687,825,1512,0.12536560094343327
692,820,1512,0.1253802671510119
697,816,1513,0.12538278342514128
697,814,1511,0.125375015547901
684,806,1490,0.125367238385134
687,810,1497,0.12539083062849396
681,811,1492,0.12540823472771387
673,809,1482,0.1254399726626638
667,816,1483,0.12549008167593556
676,815,1491,0.12554876214176483
678,819,1497,0.12557982591827405
672,821,1493,0.12560348132503665
682,827,1509,0.12564195234307296
678,825,1503,0.12565324353459562
675,819,1494,0.12567518441353204
678,838,1516,0.12570367889028797
678,823,1501,0.12572309250735444
683,830,1513,0.12574003887478896
681,831,1512,0.12574501797545562
669,830,1499,0.1257549640336468
669,824,1493,0.12579506110610827
673,834,1507,0.12583138132050758
669,835,1504,0.1258557846074873
676,824,1500,0.12588827113884846
669,825,1494,0.1258981878914115
675,826,1501,0.1259241412670964
686,833,1519,0.12593401119687678
674,836,1510,0.12591314405146575
677,830,1507,0.12592441534170332
679,837,1516,0.12593075807468093
683,840,1523,0.12593221182895145
677,846,1523,0.12592549439592443
682,849,1531,0.12593386109308344
675,849,1524,0.1259292823014947
676,854,1530,0.1259426860521783
672,851,1523,0.12595441357655032
665,856,1521,0.1259753120057308
667,853,1520,0.12601173907700713
663,856,1519,0.1260407161922419
663,863,1526,0.12607730211270782
666,862,1528,0.1261119072287651
656,852,1508,0.12613799277851145
658,852,1510,0.12618622423298967
657,846,1503,0.12622505239818005
644,847,1491,0.1262626746647237
644,846,1490,0.1263290285951056
647,859,1506,0.12639032825416646
662,856,1518,0.12643883420773971
655,852,1507,0.12644766040579264
650,851,1501,0.12647385845347622
654,853,1507,0.12651019933758947
652,860,1512,0.12653440280607028
655,858,1513,0.1265622049024197
661,856,1517,0.12658100451970122
655,853,1508,0.1265858841228088
655,853,1508,0.1266061274067395
652,848,1500,0.12662354002124293
650,843,1493,0.1266460488249703
648,857,1505,0.1266714118298253
644,867,1511,0.1267031033570249
643,865,1508,0.1267432642206989
651,861,1512,0.12678365548341813
643,864,1507,0.12680121919464601
645,867,1512,0.12683793057834747
645,867,1512,0.12686810531449108
642,876,1518,0.1268961475753718
634,878,1512,0.12693098359060392
643,878,1521,0.1269851236463079
638,884,1522,0.12701269667931317
644,878,1522,0.12705181495828272
640,876,1516,0.12707486090460576
630,875,1505,0.12710639022758957
627,877,1504,0.12716152104126194
625,875,1500,0.1272195594115419
629,881,1510,0.12727903441487418
630,884,1514,0.12732479920396464
629,883,1512,0.12736601008628445
636,879,1515,0.1274036066855383
638,887,1525,0.1274221907994714
627,881,1508,0.12743492835147963
628,887,1515,0.127471773623342
635,884,1519,0.1275050883245253
638,889,1527,0.12751993815551357
638,890,1528,0.1275278196298738
641,884,1525,0.1275345562114993
635,879,1514,0.12753089493864525
638,885,1523,0.1275419120980092
636,876,1512,0.12754657165645078
631,878,1509,0.1275560889280856
634,882,1516,0.1275775658948921
626,881,1507,0.12759098308105574
618,877,1495,0.12762102152774424
616,890,1506,0.12766950684957595
616,898,1514,0.1277183330666393
614,886,1500,0.12776417130773182
616,892,1508,0.1278110007524621
611,894,1505,0.12784842091176749
612,892,1504,0.12789650886461248
613,883,1496,0.12793679369695032
608,879,1487,0.12797102750543524
614,881,1495,0.1280163918527865
617,873,1490,0.12804563773957978
616,892,1508,0.12806622978482468
616,893,1509,0.1280874836306229
609,902,1511,0.1281085368420914
607,901,1508,0.1281444837706432
613,898,1511,0.1281830883131513
607,905,1512,0.12820299303111304
604,923,1527,0.128237198899015
602,916,1518,0.12827709054502048
598,909,1507,0.1283172529714928
594,910,1504,0.12836408392891602
586,908,1494,0.12841665352881754
590,917,1507,0.12848471933306566
592,912,1504,0.12854046409855482
588,914,1502,0.1285888507604841
585,914,1499,0.1286420492901831
581,926,1507,0.12870169119892438
588,928,1516,0.12876721720405057
581,923,1504,0.12881068795808395
576,921,1497,0.1288674224858612
586,921,1507,0.128933955932763
586,939,1525,0.12897161047839498
580,938,1518,0.12900711960353572
566,946,1512,0.12905709705772966
565,941,1506,0.12913881478050027
573,945,1518,0.12921657100500605
566,948,1514,0.1292692107538179
563,947,1510,0.12933776140628303
559,949,1508,0.12940852127392133
554,946,1500,0.12948304723915963
552,949,1501,0.12956561063289562
547,949,1496,0.1296463168524473
540,949,1489,0.12973574518789607
551,950,1501,0.1298345677882573
549,960,1509,0.1298993394562019
551,962,1513,0.1299655309344916
559,956,1515,0.13002067278321225
558,947,1505,0.13005003338046905
563,950,1513,0.13007964467694275
576,953,1529,0.13009449135013118
569,960,1529,0.13007772228557188
568,958,1526,0.13007707803451168
559,950,1509,0.13007944071783162
556,954,1510,0.13010300968708216
552,955,1507,0.1301345482342705
548,953,1501,0.13017513626516453
550,948,1498,0.1302232037634545
553,951,1504,0.13026215370818794
557,947,1504,0.13029251316980386
555,950,1505,0.13030691381012555
562,949,1511,0.130324955273089
562,944,1506,0.1303248978848691
564,951,1515,0.13032510468604996
557,952,1509,0.13032455298377502
555,953,1508,0.13034066985642592
544,952,1496,0.13036335992179532
546,950,1496,0.13041217217867399
548,963,1511,0.1304505643294003
548,968,1516,0.13048106155349465
550,965,1515,0.13050941856097353
553,958,1511,0.13053178539913826
559,949,1508,0.13054560552905084
571,952,1523,0.13054188235195735
564,940,1504,0.13050633268026554
567,939,1506,0.1304906700974146
566,937,1503,0.1304674090838559
569,931,1500,0.13044908107779174
567,935,1502,0.13042387387111318
556,936,1492,0.13040643804165894
560,939,1499,0.13041905598531925
569,945,1514,0.1304215630767948
565,945,1510,0.13040296685471237
563,936,1499,0.13039420771763904
568,935,1503,0.13039210209684662
569,927,1496,0.13037962930863037
568,950,1518,0.13036544000919395
565,949,1514,0.1303558764334426
553,947,1500,0.1303564599762694
555,942,1497,0.13038725632754067
546,947,1493,0.13041135376315716
552,947,1499,0.13045506388067057
541,950,1491,0.13047927414479268
539,954,1493,0.13053218081831322
543,950,1493,0.13058592489396498
539,950,1489,0.13062517215260047
539,945,1484,0.13067383332997953
547,952,1499,0.1307168855511423
552,951,1503,0.13073504708226363
552,959,1511,0.13073888267086034
555,962,1517,0.13074356836500375
556,945,1501,0.13074071553466798
559,957,1516,0.1307326180387163
545,956,1501,0.1307184575672652
551,959,1510,0.13073879298154595
552,968,1520,0.1307429587617634
544,964,1508,0.13074331231905237
547,962,1509,0.13076340068292613
549,955,1504,0.13077476107972383
550,958,1508,0.13078258716254024
551,954,1505,0.1307889644172712
547,968,1515,0.13078996405265175
547,968,1515,0.13080075760328333
553,969,1522,0.13081057233329932
545,971,1516,0.13080436582357277
542,969,1511,0.13082035939521972
550,967,1517,0.13084439290081032
540,960,1500,0.13084481467201894
544,966,1510,0.13087338404925475
540,970,1510,0.13088935029943127
544,968,1512,0.13091381503092442
535,973,1508,0.13092498137681421
551,968,1519,0.13095630194600363
545,964,1509,0.13094784526688624
543,969,1512,0.13095625042416847
547,961,1508,0.13096914840292195
548,968,1516,0.13096842532250114
549,967,1516,0.13096556180911997
539,976,1515,0.13096159239488203
536,980,1516,0.1309832761050093
538,975,1513,0.13101091734311132
532,969,1501,0.1310328604578695
538,967,1505,0.13106880066581864
540,976,1516,0.13108732767162176
541,978,1519,0.13110171126002818
536,980,1516,0.13111284424573363
534,988,1522,0.13113431413536927
525,978,1503,0.13116083729823924
530,991,1521,0.13120764428365878
528,987,1515,0.13123940985838517
527,993,1520,0.13127230936506304
528,991,1519,0.13130674940102058
532,994,1526,0.13133773498253665
534,992,1526,0.1313568960362108
520,997,1517,0.13137101967732379
515,993,1508,0.13141970229427705
510,985,1495,0.1314781673796676
516,988,1504,0.1315458106392568
516,995,1511,0.13159318775133827
521,997,1518,0.13163662834455106
519,998,1517,0.13166536045902408
511,990,1501,0.131697193834953
506,990,1496,0.1317471197669312
508,989,1497,0.13180740619809955
500,991,1491,0.13185814157603346
504,1001,1505,0.13192566087940313
509,998,1507,0.13197882685758003
509,1001,1510,0.1320169643352395
506,1001,1507,0.1320531166383727
502,999,1501,0.13209355806447923
495,1011,1506,0.13214175204328527
501,1012,1513,0.13220299559268248
501,1020,1521,0.13224598728675296
498,1021,1519,0.1322883801895884
492,1018,1510,0.1323376365978025
498,1028,1526,0.13239823760037484
489,1013,1502,0.13243956066778317
492,1009,1501,0.13249732079510998
490,1004,1494,0.1325441259821954
489,1002,1491,0.13259423108577068
492,1009,1501,0.13264329707559108
487,1016,1503,0.13268177570718337
490,1020,1510,0.13272882478100534
487,1027,1514,0.1327632001702434
487,1034,1521,0.13280449115200665
486,1027,1513,0.13284413002797246
483,1023,1506,0.1328837610168763
479,1028,1507,0.1329300384871597
482,1033,1515,0.1329820444148984
490,1033,1523,0.13302288204419235
479,1027,1506,0.13303960701459883
473,1031,1504,0.13308409090085804
471,1025,1496,0.13314228342892986
470,1018,1488,0.13320268587513132
477,1035,1512,0.13326152444081227
472,1035,1507,0.13329893458280587
468,1039,1507,0.1333471146255051
463,1044,1507,0.13340183646432238
458,1037,1495,0.13346690944868717
453,1040,1493,0.13354241613561166
461,1048,1509,0.1336234976371523
460,1062,1522,0.13367920716566076
456,1063,1519,0.13373727880381156
455,1061,1516,0.1338016463634048
456,1051,1507,0.13386412826919564
453,1059,1512,0.133920454853443
442,1068,1510,0.13398113270603373
452,1067,1519,0.13406438950502758
456,1055,1511,0.13411842539333022
447,1060,1507,0.13416052858098979
449,1066,1515,0.13422244695221827
452,1070,1522,0.134276638226594
452,1067,1519,0.13431926630731425
444,1077,1521,0.1343618104074602
440,1077,1517,0.1344229124313703
430,1068,1498,0.13448828460833692
432,1073,1505,0.1345733679612916
431,1067,1498,0.13464686179971774
432,1067,1499,0.1347182598668937
434,1071,1505,0.13478350634341651
433,1075,1508,0.13483959196025272
433,1079,1512,0.13489260364057232
441,1088,1529,0.13494181476069766
437,1077,1514,0.1349684931783519
431,1073,1504,0.13500052134237894
428,1075,1503,0.13504421328668592
432,1074,1506,0.13509218510170626
433,1078,1511,0.1351232762652815
433,1078,1511,0.13514915678485043
438,1073,1511,0.13517485907897972
443,1062,1505,0.13518689369556533
449,1059,1508,0.13518364735780458
454,1056,1510,0.13516526179404445
454,1068,1522,0.13513659474133047
440,1059,1499,0.13511115098346196
438,1063,1501,0.1351224942590249
440,1060,1500,0.13513569469619813
440,1059,1499,0.13514391365395484
443,1069,1512,0.1351510496606798
446,1067,1513,0.13515046488908766
445,1068,1513,0.1351422320396978
443,1073,1516,0.13513744014214185
448,1075,1523,0.13514244952679044
450,1070,1520,0.13513548029480416
449,1074,1523,0.1351252116467202
444,1073,1517,0.13511888685722806
438,1071,1509,0.13512251972401615
436,1076,1512,0.13514050231797556
437,1072,1509,0.13516022714107334
429,1075,1504,0.13517675777056554
436,1081,1517,0.13521522530398028
439,1079,1518,0.1352314362457181
443,1078,1521,0.1352396534559275
435,1084,1519,0.13523848678229705
427,1082,1509,0.1352577626257688
436,1085,1521,0.1352946795560244
438,1087,1525,0.13530629910211409
432,1083,1515,0.1353126527191046
431,1084,1515,0.13533434216611664
429,1077,1506,0.13535708858552678
427,1079,1506,0.13538566800695187
431,1086,1517,0.13541611276299434
433,1084,1517,0.13543354732969118
434,1084,1518,0.13544526906173152
430,1089,1519,0.1354526397892478
425,1097,1522,0.13546917981941442
424,1083,1507,0.13549692884938808
428,1087,1515,0.1355257727147046
430,1080,1510,0.13554072668788958
427,1083,1510,0.13554924897583426
420,1095,1515,0.1355642003015125
415,1091,1506,0.1355975428075746
419,1098,1517,0.13564296620389535
416,1097,1513,0.13567369160907566
416,1101,1517,0.13571016411822864
414,1095,1509,0.13574627012719231
413,1092,1505,0.13578648828130863
404,1093,1497,0.13582605013472257
406,1086,1492,0.13588729362303464
407,1085,1492,0.13593826884472823
406,1090,1496,0.13598445800493755
404,1088,1492,0.13602873788717418
402,1097,1499,0.13607519713305333
402,1096,1498,0.13612340108436236
401,1098,1499,0.13616884777301355
404,1110,1514,0.13621425245158034
393,1114,1507,0.13624807687077398
391,1098,1489,0.13630686843976597
395,1103,1498,0.13636670418023167
392,1099,1491,0.13641147202232998
392,1101,1493,0.1364602085675436
398,1106,1504,0.13650575333250056
394,1106,1500,0.1365331504493944
395,1120,1515,0.1365688166893451
401,1107,1508,0.13659896512197553
402,1102,1504,0.13661095058790512
397,1103,1500,0.13662043810559157
403,1109,1512,0.13664298110061832
407,1107,1514,0.1366500687440859
406,1121,1527,0.1366471716300602
406,1118,1524,0.13664842967284796
407,1109,1516,0.13664997194654727
413,1111,1524,0.1366490703356766
413,1113,1526,0.1366324264502784
411,1123,1534,0.13661803266229233
416,1118,1534,0.13660920071020255
416,1110,1526,0.1365881074629066
410,1102,1512,0.13656781161008089
405,1102,1507,0.13656459727731865
412,1103,1515,0.1365748977184389
412,1106,1518,0.13656668375496517
406,1101,1507,0.1365599485235357
411,1095,1506,0.13656949169559524
408,1097,1505,0.1365661965374548
413,1108,1521,0.13657063747276782
408,1108,1516,0.13656107477153673
406,1114,1520,0.1365656844169955
399,1121,1520,0.13657401496037466
404,1122,1526,0.13659822159689175
400,1114,1514,0.13660729321885634
396,1114,1510,0.13662689414386872
395,1112,1507,0.136655912053021
387,1110,1497,0.1366853238145944
385,1104,1489,0.13673394564133903
393,1112,1505,0.13678467009555512
390,1113,1503,0.13681146063768548
380,1114,1494,0.13684537068239716
385,1113,1498,0.13690207655767314
378,1103,1481,0.13694098948634276
386,1104,1490,0.13699568441771898
387,1104,1491,0.13702445980383401
391,1120,1511,0.13704965834981375
404,1119,1523,0.13706163472844513
406,1118,1524,0.13703899867987146
400,1110,1510,0.1370137713879845
402,1116,1518,0.13700393199123595
397,1122,1519,0.13698789530426925
402,1127,1529,0.1369861441498175
402,1113,1515,0.13697423210496826
409,1110,1519,0.13696293820489466
411,1106,1517,0.13693499777002777
407,1111,1518,0.1369035910388425
397,1114,1511,0.1368856687781054
399,1112,1511,0.13689524172856557
402,1114,1516,0.1368970006359275
407,1107,1514,0.13689115484396425
404,1108,1512,0.13687294721216803
396,1104,1500,0.13686566486523205
389,1098,1487,0.136880080255981
393,1102,1495,0.13691046707548143
402,1107,1509,0.1369259061489653
406,1115,1521,0.13691858952785663
398,1110,1508,0.1369021172022373
400,1110,1510,0.13690570906766744
401,1112,1513,0.13690278551805923
396,1116,1512,0.13689852841459996
394,1125,1519,0.13690880869132788
390,1131,1521,0.1369230387877104
387,1125,1512,0.13694606842651422
397,1137,1534,0.1369755420811406
398,1118,1516,0.13697614631314878
397,1110,1507,0.1369727046283377
390,1117,1507,0.13697264204343632
391,1110,1501,0.1369929304349127
397,1116,1513,0.13700965329143858
399,1110,1509,0.13700888266233052
396,1120,1516,0.13700258532027332
397,1115,1512,0.13700707254200156
393,1120,1513,0.13700885134687726
393,1112,1505,0.13702225463121973
390,1106,1496,0.13703181240170204
394,1109,1503,0.13704652079775986
395,1097,1492,0.13704993218385256
390,1101,1491,0.13705067529722786
392,1106,1498,0.13706218644779164
391,1119,1510,0.137069040029015
393,1116,1509,0.13707665569797123
398,1120,1518,0.13707797507557318
397,1113,1510,0.13706818958540107
395,1116,1511,0.13706188469435068
399,1110,1509,0.1370618117868764
402,1121,1523,0.1370506858685898
399,1108,1507,0.13703145070115333
399,1124,1523,0.13702358165705994
398,1111,1509,0.13701528037871605
392,1106,1498,0.1370099208508793
394,1106,1500,0.13701972511672736
392,1120,1512,0.13702258975974815
391,1112,1503,0.13702932576317914
394,1106,1500,0.13703888070717338
401,1109,1510,0.13704019180221
402,1111,1513,0.13702416240919818
397,1120,1517,0.13700578239710992
395,1129,1524,0.13700318111466633
395,1129,1524,0.1370061335746709
396,1121,1517,0.13700781856149016
392,1106,1498,0.13700569642402052
399,1126,1525,0.13701440968340414
396,1125,1521,0.1370043923566752
395,1136,1531,0.13700333585123473
392,1126,1518,0.13700449480648214
386,1137,1523,0.13701317061609278
387,1137,1524,0.13703752163186794
385,1134,1519,0.13705845656858992
391,1135,1526,0.13708151785317102
390,1128,1518,0.1370871357144211
376,1132,1508,0.1370962352373707
374,1129,1503,0.1371403229930362
372,1143,1515,0.13718568528749364
368,1138,1506,0.137234059439512
373,1143,1516,0.13729006637613367
370,1134,1504,0.13733011972381978
365,1126,1491,0.1373751841911019
369,1140,1509,0.1374301800649752
368,1136,1504,0.13747079006782653
369,1139,1508,0.1375123895172795
369,1137,1506,0.13754869575010312
362,1142,1504,0.13758387994159774
369,1143,1512,0.1376336646043937
367,1150,1517,0.13766212441837086
371,1149,1520,0.13769254920298107
372,1133,1505,0.1377131570574861
366,1142,1508,0.13772935099623973
366,1147,1513,0.1377591729955106
370,1148,1518,0.13778754740213767
364,1152,1516,0.1378041900819994
364,1145,1509,0.13783553448158256
361,1139,1500,0.1378633842489735
358,1142,1500,0.13789696473179774
354,1156,1510,0.13793494495020742
355,1152,1507,0.13798050228946607
353,1147,1500,0.13802176206673447
356,1146,1502,0.13806553993536233
352,1150,1502,0.13809776145066188
350,1161,1511,0.1381388853813711
354,1152,1506,0.1381823250381039
351,1165,1516,0.1382132898735436
352,1164,1516,0.13825249277591203
349,1167,1516,0.13828417580499738
342,1161,1503,0.13832120517059818
342,1149,1491,0.13837209288213687
343,1155,1498,0.13841853879814053
342,1159,1501,0.13845990080452295
347,1148,1495,0.13850132057450812
347,1146,1493,0.138527529916461
343,1154,1497,0.1385543103942382
346,1159,1505,0.1385898424519776
353,1156,1509,0.138614879699785
353,1162,1515,0.13862038897180468
354,1155,1509,0.13862448540149516
355,1148,1503,0.13862594600412192
359,1153,1512,0.13862478838538356
355,1161,1516,0.1386158521970763
357,1164,1521,0.13861726026715038
356,1166,1522,0.13861336615188347
352,1152,1504,0.13861194927831913
347,1150,1497,0.13861883880992845
343,1161,1504,0.13864150461118563
348,1164,1512,0.13867163947980107
348,1167,1515,0.13868643477408882
341,1164,1505,0.13869914106505102
336,1171,1507,0.1387295788314999
351,1175,1526,0.1387710968974023
354,1176,1530,0.1387734816383952
353,1168,1521,0.13876708809415894
352,1164,1516,0.13876457718245422
350,1170,1520,0.13876488500631878
353,1173,1526,0.13876846388706096
351,1166,1517,0.13876562715102803
357,1161,1518,0.13876908367834423
358,1173,1531,0.13875788818054285
352,1178,1530,0.1387435468185585
358,1158,1516,0.13874554792567512
357,1159,1516,0.13873294608280026
351,1163,1514,0.1387225777729177
343,1166,1509,0.13873117517086647
337,1169,1506,0.1387588864050959
343,1166,1509,0.1388005694451248
342,1162,1504,0.13882364295246866
343,1163,1506,0.13884772587931668
346,1164,1510,0.13886696032881937
346,1162,1508,0.13887758838981262
349,1165,1514,0.1388864088765983
351,1162,1513,0.13888875391265526
345,1167,1512,0.1388846693943661
340,1170,1510,0.13889566926584362
333,1178,1511,0.13892027697406312
330,1180,1510,0.13896302729566554
326,1169,1495,0.13901323102626045
330,1158,1488,0.13906935549547206
334,1153,1487,0.13911123528844682
338,1164,1502,0.13913926467598436
329,1178,1507,0.13915440314983968
330,1175,1505,0.1391907509137896
329,1178,1507,0.13922280673260795
334,1189,1523,0.1392541993739494
333,1186,1519,0.13927112951032217
334,1185,1519,0.13929099058038474
326,1184,1510,0.13930534887496418
321,1188,1509,0.13934138848681332
325,1192,1517,0.13938893835642618
325,1191,1516,0.1394218811706731
321,1197,1518,0.1394519186536146
323,1195,1518,0.13949020535782047
325,1201,1526,0.13952088225210668
321,1194,1515,0.1395460829881314
323,1189,1512,0.13958097733422378
323,1199,1522,0.13960888078136413
324,1193,1517,0.13963423386670082
320,1199,1519,0.13965345266195794
321,1189,1510,0.13968051219906297
320,1186,1506,0.1397026329826559
319,1179,1498,0.13972628492108613
315,1181,1496,0.13975118857535493
318,1178,1496,0.13978175105108115
317,1184,1501,0.1398043760027094
324,1192,1516,0.13982795860016925
323,1198,1521,0.13983223388157617
321,1202,1523,0.1398392654030118
324,1201,1525,0.13985163175447823
321,1197,1518,0.13985468636449885
319,1208,1527,0.13986478447841424
315,1199,1514,0.13987814182072988
310,1194,1504,0.13990322220583268
309,1198,1507,0.1399400433898443
311,1187,1498,0.13997602121542477
317,1193,1510,0.1400035335228556
320,1204,1524,0.14001474435522065
312,1217,1529,0.14001885148205068
313,1224,1537,0.1400452635627502
310,1214,1524,0.1400685598384211
303,1215,1518,0.14009846428266137
300,1222,1522,0.1401456788579465
297,1209,1506,0.14019865165335182
296,1218,1514,0.14025559283409106
301,1217,1518,0.14031222031031887
295,1217,1512,0.14035169080335072
296,1214,1510,0.14040516109680326
293,1218,1511,0.14045096878060342
292,1213,1505,0.14050100270888133
291,1218,1509,0.14055024451392242
288,1209,1497,0.14059913526534903
292,1198,1490,0.14065138879312236
292,1203,1495,0.14068926416084968
293,1191,1484,0.1407234490110993
291,1198,1489,0.14075293652932758
291,1192,1483,0.1407866860809692
298,1198,1496,0.14081871231374143
294,1209,1503,0.1408290881057753
297,1211,1508,0.14084999958663832
294,1217,1511,0.140860846658899
295,1218,1513,0.14088105027400324
288,1217,1505,0.14089641877373343
293,1223,1516,0.14092869472326922
296,1224,1520,0.1409459490618212
295,1218,1513,0.1409541769226129
297,1220,1517,0.14096798810950217
293,1220,1513,0.1409746142578178
292,1216,1508,0.140990565482237
288,1229,1517,0.1410094295332358
289,1223,1512,0.1410360029180544
294,1223,1517,0.14105773691955972
291,1226,1517,0.14106376596790493
292,1228,1520,0.14107617180833834
292,1219,1511,0.14108647331722282
294,1222,1516,0.14109610924709517
298,1229,1527,0.14110107836730024
298,1226,1524,0.14109544282062125
296,1226,1522,0.14109062762264737
291,1223,1514,0.14109147413790674
289,1232,1521,0.14110651078132064
291,1229,1520,0.1411281013909201
287,1231,1518,0.14114436106138784
292,1228,1520,0.14116864065287202
290,1233,1523,0.14118037433128694
288,1225,1513,0.14119756396465888
293,1222,1515,0.14121967471750058
293,1221,1514,0.14122783902422323
289,1227,1516,0.14123632171648745
291,1227,1518,0.14125501448772107
286,1227,1513,0.14126694802984258
284,1231,1515,0.14129199614504237
287,1224,1511,0.14131979151057447
283,1238,1521,0.14133762740296252
279,1237,1516,0.14136453411018984
275,1234,1509,0.14140083030368067
276,1230,1506,0.14144553884917418
281,1240,1521,0.14148313577691385
277,1236,1513,0.14150609891515542
282,1241,1523,0.1415369429327401
278,1244,1522,0.1415547178725017
272,1244,1516,0.14158183771038757
271,1244,1515,0.14162327654934806
269,1250,1519,0.14166471569665912
272,1238,1510,0.14170812898528273
272,1246,1518,0.14174105250472202
270,1237,1507,0.14177084848468663
271,1234,1505,0.14180461519293427
268,1242,1510,0.14183430075501596
262,1231,1493,0.14187078399626704
264,1234,1498,0.14192098260207914
262,1239,1501,0.1419614232879966
264,1235,1499,0.14200453811206223
267,1248,1515,0.1420376091093609
270,1236,1506,0.14206301020381887
273,1235,1508,0.14207882721674864
269,1235,1504,0.14208701827170325
273,1243,1516,0.1421043255816881
273,1233,1506,0.14211092769746592
274,1242,1516,0.1421193172874577
271,1240,1511,0.1421248433868105
272,1245,1517,0.1421397301413838
273,1242,1515,0.14215014259602812
271,1243,1514,0.1421590783423683
261,1243,1504,0.14217225952786483
264,1247,1511,0.1422104694312964
263,1249,1512,0.1422389413716894
266,1244,1510,0.1422673046006467
266,1244,1510,0.14228625596315336
266,1242,1508,0.14230496824754316
260,1239,1499,0.14232367838393195
254,1250,1504,0.1423565944454135
257,1254,1511,0.14240278182648436
260,1245,1505,0.14243740750330056
263,1239,1502,0.1424632921535379
262,1251,1513,0.14248139575949342
263,1246,1509,0.14250046055229246
255,1253,1508,0.14251553824029017
254,1259,1513,0.14255019707817088
257,1258,1515,0.14258466384405166
263,1263,1526,0.1426086873888389
258,1268,1526,0.1426164792899764
256,1251,1507,0.14263655401284783
259,1244,1503,0.14266070196448982
262,1249,1511,0.1426754800919264
256,1244,1500,0.1426799982386296
254,1259,1513,0.14269949890872144
253,1244,1497,0.14272225291937796
257,1241,1498,0.14274670053587205
255,1258,1513,0.14276045230575352
250,1258,1508,0.1427773183951013
259,1251,1510,0.14280359351489333
262,1241,1503,0.14280644087535502
262,1247,1509,0.14280126014713876
257,1247,1504,0.14279574220125632
256,1249,1505,0.14280373560795787
259,1258,1517,0.142813954223496
259,1258,1517,0.1428166208661725
253,1261,1514,0.142817771662816
252,1254,1506,0.14283393733113528
253,1265,1518,0.14285278317447753
252,1256,1508,0.14286919507685894
246,1272,1518,0.14288793125979943
247,1276,1523,0.142920224814618
253,1275,1528,0.14294795820220774
249,1282,1531,0.14295864530011282
256,1276,1532,0.1429797856935341
252,1283,1535,0.14298105181092546
251,1273,1524,0.14299127913428858
252,1280,1532,0.14300292308666573
247,1275,1522,0.1430112633833322
247,1269,1516,0.14303300394519194
243,1262,1505,0.14305247188627182
240,1268,1508,0.14308149645598475
244,1260,1504,0.14311493157413577
247,1267,1514,0.14313493364424862
242,1272,1514,0.14314605874737585
241,1276,1517,0.14316919927273672
248,1274,1522,0.14319367638318561
245,1267,1512,0.14319966931670994
245,1260,1505,0.1432124220890473
247,1269,1516,0.14322634951419821
246,1272,1518,0.14323450565536608
251,1269,1520,0.14324353600409545
251,1266,1517,0.143239248490744
246,1270,1516,0.1432346088890126
241,1264,1505,0.1432434607848219
248,1266,1514,0.1432641198543626
250,1273,1523,0.14326559590302837
246,1269,1515,0.14326170692509116
245,1273,1518,0.1432674381753327
243,1276,1519,0.14327509884231715
241,1264,1505,0.14328865195606333
248,1279,1527,0.1433070413248263
244,1279,1523,0.14330519110027584
244,1280,1524,0.1433132414898865
244,1276,1520,0.1433214806683777
243,1269,1512,0.1433291937470393
243,1277,1520,0.14333866401284315
240,1270,1510,0.14334828905882932
240,1261,1501,0.14336404464425173
244,1272,1516,0.14337771851245543
245,1282,1527,0.1433813547373454
245,1276,1521,0.14338223003195336
246,1264,1510,0.14338278055355733
247,1261,1508,0.14338180904717426
250,1256,1506,0.14337867534318632
246,1259,1505,0.14336672433215264
246,1258,1504,0.1433664803024325
241,1259,1500,0.1433681913006809
241,1260,1501,0.14338230577054262
242,1269,1511,0.1433943820798876
245,1275,1520,0.14340370170097685
246,1274,1520,0.14340505164991155
243,1265,1508,0.1434034939417748
242,1280,1522,0.14341179629286493
234,1265,1499,0.14342222060355067
235,1279,1514,0.14345296082330938
230,1278,1508,0.143478751445988
233,1276,1509,0.1435161042130835
223,1262,1485,0.14354374601236436
227,1280,1507,0.14359326892004398
226,1290,1516,0.14362873085442718
225,1284,1509,0.14366432497226359
225,1290,1515,0.1437002382364704
224,1278,1502,0.14373450329986684
223,1285,1508,0.14376880431580372
222,1287,1509,0.1438026736736506
218,1293,1511,0.1438365845312633
227,1286,1513,0.14388056380471034
228,1284,1512,0.14389881609378669
228,1288,1516,0.14391494508051847
223,1291,1514,0.1439301600932421
226,1297,1523,0.14395730422795905
215,1291,1506,0.1439740799776954
220,1293,1513,0.14401749918973417
217,1287,1504,0.14404457521426117
219,1292,1511,0.1440785216234497
221,1289,1510,0.14410630112922682
218,1294,1512,0.14412884555484154
220,1304,1524,0.14415790871708264
225,1295,1520,0.14417899437637988
221,1300,1521,0.144186715966625
225,1289,1514,0.1442044203562973
224,1291,1515,0.1442118385499439
221,1302,1523,0.14422048418329228
214,1301,1515,0.14423610955484278
218,1292,1510,0.14426924701406615
212,1282,1494,0.1442900579213027
214,1288,1502,0.1443242435781745
220,1293,1513,0.14435095923161562
212,1292,1504,0.14436074972356
209,1305,1514,0.14439086766440423
215,1296,1511,0.14442539359559592
221,1289,1510,0.14444258289857784
226,1296,1522,0.14444431117172526
222,1306,1528,0.14443280330979552
229,1306,1535,0.14443336506299237
231,1304,1535,0.14441631410119807
233,1295,1528,0.14439435911836013
232,1293,1525,0.14436817209915126
231,1296,1527,0.1443472785024187
223,1293,1516,0.1443313080537387
221,1289,1510,0.14433674100349378
226,1279,1505,0.14434747490911318
227,1291,1518,0.1443448635317864
231,1291,1522,0.14433976231045226
228,1297,1525,0.1443247282258173
229,1307,1536,0.14431912546359324
234,1295,1529,0.14431103775080192
233,1281,1514,0.14429125739878107
226,1292,1518,0.14427468336033955
222,1293,1515,0.14427781110994187
224,1292,1516,0.14429087578526878
227,1297,1524,0.14429682581881165
225,1309,1534,0.14429593121506823
224,1296,1520,0.14430044651643592
220,1300,1520,0.14430732447973033
226,1295,1521,0.14432373331079268
224,1300,1524,0.14432415264212425
218,1307,1525,0.14432913717776813
220,1303,1523,0.14434988952221392
214,1306,1520,0.14436379513807837
215,1308,1523,0.1443910206222027
215,1295,1510,0.14441452991941012
214,1299,1513,0.144436811947044
211,1298,1509,0.1444602014375093
213,1301,1514,0.14449021093439796
212,1300,1512,0.14451194753871083
214,1300,1514,0.14453546393762148
212,1305,1517,0.14455312270117474
212,1306,1518,0.14457351036966848
211,1312,1523,0.1445926158500267
210,1306,1516,0.14461279996096754
213,1307,1520,0.1446342345151973
217,1308,1525,0.14464735721620683
215,1310,1525,0.14464936421489744
213,1305,1518,0.14465534509837483
211,1315,1526,0.1446664780476347
205,1323,1528,0.1446835062807407
201,1327,1528,0.14471516934293596
199,1317,1516,0.14475497711423035
198,1308,1506,0.14479635935787732
197,1305,1502,0.14483972034664702
190,1299,1489,0.1448821894215312
201,1309,1510,0.14494117732817968
202,1308,1510,0.14496834228016617
203,1301,1504,0.14499110098597742
205,1307,1512,0.14500980962546
205,1317,1522,0.14502290619224723
201,1309,1510,0.14503613579565444
199,1309,1508,0.14505912550061922
197,1311,1508,0.14508529719663743
197,1316,1513,0.14511497310157895
201,1325,1526,0.14514226401148947
199,1306,1505,0.14515729910499617
198,1314,1512,0.14517754511074027
191,1316,1507,0.14519895425908566
189,1313,1502,0.14523647772433126
186,1329,1515,0.14527660053703845
187,1316,1503,0.14532067061105347
188,1313,1501,0.14536089039302025
189,1326,1515,0.1453964181039969
189,1330,1519,0.14542675430526678
190,1318,1508,0.14545493451873917
185,1322,1507,0.1454773862565415
181,1325,1506,0.14551177127567252
184,1341,1525,0.14555419430781125
182,1333,1515,0.14558576188850694
177,1336,1513,0.1456207598427125
180,1314,1494,0.14566570091367587
179,1326,1505,0.1456988658306231
185,1317,1502,0.14573336317156474
182,1320,1502,0.1457502896083394
180,1326,1506,0.14577325014856643
185,1326,1511,0.1457987329632228
185,1346,1531,0.14581017434942367
185,1343,1528,0.1458206533586441
186,1332,1518,0.14583104949397427
186,1322,1508,0.1458387445282247
188,1317,1505,0.14584523167290686
183,1333,1516,0.1458468687974106
191,1329,1520,0.14586103631137703
190,1322,1512,0.14585410095450335
190,1322,1512,0.14585048295461042
190,1324,1514,0.1458463706265025
192,1328,1520,0.14584238537974412
186,1330,1516,0.14583311934309343
186,1327,1513,0.14583899761428612
180,1313,1493,0.1458448487437873
184,1312,1496,0.14586637228321567
183,1310,1493,0.14587448562422603
181,1315,1496,0.14588433080203017
180,1320,1500,0.14589774289264454
185,1321,1506,0.14591298986509796
188,1309,1497,0.1459140378131381
189,1315,1504,0.1459068765771604
191,1312,1503,0.14589725185751373
193,1314,1507,0.14588138438985346
194,1314,1508,0.14586222700717555
196,1317,1513,0.14584286740113023
195,1316,1511,0.14582055896364118
196,1323,1519,0.14580330468844774
197,1326,1523,0.14578480501895283
197,1324,1521,0.14576492261429475
197,1324,1521,0.14574661040713122
194,1323,1517,0.14572982057095143
191,1314,1505,0.1457219786203205
186,1317,1503,0.14572275382860664
187,1328,1515,0.14573667499500878
189,1330,1519,0.14574689213657302
186,1314,1500,0.145750066772802
188,1307,1495,0.14576087505548008
189,1323,1512,0.14576484852106508
189,1327,1516,0.14576607288039817
190,1323,1513,0.1457667799653658
192,1331,1523,0.14576439664669735
186,1315,1501,0.14575727384515233
189,1324,1513,0.14576560855214407
192,1326,1518,0.1457663010966065
189,1312,1501,0.14575874427852306
187,1307,1494,0.14575966786835845
189,1315,1504,0.14576540052204026
192,1311,1503,0.14576639500938007
193,1330,1523,0.1457594182078128
198,1311,1509,0.1457506541060525
192,1312,1504,0.14573003580697894
198,1317,1515,0.1457274471158424
197,1330,1527,0.14570891717080778
194,1321,1515,0.1456944017093242
196,1324,1520,0.1456883320596196
195,1313,1508,0.14567844133801905
191,1312,1503,0.145671773917008
190,1316,1506,0.14567566966477558
188,1324,1512,0.14568190910523346
188,1325,1513,0.1456938347667441
189,1334,1523,0.14570555919768316
188,1344,1532,0.1457145589176187
184,1347,1531,0.14572660306038518
183,1343,1526,0.1457486297706445
186,1352,1538,0.1457722500560825
184,1348,1532,0.14578602047986977
186,1335,1521,0.1458040412835284
184,1326,1510,0.1458145514084711
181,1327,1508,0.14583001276459967
183,1322,1505,0.1458532834252441
185,1322,1507,0.14587022986297277
183,1328,1511,0.1458812059785319
183,1328,1511,0.14589729780339064
182,1339,1521,0.14591212260840325
181,1339,1520,0.1459284000366165
183,1331,1514,0.1459461699775695
179,1331,1510,0.1459585068311042
175,1320,1495,0.14597968740264544
175,1326,1501,0.14600902103047647
176,1323,1499,0.1460357146232219
179,1340,1519,0.1460572839843614
178,1339,1517,0.1460687701187157
182,1337,1519,0.14608150796379704
185,1339,1524,0.14608246108861342
185,1335,1520,0.1460760641504527
182,1332,1514,0.1460704555407924
183,1331,1514,0.14607322604720102
186,1323,1509,0.14607419880866115
180,1325,1505,0.14606742433853664
177,1333,1510,0.14607777519835444
176,1332,1508,0.14609541279381488
176,1338,1514,0.14611347403821764
171,1342,1513,0.14612996031623246
172,1352,1524,0.14615813657757928
170,1343,1513,0.14618284261045
172,1341,1513,0.146212519738934
167,1349,1516,0.14623522274857273
166,1343,1509,0.14626895524333755
169,1353,1522,0.14630289816421038
171,1356,1527,0.14632672736796148
166,1342,1508,0.1463433373915289
168,1335,1503,0.14637187236667507
167,1333,1500,0.14639372877294385
167,1331,1498,0.14641710299643546
163,1343,1506,0.1464377392296807
166,1341,1507,0.1464675553849062
166,1349,1515,0.1464874764590051
166,1347,1513,0.14650624303049223
173,1358,1531,0.14652434014188906
170,1348,1518,0.14652308516150714
168,1345,1513,0.14652971764542053
167,1350,1517,0.14654126443662288
162,1348,1510,0.14655543198387197
166,1339,1505,0.1465813141250577
159,1345,1504,0.1465949625339946
160,1338,1498,0.14662620549717206
159,1343,1502,0.14665261913806124
161,1337,1498,0.14667913005485744
158,1346,1504,0.14669897094188616
161,1336,1497,0.1467256733544459
164,1349,1513,0.14674351906900526
165,1347,1512,0.14675213672428605
157,1348,1505,0.14675733554811562
155,1353,1508,0.14678389617664167
152,1360,1512,0.14681423043234534
149,1372,1521,0.1468494967966398
154,1362,1516,0.14688958490006343
154,1377,1531,0.1469140841422307
159,1367,1526,0.1469385682095606
157,1356,1513,0.14694937601354344
156,1364,1520,0.14696441889930914
155,1364,1519,0.14698153909501535
155,1365,1520,0.14700059061193577
152,1366,1518,0.14701904328669824
153,1364,1517,0.1470445428657332
155,1368,1523,0.1470653741064949
154,1367,1521,0.14707984491962114
157,1372,1529,0.14709536513732435
157,1362,1519,0.14710142778634086
157,1362,1519,0.14710670920082627
154,1361,1515,0.1471108959654602
158,1365,1523,0.14712213451947986
159,1356,1515,0.1471229509997625
161,1361,1522,0.14711952371715004
162,1366,1528,0.14711192601159484
163,1358,1521,0.14710241065668125
162,1363,1525,0.14709199841723186
158,1351,1509,0.14708420645239906
162,1346,1508,0.14708825441743148
156,1345,1501,0.14708161070804873
156,1338,1494,0.14709188302855825
158,1342,1500,0.14710120146472316
161,1341,1502,0.14710440171821773
161,1347,1508,0.14709800843689202
158,1348,1506,0.14709213682063058
157,1349,1506,0.14709317807058922
156,1342,1498,0.1470972144247441
156,1353,1509,0.1471022246917388
156,1353,1509,0.14710773263797816
154,1341,1495,0.14711318377016006
154,1348,1502,0.14712324435043325
154,1352,1506,0.1471329878588799
154,1365,1519,0.1471418319588317
154,1347,1501,0.14715089099473033
155,1357,1512,0.14716040292711566
155,1363,1518,0.14716654538764604
152,1372,1524,0.14717253833012928
151,1373,1524,0.1471878318226711
149,1371,1520,0.1472038042672753
144,1371,1515,0.14722421212681203
144,1368,1512,0.14725626042433515
146,1369,1515,0.14728652666458347
144,1363,1507,0.14730991022487072
141,1374,1515,0.1473369702526509
142,1378,1520,0.14736969519821605
142,1353,1495,0.14739788786377456
144,1352,1496,0.14742359950268213
143,1348,1491,0.14744243297957765
147,1358,1505,0.14746235830697693
147,1360,1507,0.14747024196233316
146,1365,1511,0.14747739748173022
149,1365,1514,0.14748702115280918
151,1360,1511,0.14748881130038125
152,1370,1522,0.14748485949501566
150,1359,1509,0.1474787720492443
150,1375,1525,0.147478088539961
152,1382,1534,0.14747740294494238
152,1377,1529,0.14747180166389784
150,1362,1512,0.14746633174586682
153,1360,1513,0.14746734048728938
154,1367,1521,0.147460405640309
153,1374,1527,0.14745087788522843
152,1376,1528,0.1474448628095729
157,1374,1531,0.14744218399527262
155,1380,1535,0.14742675424334842
155,1373,1528,0.14741676446751062
154,1362,1516,0.1474095583372627
151,1382,1533,0.14740594092542175
146,1372,1518,0.14741026469819782
147,1374,1521,0.14742720951845062
146,1368,1514,0.14744041896603866
147,1367,1514,0.14745539531555862
147,1366,1513,0.1474664639743956
147,1362,1509,0.14747656043650043
150,1352,1502,0.14748572329781642
154,1360,1514,0.1474865663604303
153,1353,1506,0.14747623049425382
153,1370,1523,0.1474696647693638
153,1363,1516,0.14746426926789147
153,1372,1525,0.14745945250017672
152,1374,1526,0.14745421782032322
149,1361,1510,0.14745240363617765
149,1352,1501,0.14745772772458832
147,1352,1499,0.1474643832940954
150,1345,1495,0.14747614170159348
151,1357,1508,0.14747849446373856
152,1369,1521,0.1474780438217389
151,1358,1509,0.147475719876555
149,1359,1508,0.14747593590965827
146,1349,1495,0.1474810183312135
142,1359,1501,0.14749404078678802
144,1359,1503,0.14751717866232902
137,1361,1498,0.14753391573242605
133,1364,1497,0.14756718370037267
133,1364,1497,0.14760891619569783
138,1372,1510,0.14764813307318037
139,1368,1507,0.14767208588185274
136,1374,1510,0.14769161278774806
139,1379,1518,0.14771760895370925
139,1374,1513,0.14773417948979112
134,1364,1498,0.14774978948246797
138,1371,1509,0.1477781323428619
137,1377,1514,0.14779426523508787
139,1380,1519,0.14781186231622254
139,1380,1519,0.14782327064190834
139,1373,1512,0.14783437383505718
140,1375,1515,0.14784509819728966
142,1383,1525,0.14785243885041116
140,1379,1519,0.1478537924873162
146,1389,1535,0.14786017578347788
145,1378,1523,0.14785054074399004
140,1374,1514,0.1478447625488237
140,1378,1518,0.14785118905185626
146,1386,1532,0.14785746102057953
146,1378,1524,0.14784848687774688
143,1371,1514,0.14784111625203006
146,1364,1510,0.14784179089328459
146,1366,1512,0.14783480600606363
143,1367,1510,0.14782845330781624
146,1371,1517,0.14782971674259918
147,1363,1510,0.14782303971864583
143,1362,1505,0.1478148502625161
142,1373,1515,0.14781701312408807
146,1367,1513,0.14782153926651914
146,1359,1505,0.14781599089737774
141,1366,1507,0.147810639316848
138,1370,1508,0.1478186332316547
135,1377,1512,0.14783407187054037
143,1381,1524,0.14785628163868447
141,1384,1525,0.14785592980509324
141,1378,1519,0.14786040836159917
137,1380,1517,0.14786434574669058
143,1369,1512,0.14787897710542777
144,1377,1521,0.14787710853061353
146,1376,1522,0.1478736313283363
146,1378,1524,0.14786452158556948
146,1375,1521,0.14785541468111277
146,1374,1520,0.14784640614005665
148,1369,1517,0.1478386103306568
144,1370,1514,0.14782678746916628
143,1374,1517,0.14782617200861103
142,1377,1519,0.14782838564135412
144,1380,1524,0.14783254055949618
140,1376,1516,0.14783079635315755
141,1370,1511,0.14783948735222238
141,1370,1511,0.14784525649409655
138,1364,1502,0.14785044355453342
139,1370,1509,0.14786266666308837
139,1375,1514,0.14787098339792826
139,1374,1513,0.147878890957353
135,1370,1505,0.14788663166920032
134,1365,1499,0.1479043020186852
137,1364,1501,0.1479237294905769
137,1375,1512,0.14793438251686844
138,1377,1515,0.14794429635488068
140,1376,1516,0.14795125521893507
137,1377,1514,0.1479528602923664
141,1385,1526,0.1479615901523028
139,1377,1516,0.14795905220504088
141,1378,1519,0.14796165993744884
140,1380,1520,0.147959095789736
139,1390,1529,0.14795963881039595
145,1380,1525,0.14796253911884635
147,1374,1521,0.1479501648418468
147,1370,1517,0.1479338691237389
144,1378,1522,0.1479187459799789
143,1378,1521,0.14791227506113572
139,1366,1505,0.14790861939147823
139,1367,1506,0.1479158172962095
140,1366,1506,0.14792264465302782
137,1366,1503,0.147926724634425
136,1370,1506,0.14793825491868906
140,1361,1501,0.14795118639347132
141,1364,1505,0.14795203569910742
140,1371,1511,0.14795004022005098
139,1357,1496,0.14795063044304327
137,1350,1487,0.14795456221349215
139,1350,1489,0.14796355434691963
139,1359,1498,0.1479667838059765
140,1378,1518,0.1479695673594057
146,1385,1531,0.14796986175068835
146,1383,1529,0.14795461722965367
144,1376,1520,0.14794042140441785
140,1374,1514,0.14793209745469418
143,1365,1508,0.1479354171165874
142,1364,1506,0.14793036281248662
144,1349,1493,0.14792795823204125
143,1357,1500,0.14792008697830483
146,1374,1520,0.14791530231150168
146,1367,1513,0.1479031791641393
142,1365,1507,0.14789196343275812
142,1362,1504,0.1478924503129528
144,1364,1508,0.14789305929868835
143,1371,1514,0.14788745029632785
145,1370,1515,0.147884663871652
147,1364,1511,0.14787676630772964
145,1366,1511,0.14786408210117422
146,1362,1508,0.14785763102846702
145,1357,1502,0.1478486261756887
145,1361,1506,0.1478435920641438
147,1351,1498,0.1478385471713236
149,1352,1501,0.14782866328573427
149,1345,1494,0.14781395337697856
148,1354,1502,0.14780050020400334
150,1353,1503,0.1477898698317392
151,1367,1518,0.14777501880439473
149,1372,1521,0.14775871297821785
150,1366,1516,0.14774864371739707
148,1369,1517,0.1477367191978615
152,1364,1516,0.147730898851353
148,1368,1516,0.1477148514814842
145,1369,1514,0.14770991750591717
144,1369,1513,0.14771255238779163
145,1364,1509,0.14771763561831178
148,1366,1514,0.14772017726839853
148,1372,1520,0.14771509712232503
150,1382,1532,0.14771071646121212
150,1370,1520,0.14770180131981558
148,1379,1527,0.14769345812482937
150,1365,1515,0.1476907081124757
155,1370,1525,0.147682944759746
153,1381,1534,0.1476629667838371
151,1379,1530,0.14764976782538625
153,1379,1532,0.14764265187954895
153,1376,1529,0.1476303514653392
152,1388,1540,0.14761850156329054
151,1373,1524,0.14761084765730878
153,1359,1512,0.14760601565360174
153,1361,1514,0.14759612000022693
157,1368,1525,0.14758686626794784
156,1355,1511,0.1475680253572082
154,1359,1513,0.14755280535456705
155,1351,1506,0.14754427386210864
155,1365,1520,0.14753324031521875
157,1362,1519,0.14752310262541526
153,1362,1515,0.14750903060153336
152,1354,1506,0.14750611660152002
153,1358,1511,0.1475062182563815
150,1366,1516,0.14750324567541134
151,1374,1525,0.14750811745226086
154,1370,1524,0.14750987905664342
151,1352,1503,0.14750388247876048
154,1342,1496,0.14750600722978402
150,1351,1501,0.14750020290333107
149,1362,1511,0.1475050557433876
147,1369,1516,0.14751161831418066
145,1372,1517,0.14752185134578272
144,1367,1511,0.14753629167937438
147,1368,1515,0.14755183708266015
147,1362,1509,0.1475586830332818
150,1368,1518,0.14756568457770913
146,1376,1522,0.1475645573254409
148,1378,1526,0.14757342057741965
150,1381,1531,0.14757644588052238
150,1369,1519,0.14757422949889398
151,1368,1519,0.14757275100689524
151,1366,1517,0.14756819396571746
149,1360,1509,0.1475643848924239
151,1367,1518,0.14756568373201964
150,1366,1516,0.1475619431577611
151,1377,1528,0.14756137684158435
149,1373,1522,0.1475584874910244
148,1375,1523,0.1475603178125392
149,1368,1517,0.1475643101991499
153,1372,1525,0.14756536061378978
156,1378,1534,0.14755607145535135
153,1380,1533,0.14754002679500147
156,1362,1518,0.14753333953960868
153,1365,1518,0.14751873530443524
155,1351,1506,0.14751224090509804
158,1349,1507,0.14750085838119972
160,1351,1511,0.14748225543375795
160,1357,1517,0.14745937531299283
161,1353,1514,0.14743854915547236
162,1363,1525,0.14741660782589153
158,1363,1521,0.1473941958327593
157,1354,1511,0.14738283075635114
157,1360,1517,0.14737504575660476
158,1355,1513,0.14736697602705842
157,1358,1515,0.14735710984140496
159,1347,1506,0.14735052135801974
160,1342,1502,0.14733941062937678
161,1362,1523,0.14732567970732655
162,1355,1517,0.1473102321173611
161,1359,1520,0.14729434764541538
162,1354,1516,0.14728194105475198
159,1358,1517,0.147267761879144
163,1368,1531,0.14726313982911665
165,1371,1536,0.14724862181602544
163,1359,1522,0.1472302663069447
157,1357,1514,0.14721909512578782
154,1361,1515,0.1472251780918719
154,1369,1523,0.14723877431886503
151,1367,1518,0.14725157063175828
153,1359,1512,0.14727200809182148
153,1378,1531,0.14728551795370542
157,1359,1516,0.1472976097554689
157,1355,1512,0.1472995218626803
156,1359,1515,0.14730146993760207
151,1365,1516,0.1473050245765502
152,1358,1510,0.14732108652926018
152,1370,1522,0.14733295370237712
153,1363,1516,0.14734387197407406
148,1381,1529,0.14735120224311593
147,1369,1516,0.14737139344843084
148,1363,1511,0.1473935089679782
151,1357,1508,0.14741160075049303
149,1359,1508,0.14742075890631953
144,1358,1502,0.14743455949041862
142,1368,1510,0.14746054729280142
142,1366,1508,0.14748915519771155
145,1350,1495,0.14751545102129962
140,1353,1493,0.14753295904743308
141,1367,1508,0.14756208364166087
141,1367,1508,0.14758676105051138
140,1368,1508,0.14760959964752282
140,1374,1514,0.14763353995687503
136,1361,1497,0.1476553496886961
138,1379,1517,0.14768559129740472
143,1374,1517,0.14770925577322003
139,1380,1519,0.1477186443185471
140,1371,1511,0.14773748760052924
139,1375,1514,0.1477525589121183
140,1378,1518,0.14776946753029216
141,1375,1516,0.14778254773917954
141,1373,1514,0.14779203577045494
145,1385,1530,0.14780123368944545
145,1378,1523,0.14779990094684162
142,1386,1528,0.14779903596739097
143,1386,1529,0.14780586400433576
141,1374,1515,0.1478100536216319
140,1378,1518,0.14781877054335157
142,1376,1518,0.1478297454650879
137,1370,1507,0.14783535256844835
137,1380,1517,0.1478538929692845
135,1383,1518,0.14787130320286973
133,1377,1510,0.14789165745744343
136,1384,1520,0.1479158793461568
135,1375,1510,0.1479309506110324
133,1376,1509,0.1479475315450104
137,1361,1498,0.1479674783441955
136,1372,1508,0.14797673205478315
136,1368,1504,0.14798756200434682
134,1362,1496,0.1479977100078551
135,1371,1506,0.1480123646767651
137,1361,1498,0.14802362839038122
135,1371,1506,0.14802909472912462
134,1382,1516,0.14803974401870346
132,1368,1500,0.14805250467531642
135,1369,1504,0.14806975102850037
137,1377,1514,0.1480778493281779
137,1376,1513,0.14808016635481738
137,1379,1516,0.14808262723240007
140,1374,1514,0.14808442951393702
144,1378,1522,0.14807849997854147
141,1370,1511,0.14806267036323387
137,1367,1504,0.14805597612654572
138,1357,1495,0.14806002609596078
137,1368,1505,0.1480617540420564
136,1371,1507,0.14806577896819118
137,1379,1516,0.14807258921380995
133,1386,1519,0.1480759056992549
132,1378,1510,0.1480889029954168
131,1382,1513,0.14810372653013615
134,1385,1519,0.14812031723240984
134,1386,1520,0.14812804261505863
129,1396,1525,0.14813553136496938
133,1389,1522,0.14815440966246865
132,1382,1514,0.14816224965819585
132,1378,1510,0.14817293804314982
129,1381,1510,0.14818218861462473
130,1379,1509,0.14819905945772704
133,1391,1524,0.1482118078024826
130,1388,1518,0.14821592259263036
131,1390,1521,0.1482263977563475
130,1383,1513,0.14823456845408997
129,1389,1518,0.14824548753091435
131,1396,1527,0.1482574695474097
130,1384,1514,0.1482630091061807
130,1379,1509,0.1482714764656186
130,1374,1504,0.14827966473679402
130,1371,1501,0.14828728448632858
129,1377,1506,0.14829338448858825
131,1374,1505,0.14830169636352855
134,1363,1497,0.14830454351640648
130,1374,1504,0.14829964528283102
128,1376,1504,0.1483054620119715
128,1383,1511,0.1483166240539174
128,1377,1505,0.14832723961187647
126,1395,1521,0.14833717252517473
125,1383,1508,0.1483514155268198
123,1383,1506,0.1483673114297144
124,1380,1504,0.14838719358952507
119,1386,1505,0.14840374716939184
117,1389,1506,0.14843246970141188
118,1391,1509,0.1484641589635102
119,1386,1505,0.14849201897519948
118,1393,1511,0.14851529844984676
119,1391,1510,0.14853943271813885
117,1391,1508,0.14855979722047274
118,1383,1501,0.14858397406820564
121,1387,1508,0.14860351393258878
121,1398,1519,0.1486140925934486
119,1390,1509,0.1486240970947909
118,1393,1511,0.14863887216948146
117,1395,1512,0.1486545073978671
118,1392,1510,0.14867260546167707
120,1406,1526,0.1486865186256907
115,1394,1509,0.1486942503023904
114,1408,1522,0.14871440441251058
113,1408,1521,0.14873560652847279
113,1398,1511,0.14875776700181212
118,1402,1520,0.14877804299030703
120,1384,1504,0.14878384974211423
120,1370,1490,0.14878408547601968
122,1381,1503,0.14878553826704383
120,1380,1500,0.14878173421135243
120,1384,1504,0.1487824338143713
121,1389,1510,0.1487835171247755
120,1380,1500,0.1487822231985527
118,1397,1515,0.14878335937751783
117,1391,1508,0.1487900586118302
117,1412,1529,0.14879941766390803
118,1404,1522,0.1488082030944242
118,1411,1529,0.14881406406624975
119,1405,1524,0.14881952300400658
122,1399,1521,0.14882221703004622
122,1398,1520,0.1488165654544734
124,1408,1532,0.1488116622501284
125,1394,1519,0.1488009472474867
124,1393,1517,0.14878850586490436
124,1398,1522,0.14877979517133627
123,1398,1521,0.14877175415706173
122,1399,1521,0.14876670454547136
124,1395,1519,0.14876493483104933
124,1400,1524,0.1487575768792151
120,1395,1515,0.14875073132428743
121,1396,1517,0.14875500899917904
123,1397,1520,0.14875623492498222
123,1377,1500,0.14875172157479322
125,1391,1516,0.14874734361850986
129,1381,1510,0.14873734349023826
124,1380,1504,0.1487177065453184
122,1382,1504,0.14871266550674883
123,1394,1517,0.1487128284769481
121,1398,1519,0.14871040413609926
124,1419,1543,0.14871382720610682
121,1400,1521,0.148708847524608
120,1403,1523,0.14871220043238187
121,1390,1511,0.14871755417723478
122,1386,1508,0.148719517791391
122,1385,1507,0.14871936332039823
125,1383,1508,0.14871892363846398
126,1394,1520,0.14871057085329661
126,1390,1516,0.14869951684035373
127,1388,1515,0.14868937394200432
130,1390,1520,0.1486775076810972
128,1382,1510,0.14865893100197408
129,1379,1508,0.14864773959195302
131,1403,1534,0.14863419795050306
132,1404,1536,0.1486163635648872
134,1394,1528,0.14859751696071974
134,1389,1523,0.14857481228804684
134,1388,1522,0.14855348325737985
133,1391,1524,0.14853401443697706
131,1403,1534,0.14851910056126327
132,1407,1539,0.14851081137779876
134,1395,1529,0.14850036607055306
130,1388,1518,0.14848649997920627
128,1391,1519,0.1484847172971821
127,1393,1520,0.14848805929888928
130,1370,1500,0.14849342797324938
126,1388,1514,0.14849080651397198
124,1393,1517,0.1484984242214856
125,1405,1530,0.14851069672763345
126,1399,1525,0.1485192006475868
126,1399,1525,0.14852496950261337
126,1398,1524,0.14853071836443807
125,1388,1513,0.14853620846119753
127,1384,1511,0.14854412276274076
123,1389,1512,0.14854591775169398
120,1390,1510,0.1485577350655281
119,1383,1502,0.14857595154407144
121,1384,1505,0.14859546447436048
120,1386,1506,0.14860893298881797
118,1391,1509,0.1486239511151569
118,1403,1521,0.1486423778033932
115,1394,1509,0.1486596771186049
115,1392,1507,0.14868338988257693
117,1389,1506,0.1487057658808983
121,1407,1528,0.14872037290566037
117,1399,1516,0.1487233008302809
115,1387,1502,0.1487369498438301
119,1401,1520,0.14875555596368073
119,1395,1514,0.14876222126598548
119,1400,1519,0.1487691330900885
123,1412,1535,0.14877547346133224
120,1414,1534,0.14877102625450805
122,1407,1529,0.1487750475206066
121,1401,1522,0.14877370546164198
118,1400,1518,0.1487752516714474
120,1400,1520,0.14878422731514074
116,1386,1502,0.14878770899438817
118,1392,1510,0.1488012418470758
120,1394,1514,0.14880865003070443
117,1384,1501,0.14880997120102882
119,1390,1509,0.14881913407399922
120,1391,1511,0.1488225436319524
118,1389,1507,0.14882356807818803
117,1389,1506,0.14882942110976238
116,1394,1510,0.14883758371859251
114,1392,1506,0.14884861805740898
111,1392,1503,0.14886395683210923
112,1388,1500,0.14888549950295338
111,1390,1501,0.14890322612806586
112,1388,1500,0.14892157254630167
109,1387,1496,0.14893654220597746
113,1401,1514,0.1489581937339125
111,1395,1506,0.14896775231225573
110,1398,1508,0.1489813706787103
111,1411,1522,0.1489965551751295
106,1408,1514,0.14900789434170053
106,1414,1520,0.1490304192322392
111,1400,1511,0.14905141026566854
109,1397,1506,0.1490581895574829
109,1393,1502,0.14907054929781619
109,1404,1513,0.14908205625686882
107,1396,1503,0.1490924245176274
103,1389,1492,0.1491062923778417
102,1393,1495,0.14912939995807087
106,1396,1502,0.14915392075338615
107,1409,1516,0.14916666717959243
113,1408,1521,0.14917631880231116
113,1412,1525,0.14916950876908505
106,1403,1509,0.14916367102448994
106,1411,1517,0.14917673756323357
107,1405,1512,0.14918942470564514
107,1411,1518,0.14919838238355132
105,1407,1512,0.14920680343721926
107,1409,1516,0.14922039058553252
106,1411,1517,0.14922771219844252
105,1412,1517,0.14923735983368938
101,1406,1507,0.14924849989150088
104,1418,1522,0.14926952961727338
104,1412,1516,0.1492815548412034
102,1420,1522,0.1492929927929777
100,1419,1519,0.14930888457959843
103,1415,1518,0.14932935262199365
102,1412,1514,0.14934006291821336
102,1409,1511,0.14935277717823847
100,1406,1506,0.14936490645233408
101,1418,1519,0.14938148327344997
102,1421,1523,0.1493940873587656
99,1417,1516,0.1494034897547957
101,1417,1518,0.1494203998057664
99,1417,1516,0.149431005276752
97,1419,1516,0.1494460472559606
98,1408,1506,0.1494657320151652
96,1407,1503,0.14948155055662904
91,1422,1513,0.14950124762818592
92,1425,1517,0.14953275072258565
93,1419,1512,0.14955933819498493
95,1421,1516,0.14958174395223373
95,1422,1517,0.14959765607598438
98,1412,1510,0.14961216548792688
98,1408,1506,0.14961738925310025
101,1409,1510,0.1496225498604506
103,1395,1498,0.14961997366264698
100,1396,1496,0.14961229820209498
101,1407,1508,0.14961289370956352
101,1411,1512,0.14961089990390877
99,1404,1503,0.14960986619306813
94,1411,1505,0.14961433761947066
93,1414,1507,0.14963119371085878
94,1424,1518,0.14964954185626284
95,1431,1526,0.14966403914871498
96,1425,1521,0.14967570194598565
94,1421,1515,0.14968424150667212
94,1419,1513,0.14969745474865387
95,1433,1528,0.1497090441835301
94,1433,1527,0.14971747762358972
91,1439,1530,0.1497278378475243
93,1426,1519,0.14974522431723825
96,1413,1509,0.14975613561233714
99,1422,1521,0.14975822979667328
99,1415,1514,0.14975215288644478
99,1423,1522,0.149746537073275
94,1423,1517,0.14974159409988821
94,1412,1506,0.14975003294288844
94,1419,1513,0.14975845522861644
96,1423,1519,0.1497663727453555
99,1425,1524,0.14976867327420276
99,1414,1513,0.149762875369153
98,1416,1514,0.1497575553076448
98,1422,1520,0.14975562258981812
97,1406,1503,0.14975399454617075
97,1416,1513,0.14975508333794513
97,1421,1518,0.1497560200785548
96,1422,1518,0.1497570690714752
95,1433,1528,0.14976080459362484
96,1432,1528,0.14976680469244275
96,1430,1526,0.14977021162536722
96,1428,1524,0.1497735975131517
98,1426,1524,0.1497766699770142
93,1418,1511,0.14977421981839723
91,1415,1506,0.1497849299229423
90,1421,1511,0.14979986089138694
90,1408,1498,0.14981606027423663
90,1426,1516,0.14983065726247663
92,1426,1518,0.14984422591714464
91,1430,1521,0.1498518029563263
92,1422,1514,0.14986093729291383
90,1425,1515,0.1498671124021221
89,1425,1514,0.14987850825096807
91,1425,1516,0.14989161753327734
89,1419,1508,0.14989846364250736
92,1424,1516,0.14990990449853284
92,1427,1519,0.14991309645666026
92,1422,1514,0.14991609249332635
87,1426,1513,0.14991901285170633
91,1421,1512,0.14993534670538983
92,1424,1516,0.14993955460732214
91,1411,1502,0.14994066875613965
95,1410,1505,0.14994424979959609
97,1410,1507,0.1499362776292593
98,1409,1507,0.14992322343645892
95,1426,1521,0.14990831828480122
91,1426,1517,0.1499028564516682
89,1420,1509,0.14990834946421872
91,1425,1516,0.1499185526365697
90,1440,1530,0.14992347360578495
87,1435,1522,0.14993065565269093
87,1432,1519,0.1499450464117344
89,1426,1515,0.14995835534921337
87,1425,1512,0.1499656222572763
90,1423,1513,0.14997753751477144
88,1432,1520,0.14998119101599935
83,1435,1518,0.14998988363545382
85,1434,1519,0.15001152374418944
84,1423,1507,0.15002658900408772
83,1422,1505,0.15004318270513614
82,1426,1508,0.15006119525629746
83,1425,1508,0.15008025324306107
84,1427,1511,0.15009503990160553
83,1427,1510,0.15010624134440675
87,1426,1513,0.15011927949678588
84,1433,1517,0.15012042169117637
82,1439,1521,0.1501296961467982
79,1447,1526,0.15014363242370007
76,1449,1525,0.1501644863898803
77,1446,1523,0.150192375414601
76,1446,1522,0.1502149638070109
78,1436,1514,0.15023859202125808
80,1436,1516,0.1502549922116654
79,1447,1526,0.1502646859656397
82,1440,1522,0.1502767167760241
82,1446,1528,0.15028017063352092
80,1436,1516,0.15028337923913163
81,1446,1527,0.15029174085498767
78,1449,1527,0.15029773842498037
75,1443,1518,0.15031160133677407
74,1429,1503,0.15033358249820275
75,1436,1511,0.15035710289966714
76,1413,1489,0.15037660788459173
79,1409,1488,0.15039212288709763
77,1425,1502,0.15039851372366772
76,1420,1496,0.15040990649429378
76,1420,1496,0.1504233853718866
75,1434,1509,0.15043603608497025
74,1442,1516,0.1504503698314345
74,1442,1516,0.15046603694561053
70,1434,1504,0.15048113034740646
72,1445,1517,0.1505061710346627
71,1428,1499,0.1505242213248547
74,1438,1512,0.15054374274587612
74,1424,1498,0.1505540053283875
75,1428,1503,0.1505635934633491
75,1439,1514,0.15056943923745872
73,1430,1503,0.15057510462382825
74,1424,1498,0.15058609730876227
71,1425,1496,0.15059444128831656
74,1434,1508,0.15061031011363948
75,1432,1507,0.15061705679378334
72,1422,1494,0.15062060930810625
72,1417,1489,0.15063219433313266
74,1418,1492,0.15064294480726803
75,1426,1501,0.15064776450902667
74,1422,1496,0.15064947154088995
76,1435,1511,0.15065346862276743
75,1442,1517,0.15065217787750426
75,1459,1534,0.1506536490804714
77,1448,1525,0.1506551414420557
75,1445,1520,0.15065159065389236
70,1446,1516,0.15065391160982666
74,1447,1521,0.1506690102384848
76,1440,1516,0.15067283443274426
77,1442,1519,0.1506711758945539
77,1438,1515,0.15066693857821942
78,1436,1514,0.15066292638631956
76,1441,1517,0.15065656513168643
75,1447,1522,0.1506564802195126
74,1448,1522,0.1506591137481817
72,1443,1515,0.1506644301326402
70,1432,1502,0.15067434087926215
74,1442,1516,0.15068911862651166
71,1455,1526,0.15069198370889633
72,1455,1527,0.15070203037475186
72,1444,1516,0.15070902781021517
73,1443,1516,0.15071591846768242
71,1443,1514,0.1507198413760265
72,1452,1524,0.1507286517424302
73,1439,1512,0.15073412104188055
72,1429,1501,0.15073641267896146
70,1432,1502,0.1507415913417499
72,1434,1506,0.15075205060853952
74,1439,1513,0.15075605226915229
71,1436,1507,0.1507543715576972
71,1437,1508,0.1507609265574963
70,1445,1515,0.15076646432128812
72,1438,1510,0.15077451340019066
69,1428,1497,0.15077625883588155
73,1437,1510,0.15078605055104446
72,1435,1507,0.15078444349847223
75,1433,1508,0.15078590494617422
76,1429,1505,0.15077975642592534
76,1425,1501,0.150771306506472
73,1433,1506,0.15076356951313474
72,1443,1515,0.15076479397705853
76,1443,1519,0.15076836214948788
73,1443,1516,0.15076107532194347
74,1445,1519,0.1507623711198415
73,1449,1522,0.15076047829740968
71,1451,1522,0.15076120550553984
72,1447,1519,0.15076707003764075
71,1447,1518,0.1507696106770434
71,1439,1510,0.15077419103007395
73,1428,1501,0.1507792049916926
68,1440,1508,0.15077841212399248
68,1454,1522,0.15079030290683415
70,1445,1515,0.15080141551467624
71,1450,1521,0.1508061346018279
72,1458,1530,0.15080835498017947
73,1452,1525,0.150807918449534
73,1443,1516,0.15080472256310126
74,1454,1528,0.15080177006544537
73,1451,1524,0.15079638350966545
72,1435,1507,0.15079421906945842
72,1420,1492,0.1507950955347186
72,1431,1503,0.15079586061736008
69,1434,1503,0.1507968988478378
68,1444,1512,0.15080572011552026
67,1440,1507,0.1508165797632476
67,1452,1519,0.15082987908601211
67,1448,1515,0.15084190969282524
66,1449,1515,0.1508531013259618
65,1448,1513,0.15086611429101937
65,1454,1519,0.15088076618967214
66,1463,1529,0.15089448130220828
66,1459,1525,0.15090498594579638
68,1455,1523,0.15091481760542608
69,1460,1529,0.15091845122394065
68,1453,1521,0.15091934905549553
68,1455,1523,0.15092285365548772
70,1438,1508,0.15092617340405368
69,1441,1510,0.15092424070587207
69,1449,1518,0.1509251080301013
70,1447,1517,0.15092596448570347
70,1457,1527,0.15092350917657732
68,1456,1524,0.15092160760394843
66,1464,1530,0.15092514348082436
67,1455,1522,0.15093388242479655
68,1462,1530,0.15093953600178894
67,1462,1529,0.15094199459703497
67,1466,1533,0.1509472580647258
64,1458,1522,0.1509519201619409
65,1451,1516,0.15096474544670177
67,1447,1514,0.1509741832768199
66,1442,1508,0.1509778433405847
67,1454,1521,0.15098392321287107
69,1444,1513,0.15098686205223294
69,1437,1506,0.15098445329907384
68,1441,1509,0.15098190059295682
65,1448,1513,0.15098224816557654
68,1460,1528,0.15099082362256236
70,1463,1533,0.1509904585599448
69,1461,1530,0.1509843042829269
68,1458,1526,0.15098108934298074
68,1437,1505,0.15098067791304134
68,1437,1505,0.15098038961135318
67,1445,1512,0.15098012422805618
67,1449,1516,0.15098254593005858
68,1462,1530,0.15098464927168748
68,1454,1522,0.1509834470254397
68,1439,1507,0.15098229789963277
68,1445,1513,0.15098143980715464
68,1448,1516,0.15098018832131965
67,1444,1511,0.15097909769226006
65,1447,1512,0.15098135279417346
66,1444,1510,0.1509885162157508
65,1447,1512,0.15099248290801978
65,1450,1515,0.15099923512126007
63,1453,1516,0.15100540378309824
64,1447,1511,0.15101682933788574
64,1449,1513,0.1510250967749144
64,1455,1519,0.1510330349255776
64,1452,1516,0.15104025413733038
62,1453,1515,0.15104703853793208
63,1456,1519,0.1510589153865089
60,1448,1508,0.15106727222745134
58,1450,1508,0.15108337934167335
59,1446,1505,0.15110462850097445
59,1449,1508,0.15112176314351833
61,1459,1520,0.15113796576393723
59,1451,1510,0.15114758807939566
60,1463,1523,0.15116207378014418
57,1468,1525,0.15117276321646597
59,1461,1520,0.15119072003147216
57,1462,1519,0.15120169205750877
57,1473,1530,0.1512173098140454
59,1474,1533,0.1512315511982486
60,1463,1523,0.15123963209233648
61,1465,1526,0.15124440577887704
62,1463,1525,0.15124657870385377
60,1451,1511,0.1512457752013744
63,1450,1513,0.15125059715890196
63,1448,1511,0.15124693914817638
62,1443,1505,0.15124389872175975
61,1454,1515,0.15124389233713867
59,1453,1512,0.15124677561462835
57,1448,1505,0.15125532732372304
56,1440,1496,0.1512685679376996
56,1458,1514,0.15128356808706533
56,1466,1522,0.151297480969042
56,1454,1510,0.15131060981206115
58,1450,1508,0.15132286852080365
59,1449,1508,0.15132893110938744
58,1454,1512,0.15133151843911757
58,1448,1506,0.15133638854892623
60,1455,1515,0.1513410226306264
60,1462,1522,0.15134039815322642
58,1462,1520,0.15133966441137184
59,1456,1515,0.15134447226614753
57,1454,1511,0.1513460971070556
57,1455,1512,0.15135322051548267
56,1457,1513,0.15135995855172077
58,1453,1511,0.15136897400162116
60,1456,1516,0.15137158154277278
59,1461,1520,0.1513688938709416
59,1457,1516,0.15136900713748028
59,1468,1527,0.1513691672835301
60,1462,1522,0.1513690904304578
58,1478,1536,0.15136656317564923
58,1473,1531,0.15136971347139155
57,1476,1533,0.15137234405483357
58,1482,1540,0.1513774816759554
58,1465,1523,0.15137962482679934
59,1467,1526,0.1513815419047764
59,1468,1527,0.1513810119262395
55,1460,1515,0.15138061847370596
55,1461,1516,0.1513910670440234
55,1450,1505,0.15140063913532445
60,1447,1507,0.15140947332305393
61,1450,1511,0.15140444301619513
60,1454,1514,0.15139691323330623
61,1451,1512,0.15139280465553218
61,1448,1509,0.15138645321765926
61,1466,1527,0.15138046799086027
61,1466,1527,0.15137495798556366
62,1455,1517,0.1513699026660019
61,1454,1515,0.1513626359443862
60,1454,1514,0.15135853771844576
58,1457,1515,0.15135746395634925
58,1455,1513,0.1513617573187015
57,1451,1508,0.15136569040864642
55,1447,1502,0.1513721607307439
56,1436,1492,0.15138369152422876
56,1449,1505,0.15139132256682505
57,1457,1514,0.15139837218915575
58,1456,1514,0.15140189808868823
57,1449,1506,0.15140253496611972
60,1456,1516,0.15140575235258008
58,1450,1508,0.1514002695903375
63,1452,1515,0.1514006628985302
66,1451,1517,0.1513875015332819
65,1451,1516,0.15136680351057172
68,1445,1513,0.15135036787220776
67,1442,1509,0.1513268889598792
68,1454,1522,0.15130781363912185
69,1461,1530,0.15128697394351412
65,1453,1518,0.15126491394779026
63,1445,1508,0.15125475196794125
66,1456,1522,0.15125051362183556
67,1451,1518,0.15123766013445386
69,1467,1536,0.1512228876068516
68,1457,1525,0.15120405647842922
69,1457,1526,0.15118954153525033
69,1456,1525,0.15117276860903012
71,1467,1538,0.15115716398797208
69,1458,1527,0.1511374089377202
70,1445,1515,0.15112470650973864
70,1448,1518,0.15110983435262046
69,1449,1518,0.15109595906988765
67,1438,1505,0.15108563278975434
64,1443,1507,0.15108143501810356
65,1452,1517,0.15108592085007383
66,1447,1513,0.1510878236043019
65,1462,1527,0.1510869844425282
67,1454,1521,0.15108889016749777
66,1446,1512,0.1510853938224293
66,1451,1517,0.15108490871387453
67,1438,1505,0.1510846320211515
69,1447,1516,0.15108176202794682
69,1457,1526,0.15107365053542718
68,1462,1530,0.15106611146884874
69,1463,1532,0.15106178421111038
70,1476,1546,0.15105480288133363
68,1459,1527,0.15104583362951757
66,1466,1532,0.1510425877022853
67,1460,1527,0.15104519558257135
68,1457,1525,0.15104480381120924
64,1449,1513,0.15104114443495603
64,1446,1510,0.1510487459037384
65,1450,1515,0.1510560544315534
62,1444,1506,0.15106015602916134
63,1456,1519,0.15107205914819605
64,1461,1525,0.15108026455528445
63,1458,1521,0.1510855705261266
64,1462,1526,0.1510932456292312
63,1454,1517,0.15109745505262437
64,1464,1528,0.15110422456973716
62,1466,1528,0.15110826351199264
59,1460,1519,0.1511172603127476
60,1460,1520,0.15113363241558583
58,1450,1508,0.15114605403919948
58,1451,1509,0.15116277193743444
61,1453,1514,0.15117840630462406
61,1468,1529,0.15118469626972278
60,1471,1531,0.1511910318758699
60,1453,1513,0.15119985817646536
62,1449,1511,0.15120813523655272
60,1444,1504,0.15121004529688384
56,1459,1515,0.15121749834181994
54,1450,1504,0.15123561311991351
55,1452,1507,0.1512576726315268
55,1448,1503,0.15127549842166432
56,1445,1501,0.1512918677520092
55,1454,1509,0.15130458192471036
55,1456,1511,0.1513192145764718
55,1447,1502,0.1513328786569131
53,1457,1510,0.15134564215192045
52,1455,1507,0.15136322229303342
52,1458,1510,0.1513824298493008
53,1457,1510,0.15140024861228898
52,1472,1524,0.15141423212738084
53,1478,1531,0.1514297281171451
55,1465,1520,0.15144154977761853
56,1466,1522,0.15144733155470064
55,1475,1530,0.15145006612007342
55,1475,1530,0.1514553272178509
56,1480,1536,0.15146026776030852
55,1476,1531,0.1514623203434958
54,1464,1518,0.15146701523691214
55,1470,1525,0.15147400035028086
53,1481,1534,0.15147789356382993
54,1465,1519,0.1514869657369588
54,1473,1527,0.15149290908882956
52,1479,1531,0.1514984709690596
50,1475,1525,0.15150946839592164
52,1470,1522,0.15152500147688674
49,1478,1527,0.15153398437151164
49,1485,1534,0.15155110994433507
49,1482,1531,0.15156709749145417
50,1478,1528,0.15158210834683664
49,1466,1515,0.15159337534216516
46,1464,1510,0.1516069595861191
47,1473,1520,0.15162765725658287
48,1475,1523,0.1516441508548773
47,1478,1525,0.1516569498621873
48,1475,1523,0.15167150047966874
48,1459,1507,0.15168195851781419
47,1469,1516,0.15169179368697258
43,1482,1525,0.1517039407519445
42,1465,1507,0.1517266819317385
43,1464,1507,0.15175053171643715
41,1465,1506,0.15177012659954697
40,1461,1501,0.15179394132448984
40,1467,1507,0.15181899096064314
42,1469,1511,0.15184235689073852
45,1468,1513,0.15185806505241628
45,1468,1513,0.15186461016428734
45,1468,1513,0.15187091622555132
44,1460,1504,0.151876905737451
44,1463,1507,0.15188546299029645
44,1472,1516,0.1518931055276229
47,1466,1513,0.1519003204683248
49,1479,1528,0.151898916236218
50,1467,1517,0.15189192565268267
50,1461,1511,0.15188258544307662
48,1462,1510,0.1518740044506734
49,1480,1529,0.15187144790307303
51,1459,1510,0.15186648369857061
51,1463,1514,0.15185626928901705
47,1463,1510,0.15184688503143645
44,1461,1505,0.1518489288238517
44,1458,1502,0.15185860933301756
47,1467,1514,0.151867024834281
47,1475,1522,0.15186676009624367
47,1472,1519,0.1518665102834706
46,1471,1517,0.15186617664200985
47,1480,1527,0.15186860042697783
48,1478,1526,0.15186813786897313
48,1465,1513,0.15186487525465003
47,1464,1511,0.151862349202519
45,1460,1505,0.1518629186415909
47,1452,1499,0.15186875643012235
48,1459,1507,0.1518683690637657
49,1469,1518,0.15186500126335173
50,1467,1517,0.1518589410807613
49,1466,1515,0.15185066013864998
49,1465,1514,0.15184570944286332
50,1464,1514,0.15184130525110415
51,1459,1510,0.15183442686385537
50,1466,1516,0.1518250145402315
49,1473,1522,0.15181915731636342
48,1486,1534,0.15181617845449905
44,1482,1526,0.15181621684810997
45,1487,1532,0.15182730031405328
43,1490,1533,0.15183500024828284
45,1485,1530,0.15184764246642538
46,1488,1534,0.15185411825934886
47,1486,1533,0.1518572193277291
44,1483,1527,0.15185709761358748
46,1466,1512,0.15186495017361754
45,1462,1507,0.15186636850529833
47,1486,1533,0.15187048649280924
48,1487,1535,0.15186875288882398
46,1479,1525,0.1518645187472371
45,1480,1525,0.15186657084359578
46,1470,1516,0.15187146763290146
45,1478,1523,0.15187296230051966
45,1469,1514,0.15187722988288424
46,1479,1525,0.15188118823860725
46,1482,1528,0.1518818126535542
45,1479,1524,0.1518820690696249
43,1486,1529,0.15188522607402802
43,1472,1515,0.15189352561080185
43,1469,1512,0.1519014951254663
44,1471,1515,0.1519090556138702
45,1472,1517,0.1519130309510956
45,1458,1503,0.1519136440829003
46,1463,1509,0.15191421887094186
47,1464,1511,0.15191157718767204
48,1469,1517,0.15190662107056718
47,1469,1516,0.15189914774532054
47,1474,1521,0.15189496780305098
44,1473,1517,0.15189104562248582
45,1477,1522,0.1518956796595398
47,1486,1533,0.15189725399097026
49,1478,1527,0.15189298078358007
49,1470,1519,0.15188344316801172
50,1470,1520,0.15187455931334254
49,1456,1505,0.1518634822275118
49,1455,1504,0.15185610069266203
47,1456,1503,0.15184923460827185
49,1462,1511,0.15184839330542343
48,1470,1518,0.1518417909980554
49,1479,1528,0.15183851696914008
51,1470,1521,0.15183250754511662
51,1478,1529,0.1518212241486134
49,1480,1529,0.15181074785127524
48,1471,1519,0.1518065624985605
47,1460,1507,0.1518054893416589
48,1455,1503,0.15180700260521346
48,1453,1501,0.1518055672608584
51,1456,1507,0.15180424583709953
49,1455,1504,0.15179398254984286
47,1462,1509,0.15179032755908065
47,1475,1522,0.15179265758025035
46,1476,1522,0.15179541178839578
44,1473,1517,0.1518005139012433
45,1471,1516,0.1518109115407496
44,1466,1510,0.15181777572134703
44,1463,1507,0.15182720254047324
44,1471,1515,0.15183601565598093
44,1465,1509,0.15184425878986016
42,1455,1497,0.1518519659480984
40,1462,1502,0.15186507730895238
40,1475,1515,0.15188322892577072
40,1482,1522,0.151900305410126
39,1465,1504,0.1519160356493289
40,1472,1512,0.15193321780315772
40,1473,1513,0.15194667010354282
39,1476,1515,0.15195962938185695
40,1485,1525,0.1519748319099202
41,1488,1529,0.15198621813434124
37,1480,1517,0.15199383854797344
38,1480,1518,0.1520130697759625
39,1474,1513,0.15202849547558914
39,1475,1514,0.15203993403586819
39,1468,1507,0.152050812864252
38,1470,1508,0.1520610628037167
39,1477,1516,0.15207350414187337
38,1485,1523,0.15208198710427337
36,1490,1526,0.15209291447702575
34,1498,1532,0.15210879700424265
36,1508,1544,0.15212915847176195
36,1503,1539,0.1521426994234305
36,1507,1543,0.15215539322647761
36,1496,1532,0.1521672632539001
37,1488,1525,0.15217847504040577
37,1491,1528,0.15218615858201087
37,1486,1523,0.15219340902643197
37,1493,1530,0.15220035475479704
37,1480,1517,0.15220668004441
37,1468,1505,0.15221268218657896
36,1468,1504,0.15221836006946304
36,1476,1512,0.15222649392764873
37,1477,1514,0.1522340918148023
37,1480,1517,0.15223840408283779
36,1487,1523,0.15224246542412245
35,1489,1524,0.15224922337239624
35,1495,1530,0.15225831865826117
33,1488,1521,0.15226727794796202
32,1485,1517,0.15228152196386
33,1483,1516,0.1522977410332005
33,1480,1513,0.15231028334672042
34,1478,1512,0.15232205500043194
34,1489,1523,0.1523302690466107
30,1492,1522,0.15233802914429923
30,1496,1526,0.15235695878747565
32,1486,1518,0.15237465474234546
32,1485,1517,0.15238538808451466
32,1480,1512,0.1523957900101503
30,1487,1517,0.15240561571097927
30,1495,1525,0.15242080827876986
29,1488,1517,0.1524350558090303
29,1479,1508,0.15245137101496273
29,1487,1516,0.15246664248090125
28,1480,1508,0.15248094604528994
26,1477,1503,0.1524970174335742
25,1484,1509,0.15251777817504178
26,1480,1506,0.15253989354750253
25,1484,1509,0.15255785128500748
25,1493,1518,0.15257750740436649
23,1500,1523,0.15259600665402487
24,1484,1508,0.15261909251126973
27,1502,1529,0.1526377215911897
28,1505,1533,0.1526465736308808
28,1503,1531,0.15265239690058033
30,1478,1508,0.1526579514545598
29,1480,1509,0.152657106593443
27,1473,1500,0.1526592885149573
27,1496,1523,0.15266732657302257
26,1485,1511,0.15267522226328398
26,1481,1507,0.1526853759659328
27,1481,1508,0.15269492156849684
27,1473,1500,0.15270098790660627
27,1472,1499,0.15270672598567384
27,1476,1503,0.15271213737878953
28,1482,1510,0.15271723506606416
27,1476,1503,0.1527190104527768
27,1484,1511,0.15272361308306423
27,1479,1506,0.15272794915594587
26,1478,1504,0.15273210991447653
26,1471,1497,0.15273899021745424
26,1490,1516,0.1527454306437851
24,1484,1508,0.15275115328630742
26,1483,1509,0.15276210078437044
26,1500,1526,0.1527668303780905
24,1483,1507,0.15277121536273014
24,1480,1504,0.1527810691084337
24,1474,1498,0.15279031241042706
23,1475,1498,0.1527994049815622
23,1479,1502,0.15281096631913213
24,1472,1496,0.15282181004771359
25,1475,1500,0.1528291400806804
25,1484,1509,0.1528331434333856
25,1485,1510,0.15283689711077497
24,1490,1514,0.15284044145936934
22,1493,1515,0.15284662080989975
24,1495,1519,0.15285792434519116
23,1490,1513,0.1528629383333127
23,1498,1521,0.15287042111152183
23,1501,1524,0.1528773852353927
22,1491,1513,0.15288392793689726
23,1497,1520,0.1528931048508057
21,1498,1519,0.15289850763698135
20,1507,1527,0.15290954312996885
19,1511,1530,0.15292270702293326
19,1497,1516,0.15293825484206805
20,1510,1530,0.1529528226739845
19,1497,1516,0.15296361109530182
18,1505,1523,0.15297657821311444
18,1498,1516,0.15299176639879059
18,1498,1516,0.15300598369232718
18,1492,1510,0.15301930610724498
20,1499,1519,0.15303183553073876
20,1505,1525,0.15303790299461703
18,1510,1528,0.1530436826797478
18,1497,1515,0.15305506677935843
18,1507,1525,0.15306570919712534
17,1507,1524,0.15307572657879992
17,1503,1520,0.15308806311995163
18,1500,1518,0.15309960687774032
18,1506,1524,0.15310721632759652
19,1499,1518,0.15311434975737376
19,1495,1514,0.15311807976987787
20,1487,1507,0.15312162117396663
20,1500,1520,0.15312214698471138
20,1506,1526,0.15312269508079923
20,1496,1516,0.153123245711902
20,1494,1514,0.1531237891557842
20,1493,1513,0.1531243192356372
20,1481,1501,0.15312483220151185
19,1494,1513,0.15312532586091016
19,1497,1516,0.15312860045032553
19,1487,1506,0.1531316846925167
20,1486,1506,0.15313456705496986
20,1492,1512,0.15313445026398478
20,1496,1516,0.15313433693366965
20,1495,1515,0.15313424668958625
18,1495,1513,0.15313417516577993
16,1503,1519,0.15314053412498774
17,1486,1503,0.1531523930697842
17,1502,1519,0.15316055798798378
16,1497,1513,0.15316801028554952
18,1503,1521,0.1531778835432734
18,1512,1530,0.15318146409110134
17,1504,1521,0.15318484272970817
18,1519,1537,0.15319090995350299
17,1508,1525,0.15319370512945277
18,1499,1517,0.1531992428979787
18,1497,1515,0.15320154105629138
18,1503,1521,0.15320374305072043
18,1492,1510,0.15320583134837076
18,1493,1511,0.15320780709073664
18,1491,1509,0.15320967376998415
19,1493,1512,0.1532114357488345
19,1496,1515,0.15321005650286998
19,1491,1510,0.1532087937324212
19,1505,1524,0.15320763186866088
19,1513,1532,0.15320655884915535
17,1508,1525,0.15320556521664824
17,1511,1528,0.15321048148927158
16,1506,1522,0.15321508960677435
17,1502,1519,0.15322241199648912
16,1504,1520,0.153226418013871
17,1505,1522,0.15323296286411778
19,1491,1510,0.15323615570375704
19,1488,1507,0.1532333674963993
19,1491,1510,0.15323077228520807
19,1479,1498,0.1532283877176255
19,1493,1512,0.15322612621464096
20,1497,1517,0.15322400905891662
19,1505,1524,0.1532189945046291
19,1496,1515,0.1532170902367424
18,1506,1524,0.1532153233226276
17,1510,1527,0.1532166682922518
19,1511,1530,0.1532207826648397
20,1506,1526,0.15321866233032372
20,1503,1523,0.15321370780439866
18,1496,1514,0.15320909525287005
18,1499,1517,0.15321052935716817
19,1500,1519,0.15321177301139996
18,1495,1513,0.15321020027242802
17,1483,1500,0.15321155343290646
16,1487,1503,0.15321572941458694
16,1503,1519,0.15322262285071953
17,1506,1523,0.1532291246433526
17,1510,1527,0.15323239141585546
16,1503,1519,0.15323544239052225
16,1494,1510,0.1532413557602237
16,1508,1524,0.15324680015619868
15,1511,1526,0.15325188149060062
13,1514,1527,0.15325963685520932
14,1506,1520,0.15327282359832192
14,1493,1507,0.15328230388441455
12,1489,1501,0.1532911631549104
11,1508,1519,0.15330541418656593
12,1505,1517,0.1533216180630933
13,1500,1513,0.153333874713974
14,1505,1519,0.15334246169353347
14,1509,1523,0.15334765878325515
13,1493,1506,0.153352539381496
14,1494,1508,0.1533600121094265
15,1489,1504,0.15336406744075157
14,1487,1501,0.15336503717228633
13,1504,1517,0.15336879959540398
14,1507,1521,0.15337530052287765
13,1483,1496,0.15337848356095848
12,1486,1498,0.15338449416314406
12,1493,1505,0.15339310132808126
13,1502,1515,0.15340117287567442
13,1500,1513,0.15340588331500715
13,1502,1515,0.15341029711688806
13,1512,1525,0.15341445115218882
13,1511,1524,0.15341835962573616
13,1497,1510,0.15342203591153714
13,1497,1510,0.15342549306685502
13,1488,1501,0.15342874370900655
13,1489,1502,0.15343179991099282
13,1487,1500,0.1534346731506548
12,1494,1506,0.15343737429581814
12,1508,1520,0.15344278927764562
11,1499,1510,0.15344784623750013
11,1490,1501,0.15345545116229234
11,1491,1502,0.15346259848154722
9,1505,1514,0.15346929581324045
9,1495,1504,0.15348136491097175
9,1501,1510,0.1534927064139321
8,1498,1506,0.15350334433879165
10,1511,1521,0.15351631430062157
12,1513,1525,0.1535224364961123
11,1501,1512,0.1535220716849886
12,1510,1522,0.15352468386649243
12,1512,1524,0.15352409936498287
12,1506,1518,0.1535235921434982
11,1518,1529,0.15352315994175905
10,1516,1526,0.15352582015301397
12,1512,1524,0.15353132543442985
11,1503,1514,0.15353033340808322
11,1504,1515,0.15353233012268291
10,1496,1506,0.15353424949768177
10,1498,1508,0.15353904140364424
11,1504,1515,0.15354352260967696
11,1492,1503,0.15354462557107013
11,1509,1520,0.15354566667708752
11,1516,1527,0.15354668348426626
11,1498,1509,0.15354777611071882
12,1494,1506,0.1535487322859365
12,1490,1502,0.15354659262284567
12,1483,1495,0.1535446237267636
13,1496,1509,0.15354279153219055
13,1507,1520,0.15353817870009034
13,1497,1510,0.1535338455524414
12,1502,1514,0.15352979430296698
13,1508,1521,0.15352888241294915
12,1492,1504,0.15352502592811387
11,1507,1518,0.1535244738115438
12,1511,1523,0.15352693660982586
13,1496,1509,0.15352625356434305
13,1509,1522,0.15352262524615512
13,1519,1532,0.15351926246263417
13,1510,1523,0.15351612120422753
13,1506,1519,0.15351318191627703
12,1505,1517,0.15351042905402493
13,1505,1518,0.15351086317481838
13,1516,1529,0.1535083575562183
10,1514,1524,0.15350598482344488
10,1511,1521,0.15351268486075678
10,1507,1517,0.1535189532776799
9,1495,1504,0.15352481896199552
10,1497,1507,0.1535334286607267
9,1506,1515,0.1535384800252078
9,1505,1514,0.15354617797814515
9,1515,1524,0.1535534384312883
9,1498,1507,0.153560256214373
9,1510,1519,0.15356665667378577
9,1507,1516,0.15357266596512215
10,1499,1509,0.15357830886368917
10,1493,1503,0.15358064484576794
10,1514,1524,0.1535828536798347
11,1502,1513,0.1535849137611212
11,1495,1506,0.15358378464090705
12,1498,1510,0.15358276391654832
12,1499,1511,0.15357886907808782
11,1499,1510,0.1535752080737426
12,1507,1519,0.15357486812761414
11,1504,1515,0.15357145748198225
11,1507,1518,0.1535713270160891
11,1511,1522,0.1535711862221162
11,1513,1524,0.15357104831590698
11,1510,1521,0.15357091679971904
12,1517,1529,0.15357079255965508
12,1511,1523,0.1535675610718707
11,1510,1521,0.1535645334085637
10,1515,1525,0.15356472047717626
10,1508,1518,0.1535679504821618
11,1514,1525,0.1535709744680771
10,1495,1505,0.1535706968266377
10,1502,1512,0.1535734335477861
10,1513,1523,0.1535760319552622
9,1502,1511,0.15357845904622042
9,1505,1514,0.15358368349697848
11,1500,1511,0.15358857992363062
11,1508,1519,0.15358707042963352
12,1508,1520,0.15358573688788726
12,1510,1522,0.15358155418189162
12,1526,1538,0.15357766168310494
10,1509,1519,0.1535740277146099
12,1499,1511,0.15357664476917132
11,1494,1505,0.15357304895223717
11,1498,1509,0.15357259759890904
11,1498,1509,0.15357221663533374
12,1505,1517,0.153571864925886
12,1502,1514,0.1535685811922043
13,1517,1530,0.15356555143171152
14,1512,1526,0.1535598374687908
14,1507,1521,0.1535513838414312
14,1506,1520,0.15354350168336844
14,1506,1520,0.1535359585161267
14,1499,1513,0.15352895496312943
14,1492,1506,0.15352242427657464
14,1498,1512,0.1535163085618267
13,1501,1514,0.1535105753737431
13,1505,1518,0.15350823615518538
12,1512,1524,0.15350601258385496
12,1516,1528,0.15350699085051273
12,1518,1530,0.1535078755387992
12,1515,1527,0.15350868669831164
12,1505,1517,0.15350943579494614
12,1518,1530,0.15351013032897087
12,1501,1513,0.15351077590257362
12,1492,1504,0.1535113770329401
12,1495,1507,0.15351193752541867
11,1493,1504,0.15351246067309607
10,1493,1503,0.1535159554719999
10,1487,1497,0.15352229555515684
10,1505,1515,0.1535282361310099
10,1509,1519,0.15353379708574233
11,1508,1519,0.15353900784834035
11,1505,1516,0.15354080556089592
11,1498,1509,0.15354251247299566
11,1515,1526,0.15354412478916157
11,1517,1528,0.15354564411656577
11,1511,1522,0.15354707425440156
11,1512,1523,0.1535484197012555
11,1513,1524,0.1535496850925938
10,1508,1518,0.1535508749847642
10,1502,1512,0.15355501797383175
10,1500,1510,0.153558877025408
10,1504,1514,0.1535624895682141
10,1522,1532,0.15356581061290434
11,1522,1533,0.15356893053103382
12,1514,1526,0.15356888480773087
12,1515,1527,0.1535657964599807
12,1516,1528,0.15356292768743462
12,1521,1533,0.15356025607276616
11,1526,1537,0.15355776210893143
12,1524,1536,0.15355838907593036
12,1515,1527,0.1535559890292381
12,1518,1530,0.1535537626083158
12,1515,1527,0.15355168152886203
12,1515,1527,0.15354973330487987
12,1515,1527,0.15354790802550203
12,1502,1514,0.15354619701604386
12,1507,1519,0.15354459247427557
12,1507,1519,0.15354308729295624
12,1509,1521,0.1535416749491025
11,1518,1529,0.15354034942607636
11,1516,1527,0.15354214677813263
12,1521,1533,0.15354381718551932
12,1517,1529,0.15354229258847274
12,1519,1531,0.1535408841148648
11,1492,1503,0.15353956952262768
10,1500,1510,0.1535413306546623
10,1514,1524,0.15354592218553648
11,1506,1517,0.15355019728009844
11,1510,1521,0.15355109279658163
11,1499,1510,0.15355194769068453
12,1508,1520,0.15355285190807857
12,1506,1518,0.1535506120912977
13,1508,1521,0.15354853132628218
14,1508,1522,0.15354354584532154
14,1503,1517,0.15353587727779147
14,1504,1518,0.15352873672902775
14,1524,1538,0.15352206203194407
13,1518,1531,0.15351581561500424
12,1527,1539,0.15351294044969582
12,1522,1534,0.15351323405620718
11,1510,1521,0.15351347817699768
12,1512,1524,0.15351664919014948
12,1512,1524,0.15351664656399744
12,1517,1529,0.15351664416861513
12,1511,1523,0.15351663715083322
10,1519,1529,0.15351666479478915
10,1523,1533,0.1535227054065226
10,1508,1518,0.15352834969048795
11,1497,1508,0.15353363181883786
10,1496,1506,0.15353552043669008
10,1500,1510,0.15354038741221088
10,1497,1507,0.15354495877774657
10,1492,1502,0.1535492464536036
10,1498,1508,0.15355326913346323
10,1506,1516,0.15355704443098386
10,1505,1515,0.15356058849379556
10,1503,1513,0.15356391617507856
10,1503,1513,0.15356704120878178
10,1504,1514,0.15356997634313363
10,1500,1510,0.15357273344295905
10,1500,1510,0.1535753235715028
10,1507,1517,0.15357775705850163
10,1511,1521,0.15358004355856178
10,1506,1516,0.15358219210234642
10,1508,1518,0.1535842111421804
10,1511,1521,0.15358610859314978
10,1500,1510,0.15358789187044788
10,1509,1519,0.1535895679235144
9,1513,1522,0.15359114326738257
9,1510,1519,0.1535955963425105
9,1511,1520,0.15359981508270404
9,1505,1514,0.1536037800706803
8,1520,1528,0.1536075038063052
8,1520,1528,0.15361406677823916
8,1523,1531,0.1536202176223336
9,1522,1531,0.15362598505275446
9,1535,1544,0.153628317807514
8,1514,1522,0.1536305273225249
7,1509,1516,0.1536357361854649
8,1495,1503,0.1536436917587988
7,1503,1510,0.15364806180588395
6,1503,1509,0.15365529300346586
6,1511,1517,0.1536650735360634
6,1512,1518,0.15367425939375554
6,1500,1506,0.1536828909304849
6,1508,1514,0.1536910018387278
6,1520,1526,0.15369862424935848
6,1506,1512,0.1537057882746308
6,1524,1530,0.15371252205078267
6,1522,1528,0.15371885187503598
6,1528,1534,0.15372480234719593
6,1524,1530,0.15373039649887393
6,1522,1528,0.15373565590892568
7,1520,1527,0.1537406008067828
7,1511,1518,0.15374210603492114
6,1513,1519,0.15374354151943478
7,1509,1516,0.1537480402204631
7,1512,1519,0.15374911766872412
7,1511,1518,0.15375014463597936
7,1506,1513,0.15375111762137694
7,1507,1514,0.15375203709875263
8,1511,1519,0.15375290475540246
8,1514,1522,0.15375062577910625
8,1503,1511,0.15374851312888513
9,1510,1519,0.15374654298286655
9,1513,1522,0.15374154841101564
9,1508,1517,0.15373688555698803
9,1499,1508,0.15373252044194152
9,1505,1514,0.15372842890601335
9,1511,1520,0.15372459104503103
11,1504,1515,0.15372098950640528
11,1512,1523,0.1537114126076706
11,1499,1510,0.1537024440605717
12,1505,1517,0.15369403632189488
12,1494,1506,0.15368300820369657
12,1495,1507,0.15367268866315784
12,1498,1510,0.1536630173656583
12,1497,1509,0.15365394685314018
13,1512,1525,0.15364543621151458
13,1501,1514,0.1536343305585322
13,1508,1521,0.15362393711943928
14,1504,1518,0.15361419257673492
12,1501,1513,0.1536017474806396
11,1506,1517,0.15359630385179396
11,1513,1524,0.15359427090817668
12,1517,1529,0.15359231579149482
12,1503,1515,0.15358740565693715
12,1507,1519,0.15358280439916006
11,1521,1532,0.15357848806279314
10,1513,1523,0.15357754707290033
10,1504,1514,0.15357974372007402
10,1520,1530,0.15358172870908457
10,1509,1519,0.1535835690396095
10,1498,1508,0.1535852831884329
9,1498,1507,0.15358688396482031
9,1496,1505,0.15359144661037746
9,1502,1511,0.1535957161903393
9,1513,1522,0.1535997126373192
9,1503,1512,0.15360345792162625
9,1493,1502,0.15360697045805072
10,1488,1498,0.1536102662763964
10,1503,1513,0.15361019899220607
9,1505,1514,0.15361014700641107
8,1506,1514,0.15361320931879432
9,1514,1523,0.1536191094594493
11,1510,1521,0.15362157992063508
11,1495,1506,0.1536178233094466
8,1500,1508,0.1536143341856889
8,1505,1513,0.1536202751279621
8,1516,1524,0.15362585762188785
9,1510,1519,0.1536311027017828
9,1513,1522,0.15363300437112462
9,1513,1522,0.15363479149142403
10,1524,1534,0.15363646945166295
10,1528,1538,0.15363498077769122
10,1510,1520,0.15363361951243498
10,1512,1522,0.1536323540824846
10,1513,1523,0.15363117338915555
10,1510,1520,0.15363006996982068
10,1511,1521,0.15362903772819894
10,1511,1521,0.15362807136965453
10,1519,1529,0.1536271661779917
10,1505,1515,0.1536263178952997
9,1496,1505,0.1536255226444771
10,1500,1510,0.15362782916885212
10,1490,1500,0.15362692829577443
10,1499,1509,0.15362610685459302
10,1513,1523,0.1536252083779344
10,1510,1520,0.15362435784874093
10,1512,1522,0.15362356232645155
10,1511,1521,0.15362281674053915
10,1504,1514,0.15362211690439423
9,1510,1519,0.15362145948047856
10,1504,1514,0.15362397857617144
10,1511,1521,0.1536231807848877
10,1514,1524,0.15362244863248148
10,1499,1509,0.15362176888035806
9,1513,1522,0.15362113427708968
9,1521,1530,0.15362357506164165
9,1519,1528,0.153625846232286
8,1516,1524,0.1536279717821942
7,1508,1515,0.15363312427340298
7,1514,1521,0.15364102849365505
6,1513,1519,0.15364843572118211
6,1513,1519,0.1536585490123006
6,1505,1511,0.15366803674854404
7,1509,1516,0.15367694492470235
7,1505,1512,0.15368223577448564
6,1507,1513,0.15368723000070056
6,1509,1515,0.15369498235102788
6,1503,1509,0.15370225726304318
6,1500,1506,0.15370909492450838
7,1493,1500,0.15371552241825545
7,1511,1518,0.15371849690760492
7,1504,1511,0.15372131435145295
7,1501,1508,0.15372396752073908
6,1505,1511,0.15372646463664838
7,1522,1529,0.15373187189885862
7,1538,1545,0.15373387726343388
7,1521,1528,0.1537357812920526
7,1517,1524,0.15373757475669803
6,1512,1518,0.1537392629449604
7,1511,1518,0.15374395069614927
6,1509,1515,0.15374523027859
6,1516,1522,0.15374950047392505
6,1511,1517,0.15375352581380383
6,1516,1522,0.1537573152686602
6,1513,1519,0.15376087946182648
5,1513,1518,0.15376423083462026
5,1511,1516,0.1537705525058879
5,1521,1526,0.15377648219914966
5,1521,1526,0.15378205049407787
5,1525,1530,0.15378728241014014
4,1512,1516,0.1537921997925983
4,1506,1510,0.15380001835490856
4,1513,1517,0.15380735792105724
4,1518,1522,0.1538142533508908
4,1519,1523,0.1538207346003855
4,1526,1530,0.15382682801045888
5,1512,1517,0.15383255754722613
5,1511,1516,0.15383485094760338
4,1505,1509,0.1538370096933752
4,1514,1518,0.153842140619984
5,1512,1517,0.15384694767852508
5,1510,1515,0.15384839675767567
4,1513,1517,0.15384976320113844
4,1510,1514,0.1538541229725264
5,1500,1505,0.15385822290064927
5,1518,1523,0.15385894771142192
6,1513,1519,0.1538596501200277
5,1520,1525,0.1538571895925151
5,1516,1521,0.15385796563810503
5,1519,1524,0.15385870440164384
6,1520,1526,0.15385940382750565
7,1511,1518,0.15385692333859624
7,1512,1519,0.1538515338608873
7,1511,1518,0.15384650899879262
7,1513,1520,0.15384180125879493
7,1511,1518,0.15383738477349454
7,1520,1527,0.1538332392798302
7,1525,1532,0.15382934689555372
7,1518,1525,0.15382569132874907
7,1522,1529,0.15382225756191267
6,1524,1530,0.15381903167372182
6,1526,1532,0.15381911463880957
6,1516,1522,0.15381916464482887
6,1508,1514,0.15381920514389993
6,1512,1518,0.15381924012227402
6,1511,1517,0.1538192709907535
6,1500,1506,0.1538192985265409
6,1509,1515,0.15381932325881587
6,1508,1514,0.15381934558484303
6,1506,1512,0.15381936581814887
6,1523,1529,0.15381938421375654
6,1530,1536,0.15381940098353966
4,1540,1544,0.15381941630642187
4,1525,1529,0.1538256426719612
4,1520,1524,0.15383145817698027
4,1504,1508,0.15383692250068676
4,1510,1514,0.1538420598412534
4,1516,1520,0.15384689034300048
4,1507,1511,0.153851432550745
4,1508,1512,0.1538557038119843
3,1501,1504,0.15385972040339518
4,1520,1524,0.1538666227778765
4,1529,1533,0.15386996906957426
4,1509,1513,0.15387312790333219
4,1512,1516,0.1538761033817273
4,1525,1529,0.15387890335432847
4,1508,1512,0.15388153740661042
4,1517,1521,0.15388401512587066
4,1517,1521,0.15388634570492404
3,1519,1522,0.15388853785294962
3,1523,1526,0.15389371397189047
3,1524,1527,0.15389856735679452
4,1527,1531,0.15390312940518563
4,1515,1519,0.15390429293801677
4,1512,1516,0.15390540946418993
4,1526,1530,0.15390646469870398
5,1516,1521,0.15390748346037747
6,1521,1527,0.15390528873495882
6,1521,1527,0.1539001078705567
6,1513,1519,0.1538952784460738
6,1507,1513,0.1538907517957674
6,1506,1512,0.1538865038867075
6,1494,1500,0.1538825155768312
6,1506,1512,0.15387876989337468
6,1511,1517,0.1538752513397971
6,1510,1516,0.15387194561145132
6,1498,1504,0.15386883943302787
6,1504,1510,0.15386592044559033
6,1505,1511,0.15386317711926314
5,1508,1513,0.1538605986816299
5,1512,1517,0.15386124647495614
4,1505,1509,0.15386185797983537
4,1513,1517,0.15386554468416447
4,1498,1502,0.15386898815968456
4,1498,1502,0.15387222209570445
4,1511,1515,0.15387526173438473
4,1504,1508,0.1538781193438085
4,1502,1506,0.15388080606008803
4,1506,1510,0.15388333224084252
4,1512,1516,0.1538857075779321
4,1519,1523,0.15388794115748072
4,1510,1514,0.15389004150450153
4,1515,1519,0.15389201662111282
4,1506,1510,0.15389387402090576
4,1512,1516,0.1538956207603836
4,1514,1518,0.1538972634679323
4,1512,1516,0.1538988083706365
4,1500,1504,0.1539002613191881
4,1506,1510,0.1539016278110928
4,1509,1513,0.15390291301234268
4,1506,1510,0.1539041217776921
4,1505,1509,0.15390525866965254
4,1496,1500,0.153906327976302
4,1496,1500,0.1539073337279915
4,1492,1496,0.1539082797130221
4,1497,1501,0.15390916949235645
4,1487,1491,0.15391000641342645
4,1506,1510,0.15391079362309085
4,1502,1506,0.15391147629160476
4,1506,1510,0.1539121300988564
4,1508,1512,0.15391275397583104
4,1520,1524,0.15391334522632982
4,1519,1523,0.1539139036242787
3,1512,1515,0.15391443010538
3,1518,1521,0.15391805383354437
3,1522,1525,0.1539214498910542
2,1529,1531,0.15392464223695598
2,1527,1529,0.153930813348089
1,1526,1527,0.1539366033220525
1,1510,1511,0.15394523742036953
1,1504,1505,0.1539533525477393
1,1526,1527,0.1539609861703835
1,1529,1530,0.15396816933490834
1,1521,1522,0.15397492938518537
1,1521,1522,0.153981291406617
1,1526,1527,0.15398727879783297
1,1527,1528,0.15399291352104705
1,1542,1543,0.15399821623989973
1,1543,1544,0.15400320641405973
1,1537,1538,0.15400790237499243
1,1517,1518,0.15401232139217214
1,1509,1510,0.15401647973354707
1,1497,1498,0.1540203927219426
1,1495,1496,0.15402407478820948
1,1494,1495,0.1540275395215317
1,1499,1500,0.1540307997171274
1,1507,1508,0.15403386742148986
1,1513,1514,0.15403675397527544
1,1516,1517,0.15403947005393007
1,1510,1511,0.1540420257061378
1,1513,1514,0.154044430390178
1,1511,1512,0.1540466930082757
1,1509,1510,0.1540488219390337
1,1504,1505,0.1540508250680342
1,1502,1503,0.15405270981669847
1,1499,1500,0.15405448316949205
1,1500,1501,0.1540561516995619
1,1517,1518,0.1540577215928877
1,1511,1512,0.15405919867103016
1,1507,1508,0.15406058841255202
1,1514,1515,0.15406189597318812
1,1522,1523,0.1540631262048341
1,1522,1523,0.15406428367342248
1,1520,1521,0.1540653726757496
1,1529,1530,0.15406639725531449
0,1513,1513,0.1540673612172273
