1373,27,1400,0.13584054138154375
1399,29,1428,0.1330049930652002
1413,28,1441,0.13034436668171204
1434,28,1462,0.12787953243098715
1439,30,1469,0.12557595649903538
1451,30,1481,0.12346338859860868
1460,30,1490,0.12150723868783732
1456,33,1489,0.119702212580092
1454,33,1487,0.118068092784531
1458,35,1493,0.1165841281758329
1468,36,1504,0.11522265302661217
1455,38,1493,0.113958393096426
1446,37,1483,0.11283743112786639
1453,35,1488,0.11183750732183519
1452,34,1486,0.11091026722381747
1466,36,1502,0.11006790699437186
1467,36,1503,0.10926827903241033
1471,35,1506,0.10853761408903008
1482,35,1517,0.10786289965188414
1466,37,1503,0.107223523628887
1468,37,1505,0.10667760618858829
1459,38,1497,0.10617619079697015
1463,39,1502,0.10573935623272615
1454,39,1493,0.10533244236739073
1440,40,1480,0.1049816209631015
1441,41,1482,0.104692894245327
1442,42,1484,0.10442769904403619
1442,42,1484,0.10418369686241526
1449,39,1488,0.10396148413923072
1460,39,1499,0.10374356374609231
1458,39,1497,0.10352098077689696
1451,40,1491,0.10332260427311095
1452,40,1492,0.10315722857885426
1459,39,1498,0.10300456625583612
1452,40,1492,0.10285041290832214
1440,40,1480,0.1027253182393469
1435,42,1477,0.1026372280809639
1436,42,1478,0.10256755520211579
1450,41,1491,0.10250218846617604
1441,41,1482,0.10241213290180866
1457,41,1498,0.10234980846065427
1460,42,1502,0.10225814224087959
1459,43,1502,0.1021676465778295
1449,43,1492,0.10208748919861893
1443,44,1487,0.10203619097693448
1447,44,1491,0.10200248629571694
1435,43,1478,0.10196344349118441
1440,45,1485,0.10195344093306219
1438,47,1485,0.10193366417335309
1416,47,1463,0.10191989335614932
1432,47,1479,0.10195462966667168
1426,47,1473,0.10195250562847853
1436,47,1483,0.1019634322078369
1424,45,1469,0.1019517832717222
1429,45,1474,0.1019670006023772
1426,46,1472,0.10197017084257026
1434,46,1480,0.10197950958498364
1448,46,1494,0.10197049444552907
1464,45,1509,0.10193199701513332
1461,46,1507,0.10186267349802082
1451,47,1498,0.10180542582164502
1467,46,1513,0.10177493606059695
1466,48,1514,0.10171303944097966
1453,46,1499,0.10165879288947696
1448,45,1493,0.10163750376857536
1440,48,1488,0.1016288954035344
1434,47,1481,0.10163756792248738
1433,47,1480,0.10165846550709723
1448,46,1494,0.10167935176469708
1437,46,1483,0.1016666535725019
1443,47,1490,0.10167833276372279
1441,49,1490,0.10167614888805573
1440,50,1490,0.1016783891016447
1446,49,1495,0.10168298791762478
1432,50,1482,0.10167452943563411
1425,48,1473,0.10169720812034651
1437,46,1483,0.10173262444404546
1432,48,1480,0.10173904183525093
1451,47,1498,0.10175559098278121
1449,44,1493,0.10173047197402753
1449,45,1494,0.1017115025853466
1450,46,1496,0.10169396965262752
1440,47,1487,0.10167608531511015
1441,50,1491,0.10168145059515346
1442,48,1490,0.10168361945766378
1447,47,1494,0.10168332207511935
1439,49,1488,0.101672176344332
1448,51,1499,0.10167965136862261
1460,50,1510,0.10166682589473278
1445,49,1494,0.10162936257140963
1459,48,1507,0.10162752509610522
1443,48,1491,0.10159583267471275
1433,47,1480,0.10160131457802994
1449,50,1499,0.10162752540410729
1444,51,1495,0.101617194866375
1442,53,1495,0.10161852815582563
1448,53,1501,0.10162442260044323
1443,53,1496,0.10161714585250108
1441,54,1495,0.10162097561287232
1448,53,1501,0.10162842955566218
1451,54,1505,0.10162039906961268
1460,53,1513,0.10160675170542476
1454,56,1510,0.10157492532460814
1446,57,1503,0.10155914884821929
1445,59,1504,0.1015619717600729
1436,60,1496,0.10156695346646788
1437,62,1499,0.10159084115855321
1451,62,1513,0.10161052180402458
1443,61,1504,0.10159848312648556
1424,60,1484,0.10160432744953486
1435,60,1495,0.10165026608503938
1430,61,1491,0.10166869276497
1433,62,1495,0.10169610351037074
1433,59,1492,0.10171477330618828
1435,61,1496,0.1017316003668742
1430,62,1492,0.10174253026870236
1422,64,1486,0.1017636518580326
1425,66,1491,0.1018002051800939
1419,68,1487,0.101827046489224
1411,68,1479,0.10186453623130308
1415,71,1486,0.10191588689468985
1413,69,1482,0.1019538665846825
1410,68,1478,0.10199279815716941
1423,69,1492,0.10203506447354269
1420,67,1487,0.10204570135979844
1420,68,1488,0.1020623546985804
1420,69,1489,0.10207722569299538
1418,72,1490,0.10209057942775918
1425,72,1497,0.10210765974979928
1432,70,1502,0.10210771912924871
1424,69,1493,0.10209208344054442
1425,72,1497,0.10209522512843751
1434,71,1505,0.10209580284773115
1435,71,1506,0.10207689711933622
1431,71,1502,0.10205725618197502
1439,71,1510,0.10204828816088313
1436,72,1508,0.10202316053988325
1429,69,1498,0.10200684237943808
1434,67,1501,0.10200680776961857
1426,72,1498,0.10199610028176716
1427,69,1496,0.10200423095560784
1423,71,1494,0.10200955855085557
1420,70,1490,0.1020224552807462
1426,72,1498,0.10204084390792373
1432,71,1503,0.1020442625886269
1447,67,1514,0.10203421856001413
1446,68,1514,0.10199330404722298
1430,68,1498,0.10195815034487399
1417,69,1486,0.10196020338653156
1423,70,1493,0.10198996674750141
1431,72,1503,0.10200361055827878
1436,72,1508,0.10199943873522564
1425,73,1498,0.10198518229705009
1424,71,1495,0.10199560997893208
1405,75,1480,0.1020075188998997
1411,77,1488,0.10205917288778182
1417,79,1496,0.10209345990740769
1415,77,1492,0.10211184859630823
1428,81,1509,0.10213327758809022
1418,77,1495,0.10212494524513545
1416,76,1492,0.10213875106759115
1413,76,1489,0.10215536334283616
1426,78,1504,0.1021768636299894
1423,75,1498,0.10216878040468974
1420,78,1498,0.10216770074948918
1429,78,1507,0.10217314264855862
1409,81,1490,0.10215907748352838
1416,80,1496,0.10218938787319307
1402,79,1481,0.10220154363324835
1395,77,1472,0.10224258872665669
1397,79,1476,0.10229508462882947
1412,82,1494,0.10233883070610568
1414,83,1497,0.10234640250277312
1413,84,1497,0.10234927173147003
1424,82,1506,0.10235446000025761
1421,78,1499,0.10233491647268632
1414,81,1495,0.10232384945249404
1395,82,1477,0.10232900756650394
1394,79,1473,0.10237460012179797
1405,83,1488,0.10241821722602353
1415,81,1496,0.10243487761009075
1411,83,1494,0.10242896504274253
1403,85,1488,0.10243257271590975
1400,86,1486,0.10245331924477892
1408,83,1491,0.10247858388651132
1403,87,1490,0.10248410534313045
1406,86,1492,0.1024998807412679
1401,89,1490,0.10250824434531026
1395,87,1482,0.10252635578168487
1401,84,1485,0.1025556823267019
1402,82,1484,0.10256960542910251
1405,82,1487,0.10258016015412696
1423,87,1510,0.10258289774873702
1424,86,1510,0.10254706926178084
1415,84,1499,0.1025122717795912
1412,80,1492,0.10250020954355837
1419,84,1503,0.10249553151118064
1417,87,1504,0.10247645429036542
1417,90,1507,0.10246385807992815
1429,92,1521,0.10245288896279472
1413,92,1505,0.10241675241630813
1406,91,1497,0.10241784430231178
1404,93,1497,0.10243345949934568
1401,97,1498,0.10245183468326757
1394,96,1490,0.10247582940522883
1391,96,1487,0.1025128518228712
1397,95,1492,0.10255329653592828
1392,91,1483,0.10257703522130633
1383,90,1473,0.10260893457074888
1374,90,1464,0.10265771224773512
1378,90,1468,0.10272162000740134
1387,90,1477,0.10277110881946727
1396,91,1487,0.10279721109381716
1405,91,1496,0.10280113403841558
1407,96,1503,0.10278530715801387
1402,99,1501,0.10276662182434264
1383,101,1484,0.10275981778219354
1378,101,1479,0.10279544883748575
1385,98,1483,0.10283911738349481
1392,100,1492,0.10286461562423245
1384,97,1481,0.10287232545589027
1399,95,1494,0.10289678747150875
1400,97,1497,0.10288683441973946
1394,97,1491,0.10287585521368724
1407,96,1503,0.10287784227152215
1404,95,1499,0.1028512399474527
1410,94,1504,0.10283374732900764
1415,92,1507,0.10280472814911022
1413,90,1503,0.10276755004767195
1418,88,1506,0.1027375657634832
1408,85,1493,0.10269913362448736
1411,84,1495,0.102685838868973
1409,86,1495,0.10266772604681589
1414,86,1500,0.10265562942588931
1403,86,1489,0.10263289921174777
1400,86,1486,0.10263548439037116
1394,87,1481,0.10264434438238601
1396,88,1484,0.10266587598460201
1404,89,1493,0.10268177257803285
1399,90,1489,0.10267957731982344
1395,90,1485,0.1026878606381963
1396,95,1491,0.1027041404760017
1407,96,1503,0.1027171248217129
1396,93,1489,0.10270567676433288
1402,97,1499,0.10271897884864281
1416,100,1516,0.10271749977021238
1400,101,1501,0.10268634478454898
1400,100,1500,0.10269197664993364
1406,96,1502,0.10269681547399953
1409,95,1504,0.10268768448341264
1403,92,1495,0.1026733379082254
1389,95,1484,0.10267353158827673
1390,97,1487,0.10270377588498766
1392,99,1491,0.10272880447460046
1395,97,1492,0.10274795310752301
1388,97,1485,0.10275958117518397
1393,98,1491,0.10278573800510277
1390,100,1490,0.10279887220685702
1393,98,1491,0.10281728784184821
1394,100,1494,0.1028275354953921
1390,102,1492,0.10283492331327397
1407,101,1508,0.10285010284455459
1399,103,1502,0.10282676295130563
1400,102,1502,0.102822550193056
1410,101,1511,0.10281675039298327
1399,100,1499,0.10279011422518777
1387,100,1487,0.10279005769951371
1386,102,1488,0.10281528141252429
1384,100,1484,0.1028403802325019
1384,99,1483,0.10286668060063235
1385,100,1485,0.10289147380651474
1396,105,1501,0.10291184638506962
1405,103,1508,0.10290650345954604
1393,105,1498,0.10288253469875755
1378,106,1484,0.10288624720891068
1374,106,1480,0.1029216247963253
1376,106,1482,0.10296302349222822
1381,106,1487,0.10299700677594086
1387,109,1496,0.10301714973267309
1386,114,1500,0.10302295585977721
1390,115,1505,0.10302990099239098
1373,119,1492,0.10302791686787117
1372,119,1491,0.10306329852242026
1367,122,1489,0.10309826686856866
1369,123,1492,0.10314121658691519
1364,125,1489,0.10317614815705678
1364,123,1487,0.10321923311784982
1358,124,1482,0.10325867062062506
1363,121,1484,0.10330738569688147
1374,121,1495,0.10334055588479867
1359,121,1480,0.10334684979538178
1369,120,1489,0.10338519003230981
1372,125,1497,0.10339872074442638
1378,127,1505,0.103404823942708
1380,127,1507,0.10339714821531105
1381,126,1507,0.10338594679554007
1366,126,1492,0.10337336516382191
1362,128,1490,0.10339496946185013
1361,127,1488,0.10342269675737584
1366,127,1493,0.10344999610832989
1359,130,1489,0.10346476866835186
1363,137,1500,0.10349357867031816
1367,139,1506,0.10351096017573191
1366,140,1506,0.10351869577568984
1352,138,1490,0.10352804162792822
1360,138,1498,0.10356728450856605
1357,139,1496,0.10358545863572094
1355,139,1494,0.10360954490857488
1354,136,1490,0.10363655526898168
1356,133,1489,0.10366266141942805
1354,133,1487,0.10368195453701176
1363,136,1499,0.10370293399498096
1362,140,1502,0.10370248125122544
1371,139,1510,0.10370431011428398
1364,139,1503,0.10368637738994725
1360,143,1503,0.1036850577336742
1362,142,1504,0.10369270728469743
1350,144,1494,0.10369474572034494
1359,141,1500,0.1037226445251183
1348,141,1489,0.10372837470615714
1341,140,1481,0.10375723016594368
1342,141,1483,0.10379846551439133
1346,139,1485,0.10383399756748243
1336,139,1475,0.10385780859553204
1341,136,1477,0.10390169993573453
1355,133,1488,0.10393157223492619
1353,140,1493,0.10392773112892292
1341,140,1481,0.10392834130897842
1343,139,1482,0.10395560907020833
1345,144,1489,0.10397574001927307
1344,151,1495,0.10399016349382553
1346,144,1490,0.10400691651886816
1354,145,1499,0.10401796028144662
1350,149,1499,0.10401086019669116
1353,149,1502,0.10401297154974706
1346,153,1499,0.10400857028517113
1347,152,1499,0.10401964584315322
1349,151,1500,0.10402762885365067
1356,148,1504,0.10403090789374161
1366,152,1518,0.10401766817328165
1353,151,1504,0.10398361170376567
1349,146,1495,0.1039816578038268
1367,147,1514,0.1039881239566308
1361,152,1513,0.10395439477139692
1348,153,1501,0.10393654839405113
1353,149,1502,0.10394862873645337
1359,147,1506,0.10394948070724536
1363,151,1514,0.1039370300411694
1359,148,1507,0.10391642855608685
1348,149,1497,0.10390686155907175
1334,147,1481,0.10392223487821899
1337,152,1489,0.10396673183719767
1334,155,1489,0.10400112184466682
1328,154,1482,0.10403946288110424
1333,158,1491,0.10408849505014796
1321,165,1486,0.10412249564244674
1321,171,1492,0.1041809332606671
1335,170,1505,0.10423415775090707
1339,172,1511,0.1042515339608455
1330,170,1500,0.1042585785901157
1332,170,1502,0.10428469014434513
1321,175,1496,0.10430443696471638
1325,179,1504,0.10434710971989598
1321,177,1498,0.10437778857899872
1309,174,1483,0.10441512630670796
1312,174,1486,0.10447561802428934
1330,175,1505,0.10452482002623872
1325,180,1505,0.10453035473622312
1324,176,1500,0.10454584376874636
1314,179,1493,0.10456240841308295
1310,175,1485,0.10459953040563544
1305,173,1478,0.10464277911243251
1305,178,1483,0.10469294712347128
1312,180,1492,0.10473840337822139
1301,181,1482,0.10476540974210063
1314,178,1492,0.10481420774996106
1305,181,1486,0.10483031407663664
1306,187,1493,0.10486497145880752
1308,186,1494,0.10489397183813523
1292,184,1476,0.10491626758805697
1293,182,1475,0.10497056367692373
1288,183,1471,0.10501798337114905
1302,181,1483,0.10507265770012536
1308,179,1487,0.10509199309241729
1307,182,1489,0.1050964440824215
1294,188,1482,0.1051031364208503
1295,191,1486,0.1051384000614539
1292,193,1485,0.10516877320465809
1305,193,1498,0.10520389463728992
1299,195,1494,0.1052077238039049
1306,194,1500,0.10522478524371039
1309,197,1506,0.10522442009844844
1309,196,1505,0.10521767313686364
1314,197,1511,0.10521138471833287
1307,194,1501,0.10519496313188846
1321,193,1514,0.10519510562910968
1327,191,1518,0.1051637534051058
1324,196,1520,0.10512163758415402
1332,194,1526,0.10508953026712785
1311,197,1508,0.10504246387959204
1299,197,1496,0.10504578049117626
1292,195,1487,0.10507547815556699
1294,197,1491,0.10511824461911083
1303,201,1504,0.10515338315758377
1305,197,1502,0.10516482091272643
1316,200,1516,0.10517053496260288
1307,201,1508,0.1051516130464427
1307,200,1507,0.10515409057187732
1285,203,1488,0.10515607954309963
1297,204,1501,0.10520639723089249
1299,203,1502,0.10522602133461093
1295,203,1498,0.10524096498158585
1305,206,1511,0.10526339920426481
1303,204,1507,0.10526158384674016
1306,203,1509,0.10526363891750933
1302,210,1512,0.10525935187673245
1297,213,1510,0.10526482363379021
1294,213,1507,0.10528076443109853
1285,209,1494,0.10530207059344647
1285,211,1496,0.10534158120571849
1282,212,1494,0.10537836158783825
1282,212,1494,0.10541698318928855
1297,218,1515,0.10545318996995899
1307,216,1523,0.10545310848488491
1295,215,1510,0.10543076431614364
1289,216,1505,0.10543780072644889
1274,212,1486,0.10545729512123354
1274,224,1498,0.10550794974060461
1272,227,1499,0.10555463647058172
1264,223,1487,0.10560208219522231
1266,225,1491,0.10566471284991165
1267,221,1488,0.105718108823725
1277,225,1502,0.10576424789711344
1276,225,1501,0.10578429881030693
1269,231,1500,0.10580458873432899
1264,230,1494,0.10583922697472829
1278,225,1503,0.10588317610900955
1278,223,1501,0.10589144364136463
1274,227,1501,0.10589921882264708
1282,231,1513,0.1059154176519874
1269,223,1492,0.10591323031831833
1255,227,1482,0.10593974408445873
1244,227,1471,0.10599542900795367
1257,230,1487,0.10606994029660513
1259,231,1490,0.10610947155391727
1264,236,1500,0.1061403036491989
1254,237,1491,0.10615890167573143
1247,235,1482,0.10619798095332492
1253,235,1488,0.1062489272859975
1266,233,1499,0.10628100723397789
1269,236,1505,0.10628116236098675
1265,232,1497,0.10627594092661485
1267,237,1504,0.10628050565235697
1259,233,1492,0.10628002610427742
1250,233,1483,0.10629803135847055
1261,233,1494,0.10633426344303612
1271,232,1503,0.10634293269614187
1270,232,1502,0.10632816349655067
1271,228,1499,0.10631654515431524
1265,230,1495,0.10630368285080191
1268,233,1501,0.10630512526248104
1253,229,1482,0.10630042420896726
1275,234,1509,0.10632911100217672
1262,241,1503,0.10630716944633205
1268,238,1506,0.1063159146007254
1274,242,1516,0.10631067504400005
1275,241,1516,0.10629265619635894
1269,239,1508,0.10627313042246186
1252,239,1491,0.10626825282825168
1267,242,1509,0.10630168207316731
1266,240,1506,0.106298795931176
1267,243,1510,0.10629888736925192
1267,241,1508,0.10629667167762243
1260,241,1501,0.10629500120626871
1269,241,1510,0.10631027355552751
1258,240,1498,0.10630480930527696
1255,236,1491,0.10632391349477473
1255,237,1492,0.10634880183032319
1241,236,1477,0.10637131128262511
1225,242,1467,0.10642235054771325
1238,237,1475,0.1065050915867306
1250,238,1488,0.10655126222722233
1251,239,1490,0.10656751962496752
1239,238,1477,0.1065802366012035
1235,235,1470,0.10661841924303704
1246,237,1483,0.10666261767559938
1242,237,1479,0.10667920278311321
1239,234,1473,0.10670387687971776
1229,245,1474,0.10673231333251089
1242,243,1485,0.10678209423822407
1236,251,1487,0.10679994675368222
1247,256,1503,0.10682929930580577
1243,259,1502,0.10683189357984119
1241,253,1494,0.10684331411768597
1245,255,1500,0.10685746486835396
1234,252,1486,0.1068615733420346
1229,260,1489,0.1068903842296109
1228,259,1487,0.1069283947426181
1234,258,1492,0.1069656757174581
1229,256,1485,0.1069871380904754
1240,258,1498,0.10701771945473126
1233,261,1494,0.10702056716361014
1234,253,1487,0.1070392339620863
1236,256,1492,0.10705554829832074
1237,260,1497,0.10706621553955188
1251,257,1508,0.10707425434021468
1240,254,1494,0.10705002599353396
1235,257,1492,0.10705262202881176
1241,255,1496,0.10706645766481764
1235,259,1494,0.1070653694414178
1245,260,1505,0.107078310977996
1237,264,1501,0.10706814344696024
1233,267,1500,0.10707688855575484
1218,269,1487,0.10709430850244096
1210,269,1479,0.10714456783616136
1226,270,1496,0.10720887771618098
1220,269,1489,0.10723238416788883
1220,274,1494,0.1072671602065173
1227,273,1500,0.10729799852678294
1221,272,1493,0.107311528687767
1209,274,1483,0.1073370623362651
1204,277,1481,0.10738650734602626
1199,282,1481,0.10744339804967735
1195,284,1479,0.10750602962844426
1204,280,1484,0.10757145532904255
1203,278,1481,0.10761149547553035
1210,277,1487,0.10765026971041448
1225,283,1508,0.1076695371460374
1222,281,1503,0.10765336012919974
1215,281,1496,0.10764463641593788
1207,285,1492,0.10765294815600229
1226,285,1511,0.10767854548370133
1235,288,1523,0.10765764266164154
1222,289,1511,0.10761855494114649
1222,286,1508,0.10761259117441277
1219,283,1502,0.10760745529362467
1230,288,1518,0.10760884229598759
1221,289,1510,0.10758561282899146
1211,289,1500,0.10758522802438296
1209,295,1504,0.10760776257244295
1204,297,1501,0.10763311194491741
1183,299,1482,0.10766741568874386
1188,297,1485,0.1077478120143373
1198,297,1495,0.1078107405712949
1198,303,1501,0.10784679931114827
1190,308,1498,0.10787964689531002
1187,311,1498,0.10792816003649654
1185,313,1498,0.10797960568845222
1179,314,1493,0.10803100294792028
1182,316,1498,0.10809044154252014
1174,317,1491,0.10813817943345533
1173,318,1491,0.10820060578136115
1176,319,1495,0.10826021864749329
1173,322,1495,0.10830926840975134
1175,323,1498,0.10836111988457851
1165,330,1495,0.10840479675867051
1161,327,1488,0.10846763802062422
1158,327,1485,0.10853394849808272
1157,325,1482,0.10860189157291235
1163,325,1488,0.1086672138725742
1172,325,1497,0.10871374269732986
1167,329,1496,0.10873571180574446
1159,325,1484,0.10876707542670282
1161,328,1489,0.10881403434501102
1172,324,1496,0.10885239616359998
1172,326,1498,0.10886252755210801
1180,329,1509,0.10887175281099241
1175,322,1497,0.10886296303689268
1175,324,1499,0.10886651857113332
1175,327,1502,0.10886952329855998
1166,322,1488,0.10887303789978604
1165,325,1490,0.1088958082300703
1162,324,1486,0.10891860399696425
1160,325,1485,0.10894651648122268
1173,325,1498,0.10897812086049705
1171,327,1498,0.10897853170755001
1172,333,1505,0.10898232939933691
1172,331,1503,0.1089831408827685
1176,326,1502,0.10898460077843242
1176,328,1504,0.10897713285807294
1169,332,1501,0.10897131857305747
1172,343,1515,0.10898164188438271
1163,346,1509,0.10898374977582638
1149,347,1496,0.10900684318011596
1142,349,1491,0.1090602865517651
1146,356,1502,0.10912469067197673
1151,350,1501,0.1091750048131004
1149,346,1495,0.10920816846662948
1165,346,1511,0.10924276645341621
1163,336,1499,0.10923930283500877
1167,342,1509,0.1092401052792668
1153,341,1494,0.10923195486126967
1142,340,1482,0.10925509052387927
1146,352,1498,0.10930105660402173
1156,350,1506,0.10933501066748098
1152,350,1502,0.10934339283587519
1146,350,1496,0.10936003817543394
1152,346,1498,0.10938858589410687
1159,345,1504,0.10940065650885114
1149,348,1497,0.1093956332678447
1138,349,1487,0.1094144891080723
1137,356,1493,0.10945741437848572
1142,352,1494,0.10949917055981545
1142,350,1492,0.10952586789588677
1135,351,1486,0.10955103048720359
1131,356,1487,0.10958881554326265
1148,366,1514,0.1096316562908861
1146,371,1517,0.10963343360958219
1144,368,1512,0.10964099475285739
1143,371,1514,0.10965233064301032
1138,374,1512,0.10966513082647143
1142,368,1510,0.10968881893668175
1129,375,1504,0.10970116177412188
1120,374,1494,0.10974254906674741
1111,371,1482,0.10980178558813282
1112,379,1491,0.10987688096827278
1111,379,1490,0.10994334036780369
1112,381,1493,0.11000583153651095
1111,388,1499,0.11006068109966641
1115,387,1502,0.11011303579294726
1114,384,1498,0.11015153714796763
1107,381,1488,0.11018964331470381
1109,383,1492,0.11023899299552445
1107,386,1493,0.11028134849913716
1099,390,1489,0.1103253262777239
1107,392,1499,0.1103845623616558
1105,394,1499,0.11042099524129129
1109,398,1507,0.11045842353710211
1093,401,1494,0.11048342220791936
1110,409,1519,0.11054445806039133
1094,410,1504,0.1105618738888375
1090,410,1500,0.11061403582890322
1088,409,1497,0.11067101872071201
1096,414,1510,0.11072882503979396
1095,410,1505,0.11076373093908781
1077,408,1485,0.11079860991510092
1088,413,1501,0.11087204469866449
1080,413,1493,0.11091474108077591
1077,425,1502,0.11097247371817844
1072,433,1505,0.11103345653282448
1067,437,1504,0.11110233703311585
1059,437,1496,0.1111777752718864
1059,441,1500,0.11126578678075426
1050,440,1490,0.11134754564203143
1054,447,1501,0.1114431659076272
1051,438,1489,0.1115220396488608
1060,440,1500,0.11160184467790397
1064,443,1507,0.11165367514712841
1059,442,1501,0.11169135539670766
1055,435,1490,0.1117371178496711
1076,431,1507,0.11178907765188342
1069,440,1509,0.11178933655029813
1062,438,1500,0.11180542226159779
1057,442,1499,0.11183717762966194
1049,446,1495,0.11187782862537773
1049,450,1499,0.11193427906655941
1042,454,1496,0.1119861545348493
1049,446,1495,0.11205035040493484
1058,456,1514,0.11209374495616466
1046,462,1508,0.11211165310878951
1032,466,1498,0.11215533591589028
1037,468,1505,0.11222836840923664
1030,472,1502,0.11228502804320808
1022,469,1491,0.11235372093905785
1023,478,1501,0.11243486974326969
1025,473,1498,0.11250627247314665
1032,474,1506,0.11256805088945082
1026,476,1502,0.11260788321914719
1017,483,1500,0.1126595190825547
1021,477,1498,0.11272652791187837
1006,480,1486,0.11277911027620315
1017,476,1493,0.11286285144784493
1014,477,1491,0.11291486709712409
1007,475,1482,0.11297028653458277
1007,475,1482,0.11303867256012111
1003,481,1484,0.11310204198289135
994,486,1480,0.11317009819151731
991,491,1482,0.11325363506825631
989,497,1486,0.11333822247745168
985,504,1489,0.11342028110995742
974,505,1479,0.11350475683675026
989,509,1498,0.11360904847151694
995,520,1515,0.1136707380125495
988,516,1504,0.11371433577390606
984,512,1496,0.11377060867213219
990,512,1502,0.11383215522691366
992,512,1504,0.11387496363809571
980,504,1484,0.11391005702603973
982,509,1491,0.11397051593273051
987,510,1497,0.11402120667036801
989,511,1500,0.11405658633590787
991,513,1504,0.11408499514490832
989,520,1509,0.1141072707620959
985,520,1505,0.11413221225415103
976,523,1499,0.11416449050820271
978,529,1507,0.11421502295078909
975,513,1488,0.11425615533276359
981,515,1496,0.11430074132607797
976,518,1494,0.11432839578572612
973,521,1494,0.11436582541797122
972,521,1493,0.11440789032574773
976,512,1488,0.11444998700268577
967,517,1484,0.11447868760812227
971,521,1492,0.1145267551929305
972,523,1495,0.1145624026170675
973,530,1503,0.11459191954863657
967,534,1501,0.1146174201086647
967,535,1502,0.11465446004097951
974,546,1520,0.11468895366393919
975,548,1523,0.11470412757262598
975,549,1524,0.11471622768411756
971,540,1511,0.1147278779233341
964,541,1505,0.11474863237828885
957,543,1500,0.11478480329590582
959,549,1508,0.11483506808975247
948,539,1487,0.11487657427720163
951,546,1497,0.11494094298438302
961,553,1514,0.11499452588876032
958,551,1509,0.11501950662389732
956,559,1515,0.1150501219274165
957,548,1505,0.11508361233274644
957,549,1506,0.11511219799693384
962,563,1525,0.11513833770213715
957,558,1515,0.11514991516720045
962,557,1519,0.11517243075503661
969,558,1527,0.11518122504421129
965,555,1520,0.1151728093933233
963,550,1513,0.11517494003185166
956,542,1498,0.11518240336897717
941,552,1493,0.11520524607087852
946,550,1496,0.11526206621657728
936,554,1490,0.11530123877491434
951,560,1511,0.11536122876597216
952,565,1517,0.11538173023723314
957,559,1516,0.11539811144211376
958,555,1513,0.11540270515028332
972,554,1526,0.11540408003692913
965,554,1519,0.11537161412882739
961,550,1511,0.11535785816922459
950,538,1488,0.11535338250798442
948,543,1491,0.11537474339669782
949,545,1494,0.11539999030858855
943,557,1500,0.11542100341978079
956,552,1508,0.1154547950875666
953,552,1505,0.11545528022263316
946,550,1496,0.11546391032970618
933,560,1493,0.11548906054351732
942,562,1504,0.11554269528738065
946,567,1513,0.11557104307237492
943,569,1512,0.11558790532893067
938,573,1511,0.11561023664240726
935,570,1505,0.11564270212468879
928,573,1501,0.11568090409829208
929,564,1493,0.11573315046886405
919,565,1484,0.11577764398389732
932,570,1502,0.11584391967231693
935,569,1504,0.1158745284594687
941,573,1514,0.11589505422305242
934,572,1506,0.11590004721612993
934,568,1502,0.11592180035051275
940,565,1505,0.11594140454110641
939,565,1504,0.11594513006679691
933,565,1498,0.11595155119612975
943,564,1507,0.11597143778979428
939,565,1504,0.11596587713205865
937,565,1502,0.11597036503562431
934,577,1511,0.11597976620358447
925,577,1502,0.11599592091010962
924,580,1504,0.11603202220802117
922,583,1505,0.1160686252264043
921,591,1512,0.11610823531863494
929,595,1524,0.11614780351906226
920,596,1516,0.11616645758141095
923,595,1518,0.11620408438900015
915,590,1505,0.11623104070862685
910,600,1510,0.11627639200627746
909,606,1515,0.11632956482741924
907,608,1515,0.11638068424209601
900,606,1506,0.11643258530171352
894,606,1500,0.1164969280194061
884,613,1497,0.11657050581746432
872,628,1500,0.11666317068880136
872,629,1501,0.116778260854392
868,627,1495,0.11688416232543737
871,625,1496,0.11699089080048669
874,630,1504,0.11708305786507629
861,632,1493,0.11716084351733276
870,638,1508,0.11726325250236919
865,639,1504,0.11733733113224684
868,638,1506,0.1174173334716697
854,643,1497,0.1174840437623016
854,653,1507,0.1175802011372125
846,659,1505,0.11766935098126935
858,661,1519,0.11777022895354637
850,666,1516,0.11783459655173914
846,661,1507,0.11791322200339505
842,663,1505,0.11799629912497504
840,656,1496,0.11808363631011848
838,664,1502,0.1181691214837139
843,669,1512,0.11825338446412326
843,666,1509,0.11832001647914944
848,659,1507,0.11838062116689299
846,666,1512,0.11842421346450893
839,657,1496,0.11846892435060635
843,659,1502,0.11852827233047877
826,663,1489,0.11857236029473484
829,666,1495,0.11865529443635488
828,661,1489,0.11872510083215033
833,656,1489,0.11879213570441972
835,656,1491,0.11884192793811557
843,669,1512,0.1188820339955155
841,673,1514,0.1188978163018262
837,669,1506,0.11891698863800083
839,671,1510,0.11894329467780083
841,663,1504,0.1189634106717923
835,661,1496,0.11897742125410804
836,666,1502,0.11900515812789234
831,675,1506,0.1190293765728407
837,680,1517,0.1190651244353393
832,680,1512,0.11908258716036009
838,676,1514,0.11911058364620936
834,676,1510,0.11912134820012386
836,677,1513,0.11914169842648625
826,671,1497,0.11915514997481166
836,673,1509,0.11919184178608956
835,681,1516,0.11920048868964855
842,679,1521,0.11921200402652884
833,684,1517,0.11920497954910303
826,688,1514,0.11922204086400935
822,686,1508,0.11925459954765205
823,684,1507,0.11929398823827497
822,674,1496,0.11932687033525571
822,673,1495,0.11935967371974274
824,680,1504,0.1193903637792215
809,683,1492,0.11941297090915652
805,691,1496,0.11947189137356276
811,681,1492,0.11953582824157906
803,687,1490,0.11957997025246442
794,695,1489,0.11964045924616587
790,697,1487,0.11971925454698151
790,698,1488,0.11980194820382238
793,702,1495,0.1198793305184858
796,707,1503,0.11994221372482965
795,709,1504,0.11999286916915676
794,693,1487,0.12004252693470391
788,697,1485,0.12009020279674028
797,700,1497,0.12014920043287193
789,700,1489,0.12018126074886833
793,715,1508,0.1202322201678944
789,713,1502,0.1202698269484193
795,719,1514,0.12031382248427573
810,712,1522,0.12033942084887446
802,710,1512,0.12032553365360062
792,711,1503,0.12033270645972262
784,709,1493,0.1203649095810717
781,713,1494,0.1204145912255224
784,721,1505,0.12046820274887754
779,722,1501,0.12050944942000025
780,734,1514,0.12056114388328297
785,733,1518,0.12060665520122608
795,724,1519,0.12063659419408662
796,719,1515,0.12063853384382388
784,718,1502,0.1206368757954837
797,715,1512,0.12066439250254003
783,716,1499,0.12065762299999948
775,724,1499,0.12068509042702687
773,733,1506,0.12072955006053196
786,732,1518,0.12077577185425753
776,728,1504,0.12078561461561499
778,735,1513,0.12081979808983273
786,737,1523,0.12084633158147928
777,735,1512,0.12085028882134857
777,743,1520,0.1208761355380624
778,733,1511,0.12090181078610321
781,738,1519,0.12092313229214051
767,744,1511,0.12093591966758467
764,750,1514,0.1209831564793428
767,756,1523,0.12103357936035146
758,754,1512,0.12107290946610692
758,752,1510,0.12113190155316016
748,758,1506,0.12118663882710741
739,764,1503,0.1212629902478755
738,769,1507,0.12135708139473617
749,773,1522,0.12144725431893974
729,783,1512,0.12150437424661266
729,782,1511,0.12160820940724115
722,772,1494,0.12170436979185861
719,788,1507,0.12181209368301447
711,791,1502,0.12191985813218714
707,790,1497,0.12203999530424016
697,797,1494,0.12216171454076204
696,805,1501,0.1222993863101997
703,802,1505,0.12243026615739247
706,791,1497,0.12253491289617008
703,796,1499,0.12262533021393673
700,801,1501,0.12271668221444319
687,815,1502,0.1228094505190926
695,816,1511,0.12292737615724994
696,823,1519,0.12301631144372915
696,823,1519,0.12309663526541033
703,826,1529,0.12317033139534543
706,822,1528,0.12322001113633052
703,811,1514,0.12325792923426906
702,814,1516,0.12330060757714495
704,811,1515,0.12334206931237418
697,825,1522,0.12337505205169422
700,819,1519,0.12342414812265652
704,815,1519,0.12346227476792027
702,806,1508,0.12348720960933286
698,810,1508,0.12351463303326185
698,799,1497,0.12355044030808764
699,807,1506,0.12358295435424543
702,807,1509,0.12360917874336316
699,818,1517,0.1236260638174102
692,822,1514,0.12364969781853583
688,820,1508,0.12369000930772206
684,816,1500,0.12373729801013397
692,815,1507,0.12379105029576991
699,819,1518,0.12382130753795229
690,816,1506,0.12382989943119935
689,830,1519,0.12386112409120174
691,822,1513,0.12389171301018162
688,818,1506,0.12391442154041712
685,822,1507,0.12394215686646522
683,825,1508,0.12397630569839013
680,827,1507,0.12401346308779548
669,828,1497,0.12405507283200677
677,828,1505,0.12412345350213214
673,834,1507,0.12416706060707472
670,838,1508,0.12421858542505136
680,838,1518,0.12427518293385116
675,837,1512,0.12430186096820264
673,834,1507,0.12433986605555411
666,831,1497,0.1243805716647179
667,834,1501,0.12443573297692354
669,841,1510,0.12448318427870053
665,843,1508,0.1245231145262918
668,835,1503,0.12457096917091942
676,831,1507,0.12460708418309345
674,835,1509,0.12461975802330028
677,834,1511,0.12463849421006094
683,831,1514,0.1246475237221787
683,827,1510,0.12464008613071478
666,832,1498,0.124632689818324
666,830,1496,0.12467012074031235
670,826,1496,0.12470619218395484
663,842,1505,0.12472908540245019
656,841,1497,0.12476871231250491
660,835,1495,0.12482302994328925
655,847,1502,0.12486251960933867
651,854,1505,0.12491200525120817
655,851,1506,0.12496875451703879
652,850,1502,0.1250118519314465
659,845,1504,0.1250602845135868
657,844,1501,0.1250871793919643
657,844,1501,0.12511755437042857
656,846,1502,0.1251456645245381
657,840,1497,0.1251749853376393
653,844,1497,0.12519931083316815
655,852,1507,0.12523326866034487
648,862,1510,0.12525962537987126
643,849,1492,0.12530268146579085
639,853,1492,0.1253554471459239
639,863,1502,0.12541419534248932
636,867,1503,0.12546869065431362
643,853,1496,0.12552705790350316
639,862,1501,0.12556342070515136
637,871,1508,0.12560785404109093
640,872,1512,0.12565522213492272
632,874,1506,0.12569113335514426
624,871,1495,0.12574478137832365
620,864,1484,0.12581534376009074
616,878,1494,0.12589168033089135
613,879,1492,0.12597272827747333
614,882,1496,0.1260550432064166
617,878,1495,0.12612980085384018
612,881,1493,0.1261914481987338
613,888,1501,0.12626077567913804
617,888,1505,0.12632356110975512
615,895,1510,0.12637223153596755
610,902,1512,0.12642336422227987
612,902,1514,0.12648317494600037
611,905,1516,0.12653255719115608
617,906,1523,0.12658076063411922
616,905,1521,0.126610564359333
610,903,1513,0.12664134997873497
599,895,1494,0.12668482927770527
593,895,1488,0.1267544378690895
591,899,1490,0.12683405980358256
579,902,1481,0.12691336372687106
584,922,1506,0.12701946396985986
585,923,1508,0.1271069805097639
582,928,1510,0.1271855865946421
581,925,1506,0.12726708392023242
575,926,1501,0.12734434467461814
577,924,1501,0.1274316290783385
569,922,1491,0.12750767585225564
578,929,1507,0.12759918106149082
576,943,1519,0.1276607520669698
573,942,1515,0.12772375359507732
564,942,1506,0.12779113406416306
558,941,1499,0.12787842665087326
563,950,1513,0.12797485644591095
558,952,1510,0.1280506387460581
560,948,1508,0.12813406172620653
557,950,1507,0.12820512932710898
550,945,1495,0.12827900837006945
543,958,1501,0.1283652260989426
556,953,1509,0.1284631583889855
555,967,1522,0.12852006718176073
554,952,1506,0.12857564192623536
554,951,1505,0.12863035128380543
553,954,1507,0.1286813095296612
547,944,1491,0.12873145711305636
553,959,1512,0.1287936152631267
555,950,1505,0.12883541799815962
564,950,1514,0.1288691605923736
559,940,1499,0.12887574759682333
557,952,1509,0.12889497272666833
562,950,1512,0.12891744761165036
562,953,1515,0.12892523632891614
559,957,1516,0.1289328256207487
560,960,1520,0.12894730275254104
558,956,1514,0.12895848660119527
554,959,1513,0.12897297314151873
548,959,1507,0.12899681975211735
545,960,1505,0.12903472520536968
544,965,1509,0.12907824860102918
540,963,1503,0.1291232469653322
541,965,1506,0.12917587269141906
535,980,1515,0.12922291317565637
532,979,1511,0.12928281072424813
529,974,1503,0.12934579951806474
521,984,1505,0.12941215999765504
530,988,1518,0.1294956370972171
540,997,1537,0.12954997026576115
542,987,1529,0.129574873771258
539,981,1520,0.12959275759373468
540,975,1515,0.1296164311891044
525,978,1503,0.1296352087223797
520,983,1503,0.12969190506619724
526,995,1521,0.12975759869220063
527,990,1517,0.12980211821522594
524,985,1509,0.12984041659890516
536,980,1516,0.12988383332738287
533,985,1518,0.12989325193219503
535,976,1511,0.12991127207620898
525,970,1495,0.12992272185739023
527,976,1503,0.12995947283103615
533,976,1509,0.12998881196408105
539,971,1510,0.13000029299479826
533,974,1507,0.12999508504667384
525,973,1498,0.13000634139001532
525,969,1494,0.13003856754141518
528,992,1520,0.1300680405939253
527,990,1517,0.13008677989234446
523,995,1518,0.13010627971476937
521,990,1511,0.13013491497362165
521,986,1507,0.1301670223939992
515,1008,1523,0.13019704857365433
518,992,1510,0.13024177583354543
515,984,1499,0.1302755920235021
519,996,1515,0.13031479032745297
518,996,1514,0.13034051106799766
508,1002,1510,0.13036598365382848
508,996,1504,0.1304159583031629
509,994,1503,0.13046258541826783
518,993,1511,0.13050312170814798
517,993,1510,0.1305171390341721
525,998,1523,0.13053347536818863
523,986,1509,0.13052685361956456
523,985,1508,0.13052664398471417
517,986,1503,0.13052624526760376
516,988,1504,0.13054207776788473
520,993,1513,0.13055932241775078
513,992,1505,0.1305648167971913
507,992,1499,0.1305897514920542
514,981,1495,0.13062862105095832
509,990,1499,0.13064669957884142
516,997,1513,0.13067745357446983
521,1004,1525,0.13068629294173462
525,994,1519,0.13068285185037998
527,999,1526,0.1306680720593965
526,999,1525,0.13064893142367257
519,1007,1526,0.13063433268139668
509,1007,1516,0.13063975309051284
500,1006,1506,0.13067116148250282
511,1010,1521,0.13072445805178076
509,1007,1516,0.1307446046833393
504,1002,1506,0.13076897096104032
500,1006,1506,0.13080448189188507
504,1009,1513,0.13084804256686222
494,1016,1510,0.13087913147347724
487,1015,1502,0.1309342418932101
490,1024,1514,0.13100451384512332
488,1029,1517,0.13106184265282805
484,1022,1506,0.13112047239868274
484,1020,1504,0.13118528458671785
481,1028,1509,0.131246310268595
477,1030,1507,0.13131042455439615
472,1025,1497,0.131380629016475
468,1034,1502,0.13145988673149755
471,1034,1505,0.13154363825380577
470,1024,1494,0.13161200617857477
478,1034,1512,0.13167893327958755
485,1037,1522,0.13171985935216546
488,1033,1521,0.13173815995756497
483,1039,1522,0.1317480321550568
476,1036,1512,0.1317702980166719
485,1027,1512,0.13180934649021228
476,1022,1498,0.13182186986487135
472,1033,1505,0.1318568327941877
473,1031,1504,0.13190021259124135
461,1032,1493,0.13193796215878856
467,1028,1495,0.13200573173657928
465,1035,1500,0.13205321131834277
464,1042,1506,0.13210382634547166
468,1042,1510,0.13215428611829924
459,1035,1494,0.13219049508763858
456,1037,1493,0.13224845269607122
454,1048,1502,0.13231084578187854
459,1056,1515,0.13237364694559364
450,1059,1509,0.1324195237627735
448,1054,1502,0.1324872354993443
449,1059,1508,0.13255604460652642
447,1056,1503,0.13261765350244797
443,1065,1508,0.13268004665092017
448,1071,1519,0.13274911208483678
452,1068,1520,0.13279926299000053
447,1061,1508,0.13283587625453086
440,1078,1518,0.1328832353221488
438,1064,1502,0.1329456988053088
432,1057,1489,0.13300907469381884
433,1063,1496,0.13308513138843836
432,1059,1491,0.1331527703903873
428,1068,1496,0.13321889121254113
427,1070,1497,0.13329196437183588
423,1078,1501,0.13336256285242581
425,1078,1503,0.13343921912744633
419,1082,1501,0.13350492934819896
408,1089,1497,0.13358304710556426
416,1090,1506,0.13368566050370512
422,1079,1501,0.13376048647337266
419,1094,1513,0.13381355676054013
407,1094,1501,0.13387236031018776
408,1097,1505,0.13395951771766068
397,1103,1500,0.13403842286726664
400,1107,1507,0.13414277741025732
399,1095,1494,0.13423155512889162
393,1099,1492,0.1343169250192236
399,1102,1501,0.13441314701922333
397,1103,1500,0.13448609333548137
401,1105,1506,0.13456014551477252
400,1119,1519,0.1346172111301568
394,1110,1504,0.1346733082511644
393,1122,1515,0.1347411794775187
393,1122,1515,0.134807890190526
396,1111,1507,0.1348697348619906
396,1126,1522,0.13491967125536497
399,1123,1522,0.13496580747490625
395,1100,1495,0.13500088912063654
391,1104,1495,0.13504500338201647
394,1102,1496,0.1350960310280968
393,1108,1501,0.13513585878682022
395,1116,1511,0.13517625571281017
399,1112,1511,0.13520865698079998
399,1116,1515,0.13522780258476483
386,1120,1506,0.13524570076037423
385,1132,1517,0.13529801457998886
390,1112,1502,0.13534967935308578
391,1106,1497,0.13538454402979444
382,1128,1510,0.13541471581069162
380,1147,1527,0.13546742065700296
373,1139,1512,0.13552236054624295
368,1159,1527,0.13559309877657313
362,1160,1522,0.13567288456939536
353,1159,1512,0.1357644432901523
358,1154,1512,0.1358750082214786
360,1158,1518,0.13596362838349704
353,1151,1504,0.13604102238958268
354,1149,1503,0.13613266210436628
354,1153,1507,0.13621623803080327
347,1158,1505,0.1362942171063952
348,1162,1510,0.13638677594380372
341,1163,1504,0.1364703101132572
345,1169,1514,0.13656825727100952
351,1166,1517,0.13664873025555616
344,1161,1505,0.13670793261222522
347,1159,1506,0.1367834871500372
345,1165,1510,0.13684564063873048
344,1154,1498,0.1369090412147404
342,1153,1495,0.13697136632981452
344,1164,1508,0.13703548052696982
347,1171,1518,0.1370900120800954
343,1156,1499,0.13713312509178896
343,1163,1506,0.13718530036371465
339,1171,1510,0.13723500029865293
343,1180,1523,0.1372922345975024
339,1182,1521,0.13733513969847874
344,1174,1518,0.13738634456957974
340,1177,1517,0.1374177859819438
338,1177,1515,0.1374579049693349
334,1169,1503,0.13750055137880884
331,1176,1507,0.1375519800058751
334,1179,1513,0.13760951121218493
337,1188,1525,0.13765511659133164
339,1181,1520,0.1376894599587669
332,1180,1512,0.13771695772270184
333,1178,1511,0.13776297219113232
336,1185,1521,0.13780302211115905
334,1183,1517,0.13783183130943166
335,1180,1515,0.13786509021491547
332,1179,1511,0.13789394948128256
323,1176,1499,0.13793000088582208
324,1183,1507,0.13798823544429722
321,1177,1498,0.13804017253348483
320,1177,1497,0.13809732956333254
316,1187,1503,0.13815263859234286
322,1199,1521,0.13821566674576258
321,1196,1517,0.1382569190807027
321,1190,1511,0.1382991647551722
320,1191,1511,0.13833891638322027
326,1182,1508,0.1383791813661519
328,1185,1513,0.13840002507299018
328,1178,1506,0.1384135933326448
330,1188,1518,0.13842674113644274
329,1182,1511,0.13843326766064173
331,1193,1524,0.13844221750423355
326,1188,1514,0.13844571915158277
330,1171,1501,0.1384635219447365
328,1187,1515,0.13846924352255563
324,1197,1521,0.13848041802213562
319,1199,1518,0.13850209511277686
320,1200,1520,0.13853610487752033
318,1210,1528,0.13856532961665202
322,1207,1529,0.1385985046908255
318,1205,1523,0.13861765866076955
316,1196,1512,0.1386471170021575
312,1211,1523,0.13867943671003213
318,1197,1515,0.13872144118119525
315,1205,1520,0.1387448985269052
313,1200,1513,0.13877392574354858
309,1202,1511,0.13880631830247958
309,1202,1511,0.13884845432792645
309,1199,1508,0.13888739483778914
301,1198,1499,0.13892289607200461
306,1187,1493,0.13897944445983618
308,1187,1495,0.13901843941515335
307,1195,1502,0.1390487668062657
307,1200,1507,0.13908020892223052
306,1208,1514,0.13910931149490208
307,1210,1517,0.13913981420530988
311,1215,1526,0.13916546201774888
299,1208,1507,0.13917869214578066
303,1210,1513,0.13922404604673352
303,1219,1522,0.1392560436222596
300,1232,1532,0.13928622904732801
300,1224,1524,0.13932321368039538
301,1210,1511,0.13935773451441447
296,1222,1518,0.13938757067246238
297,1225,1522,0.13942977476067792
292,1230,1522,0.1394661978554689
292,1227,1519,0.1395140421456232
290,1233,1523,0.13955822870413784
288,1234,1522,0.13960467313140715
282,1233,1515,0.1396532968027513
281,1227,1508,0.1397157487599663
280,1218,1498,0.13977571686109916
282,1218,1500,0.13983541110326866
286,1224,1510,0.13988513015903176
286,1231,1517,0.13992084394222512
286,1231,1517,0.13995490326012644
286,1231,1517,0.13998705306516587
285,1233,1518,0.14001681732524188
278,1227,1505,0.1400479386893368
274,1218,1492,0.14009643061684637
276,1219,1495,0.14015283588555721
276,1229,1505,0.1402002584141674
279,1241,1520,0.14024293748058267
277,1234,1511,0.14027489890149047
276,1229,1505,0.14030994349302392
274,1234,1508,0.14034589164878092
270,1238,1508,0.1403860175772656
268,1254,1522,0.14043508533344295
268,1249,1517,0.14048629169157906
264,1244,1508,0.14053420540625328
262,1247,1509,0.14058952673384398
258,1250,1508,0.1406474770161861
255,1251,1506,0.14071282422717682
257,1261,1518,0.14078291412408903
256,1266,1522,0.1408424258669654
257,1262,1519,0.14090144939926827
255,1270,1525,0.14095439612063562
258,1251,1509,0.14100984972189232
252,1259,1511,0.1410530492799526
248,1251,1499,0.14111126145685668
246,1255,1501,0.14117706156102908
245,1262,1507,0.1412446708425802
246,1276,1522,0.14131152745492717
244,1280,1524,0.14137174369726224
240,1271,1511,0.14143397102206026
239,1276,1515,0.14150282954534166
238,1273,1511,0.14156996776616507
243,1262,1505,0.14163524199667596
237,1265,1502,0.1416825869093438
236,1259,1495,0.14174392180309922
235,1268,1503,0.1418037750921125
240,1275,1515,0.14186250334787393
240,1280,1520,0.1419028639401098
237,1276,1513,0.14194041789664158
238,1265,1503,0.14198415325310904
236,1263,1499,0.14202182244766529
240,1254,1494,0.14206310211442064
237,1257,1494,0.14209110673149328
236,1254,1490,0.14212597765568213
233,1268,1501,0.14216105926663478
228,1271,1499,0.14220279093388768
230,1285,1515,0.14225542271558034
226,1289,1515,0.14229792433339802
224,1294,1518,0.14234870182335463
223,1288,1511,0.14240233047196402
226,1281,1507,0.14245545542457497
226,1290,1516,0.14249697972701855
224,1288,1512,0.14253530608450543
227,1278,1505,0.14257697063677668
223,1287,1510,0.14260767401470192
220,1291,1511,0.14264796500554272
220,1282,1502,0.14269380621480893
218,1284,1502,0.14273737244715615
219,1296,1515,0.1427845369982382
215,1294,1509,0.14282591216875096
214,1301,1515,0.14287600475426462
212,1294,1506,0.1429256860376042
210,1290,1500,0.14297779250303563
208,1290,1498,0.14303232861455026
211,1295,1506,0.14308904786708815
216,1293,1509,0.14313318170576358
216,1303,1519,0.1431605440885112
215,1302,1517,0.14318634106960623
211,1304,1515,0.14321304486680234
213,1294,1507,0.14324906471486387
212,1283,1495,0.14327744280039134
213,1290,1503,0.14330658653848877
212,1291,1503,0.14333084278117186
212,1293,1505,0.14335690287114783
211,1298,1509,0.14338146109702887
212,1290,1502,0.14340612246151122
215,1294,1509,0.1434272416763807
209,1296,1505,0.1434383205636962
208,1305,1513,0.1434664279765649
211,1302,1513,0.1434958830419154
211,1300,1511,0.1435153594112197
202,1285,1487,0.1435337802771902
202,1296,1498,0.1435769826930739
200,1290,1490,0.1436179201162762
203,1301,1504,0.14366167581623313
203,1297,1500,0.14369384943663988
203,1296,1499,0.14372372266212455
204,1297,1501,0.14375198857374827
201,1305,1506,0.14377561714677664
205,1303,1508,0.14380620624576246
203,1301,1504,0.1438237848731092
204,1305,1509,0.14384591331604238
205,1309,1514,0.14386410450448384
204,1309,1513,0.14387804000207552
206,1302,1508,0.14389377269365944
204,1294,1498,0.1439038752038797
205,1311,1516,0.14391902836835704
204,1312,1516,0.14393119650008757
202,1315,1517,0.14394507290937228
204,1308,1512,0.1439639583721467
195,1306,1501,0.14397625492566177
196,1309,1505,0.14401353341019166
195,1321,1516,0.14404532341774523
196,1325,1521,0.14407815962366452
198,1313,1511,0.14410592141153053
196,1312,1508,0.1441260102786323
191,1313,1504,0.14415024861013478
197,1313,1510,0.14418737299297088
200,1321,1521,0.14420537511121484
199,1330,1529,0.14421321548045601
197,1330,1527,0.14422340980972603
199,1332,1531,0.14423885895104038
198,1322,1520,0.14424759327812578
195,1318,1513,0.1442591325176938
191,1318,1509,0.14427913150723662
189,1310,1499,0.14430942502318428
193,1320,1513,0.14434362633041153
188,1334,1522,0.1443633615169291
189,1331,1520,0.14439613364209983
193,1326,1519,0.14442429922964586
192,1325,1517,0.1444389601579368
189,1329,1518,0.14445566224415096
188,1315,1503,0.14447965552500067
185,1312,1497,0.1445046760902075
181,1308,1489,0.1445361412796975
180,1325,1505,0.14457647191202966
182,1326,1508,0.1446170385379347
179,1339,1518,0.14464892555846054
177,1322,1499,0.144687734820949
178,1308,1486,0.14473008496582915
173,1322,1495,0.14476725925763548
177,1332,1509,0.144816588232554
177,1340,1517,0.1448514307747635
178,1328,1506,0.1448841835689353
182,1328,1510,0.1449117192326977
182,1323,1505,0.14492548928461457
181,1327,1508,0.14493839529876942
180,1332,1512,0.14495367947443835
176,1341,1517,0.14497097165639647
174,1346,1520,0.1449986794186177
170,1338,1508,0.14503041086816898
171,1340,1511,0.14507174803544248
176,1332,1508,0.1451079052528126
175,1340,1515,0.14512754036459335
180,1344,1524,0.14514880897862628
179,1336,1515,0.1451543436495357
180,1343,1523,0.14516304936875385
182,1343,1525,0.14516845659709682
178,1348,1526,0.14516762649061024
175,1344,1519,0.14517877450265415
177,1329,1506,0.14519807448518587
171,1337,1508,0.1452105686004963
172,1323,1495,0.14523941208695512
174,1336,1510,0.14526327234272862
174,1342,1516,0.14527943295534432
171,1333,1504,0.14529421923812416
170,1336,1506,0.1453169111698947
170,1333,1503,0.1453411140374529
164,1332,1496,0.145364092459137
164,1319,1483,0.14540309072380453
168,1323,1491,0.1454396364038221
162,1328,1490,0.145462596489521
160,1321,1481,0.1455014549823382
159,1337,1496,0.14554379121497438
160,1344,1504,0.14558608917761642
164,1347,1511,0.14562293103989662
166,1345,1511,0.14564591937771934
166,1347,1513,0.14566129643342776
164,1347,1511,0.14567577199593623
166,1346,1512,0.14569490483132685
170,1331,1501,0.14570757258343323
169,1320,1489,0.1457074604308458
174,1325,1499,0.14571039133306488
170,1327,1497,0.14569876336001428
168,1329,1497,0.14569974787134285
163,1327,1490,0.14570612127112745
167,1338,1505,0.14572691423949283
168,1352,1520,0.1457348492090188
170,1353,1523,0.14573972239599345
172,1345,1517,0.14573809090731835
176,1342,1518,0.145730652255502
175,1333,1508,0.14571215192944936
172,1332,1504,0.14569764166356908
171,1337,1508,0.14569301724174746
172,1342,1514,0.1456919388489734
169,1338,1507,0.14568844043218626
168,1337,1505,0.1456944374627851
170,1345,1515,0.14570276259473033
169,1357,1526,0.14570420377456367
169,1364,1533,0.14570846323870026
165,1373,1538,0.14571237436547807
165,1359,1524,0.14572766641934665
166,1353,1519,0.14574197821112275
162,1358,1520,0.14575240471788664
157,1357,1514,0.14577359472640508
160,1365,1525,0.1458084344754345
153,1356,1509,0.14583240019323007
154,1340,1494,0.14587578651276345
154,1343,1497,0.14591355409650564
151,1360,1511,0.14594800472066521
150,1356,1506,0.14598881228868035
148,1353,1501,0.14603006679547648
146,1361,1507,0.1460744545234845
147,1351,1498,0.14612155936137478
152,1362,1514,0.14616252883574074
150,1359,1509,0.14618673997448073
154,1366,1520,0.14621499805111082
151,1374,1525,0.14622992188815295
152,1375,1527,0.14625319805251435
151,1368,1519,0.14627207623761912
151,1370,1521,0.14629251392524786
150,1369,1519,0.14631207971845098
151,1374,1525,0.14633287887944044
149,1383,1532,0.1463489990380029
150,1381,1531,0.1463702363248649
149,1376,1525,0.14638722295639595
147,1376,1523,0.1464061503769311
147,1379,1526,0.14642972716929845
145,1377,1522,0.1464522712312563
143,1384,1527,0.1464789614838346
143,1385,1528,0.14650937353916452
142,1379,1521,0.14653767039407917
144,1369,1513,0.14656664374402556
143,1359,1502,0.146587370720548
144,1360,1504,0.14661011328376958
146,1366,1512,0.14662868948017468
141,1379,1520,0.14664007291878112
144,1372,1516,0.14666592836088627
147,1362,1509,0.14668096963553676
145,1374,1519,0.14668623204391715
147,1378,1525,0.14669684442547523
145,1365,1510,0.1467016219207382
149,1368,1517,0.14671149817967116
147,1368,1515,0.14670882153363246
146,1369,1515,0.14671209430640392
141,1383,1524,0.14671810750663683
143,1380,1523,0.14673815780427585
143,1359,1502,0.1467509533944932
147,1368,1515,0.14676371953391923
139,1366,1505,0.14676369214376397
137,1360,1497,0.14678780421043228
137,1362,1499,0.14681633134614352
137,1367,1504,0.14684334869987567
141,1365,1506,0.14686900960343932
140,1376,1516,0.1468813872455393
139,1374,1513,0.14689617362961271
137,1372,1509,0.14691335678729045
138,1374,1512,0.14693523764500654
141,1370,1511,0.1469529778241899
137,1371,1508,0.14696049581952658
135,1372,1507,0.14697930566462422
139,1365,1504,0.14700237790313722
142,1371,1513,0.1470119642906683
144,1370,1514,0.1470118221333953
143,1368,1511,0.14700608534382023
144,1373,1517,0.14700369031045413
147,1381,1528,0.1469989520050907
143,1403,1546,0.1469855372102395
141,1391,1532,0.14698509729042203
142,1395,1537,0.14699063713475088
144,1383,1527,0.14699232654724115
147,1381,1528,0.1469874529672119
148,1373,1521,0.14697363771147332
147,1367,1514,0.14695765737305622
145,1372,1517,0.14694547591729237
147,1371,1518,0.14694032856090333
148,1357,1505,0.14692990903304787
150,1365,1515,0.14691680182702097
149,1363,1512,0.14689845208064817
149,1359,1508,0.1468838631992876
151,1360,1511,0.14687042697326402
154,1360,1514,0.14685211696818345
155,1353,1508,0.14682626356462553
155,1351,1506,0.14679901536772266
153,1350,1503,0.1467734859765066
153,1366,1519,0.1467552616133046
155,1353,1508,0.14673797264966232
149,1352,1501,0.1467155469136836
151,1355,1506,0.14671224852883505
153,1360,1513,0.1467031305837356
154,1365,1519,0.14668859250368677
156,1360,1516,0.14667221747236975
155,1366,1521,0.14665114727946688
157,1353,1510,0.14663416644006627
156,1359,1515,0.1466126157280202
158,1355,1513,0.1465959815413396
155,1348,1503,0.146574569896174
156,1360,1516,0.14656320525939207
158,1365,1523,0.14655004773543437
158,1360,1518,0.14653138820731182
159,1361,1520,0.14651348256900718
159,1357,1516,0.14649414020442467
159,1345,1504,0.14647647827791632
158,1368,1526,0.14646023414013495
156,1373,1529,0.1464481497099692
159,1370,1529,0.14644261957039853
159,1368,1527,0.14642873588579605
162,1358,1520,0.14641572099473588
162,1363,1525,0.1463944747324937
161,1377,1538,0.14637518121976018
160,1373,1533,0.14636001611401767
157,1376,1533,0.14634877543988636
156,1364,1520,0.14634753234153966
150,1359,1509,0.14634898419341924
150,1352,1502,0.1463680797310823
154,1364,1518,0.1463857225944242
157,1356,1513,0.14639075766892443
155,1348,1503,0.14638651968483948
156,1340,1496,0.1463885852176847
158,1343,1501,0.14638705239103922
156,1351,1507,0.14637987677747824
151,1365,1516,0.14637963411435345
153,1361,1514,0.14639431498224895
151,1385,1536,0.1464023812296516
151,1377,1528,0.14641556623132948
152,1370,1522,0.1464278115737673
152,1367,1519,0.14643676266885688
152,1371,1523,0.14644478774570635
152,1380,1532,0.1464523166378605
154,1379,1533,0.1464590698639934
153,1384,1537,0.1464596392002106
149,1374,1523,0.1464630818675039
152,1371,1523,0.14647817399398014
150,1374,1524,0.14648343606003858
147,1374,1521,0.14649463653556993
140,1375,1515,0.14651393361577333
140,1373,1513,0.14655244429077716
137,1368,1505,0.14658901222920825
140,1382,1522,0.14663215295557733
138,1376,1514,0.1466634087037681
144,1382,1526,0.1466989960984909
143,1374,1517,0.1467148699445824
139,1376,1515,0.14673296409732794
138,1376,1514,0.1467616067920748
133,1369,1502,0.1467915202433498
132,1371,1503,0.14683442812070452
134,1361,1495,0.14687739941968572
130,1369,1499,0.14691175439632456
130,1394,1524,0.1469556494989038
126,1393,1519,0.14699720015937248
129,1401,1530,0.1470478372383072
124,1402,1526,0.1470861718877238
122,1376,1498,0.1471369547237595
120,1377,1497,0.14719014941996877
120,1381,1501,0.14724616208780922
120,1391,1511,0.14729864896914585
122,1403,1525,0.14734785657260743
119,1402,1521,0.14738783186680074
119,1396,1515,0.14743430106657143
118,1393,1511,0.14747765771105084
120,1394,1514,0.14752097654615398
121,1401,1522,0.147555596149403
120,1388,1508,0.14758526423206678
117,1397,1514,0.14761601527513452
118,1410,1528,0.147653623142089
117,1413,1530,0.14768621142579347
119,1414,1533,0.1477196108268658
120,1408,1528,0.1477452642802445
119,1402,1521,0.14776640018604678
120,1407,1527,0.14778957173245158
120,1400,1520,0.1478082892525825
120,1401,1521,0.1478260072695055
120,1394,1514,0.14784269224286384
122,1386,1508,0.1478582426163816
123,1387,1510,0.14786677733502385
122,1392,1514,0.14787136650617236
124,1397,1521,0.14787815323196762
122,1402,1524,0.14787850329977673
118,1403,1521,0.1478846936301699
120,1401,1521,0.14790211585281723
115,1408,1523,0.14791240577969
111,1406,1517,0.14793683857940526
108,1405,1513,0.14797138159119597
111,1409,1520,0.14801272709465388
112,1400,1512,0.14804252985295238
113,1399,1512,0.14806731876986373
112,1411,1523,0.1480879744128543
110,1409,1519,0.14811016515194228
110,1415,1525,0.14813701081580993
106,1410,1516,0.14816226373577965
103,1411,1514,0.14819796123879467
104,1427,1531,0.14824032666495673
104,1419,1523,0.14827706313566213
105,1425,1530,0.14831140891983685
107,1415,1522,0.14834059972980015
106,1417,1523,0.14836192385285282
103,1417,1520,0.1483850980658977
104,1416,1520,0.14841579168927402
101,1411,1512,0.14844149096669024
101,1399,1500,0.14847474264696423
96,1393,1489,0.14850568811788162
96,1399,1495,0.14854994339552222
99,1414,1513,0.1485912635555762
98,1409,1507,0.14862091294029114
95,1411,1506,0.14865181649639073
97,1406,1503,0.1486896670844418
99,1411,1510,0.14871929881609702
97,1412,1509,0.14874122802039424
97,1416,1513,0.14876782003277225
97,1438,1535,0.14879284596279999
94,1421,1515,0.14881639687723605
97,1413,1510,0.14884763378554516
96,1425,1521,0.1488677030764917
95,1421,1516,0.14888962616570298
93,1427,1520,0.14891306489980694
93,1424,1517,0.1489412848631157
93,1428,1521,0.1489677307818208
90,1420,1510,0.1489924880050326
87,1406,1493,0.14902456346174045
92,1417,1509,0.14906380206671813
92,1408,1500,0.14908548606426836
94,1414,1508,0.14910586468143738
94,1417,1511,0.14911922740861067
92,1413,1505,0.1491318869255743
89,1421,1510,0.14914977276897143
93,1424,1517,0.14917566374907693
93,1434,1527,0.1491881275827757
92,1426,1518,0.14919990181226275
91,1436,1527,0.14921392815630172
85,1433,1518,0.149229860724274
84,1430,1514,0.14926318709861228
82,1413,1495,0.14929720127118806
79,1404,1483,0.14933511276894895
79,1420,1499,0.14937972462028548
77,1406,1483,0.14942170820722026
79,1407,1486,0.14946695036031374
80,1415,1495,0.14950322292954213
80,1418,1498,0.1495343312875467
81,1414,1495,0.14956349814648656
74,1432,1506,0.1495879464529669
74,1437,1511,0.14963185291637157
76,1427,1503,0.14967281715038122
74,1438,1512,0.1497050939203227
75,1443,1518,0.14974152745232744
73,1432,1505,0.14977255923562022
72,1451,1523,0.1498078462297552
68,1446,1514,0.14984410384759567
67,1450,1517,0.14989039539778448
66,1457,1523,0.1499367957480901
66,1464,1530,0.1499832832265809
68,1450,1518,0.15002701111882807
68,1450,1518,0.1500618636925505
69,1451,1520,0.1500945858884372
69,1447,1516,0.15012234085106715
69,1451,1520,0.15014835679231806
67,1447,1514,0.1501729553434012
66,1452,1518,0.15020208480401956
68,1452,1520,0.15023250003834682
70,1435,1505,0.1502548977781023
71,1433,1504,0.1502695125971545
73,1425,1498,0.150280310546012
74,1433,1507,0.15028431774549428
73,1434,1507,0.15028494433329379
72,1441,1513,0.15028847485101282
71,1446,1517,0.15029496149177501
73,1451,1524,0.1503041905288937
70,1453,1523,0.15030660614075067
71,1456,1527,0.1503181722382116
70,1454,1524,0.15032602106757614
70,1449,1519,0.1503364780598467
71,1438,1509,0.15034639874737413
69,1436,1505,0.150352724161554
67,1440,1507,0.1503648832024295
69,1452,1521,0.15038233705843765
68,1443,1511,0.15039252279759743
69,1434,1503,0.1504050520368849
70,1439,1509,0.15041367280919574
68,1446,1514,0.15041875636635735
69,1444,1513,0.15042959115953292
68,1435,1503,0.15043658843257462
66,1433,1499,0.15044616389254278
67,1445,1512,0.1504612999239475
66,1451,1517,0.15047240793454697
68,1449,1517,0.15048607821545512
66,1448,1514,0.15049272112289525
69,1446,1515,0.1505050714153792
69,1440,1509,0.15050747922622743
70,1434,1504,0.15050983284513544
70,1439,1509,0.15050902231020408
71,1440,1511,0.15050824056611226
74,1430,1504,0.15050436921461693
76,1427,1503,0.150491389941717
75,1431,1506,0.15047309534985925
73,1423,1496,0.1504591050048855
71,1436,1507,0.15045196096248364
73,1441,1514,0.15045136806301113
74,1432,1506,0.15044461241796778
72,1430,1502,0.15043519829634483
72,1438,1510,0.15043261702835273
69,1447,1516,0.1504301347205434
67,1452,1519,0.15043703399425049
66,1449,1515,0.15044964055262322
66,1455,1521,0.15046450598699884
66,1456,1522,0.15047810615145576
63,1450,1513,0.15049097340403733
56,1462,1518,0.15051219620862186
56,1451,1507,0.1505539372792484
56,1473,1529,0.15059299574471763
56,1476,1532,0.1506296302020359
54,1468,1522,0.15066388144034853
55,1467,1522,0.15070233237059102
54,1450,1504,0.15073526344016253
53,1435,1488,0.15076932068136586
50,1442,1492,0.15080432119208503
51,1458,1509,0.15084647333888693
51,1461,1512,0.15088288654324472
50,1465,1515,0.15091700853747195
53,1454,1507,0.1509521913490281
54,1460,1514,0.15097591729846144
54,1471,1525,0.1509951425458932
55,1476,1531,0.15101322867231015
54,1472,1526,0.1510270928160708
52,1452,1504,0.15104328793551627
53,1451,1504,0.15106468493330139
53,1453,1506,0.15108171162422138
54,1466,1520,0.15109771302321015
52,1446,1498,0.15110953294442678
55,1441,1496,0.1511269839549151
55,1445,1500,0.1511340845012555
55,1448,1503,0.15114078444231155
55,1454,1509,0.15114715989729702
54,1448,1502,0.15115324384073398
55,1454,1509,0.1511620862800488
54,1458,1512,0.15116732245354053
49,1463,1512,0.15117525980478422
49,1463,1512,0.15119829486699585
50,1465,1515,0.1512199918014347
50,1463,1513,0.15123720904109242
49,1459,1508,0.15125338663728957
50,1476,1526,0.15127176358952865
51,1471,1522,0.15128576517773393
51,1469,1520,0.1512958705072695
49,1475,1524,0.15130539541236934
47,1484,1531,0.1513206718259381
46,1474,1520,0.15134113367028854
47,1478,1525,0.15136347759134094
47,1477,1524,0.15138126721101483
47,1474,1521,0.15139806838396375
47,1480,1527,0.1514138165687449
49,1483,1532,0.15142862799532125
49,1483,1532,0.15143618870166164
48,1481,1529,0.151443323024545
48,1466,1514,0.15145302735308375
46,1477,1523,0.1514621544654451
45,1477,1522,0.15147699963140832
46,1475,1521,0.1514940146858762
45,1484,1529,0.1515069139625898
44,1483,1527,0.15152209682095955
41,1483,1524,0.15153952114410674
41,1479,1520,0.15156541508723495
41,1481,1522,0.15158977104182825
38,1472,1510,0.1516126509053102
39,1484,1523,0.1516435824842464
38,1478,1516,0.15166954714831704
36,1471,1507,0.1516970988961302
36,1468,1504,0.15172918318734788
34,1473,1507,0.15175925849443372
33,1477,1510,0.15179381704018502
35,1480,1515,0.15182939868572548
33,1486,1519,0.1518566879741892
34,1497,1531,0.151888661493542
35,1489,1524,0.1519156213624874
35,1495,1530,0.15193799980173697
34,1498,1532,0.15195907105567577
36,1484,1520,0.1519821391460893
35,1487,1522,0.1519976880861371
34,1492,1526,0.1520153439365365
34,1481,1515,0.15203510842997592
33,1480,1513,0.15205368555468424
32,1474,1506,0.15207439245200427
31,1484,1515,0.15209689190737255
31,1477,1508,0.15212106007122375
31,1483,1514,0.1521437160606812
32,1483,1515,0.152165016876612
30,1473,1503,0.15218199507701102
30,1482,1512,0.15220424642816388
29,1473,1502,0.15222514224278152
27,1478,1505,0.15224787031486076
26,1491,1517,0.15227551260009548
25,1485,1510,0.152304631033571
24,1481,1505,0.15233515254047536
24,1486,1510,0.15236698950379765
24,1489,1513,0.15239674787895346
23,1490,1513,0.15242483104729154
23,1490,1513,0.1524543398846186
24,1499,1523,0.15248204928947626
24,1498,1522,0.15250490235310746
25,1487,1512,0.15252637580723444
24,1484,1508,0.15254327218055688
26,1500,1526,0.1525622976617737
29,1489,1518,0.15257384863487172
28,1480,1508,0.15257537400535567
29,1489,1518,0.15257998659776792
28,1486,1514,0.15258128702917542
28,1489,1517,0.1525856393673318
28,1496,1524,0.15258975099713148
28,1496,1524,0.15259363124304487
29,1492,1521,0.15259728930188626
29,1493,1522,0.15259757266098842
30,1500,1530,0.15259782190181975
31,1485,1516,0.15259508480885187
31,1490,1521,0.15258939507229616
32,1481,1513,0.15258408225694547
31,1501,1532,0.1525759632733655
30,1494,1524,0.15257154054203625
29,1502,1531,0.15257057392087892
29,1499,1528,0.15257286705437648
31,1503,1534,0.15257494512764072
29,1492,1521,0.15257062029824334
31,1479,1510,0.15257279309696192
30,1498,1528,0.15256884240016838
30,1491,1521,0.1525682276497592
29,1483,1512,0.15256768893739092
29,1482,1511,0.15257037789535446
30,1479,1509,0.15257290181163075
31,1492,1523,0.15257211931691772
31,1483,1514,0.15256822502390888
29,1496,1525,0.15256437816439264
29,1493,1522,0.1525671463811978
28,1489,1517,0.15256974638563325
28,1499,1527,0.15257534212025764
28,1491,1519,0.1525805882910404
29,1490,1519,0.1525855115614805
29,1485,1514,0.15258717295475954
29,1479,1508,0.15258868400528314
30,1477,1507,0.15259010084668187
33,1466,1499,0.15258833486093235
33,1474,1507,0.1525774095529923
29,1478,1507,0.15256725708854568
29,1492,1521,0.15257039234382475
29,1478,1507,0.15257331053440226
27,1472,1499,0.15257604364698835
27,1488,1515,0.15258480193353655
27,1492,1519,0.15259299808193288
28,1489,1517,0.15260068582886924
28,1482,1510,0.15260482332516567
26,1480,1506,0.15260873793953147
24,1483,1507,0.15261867225224218
26,1482,1508,0.15263402509039597
26,1482,1508,0.1526421792322929
25,1494,1519,0.15264985947988882
24,1497,1521,0.1526600397665749
23,1493,1516,0.15267295885046805
24,1485,1509,0.15268825788842347
24,1492,1516,0.15269939012088016
22,1500,1522,0.15270983675283628
22,1496,1518,0.15272557503390388
22,1494,1516,0.15274044292640293
21,1486,1507,0.15275453519568405
21,1473,1494,0.15277083268022792
23,1480,1503,0.15278617446017775
23,1489,1512,0.1527942496964128
22,1499,1521,0.15280184535730867
22,1495,1517,0.152812041057006
22,1485,1507,0.15282160271979556
22,1482,1504,0.15283058489523063
22,1490,1512,0.15283902355038248
22,1491,1513,0.15284700703213028
22,1500,1522,0.1528545122290991
22,1488,1510,0.1528615561466705
22,1493,1515,0.15286817006011097
21,1498,1519,0.1528743820513276
19,1503,1522,0.15288338649259436
18,1507,1525,0.15289815633854006
17,1510,1527,0.15291505538574224
17,1498,1515,0.15293406462970124
18,1500,1518,0.15295190227391445
19,1519,1538,0.15296552338001537
19,1518,1537,0.1529752210894739
19,1522,1541,0.15298436640571372
19,1510,1529,0.15299297359185166
17,1512,1529,0.1530010684714086
17,1511,1528,0.15301493340050798
18,1504,1522,0.15302794156753358
18,1515,1533,0.15303708259506968
18,1495,1513,0.15304569467042747
18,1483,1501,0.1530537913492516
15,1483,1498,0.15306132231594863
16,1499,1515,0.15307781219307667
16,1494,1510,0.1530901328086123
17,1495,1512,0.1531017161660254
15,1494,1509,0.1531094101645404
15,1489,1504,0.15312283831685797
15,1499,1514,0.1531354953804205
14,1513,1527,0.15314739232596547
14,1499,1513,0.15316177891444935
14,1508,1522,0.15317530173974453
15,1509,1524,0.15318801084176947
15,1502,1517,0.15319675780344397
14,1502,1516,0.15320498655858544
14,1497,1511,0.15321591258078773
14,1503,1517,0.15322617880474015
15,1502,1517,0.1532358248682281
15,1512,1527,0.1532416976993406
14,1520,1534,0.15324722758953954
15,1514,1529,0.15325563160578495
16,1510,1526,0.15326035609271252
16,1501,1517,0.15326162588195222
16,1510,1526,0.15326283981782887
16,1497,1513,0.15326399103990682
15,1509,1524,0.15326507962974398
14,1510,1524,0.1532692851130925
15,1502,1517,0.15327631578575512
14,1520,1534,0.15327982029624887
13,1523,1536,0.15328629097289057
12,1517,1529,0.15329552922898082
14,1506,1520,0.15330735835108886
15,1512,1527,0.15331210981811194
14,1512,1526,0.15331348139648734
15,1512,1527,0.1533180215003107
15,1505,1520,0.15331909254321388
13,1510,1523,0.15332010972063512
13,1510,1523,0.1533274453942079
13,1516,1529,0.15333432291926577
13,1513,1526,0.15334078084321545
15,1509,1524,0.15334684843519467
13,1506,1519,0.15334618838601385
12,1518,1530,0.15335195878893926
12,1516,1528,0.15336045344672164
13,1526,1539,0.15336838756150661
12,1510,1522,0.15337269368260145
13,1502,1515,0.1533798635776808
14,1519,1533,0.1533834831729559
14,1509,1523,0.1533837858028017
13,1495,1508,0.15338409600572084
14,1504,1518,0.15338750733340634
13,1512,1525,0.15338758190827828
12,1501,1513,0.1533907944511289
10,1500,1510,0.15339698202826238
11,1500,1511,0.15340917320183814
10,1501,1511,0.1534174247853122
10,1501,1511,0.1534283786551818
11,1502,1513,0.1534386702023479
10,1488,1498,0.15344516573068406
11,1489,1500,0.1534544357263994
11,1503,1514,0.15345993536877917
12,1486,1498,0.15346512040052004
12,1505,1517,0.15346686221680111
12,1509,1521,0.15346853464055332
12,1513,1525,0.15347011671210772
12,1510,1522,0.15347160876413224
12,1500,1512,0.15347301425255644
12,1510,1522,0.15347433737648952
11,1511,1522,0.1534755825047016
10,1517,1527,0.15347988968430445
10,1516,1526,0.1534870651699984
9,1519,1528,0.1534937832919018
10,1521,1531,0.15350326298127923
10,1524,1534,0.15350898979935812
10,1516,1526,0.15351438680347865
10,1518,1528,0.15351946467163163
10,1510,1520,0.15352423992253558
11,1516,1527,0.1535287299280648
11,1504,1515,0.15352983823305955
12,1497,1509,0.15353087803873866
11,1489,1500,0.15352864336793773
11,1508,1519,0.15352970648980524
9,1500,1509,0.15353068554043947
9,1502,1511,0.1535380144367563
9,1502,1511,0.1535447884789345
10,1495,1505,0.15355118049335797
13,1501,1514,0.1535540502365391
12,1483,1495,0.15354732577915023
13,1473,1486,0.15354421129265938
12,1483,1495,0.15353809219619127
13,1497,1510,0.15353548658331065
13,1502,1515,0.1535298764794707
13,1487,1500,0.1535246366027708
13,1489,1502,0.15351972562541116
12,1487,1499,0.15351511646226826
12,1505,1517,0.15351394974945523
12,1502,1514,0.15351283499936386
11,1497,1508,0.15351177755589995
11,1517,1528,0.15351391401583447
11,1521,1532,0.15351589451721476
11,1534,1545,0.15351774944195687
11,1530,1541,0.15351949019584402
11,1526,1537,0.1535211249360304
11,1515,1526,0.15352266064883013
12,1512,1524,0.15352410808285577
11,1505,1516,0.15352228470273474
12,1501,1513,0.15352373078875722
12,1517,1529,0.15352192693924402
12,1510,1522,0.15352025855295157
11,1507,1518,0.1535186989694826
11,1510,1521,0.15352036432890967
13,1505,1518,0.1535219460867903
13,1501,1514,0.15351715389783407
13,1500,1513,0.15351271516698867
10,1501,1511,0.15350856153190562
9,1500,1509,0.1535141332453994
9,1514,1523,0.15352245222124336
7,1508,1515,0.1535302243466358
7,1502,1509,0.15354383162365104
7,1508,1515,0.1535565835622286
7,1505,1512,0.15356856356848475
7,1495,1502,0.1535798261014597
7,1500,1507,0.15359041681209643
7,1497,1504,0.15360037682846056
6,1501,1507,0.15360974412213557
7,1495,1502,0.15362175410641263
6,1520,1526,0.15362982081954538
6,1511,1517,0.1536406248045684
6,1497,1503,0.15365078203455196
6,1503,1509,0.15366033185071018
6,1512,1518,0.1536693120540332
7,1509,1516,0.15367775751263582
7,1510,1517,0.15368248112912755
7,1494,1501,0.15368693281253956
7,1510,1517,0.15369112383727704
7,1511,1518,0.15369506856361448
8,1500,1508,0.15369878087198707
8,1492,1500,0.15369912960984727
8,1494,1502,0.15369945316082873
8,1502,1510,0.153699753111202
8,1503,1511,0.15370003349387457
8,1499,1507,0.15370029641393163
8,1507,1515,0.15370054332928493
7,1514,1521,0.15370077541640703
7,1527,1534,0.15370420822251862
7,1526,1533,0.15370743127808753
7,1526,1533,0.15371045941949116
7,1520,1527,0.15371330498871394
7,1513,1520,0.15371597943835547
6,1501,1507,0.15371849338658536
6,1504,1510,0.15372399123783104
6,1515,1521,0.15372917173350573
6,1506,1512,0.15373405064611811
5,1505,1510,0.15373864255908634
5,1507,1512,0.15374616450098205
5,1512,1517,0.15375322395577531
5,1510,1515,0.15375986093807192
5,1509,1514,0.15376610370025293
5,1510,1515,0.1537719763989293
5,1516,1521,0.15377750110484578
5,1510,1515,0.153782698384768
5,1516,1521,0.1537875875391162
5,1513,1518,0.15379218672739264
5,1508,1513,0.15379651305121483
5,1525,1530,0.15380058261960625
5,1524,1529,0.15380441060590352
5,1525,1530,0.1538080112999867
3,1530,1533,0.1538113981573445
3,1536,1539,0.15382104791223483
3,1511,1514,0.15383012251921305
3,1508,1511,0.15383865566013802
3,1507,1510,0.15384667993704
2,1504,1506,0.15385422607728014
2,1504,1506,0.15386451105711932
2,1511,1513,0.15387417826585625
2,1518,1520,0.15388327650221623
2,1518,1520,0.15389183843960222
2,1518,1520,0.1538998950351126
2,1516,1518,0.15390747568459906
2,1506,1508,0.15391460819692646
2,1517,1519,0.15392131883225474
2,1507,1509,0.1539276323650633
2,1507,1509,0.15393357215417933
2,1495,1497,0.15393916021400933
2,1509,1511,0.15394441728487626
2,1505,1507,0.15394936290151034
3,1514,1517,0.153954015459175
3,1522,1525,0.15395515130281986
3,1531,1534,0.15395623150619633
3,1520,1523,0.15395725419701098
3,1518,1521,0.15395821950282632
3,1514,1517,0.15395912904283704
3,1515,1518,0.15395998524668947
3,1528,1531,0.1539607908541289
3,1522,1525,0.15396154866366665
3,1506,1509,0.15396226141611496
3,1511,1514,0.1539629317430416
3,1525,1528,0.15396356214613496
3,1521,1524,0.1539641549914081
3,1523,1526,0.1539647125105161
4,1517,1521,0.1539652368053944
3,1507,1510,0.15396249640394138
3,1511,1514,0.15396316002662233
3,1504,1507,0.15396378174691855
3,1515,1518,0.15396436415348863
3,1518,1521,0.15396491035486595
4,1507,1511,0.15396542318948978
4,1519,1523,0.15396267713733752
5,1499,1504,0.15396011402939055
5,1503,1508,0.1539544756627269
5,1514,1519,0.15394918570025007
5,1511,1516,0.15394421723942314
5,1508,1513,0.15393954795500142
4,1522,1526,0.15393515815402392
4,1512,1516,0.1539342482499141
4,1515,1519,0.1539333757171357
4,1515,1519,0.1539325507908539
4,1509,1513,0.153931774012508
4,1503,1507,0.15393104346722195
4,1504,1508,0.15393035669404825
4,1511,1515,0.15392971115169085
4,1506,1510,0.15392910436604532
4,1504,1508,0.15392853398198128
4,1513,1517,0.153927997779382
4,1508,1512,0.1539274936744297
3,1506,1509,0.15392701971468753
3,1521,1524,0.1539297970938355
3,1518,1521,0.15393239937092
3,1525,1528,0.1539348407746753
3,1522,1525,0.15393713400378953
3,1524,1527,0.1539392896085299
3,1518,1521,0.15394131664541086
3,1520,1523,0.15394322318226306
4,1519,1523,0.1539450165806652
5,1524,1529,0.15394350158375286
5,1518,1523,0.15393886290530148
5,1524,1529,0.15393451866864574
4,1518,1522,0.15393043613775878
4,1506,1510,0.15392982928417695
4,1504,1508,0.1539292510709532
4,1492,1496,0.15392870062778935
3,1487,1490,0.1539281783658633
3,1504,1507,0.15393092224670202
3,1509,1512,0.1539334950054375
2,1516,1518,0.1539359083017166
2,1518,1520,0.1539413915461696
2,1513,1515,0.15394653112703355
2,1505,1507,0.15395136144709246
2,1501,1503,0.15395590456360503
2,1520,1522,0.15396017859199532
2,1520,1522,0.1539641998263148
2,1527,1529,0.15396798332322706
2,1533,1535,0.15397154314079842
2,1522,1524,0.15397489246578946
2,1512,1514,0.15397804369486434
2,1495,1497,0.15398100849394894
2,1505,1507,0.15398379784622274
2,1506,1508,0.15398642209366062
2,1503,1505,0.15398889097453608
2,1512,1514,0.15399121365810264
2,1521,1523,0.1539933987770829
2,1524,1526,0.1539954544582993
2,1521,1523,0.15399738835163604
2,1512,1514,0.15399920765744665
2,1505,1507,0.1540009191524912
2,1517,1519,0.15400252921446914
2,1519,1521,0.15400404384520916
2,1512,1514,0.15400546869257575
2,1511,1513,0.15400680907114894
2,1517,1519,0.15400806998173652
2,1514,1516,0.15400925612977545
2,1504,1506,0.15401037194267872
2,1510,1512,0.15401142158618214
2,1522,1524,0.1540124089797458
2,1517,1519,0.15401333781106
2,1517,1519,0.1540142115497062
2,1508,1510,0.15401503346001985
2,1509,1511,0.15401580661320038
2,1506,1508,0.15401653389871117
2,1510,1512,0.1540172180350104
2,1498,1500,0.15401786157965067
2,1508,1510,0.15401846693878543
2,1506,1508,0.15401903637611486
2,1519,1521,0.1540195720213055
2,1509,1511,0.15402007587791317
3,1507,1510,0.1540205498308391
3,1503,1506,0.15401776590783162
3,1512,1515,0.15401516754677713
3,1507,1510,0.15401272789159307
3,1505,1508,0.15401043383757296
2,1503,1505,0.15400827570486203
1,1507,1508,0.15400945373072822
1,1512,1513,0.15401377408669062
0,1512,1512,0.15401782394050126
