1377,29,1406,0.13579577759689787
1419,30,1449,0.1329224799960972
1433,31,1464,0.1301908279178101
1447,29,1476,0.12766803304935256
1467,29,1496,0.12533585946102055
1467,28,1495,0.12315903594624919
1455,29,1484,0.12118241395714982
1461,29,1490,0.11941630345273083
1478,31,1509,0.11779472434141486
1484,32,1516,0.116275231898373
1480,31,1511,0.11488003175313345
1474,30,1504,0.11362307382094233
1480,30,1510,0.1124945540894569
1475,31,1506,0.11145387629808301
1464,29,1493,0.11052124055074003
1441,31,1472,0.10969951004235337
1443,35,1478,0.10900759748110765
1425,36,1461,0.1083747852726161
1423,36,1459,0.10784312134249145
1444,35,1479,0.10736642772251635
1453,36,1489,0.10688409014657603
1444,37,1481,0.10642424749690912
1460,36,1496,0.10602645904522724
1462,36,1498,0.10562732695793241
1475,36,1511,0.10525877890757754
1468,36,1504,0.10489364109311655
1478,37,1515,0.10457891529263229
1480,37,1517,0.10426935672425025
1476,38,1514,0.10398325966154008
1477,41,1518,0.10373201064286407
1456,40,1496,0.1035020690287804
1455,40,1495,0.10333930239408191
1449,39,1488,0.10319579207962605
1447,39,1486,0.1030786848664799
1443,43,1486,0.10297762000031828
1444,44,1488,0.1028959182676661
1450,45,1495,0.10281979987303594
1449,44,1493,0.10273737669368643
1453,42,1495,0.10266304609556771
1459,43,1502,0.10258720436556441
1455,41,1496,0.10250404032393239
1453,43,1496,0.10243524644347517
1438,41,1479,0.10237822894429816
1426,39,1465,0.10236215285649232
1422,40,1462,0.10237512872876398
1437,41,1478,0.1023956545987452
1449,41,1490,0.10238111517612294
1440,41,1481,0.10234036528032422
1445,42,1487,0.10232393842702138
1453,40,1493,0.10229749110696748
1451,40,1491,0.10225569959687317
1458,39,1497,0.1022205127982669
1447,38,1485,0.10217380333866619
1449,38,1487,0.10215487459261954
1453,38,1491,0.10213299481305632
1458,36,1494,0.10210525184782479
1465,37,1502,0.10206926173358898
1454,35,1489,0.10201971753233942
1457,34,1491,0.10199832859107189
1458,36,1494,0.10197124264034932
1461,35,1496,0.10194658441900806
1459,37,1496,0.10191795857385827
1457,37,1494,0.10189630951553727
1460,37,1497,0.10188259794389933
1470,35,1505,0.10186151848389852
1472,35,1507,0.10182004875907175
1459,33,1492,0.10177758518141179
1455,33,1488,0.10176827251344363
1455,33,1488,0.10176854253531545
1438,33,1471,0.10177012170471159
1454,33,1487,0.1018098218329443
1452,34,1486,0.10181271335490423
1445,34,1479,0.10181960658037284
1449,36,1485,0.10184044925102427
1449,38,1487,0.10185093109738834
1431,37,1468,0.10185857947641715
1431,34,1465,0.10190536538782453
1420,35,1455,0.1019483181828636
1425,35,1460,0.1020124034598689
1422,35,1457,0.10206083962928002
1432,33,1465,0.10211224705805334
1452,34,1486,0.10213621962863866
1444,33,1477,0.1021132620871186
1439,31,1470,0.10210924037844774
1440,34,1474,0.10211723616711695
1441,38,1479,0.10212366356690751
1447,38,1485,0.10212603372837407
1436,39,1475,0.10211492957723849
1437,40,1477,0.10213108423312221
1438,40,1478,0.10214165708136907
1440,39,1479,0.10215009684489516
1436,40,1476,0.10215291991332773
1452,40,1492,0.10216428499202475
1448,38,1486,0.10213852014789702
1458,39,1497,0.10212332967224783
1449,41,1490,0.10208551766677758
1451,43,1494,0.10207082282151703
1440,44,1484,0.10205422248285144
1441,42,1483,0.1020659720056884
1440,42,1482,0.10207402510283663
1454,46,1500,0.10208325227734413
1445,48,1493,0.10206044098186315
1452,46,1498,0.10206072271611957
1438,46,1484,0.10204437433622546
1430,46,1476,0.10206256774136283
1438,49,1487,0.10209646267474543
1440,48,1488,0.1021111015576141
1442,48,1490,0.10212149724422875
1442,47,1489,0.1021252898912775
1449,48,1497,0.10212959956565452
1456,45,1501,0.10211918301612276
1446,47,1493,0.10209249386777465
1455,48,1503,0.10209206096044277
1450,48,1498,0.10207162815435439
1446,48,1494,0.10206559386084436
1439,49,1488,0.10206864723346698
1447,46,1493,0.10208581293101507
1456,47,1503,0.10208542419198452
1464,51,1515,0.10206329265314765
1460,52,1512,0.1020244255918538
1461,54,1515,0.10199834639999437
1453,52,1505,0.10197300963757532
1442,52,1494,0.10196749663327179
1440,50,1490,0.10198875678887476
1443,53,1496,0.10201282856847342
1433,56,1489,0.10202859017513335
1430,56,1486,0.10206408634455955
1439,56,1495,0.10210476367798044
1444,56,1500,0.10212287621997472
1440,53,1493,0.1021289051090998
1435,52,1487,0.10214256409269819
1440,50,1490,0.10216871066161394
1432,52,1484,0.10217912171428693
1439,52,1491,0.10220466745290055
1451,53,1504,0.1022143425374619
1450,57,1507,0.10219755252610298
1440,58,1498,0.10218246068370879
1435,57,1492,0.10219278605870066
1439,53,1492,0.10221364224384052
1437,52,1489,0.10222302171529712
1446,51,1497,0.10223710801757484
1465,51,1516,0.1022284037146222
1455,52,1507,0.10217775982776443
1451,48,1499,0.10215330177153298
1441,47,1488,0.1021396839958208
1442,44,1486,0.10214980822357365
1431,44,1475,0.10215689949701322
1443,45,1488,0.10218750476101408
1450,45,1495,0.10218812355478221
1450,44,1494,0.10217038419858282
1449,44,1493,0.1021546898857864
1441,43,1484,0.10214351781021361
1440,41,1481,0.10215074049145902
1447,42,1489,0.10215887348913878
1444,40,1484,0.1021513578138086
1469,40,1509,0.10215024587800507
1456,39,1495,0.10209431685137188
1466,42,1508,0.1020720790631953
1459,43,1502,0.10203010037141819
1462,41,1503,0.10200619082161783
1451,44,1495,0.10197901323858372
1441,43,1484,0.10197811995636939
1443,45,1488,0.10199935224228206
1459,43,1502,0.10201515338767794
1452,44,1496,0.10199322005574732
1451,41,1492,0.10199050962684861
1456,41,1497,0.10198828980994047
1453,43,1496,0.1019770121088248
1460,44,1504,0.10197343788894805
1463,45,1508,0.1019527507942627
1452,44,1496,0.10192570909964946
1444,43,1487,0.10192603434995273
1447,43,1490,0.10194605775195016
1450,44,1494,0.10195902116075904
1448,45,1493,0.10196475302884739
1448,43,1491,0.10197116487268666
1449,42,1491,0.10197764437070674
1458,43,1501,0.10197917369689051
1453,42,1495,0.10196241310166208
1447,43,1490,0.10195851384784747
1449,45,1494,0.1019687909311648
1444,46,1490,0.10197471407519394
1433,45,1478,0.1019919755328181
1439,46,1485,0.1020329378539304
1429,46,1475,0.102057219872291
1434,46,1480,0.10210165536097389
1436,43,1479,0.10213272312969235
1445,43,1488,0.1021565630686354
1453,45,1498,0.1021576102230869
1454,49,1503,0.10213855563781177
1448,49,1497,0.1021203846067975
1447,50,1497,0.10211641864447842
1450,46,1496,0.10211683349181869
1454,46,1500,0.10211039238884487
1441,46,1487,0.10209360942687333
1428,46,1474,0.10210617015102563
1439,44,1483,0.10214712232363712
1449,44,1493,0.10215897178967555
1455,45,1500,0.10214752956171785
1453,48,1501,0.10212266200922197
1444,47,1491,0.10210428824111244
1444,48,1492,0.10210726471812609
1444,49,1493,0.10211046240964641
1455,52,1507,0.10211333663418717
1447,53,1500,0.10209222893347014
1441,57,1498,0.10209227943240375
1451,56,1507,0.10210647573783045
1452,58,1510,0.10209690359684105
1442,60,1502,0.10208748928684636
1437,59,1496,0.10209975428527729
1433,57,1490,0.10212325994544574
1427,58,1485,0.10215401986588081
1432,57,1489,0.10219657870019917
1440,54,1494,0.10222526256719222
1437,55,1492,0.10223461958854736
1435,55,1490,0.10225086535741276
1454,55,1509,0.10226844945612956
1426,54,1480,0.10224100636858935
1433,53,1486,0.10228085928019393
1434,52,1486,0.1022990654433515
1435,53,1488,0.10231358783334626
1426,51,1477,0.10232482989720249
1429,50,1479,0.1023534377544089
1440,50,1490,0.10237269496474327
1438,53,1491,0.10236783051403098
1436,57,1493,0.10236831288444843
1452,57,1509,0.10237215916110999
1435,56,1491,0.10234075376924098
1438,60,1498,0.1023508135366205
1430,60,1490,0.10235393414230991
1420,60,1480,0.10237564451609557
1433,63,1496,0.10241849341234638
1431,62,1493,0.1024283056982259
1418,63,1481,0.10244157205998324
1421,63,1484,0.10248294773035908
1425,61,1486,0.10251435873612298
1434,61,1495,0.10253339073493194
1422,61,1483,0.10253003950581566
1431,63,1494,0.10255465078319684
1436,65,1501,0.10255796743268292
1439,65,1504,0.10255008743485078
1440,63,1503,0.10253754374895348
1430,62,1492,0.1025230286628296
1423,60,1483,0.10253197641867445
1434,61,1495,0.10255847137360391
1430,59,1489,0.10255924312952233
1435,57,1492,0.10256658824223283
1434,58,1492,0.10255961720285903
1436,56,1492,0.10255567057707501
1440,56,1496,0.10254910982361995
1433,56,1489,0.10253373090570501
1437,56,1493,0.10253472190473235
1438,57,1495,0.10252511801174452
1433,59,1492,0.1025171370422651
1434,62,1496,0.10252099224032872
1431,63,1494,0.10252198533648701
1423,63,1486,0.10253052486639802
1440,63,1503,0.1025556548515225
1444,62,1506,0.10253959885121794
1447,61,1508,0.10251518705140317
1436,60,1496,0.10248591348338917
1432,63,1495,0.10248362045231726
1433,63,1496,0.10249257040464846
1436,62,1498,0.10249991885388403
1427,64,1491,0.10250082123631249
1427,64,1491,0.10252028984139734
1422,64,1486,0.10253996568900021
1431,64,1495,0.10256756894767871
1449,64,1513,0.1025715384809856
1428,64,1492,0.10253509247015369
1444,63,1507,0.10254889484362749
1435,64,1499,0.10252519422131741
1443,65,1508,0.1025244059558272
1438,62,1500,0.1025061247154213
1440,63,1503,0.1025000680040078
1435,64,1499,0.10248923665713332
1433,65,1498,0.10249058136205474
1439,62,1501,0.1024962592178068
1444,62,1506,0.10248696537916395
1443,63,1506,0.10246736201922985
1438,63,1501,0.10245229013451616
1433,62,1495,0.10244839489019536
1429,61,1490,0.10245801917252458
1426,63,1489,0.10247507183353875
1418,63,1481,0.10249867269082003
1427,61,1488,0.10253904671792193
1430,59,1489,0.10255567809958954
1445,62,1507,0.1025637968568857
1442,61,1503,0.1025357306890316
1444,63,1507,0.10251602450999595
1438,64,1502,0.10249451754854505
1438,66,1504,0.10248844868881626
1426,64,1490,0.10248431571201053
1438,65,1503,0.10250754648652524
1433,66,1499,0.10250221031864042
1434,63,1497,0.10250947909467162
1415,62,1477,0.10251374603927944
1414,66,1480,0.10255943549787552
1415,68,1483,0.1026065371651053
1423,69,1492,0.10264785849511965
1425,68,1493,0.10266971962176026
1434,68,1502,0.1026855541516924
1429,67,1496,0.10267795781951784
1429,69,1498,0.10268013959769942
1434,74,1508,0.10268362864952689
1421,71,1492,0.10267573384022168
1439,70,1509,0.10269732801525205
1439,72,1511,0.10267587364043008
1427,70,1497,0.10265629270166769
1426,69,1495,0.1026643366260729
1430,67,1497,0.1026757632182708
1436,70,1506,0.10267925663633448
1419,72,1491,0.10267040441303113
1415,72,1487,0.10270059192392139
1419,70,1489,0.10273745566270338
1422,69,1491,0.10276199918602597
1414,69,1483,0.10277818452160588
1398,71,1469,0.10280938377772678
1401,69,1470,0.1028728610358932
1409,70,1479,0.10292528781463735
1422,70,1492,0.10295423304371727
1424,72,1496,0.10295197647911515
1414,72,1486,0.10294325570775334
1415,73,1488,0.10295830788947617
1413,74,1487,0.1029723418611894
1415,75,1490,0.1029899917060047
1418,76,1494,0.10300251126721532
1413,77,1490,0.10300720618458815
1407,79,1486,0.10302300893720039
1404,81,1485,0.10305145878153102
1410,82,1492,0.1030838551100355
1420,84,1504,0.10310343597242565
1430,87,1517,0.10310010627838048
1433,86,1519,0.1030747179730562
1431,83,1514,0.10304467922888313
1408,84,1492,0.10302327500683635
1411,82,1493,0.10305377389633652
1409,84,1493,0.10307651239137085
1412,82,1494,0.10310172197001843
1408,82,1490,0.10311814070509408
1395,79,1474,0.10313881349637657
1400,80,1480,0.10318924465767959
1398,82,1480,0.10322184926102429
1409,78,1487,0.10325770519568923
1421,80,1501,0.10326496679426414
1417,80,1497,0.10324495695070122
1419,79,1498,0.10323616496028076
1416,78,1494,0.10322310440104655
1412,78,1490,0.10321740222113636
1409,78,1487,0.10321993088628656
1404,80,1484,0.1032304467979446
1412,80,1492,0.10324993808131674
1413,77,1490,0.10325220382744395
1410,78,1488,0.10325217806449022
1406,75,1481,0.10325655735610229
1416,73,1489,0.10327011998022048
1421,74,1495,0.10325865386279784
1412,71,1483,0.10323488768444608
1413,72,1485,0.10323242462552144
1420,73,1493,0.10322863902667777
1415,79,1494,0.10321011404691488
1407,78,1485,0.10320483117599466
1399,78,1477,0.10321907502494575
1410,76,1486,0.1032510260338693
1417,76,1493,0.10325533304338869
1427,78,1505,0.10324381802436325
1419,80,1499,0.1032125213227783
1425,80,1505,0.10320129054051455
1423,80,1503,0.10317825339985408
1418,78,1496,0.10316158657006123
1427,81,1508,0.10315729892864636
1410,79,1489,0.10313415722497958
1424,78,1502,0.10315124514049633
1418,80,1498,0.10313657631697769
1428,83,1511,0.10313633547881672
1425,82,1507,0.10311447625426216
1418,82,1500,0.10310198022982814
1416,86,1502,0.10310629032070631
1421,85,1506,0.10311400838155879
1412,87,1499,0.10311000291206994
1414,87,1501,0.1031286703241618
1413,87,1500,0.1031411271294325
1414,89,1503,0.10315461235412454
1408,88,1496,0.10316480624309307
1412,89,1501,0.10318705160461239
1414,90,1504,0.10319906228929464
1434,91,1525,0.10320868110895948
1424,93,1517,0.10317206480305505
1414,92,1506,0.1031616694120538
1404,90,1494,0.10317607055823136
1404,92,1496,0.10321255620984886
1399,94,1493,0.10324543237977774
1392,94,1486,0.10328556095600766
1391,91,1482,0.10333852441841195
1403,92,1495,0.10338888976334626
1405,95,1500,0.10340726746247907
1406,96,1502,0.10342039089752048
1399,97,1496,0.10343062109863142
1405,95,1500,0.10345534456695074
1401,92,1493,0.103463643176651
1393,91,1484,0.10347986681779776
1403,88,1491,0.10351365532473686
1406,91,1497,0.1035233406291455
1414,90,1504,0.10352560410239516
1418,90,1508,0.10351082869198472
1409,90,1499,0.10348862804590589
1425,92,1517,0.1034880038912032
1420,92,1512,0.1034470062134955
1411,91,1502,0.10341994633701398
1407,92,1499,0.10341622837580147
1410,94,1504,0.1034199514667244
1406,93,1499,0.10341748307022655
1413,98,1511,0.1034255970238679
1401,98,1499,0.10341741480762966
1387,98,1485,0.10343650801491576
1400,98,1498,0.10348680342167448
1390,93,1483,0.1035062129455046
1391,94,1485,0.10354460711200758
1395,94,1489,0.10357664226081532
1392,94,1486,0.10359892009899074
1408,94,1502,0.10362561061888428
1412,90,1502,0.10361339176666157
1401,89,1490,0.10359039001559595
1400,88,1488,0.10358962798153808
1391,91,1482,0.10359449460724694
1398,91,1489,0.10362063130472844
1403,91,1494,0.1036307148904568
1402,92,1494,0.10362919528906894
1409,90,1499,0.10362764849987917
1416,90,1506,0.10361118132114817
1404,92,1496,0.10357957650888057
1405,91,1496,0.10357409927329629
1406,89,1495,0.10356755763496407
1410,87,1497,0.1035603260559066
1414,88,1502,0.10354308488371285
1404,89,1493,0.10351842470754963
1401,90,1491,0.10351681787826923
1401,90,1491,0.10352429995420813
1406,87,1493,0.10353353310723605
1413,81,1494,0.10352994351600955
1412,80,1492,0.10351022880114176
1407,84,1491,0.10349149957389102
1410,84,1494,0.10348405050990667
1411,84,1495,0.10347069367041824
1404,86,1490,0.1034586567144204
1400,86,1486,0.10346276081652866
1397,83,1480,0.10347605722178688
1398,84,1482,0.10349405818641597
1407,85,1492,0.10350820156358218
1413,83,1496,0.10350140978235503
1402,83,1485,0.10348036654562026
1402,84,1486,0.10348651203577859
1404,86,1490,0.1034905003856474
1402,88,1490,0.10349000601674645
1406,89,1495,0.10349261345662576
1404,87,1491,0.10348800104402929
1395,91,1486,0.10348915852672605
1403,93,1496,0.10350963500498715
1401,93,1494,0.1035118830809942
1407,92,1499,0.10351874204249782
1416,93,1509,0.10351007153900385
1412,95,1507,0.1034826878528822
1392,99,1491,0.10346541331287948
1388,98,1486,0.1034950238393753
1398,98,1496,0.10353372192087633
1401,101,1502,0.1035489140130496
1413,97,1510,0.10355772793732668
1407,103,1510,0.10353816531772547
1399,102,1501,0.10353240452525263
1377,104,1481,0.10354364838978686
1390,102,1492,0.10360512624420125
1394,105,1499,0.10363408692876629
1387,105,1492,0.10365360496688326
1394,106,1500,0.10368854567459657
1392,103,1495,0.10370327301410576
1396,106,1502,0.10371857909016326
1409,110,1519,0.10372559319874394
1391,108,1499,0.10370172201549696
1400,105,1505,0.1037200619797893
1409,104,1513,0.10371752538635855
1403,104,1507,0.10369535276196622
1396,103,1499,0.10368821731474423
1399,103,1502,0.10369910224501343
1399,104,1503,0.10370241186549649
1400,100,1500,0.10370669669766659
1387,102,1489,0.10370785860988097
1374,108,1482,0.10373725664328468
1384,109,1493,0.10379526376203498
1393,110,1503,0.10382592814652344
1387,107,1494,0.10383366549868135
1389,109,1498,0.10385336514413997
1388,109,1497,0.10386878546581566
1386,110,1496,0.10388469422558569
1387,114,1501,0.10390442502525557
1382,117,1499,0.10392279701989743
1396,116,1512,0.103951657026563
1396,116,1512,0.10394423453334756
1391,115,1506,0.10393691893818571
1388,115,1503,0.10394285880537207
1371,117,1488,0.10395319320517313
1365,112,1477,0.1040026837820355
1363,113,1476,0.10406338368264471
1357,118,1475,0.10412366842936896
1360,114,1474,0.10419366694777107
1352,117,1469,0.1042514098233017
1377,124,1501,0.10432154857641246
1376,121,1497,0.10433077024636386
1374,123,1497,0.10434206683794885
1369,127,1496,0.10435975185464522
1373,129,1502,0.10438543363296812
1366,126,1492,0.10440010627865316
1375,121,1496,0.10442914967195549
1357,119,1476,0.10443583184159962
1359,121,1480,0.10448347619285345
1370,123,1493,0.10452558458276026
1364,125,1489,0.1045382099866477
1367,121,1488,0.10456230143848322
1377,121,1498,0.10457652382254931
1385,119,1504,0.10456696473661753
1367,121,1488,0.10453618749031492
1376,119,1495,0.10454881382324349
1375,119,1494,0.10454159744941975
1366,115,1481,0.10453500415933586
1373,112,1485,0.104548951178081
1375,115,1490,0.10454635363180835
1358,112,1470,0.10453804152441144
1365,113,1478,0.10456952460980785
1370,113,1483,0.1045797759074389
1363,114,1477,0.10457659374975338
1376,114,1490,0.10459120880224891
1376,113,1489,0.10457496894024235
1377,112,1489,0.1045596997274088
1383,108,1491,0.10454168020023896
1380,109,1489,0.10451239291182049
1381,113,1494,0.1044934112881869
1390,108,1498,0.10447259015320146
1381,110,1491,0.1044318699196898
1390,109,1499,0.10441600593602274
1386,110,1496,0.10438277741590796
1388,112,1500,0.1043582511842668
1383,111,1494,0.10433435016104863
1381,115,1496,0.10432423706702347
1376,114,1490,0.10432108243536035
1396,116,1512,0.10432954893499767
1392,114,1506,0.1042908409452813
1385,115,1500,0.10426415926878889
1386,117,1503,0.10425645076445234
1382,118,1500,0.10424833319461556
1381,116,1497,0.10425010180344511
1379,115,1494,0.10425223032977471
1387,117,1504,0.10425703019703715
1380,118,1498,0.10424616330190116
1383,117,1500,0.10425205054566276
1379,119,1498,0.10424984571120634
1361,122,1483,0.10425647037138681
1366,119,1485,0.10430411043601669
1364,121,1485,0.10433781947211472
1344,119,1463,0.10437433322193858
1347,122,1469,0.10445404772163128
1358,119,1477,0.10451997093673786
1361,120,1481,0.10455391937115975
1363,118,1481,0.10457837263549535
1372,117,1489,0.10459644191238908
1366,118,1484,0.10459104294190283
1367,120,1487,0.10460131496885904
1371,120,1491,0.10460582874860709
1375,119,1494,0.10460150919451319
1378,115,1493,0.1045867360242256
1379,113,1492,0.10456844293485167
1382,120,1502,0.10454992717147073
1394,121,1515,0.1045261987700296
1396,116,1512,0.10447625259133542
1391,119,1510,0.10442519123320446
1393,120,1513,0.10439114897820241
1390,122,1512,0.10435502930776679
1396,120,1516,0.10432925690262242
1395,119,1514,0.10429326103759032
1381,123,1504,0.10426396478575267
1384,122,1506,0.10426809866847556
1385,123,1508,0.10426648842602393
1389,122,1511,0.1042621383473071
1391,125,1516,0.10425040006996798
1381,121,1502,0.10423508859184563
1371,121,1492,0.10424357033945392
1378,123,1501,0.10427320243775791
1369,120,1489,0.10428430126716094
1366,125,1491,0.10431473751015087
1364,126,1490,0.1043516537023216
1370,126,1496,0.1043894777267797
1358,128,1486,0.10441108450631076
1369,125,1494,0.10445958737569218
1377,123,1500,0.10447939822316914
1376,121,1497,0.10447852123496254
1376,122,1498,0.10447737210534204
1368,122,1490,0.10447640144612791
1359,123,1482,0.10449350879542868
1370,120,1490,0.10452794992666387
1366,121,1487,0.10453668204231999
1375,118,1493,0.10455103970845339
1374,120,1494,0.10454556450030862
1376,117,1493,0.10454355288800964
1369,124,1493,0.10453633266183804
1369,124,1493,0.10454742615764784
1366,124,1490,0.10455965237629584
1358,124,1482,0.1045751449053942
1365,124,1489,0.10460933165222303
1358,119,1477,0.10462410845557364
1355,117,1472,0.10465524767226694
1376,121,1497,0.10468855121762155
1369,130,1499,0.10467351041038667
1357,129,1486,0.10467556988183446
1366,129,1495,0.10470588635458956
1362,128,1490,0.10471308068217937
1359,122,1481,0.10472853316923031
1360,128,1488,0.10475001269244873
1355,129,1484,0.10476785950796702
1359,130,1489,0.10479502583619159
1354,129,1483,0.10481088217140552
1358,132,1490,0.1048388719657157
1365,134,1499,0.10485426637819295
1366,134,1500,0.10485447454024062
1359,134,1493,0.10485332513642258
1363,136,1499,0.10486772755683471
1372,133,1505,0.1048726919099745
1366,130,1496,0.10485714609584601
1373,130,1503,0.10485486864703158
1377,128,1505,0.10483632865642427
1368,129,1497,0.10481042506076997
1363,130,1493,0.10480700961508753
1360,128,1488,0.10481558287862126
1363,130,1493,0.10482941190138334
1362,135,1497,0.10483685465032529
1370,136,1506,0.1048447453884446
1362,140,1502,0.10483370774799386
1367,145,1512,0.10484285546361366
1372,149,1521,0.10484240383224805
1370,147,1517,0.10483063322645794
1359,147,1506,0.10482677089660329
1340,147,1487,0.10484741743262668
1346,149,1495,0.10491049303008022
1356,150,1506,0.1049554268869485
1353,149,1502,0.10497628474924625
1345,153,1498,0.10500200863663504
1334,150,1484,0.10504340251870911
1344,150,1494,0.10510735218452844
1328,145,1473,0.10514274115134477
1340,148,1488,0.1052100035796262
1352,146,1498,0.1052456935524204
1354,146,1500,0.10525268410486277
1352,148,1500,0.10525226011333431
1345,151,1496,0.10525595024575315
1335,152,1487,0.10527572968876991
1338,155,1493,0.10531828416843377
1344,156,1500,0.10535049284663925
1341,156,1497,0.10536545900346005
1349,158,1507,0.10538739148333617
1350,160,1510,0.105392467374365
1332,160,1492,0.10539526800099366
1345,157,1502,0.1054379432510018
1334,156,1490,0.10544850347327912
1339,156,1495,0.10548329619426483
1338,156,1494,0.1055040923277288
1343,155,1498,0.10552520675746997
1339,159,1498,0.10553313182704983
1342,158,1500,0.1055501570310475
1328,165,1493,0.10555840565560218
1320,164,1484,0.10559773976226136
1309,165,1474,0.10565295037203253
1322,167,1489,0.105730497976683
1308,165,1473,0.10577382296532215
1320,159,1479,0.10584465732058149
1332,159,1491,0.10588339992007051
1328,166,1494,0.10588935696394298
1329,165,1494,0.10590324856632087
1336,164,1500,0.10591351315480985
1337,164,1501,0.10590833989060341
1334,167,1501,0.10590252524173505
1320,172,1492,0.10590233603204151
1311,177,1488,0.10593301179415836
1321,168,1489,0.10598261471165472
1326,159,1485,0.10600818861654009
1316,163,1479,0.10601957463710829
1335,166,1501,0.10605499445944223
1325,165,1490,0.10604442695604256
1318,169,1487,0.10605691871166405
1301,171,1472,0.10608613072440512
1313,167,1480,0.10615196483948404
1322,170,1492,0.1061865501240055
1322,174,1496,0.10619905981095142
1325,180,1505,0.10621046429687808
1314,181,1495,0.10621501122284763
1311,182,1493,0.10624620804074855
1311,182,1493,0.10628147702388464
1316,185,1501,0.10631367103958951
1324,179,1503,0.10633196000702103
1331,181,1512,0.10633176529151193
1326,182,1508,0.10631342982182705
1319,181,1500,0.10630776829855242
1333,182,1515,0.10631874201484763
1329,182,1511,0.10629761002804844
1320,179,1499,0.10628879507506019
1311,178,1489,0.1062999107717447
1314,188,1502,0.10633152613660098
1323,187,1510,0.10635304387536137
1301,185,1486,0.10635490194971531
1302,185,1487,0.10640769672830334
1307,191,1498,0.10645593438123807
1300,189,1489,0.1064909598897623
1301,187,1488,0.10653691436882491
1307,188,1495,0.10657539491504937
1316,188,1504,0.10659963229846774
1312,186,1498,0.10660232424943317
1323,187,1510,0.10661485864169457
1311,188,1499,0.10660120196932031
1315,188,1503,0.10661670364937315
1299,188,1487,0.1066229604161651
1306,192,1498,0.10666404726203002
1309,189,1498,0.10668646282783538
1303,188,1491,0.10669989153443434
1302,189,1491,0.1067255699534961
1307,189,1496,0.10675212330096898
1296,189,1485,0.10676412159340248
1303,189,1492,0.10680032279940449
1308,192,1500,0.10681736752848162
1302,192,1494,0.10682237037311838
1300,192,1492,0.10683992871336027
1299,191,1490,0.10686040224260986
1300,194,1494,0.10688435831610316
1303,197,1500,0.1069046957370498
1309,198,1507,0.10691762276394622
1315,197,1512,0.10691478596843229
1303,201,1504,0.10690036078293408
1309,200,1509,0.10691460383543436
1304,197,1501,0.10691475180159841
1302,201,1503,0.10692348002596554
1299,194,1493,0.10693831802087185
1294,194,1488,0.10696069312614416
1292,196,1488,0.10698969671184462
1300,201,1501,0.10702122154600588
1300,199,1499,0.10703324514062791
1283,202,1485,0.10704435924378358
1282,200,1482,0.10709316224606713
1288,201,1489,0.107139812722033
1286,207,1493,0.10717080619134375
1299,203,1502,0.10720282553682604
1296,204,1500,0.10720102966222697
1305,206,1511,0.10720822123766918
1310,203,1513,0.10719435415873006
1303,204,1507,0.10716913616500878
1293,208,1501,0.10716038305500167
1273,207,1480,0.10717618026305338
1295,207,1502,0.10723642488656929
1285,209,1494,0.10724249417059045
1283,207,1490,0.10727097347940152
1285,213,1498,0.10730179722467013
1277,209,1486,0.1073257816670203
1292,210,1502,0.10736738416744959
1277,212,1489,0.10737359403461116
1272,220,1492,0.1074122786440375
1273,217,1490,0.10745892371164709
1275,214,1489,0.10750086335649335
1278,220,1498,0.10753556391562694
1274,221,1495,0.10755920717486278
1275,220,1495,0.10759010972833544
1276,216,1492,0.10761769506454939
1278,213,1491,0.10764188220655509
1263,219,1482,0.10765927828424993
1272,216,1488,0.10770873682394161
1280,212,1492,0.10773441684459023
1281,211,1492,0.1077395792472638
1290,212,1502,0.10774302158050418
1297,213,1510,0.10772766077009174
1297,212,1509,0.10769575228167341
1293,214,1507,0.10766294442343115
1293,211,1504,0.10764275300146
1290,213,1503,0.10762558161304099
1294,213,1507,0.10761696701957706
1292,213,1505,0.10760127386898542
1293,219,1512,0.10759103919053228
1281,217,1498,0.10758207236989228
1283,217,1500,0.10760184812216983
1278,219,1497,0.10761585957302014
1282,216,1498,0.10763906240129469
1291,218,1509,0.10765146490137431
1287,223,1510,0.10764295606339853
1280,223,1503,0.10764672955447656
1275,225,1500,0.10766563540834877
1279,226,1505,0.10769664984319265
1279,226,1505,0.10771506724302285
1274,219,1493,0.10773081990453123
1288,223,1511,0.10775560999690643
1287,221,1508,0.10774899811535946
1286,221,1507,0.1077432456717321
1291,220,1511,0.10774156139376816
1285,220,1505,0.10772890401265638
1271,220,1491,0.10773008886347285
1262,219,1481,0.10776127141853298
1265,220,1485,0.10780920044720442
1271,219,1490,0.10784722773891105
1278,216,1494,0.10786904172384673
1272,214,1486,0.10787163856797488
1282,216,1498,0.10788743111218822
1285,215,1500,0.10787797382154565
1284,214,1498,0.10786516620611936
1273,215,1488,0.10785745176102512
1269,213,1482,0.10787411573464918
1274,209,1483,0.10790025112152925
1285,213,1498,0.10791182192907751
1281,211,1492,0.10789455329616039
1275,214,1489,0.10788565224973937
1296,216,1512,0.10789031324100087
1285,213,1498,0.10784541016589935
1272,218,1490,0.10782750260721788
1274,213,1487,0.10784295398582666
1275,215,1490,0.10785493729215563
1280,211,1491,0.10786262098936192
1275,213,1488,0.10785591206239575
1270,213,1483,0.10786409414655268
1276,215,1491,0.1078795310296481
1264,219,1483,0.10788244668495864
1270,220,1490,0.10791295491404958
1274,217,1491,0.10792895405663487
1268,222,1490,0.10793597954637836
1274,229,1503,0.10795741724988198
1272,224,1496,0.10796558361743866
1279,224,1503,0.10797658495579601
1280,224,1504,0.10797153985362438
1273,227,1500,0.10796604787560103
1273,226,1499,0.107977850730307
1270,222,1492,0.10798699477771904
1262,221,1483,0.10800165397410677
1260,225,1485,0.10803397836539912
1250,226,1476,0.10806802140375357
1250,228,1478,0.10812151190498413
1251,225,1476,0.10817308971839072
1258,223,1481,0.10821615878919788
1250,221,1471,0.10823851094513082
1257,219,1476,0.1082779493987766
1255,222,1477,0.10829614171136939
1271,224,1495,0.10831605798444315
1265,226,1491,0.10829977043457423
1263,226,1489,0.10829605760174842
1259,226,1485,0.10829957018453328
1264,223,1487,0.1083118336950605
1256,222,1478,0.10831280513825456
1251,224,1475,0.1083344646241459
1256,226,1482,0.10836681284568535
1255,227,1482,0.10838453395028934
1259,230,1489,0.10840462328681955
1268,232,1500,0.10841378305468019
1272,226,1498,0.10840088711576878
1269,230,1499,0.10838007581743735
1266,230,1496,0.10837073526612005
1261,227,1488,0.10836755352747705
1254,234,1488,0.10837792596197866
1269,231,1500,0.10840386904530298
1265,235,1500,0.10839078914529356
1259,233,1492,0.10838738636158475
1248,229,1477,0.10839837026233937
1263,234,1497,0.10843186974526443
1253,237,1490,0.10842993603347553
1267,235,1502,0.1084510219519682
1273,232,1505,0.10843904024895389
1263,232,1495,0.10841567536540893
1268,232,1500,0.10841673537882392
1264,234,1498,0.10840659278901807
1271,240,1511,0.10840937615394296
1261,237,1498,0.10839504539830098
1263,242,1505,0.108406003679297
1263,239,1502,0.10841243774227262
1257,238,1495,0.1084171417514212
1264,240,1504,0.10843188000606803
1251,247,1498,0.10843205265552802
1251,245,1496,0.10846322507361411
1253,249,1502,0.10849352429220929
1252,249,1501,0.10851719659715528
1257,249,1506,0.10854142597962291
1251,255,1506,0.10855317394035158
1249,257,1506,0.10857766780851882
1247,260,1507,0.10860483095245581
1248,256,1504,0.1086345113488925
1249,252,1501,0.10865722976737721
1249,249,1498,0.10867573163537289
1259,245,1504,0.10869152356923856
1248,246,1494,0.1086851089779061
1250,243,1493,0.10870441434619074
1253,243,1496,0.1087174882971232
1248,244,1492,0.10872269835087423
1242,244,1486,0.10873755117836575
1241,244,1485,0.10876704615334112
1241,239,1480,0.10879893369409048
1243,246,1489,0.10882499191292071
1247,246,1493,0.10884377604568844
1259,241,1500,0.10885190713929006
1261,242,1503,0.1088348384889946
1258,243,1501,0.10881314559691972
1252,236,1488,0.10880013394193534
1250,236,1486,0.10880104925650441
1258,235,1493,0.10880542462795731
1234,239,1473,0.10879125257919334
1242,243,1485,0.10883027853506538
1243,242,1485,0.10884599980193134
1245,243,1488,0.10885934369400083
1249,242,1491,0.10886706382660276
1263,243,1506,0.10886525973605657
1272,247,1519,0.10883393424912917
1261,253,1514,0.10878733600985362
1259,251,1510,0.10876997068945612
1249,255,1504,0.10875752092624229
1255,253,1508,0.10876878243481021
1261,251,1512,0.10876621254580883
1264,245,1509,0.10875100332495588
1260,248,1508,0.1087313662973337
1262,249,1511,0.1087190426869666
1252,247,1499,0.10870494052102819
1252,247,1499,0.1087141377227483
1240,248,1488,0.10872386348889265
1240,246,1486,0.10875807678035607
1238,248,1486,0.10879021367632032
1235,249,1484,0.10882442078333064
1242,254,1496,0.10886408142712177
1245,257,1502,0.10888503676060038
1246,258,1504,0.10889846740680674
1243,265,1508,0.10891056691849339
1246,265,1511,0.10892945445989267
1249,264,1513,0.10894106174896594
1243,260,1503,0.10894391497313947
1236,265,1501,0.10895871958593684
1237,263,1500,0.10898934831714374
1236,269,1505,0.10901639841637001
1225,269,1494,0.10904497644339463
1231,267,1498,0.10909585193396332
1216,267,1483,0.10913077702358745
1219,274,1493,0.10919638533819405
1225,270,1495,0.1092504634991938
1223,265,1488,0.10928698183239352
1229,263,1492,0.10932336755381097
1217,261,1478,0.10934379959489338
1223,266,1489,0.10938964230212316
1225,266,1491,0.10941892057366019
1217,266,1483,0.10944216193122554
1221,263,1484,0.10948314813061245
1221,271,1492,0.1095132810055949
1217,270,1487,0.10954115649770838
1215,275,1490,0.10957796721255138
1217,272,1489,0.10961680854617545
1211,273,1484,0.10964801881271605
1204,277,1481,0.10968980422540646
1217,271,1488,0.10974040501737127
1219,273,1492,0.10975800952650978
1209,272,1481,0.10977023988918008
1218,273,1491,0.10980308958229987
1215,273,1488,0.10981530337841665
1238,275,1513,0.10983469345599114
1222,274,1496,0.10979993030631363
1224,277,1501,0.10980479995485741
1218,278,1496,0.10980461710751818
1221,278,1499,0.10981883677248386
1225,277,1502,0.10982535800748164
1215,278,1493,0.10982048982477327
1227,273,1500,0.10983804848670331
1231,273,1504,0.10982748805756319
1229,272,1501,0.1098093890426918
1218,272,1490,0.10979748237253868
1224,271,1495,0.10981179938925253
1234,275,1509,0.10981208856951025
1221,274,1495,0.10978929771091188
1212,278,1490,0.10979981666992597
1219,280,1499,0.10982919948279736
1220,280,1500,0.10984129656836612
1213,281,1494,0.10985050945252695
1216,288,1504,0.1098737047583776
1221,288,1509,0.1098888143523255
1218,294,1512,0.10989148911385169
1196,293,1489,0.10990218827962175
1205,293,1498,0.10996188423756077
1212,296,1508,0.10999757540741342
1215,291,1506,0.1100154212266061
1204,293,1497,0.1100265469453927
1209,293,1502,0.11006100067652742
1209,298,1507,0.11008240717788462
1195,297,1492,0.11010400646975135
1205,299,1504,0.1101556756228014
1211,299,1510,0.11017965716362955
1212,294,1506,0.11018907548242979
1206,297,1503,0.11019734038444033
1211,299,1510,0.1102170478184532
1205,298,1503,0.11022519267495572
1213,301,1514,0.11024688327417088
1212,304,1516,0.11024994632710956
1202,299,1501,0.11025756906417924
1204,297,1501,0.11028525533966103
1196,302,1498,0.1103070605525335
1203,303,1506,0.11034453777892281
1215,304,1519,0.11036286763856296
1202,309,1511,0.11035469148782723
1201,313,1514,0.11037473070350895
1203,303,1506,0.11039588246327935
1197,308,1505,0.11041349913137495
1196,305,1501,0.11044230409431875
1195,306,1501,0.11047111737877832
1191,307,1498,0.11050330854747616
1182,304,1486,0.11054210962255176
1195,303,1498,0.1105987243299376
1203,308,1511,0.11062177190606644
1201,304,1505,0.11062612985273702
1190,301,1491,0.11063230369713344
1195,307,1502,0.11066528645568793
1182,304,1486,0.11068482027955615
1190,305,1495,0.11073151490473113
1189,305,1494,0.11075878686270631
1196,312,1508,0.1107817586165497
1193,314,1507,0.11078587164791981
1194,314,1508,0.11079731088501685
1196,310,1506,0.11080522024078383
1196,310,1506,0.11080900922741183
1191,310,1501,0.11081194970184598
1188,309,1497,0.11082719009730471
1195,309,1504,0.11084734120424633
1193,314,1507,0.11084920258764701
1194,316,1510,0.11085666616476429
1195,315,1510,0.11086106425870348
1189,314,1503,0.11086419609180208
1188,317,1505,0.11088187935301808
1186,318,1504,0.11089968027069047
1188,318,1506,0.11092249917731493
1181,312,1493,0.11093909537573005
1186,317,1503,0.11096875125565468
1185,315,1500,0.11098641090819732
1186,316,1502,0.11100649563955843
1167,322,1489,0.11102423928427356
1182,324,1506,0.1110829982975888
1176,326,1502,0.11110465327382535
1184,319,1503,0.11113782033966721
1186,322,1508,0.11115024157260237
1189,323,1512,0.1111583107901107
1187,322,1509,0.11115810083752482
1175,314,1489,0.11116282795073658
1170,325,1495,0.11119234900703237
1164,328,1492,0.11123240856806231
1168,326,1494,0.11128471744315803
1175,329,1504,0.11132497190590816
1178,326,1504,0.11134745703624851
1182,325,1507,0.1113597890258139
1179,326,1505,0.11136000652633243
1178,331,1509,0.11136675981305863
1177,336,1513,0.11137589808099348
1164,337,1501,0.11138634550823018
1159,342,1501,0.11142660519002053
1170,342,1512,0.11147643546945679
1176,337,1513,0.11149595037093021
1168,338,1506,0.11149974809259412
1165,332,1497,0.11152043800051897
1161,332,1493,0.11154790852327227
1160,333,1493,0.11158232547010986
1153,332,1485,0.11161623835452147
1148,333,1481,0.11166380963321759
1150,339,1489,0.11171760158780948
1155,336,1491,0.11176614796606142
1149,334,1483,0.11179860809684442
1141,334,1475,0.11184092257148752
1162,339,1501,0.11189944068470535
1170,334,1504,0.11190614849865145
1158,338,1496,0.11189278739240235
1148,336,1484,0.11190703127873274
1144,343,1487,0.1119441933622739
1145,341,1486,0.1119899469971299
1144,341,1485,0.1120322813656672
1153,345,1498,0.11206977771502163
1156,346,1502,0.112082741775342
1148,346,1494,0.11208807825392961
1150,340,1490,0.11211219089807742
1146,344,1490,0.11212964156606578
1157,345,1502,0.11215494436043422
1156,343,1499,0.11215422065215354
1159,348,1507,0.1121549308512034
1157,343,1500,0.11214802721602105
1160,346,1506,0.11214852882519981
1162,352,1514,0.11214339868795697
1152,350,1502,0.11213191643393783
1150,352,1502,0.11214633546916371
1143,350,1493,0.11216314184342156
1151,351,1502,0.11219856113388639
1148,346,1494,0.1122139801821724
1142,346,1488,0.11223484214025724
1147,343,1490,0.11226885588898941
1155,349,1504,0.1122880439413176
1156,352,1508,0.11228738456383695
1138,347,1485,0.11228370308578027
1146,346,1492,0.11232067125407727
1144,338,1482,0.11233652163982139
1148,338,1486,0.11235643133073467
1154,343,1497,0.11236480836842783
1153,344,1497,0.11235794126014258
1148,341,1489,0.11235332176738437
1142,344,1486,0.11235991583960406
1135,347,1482,0.11237978324576718
1141,343,1484,0.11241340099307118
1146,346,1492,0.11243116531530287
1152,349,1501,0.11243809847465272
1153,353,1506,0.11242987497656962
1160,349,1509,0.11241938500113312
1160,353,1513,0.11239649790514761
1154,351,1505,0.11237580467393865
1145,348,1493,0.11237140486187748
1136,348,1484,0.11238611219021857
1139,353,1492,0.11242060657348993
1143,351,1494,0.11244766010775133
1140,352,1492,0.11246062954107633
1142,352,1494,0.1124785173647081
1138,344,1482,0.11249264592103775
1140,346,1486,0.11251587096099575
1143,351,1494,0.1125323085030714
1149,349,1498,0.11254053182743405
1161,350,1511,0.112536833441085
1149,355,1504,0.11250285468091199
1145,356,1501,0.11249935846568848
1152,351,1503,0.11250368095537815
1157,352,1509,0.1124948013614035
1144,348,1492,0.11247208986809128
1122,353,1475,0.11248145733961228
1130,354,1484,0.1125417984850231
1137,357,1494,0.1125814009562284
1126,364,1490,0.11260320382717692
1131,367,1498,0.1126491741407366
1120,372,1492,0.11268056433275916
1120,362,1482,0.11273314914585822
1113,365,1478,0.11278014111163401
1135,360,1495,0.11283660050868193
1124,369,1493,0.11284014257676935
1121,364,1485,0.11286924207188083
1122,366,1488,0.11290673751981885
1131,364,1495,0.11293660381315546
1135,368,1503,0.11294275003184674
1142,369,1511,0.11294056565130921
1138,379,1517,0.11292450627213894
1132,373,1505,0.11291966178726037
1134,369,1503,0.11292880886270588
1128,366,1494,0.1129313835877333
1123,363,1486,0.11294759517148727
1126,368,1494,0.11297435798318965
1122,373,1495,0.11299639573294396
1135,373,1508,0.1130255535905566
1126,382,1508,0.113022712923813
1121,383,1504,0.11304092764830781
1119,385,1504,0.11306781546213047
1128,382,1510,0.11309877115006767
1123,382,1505,0.11310719187440352
1117,383,1500,0.1131263215753276
1119,392,1511,0.11315575093802903
1114,387,1501,0.11318010587145451
1114,391,1505,0.11321545276642522
1113,387,1500,0.11324912260115243
1117,389,1506,0.11328158579608762
1114,393,1507,0.11330219884731449
1115,401,1516,0.11333052041120753
1113,397,1510,0.11335474243836038
1103,399,1502,0.11338356638133863
1092,401,1493,0.11343431272518557
1108,403,1511,0.11350677935926874
1098,398,1496,0.11353766096904089
1099,411,1510,0.11358875439502508
1095,416,1511,0.11363326634921947
1091,412,1503,0.11368152317537651
1079,414,1493,0.11373579396318124
1085,404,1489,0.11381538237743538
1098,405,1503,0.11387659424500722
1099,404,1503,0.11390558835931476
1097,413,1510,0.11392803547364273
1105,409,1514,0.11395560586859975
1112,409,1521,0.11396297287864833
1108,414,1522,0.11395426536821898
1090,415,1505,0.11395408171720714
1098,415,1513,0.11399598730076056
1084,412,1496,0.114016797530786
1088,414,1502,0.11406944945952363
1085,409,1494,0.11411079443189406
1080,406,1486,0.1141579517674733
1084,406,1490,0.1142112011780626
1092,413,1505,0.11425151064410649
1086,419,1505,0.11427158101707999
1081,416,1497,0.11430485573724315
1086,417,1503,0.11434779555347724
1092,417,1509,0.1143752855278663
1082,421,1503,0.11438557421266203
1082,425,1507,0.11441906609000001
1090,422,1512,0.11445036030182014
1085,427,1512,0.11446137060422384
1076,426,1502,0.11448281107680477
1076,426,1502,0.11452365338593692
1080,421,1501,0.11456136416826453
1070,420,1490,0.1145875558153628
1063,418,1481,0.11463444269857107
1068,418,1486,0.11469458840648977
1066,414,1480,0.11473811085140519
1057,417,1474,0.11478100818599811
1041,413,1454,0.1148395720678987
1049,422,1471,0.11493028740789217
1059,419,1478,0.11499604513989152
1055,414,1469,0.11503204362356233
1070,416,1486,0.11507280464280313
1082,418,1500,0.11507812150827215
1081,418,1499,0.11505486720400543
1077,414,1491,0.11503504271410608
1073,418,1491,0.11502628829285
1072,419,1491,0.11502776471252192
1078,420,1498,0.11503141415756556
1073,412,1485,0.11502277181087595
1070,422,1492,0.11502826115278612
1062,424,1486,0.11504046304239836
1057,432,1489,0.11506961007418051
1069,427,1496,0.11510779441297515
1069,424,1493,0.11511679287652139
1065,424,1489,0.11512492902144388
1061,428,1489,0.11514264489439455
1061,433,1494,0.11516919905779859
1063,438,1501,0.11519340199397383
1057,445,1502,0.11520944845363747
1057,438,1495,0.11523722819485986
1048,438,1486,0.11526293566207947
1044,441,1485,0.11530901985116415
1051,442,1493,0.11535989334773693
1061,443,1504,0.11539256466615341
1049,441,1490,0.1153997210194461
1052,443,1495,0.1154332720998354
1049,440,1489,0.11545816412614748
1054,443,1497,0.11548968559481025
1054,450,1504,0.11550606050240379
1054,452,1506,0.11552060774240737
1055,450,1505,0.11553659224418195
1055,443,1498,0.11555025628504279
1050,437,1487,0.11556316240828139
1063,439,1502,0.11558604273837222
1053,444,1497,0.11557786883229838
1050,452,1502,0.11559490569081847
1057,458,1515,0.11561895352209857
1052,459,1511,0.11562281612688055
1043,446,1489,0.11563899569346407
1045,446,1491,0.11567466727360742
1050,451,1501,0.11570304678404131
1043,449,1492,0.1157195102885392
1033,457,1490,0.11575032374478317
1050,457,1507,0.1158024296860744
1052,459,1511,0.11581211804770089
1056,456,1512,0.11581621610506815
1049,461,1510,0.11581136900683024
1057,454,1511,0.11582390624720079
1049,453,1502,0.11581890743002221
1047,454,1501,0.11583153680358041
1052,447,1499,0.11584828409742737
1045,444,1489,0.11585315903751528
1037,437,1474,0.11587113245663805
1028,444,1472,0.11590990980536547
1014,447,1461,0.11596698471720882
1015,452,1467,0.11604885742002359
1026,455,1481,0.11612421243212324
1029,452,1481,0.11616676099838781
1029,453,1482,0.11619840104723812
1027,454,1481,0.11622733975332704
1039,454,1493,0.11625524540402321
1038,459,1497,0.1162535236868883
1051,456,1507,0.11625269231804188
1052,444,1496,0.11622137730254874
1054,449,1503,0.11618855123365243
1067,449,1516,0.11615265320936582
1056,452,1508,0.11609064743698846
1048,453,1501,0.11605719603770699
1055,452,1507,0.11604564521693651
1044,448,1492,0.11602074370317471
1059,451,1510,0.11602114381548038
1065,452,1517,0.11598930353673687
1063,452,1515,0.11594771412667967
1054,453,1507,0.11591505755245068
1049,447,1496,0.11590771537865835
1048,445,1493,0.11591241050861655
1044,458,1502,0.11592080963373601
1039,461,1500,0.11593854125701789
1035,460,1495,0.11596632774640173
1043,465,1508,0.11600218946342071
1054,460,1514,0.11601725965403296
1041,459,1500,0.1160056649334594
1038,462,1500,0.11602472443210722
1028,465,1493,0.11604876104342524
1033,463,1496,0.11609405362613302
1038,467,1505,0.11612573767013135
1027,468,1495,0.11614344048562007
1025,467,1492,0.11618625021163448
1011,462,1473,0.11622924131021917
1016,461,1477,0.11630200740886497
1019,464,1483,0.11635999094656489
1023,460,1483,0.11640441709487818
1032,446,1478,0.11643484435151788
1040,449,1489,0.11644107914960036
1041,461,1502,0.11643042986736059
1050,466,1516,0.1164174500300455
1042,465,1507,0.11638546944390708
1037,471,1508,0.11637165268920187
1029,471,1500,0.11637145255501333
1029,477,1506,0.11639256117889189
1021,476,1497,0.11641537745189709
1026,479,1505,0.11645488204084184
1025,489,1514,0.11648081066930668
1024,492,1516,0.11650779205884412
1017,486,1503,0.11653710012776192
1011,487,1498,0.11657986993345087
1013,491,1504,0.11663455031251135
1003,490,1493,0.11668087423210018
1018,486,1504,0.11674643413110704
1013,484,1497,0.1167742838939931
1008,486,1494,0.11680973524822416
1007,486,1493,0.11685342202071412
1007,483,1490,0.11689511159935236
1012,485,1497,0.11693156410788225
1023,481,1504,0.11695395888802572
1026,489,1515,0.1169521168801133
1020,494,1514,0.11694307227984271
1006,499,1505,0.11694723903165834
1008,499,1507,0.11698542175749978
1011,502,1513,0.11701654348048728
993,497,1490,0.11704035845662297
995,501,1496,0.11710604502034519
999,498,1497,0.11716243351233047
996,496,1492,0.11720607122287909
1004,501,1505,0.11725373216912001
1006,508,1514,0.11727824989112964
1008,506,1514,0.11729532564727656
1002,513,1515,0.11730804307949348
991,511,1502,0.11733448380929255
997,510,1507,0.11738435606780766
998,512,1510,0.11741860975114822
991,513,1504,0.11744809148330948
1003,508,1511,0.11749190780608576
1007,501,1508,0.11750573478511883
999,504,1503,0.11750922633149997
986,502,1488,0.11753333140754187
993,506,1499,0.11758448180460597
990,503,1493,0.11761391264700331
989,506,1495,0.11764842335129913
997,511,1508,0.11768110579544895
999,508,1507,0.11769203384956305
982,506,1488,0.11769858550803977
980,504,1484,0.11774497927936536
976,511,1487,0.1177945548367481
980,513,1493,0.11784893791313011
977,516,1493,0.1178910193166918
978,513,1491,0.11793400928741779
978,509,1487,0.11797271977694596
973,512,1485,0.11800762029765645
973,507,1480,0.11805132605768137
976,504,1480,0.11809094353516794
979,499,1478,0.118122857723674
975,503,1478,0.11814521715249585
986,513,1499,0.11817123827611958
993,516,1509,0.11817355907480039
984,524,1508,0.11815894520488551
980,523,1503,0.11816692264305914
990,524,1514,0.11818473459591348
992,526,1518,0.11818005296060803
971,528,1499,0.1181719648777413
970,531,1501,0.11821373400921739
968,524,1492,0.11825478178112975
977,517,1494,0.11829875601472149
979,525,1504,0.11832058977036286
971,527,1498,0.11833542467208474
963,532,1495,0.11836911127712722
965,530,1495,0.11841695215599742
965,531,1496,0.11845358365926466
957,531,1488,0.11848967322874446
956,532,1488,0.11854190657374232
964,541,1505,0.11859548881927047
971,530,1501,0.11862588889999255
976,529,1505,0.11863642478644067
966,532,1498,0.1186337183006966
972,534,1506,0.11865223582149494
972,530,1502,0.11865545160929354
965,542,1507,0.1186605523645182
959,540,1499,0.11868178424699945
952,539,1491,0.1187159290020038
954,538,1492,0.11876247406629854
971,544,1515,0.11879891445561813
969,530,1499,0.1187956924831869
971,538,1509,0.11879664016707114
965,543,1508,0.11879348956358428
974,542,1516,0.1188057062932376
967,543,1510,0.11879801813351352
956,540,1496,0.11880666138199658
954,543,1497,0.11884138001441011
967,541,1508,0.1188767131243214
977,539,1516,0.1188780190004049
976,541,1517,0.11885352282370856
970,539,1509,0.11883425928370907
973,540,1513,0.11882823176352637
971,541,1512,0.11881679240865427
975,536,1511,0.11881172724453172
988,527,1515,0.11879946367034916
973,532,1505,0.11875686184377526
981,530,1511,0.1187528792841517
982,533,1515,0.1187318087457372
988,529,1517,0.118712206066823
985,536,1521,0.11867849559195581
982,536,1518,0.11865491826798526
972,546,1518,0.1186405460824226
965,543,1508,0.11865021623731412
968,537,1505,0.11867659471229146
975,538,1513,0.11869533765115695
973,544,1517,0.11869671777460208
963,545,1508,0.1187039277957242
963,539,1502,0.11873284932498257
962,546,1508,0.11875918115162096
958,550,1508,0.1187875561282991
955,548,1503,0.11882343188494722
965,536,1501,0.11886400425110022
958,536,1494,0.11888011350278019
961,540,1501,0.11891108606566314
963,542,1505,0.11893139224882626
957,549,1506,0.11894597149840898
959,549,1508,0.11897420199920603
958,555,1513,0.11899708353458088
957,564,1521,0.11901898332511512
950,561,1511,0.1190412752982638
945,562,1507,0.11908032857771018
929,560,1489,0.1191284330742964
926,552,1478,0.11920981321698033
933,547,1480,0.1192889358340162
950,560,1510,0.11934780894490375
952,559,1511,0.11936131126561506
952,555,1507,0.119368932968809
937,559,1496,0.11937555039077896
940,557,1497,0.11941680715693255
939,556,1495,0.11944690838158036
943,552,1495,0.11947702214188118
937,550,1487,0.119497087903903
941,558,1499,0.1195288219720003
948,563,1511,0.1195496301759616
941,557,1498,0.11955339535245335
942,564,1506,0.11957351027633241
942,565,1507,0.11959203010614541
939,574,1513,0.11961033252620962
931,571,1502,0.11963395536427783
919,572,1491,0.11967594174903282
920,571,1491,0.11974018638852062
924,573,1497,0.11979967189677017
935,574,1509,0.1198456927134629
940,573,1513,0.11986375997798594
923,578,1501,0.1198681707868901
914,576,1490,0.11991123816992083
924,571,1495,0.11997201792077634
917,577,1494,0.1200065213423673
928,579,1507,0.12005380522263699
932,575,1507,0.12007404633340318
916,583,1499,0.12008516685014424
920,579,1499,0.12013019891615513
918,580,1498,0.12016199684619826
924,589,1513,0.12019651366859259
930,587,1517,0.12021662643371528
924,583,1507,0.1202196763851615
914,577,1491,0.12023519573629134
906,568,1474,0.12027155582651179
907,576,1483,0.12032501450076152
906,587,1493,0.12037549016705462
918,594,1512,0.1204225467401068
915,596,1511,0.12044042773963123
913,598,1511,0.12046488390870178
894,600,1494,0.12049220171134625
902,595,1497,0.120561451618998
910,587,1497,0.1206073480329809
914,588,1502,0.12063194373594392
909,592,1501,0.12064314656715151
919,594,1513,0.12066457374786382
919,602,1521,0.12066288881301744
916,598,1514,0.1206622552932715
918,598,1516,0.12066984523322369
918,602,1520,0.1206736613883134
918,597,1515,0.12067861504161428
902,607,1509,0.12068602817583907
901,606,1507,0.12073057811347124
899,602,1501,0.1207717632272911
901,601,1502,0.12081542143301516
896,600,1496,0.12085275396095434
904,605,1509,0.12089814974629992
900,606,1506,0.12092214740428635
890,604,1494,0.12095377556094736
895,604,1499,0.1210073879807418
890,600,1490,0.12104367890635725
900,602,1502,0.12108735793065631
903,600,1503,0.1211050273009569
899,607,1506,0.12111424365430018
902,607,1509,0.12113316704290394
906,607,1513,0.1211437624896164
907,606,1513,0.12114746084562897
907,606,1513,0.12114800610841253
908,612,1520,0.12114849988278717
904,609,1513,0.12114934517479713
901,610,1511,0.12115965219281374
896,608,1504,0.12117614416676664
897,608,1505,0.12120380770532815
895,612,1507,0.1212286868173456
898,620,1518,0.1212557450008764
893,620,1513,0.12127242761321302
884,619,1503,0.12129970576374877
893,625,1518,0.121344930313455
891,615,1506,0.12136737049946186
886,630,1516,0.12139372418194955
875,627,1502,0.12143002179290306
885,632,1517,0.12148938569778026
889,630,1519,0.12152313310134194
881,631,1512,0.12154710185581923
881,624,1505,0.12158826673952965
878,619,1497,0.12162670674663008
876,615,1491,0.12167028177223212
875,613,1488,0.12171593378925534
880,620,1500,0.12175693076113524
874,628,1502,0.12178382496687014
857,623,1480,0.12182217154035445
859,612,1471,0.1218965413232965
861,619,1480,0.12196196836033085
859,629,1488,0.12201856342468041
870,635,1505,0.12207618207252047
874,649,1523,0.12210402976106492
876,657,1533,0.12212145363150506
870,654,1524,0.12213390261580884
876,654,1530,0.12216006904483344
870,652,1522,0.12217247416142986
860,654,1514,0.12219865414491193
852,648,1500,0.12224637760377412
853,648,1501,0.12230988023747098
844,655,1499,0.12236591694573835
848,661,1509,0.1224378329098264
834,653,1487,0.12249750526610846
842,658,1500,0.12258572228786718
842,673,1515,0.1226495732600845
846,661,1507,0.12270648853911963
845,660,1505,0.12275062898773122
838,663,1501,0.12279491081632272
833,668,1501,0.12285151653330435
836,665,1501,0.12291360639827019
837,667,1504,0.1229648657121788
832,667,1499,0.12300800185522577
832,664,1496,0.12305916367764916
830,661,1491,0.12310574852649679
831,665,1496,0.12315276973360323
840,665,1505,0.12319506897529184
836,671,1507,0.12321368662286378
840,669,1509,0.12324064922097559
839,665,1504,0.12325867372984071
843,659,1502,0.12327794936579574
853,656,1509,0.12328719294686277
844,653,1497,0.12326983807064745
852,656,1508,0.12327443015710798
859,651,1510,0.12325998740259297
852,657,1509,0.12322975935345677
843,661,1504,0.12322040578654138
839,661,1500,0.12323310848030886
842,664,1506,0.123253800092428
836,676,1512,0.12326658203489106
843,677,1520,0.12329246723776865
844,677,1521,0.12330135995009407
848,671,1519,0.12330584012938611
848,666,1514,0.12330043605010509
844,662,1506,0.12329357684370265
837,651,1488,0.12329741795329818
842,655,1497,0.12331587755222166
844,657,1501,0.12331993907209543
829,653,1482,0.12331814574731233
827,661,1488,0.12335198834533845
835,653,1488,0.12338928097036334
849,657,1506,0.12340488412498953
846,663,1509,0.12338548319551883
850,657,1507,0.12337512515703387
847,657,1504,0.12335803052651428
838,661,1499,0.12334939006669003
839,662,1501,0.1233649302273303
830,669,1499,0.12337822287149489
827,672,1499,0.12341030507554056
823,679,1502,0.12344906708702177
811,680,1491,0.1234945619675428
808,681,1489,0.12356295550759093
804,679,1483,0.12363488630212899
806,678,1484,0.12370993965952005
809,676,1485,0.12377432989299035
810,677,1487,0.12382791677426118
819,674,1493,0.12387485302088923
829,679,1508,0.12389662886839684
833,675,1508,0.12389102580435037
832,682,1514,0.1238772580175512
820,688,1508,0.12386734979303736
818,689,1507,0.12388542422173171
826,680,1506,0.1239095205400475
828,678,1506,0.12391484527999545
827,677,1504,0.12391589489936246
815,674,1489,0.12391984869987838
814,668,1482,0.1239479019410404
826,683,1509,0.12397731664355678
830,687,1517,0.12397720342440223
833,684,1517,0.12396925618621037
829,693,1522,0.12395531290292705
823,689,1512,0.12395344409452295
831,684,1515,0.12396711275455533
835,688,1523,0.12396238271366056
832,685,1517,0.12394959591657476
818,682,1500,0.12394475370737076
821,672,1493,0.12397283329469717
812,672,1484,0.1239899482178059
826,681,1507,0.12402669370404819
825,680,1505,0.12403005575885592
825,686,1511,0.124036079338011
810,690,1500,0.12404377920701933
812,693,1505,0.12408526376462369
819,696,1515,0.12412160042540968
820,687,1507,0.12413956043180101
824,677,1501,0.12415389394415896
815,683,1498,0.12415990596935099
813,691,1504,0.1241869559857507
803,692,1495,0.12421867497687597
807,690,1497,0.12427083968002726
803,690,1493,0.1243091751176964
802,692,1494,0.12435420978886391
802,695,1497,0.12439740495767744
808,699,1507,0.12443790621144961
810,704,1514,0.12446128480740888
815,701,1516,0.12447560167307582
821,699,1520,0.12447833549243477
809,694,1503,0.1244651878757816
802,700,1502,0.124479477048934
798,702,1500,0.12451066798155487
799,704,1503,0.12455010080885554
806,694,1500,0.12458262538089732
806,698,1504,0.12459852889319052
797,700,1497,0.1246125907396109
800,695,1495,0.12464670468985257
800,698,1498,0.12467183427388324
799,700,1499,0.12469348243566074
804,693,1497,0.12471617425690251
789,689,1478,0.12472578009021737
798,699,1497,0.12477011586634122
806,699,1505,0.12479226006207914
791,700,1491,0.12479318671190155
795,704,1499,0.1248286900585836
798,704,1502,0.12485287060146825
801,706,1507,0.12486875956293872
802,707,1509,0.12487790909068515
802,716,1518,0.12488570027409913
800,712,1512,0.12489291666351608
803,722,1525,0.1249045113688025
809,721,1530,0.12490719944641894
801,719,1520,0.12489637100480536
804,708,1512,0.12490500320001637
807,719,1526,0.12490705844780856
805,720,1525,0.12490121375384962
809,717,1526,0.12490146784992319
794,717,1511,0.12489213686865014
793,716,1509,0.12491832245357015
795,711,1506,0.1249447863128388
795,706,1501,0.12496681290058273
794,709,1503,0.1249884155497313
798,706,1504,0.12501028786744248
799,714,1513,0.1250195453583796
802,718,1520,0.1250261583898305
796,712,1508,0.12502632381031145
796,719,1515,0.12504058130504492
803,715,1518,0.12505441352372504
792,713,1505,0.12505225001148795
788,711,1499,0.1250751597385382
775,715,1490,0.12510540379311064
776,715,1491,0.1251625860921746
778,700,1478,0.12521305411659675
777,704,1481,0.1252562991329086
789,699,1488,0.1252983857506894
773,700,1473,0.1253094622771072
771,703,1474,0.1253549209366177
768,705,1473,0.12540212971423415
769,709,1478,0.12545090653136023
775,696,1471,0.12549076827915598
781,704,1485,0.12551355707791634
789,694,1483,0.1255212000172193
798,699,1497,0.1255069810254579
797,701,1498,0.1254752173148255
803,703,1506,0.12544899184060537
800,706,1506,0.12540916725505136
786,716,1502,0.1253818111224398
792,715,1507,0.12538936932070846
795,716,1511,0.1253839599995947
802,716,1518,0.1253723997844245
797,715,1512,0.12534624969926716
796,705,1501,0.12533365473891384
786,703,1489,0.12532422586725708
789,703,1492,0.1253382864236795
790,710,1500,0.12534539254605165
790,712,1502,0.1253512601756319
782,710,1492,0.12535779181002973
776,712,1488,0.1253827620437464
773,709,1482,0.12541921869389097
772,710,1482,0.12545835707409622
788,715,1503,0.12549411512954892
780,703,1483,0.12549008372984546
784,714,1498,0.1255047589871337
782,715,1497,0.1255080055418279
784,715,1499,0.12551543776699428
783,723,1506,0.12551815842225206
786,711,1497,0.12552252469134692
792,706,1498,0.1255206656558419
787,705,1492,0.12550520345379326
789,707,1496,0.1255048284438839
792,710,1502,0.1255005790330234
790,715,1505,0.12548729346501947
790,719,1509,0.12548060056056887
800,713,1513,0.12547411093371555
793,712,1505,0.12544607295037366
788,710,1498,0.12543657617996018
782,706,1488,0.1254394364827388
776,706,1482,0.125455800052837
778,718,1496,0.12548629264292285
774,709,1483,0.12551166820282786
774,719,1493,0.12554311565476298
786,726,1512,0.12557367784404072
792,721,1513,0.1255748156046902
790,727,1517,0.12556285843838208
783,721,1504,0.12555769437183112
783,725,1508,0.12556947474893845
775,732,1507,0.1255810936858611
776,735,1511,0.12561155572186308
781,736,1517,0.1256370720715705
777,734,1511,0.125649086850333
780,730,1510,0.12566971858286208
788,734,1522,0.12567994928001158
780,741,1521,0.12567392677939127
773,735,1508,0.12568738383193104
775,736,1511,0.12571683627128816
778,717,1495,0.12573941851848475
780,709,1489,0.1257533669092216
781,708,1489,0.12576165879146203
780,721,1501,0.12576653326163137
777,728,1505,0.1257739383740517
779,729,1508,0.12578701115625832
777,737,1514,0.12579142577559657
787,731,1518,0.12579818011139568
784,733,1517,0.12578325032286714
776,730,1506,0.12577608462292886
782,730,1512,0.1257876326482781
779,728,1507,0.12578611414069127
788,725,1513,0.1257900869385975
787,720,1507,0.12577487661618902
788,709,1497,0.12576550524688135
792,723,1515,0.12575246896523617
783,720,1503,0.12573176815351864
787,724,1511,0.12573354421601932
789,726,1515,0.12572707803313057
781,722,1503,0.1257152200694311
783,726,1509,0.12572187720021863
775,730,1505,0.12572195008466916
784,728,1512,0.1257410160897496
785,726,1511,0.1257380038880038
793,729,1522,0.1257310645533367
783,725,1508,0.12570693738363944
784,723,1507,0.1257072028856656
783,721,1504,0.12570398161350874
793,720,1513,0.1257028552803021
792,716,1508,0.12567998293623542
792,721,1513,0.12566294959831356
784,717,1501,0.12564686322068838
791,710,1501,0.12565064063606904
787,709,1496,0.12563585091862767
774,716,1490,0.12563090968020496
772,711,1483,0.125655272047131
769,716,1485,0.12568233168626886
785,718,1503,0.1257155584141336
787,714,1501,0.125709243395058
784,715,1499,0.12569861746155664
788,710,1498,0.1256961532600975
789,714,1503,0.12568329927076535
791,716,1507,0.12566946035478302
789,732,1521,0.1256524827015782
785,719,1504,0.12564167663868853
793,717,1510,0.1256417078556552
781,720,1501,0.1256231873218589
782,712,1494,0.12563335887911264
780,714,1494,0.12564176747785208
781,730,1511,0.12565324632205022
768,727,1495,0.1256616891727372
768,726,1494,0.12569935611962527
761,729,1490,0.1257357012781182
760,733,1493,0.1257860007608401
767,732,1499,0.12583190760939003
772,738,1510,0.12585840082101293
784,728,1512,0.12587427892796502
780,731,1511,0.1258626276778269
776,742,1518,0.12586167438576815
769,742,1511,0.125870136045207
764,728,1492,0.1258945238778805
763,734,1497,0.12592805597355325
773,728,1501,0.12596295437709212
773,731,1504,0.1259710052972201
770,733,1503,0.12597732717549615
779,737,1516,0.12598987052237376
778,738,1516,0.1259808303454549
779,740,1519,0.12597512086934778
774,743,1517,0.1259683561534581
773,744,1517,0.12597325959454525
777,750,1527,0.1259815663153448
760,749,1509,0.1259797323022019
757,740,1497,0.1260177210608532
761,734,1495,0.12605914015823244
754,740,1494,0.12608845449822365
764,741,1505,0.12613171153272704
763,750,1513,0.1261496024503656
761,740,1501,0.1261673701864375
766,746,1512,0.1261880352287406
765,745,1510,0.12619655585252898
762,741,1503,0.12620783411865646
766,747,1513,0.12622523980254385
764,742,1506,0.126233075549095
762,749,1511,0.1262440339191841
769,747,1516,0.12626075309003956
777,745,1522,0.1262612646286899
767,743,1510,0.126243770963385
761,740,1501,0.12625000996234284
759,747,1506,0.12626913085074626
748,746,1494,0.12629153045977431
749,742,1491,0.12633891340471462
745,744,1489,0.1263804112206358
749,741,1490,0.12642698383893547
755,742,1497,0.1264595594141421
751,735,1486,0.12647660502534547
766,732,1498,0.12650166358470522
774,738,1512,0.12648889989067488
768,734,1502,0.12645781243596205
759,737,1496,0.126443744683875
773,740,1513,0.12644894183108002
762,738,1500,0.12642401001766468
766,736,1502,0.1264274157773329
761,745,1506,0.1264212625084917
765,748,1513,0.1264291372612868
758,747,1505,0.12642859388300082
766,747,1513,0.12644353600459698
759,753,1512,0.12644054641108185
758,750,1508,0.12645333591523716
753,753,1506,0.12646573714176848
760,746,1506,0.12648888389449206
764,753,1517,0.12649561900033485
760,753,1513,0.12649440331864809
756,760,1516,0.12650134992986523
762,761,1523,0.12651603733841155
757,754,1511,0.12651651568609062
751,756,1507,0.12652896113466797
748,757,1505,0.12655354091071253
748,760,1508,0.1265835194684149
730,756,1486,0.1266106105527515
736,750,1486,0.12667721062622256
735,752,1487,0.12672563138622478
735,761,1496,0.12677291476914587
738,759,1497,0.12681714858551946
729,760,1489,0.12685091343607152
731,756,1487,0.12690122202264187
737,766,1503,0.12694355697914217
741,773,1514,0.1269706875815828
741,772,1513,0.12698586877047868
737,777,1514,0.12700045290525444
734,786,1520,0.12702404495963177
732,782,1514,0.12705447884032403
728,774,1502,0.12708838456220412
734,769,1503,0.12712782321510954
736,778,1514,0.12715071021851163
739,781,1520,0.1271690723342441
725,780,1505,0.12717839968428607
716,785,1501,0.12721952542899312
722,779,1501,0.1272769836621536
723,775,1498,0.12731832166424917
730,781,1511,0.1273554975162817
722,791,1513,0.12737414184175613
729,790,1519,0.1274104946753617
730,774,1504,0.12742854424496433
729,773,1502,0.1274438953329627
726,770,1496,0.12745880912496507
731,778,1509,0.12747936130696716
727,774,1501,0.12748590060743026
725,782,1507,0.12750083324198255
714,784,1498,0.12752183027962588
720,787,1507,0.12756697510859835
714,783,1497,0.1275956518051085
716,789,1505,0.12763673817638366
720,797,1517,0.12767122232140588
726,797,1523,0.1276941680443738
723,791,1514,0.12770162615435982
725,793,1518,0.1277149292024938
718,798,1516,0.12772187571643057
713,787,1500,0.12774297916755123
702,790,1492,0.1277740254703615
716,790,1506,0.12782844691349776
715,782,1497,0.1278465693715629
716,790,1506,0.12786602365546726
706,791,1497,0.12788323061194512
710,796,1506,0.1279214132125291
705,793,1498,0.12794833163859898
705,795,1500,0.12798510050692444
706,797,1503,0.12801994485010662
703,802,1505,0.12804992674972607
706,805,1511,0.12808119226906942
706,812,1518,0.12810313953163707
714,801,1515,0.12812441174317063
708,798,1506,0.1281245800848188
701,784,1485,0.12813935798453036
709,780,1489,0.12816742284893284
708,782,1490,0.12817570100596828
714,781,1495,0.12818540983021073
720,793,1513,0.12818090644389094
709,793,1502,0.12816429794586834
704,798,1502,0.12817375230593173
711,791,1502,0.12819350029468868
700,791,1491,0.12819658927912664
706,783,1489,0.12822454014284532
703,789,1492,0.128239133929457
699,796,1495,0.1282615517752097
693,798,1491,0.12829268121934892
688,796,1484,0.12833280804568312
684,811,1495,0.12838255032535634
682,810,1492,0.12843912480347802
680,809,1489,0.128494525774702
684,809,1493,0.12855198294839307
681,809,1490,0.12859638969825082
679,809,1488,0.1286430278672607
674,809,1483,0.1286898251834961
678,808,1486,0.128745081855862
692,811,1503,0.12878650555189292
689,826,1515,0.12879462264569239
694,816,1510,0.12880897924150878
691,819,1510,0.1288107240866883
682,814,1496,0.12882016799768414
688,815,1503,0.12884972207872328
686,824,1510,0.12886297511582206
687,816,1503,0.1288785104506973
686,817,1503,0.12889271697463914
683,814,1497,0.12890719126711642
686,820,1506,0.12892858894769132
687,824,1511,0.12893996532503293
682,816,1498,0.12894842222289135
691,827,1518,0.12896637081805162
685,824,1509,0.12896357245797657
691,817,1508,0.12897617111614998
689,821,1510,0.12897468046364627
689,819,1508,0.12897773806723595
690,821,1511,0.12897960160416522
683,819,1502,0.12897884058630713
686,816,1502,0.12899367942129605
686,815,1501,0.12900082473307176
686,816,1502,0.12900535607669047
686,814,1500,0.12901030618697903
695,821,1516,0.12901698489217164
687,819,1506,0.12900237256558206
679,820,1499,0.12900630326345772
681,828,1509,0.1290286451737474
684,829,1513,0.1290445932192664
678,832,1510,0.12905322607970374
684,839,1523,0.12907696431385507
683,836,1519,0.12908374707621653
688,834,1522,0.12909394238437213
693,829,1522,0.12909163335721568
688,828,1516,0.12907903114983157
689,816,1505,0.12907788697827574
680,804,1484,0.12907499055981572
686,805,1491,0.1290928581527284
686,805,1491,0.1290967034811772
686,795,1481,0.1291016052087212
680,812,1492,0.1291056270510606
673,808,1481,0.12912152978410027
682,805,1487,0.12915285570283275
687,812,1499,0.1291602546493185
691,806,1497,0.12915264351235206
694,805,1499,0.1291338901573943
691,813,1504,0.12910908501377372
685,821,1506,0.12909583848410142
685,822,1507,0.12909860440522608
676,822,1498,0.12909811387729322
668,818,1486,0.1291197886598471
664,819,1483,0.1291601787823205
672,821,1493,0.1292067502805585
671,828,1499,0.12923224381403717
689,828,1517,0.1292579720672329
698,819,1517,0.12923898807888265
685,815,1500,0.12920075330402747
681,823,1504,0.12919470789610243
677,834,1511,0.12920005999281037
676,819,1495,0.12921472800216147
676,816,1492,0.12922988503185087
676,830,1506,0.12924484086377036
679,830,1509,0.1292606833377412
681,834,1515,0.1292685737380807
684,827,1511,0.12927009765252032
688,824,1512,0.1292636729722911
682,826,1508,0.1292490113003499
687,824,1511,0.1292493188604056
692,826,1518,0.12923839481971056
685,827,1512,0.12921638830467652
684,826,1510,0.12921237567276767
681,815,1496,0.12921056052622007
682,824,1506,0.12921617296685017
686,822,1508,0.12921899712111634
682,823,1505,0.12921295894134466
677,819,1496,0.12921674694856705
676,827,1503,0.12923050786010815
671,833,1504,0.12924594222723682
671,833,1504,0.12927259932840754
683,834,1517,0.12929684306503605
683,835,1518,0.1292910000298352
684,831,1515,0.12928702380513102
686,836,1522,0.1292811320227897
684,831,1515,0.1292730470301607
678,830,1508,0.12927001479572478
671,822,1493,0.12928182057786342
672,830,1502,0.129310126219789
679,834,1513,0.12933579966865388
675,840,1515,0.12934372005441203
674,843,1517,0.1293604472336229
674,847,1521,0.12937623719017913
675,847,1522,0.12939206030613523
670,845,1515,0.12940603631922898
674,851,1525,0.12942857504129088
678,844,1522,0.12944338388721202
675,844,1519,0.12944893974942395
679,844,1523,0.1294593418446938
673,842,1515,0.12945887126495836
669,843,1512,0.12946979292718536
663,852,1515,0.12948916295517374
671,847,1518,0.12952226568571748
663,848,1511,0.12953654665928496
664,841,1505,0.12956889544784514
669,847,1516,0.12959712739782503
659,852,1511,0.1296105328716274
668,846,1514,0.12964655266350678
672,854,1526,0.1296598831337687
663,850,1513,0.1296633148074295
660,837,1497,0.1296870246292072
665,845,1510,0.12971490485249484
676,840,1516,0.1297287129626093
669,839,1508,0.1297145700616928
665,846,1511,0.12971645181715177
675,848,1523,0.12972817103067505
676,852,1528,0.12971840289653236
673,851,1524,0.12970713113371415
658,835,1493,0.12970526119865075
661,838,1499,0.12973875801445423
662,856,1518,0.12976168413510872
659,847,1506,0.1297826871087111
657,848,1505,0.1298098021188826
656,842,1498,0.1298379257498204
660,856,1516,0.129866084891792
661,854,1515,0.12988397622841397
661,859,1520,0.1299000406449777
664,858,1522,0.12991518025932852
657,858,1515,0.12992101283127272
642,851,1493,0.12994418158032883
646,856,1502,0.12999740656104586
649,860,1509,0.13003839521782928
648,862,1510,0.13006889863270157
652,854,1506,0.13010191547182112
651,862,1513,0.13012276283734822
654,857,1511,0.13014219809439706
647,853,1500,0.1301542126431832
655,850,1505,0.1301812457821121
652,859,1511,0.13018885971012154
647,863,1510,0.1302035634795718
644,849,1493,0.13022700300691115
650,852,1502,0.13025434170391567
649,853,1502,0.13026619815306237
654,856,1510,0.13027858928584035
660,858,1518,0.13027850536120827
660,848,1508,0.13026176136981527
660,851,1511,0.1302475480737451
653,851,1504,0.13023234002649267
655,855,1510,0.13023492460927055
653,853,1506,0.13023264601420376
658,847,1505,0.13023618673883358
658,848,1506,0.13022826884042935
655,857,1512,0.1302191416494001
650,850,1500,0.1302182311079601
657,852,1509,0.1302279168166709
659,850,1509,0.13022013383385414
663,848,1511,0.13020921553329687
659,847,1506,0.13018948782658218
648,844,1492,0.13017999950361475
660,855,1515,0.1301967393228338
661,850,1511,0.130184883654799
653,856,1509,0.130173376143825
658,853,1511,0.13018159201694907
651,854,1505,0.13017799433223287
647,847,1494,0.13019094171606949
654,847,1501,0.13021069511757907
652,852,1504,0.13021524628093192
650,869,1519,0.1302260734854038
647,873,1520,0.13024089009781628
648,871,1519,0.13026248856166134
653,866,1519,0.130280726253945
646,865,1511,0.13028586186975472
647,871,1518,0.13030674213915824
644,865,1509,0.13032410700466332
642,871,1513,0.130346287984285
654,861,1515,0.1303727247955379
642,859,1501,0.1303703770808812
650,853,1503,0.13039580736595366
657,857,1514,0.13040114002579004
647,865,1512,0.1303896679670489
644,867,1511,0.1303985123975172
651,872,1523,0.13041526129111175
645,875,1520,0.13041454569341832
641,881,1522,0.1304268245681735
639,871,1510,0.1304489965167652
641,872,1513,0.1304764374832728
640,862,1502,0.13049534591641615
636,865,1501,0.1305159294676665
647,856,1503,0.13054294772448227
634,872,1506,0.13054381779558644
627,866,1493,0.13057453574442365
631,863,1494,0.1306201484205783
635,872,1507,0.1306540987608446
630,878,1508,0.1306756222557213
626,870,1496,0.13070650958027905
621,856,1477,0.13074309558834205
626,872,1498,0.13078923927093805
622,879,1501,0.13082099771121566
615,879,1494,0.13086024234311008
628,878,1506,0.13091302487071246
615,879,1494,0.13093100945720687
620,875,1495,0.1309789027927749
625,877,1502,0.13101155564568387
625,877,1502,0.13103238164256045
634,881,1515,0.13105035724723493
641,885,1526,0.13104686940090274
643,875,1518,0.13102733766402838
640,879,1519,0.13100581460256186
644,882,1526,0.13099412830898263
636,871,1507,0.13097487794988846
629,864,1493,0.13097248409074785
620,860,1480,0.13098696760094908
627,879,1506,0.13102197985655356
635,881,1516,0.13103950391000305
639,889,1528,0.13103898828982988
635,886,1521,0.13102883089094988
628,891,1519,0.13102983820716702
627,876,1503,0.13104752342883147
621,884,1505,0.13106556064779795
621,874,1495,0.13109679093303486
631,885,1516,0.13112578201470748
617,892,1509,0.1311309270241833
619,894,1513,0.13116658190883693
615,902,1517,0.1311967338102745
617,885,1502,0.1312344346341299
616,885,1501,0.1312656189521232
612,885,1497,0.13129624412036756
620,890,1510,0.13133214157644413
622,887,1509,0.1313466620261772
614,874,1488,0.1313552145430169
620,892,1512,0.13138149828791743
618,890,1508,0.13139284033709153
620,881,1501,0.13140733190944032
623,871,1494,0.13141593571285015
622,876,1498,0.13141828290703692
625,885,1510,0.1314215931994952
615,891,1506,0.1314192130989222
620,895,1515,0.13144103436199323
613,905,1518,0.13144976939324543
611,903,1514,0.13147468630702439
609,895,1504,0.13150398055992132
611,898,1509,0.13153400270627616
607,899,1506,0.1315604381719127
607,892,1499,0.13159210177616087
602,889,1491,0.1316218676356653
601,891,1492,0.1316606935614247
603,905,1508,0.13170023046919294
605,897,1502,0.13173247967334453
593,904,1497,0.1317564747253727
591,913,1504,0.1318065682512993
587,908,1495,0.13186017059810898
599,912,1511,0.13191909669420138
596,909,1505,0.13194699126368442
598,915,1513,0.13198070831355754
602,924,1526,0.13200552771705687
602,923,1525,0.1320204414709426
595,924,1519,0.1320340205105724
589,923,1512,0.13206437119671277
593,921,1514,0.1321050699018571
587,919,1506,0.13213629531072357
589,918,1507,0.13217716164568974
586,916,1502,0.13221094197699967
591,921,1512,0.13224917097090821
596,920,1516,0.13227245771642115
594,920,1514,0.13228284552078054
601,910,1511,0.1322970054098972
593,912,1505,0.1322932173584382
590,908,1498,0.13230983213277958
587,905,1492,0.13233194635371254
587,911,1498,0.13235883516546434
597,909,1506,0.1323842823936622
591,914,1505,0.13238535615946645
596,912,1508,0.13240069324646545
597,911,1508,0.1324030759368239
598,920,1518,0.1324043426915675
585,925,1510,0.13240259180640468
588,923,1511,0.1324316911306485
581,926,1507,0.1324508440802096
573,930,1503,0.13248571052487704
581,924,1505,0.1325377939455078
584,928,1512,0.13256646283244142
589,924,1513,0.13258558601419632
589,911,1500,0.1325924433674497
581,922,1503,0.13260056358494426
579,923,1502,0.1326256510015184
576,925,1501,0.1326535277778387
574,927,1501,0.13268703442210214
574,916,1490,0.13272371214366482
577,914,1491,0.1327597472632579
570,916,1486,0.13278688576463235
568,921,1489,0.13282728367147897
564,921,1485,0.1328688570376223
571,921,1492,0.13291816792097363
573,914,1487,0.13294642350801103
565,934,1499,0.13296931406107299
573,927,1500,0.13300716019959924
575,934,1509,0.13302534959287407
568,931,1499,0.13303393379087614
562,923,1485,0.1330591441663379
572,945,1517,0.13309467145489884
571,948,1519,0.13310765643869057
574,949,1523,0.13312195133288918
572,937,1509,0.13312738912076078
577,927,1504,0.1331368890448004
574,925,1499,0.13313504419795097
577,931,1508,0.13314021008226234
575,939,1514,0.13313908132769695
573,932,1505,0.13314159273435527
574,945,1519,0.1331491194812601
563,949,1512,0.13315459100661756
565,951,1516,0.13318635180883423
568,951,1519,0.13321251856779628
560,953,1513,0.1332305050845009
563,950,1513,0.13326521182293094
555,954,1509,0.1332911980352532
558,956,1514,0.13333407365702846
561,954,1515,0.1333661885879084
553,966,1519,0.13338837859695588
558,972,1530,0.13342815479459055
552,958,1510,0.13345499027396307
554,957,1511,0.1334938629554438
548,958,1506,0.13352609551971045
534,958,1492,0.1335700108718809
542,957,1499,0.13364283769546303
551,958,1509,0.13369138612755183
547,958,1505,0.13371486203130278
535,962,1497,0.1337460669509065
549,964,1513,0.13380274464240183
548,961,1509,0.1338227686643535
551,965,1516,0.13384480602035045
546,959,1505,0.13385889570291593
555,962,1517,0.13388291184375017
556,956,1512,0.1338843444407297
564,947,1511,0.13388425581771612
547,943,1490,0.13386603886141848
551,951,1502,0.13388888171305066
548,947,1495,0.1339028246818378
544,952,1496,0.13392223441189713
538,953,1491,0.1339497335242693
535,951,1486,0.13398797800154486
537,962,1499,0.13403039720552753
540,965,1505,0.1340649638187665
531,970,1501,0.13409016411115504
535,966,1501,0.13413556488722925
540,970,1510,0.1341683963613616
545,975,1520,0.13418801627873791
544,968,1512,0.13419566745425204
550,979,1529,0.13420583696706576
544,966,1510,0.13420097089788247
545,968,1513,0.134210239842239
539,975,1514,0.13421574961902066
539,971,1510,0.13423233940517285
538,960,1498,0.13424918504960462
535,964,1499,0.13426677386428776
537,965,1502,0.13428818229825784
535,965,1500,0.13430501449532486
547,976,1523,0.13432398923958505
548,966,1514,0.13431381247371318
547,967,1514,0.1343018274808924
543,966,1509,0.1342944287421692
541,971,1512,0.13429839515885433
535,976,1511,0.1343068357445216
538,963,1501,0.1343286539412194
538,956,1494,0.13434024161652797
540,961,1501,0.13435259143338527
535,966,1501,0.13435863091280129
530,960,1490,0.13437552952786647
531,959,1490,0.1344037428442899
532,960,1492,0.13442685453972802
525,974,1499,0.13444894909321622
520,979,1499,0.13448310371535588
525,981,1506,0.13452604708645186
523,964,1487,0.13455559763094396
527,956,1483,0.1345884199987103
517,974,1491,0.13461081417382875
519,974,1493,0.1346520584463494
522,983,1505,0.13468614057308212
525,982,1507,0.1347112403699403
523,985,1508,0.1347265220350636
530,983,1513,0.13474453513648352
525,988,1513,0.13474512174006653
528,989,1517,0.1347574124772253
530,987,1517,0.13476200490817702
530,974,1504,0.13476077593598884
529,962,1491,0.13476036968295374
524,965,1489,0.13476209496546457
530,962,1492,0.13477603737493973
533,972,1505,0.1347764490757603
532,977,1509,0.13476848205552636
531,971,1502,0.13476260305159599
534,985,1519,0.13475980356166095
530,977,1507,0.13475211117297628
520,980,1500,0.13475519554005136
511,977,1488,0.13478055173360418
517,981,1498,0.13482301934392654
511,972,1483,0.13485102902228363
520,974,1494,0.13488982122863075
522,974,1496,0.13490620304225368
517,990,1507,0.1349162133554318
519,980,1499,0.13493789734478528
519,978,1497,0.13495275207595187
517,965,1482,0.1349684159117594
514,977,1491,0.1349876811033278
519,983,1502,0.13501172055603106
527,980,1507,0.13502179067721903
523,993,1516,0.13501226924382334
525,989,1514,0.13501291214042824
523,976,1499,0.1350079818014587
522,982,1504,0.13500954006949978
514,987,1501,0.135013455226052
510,995,1505,0.13503530317173912
525,995,1520,0.13506537267476415
524,990,1514,0.13505858344961597
526,993,1519,0.13505312522876836
529,985,1514,0.1350434058230405
534,977,1511,0.1350281372485185
531,984,1515,0.13500061556356388
535,981,1516,0.13498216838109847
533,985,1518,0.13495538757563935
536,988,1524,0.13493221469613365
533,983,1516,0.1349031198220011
527,987,1514,0.13488429867355456
519,986,1505,0.13488255504444324
520,991,1511,0.13489979290931206
509,992,1501,0.13491553786979918
515,986,1501,0.13495401886269226
519,984,1503,0.13497647947209285
515,982,1497,0.13498715360238606
514,988,1502,0.13500705429308804
513,991,1504,0.13502907711748954
516,986,1502,0.13505386419146403
513,990,1503,0.135070071420116
518,992,1510,0.1350923899559543
521,998,1519,0.13510237976398606
514,999,1513,0.13510376562799656
512,1003,1515,0.13512245691413635
506,997,1503,0.13514330467030689
506,975,1481,0.13517685247844988
507,985,1492,0.1352076626388045
511,983,1494,0.13523330688785948
514,992,1506,0.13524888380064382
508,987,1495,0.1352549465154539
503,991,1494,0.13527483225943976
507,998,1505,0.13530562437663818
511,991,1502,0.13532582601073084
516,987,1503,0.13533431149384945
516,996,1512,0.13533036036215307
517,994,1511,0.13532684526446018
509,1001,1510,0.13532244102223573
506,1003,1509,0.1353382975162973
506,1005,1511,0.13536063034991477
513,1000,1513,0.13538086948480005
517,1003,1520,0.13538401635018277
519,1005,1524,0.1353791639441584
518,995,1513,0.135369212072095
515,990,1505,0.1353598545893991
515,994,1509,0.1353591765514604
509,992,1501,0.13535874105991566
513,989,1502,0.1353722903879778
513,991,1504,0.1353768340234291
514,995,1509,0.13538124250807987
516,991,1507,0.13538197620829004
505,991,1496,0.13537854396934265
508,1000,1508,0.1354015469988931
503,1007,1510,0.13541690955998797
508,1011,1519,0.1354432763538628
513,1015,1528,0.1354575028901034
510,1000,1510,0.1354591476005603
509,1005,1514,0.13546653252920368
514,1002,1516,0.13547193460231063
506,1000,1506,0.1354666537926921
505,1003,1508,0.13548126442949893
503,1005,1508,0.13549698519567638
496,1004,1500,0.13551546961752212
495,1003,1498,0.13554983390877923
496,995,1491,0.13558610606012791
491,1011,1502,0.13561727318859249
493,1010,1503,0.13565751177153754
492,1013,1505,0.13569183963066803
499,1012,1511,0.13572567222010573
499,1009,1508,0.1357416119089608
504,1013,1517,0.1357555738505559
498,1014,1512,0.13575737302231508
498,1006,1504,0.1357735316711796
494,1012,1506,0.13578940115360394
490,1018,1508,0.1358138577385505
494,1022,1516,0.13584653589985035
494,1029,1523,0.1358690317287781
500,1030,1530,0.13588916283879585
495,1028,1523,0.13589475625839267
493,1023,1516,0.1359128082122879
488,1032,1520,0.1359335645898954
483,1027,1510,0.13596373914524224
487,1025,1512,0.13600434501292447
491,1018,1509,0.13603246623529106
490,1026,1516,0.13604921618970267
488,1028,1516,0.1360683485275645
483,1028,1511,0.13609169052411152
478,1041,1519,0.1361239897509754
476,1043,1519,0.1361662836573964
465,1045,1510,0.13621055475399568
468,1038,1506,0.13627615556401296
465,1027,1492,0.13632966056629847
463,1048,1511,0.1363859740302406
470,1044,1514,0.13644255860250895
467,1047,1514,0.13648039028998685
461,1047,1508,0.1365218003631859
461,1047,1508,0.13657564970109282
468,1044,1512,0.13662475734467397
473,1047,1520,0.13665231780288073
466,1047,1513,0.13666686112003945
460,1050,1510,0.13669585497651857
460,1036,1496,0.13673720492485975
455,1031,1486,0.13677533449816823
454,1042,1496,0.1368223524729059
461,1048,1509,0.1368681766096996
465,1054,1519,0.1368942930258806
465,1054,1519,0.1369088782446495
462,1048,1510,0.1369238366299126
462,1051,1513,0.13694284176527846
462,1053,1515,0.13696193587619512
464,1056,1520,0.1369805593726063
463,1065,1528,0.13699463323501987
458,1058,1516,0.13701046050209278
461,1059,1520,0.1370380268752394
454,1059,1513,0.13705739199722305
462,1051,1513,0.13709054706130971
465,1042,1507,0.13710323706437896
456,1044,1500,0.13710757677473207
459,1042,1501,0.13713327396682168
461,1050,1511,0.1371489338628542
456,1047,1503,0.13715715689475994
454,1062,1516,0.13717626638046565
458,1062,1520,0.13719844499717537
454,1067,1521,0.1372111606346347
451,1058,1509,0.137232216028336
451,1054,1505,0.13725902904183848
446,1061,1507,0.13728321341591804
447,1069,1516,0.13731878524535962
448,1061,1509,0.1373487046387806
447,1058,1505,0.13737201601899726
440,1056,1496,0.1373963165041397
442,1056,1498,0.1374340746405616
449,1045,1494,0.13746576924731901
456,1057,1513,0.13747886847867427
459,1044,1503,0.13747581820519794
447,1062,1509,0.13746663688168856
452,1053,1505,0.1374853485771086
449,1053,1502,0.1374924167229169
449,1053,1502,0.1375059709809495
446,1054,1500,0.13751735302435497
447,1059,1506,0.13753597145089988
445,1066,1511,0.13755113066374455
447,1068,1515,0.13756877878254756
445,1063,1508,0.13757963514288865
441,1060,1501,0.13759609794538386
439,1065,1504,0.13762141634508473
439,1059,1498,0.13764920814289167
440,1063,1503,0.13767548432665752
440,1061,1501,0.13769697197194186
442,1069,1511,0.13771726423389627
441,1071,1512,0.13773162922423482
440,1073,1513,0.13774705068379314
437,1077,1514,0.13776359058752335
432,1081,1513,0.13778652180593542
432,1079,1511,0.1378192950774435
433,1075,1508,0.13785066669698046
437,1073,1510,0.13787733822975642
437,1075,1512,0.13789370201922246
432,1084,1516,0.13790799770908366
429,1082,1511,0.1379326391072486
427,1080,1507,0.13796221750343646
431,1076,1507,0.1379916978978476
429,1071,1500,0.13801012718628955
437,1069,1506,0.13803271034141137
433,1072,1505,0.138034364377586
434,1070,1504,0.13804634229830465
439,1069,1508,0.13805397930536775
437,1075,1512,0.1380479088937874
425,1071,1496,0.13804848873034067
417,1081,1498,0.13807744581469134
413,1089,1502,0.13812446799318082
413,1082,1495,0.13817649541759344
412,1089,1501,0.13822271530874086
411,1084,1495,0.13826921497473552
417,1080,1497,0.13831399180854928
417,1077,1494,0.13834007951950078
413,1081,1494,0.13836342034459098
413,1084,1497,0.13839247807022248
417,1098,1515,0.1384196863828805
419,1094,1513,0.13843774739432096
420,1109,1529,0.13845130617925938
411,1100,1511,0.13846267052945788
416,1090,1506,0.1384949584489144
413,1075,1488,0.13851293258401648
410,1085,1495,0.13853696614870298
420,1081,1501,0.13856725400223285
417,1092,1509,0.1385727096596768
414,1098,1512,0.1385854175157258
414,1098,1512,0.1386033494839016
414,1100,1514,0.13862211780375158
411,1104,1515,0.13863902992208635
406,1108,1514,0.1386613489072989
391,1099,1490,0.13869293503719826
396,1106,1502,0.13875700120556422
409,1116,1525,0.1388062403302381
411,1106,1517,0.13882119471979804
408,1094,1502,0.1388316178868729
403,1103,1506,0.13884828068958835
402,1097,1499,0.13887493434887344
413,1092,1505,0.1389012421098318
416,1089,1505,0.13890081873028984
423,1089,1512,0.13889400573734612
424,1098,1522,0.1388697524137552
418,1095,1513,0.13884313691445502
412,1093,1505,0.1388338719418253
415,1084,1499,0.1388392506361368
416,1096,1512,0.1388384981855064
411,1091,1502,0.1388347592094103
410,1084,1494,0.13884182833537057
416,1078,1494,0.13885206460100488
413,1095,1508,0.13884803117170919
414,1099,1513,0.1388531429870872
415,1099,1514,0.13885604016877348
417,1102,1519,0.13885703258130946
417,1090,1507,0.13885239373020355
413,1078,1491,0.13884638854166106
411,1088,1499,0.13885015301255194
403,1101,1504,0.13885747562488626
412,1095,1507,0.13888353369097708
413,1106,1519,0.13888749717261284
415,1098,1513,0.13888970438329445
417,1094,1511,0.13888777511732606
417,1087,1504,0.13888139236174746
419,1107,1526,0.13887677015476188
411,1098,1509,0.13886895341866728
414,1098,1512,0.13888094636257647
418,1101,1519,0.13888475201830996
423,1096,1519,0.1388797303792781
417,1091,1508,0.13886272867011126
416,1096,1512,0.1388575585052608
412,1096,1508,0.1388556929331983
419,1095,1514,0.13886374552072264
421,1087,1508,0.1388550609344436
413,1091,1504,0.13884151118790877
422,1097,1519,0.1388436115281922
416,1088,1504,0.13882422052473756
418,1104,1522,0.1388214686475058
413,1088,1501,0.13881655241685562
420,1092,1512,0.13882431414975907
414,1090,1504,0.13881563676337685
415,1092,1507,0.13882060236517407
422,1087,1509,0.13882389190372466
420,1093,1513,0.13881042310781974
420,1088,1508,0.13880317251522734
419,1090,1509,0.13879840859917458
417,1099,1516,0.1387961330526908
417,1104,1521,0.13879876870619634
409,1097,1506,0.13880143321433402
409,1106,1515,0.13881935971542386
407,1108,1515,0.1388366757341667
406,1111,1517,0.13885724423143855
409,1107,1516,0.13887967641689636
404,1102,1506,0.1388918710139032
404,1100,1504,0.13891507588952592
404,1092,1496,0.1389361041815046
407,1093,1500,0.138956546010787
403,1105,1508,0.1389668484762213
406,1107,1513,0.13898574158479307
400,1099,1499,0.13899614944409375
405,1103,1508,0.1390207404264529
410,1106,1516,0.13903032170873542
414,1114,1528,0.13902779414944674
412,1105,1517,0.13901675384535017
408,1108,1516,0.13901061367929632
405,1107,1512,0.13901554095939583
403,1098,1501,0.1390284856464897
400,1100,1500,0.13904314344853907
404,1106,1510,0.13906505906733024
405,1110,1515,0.13907732261650668
407,1107,1514,0.13908719760362653
405,1101,1506,0.13909296864099496
403,1098,1501,0.13910383995234027
399,1104,1503,0.1391182651100077
400,1111,1511,0.139139525365242
391,1113,1504,0.1391573823923312
394,1112,1506,0.13919467049184797
397,1113,1510,0.13922286010595455
395,1115,1510,0.13924226799295036
397,1114,1511,0.1392660645692565
387,1112,1499,0.13928348980989091
389,1121,1510,0.13932047583522006
395,1122,1517,0.13934985602619562
396,1121,1517,0.13936338164842033
397,1121,1518,0.13937321562231034
400,1110,1510,0.13938126794027572
400,1104,1504,0.13938042020584032
400,1113,1513,0.13938041360292275
394,1119,1513,0.13938218698398663
393,1113,1506,0.13939862147788523
401,1111,1512,0.1394155698544304
402,1122,1524,0.1394130730706157
400,1118,1518,0.13940911056574956
397,1126,1523,0.13941186710831285
389,1124,1513,0.13942195744800956
393,1112,1505,0.13944862367356964
389,1117,1506,0.1394629438739467
385,1129,1514,0.1394863936324885
384,1138,1522,0.13951862379591348
389,1128,1517,0.139551259052177
392,1133,1525,0.1395699618555749
386,1133,1519,0.13958088701640528
377,1126,1503,0.13960637739765921
383,1134,1517,0.13964994519068585
377,1138,1515,0.13967631432941283
375,1131,1506,0.13971577107310945
379,1131,1510,0.1397571291905646
379,1141,1520,0.13978662569130867
373,1147,1520,0.13981500914681397
377,1156,1533,0.1398558876812976
369,1146,1515,0.1398834193145437
379,1134,1513,0.13992690095965213
375,1129,1504,0.1399428182011737
367,1125,1492,0.1399677472133982
364,1137,1501,0.14000793130128952
370,1142,1512,0.14005276096961305
363,1140,1503,0.14008098746932351
362,1135,1497,0.1401222728765721
367,1139,1506,0.14016198252209033
363,1138,1501,0.14018834504603364
360,1135,1495,0.14022339422227106
364,1132,1496,0.14026111418730142
359,1136,1495,0.14028634469646822
359,1147,1506,0.14032179466205755
364,1154,1518,0.14035604515216013
364,1146,1510,0.14037566570257975
368,1148,1516,0.1403939354924552
365,1138,1503,0.14040156522189498
357,1135,1492,0.14041611337911097
352,1135,1487,0.1404490703579356
356,1142,1498,0.140490938285664
365,1149,1514,0.1405205754348599
370,1158,1528,0.14052574436192378
365,1149,1514,0.14051876680489386
363,1155,1518,0.14052433065153616
360,1155,1515,0.14053601043645564
355,1159,1514,0.140555114224516
352,1161,1513,0.1405850383857765
352,1167,1519,0.1406185128169308
342,1153,1495,0.14065041086070684
343,1153,1496,0.1407041442574788
348,1151,1499,0.14075252556819712
353,1151,1504,0.14078443149201303
358,1159,1517,0.14080077992330206
359,1151,1510,0.1408043210570631
360,1154,1514,0.14080681140950183
362,1146,1508,0.14080589586072464
360,1150,1510,0.14079971338088287
360,1145,1505,0.1407975407654398
361,1148,1509,0.14079590633538186
356,1148,1504,0.14079274702786246
355,1146,1501,0.1408010056121493
356,1158,1514,0.14081092582961652
354,1158,1512,0.14081926491936314
349,1168,1517,0.14083093481356174
346,1170,1516,0.14085309108400124
346,1159,1505,0.14088154778753365
348,1170,1518,0.1409081126187693
347,1187,1534,0.14092825942670764
350,1181,1531,0.14094830258451296
356,1169,1525,0.14096052049339958
357,1170,1527,0.14095901006032205
347,1176,1523,0.1409530038661388
347,1158,1505,0.1409721731774749
347,1152,1499,0.1409915557592382
341,1168,1509,0.14100959072397892
339,1152,1491,0.14104038335927016
345,1151,1496,0.14107456084203732
352,1157,1509,0.1410917827544544
352,1160,1512,0.14108845667904701
354,1158,1512,0.14108582553258844
341,1168,1509,0.14107619993215872
331,1168,1499,0.1410991179469313
331,1191,1522,0.14114352684454695
335,1186,1521,0.1411853205895667
330,1190,1520,0.14121649319088606
333,1175,1508,0.14125853482847453
332,1175,1507,0.14129078465573902
325,1179,1504,0.14132272176921412
324,1176,1500,0.14136934317663732
327,1187,1514,0.14141599879954175
322,1189,1511,0.1414519768450328
324,1181,1505,0.14149714095984528
323,1184,1507,0.1415356896607471
330,1190,1520,0.14157437948892876
333,1188,1521,0.14159220898189326
323,1187,1510,0.14160202226642016
318,1184,1502,0.1416358599349159
320,1191,1511,0.1416790653888783
321,1209,1530,0.14171527628511268
318,1212,1530,0.14174716012585786
316,1215,1531,0.14178463979001607
313,1207,1520,0.1418231534865622
319,1206,1525,0.14186542988476686
317,1213,1530,0.1418915641625124
314,1204,1518,0.14192128442938692
311,1201,1512,0.14195611536057867
304,1200,1504,0.1419954596290869
306,1211,1517,0.14204927723704136
294,1217,1511,0.14209568663994473
296,1213,1509,0.1421668985577523
297,1209,1506,0.1422288418172788
301,1209,1510,0.14228372962573027
299,1216,1515,0.14232559656934463
301,1206,1507,0.1423693371028167
292,1198,1490,0.1424044895431754
295,1197,1492,0.14245740377783053
300,1205,1505,0.14249797319094246
292,1201,1493,0.14252590916208435
300,1206,1506,0.14257004030876044
295,1212,1507,0.14259126350448706
293,1212,1505,0.14262306285445384
294,1216,1510,0.14265778131574383
287,1205,1492,0.14268912447282764
291,1206,1497,0.1427339332282816
298,1211,1509,0.14276685886138601
298,1227,1525,0.14278148440704422
295,1224,1519,0.1427962057798565
292,1224,1516,0.14281727907752204
292,1217,1509,0.14284490151754956
289,1216,1505,0.14287015163027522
286,1224,1510,0.14290043538452663
293,1223,1516,0.14293591747859047
293,1227,1520,0.14295325336493325
288,1226,1514,0.14296738291341535
291,1215,1506,0.14299300529904346
292,1222,1514,0.14301057751127932
294,1232,1526,0.14302599783297856
290,1229,1519,0.14303538610502456
289,1221,1510,0.14305240295033103
286,1229,1515,0.14306958552051569
288,1227,1515,0.1430928532220498
284,1232,1516,0.14311084036049182
282,1240,1522,0.14313679606760846
283,1243,1526,0.1431680046444729
278,1244,1522,0.14319616317377956
281,1237,1518,0.14323281067176835
284,1240,1524,0.14325945396248693
284,1243,1527,0.14327855709534978
277,1240,1517,0.14329584769571105
276,1225,1501,0.14332900801043763
274,1234,1508,0.14336281741485357
273,1232,1505,0.14340017664912075
274,1232,1506,0.14343788695402307
275,1226,1501,0.1434681273918558
272,1231,1503,0.14349144281150605
274,1241,1515,0.14351993711661679
275,1253,1528,0.14354188771845655
268,1247,1515,0.14356172941236328
268,1244,1512,0.14359655917655278
276,1242,1518,0.14362860488315615
274,1248,1522,0.1436388144585344
279,1253,1532,0.14365353806943937
277,1243,1520,0.14365623758777357
279,1243,1522,0.14366131446002386
278,1239,1517,0.14366171429858074
281,1242,1523,0.14366440463303323
275,1240,1515,0.14365913501355934
274,1238,1512,0.14367003693372035
274,1246,1520,0.14368104365357115
270,1245,1515,0.1436918728181456
264,1240,1504,0.14371181206125672
267,1239,1506,0.14374364410657375
276,1246,1522,0.14376643305514986
268,1250,1518,0.14376597779953879
270,1247,1517,0.14378523904257356
271,1248,1519,0.14379878690517126
272,1251,1523,0.1438085679380674
271,1254,1525,0.14381630158783792
267,1252,1519,0.14382637853070152
272,1244,1516,0.14384361290704617
274,1240,1514,0.1438480907741873
272,1243,1515,0.14384632006719764
274,1240,1514,0.14384824138556063
271,1234,1505,0.1438460114730189
263,1226,1489,0.1438525052137024
260,1232,1492,0.14387826195340597
261,1241,1502,0.1439090995462191
263,1254,1517,0.14393429524063028
262,1250,1512,0.14395263985052928
259,1248,1507,0.143972110916118
261,1234,1495,0.143997875201681
262,1237,1499,0.1440172353846344
264,1239,1503,0.14403268941670475
257,1231,1488,0.1440434535498688
260,1241,1501,0.1440697647128167
261,1249,1510,0.14408720859430652
259,1262,1521,0.1441028160292152
262,1265,1527,0.14412213604133672
259,1261,1520,0.14413388985355888
259,1259,1518,0.14415314230797693
256,1266,1522,0.1441725466574941
255,1261,1516,0.14419839799441705
255,1268,1523,0.14422476005541687
247,1279,1526,0.14424981283318705
241,1277,1518,0.14429242368468936
240,1267,1507,0.14434616995993177
239,1277,1516,0.14439959207500166
239,1269,1508,0.14445208558846628
243,1259,1502,0.14449987833334232
246,1273,1519,0.1445363669480493
246,1269,1515,0.14456126930570135
245,1279,1524,0.14458504663186628
241,1266,1507,0.14461077908314535
245,1264,1509,0.14464297810171037
242,1265,1507,0.14466270899827058
247,1258,1505,0.14468808092676205
241,1249,1490,0.14469941318247487
241,1265,1506,0.14472421844332772
243,1276,1519,0.14474656926233517
242,1277,1519,0.14476063336508552
237,1284,1521,0.14477736554591275
234,1280,1514,0.14480607650102204
233,1281,1514,0.14483977227379724
233,1290,1523,0.14487358883403284
236,1275,1511,0.14490596848867546
229,1275,1504,0.14493022237015002
229,1283,1512,0.14496845084697835
230,1275,1505,0.1450051543410117
230,1278,1508,0.1450366203579544
234,1287,1521,0.14506545922659655
231,1296,1527,0.14508246479880418
235,1292,1527,0.14510597408411885
230,1294,1524,0.14511753551766648
228,1294,1522,0.14513936818473674
222,1298,1520,0.14516351302033523
221,1306,1527,0.1452019520174491
220,1305,1525,0.14524001532004885
219,1297,1516,0.14527889532122715
214,1298,1512,0.14531716782010964
214,1298,1512,0.14536509695671074
215,1301,1516,0.14541131970614798
215,1292,1507,0.14545070829497786
218,1294,1512,0.1454879069368341
219,1301,1520,0.1455169177353298
215,1295,1510,0.14554196401493516
211,1298,1509,0.14557550168863034
212,1297,1509,0.14561506758883205
208,1299,1507,0.14565127999461633
209,1308,1517,0.1456949075211593
209,1306,1515,0.14573287561073756
205,1311,1516,0.14576748935422484
203,1313,1516,0.14580986083549902
202,1320,1522,0.1458535907238553
204,1314,1518,0.145895296812934
205,1294,1499,0.14593022209554093
204,1303,1507,0.14596239884509127
207,1298,1505,0.14599167120271722
209,1299,1508,0.14601249391348883
207,1293,1500,0.14602462482059494
211,1306,1517,0.14603945565088838
218,1301,1519,0.14604319548375372
221,1296,1517,0.1460289975334824
217,1295,1512,0.146009345748969
213,1288,1501,0.1460020284574987
211,1297,1508,0.1460060053502354
216,1288,1504,0.14601482120474255
218,1293,1511,0.14601132643055564
218,1302,1520,0.14600402473161325
218,1301,1519,0.14599723853631769
216,1299,1515,0.14599057470470483
215,1292,1507,0.14598972380654412
216,1303,1519,0.14599105058217915
213,1300,1513,0.14598862608330282
213,1296,1509,0.1459947965256472
210,1292,1502,0.14599986283243635
214,1292,1506,0.14601167921133137
211,1302,1513,0.1460134880910412
211,1302,1513,0.1460219601943902
208,1310,1518,0.1460308643438881
207,1313,1520,0.14604673266239512
207,1312,1519,0.14606466022123193
205,1301,1506,0.14608206729544856
203,1305,1508,0.14610329682850726
196,1298,1494,0.1461296357208193
196,1292,1488,0.14617089521570392
196,1293,1489,0.14620931405800672
193,1309,1502,0.1462453383853725
189,1312,1501,0.14628451926872088
187,1321,1508,0.146331276025807
188,1323,1511,0.14638046649453657
189,1323,1512,0.14642460848387884
187,1335,1522,0.1464640405157951
183,1335,1518,0.14650677485288352
179,1333,1512,0.1465553925510975
182,1343,1525,0.14660889007524014
185,1337,1522,0.14664973104791687
178,1335,1513,0.14668097302241173
179,1329,1508,0.14672731113797335
180,1339,1519,0.14676834347308584
175,1337,1512,0.14680552831312732
166,1336,1502,0.14685351717240128
166,1344,1510,0.14691890517229175
164,1338,1502,0.14697982980263918
169,1354,1523,0.14704213011599251
171,1354,1525,0.14708743673441785
166,1348,1514,0.14712426362275302
171,1346,1517,0.1471709700152765
174,1332,1506,0.14720234553773057
173,1334,1507,0.14722400341813283
170,1337,1507,0.1472474932912281
170,1326,1496,0.14727700937010327
165,1335,1500,0.14730481977744986
168,1337,1505,0.14734122516772122
168,1330,1498,0.14736888053686836
169,1343,1512,0.14739564255841386
165,1341,1506,0.14741764331108215
165,1356,1521,0.14744728793575088
163,1338,1501,0.1474744103727285
161,1343,1504,0.14750481304937518
164,1338,1502,0.14753829238265564
162,1339,1501,0.14756287733970366
163,1342,1505,0.14759083952257268
161,1354,1515,0.14761565522300843
160,1349,1509,0.14764453141872189
157,1331,1488,0.14767394972767733
155,1330,1485,0.14770887871561014
156,1349,1505,0.14774696120346878
157,1358,1515,0.1477794757833821
159,1357,1516,0.14780617748322655
160,1357,1517,0.14782735273371825
157,1366,1523,0.1478467223832536
156,1366,1522,0.14787192936540985
154,1377,1531,0.1478980799711459
150,1377,1527,0.1479272225646598
151,1368,1519,0.14796436911513106
145,1358,1503,0.1479964540813844
149,1353,1502,0.1480404103666694
148,1358,1506,0.14807137320486854
146,1366,1512,0.14810191724928845
148,1360,1508,0.14813370714984228
151,1358,1509,0.14815887572631378
143,1344,1487,0.1481747909308727
144,1362,1506,0.14820841357816986
146,1352,1498,0.1482362418356313
142,1364,1506,0.14825812312791078
144,1361,1505,0.14828828096917498
142,1371,1513,0.14830994155199784
142,1365,1507,0.1483350263004306
141,1373,1514,0.1483579152202908
140,1364,1504,0.14838209487097254
140,1375,1515,0.14840773662006432
142,1382,1524,0.14843278482330696
143,1369,1512,0.14845026244089932
140,1370,1510,0.14846368015716813
140,1373,1513,0.14848341596837944
145,1372,1517,0.1485020708827396
143,1363,1506,0.1485051257891357
143,1366,1509,0.1485129266125817
141,1372,1513,0.14852009937251506
143,1378,1521,0.14853112044330177
145,1371,1516,0.148536649484054
147,1371,1518,0.1485372444230749
147,1364,1511,0.14853449407291616
148,1352,1500,0.14853295820409543
143,1362,1505,0.1485295126794337
144,1364,1508,0.1485378835315493
144,1365,1509,0.14854252440758411
146,1367,1513,0.14854630622733794
148,1368,1516,0.14854556972101174
149,1370,1519,0.14854135166361335
139,1374,1513,0.14853497587098982
143,1368,1511,0.14855306438671254
142,1370,1512,0.14855971077093177
145,1369,1514,0.14856766757336032
144,1364,1508,0.14856922608539172
144,1384,1528,0.1485738074188339
142,1385,1527,0.14857715539086802
139,1369,1508,0.1485859181549641
142,1364,1506,0.14860057348844055
142,1368,1510,0.14860799086457224
135,1378,1513,0.14861483606197695
132,1376,1508,0.14863890700297916
134,1382,1516,0.14866940036817464
133,1385,1518,0.14869254169260024
134,1391,1525,0.1487161093342911
131,1392,1523,0.14873583676008903
131,1390,1521,0.14876222688811916
129,1393,1522,0.14878687099957164
131,1395,1526,0.14881449730442892
131,1388,1519,0.14883492437704982
132,1381,1513,0.14885295430880613
132,1383,1515,0.14886823012923756
126,1391,1517,0.14888175990346444
128,1383,1511,0.14890794927665613
129,1384,1513,0.14892707607228042
130,1388,1518,0.14894221109699385
130,1394,1524,0.14895395428817515
128,1379,1507,0.14896545301981287
124,1376,1500,0.1489811262211925
122,1389,1511,0.14900567866412917
128,1381,1509,0.14903347937174863
129,1381,1510,0.14904503563872548
126,1381,1507,0.14905474289480722
126,1373,1499,0.14906991093271046
125,1389,1514,0.14908471792022115
127,1391,1518,0.1491011672500549
125,1388,1513,0.14911218556250314
123,1396,1519,0.14912818050430268
124,1393,1517,0.14914794577706783
120,1394,1514,0.14916453909224803
116,1403,1519,0.14918803905076478
116,1390,1506,0.14921980813856395
115,1392,1507,0.149250322474684
114,1380,1494,0.1492812824455021
113,1379,1492,0.14931179083484117
116,1382,1498,0.14934282616809888
115,1374,1489,0.1493633936176541
121,1383,1504,0.1493854400903405
121,1389,1510,0.14938908129727196
124,1390,1514,0.149393652954411
123,1399,1522,0.1493898033955329
123,1412,1535,0.14938954564312834
126,1411,1537,0.14939004566595618
125,1406,1531,0.14938216447400968
119,1400,1519,0.1493782638310695
119,1400,1519,0.1493893862101643
117,1406,1523,0.1494001659026859
116,1413,1529,0.14941519204969797
113,1412,1525,0.14943243472787462
112,1397,1509,0.14945557333294016
111,1403,1514,0.14947873882104032
108,1391,1499,0.14950358680058784
114,1394,1508,0.14953409909834198
112,1387,1499,0.14954537308891935
112,1380,1492,0.14955978516355864
112,1376,1488,0.14957254690554656
116,1385,1501,0.1495859246992209
113,1390,1503,0.1495877530438481
111,1398,1509,0.14959784991812092
114,1402,1516,0.14961243221323842
113,1399,1512,0.14961937147159626
115,1408,1523,0.14962823923062532
114,1386,1500,0.149629631251765
122,1393,1515,0.14963273411592937
124,1397,1521,0.14961434309877736
124,1398,1522,0.14959179915735632
123,1389,1512,0.1495714992758117
123,1398,1521,0.149556396897293
120,1402,1522,0.1495435310968625
116,1399,1515,0.14953942892882344
114,1391,1505,0.14954632869832557
118,1394,1512,0.14955766285310737
121,1405,1526,0.14955836884427595
120,1399,1519,0.1495514202164575
120,1394,1514,0.14954719100285666
119,1396,1515,0.14954426076165525
119,1396,1515,0.14954467463589546
119,1395,1514,0.14954549729766128
118,1400,1518,0.14954586615292642
120,1389,1509,0.14954869294103385
119,1381,1500,0.1495470729523318
121,1393,1514,0.14954854795234268
121,1395,1516,0.14954527852691005
119,1388,1507,0.14954323564145813
115,1407,1522,0.1495459205429971
115,1407,1522,0.14955831315607995
115,1395,1510,0.1495704398220212
116,1399,1515,0.14958272024704608
108,1398,1506,0.14959179772753178
113,1395,1508,0.14961911938312045
111,1409,1520,0.14963298533221484
108,1412,1520,0.14965128750898996
103,1420,1523,0.14967515682979685
108,1414,1522,0.14970901401026285
104,1416,1520,0.14972816996242616
103,1414,1517,0.14975612458150553
108,1414,1522,0.14978507473264915
106,1425,1531,0.14979955061119737
106,1418,1524,0.14981761528525747
108,1411,1519,0.14983420113429438
111,1415,1526,0.149844596264172
111,1420,1531,0.14984709941519767
111,1420,1531,0.14984879053848293
105,1420,1525,0.14985113412889564
107,1405,1512,0.1498681972989205
106,1414,1520,0.14987831742389116
106,1408,1514,0.14989065752597625
105,1411,1516,0.1499023737172732
101,1414,1515,0.14991586626291128
102,1426,1528,0.14993817705519294
99,1426,1525,0.14995658810638943
99,1425,1524,0.14998084499944253
99,1424,1523,0.15000391853792056
99,1425,1524,0.1500267031608179
99,1419,1518,0.15004876663078462
96,1415,1511,0.15007016752679025
95,1422,1517,0.1500978823460562
92,1415,1507,0.15012656646635042
96,1430,1526,0.15015988310851344
95,1430,1525,0.15018120047186956
95,1425,1520,0.15020318031705424
95,1425,1520,0.15022419149729913
93,1437,1530,0.1502424026612605
91,1435,1526,0.15026345829586737
91,1415,1506,0.150287215982126
92,1411,1503,0.15031004861350486
99,1424,1523,0.1503301900326719
96,1410,1506,0.1503309654095051
96,1414,1510,0.15033832030414598
95,1411,1506,0.1503458491653474
95,1414,1509,0.1503559292895887
93,1417,1510,0.15036318423847964
93,1424,1517,0.15037508581169345
97,1415,1512,0.15038599930058028
97,1416,1513,0.15038714238751477
96,1421,1517,0.15038783560835692
98,1414,1512,0.15039179432788916
96,1429,1525,0.15039127299376281
94,1437,1531,0.15039621442576837
88,1433,1521,0.15040520308212174
85,1425,1510,0.15042805496851053
87,1429,1516,0.1504570396649319
87,1432,1519,0.15047814890245412
87,1419,1506,0.15049755166451842
86,1429,1515,0.15051672892983206
88,1424,1512,0.1505375594225411
92,1425,1517,0.1505512961835876
89,1412,1501,0.15055349428661147
85,1417,1502,0.1505632089125252
87,1418,1505,0.15058007096028905
87,1421,1508,0.1505922796883343
89,1427,1516,0.15060412836726947
86,1426,1512,0.15061011776071742
89,1425,1514,0.15062359293417152
87,1435,1522,0.1506299335384713
87,1443,1530,0.1506412443809529
85,1428,1513,0.15065246644246444
88,1431,1519,0.15066774685318943
90,1432,1522,0.15067507692296464
90,1432,1522,0.15067718947188782
89,1430,1519,0.15067893634886492
89,1431,1520,0.15068323945367293
89,1438,1527,0.1506865324468947
87,1436,1523,0.15068977821589644
85,1432,1517,0.1506968809977517
86,1446,1532,0.1507077992194054
88,1436,1524,0.15071642469413474
90,1444,1534,0.15072031818242532
88,1437,1525,0.150718965106586
88,1424,1512,0.15072294678064196
86,1427,1513,0.1507266367156329
87,1424,1511,0.15073542324739253
87,1422,1509,0.15074170822767682
89,1430,1519,0.1507481071064494
85,1425,1510,0.15074882399591655
87,1429,1516,0.15075878385640107
86,1434,1520,0.15076281238952632
89,1426,1515,0.15076845670438435
90,1422,1512,0.15076648289495004
90,1414,1504,0.15076240220120335
86,1416,1502,0.15075853543364912
83,1432,1515,0.1507639212982188
84,1418,1502,0.15077649082781108
83,1422,1505,0.15078627236773506
83,1434,1517,0.15079757992130657
82,1420,1502,0.1508086089497322
80,1421,1501,0.15082014459983858
82,1422,1504,0.15083556887993294
81,1415,1496,0.1508453041093773
82,1418,1500,0.15085657266898184
80,1419,1499,0.15086470026352233
80,1422,1502,0.15087784771328785
78,1427,1505,0.15089084994726223
80,1439,1519,0.15090807476558138
80,1452,1532,0.15091684329868638
79,1437,1516,0.15092513705606353
79,1435,1514,0.15093579153713088
80,1440,1520,0.150945746386676
79,1438,1517,0.15095189906801237
78,1435,1513,0.15095973671865737
80,1438,1518,0.15097014567497336
78,1457,1535,0.15097587400882323
80,1447,1527,0.15098567501027307
81,1447,1528,0.15099007201471995
78,1428,1506,0.15099177148941173
82,1427,1509,0.15100124258080055
82,1429,1511,0.15099964180179695
84,1441,1525,0.15099812418564731
81,1435,1516,0.15099211382184444
81,1440,1521,0.15099418444358378
80,1426,1506,0.150996684003689
79,1430,1509,0.1510013440396915
81,1431,1512,0.15100718312500888
83,1428,1511,0.15100769464376354
80,1416,1496,0.15100289368942993
79,1424,1503,0.15100584486164015
77,1418,1495,0.15101152175690538
75,1419,1494,0.15102169486394534
72,1422,1494,0.1510364263815566
69,1439,1508,0.15105648446645178
69,1439,1508,0.1510828490625595
67,1452,1519,0.15110785682269248
69,1453,1522,0.15113616549677594
66,1440,1506,0.15115831420039613
68,1440,1508,0.15118635503699607
69,1437,1506,0.15120796425012373
71,1432,1503,0.15122488838385584
71,1439,1510,0.151233567327395
71,1445,1516,0.1512420223317478
74,1437,1511,0.15124993113050558
72,1439,1511,0.15124857094003447
73,1440,1513,0.15125204362436342
74,1454,1528,0.15125366975569815
76,1460,1536,0.15125236036380285
74,1440,1514,0.15124658335704455
78,1439,1517,0.15124574147200762
78,1438,1516,0.15123512827259522
78,1432,1510,0.15122525215436355
77,1431,1508,0.15121680534359933
76,1440,1516,0.15121123436991415
77,1447,1524,0.15120838445030585
77,1444,1521,0.1512034302096061
76,1446,1522,0.15119896455484652
74,1441,1515,0.15119791012215264
74,1429,1503,0.15120207409438013
72,1444,1516,0.1512047554608308
73,1447,1520,0.1512133118549051
75,1437,1512,0.15121932283009631
73,1430,1503,0.15121948060044102
68,1451,1519,0.15122486555242776
70,1447,1517,0.15124226733731763
73,1452,1525,0.15125260930289472
74,1444,1518,0.15125472258583506
74,1445,1519,0.15125411949090267
71,1437,1508,0.1512530740776537
72,1438,1510,0.1512589914169666
75,1442,1517,0.1512630302888698
75,1445,1520,0.15125839950778153
77,1431,1508,0.1512531306172546
76,1429,1505,0.15124357909898392
77,1436,1513,0.15123705523990846
75,1435,1510,0.15122796978700057
76,1432,1508,0.1512252512435852
77,1446,1523,0.15122029552072377
73,1453,1526,0.15121284518458877
74,1441,1515,0.15121662029519503
74,1444,1518,0.15121874602221927
74,1461,1535,0.1512214398498747
72,1450,1522,0.15122457993722382
73,1453,1526,0.15123287975482327
74,1445,1519,0.15123787125857355
73,1450,1523,0.15123902957994775
72,1454,1526,0.1512430771836906
73,1447,1520,0.15124966792196257
75,1438,1513,0.15125339231368579
74,1430,1504,0.15125152768226383
74,1438,1512,0.15125289539294967
72,1446,1518,0.15125304916349785
69,1449,1518,0.15125835397804221
67,1440,1507,0.15127122359062034
65,1428,1493,0.15128773152650254
63,1444,1507,0.15130866850683083
64,1455,1519,0.1513322630496782
68,1464,1532,0.15135093545213205
70,1475,1545,0.1513586037090476
70,1475,1545,0.15136093735916856
69,1478,1547,0.15136320280460136
67,1466,1533,0.15136761190940387
68,1461,1529,0.15137696537103196
71,1441,1512,0.15138236840171004
69,1450,1519,0.15137954384013028
70,1459,1529,0.15138201709858037
69,1471,1540,0.15138219297665942
69,1462,1531,0.15138528295752146
67,1456,1523,0.1513882809847774
67,1448,1515,0.15139639553642525
66,1452,1518,0.1514046981734611
66,1452,1518,0.15141560541914703
67,1432,1499,0.15142553536253892
66,1439,1505,0.1514323965224146
67,1432,1499,0.15144130198428074
67,1431,1498,0.15144705645959647
66,1445,1511,0.1514521905928801
66,1444,1510,0.15145988929704798
69,1457,1526,0.15146717172204072
70,1453,1523,0.1514651009026165
69,1452,1521,0.15146166858392074
69,1445,1514,0.15146080542237084
68,1439,1507,0.15146063858721207
68,1449,1517,0.15146250586086332
66,1450,1516,0.1514636521860157
64,1444,1508,0.1514700486609255
65,1447,1512,0.15148014584452996
64,1454,1518,0.15148795994828337
67,1447,1514,0.15149782478468
67,1453,1520,0.15149935997710448
66,1453,1519,0.1515006849649515
67,1445,1512,0.15150460916632424
67,1465,1532,0.15150585763924126
66,1464,1530,0.1515068918721817
67,1461,1528,0.15151072801890042
65,1454,1519,0.15151196582213916
60,1459,1519,0.15151849395710648
59,1462,1521,0.15153692347511924
59,1465,1524,0.1515569982465625
60,1456,1516,0.15157623408763515
58,1457,1515,0.15159187843145008
58,1454,1512,0.15161104626527475
60,1450,1510,0.15162915144051792
60,1449,1509,0.1516399726207536
58,1443,1501,0.15165053465255598
59,1449,1508,0.15166561458492797
57,1452,1509,0.15167621914064724
55,1457,1512,0.15169157355673735
53,1455,1508,0.15171050247487805
53,1458,1511,0.15173252022772293
53,1466,1519,0.1517541778719493
52,1446,1498,0.1517745780639695
51,1440,1491,0.15179639382638405
50,1458,1508,0.151818888193388
51,1452,1503,0.15184317696865107
50,1453,1503,0.15186321679009587
48,1465,1513,0.15188495043774858
46,1475,1521,0.1519108593787827
45,1471,1516,0.15194044429833992
47,1472,1519,0.15197026049848286
46,1472,1518,0.15199251555360035
48,1478,1526,0.15201529565523692
49,1470,1519,0.15203245855959094
49,1472,1521,0.15204584077966385
50,1467,1517,0.15205853459358767
50,1465,1515,0.15206818602082803
50,1471,1521,0.1520776386768873
48,1470,1518,0.15208685488276552
47,1479,1526,0.15210098732548183
47,1473,1520,0.15211674080777063
46,1463,1509,0.15213172168024966
46,1468,1514,0.1521476278695216
46,1473,1519,0.15216245929586142
45,1476,1521,0.1521751971879419
45,1493,1538,0.15219000809030256
44,1481,1525,0.1522039860197514
44,1473,1517,0.15221954837086357
47,1468,1515,0.1522336349369534
45,1466,1511,0.1522387376815554
44,1456,1500,0.15224843974024221
46,1460,1506,0.15226084109982577
48,1472,1520,0.15226689458354753
48,1498,1546,0.1522667281935529
47,1476,1523,0.1522671847959902
48,1486,1534,0.15227046799612873
43,1489,1532,0.15227089540305475
43,1473,1516,0.15228362515507757
45,1479,1524,0.1522959826801944
43,1473,1516,0.1523028396489464
45,1476,1521,0.1523134609741244
42,1477,1519,0.15231896526077626
42,1483,1525,0.15233129407438092
41,1478,1519,0.1523432136053541
41,1475,1516,0.1523565585454232
44,1481,1525,0.1523693900961217
45,1481,1526,0.15237231308796162
44,1482,1526,0.15237278668974727
41,1478,1519,0.15237601065230616
41,1468,1509,0.1523871153671191
43,1465,1508,0.1523968636418923
44,1475,1519,0.15240014182854167
42,1481,1523,0.15240146595203188
44,1480,1524,0.1524080343018387
48,1467,1515,0.15240881333431505
47,1478,1525,0.15239837436351159
47,1479,1526,0.15239156685953104
48,1480,1528,0.1523848371356433
47,1475,1522,0.15237670120458532
46,1479,1525,0.1523713927361806
44,1467,1511,0.15236929103645902
46,1467,1513,0.15237232790459068
47,1483,1530,0.15237030085980843
48,1483,1531,0.1523665631204633
47,1472,1519,0.15236094056831162
47,1475,1522,0.15235828300360513
47,1474,1521,0.15235560673101156
48,1482,1530,0.15235269503346793
48,1481,1529,0.15234705409592866
48,1467,1515,0.1523422673642094
45,1468,1513,0.15233722524095916
46,1473,1519,0.15234044007602718
49,1456,1505,0.15234057658228825
47,1469,1516,0.15233310489251145
49,1460,1509,0.15233020502606837
51,1454,1505,0.15232282916492781
51,1465,1516,0.1523107627031185
49,1462,1511,0.1523000821415194
51,1453,1504,0.15229520566407104
47,1454,1501,0.15228640069671429
48,1458,1506,0.15228808129847146
48,1453,1501,0.15228696061729072
48,1457,1505,0.15228460948964653
48,1463,1511,0.15228228681639233
47,1453,1500,0.15228036596328212
46,1458,1504,0.15228119928898576
45,1459,1504,0.15228509383577815
44,1459,1503,0.1522915503906602
45,1449,1494,0.152300201503912
46,1472,1518,0.15230443553402848
43,1459,1502,0.1523051387899281
44,1468,1512,0.15231315602182627
44,1488,1532,0.15231863015461353
45,1473,1518,0.1523237099754492
45,1491,1536,0.152326496505074
48,1488,1536,0.1523296218536066
48,1489,1537,0.15232551483845008
50,1492,1542,0.15232215839055271
50,1482,1532,0.15231295255574398
52,1465,1517,0.15230495430460306
50,1453,1503,0.15229149288832486
49,1455,1504,0.15228505904463283
50,1460,1510,0.1522811316136279
48,1455,1503,0.1522747148622962
45,1467,1512,0.15227364249385636
48,1462,1510,0.15228087593071865
48,1458,1506,0.15227954537766522
51,1464,1515,0.1522779099584439
52,1463,1515,0.15226860569567569
52,1472,1524,0.15225754341446052
51,1478,1529,0.15224771099211842
51,1460,1511,0.15224161058194444
51,1459,1510,0.15223631529187134
51,1460,1511,0.15223041695381886
50,1464,1514,0.15222496493511214
49,1458,1507,0.152222252497776
47,1468,1515,0.15222288673034295
49,1476,1525,0.15222846012008667
51,1476,1527,0.15222752036896842
51,1475,1526,0.1522215774667111
50,1459,1509,0.1522166824858744
48,1467,1515,0.1522151508375854
51,1462,1513,0.15221882982227378
49,1470,1519,0.15221461484541304
47,1472,1519,0.15221592237053092
44,1458,1502,0.15222221230171942
44,1461,1505,0.1522355228287286
40,1459,1499,0.1522483485140627
41,1466,1507,0.15227016136766264
39,1482,1521,0.15228848259947333
38,1484,1522,0.15231039291904988
39,1484,1523,0.15233346876072787
40,1480,1520,0.1523527649459549
40,1485,1525,0.15236793302334384
40,1486,1526,0.15238241532415128
38,1473,1511,0.15239603967172977
37,1471,1508,0.15241303163469674
37,1474,1511,0.15243173692977266
36,1491,1527,0.15244955521143708
33,1488,1521,0.1524688529998674
33,1479,1512,0.1524941934133948
33,1489,1522,0.15251810161635437
32,1477,1509,0.15253976602826694
34,1474,1508,0.1525626675399292
35,1472,1507,0.1525784514682825
35,1472,1507,0.15259104418326438
35,1485,1520,0.15260246710527178
35,1476,1511,0.15261267728690572
34,1482,1516,0.15262264934562825
33,1475,1508,0.15263454294345036
35,1490,1525,0.15264776120519177
37,1495,1532,0.1526548643878878
36,1482,1518,0.15265641121009213
35,1487,1522,0.1526600929191612
37,1495,1532,0.1526664379406636
41,1479,1520,0.15266737194699634
42,1475,1517,0.1526574782744698
42,1470,1512,0.15264639482488138
41,1468,1509,0.15263663950135822
42,1477,1519,0.15263039043740076
43,1469,1512,0.15262124380163455
44,1467,1511,0.1526107547745206
42,1465,1507,0.15259827726625416
44,1480,1524,0.15259119950977362
42,1471,1513,0.15258007536770613
40,1469,1509,0.15257495372907076
42,1473,1515,0.1525742295498544
42,1472,1514,0.15256910027195814
41,1471,1512,0.15256382416506636
42,1467,1509,0.15256179817354362
42,1472,1514,0.15255799660476274
43,1468,1511,0.15255428425006415
42,1468,1510,0.15254809679996267
42,1475,1517,0.15254484935047874
41,1475,1516,0.1525419118146827
41,1479,1520,0.15254211942699292
41,1495,1536,0.15254270682212837
40,1484,1524,0.1525435990928333
39,1482,1521,0.1525469388981217
39,1479,1518,0.15255265776014085
38,1474,1512,0.15255827025133648
37,1481,1518,0.15256565190788968
36,1478,1514,0.15257497290763541
36,1484,1520,0.15258603889886882
38,1463,1501,0.15259671941965766
38,1467,1505,0.15260172055742577
38,1468,1506,0.152606312422619
39,1473,1512,0.15261082643070345
37,1469,1506,0.15261220816127266
36,1464,1500,0.1526184357546721
39,1471,1510,0.15262500968320897
41,1482,1523,0.15262210948412192
40,1473,1513,0.15261427449839973
40,1464,1504,0.15260950060828854
39,1470,1509,0.15260449640972829
40,1479,1519,0.15260268376428132
41,1472,1513,0.15259877031152347
42,1478,1520,0.15259243605078804
44,1482,1526,0.15258470856146672
41,1472,1513,0.15257190764578887
39,1487,1526,0.15256770027104055
37,1495,1532,0.15256904891419962
36,1483,1519,0.1525757104404395
36,1480,1516,0.15258468762773592
35,1474,1509,0.15259187249170592
38,1473,1511,0.15260161831546262
32,1464,1496,0.1526031553149141
34,1489,1523,0.1526190314116571
34,1490,1524,0.15262970293573852
36,1479,1515,0.15263927087058923
37,1476,1513,0.1526429011567798
37,1478,1515,0.15264378659869424
39,1479,1518,0.1526439512248036
38,1488,1526,0.15263962971453396
36,1501,1537,0.1526384368944815
36,1494,1530,0.15264281903786095
35,1489,1524,0.152647362779179
35,1477,1512,0.15265465357808633
33,1476,1509,0.1526617871127379
35,1474,1509,0.1526732035052064
37,1469,1506,0.15267771709093592
35,1465,1500,0.15267705603693812
37,1464,1501,0.15268168814266192
35,1473,1508,0.15268106882275387
38,1481,1519,0.1526862121424501
37,1470,1507,0.15268218812259515
35,1463,1498,0.15268008334464298
33,1460,1493,0.15268359132797435
36,1461,1497,0.15269183379476067
35,1478,1513,0.15269157423810062
35,1474,1509,0.15269462218713525
37,1471,1508,0.15269798049929256
35,1473,1508,0.15269667427430542
35,1479,1514,0.1527006946473489
34,1479,1513,0.15270482062195662
30,1476,1506,0.1527114105064205
33,1488,1521,0.15272713902035856
34,1494,1528,0.1527344411756882
32,1487,1519,0.15273888187203674
31,1501,1532,0.15274803399602283
28,1497,1525,0.15275910683971372
28,1481,1509,0.15277674642929162
29,1491,1520,0.15279351986465828
28,1487,1515,0.15280631921184237
28,1484,1512,0.15282077930683932
28,1482,1510,0.15283457495418296
29,1483,1512,0.15284771637269595
29,1484,1513,0.15285748314495906
29,1483,1512,0.15286685687563384
30,1484,1514,0.15287500729773382
30,1487,1517,0.15288007496880515
31,1486,1517,0.1528845213742685
31,1483,1514,0.1528864079269298
32,1481,1513,0.15288850342520033
30,1496,1526,0.15288688173945972
30,1491,1521,0.15289052864122868
29,1486,1515,0.1528935935728245
29,1488,1517,0.15289952310170662
29,1485,1514,0.1529054564032494
28,1487,1515,0.15291134840782886
28,1486,1514,0.1529193753211783
28,1486,1514,0.15292728559381802
27,1487,1514,0.15293418150740523
27,1500,1527,0.15294332138499495
30,1494,1524,0.15295164170873402
31,1490,1521,0.15295217471582956
33,1488,1521,0.15294995083465665
34,1489,1523,0.15294206896237317
36,1491,1527,0.1529320705071578
37,1501,1538,0.15291699885671511
36,1491,1527,0.1529007731484594
34,1471,1505,0.15288895388809973
33,1477,1510,0.1528827717016866
31,1486,1517,0.15287883085176868
34,1490,1524,0.15288057642883998
34,1482,1516,0.152873428417715
36,1485,1521,0.15286736556170394
36,1481,1517,0.15285647743986538
36,1472,1508,0.15284674120742864
36,1465,1501,0.1528382075314948
36,1472,1508,0.15283073091979116
37,1471,1508,0.15282259492083758
35,1483,1518,0.15281233053231838
35,1477,1512,0.15280892218961856
38,1483,1521,0.1528054634391263
36,1472,1508,0.15279442929192802
34,1463,1497,0.15278939297570004
36,1471,1507,0.1527896909879048
36,1471,1507,0.15278408178614383
35,1488,1523,0.15277925166892647
35,1481,1516,0.15277757660540953
35,1491,1526,0.15277644293790382
35,1499,1534,0.1527758837915631
35,1496,1531,0.1527756799046321
34,1493,1527,0.15277576767378118
35,1484,1519,0.15277834817887265
35,1493,1528,0.1527778609634374
35,1491,1526,0.15277694096169647
34,1499,1533,0.15277641058501115
34,1498,1532,0.1527784589877989
34,1486,1520,0.15278018859894205
34,1473,1507,0.15278206045291498
32,1471,1503,0.1527841054237232
29,1468,1497,0.15279099497339396
27,1480,1507,0.15280444295425114
30,1480,1510,0.15282223608836026
33,1480,1513,0.15283020634860825
33,1477,1510,0.1528301234411732
32,1481,1513,0.15283012084083275
31,1491,1522,0.15283278842212394
31,1487,1518,0.15283795756985047
30,1486,1516,0.1528430993271691
29,1492,1521,0.15284974004683904
31,1486,1517,0.1528589646433913
31,1486,1517,0.1528621782673219
31,1491,1522,0.15286554432329696
32,1494,1526,0.15286901113479476
32,1490,1522,0.15286961611988192
31,1482,1513,0.1528698867035591
31,1478,1509,0.15287277927079204
32,1474,1506,0.1528757964803173
32,1483,1515,0.15287573727150547
32,1485,1517,0.15287601103615236
30,1479,1509,0.1528765563362181
28,1495,1523,0.15288223531451184
28,1496,1524,0.15289249885619408
28,1484,1512,0.1529013603921476
28,1490,1518,0.15290980026244042
28,1488,1516,0.15291786839613064
29,1472,1501,0.15292490112873341
29,1488,1517,0.15292922743087975
30,1486,1516,0.15293353278393126
30,1481,1511,0.15293465488286273
29,1487,1516,0.15293599112582837
28,1485,1513,0.15293967529383276
30,1489,1519,0.1529456905170545
32,1491,1523,0.15294522336831995
31,1484,1515,0.1529398808848313
30,1485,1515,0.15293745430203154
31,1483,1514,0.15293795346441677
30,1489,1519,0.15293641440875516
32,1488,1520,0.15293751386149076
31,1484,1515,0.15293339155640326
31,1487,1518,0.1529318880158149
30,1490,1520,0.1529307828936675
32,1479,1511,0.15293238352736727
33,1477,1510,0.1529285692689535
32,1480,1512,0.15292207695380777
34,1476,1510,0.15291883950324756
33,1476,1509,0.15290984127047713
34,1479,1513,0.1529032189666093
34,1479,1513,0.1528926584309302
34,1475,1509,0.15288351190831406
35,1473,1508,0.15287484145673783
32,1483,1515,0.1528647421927061
31,1478,1509,0.1528620779101551
30,1484,1514,0.15286262216400065
29,1473,1502,0.15286611430574346
29,1485,1514,0.15287206577082071
28,1487,1515,0.15287791859663952
27,1490,1517,0.1528860315340124
27,1476,1503,0.15289616763486027
28,1489,1517,0.15290455712348436
28,1493,1521,0.15290998889238228
28,1490,1518,0.1529161190244039
29,1489,1518,0.15292223833800686
28,1497,1525,0.15292585257119218
27,1468,1495,0.15293191285005803
27,1479,1506,0.15294027290992174
28,1493,1521,0.1529483552407006
28,1478,1506,0.1529532192995733
26,1480,1506,0.15295804282500822
25,1485,1510,0.15296802225791642
24,1485,1509,0.1529799423073399
24,1493,1517,0.1529937025108668
24,1495,1519,0.15300671313253303
26,1493,1519,0.15301810729423748
25,1485,1510,0.1530225773062987
25,1494,1519,0.15302937898492538
25,1496,1521,0.1530360611525204
26,1485,1511,0.15304259166579645
22,1480,1502,0.15304600875985752
25,1488,1513,0.15305799586413205
25,1494,1519,0.15306231642828583
26,1503,1529,0.15306659082386337
24,1498,1522,0.1530677903064626
25,1490,1515,0.15307474967137755
25,1493,1518,0.1530784694065342
25,1506,1531,0.15308139719757333
26,1498,1524,0.15308448702087388
27,1486,1513,0.15308452851901586
26,1479,1505,0.15308176181271083
26,1483,1509,0.15308174695003457
25,1485,1510,0.15308209234013462
26,1489,1515,0.1530850865320354
24,1493,1517,0.15308573879474444
25,1504,1529,0.15309151355879563
24,1496,1520,0.15309396756069055
23,1472,1495,0.1530989287066455
23,1478,1501,0.1531062167078633
23,1478,1501,0.15311293064999312
25,1493,1518,0.15311825103276533
25,1498,1523,0.1531178027638407
23,1502,1525,0.15311784015738172
23,1499,1522,0.1531230337439392
22,1490,1512,0.1531282642037854
20,1483,1503,0.15313630303231573
19,1479,1498,0.15314882955733924
20,1497,1517,0.15316310151517085
21,1485,1506,0.15317345447257677
20,1499,1519,0.1531802415598694
20,1498,1518,0.1531893071037815
23,1496,1519,0.15319805431187242
22,1504,1526,0.15319795447737886
21,1502,1523,0.15320102238402483
22,1498,1520,0.153206610163774
23,1502,1525,0.15320901170823312
23,1495,1518,0.15320850496678207
24,1502,1526,0.15320772390887996
25,1498,1523,0.1532042654897582
25,1495,1520,0.1531983119799018
24,1489,1513,0.1531932380708304
24,1488,1512,0.1531913700501884
25,1472,1497,0.15319000739020608
26,1470,1496,0.15318592852622978
25,1486,1511,0.15317938076254742
25,1494,1519,0.1531759018608542
25,1500,1525,0.15317251755835243
26,1502,1528,0.15316975020820095
26,1504,1530,0.15316324254035277
25,1510,1535,0.15315764413002708
24,1501,1525,0.1531553734913065
24,1504,1528,0.15315503597479974
27,1489,1516,0.1531551421964349
25,1481,1506,0.1531471628069407
24,1488,1512,0.15314497267908395
25,1488,1513,0.15314542481598997
26,1490,1516,0.15314395901763675
27,1481,1508,0.15313976622652947
26,1474,1500,0.15313235198211309
27,1471,1498,0.15312846274185965
27,1482,1509,0.15312226847485866
28,1496,1524,0.15311697318720377
27,1493,1520,0.1531097858260596
29,1490,1519,0.15310572759277782
25,1490,1515,0.15309687122779292
25,1491,1516,0.15309911661424022
23,1499,1522,0.15310096375799742
25,1491,1516,0.15310788626133984
25,1493,1518,0.15310903635339723
23,1506,1529,0.15311060260740267
22,1511,1533,0.15311727480545825
22,1508,1530,0.15312618559038216
22,1504,1526,0.1531346548695268
21,1492,1513,0.1531426241228578
22,1497,1519,0.15315273718320546
20,1491,1511,0.15315977105816894
20,1499,1519,0.15317136664354852
20,1507,1527,0.15318204887262954
20,1519,1539,0.15319225895991984
20,1516,1536,0.15320200082974883
20,1510,1530,0.15321128146532945
20,1498,1518,0.15322011029432686
19,1492,1511,0.1532279213818617
19,1495,1514,0.15323674920746627
19,1506,1525,0.15324528693282546
20,1497,1517,0.15325351915690782
20,1499,1519,0.15325827284214252
19,1503,1522,0.15326215015043348
19,1502,1521,0.1532683554021026
20,1502,1522,0.1532744557535624
19,1488,1507,0.1532772163553099
18,1493,1511,0.15328215647120916
18,1501,1519,0.1532901175323605
18,1506,1524,0.1532979321392614
19,1501,1520,0.15330543320443402
20,1499,1519,0.15330991552034726
21,1501,1522,0.15331032782475823
21,1502,1523,0.15330808078090383
22,1500,1522,0.15330584629931543
23,1504,1527,0.15330102596262682
22,1491,1513,0.1532939249988163
22,1500,1522,0.1532901561059901
22,1496,1518,0.1532870544883545
21,1489,1510,0.15328452891144925
20,1477,1497,0.15328494144776592
19,1489,1508,0.1532879729774606
18,1490,1508,0.15329262679299135
18,1495,1513,0.15329980867861914
17,1492,1509,0.1533068387582046
18,1488,1506,0.15331610734061527
17,1500,1517,0.15332254486567493
17,1501,1518,0.1533312733262074
17,1504,1521,0.15333964287363666
17,1508,1525,0.15334765480894683
18,1513,1531,0.15335531280182205
17,1509,1526,0.1533599151068924
15,1509,1524,0.15336669035944817
15,1507,1522,0.1533775709545217
14,1500,1514,0.15338790652951362
14,1518,1532,0.15340003764678545
14,1499,1513,0.15341151267352815
12,1493,1505,0.1534223588220533
12,1486,1498,0.15343735005166487
9,1506,1515,0.15345147379752525
10,1513,1523,0.15347190406654745
10,1508,1518,0.15348875329279724
10,1502,1512,0.1535046155103003
11,1499,1510,0.15351954360693257
10,1500,1510,0.15353046220086777
10,1504,1514,0.15354327706918547
10,1497,1507,0.15355541135421233
11,1506,1517,0.15356689277773022
10,1497,1507,0.15357453185616687
9,1504,1513,0.15358420387874297
9,1500,1509,0.15359575339468326
10,1496,1506,0.1536067350417863
10,1488,1498,0.15361461988720426
9,1499,1508,0.15362214835457458
9,1511,1520,0.1536316107283306
10,1508,1518,0.15363988728092218
10,1509,1519,0.1536454759085273
10,1498,1508,0.1536508716987042
11,1503,1514,0.15365606675922025
12,1503,1515,0.15365789054422785
12,1505,1517,0.15365677551241722
13,1501,1514,0.15365598992021143
12,1509,1521,0.1536527888312718
12,1506,1518,0.15365282415049655
12,1496,1508,0.15365302325284858
12,1495,1507,0.15365335615782943
11,1511,1522,0.1536537971253709
11,1520,1531,0.1536569730470594
11,1524,1535,0.15366002207488755
12,1520,1532,0.15366294344077805
12,1511,1523,0.15366280867890608
12,1501,1513,0.1536628067427712
12,1500,1512,0.1536629157644259
13,1512,1525,0.15366311673122965
14,1514,1528,0.1536602341995307
15,1501,1516,0.15365460602670492
15,1507,1522,0.15364636421864478
15,1505,1520,0.15363895449535467
14,1508,1522,0.1536322889401421
14,1515,1529,0.15362862565198246
14,1508,1522,0.15362541413221303
15,1511,1526,0.1536226008992852
14,1506,1520,0.15361708267266067
13,1511,1524,0.15361445017147443
12,1508,1520,0.1536145689779632
11,1487,1498,0.15361751665764234
14,1475,1489,0.15362274444648386
12,1487,1499,0.15361933336483002
13,1499,1512,0.15362111138188944
13,1506,1519,0.15362019351589853
13,1494,1507,0.15361960499155367
13,1502,1515,0.1536192909004355
13,1501,1514,0.15361920407460963
15,1498,1513,0.15361930406326185
15,1514,1529,0.15361319482662547
15,1517,1532,0.15360780058347098
15,1513,1528,0.15360303623902066
15,1499,1514,0.1535988269629316
14,1489,1503,0.15359510693738232
14,1497,1511,0.15359455672248498
14,1502,1516,0.15359416717965862
13,1495,1508,0.1535939117618959
13,1498,1511,0.15359622505412487
12,1498,1510,0.15359847628059284
12,1497,1509,0.15360289123387832
12,1498,1510,0.15360709504068532
11,1514,1525,0.1536110915200783
12,1515,1527,0.15361719400313845
12,1522,1534,0.15361977971915197
14,1518,1532,0.15362233550215681
14,1519,1533,0.15361937216421115
14,1499,1513,0.15361679592401592
14,1503,1517,0.15361455921499195
13,1510,1523,0.15361262016158356
13,1510,1523,0.15361329808914703
13,1517,1530,0.15361406135217315
11,1520,1531,0.1536148895472776
12,1512,1524,0.1536204112510757
12,1514,1526,0.15362266754168943
12,1509,1521,0.15362493653014045
12,1519,1531,0.1536271966821273
12,1512,1524,0.15362943053329534
12,1524,1536,0.15363162408215877
11,1515,1526,0.15363376626630582
11,1512,1523,0.15363817264293567
10,1517,1527,0.15364237339435644
11,1519,1530,0.1536487582020024
12,1521,1533,0.15365233864769273
12,1516,1528,0.1536525433466763
12,1514,1526,0.15365287811164616
13,1511,1524,0.15365331641083166
13,1516,1529,0.15365066076956974
12,1506,1518,0.15364836102563348
13,1497,1510,0.15364859976805792
13,1502,1515,0.15364609949434438
14,1501,1515,0.15364382380493105
14,1507,1521,0.15363958915046833
15,1497,1512,0.15363579877132844
15,1515,1530,0.15362924687019644
14,1495,1509,0.15362334254565824
15,1503,1518,0.15362035099458984
15,1503,1518,0.15361532909518325
15,1494,1509,0.15361079431419916
15,1503,1518,0.15360669641634098
13,1517,1530,0.15360299060332197
12,1524,1536,0.15360437379796119
12,1522,1534,0.1536084031866254
11,1514,1525,0.15361224102912527
11,1510,1521,0.15361836498498183
13,1508,1521,0.15362414734691815
13,1510,1523,0.15362386373679307
13,1497,1510,0.15362375683969903
13,1505,1518,0.15362379545499358
12,1498,1510,0.15362395288351854
12,1499,1511,0.15362655009454684
11,1502,1513,0.15362908082464413
10,1505,1515,0.1536342153511125
10,1515,1525,0.1536413810716599
9,1510,1519,0.15364813165287383
8,1512,1520,0.1536568590119895
7,1519,1526,0.15366746705667494
7,1527,1534,0.15367973198543866
7,1532,1539,0.15369124639994833
7,1530,1537,0.15370205325057099
8,1516,1524,0.15371219347671325
7,1501,1508,0.15371913855346706
7,1502,1509,0.15372808076241257
8,1507,1515,0.15373649345936813
7,1519,1526,0.1537412128987686
5,1508,1513,0.15374809790348606
4,1501,1505,0.153759923112592
4,1507,1511,0.15377338859579026
4,1506,1510,0.15378604110919905
4,1523,1527,0.15379792703781306
4,1521,1525,0.15380909051551778
3,1519,1522,0.1538195734747847
3,1514,1517,0.15383168727131666
3,1530,1533,0.1538430648054942
2,1519,1521,0.15385374987168324
2,1519,1521,0.15386618515919054
2,1512,1514,0.15387786150762833
2,1516,1518,0.1538888247133958
2,1521,1523,0.15389911788912344
2,1508,1510,0.15390878160943788
2,1516,1518,0.15391785405046865
2,1500,1502,0.15392637112311122
2,1493,1495,0.1539343666001101
2,1498,1500,0.15394187223706443
2,1515,1517,0.15394891788749
2,1518,1520,0.1539555316120956
2,1513,1515,0.15396173978245112
2,1526,1528,0.1539669068340374
2,1526,1528,0.15397184269490424
2,1528,1530,0.1539765502970462
2,1522,1524,0.1539810338711914
2,1511,1513,0.15398529867284133
2,1516,1518,0.15398935075062578
2,1521,1523,0.1539931967510293
2,1518,1520,0.15399684375435205
2,1531,1533,0.15400029913746205
3,1533,1536,0.15400357045950014
4,1526,1530,0.15400350580029565
4,1525,1529,0.15400040264916615
4,1510,1514,0.1539976882333601
4,1512,1516,0.15399531379827758
4,1512,1516,0.15399323675902393
4,1510,1514,0.15399141991153553
4,1511,1515,0.15398983074552056
4,1517,1521,0.15398844084597324
3,1517,1520,0.15398722537175075
3,1518,1521,0.15398882702144076
3,1516,1519,0.15399036946710026
3,1510,1513,0.1539918514879314
3,1523,1526,0.1539932725433163
3,1536,1539,0.15399463265534552
3,1530,1533,0.1539959323080615
3,1518,1521,0.15399717236119367
3,1509,1512,0.15399835397645098
2,1511,1513,0.15399947855468704
2,1511,1513,0.1540029350685642
2,1507,1509,0.1540061925281512
2,1505,1507,0.1540092610104168
2,1511,1513,0.15401215029213147
2,1515,1517,0.15401486982316026
2,1525,1527,0.15401742870762603
1,1519,1520,0.15401983569161412
1,1518,1519,0.15402451304410003
1,1525,1526,0.15402890863290344
1,1524,1525,0.15403303876937804
1,1522,1523,0.1540369189191878
1,1522,1523,0.15404056373135824
1,1503,1504,0.15404398706877534
1,1506,1507,0.15404720203959565
2,1504,1506,0.15405022102912766
2,1506,1508,0.15404986250652608
2,1503,1505,0.15404962439551834
2,1523,1525,0.15404948650423253
2,1523,1525,0.15404943154658507
2,1530,1532,0.15404944474689436
2,1527,1529,0.1540495134970386
2,1533,1535,0.1540496270592476
1,1529,1530,0.1540497763085228
1,1518,1519,0.1540526345663519
1,1527,1528,0.15405531937833622
1,1517,1518,0.15405784091407193
1,1498,1499,0.1540602088035624
1,1511,1512,0.15406243215696086
1,1513,1514,0.15406451958509534
1,1514,1515,0.15406647922043992
1,1517,1518,0.15406831873825916
1,1514,1515,0.15407004537770247
1,1518,1519,0.15407166596266944
1,1517,1518,0.1540731869223049
2,1516,1518,0.1540746143110122
2,1503,1505,0.15407273578514863
2,1510,1512,0.15407107115857685
2,1506,1508,0.15406959470178766
2,1514,1516,0.15406828388676044
2,1500,1502,0.15406711898060776
2,1496,1498,0.15406608269139271
2,1498,1500,0.1540651598593755
2,1501,1503,0.15406433718782137
2,1487,1489,0.15406360300826277
2,1489,1491,0.15406294707577056
2,1498,1500,0.154062360390366
2,1489,1491,0.15406183504120569
2,1508,1510,0.15406136407060772
2,1500,1502,0.15406094135536752
1,1507,1508,0.15406056150314135
1,1517,1518,0.15406275741302042
1,1522,1523,0.15406482054715717
1,1505,1506,0.1540667585791856
1,1515,1516,0.15406857879649677
1,1510,1511,0.15407028811046736
1,1520,1521,0.15407189306808258
1,1519,1520,0.1540733998645762
1,1513,1514,0.15407481435677112
1,1522,1523,0.15407614207686393
1,1519,1520,0.15407738824643857
1,1518,1519,0.15407855779053845
1,1506,1507,0.15407965535165605
1,1498,1499,0.1540806853035298
1,1496,1497,0.15408165176465963
1,1504,1505,0.1540825586114744
1,1495,1496,0.15408340949109864
0,1521,1521,0.1540842078336818
