1374,28,1402,0.13579578350294697
1389,29,1418,0.13293126735230593
1408,29,1437,0.13028646124561
1412,27,1439,0.12782961304686086
1425,28,1453,0.12558422515799955
1444,30,1474,0.12350678491574049
1447,30,1477,0.121563424241189
1441,30,1471,0.11978818187674407
1433,29,1462,0.1181910196842282
1437,28,1465,0.11675987808790866
1435,29,1464,0.11544592146256769
1451,31,1482,0.11425722564617657
1458,31,1489,0.11313604148937953
1465,31,1496,0.11209596128319749
1460,32,1492,0.11113278509729498
1463,34,1497,0.11026998469174167
1451,33,1484,0.10947877454069294
1443,36,1479,0.10878706142722536
1452,36,1488,0.10817906328741579
1451,34,1485,0.10760439023776355
1469,31,1500,0.1070853679483768
1462,30,1492,0.10656814972576795
1460,32,1492,0.10611298307728521
1447,31,1478,0.10570543242304137
1465,31,1496,0.10536331472013316
1471,32,1503,0.10501130221933716
1466,33,1499,0.10467748239460399
1464,33,1497,0.10438444122601039
1466,34,1500,0.1041248088676742
1461,36,1497,0.10388498086121041
1460,37,1497,0.10367795513912005
1454,37,1491,0.10349138872652494
1454,37,1491,0.10333687305578046
1451,37,1488,0.10319761667372247
1443,40,1483,0.10307843106117716
1444,41,1485,0.10298993046901085
1441,41,1482,0.10290698696063924
1446,40,1486,0.10283746014770333
1443,42,1485,0.10276350023166306
1445,43,1488,0.10270281168675148
1435,45,1480,0.10264412327361384
1437,44,1481,0.10261472395051646
1445,48,1493,0.10258431337170386
1444,49,1493,0.10253902695001674
1444,49,1493,0.10250024804771656
1431,51,1482,0.1024652179551823
1425,51,1476,0.10246193119298966
1419,49,1468,0.10247265491543484
1436,52,1488,0.10249754752768364
1440,51,1491,0.1024840427803585
1434,53,1487,0.10246227413548445
1441,52,1493,0.10245583052292613
1449,55,1504,0.10243439489174332
1447,53,1500,0.10239688333631956
1451,56,1507,0.10236682387482415
1448,56,1504,0.10233064180385934
1440,52,1492,0.10230399857624345
1428,53,1481,0.1022976607691092
1420,57,1477,0.10232103766617183
1421,58,1479,0.10236071889449283
1426,58,1484,0.10239418265882871
1414,64,1478,0.10241515978063308
1409,64,1473,0.10246048372281724
1419,64,1483,0.10251617564983874
1415,65,1480,0.10254543910114393
1426,66,1492,0.1025807136295256
1438,65,1503,0.10259050820558531
1433,63,1496,0.10257448619838339
1439,65,1504,0.1025692341720227
1437,66,1503,0.10254899298306787
1442,68,1510,0.1025369255477671
1438,67,1505,0.10251622678288229
1432,68,1500,0.1025081066429712
1433,69,1502,0.10251375049699213
1432,68,1500,0.10251556203380292
1430,67,1497,0.10252119015815243
1430,68,1498,0.1025310491884932
1433,66,1499,0.1025407732910163
1414,63,1477,0.10254156449096462
1418,63,1481,0.10258488663166596
1417,65,1482,0.10261722690587885
1418,67,1485,0.10264977232958286
1428,68,1496,0.10267614285339817
1429,67,1496,0.1026795065181565
1427,67,1494,0.10267845818034903
1424,69,1493,0.10268262574310702
1414,67,1481,0.102694101816248
1413,68,1481,0.10272577272826801
1424,69,1493,0.10275729847579186
1427,73,1500,0.10276152592906204
1419,71,1490,0.10275975080185623
1406,72,1478,0.10277419477845905
1408,74,1482,0.10281826448155741
1405,73,1478,0.10285434549776619
1405,74,1479,0.10289450704913693
1414,71,1485,0.10293241825215439
1415,70,1485,0.10294695789996043
1421,71,1492,0.10295861411557071
1411,72,1483,0.102955780608294
1420,75,1495,0.10297559524074149
1426,78,1504,0.10297365212163281
1420,75,1495,0.10295828743513002
1420,76,1496,0.1029569430376145
1424,73,1497,0.1029563323164824
1428,73,1501,0.10294527312717527
1441,74,1515,0.10292486050072171
1437,71,1508,0.10287713327656349
1437,70,1507,0.1028436827504327
1438,68,1506,0.10281353449929476
1448,71,1519,0.1027842083860871
1444,72,1516,0.10273294182006584
1441,71,1512,0.10269566558801109
1430,68,1498,0.10266767711884855
1422,70,1492,0.10266605894989013
1431,72,1503,0.10268380457103589
1432,73,1505,0.1026812007500958
1435,71,1506,0.10267497199226637
1431,68,1499,0.10266247623920036
1432,66,1498,0.10265941863818107
1435,69,1504,0.10265437354802756
1435,67,1502,0.10264215279165867
1428,69,1497,0.10263240801758564
1426,69,1495,0.10263783134968768
1422,71,1493,0.10264853667053524
1422,70,1492,0.10266803072991286
1414,73,1487,0.10268475275447608
1426,72,1498,0.10271848353044179
1424,72,1496,0.10272200518389737
1418,74,1492,0.10272891113442206
1430,75,1505,0.10274968500289923
1433,75,1508,0.10274267459209088
1428,75,1503,0.10272919944817378
1426,77,1503,0.10272752533433344
1437,74,1511,0.10273064153577392
1434,72,1506,0.10271002062627577
1436,71,1507,0.10269933789965177
1419,70,1489,0.1026851173315086
1415,69,1484,0.10271113136366174
1417,73,1490,0.10274313002383119
1427,75,1502,0.1027666941050267
1416,75,1491,0.10276682097835751
1410,76,1486,0.10279140271762521
1410,76,1486,0.10282815312738539
1400,77,1477,0.10286150697800686
1399,72,1471,0.10291548030156501
1400,79,1479,0.10296834776108403
1407,76,1483,0.10301316580439351
1402,78,1480,0.10303825590603463
1394,74,1468,0.10307199127863806
1405,73,1478,0.10312184307518439
1403,75,1478,0.1031427541698051
1408,74,1482,0.10316776001888268
1398,79,1477,0.10317829231618596
1414,80,1494,0.10321087225815738
1425,79,1504,0.10320368400376044
1414,80,1494,0.10317277373068365
1424,81,1505,0.10316963882726837
1425,80,1505,0.10314515813030589
1420,81,1501,0.1031191068053389
1423,79,1502,0.10310600101702398
1415,78,1493,0.10308704983290064
1428,79,1507,0.10308787059689167
1433,79,1512,0.10306108160473826
1422,78,1500,0.10302419154863857
1415,80,1495,0.10301599089984351
1418,80,1498,0.10302647344540787
1413,77,1490,0.10303060764276233
1407,76,1483,0.10304534838800972
1408,74,1482,0.10307075013970543
1406,74,1480,0.10309059338075294
1410,75,1485,0.10311334912576363
1419,74,1493,0.1031251714267402
1414,79,1493,0.10311542562477762
1395,80,1475,0.1031193909359393
1411,81,1492,0.10316411170653035
1410,85,1495,0.10316972602365942
1411,86,1497,0.10317639389724087
1398,83,1481,0.10318124137543422
1397,83,1480,0.10321461073684851
1406,86,1492,0.10324748958041198
1406,85,1491,0.10325784427122948
1405,87,1492,0.10326964834424451
1405,88,1493,0.10328429901736413
1409,87,1496,0.10329915830315002
1416,87,1503,0.10330373655162887
1412,88,1500,0.1032912248498137
1404,85,1489,0.10328884171722151
1414,87,1501,0.10330228764119653
1413,85,1498,0.10328919009794806
1414,85,1499,0.10328226873250776
1397,82,1479,0.1032762283888361
1414,79,1493,0.10330843153128591
1409,82,1491,0.10329869053257294
1422,83,1505,0.10330007906679796
1410,83,1493,0.10327212703872304
1406,83,1489,0.10327360582282895
1411,85,1496,0.10328376005921673
1415,86,1501,0.10328328478007562
1415,87,1502,0.10327356949861859
1408,84,1492,0.10326409480317855
1412,84,1496,0.10327201289564968
1407,85,1492,0.10327071416049233
1420,85,1505,0.10328060680096987
1437,84,1521,0.10326034025828229
1419,84,1503,0.10320425999795152
1416,85,1501,0.10319506598357353
1408,84,1492,0.10319374429650693
1411,84,1495,0.10320950346600728
1398,85,1483,0.10321885537744267
1396,85,1481,0.10325351946172173
1394,85,1479,0.10329125061325799
1397,84,1481,0.10333144077584155
1404,85,1489,0.10336253875419754
1413,84,1497,0.1033757374620743
1411,86,1497,0.10336551913108075
1425,87,1512,0.10336127691698803
1418,85,1503,0.103325752517787
1410,84,1494,0.10331015686838942
1394,84,1478,0.10331441344915845
1412,87,1499,0.1033550229544434
1400,91,1491,0.10335041621055051
1413,95,1508,0.10337299724938254
1408,94,1502,0.10336613218365921
1406,95,1501,0.10337104778303523
1410,95,1505,0.10337906835824391
1402,96,1498,0.10337771659181509
1397,98,1495,0.10339550541042614
1393,96,1489,0.10342360391805076
1407,92,1499,0.10345981869073785
1398,94,1492,0.10346318424546411
1405,96,1501,0.10348457421881241
1407,95,1502,0.10349027644010117
1409,96,1505,0.1034907913127946
1415,94,1509,0.10348582672047868
1419,92,1511,0.10346833046425377
1404,87,1491,0.10344175143642191
1397,90,1487,0.10345269009833805
1388,90,1478,0.10347732732579272
1399,89,1488,0.1035198182420523
1406,86,1492,0.10353560184545275
1386,87,1473,0.10353333932843639
1394,91,1485,0.1035762058274823
1415,89,1504,0.10359796935068548
1419,89,1508,0.1035713667243369
1404,90,1494,0.10353587862403985
1396,90,1486,0.10353647017602036
1404,95,1499,0.10355650196218351
1402,94,1496,0.1035567843916593
1414,91,1505,0.1035612858120511
1412,90,1502,0.10354050555900429
1421,90,1511,0.10352722477906522
1407,95,1502,0.10349567503890167
1397,97,1494,0.10349678040034427
1389,95,1484,0.10352166081407783
1401,95,1496,0.10356191691078884
1397,96,1493,0.10357239249662008
1390,94,1484,0.10359241124442273
1397,93,1490,0.10362552325507507
1404,91,1495,0.10364179193474903
1408,96,1504,0.10364243555036183
1404,98,1502,0.10363079322733039
1410,94,1504,0.10363025732010694
1409,94,1503,0.10361607949299674
1407,92,1499,0.10360413851300196
1400,93,1493,0.10359931926663223
1406,92,1498,0.10361178154573515
1403,95,1498,0.10360896990406307
1409,98,1507,0.10361212266494853
1395,102,1497,0.10360064084075553
1401,101,1502,0.10362320053069635
1395,101,1496,0.10362978250549978
1389,102,1491,0.10364891860258191
1393,101,1494,0.10368108362879613
1403,104,1507,0.10370313009822948
1413,102,1515,0.10370001599252326
1403,101,1504,0.1036732445690794
1384,103,1487,0.10367266775986937
1380,106,1486,0.10371696323122574
1377,109,1486,0.10376473547028489
1379,105,1484,0.1038140668497438
1383,105,1488,0.10385672564135699
1392,106,1498,0.10388486718014049
1386,108,1494,0.10389254221121273
1386,109,1495,0.10391214524836924
1384,108,1492,0.10393129253418759
1383,105,1488,0.1039549938982603
1381,111,1492,0.10397827057842905
1383,114,1497,0.10400292925470675
1381,117,1498,0.10402198196706589
1382,117,1499,0.10404345924665673
1379,115,1494,0.10406334181642186
1378,114,1492,0.10409112217413555
1377,117,1494,0.10411923061723385
1377,116,1493,0.10414352161187257
1372,117,1489,0.10416713559092454
1362,115,1477,0.10419741082647536
1370,116,1486,0.10424853389608928
1387,113,1500,0.10427819634956098
1377,112,1489,0.10426740994559515
1376,117,1493,0.10428090148697441
1373,119,1492,0.1042972971773099
1375,122,1497,0.1043197933964641
1371,125,1496,0.10433749478534264
1379,121,1500,0.10436390378614605
1378,119,1497,0.10437140120806866
1379,123,1502,0.10438021675709097
1381,119,1500,0.10438554712661902
1369,120,1489,0.10438739698781292
1369,115,1484,0.10441359676560584
1371,114,1485,0.1044385292297959
1369,119,1488,0.10445582796370843
1367,115,1482,0.10447534242154348
1374,116,1490,0.10449652049756182
1368,119,1487,0.10450059031513594
1349,120,1469,0.10451849704868937
1362,118,1480,0.10457729889791519
1371,114,1485,0.10460165297974112
1371,116,1487,0.10460350157845849
1358,115,1473,0.10460548877669275
1355,115,1470,0.1046369046953952
1365,118,1483,0.10467294472604266
1369,116,1485,0.10468255084950041
1370,115,1485,0.10468288306285853
1369,112,1481,0.10467951996160288
1355,115,1470,0.10467967507276636
1362,112,1474,0.10471052260582558
1361,110,1471,0.10472296378772267
1372,109,1481,0.10473623921751
1371,111,1482,0.10472291343274534
1363,111,1474,0.10471132450381988
1366,108,1474,0.10472036588100257
1355,115,1470,0.10472439541226425
1364,119,1483,0.10475258574704195
1365,120,1485,0.10475889611783172
1386,122,1508,0.10476061372490351
1368,123,1491,0.10471403142581749
1380,123,1503,0.10471087092469053
1386,122,1508,0.1046810333775311
1394,121,1515,0.10463967342702411
1389,118,1507,0.10458651337074494
1384,116,1500,0.10454676606073143
1391,118,1509,0.1045205293502649
1390,117,1507,0.10448134661782241
1389,123,1512,0.10444826127022373
1382,125,1507,0.1044195670841171
1374,123,1497,0.10440982127219599
1374,126,1500,0.10442151682888365
1383,129,1512,0.10443355114841048
1379,131,1510,0.10442546154569615
1374,134,1508,0.10442733574672246
1371,132,1503,0.10444179272644707
1360,133,1493,0.10446296253233267
1356,135,1491,0.1045066082542685
1358,135,1493,0.10455575030108348
1364,133,1497,0.10459720346987542
1360,129,1489,0.1046228671815737
1359,130,1489,0.10465763736158279
1367,133,1500,0.10469072901107507
1365,130,1495,0.10470281763815141
1374,133,1507,0.10471831574694992
1373,131,1504,0.1047089553721079
1368,134,1502,0.10470390104516902
1367,132,1499,0.10471186391387759
1367,131,1498,0.10472178563203989
1362,132,1494,0.10473341912031903
1362,132,1494,0.10475401846531832
1362,133,1495,0.1047743991695824
1360,129,1489,0.10479466287257971
1361,131,1492,0.10481648020318454
1374,129,1503,0.10483513910012004
1365,130,1495,0.10482077496974103
1363,128,1491,0.10482623314080669
1363,131,1494,0.10483632766553257
1361,132,1493,0.10484414291606087
1363,130,1493,0.10485591206191329
1384,127,1511,0.10486151572400086
1387,129,1516,0.10481977336842974
1383,132,1515,0.10477435139000978
1371,131,1502,0.10474257864407178
1358,134,1492,0.1047399283414309
1371,133,1504,0.10476884806594267
1371,132,1503,0.10476569234628656
1374,136,1510,0.10476389686053954
1362,133,1495,0.10475671124065566
1369,136,1505,0.10477880769315143
1361,137,1498,0.10478407417327183
1351,137,1488,0.10480870856865543
1361,142,1503,0.10485283331904849
1357,139,1496,0.1048707183686803
1354,140,1494,0.10489767994842632
1355,143,1498,0.10492944038005922
1357,142,1499,0.10495423156409915
1358,146,1504,0.10497205109269889
1374,144,1518,0.10498621783224855
1370,144,1514,0.10496441435123977
1370,145,1515,0.10495310911746564
1361,144,1505,0.10494373838307804
1343,146,1489,0.10495334831821648
1351,143,1494,0.10500307812858203
1344,141,1485,0.1050308171753224
1351,136,1487,0.10507090685477351
1355,137,1492,0.10509352805496938
1344,143,1487,0.10510463677905968
1347,140,1487,0.10514065251300404
1360,143,1503,0.10516718798128505
1360,142,1502,0.10516014010637864
1365,141,1506,0.10515532130215333
1366,140,1506,0.10513898137176728
1353,141,1494,0.10512160991919174
1363,137,1500,0.1051341930638376
1363,138,1501,0.10512267193794322
1376,135,1511,0.1051121983895933
1382,138,1520,0.10507258398518339
1376,140,1516,0.1050227415474261
1365,135,1500,0.10498825631211854
1371,135,1506,0.1049826337127437
1377,128,1505,0.10496375251904504
1374,128,1502,0.10493426787321986
1367,129,1496,0.10491567787571483
1369,131,1500,0.10491212419784668
1371,130,1501,0.10490535756694673
1375,125,1500,0.10489500485912075
1376,126,1502,0.1048749087252848
1376,128,1504,0.10485181623674826
1374,127,1501,0.1048297329006219
1361,127,1488,0.10481430551354527
1373,125,1498,0.10482954170949534
1369,129,1498,0.10481591905400181
1363,130,1493,0.1048129048252342
1363,130,1493,0.10482305064441451
1369,131,1500,0.1048326133666676
1361,135,1496,0.1048297638391292
1350,132,1482,0.10484471235056166
1351,134,1485,0.10488376767184651
1341,134,1475,0.10491672988444176
1353,131,1484,0.10496848409854383
1347,127,1474,0.10498811636957442
1343,126,1469,0.1050184600046742
1343,127,1470,0.10505745525251252
1338,136,1474,0.10509519322451256
1342,139,1481,0.10514119103693126
1352,140,1492,0.1051714504469443
1373,139,1512,0.10517723761123403
1365,139,1504,0.1051355597939692
1363,144,1507,0.10511563744526374
1350,143,1493,0.1051022515282698
1341,140,1481,0.10511942950864796
1332,138,1470,0.1051558818956849
1344,140,1484,0.10521001136965608
1346,145,1491,0.10523522680730459
1342,145,1487,0.10525601652167026
1336,145,1481,0.10528129114645683
1341,145,1486,0.10532036155881945
1332,141,1473,0.10534635691704594
1341,144,1485,0.10539121023749277
1340,142,1482,0.1054088323934598
1354,145,1499,0.10542927604387213
1345,145,1490,0.10541591755149117
1335,146,1481,0.10542349750384393
1340,146,1486,0.10545479006408601
1354,145,1499,0.10546867378733239
1364,144,1508,0.10545136693032191
1357,146,1503,0.10541094717501076
1354,145,1499,0.10538773799530322
1346,144,1490,0.10537454413412718
1348,146,1494,0.10538137035956616
1343,149,1492,0.10538463792548353
1333,150,1483,0.10540050854892366
1334,149,1483,0.10544012702412693
1325,151,1476,0.10547353883332958
1319,150,1469,0.1055251109079606
1322,144,1466,0.10558448522002611
1339,146,1485,0.10563289226543347
1342,148,1490,0.10563991599473514
1355,151,1506,0.1056384347760196
1341,154,1495,0.10560501890589856
1331,157,1488,0.10560635730394952
1340,162,1502,0.1056307187633879
1344,163,1507,0.10563296738169681
1346,160,1506,0.10562819387248254
1329,159,1488,0.10561731478884683
1346,157,1503,0.10564708264969656
1333,159,1492,0.10563743941514275
1327,153,1480,0.1056572012854327
1324,153,1477,0.10568986865627508
1317,153,1470,0.10572573309379195
1326,153,1479,0.10577764630265353
1326,155,1481,0.10580482221461797
1332,159,1491,0.1058303559924153
1329,161,1490,0.10584160198195854
1316,163,1479,0.10585729959282236
1327,163,1490,0.1059019018323417
1328,162,1490,0.10591956544263453
1326,160,1486,0.10593421242444365
1325,165,1490,0.10594943391801241
1333,162,1495,0.10596561741891086
1332,158,1490,0.10596162616457935
1327,163,1490,0.1059602095987065
1331,167,1498,0.10597022864957875
1336,171,1507,0.10597140911694833
1327,168,1495,0.10596307614624127
1316,162,1478,0.10597739765831193
1321,164,1485,0.10601582033702663
1331,161,1492,0.10603828431875834
1336,156,1492,0.10603556943191642
1329,162,1491,0.10602186826596856
1330,163,1493,0.1060241820561372
1338,167,1505,0.10602496834541658
1344,171,1515,0.10600970014424153
1335,172,1507,0.10598268289870927
1343,177,1520,0.10597846322964496
1344,179,1523,0.10595672003794925
1344,181,1525,0.1059364734788927
1332,183,1515,0.10591907392274556
1326,186,1512,0.10593152715081594
1326,183,1509,0.10595734114089772
1321,182,1503,0.10598258856628222
1328,179,1507,0.10601873957714628
1316,186,1502,0.1060362879448273
1295,182,1477,0.10608012876816617
1306,180,1486,0.10616655395749294
1305,182,1487,0.1062227631200185
1313,184,1497,0.10627583584924516
1301,188,1489,0.10630730400155147
1308,188,1496,0.10636398760147195
1308,186,1494,0.10639895581153822
1308,183,1491,0.10643112278453146
1299,184,1483,0.10646237159062945
1303,190,1493,0.10651293810714488
1285,190,1475,0.10655212466210502
1279,193,1472,0.10662744700691672
1291,195,1486,0.10671064975261996
1304,192,1496,0.10676097004934154
1293,191,1484,0.10677717495683776
1295,192,1487,0.10681602525028147
1297,196,1493,0.10684753742772272
1296,198,1494,0.10687199287204724
1294,196,1490,0.10689737944318313
1287,202,1489,0.10692771035132764
1304,203,1507,0.10697165342838329
1311,198,1509,0.10697463000258185
1313,196,1509,0.10696117460513895
1303,196,1499,0.1069455922796988
1297,200,1497,0.10695166765040597
1305,193,1498,0.10697093215123193
1296,191,1487,0.10696872013098552
1303,196,1499,0.10698526148711039
1310,196,1506,0.10698685207150468
1300,197,1497,0.10697548150347654
1282,203,1485,0.10698820173591869
1284,204,1488,0.10704166874311102
1285,201,1486,0.10708606745336915
1282,204,1486,0.10712385564901988
1279,208,1487,0.10716597608294778
1285,207,1492,0.1072103070403395
1281,212,1493,0.10723704443410026
1274,208,1482,0.10727414203799096
1285,206,1491,0.10732564281183643
1293,208,1501,0.10734521246623284
1282,210,1492,0.10734339401595074
1284,210,1494,0.10736608291083895
1291,211,1502,0.10738252284421096
1298,206,1504,0.10738162954461418
1296,207,1503,0.10736447145520753
1295,209,1504,0.10735247241875082
1299,212,1511,0.10734448858047163
1295,210,1505,0.10732964341497638
1300,206,1506,0.10732451413443851
1288,201,1489,0.10730740805936201
1291,201,1492,0.10731765560296166
1291,208,1499,0.10732047888827193
1284,206,1490,0.10732243748873711
1280,205,1485,0.10734320308722001
1279,201,1480,0.10737345805903223
1275,205,1480,0.1074028865060804
1269,204,1473,0.10744077468113178
1275,199,1474,0.10748712590806793
1282,200,1482,0.10751619129640767
1296,200,1496,0.10752682188928325
1293,204,1497,0.10750608302597556
1290,206,1496,0.10749333922316427
1284,209,1493,0.10748749140884614
1276,213,1489,0.10749584457134652
1282,213,1495,0.10752261471302153
1282,214,1496,0.10753300047245087
1285,215,1500,0.10754318143272613
1291,218,1509,0.10754552564620522
1287,217,1504,0.1075344830022114
1276,219,1495,0.1075354332296158
1262,219,1481,0.1075622377350525
1265,222,1487,0.10761520775776884
1280,221,1501,0.10765937876232932
1260,226,1486,0.10766663706602948
1273,228,1501,0.1077199670334118
1271,227,1498,0.10774165259779889
1273,222,1495,0.1077651309542296
1268,232,1500,0.10778426564942034
1271,226,1497,0.10781174495011633
1275,223,1498,0.10783152783370077
1275,224,1499,0.10784118499473479
1260,225,1485,0.10784819460871013
1260,227,1487,0.10788887085867266
1259,223,1482,0.10792814731953165
1269,226,1495,0.10796866966947405
1268,223,1491,0.10798424958324652
1267,223,1490,0.10800024020424569
1273,224,1497,0.10801643402518017
1266,224,1490,0.10801757818691275
1267,217,1484,0.10803396560596772
1267,218,1485,0.10804854194947393
1268,215,1483,0.10806168867020442
1276,219,1495,0.1080707945668535
1273,222,1495,0.10806087866413921
1268,221,1489,0.10805834427555144
1286,219,1505,0.10806652828789413
1277,225,1502,0.10803283186747535
1277,217,1494,0.10802136596252523
1286,220,1506,0.10801067431633232
1278,221,1499,0.107980849852747
1271,217,1488,0.10796858130568639
1270,222,1492,0.10797583133071882
1265,227,1492,0.10798349011723346
1264,230,1494,0.10800335218192486
1260,233,1493,0.10802480927984398
1265,231,1496,0.10805415694071167
1268,234,1502,0.10807124039049583
1270,233,1503,0.10808074512378156
1265,234,1499,0.1080867020743969
1263,235,1498,0.10810319985852652
1256,233,1489,0.1081228827719123
1270,234,1504,0.10815682604231742
1267,227,1494,0.10815813423404759
1271,231,1502,0.10816435612863991
1273,231,1504,0.10816248662940357
1259,230,1489,0.10815543852702213
1249,232,1481,0.10817921273678525
1251,238,1489,0.10822431178071625
1263,240,1503,0.10826089080811535
1268,239,1507,0.10827115536686457
1266,241,1507,0.10826999927063614
1255,243,1498,0.1082739731063133
1255,247,1502,0.10830329166839428
1251,244,1495,0.10833103421743497
1260,250,1510,0.10836672510679386
1257,249,1506,0.1083811721402569
1246,250,1496,0.10840113178444265
1233,249,1482,0.10844468796888741
1217,251,1468,0.10851386791547592
1227,245,1472,0.10861259736915212
1230,238,1468,0.10868049122081563
1234,239,1473,0.10873761120236285
1264,241,1505,0.1087809885402852
1272,238,1510,0.10874965558602384
1278,236,1514,0.10870132469289392
1274,236,1510,0.10864225995173711
1262,236,1498,0.10859504239571631
1248,233,1481,0.1085802651102605
1267,234,1501,0.10859757915363229
1256,235,1491,0.10857004081010743
1267,242,1509,0.10856952435704806
1250,242,1492,0.10854504799273725
1262,245,1507,0.10856065310073823
1265,242,1507,0.10854914524232841
1259,246,1505,0.10853149155497452
1250,241,1491,0.10852998165775478
1258,241,1499,0.10855021778464483
1240,245,1485,0.1085491874527435
1246,244,1490,0.10858987418944015
1242,244,1486,0.1086137119205651
1254,245,1499,0.10864592353069223
1258,245,1503,0.10864975812716395
1244,248,1492,0.10864431381077726
1251,251,1502,0.10867041851405791
1252,250,1502,0.10868093129300767
1257,251,1508,0.1086894039125847
1248,253,1501,0.10868676189280765
1255,256,1511,0.10870460119911667
1250,255,1505,0.10870504174522605
1249,259,1508,0.10871722783653194
1238,258,1496,0.1087288373324554
1252,261,1513,0.1087658736367985
1248,261,1509,0.10877003340540999
1259,261,1520,0.10878303503251412
1248,262,1510,0.10877096503468041
1248,266,1514,0.10878265020243622
1251,264,1515,0.10879549471697608
1244,262,1506,0.10880091216863551
1237,262,1499,0.10882190689806141
1251,258,1509,0.10885945059265076
1259,263,1522,0.10885942862308708
1260,259,1519,0.10883796677820022
1266,257,1523,0.10881516177780272
1263,256,1519,0.10878262724216725
1258,258,1516,0.10875782844728374
1244,250,1494,0.10874725442201955
1239,250,1489,0.10876872239299498
1225,252,1477,0.10879884337047713
1222,250,1472,0.10885758330587408
1223,251,1474,0.10892084233438354
1232,248,1480,0.10897662264366943
1242,244,1486,0.10900753727442307
1240,247,1487,0.10901158859955863
1237,243,1480,0.10901860190725365
1254,246,1500,0.10903101585313218
1254,246,1500,0.10900410405338995
1260,243,1503,0.10898064936859558
1247,247,1494,0.1089435691880277
1256,248,1504,0.1089386004592129
1255,246,1501,0.1089146339408365
1255,249,1504,0.10889496571779894
1246,246,1492,0.10887883006475914
1247,238,1485,0.10888435025183739
1234,239,1473,0.10888655837491797
1241,252,1493,0.10891766955527186
1238,250,1488,0.10893379714610535
1237,246,1483,0.10895415815395923
1230,248,1478,0.10897488371713766
1216,247,1463,0.10900986352364683
1217,242,1459,0.10907147239040688
1218,248,1466,0.10912533522508905
1237,244,1481,0.10917375934418903
1238,250,1488,0.10917523974719606
1227,256,1483,0.10917233607872533
1234,262,1496,0.10919656927639786
1240,269,1509,0.10920423882570603
1230,263,1493,0.10919774135038984
1233,263,1496,0.10921601156825442
1237,261,1498,0.10922658352321485
1231,267,1498,0.10922709440333792
1219,265,1484,0.1092400996104962
1222,267,1489,0.10928073044956348
1220,268,1488,0.10931131646419882
1223,266,1489,0.10934430542614319
1225,267,1492,0.10936751540131852
1233,263,1496,0.10938472981799459
1234,267,1501,0.10938215204448111
1232,265,1497,0.10937888097875632
1236,264,1500,0.10938192892304854
1234,265,1499,0.10937434757365516
1229,270,1499,0.10937112166820503
1228,267,1495,0.10937951596323732
1221,269,1490,0.1093887713419007
1227,268,1495,0.1094125154467849
1227,273,1500,0.10942039583003957
1236,271,1507,0.10943120551775815
1230,271,1501,0.10942074992740461
1233,276,1509,0.10942589689946573
1239,274,1513,0.10942475508225921
1231,275,1506,0.10941158016539798
1235,268,1503,0.1094152700659054
1232,268,1500,0.10941084646187317
1218,267,1485,0.10941500762962329
1224,265,1489,0.10944943126931216
1218,270,1488,0.10946776766112816
1209,276,1485,0.10950025376982228
1209,279,1488,0.10954968696520961
1206,280,1486,0.1095938486169285
1202,281,1483,0.1096417785349898
1204,276,1480,0.10969453229632045
1208,282,1490,0.10973930207417162
1214,281,1495,0.10977098059963193
1212,281,1493,0.10978947915452572
1227,282,1509,0.10981099481210191
1220,285,1505,0.10979321650740058
1216,286,1502,0.10979511274742851
1222,287,1509,0.10980670384396415
1222,284,1506,0.1098050608754186
1215,288,1503,0.10980312891914715
1213,286,1499,0.1098203334587475
1208,287,1495,0.10984056071017069
1208,288,1496,0.10986776375058575
1204,290,1494,0.1098943875542465
1211,284,1495,0.10992960340334601
1213,279,1492,0.10994393071577566
1208,276,1484,0.10995114186854074
1221,274,1495,0.10997028321961727
1208,272,1480,0.10995806464591056
1206,275,1481,0.10997295374194607
1209,278,1487,0.1099926381896375
1229,279,1508,0.11000216446411183
1212,283,1495,0.10996722493423462
1215,279,1494,0.10997355649429022
1212,279,1491,0.10997366493976556
1206,280,1486,0.10997882133604545
1210,285,1495,0.11000014955863179
1209,281,1490,0.11001172733801023
1211,280,1491,0.11002414954294437
1220,282,1502,0.11003112562143366
1215,285,1500,0.11001716268703265
1214,292,1506,0.1100171067677664
1205,292,1497,0.11001874855404627
1189,292,1481,0.1100409054863335
1198,298,1496,0.11009927886827381
1204,300,1504,0.11013222578670114
1195,304,1499,0.11014916480434202
1196,300,1496,0.11018670013868703
1194,299,1493,0.11022032663752782
1192,296,1488,0.11025610057623773
1189,294,1483,0.11029484681489407
1191,296,1487,0.11033384475819855
1194,291,1485,0.11036310408667833
1204,289,1493,0.1103856434081778
1200,291,1491,0.1103797567191221
1210,294,1504,0.11038309628701246
1212,295,1507,0.11036589382584078
1213,295,1508,0.11034715950527418
1201,301,1502,0.11032852173631948
1202,300,1502,0.11033885231734838
1195,303,1498,0.11034705027680744
1189,305,1494,0.11036787629023494
1195,303,1498,0.110401392283305
1190,307,1497,0.11042014824682743
1190,306,1496,0.11045007096039594
1210,305,1515,0.1104779208245014
1197,304,1501,0.110459349311179
1198,309,1507,0.11047002890404581
1203,310,1513,0.11047795472543147
1203,308,1511,0.11047568614361612
1213,305,1518,0.11047292720972468
1199,301,1500,0.11044642838500013
1201,305,1506,0.11045474955237303
1197,307,1504,0.1104594208037728
1200,306,1506,0.11047250807288965
1196,309,1505,0.1104789000506312
1188,317,1505,0.11049484305826535
1193,315,1508,0.1105294813863415
1195,317,1512,0.11054896847960329
1196,314,1510,0.11056369562914412
1177,317,1494,0.11057569193146342
1171,318,1489,0.11063089290955663
1158,318,1476,0.11069523770531049
1172,319,1491,0.11078495783564285
1177,314,1491,0.11083425632971267
1178,313,1491,0.1108674176351348
1168,316,1484,0.1108962531384785
1173,316,1489,0.11094719212092695
1180,311,1491,0.1109841259492174
1183,315,1498,0.11100021647043952
1185,314,1499,0.11100529560962866
1189,321,1510,0.11100723115866383
1186,315,1501,0.11099966017138613
1177,312,1489,0.11099640931747594
1187,312,1499,0.11101464033607515
1176,310,1486,0.11101127626389279
1173,312,1485,0.11103155613105549
1174,309,1483,0.11105499342553297
1186,306,1492,0.1110726140439102
1186,309,1495,0.11106321426110086
1184,315,1499,0.11105584303897448
1181,313,1494,0.11105339311292571
1186,314,1500,0.11105898590845563
1187,312,1499,0.11105219330085
1183,315,1498,0.11104403741172629
1179,315,1494,0.11104593488875256
1175,311,1486,0.11105569115778234
1179,313,1492,0.11107402603997325
1171,316,1487,0.11108387536395689
1172,319,1491,0.11111269152438444
1176,322,1498,0.11113748650706638
1180,318,1498,0.11115057072277645
1170,319,1489,0.11115431497951636
1170,321,1491,0.11118110027111719
1180,321,1501,0.11120406470632851
1165,322,1487,0.11120183304840538
1154,322,1476,0.1112354303295393
1168,320,1488,0.111291294936318
1168,320,1488,0.11131297054104504
1180,317,1497,0.11133280300209353
1182,313,1495,0.11132004159618707
1185,313,1498,0.11130296081250972
1188,312,1500,0.11128052126367544
1185,314,1499,0.11125210367493787
1177,311,1488,0.11123355559427807
1184,316,1500,0.11123356694178284
1186,317,1503,0.11121660054383409
1197,316,1513,0.11119803868462619
1186,315,1501,0.11115407933092594
1164,310,1474,0.11113745010429586
1157,314,1471,0.11117508575354035
1170,314,1484,0.11122694144876405
1178,324,1502,0.11124522634266608
1174,319,1493,0.1112446177164765
1171,324,1495,0.11125377275798641
1169,329,1498,0.11126738172578143
1170,326,1496,0.11128715526940247
1168,321,1489,0.11130364472487007
1167,319,1486,0.11132299449945748
1173,318,1491,0.11134324707315801
1163,320,1483,0.11135096758657508
1166,321,1487,0.11138157383616097
1167,322,1489,0.11140191039425161
1164,327,1491,0.11141595054803904
1167,324,1491,0.11143623797826072
1173,324,1497,0.11144813557424954
1176,324,1500,0.11144693964718115
1181,326,1507,0.11143768749330044
1193,324,1517,0.11141885377521366
1187,328,1515,0.11137780144145214
1183,331,1514,0.11135470969584475
1176,319,1495,0.11134277012896586
1170,319,1489,0.11134782792415855
1174,325,1499,0.11136677515181687
1171,327,1498,0.1113727980627878
1165,327,1492,0.11138445564662333
1165,335,1500,0.11141013068740152
1163,333,1496,0.11143384449528038
1170,332,1502,0.11146059080532568
1164,334,1498,0.11147106438858712
1171,341,1512,0.11149314267341882
1157,338,1495,0.11150041083483737
1151,344,1495,0.11154043332178451
1156,348,1504,0.11158811766088511
1147,351,1498,0.11162376297301164
1159,347,1506,0.11167998550426075
1165,345,1510,0.11170537047253631
1162,343,1505,0.11171451984134255
1154,347,1501,0.11172917254262743
1167,344,1511,0.11176112371694026
1157,340,1497,0.11176161931560548
1153,342,1495,0.11178390988324079
1140,348,1488,0.11181243994598772
1135,349,1484,0.11187037239311874
1138,347,1485,0.11193625508739302
1139,344,1483,0.11199004324561201
1139,347,1486,0.11203752506144937
1152,343,1495,0.11207957167555108
1154,338,1492,0.1120895415768469
1154,335,1489,0.11209317141465429
1161,341,1502,0.1120986604030781
1168,337,1505,0.11209051925915724
1158,339,1497,0.11206709711453706
1156,341,1497,0.1120672729636582
1159,348,1507,0.1120708492208848
1148,347,1495,0.11206966689136384
1138,351,1489,0.11209359305228395
1131,352,1483,0.11213863670143259
1136,355,1491,0.11219844130471424
1136,354,1490,0.11224108251586663
1134,356,1490,0.11228139677962372
1125,348,1473,0.11232137857154029
1130,358,1488,0.11237970631309255
1128,366,1494,0.11242241672507283
1124,364,1488,0.11246778831428733
1125,363,1488,0.11252059656832693
1129,359,1488,0.11256643733718366
1122,369,1491,0.11259859801839521
1105,366,1471,0.11264292267178205
1108,372,1480,0.11272417464387555
1098,373,1471,0.11279443962061464
1094,375,1469,0.11288246357553053
1098,376,1474,0.11297334202372777
1107,385,1492,0.11304797057752441
1111,385,1496,0.11309518674199026
1111,388,1499,0.1131314164054025
1109,383,1492,0.1131661261195717
1107,386,1493,0.11320280054272694
1114,384,1498,0.11324147334606255
1110,392,1502,0.11326263046339935
1103,392,1495,0.11329301233763278
1112,399,1511,0.11333825484421273
1107,399,1506,0.11336001898794407
1104,397,1501,0.11339088369281378
1104,398,1502,0.11342978028527137
1092,398,1490,0.11346591599701615
1097,406,1503,0.11352717870116764
1094,403,1497,0.11357267022929309
1104,409,1513,0.1136236899233484
1096,414,1510,0.11364888503495124
1093,414,1507,0.1136902045116225
1091,417,1508,0.11373842941735703
1089,420,1509,0.11378982976744943
1097,417,1514,0.11384398290946145
1090,409,1499,0.1138742023092902
1087,408,1495,0.11391755710652919
1081,414,1495,0.11396456541660555
1091,412,1503,0.11402088919068878
1087,414,1501,0.11405027189116006
1080,415,1495,0.11408628164298268
1085,414,1499,0.1141349530085962
1089,412,1501,0.11416811602540733
1083,414,1497,0.11418898090828457
1083,415,1498,0.11422343136476103
1087,414,1501,0.11425696126677501
1098,412,1510,0.1142768833824976
1096,417,1513,0.11427193527494625
1093,420,1513,0.11427243078702765
1082,425,1507,0.11428211261994775
1087,428,1515,0.11431476744823449
1083,420,1503,0.11433328304545279
1072,420,1492,0.11435737903340538
1070,422,1492,0.11440404853389823
1066,413,1479,0.11445499538294769
1069,417,1486,0.11451076632923861
1073,418,1491,0.1145536011841882
1068,418,1486,0.1145869588415858
1069,423,1492,0.11463026868430176
1068,424,1492,0.11466862099913179
1068,433,1501,0.11470675191846855
1070,430,1500,0.11474240668430533
1068,433,1501,0.11477067037728612
1061,441,1502,0.11480263974882096
1057,434,1491,0.11484892411370541
1062,434,1496,0.114896097460826
1066,440,1506,0.11493128756434576
1067,441,1508,0.11495532407029048
1067,440,1507,0.11497745102049936
1064,443,1507,0.1149962604047057
1074,440,1514,0.11501900350602515
1057,441,1498,0.11501494400799381
1061,433,1494,0.1150500932361348
1067,430,1497,0.11507546011125579
1061,422,1483,0.11508403549442046
1072,427,1499,0.1151047621743873
1074,432,1506,0.11509992879020249
1080,429,1509,0.11509214962156326
1082,430,1512,0.11507081773850579
1080,430,1510,0.1150434513384526
1075,437,1512,0.11502421342735004
1057,440,1497,0.11501693548414206
1072,433,1505,0.11505023020759125
1061,437,1498,0.11504625425430862
1057,441,1498,0.1150704255507356
1057,441,1498,0.11510220309486398
1055,438,1493,0.11513266901772642
1059,442,1501,0.11516668084210163
1050,442,1492,0.11518968447257114
1061,443,1504,0.11522904006240718
1057,442,1499,0.11524074579447376
1053,444,1497,0.11526054149591122
1045,448,1493,0.11528483218830965
1047,453,1500,0.11532676607423908
1066,448,1514,0.11536470068564868
1065,445,1510,0.11535423538851021
1057,448,1505,0.11534638530022309
1066,451,1517,0.11535906780563876
1053,456,1509,0.11535073948202175
1047,456,1503,0.11537314949650522
1050,461,1511,0.11540951211246703
1052,463,1515,0.11543556823784218
1056,466,1522,0.1154545202221216
1039,467,1506,0.11546287447492215
1035,461,1496,0.11551058482638474
1039,463,1502,0.11556407213518625
1018,461,1479,0.11560640677802375
1019,457,1476,0.11569479736710318
1023,465,1488,0.11577485441019916
1027,471,1498,0.1158371985915782
1022,469,1491,0.1158865980677075
1034,464,1498,0.11594082534335143
1020,462,1482,0.11596615274047575
1037,459,1496,0.11602077973210942
1049,465,1514,0.11603186441727388
1044,463,1507,0.11601223970626019
1042,468,1510,0.11600708626368142
1046,474,1520,0.11600589299271093
1029,477,1506,0.11599499043883281
1025,476,1501,0.11602534038000271
1032,481,1513,0.11606715306430408
1039,479,1518,0.11609116201704704
1037,473,1510,0.11609635707477285
1042,472,1514,0.11610579920591459
1030,468,1498,0.11610528430697638
1022,476,1498,0.11613262799212411
1029,475,1504,0.11617494295377134
1029,483,1512,0.11619851046151515
1032,479,1511,0.11622169976029834
1037,479,1516,0.11623560237399033
1045,470,1515,0.11623677364900377
1044,476,1520,0.11621951365738341
1043,473,1516,0.1162042190041285
1036,467,1503,0.1161935897898557
1025,466,1491,0.11620164935547159
1034,470,1504,0.1162333432332205
1033,465,1498,0.11624111766503387
1036,470,1506,0.1162517154975578
1023,463,1486,0.11625374170952765
1017,470,1487,0.11628559101057945
1023,468,1491,0.11632801739861914
1017,468,1485,0.11635468899169929
1026,471,1497,0.11639537048426614
1024,467,1491,0.11641275114987597
1011,469,1480,0.11643094913892925
1010,472,1482,0.11647904886751494
1005,483,1488,0.11652570533892455
999,483,1482,0.11658179279522957
1010,486,1496,0.11664923191286497
1008,486,1494,0.11668593877096789
1004,488,1492,0.11672554495059559
1003,481,1484,0.11677024204103968
1004,484,1488,0.11681383607405314
1011,479,1490,0.11685306531003985
1015,487,1502,0.11687044588275466
1004,496,1500,0.1168785534213567
1000,498,1498,0.11691278421600805
1000,490,1490,0.11695460843680149
1001,488,1489,0.11699128914931615
1010,494,1504,0.11702417561591422
1009,495,1504,0.11703596876387427
999,498,1497,0.11705010382227965
1013,502,1515,0.11708704156800852
1004,506,1510,0.11709001860499038
999,502,1501,0.11711340706100859
1002,499,1501,0.11714767254975822
993,498,1491,0.11717239435854511
996,504,1500,0.11721612755977803
1001,499,1500,0.11725148386646211
998,500,1498,0.11727258839261367
999,500,1499,0.11729832674076385
1006,508,1514,0.11731570835099309
999,496,1495,0.11731396345505843
992,498,1490,0.11733014128532676
989,501,1490,0.11736191616399343
994,506,1500,0.1173975018100668
988,509,1497,0.11741905546220417
994,506,1500,0.11745457197396261
994,501,1495,0.11747443350307472
992,501,1493,0.1174929570795028
989,505,1494,0.1175139225012989
988,498,1486,0.11753920654358159
984,501,1485,0.11756622600742368
988,497,1485,0.11760288595178317
979,501,1480,0.11762612782375671
987,501,1488,0.11766731124907011
996,499,1495,0.11768779450801872
1010,504,1514,0.11768454664086246
1013,499,1512,0.1176475520556928
1008,504,1512,0.1176064507704788
1010,503,1513,0.11758179537438451
1008,502,1510,0.1175544978255732
1003,513,1516,0.11753646701897445
983,511,1494,0.11753199177561902
984,513,1497,0.11757469518141822
978,512,1490,0.11761188031703318
972,515,1487,0.11765996608409234
973,507,1480,0.11771831279980023
980,514,1494,0.11777111389324924
964,520,1484,0.11780514218800058
977,525,1502,0.1178746360144298
976,537,1513,0.11791089298240069
976,533,1509,0.11794652697352465
970,527,1497,0.11798191982324724
966,538,1504,0.1180298974440373
964,541,1505,0.11808391276863009
961,550,1511,0.11814022292701765
957,551,1508,0.11819812253915617
947,543,1490,0.11826348010152404
939,552,1491,0.11834717324742847
943,560,1503,0.11844259563193607
945,564,1509,0.11852247117720711
936,565,1501,0.11859211299091726
931,563,1494,0.11867952004435614
935,564,1499,0.11877439336087456
942,565,1507,0.11885317495890693
938,565,1503,0.1189116994431659
934,564,1498,0.1189752879314165
939,565,1504,0.11904406877399172
940,575,1515,0.11909505624316
931,572,1503,0.1191389337334908
930,573,1503,0.11920169962707929
923,579,1502,0.11926412945204622
920,584,1504,0.11933952821478393
920,583,1503,0.11941686889595206
920,587,1507,0.11948936342164405
920,585,1505,0.11955544939167094
932,584,1516,0.11961856405267085
927,592,1519,0.11964859861061444
920,592,1512,0.11968938136831046
915,582,1497,0.1197463253286847
920,587,1507,0.1198082926757895
916,595,1511,0.11985796796127651
912,587,1499,0.11991315454202961
912,590,1502,0.11997458239791009
916,591,1507,0.12003375538870792
903,603,1506,0.12007910226842683
908,604,1512,0.12015128069296126
912,596,1508,0.12020917828255015
908,592,1500,0.12025176258907219
900,595,1495,0.12030105646168007
894,594,1488,0.12036518439498761
892,600,1492,0.12043992476662681
902,604,1506,0.12051583135052409
891,607,1498,0.12056584567256409
898,618,1516,0.12063470495741672
891,612,1503,0.1206843064256208
891,613,1504,0.12074740081361153
894,612,1506,0.1208038964003979
895,607,1502,0.12084657497472598
885,610,1495,0.12088423556317636
878,609,1487,0.12093872005694788
892,602,1494,0.12100654216552593
898,599,1497,0.12103747708629932
897,602,1499,0.12105284613969754
902,598,1500,0.12106870088350202
913,597,1510,0.12107124285339793
910,599,1509,0.12104739158783465
899,603,1502,0.12103109038704699
894,601,1495,0.12104399671179122
904,605,1509,0.12106614943621288
898,611,1509,0.12106248129702493
895,611,1506,0.12107274461877303
901,611,1512,0.12108932198772909
908,604,1512,0.12109380191155938
895,611,1506,0.12108257815916103
887,623,1510,0.12110179512367214
895,613,1508,0.12113886978068669
903,610,1513,0.12115328686055786
900,613,1513,0.12114927894985042
899,614,1513,0.12114949692917473
898,609,1507,0.12115484599103205
895,618,1513,0.12116214842673237
891,606,1497,0.12117493674378148
884,611,1495,0.12119731856636402
883,624,1507,0.12123502222387814
892,615,1507,0.12127465779285934
886,620,1506,0.12129255176470007
888,621,1509,0.12132473319918487
883,628,1511,0.12134858883037897
876,619,1495,0.1213842907013149
878,629,1507,0.12143314492453836
875,640,1515,0.12147518791174265
874,636,1510,0.12152149808792735
870,641,1511,0.12156747341548091
876,638,1514,0.12161875970516017
869,639,1508,0.12165421875776278
867,638,1505,0.12170312763550395
867,639,1506,0.12175199992005238
864,647,1511,0.12179668747300877
867,645,1512,0.12184329268941879
858,647,1505,0.12187959915423295
854,640,1494,0.12193310937945111
850,633,1483,0.1219925131803209
861,641,1502,0.12205420651584013
861,647,1508,0.12208748942435886
863,652,1515,0.12211688015784172
873,656,1529,0.12213963617064053
866,653,1519,0.12213520232247936
864,650,1514,0.1221490655461373
857,643,1500,0.1221671787876168
851,650,1501,0.12220178084282061
854,651,1505,0.12224722916249224
859,647,1506,0.12228447686747149
858,650,1508,0.12230837354179627
857,652,1509,0.1223305902200967
858,658,1516,0.12235632436425999
856,654,1510,0.12237746223671425
860,653,1513,0.12240314062051642
855,649,1504,0.12241758947182646
857,651,1508,0.12244026984867347
855,656,1511,0.12245658756944636
854,657,1511,0.12247847213353098
852,654,1506,0.12250201471532582
844,658,1502,0.12252945899349324
843,655,1498,0.1225730750081161
841,663,1504,0.12261778802585148
849,654,1503,0.12266459813690016
849,654,1503,0.12269019949235055
849,656,1505,0.12271006727887887
854,654,1508,0.12272930378890927
856,653,1509,0.12273565811078165
851,659,1510,0.12273798225703665
848,661,1509,0.12275462995689215
851,670,1521,0.12277666887002976
852,665,1517,0.122791429646051
844,658,1502,0.12280359135660515
841,669,1510,0.12283151257854887
849,661,1510,0.12286546680514605
846,656,1502,0.12287813558003408
840,667,1507,0.1228979866994305
845,667,1512,0.12293063740250741
838,668,1506,0.122950002066279
829,676,1505,0.12298397358984736
817,669,1486,0.12303772871087805
824,673,1497,0.12311681171263249
823,679,1502,0.12317328154218282
815,677,1492,0.12322814329638
813,668,1481,0.12329640921171596
808,678,1486,0.12336454162238417
809,680,1489,0.12344016817045542
801,684,1485,0.12350500629819205
797,683,1480,0.12358628514942804
808,681,1489,0.1236715964956009
808,696,1504,0.12372465401041526
807,696,1503,0.12377295158453908
811,697,1508,0.1238198599293644
815,697,1512,0.1238582042714037
813,689,1502,0.12388539233713315
811,685,1496,0.12391614540183431
805,693,1498,0.12394955457901215
810,689,1499,0.12399391995553188
821,690,1511,0.12402348931718699
817,698,1515,0.12402657715957266
805,696,1501,0.12403946806994075
809,682,1491,0.12408063158178337
821,685,1506,0.12410878632977218
830,688,1518,0.12410261828294777
831,686,1517,0.12407917040062884
827,694,1521,0.1240556236216608
829,691,1520,0.12404320140953867
817,694,1511,0.12402867992615306
805,695,1500,0.12404254672240235
802,682,1484,0.12408346428806365
799,687,1486,0.12412903152086788
799,693,1492,0.12417946090856581
792,693,1485,0.12422669079335939
798,699,1497,0.12428696830953877
792,696,1488,0.12433124552739658
791,707,1498,0.12438775280291184
790,711,1501,0.12444347247375877
788,714,1502,0.12449669168083621
776,710,1486,0.12455358349912107
787,717,1504,0.12463457058671218
784,716,1500,0.12468353336690383
786,712,1498,0.12473668306430107
780,724,1504,0.12478054043845901
774,724,1498,0.12483503048951831
780,734,1514,0.12489933728149741
775,731,1506,0.12494647888210786
769,730,1499,0.1250029560942408
775,730,1505,0.12506984177912778
777,733,1510,0.12511789709320237
775,734,1509,0.12515770426303988
771,733,1504,0.12520052458935374
765,728,1493,0.12524941790530608
765,733,1498,0.1253082959917214
770,746,1516,0.1253654081540793
759,748,1507,0.12541018092757905
761,750,1511,0.12547775669945974
750,759,1509,0.1255357027874397
746,755,1501,0.1256151670494225
757,761,1518,0.12569778225932124
762,756,1518,0.12574913946767577
754,761,1515,0.1257847683054776
754,760,1514,0.1258359545630113
748,758,1506,0.12588519278868948
749,767,1516,0.12594507140786532
751,762,1513,0.12599635071686258
751,760,1511,0.1260408339220835
756,767,1523,0.12608029813818414
755,773,1528,0.1261061887078139
739,769,1508,0.12613561439193458
739,760,1499,0.12619934630661436
746,762,1508,0.12626031033835136
737,768,1505,0.12630074839157404
738,771,1509,0.12635749748019862
735,778,1513,0.1264060193652464
731,773,1504,0.12645577869958863
736,778,1514,0.12651325572053157
727,769,1496,0.12655764979562206
736,762,1498,0.12661921702823023
735,768,1503,0.1266568381386753
736,773,1509,0.12669392224541906
740,770,1510,0.1267253602406852
736,767,1503,0.1267467629048258
744,758,1502,0.12677572624044975
737,760,1497,0.1267825436933804
740,772,1512,0.12680590063514002
737,778,1515,0.12682116562865528
733,778,1511,0.12684139355472243
738,781,1519,0.126870568675667
742,781,1523,0.12688677355597894
740,774,1514,0.12689403856175677
745,761,1506,0.12690480023612935
733,763,1496,0.12690300002938698
725,754,1479,0.1269248474589884
727,762,1489,0.1269636762562435
727,757,1484,0.1269947948381226
735,763,1498,0.12702232383179413
731,760,1491,0.12702809767062695
726,762,1488,0.12704332452043193
737,771,1508,0.12706870170112014
734,769,1503,0.1270664777840359
739,777,1516,0.1270729264545802
739,779,1518,0.12706772713143055
739,785,1524,0.12706355327852417
739,782,1521,0.12706078352045555
746,769,1515,0.12705911289676236
742,771,1513,0.12704238081526265
731,777,1508,0.1270370179728472
739,776,1515,0.1270584816314493
740,782,1522,0.1270615122609022
726,783,1509,0.1270643511621494
725,778,1503,0.12709902972819428
715,781,1496,0.12713449428241372
711,769,1480,0.12718809934293274
731,776,1507,0.12724419812146393
738,776,1514,0.12724699738748543
734,765,1499,0.12723462270207217
734,784,1518,0.1272312283038678
743,782,1525,0.12722907174669776
738,791,1529,0.12720816773875213
730,792,1522,0.1272004732337889
722,786,1508,0.1272125467017747
716,790,1506,0.1272430808154413
715,781,1496,0.12728589162299733
714,777,1491,0.12732840380427204
713,781,1494,0.12737105360708956
720,784,1504,0.12741188341271362
719,791,1510,0.12743518938258241
718,795,1513,0.12745834751589694
712,804,1516,0.1274833170763889
709,799,1508,0.1275238818296689
713,792,1505,0.12756723799451508
707,797,1504,0.12759823808590542
709,795,1504,0.12763958687564714
710,789,1499,0.12767479106977003
709,789,1498,0.1277059163938135
711,798,1509,0.12773757499621027
701,789,1490,0.12776105798003828
707,796,1503,0.1278049809699614
709,796,1505,0.12783363325657487
699,800,1499,0.12785622682455788
697,800,1497,0.12790143499752918
704,794,1498,0.12794692729294968
712,796,1508,0.1279740517612813
710,793,1503,0.12798185095574546
706,794,1500,0.127994080855141
697,801,1498,0.12801498429578995
704,793,1497,0.12805511984315326
702,786,1488,0.1280794186613295
701,800,1501,0.12810851610105142
691,809,1500,0.1281347605940634
684,808,1492,0.12818126421937082
693,810,1503,0.1282405926437476
701,806,1507,0.12827588245970553
700,802,1502,0.1282901624100875
703,813,1516,0.12830676878338118
703,810,1513,0.12831476500550124
706,810,1516,0.12832173069208047
703,806,1509,0.1283235774155249
700,810,1510,0.12833010151495639
700,807,1507,0.1283440468006535
702,814,1516,0.1283570976684855
693,804,1497,0.12836475042094597
697,810,1507,0.12839442495220882
684,808,1492,0.12841489452702817
683,812,1495,0.12846006840296564
686,817,1503,0.12850386471789366
691,812,1503,0.12853914902112762
689,825,1514,0.12856117139787793
684,820,1504,0.12858752074305901
680,819,1499,0.1286233387570989
685,818,1503,0.12866595508072703
684,821,1505,0.12869524778408092
691,822,1513,0.12872240664071427
689,823,1512,0.12873201739702908
686,820,1506,0.1287458330385728
681,822,1503,0.12876676252647898
681,817,1498,0.12879645121222866
691,819,1510,0.12882367627169666
679,811,1490,0.12882560084987454
680,821,1501,0.12885632947101058
685,820,1505,0.1288816091326478
683,814,1497,0.12889334163195085
690,821,1511,0.12891038794476548
693,822,1515,0.12890901982603595
692,823,1515,0.12890069948308808
689,818,1507,0.12889380951381837
679,813,1492,0.12889572688596165
669,814,1483,0.1289191301611279
669,824,1493,0.1289653974270468
666,825,1491,0.1290090255221556
672,823,1495,0.1290551463762618
671,812,1483,0.12908336470811527
674,818,1492,0.12910969665197022
674,821,1495,0.12912892214937288
677,821,1498,0.1291484913932709
679,820,1499,0.12915952303141434
680,820,1500,0.1291651857320269
687,821,1508,0.12916935489091144
685,820,1505,0.1291564194716535
694,825,1519,0.12914994880349562
690,829,1519,0.12912394256990456
684,824,1508,0.12910888177996976
686,822,1508,0.12910874584875662
688,817,1505,0.12910428340407226
679,812,1491,0.12909571043710533
678,815,1493,0.1291090376538753
685,811,1496,0.12912489142555855
678,821,1499,0.1291223809900457
685,817,1502,0.12913645445870336
682,817,1499,0.12913335154372585
681,824,1505,0.12913829743303848
690,830,1520,0.12914698514417597
684,828,1512,0.1291361626093141
686,829,1515,0.1291391991834944
677,829,1506,0.12913857207187862
672,831,1503,0.12915731953348783
680,841,1521,0.12918747499996483
679,842,1521,0.12919591317482998
672,842,1514,0.1292065091098058
675,837,1512,0.12923268048774678
671,839,1510,0.12925044801706742
678,830,1508,0.12927549951492537
673,830,1503,0.12928583844061073
673,829,1502,0.12930550618402303
672,836,1508,0.1293241748969523
673,845,1518,0.1293452547321478
672,838,1510,0.12936314893570336
684,834,1518,0.12938252324005586
691,836,1527,0.129371545712907
686,839,1525,0.12934553062985427
679,839,1518,0.12933278850913088
682,836,1518,0.12933704542922173
677,832,1509,0.12933425250324182
676,834,1510,0.12934347244768737
680,828,1508,0.12935425826262026
678,820,1498,0.12935636228835876
688,826,1514,0.12936198661733866
674,820,1494,0.12934534051289973
669,836,1505,0.12936211315401666
676,842,1518,0.12938869202501777
672,850,1522,0.12939670317353485
668,844,1512,0.12941078892019553
673,844,1517,0.1294333167475741
674,846,1520,0.12944370432730146
666,833,1499,0.12944934388705803
656,835,1491,0.1294757751490993
668,824,1492,0.12952385366614605
659,838,1497,0.12954286666214065
660,843,1503,0.1295797667439249
666,849,1515,0.12961174645463625
663,847,1510,0.1296275512286176
662,852,1514,0.12964870317204658
663,852,1515,0.1296707613846552
661,858,1519,0.12968995558413443
675,849,1524,0.12971218143477586
661,850,1511,0.1297004306077225
655,852,1507,0.12972109933038767
661,858,1519,0.12975563277949545
654,864,1518,0.12977516562194263
656,867,1523,0.12980978933783896
659,866,1525,0.12983919125680526
652,868,1520,0.12985913190404158
647,861,1508,0.12989411957667288
643,860,1503,0.1299390008658345
648,865,1513,0.12999094167471884
643,870,1513,0.13002897029323882
636,875,1511,0.13007596593574655
642,878,1520,0.13013553754446217
634,874,1508,0.1301771392477458
634,871,1505,0.13023426514769523
635,865,1500,0.1302860557870953
629,859,1488,0.13033328011252576
626,864,1490,0.13038852152276112
632,859,1491,0.1304477550678177
630,863,1493,0.13048888972935535
632,870,1502,0.13053113264138208
638,874,1512,0.13056560099582293
639,875,1514,0.13058221324205005
637,874,1511,0.13059549728541242
633,876,1509,0.13061381475436573
625,882,1507,0.13064032930177283
627,865,1492,0.13068398217990776
627,870,1497,0.13072141384349312
635,872,1507,0.13075498774549524
632,878,1510,0.1307669579637698
635,864,1499,0.13078329134856528
641,858,1499,0.13079167863401575
638,859,1497,0.13078263058747683
635,866,1501,0.13078127728087272
641,854,1495,0.13078913710233933
636,865,1501,0.13078367965719598
632,871,1503,0.1307884698174624
638,876,1514,0.1308038724620334
631,887,1518,0.13080508625669293
626,880,1506,0.13082170294490847
635,860,1495,0.1308503235991191
631,866,1497,0.13085438030920174
628,871,1499,0.13086724706352595
626,884,1510,0.13088534460009132
624,870,1494,0.1309081207214989
628,880,1508,0.1309340930428015
628,872,1500,0.13094890010881263
626,875,1501,0.1309642574787075
622,869,1491,0.13098293022716645
619,876,1495,0.13101057910663869
614,878,1492,0.13104496887505493
612,870,1482,0.13108695556622632
612,876,1488,0.1311307928431632
604,872,1476,0.13117025975409224
601,880,1481,0.13122545353963816
603,881,1484,0.13128309413218398
610,883,1493,0.1313315578186925
611,893,1504,0.13135929377773173
609,894,1503,0.13138342973253067
615,891,1506,0.13140882974217433
620,881,1501,0.13141977898942805
623,888,1511,0.13141858197888123
624,883,1507,0.13140881968808404
627,890,1517,0.13139672382738216
630,883,1513,0.1313794782575405
630,885,1515,0.1313560871049648
627,890,1517,0.1313317440769511
623,874,1497,0.13131804417728588
619,870,1489,0.1313151856988851
617,887,1504,0.13132141829159966
623,903,1526,0.1313321569302237
617,893,1510,0.13132778072178028
622,891,1513,0.13133945530354552
621,890,1511,0.13134061957447304
620,890,1510,0.13134424694872657
615,905,1520,0.1313481193811158
621,898,1519,0.1313646918528608
616,892,1508,0.13136763058325354
610,894,1504,0.1313809169550037
616,905,1521,0.13140624978135645
615,902,1517,0.13141697368591768
618,898,1516,0.13143011604870852
615,904,1519,0.13143550313219557
616,905,1521,0.1314450055939159
615,906,1521,0.13145131655249856
605,897,1502,0.13145956345477175
608,883,1491,0.13148909014992174
604,889,1493,0.1315123172521368
598,883,1481,0.13154281280110333
607,887,1494,0.13158638948786705
600,888,1488,0.1316064883174043
605,895,1500,0.13164047251720462
607,900,1507,0.13166011660413365
596,904,1500,0.13167528443351859
603,894,1497,0.1317150620098727
597,899,1496,0.13173663107874778
601,906,1507,0.13177028194091756
615,906,1521,0.13179345573757625
607,899,1506,0.13178286005988574
598,904,1502,0.1317917832858131
600,910,1510,0.13182036244576867
600,915,1515,0.1318414704280815
595,912,1507,0.13186284270818704
588,902,1490,0.13189535507554645
590,903,1493,0.13194445464464835
580,914,1494,0.13198488676615472
581,930,1511,0.1320462083972838
578,930,1508,0.13210237850529583
574,938,1512,0.13216181359298684
573,947,1520,0.13222674165477546
575,934,1509,0.13229034128070027
564,918,1482,0.13234432918223182
569,931,1500,0.1324205774459729
568,944,1512,0.1324795056190118
576,940,1516,0.13253456455385448
561,937,1498,0.1325674092663724
564,940,1504,0.13263132251983514
568,941,1509,0.1326836334348936
559,957,1516,0.13272289219892225
560,956,1516,0.1327795243742202
563,943,1506,0.13283014771257912
568,945,1513,0.13287002702761183
568,945,1513,0.13289640588859236
562,950,1512,0.1329209204062107
557,950,1507,0.13295933911648197
555,952,1507,0.1330074356482321
566,948,1514,0.13305576258394147
569,945,1514,0.1330752066436349
563,935,1498,0.13308448342428544
570,923,1493,0.13310590288706886
563,935,1498,0.13311034193626356
561,939,1500,0.1331321938187374
559,939,1498,0.1331570238281192
566,946,1512,0.13318323829176915
560,958,1518,0.13319189420235314
556,947,1503,0.13321737384772134
558,940,1498,0.13324963728494718
553,930,1483,0.13327569645756218
552,934,1486,0.13331051421944626
558,940,1498,0.13334539663356024
561,943,1504,0.13336568213436045
571,943,1514,0.13337674631926968
560,944,1504,0.1333647463176532
554,949,1503,0.13337795915759112
556,946,1502,0.1334049351712236
554,954,1508,0.13342657654396206
544,955,1499,0.1334534263329957
543,960,1503,0.13350182420871876
538,961,1499,0.13355099005705257
539,964,1503,0.13360846896620424
539,965,1504,0.13366020938941714
540,967,1507,0.13370549724108285
542,965,1507,0.13374547937821105
538,958,1496,0.1337779742395425
539,957,1496,0.13381764013541986
539,969,1508,0.13385436580854018
538,967,1505,0.13389020513537533
545,975,1520,0.1339262686646141
548,965,1513,0.13394172686035521
534,969,1503,0.1339490805947477
537,988,1525,0.13398800402002684
538,987,1525,0.13401707755728634
542,964,1506,0.13404307012463254
533,975,1508,0.13405776317655502
535,985,1520,0.13409356778399784
527,987,1514,0.13412398261063918
526,985,1511,0.13417079116321268
527,995,1522,0.13421569464278865
527,973,1500,0.13425461899029578
521,970,1491,0.13429101770076785
518,967,1485,0.13433707151873964
529,970,1499,0.1343859514090832
530,972,1502,0.13440573183280877
534,975,1509,0.13442080212042348
531,973,1504,0.1344261769024109
533,975,1508,0.134437408269843
529,983,1512,0.13444434559700125
528,975,1503,0.13446081097126084
528,984,1512,0.13447775499852038
525,979,1504,0.13449348632700744
528,994,1522,0.1345160222056358
527,987,1514,0.13452808302866268
531,991,1522,0.13454167447398382
527,986,1513,0.1345452203834456
521,998,1519,0.1345600556454459
518,999,1517,0.1345875151575151
519,986,1505,0.13462130170591927
523,979,1502,0.1346491845346477
516,977,1493,0.13466520637457557
528,981,1509,0.134694958834972
524,977,1501,0.1346928720614416
526,977,1503,0.13470196611402194
531,985,1516,0.13470594366750355
537,984,1521,0.13469810877254182
530,981,1511,0.13467785330323134
524,987,1511,0.13467580061025386
523,981,1504,0.1346861124015698
525,975,1500,0.13469871437830666
537,975,1512,0.1347040776365351
541,984,1525,0.1346816384935837
536,988,1524,0.13465224887672456
533,989,1522,0.13463744424844404
525,984,1509,0.1346312481119504
529,991,1520,0.13464480791743585
524,999,1523,0.1346502512955321
520,995,1515,0.13466711817527333
516,995,1511,0.13469403304025107
516,997,1513,0.1347284524644074
504,989,1493,0.13475873738039904
503,994,1497,0.13481432862474624
503,988,1491,0.13486888351440998
496,992,1488,0.13492137997124581
488,1004,1492,0.13498730130807493
488,1002,1490,0.13506645807762013
492,994,1486,0.13514015550590033
501,996,1497,0.13520051107178055
503,1002,1505,0.13523500007744307
504,1003,1507,0.13526250618999935
504,997,1501,0.13528327705625545
497,997,1494,0.13530305429397
497,1004,1501,0.1353371197168578
496,1007,1503,0.1353690345761763
492,1012,1504,0.13540118010841884
495,1011,1506,0.13544243402772818
485,1017,1502,0.13547379961954475
480,1022,1502,0.13552627695951738
478,1019,1497,0.13558771462737199
478,1030,1508,0.135650006470263
482,1035,1517,0.1357082282561731
476,1030,1506,0.13575423541119055
482,1033,1515,0.13581065967711847
483,1030,1513,0.13584918213634148
486,1037,1523,0.1358824159269993
488,1036,1524,0.13590603805268497
488,1031,1519,0.13592309829291133
492,1030,1522,0.13594115587129707
486,1019,1505,0.13594817845234547
485,1022,1507,0.1359691156338863
479,1029,1508,0.13599266215792652
478,1033,1511,0.13602819395772558
471,1029,1500,0.13606432425497314
471,1037,1508,0.13611536324373297
471,1031,1502,0.13616293044873606
482,1040,1522,0.13620576314020869
476,1033,1509,0.1362201762837809
478,1034,1512,0.13624897710441713
476,1032,1508,0.13626967259504194
468,1038,1506,0.1362922556610329
467,1042,1509,0.13633155119111692
469,1040,1509,0.13637025882153067
462,1036,1498,0.13640271828829698
471,1038,1509,0.13644896759454095
469,1040,1509,0.13647077364249693
462,1045,1507,0.13649689214690727
459,1042,1501,0.13653837240856692
458,1039,1497,0.13658354252922295
455,1045,1500,0.1366280052051166
451,1059,1510,0.1366776694945813
456,1056,1512,0.13673431466504232
450,1059,1509,0.13677729604891015
450,1059,1509,0.136830269136757
455,1074,1529,0.13687859418819362
452,1067,1519,0.13691208500799457
453,1060,1513,0.13694979657123804
456,1062,1518,0.13698303905855425
444,1058,1502,0.13700786689231578
446,1063,1509,0.13705680222780764
447,1069,1516,0.13709861776926485
441,1060,1501,0.13713538958830523
433,1066,1499,0.1371826442420324
440,1061,1501,0.13724480298362363
434,1067,1501,0.13728583424595261
437,1060,1497,0.1373395714634052
437,1066,1503,0.1373819172381167
442,1079,1521,0.1374213772441764
440,1088,1528,0.1374466384880834
430,1093,1523,0.13747577664749183
433,1086,1519,0.13752557868122264
433,1074,1507,0.1375655028140714
429,1086,1515,0.13760334395976972
429,1091,1520,0.13764765032869689
430,1092,1522,0.1376899960571322
427,1087,1514,0.13772570278212481
424,1088,1512,0.13776634736967072
431,1092,1523,0.1378119929247245
426,1094,1520,0.13783722872848966
420,1089,1509,0.1378720695542588
419,1087,1506,0.13791814424227267
415,1095,1510,0.13796397905274696
414,1095,1509,0.13801596732666763
415,1088,1503,0.13806707783596187
413,1092,1505,0.13811278834982527
413,1091,1504,0.13815993860145215
406,1099,1505,0.13820444847483868
408,1095,1503,0.13826249706291893
407,1099,1506,0.13831171678099466
409,1091,1500,0.13835826736388904
414,1095,1509,0.1383977567006384
412,1096,1508,0.13842242500881288
415,1089,1504,0.13845059353584158
416,1100,1516,0.1384683504415848
407,1101,1508,0.1384838329347235
410,1103,1513,0.13852103909948835
409,1118,1527,0.13854930493735043
408,1111,1519,0.1385771544504628
410,1104,1514,0.13860351897363463
411,1104,1515,0.1386223601555723
411,1102,1513,0.1386386857152247
405,1101,1506,0.13865418936156076
407,1097,1504,0.1386836069410178
410,1097,1507,0.13870583076144158
411,1093,1504,0.13872018392319047
403,1096,1499,0.13873155643872573
402,1084,1486,0.13876045008320836
401,1093,1494,0.13879016724102425
400,1098,1498,0.13882107687603007
398,1101,1499,0.1388518266809489
397,1098,1495,0.13888357903024875
403,1109,1512,0.13891501052985286
401,1093,1494,0.13892873469935818
405,1091,1496,0.13894591896604758
406,1090,1496,0.13895184788232887
407,1102,1509,0.13895558779640121
403,1106,1509,0.138956771069713
405,1103,1508,0.13896560120644466
403,1119,1522,0.1389708006785051
406,1118,1524,0.13898172736594513
391,1110,1501,0.13898470488800363
393,1111,1504,0.13902288507644045
392,1119,1511,0.1390560783851751
386,1128,1514,0.1390898456522145
381,1127,1508,0.1391346163191823
377,1125,1502,0.13918824186120834
379,1134,1513,0.1392465994568831
380,1139,1519,0.13929674425968602
380,1149,1529,0.13934101587096412
376,1144,1520,0.13938071999515766
374,1148,1522,0.1394289575993234
371,1150,1521,0.13947758496428728
371,1145,1516,0.13953043472363327
371,1152,1523,0.13958115252584122
373,1153,1526,0.13963037382429128
367,1154,1521,0.13967148574216243
365,1150,1515,0.13972353566743542
368,1148,1516,0.13977625464636698
370,1145,1515,0.13981723045424638
369,1141,1510,0.1398523959215844
366,1143,1509,0.13988710236095778
360,1134,1494,0.1399255137575401
358,1139,1497,0.139973976903
358,1157,1515,0.14002339388703175
362,1143,1505,0.14006892852163164
361,1132,1493,0.14009987647627523
358,1141,1499,0.14013182331406243
357,1135,1492,0.14016947411962635
354,1144,1498,0.14020834398257004
357,1154,1511,0.14025399949241962
365,1152,1517,0.14028912036502583
370,1156,1526,0.14030011313072235
370,1156,1526,0.14029803300727237
372,1144,1516,0.1402959853907484
373,1147,1520,0.14029063900791228
368,1156,1524,0.14028164067903495
367,1159,1526,0.1402831004698098
367,1154,1521,0.14028928360806653
367,1147,1514,0.1402956638774459
369,1156,1525,0.1402992425619167
364,1134,1498,0.1402988250244307
364,1129,1493,0.1403096465375685
363,1131,1494,0.14031872550329527
365,1132,1497,0.1403306478022754
371,1128,1499,0.14033730654025017
363,1143,1506,0.14032935430374205
366,1152,1518,0.14034171759776903
358,1156,1514,0.14034718885055977
354,1147,1501,0.14037050919482577
351,1140,1491,0.14040269752913737
355,1143,1498,0.1404395257190149
359,1152,1511,0.14046144491686025
362,1166,1528,0.14047291964696682
364,1153,1517,0.14047624507218698
366,1145,1511,0.14047499288189919
358,1154,1512,0.14046934326119287
354,1149,1503,0.14048379192206956
349,1155,1504,0.14050704691206284
359,1146,1505,0.14054090570231687
360,1147,1507,0.14054639237640565
366,1152,1518,0.14054890772686562
362,1146,1508,0.14053742819806303
362,1135,1497,0.14053747207712589
363,1142,1505,0.14053805892293744
360,1144,1504,0.14053662133826253
351,1143,1494,0.1405418225478611
355,1155,1510,0.140567266328058
356,1162,1518,0.14058234732562916
361,1164,1525,0.14059378060340635
357,1165,1522,0.14059185590794102
348,1171,1519,0.14059887825455658
352,1167,1519,0.1406273049320009
353,1176,1529,0.14064602383445904
353,1179,1532,0.14066118058156862
358,1171,1529,0.14067653460283813
352,1163,1515,0.1406762231264018
354,1164,1518,0.14069040956829484
358,1158,1516,0.14069699206190905
351,1154,1505,0.14069313315000703
349,1161,1510,0.14070690032073188
352,1159,1511,0.14072245500271685
351,1157,1508,0.14073080844150676
349,1153,1502,0.1407370227045063
348,1147,1495,0.14074876910580872
350,1160,1510,0.14076390441520978
350,1158,1508,0.14077507022178276
356,1157,1513,0.14078394655777082
351,1143,1494,0.1407783569168466
349,1163,1512,0.14078643282567493
351,1169,1520,0.1407992913988242
345,1163,1508,0.14080646326055313
348,1167,1515,0.14082634702417884
347,1171,1518,0.1408376004090713
341,1165,1506,0.1408509600725829
335,1161,1496,0.1408765499605135
333,1165,1498,0.1409129748612222
338,1166,1504,0.14095393570987041
340,1160,1500,0.1409816141498321
343,1180,1523,0.14100150945076992
345,1169,1514,0.14101292208212582
341,1167,1508,0.1410178985283492
340,1173,1513,0.14103120100480487
336,1174,1510,0.14104606370008446
329,1160,1489,0.14107031374977183
333,1161,1494,0.14110940620454573
337,1163,1500,0.14113590424063946
340,1165,1505,0.14115323184600462
335,1182,1517,0.14116145530931687
339,1182,1521,0.1411796457803952
341,1174,1515,0.14118679487980457
342,1176,1518,0.14118969646205978
336,1169,1505,0.14118940312279396
332,1176,1508,0.14120309603932318
333,1184,1517,0.14122522451655295
335,1180,1515,0.14124593481374026
339,1181,1520,0.14125992086032363
345,1174,1519,0.141265184053393
339,1164,1503,0.14125464765374773
335,1172,1507,0.141260072058006
335,1174,1509,0.14127419550641387
339,1171,1510,0.14128829380800112
338,1164,1502,0.14129222177936324
339,1167,1506,0.14129823023157476
341,1167,1508,0.14130298117282208
342,1172,1514,0.1413019654423902
343,1177,1520,0.14129723215783993
339,1166,1505,0.14128947306712
347,1165,1512,0.14129230268840107
336,1186,1522,0.14127743992050898
335,1187,1522,0.14129112827951557
331,1187,1518,0.14130560453642868
329,1183,1512,0.1413295332206606
332,1178,1510,0.14135458421286679
330,1172,1502,0.141369687198089
327,1177,1504,0.1413876930590013
321,1190,1511,0.1414113269842461
320,1188,1508,0.14144853106296407
325,1188,1513,0.14148522367496272
328,1201,1529,0.14150775934201854
325,1194,1519,0.14152124823745876
320,1196,1516,0.14154179798209632
312,1195,1507,0.14157430814286645
314,1197,1511,0.14162349782276937
319,1190,1509,0.14166538763803305
323,1190,1513,0.1416936691830228
323,1202,1525,0.14171197437142094
318,1206,1524,0.14173046608767542
313,1208,1521,0.14175852382231438
314,1202,1516,0.14179833249779805
314,1206,1520,0.14183235483351228
315,1204,1519,0.1418657917793498
309,1212,1521,0.14189475612429653
310,1204,1514,0.14193716365530598
306,1206,1512,0.14197334112117463
312,1201,1513,0.14201659219826315
305,1215,1520,0.14204131316037955
302,1210,1512,0.14208062205246047
301,1204,1505,0.1421247720151501
300,1215,1515,0.14216937220005618
294,1221,1515,0.14221123239139905
297,1211,1508,0.1422659033434059
295,1209,1504,0.14230985419658754
294,1206,1500,0.14235720095041826
298,1218,1516,0.14240378160002223
298,1212,1510,0.142436226353266
296,1226,1522,0.1424675276539541
296,1221,1517,0.14250145002812128
292,1223,1515,0.1425323538203805
300,1221,1521,0.1425709924618422
298,1228,1526,0.14258730835540817
299,1229,1528,0.1426081560947144
302,1235,1537,0.14262435194373613
301,1219,1520,0.14263159458885044
304,1217,1521,0.14264104158460825
298,1221,1519,0.1426436130072376
298,1215,1513,0.1426599744543562
298,1233,1531,0.14267552138651912
300,1231,1531,0.14269018627372015
303,1225,1528,0.14269906385857017
302,1225,1527,0.1427001082495559
297,1214,1511,0.14270217761313497
301,1198,1499,0.14271544301959513
305,1206,1511,0.1427192659336696
306,1206,1512,0.1427128684561768
304,1208,1512,0.14270089602875624
299,1212,1511,0.1426968876080528
299,1217,1516,0.14270635456452968
297,1235,1532,0.14271581251105198
301,1224,1525,0.14272906135533794
303,1226,1529,0.142732491656324
306,1219,1525,0.14273083380912932
309,1199,1508,0.14271957353491074
310,1209,1519,0.14270298338842008
307,1210,1517,0.14268372911854424
311,1217,1528,0.1426746701779945
308,1217,1525,0.1426564884852746
307,1209,1516,0.14264714656738905
309,1203,1512,0.14264193920891152
309,1207,1516,0.14263368264372972
305,1204,1509,0.1426247984458049
298,1205,1503,0.14262476450592246
299,1213,1512,0.14264264045271446
299,1214,1513,0.1426552500543676
303,1216,1519,0.14266470242352589
299,1203,1502,0.14266238795972674
297,1212,1509,0.1426741247793497
290,1211,1501,0.14268963616364844
291,1217,1508,0.14271993214357717
290,1219,1509,0.1427470918486735
293,1223,1516,0.14277566227459257
288,1232,1520,0.14279695400663436
292,1224,1516,0.14282644942904532
292,1222,1514,0.14284587011625682
291,1224,1515,0.14286388857138005
290,1232,1522,0.14288273691808107
285,1232,1517,0.14290376097998878
281,1235,1516,0.14293512371730288
279,1222,1501,0.14297365898996361
283,1228,1511,0.14301512176582457
277,1221,1498,0.14304410462046857
281,1225,1506,0.14308468549391104
279,1219,1498,0.14311207464242354
280,1220,1500,0.14314028274248694
285,1225,1510,0.14316504329248558
279,1222,1501,0.14317517485498446
278,1239,1517,0.143199619479684
285,1230,1515,0.14322508910701642
282,1234,1516,0.1432326364356824
279,1222,1501,0.14324773170268262
276,1227,1503,0.14326913090572366
276,1238,1514,0.14329762992313358
274,1234,1508,0.1433251686338674
275,1233,1508,0.14335513408939396
275,1241,1516,0.14338036340093765
277,1238,1515,0.14340498270808483
275,1244,1519,0.14342402328432285
269,1247,1516,0.14344677802507147
264,1242,1506,0.14348221068339054
262,1251,1513,0.14352697689118218
266,1260,1526,0.1435727686646655
262,1259,1521,0.14360513664755709
266,1249,1515,0.14364585927668716
269,1254,1523,0.1436752085515136
262,1252,1514,0.14369461788221385
258,1245,1503,0.14372932960799972
254,1259,1513,0.14377185193132896
248,1257,1505,0.14382244979434536
248,1252,1500,0.14388517755455246
250,1248,1498,0.1439433942264453
258,1256,1514,0.14399325369266067
252,1267,1519,0.144020745989052
250,1271,1521,0.14405919423611008
250,1271,1521,0.1440994199577016
250,1262,1512,0.14413830079916262
248,1260,1508,0.14417439993472436
249,1276,1525,0.14421412152100135
241,1267,1508,0.14424894256187962
241,1274,1515,0.14430069726709044
242,1269,1511,0.1443498374497674
247,1256,1503,0.14439299203878334
241,1262,1503,0.14441812371347293
244,1273,1517,0.14445617222193685
239,1272,1511,0.14448522782414056
238,1274,1512,0.14452519277680145
240,1276,1516,0.14456513601572352
240,1273,1513,0.1445965747833885
241,1279,1520,0.14462694586416797
238,1279,1517,0.144652436642292
240,1267,1507,0.14468402668838581
243,1265,1508,0.14470814457700168
241,1272,1513,0.14472336489095303
240,1274,1514,0.14474176189197344
242,1280,1522,0.14476118779267869
242,1285,1527,0.14477365720183868
243,1272,1515,0.1447861211465319
242,1278,1520,0.14479577056360854
241,1278,1519,0.14480734606694243
235,1264,1499,0.14482040690197345
233,1271,1504,0.14484745243986158
240,1269,1509,0.14487699882063984
245,1270,1515,0.1448867794975617
242,1273,1515,0.14488553696849962
245,1276,1521,0.14489148239299626
241,1280,1521,0.14488891894727626
241,1284,1525,0.14489764440504876
236,1285,1521,0.14490569879392168
235,1285,1520,0.14492630620414404
226,1284,1510,0.14494852200429745
221,1303,1524,0.14499134536290662
227,1281,1508,0.14504217947405376
227,1276,1503,0.14507390718937807
223,1282,1505,0.14510385946295157
224,1290,1514,0.1451419237817744
226,1284,1510,0.1451763499077842
226,1274,1500,0.14520253824806623
230,1290,1520,0.14522847440973702
229,1299,1528,0.14524236833597073
230,1285,1515,0.14525758707101044
230,1295,1525,0.145268080337824
226,1291,1517,0.14527852597829954
224,1290,1514,0.14529599117407557
227,1277,1504,0.14531855764887333
230,1282,1512,0.14533023672769046
228,1277,1505,0.14533381205208734
226,1284,1510,0.14534141637488018
226,1289,1515,0.1453542526113191
223,1303,1526,0.14536474635888766
220,1283,1503,0.14538341906619187
223,1282,1505,0.14540848964487016
224,1295,1519,0.145426278832687
222,1299,1521,0.1454410723504122
217,1296,1513,0.14545865704297298
219,1283,1502,0.14548786499712435
218,1288,1506,0.1455100415113115
219,1292,1511,0.14553445958290878
222,1281,1503,0.14555330857985394
220,1296,1516,0.14556230139621762
215,1288,1503,0.14557739345118428
219,1293,1512,0.14560235875223554
214,1300,1514,0.14561596043851976
217,1304,1521,0.14564068237577443
219,1295,1514,0.14565772707837601
220,1309,1529,0.14566798375308498
220,1305,1525,0.14567539443370983
219,1305,1524,0.14568291192104288
221,1295,1516,0.14569292358845465
215,1299,1514,0.14569756607206355
214,1304,1518,0.1457163998884089
209,1298,1507,0.14573787519551756
208,1303,1511,0.14577042915492958
205,1296,1501,0.1458028412319625
209,1298,1507,0.14584254757097453
206,1296,1502,0.14586845361338924
205,1298,1503,0.1458997408553088
204,1297,1501,0.1459317351425259
203,1294,1497,0.145962176792838
205,1304,1509,0.14599268501777002
204,1309,1513,0.1460141828595792
203,1306,1509,0.1460377295151526
205,1312,1517,0.14606080126018242
201,1305,1506,0.14607723418167806
195,1308,1503,0.14610332297968118
192,1313,1505,0.14614194315862983
196,1315,1511,0.14618598020764142
190,1322,1512,0.1462179337791695
191,1329,1520,0.14626219188573805
194,1330,1524,0.1463019868627538
195,1316,1511,0.14633251098010686
194,1315,1509,0.1463591237826086
191,1321,1512,0.14638386974521642
194,1318,1512,0.14641466076700077
193,1324,1517,0.14643762759180803
190,1323,1513,0.14646156097515844
187,1318,1505,0.14649073428849638
192,1316,1508,0.14652564171719507
192,1328,1520,0.14654666963371502
189,1320,1509,0.14656675244375575
190,1332,1522,0.14659212196913635
189,1323,1512,0.14661364515596848
189,1329,1518,0.14663615361498689
187,1319,1506,0.1466561279786807
190,1311,1501,0.14668105220576622
187,1320,1507,0.14669807115011335
187,1323,1510,0.14672106776891478
192,1331,1523,0.1467414197834294
193,1334,1527,0.1467470313958359
186,1329,1515,0.14675029523967603
183,1334,1517,0.14677141305496433
192,1326,1518,0.14679879042970856
189,1321,1510,0.1468028663363654
189,1325,1514,0.14681385447931755
187,1327,1514,0.14682321641363205
190,1330,1520,0.14683558791572485
186,1327,1513,0.14684156346689975
185,1341,1526,0.14685747846668232
185,1340,1525,0.14687567384383218
182,1347,1529,0.14689261519156388
186,1354,1540,0.14691402476787568
181,1336,1517,0.1469238549053482
178,1344,1522,0.1469452468177905
181,1346,1527,0.14697324273168544
182,1356,1538,0.1469929536085788
177,1339,1516,0.14700928071939562
178,1333,1511,0.14703613999792275
182,1326,1508,0.14705814900549405
183,1323,1506,0.14706732843546327
178,1327,1505,0.14707360882952403
176,1327,1503,0.14709210540398865
172,1322,1494,0.14711382132397463
173,1325,1498,0.1471434084095694
179,1336,1515,0.14716914706810968
180,1323,1503,0.14717875462284785
180,1316,1496,0.14718393989524503
179,1315,1494,0.14718857884883943
178,1338,1516,0.14719414855943846
178,1343,1521,0.14720218633202206
179,1336,1515,0.1472088050568432
176,1344,1520,0.14721443069716675
173,1348,1521,0.1472277217377615
170,1337,1507,0.14724797309029325
165,1341,1506,0.1472750126366781
159,1350,1509,0.14731299651205565
158,1361,1519,0.14736348929636858
159,1354,1513,0.14741402127027417
155,1354,1509,0.147458229996921
155,1351,1506,0.14750886627035453
154,1364,1518,0.14755681514023392
157,1367,1524,0.14760334402569006
159,1365,1524,0.1476399490043599
158,1379,1537,0.1476680462226077
161,1382,1543,0.14769507366618298
158,1360,1518,0.14771322096520356
155,1358,1513,0.1477383329600393
154,1358,1512,0.14776974286948633
154,1364,1518,0.1478016794097023
157,1362,1519,0.14783259029003717
158,1363,1521,0.14785282239441422
162,1356,1518,0.14786849700313276
160,1355,1515,0.1478729834696452
161,1350,1511,0.147883104916541
162,1362,1524,0.14788979756156892
162,1359,1521,0.14789242819315498
157,1361,1518,0.14789584909460488
156,1363,1519,0.14791138073041712
156,1365,1521,0.14792739071747152
157,1378,1535,0.14794305581995648
157,1366,1523,0.14795567828542516
151,1358,1509,0.1479668023568963
150,1372,1522,0.14799196844262988
150,1373,1523,0.14801807191883273
146,1378,1524,0.14804150532003546
145,1363,1508,0.1480727419521629
150,1364,1514,0.14810455424281277
151,1368,1519,0.14812103425195308
155,1351,1506,0.14813402033338405
155,1362,1517,0.14813708236263978
155,1363,1518,0.14814013229411138
154,1355,1509,0.1481433356087808
151,1363,1514,0.14814635055682107
145,1372,1517,0.14815729329155686
153,1367,1520,0.14818232217193653
152,1365,1517,0.14818587241907735
153,1369,1522,0.1481926544730907
154,1363,1517,0.14819633529540321
154,1356,1510,0.14819713676088933
153,1362,1515,0.14819840506285747
154,1359,1513,0.1482013809814289
153,1361,1514,0.14820289975275883
153,1355,1508,0.148206768050349
149,1358,1507,0.14821076846475234
158,1362,1520,0.14822383203566145
157,1350,1507,0.14821125053433676
157,1362,1519,0.14820289166342618
158,1375,1533,0.14819502381849425
157,1365,1522,0.14818649806346326
154,1354,1508,0.14818048030781086
158,1358,1516,0.14818315779016086
159,1356,1515,0.14817351319710168
154,1356,1510,0.14816193135428102
156,1358,1514,0.14816418132114403
152,1363,1515,0.14816229501358258
151,1369,1520,0.14817044624365272
147,1371,1518,0.14818156001399874
150,1379,1529,0.14820213658005804
150,1373,1523,0.14821404266067253
148,1364,1512,0.14822317842510513
145,1378,1523,0.1482375233654219
143,1379,1522,0.14825928407474007
142,1377,1519,0.14828520230033532
144,1375,1519,0.14831246223047898
139,1377,1516,0.14833278514926543
141,1388,1529,0.1483648863250154
143,1383,1526,0.1483886276617134
143,1372,1515,0.14840494240262866
148,1375,1523,0.1484212311991229
150,1375,1525,0.14842414314161811
153,1365,1518,0.14842192624927197
152,1354,1506,0.1484118816003674
154,1360,1514,0.14840236979484267
150,1375,1525,0.1483892996838827
149,1374,1523,0.1483880810796769
151,1388,1539,0.14838955021834477
148,1377,1525,0.14838653875775568
148,1385,1533,0.14839101683889422
144,1398,1542,0.148396031453973
143,1395,1538,0.14841146586081475
142,1385,1527,0.14842891256710344
140,1382,1522,0.14844824940832824
143,1379,1522,0.14847071595186276
140,1375,1515,0.148482465799469
138,1380,1518,0.1485009793389704
138,1381,1519,0.14852203173868828
142,1385,1527,0.14854305986967886
142,1377,1519,0.14855195476769076
140,1379,1519,0.1485610219661108
142,1371,1513,0.14857370522870234
140,1374,1514,0.14858083695976115
137,1378,1515,0.14859235371480406
136,1366,1502,0.1486114376724646
135,1372,1507,0.14863173844590777
137,1371,1508,0.14865286704339503
135,1373,1508,0.14866831928374513
136,1373,1509,0.1486879751818277
137,1382,1519,0.1487026428032812
137,1388,1525,0.1487148887772948
135,1377,1512,0.1487242498714295
131,1381,1512,0.14873794042499816
138,1380,1518,0.14875970477014583
136,1384,1520,0.148760779859734
138,1380,1518,0.14876836311897843
137,1374,1511,0.14877107940368714
135,1380,1515,0.1487758794790544
139,1374,1513,0.148785346037082
143,1363,1506,0.14878210181834153
143,1362,1505,0.14877008260946373
143,1354,1497,0.1487585473798153
146,1378,1524,0.14874795758468426
148,1371,1519,0.148729444898292
145,1376,1521,0.14870665598017596
143,1376,1519,0.14869257019941773
137,1364,1501,0.14868426135443533
137,1359,1496,0.1486906537113861
138,1364,1502,0.14869680372246774
140,1366,1506,0.14870042942389103
141,1358,1499,0.14869968662954292
139,1376,1515,0.14869747108108214
138,1373,1511,0.14870171836624343
140,1377,1517,0.14870626183997834
142,1373,1515,0.14870546060074236
140,1370,1510,0.1487003215956178
143,1372,1515,0.14870031427707542
139,1371,1510,0.14869353419071496
136,1381,1517,0.14869724925680178
141,1364,1505,0.1487083593117016
143,1369,1512,0.14870594811808113
140,1368,1508,0.14869678904388978
137,1381,1518,0.1486960703231539
139,1363,1502,0.14870348008627512
140,1366,1506,0.14870530341640908
140,1377,1517,0.14870552607273654
139,1387,1526,0.14870689641791926
138,1385,1523,0.14871076682482726
134,1386,1520,0.1487183556092625
132,1392,1524,0.1487350165769656
133,1393,1526,0.1487555041551863
128,1378,1506,0.14877252034791666
126,1382,1508,0.14879967857724538
128,1379,1507,0.14883039237179047
123,1389,1512,0.1488538977511329
122,1387,1509,0.1488880722346256
125,1385,1510,0.14892284450363807
121,1391,1512,0.14894696482183833
119,1386,1505,0.14897913973706298
120,1400,1520,0.14901451813202138
118,1400,1518,0.1490445801744309
122,1416,1538,0.14907786173148266
119,1412,1531,0.14909922253723873
114,1415,1529,0.14912648845535192
112,1414,1526,0.1491654061034184
109,1412,1521,0.1492072658920101
110,1417,1527,0.149253603407438
110,1420,1530,0.14929366815568992
110,1415,1525,0.1493320893431073
111,1407,1518,0.1493676889493152
115,1397,1512,0.14939856571852328
112,1401,1513,0.14941689588822238
114,1398,1512,0.14944092542884738
111,1409,1520,0.14945925634743829
108,1397,1505,0.14948423123867374
106,1399,1505,0.14951509440016797
106,1397,1503,0.14954911009384506
110,1399,1509,0.14958031021124446
105,1403,1508,0.14959796503276188
107,1410,1517,0.14962755412702858
108,1410,1518,0.14965104828519052
106,1409,1515,0.14967089591167768
103,1411,1514,0.14969557708460812
102,1419,1521,0.14972620096026257
101,1420,1521,0.14975772395807352
100,1419,1519,0.14978981555619808
101,1418,1519,0.14982289554343212
99,1415,1514,0.1498517667230578
95,1424,1519,0.14988393205999842
93,1422,1515,0.14992390718660384
95,1424,1519,0.14996544862657252
98,1421,1519,0.14999940255627156
95,1421,1516,0.15002300807938035
96,1427,1523,0.15005257843681524
92,1425,1517,0.15007798681142637
92,1419,1511,0.15011060105272653
93,1425,1518,0.15014125584697044
102,1418,1520,0.1501658026705267
100,1405,1505,0.15016676389239997
99,1418,1517,0.15017167799900244
102,1419,1521,0.15017920815602703
99,1420,1519,0.15017940943253202
98,1420,1518,0.1501875404952423
96,1423,1519,0.1501980775033741
95,1414,1509,0.15021237038398116
94,1428,1522,0.15022895125527347
99,1414,1513,0.15024738723701803
100,1421,1521,0.1502520865923932
98,1420,1518,0.15025408318302547
100,1420,1520,0.15026044933809263
100,1424,1524,0.1502616590257063
96,1426,1522,0.15026090924483188
95,1418,1513,0.15026999901751584
97,1425,1522,0.15028085237097688
99,1433,1532,0.15028537351287885
97,1415,1512,0.1502847008371145
94,1415,1509,0.15028966148496897
94,1427,1521,0.15030135107519313
94,1435,1529,0.15031157005847537
94,1438,1532,0.15032155145487727
94,1418,1512,0.1503307047168577
95,1413,1508,0.15033980091042828
93,1430,1523,0.15034578714697688
95,1415,1510,0.1503567192113687
95,1421,1516,0.15036204528188304
91,1432,1523,0.15036750630150192
91,1431,1522,0.15038193708414377
91,1417,1508,0.15039545253602868
87,1423,1510,0.15040769829713657
87,1413,1500,0.15042875801062422
90,1415,1505,0.15044844944128322
89,1421,1510,0.15045893405899727
88,1429,1517,0.15047165016434608
86,1434,1520,0.15048563998362943
84,1429,1513,0.15050401018645326
84,1428,1512,0.1505263470247334
87,1427,1514,0.1505480743577332
86,1413,1499,0.15056056157117825
86,1429,1515,0.15057568113454323
85,1426,1511,0.15059045942835095
84,1435,1519,0.1506057150043313
84,1428,1512,0.15062215588389039
84,1424,1508,0.15063743488581585
84,1416,1500,0.15065113355427012
84,1432,1516,0.15066482626099745
83,1422,1505,0.15067825817316952
81,1439,1520,0.1506929511569531
81,1436,1517,0.15071215068621985
79,1436,1515,0.15073096073247974
78,1442,1520,0.1507531174173952
80,1435,1515,0.15077655382215235
80,1433,1513,0.1507937017140853
78,1439,1517,0.1508097165618799
79,1436,1515,0.15082932066918991
80,1431,1511,0.1508448799936421
80,1444,1524,0.150857748088317
80,1445,1525,0.15087040067766783
81,1449,1530,0.15088237366316426
80,1436,1516,0.15089118609264746
82,1431,1513,0.15090170192034347
81,1430,1511,0.15090549395087088
81,1438,1519,0.1509115277577478
79,1441,1520,0.1509178979314407
79,1446,1525,0.15092963952775926
75,1448,1523,0.15094027955355382
74,1449,1523,0.150959563882569
73,1436,1509,0.15097985308736978
72,1437,1509,0.15100159535990243
76,1428,1504,0.15102168202429633
74,1442,1516,0.15103045928854056
76,1427,1503,0.15104408440784298
75,1428,1503,0.15105270865185932
74,1431,1505,0.15106425583540528
73,1436,1509,0.15107764311096508
70,1441,1511,0.15109222379237217
68,1457,1525,0.15111422776946368
68,1446,1514,0.15113921854462448
70,1448,1518,0.15116296155270523
71,1444,1515,0.1511801291529326
66,1460,1526,0.15119357433545633
67,1459,1526,0.15121820849850745
69,1449,1518,0.1512392792177186
69,1452,1521,0.15125351306496881
70,1439,1509,0.1512668885473961
69,1439,1508,0.1512769364155041
70,1438,1508,0.15128952845183358
69,1445,1514,0.15129796216832136
69,1448,1517,0.15130778188244245
69,1449,1518,0.1513169056181005
72,1444,1516,0.15132273534373958
70,1444,1514,0.15132131339894378
70,1448,1518,0.1513254905967917
72,1448,1520,0.1513292986559308
72,1447,1519,0.15132870783714783
74,1436,1510,0.15132808103276202
71,1442,1513,0.15132297490787747
74,1446,1520,0.15132573882767
74,1447,1521,0.15131947373061663
71,1455,1526,0.151313773872607
70,1453,1523,0.1513165741134008
68,1448,1516,0.15132227737532503
71,1457,1528,0.1513327954981539
70,1447,1517,0.15133634821363354
67,1439,1506,0.15134284919684224
69,1433,1502,0.15135618483539312
67,1445,1512,0.1513632827543055
67,1446,1513,0.15137426794663159
68,1458,1526,0.1513852572784206
66,1452,1518,0.15139351443582197
66,1450,1516,0.1514065051374228
65,1452,1517,0.15141919258415815
65,1447,1512,0.15143212421119145
63,1450,1513,0.15144397101767493
65,1457,1522,0.15146013268660738
65,1451,1516,0.15147096263974583
67,1441,1508,0.1514807984668992
69,1442,1511,0.1514850050461358
66,1429,1495,0.15148236472071464
64,1431,1495,0.15148717099016729
69,1438,1507,0.1514955381078551
70,1443,1513,0.15149008225055627
71,1446,1517,0.1514830946586836
68,1440,1508,0.151474198734094
69,1443,1512,0.1514743633904864
68,1447,1515,0.15147261251847538
68,1446,1514,0.1514739314838706
69,1443,1512,0.15147540079520494
70,1438,1508,0.15147516282110104
72,1443,1515,0.15147216910329508
70,1440,1510,0.1514644655281798
68,1451,1519,0.15146263888657555
68,1446,1514,0.15146593784083923
69,1445,1514,0.15146915958480223
67,1435,1502,0.15146992047270674
68,1442,1510,0.15147469833242333
67,1438,1505,0.15147752604317882
70,1437,1507,0.15148287825362716
71,1435,1506,0.1514795435146986
69,1434,1503,0.15147309431958503
71,1444,1515,0.15147149404632276
69,1441,1510,0.15146613968963332
69,1449,1518,0.15146620970678118
67,1456,1523,0.1514669460387336
65,1462,1527,0.1514718310103682
65,1454,1519,0.15148138346641368
65,1453,1518,0.1514914505073752
66,1453,1519,0.15150130577944856
65,1455,1520,0.15150857730961506
65,1452,1517,0.15151706028929837
65,1450,1515,0.15152461873899714
64,1463,1527,0.15153152272914328
66,1462,1528,0.15153971809788788
64,1464,1528,0.15154290221984834
65,1461,1526,0.15155104741170658
64,1460,1524,0.1515560518412396
63,1464,1527,0.15156336488093822
64,1470,1534,0.15157204320000248
64,1460,1524,0.15157743442953556
64,1457,1521,0.15158234354825478
64,1450,1514,0.1515859560120119
61,1448,1509,0.15158998487027017
63,1456,1519,0.15160128005655732
64,1463,1527,0.15160692723692015
60,1459,1519,0.1516096121490577
59,1448,1507,0.1516219388912409
61,1452,1513,0.15163620556432517
62,1452,1514,0.15164359850874545
61,1451,1512,0.15164844830838364
60,1453,1513,0.1516557405898333
59,1455,1514,0.15166524525906694
58,1457,1515,0.15167684006769455
61,1445,1506,0.1516909704089297
60,1440,1500,0.1516959357953577
63,1438,1501,0.15170264913210027
61,1459,1520,0.15170147069893544
59,1459,1518,0.15170557740335347
61,1459,1520,0.1517146603647523
59,1452,1511,0.1517178931416696
61,1450,1511,0.1517258392751208
60,1454,1514,0.15172785255312746
63,1453,1516,0.15173182340852726
62,1446,1508,0.15172792401846685
64,1454,1518,0.15172721286971153
64,1453,1517,0.1517208980890468
64,1458,1522,0.15171560348932037
63,1440,1503,0.15171041363934862
66,1443,1509,0.15170855136824005
65,1443,1508,0.1516987396421195
64,1444,1508,0.15169212499633455
66,1452,1518,0.15168786596758868
67,1454,1521,0.1516795018968975
66,1455,1521,0.15166989803890726
68,1457,1525,0.15166373996717306
68,1455,1523,0.151652091740862
68,1453,1521,0.1516406509099388
67,1458,1525,0.1516307389011462
68,1455,1523,0.15162447058713371
69,1456,1525,0.15161508463846674
67,1461,1528,0.15160389264765153
66,1453,1519,0.15159890380439245
66,1441,1507,0.1515970713974874
67,1435,1502,0.15159516242761856
68,1444,1512,0.15159049725705961
69,1453,1522,0.15158338891318413
69,1444,1513,0.1515750633303258
67,1459,1526,0.1515675517943864
69,1433,1502,0.15156455254398815
69,1444,1513,0.15155693718541818
69,1451,1520,0.151549803064618
70,1458,1528,0.15154303957565265
68,1455,1523,0.15153411258679766
67,1456,1523,0.15153002456078682
69,1458,1527,0.1515288661174522
69,1462,1531,0.15152175300650805
70,1457,1527,0.15151452153874942
67,1441,1508,0.15150506288384055
70,1439,1509,0.1515028976203277
70,1443,1513,0.15149330640575276
70,1437,1507,0.15148446797935602
65,1440,1505,0.15147612312938605
67,1435,1502,0.15148076894521773
71,1444,1515,0.15148007634937652
72,1449,1521,0.151470469568652
71,1452,1523,0.15145986309327528
71,1446,1517,0.1514521783024403
72,1457,1529,0.15144585676337077
70,1451,1521,0.15143764968622608
70,1446,1516,0.15143599001319305
69,1458,1527,0.1514350498335234
69,1455,1524,0.15143690584249594
72,1443,1515,0.1514373253468542
74,1439,1513,0.15142902697552585
74,1434,1508,0.15141733787900408
72,1435,1507,0.15140662075845995
71,1443,1514,0.15140181598053837
74,1439,1513,0.15139979414146704
72,1435,1507,0.15138906037245778
72,1447,1519,0.15138446078650797
70,1451,1521,0.1513812853830319
70,1454,1524,0.15138324414218518
69,1454,1523,0.1513857553138595
71,1457,1528,0.15139026017808696
71,1465,1536,0.15138848702604013
70,1448,1518,0.15138673482978773
72,1450,1522,0.15138792547144797
71,1453,1524,0.15138404126005958
70,1449,1519,0.15138261311510895
71,1450,1521,0.15138327324882703
73,1442,1515,0.15138109022385612
73,1450,1523,0.15137401210613635
72,1441,1513,0.1513674207241246
70,1452,1522,0.15136369669282687
70,1444,1514,0.1513649006105107
71,1444,1515,0.1513663628374075
69,1450,1519,0.1513654276788382
69,1452,1521,0.15137031231975223
68,1458,1526,0.15137563972888113
63,1461,1524,0.15138353668850427
62,1457,1519,0.1514034129292728
61,1452,1513,0.15142360588215525
56,1454,1510,0.1514446000604446
57,1449,1506,0.15147597331749846
57,1443,1500,0.15150344736965807
59,1456,1515,0.1515295549424473
61,1457,1518,0.1515485584857792
60,1452,1512,0.15156127015950882
57,1465,1522,0.1515761876514737
58,1465,1523,0.15159805280222688
60,1459,1519,0.15161574091426117
58,1475,1533,0.15162678345626215
58,1473,1531,0.15164214858361502
56,1457,1513,0.15165677293424484
59,1463,1522,0.15167452968965378
60,1463,1523,0.15168346476075292
58,1468,1526,0.1516893978675352
59,1469,1528,0.15170028530505905
58,1466,1524,0.15170795474613702
58,1458,1516,0.15171841228309557
58,1455,1513,0.1517284082818678
60,1448,1508,0.15173673866597187
60,1447,1507,0.15173787429820065
61,1443,1504,0.15173866869883082
63,1455,1518,0.15173786494428662
59,1450,1509,0.15173179360714806
56,1441,1497,0.1517376455414401
52,1467,1519,0.1517506757960254
54,1472,1526,0.1517719584875619
56,1463,1519,0.1517868161016583
54,1471,1525,0.15179522813067517
55,1470,1525,0.15180782905377405
52,1467,1519,0.1518163999343388
50,1460,1510,0.1518322347204706
52,1459,1511,0.15185262104214467
51,1464,1515,0.15186637493907795
52,1474,1526,0.1518815677094167
50,1472,1522,0.15189320414130367
50,1479,1529,0.15190923344914
52,1478,1530,0.15192485358687052
50,1477,1527,0.1519342014453087
49,1464,1513,0.15194839265091203
51,1475,1526,0.15196387175552012
48,1457,1505,0.15197323273845662
47,1456,1503,0.15198940668865282
49,1455,1504,0.15200669772575826
48,1463,1511,0.15201786991060495
50,1458,1508,0.15203121093203306
50,1447,1497,0.15203787929752197
52,1465,1517,0.15204401050870864
52,1456,1508,0.15204575307645565
49,1457,1506,0.15204775088161668
50,1457,1507,0.1520573895959649
49,1467,1516,0.1520645163339135
51,1469,1520,0.1520739185253739
51,1485,1536,0.15207786045265898
51,1478,1529,0.15208182471156168
51,1482,1533,0.15208548319793766
51,1460,1511,0.1520893661215024
50,1461,1511,0.152092569889788
49,1451,1500,0.1520975415613866
50,1460,1510,0.1521037656926128
49,1454,1503,0.15210715970620373
50,1467,1517,0.15211255157667636
47,1471,1518,0.15211599814929572
46,1474,1520,0.15212723953804722
45,1477,1522,0.15214051424210573
46,1465,1511,0.15215608420798302
46,1470,1516,0.15216741895459698
46,1483,1529,0.15217752273416552
45,1473,1518,0.15218746668391753
45,1475,1520,0.15219963144465196
44,1469,1513,0.15221058520365482
44,1465,1509,0.1522235388435362
43,1472,1515,0.1522352253541327
43,1478,1521,0.15224874316331813
44,1476,1520,0.1522617820511069
41,1492,1533,0.15227141432347482
43,1492,1535,0.15228721021954214
42,1483,1525,0.15229741561364363
39,1483,1522,0.15230971401252386
38,1487,1525,0.15232831693248108
38,1478,1516,0.15234833287048552
40,1489,1529,0.15236641839202597
40,1494,1534,0.15237797467964465
37,1482,1519,0.1523891917610979
41,1481,1522,0.15240725623114412
41,1479,1520,0.1524129053145804
41,1479,1520,0.1524185885926885
40,1469,1509,0.15242439248121964
39,1479,1518,0.1524323792340661
37,1473,1510,0.1524431513062472
37,1462,1499,0.1524573973162917
37,1459,1496,0.1524710948814514
37,1473,1510,0.15248423265954653
37,1470,1507,0.152496805959486
36,1471,1507,0.1525086358970593
36,1464,1500,0.1525223752687874
35,1453,1488,0.15253505139445717
35,1472,1507,0.15254942673933689
35,1481,1516,0.1525624597891241
35,1483,1518,0.15257407308903342
36,1479,1515,0.15258528957513032
37,1487,1524,0.15259372871201002
36,1485,1521,0.15259894833253415
34,1472,1506,0.1526064960636239
34,1477,1511,0.1526185394635664
34,1489,1523,0.15262967766630794
33,1489,1522,0.15263984471651385
33,1500,1533,0.15265212631545405
34,1499,1533,0.1526637691039754
35,1479,1514,0.15267227216058754
33,1482,1515,0.15267805915793914
32,1479,1511,0.15268851242508305
33,1472,1505,0.15270080838396416
32,1463,1495,0.1527101740096727
30,1470,1500,0.15272155695418393
33,1477,1510,0.15273719511684486
34,1473,1507,0.15274340818287488
34,1482,1516,0.15274643733023793
33,1483,1516,0.15274927038967978
35,1477,1512,0.15275467621807193
36,1480,1516,0.152753370156494
35,1493,1528,0.15274927165129373
34,1487,1521,0.15274908716428853
34,1488,1522,0.15275162963668096
34,1497,1531,0.15275438908872696
34,1496,1530,0.1527573042539294
33,1470,1503,0.15276032371938297
32,1473,1505,0.1527658317012546
31,1477,1508,0.15277293237835785
32,1473,1505,0.15278221104684936
32,1486,1518,0.15278864538233086
31,1478,1509,0.15279487747670698
30,1479,1509,0.15280311381317274
29,1490,1519,0.15281317468785552
28,1485,1513,0.15282505911051217
26,1481,1507,0.1528385176704758
26,1482,1508,0.15285592323250505
27,1484,1511,0.1528723331006518
25,1482,1507,0.15288524321810726
26,1466,1492,0.15290214948258476
26,1479,1505,0.15291492814721389
25,1489,1514,0.1529264673524539
25,1482,1507,0.1529398090616149
24,1494,1518,0.15295226387545766
24,1490,1514,0.15296660180304358
23,1492,1515,0.15298025885852712
23,1486,1509,0.1529957049978343
23,1483,1506,0.15301035317411318
23,1481,1504,0.15302423288756054
24,1478,1502,0.15303737430426922
22,1488,1510,0.1530466982358561
22,1490,1512,0.1530603032641562
22,1492,1514,0.15307257422281065
23,1500,1523,0.15308371906559382
21,1494,1515,0.15309198742587976
21,1509,1530,0.15310520567430463
21,1489,1510,0.15311658762978306
21,1495,1516,0.15312758707951277
22,1492,1514,0.153137448297988
22,1490,1512,0.15314426520895041
21,1493,1514,0.15314992774348565
20,1496,1516,0.15315802958603783
20,1493,1513,0.1531676139292277
19,1476,1495,0.1531770244864812
20,1470,1490,0.15318843602626095
22,1487,1509,0.1531968216033297
23,1499,1522,0.1531994899571456
25,1503,1528,0.15319995239521947
25,1508,1533,0.15319486217771522
26,1502,1528,0.1531897371956949
26,1484,1510,0.15318226005423705
24,1491,1515,0.15317576997846744
22,1489,1511,0.1531747888543678
21,1491,1512,0.15317874855130387
20,1519,1539,0.15318432731443848
22,1500,1522,0.15319244056632686
21,1502,1523,0.15319410020814903
22,1491,1513,0.1531987652292046
23,1483,1506,0.15320045060958792
22,1487,1509,0.15319923953809464
21,1500,1521,0.15320104697516113
22,1499,1521,0.15320546732539342
23,1500,1523,0.15320742252810426
22,1506,1528,0.1532067956815296
22,1496,1518,0.1532092821253788
21,1498,1519,0.1532119010501416
21,1489,1510,0.15321690365236687
21,1483,1504,0.15322182015100874
19,1476,1495,0.15322662795125377
19,1480,1499,0.1532358898892736
19,1503,1522,0.15324398939077302
19,1494,1513,0.15325120208858004
20,1496,1516,0.15325825037781024
20,1492,1512,0.15326112054691643
20,1494,1514,0.15326423099433095
19,1498,1517,0.15326751481231132
19,1490,1509,0.1532733039799605
20,1483,1503,0.15327878885590385
20,1491,1511,0.15328109124781197
22,1491,1513,0.15328277186525557
21,1502,1523,0.15327906900046753
21,1510,1531,0.15327907342054764
22,1498,1520,0.15327943553293907
22,1501,1523,0.1532764296453955
22,1515,1537,0.15327337113448714
22,1498,1520,0.1532709921190147
22,1501,1523,0.15326919178066356
22,1481,1503,0.15326788267098634
22,1484,1506,0.1532669890100496
19,1476,1495,0.15326644519838634
20,1482,1502,0.15327321812546085
19,1485,1504,0.15327740876614757
22,1490,1512,0.15328407725604923
24,1494,1518,0.15328220445995597
22,1506,1528,0.15327449615118952
22,1492,1514,0.15327296860633555
22,1494,1516,0.15327186848583715
24,1493,1517,0.1532711290153412
24,1496,1520,0.15326509138281963
24,1494,1518,0.1532597746973077
25,1489,1514,0.15325509427447268
24,1487,1511,0.1532478979412458
23,1486,1509,0.15324378754459597
25,1491,1516,0.15324249623927044
25,1489,1514,0.153235386469357
27,1490,1517,0.15322913364486884
26,1494,1520,0.15321802019194578
25,1487,1512,0.1532105476479259
23,1494,1517,0.15320623140935435
23,1493,1516,0.1532075097308122
25,1498,1523,0.1532085673713982
25,1507,1532,0.15320400155719785
25,1496,1521,0.15320009706653825
25,1485,1510,0.15319583847783802
25,1483,1508,0.15319223335203772
26,1491,1517,0.15318840773219689
26,1483,1509,0.15318206941698606
25,1500,1525,0.1531765626935725
25,1498,1523,0.15317473971469714
25,1488,1513,0.15317250146927427
27,1492,1519,0.15317072828348346
26,1505,1531,0.15316374029918278
27,1506,1533,0.15315984137165894
27,1502,1529,0.15315414894698645
27,1491,1518,0.15314851684309766
26,1490,1516,0.15314308540546417
25,1494,1519,0.15314077316450297
24,1478,1502,0.153141411420364
24,1482,1506,0.15314462367734655
24,1488,1512,0.1531478498617455
24,1503,1527,0.15315106067086073
24,1490,1514,0.15315423231162353
25,1500,1525,0.15315734568609835
25,1503,1528,0.15315772107371936
24,1499,1523,0.15315823224610928
22,1494,1516,0.15316114320079666
21,1498,1519,0.15316849375337335
21,1505,1526,0.1531779192834563
20,1496,1516,0.15318687661138836
23,1496,1519,0.15319765538517122
23,1506,1529,0.1531999619729143
21,1497,1518,0.15320157726685216
19,1503,1522,0.15320813642700196
19,1497,1516,0.15321918174345833
20,1501,1521,0.15322971259314042
20,1500,1520,0.15323734471535333
21,1497,1518,0.15324393904732486
20,1501,1521,0.15324720133061226
20,1499,1519,0.15325286039639482
20,1503,1523,0.15325842323879077
18,1508,1526,0.15326386201931266
18,1498,1516,0.1532737483962089
18,1490,1508,0.15328318718694858
18,1496,1514,0.15329218122765625
18,1487,1505,0.15330073665334232
19,1484,1503,0.15330886222682516
20,1486,1506,0.1533133199714504
20,1495,1515,0.15331460200701444
20,1506,1526,0.15331604219165162
21,1507,1528,0.153317598343144
21,1501,1522,0.1533159920977265
21,1489,1510,0.15331434979084224
20,1488,1508,0.15331230568084264
20,1490,1510,0.15331299437225573
21,1484,1505,0.1533139359511797
21,1494,1515,0.1533121017723172
21,1507,1528,0.15331036785469268
21,1507,1528,0.15330925376612484
21,1506,1527,0.1533084653471646
22,1495,1517,0.15330704084004532
23,1490,1513,0.1533033413170507
21,1500,1521,0.1532977117177942
21,1495,1516,0.15329750599828817
21,1485,1506,0.15329755735508846
21,1492,1513,0.15329781878413049
23,1512,1535,0.15329825011470904
23,1511,1534,0.15329177542848324
24,1506,1530,0.15328612947612225
23,1513,1536,0.15327805132328126
24,1506,1530,0.15327332272365227
24,1492,1516,0.1532660254123467
24,1485,1509,0.15325936932320444
24,1486,1510,0.15325351863668607
25,1486,1511,0.1532483740971059
24,1488,1512,0.1532413229450975
23,1494,1517,0.15323730025247406
24,1491,1515,0.15323608516853301
25,1491,1516,0.1532320320621836
25,1497,1522,0.15322608284272443
25,1510,1535,0.1532207725823551
25,1516,1541,0.15321602860482497
25,1496,1521,0.15321178683313702
25,1494,1519,0.15320799074484884
24,1495,1519,0.15320459045656062
25,1490,1515,0.1532038889842762
25,1489,1514,0.15320054853840423
26,1490,1516,0.1531974496627189
26,1480,1506,0.15319172377721024
25,1488,1513,0.1531865935848414
23,1494,1517,0.1531843398254091
22,1485,1507,0.153186663472691
23,1487,1510,0.15319124532649783
25,1481,1506,0.15319266481750263
25,1484,1509,0.1531879694351674
24,1483,1507,0.15318402675852688
23,1479,1502,0.15318306079987276
23,1482,1505,0.1531848598653346
24,1498,1522,0.15318610249372283
25,1494,1519,0.15318527666602869
25,1507,1532,0.15318178705348753
25,1501,1526,0.15317814643294603
24,1482,1506,0.15317515525473774
22,1487,1509,0.15317524695554469
22,1487,1509,0.15318025866868012
22,1487,1509,0.15318522487251923
22,1486,1508,0.1531901121782348
20,1485,1505,0.15319449358320214
20,1484,1504,0.15320362284059527
21,1456,1477,0.15321240726280463
19,1465,1484,0.15321795901466334
19,1485,1504,0.15322802705406996
19,1496,1515,0.15323768206923793
19,1493,1512,0.15324692019596156
19,1488,1507,0.15325574173675338
18,1496,1514,0.15326415039159724
19,1503,1522,0.15327450449586544
21,1494,1515,0.1532818904674494
20,1490,1510,0.15328277104540577
20,1491,1511,0.15328613183392087
19,1509,1528,0.15328950455195975
19,1512,1531,0.15329516832251985
19,1515,1534,0.15330065049421715
16,1505,1521,0.15330593909610057
16,1496,1512,0.15331809426529497
16,1501,1517,0.15332960737991794
17,1506,1523,0.1533403494822573
17,1512,1529,0.1533473185567188
17,1516,1533,0.15335403690616975
17,1512,1529,0.15336049497903498
18,1501,1519,0.15336668719140978
17,1500,1517,0.15336962994388006
17,1505,1522,0.15337495933028752
18,1499,1517,0.15338012634743747
17,1509,1526,0.15338199866875266
17,1502,1519,0.15338644233204854
17,1503,1520,0.15339079795095711
17,1499,1516,0.1533950466313468
16,1495,1511,0.15339917377976187
14,1500,1514,0.15340556010234654
14,1492,1506,0.1534163027643463
14,1498,1512,0.15342647767940804
14,1495,1509,0.15343598705235942
15,1490,1505,0.1534449979550656
15,1497,1512,0.15345049104627967
16,1503,1519,0.1534557966549854
16,1514,1530,0.1534578726492776
14,1518,1532,0.1534600199120863
12,1522,1534,0.15346701181428063
11,1513,1524,0.15347839999232987
9,1506,1515,0.15349158493810994
10,1508,1518,0.15350882285781536
10,1493,1503,0.1535225941141035
10,1496,1506,0.15353561711613
10,1497,1507,0.15354792333181538
9,1505,1514,0.15355954431024194
8,1516,1524,0.15357288807540148
8,1525,1533,0.1535878471707447
8,1504,1512,0.15360194051028514
7,1492,1499,0.15361521380101603
7,1509,1516,0.15363018080814592
7,1518,1525,0.15364425431904258
7,1510,1517,0.15365748553612674
7,1512,1519,0.15366992302806262
7,1503,1510,0.15368161282170745
7,1508,1515,0.153692598497845
7,1506,1513,0.15370292128920446
7,1510,1517,0.15371262017952816
8,1511,1519,0.15372173200267408
8,1522,1530,0.15372711058163302
8,1522,1530,0.15373226172126397
8,1512,1520,0.15373718609145637
9,1498,1507,0.15374188605121794
9,1488,1497,0.1537432429922986
9,1510,1519,0.15374466942545453
9,1506,1515,0.15374614205782075
9,1507,1516,0.15374764141496147
9,1505,1514,0.15374915130485514
8,1502,1510,0.15375065835303636
7,1509,1516,0.15375459878735648
8,1512,1520,0.15376103569453384
8,1498,1506,0.15376398424125864
8,1511,1519,0.15376686816437868
8,1501,1509,0.15376967621494317
9,1498,1507,0.15377239983447116
10,1508,1518,0.15377181811303356
10,1519,1529,0.15376832065567966
9,1512,1521,0.15376527568837436
9,1512,1521,0.15376494348209246
9,1520,1529,0.1537648138027457
10,1506,1516,0.1537648500252627
10,1512,1522,0.1537618336264558
11,1523,1534,0.15375922137441417
11,1505,1516,0.15375380856011603
11,1514,1525,0.15374899689382288
9,1532,1541,0.15374471715820665
9,1521,1530,0.15374639930898812
8,1526,1534,0.15374807277730873
8,1509,1517,0.1537520894334626
8,1508,1516,0.15375593283443828
8,1512,1520,0.15375960326086638
8,1517,1525,0.15376310238847982
7,1504,1511,0.15376643301328177
6,1504,1510,0.1537719416799967
6,1501,1507,0.1537795766492128
6,1507,1513,0.15378677370106747
6,1515,1521,0.15379355492488683
6,1507,1513,0.15379994173533118
6,1506,1512,0.1538059548209681
6,1512,1518,0.15381161410839017
6,1516,1522,0.15381693873928803
6,1513,1519,0.15382194705826152
6,1512,1518,0.15382665660947725
6,1508,1514,0.15383108414055677
6,1506,1512,0.15383524561232106
6,1507,1513,0.15383915621322392
6,1495,1501,0.15384283037748317
6,1497,1503,0.15384628180607493
6,1504,1510,0.15384952348988448
6,1515,1521,0.15385256773442285
6,1519,1525,0.15385542618561374
5,1511,1516,0.15385810985623885
6,1495,1501,0.15386297437469185
6,1492,1498,0.15386512172445316
6,1502,1508,0.15386714576771696
6,1500,1506,0.153869052880982
6,1509,1515,0.15387084920709515
7,1499,1506,0.15387254064935657
7,1500,1507,0.1538709568056005
7,1488,1495,0.15386957351127573
7,1492,1499,0.1538683657617553
7,1505,1512,0.15386731167012951
7,1485,1492,0.15386639207624409
8,1501,1509,0.15386559020512094
8,1497,1505,0.1538616771690848
9,1505,1514,0.1538581507333293
8,1507,1515,0.15385185324981185
8,1506,1514,0.1538485155219043
8,1516,1524,0.15384556497887586
7,1523,1530,0.1538429541259799
7,1520,1527,0.15384302978097072
7,1513,1520,0.15384322137932716
7,1511,1518,0.15384350545954056
8,1499,1507,0.15384386217861554
9,1503,1512,0.15384162813371213
9,1512,1521,0.15383642680627066
9,1528,1537,0.15383173294158584
8,1513,1521,0.1538274921389429
7,1516,1523,0.15382617454186412
7,1517,1524,0.15382757814006118
6,1504,1510,0.1538289790882361
7,1494,1501,0.15383219037021523
7,1501,1508,0.15383261369243434
7,1512,1519,0.1538331511990571
7,1501,1508,0.15383377632282033
7,1509,1516,0.15383446681030954
8,1512,1520,0.15383520409220025
7,1514,1521,0.15383275497544077
7,1509,1516,0.15383305809476552
7,1499,1506,0.1538334173306885
7,1496,1503,0.15383390078050702
7,1504,1511,0.15383448188134224
5,1505,1510,0.15383450531669432
5,1499,1504,0.15383955751184294
5,1503,1508,0.15384445964315885
4,1509,1513,0.1538492003245503
4,1535,1539,0.1538562519108485
4,1530,1534,0.15386297486230674
4,1528,1532,0.15386937629743852
4,1529,1533,0.15387546456035042
4,1529,1533,0.1538812489317369
4,1521,1525,0.15388673938526207
4,1519,1523,0.15389194638295353
4,1515,1519,0.15389688070409238
4,1504,1508,0.15390155330282693
4,1509,1513,0.15390597519038518
4,1513,1517,0.1539101573383206
4,1511,1515,0.15391411059971205
4,1519,1523,0.15391784564565994
4,1507,1511,0.15392137291478622
4,1505,1509,0.15392470257376212
4,1516,1520,0.1539278444871613
4,1516,1520,0.1539308081951749
4,1517,1521,0.15393360289792885
4,1504,1508,0.15393623744532278
4,1512,1516,0.15393805093828214
4,1509,1513,0.1539398548754607
4,1514,1518,0.15394163713860004
4,1513,1517,0.1539433879586349
4,1518,1522,0.15394509956678648
4,1525,1529,0.15394676589336662
4,1522,1526,0.15394838230796717
4,1520,1524,0.1539499453955367
4,1513,1517,0.15395145276356903
4,1510,1514,0.15395290287625601
4,1510,1514,0.1539542949119989
4,1510,1514,0.15395562864114948
4,1506,1510,0.15395690432126152
4,1520,1524,0.1539572972193909
4,1525,1529,0.153957785128605
4,1527,1531,0.15395834658527818
4,1532,1536,0.1539589634897215
4,1511,1515,0.15395962063208926
4,1519,1523,0.15396030528236568
4,1525,1529,0.15396100683592512
4,1513,1517,0.15396171650728135
4,1504,1508,0.15396242706561294
5,1514,1519,0.15396313260649747
5,1510,1515,0.15396066832651434
5,1517,1522,0.1539584820330515
5,1515,1520,0.15395654088167712
5,1510,1515,0.15395481603091668
5,1516,1521,0.1539532821445559
5,1512,1517,0.15395191695660868
5,1519,1524,0.15395070089099738
5,1519,1524,0.15394961672900556
6,1518,1524,0.15394864931844937
6,1514,1520,0.15394454514406622
6,1506,1512,0.15394083327873287
6,1507,1513,0.15393747208525504
6,1510,1516,0.1539344247170994
6,1502,1508,0.15393165853652174
6,1501,1507,0.15392914460576002
7,1500,1507,0.15392685724193622
7,1502,1509,0.15392157979071133
7,1501,1508,0.15391678255705482
7,1496,1503,0.15391184360990234
7,1493,1500,0.153907403661757
7,1506,1513,0.15390340856289042
8,1504,1512,0.15389981035711664
8,1507,1515,0.1538934767340781
9,1518,1527,0.15388774826761292
7,1524,1531,0.15387934293636607
6,1525,1531,0.15387726357451714
6,1513,1519,0.15387822633466908
6,1510,1516,0.1538792072405646
5,1501,1506,0.1538801954082306
5,1499,1504,0.153883563744388
5,1491,1496,0.15388677924312605
5,1489,1494,0.1538898445791451
5,1493,1498,0.153892763094447
5,1508,1513,0.1538955386542881
5,1507,1512,0.15389817552477922
5,1510,1515,0.15390067826920825
5,1506,1511,0.15390305166054116
5,1519,1524,0.15390530060788607
4,1518,1522,0.1539074300949948
4,1518,1522,0.15391184685350756
3,1518,1521,0.15391600212587608
4,1521,1525,0.15392234824130582
4,1511,1515,0.1539257139819855
4,1513,1517,0.15392890339005708
3,1518,1521,0.1539319229234457
3,1510,1513,0.15393714489052754
2,1511,1513,0.15394206793816567
2,1509,1511,0.15394906199933917
2,1502,1504,0.15395564394177863
2,1510,1512,0.1539618358636643
2,1516,1518,0.15396765901120585
2,1514,1516,0.15397313375696972
2,1509,1511,0.15397827958997534
2,1506,1508,0.15398311511539642
2,1505,1507,0.15398765806203288
2,1502,1504,0.15399192529600272
2,1503,1505,0.1539959328393426
2,1498,1500,0.15399969589241538
2,1504,1506,0.15400322885919956
2,1506,1508,0.15400654537468675
2,1516,1518,0.15400965833374372
1,1514,1515,0.154012579920905
1,1506,1507,0.15401770750913996
1,1502,1503,0.15402252418046847
1,1507,1508,0.15402704829684677
1,1507,1508,0.15403129721004474
0,1517,1517,0.1540352873061656
