1372,29,1401,0.13579578218757757
1408,28,1436,0.13293760352409886
1424,28,1452,0.13023556138270134
1436,26,1462,0.12773623905279818
1434,28,1462,0.12543174661037831
1447,28,1475,0.12333923943867742
1449,28,1477,0.12140335444762992
1454,28,1482,0.11963545370283417
1453,29,1482,0.11801298018846457
1449,29,1478,0.11654260079659334
1456,29,1485,0.11521742061975364
1462,30,1492,0.11399279888421159
1456,31,1487,0.11286593861832878
1460,31,1491,0.1118571210281924
1460,32,1492,0.11092775805659778
1455,32,1487,0.11008388902932444
1451,33,1484,0.10932993418118597
1463,33,1496,0.10865366804452246
1466,32,1498,0.10800946843756282
1471,31,1502,0.10741535973990622
1462,29,1491,0.1068647924946118
1461,31,1492,0.10638392961251525
1462,32,1494,0.1059480819942417
1453,34,1487,0.10554849469493437
1465,35,1500,0.10520675352657172
1445,36,1481,0.10487008266439152
1454,33,1487,0.10461122395384251
1467,31,1498,0.10435393430962428
1460,34,1494,0.10408875151820228
1466,31,1497,0.10386251448509559
1468,31,1499,0.10364346961936491
1464,31,1495,0.10343868993885141
1472,33,1505,0.1032589725293305
1460,32,1492,0.10307869103946572
1459,32,1491,0.10294286316354434
1453,31,1484,0.10282243370149631
1455,32,1487,0.10272805210034386
1456,32,1488,0.10263890093707839
1464,31,1495,0.10255469968549245
1459,34,1493,0.10245882998824586
1467,36,1503,0.10238382392292031
1467,36,1503,0.10229687075943844
1466,34,1500,0.1022170313401372
1455,34,1489,0.10214618438987993
1466,37,1503,0.102107954943269
1467,37,1504,0.1020495774229376
1465,36,1501,0.10199514206617495
1462,35,1497,0.10195027571085422
1467,34,1501,0.10191789149807846
1470,35,1505,0.10187651687293489
1471,39,1510,0.1018317848147876
1475,42,1517,0.10178870124167469
1469,43,1512,0.10174071004446057
1478,41,1519,0.10171025255045016
1478,41,1519,0.10166166069388552
1476,42,1518,0.10161700677877038
1461,43,1504,0.10158153724172127
1463,40,1503,0.10158290330197321
1451,40,1491,0.10158002465801971
1453,42,1495,0.10160547556975147
1454,44,1498,0.10162652670085795
1448,41,1489,0.10164384172093242
1430,40,1470,0.10167195621982841
1438,42,1480,0.10173812620836355
1452,43,1495,0.10178122242292861
1449,42,1491,0.10179147176884165
1452,44,1496,0.10180717610427696
1449,45,1494,0.10181666693541558
1444,49,1493,0.10183198673160054
1450,51,1501,0.10185697599249974
1451,52,1503,0.10186658242703896
1451,50,1501,0.10187395166854635
1457,51,1508,0.10188224777137694
1444,53,1497,0.1018770053821131
1452,57,1509,0.10190133947592293
1432,57,1489,0.10190475184205802
1443,58,1501,0.10195404846081986
1436,54,1490,0.10197589521486053
1428,57,1485,0.10201304374452459
1439,58,1497,0.10206453520370441
1431,60,1491,0.10208857148289129
1436,60,1496,0.10212609953628349
1443,62,1505,0.10214995473720108
1431,64,1495,0.10215653269677266
1444,62,1506,0.10218932058944823
1450,63,1513,0.10219053127106185
1449,62,1511,0.10217999664316149
1444,63,1507,0.10217169470576726
1444,62,1506,0.10217643817204923
1446,59,1505,0.10218148946205316
1437,61,1498,0.10217941961066224
1430,67,1497,0.10219885510852038
1440,72,1512,0.10223250946102419
1434,69,1503,0.10224236550568427
1430,69,1499,0.10226581353923013
1420,68,1488,0.10229481915162161
1427,70,1497,0.10234541435857128
1411,72,1483,0.10237759573170485
1410,74,1484,0.10244267226188242
1417,77,1494,0.10250502278999038
1409,78,1487,0.10254636464416773
1404,80,1484,0.10260082584239102
1399,84,1483,0.10266229366389829
1410,84,1494,0.10273172978841057
1423,85,1508,0.10277334382018716
1421,85,1506,0.1027823075581328
1413,90,1503,0.1027962338999911
1406,89,1495,0.10282650882599854
1401,92,1493,0.1028705233140822
1407,91,1498,0.10292350913447593
1411,91,1502,0.1029593800863188
1407,86,1493,0.10298504826785759
1399,86,1485,0.10301550971725955
1404,87,1491,0.1030604208805935
1386,85,1471,0.10309001568610028
1389,82,1471,0.1031587305377343
1384,87,1471,0.10321579151624104
1386,92,1478,0.10327743209772507
1401,91,1492,0.10333002949894214
1410,92,1502,0.10334633568576397
1413,91,1504,0.10334139496265828
1406,91,1497,0.10333070426863301
1385,91,1476,0.10333788942838193
1385,92,1477,0.10339049436049166
1380,90,1470,0.10343679846966303
1379,90,1469,0.10348979072305309
1395,89,1484,0.10354153313204599
1406,88,1494,0.10355446326027959
1388,89,1477,0.10353973183725856
1395,94,1489,0.10356563206082402
1391,95,1486,0.10357443437747475
1408,94,1502,0.10359343307535453
1398,96,1494,0.10357313251936144
1391,97,1488,0.1035741160907061
1393,98,1491,0.10359163926941296
1402,95,1497,0.10360656477102119
1395,95,1490,0.10359964111263284
1405,96,1501,0.10360804058159356
1402,96,1498,0.10359538367058019
1392,98,1490,0.10358999059198169
1400,100,1500,0.10360769475916984
1392,100,1492,0.10360670820529166
1399,99,1498,0.10362453119717431
1394,102,1496,0.10362353887878427
1397,105,1502,0.10363330231379436
1405,107,1512,0.10363718040795498
1386,103,1489,0.10362537143065027
1388,105,1493,0.10365832750826366
1390,106,1496,0.10368486694396686
1385,105,1490,0.10370298386025724
1371,104,1475,0.1037327003067176
1374,102,1476,0.10379071550838878
1384,107,1491,0.10383576755345121
1382,104,1486,0.10385453104421824
1384,105,1489,0.10387681166185134
1389,101,1490,0.10389197839005782
1388,99,1487,0.10389367428470532
1394,102,1496,0.10389649735494164
1394,104,1498,0.10388484664831071
1395,104,1499,0.10387332076161634
1402,104,1506,0.10386361445157441
1404,100,1504,0.1038372011541578
1406,99,1505,0.10380749083499702
1407,101,1508,0.10377528271034364
1402,102,1504,0.10374287684399487
1388,101,1489,0.10372490070041945
1399,102,1501,0.10374162530360702
1403,104,1507,0.10373419951942252
1398,103,1501,0.10371771109446329
1408,106,1514,0.10371456181341955
1398,107,1505,0.10368948650809486
1396,110,1506,0.1036885153301788
1388,107,1495,0.10369262430386651
1383,106,1489,0.10371539356239395
1385,109,1494,0.10374898821951196
1402,111,1513,0.10377760777106249
1379,114,1493,0.10376644709124026
1384,114,1498,0.10380698736499436
1381,119,1500,0.10383282625671361
1383,116,1499,0.10386533823221193
1391,117,1508,0.10389032183215999
1391,112,1503,0.10389594521226339
1382,114,1496,0.1038989350969317
1377,116,1493,0.1039227528686665
1386,117,1503,0.10395427039674045
1381,117,1498,0.10396239597604573
1382,115,1497,0.10398351640300486
1383,114,1497,0.10400049790794651
1384,114,1498,0.10401350738714422
1390,113,1503,0.10402330633206963
1388,114,1502,0.10401876527564587
1366,116,1482,0.10401692101242535
1363,116,1479,0.1040642483055045
1362,117,1479,0.10411283627883564
1362,119,1481,0.10416261251281593
1361,118,1479,0.10420989611358049
1365,118,1483,0.10425783124345563
1367,121,1488,0.10429197866846657
1377,123,1500,0.10431851504122377
1374,122,1496,0.10431725778186675
1373,120,1493,0.1043238774489011
1377,120,1497,0.10433359936564165
1394,119,1513,0.10432996553504519
1393,119,1512,0.10428715370528979
1379,115,1494,0.10425096936439651
1378,117,1495,0.10424995199190482
1383,120,1503,0.10425286131252895
1367,118,1485,0.10424444444411687
1354,122,1476,0.1042731795807997
1364,118,1482,0.10432937668994796
1365,124,1489,0.10435731788885909
1358,127,1485,0.10438224244609043
1345,128,1473,0.10442261169437397
1365,127,1492,0.10449084415986246
1374,129,1503,0.10450815233729846
1356,127,1483,0.1045046283266792
1358,124,1482,0.10454227940936611
1366,127,1493,0.10457187822004715
1368,129,1497,0.104581394946958
1358,128,1486,0.10458677135781057
1369,129,1498,0.10461271632192831
1358,128,1486,0.10461052190111886
1373,127,1500,0.10463594081971409
1359,125,1484,0.10462425967425337
1347,130,1477,0.10464403233798808
1364,132,1496,0.1046892877763797
1359,137,1496,0.10469540875223636
1358,137,1495,0.10471350273783635
1367,133,1500,0.10473175668943596
1359,141,1500,0.10472818818513502
1359,140,1499,0.10474240816929078
1370,140,1510,0.1047552805461756
1363,143,1506,0.10474185203630221
1365,141,1506,0.1047467742763133
1354,143,1497,0.10474832629093431
1351,143,1494,0.10477470014649136
1346,141,1487,0.1048067321848854
1349,144,1493,0.1048478701185094
1368,143,1511,0.10488149664287763
1354,146,1500,0.10486976454340866
1355,141,1496,0.10489049563449526
1353,146,1499,0.10490596660848524
1338,144,1482,0.10492526044462856
1344,143,1487,0.1049760585274847
1350,140,1490,0.10501008343798203
1358,140,1498,0.10502652929168953
1346,144,1490,0.10502473586284435
1348,146,1494,0.1050491539436829
1351,148,1499,0.10506625147705959
1347,148,1495,0.10507811058940714
1349,146,1495,0.1050982981581614
1356,147,1503,0.10511026210386308
1346,152,1498,0.10510755026100974
1347,154,1501,0.10512874361840066
1343,157,1500,0.1051463049804858
1344,159,1503,0.10517124731228938
1337,161,1498,0.10519252582594345
1332,170,1502,0.10522831994263095
1341,170,1511,0.10527530341621004
1341,165,1506,0.10529924043575861
1329,167,1496,0.10531916334960237
1331,165,1496,0.10536344193036108
1333,169,1502,0.10540172419606973
1328,165,1493,0.10543430318155618
1338,170,1508,0.10547654187248705
1327,168,1495,0.10549309760702823
1325,165,1490,0.1055348126602566
1331,167,1498,0.10557779720848597
1328,171,1499,0.10560367400554804
1310,174,1484,0.10563349874244993
1300,175,1475,0.10570076483740251
1312,173,1485,0.10578545420729313
1310,175,1485,0.1058390257860415
1314,175,1489,0.10589347239193522
1310,172,1482,0.1059346105563563
1300,169,1469,0.10597925260334204
1300,170,1470,0.10604371642721422
1296,169,1465,0.10610181528192072
1293,175,1468,0.10616365527743017
1301,175,1476,0.10622815338075402
1308,177,1485,0.10626970774474062
1301,180,1481,0.10629148962277687
1305,182,1487,0.1063267060492342
1308,183,1491,0.10635070290126496
1292,187,1479,0.10636518661815825
1302,186,1488,0.10641566352992018
1293,190,1483,0.1064414460872246
1280,194,1474,0.10648597397547206
1293,193,1486,0.10655762969099017
1297,191,1488,0.10659501114328965
1289,192,1481,0.10662276056438764
1294,191,1485,0.10666611849185309
1297,193,1490,0.10669402451856871
1295,197,1492,0.1067134995402597
1291,201,1492,0.10673946894609525
1299,198,1497,0.10677409377152762
1288,200,1488,0.10678448155395212
1303,201,1504,0.10681988416057867
1300,201,1501,0.10681848657641131
1299,205,1504,0.10682236117831362
1272,206,1478,0.10682835558999101
1295,209,1504,0.1068952862619207
1295,205,1500,0.10690486031534582
1290,211,1501,0.10691684718305541
1291,208,1499,0.10693952417395376
1287,205,1492,0.10695995199742175
1286,205,1491,0.10699029124462087
1288,200,1488,0.10702042408427705
1297,204,1501,0.10704255229652987
1300,207,1507,0.10704169455219947
1294,205,1499,0.10703495999370741
1287,207,1494,0.10704300638951196
1287,211,1498,0.10706718569768188
1284,210,1494,0.10708953796512383
1295,211,1506,0.1071176224719101
1294,201,1495,0.10711872121692238
1293,203,1496,0.10711945724771466
1303,206,1509,0.10712018853604956
1294,204,1498,0.1071003626758762
1292,204,1496,0.10710245405227542
1291,207,1498,0.107108772440398
1292,205,1497,0.10711814446928963
1298,201,1499,0.10712330082776933
1305,201,1506,0.10711444292801243
1288,208,1496,0.10709032201264136
1290,203,1493,0.10710629235926895
1284,200,1484,0.10711729347098789
1288,199,1487,0.10714364720639147
1286,196,1482,0.10715637049427398
1291,195,1486,0.107170933415344
1294,192,1486,0.10717389359235863
1295,199,1494,0.10717096480459405
1305,198,1503,0.10716645677698042
1308,199,1507,0.10713577010877373
1291,201,1492,0.10710211401261799
1288,195,1483,0.10710938376549692
1289,201,1490,0.10712345822061112
1288,205,1493,0.10713327485810979
1284,205,1489,0.10714422456087108
1290,207,1497,0.10716421107785483
1288,206,1494,0.10716796977373846
1296,204,1500,0.10717580694620203
1299,205,1504,0.10716557543717034
1296,206,1502,0.10715010984737347
1288,205,1493,0.10714494959998348
1285,201,1486,0.1071596438648335
1287,207,1494,0.10717609068796435
1278,210,1488,0.1071871193369916
1272,213,1485,0.10721612943249827
1265,207,1472,0.10725738367468424
1262,210,1472,0.1073113136535806
1271,211,1482,0.10736801058340849
1293,214,1507,0.10740046183680903
1302,212,1514,0.10738259213610205
1292,212,1504,0.10734565712384007
1300,218,1518,0.10733376523377096
1283,215,1498,0.1073055631793499
1290,213,1503,0.10731695189150195
1289,210,1499,0.1073134105489895
1289,213,1502,0.10731258406878108
1288,213,1501,0.10731293467694789
1282,217,1499,0.10731416062953258
1267,218,1485,0.1073270537287026
1269,217,1486,0.107374142326847
1276,217,1493,0.10741309542208519
1270,222,1492,0.10743319234411622
1274,221,1495,0.10746725083239816
1265,225,1490,0.10748987908909267
1259,225,1484,0.10753104098445224
1247,226,1473,0.10758405806779477
1262,234,1496,0.10765762223517228
1260,235,1495,0.10769542113879484
1256,229,1485,0.10773582419464418
1266,235,1501,0.10778168990510995
1252,229,1481,0.10779869581115568
1255,225,1480,0.10784787932267167
1254,224,1478,0.10788605365800517
1250,221,1471,0.10792395082930231
1259,220,1479,0.10796858888852182
1264,225,1489,0.10798781978379912
1257,228,1485,0.10799371965577659
1260,226,1486,0.1080145485708663
1257,226,1483,0.10802622262490566
1261,224,1485,0.10804306705477103
1268,227,1495,0.1080511704378873
1255,227,1482,0.10804162620605923
1265,230,1495,0.10806431956846431
1262,229,1491,0.10806040944907125
1262,235,1497,0.10806422550519254
1254,232,1486,0.1080687516167897
1238,238,1476,0.10809078680567331
1255,237,1492,0.10814835974633731
1256,237,1493,0.10816372859441482
1256,234,1490,0.1081772959688129
1263,235,1498,0.1081892615184334
1255,238,1493,0.10818498899640877
1237,239,1476,0.10820074084782741
1243,232,1475,0.10825581788238978
1246,236,1482,0.10829541247037679
1255,238,1493,0.10832377667378872
1244,239,1483,0.10832960663033017
1237,245,1482,0.10836015017431075
1243,253,1496,0.10840658974784902
1239,256,1495,0.1084360144568603
1246,261,1507,0.1084727625253238
1241,257,1498,0.10849058730882481
1238,255,1493,0.10852012631071296
1228,258,1486,0.10855300246609524
1240,262,1502,0.10860776643482786
1242,266,1508,0.10863088686664576
1251,262,1513,0.10864993727534632
1243,256,1499,0.1086475334548249
1247,262,1509,0.10866168010065362
1245,265,1510,0.10866612792598193
1249,269,1518,0.1086777105778048
1240,273,1513,0.1086802510424798
1227,273,1500,0.1087038434256828
1214,274,1488,0.10875537347586471
1218,276,1494,0.1088326931605723
1224,282,1506,0.1088966559513203
1223,283,1506,0.10894196486444795
1221,282,1503,0.10898933436016581
1224,285,1509,0.10903773085593026
1224,287,1511,0.10907607121741712
1223,291,1514,0.109113898988453
1214,292,1506,0.10915054766845621
1214,298,1512,0.10920741040675566
1209,296,1505,0.10926049845570547
1202,293,1495,0.109321672675634
1202,294,1496,0.10939442244650507
1192,291,1483,0.10946006578198421
1207,293,1500,0.10954556711868868
1208,288,1496,0.10959209420011656
1217,294,1511,0.10963084607232691
1207,296,1503,0.1096428893216464
1202,303,1505,0.10967631695884657
1188,303,1491,0.10971972732597428
1197,303,1500,0.10979023599073715
1183,296,1479,0.10983510506702908
1183,302,1485,0.10990774516782316
1169,300,1469,0.10997583330505697
1169,299,1468,0.11006953579571582
1175,301,1476,0.11015512620475665
1197,299,1496,0.11021784252537956
1201,295,1496,0.11022794968968234
1205,294,1499,0.11022966120264187
1219,295,1514,0.11022149866778115
1208,296,1504,0.1101820355216109
1198,294,1492,0.11017016108295095
1192,294,1486,0.1101808273869758
1198,291,1489,0.11020482183594957
1196,286,1482,0.11021264965436293
1202,284,1486,0.11022244192096256
1197,285,1482,0.11021768110554006
1187,285,1472,0.11022669138978564
1182,289,1471,0.11025624542328735
1185,297,1482,0.11029616208012635
1175,296,1471,0.11032387493939033
1178,297,1475,0.1103762713687371
1183,299,1482,0.11041796212957511
1191,299,1490,0.11044223842960549
1190,300,1490,0.11044895542675283
1190,309,1499,0.11045758467614783
1197,311,1508,0.11046547183932226
1197,307,1504,0.11045863824352706
1203,308,1511,0.11044995267190717
1196,303,1499,0.11042628615585044
1199,291,1490,0.11042051304825506
1198,300,1498,0.11041055854746418
1195,305,1500,0.11040451669345158
1197,302,1499,0.11040562401154172
1198,304,1502,0.11040488401950885
1200,307,1507,0.11040394101577229
1200,306,1506,0.11039728265092394
1198,309,1507,0.11039333722662896
1192,318,1510,0.11039370449787037
1191,316,1507,0.11041023694150208
1190,320,1510,0.11042863026612855
1186,324,1510,0.11044927946533459
1188,324,1512,0.11047638068342165
1182,319,1501,0.11049665914902974
1194,330,1524,0.11053127984547756
1191,329,1520,0.11053693758178369
1188,335,1523,0.11055034854088593
1178,330,1508,0.11057007169661283
1182,329,1511,0.11061212332855741
1176,330,1506,0.11064069758088393
1183,331,1514,0.11068088527951467
1181,330,1511,0.11070331608578143
1175,326,1501,0.11072818604275174
1174,325,1499,0.11076369761430019
1183,325,1508,0.1107991070219276
1165,322,1487,0.11081224400210242
1163,326,1489,0.11086348350337857
1172,325,1497,0.11091424960107041
1164,330,1494,0.11094408541404688
1157,327,1484,0.11099114517005958
1158,328,1486,0.11105202721137335
1163,330,1493,0.11110565555109357
1159,331,1490,0.11114175498842659
1163,335,1498,0.11118544671459439
1170,337,1507,0.11121775219255917
1179,342,1521,0.11122970612222283
1168,344,1512,0.11121960049769025
1157,347,1504,0.1112365494091327
1145,338,1483,0.11127981440072456
1153,345,1498,0.11134750812717467
1147,347,1494,0.11139354572822427
1145,348,1493,0.11145145363006276
1153,344,1497,0.11150705885596139
1156,342,1498,0.11153791025131903
1157,348,1505,0.11155634919976606
1147,350,1497,0.11157430300440055
1144,347,1491,0.11161458708885542
1138,343,1481,0.1116581764604158
1135,348,1483,0.11171449170335883
1139,351,1490,0.11177474628445594
1138,350,1488,0.1118201926159219
1143,348,1491,0.11186400165768579
1147,351,1498,0.1118933770377232
1158,349,1507,0.11191010531681617
1132,348,1480,0.11189799957831686
1129,347,1476,0.11194577007848885
1140,344,1484,0.11199852545217802
1150,351,1501,0.11202497329302571
1155,349,1504,0.11202586753018749
1144,356,1500,0.11201577835950495
1141,359,1500,0.1120309306087659
1133,359,1492,0.11205150571092716
1136,356,1492,0.11209140189247335
1146,357,1503,0.11212294520649241
1158,358,1516,0.1121253316980959
1152,354,1506,0.11210177270314783
1147,359,1506,0.11209201673257868
1145,359,1504,0.11209093898671899
1154,362,1516,0.11209557336536838
1148,370,1518,0.11208039762262771
1155,367,1522,0.11208156937884421
1148,363,1511,0.11207016972398127
1145,364,1509,0.11207624293583138
1137,361,1498,0.11208788964257152
1143,366,1509,0.11211866465043988
1148,374,1522,0.11213413832752822
1140,374,1514,0.11213418812484463
1135,375,1510,0.11215748427875444
1138,379,1517,0.1121938028493335
1136,378,1514,0.11221987144441702
1141,388,1529,0.11224867820969506
1141,382,1523,0.11226483898285203
1136,379,1515,0.11228056432492832
1124,379,1503,0.11230793065662753
1125,381,1506,0.11236014416039691
1124,382,1506,0.1124062295171449
1121,386,1507,0.11245432506365277
1114,383,1497,0.11250477418525003
1107,385,1492,0.11256818063149159
1112,388,1500,0.11264220442173362
1101,385,1486,0.11270060476555027
1095,391,1486,0.11278231420741293
1098,389,1487,0.1128688726297316
1104,398,1502,0.11294161551129588
1098,401,1499,0.11299567172501711
1099,402,1501,0.11306008629696192
1107,398,1505,0.11311813273687905
1113,395,1508,0.11315552824362075
1105,393,1498,0.11317727038992204
1103,405,1508,0.11321788741140967
1095,407,1502,0.11326177959824836
1106,412,1518,0.11331884309211816
1103,409,1512,0.11334452427663413
1105,404,1509,0.1133748134984829
1093,401,1494,0.11339852392280825
1093,407,1500,0.11344612034880931
1085,406,1491,0.11348991576339054
1084,410,1494,0.11354945452030338
1082,412,1494,0.11360691568302006
1084,419,1503,0.11366349842430072
1077,417,1494,0.1137128343365843
1079,417,1496,0.11377706780717385
1081,418,1499,0.11383120680503947
1079,417,1496,0.11387777090893385
1090,415,1505,0.11392476626918153
1079,417,1496,0.11394269252205991
1089,424,1513,0.11398509375923396
1080,431,1511,0.11399925105827027
1081,429,1510,0.11403306052141185
1075,425,1500,0.11406315134109611
1076,424,1500,0.11410455953073022
1085,419,1504,0.11414125869653123
1088,415,1503,0.11415310959171059
1080,421,1501,0.11415629985872297
1076,427,1503,0.1141758409549401
1075,427,1502,0.11420329141766494
1075,424,1499,0.11423377052819887
1066,428,1494,0.11426413398943332
1067,434,1501,0.11431501238373457
1064,442,1506,0.11436034104985557
1057,448,1505,0.11441014932776496
1054,450,1504,0.11447346753856934
1054,450,1504,0.1145388621845113
1051,448,1499,0.11459988312831043
1058,443,1501,0.11466548255063472
1061,448,1509,0.11470930183171316
1054,438,1492,0.11474378310294459
1050,431,1481,0.11479057561758545
1039,433,1472,0.11484263407782713
1041,432,1473,0.11491645766321945
1035,440,1475,0.11498037456448333
1044,443,1487,0.1150540976262041
1036,447,1483,0.11510061247691976
1045,451,1496,0.11516259350564508
1046,444,1490,0.1152029234883148
1048,442,1490,0.1152387862226276
1055,454,1509,0.11526771863239342
1044,461,1505,0.11527741029438954
1045,455,1500,0.11530976540896866
1050,459,1509,0.11533911142463828
1048,457,1505,0.11535525534010883
1063,454,1517,0.1153745141797209
1056,454,1510,0.11535628202952974
1046,461,1507,0.11535655381141939
1042,456,1498,0.11537930857573304
1050,457,1507,0.11541033086867439
1054,450,1504,0.11542175885026705
1057,448,1505,0.11542174110415843
1050,452,1502,0.11541501815760262
1044,452,1496,0.11542181511193723
1046,459,1505,0.11544335670293122
1031,462,1493,0.11546044565111915
1043,458,1501,0.11551085135873301
1034,468,1502,0.11552968535117411
1038,473,1511,0.11556674224356542
1026,468,1494,0.11559173528926876
1026,463,1489,0.11564177264239246
1043,472,1515,0.11568870709785399
1037,470,1507,0.11569189353281992
1039,473,1512,0.11570922617861985
1033,470,1503,0.1157212288087031
1025,467,1492,0.11574280255960388
1025,469,1494,0.11578287861065341
1025,463,1488,0.1158202447733452
1035,464,1499,0.11585605775846076
1046,466,1512,0.11586668456143365
1042,464,1506,0.11585072004235056
1040,473,1513,0.11584436961379392
1029,472,1501,0.11584402668927106
1018,480,1498,0.11587183658851245
1023,482,1505,0.11592110143513443
1016,484,1500,0.11595582471057808
1015,479,1494,0.11600717327468844
994,476,1470,0.1160577148281433
997,494,1491,0.11615515154532556
1000,496,1496,0.11623888212394043
999,500,1499,0.1163070246556734
997,500,1497,0.11636993780938784
999,499,1498,0.11643218372402224
994,505,1499,0.11648341408826557
994,512,1506,0.11654726904323028
975,515,1490,0.11660878281730885
984,515,1499,0.11671135622820468
988,504,1492,0.11678254794817683
1003,504,1507,0.1168404111199303
1005,515,1520,0.11685768883765313
993,510,1503,0.11687000260146972
991,510,1501,0.1169096065791022
983,508,1491,0.11695003582423669
973,502,1475,0.11700909042795797
976,510,1486,0.11708741402743035
970,515,1485,0.11715623390467422
968,523,1491,0.11723226453678479
965,529,1494,0.11730825205939213
974,527,1501,0.11738635467879611
963,526,1489,0.11743945774743024
960,529,1489,0.11751156141205954
960,529,1489,0.11758348703302898
972,526,1498,0.11765022326491088
961,527,1488,0.11768312444392237
950,535,1485,0.11774203619160542
961,524,1485,0.11782242528564378
960,534,1494,0.11786863312575704
952,536,1488,0.1179145026486267
964,545,1509,0.11797783314039254
954,546,1500,0.11801170112512929
958,541,1499,0.11806850923954122
956,536,1492,0.11811167027024083
952,544,1496,0.11815665970573373
956,545,1501,0.11820680266652278
954,549,1503,0.11824224668174456
960,558,1518,0.11828101877476399
953,560,1513,0.11830288282689
954,562,1516,0.11834038709630824
951,568,1519,0.11837390998930696
951,562,1513,0.11841435828893193
942,564,1506,0.11845215009138187
951,564,1515,0.11851153046898859
952,560,1512,0.11854625848652216
938,551,1489,0.11857680315507559
938,564,1502,0.11863899667940793
927,569,1496,0.11869893558937704
928,566,1494,0.11878094937531233
922,561,1483,0.11885619993010628
918,566,1484,0.1189402655563156
920,575,1495,0.1190300983473079
925,580,1505,0.11910920544806287
929,584,1513,0.11916903668955907
931,591,1522,0.1192140676059072
926,595,1521,0.11925138885807068
931,595,1526,0.11929815837799872
925,590,1515,0.11933271483934835
929,587,1516,0.1193787369866669
915,591,1506,0.11940907773617405
915,598,1513,0.11947161723868877
916,601,1517,0.11953180561795358
917,593,1510,0.11958648995964741
917,589,1506,0.11963605931064614
917,594,1511,0.1196818059921967
922,592,1514,0.11972418712091998
913,593,1506,0.11975296911219148
907,596,1503,0.11980317844734849
902,606,1508,0.11986465420080669
908,613,1521,0.11993490884116075
889,614,1503,0.11998660001248738
879,615,1494,0.12007834000852015
876,615,1491,0.12018838974335587
880,616,1496,0.12029649566105974
888,613,1501,0.12038785165185013
892,606,1498,0.12045374197367316
890,611,1501,0.1205020034861391
884,614,1498,0.12055336043541487
881,612,1493,0.12061550841416664
879,616,1495,0.12067655505916021
887,621,1508,0.12073741159331103
878,628,1506,0.12077686953617629
885,624,1509,0.12083487326134432
883,623,1506,0.12087407163079128
883,621,1504,0.1209162982207666
872,628,1500,0.12095426586997536
876,632,1508,0.1210151164623139
883,635,1518,0.12106128663283286
879,633,1512,0.12108667715221032
870,637,1507,0.12112002262914533
864,631,1495,0.12117413332862707
869,631,1500,0.1212395502646491
854,632,1486,0.12128912779035335
857,645,1502,0.12137001236978975
862,645,1507,0.12143608110662721
862,639,1501,0.12148494973113792
867,635,1502,0.12153295940431832
861,640,1501,0.12156488071722378
858,648,1506,0.12160787843764673
856,645,1501,0.12165444047256287
861,651,1512,0.12170361208454303
843,666,1509,0.12174074985952454
840,671,1511,0.1218188250015924
827,668,1495,0.12190054400039325
826,668,1494,0.122008933995387
826,670,1496,0.12211252120281899
831,674,1505,0.12220802835350394
831,674,1505,0.12228587420575639
834,683,1517,0.12235952171587511
833,684,1517,0.12242067190994523
835,688,1523,0.12247995878118832
842,690,1532,0.12253103936229866
819,690,1509,0.12256317947858646
824,684,1508,0.12264824673335735
823,685,1508,0.12271599903297165
811,683,1494,0.12278050502116228
805,682,1487,0.12286733670948481
805,686,1491,0.12296325260309444
801,681,1482,0.12305102284451624
804,679,1483,0.12313867404394305
811,674,1485,0.12321248956118941
804,682,1486,0.12326502072417832
820,680,1500,0.12333191459378909
819,681,1500,0.1233520611194177
819,678,1497,0.12337542869745118
811,674,1485,0.12339796594895919
813,681,1494,0.12343829814555271
818,670,1488,0.12346969675205725
818,680,1498,0.12348641848438756
816,677,1493,0.12350214805648516
815,675,1490,0.12351911641983165
818,678,1496,0.12353514411939794
833,678,1511,0.12354445768598055
831,683,1514,0.12351709275471158
824,677,1501,0.12349911364367905
827,675,1502,0.12349713066038535
824,665,1489,0.1234869602584374
826,670,1496,0.1234844386455369
817,673,1490,0.12347807471427727
808,680,1488,0.12349617220420264
801,685,1486,0.1235355577378961
804,692,1496,0.12358978497781098
797,694,1491,0.1236316815628443
798,696,1494,0.1236884500649607
797,706,1503,0.12373599328306441
804,705,1509,0.12378530278363048
801,700,1501,0.12381636154281804
810,703,1513,0.123850342157537
814,708,1522,0.12386155334745132
806,712,1518,0.12386309203214392
802,710,1512,0.1238853077900885
811,702,1513,0.1239159162167888
815,703,1518,0.1239242607305517
804,701,1505,0.12392042408008491
807,704,1511,0.12394114621745328
809,703,1512,0.12395250522018579
802,702,1504,0.12396182830558977
807,693,1500,0.12398492896300306
807,694,1501,0.12399233958982418
802,700,1502,0.12399668383346568
790,704,1494,0.12401032074397116
798,703,1501,0.12405428744769006
789,705,1494,0.12407741335581253
789,704,1493,0.12412149056594325
797,710,1507,0.12416383792034744
792,709,1501,0.12418563119572297
784,711,1495,0.12421563989878036
787,714,1501,0.12426387642739488
785,719,1504,0.12430319824410041
778,710,1488,0.12434548231102224
776,719,1495,0.12440119641024157
779,715,1494,0.12445994686989575
777,715,1492,0.12450851372987014
790,716,1506,0.12456081865961995
789,721,1510,0.12457455842725597
788,716,1504,0.12458820501802605
789,729,1518,0.12460140064313521
777,727,1504,0.12461326151388841
772,725,1497,0.12465414678474072
775,716,1491,0.1247030439979513
781,729,1510,0.12473861329047584
779,729,1508,0.12475758732916348
772,732,1504,0.124781256254714
769,735,1504,0.1248236036992304
764,738,1502,0.1248725513896073
763,737,1500,0.1249309948975614
764,729,1493,0.124987752944227
768,717,1485,0.12504013556718285
759,735,1494,0.12508077926434347
760,740,1500,0.12513794448876106
764,738,1502,0.12518647262715332
756,735,1491,0.12522491461572507
765,746,1511,0.12528017616720713
755,748,1503,0.12530872715780064
750,750,1500,0.1253581703882835
753,742,1495,0.12541519764191073
762,741,1503,0.12546356265721578
767,743,1510,0.12548740746398482
766,738,1504,0.12549882007622398
772,737,1509,0.12550935284261977
764,731,1495,0.12550432643520612
757,742,1499,0.12551956660979688
748,746,1494,0.12555265738712693
741,733,1474,0.12560511451690778
736,750,1486,0.12567095939784725
733,751,1484,0.1257429182087876
735,761,1496,0.12581651865794158
730,767,1497,0.12587930279732254
735,756,1491,0.1259489154802268
733,759,1492,0.12600292529767432
746,765,1511,0.1260569858182134
746,764,1510,0.12607393173496548
757,767,1524,0.12608921025858652
771,756,1527,0.12607848216356973
770,751,1521,0.1260353712199014
776,747,1523,0.1260011694344662
767,743,1510,0.12595330702296179
763,739,1502,0.12592917871790296
756,746,1502,0.12591823798553847
757,746,1503,0.1259254359748979
745,750,1495,0.12593137984468003
743,749,1492,0.12596399610527798
736,744,1480,0.12599921453073804
741,749,1490,0.12604997190680642
740,757,1497,0.12608659403967878
741,767,1508,0.12612377667065883
746,757,1503,0.12615599438964759
746,754,1500,0.12617590285033436
750,755,1505,0.12619131421376015
746,755,1501,0.12619357002892617
735,766,1501,0.12620403893673088
732,768,1500,0.12624196076712302
740,768,1508,0.12628607501555628
728,763,1491,0.12630927115635174
726,774,1500,0.126356646911577
727,766,1493,0.12640744278034202
732,764,1496,0.12645088764856807
737,773,1510,0.12648012042872092
730,763,1493,0.12649624099892634
735,771,1506,0.12652869187421398
737,777,1514,0.1265448114452993
738,774,1512,0.12655618413350606
729,766,1495,0.12656553964884787
730,763,1493,0.12659614392655205
728,766,1494,0.12662134390149482
722,771,1493,0.1266502747101973
726,774,1500,0.12669060800626297
732,779,1511,0.12671828329826604
724,774,1498,0.12673098005691913
725,786,1511,0.12676342691063888
731,785,1516,0.12679134898836902
722,786,1508,0.12679857863015506
722,792,1514,0.12682633375661098
725,783,1508,0.12685289111822487
719,779,1498,0.12687302177928259
717,782,1499,0.12690829654270513
715,776,1491,0.12694342897726718
722,786,1508,0.12697922576712992
725,789,1514,0.1269971429362865
727,776,1503,0.12700354901415126
720,785,1505,0.12700763042673846
717,784,1501,0.12702946582789884
711,792,1503,0.12705790899307612
717,791,1508,0.12709869268089447
713,795,1508,0.12712291140677695
714,795,1509,0.12715307395966072
707,791,1498,0.12717968906095709
707,798,1505,0.1272240032672665
702,803,1505,0.12726700448481326
705,802,1507,0.12731978101333133
702,809,1511,0.12736108451355516
707,809,1516,0.12740624502271308
710,821,1531,0.12743620982544454
722,813,1535,0.12745681981728807
718,810,1528,0.12744880559165328
717,812,1529,0.12745031542388835
704,801,1505,0.1274558299001946
698,811,1509,0.12749143415110475
693,811,1504,0.12753897994244873
692,811,1503,0.12759617418282676
699,811,1510,0.12765350926358326
693,800,1493,0.12768777939743634
697,811,1508,0.1277319997778745
693,816,1509,0.12776348770889467
702,813,1515,0.12780416822547663
694,813,1507,0.12782174481757502
698,816,1514,0.127858409161338
691,816,1507,0.12788314272131096
690,819,1509,0.12792513217005835
690,808,1498,0.1279654353086313
693,806,1499,0.1279992655370657
698,812,1510,0.1280246784432715
697,821,1518,0.1280329134497857
700,815,1515,0.12804391430238501
702,820,1522,0.12804745440444198
701,820,1521,0.12804741057879387
691,816,1507,0.12804987040491964
703,830,1533,0.12807567691557367
700,822,1522,0.12807075757384748
688,817,1505,0.1280757021442542
684,821,1505,0.1281090596047642
686,831,1517,0.12814916935489745
686,826,1512,0.12818387066438922
686,829,1515,0.12821894493650185
683,835,1518,0.1282503268518577
680,826,1506,0.1282861595324218
674,820,1494,0.12832693413483454
668,832,1500,0.1283802865320587
671,837,1508,0.1284416635164252
668,830,1498,0.12849370074284436
668,832,1500,0.12855028023942874
658,822,1480,0.12860521754619605
660,831,1491,0.12867647954177489
667,836,1503,0.128737158244817
666,841,1507,0.12877897472561667
662,841,1503,0.1288193160137126
660,831,1491,0.1288678235838394
656,837,1493,0.12891598400351695
663,831,1494,0.12896991223985071
658,849,1507,0.12900451987658512
651,840,1491,0.12904917936814406
646,846,1492,0.12910743116285162
651,850,1501,0.12917270420585758
651,867,1518,0.12922183731534706
650,864,1514,0.12926685411567937
649,863,1512,0.12931242687838665
641,857,1498,0.12935805909077577
633,858,1491,0.12941994576248775
639,858,1497,0.12949501813805125
636,862,1498,0.1295491837299159
634,858,1492,0.12960773144904306
622,868,1490,0.12966815217199323
614,864,1478,0.12975441190743234
615,862,1477,0.12985476427355244
619,873,1492,0.12994871779897788
622,877,1499,0.13002630010975494
626,895,1521,0.1300912195972664
625,898,1523,0.13013889296108858
621,895,1516,0.13018569911796823
624,897,1521,0.1302392972985644
618,892,1510,0.13028566594256621
616,892,1508,0.1303431169974111
624,897,1521,0.13040144354386143
616,899,1515,0.13043701663813562
616,895,1511,0.13048988610231482
618,890,1508,0.13053838887088562
623,900,1523,0.1305778679915091
623,897,1520,0.13060031170687428
617,893,1510,0.1306212601585043
617,884,1501,0.1306542013386825
618,899,1517,0.13068754767942473
622,898,1520,0.13071457145313342
623,890,1513,0.13072966775158817
622,891,1513,0.13074168090102326
613,889,1502,0.13075534486244814
624,888,1512,0.1307883714727357
630,889,1519,0.13079659235118124
630,892,1522,0.13079040679431608
619,891,1510,0.1307836521740743
614,893,1507,0.13080617528430832
607,900,1507,0.13083618194061114
603,906,1509,0.1308811940877862
601,903,1504,0.13093407914809468
602,907,1509,0.13098945889759633
600,896,1496,0.13103650875102668
608,896,1504,0.1310864230887313
605,897,1502,0.13111214866598556
613,898,1511,0.1311430089039752
615,892,1507,0.13115172670554853
612,890,1502,0.13115529087161415
610,900,1510,0.13116654518346288
600,899,1499,0.1311832775794483
601,896,1497,0.13122257478399416
601,902,1503,0.13125789164323443
597,900,1497,0.13128981035999693
597,898,1495,0.13133030348855393
600,894,1494,0.13136644827153085
607,900,1507,0.13139191177361156
608,888,1496,0.13139835400713995
609,901,1510,0.13140082648368406
606,906,1512,0.1314041244862968
607,906,1513,0.13141471086576037
602,902,1504,0.13142407048984445
601,907,1508,0.13144545554842274
602,909,1511,0.13146458050754167
597,923,1520,0.1314805700845364
588,915,1503,0.1315074553490791
594,923,1517,0.13155548906484957
591,912,1503,0.13158834179762155
600,902,1502,0.13162521792955637
595,911,1506,0.13163681022797802
593,923,1516,0.1316605959332272
597,925,1522,0.13168659931770407
601,927,1528,0.13170267639616207
598,922,1520,0.13170819809125514
595,915,1510,0.13172314487891673
598,913,1511,0.13174196070652328
589,916,1505,0.13175165280588053
586,909,1495,0.13178420832604792
582,901,1483,0.13181823814144913
585,903,1488,0.13185589469586145
585,906,1491,0.13188307544871536
595,917,1512,0.131904883671603
598,917,1515,0.13190471779580182
600,923,1523,0.1318967015033768
592,917,1509,0.1318862535039345
594,919,1513,0.1318971397625845
594,922,1516,0.13190373456440543
595,920,1515,0.13191128622799225
593,917,1510,0.13191676576971137
595,921,1516,0.13192695810887842
590,930,1520,0.13193053108096273
585,922,1507,0.13194642863988548
587,924,1511,0.13197461088510024
575,921,1496,0.131995629795396
579,915,1494,0.13204295353566203
576,915,1491,0.13207888969452916
575,911,1486,0.13211942032213983
581,919,1500,0.13215979464555055
577,925,1502,0.1321802114802565
572,905,1477,0.13220666171429157
586,906,1492,0.1322438554296821
578,905,1483,0.1322442347411293
580,903,1483,0.1322665028101472
578,912,1490,0.13228368006196042
585,919,1504,0.13230305569256573
579,921,1500,0.13230470326269544
572,923,1495,0.13231925859963073
578,924,1502,0.1323508175259644
571,924,1495,0.13236614476500758
573,929,1502,0.13239834924377872
571,930,1501,0.13242197527015886
567,929,1496,0.13244876479370316
569,926,1495,0.13248244528602326
568,946,1514,0.13250830160419813
563,953,1516,0.13253654169394014
565,950,1515,0.13257419770633927
561,942,1503,0.13260497159760898
568,941,1509,0.13264600254911912
574,943,1517,0.13266686221294857
572,939,1511,0.1326717963120184
569,943,1512,0.13268189912030345
565,943,1508,0.13269603822471462
563,953,1516,0.13272102095565305
560,953,1513,0.13274925361382287
569,958,1527,0.13278075577146387
564,952,1516,0.13278999712114337
569,951,1520,0.13281058583880676
559,955,1514,0.1328143865544096
556,952,1508,0.13284281209843513
551,950,1501,0.13287722431053464
550,946,1496,0.13292150996945545
547,951,1498,0.13296628819491169
556,953,1509,0.1330153136832794
549,951,1500,0.13303760701708459
561,957,1518,0.13307466056376513
549,961,1510,0.13307887253975967
539,961,1500,0.13311212860078378
543,953,1496,0.13316675099784778
547,956,1503,0.1332078141367627
546,960,1506,0.1332390231737941
547,968,1515,0.1332703810029539
544,959,1503,0.1332979428481041
543,952,1495,0.1333305163161887
541,965,1506,0.133363118385504
543,980,1523,0.1334009019948016
541,985,1526,0.1334312796166286
537,986,1523,0.13346443666725885
537,969,1506,0.13350534234252096
537,966,1503,0.13354342094996804
530,973,1503,0.13357794100300943
530,974,1504,0.13362664850787362
537,975,1512,0.1336710574138963
531,977,1508,0.13369766990468696
528,982,1510,0.13373425186244792
531,968,1499,0.13377616972430534
525,980,1505,0.13380826373125754
524,988,1512,0.13385221727713476
523,982,1505,0.13389836771477623
530,987,1517,0.1339421404735912
521,990,1511,0.13396411770051536
519,992,1511,0.13400524095182778
524,998,1522,0.13404829358983147
523,1000,1523,0.13407922047151413
515,1002,1517,0.13411034615249917
515,1003,1518,0.13415943460902294
512,993,1505,0.13420522224683798
510,999,1509,0.134254444428467
510,999,1509,0.1343054430237378
508,1003,1511,0.13435151601941886
512,996,1508,0.13440135204694578
521,998,1519,0.13443663282365503
520,1001,1521,0.13444868534026364
511,1013,1524,0.13446072885164181
514,1018,1532,0.13449218532165694
507,1014,1521,0.13451627322059528
511,1014,1525,0.13455675715219503
508,1004,1512,0.1345857243119985
509,994,1503,0.1346183081541916
508,982,1490,0.13464710358868667
511,989,1500,0.13467404654411233
509,992,1501,0.13468838942076616
518,990,1508,0.13470683757171503
511,978,1489,0.13470069505127444
502,972,1474,0.13471181894163187
509,990,1499,0.13474405940657988
501,996,1497,0.13475952549214576
498,1004,1502,0.13479224652439764
498,1020,1518,0.13483061327378898
505,1012,1517,0.13486661238441877
502,1003,1505,0.13488329865254386
499,988,1487,0.13490745781232147
493,1005,1498,0.13493676693340684
493,1003,1496,0.1349776324579501
497,1009,1506,0.13501540321225544
495,1008,1503,0.13503857525969484
497,1014,1511,0.1350650544273386
499,1016,1515,0.13508413797441887
508,1012,1520,0.13509821276877204
506,1004,1510,0.13508870089771144
504,1001,1505,0.135083878109913
495,1006,1501,0.13508597512536627
501,998,1499,0.13510935512217076
494,1007,1501,0.13511702815901497
505,1004,1509,0.13514188748870715
500,1013,1513,0.1351378311322985
493,1013,1506,0.13514379626806597
492,1013,1505,0.13516715112845681
491,1019,1510,0.13519354441265283
490,1016,1506,0.1352203671835182
487,1019,1506,0.13524927127819644
485,1014,1499,0.13528033932394976
488,1009,1497,0.13531474503809204
490,1019,1509,0.13533964415061034
495,1024,1519,0.13535857700851775
498,1032,1530,0.13536394531042795
488,1025,1513,0.1353627337084605
482,1025,1507,0.13538442468845885
482,1029,1511,0.13541964299884982
481,1031,1512,0.13545506739865493
485,1027,1512,0.13548936213559165
480,1024,1504,0.13551018510909402
481,1026,1507,0.13554264410295414
470,1029,1499,0.13556917696220772
471,1033,1504,0.13562060532946538
477,1037,1514,0.13566680027089098
480,1039,1519,0.13569664678681714
476,1036,1512,0.13571507845829978
477,1027,1504,0.13574364288975782
475,1029,1504,0.13576895883484424
468,1037,1505,0.13579841327068676
468,1029,1497,0.13584220009849
472,1028,1500,0.13588321023524835
471,1029,1500,0.13591038790479326
467,1035,1502,0.13593460809959626
465,1027,1492,0.13596483550915667
475,1034,1509,0.1359963840181967
472,1040,1512,0.13600141730983778
472,1029,1501,0.136010843572048
466,1032,1498,0.13602255519494144
467,1023,1490,0.1360491710746041
469,1023,1492,0.1360713503941101
474,1029,1503,0.1360892896817284
471,1031,1502,0.136091764448816
472,1045,1517,0.13610146675164642
472,1045,1517,0.13610901009783047
463,1040,1503,0.13611727326475137
465,1049,1514,0.13614514040101533
465,1051,1516,0.13617042250406908
465,1054,1519,0.1361927722854132
466,1042,1508,0.13621506593816102
463,1044,1507,0.13623308836492895
464,1050,1514,0.13625640275933912
461,1053,1514,0.13627664387510802
465,1051,1516,0.13630536199110252
460,1060,1520,0.13632277688701547
462,1067,1529,0.13635143402682062
459,1056,1515,0.13637323758458023
459,1057,1516,0.1363998925382743
457,1044,1501,0.136425093327653
456,1047,1503,0.13645273083135126
457,1052,1509,0.13648116142467817
453,1057,1510,0.13650306780454158
457,1065,1522,0.1365341736665414
455,1066,1521,0.13655387119950585
457,1058,1515,0.13657543309152886
454,1061,1515,0.13658904907518765
446,1059,1505,0.13661173097901969
438,1062,1500,0.13665322570077257
436,1058,1494,0.13671053021853205
441,1061,1502,0.13676724122187317
442,1060,1502,0.1368093304170921
440,1061,1501,0.13684437829624868
440,1066,1506,0.1368819532253183
443,1063,1506,0.1369187857330621
441,1083,1524,0.13694600899079043
448,1086,1534,0.13697717306590415
441,1081,1522,0.13698890149705042
444,1076,1520,0.1370179505971098
443,1080,1523,0.13703785488239362
444,1080,1524,0.13705758193396445
439,1071,1510,0.1370746895413954
443,1076,1519,0.13710233587994206
438,1081,1519,0.13711603544780007
438,1071,1509,0.13714128953209076
442,1073,1515,0.1371656588802298
435,1070,1505,0.13718067009859916
433,1070,1503,0.13720977952515356
421,1086,1507,0.13724091367675684
429,1071,1500,0.1372985449949849
431,1072,1503,0.13733215487268433
438,1065,1503,0.1373579260492372
436,1065,1501,0.13736372803059615
444,1066,1510,0.13737538734023982
446,1062,1508,0.13736641995495924
444,1073,1517,0.13735474896790748
446,1070,1516,0.13735174215789525
443,1072,1515,0.1373470723091329
434,1089,1523,0.13734976686333106
431,1090,1521,0.1373740193260197
436,1082,1518,0.13740374849825965
439,1086,1525,0.13741920818084163
437,1086,1523,0.13742756327959246
439,1085,1524,0.13744006397579348
435,1077,1512,0.13744546101310579
436,1082,1518,0.13746104947986523
426,1085,1511,0.13747078206064503
428,1087,1515,0.13750690281560782
428,1090,1518,0.1375354025194668
431,1094,1525,0.1375595925990046
430,1074,1504,0.13757438909594616
422,1083,1505,0.13758749532396233
422,1081,1503,0.137619748283392
423,1095,1518,0.13764987847160462
420,1103,1523,0.1376789265574882
424,1094,1518,0.13771509855342884
425,1097,1522,0.13773784877118941
415,1101,1516,0.13775774268101199
419,1101,1520,0.13779954366228664
420,1094,1514,0.1378299421737591
421,1090,1511,0.13785692607407163
421,1084,1505,0.1378797859208141
417,1079,1496,0.13790259026848173
415,1080,1495,0.13793368453209764
418,1072,1490,0.13796700363196338
422,1079,1501,0.1379916831081567
421,1077,1498,0.1380036458318477
424,1084,1508,0.1380183489943741
414,1081,1495,0.13802272542389354
413,1083,1496,0.13804941311039265
418,1079,1497,0.13807759079129647
415,1092,1507,0.13809229031010217
414,1085,1499,0.13811489321861278
407,1088,1495,0.13813852312552286
405,1085,1490,0.13817679179057615
403,1088,1491,0.1382196955059891
408,1087,1495,0.1382632817745274
409,1097,1506,0.13829054803046528
412,1097,1509,0.1383137439130678
415,1094,1509,0.13832912418727078
410,1110,1520,0.13833370551204768
406,1095,1501,0.13835005693308597
403,1095,1498,0.13837488875705678
402,1093,1495,0.1384057283847756
409,1108,1517,0.13843758563307337
411,1110,1521,0.138449757459504
409,1111,1520,0.13845705411475787
407,1104,1511,0.1384708849598155
408,1111,1519,0.13848836108622536
408,1105,1513,0.13850173231304497
412,1105,1517,0.1385140512651473
411,1110,1521,0.13851656451232205
409,1119,1528,0.13852056226620213
403,1119,1522,0.13852854466710243
408,1120,1528,0.13854867751846037
407,1116,1523,0.13855599655017659
402,1110,1512,0.13856641352175525
397,1112,1509,0.13858577359428895
400,1111,1511,0.13861719867911
401,1102,1503,0.13864065830046687
396,1106,1502,0.13865970494990332
395,1105,1500,0.13868791232696195
401,1105,1506,0.13871850384784298
401,1119,1520,0.13873205531266464
400,1115,1515,0.1387455311170123
402,1102,1504,0.13876028527089096
400,1100,1500,0.13876725720177688
398,1106,1504,0.13877919501222213
399,1110,1509,0.13879721634655953
395,1115,1510,0.13881316870277627
397,1120,1517,0.13883764029963302
394,1121,1515,0.13885645035654645
395,1123,1518,0.13888133823737378
396,1125,1521,0.13890280376514208
400,1120,1520,0.1389192775195326
395,1107,1502,0.1389243620196616
398,1109,1507,0.13894106404485077
403,1125,1528,0.13894932354947
405,1114,1519,0.13894600602512183
410,1113,1523,0.13893954511637713
408,1118,1526,0.13892256334732636
409,1116,1525,0.13891070404630887
401,1123,1524,0.13889620033846725
392,1118,1510,0.13890136607651268
387,1117,1504,0.13892766246109253
386,1122,1508,0.1389649728534205
380,1121,1501,0.1390028996704338
377,1126,1503,0.1390529133339605
379,1124,1503,0.13910798465882201
378,1127,1505,0.1391534063706437
371,1128,1499,0.13920071740454992
371,1133,1504,0.13926219763296882
371,1135,1506,0.1393199862308446
366,1126,1492,0.13937338648175518
367,1124,1491,0.13943411509148754
366,1132,1498,0.13948776060459456
363,1132,1495,0.13953751894134406
374,1135,1509,0.1395922374601928
378,1125,1503,0.13961682298711897
380,1125,1505,0.13962947015188987
385,1119,1504,0.13963678652757155
379,1124,1503,0.13963080540856748
377,1134,1511,0.1396401275283743
383,1135,1518,0.1396510816939586
381,1142,1523,0.1396471018273839
383,1139,1522,0.13965070683676764
382,1133,1515,0.13964984102638428
380,1123,1503,0.1396508379367468
382,1128,1510,0.13965935066267454
380,1125,1505,0.13966253904854115
387,1124,1511,0.13967231879655323
381,1137,1518,0.1396635759710046
376,1139,1515,0.13966873035577293
378,1144,1522,0.1396858805852731
370,1146,1516,0.13969943273119334
373,1151,1524,0.13973109374372408
370,1145,1515,0.1397523339199228
368,1138,1506,0.13978033901913534
371,1145,1516,0.1398111115653385
362,1141,1503,0.13983356860069932
364,1143,1507,0.13987848104798795
364,1144,1508,0.13991659879561405
360,1140,1500,0.13995026211843162
358,1146,1504,0.13999122420943666
361,1140,1501,0.1400328191994375
368,1135,1503,0.14006422813109118
367,1134,1501,0.14007533676146303
366,1133,1499,0.14008819647907614
365,1139,1504,0.14010289856526248
359,1135,1494,0.14011636342338982
364,1139,1503,0.14014497743692375
364,1135,1499,0.1401626040970845
361,1140,1501,0.14017855831470377
362,1162,1524,0.14020231756646642
357,1156,1513,0.14022422703603354
355,1152,1507,0.1402568752180574
351,1156,1507,0.14029289499669959
350,1165,1515,0.1403358167660398
358,1148,1506,0.14037940884857644
357,1145,1502,0.14039836811480788
356,1145,1501,0.14041828206374293
361,1147,1508,0.14043504654233022
367,1139,1506,0.14044005225129866
364,1161,1525,0.14043106908826947
364,1165,1529,0.14043111862397292
363,1164,1527,0.14043114390011635
364,1171,1535,0.14043372262428663
355,1163,1518,0.14043412300731156
355,1173,1528,0.1404556707525807
357,1177,1534,0.14047588445932604
352,1165,1517,0.1404882416695102
349,1164,1513,0.1405147421987473
345,1165,1510,0.14054862882066163
347,1168,1515,0.14059040154572863
343,1170,1513,0.1406262823138996
340,1173,1513,0.14066997641552717
339,1171,1510,0.1407173018891394
341,1171,1512,0.14076432657159768
346,1179,1525,0.14080224457254276
340,1182,1522,0.14082501632990846
344,1180,1524,0.14085991121807984
343,1169,1512,0.1408814774031702
341,1167,1508,0.14090515391271496
343,1161,1504,0.14093139527675894
340,1157,1497,0.14094952352364104
339,1160,1499,0.1409733363301053
344,1157,1501,0.1409993573190585
338,1166,1504,0.14100983356839028
345,1173,1518,0.14103560146921834
345,1190,1535,0.141041444611397
346,1191,1537,0.14104743394629476
349,1181,1530,0.14105065067147893
344,1182,1526,0.14104803215356815
340,1168,1508,0.14105788197191024
341,1162,1503,0.14107784358629277
342,1165,1507,0.14109412477449187
336,1167,1503,0.14110800226087028
333,1164,1497,0.1411342617627809
331,1167,1498,0.1411653018126405
329,1169,1498,0.14119918376225457
333,1181,1514,0.14123474376395775
334,1172,1506,0.14125773264729205
337,1173,1510,0.14127731774695226
335,1179,1514,0.14128920736595055
337,1183,1520,0.14130685008211863
341,1187,1528,0.1413188957811975
342,1179,1521,0.14131995850684345
341,1180,1521,0.14131516063547384
337,1177,1514,0.14131452999035424
333,1177,1510,0.1413240580183124
328,1170,1498,0.14134231803497188
333,1174,1507,0.1413705221038037
329,1181,1510,0.14138347419812297
325,1196,1521,0.1414070938177227
325,1191,1516,0.14143965760219712
326,1199,1525,0.14146943040703566
331,1194,1525,0.14149631844384788
327,1191,1518,0.141511226878077
327,1182,1509,0.14153527663195484
329,1193,1522,0.14155891209522206
329,1201,1530,0.1415766466929133
329,1196,1525,0.14159442279377563
323,1195,1518,0.14160960796346744
322,1193,1515,0.14163741430564022
320,1186,1506,0.14166715401168914
318,1186,1504,0.14169851724515486
321,1184,1505,0.14173189754638754
313,1193,1506,0.14175535564863467
313,1194,1507,0.14179481715800057
312,1200,1512,0.14183185281140573
316,1195,1511,0.14186841392920407
316,1189,1505,0.1418935458251857
321,1200,1521,0.14191708010528192
320,1198,1518,0.14192643429320603
314,1202,1516,0.14193773890612918
322,1209,1531,0.1419609693788405
324,1201,1525,0.14196386508000458
318,1196,1514,0.1419633541578982
316,1201,1517,0.1419778146930465
313,1198,1511,0.14199651355167836
314,1201,1515,0.14202185869450829
314,1202,1516,0.1420433379355477
317,1190,1507,0.14206380361628335
318,1198,1516,0.1420764705252996
320,1203,1523,0.14208624991950217
316,1202,1518,0.14209151334411108
314,1209,1523,0.14210561543863634
313,1212,1525,0.14212369173184547
306,1221,1527,0.14214324433818007
305,1219,1524,0.1421773311086867
307,1217,1524,0.1422110221196819
303,1204,1507,0.14223929756747297
307,1198,1505,0.14227553305812515
310,1206,1516,0.14230020748903316
310,1204,1514,0.14231586986005834
310,1207,1517,0.1423299999620309
309,1200,1509,0.1423450558591636
309,1208,1517,0.14236261481820073
307,1207,1514,0.14237801795528818
302,1208,1510,0.14239593489569902
301,1200,1501,0.14242371598227957
295,1220,1515,0.1424532632849731
294,1220,1514,0.14249463527276465
291,1226,1517,0.14253545825089275
299,1219,1518,0.14257919681718234
301,1212,1513,0.14259767111397859
303,1205,1508,0.1426077279221505
300,1206,1506,0.14261237612598873
305,1213,1518,0.14262444030720697
312,1206,1518,0.14262125692231412
307,1209,1516,0.14260144835289146
300,1211,1511,0.14259328973730556
303,1206,1509,0.1426014533068388
300,1208,1508,0.1426037025694445
297,1214,1511,0.14261394209628983
300,1207,1507,0.14263112213992765
301,1217,1518,0.14264005150409048
300,1216,1516,0.14264657593546365
299,1212,1511,0.14265654502650318
299,1212,1511,0.14266830597876612
295,1214,1509,0.14268041216710867
297,1219,1516,0.14270094124536686
304,1226,1530,0.14271580111670917
309,1210,1519,0.14271417112557783
304,1222,1526,0.1427004654809295
303,1212,1515,0.1426984596118567
302,1200,1502,0.14269885212707092
307,1201,1508,0.1427002586807024
310,1196,1506,0.1426904350634102
308,1195,1503,0.14267441525638622
307,1204,1511,0.142664661773736
306,1202,1508,0.14265790380600976
299,1215,1514,0.14265469817146711
293,1216,1509,0.14266828006154345
299,1213,1512,0.14269656044253248
298,1223,1521,0.1427095764925121
293,1223,1516,0.14272273287462287
292,1226,1518,0.14274819629343732
296,1231,1527,0.14277549491912989
294,1233,1527,0.14279030635262305
288,1233,1521,0.14280932193206483
288,1236,1524,0.14284232289093224
291,1226,1517,0.14287302882791988
292,1227,1519,0.14289346321292576
285,1220,1505,0.14291020002404373
288,1223,1511,0.1429411841396738
286,1220,1506,0.14296368465164083
292,1226,1518,0.14298885990765806
290,1219,1509,0.14299516020892483
288,1209,1497,0.14300821038560785
292,1219,1511,0.14302531968220725
291,1222,1513,0.1430303779101401
292,1221,1513,0.14303611841570252
293,1221,1514,0.14303753022158613
293,1216,1509,0.14303591617455855
296,1216,1512,0.14303406843061037
293,1215,1508,0.14302508648384418
291,1218,1509,0.14302409660088564
292,1219,1511,0.143028052487809
295,1211,1506,0.1430309475976776
299,1207,1506,0.1430251742412798
296,1215,1511,0.14301033819655543
297,1218,1515,0.14300368567151953
297,1220,1517,0.14299267214684314
304,1204,1508,0.1429827644000282
305,1219,1524,0.14295603914076602
302,1228,1530,0.14292938144918746
303,1221,1524,0.14291433481121646
310,1216,1526,0.14289817214138215
310,1211,1521,0.14286487540570023
304,1212,1516,0.14283347283842268
306,1213,1519,0.14281842904247768
304,1209,1513,0.14280025077079553
300,1209,1509,0.14278901292651627
298,1211,1509,0.14278889436062464
294,1220,1514,0.1427949363726865
293,1213,1506,0.14281007737719836
293,1224,1517,0.14282515619648595
289,1221,1510,0.14283952714268258
289,1217,1506,0.14286087015793683
292,1229,1521,0.14288173349269434
295,1227,1522,0.1428928473988049
293,1232,1525,0.14289573439595288
297,1219,1516,0.14290445728080545
298,1210,1508,0.14290356072309268
294,1214,1508,0.14289847960026344
295,1218,1513,0.1429043689669439
295,1210,1505,0.14290515904109147
292,1209,1501,0.14290294391336225
295,1209,1504,0.14290507867798538
291,1221,1512,0.14289881058494808
293,1210,1503,0.14290509979472404
296,1203,1499,0.14290593902678003
303,1208,1511,0.1428989245606812
303,1196,1499,0.14287442612379303
302,1199,1501,0.14285149620006155
308,1207,1515,0.14283198690635243
308,1194,1502,0.14280042063247037
313,1199,1512,0.1427716338452786
312,1194,1506,0.14273462355193328
312,1187,1499,0.1427042290488779
312,1197,1509,0.14267669962745214
317,1197,1514,0.14264855289509132
314,1183,1497,0.14260988982324155
308,1193,1501,0.14258100787142414
310,1197,1507,0.14256717304857516
313,1204,1517,0.14255068817272099
304,1192,1496,0.14252895698956106
297,1203,1500,0.1425298235616691
299,1217,1516,0.14254858537619758
303,1222,1525,0.1425634242306524
301,1226,1527,0.14256822182139983
303,1230,1533,0.14257562597381848
303,1224,1527,0.1425782330432536
301,1234,1535,0.14257933141271964
304,1220,1524,0.1425858570800083
302,1219,1521,0.1425852724378006
299,1213,1512,0.1425888507092555
293,1207,1500,0.14259960155000015
293,1197,1490,0.14262783741494203
290,1208,1498,0.142653562183905
289,1209,1498,0.14268309234636956
289,1206,1495,0.14271273835154916
293,1199,1492,0.14274190461419406
289,1219,1508,0.142759145848017
289,1218,1507,0.1427846455977433
286,1223,1509,0.14281005597310992
288,1228,1516,0.14284211648363382
286,1217,1503,0.14286606386797243
286,1230,1516,0.14289392233924544
287,1235,1522,0.14291876199050604
279,1229,1508,0.14293915877804297
272,1230,1502,0.1429782004404018
274,1240,1514,0.1430317051776438
271,1235,1506,0.14307501914629403
272,1231,1503,0.14312060742138968
270,1240,1510,0.14315986542431738
275,1235,1510,0.1432004844343415
276,1240,1516,0.14322805926636506
274,1240,1514,0.14325236492482887
273,1248,1521,0.14327959988724556
271,1254,1525,0.14330925656508467
264,1247,1511,0.14334217923026032
264,1247,1511,0.1433907126154814
264,1254,1518,0.14343500461496525
262,1260,1522,0.14347602875962795
259,1258,1517,0.14352083252007972
263,1253,1516,0.14356883329780756
269,1246,1515,0.14360419913277392
268,1240,1508,0.14362285020746843
263,1247,1510,0.1436443902393962
269,1241,1510,0.14367460793673095
272,1253,1525,0.14368567963135653
270,1244,1514,0.14368764478670515
263,1244,1507,0.14369616486350456
263,1243,1506,0.14372173707713032
260,1255,1515,0.14374403573135272
259,1253,1512,0.14377341067617722
256,1254,1510,0.14380337025650078
254,1254,1508,0.14383916305142186
257,1260,1517,0.1438767365063517
255,1270,1525,0.1439052425050319
249,1255,1504,0.14393973630920967
255,1256,1511,0.14398547600774494
255,1252,1507,0.14401301536310465
254,1271,1525,0.1440394751904122
250,1274,1524,0.14406615945316067
250,1270,1520,0.14410035127948984
251,1268,1519,0.14413229396744692
250,1271,1521,0.14415862003392588
248,1267,1515,0.1441875773490507
250,1273,1523,0.144218828251667
248,1271,1519,0.14424579272447383
250,1260,1510,0.14427656318456983
249,1257,1506,0.14429894634423956
245,1265,1510,0.1443227776687537
245,1264,1509,0.1443555980642209
250,1264,1514,0.14438373723933318
244,1261,1505,0.14440073678699325
244,1262,1506,0.1444309227941683
236,1261,1497,0.14445918416391737
236,1267,1503,0.14450459871245072
239,1271,1510,0.1445462914184721
231,1271,1502,0.1445762306219504
229,1276,1505,0.14462400791445318
232,1276,1508,0.1446730992815442
232,1270,1502,0.14471034349610534
233,1263,1496,0.14474598559897942
231,1269,1500,0.14477775140287394
236,1292,1528,0.14481323238255495
233,1282,1515,0.14483373195001
234,1276,1510,0.14485952521965864
237,1283,1520,0.14487916068114015
234,1265,1499,0.1448923269244768
235,1277,1512,0.1449133907622218
232,1270,1502,0.1449312351887385
236,1287,1523,0.14495456247682661
239,1273,1512,0.14496492840598316
238,1272,1510,0.14496686090719563
242,1272,1514,0.14496941793693915
239,1265,1504,0.14496298348124118
239,1272,1511,0.14496293217267012
240,1279,1519,0.14496295531859288
239,1262,1501,0.14496043040762344
242,1267,1509,0.1449613587761733
248,1268,1516,0.144953573593804
242,1277,1519,0.1449318505542685
241,1273,1514,0.14492836777608223
240,1275,1515,0.14492943328593033
239,1282,1521,0.14493263469328288
236,1277,1513,0.14493826395354956
234,1282,1516,0.14495214429759917
231,1267,1498,0.14496981668112974
233,1275,1508,0.1449930129467772
228,1278,1506,0.14501158423125024
221,1292,1513,0.14504117000418215
219,1275,1494,0.14508514970339761
221,1279,1500,0.14513203657520848
223,1267,1490,0.14516939155066186
219,1271,1490,0.14519866185934766
221,1273,1494,0.14523544704799726
217,1270,1487,0.14526423876537134
223,1276,1499,0.14529959234147077
226,1263,1489,0.14531658201378353
224,1277,1501,0.1453242469525415
230,1277,1507,0.14533557816264572
231,1268,1499,0.14533240408699627
231,1284,1515,0.1453265182716621
232,1285,1517,0.14532186701706123
237,1305,1542,0.14531438385448203
236,1300,1536,0.14529663117691846
232,1300,1532,0.14528255356162667
228,1291,1519,0.14528008185792196
228,1293,1521,0.14528841679444027
221,1291,1512,0.1452963187152841
223,1289,1512,0.14532084590354571
224,1289,1513,0.14533833387224732
227,1287,1514,0.14535219392907014
235,1288,1523,0.14535691379292587
234,1291,1525,0.1453395764223904
236,1289,1525,0.14532804291206503
234,1276,1510,0.14531415998362882
234,1276,1510,0.14530706496530657
233,1279,1512,0.1452995238859941
232,1285,1517,0.1452950997086205
225,1294,1519,0.14529525183997102
225,1303,1528,0.14531158094443986
225,1288,1513,0.1453265539367364
220,1294,1514,0.14534227936837152
216,1307,1523,0.1453677102420431
214,1314,1528,0.14540210070472576
214,1303,1517,0.14543826522051517
214,1301,1515,0.14547146541620196
214,1289,1503,0.1455035212807818
217,1283,1500,0.1455328570315059
215,1280,1495,0.14555379158377404
218,1288,1506,0.1455778933231322
215,1295,1510,0.14559248776460326
219,1288,1507,0.14561407588151418
222,1298,1520,0.1456241818573245
218,1297,1515,0.14562553380184085
220,1295,1515,0.14563635202048159
219,1294,1513,0.14564167874076644
215,1290,1505,0.1456482301465255
215,1286,1501,0.14566508452530183
216,1295,1511,0.1456809905884152
215,1303,1518,0.14569304982233916
212,1305,1517,0.14570679846377227
211,1294,1505,0.14572722988017472
211,1305,1516,0.14574895565087723
210,1306,1516,0.1457694164764716
210,1299,1509,0.14579142349117802
210,1303,1513,0.14581139193115455
211,1301,1512,0.14583007034456288
207,1297,1504,0.1458453149346535
205,1284,1489,0.1458699113024296
205,1294,1499,0.14589726376184392
201,1301,1502,0.14592306006612218
201,1302,1503,0.1459566039746818
199,1315,1514,0.14598657834735967
199,1315,1514,0.14601875339484305
196,1331,1527,0.14605059793252603
192,1310,1502,0.14608724480324667
190,1326,1516,0.14613120251384745
192,1327,1519,0.14617818740833857
193,1331,1524,0.14621682205596273
194,1324,1518,0.14624927839186358
194,1328,1522,0.14627620380441117
195,1332,1527,0.14630167441649086
192,1324,1516,0.14632222916127333
192,1324,1516,0.1463487681751066
192,1327,1519,0.1463745263338678
187,1314,1501,0.14639940360382622
193,1321,1514,0.14643600926646175
196,1324,1520,0.14645619630110207
197,1322,1519,0.14646591137327977
196,1326,1522,0.14647459221556589
192,1333,1525,0.1464846626180253
191,1327,1518,0.14650478751863974
192,1325,1517,0.14652523158997202
187,1324,1511,0.14654264520418755
188,1323,1511,0.1465692957213042
185,1324,1509,0.14659315987143223
184,1323,1507,0.1466224049365403
181,1321,1502,0.1466513915276943
181,1335,1516,0.14668625883014688
176,1328,1504,0.14671818707246023
179,1338,1517,0.14676050118958478
173,1341,1514,0.1467925210487777
177,1337,1514,0.14683663173405492
176,1339,1515,0.14686849371346788
173,1347,1520,0.14690108656367
175,1341,1516,0.14693973130172963
175,1338,1513,0.14697185579395416
174,1345,1519,0.14700142446977554
170,1330,1500,0.14703165997851775
171,1330,1501,0.14706736195240414
172,1342,1514,0.14709771691275977
180,1336,1516,0.14712326665995437
179,1336,1515,0.1471271390895706
173,1333,1506,0.14713429819891968
166,1335,1501,0.14715525136565238
172,1340,1512,0.14719240175157014
175,1346,1521,0.14721224200020167
173,1347,1520,0.14722521399429797
173,1338,1511,0.14724057886266467
175,1350,1525,0.1472536044746989
174,1357,1531,0.14726168151360303
174,1356,1530,0.14727290742976837
169,1341,1510,0.1472822516357985
167,1346,1513,0.14730065398327277
165,1344,1509,0.1473235097257909
159,1341,1500,0.14735059849016086
160,1343,1503,0.14739231466454913
163,1334,1497,0.1474299422462339
161,1326,1487,0.14745716869241832
163,1345,1508,0.14748740134090035
164,1350,1514,0.14751044251940926
167,1354,1521,0.14752940586559318
166,1351,1517,0.14754134106420996
164,1341,1505,0.1475553118653019
164,1347,1511,0.1475746084322341
158,1357,1515,0.14759128071773037
158,1361,1519,0.14762197926766857
157,1346,1503,0.1476516406042404
159,1351,1510,0.14768286791509994
157,1359,1516,0.14770769468435518
156,1372,1528,0.1477348939095097
158,1364,1522,0.147762515938912
161,1369,1530,0.1477827558977852
155,1371,1526,0.14779445200738073
159,1373,1532,0.14782022826730976
158,1380,1538,0.14783414170755013
158,1374,1532,0.14785024672400437
156,1373,1529,0.14786645281808664
159,1375,1534,0.14788729658280167
157,1363,1520,0.1478991797565864
159,1351,1510,0.1479159224316005
157,1349,1506,0.14792725465822712
155,1363,1518,0.14794250441061643
150,1345,1495,0.147962235982849
151,1342,1493,0.14799204083541884
154,1348,1502,0.1480172093449578
153,1353,1506,0.1480328786570354
153,1359,1512,0.14804973971085644
154,1373,1527,0.14806498838682916
156,1367,1523,0.1480769303460726
156,1367,1523,0.1480827680612676
156,1364,1520,0.14808831884949883
154,1375,1529,0.14809452945729532
155,1372,1527,0.1481056819738935
153,1376,1529,0.14811368218866514
152,1360,1512,0.1481264236440776
153,1355,1508,0.14814136033320316
153,1366,1519,0.14815320943680227
153,1364,1517,0.1481635283911257
152,1358,1510,0.14817407055080406
155,1361,1516,0.14818521033286733
154,1359,1513,0.1481869175066758
153,1344,1497,0.1481898989517543
150,1344,1494,0.148195468268307
157,1355,1512,0.148209190503695
156,1353,1509,0.14820398653134498
152,1358,1510,0.1482016358626737
145,1360,1505,0.14820823593321653
154,1348,1502,0.14823013042865787
156,1358,1514,0.1482261113059763
154,1359,1513,0.14821563834888374
158,1361,1519,0.1482120396469184
158,1356,1514,0.14819973810614132
156,1368,1524,0.1481882971909506
159,1375,1534,0.14818371003812644
160,1374,1534,0.14817337483093468
162,1359,1521,0.14816217326391118
163,1350,1513,0.14814731046685684
165,1360,1525,0.14813166039041156
167,1367,1534,0.14811060022087025
167,1356,1523,0.14808431903600378
166,1352,1518,0.14806229599621204
164,1352,1516,0.14804533844114456
161,1342,1503,0.14803496106396463
164,1355,1519,0.14803381109772873
161,1362,1523,0.14802452920357978
163,1358,1521,0.1480218958621954
162,1368,1530,0.14801543403191128
159,1351,1510,0.14801259300525427
161,1357,1518,0.14801863304089616
158,1364,1522,0.14801776502089103
156,1351,1507,0.14802553230818213
157,1355,1512,0.14803728224124818
158,1337,1495,0.1480460558044035
161,1347,1508,0.14805053575076918
159,1345,1504,0.14804448669941972
160,1361,1521,0.14804511950376514
159,1345,1504,0.1480430129112654
159,1356,1515,0.14804472947687433
161,1348,1509,0.1480462164913199
160,1347,1507,0.148042031151914
157,1358,1515,0.14804168089163444
160,1359,1519,0.1480478757793625
159,1372,1531,0.14804537344163407
158,1366,1524,0.148046780228237
159,1365,1524,0.14805149721583177
158,1360,1518,0.14805438343529254
159,1357,1516,0.14805919972199255
155,1348,1503,0.14805985382054604
151,1357,1508,0.1480703455779744
150,1356,1506,0.14808990994684412
148,1366,1514,0.14811061504431836
150,1364,1514,0.14813518617761517
144,1364,1508,0.14815415577351398
144,1369,1513,0.14818550479692305
139,1374,1513,0.14821161507753255
145,1375,1520,0.14824740092010655
147,1377,1524,0.14826743893000968
143,1381,1524,0.14828214977978074
143,1382,1525,0.14830690313436531
139,1382,1521,0.1483295550004092
138,1372,1510,0.14835939850969163
136,1374,1510,0.1483912575697888
132,1376,1508,0.14842582531875426
131,1380,1511,0.1484674892710736
130,1375,1505,0.14850926120282612
127,1369,1496,0.14855141420889853
127,1374,1501,0.14859783294017703
127,1386,1513,0.14863954277441688
130,1381,1511,0.14867811931537525
134,1384,1518,0.14870646249671438
130,1401,1531,0.1487234336781581
124,1390,1514,0.14874953116806297
124,1378,1502,0.14878966677536792
123,1380,1503,0.14882825283674378
119,1392,1511,0.14886446680756613
122,1399,1521,0.14890886733510425
120,1385,1505,0.14894240005672202
119,1391,1510,0.14897905900863623
118,1391,1509,0.1490151941894757
121,1380,1501,0.1490519099827592
122,1387,1509,0.14907849854768196
123,1375,1498,0.14910058274826882
124,1378,1502,0.1491184484912931
127,1390,1517,0.1491320611881667
125,1406,1531,0.14913821967394128
128,1403,1531,0.14914826425501126
129,1406,1535,0.14915163966808687
127,1401,1528,0.149153485491087
124,1393,1517,0.14915927213421853
127,1404,1531,0.1491728104048716
126,1388,1514,0.14917812288636706
127,1388,1515,0.1491866938169872
126,1397,1523,0.1491921259380654
124,1398,1522,0.14919901655293172
122,1408,1530,0.1492108932391888
119,1408,1527,0.1492273256990476
119,1412,1531,0.14924955787753244
120,1400,1520,0.14927123832548328
124,1401,1525,0.1492868138355946
125,1407,1532,0.149290025096547
127,1412,1539,0.14928995509794607
126,1419,1545,0.14928572959547923
127,1418,1545,0.14928588415126026
125,1420,1545,0.1492838879363786
122,1415,1537,0.14928692350541536
114,1401,1515,0.14929797907375672
116,1400,1516,0.14932646894653956
114,1406,1520,0.14934770490995747
120,1404,1524,0.1493728420460296
118,1406,1524,0.14938062437962743
118,1405,1523,0.14939235691148073
117,1418,1535,0.14940434731313118
115,1417,1532,0.14941750662867792
116,1407,1523,0.1494349763965329
115,1397,1512,0.1494493412850416
113,1407,1520,0.14946588041076025
115,1413,1528,0.14948694127159634
116,1407,1523,0.1495017009433712
118,1411,1529,0.14951332548951196
119,1417,1536,0.1495185097617167
118,1406,1524,0.1495217684894109
114,1409,1523,0.1495274664850498
115,1404,1519,0.14954291473679837
115,1405,1520,0.14955424766919326
114,1401,1515,0.1495651365222772
117,1410,1527,0.14957714676990094
117,1404,1521,0.14958113500685907
120,1403,1523,0.14958337694070525
119,1398,1517,0.14957799943130112
116,1406,1522,0.14957635892295046
118,1392,1510,0.14958248474762822
116,1396,1512,0.14958244931461542
117,1387,1504,0.14958739165955698
114,1405,1519,0.14958956038198137
116,1399,1515,0.14959802411703899
114,1404,1518,0.14960137827313288
109,1408,1517,0.14961000158837662
111,1407,1518,0.1496298786854217
113,1405,1518,0.14964399215515023
112,1400,1512,0.14965110959751987
108,1394,1502,0.1496613362137599
111,1403,1514,0.1496810331146432
105,1412,1517,0.1496910752620685
110,1415,1525,0.14971514976232503
107,1407,1514,0.14972637694669616
106,1407,1513,0.14974471492528424
102,1410,1512,0.1497641351663478
103,1397,1500,0.1497915501778316
101,1406,1507,0.14981489689241967
99,1407,1506,0.14984238055373234
96,1412,1508,0.1498708937868529
92,1405,1497,0.14990649412187806
93,1402,1495,0.14994845781988383
97,1415,1512,0.14998563653808342
98,1422,1520,0.15001000840808656
100,1412,1512,0.15002966467409112
101,1420,1521,0.1500424722817557
100,1407,1507,0.150052056058927
99,1394,1493,0.15006379107868661
96,1396,1492,0.15007817347686936
97,1405,1502,0.1500985969732217
101,1402,1503,0.1501145954404076
101,1407,1508,0.15011949459958027
100,1408,1508,0.15012410476657032
100,1414,1514,0.15013121137952404
96,1411,1507,0.15013738919009775
96,1403,1499,0.15015413057900587
96,1418,1514,0.1501703457009424
99,1421,1520,0.15018520585238582
99,1411,1510,0.15019151532855993
100,1420,1520,0.15019663297258548
100,1410,1510,0.15020002010682362
98,1411,1509,0.1502029935676659
100,1411,1511,0.15021134084151821
101,1412,1513,0.150214543779864
105,1411,1516,0.1502161721267309
104,1413,1517,0.15020697199658575
104,1418,1522,0.15020163876327527
102,1411,1513,0.15019702521128062
103,1422,1525,0.15019717555542395
103,1424,1527,0.15019593181736104
101,1419,1520,0.1501947929545486
100,1410,1510,0.15019915441875828
96,1410,1506,0.15020449157455826
100,1401,1501,0.150219668084337
97,1402,1499,0.1502223590620945
102,1395,1497,0.1502332281281715
104,1393,1497,0.15023004537333737
101,1408,1509,0.1502223770097517
97,1424,1521,0.15022347349185824
97,1418,1515,0.1502336440989173
95,1424,1519,0.1502446772354061
99,1430,1529,0.15025959169860356
101,1427,1528,0.15026457043541583
101,1420,1521,0.15026365589299986
101,1410,1511,0.1502634461318867
100,1399,1499,0.15026371087173973
101,1395,1496,0.15026582012787845
97,1402,1499,0.150266076835638
94,1414,1508,0.15027621793800136
96,1415,1511,0.15029324001169503
96,1419,1515,0.15030347418317705
94,1421,1515,0.15031266101831847
93,1405,1498,0.15032706551207814
92,1413,1505,0.15034325755489675
94,1410,1504,0.1503609757107209
95,1406,1501,0.15037212401313724
98,1417,1515,0.15037899475964842
99,1415,1514,0.15037838786315358
100,1415,1515,0.15037468890334008
99,1421,1520,0.15036929078104738
99,1415,1514,0.15036666402647086
100,1414,1514,0.1503641073457103
100,1424,1524,0.1503599550815478
98,1424,1522,0.15035636488576062
99,1422,1521,0.15035854821548522
97,1416,1513,0.1503582243113704
95,1405,1500,0.15036308949757982
96,1420,1516,0.15037188462161843
96,1424,1520,0.15037915930332485
94,1422,1516,0.15038503848307275
92,1413,1505,0.1503948557044543
91,1429,1520,0.1504088578842259
90,1428,1518,0.15042465821384088
88,1430,1518,0.15044233731416182
89,1433,1522,0.15046398150706086
91,1434,1525,0.15048133252226062
90,1424,1514,0.15049316682417263
92,1414,1506,0.15050555853073289
93,1415,1508,0.1505117355458711
94,1424,1518,0.15051529790821955
92,1425,1517,0.15051574958824204
89,1416,1505,0.1505219996900035
89,1420,1509,0.15053577228938184
87,1423,1510,0.15054813228341002
90,1426,1516,0.15056451122668243
91,1432,1523,0.15057221888523376
92,1427,1519,0.15057731184674036
89,1433,1522,0.15058002902343032
87,1419,1506,0.1505903804502108
89,1428,1517,0.1506047784951781
88,1413,1501,0.15061345290642328
89,1415,1504,0.1506242409133463
91,1418,1509,0.15063016734001505
90,1417,1507,0.15063054565327577
91,1431,1522,0.15063305480391825
91,1424,1515,0.1506328449572563
91,1421,1512,0.15063167024098362
88,1424,1512,0.15062903398119634
89,1430,1519,0.1506336219498409
87,1429,1516,0.1506359935530374
85,1411,1496,0.15064364378135806
90,1415,1505,0.15065609909612374
90,1401,1491,0.15065449668338482
88,1414,1502,0.15065349867042863
88,1435,1523,0.15065835355063895
89,1435,1524,0.150662533524147
88,1429,1517,0.1506638013420409
86,1437,1523,0.15066805856654755
84,1434,1518,0.15067750416820735
81,1437,1518,0.15069046476822046
81,1431,1512,0.15071038331259504
80,1441,1521,0.15072963872805714
78,1434,1512,0.1507495895006313
79,1438,1517,0.1507714789861982
76,1435,1511,0.15078929916318326
72,1439,1511,0.15081272435128765
78,1443,1521,0.15084543482009508
77,1439,1516,0.15085931468929473
75,1436,1511,0.15087499652897557
75,1432,1507,0.15089517391206095
73,1424,1497,0.15091420622934681
75,1425,1500,0.15093705752833667
75,1431,1506,0.1509537155493005
78,1436,1514,0.15096933307152344
77,1428,1505,0.15097594842706283
77,1446,1523,0.1509838311770265
79,1435,1514,0.15099095787303674
78,1447,1525,0.15099273392122206
78,1438,1516,0.15099779606318683
79,1430,1509,0.15100344909558777
76,1435,1511,0.1510065226060193
75,1449,1524,0.15101628201438494
76,1426,1502,0.1510278596040359
76,1427,1503,0.15103620219033329
74,1440,1514,0.15104395088078873
75,1438,1513,0.15105678833674932
76,1443,1519,0.15106682792137602
74,1443,1517,0.1510742937431948
69,1450,1519,0.1510866158053611
71,1449,1520,0.15110986331792384
70,1454,1524,0.15112689640707033
68,1463,1531,0.15114585416507775
68,1460,1528,0.15116860961211473
71,1463,1534,0.15118879855172154
67,1449,1516,0.15119873216938648
69,1450,1519,0.15121834873791687
70,1450,1520,0.15123213312069825
69,1455,1524,0.15124269548643873
67,1465,1532,0.1512557042396536
64,1464,1528,0.15127316514498465
65,1457,1522,0.1512966961063077
65,1454,1519,0.15131629146729225
65,1447,1512,0.15133512767746046
69,1442,1511,0.15135333776310428
69,1440,1509,0.15135849235970386
73,1434,1507,0.15136309993483285
75,1446,1521,0.1513553577053986
73,1437,1510,0.15134387495122936
71,1435,1506,0.15133811686974633
70,1461,1531,0.1513385260648353
71,1447,1518,0.15134250957765122
70,1446,1516,0.15134399455835923
73,1449,1522,0.15134875962526453
71,1452,1523,0.15134545320590959
69,1455,1524,0.15134678260146475
71,1457,1528,0.15135213684957555
71,1458,1529,0.1513516924168411
69,1445,1514,0.15135224877146047
68,1440,1508,0.15135839117646577
72,1445,1517,0.1513664078533529
69,1448,1517,0.1513643071409261
69,1446,1515,0.15137001536672742
71,1432,1503,0.1513756279431551
66,1449,1515,0.15137518625772786
63,1451,1514,0.1513853067130648
62,1461,1523,0.15140298398571247
66,1441,1507,0.151421713256875
65,1446,1511,0.1514298494615693
70,1445,1515,0.15143988643402348
70,1448,1518,0.1514365957912784
71,1446,1517,0.15143268935465964
70,1436,1506,0.151427755028498
69,1441,1510,0.15142636756699915
64,1446,1510,0.15142857938482554
64,1453,1517,0.15144318405348386
64,1441,1505,0.1514574774222305
64,1438,1502,0.15147127428650775
63,1449,1512,0.1514843573834071
62,1442,1504,0.15149869777171263
64,1440,1504,0.1515148653345399
65,1441,1506,0.1515250385683374
66,1446,1512,0.15153212222012713
66,1458,1524,0.15153595087443728
67,1450,1517,0.15153924012500083
66,1456,1522,0.15153995868281492
64,1460,1524,0.15154347191437942
62,1462,1524,0.15155191844232496
62,1462,1524,0.15156498636153615
60,1450,1510,0.15157770894118536
62,1443,1505,0.15159444039734585
64,1445,1509,0.15160574426853643
62,1448,1510,0.15161036388840707
61,1448,1509,0.15161854880511796
62,1441,1503,0.15162915269342617
63,1446,1509,0.1516354890395621
62,1453,1515,0.15163906331135096
61,1461,1522,0.1516438494331927
59,1457,1516,0.15165194745983132
57,1457,1514,0.15166473400615363
58,1464,1522,0.15168175638654458
58,1459,1517,0.15169564704603355
58,1450,1508,0.15170871490976176
58,1437,1495,0.15172081477229418
57,1453,1510,0.1517327372976643
56,1454,1510,0.15174577549173648
57,1455,1512,0.15175986048411122
59,1458,1517,0.15177124065346162
58,1456,1514,0.15177589868877514
58,1449,1507,0.15178322070953804
57,1436,1493,0.1517891849339179
55,1442,1497,0.15179697399220227
56,1460,1516,0.1518093000590909
57,1440,1497,0.15181822915404142
58,1446,1504,0.1518241779758789
58,1445,1503,0.15182706882633043
59,1445,1504,0.15183040909721413
60,1457,1517,0.15183082011655977
56,1445,1501,0.15182919997143504
59,1451,1510,0.15183754586430745
58,1458,1516,0.1518381747904001
59,1464,1523,0.1518414686163883
57,1457,1514,0.15184251223795114
56,1454,1510,0.15184861433740932
53,1460,1513,0.1518568987239981
52,1452,1504,0.15187212873078038
52,1461,1513,0.15188900273997127
54,1459,1513,0.1519046663647932
53,1457,1510,0.15191395877241973
53,1456,1509,0.1519248291646501
51,1468,1519,0.15193349838075243
52,1470,1522,0.15194657311892928
53,1475,1528,0.1519560766987179
54,1460,1514,0.151962315895186
56,1450,1506,0.151966370358737
53,1443,1496,0.15196496085912653
53,1447,1500,0.15197094357788823
55,1458,1513,0.15197637834244127
55,1464,1519,0.15197665121389017
54,1464,1518,0.15197741585502134
54,1453,1507,0.15197979948998125
55,1452,1507,0.15198261865157256
58,1463,1521,0.15198330638470106
58,1472,1530,0.15197539289112041
58,1470,1528,0.15196815886448664
57,1455,1512,0.15196188406375294
54,1462,1516,0.1519588844537819
56,1464,1520,0.15196358014893085
57,1463,1520,0.15196311447597607
54,1453,1507,0.1519602965466239
54,1459,1513,0.15196511148552014
57,1449,1506,0.1519701401578697
56,1447,1503,0.15196761634663708
58,1447,1505,0.15196811825581544
58,1454,1512,0.1519635777812964
57,1452,1509,0.15195926650325864
57,1443,1500,0.15195730946620103
57,1441,1498,0.15195607769821903
59,1450,1509,0.1519554557975895
55,1453,1508,0.1519491396694968
54,1460,1514,0.1519530478631179
55,1469,1524,0.1519601688374089
56,1466,1522,0.15196481145963647
56,1464,1520,0.15196644480239524
51,1461,1512,0.15196782778249632
48,1463,1511,0.15198069196963077
50,1472,1522,0.15200011099241198
50,1465,1515,0.15201272884776207
50,1464,1514,0.1520249574144277
50,1463,1513,0.15203682327329715
51,1443,1494,0.15204778937453273
52,1447,1499,0.15205536391407928
50,1449,1499,0.15206012378006808
51,1454,1505,0.15206962416720127
51,1453,1504,0.15207600244368077
53,1456,1509,0.15208143151859252
54,1464,1518,0.1520808113315076
53,1461,1514,0.1520770446115371
53,1464,1517,0.15207589440725858
52,1461,1513,0.1520755273525824
51,1463,1514,0.1520773790175922
50,1464,1514,0.15208211105312044
51,1465,1516,0.15208987110638117
51,1454,1505,0.15209440892553577
53,1469,1522,0.15209869496273354
51,1462,1513,0.15209805094103576
50,1458,1508,0.15210240431117103
52,1463,1515,0.15210915435738648
49,1461,1510,0.15211059061688306
49,1466,1515,0.15211951986247135
50,1467,1517,0.15212759428450656
48,1474,1522,0.15213255264447162
46,1491,1537,0.15214152196510042
46,1471,1517,0.15215496318208394
43,1469,1512,0.152167857818406
43,1473,1516,0.1521862801760361
45,1458,1503,0.15220374507908435
45,1453,1498,0.15221548333098614
49,1455,1504,0.15222669728497878
49,1474,1523,0.15222614218641495
47,1461,1508,0.1522262377829502
46,1464,1510,0.15223140801172683
45,1461,1506,0.15223909732005103
47,1456,1503,0.15224852007063103
48,1462,1510,0.15225299865474262
46,1461,1507,0.1522542726751386
44,1472,1516,0.1522603607052715
45,1476,1521,0.15227096365589277
47,1461,1508,0.15227758599085411
46,1460,1506,0.1522783376559146
46,1459,1505,0.15228172441481674
48,1479,1527,0.15228546071868848
48,1464,1512,0.1522832209429788
47,1468,1515,0.15228173391969232
47,1463,1510,0.15228302012964903
46,1467,1513,0.15228473668493275
48,1464,1512,0.1522876636399893
50,1466,1516,0.1522845527645797
49,1473,1522,0.15227692829463496
50,1458,1508,0.15227266808948103
49,1466,1515,0.15226558120445344
48,1461,1509,0.15226207232657685
49,1482,1531,0.15226118664454924
50,1483,1533,0.15225820273988735
51,1480,1531,0.1522527539070862
52,1476,1528,0.1522443058241259
50,1463,1513,0.15223349074197606
50,1451,1501,0.1522292537416272
48,1471,1519,0.1522261632397858
47,1472,1519,0.15222744153294465
47,1478,1525,0.15223119405002333
47,1463,1510,0.1522344430641583
47,1460,1507,0.15223646209469457
45,1455,1500,0.15223914087188092
49,1458,1507,0.15224690132191843
45,1461,1506,0.15224366533602443
44,1472,1516,0.152251214649298
46,1465,1511,0.15226036295274625
47,1480,1527,0.15226481567156683
45,1475,1520,0.15226609618244769
46,1466,1512,0.1522727505488975
46,1473,1519,0.15227681671313253
48,1480,1528,0.15228095067722666
49,1471,1520,0.15227860316893047
48,1474,1522,0.15227380888920536
47,1473,1520,0.15227209679545306
45,1482,1527,0.15227376886288366
44,1470,1514,0.15228055853032887
46,1474,1520,0.15229016463670042
49,1477,1526,0.152294224651271
47,1459,1506,0.1522898608252171
45,1459,1504,0.1522916334410468
45,1464,1509,0.15229835915476259
45,1469,1514,0.15230343623238038
48,1474,1522,0.15230750310157518
48,1472,1520,0.15230422109834182
46,1460,1506,0.15230179494338647
46,1453,1499,0.15230521562686458
49,1460,1509,0.15230815998364045
47,1462,1509,0.1523041801282097
47,1464,1511,0.15230523472491825
48,1463,1511,0.15230482123490274
48,1466,1514,0.15230125101604133
49,1472,1521,0.1522986215925525
50,1473,1523,0.15229362403080413
49,1461,1510,0.15228656024731518
52,1454,1506,0.15228292096323218
52,1462,1514,0.15227177197404382
51,1463,1514,0.15226203659667786
51,1462,1513,0.15225570753668763
51,1462,1513,0.15224891732715448
50,1470,1520,0.15224326003997862
49,1457,1506,0.15224082512761034
50,1464,1514,0.15224164737954063
51,1464,1515,0.15223983163267135
49,1467,1516,0.1522363911464464
46,1472,1518,0.15223871413067877
45,1463,1508,0.15224818401018914
44,1470,1514,0.1522588717117216
43,1472,1515,0.1522714659529128
44,1477,1521,0.15228504305142113
49,1479,1528,0.1522957121756213
51,1469,1520,0.15229185510556204
50,1468,1518,0.15228286133558297
52,1460,1512,0.15227733992989015
53,1466,1519,0.15226646976437716
52,1473,1525,0.15225486098590868
51,1475,1526,0.15224691478538252
51,1467,1518,0.15224050002280248
52,1486,1538,0.1522351629917994
52,1486,1538,0.15222843386768548
54,1487,1541,0.15222156046592525
53,1472,1525,0.15221077580489745
53,1461,1514,0.15220353225784644
54,1465,1519,0.1521972398294458
54,1449,1503,0.15218915150610823
54,1456,1510,0.15218205121172787
54,1439,1493,0.15217319636583293
54,1443,1497,0.1521649331669481
54,1456,1510,0.1521570456026715
55,1463,1518,0.1521493220293038
55,1469,1524,0.15213879635233313
54,1463,1517,0.1521294695287174
53,1465,1518,0.1521218756220239
52,1453,1505,0.15211814892028108
53,1464,1517,0.15211759637398287
56,1470,1526,0.15211378394495398
56,1467,1523,0.1521036149181705
55,1459,1514,0.15209467112486982
54,1461,1515,0.15208934175118027
56,1458,1514,0.15208717215609985
56,1452,1508,0.15207997360136682
57,1456,1513,0.15207339629046726
58,1461,1519,0.15206473864254116
59,1459,1518,0.15205363037556854
59,1455,1514,0.15204141955115374
57,1447,1504,0.1520307040971577
56,1434,1490,0.1520257393533459
55,1448,1503,0.15202400269056382
57,1458,1515,0.15202450754887573
57,1465,1522,0.15202028118064675
57,1459,1516,0.15201683968711172
57,1471,1528,0.15201318972945682
56,1477,1533,0.15201030831398563
56,1474,1530,0.15201004822401987
56,1477,1533,0.15201031116207592
57,1460,1517,0.15201006565515812
57,1459,1516,0.15200782032337634
56,1445,1501,0.1520061144149202
55,1453,1508,0.1520071036333202
56,1466,1522,0.15200934522222517
56,1474,1530,0.15200953269478817
55,1483,1538,0.1520092203302627
52,1474,1526,0.15201071849142628
54,1466,1520,0.15201938794908582
53,1462,1515,0.1520230574230648
53,1479,1532,0.1520294770101787
52,1452,1504,0.15203585404314837
50,1455,1505,0.15204429549543824
50,1454,1504,0.152056876451404
49,1452,1501,0.15206812676185713
51,1444,1495,0.15208131494108812
52,1453,1505,0.15208758063363864
52,1455,1507,0.15209144163352012
52,1464,1516,0.15209539881282771
51,1467,1518,0.1520991648480939
50,1473,1523,0.15210469345934588
49,1463,1512,0.15211258957229964
48,1462,1510,0.15212266837575764
49,1468,1517,0.152133796247225
46,1463,1509,0.15214140075753968
46,1473,1519,0.1521557335638418
47,1469,1516,0.1521696139332452
45,1470,1515,0.15218049669283074
45,1472,1517,0.15219537569402983
45,1456,1501,0.15220961004104525
45,1455,1500,0.15222273731103161
46,1457,1503,0.15223523255470822
46,1467,1513,0.15224354064068327
45,1472,1517,0.1522509257862546
46,1480,1526,0.15226030827003056
46,1474,1520,0.15226719700386382
44,1462,1506,0.15227366882047833
44,1466,1510,0.15228466335137456
45,1464,1509,0.1522952980923597
45,1458,1503,0.15230304270152872
46,1471,1517,0.15231028703727195
46,1466,1512,0.15231437706583628
43,1478,1521,0.1523184784114399
45,1470,1515,0.15232981747980134
44,1466,1510,0.15233592256714876
42,1472,1514,0.15234410045781807
42,1479,1521,0.15235638442536203
41,1482,1523,0.15236796319857082
43,1473,1516,0.15238117970435508
41,1487,1528,0.15238904648945045
41,1482,1523,0.15240100296349968
41,1478,1519,0.15241137622750808
43,1479,1522,0.15242118898865165
45,1481,1526,0.15242446748965924
46,1486,1532,0.15242247325669403
48,1479,1527,0.1524180294102673
50,1474,1524,0.15240921684244804
49,1473,1522,0.15239437435180134
48,1458,1506,0.15238346879292164
47,1462,1509,0.1523763365928917
50,1451,1501,0.15237097081433762
50,1457,1507,0.15235885161875776
50,1465,1515,0.15234763265242193
49,1463,1512,0.1523367480958125
49,1474,1523,0.15232917315408467
47,1474,1521,0.15232264412929147
49,1478,1527,0.15232168542333194
47,1482,1529,0.15231642518433752
47,1479,1526,0.1523164302493265
49,1485,1534,0.15231685746859444
48,1479,1527,0.1523120044898765
50,1478,1528,0.15230999651527435
48,1464,1512,0.15230312989451242
52,1468,1520,0.152302448014148
53,1457,1510,0.15229057330701706
52,1472,1524,0.1522769076991533
52,1470,1522,0.15226710687419817
53,1462,1515,0.15225817531742636
53,1460,1513,0.15224777784022092
55,1451,1506,0.15223852317488565
56,1460,1516,0.15222394353134674
54,1461,1515,0.15220774775385798
55,1466,1521,0.1521975975541087
56,1458,1514,0.15218540613605724
58,1463,1521,0.15217225920434496
59,1467,1526,0.1521541899788234
61,1471,1532,0.15213432348970105
59,1473,1532,0.15210957444589993
59,1479,1538,0.1520911894725602
57,1473,1530,0.15207375539391266
58,1471,1529,0.15206306616230436
58,1470,1528,0.15205043762287151
57,1473,1530,0.15203862066196902
57,1462,1519,0.15203064380722922
53,1470,1523,0.15202383048272686
53,1465,1518,0.15202744785819367
54,1472,1526,0.15203075838301466
56,1473,1529,0.15203057855296373
58,1463,1521,0.15202521070563382
58,1453,1511,0.15201560080732832
55,1461,1516,0.15200652885213167
55,1453,1508,0.15200487846897923
54,1450,1504,0.15200393466037884
56,1443,1499,0.15200612122180276
54,1459,1513,0.1520036490533953
51,1470,1521,0.1520064121046882
51,1471,1522,0.15201652395501852
51,1468,1519,0.15202464815437142
53,1467,1520,0.15203085416775236
55,1454,1509,0.1520298699485352
53,1460,1513,0.15202497721781766
53,1467,1520,0.152026254454512
53,1470,1523,0.1520277798664834
52,1461,1513,0.15202997701248688
48,1453,1501,0.15203409253906222
49,1458,1507,0.15204791827388392
50,1448,1498,0.15205907407503808
48,1457,1505,0.15206663449428443
49,1458,1507,0.1520788688661399
47,1453,1500,0.15208831940159914
48,1452,1500,0.15210220644536648
48,1457,1505,0.15211293633733342
46,1460,1506,0.15212342564835116
45,1479,1524,0.15213766504406145
43,1465,1508,0.15215302463748415
44,1468,1512,0.15217258229632116
42,1472,1514,0.1521885171217921
40,1466,1506,0.15220846845989663
42,1483,1525,0.15223216208309728
41,1482,1523,0.15224953295827556
40,1493,1533,0.1522679998669737
39,1492,1531,0.15228787687270806
39,1482,1521,0.15230971067471552
37,1492,1529,0.15233021838798083
39,1488,1527,0.15235367525467242
38,1468,1506,0.15236995011138452
39,1469,1508,0.15238778401694675
37,1463,1500,0.15240184758084024
40,1469,1509,0.15242046730529965
43,1458,1501,0.15243069343825102
44,1459,1503,0.1524321873154598
44,1462,1506,0.15243120910620264
43,1468,1511,0.15243075925342353
43,1461,1504,0.15243298107008255
43,1471,1514,0.15243501735777612
43,1466,1509,0.15243712272631824
43,1476,1519,0.1524394438416731
46,1479,1525,0.15244192550876812
45,1473,1518,0.15243581107390788
46,1469,1515,0.1524322896508518
50,1466,1516,0.152425911760686
50,1482,1532,0.15241009984960754
48,1478,1526,0.15239518450285838
48,1482,1530,0.15238637068572086
48,1491,1539,0.15237869128759202
50,1480,1530,0.15237119343774652
48,1473,1521,0.15235964043715303
50,1481,1531,0.1523539784999518
50,1478,1528,0.15234454664569236
47,1464,1511,0.15233567071285953
48,1471,1519,0.15233500107545217
45,1468,1513,0.15233050378893095
47,1484,1531,0.15233352246615373
46,1478,1524,0.1523313015846369
46,1468,1514,0.1523320851671093
45,1466,1511,0.15233344765263784
44,1475,1519,0.15233748139549325
43,1488,1531,0.15234382634906513
45,1463,1508,0.15235251974632325
45,1474,1519,0.15235507197579015
43,1467,1510,0.15235784744901998
42,1473,1515,0.15236569848983092
44,1466,1510,0.1523755951903578
43,1460,1503,0.15237824681803974
45,1487,1532,0.152382980583226
42,1486,1528,0.1523817565351683
43,1473,1516,0.15238813295153097
43,1472,1515,0.15239218920438558
42,1483,1525,0.15239644866185706
41,1488,1529,0.15240307252858584
40,1497,1537,0.15241190384341588
40,1503,1543,0.1524227518412482
41,1485,1526,0.15243320457049156
40,1479,1519,0.1524402159928392
40,1471,1511,0.15244945625406137
41,1472,1513,0.15245649141057746
39,1468,1507,0.15246124949601578
39,1476,1515,0.15247062911560558
40,1476,1516,0.15247978491951347
40,1472,1512,0.15248551285187112
41,1469,1510,0.1524904896248808
41,1474,1515,0.15249242049277245
41,1475,1516,0.15249466899220987
41,1470,1511,0.15249715832496852
41,1462,1503,0.1524998237860829
39,1473,1512,0.15250261107959318
40,1482,1522,0.15251012498385105
40,1478,1518,0.15251435502437474
39,1465,1504,0.15251860912166726
38,1472,1510,0.15252505264102895
36,1476,1512,0.15253350675115374
36,1476,1512,0.15254560799226632
37,1474,1511,0.15255623664021412
38,1480,1518,0.15256288298418355
37,1482,1519,0.15256627386135027
38,1486,1524,0.1525712137194885
37,1481,1518,0.1525731518042263
34,1494,1528,0.15257915891813414
33,1488,1521,0.1525923092072291
31,1484,1515,0.1526072636402783
31,1474,1505,0.15262616423111727
32,1467,1499,0.1526440075608797
31,1472,1503,0.1526574720155412
32,1479,1511,0.15267282427356016
32,1488,1520,0.15268431430096607
30,1485,1515,0.15269544400041146
30,1492,1522,0.15271073660145798
29,1492,1521,0.15272534925079465
30,1489,1519,0.15274126492354279
31,1489,1520,0.15275395015844231
32,1477,1509,0.1527635679956915
32,1487,1519,0.15276965038185505
32,1487,1519,0.15277564923072764
34,1483,1517,0.15278153174580061
34,1486,1520,0.15278102278214212
34,1481,1515,0.15278092930198267
35,1474,1509,0.15278117760278953
34,1479,1513,0.1527785701396549
33,1478,1511,0.15277934586800115
32,1475,1507,0.15278277593318929
32,1471,1503,0.152788617002879
32,1474,1506,0.1527933235842451
32,1472,1504,0.15279795286348244
33,1481,1514,0.15280254261764514
31,1481,1512,0.15280465508633298
33,1490,1523,0.1528116525633118
33,1504,1537,0.1528122287203118
32,1499,1531,0.15281250335511082
30,1492,1522,0.15281559237271747
31,1491,1522,0.1528239215098898
29,1492,1521,0.1528288898404034
31,1486,1517,0.15283804254363542
32,1489,1521,0.15284138341272388
32,1499,1531,0.1528425014850229
33,1496,1529,0.15284398064448676
33,1491,1524,0.1528426570118372
33,1494,1527,0.15284185133293768
32,1495,1527,0.15284148355799662
33,1494,1527,0.15284410476997892
32,1499,1531,0.15284417023189273
32,1489,1521,0.15284680278153373
32,1492,1524,0.15284784059342194
33,1485,1518,0.15284923204554896
35,1472,1507,0.1528483907708702
35,1480,1515,0.15284182451999587
36,1477,1513,0.15283558064982417
36,1491,1527,0.1528271695916633
35,1494,1529,0.15281982724805646
35,1495,1530,0.15281475662144153
32,1474,1506,0.15281007036689456
33,1479,1512,0.1528132651144089
32,1485,1517,0.1528130716911209
29,1491,1520,0.1528157007194975
30,1489,1519,0.15282537928359338
28,1488,1516,0.15283245358447536
30,1475,1505,0.1528436703155885
32,1492,1524,0.15284985545461566
33,1498,1531,0.15285065614222046
34,1491,1525,0.15284937051952432
36,1487,1523,0.15284550646166575
35,1487,1522,0.15283660358139914
35,1486,1521,0.15283134482412972
36,1494,1530,0.15282693286040952
35,1493,1528,0.1528204993516334
36,1485,1521,0.152816896430224
37,1489,1526,0.15281125836654025
35,1490,1525,0.1528038639385924
35,1486,1521,0.15280192243969265
36,1483,1519,0.1528001920289865
37,1471,1508,0.15279584865868936
38,1468,1506,0.1527889832686
39,1479,1518,0.15277980403614522
39,1482,1521,0.15276865642157272
41,1493,1534,0.15275803037313412
40,1481,1521,0.15274347909312921
39,1487,1526,0.15273297180980494
41,1482,1523,0.15272590690538418
43,1470,1513,0.15271484148214667
43,1470,1513,0.1526988826941829
40,1472,1512,0.1526845512241685
40,1474,1514,0.15267888604361673
43,1472,1515,0.15267406654727161
42,1481,1523,0.15266154323578401
42,1476,1518,0.15265263381082797
42,1487,1529,0.15264473017222038
41,1476,1517,0.1526378072638366
42,1470,1512,0.15263405632122712
43,1481,1524,0.15262777475996947
43,1481,1524,0.15262005055257843
43,1480,1523,0.15261321474207457
42,1474,1516,0.15260716925183804
43,1465,1508,0.152603913267422
39,1469,1508,0.1525979349570251
39,1459,1498,0.15260140164252095
38,1473,1511,0.15260522825438247
41,1457,1498,0.15261134469225446
41,1466,1507,0.15261021191786742
39,1467,1506,0.15260944209566177
41,1472,1513,0.152613458525776
42,1468,1510,0.15261251333151485
42,1462,1504,0.15260876636692153
40,1470,1510,0.1526055974825039
38,1478,1516,0.15260764977538543
38,1476,1514,0.15261428137851826
37,1479,1516,0.15262042260435538
39,1484,1523,0.1526285476940262
42,1490,1532,0.15263085296653872
42,1481,1523,0.1526247881245545
44,1469,1513,0.1526195599975252
44,1475,1519,0.15260965263473913
44,1469,1513,0.15260059264067005
43,1466,1509,0.15259277986457573
43,1470,1513,0.15258804498071796
42,1474,1516,0.15258352849531193
45,1471,1516,0.15258185965364304
44,1475,1519,0.152573636805001
45,1472,1517,0.15256839586047913
45,1468,1513,0.15256153983336695
44,1473,1517,0.15255536900896927
42,1488,1530,0.15255214255741886
42,1494,1536,0.15255374647049108
42,1484,1526,0.1525554210708396
38,1486,1524,0.15255715996634633
38,1492,1530,0.1525677463805633
37,1466,1503,0.15257761810706577
39,1470,1509,0.15258930396496087
39,1476,1515,0.15259562900128273
39,1470,1509,0.15260164417209296
42,1468,1510,0.15260664006735428
42,1469,1511,0.15260392773796982
41,1480,1521,0.1526008980127976
40,1478,1518,0.15260065571055625
40,1469,1509,0.15260293970820932
40,1465,1505,0.15260442339492478
39,1472,1511,0.15260613326258848
41,1477,1518,0.15261021158770852
41,1477,1518,0.1526084673407445
41,1484,1525,0.15260706838221924
41,1474,1515,0.15260581507918886
40,1467,1507,0.152604962607466
40,1466,1506,0.15260684635857014
41,1478,1519,0.15260882846318857
41,1477,1518,0.15260839090891445
41,1463,1504,0.15260818726986433
41,1474,1515,0.15260817648068292
41,1471,1512,0.15260832333885943
42,1483,1525,0.15260859773247437
42,1483,1525,0.15260611152547895
42,1478,1520,0.15260344070884846
41,1476,1517,0.15260116700744406
39,1488,1527,0.15260100295084875
41,1490,1531,0.15260576121371347
40,1489,1529,0.15260524695929978
38,1482,1520,0.15260723187712966
38,1483,1521,0.1526139889481706
36,1476,1512,0.15262049688899443
38,1476,1514,0.15263111513816818
38,1466,1504,0.15263557232884004
36,1475,1511,0.15263972292938988
38,1472,1510,0.1526483145785991
38,1474,1512,0.15265187316846732
39,1479,1518,0.1526552688622362
39,1500,1539,0.1526559284346678
38,1485,1523,0.15265680293060568
39,1478,1517,0.15266007040242488
39,1487,1526,0.1526602683332622
39,1488,1527,0.15266065056006786
38,1486,1524,0.15266073568979122
36,1466,1502,0.15266331666891125
34,1465,1499,0.15267042763614624
35,1485,1520,0.15268157387979692
33,1481,1514,0.15268999953116824
35,1494,1529,0.15270294264167858
35,1486,1521,0.15271059805667833
35,1479,1514,0.15271791990854167
36,1475,1511,0.15272490890620882
34,1467,1501,0.15272749112702674
34,1470,1504,0.15273463573973012
34,1475,1509,0.1527418092719176
34,1457,1491,0.15274858269125993
34,1460,1494,0.1527541648544998
34,1471,1505,0.15275964882466672
33,1473,1506,0.15276482052964724
33,1472,1505,0.15277127548201208
32,1477,1509,0.15277761413567714
33,1485,1518,0.1527851254701962
34,1493,1527,0.15278958359146333
34,1485,1519,0.15279149057657548
33,1474,1507,0.15279362105209046
31,1473,1504,0.1527982084469878
30,1480,1510,0.15280745143876928
30,1481,1511,0.1528179716119139
31,1484,1515,0.15282813022374006
29,1485,1514,0.15283542762476665
28,1490,1518,0.15284697097520855
28,1497,1525,0.15286037914915201
26,1500,1526,0.15287238923526986
24,1492,1516,0.15288831639003114
23,1507,1530,0.15290828963550668
24,1513,1537,0.1529293605555948
24,1511,1535,0.1529467191735659
24,1510,1534,0.15296276372989168
24,1504,1528,0.15297799222881658
24,1496,1520,0.1529924293853917
25,1486,1511,0.15300610183515467
25,1492,1517,0.1530165143691651
26,1486,1512,0.15302640861347971
27,1497,1524,0.15303307397173954
27,1490,1517,0.15303671110715197
26,1496,1522,0.1530403132635905
26,1499,1525,0.15304606584671965
26,1500,1526,0.15305160909254403
26,1501,1527,0.15305710144136347
27,1491,1518,0.15306146474841648
27,1490,1517,0.15306339418794512
26,1489,1515,0.1530653732323673
25,1490,1515,0.15306973319210684
23,1488,1511,0.1530763630539873
22,1511,1533,0.15308705278949267
22,1496,1518,0.15309957811478028
22,1481,1503,0.1531114188530265
22,1496,1518,0.1531226914636778
23,1512,1535,0.15313331366138896
21,1515,1536,0.15314084510182446
20,1508,1528,0.1531525322058509
19,1511,1530,0.15316596529423016
19,1500,1519,0.15318078743252492
19,1493,1512,0.15319475843727998
18,1499,1517,0.15320792194525779
18,1493,1511,0.1532225901455711
18,1493,1511,0.1532363956493508
19,1495,1514,0.15324938445386185
20,1496,1516,0.15325878487891414
21,1511,1532,0.153264699894227
21,1501,1522,0.1532678481612306
21,1492,1513,0.15327098796342964
21,1492,1513,0.15327409876415823
21,1488,1509,0.15327716368928462
21,1478,1499,0.15327923516048406
21,1502,1523,0.15328138933826607
19,1504,1523,0.15328359478409623
20,1490,1510,0.1532911363281843
21,1494,1515,0.15329511149547637
21,1490,1511,0.15329589496966703
21,1483,1504,0.1532968698955158
21,1492,1513,0.15329781609812268
20,1484,1504,0.15329893473451897
19,1500,1519,0.15330256791576286
17,1502,1519,0.15330836264282685
17,1495,1512,0.15331830547535666
17,1487,1504,0.15332777516835117
16,1487,1503,0.15333678128692857
15,1488,1503,0.1533477673285248
18,1498,1516,0.15335956975412895
18,1499,1517,0.15336363149904153
18,1502,1520,0.15336764533679348
16,1491,1507,0.153371589207603
16,1502,1518,0.15338001629476236
17,1490,1507,0.15338805127642058
16,1481,1497,0.15339330212793037
17,1492,1509,0.15340068288478526
17,1493,1510,0.15340462111237035
17,1498,1515,0.15340850417100896
17,1511,1528,0.15341231168840316
17,1510,1527,0.15341602754201294
17,1518,1535,0.15341963921987056
17,1517,1534,0.15342313726847565
17,1513,1530,0.15342651481635095
17,1503,1520,0.15342880722641306
17,1492,1509,0.15343112725430333
18,1490,1508,0.1534334516593901
18,1495,1513,0.15343337428280354
18,1480,1498,0.15343343592748185
17,1496,1513,0.15343361236354666
18,1484,1502,0.15343615531717972
18,1494,1512,0.15343548814256716
20,1491,1511,0.15343504162610863
20,1512,1532,0.15342842143542787
20,1495,1515,0.15342254948549125
20,1510,1530,0.15341733970819213
18,1497,1515,0.15341271611089263
19,1492,1511,0.15341343721604497
18,1494,1512,0.1534111879426246
18,1495,1513,0.1534117804407865
17,1499,1516,0.15341255902275214
17,1502,1519,0.1534157516505443
16,1512,1528,0.15341891760793178
16,1514,1530,0.1534243970748393
14,1514,1528,0.15342966703809466
15,1510,1525,0.1534394978547443
16,1497,1513,0.15344633128458643
16,1490,1506,0.1534499877110411
17,1492,1509,0.1534535560979332
17,1485,1502,0.15345379109060023
16,1487,1503,0.1534542130876872
16,1471,1487,0.15345727479445656
14,1489,1503,0.1534602853067896
13,1501,1514,0.15346782795115443
12,1487,1499,0.1534773894892317
12,1503,1515,0.15348868742934355
11,1498,1509,0.1534986098966148
11,1483,1494,0.1535105130969766
11,1497,1508,0.15352182305559067
11,1507,1518,0.15353255557806725
11,1512,1523,0.15354174445952734
11,1514,1525,0.1535505534307205
10,1505,1515,0.15355897974236662
11,1503,1514,0.15356944137684153
13,1507,1520,0.15357688501151912
12,1507,1519,0.15357769122991538
12,1510,1522,0.15358123975086702
11,1499,1510,0.15358480699885274
10,1506,1516,0.1535908032855765
10,1512,1522,0.1535992444108371
10,1523,1533,0.15360729582381058
10,1507,1517,0.15361496334653796
10,1498,1508,0.15362225490250317
10,1499,1509,0.15362918005896622
10,1506,1516,0.15363574964101367
11,1508,1519,0.15364197540715072
12,1500,1512,0.15364472758887407
14,1495,1509,0.15364424898367943
14,1507,1521,0.15363759219110748
12,1511,1523,0.1536317430375713
12,1517,1529,0.15363133692351721
12,1517,1529,0.1536305473985826
11,1510,1521,0.1536301543791776
10,1511,1521,0.15363247001674593
11,1510,1521,0.15363752456690677
10,1512,1522,0.1536392873347183
10,1517,1527,0.15364387731378856
8,1508,1516,0.15364838819445598
7,1521,1528,0.1536579185509028
7,1505,1512,0.15366942245607604
7,1498,1505,0.15368032663225076
7,1497,1504,0.15369065423084066
7,1499,1506,0.15370042870393608
7,1510,1517,0.15370967357028806
7,1495,1502,0.15371841222261595
7,1498,1505,0.15372666777032484
7,1502,1509,0.15373446291250698
7,1502,1509,0.15374181983678553
7,1498,1505,0.15374876014015715
7,1493,1500,0.1537553047685072
8,1501,1509,0.15376147397192524
8,1500,1508,0.15376412437859616
8,1511,1519,0.15376672916052125
8,1498,1506,0.15376927653369607
8,1498,1506,0.15377175725395972
8,1502,1510,0.15377416423456172
8,1517,1525,0.15377649221549447
8,1510,1518,0.1537787374778785
7,1510,1517,0.15378089759753766
7,1504,1511,0.15378531494694056
6,1502,1508,0.15378950455672172
6,1512,1518,0.15379590443815405
5,1503,1508,0.15380194632151956
4,1512,1516,0.1538100570239369
5,1513,1518,0.15382013829888
5,1517,1522,0.15382651671143655
5,1509,1514,0.15383261749996116
5,1512,1517,0.1538384440932654
5,1511,1516,0.15384400134853446
5,1509,1514,0.15384929526494376
4,1494,1498,0.1538543327391105
5,1502,1507,0.15386148881298994
4,1513,1517,0.1538653777624745
3,1502,1505,0.15387173860970008
3,1509,1512,0.153880237966547
3,1508,1511,0.15388827109848058
3,1497,1500,0.15389585963064498
3,1499,1502,0.15390302475607764
3,1493,1496,0.1539097871467573
2,1510,1512,0.1539161668850591
2,1523,1525,0.15392462693365377
2,1518,1520,0.15393259295078157
2,1520,1522,0.15394009188285177
2,1521,1523,0.15394714948136895
3,1515,1518,0.1539537903137237
3,1525,1528,0.15395682856829737
3,1512,1515,0.15395979342917968
3,1500,1503,0.1539626764058676
3,1511,1514,0.15396547104251654
3,1518,1521,0.15396817261498788
3,1516,1519,0.15397077786761387
3,1530,1533,0.15397328478471858
3,1530,1533,0.15397569239254166
4,1533,1537,0.15397800058774552
4,1517,1521,0.1539769548316036
3,1514,1517,0.1539761157630729
2,1522,1524,0.15397850888524747
2,1525,1527,0.15398325263688423
2,1526,1528,0.15398773430009285
2,1528,1530,0.15399196686709857
2,1534,1536,0.1539959628726736
2,1523,1525,0.15399973438410494
2,1518,1520,0.15400329299610246
2,1533,1535,0.15400664982984869
2,1525,1527,0.15400981553550017
2,1524,1526,0.15401280029754016
2,1528,1530,0.15401561384246462
1,1520,1521,0.1540182654483555
1,1512,1513,0.15402313600360448
1,1506,1507,0.1540277118976827
1,1511,1512,0.15403201059771837
1,1510,1511,0.15403604858266612
1,1511,1512,0.15403984139307167
1,1518,1519,0.15404340367915265
1,1519,1520,0.15404674924712908
1,1520,1521,0.15404989110376374
1,1506,1507,0.15405284149909076
1,1511,1512,0.15405561196732973
1,1509,1510,0.1540582133659959
1,1514,1515,0.15406065591322946
1,1520,1521,0.15406294922337538
1,1520,1521,0.15406510234085352
1,1513,1514,0.1540671237723645
0,1526,1526,0.15406902151748092
