1355,27,1382,0.13579578387178814
1389,29,1418,0.13298686270798474
1408,30,1438,0.13033818370123026
1430,31,1461,0.12787555045774965
1436,31,1467,0.1255753288401614
1444,30,1474,0.1234670869802141
1451,32,1483,0.12152787239064637
1457,33,1490,0.11974395960746871
1455,34,1489,0.11810612852149963
1452,33,1485,0.1166225484759206
1457,32,1489,0.11528052426788944
1457,32,1489,0.11404730485562027
1462,34,1496,0.1129270786961643
1461,34,1495,0.11189635153550828
1452,33,1485,0.1109621477900009
1449,33,1482,0.11013484701696402
1447,31,1478,0.10938887021345395
1460,31,1491,0.1087164892303133
1455,32,1487,0.10807360841474953
1442,33,1475,0.10750061430095528
1444,35,1479,0.10701179337443442
1458,35,1493,0.10656219918049342
1455,34,1489,0.10612206426957908
1458,33,1491,0.10572872846429551
1459,35,1494,0.10536448117833215
1453,35,1488,0.10503181416590451
1453,35,1488,0.10474283855105845
1449,36,1485,0.10447866366053131
1455,36,1491,0.10424549045532965
1455,33,1488,0.10402076160697891
1452,34,1486,0.10381654607933476
1454,33,1487,0.10363742041710168
1453,34,1487,0.10347031700761689
1465,34,1499,0.10332045143916722
1454,35,1489,0.10315519915030055
1464,35,1499,0.10303048022821787
1466,36,1502,0.10289134660307363
1474,37,1511,0.102760684390658
1466,37,1503,0.10262352769505977
1453,35,1488,0.10251778367801752
1457,35,1492,0.1024502602422273
1450,35,1485,0.10238177177115222
1447,35,1482,0.10233711083207343
1456,36,1492,0.10230384629756438
1440,37,1477,0.10225185383168033
1440,38,1478,0.10223903084524189
1436,38,1474,0.10222943736236843
1454,36,1490,0.10223016722210282
1453,34,1487,0.10218898625507972
1450,34,1484,0.1021539328207644
1458,35,1493,0.10212979736090809
1455,33,1488,0.10208993644792497
1466,34,1500,0.10206170884393267
1458,33,1491,0.1020098223704046
1447,34,1481,0.10197879849110666
1459,35,1494,0.10197563008216036
1466,35,1501,0.10194654327759224
1465,33,1498,0.10190512198940503
1473,31,1504,0.10186887393220256
1463,31,1494,0.10181646398213438
1466,32,1498,0.10179172038468189
1462,32,1494,0.10176222844623549
1463,35,1498,0.10174267305378254
1475,35,1510,0.10172391202175668
1471,34,1505,0.1016809807797512
1459,36,1495,0.10165150838937198
1460,36,1496,0.1016499526139846
1457,35,1492,0.10164594668782236
1439,36,1475,0.10165052696463117
1452,34,1486,0.10169474194092214
1446,33,1479,0.10170768993461662
1450,34,1484,0.10173294731351731
1446,34,1480,0.10174786662324721
1435,34,1469,0.10176932258211625
1445,32,1477,0.10181189950211682
1442,33,1475,0.10182742016968944
1438,33,1471,0.10184953934021249
1440,33,1473,0.10187690251967073
1434,33,1467,0.1018994561058562
1453,33,1486,0.10193453113266684
1436,32,1468,0.10192485275631068
1441,32,1473,0.10195299883937846
1452,32,1484,0.10196740140726562
1448,33,1481,0.1019556590370346
1439,33,1472,0.10195334100707043
1441,36,1477,0.10197288896034254
1448,37,1485,0.10198738655801633
1447,39,1486,0.1019849368906435
1448,37,1485,0.10198432864003298
1448,38,1486,0.10198304961383892
1449,38,1487,0.10198194230768971
1454,39,1493,0.10197884158887312
1457,41,1498,0.10196527505174316
1453,41,1494,0.10194665162678723
1466,38,1504,0.10193922471380436
1472,36,1508,0.10190281329926776
1456,33,1489,0.10185368794184045
1454,37,1491,0.10184561281418535
1447,40,1487,0.10184205779074329
1454,42,1496,0.10185511926481489
1458,40,1498,0.10185223697528772
1457,42,1499,0.10184255318042855
1466,42,1508,0.10183499136895673
1459,43,1502,0.10180797362740901
1456,45,1501,0.10179912451026026
1456,47,1503,0.1017979024341029
1457,49,1506,0.10179641587083255
1453,47,1500,0.10179340794791888
1456,45,1501,0.10179918073073789
1448,44,1492,0.10179860320139941
1449,42,1491,0.10181530330907596
1443,41,1484,0.10183111841482057
1440,44,1484,0.10185603339868804
1449,47,1496,0.10188709419388346
1438,45,1483,0.10189386425775027
1438,46,1484,0.1019242246342124
1433,46,1479,0.10195419674189597
1451,46,1497,0.10199256492456761
1455,48,1503,0.1019872064039572
1452,50,1502,0.10197392246704791
1448,51,1499,0.10196834153471154
1443,51,1494,0.10197397791994862
1451,51,1502,0.10199065824377135
1447,52,1499,0.10198848554614953
1445,52,1497,0.10199365285577632
1440,50,1490,0.102005187389357
1434,51,1485,0.10202686968133332
1431,49,1480,0.10206141741389635
1441,45,1486,0.10210081048123404
1443,47,1490,0.1021130425178665
1438,47,1485,0.10211815565552582
1440,49,1489,0.10213446364078856
1437,47,1484,0.10214426907335479
1447,46,1493,0.1021622114690702
1447,46,1493,0.10215746120254611
1457,46,1503,0.10215261719695114
1462,46,1508,0.10212464788287345
1468,45,1513,0.10208652086807617
1460,46,1506,0.1020379512518987
1456,45,1501,0.10200884111015533
1461,45,1506,0.10199131855642317
1460,46,1506,0.10196266189655136
1458,45,1503,0.10193997247756637
1472,45,1517,0.10192371827412149
1448,46,1494,0.1018785100371371
1457,44,1501,0.10189056998007615
1461,42,1503,0.10188144063567157
1457,44,1501,0.10186541136140718
1456,41,1497,0.10185954313369462
1455,41,1496,0.10185642194361522
1463,41,1504,0.10185703617390784
1470,42,1512,0.10183745178569914
1470,42,1512,0.10180451270324463
1461,41,1502,0.10177412562211322
1447,42,1489,0.10176748865164154
1465,42,1507,0.10179344024099095
1458,39,1497,0.1017786192322439
1465,40,1505,0.10177970318842114
1462,44,1506,0.1017655679594744
1456,43,1499,0.1017591022986716
1458,44,1502,0.10176508969001333
1460,44,1504,0.1017662363783642
1449,42,1491,0.10176371274250155
1455,43,1498,0.10178784295557819
1462,42,1504,0.10179494759678111
1461,44,1505,0.1017846732474175
1454,44,1498,0.10177900477068803
1450,42,1492,0.10178963765476311
1446,40,1486,0.10180782131559775
1452,39,1491,0.10183466259138693
1440,39,1479,0.10184326854939395
1434,37,1471,0.10187679436367725
1441,35,1476,0.10192457290558835
1435,36,1471,0.10195235291161563
1437,35,1472,0.10198971443861601
1435,37,1472,0.10202182336018897
1445,39,1484,0.10205402235597621
1454,41,1495,0.10206115514993172
1455,41,1496,0.1020474940975632
1442,42,1484,0.10203162667611357
1448,41,1489,0.10204571371885195
1440,41,1481,0.10204568419121329
1446,42,1488,0.10206493780023111
1447,42,1489,0.10206753447250087
1450,42,1492,0.10206763344751871
1448,43,1491,0.1020614798800001
1443,42,1485,0.10206093060819149
1438,41,1479,0.10206926236759425
1432,41,1473,0.10208766966044944
1435,44,1479,0.10211841816945595
1447,46,1493,0.10214292731477044
1449,46,1495,0.10213736173862104
1442,47,1489,0.10212774442098294
1440,48,1488,0.10213492710894898
1443,46,1489,0.10214603377915984
1448,44,1492,0.10214982477797624
1439,46,1485,0.10214033048557042
1447,45,1492,0.10215303340868959
1444,44,1488,0.1021481017309464
1449,46,1495,0.10214958612656788
1442,45,1487,0.10214048996211592
1438,46,1484,0.10214888324457905
1435,48,1483,0.10216509676694717
1439,47,1486,0.10218780371130692
1438,49,1487,0.10220085452652489
1454,50,1504,0.10221498728734124
1450,51,1501,0.10219280817741076
1439,51,1490,0.10217978633869841
1432,51,1483,0.10219434354820468
1438,51,1489,0.10222235092787636
1436,52,1488,0.10223496973582342
1433,55,1488,0.10225083452709499
1430,55,1485,0.10227456115051439
1436,58,1494,0.10230181421823098
1425,56,1481,0.10231271818609095
1433,57,1490,0.10234790275998037
1438,59,1497,0.10236439554787805
1444,58,1502,0.10236737730020919
1438,57,1495,0.10235775508292498
1439,57,1496,0.10236173435457875
1441,57,1498,0.10236420632637516
1433,59,1492,0.10236267264746324
1434,61,1495,0.10237729727104689
1434,63,1497,0.10239090988412414
1413,60,1473,0.10240338493913309
1422,63,1485,0.10246130901590707
1421,62,1483,0.10249433357073565
1410,61,1471,0.10252600201518634
1411,62,1473,0.10258034956462875
1425,63,1488,0.10262860575926275
1434,64,1498,0.10264092821286894
1423,65,1488,0.10263256525319636
1417,63,1480,0.10264870727047364
1422,62,1484,0.10267861719748893
1426,63,1489,0.10269601126750834
1437,63,1500,0.10270129581826637
1446,68,1514,0.1026799099326854
1433,69,1502,0.10264193828100232
1432,65,1497,0.10263673809087759
1423,66,1489,0.10263144734146873
1433,66,1499,0.10264822689364188
1420,69,1489,0.10264159750917762
1415,66,1481,0.10266631490373604
1422,69,1491,0.10270188736766084
1422,70,1492,0.10272028818336128
1420,73,1493,0.10273667194419289
1424,72,1496,0.10275702916369667
1435,68,1503,0.10276383377832002
1430,67,1497,0.10274604233217259
1416,69,1485,0.10274011054466481
1412,70,1482,0.10276677104854529
1421,68,1489,0.1028009579172469
1421,71,1492,0.1028133858274739
1422,68,1490,0.1028244962684684
1414,69,1483,0.1028310565550183
1423,66,1489,0.10285502132484499
1427,68,1495,0.10285709241242454
1411,69,1480,0.10284939676590939
1432,69,1501,0.10288019903177119
1433,71,1504,0.10286083081134322
1442,69,1511,0.10283952108342916
1437,68,1505,0.1028021586861609
1425,69,1494,0.10277792654195393
1422,73,1495,0.10278296059470744
1430,74,1504,0.10279311217677904
1441,73,1514,0.10278420135187194
1440,72,1512,0.10275281920757155
1436,77,1513,0.10272564812577294
1437,74,1511,0.10270881157528358
1428,75,1503,0.1026924030887269
1423,74,1497,0.10269863946854162
1419,75,1494,0.10271653257473223
1407,78,1485,0.10274245636143904
1391,80,1471,0.10279502613553085
1395,79,1474,0.10287933388050963
1408,80,1488,0.1029499060185512
1403,78,1481,0.10298490545491054
1394,76,1470,0.1030267864527411
1402,77,1479,0.10308528167016658
1383,77,1460,0.10312254735810968
1390,79,1469,0.10319671507825191
1393,83,1476,0.10324807821088065
1394,86,1480,0.10328945478873944
1395,86,1481,0.1033280185805333
1404,88,1492,0.10336092422820775
1399,90,1489,0.1033697759924641
1399,91,1490,0.10338854396348676
1404,93,1497,0.10340595880908332
1416,93,1509,0.10341338685184401
1403,92,1495,0.10339280875848672
1407,91,1498,0.10340480966103378
1398,94,1492,0.10340701321460234
1406,94,1500,0.10343018550050566
1411,93,1504,0.10343267178828369
1410,91,1501,0.10342159395037401
1396,93,1489,0.10341476725489661
1394,96,1490,0.10344048609810869
1390,97,1487,0.10347020643030469
1392,99,1491,0.1035085586322268
1392,96,1488,0.10353939747903981
1394,103,1497,0.10356707401801377
1396,102,1498,0.10358960214041893
1395,104,1499,0.10360569121513194
1405,104,1509,0.10362241888538179
1410,103,1513,0.1036152422661315
1397,100,1497,0.10359812047008086
1397,100,1497,0.1036121674487839
1396,105,1501,0.10362374446556491
1387,106,1493,0.10363803994030796
1384,107,1491,0.10367354732161102
1382,104,1486,0.10371306059667593
1380,110,1490,0.10375384705910845
1372,112,1484,0.10379672054572875
1386,109,1495,0.10385502325376209
1385,110,1495,0.10387944734502579
1382,112,1494,0.10390530208128154
1378,113,1491,0.10393526829974559
1380,116,1496,0.10397251640703237
1386,114,1500,0.10400174324211879
1381,115,1496,0.10401478632706715
1376,116,1492,0.10404013371925423
1384,117,1501,0.10407361746103011
1379,112,1491,0.10408607799381836
1389,112,1501,0.10410976387210406
1390,118,1508,0.10411061249978168
1375,115,1490,0.10410897026280062
1374,116,1490,0.10414221827181186
1362,118,1480,0.10417500993066366
1373,120,1493,0.10423189936573463
1374,120,1494,0.1042586071668861
1376,116,1492,0.10428338392885061
1370,116,1486,0.10429964411485151
1378,114,1492,0.10432754625652907
1387,117,1504,0.10433620889321381
1374,117,1491,0.10432263630614426
1383,116,1499,0.1043379206798762
1378,113,1491,0.10433286719268789
1391,109,1500,0.10434012716840389
1379,110,1489,0.10431510177071443
1374,108,1482,0.10431956414571729
1361,114,1475,0.10433554327087066
1362,113,1475,0.10437937408916945
1364,112,1476,0.10441705569149358
1359,117,1476,0.10444822521620718
1353,110,1463,0.10448964503426485
1360,115,1475,0.10454120371817156
1359,118,1477,0.10457307757326159
1358,115,1473,0.10460580475601755
1373,113,1486,0.1046387238089845
1386,113,1499,0.10463011614986595
1384,120,1504,0.10459355063305836
1380,124,1504,0.10456539705330765
1383,126,1509,0.10454839169518135
1375,126,1501,0.10452724758618032
1367,124,1491,0.10452580009862356
1362,123,1485,0.10454390815287228
1365,126,1491,0.10457189170241105
1360,126,1486,0.10459387509749402
1364,125,1489,0.10462564174884474
1367,120,1487,0.1046469636954122
1377,127,1504,0.10465875223830853
1370,122,1492,0.10464791395611997
1363,123,1486,0.10465433572150372
1355,123,1478,0.10467253248391489
1354,126,1480,0.10470675085465803
1355,130,1485,0.10474055909234141
1363,129,1492,0.10476943239663736
1356,127,1483,0.10477792693510045
1355,131,1486,0.1048018869736682
1350,132,1482,0.10482532686914035
1360,134,1494,0.10485807868655357
1362,134,1496,0.10486508903233287
1358,131,1489,0.10486694649947406
1351,135,1486,0.10487675525204665
1360,134,1494,0.10490166914898193
1348,130,1478,0.10490803165167098
1357,132,1489,0.1049404859920076
1350,133,1483,0.10495207588255108
1358,131,1489,0.10497833305098109
1353,131,1484,0.10498447374865581
1359,129,1488,0.10500190251565929
1360,134,1494,0.10500188479417151
1358,129,1487,0.10500034910599779
1354,122,1476,0.10500309382118118
1356,125,1481,0.10501272962089656
1354,127,1481,0.10501843842005563
1367,132,1499,0.10502848613874427
1363,131,1494,0.1050106222847234
1374,136,1510,0.10500303310148981
1371,136,1507,0.10496928841455773
1366,141,1507,0.10494586759173458
1365,141,1506,0.10493575470016506
1361,140,1501,0.10492945746967042
1354,144,1498,0.10493310146395823
1346,146,1492,0.10495284735630267
1357,146,1503,0.10499143122546872
1362,146,1508,0.10500272308875734
1343,142,1485,0.105000829854862
1341,146,1487,0.10504434151680886
1340,146,1486,0.10509081901904035
1343,147,1490,0.10513503765168249
1344,149,1493,0.10516895491884506
1340,150,1490,0.10519747366675407
1337,151,1488,0.10523352645603047
1340,152,1492,0.10527362153701937
1327,151,1478,0.10530331367142302
1327,155,1482,0.10536023239870661
1344,153,1497,0.1054120581262642
1345,153,1498,0.10542255428000186
1353,152,1505,0.10543037228120948
1353,148,1501,0.10541829332977716
1356,151,1507,0.1054064754906754
1342,154,1496,0.10538881544739319
1336,162,1498,0.10540526459683665
1351,162,1513,0.10543501876790504
1344,162,1506,0.1054281848884718
1334,159,1493,0.1054361127022676
1337,158,1495,0.10546765773515623
1347,157,1504,0.10549123847908672
1342,158,1500,0.10549102723220477
1333,153,1486,0.10550225779515475
1346,154,1500,0.10553489862180221
1352,155,1507,0.10553414784353109
1353,159,1512,0.10551899302875377
1331,159,1490,0.1055026667805745
1341,160,1501,0.10553703551967622
1342,161,1503,0.10554778568716182
1336,161,1497,0.10555522736722636
1341,158,1499,0.1055751631602794
1340,162,1502,0.1055822000444532
1334,158,1492,0.10559240690806483
1318,155,1473,0.10561711598146609
1321,157,1478,0.10567626045203149
1320,161,1481,0.1057244350852206
1323,161,1484,0.10577077532259882
1330,163,1493,0.10580650166982235
1329,163,1492,0.10582552207548616
1318,161,1479,0.10584328100823662
1318,160,1478,0.10588528679874461
1321,170,1491,0.10592409274250109
1324,166,1490,0.10595324091211206
1318,167,1485,0.1059743398451834
1329,168,1497,0.10600675803381135
1333,172,1505,0.10601034277170307
1321,170,1491,0.10600473364838332
1327,173,1500,0.10602516024370451
1321,171,1492,0.10603161729074081
1331,173,1504,0.10605239774856119
1336,174,1510,0.10604972560748241
1317,175,1492,0.10603524032092698
1318,174,1492,0.1060655935272558
1328,176,1504,0.10609200002591106
1332,170,1502,0.10609496138072462
1321,176,1497,0.10608879893723061
1321,176,1497,0.10610902712399056
1312,178,1490,0.10612807463325966
1313,180,1493,0.1061652202307651
1316,179,1495,0.10619772498186475
1316,178,1494,0.10622078364711113
1315,183,1498,0.10624371464607481
1307,181,1488,0.10626528420382247
1300,180,1480,0.1063035585088292
1310,184,1494,0.10635458319468048
1311,181,1492,0.1063811524107211
1311,181,1492,0.10640433218616438
1308,183,1491,0.10642432499434136
1318,180,1498,0.1064480235945635
1317,186,1503,0.10644740643196186
1309,191,1500,0.10645023503455757
1317,186,1503,0.10646828545511652
1304,182,1486,0.10646951048877953
1292,182,1474,0.10650095458639061
1300,179,1479,0.10655814465410832
1299,185,1484,0.10659167071882159
1304,186,1490,0.10662484995837566
1303,190,1493,0.10664373557403295
1309,186,1495,0.10665950874252776
1299,187,1486,0.10666047153456461
1297,189,1486,0.10668291940013477
1294,194,1488,0.1067099517471712
1302,192,1494,0.10674202024476831
1302,191,1493,0.10675441338565722
1299,194,1493,0.10676811697408724
1293,195,1488,0.10678620564444305
1297,200,1497,0.10681858324993479
1295,198,1493,0.10684047090256801
1308,196,1504,0.10686452706600243
1311,199,1510,0.10685830536996863
1311,200,1511,0.10684746119044686
1301,196,1497,0.10683930372932117
1300,198,1498,0.1068537088105386
1291,197,1488,0.1068689294060805
1291,205,1496,0.10690434227345293
1288,199,1487,0.10693740256515655
1280,202,1482,0.10697551182656291
1284,205,1489,0.10702971444364948
1261,210,1471,0.1070715301844464
1266,217,1483,0.10716296801949066
1271,223,1494,0.10723784531963677
1276,225,1501,0.10729412718104077
1282,223,1505,0.10733691775350689
1278,221,1499,0.10736449589851187
1268,226,1494,0.10740032125951415
1275,229,1504,0.10745491987990341
1279,231,1510,0.10748933525363233
1271,232,1503,0.10751319449033067
1272,230,1502,0.10755406123828766
1267,231,1498,0.10759167025559328
1254,232,1486,0.10763853461781274
1261,230,1491,0.10771197410753881
1265,231,1496,0.10776393580847303
1264,229,1493,0.10780466134798042
1261,230,1491,0.1078440688713383
1259,227,1486,0.1078851268579403
1244,230,1474,0.10792852403014813
1249,231,1480,0.10800609670830053
1248,229,1477,0.10806227637676208
1257,225,1482,0.10811655501299752
1268,227,1495,0.10814550906157995
1264,230,1494,0.10814521610814926
1269,226,1495,0.10815459748304214
1258,230,1488,0.10815172161603204
1268,226,1494,0.10817567564819491
1266,234,1500,0.10817348010682969
1271,235,1506,0.10817784320331421
1266,237,1503,0.10817220657634569
1257,242,1499,0.10817928528190417
1256,241,1497,0.1082049004526889
1264,241,1505,0.10823238495624254
1264,237,1501,0.10823963011042576
1263,239,1502,0.10824638394002996
1255,235,1490,0.10825607394668665
1247,237,1484,0.10828345211837778
1245,240,1485,0.10832552548827896
1247,241,1488,0.10836975524467103
1256,241,1497,0.10840664493752947
1258,240,1498,0.10841911287285953
1271,242,1513,0.10842635027436681
1268,239,1507,0.10840372014133597
1264,237,1501,0.10838838985496277
1272,236,1508,0.10838288677544959
1271,240,1511,0.10835881007394557
1272,237,1509,0.10833872160277899
1267,235,1502,0.1083186131161284
1273,235,1508,0.10831073799442992
1269,235,1504,0.1082914610666316
1267,234,1501,0.1082819530115804
1255,240,1495,0.10827580779329146
1261,238,1499,0.10829744420097281
1261,237,1498,0.10830574301874513
1266,238,1504,0.10831113440829059
1268,237,1505,0.10830370478732014
1276,235,1511,0.10828991433795455
1263,232,1495,0.10826030228714427
1270,233,1503,0.10826226268813322
1263,237,1500,0.10824875200225044
1262,237,1499,0.10825125779798542
1257,237,1494,0.10825709749126582
1257,237,1494,0.10827397168469993
1261,243,1504,0.10829055693270483
1262,241,1503,0.10829779242439233
1250,245,1495,0.10830225651830826
1255,240,1495,0.10833423639927049
1263,239,1502,0.1083528799641674
1263,244,1507,0.1083522681275727
1254,246,1500,0.10835082760799503
1251,244,1495,0.10836937000166891
1258,246,1504,0.10839222731543018
1255,247,1502,0.1083973360572637
1258,240,1498,0.1084081730513342
1262,240,1502,0.10841189367228915
1258,241,1499,0.10840662750489598
1254,239,1493,0.10841072183582945
1243,243,1486,0.10842476784745703
1232,245,1477,0.10846419270624905
1246,247,1493,0.10852656989270759
1243,249,1492,0.10855141061396187
1222,254,1476,0.10858029084636152
1224,251,1475,0.10865519045589
1234,254,1488,0.10872110614574888
1242,256,1498,0.10875883773186767
1240,258,1498,0.10877467517209344
1245,260,1505,0.10879263167779975
1246,263,1509,0.10879884628336871
1247,266,1513,0.10880479138975606
1230,262,1492,0.10880864513627304
1231,262,1493,0.10885038534992311
1231,259,1490,0.10888843640914453
1232,263,1495,0.10892450482945405
1232,265,1497,0.10895374789446277
1225,268,1493,0.10898287138383975
1226,265,1491,0.10902722519270645
1223,272,1495,0.10906701584961487
1224,272,1496,0.10911196882530298
1228,269,1497,0.10915155114965987
1225,265,1490,0.10918039985715042
1227,271,1498,0.10921140620350073
1223,270,1493,0.10923565751695849
1221,270,1491,0.10926844625614121
1225,270,1495,0.10930383221365673
1216,272,1488,0.10932602338957392
1208,270,1478,0.1093657090557064
1211,276,1487,0.10942104306245648
1214,279,1493,0.10946539842930333
1211,278,1489,0.1095029567022491
1214,278,1492,0.10954427020452094
1212,278,1490,0.10957645681156551
1205,278,1483,0.1096110116413827
1214,279,1493,0.10965615378568822
1222,282,1504,0.10968031618967287
1218,284,1502,0.1096857381283134
1208,284,1492,0.10969871775390923
1200,281,1481,0.10973318091796416
1216,280,1496,0.10978225958257631
1206,282,1488,0.10979359398419955
1216,277,1493,0.10982651442729395
1221,277,1498,0.1098328050267179
1226,279,1505,0.10982924056889655
1213,283,1496,0.10981207625199307
1215,282,1497,0.10982873956241129
1205,289,1494,0.10983979818461488
1199,286,1485,0.10987412455821957
1194,290,1484,0.10991598916099693
1185,290,1475,0.10996655284659795
1186,288,1474,0.11003171612274035
1197,290,1487,0.11009048485569145
1196,294,1490,0.11012004580299907
1205,295,1500,0.11014922025102852
1202,293,1495,0.11015666466600375
1209,297,1506,0.11016847973794164
1205,296,1501,0.11016301716015132
1205,298,1503,0.11016685519877825
1206,299,1505,0.1101707121097445
1209,299,1508,0.11017396851063303
1211,306,1517,0.11016902969358279
1199,306,1505,0.11016190597367173
1194,304,1498,0.1101848514612826
1200,305,1505,0.11021635103874655
1203,306,1509,0.11023376972121245
1202,307,1509,0.11024334991175037
1196,309,1505,0.11025313436737447
1189,318,1507,0.1102783674581945
1182,320,1502,0.11032078315119966
1176,317,1493,0.11037545405707228
1165,314,1479,0.11043984334892633
1161,315,1476,0.1105268621257493
1169,322,1491,0.1106150336697199
1168,322,1490,0.1106801528425774
1164,322,1486,0.11074192064992254
1164,320,1484,0.11080832932881143
1157,324,1481,0.11087001139741069
1167,331,1498,0.11094442188390011
1154,335,1489,0.11098983292331259
1154,332,1486,0.11105970458958833
1150,333,1483,0.11112531462340496
1143,329,1472,0.11119451722546561
1156,328,1484,0.1112746818221752
1143,328,1471,0.1113215932888827
1155,324,1479,0.11139328691684605
1149,331,1480,0.11143268400549587
1159,325,1484,0.11148329657749781
1160,328,1488,0.11150737329269593
1176,338,1514,0.11152520653645816
1176,334,1510,0.11150421534105134
1167,337,1504,0.11148436226643582
1164,335,1499,0.11148821635885367
1158,345,1503,0.11150101851410538
1163,348,1511,0.11152831708165468
1161,353,1514,0.1115453773649568
1148,350,1498,0.11156623365722532
1151,354,1505,0.1116158017600283
1152,356,1508,0.11165788310595122
1146,349,1495,0.11169299636995998
1144,346,1490,0.11173724923473198
1139,352,1491,0.11178490997705325
1148,347,1495,0.11184042758365863
1150,349,1499,0.11187264373936014
1151,352,1503,0.11189514048298252
1146,354,1500,0.11191423574516905
1148,357,1505,0.11194220865810678
1156,361,1517,0.11196546371395412
1146,359,1505,0.11196801857336776
1146,363,1509,0.11199560067148034
1136,360,1496,0.11202004468241981
1126,371,1497,0.11206375951151305
1121,374,1495,0.11212988633226242
1126,373,1499,0.11220298459975173
1120,367,1487,0.11226028965928876
1107,369,1476,0.11232593375531705
1116,373,1489,0.11241725217084636
1105,382,1487,0.11248354865549086
1125,374,1499,0.1125684508076337
1132,374,1506,0.11260193844888242
1129,380,1509,0.11261658351807301
1132,378,1510,0.1126399381325213
1139,383,1522,0.11265447381115185
1131,378,1509,0.11265105420334802
1133,382,1515,0.11266681184006327
1122,379,1501,0.11267813640534141
1110,378,1488,0.11271271339821429
1124,380,1504,0.11277410617996025
1114,383,1497,0.11279862827058856
1116,387,1503,0.11284396773836233
1113,392,1505,0.11288200793128705
1098,387,1485,0.11292309492911885
1113,383,1496,0.11299743523119356
1113,381,1494,0.11303293819073819
1108,381,1489,0.11306734977294436
1111,385,1496,0.11310952770860673
1098,388,1486,0.11314023687305781
1104,380,1484,0.11319811114910577
1099,387,1486,0.11323768143406263
1092,390,1482,0.11328388209209676
1096,395,1491,0.11334352822334111
1103,400,1503,0.11339219165310599
1096,395,1491,0.11342038228164096
1100,397,1497,0.11346348923258923
1097,396,1493,0.11349174198569267
1095,404,1499,0.11352265119596144
1099,399,1498,0.11355398217363998
1103,404,1507,0.11357766806710529
1105,406,1511,0.11358982175555883
1109,408,1517,0.1135948869100111
1111,402,1513,0.11359355716999962
1106,404,1510,0.11358620423092994
1111,404,1515,0.1135893770734104
1109,400,1509,0.11357959726332982
1099,392,1491,0.11357843169258178
1104,395,1499,0.1136019842571392
1098,403,1501,0.11361349318021788
1094,408,1502,0.1136371897994922
1090,407,1497,0.1136686724436419
1090,395,1485,0.11370519577432905
1092,401,1493,0.11373897488342193
1092,403,1495,0.1137663190193652
1099,403,1502,0.11379300583803058
1104,403,1507,0.1138001217434841
1104,405,1509,0.11379403879780096
1074,406,1480,0.1137871093093883
1075,408,1483,0.11385092008606623
1081,409,1490,0.1139063016248344
1095,409,1504,0.11394255623567397
1096,417,1513,0.11394567129682766
1079,409,1488,0.11394690533047211
1079,411,1490,0.11398992383300946
1082,417,1499,0.11403009711686007
1081,418,1499,0.11406273472880199
1090,416,1506,0.11409640123745632
1075,420,1495,0.11410590780498843
1081,412,1493,0.11414734755074597
1082,412,1494,0.11417257313277634
1094,405,1499,0.11419590229511666
1090,407,1497,0.11418745911117091
1090,410,1500,0.11418668503693125
1090,406,1496,0.11418765349791549
1097,415,1512,0.11418905596420434
1095,410,1505,0.11417672964368387
1094,413,1507,0.11417167140293731
1084,416,1500,0.11416332158486928
1087,414,1501,0.11418040679539729
1073,420,1493,0.11418974573917386
1070,424,1494,0.11422885332297474
1066,428,1494,0.11427229321231479
1066,426,1492,0.11432372791578194
1073,436,1509,0.11437302821864431
1076,440,1516,0.11440484785829622
1060,439,1499,0.11442780127761783
1067,444,1511,0.11448520914353921
1067,440,1507,0.11452404313824757
1066,442,1508,0.1145599324977389
1066,431,1497,0.11459788667671718
1067,427,1494,0.11463072659462088
1069,430,1499,0.11465967686885709
1065,439,1504,0.11468360186838279
1059,436,1495,0.11471420513100511
1053,444,1497,0.11475373802637275
1031,443,1474,0.11480669259460853
1046,439,1485,0.11490608853548231
1059,435,1494,0.11496479593136973
1058,440,1498,0.11499106864186379
1056,441,1497,0.11501900521045404
1046,445,1491,0.11504432672514707
1054,446,1500,0.11509173195295035
1072,439,1511,0.11511622206280289
1079,443,1522,0.11509615719991645
1074,442,1516,0.11506205377340432
1070,440,1510,0.1150411086926269
1076,435,1511,0.11503297549352359
1069,443,1512,0.11501048945712845
1067,444,1511,0.11500801698415715
1073,445,1518,0.11501190479582256
1072,446,1518,0.11500404027932289
1071,444,1515,0.11499871705642598
1068,446,1514,0.11499701079396375
1071,448,1519,0.11500402731428522
1071,448,1519,0.11500476732478689
1071,446,1517,0.1150074144158578
1055,448,1503,0.11500852988677632
1051,451,1502,0.11504585335001043
1046,460,1506,0.11508987976953947
1047,451,1498,0.11514142233594793
1045,459,1504,0.115187037144619
1044,456,1500,0.1152341132471798
1047,466,1513,0.11528095127580887
1048,454,1502,0.11531541269579386
1043,455,1498,0.1153465279347311
1043,456,1499,0.11538747237906101
1046,453,1499,0.11542307508856624
1037,458,1495,0.11544894423869166
1041,455,1496,0.11549133339574284
1047,452,1499,0.11552366726681697
1052,458,1510,0.1155377714650685
1053,459,1512,0.1155402358302495
1044,457,1501,0.1155431588469694
1053,460,1513,0.11556818351526324
1050,455,1505,0.11556779435462822
1048,458,1506,0.11557419866847025
1051,461,1512,0.11558665355105262
1050,451,1501,0.11559003010480413
1060,446,1506,0.1155950058359731
1066,441,1507,0.11557465050527423
1060,438,1498,0.11554445566491435
1059,437,1496,0.11552673015323375
1058,447,1505,0.11551274808682047
1062,451,1513,0.11550240453332532
1048,454,1502,0.11548577236754276
1035,452,1487,0.11550444172769884
1034,452,1486,0.1155523381284758
1040,457,1497,0.1156003894081181
1044,467,1511,0.11563060349285191
1029,463,1492,0.11565027238085644
1027,460,1487,0.11570215712772093
1028,472,1500,0.11575414789820225
1038,465,1503,0.11580172988645518
1029,471,1500,0.11582419802677148
1035,470,1505,0.1158674327219444
1028,478,1506,0.11589173265760158
1032,476,1508,0.11593058174039292
1026,481,1507,0.11596031314881179
1022,480,1502,0.11600061886124628
1027,480,1507,0.11604975551691114
1025,477,1502,0.11608403886874413
1023,482,1505,0.11612184256389851
1020,487,1507,0.11616205817153247
1022,487,1509,0.11620472539541347
1025,485,1510,0.11624144898977994
1023,486,1509,0.11626797482469702
1019,487,1506,0.11629896743218122
1016,490,1506,0.11633617572074058
1004,498,1502,0.11637706340758182
1010,503,1513,0.11644300054174436
1016,498,1514,0.11648987348154655
1005,497,1502,0.1165202817192536
1000,498,1498,0.11657417833763503
990,495,1485,0.11663424507621073
986,490,1476,0.11671675540425784
990,492,1482,0.11680042272510172
1000,499,1499,0.11686572049648851
1005,503,1508,0.11690381255113545
1005,502,1507,0.116928831293815
998,500,1498,0.11695068966802744
996,504,1500,0.11698839141320945
997,495,1492,0.11702990834204677
994,500,1494,0.11706663081962904
999,498,1497,0.11710833249963387
989,499,1488,0.1171359871895077
992,510,1502,0.11718401358508344
990,511,1501,0.11722205293953225
996,512,1508,0.1172633788937911
999,516,1515,0.11728934168004945
989,509,1498,0.11730636471689611
988,516,1504,0.11734384947612167
993,512,1505,0.11738126390795156
994,512,1506,0.11740261953493852
1005,519,1524,0.11742096534512875
1000,514,1514,0.11741318143854895
997,508,1505,0.11741885084233146
990,517,1507,0.11743135973171955
981,516,1497,0.11746023936683032
981,514,1495,0.11750649869614033
987,512,1499,0.11754896286987354
979,520,1499,0.11757686915824614
976,518,1494,0.11762080173298095
968,521,1489,0.11766963978909001
978,522,1500,0.11773441321582738
981,517,1498,0.1177720283625729
982,524,1506,0.11780042896336627
991,525,1516,0.11782373602475062
981,519,1500,0.11782453475635749
978,526,1504,0.11784797110189026
994,522,1516,0.11787663654594366
983,523,1506,0.11786504865853331
975,520,1495,0.11787954282869205
955,524,1479,0.1179127789368513
955,524,1479,0.11799079676722748
962,527,1489,0.11806310016482705
960,519,1479,0.11811281128099882
976,512,1488,0.11816515774716237
976,519,1495,0.11817615768478625
975,519,1494,0.11818701419537928
979,516,1495,0.11819834531792686
972,526,1498,0.1182004955682245
964,535,1499,0.11821666217515193
961,537,1498,0.118250554876184
970,542,1512,0.11828994246048645
965,538,1503,0.11830628343808795
977,534,1511,0.11833293721429261
978,528,1506,0.11833045546337712
969,521,1490,0.11832266800863735
968,517,1485,0.11833590937956423
961,521,1482,0.1183514727668067
962,529,1491,0.11838140667319035
969,537,1506,0.11840740103840557
963,536,1499,0.11841275285595579
956,541,1497,0.11843254276868734
958,542,1500,0.1184685871931416
947,549,1496,0.11849791319474409
947,547,1494,0.11855060901327255
955,555,1510,0.1185989774145397
954,558,1512,0.11862691958463475
948,559,1507,0.1186569231661613
934,565,1499,0.11869949440652881
933,565,1498,0.11877133486188626
933,556,1489,0.1188428255457047
943,558,1501,0.11890834206130649
954,544,1498,0.11894606607653121
942,543,1485,0.11895650136215241
946,558,1504,0.11899279813211923
936,558,1494,0.11901455712087172
931,564,1495,0.11905906221328469
928,565,1493,0.11911099424906993
917,562,1479,0.11916796900173733
926,557,1483,0.11924771492581304
922,558,1480,0.11930003372285981
929,560,1489,0.1193581808870931
923,572,1495,0.11939643487127237
932,579,1511,0.11944383628686094
924,583,1507,0.11946747940553479
928,581,1509,0.11950832648608416
925,584,1509,0.11953937333671603
929,584,1513,0.11957412320822584
931,577,1508,0.11959875686480956
925,579,1504,0.11961773237446494
928,575,1503,0.11964713492825758
936,583,1519,0.11966997161846873
934,583,1517,0.11967282778026281
926,578,1504,0.1196801409958295
923,577,1500,0.11970233673190207
920,583,1503,0.1197275264113691
926,580,1506,0.11975830340939392
921,583,1504,0.1197727903286383
913,587,1500,0.11980127710001455
914,577,1491,0.11984370938345805
936,574,1510,0.11988066047201856
945,575,1520,0.1198612528189225
945,563,1508,0.11982212121430749
935,567,1502,0.11978669720490828
931,573,1504,0.1197727091798975
927,584,1511,0.11977200309910994
935,588,1523,0.1197830592390294
940,588,1528,0.1197754384796385
926,585,1511,0.1197592007092798
924,583,1507,0.11977643749433148
917,584,1501,0.11979696263515337
915,577,1492,0.1198349429447876
918,575,1493,0.11987482686063747
904,577,1481,0.11990553200443083
920,576,1496,0.11996370555647548
913,587,1500,0.11997832547115378
913,582,1495,0.12000840888496477
900,584,1484,0.12003649075534518
900,585,1485,0.12008957647426836
898,598,1496,0.12014039705579847
900,596,1496,0.12019417013879824
901,598,1499,0.12023794994856146
910,605,1515,0.12027813695717939
912,595,1507,0.12029393191747431
915,602,1517,0.1203023284751599
911,604,1515,0.12030416376152754
893,601,1494,0.12031606612175
897,595,1492,0.12036829019130617
903,600,1503,0.12041074340727075
897,601,1498,0.12043629057589354
907,599,1506,0.12047224662162698
904,605,1509,0.12048076684110919
896,602,1498,0.12049458084449917
902,599,1501,0.12052661697065027
901,600,1501,0.12054363197998091
889,602,1491,0.12056407480627179
890,607,1497,0.12061181953765669
890,615,1505,0.1206555927283453
894,621,1515,0.1206956302018654
895,614,1509,0.1207255507369721
884,615,1499,0.12075262282972712
883,609,1492,0.12080055087379803
900,609,1509,0.12084602422900854
894,604,1498,0.12084888003799989
887,607,1494,0.12086539692796368
885,605,1490,0.12089609575782648
883,600,1483,0.12092353562687069
891,611,1502,0.12095392380651514
885,612,1497,0.12096344400243302
890,603,1493,0.12099007603551054
902,607,1509,0.12100094682093573
895,611,1506,0.12098458016554142
898,616,1514,0.12098687056153548
892,617,1509,0.12097843285296812
887,619,1506,0.12098683836861189
881,615,1496,0.12100509551126733
889,614,1503,0.12103819875936996
900,619,1519,0.12104966036821212
889,617,1506,0.12103559325864778
889,615,1504,0.1210475857446853
890,599,1489,0.12106061723764394
897,610,1507,0.12106945532797109
889,612,1501,0.12106090947627637
882,617,1499,0.12107376303967397
885,627,1512,0.12109950216220856
882,621,1503,0.12111971530336971
893,610,1503,0.12114518746714896
894,608,1502,0.12114360267126453
884,621,1505,0.12113672457664823
887,619,1506,0.12115483849814684
891,624,1515,0.12116395963611519
891,622,1513,0.12116401770237736
891,628,1519,0.12116641040866533
885,618,1503,0.12116987833975518
881,619,1500,0.12118826816030513
880,619,1499,0.12121515588508196
876,623,1499,0.12124330683164657
868,629,1497,0.12127864720303697
852,636,1488,0.12133056672182085
851,642,1493,0.12141377401151761
841,657,1498,0.12149312463675598
844,653,1497,0.12159276616506988
860,659,1519,0.12167499516957186
865,658,1523,0.12171671571851835
856,652,1508,0.12174445715562122
861,663,1524,0.12179305152088415
861,664,1525,0.12182516007618485
860,666,1526,0.12185315453662522
855,653,1508,0.12188372896724524
854,662,1516,0.12192492240470308
844,654,1498,0.12196726475237707
845,661,1506,0.1220295753127835
859,653,1512,0.12208454345856143
857,650,1507,0.12210463102506885
857,641,1498,0.12212617757864991
859,641,1500,0.12214576633948637
846,642,1488,0.12216112428394318
853,647,1500,0.12220215573222214
843,651,1494,0.1222250836037257
848,656,1504,0.12226784999055514
858,656,1514,0.12229668411866804
864,659,1523,0.12230082992532175
845,645,1490,0.12229440242757522
843,652,1495,0.12233285276350415
846,666,1512,0.1223734000549755
860,661,1521,0.12240212665057337
860,661,1521,0.1223960282858258
864,655,1519,0.12239080274937038
861,657,1518,0.12237588028768875
855,656,1511,0.12237247602019143
848,672,1520,0.12238125789278087
841,664,1505,0.12240865873116968
841,668,1509,0.12244684918460273
833,662,1495,0.12248050294707433
835,668,1503,0.12253027162014575
837,665,1502,0.122572527678043
844,668,1512,0.1226078946210242
836,669,1505,0.12262601120931046
828,670,1498,0.12266139609344635
835,661,1496,0.12271198714860607
837,668,1505,0.12274298154898396
834,670,1504,0.12276632432583347
834,666,1500,0.12279625666168052
838,668,1506,0.1228261279835666
840,671,1511,0.12284374822767115
838,676,1514,0.12285508071917199
837,672,1509,0.12287189494749373
831,665,1496,0.12288930243351377
836,667,1503,0.12292007258510945
841,671,1512,0.12293682568228888
843,669,1512,0.12293842994806528
846,668,1514,0.12293701231894136
838,670,1508,0.12292673257790696
837,665,1502,0.12293906242163566
835,672,1507,0.12295349153588311
828,677,1505,0.12296890369977835
832,682,1514,0.12300128719289433
826,676,1502,0.12302226577678009
823,677,1500,0.1230562032402063
817,676,1493,0.1230962487723923
820,679,1499,0.12314581697538615
817,699,1516,0.12318292656416309
808,706,1514,0.12322614737977482
797,708,1505,0.12329044431558593
782,710,1492,0.12337595170312907
778,713,1491,0.12349004875467993
779,717,1496,0.12360660999000561
784,723,1507,0.12371353760586913
791,725,1516,0.12380238930921013
782,713,1495,0.12386919514039835
787,720,1507,0.12395272616233281
784,724,1508,0.12401873199076573
781,721,1502,0.12408872421125575
793,717,1510,0.12416072418858441
787,722,1509,0.12419509221818131
779,732,1511,0.1242413758140657
785,737,1522,0.12430479127689022
780,739,1519,0.12434899722733578
777,731,1508,0.12440252826839782
774,741,1515,0.12446014615938697
767,740,1507,0.1245232430835862
762,751,1513,0.12459845071008424
762,755,1517,0.12467950923764576
760,752,1512,0.12475413409583369
754,759,1513,0.12482940253106341
748,755,1503,0.12491400892416234
756,757,1513,0.12500719286934736
750,756,1506,0.12507471211057994
741,753,1494,0.12515385100026566
745,760,1505,0.12524932128078725
744,759,1503,0.12532803980104112
735,758,1493,0.12540300944486218
731,771,1502,0.12549498321579786
728,778,1506,0.12559171688010182
713,770,1483,0.1256890143775119
724,774,1498,0.12581563164970036
721,775,1496,0.12590661899785122
725,770,1495,0.1259985825632348
730,766,1496,0.12607476635525966
717,773,1490,0.12613219202431206
715,784,1499,0.12621695146086043
707,788,1495,0.12630187028647077
701,800,1501,0.1264001115646377
704,808,1512,0.1265059477652352
704,814,1518,0.12659938524095132
696,808,1504,0.12668844029079496
688,817,1505,0.12678998045290352
686,812,1498,0.1269045757982795
695,814,1509,0.12701556214813592
698,812,1510,0.12709794040543929
695,811,1506,0.12716775948395484
689,825,1514,0.12723942005848948
697,825,1522,0.12731945337197836
689,827,1516,0.12737381608106704
678,825,1503,0.12744566178112432
668,829,1497,0.12753756557878831
673,832,1505,0.12764523890485335
671,835,1506,0.12773331387595743
678,820,1498,0.12782012336784215
663,825,1488,0.1278853646538222
669,835,1504,0.12798192961015384
676,845,1521,0.128055242539792
674,841,1515,0.12810766618899305
667,848,1515,0.12816221213139112
673,844,1517,0.12823111394907058
671,841,1512,0.1282826934998174
675,836,1511,0.12833530701897686
673,831,1504,0.12836981362520788
673,848,1521,0.128406621427598
665,837,1502,0.1284431109843606
661,841,1502,0.1284959888681955
660,853,1513,0.1285558049617216
666,854,1520,0.12861534184406387
660,854,1514,0.12865555818838068
656,848,1504,0.12870706400355889
648,844,1492,0.1287661312983687
647,851,1498,0.12884078791235287
650,848,1498,0.12891212559851123
658,849,1507,0.12897088955385297
653,850,1503,0.129004091910913
651,855,1506,0.12904752887004814
647,858,1505,0.1290927694803106
647,853,1500,0.1291450668682429
638,860,1498,0.1291943853552426
652,857,1509,0.12926110992563175
656,861,1517,0.12928827645592864
661,863,1524,0.12930513264191223
661,861,1522,0.1293122151418803
656,864,1520,0.12931960233770018
653,858,1511,0.12933745020653256
651,865,1516,0.12936097607314856
643,858,1501,0.12938884064286482
640,854,1494,0.12943333477963498
650,843,1493,0.12947883039485564
654,849,1503,0.1294971951929361
653,860,1513,0.12950413583484044
655,863,1518,0.1295127790868797
653,863,1516,0.12951740937192785
648,854,1502,0.12952826081367028
643,864,1507,0.12955110174296888
642,858,1500,0.1295874026694851
634,871,1505,0.12962385675346066
644,872,1516,0.12967560589636462
644,870,1514,0.12970129834979763
636,861,1497,0.12972552685133984
632,861,1493,0.1297669115493814
633,866,1499,0.12981535409195322
634,867,1501,0.12985681873546906
633,861,1494,0.12989343735380424
622,868,1490,0.1299313674869608
626,857,1483,0.12999329162787732
629,849,1478,0.13003783981905057
635,858,1493,0.13007269284226172
639,872,1511,0.130090550648327
641,880,1521,0.13009525231882837
639,872,1511,0.13009448142249422
633,869,1502,0.13009806054451845
633,870,1503,0.1301129298488683
628,877,1505,0.1301285251750772
616,877,1493,0.13015708096240922
625,880,1505,0.1302116601850874
626,871,1497,0.13024245049697902
612,879,1491,0.1302674831698673
612,883,1495,0.13032433348565078
615,883,1498,0.13037593760459332
609,889,1498,0.13041534056944515
610,896,1506,0.13046736766146366
611,890,1501,0.1305149046013162
616,890,1506,0.13055538341263495
610,887,1497,0.13058084333106218
615,892,1507,0.1306212349853979
617,886,1503,0.1306460660191912
613,895,1508,0.13066381416192174
611,895,1506,0.13069016856847357
604,889,1493,0.13071688877520035
612,894,1506,0.13076200462161341
605,893,1498,0.1307857033521685
603,895,1498,0.1308206324619271
602,896,1498,0.1308578358974993
606,903,1509,0.13089437730079248
610,903,1513,0.13092004204955646
608,902,1510,0.13093390995207385
611,906,1517,0.13095387750806342
614,916,1530,0.13096342559430105
608,907,1515,0.13096878383420724
611,913,1524,0.13098933036725088
611,903,1514,0.13100037627078098
614,901,1515,0.13101301644818433
614,904,1518,0.1310161944052613
620,906,1526,0.13102043736860602
608,904,1512,0.13101172170824874
615,903,1518,0.13103220996042192
599,910,1509,0.1310328037573884
604,910,1514,0.13107212926842912
599,911,1510,0.13109949591920025
598,923,1521,0.13113757228662223
596,914,1510,0.13117509248748274
597,920,1517,0.13121466904833606
595,912,1507,0.131251582856509
590,920,1510,0.13129055585947946
584,925,1509,0.13134026852987482
584,922,1506,0.13140011736564902
582,908,1490,0.13145563457826623
585,903,1488,0.13151162162318633
588,922,1510,0.13155740774084745
591,922,1513,0.13159108736200703
586,925,1511,0.13161361066546584
586,931,1517,0.1316436483298378
585,927,1512,0.1316713126255756
585,926,1511,0.1317005667987229
587,923,1510,0.1317300086782769
586,929,1515,0.1317511917751678
572,934,1506,0.13177511465310865
576,932,1508,0.13183209143430902
582,943,1525,0.13187677637331316
578,941,1519,0.13190221638532887
583,933,1516,0.13193707368806706
593,932,1525,0.1319562463619171
594,928,1522,0.13195067644274774
586,933,1519,0.13194526452957409
583,930,1513,0.13196036911033615
586,929,1515,0.13198013297098027
581,928,1509,0.13199085438581876
579,931,1510,0.1320140328189553
573,929,1502,0.13203714460331206
568,944,1512,0.13207339003319182
572,942,1514,0.1321188668661912
571,936,1507,0.13215309804483721
568,922,1490,0.13218647992560356
569,932,1501,0.13222426980863727
567,934,1501,0.1322546298501847
570,942,1512,0.13228530151709206
572,932,1504,0.1323061226445862
571,930,1501,0.13232289601391764
571,929,1500,0.13234209711652734
574,925,1499,0.13235797717158096
572,921,1493,0.13236631781272135
576,934,1510,0.13237900316264475
568,949,1517,0.1323798375216493
562,959,1521,0.13240181789655966
564,965,1529,0.13243871484882905
567,959,1526,0.13247045105981983
559,959,1518,0.13249327384707937
558,949,1507,0.13253497550132512
558,951,1509,0.13257572101451046
561,953,1514,0.13261496160969682
570,955,1525,0.13264459979625212
565,948,1513,0.13264948640605334
563,954,1517,0.13266669324995248
556,958,1514,0.1326893527465859
554,961,1515,0.13272752667943563
554,966,1520,0.13277039283251799
545,964,1509,0.1328111690998546
537,971,1508,0.1328708304437483
532,979,1511,0.13294444654806503
531,989,1520,0.1330263656937634
523,978,1501,0.13310497679758337
519,992,1511,0.1331976965272343
527,986,1513,0.13329425438397002
524,981,1505,0.13336403989955772
514,987,1501,0.13343628268681343
514,987,1501,0.13352659386327073
519,990,1509,0.13361065654154955
515,994,1509,0.1336775859007349
514,991,1505,0.13374836576862548
521,992,1513,0.13381548174273047
525,983,1508,0.1338608718779595
530,983,1513,0.13389286807835032
528,987,1515,0.13391048638060266
524,999,1523,0.13393279930713384
518,995,1513,0.13396510864614608
510,973,1483,0.13401062876937542
509,994,1503,0.1340685512535218
507,999,1506,0.1341239108721207
509,991,1500,0.13418029904139883
510,996,1506,0.13422815965947038
508,985,1493,0.13426978166092762
511,987,1498,0.13431446409693534
509,992,1501,0.134349881393194
510,991,1501,0.13438732103598566
504,988,1492,0.13442051842550287
498,981,1479,0.13446625509336407
500,985,1485,0.13452260315042058
503,985,1488,0.1345684711833599
506,988,1494,0.1346055942699252
499,988,1487,0.13463324523412099
507,1006,1513,0.13467587141377893
503,1018,1521,0.13469704604752658
499,1029,1528,0.13472719196418964
498,1031,1529,0.1347665676122006
486,1023,1509,0.13480588163241797
489,1027,1516,0.134872726175461
482,1033,1515,0.13492848200181531
482,1034,1516,0.13499775882482923
480,1026,1506,0.1350627027859922
482,1024,1506,0.13512902690991413
480,1033,1513,0.13518562019134212
479,1040,1519,0.13524251948600255
482,1040,1522,0.1352976921372126
484,1044,1528,0.13534145042306192
486,1037,1523,0.1353775904705374
484,1032,1516,0.135406138729845
475,1025,1500,0.13543864229189023
474,1022,1496,0.135490406789459
478,1025,1503,0.13554050552683414
483,1032,1515,0.1355788844829654
488,1029,1517,0.13560215584481983
482,1035,1517,0.13561150508929473
484,1030,1514,0.135632883514602
484,1039,1523,0.13564779752336587
485,1039,1524,0.1356615375643233
484,1048,1532,0.1356743466731684
482,1043,1525,0.13569079451024496
480,1055,1535,0.13570999541034254
482,1043,1525,0.1357329504232484
472,1047,1519,0.13574860031809524
468,1043,1511,0.1357878025823612
467,1041,1508,0.13583334166386077
466,1041,1507,0.13587853756549545
477,1035,1512,0.13592447560293788
474,1037,1511,0.13593738348466483
472,1039,1511,0.13595738849245553
472,1048,1520,0.1359800193154076
475,1047,1522,0.13600191187105665
473,1043,1516,0.1360156947356177
469,1039,1508,0.13603516892046258
464,1030,1494,0.13606379849126707
463,1030,1493,0.13610064320827495
463,1021,1484,0.13613681256751686
470,1020,1490,0.13616905436747534
467,1029,1496,0.1361849888311129
461,1035,1496,0.13620888476494064
457,1046,1503,0.13624657300161855
455,1040,1495,0.13629213908236018
453,1045,1498,0.1363395878453143
441,1049,1490,0.13638757101452625
449,1054,1503,0.13646078859657979
449,1055,1504,0.13650694322192103
449,1052,1501,0.13655166688761222
448,1051,1499,0.13659464130848636
451,1042,1493,0.13663848462838224
456,1048,1504,0.13667072184636214
458,1037,1495,0.13668878849126262
457,1050,1507,0.13670107352721522
446,1057,1503,0.13671538246191717
444,1069,1513,0.13675512205714738
437,1069,1506,0.1367986629659968
436,1076,1512,0.13685562866387443
434,1074,1508,0.1369125353504535
432,1075,1507,0.13696870259190516
436,1073,1509,0.13702548202787718
421,1070,1491,0.1370708151750277
421,1074,1495,0.13714954209530814
421,1064,1485,0.13721991050415525
423,1046,1469,0.13728471132104683
427,1068,1495,0.13734184847071113
422,1066,1488,0.13738682368929478
427,1077,1504,0.13743964374672604
424,1074,1498,0.1374774027934507
429,1068,1497,0.13751973420103433
430,1079,1509,0.13754757694378064
440,1089,1529,0.13757272229565778
441,1073,1514,0.13757167461362238
445,1085,1530,0.1375671538136087
440,1085,1525,0.1375515821646114
437,1081,1518,0.13755163120125552
430,1089,1519,0.1375582641344029
423,1085,1508,0.1375820161104188
423,1084,1507,0.13762203413841745
425,1082,1507,0.13765874626924524
428,1061,1489,0.13769025266444218
431,1074,1505,0.13771150272446023
434,1070,1504,0.13772163865371084
434,1069,1503,0.13772297429420885
432,1071,1503,0.13772299443789918
434,1078,1512,0.13772849203123916
430,1081,1511,0.13772671230678193
431,1084,1515,0.13773528764388016
434,1076,1510,0.1377411973011034
434,1082,1516,0.1377389258315157
426,1093,1519,0.1377361137020518
427,1091,1518,0.13775210358968934
428,1086,1514,0.1377651183758903
431,1081,1512,0.1377769838478817
431,1084,1515,0.13778257438474928
427,1075,1502,0.1377881637016924
428,1083,1511,0.13780252141424948
425,1078,1503,0.13781335141518003
429,1093,1522,0.13783205790420475
423,1101,1524,0.1378394590963773
427,1105,1532,0.1378612741511733
422,1098,1520,0.1378716996102317
419,1104,1523,0.1378916062564446
422,1106,1528,0.1379203227835563
421,1096,1517,0.13793693602899273
427,1102,1529,0.13795619533896816
421,1094,1515,0.1379605107223873
421,1087,1508,0.1379797275257964
419,1086,1505,0.13799579932474787
422,1090,1512,0.13801626373265485
417,1078,1495,0.13803002290599256
420,1093,1513,0.1380535345980097
413,1097,1510,0.13806692288048805
419,1108,1527,0.13809676989605943
413,1104,1517,0.13811029534006267
409,1109,1518,0.13813630528718432
413,1112,1525,0.1381703793982909
424,1104,1528,0.1381933757113632
427,1096,1523,0.13818879150283667
427,1096,1523,0.13817800306672656
426,1097,1523,0.1381695196931776
414,1097,1511,0.13816470834212824
415,1097,1512,0.1381868281635267
413,1097,1510,0.13820456531943845
411,1095,1506,0.13822623421934532
398,1092,1490,0.13825262125627522
397,1097,1494,0.1383079944788782
399,1085,1484,0.1383615500600616
403,1089,1492,0.13840596873904748
403,1088,1491,0.1384373261940897
401,1085,1486,0.13846539598143157
398,1089,1487,0.13849567005606195
406,1092,1498,0.13852989366134452
411,1092,1503,0.13854119009759047
407,1107,1514,0.13853858004855135
409,1103,1512,0.13854478878246052
406,1094,1500,0.13854789328995795
400,1091,1491,0.13855747633824214
403,1099,1502,0.1385825168619992
396,1094,1490,0.13859905553386967
392,1108,1500,0.13863221057468553
394,1117,1511,0.1386743074512918
389,1114,1503,0.13870882938964438
386,1126,1512,0.13875335935445016
382,1132,1514,0.13880354128305533
381,1134,1515,0.13886216257285397
371,1131,1502,0.138919540721882
371,1128,1499,0.13899836055429682
366,1126,1492,0.13906970687505926
369,1132,1501,0.13914782332912806
364,1132,1496,0.13921156561336737
355,1153,1508,0.1392833274954802
363,1156,1519,0.13937345560708964
361,1160,1521,0.13943739935297092
357,1152,1509,0.13950080318692273
351,1148,1499,0.13956981064019428
348,1140,1488,0.13965116486627988
352,1134,1486,0.13973442636499125
350,1140,1490,0.13980184607976898
368,1150,1518,0.13986954788479897
370,1149,1519,0.1398858465339974
371,1154,1525,0.13989981089729675
369,1158,1527,0.1399095563337379
362,1151,1513,0.13992587334775183
360,1149,1509,0.13995729356060116
367,1142,1509,0.13999207761408525
372,1146,1518,0.14000637860714804
366,1151,1517,0.14000933374755486
358,1155,1513,0.14002801542963073
358,1165,1523,0.1400662968822285
361,1158,1519,0.14010222316846718
365,1154,1519,0.14012519915210583
361,1155,1516,0.14013691386090163
357,1162,1519,0.14015909246512112
357,1164,1521,0.14018887763539772
350,1164,1514,0.14021908826963614
347,1159,1506,0.1402649553940192
340,1159,1499,0.140316743099055
343,1172,1515,0.14038091571551511
343,1165,1508,0.14043231316230542
339,1161,1500,0.14048021662976562
343,1157,1500,0.140535776490076
342,1161,1503,0.14057901379236054
345,1159,1504,0.14062226905164266
341,1151,1492,0.14065553319868226
343,1159,1502,0.14069577568808703
345,1162,1507,0.1407306818757848
341,1176,1517,0.1407571586553988
335,1186,1521,0.14079218112753492
331,1193,1524,0.14084085283943037
325,1188,1513,0.1408960962572245
327,1192,1519,0.1409625005940795
327,1184,1511,0.14101956454377607
325,1183,1508,0.14107329792780493
322,1189,1511,0.14112816670196898
326,1202,1528,0.1411865308885295
317,1196,1513,0.1412327082728098
311,1195,1506,0.1412976442705591
309,1194,1503,0.14136944871062052
304,1213,1517,0.14144168174659955
298,1221,1519,0.14152208150498424
302,1224,1526,0.14161126395917736
306,1221,1527,0.14168579164615178
301,1218,1519,0.14174562873604551
295,1228,1523,0.14181418240362714
296,1241,1537,0.14189312117713176
294,1231,1525,0.14196177691660483
294,1230,1524,0.14203044408717436
298,1215,1513,0.1420940429216865
299,1225,1524,0.14214473623173368
289,1234,1523,0.14219037276514912
292,1236,1528,0.1422576607079341
290,1223,1513,0.14231142950216139
291,1222,1513,0.1423669060986582
289,1225,1514,0.14241270905321596
290,1227,1517,0.14245918645855637
285,1225,1510,0.1424990565831749
291,1227,1518,0.14255098909101593
289,1224,1513,0.1425848903882204
291,1222,1513,0.14262198651124158
299,1216,1515,0.14265116979360773
295,1220,1515,0.14265673980788904
293,1230,1523,0.14267390177845887
287,1215,1502,0.1426968533785511
286,1205,1491,0.14273220701463646
289,1203,1492,0.1427690156544643
288,1217,1505,0.14279464639137637
290,1219,1509,0.14282059180385528
293,1219,1512,0.14283984615319975
295,1213,1508,0.14284918488668133
294,1214,1508,0.14285230680001584
298,1211,1509,0.14285432647446725
299,1210,1509,0.14284537689367177
296,1219,1515,0.14283606477085983
299,1210,1509,0.14283470275809218
296,1215,1511,0.1428263954671037
298,1225,1523,0.14282829643055714
296,1228,1524,0.14282568133530643
291,1229,1520,0.1428286023070035
289,1226,1515,0.14284303562900533
291,1229,1520,0.14286199426787943
290,1225,1515,0.14287499591103656
287,1225,1512,0.14288994849211928
287,1221,1508,0.14291266068106234
291,1225,1516,0.142934128715275
290,1236,1526,0.1429399318358144
288,1241,1529,0.14294886217466954
290,1239,1529,0.14296367622906997
285,1233,1518,0.14297302960727937
289,1234,1523,0.14299369626168817
288,1242,1530,0.1430043398136033
287,1241,1528,0.14301724166063565
288,1240,1528,0.14303259145055244
284,1233,1517,0.14304526826252556
283,1235,1518,0.1430651826099551
279,1240,1519,0.1430850626676358
281,1251,1532,0.1431134506655647
274,1244,1518,0.1431344724524114
276,1258,1534,0.1431722631625485
278,1247,1525,0.14320291543138194
274,1232,1506,0.14322629944302917
270,1244,1514,0.1432584081783779
272,1246,1518,0.14329629921870862
273,1250,1523,0.14332545523264636
269,1247,1516,0.14335236307632743
264,1248,1512,0.14338808558688282
268,1239,1507,0.143432090725841
272,1244,1516,0.14346373267976847
272,1244,1516,0.1434828503587268
263,1246,1509,0.1434976292033485
261,1243,1504,0.14353240548993373
263,1256,1519,0.14357144727127247
262,1262,1524,0.1436054752222822
262,1264,1526,0.1436372694254608
264,1266,1530,0.14366791782965765
257,1260,1517,0.14369206135286217
250,1254,1504,0.14373203922556363
252,1244,1496,0.1437854273887751
250,1257,1507,0.1438309452321983
248,1262,1510,0.14387636771605383
257,1257,1514,0.1439232353488947
252,1265,1517,0.14394589964745697
253,1264,1517,0.14397844829617756
251,1260,1511,0.14400751399300205
254,1261,1515,0.144040073353483
249,1265,1514,0.14406327383565223
253,1258,1511,0.14409538318339699
241,1261,1502,0.1441158990652489
242,1252,1494,0.1441633585910114
244,1262,1506,0.14420480719537668
250,1265,1515,0.1442385220210793
245,1261,1506,0.14425547781213116
248,1269,1517,0.14428470879168687
253,1273,1526,0.14430527287447595
252,1274,1526,0.14431168548404685
249,1269,1518,0.1443190226378804
248,1261,1509,0.14433097884995166
252,1250,1502,0.14434616032825828
252,1251,1503,0.14435073855081462
248,1249,1497,0.14435670542893408
249,1259,1508,0.1443700662140461
249,1256,1505,0.14438233760787597
246,1268,1514,0.1443945365634503
245,1268,1513,0.14441332262528506
249,1268,1517,0.1444344515374076
250,1260,1510,0.1444452821537762
249,1262,1511,0.1444526581717137
251,1244,1495,0.14446311339630147
253,1243,1496,0.1444689262741204
261,1239,1500,0.144468878475552
258,1247,1505,0.14444616103934105
252,1243,1495,0.1444315164551099
256,1251,1507,0.1444332107843236
258,1260,1518,0.1444258531116931
256,1266,1522,0.14441225449306264
252,1253,1505,0.1444054176541308
252,1243,1495,0.14440810071492236
251,1260,1511,0.14441275241087695
252,1260,1512,0.14441953512534045
254,1257,1511,0.14442300925455476
247,1255,1502,0.1444218837616712
252,1257,1509,0.14443608377279232
255,1259,1514,0.1444386302829783
249,1262,1511,0.14443489507638865
246,1266,1512,0.1444453941079329
246,1267,1513,0.14446387603196928
244,1274,1518,0.14448163696423627
245,1267,1512,0.14450241563269997
249,1281,1530,0.1445210511962479
244,1279,1523,0.14452856536308326
239,1282,1521,0.14454745601156216
237,1273,1510,0.1445772034083163
236,1269,1505,0.1446093770199436
235,1274,1509,0.14464085279907837
243,1268,1511,0.14467155154117065
243,1276,1519,0.14467991365787664
251,1276,1527,0.1446878103128146
253,1275,1528,0.1446769305454666
250,1278,1528,0.14466120120782835
248,1269,1517,0.14465517543433665
241,1259,1500,0.14465606045049817
233,1253,1486,0.14467187793710143
240,1269,1509,0.14470543028808994
244,1278,1522,0.14471649588134952
240,1284,1524,0.14471988665616636
240,1277,1517,0.14473323521392112
243,1277,1520,0.1447459723373966
247,1271,1518,0.1447506046299642
244,1271,1515,0.14474400021303357
247,1273,1520,0.1447470827714914
241,1283,1524,0.14474196446598853
231,1279,1510,0.14475191935421802
234,1274,1508,0.14478438497859208
237,1268,1505,0.14480634986553806
233,1274,1507,0.14481929934431637
235,1263,1498,0.14484214422983396
239,1257,1496,0.14485973721102105
241,1251,1492,0.14486451462135772
243,1265,1508,0.14486461241723242
247,1265,1512,0.14485869409285865
244,1270,1514,0.14484486862111062
248,1260,1508,0.14483912638304092
248,1264,1512,0.14482248021070135
245,1258,1503,0.14480684289004495
250,1252,1502,0.14479848269469842
251,1264,1515,0.14477867530966013
252,1259,1511,0.14475847535878214
252,1266,1518,0.1447388130272794
247,1270,1517,0.14472020761630855
246,1276,1522,0.1447169428254864
247,1274,1521,0.14471665984897789
246,1270,1516,0.14471469408710622
246,1277,1523,0.1447152150639948
242,1275,1517,0.14471766495474728
242,1275,1517,0.14472962012655533
237,1272,1509,0.14474064090813124
237,1279,1516,0.14476209712337598
237,1283,1520,0.1447822587975624
234,1263,1497,0.1447995970971071
235,1269,1504,0.14482416100687082
237,1275,1512,0.14484400105493253
235,1282,1517,0.14485894236684138
232,1279,1511,0.14487753081635646
224,1276,1500,0.1449031119207853
222,1272,1494,0.14494535846994716
220,1282,1502,0.14498704560922146
223,1279,1502,0.14503253473493172
227,1292,1519,0.14506644170187524
222,1298,1520,0.14508805149653267
222,1299,1521,0.1451210558081047
220,1294,1514,0.1451541489052728
222,1287,1509,0.14518981363517125
224,1285,1509,0.14521799425779694
223,1278,1501,0.1452402095140318
220,1298,1518,0.14526309219080583
218,1297,1515,0.1452929744445365
215,1305,1520,0.14532666339160977
211,1300,1511,0.14536564698700452
214,1304,1518,0.14541175629860556
216,1305,1521,0.14544628638754353
209,1297,1506,0.14547383786112295
210,1304,1514,0.1455165327931445
209,1289,1498,0.14555399521088477
216,1293,1509,0.14559134816561392
215,1289,1504,0.14560791165130668
212,1292,1504,0.14562353994705254
213,1299,1512,0.14564674102519476
216,1303,1519,0.14566658905743213
215,1316,1531,0.14567775565534558
212,1308,1520,0.14569117441320803
212,1310,1522,0.14571148892076008
214,1303,1517,0.14572927144304215
215,1298,1513,0.1457416162140218
214,1307,1521,0.14575113315448562
214,1303,1517,0.1457625898044798
218,1309,1527,0.14577200458803494
213,1302,1515,0.14577050163778002
215,1293,1508,0.14578185275422753
217,1289,1506,0.14578716313313236
216,1298,1514,0.14578760238124638
213,1299,1512,0.1457910895024317
211,1306,1517,0.14580049762860425
213,1302,1515,0.14581490562656327
212,1302,1514,0.1458217657988325
214,1297,1511,0.14583032528808304
215,1298,1513,0.14583466484245938
213,1295,1508,0.14583626027829324
212,1288,1500,0.1458417503709899
208,1288,1496,0.14584687867399265
209,1298,1507,0.1458609675973077
218,1292,1510,0.1458720445924003
220,1291,1511,0.14586166939914005
219,1294,1513,0.14584871926588755
220,1309,1529,0.14583879241978215
214,1300,1514,0.14582816401089477
211,1295,1506,0.14583457207593106
207,1314,1521,0.14584915531785725
203,1314,1517,0.14587267889487868
203,1319,1522,0.14590479787113858
202,1313,1515,0.14593464467338713
198,1325,1523,0.14596599269433608
200,1319,1519,0.14600527230961766
198,1326,1524,0.14603601862605797
199,1325,1524,0.14606963611369442
197,1323,1520,0.14609960274954154
201,1318,1519,0.14613256062607335
195,1327,1522,0.14615269803707068
194,1330,1524,0.1461855372722588
194,1323,1517,0.14621860542589343
193,1325,1518,0.14624985206471636
191,1319,1510,0.14628187670526807
187,1314,1501,0.14631718541251043
186,1316,1502,0.14635859576104884
174,1312,1486,0.1464011636410347
172,1318,1490,0.14647019488697952
172,1326,1498,0.14653889587804386
170,1340,1510,0.14660415524572953
172,1333,1505,0.14667001137963726
172,1332,1504,0.14672524613786436
168,1344,1512,0.14677678561685872
163,1346,1509,0.14683593040651657
167,1349,1516,0.14690422152249763
170,1350,1520,0.14695791710278552
167,1351,1518,0.1469989286561346
162,1338,1500,0.14704645842837546
154,1355,1509,0.14710279652965266
158,1353,1511,0.14717565496618895
159,1348,1507,0.14723475707655836
152,1364,1516,0.14728866584549
146,1373,1519,0.14735363823998976
143,1384,1527,0.14742971141182937
143,1359,1502,0.14750765872737368
144,1370,1514,0.14757914695803723
141,1377,1518,0.14764482958018638
141,1368,1509,0.14771402363830222
136,1375,1511,0.14777879083697051
136,1381,1517,0.1478496342770066
137,1387,1524,0.14791580021474615
137,1379,1516,0.1479753612562112
134,1376,1510,0.14803209931967184
136,1367,1503,0.1480925585412751
138,1369,1507,0.14814417589378762
135,1380,1515,0.14818790737349846
139,1383,1522,0.14823697242612785
139,1381,1520,0.14827215974441238
143,1377,1520,0.14830443240660482
140,1383,1523,0.14832393545156258
140,1377,1517,0.14835055937124023
139,1383,1522,0.14837593410645164
136,1371,1507,0.1484021023038686
138,1370,1508,0.14843464305281662
135,1385,1520,0.14846036958257192
134,1399,1533,0.148491689588173
133,1381,1514,0.14852364350108047
130,1393,1523,0.14855770775429045
128,1380,1508,0.14859611144510476
130,1379,1509,0.1486355904978138
126,1384,1510,0.14866848586988876
128,1394,1522,0.14870972352740286
126,1386,1512,0.14874321781728692
130,1387,1517,0.1487797893712988
129,1385,1514,0.1488037428824068
130,1376,1506,0.14882794079716097
134,1379,1513,0.1488491106541764
132,1381,1513,0.1488564442676731
131,1378,1509,0.14886863611790943
130,1387,1517,0.14888244558691743
128,1372,1500,0.14889868247049232
130,1377,1507,0.14891829222921044
133,1373,1506,0.14892992612763117
136,1384,1520,0.14893454301099612
135,1379,1514,0.14893007713158407
137,1372,1509,0.14892867082548247
138,1382,1520,0.148922025009184
137,1381,1518,0.14891406737253238
136,1377,1513,0.1489102240762721
134,1371,1505,0.14890948103531276
132,1381,1513,0.1489142732422009
138,1380,1518,0.14892125201664735
137,1374,1511,0.14891356806230052
134,1375,1509,0.14890958305252258
132,1380,1512,0.14891450897163305
132,1385,1517,0.14892468736671158
133,1380,1513,0.14893450303621517
134,1371,1505,0.14893970142027832
136,1375,1511,0.14894292305014742
134,1367,1501,0.14893987936089195
134,1378,1512,0.1489429399431466
132,1391,1523,0.1489461370943575
135,1380,1515,0.14895272140898402
134,1378,1512,0.14895220668628675
137,1374,1511,0.1489542451861485
130,1367,1497,0.14894810564051916
133,1376,1509,0.14895921327452047
132,1367,1499,0.14896304601120794
134,1368,1502,0.1489690983631281
136,1363,1499,0.14896800240674224
133,1366,1499,0.14895986200953415
136,1388,1524,0.1489595333811815
137,1387,1524,0.14895281547370592
139,1389,1528,0.14894423289657813
138,1390,1528,0.1489304231638431
137,1396,1533,0.14892048013031597
137,1389,1526,0.14891304744591596
132,1384,1516,0.1489060364213369
130,1390,1520,0.1489129835474729
129,1396,1525,0.1489254582783671
134,1386,1520,0.14894014948123957
134,1390,1524,0.14894042302242483
135,1386,1521,0.14894103299778233
137,1387,1524,0.1489376199119875
135,1381,1516,0.14892993850229674
133,1389,1522,0.1489288338657314
132,1391,1523,0.14893348841264392
132,1395,1527,0.1489408397386897
136,1389,1525,0.14894786404380667
137,1383,1520,0.14894217523662562
133,1384,1517,0.14893476908564818
133,1389,1522,0.14893876913798432
136,1389,1525,0.14894233819849553
135,1383,1518,0.14893800608991703
134,1375,1509,0.1489361047216763
134,1391,1525,0.14893707430441885
137,1379,1516,0.14893689673704638
133,1380,1513,0.14892935136498825
131,1372,1503,0.14893305326042483
136,1381,1517,0.14894022272728816
136,1382,1518,0.14893447272433136
133,1378,1511,0.1489284098799727
131,1386,1517,0.1489315455168294
127,1388,1515,0.1489400552970653
124,1379,1503,0.14895798662265305
125,1378,1503,0.14898220525384304
124,1375,1499,0.1490039850174862
126,1366,1492,0.1490273209550535
128,1375,1503,0.14904306973762793
129,1368,1497,0.1490540062502148
126,1382,1508,0.1490610350653707
124,1386,1510,0.14907392999800187
124,1389,1513,0.14909172657547917
119,1390,1509,0.14911049894168082
123,1394,1517,0.14914030768400285
122,1395,1517,0.14915875148672367
123,1384,1507,0.14917833673484332
121,1401,1522,0.14919391777733623
117,1393,1510,0.14921359562563175
120,1408,1528,0.14924212585284047
120,1396,1516,0.14926118185820123
121,1387,1508,0.14927828134666188
123,1394,1517,0.14929309190994813
122,1400,1522,0.1493017665422314
118,1393,1511,0.14931194926634453
118,1388,1506,0.1493315786851506
118,1374,1492,0.14935012423694782
116,1386,1502,0.14936669543151343
118,1407,1525,0.14938661412775767
116,1400,1516,0.1493997284964345
118,1392,1510,0.14941625390979038
117,1394,1511,0.14942673834122847
119,1409,1528,0.14943882227768257
120,1397,1517,0.14944584204717973
119,1385,1504,0.14945010515319557
120,1379,1499,0.14945671519432388
126,1373,1499,0.14946146510552116
125,1380,1505,0.14944853600378677
125,1389,1514,0.14943787635733013
125,1382,1507,0.14942816087283928
127,1391,1518,0.14941848423598902
131,1386,1517,0.14940572593872084
125,1394,1519,0.14938341119300524
126,1402,1528,0.14937930635875804
125,1398,1523,0.1493715844173089
127,1393,1520,0.1493668049031779
124,1382,1506,0.14935669303696725
126,1380,1506,0.1493550089208453
124,1373,1497,0.14934736433414092
124,1369,1493,0.14934546497920392
129,1375,1504,0.14934485378474543
121,1374,1495,0.14933233778835786
122,1381,1503,0.14934067923094652
123,1387,1510,0.14934665598728633
128,1383,1511,0.1493495284190907
124,1398,1522,0.14933879065625144
126,1402,1528,0.14933851543601256
127,1410,1537,0.1493349779839636
127,1388,1515,0.14932948683420533
125,1388,1513,0.14932499063970378
132,1376,1508,0.14932610307070424
130,1378,1508,0.14930976428417092
128,1375,1503,0.1493005247321627
125,1379,1504,0.14929720595299892
125,1387,1512,0.1493015027222025
123,1392,1515,0.14930461386041802
125,1389,1514,0.14931379048857724
127,1377,1504,0.14931599168709125
127,1388,1515,0.14931314829466802
127,1403,1530,0.14931038858309983
132,1402,1534,0.14930807533031068
130,1402,1532,0.14929259183214083
131,1394,1525,0.14928403004315693
133,1386,1519,0.1492737361044533
131,1379,1510,0.149260651068102
129,1387,1516,0.14925241376502785
128,1392,1520,0.14924937545368577
134,1382,1516,0.14924902585030955
128,1378,1506,0.1492330506175604
126,1377,1503,0.14923336443843657
127,1390,1517,0.14923684067930956
127,1400,1527,0.14923906926960984
125,1393,1518,0.14924213701042507
124,1391,1515,0.14924948884987857
129,1387,1516,0.14925844733054686
126,1391,1517,0.14925456937980935
123,1389,1512,0.14925620117135163
127,1373,1500,0.14926601316471044
130,1377,1507,0.14926572283443806
130,1382,1512,0.14925821939641332
131,1384,1515,0.14925149702340204
129,1374,1503,0.1492435809605325
128,1379,1507,0.1492403870527531
129,1381,1510,0.14924072038082017
128,1377,1505,0.1492372756245599
128,1384,1512,0.14923563048973448
126,1385,1511,0.1492345798617434
126,1374,1500,0.14923728150132082
128,1388,1516,0.1492400872879779
132,1388,1520,0.1492373312369452
133,1385,1518,0.14922423734555232
136,1362,1498,0.14920942962730355
135,1370,1505,0.1491875534480639
136,1379,1515,0.14916988246879442
137,1390,1527,0.1491524963416035
134,1381,1515,0.14913405614302835
134,1380,1514,0.14912433629885513
131,1380,1511,0.14911606100533298
130,1382,1512,0.14911501659802454
131,1390,1521,0.14911603525248554
132,1378,1510,0.14911636038067544
134,1377,1511,0.14911313489101263
130,1390,1520,0.1491058963567718
129,1392,1521,0.14910805253228177
135,1382,1517,0.14911313683892216
139,1394,1533,0.14910240862299287
135,1384,1519,0.1490815298771078
132,1395,1527,0.1490721872376465
133,1402,1535,0.14907279649427527
131,1396,1527,0.1490714270982486
129,1387,1516,0.14907598210223266
128,1382,1510,0.14908556835609524
124,1379,1503,0.14909635149399894
128,1373,1501,0.14911643055221607
127,1375,1502,0.14912449300644515
131,1383,1514,0.14913399790398088
133,1392,1525,0.14913178766776586
132,1380,1512,0.1491246685680583
129,1370,1499,0.1491208582594005
127,1351,1478,0.14912326151260255
130,1369,1499,0.14913225541799358
132,1379,1511,0.14913404994642415
128,1394,1522,0.14913114959701118
127,1393,1520,0.14913910258632782
127,1391,1518,0.1491496751164446
125,1393,1518,0.14916037347875843
123,1389,1512,0.14917399645916377
121,1396,1517,0.14919168597181753
120,1398,1518,0.14921298029046387
119,1395,1514,0.1492361775338016
116,1391,1507,0.14925842528905245
118,1379,1497,0.14928682918752523
118,1375,1493,0.14930782638915896
125,1371,1496,0.14932559525481628
129,1369,1498,0.14932440138153427
132,1379,1511,0.14931276780306008
127,1390,1517,0.14929326530545706
131,1393,1524,0.14928756854390998
130,1391,1521,0.14927260528546632
132,1388,1520,0.149261805314981
131,1402,1533,0.14924743934295978
130,1395,1525,0.14923587624565388
126,1397,1523,0.14922696587458317
129,1388,1517,0.1492278219174515
127,1395,1522,0.14922229879422097
130,1391,1521,0.149222326637321
129,1397,1526,0.14921496284236502
132,1396,1528,0.14921182819573528
133,1385,1518,0.14920019681504068
132,1388,1520,0.14918835699771918
130,1385,1515,0.14918077899076784
130,1376,1506,0.1491769239265939
135,1382,1517,0.1491731055757482
134,1380,1514,0.14915827377816834
138,1392,1530,0.14914804448966115
135,1390,1525,0.14912723493863006
134,1388,1522,0.1491160890371332
130,1396,1526,0.1491095007229997
126,1384,1510,0.14911330904444753
123,1375,1498,0.14912705724308956
125,1380,1505,0.1491467257698064
123,1377,1500,0.14916094467216406
123,1393,1516,0.14917965874789438
123,1391,1514,0.1491954267246812
126,1393,1519,0.14921102713590556
129,1398,1527,0.14921918133649034
129,1405,1534,0.14921911765532592
131,1408,1539,0.1492188848945768
129,1394,1523,0.14921481283707774
128,1405,1533,0.14921653415605918
127,1397,1524,0.149221240033822
126,1401,1527,0.1492284946704706
126,1382,1508,0.1492380794446738
126,1380,1506,0.14924722794734532
125,1388,1513,0.1492554178149479
122,1382,1504,0.14926539600959285
124,1383,1507,0.14928134815034666
122,1386,1508,0.1492908609177036
124,1387,1511,0.14930492283794428
123,1385,1508,0.1493140411635781
122,1393,1515,0.14932322059159908
119,1391,1510,0.14933505963457278
120,1407,1527,0.14935242157153858
117,1404,1521,0.14936542778606166
116,1393,1509,0.14938534188218824
118,1401,1519,0.1494061736746534
118,1402,1520,0.14942143053710683
121,1406,1527,0.14943652281412675
120,1401,1521,0.14944455332362083
118,1392,1510,0.14945496178800555
117,1393,1510,0.14946814998953598
123,1400,1523,0.14948320144146107
123,1399,1522,0.14948299739431944
125,1391,1516,0.14948280103762368
127,1392,1519,0.1494772090153188
121,1378,1499,0.149466872627778
118,1379,1497,0.14947249081795447
118,1395,1513,0.14948474404634596
118,1380,1498,0.14949582690738622
120,1395,1515,0.1495074525028657
120,1398,1518,0.14951226531347264
122,1396,1518,0.14951665569359107
122,1396,1518,0.14951600233628343
123,1381,1504,0.14951404251960643
123,1375,1498,0.1495108879127539
118,1398,1516,0.1495088610126873
119,1403,1522,0.14951840596557517
123,1402,1525,0.14952543971635499
118,1407,1525,0.14952344411001195
111,1403,1514,0.14953408617553238
111,1406,1517,0.1495610456529465
109,1406,1515,0.14958639907353896
110,1408,1518,0.14961503783589397
112,1395,1507,0.1496391630204817
113,1401,1514,0.14965494586167324
115,1389,1504,0.14966707047927877
114,1396,1510,0.14967294633490189
116,1392,1508,0.14968115659110284
118,1398,1516,0.1496839661537434
116,1408,1524,0.1496809271385918
117,1396,1513,0.14968433620302643
117,1384,1501,0.14968573658940382
115,1382,1497,0.14968688328042506
115,1393,1508,0.1496919902355929
113,1403,1516,0.1496948438892116
108,1403,1511,0.14970305408050988
114,1399,1513,0.14972203527198633
115,1400,1515,0.149724158364514
116,1401,1517,0.14972488202172715
120,1399,1519,0.14972329225142567
119,1405,1524,0.14971030583961858
119,1405,1524,0.14970200463171485
122,1414,1536,0.14969514531620823
125,1405,1530,0.14968097086050552
118,1399,1517,0.14966067257241045
119,1393,1512,0.14965815487486964
121,1398,1519,0.14965369278758228
119,1396,1515,0.14964446120082808
119,1400,1519,0.1496412497932154
120,1410,1530,0.14963957591272245
121,1404,1525,0.14963668945045508
120,1407,1527,0.14963109447399436
115,1397,1512,0.14962916428166081
115,1395,1510,0.1496390795028153
113,1392,1505,0.14964938324792998
114,1400,1514,0.1496639677352889
113,1397,1510,0.14967502323535528
113,1401,1514,0.1496878924569034
109,1402,1511,0.1497007080310576
111,1410,1521,0.14972224271434492
108,1401,1509,0.14973691650789722
105,1404,1509,0.1497564186868349
105,1406,1511,0.1497820446369271
106,1404,1510,0.149806391404439
107,1393,1500,0.1498269293980748
107,1400,1507,0.14984404491186626
107,1421,1528,0.14986003628413871
106,1405,1511,0.14987534599307384
107,1403,1510,0.14989267437839401
106,1408,1514,0.149905720035157
106,1409,1515,0.14992052194955288
106,1418,1524,0.14993399625089843
103,1422,1525,0.14994563847573933
97,1412,1509,0.14996299508346247
97,1418,1515,0.14999324411409995
99,1413,1512,0.1500221087650127
99,1410,1509,0.15004423821946825
101,1407,1508,0.15006591409210945
97,1397,1494,0.15008168225378474
95,1408,1503,0.1501060809392742
94,1422,1516,0.1501329979978516
92,1413,1505,0.1501594441332181
94,1417,1511,0.1501895118923915
99,1420,1519,0.15021190782008084
99,1417,1516,0.1502192107409757
96,1410,1506,0.15022707028790744
98,1401,1499,0.1502420731702841
98,1415,1513,0.15025215493917252
98,1419,1517,0.15026218937593325
99,1413,1512,0.1502712685279633
97,1403,1500,0.15027795921027967
97,1398,1495,0.15028957346411054
97,1404,1501,0.15029941669650335
100,1406,1506,0.15030811800868943
99,1402,1501,0.15030796495952167
100,1410,1510,0.15031057180601898
96,1418,1514,0.15031047952636345
97,1427,1524,0.1503201174364806
98,1425,1523,0.1503277080743169
94,1411,1505,0.1503306945517905
94,1408,1502,0.15034333809843592
93,1415,1508,0.15035373022218454
93,1409,1502,0.15036582836251802
95,1415,1510,0.15037747537709134
97,1407,1504,0.15038387000213885
94,1426,1520,0.1503848654399451
95,1426,1521,0.15039178858538216
97,1424,1521,0.1503968776776303
96,1423,1519,0.1503954021679006
95,1419,1514,0.1503972800055251
92,1422,1514,0.15040244385423157
96,1431,1527,0.1504161752012737
99,1423,1522,0.15041880872553076
100,1429,1529,0.1504139194589191
95,1423,1518,0.1504070276650371
90,1420,1510,0.15041307219937974
90,1428,1518,0.15043111889083735
85,1424,1509,0.15044787139376667
89,1427,1516,0.1504758281504766
88,1432,1520,0.15049189790651568
87,1438,1525,0.15050993908766055
87,1429,1516,0.15052895066811003
86,1441,1527,0.1505462555020763
87,1434,1521,0.15056564413080398
87,1424,1511,0.15058199335252986
85,1430,1515,0.15059616875212856
85,1427,1512,0.15061461841085563
86,1437,1523,0.15063171255202737
88,1438,1526,0.15064462274360996
87,1441,1528,0.15065215003756857
86,1422,1508,0.15066222376389654
85,1444,1529,0.15067340762298798
83,1443,1526,0.15068696638437834
82,1444,1526,0.15070411799218714
80,1441,1521,0.1507227372024996
80,1438,1518,0.15074554160493775
84,1435,1519,0.15076746049529388
80,1427,1507,0.15077744280396568
79,1421,1500,0.1507956853243197
78,1430,1508,0.1508147332418918
81,1420,1501,0.15083523344651112
80,1428,1508,0.15084683736957138
80,1426,1506,0.15086016858589915
80,1435,1515,0.15087335058175402
80,1432,1512,0.1508863123116877
80,1430,1510,0.15089741722166056
82,1448,1530,0.15090752042092204
79,1432,1511,0.1509120113506095
78,1427,1505,0.15092377613320265
79,1434,1513,0.15093714906278685
78,1437,1515,0.15094727726081344
78,1438,1516,0.15095913934143418
78,1431,1509,0.15096961205580087
80,1426,1506,0.15097918203953814
82,1425,1507,0.150983163626873
82,1426,1508,0.1509822225924458
83,1425,1508,0.15098063196843386
80,1438,1518,0.15097663530763694
79,1441,1520,0.15098022382135812
78,1441,1519,0.15098659817685725
77,1452,1529,0.150995338077697
78,1431,1509,0.1510057303968233
77,1440,1517,0.1510141361132183
78,1442,1520,0.15102575257748893
76,1441,1517,0.1510347050183176
75,1433,1508,0.1510486085112612
75,1423,1498,0.15106336519749228
78,1433,1511,0.1510770240636656
77,1439,1516,0.15108170491234119
78,1437,1515,0.1510889730849713
79,1448,1527,0.15109396468384906
76,1441,1517,0.1510959179622086
75,1439,1514,0.15110443719344677
75,1428,1503,0.15111540600499299
76,1439,1515,0.15112536709060267
77,1446,1523,0.15113257119749426
74,1457,1531,0.1511372553085859
74,1456,1530,0.15114965298893596
73,1448,1521,0.1511608501676954
72,1452,1524,0.15117358277838655
74,1451,1525,0.15118801921322786
72,1451,1523,0.1511965580514111
70,1446,1516,0.1512093825441019
73,1444,1517,0.15122629153375897
72,1449,1521,0.15123478873886323
72,1455,1527,0.15124563992778217
72,1457,1529,0.15125461204778054
72,1444,1516,0.15126266903298308
72,1439,1511,0.15127036866451127
71,1441,1512,0.15127638976895863
70,1443,1513,0.15128481107313543
68,1445,1513,0.15129564130726092
69,1446,1515,0.1513109704276213
68,1450,1518,0.151322963901436
69,1458,1527,0.15133515257691926
66,1466,1532,0.15134430480325706
67,1468,1535,0.15136074926080523
66,1466,1532,0.15137412585270243
65,1463,1528,0.15138815989449572
65,1459,1524,0.15140451356090764
66,1454,1520,0.1514195448355365
65,1450,1515,0.15143049798920138
64,1443,1507,0.15144222110371724
64,1434,1498,0.15145627508682474
63,1447,1510,0.15146946093161795
65,1461,1526,0.15148407618482698
65,1465,1530,0.15149361352949758
67,1465,1532,0.15150268337137474
68,1460,1528,0.15150572379940658
69,1455,1524,0.15150693376286725
69,1443,1512,0.15150507938513302
68,1445,1513,0.15150412853834136
71,1452,1523,0.1515056611404192
70,1460,1530,0.15149862488161478
70,1459,1529,0.15149425184486984
70,1451,1521,0.15148992581126108
68,1458,1526,0.15148501440241327
70,1449,1519,0.1514860873060968
69,1448,1517,0.1514822778472904
71,1454,1525,0.15148067086827302
70,1456,1526,0.15147474232083227
67,1445,1512,0.15147120945338138
67,1456,1523,0.15147566042158012
68,1462,1530,0.15148073914777807
64,1443,1507,0.15148359697027092
67,1435,1502,0.15149471180454
67,1437,1504,0.15149814034648437
67,1440,1507,0.15150186800432566
64,1445,1509,0.15150594761085082
63,1444,1507,0.1515169416628255
62,1449,1511,0.151530145959338
59,1441,1500,0.1515453957829942
58,1441,1499,0.15156724898505047
59,1446,1505,0.151589179658676
58,1462,1520,0.15160773150320775
57,1467,1524,0.15162741928510623
55,1467,1522,0.15164734879669492
54,1472,1526,0.15167094748737286
53,1462,1515,0.15169577459726102
51,1463,1514,0.15172172457355085
52,1459,1511,0.15175100100866892
51,1474,1525,0.15177589852282042
51,1470,1521,0.15180170843051952
49,1458,1507,0.15182531652075745
50,1464,1514,0.15185149909699316
52,1453,1505,0.15187386349751616
53,1458,1511,0.1518903235375855
52,1463,1515,0.15190281940591605
47,1465,1512,0.15191727209850647
44,1465,1509,0.15194308730753808
43,1473,1516,0.15197431447326046
43,1475,1518,0.1520060368168071
44,1463,1507,0.15203511012707713
44,1467,1511,0.15205924835842258
44,1472,1516,0.152081937504594
46,1475,1521,0.15210363076537176
47,1467,1514,0.15211963960669025
48,1462,1510,0.15213181764483885
48,1471,1519,0.15214122483447465
50,1469,1519,0.15215014747176087
50,1470,1520,0.1521510904278118
50,1474,1524,0.15215276890523982
51,1472,1523,0.152155048184876
50,1477,1527,0.1521547542322695
48,1475,1523,0.15215728612661342
49,1475,1524,0.152164128859914
47,1469,1516,0.1521689135569939
48,1476,1524,0.15217871767554547
47,1462,1509,0.1521850368504765
46,1459,1505,0.15219364588201018
46,1460,1506,0.1522044417320329
46,1469,1515,0.15221383867325136
46,1471,1517,0.15222347274550235
45,1465,1510,0.15223198378750757
44,1462,1506,0.15224269612365218
40,1477,1517,0.15225525123460673
38,1476,1514,0.1522764968898386
40,1474,1514,0.15230119549192042
38,1478,1516,0.15231926467460905
38,1472,1510,0.15234049487506685
40,1476,1516,0.15236077026084494
39,1481,1520,0.15237455170297853
39,1481,1520,0.1523900371174725
41,1491,1532,0.15240488704754093
42,1488,1530,0.15241435472030243
46,1479,1525,0.15242016963128374
47,1480,1527,0.1524152594061763
47,1472,1519,0.15240839001963624
47,1488,1535,0.15240251479442246
44,1493,1537,0.15239750800457103
43,1477,1520,0.15240025035993562
40,1484,1524,0.15240544410354762
39,1476,1515,0.15241772544299215
41,1474,1515,0.15243192989280066
40,1471,1511,0.15243858183291828
42,1464,1506,0.15244757897774946
41,1470,1511,0.15245154579179293
41,1469,1510,0.15245786000874983
42,1473,1515,0.15246472181851317
43,1476,1519,0.15246840862364133
43,1461,1504,0.15246900728257096
42,1455,1497,0.15246954284355482
44,1462,1506,0.15247272847564036
43,1465,1508,0.15247141517451912
44,1461,1505,0.15247080883227637
41,1474,1515,0.1524676987912861
40,1475,1515,0.1524722987965409
42,1468,1510,0.15247947309418974
40,1470,1510,0.15248123583265316
42,1479,1521,0.1524869532753245
40,1469,1509,0.1524870842306
39,1470,1509,0.15249224921866505
40,1465,1505,0.1524999985577131
40,1460,1500,0.1525040715573247
37,1464,1501,0.15250817052304103
35,1470,1505,0.15251935665436975
35,1479,1514,0.15253502993109508
34,1482,1516,0.1525501197460568
33,1474,1507,0.15256694011355706
34,1489,1523,0.15258519450850538
34,1491,1525,0.15259944916568846
35,1481,1516,0.1526128902187218
35,1470,1505,0.15262282480405587
36,1477,1513,0.1526324756474904
34,1482,1516,0.15263820705493808
33,1490,1523,0.1526479448641775
33,1490,1523,0.15265908150257188
33,1493,1526,0.15266976926866282
30,1486,1516,0.152680199619814
32,1486,1518,0.15269770058293664
33,1492,1525,0.15270929515822515
34,1506,1540,0.1527173138671683
35,1492,1527,0.15272180396448168
36,1496,1532,0.15272407194299106
36,1487,1523,0.1527233685747549
36,1492,1528,0.15272314578594745
37,1484,1521,0.15272216300910504
36,1486,1522,0.15271889922831158
38,1473,1511,0.1527185650312931
38,1486,1524,0.15271236593911064
39,1487,1526,0.15270710732948842
39,1487,1526,0.15269896453423878
38,1484,1522,0.15269193072195175
40,1477,1517,0.15268857332125113
39,1463,1502,0.15267983939127375
38,1460,1498,0.1526746861334156
37,1463,1500,0.15267264228049626
33,1468,1501,0.15267328518917603
34,1467,1501,0.15268335576779915
35,1466,1501,0.15269142014137682
36,1470,1506,0.1526959460136137
36,1473,1509,0.1526982042014725
33,1474,1507,0.15270060591511142
34,1476,1510,0.15271060737222691
33,1481,1514,0.1527175131278991
32,1474,1506,0.15272640990596076
33,1477,1510,0.15273720125155074
33,1479,1512,0.15274431475511926
33,1488,1521,0.15275121474533163
32,1484,1516,0.15275760438038982
29,1477,1506,0.15276545597549482
30,1473,1503,0.15277989222692231
30,1472,1502,0.15279128018426524
29,1486,1515,0.1528021865852725
30,1487,1517,0.15281492929209864
29,1498,1527,0.15282456719758322
30,1498,1528,0.1528362442909215
31,1492,1523,0.15284416452602997
30,1482,1512,0.15284911350176827
29,1480,1509,0.1528570097784229
28,1484,1512,0.15286610939496023
28,1485,1513,0.15287649972784045
27,1490,1517,0.15288652714025353
25,1468,1493,0.15289847119368835
23,1466,1489,0.15291457385293972
22,1470,1492,0.1529346188360735
22,1483,1505,0.15295575855263982
23,1495,1518,0.15297573633528608
24,1498,1522,0.15299145483397397
24,1505,1529,0.15300318895518708
23,1498,1521,0.15301446828759285
25,1497,1522,0.1530276046177775
25,1492,1517,0.15303445360676718
24,1488,1512,0.15304118795758753
24,1499,1523,0.15305002531511344
24,1487,1511,0.15305855186780687
23,1493,1516,0.15306675479723844
22,1488,1510,0.15307683260437777
21,1509,1530,0.1530889503139697
22,1508,1530,0.15310262772174763
23,1509,1532,0.1531124630439896
22,1516,1538,0.15311892336060118
19,1509,1528,0.15312754014278743
19,1509,1528,0.15314331267291828
20,1499,1519,0.15315826815515785
20,1487,1507,0.15316935652301242
19,1487,1506,0.15317996811111037
19,1492,1511,0.15319252329582894
19,1503,1522,0.1532044608468521
18,1494,1512,0.15321579700556323
17,1481,1498,0.15322887700772525
17,1484,1501,0.15324363135007688
16,1487,1503,0.1532575652526549
17,1495,1512,0.15327311128817264
17,1495,1512,0.1532844595913388
17,1495,1512,0.15329528120090072
16,1505,1521,0.15330558650222437
17,1495,1512,0.15331777604868516
17,1479,1496,0.15332623439531307
16,1488,1504,0.15333436766092498
17,1491,1508,0.15334461733174146
16,1496,1512,0.1533513639484566
18,1502,1520,0.1533601905874974
16,1504,1520,0.1533633342854592
16,1504,1520,0.153371303278405
16,1511,1527,0.15337824674168948
16,1509,1525,0.15338477273352955
17,1492,1509,0.15339117355915557
17,1495,1512,0.15339464867514566
17,1490,1507,0.1533981944302299
18,1473,1491,0.15340103653995413
18,1488,1506,0.15340087813643474
19,1493,1512,0.1534011179977285
19,1491,1510,0.15339887373053332
17,1499,1516,0.15339714088147546
17,1494,1511,0.15340044661510968
17,1487,1504,0.15340385080595756
16,1487,1503,0.1534073141473743
16,1494,1510,0.1534130865495493
18,1503,1521,0.1534187097915662
18,1519,1537,0.15341920777858475
16,1506,1522,0.1534198902828735
16,1519,1535,0.15342556937488586
17,1508,1525,0.15343105095507442
18,1495,1513,0.15343311455630917
19,1488,1507,0.1534322244124155
19,1500,1519,0.153427870294015
19,1492,1511,0.15342423350576484
18,1490,1508,0.15342121606307124
18,1501,1519,0.15342104868579895
17,1494,1511,0.15342119478058355
16,1494,1510,0.15342292786153353
16,1484,1500,0.15342718178920156
16,1482,1498,0.15343146542137404
17,1497,1514,0.15343573998413454
16,1498,1514,0.15343687554981245
17,1502,1519,0.15344058059772914
16,1498,1514,0.15344142688236614
16,1501,1517,0.15344536654982166
16,1501,1517,0.1534493149741282
16,1508,1524,0.1534531907381417
16,1501,1517,0.15345697692398866
16,1501,1517,0.1534606603057292
15,1493,1508,0.15346423079517812
15,1489,1504,0.15346995985432102
16,1485,1501,0.15347542300619194
16,1501,1517,0.15347738334415312
16,1504,1520,0.15347939164967112
16,1504,1520,0.15348142462915637
16,1491,1507,0.15348346285993844
16,1504,1520,0.15348549026058003
16,1484,1500,0.15348749362867303
16,1486,1502,0.15348946223777812
16,1503,1519,0.15349088381521014
15,1491,1506,0.1534923766625545
15,1489,1504,0.1534961330611277
16,1508,1524,0.15349978607172463
17,1499,1516,0.15350025003546872
17,1500,1517,0.15349847613601922
16,1486,1502,0.15349700919440296
16,1489,1505,0.15349811091358365
16,1489,1505,0.15349929724823358
16,1508,1524,0.15350054538528987
16,1498,1514,0.153501069503735
16,1489,1505,0.15350176916673094
18,1486,1504,0.15350260966388313
18,1475,1493,0.15349776477161214
17,1488,1505,0.15349350732338304
17,1494,1511,0.15349275139435434
18,1505,1523,0.1534921964792639
18,1505,1523,0.15348879793280587
17,1496,1513,0.15348581144329518
18,1495,1513,0.1534854061008479
17,1496,1513,0.15348195320366398
17,1496,1513,0.1534817003455135
17,1496,1513,0.15348162675676144
17,1504,1521,0.15348170029224323
16,1502,1518,0.15348189348014907
15,1501,1516,0.15348446470601423
14,1486,1500,0.1534891700664688
14,1490,1504,0.15349598880993642
14,1498,1512,0.1535024535820833
14,1506,1520,0.15350857607400395
14,1483,1497,0.15351436865930343
14,1490,1504,0.15351984416601686
14,1477,1491,0.15352501568672136
13,1490,1503,0.15352989642138615
13,1496,1509,0.15353691238114703
13,1493,1506,0.15354351572935396
13,1501,1514,0.15354972771599892
13,1494,1507,0.15355556894917394
14,1501,1515,0.15356105933791964
15,1490,1505,0.15356301520916302
15,1504,1519,0.15356212666975608
14,1500,1514,0.15356146641614443
14,1492,1506,0.1535632449156104
14,1501,1515,0.1535650528527616
14,1510,1524,0.1535668712570693
14,1518,1532,0.15356868439722388
14,1517,1531,0.15357047933552906
15,1506,1521,0.15357224553865617
15,1492,1507,0.1535713916818665
15,1488,1503,0.15357069563991657
14,1480,1494,0.15357013606088393
15,1491,1506,0.15357201959668876
15,1488,1503,0.15357063507858143
14,1486,1500,0.15356950146211898
13,1495,1508,0.15357079767975365
12,1480,1492,0.15357442640749913
12,1488,1500,0.1535808228499565
12,1503,1515,0.15358686353896997
12,1500,1512,0.15359256344896755
12,1509,1521,0.15359793764502172
12,1506,1518,0.1536030011417971
11,1517,1528,0.1536077687885257
11,1511,1522,0.1536146162250618
11,1520,1531,0.1536210539947475
11,1522,1533,0.15362710396742593
11,1516,1527,0.1536327872216001
11,1497,1508,0.1536381240141679
11,1508,1519,0.15364313376252695
9,1501,1510,0.15364783503693766
9,1505,1514,0.15365702980042328
9,1509,1518,0.15366566102696677
9,1500,1509,0.15367376132084865
10,1496,1506,0.15368136167013907
10,1496,1506,0.15368534861090807
11,1508,1519,0.15368886202352935
11,1501,1512,0.15368989082857276
10,1504,1514,0.15369096533664103
11,1495,1506,0.15369452816799686
11,1504,1515,0.1536954218006085
10,1510,1520,0.1536963443041586
10,1509,1519,0.15369961093498585
11,1509,1520,0.1537027425021111
10,1496,1506,0.15370256943673358
10,1480,1490,0.1537048428788046
10,1492,1502,0.15370710899648024
10,1510,1520,0.15370935145854756
10,1522,1532,0.15371155702770273
9,1522,1531,0.15371371511257115
9,1512,1521,0.15371828086357836
9,1507,1516,0.1537226312763429
8,1503,1511,0.1537267708909511
8,1504,1512,0.15373305754860425
8,1488,1496,0.15373900277062652
8,1491,1499,0.15374462109447246
8,1493,1501,0.15374992702425272
9,1494,1503,0.15375493492210004
9,1495,1504,0.15375660362365473
9,1509,1518,0.1537582854331785
9,1505,1514,0.15375996649916476
8,1520,1528,0.15376163528577436
7,1500,1507,0.1537656462784525
7,1510,1517,0.15377110682100048
6,1509,1515,0.1537763839732496
6,1499,1505,0.15378378185496133
5,1507,1512,0.15379084369191823
5,1510,1515,0.15379994058430863
5,1527,1532,0.15380856882985683
5,1521,1526,0.153816745201312
6,1515,1521,0.15382403048360924
7,1517,1524,0.15382871568997664
7,1518,1525,0.15383037210384315
7,1508,1515,0.15383207757705405
7,1515,1522,0.1538338114871139
7,1509,1516,0.1538355565587722
7,1517,1524,0.15383729840957872
7,1503,1510,0.15383902515349077
8,1500,1508,0.15384072705527024
7,1497,1504,0.15383922295963065
8,1499,1507,0.15384015546306398
8,1505,1513,0.15383892221703133
8,1501,1509,0.15383789757158645
8,1510,1518,0.15383705321638183
8,1521,1529,0.15383636442749984
8,1515,1523,0.15383580962278484
8,1526,1534,0.15383536997217434
7,1498,1505,0.15383502905618945
7,1507,1514,0.15383697042136718
8,1509,1517,0.15383884810375054
8,1514,1522,0.15383755790636847
8,1506,1514,0.15383648799731262
8,1519,1527,0.15383560793874626
9,1507,1516,0.15383489117486523
9,1510,1519,0.15383177894715094
9,1500,1509,0.15382898257631136
8,1515,1523,0.15382646927780852
8,1506,1514,0.153826636773747
8,1494,1502,0.1538268552542048
7,1505,1512,0.15382711390249895
6,1501,1507,0.1538296408273939
6,1504,1510,0.15383454411603328
7,1505,1512,0.15383915907638293
5,1517,1522,0.15384082946587718
5,1523,1528,0.15384715532681872
5,1504,1509,0.15385314541390707
5,1508,1513,0.15385881346138208
5,1514,1519,0.1538641732021725
5,1511,1516,0.15386923826864238
5,1506,1511,0.15387402211090398
5,1502,1507,0.15387853793031134
4,1506,1510,0.15388279862604123
5,1522,1527,0.15388900478389636
5,1520,1525,0.15389207714012504
5,1515,1520,0.15389502960844875
5,1523,1528,0.15389785929735647
4,1524,1528,0.15390056491340837
4,1511,1515,0.15390544816522436
4,1512,1516,0.15391006945844662
4,1506,1510,0.1539144382711412
4,1515,1519,0.15391856447240237
4,1530,1534,0.1539224581647426
4,1523,1527,0.15392612955388643
4,1526,1530,0.15392958884197624
4,1525,1529,0.15393284614073824
4,1516,1520,0.15393591140163346
4,1509,1513,0.15393879436042257
4,1502,1506,0.15394150449393393
4,1509,1513,0.15394405098712702
4,1508,1512,0.15394644270881527
4,1510,1514,0.15394868819463883
3,1507,1510,0.15395079563608208
2,1504,1506,0.15395519459151127
2,1514,1516,0.15396161814797246
2,1514,1516,0.15396764815107972
2,1506,1508,0.15397330793646447
1,1505,1506,0.1539786195618532
1,1510,1511,0.15398596012973867
1,1518,1519,0.15399285356384224
1,1520,1521,0.15399932650029244
1,1510,1511,0.15400540407238084
1,1520,1521,0.15401110998385725
1,1515,1516,0.1540164665802785
1,1519,1520,0.15402149491819755
1,1513,1514,0.1540262148320367
1,1513,1514,0.1540306449985344
1,1530,1531,0.1540348029986932
1,1527,1528,0.15403870537719194
1,1514,1515,0.1540423676992484
1,1518,1519,0.15404580460494446
1,1513,1514,0.15404902986104171
1,1502,1503,0.1540520564103308
1,1509,1510,0.15405489641856981
1,1516,1517,0.1540575613190764
1,1519,1520,0.1540600618550435
1,1507,1508,0.15406240811965635
1,1509,1510,0.1540646095940901
1,1504,1505,0.1540666751834706
1,1493,1494,0.15406861325088173
1,1486,1487,0.1540704316495037
1,1507,1508,0.1540721377529653
1,1530,1531,0.15407373848399364
1,1527,1528,0.15407524034144163
1,1518,1519,0.15407664942577345
1,1518,1519,0.15407797146308477
1,1517,1518,0.15407921182773296
1,1483,1484,0.15408037556364929
1,1488,1489,0.1540814674044036
1,1495,1496,0.15408249179208738
1,1502,1503,0.15408345289508094
1,1514,1515,0.15408435462476477
1,1528,1529,0.15408520065123493
1,1525,1526,0.15408599441807763
0,1516,1516,0.1540867391562572
