1374,29,1403,0.13579578368632986
1403,29,1432,0.13293153890196646
1427,28,1455,0.13024677721939473
1444,27,1471,0.12773859919690245
1459,31,1490,0.1254082863635412
1463,31,1494,0.12324920796143973
1467,30,1497,0.12127747803541453
1467,29,1496,0.11947549941457482
1479,30,1509,0.11783648663548028
1477,31,1508,0.1163158740759573
1470,31,1501,0.11493706717236314
1481,30,1511,0.11370123642002578
1480,29,1509,0.11255029961203482
1471,29,1500,0.11150772089010295
1473,28,1501,0.1105803604836144
1466,30,1496,0.10973430079547807
1462,30,1492,0.1089829283355141
1463,31,1494,0.10830864381202479
1466,30,1496,0.10769392481999585
1473,29,1502,0.10712913742499104
1455,28,1483,0.10659957446688846
1449,28,1477,0.1061600896038204
1461,29,1490,0.10577459103908642
1453,29,1482,0.10539516567611645
1456,29,1485,0.10506840173909876
1452,29,1481,0.10476437905129543
1450,30,1480,0.10449785229801069
1449,30,1479,0.10425839084632454
1448,29,1477,0.10404447953462181
1460,29,1489,0.10385019531409231
1460,33,1493,0.10364840551542841
1472,33,1505,0.10346393377755626
1467,33,1500,0.10326884181083643
1458,36,1494,0.10310403105402742
1465,32,1497,0.10297432452384266
1441,32,1473,0.10284089857270566
1445,33,1478,0.1027719838506021
1444,29,1473,0.10270340571157587
1443,30,1473,0.10264484622276061
1437,29,1466,0.10259346822985328
1440,28,1468,0.1025623140418675
1446,28,1474,0.10252446715044572
1454,28,1482,0.10247362488646986
1443,28,1471,0.10240864102657606
1444,29,1473,0.10237573749827802
1451,27,1478,0.10234487137721918
1456,28,1484,0.10230194501883409
1445,28,1473,0.10224883204494688
1447,31,1478,0.10222605636745595
1454,28,1482,0.1022005552523829
1449,30,1479,0.10216061851334735
1449,32,1481,0.10213623580685052
1428,34,1462,0.10211625209976453
1442,34,1476,0.10214602166161807
1442,36,1478,0.10214315171401467
1455,35,1490,0.10214107763719912
1455,35,1490,0.10210894141000953
1454,34,1488,0.10208025082555837
1483,35,1518,0.1020550919044338
1476,33,1509,0.101966781822862
1462,32,1494,0.10190259241811887
1457,34,1491,0.10187580730967087
1446,35,1481,0.10186387149126468
1442,34,1476,0.1018775910191197
1448,34,1482,0.10189823306266266
1456,32,1488,0.10190291015107432
1471,34,1505,0.10189033518750058
1468,36,1504,0.10184588819619257
1457,36,1493,0.10181073026250752
1458,35,1493,0.10180340739315052
1448,34,1482,0.10179374138053777
1457,36,1493,0.10180699441646805
1458,37,1495,0.10180027717303218
1475,35,1510,0.101791576239292
1458,36,1494,0.10174714286628445
1462,36,1498,0.10174558997896924
1449,36,1485,0.10173346395891604
1444,34,1478,0.10175030049634007
1434,35,1469,0.10177690525237859
1432,36,1468,0.10182466559181332
1441,37,1478,0.10187131046635621
1441,38,1479,0.10189605936594406
1459,39,1498,0.10191985440378236
1451,40,1491,0.10190179403160368
1459,38,1497,0.10190011113344472
1459,38,1497,0.10188210631341121
1460,35,1495,0.10186444451410241
1461,37,1498,0.1018472270519532
1462,37,1499,0.10182901802374034
1450,38,1488,0.10180991508792889
1453,36,1489,0.10181953474680645
1444,40,1484,0.10182240794731384
1449,43,1492,0.10184365430042863
1471,42,1513,0.10185294558517036
1463,42,1505,0.10181280612045356
1461,42,1503,0.10179106262719699
1449,45,1494,0.10177688712620254
1442,46,1488,0.10179061462150185
1442,46,1488,0.10181955323623132
1442,46,1488,0.10184773402119994
1453,46,1499,0.10187362192016032
1451,46,1497,0.10187599195428146
1444,45,1489,0.10188268930066069
1444,45,1489,0.1019032361491994
1434,43,1477,0.10192152997189373
1443,42,1485,0.10196139358822247
1437,42,1479,0.10197916795298002
1417,44,1461,0.10200671105642053
1416,44,1460,0.10207880695957318
1427,46,1473,0.10214654247414061
1426,48,1474,0.10218391207570471
1419,49,1468,0.10222090518831801
1438,48,1486,0.10227031297602225
1433,47,1480,0.1022722132469978
1439,48,1487,0.10228583135547495
1451,52,1503,0.10228473737462779
1444,54,1498,0.10225840684160488
1428,55,1483,0.1022494246331937
1441,56,1497,0.10227787835409337
1451,58,1509,0.10227616309510278
1451,56,1507,0.10225312514753497
1443,60,1503,0.10223224169202172
1435,63,1498,0.10222978034745105
1436,62,1498,0.10224685119575992
1438,63,1501,0.10226179680617509
1437,62,1499,0.10227157161897844
1422,62,1484,0.10228049833625093
1430,60,1490,0.10232335685317785
1433,61,1494,0.10234553889071496
1439,60,1499,0.10235939725003786
1446,60,1506,0.10235817844033787
1451,63,1514,0.10234354551162546
1435,63,1498,0.10231803921564113
1432,65,1497,0.10233062719857006
1431,67,1498,0.10235058544307639
1425,66,1491,0.10237055482339347
1409,69,1478,0.10240219526566652
1409,69,1478,0.10246744373825922
1425,70,1495,0.10252754960752761
1427,69,1496,0.10254667840486391
1426,69,1495,0.10256040056300303
1430,72,1502,0.10257687697191362
1426,70,1496,0.10258198212256697
1433,68,1501,0.10259642617652837
1433,66,1499,0.10259655650190722
1442,68,1510,0.102596239274579
1439,70,1509,0.10257502443700335
1448,71,1519,0.10256197847324829
1430,73,1503,0.10252891518982318
1427,73,1500,0.10253877240338571
1431,73,1504,0.10255574017717599
1431,73,1504,0.10256368737363374
1425,71,1496,0.1025718333045358
1418,73,1491,0.10259190968732032
1421,74,1495,0.10262754579713594
1423,75,1498,0.10265288567202141
1434,74,1508,0.1026718308669194
1441,76,1517,0.1026645568181418
1421,78,1499,0.10264353534050918
1424,79,1503,0.1026693164635903
1411,79,1490,0.10268667110727359
1434,75,1509,0.10273295161049291
1428,74,1502,0.10272248206486946
1423,76,1499,0.10272537425148197
1423,79,1502,0.10273975378131571
1416,78,1494,0.10275441057217308
1432,77,1509,0.10278329615437215
1422,82,1504,0.10277341885502046
1410,84,1494,0.10278774972966845
1409,87,1496,0.1028292818162817
1416,88,1504,0.10287022596833734
1409,91,1500,0.10289438208725382
1413,88,1501,0.10293206934428006
1401,85,1486,0.10295791789875781
1417,85,1502,0.10300787177875398
1426,84,1510,0.1030173602854138
1425,84,1509,0.1030063631282786
1417,85,1502,0.10299726124268518
1422,84,1506,0.10300844898787793
1424,87,1511,0.10300789950053162
1430,86,1516,0.10300186722187901
1417,84,1501,0.102984630883412
1404,83,1487,0.10299710866350606
1412,82,1494,0.10303807598532945
1396,81,1477,0.10305726309273976
1399,82,1481,0.10311091094604911
1394,84,1478,0.10315324906065644
1406,83,1489,0.10320238112316917
1405,82,1487,0.10321650165447117
1406,83,1489,0.10323364786084242
1403,78,1481,0.10324861610715866
1408,80,1488,0.10327135641949103
1420,81,1501,0.1032784719143989
1421,82,1503,0.10325817961431699
1419,77,1496,0.10323618828764576
1402,77,1479,0.10322006928627278
1412,77,1489,0.10324333066243399
1416,81,1497,0.10324399815884547
1416,83,1499,0.10323664531691926
1413,82,1495,0.10323107607428568
1417,82,1499,0.10323215592559126
1407,86,1493,0.10322439238335862
1397,88,1485,0.10323920985024397
1400,93,1493,0.10327603335863085
1402,95,1497,0.10330369119109406
1397,96,1493,0.10332593192633426
1387,99,1486,0.10335897455762527
1402,99,1501,0.10341448020123656
1401,101,1502,0.10343337898047125
1406,101,1507,0.1034515875552728
1391,95,1486,0.10345561691173127
1394,95,1489,0.10349376724316887
1408,97,1505,0.10352179338344424
1393,99,1492,0.10351430700571637
1400,97,1497,0.10354257757416928
1393,100,1493,0.1035540685876455
1408,102,1510,0.1035817329602489
1410,99,1509,0.10357105718335333
1400,94,1494,0.10355650509616077
1398,97,1495,0.10356450445937192
1409,96,1505,0.10357617836477281
1427,93,1520,0.10356285395017803
1417,94,1511,0.10350717514376459
1403,93,1496,0.10347896077891146
1408,92,1500,0.10348686481441231
1403,97,1500,0.1034838238948632
1395,97,1492,0.10349109268887922
1399,97,1496,0.10351698631668657
1416,97,1513,0.10353294707910365
1406,96,1502,0.1035082576976987
1398,93,1491,0.10350688494065725
1394,100,1494,0.10352328473194752
1388,101,1489,0.10354822697934342
1395,106,1501,0.10358584064700177
1403,105,1508,0.10360552712450165
1393,104,1497,0.10360578457355621
1399,105,1504,0.10362751772152656
1388,104,1492,0.10363475316081656
1398,103,1501,0.10366642823545788
1392,103,1495,0.10367172519208422
1385,102,1487,0.10369096739479193
1370,104,1474,0.10372444940577516
1371,102,1473,0.10379109556221383
1376,105,1481,0.10385041775328027
1383,105,1488,0.10389523682127301
1400,103,1503,0.10391656302050252
1396,103,1499,0.10389644891952851
1403,102,1505,0.10388886542571397
1410,99,1509,0.10386656495592955
1412,96,1508,0.10383072645294272
1388,96,1484,0.10379361800163393
1398,100,1498,0.10381293305697824
1401,101,1502,0.10380776742810038
1402,103,1505,0.10379864228756365
1403,102,1505,0.1037878301072816
1389,100,1489,0.1037773256274482
1392,102,1494,0.1037982342802252
1379,104,1483,0.10381116205598842
1391,106,1497,0.10385137006747894
1390,108,1498,0.10386157301186084
1381,110,1491,0.103874105225993
1371,110,1481,0.10390476052686806
1370,111,1481,0.10395630865903616
1370,109,1479,0.10400435039976702
1371,108,1479,0.10405129389618388
1375,107,1482,0.10409261258179456
1380,108,1488,0.10412023252187386
1392,107,1499,0.10413563817757643
1386,110,1496,0.1041221477208109
1379,109,1488,0.10412151228808746
1383,110,1493,0.10413586337045157
1393,106,1499,0.10414325742414332
1394,109,1503,0.10412586898544043
1393,108,1501,0.10410722505961204
1388,113,1501,0.1040927157151648
1380,114,1494,0.10408909466071016
1386,116,1502,0.10410504966578367
1386,121,1507,0.1041059878023182
1376,117,1493,0.10410849778233533
1376,119,1495,0.1041322821733468
1371,123,1494,0.10415546548625895
1378,120,1498,0.1041877489485582
1377,119,1496,0.10420270970285923
1384,119,1503,0.10421847691415968
1395,121,1516,0.10421609280208767
1392,121,1513,0.10418902765950051
1379,124,1503,0.10417183373725165
1377,122,1499,0.1041869438871574
1384,124,1508,0.10420707880550038
1394,123,1517,0.10420865716126698
1391,122,1513,0.10418832071966413
1392,119,1511,0.10417815178835095
1382,124,1506,0.10416656290267029
1372,125,1497,0.10417713153617911
1370,123,1493,0.104209896477696
1360,120,1480,0.1042454081353732
1360,128,1488,0.10430106167107606
1363,129,1492,0.10435247978584819
1353,130,1483,0.10439314509490302
1354,127,1481,0.10445212795104299
1360,131,1491,0.10450500550373838
1368,135,1503,0.10454151543391386
1372,133,1505,0.10455702765986591
1369,133,1502,0.10456097473645148
1372,132,1504,0.1045730514793026
1368,132,1500,0.10457589673627267
1359,126,1485,0.10458962435813897
1365,123,1488,0.10462305732054007
1367,125,1492,0.10463963988900808
1371,124,1495,0.10465046896260417
1368,126,1494,0.10464921779032284
1374,129,1503,0.10465442297503685
1365,130,1495,0.10464353836405475
1368,126,1494,0.10465476518481687
1358,125,1483,0.10465846328741012
1355,126,1481,0.1046829342866597
1365,127,1492,0.1047099915087719
1355,125,1480,0.10471284180217451
1353,130,1483,0.10473797467055214
1360,130,1490,0.10476328365870083
1376,131,1507,0.10477379943499204
1380,130,1510,0.10474621207755003
1386,129,1515,0.10471285703780592
1383,125,1508,0.1046686322636219
1381,128,1509,0.10463515052782991
1373,125,1498,0.10460877431745771
1376,128,1504,0.10460495030352457
1376,126,1502,0.10459518485945496
1378,125,1503,0.10458481035274499
1373,121,1494,0.10457288202861932
1381,121,1502,0.1045730832922083
1384,122,1506,0.1045559865896762
1367,123,1490,0.10453418435291689
1362,128,1490,0.10455257689720227
1361,127,1488,0.10458285811694357
1377,124,1501,0.10461081884512013
1370,126,1496,0.10459866836078431
1365,128,1493,0.10460240983353251
1370,126,1496,0.10461865467930093
1384,122,1506,0.10462205348095562
1364,123,1487,0.10459203400770582
1365,124,1489,0.10460820123953805
1374,124,1498,0.1046206983059384
1363,123,1486,0.1046125406732353
1373,127,1500,0.10462955103692086
1374,129,1503,0.10462379053919704
1379,130,1509,0.10461610668420192
1368,131,1499,0.10459846309414031
1370,132,1502,0.10460844073252648
1358,130,1488,0.10461387325080555
1371,132,1503,0.10464546354200245
1364,131,1495,0.10464506043303691
1349,132,1481,0.10466078060655383
1366,133,1499,0.10471083037185763
1366,136,1502,0.10471688492461526
1350,134,1484,0.10472375875856635
1359,139,1498,0.10476719145962185
1358,138,1496,0.10478739318031542
1365,141,1506,0.10480847128730872
1359,138,1497,0.10481077797103594
1370,140,1510,0.10482732921373322
1364,142,1506,0.10481755359621857
1366,142,1508,0.10482283219947572
1361,145,1506,0.10482373572736081
1364,141,1505,0.1048371826985902
1352,145,1497,0.10484433540700173
1354,148,1502,0.10487957438259798
1357,151,1508,0.10490594080344229
1357,154,1511,0.10492466517610749
1345,153,1498,0.10494246548938232
1361,152,1513,0.10498657817352203
1355,154,1509,0.10499180618440981
1346,156,1502,0.1050122021853725
1342,152,1494,0.10505105554143367
1341,156,1497,0.10509779948439042
1336,160,1496,0.10514026670020221
1345,164,1509,0.10519025391993025
1337,159,1496,0.10521471147406376
1326,160,1486,0.10525730959345786
1314,161,1475,0.10531952346893256
1317,160,1477,0.10540441957170878
1328,164,1492,0.10547769572641749
1328,165,1493,0.10551915345456861
1330,160,1490,0.10555897842348322
1327,160,1487,0.10559192097616867
1325,160,1485,0.10562966126834315
1319,163,1482,0.10566881038496838
1324,161,1485,0.10571898213700517
1322,160,1482,0.10575196625377577
1320,159,1479,0.10578545512722039
1329,158,1487,0.10581852431166787
1317,159,1476,0.1058274657643727
1339,160,1499,0.10586267674067687
1339,161,1500,0.10584641001944085
1322,162,1484,0.10582835355028285
1319,164,1483,0.10584960145489226
1316,164,1480,0.10587859658560983
1324,160,1484,0.10591317583407076
1328,162,1490,0.1059273832460008
1331,161,1492,0.10593198567300562
1327,160,1487,0.1059316052062569
1333,161,1494,0.1059404693483604
1330,161,1491,0.10593553883644953
1327,161,1488,0.10593831663863089
1328,165,1493,0.10594702610693112
1331,167,1498,0.10595164447530853
1327,168,1495,0.10595132023662321
1312,168,1480,0.10595945115514124
1314,171,1485,0.10600013538400824
1319,171,1490,0.106035140124403
1313,172,1485,0.10605624042423076
1325,171,1496,0.10608877399496862
1326,170,1496,0.10608913617704985
1327,168,1495,0.10608625788733402
1326,164,1490,0.10608230398321701
1329,166,1495,0.10608042360370504
1315,171,1486,0.10607112040306603
1314,169,1483,0.10609691533794088
1313,169,1482,0.10612425324247646
1324,172,1496,0.10615326367350192
1333,175,1508,0.10615504516392398
1323,170,1493,0.10613692680976278
1329,173,1502,0.10614541996860777
1326,173,1499,0.10613979159906667
1322,173,1495,0.10613969349438797
1327,168,1495,0.10614961442804755
1333,173,1506,0.10614800424213561
1331,177,1508,0.10613109310748627
1332,182,1514,0.1061187634811354
1329,180,1509,0.10610559476165132
1315,177,1492,0.10609975912520941
1311,174,1485,0.10612755041778285
1307,175,1482,0.10616177722530855
1318,175,1493,0.10620165198826267
1321,178,1499,0.10621550242349481
1324,175,1499,0.10621864014929783
1319,176,1495,0.10621766594224975
1322,179,1501,0.10622816002108278
1320,179,1499,0.10623072072592883
1320,183,1503,0.10623991552140305
1317,184,1501,0.10624908609891691
1318,185,1503,0.1062654422028866
1304,182,1486,0.10627892482609694
1305,183,1488,0.10632477317842494
1296,183,1479,0.10636375990399202
1301,186,1487,0.10641790429163286
1310,188,1498,0.10645855169731706
1305,190,1495,0.10647732728346847
1291,184,1475,0.10650432785852935
1306,187,1493,0.10656080191274275
1300,187,1487,0.10657926686031177
1285,186,1471,0.1066082923349951
1305,186,1491,0.1066676364272092
1307,183,1490,0.10667779241665089
1297,184,1481,0.10668003260629547
1281,188,1469,0.10670698089552505
1297,191,1488,0.10676689021505262
1299,192,1491,0.10678702696947799
1289,199,1488,0.10680400797920399
1305,197,1502,0.10684205555890067
1288,198,1486,0.1068432414228889
1289,196,1485,0.10688245497938884
1295,199,1494,0.10691673926670273
1295,201,1496,0.10693516639817809
1279,207,1486,0.10695452762570462
1276,208,1484,0.10700937695604218
1278,209,1487,0.10706506911918921
1270,208,1478,0.10711382599482298
1272,210,1482,0.1071783315337742
1282,209,1491,0.1072334864257632
1287,209,1496,0.10726526929438457
1290,213,1503,0.10728104358535565
1285,212,1497,0.10728994516267358
1286,213,1499,0.10730927578587977
1289,213,1502,0.10732735884874915
1289,210,1499,0.10733674142806562
1292,210,1502,0.1073455161803368
1279,215,1494,0.107346147739779
1269,222,1491,0.1073768648721542
1266,223,1489,0.10742775212900231
1258,225,1483,0.10748337852841434
1251,225,1476,0.10755178965106149
1259,229,1488,0.10763020761672383
1266,223,1489,0.10768660312158002
1273,224,1497,0.10772394194188947
1262,228,1490,0.10774288248848304
1277,228,1505,0.10778488328765583
1268,233,1501,0.1077911085730374
1259,232,1491,0.10781728196662027
1265,230,1495,0.10786226680283434
1270,234,1504,0.10788881287413844
1260,236,1496,0.1079005490155879
1271,236,1507,0.10793518878791758
1273,233,1506,0.10794472635003814
1262,235,1497,0.10794980580053391
1264,238,1502,0.10798105788847807
1265,241,1506,0.10800568353143612
1263,243,1506,0.10802749489808645
1247,240,1487,0.10805333356431916
1247,239,1486,0.10811291146540704
1256,240,1496,0.10816874710154338
1249,237,1486,0.10819929190041515
1246,237,1483,0.10824470198057189
1252,230,1482,0.10829419179870574
1252,231,1483,0.10832665498873599
1271,227,1498,0.10835106701174019
1270,229,1499,0.1083284583927847
1265,224,1489,0.10831261138624812
1260,227,1487,0.10830605103126857
1258,232,1490,0.10831055772862508
1270,226,1496,0.10831779628614203
1282,227,1509,0.10829765377015167
1276,227,1503,0.10825134498486641
1272,227,1499,0.10822387866243922
1262,230,1492,0.10820616493157362
1253,233,1486,0.10821366702730889
1245,235,1480,0.10824226323611139
1247,238,1485,0.10828828223142839
1254,242,1496,0.10832839088555499
1253,244,1497,0.10835023474699067
1252,243,1495,0.10837261785301305
1264,242,1506,0.108396251439996
1256,244,1500,0.10838969204920917
1257,247,1504,0.10840137790908631
1268,249,1517,0.1084084957574
1261,248,1509,0.10839100818231637
1249,248,1497,0.10839397223286903
1245,248,1493,0.10842424715404857
1233,252,1485,0.10846224916496937
1234,253,1487,0.10852756425860832
1238,259,1497,0.10858566353050098
1231,264,1495,0.10863042204300466
1233,254,1487,0.10868614279084308
1240,255,1495,0.10873211800541409
1236,256,1492,0.10875799710051628
1234,258,1492,0.10879069794384084
1210,256,1466,0.10882586298958116
1218,260,1478,0.10891246918826893
1231,261,1492,0.10897590697256171
1232,256,1488,0.1090020549591058
1221,260,1481,0.10902599150295395
1222,263,1485,0.10907407938314544
1216,263,1479,0.10911446974623833
1219,262,1481,0.1091645095202804
1227,266,1493,0.10920525359299928
1236,262,1498,0.10922075184536148
1233,263,1496,0.10921603253107881
1233,261,1494,0.10921947079425749
1242,267,1509,0.10922133689990947
1235,265,1500,0.10920387499805863
1230,268,1498,0.10920386183472801
1225,265,1490,0.1092138264856735
1221,263,1484,0.1092357508200073
1212,268,1480,0.10926732181568949
1218,274,1492,0.10931948082706118
1231,274,1505,0.10935458680781447
1222,275,1497,0.10935868119532008
1221,278,1499,0.10938284680873317
1223,276,1499,0.10941042742316015
1241,280,1521,0.10942956316052267
1229,283,1512,0.10940590228890511
1220,277,1497,0.10940861542773801
1217,276,1493,0.10943307508220342
1218,278,1496,0.10946100508524817
1223,274,1497,0.10948624994374363
1226,268,1494,0.10949822518504412
1235,279,1514,0.10950136443691048
1241,276,1517,0.10948399219285745
1239,277,1516,0.10945366304594792
1230,277,1507,0.10943108777872329
1218,277,1495,0.10943308313177116
1220,276,1496,0.10945994726570245
1230,279,1509,0.10947800230795438
1240,278,1518,0.10947205805517331
1237,274,1511,0.10944415351615559
1222,271,1493,0.10942434795426607
1227,271,1498,0.10944106186664665
1217,274,1491,0.10944523232339258
1216,271,1487,0.10947285980111522
1210,275,1485,0.10950048665856275
1197,277,1474,0.10953976192495368
1196,281,1477,0.10960517108749677
1191,278,1469,0.10966777074262794
1198,282,1480,0.10973653889785838
1207,285,1492,0.10978481330517942
1207,279,1486,0.10980873699074048
1219,280,1499,0.10983262708095301
1223,281,1504,0.10982787315524056
1222,278,1500,0.10981504781446119
1216,283,1499,0.10980672707412192
1212,279,1491,0.10981225356650277
1198,285,1483,0.10982660088155523
1197,287,1484,0.10987113467582528
1200,286,1486,0.10991409139042395
1198,290,1488,0.1099482386155866
1211,293,1504,0.10998402714220078
1200,294,1494,0.10998781017750804
1201,294,1495,0.11001745299454921
1203,292,1495,0.11004425818264675
1190,300,1490,0.11006376075563148
1195,301,1496,0.11011274275478435
1198,303,1501,0.1101461165020291
1209,309,1518,0.1101717619127848
1204,304,1508,0.11017252744518516
1198,304,1502,0.11018428813147413
1206,305,1511,0.11021016149723323
1197,309,1506,0.11021532627832756
1191,314,1505,0.11024108375458481
1198,314,1512,0.11028108910209974
1189,307,1496,0.11030312902604876
1186,307,1493,0.11034410606967886
1179,305,1484,0.11038886448757416
1180,311,1491,0.11044786337205395
1184,308,1492,0.11049833728029843
1177,310,1487,0.11053342300712554
1185,307,1492,0.11058248891117507
1184,306,1490,0.1106080869462745
1181,306,1487,0.11063561421971699
1184,303,1487,0.11066901234945789
1185,310,1495,0.11069334964692011
1190,306,1496,0.11071211966787593
1182,300,1482,0.11071509826330388
1182,302,1484,0.11073878328595535
1186,305,1491,0.11076051106702967
1190,308,1498,0.11077340179738751
1181,308,1489,0.1107766489034983
1184,311,1495,0.11080083129112847
1186,310,1496,0.11081682633798003
1181,314,1495,0.11082944935579711
1165,318,1483,0.11085400479189281
1161,324,1485,0.11091270611981269
1170,326,1496,0.110975577008705
1158,331,1489,0.11101498481344478
1164,333,1497,0.11108104383680702
1173,331,1504,0.11112862594155817
1173,332,1505,0.11115173839165247
1167,326,1493,0.11117212615774662
1156,328,1484,0.11120503382679249
1155,326,1481,0.11126035010663218
1166,330,1496,0.11131297280249694
1165,322,1487,0.1113368714993347
1170,321,1491,0.11136056332394909
1170,317,1487,0.11137198127620522
1157,314,1471,0.11138289088532158
1172,324,1496,0.11142180610380434
1176,324,1500,0.11142387296818977
1178,325,1503,0.11141623595217762
1183,323,1506,0.11140277632388793
1177,322,1499,0.11138009250079353
1181,326,1507,0.11137131127975039
1170,319,1489,0.1113538199937754
1183,325,1508,0.11136503728574326
1182,327,1509,0.11134467702898146
1168,326,1494,0.11132715194666404
1186,336,1522,0.11134353954456698
1184,335,1519,0.11132061627482953
1168,332,1500,0.11130637096453146
1164,336,1500,0.11133157717182814
1167,343,1510,0.11136571219536638
1164,338,1502,0.11138853552265218
1166,336,1502,0.11141877560620315
1161,338,1499,0.11144283507221042
1157,339,1496,0.1114767910669957
1157,346,1503,0.11151733881428826
1158,338,1496,0.11155545536658273
1156,337,1493,0.11158869979373726
1167,339,1506,0.1116244529332257
1162,345,1507,0.11163069480586298
1163,345,1508,0.11164928537834676
1164,344,1508,0.11166603623386692
1159,344,1503,0.11167920927669017
1152,342,1494,0.1117025869473642
1162,337,1499,0.11173988166277915
1172,342,1514,0.11175049022346957
1170,346,1516,0.1117397867142267
1161,348,1509,0.11173378891404234
1173,343,1516,0.1117493291887402
1180,334,1514,0.11173722549465313
1178,335,1513,0.11171042925775158
1178,338,1516,0.1116906759335706
1173,335,1508,0.11167251163035756
1159,345,1504,0.11166769488928313
1155,344,1499,0.1116958175592966
1155,356,1511,0.11173114780812639
1161,357,1518,0.11176579801699134
1144,353,1497,0.11178561671756718
1154,359,1513,0.11184149038207757
1152,359,1511,0.11186995972952428
1155,355,1510,0.11190014463734499
1147,355,1502,0.11191977186053538
1146,363,1509,0.1119565860366642
1136,362,1498,0.11199336482303476
1142,365,1507,0.11205076509917708
1139,371,1510,0.11209255151676509
1144,374,1518,0.11213813563146971
1139,374,1513,0.11217196020837954
1142,372,1514,0.11221517103359706
1139,372,1511,0.11225077627313443
1138,371,1509,0.11229050192911533
1129,367,1496,0.11232974679691128
1111,365,1476,0.11238701279463031
1118,371,1489,0.11247992843852828
1121,367,1488,0.11255020666197708
1112,373,1485,0.11261056296097123
1107,377,1484,0.11268697094120605
1117,382,1499,0.11276903688205761
1115,384,1499,0.1128221743052515
1113,381,1494,0.11287469912754114
1124,385,1509,0.11292854671161091
1113,389,1502,0.1129544253905082
1110,386,1496,0.11300223356915379
1110,392,1502,0.11305356132143678
1116,395,1511,0.1131030224353637
1113,393,1506,0.11313360949577383
1114,392,1506,0.11317015569192669
1114,386,1500,0.11320256246224765
1108,392,1500,0.11323160975799944
1104,392,1496,0.11327297253339172
1103,397,1500,0.11332112861689678
1098,401,1499,0.11336785005567297
1101,395,1496,0.11342369338274715
1110,396,1506,0.113468711940091
1099,404,1503,0.11348922160375534
1092,403,1495,0.11353473752369705
1083,399,1482,0.1135934865211146
1083,402,1485,0.11366789104351177
1101,408,1509,0.11373401099578218
1088,415,1503,0.11375505303036619
1096,416,1512,0.11380358259918712
1092,418,1510,0.11383220978079855
1082,418,1500,0.11386951700648171
1071,421,1492,0.11392915795412811
1081,418,1499,0.11400904754012565
1077,419,1496,0.1140604406777344
1080,416,1496,0.1141181760923477
1090,407,1497,0.11416538898819759
1096,419,1515,0.11418847615236785
1091,422,1513,0.11419662229726413
1089,425,1514,0.11421560142574265
1075,417,1492,0.11423852961443665
1080,423,1503,0.11429317199167631
1079,425,1504,0.11433224624272491
1075,430,1505,0.11437159295687498
1087,431,1518,0.11441740067779435
1085,427,1512,0.11443278035561559
1072,429,1501,0.11445193183295994
1053,434,1487,0.11450039896046409
1052,442,1494,0.1145871131109187
1048,437,1485,0.11467093630016365
1062,444,1506,0.11475760230122069
1069,443,1512,0.11480828624469687
1066,440,1506,0.11483895996433365
1072,441,1513,0.11487501886201308
1067,440,1507,0.11489215498153126
1069,441,1510,0.11491935231803277
1067,441,1508,0.11494090068254156
1058,442,1500,0.1149657353821916
1063,441,1504,0.11500693042961257
1066,445,1511,0.11503394956276612
1066,445,1511,0.1150542082957361
1065,446,1511,0.11507567829854491
1056,451,1507,0.11509805679557329
1053,450,1503,0.11513823655828587
1066,445,1511,0.11518338699802642
1057,446,1503,0.11519553448755918
1049,447,1496,0.11522802834558955
1056,449,1505,0.11527636332307466
1073,449,1522,0.11530546679052996
1065,449,1514,0.11529189148010019
1067,447,1514,0.11530041708574448
1072,436,1508,0.1153004397958718
1078,434,1512,0.115287269675656
1085,426,1511,0.11526244419079903
1073,434,1507,0.11522427025182026
1073,437,1510,0.11521280712571791
1072,437,1509,0.11520318412192683
1062,436,1498,0.11519659975454281
1055,435,1490,0.11521380906845252
1053,436,1489,0.11524727145255056
1058,438,1496,0.1152844158758478
1061,442,1503,0.11530877154197118
1064,436,1500,0.11532437941947268
1061,440,1501,0.11533093870917636
1050,443,1493,0.11534419787419053
1043,444,1487,0.11538287768471392
1052,450,1502,0.11543504228787171
1055,448,1503,0.11546462906196465
1048,452,1500,0.11548496440660384
1042,456,1498,0.11552166694960483
1046,451,1497,0.11557061250702684
1045,453,1498,0.11560579682666905
1045,462,1507,0.11564047001388529
1038,466,1504,0.11567313160078761
1052,465,1517,0.11571812924493145
1042,466,1508,0.11572923569740062
1036,466,1502,0.11576185510875643
1023,472,1495,0.11580790804526599
1025,478,1503,0.11587924858608827
1029,467,1496,0.11594108109853968
1031,468,1499,0.11598901514037621
1031,466,1497,0.11602912255817141
1041,467,1508,0.11606502224027772
1046,470,1516,0.11607579808228406
1027,471,1498,0.11607594961227027
1040,462,1502,0.11611775290299445
1043,464,1507,0.11612558732618662
1042,465,1507,0.1161260666676457
1033,458,1491,0.11612945192517152
1032,459,1491,0.11615169630403938
1029,454,1483,0.11617219613309676
1037,455,1492,0.11619815555991347
1032,467,1499,0.1162039054502715
1038,466,1504,0.11622096387564175
1028,472,1500,0.11622245887511212
1031,471,1502,0.11624673617761302
1029,468,1497,0.11626355918428181
1038,472,1510,0.11628405005749483
1029,471,1500,0.1162828108719764
1037,468,1505,0.11630277890994754
1036,467,1503,0.11630358570616735
1028,468,1496,0.11630641297412792
1033,474,1507,0.11632938314651886
1028,483,1511,0.1163378322493251
1027,479,1506,0.11635950254735061
1029,470,1499,0.11638154013016683
1019,469,1488,0.11639750442887138
1021,471,1492,0.11643570646124415
1023,469,1492,0.11646517948322398
1029,470,1499,0.11648822592568553
1023,474,1497,0.11649598740258109
1017,475,1492,0.11651589937788658
1026,471,1497,0.11654890791407588
1030,475,1505,0.11656101692170473
1030,473,1503,0.11656286939582201
1026,472,1498,0.11656454507422534
1023,472,1495,0.11657296396022958
1026,472,1498,0.11658984926248142
1020,484,1504,0.11659699186551731
1019,482,1501,0.11661956956712423
1017,488,1505,0.11664197354534156
1016,486,1502,0.11666675233321372
1021,484,1505,0.1166930938906405
1017,492,1509,0.11670508754527376
1017,496,1513,0.11672852643377965
1009,496,1505,0.1167499430462789
1008,489,1497,0.11678931354401836
1014,493,1507,0.11682838800156578
1017,496,1513,0.11685111397224755
1027,491,1518,0.11686758314575511
1020,497,1517,0.11686068194085525
1017,487,1504,0.11687101524811576
1014,498,1512,0.11688825544447987
1011,494,1505,0.11691227115654708
1003,497,1500,0.11694026767229555
1007,493,1500,0.11698358028519074
999,492,1491,0.11701418395640306
1003,488,1491,0.1170613097927827
999,487,1486,0.11709706106918354
1002,493,1495,0.11713836283672574
1004,490,1494,0.11716920002837863
994,487,1481,0.11719338477590964
998,488,1486,0.11723930938071242
999,488,1487,0.11727382797835158
1005,495,1500,0.11730106847714161
1006,490,1496,0.11731163345640078
999,499,1498,0.11732064062571602
1001,508,1509,0.11734695344213586
1003,513,1516,0.11736614011820197
994,509,1503,0.11737804832739951
990,515,1505,0.11741252237011157
996,512,1508,0.11745369470427919
990,517,1507,0.11747876715740356
1002,516,1518,0.11751635947120953
997,517,1514,0.11752204086344112
984,508,1492,0.11754139920047044
986,516,1502,0.11758992804872515
983,515,1498,0.11763148122065795
986,502,1488,0.11767599037731713
987,507,1494,0.11770868873034294
982,511,1493,0.11773760105105335
994,514,1508,0.11777438647373278
994,514,1508,0.11778101722038613
991,508,1499,0.11778874422430274
984,507,1491,0.1178029263317326
982,508,1490,0.11783223176694463
977,509,1486,0.11786258390342724
976,502,1478,0.11790314957903261
966,508,1474,0.1179454099845401
976,514,1490,0.11800826632647483
981,521,1502,0.1180436440656095
973,524,1497,0.11806676974307574
960,528,1488,0.1181061113693918
969,536,1505,0.11817437442378596
957,535,1492,0.11821678880389044
958,533,1491,0.11828254248140507
946,537,1483,0.11834197839441735
956,538,1494,0.11842505624330808
958,538,1496,0.11847819720180429
961,544,1505,0.11852364938344952
955,545,1500,0.11855936786016033
958,549,1507,0.11860575560993372
964,546,1510,0.11864299626181983
958,553,1511,0.1186649232308935
958,555,1513,0.11870068411791042
959,559,1518,0.11873455941953857
942,556,1498,0.11876550499027619
942,550,1492,0.11883402015074954
939,555,1494,0.11889690077407074
932,556,1488,0.1189643645533494
934,565,1499,0.11904018398827575
942,560,1502,0.11910541702924196
942,553,1495,0.11914934253578878
931,559,1490,0.11919197012406263
937,560,1497,0.11925648850112458
938,561,1499,0.1193018889829417
939,570,1509,0.11934390432175522
930,568,1498,0.11938064029021359
927,571,1498,0.11943445425479673
918,568,1486,0.11949118060437919
928,568,1496,0.11956322447482517
923,577,1500,0.11960818122619303
913,585,1498,0.1196634238697877
918,591,1509,0.11973927543017833
914,586,1500,0.11979783920969865
922,587,1509,0.1198599256253776
919,586,1505,0.11990221087849584
914,589,1503,0.11994685380103602
905,588,1493,0.12000060283797383
914,595,1509,0.12007187899928247
916,582,1498,0.12011738946098718
913,588,1501,0.12015178947231508
911,598,1509,0.12019216200819371
898,596,1494,0.12023506583193783
904,598,1502,0.12030512120782152
915,587,1502,0.1203576041961939
908,590,1498,0.12038024465265114
900,591,1491,0.12041747733594395
903,598,1501,0.12046922598854241
901,601,1502,0.12051225516917534
895,603,1498,0.12055715718610995
893,611,1504,0.12061135211753689
894,608,1502,0.12066746751748136
887,615,1502,0.12071604720870986
893,617,1510,0.12077811643894254
894,619,1513,0.12082134165321907
881,610,1491,0.1208610209691357
879,605,1484,0.12092894865750947
871,613,1484,0.120995944457256
869,606,1475,0.12107806146506729
871,607,1478,0.12115957396114255
874,608,1482,0.12123013724780708
872,616,1488,0.12128839210989151
873,627,1500,0.12134761805328413
876,621,1497,0.12140013116228443
869,628,1497,0.12144459542548422
856,631,1487,0.12150266819565098
861,633,1494,0.12158547668750667
853,646,1499,0.12165378619974945
850,641,1491,0.1217362507126372
849,644,1493,0.12182014572652332
847,642,1489,0.12190300252559673
837,650,1487,0.12198526957629871
845,652,1497,0.12208180318529332
836,655,1491,0.12215053778430228
844,661,1505,0.12223666821202304
841,651,1492,0.12229835645607673
843,652,1495,0.12236336125563732
849,645,1494,0.12241759823129864
854,647,1501,0.1224547667517021
864,653,1517,0.12247946347461192
863,648,1511,0.12247721263812318
862,647,1509,0.12247997122813761
850,648,1498,0.12248614740418706
844,649,1493,0.12252119518202598
841,647,1488,0.12256571521137229
846,646,1492,0.12261482588687767
840,659,1499,0.12264887684355978
851,658,1509,0.1226939233058637
848,663,1511,0.122712595872094
840,659,1499,0.12273472477392441
837,659,1496,0.12277304492714944
834,669,1503,0.12281618811215879
848,665,1513,0.12286458337934483
838,664,1502,0.12287732232945285
832,669,1501,0.12291198779315916
839,670,1509,0.12296014202339708
838,672,1510,0.12298863174453593
831,675,1506,0.12301876319016022
851,678,1529,0.12306278831680466
841,685,1526,0.12305880506200655
835,676,1511,0.12307932235199366
833,677,1510,0.12311177730417863
836,663,1499,0.12314865267803231
837,663,1500,0.12317410020903814
843,659,1502,0.12319541785478126
837,658,1495,0.12319993312356087
851,660,1511,0.12321982482218723
842,665,1507,0.12320332662101255
843,656,1499,0.12321150643551296
845,660,1505,0.12321747506974354
849,664,1513,0.12321816309721204
847,668,1515,0.1232083143078016
844,670,1514,0.12320437907328799
841,676,1517,0.12320741871997808
830,676,1506,0.12321920299052987
820,687,1507,0.12325668983342532
809,688,1497,0.1233150619170103
808,690,1498,0.12339612340021183
809,693,1502,0.12347455851001207
810,692,1502,0.12354421781731671
815,693,1508,0.1236085015059831
825,695,1520,0.12365619253358882
816,692,1508,0.12367616129356161
813,686,1499,0.12371391168624311
811,680,1491,0.12375528024138205
813,688,1501,0.1237996369600856
813,698,1511,0.1238343817495967
801,707,1508,0.12386758261651813
814,697,1511,0.12392762973238397
814,696,1510,0.12395406809388493
814,694,1508,0.12397816109654373
808,699,1507,0.12400175126213432
810,705,1515,0.12403648928102658
806,712,1518,0.12406347999766154
811,709,1520,0.12409952796435007
820,695,1515,0.12412117862406034
822,698,1520,0.12412124230152205
818,705,1523,0.12411712584671389
811,702,1513,0.12412314117553919
801,696,1497,0.12414308431824234
794,705,1499,0.12418462076814034
793,694,1487,0.12424051397455842
792,691,1483,0.12429327689006751
783,692,1475,0.124347386624997
781,701,1482,0.1244188712087653
786,706,1492,0.12448918739184833
786,716,1502,0.12454231277424967
789,711,1500,0.12459327615077012
781,706,1487,0.124634176835042
787,707,1494,0.12468883587901476
786,708,1494,0.12472432625200973
790,709,1499,0.12475830564401261
790,707,1497,0.124781521600979
784,711,1495,0.12480255647728956
793,697,1490,0.12483761228619555
800,707,1507,0.12485049165700278
800,712,1512,0.124845359679773
798,708,1506,0.1248392195917672
798,711,1509,0.12484105440875869
786,708,1494,0.12484315398129152
781,708,1489,0.12487219133351987
781,710,1491,0.12491081065501902
783,707,1490,0.1249474258373652
776,699,1475,0.12497637864756989
775,698,1473,0.1250190655409291
771,705,1476,0.1250612462857579
787,697,1484,0.1251063053046154
785,701,1486,0.12511056651037883
788,692,1480,0.1251156102379176
787,700,1487,0.12511337130761993
776,692,1468,0.12511454308079056
789,696,1485,0.12514122930017263
795,701,1496,0.12513534122917097
787,695,1482,0.12511884580139174
790,703,1493,0.12512262625427067
796,689,1485,0.1251192036063722
793,691,1484,0.1251007206136847
794,691,1485,0.1250913872211757
796,684,1480,0.1250806377869114
800,686,1486,0.12506589415231012
801,697,1498,0.12504223467680411
798,699,1497,0.12501970724538755
796,701,1497,0.12500655341929343
791,699,1490,0.1250003131360215
791,708,1499,0.1250067450804758
788,706,1494,0.1250121445540206
782,713,1495,0.12502098379408888
794,704,1498,0.12504637767914592
790,704,1494,0.12504144212442406
792,702,1494,0.12504732371182545
798,707,1505,0.12504735109378742
793,706,1499,0.1250344637252903
787,703,1490,0.12503521542185092
784,708,1492,0.1250488788105194
777,717,1494,0.12507018411831924
768,730,1498,0.12510558122377616
772,728,1500,0.12515965133825752
774,724,1498,0.12519975180432025
775,726,1501,0.12523272872951652
779,723,1502,0.1252619401446055
779,713,1492,0.1252818950029489
779,714,1493,0.12530128135826468
786,711,1497,0.12531793517398757
790,715,1505,0.12531668655750391
789,712,1501,0.1253042516674971
783,725,1508,0.12529331680959147
776,735,1511,0.12529560766723022
761,736,1497,0.12531493168970456
763,737,1500,0.12536747390820202
772,734,1506,0.12541250613745078
780,725,1505,0.12543349367636014
783,721,1504,0.12543558136305616
786,720,1506,0.12543193223510637
781,720,1501,0.12541808139578964
771,725,1496,0.1254162885284322
769,727,1496,0.1254358955952835
769,719,1488,0.1254597766953422
767,733,1500,0.12548448053865158
769,731,1500,0.1255132668395439
769,727,1496,0.12553522877971487
768,730,1498,0.1255541633002704
774,739,1513,0.12557167316630002
781,741,1522,0.12557434360836975
770,743,1513,0.1255626210686827
772,741,1513,0.12557728106298405
768,744,1512,0.12558892205977223
774,744,1518,0.12561052317971388
767,736,1503,0.12561628890329796
769,742,1511,0.1256362910627193
768,738,1506,0.12565321905311097
756,741,1497,0.12566967576927937
771,743,1514,0.12571384405639124
760,740,1500,0.12571943627388463
763,739,1502,0.12575116234758935
767,743,1510,0.12577346360936517
771,748,1519,0.1257849834045137
770,742,1512,0.12578630081458497
768,746,1514,0.12578732206649076
770,746,1516,0.12579447202208258
771,735,1506,0.1257961630539275
762,741,1503,0.1257975073278101
755,753,1508,0.12581998905347472
750,759,1509,0.12585869432786315
750,761,1511,0.12590663933625051
750,753,1503,0.12595061231980798
747,753,1500,0.1259894277405449
747,753,1500,0.12603172283331818
749,749,1498,0.12606886536817524
744,748,1492,0.12609890689156977
748,745,1493,0.12613984891773675
747,737,1484,0.1261703525325131
754,735,1489,0.12620057289557682
757,738,1495,0.1262105731875283
753,743,1496,0.1262121955058105
757,739,1496,0.12622425639448642
766,737,1503,0.1262252955322249
758,747,1505,0.12620669393334644
758,745,1503,0.12620918937858439
756,750,1506,0.1262102783893542
754,752,1506,0.1262162622119825
750,740,1490,0.12622775959079519
753,746,1499,0.12624776006186633
750,740,1490,0.12625993858475681
748,749,1497,0.12627820623729202
748,749,1497,0.1263009461990631
737,763,1500,0.12632334124759306
743,766,1509,0.12637059985533558
741,768,1509,0.12639908841708736
738,770,1508,0.12642991290902572
741,768,1509,0.1264658052020663
743,764,1507,0.126494905888684
749,760,1509,0.12651623804364212
749,761,1510,0.12652166100190856
744,759,1503,0.12652380283336026
747,750,1497,0.1265362860393331
732,751,1483,0.12654058416884692
730,755,1485,0.12657983007117843
730,767,1497,0.1266233325529125
730,760,1490,0.12666474981136264
738,762,1500,0.12670336312924946
732,763,1495,0.12672148742218145
734,766,1500,0.12675172848480254
739,760,1499,0.12677212854494757
733,763,1496,0.1267784532480856
735,761,1496,0.12679935626956632
727,755,1482,0.12681361664686525
728,764,1492,0.12684644347803042
725,762,1487,0.1268735489244736
728,776,1504,0.12690761106675105
730,774,1504,0.12693158646594266
735,770,1505,0.12695121707137746
738,784,1522,0.12695637375662008
735,788,1523,0.1269547747483541
725,783,1508,0.12696090512717892
729,786,1515,0.12699181558311246
728,782,1510,0.12701101653282973
722,790,1512,0.12703098482566147
711,788,1499,0.12706415842557386
710,789,1499,0.12712057996349344
708,787,1495,0.12717536138973848
711,784,1495,0.12723022102549994
705,785,1490,0.1272732411865733
712,788,1500,0.12732677305590295
709,792,1501,0.12736018202154906
709,797,1506,0.12739886623138358
708,803,1511,0.12743668838281885
703,806,1509,0.1274731229699588
701,796,1497,0.12751949779064634
705,793,1498,0.12756760921217766
697,798,1495,0.12759701063110584
692,800,1492,0.12764565670659642
700,805,1505,0.12770281537052205
692,807,1499,0.1277392952812621
684,799,1483,0.12779102799588052
682,804,1486,0.12785932449374152
694,810,1504,0.1279243562650354
694,816,1510,0.1279581278068704
690,817,1507,0.12799284118813653
684,820,1504,0.12803591451062257
686,816,1502,0.12809007350598484
685,813,1498,0.12813435444441632
689,808,1497,0.128178975502234
687,819,1506,0.12821227040062164
685,822,1507,0.1282472415521124
677,820,1497,0.12828668035792534
686,822,1508,0.12834251388354467
675,822,1497,0.12837406240792792
676,816,1492,0.12842926610927705
679,817,1496,0.12847852777702828
680,824,1504,0.1285180192609487
688,821,1509,0.1285510157778622
686,817,1503,0.1285613602847699
685,813,1498,0.12857894437404727
688,825,1513,0.12859827453827755
694,812,1506,0.12860733856691975
691,806,1497,0.12860125626056776
689,798,1487,0.12860261672356874
697,797,1494,0.12860761932062656
686,801,1487,0.12859193829132165
681,810,1491,0.12860328224283735
682,819,1501,0.1286264228695542
687,814,1501,0.12864406234886655
684,822,1506,0.12864824592411617
682,814,1496,0.1286592217753776
686,818,1504,0.12867539618342555
686,817,1503,0.1286778047654108
702,814,1516,0.12867985401490073
708,823,1531,0.1286434483410262
700,819,1519,0.12859423439345374
696,822,1518,0.1285699493227067
691,822,1513,0.12855670165167915
691,817,1508,0.12855831469467074
698,807,1505,0.12855916226368208
696,819,1515,0.1285457802993576
696,817,1513,0.1285366235100499
698,822,1520,0.1285269520632265
698,815,1513,0.1285134908311789
694,817,1511,0.12850195138783893
682,818,1500,0.12850176010193887
687,815,1502,0.12852964715217116
692,813,1505,0.12854376061937495
685,816,1501,0.12854263972666963
678,828,1506,0.1285592697955482
685,831,1516,0.12859196792220678
687,836,1523,0.12860816821343266
693,827,1520,0.12861770776991732
685,826,1511,0.12861212253925808
671,827,1498,0.12862675443916238
674,833,1507,0.12867210493964687
675,830,1505,0.12870663817623967
684,823,1507,0.12873695063691126
670,841,1511,0.1287432776253272
665,841,1506,0.1287843511271924
672,843,1515,0.12883051185040637
671,842,1513,0.1288588010161568
677,846,1523,0.12888634543934402
670,846,1516,0.12889714695742152
672,852,1524,0.1289250972263892
671,837,1508,0.1289490479540692
678,841,1519,0.12897178627958095
674,841,1515,0.12897503472124913
669,850,1519,0.12898864383841246
675,840,1515,0.12901119059877866
665,835,1500,0.12902079259786234
676,840,1516,0.1290537938401462
676,844,1520,0.12905832841931436
674,845,1519,0.12906169368234624
676,845,1521,0.12906783350773668
671,838,1509,0.12907036599730282
670,843,1513,0.12908500586806784
669,844,1513,0.1291011329892153
665,844,1509,0.12911825104608493
661,840,1501,0.12914347329683334
660,850,1510,0.12917871123305014
656,848,1504,0.12921605410324438
653,849,1502,0.1292579097101996
658,846,1504,0.12930289971807965
652,846,1498,0.1293351638122537
653,841,1494,0.12937813815109528
659,844,1503,0.1294156972424387
650,846,1496,0.1294327047225597
658,846,1504,0.1294688442630091
651,847,1498,0.12948257324227924
643,841,1484,0.12951141360651577
650,849,1499,0.1295575982091652
665,847,1512,0.12958507608358769
661,843,1504,0.12957545744227153
663,846,1509,0.12957430605814707
662,849,1511,0.12956728788687208
659,847,1506,0.12956471955181875
659,853,1512,0.12957147911796651
656,855,1511,0.12957648653530396
659,848,1507,0.1295901093256634
659,848,1507,0.12959572881448322
659,854,1513,0.1296021339840136
672,853,1525,0.12960880111310968
674,843,1517,0.1295814818203838
667,852,1519,0.1295500877789666
669,851,1520,0.12953858417946196
663,849,1512,0.12952382173907384
655,848,1503,0.1295236624352517
661,853,1514,0.12954314314405063
670,851,1521,0.12954517482254904
657,855,1512,0.12952496591761675
652,849,1501,0.1295372987659324
660,853,1513,0.12956063647197674
659,854,1513,0.1295668347642197
654,860,1514,0.129574248095334
660,853,1513,0.12959376674001738
664,846,1510,0.12959878402037853
657,847,1504,0.12959362773698196
668,851,1519,0.12960511680795084
665,853,1518,0.12958818561814434
651,859,1510,0.12957947481296414
650,867,1517,0.12960411028160904
650,856,1506,0.12963238459007453
652,850,1502,0.12965791623492337
651,846,1497,0.12967943842802981
643,855,1498,0.12970198051462287
636,856,1492,0.12974139733847248
634,869,1503,0.12979181449279367
642,865,1507,0.12984507391978908
647,859,1506,0.12987294611871453
643,863,1506,0.12988847176500376
632,864,1496,0.12991183654474348
633,873,1506,0.129959058381582
638,878,1516,0.1299995831997506
641,877,1518,0.1300260408879774
637,870,1507,0.13004457259957494
639,872,1511,0.13007196510717278
641,873,1514,0.13009430101668898
636,869,1505,0.13010916815300036
624,864,1488,0.13013541224133524
626,879,1505,0.13018820983664992
630,880,1510,0.1302314597109337
634,879,1513,0.13025983307434014
631,881,1512,0.13027628218172993
626,887,1513,0.1303017335141672
633,883,1516,0.13033776890678223
630,884,1514,0.13035074140547886
635,878,1513,0.1303710037810226
638,865,1503,0.13037865133363272
631,876,1507,0.1303786304841286
625,867,1492,0.130396998195392
626,870,1496,0.13042288616390263
627,879,1506,0.13044512636839162
629,877,1506,0.13046319670679135
628,879,1507,0.13047751772955402
629,873,1502,0.13049336903529496
616,872,1488,0.13050686931075878
615,875,1490,0.13055153840658673
609,884,1493,0.13059321902925827
615,886,1501,0.13064466194081048
616,879,1495,0.1306797220977706
623,890,1513,0.13071187083313607
625,899,1524,0.13072607343559053
624,897,1521,0.13073472744627104
628,887,1515,0.13074412901050017
622,890,1512,0.1307433874880833
621,898,1519,0.13075517920142005
610,895,1505,0.130766916674082
611,902,1513,0.13080524098107102
616,903,1519,0.1308380491888147
609,894,1503,0.1308593981766449
617,896,1513,0.13089851283836534
611,890,1501,0.1309147941741805
602,900,1502,0.13094533816376858
602,905,1507,0.1309965152606506
601,916,1517,0.13104533030950752
599,905,1504,0.1310932332787305
600,908,1508,0.13113771462382834
582,916,1498,0.13117809771527156
583,916,1499,0.13125708340450212
587,919,1506,0.13132725091465594
592,912,1504,0.1313844800290541
592,906,1498,0.13142515734237686
592,902,1494,0.13146514347154845
599,909,1508,0.13150197180624904
604,921,1525,0.13151772012344537
609,915,1524,0.13151962505478254
611,904,1515,0.13151010361792545
606,908,1514,0.13149819745707994
602,914,1516,0.13149821186800126
597,911,1508,0.13150848985566457
603,909,1512,0.13152900954150915
600,909,1509,0.131534192300588
602,902,1504,0.13154602663150047
594,906,1500,0.1315510333251051
586,909,1495,0.13157416127906557
588,907,1495,0.13161706507231294
600,909,1509,0.13164897494716563
598,898,1496,0.13165101286366862
606,894,1500,0.1316548330944406
606,897,1503,0.13163820473051094
605,903,1508,0.13162275005305715
608,912,1520,0.13161284270739032
608,906,1514,0.1315986522097668
602,911,1513,0.13158675193006408
603,909,1512,0.1315907159429267
607,907,1514,0.13159282700872954
610,911,1521,0.13158503682373848
609,909,1518,0.13157097773693216
603,907,1510,0.13156150482739185
597,910,1507,0.13156805624959741
594,908,1502,0.13158969722917985
587,904,1491,0.13161352665309625
586,906,1492,0.13165363078065145
595,896,1491,0.13169314134547971
597,900,1497,0.1317086137289362
593,903,1496,0.1317180030789945
600,905,1505,0.1317377366061046
593,922,1515,0.1317375393465074
589,924,1513,0.13175473033560553
590,927,1517,0.13177926773464477
585,924,1509,0.13180157342112353
584,914,1498,0.13183666384707057
581,919,1500,0.1318716547650704
580,921,1501,0.1319108293298007
578,922,1500,0.1319473805221834
585,921,1506,0.13198577357542532
584,918,1502,0.132005358435815
582,921,1503,0.1320262120260898
580,920,1500,0.1320487242801138
575,917,1492,0.1320775129734748
577,927,1504,0.13211399211131958
578,934,1512,0.1321426844661053
575,939,1514,0.1321653784720649
569,940,1509,0.13219530466849647
571,932,1503,0.13223800271013814
574,929,1503,0.13227574131382105
574,945,1519,0.13230287010436514
570,941,1511,0.1323283995271848
574,944,1518,0.1323640004667267
557,932,1489,0.1323886209885478
558,940,1498,0.13245344081639898
566,959,1525,0.13251075690906094
559,952,1511,0.1325423395572947
557,953,1510,0.13258957193805548
554,953,1507,0.13263961764898086
554,958,1512,0.132695802930093
550,963,1513,0.13274959095216418
541,963,1504,0.1328077586329014
545,969,1514,0.1328831153036522
552,964,1516,0.13294365334780728
556,955,1511,0.1329830324641017
552,954,1506,0.13300996798258657
562,952,1514,0.1330436326296712
565,955,1520,0.13305068326064437
563,961,1524,0.1330494286454522
567,955,1522,0.13305390818743906
573,959,1532,0.1330472023672773
568,952,1520,0.13302702094306798
566,951,1517,0.13302101561336543
565,955,1520,0.13302155317756884
556,953,1509,0.13302689886945573
553,946,1499,0.1330532464639396
547,943,1490,0.13308579732027204
540,937,1477,0.13313041637756068
541,951,1492,0.1331874000613393
544,952,1496,0.13323822008273958
547,959,1506,0.13327716179365137
548,971,1519,0.13330610343290744
549,954,1503,0.13333006159820285
539,941,1480,0.13334859670799878
536,942,1478,0.1333886932793455
540,953,1493,0.13343363010950854
547,952,1499,0.13346340747658078
546,956,1502,0.13347401243979234
543,959,1502,0.13348752570942893
543,965,1508,0.13350805854458112
542,958,1500,0.13352923803416186
544,967,1511,0.13354863888847365
538,963,1501,0.13356162561795126
534,955,1489,0.13358783610462044
539,959,1498,0.13362033874986767
545,957,1502,0.13363904980219565
547,949,1496,0.13364338495471653
554,957,1511,0.133643393535222
548,953,1501,0.1336252751274288
558,947,1505,0.13362354509705793
557,960,1517,0.13359819373587592
550,968,1518,0.13357597427498372
542,966,1508,0.13357609886554742
543,975,1518,0.1335973235922285
542,970,1512,0.1336153806456948
544,967,1511,0.13363439004355343
545,961,1506,0.13364547268042956
540,965,1505,0.13365533045364633
546,967,1513,0.13367654649368027
543,974,1517,0.1336817129285575
537,979,1516,0.13369295353891125
538,974,1512,0.13371896770083114
539,977,1516,0.13374042191241917
540,979,1519,0.1337569959547734
539,984,1523,0.13377056395721365
537,982,1519,0.1337869564359836
535,981,1516,0.13380608710030426
538,978,1516,0.13383012415713924
534,978,1512,0.13384625422678853
524,980,1504,0.1338730691034563
524,984,1508,0.13392232514902247
524,982,1506,0.1339676426871845
521,960,1481,0.13400880998812986
526,964,1490,0.1340528939711256
526,982,1508,0.13408021069260725
532,987,1519,0.13410600018885027
530,988,1518,0.13411539057702193
531,988,1519,0.1341272138294012
532,981,1513,0.13413736087233244
527,982,1509,0.13414661182833015
533,980,1513,0.1341674614259065
533,971,1504,0.13417015007238445
535,978,1513,0.1341743963604059
531,979,1510,0.13417269633461218
532,984,1516,0.1341796675637931
524,982,1506,0.1341862169758927
529,978,1507,0.13421081253987743
526,980,1506,0.13422255651295179
532,978,1510,0.13423697128882794
536,980,1516,0.13423533191465697
533,984,1517,0.13422193878498437
527,978,1505,0.13421879210052423
520,969,1489,0.13423124168927944
512,987,1499,0.1342604242076558
509,995,1504,0.13430525843839286
510,994,1504,0.13435295018093352
504,997,1501,0.13439605242041935
502,990,1492,0.13444932232839538
507,997,1504,0.13450583317400766
510,999,1509,0.13454565032046362
503,1004,1507,0.13457799581592633
498,1009,1507,0.13462661489920258
494,1008,1502,0.13468507191058912
495,1014,1509,0.1347471616264729
496,1022,1518,0.13480129713223218
493,1018,1511,0.13484900065259192
488,1004,1492,0.13489995376593458
485,1019,1504,0.13495910067202252
486,1012,1498,0.13501839800160778
490,1014,1504,0.1350702990694131
490,1020,1510,0.1351089907396647
494,1017,1511,0.13514344468285977
498,1019,1517,0.13516745738476943
490,1016,1506,0.13517990676216127
485,1020,1505,0.13521184020840518
485,1026,1511,0.13525466197490435
486,1035,1521,0.13529691141955927
479,1032,1511,0.1353347530814989
470,1031,1501,0.13538740918317463
464,1034,1498,0.13545638403437088
456,1028,1484,0.135536252426368
461,1032,1493,0.13562850006131844
470,1025,1495,0.1356998052022449
469,1026,1495,0.13574410666774506
462,1034,1496,0.1357876527911323
463,1032,1495,0.13584401100426052
466,1026,1492,0.1358931155613831
464,1037,1501,0.1359316668343731
464,1043,1507,0.1359738146829252
466,1046,1512,0.13601343571346977
463,1043,1506,0.13604591911824354
466,1042,1508,0.13608525379281583
471,1048,1519,0.13611435558903104
470,1042,1512,0.13613016190328422
460,1040,1500,0.13614833509580365
464,1049,1513,0.13618925341977575
465,1048,1513,0.13621690340486312
473,1045,1518,0.1362427031820315
475,1052,1527,0.13624913151109103
468,1050,1518,0.13624928962438948
470,1052,1522,0.13626852816253282
469,1047,1516,0.13628155661410268
467,1059,1526,0.13629744185768683
463,1067,1530,0.13631559775326932
462,1063,1525,0.1363422316984125
461,1055,1516,0.13637052182259363
457,1045,1502,0.1364002639897546
452,1041,1493,0.13643757622150957
452,1061,1513,0.13648522460167745
455,1069,1524,0.13652806943121884
454,1073,1527,0.13655978082260511
458,1072,1530,0.13659313143128046
451,1070,1521,0.13661539304846593
453,1071,1524,0.13665471262283005
451,1061,1512,0.13668688111018426
448,1061,1509,0.13672018606613595
448,1052,1500,0.1367579581700676
449,1041,1490,0.1367943888869406
452,1039,1491,0.13682644353765297
452,1040,1492,0.13685068584777008
462,1044,1506,0.13687264844263283
461,1048,1509,0.13686867061356328
455,1052,1507,0.13686790495145978
456,1064,1520,0.13688041514559182
461,1063,1524,0.13689087636757924
451,1055,1506,0.13688816903191525
449,1067,1516,0.13691109995023176
448,1068,1516,0.13693853830326558
444,1074,1518,0.13696798276640723
438,1066,1504,0.1370076382405287
439,1065,1504,0.1370568781294076
439,1064,1503,0.13710030297300277
441,1061,1502,0.13714201739353846
442,1062,1504,0.13717548296723517
435,1060,1495,0.13720354713665983
432,1053,1485,0.13724631192927675
438,1055,1493,0.13729160445286648
441,1058,1499,0.13732058545866357
443,1060,1503,0.13734070108460641
444,1069,1513,0.13735448640010883
443,1072,1515,0.13736553715996394
442,1081,1523,0.13737850916795483
445,1068,1513,0.13739040046066098
443,1052,1495,0.13739378621975273
452,1069,1521,0.13740283759183292
444,1061,1505,0.13739024344627634
440,1061,1501,0.13739664548275057
437,1058,1495,0.1374126687357557
442,1062,1504,0.13743514523658867
451,1054,1505,0.13744435699118956
450,1056,1506,0.1374327542368173
443,1070,1513,0.13742438529129947
447,1073,1520,0.13743570273583383
439,1072,1511,0.13743481469071114
440,1070,1510,0.13745369115092942
430,1070,1500,0.13746913050203244
427,1087,1514,0.137507726759121
425,1088,1513,0.13754992485881096
422,1084,1506,0.1375938010712826
416,1080,1496,0.13764232278832503
423,1082,1505,0.1377006911784283
418,1083,1501,0.1377402485475713
415,1078,1493,0.1377886208900243
414,1086,1500,0.137841198081863
419,1076,1495,0.13789068715627606
419,1072,1491,0.13792448164479507
419,1071,1490,0.13795701522899143
417,1087,1504,0.1379891392675501
417,1085,1502,0.13801999484202152
422,1087,1509,0.1380509723226735
421,1081,1502,0.138067846754381
421,1102,1523,0.1380864520535442
418,1098,1516,0.13810323194584628
418,1088,1506,0.138126158179689
422,1083,1505,0.1381474706656888
418,1080,1498,0.13815545717211575
412,1094,1506,0.13817282933696767
405,1097,1502,0.13820483379042273
403,1093,1496,0.13825218504739137
414,1081,1495,0.13830089926776906
420,1093,1513,0.13831894597332284
418,1084,1502,0.13832166594014952
413,1092,1505,0.13833019020564583
409,1094,1503,0.13835046374587334
413,1089,1502,0.13837748508277464
411,1088,1499,0.1383931219673849
408,1094,1502,0.13841445730366772
416,1103,1519,0.1384433875017129
417,1092,1509,0.13845234126930697
429,1090,1519,0.1384570114172696
430,1096,1526,0.13843338483990272
423,1084,1507,0.13840948470570885
423,1082,1505,0.13840469806383016
424,1095,1519,0.13839979346956185
430,1099,1529,0.13839381751016158
427,1097,1524,0.13837269892887347
424,1100,1524,0.13836290865684345
426,1107,1533,0.13836162436970992
422,1111,1533,0.13835438384788934
415,1094,1509,0.13835820278444608
418,1086,1504,0.13837768049924454
414,1087,1501,0.13839022846027565
411,1104,1515,0.13841174250485871
413,1102,1515,0.1384359378308491
413,1100,1513,0.13845550039351376
405,1093,1498,0.13847512878316312
406,1103,1509,0.1385123305842419
407,1107,1514,0.13854406764904983
415,1097,1512,0.1385699509709406
418,1101,1519,0.1385731103466254
418,1114,1532,0.13856969847836378
418,1103,1521,0.13856707293657752
417,1113,1530,0.13856578978732045
419,1107,1526,0.13856748469465302
408,1107,1515,0.13856323381695163
401,1111,1512,0.1385852525143232
407,1119,1526,0.13862302561169926
403,1106,1509,0.1386455998667744
403,1108,1511,0.13867382425378047
404,1108,1512,0.13869874178117272
402,1111,1513,0.1387222664413195
398,1109,1507,0.13874843072143977
389,1112,1501,0.13878454372448162
383,1123,1506,0.13884032302894483
388,1120,1508,0.1389074528787972
391,1133,1524,0.138957512177175
382,1128,1510,0.13899529907659128
380,1117,1497,0.1390513550281195
385,1111,1496,0.13910957832604676
381,1121,1502,0.13915085398165833
381,1134,1515,0.13920093427797464
390,1131,1521,0.1392469243084413
391,1126,1517,0.1392667483787207
390,1125,1515,0.13928263741499383
383,1117,1500,0.13929964460689484
381,1108,1489,0.13933206153130168
385,1126,1511,0.13936690216831318
380,1121,1501,0.1393875141387184
386,1136,1522,0.1394201819474073
387,1137,1524,0.13943740774333102
385,1134,1519,0.13945316229842405
385,1127,1512,0.13946871630032068
388,1111,1499,0.13948172954334417
388,1127,1515,0.13948681043484779
379,1136,1515,0.13948996415036516
376,1136,1512,0.13951569870610175
377,1143,1520,0.13954849227079233
375,1131,1506,0.13957829459024107
370,1130,1500,0.13961203797480828
377,1129,1506,0.13965450726536963
375,1128,1503,0.1396762589649397
374,1139,1513,0.13970275239167684
374,1143,1517,0.1397299928607338
381,1128,1509,0.13975487989760174
377,1137,1514,0.13976109808504528
378,1134,1512,0.13977604767362284
371,1126,1497,0.13978720648022336
376,1127,1503,0.1398153424973529
376,1114,1490,0.139830281292199
379,1125,1504,0.13984247290900473
374,1122,1496,0.13984687474716695
368,1122,1490,0.13986385206002655
366,1131,1497,0.13989444176864774
370,1129,1499,0.1399258644840657
364,1137,1501,0.13994681549679008
370,1146,1516,0.1399810496415315
365,1140,1505,0.13999587430068852
358,1148,1506,0.14002049348549783
362,1152,1514,0.14006054530973341
362,1148,1510,0.140087869637165
358,1148,1506,0.14011506003941177
364,1149,1513,0.1401508053790408
363,1150,1513,0.14017049903154588
358,1156,1514,0.14019283509932237
353,1153,1506,0.14022670969499043
355,1160,1515,0.1402699090510622
352,1156,1508,0.14030623291368516
350,1153,1503,0.1403478492258195
358,1161,1519,0.14039039462287095
356,1162,1518,0.1404091774737109
359,1154,1513,0.1404295498585697
363,1168,1531,0.14044073635112714
363,1174,1537,0.1404436046705297
354,1167,1521,0.14044766668589703
354,1171,1525,0.1404726314686816
351,1176,1527,0.1404978021841969
351,1165,1516,0.14053038999539783
345,1169,1514,0.14055902705344892
349,1163,1512,0.14060109728213363
347,1156,1503,0.14062988319409608
351,1164,1515,0.1406620376794845
347,1173,1520,0.14068146259482928
344,1166,1510,0.14071002329935223
337,1154,1491,0.1407444094294001
343,1157,1500,0.1407924931353181
340,1166,1506,0.1408225166455308
339,1159,1498,0.14085675931105981
344,1169,1513,0.1408903399171642
345,1172,1517,0.14090916780337717
342,1165,1507,0.1409254035826705
338,1176,1514,0.14094636080429
337,1177,1514,0.14097601926116696
336,1179,1515,0.14100469182069053
344,1175,1519,0.14103353350555772
348,1173,1521,0.14104340934909687
343,1161,1504,0.1410444093196005
341,1170,1511,0.14105661727430474
339,1162,1501,0.1410721612495045
334,1173,1507,0.14109176825454692
339,1172,1511,0.1411246834358266
335,1180,1515,0.14114455834112408
333,1176,1509,0.14117255308227872
331,1176,1507,0.1412041365100094
333,1182,1515,0.14123817440730568
337,1185,1522,0.14126444619569567
341,1185,1526,0.14128074540882263
337,1180,1517,0.14128738421549586
334,1178,1512,0.1413016982519311
340,1191,1531,0.1413227267845436
333,1181,1514,0.14132783287922104
330,1189,1519,0.14134855598000104
329,1186,1515,0.14137500032465825
330,1191,1521,0.14140148381182302
330,1178,1508,0.14142448995325224
325,1175,1500,0.1414452992761407
326,1181,1507,0.1414771352929753
330,1177,1507,0.14150434267163411
333,1186,1519,0.141518759914887
331,1187,1518,0.14152593704637728
328,1176,1504,0.14153887840162302
326,1163,1489,0.1415598819736933
328,1175,1503,0.14158417165546178
334,1182,1516,0.14160416199844736
330,1182,1512,0.14160881008984624
330,1192,1522,0.14162190571917577
328,1185,1513,0.14163467442140695
326,1191,1517,0.1416506159175195
324,1201,1525,0.14167096870641108
332,1197,1529,0.14169288426705265
330,1198,1528,0.1416957600084092
327,1189,1516,0.14170366656408276
326,1186,1512,0.1417193167941541
327,1184,1511,0.14173551770394915
316,1192,1508,0.1417456161902123
313,1190,1503,0.14177832038601296
320,1193,1513,0.14181694809767229
316,1201,1517,0.14183568505448302
307,1194,1501,0.14186315519372958
310,1188,1498,0.14190949233160013
306,1184,1490,0.14194538940130041
306,1195,1501,0.14198932047501533
312,1187,1499,0.14203104827780894
313,1194,1507,0.14205564056352615
313,1200,1513,0.14207734559312094
316,1197,1513,0.14209822890153412
314,1194,1508,0.14211037540612195
314,1196,1510,0.14212370352770037
312,1199,1511,0.1421371562841035
318,1187,1505,0.14215382096507986
322,1190,1512,0.1421567484113308
319,1191,1510,0.14214804554599592
324,1190,1514,0.14214844991764874
324,1187,1511,0.14213631559594628
321,1179,1500,0.1421248365206166
317,1164,1481,0.14212240191999
316,1171,1487,0.14213039595507204
316,1195,1511,0.14214082508991827
319,1185,1504,0.1421511375336121
323,1186,1509,0.1421536332257778
318,1176,1494,0.14214558134946667
315,1186,1501,0.14215063193152097
310,1192,1502,0.14216308486299048
311,1193,1504,0.14218724070826572
312,1193,1505,0.1422043752232031
313,1205,1518,0.14221821326627573
324,1198,1522,0.1422271705474972
324,1197,1521,0.14220903704735424
312,1202,1514,0.14219305592423
308,1193,1501,0.142206901673396
304,1204,1508,0.1422313251115179
297,1206,1503,0.14226512698422156
298,1220,1518,0.1423149179893368
297,1222,1519,0.14235940044938078
293,1210,1503,0.14240272562153458
296,1210,1506,0.1424526196598051
290,1215,1505,0.14249202053710308
297,1224,1521,0.14254271302340613
299,1211,1510,0.1425750375535494
296,1222,1518,0.14259742327428274
293,1225,1518,0.14262566919640965
297,1223,1520,0.142660455349471
293,1223,1516,0.14268252237518914
293,1220,1513,0.14271249945512188
299,1212,1511,0.14274077478504543
296,1201,1497,0.14275213494979272
296,1201,1497,0.14276994023461234
297,1208,1505,0.14278614708932852
295,1208,1503,0.142798816874555
294,1220,1514,0.14281398114272212
299,1217,1516,0.14283056825805396
299,1214,1513,0.14283634208888865
295,1224,1519,0.14284061857787222
294,1217,1511,0.14285375214441803
294,1218,1512,0.14286991123696702
292,1214,1506,0.14288526997493828
294,1218,1512,0.14290491761029783
291,1211,1502,0.14291938301306928
293,1216,1509,0.1429407809747065
287,1216,1503,0.14295732636249397
281,1217,1498,0.14298646859092456
285,1222,1507,0.14302824804848796
279,1229,1508,0.14305701252252573
279,1229,1508,0.1430992366338337
285,1230,1515,0.14314100598845958
278,1226,1504,0.143164167090924
283,1224,1507,0.1432017300156733
280,1228,1508,0.14322467783345394
287,1223,1510,0.14325290983586508
292,1223,1515,0.1432625417715046
288,1227,1515,0.1432595745394127
290,1214,1504,0.14326594148574254
286,1222,1508,0.14326410114340155
288,1218,1506,0.14327213423903504
287,1233,1520,0.1432736027768636
289,1232,1521,0.14327669173550522
289,1224,1513,0.14327411610383586
287,1220,1507,0.14327357432588442
288,1222,1510,0.14327833207236895
288,1218,1506,0.1432815197184962
286,1212,1498,0.14328536462093563
286,1206,1492,0.1432933857443044
291,1205,1496,0.14330110023458675
289,1201,1490,0.14329481108509134
285,1207,1492,0.14329463990457367
288,1213,1501,0.1433048462296408
283,1229,1512,0.14330558663493645
275,1222,1497,0.14331842050487545
277,1228,1505,0.14335138917921053
281,1225,1506,0.14337777665126336
290,1230,1520,0.14339130344383072
287,1234,1521,0.1433818553302931
282,1248,1530,0.1433812833367753
281,1236,1517,0.14339378537375191
282,1240,1522,0.14340834943530187
282,1242,1524,0.14342077051782187
284,1230,1514,0.14343173540397866
285,1231,1516,0.1434379213051223
283,1235,1518,0.14343897024739902
288,1228,1516,0.14344266893084598
286,1222,1508,0.14343361731950163
289,1233,1522,0.1434309611999594
285,1224,1509,0.14342192134394904
280,1224,1504,0.14342256235679735
277,1229,1506,0.1434337131458804
284,1230,1514,0.14345073760027613
289,1234,1523,0.14345105168720493
286,1231,1517,0.143437945575828
289,1227,1516,0.14343371906155983
286,1236,1522,0.14342322977823013
286,1227,1513,0.14342146536866415
285,1229,1514,0.14341962306526146
286,1228,1514,0.14341885534746157
283,1232,1515,0.14341634764655364
284,1214,1498,0.14342014146897422
280,1218,1498,0.1434209984738423
282,1225,1507,0.14343138360833915
281,1244,1525,0.14343768837999554
275,1241,1516,0.14344561588847285
273,1241,1514,0.14346838707057008
272,1233,1505,0.14349497887020773
271,1234,1505,0.1435223527294018
268,1229,1497,0.1435503586252917
274,1232,1506,0.14358371564673533
277,1255,1532,0.14360251815793298
281,1244,1525,0.14361361241165232
279,1241,1520,0.14361555845258558
279,1237,1516,0.14362193441913465
275,1243,1518,0.1436268134045771
274,1235,1509,0.14364169787157918
274,1229,1503,0.14365658326124062
279,1224,1503,0.14366991830145673
279,1231,1510,0.14366924416482924
276,1231,1507,0.14366858615372283
275,1222,1497,0.14367578806296308
277,1228,1505,0.14368499081291528
279,1247,1526,0.14368607505193304
275,1249,1524,0.14368363626565547
275,1246,1521,0.14369225828905705
275,1244,1519,0.1436990615783876
277,1248,1525,0.1437077572155944
277,1249,1526,0.14371048249038712
281,1254,1535,0.1437115394772676
278,1251,1529,0.14370292673375787
275,1247,1522,0.1437031383084968
272,1252,1524,0.1437108048472721
265,1249,1514,0.1437256333369537
270,1252,1522,0.1437553768978853
273,1237,1510,0.14377247072311206
275,1247,1522,0.14378094987015871
274,1247,1521,0.14378398451687086
267,1242,1509,0.14379016282592402
260,1237,1497,0.14381416593991753
263,1241,1504,0.1438519586337508
265,1250,1515,0.143879998692528
260,1250,1510,0.14390066569186283
258,1256,1514,0.14393147927482602
260,1247,1507,0.14396536330812484
255,1244,1499,0.1439906011840802
261,1248,1509,0.14402440174921313
256,1262,1518,0.1440407950076479
258,1266,1524,0.14406738626238116
258,1261,1519,0.1440886086437969
257,1261,1518,0.1441105228853251
258,1276,1534,0.14413386213141133
255,1276,1531,0.1441549886812514
256,1277,1533,0.14418115847584156
254,1282,1536,0.14420340455130204
253,1278,1531,0.14422990943290795
251,1279,1530,0.14425896422506723
247,1276,1523,0.1442903005616928
245,1277,1522,0.144328169862002
248,1278,1526,0.14436865550737943
248,1274,1522,0.144400251665741
247,1266,1513,0.14443004745561133
247,1282,1529,0.1444608070294446
246,1268,1514,0.14448786276699377
252,1267,1519,0.14451589681200833
250,1276,1526,0.14452729542180764
246,1271,1517,0.14454206102888403
247,1257,1504,0.14456473986989596
247,1255,1502,0.1445842491650655
238,1269,1507,0.14460205012437397
244,1281,1525,0.1446402668497289
244,1285,1529,0.14466143818140573
246,1288,1534,0.14467952152965208
240,1279,1519,0.1446921548911044
235,1268,1503,0.14471940819901022
242,1272,1514,0.14475616164613503
241,1272,1513,0.14477146094666513
242,1273,1515,0.14478912300215283
238,1276,1514,0.1448046194591443
239,1276,1515,0.14482749616314244
233,1276,1509,0.14484537720936047
239,1288,1527,0.14487757311639818
236,1290,1526,0.14489256097926034
232,1278,1510,0.14491453384328765
229,1289,1518,0.14494571919040466
228,1284,1512,0.14498249717881584
227,1279,1506,0.1450200789023968
225,1279,1504,0.14505856556329252
225,1275,1500,0.14509959051005294
221,1273,1494,0.14513766836605332
222,1281,1503,0.14517996526104351
221,1291,1512,0.1452176018801627
227,1286,1513,0.14525580358545162
227,1283,1510,0.14527702441651344
221,1285,1506,0.1452979012347425
221,1280,1501,0.14533067891087995
218,1280,1498,0.14536263223744442
221,1285,1506,0.14539737788574214
224,1295,1519,0.14542132799278817
222,1289,1511,0.14543687800787933
223,1292,1515,0.145455559581144
222,1287,1509,0.14547118705541728
221,1289,1510,0.1454884768702623
217,1294,1511,0.14550694231722278
216,1290,1506,0.14553303947858745
219,1299,1518,0.1455605105516495
218,1303,1521,0.1455793366920466
217,1306,1523,0.14559930292026735
219,1318,1537,0.14562060175605868
216,1319,1535,0.14563652871869404
216,1304,1520,0.1456582444117747
212,1306,1518,0.14567960596083462
204,1294,1498,0.14570980981755388
207,1307,1514,0.14575692527775863
202,1309,1511,0.14579330985548114
204,1303,1507,0.14584013446026683
209,1302,1511,0.14587973029797693
205,1319,1524,0.14590402179460157
206,1298,1504,0.14593654812046336
206,1308,1514,0.14596428843828446
204,1305,1509,0.1459910395236303
199,1308,1507,0.14602171420286564
200,1321,1521,0.14606227905237093
195,1312,1507,0.14609689412078844
191,1327,1518,0.1461416162964438
193,1333,1526,0.14619188628009072
196,1325,1521,0.14623483153042321
197,1326,1523,0.14626810117072486
194,1336,1530,0.14629690824208572
192,1330,1522,0.1463290469750917
193,1322,1515,0.1463637096138579
194,1325,1519,0.1463941595015757
190,1338,1528,0.14642119924462907
196,1344,1540,0.14645680054717855
192,1329,1521,0.1464759748500594
188,1316,1504,0.14650449410601532
183,1329,1512,0.14654065020982704
177,1344,1521,0.14658675878469338
178,1336,1514,0.14664357323940494
186,1328,1514,0.14669533930131232
186,1319,1505,0.14672465171912846
187,1323,1510,0.14675025013440185
188,1326,1514,0.14677170854489302
190,1311,1501,0.14678835674952612
194,1327,1521,0.14679889853730985
196,1324,1520,0.14679884692070463
195,1320,1515,0.14679476522877707
190,1324,1514,0.14679405472739393
189,1327,1516,0.14680529080317994
188,1326,1514,0.14681939458848928
187,1321,1508,0.14683515399799668
188,1335,1523,0.14685264742576334
182,1332,1514,0.146866968660098
183,1326,1509,0.14689487330168824
180,1338,1518,0.1469192847096673
179,1338,1517,0.146950648182956
179,1336,1515,0.14698218951981587
180,1349,1529,0.147012068764067
177,1350,1527,0.14703879308489762
172,1341,1513,0.1470712396234867
170,1337,1507,0.14711158533464097
171,1337,1508,0.14715427659427266
175,1344,1519,0.14719159212020014
174,1333,1507,0.14721739908166057
173,1342,1515,0.14724397318852894
174,1349,1523,0.14727090038154003
172,1339,1511,0.1472928378111355
176,1339,1515,0.14731834061548876
177,1336,1513,0.1473331122596273
175,1341,1516,0.14734452045765792
176,1349,1525,0.14735984368850588
175,1351,1526,0.14737241868965337
174,1345,1519,0.14738737111194478
173,1345,1518,0.14740444890549192
168,1353,1521,0.147422119081022
168,1347,1515,0.14745098805485163
164,1342,1506,0.1474766100377133
166,1337,1503,0.14751097450958692
165,1344,1509,0.1475391863377986
165,1344,1509,0.1475678199028076
165,1344,1509,0.14759470361294422
164,1346,1510,0.14762005400462253
164,1354,1518,0.1476448814793757
159,1362,1521,0.14766798804314302
159,1369,1528,0.14770008449561547
162,1363,1525,0.14773134407617797
158,1349,1507,0.1477538227760704
158,1368,1526,0.14778433615154418
162,1370,1532,0.14781220957084593
159,1368,1527,0.14782790250395
157,1368,1525,0.1478503445325067
161,1369,1530,0.1478758320770612
164,1362,1526,0.1478892325096005
160,1356,1516,0.14789457728758953
159,1359,1518,0.14790917892625283
159,1359,1518,0.1479257502806441
161,1344,1505,0.1479420781463714
156,1349,1505,0.14795332154435165
153,1367,1520,0.14797596955754458
152,1361,1513,0.14800181401365553
152,1366,1518,0.14802950037326568
151,1372,1523,0.1480566124533172
148,1373,1521,0.14808401552058634
151,1361,1512,0.1481173164974382
150,1368,1518,0.1481417652695619
153,1363,1516,0.14816714746948711
155,1350,1505,0.1481826391842928
155,1353,1508,0.14819319643095097
151,1356,1507,0.14820139069862576
152,1356,1508,0.14821785600239112
153,1368,1521,0.1482310418664444
152,1370,1522,0.1482394777055556
150,1369,1519,0.1482500810029107
150,1361,1511,0.14826715418292447
147,1364,1511,0.14828416872699068
146,1349,1495,0.14830650593768652
144,1349,1493,0.14832896547612365
146,1358,1504,0.14835359654597885
148,1356,1504,0.14837048249734447
151,1366,1517,0.14838207927626987
151,1377,1528,0.14838581115718247
152,1371,1523,0.14838965720155708
153,1367,1520,0.14839139242132646
153,1376,1529,0.14839192242342963
154,1375,1529,0.14839249877074145
154,1371,1525,0.14838980068957486
154,1364,1518,0.14838846332381564
151,1377,1528,0.1483880396485829
153,1370,1523,0.14839579964166738
152,1358,1510,0.14839804521782113
146,1357,1503,0.1484027679914112
142,1363,1505,0.14842118173106705
146,1367,1513,0.14844800644912998
141,1371,1512,0.1484634786713582
142,1359,1501,0.1484886848757501
142,1361,1503,0.1485096824169295
143,1373,1516,0.1485301557394383
140,1364,1504,0.14854771612241405
136,1367,1503,0.1485717261062135
136,1371,1507,0.1486037854114694
133,1373,1506,0.14863420702632357
137,1386,1523,0.14866980646535566
135,1387,1522,0.14869345308783083
133,1390,1523,0.1487198093782719
133,1384,1517,0.14874981584763058
132,1394,1526,0.14877769980798955
135,1398,1533,0.1488054625365136
133,1392,1525,0.14882247893485526
130,1389,1519,0.1488439217667332
133,1389,1522,0.14887120400597875
135,1382,1517,0.1488900322606252
134,1389,1523,0.14890325335088253
135,1385,1520,0.14891827150378367
134,1372,1506,0.1489294263362798
133,1367,1500,0.14894253558227702
132,1372,1504,0.14895771866848956
135,1378,1513,0.14897491978735034
133,1371,1504,0.1489847886286201
129,1382,1511,0.14899857050174223
129,1386,1515,0.14902047515513378
129,1380,1509,0.14904163998097603
132,1387,1519,0.14905839542541013
133,1395,1528,0.14906763720561425
134,1382,1516,0.14907302470010003
133,1374,1507,0.14907669948346444
136,1374,1510,0.14908371878106588
136,1395,1531,0.14908247929875215
135,1396,1531,0.1490798237944962
136,1378,1514,0.1490803047659569
133,1383,1516,0.1490778752578777
136,1379,1515,0.14908221334982433
137,1375,1512,0.14908003236011447
136,1379,1515,0.14907533845766813
134,1385,1519,0.14907290080847926
132,1383,1515,0.14907551675165692
135,1385,1520,0.1490843312515435
135,1389,1524,0.14908492295698816
136,1396,1532,0.14908483268663558
135,1396,1531,0.1490818584729261
134,1404,1538,0.1490827852254371
135,1395,1530,0.14908556148778884
132,1385,1517,0.14908609804846207
137,1384,1521,0.1490918361808697
136,1368,1504,0.14908465176525995
134,1374,1508,0.14908079541021008
131,1378,1509,0.1490826653045714
125,1374,1499,0.14909211813530937
127,1380,1507,0.1491149598043292
123,1382,1505,0.14913030560116386
124,1381,1505,0.14915435739164978
123,1378,1501,0.1491757904070754
122,1386,1508,0.14919704997043579
126,1399,1525,0.14921869915130784
126,1391,1517,0.1492297800112515
123,1393,1516,0.14924030315379666
124,1392,1516,0.14925776245821207
122,1388,1510,0.1492726123303352
122,1385,1507,0.14929168433397905
123,1396,1519,0.14930953707097624
126,1393,1519,0.1493240439931287
128,1376,1504,0.14932994516904954
130,1392,1522,0.14932950734092
128,1386,1514,0.14932440844476563
130,1399,1529,0.1493250785902106
131,1388,1519,0.14932132115722538
133,1398,1531,0.14931569864311267
131,1397,1528,0.14930627312410386
130,1395,1525,0.14930298501019473
128,1386,1514,0.1493026602349976
127,1373,1500,0.1493065539807531
130,1378,1508,0.14931241077324559
130,1381,1511,0.14931161233455736
127,1383,1510,0.1493104592963383
130,1378,1508,0.1493167007914808
132,1373,1505,0.14931494005851642
130,1387,1517,0.1493092423371375
126,1388,1514,0.14930816163911015
125,1385,1510,0.14931730194704942
124,1401,1525,0.1493286944833391
127,1396,1523,0.14934146022272402
125,1395,1520,0.1493453985846994
124,1395,1519,0.14935469923911843
124,1402,1526,0.1493648440278389
126,1401,1527,0.1493741831136306
126,1400,1526,0.14937817748868432
129,1396,1525,0.1493825678895888
128,1390,1518,0.14938016496585466
123,1399,1522,0.14938086187864538
124,1402,1526,0.14939299854477833
123,1386,1509,0.1494027283470553
120,1399,1519,0.1494147755227061
114,1405,1519,0.14943295784845262
112,1402,1514,0.1494640566360265
112,1393,1505,0.14949599142400366
112,1394,1506,0.1495261826841403
113,1403,1516,0.14955400317993117
107,1396,1503,0.14957793549361667
109,1398,1507,0.14961393289418168
112,1404,1516,0.1496432562740672
114,1405,1519,0.1496639428161556
113,1415,1528,0.1496788358162774
116,1409,1525,0.14969545888784302
113,1403,1516,0.14970356423087736
114,1400,1514,0.14971821508241617
115,1404,1519,0.14972871547040437
115,1389,1504,0.14973675304362566
115,1400,1515,0.14974373176154557
118,1404,1522,0.14974926137307412
115,1410,1525,0.14974690841025765
115,1400,1515,0.1497500146085583
111,1391,1502,0.14975418313111458
111,1389,1500,0.14976743783200014
115,1384,1499,0.1497791317656146
114,1384,1498,0.1497798192338069
114,1409,1523,0.14978367301358983
110,1405,1515,0.14978742440215945
109,1397,1506,0.14979992583293572
107,1385,1492,0.1498138892852922
106,1391,1497,0.14983186928168696
110,1386,1496,0.14985197501694045
114,1392,1506,0.14985995346671369
111,1404,1515,0.14985892797770745
109,1402,1511,0.14986531358863658
109,1404,1513,0.14987612254482727
110,1402,1512,0.1498854200551211
107,1402,1509,0.14989267968139494
110,1418,1528,0.14990669151108288
110,1417,1527,0.1499121996280871
111,1413,1524,0.14991827772574248
110,1420,1530,0.14992201951309034
111,1422,1533,0.1499287522612819
108,1405,1513,0.1499322167510406
105,1411,1516,0.14994244077099136
104,1410,1514,0.14995995810861495
105,1414,1519,0.1499780444651872
104,1400,1504,0.14999160074316978
106,1397,1503,0.15000719584245073
104,1406,1510,0.15001706670876003
106,1404,1510,0.15003067297200265
107,1404,1511,0.15003889721511413
104,1413,1517,0.1500428442990948
105,1411,1516,0.15005465892501996
105,1409,1514,0.15006400394006614
102,1417,1519,0.15007226201646753
101,1414,1515,0.15008695029212077
100,1418,1518,0.15010342431402923
100,1427,1527,0.1501208782390177
100,1424,1524,0.15013793918913318
98,1426,1524,0.15015292998397456
93,1423,1516,0.15017238468051036
98,1427,1525,0.1502022267113486
100,1417,1517,0.15021883310585374
101,1419,1520,0.1502297339266821
102,1420,1522,0.15023699485229908
99,1413,1512,0.15024097566336805
97,1421,1518,0.15025234762147574
95,1412,1507,0.15026817025325603
96,1414,1510,0.15028740456098733
95,1418,1513,0.1503032710956018
93,1410,1503,0.15032036832891374
93,1404,1497,0.1503411040328556
93,1404,1497,0.15035953883153091
95,1420,1515,0.15037736734978252
95,1416,1511,0.1503888971865302
97,1423,1520,0.15039965643236428
96,1421,1517,0.15040547317129316
95,1431,1526,0.15041273657711193
94,1437,1531,0.1504218432611351
94,1422,1516,0.15043216637070256
96,1425,1521,0.15044208785647747
95,1424,1519,0.15044692043168223
93,1424,1517,0.15045410759338823
93,1416,1509,0.15046496309219784
92,1412,1504,0.15047569159699084
93,1402,1495,0.15048808317696527
93,1425,1518,0.15049712703887447
95,1414,1509,0.150505031180532
97,1421,1518,0.15050795809368822
99,1412,1511,0.15050485622969376
96,1428,1524,0.15049659497395665
96,1434,1530,0.15049709623974836
97,1429,1526,0.15049843026730092
96,1428,1524,0.15049698986052806
96,1438,1534,0.15049830845860973
94,1445,1539,0.1504989224613595
93,1442,1535,0.1505043409674147
91,1444,1535,0.15051250625542323
90,1449,1539,0.1505250995200405
93,1437,1530,0.15053884213213972
93,1432,1525,0.15054464767691939
88,1427,1515,0.1505502983142552
87,1432,1519,0.15056731873433307
87,1432,1519,0.15058517995211948
88,1423,1511,0.15060247265450777
89,1436,1525,0.1506163049471635
90,1427,1517,0.1506266628822711
92,1425,1517,0.15063415337872013
96,1423,1519,0.1506359837960684
96,1425,1521,0.15062657193262288
95,1422,1517,0.15061888356701117
96,1418,1514,0.15061465402645388
93,1425,1518,0.15060737784503694
95,1423,1518,0.15060775126875808
94,1417,1511,0.15060449348438096
95,1423,1518,0.15060425240882597
96,1412,1508,0.15060094811533076
94,1422,1516,0.15059585301616119
93,1432,1525,0.15059641150205194
94,1425,1519,0.15060006285892072
93,1435,1528,0.15060095887905856
91,1426,1517,0.1506044596350913
91,1439,1530,0.1506125441046921
95,1436,1531,0.15061982019056633
96,1439,1535,0.15061566239739013
97,1435,1532,0.15061047728145202
92,1424,1516,0.15060394149262496
92,1413,1505,0.15060979698048588
94,1425,1519,0.15061521738464562
91,1420,1511,0.15061545236983784
95,1414,1509,0.15062350729022037
93,1422,1515,0.15062025148498354
94,1436,1530,0.1506231883951219
93,1437,1530,0.15062398643832053
92,1436,1528,0.15062686928204322
92,1429,1521,0.15063229630484115
92,1423,1515,0.1506380096310595
94,1427,1521,0.15064274159920388
96,1419,1515,0.1506416151093842
96,1421,1517,0.15063657152036952
96,1420,1516,0.15063134409601855
94,1420,1514,0.15062601894915845
97,1418,1515,0.15062602484928767
96,1416,1512,0.1506182798831557
97,1415,1512,0.15061383520105667
97,1416,1513,0.1506071676955106
95,1418,1513,0.15059938786560867
95,1428,1523,0.15059694097627208
95,1408,1503,0.15059486528118238
97,1413,1510,0.15059295538898698
97,1431,1528,0.1505870976881045
97,1413,1510,0.15058226089358193
96,1419,1515,0.15057781448541893
97,1411,1508,0.15057635809718056
94,1410,1504,0.15057140178750597
95,1423,1518,0.15057395089210993
93,1418,1511,0.15057359618171906
93,1418,1511,0.15057747162567497
89,1415,1504,0.15058093280027407
90,1424,1514,0.15059365580243342
93,1421,1514,0.15060176447974313
94,1409,1503,0.15060304197873295
88,1415,1503,0.15060264472958915
89,1432,1521,0.15061676721193323
87,1436,1523,0.1506281572270841
87,1422,1509,0.15064367299527445
87,1439,1526,0.15065798883565856
89,1441,1530,0.15067155853536426
87,1424,1511,0.15068024690161133
88,1416,1504,0.15069316129150861
92,1413,1505,0.15070211619622667
93,1421,1514,0.15070081471334076
89,1411,1500,0.15069616682780862
91,1412,1503,0.15070171447174247
90,1422,1512,0.15070294483761312
92,1424,1516,0.1507067854879291
89,1429,1518,0.1507063604382912
89,1426,1515,0.1507134770226682
87,1425,1512,0.15072057902422561
88,1432,1520,0.15073079727335212
87,1425,1512,0.15073863667706436
88,1435,1523,0.15074870685982195
89,1433,1522,0.1507561484713017
89,1432,1521,0.15076040183529177
85,1432,1517,0.1507639466866499
83,1427,1510,0.15077645260034045
85,1433,1518,0.15079216657896896
85,1429,1514,0.1508026354474913
85,1428,1513,0.15081257646224244
87,1419,1506,0.15082211420026181
85,1434,1519,0.15082653965666842
88,1445,1533,0.1508355359956136
83,1447,1530,0.15083528392919665
86,1439,1525,0.1508470608426188
88,1436,1524,0.1508516655330282
86,1445,1531,0.15085086973000464
86,1450,1536,0.15085507849396462
80,1453,1533,0.1508589595780808
82,1445,1527,0.15087624187468818
81,1442,1523,0.15088829489648364
81,1440,1521,0.15090129036830163
82,1440,1522,0.15091400951046444
83,1432,1515,0.15092391051622164
81,1431,1512,0.1509311285680988
83,1435,1518,0.15094284090924096
78,1440,1518,0.1509491747884995
80,1436,1516,0.15096639898725478
79,1447,1526,0.15097742849290952
80,1443,1523,0.1509904062628301
79,1436,1515,0.15100014685324512
80,1446,1526,0.15101079791541647
79,1449,1528,0.1510189892159527
80,1431,1511,0.15102837416684772
79,1438,1517,0.15103453687345567
76,1427,1503,0.1510433171547622
75,1440,1515,0.1510582287265828
76,1434,1510,0.15107487586646642
76,1452,1528,0.15108782406165966
78,1441,1519,0.15110024089885446
80,1441,1521,0.1511048046596536
77,1428,1505,0.15110424958337884
73,1432,1505,0.15111095535931493
77,1429,1506,0.1511273001919284
77,1445,1522,0.1511326811403697
76,1437,1513,0.1511388121100037
75,1446,1521,0.15114764334311254
78,1446,1524,0.15115858981321714
82,1438,1520,0.15116154736062126
82,1431,1513,0.15115404824706466
78,1427,1505,0.15114754695353902
73,1438,1511,0.15115130135095284
76,1446,1522,0.15116575277863123
76,1443,1519,0.15117207635832194
78,1438,1516,0.15117842210501686
75,1437,1512,0.15117857024614015
74,1437,1511,0.1511861876567721
75,1447,1522,0.15119566783714927
78,1447,1525,0.15120207208942335
77,1449,1526,0.15120133638103458
77,1438,1515,0.15120399169439547
75,1430,1505,0.15120699289803738
75,1425,1500,0.15121475072871735
74,1440,1514,0.1512226433893124
73,1449,1522,0.15123193358703924
72,1465,1537,0.1512427173997472
73,1456,1529,0.1512557880016518
67,1452,1519,0.15126540636146987
67,1448,1515,0.15128803625990578
68,1457,1525,0.151309349539767
68,1447,1515,0.15132745443481269
71,1445,1516,0.1513448547615821
70,1451,1521,0.15135424660283842
66,1436,1502,0.15136524343929114
66,1433,1499,0.15138435329815497
63,1441,1504,0.15140155655672208
64,1454,1518,0.1514247923257936
63,1445,1508,0.15144452750186121
67,1452,1519,0.15146450984125623
71,1444,1515,0.15147348364768823
70,1452,1522,0.15147296405567104
65,1446,1511,0.1514746553962211
67,1444,1511,0.1514883313822493
67,1444,1511,0.15149648756248632
67,1447,1514,0.15150461720071856
67,1437,1504,0.1515125921153297
69,1445,1514,0.15151949193522993
70,1453,1523,0.15152157638330063
69,1441,1510,0.1515207858026276
66,1450,1516,0.15152239255430605
67,1450,1517,0.15153082563686548
65,1454,1519,0.15153596781958567
65,1460,1525,0.1515466142718214
64,1458,1522,0.15155672253456853
64,1450,1514,0.1515679396685355
63,1457,1520,0.1515783611077194
62,1457,1519,0.15159057940361412
62,1439,1501,0.15160470230826853
62,1448,1510,0.15161840568388318
63,1440,1503,0.15163071417712642
64,1439,1503,0.15164017342199107
61,1444,1505,0.15164617467365205
60,1444,1504,0.15165860968232373
62,1437,1499,0.1516730389678078
58,1442,1500,0.15168023559254976
60,1448,1508,0.151697924205301
63,1468,1531,0.1517087649946871
64,1463,1527,0.15171293541297257
62,1463,1525,0.15171339366626566
64,1457,1521,0.1517187306267156
63,1464,1527,0.15171936157754262
61,1447,1508,0.15172267622150282
63,1457,1520,0.15173012999214638
65,1460,1525,0.15173226645176802
63,1453,1516,0.15173023118337142
64,1455,1519,0.15173336353414912
62,1458,1520,0.15173437788541277
61,1459,1520,0.15173995318039332
60,1457,1517,0.15174700856306317
59,1462,1521,0.15175631085482721
57,1450,1507,0.15176767864982377
56,1456,1512,0.15178323676968136
54,1450,1504,0.15180024213136764
54,1446,1500,0.15182083179917474
58,1455,1513,0.15184010176873372
55,1464,1519,0.15184880736925085
52,1466,1518,0.1518644998668223
52,1468,1520,0.15188624445197382
52,1474,1526,0.1519068060279657
53,1456,1509,0.15192615955242228
53,1453,1506,0.15194141929681865
49,1458,1507,0.15195563189414
49,1465,1514,0.15197786175196606
51,1461,1512,0.15199883800643849
53,1461,1514,0.15201271123812454
53,1470,1523,0.15202048814655103
56,1471,1527,0.15202720082005006
55,1468,1523,0.1520260232443727
57,1467,1524,0.1520273848880608
54,1465,1519,0.15202461077630092
56,1462,1518,0.15202902576829255
56,1467,1523,0.15202878469594083
56,1456,1512,0.15202794379127071
58,1454,1512,0.15202678954559906
57,1461,1518,0.15202098110753523
59,1444,1503,0.1520182500286545
62,1448,1510,0.15201137205859433
60,1468,1528,0.1519961711028147
62,1471,1533,0.15198637698666823
62,1466,1528,0.151972573081372
62,1464,1526,0.15195919360280494
61,1454,1515,0.15194783516286026
62,1450,1512,0.15193921916769726
61,1447,1508,0.15192858347852214
64,1451,1515,0.15192120473807763
63,1454,1517,0.15190722502523285
62,1451,1513,0.15189699120792902
64,1443,1507,0.15189011954285156
63,1447,1510,0.15187965145526616
65,1458,1523,0.15187160628076357
63,1446,1509,0.1518592514545956
63,1449,1512,0.15185183008087352
65,1447,1512,0.1518452411096003
61,1458,1519,0.15183435200260822
59,1441,1500,0.15183361039987842
61,1446,1507,0.15183809274921437
61,1442,1503,0.15183761854345915
61,1446,1507,0.15183770920336026
60,1442,1502,0.15183818706373092
60,1452,1512,0.15184078580438404
59,1464,1523,0.15184370814236126
57,1452,1509,0.151849260513078
58,1475,1533,0.1518590379222034
59,1467,1526,0.15186497089311143
58,1468,1526,0.15186850403134958
59,1467,1526,0.15187397066319458
58,1461,1519,0.15187699151590753
58,1462,1520,0.15188296218206845
57,1460,1517,0.1518887323767848
56,1470,1526,0.15189628850985382
52,1451,1503,0.15190574175427904
55,1465,1520,0.15192394730357875
55,1473,1528,0.15193236798409296
55,1460,1515,0.15193897797621672
54,1458,1512,0.15194537968023802
54,1458,1512,0.1519547089128912
54,1468,1522,0.15196377386373403
55,1475,1530,0.15197254593602164
50,1466,1516,0.1519773243220913
49,1472,1521,0.15199343523446474
50,1472,1522,0.15201101337958045
51,1463,1514,0.152024913620566
53,1476,1529,0.15203531121785624
52,1468,1520,0.1520391012378377
52,1479,1531,0.15204528013248614
49,1468,1517,0.15205159055555537
50,1481,1531,0.15206498307634794
53,1476,1529,0.15207440819251222
54,1465,1519,0.15207489885523626
54,1464,1518,0.15207340853042922
53,1470,1523,0.15207267375253564
52,1487,1539,0.1520747356454759
53,1469,1522,0.152078356779674
54,1470,1524,0.1520791946834139
53,1464,1517,0.15207724031194672
54,1456,1510,0.15207893729997998
54,1456,1510,0.15207797374874255
54,1443,1497,0.1520769194193802
55,1468,1523,0.15207655260476077
56,1456,1512,0.15207286467117936
55,1463,1518,0.15206591245222129
54,1464,1518,0.15206224984634842
55,1461,1516,0.15206167971738985
53,1451,1504,0.15205872459757971
53,1450,1503,0.15206033456959278
54,1441,1495,0.15206246943613372
54,1454,1508,0.1520625179146826
55,1471,1526,0.15206226400118036
56,1457,1513,0.1520601275852842
56,1457,1513,0.15205542915569656
54,1470,1524,0.15205096962879008
54,1469,1523,0.1520516960876977
55,1461,1516,0.1520528156442408
54,1458,1512,0.15205124284705018
53,1469,1522,0.15205226106813272
53,1461,1514,0.15205563424059984
56,1468,1524,0.15205918593144666
55,1478,1533,0.15205448456093168
54,1471,1525,0.15205294946464423
55,1466,1521,0.1520540738295056
54,1459,1513,0.15205330512117354
56,1463,1519,0.15205454936929316
55,1461,1516,0.15205008847602997
55,1460,1515,0.15204888830111213
54,1464,1518,0.15204826546745973
53,1448,1501,0.15205028804942036
52,1461,1513,0.1520548094206239
51,1471,1522,0.15206179278882043
51,1459,1510,0.15207086487331398
53,1462,1515,0.1520794829560772
51,1464,1515,0.15208240969505074
51,1471,1522,0.1520899286233649
50,1482,1532,0.15209698081484133
51,1480,1531,0.1521046062721082
52,1481,1533,0.15210982445858348
54,1469,1523,0.15211286010641223
51,1473,1524,0.15210977943214826
52,1472,1524,0.15211539510734673
51,1467,1518,0.1521185258292858
51,1467,1518,0.15212393604427263
51,1469,1520,0.15212842993130796
51,1459,1510,0.15213303057532696
51,1463,1514,0.1521376828640922
51,1457,1508,0.1521408790058735
52,1466,1518,0.15214469094818042
51,1456,1507,0.15214473032824077
48,1464,1512,0.15214804609002536
48,1452,1500,0.15215849135101425
49,1458,1507,0.15216859741313576
49,1460,1509,0.15217502068673508
50,1470,1520,0.15218038554932065
50,1469,1519,0.15218343157146483
52,1464,1516,0.1521851954242143
52,1452,1504,0.1521823183665177
50,1466,1516,0.15218020928891043
52,1460,1512,0.1521832815605121
51,1455,1506,0.1521818751318139
52,1454,1506,0.15218308125883462
53,1455,1508,0.15218107668065486
51,1457,1508,0.1521768293028614
51,1465,1516,0.1521779030012985
50,1463,1513,0.1521786723463107
50,1476,1526,0.1521820449074457
50,1471,1521,0.1521856684937685
49,1473,1522,0.15218885018619
48,1463,1511,0.15219446958520788
47,1468,1515,0.15220237583902946
48,1474,1522,0.15221239848500645
47,1470,1517,0.15221913275061222
47,1472,1519,0.15222798552185032
45,1463,1508,0.15223572798086255
44,1486,1530,0.15224828831032933
45,1468,1513,0.15226271749341674
46,1470,1516,0.1522732689230489
45,1465,1510,0.15228016828101676
46,1469,1515,0.15228837853704574
44,1478,1522,0.15229425556733303
46,1482,1528,0.15230459717963277
47,1480,1527,0.15230857417912405
47,1480,1527,0.15230890024579918
46,1494,1540,0.1523097754995897
45,1480,1525,0.15231334291777382
46,1468,1514,0.15231928626379512
47,1471,1518,0.15232279551434103
46,1465,1511,0.15232368719354528
45,1462,1507,0.15232678572313518
48,1458,1506,0.15233048306999092
48,1462,1510,0.15232651637969163
50,1470,1520,0.15232374683704625
50,1469,1519,0.1523167018524873
48,1466,1514,0.15231055778159872
48,1460,1508,0.1523100446876918
47,1450,1497,0.15230860253187534
45,1448,1493,0.15230902100289112
43,1451,1494,0.15231468024386838
43,1469,1512,0.15232377928851745
45,1464,1509,0.1523320340029289
51,1472,1523,0.15233474297806804
53,1470,1523,0.15232147891250114
54,1483,1537,0.15230281137220364
54,1472,1526,0.15228376172754968
56,1470,1526,0.15226681386458982
56,1457,1513,0.15224572812935974
56,1462,1518,0.15222597225069173
56,1460,1516,0.1522074815292991
56,1465,1521,0.15218983729200017
56,1450,1506,0.1521742283399078
59,1465,1524,0.1521604187279558
59,1461,1520,0.15213825635092676
59,1474,1533,0.15211848121506535
57,1470,1527,0.15210032370461007
58,1459,1517,0.15208841768512044
57,1460,1517,0.1520759837743551
57,1449,1506,0.1520674723015288
58,1435,1493,0.15205933076856787
58,1442,1500,0.1520500948321597
56,1453,1509,0.15204117938535439
60,1454,1514,0.15203696701253672
59,1448,1507,0.152023356288039
59,1445,1504,0.1520133339637718
58,1456,1514,0.15200455637608443
58,1457,1515,0.1519984944671594
59,1462,1521,0.15199311666585072
58,1447,1505,0.15198550408397846
59,1444,1503,0.15198113493656862
59,1451,1510,0.15197466174280497
61,1451,1512,0.15196886801441883
60,1461,1521,0.1519579508749725
61,1457,1518,0.15195023125207904
60,1462,1522,0.15194023143217208
63,1470,1533,0.1519338134501213
61,1463,1524,0.15191987464655596
63,1465,1528,0.15191204398829736
61,1451,1512,0.15190043739305598
60,1454,1514,0.1518950341547488
60,1469,1529,0.15189141566355094
60,1455,1515,0.15188663438845967
60,1450,1510,0.15188271642123208
61,1452,1513,0.15187901923856909
63,1453,1516,0.1518724005993871
65,1460,1525,0.151861377735002
67,1450,1517,0.15184527112763743
67,1451,1518,0.15182520173002687
66,1451,1517,0.15180731862056682
66,1443,1509,0.15179366589085092
65,1460,1525,0.1517805920037506
65,1457,1522,0.15177064260362885
64,1441,1505,0.15176194211036337
64,1451,1515,0.1517570001968739
65,1446,1511,0.15175274637193517
67,1443,1510,0.15174611281095948
65,1448,1513,0.15173501802201328
67,1452,1519,0.15173014437190674
67,1445,1512,0.15172029876219537
65,1442,1507,0.151711714424474
63,1442,1505,0.1517088008015635
63,1438,1501,0.1517114864746929
64,1443,1507,0.15171344584207447
61,1444,1505,0.15171336608881178
62,1446,1508,0.1517204490536026
61,1441,1502,0.15172379982889925
64,1441,1505,0.15172958684832827
64,1447,1511,0.15172766468682045
62,1457,1519,0.15172638855951534
59,1448,1507,0.15173009402474347
61,1455,1516,0.15174097081391807
62,1455,1517,0.15174554919511243
61,1450,1511,0.15174717662510845
56,1451,1507,0.15175114297397566
58,1451,1509,0.1517666489724446
59,1447,1506,0.15177715656207658
59,1448,1507,0.15178375835147231
60,1452,1512,0.15179045181641646
60,1454,1514,0.15179471315208182
60,1453,1513,0.15179855141761614
61,1460,1521,0.1518021883680247
61,1459,1520,0.15180367391014304
60,1460,1520,0.15180443099542587
58,1459,1517,0.15180718479690708
61,1461,1522,0.15181471606455127
62,1459,1521,0.15181371832575688
61,1460,1521,0.15181103591818146
60,1464,1524,0.15181121848433604
59,1462,1521,0.15181410252295474
57,1458,1515,0.15181935168978952
57,1464,1521,0.15182889512048794
60,1458,1518,0.15183624982298205
62,1469,1531,0.15183639423745945
62,1473,1535,0.1518319992396185
61,1474,1535,0.15182771212961846
62,1464,1526,0.15182617716941574
62,1459,1521,0.15182215386929307
62,1457,1519,0.1518181253605373
60,1442,1502,0.15181459572995412
60,1441,1501,0.15181672286335116
60,1451,1511,0.15181659591473462
59,1448,1507,0.1518167248740646
60,1455,1515,0.15181877444251413
61,1455,1516,0.15181874045905325
61,1458,1519,0.15181563519156646
62,1451,1513,0.1518116782288732
63,1448,1511,0.15180644429665865
62,1460,1522,0.15179923662888364
63,1457,1520,0.15179538477520776
62,1449,1511,0.15179005112554023
63,1459,1522,0.151787845624633
60,1458,1518,0.15178240583606425
60,1464,1524,0.1517847796442024
60,1466,1526,0.15178750074856953
61,1469,1530,0.15179063808593965
61,1469,1530,0.15179171373022982
61,1460,1521,0.15179230505911223
62,1453,1515,0.15179347806446328
61,1459,1520,0.1517916479795714
63,1457,1520,0.15179136899793064
63,1452,1515,0.1517862770791048
62,1451,1513,0.15178201030511373
61,1452,1513,0.15178160079125344
61,1452,1513,0.15178402571052296
61,1454,1515,0.15178535488387612
61,1462,1523,0.1517871125683615
56,1463,1519,0.1517887940281936
55,1441,1496,0.1518020905595914
57,1438,1495,0.15181732964668496
57,1454,1511,0.15182654711831972
57,1458,1515,0.15183555537873178
57,1469,1526,0.15184290532661904
58,1483,1541,0.15184956755446877
59,1481,1540,0.15185366056489905
61,1472,1533,0.15185559556880535
62,1469,1531,0.15185222213438188
61,1457,1518,0.1518461731037917
61,1459,1520,0.15184322528793318
62,1464,1526,0.15184097100406993
61,1454,1515,0.15183671510165864
61,1459,1520,0.1518353121584417
62,1460,1522,0.151834388979519
61,1458,1519,0.15182905724950152
61,1468,1529,0.15182598175626325
62,1461,1523,0.15182284836909538
63,1461,1524,0.15181722569638625
62,1455,1517,0.15180964014500403
64,1456,1520,0.15180538294494725
61,1470,1531,0.15179731161104434
65,1464,1529,0.1517972777393662
64,1448,1512,0.1517879536974821
64,1441,1505,0.15178167682846855
66,1449,1515,0.15177647517306558
65,1450,1515,0.15176578493260162
63,1450,1513,0.1517590624033221
63,1449,1512,0.1517576757276258
61,1451,1512,0.1517563574144365
62,1455,1517,0.15175976764760052
61,1449,1510,0.15176096529537475
62,1444,1506,0.1517646669344008
61,1450,1511,0.15176343344226303
61,1448,1509,0.1517646268461208
62,1453,1515,0.15176498356100349
61,1445,1506,0.15176375440969345
59,1450,1509,0.1517628822716977
59,1454,1513,0.15176699455524031
58,1463,1521,0.15177200051538361
58,1463,1521,0.15177937123994398
56,1462,1518,0.1517865358078782
57,1471,1528,0.15179854606804655
58,1477,1535,0.15180774392200774
56,1460,1516,0.15181425274475915
54,1464,1518,0.15182516824972025
55,1462,1517,0.1518401395038948
56,1457,1513,0.15185200132635457
55,1462,1517,0.15186055236215526
56,1464,1520,0.15187152511291524
57,1458,1515,0.15187847767168602
56,1457,1513,0.15188237033460758
53,1448,1501,0.1518882505751206
56,1451,1507,0.1519012629036964
57,1438,1495,0.1519052004555581
59,1446,1505,0.15190641159470364
57,1452,1509,0.15190235521971623
56,1449,1505,0.15190359200327247
56,1466,1522,0.15190766734727576
57,1463,1520,0.15191150616116453
57,1457,1514,0.1519125340129441
57,1461,1518,0.1519140777037919
57,1443,1500,0.15191608568613524
55,1452,1507,0.15191761799029382
56,1458,1514,0.15192395449552934
55,1474,1529,0.1519268575645315
57,1466,1523,0.15193243427330583
57,1460,1517,0.15193263935579077
56,1441,1497,0.15193239165244793
58,1446,1504,0.15193487458167268
57,1450,1507,0.1519331770604227
55,1445,1500,0.15193361040120043
55,1448,1503,0.15193907968132883
56,1471,1527,0.15194417357197076
58,1459,1517,0.15194664332941427
57,1463,1520,0.15194434717924282
54,1458,1512,0.15194410638976
55,1451,1506,0.15195108414987285
56,1462,1518,0.15195565714111087
56,1465,1521,0.1519571345343616
59,1450,1509,0.1519584459972829
61,1454,1515,0.15195073677662116
61,1464,1525,0.1519378798639252
60,1457,1517,0.15192587734327226
58,1467,1525,0.15191762444092968
58,1457,1515,0.15191462470407155
56,1449,1505,0.15191301211117095
53,1444,1497,0.15191612964769022
53,1451,1504,0.15192534139788427
52,1453,1505,0.15193445117996868
51,1459,1510,0.15194572456556094
51,1471,1522,0.15195949111566537
49,1458,1507,0.15197159168381993
49,1469,1518,0.15198778341490685
50,1467,1517,0.1520035688047946
50,1439,1489,0.15201549748787624
48,1450,1498,0.1520263310733641
49,1464,1513,0.15204080612700735
48,1453,1501,0.1520525619475438
48,1464,1512,0.15206630342802666
46,1473,1519,0.15207864498319545
47,1480,1527,0.15209509096356572
48,1469,1517,0.15210698502565217
50,1471,1521,0.15211520208367701
49,1473,1522,0.1521177260798076
48,1471,1519,0.15212279798024553
52,1473,1525,0.15213062368832792
54,1476,1530,0.1521271545283313
55,1479,1534,0.15211882832224463
53,1479,1532,0.1521089222184237
51,1472,1523,0.15210491902516934
52,1473,1525,0.15210648899569443
49,1469,1518,0.15210629058761221
48,1473,1521,0.15211422965879345
48,1468,1516,0.1521242009753062
48,1472,1520,0.15213396756536698
48,1471,1519,0.15214349697252477
49,1480,1529,0.15215275621800836
49,1477,1526,0.15215917328523962
50,1476,1526,0.15216520031736905
47,1482,1529,0.1521687272628639
48,1481,1529,0.15217953342426063
46,1471,1517,0.1521869803164251
47,1470,1517,0.15219759493270452
45,1480,1525,0.15220531129423986
46,1473,1519,0.15221732407683777
43,1476,1519,0.1522265383327843
43,1479,1522,0.15224238762479497
45,1477,1522,0.15225736673244142
46,1477,1523,0.15226619269911823
45,1472,1517,0.15227231920127463
45,1475,1520,0.1522806416442842
48,1472,1520,0.15228872130683774
48,1496,1544,0.15228842172299292
48,1488,1536,0.15228772753231687
44,1473,1517,0.15228688299791177
47,1479,1526,0.15229577298555574
48,1482,1530,0.15229678085937562
47,1478,1525,0.15229540458005647
46,1473,1519,0.15229687743652492
44,1473,1517,0.15230102701076798
44,1473,1517,0.15230984933985844
44,1459,1503,0.15231804415229555
45,1466,1511,0.15232546167975478
46,1476,1522,0.15233026271886824
48,1474,1522,0.15233249482474925
48,1478,1526,0.15232932445343522
46,1480,1526,0.15232672899500077
48,1468,1516,0.15232907132870513
47,1489,1536,0.1523264009027664
46,1483,1529,0.1523267894108007
48,1484,1532,0.15232977196729988
48,1482,1530,0.15232742169994043
50,1462,1512,0.15232521416684608
47,1460,1507,0.15231667135988183
49,1457,1506,0.1523160219005608
48,1460,1508,0.15231123763117688
46,1459,1505,0.15230971972274365
47,1462,1509,0.15231331182924118
48,1464,1512,0.15231476414915157
46,1454,1500,0.15231433867101438
47,1446,1493,0.15231841421930928
48,1456,1504,0.15231864323446495
45,1466,1511,0.15231645586802897
45,1462,1507,0.15232240827403953
44,1483,1527,0.15232842399697766
47,1488,1535,0.1523365810129268
47,1501,1548,0.15233674387818905
47,1492,1539,0.1523368713007217
47,1474,1521,0.15233682476521201
46,1459,1505,0.15233721557817234
50,1454,1504,0.152340276800367
50,1449,1499,0.1523320685178345
49,1459,1508,0.15232416056580608
46,1474,1520,0.152318897831453
45,1476,1521,0.1523218833974388
44,1466,1510,0.15232780454581266
45,1478,1523,0.15233629956138878
42,1482,1524,0.1523414900879312
42,1487,1529,0.15235375125849684
42,1483,1525,0.1523647796988978
44,1476,1520,0.15237468756409422
41,1469,1510,0.15237896163879633
40,1468,1508,0.15239023617237715
41,1470,1511,0.15240334584951581
40,1467,1507,0.15241142624797172
38,1462,1500,0.15242264907976544
38,1469,1507,0.15243835787964083
38,1465,1503,0.15245346331931528
40,1475,1515,0.15246795317272777
39,1484,1523,0.15247601710474248
36,1487,1523,0.15248637756162545
36,1488,1524,0.15250295260292224
37,1481,1518,0.152518780858392
37,1475,1512,0.15253148601130445
37,1478,1515,0.15254361849055403
37,1486,1523,0.15255518102316556
36,1484,1520,0.15256618068254316
38,1483,1521,0.15257877256443111
39,1479,1518,0.1525841030191295
39,1470,1509,0.15258699018230393
38,1475,1513,0.15259061643489433
38,1479,1517,0.15259654472053139
34,1471,1505,0.15260183140899852
36,1466,1502,0.1526162296031379
37,1470,1507,0.1526244738940505
37,1470,1507,0.15262873920317108
37,1480,1517,0.15263246415339815
41,1489,1530,0.15263643718821107
41,1480,1521,0.15262967642396486
42,1476,1518,0.15262360116998835
44,1474,1518,0.15261565887906595
44,1470,1514,0.15260242750410602
43,1477,1520,0.15259066488372652
42,1478,1520,0.1525823950241897
43,1482,1525,0.15257749300076784
41,1479,1520,0.1525698099430275
38,1479,1517,0.15256764196135258
39,1485,1524,0.15257237802978404
40,1473,1513,0.15257427648289645
40,1469,1509,0.15257392572532852
38,1462,1500,0.15257316940900942
40,1463,1503,0.15257665629789596
40,1475,1515,0.15257486736904938
42,1470,1512,0.15257286203408654
43,1475,1518,0.15256604734855755
42,1478,1520,0.15255710408883894
42,1481,1523,0.1525517477466876
44,1478,1522,0.15254749176072693
44,1476,1520,0.1525382493996075
42,1479,1521,0.15253007766202725
42,1473,1515,0.15252745840166618
41,1468,1509,0.15252486432226167
42,1461,1503,0.1525252201325734
44,1455,1499,0.15252353169244595
44,1469,1513,0.15251691833304787
44,1482,1526,0.15251063856441371
44,1487,1531,0.1525049446813782
44,1489,1533,0.15249959746460115
44,1486,1530,0.15249510889369286
44,1482,1526,0.1524913615532852
45,1483,1528,0.15248825313703654
46,1484,1530,0.15248313026864466
46,1469,1515,0.1524758269366598
47,1467,1514,0.15246937087232426
46,1469,1515,0.15246050242730078
46,1467,1513,0.15245498768572138
46,1459,1505,0.15245017650946063
45,1468,1513,0.15244506931758356
45,1483,1528,0.15244282192761338
45,1477,1522,0.1524403523832389
44,1471,1515,0.15243841321166052
45,1480,1525,0.152439021446039
45,1485,1530,0.15243684709613475
44,1471,1515,0.15243506381476216
44,1474,1518,0.15243552483146627
45,1475,1520,0.15243637974478408
41,1470,1511,0.15243463070364802
43,1473,1516,0.15244295666018734
44,1455,1499,0.1524451710227688
45,1467,1512,0.1524452375766925
43,1471,1514,0.15244327833824675
42,1480,1522,0.15244620450616508
42,1479,1521,0.15245155432960172
40,1478,1518,0.1524567383476375
42,1492,1534,0.15246626007937183
42,1498,1540,0.1524708520866652
40,1489,1529,0.1524753560422185
40,1481,1521,0.15248446487679704
40,1460,1500,0.15249279470879842
38,1467,1505,0.15249932524434975
39,1474,1513,0.15251029089354654
39,1467,1506,0.1525177031132535
40,1470,1510,0.1525243056628911
40,1472,1512,0.1525282954471307
39,1466,1505,0.15253225750622668
38,1460,1498,0.15253854073937373
37,1452,1489,0.15254691312954952
35,1470,1505,0.15255648196261518
37,1472,1509,0.1525709918356884
39,1472,1511,0.15258010345574222
40,1481,1521,0.15258280069784036
41,1485,1526,0.15258249424158937
39,1475,1514,0.15258012424951634
39,1480,1519,0.15258291457296153
38,1491,1529,0.15258594546941812
36,1488,1524,0.15259161026229542
37,1484,1521,0.15260105397450055
36,1497,1533,0.15260691516077818
36,1492,1528,0.1526152228620707
37,1491,1528,0.15262266047533685
36,1501,1537,0.1526275817459916
35,1493,1528,0.15263485022617337
35,1492,1527,0.15264428714214573
34,1487,1521,0.15265247850750951
34,1488,1522,0.15266276058629055
35,1487,1522,0.15267237992642688
35,1481,1516,0.15267938024739322
33,1478,1511,0.1526863106384002
35,1485,1520,0.15269767308047033
35,1491,1526,0.15270325277949032
34,1494,1528,0.15270847030491544
31,1495,1526,0.15271588066193523
31,1493,1524,0.15272965005476602
33,1483,1516,0.1527428046433891
33,1486,1519,0.15275009509929185
34,1497,1531,0.15275720304792564
33,1498,1531,0.15276091052772173
34,1491,1525,0.1527668870606947
34,1490,1524,0.15277037951771033
32,1499,1531,0.1527739213624098
31,1489,1520,0.15278201370193098
30,1500,1530,0.15279208796381064
29,1478,1507,0.15280410713615888
29,1487,1516,0.152817146201143
28,1484,1512,0.15282958484235062
30,1483,1513,0.1528437161604331
28,1484,1512,0.15285187788281557
26,1500,1526,0.1528640237976506
24,1493,1517,0.15288012281038962
23,1502,1525,0.15290004884352487
23,1496,1519,0.152921188595477
22,1496,1518,0.1529411724503003
22,1500,1522,0.15296238121828196
22,1493,1515,0.152981567831248
23,1502,1525,0.15299973854562293
22,1491,1513,0.15301402992001015
23,1494,1517,0.15302947533386838
25,1494,1519,0.153041146727202
25,1492,1517,0.15304680154478947
26,1498,1524,0.1530524847021706
28,1496,1524,0.1530551174836022
27,1495,1522,0.15305232368475885
26,1506,1532,0.15305300544915698
26,1500,1526,0.15305630159531491
24,1493,1517,0.15305968039774276
24,1484,1508,0.15306765831271466
24,1485,1509,0.15307536455672235
24,1487,1511,0.15308278516738205
24,1497,1521,0.15308992389467801
24,1505,1529,0.15309676533854405
24,1490,1514,0.15310330756378907
22,1494,1516,0.15310955142316607
22,1509,1531,0.15312008907348137
21,1500,1521,0.15312927479699076
21,1494,1515,0.1531404219332768
22,1495,1517,0.15315102895660404
21,1493,1514,0.1531580044146287
22,1494,1516,0.15316706467323235
22,1490,1512,0.1531726077790218
22,1486,1508,0.15317805732364154
20,1489,1509,0.15318338690803546
20,1488,1508,0.1531932598976189
21,1488,1509,0.15320262104760465
20,1490,1510,0.15320841984020167
19,1504,1523,0.15321657439599837
19,1497,1516,0.1532267197265705
19,1503,1522,0.15323640532293115
19,1504,1523,0.1532454532540789
18,1504,1522,0.15325408702672763
17,1493,1510,0.15326460778948547
16,1498,1514,0.15327699449464963
15,1506,1521,0.15329099840003532
15,1505,1520,0.15330659826856036
14,1506,1520,0.1533213166609025
14,1491,1505,0.15333754450437112
15,1492,1507,0.15335283232085295
15,1497,1512,0.1533641876604361
15,1485,1500,0.1533749749325283
17,1488,1505,0.15338521077188758
17,1493,1510,0.15338863807564873
17,1486,1503,0.15339213043493163
16,1496,1512,0.15339564817291634
16,1506,1522,0.15340147723173786
15,1499,1514,0.15340713451668272
13,1508,1521,0.15341533465728252
15,1494,1509,0.15342783510244948
15,1511,1526,0.15343358918859312
15,1505,1520,0.15343921593020138
14,1515,1529,0.1534446929122392
14,1504,1518,0.15345240664657397
14,1504,1518,0.15345979588144792
16,1507,1523,0.15346686027016582
17,1506,1523,0.15346727032868326
17,1495,1512,0.1534647354274906
16,1489,1505,0.15346271505873893
17,1485,1502,0.15346362519399853
18,1488,1506,0.15346157477312483
18,1500,1518,0.15345736687948897
16,1504,1520,0.15345312041408113
17,1495,1512,0.15345424788357354
18,1499,1517,0.1534517049632377
18,1494,1512,0.15344743326647522
17,1500,1517,0.15344381968426002
16,1492,1508,0.1534434257170067
15,1486,1501,0.1534459079893449
15,1491,1506,0.1534508707981819
14,1494,1508,0.15345571329744903
14,1500,1514,0.15346310586631948
14,1493,1507,0.15346963635706437
13,1502,1515,0.15347593123115835
13,1510,1523,0.15348431082686045
14,1517,1531,0.15349230191871352
15,1502,1517,0.15349680228982815
15,1517,1532,0.15349827267728045
15,1506,1521,0.1534998931929058
15,1508,1523,0.15350162488680005
14,1504,1518,0.1535034348825357
15,1504,1519,0.1535078929502047
15,1500,1515,0.15350895606514417
15,1502,1517,0.15351015991670733
15,1513,1528,0.1535114719918976
15,1501,1516,0.15351286454300375
14,1508,1522,0.15351431397290863
13,1508,1521,0.15351823225143227
13,1499,1512,0.15352446124837837
13,1512,1525,0.1535303855073494
14,1520,1534,0.15353534169925268
13,1511,1524,0.15353755467455146
13,1508,1521,0.1535421890075587
13,1491,1504,0.15354669298726176
13,1499,1512,0.15355105524458001
13,1505,1518,0.15355526755230653
13,1511,1524,0.15355932432158148
12,1509,1521,0.15356322216910726
12,1514,1526,0.1535693085576491
13,1506,1519,0.15357509051124013
13,1508,1521,0.1535780877209114
13,1507,1520,0.15358097014509176
13,1498,1511,0.15358373625124325
12,1506,1518,0.15358638566616936
12,1510,1522,0.15359143866941505
13,1503,1516,0.15359621284676245
13,1503,1516,0.15359766133641223
13,1505,1518,0.15359914132889185
12,1510,1522,0.15360063729595524
13,1519,1532,0.15360451334575784
13,1514,1527,0.15360506044587136
12,1518,1530,0.15360574456633322
12,1499,1511,0.15360887551832408
10,1503,1513,0.1536119428945525
10,1499,1509,0.15361973177068006
10,1503,1513,0.15362711007940372
10,1508,1518,0.15363409201627806
10,1505,1515,0.1536406924954465
10,1511,1521,0.15364617377447287
10,1493,1503,0.15365145401234248
10,1509,1519,0.1536565276550686
9,1513,1522,0.1536613918142945
9,1509,1518,0.15366829139355415
10,1509,1519,0.15367484579227386
9,1503,1512,0.15367784318335714
9,1520,1529,0.15368318506260262
10,1521,1531,0.15368834474001206
10,1524,1534,0.15369005057101806
9,1525,1534,0.15369186700648466
9,1522,1531,0.15369607038586885
9,1511,1520,0.15370018455953513
9,1504,1513,0.15370419480448883
8,1518,1526,0.15370808972304495
8,1517,1525,0.15371424309778794
8,1519,1527,0.1537201239985563
8,1519,1527,0.15372573655067753
8,1521,1529,0.15373108613616854
8,1506,1514,0.15373617913492718
6,1516,1522,0.1537410227037802
6,1505,1511,0.15375059057229257
7,1510,1517,0.15375959211670975
7,1505,1512,0.1537654036089689
6,1498,1504,0.15377090913714678
6,1510,1516,0.15377855675381014
6,1510,1516,0.15378576697487253
6,1511,1517,0.15379256201774338
6,1512,1518,0.1537989633590316
6,1508,1514,0.15380499169891163
5,1507,1512,0.153810666938069
5,1512,1517,0.15381841474401622
4,1503,1507,0.15382570202458473
4,1513,1517,0.1538350060578226
4,1512,1516,0.15384375266651776
4,1504,1508,0.15385197409384607
4,1514,1518,0.15385970087187276
4,1515,1519,0.15386696189126867
4,1522,1526,0.15387378447131872
4,1509,1513,0.15388019442961984
4,1519,1523,0.15388621615097556
5,1526,1531,0.15389187265509133
5,1513,1518,0.15389397532892343
4,1518,1522,0.15389605096000658
4,1516,1520,0.15390045937392588
4,1507,1511,0.15390467487233084
3,1507,1510,0.15390869954320072
3,1498,1501,0.15391494796034974
4,1507,1511,0.1539208677193304
4,1506,1510,0.15392391299204866
5,1513,1518,0.15392682926078188
5,1500,1505,0.15392647223972403
5,1499,1504,0.1539262777718119
5,1510,1515,0.15392621864065112
5,1509,1514,0.1539262714546265
5,1504,1509,0.15392641613897864
5,1499,1504,0.1539266354940757
5,1508,1513,0.15392691481128906
5,1511,1516,0.15392724153900156
5,1494,1499,0.15392760499224334
5,1509,1514,0.15392799610029775
5,1519,1524,0.15392840718735287
7,1516,1523,0.1539288317819117
7,1517,1524,0.15392289335373086
6,1508,1514,0.15391755026307558
6,1506,1512,0.15391523526102113
6,1514,1520,0.1539132263969286
6,1511,1517,0.15391148387796127
6,1509,1515,0.153909973056589
6,1505,1511,0.1539086637653265
6,1508,1514,0.1539075297376761
6,1513,1519,0.15390654810406992
6,1512,1518,0.1539056989530666
6,1513,1519,0.15390496494932993
6,1522,1528,0.1539043310010191
7,1513,1520,0.1539037839701818
7,1504,1511,0.15390008281993858
7,1501,1508,0.15389674595812008
7,1517,1524,0.1538937336748286
6,1497,1503,0.15389101092347204
6,1506,1512,0.15389103433084156
5,1508,1513,0.15389112917171988
5,1503,1508,0.15389367622524172
5,1514,1519,0.1538961199921528
5,1498,1503,0.15389845879429762
5,1495,1500,0.15390069220302569
5,1498,1503,0.15390282080305795
5,1505,1510,0.1539048459926884
4,1510,1514,0.1539067698151234
4,1518,1522,0.153911016528139
4,1522,1526,0.15391501866971238
4,1516,1520,0.15391878850937182
4,1513,1517,0.15392233797387633
4,1509,1513,0.15392567861013756
4,1521,1525,0.1539288215584344
3,1528,1531,0.1539317775341965
3,1533,1536,0.15393692311734797
3,1517,1520,0.15394175867983706
3,1515,1518,0.15394630227913644
3,1506,1509,0.15395057101051432
3,1513,1516,0.15395458104522752
3,1515,1518,0.15395834766926694
3,1517,1520,0.15396188532222482
3,1503,1506,0.15396520763593494
4,1506,1510,0.1539683274726036
4,1501,1505,0.15396813006691748
4,1505,1509,0.15396804060847627
4,1509,1513,0.15396804055505636
4,1504,1508,0.15396811400198104
3,1519,1522,0.1539682473299886
3,1515,1518,0.1539708285319189
3,1508,1511,0.15397330209903562
3,1514,1517,0.15397566762063028
3,1507,1510,0.1539779256622832
3,1528,1531,0.153980077578381
3,1520,1523,0.15398212535315087
3,1523,1526,0.15398407146619938
3,1502,1505,0.1539859187790925
4,1500,1504,0.1539876704399834
4,1498,1502,0.15398614028081264
4,1497,1501,0.15398481734190114
4,1499,1503,0.15398367482988043
4,1518,1522,0.15398268935657408
4,1516,1520,0.15398184050865069
4,1512,1516,0.15398111047161478
4,1501,1505,0.15398048370126896
4,1505,1509,0.15397994663664907
4,1516,1520,0.15397948744919368
4,1515,1519,0.15397909582357147
4,1522,1526,0.15397876276616843
4,1511,1515,0.15397848043774373
5,1511,1516,0.15397824200720261
5,1502,1507,0.15397495436333272
5,1500,1505,0.1539719774643111
6,1504,1510,0.15396927900924628
6,1516,1522,0.15396360428403683
6,1523,1529,0.15395845179510195
6,1513,1519,0.15395376792380372
6,1507,1513,0.15394950506629862
7,1509,1516,0.15394562091590933
8,1518,1526,0.1539388560525676
7,1508,1515,0.1539295387065863
7,1507,1514,0.15392370857795565
7,1514,1521,0.1539184465173579
8,1502,1510,0.1539136921430292
8,1509,1517,0.1539061609090021
7,1503,1510,0.15389933823011542
7,1508,1515,0.15389588234642962
7,1517,1524,0.15389279099151643
7,1515,1522,0.15389002291244888
7,1499,1506,0.15388754175777966
7,1499,1506,0.1538853154765065
7,1509,1516,0.15388331579222064
6,1524,1530,0.15388151774291292
6,1518,1524,0.15388224278362872
6,1505,1511,0.15388211133825433
7,1509,1516,0.15388214039465045
7,1513,1520,0.1538797788536256
6,1512,1518,0.15387769447118343
7,1517,1524,0.15387833711046686
6,1522,1528,0.15387634461848246
6,1520,1526,0.15387723029614253
7,1512,1519,0.15387812713904014
7,1509,1516,0.15387630555480256
7,1500,1507,0.15387469346231167
7,1494,1501,0.15387326566694245
7,1503,1510,0.15387200008697272
7,1515,1522,0.15387013144897613
7,1515,1522,0.15386852708190457
7,1522,1529,0.1538671511339991
7,1518,1525,0.15386597252987883
7,1518,1525,0.1538649643391353
7,1524,1531,0.15386410322815208
7,1530,1537,0.15386336898418584
7,1525,1532,0.15386274410219047
7,1517,1524,0.1538622134261195
7,1512,1519,0.1538617638375322
7,1508,1515,0.1538613839852731
7,1503,1510,0.15386106405081587
7,1507,1514,0.1538607955445749
7,1517,1524,0.15386057112910614
7,1511,1518,0.15386038446565609
7,1500,1507,0.15386023008098382
7,1503,1510,0.1538601032517863
7,1510,1517,0.1538599999044075
7,1518,1525,0.1538599165278182
7,1512,1519,0.15385985009811837
6,1514,1520,0.15385979801304267
6,1508,1514,0.1538621077090876
6,1514,1520,0.15386428431165486
7,1519,1526,0.1538662313819147
7,1508,1515,0.15386561793778952
7,1519,1526,0.15386507080706746
7,1511,1518,0.15386458239105105
7,1524,1531,0.15386414599623904
7,1521,1528,0.1538629627708686
7,1510,1517,0.15386196897305543
7,1498,1505,0.15386113797463657
6,1501,1507,0.15386044670838872
6,1500,1506,0.15386232939500688
5,1496,1501,0.15386416400288708
5,1501,1506,0.1538683527120236
5,1505,1510,0.1538723333947398
6,1508,1514,0.15387611149270378
6,1511,1517,0.15387642733527326
6,1498,1504,0.15387685696004247
7,1499,1506,0.15387737581856017
8,1490,1498,0.15387475577959867
8,1490,1498,0.15386922148797436
8,1502,1510,0.1538642923724879
7,1512,1519,0.15385965384541722
8,1505,1513,0.15385791582095973
8,1498,1506,0.15385403649945215
8,1517,1525,0.15385058441462282
7,1503,1510,0.15384750952124152
8,1519,1527,0.15384712831697478
7,1515,1522,0.15384364026203903
7,1503,1510,0.15384316414708063
7,1509,1516,0.1538428881133023
7,1521,1528,0.15384277700479806
6,1516,1522,0.1538428008703255
6,1523,1529,0.15384547152902994
6,1521,1527,0.15384805567819645
6,1533,1539,0.15385054800389278
6,1522,1528,0.1538529449596696
7,1523,1530,0.15385524446367924
7,1512,1519,0.1538542840259808
8,1503,1511,0.15385351843806888
9,1521,1530,0.1538497101455325
9,1523,1532,0.1538431102794558
9,1518,1527,0.15383719736583681
9,1518,1527,0.15383189596036095
9,1516,1525,0.153827139248732
9,1508,1517,0.15382286803019224
8,1505,1513,0.15381902982325
8,1508,1516,0.15381818662035804
7,1505,1512,0.1538175009077905
7,1503,1510,0.1538195909211286
7,1512,1519,0.15382160524945954
7,1508,1515,0.1538235416506269
7,1488,1495,0.15382539889693636
7,1493,1500,0.15382717660286518
6,1515,1521,0.15382887507705123
6,1521,1527,0.15383293634057973
6,1510,1516,0.15383677303799786
6,1510,1516,0.15384039588988516
6,1509,1515,0.15384381532541877
7,1518,1525,0.15384704145708972
7,1517,1524,0.15384688368432745
8,1510,1518,0.15384684611357302
8,1523,1531,0.15384367877684293
8,1507,1515,0.1538408923933401
7,1511,1518,0.15383844136447838
7,1500,1507,0.153839235501517
7,1519,1526,0.15384003839581062
7,1504,1511,0.15384084215297622
7,1496,1503,0.15384164030504072
7,1500,1507,0.15384242760192027
7,1483,1490,0.15384259868591715
7,1490,1497,0.15384214550543804
7,1510,1517,0.15384191049981413
9,1521,1530,0.15384185610670972
9,1513,1522,0.15383567390202116
9,1502,1511,0.153830192553388
8,1504,1512,0.15382533069717672
8,1508,1516,0.15382343690910372
8,1518,1526,0.1538218832237003
7,1518,1525,0.1538206226557005
6,1508,1514,0.15382224782788395
7,1515,1522,0.1538263321397748
7,1511,1518,0.1538270980709176
7,1519,1526,0.15382802286974065
7,1530,1537,0.15382907365712703
7,1520,1527,0.15383022220511727
5,1521,1526,0.15383144434818585
5,1517,1522,0.15383788973675008
5,1503,1508,0.15384400069119214
5,1494,1499,0.1538497903635801
5,1500,1505,0.15385527199490973
5,1503,1508,0.1538604587999129
5,1503,1508,0.15386536387247746
5,1495,1500,0.1538700001087288
5,1512,1517,0.1538743801452167
5,1508,1513,0.15387851630999066
6,1514,1520,0.15388242058464643
6,1498,1504,0.15388319348978566
4,1501,1505,0.1538839975641782
3,1499,1502,0.15388954342855798
3,1516,1519,0.15389755257648274
3,1518,1521,0.15390508091235555
3,1508,1511,0.15391215545606798
3,1516,1519,0.15391880197487912
3,1517,1520,0.15392504500183107
3,1508,1511,0.15393090786097405
3,1529,1532,0.15393641269794006
3,1515,1518,0.15394158051462659
3,1509,1512,0.15394643120694815
3,1513,1516,0.15395098360477663
2,1521,1523,0.153954652453611
2,1526,1528,0.15396043020978095
2,1520,1522,0.1539659137109305
2,1519,1521,0.15397111256414373
2,1519,1521,0.15397603694579418
3,1534,1537,0.15398069740942283
3,1526,1529,0.15398190731285585
3,1517,1520,0.1539831685422005
3,1514,1517,0.15398446148369763
3,1509,1512,0.15398576988807589
3,1506,1509,0.1539870803800047
3,1516,1519,0.1539883820350621
3,1509,1512,0.15398966601514083
3,1503,1506,0.15399092525442207
3,1501,1504,0.1539921541890972
3,1508,1511,0.15399334852492558
3,1500,1503,0.15399450503750645
3,1502,1505,0.15399562140082565
3,1496,1499,0.1539966960402327
3,1484,1487,0.15399772800651657
3,1490,1493,0.15399871686819597
3,1497,1500,0.15399966261952514
3,1520,1523,0.15400056560205325
3,1526,1529,0.15400142643786466
3,1520,1523,0.15400224597288015
3,1524,1527,0.1540030252288175
3,1515,1518,0.15400376536259913
3,1522,1525,0.15400446763215825
2,1522,1524,0.15400513336773802
2,1519,1521,0.1540082298065636
2,1518,1520,0.15401113867495955
2,1533,1535,0.15401387089803914
2,1525,1527,0.15401643683028104
2,1518,1520,0.15401884627542145
2,1528,1530,0.15402110850729486
2,1512,1514,0.15402323229126352
2,1518,1520,0.15402522590593834
1,1503,1504,0.1540270971649482
1,1517,1518,0.1540313156371424
1,1510,1511,0.15403527746097478
1,1506,1507,0.15403899817239822
1,1517,1518,0.15404249237994835
1,1527,1528,0.1540457738181369
1,1525,1526,0.15404885539805813
1,1498,1499,0.15405174925531237
1,1512,1513,0.15405446679535117
1,1519,1520,0.15405701873635297
1,1523,1524,0.15405941514973634
1,1521,1522,0.154061665498419
1,1511,1512,0.1540637786729275
1,1509,1510,0.15406576302546282
1,1500,1501,0.15406762640202196
1,1516,1517,0.1540693761726755
1,1499,1500,0.15407101926009514
1,1503,1504,0.15407256216642434
1,1507,1508,0.15407401099858015
1,1509,1510,0.1540753714920708
1,1492,1493,0.15407664903341142
1,1496,1497,0.1540778486812142
1,1506,1507,0.15407897518602842
1,1523,1524,0.154080033009
1,1509,1510,0.15408102633941817
1,1495,1496,0.1540819591112129
0,1508,1508,0.15408283501846343
