1377,29,1406,0.13579577080882171
1419,30,1449,0.1329220998280645
1442,30,1472,0.13019050915621702
1446,33,1479,0.12764469072850104
1449,33,1482,0.12531922756391295
1448,33,1481,0.1231974851994973
1448,34,1482,0.12126995069121978
1451,34,1485,0.11951824971180247
1455,34,1489,0.11791526479978984
1450,33,1483,0.11644748872143311
1452,36,1488,0.11512582796889198
1468,36,1504,0.11391923087589878
1475,36,1511,0.11278276765268283
1480,38,1518,0.11173243264863957
1475,37,1512,0.11076288762410154
1467,37,1504,0.10989477431992638
1472,37,1509,0.10912604016981586
1463,34,1497,0.10841633624748312
1464,33,1497,0.10779033918709992
1459,32,1491,0.10721904336489349
1463,33,1496,0.10671201742261531
1472,35,1507,0.10624311416476279
1471,35,1506,0.10579441192973124
1455,35,1490,0.10538871739976262
1463,36,1499,0.1050564814265332
1466,35,1501,0.10473778643963844
1464,34,1498,0.10444122400233674
1469,34,1503,0.10417413891063651
1465,34,1499,0.10391867035826412
1453,34,1487,0.10369674579771399
1458,36,1494,0.10352057774244383
1450,36,1486,0.103351725586872
1455,37,1492,0.1032196460969494
1459,37,1496,0.10308719390283583
1450,35,1485,0.10295517842646099
1441,35,1476,0.10285543967905474
1440,37,1477,0.10278566080636625
1440,36,1476,0.10272465016677743
1438,37,1475,0.10267032499170313
1452,40,1492,0.1026260698070287
1440,40,1480,0.10255528281330852
1427,41,1468,0.10251758855845824
1441,43,1484,0.10251511960857712
1432,43,1475,0.1024797179898278
1443,46,1489,0.10247034245603065
1443,46,1489,0.10243697800326039
1427,47,1474,0.10240834093058744
1438,50,1488,0.10241899759456494
1432,54,1486,0.10240376718670056
1435,54,1489,0.10240567493277342
1422,57,1479,0.1023996516728542
1427,55,1482,0.10242504085025747
1435,55,1490,0.10243768103434818
1437,60,1497,0.1024325507014881
1425,58,1483,0.10242241903866994
1419,57,1476,0.10244044730016814
1422,58,1480,0.10247247811082333
1433,59,1492,0.10249588454283337
1431,59,1490,0.10249202214911542
1434,60,1494,0.10249420506452572
1430,61,1491,0.10249106036632391
1431,63,1494,0.10249642457144617
1426,63,1489,0.10249923106543811
1418,67,1485,0.10251324671316749
1416,68,1484,0.1025446303481749
1410,68,1478,0.1025795649028035
1412,64,1476,0.10262610449480589
1404,63,1467,0.10266426316457367
1417,62,1479,0.10271729919017587
1409,60,1469,0.10273657400223075
1409,63,1472,0.10277039592037017
1404,67,1471,0.10280234809621035
1407,68,1475,0.10284230555523202
1427,71,1498,0.10287280599408537
1421,73,1494,0.10285686131283552
1422,76,1498,0.10285601554750379
1411,76,1487,0.1028532414520501
1416,80,1496,0.1028761989165678
1430,79,1509,0.10288735909279856
1429,83,1512,0.10286598687287739
1423,85,1508,0.10284887540684981
1403,86,1489,0.10284730702815569
1395,83,1478,0.1028924420446409
1402,85,1487,0.10295181555654574
1390,89,1479,0.10299152087552738
1396,89,1485,0.10305717493665872
1410,88,1498,0.10310611830576571
1407,91,1498,0.10311848092345517
1399,89,1488,0.10313805040053438
1399,90,1489,0.1031735306165515
1393,93,1486,0.1032066646176285
1392,93,1485,0.10325006411924628
1392,92,1484,0.10329340460355044
1412,91,1503,0.10333091992138653
1412,92,1504,0.10332089559375883
1399,94,1493,0.10331258721251414
1400,96,1496,0.1033349389767292
1401,97,1498,0.10335377664204046
1399,96,1495,0.10336806907117888
1398,94,1492,0.10338472986159941
1399,101,1500,0.10340268727687749
1402,99,1501,0.1034177998289875
1392,95,1487,0.10342515755589052
1403,99,1502,0.1034532634927518
1396,99,1495,0.10345662927980716
1393,99,1492,0.10347525222083644
1404,102,1506,0.10350182020974699
1398,104,1502,0.10350070576540515
1386,104,1490,0.10351295037067394
1378,104,1482,0.10355024398798011
1367,107,1474,0.10360398377227455
1361,106,1467,0.10368045322308368
1359,106,1465,0.1037641692618173
1353,106,1459,0.10384405950433567
1364,110,1474,0.10393103522230267
1360,106,1466,0.10398542270229835
1347,109,1456,0.10404510872138299
1356,111,1467,0.10413041982865141
1376,115,1491,0.10419101926706001
1385,112,1497,0.10420233900866975
1396,114,1510,0.10418917439179916
1386,113,1499,0.10415111820995705
1390,116,1506,0.10413904808591337
1388,115,1503,0.1041194501508664
1390,113,1503,0.1041058803136369
1387,114,1501,0.10408755528191194
1391,113,1504,0.10407707494252989
1382,118,1500,0.10406016348741687
1378,116,1494,0.104066706145018
1395,117,1512,0.10408241696645433
1378,116,1494,0.10405756694824377
1381,118,1499,0.10407374095333935
1375,118,1493,0.10408354292346346
1373,115,1488,0.1041049848607799
1383,117,1500,0.10412907677412829
1372,119,1491,0.10413046950415811
1374,122,1496,0.10415770141287417
1386,121,1507,0.1041784273571719
1385,121,1506,0.10417049433124807
1382,123,1505,0.10416516539160142
1374,120,1494,0.10416800477482195
1385,123,1508,0.10418765827530858
1375,123,1498,0.10418168111334175
1379,126,1505,0.10420007288862226
1374,129,1503,0.10420892697755973
1370,128,1498,0.10422862639536536
1362,130,1492,0.10425541058387411
1352,131,1483,0.10429854080293278
1349,131,1480,0.10436020804257191
1341,131,1472,0.10442350226254365
1344,130,1474,0.10450149591308744
1346,132,1478,0.10456797074693876
1354,133,1487,0.10462379341089864
1365,135,1500,0.10465714412132865
1365,138,1503,0.10466131996681004
1360,136,1496,0.1046657155667004
1341,137,1478,0.10468121894411116
1351,137,1488,0.10473892397600909
1345,143,1488,0.10477104091057526
1345,143,1488,0.10481641905009895
1353,141,1494,0.10485802017101582
1356,136,1492,0.10487550755296322
1344,135,1479,0.10488485277879345
1353,137,1490,0.1049225309255592
1358,139,1497,0.10493728765602399
1361,139,1500,0.1049371523209335
1358,140,1498,0.10492959665290552
1372,140,1512,0.10493079556829066
1383,142,1525,0.10489960688669024
1380,142,1522,0.10484592372404843
1363,141,1504,0.1048048495606707
1368,145,1513,0.1048057835268871
1368,149,1517,0.10479580510077625
1362,150,1512,0.10478751305363435
1372,155,1527,0.10479455113171902
1359,155,1514,0.10477940365668338
1358,152,1510,0.10479525283962415
1364,150,1514,0.10481317368360787
1361,149,1510,0.10481791905556123
1354,147,1501,0.10482938327397534
1338,147,1485,0.10485546975134998
1333,147,1480,0.10491635471390495
1336,148,1484,0.10498507726326675
1350,152,1502,0.10504164704384804
1352,158,1510,0.10506213100941983
1344,159,1503,0.10507486727858538
1340,157,1497,0.10510384104911655
1323,157,1480,0.10514234546326645
1336,157,1493,0.10521881391903172
1334,158,1492,0.10526090122509153
1340,160,1500,0.10530252715199659
1349,158,1507,0.10532790043369154
1335,161,1496,0.10533055292351698
1333,158,1491,0.10536455181604673
1337,165,1502,0.10540106339659899
1337,163,1500,0.1054254661211609
1329,162,1491,0.10544966265910627
1337,162,1499,0.10549150389887424
1331,162,1493,0.10551349788461191
1341,157,1498,0.10554461349142845
1333,158,1491,0.10554896311800097
1322,158,1480,0.10557063229531387
1332,156,1488,0.10561383892895719
1333,158,1491,0.10563434890015146
1324,154,1478,0.1056519127873786
1323,154,1477,0.1056861299595031
1330,151,1481,0.10572186755745949
1339,151,1490,0.10573749173767089
1349,152,1501,0.10573090024402416
1341,156,1497,0.10570145390063783
1329,156,1485,0.10569136721306098
1325,156,1481,0.1057101302489631
1338,157,1495,0.1057334314277131
1339,159,1498,0.1057264059403337
1326,165,1491,0.10571831879240967
1327,165,1492,0.10574078513261562
1325,166,1491,0.10575900739124418
1319,164,1483,0.10577902099095567
1328,166,1494,0.10581274323529691
1328,159,1487,0.10582369274026114
1317,159,1476,0.10583461978659287
1329,157,1486,0.10586959292430663
1346,156,1502,0.10587307499930272
1343,159,1502,0.10583829752929069
1345,155,1500,0.10581252297063083
1343,157,1500,0.10578454972340406
1343,159,1502,0.10576181388568504
1342,156,1498,0.1057424737178261
1341,157,1498,0.10572639438291878
1336,156,1492,0.10571436235000523
1333,156,1489,0.10571385577322863
1326,156,1482,0.1057200056356536
1327,160,1487,0.10574134257630863
1338,163,1501,0.10576157461061979
1326,165,1491,0.10575501445677805
1327,171,1498,0.10577763024615627
1317,175,1492,0.10579642791287991
1318,170,1488,0.10583655938412641
1311,174,1485,0.10587307149824263
1315,176,1491,0.1059225089364127
1303,184,1487,0.10595972466834029
1310,186,1496,0.10602156407171322
1315,188,1503,0.10606283041826531
1315,187,1502,0.10609050983781493
1309,187,1496,0.10611663593827915
1319,187,1506,0.10615431393719625
1306,183,1489,0.1061691970511596
1299,178,1477,0.10621300876598078
1300,181,1481,0.10626906749414847
1306,183,1489,0.10631605703062552
1303,187,1490,0.10634653197646578
1304,185,1489,0.10638290325658861
1306,184,1490,0.10641208078287243
1316,181,1497,0.10643634263533737
1323,184,1507,0.10643508326705614
1324,185,1509,0.10641892435777749
1312,180,1492,0.1064023524947628
1310,177,1487,0.10641343699949851
1325,177,1502,0.10642599341706888
1328,180,1508,0.1064052999118104
1314,181,1495,0.10637559105559159
1317,181,1498,0.10638169720443016
1316,183,1499,0.1063828188596003
1325,177,1502,0.10638709229132004
1320,180,1500,0.10637148715531808
1312,174,1486,0.10636803537842426
1325,176,1501,0.10638123784370482
1328,172,1500,0.10636289847355951
1322,175,1497,0.10633943557316777
1329,176,1505,0.10633230932286736
1317,175,1492,0.10630929106769607
1326,177,1503,0.10631626262258355
1315,180,1495,0.10630462375082801
1314,179,1493,0.1063191796140604
1309,178,1487,0.1063325356585755
1305,185,1490,0.10635660027373123
1302,191,1493,0.1063878070806954
1296,196,1492,0.10642661694082196
1300,198,1498,0.10647605747837353
1304,200,1504,0.10651349632747639
1281,197,1478,0.10654063852434632
1276,195,1471,0.10661615809974609
1283,195,1478,0.10669686152841898
1284,198,1482,0.10675683125412153
1280,199,1479,0.10681315259804255
1271,202,1473,0.10687337567160228
1267,206,1473,0.10694754677152815
1254,211,1465,0.10702703489313314
1259,211,1470,0.10713110054466242
1282,214,1496,0.10721555030851845
1289,219,1508,0.10724033093403591
1289,218,1507,0.10724704297575613
1282,213,1495,0.10725443756986638
1276,211,1487,0.10727650504956215
1267,207,1474,0.10731042246143183
1258,211,1469,0.10736451367487587
1269,216,1485,0.10743307487806047
1268,219,1487,0.10747224964653533
1274,217,1491,0.10751181491247562
1285,219,1504,0.10753687906239509
1281,218,1499,0.10753135325622772
1281,219,1500,0.1075367742016019
1266,219,1485,0.10754285472502588
1263,216,1479,0.10758197246127028
1281,220,1501,0.10762453990419911
1283,226,1509,0.10762351584318008
1275,228,1503,0.10761816578221488
1274,226,1500,0.10763430350509712
1269,219,1488,0.10765114878231849
1263,221,1484,0.1076790411283637
1266,223,1489,0.1077179380182542
1278,224,1502,0.10774474013132519
1273,223,1496,0.1077439317387399
1273,223,1496,0.10775599796772432
1267,224,1491,0.10776636895681144
1255,229,1484,0.10779083226529423
1247,237,1484,0.10784030798276065
1248,236,1484,0.10790469131991323
1254,231,1485,0.10796218091303075
1259,228,1487,0.10800233023216517
1273,235,1508,0.10802789125496982
1262,227,1489,0.10801933667383484
1282,228,1510,0.10803473103833144
1281,225,1506,0.10800407358844445
1272,231,1503,0.10797704927177382
1281,232,1513,0.10797356842426552
1279,233,1512,0.10795196902001196
1270,233,1503,0.10793658097785239
1276,235,1511,0.10794299776266268
1270,239,1509,0.10793881044563754
1268,241,1509,0.10794995174388083
1271,240,1511,0.1079628390771733
1268,236,1504,0.10796680311949264
1268,240,1508,0.10797991140930487
1260,242,1502,0.1079935240894212
1249,245,1494,0.1080237858424345
1256,245,1501,0.10807786269023403
1268,245,1513,0.10811237970412722
1260,242,1502,0.1081174881211367
1235,235,1470,0.10814020755178565
1238,241,1479,0.10821820536599697
1242,242,1484,0.10828252105054335
1245,239,1484,0.10833338559835295
1244,242,1486,0.10837317081809526
1259,241,1500,0.10841153636942341
1266,238,1504,0.1084106751144655
1270,237,1507,0.10839352004785736
1267,242,1509,0.10837058863896842
1270,242,1512,0.10835800582615716
1255,243,1498,0.10833850587531929
1260,240,1500,0.10835387945207099
1250,238,1488,0.10835834255597337
1257,232,1489,0.10838187920419301
1257,236,1493,0.10838785828130991
1262,237,1499,0.10839145608411468
1258,237,1495,0.10838180830936146
1247,231,1478,0.10838284751293212
1239,234,1473,0.10840790448685605
1246,235,1481,0.10844801120900677
1250,239,1489,0.10846858310646283
1255,238,1493,0.10847726654002163
1252,239,1491,0.10847533832570777
1260,236,1496,0.1084803536060026
1260,229,1489,0.10846582967473392
1260,226,1486,0.10845369159680812
1269,228,1497,0.1084436431963161
1279,230,1509,0.10841152165650164
1272,233,1505,0.1083563674743481
1279,231,1510,0.10832117439382793
1279,230,1509,0.1082746191058809
1272,230,1502,0.10823198265769146
1271,230,1501,0.10821044704354202
1267,229,1496,0.10818920558764873
1271,233,1504,0.10817884680292128
1271,234,1505,0.10816060336166335
1267,237,1504,0.10814375897815885
1274,236,1510,0.10813584482572425
1265,232,1497,0.10811617011828846
1257,233,1490,0.10811781198850767
1264,240,1504,0.10813966446289747
1268,239,1507,0.10814487892933322
1261,238,1499,0.10813994341706099
1260,242,1502,0.10815298762842468
1267,241,1508,0.10816887323674979
1257,240,1497,0.10816605218572509
1242,241,1483,0.10818805920139113
1242,244,1486,0.10823958576147757
1230,247,1477,0.10828723749173406
1238,242,1480,0.10835960793264515
1237,248,1485,0.10840931005411607
1230,248,1478,0.10845691672125896
1241,249,1490,0.1085160953429834
1232,251,1483,0.10854688795504669
1237,254,1491,0.10859661197455857
1242,250,1492,0.10863288076715322
1244,250,1494,0.10865475534507103
1242,245,1487,0.10866847873609828
1254,244,1498,0.1086868282881143
1256,248,1504,0.10867240225763482
1261,246,1507,0.10865195485749111
1263,250,1513,0.10862037821788562
1239,252,1491,0.10858948212189624
1237,252,1489,0.1086183548393118
1231,255,1486,0.10864970828574781
1234,254,1488,0.10869350135106458
1238,254,1492,0.10872981470321964
1238,252,1490,0.10875296435603624
1240,257,1497,0.10877486174845466
1237,260,1497,0.10879176527304775
1238,258,1496,0.10881425159431768
1240,259,1499,0.10883266294833055
1246,260,1506,0.10884467870960388
1229,264,1493,0.10884331723287215
1226,269,1495,0.10888090055964447
1230,266,1496,0.10892275441956965
1234,265,1499,0.10895497509792934
1232,269,1501,0.10897608131753628
1233,261,1494,0.10899881721506606
1230,260,1490,0.10901852048490696
1238,270,1508,0.10904306746655798
1238,273,1511,0.10904666429780142
1237,265,1502,0.10905179985547502
1225,266,1491,0.10905930627846719
1236,266,1502,0.1090942649500068
1236,269,1505,0.10909736194570444
1214,268,1482,0.10910231869116888
1214,271,1485,0.10915858235904696
1210,272,1482,0.10921191852187903
1225,271,1496,0.10927049604362449
1212,278,1490,0.10928864921661484
1212,277,1489,0.10933591428284428
1219,273,1492,0.10937953273989028
1215,276,1491,0.10940409454954388
1206,277,1483,0.10943533427322283
1212,275,1487,0.10948562105693202
1207,279,1486,0.10952000726239625
1213,278,1491,0.10956509256030196
1212,284,1496,0.10959078776147478
1211,287,1498,0.10961695413170006
1209,286,1495,0.10964367114228542
1219,286,1505,0.1096726619144345
1208,287,1495,0.10967629864083804
1208,292,1500,0.1097058388046779
1202,295,1497,0.10973286689731986
1192,299,1491,0.10977498213321563
1179,303,1482,0.10983935246108616
1182,305,1487,0.10993001870055835
1182,309,1491,0.11000564725796785
1190,307,1497,0.11007669875807405
1175,304,1479,0.11012479841968663
1183,305,1488,0.1102034989808968
1185,302,1487,0.11025758477066828
1180,298,1478,0.11030352472650748
1184,296,1480,0.110354300973052
1192,297,1489,0.11039126096805674
1191,302,1493,0.11040557429860315
1185,303,1488,0.11042106114556788
1196,306,1502,0.11044754612569127
1193,304,1497,0.11044693080648074
1198,307,1505,0.11045415722072505
1207,304,1511,0.11045019650571765
1205,300,1505,0.11042504798969635
1212,300,1512,0.11040853196006994
1218,298,1516,0.11037907437589956
1219,301,1520,0.11033942417237458
1217,299,1516,0.1102980029963639
1215,292,1507,0.11026286846560036
1218,294,1512,0.11023253737009825
1199,287,1486,0.11019798731846298
1202,285,1487,0.11020912309520661
1200,282,1482,0.11021231127582971
1193,285,1478,0.11022061029216068
1211,293,1504,0.11024444639989199
1207,300,1507,0.11022501837822078
1202,302,1504,0.11021786881637002
1193,303,1496,0.11022407538077697
1205,302,1507,0.11025130721072937
1193,307,1500,0.11025000609226446
1200,308,1508,0.11027941554706228
1193,308,1501,0.11028882729597697
1189,312,1501,0.11031431129951574
1188,310,1498,0.1103471761641681
1202,297,1499,0.11038068182799632
1202,298,1500,0.11038068323235085
1199,303,1502,0.11037788502590054
1185,308,1493,0.11038205029286359
1179,306,1485,0.11041884789623765
1171,305,1476,0.11047043979798325
1172,312,1484,0.11053806172095815
1172,322,1494,0.11059634346768757
1185,325,1510,0.11065070398299368
1180,322,1502,0.11067087048958613
1182,323,1505,0.1106999525448326
1190,319,1509,0.11072369144199685
1178,319,1497,0.11072556858528756
1165,318,1483,0.11075609011313904
1167,316,1483,0.11081513359332561
1171,320,1491,0.11086343057487756
1169,313,1482,0.11090062588034705
1175,317,1492,0.11093778185845621
1184,308,1492,0.11095872540028262
1182,307,1489,0.11095434539434638
1174,311,1485,0.11095415354395076
1173,307,1480,0.11097182799676361
1194,312,1506,0.11099155687721299
1195,317,1512,0.1109606466177041
1201,312,1513,0.1109318784887299
1198,309,1507,0.11089127854572858
1200,312,1512,0.1108610854478748
1178,314,1492,0.11082983911364888
1171,314,1485,0.11085234325943955
1179,323,1502,0.11089064434142099
1179,327,1506,0.11090767646463755
1195,323,1518,0.11092478670943053
1182,317,1499,0.11090371901972547
1187,323,1510,0.11091496007419721
1173,316,1489,0.11091345494385074
1173,317,1490,0.11094562869261929
1165,319,1484,0.11097602441903842
1164,327,1491,0.11101940267907871
1165,334,1499,0.11106524045264425
1164,326,1490,0.11110462390539436
1161,321,1482,0.11114231202675491
1163,322,1485,0.11118332179068176
1162,324,1486,0.11121808673296103
1152,328,1480,0.1112538871084553
1150,327,1477,0.11131129932157073
1145,322,1467,0.1113683268535391
1145,331,1476,0.11142914174925242
1153,329,1482,0.11148654590132644
1157,332,1489,0.11151973951589376
1164,330,1494,0.11153992054949655
1171,332,1503,0.11154072837608137
1168,331,1499,0.11152629844978384
1160,333,1493,0.11151895161480771
1151,329,1480,0.11153356047911103
1141,328,1469,0.11156902359214806
1146,327,1473,0.11162524474664387
1142,333,1475,0.11166540154505895
1135,333,1468,0.11171044835861402
1141,338,1479,0.1117676102660223
1148,338,1486,0.11181138258189378
1155,341,1496,0.11183566668388084
1158,337,1495,0.11183914221942175
1156,326,1482,0.11183362618676754
1175,332,1507,0.11183163496233547
1171,331,1502,0.11178537762909362
1181,323,1504,0.11174882405906349
1181,324,1505,0.11169523017007435
1175,328,1503,0.11164589281957803
1176,332,1508,0.11161470928348799
1173,332,1505,0.1115863778031975
1171,332,1503,0.11156768815154008
1165,331,1496,0.11155560782647767
1163,330,1493,0.11155707718714072
1169,337,1506,0.11156278170283357
1156,341,1497,0.11155375307894382
1149,341,1490,0.11157695796761356
1145,340,1485,0.11161678220991554
1146,343,1489,0.11166213277051314
1143,345,1488,0.11170178562003161
1149,353,1502,0.11174555816466278
1145,350,1495,0.11177375426540513
1146,354,1500,0.11180948692161788
1153,350,1503,0.11183989071095311
1154,351,1505,0.11185200561819979
1149,359,1508,0.1118610753638128
1153,354,1507,0.11188233195327194
1150,355,1505,0.11189561013677406
1147,357,1504,0.11191479446486176
1150,355,1505,0.11193963042377753
1152,352,1504,0.1119548890215329
1150,351,1501,0.11196369454874577
1146,355,1501,0.11197541468434614
1149,358,1507,0.11199485341043211
1138,359,1497,0.11200796805518655
1129,356,1485,0.11204385909671595
1128,354,1482,0.11209726564602826
1142,362,1504,0.11215048896342576
1147,360,1507,0.11216770989531315
1140,367,1507,0.11217472512312497
1135,368,1503,0.1121925570225072
1115,364,1479,0.1122237782183137
1115,371,1486,0.11230115655876093
1110,376,1486,0.11237578573916913
1113,379,1492,0.1124563878333259
1104,374,1478,0.11252558438781357
1109,373,1482,0.11260979899490729
1106,380,1486,0.11267606358268466
1109,380,1489,0.11274522509372777
1117,392,1509,0.11280153816819176
1110,390,1500,0.11283654765977037
1106,390,1496,0.11288543049183394
1119,385,1504,0.11294006484209565
1118,382,1500,0.11295894970498029
1119,385,1504,0.11297839390059719
1113,389,1502,0.11299222578097445
1102,392,1494,0.11301998569262586
1104,389,1493,0.11306972084613819
1109,381,1490,0.1131114323305284
1110,381,1491,0.11313785047628894
1111,393,1504,0.11316170340396357
1119,385,1504,0.11318206932029592
1124,388,1512,0.11318068762515619
1119,397,1516,0.11316960380008481
1115,393,1508,0.11317208486910267
1107,396,1503,0.11318399400949002
1105,398,1503,0.11321298586214804
1111,387,1498,0.1132447809435331
1113,384,1497,0.11326002575103075
1101,388,1489,0.11327182907839077
1101,385,1486,0.11330774094441982
1110,386,1496,0.11334328664460028
1107,387,1494,0.11335443174425479
1116,387,1503,0.11337426026708552
1114,392,1506,0.1133732127077398
1119,390,1509,0.11337529131053475
1129,384,1513,0.11336430388428419
1117,395,1512,0.11333141416054193
1121,399,1520,0.11332910918552586
1106,395,1501,0.11331707506850339
1095,392,1487,0.11334216946652598
1107,397,1504,0.11339003790599922
1107,393,1500,0.11340762863521964
1108,403,1511,0.11342452456075663
1108,403,1511,0.11343449158501982
1107,401,1508,0.11344365832309201
1109,401,1510,0.11345665744126117
1108,399,1507,0.11346559870516558
1111,398,1509,0.11347588668167019
1103,396,1499,0.11347824346435581
1101,395,1496,0.11349987794395437
1103,400,1503,0.11352459990111427
1113,403,1516,0.1135427044172307
1088,404,1492,0.11353930578614926
1096,409,1505,0.11359448282964793
1101,407,1508,0.11362633246026327
1108,404,1512,0.11364704859961286
1115,410,1525,0.11364951600246638
1117,408,1525,0.11363609084250563
1110,411,1521,0.1136178732677282
1110,410,1520,0.11361426115583623
1107,412,1519,0.11361245839142439
1098,411,1509,0.11362123856986076
1096,418,1514,0.11365055464067567
1099,407,1506,0.11368226558455566
1096,408,1504,0.11370548878333
1098,407,1505,0.11373309439634849
1095,407,1502,0.11375490420545384
1082,406,1488,0.11378102246624758
1078,410,1488,0.11383668177799237
1075,409,1484,0.11389768920160309
1073,407,1480,0.11396163084363994
1080,412,1492,0.11402189508627796
1080,411,1491,0.11406266987706122
1084,410,1494,0.11410056995875789
1084,413,1497,0.11412666611808149
1082,420,1502,0.11415042539083227
1085,413,1498,0.11417788242955058
1077,409,1486,0.11419651646244923
1076,405,1481,0.1142333536348167
1076,408,1484,0.11427061519592442
1083,410,1493,0.11430516951584498
1090,412,1502,0.11432063026860163
1101,413,1514,0.11431688838370226
1101,416,1517,0.11428523879955037
1099,417,1516,0.11425857953656562
1090,415,1505,0.1142371490532016
1080,419,1499,0.11423905863065417
1078,414,1492,0.11426187397684785
1077,422,1499,0.11428928584707201
1073,424,1497,0.11431737417287384
1078,427,1505,0.11435397565813304
1075,428,1503,0.11437490324644081
1074,420,1494,0.11439910637856503
1080,423,1503,0.1144278174035817
1075,426,1501,0.1144426223558282
1077,428,1505,0.11446776856599633
1076,425,1501,0.11448759588236694
1078,418,1496,0.11450834674636681
1073,423,1496,0.11452150151826497
1068,426,1494,0.11454557602053109
1080,425,1505,0.11457821563490692
1076,427,1503,0.11457806098369072
1064,431,1495,0.11458855983711133
1063,435,1498,0.11462658478639004
1063,425,1488,0.114663959325734
1063,430,1493,0.11469966714639647
1063,422,1485,0.11473441590349726
1061,426,1487,0.11476330801524184
1068,432,1500,0.11479546389262776
1067,437,1504,0.11480722951747424
1058,439,1497,0.11482309684396513
1051,434,1485,0.11486060601467962
1048,446,1494,0.11491016929676659
1042,445,1487,0.11496544548359452
1046,452,1498,0.11503165533374317
1047,458,1505,0.11508305002678941
1038,455,1493,0.11512792289050745
1038,458,1496,0.11519153384612388
1038,454,1492,0.11525122979910257
1048,454,1502,0.11530651724450242
1052,458,1510,0.11533569495963762
1056,451,1507,0.11535417147846687
1049,451,1500,0.11536218612953492
1050,452,1502,0.1153857402755107
1037,463,1500,0.11540464348320695
1038,465,1503,0.1154520355714353
1036,468,1504,0.11549584668367459
1036,460,1496,0.11553957286630329
1041,463,1504,0.11558070479791058
1030,461,1491,0.11560666126267889
1039,462,1501,0.11565709383237169
1037,464,1501,0.11568411285005864
1027,467,1494,0.11571260766610866
1033,461,1494,0.11576300236316626
1024,469,1493,0.11579668485052988
1033,465,1498,0.11584719680230095
1020,469,1489,0.11587133270860135
1035,469,1504,0.11592597762605904
1039,470,1509,0.11594077400908998
1035,468,1503,0.1159466180386815
1033,474,1507,0.11596303451363531
1030,473,1503,0.11598475283227141
1035,478,1513,0.11601223484812685
1029,482,1511,0.11602551561468921
1035,486,1521,0.11605159479216462
1030,489,1519,0.11606261601778638
1025,485,1510,0.11608489837874245
1029,482,1511,0.11611670619948297
1028,486,1514,0.11613425630482428
1028,489,1517,0.11615446994531554
1018,488,1506,0.11617341634356623
1019,491,1510,0.11621628161782581
1019,500,1519,0.11625530308903176
1019,502,1521,0.11629308123649014
1007,499,1506,0.11632913611454587
1007,500,1507,0.1163915571959507
1010,503,1513,0.11645095612797367
1005,498,1503,0.1164986220987329
1004,498,1502,0.11655615412527237
1006,499,1505,0.1166092765513338
1007,504,1511,0.11665091912286439
1011,495,1506,0.11668548719687767
1014,491,1505,0.11670832785562428
1019,489,1508,0.11672520524990002
1017,486,1503,0.11673009955200547
1007,496,1503,0.11673826307319154
1003,505,1508,0.11676861383815589
1006,504,1510,0.11680835792663494
1009,500,1509,0.11683960762903237
1008,502,1510,0.11686075446393121
1012,493,1505,0.11688267232632402
1010,502,1512,0.11689173847711193
1002,499,1501,0.11690300861141192
1008,493,1501,0.11693111435490632
1001,495,1496,0.11694434161768723
1011,502,1513,0.11697428946874888
1002,500,1502,0.11698097310790347
993,498,1491,0.11700740022697759
987,495,1482,0.11705229492173672
991,499,1490,0.11710613137765692
991,499,1490,0.11714756945616359
987,503,1490,0.11718939830442433
993,510,1503,0.11723502469305093
987,522,1509,0.11726589708982854
973,522,1495,0.11730824751219812
981,527,1508,0.11738005571622334
979,524,1503,0.11743007293832534
973,524,1497,0.11748340469288386
969,532,1501,0.11754690235239476
962,537,1499,0.11761665056822475
952,541,1493,0.11769804402603015
957,536,1493,0.11779784525377654
948,544,1492,0.11787640525378297
957,554,1511,0.11796981546575001
965,555,1520,0.11803587846810128
955,546,1501,0.11807737615337834
956,549,1505,0.11813670013189485
957,543,1500,0.11818912689715816
950,538,1488,0.11823542783003954
956,546,1502,0.1182923547834254
951,548,1499,0.1183288324451211
948,542,1490,0.11837693437801423
960,535,1495,0.1184276786809603
957,538,1495,0.11844390394098907
963,542,1505,0.11846880303866719
960,548,1508,0.11847823833297523
958,553,1511,0.11849610870323668
953,550,1503,0.11851795250775826
948,553,1501,0.11855400759454338
953,545,1498,0.11860057671117775
951,551,1502,0.11863185125708992
949,558,1507,0.11866862289854481
939,559,1498,0.11870720539214384
942,561,1503,0.11876668866671727
932,564,1496,0.11881034247671231
928,568,1496,0.11887329444214507
935,571,1506,0.11894190564027145
937,581,1518,0.11898861284949187
939,574,1513,0.11902882684205869
941,573,1514,0.1190633943394505
940,565,1505,0.11909025642287473
935,561,1496,0.11911595786768914
926,560,1486,0.11915028684507974
915,564,1479,0.11920446451987388
926,572,1498,0.1192787801742039
928,572,1500,0.11932445886848483
934,565,1499,0.11936191746493399
941,569,1510,0.11938384097941589
940,569,1509,0.11938568429067181
939,573,1512,0.11939228276269065
927,577,1504,0.11940371085065662
919,576,1495,0.11944289532665193
909,575,1484,0.11949700329454657
921,583,1504,0.11957053279934286
910,585,1495,0.11961199158768956
919,580,1499,0.11967473280767198
914,588,1502,0.1197149948556462
911,580,1491,0.1197632725647777
923,572,1495,0.11981442639441678
927,576,1503,0.11983312220507289
920,580,1500,0.11983942587131555
913,582,1495,0.11985987740410387
915,585,1500,0.11989505990446454
911,588,1499,0.11992467509951861
916,590,1506,0.11996175363913544
931,590,1521,0.11998486660071743
931,586,1517,0.11997099706005682
932,591,1523,0.11995921676044867
920,594,1514,0.11994396215578959
915,603,1518,0.11995788801036145
912,602,1514,0.1199815403594772
909,601,1510,0.1200135669095988
899,596,1495,0.12004838667979084
889,597,1486,0.12010315646494948
896,600,1496,0.12017808988978619
899,600,1499,0.1202312696953517
899,600,1499,0.12027326650077942
892,600,1492,0.12031252077788027
891,608,1499,0.12036687652716406
890,617,1507,0.12042225514324036
882,625,1507,0.12047540894456764
887,625,1512,0.12054347148643915
876,628,1504,0.12059686042160742
886,608,1494,0.12067185194543133
876,612,1488,0.12071977084558748
881,619,1500,0.1207885474920446
871,624,1495,0.12083784362352532
871,623,1494,0.12090685581928795
874,622,1496,0.1209745405425625
859,635,1494,0.12103248928164544
861,639,1500,0.12111936610767023
866,641,1507,0.12119811930864159
854,645,1499,0.1212588275327358
855,645,1500,0.12134456584701495
870,640,1510,0.12142235190460358
875,642,1517,0.12145880626164068
871,646,1517,0.12147990914787649
861,648,1509,0.12150856762664042
846,639,1485,0.12155744992885388
847,638,1485,0.12164098818754716
851,637,1488,0.12171597012599938
857,637,1494,0.12177626104815664
855,641,1496,0.12181663001507761
853,643,1496,0.12185788185842213
845,647,1492,0.12190191797114086
852,650,1502,0.12196221271763086
850,658,1508,0.12200017040532829
846,665,1511,0.12204275140006594
847,654,1501,0.12209384443277212
850,650,1500,0.1221404192678505
850,646,1496,0.12217359723460833
843,654,1497,0.12220550766709729
845,657,1502,0.1222517200609489
852,663,1515,0.12229098454342609
856,670,1526,0.1223144060880506
848,662,1510,0.12232495929662904
848,658,1506,0.12235383410988523
841,661,1502,0.12237797648529793
840,663,1503,0.12241819826480277
834,671,1505,0.12245964438728929
840,659,1499,0.1225135257376788
843,659,1502,0.12254960285515797
839,669,1508,0.12257701020983727
830,671,1501,0.12261550043209915
826,665,1491,0.12267118098670853
813,671,1484,0.12273094498550595
818,669,1487,0.12281684240570254
814,671,1485,0.12288555783024624
807,672,1479,0.12295755360916855
811,676,1487,0.12304070481336044
825,675,1500,0.12310780218319317
826,670,1496,0.12313627806187527
824,676,1500,0.12316029119337056
813,679,1492,0.12318769229648442
814,689,1503,0.12323922487937047
820,686,1506,0.12328278618197759
814,694,1508,0.12330898363940301
822,682,1504,0.12334686436867076
829,677,1506,0.12336449920243699
826,682,1508,0.12336639358631782
828,681,1509,0.12337608529263154
834,686,1520,0.12338197758064967
830,690,1520,0.12337597526404999
818,690,1508,0.12337775196555169
819,684,1503,0.12341001747991244
823,685,1508,0.12343327239658893
819,685,1504,0.12344847516062998
807,689,1496,0.12347161659273656
808,687,1495,0.12352261388194041
815,686,1501,0.12356830322886064
814,691,1505,0.12359443138238291
808,695,1503,0.12362089964813522
804,702,1506,0.12365970793278709
803,700,1503,0.12370480296484956
795,703,1498,0.12374934437060073
800,702,1502,0.12381119103579608
795,707,1502,0.12385818125210296
792,706,1498,0.12391585999306458
794,717,1511,0.12397594580333418
795,724,1519,0.12402950799685744
789,715,1504,0.1240767690906961
793,719,1512,0.12413321388690932
789,725,1514,0.12417348648905305
801,724,1525,0.12422133212140739
808,723,1531,0.12423830805467226
791,707,1498,0.12423841090150571
795,708,1503,0.12427706528510615
792,710,1502,0.12430555597621337
785,717,1502,0.12433996564699895
787,723,1510,0.12438773212157424
791,733,1524,0.12442813468712725
785,722,1507,0.12445669712891473
772,726,1498,0.12449903551944536
772,721,1493,0.1245667421107703
769,732,1501,0.12463097823481434
769,719,1488,0.1246961348733442
774,736,1510,0.1247559015234641
769,742,1511,0.12480070441748088
763,757,1520,0.12485720268879713
760,750,1510,0.12492392740668086
757,755,1512,0.12499378932894684
759,753,1512,0.12506560222531435
766,746,1512,0.125126330907593
769,746,1515,0.12516373569458206
763,756,1519,0.12519315438136863
764,751,1515,0.12523726374504313
758,757,1515,0.12527661321657438
753,761,1514,0.12532605041746298
742,754,1496,0.12538350482414165
742,763,1505,0.12546243566356197
739,766,1505,0.12553679339505772
743,768,1511,0.1256134259249442
744,763,1507,0.12567420500509438
747,764,1511,0.12573054900483352
747,770,1517,0.12577707407127744
744,764,1508,0.12582359366642124
740,776,1516,0.12587203021789148
735,771,1506,0.12592690809021742
729,770,1499,0.12599242642835434
728,773,1501,0.12606604748512487
732,771,1503,0.12613753871030467
735,771,1506,0.1261942125243844
734,779,1513,0.1262399259737943
731,789,1520,0.1262835356570248
723,783,1506,0.1263319403353941
722,783,1505,0.12639533166228367
720,786,1506,0.12645670341399506
716,794,1510,0.12651884497441718
708,797,1505,0.12658641877873278
707,802,1509,0.12666611486132207
712,798,1510,0.12674441370154493
711,799,1510,0.12680876649644307
710,793,1503,0.12686975299797745
702,795,1497,0.12692794935849952
710,795,1505,0.12699829113115385
704,797,1501,0.12704360797889422
703,804,1507,0.1271005309497248
690,803,1493,0.12715592010022184
690,803,1493,0.1272408846384203
689,803,1492,0.1273182582390585
691,802,1493,0.1273938145121421
687,813,1500,0.12745951844580788
686,816,1502,0.12752842669052003
688,807,1495,0.12759528602093095
697,810,1507,0.12765519620449683
699,811,1510,0.12769054902544114
709,801,1510,0.12771965863713158
701,807,1508,0.12771819316312985
702,809,1511,0.12773444429137928
706,801,1507,0.12774599561930047
702,806,1508,0.12774835823376868
706,803,1509,0.12775878131053148
704,799,1503,0.12775907625766034
696,813,1509,0.12776577273644046
691,824,1515,0.12779304993653917
682,827,1509,0.12783151335727524
690,829,1519,0.1278879599777473
684,827,1511,0.12792288109841432
687,833,1520,0.1279713748217759
690,832,1522,0.1280098880690066
695,831,1526,0.12803571639174305
683,824,1507,0.12805051951683716
679,827,1506,0.1280927571507399
671,819,1490,0.12814235346964392
669,812,1481,0.12820708559448257
671,818,1489,0.1282712747612263
672,822,1494,0.1283269564339392
674,822,1496,0.12837767455605306
672,828,1500,0.128420480914883
671,827,1498,0.12846454137972457
673,836,1509,0.1285074123098827
666,837,1503,0.12854324996670427
659,838,1497,0.1285950690627763
668,838,1506,0.1286594865841011
670,833,1503,0.1286998949420882
673,837,1510,0.12873108786981433
662,830,1492,0.12875384841872173
669,837,1506,0.12879867663799327
671,832,1503,0.1288259225210811
677,826,1503,0.12884678254423923
670,826,1496,0.12885124539782597
665,831,1496,0.1288728480858768
658,839,1497,0.12890320134903877
662,840,1502,0.12895121335870227
658,845,1503,0.12898889648839734
655,853,1508,0.12903201784793591
653,857,1510,0.12908149478097874
648,862,1510,0.1291310729306106
643,867,1510,0.12918983132510925
640,859,1499,0.12925692393039626
640,852,1492,0.129325645562873
638,853,1491,0.12938983368618223
635,849,1484,0.12945671760387756
637,850,1487,0.1295252184454736
640,870,1510,0.1295831248261655
646,873,1519,0.1296317182484982
640,878,1518,0.12966204804813578
636,881,1517,0.1297071492867686
631,875,1506,0.12975914745390635
630,872,1502,0.12981646038335307
628,878,1506,0.12987448425399145
626,882,1508,0.1299321029584155
632,868,1500,0.12999127851886805
630,877,1507,0.1300351141666113
631,879,1510,0.13008094697028483
628,881,1509,0.13012048720206512
629,866,1495,0.13016319738116022
625,877,1502,0.1302004202240952
635,876,1511,0.13024590484392295
630,879,1509,0.1302633210805225
623,878,1501,0.13028990943709204
606,883,1489,0.13033142144986307
616,886,1502,0.13041104995330652
610,886,1496,0.13046369285777534
615,896,1511,0.13052631586945546
620,893,1513,0.13057433512655045
615,882,1497,0.13060851961915174
613,880,1493,0.1306543535997095
613,892,1505,0.13069720094962445
614,902,1516,0.1307394282804873
614,895,1509,0.1307757023970916
607,908,1515,0.1308113135473889
608,909,1517,0.1308618850175076
609,913,1522,0.1309063840767184
609,905,1514,0.13094748938786668
609,916,1525,0.130986140168683
607,908,1515,0.13102342796548896
600,910,1510,0.1310645324490917
601,908,1509,0.1311205853926955
596,914,1510,0.1311699614326824
603,917,1520,0.13122696974177883
596,915,1511,0.13126468986122877
597,917,1514,0.13131284703837423
597,916,1513,0.1313557182752712
597,925,1522,0.13139490217990357
601,918,1519,0.13143319976092072
597,906,1503,0.1314582091185099
599,927,1526,0.13149141593320085
595,921,1516,0.13151633064843513
582,917,1499,0.1315495265923673
593,904,1497,0.13161206777782772
596,917,1513,0.13164660948271895
591,908,1499,0.13167365750474425
595,920,1515,0.1317108434156147
599,912,1511,0.13173467296357338
599,912,1511,0.13174744747974187
591,919,1510,0.1317595802256025
596,921,1517,0.13178985692536319
583,918,1501,0.1318079469156267
579,923,1502,0.13185546185444333
584,918,1502,0.13190460104796645
579,918,1497,0.1319383158186856
585,924,1509,0.13198270155240888
576,928,1504,0.13200932601107268
572,935,1507,0.1320567670257695
575,927,1502,0.13211257819387448
578,933,1511,0.13215887756417996
569,926,1495,0.1321947693302759
572,937,1509,0.13225087648291023
559,942,1501,0.13229766608378749
565,949,1514,0.13236917609125196
557,951,1508,0.13242422081951713
553,957,1510,0.13249527147111054
552,961,1513,0.13257090191263843
546,958,1504,0.13264490060006062
547,950,1497,0.1327279353748934
546,943,1489,0.13280306290986507
546,953,1499,0.13287531441773232
550,962,1512,0.1329434775122793
556,957,1513,0.13299753134420478
553,964,1517,0.13303240684081094
548,966,1514,0.13307262570934497
548,957,1505,0.13312256090429656
547,961,1508,0.1331661803038796
551,966,1517,0.1332079957829288
552,965,1517,0.13323780497947937
547,967,1514,0.1332635593848754
548,963,1511,0.13330235417363967
549,956,1505,0.1333360493887679
549,957,1506,0.13336174550414462
549,953,1502,0.13338507898988428
540,962,1502,0.13340600399785713
551,951,1502,0.13344497422960586
547,950,1497,0.133457159808294
547,950,1497,0.13347804363406446
546,943,1489,0.13349770072119
540,961,1501,0.13351972962335754
545,958,1503,0.13355381347665263
541,959,1500,0.1335756553247051
537,955,1492,0.1336046696125995
537,963,1500,0.13363986618253004
544,960,1504,0.13367491743827487
538,970,1508,0.1336917798471347
538,978,1516,0.133720998275837
535,978,1513,0.1337474444692891
534,981,1515,0.13377920788776396
534,989,1523,0.1338110696479705
532,988,1520,0.13384052246129166
530,989,1519,0.13387107609896462
529,971,1500,0.13390552280171544
534,964,1498,0.13393815456231067
536,972,1508,0.13395930917047977
535,967,1502,0.13397200957023453
538,968,1506,0.13398460615039334
539,966,1505,0.1339905173563335
538,971,1509,0.1339964522660644
533,963,1496,0.13400369249346267
534,966,1500,0.13402312592211774
527,953,1480,0.13403687390643193
525,963,1488,0.13406685379695948
527,972,1499,0.13409947512443987
524,971,1495,0.13412377563775285
527,963,1490,0.13415218765558598
527,977,1504,0.1341691822109847
528,974,1502,0.13418814203301405
523,978,1501,0.13420513577748922
524,978,1502,0.13423378230510244
522,972,1494,0.13425852425387827
521,995,1516,0.13428806775082744
525,998,1523,0.13431916158730586
528,991,1519,0.1343391116017579
523,994,1517,0.1343510770996744
524,1003,1527,0.13437325084609206
517,997,1514,0.1343926535415538
519,986,1505,0.13442643454312478
522,986,1508,0.1344512768957286
522,976,1498,0.13446737858213578
516,989,1505,0.1344845961405473
516,1002,1518,0.13451531860750107
511,1008,1519,0.13454407124755996
502,1001,1503,0.13458296276641324
495,1007,1502,0.13464107944450038
488,1003,1491,0.13471018298576531
489,996,1485,0.13479258530241778
495,1006,1501,0.13486619449229673
502,1002,1504,0.13491974705177123
499,1003,1502,0.13495353415827324
505,997,1502,0.13499155771840016
503,1011,1514,0.13501098599933187
506,999,1505,0.1350352550222978
507,996,1503,0.13505071967014742
503,998,1501,0.13506492921455668
502,1002,1504,0.13508810182121134
497,1011,1508,0.13511354611287854
493,1003,1496,0.1351472893904021
491,1018,1509,0.13518989931929196
482,1025,1507,0.1352349271438746
483,1017,1500,0.13529847811247891
487,1018,1505,0.13535310763089245
493,1020,1513,0.1353940043599445
487,1030,1517,0.13541844717411222
481,1025,1506,0.13545581463130418
479,1020,1499,0.13550786075460414
477,1021,1498,0.13555880409298354
469,1026,1495,0.13561020306725172
477,1015,1492,0.13567788891850474
473,1027,1500,0.13572144118356946
470,1023,1493,0.13577184489404737
475,1029,1504,0.13582628082043638
470,1031,1501,0.13586449325556518
471,1030,1501,0.13590990274977827
466,1049,1515,0.135949632180931
465,1057,1522,0.1359974345276265
473,1049,1522,0.1360435218399274
476,1049,1525,0.13606967722058777
470,1056,1526,0.13608808397009617
460,1043,1503,0.13612018676043375
460,1045,1505,0.1361745266551241
460,1043,1503,0.13622523607600645
465,1043,1508,0.13627151580458424
468,1039,1507,0.1363027830219352
475,1035,1510,0.1363252138612145
470,1050,1520,0.13633004234973037
475,1045,1520,0.13634476855906036
476,1040,1516,0.13634808534965218
474,1044,1518,0.13634836806830627
467,1044,1511,0.13635320514153074
461,1047,1508,0.13637585016712048
468,1049,1517,0.13641046385903788
474,1051,1525,0.13642757016816795
474,1049,1523,0.13642978333661376
466,1052,1518,0.1364325328051659
463,1056,1519,0.1364518069024928
461,1047,1508,0.13647831456714113
456,1048,1504,0.13650797120368677
461,1061,1522,0.13654850006163013
460,1054,1514,0.13657413142137959
456,1057,1513,0.1365989043938429
456,1061,1517,0.1366316628923594
452,1059,1511,0.13666280853460835
455,1068,1523,0.1367008632190535
454,1073,1527,0.1367298974866524
452,1067,1519,0.13675896586338787
452,1066,1518,0.13679225418748386
452,1059,1511,0.13682297237639876
455,1055,1510,0.13684958483727108
451,1050,1501,0.13686482039775666
452,1039,1491,0.13688898387198287
452,1055,1507,0.13691147742312954
446,1061,1507,0.13693391861444748
447,1060,1507,0.13697035769230578
450,1066,1516,0.1370028624123131
448,1065,1513,0.13702711822275174
448,1061,1509,0.13705118203829073
434,1055,1489,0.1370729667042519
441,1057,1498,0.13712715521140825
434,1065,1499,0.13716136490950304
429,1065,1494,0.13721089426986235
432,1066,1498,0.1372699426198506
436,1061,1497,0.13732016348566575
434,1070,1504,0.13735448193467145
429,1077,1506,0.13739006610512935
431,1077,1508,0.13743521390689392
418,1072,1490,0.13747264827724806
423,1077,1500,0.13753916471761293
424,1087,1511,0.13759050743378132
426,1087,1513,0.13763665400051675
425,1096,1521,0.13767549700477658
420,1100,1520,0.1377144979236682
415,1106,1521,0.137763708312334
417,1089,1506,0.1378215764040739
413,1099,1512,0.1378710964103417
414,1090,1504,0.13792601218319012
411,1099,1510,0.13797616961824224
413,1090,1503,0.13802659635006456
412,1098,1510,0.13806867132748946
412,1093,1505,0.13811121837850518
415,1093,1508,0.13815209284794255
408,1090,1498,0.13818304936979176
409,1089,1498,0.13822867034132777
402,1092,1494,0.1382679050734015
402,1096,1498,0.13832233478964506
401,1101,1502,0.13837350649895735
399,1100,1499,0.1384231640582001
398,1105,1503,0.13847195215753463
399,1110,1509,0.13852020943242546
392,1104,1496,0.13856372662053792
396,1121,1517,0.13861862432431046
402,1117,1519,0.13866141863423745
401,1126,1527,0.1386866377955449
393,1123,1516,0.13871440364290788
388,1117,1505,0.1387599233979309
392,1111,1503,0.1388152098338983
391,1131,1522,0.13885808049702994
391,1121,1512,0.13889808268279424
400,1119,1519,0.13893353609535375
399,1124,1523,0.13894404249233328
396,1109,1505,0.1389568286564376
391,1115,1506,0.138974835385058
388,1118,1506,0.1390045910524443
387,1123,1510,0.13904024418696692
395,1114,1509,0.13907464256413418
391,1114,1505,0.13908524807570136
386,1114,1500,0.139105429523027
388,1112,1500,0.13913601899497777
392,1108,1500,0.1391583765277543
391,1115,1506,0.13917068294508378
397,1099,1496,0.13918032842205727
391,1104,1495,0.13917700156094726
393,1114,1507,0.13918462032000864
386,1114,1500,0.139188555611641
386,1120,1506,0.1392102127887932
384,1114,1498,0.13923160816940627
390,1121,1511,0.13925797730925873
391,1127,1518,0.13926877755886238
392,1122,1514,0.1392777654445012
391,1122,1513,0.13928372791219829
396,1131,1527,0.1392937793640163
396,1127,1523,0.13929062207289905
393,1125,1518,0.13928680899301857
388,1123,1511,0.1392919615664382
387,1115,1502,0.1393093210543167
382,1124,1506,0.13932825669071552
384,1120,1504,0.13935772067181376
381,1121,1502,0.13938149095543323
385,1126,1511,0.1394110965712483
384,1131,1515,0.139428751496894
388,1134,1522,0.13945005930970475
382,1141,1523,0.13946030355617808
382,1132,1514,0.1394830195077021
380,1139,1519,0.1395056146479861
379,1147,1526,0.13953165378769405
376,1141,1517,0.13955945583385282
377,1125,1502,0.1395928946047125
375,1128,1503,0.13962299876198664
383,1120,1503,0.13965445196360393
378,1130,1508,0.13966432596261902
375,1136,1511,0.13968532037051712
373,1121,1494,0.13971166632262513
375,1120,1495,0.13974092593757562
377,1129,1506,0.13976450379486388
371,1142,1513,0.13978103264675285
368,1140,1508,0.13981042404397317
366,1149,1515,0.1398455849313407
371,1147,1518,0.1398841029610718
372,1138,1510,0.13990695638814452
375,1135,1510,0.13992367199550956
374,1132,1506,0.13992884138897405
369,1140,1509,0.13993725640257662
369,1132,1501,0.13995617398419302
362,1144,1506,0.13997601087208988
360,1151,1511,0.14001122821243261
358,1162,1520,0.14004908327228158
359,1153,1512,0.1400909018529977
359,1158,1517,0.14012749488124693
358,1152,1510,0.14016093383370534
364,1145,1509,0.1401955751686992
361,1152,1513,0.1402142899202813
362,1155,1517,0.1402383634658331
362,1156,1518,0.14026004832979483
362,1159,1521,0.14027931035815072
357,1153,1510,0.14029525679602672
353,1153,1506,0.14032145912314006
352,1146,1498,0.14035487367922575
357,1156,1513,0.14038819140663558
362,1148,1510,0.14040924045033645
365,1143,1508,0.1404165617121372
364,1137,1501,0.14041570773037496
365,1147,1512,0.14041782680565149
369,1149,1518,0.14042046998744095
364,1143,1507,0.14041263716553853
363,1155,1518,0.14041812417937355
368,1165,1533,0.14042546826960295
366,1158,1524,0.14041981901101339
364,1146,1510,0.14042027789972447
361,1135,1496,0.14042269024637066
359,1143,1502,0.14043128633581062
357,1147,1504,0.14044480164892664
351,1141,1492,0.14046292389427126
354,1154,1508,0.14049617737415113
351,1173,1524,0.14051841147075902
349,1169,1518,0.1405476532033486
343,1177,1520,0.14058037165555942
344,1171,1515,0.14062442097216835
338,1162,1500,0.14066287744282643
343,1161,1504,0.14071504864501158
337,1158,1495,0.14075189493940216
338,1157,1495,0.14080167725515427
342,1166,1508,0.14084556958186267
339,1160,1499,0.14087815027523323
343,1163,1506,0.14091646225880416
342,1160,1502,0.14094169069211535
338,1155,1493,0.14096647851534733
336,1170,1506,0.14099894530033277
339,1180,1519,0.141033836727281
340,1173,1513,0.1410612336773778
341,1173,1514,0.1410836193604827
337,1175,1512,0.14110003856899872
334,1173,1507,0.14112363632693906
333,1178,1511,0.14115372649385335
331,1187,1518,0.1411861422923033
332,1180,1512,0.1412208232738362
329,1189,1518,0.14125143535269188
342,1186,1528,0.14128589256686191
342,1191,1533,0.14128510898491067
338,1180,1518,0.14128524859935357
334,1174,1508,0.14129524563739598
335,1177,1512,0.14131492766572776
333,1193,1526,0.14133274963888393
336,1185,1521,0.1413540272047042
332,1187,1519,0.14136648912471766
330,1185,1515,0.1413878735256939
325,1179,1504,0.1414111446495222
327,1186,1513,0.1414439662021995
323,1187,1510,0.14146801124510702
328,1191,1519,0.14150052867040044
321,1198,1519,0.14151992846313696
318,1189,1507,0.141554504162644
322,1181,1503,0.14159296259787923
330,1173,1503,0.14162003817574828
331,1174,1505,0.14162528678738506
333,1182,1515,0.14162825526796294
332,1185,1517,0.1416244207386182
327,1188,1515,0.14162485104089126
328,1188,1516,0.14163784223036552
334,1191,1525,0.14164862413000928
336,1185,1521,0.14164394783635223
329,1195,1524,0.14163652438598237
321,1196,1517,0.14164602123511616
318,1192,1510,0.1416758835607536
319,1189,1508,0.14171151156681405
316,1200,1516,0.14174082593515153
318,1199,1517,0.14177531052374245
314,1205,1519,0.14180323507693054
313,1211,1524,0.1418368770387587
318,1209,1527,0.14186939256679923
316,1207,1523,0.14189028502915824
315,1213,1528,0.14191529817439627
309,1204,1513,0.14193976033415465
309,1200,1509,0.14197727209209396
311,1199,1510,0.1420144644112192
309,1192,1501,0.14204158904044284
312,1198,1510,0.14207096541205064
307,1190,1497,0.142092114420619
312,1186,1498,0.14212338642288702
308,1191,1499,0.14214173151728576
301,1199,1500,0.14216833856889058
303,1205,1508,0.1422103356957893
301,1211,1512,0.14224479191154216
301,1206,1507,0.14228223193330594
302,1209,1511,0.1423182514951348
298,1202,1500,0.1423496798186076
299,1212,1511,0.14238873856508213
293,1212,1505,0.14242417500737364
292,1218,1510,0.14247103877103362
288,1218,1506,0.14251703810947688
283,1227,1510,0.14257048754539978
283,1228,1511,0.14263226052298345
280,1228,1508,0.14268862692660264
282,1239,1521,0.1427488543629222
275,1235,1510,0.14279977249293357
275,1234,1509,0.14286395364942803
277,1235,1512,0.14292405341898612
280,1238,1518,0.1429750196073345
278,1228,1506,0.14301514665718115
275,1214,1489,0.1430565084397764
281,1218,1499,0.14309927186014357
277,1227,1504,0.14312579647000243
279,1238,1517,0.1431621204256835
274,1233,1507,0.14319024574956427
271,1244,1515,0.14322896342840713
270,1240,1510,0.14327262292433815
271,1244,1515,0.14331752134754058
272,1253,1525,0.14335754416657076
274,1249,1523,0.14339299066134448
269,1243,1512,0.1434195926174583
271,1235,1506,0.14345557660699468
280,1248,1528,0.14348327625908303
275,1242,1517,0.14348865334052077
273,1238,1511,0.14350735727494904
272,1245,1517,0.14352854744551777
274,1244,1518,0.14355034078578316
277,1240,1517,0.14356554104841068
272,1241,1513,0.1435749160710736
276,1242,1518,0.14359563480632886
276,1246,1522,0.1436054249809529
270,1257,1527,0.1436145398651164
274,1254,1528,0.14363555596578303
267,1253,1520,0.14364485840102265
267,1238,1505,0.14367064753367445
272,1237,1509,0.1436965931702757
270,1242,1512,0.1437089397029179
270,1245,1515,0.14372644697408243
271,1249,1520,0.1437414222864857
265,1243,1508,0.1437534221209915
271,1243,1514,0.14377886201302403
267,1253,1520,0.14378925884076907
265,1251,1516,0.14380840299410352
267,1251,1518,0.1438314846033135
266,1265,1531,0.143848001130629
264,1265,1529,0.14386492118331484
266,1265,1531,0.14388607625377575
259,1248,1507,0.1439004981930222
258,1254,1512,0.14393102567889746
258,1254,1512,0.14396162033419138
257,1260,1517,0.1439916781276861
258,1256,1514,0.14402007421024607
257,1254,1511,0.14404516857706348
253,1265,1518,0.14407195164039716
253,1252,1505,0.14410576877369619
253,1261,1514,0.14413783642747094
250,1256,1506,0.14416505465268514
248,1266,1514,0.14419777553022467
249,1273,1522,0.14423366640826288
247,1260,1507,0.14426510204374896
245,1262,1507,0.14429858779117524
248,1274,1522,0.14433475041598406
251,1269,1520,0.14436165792809091
245,1272,1517,0.1443805175459861
240,1271,1511,0.1444131015080814
244,1283,1527,0.14445444558778575
240,1288,1528,0.1444846651235429
234,1274,1508,0.14452378927120957
231,1281,1512,0.14457511599572384
235,1286,1521,0.14463108801667776
237,1284,1521,0.14467197122951803
239,1279,1518,0.14470508288644118
244,1280,1524,0.14473110048392823
243,1283,1526,0.14474126723279018
234,1272,1506,0.14475537993326668
236,1276,1512,0.144789451263507
235,1283,1518,0.14481522276797443
234,1280,1514,0.14484249574059327
235,1274,1509,0.14487014504451776
237,1281,1518,0.14489505017011742
234,1274,1508,0.1449136232024247
233,1284,1517,0.1449370056303833
236,1283,1519,0.14496249331038977
238,1289,1527,0.14497829329138137
239,1293,1532,0.1449883182011007
238,1293,1531,0.14499579303431395
234,1286,1520,0.14500577204561174
230,1276,1506,0.14502580315885016
231,1271,1502,0.14505319423553728
229,1270,1499,0.14507594349924133
228,1285,1513,0.1451001123019611
232,1290,1522,0.1451244459883391
228,1284,1512,0.1451392664365994
231,1293,1524,0.14516193539438926
230,1287,1517,0.1451772950913382
228,1293,1521,0.14519431832236948
224,1296,1520,0.14521329261347626
227,1280,1507,0.1452408296344226
227,1291,1518,0.14526063452601864
226,1297,1523,0.14527872558082405
227,1291,1518,0.14529914854967077
223,1291,1514,0.14531665853902095
218,1284,1502,0.14534173867883152
217,1294,1511,0.14537790811673
213,1297,1510,0.14541424966051889
212,1295,1507,0.145455303541051
212,1295,1507,0.1454966836034154
207,1310,1517,0.14553478111387982
206,1311,1517,0.14558264973952723
202,1312,1514,0.14562915308866992
197,1312,1509,0.145683751046662
198,1305,1503,0.1457463799733104
197,1307,1504,0.1458031646988344
202,1311,1513,0.14585853720509362
197,1307,1504,0.14590001395619626
194,1319,1513,0.14595039808229182
190,1323,1513,0.14600364487540932
187,1312,1499,0.1460632573911896
190,1308,1498,0.14612588062434792
190,1309,1499,0.14617616968028307
184,1310,1494,0.1462214524243669
182,1313,1495,0.14627860955812047
189,1313,1502,0.14633753363166263
188,1321,1509,0.14637591148575108
189,1328,1517,0.14641457593734086
190,1327,1517,0.14644944866022505
191,1321,1512,0.14647829842339313
191,1324,1515,0.14650189802007937
192,1317,1509,0.1465252679020333
190,1316,1506,0.1465450374088361
191,1330,1521,0.14656865762395632
189,1326,1515,0.14658744300425
187,1321,1508,0.146610795438788
189,1320,1509,0.14663835736827135
187,1332,1519,0.14665954225925915
188,1329,1517,0.14668437933233214
183,1325,1508,0.1467036511302561
177,1325,1502,0.14673516145644058
178,1330,1508,0.1467802820512768
174,1330,1504,0.14681887437156937
171,1324,1495,0.14686448936707744
175,1337,1512,0.14691376533190825
175,1344,1519,0.14695090630463015
175,1333,1508,0.14698640332865257
176,1343,1519,0.14702008734122513
171,1332,1503,0.14704888225670276
175,1334,1509,0.1470870461052194
169,1345,1514,0.14711339478928662
168,1328,1496,0.14715323504990344
162,1345,1507,0.14719285497273268
163,1356,1519,0.14724429979514042
162,1342,1504,0.14728979593168032
165,1359,1524,0.1473340039282571
163,1355,1518,0.14736883646727283
160,1362,1522,0.14740732719442964
166,1358,1524,0.14744808286638708
161,1357,1518,0.14747116557209305
159,1354,1513,0.1475044299041507
157,1359,1516,0.1475419905240515
156,1359,1515,0.14758228472077095
156,1345,1501,0.14762101732931565
156,1347,1503,0.1476584927225877
152,1338,1490,0.14769309035162612
151,1345,1496,0.14773310706623324
155,1356,1511,0.1477724619015635
156,1358,1514,0.1477986681531982
154,1352,1506,0.14782107661217092
152,1350,1502,0.14784469885237952
150,1354,1504,0.14787304310191918
152,1346,1498,0.14790558142131008
155,1360,1515,0.1479310272719019
157,1357,1514,0.14794818753906472
153,1359,1512,0.14795835096782575
151,1354,1505,0.1479767642369366
151,1371,1522,0.1479992397418031
157,1368,1525,0.14802108656164623
157,1356,1513,0.14802824988381544
155,1346,1501,0.14803469175399303
156,1359,1515,0.14804579822880987
154,1367,1521,0.1480552094748921
153,1364,1517,0.1480692156494823
155,1374,1529,0.1480843387342422
152,1379,1531,0.14809410401328937
153,1373,1526,0.14811131606052932
150,1372,1522,0.1481250628749757
144,1372,1516,0.14814556740461204
142,1364,1506,0.14817893586737285
143,1370,1513,0.14821557191539328
144,1370,1514,0.14824756677972495
144,1365,1509,0.14827551039201367
143,1369,1512,0.1483016612045734
140,1363,1503,0.1483284836823995
140,1366,1506,0.14836099541350983
138,1360,1498,0.14839133379559263
142,1360,1502,0.14842535147256156
140,1362,1502,0.14844643743859184
139,1368,1507,0.148470566025918
145,1372,1517,0.14849542641131105
145,1373,1518,0.14850360943542204
145,1357,1502,0.14851020939817708
152,1354,1506,0.14851510115441235
153,1347,1500,0.14850124771089376
149,1347,1496,0.14848622015900587
149,1347,1496,0.14848251754808056
148,1351,1499,0.14847961648263389
148,1351,1499,0.14848109926332237
144,1347,1491,0.14848303264207996
144,1358,1502,0.14849349048556648
144,1355,1499,0.14850425854900426
138,1358,1496,0.14851489020126307
137,1354,1491,0.1485391275346048
137,1370,1507,0.14856428663305546
137,1375,1512,0.1485879865068832
138,1365,1503,0.14861011218593528
132,1374,1506,0.14862874574589877
127,1375,1502,0.14866046268056393
128,1385,1513,0.14870334765051185
128,1383,1511,0.14874123581797227
128,1383,1511,0.14877570144489524
124,1388,1512,0.14880843273553598
121,1386,1507,0.14884746426267295
123,1393,1516,0.14889232222301915
123,1381,1504,0.1489299299811469
125,1394,1519,0.14896551713412642
123,1396,1519,0.14899309161535243
122,1391,1513,0.14902318011727428
124,1383,1507,0.14905375568080625
127,1382,1509,0.14907677559323432
128,1379,1507,0.1490915889731868
125,1394,1519,0.1491034586272749
124,1380,1504,0.1491220024846391
120,1383,1503,0.14914166880824528
121,1387,1508,0.14916963386185184
121,1392,1513,0.14919352968032812
125,1390,1515,0.14921558167379498
121,1389,1510,0.1492281314290278
120,1393,1513,0.149249638132643
118,1393,1511,0.1492720318385115
112,1396,1508,0.14929795484170588
116,1406,1522,0.1493359340997723
119,1389,1508,0.149361755265329
115,1392,1507,0.14937902173439344
112,1396,1508,0.14940513942816175
115,1410,1525,0.1494359234737451
115,1406,1521,0.14945813713557027
113,1411,1524,0.1494791206267391
111,1409,1520,0.14950436188542082
112,1405,1517,0.14953348268228195
111,1399,1510,0.1495588235077085
108,1400,1508,0.14958518204512058
111,1410,1521,0.14961695917523152
111,1416,1527,0.14964037489677884
111,1409,1520,0.14966110845063638
112,1402,1514,0.1496808417054768
109,1405,1514,0.14969594649331067
109,1407,1516,0.1497177764748506
108,1422,1530,0.14973877913357253
105,1414,1519,0.1497611751974327
105,1401,1506,0.14978954688468135
105,1402,1507,0.14981493262566908
107,1412,1519,0.14983753439473038
107,1411,1518,0.14985374425461273
106,1418,1524,0.14986972282976935
103,1398,1501,0.14988779993240542
106,1409,1515,0.1499113832033585
109,1408,1517,0.14992518690431184
103,1416,1519,0.14993197957076748
102,1427,1529,0.14995335400660742
101,1426,1527,0.1499761192274291
100,1420,1520,0.14999996690631107
99,1408,1507,0.15002481233343853
100,1398,1498,0.15004887442339013
100,1405,1505,0.15006885193777975
106,1415,1521,0.1500869481705146
107,1413,1520,0.15008714094522124
107,1415,1522,0.15008500301329264
110,1425,1535,0.15008186219901332
113,1418,1531,0.15007166977272393
114,1418,1532,0.15005482085912555
111,1423,1534,0.15003755798718993
111,1422,1533,0.150029496031032
112,1407,1519,0.1500227769971945
111,1409,1520,0.15001286196742508
108,1404,1512,0.15000688606491222
109,1400,1509,0.1500080607134821
111,1401,1512,0.1500073933044927
109,1403,1512,0.15000268371886644
108,1404,1512,0.15000368253386231
106,1408,1514,0.1500072989519365
107,1410,1517,0.15001492490057244
103,1403,1506,0.15001858511461852
106,1410,1516,0.15003194786939245
108,1415,1523,0.1500367656455904
108,1405,1513,0.15003628717077508
104,1406,1510,0.15003684121436167
104,1408,1512,0.15004778130432375
101,1411,1512,0.15005916315068799
103,1412,1515,0.1500766937038138
100,1411,1511,0.15008756571208626
100,1423,1523,0.15010536787407527
102,1411,1513,0.15012264240554418
102,1419,1521,0.15013255495646863
104,1415,1519,0.15014271669455134
103,1415,1518,0.1501476089946879
101,1409,1510,0.1501546855061458
99,1422,1521,0.1501652068663348
99,1418,1517,0.15018041796395085
99,1424,1523,0.15019566624133646
98,1432,1530,0.15020909769840915
100,1423,1523,0.15022455741347454
101,1425,1526,0.1502339917199461
102,1425,1527,0.15023935833878968
101,1427,1528,0.15024289794879964
101,1430,1531,0.15024875798594464
98,1421,1519,0.15025488214434418
99,1415,1514,0.1502679936478149
96,1414,1510,0.15027738900569282
99,1409,1508,0.15029319740840183
99,1417,1516,0.15029991179590343
99,1412,1511,0.15030491213278857
103,1411,1514,0.15031014074116653
103,1408,1511,0.15030378724198348
104,1417,1521,0.15029825897330043
106,1425,1531,0.1502912543021337
104,1413,1517,0.1502797385052645
101,1414,1515,0.1502733334018549
105,1403,1508,0.1502749915140791
104,1408,1512,0.15026557749129196
103,1401,1504,0.15025916284982008
102,1405,1507,0.1502560693175549
103,1418,1521,0.1502542630403194
106,1411,1517,0.15024999229941863
106,1414,1520,0.15023934434809738
107,1423,1530,0.15023004704666612
104,1418,1522,0.15021956407699613
102,1421,1523,0.15021542178720856
101,1423,1524,0.15021625907208944
100,1416,1516,0.150220202067364
99,1409,1508,0.15022629399677292
98,1409,1507,0.15023269680089923
98,1410,1508,0.1502417176652522
95,1428,1523,0.15025040660961372
94,1419,1513,0.1502649666051585
94,1417,1511,0.15028133882207018
97,1415,1512,0.1502980017961258
97,1420,1517,0.15030465746032737
99,1421,1520,0.15031053380678874
100,1418,1518,0.15031083399018225
101,1419,1520,0.1503092405253726
99,1416,1515,0.15030603138256393
98,1427,1525,0.15030859032121463
96,1426,1522,0.15031341033267798
94,1415,1509,0.15032322980386462
92,1404,1496,0.15033833005671335
93,1408,1501,0.15035786793388076
88,1396,1484,0.15037279735401568
88,1407,1495,0.15039905601113562
89,1397,1486,0.15042443952945725
88,1409,1497,0.1504457871970127
94,1411,1505,0.15046719833529104
95,1417,1512,0.15047127726892945
94,1425,1519,0.150471567326263
93,1425,1518,0.15047526054936497
93,1436,1529,0.15048139504673932
92,1436,1528,0.15048616034785167
91,1435,1526,0.15049370669388437
91,1430,1521,0.15050331983145634
90,1427,1517,0.1505133575573589
88,1416,1504,0.15052573718964318
89,1427,1516,0.15054212193281502
84,1425,1509,0.1505557735051876
84,1426,1510,0.15058037249764442
82,1421,1503,0.1506038394084478
82,1426,1508,0.1506309130645902
84,1427,1511,0.1506556139705468
83,1440,1523,0.1506741604692656
83,1436,1519,0.15069410936017544
81,1438,1519,0.15071267325829615
80,1422,1502,0.15073522791388774
81,1429,1510,0.15075862689743527
79,1443,1522,0.1507772907786859
75,1434,1509,0.15079932931416976
76,1437,1513,0.1508295447810319
75,1438,1513,0.15085574202312735
77,1453,1530,0.15088258718454037
77,1455,1532,0.15090275143492796
74,1449,1523,0.15092208809926638
74,1447,1521,0.1509476502550027
69,1439,1508,0.15097171664310627
71,1443,1514,0.15100592627502782
69,1454,1523,0.15103253587548246
68,1436,1504,0.15106238064098737
71,1440,1511,0.15109253623327604
69,1438,1507,0.15111452099457934
68,1439,1507,0.15113998157079286
67,1439,1506,0.15116660891234635
67,1445,1512,0.15119140150495267
69,1448,1517,0.15121523228553146
70,1450,1520,0.15123194692695585
71,1452,1523,0.15124577888925264
69,1456,1525,0.15125642254116806
68,1443,1511,0.15127185682274175
65,1436,1501,0.15128904613865718
70,1445,1515,0.1513124371629957
67,1446,1513,0.1513212408973336
68,1441,1509,0.15133736654659816
67,1440,1507,0.1513498350324728
67,1444,1511,0.15136397475774738
66,1456,1522,0.15137680376078358
69,1463,1532,0.1513916794733916
72,1466,1538,0.1513965708703633
72,1441,1513,0.15139362256309905
71,1444,1515,0.15139138723082707
71,1439,1510,0.15139201610058328
71,1438,1509,0.15139321674655112
69,1452,1521,0.1513950216169861
71,1455,1526,0.1514018403187242
66,1468,1534,0.15140240221390877
65,1456,1521,0.15141536111068743
66,1443,1509,0.15143050487725168
65,1445,1510,0.151441344133277
67,1458,1525,0.1514543646348198
68,1449,1517,0.1514608447057556
66,1450,1516,0.15146504126951568
66,1458,1524,0.15147409481221533
68,1468,1536,0.15148251831940368
67,1461,1528,0.1514844930400877
68,1440,1508,0.15148925688436674
70,1437,1507,0.15149020967777982
69,1417,1486,0.15148508404930924
71,1426,1497,0.15148228108072936
71,1422,1493,0.1514733801476957
71,1424,1495,0.1514654616297796
71,1419,1490,0.15145818611219583
71,1431,1502,0.15145196615272255
72,1442,1514,0.15144667413586732
70,1438,1508,0.15143873366240737
73,1429,1502,0.15143613537978867
72,1425,1497,0.1514259152562771
72,1426,1498,0.15141951423428263
70,1434,1504,0.15141304129470878
73,1433,1506,0.15141284776102493
73,1438,1511,0.15140550635438468
69,1441,1510,0.15139617744087683
68,1443,1511,0.15139832102948675
68,1425,1493,0.15140347755545386
68,1435,1503,0.1514090905818321
71,1432,1503,0.15141506165429885
69,1441,1510,0.15141208138834855
69,1424,1493,0.1514145892245967
71,1426,1497,0.15141692764608436
72,1436,1508,0.15141265250981942
70,1446,1516,0.15140693048089485
67,1441,1508,0.15140706223971595
71,1441,1512,0.151415356807023
70,1446,1516,0.15141328189745842
71,1446,1517,0.1514124222219665
74,1434,1508,0.15140839733892533
74,1421,1495,0.15139721945712478
74,1434,1508,0.1513877769325891
75,1437,1512,0.15137885113412508
77,1426,1503,0.15136791004299596
78,1443,1521,0.15135302868000683
78,1433,1511,0.15133655886779526
76,1428,1504,0.1513213128688388
77,1413,1490,0.1513131937528773
76,1407,1483,0.1513027980505724
76,1407,1483,0.1512967565485476
78,1422,1500,0.15129179927431585
77,1422,1499,0.15128121283972104
77,1425,1502,0.15127297466862002
75,1445,1520,0.15126571288170676
76,1451,1527,0.1512633219398586
76,1446,1522,0.15125946895444423
76,1438,1514,0.1512558149335469
78,1425,1503,0.15125282757335248
79,1437,1516,0.15124562078301318
79,1442,1521,0.15123615154383244
78,1436,1514,0.15122754080092174
79,1417,1496,0.15122163163630808
79,1412,1491,0.15121455318755916
79,1420,1499,0.15120861889111228
79,1438,1517,0.15120039395727208
79,1425,1504,0.15119363441175324
80,1436,1516,0.1511881378341888
80,1447,1527,0.15118050957204335
79,1436,1515,0.15117411177283205
76,1447,1523,0.15117091616259443
75,1456,1531,0.15117563508813198
75,1452,1527,0.15118277783400397
75,1441,1516,0.1511898931021579
74,1427,1501,0.1511968819478696
73,1427,1500,0.15120633492957444
72,1430,1502,0.15121762332057964
71,1423,1494,0.1512309471494736
71,1417,1488,0.1512456845521049
73,1426,1499,0.15126000199659825
71,1444,1515,0.15126548252035849
71,1453,1524,0.15127463537809177
72,1441,1513,0.1512832306353382
72,1446,1518,0.1512896212421897
73,1447,1520,0.15129520398762156
72,1451,1523,0.151297525308519
71,1448,1519,0.1513026025260706
71,1443,1514,0.1513087907631513
67,1445,1512,0.15131481165247565
68,1453,1521,0.151329701216608
71,1448,1519,0.1513414691868721
69,1449,1518,0.15134588686568673
66,1443,1509,0.15135464717292874
63,1454,1517,0.15137049296072924
60,1464,1524,0.15139163729166627
63,1461,1524,0.15141972615943297
63,1445,1508,0.15143871480462712
62,1456,1518,0.1514561669291661
62,1457,1519,0.1514754541089006
60,1457,1517,0.15149401676330967
61,1452,1513,0.15151647245735592
61,1455,1516,0.15153484959869248
58,1451,1509,0.15155204857303825
59,1452,1511,0.15157529565075875
57,1452,1509,0.1515950238668969
58,1453,1511,0.15161861745423544
59,1462,1521,0.15163863764740515
58,1460,1518,0.15165432424900907
55,1474,1529,0.15167273764820333
57,1462,1519,0.1516952569646364
55,1465,1520,0.15171193698446087
58,1456,1514,0.1517322975418864
59,1456,1515,0.15174310341068872
62,1450,1512,0.15175058423890597
59,1447,1506,0.15175025309391857
58,1432,1490,0.151757539892852
60,1450,1510,0.15176765366329006
57,1445,1502,0.15177156709107006
57,1439,1496,0.15178355265790863
54,1456,1510,0.15179506961318817
56,1461,1517,0.151812191625593
58,1464,1522,0.15182297319388835
58,1459,1517,0.1518280155813585
60,1463,1523,0.15183238365324953
60,1465,1525,0.15183043765817683
59,1468,1527,0.1518292891417258
58,1463,1521,0.15182982456878363
57,1464,1521,0.15183254007148497
58,1453,1511,0.15183733538391034
60,1449,1509,0.15183889790140168
61,1459,1520,0.15183534253754286
59,1463,1522,0.15183038322521933
62,1448,1510,0.15183083359176647
62,1458,1520,0.15182395971684928
62,1461,1523,0.15181820545487473
63,1453,1516,0.15181287982068842
64,1451,1515,0.15180527109107633
65,1455,1520,0.15179577072240677
65,1460,1525,0.15178404134043227
63,1472,1535,0.15177383836877376
63,1461,1524,0.1517695481906551
63,1466,1529,0.15176536237982874
62,1465,1527,0.1517620867418895
63,1451,1514,0.15176159637681935
63,1450,1513,0.1517585561162326
65,1436,1501,0.15175614477483218
66,1443,1509,0.15174848925833295
65,1452,1517,0.15173888332067684
64,1446,1510,0.15173300719773697
64,1451,1515,0.15173042023891953
62,1469,1531,0.15172851237030735
63,1465,1528,0.1517315665146491
64,1465,1529,0.15173182939320448
64,1460,1524,0.15172946265666265
63,1457,1520,0.15172772622895153
62,1457,1519,0.1517277592127221
62,1454,1516,0.15173133398540656
60,1451,1511,0.15173441842359292
57,1435,1492,0.1517408950219477
58,1441,1499,0.15175449608969113
62,1440,1502,0.1517653180216603
61,1439,1500,0.15176470193993616
60,1446,1506,0.15176612059818814
61,1455,1516,0.15176846448439116
62,1469,1531,0.1517681976611332
63,1471,1534,0.15176549803639258
63,1467,1530,0.1517599934736789
64,1462,1526,0.15175495480723122
62,1471,1533,0.1517488641597526
62,1467,1529,0.1517489531512881
62,1459,1521,0.1517497899033433
57,1458,1515,0.15175108600453416
55,1454,1509,0.15176370749868737
55,1465,1520,0.15178052408203085
59,1468,1527,0.15179647008131075
58,1468,1526,0.15180040120687724
61,1463,1524,0.15180712313990571
61,1462,1523,0.15180547157195068
59,1465,1524,0.15180384564905147
57,1468,1525,0.1518083066538628
55,1472,1527,0.15181750602610092
56,1466,1522,0.15183090553991652
57,1461,1518,0.15184177334905555
58,1447,1505,0.15184898901563762
57,1459,1516,0.15185308357166394
56,1458,1514,0.15185927982436723
55,1451,1506,0.15186733492561888
54,1455,1509,0.15187799481540243
52,1456,1508,0.15189060016590591
51,1455,1506,0.1519061076481856
52,1452,1504,0.1519229273105005
50,1460,1510,0.15193638434560305
50,1459,1509,0.15195416671816886
50,1440,1490,0.15197121151240017
47,1445,1492,0.151986588540799
47,1453,1500,0.15200784181727697
47,1458,1505,0.15202733614165728
48,1468,1516,0.15204604806324296
48,1465,1513,0.15206056263714068
50,1473,1523,0.1520736453956162
49,1475,1524,0.15208102347232713
48,1472,1520,0.15209083364376588
50,1468,1518,0.15210175349314842
50,1472,1522,0.15210788315004528
47,1484,1531,0.15211413432848997
48,1485,1533,0.15212723514351478
48,1477,1525,0.15213674941013244
47,1467,1514,0.15214524712190022
46,1477,1523,0.15215542542468607
44,1474,1518,0.15216781413031705
44,1472,1516,0.15218436229981966
46,1481,1527,0.1522002715923408
46,1483,1529,0.1522100651897456
46,1480,1526,0.15221969821131423
46,1472,1518,0.15222846759542344
41,1471,1512,0.1522371248363252
43,1477,1520,0.1522571859749674
44,1480,1524,0.15227083808403358
44,1482,1526,0.15228079201627442
46,1480,1526,0.15229023111699916
46,1478,1524,0.15229391304497697
43,1474,1517,0.1522978838134058
43,1486,1529,0.15230930735328171
42,1471,1513,0.15232043894359162
41,1465,1506,0.15233390483974998
41,1478,1519,0.1523490144823006
41,1464,1505,0.15236281696586892
41,1475,1516,0.15237526239047913
41,1468,1509,0.15238725295760217
43,1477,1520,0.15239877486143957
44,1476,1520,0.15240290922648925
44,1471,1515,0.15240359630702904
41,1459,1500,0.15240457154573264
42,1454,1496,0.15241263521329843
43,1451,1494,0.15241740452459346
41,1463,1504,0.15242008675172192
41,1462,1503,0.15242776185596213
40,1452,1492,0.15243428348323365
41,1459,1500,0.15244297375427532
43,1468,1511,0.15244799467247858
40,1470,1510,0.152448665455043
42,1467,1509,0.15245683448599004
43,1473,1516,0.15245992727203247
43,1480,1523,0.15245996770940276
41,1470,1511,0.1524604204615759
38,1465,1503,0.15246599259319163
37,1467,1504,0.15247811303898973
37,1468,1505,0.1524924408904575
40,1478,1518,0.15250616992824262
39,1474,1513,0.15251089044342378
39,1477,1516,0.15251731977182773
38,1480,1518,0.15252319829415228
37,1479,1516,0.15253139339601646
37,1483,1520,0.152541805991669
37,1483,1520,0.15255191358132789
38,1488,1526,0.15256169340076617
38,1482,1520,0.1525687028341549
35,1481,1516,0.15257554044326718
38,1473,1511,0.15258910159769792
38,1470,1508,0.15259342580000299
39,1471,1510,0.15259787194422852
40,1472,1512,0.15259998395044602
41,1475,1516,0.15259919614140283
41,1476,1517,0.1525949301720268
44,1481,1525,0.15259147268622403
43,1468,1511,0.15258009882451412
42,1473,1515,0.15257220510776254
41,1469,1510,0.15256777815692604
40,1474,1514,0.1525663591380268
40,1470,1510,0.15256794312433136
40,1474,1514,0.15256982682336986
38,1481,1519,0.15257158154412806
35,1480,1515,0.1525782231808866
35,1470,1505,0.15259127639003708
33,1480,1513,0.1526042953340611
32,1472,1504,0.15262165007470946
31,1467,1498,0.15263996259108223
32,1465,1497,0.15265892017221122
32,1459,1491,0.1526744929974115
34,1465,1499,0.15268832795060047
34,1468,1502,0.15269605115806156
36,1474,1510,0.15270367183874012
37,1460,1497,0.15270562598582996
35,1465,1500,0.15270548014370477
34,1475,1509,0.15271057268276234
36,1473,1509,0.15271848687124293
35,1478,1513,0.15272014651332685
34,1491,1525,0.15272516286628549
35,1474,1509,0.15273162995681314
36,1484,1520,0.15273573456066708
36,1471,1507,0.15273673264544377
37,1471,1508,0.15273803144118464
37,1481,1518,0.15273563739322568
37,1478,1515,0.152733709287037
35,1481,1516,0.1527323068949441
36,1484,1520,0.15273588172685656
36,1472,1508,0.15273660224107782
38,1477,1515,0.15273684057280987
38,1488,1526,0.1527321427197079
37,1498,1535,0.15272737663673827
37,1490,1527,0.15272544288648418
37,1485,1522,0.15272356250264868
33,1472,1505,0.15272225702371373
33,1473,1506,0.15273050915689712
30,1462,1492,0.1527383358752843
28,1467,1495,0.1527523340317329
28,1469,1497,0.15277055655483768
29,1475,1504,0.15278794512125674
29,1486,1515,0.15280215809196182
26,1485,1511,0.15281573415919372
27,1477,1504,0.15283444657396175
28,1485,1513,0.15284940455741547
27,1487,1514,0.15286057031517652
28,1471,1499,0.15287383477319064
27,1463,1490,0.15288412329106968
27,1476,1503,0.1528957408066211
30,1468,1498,0.15290668860352657
28,1474,1502,0.1529085984694024
28,1487,1515,0.15291537626876345
28,1497,1525,0.15292146125387285
26,1474,1500,0.15292743035565512
26,1481,1507,0.15293839963947334
26,1483,1509,0.15294897141495625
29,1498,1527,0.15295829172839032
30,1490,1520,0.152959112985271
31,1492,1523,0.1529569406014543
32,1483,1515,0.15295137530923686
32,1501,1533,0.1529438239551631
32,1479,1511,0.1529365216319431
31,1471,1502,0.15292942363126444
31,1460,1491,0.15292497076545378
31,1459,1490,0.1529214764935321
33,1472,1505,0.1529188423985662
34,1486,1520,0.15291123523908098
33,1488,1521,0.15290178300503102
33,1472,1505,0.15289570234904765
33,1475,1508,0.15289056768462947
33,1476,1509,0.1528862491022398
30,1468,1498,0.15288263367697652
29,1474,1503,0.15288683417307225
29,1479,1508,0.15289360420067413
30,1491,1521,0.15290022473585535
30,1497,1527,0.15290349322638627
28,1494,1522,0.1529068634421624
28,1495,1523,0.15291401636757296
30,1497,1527,0.15292059848037418
28,1495,1523,0.15292219766622261
28,1498,1526,0.15292861657527626
28,1484,1512,0.1529349269338588
27,1490,1517,0.15294037558634777
27,1493,1520,0.1529481833160952
27,1481,1508,0.15295577672984195
26,1482,1508,0.15296208313640677
27,1488,1515,0.1529707766208883
29,1492,1521,0.15297684655299235
30,1486,1516,0.15297644364706198
29,1489,1518,0.15297268490944663
27,1500,1527,0.1529727337636828
29,1488,1517,0.15297799131023487
27,1483,1510,0.15297768734695463
29,1472,1501,0.15298231964860198
29,1492,1521,0.15298147514679222
28,1494,1522,0.15298112028185445
27,1501,1528,0.15298340705220728
27,1490,1517,0.15298819201724753
26,1485,1511,0.1529933226278688
24,1487,1511,0.1530008443708372
24,1488,1512,0.15301253517533336
24,1479,1503,0.15302368693512394
23,1494,1517,0.15303430652030164
24,1490,1514,0.1530470439106492
22,1493,1515,0.15305604298912948
22,1495,1517,0.1530695256061067
22,1504,1526,0.15308228980589658
20,1500,1520,0.15309436217900996
23,1489,1512,0.1531104070105303
25,1482,1507,0.15311675369733305
24,1494,1518,0.15311767536493875
24,1488,1512,0.15312122580340293
24,1501,1525,0.15312483356247855
20,1497,1517,0.15312846204039965
20,1494,1514,0.15314172866107031
15,1501,1516,0.15315435067583089
16,1512,1528,0.1531778747616475
15,1504,1519,0.15319715043349386
16,1501,1517,0.1532176695549638
16,1510,1526,0.15323405193029488
16,1516,1532,0.1532497081669383
16,1508,1524,0.1532646489674236
16,1501,1517,0.15327888845254667
17,1507,1524,0.1532924434614878
18,1505,1523,0.15330209823661237
17,1514,1531,0.15330826269043765
16,1512,1528,0.15331673524891332
15,1501,1516,0.1533272309392149
14,1491,1505,0.1533396523083482
16,1505,1521,0.1533538905984462
16,1494,1510,0.1533625194390312
16,1500,1516,0.15337079843705306
18,1502,1520,0.15337872524203122
16,1509,1525,0.15338034765623437
16,1517,1533,0.15338696975290123
14,1515,1529,0.15339340877495425
13,1504,1517,0.1534042154161053
12,1511,1523,0.15341703883133337
12,1501,1513,0.15343162749223996
12,1519,1531,0.1534454347590377
11,1520,1531,0.1534584918936271
11,1516,1527,0.15347306055903087
12,1523,1535,0.15348680657653177
14,1513,1527,0.15349702970635648
14,1505,1519,0.15350049308025412
15,1520,1535,0.15350400786692364
16,1511,1527,0.15350469695558605
16,1495,1511,0.15350265314679962
17,1494,1511,0.1535010357362218
16,1503,1519,0.15349673905478162
16,1510,1526,0.15349530358772812
16,1504,1520,0.15349347989737372
15,1507,1522,0.1534915180930479
14,1489,1503,0.15349246950984483
13,1487,1500,0.15349618581636232
14,1499,1513,0.15350227321836976
14,1500,1514,0.1535058381088611
14,1509,1523,0.15350940512688574
14,1500,1514,0.153512946000577
16,1492,1508,0.15351643774753704
16,1498,1514,0.15351377422162824
15,1495,1510,0.153511580670839
15,1490,1505,0.153512152550737
15,1496,1511,0.15351292114556975
16,1491,1507,0.1535138440953327
17,1504,1521,0.15351168607864812
16,1495,1511,0.1535067519192263
16,1499,1515,0.15350545020409823
16,1501,1517,0.1535044346448485
16,1501,1517,0.15350297447132286
15,1510,1525,0.1535018430820942
15,1515,1530,0.15350329008454783
15,1515,1530,0.15350482869903226
15,1501,1516,0.15350642911642332
15,1512,1527,0.15350790812639467
15,1506,1521,0.15350944241004474
14,1501,1515,0.15351101036678283
15,1505,1520,0.15351494638448593
15,1497,1512,0.15351631231408516
15,1483,1498,0.1535176885103826
16,1484,1500,0.1535190627098468
16,1498,1514,0.15351735701840183
15,1493,1508,0.15351591624938316
15,1490,1505,0.15351708454077687
15,1506,1521,0.15351830477782408
15,1506,1521,0.15351955825379462
14,1491,1505,0.15352082934503267
14,1486,1500,0.15352451316580246
14,1502,1516,0.1535280393899393
14,1494,1508,0.15353140864875553
14,1484,1498,0.15353462269831064
14,1498,1512,0.15353768420265262
14,1501,1515,0.153540596548973
14,1514,1528,0.15354336369038626
13,1516,1529,0.15354599001259486
12,1507,1519,0.15355083457193758
13,1504,1517,0.15355784936620037
13,1506,1519,0.15356195502179518
12,1505,1517,0.15356584127893236
10,1509,1519,0.15357186006308252
9,1509,1518,0.1535823798132757
9,1501,1510,0.1535946331161367
9,1510,1519,0.15360614304172315
9,1513,1522,0.15361695149661309
9,1525,1534,0.15362709850116726
9,1530,1539,0.1536366222000234
8,1512,1520,0.15364555888694129
8,1496,1504,0.15365633929670086
8,1513,1521,0.15366645557199843
8,1508,1516,0.15367594718703687
8,1518,1526,0.15368485149013597
8,1517,1525,0.15369320378481452
8,1516,1524,0.15370103741325775
7,1503,1510,0.1537083838409802
8,1512,1520,0.15371761552805527
8,1510,1518,0.15372309533799694
8,1500,1508,0.1537283321219917
8,1499,1507,0.15373256081440437
8,1515,1523,0.15373670187741686
8,1510,1518,0.15374073813600375
7,1502,1509,0.15374465643873378
7,1499,1506,0.15375082549525246
7,1488,1495,0.15375671786869416
7,1495,1502,0.15376233719785243
8,1497,1505,0.1537676886387765
8,1508,1516,0.1537695893910629
8,1514,1522,0.15377153197435195
8,1517,1525,0.15377349407720126
9,1501,1510,0.15377545723845054
7,1507,1514,0.15377418393202444
7,1505,1512,0.1537780949494864
6,1509,1515,0.15378193131016218
6,1511,1517,0.15378862497914933
4,1498,1502,0.15379496809168308
3,1491,1494,0.1538058082643526
3,1501,1504,0.15381850998982147
4,1508,1512,0.15383046831962396
4,1507,1511,0.15383911773031908
4,1509,1513,0.15384728967615005
4,1515,1519,0.1538550073620479
6,1508,1514,0.15386229328855974
6,1524,1530,0.15386283482476515
6,1516,1522,0.15386356622774502
6,1511,1517,0.15386444932466276
6,1506,1512,0.1538654514991984
5,1501,1506,0.15386654495530097
5,1503,1508,0.15387004800488888
5,1510,1515,0.15387345352251225
5,1509,1514,0.1538767526225125
5,1513,1518,0.15387993885122384
5,1503,1508,0.1538830077977178
5,1503,1508,0.1538859567590629
5,1525,1530,0.15388878445283388
5,1506,1511,0.15389149077055164
5,1511,1516,0.15389407656656437
5,1510,1515,0.15389654347759674
5,1508,1513,0.1538988937688236
5,1499,1504,0.15390113020286553
5,1493,1498,0.15390325592857995
5,1502,1507,0.15390527438693302
5,1505,1510,0.15390718923159608
5,1496,1501,0.15390900426222223
5,1500,1505,0.1539107233686308
5,1491,1496,0.15391235048436194
6,1500,1506,0.15391388954827065
6,1509,1515,0.1539121664058771
6,1509,1515,0.15391065740328608
6,1523,1529,0.15390933614314803
5,1516,1521,0.1539081794924565
5,1502,1507,0.1539100135908794
5,1508,1513,0.15391174319923095
5,1504,1509,0.1539133734750111
5,1503,1508,0.1539149094391637
4,1502,1506,0.1539163559596907
4,1499,1503,0.15392010456652147
4,1491,1495,0.1539236274264925
4,1510,1514,0.15392693718701858
5,1511,1516,0.15393004592993428
4,1518,1522,0.15393031830926193
4,1525,1529,0.1539330063792937
4,1515,1519,0.15393556016704057
4,1518,1522,0.15393798330344452
4,1518,1522,0.15394027985372574
3,1510,1513,0.15394245419970737
3,1514,1517,0.15394691016524784
3,1513,1516,0.15395110918479912
3,1505,1508,0.15395506446771962
4,1518,1522,0.1539587887855853
4,1515,1519,0.1539590730847328
4,1510,1514,0.15395944967415146
4,1520,1524,0.15395990009059482
4,1511,1515,0.15396040850286144
2,1508,1510,0.15396096137438223
2,1506,1508,0.1539663597411004
1,1518,1519,0.1539714887162336
1,1518,1519,0.15397881228288557
1,1518,1519,0.15398573566024062
1,1527,1528,0.15399227769730728
1,1524,1525,0.15399845676527676
1,1509,1510,0.15400429070508634
0,1514,1514,0.15400979678810575
