1379,27,1406,0.1357957819319475
1400,30,1430,0.13291663489993522
1420,31,1451,0.13024234111585695
1413,35,1448,0.1277548651329947
1429,35,1464,0.12551376211332854
1431,36,1467,0.12343191708354027
1442,37,1479,0.12153140679025301
1451,37,1488,0.11977319672823046
1447,37,1484,0.11815056609754837
1457,39,1496,0.11668727181059683
1466,41,1507,0.11532815717005837
1453,40,1493,0.11407020698523031
1456,41,1497,0.11296038380339407
1451,40,1491,0.11194199800864359
1459,40,1499,0.11102905651669935
1456,41,1497,0.11018011691129935
1454,39,1493,0.10941582925722176
1454,37,1491,0.10872843361670843
1460,36,1496,0.10810116771124582
1458,35,1493,0.10751801100837664
1460,35,1495,0.10699145624337607
1460,37,1497,0.10650689207232933
1464,39,1503,0.10606682525302757
1456,39,1495,0.10565926074996661
1444,39,1483,0.1053063345156473
1455,42,1497,0.10501273331288402
1465,41,1506,0.10472079245751832
1468,42,1510,0.10443422979380301
1461,44,1505,0.10416551816293282
1451,44,1495,0.10393662663053782
1447,43,1490,0.10375103341221802
1456,44,1500,0.1035904119430632
1459,44,1503,0.10342481441643211
1463,46,1509,0.10326715244314108
1464,47,1511,0.10311372908164125
1460,47,1507,0.10297249090298552
1470,46,1516,0.102854457055527
1460,45,1505,0.10272504743356325
1469,45,1514,0.1026309194700366
1467,45,1512,0.10252359079256784
1452,49,1501,0.10243054036294716
1443,48,1491,0.10237912610478213
1457,47,1504,0.10235352100646311
1451,46,1497,0.1022981380222231
1445,47,1492,0.10226094923485558
1445,47,1492,0.10224002878363977
1435,47,1482,0.10222149337639852
1456,49,1505,0.10222753047315106
1468,51,1519,0.10218848020816228
1468,50,1518,0.1021266241533108
1474,49,1523,0.10206958287990778
1475,49,1524,0.1020049431466154
1463,49,1512,0.10194156048497671
1458,48,1506,0.10191113230712495
1442,49,1491,0.10189557982472602
1438,49,1487,0.10191668135042267
1443,47,1490,0.10194732241541811
1430,49,1479,0.10196536424083025
1436,51,1487,0.10201191850190519
1439,51,1490,0.10204285721129551
1451,51,1502,0.1020637750694175
1443,50,1493,0.10205527549036261
1444,51,1495,0.10206504187804946
1448,54,1502,0.10207308119696697
1438,57,1495,0.10207013689192694
1442,55,1497,0.10209032917611088
1437,52,1489,0.10209641516185666
1443,52,1495,0.10211527790832502
1445,54,1499,0.10211869000602629
1437,52,1489,0.10211930341911231
1439,52,1491,0.10213575362632216
1437,52,1489,0.10214705770221764
1438,52,1490,0.10216103878721997
1442,54,1496,0.10217249527133608
1438,55,1493,0.10217448374211337
1446,54,1500,0.10218663420662544
1442,53,1495,0.10217923794120658
1431,57,1488,0.10218102274750027
1440,56,1496,0.1022077497694934
1439,58,1497,0.10221256765080206
1425,57,1482,0.10222061446492743
1423,56,1479,0.10225884043909529
1434,54,1488,0.10229971044944328
1441,57,1498,0.10231353331806282
1463,57,1520,0.10231076557159177
1451,57,1508,0.10225697141175903
1439,59,1498,0.10223499005164774
1428,61,1489,0.10224360488725197
1425,60,1485,0.10227643344097657
1429,60,1489,0.1023115333099045
1428,59,1487,0.1023346014707769
1435,59,1494,0.10235913097152588
1438,60,1498,0.10236486054232641
1434,60,1494,0.10236247123605655
1432,59,1491,0.10237023752335223
1440,59,1499,0.10238226650105489
1432,59,1491,0.10237602024017421
1441,60,1501,0.10238779128602384
1444,61,1505,0.10237994212846363
1441,61,1502,0.10236528728036419
1448,62,1510,0.10235845388469762
1448,57,1505,0.10233624175434505
1436,59,1495,0.10231592050972001
1431,61,1492,0.10232344111764256
1424,64,1488,0.10234209312892287
1429,65,1494,0.10237648392770617
1434,65,1499,0.10239443650798993
1437,63,1500,0.10240241079462661
1439,63,1502,0.10240208694393424
1447,62,1509,0.10239663661759972
1428,63,1491,0.10237392877572983
1424,64,1488,0.10239576904553056
1417,62,1479,0.10242542694404495
1422,60,1482,0.10246978550278979
1435,59,1494,0.10249944361968798
1434,57,1491,0.10249568372686263
1424,58,1482,0.1024937926047324
1438,61,1499,0.10251557894462673
1439,64,1503,0.10250332699500353
1434,63,1497,0.10248889990819707
1434,64,1498,0.10248616316153704
1446,64,1510,0.10248440227981011
1444,67,1511,0.1024569917757434
1438,68,1506,0.10243734292088501
1420,69,1489,0.10243302822586899
1428,70,1498,0.1024690207516175
1428,70,1498,0.10248630056255276
1420,71,1491,0.10250288324315175
1420,74,1494,0.10253760954365823
1414,77,1491,0.10257111979585228
1414,77,1491,0.10261557465830527
1416,75,1491,0.10265738319918498
1414,77,1491,0.10268981814777611
1415,79,1494,0.10272354390144973
1415,79,1494,0.102752320305439
1412,77,1489,0.10277975130785709
1410,79,1489,0.10281075226621628
1409,79,1488,0.10284359685941213
1421,79,1500,0.10287519559902515
1425,80,1505,0.10287812202841533
1417,82,1499,0.10287446494687483
1422,85,1507,0.10288790896559316
1435,81,1516,0.1028903241851513
1425,81,1506,0.10286101770550599
1424,81,1505,0.1028554209956545
1435,80,1515,0.10285401431282985
1429,78,1507,0.10282911687198217
1432,79,1511,0.1028205748754413
1433,78,1511,0.1028048100533026
1422,79,1501,0.10278907279219843
1428,79,1507,0.1028002627562437
1434,79,1513,0.1027979467811149
1432,78,1510,0.1027814633101987
1427,77,1504,0.10277199029853167
1430,78,1508,0.10277250195477038
1423,76,1499,0.10276701830049977
1424,76,1500,0.10277767322879869
1424,76,1500,0.10278650317684072
1426,79,1505,0.1027938222368014
1425,79,1504,0.10279481720026627
1418,81,1499,0.10279787696036193
1425,76,1501,0.1028181204919186
1426,78,1504,0.10282083597088398
1430,80,1510,0.10282071277560206
1425,80,1505,0.10280975357574296
1409,81,1490,0.10281022852078799
1408,83,1491,0.10284650019215498
1394,88,1482,0.1028836047685235
1397,88,1485,0.10295050888824532
1385,83,1468,0.10300611843036783
1400,83,1483,0.10308254783450349
1413,83,1496,0.10311898645664908
1403,85,1488,0.1031208361379694
1404,84,1488,0.10314459110492709
1408,84,1492,0.1031648521838595
1414,82,1496,0.10317678493546413
1410,82,1492,0.10317493590035656
1413,82,1495,0.10318048133713038
1411,83,1494,0.1031803491065853
1412,87,1499,0.10318678116307357
1418,86,1504,0.10319205685077552
1413,88,1501,0.10318390714450083
1410,87,1497,0.10318621117812904
1410,88,1498,0.10319303737445065
1407,88,1495,0.10319873272652796
1416,90,1506,0.10321111596964334
1412,90,1502,0.10320412898055668
1413,90,1503,0.1032069657373987
1390,88,1478,0.10320929856783309
1403,88,1491,0.1032610517594459
1407,88,1495,0.10327956621436296
1396,86,1482,0.10328712090341927
1398,86,1484,0.10331835032807105
1399,87,1486,0.10334293401234201
1393,88,1481,0.10336575437086928
1403,90,1493,0.10340196684254954
1393,93,1486,0.10341077483502385
1397,93,1490,0.10344198680119007
1397,92,1489,0.10346198797022761
1406,95,1501,0.10347789995443409
1400,96,1496,0.10347095452418124
1396,98,1494,0.1034769527733003
1395,98,1493,0.10349270032914135
1389,94,1483,0.10350935085673608
1390,92,1482,0.10354031032956706
1380,92,1472,0.1035653276648248
1380,95,1475,0.10361089601662922
1391,96,1487,0.10365386699172706
1400,99,1499,0.1036700311480972
1405,98,1503,0.10366216220912683
1389,96,1485,0.10364483025642901
1396,97,1493,0.10366716512912165
1400,95,1495,0.10367330526109292
1395,98,1493,0.10366933747787328
1389,98,1487,0.10367431954294826
1380,97,1477,0.10369296900090372
1380,98,1478,0.10373180716717247
1382,98,1480,0.1037690022214179
1396,101,1497,0.10380068170165088
1389,97,1486,0.10379597315817861
1393,99,1492,0.10380933175705255
1385,101,1486,0.10381220754233997
1391,101,1492,0.10383310163694752
1394,101,1495,0.10383764831412337
1396,105,1501,0.10383486485492632
1402,108,1510,0.10382684291803003
1414,107,1521,0.10380559613625888
1411,109,1520,0.10376035494885906
1409,107,1516,0.1037257076030772
1412,108,1520,0.10369754488758218
1399,105,1504,0.1036667813007439
1401,106,1507,0.10366765597678983
1400,111,1511,0.10366462660711256
1401,115,1516,0.1036662161660838
1385,118,1503,0.10366681444784161
1383,117,1500,0.10370376820798448
1381,115,1496,0.10374202075710973
1374,117,1491,0.10378393344867916
1377,114,1491,0.10383882130180991
1376,118,1494,0.10388089089004375
1363,124,1487,0.10392165507199237
1353,124,1477,0.10398904248309587
1358,124,1482,0.104076127269213
1364,128,1492,0.104144428347293
1366,125,1491,0.1041937308233733
1377,128,1505,0.10423182788684598
1378,132,1510,0.10424153470384649
1380,131,1511,0.10424929070500476
1384,133,1517,0.1042535919452933
1380,132,1512,0.10424979496875117
1380,130,1510,0.1042545129250273
1371,132,1503,0.10425926991542835
1357,130,1487,0.10428571627092924
1371,128,1499,0.10434054728818815
1352,127,1479,0.10435931711266105
1357,132,1489,0.10441842299169604
1361,133,1494,0.10446259447737496
1364,132,1496,0.10449412912068361
1361,135,1496,0.10451741121784107
1357,135,1492,0.10454506913631857
1337,139,1476,0.10458250507636668
1343,140,1483,0.10466310259918826
1353,137,1490,0.1047229042750605
1352,137,1489,0.10475549947331465
1344,133,1477,0.10478712826178399
1339,138,1477,0.10483259644429356
1341,134,1475,0.10488571974711652
1347,134,1481,0.10493017795054393
1363,134,1497,0.1049582120992838
1362,137,1499,0.10494846566962264
1354,140,1494,0.10494224537964118
1358,137,1495,0.10495448671120673
1351,136,1487,0.10495834793592042
1347,136,1483,0.10497669759660196
1349,139,1488,0.10500318822790768
1358,144,1502,0.10502379079869026
1344,140,1484,0.10502166162640446
1337,139,1476,0.10505255989104935
1330,136,1466,0.105096654512869
1334,136,1470,0.10515317163006738
1342,135,1477,0.10519465265892021
1345,141,1486,0.1052139703541527
1344,146,1490,0.10522487778270256
1348,142,1490,0.10523940198935698
1352,144,1496,0.10524494520974073
1362,149,1511,0.105240449135214
1360,148,1508,0.10521314175460883
1355,147,1502,0.10519364219960778
1359,147,1506,0.10518785611687999
1346,149,1495,0.10517488314888
1352,149,1501,0.1051925130937207
1359,150,1509,0.10519351921739109
1350,149,1499,0.10518125980056298
1346,149,1495,0.10518917078196878
1351,153,1504,0.10520696660214293
1352,152,1504,0.10521350909605547
1348,151,1499,0.10521605054745983
1352,148,1500,0.10522903523879033
1334,145,1479,0.10523347135628647
1336,147,1483,0.10528048383835102
1330,150,1480,0.10531837722529744
1326,154,1480,0.1053656868391474
1332,153,1485,0.10541779123137328
1330,154,1484,0.10545151228850236
1333,155,1488,0.10548774094014196
1320,153,1473,0.10551295927127761
1322,162,1484,0.1055662496019558
1316,164,1480,0.10561081969965241
1321,166,1487,0.1056664892995728
1338,169,1507,0.10570639780593023
1344,171,1515,0.10570612094458579
1344,168,1512,0.1056939037887425
1336,170,1506,0.10568353774128843
1334,175,1509,0.10569442967672953
1334,171,1505,0.10570851281934242
1320,174,1494,0.10572064592460868
1306,171,1477,0.1057640053098628
1315,172,1487,0.10583492007068482
1320,177,1497,0.1058805602102165
1325,178,1503,0.10591411117144695
1316,178,1494,0.10593421737901852
1314,182,1496,0.10597422126049633
1316,178,1494,0.10601662465960178
1310,179,1489,0.1060502079966591
1311,184,1495,0.10609279928684295
1322,185,1507,0.10612962373233444
1322,183,1505,0.10613904801681752
1314,182,1496,0.10614864787502593
1308,184,1492,0.10617637981846643
1302,191,1493,0.10621645509517204
1305,196,1501,0.10626793782221317
1310,192,1502,0.10630664290386388
1292,192,1484,0.10633231237766388
1300,194,1494,0.10639694716302088
1294,196,1490,0.1064396645897337
1294,195,1489,0.10649296827642143
1307,193,1500,0.106542418527
1310,188,1498,0.10655801859414112
1304,190,1494,0.10656555840332746
1290,189,1479,0.1065868533925069
1292,192,1484,0.10663400368871154
1284,194,1478,0.10667727096523925
1297,194,1491,0.10673622449772982
1297,192,1489,0.10676060362051444
1300,192,1492,0.10678161297769673
1293,192,1485,0.1067934736310059
1292,195,1487,0.10682121157160118
1296,194,1490,0.10684930056944589
1291,198,1489,0.10686792773469017
1299,196,1495,0.10689587625200306
1297,197,1494,0.10690291755151694
1291,193,1484,0.1069146956234962
1308,198,1506,0.1069389479694928
1284,198,1482,0.1069215593838344
1293,199,1492,0.10696083990118456
1288,198,1486,0.10697723178094595
1273,197,1470,0.10700384037688117
1278,198,1476,0.1070638089981054
1278,201,1479,0.10710883472321912
1278,199,1477,0.10715069899127078
1290,208,1498,0.10718723960871386
1285,212,1497,0.10719546520165762
1278,220,1498,0.10721533947615498
1286,222,1508,0.1072508672041953
1284,223,1507,0.10726506237387139
1263,220,1483,0.1072825077445507
1264,220,1484,0.10734637107154367
1255,224,1479,0.10740643820132824
1260,224,1484,0.10748430758943081
1257,227,1484,0.10754123867349427
1253,220,1473,0.10760133787324813
1256,218,1474,0.10766650560583735
1247,222,1469,0.10771921041882088
1255,222,1477,0.10778957323991456
1248,228,1476,0.10783561964750685
1249,230,1479,0.10789458274295378
1268,236,1504,0.1079462814357921
1257,235,1492,0.10795070421816
1252,234,1486,0.10798261441015025
1254,235,1489,0.10802409836635714
1259,233,1492,0.10805676037706755
1262,238,1500,0.10807497993682129
1263,236,1499,0.10808519940390583
1265,238,1503,0.1080939941542557
1261,233,1494,0.1080978387186213
1248,236,1484,0.1081087078617639
1238,242,1480,0.1081491485923025
1245,241,1486,0.10821112984365108
1243,244,1487,0.10825176349825749
1248,245,1493,0.10829339727140949
1235,241,1476,0.10832095828640416
1249,247,1496,0.10837764289037313
1250,247,1497,0.10839693893008871
1243,246,1489,0.10841384404593761
1243,250,1493,0.10844438826231233
1253,245,1498,0.10847384419018306
1251,249,1500,0.10847785264226076
1261,247,1508,0.10848243331917455
1265,242,1507,0.10846550699155028
1263,236,1499,0.1084440366704105
1256,237,1493,0.10843074958805414
1252,235,1487,0.10843370119216028
1244,235,1479,0.10844616157358804
1252,238,1490,0.10847563125306203
1254,240,1494,0.10848295052252595
1252,240,1492,0.10848707583724682
1258,242,1500,0.1084947946599291
1256,243,1499,0.10848603080830252
1254,241,1495,0.10848378961626239
1243,242,1485,0.10848689172388967
1235,245,1480,0.1085140171587524
1250,242,1492,0.10855961225659364
1263,241,1504,0.1085669786577747
1264,239,1503,0.1085412897387177
1257,239,1496,0.10851394800835995
1257,236,1493,0.10850576514089762
1246,238,1484,0.10849999487650003
1251,248,1499,0.10852050734464366
1240,253,1493,0.10852691620606038
1244,245,1489,0.10855687685991418
1252,243,1495,0.10857804812564789
1243,243,1486,0.10857967816591776
1243,242,1485,0.1086018481505639
1244,248,1492,0.10862475280207168
1232,254,1486,0.10864328207008249
1223,253,1476,0.10868765163315508
1228,251,1479,0.10875119600381655
1241,255,1496,0.108798654392062
1237,264,1501,0.10881336697944821
1241,261,1502,0.10883395599090623
1238,263,1501,0.10884474846721016
1229,267,1496,0.10886361718634664
1238,270,1508,0.10890437424498715
1237,272,1509,0.10891995140844678
1225,274,1499,0.10893811504355647
1226,267,1493,0.10898244221255332
1219,270,1489,0.10902092049731475
1222,269,1491,0.10907191882471362
1234,270,1504,0.10911307954403064
1219,267,1486,0.10912422536172647
1233,268,1501,0.10916735361435415
1225,272,1497,0.10917521131912182
1227,272,1499,0.109200986614044
1222,279,1501,0.10922185288662184
1204,279,1483,0.10925028584340742
1199,276,1475,0.10931843341406382
1212,274,1486,0.109393283619792
1209,276,1485,0.10943512008878885
1215,280,1495,0.10948116881196011
1234,285,1519,0.10950842033071066
1224,286,1510,0.1094870417523646
1228,285,1513,0.10949172650344861
1230,285,1515,0.10948921537047179
1214,287,1501,0.10948353767030836
1190,288,1478,0.10951137388135136
1205,286,1491,0.10959530235691588
1206,293,1499,0.109636615366409
1215,293,1508,0.10967622521161516
1207,296,1503,0.1096897461464318
1196,299,1495,0.10972360878944101
1199,297,1496,0.1097790815260722
1200,299,1499,0.10982582694211836
1198,293,1491,0.10986858543484956
1194,298,1492,0.10991186766098035
1197,296,1493,0.10996037418630006
1214,298,1512,0.10999943739714635
1205,295,1500,0.10999482788271753
1210,298,1508,0.11001068344802334
1201,299,1500,0.11001111052170763
1200,294,1494,0.11003383124472914
1210,294,1504,0.1100582485828185
1217,288,1505,0.11005942583806248
1210,293,1503,0.11004375471720912
1202,299,1501,0.1100446097229348
1199,307,1506,0.1100650491867174
1189,304,1493,0.11008867605428957
1185,309,1494,0.11013305966405554
1198,308,1506,0.11018105428430154
1200,304,1504,0.11019650697002109
1186,303,1489,0.11020805384074688
1184,307,1491,0.11025347037775425
1177,311,1488,0.1102963194999339
1175,310,1485,0.1103527292612938
1187,314,1501,0.11040985050490212
1192,314,1506,0.11043687143896846
1189,309,1498,0.11045193142680584
1192,308,1500,0.11047227056260907
1183,316,1499,0.11048439187881166
1184,315,1499,0.11051546735695833
1185,313,1498,0.11054532741276919
1183,312,1495,0.11056918083049787
1188,323,1511,0.11059483447808209
1177,321,1498,0.11060785935710743
1183,330,1513,0.11064446243024686
1180,322,1502,0.1106669390227911
1181,316,1497,0.11069432824401133
1180,320,1500,0.1107181361467099
1178,325,1503,0.1107448162507578
1175,323,1498,0.11077596455716637
1179,321,1500,0.11081311426317195
1186,322,1508,0.1108382461248205
1189,321,1510,0.11084530577073601
1186,323,1509,0.11084639077449865
1180,316,1496,0.1108504581596948
1163,317,1480,0.11087118920483728
1167,322,1489,0.11092898833353941
1173,328,1501,0.11097416240047502
1170,330,1500,0.11100165042631228
1184,334,1518,0.11103453982859524
1187,339,1526,0.11103127206216577
1183,340,1523,0.11102334909951321
1167,338,1505,0.11102400037030513
1157,337,1494,0.11106323686024443
1160,334,1494,0.11112160000479462
1157,341,1498,0.11116985187325305
1162,344,1506,0.11122326569882723
1159,341,1500,0.11126022787757306
1149,346,1495,0.11130019650936776
1150,342,1492,0.1113600800764919
1149,341,1490,0.11141243150425001
1158,342,1500,0.11146113484753772
1159,345,1504,0.11148764649864494
1150,348,1498,0.11150955600059088
1150,348,1498,0.11155070015335661
1148,349,1497,0.11159074873697432
1144,345,1489,0.11163180958585642
1149,341,1490,0.11167847711445221
1151,346,1497,0.11170674219933692
1144,345,1489,0.1117302479246814
1145,342,1487,0.11176930703654865
1146,351,1497,0.11180132645589864
1148,347,1495,0.11183003151069416
1145,345,1490,0.1118517668873195
1149,349,1498,0.11187894303740953
1149,356,1505,0.1118947878450143
1156,361,1517,0.1119079739516396
1150,360,1510,0.11190759795520719
1148,353,1501,0.11192257204961614
1155,353,1508,0.1119402938159707
1150,356,1506,0.11194146093699392
1149,349,1498,0.1119534079007802
1148,348,1496,0.11196634798913156
1157,354,1511,0.1119828489725923
1147,357,1504,0.11197816872299483
1131,362,1493,0.11199875618852001
1120,371,1491,0.11205677417024543
1119,383,1502,0.11213395587371418
1126,383,1509,0.11221041436607165
1133,384,1517,0.11226367827153334
1117,383,1500,0.11229937021167949
1125,378,1503,0.11237071732565486
1116,378,1494,0.11241721496937097
1125,388,1513,0.1124792257087763
1107,390,1497,0.11251526992956944
1106,383,1489,0.11259169817943329
1107,387,1494,0.11266508530347569
1102,388,1490,0.11273021517800108
1110,389,1499,0.11280542160512023
1099,390,1489,0.11285555799431662
1106,390,1496,0.11292809249093913
1104,395,1499,0.11297877982145359
1098,401,1499,0.11302843725095361
1113,407,1520,0.11308761383336438
1120,405,1525,0.11311084912146345
1108,403,1511,0.11311729660018716
1090,405,1495,0.11315363304511898
1099,397,1496,0.11322709975098656
1101,390,1491,0.11327072601545546
1084,396,1480,0.11330488762419033
1100,400,1500,0.11337488299548468
1106,404,1510,0.1134030001150135
1092,397,1489,0.11341531065646883
1098,398,1496,0.11346041448784551
1090,406,1496,0.11348836279573103
1084,409,1493,0.11353244037825018
1073,420,1493,0.11358829408838121
1073,419,1492,0.11366574149669624
1062,413,1475,0.11373870619600825
1080,417,1497,0.11383179796600103
1082,418,1500,0.11387616087544825
1085,426,1511,0.11391466062568562
1073,428,1501,0.11394428557069532
1068,426,1494,0.11399852395870241
1070,427,1497,0.11406206991455109
1070,425,1495,0.11411824567794927
1082,419,1501,0.11416996670454164
1075,414,1489,0.11419013581475468
1076,419,1495,0.11422348966706458
1074,412,1486,0.1142524894089032
1076,414,1490,0.1142804828658554
1074,417,1491,0.11430392825173775
1076,421,1497,0.11433108064791948
1070,420,1490,0.11435052471307408
1073,412,1485,0.11438397935356459
1069,413,1482,0.11440868722855158
1077,413,1490,0.11443898293520607
1065,426,1491,0.11444669147785615
1066,441,1507,0.11448104028073497
1069,446,1515,0.11451258086747501
1065,445,1510,0.11453639840276036
1065,439,1504,0.11456786858757904
1063,430,1493,0.11459495407009752
1055,431,1486,0.11462613400282548
1051,429,1480,0.11467380123965261
1063,432,1495,0.11472529402640184
1071,435,1506,0.11474588327595008
1066,435,1501,0.11474712531919154
1080,434,1514,0.11476084784372902
1067,441,1508,0.1147423253475137
1068,438,1506,0.11475498020255193
1065,432,1497,0.1147640189195068
1058,428,1486,0.11477947366435944
1068,420,1488,0.11481084399721356
1070,433,1503,0.11481461039678498
1068,437,1505,0.1148142083233405
1068,434,1502,0.11482131701537839
1070,430,1500,0.11482611423852288
1069,434,1503,0.11482886537239814
1062,429,1491,0.11483417755618688
1057,437,1494,0.11485500943954302
1067,439,1506,0.11488409609797254
1080,440,1520,0.11488818533356605
1068,435,1503,0.11486466368650808
1072,433,1505,0.11487058742345307
1080,433,1513,0.11486385155642923
1071,433,1504,0.11484140863077709
1064,432,1496,0.11484183339682161
1072,444,1516,0.11485866896237333
1073,450,1523,0.11485812849215268
1067,447,1514,0.11485661940362363
1054,454,1508,0.11487278919068875
1046,456,1502,0.11491690256903628
1041,453,1494,0.11497800071900365
1054,465,1519,0.11504780318869934
1051,463,1514,0.1150791385621451
1047,469,1516,0.11511586895546543
1053,465,1518,0.115156404025917
1033,474,1507,0.11517811947864671
1034,473,1507,0.11524581579844576
1022,473,1495,0.11531030823570386
1012,481,1493,0.11539952521805351
1020,478,1498,0.11550552948352362
1022,473,1495,0.1155843130447858
1022,475,1497,0.11565425076091655
1018,476,1494,0.1157161055075089
1027,478,1505,0.11578433540133208
1027,472,1499,0.11582637510824144
1039,468,1507,0.115866562557948
1036,471,1507,0.11587570306918402
1038,473,1511,0.11588913295264491
1046,470,1516,0.1158966277243427
1047,468,1515,0.11588606782665614
1035,470,1505,0.11587344279674039
1033,473,1506,0.11589064341383816
1030,466,1496,0.11590995726373798
1026,461,1487,0.11593535589433573
1032,457,1489,0.11596992514045348
1030,454,1484,0.11598305553770005
1028,462,1490,0.11600260781197994
1024,462,1486,0.11602224948119857
1020,460,1480,0.11605244145615387
1026,461,1487,0.11609120950292492
1016,463,1479,0.11611334999029545
1022,468,1490,0.11615513532188348
1028,472,1500,0.11618148237205489
1020,476,1496,0.11619347029748649
1031,468,1499,0.11622392761294766
1024,467,1491,0.11622392720800256
1023,477,1500,0.11624112515224631
1025,474,1499,0.11626047569459405
1023,471,1494,0.11627304513262122
1025,475,1500,0.1162903530649217
1020,477,1497,0.11630284421837937
1021,485,1506,0.1163279236272248
1018,479,1497,0.1163478662083439
1012,483,1495,0.11637330582383036
1010,481,1491,0.11640730686006645
1002,481,1483,0.11644556060563754
1007,473,1480,0.11649891826983323
1009,470,1479,0.11654042748725121
1019,471,1490,0.11657558863268674
1015,476,1491,0.11658231259073784
1026,473,1499,0.11659710434857683
1032,465,1497,0.11658535850737373
1022,463,1485,0.11655785035307913
1013,469,1482,0.11655620882704336
1016,478,1494,0.11657654805312609
1027,482,1509,0.11658599080974956
1029,486,1515,0.1165720491006055
1031,482,1513,0.11655668998972811
1025,478,1503,0.1165394750978544
1024,486,1510,0.116537990806636
1015,484,1499,0.11653843627415135
1018,483,1501,0.11656023373822282
1006,479,1485,0.11657551123377548
1021,472,1493,0.11661737926230825
1017,475,1492,0.11661782569942612
1015,477,1492,0.11662814231893823
1009,483,1492,0.11664226844576053
1005,486,1491,0.11667056630143247
1005,480,1485,0.11670706859517135
1007,479,1486,0.11674091630170606
1029,482,1511,0.11676629556326361
1019,487,1506,0.11673896002072465
1016,485,1501,0.11673973523982696
1001,494,1495,0.1167480580117805
1011,492,1503,0.11678982996516421
1001,503,1504,0.11680501884084692
991,494,1485,0.11684236021348468
992,495,1487,0.11689911319003025
1000,491,1491,0.11694989785711286
994,492,1486,0.11697649246817761
993,493,1486,0.11701561428271137
987,494,1481,0.1170539995894155
984,502,1486,0.11710352058055165
990,510,1500,0.11715305763600181
989,514,1503,0.11718434216005366
996,509,1505,0.11721779396864453
990,518,1508,0.11723705820531784
984,511,1495,0.11726774293830512
988,519,1507,0.11731073142725083
987,514,1501,0.11733942097192333
989,509,1498,0.11736574934560974
988,511,1499,0.11738842412464041
990,508,1498,0.11741226055449744
994,505,1499,0.11742909341641958
989,509,1498,0.11743289385067458
980,512,1492,0.11744859036791819
984,513,1497,0.11748413056350845
984,521,1505,0.11751028904051414
978,521,1499,0.11753532507314926
976,525,1501,0.11757457199086332
979,531,1510,0.11761493791706983
975,524,1499,0.11764782132073531
970,512,1482,0.11768839282681977
972,528,1500,0.11773889767069395
969,530,1499,0.1177819494138054
979,539,1518,0.1178299776766474
974,541,1515,0.11784959588139354
978,541,1519,0.11787895479988197
984,539,1523,0.11789700133563416
982,543,1525,0.1179032368503988
977,542,1519,0.11791283710896668
985,541,1526,0.11793254835725904
975,543,1518,0.11793420806609753
964,547,1511,0.11796182769852141
963,550,1513,0.11801519322986706
957,544,1501,0.11806564405755225
953,549,1502,0.1181276729334453
941,548,1489,0.11819503471144994
944,552,1496,0.1182861870567683
954,556,1510,0.11836202722817755
943,560,1503,0.11841016053296975
938,561,1499,0.11848117935319977
936,560,1496,0.118559302103326
929,561,1490,0.11863528549682385
941,568,1509,0.11872194190479725
930,565,1495,0.11877273098382943
933,566,1499,0.1188448424608028
929,570,1499,0.1189029461765307
928,571,1499,0.11896631121218895
931,570,1501,0.11902885429893179
922,576,1498,0.11908064559993477
918,578,1496,0.11914943025766025
922,573,1495,0.11922234339753107
929,563,1492,0.1192827475980296
931,569,1500,0.11931722767222577
922,584,1506,0.11934651270174626
919,588,1507,0.11939434973624229
911,591,1502,0.11944635246304519
911,583,1494,0.11951508235295007
909,589,1498,0.11958089358298984
915,597,1512,0.11964815091006806
911,593,1504,0.11969519464830658
910,600,1510,0.11974712717812733
902,603,1505,0.11979955504114795
895,598,1493,0.11986847710434159
885,602,1487,0.11994900757931524
890,602,1492,0.1200483683269394
897,595,1492,0.12013065074271699
916,589,1505,0.12018716600607135
910,592,1502,0.1201941651758174
901,589,1490,0.12021464799260373
905,603,1508,0.12025505606712822
910,588,1498,0.1202839228899073
925,593,1518,0.12030017019842688
920,589,1509,0.12028163526367681
914,586,1500,0.12027774979607773
906,583,1489,0.12028716210192222
903,592,1495,0.12031213394058979
911,590,1501,0.12034251365966085
911,600,1511,0.12035333296384085
902,593,1495,0.12036329500734892
906,595,1501,0.12039310947025435
910,601,1511,0.12040930352517798
907,605,1512,0.12041500687790395
885,610,1495,0.12042842189618753
882,608,1490,0.12049291508562597
873,603,1476,0.12056072578006305
883,604,1487,0.12064684496849498
881,606,1487,0.1207028113941972
873,600,1473,0.12075936624929837
868,603,1471,0.12083180869249828
880,610,1490,0.12090617705483785
891,612,1503,0.1209467300267395
895,613,1508,0.12095927485347793
887,614,1501,0.12096055137953378
891,621,1512,0.12097934317857582
886,627,1513,0.12098858929399978
891,626,1517,0.12100995628111132
878,624,1502,0.1210198999827322
881,616,1497,0.12106010074962886
880,621,1501,0.12109126717993987
878,619,1497,0.12112381783227516
885,613,1498,0.12115679373211542
879,620,1499,0.1211722921487597
872,619,1491,0.12120025849207967
866,622,1488,0.12124194732542648
865,622,1487,0.12129372290604257
875,622,1497,0.1213438508667151
882,624,1506,0.12136493183084919
874,634,1508,0.12137086904569702
870,634,1504,0.1213937151980607
869,635,1504,0.12142555691018692
875,624,1499,0.121456284423253
865,620,1485,0.12146929926873773
868,626,1494,0.12150762403010111
867,631,1498,0.12153660584998857
854,632,1486,0.12156715366631925
847,627,1474,0.12162409349668397
853,638,1491,0.12169547037812052
857,647,1504,0.12174829258986598
853,640,1493,0.12178745063678562
848,646,1494,0.12183466243317849
849,634,1483,0.12189156505310753
853,642,1495,0.12193993382877003
861,636,1497,0.12197368306449104
868,636,1504,0.12198962632279735
866,635,1501,0.12198769653940382
854,640,1494,0.1219915053889521
852,648,1500,0.1220245775812153
844,657,1501,0.12206063184354861
847,652,1499,0.12211101883262625
850,657,1507,0.12215040027869588
852,664,1516,0.12218341411492223
846,664,1510,0.12220876940693365
841,670,1511,0.12224755143032379
845,667,1512,0.12229410493764531
844,669,1513,0.12232886243295155
828,672,1500,0.12236481860728812
825,678,1503,0.12243667893902867
835,679,1514,0.12251222405202151
833,682,1515,0.12255863121755475
840,679,1519,0.12260301000125011
833,676,1509,0.12263066430302352
824,682,1506,0.12267244304388829
826,682,1508,0.12273472445067975
832,683,1515,0.1227860304370563
829,681,1510,0.1228206247838224
835,691,1526,0.12285949097100196
823,692,1515,0.12288538436310886
826,693,1519,0.12293701164426452
816,695,1511,0.12298026844668077
818,689,1507,0.12304131006484412
816,693,1509,0.12309365183281866
816,701,1517,0.12314548049304459
805,698,1503,0.1231914480428093
807,691,1498,0.12326034485364945
809,675,1484,0.12332155769479289
815,690,1505,0.12337459793936861
807,696,1503,0.12340854165713612
801,709,1510,0.12345947195657811
801,704,1505,0.12351892184750395
804,705,1509,0.12357710973128345
808,701,1509,0.12362405733003198
805,705,1510,0.12366002700008756
804,709,1513,0.12369973377466881
813,708,1521,0.12374195171110816
805,708,1513,0.1237594562967259
798,704,1502,0.1237924576282595
792,700,1492,0.12384037046192667
792,695,1487,0.12390058899022542
789,693,1482,0.1239526311080252
797,691,1488,0.12400906150878557
798,698,1496,0.1240409465983342
793,703,1496,0.12406829579611664
784,707,1491,0.12410565098038454
794,707,1501,0.1241609106587826
791,713,1504,0.12418937356606446
793,706,1499,0.12422084784865386
793,709,1502,0.1242455082072657
794,709,1503,0.12426792402055678
783,722,1505,0.12428852961930055
777,722,1499,0.12433271762181164
780,718,1498,0.1243885136293677
781,714,1495,0.12443495587071515
781,723,1504,0.12447541615664914
779,722,1501,0.1245104909981347
778,723,1501,0.1245500362797303
781,719,1500,0.12459088053517946
773,714,1487,0.1246218283849928
764,725,1489,0.12466976817019386
769,733,1502,0.1247363305851313
763,736,1499,0.12478461139135522
764,731,1495,0.12484327741938456
764,719,1483,0.12489388862114752
762,725,1487,0.12493984690858526
767,725,1492,0.12498908411960478
762,730,1492,0.12501983168224612
760,733,1493,0.12506474424408695
751,729,1480,0.1251118140955638
752,731,1483,0.12517685043909352
764,735,1499,0.1252345528599175
762,736,1498,0.1252596902039092
755,741,1496,0.12528523871542604
754,743,1497,0.1253268055813944
757,744,1501,0.12536523362595575
759,748,1507,0.12539410093175998
749,750,1499,0.12541776227740545
738,748,1486,0.12546483655406118
738,752,1490,0.12553326542762078
742,758,1500,0.12559490586379465
746,763,1509,0.1256433865499674
753,747,1500,0.12568069340817595
760,747,1507,0.12570216104992635
760,747,1507,0.12570407847670473
758,753,1511,0.12570583203375885
759,752,1511,0.12571353315756387
763,761,1524,0.12571978912932422
744,760,1504,0.12571593863322703
735,764,1499,0.1257576516584363
744,763,1507,0.12581975489946218
753,760,1513,0.1258565438801947
753,764,1517,0.1258697638128503
740,764,1504,0.12588328335062657
740,763,1503,0.1259265226106506
746,767,1513,0.12596587135485224
748,773,1521,0.12598843171874338
750,782,1532,0.12600467009623878
743,784,1527,0.12601774662754345
742,783,1525,0.12604767803484065
740,782,1522,0.12607752529576585
747,776,1523,0.1261115618200484
734,774,1508,0.12612582290959706
730,781,1511,0.12617009493712442
725,780,1505,0.1262215888505061
719,775,1494,0.1262812882355904
714,784,1498,0.1263523269667374
713,791,1504,0.1264308554126269
705,790,1495,0.12650636268382956
708,792,1500,0.12659369861460731
701,787,1488,0.12666553920470563
705,799,1504,0.12674991977227845
701,797,1498,0.1268210925183664
696,809,1505,0.12689558910243864
687,809,1496,0.12697604812431793
691,817,1508,0.12707115875553382
698,812,1510,0.12715274896839673
689,813,1502,0.1272105545809622
688,818,1506,0.12728637125538478
691,817,1508,0.12735970147851455
682,824,1506,0.12742274499390166
693,824,1517,0.1275015706736247
686,819,1505,0.1275480057135477
676,837,1513,0.12760511637223465
682,830,1512,0.127683601992128
687,833,1520,0.1277430309997698
677,829,1506,0.12778883178077036
677,838,1515,0.12785673649731233
679,841,1520,0.12791984444253923
669,845,1514,0.12797316679592655
662,839,1501,0.12804686381562178
669,845,1514,0.12813258483932355
663,846,1509,0.12819801879854162
659,844,1503,0.12827439373622015
661,839,1500,0.12835284404593175
657,837,1494,0.12842308105463324
659,839,1498,0.12849685278085185
660,845,1505,0.12856229135512073
658,851,1509,0.128622347955392
660,851,1511,0.12868215192852206
652,841,1493,0.12873399601705166
650,848,1498,0.12880072093002698
644,857,1501,0.1288681573562133
640,859,1499,0.12894578141978857
646,861,1507,0.12902570811189176
643,861,1504,0.12908422992224977
641,858,1499,0.12914157625032197
645,859,1504,0.12920235167029234
637,848,1485,0.12925188470821086
636,863,1499,0.12931422436900128
627,871,1498,0.12937556616866178
628,867,1495,0.12945192753686346
632,863,1495,0.1295240912886783
639,871,1510,0.12958336932521775
639,864,1503,0.12961863566096046
635,871,1506,0.12965067151422366
634,867,1501,0.12968881265404097
641,865,1506,0.12972549979660095
638,870,1508,0.12974354671736282
631,867,1498,0.1297685678724944
628,882,1510,0.12981165701835182
630,876,1506,0.12985697253395215
624,887,1511,0.12989756182807938
625,874,1499,0.1299495868684854
620,878,1498,0.12999663635089725
610,880,1490,0.13005479404048384
614,880,1494,0.13013444091749485
605,888,1493,0.13019940275434
609,904,1513,0.13028296479882856
606,914,1520,0.13034960175654883
598,907,1505,0.1304193843523956
597,913,1510,0.13050335910438268
598,906,1504,0.13058482927078865
598,906,1504,0.1306588759988458
595,922,1517,0.13072829116269002
581,927,1508,0.13080193677455668
581,927,1508,0.13090457985096737
580,924,1504,0.13100222351805024
584,929,1513,0.13109338270304893
577,930,1507,0.1311688130189366
571,932,1503,0.1312554183650306
571,932,1503,0.13135007353930894
564,938,1502,0.13143866905734902
566,939,1505,0.1315374967105949
574,937,1511,0.13162531195636284
571,933,1504,0.13168904830489153
565,945,1510,0.1317575244729511
565,950,1515,0.1318317165247217
566,949,1515,0.1319029463478692
564,955,1519,0.13196529291687562
560,947,1507,0.13203205196005022
561,949,1510,0.13210400996172905
561,951,1512,0.1321712113815706
557,961,1518,0.13223497818736615
560,960,1520,0.132303582630443
559,952,1511,0.1323602606495249
563,956,1519,0.13241280190109955
558,958,1516,0.13245369389713868
552,957,1509,0.13250339999382546
544,953,1497,0.1325661519399397
541,955,1496,0.13264194472173618
544,960,1504,0.13272027519065166
557,960,1517,0.13278510784693048
553,948,1501,0.13281244650970822
556,956,1512,0.1328467786466423
552,953,1505,0.1328733141300284
549,951,1500,0.1329079308073749
552,961,1513,0.13294846051195425
549,952,1501,0.13298126730683574
547,967,1514,0.13301920104415227
536,972,1508,0.1330587456663867
533,964,1497,0.1331212264905933
530,968,1498,0.13318670573057928
526,965,1491,0.13325340595604743
532,975,1507,0.13332627079286472
536,973,1509,0.13337925156142208
537,973,1510,0.13342011591558203
533,980,1513,0.13345740400045575
526,982,1508,0.13349956750039083
523,984,1507,0.1335580248397594
529,984,1513,0.13361769361386588
526,992,1518,0.13366042781214685
521,990,1511,0.1337075648255627
523,990,1513,0.13376547953550177
523,991,1514,0.1338149239964045
513,997,1510,0.13386162159958986
516,999,1515,0.13392675332464402
517,990,1507,0.133979748553435
517,997,1514,0.1340265054506904
501,1007,1508,0.1340702712460483
503,1006,1509,0.13414956675344797
499,1005,1504,0.13421825426390774
501,1006,1507,0.13429320139723186
497,1005,1502,0.13436005337950965
495,1012,1507,0.13443058968754676
497,1002,1499,0.13450319312568296
495,1005,1500,0.1345670819370785
494,1004,1498,0.13463264886186896
493,1014,1507,0.13469580227784178
494,1018,1512,0.13475737997320025
487,1030,1517,0.1348116456239397
490,1027,1517,0.1348807821833545
484,1016,1500,0.13493630068614892
485,1024,1509,0.13500203313101256
480,1027,1507,0.13505884426705575
479,1031,1510,0.13512499895755506
479,1028,1507,0.1351919725935945
474,1027,1501,0.13525455306693307
479,1030,1509,0.13532561783931624
480,1040,1520,0.1353793655119987
471,1029,1500,0.13542771454614094
469,1026,1495,0.13549452750250843
475,1042,1517,0.13555969733336884
461,1044,1505,0.135605427979751
459,1045,1504,0.13568200775572342
460,1045,1505,0.13575953396315096
469,1057,1526,0.13583160073572473
465,1047,1512,0.1358731424683871
467,1055,1522,0.13592100780053012
462,1046,1508,0.1359622636186079
465,1046,1511,0.13601361465200137
459,1050,1509,0.13605388660805415
462,1064,1526,0.13610654243633935
457,1062,1519,0.1361486226793623
456,1066,1522,0.1362010015706028
461,1069,1530,0.13625199109485528
460,1060,1520,0.13628835386320556
462,1049,1511,0.13632353592338073
457,1048,1505,0.13635075884041872
453,1060,1513,0.13638808928035437
454,1048,1502,0.13643304979676107
449,1051,1500,0.13647354958951094
448,1050,1498,0.1365237544180842
452,1055,1507,0.13657330372048293
447,1060,1507,0.13661073036590934
446,1056,1502,0.1366596937255453
449,1057,1506,0.13670725145346288
456,1060,1516,0.13674388107781657
446,1057,1503,0.1367627582112979
442,1052,1494,0.13680335375033748
440,1067,1507,0.13684831378907505
441,1071,1512,0.13689618712520313
435,1071,1506,0.13693844518329143
442,1072,1514,0.13699276671629457
441,1070,1511,0.13702612559108399
436,1074,1510,0.13705935148970563
442,1074,1516,0.13710226831716124
435,1081,1516,0.1371277975216595
426,1079,1505,0.1371674296090514
427,1089,1516,0.13722663997914325
428,1089,1517,0.1372812423977928
426,1089,1515,0.13732891723202129
424,1075,1499,0.13738136513053884
421,1083,1504,0.1374333864735213
424,1071,1495,0.13748849170670138
423,1072,1495,0.13753122474365098
426,1075,1501,0.1375727798676596
424,1086,1510,0.13760563958381045
426,1092,1518,0.1376410787323925
422,1091,1513,0.13766982185590237
415,1087,1502,0.13770536025010693
412,1093,1505,0.1377556277879091
410,1104,1514,0.13781102826979783
408,1092,1500,0.1378687582510954
413,1101,1514,0.13792782278588012
410,1099,1509,0.1379710303413893
410,1107,1517,0.13801646285309277
406,1105,1511,0.13805728246562796
405,1093,1498,0.1381030522925206
406,1093,1499,0.1381487868057708
413,1106,1519,0.1381889598974503
410,1103,1513,0.13820831668170985
405,1103,1508,0.1382335391862591
405,1108,1513,0.13826884208621512
405,1107,1512,0.13830163943697862
398,1123,1521,0.1383333654986321
393,1113,1506,0.13838130251674485
395,1124,1519,0.13843849414044304
393,1110,1503,0.13848492518741062
401,1117,1518,0.13853335286993437
405,1101,1506,0.13855876509744167
407,1100,1507,0.13857377942710106
404,1095,1499,0.13858264239604692
401,1100,1501,0.13859620316486077
398,1099,1497,0.13861775085469613
403,1099,1502,0.13864531713666498
404,1098,1502,0.13865879365092454
395,1104,1499,0.13866800146856004
398,1109,1507,0.13869804145643283
400,1119,1519,0.13872098966802418
399,1121,1520,0.138737430048722
401,1114,1515,0.1387551532042152
395,1122,1517,0.1387678799894883
394,1117,1511,0.13879400283031618
393,1125,1518,0.1388221446386666
388,1125,1513,0.1388515373268305
382,1133,1515,0.13889202128021436
379,1133,1512,0.13894569898150747
379,1125,1504,0.1390013714219144
376,1126,1502,0.13905359835998865
378,1133,1511,0.1391095501773589
384,1133,1517,0.139157771872409
381,1138,1519,0.13918404147772961
380,1137,1517,0.13921511180996557
383,1139,1522,0.13924836077916514
382,1134,1516,0.13927282592760257
384,1139,1523,0.13929894251258598
379,1146,1525,0.13931795702307787
381,1150,1531,0.13934990998645183
378,1145,1523,0.13937622084053117
381,1141,1522,0.13940732787801416
380,1135,1515,0.1394297356901835
377,1132,1509,0.13945169591932166
373,1138,1511,0.1394776312845845
372,1135,1507,0.13951312963144652
369,1154,1523,0.13954705479001012
366,1156,1522,0.13958751728762292
374,1145,1519,0.1396328860961603
367,1150,1517,0.1396558815743302
365,1143,1508,0.139695381738432
360,1149,1509,0.13973747050374327
356,1141,1497,0.1397890664390855
361,1140,1501,0.1398461187703549
361,1142,1503,0.13988792742878245
360,1145,1505,0.13992455764867961
366,1147,1513,0.1399612240814383
368,1143,1511,0.13998008066504244
363,1157,1520,0.13999358549532925
366,1148,1514,0.1400182696250456
356,1154,1510,0.1400361207632124
361,1156,1517,0.14007654917442977
352,1159,1511,0.14010010957123067
347,1163,1510,0.14014371957808242
352,1169,1521,0.14019542913662722
348,1172,1520,0.14023151704154366
346,1179,1525,0.14027619001447852
336,1180,1516,0.1403205935131035
336,1167,1503,0.14038586011837137
340,1166,1506,0.140446707068881
344,1175,1519,0.1404945930691348
346,1180,1526,0.14053058424709877
349,1167,1516,0.14055747700193993
344,1167,1511,0.1405741581913847
346,1169,1515,0.14060347534795423
344,1162,1506,0.14062709025250775
347,1169,1516,0.14065292078076097
343,1178,1521,0.1406695960845778
342,1188,1530,0.14069479025418097
345,1179,1524,0.1407232891361807
339,1176,1515,0.1407418551701226
339,1183,1522,0.14077338889118413
329,1170,1499,0.14080302861512817
332,1178,1510,0.1408532781876069
331,1187,1518,0.14089453704752863
337,1180,1517,0.14093742655611202
337,1184,1521,0.14096207942452285
343,1187,1530,0.14098391777684818
340,1180,1520,0.1409893829780894
336,1176,1512,0.14100336268458247
339,1174,1513,0.14102733085944075
339,1173,1512,0.14104032821983822
334,1177,1511,0.14105287540380318
332,1180,1512,0.14107504584245198
331,1188,1519,0.14110030907370139
326,1186,1512,0.1411254745361608
327,1190,1517,0.14116123563120703
335,1178,1513,0.1411943301845233
330,1176,1506,0.14120595494163343
331,1177,1508,0.14122865763289483
329,1171,1500,0.14124773505647084
326,1171,1497,0.14127140341831035
319,1175,1494,0.1412991806871005
324,1179,1503,0.1413432151113442
328,1184,1512,0.14137258267397856
323,1182,1505,0.14139112097850703
325,1199,1524,0.14142169021755732
320,1191,1511,0.14144487107491577
317,1184,1501,0.1414776120159261
320,1191,1511,0.1415150224857744
325,1186,1511,0.141541541293246
327,1179,1506,0.14155574185201222
322,1186,1508,0.14156320821778487
319,1187,1506,0.14158060954566268
318,1186,1504,0.1416047307650379
313,1194,1507,0.14163219391313273
310,1212,1522,0.14167011495075918
309,1213,1522,0.14171220533864973
306,1204,1510,0.14175511719908107
308,1215,1523,0.14180150211549578
309,1221,1530,0.1418388643554712
311,1217,1528,0.14187143074503664
313,1210,1523,0.14189633247475547
310,1215,1525,0.14191326846046748
308,1217,1525,0.14193513768472257
304,1224,1528,0.14196204045086763
309,1207,1516,0.14199727304323959
305,1208,1513,0.14201840682081127
302,1206,1508,0.1420479760439138
300,1216,1516,0.14208283892871212
296,1211,1507,0.1421195691914571
299,1207,1506,0.1421655224686892
296,1204,1500,0.14220167766975772
298,1199,1497,0.14224269775870954
299,1201,1500,0.1422747481933919
289,1206,1495,0.14230181523616942
289,1225,1514,0.1423513259589636
284,1225,1509,0.14239764051497994
286,1212,1498,0.14245431717402704
281,1217,1498,0.14250328635880488
282,1217,1499,0.14256152561542199
283,1226,1509,0.14261173044273862
287,1220,1507,0.1426583671944139
289,1218,1507,0.1426925425980295
285,1225,1510,0.14271833948578186
283,1222,1505,0.142751385396064
280,1224,1504,0.14278818780278044
281,1229,1510,0.1428299950652396
290,1228,1518,0.1428655298652448
290,1236,1526,0.14287645811408684
291,1230,1521,0.14288894729111576
286,1233,1519,0.14289897516705893
285,1237,1522,0.14292029175580415
283,1223,1506,0.1429444511975902
279,1243,1522,0.14297273683328654
280,1236,1516,0.14300769421594342
277,1239,1516,0.14303750082588282
277,1249,1526,0.1430730769506356
271,1249,1520,0.1431072883218643
269,1226,1495,0.14315348444905027
273,1232,1505,0.14320256254859545
268,1240,1508,0.14323824775960448
265,1239,1504,0.14328269567767177
268,1221,1489,0.1433332707656778
269,1222,1491,0.1433706857694896
273,1232,1505,0.14340319973659654
276,1228,1504,0.14342314637424203
271,1237,1508,0.14343614061697527
272,1239,1511,0.1434597933158833
267,1248,1515,0.14347802679405167
269,1241,1510,0.14350843712807873
272,1243,1515,0.14353025802195576
273,1234,1507,0.14354462523783426
275,1226,1501,0.14355431672503893
278,1233,1511,0.14355895578275407
279,1244,1523,0.143557151999155
276,1257,1533,0.1435528706316073
269,1253,1522,0.14355660706243506
273,1251,1524,0.14357744692380528
268,1247,1515,0.14358799055306257
265,1243,1508,0.14361121163500495
269,1249,1518,0.1436405037816757
268,1242,1510,0.14365944611304876
270,1240,1510,0.14367821980552287
271,1244,1515,0.14369168050452633
269,1239,1508,0.1437006179351935
263,1234,1497,0.14371378568869944
263,1236,1499,0.1437421214735721
263,1232,1495,0.14376904902728022
259,1241,1500,0.14379417696491054
260,1247,1507,0.14382726070234886
254,1250,1504,0.14385629634064018
257,1251,1508,0.1438980317811351
257,1246,1503,0.143929545974364
252,1263,1515,0.14395771418277872
257,1266,1523,0.14399539647663992
265,1263,1528,0.144016935985723
269,1264,1533,0.14401805172693558
262,1264,1526,0.14400982985145774
256,1257,1513,0.1440210257443277
261,1268,1529,0.14404519886170952
262,1261,1523,0.14405654110441987
261,1265,1526,0.14406510590260369
261,1266,1527,0.1440763269489845
264,1259,1523,0.14408755252749894
260,1258,1518,0.14409046441082665
254,1259,1513,0.14410391095381717
256,1263,1519,0.14412957891233125
253,1246,1499,0.14414782928607878
253,1248,1501,0.14417247358122057
250,1240,1490,0.1441952245099315
256,1254,1510,0.14422314410761608
255,1267,1522,0.14423506852686369
252,1257,1509,0.14424732466853438
251,1261,1512,0.1442666903688299
246,1258,1504,0.14428796805760946
245,1268,1513,0.14432037474425044
245,1275,1520,0.14435168132154674
244,1285,1529,0.14438282291519192
242,1288,1530,0.14441486269262088
240,1279,1519,0.1444496094599028
240,1270,1510,0.1444880872958784
232,1274,1506,0.14452299841369204
231,1275,1506,0.1445760724427447
232,1283,1515,0.14462487726197829
235,1283,1518,0.1446689544404058
240,1285,1525,0.1447040034567508
231,1266,1497,0.1447226777943791
234,1270,1504,0.1447614128208079
238,1265,1503,0.14479092494454782
239,1257,1496,0.1448095735019602
240,1268,1508,0.14482227173394416
238,1273,1511,0.1448337935475382
240,1283,1523,0.14484997851965337
240,1271,1511,0.14485955599137865
241,1275,1516,0.14486778719181706
240,1278,1518,0.1448731470796391
237,1282,1519,0.14488277354882867
239,1267,1506,0.14489983188440772
240,1278,1518,0.14490931439241642
236,1282,1518,0.14491346933136254
233,1284,1517,0.14492798276347918
232,1291,1523,0.1449470047083399
232,1285,1517,0.14496767858083018
227,1284,1511,0.14498636292197187
225,1272,1497,0.14501535287494902
223,1285,1508,0.14504840655317397
226,1273,1499,0.14508468698954655
224,1272,1496,0.14511198380595233
224,1285,1509,0.14514169895212908
225,1286,1511,0.1451700784098639
226,1288,1514,0.14519298989873833
221,1285,1506,0.14521269431089667
216,1285,1501,0.1452431813168647
216,1290,1506,0.14528380207070876
219,1295,1514,0.14532257950143548
215,1301,1516,0.1453496681039516
216,1295,1511,0.14538373123536158
219,1290,1509,0.14541310276064526
217,1296,1513,0.14543304090976503
222,1299,1521,0.14545706366202574
219,1306,1525,0.14546723209535586
227,1299,1526,0.14548503946526753
227,1290,1517,0.14547984613589
222,1292,1514,0.14547617706482718
223,1292,1515,0.14548597765189364
221,1286,1507,0.14549304820019426
219,1301,1520,0.14550618228637452
217,1301,1518,0.14552297688448845
213,1303,1516,0.1455451944159042
209,1305,1514,0.14557541650873174
206,1299,1505,0.14561371663936062
206,1300,1506,0.14565543149692756
208,1313,1521,0.14569501076673635
210,1317,1527,0.14572662060169025
210,1294,1504,0.14575152059015042
206,1297,1503,0.1457753849171156
206,1300,1506,0.14580683304554387
208,1299,1507,0.1458346100637404
207,1301,1508,0.14585664900521228
204,1299,1503,0.14588038483988935
204,1296,1500,0.14591017086411667
208,1291,1499,0.14593819528710839
215,1294,1509,0.14595315442373566
214,1297,1511,0.1459495563836408
211,1308,1519,0.14594818258900555
211,1300,1511,0.14595389195744182
210,1296,1506,0.14595894971768142
206,1296,1502,0.1459672237300854
207,1297,1504,0.14598502453623877
204,1304,1508,0.14600002578920443
197,1310,1507,0.14602055977463058
199,1313,1512,0.14605785553746814
197,1310,1507,0.146086008615604
194,1311,1505,0.14611703502600978
193,1298,1491,0.14615397529873048
187,1308,1495,0.14619105010859237
187,1312,1499,0.1462380812769947
189,1310,1499,0.14628125817896032
192,1325,1517,0.14631662512852095
193,1318,1511,0.14634138914128825
190,1325,1515,0.14636301331907312
185,1321,1506,0.14639009905400158
183,1323,1506,0.14642772391557593
189,1329,1518,0.14646732169100582
192,1331,1523,0.14648972803394208
192,1326,1518,0.1465044150371879
193,1322,1515,0.14651800691426467
195,1324,1519,0.14652926504961322
200,1323,1523,0.1465356162595348
196,1328,1524,0.1465284700188918
195,1324,1519,0.14653250998810502
192,1322,1514,0.14654055972430569
191,1334,1525,0.14655664322054368
187,1333,1520,0.14657307668698563
188,1338,1526,0.14659822735326064
189,1331,1520,0.14662014221987055
188,1327,1515,0.14663821917549597
182,1319,1501,0.14665805028749848
179,1324,1503,0.14669134272079148
175,1313,1488,0.14673020976265594
175,1322,1497,0.14677706830477577
178,1324,1502,0.14681981184426504
180,1327,1507,0.14685045132610516
182,1338,1520,0.14687310060961817
183,1335,1518,0.14688918701416964
185,1335,1520,0.146900727528625
186,1326,1512,0.1469074635344278
187,1334,1521,0.14691048413542332
187,1332,1519,0.14691026994206483
187,1338,1525,0.14691218453373062
186,1323,1509,0.14691408411225798
185,1325,1510,0.1469196772860798
182,1322,1504,0.1469276379370782
185,1322,1507,0.14694168654221954
190,1330,1520,0.1469476940496986
187,1330,1517,0.14694016721705513
188,1328,1516,0.1469411855210436
189,1328,1517,0.1469406432745872
182,1331,1513,0.14693810625344794
181,1328,1509,0.14695307347183698
177,1329,1506,0.1469695152669035
174,1330,1504,0.14699405678885824
178,1339,1517,0.14702448322734185
176,1343,1519,0.14704274135945455
171,1338,1509,0.147066278771607
166,1341,1507,0.14710156119540327
167,1349,1516,0.1471471381737133
170,1339,1509,0.14718626394126266
162,1348,1510,0.14721478681639774
161,1334,1495,0.14726169780907344
158,1352,1510,0.14730872299336117
157,1353,1510,0.14736106047420358
156,1357,1513,0.14741140082564594
156,1349,1505,0.14746172976115887
155,1360,1515,0.14750826376059054
161,1356,1517,0.1475526961575966
161,1348,1509,0.14757880490663425
162,1344,1506,0.14760310466511267
165,1343,1508,0.14762275416272655
163,1355,1518,0.14763487976186285
163,1348,1511,0.14765079494359448
163,1355,1518,0.14766620877967535
163,1351,1514,0.14767997362076357
166,1342,1508,0.14769352841303995
164,1347,1511,0.14769998089088202
163,1356,1519,0.14771098758870715
160,1364,1524,0.14772457368417846
153,1365,1518,0.14774427846153426
153,1367,1520,0.1477800068891275
148,1370,1518,0.1478115094852417
151,1359,1510,0.14785415252435044
150,1355,1505,0.14788721980118033
152,1348,1500,0.1479216455951831
154,1350,1504,0.14794847287730856
156,1351,1507,0.14796890093477935
156,1353,1509,0.1479829411673873
151,1351,1502,0.14799642052186623
155,1351,1506,0.14802067556563117
158,1348,1506,0.1480345250429363
157,1347,1504,0.1480391577095429
159,1359,1518,0.1480466030584233
153,1356,1509,0.14804841487150827
152,1373,1525,0.14806440045769248
149,1384,1533,0.1480819466599774
149,1379,1528,0.14810594479522965
148,1379,1527,0.1481291776716343
146,1386,1532,0.14815403567403362
146,1379,1525,0.14818218908498462
147,1375,1522,0.14820913763889987
146,1381,1527,0.14823141087385064
144,1380,1524,0.14825473381427787
144,1372,1516,0.1482800373914409
143,1379,1522,0.14830237511420305
147,1387,1534,0.1483264694789508
143,1390,1533,0.14833903075443816
146,1387,1533,0.14836009425492339
140,1385,1525,0.14837316123284974
135,1374,1509,0.14840004802142942
138,1369,1507,0.14843776745873483
136,1385,1521,0.1484657227245679
138,1382,1520,0.14849608593193003
138,1380,1518,0.1485201731695813
137,1379,1516,0.14854286107527168
135,1375,1510,0.14856686932770707
138,1388,1526,0.14859368551377153
135,1373,1508,0.14861054442800017
135,1373,1508,0.14863433574912974
135,1374,1509,0.14865691932721675
134,1375,1509,0.14867688865768622
133,1379,1512,0.14869683251796711
137,1358,1495,0.14871916901531101
136,1355,1491,0.14872987481397493
134,1367,1501,0.14874171456638682
137,1375,1512,0.14875816397852454
135,1369,1504,0.14876594463046122
134,1377,1511,0.14877899528294533
132,1383,1515,0.14879371522660967
130,1379,1509,0.14881319623047712
130,1377,1507,0.1488358502370536
132,1388,1520,0.14885633257101183
130,1384,1514,0.14887088011827998
135,1385,1520,0.14888977959112165
135,1371,1506,0.1488934686908846
135,1369,1504,0.1488972748214154
136,1371,1507,0.14890105473420967
133,1368,1501,0.14890165616369158
130,1377,1507,0.14891061030996972
130,1386,1516,0.1489265029647785
125,1375,1500,0.14894221415792525
124,1386,1510,0.14896864151422537
124,1378,1502,0.1489962613368347
123,1362,1485,0.14902316827030238
122,1380,1502,0.14904805088871753
120,1397,1517,0.14907427789590788
125,1387,1512,0.14910428998150976
118,1384,1502,0.14912047628023192
116,1389,1505,0.1491515718852758
117,1400,1517,0.1491856500328577
115,1390,1505,0.14921598134556477
112,1398,1510,0.14924995071923106
113,1403,1516,0.14928923919820872
111,1416,1527,0.1493228292677105
108,1405,1513,0.14935983590415547
110,1410,1520,0.14940170629978167
111,1411,1522,0.14943637351577052
112,1408,1520,0.14946639620888638
112,1411,1523,0.14949227573310306
113,1414,1527,0.14951637746152918
110,1411,1521,0.14953708587215261
108,1409,1517,0.1495640863628717
105,1411,1516,0.14959308045778427
109,1411,1520,0.14962701606892811
111,1398,1509,0.14964783348719096
110,1382,1492,0.14966091179109753
108,1379,1487,0.14967723468665592
103,1392,1495,0.14969682980565785
108,1399,1507,0.1497272212138404
110,1397,1507,0.14974249994708244
109,1389,1498,0.14975148658547163
112,1394,1506,0.14976287240797873
110,1410,1520,0.1497668572613763
111,1409,1520,0.1497754243386048
113,1404,1517,0.14978123689633482
115,1405,1520,0.14978224306465573
114,1406,1520,0.14977960912864344
112,1403,1515,0.14977955990494263
113,1409,1522,0.14978530732348427
112,1404,1516,0.14978788711348842
109,1407,1516,0.14979337860140057
110,1409,1519,0.1498062606394259
105,1411,1516,0.1498163331196935
106,1412,1518,0.14983769362467037
106,1411,1517,0.14985451371822112
104,1402,1506,0.14987089788245905
101,1401,1502,0.14989093675671084
102,1404,1506,0.1499160547213859
100,1412,1512,0.1499370317169339
100,1415,1515,0.1499604692625592
102,1430,1532,0.14998235005178107
102,1431,1533,0.1499982942870467
98,1441,1539,0.15001339422852641
99,1422,1521,0.15003684670934925
101,1424,1525,0.15005722645190958
100,1426,1526,0.15007072205687158
98,1432,1530,0.15008551896156525
99,1431,1530,0.15010371178968204
101,1427,1528,0.15011906789369409
102,1430,1532,0.15012847912447203
102,1424,1526,0.15013515979329398
100,1416,1516,0.15014210931250674
98,1418,1516,0.15015412788295315
98,1433,1531,0.15016944626596168
99,1416,1515,0.15018273494855922
101,1418,1519,0.15019297883696534
101,1425,1526,0.15019699137532894
102,1420,1522,0.150200811050836
103,1428,1531,0.15020257267777168
105,1426,1531,0.15020138690408
102,1422,1524,0.15019574974242692
99,1426,1525,0.1501983636937362
101,1431,1532,0.15020877905485772
102,1419,1521,0.1502137615354867
100,1422,1522,0.1502166952173808
99,1429,1528,0.1502247697361583
97,1437,1534,0.15023412516299145
93,1436,1529,0.1502462471788612
94,1427,1521,0.15026735865947158
96,1429,1525,0.15028422126503582
97,1433,1530,0.15029431109193875
94,1432,1526,0.15030171028761294
94,1428,1522,0.15031613712168196
92,1427,1519,0.15032922907902888
88,1425,1513,0.15034619685194364
89,1437,1526,0.15037100293150618
90,1431,1521,0.15039325682139362
89,1434,1523,0.1504113097258741
87,1440,1527,0.15042848866219916
85,1442,1527,0.15044935896769357
86,1444,1530,0.1504742710820817
89,1435,1524,0.1504958142325505
90,1427,1517,0.15050884594463101
90,1429,1519,0.15051905706220967
89,1429,1518,0.15052802935715884
88,1422,1510,0.15053932642231785
91,1427,1518,0.1505519219994762
89,1421,1510,0.15055596737062965
90,1405,1495,0.15056546376940425
91,1418,1509,0.15057205380986988
91,1397,1488,0.15057460350501878
92,1398,1490,0.15057689275868305
91,1402,1493,0.1505752250180908
88,1421,1509,0.15057693246668843
85,1434,1519,0.15058573415697174
86,1440,1526,0.15060183353222623
84,1449,1533,0.1506153015263343
84,1448,1532,0.15063318014584529
84,1446,1530,0.15064961532861038
85,1439,1524,0.15066455295278114
84,1437,1521,0.15067687746559888
82,1447,1529,0.15069135282420423
83,1447,1530,0.1507094055952493
82,1444,1526,0.15072465495306667
78,1444,1522,0.15074181940926096
79,1445,1524,0.15076736706129462
79,1442,1521,0.15078920892005543
80,1448,1528,0.150809747482847
77,1442,1519,0.15082606860175002
74,1450,1524,0.1508492537290362
74,1442,1516,0.15087829724117138
76,1449,1525,0.1509048515589687
75,1448,1523,0.15092302664667206
77,1443,1520,0.15094269385467102
75,1442,1517,0.1509552001789778
76,1443,1519,0.150972460743547
77,1436,1513,0.15098600204346305
76,1440,1516,0.1509969176996269
72,1430,1502,0.15100987916228528
74,1437,1511,0.15103112628238796
75,1432,1507,0.15104545084284904
76,1437,1513,0.15105615339019413
74,1448,1522,0.15106451727595574
73,1448,1521,0.15107754711843344
73,1458,1531,0.1510921883430701
72,1461,1533,0.15110450295944156
72,1439,1511,0.1511183881150678
73,1445,1518,0.15113086655681
72,1442,1514,0.151139427516383
72,1442,1514,0.15115073675288762
72,1446,1518,0.15116182372173473
72,1450,1522,0.15117200994678492
71,1463,1534,0.151182284753803
71,1468,1539,0.15119492821818767
71,1465,1536,0.1512063598191378
72,1464,1536,0.15121727965338608
70,1451,1521,0.15122520272236015
69,1440,1509,0.15123884566966342
66,1444,1510,0.15125444030816937
64,1437,1501,0.1512762863427994
66,1457,1523,0.15130189288738433
66,1464,1530,0.15131979933579454
64,1464,1528,0.15133684470863484
63,1453,1516,0.15135784635323846
63,1442,1505,0.15138027095298992
63,1459,1522,0.1514007409898651
63,1448,1511,0.15141937197600594
61,1448,1509,0.1514371561622508
61,1458,1519,0.15145874768629425
63,1464,1527,0.1514786693073806
59,1462,1521,0.1514929959285129
58,1465,1523,0.15151642808630408
58,1470,1528,0.15154016640856477
59,1459,1518,0.15156146706737933
59,1448,1507,0.1515788986897599
58,1465,1523,0.15159484820493915
57,1459,1516,0.15161281247474437
58,1451,1509,0.1516323840191383
58,1453,1511,0.15164760901749447
59,1444,1503,0.15166067399401778
57,1442,1499,0.1516698593219754
57,1449,1506,0.1516841071622806
59,1450,1509,0.1516966010239713
59,1451,1510,0.1517025648090434
58,1451,1509,0.15170892291535637
57,1450,1507,0.15171797552457608
57,1449,1506,0.1517295535048876
57,1450,1507,0.1517395439785418
58,1459,1517,0.1517476969706642
56,1457,1513,0.15175333870370955
57,1462,1519,0.1517638195613862
55,1460,1515,0.1517713117102011
55,1475,1530,0.151783721914971
55,1463,1518,0.15179595722688735
55,1473,1528,0.15180713684645242
54,1470,1524,0.15181765568227878
55,1465,1520,0.15183072709184464
54,1461,1515,0.15184082499934035
53,1473,1526,0.15185341870950061
54,1482,1536,0.1518678887948705
54,1477,1531,0.15187870234375078
52,1466,1518,0.15188923328138318
52,1467,1519,0.15190340374990682
50,1465,1515,0.15191686441403746
48,1473,1521,0.15193401555784483
46,1475,1521,0.15195488516436328
47,1491,1538,0.15197989298282708
48,1487,1535,0.15200044760367082
49,1484,1533,0.15201647737402552
46,1465,1511,0.1520287057875122
50,1479,1529,0.15204799646113465
49,1475,1524,0.1520555874029532
49,1475,1524,0.1520656191867614
50,1481,1531,0.15207546170102806
48,1457,1505,0.15208238282221684
48,1475,1523,0.15209393727354847
44,1484,1528,0.15210512319911607
44,1470,1514,0.15212564879040738
44,1467,1511,0.1521451467175396
44,1467,1511,0.15216364473316926
44,1472,1516,0.1521805376675778
43,1471,1514,0.1521963684379407
42,1479,1521,0.1522138334542175
42,1480,1522,0.15223273109957627
43,1481,1524,0.15225054112745437
44,1478,1522,0.1522645689515929
42,1479,1521,0.1522747626927365
40,1469,1509,0.1522893172012739
45,1475,1520,0.15230760946279495
45,1470,1515,0.15231184532842298
46,1474,1520,0.15231620268416815
47,1459,1506,0.15231752609593663
47,1461,1508,0.15231610850635943
46,1466,1512,0.15231522061911396
46,1473,1519,0.15231725128744927
44,1464,1508,0.15231901121170857
46,1470,1516,0.15232553221573172
46,1477,1523,0.1523250283302714
46,1485,1531,0.15232414910047462
46,1481,1527,0.15232357141911243
44,1474,1518,0.15232365624970667
46,1473,1519,0.15232860652854532
45,1459,1504,0.15232860391342473
45,1456,1501,0.15233146386220558
45,1463,1508,0.1523346218160519
45,1466,1511,0.15233727214988055
45,1485,1530,0.15233997777895616
42,1480,1522,0.1523429226880048
41,1472,1513,0.15235285363049322
41,1462,1503,0.15236426880637377
43,1474,1517,0.15237508772590613
43,1472,1515,0.15238080519316916
43,1468,1511,0.1523856180477326
41,1486,1527,0.15239055279008423
40,1479,1519,0.1523999296704519
41,1473,1514,0.15241118107385707
40,1472,1512,0.15241783385073066
37,1491,1528,0.15242624862586734
38,1497,1535,0.15244140451251817
38,1488,1526,0.15245261969049495
36,1477,1513,0.15246357075170353
37,1471,1508,0.1524791552472904
36,1477,1513,0.1524912847226666
36,1475,1511,0.15250540228617437
38,1492,1530,0.15251895583819286
37,1495,1532,0.15252541328133998
38,1481,1519,0.15253439295244942
37,1474,1511,0.15254067321652748
37,1478,1515,0.15254928509592278
39,1484,1523,0.1525575281496714
40,1493,1533,0.1525591769667437
40,1481,1521,0.15255887519628117
40,1473,1513,0.15255903216014935
40,1477,1517,0.15255956680659857
41,1483,1524,0.15256008082307693
41,1482,1523,0.1525576457738561
41,1470,1511,0.15255577821905417
41,1472,1513,0.1525543948354587
43,1475,1518,0.15255290049316364
42,1471,1513,0.15254634907264156
42,1471,1513,0.1525430963085137
41,1472,1513,0.15254043511811008
40,1481,1521,0.15254051998655974
41,1488,1529,0.15254315122740275
41,1487,1528,0.15254351832599825
39,1466,1505,0.15254429419480128
40,1461,1501,0.1525497367561433
40,1478,1518,0.1525518333298875
40,1486,1526,0.15255392896767886
39,1501,1540,0.1525561382021938
39,1500,1539,0.15256075682377257
41,1493,1534,0.15256454069173978
41,1491,1532,0.1525619882382057
40,1481,1521,0.15256002187748238
38,1492,1530,0.1525608494051021
36,1488,1524,0.15256639436989666
34,1482,1516,0.15257660539361853
35,1487,1522,0.15259118777458164
38,1487,1525,0.15260199516588385
39,1494,1533,0.1526035630107911
38,1488,1526,0.15260288404934694
40,1491,1531,0.15260500570196098
41,1480,1521,0.15260099033812366
40,1468,1508,0.1525940574496225
42,1476,1518,0.15259070138803588
40,1466,1506,0.15258297506099866
37,1469,1506,0.15258106848330788
35,1475,1510,0.15258670826049436
35,1475,1510,0.15259715585404204
33,1478,1511,0.15260732095149096
35,1475,1510,0.15262182886563122
37,1478,1515,0.15263037926460502
35,1474,1509,0.1526327213854786
36,1489,1525,0.15264024437145077
37,1492,1529,0.15264531947470694
37,1500,1537,0.15264773909586032
35,1500,1535,0.1526498265098154
36,1487,1523,0.15265639855362997
37,1481,1518,0.15266004983231746
38,1482,1520,0.15266141701340602
39,1488,1527,0.15265990123141615
38,1482,1520,0.15265460123270705
37,1481,1518,0.1526525699608946
36,1478,1514,0.15265357831049106
36,1474,1510,0.15265756501100738
37,1469,1506,0.15266167876095005
37,1470,1507,0.15266276610342047
35,1469,1504,0.15266416747716513
34,1481,1515,0.15267056343704602
32,1490,1522,0.15267932676948395
35,1489,1524,0.1526922844561929
35,1494,1529,0.15269681393576637
34,1486,1520,0.15270136254205055
32,1488,1520,0.15270841371077765
32,1483,1515,0.15271994815188136
33,1488,1521,0.1527309557340536
32,1493,1525,0.15273875036197443
32,1489,1521,0.15274803321134958
33,1501,1534,0.15275612538730893
32,1503,1535,0.15276145733444718
31,1497,1528,0.15276900685749747
31,1495,1526,0.15277859366161
31,1499,1530,0.1527878251224344
32,1490,1522,0.15279669422082556
30,1485,1515,0.1528020464617018
33,1480,1513,0.1528116643400163
33,1483,1516,0.15281306417303753
32,1490,1522,0.15281392811663255
28,1492,1520,0.15281650532468946
27,1490,1517,0.1528288843813307
28,1483,1511,0.1528431619626663
30,1479,1509,0.15285443023671344
31,1496,1527,0.1528596336885843
30,1502,1532,0.1528608185163299
28,1495,1523,0.15286500757999988
28,1495,1523,0.1528745247593162
29,1501,1530,0.15288426690560375
28,1486,1514,0.1528903179081897
27,1487,1514,0.15289866757275714
29,1480,1509,0.1529081863689793
28,1478,1506,0.15291195483619152
28,1478,1506,0.1529182944058061
27,1473,1500,0.15292451161166415
30,1475,1505,0.1529327122261972
30,1482,1512,0.15293234971674832
30,1487,1517,0.15293248196625947
31,1492,1523,0.15293224131857666
31,1471,1502,0.1529294252169363
32,1479,1511,0.1529266278793341
33,1493,1526,0.15292157005445642
31,1486,1517,0.15291411931391138
30,1480,1510,0.15291237404094227
30,1475,1505,0.15291360852348843
30,1485,1515,0.15291523008934976
28,1475,1503,0.15291665564785484
31,1461,1492,0.15292268073888707
32,1449,1481,0.1529205544295941
32,1464,1496,0.1529159690651162
31,1466,1497,0.15291216698384416
32,1464,1496,0.1529112242321586
34,1470,1504,0.15290762045296347
35,1469,1504,0.1528991897615862
33,1476,1509,0.15288882568781076
34,1477,1511,0.15288487375752255
33,1483,1516,0.15287768315300493
31,1488,1519,0.15287370500211422
31,1500,1531,0.1528751001491631
30,1507,1537,0.15287680302539072
30,1495,1525,0.15288115497552235
29,1492,1521,0.15288553350080847
30,1482,1512,0.15289218451197634
29,1482,1511,0.15289554431133073
30,1481,1511,0.15290145784893694
28,1480,1508,0.15290415128505785
28,1476,1504,0.1529115766809943
29,1474,1503,0.15291880820149972
29,1496,1525,0.15292343821395055
30,1497,1527,0.1529280008439349
30,1495,1525,0.1529293215746812
30,1488,1518,0.15293082267401284
30,1486,1516,0.15293180548622545
30,1487,1517,0.1529330162119495
29,1492,1521,0.1529344043200069
29,1489,1518,0.1529382683975916
27,1484,1511,0.15294208471327755
27,1488,1515,0.15295034215632722
26,1504,1530,0.15295823414438192
26,1498,1524,0.15296821550886666
27,1499,1526,0.1529776878135841
26,1505,1531,0.15298274673746792
25,1504,1529,0.15299019599316044
24,1510,1534,0.15299977334853676
23,1502,1525,0.15301151150750453
20,1498,1518,0.1530238804470711
20,1513,1533,0.15304347837642035
20,1509,1529,0.15306202046231335
20,1507,1527,0.15307954974411808
20,1511,1531,0.15309522145308258
20,1522,1542,0.15311012770337895
19,1512,1531,0.1531235247926412
19,1510,1529,0.1531392931305148
17,1509,1526,0.1531542453716025
16,1500,1516,0.15317378453001254
15,1497,1512,0.15319458479369982
15,1494,1509,0.15321650881678492
16,1507,1523,0.15323599466917445
17,1497,1514,0.1532520172202231
17,1501,1518,0.15326362046818987
17,1507,1524,0.1532747939636605
17,1488,1505,0.15328552757940464
16,1485,1501,0.15329581647163099
17,1496,1513,0.15330845737648227
17,1509,1526,0.15331791423878813
17,1494,1511,0.15332691772207688
17,1493,1510,0.15333548002604397
17,1495,1512,0.15334361451027664
17,1492,1509,0.1533513353899939
17,1499,1516,0.15335865747901845
17,1488,1505,0.1533655959735634
16,1499,1515,0.15337216627124822
15,1501,1516,0.1533806395947424
16,1516,1532,0.15339102272774277
15,1525,1540,0.15339765292317875
14,1514,1528,0.15340629284167165
14,1519,1533,0.15341688511106416
15,1520,1535,0.15342694745643753
15,1506,1521,0.1534340184100968
14,1511,1525,0.15344076599238224
14,1506,1520,0.15344962515369218
13,1503,1516,0.1534580275653182
13,1505,1518,0.15346831876092756
13,1498,1511,0.15347804596458886
12,1485,1497,0.15348723491631386
11,1492,1503,0.15349833570308782
11,1485,1496,0.15351120421104245
11,1491,1502,0.1535233248421351
11,1493,1504,0.1535347377276515
11,1508,1519,0.15354548129960288
10,1510,1520,0.15355559229624638
10,1525,1535,0.15356740668589355
10,1512,1522,0.15357851860293859
10,1499,1509,0.153588967845078
11,1499,1510,0.15359879221936235
11,1499,1510,0.15360485198391935
11,1502,1513,0.15361064881217598
11,1513,1524,0.15361618458515955
11,1493,1504,0.15362146293601
11,1498,1509,0.15362648889755548
10,1499,1509,0.15363126860366513
11,1507,1518,0.1536380391767065
10,1504,1514,0.15364214016527014
10,1497,1507,0.15364789162147108
10,1508,1518,0.1536533959351404
10,1519,1529,0.15365789175442968
9,1519,1528,0.15366229125424152
11,1501,1512,0.15366949443441358
11,1510,1521,0.15367030272172266
12,1507,1519,0.15367128080528394
11,1522,1533,0.15366924545821142
11,1506,1517,0.15367011149378468
10,1514,1524,0.15367115297645662
10,1506,1516,0.15367475326797972
9,1504,1513,0.15367831057022305
9,1511,1520,0.15368426827540177
9,1494,1503,0.15368998623158237
8,1500,1508,0.15369546395040715
8,1511,1519,0.15370319386102463
7,1516,1523,0.15371051665848443
7,1522,1529,0.15371995959417217
7,1522,1529,0.15372885610503093
7,1525,1532,0.15373723407348094
7,1502,1509,0.15374512052187161
7,1496,1503,0.15375214577787588
7,1496,1503,0.1537588014935471
7,1509,1516,0.15376510173754013
6,1512,1518,0.153771060859639
6,1505,1511,0.15377908715091965
6,1495,1501,0.15378644517725198
6,1501,1507,0.15379339316531968
6,1505,1511,0.1537999506154458
5,1504,1509,0.15380613657286146
5,1502,1507,0.15381420418124414
5,1506,1511,0.1538218046202883
5,1513,1518,0.15382896301848237
5,1511,1516,0.1538357034085142
5,1512,1517,0.15384204873861304
4,1509,1513,0.15384802089016636
3,1514,1517,0.1538559414911785
3,1516,1519,0.153865802123889
4,1514,1518,0.1538750720682289
4,1520,1524,0.1538805672683125
4,1514,1518,0.15388583542823445
4,1519,1523,0.15389087638899768
4,1515,1519,0.15389569182884671
4,1515,1519,0.1539002849118557
4,1516,1520,0.15390465998937275
4,1524,1528,0.15390882234696196
4,1532,1536,0.15391277799048236
4,1522,1526,0.15391653346579967
4,1526,1530,0.15392009570737517
4,1514,1518,0.15392347191162045
4,1512,1516,0.1539266694314683
4,1514,1518,0.1539296956890932
4,1510,1514,0.15393255810413656
4,1507,1511,0.15393526403515426
4,1519,1523,0.15393782073231965
4,1521,1525,0.1539402352996875
5,1520,1525,0.15394251466555986
5,1520,1525,0.15394142154707297
5,1512,1517,0.15394050754064453
5,1501,1506,0.15393974760136023
5,1509,1514,0.15393912001834745
5,1513,1518,0.15393860597759929
5,1505,1510,0.15393818918195337
5,1515,1520,0.15393785552074454
5,1523,1528,0.15393759278263158
5,1536,1541,0.15393739040595064
5,1521,1526,0.1539372392616887
5,1505,1510,0.15393713146481294
5,1511,1516,0.15393706021025122
5,1504,1509,0.15393701963030268
4,1514,1518,0.15393700467068164
3,1505,1508,0.15393939567106288
3,1514,1517,0.1539440772615611
5,1515,1520,0.15394848675209516
5,1504,1509,0.15394695324985022
5,1508,1513,0.15394563963964822
5,1505,1510,0.15394451640809315
5,1503,1508,0.15394355790717704
6,1495,1501,0.1539427418523846
6,1518,1524,0.1539388483905029
6,1522,1528,0.15393535869006023
7,1508,1515,0.1539322276513001
7,1515,1522,0.15392629367673144
6,1495,1501,0.15392093621766464
6,1507,1513,0.1539186597863534
6,1501,1507,0.15391666478444488
6,1506,1512,0.1539149163919091
6,1490,1496,0.15391338411242197
8,1491,1499,0.1539112168771261
8,1509,1517,0.15390372922551543
8,1519,1527,0.15389697521362009
7,1518,1525,0.15389087727421127
7,1518,1525,0.153887769277414
7,1523,1530,0.15388504280053503
8,1519,1527,0.1538826518718313
8,1510,1518,0.15387794269423372
8,1510,1518,0.15387367735444119
8,1521,1529,0.15386981024934435
7,1518,1525,0.15386630080097213
7,1511,1518,0.15386546855337155
7,1507,1514,0.15386478172072965
7,1501,1508,0.1538642192852404
7,1520,1527,0.15386376306875468
6,1518,1524,0.15386339735947774
6,1515,1521,0.15386543808819644
6,1504,1510,0.15386739726472623
6,1499,1505,0.15386927244803913
6,1514,1520,0.15387106247289573
6,1502,1508,0.15387276721047838
6,1509,1515,0.15387438736608314
6,1505,1511,0.15387592430854166
6,1511,1517,0.15387737992678466
6,1515,1521,0.15387875650959745
6,1507,1513,0.15388005664516907
6,1511,1517,0.15388128313751406
6,1512,1518,0.15388243893725564
5,1502,1507,0.15388352708461434
5,1504,1509,0.15388687851937602
5,1499,1504,0.15389002746023955
5,1507,1512,0.15389298457972522
5,1519,1524,0.153895760233685
5,1516,1521,0.15389836442734695
5,1512,1517,0.15390080679122747
5,1509,1514,0.1539030965652156
5,1505,1510,0.15390524258938307
5,1523,1528,0.15390725330029642
5,1514,1519,0.15390913673179277
5,1521,1526,0.15391090051934178
5,1518,1523,0.1539125519072538
5,1516,1521,0.15391409775811227
6,1510,1516,0.1539155445639081
6,1522,1528,0.15391367725240773
6,1522,1528,0.15391202058208872
6,1510,1516,0.15391054906542995
6,1518,1524,0.15390924042853796
5,1524,1529,0.15390807519658423
5,1518,1523,0.1539094980010761
4,1507,1511,0.15391088354174826
4,1501,1505,0.1539146618080657
4,1507,1511,0.1539182497718526
4,1497,1501,0.1539216540695319
4,1497,1501,0.15392488155530043
4,1513,1517,0.15392793920899728
4,1515,1519,0.1539308340596799
4,1509,1513,0.1539335731226467
4,1517,1521,0.15393616334795474
4,1511,1515,0.1539386115787451
3,1521,1524,0.15394092451792044
3,1526,1529,0.15394552130045047
3,1527,1530,0.15394984987197322
3,1533,1536,0.153953924853963
4,1527,1531,0.15395776021065555
3,1518,1521,0.15395817692814046
3,1509,1512,0.15396106906556603
3,1520,1523,0.15396387830103006
4,1528,1532,0.15396659678470692
3,1507,1510,0.1539666261346326
3,1505,1508,0.15396919077833243
3,1505,1508,0.1539716730238948
3,1514,1517,0.15397406790827467
3,1520,1523,0.15397637209320303
3,1523,1526,0.1539785835929196
3,1515,1518,0.15398070154106658
2,1515,1517,0.15398272599142523
2,1515,1517,0.1539871057443574
2,1515,1517,0.15399123654763827
3,1510,1513,0.15399513043975296
3,1504,1507,0.15399555638954054
2,1511,1513,0.15399606983562145
2,1508,1510,0.15399906798255217
2,1501,1503,0.15400197227993961
3,1510,1513,0.15400477713108496
3,1518,1521,0.15400434928416
4,1528,1532,0.15400410445880236
4,1516,1520,0.15400110580267246
4,1512,1516,0.15399847653429874
5,1512,1517,0.1539961712940394
4,1515,1519,0.1539909466232095
4,1513,1517,0.15398887399893368
4,1513,1517,0.1539871035236302
4,1516,1520,0.1539855939408745
4,1518,1522,0.15398430948922226
4,1509,1513,0.15398321917705815
4,1512,1516,0.15398229615287534
4,1505,1509,0.15398151715842937
4,1507,1511,0.15398086205386005
4,1508,1512,0.15398031340531584
4,1503,1507,0.15397985612685744
4,1512,1516,0.15397947716950283
5,1505,1510,0.15397916525121436
5,1505,1510,0.15397580468367533
6,1510,1516,0.1539727825996909
6,1522,1528,0.1539669493035313
6,1518,1524,0.15396166850391454
6,1516,1522,0.15395688334854138
6,1509,1515,0.15395254322809762
6,1512,1518,0.15394860305817595
6,1511,1517,0.1539450226464278
6,1528,1534,0.15394176613461333
6,1536,1542,0.15393880150649017
5,1529,1534,0.15393610015359221
5,1536,1541,0.1539360066900127
5,1525,1530,0.1539359785050729
5,1526,1531,0.15393600321127987
5,1517,1522,0.15393607032356413
5,1506,1511,0.1539361709897458
5,1502,1507,0.1539362977577515
5,1504,1509,0.1539364443746711
6,1498,1504,0.15393660561339328
6,1503,1509,0.15393400756913006
6,1501,1507,0.1539316434245577
6,1510,1516,0.1539294904008766
7,1505,1512,0.15392752808443091
7,1519,1526,0.1539225589885382
7,1515,1522,0.1539180413360616
7,1504,1511,0.15391326388257665
7,1511,1518,0.15390874993021858
7,1512,1519,0.15390470578873428
7,1514,1521,0.15390107759999694
7,1517,1524,0.15389781807218764
7,1515,1522,0.15389488565053935
7,1508,1515,0.1538922437948627
7,1496,1503,0.1538898603499503
7,1503,1510,0.15388770699677973
7,1504,1511,0.15388575877401614
8,1491,1499,0.15388399366069275
9,1492,1501,0.15387927455946998
8,1497,1505,0.1538717406375155
8,1502,1510,0.15386730291092182
8,1499,1507,0.15386334103328145
8,1500,1508,0.15385979987345885
8,1519,1527,0.1538566310058375
7,1515,1522,0.15385379187137044
7,1507,1514,0.15385389216501025
7,1504,1511,0.15385405463414992
8,1504,1512,0.15385426640981287
8,1499,1507,0.15385132410450397
7,1505,1512,0.15384870784430993
7,1502,1509,0.15384938023917222
7,1510,1517,0.1538500466093976
7,1499,1506,0.15385070247956595
6,1507,1513,0.15385134429507033
5,1510,1515,0.1538545101395243
5,1511,1516,0.1538597734608879
5,1519,1524,0.15386471947541572
5,1508,1513,0.15386936483186572
5,1511,1516,0.15387372570830074
5,1504,1509,0.15387781775233653
6,1502,1508,0.1538816560382374
6,1519,1525,0.15388263279852255
6,1529,1535,0.1538835893916173
6,1523,1529,0.15388452245116804
6,1518,1524,0.15388542934110158
6,1510,1516,0.1538863080524661
6,1513,1519,0.1538871571129209
6,1512,1518,0.15388797550744396
6,1517,1523,0.15388876260897597
6,1516,1522,0.1538895181178561
6,1521,1527,0.15389024200902943
7,1514,1521,0.1538909344861152
7,1526,1533,0.1538884811802492
7,1518,1525,0.15388627462496765
7,1512,1519,0.15388428756310066
7,1523,1530,0.15388249594932357
7,1510,1517,0.15388087855643157
6,1511,1517,0.15387941663098112
6,1510,1516,0.1538808249418244
6,1513,1519,0.15388215354838666
5,1507,1512,0.15388340639041012
5,1496,1501,0.15388693982206358
5,1490,1495,0.153890261187753
4,1511,1515,0.15389338184517354
4,1513,1517,0.15389871396557425
4,1513,1517,0.15390372151319182
4,1504,1508,0.15390842314349243
4,1507,1511,0.15391283659844185
4,1515,1519,0.15391697872777405
4,1517,1521,0.15392086551377945
4,1511,1515,0.15392451209875435
4,1512,1516,0.15392793281439027
4,1510,1514,0.15393114121249737
4,1505,1509,0.15393415009655873
3,1520,1523,0.15393697155369657
3,1527,1530,0.15394198407255644
3,1512,1515,0.15394668847142856
3,1510,1513,0.15395110284730537
3,1509,1512,0.15395524435993585
3,1505,1508,0.15395912926162125
3,1511,1514,0.15396277292917515
3,1508,1511,0.15396618989736743
3,1505,1508,0.15396939389328765
3,1503,1506,0.15397239787116063
3,1505,1508,0.1539752140472308
3,1503,1506,0.1539778539344029
3,1510,1513,0.15398032837638825
3,1524,1527,0.15398264758115626
3,1515,1518,0.1539848211535343
3,1515,1518,0.1539868581268365
4,1523,1527,0.15398876699343286
4,1514,1518,0.1539874169366745
4,1526,1530,0.15398624291842475
4,1506,1510,0.15398522248220195
4,1508,1512,0.15398433602053274
4,1496,1500,0.15398356641308222
4,1507,1511,0.1539828987109159
6,1503,1509,0.15398231986098662
7,1497,1504,0.1539754835941295
7,1499,1506,0.15396603069479362
6,1491,1497,0.15395746457481171
6,1488,1494,0.15395210848328097
7,1510,1517,0.1539473162296858
8,1497,1505,0.1539397727371625
8,1513,1521,0.15393035790456974
8,1517,1525,0.15392179505475473
8,1507,1515,0.1539139986118279
8,1502,1510,0.15390689238257013
10,1499,1509,0.15390040846030087
10,1514,1524,0.15388806315344525
10,1517,1527,0.15387682356833166
8,1525,1533,0.15386658034355738
9,1509,1518,0.15386216348949158
9,1508,1517,0.15385576531613268
8,1510,1518,0.1538499652862917
8,1507,1515,0.15384711181516292
8,1504,1512,0.15384458268436238
8,1493,1501,0.15384233850114457
8,1500,1508,0.1538403448388508
7,1510,1517,0.1538385715980722
7,1497,1504,0.1538393679727933
7,1501,1508,0.15384018765618163
7,1507,1514,0.15384101873603545
7,1511,1518,0.15384185148409643
7,1529,1536,0.15384267802527532
7,1527,1534,0.15384349205349843
7,1520,1527,0.15384428858781324
7,1521,1528,0.15384506376324877
7,1516,1523,0.15384503015207965
7,1508,1515,0.15384512123097951
5,1515,1520,0.15384531375710675
5,1508,1513,0.15385033612312848
5,1502,1507,0.1538551357859202
5,1508,1513,0.15385971520262592
6,1507,1513,0.15386407814033
7,1504,1511,0.15386515418747224
7,1498,1505,0.1538631714797248
9,1511,1520,0.15386153344811107
9,1511,1520,0.1538544650229261
9,1512,1521,0.1538481423067719
9,1513,1522,0.15384248449151636
9,1510,1519,0.15383741970905532
8,1493,1501,0.15383288402663914
9,1494,1503,0.1538312746169588
9,1500,1509,0.1538274060432979
9,1497,1506,0.15382393751771356
8,1507,1515,0.15382082621371512
8,1513,1521,0.15382053250823646
8,1512,1520,0.1538203641456088
8,1518,1526,0.1538203011845129
8,1509,1517,0.15382032631866963
7,1512,1519,0.15382042455113332
7,1506,1513,0.15382300990074982
7,1521,1528,0.1538254848787118
7,1500,1507,0.1538278500323074
8,1495,1503,0.15383010665736252
8,1505,1513,0.1538296029258984
8,1505,1513,0.15382919735677894
8,1510,1518,0.15382808711213225
8,1512,1520,0.15382719374419604
8,1517,1525,0.15382648521098427
7,1510,1517,0.15382593379831142
7,1518,1525,0.15382799423006188
7,1516,1523,0.15382999866349162
7,1490,1497,0.15383194075769888
7,1504,1511,0.1538338158680709
6,1511,1517,0.15383562077104349
7,1502,1509,0.1538396567687783
7,1503,1510,0.15384110221313604
7,1506,1513,0.15384249540765133
6,1517,1523,0.1538438345286361
6,1518,1524,0.1538476382843304
7,1511,1518,0.15385121641226365
8,1509,1517,0.15385140750103113
8,1498,1506,0.15384851752370327
8,1501,1509,0.1538459892702053
7,1506,1513,0.15384377607840835
8,1520,1528,0.15384418904481761
7,1516,1523,0.15384171662679502
8,1508,1516,0.15384195800807332
8,1507,1515,0.15383979578626208
8,1503,1511,0.15383793417623728
7,1504,1511,0.15383633322624765
6,1512,1518,0.15383755980907665
6,1506,1512,0.15384140389968665
6,1512,1518,0.15384506504090328
6,1513,1519,0.1538485466506186
6,1514,1520,0.1538518530154903
5,1515,1520,0.1538549890934204
5,1505,1510,0.15386026175617637
5,1509,1514,0.1538652352885858
5,1500,1505,0.1538699229823628
5,1504,1509,0.15387433812363785
5,1504,1509,0.15387849387582483
6,1511,1517,0.1538824031859156
5,1508,1513,0.15388292901770018
5,1514,1519,0.15388582980183033
6,1517,1523,0.15388864236368857
7,1509,1516,0.15388831013366602
7,1514,1521,0.1538856392895362
8,1513,1521,0.15388328487542324
8,1514,1522,0.1538779573235241
8,1513,1521,0.15387317636584188
8,1521,1529,0.15386888124435097
8,1517,1525,0.15386501836747649
7,1521,1528,0.1538615404300223
8,1519,1527,0.15386074010310313
9,1518,1527,0.153857695116012
9,1508,1517,0.1538517684116689
9,1507,1516,0.1538464036447552
8,1512,1520,0.15384154296560912
7,1496,1503,0.1538395406483057
7,1513,1520,0.15384040851487404
7,1506,1513,0.15384132153899066
7,1507,1514,0.15384226448453336
7,1515,1522,0.1538432246165503
7,1518,1525,0.15384419135141986
7,1505,1512,0.1538451559531179
7,1505,1512,0.15384611126966377
6,1513,1519,0.1538470515045708
6,1525,1531,0.15385027969350998
4,1519,1523,0.15385334288667504
4,1503,1507,0.15386101263504273
4,1503,1507,0.15386823363430305
4,1508,1512,0.15387502863682057
4,1508,1512,0.15388141977533995
1,1519,1520,0.1538874284874945
1,1517,1518,0.1539002455682774
1,1514,1515,0.15391228272800017
1,1513,1514,0.1539235863136145
1,1504,1505,0.15393420009030834
1,1503,1504,0.15394416535926944
1,1508,1509,0.15395352107418098
1,1523,1524,0.1539623039556814
1,1507,1508,0.1539705486031847
1,1514,1515,0.153978287603597
1,1519,1520,0.1539855516365808
1,1529,1530,0.1539923695761153
1,1518,1519,0.15399876858818282
1,1515,1516,0.15400477422447514
1,1514,1515,0.1540104105120722
1,1501,1502,0.15401570003908674
1,1508,1509,0.15402066403630654
1,1517,1518,0.1540253224548941
1,1521,1522,0.15402969404022673
1,1508,1509,0.1540337964019779
1,1504,1505,0.15403764608055295
1,1508,1509,0.15404125861000406
1,1505,1506,0.15404464857755465
1,1515,1516,0.15404782967986852
1,1520,1521,0.1540508147762011
1,1525,1526,0.15405361593857148
1,1527,1528,0.15405624449909217
1,1514,1515,0.15405871109459313
1,1526,1527,0.1540610257086734
1,1534,1535,0.15406319771130958
1,1529,1530,0.15406523589614896
1,1528,1529,0.15406714851560785
1,1528,1529,0.15406894331389437
1,1504,1505,0.15407062755806789
1,1512,1513,0.1540722080672442
1,1504,1505,0.1540736912400498
1,1514,1515,0.15407508308042453
1,1504,1505,0.15407638922186684
1,1516,1517,0.15407761495021155
1,1516,1517,0.15407876522502473
1,1519,1520,0.15407984469969743
1,1526,1527,0.1540808577403141
1,1519,1520,0.15408180844336847
1,1521,1522,0.15408270065239554
1,1517,1518,0.15408353797358407
1,1510,1511,0.1540843237904312
1,1508,1509,0.15408506127749633
1,1502,1503,0.15408575341330952
1,1507,1508,0.15408640299248444
1,1520,1521,0.15408701263708532
1,1517,1518,0.15408758480729273
1,1493,1494,0.1540881218114111
1,1499,1500,0.15408862581525862
1,1504,1505,0.15408909885097638
0,1506,1506,0.1540895428252938
