1382,27,1409,0.13579577953693403
1420,26,1446,0.13290768219938845
1441,29,1470,0.13017530855904927
1450,30,1480,0.12763380299093222
1468,30,1498,0.12529874559766185
1476,29,1505,0.12312349587384454
1458,30,1488,0.1211239021433276
1460,31,1491,0.11935430035526304
1462,32,1494,0.11774160063257394
1470,32,1502,0.1162693628004093
1486,32,1518,0.11491011236690352
1483,29,1512,0.11363361745558542
1464,30,1494,0.11248119933048285
1477,30,1507,0.11148050211056593
1461,30,1491,0.11053838185150183
1468,31,1499,0.10972224150027418
1462,34,1496,0.10896368589995722
1464,34,1498,0.1082890698589904
1463,35,1498,0.10767264747237029
1457,33,1490,0.10711498395788116
1449,32,1481,0.10662090016588614
1445,30,1475,0.10619116251356257
1446,30,1476,0.10580900140087547
1464,31,1495,0.10545949303742283
1455,31,1486,0.10509984863848701
1478,30,1508,0.1047934150795679
1489,28,1517,0.10446124769141432
1486,28,1514,0.10413359778643053
1484,26,1510,0.1038422373273359
1482,25,1507,0.10358136486197847
1497,27,1524,0.10334933012466253
1478,27,1505,0.10310346085783426
1476,25,1501,0.10292270560907892
1476,24,1500,0.10276358255239998
1479,23,1502,0.10261875256806739
1462,23,1485,0.10247909175247298
1472,23,1495,0.10238785280959255
1464,23,1487,0.10228262584071368
1453,25,1478,0.10220485977931329
1459,26,1485,0.10216049851000107
1453,25,1478,0.10210867317330669
1464,23,1487,0.10207615041218081
1465,21,1486,0.10202264669610833
1478,20,1498,0.10197147607810286
1498,20,1518,0.10189501002070646
1479,21,1500,0.10177955302200363
1480,19,1499,0.10171696564927726
1471,19,1490,0.10165786072002575
1467,19,1486,0.10162548459781202
1474,20,1494,0.1016054602591661
1462,21,1483,0.10156953041288137
1466,23,1489,0.10156367633574583
1476,23,1499,0.10154968200032873
1465,23,1488,0.10151533256310348
1474,24,1498,0.10151000390972814
1474,23,1497,0.10148573270571397
1471,24,1495,0.10146098937945527
1467,22,1489,0.10144437086854743
1467,24,1491,0.1014391490963451
1465,25,1490,0.10143696534594036
1461,26,1487,0.10143774233785768
1454,26,1480,0.10144839302462158
1459,27,1486,0.10147385634140046
1449,27,1476,0.10148595540743387
1472,26,1498,0.10151936297107475
1474,26,1500,0.10149545319970628
1470,28,1498,0.10146902987113046
1473,29,1502,0.1014539481220385
1464,27,1491,0.10143479240385155
1462,29,1491,0.10143809075644551
1456,29,1485,0.10144595900364696
1460,27,1487,0.10146853373730512
1453,27,1480,0.10148141337194644
1459,25,1484,0.10150757941477505
1459,26,1485,0.10151835977075724
1465,24,1489,0.10152784972276882
1473,25,1498,0.10152308247246201
1472,26,1498,0.10150046962790825
1470,26,1496,0.10148099299630202
1470,26,1496,0.10146711420104172
1477,26,1503,0.1014545641874383
1478,25,1503,0.1014268926627718
1476,24,1500,0.10140030160779473
1481,24,1505,0.10137882151673405
1477,26,1503,0.10134674134079288
1481,26,1507,0.10132835131333842
1470,23,1493,0.101303145118063
1472,22,1494,0.10130605588296966
1481,21,1502,0.10130198763664955
1479,23,1502,0.10127706861673286
1476,24,1500,0.10125990163447295
1467,24,1491,0.10125206336711737
1484,24,1508,0.10126461940165435
1466,24,1490,0.1012410257151399
1454,23,1477,0.10125762145783923
1454,23,1477,0.10129916658122845
1443,25,1468,0.10133739235205991
1458,23,1481,0.10139650312440988
1454,25,1479,0.10141822677383612
1449,25,1474,0.10144689330591194
1458,25,1483,0.1014832651268131
1456,26,1482,0.10149760022673365
1463,26,1489,0.10151361114894188
1465,28,1493,0.10151229067052485
1467,28,1495,0.10150446593328731
1452,26,1478,0.10149333353999827
1452,24,1476,0.10151756397241335
1456,24,1480,0.10153994993904837
1482,24,1506,0.10155187432761217
1473,24,1497,0.10150477107583111
1471,25,1496,0.10148134941529972
1468,25,1493,0.10146576970568262
1467,25,1492,0.10145757716733296
1477,26,1503,0.10145286320417232
1470,25,1495,0.10142666912417778
1476,22,1498,0.10141897444642672
1471,23,1494,0.10139950118849445
1486,22,1508,0.10139172502699761
1484,22,1506,0.10135137525201608
1477,21,1498,0.10131567319943312
1473,20,1493,0.10130080964006777
1478,22,1500,0.10129601247792541
1476,21,1497,0.10127777082224522
1469,21,1490,0.10126562550437362
1481,21,1502,0.10126923462546238
1475,21,1496,0.10124622779256287
1476,20,1496,0.10123792672229628
1475,20,1495,0.10122992064487114
1478,21,1499,0.1012278030055553
1478,19,1497,0.10121891172876811
1478,19,1497,0.10121029342526194
1452,19,1471,0.10120082874624024
1470,19,1489,0.10124965247073797
1465,18,1483,0.10125701832310248
1473,18,1491,0.10127383437616654
1462,19,1481,0.10127140022033998
1463,21,1484,0.10129481491285965
1469,21,1490,0.10131344511596854
1478,21,1499,0.10131555057180588
1473,20,1493,0.10129723109150623
1479,22,1501,0.10129269382160572
1476,21,1497,0.10127557743286925
1480,20,1500,0.10126554321722679
1488,21,1509,0.10124590854075378
1486,21,1507,0.101211645791063
1485,22,1507,0.10118429054831654
1476,22,1498,0.1011616573295288
1474,23,1497,0.10116055435070458
1460,22,1482,0.10116514202246744
1456,23,1479,0.10120022169281252
1467,24,1491,0.10124206952648261
1450,25,1475,0.10125662535278558
1461,26,1487,0.10130793665164027
1475,24,1499,0.10133133996095538
1480,24,1504,0.10132046131884064
1462,23,1485,0.10129888680392868
1480,22,1502,0.1013196243936412
1468,22,1490,0.1012975078254274
1463,23,1486,0.10130152010726341
1457,21,1478,0.10131585153843696
1456,21,1477,0.10134476799531882
1455,21,1476,0.10137372681815968
1455,22,1477,0.1014028376016822
1466,23,1489,0.10142972010141044
1475,23,1498,0.10143060562552737
1467,22,1489,0.1014098814301491
1486,23,1509,0.10140726878400948
1488,23,1511,0.10136465307023912
1479,23,1502,0.1013212464815648
1472,23,1495,0.10130152550859141
1464,25,1489,0.1013001188019622
1473,25,1498,0.10131503311459987
1476,25,1501,0.10130868579789112
1476,23,1499,0.10129601065028267
1474,23,1497,0.10128622881958091
1492,25,1517,0.10128109923547218
1473,24,1497,0.10123657759461756
1454,24,1478,0.10123822985705509
1459,24,1483,0.10128219253580831
1459,24,1483,0.10131093868830345
1469,24,1493,0.10133690407281787
1476,25,1501,0.10133831865106036
1475,26,1501,0.10132565732580204
1463,26,1489,0.10131663268582437
1464,25,1489,0.10133650542615083
1461,25,1486,0.10135221001087384
1470,26,1496,0.10137209535064845
1476,25,1501,0.10136900981197661
1468,26,1494,0.10135196096026157
1458,26,1484,0.10135480185308517
1457,27,1484,0.10137981498046619
1463,27,1490,0.10140641341989984
1466,27,1493,0.10141794782745596
1461,27,1488,0.10142265124490393
1470,29,1499,0.10143773808757268
1464,29,1493,0.10143279279611005
1453,31,1484,0.10144271673325803
1456,31,1487,0.10147571222636807
1454,30,1484,0.1014993181423423
1464,29,1493,0.10152478693252
1469,31,1500,0.10152659309964106
1472,31,1503,0.10151630249635278
1462,31,1493,0.10150041377448744
1456,31,1487,0.10150707291263313
1469,31,1500,0.10152727031717274
1461,30,1491,0.10151510305184189
1447,32,1479,0.10152217058361801
1449,33,1482,0.1015600657595029
1438,34,1472,0.10158999258484594
1455,36,1491,0.10164244879656231
1449,34,1483,0.10165320425449596
1461,34,1495,0.10167824352921744
1446,35,1481,0.10167314873278528
1445,37,1482,0.10169982284188596
1462,35,1497,0.10172823813575896
1455,37,1492,0.10171626559357563
1458,38,1496,0.10171971399425597
1457,37,1494,0.10171865129125163
1463,34,1497,0.10172193385932621
1459,34,1493,0.10171079782710604
1461,34,1495,0.1017093372792723
1459,35,1494,0.1017047919977837
1460,36,1496,0.10170612306811017
1454,37,1491,0.10170160187002839
1458,37,1495,0.10171192540314386
1471,39,1510,0.10171334314436098
1474,38,1512,0.10168526277731883
1470,43,1513,0.1016533433006857
1458,44,1502,0.10163158555675456
1463,43,1506,0.10164021099230112
1457,43,1500,0.10163800850106847
1467,45,1512,0.1016489313138209
1463,43,1506,0.10163758957899262
1459,44,1503,0.10163616875274045
1457,43,1500,0.10164403486289786
1448,42,1490,0.10165427798445456
1453,44,1497,0.10168422646287709
1450,44,1494,0.10170078117768394
1453,42,1495,0.10172167209648307
1465,43,1508,0.1017348130354667
1457,44,1501,0.1017188939845605
1451,43,1494,0.1017235820208315
1448,42,1490,0.10174190173731618
1456,41,1497,0.10176450012110298
1443,40,1483,0.1017666712469434
1429,42,1471,0.10179755573146337
1425,40,1465,0.10185558758405833
1419,43,1462,0.10191919901768548
1436,45,1481,0.1019919193970217
1446,44,1490,0.10202063679632178
1448,44,1492,0.10202583427962322
1467,46,1513,0.10202758543992006
1458,46,1504,0.10198496138074305
1452,45,1497,0.10196494887259812
1433,43,1476,0.10195868781771282
1439,43,1482,0.10199654539242217
1434,45,1479,0.10201720068403226
1433,45,1478,0.10204707504379185
1450,46,1496,0.10207826541525603
1452,46,1498,0.10206895707124758
1447,46,1493,0.10205604059114806
1454,44,1498,0.10205278651999368
1442,43,1485,0.10203522855785543
1458,43,1501,0.10204504549737209
1456,43,1499,0.10201714756546519
1451,44,1495,0.10199751300510712
1447,44,1491,0.10199140107145688
1447,46,1493,0.10199551278103514
1447,47,1494,0.10199931521677025
1456,46,1502,0.10200372543556029
1454,47,1501,0.10198795709317235
1456,48,1504,0.10197921697991522
1445,47,1492,0.10196728486285683
1454,48,1502,0.1019819062262274
1462,46,1508,0.10197392928451574
1456,46,1502,0.10194831879284959
1454,46,1500,0.10193903229481587
1456,46,1502,0.10193483170951861
1459,45,1504,0.10192573808085459
1446,47,1493,0.10190709780041636
1457,45,1502,0.10192155276580311
1452,47,1499,0.1019100825280363
1451,46,1497,0.10190923654748164
1447,46,1493,0.10191158131365657
1431,44,1475,0.101923646344723
1437,43,1480,0.10197185535030819
1447,44,1491,0.10200320291139395
1445,45,1490,0.10200969736154208
1445,44,1489,0.10201890769577276
1457,45,1502,0.10202713434389174
1463,46,1509,0.10200724307122921
1444,47,1491,0.1019748496599985
1439,49,1488,0.10198799231589448
1441,49,1490,0.10201295098441397
1448,46,1494,0.10203206319090555
1450,44,1494,0.10203304402195991
1453,46,1499,0.10203118336947331
1453,48,1501,0.10202404015479534
1443,50,1493,0.1020161849703361
1431,51,1482,0.10203021237789553
1441,50,1491,0.10207053559828054
1445,53,1498,0.10208367428927861
1441,54,1495,0.10208777193696679
1440,55,1495,0.10210206703640612
1430,53,1483,0.10211731173010989
1440,51,1491,0.10215713134119309
1433,51,1484,0.10216863242193387
1438,50,1488,0.10219331983132605
1444,49,1493,0.10220742994399097
1442,50,1492,0.10220798853787433
1443,50,1493,0.10221281876987681
1442,53,1495,0.10221348910630464
1441,53,1494,0.10221570701106739
1444,51,1495,0.10222067428516304
1440,51,1491,0.10221954304777593
1443,48,1491,0.10222744953289434
1435,50,1485,0.10222945226802072
1438,57,1495,0.10224924064934598
1431,62,1493,0.10226011524793359
1428,62,1490,0.10228620060956821
1430,65,1495,0.10231860423611171
1434,65,1499,0.10234272013172964
1425,66,1491,0.10235553506263845
1433,65,1498,0.10238706313872097
1437,64,1501,0.10239803688944736
1429,62,1491,0.10240055773292671
1429,60,1489,0.10241938298395308
1444,61,1505,0.10243570673525904
1439,59,1498,0.10241733175286515
1442,58,1500,0.10241447595421285
1442,58,1500,0.10240330856784098
1439,59,1498,0.10239386800009168
1432,58,1490,0.10239322832983602
1434,56,1490,0.10240734096277894
1437,58,1495,0.1024149628894327
1437,57,1494,0.10241429583137847
1446,55,1501,0.10241346309576713
1439,56,1495,0.10239247608229744
1449,55,1504,0.10238826027380404
1438,55,1493,0.10236153449527954
1441,54,1495,0.10235933505838635
1439,53,1492,0.10235131602505
1434,53,1487,0.10235147071216023
1427,54,1481,0.10236340074339698
1420,54,1474,0.10239097358315416
1417,58,1475,0.10243242171485534
1417,55,1472,0.10247758296805799
1405,59,1464,0.1025185781927303
1404,58,1462,0.10258412117576451
1414,59,1473,0.10264796602995102
1430,61,1491,0.10268428399761874
1443,63,1506,0.10267842352505321
1438,63,1501,0.10264160249049199
1433,62,1495,0.10261911380801819
1430,62,1492,0.10261122008324819
1434,59,1493,0.1026108013566258
1426,60,1486,0.10260201468204606
1434,60,1494,0.10261128168312773
1421,61,1482,0.10260168181687518
1422,64,1486,0.10262117262231986
1420,64,1484,0.10263818393996921
1434,63,1497,0.10265905978235225
1436,67,1503,0.10265005004895653
1426,67,1493,0.1026359521799139
1416,67,1483,0.10264560084804987
1440,68,1508,0.1026774560487003
1444,66,1510,0.10265254541536412
1448,67,1515,0.10262220219426826
1445,67,1512,0.10258621565464562
1450,67,1517,0.10255881788140886
1448,66,1514,0.10252299790279873
1447,67,1514,0.10249461033910301
1441,70,1511,0.10247087411858988
1433,70,1503,0.10246302771621071
1437,69,1506,0.10247468464183168
1436,70,1506,0.10247778175920849
1429,72,1501,0.10248233359282567
1428,71,1499,0.1025014177832246
1426,72,1498,0.10252133053725142
1425,68,1493,0.1025441513772486
1425,73,1498,0.1025685116630472
1420,74,1494,0.10259192438514354
1422,76,1498,0.10262576034460384
1418,74,1492,0.10265325290302105
1418,73,1491,0.10268739738154846
1421,78,1499,0.10271972572897915
1433,75,1508,0.10274155346387052
1421,76,1497,0.10273412149895148
1422,72,1494,0.10275293247804715
1412,72,1484,0.10276896523469187
1418,69,1487,0.10280551351723158
1412,75,1487,0.10282646151512274
1412,75,1487,0.10285930918078467
1421,76,1497,0.10288938991482571
1436,75,1511,0.10289814900228382
1428,71,1499,0.10287262576087353
1433,73,1506,0.1028646227150605
1440,73,1513,0.10284497814818996
1436,71,1507,0.10280988217567998
1428,73,1501,0.1027868394379921
1411,74,1485,0.10278416846707046
1413,75,1488,0.10282010568254893
1403,74,1477,0.10285044341908481
1406,71,1477,0.10290027573934324
1414,70,1484,0.10293929170460256
1418,73,1491,0.10295624457543057
1413,71,1484,0.10296272317843165
1420,71,1491,0.10298110118807859
1411,71,1482,0.10298273254704035
1423,69,1492,0.10300454617515442
1433,69,1502,0.10299869044484926
1423,68,1491,0.10296727707850603
1425,70,1495,0.1029608175391937
1427,68,1495,0.10294899577339038
1428,69,1497,0.10293494986651813
1425,71,1496,0.10291807777095602
1429,67,1496,0.10291029002666888
1422,70,1492,0.10289765046508577
1428,69,1497,0.10290003764406162
1428,70,1498,0.10288691374356204
1436,72,1508,0.1028762666099421
1433,68,1501,0.10284852390960669
1420,67,1487,0.10282813356967249
1426,67,1493,0.10283890812671258
1423,68,1491,0.10283536083084545
1421,66,1487,0.10283726674932206
1424,70,1494,0.10284323871393183
1419,74,1493,0.10284408116030776
1408,72,1480,0.10285720573440735
1400,75,1475,0.10289607084788097
1398,75,1473,0.10295030215184095
1402,75,1477,0.1030045404711269
1413,75,1488,0.10304390881757686
1412,76,1488,0.10305605020381227
1414,80,1494,0.10306758492291208
1412,76,1488,0.1030754847512442
1431,74,1505,0.10308564673325567
1429,75,1504,0.10305022372442631
1432,76,1508,0.10302339807510914
1425,77,1502,0.10299127839801873
1424,76,1500,0.10297775100268179
1421,77,1498,0.10296726746256704
1419,77,1496,0.1029637124049396
1420,75,1495,0.1029666479888497
1426,77,1503,0.10296765778322188
1412,77,1489,0.10295582007617962
1406,79,1485,0.1029750203761866
1413,81,1494,0.10300448421797671
1406,84,1490,0.10301742949385183
1413,82,1495,0.1030470925105604
1411,83,1494,0.10305996162106226
1418,83,1501,0.10307488898590433
1408,85,1493,0.10307320575601447
1412,87,1499,0.10309444048075368
1410,87,1497,0.10310652529291221
1407,89,1496,0.10312338083953718
1388,87,1475,0.10314692656297286
1388,86,1474,0.10320975308152189
1388,86,1474,0.10326892397291364
1401,86,1487,0.10332367940295356
1394,85,1479,0.10334363000334658
1394,91,1485,0.10337803987135281
1411,89,1500,0.10341113038945679
1412,87,1499,0.10340459300021645
1406,86,1492,0.10339567870679815
1391,86,1477,0.10339840762182853
1400,90,1490,0.10343580120794531
1407,87,1494,0.10345018496539975
1408,89,1497,0.10344813883527411
1417,88,1505,0.1034433790034028
1422,87,1509,0.10341722418091809
1421,89,1510,0.103381378916777
1424,93,1517,0.10335264882807456
1421,93,1514,0.10332135428253995
1410,93,1503,0.10329812768893866
1396,90,1486,0.10330261829569685
1397,94,1491,0.1033368687826965
1399,95,1494,0.10336640245082009
1406,94,1500,0.10338911999050573
1399,99,1498,0.10339564994662237
1402,98,1500,0.10341829254510258
1403,101,1504,0.10343118739936401
1402,100,1502,0.10344375072172056
1400,103,1503,0.10345731835550921
1397,102,1499,0.10347664731886842
1390,105,1495,0.10349909906200815
1387,108,1495,0.10353645854747075
1400,107,1507,0.10357661767841762
1396,106,1502,0.10358572985751041
1390,105,1495,0.1036030645492897
1401,108,1509,0.10363159214394342
1399,109,1508,0.10363398379497263
1388,106,1494,0.10364083644314721
1379,106,1485,0.10367090425892062
1372,106,1478,0.10371937727283295
1379,108,1487,0.10378009695260051
1370,115,1485,0.10382254492244122
1378,117,1495,0.10388176199666582
1376,116,1492,0.10391972340505908
1379,118,1497,0.10395795317502976
1384,118,1502,0.10398688857252054
1383,118,1501,0.1040028956331685
1360,116,1476,0.104019737364208
1368,116,1484,0.10408637195808644
1375,116,1491,0.10413005163518413
1372,118,1490,0.10415400813570982
1376,122,1498,0.10418228956213373
1383,126,1509,0.104199409492801
1379,120,1499,0.10419969686621197
1392,120,1512,0.10420892310882877
1388,120,1508,0.10418939784562818
1381,122,1503,0.10417892652298189
1380,122,1502,0.10418657211287691
1381,120,1501,0.10419687531435075
1382,123,1505,0.10420313054769277
1377,124,1501,0.10420797406223446
1371,125,1496,0.10422526881943886
1382,125,1507,0.10425378188119724
1371,130,1501,0.10425504226549968
1361,130,1491,0.10428222944971673
1366,132,1498,0.10433120301029195
1373,130,1503,0.10436684844109387
1365,135,1500,0.10438148314078514
1376,137,1513,0.10441369377692634
1374,140,1514,0.10442026279875756
1365,140,1505,0.10443188539338469
1362,141,1503,0.10446193303744732
1364,141,1505,0.1044981097120126
1350,138,1488,0.1045285947380936
1347,139,1486,0.10458862231558974
1352,142,1494,0.10465204545288398
1346,140,1486,0.10469951850726539
1352,139,1491,0.10475725389534958
1342,139,1481,0.10479787723799067
1348,139,1487,0.1048572299657008
1358,136,1494,0.10489866572584272
1350,143,1493,0.10491459436734135
1358,147,1505,0.10494684180565333
1353,146,1499,0.1049576085539351
1346,146,1492,0.1049806317719704
1339,142,1481,0.10501653071315019
1345,143,1488,0.1050659576942741
1347,147,1494,0.10510036504715302
1341,147,1488,0.10512735376939732
1345,148,1493,0.10516633672461487
1335,151,1486,0.10519420343853766
1337,156,1493,0.10524303386311357
1327,155,1482,0.10528349075261008
1329,156,1485,0.10534511004005001
1340,164,1504,0.10539591930920827
1334,164,1498,0.10542010947239326
1340,176,1516,0.10545559030001257
1338,178,1516,0.10547644496086721
1336,175,1511,0.10550175576239999
1333,177,1510,0.10553093297355762
1316,182,1498,0.10556605068324865
1316,183,1499,0.1056361367735042
1312,184,1496,0.105702964939263
1321,182,1503,0.105775605891085
1324,182,1506,0.10582245797090611
1323,186,1509,0.10585745208701666
1312,183,1495,0.10589167885032147
1310,183,1493,0.10594893502047242
1314,189,1503,0.10600790170796673
1317,191,1508,0.10605352390629384
1316,193,1509,0.10608967981416093
1308,191,1499,0.10612581109483671
1311,189,1500,0.10617869835716146
1313,191,1504,0.10622146136999909
1309,189,1498,0.10625734544239687
1303,187,1490,0.10629818538604027
1314,186,1500,0.10635037609701793
1313,184,1497,0.10637050911922824
1320,187,1507,0.10639252850324458
1321,186,1507,0.1063947912439544
1331,189,1520,0.10639758813511307
1316,186,1502,0.10637677248974078
1322,184,1506,0.10639141291613453
1317,182,1499,0.10639234509854362
1302,184,1486,0.10640338791973156
1311,184,1495,0.1064463141309559
1325,186,1511,0.10646633582624303
1314,190,1504,0.10645387008518693
1301,188,1489,0.10646986132671865
1299,188,1487,0.10651183429953565
1304,196,1500,0.10655319651372289
1310,192,1502,0.10658118029405697
1314,195,1509,0.10659620885472171
1297,197,1494,0.10660058943842132
1299,192,1491,0.1066438094213858
1308,192,1500,0.10667709299241959
1305,188,1493,0.10668858168112362
1302,191,1493,0.10670457821258271
1298,192,1490,0.10672861887332714
1310,190,1500,0.1067614181225709
1306,189,1495,0.10676193201229653
1292,189,1481,0.10677024277340745
1296,188,1484,0.10680836720277606
1309,191,1500,0.10683528412212276
1308,195,1503,0.1068308050212952
1310,195,1505,0.10682857504959375
1301,194,1495,0.10682259342192939
1312,193,1505,0.10683560887074149
1318,194,1512,0.1068218053316933
1301,193,1494,0.10679665563822298
1293,192,1485,0.10681261210733985
1314,190,1504,0.10684659924274925
1307,192,1499,0.10683136644656789
1311,194,1505,0.10683435605921579
1301,190,1491,0.10682838707714186
1314,190,1504,0.1068435527456803
1323,184,1507,0.10682859694451462
1333,186,1519,0.10679495239346894
1320,188,1508,0.10673947670163937
1321,190,1511,0.10671757566696169
1309,185,1494,0.10669662382401288
1303,186,1489,0.10670604218459502
1298,184,1482,0.10672889314680059
1302,185,1487,0.10675958744884656
1294,189,1483,0.10678014841127009
1296,192,1488,0.10681819638789428
1290,195,1485,0.10684718714981965
1283,190,1473,0.1068877928577955
1299,189,1488,0.10694143072179756
1307,194,1501,0.10695679836298407
1307,195,1502,0.10695362954702095
1307,196,1503,0.1069497678034978
1300,197,1497,0.106946650640388
1287,199,1486,0.1069605382762668
1279,199,1478,0.10700236551528394
1280,203,1483,0.10705991841571265
1285,206,1491,0.1071118275543172
1276,201,1477,0.10714851550474151
1282,204,1486,0.10720351113269462
1272,204,1476,0.10723923027604398
1277,207,1484,0.1072955131510276
1277,215,1492,0.10733483852450497
1280,217,1497,0.10737397863613377
1288,217,1505,0.10740353284880488
1282,218,1500,0.1074127802870631
1287,219,1506,0.10743524703608856
1268,218,1486,0.10744602441961615
1275,220,1495,0.10749887585906702
1263,226,1489,0.10753100887987005
1272,224,1496,0.10758877312639399
1264,223,1487,0.1076210920398896
1264,221,1485,0.10767145546737605
1267,220,1487,0.10771971718302688
1268,211,1479,0.10775772218535909
1270,215,1485,0.10778981630181832
1272,216,1488,0.10781336359686587
1274,216,1490,0.10783152275308815
1277,219,1496,0.10783956764158037
1274,218,1492,0.10784012414428192
1277,213,1490,0.10784728346303013
1274,223,1497,0.10784611703981009
1277,220,1497,0.10785410308854142
1277,222,1499,0.10785569204650487
1270,227,1497,0.1078565377981364
1268,223,1491,0.10787375413262076
1272,223,1495,0.10789346490616118
1265,224,1489,0.10790395854221725
1262,230,1492,0.10792965975009261
1271,230,1501,0.10796126989554006
1263,231,1494,0.10797023930458824
1253,230,1483,0.10799464496373964
1273,233,1506,0.10803881171705221
1268,229,1497,0.10803610736804213
1264,235,1499,0.10804659060087524
1257,233,1490,0.10806612089025297
1255,231,1486,0.10810168057975325
1254,227,1481,0.1081371161068165
1257,237,1494,0.10817029439347728
1259,235,1494,0.1081967893539123
1260,236,1496,0.10821507879366919
1256,233,1489,0.10823069298120089
1254,227,1481,0.10825411759218921
1258,230,1488,0.10828159281606198
1255,229,1484,0.10829516901988301
1252,235,1487,0.10831346373436125
1255,231,1486,0.1083373619979855
1261,231,1492,0.10835384344959578
1260,231,1491,0.10835350277411057
1257,233,1490,0.1083569688925449
1260,240,1500,0.10836752509020535
1262,240,1502,0.10837068742335104
1265,236,1501,0.10836903711047366
1257,237,1494,0.10836241744611559
1250,236,1486,0.10837452993370383
1259,233,1492,0.10839888082916233
1246,236,1482,0.10840063588765894
1254,237,1491,0.10843090744887228
1241,236,1477,0.10844083982199536
1258,238,1496,0.10848155782337571
1255,240,1495,0.10848253712585183
1245,243,1488,0.10849224958516941
1242,247,1489,0.10852493793590419
1243,247,1490,0.10856285266050819
1242,243,1485,0.10859760473748682
1233,241,1474,0.1086316196687455
1244,242,1486,0.10868334976201861
1248,240,1488,0.10870642306589694
1252,243,1495,0.10871685845619618
1252,247,1499,0.1087161724401091
1232,241,1473,0.10871618963081786
1245,247,1492,0.10876146127569715
1249,251,1500,0.10877489605647091
1247,247,1494,0.10877792970300876
1264,243,1507,0.10878556370269699
1262,238,1500,0.10875314527078536
1262,240,1502,0.1087252895934727
1252,243,1495,0.10869892435503545
1259,247,1506,0.1086977499484834
1259,251,1510,0.10868351646643322
1262,254,1516,0.10866804378886244
1255,250,1505,0.1086478368944033
1252,248,1500,0.1086446724405766
1250,247,1497,0.10864933290474785
1233,258,1491,0.10866209610425179
1229,259,1488,0.10871401929603389
1238,260,1498,0.10877237344621907
1232,264,1496,0.10880443748103946
1233,270,1503,0.10884602086636325
1223,268,1491,0.10888339309821264
1230,266,1496,0.1089413242227539
1220,263,1483,0.10898051656333366
1229,267,1496,0.10904139434166642
1207,271,1478,0.10907738586096183
1205,273,1478,0.10916022049688073
1208,278,1486,0.10924026650684321
1213,272,1485,0.10930973821283697
1217,275,1492,0.1093630291735094
1214,276,1490,0.10940314935799059
1210,274,1484,0.10944774278043909
1205,285,1490,0.10949741138574438
1201,285,1486,0.10955327113883807
1216,278,1494,0.10961406440698364
1216,281,1497,0.10963802225663877
1213,282,1495,0.10966224507598506
1212,282,1494,0.10969238899693537
1214,284,1498,0.10972310480062475
1213,284,1497,0.10974617243754067
1215,286,1501,0.10976995773544825
1218,296,1514,0.10978886738652506
1205,302,1507,0.1097996547986234
1201,305,1506,0.10983998628437465
1213,300,1513,0.10988519617441232
1201,298,1499,0.10989919491616167
1202,294,1496,0.10994171893291395
1199,293,1492,0.10998023682275214
1197,301,1498,0.11002172399156102
1192,300,1492,0.11006546952369145
1199,298,1497,0.11011870273458702
1201,300,1501,0.11015229926852292
1204,298,1502,0.11017652715573721
1205,299,1504,0.11019377392958056
1204,305,1509,0.11020969596817563
1201,306,1507,0.11022744457656178
1194,310,1504,0.11025183082191262
1182,310,1492,0.11028961222168013
1176,310,1486,0.11035014061647143
1182,311,1493,0.11042142049327174
1184,314,1498,0.11047342592727576
1195,313,1508,0.11051799558451166
1186,305,1491,0.11053583939779368
1194,304,1498,0.11057292437444549
1196,302,1498,0.11058878270695961
1199,301,1500,0.11059567935497078
1193,299,1492,0.11059514288770825
1194,300,1494,0.11060627830471535
1191,291,1482,0.11061198734803383
1202,287,1489,0.11062472000257632
1208,292,1500,0.11061265831031647
1213,302,1515,0.1105881986042267
1199,305,1504,0.11055631507526535
1197,301,1498,0.1105578487261878
1211,300,1511,0.11056529282456097
1209,299,1508,0.11054093457002236
1198,297,1495,0.11052279588168144
1202,297,1499,0.11053360245686107
1204,306,1510,0.11053523881037573
1208,309,1517,0.1105331880550051
1197,313,1510,0.11052173985906773
1198,309,1507,0.11053680317109808
1190,310,1500,0.11054657214580367
1191,302,1493,0.11057507965796834
1179,304,1483,0.11059916996549514
1170,312,1482,0.1106489591953604
1164,316,1480,0.11071744150912047
1174,318,1492,0.11079683291281432
1173,313,1486,0.11084960857824155
1168,320,1488,0.11090100982827657
1187,318,1505,0.11096018862167306
1180,325,1505,0.11097188904627973
1180,327,1507,0.11099822231793138
1173,334,1507,0.11102317801887088
1171,334,1505,0.11106203218602716
1170,338,1508,0.11110327445995587
1177,338,1515,0.11114436528313335
1163,332,1495,0.11116783528433896
1164,332,1496,0.11122149609911719
1152,336,1488,0.11126867455279843
1154,331,1485,0.11133983928005108
1159,339,1498,0.111402045867472
1164,334,1498,0.11144982188418986
1158,338,1496,0.11148261120561638
1170,334,1504,0.11152656262892258
1176,331,1507,0.1115395321520964
1178,335,1513,0.11153686038807198
1171,335,1506,0.11152656515444594
1169,333,1502,0.11153335803022177
1168,332,1500,0.11154430516486098
1177,332,1509,0.11155480521089339
1170,331,1501,0.11154390127925792
1163,334,1497,0.11155037536973919
1168,330,1498,0.11157377179589748
1170,328,1498,0.11158484436977278
1156,331,1487,0.11158956885525197
1153,336,1489,0.11162693475933942
1169,333,1502,0.11166647721532513
1170,330,1500,0.1116664256124783
1173,329,1502,0.11166580126916666
1157,329,1486,0.11165955066561352
1146,330,1476,0.11169142370490642
1150,333,1483,0.1117468624387727
1153,329,1482,0.11179004253337212
1162,331,1493,0.11182187162358953
1175,335,1510,0.11182935366439267
1157,338,1495,0.11180733847057402
1164,341,1505,0.11182691682296611
1165,336,1501,0.11183051008788125
1167,333,1500,0.11183266793990784
1166,341,1507,0.11183095124591932
1165,336,1501,0.11182949054750234
1167,335,1502,0.1118304445680802
1162,336,1498,0.1118281779721698
1166,337,1503,0.11183800705483293
1169,338,1507,0.11183623444353609
1176,335,1511,0.11182816161755589
1167,335,1502,0.11180704570685786
1166,338,1504,0.11180783180905199
1158,336,1494,0.11181225154884938
1157,332,1489,0.11183588003270355
1163,336,1499,0.11185861294491051
1159,338,1497,0.11186620432571036
1152,341,1493,0.1118816135023627
1150,340,1490,0.11191415412598467
1139,343,1482,0.11194751966148665
1147,340,1487,0.11200283029073983
1149,347,1496,0.11203750137757439
1139,348,1487,0.11206529984519427
1146,339,1485,0.11211508807364182
1146,344,1490,0.11214451215184747
1146,343,1489,0.11216729592662673
1149,347,1496,0.112189596524005
1152,346,1498,0.11220434552420738
1157,350,1507,0.11221432216862359
1139,349,1488,0.11220883399202045
1142,350,1492,0.11224503543787541
1155,347,1502,0.11227120197981161
1155,347,1502,0.11226552292881858
1148,347,1495,0.11225888539654687
1150,339,1489,0.11226829794823492
1150,348,1498,0.11227525522040685
1152,351,1503,0.11228265940688192
1157,355,1512,0.11228753550085901
1151,359,1510,0.11227998438918892
1146,353,1499,0.11228867695621364
1136,361,1497,0.11230879424089014
1135,353,1488,0.11235094664312982
1145,352,1497,0.11239157872078746
1146,355,1501,0.11240496803009384
1145,359,1504,0.11241422340132239
1143,360,1503,0.11242567741079826
1139,360,1499,0.1124402696001842
1137,364,1501,0.11246211549310434
1149,361,1510,0.11248772700965852
1159,359,1518,0.11248236492120721
1160,361,1521,0.11245507593705252
1154,353,1507,0.11242865216683479
1156,351,1507,0.11242006996211643
1141,354,1495,0.11240907931354893
1141,351,1492,0.11243271126144455
1140,353,1493,0.11245559463867448
1144,355,1499,0.11248022545441395
1138,356,1494,0.11249350688243723
1135,359,1494,0.11251972883646622
1142,364,1506,0.11255009240802051
1147,366,1513,0.11256336285889429
1129,370,1499,0.11256364413039237
1121,375,1496,0.1126041792423921
1120,380,1500,0.11266020955279582
1109,378,1487,0.11271617656783686
1109,371,1480,0.11279192496844033
1119,372,1491,0.11286275521913151
1117,369,1486,0.11290828862806562
1110,371,1481,0.11295350907001392
1103,374,1477,0.11300886074631634
1097,377,1474,0.11307601348117097
1097,377,1474,0.11315216836500624
1104,381,1485,0.11322477932939495
1097,384,1481,0.11327600544090399
1097,385,1482,0.11333571377322539
1099,387,1486,0.11339149518516631
1089,386,1475,0.11343574043290598
1096,385,1481,0.11350113454952389
1095,390,1485,0.11354891311584109
1090,385,1475,0.11359611040884492
1108,387,1495,0.11364862849948676
1104,383,1487,0.11365809782937994
1087,384,1471,0.11367424204432246
1097,385,1482,0.11372790488723282
1096,379,1475,0.113752349010309
1098,385,1483,0.11377791786962145
1102,392,1494,0.113796601701122
1098,397,1495,0.11380652687507684
1106,387,1493,0.11382461838915318
1113,389,1502,0.11382372146904274
1107,379,1486,0.11380626836347052
1107,384,1491,0.11380351949896335
1102,389,1491,0.11380043060581378
1096,388,1484,0.11381178104152054
1102,389,1491,0.11383454098758111
1115,396,1511,0.11384178197993138
1096,389,1485,0.1138183290327618
1095,384,1479,0.113838948876165
1083,381,1464,0.11385992648525779
1088,380,1468,0.11390716071784592
1108,381,1489,0.11393991557284147
1102,386,1488,0.11392069706756747
1100,387,1487,0.11391739714051148
1108,385,1493,0.11392188943260567
1113,389,1502,0.11390831746387342
1097,392,1489,0.11388448463268439
1107,399,1506,0.11390104932773387
1108,393,1501,0.1138899417983433
1100,398,1498,0.11387864534869788
1098,400,1498,0.1138889543460509
1099,401,1500,0.11390490005085091
1092,400,1492,0.11391692874756326
1079,401,1480,0.11394503151682364
1085,401,1486,0.11400282400005642
1077,409,1486,0.1140406450127357
1079,411,1490,0.1140963156486137
1084,409,1493,0.11414385014016988
1082,411,1493,0.11417667961419738
1077,410,1487,0.11421013176295172
1082,410,1492,0.11425316555586798
1086,409,1495,0.11427869960409755
1095,413,1508,0.11429329257963972
1087,415,1502,0.11428693593839061
1080,418,1498,0.11429937445569596
1077,422,1499,0.11432994467695275
1070,427,1497,0.11436736625691062
1086,427,1513,0.11441862074358697
1083,420,1503,0.1144279663832624
1083,412,1495,0.1144415806832669
1081,414,1495,0.11445315679448928
1084,417,1501,0.114469843260533
1094,417,1511,0.11447977876389621
1093,418,1511,0.11446659052857446
1091,417,1508,0.11445781098551563
1088,428,1516,0.11445644908133029
1078,428,1506,0.11446195696045024
1078,424,1502,0.11449155241645328
1082,427,1509,0.11451862531299838
1091,424,1515,0.11453512446552079
1091,426,1517,0.11452923876279371
1084,419,1503,0.11452341530238389
1086,417,1503,0.11453474748712594
1080,416,1496,0.11454060738516476
1084,420,1504,0.11456267880039352
1077,419,1496,0.11457567821872847
1069,421,1490,0.11460278157485973
1073,430,1503,0.11464440746535055
1071,429,1500,0.11467575558408159
1069,428,1497,0.11470715491780512
1066,431,1497,0.11474046939907048
1070,426,1496,0.11477857722678098
1061,433,1494,0.1148054613197868
1066,436,1502,0.11484794163330057
1068,439,1507,0.11487673916306647
1067,433,1500,0.11489999392775681
1068,435,1503,0.1149249954936669
1058,441,1499,0.11494713976997468
1059,442,1501,0.11499269894118273
1056,439,1495,0.11503334262903894
1050,442,1492,0.11507719510379054
1049,438,1487,0.11513172323497406
1049,438,1487,0.11518495844452938
1056,438,1494,0.11523429381814836
1067,445,1512,0.11526533100912911
1057,442,1499,0.11526762267624431
1043,456,1499,0.11529225938807851
1051,457,1508,0.11534859637346453
1044,458,1502,0.11538522653868548
1031,454,1485,0.11543396481219556
1032,456,1488,0.1155092203488929
1024,454,1478,0.11557719204840054
1036,450,1486,0.11565969370373111
1036,456,1492,0.11570926783507343
1035,447,1482,0.11575485741227165
1030,456,1486,0.11579418866088645
1029,455,1484,0.11584363676751899
1029,457,1486,0.11589367956290139
1029,462,1491,0.11593900214984078
1038,457,1495,0.11598060519560899
1044,460,1504,0.11600095250415976
1042,456,1498,0.11600690252216068
1033,463,1496,0.11601624490962333
1035,461,1496,0.11604424447914162
1024,462,1486,0.11606653085198722
1019,466,1485,0.11611147712052411
1019,464,1483,0.11616481479144632
1027,468,1495,0.11621108846011373
1023,471,1494,0.11623740604797396
1030,476,1506,0.11627123131826406
1022,473,1495,0.11628930131197865
1015,476,1491,0.11632598496921295
1023,471,1494,0.11637650003086077
1024,473,1497,0.11640510280711058
1019,478,1497,0.11643098339353529
1018,480,1498,0.11646448489986333
1020,479,1499,0.11649877327088937
1031,483,1514,0.11652685267617496
1032,487,1519,0.11652840603914971
1027,483,1510,0.11652725213739405
1024,490,1514,0.1165395776158664
1019,490,1509,0.1165600211117902
1017,490,1507,0.11659149615035097
1008,491,1499,0.11662673499610268
1010,487,1497,0.11668054295527831
1014,490,1504,0.11672732022776672
1023,485,1508,0.11676210191947316
1027,492,1519,0.11677216723826249
1018,493,1511,0.11677138306297291
1010,492,1502,0.11679170860632188
1003,502,1505,0.11683013129212817
1007,493,1500,0.11688364975297676
1004,489,1493,0.1169243516773814
1003,493,1496,0.11696704710837189
994,492,1486,0.11700785084310769
994,484,1478,0.11706797337330631
998,484,1482,0.11712289699092647
1003,494,1497,0.11716534539196775
1005,500,1505,0.11719301256992208
1000,502,1502,0.11721573134887553
993,495,1488,0.11724784682075765
985,512,1497,0.11729336933228705
1001,500,1501,0.11735291310092866
989,511,1500,0.11737308489626504
989,514,1503,0.11741922010434534
984,513,1497,0.11746406044838748
987,519,1506,0.11751736468777907
985,508,1493,0.11755993955947903
980,521,1501,0.117604093586239
974,517,1491,0.1176584989330869
966,521,1487,0.1177231778767729
982,514,1496,0.11780117092318236
981,514,1495,0.11783808288407005
989,523,1512,0.11787368754248996
975,523,1498,0.11788774949539992
964,523,1487,0.11793302950988131
956,530,1486,0.11800153402175287
968,524,1492,0.11808332480887283
972,533,1505,0.11812963049317098
974,533,1507,0.11816513271337786
980,532,1512,0.11819292857080071
979,529,1508,0.11820579059274777
982,531,1513,0.11822063873774948
974,532,1506,0.11822775582107464
970,526,1496,0.11825165820649522
975,526,1501,0.11828381916810436
976,532,1508,0.11830425936339677
976,535,1511,0.11832172148632894
972,530,1502,0.11833808209460311
968,534,1502,0.11836181525621665
966,530,1496,0.11839282356856248
965,532,1497,0.11842772773369364
971,540,1511,0.1184614506404634
958,536,1494,0.11848002279352972
961,537,1498,0.11852871101075767
964,534,1498,0.11856719664944607
956,546,1502,0.11859656123993066
958,539,1497,0.11864337852888697
952,534,1486,0.11868332073940951
957,531,1488,0.11873361207686088
961,531,1492,0.118769028687768
965,533,1498,0.11879169370613196
963,531,1494,0.11880415981860307
961,536,1497,0.11881890165137107
962,539,1501,0.11883472420845057
959,547,1506,0.11884904018999913
959,545,1504,0.11886999059833613
952,538,1490,0.1188887344017214
952,548,1500,0.11892401313409176
939,539,1478,0.11895618042423553
946,542,1488,0.1190138543878609
943,538,1481,0.11905196242273929
957,542,1499,0.119095780287708
956,549,1505,0.11910194513615863
952,551,1503,0.11910844422035521
946,553,1499,0.11912539149453963
952,554,1506,0.11915254094724084
947,557,1504,0.11916471509011282
937,554,1491,0.11918921240238534
940,561,1501,0.11923607060185953
935,559,1494,0.11927476199957171
934,563,1497,0.11932320832993394
937,560,1497,0.11937031304991134
934,559,1493,0.11940714637011605
932,558,1490,0.11944898547625137
928,560,1488,0.11949248360673081
943,565,1508,0.11954191107627635
943,559,1502,0.11955190833643721
941,557,1498,0.11956198450967123
943,567,1510,0.11957528236202307
945,563,1508,0.11958466892589546
944,562,1506,0.1195885286999507
951,560,1511,0.11959557838975873
947,559,1506,0.11958624782435415
949,558,1507,0.11958707568116075
952,562,1514,0.11958343709633149
948,564,1512,0.11957103635221193
951,566,1517,0.11957073953186725
950,566,1516,0.11956377681869114
946,566,1512,0.11956004797022074
944,565,1509,0.11956744608899761
946,564,1510,0.1195802810498174
943,565,1508,0.1195858063731816
952,561,1513,0.11959760757166644
943,560,1503,0.11958824195809793
940,562,1502,0.11960098790223546
933,571,1504,0.11961952090736801
927,566,1493,0.11965199940728916
934,559,1493,0.11969638429481919
929,565,1494,0.11972294049260288
934,570,1504,0.11975905279318347
922,575,1497,0.11978169026870653
922,574,1496,0.11983108669941704
922,570,1492,0.11987764352884377
919,570,1489,0.11992137741708493
914,573,1487,0.11996825079720862
907,573,1480,0.12002423509101977
920,571,1491,0.12008920229561726
922,566,1488,0.12011894083869627
919,569,1488,0.12014040176051644
921,564,1485,0.12016698783426326
926,574,1500,0.1201865306113118
924,577,1501,0.12019439422692495
928,575,1503,0.12020811104275503
931,578,1509,0.12021147098771173
932,572,1504,0.12020973553712339
933,572,1505,0.12020595296084662
929,583,1512,0.12020002559449085
929,584,1513,0.12020476448869687
932,581,1513,0.12020870660176093
927,575,1502,0.12020611379207255
917,580,1497,0.12021542137599005
919,586,1505,0.12024742538254232
916,596,1512,0.12027454020063293
911,606,1517,0.12030581013203825
922,597,1519,0.12034782053717004
916,591,1507,0.12036144790131466
915,594,1509,0.120386145352096
909,603,1512,0.12041254167744916
916,601,1517,0.12045000363443262
912,601,1513,0.1204718774324292
896,602,1498,0.1205031796724587
898,603,1501,0.12056618586220923
896,599,1495,0.12062050050683465
897,610,1507,0.1206739010627017
892,609,1501,0.1207233612831881
885,612,1497,0.12077950201353552
895,603,1498,0.12084745635758092
889,604,1493,0.12088873207233725
893,610,1503,0.12094094890039787
886,602,1488,0.12098085678624876
888,602,1490,0.1210366839252014
889,608,1497,0.12108321674155814
891,603,1494,0.12112196955542082
896,608,1504,0.12115335159075377
896,610,1506,0.12116920561220798
893,607,1500,0.12118440424161431
894,604,1498,0.12120713765324599
903,601,1504,0.12122620980588347
904,601,1505,0.12122079306180812
880,607,1487,0.12121308244900457
881,611,1492,0.12125986661974837
875,617,1492,0.12130229156940756
880,617,1497,0.12135742608776068
886,616,1502,0.12139710961554488
887,617,1504,0.12141936689438815
880,618,1498,0.1214395832449137
873,608,1481,0.12147521531816366
868,613,1481,0.12152556406831057
869,612,1481,0.12158107657150342
882,614,1496,0.12163041139112925
881,614,1495,0.12164562449845043
878,616,1494,0.12165963443200496
880,615,1495,0.12167831997825647
880,621,1501,0.12169135146276994
876,626,1502,0.12170491100847997
869,625,1494,0.12172821491980723
882,617,1499,0.12176933365126284
881,622,1503,0.12177614645002648
874,636,1510,0.12178473150264592
873,631,1504,0.12181022356355747
876,634,1510,0.12183739411018141
882,639,1521,0.12185651378288873
879,640,1519,0.12186327244581445
879,638,1517,0.12187801984512817
879,630,1509,0.12188951703837052
876,636,1512,0.12189863133388981
879,638,1517,0.12191346762908374
867,635,1502,0.12192212274816075
875,636,1511,0.12195750839872269
874,640,1514,0.12197393994767332
876,643,1519,0.12199127821148723
866,633,1499,0.12200536303456655
854,629,1483,0.12204121155634269
856,640,1496,0.12210308849710422
847,637,1484,0.12215687547012134
848,645,1493,0.12222660119378316
850,656,1506,0.12228842244637836
849,654,1503,0.12234028264489641
857,648,1505,0.12239251168377376
848,647,1495,0.12242328532277398
839,650,1489,0.12247334521496715
848,644,1492,0.12254129030430341
846,646,1492,0.12258285749694764
853,659,1512,0.122625339380557
862,659,1521,0.12264785892930373
866,660,1526,0.1226480290524756
850,665,1515,0.1226389729944183
843,660,1503,0.12266549585374813
847,662,1509,0.12270905290603266
836,663,1499,0.12274170691063441
836,666,1502,0.12279708039901202
824,663,1487,0.1228494564441601
828,666,1494,0.12292544079867897
835,671,1506,0.1229881453957362
830,676,1506,0.12303096566985093
824,675,1499,0.12308087288010983
814,677,1491,0.12314092472270982
811,676,1487,0.12321960740919177
817,671,1488,0.12329900612957628
824,683,1507,0.12335969066411671
828,689,1517,0.12340137117237687
828,685,1513,0.12343162651276612
819,686,1505,0.12346218636637986
827,687,1514,0.12350999547982225
821,684,1505,0.12353722888938563
811,691,1502,0.12357933626164314
810,691,1501,0.12364039658862469
813,689,1502,0.12370123422421136
817,690,1507,0.12374841902067571
817,693,1510,0.12378193070476823
822,701,1523,0.12381381667993056
823,700,1523,0.12383143121538424
814,700,1514,0.12384576481355389
810,699,1509,0.12387906084599759
810,692,1502,0.12392053400172622
810,691,1501,0.12396112641065883
816,689,1505,0.12399821969064716
823,691,1514,0.12401798983444348
816,684,1500,0.12401970241213062
815,688,1503,0.12403839710186086
818,687,1505,0.12405773278510393
813,687,1500,0.12406978899358823
799,699,1498,0.12409316699955834
798,698,1496,0.12414755083008712
800,695,1495,0.12419784470462447
814,694,1508,0.1242422082220833
801,695,1496,0.12425172521588604
810,698,1508,0.124288613159849
816,696,1512,0.12429899427442795
814,682,1496,0.1242928199012334
812,686,1498,0.12429244127394214
815,688,1503,0.12429557055674223
809,686,1495,0.1242918350773927
797,690,1487,0.1243050081797741
809,703,1512,0.12434571831860079
810,699,1509,0.12435533243853956
807,699,1506,0.12436232520639816
805,704,1509,0.12437590358134985
801,706,1507,0.12439531557696017
807,704,1511,0.12442207627060388
801,704,1505,0.12443348077483064
803,704,1507,0.12446002169517534
798,709,1507,0.12448058916264478
800,704,1504,0.12451196852830045
798,707,1505,0.12453659136516056
792,709,1501,0.12456560142694706
787,709,1496,0.1246049844981365
788,710,1498,0.12465159476798948
791,714,1505,0.12469221097033052
796,718,1514,0.12472180811415624
801,717,1518,0.12473602815984428
796,716,1512,0.12473624460434404
792,720,1512,0.12474887145369012
788,721,1509,0.12477011829104008
787,710,1497,0.12479844891520667
791,716,1507,0.12482619121713637
796,713,1509,0.12484432855244297
792,708,1500,0.12485074280227754
794,711,1505,0.12486581809651437
780,714,1494,0.1248766813258394
775,715,1490,0.12492113510190356
788,716,1504,0.12497395760340801
794,713,1507,0.12499410663728402
792,702,1494,0.12499607552351705
789,710,1499,0.12500359911287592
794,710,1504,0.12501733403472895
800,714,1514,0.1250187852611696
792,719,1511,0.12500683163055587
797,725,1522,0.12501309722445783
796,720,1516,0.12500615847884297
796,719,1515,0.12500379369317854
791,730,1521,0.12500501039445355
793,725,1518,0.12501891241163424
784,725,1509,0.12502848635035183
788,722,1510,0.12505872254727507
777,723,1500,0.12507812866200094
768,724,1492,0.12512026338877413
775,713,1488,0.12517764967788772
781,720,1501,0.12521323776578874
774,722,1496,0.12523129664073251
771,711,1482,0.12526237450599997
762,711,1473,0.12529751487092217
768,711,1479,0.12535101366875775
776,707,1483,0.12538667807853368
789,710,1499,0.12540013588847526
793,714,1507,0.12538420802148262
794,711,1505,0.12536130618655275
791,715,1506,0.1253371455112154
789,714,1503,0.12532274844094538
790,724,1514,0.1253106033750397
793,719,1512,0.1252980753605193
787,729,1516,0.12528193612104338
789,729,1518,0.12528285209371773
786,727,1513,0.1252793542237855
789,725,1514,0.12528167098800644
782,726,1508,0.1252755013060124
779,726,1505,0.12528582544553366
781,723,1504,0.12530330485897861
782,729,1511,0.12531455081678936
772,730,1502,0.12532140369600492
781,736,1517,0.12535218849945995
769,732,1501,0.12536067313285298
773,722,1495,0.12539725198265977
766,735,1501,0.12541994280927093
757,733,1490,0.1254584492952514
762,744,1506,0.1255147040546599
776,733,1509,0.12555353504302047
768,732,1500,0.12555772801280202
774,736,1510,0.1255807018318269
771,741,1512,0.12558943366930056
766,740,1506,0.12560270027653903
765,730,1495,0.12562603031057992
768,742,1510,0.12565319524307333
770,742,1512,0.12567047885952762
776,741,1517,0.12568084894667872
764,737,1501,0.1256762748856755
769,738,1507,0.12570122037695103
762,742,1504,0.1257092895563133
765,739,1504,0.12573270479317286
774,735,1509,0.12574655722009517
784,726,1510,0.12573811377642666
782,720,1502,0.12570475403154713
776,721,1497,0.12567920762079118
773,732,1505,0.12567203217359707
770,725,1495,0.12567269979846282
764,724,1488,0.12568041544266872
767,732,1499,0.12570165056651608
774,736,1510,0.1257136963386021
767,739,1506,0.12570867740631894
762,744,1506,0.12572125539790996
765,745,1510,0.12574426952192105
759,747,1506,0.1257566170712236
766,747,1513,0.1257832606532943
762,749,1511,0.1257925955385262
759,744,1503,0.12581156704860327
757,739,1496,0.1258359794930361
767,741,1508,0.12586429512878072
767,746,1513,0.12586493533162169
768,732,1500,0.12586416944871273
768,738,1506,0.12586076013924652
771,736,1507,0.12585607699387197
765,743,1508,0.12584504106362307
755,741,1496,0.12584954263605025
757,743,1500,0.12587757084660414
763,737,1500,0.12589971007227294
757,741,1498,0.12590553626013504
752,734,1486,0.12592489682433444
758,737,1495,0.12595540750639964
755,748,1503,0.12596987349774844
765,744,1509,0.1259905252037629
763,741,1504,0.12598495626830852
756,746,1502,0.12598701356943878
759,756,1515,0.12600544726914986
755,756,1511,0.12601714814164963
753,763,1516,0.12603996513287158
746,758,1504,0.12606639495600142
750,762,1512,0.12610697707869872
745,764,1509,0.12613574864764276
746,755,1501,0.12617461416981013
746,759,1505,0.12620609238287692
737,755,1492,0.12623555195188862
746,757,1503,0.12628069993088967
745,752,1497,0.12630299834159336
747,752,1499,0.12632591758909956
744,759,1503,0.1263442500918003
744,758,1502,0.1263667119743114
726,755,1481,0.1263896837871065
732,752,1484,0.1264517158495356
740,758,1498,0.1264966847234066
748,755,1503,0.12652054295041548
735,766,1501,0.1265238556699534
729,774,1503,0.12655836342457036
736,771,1507,0.12660489482715953
727,776,1503,0.12663221983746809
719,778,1497,0.1266782165223162
723,778,1501,0.1267393623792164
731,787,1518,0.12678742680164723
731,791,1522,0.12681414110706432
728,791,1519,0.1268386399622268
732,800,1532,0.1268688332166465
727,795,1522,0.12688926679006124
732,789,1521,0.1269219116155091
726,794,1520,0.12694087994462827
728,791,1519,0.12697282546573166
717,782,1499,0.1269941965467215
713,785,1498,0.1270400921787032
719,793,1512,0.12709342875486462
714,793,1507,0.12713045382327232
716,781,1497,0.12717724902884936
707,775,1482,0.12721372624555033
711,787,1498,0.12726875610322033
711,784,1495,0.127311092495515
710,795,1505,0.12734805746803385
712,798,1510,0.12738696468289257
711,789,1500,0.1274190567391126
706,794,1500,0.12744998615451142
710,796,1506,0.12749174568064883
708,797,1505,0.1275209891804085
699,796,1495,0.12755148989731785
709,796,1505,0.12760360151844224
711,793,1504,0.12762961782293594
709,794,1503,0.12764737478022034
701,794,1495,0.12766941540772067
698,804,1502,0.12771000943700062
695,809,1504,0.1277546010913855
700,819,1519,0.12780442557172048
698,815,1513,0.1278387128919503
698,817,1515,0.12787468628920656
690,818,1508,0.1279119425784434
690,807,1497,0.1279614886180967
697,812,1509,0.12800655682283119
700,816,1516,0.12803225098394613
707,819,1526,0.1280501613885509
702,809,1511,0.12804891037045554
695,814,1509,0.1280618740748395
696,804,1500,0.12809033388643065
694,812,1506,0.12811486865784855
695,815,1510,0.12814164362415645
692,819,1511,0.12816549177611772
689,808,1497,0.12819401425879004
691,801,1492,0.12822773623474024
693,811,1504,0.12825237771513265
691,812,1503,0.12827301091636223
698,812,1510,0.12829766978830764
684,815,1499,0.1283046015199956
694,815,1509,0.12834298472551217
679,811,1490,0.12835802066524754
686,800,1486,0.1284070810913393
684,813,1497,0.1284348668803265
682,808,1490,0.1284649466926667
677,819,1496,0.12849771417136752
682,828,1510,0.12853748284639605
684,828,1512,0.1285638498818441
694,828,1522,0.12858395701247446
690,816,1506,0.12857600506346564
692,814,1506,0.12857939494942053
683,814,1497,0.1285783582009827
680,812,1492,0.12859837238174177
679,814,1493,0.12862449092510572
675,823,1498,0.12864977186124416
686,820,1506,0.1286832667702443
683,822,1505,0.12869048919406592
690,822,1512,0.12870504985685444
672,830,1502,0.12870251200130534
682,820,1502,0.12874280252377826
676,828,1504,0.12875460092938396
673,829,1502,0.1287794137467141
674,825,1499,0.1288119617605974
677,838,1515,0.12884024717067727
679,840,1519,0.12885931039328216
682,833,1515,0.12887290470742765
683,829,1512,0.12888048813093095
672,836,1508,0.1288847579180411
672,832,1504,0.12891461805105425
682,831,1513,0.12894172460738149
686,833,1519,0.1289452831482388
687,837,1524,0.12893722056807363
680,842,1522,0.1289253469538745
680,837,1517,0.1289319833555706
678,847,1525,0.1289393710581195
674,848,1522,0.12895051125068824
672,846,1518,0.12897258815671908
668,838,1506,0.12899754787939524
668,837,1505,0.12902835095652324
676,836,1512,0.12905329818574787
672,838,1510,0.1290590829692365
674,840,1514,0.12907288178985327
672,832,1504,0.1290799488650642
674,839,1513,0.1290912787418141
661,835,1496,0.1290978325725107
660,844,1504,0.12913379487956253
651,849,1500,0.12917032380553126
656,839,1495,0.12922467442290883
650,838,1488,0.12926344508834225
646,843,1489,0.1293122664429507
653,846,1499,0.12936616564712825
646,851,1497,0.1294013432862612
650,858,1508,0.1294522908135413
655,855,1510,0.1294898541061906
660,863,1523,0.12951334752934873
666,854,1520,0.1295214594888402
660,857,1517,0.1295185317811252
655,861,1516,0.12952913805101793
664,856,1520,0.12955213499739762
660,856,1516,0.12955075873737415
653,857,1510,0.12955926673013682
653,860,1513,0.12958577697004958
646,860,1506,0.1296087351743787
654,860,1514,0.12964447643744303
654,862,1516,0.12966071638028745
649,856,1505,0.1296763236076867
652,849,1501,0.12970189189830147
652,845,1497,0.12971762089643604
647,843,1490,0.12973012784777233
652,843,1495,0.1297541227293022
651,843,1494,0.1297660590829698
654,845,1499,0.12977955299735594
650,841,1491,0.12978712658811845
649,852,1501,0.12980243275255188
651,856,1507,0.12982010431525864
642,857,1499,0.12983282209584163
645,864,1509,0.12986785561224665
642,871,1513,0.129894555100075
642,875,1517,0.1299273789924929
642,874,1516,0.12995884175964284
646,872,1518,0.1299878951479272
636,870,1506,0.13000335329717927
639,875,1514,0.13004012650325622
631,879,1510,0.13006747407154987
635,875,1510,0.13011337431795986
631,866,1497,0.13014614111172268
636,859,1495,0.13018498109965113
630,870,1500,0.13021229951800653
634,883,1517,0.13025118923737977
631,882,1513,0.1302790516920239
627,881,1508,0.13031127976628393
630,886,1516,0.13035204667385472
621,891,1512,0.1303841116256186
630,898,1528,0.1304355327140014
626,888,1514,0.13046210680256415
622,886,1508,0.1304975876660128
617,884,1501,0.13054085443923807
622,892,1514,0.13059195412622995
620,883,1503,0.1306307666712152
613,886,1499,0.13067073256471431
621,872,1493,0.13072317972488537
616,891,1507,0.13075351061885368
610,889,1499,0.13079285483843278
605,892,1497,0.13084452624345244
611,884,1495,0.13090360517097321
611,883,1494,0.13094558100507991
615,888,1503,0.13098222077881436
616,893,1509,0.13100697051061577
619,900,1519,0.13102859554471952
618,892,1510,0.13104084808721905
606,882,1488,0.1310543260282165
615,880,1495,0.13109302115525961
611,895,1506,0.1311087373991803
607,886,1493,0.13113245675037294
603,889,1492,0.13116454227423036
616,884,1500,0.13120070233145498
616,887,1503,0.13120359895774625
620,887,1507,0.13120579649569275
615,892,1507,0.13119896212581048
617,895,1512,0.13120547189966467
612,899,1511,0.13120685570922158
612,900,1512,0.13122201790443289
611,893,1504,0.13123750581062876
606,890,1496,0.13125519078612516
610,908,1518,0.13128422756829594
615,908,1523,0.1313023480210027
616,900,1516,0.13130564194755526
603,900,1503,0.13130718395975063
600,906,1506,0.1313420318057534
600,909,1509,0.1313822296982544
607,919,1526,0.13142093619472653
603,909,1512,0.1314409471959342
601,911,1512,0.13147029724953524
603,903,1506,0.13150242390628897
590,903,1493,0.1315272489449074
592,896,1488,0.13157947770276823
596,909,1505,0.1316239884404425
597,909,1506,0.13165669231868368
598,906,1504,0.1316845276843894
602,906,1508,0.13170735791709748
599,908,1507,0.13172068287473704
601,909,1510,0.1317414138432602
588,913,1501,0.1317556518133583
599,918,1517,0.1317987618924177
598,910,1508,0.13181154353685012
598,910,1508,0.13182664764610075
602,912,1514,0.131839777665104
603,917,1520,0.13183902471443784
592,913,1505,0.13183820993550982
597,921,1518,0.13186195520673155
581,918,1499,0.13187422448422817
582,919,1501,0.1319229889690682
572,912,1484,0.13196734330104679
579,912,1491,0.13203128621129914
583,914,1497,0.1320755557899142
589,904,1493,0.13210828068764216
583,908,1491,0.13212337195468415
594,906,1500,0.13215131360903837
592,913,1505,0.13215136376404577
587,923,1510,0.1321539400751722
582,924,1506,0.132169113738298
581,930,1511,0.13219337057202796
576,921,1497,0.13221976104440927
582,925,1507,0.13225632379003863
573,925,1498,0.13227635790111292
570,930,1500,0.13231605811627614
574,927,1501,0.13236007774674527
586,926,1512,0.13239224975327335
590,936,1526,0.13239369218176525
596,941,1537,0.13238704064309023
588,941,1529,0.13236702696656052
582,933,1515,0.13236795618608202
580,938,1518,0.13238426699429845
574,935,1509,0.13240272000916056
582,933,1515,0.1324337983666085
585,919,1504,0.13244578892473535
575,924,1499,0.1324491044153259
578,919,1497,0.13247241506675547
573,920,1493,0.13248631495040034
575,913,1488,0.13250764766186512
580,909,1489,0.13252498446840985
583,910,1493,0.13252859371183556
581,911,1492,0.13252559697483896
582,917,1499,0.1325287458507402
579,932,1511,0.13252843254113852
582,930,1512,0.13253463080072744
585,927,1512,0.13252998150587791
587,934,1521,0.13252097737293897
587,932,1519,0.13250699345844705
597,925,1522,0.1324939608188643
591,920,1511,0.1324591307632611
594,918,1512,0.13244222887698723
587,916,1503,0.1324217207102652
580,921,1501,0.13241862954585165
583,912,1495,0.1324333370773389
574,926,1500,0.13243920052007416
591,917,1508,0.13246616695941707
584,911,1495,0.1324511361557464
579,922,1501,0.13245406841140794
585,927,1512,0.13246771476839084
578,929,1507,0.13246593673601756
576,925,1501,0.132480987707805
575,923,1498,0.13249990732131492
572,915,1487,0.13251986709494054
575,915,1490,0.13254385695620796
572,926,1498,0.13255763416127395
574,933,1507,0.1325792224116429
586,937,1523,0.13259270318380598
576,940,1516,0.1325778799769133
571,937,1508,0.13259011340193402
582,941,1523,0.13261420930812856
583,944,1527,0.13260981795696491
584,935,1519,0.13260556081981373
579,923,1502,0.13259924932510533
572,931,1503,0.13260589519975005
572,922,1494,0.13262861357527847
575,927,1502,0.13265010751740383
578,922,1500,0.13266368955624874
581,913,1494,0.13266793582703312
571,926,1497,0.13266399054671343
575,934,1509,0.1326850943284341
569,939,1508,0.1326967984397991
572,939,1511,0.13272075982507997
565,943,1508,0.1327385478110592
566,946,1512,0.13277296586097476
562,951,1513,0.13280383011884328
566,945,1511,0.13284192551624865
558,946,1504,0.1328682952301318
559,943,1502,0.13291093277676336
542,944,1486,0.13294907090052305
541,944,1485,0.1330221075723058
543,944,1487,0.13309425279414458
548,945,1493,0.1331549890649071
552,950,1502,0.13320096559624356
545,941,1486,0.13323485421968426
551,954,1505,0.1332833112110458
545,953,1498,0.13331336075330058
536,949,1485,0.1333559538131132
533,952,1485,0.13341727738139642
543,952,1495,0.1334819721154213
549,958,1507,0.13351836723383215
552,964,1516,0.13353944868697787
546,963,1509,0.13355285932503602
545,967,1512,0.13357861797352816
546,967,1513,0.13360670411381906
544,971,1515,0.1336300579041464
552,965,1517,0.1336514437176691
545,967,1512,0.13365344883097352
537,978,1515,0.13367429868889472
532,978,1510,0.13371354375199188
535,974,1509,0.1337632109050476
538,977,1515,0.13380337197324743
534,970,1504,0.13383502431742708
535,964,1499,0.1338750376964618
532,968,1500,0.13391028383318132
534,979,1513,0.13395086597385106
529,988,1517,0.1339845914483623
532,981,1513,0.13402732846540497
527,976,1503,0.13405917150539326
523,979,1502,0.13410114290960518
526,978,1504,0.1341500799467582
528,975,1503,0.13418626692943025
529,961,1490,0.13421459585787135
531,967,1498,0.13423987002003293
532,970,1502,0.134259422223621
532,978,1510,0.13427570724908505
529,984,1513,0.13429126660623308
522,994,1516,0.13431094940290084
530,1002,1532,0.13434668861996674
521,995,1516,0.134359448482485
520,1001,1521,0.13439499360681437
526,991,1517,0.13442890559791687
527,981,1508,0.13444580766685846
519,971,1490,0.1344604455268996
508,988,1496,0.13449224480351385
507,993,1500,0.13454762676600437
509,992,1501,0.13460363723835617
505,998,1503,0.13465297300688783
503,994,1497,0.13470710377395367
499,997,1496,0.13476360196789913
510,999,1509,0.1348256479857474
509,992,1501,0.13485631702000997
510,996,1506,0.1348878087442362
505,990,1495,0.13491478448709096
503,1001,1504,0.13495146694744903
511,1000,1511,0.13499141577326057
521,1002,1523,0.13500905678062394
514,1007,1521,0.13500203185287862
511,996,1507,0.13501181798989287
514,990,1504,0.1350286307174059
516,991,1507,0.1350381322046611
515,990,1505,0.13504260876108884
514,989,1503,0.13505163393122804
517,990,1507,0.13506181282001972
520,1001,1521,0.1350638121939495
511,1006,1517,0.135058223781204
510,1003,1513,0.13507411152737767
501,1001,1502,0.13509279243118347
507,1009,1516,0.13513123308916766
502,1009,1511,0.1351522117304375
503,999,1502,0.13518078497137825
498,1009,1507,0.1352036613625883
493,1015,1508,0.13523863377547599
499,1011,1510,0.13528376310888288
504,1006,1510,0.13531330146460735
507,1010,1517,0.13532986174170522
506,1005,1511,0.13533913208353035
499,1006,1505,0.13535072095666995
496,1001,1497,0.13537655087808279
492,1013,1505,0.13540768948381252
490,1017,1507,0.13544768351701308
494,1004,1498,0.13549037942692238
494,1009,1503,0.13552161803901563
490,1025,1515,0.13555122766880115
482,1030,1512,0.13558593432585542
486,1026,1512,0.13563648805849376
489,1012,1501,0.13567322340958488
487,1018,1505,0.13570093325351074
491,1019,1510,0.13573178796662927
494,1019,1513,0.13575173504930507
493,1034,1527,0.135763919545273
492,1029,1521,0.1357784803259957
498,1021,1519,0.13579523210752065
493,1017,1510,0.1357973850845327
493,1013,1506,0.135812555117303
490,1024,1514,0.13582370965169055
485,1005,1490,0.13584028727548433
497,1027,1524,0.13586616015299186
492,1025,1517,0.1358607117599959
493,1024,1517,0.13586750130959147
498,1022,1520,0.1358717659986642
494,1017,1511,0.13586386703557043
499,1023,1522,0.13586505911451513
497,1026,1523,0.13585658741784415
488,1019,1507,0.1358538204810893
489,1010,1499,0.13587211580332056
493,1005,1498,0.13588561515383699
492,1003,1495,0.1358899871580506
486,1007,1493,0.13589649289686778
488,1004,1492,0.13591532031534065
489,1002,1491,0.1359293206717713
493,1015,1508,0.13594143797288394
484,1021,1505,0.13594074885768384
481,1016,1497,0.13595967892766936
489,1013,1502,0.1359858518166063
484,1020,1504,0.1359885669756802
480,1015,1495,0.13600344756135038
480,1004,1484,0.13602863044192426
474,1013,1487,0.13605200208553503
476,1020,1496,0.13608752032471494
480,1013,1493,0.13611760827540886
479,1012,1491,0.13613629659074328
477,1015,1492,0.13615372735138184
481,1031,1512,0.1361744090443029
479,1016,1495,0.1361850069666935
475,1013,1488,0.13620018966113392
480,1018,1498,0.13622385582157123
477,1024,1501,0.13623434675214727
482,1032,1514,0.13625304294331753
491,1031,1522,0.13625587640917755
481,1024,1505,0.13623722201266683
486,1027,1513,0.13624455260469742
486,1033,1519,0.13624097741626826
484,1038,1522,0.1362371420819394
480,1030,1510,0.1362407370840006
486,1018,1504,0.1362537307354277
490,1031,1521,0.1362522334773283
487,1038,1525,0.13624048678482187
483,1034,1517,0.1362384500338201
481,1027,1508,0.1362459561060911
482,1041,1523,0.1362582758267291
474,1034,1508,0.13626710394786992
472,1052,1524,0.1362965859886351
473,1047,1520,0.13632875442555065
471,1045,1516,0.13635576795721385
476,1040,1516,0.13638627975938347
468,1050,1518,0.13640478779015758
471,1043,1514,0.1364410050252367
474,1051,1525,0.136465557829548
474,1053,1527,0.13648143483835135
463,1051,1514,0.13649414723439862
466,1050,1516,0.136533738143089
461,1042,1503,0.13656348917022976
460,1047,1507,0.13660197059240275
469,1047,1516,0.13663886072751263
476,1042,1518,0.13665246775954196
471,1042,1513,0.13664808082739566
474,1046,1520,0.13665377993178524
476,1038,1514,0.13665415372975256
468,1037,1505,0.13664958838309263
462,1020,1482,0.1366648297914806
467,1032,1499,0.1366923492115921
457,1026,1483,0.13670518270045298
457,1041,1498,0.1367422259431097
464,1027,1491,0.1367770484655337
454,1036,1490,0.13679336039998985
456,1032,1488,0.1368313972272741
460,1029,1489,0.13686215150512754
464,1044,1508,0.1368839931863958
467,1050,1517,0.13689390714187152
466,1050,1516,0.1368969728362922
473,1051,1524,0.13690258588786247
467,1048,1515,0.13689226046334066
464,1043,1507,0.1368959807172975
461,1041,1502,0.13690609736211068
465,1042,1507,0.13692349490324457
462,1048,1510,0.1369294576028145
464,1048,1512,0.13694005411949464
464,1045,1509,0.1369462389643443
465,1041,1506,0.13694980183282293
463,1034,1497,0.13695157840158173
454,1037,1491,0.13695802948203759
456,1050,1506,0.1369846910844781
453,1055,1508,0.13700516426454598
454,1060,1514,0.13703130998656138
453,1055,1508,0.13705391519596385
451,1059,1510,0.13707757016008568
453,1053,1506,0.13710588416774136
455,1063,1518,0.13712806524254406
460,1060,1520,0.1371430012236767
461,1046,1507,0.137144738833649
457,1052,1509,0.13714383542991465
452,1046,1498,0.13715333013378964
448,1057,1505,0.13717368475714206
461,1045,1506,0.1372013981215758
457,1032,1489,0.13719658294450843
456,1039,1495,0.13719903157826926
455,1048,1503,0.13720443912396124
457,1044,1501,0.13721304891953873
454,1048,1502,0.13721730185178146
451,1049,1500,0.13722907126126616
455,1048,1503,0.13724675950056028
452,1049,1501,0.13725228726231606
456,1062,1518,0.13726339386801548
457,1062,1519,0.13726389299101327
455,1066,1521,0.13726294685379217
457,1070,1527,0.13726547705257716
461,1068,1529,0.13726317367711766
450,1069,1519,0.13725278686849704
453,1067,1520,0.13726881103663705
453,1063,1516,0.13727643575219464
448,1056,1504,0.1372831397670742
452,1058,1510,0.13730234871598423
451,1046,1497,0.13731163716590392
453,1057,1510,0.13732209513257385
448,1058,1506,0.1373282991657758
448,1064,1512,0.13734687616998645
442,1066,1508,0.13736408579768772
446,1061,1507,0.13739452145819409
444,1058,1502,0.13741232634134193
442,1063,1505,0.137434672627726
433,1056,1489,0.13746000545476916
441,1063,1504,0.13750576043412036
440,1077,1517,0.13753102194932557
447,1065,1512,0.13755591080812157
444,1066,1510,0.13756271613848228
446,1064,1510,0.1375770392481122
449,1060,1509,0.1375850669741317
447,1049,1496,0.13758516962161862
439,1062,1501,0.13759059733272827
435,1060,1495,0.13761380293516914
444,1056,1500,0.1376444641923321
446,1061,1507,0.13764978371793998
440,1059,1499,0.13765017689912262
435,1056,1491,0.1376658098147918
434,1057,1491,0.1376904108049087
437,1063,1500,0.13771536602795412
447,1064,1511,0.13773059218146674
448,1064,1512,0.13771803341864047
452,1073,1525,0.13770492218100566
447,1069,1516,0.13768356618527247
442,1067,1509,0.1376756543683353
438,1056,1494,0.13768039665159254
436,1055,1491,0.13769487148324458
436,1064,1500,0.13771278845955945
429,1063,1492,0.13773172438980028
428,1071,1499,0.1377651085870388
428,1077,1505,0.1377979736501374
428,1082,1510,0.13782591123847188
418,1085,1503,0.13785471312356595
425,1085,1510,0.1379050569027509
428,1086,1514,0.1379346115206551
430,1086,1516,0.13795617289514947
431,1080,1511,0.13797057995340928
427,1072,1499,0.1379829964857037
433,1069,1502,0.13800440357901925
427,1077,1504,0.1380094020241026
419,1084,1503,0.13802752462999668
419,1095,1514,0.13806171132085823
427,1110,1537,0.1380961884972233
430,1100,1530,0.1381098020991582
428,1099,1527,0.13811727492059958
418,1100,1518,0.13813032417893065
415,1091,1506,0.13816750477861672
418,1101,1519,0.13820850047269798
409,1105,1514,0.13824180156543867
398,1105,1503,0.13829170540505442
397,1107,1504,0.13836348435011994
395,1107,1502,0.138433828594829
401,1115,1516,0.13850378557994555
402,1115,1517,0.13855614492087776
406,1117,1523,0.13859982768357187
404,1117,1521,0.13863071179061145
401,1130,1531,0.13866307711807374
388,1133,1521,0.1386992609003985
382,1119,1501,0.13876381380857647
375,1126,1501,0.13883825868613747
384,1129,1513,0.13892376924787012
386,1122,1508,0.13898226863652713
388,1115,1503,0.13903242788337047
388,1116,1504,0.1390743875109041
396,1129,1525,0.13911452851784945
393,1123,1516,0.13913439858214727
392,1126,1518,0.1391594629075267
392,1119,1511,0.13918392718022546
379,1121,1500,0.13920769867317506
381,1115,1496,0.1392590234466967
379,1106,1485,0.13930373190414144
380,1114,1494,0.13935087475662225
372,1127,1499,0.13939440367339867
374,1130,1504,0.1394535264975182
380,1121,1501,0.13950118428251965
378,1128,1506,0.139531402836526
381,1126,1507,0.13956499097019823
387,1121,1508,0.13958955173128246
387,1122,1509,0.13959847917629753
389,1127,1516,0.13960698780162012
385,1132,1517,0.1396110057964065
382,1132,1514,0.13962332864485252
381,1127,1508,0.13964163385216083
382,1129,1511,0.13966256770975538
382,1135,1517,0.13968058810725917
374,1138,1512,0.13969610295051443
373,1135,1508,0.13972957667502972
369,1135,1504,0.13976401714551734
366,1121,1487,0.13980652848168354
368,1134,1502,0.13985413154759527
368,1130,1498,0.13989245703170636
371,1138,1509,0.1399272778068385
369,1126,1495,0.13995018664716422
370,1129,1499,0.1399781219181438
366,1124,1490,0.14000214884204434
363,1129,1492,0.14003552409139317
361,1135,1496,0.14007279277157078
361,1132,1493,0.14011166957891766
363,1135,1498,0.14014767607574466
368,1138,1506,0.1401776802697566
366,1140,1506,0.14019334060617986
372,1142,1514,0.14021289949798132
372,1133,1505,0.14021902477602832
372,1122,1494,0.14022609772515351
370,1130,1500,0.1402341217160613
359,1126,1485,0.1402463449386215
358,1129,1487,0.14028471052305122
365,1125,1490,0.14032048183345974
366,1139,1505,0.14033641585649295
368,1149,1517,0.14034869753559032
373,1155,1528,0.14035401609406595
368,1147,1515,0.1403482271009788
372,1146,1518,0.1403558263414821
365,1149,1514,0.14035448055784044
367,1156,1523,0.1403706139651835
368,1157,1525,0.14038157472967952
363,1147,1510,0.14038959135431267
369,1159,1528,0.1404102653427682
366,1145,1511,0.14041495192234232
362,1152,1514,0.14042743818838313
363,1153,1516,0.14044910534339317
362,1154,1516,0.14046615599592213
362,1157,1519,0.140484647581988
354,1164,1518,0.1405018558768959
354,1163,1517,0.14053761502489986
347,1174,1521,0.14057164597056881
348,1166,1514,0.14061884002012345
346,1169,1515,0.14066114458431347
347,1160,1507,0.14070383687810942
351,1150,1501,0.140742114868079
355,1156,1511,0.14076709529016254
352,1145,1497,0.14078265271072307
349,1138,1487,0.14080587690849297
354,1151,1505,0.1408334330851534
349,1151,1500,0.1408479756558968
347,1155,1502,0.14087431098232625
352,1152,1504,0.14090371504051813
352,1146,1498,0.14091763774091018
358,1142,1500,0.1409290360490483
352,1151,1503,0.14092468582774484
354,1143,1497,0.1409335780177599
349,1143,1492,0.1409374659914353
351,1147,1498,0.14095444370991111
348,1156,1504,0.1409662411259967
350,1159,1509,0.14098453609040773
344,1156,1500,0.14099810735997437
345,1168,1513,0.14102396268884212
343,1175,1518,0.14104698325559753
345,1169,1514,0.14107315113519647
348,1161,1509,0.14109400246457066
348,1160,1508,0.14110648992993935
347,1161,1508,0.14111728441766694
343,1170,1513,0.14112839615577574
332,1171,1503,0.14114771310837024
334,1170,1504,0.14119125863267448
332,1178,1510,0.14122901648947947
333,1183,1516,0.14127008645102795
333,1178,1511,0.1413066404557275
330,1180,1510,0.14133991784341088
331,1181,1512,0.14137805376670318
336,1185,1521,0.1414125097452728
336,1185,1521,0.1414323501159603
335,1180,1515,0.14145079124090262
339,1176,1515,0.14146961424356214
335,1183,1518,0.14147586409141874
332,1181,1513,0.14149249290825228
333,1181,1514,0.14151457484091742
328,1176,1504,0.14153317354527017
329,1176,1505,0.14156203932879818
328,1176,1504,0.1415849144900162
329,1178,1507,0.14160934814838838
329,1179,1508,0.1416315395476844
326,1188,1514,0.14165300040058781
328,1191,1519,0.1416799481424079
322,1180,1502,0.1416989364895364
327,1178,1505,0.1417308394309762
317,1182,1499,0.14174896974700466
316,1175,1491,0.14178886021737508
323,1176,1499,0.14182846082834355
316,1182,1498,0.14185044245008213
317,1180,1497,0.14188649050326485
316,1192,1508,0.14191696201622697
315,1193,1508,0.1419456678478301
320,1191,1511,0.14197601426757017
316,1184,1500,0.14199295680293308
318,1184,1502,0.14201719075217653
320,1190,1510,0.14203164757852915
322,1188,1510,0.14204235135475798
324,1194,1518,0.14204617506683723
328,1187,1515,0.14204563182328767
323,1184,1507,0.14203640876456786
329,1176,1505,0.14203988394676462
324,1180,1504,0.14202921435983773
320,1185,1505,0.14203237504307095
321,1194,1515,0.14204590865827554
319,1198,1517,0.14205543207704946
317,1198,1515,0.14206884678808407
317,1193,1510,0.14208611340303087
319,1201,1520,0.14210298592143394
318,1208,1526,0.14211461442761134
321,1208,1529,0.14212784954652047
318,1209,1527,0.14213077921300113
321,1205,1526,0.14214087518664015
319,1202,1521,0.14214387594165565
313,1198,1511,0.1421507408953097
316,1194,1510,0.142172159026825
317,1200,1517,0.14218720225845574
320,1193,1513,0.142199778702808
317,1200,1517,0.14220482179853397
319,1192,1511,0.14221645566997643
320,1198,1518,0.14222156872158098
320,1187,1507,0.1422258967054837
315,1197,1512,0.14222594579644324
317,1205,1522,0.1422394662532693
309,1216,1525,0.14224827731436585
314,1212,1526,0.14227560187811844
317,1205,1522,0.14228938610028957
316,1205,1521,0.14229488361649908
310,1201,1511,0.1423009061977835
305,1213,1518,0.14232185039237383
310,1218,1528,0.14235200171546888
305,1208,1513,0.14236905071070616
304,1209,1513,0.14239671847213373
307,1201,1508,0.14242461493989095
308,1210,1518,0.14244291638588794
309,1199,1508,0.1424581745548185
308,1213,1521,0.14246919302865474
303,1215,1518,0.14247918593543918
298,1219,1517,0.1425001892062948
298,1210,1508,0.14253302048975366
301,1215,1516,0.1425630715373717
296,1205,1501,0.14258352698624122
294,1199,1493,0.14261541799063848
300,1194,1494,0.14264952906300746
298,1204,1502,0.14266711420317152
297,1211,1508,0.142690925821542
293,1227,1520,0.1427160800513768
299,1220,1519,0.14274898082730827
301,1223,1524,0.14276534429993556
294,1228,1522,0.14277588064283153
290,1225,1515,0.1428032205269723
286,1232,1518,0.14283605794805587
290,1219,1509,0.14287659373497572
300,1221,1521,0.1429051146335543
297,1224,1521,0.14290607174620196
310,1231,1541,0.14291339712984252
299,1229,1528,0.14288954178620417
299,1224,1523,0.14289423559059974
294,1217,1511,0.14289887690903633
292,1224,1516,0.14291425126069512
292,1218,1510,0.14293342420413618
287,1224,1511,0.14295194259568728
293,1221,1514,0.1429812382893246
291,1213,1504,0.14299266726029547
292,1218,1510,0.1430080186407075
288,1225,1513,0.14302069007849705
289,1227,1516,0.14304307141285555
286,1236,1522,0.1430630709173904
287,1237,1524,0.14308725895757088
286,1227,1513,0.1431072694599357
286,1232,1518,0.14312751364241327
283,1232,1515,0.1431471906892429
282,1215,1497,0.1431725097965294
286,1219,1505,0.14319960743615873
285,1219,1504,0.1432157609495763
287,1227,1514,0.143230635695655
293,1237,1530,0.14324169633422654
288,1232,1520,0.14323597453359072
290,1229,1519,0.14324266647098732
291,1227,1518,0.1432435019942188
285,1224,1509,0.14324213909523548
285,1231,1516,0.1432571056159444
286,1235,1521,0.14327190511106325
282,1227,1509,0.14328395779088077
287,1225,1512,0.14330485429611467
283,1234,1517,0.14331211094890361
275,1224,1499,0.14332832280383534
278,1228,1506,0.14336065716372592
280,1231,1511,0.14338404857136386
276,1234,1510,0.143402097502089
272,1236,1508,0.14342898597579493
271,1233,1504,0.14346397067126107
267,1230,1497,0.14349906559172812
270,1222,1492,0.14353953349337467
265,1231,1496,0.14357165610914238
267,1249,1516,0.14361276702796444
266,1239,1505,0.1436460048229506
273,1231,1504,0.14368004610701132
269,1233,1502,0.14369451497636124
267,1248,1515,0.1437169142147573
272,1230,1502,0.1437420311538655
272,1242,1514,0.1437539288680698
269,1252,1521,0.14376544820756285
267,1240,1507,0.14378508075782992
269,1238,1507,0.14380627097989676
269,1248,1517,0.14382314650179695
268,1257,1525,0.14383851981120815
267,1255,1522,0.1438555892283605
266,1253,1519,0.1438750942330767
265,1244,1509,0.14389657806660863
265,1240,1505,0.14391829172142714
262,1237,1499,0.14393769298087045
261,1250,1511,0.14396308509038083
258,1251,1509,0.14398902842185568
260,1247,1507,0.1440206037880915
261,1247,1508,0.14404442557760067
264,1249,1513,0.14406538990240703
258,1255,1513,0.14407862753057
260,1266,1526,0.14410487462416072
258,1266,1524,0.14412365714414668
264,1249,1513,0.1441444593956374
262,1248,1510,0.1441513097030479
260,1245,1505,0.14416309042861283
260,1249,1509,0.1441793846891915
260,1258,1518,0.14419359240824942
257,1252,1509,0.1442067967486061
255,1253,1508,0.1442262562403021
259,1263,1522,0.14424991599398632
262,1264,1526,0.1442628919291311
261,1265,1526,0.14426595516539348
257,1267,1524,0.14427284701685633
257,1261,1518,0.14428872711075683
254,1260,1514,0.14430447341838332
257,1263,1520,0.14432528840408904
254,1260,1514,0.14433719072567833
250,1265,1515,0.14435667628519566
254,1271,1525,0.1443858427446401
255,1274,1529,0.14440274952463558
249,1277,1526,0.1444167859278014
247,1287,1534,0.14444436438755695
244,1281,1525,0.1444760916589711
244,1277,1521,0.1445126677267012
246,1277,1523,0.144545888365901
245,1282,1527,0.14457091433009844
251,1281,1532,0.14459691348955794
250,1270,1520,0.14460745431755856
249,1276,1525,0.1446194536590749
243,1270,1513,0.14463424120228116
239,1276,1515,0.1446614038313889
244,1277,1521,0.14469700393166346
242,1271,1513,0.14471858467266482
241,1264,1505,0.1447416657607657
241,1268,1509,0.1447650279269711
245,1270,1515,0.14478709690627667
242,1268,1510,0.14479934059191057
241,1274,1515,0.14481743323151933
241,1278,1519,0.1448371018582285
242,1280,1522,0.14485594527590046
240,1274,1514,0.14487149884478837
239,1279,1518,0.14488968710587627
241,1280,1521,0.14490982139737074
240,1271,1511,0.14492546788316601
238,1264,1502,0.14494226375641237
239,1266,1505,0.14496409657735224
239,1259,1498,0.14497919638171566
245,1258,1503,0.14499202882683723
241,1276,1517,0.1449864108939638
239,1274,1513,0.14499076704746242
241,1277,1518,0.1450002048376968
242,1282,1524,0.14500393720057633
247,1269,1516,0.14500488140927595
249,1270,1519,0.14499432013474034
247,1268,1515,0.14497948925292914
240,1284,1524,0.1449720247328886
245,1285,1530,0.14498164694624116
242,1295,1537,0.14497878746035278
250,1286,1536,0.14498384183644666
246,1279,1525,0.1449689203173781
245,1274,1519,0.1449653663155388
245,1277,1522,0.14496305503565438
247,1270,1517,0.1449613440382163
242,1274,1516,0.144956547800994
243,1278,1521,0.1449647189968406
237,1276,1513,0.14497057519623632
237,1274,1511,0.14499112078250856
235,1283,1518,0.14500990347027506
243,1291,1534,0.1450301963424447
237,1287,1524,0.14502881999186248
241,1284,1525,0.14504242990935828
239,1276,1515,0.1450431139333441
249,1266,1515,0.14504892760368565
241,1265,1506,0.14503076667196335
236,1275,1511,0.14503416876383018
236,1296,1532,0.145047104243125
239,1286,1525,0.14505968179308046
241,1280,1521,0.14506432428444585
245,1287,1532,0.14506522387675513
245,1278,1523,0.14505643359219034
247,1274,1521,0.14504704770339946
243,1279,1522,0.14503424509358273
242,1286,1528,0.14503278493025332
244,1277,1521,0.14503394122553628
241,1282,1523,0.14503056532715783
239,1273,1512,0.1450351621574292
234,1265,1499,0.14504362142483399
235,1267,1502,0.1450616811849248
234,1271,1505,0.14507664361225758
235,1269,1504,0.14509356726805772
238,1285,1523,0.14510700269580018
238,1291,1529,0.145113166575409
236,1277,1513,0.14511909431658615
238,1276,1514,0.1451299595320693
238,1282,1520,0.14513567082134954
233,1280,1513,0.14514120326764818
234,1271,1505,0.14515886640699824
235,1270,1505,0.14517266687507596
236,1272,1508,0.14518366666720905
234,1268,1502,0.14519229383547394
234,1269,1503,0.14520458690830712
240,1262,1502,0.14521478868795684
237,1270,1507,0.1452102724960606
238,1271,1509,0.14521325581782793
232,1286,1518,0.14521419264916477
230,1291,1521,0.1452293176180238
222,1288,1510,0.14524819820111315
223,1288,1511,0.14528431233716022
225,1283,1508,0.14531570455712772
218,1276,1494,0.14533949081817854
216,1278,1494,0.14537832895494732
219,1305,1524,0.1454200490070031
219,1302,1521,0.14545199819751475
220,1304,1524,0.14548381635173255
213,1313,1526,0.1455111749397293
209,1302,1511,0.14555135698550842
205,1305,1510,0.14559862406778762
205,1303,1508,0.14565310106888746
209,1307,1516,0.14570346915925414
208,1301,1509,0.14574128791754945
211,1318,1529,0.14577869052101616
209,1311,1520,0.1458055813113923
209,1303,1512,0.14583622343185526
208,1304,1512,0.14586520328156258
211,1303,1514,0.14589532905935929
210,1302,1512,0.14591552443738195
203,1308,1511,0.14593698086860754
203,1306,1509,0.1459740332347647
206,1305,1511,0.14600808111186722
202,1303,1505,0.1460338931594723
202,1297,1499,0.14606775625880164
206,1296,1502,0.14609721508828286
204,1301,1505,0.146114381186398
203,1301,1504,0.14613451996650056
205,1297,1502,0.14615690439639636
204,1313,1517,0.1461723878261767
204,1312,1516,0.14618961300743838
204,1314,1518,0.14620607479543005
198,1318,1516,0.1462208929324354
197,1326,1523,0.1462486265495703
196,1322,1518,0.1462768189719179
194,1327,1521,0.1463059987294001
194,1315,1509,0.1463384911491413
196,1309,1505,0.14636835017669822
194,1311,1505,0.14639222503258156
195,1296,1491,0.14641794377678682
194,1306,1500,0.1464399735697284
192,1315,1507,0.14646367820271952
196,1320,1516,0.146489989194707
199,1319,1518,0.1465055976720876
198,1315,1513,0.14651375265531608
198,1321,1519,0.14652389637063262
198,1324,1522,0.14653363465979435
189,1322,1511,0.14654402581355347
189,1317,1506,0.1465752028227483
183,1319,1502,0.14660429168959876
182,1312,1494,0.14664578618875182
184,1325,1509,0.1466872991056312
185,1317,1502,0.14672204374315934
182,1305,1487,0.14675283410062379
178,1308,1486,0.1467886065111375
177,1311,1488,0.1468308137430959
180,1324,1504,0.14687268760192784
181,1324,1505,0.14690496579728982
181,1336,1517,0.1469318678128867
182,1322,1504,0.14695640292383472
183,1323,1506,0.14697789147710988
188,1331,1519,0.14699431071496652
186,1332,1518,0.14699785671299564
186,1334,1520,0.14700600174420902
186,1328,1514,0.14701539348720488
192,1312,1504,0.14702268358300757
189,1320,1509,0.14701498655261336
188,1319,1507,0.14701475817988247
190,1317,1507,0.14701821404260138
186,1322,1508,0.14701641777794217
187,1335,1522,0.1470246350007192
186,1337,1523,0.14702888570110398
191,1336,1527,0.14703471779755584
189,1326,1515,0.1470287438412313
190,1322,1512,0.1470269978239604
188,1320,1508,0.14702512375102994
186,1325,1511,0.14702711398336768
189,1315,1504,0.1470340757435513
189,1322,1511,0.14703315664139222
189,1325,1514,0.14703094019742088
190,1320,1510,0.14703027329685334
189,1342,1531,0.14702670612356034
190,1326,1516,0.14702648962777332
189,1323,1512,0.14702301338435586
190,1320,1510,0.1470229254172841
185,1320,1505,0.14702077692893745
187,1310,1497,0.14703212341307784
183,1314,1497,0.14703735239836177
184,1329,1513,0.14705322398417542
182,1327,1509,0.14706555246274328
186,1324,1510,0.14708122479850996
186,1328,1514,0.14708442660429
183,1330,1513,0.14708852276418152
186,1330,1516,0.14709909945385352
188,1322,1510,0.14710366416841208
191,1332,1523,0.14710224362684027
193,1336,1529,0.14709345013551997
190,1340,1530,0.14707899738406632
195,1326,1521,0.14707401675849166
193,1327,1520,0.1470564774629462
194,1331,1525,0.14704566333259847
184,1321,1505,0.14703309181351437
181,1325,1506,0.14704518960065588
180,1330,1510,0.14706525480454122
180,1335,1515,0.14708697677167443
182,1331,1513,0.14710624827842525
179,1335,1514,0.1471173621927454
178,1338,1516,0.14713630919309875
174,1334,1508,0.14715603207395764
175,1344,1519,0.14718481938963077
177,1349,1526,0.1472098242251338
178,1348,1526,0.14722905454256244
176,1332,1508,0.14724445818754134
174,1337,1511,0.14726384420094774
171,1344,1515,0.14728589999602681
174,1348,1522,0.14731371683854916
171,1345,1516,0.1473318552511518
172,1346,1518,0.14735678065252775
172,1341,1513,0.147377257866001
170,1340,1510,0.14739645908288324
171,1336,1507,0.14741973352463222
171,1328,1499,0.1474385075872851
170,1336,1506,0.1474561114228604
173,1344,1517,0.14747351400484246
174,1357,1531,0.14748152463054354
176,1335,1511,0.14748514322685732
179,1341,1520,0.1474813410381966
178,1339,1517,0.1474722400627955
180,1335,1515,0.14746382524759397
181,1332,1513,0.14745042663088936
179,1326,1505,0.1474367881670227
182,1324,1506,0.147428594534354
183,1335,1518,0.1474133681071093
188,1340,1528,0.14739631976166412
180,1340,1520,0.1473696114235803
182,1338,1520,0.1473630235194635
178,1330,1508,0.14735320766220922
185,1317,1502,0.14735249199351874
188,1326,1514,0.1473360025750376
186,1328,1514,0.14731285530940352
185,1313,1498,0.1472956766805876
187,1324,1511,0.14728259113124265
185,1323,1508,0.14726533080799695
181,1320,1501,0.14725457170912176
180,1319,1499,0.1472543782183667
185,1323,1508,0.14725653390224525
183,1325,1508,0.14724705983324166
184,1326,1510,0.1472408752471715
189,1328,1517,0.147233293658674
188,1335,1523,0.1472142912007584
186,1336,1522,0.14719974220102924
186,1327,1513,0.14719118169049294
186,1320,1506,0.14718364971790085
180,1323,1503,0.14717657896994735
186,1335,1521,0.14718525721457965
185,1330,1515,0.14717897784276457
186,1323,1509,0.14717580932131186
184,1310,1494,0.14716877231410425
193,1314,1507,0.14716772781562124
190,1314,1504,0.1471426739096076
188,1308,1496,0.14712538045253876
189,1303,1492,0.14711513003393673
187,1306,1493,0.14710309132450963
190,1307,1497,0.14709614320499526
185,1325,1510,0.14708110842448419
185,1317,1502,0.1470789779607261
179,1328,1507,0.14707864840576274
174,1334,1508,0.1470925046239118
174,1326,1500,0.14711838673844352
177,1323,1500,0.14714399166572886
174,1323,1497,0.1471616915073549
177,1330,1507,0.14718490830145112
177,1330,1507,0.14719854035244292
177,1333,1510,0.14721225108314148
178,1340,1518,0.14722418743057206
179,1334,1513,0.14723167445993865
181,1347,1528,0.14723604989653172
175,1341,1516,0.14723583345305838
179,1343,1522,0.14725121540423505
182,1352,1534,0.14725538290592285
182,1359,1541,0.1472519738661754
179,1354,1533,0.14724937054799195
176,1347,1523,0.1472547520955949
174,1343,1517,0.1472670065105016
179,1350,1529,0.14728299399234637
180,1332,1512,0.14728526379486673
180,1339,1519,0.1472848909263011
176,1338,1514,0.14728392830520234
179,1321,1500,0.14729359907039996
187,1332,1519,0.1472958151090107
184,1341,1525,0.1472786170456073
172,1334,1506,0.14727025402283947
174,1336,1510,0.14729137055656746
176,1344,1520,0.147308358202295
174,1335,1509,0.14732035487485337
176,1347,1523,0.1473368061523435
175,1343,1518,0.14734680043944448
178,1336,1514,0.14735803155900845
179,1338,1517,0.1473601022218207
184,1343,1527,0.14735944587622546
181,1340,1521,0.1473464525280588
180,1345,1525,0.1473425638308745
184,1343,1527,0.14734150977988572
185,1345,1530,0.14733077704604364
186,1340,1526,0.14731825551161878
185,1346,1531,0.14730468994599769
188,1352,1540,0.14729534161290622
188,1350,1538,0.14727916596906307
181,1349,1530,0.1472646793356508
177,1342,1519,0.14726739637206068
180,1335,1515,0.14728066554805333
182,1344,1526,0.14728487918841754
181,1325,1506,0.1472838138861225
184,1323,1507,0.14728520458975147
184,1318,1502,0.14727916929887214
181,1319,1500,0.1472726051748185
184,1319,1503,0.1472733231901412
184,1317,1501,0.1472658218566476
183,1327,1510,0.1472597157634418
179,1329,1508,0.14725437650331702
181,1339,1520,0.14725972469872173
184,1336,1520,0.14725949223597004
185,1329,1514,0.14725112478080585
184,1346,1530,0.14724047922649036
181,1337,1518,0.14723375474751768
184,1331,1515,0.1472349394545894
181,1339,1520,0.14722892966026951
180,1342,1522,0.14722920868179107
181,1336,1517,0.14723355699342355
179,1331,1510,0.14723511823449528
177,1332,1509,0.14724134934132566
172,1333,1505,0.1472539756523671
172,1332,1504,0.14727626662669235
176,1338,1514,0.14729690577594437
176,1337,1513,0.14730659449129763
179,1328,1507,0.14731482592351589
174,1330,1504,0.14731395135793776
176,1323,1499,0.14732562077992634
172,1324,1496,0.14732979698286866
177,1343,1520,0.1473420024039328
178,1330,1508,0.1473410602638264
179,1330,1509,0.1473375988199543
179,1335,1514,0.1473329095013759
178,1328,1506,0.14732898855623958
168,1328,1496,0.14732957258782553
167,1335,1502,0.1473539921801909
167,1350,1517,0.14738010479040406
175,1354,1529,0.14740254801589267
175,1344,1519,0.14740185927543645
171,1344,1515,0.14740270379779372
171,1339,1510,0.14741336774809968
171,1337,1508,0.14742248137839464
173,1344,1517,0.1474303316973566
174,1356,1530,0.1474344978069303
175,1344,1519,0.14743689520582712
176,1337,1513,0.14743808885139426
170,1351,1521,0.14743723530398903
166,1369,1535,0.14745088787957214
167,1361,1528,0.1474742712064684
170,1349,1519,0.14749425988018955
169,1358,1527,0.14750534547785157
169,1364,1533,0.1475183073779585
163,1357,1520,0.14752874549489736
164,1354,1518,0.14755371308498094
166,1346,1512,0.14757474595215003
162,1345,1507,0.1475896509034352
163,1333,1496,0.14761422326436555
158,1341,1499,0.14763464469858215
161,1351,1512,0.14766464496855827
166,1350,1516,0.14768438833129607
167,1348,1515,0.14769206402816482
169,1347,1516,0.14769681513166436
169,1341,1510,0.14769570900077697
166,1333,1499,0.14769465370457432
168,1339,1507,0.147701657998288
172,1346,1518,0.1477029629690402
172,1345,1517,0.14769452142590384
172,1348,1520,0.14768705613834404
174,1338,1512,0.14767831509464302
174,1338,1512,0.1476658360316511
171,1339,1510,0.14765408807142485
170,1348,1518,0.14765206519354332
165,1351,1516,0.14765304635909268
164,1355,1519,0.14766554974113585
163,1357,1520,0.14768019939585625
158,1367,1525,0.1476963314783576
158,1366,1524,0.14772287505055323
157,1360,1517,0.1477473604976001
161,1352,1513,0.14777182342000678
163,1356,1519,0.14778585538457112
166,1347,1513,0.14779307825962243
164,1340,1504,0.14779133650847753
165,1333,1498,0.14779414595763815
167,1341,1508,0.1477947897507958
163,1350,1513,0.14779155077349038
163,1354,1517,0.14779925149213155
157,1343,1500,0.14780705288749507
155,1341,1496,0.14782982210624823
157,1348,1505,0.14785665201117237
156,1344,1500,0.1478765696466866
153,1345,1498,0.1478985788339714
156,1345,1501,0.14792737258717378
152,1348,1500,0.1479447129939421
150,1350,1500,0.14797155547856097
148,1352,1500,0.14800139035815127
153,1346,1499,0.1480331747952118
154,1347,1501,0.14805037640862437
158,1349,1507,0.1480633418242584
158,1373,1531,0.14806367095809672
154,1367,1521,0.14806390020190022
156,1372,1528,0.14807408923855064
152,1381,1533,0.1480798439375045
150,1375,1525,0.1480952979999333
149,1368,1517,0.14811472028365413
149,1362,1511,0.14813570750308044
152,1353,1505,0.1481550824521375
153,1353,1506,0.14816574722463943
153,1345,1498,0.14817312163337626
158,1350,1508,0.14818068438944865
155,1358,1513,0.1481745436025273
155,1356,1511,0.14817579835194605
154,1368,1522,0.1481763375830126
151,1366,1517,0.14817889969496076
147,1365,1512,0.14818908116306087
150,1375,1525,0.1482090017846577
151,1356,1507,0.14822065165113676
155,1362,1517,0.14822900196551003
151,1367,1518,0.1482270594295929
153,1377,1530,0.1482361277945821
148,1364,1512,0.14823880889415053
150,1360,1510,0.14825409849828722
149,1363,1512,0.14826451106647284
148,1368,1516,0.14827652909504777
149,1374,1523,0.1482900958609957
150,1370,1520,0.14830080517694286
147,1377,1524,0.14830731704733663
146,1375,1521,0.14832158550969296
146,1372,1518,0.14833806361411397
143,1377,1520,0.14835445088172686
147,1375,1522,0.14837689553795028
144,1375,1519,0.14838604015608428
142,1369,1511,0.14840200762997469
148,1352,1500,0.14842055179150568
148,1362,1510,0.1484221921990904
149,1370,1519,0.14842521652228974
145,1377,1522,0.1484259991702379
142,1385,1527,0.14843644596705005
142,1380,1522,0.14845409733900086
141,1377,1518,0.1484689650791791
142,1370,1512,0.1484860366732139
142,1381,1523,0.14849939996478884
140,1374,1514,0.14851212604232605
143,1362,1505,0.14852760481806404
140,1372,1512,0.14853405694987665
145,1371,1516,0.14854777412068937
151,1365,1516,0.14854815683183478
143,1362,1505,0.1485345557012149
143,1358,1501,0.14854197326306137
139,1363,1502,0.14854958173888
136,1367,1503,0.14856607442569106
133,1376,1509,0.14858946553503022
137,1392,1529,0.14861782015661681
136,1383,1519,0.14863559066953108
135,1376,1511,0.14865617942935674
133,1375,1508,0.14867725875983023
134,1382,1516,0.14870243326689692
132,1378,1510,0.14872286072285704
135,1384,1519,0.14874685173549018
134,1375,1509,0.1487589372157356
139,1388,1527,0.1487733191581718
137,1387,1524,0.14877269866407924
136,1383,1519,0.14877779517620626
136,1384,1520,0.14878577134868987
136,1393,1529,0.14879263341727772
136,1386,1522,0.14880047172575606
137,1386,1523,0.1488081217329991
135,1388,1523,0.1488131733087431
135,1393,1528,0.1488231064286313
133,1400,1533,0.14883319111865517
131,1400,1531,0.14884748990632451
135,1381,1516,0.14886634370916318
141,1377,1518,0.1488719700721004
141,1382,1523,0.14886122014776318
140,1387,1527,0.14885160218009458
139,1387,1526,0.148846112187493
138,1389,1527,0.14884506989973245
138,1388,1526,0.1488475883445249
135,1392,1527,0.14884916712405624
137,1377,1514,0.1488580747028799
137,1382,1519,0.14886222589869993
134,1383,1517,0.14886534271506363
138,1391,1529,0.14887609160181847
140,1382,1522,0.14887628813210957
138,1384,1522,0.14887110206529253
138,1380,1518,0.1488711576463694
134,1400,1534,0.14887226856746602
132,1392,1524,0.14888350269205172
132,1386,1518,0.1488996687970857
126,1387,1513,0.1489135713244326
128,1396,1524,0.14894159193722595
130,1395,1525,0.14896287885011747
133,1387,1520,0.14897656176694846
133,1389,1522,0.14898114429127612
129,1389,1518,0.14898547740203213
131,1392,1523,0.14899890088442522
128,1394,1522,0.14900783567775033
132,1397,1529,0.14902288910345363
126,1391,1517,0.14902674742264602
128,1378,1506,0.149045587084057
129,1375,1504,0.14905872836460257
131,1391,1522,0.1490683182282851
130,1391,1521,0.1490726051212873
130,1387,1517,0.14907984354927117
129,1397,1526,0.14908547322624563
127,1388,1515,0.14909473387398905
128,1401,1529,0.14910900676518946
127,1403,1530,0.14912020381109198
125,1401,1526,0.14913353141504937
123,1410,1533,0.14915013397512353
121,1410,1531,0.14917092208218638
120,1409,1529,0.14919592983533936
117,1413,1530,0.14922070296259066
118,1406,1524,0.14924983254139088
119,1398,1517,0.1492742105041657
118,1411,1529,0.1492937479653073
120,1415,1535,0.14931452914834623
115,1409,1524,0.1493292006985094
114,1401,1515,0.14935577153252327
116,1407,1523,0.14938275424143918
114,1405,1519,0.1494035813916203
115,1397,1512,0.14942698796250434
117,1402,1519,0.14944676904959592
117,1403,1520,0.14945981193747812
115,1409,1524,0.1494725774549745
113,1410,1523,0.14948980712272064
113,1402,1515,0.14951193460648565
111,1391,1502,0.14953317163693206
112,1390,1502,0.14955808720542393
113,1399,1512,0.14957886242958415
115,1392,1507,0.14959495314764623
116,1392,1508,0.14960351230121155
112,1397,1509,0.14960875199936752
114,1406,1520,0.14962272119055814
115,1410,1525,0.1496317402071713
113,1401,1514,0.14963699010176562
112,1390,1502,0.1496462605610221
114,1387,1501,0.14965803625865118
114,1394,1508,0.14966292334847744
116,1399,1515,0.1496676282490845
116,1392,1508,0.1496665843732671
116,1390,1506,0.1496656430222763
113,1383,1496,0.14966317604318133
112,1392,1504,0.14966965038298807
109,1385,1494,0.1496790396802857
109,1401,1510,0.14969619408981896
110,1397,1507,0.14971250283984486
108,1409,1517,0.14972475669813182
106,1414,1520,0.14974047733911983
102,1409,1511,0.14975927224255198
103,1420,1523,0.14978704954859345
107,1412,1519,0.14981079012463067
108,1425,1533,0.14982320527762646
102,1424,1526,0.14983278658378132
105,1420,1525,0.14985602940616535
103,1412,1515,0.14987086379307601
101,1421,1522,0.14988963644896358
99,1429,1528,0.14991167824631405
101,1430,1531,0.149937266446603
95,1420,1515,0.1499568425894771
99,1423,1522,0.14998939553038204
99,1419,1518,0.15001029524162124
101,1402,1503,0.1500298316424603
98,1389,1487,0.15004324834369914
98,1412,1510,0.15006269925746168
96,1425,1521,0.15008075342440796
95,1424,1519,0.15010367513432635
99,1406,1505,0.15012681802504083
102,1409,1511,0.15013747260114116
101,1411,1512,0.1501402176589438
99,1408,1507,0.15014617530613544
102,1404,1506,0.15015562353613623
97,1410,1507,0.15015691891736502
99,1409,1508,0.15017067753814628
98,1420,1518,0.15017867581913322
99,1419,1518,0.15018929089260843
101,1427,1528,0.15019787771170476
99,1431,1530,0.15020151688395916
102,1425,1527,0.1502104029872527
100,1414,1514,0.15021071015807463
100,1420,1520,0.15021648743509838
101,1408,1509,0.15022266424334457
102,1401,1503,0.15022518815135083
102,1423,1525,0.15022529710432642
102,1417,1519,0.1502255567088239
99,1418,1517,0.15022660031652202
99,1421,1520,0.15023421104647527
100,1412,1512,0.1502424763742105
98,1405,1503,0.15024753325511417
97,1406,1503,0.15025776597464108
98,1411,1509,0.15026867115807074
98,1406,1504,0.15027723280469651
99,1411,1510,0.15028491417899154
98,1425,1523,0.15028977491673806
96,1426,1522,0.15029736599346002
95,1415,1510,0.15030854612260117
95,1421,1516,0.15032058442848442
95,1412,1507,0.15033271457327196
98,1406,1504,0.15034427745575993
94,1413,1507,0.15034708852391554
97,1414,1511,0.15035974125805096
94,1413,1507,0.15036427559182403
93,1415,1508,0.1503752150958685
92,1427,1519,0.15038872261207195
92,1416,1508,0.15040425942313537
93,1414,1507,0.1504188362805616
94,1405,1499,0.1504300095267608
94,1410,1504,0.15043791415665944
94,1405,1499,0.15044504891315655
94,1417,1511,0.15045277121627965
94,1415,1509,0.15045936414087957
95,1416,1511,0.1504660440909146
94,1408,1502,0.15046895530372584
94,1414,1508,0.15047463004865755
95,1422,1517,0.1504786075988119
92,1440,1532,0.15048026349096794
89,1419,1508,0.15049040927109467
92,1423,1515,0.15050699617217733
94,1424,1518,0.1505161797663344
94,1413,1507,0.15051991118189775
91,1429,1520,0.15052291902578474
88,1435,1523,0.15053285198706207
88,1431,1519,0.1505487647197823
87,1419,1506,0.15056408455667708
91,1425,1516,0.15058151005570625
90,1416,1506,0.1505866862841676
91,1422,1513,0.15059358179388685
90,1429,1519,0.15059743721568142
90,1429,1519,0.15060343591980774
91,1411,1502,0.1506087482627132
91,1414,1505,0.15061179149211879
94,1418,1512,0.1506144662468546
93,1434,1527,0.15060987297084727
93,1421,1514,0.1506069991620209
91,1433,1524,0.1506031157486099
91,1425,1516,0.15060542740488359
89,1421,1510,0.15060861595346978
89,1421,1510,0.1506166761407516
88,1428,1516,0.15062361199871188
84,1424,1508,0.15063256314641155
85,1413,1498,0.15064989047576988
86,1424,1510,0.15066440715783005
86,1432,1518,0.15067629060920648
88,1425,1513,0.15068798522340043
89,1429,1518,0.15069332010734762
90,1440,1530,0.15069535673153553
84,1425,1509,0.15069597003345805
84,1412,1496,0.15071019192462537
85,1421,1506,0.15072501756437703
88,1419,1507,0.1507363842985381
88,1420,1508,0.15073868484488642
85,1417,1502,0.15074162349006856
85,1412,1497,0.15075197829161632
87,1414,1501,0.15076186782335677
86,1431,1517,0.1507668655635341
84,1433,1517,0.1507742539227317
86,1439,1525,0.15078562602700488
87,1433,1520,0.15079131293594492
87,1429,1516,0.15079471105003125
87,1418,1505,0.15079670073555473
85,1427,1512,0.15079791485456578
86,1418,1504,0.1508042569495061
84,1418,1502,0.1508084208502944
88,1419,1507,0.15081651789621436
88,1418,1506,0.15081461057011009
90,1425,1515,0.15081351479550242
89,1432,1521,0.15080836047691676
88,1430,1518,0.150804697028748
85,1428,1513,0.1508035658498804
84,1427,1511,0.1508095861796339
87,1418,1505,0.15081537485365382
85,1427,1512,0.15081382070936672
85,1425,1510,0.15081799310270694
85,1430,1515,0.15082126437938248
85,1428,1513,0.15082526018977532
84,1428,1512,0.15082911350913838
86,1433,1519,0.15083456313742855
86,1444,1530,0.15083436989419619
84,1444,1528,0.1508350895499169
83,1439,1522,0.15084022878434195
85,1448,1533,0.15084839466108937
85,1446,1531,0.15085191753044264
85,1440,1525,0.1508553783741288
83,1431,1514,0.15085861190860286
81,1435,1516,0.15086666294533763
78,1451,1529,0.15087932495803022
81,1451,1532,0.1508978234374021
77,1442,1519,0.15090794844367447
75,1453,1528,0.15092723750410506
73,1432,1505,0.15094964017143284
71,1433,1504,0.15097555493315684
71,1423,1494,0.15100473227952735
71,1427,1498,0.15103085387030035
71,1424,1495,0.1510550534589834
73,1435,1508,0.15107839753274566
72,1435,1507,0.15109540248297557
72,1448,1520,0.15111435435284024
71,1450,1521,0.15113175954077973
71,1443,1514,0.15115151550732742
70,1447,1517,0.15117065487898199
68,1446,1514,0.1511912868938422
69,1443,1512,0.1512145468160195
69,1437,1506,0.15123451583483846
70,1443,1513,0.15125366405868443
69,1453,1522,0.15126851221860738
68,1450,1518,0.15128522725791807
68,1453,1521,0.1513033192024866
67,1456,1523,0.15131915892118378
67,1447,1514,0.1513363047314127
71,1437,1508,0.15135287007667358
69,1425,1494,0.1513582790227137
70,1435,1505,0.15136856061980614
70,1440,1510,0.1513755129273325
69,1457,1526,0.15138057515782868
68,1460,1528,0.15138774864346416
68,1460,1528,0.1513969398550056
67,1462,1529,0.1514063501112424
67,1450,1517,0.15141799534927067
68,1450,1518,0.1514292306853597
70,1448,1518,0.15143772454072535
69,1436,1505,0.15144047553733958
67,1444,1511,0.15144421270234734
67,1444,1511,0.151452433608654
67,1443,1510,0.1514599851134364
65,1440,1505,0.1514668755029407
65,1441,1506,0.15147853982645054
66,1430,1496,0.15148938126433945
66,1430,1496,0.15149755835135326
66,1421,1487,0.15150528356798276
65,1431,1496,0.15151265631745306
68,1440,1508,0.15152240458380428
68,1440,1508,0.15152414816026988
66,1429,1495,0.15152608474429563
67,1430,1497,0.15153208818103742
67,1427,1494,0.15153580718726434
72,1430,1502,0.15153791678344417
69,1433,1502,0.1515271147015524
69,1431,1500,0.15152510964367827
68,1424,1492,0.15152373484381335
66,1427,1493,0.15152527457216536
67,1438,1505,0.1515317873471507
69,1448,1517,0.15153500205552498
70,1443,1513,0.15153313870099175
68,1457,1525,0.15152878447327492
68,1448,1516,0.15152969074935183
67,1462,1529,0.15153106527119709
70,1457,1527,0.15153507968652957
71,1455,1526,0.15153062329704586
72,1459,1531,0.15152487103509987
69,1448,1517,0.15151705893930525
68,1456,1524,0.1515170288630434
68,1450,1518,0.15151994410186606
67,1450,1517,0.15152238733414153
64,1464,1528,0.15152732881341932
66,1470,1536,0.15153904373151142
67,1453,1520,0.15154555786153007
66,1455,1521,0.15154878744420397
64,1461,1525,0.15155358060411023
64,1459,1523,0.15156327074024797
64,1454,1518,0.15157175395168995
67,1450,1517,0.15157963157722867
66,1458,1524,0.15157972500928923
66,1455,1521,0.15158257725807367
65,1454,1519,0.15158590609125427
64,1459,1523,0.15159161992461698
64,1451,1515,0.151599531401587
61,1447,1508,0.15160464760554146
61,1453,1514,0.1516162201138982
63,1459,1522,0.15162771480580603
62,1454,1516,0.15163349759893702
61,1453,1514,0.1516417569690522
62,1458,1520,0.15165216088444666
60,1443,1503,0.15165914760199684
62,1457,1519,0.15167088788316588
62,1456,1518,0.15167723592967794
61,1450,1511,0.15168276263155497
62,1454,1516,0.15169083242322765
60,1457,1517,0.15169583413640508
59,1438,1497,0.15170592037027342
59,1441,1500,0.15171730384573703
61,1448,1509,0.1517276401720567
60,1452,1512,0.15173070956420745
58,1453,1511,0.1517362947979126
58,1465,1523,0.1517467385030549
57,1472,1529,0.15175715892901678
59,1474,1533,0.15176975795016667
61,1468,1529,0.1517761545884146
58,1473,1531,0.15177722956320416
55,1473,1528,0.1517854399413171
56,1468,1524,0.15180060033287096
55,1471,1526,0.15181209936779616
56,1475,1531,0.1518255524279101
58,1455,1513,0.15183498692611852
59,1458,1517,0.151838183178761
57,1443,1500,0.15183951554827935
56,1452,1508,0.15184559013974502
57,1459,1516,0.15185400271216995
59,1447,1506,0.151858359087859
54,1456,1510,0.15185764702241897
54,1463,1517,0.15186948326653285
54,1464,1518,0.15188129569522194
54,1455,1509,0.15189241622899938
54,1465,1519,0.15190383108387553
53,1460,1513,0.15191503503064158
51,1452,1503,0.15192755818014
55,1444,1499,0.15194331635765226
55,1453,1508,0.1519488808377943
56,1451,1507,0.15195449233390168
53,1448,1501,0.15195718370598907
52,1447,1499,0.15196695210242359
52,1449,1501,0.1519787108734108
52,1463,1515,0.15198921547461308
49,1467,1516,0.1519995091126431
50,1465,1515,0.1520163323044442
51,1473,1524,0.15202902362190124
53,1459,1512,0.1520380451786243
54,1458,1512,0.15204138550374519
53,1463,1516,0.15204339448578724
54,1463,1517,0.15204821191774306
52,1467,1519,0.15204987696066355
55,1447,1502,0.1520563857760778
54,1455,1509,0.15205309824997876
55,1448,1503,0.15205254901791038
54,1461,1515,0.1520497318606526
55,1466,1521,0.15204994268364427
53,1451,1504,0.15204739586722382
52,1454,1506,0.15205024526020533
53,1453,1506,0.15205420546019735
53,1471,1524,0.15205458126361415
53,1474,1527,0.15205486110523522
53,1462,1515,0.15205572173112405
54,1467,1521,0.1520564833706817
53,1465,1518,0.15205491310872518
52,1462,1514,0.1520556475931205
47,1459,1506,0.1520593722939033
46,1457,1503,0.15207485852848318
48,1455,1503,0.15209209940873977
47,1446,1493,0.15210395235513144
47,1453,1500,0.15211631459706554
48,1464,1512,0.1521283900540106
49,1460,1509,0.15213698256566602
49,1464,1513,0.15214189295812136
50,1479,1529,0.15214703347706435
49,1465,1514,0.152149457607388
49,1472,1521,0.15215340412371328
48,1470,1518,0.152157740753693
48,1464,1512,0.15216340642783713
49,1477,1526,0.15216874397546243
49,1475,1524,0.1521717852820749
49,1471,1520,0.15217456548924696
49,1461,1510,0.15217764623631197
47,1457,1504,0.15218094763825582
45,1458,1503,0.15218930037035558
46,1454,1500,0.1522021187434648
45,1465,1510,0.1522113377247917
47,1466,1513,0.15222255884985958
47,1470,1517,0.15222749992484275
47,1473,1520,0.15223164305526107
47,1480,1527,0.15223599101450444
46,1483,1529,0.15224047249964098
45,1482,1527,0.15224728861467465
43,1479,1522,0.15225563949477847
43,1486,1529,0.15226841222153084
45,1482,1527,0.152279659773062
47,1490,1537,0.1522848917330961
46,1485,1531,0.15228543885837337
47,1481,1528,0.15228870727378557
47,1481,1528,0.15228839204874023
44,1475,1519,0.15228780379550874
45,1467,1512,0.1522947537499758
43,1476,1519,0.15229944261283088
42,1477,1519,0.1523084591014845
41,1485,1526,0.15231975233599124
41,1480,1521,0.15233324289349248
40,1492,1532,0.15234533070739695
40,1488,1528,0.15236002097718376
42,1487,1529,0.15237401872465595
42,1488,1530,0.15238128174235624
45,1482,1527,0.15238841397878666
45,1473,1518,0.15238770684506517
45,1486,1531,0.15238741488518154
42,1468,1510,0.1523866289051318
42,1471,1513,0.15239321446348392
43,1484,1527,0.15239962405096233
42,1488,1530,0.15240294958427505
41,1482,1523,0.1524089804134891
41,1487,1528,0.15241617770453986
41,1478,1519,0.1524234037780014
41,1472,1513,0.15243049069352246
40,1486,1526,0.1524367075422748
42,1478,1520,0.1524447306504916
42,1471,1513,0.1524469929516964
39,1477,1516,0.1524495147804882
36,1478,1514,0.15245929971042432
39,1481,1520,0.1524762177198204
39,1474,1513,0.152484606691792
38,1464,1502,0.1524927424680193
38,1461,1499,0.15250285195449925
37,1471,1508,0.15251253227306175
38,1475,1513,0.15252383294738162
37,1470,1507,0.15253230791113154
38,1471,1509,0.1525426928409038
35,1462,1497,0.15254985302995652
35,1481,1516,0.15256369007212706
35,1472,1507,0.15257659467089446
35,1477,1512,0.15258813313975123
36,1496,1532,0.1525981691683824
37,1488,1525,0.15260468939200364
37,1493,1530,0.15260815847394818
37,1482,1519,0.15261187315607902
37,1486,1523,0.15261534824778422
38,1477,1515,0.15261750650894307
38,1474,1512,0.15261645620233452
37,1477,1514,0.15261441032735687
35,1495,1530,0.15261564689837537
34,1509,1543,0.15262254607026005
34,1504,1538,0.15263175334641008
35,1505,1540,0.15264087329620113
35,1490,1525,0.15264753666807235
35,1487,1522,0.15265288256271015
35,1474,1509,0.1526583780531893
33,1476,1509,0.1526631611336157
32,1475,1507,0.15267251124124073
34,1469,1503,0.1526840369471354
36,1474,1510,0.15268971431073422
36,1477,1513,0.15268840171171255
35,1478,1513,0.1526872516336371
34,1488,1522,0.15268940486807314
35,1476,1511,0.1526944071099196
35,1482,1517,0.1526971820348153
34,1482,1516,0.15270026108250606
34,1493,1527,0.15270601266068046
34,1492,1526,0.1527117735743775
34,1471,1505,0.15271614630180833
33,1475,1508,0.15272072803728765
32,1493,1525,0.15272772165881882
32,1494,1526,0.1527371560222818
30,1491,1521,0.15274631619991053
31,1491,1522,0.15276002707170297
30,1504,1534,0.1527699222465921
30,1490,1520,0.15278106814029352
31,1509,1540,0.15279181784637988
29,1493,1522,0.1527993596173115
29,1497,1526,0.15281163649068513
29,1494,1523,0.1528234426064548
28,1502,1530,0.15283441516302448
28,1493,1521,0.15284732649530508
25,1485,1510,0.15285967405145567
24,1473,1497,0.15287855515311696
26,1492,1518,0.1528987514440631
26,1488,1514,0.15291154260545142
27,1475,1502,0.15292384489288469
27,1491,1518,0.15293245583159526
26,1505,1531,0.15294086152946246
26,1509,1535,0.15295137388215976
25,1514,1539,0.1529607116100496
25,1514,1539,0.15297201663148172
25,1501,1526,0.1529826157154314
22,1491,1513,0.15299284289940757
23,1493,1516,0.15301023017659307
23,1507,1530,0.15302439000721968
23,1499,1522,0.15303782236825478
23,1501,1524,0.15305055333654174
23,1509,1532,0.1530626097113773
23,1496,1519,0.15307401868541742
22,1493,1515,0.1530848075704509
20,1491,1511,0.15309753093013434
20,1494,1514,0.15311420214348387
20,1495,1515,0.15312987842240905
19,1500,1519,0.15314461406652832
17,1491,1508,0.1531608652573394
17,1508,1525,0.1531806474502687
16,1504,1520,0.15319921816683607
16,1499,1515,0.15321891893914905
16,1491,1507,0.1532368469808176
15,1488,1503,0.1532537622429776
14,1482,1496,0.1532721448755685
14,1491,1505,0.1532918885919617
14,1500,1514,0.15331047953300955
15,1505,1520,0.15332797963398348
15,1492,1507,0.15334142985174168
17,1497,1514,0.1533541807142881
17,1493,1510,0.1533598694004013
16,1487,1503,0.15336550883160058
14,1495,1509,0.1533734702253234
14,1491,1505,0.15338592888281033
14,1495,1509,0.15339784165349749
14,1495,1509,0.1534092164940068
13,1485,1498,0.15342006388955626
13,1506,1519,0.15343265627176858
13,1504,1517,0.15344461592153874
12,1500,1512,0.15345596603170172
12,1501,1513,0.1534691427445876
12,1501,1513,0.15348161115463899
13,1505,1518,0.15349340344959175
13,1494,1507,0.15350134961944792
11,1504,1515,0.15350897943174657
11,1504,1515,0.15352108997598488
11,1504,1515,0.15353256872756169
11,1510,1521,0.1535434414821464
11,1498,1509,0.15355373397763025
12,1497,1509,0.15356347171709192
11,1500,1511,0.15356852472561694
10,1501,1511,0.1535759573309998
10,1515,1525,0.1535854182262955
10,1520,1530,0.15359449612498113
11,1518,1529,0.15360318800356482
11,1509,1520,0.15360873301387995
11,1509,1520,0.1536141277278119
11,1513,1524,0.15361935793886514
11,1498,1509,0.15362441320932338
10,1500,1510,0.15362928627889905
11,1497,1508,0.1536363169720955
11,1500,1511,0.15363979936624375
11,1495,1506,0.1536432632180608
11,1507,1518,0.15364668759734765
11,1504,1515,0.1536500553812478
11,1497,1508,0.15365242876900928
9,1486,1495,0.15365471688431157
9,1481,1490,0.1536624721311908
9,1495,1504,0.15366984294297725
9,1511,1520,0.15367684078046087
9,1508,1517,0.15368275146441518
9,1513,1522,0.153688460701556
9,1511,1520,0.15369396229571464
9,1513,1522,0.15369925254385886
8,1517,1525,0.1537043298438575
8,1514,1522,0.153711560443245
7,1512,1519,0.15371843666830937
7,1507,1514,0.15372726484668062
6,1493,1499,0.15373561964539867
7,1516,1523,0.153745707271492
7,1504,1511,0.1537524111109112
6,1515,1521,0.1537588200547283
6,1507,1513,0.15376732996412035
6,1509,1515,0.15377540433552914
6,1499,1505,0.1537830579827532
6,1508,1514,0.15379030636800006
7,1511,1518,0.15379716536308374
6,1506,1512,0.15380102042088456
6,1512,1518,0.1538069649421787
5,1505,1510,0.1538126235213102
6,1508,1514,0.15382030580089423
5,1507,1512,0.1538252007414709
4,1504,1508,0.15383230018072486
4,1506,1510,0.15384115997457384
5,1507,1512,0.1538495028481296
5,1481,1486,0.15385412776591942
5,1477,1482,0.1538585910785906
5,1510,1515,0.15386288811682503
5,1515,1520,0.15386701623564764
5,1520,1525,0.15387097448271958
5,1506,1511,0.15387476331185906
5,1508,1513,0.15387838433601686
5,1524,1529,0.15388184011465372
5,1524,1529,0.15388513397109277
5,1523,1528,0.1538882698359734
5,1523,1528,0.153891252113416
5,1521,1526,0.15389408556693046
5,1522,1527,0.15389677522247416
5,1530,1535,0.15389932628639053
4,1523,1527,0.15390174407624485
4,1524,1528,0.15390650590809848
4,1529,1533,0.15391099559694443
4,1519,1523,0.1539152275390776
5,1522,1527,0.15391921551469032
5,1519,1524,0.15391982154332584
5,1518,1523,0.15392049829205703
5,1529,1534,0.15392122922828405
5,1519,1524,0.15392200023238664
6,1503,1509,0.15392279928739835
6,1491,1497,0.15392043627905638
6,1492,1498,0.15391837684400514
6,1496,1502,0.15391658381024695
6,1506,1512,0.15391502449957606
6,1501,1507,0.15391367018385066
6,1506,1512,0.15391249560743994
5,1507,1512,0.1539114785677333
5,1519,1524,0.15391303570622403
5,1514,1519,0.15391456534426246
6,1509,1515,0.1539160609839552
6,1513,1519,0.15391487370156934
6,1514,1520,0.15391383179908455
6,1515,1521,0.15391291773995203
5,1515,1520,0.15391211611214614
5,1510,1515,0.1539139254127284
4,1503,1507,0.15391565385114575
3,1513,1516,0.15391962805732673
4,1510,1514,0.15392565825459656
4,1506,1510,0.153928223369452
4,1502,1506,0.15393074672784712
4,1507,1511,0.1539332160175029
4,1502,1506,0.15393562158355256
4,1493,1497,0.15393795602229096
4,1498,1502,0.15394021383103865
4,1504,1508,0.15394239110666064
4,1501,1505,0.15394448528625804
4,1501,1505,0.15394649492440035
2,1509,1511,0.15394841950200422
2,1512,1514,0.15395499509403782
2,1516,1518,0.15396119771715747
1,1515,1516,0.1539670459187421
1,1515,1516,0.15397505193664632
2,1520,1522,0.15398257350819405
2,1524,1526,0.15398702113061255
1,1523,1524,0.15399122836624585
1,1515,1516,0.15399750069952162
1,1522,1523,0.1540034145535521
1,1519,1520,0.15400898820323033
1,1520,1521,0.15401423931404237
1,1510,1511,0.15401918490993238
1,1502,1503,0.1540238413525206
1,1509,1510,0.15402822432971575
1,1516,1517,0.15403234885205427
1,1496,1497,0.15403622925534488
0,1508,1508,0.15403987920841467
