1362,27,1389,0.1357957837482142
1400,29,1429,0.13296636545756033
1429,33,1462,0.13028701584767563
1447,34,1481,0.12776681634908216
1440,34,1474,0.12542351001821547
1462,34,1496,0.12331445913448232
1452,32,1484,0.12133790137944869
1456,33,1489,0.11956855953901215
1454,35,1489,0.11795178194295108
1452,39,1491,0.11648391987347416
1437,40,1477,0.11515502646306547
1442,41,1483,0.11398339733012225
1455,41,1496,0.11290393119972172
1459,42,1501,0.11189193251942525
1460,40,1500,0.11096285515863542
1467,40,1507,0.1101151200730505
1456,40,1496,0.10932904099291114
1451,43,1494,0.10864065912386392
1441,41,1482,0.10802734100973038
1442,44,1486,0.10749493172945211
1454,43,1497,0.10700852826278417
1437,43,1480,0.10653798310744753
1434,45,1479,0.1061482809210729
1431,46,1477,0.10580270864325016
1433,49,1482,0.1054972151544645
1421,49,1470,0.10521728006903693
1423,50,1473,0.10499153825765709
1413,51,1464,0.10478072649155884
1419,54,1473,0.10461142141522427
1421,54,1475,0.10444340366594411
1425,56,1481,0.10428924834485223
1444,57,1501,0.10413948450005808
1442,59,1501,0.10396050650487616
1438,61,1499,0.10380374537288384
1447,59,1506,0.1036709489280375
1445,62,1507,0.10353024403230744
1433,63,1496,0.1034077690612355
1431,66,1497,0.10332363588495089
1447,70,1517,0.10325227671409991
1443,71,1514,0.10315213644383185
1431,68,1499,0.10307165433060449
1439,69,1508,0.10302635712287468
1433,67,1500,0.10296769287704417
1430,70,1500,0.10292765690570616
1429,67,1496,0.10289743461288647
1434,66,1500,0.10287422418289953
1408,68,1476,0.10284079305733154
1413,71,1484,0.10286930008741141
1406,72,1478,0.10288579653325768
1410,73,1483,0.10291776771375961
1414,75,1489,0.10293914825332699
1409,72,1481,0.10295137247732968
1405,71,1476,0.10297333203575136
1412,67,1479,0.10300300469531244
1409,71,1480,0.10301264290678101
1407,71,1478,0.10302918727840155
1414,71,1485,0.1030490513015372
1410,71,1481,0.10305179017400036
1417,74,1491,0.10306324787375791
1416,75,1491,0.10305623658837067
1410,72,1482,0.10305278001514147
1418,70,1488,0.1030638096165373
1415,68,1483,0.10305701444159591
1401,73,1474,0.10305703562140581
1405,74,1479,0.10308859143727375
1412,76,1488,0.10311038731177909
1401,74,1475,0.10311438947839269
1404,74,1478,0.10314229295785
1408,74,1482,0.10315952602267707
1413,75,1488,0.10316777358756239
1408,78,1486,0.10316280085531492
1413,79,1492,0.10317031372186633
1421,81,1502,0.10316672617252759
1398,79,1477,0.10314405327279327
1395,84,1479,0.10317503542633119
1400,85,1485,0.10321135701830596
1401,86,1487,0.10323579468297728
1393,86,1479,0.10325569261637862
1400,88,1488,0.10329297937890264
1408,85,1493,0.10331272812114559
1417,84,1501,0.103315408359604
1413,84,1497,0.1032982754154078
1421,85,1506,0.10329023038462834
1410,86,1496,0.10326094617084591
1420,90,1510,0.10326133416501722
1407,90,1497,0.10324060281746891
1405,89,1494,0.10325267818842011
1421,87,1508,0.103267692361236
1427,91,1518,0.10324406857959406
1424,92,1516,0.10320852833312522
1422,90,1512,0.10318349087212603
1423,90,1513,0.10316433889487044
1415,90,1505,0.10314632021820178
1405,90,1495,0.10314737856783669
1402,91,1493,0.10317300812310864
1389,90,1479,0.10320191021874044
1391,94,1485,0.10325866229225061
1394,95,1489,0.10330621657860181
1405,98,1503,0.103343557894597
1392,98,1490,0.10335320270724355
1398,98,1496,0.10339151154348233
1380,97,1477,0.10341396867642913
1381,99,1480,0.1034735555137533
1378,102,1480,0.10352878263040864
1386,104,1490,0.10358698546492356
1383,103,1486,0.10362232243129998
1382,101,1483,0.10366123942656566
1389,100,1489,0.10370021615477976
1404,96,1500,0.10372053549204079
1386,94,1480,0.1037053692857833
1393,89,1482,0.10373158920340982
1398,89,1487,0.10373803085685898
1386,89,1475,0.1037337846870372
1400,88,1488,0.10375816885489555
1406,86,1492,0.10374862447593568
1390,89,1479,0.10372645299309212
1401,94,1495,0.10374185745176429
1404,95,1499,0.10373126409217193
1388,94,1482,0.1037157524664066
1385,98,1483,0.10373698232347398
1386,99,1485,0.10376248739374799
1393,101,1494,0.10378492029922615
1383,102,1485,0.10379095670464494
1409,103,1512,0.10381712254831253
1413,103,1516,0.10378239303499313
1400,101,1501,0.10374153557987242
1403,102,1505,0.10373281464901968
1397,102,1499,0.10372028416674763
1392,101,1493,0.10372424242211281
1400,103,1503,0.10373899241411738
1380,106,1486,0.10373517398667648
1385,107,1492,0.10377751712208166
1374,107,1481,0.10380453425808564
1387,113,1500,0.10385432824111747
1386,117,1503,0.10387089121437221
1388,116,1504,0.10389039981695515
1385,117,1502,0.10390153103691852
1366,117,1483,0.1039213854662621
1377,119,1496,0.10398244701775862
1386,115,1501,0.1040145956116329
1367,120,1487,0.10402464232922252
1369,121,1490,0.10407703920853063
1374,121,1495,0.10412162546145501
1382,118,1500,0.10415103920595517
1367,120,1487,0.10416161129091765
1372,124,1496,0.10420220178957386
1377,125,1502,0.10422939048036359
1375,128,1503,0.1042423054750799
1374,126,1500,0.10425973463218821
1372,129,1501,0.10427808941059535
1367,130,1497,0.10429986684341841
1379,130,1509,0.10433258504897434
1375,131,1506,0.10433551357257775
1364,130,1494,0.10434525949829623
1368,132,1500,0.10437871213102454
1362,132,1494,0.10440141223106565
1370,127,1497,0.10443654051864062
1363,131,1494,0.10444921772538805
1358,136,1494,0.10447659902625016
1349,138,1487,0.10451444094565489
1358,139,1497,0.10456947724146079
1359,144,1503,0.10460271883131397
1374,142,1516,0.10463135488599491
1352,141,1493,0.10462321468072211
1361,140,1501,0.10466474702364334
1353,136,1489,0.10468360502133665
1353,136,1489,0.10471969773712445
1343,134,1477,0.10475632401032296
1342,129,1471,0.10481400627669911
1346,129,1475,0.10486792162924967
1348,131,1479,0.10490325451229345
1355,131,1486,0.10493055054973772
1347,136,1483,0.10494030083065933
1349,138,1487,0.10497067413327449
1344,134,1478,0.10499341103990999
1357,133,1490,0.1050274026379682
1350,131,1481,0.10502610101490475
1354,131,1485,0.10503917023506197
1359,128,1487,0.10504109861124128
1373,126,1499,0.10503142324492835
1359,124,1483,0.10499003701291293
1354,123,1477,0.10498330400925308
1368,119,1487,0.10498733007837466
1370,121,1491,0.10495812916961507
1381,123,1504,0.10492643451686533
1385,119,1504,0.10487318487756486
1374,118,1492,0.10481686682354492
1364,121,1485,0.10478903864078229
1368,125,1493,0.10478742827632401
1366,119,1485,0.10477692767399224
1372,118,1490,0.10477106939344488
1361,120,1481,0.10474980406418626
1367,121,1488,0.10475596062696989
1357,119,1476,0.10474805275331393
1363,120,1483,0.10476270825071556
1376,120,1496,0.1047641210145737
1373,124,1497,0.10473509998341526
1376,122,1498,0.10471465020838341
1373,124,1497,0.10468958718366714
1365,126,1491,0.10467206532440546
1352,126,1478,0.10467510946534637
1360,127,1487,0.10470728804917996
1355,129,1484,0.10471996224559582
1355,131,1486,0.10474618252537078
1358,130,1488,0.10476901314978271
1356,132,1488,0.104782975734508
1362,130,1492,0.10480097902920042
1358,128,1486,0.10480540167631863
1381,128,1509,0.10481814466611798
1368,125,1493,0.10477631318238156
1365,131,1496,0.10476730253248821
1364,133,1497,0.10476608675925154
1365,132,1497,0.10476722542618085
1365,136,1501,0.10476729746118803
1368,130,1498,0.10476904303235351
1372,131,1503,0.10476457108310065
1372,130,1502,0.10475024970295582
1358,131,1489,0.10473402272103954
1359,135,1494,0.10475343820214032
1371,132,1503,0.10477070065629715
1367,132,1499,0.10475941545148451
1354,134,1488,0.1047572127094164
1367,130,1497,0.10478652630799086
1367,129,1496,0.10478396073583539
1361,131,1492,0.1047818926690276
1349,135,1484,0.10479270281325885
1350,137,1487,0.10482796603443037
1339,137,1476,0.10485852495425153
1354,136,1490,0.10491032217619024
1360,137,1497,0.10492238084493337
1354,135,1489,0.10492093125635758
1364,138,1502,0.10493318812468694
1350,137,1487,0.10492519617376905
1346,140,1486,0.10494913743349855
1358,140,1498,0.10497917240127318
1346,138,1484,0.10498184182174847
1337,137,1474,0.10501033294532636
1351,137,1488,0.10505587518210105
1359,135,1494,0.10506494150390587
1369,130,1499,0.10505453322419989
1378,131,1509,0.10502013609589386
1367,133,1500,0.10496895304877697
1365,133,1498,0.10494592567738426
1372,132,1504,0.10493216016914672
1361,132,1493,0.1049024346124699
1370,131,1501,0.10490066593240592
1378,129,1507,0.10487881997118219
1366,128,1494,0.1048411286992819
1362,128,1490,0.10483254370489462
1374,131,1505,0.1048326379587727
1375,132,1507,0.10480627001195301
1363,131,1494,0.10478059006408437
1355,131,1486,0.10478355877912367
1358,129,1487,0.1048042583690148
1356,131,1487,0.10481932564417792
1360,131,1491,0.10483766495942923
1355,128,1483,0.10484748301555413
1352,126,1478,0.10486575061116259
1361,134,1495,0.10489093233891708
1359,133,1492,0.10489474916358166
1356,135,1491,0.10490102123903693
1353,137,1490,0.10491612614570861
1349,134,1483,0.10493543109575441
1350,133,1483,0.10496401994307122
1344,132,1476,0.10498631697780128
1344,130,1474,0.10502046963146312
1348,126,1474,0.105049802368526
1351,119,1470,0.10506786805226341
1343,124,1467,0.10507555500414746
1343,126,1469,0.10510006110698301
1348,131,1479,0.10512273367205659
1357,133,1490,0.10513084387601258
1366,137,1503,0.10511845113324718
1359,142,1501,0.10508870292299495
1349,145,1494,0.10507772245263598
1352,143,1495,0.10509032108742304
1352,138,1490,0.10509590698042441
1359,142,1501,0.10510116361959501
1352,148,1500,0.1050910410009018
1348,146,1494,0.10509859401072347
1353,146,1499,0.1051154113108938
1354,144,1498,0.10512000467780101
1361,143,1504,0.10512120056607038
1346,146,1492,0.1051075977987785
1349,147,1496,0.10512886995343415
1342,146,1488,0.10514316608099294
1356,144,1500,0.10517187576496219
1340,140,1480,0.10516680499610179
1333,146,1479,0.10519835196876165
1326,150,1476,0.10524490149423199
1338,152,1490,0.10530349232843367
1353,152,1505,0.10533223771050956
1358,150,1508,0.10532407927476033
1345,150,1495,0.10530652485876058
1344,152,1496,0.10531894587528717
1351,155,1506,0.10533160427323925
1361,151,1512,0.10532752406754653
1352,157,1509,0.10530146859236876
1363,153,1516,0.10529671145404407
1356,155,1511,0.1052684686139699
1332,156,1488,0.10525998253956477
1313,157,1470,0.10530635613160673
1317,156,1473,0.10539175494862904
1327,159,1486,0.10546208117296584
1315,160,1475,0.10550431333814447
1316,162,1478,0.1055695329152157
1323,161,1484,0.10562816392103638
1329,157,1486,0.10566572059311773
1333,157,1490,0.10568685948723999
1326,155,1481,0.1056946233910827
1333,156,1489,0.10571731106565534
1326,165,1491,0.10572066114063118
1333,165,1498,0.10574309559036743
1345,164,1509,0.10574739742670232
1345,158,1503,0.10572463456776206
1340,163,1503,0.10570413207338754
1337,171,1508,0.10569818884038298
1336,174,1510,0.1057006477574431
1322,173,1495,0.10570486665046908
1318,173,1491,0.10574092789686002
1325,174,1499,0.10578580194521325
1326,173,1499,0.1058107840474442
1310,173,1483,0.10583182183390218
1308,175,1483,0.10588904630624196
1309,172,1481,0.10594691428775266
1307,179,1486,0.10599614757598327
1301,188,1489,0.10604844932967562
1304,185,1489,0.10611063355852501
1308,184,1492,0.1061603255383429
1303,189,1492,0.10619898637443864
1294,185,1479,0.1062449346002159
1278,193,1471,0.10630656850441503
1299,192,1491,0.10640271257034825
1300,196,1496,0.10644393242577464
1307,195,1502,0.10647889224317295
1312,193,1505,0.10649440248066196
1305,188,1493,0.10649708228594285
1293,186,1479,0.10651413514620683
1291,188,1479,0.10655672682797299
1292,186,1478,0.10660288932572876
1301,193,1494,0.10664352434636609
1302,195,1497,0.10665917575069127
1301,191,1492,0.10667179468862414
1303,193,1496,0.10668527808717913
1303,197,1500,0.1066930294451764
1308,195,1503,0.10670177937426796
1306,197,1503,0.10669898498903589
1303,199,1502,0.10670028676224125
1303,201,1504,0.10670975246736215
1304,202,1506,0.10672097967844206
1296,201,1497,0.10672917232557348
1294,205,1499,0.10675560214031013
1302,205,1507,0.1067829130487004
1306,205,1511,0.1067897947954868
1305,197,1502,0.1067886235461214
1303,192,1495,0.10679106414414638
1315,194,1509,0.10679475622948179
1302,197,1499,0.1067715904947194
1297,193,1490,0.10677988818094444
1297,200,1497,0.10680032569256952
1285,195,1480,0.1068175851308288
1283,198,1481,0.10686045701585355
1294,194,1488,0.10690653598496916
1299,195,1494,0.10692207989565354
1309,196,1505,0.10692386846442282
1312,196,1508,0.10690163313456973
1306,195,1501,0.10687393622210248
1305,191,1496,0.10686238302927485
1303,192,1495,0.10685530538509895
1308,187,1495,0.10685569599164445
1324,193,1517,0.10684321241709757
1312,194,1506,0.10679543531255466
1303,187,1490,0.10677801129495677
1307,192,1499,0.1067851149195274
1298,195,1493,0.10678013319640715
1304,196,1500,0.10679874497692526
1298,201,1499,0.1068003164391978
1304,201,1505,0.10681464045654615
1302,198,1500,0.10681422132925433
1300,201,1501,0.1068197154010467
1288,202,1490,0.10682778857953133
1288,201,1489,0.10686254569096512
1285,203,1488,0.10689401185736823
1290,201,1491,0.10693020040524448
1290,197,1487,0.10695287828628569
1301,192,1493,0.10697491137193563
1318,192,1510,0.10697082410556195
1309,195,1504,0.10692334730533501
1304,191,1495,0.10690149382624557
1304,194,1498,0.10689397604451935
1312,196,1508,0.10688810374182907
1313,197,1510,0.10686499322254762
1314,198,1512,0.106842510081364
1310,197,1507,0.10681943114740884
1296,205,1501,0.10680943419343521
1291,208,1499,0.10683085290816191
1287,207,1494,0.10686265725542206
1287,209,1496,0.10690207123247818
1282,212,1494,0.10694154990519861
1283,217,1500,0.1069893280835382
1277,220,1497,0.10703347585478784
1285,214,1499,0.10708917726500576
1275,217,1492,0.10712211283077601
1272,217,1489,0.10717198734474799
1269,208,1477,0.10722641073975532
1276,214,1490,0.10728271563175645
1273,213,1486,0.10731852443894453
1276,213,1489,0.10735880367030509
1279,210,1489,0.10738912685411969
1267,218,1485,0.10740918942872409
1272,220,1492,0.10745597850498158
1266,231,1497,0.10748900447956941
1266,232,1498,0.10753523288908554
1270,229,1499,0.10757767352280485
1270,228,1498,0.10760647742301767
1273,230,1503,0.10763461146963266
1265,230,1495,0.10765343775707649
1265,240,1505,0.10768876321756096
1260,239,1499,0.10772445220236586
1255,240,1495,0.10777110908806155
1259,239,1498,0.10782670694432644
1247,237,1484,0.10786767708629487
1246,240,1486,0.1079309365872713
1249,245,1494,0.10799021557697301
1249,241,1490,0.10803694612782114
1248,239,1487,0.10808084496590084
1240,243,1483,0.10812176290347829
1242,245,1487,0.10817898487049153
1243,248,1491,0.10822906463385017
1245,251,1496,0.10827126007207932
1246,252,1498,0.1083071302467075
1242,247,1489,0.10833844210445515
1248,254,1502,0.1083777592876563
1246,253,1499,0.10840146010837938
1238,253,1491,0.10842893888774142
1232,261,1493,0.10847337143558669
1225,262,1487,0.1085282392474456
1228,262,1490,0.10859591624816708
1233,266,1499,0.10865225851969179
1214,266,1480,0.10869431314489217
1235,265,1500,0.10877612563516419
1231,260,1491,0.10880308399767288
1235,257,1492,0.10883694222579607
1230,258,1488,0.10885989996892186
1217,257,1474,0.10889074822234387
1213,264,1477,0.10894643032621712
1202,267,1469,0.10901006541085381
1200,263,1463,0.10909343191785265
1215,265,1480,0.10917329259525736
1214,260,1474,0.10921376085820621
1220,265,1485,0.10925512208772542
1218,264,1482,0.10927970132979063
1220,266,1486,0.10930590529666788
1216,263,1479,0.1093247247810197
1222,256,1478,0.10934879357928237
1207,260,1467,0.10935544218267734
1202,258,1460,0.10939647703007183
1214,265,1479,0.1094466042237395
1226,270,1496,0.10946287312179961
1227,265,1492,0.109453759437779
1234,267,1501,0.10944556474531154
1237,259,1496,0.10942315281740517
1242,254,1496,0.10939769028541711
1249,257,1506,0.10936147811126673
1242,259,1501,0.10930956714623637
1241,261,1502,0.1092776371724846
1252,258,1510,0.10925152689750256
1241,260,1501,0.1092023929630252
1240,263,1503,0.10918129226157688
1246,258,1504,0.10916499665172111
1250,258,1508,0.10913507433023384
1238,256,1494,0.10909976050902453
1233,256,1489,0.1090947898109274
1239,257,1496,0.10910435878462656
1234,255,1489,0.1090966431257316
1239,259,1498,0.10910102444475844
1237,257,1494,0.10909314728160338
1229,254,1483,0.10909195512224207
1238,257,1495,0.10910991779341646
1230,257,1487,0.10910840194953231
1225,258,1483,0.1091247339828821
1238,261,1499,0.10915066759681906
1245,262,1507,0.10914441303881976
1243,265,1508,0.10912251624973017
1220,265,1485,0.10910815412159419
1228,272,1500,0.10914758147359858
1218,268,1486,0.10916571730550766
1230,268,1498,0.10920559928192418
1240,269,1509,0.10921569053987853
1251,269,1520,0.10920349565989852
1244,270,1514,0.10916763902535283
1230,269,1499,0.10915018193128245
1246,272,1518,0.10916546346617188
1236,267,1503,0.10914424754810007
1241,273,1514,0.10914967736697306
1227,274,1501,0.10914181149061158
1227,278,1505,0.10916874889010979
1228,287,1515,0.1091943601635975
1217,288,1505,0.10921593165285763
1207,289,1496,0.10926007087010142
1218,293,1511,0.1093259199014791
1217,298,1515,0.10936147532415155
1208,304,1512,0.10939416860338165
1204,305,1509,0.10944788746551457
1200,304,1504,0.10950667890271552
1193,308,1501,0.10957294489850135
1198,304,1502,0.10965166681759209
1181,305,1486,0.10971423619229145
1190,310,1500,0.10980912666066085
1198,308,1506,0.10987892016492135
1171,310,1481,0.10992703667540348
1188,306,1494,0.11003224875228333
1185,306,1491,0.11009104250540862
1167,312,1479,0.1101520742449639
1169,310,1479,0.11024797769023266
1160,307,1467,0.11033329439221937
1174,310,1484,0.11043210743425867
1181,312,1493,0.11049256429054022
1181,319,1500,0.11053219411240367
1178,320,1498,0.11057046065915496
1174,318,1492,0.11061062417673856
1176,328,1504,0.11066018157214474
1185,322,1507,0.11070093410950661
1171,329,1500,0.11071482687843201
1180,329,1509,0.11076025449820395
1168,332,1500,0.11078393685042631
1183,324,1507,0.11083562355430533
1185,328,1513,0.11084954802561668
1183,330,1513,0.11085857847306248
1177,326,1503,0.11087147914151267
1175,326,1501,0.11089698621896078
1183,325,1508,0.11092582500594292
1175,329,1504,0.11093420187108025
1177,323,1500,0.11096009479278733
1185,330,1515,0.11098157233034563
1182,340,1522,0.11098349376940876
1167,341,1508,0.11099306927190306
1158,345,1503,0.1110379190972926
1157,342,1499,0.11110081981211781
1148,348,1496,0.11116212032882028
1157,343,1500,0.11123908786354057
1162,341,1503,0.11129078305271314
1160,343,1503,0.11132623171216864
1161,343,1504,0.11136387324006908
1164,342,1506,0.11139596920061642
1164,343,1507,0.1114189844735229
1158,344,1502,0.11144086143261442
1162,340,1502,0.11147491697728157
1151,345,1496,0.11149930237641445
1135,354,1489,0.11154629546359864
1147,362,1509,0.11162533462608872
1142,356,1498,0.11167029785232511
1151,357,1508,0.1117238026045927
1137,368,1505,0.11175504757389286
1124,369,1493,0.11181543040507794
1129,368,1497,0.11190070997869929
1122,361,1483,0.11196683298023434
1118,366,1484,0.11204286902978891
1117,372,1489,0.11212297170071767
1119,377,1496,0.1121981832579469
1117,381,1498,0.1122610330908103
1122,374,1496,0.1123243879793339
1129,374,1503,0.11237375516032672
1127,376,1503,0.11240424945596118
1118,381,1499,0.11243514115519634
1119,379,1498,0.11248603112163064
1122,378,1500,0.11252882496939769
1126,373,1499,0.1125646831097317
1130,372,1502,0.1125909762802387
1129,371,1500,0.11260470952910201
1131,377,1508,0.11262127160030692
1122,379,1501,0.11263086116083375
1123,376,1499,0.11265957130543758
1127,370,1497,0.11268361985342096
1136,369,1505,0.11269445699546164
1146,372,1518,0.11268366664977578
1134,376,1510,0.11265190702132662
1124,371,1495,0.11265187182889949
1127,374,1501,0.11267483770265484
1125,372,1497,0.11268878209407682
1130,374,1504,0.11270659121262129
1134,370,1504,0.11270881055045814
1130,373,1503,0.11270524191657824
1133,376,1509,0.11271215208958321
1116,370,1486,0.11271086237313041
1108,365,1473,0.11274907626998316
1113,370,1483,0.11280217785948057
1111,379,1490,0.11283727509527253
1114,379,1493,0.11287382214165277
1123,377,1500,0.11290010627569
1126,383,1509,0.11290286044755839
1136,382,1518,0.11289789114895296
1120,385,1505,0.11287188116035402
1126,387,1513,0.11288686855574478
1119,395,1514,0.11288849917620639
1114,397,1511,0.11290715316677051
1115,393,1508,0.11293773056212655
1110,397,1507,0.11296523828257564
1100,396,1496,0.1130024463177087
1109,397,1506,0.11306107467452634
1096,395,1491,0.11309473203770408
1093,402,1495,0.11315553299581282
1087,399,1486,0.11322058843025218
1085,402,1487,0.11329446750913628
1084,396,1480,0.1133673262689289
1078,407,1485,0.11343699259375534
1078,411,1489,0.11351389926018202
1073,417,1490,0.11358423332874173
1076,415,1491,0.11366262399945208
1079,419,1498,0.11373024196822129
1088,416,1504,0.11378605855111643
1088,414,1502,0.11381730462343892
1084,415,1499,0.1138458960013436
1083,408,1491,0.11388015735535817
1081,411,1492,0.1139107100279093
1063,414,1477,0.1139443572614378
1064,418,1482,0.1140178330841675
1078,414,1492,0.1140859423493076
1086,423,1509,0.11411475057035457
1088,420,1508,0.114124352757004
1081,424,1505,0.11412955382383587
1082,419,1501,0.11415044445448057
1087,422,1509,0.1141671741586442
1088,423,1511,0.11417238944147819
1085,428,1513,0.11417716170222814
1074,420,1494,0.11418903012110765
1060,416,1476,0.11422512148167328
1067,429,1496,0.11429077952053616
1063,423,1486,0.11433695228655787
1076,424,1500,0.11439011545100332
1085,427,1512,0.11440845995229675
1076,431,1507,0.11440447577097804
1076,441,1517,0.11442214868668557
1067,444,1511,0.11443993882534638
1060,450,1510,0.11447600994089631
1056,450,1506,0.1145291874691945
1062,443,1505,0.11458935085595291
1043,439,1482,0.11463332522077019
1039,438,1477,0.11471577097975025
1044,441,1485,0.11480160561748252
1034,445,1479,0.11486944615047723
1032,454,1486,0.11495459805082503
1033,456,1489,0.11503769998430678
1041,454,1495,0.11511391599541579
1053,455,1508,0.11516573511395745
1056,459,1515,0.11518655725492012
1048,458,1506,0.1151961116403424
1044,463,1507,0.11522506167532433
1055,459,1514,0.11526381380015552
1044,467,1511,0.11527508371675811
1036,460,1496,0.11531208842386198
1038,463,1501,0.11536559810628523
1035,460,1495,0.1154110625796881
1049,460,1509,0.11546087078799758
1047,456,1503,0.11547359431391845
1039,456,1495,0.11549099787267536
1045,463,1508,0.11552509946252605
1038,465,1503,0.11554108473078299
1037,471,1508,0.11557371107348172
1034,466,1500,0.11560800259049771
1039,470,1509,0.11564587107727699
1038,471,1509,0.11566994470384277
1041,468,1509,0.11569518481029302
1033,470,1503,0.11571040434761395
1029,472,1501,0.11574285367779474
1027,467,1494,0.11578484926070792
1016,479,1495,0.11583016953298682
1022,478,1500,0.11589453277634945
1024,472,1496,0.11594069394805398
1032,478,1510,0.11598055915384499
1013,482,1495,0.11599863265585895
1006,487,1493,0.11605916767048159
1004,485,1489,0.11613149175447307
1020,493,1513,0.11620510069821069
1008,492,1500,0.11623660772899402
1018,493,1511,0.1162932721832376
1022,494,1516,0.11632375674878812
1021,486,1507,0.11634302872165651
1010,495,1505,0.11636388075826253
1010,491,1501,0.11640874230124762
1020,496,1516,0.11645227862955128
1014,494,1508,0.11646953344881027
1008,498,1506,0.11649930969062622
1004,495,1499,0.11654126798411894
1003,495,1498,0.11658752667808717
994,506,1500,0.11663325554804985
1008,504,1512,0.11669642386271878
992,507,1499,0.1167248580505207
990,504,1494,0.11678712481513916
983,503,1486,0.1168503666689313
971,508,1479,0.11692478555529774
978,513,1491,0.1170228317894919
990,517,1507,0.11709916782391491
985,518,1503,0.11714289185063077
990,510,1500,0.11719432802486039
998,513,1511,0.11722743490754425
979,520,1499,0.11724158357181516
983,527,1510,0.11729922288338718
987,525,1512,0.1173469109367776
992,525,1517,0.11738392823169772
985,526,1511,0.11740847355868154
970,536,1506,0.11744552738938933
965,539,1504,0.11751278234293522
967,547,1514,0.11758825298934034
962,537,1499,0.11765675695161494
963,531,1494,0.11773279535429527
955,539,1494,0.11780071152014104
951,540,1491,0.11788079607391445
961,543,1504,0.1179623159057655
957,552,1509,0.11801612821535043
950,551,1501,0.11807466703077012
946,548,1494,0.11814614958625015
946,560,1506,0.1182223391997745
943,562,1505,0.11829343260372983
949,568,1517,0.11836634305065327
938,566,1504,0.11842046283412784
942,573,1515,0.1184967316675142
940,573,1513,0.11855638557908683
939,583,1522,0.11861831714437314
939,575,1514,0.1186804505317884
938,579,1517,0.11874111447655639
933,581,1514,0.11879985735245853
933,580,1513,0.1188642447812446
929,576,1505,0.11892453050963636
917,578,1495,0.11899108645156473
916,586,1502,0.11908161177547835
911,589,1500,0.11916760440407391
910,587,1497,0.1192592159402387
903,590,1493,0.11934781196205
911,593,1504,0.11944837521586224
899,593,1492,0.11952334980257014
894,599,1493,0.11961946514235837
892,603,1495,0.1197219327471819
892,601,1493,0.11982224273895266
895,607,1502,0.11991937295854907
899,614,1513,0.1200005406164615
891,617,1508,0.12006569118045654
888,602,1490,0.12014506732391535
885,604,1489,0.12022649880714127
887,607,1494,0.12030649982856559
880,604,1484,0.12037894538854524
875,613,1488,0.12046076630457034
868,619,1487,0.12054702526955322
880,625,1505,0.12064400277807075
881,626,1507,0.12070647435431439
886,623,1509,0.12076219597255865
885,621,1506,0.12080492215649014
887,610,1497,0.1208473022019547
889,609,1498,0.12088102767648425
881,613,1494,0.12090973686931097
877,616,1493,0.12095584560132788
880,608,1488,0.12100608906526421
881,617,1498,0.12104566119279227
876,612,1488,0.12108212289894167
879,619,1498,0.12112621208933536
879,633,1512,0.12116052652838949
875,631,1506,0.12119057091699549
876,638,1514,0.12122795398149229
875,636,1511,0.12126068688261672
876,633,1509,0.1212991095755962
874,637,1511,0.12133385644691956
873,636,1509,0.12137144880094292
876,637,1513,0.1214089554834996
867,645,1512,0.12143743221408573
875,646,1521,0.1214844636226216
875,642,1517,0.12151000177319865
870,638,1508,0.12153181367594351
864,637,1501,0.12156665965232528
869,628,1497,0.1216117440719431
868,633,1501,0.12164473652421641
865,644,1509,0.1216795271421866
857,642,1499,0.12171681697227756
862,641,1503,0.12177252972220078
863,653,1516,0.12181337606413259
861,650,1511,0.12184807076701587
860,640,1500,0.12188388060159934
859,641,1500,0.12192080117631036
851,641,1492,0.1219587099535001
852,651,1503,0.12201178151100382
854,644,1498,0.12205679915868327
849,643,1492,0.1220930337750391
861,646,1507,0.12213755589243157
854,646,1500,0.12214945180338592
846,644,1490,0.12217749618779962
841,651,1492,0.1222212226277783
851,643,1494,0.12227210887554785
839,647,1486,0.12229734974394414
831,651,1482,0.1223498194686186
829,662,1491,0.12242018097870126
822,671,1493,0.12248942577443703
824,675,1499,0.12257134320442517
813,676,1489,0.12264208921718367
823,682,1505,0.12273210773106456
817,682,1499,0.12279168799805397
819,683,1502,0.12286309044498665
811,682,1493,0.12292538603406243
814,692,1506,0.12300039635293039
810,700,1510,0.12306380037590024
810,695,1505,0.12313335357080639
815,693,1508,0.12319632203190078
816,687,1503,0.1232438343068915
815,704,1519,0.12328689354594444
803,710,1513,0.12333099654127447
796,712,1508,0.12340139372152054
811,714,1525,0.12348364925072375
799,722,1521,0.1235252405298485
786,718,1504,0.12359502505880354
779,724,1503,0.12369250628834592
763,734,1497,0.12379789389619504
768,738,1506,0.12393322302603538
769,741,1510,0.12404975806364227
765,744,1509,0.12415464122986024
762,741,1503,0.12425961563565434
767,746,1513,0.1243657546879749
773,750,1523,0.12445475986986207
760,748,1508,0.12452422695495365
756,750,1506,0.12461811415318795
752,750,1502,0.12471444544032387
750,754,1504,0.12481183124783221
755,756,1511,0.1249067615318431
752,756,1508,0.12498461894035814
742,760,1502,0.1250647803867083
743,771,1514,0.125162642240352
739,776,1515,0.12525351105548965
731,775,1506,0.12534744224967792
731,768,1499,0.1254560098316196
735,781,1516,0.12555784782509063
735,783,1518,0.12564159340909678
737,788,1525,0.12571972289196623
726,785,1511,0.12578780578961954
726,787,1513,0.12587893777933726
721,801,1522,0.12596431897610924
713,797,1510,0.1260540334487363
716,801,1517,0.1261564900029748
713,800,1513,0.12624480772723656
711,795,1506,0.12633361233242738
713,790,1503,0.12642123292860993
707,794,1501,0.12649539406978905
714,792,1506,0.1265799680278299
708,794,1502,0.1266428243751734
707,801,1508,0.12671469867927138
709,802,1511,0.12678288018293737
706,799,1505,0.1268427907588346
701,807,1508,0.12690511736050542
704,811,1515,0.12697618047152912
702,805,1507,0.12703840761149274
708,817,1525,0.12710222317011086
696,820,1516,0.12714583908137533
690,806,1496,0.12721433718159308
688,817,1505,0.127292491771842
689,814,1503,0.1273704994563856
681,817,1498,0.12744240869296175
686,814,1500,0.12752655781491076
689,813,1502,0.12759021026954082
681,820,1501,0.12764277971796975
685,819,1504,0.12770996049046177
671,810,1481,0.1277619677754081
679,813,1492,0.12784429505627612
675,819,1494,0.1279028560360635
672,825,1497,0.12796573136660164
674,826,1500,0.1280305582465497
675,839,1514,0.12808495454125501
676,834,1510,0.128134088079957
672,839,1511,0.12817755335933823
669,840,1509,0.1282300282085156
676,834,1510,0.12828825530043697
676,825,1501,0.12832656516014715
673,838,1511,0.12836257622615568
669,842,1511,0.12840246686136036
667,844,1511,0.12844875297209235
660,847,1507,0.12849823906185948
660,847,1507,0.12855900265565842
671,847,1518,0.12861635878034797
672,854,1526,0.12864300286730715
666,852,1518,0.1286673780291295
665,855,1520,0.12870574896227022
662,862,1524,0.12874599372928397
652,857,1509,0.12878935569423336
656,858,1514,0.12885409220715027
660,853,1513,0.12890616307984193
658,851,1509,0.12894498383797579
653,850,1503,0.12898469049127825
646,848,1494,0.1290337387158165
649,863,1512,0.12909597368030093
648,874,1522,0.1291463708589543
654,868,1522,0.12919424888507738
648,862,1510,0.1292243476633502
648,854,1502,0.12926384703837573
657,852,1509,0.1293005522596425
662,855,1517,0.12931299487824685
658,848,1506,0.1293136129046273
659,847,1506,0.12932281949476063
656,848,1504,0.1293292028126261
652,847,1499,0.12934327085493103
648,855,1503,0.12936335425723233
648,851,1499,0.1293929214802341
643,863,1506,0.12942089974026652
651,865,1516,0.129459125649067
645,867,1512,0.1294776451358971
642,870,1512,0.1295094787269814
644,866,1510,0.12954732629957433
647,861,1508,0.12957944980968475
645,858,1503,0.12959874424436107
653,859,1512,0.12962081386069857
645,863,1508,0.1296238628425078
640,867,1507,0.1296460870799987
631,866,1497,0.1296772663460568
632,867,1499,0.1297275616414534
637,867,1504,0.12977088165233502
626,862,1488,0.12979874832189955
624,851,1475,0.12985064358617518
626,864,1490,0.12990437475097083
621,868,1489,0.12995305229362117
616,867,1483,0.1300115073046357
619,876,1495,0.13007720444824594
621,869,1490,0.13013152386480548
622,875,1497,0.13017490241424207
615,885,1500,0.13020994827674595
615,891,1506,0.1302638094489547
614,889,1503,0.13031188897327517
614,899,1513,0.1303609588738187
613,912,1525,0.13040841243284448
607,902,1509,0.1304554515907987
608,909,1517,0.1305154359665978
609,909,1518,0.13056734757350574
612,909,1521,0.13061395943569912
602,907,1509,0.13065104119208557
599,911,1510,0.13071067262252367
586,912,1498,0.1307743488733911
584,911,1495,0.13086544044821288
583,919,1502,0.13095476472786305
587,914,1501,0.13104015998596108
591,918,1509,0.131108058724606
588,923,1511,0.1311601149579606
586,926,1512,0.13121375816436825
587,920,1507,0.1312701343553269
586,929,1515,0.13132018000348944
587,924,1511,0.13136937125841736
588,922,1510,0.1314123369875928
588,929,1517,0.13144978040690403
591,931,1522,0.131484784331789
591,928,1519,0.13151052898097418
585,924,1509,0.1315316286312371
586,922,1508,0.1315687663229601
579,920,1499,0.13160234305800098
580,922,1502,0.13165016562204
581,923,1504,0.13169138603350294
584,932,1516,0.13172900643203436
588,927,1515,0.13175545674806785
584,913,1497,0.13177325352002162
586,914,1500,0.13180066709399021
586,912,1498,0.1318224384885528
584,927,1511,0.131843141082034
580,927,1507,0.1318680776402777
574,929,1503,0.13190097575507365
569,937,1506,0.13194592844517708
563,922,1485,0.13200114622111336
571,929,1500,0.13206546801092592
575,935,1510,0.13210181603148263
567,937,1504,0.13212638928709214
562,948,1510,0.13216842521007588
561,941,1502,0.13222141110569263
563,934,1497,0.1322743335473735
558,931,1489,0.13232058114121587
555,925,1480,0.1323751880051507
552,948,1500,0.1324320779212841
554,951,1505,0.1324928176151104
563,952,1515,0.1325437983368548
554,961,1515,0.13256818262098405
556,961,1517,0.132611555853708
552,959,1511,0.1326469661548825
550,946,1496,0.13269099488322547
552,947,1499,0.13273616810587696
556,954,1510,0.13277313597307575
552,959,1511,0.1328008742910115
561,951,1512,0.13283862529975055
560,953,1513,0.13284998685338245
565,949,1514,0.13286214729507226
566,937,1503,0.13286109957941863
559,947,1506,0.1328600307906244
554,946,1500,0.13287484920534332
561,951,1512,0.13289981731427059
567,940,1507,0.13290800977321893
560,941,1501,0.13290125739066702
552,947,1499,0.13291115151520477
552,950,1502,0.1329404422011964
542,958,1500,0.13296721327757235
545,948,1493,0.13301551720510874
547,956,1503,0.13305330553883235
554,949,1503,0.1330850466107413
548,957,1505,0.13309864762043644
546,959,1505,0.13312747040884002
538,956,1494,0.13316010918258128
537,957,1494,0.13320898483113425
539,965,1504,0.1332569662410321
531,973,1504,0.13329813170008617
537,973,1510,0.13335510605252107
534,977,1511,0.13339420750368677
540,972,1512,0.13343397655797007
540,972,1512,0.13345548928633938
530,976,1506,0.13347813763295902
532,984,1516,0.1335253489508379
527,984,1511,0.13356499452397277
517,994,1511,0.13361362619781184
513,1000,1513,0.13368387376811317
513,995,1508,0.13376052991138912
511,993,1504,0.13383401515323615
517,996,1513,0.13390861414872368
519,1001,1520,0.13396344534664073
508,994,1502,0.13400777032118483
511,997,1508,0.1340760006130419
523,1004,1527,0.13413189698557168
521,1007,1528,0.1341504056153723
518,1001,1519,0.13417493650706536
516,1008,1524,0.13420577857866298
526,1008,1534,0.13423888310802432
523,1010,1533,0.13424661924527148
518,993,1511,0.13426241594048907
515,1001,1516,0.13428855730121772
506,1002,1508,0.13431960708895466
497,1003,1500,0.13437066404286016
489,1000,1489,0.1344380046391478
501,1003,1504,0.13451999031758033
500,988,1488,0.1345656757800048
497,979,1476,0.13461167767112034
498,980,1478,0.13466165468806618
506,986,1492,0.13470284281730463
507,980,1487,0.1347212263593606
516,987,1503,0.13474036251644572
516,985,1501,0.13473709937405418
507,984,1491,0.1347335046032689
498,994,1492,0.1347528202771766
494,995,1489,0.13479044102851745
499,992,1491,0.13483533125957853
494,995,1489,0.13486438645078766
500,1006,1506,0.1349049727458229
498,1002,1500,0.1349288943570397
504,1004,1508,0.13495676615641125
505,1001,1506,0.1349682002914877
511,998,1509,0.1349765328770626
501,998,1499,0.134970533006058
505,990,1495,0.13498904973061457
509,991,1500,0.13499257726655844
511,996,1507,0.13498841266679984
504,982,1486,0.13498117481585165
502,985,1487,0.13499110130851708
497,993,1490,0.13500726346078426
500,1007,1507,0.13503514159739097
494,1008,1502,0.1350525656912025
497,995,1492,0.1350838809572694
496,1005,1501,0.1351064853592525
496,1003,1499,0.1351286299793099
497,1013,1510,0.13515204339871698
489,1015,1504,0.13517046012887407
489,1027,1516,0.13520448747902886
498,1020,1518,0.13523735172333995
496,1014,1510,0.13524773531328513
499,1015,1514,0.1352618860657876
496,1010,1506,0.13526760979014396
495,1020,1515,0.13528036589940068
495,1013,1508,0.13529629505254534
492,1030,1522,0.1353123143660493
489,1025,1514,0.13533413222528967
477,1022,1499,0.13536230182394648
472,1023,1495,0.1354169959069621
475,1022,1497,0.1354790658774938
469,1030,1499,0.13552781333874198
465,1026,1491,0.13558687437688166
461,1036,1497,0.13565281465637155
465,1040,1505,0.1357226460078072
469,1039,1508,0.1357781918593644
467,1046,1513,0.13581880278685624
461,1034,1495,0.13586204231607824
467,1042,1509,0.13591638542602627
463,1040,1503,0.13595339336398904
463,1043,1506,0.13599873277709915
463,1039,1502,0.13604075974661323
461,1046,1507,0.13607998107865327
461,1045,1506,0.1361227051283979
461,1047,1508,0.13616080741085773
459,1048,1507,0.1361936378083033
461,1041,1502,0.13623217222659073
461,1044,1505,0.13626310984551016
458,1049,1507,0.136289517041883
452,1046,1498,0.13632145041237798
452,1047,1499,0.13636287982742626
447,1047,1494,0.13640348543465997
445,1051,1496,0.1364546895672028
442,1049,1491,0.1365089089178139
436,1062,1498,0.13656607441015525
449,1073,1522,0.13663306763923905
436,1078,1514,0.1366646068467107
433,1067,1500,0.1367254560544994
432,1068,1500,0.13679179380105863
443,1067,1510,0.13685435592498255
446,1090,1536,0.136886169840596
446,1081,1527,0.13691140840603974
441,1073,1514,0.13693421691817298
448,1068,1516,0.13696689910577198
444,1069,1513,0.13697949439375998
442,1067,1509,0.13700173260332335
437,1075,1512,0.13702941774983035
438,1090,1528,0.13706840556982125
440,1070,1510,0.13710319957993494
433,1086,1519,0.13712854401821634
427,1090,1517,0.1371707455718523
434,1084,1518,0.13722303629792376
432,1085,1517,0.13725544452052468
431,1089,1520,0.13728946234555234
441,1094,1535,0.13732289830989977
426,1090,1516,0.1373318822375344
421,1084,1505,0.13737577562027575
421,1077,1498,0.1374276339891554
434,1081,1515,0.13747739283375326
438,1084,1522,0.1374943028240631
426,1090,1516,0.13749885081968816
430,1087,1517,0.13753232334198348
423,1088,1511,0.1375525998441875
420,1083,1503,0.13758818213181495
426,1090,1516,0.1376273656080334
426,1088,1514,0.13765114078650012
424,1088,1512,0.13767460486949745
419,1108,1527,0.13770203000354644
422,1114,1536,0.1377393724857921
419,1114,1533,0.13776868352179902
416,1110,1526,0.1378034832393455
410,1106,1516,0.1378433276519252
411,1112,1523,0.13789599808619663
404,1109,1513,0.1379415745590871
398,1109,1507,0.13800121176204905
395,1118,1513,0.13807336422469257
390,1129,1519,0.13814746489226132
391,1125,1516,0.13822942627710827
385,1121,1506,0.13830275078924856
382,1117,1499,0.13838548904771578
384,1128,1512,0.13847038020477456
375,1126,1501,0.13854496568066246
378,1130,1508,0.1386350760226812
384,1119,1503,0.13871101493774682
379,1123,1502,0.138765181120862
373,1128,1501,0.1388286556915969
373,1127,1500,0.13890187191351633
373,1145,1518,0.13897028014003307
367,1147,1514,0.13903603791057054
364,1139,1503,0.13911017548309954
358,1148,1506,0.13918715962668757
356,1152,1508,0.13927458504487916
349,1148,1497,0.13935888274899433
351,1151,1502,0.13945565334848406
353,1156,1509,0.1395396180478846
353,1153,1506,0.1396106081931821
350,1152,1502,0.1396781395402015
350,1151,1501,0.13975028758319152
355,1149,1504,0.13981482489055347
352,1147,1499,0.13985955671296618
357,1162,1519,0.13990979518502944
348,1159,1507,0.13994627947406663
347,1161,1508,0.1400009672799867
347,1166,1513,0.14005590553029432
345,1159,1504,0.14010653516739072
346,1172,1518,0.14015981755961435
353,1163,1516,0.14020880137005598
351,1167,1518,0.1402357484110721
350,1168,1518,0.1402678262669851
352,1165,1517,0.14030102698973707
356,1160,1516,0.1403244586464948
355,1169,1524,0.14033780314000566
347,1163,1510,0.14035456010269992
342,1160,1502,0.1403884378738822
348,1169,1517,0.14043226705178305
346,1166,1512,0.14045534029351023
344,1166,1510,0.14048380149320486
344,1166,1510,0.14051596269565897
342,1170,1512,0.14054613203686742
342,1168,1510,0.14058128458865585
337,1166,1503,0.14061552669306063
344,1171,1515,0.14065921276480092
348,1174,1522,0.14068281976467695
347,1173,1520,0.14069297507077355
347,1171,1518,0.14070486735262436
343,1164,1507,0.14071378726497946
336,1166,1502,0.14073355295294449
341,1162,1503,0.1407665176968997
344,1170,1514,0.14078658527091772
345,1164,1509,0.1407992400335436
343,1168,1511,0.140807474436068
344,1171,1515,0.14081873471843528
339,1165,1504,0.14082806135732157
343,1156,1499,0.14084954827806967
340,1172,1512,0.14086080425220907
337,1169,1506,0.14087671388877376
337,1173,1510,0.14089783645044687
342,1160,1502,0.1409172480391028
339,1166,1505,0.14092041838097905
340,1166,1506,0.1409330440558817
346,1164,1510,0.14094197441110834
346,1166,1512,0.14093316420483842
352,1167,1519,0.140923794781648
351,1159,1510,0.1409022177471089
354,1162,1516,0.1408839258306741
351,1151,1502,0.14085797374070202
350,1168,1518,0.14084218146160132
348,1164,1512,0.14083190804235884
353,1164,1517,0.14082830234417532
355,1171,1526,0.14081101453929606
359,1162,1521,0.1407924670855621
356,1159,1515,0.1407647062270199
354,1165,1519,0.1407460253656748
353,1175,1528,0.14073563853848248
352,1169,1521,0.1407257786521654
352,1178,1530,0.14072021813693672
348,1179,1527,0.14071508331533755
344,1171,1515,0.1407220247831174
344,1164,1508,0.1407375754002707
344,1157,1501,0.14075332631275334
339,1164,1503,0.1407690096606778
342,1170,1512,0.14079551175809119
343,1169,1512,0.14081381891934064
342,1174,1516,0.1408284886293275
340,1174,1514,0.14084682751992858
331,1177,1508,0.14087028918238656
329,1170,1499,0.14091315426900067
334,1180,1514,0.14095790362875862
334,1174,1508,0.14098696722891585
332,1177,1509,0.141013662431352
333,1173,1506,0.14104079117455443
331,1178,1509,0.14106306813031355
331,1179,1510,0.14108823922529315
336,1172,1508,0.14111195325761464
333,1181,1514,0.1411200650777123
330,1184,1514,0.14113537680945248
331,1188,1519,0.14115794744986437
337,1186,1523,0.1411765316958567
335,1192,1527,0.14118056602052992
342,1176,1518,0.14118981262129324
338,1168,1506,0.14118228226320056
331,1171,1502,0.14118426840597845
331,1179,1510,0.14120342063060295
331,1182,1513,0.1412216951394537
330,1188,1518,0.14123952962260009
330,1196,1526,0.14125881276968882
324,1176,1500,0.14127551818622713
320,1190,1510,0.1413059600793935
317,1197,1514,0.14134351417773336
310,1208,1518,0.14138619084844403
311,1206,1517,0.14144484332934146
306,1200,1506,0.14149669323462205
305,1206,1511,0.14155797060373293
306,1205,1511,0.1416186282269788
307,1206,1513,0.14167254941273147
304,1211,1515,0.1417219881994683
303,1207,1510,0.14177393627133988
302,1216,1518,0.1418257053795141
298,1219,1517,0.14187636330913203
296,1211,1507,0.14193222979117293
300,1213,1513,0.141990038644093
294,1219,1513,0.14203337180590625
298,1215,1513,0.1420884218313848
300,1219,1519,0.14213109329605822
293,1222,1515,0.1421635182321917
291,1210,1501,0.14221251454321013
291,1212,1503,0.14226466361700013
289,1218,1507,0.14231272853108556
290,1231,1521,0.14236214827896368
288,1226,1514,0.14240576233202065
287,1221,1508,0.14245302305159988
282,1227,1509,0.14249891881895016
277,1241,1518,0.14255325114338868
273,1239,1512,0.14261680691588868
275,1238,1513,0.14268690480640653
269,1233,1502,0.14274708643544204
268,1220,1488,0.1428165717495928
265,1225,1490,0.14288335019320364
263,1229,1492,0.14295150759945394
264,1247,1511,0.14301996565256625
259,1257,1516,0.14308248562235218
259,1249,1508,0.14315259204986597
262,1257,1519,0.14321822893211755
259,1249,1508,0.1432720563339715
265,1254,1519,0.1433300824939318
254,1257,1511,0.1433682705264663
262,1241,1503,0.14343061866897266
260,1247,1507,0.14346936667123844
262,1250,1512,0.14351204086585195
263,1249,1512,0.14354466796768958
264,1251,1515,0.1435711043709737
260,1253,1513,0.14359323996468037
260,1248,1508,0.1436251748571088
261,1260,1521,0.14365520768584877
257,1255,1512,0.14368208887615558
253,1256,1509,0.14371760412232007
241,1268,1509,0.14375644921270872
241,1261,1502,0.14382283381240185
239,1261,1500,0.14388638425739517
241,1270,1511,0.14395267791243777
241,1277,1518,0.14401002356547019
239,1276,1515,0.14406352857630217
237,1279,1516,0.14411780684824949
236,1256,1492,0.1441734664294664
235,1269,1504,0.14422706543139255
232,1280,1512,0.14427974713870292
233,1284,1517,0.14433641342664574
229,1294,1523,0.1443859689790582
223,1291,1514,0.14444381887463598
220,1276,1496,0.1445112954807054
220,1278,1498,0.14458285665694956
225,1279,1504,0.14464908795009582
223,1277,1500,0.144697118414553
223,1278,1501,0.14474766648486176
216,1287,1503,0.14479473815560295
212,1286,1498,0.1448576924198049
216,1284,1500,0.14492635943143153
212,1283,1495,0.14498156270516444
214,1295,1509,0.1450417263555102
212,1301,1513,0.14509373479025434
210,1291,1501,0.14514812308862754
204,1284,1488,0.14520429800712328
207,1295,1502,0.14527113526586216
210,1290,1500,0.14532557669547871
211,1291,1502,0.1453678955184265
209,1300,1509,0.1454058857845853
206,1286,1492,0.14544601912447114
207,1295,1502,0.14548755972456534
205,1301,1506,0.14552463373083352
205,1303,1508,0.1455626535142471
202,1304,1506,0.1455987905308832
203,1320,1523,0.14564172624460162
198,1318,1516,0.14567944459331503
194,1324,1518,0.14572863252690618
192,1322,1514,0.14578546289812092
189,1315,1504,0.14584207041317124
185,1320,1505,0.14590259314480503
184,1334,1518,0.14596820478247188
183,1333,1516,0.14603257823932636
178,1332,1510,0.1460948178879053
178,1334,1512,0.14616543692886533
172,1334,1506,0.14623317458332008
171,1327,1498,0.1463114878198281
174,1333,1507,0.14638824201408446
171,1341,1512,0.146452961798229
173,1332,1505,0.1465181074295978
172,1331,1503,0.14657345499069432
171,1334,1505,0.14662766308787537
173,1345,1518,0.14668127456595728
175,1339,1514,0.14672493005697732
171,1341,1512,0.14676124192528733
177,1344,1521,0.14680462439806846
177,1340,1517,0.14682830049609275
179,1332,1511,0.1468505750209718
173,1329,1502,0.14686648575469852
170,1340,1510,0.1468960119379836
174,1335,1509,0.1469318925910465
176,1345,1521,0.1469548826943343
177,1346,1523,0.1469720334491144
174,1336,1510,0.14698648075626297
171,1348,1519,0.1470088190199955
171,1346,1517,0.1470354611427343
166,1338,1504,0.14706246801285844
163,1341,1504,0.1471003563082007
162,1336,1498,0.14714278042812395
164,1325,1489,0.14718457084100525
165,1339,1504,0.1472191713160416
161,1344,1505,0.14724788695774335
158,1356,1514,0.14728482114185407
162,1360,1522,0.14732632936074008
162,1359,1521,0.14735492694097008
158,1359,1517,0.14738217816210702
155,1356,1511,0.14741680059776643
154,1359,1513,0.14745822904493117
151,1356,1507,0.14749890496216447
157,1356,1513,0.14754305345322632
152,1348,1500,0.1475689065816362
152,1349,1501,0.1476064690559486
153,1358,1511,0.14764305600593056
157,1359,1516,0.14767492510756136
158,1351,1509,0.14769565182979424
156,1355,1511,0.147711511149355
155,1350,1505,0.14773110730394268
147,1357,1504,0.14775292704297166
149,1359,1508,0.14779207807750258
149,1365,1514,0.14782132954988852
152,1369,1521,0.14784903217234224
149,1356,1505,0.14786778129275555
148,1361,1509,0.14789313668425774
149,1355,1504,0.1479181458122799
150,1365,1515,0.14793962512662395
149,1364,1513,0.14795813575009314
146,1363,1509,0.14797774548774814
143,1372,1515,0.14800401797663504
145,1364,1509,0.1480362496762232
146,1366,1512,0.1480626696617346
148,1363,1511,0.14808225114496662
151,1362,1513,0.14809646176007513
149,1380,1529,0.1481023799880769
146,1367,1513,0.14811293253652258
145,1353,1498,0.14812998476836894
145,1369,1514,0.14814900421120933
149,1367,1516,0.1481661924431613
148,1370,1518,0.14817330571648563
151,1381,1532,0.14818296452106688
145,1384,1529,0.14818308759535762
147,1375,1522,0.14819879376732603
149,1364,1513,0.14820701396489203
151,1369,1520,0.14821195693916653
149,1374,1523,0.14821207259888888
147,1364,1511,0.148218070034473
149,1363,1512,0.14822753380194598
149,1361,1510,0.14822980598395608
146,1368,1514,0.1482326441777798
147,1363,1510,0.1482426040735681
146,1371,1517,0.1482486401543867
143,1375,1518,0.1482573517389212
144,1378,1522,0.1482711617747595
143,1367,1510,0.1482823291577945
144,1366,1510,0.14829511289386318
141,1374,1515,0.148305401072748
142,1379,1521,0.14832156507927174
143,1373,1516,0.14833387386857466
140,1373,1513,0.14834213500337934
142,1381,1523,0.14835823383834004
139,1387,1526,0.14836888570880769
137,1385,1522,0.14838620806191105
135,1388,1523,0.14840914690867357
135,1390,1525,0.14843534528956778
133,1382,1515,0.14845989462245435
133,1374,1507,0.14848809834818624
136,1384,1520,0.1485135366936986
138,1377,1515,0.14852834978471166
136,1382,1518,0.14853705071001702
135,1383,1518,0.14855157522017592
132,1387,1519,0.14856769908392514
132,1393,1525,0.14859162849794205
130,1393,1523,0.14861422429758075
132,1370,1502,0.1486398025650762
135,1367,1502,0.14865783945479902
138,1381,1519,0.14866626990584852
140,1387,1527,0.14866698993897817
139,1383,1522,0.14866298707318681
139,1373,1512,0.14866225444797065
144,1383,1527,0.14866216870000076
141,1386,1527,0.14864816201433492
136,1388,1524,0.1486439819840264
136,1385,1521,0.14865145695886142
136,1378,1514,0.14865903890452856
136,1378,1514,0.1486669164631599
132,1396,1528,0.14867280220110385
132,1405,1537,0.14868908707190623
132,1391,1523,0.14870527763728206
132,1391,1523,0.14872120246492362
129,1387,1516,0.14873670601230699
131,1386,1517,0.14875946790836264
128,1383,1511,0.14877396157716816
129,1386,1515,0.14879401481462856
129,1383,1512,0.1488095450268679
130,1379,1509,0.14882327164489623
131,1378,1509,0.14883352630261168
132,1366,1498,0.14884040237376575
131,1370,1501,0.14884602225860186
133,1375,1508,0.14885429508383477
131,1387,1518,0.14885569858017425
133,1381,1514,0.14886189533010225
135,1375,1510,0.14886406597648594
133,1382,1515,0.14885820856199972
134,1377,1511,0.14885946176705583
135,1392,1527,0.14885772605114758
134,1392,1526,0.14885474801513593
134,1393,1527,0.1488557536425739
135,1404,1539,0.14885770189289732
131,1393,1524,0.14885689853807738
131,1399,1530,0.14886708369057136
128,1384,1512,0.14887677946647165
123,1388,1511,0.14889487046063038
123,1387,1510,0.14892359815744585
123,1381,1504,0.14895082643332622
124,1384,1508,0.1489759388646556
126,1399,1525,0.14899584449918982
122,1408,1530,0.1490094941619009
118,1407,1525,0.14903205361648755
117,1409,1526,0.14906360035235544
121,1409,1530,0.14909559080822693
122,1418,1540,0.14911589728207925
121,1403,1524,0.14913189271315408
119,1394,1513,0.14914982937147298
119,1395,1514,0.14917213424623652
117,1388,1505,0.14919321528564503
121,1392,1513,0.14921737367884144
118,1400,1518,0.1492288846967839
117,1405,1522,0.1492466623644707
115,1415,1530,0.14926585183882898
114,1408,1522,0.14928985485411914
112,1408,1520,0.14931530053562947
109,1411,1520,0.1493445960492504
114,1408,1522,0.14937851139097857
110,1410,1520,0.14939602080503092
109,1412,1521,0.1494209787569621
107,1399,1506,0.14944703196031192
105,1415,1520,0.1494772880243894
105,1412,1517,0.14951003528832643
109,1399,1508,0.14954177418873038
106,1398,1504,0.149558105695056
111,1403,1514,0.14958156119485622
109,1417,1526,0.14959108747533553
110,1412,1522,0.149605209704551
109,1417,1526,0.1496155743911979
110,1403,1513,0.14962880852734275
109,1398,1507,0.14963835001155223
105,1397,1502,0.14964999313198166
110,1391,1501,0.14967165441563818
113,1397,1510,0.1496784119609074
112,1390,1502,0.1496767723193725
115,1393,1508,0.14967678102261592
115,1394,1509,0.14966972691220884
118,1394,1512,0.1496637629422972
113,1394,1507,0.1496514170915882
113,1394,1507,0.14965317079845972
112,1407,1519,0.14965370524060082
110,1399,1509,0.14965768567841406
109,1402,1511,0.14966652487182303
109,1415,1524,0.14967653311727575
111,1411,1522,0.14968514447355508
108,1412,1520,0.14968854677338572
108,1409,1517,0.1496989200868982
109,1408,1517,0.14970891075056128
109,1404,1513,0.14971526777316083
111,1410,1521,0.14972070225548428
111,1400,1511,0.149719570081611
113,1401,1514,0.1497177542328423
111,1404,1515,0.14971184164337273
107,1406,1513,0.14971174976993493
107,1403,1510,0.14972299325550584
108,1400,1508,0.14973304541445487
105,1410,1515,0.14974052280687844
104,1414,1518,0.14975597043864178
107,1417,1524,0.14977329130817746
109,1411,1520,0.1497818836119924
110,1416,1526,0.1497836637760786
109,1407,1516,0.14978282693063427
107,1396,1503,0.14978599847682908
110,1399,1509,0.1497947646182386
109,1410,1519,0.1497933469736098
106,1405,1511,0.14979400272677965
108,1412,1520,0.14980231951741135
108,1422,1530,0.14980472402211023
110,1414,1524,0.14980758092055985
110,1394,1504,0.1498056890310187
110,1410,1520,0.14980420396703242
113,1411,1524,0.1498025148045067
110,1412,1522,0.14979276645793868
111,1389,1500,0.14979235837840973
115,1401,1516,0.14978854280712223
116,1393,1509,0.14977410006250433
116,1403,1519,0.14975831852372248
111,1395,1506,0.1497449157557697
115,1395,1510,0.14974355944816137
115,1396,1511,0.14973152637501128
118,1407,1525,0.1497214844193962
117,1395,1512,0.1497052080464502
115,1404,1519,0.14969423592281064
114,1403,1517,0.14968943942016588
113,1399,1512,0.14968734452391103
116,1393,1509,0.14968858421968648
117,1394,1511,0.1496812723074611
119,1383,1502,0.14967179943189007
116,1378,1494,0.14965722697728898
116,1387,1503,0.14965007406514882
111,1405,1516,0.14964502775115943
111,1405,1516,0.14965225404158894
108,1404,1512,0.14965916430090412
107,1397,1504,0.14967399640259693
113,1395,1508,0.14969172732203379
114,1383,1497,0.14969161697320443
113,1383,1496,0.14968809509080713
114,1390,1504,0.1496874626124586
116,1405,1521,0.14968396924265664
114,1418,1532,0.14967542996592956
108,1416,1524,0.14967358504044548
110,1412,1522,0.14968678838379038
107,1417,1524,0.14969377405435222
108,1411,1519,0.14970698913424077
108,1406,1514,0.1497173577909572
105,1398,1503,0.14972753802444758
107,1407,1514,0.14974505673241542
109,1411,1520,0.1497570647277394
108,1412,1520,0.1497623175955096
112,1405,1517,0.1497703694500455
114,1405,1519,0.14976668028190787
111,1410,1521,0.14975916943171053
109,1416,1525,0.1497597049669646
106,1426,1532,0.14976649849309606
103,1416,1519,0.1497811197533203
103,1425,1528,0.14980068370490954
104,1418,1522,0.1498180639522694
106,1415,1521,0.14983163620326992
106,1414,1520,0.1498405678307556
104,1410,1514,0.14984827136006962
100,1410,1510,0.14986112432812668
103,1403,1506,0.1498817462211
100,1407,1507,0.14989392522111916
97,1406,1503,0.1499128583444348
98,1395,1493,0.14993900204184196
100,1414,1514,0.149960974592499
97,1408,1505,0.149977488766543
97,1414,1511,0.15000074147648015
97,1424,1521,0.15002306805860574
96,1421,1517,0.15004248099415166
96,1422,1518,0.15006304727563166
96,1422,1518,0.15008262016632606
93,1418,1511,0.15010123315885854
94,1424,1518,0.15012657705717658
95,1426,1521,0.15014739140122907
96,1410,1506,0.1501646426053721
95,1419,1514,0.15017516335383224
94,1431,1525,0.15018695276700936
92,1422,1514,0.1502015192182726
93,1417,1510,0.15022088900764674
95,1419,1514,0.1502372611611063
97,1414,1511,0.15024874098417906
94,1418,1512,0.15025393056760844
95,1419,1514,0.15026595668883316
93,1431,1524,0.15027433586465708
90,1425,1515,0.1502880354067002
92,1418,1510,0.15030915077036136
92,1423,1515,0.15032292680721174
91,1435,1526,0.15033595837652639
88,1438,1526,0.15035056705733812
87,1439,1526,0.15037300361555928
89,1433,1522,0.1503961332684544
91,1428,1519,0.15041243204899768
90,1434,1524,0.15042191508136246
88,1425,1513,0.15043316625897102
91,1414,1505,0.15044916806488223
91,1403,1494,0.15045672419242376
90,1423,1513,0.1504632820446393
88,1420,1508,0.15047209154822186
88,1425,1513,0.15048610369890036
86,1419,1505,0.15049957725039737
85,1424,1509,0.15051583844989072
86,1428,1514,0.15053423602269697
86,1425,1511,0.1505500573725578
86,1431,1517,0.15056305888006716
90,1431,1521,0.1505760475825472
90,1436,1526,0.1505771442036174
90,1433,1523,0.15057715301964358
87,1432,1519,0.15057704201246236
88,1439,1527,0.15058510136860903
92,1423,1515,0.15058988482464966
89,1411,1500,0.1505829040007441
88,1420,1508,0.15058456982679813
85,1414,1499,0.15058859081140732
88,1419,1507,0.15060008261789684
85,1408,1493,0.1506034275618028
83,1427,1510,0.15061345478754423
83,1417,1500,0.15062784480603597
81,1428,1509,0.15064212139902358
81,1430,1511,0.15066047090590357
80,1442,1522,0.15067770492085752
83,1436,1519,0.15069616299232727
82,1432,1514,0.15070471969414456
81,1424,1505,0.15071652841452082
85,1419,1504,0.15072971718683909
84,1435,1519,0.15073131396310704
85,1431,1516,0.15073416403174625
89,1419,1508,0.1507339486082793
89,1416,1505,0.1507237353039628
87,1411,1498,0.1507132433560241
87,1416,1503,0.15070949498022354
87,1421,1508,0.1507071197062649
88,1431,1519,0.15070655668418584
84,1433,1517,0.1507044342619754
84,1432,1516,0.1507115677346947
86,1427,1513,0.1507192711599809
82,1427,1509,0.15072047605717492
79,1433,1512,0.15073114630031942
77,1435,1512,0.15074849355037415
75,1428,1503,0.15076967449815132
76,1430,1506,0.1507951128901693
76,1440,1516,0.15081598497075258
76,1439,1515,0.15083596866405719
75,1439,1514,0.15085401620000125
70,1434,1504,0.1508729283092852
71,1433,1504,0.1509029155064984
73,1418,1491,0.15092754228716262
78,1429,1507,0.1509456866133162
77,1433,1510,0.15094977196424542
76,1437,1513,0.15095692481490655
74,1431,1505,0.1509669895207735
74,1434,1508,0.15098108912802907
73,1424,1497,0.1509939376739821
73,1434,1507,0.15100905270822193
74,1429,1503,0.15102354942037632
76,1434,1510,0.15103445480745736
77,1449,1526,0.15103675360083874
77,1456,1533,0.1510366160014877
76,1453,1529,0.1510360926511866
74,1454,1528,0.15103945824636256
75,1453,1528,0.15104828389800712
74,1446,1520,0.1510535291956839
73,1448,1521,0.1510611789000906
75,1435,1510,0.15107081604135275
77,1444,1521,0.15107514476255873
77,1439,1516,0.15107334903344238
79,1438,1517,0.15107270479743876
78,1439,1517,0.1510674929458485
77,1442,1519,0.15106582655530487
74,1443,1517,0.15106691714643639
72,1447,1519,0.1510761596094523
69,1434,1503,0.151089100503575
69,1439,1508,0.15110932893845888
70,1438,1508,0.15112790294388156
70,1434,1504,0.151142756829679
75,1429,1504,0.1511559667652649
72,1423,1495,0.15115466690915594
72,1439,1511,0.15116234676231874
77,1449,1526,0.15116965273232863
77,1443,1520,0.15116204614102927
74,1440,1514,0.15115466470410482
73,1442,1515,0.15115609351239812
73,1452,1525,0.1511589254227192
74,1447,1521,0.1511625766902711
74,1444,1518,0.15116284773137056
76,1443,1519,0.15116408284710883
76,1429,1505,0.151159684523819
73,1443,1516,0.15115531878230032
73,1453,1526,0.15115920842493544
74,1441,1515,0.15116316329991417
76,1447,1523,0.1511632610347643
77,1439,1516,0.15115804720641493
74,1437,1511,0.15115066097950589
75,1436,1511,0.15115213927139737
74,1427,1501,0.15115067431708756
76,1438,1514,0.151152349556754
77,1441,1518,0.15114898234141944
79,1447,1526,0.15114439747167915
79,1452,1531,0.1511341821041145
82,1443,1525,0.15112483143152736
80,1442,1522,0.15110821843171796
79,1433,1512,0.15109928504876943
78,1433,1511,0.15109422913900172
76,1427,1503,0.15109258306346487
77,1426,1503,0.15109563542734603
79,1434,1513,0.15109610828584163
79,1418,1497,0.15109107094503454
77,1421,1498,0.15108706497655208
77,1424,1501,0.15108882627871012
77,1438,1515,0.15109113519253725
78,1441,1519,0.15109360139922923
77,1428,1505,0.15109324210194855
77,1433,1510,0.15109528927711566
78,1432,1510,0.15109709571453986
78,1430,1508,0.15109527775462972
79,1444,1523,0.15109322893850521
79,1456,1535,0.151089718909568
75,1456,1531,0.15108545799018214
75,1444,1519,0.1510915836885658
75,1442,1517,0.1510980709959232
74,1444,1518,0.15110362076284822
73,1439,1512,0.1511118729956733
74,1454,1528,0.15112129030848223
73,1446,1519,0.1511275579809722
70,1436,1506,0.15113620437573932
72,1441,1513,0.15115183883008826
70,1442,1512,0.151160584705683
70,1438,1508,0.15117418699065946
66,1433,1499,0.15118708490262292
68,1435,1503,0.1512077159944173
68,1430,1498,0.1512215519084181
68,1431,1499,0.15123467724487452
67,1437,1504,0.15124577787311844
67,1452,1519,0.1512594720026611
65,1455,1520,0.15127266671277462
65,1445,1510,0.1512907328966744
67,1448,1515,0.1513084575733644
68,1441,1509,0.151319600284188
68,1459,1527,0.15132761758499724
68,1443,1511,0.15133453085149765
69,1443,1512,0.15134040658962306
68,1448,1516,0.15134344753217888
66,1447,1513,0.15134951244211078
67,1447,1514,0.1513597700100734
67,1444,1511,0.15136713645699051
67,1438,1505,0.1513739747063248
70,1433,1503,0.1513811103889671
68,1434,1502,0.15137908452439586
64,1444,1508,0.15138320206275874
63,1453,1516,0.1513962151747916
64,1464,1528,0.1514106521451146
65,1463,1528,0.15142211166583033
66,1456,1522,0.1514306030225011
63,1457,1520,0.15143482721899953
64,1453,1517,0.15144687901301782
64,1449,1513,0.15145479224612457
61,1437,1498,0.15146226951771524
63,1453,1516,0.15147618847195365
63,1445,1508,0.15148530293703216
61,1450,1511,0.15149355113601187
60,1456,1516,0.15150570790605403
62,1459,1521,0.15152025353539642
63,1459,1522,0.15152885889430492
62,1460,1522,0.151533883837552
63,1456,1519,0.15154161155472262
66,1445,1511,0.151547190587326
63,1452,1515,0.15154466231315195
64,1456,1520,0.15154997351256705
65,1450,1515,0.15155160806806323
65,1453,1518,0.15155144280574992
66,1455,1521,0.1515515221122796
66,1449,1515,0.151549108024398
65,1441,1506,0.15154725001386854
65,1453,1518,0.15154841827216814
63,1455,1518,0.151549337839066
61,1454,1515,0.1515555499991651
62,1457,1519,0.15156658333482637
62,1462,1524,0.1515744629386517
61,1455,1516,0.15158210088837062
62,1460,1522,0.15159209289623454
63,1464,1527,0.151597968297968
62,1454,1516,0.1516001509383773
64,1464,1528,0.1516042659598197
65,1462,1527,0.15160269571397067
66,1447,1513,0.15159954761785877
66,1453,1519,0.15159362202060855
67,1446,1513,0.1515888988552451
68,1443,1511,0.151582148853081
70,1461,1531,0.1515734012785833
70,1456,1526,0.15155927993368723
68,1456,1524,0.1515460550836475
70,1454,1524,0.1515393178966162
70,1455,1525,0.15152831696340283
71,1454,1525,0.15151662081173542
72,1455,1527,0.15150349293808624
72,1453,1525,0.1514888347966778
73,1455,1528,0.15147502958642672
75,1451,1526,0.1514604320725892
75,1456,1531,0.15144121174792904
73,1459,1532,0.15142338002117892
73,1439,1512,0.15141167517353982
72,1453,1525,0.15140036083858857
72,1443,1515,0.15139260126587267
72,1454,1526,0.15138575051139688
70,1439,1509,0.1513792515328155
66,1440,1506,0.15137802062055528
66,1448,1514,0.15138731405939457
66,1430,1496,0.15139658936702782
65,1444,1509,0.15140582324330396
65,1447,1512,0.151417046315179
67,1446,1513,0.15142646037019095
67,1441,1508,0.1514298558639433
69,1436,1505,0.1514329352132102
68,1438,1506,0.15143136097793009
70,1449,1519,0.15143186169513176
72,1446,1518,0.15142841485429803
72,1443,1515,0.15141842790780077
73,1444,1517,0.15140889216632542
72,1445,1517,0.15139621475515178
68,1437,1505,0.151387856010004
68,1431,1499,0.15139094894755661
66,1435,1501,0.15139295184267546
65,1435,1500,0.15140036980879376
62,1452,1514,0.1514102808122934
63,1459,1522,0.1514275288828741
60,1461,1521,0.15143981533488582
59,1473,1532,0.15145859824557512
61,1464,1525,0.15147941360733533
62,1463,1525,0.1514931363097105
63,1447,1510,0.1515035042025447
63,1437,1500,0.15151070670654085
63,1438,1501,0.15151753992896747
62,1447,1509,0.15152425382774912
63,1444,1507,0.15153301109749265
64,1449,1513,0.1515389000714786
63,1445,1508,0.15154212489835137
61,1452,1513,0.15154771842910056
62,1461,1523,0.1515583056269421
60,1455,1515,0.1515649126353551
64,1469,1533,0.15157677796482655
65,1456,1521,0.15157898122538394
65,1438,1503,0.15157814668142122
69,1449,1518,0.15157647408171307
69,1442,1511,0.1515641247588456
69,1441,1510,0.15155185073801397
67,1439,1506,0.15153980995658242
69,1437,1506,0.15153404929295786
69,1455,1524,0.15152346000088965
70,1435,1505,0.15151459905918727
69,1436,1505,0.15150406691145069
70,1448,1518,0.15149749911025925
68,1444,1512,0.15148800164540488
68,1438,1506,0.1514843914983371
73,1434,1507,0.15148141855800062
76,1437,1513,0.1514653554929848
78,1438,1516,0.1514424788732786
77,1432,1509,0.15141574485476278
78,1443,1521,0.15139255331408277
80,1439,1519,0.151369025920191
78,1445,1523,0.1513420995150242
80,1440,1520,0.15132234192850924
80,1444,1524,0.15129875345316518
84,1445,1529,0.15127744144184457
85,1434,1519,0.15124591292848424
88,1424,1512,0.1512146314533812
86,1429,1515,0.15117701204464726
84,1423,1507,0.15114790471926137
86,1427,1513,0.1511256848686108
88,1422,1510,0.15109923508978995
88,1416,1504,0.1510701272518897
88,1423,1511,0.1510430539317373
91,1433,1524,0.15101758508049493
95,1423,1518,0.15098554551776724
93,1422,1515,0.15094403980555562
92,1429,1521,0.15091068935603658
93,1426,1519,0.15088250914589565
92,1427,1519,0.15085340726649937
91,1418,1509,0.15082973391942223
87,1419,1506,0.15081099729680197
86,1418,1504,0.15080246847210807
84,1414,1498,0.1507973496577156
86,1422,1508,0.15079859254876757
89,1428,1517,0.15079387340409872
88,1432,1520,0.1507827214827509
87,1430,1517,0.15077527172432847
88,1411,1499,0.15077141600388072
87,1427,1514,0.15076578414346078
87,1433,1520,0.15076345002585692
82,1433,1515,0.15076106810709272
79,1426,1505,0.15077069548991692
80,1430,1510,0.15078820922543326
82,1418,1500,0.15080278640271194
80,1420,1500,0.150811593638135
82,1431,1513,0.15082452440810243
82,1436,1518,0.15083173123148605
85,1451,1536,0.1508386008084229
83,1438,1521,0.15083722045910966
80,1444,1524,0.15084128904834757
80,1439,1519,0.15085284802085075
83,1442,1525,0.15086203074535856
83,1442,1525,0.15086418181286557
85,1441,1526,0.15086516543598966
83,1444,1527,0.1508612569470678
83,1443,1526,0.15086319624188355
84,1452,1536,0.15086482001242882
81,1440,1521,0.150863850632973
80,1447,1527,0.150871157638101
80,1436,1516,0.15088126096194215
79,1438,1517,0.15088970846173433
78,1433,1511,0.15090047534439197
76,1434,1510,0.1509136903428504
75,1449,1524,0.1509311706678984
75,1443,1518,0.15095043250811374
77,1445,1522,0.15096762872189637
76,1444,1520,0.15097881912127964
76,1433,1509,0.1509918538688122
73,1429,1502,0.15100347596083694
75,1436,1511,0.15102113705010772
74,1439,1513,0.1510329642812839
75,1448,1523,0.15104706673170484
76,1429,1505,0.15105840269873153
81,1431,1512,0.15106632347607601
78,1426,1504,0.15105992898777923
80,1426,1506,0.15106154919345438
82,1418,1500,0.15105669538142763
81,1423,1504,0.151047112625743
80,1436,1516,0.15104160197184005
77,1433,1510,0.15103875755061372
79,1427,1506,0.1510442499460178
79,1425,1504,0.15104439254657095
79,1423,1502,0.15104329487483356
81,1413,1494,0.151042961989815
82,1437,1519,0.15103867985470248
81,1433,1514,0.15103173004314832
82,1426,1508,0.1510286253668753
83,1423,1506,0.1510237257985332
85,1429,1514,0.151015926988111
84,1437,1521,0.1510035536863086
81,1430,1511,0.1509943774186033
81,1430,1511,0.150992666135049
80,1437,1517,0.15099128406215137
76,1435,1511,0.15099323888154376
77,1427,1504,0.15100456223627937
76,1445,1521,0.15101270153852503
74,1435,1509,0.15102216112845082
79,1433,1512,0.151035996172916
80,1446,1526,0.15103695381921148
80,1450,1530,0.15103546432093634
79,1445,1524,0.15103466862446185
80,1445,1525,0.151035451877835
79,1426,1505,0.15103312499115298
78,1418,1496,0.1510340261242794
77,1416,1493,0.15103786604340125
81,1425,1506,0.15104446303487162
83,1437,1520,0.1510406063619861
85,1430,1515,0.15103147412121654
84,1435,1519,0.15101724749379344
82,1431,1513,0.1510071321403339
82,1426,1508,0.1510030229097514
81,1418,1499,0.1509988006060032
80,1431,1511,0.15099799235422157
84,1443,1527,0.15100013363278997
85,1449,1534,0.1509911106971572
85,1442,1527,0.15098060637460886
85,1442,1527,0.1509701568352195
85,1439,1524,0.15096053243433308
84,1418,1502,0.15095240631118506
79,1424,1503,0.15094782370011928
76,1429,1505,0.1509554600552308
80,1423,1503,0.15096865409023238
77,1427,1504,0.1509715953571739
77,1449,1526,0.15098210988922592
78,1445,1523,0.15099183707651695
75,1454,1529,0.15099923850840646
76,1442,1518,0.15101317346792417
75,1442,1517,0.15102339083101327
72,1432,1504,0.15103527733927233
70,1434,1504,0.15105422251451628
71,1438,1509,0.1510769781610166
69,1438,1507,0.1510948717527851
68,1454,1522,0.15111623885906875
69,1463,1532,0.15113854909930932
70,1459,1529,0.15115771380700974
72,1460,1532,0.1511731155294577
72,1453,1525,0.1511824002446822
75,1454,1529,0.15119071945281082
74,1451,1525,0.15118966941820713
72,1446,1518,0.1511920496713769
74,1438,1512,0.15120011600683525
74,1436,1510,0.15120135840039672
73,1435,1508,0.15120252523427208
71,1441,1512,0.15120479790831537
71,1444,1515,0.1512127361002468
72,1433,1505,0.15122019108041013
72,1422,1494,0.15122500525991853
74,1432,1506,0.15122972393719114
69,1442,1511,0.1512290938313198
67,1441,1508,0.15124138001520407
66,1442,1508,0.15125821211062992
67,1440,1507,0.1512769363004315
69,1437,1506,0.1512914890763738
67,1433,1500,0.15129929497251138
68,1426,1494,0.15131109585292232
71,1421,1492,0.15131950882930822
69,1428,1497,0.15131992462074847
69,1429,1498,0.15132595938689214
69,1437,1506,0.15133144631206577
68,1438,1506,0.1513370100893622
69,1446,1515,0.15134513625292012
69,1445,1514,0.1513504404842722
71,1444,1515,0.15135608313797214
74,1450,1524,0.15135580771814022
74,1446,1520,0.15134759427601674
76,1449,1525,0.15133910805849038
76,1433,1509,0.1513248912137524
73,1436,1509,0.15131264341206246
72,1431,1503,0.1513092596193107
68,1438,1506,0.15130849298599708
69,1437,1506,0.15131817634051312
69,1443,1512,0.15132422727593325
71,1449,1520,0.151329957816304
71,1459,1530,0.15132994961335242
70,1456,1526,0.15133000016878437
68,1444,1512,0.15133296012153408
69,1436,1505,0.15134132955641072
73,1438,1511,0.1513461449171987
74,1437,1511,0.15133933502304034
72,1443,1515,0.15133078256744614
72,1455,1527,0.1513272749453239
72,1445,1517,0.15132345400355626
72,1455,1527,0.15132049923666016
74,1454,1528,0.15131816532170125
75,1442,1517,0.15130970023763257
76,1441,1517,0.15129971134134027
76,1441,1517,0.15128744766208388
72,1435,1507,0.1512765959663325
74,1440,1514,0.1512768795205853
75,1434,1509,0.15127000609177782
76,1436,1512,0.15126159111482995
77,1447,1524,0.1512512707932
76,1444,1520,0.15123856198710545
78,1435,1513,0.15123017023820637
78,1429,1507,0.15121621325497991
74,1441,1515,0.15120379387103378
72,1445,1517,0.15120268708253073
67,1443,1510,0.15120669113575336
70,1433,1503,0.15122214818742705
73,1440,1513,0.15122824906156881
74,1438,1512,0.15122691921192094
73,1450,1523,0.1512235985128012
72,1458,1530,0.15122347317017323
74,1456,1530,0.15122529923806927
74,1446,1520,0.15122216493646337
73,1456,1529,0.15121898806472614
73,1459,1532,0.15121869296039292
73,1467,1540,0.1512187896872613
67,1457,1524,0.15121999932778293
66,1446,1512,0.15123617307360857
68,1440,1508,0.15125456112661226
68,1452,1520,0.151266368577286
70,1450,1520,0.15127742044668083
70,1452,1522,0.15128227103966882
70,1440,1510,0.15128665959480128
69,1452,1521,0.15129104268751095
69,1432,1501,0.1512979776114736
68,1447,1515,0.15130462039750683
69,1456,1525,0.15131387757282463
70,1453,1523,0.1513195629082244
71,1451,1522,0.1513216980189543
71,1439,1510,0.15132177421691562
73,1442,1515,0.15132269685774816
74,1446,1520,0.15131769750949772
73,1452,1525,0.15131011087298485
71,1459,1530,0.15130571871817414
72,1446,1518,0.15130756907987977
71,1417,1488,0.15130689960935145
67,1433,1500,0.15130944289331152
65,1427,1492,0.1513219649667621
64,1439,1503,0.15133838200336072
63,1444,1507,0.15135691172773702
66,1443,1509,0.15137702504080275
66,1447,1513,0.15138721648244846
69,1450,1519,0.15139740585893424
68,1442,1510,0.15139809698273549
68,1444,1512,0.15140175589299704
70,1447,1517,0.15140593596346544
70,1441,1511,0.1514036844945733
71,1441,1512,0.15140175566358116
70,1448,1518,0.1513983132580743
63,1441,1504,0.15139696640699601
65,1454,1519,0.1514134069586435
66,1435,1501,0.15142303626881698
67,1444,1511,0.15142917985928614
67,1443,1510,0.1514326359084548
67,1449,1516,0.15143573008708955
69,1436,1505,0.1514395048933879
72,1433,1505,0.1514372704000527
75,1440,1515,0.151426299891107
74,1454,1528,0.15140662043635833
72,1447,1519,0.15139183578748094
69,1442,1511,0.15138404255990814
69,1438,1507,0.15138541703068836
70,1438,1508,0.1513857213543706
74,1433,1507,0.15138312351061298
70,1436,1506,0.1513698993470988
71,1440,1511,0.15136792335879068
73,1436,1509,0.15136447043198709
70,1431,1501,0.15135607248439925
69,1443,1512,0.15135625557101895
66,1441,1507,0.15135961603000792
69,1440,1509,0.15136895064730735
68,1448,1516,0.1513709309706093
68,1443,1511,0.15137562680369449
63,1442,1505,0.1513804324479529
65,1456,1521,0.1513973020323444
65,1456,1521,0.15140851723857732
66,1449,1515,0.15141901941435926
64,1453,1517,0.1514260141319625
65,1452,1517,0.15143722939100818
65,1448,1513,0.15144402991283878
67,1438,1505,0.1514510724750237
65,1443,1508,0.1514531620727638
62,1451,1513,0.15146004112872077
64,1453,1517,0.1514742491852478
62,1448,1510,0.15148189492968092
60,1454,1514,0.15149419639186223
61,1463,1524,0.151510933046938
61,1465,1526,0.1515246947455161
61,1463,1524,0.1515381395326708
59,1465,1524,0.15155058540297475
62,1469,1531,0.15156705594195116
60,1462,1522,0.1515754652706941
62,1439,1501,0.15158829583999778
60,1441,1501,0.15159553326637534
62,1462,1524,0.151607417342648
63,1465,1528,0.1516135066628452
61,1466,1527,0.15161667216577865
60,1469,1529,0.1516248559228264
58,1465,1523,0.15163477544136442
61,1445,1506,0.1516495568821335
58,1445,1503,0.1516555208028939
60,1447,1507,0.151668805502337
60,1453,1513,0.151675335304535
63,1455,1518,0.15168135083327614
63,1454,1517,0.1516789794419928
63,1448,1511,0.15167669724006205
63,1457,1520,0.15167534248457182
61,1453,1514,0.15167467255707912
61,1454,1515,0.15167928349248455
62,1444,1506,0.15168414296571928
61,1431,1492,0.15168591136110815
63,1443,1506,0.15169074030420127
63,1450,1513,0.15168875159106218
66,1452,1518,0.15168714108397224
66,1450,1516,0.15167592777474287
70,1445,1515,0.15166546989175836
67,1449,1516,0.15164600530500003
65,1458,1523,0.1516360532058017
64,1459,1523,0.15163174526620843
66,1458,1524,0.1516312844556148
66,1451,1517,0.1516255777946472
66,1452,1518,0.15162034200939584
68,1462,1530,0.15161621302349823
66,1459,1525,0.1516061589529324
65,1453,1518,0.15160228076822294
69,1448,1517,0.15160153741972426
71,1446,1517,0.15159041330776535
67,1451,1518,0.15157544317222388
67,1434,1501,0.15157155932236335
67,1441,1508,0.15156841292398415
69,1440,1509,0.15156540396807108
69,1443,1512,0.15155650299119514
67,1450,1517,0.15154811224966427
69,1441,1510,0.15154554480158097
68,1442,1510,0.15153777660063122
68,1439,1507,0.1515335704116808
63,1443,1506,0.1515303323488334
64,1431,1495,0.151538534388349
65,1440,1505,0.15154456992472398
65,1446,1511,0.15154771862682864
64,1438,1502,0.1515503582142545
66,1432,1498,0.15155584569430774
66,1432,1498,0.1515559513978054
67,1438,1505,0.1515557692787349
65,1453,1518,0.15155293380362944
68,1465,1533,0.15155530902686243
68,1463,1531,0.15154983698769242
68,1441,1509,0.151544540835442
66,1450,1516,0.15154028278487044
66,1449,1515,0.15154190383285837
67,1448,1515,0.15154321029745774
66,1448,1514,0.15154185210346846
67,1453,1520,0.15154328991542798
69,1452,1521,0.15154269948969343
66,1450,1516,0.1515360314217259
68,1452,1520,0.15153675353212262
67,1447,1514,0.15153331847321502
64,1439,1503,0.15153281702376112
66,1439,1505,0.1515397651633058
67,1431,1498,0.15153956748996264
70,1440,1510,0.15153810343034552
68,1447,1515,0.15152946880661508
65,1445,1510,0.15152603817741106
67,1448,1515,0.15152980179492648
66,1444,1510,0.15152662117120713
64,1449,1513,0.1515276346663679
67,1460,1527,0.15153279117661989
70,1443,1513,0.1515315666670099
66,1459,1525,0.15151984000285676
65,1469,1534,0.1515196121277841
63,1463,1526,0.15152176022850017
60,1467,1527,0.1515293677322694
62,1463,1525,0.15154447412795163
64,1457,1521,0.15155432180907152
64,1464,1528,0.15155795074900305
61,1459,1520,0.15156209403899037
58,1463,1521,0.15157350391973076
58,1448,1506,0.15159134398828147
56,1449,1505,0.1516075296367095
57,1449,1506,0.15162725010799846
56,1451,1507,0.151643195528871
58,1456,1514,0.15166020371847508
55,1475,1530,0.1516720691406336
56,1476,1532,0.15169079243917158
57,1480,1537,0.15170654809283093
55,1473,1528,0.15171861670572956
54,1471,1525,0.15173554480853088
53,1474,1527,0.15175419330419737
52,1464,1516,0.1517747271839272
52,1468,1520,0.15179641973575805
50,1469,1519,0.151816263467024
50,1464,1514,0.1518381459606715
50,1463,1513,0.15185911098521154
47,1463,1510,0.15187814406947914
50,1489,1539,0.15190297328118796
49,1487,1536,0.15191869393386678
49,1489,1538,0.15193610181091244
49,1466,1515,0.15195279612165968
48,1471,1519,0.1519679743337792
47,1460,1507,0.15198501567092032
47,1462,1509,0.15200314158093298
45,1448,1493,0.15202029778307458
44,1457,1501,0.1520412793822677
45,1480,1525,0.15206277866819046
44,1480,1524,0.15208018572138354
45,1471,1516,0.15209907892671704
46,1471,1517,0.15211452356766164
45,1472,1517,0.15212695376188656
44,1472,1516,0.15214136218677188
43,1470,1513,0.15215763795137988
41,1457,1498,0.15217557624115355
41,1452,1493,0.1521974712265303
40,1482,1522,0.15221819681719095
40,1477,1517,0.15223973331986948
40,1488,1528,0.15225917498370495
37,1495,1532,0.1522776837985504
39,1476,1515,0.15230243512052558
38,1477,1515,0.15231947934016843
38,1490,1528,0.15233823623721615
38,1484,1522,0.15235615581635772
39,1479,1518,0.152372358357428
40,1480,1520,0.15238537801305072
41,1472,1513,0.15239486890419468
43,1475,1518,0.15240100281079078
43,1482,1525,0.15240010633892961
42,1463,1505,0.15240034501154065
42,1466,1508,0.15240301730249675
40,1466,1506,0.15240589043195985
40,1466,1506,0.15241400009475753
40,1470,1510,0.15242164104287018
40,1466,1506,0.15242918751937926
41,1468,1509,0.1524364930913226
41,1469,1510,0.1524404570124639
42,1465,1507,0.1524445477239826
40,1475,1515,0.15244521963081425
40,1470,1510,0.15245007481854478
41,1485,1526,0.15245511953022003
41,1485,1526,0.15245791762869632
40,1493,1533,0.15245977882810668
37,1491,1528,0.152464587048274
37,1489,1526,0.15247738531300015
37,1492,1529,0.15248913065191994
35,1487,1522,0.15249961078698995
35,1484,1519,0.15251435865075288
36,1489,1525,0.15252851902856054
36,1492,1528,0.15253862167314358
40,1480,1520,0.1525484569453235
40,1473,1513,0.15254609309859718
37,1470,1507,0.15254446501969882
38,1478,1516,0.1525504287036501
36,1477,1513,0.1525539790401629
38,1485,1523,0.152562510708159
36,1483,1519,0.15256504100476243
35,1488,1523,0.15257280131577636
36,1491,1527,0.15258284468711866
36,1479,1515,0.15258995499919525
38,1477,1515,0.15259697893985738
35,1462,1497,0.1525983087666826
34,1472,1506,0.15260728117039318
35,1480,1515,0.15261840371896562
34,1488,1522,0.15262540420981485
36,1489,1525,0.15263472860331312
37,1480,1517,0.15263749621131142
34,1469,1503,0.1526373886686726
35,1477,1512,0.15264551441664234
34,1484,1518,0.15265041501824805
35,1484,1519,0.15265776451084265
34,1494,1528,0.15266122081434527
34,1498,1532,0.15266731792218394
35,1482,1517,0.15267316171576442
34,1479,1513,0.1526759677320503
34,1480,1514,0.15268137438992485
33,1478,1511,0.15268686640431284
31,1484,1515,0.1526949000838026
32,1479,1511,0.1527074935207408
33,1488,1521,0.15271710087316356
33,1498,1531,0.15272367641310142
35,1495,1530,0.1527300846763601
35,1504,1539,0.15273022187906565
36,1507,1543,0.1527298816613462
36,1504,1540,0.15272750371364713
35,1500,1535,0.15272562886198754
34,1503,1537,0.15272644506316183
35,1485,1520,0.15272941298620854
34,1472,1506,0.15272968771503204
32,1469,1501,0.15273265566973085
29,1487,1516,0.15274042527650825
28,1486,1514,0.15275497171761865
28,1492,1520,0.1527704181061711
27,1492,1519,0.15278493948246805
27,1486,1513,0.1528011717298384
27,1490,1517,0.15281573030502124
28,1500,1528,0.1528296821494875
28,1483,1511,0.15283985127317565
29,1483,1512,0.1528497061900959
28,1495,1523,0.1528561971773322
27,1485,1512,0.15286499271085427
25,1487,1512,0.1528754267078246
25,1489,1514,0.1528903588691277
25,1500,1525,0.15290464625029948
25,1499,1524,0.15291829176771018
25,1493,1518,0.15293130302677338
24,1479,1503,0.15294369139267075
25,1473,1498,0.15295795307742707
25,1483,1508,0.15296824386965516
24,1478,1502,0.15297811113887394
26,1488,1514,0.15298989328614915
26,1498,1524,0.15299499333548652
25,1494,1519,0.1529992029133056
24,1496,1520,0.1530058010253417
24,1482,1506,0.15301473124592324
25,1483,1508,0.15302339511180474
24,1484,1508,0.15302778660366226
24,1487,1511,0.15303449186797857
24,1482,1506,0.15304040486765744
24,1498,1522,0.1530463912733409
24,1486,1510,0.15305238892992745
22,1490,1512,0.15305834706833404
21,1490,1511,0.15306943258317965
21,1495,1516,0.15308241310221285
22,1492,1514,0.15309476988373308
23,1498,1521,0.1531036261653024
24,1494,1518,0.1531090226688254
24,1490,1514,0.15311130068777767
23,1490,1513,0.15311375028459767
23,1495,1518,0.15311881098932642
24,1506,1530,0.15312378995620618
25,1496,1521,0.1531254538408982
25,1492,1517,0.1531241856952869
25,1494,1519,0.15312262127666795
25,1489,1514,0.15312071000530295
24,1500,1524,0.15311935068955707
24,1494,1518,0.15312087004498168
23,1480,1503,0.15312191998080502
24,1479,1503,0.15312633262404587
23,1461,1484,0.15312760821712565
23,1472,1495,0.15313147781053796
23,1492,1515,0.15313539337738402
22,1498,1520,0.15313859042122363
19,1487,1506,0.1531449640622664
19,1480,1499,0.1531583688905327
18,1489,1507,0.153171118220658
18,1496,1514,0.15318560899945377
18,1497,1515,0.15319932836577985
17,1492,1509,0.1532123060574598
17,1497,1514,0.1532262875689306
17,1486,1503,0.1532395797216618
18,1487,1505,0.15325220164340148
18,1495,1513,0.15326112115019755
18,1504,1522,0.15326951372939554
17,1502,1519,0.15327758253351223
16,1492,1508,0.15328776896430824
16,1505,1521,0.15329984356626877
17,1504,1521,0.1533113055970057
17,1502,1519,0.1533189679178062
18,1501,1519,0.15332635729505736
18,1501,1519,0.15333056358247377
17,1503,1520,0.15333473685619833
17,1506,1523,0.15334131889557162
17,1509,1526,0.15334767219921808
17,1500,1517,0.15335378928320423
16,1483,1499,0.15335966578187538
16,1491,1507,0.1533676921242013
16,1490,1506,0.15337462861788942
16,1491,1507,0.1533813300492889
16,1505,1521,0.15338778713708445
14,1486,1500,0.15339399412188584
13,1494,1507,0.15340513962007257
13,1496,1509,0.15341808187525238
13,1503,1516,0.15343028309706597
13,1495,1508,0.15344178102850745
10,1492,1502,0.15345181630242158
10,1500,1510,0.1534684501157186
11,1499,1510,0.15348413182341442
11,1497,1508,0.1534965117708177
12,1506,1518,0.15350824341524144
12,1513,1525,0.15351636031473262
13,1519,1532,0.1535241407749986
13,1508,1521,0.15352865611417946
14,1508,1522,0.15353307953602613
13,1509,1522,0.15353418333235624
13,1515,1528,0.1535370467007073
12,1515,1527,0.15353983291111997
12,1514,1526,0.15354541404532326
12,1509,1521,0.15355087077511695
12,1505,1517,0.15355618054466702
11,1510,1521,0.1535613263038498
10,1506,1516,0.15356872140413988
11,1492,1503,0.15357858614080144
10,1497,1507,0.15358475976388994
10,1501,1511,0.15359318876597286
10,1502,1512,0.15360122440368618
10,1496,1506,0.15360887352476962
8,1505,1513,0.15361614492644185
8,1503,1511,0.15362787493701302
8,1496,1504,0.15363895732334512
8,1506,1514,0.15364942150126112
7,1516,1523,0.15365929652361018
7,1513,1520,0.15367103851876004
7,1510,1517,0.15368210293774257
6,1501,1507,0.15369252553179613
6,1506,1512,0.15370475115410195
6,1507,1513,0.15371625891808502
5,1509,1514,0.15372708889748002
5,1499,1504,0.15373972240608416
5,1502,1507,0.1537516031054686
5,1508,1513,0.1537627741443948
6,1506,1512,0.15377327643311486
5,1514,1519,0.1537799385844237
6,1503,1509,0.1537886847454221
6,1504,1510,0.1537938868875205
6,1503,1509,0.1537989413279031
6,1501,1507,0.15380383463670125
6,1515,1521,0.15380855715368133
6,1516,1522,0.1538131023715162
6,1517,1523,0.1538174664073149
6,1501,1507,0.1538216475504004
6,1510,1516,0.15382564587592476
6,1515,1521,0.15382888530204833
6,1511,1517,0.15383205935924915
6,1507,1513,0.15383515441615953
6,1493,1499,0.1538381600069373
5,1502,1507,0.153841068329867
5,1506,1511,0.15384632279256955
6,1513,1519,0.1538513205506877
6,1511,1517,0.15385282810271356
7,1514,1521,0.15385439390907366
7,1510,1517,0.1538527658517465
8,1518,1526,0.1538514517953487
7,1528,1535,0.1538475996103601
7,1522,1529,0.1538469498906172
8,1518,1526,0.1538464823062667
8,1527,1535,0.1538429914171275
8,1517,1525,0.15383992199460286
8,1515,1523,0.15383722223117677
8,1505,1513,0.15383484678208714
8,1507,1515,0.15383275594991228
8,1515,1523,0.15383091497291748
7,1506,1513,0.15382929340387477
7,1512,1519,0.15383033400915136
8,1504,1512,0.15383138874514862
8,1501,1509,0.1538292848952775
7,1514,1521,0.15382747073821076
7,1517,1524,0.15382847621588996
6,1514,1520,0.15382952219446394
7,1516,1523,0.1538334202670835
7,1509,1516,0.1538343756778186
8,1502,1510,0.15383533236935754
7,1509,1516,0.15383304306789433
7,1499,1506,0.15383351830589095
7,1513,1520,0.1538340888304443
6,1510,1516,0.15383473264373726
6,1504,1510,0.15383789412478596
6,1514,1520,0.15384094598931253
6,1504,1510,0.15384388418116376
6,1512,1518,0.15384670628221248
5,1521,1526,0.1538494112320608
5,1517,1522,0.1538546704230442
5,1515,1520,0.15385962168704928
4,1526,1530,0.1538642818079362
4,1519,1523,0.15387106559157676
4,1518,1522,0.1538774432357061
4,1532,1536,0.15388343761252687
4,1517,1521,0.15388907052744014
4,1519,1523,0.15389436273386695
3,1513,1516,0.15389933395443556
3,1514,1517,0.15390645603845582
3,1505,1508,0.15391314620186453
3,1509,1512,0.15391943012128495
3,1514,1517,0.15392533202808992
3,1514,1517,0.1539308747774892
3,1508,1511,0.15393607991621627
3,1502,1505,0.15394096774849986
2,1502,1504,0.15394555740007973
2,1506,1508,0.15395228414358855
2,1501,1503,0.15395860138498893
2,1515,1517,0.15396453366751353
2,1517,1519,0.15397010412460968
2,1514,1516,0.15397533455169235
2,1510,1512,0.153980245475652
2,1511,1513,0.15398485622194957
2,1509,1511,0.15398918497918201
2,1501,1503,0.1539925499043162
2,1502,1504,0.15399580618981973
2,1515,1517,0.15399894799330677
2,1517,1519,0.15400197145268543
2,1512,1514,0.1540048743528031
2,1516,1518,0.1540076558403313
2,1511,1513,0.15401031618027705
2,1524,1526,0.15401285654839444
2,1522,1524,0.15401527885453997
2,1513,1515,0.15401758559268025
2,1512,1514,0.1540197797138406
1,1519,1520,0.15402186451878241
1,1520,1521,0.15402627848488631
1,1534,1535,0.15403044243966613
1,1529,1530,0.1540343688746443
1,1524,1525,0.15403806990516292
1,1519,1520,0.15404155724022617
1,1524,1525,0.15404484216142209
1,1509,1510,0.15404793550938883
1,1513,1514,0.15405084767651628
1,1524,1525,0.1540535886047683
1,1527,1528,0.15405616778767897
1,1517,1518,0.15405859427571827
1,1526,1527,0.15406087668434826
1,1533,1534,0.1540630232041938
1,1516,1517,0.15406504161284448
1,1513,1514,0.15406693928788198
1,1523,1524,0.15406872322079124
1,1520,1521,0.15407040003147435
1,1514,1515,0.15407197598312994
1,1517,1518,0.15407345699730648
1,1513,1514,0.15407484866896962
2,1512,1514,0.15407615628145485
2,1514,1516,0.154074255610579
2,1506,1508,0.15407256055557364
2,1511,1513,0.1540710472087256
2,1523,1525,0.15406969458006145
2,1527,1529,0.15406848423033986
2,1530,1532,0.15406739995105764
2,1529,1531,0.15406642748538008
2,1521,1523,0.1540655542847011
2,1529,1531,0.15406476929622864
2,1523,1525,0.1540640627775889
2,1530,1532,0.1540634261349666
2,1517,1519,0.15406285178174853
2,1520,1522,0.15406233301503497
2,1523,1525,0.15406186390772203
2,1521,1523,0.154061439214159
2,1512,1514,0.15406105428764175
2,1511,1513,0.15406070500822852
2,1516,1518,0.15406038771956126
2,1521,1523,0.15406009917354413
2,1509,1511,0.1540598364818807
2,1509,1511,0.15405959707359862
2,1516,1518,0.15405937865780406
2,1509,1511,0.15405917919100445
2,1519,1521,0.15405899684842375
2,1524,1526,0.154058829998808
2,1521,1523,0.1540586771822835
2,1512,1514,0.15405853709088516
2,1516,1518,0.15405840855142267
1,1528,1529,0.15405829051039277
1,1523,1524,0.1540606186824457
1,1522,1523,0.1540628072616833
1,1516,1517,0.15406486416500037
1,1518,1519,0.1540667969285276
1,1518,1519,0.154068612715395
1,1522,1523,0.15407031832523665
1,1516,1517,0.15407192020502333
1,1528,1529,0.15407342446087416
1,1525,1526,0.15407483687055937
1,1533,1534,0.15407616289645285
1,1526,1527,0.1540774076987372
1,1527,1528,0.15407857614869766
1,1523,1524,0.15407967284197344
1,1516,1517,0.15408070211165906
0,1504,1504,0.15408166804117163
