1356,28,1384,0.13579578403131165
1408,30,1438,0.132984258378597
1427,32,1459,0.1302798258390781
1440,33,1473,0.12776590528807444
1451,33,1484,0.12544465282736467
1464,33,1497,0.12330567720546048
1457,36,1493,0.12132607094521873
1472,37,1509,0.11954650314525203
1459,36,1495,0.11788910216550179
1471,37,1508,0.11641681064386022
1457,36,1493,0.11504507588441555
1452,35,1487,0.11383315261650707
1444,36,1480,0.11274342611021186
1431,35,1466,0.11177304242060285
1442,35,1477,0.11092377541066074
1448,36,1484,0.11012673769972263
1454,35,1489,0.1093884859797558
1460,33,1493,0.1087023367021154
1478,32,1510,0.10806247685703617
1469,33,1502,0.10743737277253224
1460,33,1493,0.10689071565732934
1452,35,1487,0.10641575197914264
1464,34,1498,0.10600169630213907
1456,35,1491,0.10559748983596391
1461,36,1497,0.10524837734316385
1454,36,1490,0.10492001592089789
1449,38,1487,0.10463730662281147
1458,38,1496,0.10439127067905105
1461,39,1500,0.10414684347187098
1467,36,1503,0.10391943281865564
1460,34,1494,0.10369747507121119
1460,34,1494,0.10351058135604548
1455,33,1488,0.10334013318960648
1444,35,1479,0.10319897676413188
1447,33,1480,0.10309431351846943
1442,34,1476,0.10299140123266597
1447,36,1483,0.1029079855349193
1466,36,1502,0.10282105504255239
1460,35,1495,0.10270063028924793
1464,37,1501,0.10260295148001554
1459,36,1495,0.10250537207471595
1453,36,1489,0.1024298688873346
1454,34,1488,0.10237315013309788
1449,34,1483,0.10232113509504437
1456,34,1490,0.10228351910579823
1452,35,1487,0.10223346749738674
1454,36,1490,0.10219848694377819
1459,36,1495,0.10216210024649962
1457,36,1493,0.10211975254995284
1456,36,1492,0.10208446166287893
1455,36,1491,0.10205488062815891
1457,37,1494,0.10203095556905609
1467,36,1503,0.10200382969290211
1458,39,1497,0.10195557173333412
1454,41,1495,0.10193194220353549
1456,40,1496,0.10192178852767497
1449,36,1485,0.10190672604544129
1448,37,1485,0.10191045644134306
1452,36,1488,0.1019153058158249
1446,35,1481,0.10191310233078543
1441,34,1475,0.10192403136408831
1461,35,1496,0.10194672313982785
1457,37,1494,0.10192162652468557
1464,36,1500,0.10190809782664985
1464,33,1497,0.10187930087550968
1457,33,1490,0.10185170042641477
1452,34,1486,0.10184320948163045
1448,38,1486,0.10184763665553924
1448,37,1485,0.10185998832835452
1453,37,1490,0.10187133229302152
1450,40,1490,0.10187109202511485
1447,40,1487,0.10187761373372775
1458,41,1499,0.10188922871063076
1451,40,1491,0.10187562966155475
1448,43,1491,0.10187962982362476
1447,44,1491,0.10188942006595943
1446,46,1492,0.10190283172631535
1446,44,1490,0.10191954992200344
1453,47,1500,0.10193578919119531
1449,48,1497,0.10193608378174143
1461,47,1508,0.10194373644434986
1455,48,1503,0.10192438551116272
1462,49,1511,0.1019180007695968
1455,50,1505,0.10189845856356956
1458,51,1509,0.1018957638459494
1465,49,1514,0.10188822452829058
1453,49,1502,0.10186486006289197
1448,49,1497,0.1018719005736231
1453,49,1502,0.10188985974225868
1466,50,1516,0.10189534878697522
1462,49,1511,0.1018711892357312
1453,51,1504,0.10185804986038559
1452,48,1500,0.1018667461387425
1449,48,1497,0.10187730327910571
1453,49,1502,0.10189173939279343
1448,49,1497,0.10189491809181525
1443,48,1491,0.10190582202405246
1448,46,1494,0.1019285014528783
1438,47,1485,0.10194015067215643
1436,50,1486,0.1019754165146626
1442,50,1492,0.10201204569818416
1452,50,1502,0.102032418422151
1452,51,1503,0.10202961052738224
1448,51,1499,0.10202681148122697
1441,50,1491,0.10203299609381095
1436,51,1487,0.10205164351602415
1441,51,1492,0.10207845159268931
1448,51,1499,0.10209475437476395
1442,54,1496,0.10209440511880187
1455,54,1509,0.10210727701056115
1441,54,1495,0.10208849359541156
1433,53,1486,0.10210386899702627
1433,52,1485,0.10213562992056194
1437,50,1487,0.10216469030722465
1451,51,1502,0.10218457077352994
1446,50,1496,0.10217182419171365
1446,52,1498,0.10216960679992862
1444,50,1494,0.1021676246708309
1452,53,1505,0.1021688082560114
1451,53,1504,0.10215171707095788
1454,55,1509,0.10213875445958674
1447,56,1503,0.10212119845677624
1436,58,1494,0.10212051281991187
1428,60,1488,0.10214504075624084
1440,56,1496,0.10218703061576882
1431,56,1487,0.10219886036115158
1433,55,1488,0.10222929102941679
1444,56,1500,0.10225238700464662
1428,52,1480,0.10224762813851296
1427,55,1482,0.1022787187112225
1447,58,1505,0.10231273235088847
1447,60,1507,0.10229853982246634
1448,59,1507,0.10228608722021403
1447,60,1507,0.10227019920996444
1451,62,1513,0.10225611763636738
1450,60,1510,0.10223500010825529
1443,61,1504,0.10221856599273116
1437,64,1501,0.10222030119043105
1430,66,1496,0.10223724165432482
1436,64,1500,0.10226934703577693
1435,64,1499,0.10228583870472832
1440,62,1502,0.10230434232653743
1438,65,1503,0.10230817032895499
1430,66,1496,0.10231585751497402
1426,67,1493,0.10234044582138463
1421,68,1489,0.10237333710325074
1417,70,1487,0.10241524611632503
1420,72,1492,0.10246420176223234
1419,74,1493,0.10250295485868122
1410,73,1483,0.10254084434987976
1396,74,1470,0.10259667363646549
1399,72,1471,0.10267954449891298
1408,70,1478,0.10274882905792491
1423,72,1495,0.10279352775040937
1431,72,1503,0.1028005319982726
1428,71,1499,0.10278926332414247
1431,71,1502,0.10278582720297433
1446,70,1516,0.10277498067568316
1438,71,1509,0.10273126939541333
1426,70,1496,0.10270917018713076
1424,70,1494,0.10271381179929459
1425,70,1495,0.10272294180052942
1435,72,1507,0.10273009182077773
1432,74,1506,0.10271339316750147
1430,75,1505,0.10270382841046001
1432,72,1504,0.1027004457846465
1441,72,1513,0.10269315557393854
1439,67,1506,0.10266604348327857
1436,66,1502,0.10264418255323474
1430,65,1495,0.10263180823988614
1444,63,1507,0.10263383804778096
1445,66,1511,0.1026053803492659
1447,64,1511,0.10257595251498756
1449,65,1514,0.10254389167362511
1428,67,1495,0.10251182179115888
1410,68,1478,0.10252917089818946
1418,70,1488,0.10258664959202451
1413,74,1487,0.1026217408759981
1439,72,1511,0.10266473808078064
1427,74,1501,0.10264654706541278
1438,74,1512,0.10265691633151838
1434,74,1508,0.10264238041477135
1435,74,1509,0.10263814408195061
1417,74,1491,0.10263229120591989
1412,73,1485,0.10266663840582929
1415,72,1487,0.1027102287390493
1409,72,1481,0.10274388229245794
1412,71,1483,0.10278629800690343
1420,69,1489,0.10281904564754452
1419,70,1489,0.10283195116866162
1416,70,1486,0.10284571309714774
1406,76,1482,0.10286625989446982
1413,76,1489,0.10290528513328841
1413,76,1489,0.10292504768817143
1414,74,1488,0.102941631867197
1403,72,1475,0.10295359473796534
1414,73,1487,0.10298905153272198
1422,71,1493,0.10299704798654406
1418,69,1487,0.10298862079722572
1411,72,1483,0.10299096992615411
1420,72,1492,0.10300827360735852
1410,75,1485,0.10300326682988921
1415,75,1490,0.10302236029482187
1407,78,1485,0.10302991801729426
1418,78,1496,0.10305356029099176
1417,77,1494,0.10304834502879345
1413,74,1487,0.10304584164744764
1416,76,1492,0.1030519902693191
1411,71,1482,0.10305168044224451
1415,75,1490,0.10306252838252329
1422,73,1495,0.10306383928674841
1420,74,1494,0.10305126627998891
1427,72,1499,0.10304437318059734
1425,71,1496,0.10302315896021681
1419,72,1491,0.10300688897579974
1421,72,1493,0.10300362583593031
1417,70,1487,0.10299242562384531
1421,70,1491,0.1029926187185044
1429,70,1499,0.10298414955509727
1428,68,1496,0.10295643463724283
1421,65,1486,0.10293282679763487
1415,64,1479,0.10292756265522982
1420,63,1483,0.10293586470983156
1435,63,1498,0.10293237970090242
1440,64,1504,0.10289519453683094
1440,68,1508,0.10284998700840291
1452,68,1520,0.10280817842451423
1441,65,1506,0.10274264365766285
1440,65,1505,0.1027077659765036
1432,66,1498,0.10267857738888644
1424,66,1490,0.10266927260404371
1421,64,1485,0.10268003707005231
1421,66,1487,0.10269736674684289
1423,65,1488,0.1027117939472689
1428,67,1495,0.10272304581881146
1434,71,1505,0.10272401069261036
1431,71,1502,0.10271089270431123
1435,72,1507,0.10270383790587781
1418,70,1488,0.10268875236647056
1424,73,1497,0.10271207892679765
1425,73,1498,0.10272086054505777
1421,76,1497,0.10272759748576267
1419,76,1495,0.10274134116552311
1424,75,1499,0.10276003254924099
1410,74,1484,0.10276649350888149
1414,78,1492,0.10280330695531134
1409,80,1489,0.10282937090469706
1396,79,1475,0.10286592269313224
1412,78,1490,0.10292767020294806
1414,78,1492,0.1029474107400755
1414,75,1489,0.10296249665451962
1419,78,1497,0.10297424078854485
1420,74,1494,0.10297339604427709
1411,68,1479,0.10296845589301103
1424,68,1492,0.10298510272972843
1423,70,1493,0.10297227412121128
1426,74,1500,0.10296369118009757
1416,75,1491,0.1029479605064827
1409,77,1486,0.10295423087747815
1411,75,1486,0.10297443403674024
1415,76,1491,0.10299074451213848
1426,74,1500,0.10299714597252288
1431,73,1504,0.10297778264146178
1434,78,1512,0.1029484443339737
1427,82,1509,0.1029155465962091
1424,81,1505,0.10290137517453271
1425,83,1508,0.102894148716473
1422,81,1503,0.10288674844039367
1418,83,1501,0.10288893952855858
1421,82,1503,0.10289958022692605
1431,86,1517,0.10290343985386573
1426,87,1513,0.10288396439225661
1422,86,1508,0.10287838307808929
1421,81,1502,0.10288310847495083
1425,83,1508,0.10288911177518095
1396,80,1476,0.1028865628123448
1401,81,1482,0.10294986996879146
1402,81,1483,0.10299560295046252
1406,84,1490,0.10303645932911146
1401,83,1484,0.10306515269429374
1385,81,1466,0.1031025437214657
1395,84,1479,0.1031725604308661
1401,80,1481,0.10321230226388281
1411,83,1494,0.10323551693975219
1408,86,1494,0.1032365862495123
1410,87,1497,0.1032447408760966
1406,89,1495,0.10324653956013183
1408,90,1498,0.10325511915908286
1407,89,1496,0.10325919230504528
1401,91,1492,0.10326423257221357
1410,91,1501,0.10328381031909492
1413,93,1506,0.103282281426927
1408,93,1501,0.10327532858882041
1415,91,1506,0.1032794159059226
1406,94,1500,0.10326597080745813
1400,95,1495,0.10327613936916505
1421,95,1516,0.10329917027681548
1425,96,1521,0.10327427376951731
1414,93,1507,0.10324048741831994
1417,90,1507,0.10323568956528259
1404,92,1496,0.10322545352785846
1404,91,1495,0.10324662266406374
1394,98,1492,0.10326659709485718
1406,98,1504,0.10330732989407924
1412,99,1511,0.10331901031575885
1404,98,1502,0.10331533630504446
1415,100,1515,0.10333060976115735
1406,99,1505,0.10331786753236745
1400,100,1500,0.10332612439887123
1394,102,1496,0.10334824840815639
1393,106,1499,0.10338361175860097
1391,108,1499,0.10341827786002114
1383,109,1492,0.10345533042861163
1372,106,1478,0.10350592956316841
1381,109,1490,0.10357975281901471
1384,106,1490,0.10362718744347253
1389,107,1496,0.10366386111282816
1376,107,1483,0.10368877672185044
1376,107,1483,0.10374026121026947
1382,107,1489,0.1037867532709654
1379,108,1487,0.10381689437278457
1379,109,1488,0.10385199229463922
1376,108,1484,0.1038845961631198
1394,108,1502,0.10391936233477128
1398,110,1508,0.103912640064834
1383,111,1494,0.10389657301073665
1385,110,1495,0.1039156977701328
1376,114,1490,0.10392992396522974
1374,113,1487,0.10396413589760924
1364,115,1479,0.10400013703157164
1369,118,1487,0.10405556060925582
1373,116,1489,0.10409725667962698
1364,118,1482,0.10412738371946943
1367,118,1485,0.10417359850377585
1380,115,1495,0.10420886971554574
1380,112,1492,0.10421340203385064
1386,115,1501,0.10421771105541286
1391,111,1502,0.10420634119384746
1378,111,1489,0.10418370229708655
1389,112,1501,0.10419352163216587
1388,116,1504,0.10417945828157578
1379,111,1490,0.10416929073383266
1377,113,1490,0.1041788180667804
1386,115,1501,0.10419308470137148
1386,115,1501,0.10418484697059892
1392,116,1508,0.104177514782433
1383,115,1498,0.10415874013003386
1372,116,1488,0.10416147269625459
1372,121,1493,0.1041880742865333
1375,119,1494,0.10421293836143772
1361,117,1478,0.1042314627544509
1351,120,1471,0.10427850458413047
1362,120,1482,0.10434414498594886
1359,117,1476,0.10438112939766157
1356,120,1476,0.10442254593148953
1361,119,1480,0.10446754681556758
1373,120,1493,0.10449527232426153
1359,122,1481,0.10449414026900378
1353,120,1473,0.10452373255583884
1352,120,1472,0.1045647420972846
1352,122,1474,0.10460696770267436
1367,121,1488,0.10464367283927664
1362,125,1487,0.10464366540609206
1360,124,1484,0.10465204562573562
1371,122,1493,0.10466680417550055
1374,121,1495,0.10465457849647715
1386,124,1510,0.1046371764582187
1376,128,1504,0.10459362540268416
1367,132,1499,0.1045759728593946
1366,132,1498,0.10458098714604734
1355,130,1485,0.1045895625869052
1360,130,1490,0.10462231077316293
1361,128,1489,0.10464300363623195
1369,127,1496,0.10466219507415431
1372,132,1504,0.10466250183835077
1364,136,1500,0.10465605323582236
1354,137,1491,0.1046680380378523
1346,140,1486,0.10470416718640341
1356,142,1498,0.10475642148575297
1350,141,1491,0.10478240384795491
1345,135,1480,0.10482104571725659
1346,137,1483,0.1048675467913457
1357,139,1496,0.104905765010954
1364,138,1502,0.10491590712013617
1367,140,1507,0.10490968526637086
1366,140,1506,0.10489580618479585
1358,137,1495,0.10488575858867824
1347,135,1482,0.10489306301325324
1358,140,1498,0.10492637307183111
1342,143,1485,0.10493285033246191
1354,141,1495,0.104973525164103
1370,144,1514,0.10498356756169848
1361,146,1507,0.10495431769311207
1368,143,1511,0.10494802522366267
1375,143,1518,0.1049284401425502
1377,144,1521,0.10489551236317592
1359,144,1503,0.10486175437872367
1359,142,1501,0.10487223254475943
1356,140,1496,0.1048820311567611
1364,143,1507,0.10489863219719021
1363,142,1505,0.10489512119535518
1363,141,1504,0.10489680307212368
1357,138,1495,0.10489701672582541
1377,143,1520,0.1049097995750469
1371,138,1509,0.10487485182484779
1372,137,1509,0.10485624054701968
1370,130,1500,0.10483562951020019
1365,134,1499,0.10481762459225522
1366,136,1502,0.10481377761582798
1364,138,1502,0.1048077584852394
1363,135,1498,0.1048076048391718
1358,139,1497,0.104810721274195
1364,140,1504,0.10482612970324005
1359,138,1497,0.10482707549164051
1364,139,1503,0.10483957118680295
1365,139,1504,0.10483911392231353
1365,139,1504,0.10483552657152159
1378,138,1516,0.10483235292210673
1381,141,1522,0.10479896101545517
1382,142,1524,0.10476162980064486
1378,142,1520,0.10472655436163564
1370,139,1509,0.10470397239069136
1366,137,1503,0.10470234363341525
1367,132,1499,0.10471026975780068
1355,135,1490,0.10471392770765921
1360,140,1500,0.10474186072512875
1372,143,1515,0.1047576354265927
1367,141,1508,0.10474557702209487
1360,144,1504,0.10474529000863436
1358,144,1502,0.10476136675149839
1347,143,1490,0.10478130357373898
1350,146,1496,0.10482538156819828
1364,146,1510,0.10485856443359336
1367,145,1512,0.10485907848586563
1363,145,1508,0.10485303372181583
1353,146,1499,0.10485541152178733
1338,149,1487,0.10487890371617321
1333,151,1484,0.10493491046227878
1333,154,1487,0.10499725649316641
1327,152,1479,0.10505506236123847
1330,155,1485,0.10512291293524129
1335,155,1490,0.10517952183968869
1336,155,1491,0.1052199422727458
1341,163,1504,0.10525724731783223
1338,166,1504,0.10527989625944821
1336,165,1501,0.10530782811338427
1340,164,1504,0.10533876087031777
1323,160,1483,0.10535928974421385
1326,155,1481,0.10541258419506871
1318,156,1474,0.10545769491088881
1324,156,1480,0.10551608480390393
1341,151,1492,0.10555254363072414
1339,153,1492,0.10554715797290784
1336,153,1489,0.10554432453320178
1345,156,1501,0.1055481493485396
1351,155,1506,0.1055337002911319
1341,152,1493,0.10550729810608434
1350,152,1502,0.10550652659653871
1342,156,1498,0.10548613820598542
1332,152,1484,0.10548519088481786
1334,152,1486,0.10550613808975047
1339,153,1492,0.10552152975957427
1327,158,1485,0.10552544984192216
1331,163,1494,0.10555716556771802
1335,158,1493,0.10557910303243259
1324,159,1483,0.10558906942547626
1326,163,1489,0.10562559445641241
1341,164,1505,0.10565385986738843
1336,168,1504,0.10564554291862266
1345,169,1514,0.10564959263113849
1333,172,1505,0.10563430888316916
1327,174,1501,0.10564871396620035
1314,178,1492,0.10567679676458554
1313,174,1487,0.10573369852274471
1320,177,1497,0.1057890869288379
1317,179,1496,0.1058268541023298
1317,181,1498,0.10586847402024208
1317,179,1496,0.10590930911381373
1323,186,1509,0.10594570714610359
1333,188,1521,0.10596656118756012
1334,190,1524,0.1059616567360942
1331,189,1520,0.1059548987165347
1320,192,1512,0.10595831846978228
1324,189,1513,0.10598631350036702
1312,192,1504,0.10600138770226199
1306,196,1502,0.10604214975667176
1307,196,1503,0.10609579090054233
1298,200,1498,0.10614348669118591
1293,194,1487,0.10620892828079657
1300,195,1495,0.10628005187911882
1298,195,1493,0.10633021859085594
1306,194,1500,0.10638233154515284
1309,202,1511,0.10641121815837237
1297,202,1499,0.10643226488175463
1303,208,1511,0.10647778254104878
1295,208,1503,0.10650784469810415
1296,208,1504,0.1065568469182577
1287,212,1499,0.10660059423429519
1283,207,1490,0.10666324774661476
1285,211,1496,0.10672938576847325
1281,212,1493,0.10678598867749396
1288,211,1499,0.10684826510527284
1283,213,1496,0.10689154642874903
1279,213,1492,0.106940962259924
1277,210,1487,0.1069960846652413
1279,215,1494,0.10704951397020754
1282,212,1494,0.10709577427594551
1279,210,1489,0.10713250420393748
1269,218,1487,0.10717400130332136
1261,220,1481,0.10723503175597174
1263,224,1487,0.10730831014796798
1273,227,1500,0.10737375039770251
1272,224,1496,0.1074140580550607
1273,224,1497,0.10745143737734064
1260,220,1480,0.10748139421951508
1258,222,1480,0.10754022331751394
1253,224,1477,0.1075989896297849
1254,226,1480,0.10766307962266547
1254,227,1481,0.10772142738665007
1245,231,1476,0.10777379701735677
1247,228,1475,0.10784275657970502
1253,232,1485,0.10790105549119076
1268,231,1499,0.10794145718306215
1276,228,1504,0.10794581780516835
1280,231,1511,0.1079305821696974
1288,232,1520,0.10790727736288386
1282,233,1515,0.10786902519311027
1271,236,1507,0.10784806139743656
1269,239,1508,0.10785369543909529
1265,239,1504,0.10786586668702125
1271,236,1507,0.10788664393214172
1278,237,1515,0.10789247244224771
1274,241,1515,0.10788297058938624
1266,239,1505,0.10788540778578568
1266,237,1503,0.10790581523106878
1255,235,1490,0.10792724997624202
1252,236,1488,0.10796865039243084
1253,231,1484,0.10801417930784744
1261,237,1498,0.10805242195135113
1274,239,1513,0.10807101994372748
1252,243,1495,0.10805753206903368
1241,247,1488,0.10809431437585389
1246,248,1494,0.1081535475594984
1255,247,1502,0.10819913012985839
1259,249,1508,0.1082220246672291
1272,242,1514,0.10823225052084089
1268,243,1511,0.10821210336127216
1268,243,1511,0.10820164215843596
1270,240,1510,0.10818928469345863
1269,242,1511,0.10817508018387847
1268,238,1506,0.1081671529630352
1247,243,1490,0.10816178319368092
1249,242,1491,0.10820419233090771
1257,243,1500,0.10824105500602756
1258,241,1499,0.1082536843199067
1258,237,1495,0.10826264903433032
1257,239,1496,0.10826845309170405
1263,238,1501,0.10827662038544097
1258,232,1490,0.10827075433482318
1263,236,1499,0.10827415671677305
1256,237,1493,0.10826798715801379
1249,239,1488,0.10827974470248751
1259,246,1505,0.10830674874715872
1254,248,1502,0.10831150313434243
1253,249,1502,0.108327704713288
1257,251,1508,0.1083473548277718
1258,253,1511,0.10835515391660173
1255,253,1508,0.10836110636275667
1254,254,1508,0.10837324542552756
1251,253,1504,0.10838839927271794
1249,244,1493,0.10840712067058376
1237,249,1486,0.10842892468267365
1237,243,1480,0.10847750865101634
1229,244,1473,0.10852138231857834
1234,252,1486,0.10857919401475093
1233,254,1487,0.10862061586154706
1222,261,1483,0.10865989611047464
1229,260,1489,0.10872188230928266
1235,261,1496,0.10876599441662471
1238,254,1492,0.10879233629639529
1240,254,1494,0.10880881850425003
1240,253,1493,0.10881982491931971
1247,255,1502,0.10882918629714666
1251,256,1507,0.10882237310180765
1239,258,1497,0.10880846100115743
1239,259,1498,0.10882316545792677
1233,253,1486,0.10883758597212745
1243,258,1501,0.10886740108154011
1245,259,1504,0.10886973041600063
1237,260,1497,0.10886754244292984
1237,263,1500,0.10888416276090665
1234,263,1497,0.10889807030081894
1224,268,1492,0.10891790331984912
1229,275,1504,0.10895983637375978
1229,280,1509,0.10898844218208119
1218,277,1495,0.10901714963323371
1213,278,1491,0.10907000896435413
1210,278,1488,0.10913164392229248
1200,280,1480,0.10919596105402028
1213,287,1500,0.10928125967166266
1211,287,1498,0.1093298838778625
1214,291,1505,0.10937994332565168
1224,296,1520,0.10942016190140187
1216,296,1512,0.10943417232313553
1214,299,1513,0.10946797794754795
1189,299,1488,0.1095047484635552
1191,300,1491,0.10959759465204386
1197,307,1504,0.10967938524050362
1201,307,1508,0.10974070370857231
1197,302,1499,0.10978846649562012
1186,307,1493,0.10984136436483316
1186,309,1495,0.10991479942597775
1190,310,1500,0.10998284422783232
1187,304,1491,0.11003702237063567
1198,307,1505,0.11009361390081501
1188,309,1497,0.11012218648135233
1188,312,1500,0.11017252956176346
1196,308,1504,0.11021835985439284
1195,307,1502,0.11024252653348811
1187,307,1494,0.11026627390218861
1185,304,1489,0.11030698811917931
1184,306,1490,0.11035062796898316
1189,305,1494,0.11039318162243472
1185,314,1499,0.11041962456933341
1180,315,1495,0.11045160775455094
1178,315,1493,0.11049519807927792
1171,316,1487,0.11053977291821036
1175,310,1485,0.11059772239805479
1174,322,1496,0.11064352305344606
1185,324,1509,0.11068766692392824
1181,324,1505,0.11070263606498709
1175,320,1495,0.11072675696601302
1174,333,1507,0.1107611816804664
1181,329,1510,0.11079616903356566
1175,329,1504,0.11081276429199349
1166,323,1489,0.11084105658376185
1177,322,1499,0.11088775522862267
1186,327,1513,0.1109073390048798
1185,333,1518,0.11090497481082479
1174,334,1508,0.11090891098988041
1168,333,1501,0.11094040378254587
1171,331,1502,0.11098535457886237
1161,340,1501,0.11102082871348375
1171,336,1507,0.1110776844781682
1173,330,1503,0.11110330291317279
1170,336,1506,0.11112209008557286
1164,339,1503,0.11114526079846289
1162,342,1504,0.11118405671592058
1167,341,1508,0.11122526848429266
1168,338,1506,0.11124961165592859
1164,340,1504,0.11127072722617054
1150,340,1490,0.11130024289775672
1145,343,1488,0.11135684609347252
1156,339,1495,0.1114219380986447
1157,343,1500,0.11145511873780647
1168,351,1519,0.11148515244542846
1168,350,1518,0.11148577537939566
1157,345,1502,0.11148539530098878
1152,349,1501,0.11151345064727135
1153,351,1504,0.11155346260151563
1152,348,1500,0.11158776568272465
1154,346,1500,0.1116264286139912
1156,349,1505,0.11165427224097972
1167,345,1512,0.11167216032033822
1164,345,1509,0.11166190364859062
1171,352,1523,0.11166230795642221
1165,352,1517,0.11164797875146995
1155,360,1515,0.11164790383702694
1144,358,1502,0.11166982951128679
1136,357,1493,0.11171700839217365
1145,367,1512,0.11178142807885322
1127,369,1496,0.11182080672221055
1127,363,1490,0.11190046632465495
1130,362,1492,0.1119760960345354
1135,365,1500,0.11203906719401587
1131,368,1499,0.1120836446897556
1131,359,1490,0.11213356735402356
1123,361,1484,0.11217924467521331
1133,363,1496,0.1122393711569228
1132,366,1498,0.11227354323282547
1137,369,1506,0.11230650489816497
1122,372,1494,0.11232242684693056
1120,370,1490,0.11236800787871877
1128,364,1492,0.1124163446834225
1126,367,1493,0.11244434523692594
1119,376,1495,0.11247513941546745
1108,369,1477,0.11252068358045808
1111,377,1488,0.11258819151223833
1117,377,1494,0.11264459173202933
1124,377,1501,0.11268637195947179
1112,384,1496,0.11270788270195643
1098,393,1491,0.11275642159253539
1115,388,1503,0.11283414144458703
1117,388,1505,0.11286702476741578
1118,387,1505,0.11289292701398809
1109,383,1492,0.1129145492628128
1103,384,1487,0.11295676217809515
1108,386,1494,0.11300942922186136
1109,392,1501,0.11304783766548661
1108,395,1503,0.11308044462964004
1107,397,1504,0.1131130817530655
1105,394,1499,0.11314560058722012
1106,385,1491,0.113178047013078
1108,384,1492,0.11320675631036703
1107,389,1496,0.113228517953395
1102,385,1487,0.11325043625060303
1103,381,1484,0.11328218632167657
1112,386,1498,0.11330902574706353
1104,389,1493,0.11330960488165687
1102,394,1496,0.11333062934454763
1102,401,1503,0.1133551250025459
1103,402,1505,0.11338117932114447
1098,396,1494,0.11340323780223127
1101,399,1500,0.11343635101763525
1102,401,1503,0.11346152014246062
1103,402,1505,0.11348104459825001
1097,406,1503,0.11349970801684275
1088,405,1493,0.11352754895986628
1095,407,1502,0.11357291882480919
1086,411,1497,0.1135979465904341
1086,417,1503,0.11364513046918749
1094,411,1505,0.11368740413442571
1083,408,1491,0.11371036433881887
1076,418,1494,0.1137548677238722
1077,429,1506,0.11381562997621744
1065,427,1492,0.11386996693899828
1069,430,1499,0.11395049047991485
1073,424,1497,0.11401865390297272
1081,423,1504,0.11406873501403883
1078,427,1505,0.1140990567423405
1066,428,1494,0.11413708661233318
1070,437,1507,0.11419860875210354
1064,436,1500,0.11424479365669321
1069,437,1506,0.11430101192582756
1070,436,1506,0.11434360494440114
1071,431,1502,0.11438075805580498
1051,424,1475,0.11441240517223861
1062,427,1489,0.11448712348450808
1070,430,1500,0.11453470782764245
1064,432,1496,0.11456039181243312
1061,442,1503,0.11459695592629543
1066,444,1510,0.11463490156445061
1070,448,1518,0.11466064575441128
1077,452,1529,0.1146771869294038
1064,454,1518,0.11467577480073093
1059,449,1508,0.11470593458975122
1047,449,1496,0.11474777645254139
1051,447,1498,0.11481663296375483
1042,452,1494,0.1148714714678859
1036,457,1493,0.11494174247791836
1027,459,1486,0.1150230772175478
1031,465,1496,0.11511862830306889
1019,463,1482,0.11519959958484291
1014,468,1482,0.11530468617570765
1018,472,1490,0.11541504208298846
1013,475,1488,0.11550615454647246
1012,470,1482,0.11560235343769372
1012,469,1481,0.115695183378837
1019,476,1495,0.11578288224935875
1030,471,1501,0.11584672011778671
1045,457,1502,0.11587992213422695
1042,457,1499,0.1158745858273224
1043,466,1509,0.11587541883318865
1029,473,1502,0.11587496032214897
1034,477,1511,0.11590348361174349
1024,470,1494,0.11592059768470717
1020,466,1486,0.11595972634993913
1025,472,1497,0.11600431173463434
1024,483,1507,0.11603317769960629
1021,482,1503,0.11606428792283723
1017,478,1495,0.11609937897644684
1016,476,1492,0.11614255090514573
1026,478,1504,0.11618382112713373
1027,478,1505,0.11619883940538653
1025,473,1498,0.11621105997486364
1031,477,1508,0.11622602141023707
1032,483,1515,0.11622343890992343
1020,481,1501,0.11621935197595751
1010,492,1502,0.11624609511603907
997,500,1497,0.1162955521525894
1012,505,1517,0.11637247735619738
1007,504,1511,0.11641011470490963
1005,504,1509,0.11645654095859012
999,500,1499,0.11650559698388296
1000,504,1504,0.1165658553397217
991,500,1491,0.11662127036241428
1002,512,1514,0.11669357763657906
1008,508,1516,0.11673306203514641
1005,511,1516,0.11675667251181808
993,517,1510,0.11678513299063972
990,512,1502,0.11683994720702902
995,506,1501,0.11689949437949863
995,498,1493,0.11694589051398556
992,504,1496,0.1169866864167028
984,494,1478,0.1170290378255546
981,508,1489,0.11708470570892203
985,508,1493,0.11714391679044464
989,506,1495,0.11719258445228452
992,509,1501,0.11722940380192341
987,509,1496,0.1172567850506395
996,509,1505,0.11729242233078892
986,510,1496,0.1173057326588863
975,520,1495,0.11734029624563046
976,519,1495,0.11739780822184517
980,517,1497,0.11744616629145935
982,516,1498,0.1174814946991679
977,522,1499,0.11751102077451758
990,523,1513,0.11754967386313783
985,530,1515,0.11755561114377205
987,528,1515,0.1175741140280731
973,523,1496,0.11758616522392089
975,524,1499,0.11763089360244038
974,531,1505,0.11766703816902827
975,534,1509,0.11770248001176623
981,535,1516,0.1177353767239016
985,531,1516,0.11775215191685197
981,543,1524,0.11775818684454205
971,543,1514,0.11777490767631632
965,542,1507,0.11781578875414259
955,546,1501,0.11786936304122214
949,552,1501,0.11794446636158819
959,550,1509,0.11802584308959435
965,544,1509,0.11807869005781498
963,548,1511,0.11811397814422303
956,558,1514,0.11815138583744948
947,557,1504,0.11820243872711439
953,557,1510,0.11826981528632445
944,561,1505,0.11831995009644057
954,557,1511,0.11838720281079308
961,559,1520,0.1184266278124032
950,554,1504,0.11844962779870688
950,566,1516,0.11849702613716431
945,561,1506,0.11854070059737744
950,560,1510,0.11859378132068585
940,562,1502,0.11862896598857192
928,555,1483,0.11868609010580057
925,556,1481,0.11876643419946983
920,556,1476,0.11884928683724513
925,569,1494,0.11893854970754876
932,566,1498,0.11900911966332646
932,562,1494,0.11905950286521844
932,568,1500,0.11910495600528961
929,565,1494,0.11914760767717965
937,557,1494,0.11919303315263882
932,556,1488,0.11921156346750987
933,555,1488,0.11923947757228849
934,555,1489,0.11926237267303268
929,554,1483,0.11928363545999723
918,562,1480,0.11931727688532838
921,565,1486,0.11937271853945046
925,566,1491,0.11941714938232698
921,571,1492,0.11944888676248495
924,573,1497,0.11948859552227092
929,576,1505,0.11951953883680413
917,585,1502,0.11953629405556163
925,580,1505,0.1195812414925822
924,577,1501,0.11960575808204255
927,580,1507,0.11963060947198458
928,576,1504,0.11964651468691422
918,587,1505,0.11966182400652721
912,582,1494,0.11970045067050773
911,581,1492,0.11975036087765677
901,588,1489,0.11979652061605378
905,588,1493,0.11986400994393936
890,594,1484,0.11991804883831282
894,596,1490,0.12000286651589157
899,601,1500,0.12007374857183452
887,607,1494,0.12013067432075544
899,599,1498,0.12021147711374375
901,604,1505,0.12025896783946323
899,598,1497,0.1203000111783378
889,604,1493,0.12034244921793684
889,614,1503,0.12040670841499797
878,612,1490,0.1204667072413887
879,615,1494,0.12055010980951707
879,611,1490,0.12062623732032104
877,622,1499,0.1206957501572063
869,633,1502,0.12076467481187285
871,634,1505,0.12084914042339974
870,637,1507,0.12092319052793257
857,641,1498,0.12099566283084126
857,640,1497,0.12109371614186362
857,638,1495,0.12118503026065212
857,636,1493,0.12127113113347461
861,638,1499,0.12134834517773369
855,641,1496,0.12140990894511582
850,650,1500,0.12147944486560287
851,639,1490,0.12155834938967872
857,638,1495,0.12162821801194008
857,641,1498,0.12167619301075348
849,635,1484,0.12172305144182292
853,635,1488,0.1217869705014067
849,637,1486,0.12183385856914775
851,630,1481,0.12188771590422434
852,637,1489,0.12193116519726135
864,648,1512,0.12196568008892066
862,645,1507,0.12196867602984016
865,643,1508,0.12197661418546467
858,644,1502,0.12197812131522592
856,643,1499,0.12199945635777815
848,645,1493,0.12202646902095075
850,654,1504,0.1220702455896239
863,666,1529,0.12210618753920813
862,660,1522,0.1221095049047726
842,664,1506,0.12211708298177987
840,662,1502,0.12217131334251469
847,660,1507,0.12222922727201077
845,664,1509,0.12226821073395955
844,667,1511,0.12230785343784667
836,673,1509,0.12234844089484931
831,673,1504,0.1224039468183254
838,674,1512,0.12246787372795215
842,670,1512,0.12251230616834924
838,677,1515,0.12254715034517324
829,675,1504,0.12258945054240492
828,678,1506,0.12265120732022926
825,683,1508,0.12271180400193803
833,676,1509,0.12277513219954511
833,673,1506,0.12281502161743496
837,673,1510,0.12285272556235446
828,681,1509,0.12287559048783833
831,686,1517,0.12291738400093638
824,682,1506,0.12295063567169798
825,681,1506,0.1229990388666499
828,687,1515,0.12304359710037267
824,690,1514,0.12307892131104026
813,687,1500,0.1231236070768602
816,695,1511,0.12319110969343156
815,699,1514,0.12324744025867648
807,702,1509,0.12330237172757187
805,714,1519,0.12337203526534307
798,707,1505,0.1234413258282392
786,710,1496,0.12352379228212562
791,703,1494,0.12363051975982974
791,702,1493,0.12371785907142137
799,704,1503,0.12380079557910605
796,699,1495,0.12385730397524201
796,698,1494,0.12391627235908179
800,687,1487,0.12397022298706233
798,690,1488,0.12401265097723041
804,693,1497,0.12405766979725291
794,704,1498,0.12408471840003393
797,711,1508,0.1241322993669666
793,705,1498,0.12417015609398308
795,708,1503,0.12421573358949349
803,705,1508,0.12425564963414278
807,706,1513,0.12427410949727079
809,714,1523,0.12427646476387036
807,708,1515,0.12427442953774033
804,704,1508,0.12427689563256554
803,702,1505,0.12428765852598084
805,701,1506,0.12429885696374039
802,693,1495,0.1242993632050287
809,694,1503,0.12430838845750813
803,690,1493,0.12430100408647249
799,694,1493,0.12430940063290072
791,689,1480,0.12432039526210685
797,694,1491,0.12434895184032646
800,681,1481,0.12436100305833991
811,681,1492,0.12436246856910263
810,690,1500,0.12434051215803262
804,690,1494,0.12432099120087128
799,692,1491,0.12431660309166592
799,685,1484,0.12432405865924129
817,683,1500,0.12433004171624978
822,673,1495,0.12429110922748614
821,689,1510,0.12424582575554957
815,694,1509,0.12420598258460763
814,703,1517,0.12418554672851219
823,690,1513,0.12416918199062822
813,679,1492,0.12413088672027647
816,673,1489,0.1241198510258612
820,683,1503,0.12409980308569349
820,683,1503,0.12407110975852376
809,687,1496,0.12404671721041037
802,687,1489,0.12404781717613692
799,687,1486,0.12406480146579942
800,689,1489,0.12408933772423378
794,686,1480,0.12411065043973543
797,696,1493,0.12414249173806287
796,702,1498,0.1241652128463086
809,699,1508,0.12419037157474158
811,690,1501,0.1241821650631247
797,701,1498,0.12416831604282608
799,697,1496,0.12418942951602982
794,695,1489,0.12420018017983775
790,700,1490,0.12422188211001753
795,704,1499,0.1242520545381672
798,709,1507,0.12427199508792297
804,702,1506,0.12428652612490271
809,702,1511,0.12428709540825476
798,709,1507,0.12427147779980187
790,704,1494,0.12428034923507562
794,709,1503,0.124308603484456
799,716,1515,0.12432378100930463
799,717,1516,0.12432683241338106
799,711,1510,0.1243317128267386
799,708,1507,0.12433840202891161
806,710,1516,0.12434493561676167
808,713,1521,0.12433604842773334
803,714,1517,0.12432447846062362
812,709,1521,0.12432470408733988
811,710,1521,0.12430434276668006
802,702,1504,0.12428740224775986
804,705,1509,0.12429377665360895
805,711,1516,0.12429543327670985
796,707,1503,0.12429665817399346
803,712,1515,0.12431932890631618
796,716,1512,0.12432772110904157
796,713,1509,0.12435293538187465
797,722,1519,0.12437662218725717
803,730,1533,0.12439568696220495
794,717,1511,0.12440033730231798
796,720,1516,0.12442665927833005
795,717,1512,0.12444394224826193
784,712,1496,0.12446423701588592
787,721,1508,0.12450969420748872
781,720,1501,0.12454487450838175
776,718,1494,0.12458946828982079
778,710,1488,0.12464251175007235
774,716,1490,0.124687741461392
775,717,1492,0.12474075727831418
771,720,1491,0.12478835943549928
770,723,1493,0.1248391130905139
780,716,1496,0.12488513734771745
784,716,1500,0.12490133941908493
782,715,1497,0.12490988038740473
781,720,1501,0.12492264096279847
793,715,1508,0.12493569743496163
784,723,1507,0.12491850503233846
784,719,1503,0.12492549345574283
796,716,1512,0.12493291644955921
797,721,1518,0.12491221533359437
792,717,1509,0.12489208784261947
783,722,1505,0.12488520814424328
779,720,1499,0.1248995757157469
779,722,1501,0.1249241041401849
776,716,1492,0.12494822391243464
775,721,1496,0.12497891003684847
767,736,1503,0.12501152693501857
775,731,1506,0.12505877855180306
768,732,1500,0.12508437267553715
757,733,1490,0.12512408520130383
764,740,1504,0.1251881349998472
762,741,1503,0.12523206244523333
770,752,1522,0.12527528364100282
758,755,1513,0.12529699040533526
755,755,1510,0.12534744120056618
747,753,1500,0.1254017684055894
747,749,1496,0.125470466639368
758,746,1504,0.12553200902108305
759,754,1513,0.12556288747379749
768,750,1518,0.12558994633232207
750,758,1508,0.1255957604465907
743,752,1495,0.1256438578410548
753,761,1514,0.1257047769000243
743,761,1504,0.12573537532758927
732,785,1517,0.1257890280421099
742,782,1524,0.12586532900772873
737,783,1520,0.12591261529056122
731,782,1513,0.1259675444840434
725,777,1502,0.12603533286961455
729,778,1507,0.12611249677728398
726,777,1503,0.12617469930005945
722,788,1510,0.1262406681182857
724,786,1510,0.1263134015396381
720,787,1507,0.12637791618383293
725,790,1515,0.1264488749336456
715,790,1505,0.12650099489715422
714,784,1498,0.12657352762821375
701,791,1492,0.12664183564822504
708,804,1512,0.12673430390278903
703,813,1516,0.1268032136156165
710,817,1527,0.12688238455327208
712,814,1526,0.12694136291381664
700,803,1503,0.12699161887646657
702,809,1511,0.127067801566876
696,809,1505,0.12713454006010555
694,810,1504,0.1272101978029742
702,809,1511,0.12728579875739807
701,800,1501,0.12733460625775428
703,795,1498,0.12737995631747553
700,795,1495,0.12741796827978896
692,800,1492,0.12746048264887266
708,806,1514,0.1275171002149269
713,808,1521,0.12753255137022002
713,800,1513,0.12753528078405288
704,797,1501,0.12753601559332853
714,788,1502,0.1275571095781327
716,786,1502,0.1275512190950945
720,796,1516,0.1275423772567851
712,791,1503,0.12752486096849736
715,808,1523,0.12752836486999294
719,805,1524,0.12752385228010835
716,805,1521,0.12751375085041738
712,809,1521,0.1275106457501958
700,816,1516,0.12752149498334478
698,822,1520,0.12755886284941986
694,823,1517,0.12759951968648847
690,821,1511,0.1276471369437745
694,813,1507,0.12770086312664028
691,814,1505,0.12774014358458896
692,817,1509,0.12778719363926563
697,819,1516,0.12782825339296722
689,823,1512,0.12785507403264298
691,816,1507,0.12789562035925386
698,818,1516,0.12792897384238666
694,813,1507,0.12794402290385193
701,813,1514,0.12796761553654798
700,810,1510,0.1279750491583032
700,808,1508,0.12798411808054538
702,806,1508,0.1279906263345809
704,813,1517,0.12799343687857895
697,804,1501,0.1279895330915126
696,810,1506,0.12800341355684958
692,815,1507,0.12801911058482454
683,823,1506,0.1280427984404224
677,823,1500,0.12808515431713746
689,819,1508,0.12813931258814437
683,816,1499,0.1281579724772403
683,821,1504,0.1281911465187543
692,823,1515,0.12822271863584622
687,820,1507,0.12823083687586057
685,826,1511,0.12825154204323347
678,819,1497,0.1282756859228407
683,817,1500,0.1283151952819047
678,823,1501,0.12834136794450207
683,825,1508,0.12838057070484712
687,834,1521,0.1284043449245098
684,837,1521,0.128415827415721
685,841,1526,0.12843571141340424
680,835,1515,0.1284509077308887
672,832,1504,0.12847609179725206
670,834,1504,0.12851826307601352
667,831,1498,0.12856254370367468
670,844,1514,0.12861095008262563
666,839,1505,0.1286481202688722
671,842,1513,0.12869122544688585
668,850,1518,0.12872065313332165
668,841,1509,0.128751990269859
672,837,1509,0.12877956818216657
674,840,1514,0.1287969705765207
668,827,1495,0.1288067201533872
680,832,1512,0.12882937247411574
678,831,1509,0.12882225730596664
681,832,1513,0.1288210549436842
676,824,1500,0.12881246804973023
663,827,1490,0.1288181796031202
656,833,1489,0.12885294225226496
654,835,1489,0.12890089436516353
664,837,1501,0.12894987517026257
663,842,1505,0.12897189431052392
661,849,1510,0.1289920103694755
658,833,1491,0.12901933825845074
664,829,1493,0.1290531706352043
670,828,1498,0.12906902154737707
658,841,1499,0.12906863714446
653,845,1498,0.12909839897451195
651,831,1482,0.12913846189545009
663,838,1501,0.12918006865224002
658,840,1498,0.12919048379600992
659,841,1500,0.12921331206498493
651,852,1503,0.1292286567767537
648,848,1496,0.12926251456429225
644,857,1501,0.1293010042653438
643,849,1492,0.12934596431846596
641,851,1492,0.1293929442624612
644,853,1497,0.12944301490804955
644,867,1511,0.12948346133485272
642,858,1500,0.12952296260944776
642,856,1498,0.12956467733144594
648,859,1507,0.12960267608847353
646,854,1500,0.12962239101839723
649,859,1508,0.1296444944538927
649,859,1508,0.12965877969926112
645,859,1504,0.1296719416698716
643,861,1504,0.12969556079453337
641,874,1515,0.12972407000193734
630,870,1500,0.12975760794723515
630,868,1498,0.1298140688683327
627,874,1501,0.12986662683678557
628,876,1504,0.12991951706757457
625,866,1491,0.12996697891916756
628,866,1494,0.13001876231914175
628,881,1509,0.13005811652686414
625,873,1498,0.13009380690606956
615,870,1485,0.1301352582955912
615,874,1489,0.1302001833703534
618,875,1493,0.13026138808562693
605,882,1487,0.13031364765402276
604,889,1493,0.1303925298532777
603,896,1499,0.13047110650205213
605,899,1504,0.13054921611683434
604,909,1513,0.13061753132652298
598,900,1498,0.13068485439673916
600,917,1517,0.13076260696561495
595,927,1522,0.13082883963041295
589,925,1514,0.13090215238520764
582,921,1503,0.1309849447426207
584,916,1500,0.13107816395300592
584,929,1513,0.13116309110027838
580,929,1509,0.13124116968327026
568,925,1493,0.13132479965468322
561,939,1500,0.131428868835648
573,944,1517,0.13154225284786267
574,949,1523,0.13161871710932296
569,934,1503,0.13168797343443367
565,925,1490,0.13176608778628945
575,924,1499,0.13184852988570903
573,935,1508,0.1319014504105945
573,923,1496,0.13195543845880203
572,933,1505,0.13200529755752213
565,943,1508,0.13205471793218057
569,941,1510,0.13211980436973367
570,933,1503,0.13217181694291116
575,936,1511,0.13221597401003346
573,937,1510,0.13224576756900824
570,933,1503,0.13227753837595185
566,933,1499,0.13231519690715182
566,934,1500,0.13235951664880566
572,931,1503,0.13240055930229574
570,934,1504,0.13242600501080268
563,937,1500,0.1324566340305332
564,933,1497,0.13249619501991358
561,944,1505,0.13253024761134166
565,932,1497,0.1325700515555762
564,935,1499,0.13259783367306274
559,952,1511,0.13262558468478497
561,946,1507,0.132664136103583
554,942,1496,0.13269537728335573
550,945,1495,0.13274217930143714
552,933,1485,0.13279557221921373
547,943,1490,0.13284255192366876
549,952,1501,0.1328960544529879
543,962,1505,0.13294043057281185
543,963,1506,0.13299461788618694
544,978,1522,0.13304554362804258
554,978,1532,0.13309281767537995
549,975,1524,0.13311356603372787
548,978,1526,0.13314414132640856
545,969,1514,0.13317620143980194
535,980,1515,0.1332139087218053
528,976,1504,0.13327167959029382
527,962,1489,0.133341981904639
522,957,1479,0.13340927638653702
524,966,1490,0.13348332307349178
544,972,1516,0.1335469170661626
545,971,1516,0.13355834892822133
541,973,1514,0.13356732429823442
541,971,1512,0.1335870253338691
544,964,1508,0.1336051080361798
545,964,1509,0.13361031390213773
548,961,1509,0.1336116783361815
551,963,1514,0.13360740980417962
536,973,1509,0.13359699583541323
534,972,1506,0.13362591229944762
528,966,1494,0.1336573505558323
522,983,1505,0.13370063995940565
517,984,1501,0.13375330954039732
515,982,1497,0.1338138404274788
516,991,1507,0.13387735802735695
509,986,1495,0.13393455157845197
509,998,1507,0.1340049832655765
504,996,1500,0.1340729187626033
504,1000,1504,0.13414839349900518
502,1001,1503,0.13421758304631162
500,1005,1505,0.13428815795687257
496,1008,1504,0.13436143280944615
491,1016,1507,0.13443947743235662
485,1014,1499,0.13452407663506397
478,1028,1506,0.13461667708332464
485,1032,1517,0.13472183525122552
486,1035,1521,0.13480257622405226
479,1035,1514,0.1348761669147126
478,1029,1507,0.13496191289817303
483,1039,1522,0.13504531137105225
490,1033,1523,0.1351110185650839
484,1038,1522,0.13515701189939996
481,1039,1520,0.13521561800769913
478,1042,1520,0.13527632239399467
480,1044,1524,0.13534134044257976
479,1039,1518,0.13539751556770663
467,1044,1511,0.1354528811998126
464,1048,1512,0.13553037014667402
465,1058,1523,0.1356094328652654
462,1052,1514,0.13568257756484467
459,1049,1508,0.13575831168891622
455,1051,1506,0.13583627238517454
456,1057,1513,0.13591835772128466
465,1058,1523,0.13599239252110096
467,1051,1518,0.13603933659347145
463,1034,1497,0.1360792252864022
467,1034,1501,0.13612451110909743
467,1042,1509,0.13615641229385986
472,1043,1515,0.13618544759150047
474,1043,1517,0.13620235799047886
475,1055,1530,0.13621137441283754
472,1047,1519,0.13622009820791173
476,1046,1522,0.1362327216688519
473,1038,1511,0.13623644849792715
470,1039,1509,0.13624786918676576
471,1050,1521,0.13626810069622808
463,1048,1511,0.1362852077441614
465,1046,1511,0.13631893193425196
469,1054,1523,0.1363441842081573
462,1058,1520,0.13635767711867128
453,1047,1500,0.13638984043282132
455,1049,1504,0.1364387118806925
448,1039,1487,0.13648040929792304
448,1058,1506,0.13653345275373446
454,1055,1509,0.13657958628070152
456,1055,1511,0.13660875537220338
449,1055,1504,0.13662996498873858
451,1049,1500,0.13666743662186825
455,1043,1498,0.13669915079455705
461,1056,1517,0.13671928872946562
449,1055,1504,0.1367204695398295
458,1064,1522,0.13675153372299328
453,1063,1516,0.1367597813425897
450,1055,1505,0.13677983019226217
454,1060,1514,0.13680693989824885
452,1061,1513,0.1368205611341504
450,1056,1506,0.13683836458157564
456,1061,1517,0.1368599467178889
458,1050,1508,0.13686368857185824
458,1049,1507,0.13686142876552565
460,1050,1510,0.13686027710679316
461,1034,1495,0.13685391340364805
462,1052,1514,0.1368428584084895
464,1053,1517,0.13682737979991516
459,1058,1517,0.1368100113772981
454,1056,1510,0.13681112096774636
456,1057,1513,0.1368247117595053
452,1058,1510,0.13683192954217172
446,1055,1501,0.13684712137444738
445,1059,1504,0.13687471648202248
449,1055,1504,0.1369020469660853
449,1064,1513,0.1369152886507812
454,1057,1511,0.13692728989511405
444,1065,1509,0.13692536176082476
440,1063,1503,0.1369483974774017
441,1047,1488,0.13698084564651936
432,1064,1496,0.13701016045930367
429,1063,1492,0.1370617512698006
428,1063,1491,0.13711633967458034
433,1068,1501,0.1371685997930882
432,1064,1496,0.13720607794391199
436,1062,1498,0.13724250120288914
427,1065,1492,0.13726565741372673
440,1071,1511,0.1373082881188486
443,1074,1517,0.13731703042396776
435,1088,1523,0.13731929293698342
433,1094,1527,0.13734216915751862
421,1096,1517,0.13737043364783427
418,1092,1510,0.13742549723374403
421,1101,1522,0.1374826629896265
418,1094,1512,0.1375291566876088
419,1094,1513,0.1375828399268804
412,1090,1502,0.13763115694014247
414,1089,1503,0.13769234538893788
410,1085,1495,0.1377440222252478
410,1094,1504,0.13780146637817403
409,1101,1510,0.13785508741764851
412,1112,1524,0.1379065169176412
416,1102,1518,0.1379482184749808
419,1101,1520,0.13797953490935683
415,1098,1513,0.13800242023809464
417,1098,1515,0.1380329018013554
411,1097,1508,0.1380569419033161
413,1097,1510,0.13809405515768985
414,1096,1510,0.13812458185514198
410,1103,1513,0.13814932114085962
408,1104,1512,0.13818168990061783
400,1105,1505,0.13821917789005525
406,1104,1510,0.13827273053911926
401,1111,1512,0.13830697980736745
406,1098,1504,0.13835053779131667
412,1097,1509,0.13838281304153455
411,1090,1501,0.1383977797429952
402,1104,1506,0.13841061235484087
402,1106,1508,0.13844224737181998
403,1104,1507,0.13847251618944217
402,1114,1516,0.13850049770964856
398,1107,1505,0.1385290681682058
399,1119,1518,0.1385662566926907
395,1129,1524,0.1385979491331457
395,1125,1520,0.1386379684777602
401,1118,1519,0.13867773574541237
402,1124,1526,0.13870140343076784
400,1117,1517,0.13872056708159508
401,1116,1517,0.13874359580686288
394,1104,1498,0.1387602551015512
385,1108,1493,0.13879395219453758
391,1104,1495,0.13884686775794045
396,1114,1510,0.13888020872022086
398,1115,1513,0.13890009821707358
398,1116,1514,0.1389142939649655
394,1110,1504,0.13892867776956067
397,1100,1497,0.13895107001051177
398,1104,1502,0.13896317762094373
400,1116,1516,0.13897342552729475
399,1115,1514,0.13897734786357077
393,1111,1504,0.1389826324510747
387,1107,1494,0.1390019665007611
392,1104,1496,0.1390337823590042
390,1099,1489,0.13905088662571438
391,1118,1509,0.13907072766953132
395,1115,1510,0.13908712456279623
393,1115,1508,0.1390916930654463
394,1126,1520,0.13910292710558989
383,1123,1506,0.13911318250010113
377,1119,1496,0.13914855650405653
370,1116,1486,0.13919622216965333
367,1120,1487,0.1392546853106556
370,1126,1496,0.13931774863349722
366,1129,1495,0.13936730818496162
368,1137,1505,0.13942336132445787
375,1145,1520,0.13947089531980228
374,1134,1508,0.13949913367191388
376,1133,1509,0.1395296142865963
369,1134,1503,0.1395533738034161
368,1140,1508,0.1395932200868705
369,1145,1514,0.13963320435274382
365,1137,1502,0.13966907016888996
358,1144,1502,0.1397103121685341
358,1161,1519,0.13976538446985032
357,1167,1524,0.13981831702656863
349,1166,1515,0.13987119190107616
346,1162,1508,0.13994123634059596
342,1159,1501,0.14001398569342308
344,1162,1506,0.14009047047476808
343,1162,1505,0.14015626989904792
348,1153,1501,0.14022028297272138
352,1158,1510,0.14026569531812516
348,1162,1510,0.1402984274402456
349,1162,1511,0.14034112951810107
342,1161,1503,0.14037857794277322
344,1163,1507,0.14042862626048278
338,1163,1501,0.1404706049535314
333,1166,1499,0.14052574478002444
339,1165,1504,0.1405888994146858
333,1167,1500,0.1406317262926573
332,1180,1512,0.14068669489260302
334,1175,1509,0.14074165371535455
333,1173,1506,0.140787478676639
330,1181,1511,0.14083249893017094
335,1179,1514,0.1408819589333635
335,1173,1508,0.14091576300875847
336,1174,1510,0.14094810538056546
329,1179,1508,0.1409762654197141
327,1179,1506,0.14102070786833248
326,1183,1509,0.1410690964821769
325,1188,1513,0.14111427748173958
325,1191,1516,0.14115775927834184
328,1180,1508,0.14120025465133995
322,1181,1503,0.14123155861769793
319,1179,1498,0.14127665635864758
323,1198,1521,0.14132551818703387
319,1196,1515,0.1413607422762595
319,1198,1517,0.14140517512275455
317,1199,1516,0.14144688389507118
322,1203,1525,0.14149095365490558
317,1200,1517,0.1415202177558568
320,1203,1523,0.14155942048402315
316,1188,1504,0.14158917603410281
316,1190,1506,0.14162748369100783
317,1193,1510,0.14166196731714062
318,1193,1511,0.14168948210495233
316,1188,1504,0.1417132494546625
319,1198,1517,0.14173980012450524
322,1203,1525,0.14175910292362548
327,1198,1525,0.14177141884969927
323,1194,1517,0.14176768418376695
328,1191,1519,0.14177377639177463
321,1186,1507,0.14176365985608183
321,1186,1507,0.14177251491196674
319,1173,1492,0.14178276758974082
317,1181,1498,0.1417964747751006
315,1184,1499,0.14181382839615975
322,1192,1514,0.14183464556384678
316,1200,1516,0.14183587753680668
316,1196,1512,0.14185307720521656
317,1192,1509,0.1418672119259897
315,1182,1497,0.14187887107417194
315,1201,1516,0.14189629812196636
313,1200,1513,0.14191157216441755
313,1195,1508,0.14193143687583004
310,1192,1502,0.14194885216676995
308,1188,1496,0.1419733784391844
307,1194,1501,0.14200275571838505
307,1204,1511,0.1420331755432853
301,1210,1511,0.1420618971929108
300,1222,1522,0.14210306112495338
297,1216,1513,0.1421451748731272
300,1213,1513,0.14219282510951853
303,1221,1524,0.1422285434597526
312,1208,1520,0.1422556907442782
302,1210,1512,0.14225814062120665
308,1207,1515,0.1422825493268082
306,1200,1506,0.1422911908270615
307,1196,1503,0.14230641148983497
307,1207,1514,0.14231875039064001
305,1213,1518,0.1423311580535027
301,1219,1520,0.14234754081810316
296,1216,1512,0.14237176218664424
302,1221,1523,0.14240514951755856
303,1222,1525,0.14242341412154316
298,1210,1508,0.14243805259476633
299,1216,1515,0.14246438587123836
295,1211,1506,0.14248736651095076
292,1214,1506,0.14251821150864583
288,1215,1503,0.14255428130699468
289,1226,1515,0.1425985681233983
287,1234,1521,0.14263672248161105
285,1225,1510,0.1426788560076377
279,1234,1513,0.14272344060178618
285,1226,1511,0.14277837125451917
284,1225,1509,0.1428159765122365
288,1228,1516,0.14285240439128702
290,1220,1510,0.14287611549080398
286,1232,1518,0.1428937722878449
284,1237,1521,0.14291917752578048
287,1224,1511,0.14294713236006057
282,1227,1509,0.14296597246093234
279,1234,1513,0.14299703862459712
280,1231,1511,0.14303405613244718
282,1238,1520,0.1430663368009791
277,1235,1512,0.14308907700738158
271,1244,1515,0.14311963105536546
276,1238,1514,0.1431610371456318
277,1240,1517,0.14318941007665548
276,1232,1508,0.1432142609111229
274,1228,1502,0.1432398961916439
273,1238,1511,0.14326921424948974
268,1240,1508,0.14329803146113357
268,1231,1499,0.14333821820604625
271,1232,1503,0.14337633608492392
272,1240,1512,0.14340431494586267
271,1239,1510,0.14342814035957524
268,1246,1514,0.14345340485736308
269,1250,1519,0.14348439402502555
271,1251,1522,0.143511828061529
276,1254,1530,0.14353235245013815
273,1254,1527,0.14353995574451112
272,1249,1521,0.14355496559327158
268,1245,1513,0.1435704529297617
267,1240,1507,0.14359441136487872
266,1225,1491,0.14361859629818313
265,1241,1506,0.14364438933856338
263,1253,1516,0.1436723044594865
261,1259,1520,0.1437044480089173
257,1257,1514,0.143739340308421
258,1256,1514,0.14378231401453911
259,1257,1516,0.14382020130347326
259,1256,1515,0.14385357171633842
258,1268,1526,0.14388232746606688
258,1259,1517,0.1439113275020912
254,1245,1499,0.14393941674236965
249,1250,1499,0.1439747993689688
256,1265,1521,0.14402109521940612
256,1268,1524,0.1440481565148618
248,1270,1518,0.1440734581986549
250,1267,1517,0.14411666223144606
250,1274,1524,0.14415221187446256
246,1280,1526,0.14418329090762871
244,1282,1526,0.14422310577760789
250,1273,1523,0.14426487823779283
253,1267,1520,0.14428792886751132
250,1261,1511,0.14430097362035663
247,1259,1506,0.14432113393180757
249,1267,1516,0.14434891731985403
245,1271,1516,0.1443701194662048
244,1259,1503,0.14440065568894966
244,1260,1504,0.14443169372000517
246,1252,1498,0.14445983386741937
247,1259,1506,0.14448101087170137
246,1252,1498,0.14449798660664434
248,1258,1506,0.14451507868183333
245,1269,1514,0.1445253119148111
243,1265,1508,0.1445404421647145
240,1256,1496,0.14455980001974578
240,1263,1503,0.1445851113617143
239,1270,1509,0.1446084630291268
244,1269,1513,0.14463359566284664
246,1272,1518,0.14464519395257358
244,1276,1520,0.14465233321417237
241,1270,1511,0.14466367734306054
237,1267,1504,0.1446797984663511
235,1261,1496,0.1447054900934781
237,1264,1501,0.14473291614559605
235,1263,1498,0.14475264125516002
241,1273,1514,0.1447765563746854
243,1269,1512,0.1447844556318381
241,1276,1517,0.14478690892427118
237,1267,1504,0.14479505214227106
238,1262,1500,0.14481096812636435
236,1267,1503,0.1448231760565065
240,1269,1509,0.14483895816856387
243,1268,1511,0.144843696354196
246,1275,1521,0.1448413718308543
240,1265,1505,0.144832655910297
240,1257,1497,0.1448380819112839
240,1268,1508,0.14484443058461088
238,1260,1498,0.14485003043165876
240,1261,1501,0.14485893669933167
238,1254,1492,0.144860992345252
247,1261,1508,0.14486850272858337
246,1268,1514,0.14485209660471302
243,1271,1514,0.14483944811585484
251,1260,1511,0.14483662156964022
249,1251,1500,0.14481371384651628
252,1256,1508,0.14479524465681692
249,1255,1504,0.14477030030447305
250,1264,1514,0.14475520048298093
250,1269,1519,0.1447394073473267
249,1259,1508,0.14472711688606069
245,1269,1514,0.14471791547774304
237,1286,1523,0.14471948226406475
245,1285,1530,0.14473957620444408
244,1283,1527,0.14473796910863043
247,1274,1521,0.14473860093555097
246,1270,1516,0.14472998314877888
247,1266,1513,0.1447262116603318
250,1256,1506,0.1447210741104756
255,1255,1510,0.14470897351870818
250,1267,1517,0.14468390917092644
247,1270,1517,0.1446731614501212
246,1273,1519,0.14467104500109582
239,1263,1502,0.14467249800928125
239,1269,1508,0.14468973661031476
244,1268,1512,0.1447069255186321
239,1255,1494,0.1447120989113886
242,1269,1511,0.1447307550952642
248,1266,1514,0.14474210978034752
249,1274,1523,0.14473788530985365
244,1267,1511,0.1447315207724583
242,1274,1516,0.14473863573580284
233,1280,1513,0.14475006338494661
236,1290,1526,0.1447807859233075
235,1292,1527,0.14480164909804533
232,1284,1516,0.14482484712937638
226,1290,1516,0.14485453818177804
217,1286,1503,0.1448968430532074
220,1294,1514,0.14495812515110298
217,1297,1514,0.14500849897783546
213,1308,1521,0.14506442636809577
217,1303,1520,0.14512517954233853
212,1309,1521,0.14517287967769815
212,1301,1513,0.14523068036710968
214,1302,1516,0.14528492192216358
213,1311,1524,0.14533149362966558
212,1307,1519,0.14537688056543197
212,1297,1509,0.14542134478684363
207,1310,1517,0.14546023078635945
200,1310,1510,0.14550776760051817
197,1315,1512,0.1455690022417443
202,1308,1510,0.14563323608101775
205,1308,1513,0.1456819626741652
198,1313,1511,0.14572001112155536
195,1304,1499,0.1457707130823463
192,1307,1499,0.14582509643328784
193,1309,1502,0.1458845314572027
198,1310,1508,0.14593850025695718
194,1308,1502,0.1459779099917397
192,1306,1498,0.14602376429254807
192,1315,1507,0.146072303652516
195,1315,1510,0.14611795403312672
198,1320,1518,0.1461541169038988
197,1323,1520,0.14618087154148302
196,1322,1518,0.14620700440402296
194,1319,1513,0.14623544858415247
190,1315,1505,0.14626694880021018
195,1309,1504,0.14630518986397462
195,1312,1507,0.1463282886807809
191,1315,1506,0.14635127644966386
186,1324,1510,0.14638268981186806
184,1316,1500,0.1464263422514293
185,1315,1500,0.1464724353918905
186,1318,1504,0.14651244153596577
181,1322,1503,0.14654641683103684
185,1330,1515,0.1465913818358373
188,1337,1525,0.14662357152804595
188,1338,1526,0.14664631826511673
191,1335,1526,0.14666740718167723
192,1319,1511,0.14667866638629581
193,1321,1514,0.1466858307591283
191,1316,1507,0.14668843351886038
191,1317,1508,0.14669577689361385
191,1323,1514,0.14670314156492398
190,1328,1518,0.14670816822621627
190,1323,1513,0.1467162864023761
190,1320,1510,0.14672179472879832
194,1320,1514,0.14672733517871417
191,1309,1500,0.1467228190758106
190,1329,1519,0.14672739080973013
186,1332,1518,0.1467333433640804
185,1317,1502,0.14674915935325605
190,1318,1508,0.14676743464964553
188,1333,1521,0.14677323494142366
186,1320,1506,0.14678334473118668
187,1327,1514,0.14679809334593572
188,1338,1526,0.1468093950555548
185,1335,1520,0.14681898066960333
178,1333,1511,0.14683537714488648
182,1336,1518,0.14686659344598715
182,1328,1510,0.14688644882844984
184,1325,1509,0.1469045123268432
183,1325,1508,0.14691766686936147
184,1332,1516,0.14693343181265395
187,1338,1525,0.14694496275107558
187,1326,1513,0.14695071008574337
184,1325,1509,0.14695511551882384
186,1335,1521,0.14696468937613613
184,1349,1533,0.14696921641641722
188,1342,1530,0.1469796781958672
188,1336,1524,0.14698166501410145
185,1331,1516,0.14698353319843235
180,1329,1509,0.1469924919269784
182,1326,1508,0.14701357360241923
184,1330,1514,0.14702657122248627
179,1322,1501,0.14703556404801915
178,1328,1506,0.14705487381847673
180,1320,1500,0.1470748634842365
179,1322,1501,0.14708832521963555
178,1321,1499,0.14710489180324474
178,1323,1501,0.1471207746702254
175,1325,1500,0.1471376212047341
176,1333,1509,0.14716070165995965
177,1329,1506,0.14717891040931602
174,1336,1510,0.14719433499500972
175,1331,1506,0.14721677572455083
175,1335,1510,0.14723504475007704
175,1347,1522,0.14725201603776483
174,1348,1522,0.14726918590599608
176,1351,1527,0.14728691894267215
170,1349,1519,0.14729837051438577
173,1348,1521,0.14732450519362028
177,1350,1527,0.1473412828665093
175,1350,1525,0.14734506575012707
175,1344,1519,0.14735457665297658
174,1343,1517,0.14736314090756888
169,1340,1509,0.14737536552153419
168,1339,1507,0.14739872173843432
170,1348,1518,0.14742235388055602
170,1359,1529,0.14744015036186583
166,1370,1536,0.14745835232097002
162,1362,1524,0.1474856589927938
163,1359,1522,0.14752138719882507
158,1366,1524,0.1475507355228347
152,1359,1511,0.14759012902564791
149,1369,1518,0.14764044920686856
151,1356,1507,0.14769609023598862
150,1371,1521,0.14774301543441812
146,1367,1513,0.14778835105806046
148,1363,1511,0.14784084878603754
144,1360,1504,0.14788488744107223
144,1364,1508,0.14793535405598413
148,1358,1506,0.14798153642241615
154,1363,1517,0.1480147069581903
155,1361,1516,0.14803069455030193
145,1366,1511,0.14804204678966257
150,1369,1519,0.14807658232288426
149,1366,1515,0.14809830729892456
148,1369,1517,0.1481220501357929
148,1378,1526,0.14814666843758925
149,1369,1518,0.1481707979987308
148,1377,1525,0.14819150078934343
152,1369,1521,0.14821311960397834
153,1365,1518,0.14822185243691965
152,1367,1519,0.14822807895945236
153,1367,1520,0.14823692207863723
152,1365,1517,0.14824262971606791
152,1359,1511,0.14824894607477404
149,1364,1513,0.14825658631574146
150,1362,1512,0.1482714615888526
146,1368,1514,0.1482838912764127
148,1369,1517,0.14830566287749208
145,1379,1524,0.14832113905566321
142,1379,1521,0.14834308747356373
143,1379,1522,0.14836886718484926
141,1378,1519,0.14839012860818446
146,1380,1526,0.1484148426928209
146,1376,1522,0.14842511178922554
144,1369,1513,0.14843525830095783
145,1369,1514,0.1484504097404277
148,1375,1523,0.14846149218297244
145,1376,1521,0.1484630730498341
143,1381,1524,0.14847227484237555
140,1376,1516,0.14848614637314722
143,1385,1528,0.14850591241901814
144,1380,1524,0.14851680598061934
146,1378,1524,0.1485228469975124
145,1373,1518,0.14852310996945164
149,1375,1524,0.14852722313113603
145,1369,1514,0.14852150094009475
148,1368,1516,0.1485261408669401
149,1362,1511,0.1485231139401916
146,1374,1520,0.1485173712366917
145,1376,1521,0.14852018542635437
144,1383,1527,0.14852526748522044
142,1376,1518,0.1485334654047561
143,1378,1521,0.14854511199524126
138,1387,1525,0.1485544206080696
138,1387,1525,0.14857596725903083
139,1378,1517,0.1485949941113625
139,1382,1521,0.1486085885425325
142,1380,1522,0.14862135080022726
142,1385,1527,0.1486266166283818
138,1387,1525,0.14863249951893434
136,1389,1525,0.14864809869909407
136,1377,1513,0.14866524033895864
137,1373,1510,0.14868245904410227
135,1365,1500,0.148696667246317
132,1374,1506,0.14871539390702845
135,1375,1510,0.1487399339493647
132,1376,1508,0.1487551724700681
134,1386,1520,0.14877754487551825
134,1384,1518,0.14879453910769697
131,1385,1516,0.14880876467268953
134,1383,1517,0.14882901094032902
134,1389,1523,0.1488386096167335
137,1386,1523,0.14884772667892332
136,1386,1522,0.14884889953776084
132,1383,1515,0.14885344647085386
133,1374,1507,0.14886584109011702
131,1380,1511,0.1488745258529707
133,1375,1508,0.14888710824246298
134,1372,1506,0.14889451673839685
132,1381,1513,0.14889905400322004
131,1377,1508,0.14891009868089974
130,1376,1506,0.1489237372914556
130,1388,1518,0.14893896585774333
126,1390,1516,0.14895250599133647
126,1388,1514,0.14897508668506843
120,1383,1503,0.14899674044367786
122,1368,1490,0.14903223422562714
126,1361,1487,0.14905973686917817
125,1375,1500,0.1490763706545904
122,1381,1503,0.1490948641115194
121,1367,1488,0.14911980411285433
121,1373,1494,0.14914497101461785
121,1376,1497,0.1491683529823838
122,1379,1501,0.1491907487898751
121,1390,1511,0.14920940878350517
120,1395,1515,0.14922876362007936
120,1393,1513,0.14924923071205579
115,1387,1502,0.14926870816255414
116,1399,1515,0.14929924031736413
117,1394,1511,0.14932502836878947
116,1399,1515,0.14934725132728408
116,1403,1519,0.14937042439041825
115,1385,1500,0.14939307421829504
118,1396,1514,0.14941720091378102
114,1400,1514,0.14943085505125697
115,1403,1518,0.1494532136761649
115,1414,1529,0.1494719118923262
117,1413,1530,0.14948981177693305
115,1413,1528,0.14950166015416308
115,1419,1534,0.14951847088521586
113,1413,1526,0.14953506934174884
109,1409,1518,0.14955594009751885
106,1409,1515,0.14958487058614814
106,1413,1519,0.1496192207017244
103,1412,1515,0.1496521865520054
101,1417,1518,0.14969017300112927
99,1408,1507,0.1497303758769591
97,1415,1512,0.1497728442473328
98,1407,1505,0.1498157328704726
95,1413,1508,0.14985388062929964
97,1405,1502,0.14989681725475368
99,1420,1519,0.14993248696320033
101,1426,1527,0.14996049041255968
97,1420,1517,0.1499815570749673
97,1410,1507,0.15001090846516596
95,1412,1507,0.15003805363243683
93,1437,1530,0.1500680275980289
95,1428,1523,0.15010126852452577
93,1424,1517,0.1501272304303822
92,1415,1507,0.1501567968430261
89,1420,1509,0.15018784459605664
90,1419,1509,0.1502236820635539
90,1414,1504,0.15025360121518397
88,1431,1519,0.15028136571095266
90,1431,1521,0.15031240000830398
89,1426,1515,0.15033608457400255
93,1428,1521,0.15036127591777657
90,1422,1512,0.1503737551060091
91,1429,1520,0.1503930119880649
84,1426,1510,0.15040953211561445
88,1422,1510,0.15044149640389226
89,1422,1511,0.15046209173290634
88,1425,1513,0.1504787375578472
87,1425,1512,0.15049729593280176
84,1426,1510,0.15051585418669342
84,1420,1504,0.1505408756577246
81,1425,1506,0.15056491459271712
83,1434,1517,0.1505947987296194
82,1436,1518,0.1506185945954435
81,1441,1522,0.15064218055451806
82,1444,1526,0.15066727774698527
82,1433,1515,0.1506881249625431
82,1432,1514,0.1507069609530381
83,1433,1516,0.15072419562715708
79,1429,1508,0.15073773741194327
76,1432,1508,0.1507584845800357
78,1435,1513,0.15078569804475925
76,1435,1511,0.15080702924975195
77,1435,1512,0.15083207680876523
75,1448,1523,0.1508529808168058
76,1436,1512,0.15087718997459057
76,1428,1504,0.1508972586494533
80,1441,1521,0.15091614960888702
77,1440,1517,0.15092216455291443
82,1437,1519,0.15093577935493915
79,1437,1516,0.1509357977979166
80,1440,1520,0.15094304243908893
78,1445,1523,0.15094856605626
76,1432,1508,0.1509600494270613
77,1444,1521,0.15097590325493776
77,1440,1517,0.15098906502413484
80,1435,1515,0.1510003062525283
81,1441,1522,0.15100205445673637
80,1444,1524,0.1510016405779463
78,1435,1513,0.15100428696852536
77,1429,1506,0.15101279481165952
76,1439,1515,0.1510239107736726
74,1439,1513,0.15103597318362227
77,1442,1519,0.15105233090324435
73,1443,1516,0.15105951219966174
72,1441,1513,0.15107673299815147
69,1441,1510,0.15109554392603855
68,1436,1504,0.1511204886624148
67,1432,1499,0.151145728334247
66,1438,1504,0.15117219358646164
66,1444,1510,0.1511996010701095
70,1447,1517,0.1512229778035774
70,1449,1519,0.15123487953229747
69,1449,1518,0.15124673134832833
70,1450,1520,0.1512610383871644
66,1462,1528,0.15127049559439412
63,1461,1524,0.15128895010013615
64,1454,1518,0.15131345442457467
63,1438,1501,0.15133399714478685
62,1447,1509,0.15135594853506806
61,1450,1511,0.15137953857236786
62,1444,1506,0.15140324234385372
64,1443,1507,0.1514240035377936
65,1449,1514,0.15143768643406325
67,1439,1506,0.15144841132686965
66,1443,1509,0.1514535822845358
69,1457,1526,0.15146158104792043
67,1462,1529,0.15146045453708842
67,1463,1530,0.15146535343152023
64,1458,1522,0.15147072113045532
63,1454,1517,0.15148340765877397
65,1455,1520,0.1514980519233829
67,1456,1523,0.15150682399160054
65,1458,1523,0.15151025689099434
64,1446,1510,0.15151858826672565
66,1443,1509,0.15152929135887047
65,1452,1517,0.15153514180246347
64,1457,1521,0.15154247035672586
63,1465,1528,0.15155215765702962
63,1458,1521,0.15156386467328242
63,1452,1515,0.15157537140580857
63,1447,1510,0.15158555335069632
63,1459,1522,0.15159470910289174
62,1459,1521,0.15160367624413226
61,1454,1515,0.15161506423863538
61,1463,1524,0.1516282314654914
59,1454,1513,0.15164011138063685
62,1475,1537,0.15165641540190586
60,1460,1520,0.1516640726997815
61,1461,1522,0.15167536357633904
63,1456,1519,0.1516833255380421
61,1442,1503,0.1516850369988371
61,1448,1509,0.15169176330627943
60,1465,1525,0.15169834299800938
60,1455,1515,0.15170754028746142
60,1460,1520,0.15171662906592676
58,1457,1515,0.1517256173633009
59,1458,1517,0.15173834212862725
55,1464,1519,0.15174824054052904
55,1462,1517,0.15176674242235447
56,1460,1516,0.1517845132246476
55,1455,1510,0.1517990010394727
55,1456,1511,0.1518149880280123
57,1457,1514,0.15182928608160284
56,1448,1504,0.15183563980026224
56,1448,1504,0.15184462780738073
54,1446,1500,0.1518535735861638
55,1457,1512,0.15186677775744808
59,1448,1507,0.1518765750093398
56,1456,1512,0.1518763814398495
56,1465,1521,0.1518837516647444
57,1464,1521,0.1518903364965283
56,1451,1507,0.15189459498988897
54,1464,1518,0.15190132557588842
54,1467,1521,0.151912304664686
55,1460,1515,0.15192293216403924
54,1465,1519,0.15192941508034777
55,1471,1526,0.15193806895436127
57,1471,1528,0.15194418380334906
56,1454,1510,0.15194318706417845
55,1449,1504,0.15194490334779084
55,1446,1501,0.15194724228458664
54,1444,1498,0.15195003099132115
55,1449,1504,0.15195621196644213
55,1462,1517,0.1519601620194543
55,1464,1519,0.15196466602126996
57,1459,1516,0.15196862020278964
57,1470,1527,0.15196774158442988
58,1456,1514,0.151967401882759
56,1455,1511,0.15196487422338154
58,1454,1512,0.15196769104386532
58,1466,1524,0.15196479569602797
57,1456,1513,0.15196268552714862
56,1461,1517,0.15196340809563633
52,1436,1488,0.15196609672833158
52,1442,1494,0.15197831209859144
52,1455,1507,0.15198916392790388
55,1453,1508,0.15199982066255668
57,1451,1508,0.15200047399926592
56,1475,1531,0.15199554382962407
56,1474,1530,0.15199384133147728
54,1478,1532,0.15199144383241361
56,1478,1534,0.15199442093229526
56,1475,1531,0.15199231560652351
53,1474,1527,0.1519894364316187
54,1474,1528,0.15199394196625776
55,1477,1532,0.15199563639217298
55,1481,1536,0.15199471953275823
55,1468,1523,0.15199428153325653
53,1470,1523,0.1519943919053027
52,1461,1513,0.15199959919332512
55,1462,1517,0.15200750544858146
56,1457,1513,0.15200690559522162
55,1458,1513,0.15200393557551375
59,1452,1511,0.15200438771778585
60,1462,1522,0.1519943700163718
60,1453,1513,0.15198317757570037
58,1450,1508,0.15197334726045678
57,1457,1514,0.15196950876854026
56,1454,1510,0.1519690297996519
56,1451,1507,0.1519714955173672
54,1438,1492,0.15197355749269392
53,1446,1499,0.15198040366948773
53,1453,1506,0.1519887795312511
54,1453,1507,0.15199708647085067
55,1442,1497,0.1520024407426443
55,1455,1510,0.15200458766971106
49,1455,1504,0.15200622056911925
53,1455,1508,0.152022015826937
52,1466,1518,0.15202618426323566
54,1450,1504,0.15203299635453502
53,1464,1517,0.15203519155295744
53,1470,1523,0.15204018395464472
55,1461,1516,0.15204395175822982
55,1466,1521,0.1520402704816592
56,1456,1512,0.1520369361126585
57,1465,1522,0.15203083399306286
57,1470,1527,0.15202275304328491
54,1467,1521,0.15201588747847758
53,1460,1513,0.15201807039659546
54,1466,1520,0.1520212156983794
55,1472,1527,0.15202163554542353
55,1476,1531,0.15202047023299795
58,1480,1538,0.15202005908722893
58,1481,1539,0.15201223906558903
58,1453,1511,0.15200486110204936
60,1462,1522,0.15199860019549682
61,1459,1520,0.15198785748831323
62,1466,1528,0.15197553219490606
60,1468,1528,0.15196175888878447
60,1463,1523,0.1519543238947371
60,1451,1511,0.1519470830574149
59,1452,1511,0.15193994911370667
57,1456,1513,0.15193596159731054
57,1459,1516,0.15193773495542992
57,1453,1510,0.15193984708160077
57,1454,1511,0.15194224226303785
54,1454,1508,0.15194364639907865
54,1462,1516,0.1519513668054125
56,1460,1516,0.1519591105251509
55,1457,1512,0.15196144778769166
57,1452,1509,0.15196625585934398
57,1442,1499,0.15196655580440985
54,1449,1503,0.15196635007386125
57,1454,1511,0.15197355329571477
59,1467,1526,0.1519728778477449
62,1447,1509,0.15196612993658237
61,1459,1520,0.1519522155408895
61,1457,1518,0.15194166926551492
59,1451,1510,0.15193246931330603
60,1437,1497,0.15192902827127783
58,1433,1491,0.1519236415433622
58,1431,1489,0.15192391791208668
58,1453,1511,0.15192465893125817
59,1464,1523,0.15192580163790967
57,1467,1524,0.15192458961085348
56,1461,1517,0.1519282700802837
55,1457,1512,0.15193366333670366
53,1459,1512,0.15194065174229468
54,1463,1517,0.15195241096214562
54,1458,1512,0.15196119955268017
53,1463,1516,0.15196957396699873
54,1468,1522,0.15198005836711995
54,1467,1521,0.15198779063205875
51,1467,1518,0.15199538491468756
53,1472,1525,0.15200952161803694
52,1468,1520,0.15201840231025288
51,1457,1508,0.15202908964610556
51,1460,1511,0.1520415040539196
50,1471,1521,0.1520533205704263
50,1480,1530,0.15206688738759844
49,1476,1525,0.15207964308283434
48,1464,1512,0.15209324917388015
49,1466,1515,0.1521085189930253
47,1466,1513,0.15212065842029218
45,1471,1516,0.152136898016249
45,1472,1517,0.15215679596981035
43,1462,1505,0.15217557326574213
43,1454,1497,0.1521977968720371
43,1465,1508,0.15221872777659193
43,1465,1508,0.15223805764917941
46,1473,1519,0.15225624470718105
47,1460,1507,0.15226501068994214
47,1461,1508,0.15227052391022083
45,1457,1502,0.1522761388489885
45,1458,1503,0.15228595666518494
44,1463,1507,0.1522954039549826
43,1461,1504,0.15230665819976733
44,1468,1512,0.15231935287552484
45,1461,1506,0.1523283953520808
44,1456,1500,0.15233387230282633
44,1467,1511,0.1523415100777696
44,1469,1513,0.15234897504355754
43,1463,1506,0.15235595561637516
43,1466,1509,0.15236446251801541
43,1476,1519,0.15237353095964332
44,1466,1510,0.15238220443372696
42,1460,1502,0.15238809538496279
42,1468,1510,0.1523974512961345
44,1468,1512,0.15240627836190512
46,1478,1524,0.15240888506066916
47,1467,1514,0.15240556685260714
45,1466,1511,0.1523998015047871
43,1473,1516,0.15239917802417685
43,1479,1522,0.15240446988583206
42,1486,1528,0.15240920618250353
44,1467,1511,0.15241568280843826
44,1472,1516,0.152416718111783
44,1465,1509,0.15241820435048148
43,1473,1516,0.15241942900862848
42,1476,1518,0.15242340865162332
41,1475,1516,0.15242979042291635
42,1473,1515,0.15243832101090596
42,1471,1513,0.1524446145699657
42,1486,1528,0.15245019899434106
42,1475,1517,0.1524559928782127
44,1484,1528,0.1524616738031804
44,1491,1535,0.1524617978834468
45,1495,1540,0.1524615214019558
45,1484,1529,0.1524593707252577
44,1479,1523,0.15245766615336565
44,1475,1519,0.15245867069287045
43,1473,1516,0.15245964133417414
43,1468,1511,0.1524623053291953
42,1469,1511,0.1524649364283383
42,1469,1511,0.15247008955383973
42,1461,1503,0.15247416799716762
42,1469,1511,0.1524782699595401
42,1475,1517,0.15248211857050756
41,1462,1503,0.15248504554548858
38,1469,1507,0.1524902579623383
37,1469,1506,0.152501918747683
39,1470,1509,0.15251620372714408
37,1469,1506,0.15252502825325853
39,1460,1499,0.152537795677267
39,1468,1507,0.15254424540839173
39,1470,1509,0.15255060060274642
39,1483,1522,0.1525558839937828
39,1486,1525,0.15256086947727837
39,1479,1518,0.152565272274399
38,1484,1522,0.15256982444026082
39,1485,1524,0.15257657618618597
37,1487,1524,0.15258056314514007
37,1478,1515,0.1525892651022945
37,1479,1516,0.15259739470244674
38,1478,1516,0.15260531547879558
36,1474,1510,0.15261037594088223
35,1482,1517,0.1526199896393747
34,1486,1520,0.15263169155124268
33,1480,1513,0.1526446174089633
35,1482,1517,0.15265883193632337
36,1483,1519,0.15266683721860422
37,1478,1515,0.15267219875793184
36,1476,1512,0.15267444562547658
36,1481,1517,0.15267921216653657
34,1487,1521,0.15268353287638
35,1486,1521,0.15269293543120455
37,1477,1514,0.15269898418719013
36,1479,1515,0.15270029303300256
36,1484,1520,0.15270401814670614
37,1492,1529,0.15270776364117122
36,1506,1542,0.1527083736273042
35,1494,1529,0.15271152099937452
37,1490,1527,0.15271599401561142
37,1482,1519,0.15271425111046424
38,1477,1515,0.1527128496656566
39,1488,1527,0.1527087746915951
41,1487,1528,0.15270173553956756
40,1484,1524,0.15269099048478385
39,1478,1517,0.15268385072136645
38,1483,1521,0.15267973613653252
38,1482,1520,0.1526788552419312
36,1484,1520,0.1526780372797663
36,1493,1529,0.1526822096917743
35,1493,1528,0.15268639252911453
35,1496,1531,0.15269250013891317
37,1491,1528,0.1526987151216063
40,1479,1519,0.15269932495019378
38,1467,1505,0.15269120400725925
40,1477,1517,0.1526895110760983
42,1483,1525,0.15268179348281474
39,1476,1515,0.15267039658421772
41,1472,1513,0.15266707682207886
41,1474,1515,0.15265910221419118
39,1464,1503,0.15265196865033492
39,1464,1503,0.15265028286279184
38,1475,1513,0.15264913178500092
39,1484,1523,0.15265077561701026
40,1472,1512,0.15264968409399132
39,1479,1518,0.15264604257086067
40,1472,1512,0.15264529235894084
41,1474,1515,0.15264249357079193
42,1475,1517,0.15263717959793788
39,1470,1509,0.15262905620518605
38,1461,1499,0.1526289051832886
39,1466,1505,0.1526313541551763
40,1464,1504,0.15263151645498887
41,1465,1506,0.15262885074917595
43,1465,1508,0.15262279890719876
43,1480,1523,0.15261276599863438
41,1480,1521,0.15260380142424151
43,1487,1530,0.15260045402164887
44,1484,1528,0.15259312283187385
41,1488,1529,0.15258422652256123
40,1485,1525,0.1525826353528891
37,1481,1518,0.15258372770820283
39,1483,1522,0.15259194207740573
40,1486,1526,0.15259450203586064
40,1486,1526,0.15259482403356267
39,1480,1519,0.15259528470087763
39,1480,1519,0.15259859702357675
39,1476,1515,0.1526019958510756
38,1482,1520,0.15260543810794533
38,1477,1515,0.1526112319993304
38,1484,1522,0.15261596623167908
39,1475,1514,0.15262062077538782
40,1482,1522,0.15262157922284217
39,1489,1528,0.15261992268344624
39,1485,1524,0.1526210940985207
37,1475,1512,0.15262257830273915
36,1471,1507,0.1526294435778114
37,1483,1520,0.15263832569586294
36,1481,1517,0.15264467019573363
36,1480,1516,0.15265302270141937
36,1480,1516,0.152660915467719
36,1485,1521,0.15266853611482048
33,1479,1512,0.15267587552876927
32,1491,1523,0.1526896516325194
31,1495,1526,0.15270502511220563
32,1501,1533,0.15272184531072827
32,1509,1541,0.15273536317520595
31,1483,1514,0.15274813727246372
32,1483,1515,0.15276236445439736
32,1470,1502,0.1527725726596574
33,1471,1504,0.15278229507052005
34,1477,1511,0.15278918539321687
34,1481,1515,0.15279316323749728
32,1489,1521,0.15279654507452667
31,1483,1514,0.15280430775965384
34,1472,1506,0.15281451004866636
34,1481,1515,0.15281633026018504
34,1484,1518,0.15281825908534408
31,1477,1508,0.1528202630611479
32,1479,1511,0.15282942554690196
32,1479,1511,0.1528357627396949
33,1480,1513,0.15284164633358155
33,1483,1516,0.15284496997787542
33,1493,1526,0.15284819639556224
32,1491,1523,0.15285131805727348
31,1480,1511,0.15285652694681182
31,1492,1523,0.15286371520561942
31,1480,1511,0.15287009755288597
30,1470,1500,0.15287621910740806
30,1487,1517,0.15288440765173725
27,1494,1521,0.1528921921412131
29,1494,1523,0.15290616291171222
30,1489,1519,0.15291361515870114
31,1486,1517,0.15291851336726714
31,1482,1513,0.1529200190238888
32,1483,1515,0.15292108648367225
32,1493,1525,0.15291862311821058
34,1503,1537,0.15291676172152363
35,1492,1527,0.1529102969901192
34,1486,1520,0.15290227186077968
34,1481,1515,0.15289727175617476
33,1473,1506,0.15289292054436227
33,1465,1498,0.15289143799969337
33,1474,1507,0.15289031285811244
33,1471,1504,0.15288949028831125
32,1470,1502,0.1528889228689256
34,1477,1511,0.152890734747165
33,1479,1512,0.15288660819046473
33,1493,1526,0.1528854928831347
32,1487,1519,0.15288472787546525
32,1493,1525,0.15288688883490326
32,1484,1516,0.15288851073823614
33,1489,1522,0.1528900489270595
33,1491,1524,0.15288865947280744
33,1499,1532,0.15288761835837444
34,1498,1532,0.15288687086751168
32,1490,1522,0.15288339530650533
31,1483,1514,0.15288397157827954
30,1490,1520,0.15288710935597566
31,1490,1521,0.1528932627189417
30,1499,1529,0.15289677143753624
32,1488,1520,0.15290256230575058
34,1500,1534,0.1529025467982657
35,1501,1536,0.152897855490119
35,1497,1532,0.1528908208003231
35,1480,1515,0.1528837577453582
36,1485,1521,0.15287752545912411
37,1476,1513,0.15286908100806162
36,1472,1508,0.15285799126096453
35,1474,1509,0.15285101860217296
35,1474,1509,0.1528471660528747
35,1481,1516,0.1528426084500938
35,1482,1517,0.1528387567170621
36,1486,1522,0.15283551721315597
35,1489,1524,0.1528303447619175
35,1493,1528,0.1528280343470407
36,1492,1528,0.15282538078265362
36,1486,1522,0.15282012111729537
36,1484,1520,0.15281557681237679
38,1484,1522,0.1528116570402113
38,1482,1520,0.15280271586258676
37,1485,1522,0.15279472071088968
34,1478,1512,0.15278982000018537
30,1472,1502,0.15279248100916074
30,1477,1507,0.1528046438357852
29,1467,1496,0.1528162700578841
27,1479,1506,0.15282962003424372
29,1498,1527,0.1528467321104306
30,1500,1530,0.15285803638190293
30,1497,1527,0.1528655823977277
29,1490,1519,0.15287289293164621
28,1489,1517,0.15288225584868673
27,1493,1520,0.1528934669134272
27,1495,1522,0.1529064103230389
27,1502,1529,0.15291867680685464
27,1501,1528,0.15293028751169857
27,1482,1509,0.15294126524483334
27,1493,1520,0.1529510467910346
28,1485,1513,0.1529603598477121
29,1481,1510,0.15296645230127048
28,1471,1499,0.1529691308998989
29,1474,1503,0.15297427312706738
29,1461,1490,0.15297614183352715
30,1458,1488,0.15297758938994993
30,1478,1508,0.15297691027421176
30,1468,1498,0.15297653869887876
30,1471,1501,0.15297642112922236
30,1474,1504,0.15297593981932514
29,1480,1509,0.15297572626263192
30,1492,1522,0.15297802313066478
31,1498,1529,0.15297716053966492
32,1504,1536,0.15297371876660826
34,1498,1532,0.15296828687905006
35,1482,1517,0.15295701879817158
34,1494,1528,0.1529440320492675
32,1495,1527,0.15293454165587075
32,1494,1526,0.1529306249219329
31,1485,1516,0.15292730300271534
32,1489,1521,0.1529267509760989
30,1504,1534,0.15292412674830574
30,1492,1522,0.15292672504509064
27,1485,1512,0.1529293492813576
27,1476,1503,0.15293897566547565
28,1480,1508,0.15294813615949224
28,1481,1509,0.15295361409677746
26,1480,1506,0.15295896352988084
23,1483,1506,0.15296837106375943
21,1486,1507,0.15298451384470646
21,1482,1503,0.15300449671158575
20,1484,1504,0.15302335071274953
20,1496,1516,0.1530435259211267
20,1506,1526,0.15306252631947811
21,1500,1521,0.15308041001859984
19,1498,1517,0.15309413866101915
19,1493,1512,0.15311175853690745
19,1501,1520,0.15312841050824236
20,1492,1512,0.1531441350506841
19,1505,1524,0.15315580862589984
22,1500,1522,0.15316921604758785
22,1493,1515,0.15317243009861517
21,1494,1515,0.15317544751781803
20,1499,1519,0.15318106360734396
19,1486,1505,0.15318907606863394
20,1489,1509,0.15319942734233083
19,1482,1501,0.15320600600777623
20,1480,1500,0.15321510124254945
20,1486,1506,0.1532207084958728
18,1499,1517,0.15322634234242705
18,1513,1531,0.15323663211351493
18,1511,1529,0.1532465669303772
18,1510,1528,0.15325613309837766
20,1503,1523,0.153263580246759
20,1505,1525,0.15326458074747096
21,1513,1534,0.15326525490232487
21,1502,1523,0.15326397664608282
21,1499,1520,0.1532632880942741
19,1485,1504,0.1532630898332808
19,1486,1505,0.15326861101478928
20,1496,1516,0.15327408011144122
21,1503,1524,0.1532765335299588
22,1506,1528,0.15327587771869988
22,1506,1528,0.15327247020931523
23,1504,1527,0.1532688087731031
23,1496,1519,0.1532625990142233
23,1483,1506,0.15325728020053342
24,1488,1512,0.15325273555870658
24,1491,1515,0.15324483122038884
24,1489,1513,0.15323797242178058
24,1500,1524,0.15323202989250645
25,1489,1514,0.15322688996599573
25,1491,1516,0.15321922843566005
23,1490,1513,0.15321247953364334
21,1488,1509,0.15321053476851915
20,1490,1510,0.15321396707212526
19,1499,1518,0.15321997781872163
18,1502,1520,0.15322820049293712
18,1503,1521,0.15323871433917685
18,1497,1515,0.15324883237087045
18,1500,1518,0.15325801726934676
18,1493,1511,0.1532668964313866
18,1494,1512,0.15327545515217475
20,1494,1514,0.15328291164921623
20,1496,1516,0.15328453664814568
21,1509,1530,0.15328640269857513
20,1497,1517,0.1532853253185992
21,1489,1510,0.1532870058319687
21,1495,1516,0.15328648143503049
19,1499,1518,0.15328626931471553
19,1500,1519,0.15329153190346687
19,1481,1500,0.15329662893770873
19,1492,1511,0.15330155003994345
18,1488,1506,0.15330628813522346
18,1498,1516,0.15331323756515775
17,1497,1514,0.15331985352026428
15,1502,1517,0.15332849206882054
14,1512,1526,0.15334140816221453
14,1518,1532,0.15335596593878154
13,1510,1523,0.15336968330439396
13,1498,1511,0.15338494804605107
13,1503,1516,0.15339931480347277
13,1503,1516,0.15341283146641296
14,1515,1529,0.15342478827442071
15,1506,1521,0.1534333712392625
15,1503,1518,0.15343836203217942
14,1509,1523,0.15344327503454558
15,1502,1517,0.15345053778101542
16,1498,1514,0.15345432611505483
15,1504,1519,0.1534548708115327
15,1495,1510,0.15345802627385471
15,1493,1508,0.15346127410346605
15,1488,1503,0.15346370175129173
17,1486,1503,0.15346631701401173
16,1499,1515,0.15346274953289207
17,1499,1516,0.15346242248244235
17,1503,1520,0.1534592498370028
17,1504,1521,0.15345670984710238
17,1497,1514,0.1534547105826591
16,1512,1528,0.1534531722239344
15,1504,1519,0.15345435853354275
14,1501,1515,0.1534584427881899
14,1503,1517,0.15346487940129688
14,1497,1511,0.15347108505110846
14,1488,1502,0.15347705267691644
14,1490,1504,0.15348277835084606
17,1496,1513,0.1534882607452596
15,1485,1500,0.15348379760485947
15,1494,1509,0.15348416754541414
15,1495,1510,0.15348498029411173
16,1498,1514,0.15348529955387966
17,1494,1511,0.15348358957068592
17,1493,1510,0.1534792371588569
14,1499,1513,0.15347496270939004
13,1499,1512,0.15347895967326922
14,1503,1517,0.15348553499866535
12,1511,1523,0.15348896926864736
12,1508,1520,0.1534974905431014
12,1503,1515,0.15350579585685342
13,1504,1517,0.15351386022316751
12,1511,1523,0.15351870250451496
10,1502,1512,0.15352641452638507
9,1502,1511,0.15353901666896747
10,1497,1507,0.15355273638734313
10,1496,1506,0.15356259710858722
11,1499,1510,0.1535721155491433
10,1507,1517,0.1535780344771297
9,1502,1511,0.1535863197730216
9,1508,1517,0.15359674804355586
9,1505,1514,0.15360677503636735
9,1503,1512,0.15361639783917716
8,1500,1508,0.15362561695559893
9,1500,1509,0.1536370095468543
9,1503,1512,0.15364519541201896
8,1498,1506,0.15365301844394008
10,1506,1516,0.15366304133669853
10,1512,1522,0.15366670221191586
9,1509,1518,0.15367034468692112
9,1502,1511,0.1536762096529473
9,1503,1512,0.1536818727893051
7,1507,1514,0.15368732651171205
7,1513,1520,0.15369751075253021
7,1503,1510,0.1537071499615377
7,1509,1516,0.15371626591049092
6,1520,1526,0.15372488065554385
6,1509,1515,0.15373544874838685
5,1496,1501,0.1537454113373257
5,1507,1512,0.15375740825983933
6,1518,1524,0.15376868078904107
6,1520,1526,0.15377616339315192
6,1522,1528,0.1537832860185869
6,1524,1530,0.1537900579665051
6,1509,1515,0.1537964895949098
6,1513,1519,0.15380259204807625
5,1500,1505,0.1538083770284976
5,1496,1501,0.15381618874464403
6,1499,1505,0.1538235635389807
6,1509,1515,0.1538273979227885
6,1500,1506,0.15383112392768716
6,1506,1512,0.15383473205804862
6,1508,1514,0.1538382154503729
6,1512,1518,0.15384156945164681
7,1502,1509,0.15384479125663503
7,1511,1518,0.15384479433347856
7,1512,1519,0.15384493997591647
6,1506,1512,0.15384520107850314
6,1510,1516,0.1538481520959406
6,1503,1509,0.153850990887052
6,1511,1517,0.15385371493579472
7,1511,1518,0.15385632314543282
7,1520,1527,0.15385560985431945
7,1514,1521,0.15385507887510375
6,1499,1505,0.1538547024283174
5,1504,1509,0.15385677137892803
5,1507,1512,0.15386118637595195
5,1514,1519,0.15386541660645764
5,1518,1523,0.15386946238110005
6,1499,1505,0.1538733253844546
6,1503,1509,0.15387391507302664
5,1512,1517,0.1538746137095743
5,1514,1519,0.15387788222522483
5,1513,1518,0.15388105769622057
5,1516,1521,0.15388413303562778
5,1523,1528,0.15388710311311857
5,1520,1525,0.15388996445377853
5,1515,1520,0.15389271497699827
6,1520,1526,0.15389535377040672
7,1506,1513,0.15389474584435198
6,1512,1518,0.153891159099535
6,1508,1514,0.15389097019050074
6,1511,1517,0.15389091990192197
6,1514,1520,0.1538909847206437
7,1516,1523,0.15389114436724408
7,1513,1520,0.15388837021713347
7,1520,1527,0.15388592658084105
7,1517,1524,0.1538837747182063
7,1509,1516,0.15388188043110915
7,1511,1518,0.15388021352669637
6,1514,1520,0.15387874734476228
6,1520,1526,0.15388010033909
6,1513,1519,0.15388141128065733
6,1518,1524,0.15388267748452564
6,1531,1537,0.15388389709244957
6,1522,1528,0.15388429833387784
6,1515,1521,0.15388478493010588
6,1514,1520,0.15388533670694388
5,1508,1513,0.1538859367184195
5,1507,1512,0.1538888617007817
5,1502,1507,0.15389166869806828
5,1499,1504,0.15389435658460995
4,1489,1493,0.15389692541521202
4,1492,1496,0.15390179390012318
4,1512,1516,0.1539063977093292
4,1493,1497,0.1539107476015494
4,1506,1510,0.15391485447875902
3,1513,1516,0.1539187292646704
3,1511,1514,0.1539246449563279
4,1505,1509,0.15393021551786362
4,1508,1512,0.15393230470430438
4,1506,1510,0.153934376158156
4,1514,1518,0.1539364167853918
4,1505,1509,0.15393841611122222
4,1495,1499,0.1539403658873759
4,1508,1512,0.15394225975307388
3,1503,1506,0.15394409294263173
3,1506,1509,0.1539485424929108
4,1505,1509,0.15395272544007088
4,1511,1515,0.15395388526452755
3,1518,1521,0.15395502524303137
3,1523,1526,0.1539584687921249
3,1516,1519,0.1539617441282448
3,1517,1520,0.15396485643043192
3,1511,1514,0.1539678111924741
3,1511,1514,0.1539706141245204
2,1511,1513,0.15397327107070002
2,1521,1523,0.15397822484093004
2,1515,1517,0.1539828960035834
2,1528,1530,0.15398729909910616
2,1515,1517,0.15399144814441446
2,1528,1530,0.15399535661658212
1,1533,1534,0.15399903744387408
1,1535,1536,0.15400495933236188
1,1529,1530,0.15401052320221806
1,1515,1516,0.15401575030527503
1,1529,1530,0.15402066069189277
1,1515,1516,0.15402527326988621
2,1528,1530,0.15402960586195144
2,1533,1535,0.15403045814036218
2,1532,1534,0.15403135975536147
1,1527,1528,0.1540322947564872
1,1530,1531,0.15403620073329607
1,1529,1530,0.15403987001809935
1,1534,1535,0.15404331668779322
1,1514,1515,0.15404655402396358
1,1510,1511,0.15404959455142006
1,1507,1508,0.15405245007586668
0,1506,1506,0.15405513172054683
