1376,30,1406,0.135795785697463
1406,32,1438,0.13292512404413628
1432,32,1464,0.1302322785900632
1430,32,1462,0.12771075695415637
1422,34,1456,0.1254243655780262
1427,33,1460,0.12336726383249742
1441,32,1473,0.12148450307856497
1436,34,1470,0.11973374550010242
1442,35,1477,0.11815397668139488
1447,34,1481,0.11670423796620655
1455,35,1490,0.11537096468664043
1461,36,1497,0.11414028269525701
1467,34,1501,0.11300317686904311
1458,30,1488,0.11195382417068998
1456,31,1487,0.1110203217032631
1462,32,1494,0.11017442774304671
1458,33,1491,0.10939277788380146
1463,33,1496,0.10869436912775314
1454,36,1490,0.10804806583046588
1455,38,1493,0.10748112055303156
1465,36,1501,0.10696290859706666
1463,37,1500,0.10647028533143431
1452,37,1489,0.10602550463313676
1454,37,1491,0.10564738167876044
1451,35,1486,0.10529999413250479
1473,35,1508,0.10499105180401498
1472,39,1511,0.10465849251456472
1472,38,1510,0.10435778950528768
1476,41,1517,0.10408540604920237
1474,41,1515,0.10382796217902435
1470,38,1508,0.10359698015056473
1463,37,1500,0.1033940928270729
1467,37,1504,0.10322720956029752
1461,37,1498,0.10306642107865184
1476,37,1513,0.10293488052101657
1474,35,1509,0.10278143841411491
1482,36,1518,0.1026463064452987
1455,35,1490,0.10250574585520206
1456,36,1492,0.10243679701242253
1464,36,1500,0.10237311969609209
1460,37,1497,0.10229524929079986
1456,35,1491,0.10223397417795482
1452,34,1486,0.10218593699808622
1464,33,1497,0.10215473431449676
1472,33,1505,0.1020990528653853
1469,34,1503,0.10202879966064453
1464,35,1499,0.10197190058982314
1460,35,1495,0.10193240082036667
1464,36,1500,0.1019040350213385
1470,34,1504,0.10187057642482873
1463,33,1496,0.10182661003355456
1459,31,1490,0.10180204603792772
1467,32,1499,0.10178980288288816
1464,32,1496,0.10176207529418392
1462,36,1498,0.10174269224905753
1463,36,1499,0.10172791375505671
1458,35,1493,0.10171285193970352
1450,35,1485,0.10171203058971415
1461,34,1495,0.10172837623643426
1467,33,1500,0.10172005184107338
1460,34,1494,0.10169911352285617
1469,34,1503,0.10169362747102131
1463,36,1499,0.10166729906242622
1468,34,1502,0.10165520602220351
1474,36,1510,0.10163414249168357
1471,36,1507,0.10160123009136096
1468,36,1504,0.10157680685340949
1458,37,1495,0.10156314305905166
1463,35,1498,0.10157342700980852
1455,35,1490,0.10157283229700136
1464,35,1499,0.10159116617011915
1459,33,1492,0.10158756699997994
1458,34,1492,0.10159440585037391
1452,36,1488,0.10160291374561334
1463,36,1499,0.10162421056689422
1449,35,1484,0.1016189619023135
1445,32,1477,0.10164462453146825
1458,30,1488,0.1016784857614525
1466,28,1494,0.10167976585273322
1460,29,1489,0.10166290913530165
1459,29,1488,0.1016616707547373
1460,32,1492,0.10166347815476122
1455,33,1488,0.10166111593680145
1456,31,1487,0.1016714995328461
1459,33,1492,0.10167808759343654
1455,34,1489,0.10167616319816204
1461,34,1495,0.10168267699181964
1462,35,1497,0.10167625307011723
1462,35,1497,0.10166804040485579
1464,35,1499,0.10166088842967934
1458,38,1496,0.10165004583652233
1454,38,1492,0.10165400547224554
1464,38,1502,0.1016668520171904
1471,38,1509,0.10165688739761163
1457,40,1497,0.1016320031134427
1449,40,1489,0.1016420217271089
1437,40,1477,0.10166897619395059
1449,40,1489,0.10172055253589672
1456,40,1496,0.10174102993377998
1459,41,1500,0.10174462190641587
1457,41,1498,0.10174030564874906
1467,41,1508,0.10173965883128201
1455,41,1496,0.10171803768606598
1450,40,1490,0.1017260380976116
1446,38,1484,0.1017447179463715
1458,37,1495,0.10177014096190615
1449,35,1484,0.10176765371669617
1457,34,1491,0.10178585421060372
1468,32,1500,0.10178410214064279
1469,33,1502,0.1017568460270192
1467,36,1503,0.10173057918829972
1469,37,1506,0.10170981172765209
1464,38,1502,0.10168666954807133
1469,39,1508,0.10167691742260715
1472,39,1511,0.10165848579072659
1463,38,1501,0.1016349166077179
1463,39,1502,0.10163272625922122
1446,39,1485,0.10162856583024425
1449,37,1486,0.10166343975120169
1453,37,1490,0.10168859822002368
1462,36,1498,0.10170215831407274
1467,35,1502,0.10169465109314346
1462,35,1497,0.10167746996250465
1481,33,1514,0.10167141171953115
1473,33,1506,0.10162303083078562
1460,32,1492,0.10159777545570162
1466,32,1498,0.10159990563684924
1477,33,1510,0.1015891521072125
1471,33,1504,0.10155424762913767
1465,32,1497,0.10153749908665721
1456,30,1486,0.10153571456166212
1460,30,1490,0.10155391709142286
1447,29,1476,0.1015630685796739
1447,30,1477,0.1015994879339361
1454,32,1486,0.10163053164275683
1455,31,1486,0.10164422891966433
1461,31,1492,0.10165301805893956
1457,32,1489,0.10164894336475566
1462,33,1495,0.10165378500785476
1448,34,1482,0.10164546093840038
1446,36,1482,0.1016709604457386
1451,37,1488,0.1017000141803584
1457,32,1489,0.10171605511299876
1454,35,1489,0.10171813392482733
1459,34,1493,0.10172775215393717
1455,35,1490,0.10172422199940695
1458,37,1495,0.10172850726206015
1452,37,1489,0.10172707880749819
1461,38,1499,0.10173827674758669
1454,40,1494,0.10173012765302752
1452,38,1490,0.10173841755368469
1453,39,1492,0.10175050968877261
1455,40,1495,0.1017611373620653
1454,42,1496,0.10176647872150968
1453,46,1499,0.10177356088799344
1459,45,1504,0.10178347292299009
1453,44,1497,0.10177887089959686
1455,44,1499,0.1017872881161595
1453,42,1495,0.10178988965202648
1448,42,1490,0.10179758210463341
1452,43,1495,0.10181569749424697
1452,44,1496,0.1018253461020128
1465,45,1510,0.10183522855838767
1459,43,1502,0.10181692378180646
1455,43,1498,0.10181164500988547
1441,43,1484,0.10181505094939475
1449,44,1493,0.10184779574276888
1446,44,1490,0.10186118832892549
1451,44,1495,0.1018814368537015
1446,43,1489,0.10188970849234412
1459,43,1502,0.1019088748427062
1465,43,1508,0.10189741716958106
1458,46,1504,0.10187323222027683
1468,47,1515,0.1018660237813419
1460,46,1506,0.10183874671507268
1459,44,1503,0.10183040585819231
1462,46,1508,0.10182607578855592
1441,46,1487,0.10181515704577304
1456,49,1505,0.10185291005835768
1452,50,1502,0.10185465278443097
1442,50,1492,0.10186605347328513
1439,52,1491,0.10189933055872434
1436,52,1488,0.10193501383111281
1434,49,1483,0.10197341921100199
1439,50,1489,0.10201494493817567
1433,47,1480,0.10204117365559248
1444,47,1491,0.10207833583711291
1449,47,1496,0.10208639163515613
1439,47,1486,0.10208290014432368
1442,47,1489,0.10209995373222915
1439,46,1485,0.10210901174742623
1452,45,1497,0.10212491538347536
1452,47,1499,0.10210878596742536
1441,48,1489,0.1020955470168151
1451,49,1500,0.10210872140985827
1439,48,1487,0.10209892249777151
1445,49,1494,0.10211699023808532
1436,50,1486,0.10212071470410823
1432,52,1484,0.102145743219132
1422,51,1473,0.1021772736057623
1426,51,1477,0.10222845334457822
1435,52,1487,0.10226724220512541
1441,52,1493,0.10228350530968619
1432,53,1485,0.1022849354264272
1427,56,1483,0.10230438976034499
1428,56,1484,0.10233370316774316
1425,56,1481,0.10235892146245415
1427,58,1485,0.10238903279097382
1433,60,1493,0.10241299049336006
1441,61,1502,0.10242246167898418
1429,62,1491,0.10241174556740777
1416,64,1480,0.10242958498543413
1405,64,1469,0.10247613784775603
1400,67,1467,0.10254653659578725
1406,70,1476,0.10262134806122837
1416,73,1489,0.10267891735507167
1416,72,1488,0.1027097285938361
1416,73,1489,0.10273669981688217
1417,74,1491,0.10275991401783653
1410,75,1485,0.10278214522909133
1425,75,1500,0.10281687169475205
1418,73,1491,0.10281494309468528
1425,75,1500,0.102827403277153
1409,77,1486,0.10282609722649504
1413,74,1487,0.10286072390605278
1411,74,1485,0.10288525202405267
1412,75,1487,0.10291036809033006
1424,74,1498,0.1029318169556543
1421,75,1496,0.10292592665914879
1423,78,1501,0.10292549197081327
1418,76,1494,0.1029213657622551
1416,76,1492,0.10292986867722548
1415,75,1490,0.10294090664072303
1421,72,1493,0.10295668595163968
1419,73,1492,0.102957035663716
1407,77,1484,0.10296227715461233
1410,77,1487,0.10299370731152555
1408,76,1484,0.1030168375161476
1416,76,1492,0.10304173090574235
1415,75,1490,0.10304605636670512
1417,76,1493,0.10305358382805078
1431,75,1506,0.10305625382145349
1425,73,1498,0.10302724658322475
1419,71,1490,0.10301493209217114
1426,71,1497,0.1030157231899918
1428,75,1503,0.10300092402211543
1432,73,1505,0.10298219193493406
1439,70,1509,0.10295591957515017
1423,71,1494,0.10291805319202069
1416,69,1485,0.10291909737747909
1434,70,1504,0.1029373082922864
1427,67,1494,0.1029126426873992
1438,67,1505,0.10290467577342183
1428,67,1495,0.10287261557337567
1419,68,1487,0.10286384880706276
1417,71,1488,0.10287726605749924
1408,70,1478,0.10289532260567585
1413,72,1485,0.102931763397301
1414,77,1491,0.10295335495532894
1415,76,1491,0.10296996806508403
1419,77,1496,0.10298536416217269
1421,77,1498,0.10299014677115416
1414,77,1491,0.102991930640213
1415,79,1494,0.10300793889317644
1404,76,1480,0.1030200211392161
1392,75,1467,0.10305572338456649
1390,75,1465,0.10311563020642107
1406,76,1482,0.10317551160666504
1410,77,1487,0.1031955901375434
1425,80,1505,0.1032052171014311
1410,77,1487,0.10317815783757225
1401,75,1476,0.10318814045204103
1416,74,1490,0.10321782159879951
1419,75,1494,0.10321181011322877
1424,78,1502,0.1032005897948494
1416,82,1498,0.10317737131144705
1408,85,1493,0.10317396692564201
1394,85,1479,0.10318914381952887
1395,86,1481,0.10323432463199055
1384,84,1468,0.10327508146511999
1397,87,1484,0.10333563207849536
1399,88,1487,0.10336310479486349
1397,90,1487,0.10338612275941482
1399,90,1489,0.10341237158194887
1402,92,1494,0.1034319283897091
1398,94,1492,0.10344402449190852
1397,96,1493,0.10346300661210388
1390,97,1487,0.10348252937560144
1396,91,1487,0.1035172016105443
1389,94,1483,0.10353485567146052
1404,93,1497,0.10356687805547056
1412,92,1504,0.10356240776261733
1403,94,1497,0.10353901230299954
1416,93,1509,0.10353812888909122
1409,96,1505,0.10350896346487871
1403,96,1499,0.10349987425899464
1412,95,1507,0.10350558987685382
1405,94,1499,0.10349026001067323
1404,99,1503,0.10349056133281401
1405,104,1509,0.10349613560330578
1411,102,1513,0.10349852639945965
1419,102,1521,0.10348669976441759
1410,104,1514,0.103458799167335
1406,103,1509,0.10345200871320026
1394,104,1498,0.10345747558525575
1404,103,1507,0.10348927862914127
1407,102,1509,0.10349597294324867
1402,105,1507,0.1034958834688163
1399,105,1504,0.10350721948573781
1389,102,1491,0.10352553278488678
1389,100,1489,0.1035648544311089
1379,101,1480,0.10360207777642959
1380,100,1480,0.10365656908719519
1383,97,1480,0.10370535719217416
1388,100,1488,0.10374471789545434
1386,101,1487,0.1037704054318111
1410,100,1510,0.10379869115071313
1401,101,1502,0.10376892031891112
1413,101,1514,0.103761889159818
1414,98,1512,0.10372935684053541
1407,99,1506,0.10369686662394095
1399,104,1503,0.10368087791514397
1396,101,1497,0.10368543181385886
1385,97,1482,0.10369586862705042
1387,98,1485,0.10373036793591733
1380,98,1478,0.10375868383974009
1402,100,1502,0.10380252918789709
1393,100,1493,0.10379258193997531
1404,101,1505,0.10380249690960738
1393,104,1497,0.1037860652323754
1408,102,1510,0.10379667185891918
1410,103,1513,0.10377420063746222
1402,104,1506,0.10374699893774089
1410,102,1512,0.103743073521258
1396,101,1497,0.10372139648639717
1388,101,1489,0.10373159753669274
1399,103,1502,0.10375897592264995
1404,106,1510,0.1037619794045958
1400,104,1504,0.10375420535651873
1393,101,1494,0.10375576027303206
1395,103,1498,0.10376949835145365
1387,104,1491,0.1037785125334657
1398,100,1498,0.1038034982244862
1395,102,1497,0.10380316355352376
1381,108,1489,0.10380883940522616
1376,108,1484,0.1038447691911463
1390,109,1499,0.10388990371194787
1382,109,1491,0.10390046358156141
1373,109,1482,0.10392722411329988
1367,108,1475,0.10397291092935848
1377,108,1485,0.10402774778265149
1388,107,1495,0.10405685040997259
1375,111,1486,0.1040610539040905
1375,115,1490,0.10409283970843766
1377,117,1494,0.10412354624075322
1381,118,1499,0.1041475033288695
1384,118,1502,0.10416106302878265
1376,120,1496,0.1041691490140769
1375,118,1493,0.1041950211136169
1378,120,1498,0.10422079559334625
1366,123,1489,0.10424022315998421
1351,121,1472,0.1042851846136682
1346,121,1467,0.10435902735618069
1354,122,1476,0.10443690249581081
1362,121,1483,0.1044922939150854
1357,124,1481,0.10452530739759691
1372,125,1497,0.10456709228916744
1377,127,1504,0.10457249286242132
1374,127,1501,0.10456730033249279
1381,125,1506,0.10456695775981503
1375,125,1500,0.10455046736896115
1372,126,1498,0.1045495480272023
1358,127,1485,0.10455589610388824
1359,121,1480,0.10459468682549737
1359,125,1484,0.10462937055772187
1365,126,1491,0.10466084546490144
1357,128,1485,0.10467509594747051
1358,125,1483,0.10470765025031398
1365,128,1493,0.1047356626378058
1373,127,1500,0.10474603667355359
1369,132,1501,0.10473747883631239
1361,130,1491,0.10473989298542186
1361,130,1491,0.10475902170611079
1354,131,1485,0.10477819097677035
1346,138,1484,0.10481026530890938
1352,137,1489,0.10485649129026417
1359,139,1498,0.104886321511791
1364,139,1503,0.10489681185801088
1363,138,1501,0.10489640566599444
1341,137,1478,0.10489952497653793
1342,136,1478,0.10495177498291934
1344,136,1480,0.10499661973358002
1342,135,1477,0.10503463828634949
1351,134,1485,0.10507152649676754
1348,130,1478,0.1050883646109926
1362,131,1493,0.10510933737717369
1365,132,1497,0.10509826989262107
1367,132,1499,0.10508191817155253
1363,136,1499,0.10506290088392888
1347,139,1486,0.10505618633230246
1350,143,1493,0.10508707487715188
1356,147,1503,0.1051107534752122
1352,147,1499,0.10511855753354402
1345,147,1492,0.10513530431967898
1359,149,1508,0.10516873170036144
1362,144,1506,0.1051666848075179
1355,147,1502,0.1051588871751822
1348,144,1492,0.1051679716204465
1347,146,1493,0.10519303221083948
1343,145,1488,0.1052187437740712
1354,140,1494,0.10525084387866851
1349,142,1491,0.10525387262129252
1343,145,1488,0.10526742778242201
1352,145,1497,0.10529266059496255
1349,149,1498,0.10529596793785459
1341,154,1495,0.10530718175265594
1344,153,1497,0.10533520620607494
1345,152,1497,0.10535556146300312
1338,147,1485,0.10537302498616068
1337,148,1485,0.10540316692664523
1339,153,1492,0.10543664746214379
1342,157,1499,0.10546248790464427
1332,155,1487,0.10547848096809415
1318,155,1473,0.10551597375457222
1313,159,1472,0.1055824898340133
1321,160,1481,0.10565640169828418
1319,158,1477,0.10570597319352877
1321,159,1480,0.10575665842513182
1330,160,1490,0.10580019377768567
1338,160,1498,0.10582078443053376
1342,161,1503,0.10582187688781884
1332,164,1496,0.10581365859180451
1324,164,1488,0.10582812878020002
1326,163,1489,0.10586022126266977
1324,162,1486,0.10588461484264552
1323,166,1489,0.10591252831435041
1325,165,1490,0.10594196220123354
1316,168,1484,0.10596472616309736
1320,169,1489,0.10600709680927894
1326,168,1494,0.10603632191699745
1335,166,1501,0.1060518051637602
1325,166,1491,0.1060463424225679
1324,170,1494,0.10606437469206952
1325,170,1495,0.10608239361545664
1320,170,1490,0.1060978888910154
1304,169,1473,0.10612407991518953
1295,170,1465,0.10618336720846275
1300,172,1472,0.1062598755155852
1314,169,1483,0.10631925074637893
1300,168,1468,0.1063420222829944
1305,174,1479,0.10639471731926037
1321,175,1496,0.1064316912052485
1317,176,1493,0.10642869936785825
1319,173,1492,0.1064352362337975
1322,175,1497,0.10643578736945009
1323,179,1502,0.106430531136171
1319,178,1497,0.10642565505618219
1326,176,1502,0.10643099875572613
1329,177,1506,0.10642009255127143
1330,171,1501,0.10640230435116534
1321,176,1497,0.10638443282849948
1323,178,1501,0.10638806293420884
1322,176,1498,0.10638534303088967
1334,175,1509,0.1063853978035524
1315,176,1491,0.10635935288068943
1316,172,1488,0.10637991623045037
1319,173,1492,0.10639668264887811
1321,171,1492,0.10640398012331514
1316,173,1489,0.10640710216072335
1313,172,1485,0.10641936655991682
1333,170,1503,0.10643825293923957
1326,170,1496,0.10640746979686772
1322,171,1493,0.10639421571314633
1328,170,1498,0.10639092813577772
1333,168,1501,0.10637438958550029
1337,168,1505,0.10634728869621213
1333,168,1501,0.10631350185890998
1335,170,1505,0.10629322388636592
1333,173,1506,0.1062688572267706
1325,168,1493,0.10625076107921469
1335,167,1502,0.1062537852819555
1322,172,1494,0.1062333878514591
1332,172,1504,0.10624528603771466
1331,174,1505,0.1062339734188113
1321,179,1500,0.10622509043468792
1326,174,1500,0.10624000376381593
1329,177,1506,0.10624286828726014
1316,175,1491,0.10623997408122582
1316,178,1494,0.10626602242128108
1312,183,1495,0.10629185544865814
1311,181,1492,0.10632631484959668
1301,179,1480,0.10635822898208652
1302,181,1483,0.10641178295147856
1301,181,1482,0.10645952436292944
1316,178,1494,0.10650525588525817
1322,179,1501,0.10651499670554773
1325,179,1504,0.10650942566626527
1329,176,1505,0.10649437744819235
1320,173,1493,0.10647002128371309
1303,179,1482,0.10646737555306965
1301,180,1481,0.10650352832518792
1312,182,1494,0.10654275280495945
1305,182,1487,0.10655550821308626
1298,186,1484,0.106584116608135
1295,190,1485,0.10662559108126005
1299,192,1491,0.1066710834737411
1296,191,1487,0.10670569931625076
1312,192,1504,0.10674209460825564
1302,185,1487,0.10673708340040833
1300,184,1484,0.10675657226200974
1303,187,1490,0.10678000474907784
1301,191,1492,0.1067942779314165
1307,197,1504,0.1068118168213195
1315,193,1508,0.10681434018810648
1291,194,1485,0.10679928622923537
1293,192,1485,0.10683967341794615
1310,185,1495,0.10687358080209744
1310,185,1495,0.10686500190549349
1317,182,1499,0.10685768439988035
1312,185,1497,0.10683554820742519
1308,185,1493,0.10682746912221468
1291,186,1477,0.10682924460703629
1299,189,1488,0.10686945388056245
1303,186,1489,0.1068900752562392
1312,186,1498,0.10689996488808613
1311,191,1502,0.10688727390841893
1313,191,1504,0.1068776842924547
1298,192,1490,0.1068626862666083
1313,192,1505,0.10688156474006455
1310,194,1504,0.10686759226368026
1304,191,1495,0.10686299421243114
1309,189,1498,0.1068752284428895
1299,191,1490,0.10687639408485636
1302,193,1495,0.10690019556196952
1290,193,1483,0.1069140076959674
1284,197,1481,0.10695194407327527
1290,200,1490,0.10700151638856102
1289,197,1486,0.10703541322891491
1295,199,1494,0.10706862959738991
1278,198,1476,0.10708460841083277
1286,198,1484,0.10713693057995483
1284,199,1483,0.10716516559583507
1286,203,1489,0.10719694561985721
1293,204,1497,0.1072216556992058
1307,205,1512,0.10723092357978307
1298,201,1499,0.10720843131242803
1291,199,1490,0.1072088727793025
1292,199,1491,0.10722512619864012
1277,202,1479,0.10723888609792624
1294,204,1498,0.10728438256738455
1299,209,1508,0.10728681590690439
1298,206,1504,0.10727881534049885
1300,209,1509,0.10727491728628763
1301,209,1510,0.1072686158169996
1295,209,1504,0.10725930374849661
1305,212,1517,0.10726323388565757
1297,209,1506,0.10724539309873571
1289,210,1499,0.10724854301590853
1279,212,1491,0.10726941307693594
1270,214,1484,0.10731137935592101
1280,216,1496,0.10736904920789961
1284,212,1496,0.10740054055195244
1291,216,1507,0.10742099221515045
1277,220,1497,0.107425333342164
1272,221,1493,0.10746091348726285
1273,221,1494,0.1075069851839762
1262,220,1482,0.1075489309748638
1271,218,1489,0.10761196630754949
1269,215,1484,0.10764891160630001
1270,218,1488,0.1076875454344556
1269,219,1488,0.10772028033146341
1280,220,1500,0.10775248430883122
1280,219,1499,0.10775667085957828
1275,216,1491,0.10775978004919753
1276,221,1497,0.10777493912621583
1278,221,1499,0.10778643532156625
1276,217,1493,0.10779497220852516
1269,218,1487,0.10780946692999317
1281,222,1503,0.10783757056319752
1272,225,1497,0.10783605933888879
1261,227,1488,0.1078566394413269
1263,231,1494,0.10790130772987555
1271,238,1509,0.10793931321747499
1281,234,1515,0.1079567116693815
1281,240,1521,0.10795165858847543
1280,239,1519,0.10794763587487022
1271,237,1508,0.1079454118165513
1272,239,1511,0.10796404828170413
1266,244,1510,0.1079813063941571
1269,245,1514,0.10801259324892404
1266,248,1514,0.10803466670010024
1269,250,1519,0.10806198092805565
1276,248,1524,0.10808181887546608
1263,249,1512,0.1080852180042556
1243,253,1496,0.10811782523228636
1252,253,1505,0.10819366494324818
1255,251,1506,0.10824356146679336
1246,251,1497,0.10828213531922465
1247,256,1503,0.10833773197889514
1242,257,1499,0.10838879416617722
1253,257,1510,0.10844663871832241
1246,255,1501,0.10847719341072776
1246,258,1504,0.10852106481392461
1247,254,1501,0.10856141812757329
1243,255,1498,0.10859622232669727
1234,259,1493,0.10863827816554121
1236,259,1495,0.10869817446206537
1252,258,1510,0.10875017636391511
1238,257,1495,0.10876332932111314
1248,256,1504,0.1088064878291824
1243,260,1503,0.10882254902239652
1244,257,1501,0.10884907757523997
1228,261,1489,0.10887111847093316
1208,260,1468,0.10892782079300771
1210,264,1474,0.1090266927892007
1216,266,1482,0.10911402878047642
1216,272,1488,0.10917959185424003
1215,275,1490,0.10924246662268441
1206,277,1483,0.10930111125819089
1213,278,1491,0.1093765820317599
1223,274,1497,0.1094301181403943
1207,273,1480,0.10945716720510223
1217,276,1493,0.10951986187759637
1217,279,1496,0.10955805365790157
1212,282,1494,0.10959429955489529
1198,283,1481,0.10964028795510622
1196,288,1484,0.10971415342797741
1210,288,1498,0.10978984269480004
1217,284,1501,0.10982753649563833
1212,289,1501,0.10984444392671812
1197,294,1491,0.10987145464464745
1205,295,1500,0.10992953430147459
1205,292,1497,0.10996577823692139
1213,288,1501,0.1099978975603058
1200,291,1491,0.1100108085535457
1199,296,1495,0.11005326608662756
1200,294,1494,0.11009669145345886
1205,291,1496,0.11013539540266994
1215,290,1505,0.11015830981603053
1207,294,1501,0.11015830661205754
1218,299,1517,0.11017564592520383
1224,295,1519,0.11016939282768755
1205,293,1498,0.11015109751341466
1203,297,1500,0.11017721379763526
1211,295,1506,0.11020696318386357
1217,295,1512,0.11021968061899426
1218,296,1514,0.11021827178402038
1221,295,1516,0.11021328409396729
1218,293,1511,0.11020219762625004
1203,292,1495,0.11019987852238994
1197,294,1491,0.11023308127299104
1196,303,1499,0.11027494887189579
1211,299,1510,0.11031711784153175
1214,296,1510,0.11031773898456278
1196,301,1497,0.1103131488849283
1188,305,1493,0.11034854812382208
1193,305,1498,0.11040006780192883
1200,299,1499,0.11043631613542462
1209,301,1510,0.1104535042058444
1216,297,1513,0.11044803600209989
1208,296,1504,0.11042824433497049
1201,293,1494,0.11042649628918202
1195,292,1487,0.11044189144024251
1196,295,1491,0.11047055494625546
1184,294,1478,0.11049457869852242
1191,301,1492,0.11054486571494557
1188,297,1485,0.11057526121867159
1194,301,1495,0.11061058823003721
1200,299,1499,0.11062892301986714
1209,297,1506,0.11063065802430419
1204,296,1500,0.11061272384538764
1203,295,1498,0.11060741475693468
1195,293,1488,0.11060431414636053
1197,290,1487,0.11061814406583037
1210,289,1499,0.11062760837520941
1214,293,1507,0.11060876197350215
1197,294,1491,0.11058440165450463
1210,296,1506,0.11060104356438247
1201,296,1497,0.1105853851410888
1194,296,1490,0.11058844136965526
1192,299,1491,0.11060515812428687
1190,295,1485,0.11062600086480309
1186,296,1482,0.11065022056891664
1194,296,1490,0.1106813684005115
1197,297,1494,0.1106927293506658
1189,300,1489,0.11069766999811513
1201,299,1500,0.11072191710069616
1201,300,1501,0.11071713733420134
1192,300,1492,0.11071037200063963
1184,304,1488,0.11072608815220089
1191,297,1488,0.1107567165043984
1189,296,1485,0.11077008835204985
1200,296,1496,0.11078747594499978
1205,294,1499,0.11077860287856824
1206,297,1503,0.11075762208422671
1207,298,1505,0.11073492232796055
1208,299,1507,0.11071182233455523
1209,300,1509,0.1106897986313768
1211,303,1514,0.11066832440007758
1202,304,1506,0.110643899006111
1208,295,1503,0.11064099148733791
1204,296,1500,0.11062704457889208
1183,292,1475,0.1106236167959479
1183,301,1484,0.11066863335888588
1187,300,1487,0.11071163703173081
1178,303,1481,0.110739820795541
1171,305,1476,0.1107880957361247
1192,303,1495,0.11084851294835665
1195,306,1501,0.11085463353358317
1200,307,1507,0.11085413109299896
1196,305,1501,0.1108411892260392
1176,305,1481,0.11083894279442194
1182,302,1484,0.11088305738587137
1181,307,1488,0.11091101518167049
1179,306,1485,0.11093880478938328
1180,295,1475,0.11096818378887971
1167,309,1476,0.11099468538557655
1156,309,1465,0.11104662222395884
1175,316,1491,0.11112113723837728
1175,317,1492,0.11114759832927927
1178,323,1501,0.11117354024732244
1171,330,1501,0.1111899462780785
1178,323,1501,0.11122095806933913
1174,330,1504,0.11123414504061423
1167,324,1491,0.11125514513901212
1165,326,1491,0.11129264325348288
1162,329,1491,0.11133404682175761
1181,327,1508,0.1113802721667739
1182,333,1515,0.11137713084933638
1170,325,1495,0.11137512281713637
1163,324,1487,0.11139965360310015
1155,321,1476,0.11143891913562999
1150,326,1476,0.1114941984139164
1168,321,1489,0.11155838786448083
1170,323,1493,0.11157626029417092
1165,322,1487,0.11159146514826723
1152,324,1476,0.11161455790670662
1153,337,1490,0.11166440564162197
1156,341,1497,0.11171051036975886
1157,340,1497,0.11174749010461381
1161,337,1498,0.11177978257006471
1161,336,1497,0.11180077256138857
1171,342,1513,0.11182020335944597
1167,344,1511,0.11181479441762572
1154,341,1495,0.11182050709328156
1159,338,1497,0.11185532174544671
1158,333,1491,0.11187688759616528
1164,342,1506,0.11189996388950299
1166,341,1507,0.11190893263434308
1169,343,1512,0.11190964290167685
1160,348,1508,0.11190491523219759
1165,343,1508,0.11192033480531573
1174,337,1511,0.1119234595515034
1160,334,1494,0.11190702010778496
1154,344,1498,0.11192245509100564
1150,343,1493,0.11195019600313733
1157,345,1502,0.1119841944789815
1162,341,1503,0.11200118797976456
1162,340,1502,0.11200712395779945
1140,343,1483,0.11201425942128114
1143,343,1486,0.11206941121589481
1156,342,1498,0.11211567589232593
1156,348,1504,0.11212964360401913
1148,356,1504,0.11214303804218774
1150,353,1503,0.11217249645978203
1154,350,1504,0.11219366661798494
1158,354,1512,0.11220570004714663
1150,346,1496,0.11220634912279628
1144,351,1495,0.11222620618429952
1150,349,1499,0.11225714837186196
1145,351,1496,0.11227415525970327
1144,354,1498,0.11229885491108256
1130,354,1484,0.11232382696474573
1116,357,1473,0.11237835276711264
1116,355,1471,0.11246077834038984
1118,350,1468,0.11253810345453358
1131,350,1481,0.11260499495982551
1141,359,1500,0.11263784332666357
1155,361,1516,0.11264632175604508
1148,364,1512,0.11262378902640105
1149,363,1512,0.11261894673820376
1148,370,1518,0.11261070201316872
1138,370,1508,0.11260625106478361
1124,368,1492,0.1126239357655889
1118,369,1487,0.11267277977827618
1122,373,1495,0.1127311941096866
1118,366,1484,0.11277889270307559
1129,372,1501,0.11283255977940594
1131,365,1496,0.11285804670952797
1127,367,1494,0.11287720164086579
1122,373,1495,0.11290266424843784
1123,372,1495,0.11293957126534859
1113,378,1491,0.11297147136029871
1129,380,1509,0.11302330551196313
1125,381,1506,0.11303589766202729
1127,381,1508,0.11305569592284524
1125,375,1500,0.1130687194629569
1131,371,1502,0.11308681284544257
1132,374,1506,0.1130875560790795
1126,380,1506,0.11308314672156364
1129,378,1507,0.11309345743231526
1122,378,1500,0.11309547184280326
1128,381,1509,0.1131122143230389
1126,380,1506,0.11311332643453469
1124,383,1507,0.1131194111527779
1117,380,1497,0.11312931702664521
1112,381,1493,0.11315839789652085
1123,384,1507,0.11319577623693622
1121,377,1498,0.11320626023226243
1114,376,1490,0.11321694230629067
1117,374,1491,0.11324170365429674
1123,369,1492,0.11325630044202609
1114,369,1483,0.11325672077396995
1117,372,1489,0.1132796476944977
1121,375,1496,0.11329502499707203
1122,381,1503,0.1133012642709393
1124,385,1509,0.11330386975433707
1129,380,1509,0.11330181497800326
1131,385,1516,0.11328851976366844
1124,381,1505,0.11327103482060878
1126,375,1501,0.11327187410925874
1141,380,1521,0.11326940086391041
1129,382,1511,0.11323239039008515
1125,375,1500,0.11322492466753031
1122,380,1502,0.1132272240988863
1115,381,1496,0.11323869167113947
1101,385,1486,0.11326638017478134
1109,378,1487,0.11332543639484427
1111,388,1499,0.11336299048395247
1100,389,1489,0.11339055912371368
1104,384,1488,0.11344281124672186
1099,386,1485,0.11348134078958783
1104,388,1492,0.11352694971881558
1106,389,1495,0.11355718264447841
1100,391,1491,0.11358110121232118
1111,398,1509,0.11361634569595427
1101,396,1497,0.11362571620848094
1111,392,1503,0.11365768510858185
1105,391,1496,0.11366389995841718
1115,393,1508,0.11368382191237773
1103,388,1491,0.11368037337150529
1115,394,1509,0.113704539202304
1119,392,1511,0.11369711729191347
1114,397,1511,0.11367836379164789
1102,392,1494,0.11367364689844131
1101,393,1494,0.1136982124421344
1091,390,1481,0.11372403523283241
1096,388,1484,0.11377081067736455
1099,392,1491,0.1138025179374759
1106,398,1504,0.11382581031317664
1106,395,1501,0.11383091926746669
1106,402,1508,0.11383698203938353
1107,399,1506,0.1138413650444209
1109,396,1505,0.11384501388183495
1101,395,1496,0.11384155220348688
1108,395,1503,0.11385721203417151
1108,399,1507,0.11385655247803872
1120,393,1513,0.11385743964938642
1118,398,1516,0.11383167189407431
1089,393,1482,0.11381296075710697
1086,396,1482,0.11385970044225323
1099,396,1495,0.11391161664790889
1101,396,1497,0.11392896930063257
1099,393,1492,0.11394063417422502
1089,393,1482,0.11395514093904743
1090,392,1482,0.11399197335945327
1096,392,1488,0.11402376856940577
1098,395,1493,0.11403929404943997
1098,401,1499,0.11404900040660923
1098,402,1500,0.11405698195639319
1109,405,1514,0.11406610764214106
1094,407,1501,0.11405018706732224
1094,407,1501,0.11406951017846319
1098,410,1508,0.11408738122849787
1105,410,1515,0.1140974852212426
1113,407,1520,0.11408979937014319
1103,408,1511,0.11406415223215291
1103,401,1504,0.11406486768162166
1101,398,1499,0.11406735071740243
1106,400,1506,0.11407315351169188
1104,394,1498,0.1140666820163701
1105,408,1513,0.11406437185773853
1114,407,1521,0.11405933318124337
1118,408,1526,0.11403290639650844
1113,409,1522,0.1140017153519695
1111,409,1520,0.11398360391319903
1104,409,1513,0.11396939408126759
1111,409,1520,0.11397432197081463
1096,409,1505,0.11396431269917194
1097,412,1509,0.11398939601171902
1090,413,1503,0.11401211795041849
1091,411,1502,0.11405007439969485
1094,417,1511,0.11408446544169162
1086,413,1499,0.11411001823049549
1079,415,1494,0.1141523642927137
1091,422,1513,0.11420751153644627
1080,422,1502,0.11423043187324027
1072,427,1499,0.11427651476521639
1075,421,1496,0.11433797247733342
1071,426,1497,0.11438837250311908
1074,433,1507,0.11444357084449176
1070,431,1501,0.1144879137089967
1076,428,1504,0.11453896384012116
1069,435,1504,0.114574553525845
1076,436,1512,0.11462548274118799
1069,431,1500,0.1146554125050118
1061,429,1490,0.11470021366757024
1067,432,1499,0.11476046093559752
1064,432,1496,0.11480117175822947
1062,436,1498,0.11484597317864158
1067,441,1508,0.11488859797906419
1064,433,1497,0.1149185405483027
1063,431,1494,0.1149519423368838
1066,429,1495,0.1149852941128899
1067,437,1504,0.11501079076987301
1057,439,1496,0.11503313445708642
1058,439,1497,0.11507562645216092
1060,434,1494,0.11511216775909368
1069,434,1503,0.11513925028941373
1058,437,1495,0.11514338442140161
1062,436,1498,0.11517060457106151
1059,430,1489,0.11518565779759797
1066,427,1493,0.11520840832199247
1067,429,1496,0.1152100078738582
1070,429,1499,0.11521114554809479
1069,430,1499,0.11520484223783001
1063,427,1490,0.11520556243673025
1061,420,1481,0.11521764613310062
1080,423,1503,0.11523373621408617
1075,430,1505,0.11520628490361777
1069,426,1495,0.11519374209182427
1059,419,1478,0.11519508483375172
1072,425,1497,0.11521769065035528
1063,434,1497,0.11520990528088867
1077,435,1512,0.11522390311587298
1085,437,1522,0.11520522658818637
1088,431,1519,0.11517005172273187
1075,425,1500,0.11512928379583083
1070,441,1511,0.11512380344279399
1063,440,1503,0.1151318093715701
1072,436,1508,0.1151555583192502
1063,438,1501,0.11515784775999056
1070,438,1508,0.11518201039396361
1077,443,1520,0.11518398723857455
1069,439,1508,0.11517147494852441
1076,438,1514,0.11517913393184603
1070,434,1504,0.11517199262752228
1068,430,1498,0.11518086911061928
1064,430,1494,0.11519311073835667
1073,438,1511,0.11521120250825115
1068,432,1500,0.11520947683298752
1070,435,1505,0.11521709216774952
1066,433,1499,0.1152224327679202
1057,437,1494,0.11523364830802363
1059,442,1501,0.11526381145560627
1078,442,1520,0.1152878115555555
1062,441,1503,0.11527005935693141
1054,441,1495,0.11528961795601003
1054,444,1498,0.11532604610325448
1069,444,1513,0.11536052573045412
1065,447,1512,0.11535809314880358
1060,449,1509,0.11536628800747614
1056,455,1511,0.11538399695936072
1049,454,1503,0.11541050692665579
1060,456,1516,0.11545290920540704
1045,455,1500,0.11546570831434233
1040,454,1494,0.11550933079579039
1029,454,1483,0.11556422113161272
1025,453,1478,0.11563829027645892
1032,458,1490,0.11571663184506545
1033,450,1483,0.11577415182746817
1041,453,1494,0.11582325815496942
1042,448,1490,0.11585226393801222
1036,450,1486,0.11587596774937618
1033,454,1487,0.11591215100467867
1042,462,1504,0.11595212700845872
1053,465,1518,0.11596958708874539
1038,463,1501,0.11596049447401341
1053,462,1515,0.1159873697177453
1047,460,1507,0.11597892706177083
1047,462,1509,0.11598513893647237
1044,464,1508,0.11599302738432778
1041,463,1504,0.11600735576895062
1036,460,1496,0.11602799718229896
1033,461,1494,0.11606045212796604
1019,471,1490,0.11609995875470919
1022,470,1492,0.11616636333196141
1015,471,1486,0.11622170616255094
1019,476,1495,0.11628921442108987
1012,479,1491,0.11634327061006193
1027,471,1498,0.11640937737490559
1023,479,1502,0.11643670407577993
1023,471,1494,0.11646901912196926
1020,472,1492,0.1164972649747483
1020,483,1503,0.1165318000783473
1025,485,1510,0.11656521532224744
1027,481,1508,0.11658550315168086
1033,479,1512,0.11660024491133009
1035,477,1512,0.11660142951691338
1036,474,1510,0.11659895045380891
1028,480,1508,0.11659314015228865
1018,479,1497,0.11660716738136635
1010,471,1481,0.11664275016798893
1012,469,1481,0.11669549268286612
1014,473,1487,0.11673930252489992
1013,487,1500,0.1167769904236287
1011,489,1500,0.11681322122293458
1007,489,1496,0.11685036412602978
1002,497,1499,0.11689488232428884
1009,499,1508,0.11694767131254018
1003,490,1493,0.116981009020017
1008,488,1496,0.11702611846717542
1016,487,1503,0.11705853556364251
1015,490,1505,0.11706956222329118
1021,498,1519,0.11708305543640461
1024,497,1521,0.1170820280383798
1018,494,1512,0.11707445717912629
1005,493,1498,0.11708206344694012
996,495,1491,0.11712107631112673
996,492,1488,0.11717924996626089
989,497,1486,0.11723470136547164
979,500,1479,0.11730196511494966
990,504,1494,0.11738556326373521
998,499,1497,0.1174384187469511
1002,510,1512,0.11747106458284179
1009,509,1518,0.11749378119312315
998,508,1506,0.11749714446087939
1003,512,1515,0.11752421666832077
1003,513,1516,0.11753736046894697
1011,515,1526,0.11755065620335792
1003,511,1514,0.11754557267070133
996,509,1505,0.11755753401907551
996,511,1507,0.11758591511306353
1003,513,1516,0.11761295457880629
998,508,1506,0.11762170931438927
1004,504,1508,0.11764075810401238
1013,514,1527,0.11764649640429198
999,522,1521,0.11763364662225502
998,524,1522,0.1176529000484441
989,527,1516,0.11767525231844657
982,525,1507,0.1177167009533663
977,523,1500,0.11777202283565642
988,524,1512,0.11783259422720004
975,526,1501,0.11786283804163963
971,530,1501,0.11792196248663013
968,544,1512,0.11798741852124298
970,539,1509,0.11805587418983951
970,537,1507,0.11811622091035563
971,537,1508,0.11817127729692534
975,533,1508,0.118220335218909
972,529,1501,0.11825542278998313
965,533,1498,0.11829596259018878
967,530,1497,0.11834973318325549
965,536,1501,0.11839537487775591
960,525,1485,0.11844410870644605
962,537,1499,0.1185000777876775
966,531,1497,0.11854650878137558
971,533,1504,0.11858112050539134
971,530,1501,0.11860287321423973
966,532,1498,0.11862291305571417
959,526,1485,0.11865103837249752
960,523,1483,0.11869546054245372
973,532,1505,0.11873396789272408
967,534,1501,0.11874011605950091
966,528,1494,0.11875996059791312
959,536,1495,0.11878409350299353
964,536,1500,0.11882214179305986
951,539,1490,0.11884425240518005
944,543,1487,0.11889611487897993
943,547,1490,0.11895927618798854
954,553,1507,0.11901898715776497
956,549,1505,0.11905062966462171
950,549,1499,0.11907423773919205
945,554,1499,0.11910999100151567
948,559,1507,0.11915516083024488
948,554,1502,0.119191774472685
939,556,1495,0.1192263490428579
938,553,1491,0.1192775600891816
943,549,1492,0.1193264515867562
940,555,1495,0.11936186207153288
935,554,1489,0.11940103310873643
928,561,1489,0.11944908326335152
935,557,1492,0.11951104779502508
944,556,1500,0.11954989114274082
950,551,1501,0.11956727216648862
948,546,1494,0.1195675328021252
952,553,1505,0.11957373618926567
945,554,1499,0.1195698252116545
946,547,1493,0.11958184381603282
952,546,1498,0.11958833031081827
955,544,1499,0.11957964602723357
950,536,1486,0.11956405886708663
953,541,1494,0.11956019795774486
941,549,1490,0.11954987109238085
955,544,1499,0.11956840211559498
951,548,1499,0.1195539066875331
954,550,1504,0.11955279040294264
948,556,1504,0.1195465660912938
946,562,1508,0.11955340437690998
948,558,1506,0.11956556018541992
951,556,1507,0.11957243429918643
941,560,1501,0.11957164956297048
941,556,1497,0.11959630289774818
937,566,1503,0.11961702282459229
935,563,1498,0.1196461984922059
924,563,1487,0.11967921488213644
932,565,1497,0.11973411021844654
940,557,1497,0.11976318287145947
936,557,1493,0.11977392694641965
943,555,1498,0.119792809811916
955,561,1516,0.11979540469497038
954,556,1510,0.1197689355255795
939,561,1500,0.11974812853548115
933,556,1489,0.11976330738372652
937,564,1501,0.11979371749132081
940,565,1505,0.11981188060173135
942,567,1509,0.11982438061972837
936,565,1501,0.11983025574900807
936,566,1502,0.11984915489797437
928,572,1500,0.11986821278737146
922,580,1502,0.11990469780175435
927,593,1520,0.11995392816035114
914,593,1507,0.11998887216876362
907,590,1497,0.12005303729790366
895,592,1487,0.12012953524880875
911,598,1509,0.12022903044215222
910,594,1504,0.12028448485136962
896,594,1490,0.1203380900225614
897,608,1505,0.12041909491512591
895,603,1498,0.12049235263283077
888,597,1485,0.1205658283020444
886,608,1494,0.12065084427013838
890,613,1503,0.12073496456088599
891,609,1500,0.12080405165648359
899,612,1511,0.12086916054833434
909,608,1517,0.12090832970701836
909,602,1511,0.12091982392372802
900,597,1497,0.12092718420673286
913,598,1511,0.12095510330453475
921,593,1514,0.1209518334659905
917,596,1513,0.12093326660318977
908,597,1505,0.12092225235860252
923,601,1524,0.12093417070591653
918,596,1514,0.12090984139081103
920,604,1524,0.12089782962218354
918,604,1522,0.12088336164665547
912,604,1516,0.12087471555654147
913,596,1509,0.12088179400314121
914,593,1507,0.12088538779483589
914,598,1512,0.12088519026325073
905,592,1497,0.120886054764172
912,593,1505,0.12090599749860001
905,596,1501,0.12090705669695166
901,599,1500,0.12092434598966349
897,600,1497,0.12095182376340764
892,603,1495,0.12098875205650142
894,602,1496,0.12103498097726867
888,608,1496,0.12107035303490987
901,602,1503,0.12111609845941951
906,608,1514,0.12113192206507456
902,611,1513,0.12113604574813344
898,608,1506,0.12114966608411695
893,605,1498,0.12117159156115935
899,612,1511,0.12120485685910111
903,611,1514,0.12122314167102853
899,613,1512,0.12122962766651373
894,608,1502,0.12124382567134621
890,620,1510,0.12126967350961003
891,616,1507,0.12130378603914081
887,621,1508,0.12133246137970709
880,622,1502,0.12136679068346926
877,623,1500,0.12141577800313355
882,626,1508,0.12146873838645089
885,627,1512,0.12150555786783686
885,629,1514,0.12153331177672409
882,620,1502,0.12155955525752091
892,616,1508,0.12159216143794599
894,615,1509,0.12159991355139088
891,609,1500,0.1216015720420433
890,613,1503,0.12161145721884445
896,619,1515,0.12162170376318636
895,617,1512,0.12161811252934136
880,616,1496,0.12161880402536987
875,618,1493,0.1216544657649471
876,627,1503,0.12169806093877654
876,632,1508,0.12173756184458483
882,623,1505,0.12177474757439319
869,629,1498,0.12179878397723957
865,628,1493,0.12185002718259366
867,625,1492,0.12190463823622419
860,627,1487,0.12195049145225294
867,628,1495,0.12200845388417442
880,623,1503,0.1220467197279989
879,633,1512,0.122054038372619
881,632,1513,0.1220620686860586
877,641,1518,0.12206511807634599
869,641,1510,0.12207859739513442
869,641,1510,0.12211098664403956
870,634,1504,0.12214114923567652
865,640,1505,0.12216527595268982
866,638,1504,0.12219785270150682
864,640,1504,0.12222314373665476
872,642,1514,0.12225284068993286
864,639,1503,0.12226242628139518
859,643,1502,0.12229010891941862
858,642,1500,0.12232917461300336
855,649,1504,0.12236903018910937
861,648,1509,0.12241379300727973
844,650,1494,0.12244284348624802
845,644,1489,0.12250739984000067
850,646,1496,0.12256304970016282
855,655,1510,0.12260396704691001
861,651,1512,0.12262940359477295
861,654,1515,0.1226389683163994
864,651,1515,0.1226482493074505
857,645,1502,0.1226520059347655
856,640,1496,0.12266921622943457
859,644,1503,0.1226893991641163
849,657,1506,0.12270117599668193
845,651,1496,0.12273467552883059
856,648,1504,0.1227747330275006
856,652,1508,0.1227862994013089
845,648,1493,0.12279698568363483
846,646,1492,0.12283367839895326
848,643,1491,0.12286483432837969
848,654,1502,0.12288901882109388
845,661,1506,0.1229101985092877
836,652,1488,0.12293737854203243
846,643,1489,0.12298567148570523
845,646,1491,0.12300388020478825
851,639,1490,0.12302381083733699
848,641,1489,0.12302610201587275
856,639,1495,0.12303589630627874
844,655,1499,0.12302818620762845
852,648,1500,0.1230474933477539
848,645,1493,0.12304436615152772
843,641,1484,0.12305214009648183
857,641,1498,0.12306986548856895
859,644,1503,0.1230544352618377
856,642,1498,0.12303492664506192
853,651,1504,0.12302306284131984
851,639,1490,0.12301998363763265
857,646,1503,0.12302409365742158
851,653,1504,0.12301302528018525
846,650,1496,0.12301818655307949
846,651,1497,0.12303510477643385
836,650,1486,0.12304966188458712
837,655,1492,0.12308666908396208
831,655,1486,0.12312090474499836
830,653,1483,0.12316328098143053
825,657,1482,0.12320406563046937
824,663,1487,0.12325316669498226
824,669,1493,0.12330145165012897
825,660,1485,0.12334564912948935
835,664,1499,0.12338425953472822
833,653,1486,0.12339641658334305
831,657,1488,0.12341184370676327
829,655,1484,0.12343185639860854
829,659,1488,0.1234548633737025
835,661,1496,0.12347642770765749
838,662,1500,0.12348226414538643
848,656,1504,0.1234822730814606
849,654,1503,0.12345903852347405
846,651,1497,0.1234334092094869
860,652,1512,0.12341546870901762
859,655,1514,0.12336873021049817
854,654,1508,0.12332839551817885
843,645,1488,0.12330259313536057
850,656,1506,0.12330512015585
843,653,1496,0.12329024965219965
837,668,1505,0.12329172434010559
839,668,1507,0.1233086904922985
833,659,1492,0.12331994519848724
824,657,1481,0.12334625319524417
846,660,1506,0.12338840728502161
848,659,1507,0.1233783438822071
852,663,1515,0.12336480207267347
859,669,1528,0.12334164243579875
845,660,1505,0.12330318032142315
844,666,1510,0.12330010352584113
843,666,1509,0.12330123481109335
840,671,1511,0.12330554481108655
845,673,1518,0.12331799441979024
837,676,1513,0.12331757147852862
841,670,1511,0.1233350961255032
844,663,1507,0.12334266218753541
840,661,1501,0.12334435042819666
833,668,1501,0.12335518002195858
843,663,1506,0.12337966842131856
840,664,1504,0.12338019295280837
839,670,1509,0.1233893032772583
838,675,1513,0.12340090789095039
848,668,1516,0.12341537208155544
837,663,1500,0.12340564241738598
827,660,1487,0.12342142435762124
821,658,1479,0.1234571540794846
824,654,1478,0.12350234062472168
825,667,1492,0.12353657517832424
822,680,1502,0.12356650978334895
819,687,1506,0.12360199803746993
829,673,1502,0.12364235496488252
832,672,1504,0.12365843001526873
823,677,1500,0.1236637517327141
822,675,1497,0.12369051591436424
806,674,1480,0.12371889098081429
804,679,1483,0.12378207313546877
796,682,1478,0.12384454141907338
807,670,1477,0.12392087548682888
814,670,1484,0.12396586416296194
819,667,1486,0.1239883700018618
819,673,1492,0.12399737130769278
833,680,1513,0.12400700133556651
838,676,1514,0.12398407518403814
832,668,1500,0.12395039280163958
830,671,1501,0.12393174390070567
827,680,1507,0.12391957414758009
830,684,1514,0.1239165861905142
822,679,1501,0.1239077756971781
817,683,1500,0.12391885919916401
828,675,1503,0.12393939405497303
832,674,1506,0.12393503972081774
829,676,1505,0.12392306985756175
822,677,1499,0.12391720440045419
824,680,1504,0.12392740515005617
824,684,1508,0.1239359399626882
817,687,1504,0.12394229290134916
821,695,1516,0.123960715957084
816,695,1511,0.12397032178443389
818,697,1515,0.12399219368936899
816,690,1506,0.12400929752804139
812,689,1501,0.12403011629857394
813,689,1502,0.12405890234913079
811,695,1506,0.12408207257589562
808,695,1503,0.1241088765163001
808,683,1491,0.12414218049187536
805,685,1490,0.12416975121694683
811,692,1503,0.12420131793253855
803,693,1496,0.1242156603700379
800,698,1498,0.12424754435733729
793,694,1487,0.12428599857106742
783,705,1488,0.12433926001642195
797,703,1500,0.12441331819056152
801,706,1507,0.12444974964396714
806,695,1501,0.12447269317574033
802,698,1500,0.12448200544251847
803,697,1500,0.12449759487532175
799,696,1495,0.12451028221275566
801,700,1501,0.12453263191745327
805,699,1504,0.12455038850736706
809,705,1514,0.124557919884586
806,698,1504,0.12455786757448203
793,701,1494,0.12456571462464275
793,704,1497,0.12460172610948686
800,704,1504,0.12463710285622094
800,710,1510,0.12465299251138243
800,707,1507,0.12466839763203762
803,709,1512,0.12468387870848577
793,711,1504,0.12468963773035341
791,698,1489,0.12471918992637906
793,702,1495,0.12475244428268312
796,706,1502,0.12477902629082444
809,706,1515,0.12479687353582997
805,700,1505,0.12478478229709392
799,701,1500,0.12478061667139695
800,708,1508,0.12479089125180665
797,706,1503,0.12479897297600093
791,708,1499,0.12481202285008255
790,708,1498,0.12483820115834819
782,705,1487,0.1248655640271911
783,711,1494,0.12490969233755805
783,718,1501,0.12494925427668381
788,724,1512,0.12498671269395924
793,720,1513,0.1250102152233923
799,713,1512,0.12502224535522644
798,718,1516,0.12501913353922653
799,717,1516,0.1250182128487311
797,718,1515,0.125015534781463
795,710,1505,0.12501640185381854
794,713,1507,0.12502304543008233
796,713,1509,0.125032232358569
792,721,1513,0.12503755300826222
790,724,1514,0.12505264125931514
795,720,1515,0.12507341642475958
784,722,1506,0.12508050187690045
787,718,1505,0.12511188699791576
797,716,1513,0.1251349504056199
796,715,1511,0.12513107746303018
802,711,1513,0.1251275632791946
799,706,1505,0.12511116329491212
789,718,1507,0.12510317577804148
775,712,1487,0.12512074467402778
783,702,1485,0.12516579063740352
783,708,1491,0.12519090398266802
786,713,1499,0.1252130950928812
781,723,1504,0.1252259556705084
784,725,1509,0.12524929548615085
779,723,1502,0.12526313656912128
774,715,1489,0.1252872632250924
766,721,1487,0.12532099609838665
774,722,1496,0.12537210357407255
780,725,1505,0.12540219003844805
783,726,1509,0.12541550483081368
773,723,1496,0.12542176788556
774,727,1501,0.1254516103302771
773,726,1499,0.12547598053367712
767,725,1492,0.12550272604274332
757,728,1485,0.12554190114434818
771,729,1500,0.1256018431368052
771,726,1497,0.12562719333178957
766,733,1499,0.12565028284987736
762,743,1505,0.1256843969160758
762,750,1512,0.12572598613343133
754,747,1501,0.12576548269391957
755,739,1494,0.12581964472474397
756,739,1495,0.12586855606521308
757,742,1499,0.12591262160557637
760,755,1515,0.12595170598892758
763,747,1510,0.125981054107926
763,742,1505,0.1260032463004534
760,757,1517,0.1260240735730413
760,760,1520,0.1260501519227915
760,750,1510,0.12607521730610882
764,756,1520,0.12609962624754337
768,752,1520,0.12611399554409453
762,753,1515,0.12611965289099372
762,752,1514,0.12613836852791452
762,757,1519,0.12615458505880991
768,745,1513,0.12616948091187274
761,750,1511,0.12616971428017643
765,744,1509,0.12618617592277012
765,748,1513,0.1261923467855952
753,746,1499,0.12619686049969744
748,749,1497,0.12622949989091253
749,738,1487,0.1262716377353463
751,744,1495,0.12630977750483602
759,748,1507,0.12633865355638974
759,749,1508,0.12634724981689968
758,747,1505,0.12635540787144273
756,746,1502,0.1263659111757965
758,744,1502,0.1263807151339743
752,746,1498,0.12638965914625008
745,760,1505,0.12641393138187604
753,758,1511,0.12645121023111597
742,755,1497,0.126469001557696
743,755,1498,0.1265108336326361
743,758,1501,0.12654975289976828
741,751,1492,0.12658427355805824
748,751,1499,0.12662153493203285
748,750,1498,0.12663950242882258
737,757,1494,0.1266559995800874
735,757,1492,0.1266961066587411
738,757,1495,0.12673844701839987
739,757,1496,0.12677084890187929
730,762,1492,0.12679797465375459
734,764,1498,0.12684454639234477
737,759,1496,0.1268807003827697
731,768,1499,0.12690757451428172
720,775,1495,0.12694667122192457
715,781,1496,0.12700980083457097
723,771,1494,0.12707945408847887
723,782,1505,0.12712721100327293
723,796,1519,0.12717005397317202
724,790,1514,0.127209628770818
732,791,1523,0.1272442997195319
726,792,1518,0.12725727233173553
726,790,1516,0.12728437482056834
725,786,1511,0.12731057056398773
726,790,1516,0.12733790295688066
721,783,1504,0.12736187275220265
728,775,1503,0.12739562617562153
723,778,1501,0.12740958769805416
725,775,1500,0.1274314267938265
716,783,1499,0.12745010052987762
726,773,1499,0.12748706947334842
721,774,1495,0.12750041539817464
715,774,1489,0.12752051569932737
726,777,1503,0.12755321623713134
721,782,1503,0.12755710603020354
723,785,1508,0.1275717137497458
732,780,1512,0.12757995784115223
728,779,1507,0.12756654460304653
732,785,1517,0.1275636024629384
729,786,1515,0.1275515564701048
723,791,1514,0.1275473042494518
720,781,1501,0.12755828505108893
719,776,1495,0.12757515850980547
722,780,1502,0.12759440202566785
725,778,1503,0.12760535692492037
726,777,1503,0.1276094342329569
723,786,1509,0.12761094289691105
722,792,1514,0.12761750667470614
718,792,1510,0.12762589575116975
711,795,1506,0.12764443575930165
707,798,1505,0.1276779085790113
698,783,1481,0.12771939767810744
688,782,1470,0.12777863506743461
692,794,1486,0.1278555688593163
707,784,1491,0.1279183273023311
703,795,1498,0.12794171150866937
703,798,1501,0.1279729485025547
700,799,1499,0.12800120495047693
701,802,1503,0.12803531910788823
709,794,1503,0.12806600307802235
702,807,1509,0.12807824308103646
704,799,1503,0.12810470783741276
709,801,1510,0.1281265738886492
712,789,1501,0.12813429526450626
708,788,1496,0.1281348685345841
702,797,1499,0.12814293922714703
701,801,1502,0.12816246061947814
699,796,1495,0.12818388122318536
700,783,1483,0.1282101222417323
694,801,1495,0.12823234240731418
696,812,1508,0.1282671633703008
693,811,1504,0.12829585620717293
677,814,1491,0.12832909955906902
683,809,1492,0.12839682374530648
686,815,1501,0.12844727803883413
698,810,1508,0.12848846191267646
695,806,1501,0.1284965186835914
690,811,1501,0.12851144695602104
697,815,1512,0.12853838991606015
687,822,1509,0.12854622393140006
688,817,1505,0.12857754532742965
688,818,1506,0.12860546423918195
684,822,1506,0.1286308477257656
689,819,1508,0.12866225302400522
690,824,1514,0.12868083586953574
688,824,1512,0.12869532884102702
680,817,1497,0.12871340853789587
681,821,1502,0.12874698010241448
670,822,1492,0.12877745397061968
671,815,1486,0.12883001907296635
677,810,1487,0.12887624660914063
677,826,1503,0.1289044476383265
684,829,1513,0.12893118771421258
687,820,1507,0.1289366041613061
684,819,1503,0.12893555394398962
687,813,1500,0.12894112582333725
689,814,1503,0.12893922002388145
695,819,1514,0.12893275348009603
689,815,1504,0.12891337131116953
680,817,1497,0.12890879653241327
683,819,1502,0.1289265866048277
687,819,1506,0.12893810227065125
682,816,1498,0.12893936166767309
681,823,1504,0.12895420235578414
680,826,1506,0.1289692525258616
680,835,1515,0.12898716789997103
677,823,1500,0.12900332822710875
675,832,1507,0.12902274312897982
671,839,1510,0.12904611556047996
670,850,1520,0.12907977043653848
662,855,1517,0.12911417218471016
663,844,1507,0.12916519477673996
657,839,1496,0.1292103441956608
659,829,1488,0.12926833513408365
662,839,1501,0.12931468512679264
665,840,1505,0.12935121760096982
667,845,1512,0.12937828571719526
668,841,1509,0.12939683744795416
662,833,1495,0.12941324362629164
656,844,1500,0.12944171297756596
658,842,1500,0.12948321022233122
656,845,1501,0.12951497744585475
658,849,1507,0.1295486324226199
656,848,1504,0.12957621132203517
656,855,1511,0.12960632210642717
656,854,1510,0.12963538645880282
661,852,1513,0.12965984038981615
668,848,1516,0.12966903475156877
672,847,1519,0.12966203812973462
673,837,1510,0.12964731895336265
665,838,1503,0.12963259585925951
661,838,1499,0.12963736017661603
656,852,1508,0.12965232147506586
655,850,1505,0.1296787080616361
652,838,1490,0.12970491068696596
658,837,1495,0.12973714836349692
652,839,1491,0.129754320899612
644,842,1486,0.1297857807431263
654,842,1496,0.12983171919749917
667,850,1517,0.1298522048432133
669,849,1518,0.12983841757456807
661,854,1515,0.12982006461125375
658,844,1502,0.1298224371666311
659,848,1507,0.12983287575924168
663,859,1522,0.129840656030314
652,867,1519,0.12984136102770402
649,862,1511,0.1298672375600357
647,871,1518,0.12989922074725574
643,867,1510,0.12993437685244202
646,862,1508,0.12997832057791034
643,851,1494,0.13001403723924243
647,860,1507,0.13005407438974015
643,869,1512,0.13007812020023682
635,874,1509,0.13010939184166592
636,876,1512,0.13015629372328785
640,872,1512,0.13019788280706368
633,876,1509,0.1302274191636441
633,873,1506,0.13027208545581523
635,874,1509,0.13031177031253008
631,878,1509,0.13034620552687218
633,861,1494,0.13038795849780338
634,861,1495,0.1304219833124017
627,867,1494,0.13045069138022009
630,859,1489,0.1304933618505454
627,865,1492,0.1305263246912006
636,871,1507,0.13056401572372547
631,867,1498,0.13057910794789562
627,861,1488,0.1306050758900835
627,869,1496,0.13063830353775482
620,870,1490,0.13066913838530994
629,877,1506,0.13071410438409534
621,887,1508,0.13073561741526793
629,884,1513,0.130775582508405
631,887,1518,0.1307938322221353
629,882,1511,0.13080651030305168
631,889,1520,0.13082309317520444
632,893,1525,0.13083567403175575
623,885,1508,0.13084552596145987
616,895,1511,0.1308758521453698
616,897,1513,0.13092057119628886
613,904,1517,0.13096440631907005
606,897,1503,0.13101268316318093
609,898,1507,0.13107322973976465
620,901,1521,0.1311226517849655
613,888,1501,0.1311413002177471
604,891,1495,0.13117470446907986
610,891,1501,0.13122527510163015
614,890,1504,0.13125784905744556
620,889,1509,0.13127952973030751
616,891,1507,0.13128561301089006
610,889,1499,0.13130020825091912
617,890,1507,0.13132956782001626
618,900,1518,0.13134110125418977
620,897,1517,0.13134939527644934
624,890,1514,0.13135483863827627
626,884,1510,0.13134944347721694
620,902,1522,0.13134125855993953
621,891,1512,0.13134701035986776
622,895,1517,0.1313529368057983
613,892,1505,0.13135636085139651
610,891,1501,0.13137982281987254
601,891,1492,0.13140947109799625
607,889,1496,0.13145486141281928
614,889,1503,0.13148380782131577
613,900,1513,0.13149341680188414
614,894,1508,0.1315048472664863
610,905,1515,0.1315135803851514
614,908,1522,0.1315315217689513
615,909,1524,0.131538388752954
615,901,1516,0.13154329266677686
623,901,1524,0.1315480012654798
619,902,1521,0.13153497593665328
620,901,1521,0.1315294711200666
626,885,1511,0.13152168485703128
618,883,1501,0.13150081425051088
608,883,1491,0.1315029114005045
610,900,1510,0.13152724736509763
612,899,1511,0.13154473365682293
617,898,1515,0.13155733343527407
616,897,1513,0.1315577115527882
608,893,1501,0.13155955653437917
608,894,1502,0.1315793516451918
608,895,1503,0.1315988834472993
619,895,1514,0.1316160653048096
601,899,1500,0.13160600423487884
608,898,1506,0.1316357835256886
615,895,1510,0.13164830106060674
619,901,1520,0.131644478895326
612,905,1517,0.1316327859734137
613,899,1512,0.1316392534096878
615,893,1508,0.13164027461945868
604,905,1509,0.1316383112671767
601,898,1499,0.1316615416651903
603,895,1498,0.13169158714668477
612,895,1507,0.13171371679401186
617,902,1519,0.13171324736326173
614,891,1505,0.13170075632910191
623,887,1510,0.13169630756892442
617,880,1497,0.13167038132208067
609,881,1490,0.13166011222981416
601,882,1483,0.1316682845727572
616,880,1496,0.1316942518177577
606,878,1484,0.13168251515303633
610,891,1501,0.13169413153015175
613,894,1507,0.13169555943718822
616,892,1508,0.131690342657729
620,882,1502,0.13167944232842832
613,885,1498,0.13165998750711125
618,879,1497,0.13165871737003176
623,883,1506,0.13164636734077415
627,879,1506,0.1316239666952048
626,878,1504,0.13159260536904985
631,887,1518,0.13156613139453774
627,883,1510,0.13152976096709534
628,884,1512,0.13150551217542503
624,886,1510,0.13148018032766123
626,880,1506,0.1314667568246515
632,881,1513,0.13145112252254035
623,890,1513,0.13142258893296707
604,897,1501,0.13141734456349416
611,894,1505,0.13145659285702585
610,892,1502,0.13147908309346262
616,892,1508,0.13149951497399623
620,899,1519,0.13150487713636025
620,895,1515,0.1315019350753936
620,877,1497,0.13150137406265425
617,895,1512,0.1315027477242995
622,883,1505,0.13151129051788438
622,878,1500,0.13150830374134562
629,882,1511,0.1315044677819844
623,891,1514,0.13148447514117426
619,900,1519,0.13147831575417246
614,895,1509,0.13148329860907307
616,899,1515,0.13150085578292414
622,910,1532,0.13151233019194636
619,905,1524,0.13150905524105153
618,903,1521,0.13151372951976986
619,903,1522,0.13152096133571184
618,911,1529,0.1315263044378586
622,910,1532,0.13153202539135697
619,908,1527,0.13152950866643756
614,895,1509,0.13153328643486717
618,888,1506,0.13154790409614728
613,894,1507,0.13155177319314582
607,889,1496,0.13156595730479237
600,901,1501,0.13159058438164656
605,900,1505,0.13162967514334917
604,899,1503,0.1316545704236055
605,896,1501,0.13168038901479637
609,893,1502,0.1317005786629225
605,900,1505,0.13171056096788422
610,897,1507,0.1317293651111124
615,892,1507,0.13173449177361068
616,900,1516,0.13172647113202834
607,897,1504,0.1317184116869373
609,894,1503,0.13173186106712237
605,891,1496,0.13173859390793832
596,880,1476,0.13175307686066595
606,891,1497,0.13178777378710202
604,887,1491,0.1317962061080193
610,890,1500,0.13180746042606797
601,889,1490,0.13180451244330063
602,895,1497,0.13182344250939365
609,894,1503,0.13183816973067605
611,892,1503,0.1318325584716481
606,897,1503,0.13182455576491703
613,893,1506,0.13182920893029315
609,899,1508,0.1318170200838128
607,892,1499,0.13181619111118498
595,892,1487,0.13181891125684955
601,901,1502,0.1318500150216423
597,901,1498,0.13186259121350566
597,890,1487,0.13188454604020428
600,886,1486,0.13190457869764122
611,899,1510,0.13191830788738723
607,902,1509,0.13190537504097885
606,896,1502,0.1319042113679054
609,891,1500,0.1319051769657909
605,890,1495,0.13189985908700655
611,898,1509,0.1319035810967855
606,900,1506,0.13189302928124064
604,906,1510,0.13189586028062655
604,908,1512,0.13190373034763384
607,914,1521,0.13191303067376453
602,912,1514,0.1319151978987071
601,909,1510,0.13192743585119854
609,908,1517,0.13194055140760433
609,914,1523,0.13193475562222115
607,919,1526,0.13192952357549179
602,915,1517,0.13192839086420455
597,912,1509,0.13194097899266757
591,900,1491,0.13196497588412706
597,913,1510,0.13200302186021257
591,902,1493,0.13202557599547568
597,907,1504,0.13205805549753802
600,904,1504,0.13207309236424664
589,909,1498,0.13208094907297446
590,921,1511,0.13211476672993136
587,910,1497,0.1321433709950094
588,923,1511,0.13217780130641785
594,916,1510,0.13220886144485722
595,924,1519,0.1322240992483187
596,918,1514,0.1322344496538099
583,925,1508,0.13224235770680107
587,918,1505,0.13228155265179883
597,918,1515,0.13231034202096872
590,914,1504,0.13231188769094154
583,921,1504,0.13232803624778325
582,918,1500,0.13235683092239087
585,922,1507,0.13238569853962698
595,917,1512,0.13240573216661947
595,910,1505,0.1324010554664466
589,913,1502,0.13239562325108445
592,911,1503,0.13240457431653233
594,912,1506,0.13240472347578108
589,910,1499,0.13240273390290014
595,906,1501,0.1324137724169542
594,913,1507,0.13241094809477924
593,913,1506,0.13241165903632166
588,913,1501,0.13241602422749807
584,921,1505,0.13243125619646595
589,924,1513,0.13245637482842879
582,927,1509,0.13246496509853845
591,930,1521,0.1324867842067832
591,930,1521,0.1324866986697261
585,918,1503,0.132485636852124
583,926,1509,0.1324986286634261
594,918,1512,0.1325149863747917
585,925,1510,0.13250359448719795
586,929,1515,0.13251270903855208
574,923,1497,0.13251898451239227
582,921,1503,0.13255123755166193
580,920,1500,0.13256573861322096
579,924,1503,0.13258421963781064
574,918,1492,0.13260680969066865
578,922,1500,0.13263686280864495
582,917,1499,0.13265534346868116
585,914,1499,0.13266451399818938
578,919,1497,0.13266576688630882
570,917,1487,0.1326837488326772
568,934,1502,0.13271959791220142
571,939,1510,0.1327594673416975
571,938,1509,0.13279090822273276
568,937,1505,0.13281976637808615
571,938,1509,0.13285458442150486
572,938,1510,0.13288194343422982
572,935,1507,0.1329049580279947
575,924,1499,0.13292648702864335
578,925,1503,0.13293835774530843
581,929,1510,0.13294245903759916
577,929,1506,0.13294098714191502
576,925,1501,0.13294974730656192
573,932,1505,0.1329593731994288
571,946,1517,0.1329746915428922
575,939,1514,0.13299352322880273
577,939,1516,0.13300293061792495
580,940,1520,0.13300694322872542
564,941,1505,0.13300342465116122
567,941,1508,0.13303746585577092
563,952,1515,0.13306276024166816
554,942,1496,0.13309464407820432
553,962,1515,0.13314539931021963
551,966,1517,0.13319485968726685
553,967,1520,0.13324653810896905
558,964,1522,0.13328928323678593
550,954,1504,0.13331788543688267
552,958,1510,0.1333624310172163
545,952,1497,0.13339880822585937
551,951,1502,0.1334494161626415
541,956,1497,0.1334835845777954
543,963,1506,0.13353522931921788
549,961,1510,0.13357681017197995
543,966,1509,0.13360150975801105
545,969,1514,0.13363854483462873
548,974,1522,0.1336682179126833
548,975,1523,0.13369056933003967
544,968,1512,0.1337122024136822
540,949,1489,0.1337406100887984
539,956,1495,0.13377733512444154
534,953,1487,0.13381489871029295
534,952,1486,0.13386077958925643
536,965,1501,0.1339017094085617
541,953,1494,0.13393585442329226
545,955,1500,0.13395520701345587
540,962,1502,0.13396626239068596
536,950,1486,0.13398714065840062
532,957,1489,0.13401432017041798
536,969,1505,0.13405013935673027
535,968,1503,0.13407449166488708
535,963,1498,0.13410072207715548
533,969,1502,0.13412519928101788
529,970,1499,0.13415157977870706
528,974,1502,0.1341846099449936
536,970,1506,0.13421813155730683
533,982,1515,0.1342319814681326
532,981,1513,0.13424937409888354
525,984,1509,0.13426726535985156
527,986,1513,0.134301716254642
531,979,1510,0.1343289211223781
525,996,1521,0.1343463597631812
522,991,1513,0.13437661156603617
524,981,1505,0.13441356459578285
532,979,1511,0.13444168367520595
531,981,1512,0.13444733593651403
531,964,1495,0.1344561123895995
529,965,1494,0.13446586547549932
531,973,1504,0.13448106357774375
522,977,1499,0.13448963469376746
526,990,1516,0.13451874839963301
520,988,1508,0.13453772732608324
522,988,1510,0.13456932582600406
519,979,1498,0.13459479009365513
525,980,1505,0.13462507144578123
530,982,1512,0.13464110863283735
523,988,1511,0.1346437718810253
520,985,1505,0.134661851546657
520,991,1511,0.13468706409940664
513,984,1497,0.13471040199965562
512,998,1510,0.13474793446032837
509,995,1504,0.13478710862646812
507,1004,1511,0.13483038493246385
506,1000,1506,0.1348749702051329
515,1007,1522,0.13491982699492813
518,1008,1526,0.1349409334147827
511,1000,1511,0.1349543239077018
513,999,1512,0.13498365561675346
512,996,1508,0.1350072417759746
506,994,1500,0.1350300282657502
504,1000,1504,0.13506500468402988
506,1004,1510,0.1351020798469142
506,1006,1512,0.1351318137385991
504,1008,1512,0.13515629121641104
499,1009,1508,0.13518560224793866
494,1007,1501,0.13522533191036554
494,1001,1495,0.13527539422286833
492,1002,1494,0.13532165240895624
500,1006,1506,0.1353693493229941
503,1013,1516,0.13539272166926036
496,1020,1516,0.13540591250691356
492,1011,1503,0.13543713538033547
493,1009,1502,0.13547500587808103
499,1013,1512,0.1355095649197864
491,1022,1513,0.1355279016896221
486,1019,1505,0.13556571970320477
486,1022,1508,0.1356106468284448
495,1029,1524,0.13565338981622016
491,1034,1525,0.13567329920205762
492,1027,1519,0.13570057070852218
495,1030,1525,0.13572521020371675
494,1017,1511,0.13573940685337874
492,1010,1502,0.1357549973248964
485,1014,1499,0.1357744137398936
483,1008,1491,0.13580993176575706
479,1019,1498,0.135847684865149
477,1020,1497,0.13589296015765762
477,1025,1502,0.13594040266515725
479,1027,1506,0.13598398905161058
478,1030,1508,0.13601959117266302
479,1029,1508,0.13605505650032437
488,1044,1532,0.13608427076750865
486,1045,1531,0.13608921824762452
485,1051,1536,0.13609876961016135
482,1024,1506,0.13611204428487078
479,1024,1503,0.13613268407294485
475,1032,1507,0.13615875490816762
472,1039,1511,0.13619187410529562
474,1044,1518,0.1362295972125439
467,1043,1510,0.13626114725140778
463,1038,1501,0.1363068040658498
466,1042,1508,0.13635889764019976
465,1051,1516,0.13639899008387882
464,1055,1519,0.13643838938390287
469,1044,1513,0.13647728850787616
466,1036,1502,0.13650050944970435
466,1029,1495,0.13653048100787504
468,1027,1495,0.13655560181540202
471,1027,1498,0.13657404152212177
471,1025,1496,0.13658165298310687
473,1027,1500,0.13659079496863097
472,1015,1487,0.13659609596499198
473,1014,1487,0.13660273242260634
473,1011,1484,0.1366053931552635
475,1014,1489,0.1366076138939156
482,1047,1529,0.13660666198248006
479,1039,1518,0.13658894574407163
467,1037,1504,0.1365791320161472
460,1045,1505,0.1365999141499929
464,1046,1510,0.13663700769412807
463,1041,1504,0.13666150991758103
465,1037,1502,0.13668671379716205
469,1046,1515,0.13670548045831304
477,1046,1523,0.13671392231992185
472,1051,1523,0.13670119233487787
462,1049,1511,0.13670216569219307
462,1044,1506,0.13672651618631446
457,1047,1504,0.13674950330550162
451,1034,1485,0.13678319544046638
458,1051,1509,0.1368289787759803
458,1047,1505,0.13685653383520024
452,1047,1499,0.13688257793445
453,1057,1510,0.13691985061278916
459,1061,1520,0.1369533134934202
450,1063,1513,0.13696981892892052
443,1070,1513,0.1370062416772956
439,1084,1523,0.1370577271229018
440,1077,1517,0.13711450245294232
437,1088,1525,0.137166433593527
440,1069,1509,0.13722079837930187
442,1070,1512,0.13726358425325183
440,1084,1524,0.13729866147864087
439,1075,1514,0.13733775708495582
439,1061,1500,0.1373767942025388
435,1058,1493,0.13741195352626256
438,1063,1501,0.1374548887645814
446,1065,1511,0.1374886417618465
444,1078,1522,0.13749988305234903
444,1075,1519,0.1375149305842962
441,1070,1511,0.13752780313069682
440,1069,1509,0.13754795544584156
437,1075,1512,0.13756450172086163
432,1080,1512,0.13758769416301062
429,1071,1500,0.1376222880584097
434,1065,1499,0.13766297989960147
436,1070,1506,0.13769011907216744
441,1070,1511,0.1377111338469052
439,1068,1507,0.13771843050598112
443,1064,1507,0.137729467852523
444,1064,1508,0.13772929425177557
444,1056,1500,0.13772727528014475
447,1066,1513,0.13772543128190018
439,1060,1499,0.13771614489518572
437,1058,1495,0.13772495169515905
446,1060,1506,0.13773880869295746
442,1065,1507,0.13772965452027347
441,1066,1507,0.13773092721426455
443,1068,1511,0.13773348046004827
442,1069,1511,0.13773076555141933
438,1073,1511,0.1377306928126445
447,1081,1528,0.1377408105828123
442,1075,1517,0.1377301191290687
440,1065,1505,0.1377324356218905
441,1076,1517,0.13773968181914947
447,1066,1513,0.13774546617699232
441,1062,1503,0.13773562022409302
428,1060,1488,0.13774116439799364
435,1055,1490,0.13777534544639358
440,1059,1499,0.13779098951279548
445,1061,1506,0.1377912658077993
443,1071,1514,0.13778247019678766
452,1067,1519,0.13777997307599932
448,1066,1514,0.13775591159857212
451,1062,1513,0.1377437408274039
449,1062,1511,0.13772434772908076
446,1065,1511,0.1377090266672531
445,1062,1507,0.1377028728066076
442,1064,1506,0.13770016213508324
440,1062,1502,0.13770550271009585
439,1072,1511,0.13771639002951996
441,1075,1516,0.13772813910316703
443,1066,1509,0.13773476634311901
436,1064,1500,0.13773581489963632
433,1077,1510,0.13775413556811889
442,1068,1510,0.13777507508551926
436,1076,1512,0.13777082216213551
435,1064,1499,0.13778238796572015
442,1074,1516,0.13779634309514685
439,1074,1513,0.13779341546993873
432,1075,1507,0.13779709089685754
433,1073,1506,0.1378156687786476
426,1088,1514,0.13783060550634676
431,1080,1511,0.1378622932516559
426,1088,1514,0.13787994449601834
434,1081,1515,0.1379101570713793
429,1092,1521,0.1379213602256265
426,1099,1525,0.13794366801728805
426,1094,1520,0.13797275780302592
425,1089,1514,0.1380002425293365
424,1097,1521,0.1380287181136254
422,1102,1524,0.13805682309615933
429,1093,1522,0.13808563959164302
433,1091,1524,0.1380931508219395
428,1092,1520,0.13809179499301633
420,1088,1508,0.1381031858713012
420,1091,1511,0.1381303316500755
417,1080,1497,0.1381581073347636
413,1084,1497,0.1381912227681259
413,1095,1508,0.13822979634459448
413,1103,1516,0.1382674738680667
413,1100,1513,0.13830457781941635
411,1089,1500,0.1383371460329446
414,1100,1514,0.1383700984401497
414,1093,1507,0.13839159642401316
412,1090,1502,0.13841050202365676
413,1082,1495,0.13843243025448201
412,1095,1507,0.13845071335817194
415,1098,1513,0.13847119703042565
406,1103,1509,0.13848471728589826
407,1113,1520,0.13851879484709745
405,1120,1525,0.13854911306874204
409,1117,1526,0.13858287260342522
402,1108,1510,0.1386055367025275
402,1108,1510,0.13864432162035423
400,1112,1512,0.13868100098336172
393,1111,1504,0.13871897228136526
400,1111,1511,0.13877078685130204
404,1108,1512,0.13880425136360955
397,1120,1517,0.13882617323238716
400,1118,1518,0.1388639956889223
397,1108,1505,0.13889285026481324
393,1098,1491,0.13892538112552014
392,1104,1496,0.1389639255908234
393,1111,1504,0.13900330524515603
383,1116,1499,0.13903629371398318
389,1123,1512,0.1390909788304392
390,1127,1517,0.1391267874353102
387,1121,1508,0.13915753434670478
382,1127,1509,0.1391941117434826
383,1125,1508,0.13923961784530378
382,1123,1505,0.13928059711778412
374,1132,1506,0.13932315372609572
369,1122,1491,0.13938160457161908
371,1127,1498,0.1394488178946922
372,1129,1501,0.13950663358897736
367,1134,1501,0.13955882242216805
375,1132,1507,0.13962001518725228
373,1141,1514,0.1396566016300465
376,1147,1523,0.13969459414703747
380,1133,1513,0.1397230505084309
378,1148,1526,0.13974188726129974
378,1147,1525,0.13976367783726487
382,1143,1525,0.13978554810939262
378,1143,1521,0.13979652105658186
372,1142,1514,0.13981721784976034
370,1138,1508,0.1398514893271615
368,1139,1507,0.13988864946712604
363,1143,1506,0.13992762275109488
361,1133,1494,0.1399756828850692
364,1141,1505,0.14002524030772823
370,1133,1503,0.14006425080325413
367,1134,1501,0.14008652740132635
365,1137,1502,0.14011388720617726
361,1137,1498,0.14014327895917733
364,1139,1503,0.14017858911825948
363,1141,1504,0.14020363238125796
358,1144,1502,0.1402304655709025
357,1151,1508,0.14026807479875963
360,1148,1508,0.14030663593764334
360,1155,1515,0.14033718884121346
363,1152,1515,0.14036634254811475
363,1150,1513,0.14038378488472705
351,1146,1497,0.140400349297746
351,1144,1495,0.14044375627142075
349,1150,1499,0.14048455808121652
350,1154,1504,0.1405275543958698
341,1161,1502,0.14056639796270826
344,1161,1505,0.14062292095804177
346,1148,1494,0.14066843092901662
345,1155,1500,0.1407075818207873
346,1163,1509,0.1407447858364525
344,1165,1509,0.1407775758372237
342,1151,1493,0.14081264974459337
344,1162,1506,0.14084967117732647
343,1162,1505,0.14088005210559146
345,1149,1494,0.14091060319383553
347,1163,1510,0.1409334051357213
348,1168,1516,0.14095016270689661
348,1165,1513,0.14096411183490345
347,1164,1511,0.14097801195776008
349,1160,1509,0.140995282811134
344,1167,1511,0.14100872017496913
345,1166,1511,0.1410331964007187
345,1158,1503,0.14105398656832652
347,1163,1510,0.1410699975008421
349,1153,1502,0.14108083666997914
351,1162,1513,0.14108697719276164
348,1164,1512,0.14108612887016075
343,1160,1503,0.14109157583633622
338,1156,1494,0.14110780348361618
341,1170,1511,0.14113488973167387
334,1168,1502,0.141153978122863
334,1166,1500,0.14118904056794795
337,1170,1507,0.14122312993268096
334,1179,1513,0.1412474913041655
334,1184,1518,0.14127817603839443
331,1174,1505,0.14130483364016436
332,1173,1505,0.14133895899696117
331,1182,1513,0.14136761652325544
328,1185,1513,0.14139695565435478
323,1194,1517,0.1414317120540962
324,1189,1513,0.14147582871402464
327,1189,1516,0.1415137899186721
331,1190,1521,0.141541669625128
326,1190,1516,0.1415594521274664
326,1199,1525,0.14158807981044746
316,1189,1505,0.1416145084912476
321,1168,1489,0.14166494336404253
311,1184,1495,0.14170189937903854
306,1198,1504,0.14176054932320686
308,1203,1511,0.1418262917404169
308,1209,1517,0.14188253587998104
307,1217,1524,0.14193553593694205
309,1225,1534,0.14198672147121458
302,1223,1525,0.14202950743533005
302,1214,1516,0.1420858717860817
307,1215,1522,0.1421379530081149
308,1216,1524,0.1421745413747459
303,1217,1520,0.14220749133281874
307,1214,1521,0.14225085117177858
307,1203,1510,0.14228142333417804
308,1206,1514,0.14230875331572274
305,1204,1509,0.14233186287225133
306,1210,1516,0.14236165715388582
302,1202,1504,0.14238666529704302
300,1203,1503,0.14241990647874192
301,1214,1515,0.14245720054647135
303,1214,1517,0.14248904302031362
302,1211,1513,0.1425149717383294
311,1215,1526,0.14254124359553072
308,1209,1517,0.14254432483138363
301,1202,1503,0.142555369518006
302,1218,1520,0.14258184629865753
300,1213,1513,0.14260497694793817
300,1226,1526,0.1426321876193545
302,1225,1527,0.1426568424645653
302,1227,1529,0.14267668672635733
302,1218,1520,0.14269300469211862
304,1218,1522,0.1427083175448311
303,1207,1510,0.1427196930141524
306,1203,1509,0.14273267926668584
304,1209,1513,0.14273816204451573
299,1211,1510,0.1427461901183261
298,1212,1510,0.14276619036982605
297,1208,1505,0.14278802502938964
305,1202,1507,0.14281159733671728
301,1213,1514,0.14281549963990747
298,1214,1512,0.14282789179762095
299,1216,1515,0.1428464245124849
292,1224,1516,0.1428618334815822
295,1228,1523,0.14289260124028622
296,1230,1526,0.14291438212611574
292,1220,1512,0.1429318550779231
291,1222,1513,0.14295736326566721
292,1220,1512,0.1429840544614551
291,1211,1502,0.14300583128402974
286,1210,1496,0.14302899722092108
285,1219,1504,0.1430601549695637
287,1220,1507,0.14309218029561982
290,1207,1497,0.14311594777650075
293,1211,1504,0.1431294884519753
290,1222,1512,0.1431339377654424
291,1219,1510,0.14314620400250486
288,1220,1508,0.1431568736338277
290,1222,1512,0.14317341922257895
298,1225,1523,0.14318316440326384
296,1227,1523,0.14317133981438868
299,1231,1530,0.143165693834114
296,1227,1523,0.14315136482797514
292,1224,1516,0.14314453025922827
299,1214,1513,0.14314892098092075
298,1216,1514,0.14313729714494164
298,1219,1517,0.14312985378134205
298,1222,1520,0.14312316907267333
296,1220,1516,0.14311808231394468
298,1219,1517,0.14311865907072632
294,1230,1524,0.1431154549294606
297,1223,1520,0.1431232525419961
296,1217,1513,0.14312299210566792
294,1223,1517,0.1431256672571802
292,1222,1514,0.14313120834525658
291,1220,1511,0.14314059766135478
287,1214,1501,0.1431518014110476
288,1222,1510,0.14317190395711119
284,1217,1501,0.14319004674415442
286,1213,1499,0.14321706809548165
290,1214,1504,0.1432355347563788
284,1214,1498,0.14324432830245812
288,1207,1495,0.14326764953987794
288,1206,1494,0.1432800982855322
288,1206,1494,0.14329095557687666
295,1212,1507,0.14329927608283546
286,1224,1510,0.14329150480189
290,1223,1513,0.1433062442092836
283,1216,1499,0.14331091677098817
281,1216,1497,0.1433322910963975
285,1222,1507,0.14335564693235256
288,1224,1512,0.14336921248779766
287,1221,1508,0.14337464330247288
284,1234,1518,0.14338058409183244
284,1232,1516,0.14339351436062953
293,1232,1525,0.1434042730973947
290,1238,1528,0.14339059724404465
290,1229,1519,0.14338622680536312
286,1218,1504,0.14338263282432168
282,1232,1514,0.14338749931096523
275,1237,1512,0.14340129559153375
284,1225,1509,0.143431793830557
283,1230,1513,0.14343821091761402
279,1220,1499,0.1434467305495931
286,1232,1518,0.14346507539807127
285,1229,1514,0.14346718484162563
282,1216,1498,0.14347107087276387
284,1219,1503,0.14348362187643196
282,1214,1496,0.1434916231609813
283,1228,1511,0.143504219022162
280,1227,1507,0.14351440451383923
279,1227,1506,0.14353154791122158
281,1244,1525,0.14355130618478462
275,1244,1519,0.14356572470543902
271,1236,1507,0.14359275420119655
270,1255,1525,0.14362676543758673
269,1258,1527,0.14366164729609884
267,1269,1536,0.14369598460060926
265,1280,1545,0.14373326075338677
258,1274,1532,0.14377215502365392
263,1270,1533,0.14382593985207484
263,1261,1524,0.1438641998444142
266,1267,1533,0.1438993852585757
264,1260,1524,0.143925844334651
265,1264,1529,0.14395558358025654
264,1243,1507,0.14397834791241074
264,1258,1522,0.14400164807827917
264,1255,1519,0.14402502212593166
264,1260,1524,0.14404470170038294
268,1254,1522,0.14406179308928596
269,1244,1513,0.14406914847784694
268,1247,1515,0.14407438452923363
261,1248,1509,0.14408293738676803
256,1247,1503,0.14410413424097698
256,1245,1501,0.1441367576834638
259,1244,1503,0.14416681327491598
261,1254,1515,0.14418863703592852
262,1247,1509,0.1442023399963758
256,1244,1500,0.14421222080385865
250,1254,1504,0.14423685764554617
252,1265,1517,0.14427404694731302
248,1272,1520,0.14430452869946636
250,1267,1517,0.14434205070990644
245,1268,1513,0.1443725099958787
249,1264,1513,0.14441326634963936
257,1254,1511,0.14443803386443055
255,1251,1506,0.14444279389355072
249,1253,1502,0.14445291590388623
247,1254,1501,0.14447658418302123
242,1263,1505,0.14450352966370303
246,1263,1509,0.14453890591254537
248,1268,1516,0.14456094572873068
249,1265,1514,0.14457836164748206
248,1261,1509,0.1445906752614606
245,1261,1506,0.14460461501342084
247,1260,1507,0.1446247451568902
246,1255,1501,0.14464015378637027
247,1260,1507,0.14465724334275337
249,1239,1488,0.1446715340073633
249,1252,1501,0.14467953568319838
252,1245,1497,0.14468676540643596
250,1255,1505,0.1446843693157768
251,1253,1504,0.14468796761262306
249,1260,1509,0.1446891931091809
253,1254,1507,0.1446943594869656
254,1255,1509,0.14468998370339453
254,1260,1514,0.14468336341426802
254,1270,1524,0.1446767352763999
246,1260,1506,0.14467177242078205
246,1263,1509,0.14468610590402858
244,1272,1516,0.14469976813187388
246,1274,1520,0.14471846574182545
247,1266,1513,0.1447322391376775
250,1272,1522,0.14474261741449923
248,1270,1518,0.14474526168557272
247,1281,1528,0.1447537351231054
242,1286,1528,0.14476477653063008
239,1272,1511,0.14478677040295154
244,1273,1517,0.14481517327329363
243,1269,1512,0.14482872051629092
242,1274,1516,0.1448416019410076
245,1269,1514,0.14485722483114033
239,1278,1517,0.1448641159553318
243,1283,1526,0.14488608289679772
237,1277,1514,0.1448964792593212
234,1280,1514,0.14492064306054275
242,1268,1510,0.14495025526858363
242,1279,1521,0.1449601293089801
246,1292,1538,0.1449703145120239
245,1279,1524,0.14497147305235764
241,1272,1513,0.14497569636321875
243,1285,1528,0.1449896980942121
242,1277,1519,0.14499870287928274
241,1279,1520,0.14500867653990468
241,1278,1519,0.14502004585635342
236,1286,1522,0.1450311916701371
230,1287,1517,0.14505263165494303
230,1278,1508,0.14508732758839826
232,1281,1513,0.14511965568500862
235,1281,1516,0.14514447470437283
231,1281,1512,0.14516199682100864
234,1265,1499,0.1451882349632031
231,1273,1504,0.1452047533259936
231,1265,1496,0.14522767010125784
227,1278,1505,0.14524855954363694
224,1289,1513,0.14527612464759848
221,1298,1519,0.14530957825595428
222,1297,1519,0.14534807381932346
220,1296,1516,0.14538091216361346
229,1305,1534,0.14541619648761248
229,1293,1522,0.14542616348132673
227,1287,1514,0.14543586647297377
226,1282,1508,0.14545002254670827
228,1286,1514,0.14546275085424587
224,1284,1508,0.14547194692008752
225,1293,1518,0.1454885619814056
227,1289,1516,0.14550165230590845
223,1287,1510,0.14551110179369828
228,1295,1523,0.1455288163751155
228,1286,1514,0.14553231415639878
223,1288,1511,0.14553649106180458
224,1296,1520,0.1455533797736593
224,1299,1523,0.1455678652312931
221,1298,1519,0.14558175851026867
218,1301,1519,0.14560150196752064
220,1298,1518,0.1456274887758092
219,1296,1515,0.14564564735217506
212,1298,1510,0.14566504063585303
211,1295,1506,0.14570101310046146
221,1286,1507,0.14573636035623305
219,1299,1518,0.1457440395872178
214,1291,1505,0.1457567724924413
216,1300,1516,0.1457809500038133
220,1300,1520,0.14579844847694137
218,1293,1511,0.14580523917094834
216,1286,1502,0.14581552832429032
221,1289,1510,0.14583113424754734
215,1294,1509,0.14583479814720002
217,1301,1518,0.14585313707037048
214,1298,1512,0.1458648889535166
211,1297,1508,0.14588380501352494
209,1306,1515,0.14590869327890982
210,1305,1515,0.1459366828224526
212,1309,1521,0.14596132966725517
213,1310,1523,0.14597935278642205
211,1308,1519,0.14599324533220984
206,1295,1501,0.14601036070450482
211,1296,1507,0.14603880295170035
208,1309,1517,0.14605430256202948
207,1309,1516,0.14607635717028905
202,1314,1516,0.14610019920988532
204,1316,1520,0.14613482889328594
206,1300,1506,0.14616250276554452
208,1308,1516,0.14618312926684005
211,1300,1511,0.14619644753037803
214,1310,1524,0.14620259218650117
212,1300,1512,0.1462013035347964
217,1302,1519,0.1462049014132085
217,1308,1525,0.14619706957125816
217,1291,1508,0.14618934863377922
214,1295,1509,0.14618212961117208
213,1295,1508,0.14618320388385708
209,1298,1507,0.14618468228926942
203,1302,1505,0.14619644789412906
203,1320,1523,0.14622293233275185
200,1316,1516,0.14624831273903743
198,1317,1515,0.14627961496542638
196,1317,1513,0.1463133421748508
198,1305,1503,0.14634958834017037
199,1306,1505,0.1463783767065532
196,1312,1508,0.14640365523683177
197,1313,1510,0.14643424965398238
197,1310,1507,0.14646091206475984
198,1316,1514,0.14648621840636764
199,1310,1509,0.14650466552759706
195,1311,1506,0.14652049469123127
198,1311,1509,0.146543472565547
199,1314,1513,0.14655810852332768
197,1311,1508,0.14656910641838464
197,1314,1511,0.14658491952988112
200,1301,1501,0.14660035097762159
201,1302,1503,0.14660807128688508
200,1307,1507,0.14661081617153987
198,1306,1504,0.14661534642731305
198,1306,1504,0.14662363177813514
196,1305,1501,0.14663157414512196
198,1306,1504,0.14664464898070584
201,1315,1516,0.1466530601009072
203,1312,1515,0.14665441667151696
197,1308,1505,0.1466499897390304
198,1315,1513,0.1466601213895708
196,1311,1507,0.1466675532594236
194,1313,1507,0.14667952413268084
195,1321,1516,0.14669503776262524
195,1321,1516,0.14670734253815543
194,1323,1517,0.14671818891989152
193,1306,1499,0.1467305010403153
189,1315,1504,0.1467447446307029
193,1319,1512,0.14676638588229396
199,1323,1522,0.146776675011061
196,1319,1515,0.146774018207977
198,1321,1519,0.1467759719041282
200,1312,1512,0.14677443409936788
199,1307,1506,0.14676771807217487
198,1319,1517,0.1467645648001242
195,1321,1516,0.14676442009340906
194,1306,1500,0.14677217098318407
191,1306,1497,0.14678132864169297
198,1295,1493,0.14679613781830003
196,1293,1489,0.1467918549065728
196,1298,1494,0.1467918386803466
202,1309,1511,0.1467907814746197
204,1325,1529,0.1467760848363116
200,1316,1516,0.14675875252023723
202,1319,1521,0.14675176319015357
203,1312,1515,0.14674174059337244
202,1314,1516,0.1467296657790769
205,1309,1514,0.146720094643773
202,1319,1521,0.14670481462565388
202,1311,1513,0.1466980931262332
197,1301,1498,0.14669298065311812
199,1307,1506,0.14670017849570405
196,1312,1508,0.1467020876488094
195,1308,1503,0.14671118638725977
196,1306,1502,0.14672239021852815
198,1328,1526,0.1467282031127924
203,1328,1531,0.14672988561009728
204,1320,1524,0.14672092031652426
202,1325,1527,0.14670942089157438
203,1322,1525,0.14670371067006538
204,1326,1530,0.14669623891392047
197,1322,1519,0.1466882860227611
191,1306,1497,0.14669675840656055
196,1313,1509,0.14671890860632414
196,1310,1506,0.14672812032064056
192,1328,1520,0.14673795369099388
192,1317,1509,0.14675565016253875
190,1335,1525,0.1467729414767742
189,1323,1512,0.14679309534701993
191,1328,1519,0.14681352545728135
196,1326,1522,0.1468274362574078
192,1329,1521,0.14682870705332943
193,1334,1527,0.14683953462172056
186,1329,1515,0.14684739518681827
190,1328,1518,0.14687164797615357
194,1329,1523,0.1468863217483314
194,1319,1513,0.14689106175992517
188,1315,1503,0.146894135589234
190,1313,1503,0.14691178883412168
185,1320,1505,0.1469245278022682
187,1331,1518,0.14694631972171904
187,1335,1522,0.1469628846838802
185,1339,1524,0.1469790433934746
186,1335,1521,0.14699978493110102
184,1331,1515,0.14701547430902992
188,1316,1504,0.14703536090803707
186,1327,1513,0.1470437357736839
184,1336,1520,0.14705647283584447
183,1345,1528,0.14707272124471868
183,1344,1527,0.14708973417332455
187,1342,1529,0.1471057597819324
186,1336,1522,0.14711136130768232
184,1330,1514,0.1471184478805012
178,1348,1526,0.14712919820063053
176,1349,1525,0.1471537107748916
177,1356,1533,0.14718112681942136
176,1355,1531,0.14720405910242434
178,1350,1528,0.14722876901963133
176,1347,1523,0.14724769522237885
178,1345,1523,0.1472704638789528
178,1337,1515,0.14728668298674474
176,1325,1501,0.14730112060298342
176,1337,1513,0.14731962005676733
174,1325,1499,0.14733721392677923
172,1331,1503,0.14735684880595962
173,1324,1497,0.14738037317305022
174,1328,1502,0.14739995596268957
169,1348,1517,0.14741679296761925
167,1354,1521,0.14744493297392416
172,1343,1515,0.1474760712610702
171,1345,1516,0.1474927422416143
170,1348,1518,0.14751018803542734
170,1356,1526,0.14752907608947485
171,1363,1534,0.1475474813260041
171,1350,1521,0.14756226013061263
169,1352,1521,0.147576175754259
168,1335,1503,0.14759420615912341
171,1345,1516,0.14761456045438126
169,1341,1510,0.1476258444256624
166,1338,1504,0.14764166420148508
168,1331,1499,0.14766374740786944
168,1347,1515,0.14767972731822598
168,1348,1516,0.1476954176573583
164,1350,1514,0.14770745156084664
166,1361,1527,0.14772859348074743
166,1353,1519,0.14774253679194171
168,1337,1505,0.1477537024430429
164,1341,1505,0.14775764174001402
165,1330,1495,0.14777001969878978
167,1334,1501,0.14777975672657212
168,1336,1504,0.14778387592889516
165,1323,1488,0.1477859497408953
165,1330,1495,0.14779495256816985
160,1333,1493,0.1478023790817075
165,1343,1508,0.14782096678378973
166,1343,1509,0.14782613414449855
169,1345,1514,0.14782963142908584
165,1342,1507,0.1478263428852672
164,1337,1501,0.1478336475019485
161,1337,1498,0.14784317551128495
163,1344,1507,0.14785775397541825
169,1351,1520,0.14786593717433327
171,1348,1519,0.14785844109270932
175,1334,1509,0.14784769629297975
172,1338,1510,0.14782869729979695
176,1349,1525,0.14781899667957726
175,1365,1540,0.1477995606760215
175,1346,1521,0.14778478036036435
171,1357,1528,0.14777151005485942
168,1350,1518,0.1477676548713066
166,1347,1513,0.14777101523164096
167,1347,1514,0.1477793425095302
168,1354,1522,0.14778405286342178
171,1343,1514,0.1477868271342529
174,1341,1515,0.14778219113529392
173,1347,1520,0.1477707849488961
173,1352,1525,0.14776338571511155
173,1348,1521,0.14775621275917725
172,1345,1517,0.14774838155855297
169,1346,1515,0.14774360819841018
171,1341,1512,0.14774658521093856
169,1348,1517,0.1477455861617275
167,1352,1519,0.14775018650936272
166,1352,1518,0.14775928997248763
166,1355,1521,0.14777053763177864
173,1343,1516,0.14778063916486747
172,1343,1515,0.14777241122571236
170,1347,1517,0.1477669596296886
173,1337,1510,0.14776580140176393
173,1343,1516,0.14775706290245644
172,1347,1519,0.14774886653924993
172,1355,1527,0.14774502691863656
172,1346,1518,0.14774085227190073
173,1342,1515,0.14773706383569435
171,1347,1518,0.1477316547831873
171,1350,1521,0.14773212143471823
167,1353,1520,0.1477321168914368
167,1358,1525,0.14774137056279396
168,1349,1517,0.14774903534897305
169,1349,1518,0.14775543179463388
175,1343,1518,0.14775947318620244
175,1347,1522,0.14774874964305365
177,1354,1531,0.14773947379037003
175,1354,1529,0.14772493946988946
176,1336,1512,0.14771651035794553
173,1335,1508,0.14770532626797095
172,1337,1509,0.14770102884290576
170,1346,1516,0.14770035058274839
173,1339,1512,0.1477042579596942
176,1337,1513,0.14770021188514423
176,1336,1512,0.1476886517638249
174,1346,1520,0.14767545555286965
179,1345,1524,0.1476698025045168
173,1332,1505,0.14765328809762487
178,1340,1518,0.14765211231409933
179,1345,1524,0.14764008291407435
180,1341,1521,0.1476272621659686
180,1337,1517,0.14761381476962065
178,1344,1522,0.14760234480133513
177,1338,1515,0.1475957534960931
172,1332,1504,0.14759217136359515
171,1337,1508,0.14760112362704783
171,1334,1505,0.14761183923318208
174,1351,1525,0.1476220533053715
175,1359,1534,0.14762394317764205
173,1365,1538,0.14762349085737614
169,1357,1526,0.147628147215118
171,1364,1535,0.1476428187739864
169,1369,1538,0.14764849646858325
167,1353,1520,0.14765975959595376
172,1341,1513,0.14767515076334134
171,1348,1519,0.14767694281560165
173,1327,1500,0.1476799270379836
172,1346,1518,0.14767827812342255
171,1348,1519,0.14768022834824662
166,1340,1506,0.14768443786716673
166,1339,1505,0.14770012323616113
165,1352,1517,0.14771517195149722
164,1352,1516,0.14773284197430875
158,1356,1514,0.14775156640837248
157,1358,1515,0.1477836407816984
156,1344,1500,0.14781645660091303
157,1334,1491,0.14784837095108083
156,1349,1505,0.1478764245033999
158,1358,1516,0.147904984022117
157,1359,1516,0.1479276175985714
157,1354,1511,0.14794938035134425
154,1362,1516,0.14796978007805842
151,1356,1507,0.1479957529529561
153,1354,1507,0.14802789072702147
153,1354,1507,0.14805158511261304
151,1355,1506,0.14807229740217534
152,1352,1504,0.14809776312459103
151,1362,1513,0.14812055197234664
151,1369,1520,0.1481446960401204
151,1378,1529,0.14816531631803417
152,1373,1525,0.14818439602242342
153,1374,1527,0.14819901910968888
150,1371,1521,0.14821041861804904
150,1356,1506,0.14822832128327174
156,1366,1522,0.14824379404088273
157,1357,1514,0.14824289813821667
155,1361,1516,0.14824015963296797
155,1381,1536,0.1482423258089902
154,1387,1541,0.14824404721489565
155,1361,1516,0.14824896685931535
154,1356,1510,0.1482520056782481
160,1351,1511,0.14825783027628647
157,1354,1511,0.14824789669959723
152,1364,1516,0.14824652734532304
152,1357,1509,0.14825667320335612
157,1361,1518,0.14826533162480218
155,1353,1508,0.1482631263877259
154,1347,1501,0.14826594408735141
155,1351,1506,0.1482711008177473
157,1349,1506,0.14827471366730696
150,1346,1496,0.148273913381578
152,1361,1513,0.14828863918077537
152,1356,1508,0.1482975591059633
155,1350,1505,0.14830565024001227
157,1360,1517,0.14830459180082087
156,1363,1519,0.1482987502261322
155,1369,1524,0.14829632562214756
158,1375,1533,0.14829724791622506
159,1370,1529,0.1482891568663902
154,1381,1535,0.1482787982209117
151,1380,1531,0.14828203917622532
154,1381,1535,0.148293136021362
149,1382,1531,0.14829556660534748
149,1373,1522,0.14830925918608887
152,1367,1519,0.14832143278411383
149,1371,1520,0.14832687772707043
150,1372,1522,0.14833877474700338
148,1363,1511,0.1483484728725136
150,1351,1501,0.14836197752508
150,1364,1514,0.14837006342061418
151,1373,1524,0.14837830339550792
152,1377,1529,0.14838199111424313
153,1358,1511,0.148383205995755
153,1338,1491,0.14838248153003633
149,1348,1497,0.14838077169586014
151,1354,1505,0.14838964601077953
152,1355,1507,0.1483929290379622
149,1366,1515,0.14839227391406642
152,1374,1526,0.14839872738581333
153,1364,1517,0.1483977973859843
149,1374,1523,0.1483947338385032
150,1367,1517,0.14840193893825224
149,1371,1520,0.14840709150714884
147,1376,1523,0.1484147054084213
150,1371,1521,0.14842690167286895
153,1357,1510,0.14843106680327944
150,1355,1505,0.14842850869309587
150,1354,1504,0.1484336271727146
155,1363,1518,0.14843769057491898
157,1370,1527,0.14842780446386078
154,1373,1527,0.1484131018762133
152,1370,1522,0.14840650699758015
151,1370,1521,0.14840572792242102
152,1348,1500,0.14840764729560665
156,1360,1516,0.14840673900299062
155,1350,1505,0.1483972140908752
152,1351,1503,0.14838932838803087
152,1359,1511,0.14838981744832846
150,1376,1526,0.14839049842169497
151,1375,1526,0.14839626075477053
151,1357,1508,0.1484003408574262
149,1360,1509,0.1484037046183459
146,1362,1508,0.14841233313704957
144,1369,1513,0.14842846538339066
143,1369,1512,0.14844821566717215
144,1359,1503,0.1484698201344168
143,1363,1506,0.1484880537802988
144,1356,1500,0.1485079221795214
141,1358,1499,0.14852373198691762
140,1355,1495,0.14854427353077873
149,1356,1505,0.14856489398515035
149,1345,1494,0.14855987054512695
150,1347,1497,0.14855635077627086
150,1346,1496,0.14855078074725614
149,1356,1505,0.1485444925235229
151,1360,1511,0.14854059859286675
147,1361,1508,0.1485323629637901
150,1370,1520,0.14853381007161334
149,1372,1521,0.14852842402677047
147,1379,1526,0.14852722582612057
142,1379,1521,0.1485318731904572
142,1371,1513,0.14854859388171296
143,1375,1518,0.14856418295415058
142,1372,1514,0.14857715372978778
147,1368,1515,0.148591206248882
147,1373,1520,0.14859112906637587
145,1369,1514,0.14859173034427597
146,1377,1523,0.14859667069322402
143,1373,1516,0.14859909201170257
142,1371,1513,0.14860696714104393
148,1368,1516,0.1486160477023185
144,1357,1501,0.14860990091969442
142,1363,1505,0.14861428081940165
143,1364,1507,0.14862347554883246
148,1356,1504,0.14863022781347346
151,1347,1498,0.14862240418906617
150,1342,1492,0.14860833659982822
151,1352,1503,0.14859727915548443
147,1360,1507,0.14858524929153522
148,1373,1521,0.148583603853829
148,1355,1503,0.14858107147061136
145,1356,1501,0.1485787604565739
147,1363,1510,0.14858507319650305
147,1369,1516,0.14858678560424693
146,1371,1517,0.14858785582817943
144,1381,1525,0.14859065209322975
147,1388,1535,0.14859872304067154
141,1384,1525,0.14859977755630652
143,1375,1518,0.14861519293159184
144,1371,1515,0.14862534382747325
136,1375,1511,0.14863019923820528
133,1378,1511,0.14865495197277828
136,1375,1511,0.14868475001334364
137,1375,1512,0.1487063589769323
139,1384,1523,0.14872372191018646
142,1385,1527,0.14873519036350596
145,1370,1515,0.14873685423350255
142,1372,1514,0.148731839910088
143,1370,1513,0.1487350503344247
143,1365,1508,0.1487355498781178
145,1372,1517,0.14873472857559036
143,1386,1529,0.1487291429452194
143,1380,1523,0.14872884479246562
137,1371,1508,0.14872890952190995
138,1374,1512,0.14874475955488348
138,1371,1509,0.14875774713130238
136,1372,1508,0.14876975086630118
139,1383,1522,0.1487846090279541
138,1385,1523,0.14879105764867426
141,1384,1525,0.14880036284322187
142,1381,1523,0.14880196719613634
137,1386,1523,0.14880122796402623
140,1380,1520,0.14881299698395156
139,1380,1519,0.14881669826529229
138,1375,1513,0.14882120771997115
139,1364,1503,0.14882878726960072
141,1358,1499,0.14883394949095322
141,1368,1509,0.14883394831993
143,1376,1519,0.1488329208601617
139,1380,1519,0.14882550483082904
139,1376,1515,0.14882937888521672
139,1383,1522,0.1488338705102139
138,1384,1522,0.14883758799374175
141,1381,1522,0.14884429059230553
141,1393,1534,0.14884220262931833
144,1389,1533,0.14884112682415307
139,1383,1522,0.1488336453603072
134,1389,1523,0.14883883768483883
132,1394,1526,0.14885570942786125
133,1393,1526,0.14887656950182745
136,1395,1531,0.1488927248649564
136,1381,1517,0.1489014727967446
136,1378,1514,0.14890952353627468
138,1368,1506,0.14891707932287424
135,1378,1513,0.1489182113471864
136,1383,1519,0.14892750598556215
132,1382,1514,0.14893364544176144
134,1380,1514,0.14894931071792686
135,1377,1512,0.14895728027719093
134,1374,1508,0.14896320193959953
132,1373,1505,0.1489718140778282
129,1379,1508,0.1489834296010391
130,1385,1515,0.14900203815639176
129,1389,1518,0.1490166791934648
129,1398,1527,0.14903317937296226
126,1396,1522,0.14904897357295155
125,1389,1514,0.14907083287206682
125,1395,1520,0.14909405216247423
122,1402,1524,0.14911592236284513
121,1387,1508,0.14914357098345346
122,1403,1525,0.14917204719525012
119,1390,1509,0.14919657349442692
122,1398,1520,0.14922565166554222
121,1393,1514,0.14924530232979552
123,1386,1509,0.14926618435370784
122,1387,1509,0.14928097163799017
124,1397,1521,0.14929781238027584
126,1390,1516,0.14930888043039892
126,1390,1516,0.14931360600127946
125,1397,1522,0.14931656851345068
127,1392,1519,0.14932256781449255
128,1398,1526,0.14932411887047564
129,1392,1521,0.1493231469918389
125,1396,1521,0.14931724073282163
124,1375,1499,0.149321613461684
124,1378,1502,0.14932862950024184
126,1380,1506,0.14933489776124723
127,1374,1501,0.14933588910289472
124,1383,1507,0.14933544634593
122,1394,1516,0.14934246454954356
122,1393,1515,0.149354371144832
125,1395,1520,0.14936486422797135
126,1386,1512,0.14936735899109288
124,1391,1515,0.1493667334886437
124,1390,1514,0.14936990549929582
125,1385,1510,0.14937321565284406
121,1398,1519,0.14937514490340445
121,1394,1515,0.14938699928843302
121,1402,1523,0.14939696049098813
123,1400,1523,0.14940505185374137
123,1403,1526,0.14940749966726352
122,1400,1522,0.14940947849997868
124,1392,1516,0.1494149188442506
123,1394,1517,0.14941599847793835
127,1389,1516,0.14941964426550647
125,1392,1517,0.1494123279748348
121,1384,1505,0.14941072462994812
116,1392,1508,0.14941957580247262
118,1400,1518,0.14944007756618416
116,1410,1526,0.14945480356661076
114,1397,1511,0.14947422414352698
113,1398,1511,0.1494982557788371
109,1412,1521,0.1495235556423465
108,1408,1516,0.14955647560631719
112,1417,1529,0.14958926541948242
111,1412,1523,0.14960973193249497
107,1401,1508,0.14963065224557076
110,1409,1519,0.14965973123571036
108,1398,1506,0.14968001560761487
112,1410,1522,0.1497045224834632
111,1401,1512,0.14971796173367796
103,1398,1501,0.14973290241618095
100,1395,1495,0.1497653434012608
99,1411,1510,0.14980316618765696
102,1411,1513,0.14984132162231098
104,1415,1519,0.14987043190956453
107,1416,1523,0.14989180316075112
103,1415,1518,0.14990332153368816
103,1415,1518,0.14992342118507296
104,1412,1516,0.14994220528778002
103,1407,1510,0.1499566450289394
100,1413,1513,0.14997352560528843
102,1423,1525,0.14999660003164617
101,1414,1515,0.15001386585398066
99,1411,1510,0.15003205448692455
96,1411,1507,0.1500535783133348
96,1403,1499,0.15008158833757737
99,1412,1511,0.1501065492532339
100,1416,1516,0.15012283489675857
103,1416,1519,0.15013605694667534
102,1411,1513,0.15014120619073612
101,1414,1515,0.15014818169952762
98,1414,1512,0.1501565194161022
100,1417,1517,0.15017265339556435
101,1400,1501,0.1501818681522586
99,1405,1504,0.15018600657720022
104,1408,1512,0.1501952649117306
104,1410,1514,0.15019109562652885
101,1405,1506,0.15018850263461275
102,1412,1514,0.15019378054864313
99,1407,1506,0.15019682962945002
103,1422,1525,0.15020746463942547
104,1418,1522,0.1502076278682856
105,1414,1519,0.15020512134900713
101,1429,1530,0.15020138978379793
106,1412,1518,0.15020738440468764
104,1406,1510,0.15020070593794663
102,1409,1511,0.15020037345951892
102,1418,1520,0.15020536480414337
100,1419,1519,0.15020973207802477
100,1410,1510,0.15021806548057273
102,1405,1507,0.1502266518276254
100,1403,1503,0.15022888531560724
103,1409,1512,0.1502361539184597
99,1408,1507,0.15023569055078143
99,1423,1522,0.15024507761749376
100,1425,1525,0.15025368226487754
103,1422,1525,0.1502597572083044
100,1412,1512,0.1502581762759901
103,1409,1512,0.15026323946787504
103,1406,1509,0.15026174091516686
105,1403,1508,0.15025992993154375
106,1419,1525,0.15025335979005214
107,1414,1521,0.1502448093553027
107,1417,1524,0.1502334606275751
108,1410,1518,0.15022197747422075
111,1406,1517,0.15020830835191384
106,1418,1524,0.1501884173467306
108,1396,1504,0.15018318155080412
101,1400,1501,0.15017201245528253
103,1398,1501,0.1501777360609477
102,1407,1509,0.15017899020506234
102,1420,1522,0.15018344495617889
105,1408,1513,0.15018689760521067
106,1410,1516,0.15018309985691436
102,1409,1511,0.1501770896932976
106,1410,1516,0.15018262951887007
108,1401,1509,0.15017813937082555
107,1413,1520,0.15016919669825296
104,1408,1512,0.1501641228849321
105,1407,1512,0.15016553630555635
104,1414,1518,0.15016535343327092
101,1424,1525,0.150168678631554
101,1427,1528,0.1501795130283838
100,1426,1526,0.15019027171315852
102,1418,1520,0.15020324092648393
102,1419,1521,0.15020927624967884
100,1408,1508,0.1502151292832135
96,1417,1513,0.15022514677113755
97,1407,1504,0.15024305269725158
95,1415,1510,0.15025807998042082
94,1424,1518,0.15027721834933505
96,1424,1520,0.15029809455593468
94,1428,1522,0.15031210538189668
97,1427,1524,0.1503303223683405
94,1421,1515,0.15034001472534547
95,1432,1527,0.150355359191229
95,1420,1515,0.1503666958138746
94,1415,1509,0.15037752713208793
97,1416,1513,0.1503905311410426
98,1420,1518,0.15039416740443223
97,1412,1509,0.15039522220588036
98,1417,1515,0.15039825940444923
96,1411,1507,0.15039899736979115
97,1422,1519,0.1504050372284013
95,1427,1522,0.1504083892458012
96,1433,1529,0.1504164460726097
99,1409,1508,0.1504217403466001
96,1416,1512,0.15041867211484708
99,1418,1517,0.15042374506128975
95,1420,1515,0.1504220949032507
94,1436,1530,0.15042937979755108
94,1425,1519,0.1504383802444292
95,1434,1529,0.15044774071367123
96,1429,1525,0.15045402063590166
95,1424,1519,0.15045801953348625
96,1418,1514,0.15046436850724879
93,1414,1507,0.15046781267612622
91,1409,1500,0.1504783619529625
95,1417,1512,0.1504932187538958
94,1405,1499,0.15049600145232056
94,1413,1507,0.15049974466706165
86,1423,1509,0.15050410406304077
87,1437,1524,0.15052706489161263
86,1427,1513,0.15054593976107827
90,1440,1530,0.15056644969385424
87,1438,1525,0.15057424886918258
87,1424,1511,0.15058839600528917
90,1435,1525,0.15060244717263438
91,1422,1513,0.15060812594550313
88,1418,1506,0.15061194687441615
87,1419,1506,0.15062319323713833
87,1428,1515,0.15063568386887805
88,1425,1513,0.15064722192362395
90,1427,1517,0.15065618374019027
91,1426,1517,0.15065938140807092
90,1440,1530,0.15066027478446206
83,1432,1515,0.15066437439670546
79,1429,1508,0.15068446127445714
83,1435,1518,0.1507125173454455
84,1438,1522,0.15072839945084035
84,1438,1522,0.15074052786397335
82,1428,1510,0.1507517312596709
86,1444,1530,0.15076670362807992
86,1444,1530,0.1507706978409148
86,1437,1523,0.15077441847361797
88,1438,1526,0.15077790592176837
85,1430,1515,0.15077713750174426
85,1443,1528,0.15078468136062173
87,1439,1526,0.15079196290730973
87,1428,1515,0.1507937248196539
88,1429,1517,0.1507958084973414
86,1433,1519,0.15079565606848913
90,1433,1523,0.15080006711355515
89,1420,1509,0.150794291104489
85,1431,1516,0.15079029791183773
84,1430,1514,0.1507966286690915
84,1430,1514,0.15080552184728613
86,1422,1508,0.15081482479938352
87,1421,1508,0.15081860354529208
86,1417,1503,0.15081996408790685
86,1418,1504,0.15082419627707885
86,1431,1517,0.15082796685656316
89,1419,1508,0.15083150403600065
86,1436,1522,0.15082704483375348
87,1433,1520,0.1508294320247288
84,1436,1520,0.15082922825538986
83,1428,1511,0.1508364104972553
85,1421,1506,0.15084548786134502
85,1419,1504,0.15084892847687317
83,1421,1504,0.1508520631060908
85,1417,1502,0.15085899186114113
90,1422,1512,0.15086003964529687
90,1419,1509,0.15084660679948508
93,1426,1519,0.15083454286538756
94,1420,1514,0.15081570318704104
93,1416,1509,0.15079507687735944
92,1401,1493,0.1507786876339695
91,1412,1503,0.1507657546315076
95,1414,1509,0.15075626263698985
92,1428,1520,0.15073828922901972
92,1422,1514,0.15073013840566496
91,1434,1525,0.15072158567777433
86,1434,1520,0.15071686653885513
86,1434,1520,0.15072482644016957
85,1434,1519,0.15073227685247287
82,1436,1518,0.15074162658900467
79,1429,1508,0.1507581368391886
78,1425,1503,0.15078113496978257
79,1423,1502,0.15080499940962303
81,1429,1510,0.15082513656218804
80,1426,1506,0.15083828472376687
79,1426,1505,0.15085321905286983
79,1423,1502,0.15086975659576876
79,1436,1515,0.15088563358612514
79,1437,1516,0.1509011112099209
76,1425,1501,0.15091509274499715
75,1428,1503,0.15093556635577968
76,1427,1503,0.1509573956140774
75,1434,1509,0.15097473716056226
78,1428,1506,0.15099268786931
77,1434,1511,0.15100221565537567
77,1439,1516,0.1510136994502965
81,1415,1496,0.15102483099293199
83,1414,1497,0.15102528830577983
86,1419,1505,0.15101942963348944
87,1419,1506,0.15100516510340295
83,1421,1504,0.15098965521401816
83,1408,1491,0.15098559899783687
83,1412,1495,0.1509828416271376
88,1411,1499,0.15098101046738005
83,1412,1495,0.15096517661119796
82,1429,1511,0.150962651866149
83,1433,1516,0.15096376631639624
85,1419,1504,0.15096282574418962
85,1427,1512,0.15095778456026138
84,1430,1514,0.15095345883827085
80,1431,1511,0.15095116379542176
81,1448,1529,0.15095839020245966
84,1438,1522,0.1509608950557081
82,1426,1508,0.15095655093673657
82,1441,1523,0.15095773892573763
87,1450,1537,0.1509586992174092
88,1429,1517,0.15094662619242002
90,1413,1503,0.15093284745878502
89,1419,1508,0.15091510280467205
86,1421,1507,0.15090135521731426
85,1416,1501,0.15089592301149773
86,1435,1521,0.1508930541679724
85,1437,1522,0.15088722888388736
83,1439,1522,0.15088494869792385
81,1440,1521,0.15088824115836405
80,1432,1512,0.15089652963450093
83,1427,1510,0.15090753250785127
84,1429,1513,0.15090909934146546
83,1432,1515,0.15090859369037288
81,1443,1524,0.15091004655956755
74,1442,1516,0.15091721371186612
73,1444,1517,0.15094087821205698
73,1436,1509,0.15096620028732916
73,1415,1488,0.15098914761737653
74,1429,1503,0.1510109100422868
74,1413,1487,0.15102881443326321
74,1412,1486,0.1510462646267657
78,1417,1495,0.15106256157721748
78,1423,1501,0.15106780822422766
78,1425,1503,0.15107162314203967
81,1419,1500,0.15107623140442325
75,1419,1494,0.15107313434016909
74,1427,1501,0.15108455410191815
76,1445,1521,0.1510984532614984
74,1436,1510,0.15110665592885156
77,1430,1507,0.15111991709345005
76,1446,1522,0.15112462047341915
77,1450,1527,0.1511313383964837
74,1446,1520,0.15113598783959237
75,1444,1519,0.1511471801982662
72,1450,1522,0.15115564260065828
71,1450,1521,0.1511709255722914
73,1446,1519,0.151186916337796
75,1446,1521,0.15119795405354097
74,1450,1524,0.15120255898817592
75,1439,1514,0.15120942893824108
75,1434,1509,0.1512142560802877
78,1437,1515,0.15121917989778788
75,1437,1512,0.15121595615720135
77,1439,1516,0.1512196720761187
79,1447,1526,0.1512188503435979
77,1441,1518,0.1512124292096214
78,1439,1517,0.15121055413946746
79,1447,1526,0.15120630940663443
79,1447,1526,0.1511991348142162
80,1438,1518,0.15119323527232165
82,1449,1531,0.15118404114716208
81,1437,1518,0.1511711008730854
84,1436,1520,0.1511619094933408
85,1442,1527,0.15114685850680107
84,1439,1523,0.15113027950402957
84,1426,1510,0.1511159485129553
84,1437,1521,0.15110241895921098
84,1427,1511,0.1510897924247466
83,1421,1504,0.15107739744763282
89,1418,1507,0.1510680443426361
92,1422,1514,0.15104417480919835
91,1426,1517,0.15101408301606323
92,1423,1515,0.15098956750581005
95,1421,1516,0.15096265266870468
96,1415,1511,0.1509301689650596
94,1414,1508,0.15089841479016936
94,1423,1517,0.15087489385813244
93,1427,1520,0.15085306162520296
95,1438,1533,0.15083301681647535
95,1437,1532,0.15080995771894115
95,1434,1529,0.1507890454406063
95,1432,1527,0.15076992268543044
92,1412,1504,0.15075308322413059
92,1416,1508,0.1507449935468231
93,1421,1514,0.15073814573791164
94,1419,1513,0.15073001317543958
92,1416,1508,0.1507199053981482
91,1419,1510,0.1507154885331112
93,1422,1515,0.15071389909842378
93,1428,1521,0.1507079251217255
92,1425,1517,0.15070295494143474
90,1422,1512,0.15070065982736358
84,1421,1505,0.1507034506500416
85,1437,1522,0.15071940448939058
86,1427,1513,0.1507323405057339
88,1429,1517,0.15074081936595785
92,1420,1512,0.15074403304409267
93,1414,1507,0.15073722995447392
91,1416,1507,0.15072893404137344
92,1411,1503,0.15072587127672146
91,1413,1504,0.150720707908689
95,1410,1505,0.15071811596262547
92,1415,1507,0.1507049348045742
88,1424,1512,0.15070012816063486
90,1422,1512,0.1507055066877967
94,1408,1502,0.15070633127993818
94,1416,1510,0.15069655181705038
92,1415,1507,0.1506874579694095
90,1412,1502,0.1506842286564456
88,1423,1511,0.15068510182036562
89,1417,1506,0.15069168662776056
93,1428,1521,0.15069567189792984
90,1429,1519,0.1506900736108746
89,1443,1532,0.15069247108229303
87,1424,1511,0.15069543473237104
87,1428,1515,0.15070289770899586
88,1435,1523,0.1507093309203608
88,1428,1516,0.1507120590234205
87,1431,1518,0.15071442751163747
87,1430,1517,0.1507199535594709
88,1425,1513,0.15072640979740984
87,1424,1511,0.15073062573568166
83,1413,1496,0.15073715685162578
83,1425,1508,0.15075298448493982
83,1414,1497,0.15076796112561433
83,1410,1493,0.15078203762572673
82,1400,1482,0.1507950664574579
82,1408,1490,0.15081013204589636
84,1415,1499,0.15082370312493915
80,1420,1500,0.15083211479658695
79,1430,1509,0.15085007698191083
79,1439,1518,0.15086887732915677
81,1449,1530,0.1508865227218013
80,1435,1515,0.15089717191986082
82,1444,1526,0.15091039270754716
81,1453,1534,0.15091820749567192
83,1450,1533,0.15092773881864757
84,1447,1531,0.15093154252104232
86,1437,1523,0.15093171273482553
83,1433,1516,0.15092748247092141
84,1436,1520,0.1509310364299441
85,1438,1523,0.15093254197140193
83,1443,1526,0.15093210691976564
83,1439,1522,0.15093593129278451
81,1439,1520,0.150939418536853
83,1439,1522,0.15094708003735657
83,1435,1518,0.1509497448398081
82,1434,1516,0.15095282661750362
84,1436,1520,0.15095662621338435
86,1424,1510,0.1509551243080195
87,1422,1509,0.15094828496634233
86,1416,1502,0.1509398896870756
86,1416,1502,0.1509347065027792
84,1417,1501,0.15093073017054556
83,1432,1515,0.1509321013271701
80,1434,1514,0.15093671639018216
83,1424,1507,0.15094813813522925
82,1426,1508,0.15095053532296548
83,1431,1514,0.15095565719322515
82,1432,1514,0.15095860305657105
82,1449,1531,0.15096285931215164
82,1446,1528,0.15096749765259754
83,1445,1528,0.1509714748160594
81,1450,1531,0.1509721817835424
79,1447,1526,0.15097794141960968
76,1445,1521,0.15098778953781358
77,1445,1522,0.1510044243157148
74,1448,1522,0.1510171518349688
76,1456,1532,0.15103696251746218
78,1454,1532,0.15104978849441367
81,1431,1512,0.15105723916669944
76,1425,1501,0.15105649120830716
76,1433,1509,0.15106752191048964
77,1433,1510,0.15107772144350132
78,1423,1501,0.151085075240324
75,1434,1509,0.1510897997550005
76,1429,1505,0.15110212185635685
75,1442,1517,0.1511114079090154
75,1438,1513,0.15112281749503972
78,1435,1513,0.15113399336810227
75,1453,1528,0.15113583355998716
80,1452,1532,0.15114494240706652
81,1440,1521,0.1511414871184323
81,1429,1510,0.15113582511539503
82,1415,1497,0.15112959014117688
82,1422,1504,0.15112075718626092
84,1401,1485,0.15111295244754439
84,1426,1510,0.15110069439284074
84,1423,1507,0.15109009734984225
82,1417,1499,0.15108118949794003
81,1426,1507,0.15107765423858455
78,1429,1507,0.1510772127912585
78,1439,1517,0.1510834214070375
78,1453,1531,0.15108986830214602
80,1454,1534,0.1510963563822281
79,1447,1526,0.1510969540486519
81,1426,1507,0.151098959708877
83,1430,1513,0.15109592973992444
81,1427,1508,0.15108780837476044
80,1423,1503,0.15108584621589002
80,1440,1520,0.15108696299403226
80,1442,1522,0.15108795498148955
80,1440,1520,0.15108951972404225
76,1429,1505,0.15109086607974437
76,1433,1509,0.15110163389705136
78,1430,1508,0.15111113575501067
72,1440,1512,0.1511160628487761
74,1445,1519,0.15113464594093748
76,1446,1522,0.15114642918250998
76,1440,1516,0.1511534633222816
77,1432,1509,0.1511606057421679
76,1435,1511,0.15116427085659467
77,1445,1522,0.15117018808287983
80,1445,1525,0.15117328393024296
82,1457,1539,0.15116854602605337
81,1450,1531,0.15115944061871145
82,1439,1521,0.15115374879001364
78,1444,1522,0.15114668421560234
81,1451,1532,0.15114952844986404
79,1443,1522,0.15114561721525033
78,1445,1523,0.1511470354144115
77,1432,1509,0.1511511325233986
78,1436,1514,0.15115649473995407
75,1447,1522,0.1511590259991188
77,1447,1524,0.15116855255434353
76,1456,1532,0.15117370110902772
76,1461,1537,0.15118077617093034
74,1460,1534,0.1511874571526609
74,1441,1515,0.1511985995358538
74,1451,1525,0.1512087139362795
73,1443,1516,0.1512183896815857
75,1453,1528,0.1512290115569142
75,1451,1526,0.1512347575527364
73,1441,1514,0.15123941005986702
72,1437,1509,0.15124861153205899
72,1452,1524,0.15125989248959937
71,1452,1523,0.15127058134642812
70,1447,1517,0.15128298502821377
70,1438,1508,0.15129707104189896
74,1435,1509,0.15131017739217215
74,1443,1517,0.15131143466859373
73,1441,1514,0.1513122625241193
72,1446,1518,0.1513153090914772
73,1441,1514,0.1513205388552518
72,1451,1523,0.15132319365336527
75,1438,1513,0.1513288380455598
71,1448,1519,0.15132433424118555
72,1449,1521,0.15133004554507015
73,1443,1516,0.15133328088615264
70,1446,1516,0.1513344289247551
74,1443,1517,0.15134268340543464
72,1437,1509,0.1513397501887897
76,1447,1523,0.15134220293566356
76,1447,1523,0.15133443841848546
78,1447,1525,0.15132734125673925
77,1451,1528,0.1513152844108091
78,1450,1528,0.15130603492025663
78,1444,1522,0.15129577842553024
76,1434,1510,0.151287215539231
77,1429,1506,0.15128393368421822
77,1408,1485,0.1512786119292649
80,1419,1499,0.15127358296429827
77,1430,1507,0.1512614616128802
78,1428,1506,0.15125791826151228
80,1444,1524,0.15125089561328608
77,1454,1531,0.1512401083710331
76,1447,1523,0.15123796086415184
74,1438,1512,0.15123851178108189
75,1456,1531,0.15124398859620874
76,1447,1523,0.15124663409061723
77,1435,1512,0.1512463180911891
75,1443,1518,0.15124332195842588
72,1454,1526,0.15124562583890155
74,1440,1514,0.1512542722033365
76,1447,1523,0.15125804789394537
77,1451,1528,0.15125624560443565
78,1444,1522,0.15125174627408755
77,1440,1517,0.1512448220753991
79,1435,1514,0.1512413083545602
78,1446,1524,0.15123265358078164
76,1437,1513,0.15122717445644038
75,1441,1516,0.15122747778733822
72,1443,1515,0.15123078900699202
72,1451,1523,0.15124161641760428
72,1454,1526,0.15125223583719838
72,1444,1516,0.1512615762223701
72,1436,1508,0.15127045391797328
74,1435,1509,0.15127900113804799
74,1427,1501,0.15128209667673828
73,1446,1519,0.15128548643290374
74,1455,1529,0.15129134121787755
72,1451,1523,0.15129488811787253
70,1453,1523,0.15130115040572675
68,1454,1522,0.15131218370285032
69,1461,1530,0.1513275775709589
68,1449,1517,0.15133988402769788
69,1451,1520,0.15135397108190418
69,1450,1519,0.1513652492366695
66,1456,1522,0.15137556691869833
67,1458,1525,0.15139236092409664
62,1463,1525,0.15140612002717574
61,1451,1512,0.15143080468662407
62,1455,1517,0.15145689364834503
59,1458,1517,0.15147875251326137
58,1464,1522,0.1515064084153549
59,1467,1526,0.15153490473536177
58,1470,1528,0.15155951043966315
57,1459,1516,0.15158486707170823
56,1450,1506,0.15161004904668232
61,1454,1515,0.15163609671548697
59,1455,1514,0.15164631424659278
61,1452,1513,0.15166156315297616
63,1453,1516,0.15167004953996777
60,1459,1519,0.151673147352403
58,1465,1523,0.1516833441147902
56,1460,1516,0.15169795347840256
58,1469,1527,0.151716841834701
57,1480,1537,0.15172910039847737
55,1470,1525,0.1517433358793482
54,1449,1503,0.15176169881509277
57,1466,1523,0.1517810905411147
56,1454,1510,0.15179080556348887
58,1459,1517,0.15180278462930855
57,1455,1512,0.15180948509828307
55,1447,1502,0.1518185455003757
54,1449,1503,0.15183259611161648
53,1451,1504,0.15184718195270622
54,1436,1490,0.15186315361767463
55,1441,1496,0.15187628125471414
55,1448,1503,0.15188571830259864
51,1457,1508,0.15189406504488723
50,1470,1520,0.15191124472563872
53,1477,1530,0.15193005238869678
54,1481,1535,0.1519387789463286
54,1469,1523,0.15194429725196318
51,1466,1517,0.15195032418190782
49,1465,1514,0.1519631730240665
49,1470,1519,0.15198056539258015
48,1474,1522,0.15199725306016945
49,1466,1515,0.15201542622126243
47,1475,1522,0.15202961281016594
46,1472,1518,0.15204761560781002
47,1459,1506,0.15206767350627687
48,1468,1516,0.1520834533168976
47,1466,1513,0.15209556979622285
47,1452,1499,0.1521092093617995
49,1460,1509,0.15212157326465442
50,1461,1511,0.15212864645119598
48,1476,1524,0.15213316525851422
47,1472,1519,0.15214157688238988
49,1470,1519,0.15215226720412534
46,1469,1515,0.15215722736171144
47,1476,1523,0.1521691095649895
47,1472,1519,0.15217720189122247
49,1467,1516,0.15218538735905512
47,1451,1498,0.1521881792600762
47,1461,1508,0.15219585501246782
47,1460,1507,0.15220338558765453
48,1457,1505,0.1522106347574352
50,1473,1523,0.1522138506709056
49,1469,1518,0.15221119244920905
50,1465,1515,0.1522118433733231
50,1462,1512,0.15221036406082317
50,1460,1510,0.15220949525867022
49,1463,1512,0.15220913792141424
52,1469,1521,0.15221152488647788
48,1471,1519,0.1522046124097677
48,1471,1519,0.1522081118266632
49,1470,1519,0.1522111237402988
46,1471,1517,0.15221125064335908
46,1471,1517,0.15221932147816206
46,1475,1521,0.15222743862252452
44,1473,1517,0.15223501415600546
43,1478,1521,0.1522470596895535
43,1469,1512,0.15226107214998572
46,1469,1515,0.15227265492815464
46,1467,1513,0.15227670802924972
43,1477,1520,0.15227973948296786
44,1475,1519,0.15229028984985757
45,1482,1527,0.15229666226067004
48,1485,1533,0.15230084928683457
47,1492,1539,0.15229771312579876
49,1466,1515,0.15229757744800757
50,1461,1511,0.15229306593611244
48,1460,1508,0.15228611916189527
47,1463,1510,0.15228482121376216
47,1472,1519,0.15228645386371809
48,1467,1515,0.15228829874877875
48,1461,1509,0.15228652709849697
48,1468,1516,0.1522837240927535
48,1473,1521,0.15228145208333083
50,1487,1537,0.152279669411459
49,1480,1529,0.15227304519877097
48,1478,1526,0.1522698823521827
44,1477,1521,0.152269858138975
44,1477,1521,0.15227957591991167
44,1478,1522,0.15228909052991382
43,1489,1532,0.15229777928298924
43,1487,1530,0.15230869709577696
41,1479,1520,0.1523192882285469
41,1483,1524,0.15233474500330202
41,1473,1514,0.1523494413335066
41,1489,1530,0.15236339758200027
41,1489,1530,0.1523752093040465
38,1494,1532,0.15238658529316773
39,1487,1526,0.15240500579578659
38,1491,1529,0.15241966569830606
36,1502,1538,0.15243630078809653
37,1486,1523,0.15245593302055951
38,1485,1523,0.15247136275441206
38,1483,1521,0.1524836670349855
39,1480,1519,0.1524954804884724
37,1483,1520,0.15250286220556422
36,1489,1525,0.15251475741626117
36,1490,1526,0.15252851017033608
35,1490,1525,0.15254166819222803
34,1488,1522,0.15255663924746107
34,1492,1526,0.15257309292206125
35,1484,1519,0.15258873862966518
35,1469,1504,0.15260051477422049
34,1475,1509,0.15261181291033363
32,1473,1505,0.15262481009899911
31,1483,1514,0.1526419545341772
33,1478,1511,0.15266034006395562
30,1469,1499,0.15267203611810293
30,1490,1520,0.15269004211472167
29,1488,1517,0.15270770104145753
29,1487,1516,0.15272694714804033
29,1486,1515,0.15274513102267204
30,1494,1524,0.15276229939699199
29,1497,1526,0.1527761060732475
29,1499,1528,0.15279103165467453
28,1486,1514,0.15280482087374225
26,1475,1501,0.15281978085137884
26,1476,1502,0.15283882970067966
28,1491,1519,0.15285686005509877
27,1487,1514,0.15286831893626468
27,1487,1514,0.15288174284897266
26,1483,1509,0.15289455618330303
24,1497,1521,0.15290898010757373
24,1485,1509,0.1529271673552208
25,1490,1515,0.152944441289395
26,1493,1519,0.15295716988499727
25,1491,1516,0.15296620908666386
24,1497,1521,0.1529772761416346
25,1496,1521,0.15299023848843646
25,1502,1527,0.1529995203393029
24,1504,1528,0.15300857377879296
23,1503,1526,0.15301966902674125
22,1501,1523,0.15303200033611916
22,1511,1533,0.15304619543771575
19,1504,1523,0.15305980460186844
20,1492,1512,0.15307994460836405
19,1494,1513,0.1530964455234423
20,1476,1496,0.15311432755280005
21,1488,1509,0.1531278172373608
18,1500,1518,0.15313849829321644
17,1500,1517,0.1531560645144177
18,1498,1516,0.15317497571763902
18,1496,1514,0.15318991293041154
17,1503,1520,0.1532037201258313
17,1518,1535,0.15321959998459717
18,1509,1527,0.15323379159768108
18,1524,1542,0.15324427426104834
18,1516,1534,0.15325443407990164
17,1524,1541,0.15326424907116606
18,1506,1524,0.15327655421435146
18,1509,1527,0.15328537554177296
15,1504,1519,0.1532938490801079
14,1512,1526,0.15330943583387116
15,1509,1524,0.15332661400193903
16,1496,1512,0.153339741868179
16,1505,1521,0.15334949409002985
15,1496,1511,0.15335885269617908
16,1495,1511,0.15337044681793643
17,1494,1511,0.15337877240452943
16,1502,1518,0.15338360338510962
15,1504,1519,0.1533909422909449
17,1512,1529,0.15340038818427296
17,1501,1518,0.15340326755091202
18,1489,1507,0.15340627596460135
18,1497,1515,0.15340633639942056
18,1497,1515,0.15340672209216513
17,1487,1504,0.15340737473766988
18,1486,1504,0.15341045712192775
18,1491,1509,0.15341129378481194
19,1495,1514,0.15341228680768934
18,1496,1514,0.15341015950537953
19,1487,1506,0.15341095299679797
19,1484,1503,0.15340877364798097
20,1499,1519,0.15340701477862445
19,1483,1502,0.15340245074440567
17,1486,1503,0.15340089931020123
18,1494,1512,0.1534046835482869
18,1496,1514,0.1534052797101658
18,1488,1506,0.15340611333540355
17,1487,1504,0.15340713526560149
17,1493,1510,0.15341069584725897
18,1504,1522,0.15341330994787783
17,1509,1526,0.15341296563837795
16,1509,1525,0.15341525212874327
15,1516,1531,0.1534192488157078
13,1517,1530,0.15342641250571415
13,1515,1528,0.15343799074716788
13,1504,1517,0.15344903121475495
13,1503,1516,0.15345954324249855
13,1494,1507,0.15346953868835303
12,1498,1510,0.15347903138282007
12,1505,1517,0.15349039305682538
12,1511,1523,0.15350114165648632
13,1509,1522,0.15351130249831615
14,1495,1509,0.15351772649744372
14,1502,1516,0.15352105858120838
14,1517,1531,0.15352441608197664
13,1512,1525,0.15352777221403716
12,1504,1516,0.1535336038644414
11,1501,1512,0.15354103108749895
13,1507,1520,0.1535503634319026
13,1496,1509,0.15355439569291984
13,1499,1512,0.1535583694769686
13,1489,1502,0.15356226620867253
13,1492,1505,0.15356607107883197
13,1477,1490,0.15356977249815634
12,1491,1503,0.15357336162284327
13,1499,1512,0.15357909052523389
13,1511,1524,0.1535822269596497
13,1509,1522,0.15358525752053145
13,1501,1514,0.15358817871773103
14,1507,1521,0.15359098843711966
12,1511,1523,0.15359058088006097
12,1526,1538,0.15359499550032293
10,1508,1518,0.15359927292611036
9,1505,1514,0.15360786854749875
9,1500,1509,0.15361833114034928
9,1506,1515,0.15362823883925084
9,1510,1519,0.15363761238572035
10,1507,1517,0.1536464730762426
11,1517,1528,0.153652377331758
11,1509,1520,0.15365484206223098
11,1503,1514,0.15365731636901372
11,1508,1519,0.15365977904796335
11,1495,1506,0.15366221281274595
11,1500,1511,0.15366460372287286
11,1513,1524,0.15366694068894765
11,1509,1520,0.15366921504501554
12,1491,1503,0.15367142017921157
10,1497,1507,0.1536706777384395
11,1496,1507,0.15367451250874992
12,1502,1514,0.15367501533772596
13,1494,1507,0.1536725661985433
13,1508,1521,0.1536680935064012
13,1499,1512,0.15366415315066986
12,1509,1521,0.1536606814590324
12,1512,1524,0.1536601431033954
11,1512,1523,0.15365980342253605
12,1512,1524,0.15366183803932199
12,1507,1519,0.15366159732075932
12,1502,1514,0.15366149079515615
11,1519,1530,0.15366149593134176
11,1524,1535,0.15366304530458255
11,1522,1533,0.15366467069612436
10,1521,1531,0.15366634433444454
10,1517,1527,0.1536702833910752
11,1514,1525,0.15367409511875604
12,1499,1511,0.15367454364478836
11,1498,1509,0.1536724335697336
11,1500,1511,0.15367311297461023
13,1497,1510,0.15367393237648067
12,1501,1513,0.15366903476246133
13,1495,1508,0.15366731994423577
14,1488,1502,0.1536632935964085
14,1490,1504,0.15365657203250088
12,1498,1510,0.1536505710138213
12,1506,1518,0.1536504332436102
10,1506,1516,0.1536504913254956
10,1501,1511,0.15365555463839986
10,1502,1512,0.15366041846318557
10,1516,1526,0.1536650790688937
10,1499,1509,0.15366953512613488
9,1488,1497,0.15367378727192052
8,1495,1503,0.15367996197184963
8,1508,1516,0.15368807220335118
10,1502,1512,0.15369588721305072
11,1509,1520,0.15369703890669822
12,1498,1510,0.15369594773707984
12,1493,1505,0.15369206112404157
12,1481,1493,0.15368872054275518
10,1502,1512,0.1536858585000571
10,1508,1518,0.1536881505291968
11,1518,1529,0.15369050455986766
13,1520,1533,0.15368970545336366
13,1512,1525,0.15368356589507637
13,1506,1519,0.15367816275703722
13,1510,1523,0.1536734096043778
13,1503,1516,0.15366923011316375
14,1489,1503,0.15366555688161695
14,1504,1518,0.15365917170759594
14,1498,1512,0.15365347629499732
14,1502,1516,0.15364839440768224
14,1517,1531,0.15364385842072018
13,1506,1519,0.15363980832832827
13,1513,1526,0.15363859766619295
12,1512,1524,0.15363762490858232
12,1509,1521,0.15363913142993418
12,1506,1518,0.15364066443181773
12,1505,1517,0.15364225758910294
11,1492,1503,0.15364386181750528
12,1495,1507,0.1536479428670393
12,1519,1531,0.15364863070730933
12,1504,1516,0.15364944088839538
12,1503,1515,0.1536494398190462
11,1509,1520,0.15364966440774175
11,1516,1527,0.15365252353146452
10,1513,1523,0.1536553772438873
10,1505,1515,0.1536604762635744
10,1516,1526,0.1536653893949097
10,1508,1518,0.15367010935910888
10,1502,1512,0.15367463190606226
10,1520,1530,0.15367895528272488
10,1516,1526,0.15368307977966483
11,1509,1520,0.15368700734502905
11,1508,1519,0.15368764631550996
10,1504,1514,0.15368838227816817
10,1505,1515,0.15369160118554753
9,1494,1503,0.15369472995878466
10,1490,1500,0.1536996390056981
10,1491,1501,0.1537020560387709
11,1497,1508,0.15370441533306742
11,1491,1502,0.15370354354197124
11,1492,1503,0.15370289195871706
11,1482,1493,0.15370242584588592
10,1497,1507,0.1537021152729314
11,1498,1509,0.15370431037770396
10,1501,1511,0.15370401696928693
9,1498,1507,0.15370606271845527
7,1504,1511,0.1537105249962051
7,1510,1517,0.153719517019354
7,1511,1518,0.1537280094758379
7,1510,1517,0.15373602531124494
7,1509,1516,0.15374358712031772
7,1506,1513,0.15375071702869605
7,1515,1522,0.15375743660004398
7,1513,1520,0.15376376676467624
7,1521,1528,0.15376972776633757
8,1502,1510,0.15377533912425084
8,1506,1514,0.15377743644818817
8,1493,1501,0.1537795170213953
8,1498,1506,0.1537815676846467
7,1504,1511,0.15378357789229957
7,1510,1517,0.15378778857905573
7,1510,1517,0.15379180846207297
7,1506,1513,0.15379564028166218
7,1501,1508,0.1537992877783675
8,1510,1518,0.15380275548040045
10,1506,1516,0.15380288524451757
9,1488,1497,0.15379679007873848
8,1489,1497,0.153793772212648
9,1503,1512,0.15379366816560483
9,1508,1517,0.15379065196193634
9,1493,1502,0.15378813138647093
9,1501,1510,0.1537860380118033
10,1498,1508,0.15378431229800127
10,1509,1519,0.15377972032041953
10,1513,1523,0.15377569974141386
9,1510,1519,0.1537716280664708
9,1515,1524,0.1537709371438803
9,1496,1505,0.1537704841364552
9,1500,1509,0.1537702307035717
9,1505,1514,0.15377014373500308
8,1500,1508,0.1537701946811318
9,1508,1517,0.15377267721936988
8,1519,1527,0.15377199399296157
7,1517,1524,0.15377389729568486
7,1519,1526,0.15377824639248489
6,1509,1515,0.15378245949169222
5,1506,1511,0.1537893260333609
5,1499,1504,0.15379820917464265
4,1501,1505,0.1538065853783526
4,1521,1525,0.15381694647592575
4,1519,1523,0.153826686875151
4,1511,1515,0.15383584214166818
4,1510,1514,0.15384444602868902
5,1512,1517,0.15385253053686182
5,1509,1514,0.1538573354888523
5,1512,1517,0.15386190005934564
5,1508,1513,0.15386623155055754
5,1510,1515,0.1538703378189808
5,1511,1516,0.15387422710759352
5,1504,1509,0.15387790790614356
5,1504,1509,0.1538813888354273
5,1510,1515,0.15388467855204524
5,1505,1510,0.15388778567060346
3,1504,1507,0.15389071870075033
4,1514,1518,0.15389839053833268
4,1512,1516,0.15390244871248676
4,1508,1512,0.1539063558265054
5,1509,1514,0.15391010975814307
5,1509,1514,0.1539106168482608
5,1507,1512,0.15391125091371424
5,1503,1508,0.15391198685461524
5,1499,1504,0.1539128030115184
5,1519,1524,0.15391368074541856
5,1525,1530,0.1539146040664745
5,1512,1517,0.1539155593059524
5,1507,1512,0.1539165348264938
5,1504,1509,0.15391752076636125
5,1497,1502,0.15391850881379632
6,1509,1515,0.15391949200805935
6,1510,1516,0.15391730533557418
5,1530,1535,0.1539153949567144
5,1518,1523,0.15391615879220447
5,1524,1529,0.1539169862981099
5,1520,1525,0.15391785958401918
5,1510,1515,0.1539187636336674
5,1512,1517,0.15391968590203323
5,1512,1517,0.15392061596615414
5,1507,1512,0.15392154522263993
5,1504,1509,0.1539224666257757
4,1516,1520,0.15392337446089743
4,1509,1513,0.15392683587598774
5,1500,1505,0.15393009947041775
4,1506,1510,0.15393048674911708
4,1496,1500,0.1539332142785937
4,1502,1506,0.1539358095943131
5,1513,1518,0.1539382756739786
4,1511,1515,0.15393810381148326
5,1518,1523,0.15394047516528125
4,1522,1526,0.15393950323013922
4,1520,1524,0.1539418222142854
4,1513,1517,0.15394401324777252
5,1518,1523,0.15394608188020073
5,1517,1522,0.15394482949781493
5,1494,1499,0.1539437612048867
5,1503,1508,0.15394285172859537
4,1509,1513,0.15394207917473512
5,1521,1526,0.15394429736202986
5,1501,1506,0.15394317467284074
5,1490,1495,0.1539422236209497
4,1495,1499,0.15394142031952202
4,1504,1508,0.15394305063352853
4,1517,1521,0.15394465093019608
4,1514,1518,0.1539462138326244
4,1514,1518,0.15394773362605052
4,1506,1510,0.15394920599729273
4,1518,1522,0.15395062781098187
4,1522,1526,0.15395199691759154
4,1520,1524,0.15395331198894333
4,1518,1522,0.15395457237744165
4,1519,1523,0.15395577799579216
4,1534,1538,0.15395692921439286
4,1529,1533,0.1539580267739626
4,1531,1535,0.15395907171130052
2,1515,1517,0.15396006529635003
2,1527,1529,0.1539658707349902
2,1517,1519,0.1539713349690173
2,1524,1526,0.1539764770370854
2,1510,1512,0.15398131505483142
1,1536,1537,0.15398586623958213
1,1531,1532,0.15399255342657858
1,1524,1525,0.15399884033217962
1,1522,1523,0.15400475024771446
1,1512,1513,0.1540103052066951
1,1505,1506,0.15401552603836102
1,1514,1515,0.15402043242121224
1,1515,1516,0.15402504293607872
1,1506,1507,0.1540293751183647
1,1494,1495,0.15403344550918138
1,1513,1514,0.1540372697051475
1,1520,1521,0.15404086240668816
1,1515,1516,0.1540442374647094
1,1511,1512,0.15404740792556182
1,1506,1507,0.15405038607423913
1,1505,1506,0.15405318347578043
1,1504,1505,0.15405581101486962
1,1513,1514,0.15405827893363816
1,1512,1513,0.1540605968676946
1,1510,1511,0.15406277388041334
1,1505,1506,0.15406481849552378
1,1492,1493,0.1540667387280481
1,1490,1491,0.15406854211364035
1,1496,1497,0.15407023573638326
1,1498,1499,0.15407182625510157
1,1507,1508,0.15407331992825143
1,1506,1507,0.1540747226374475
1,1511,1512,0.15407603990968774
1,1508,1509,0.15407727693833614
1,1515,1516,0.15407843860292325
1,1514,1515,0.15407952948782142
1,1518,1519,0.15408055389985237
1,1510,1511,0.15408151588488095
1,1516,1517,0.15408241924344845
1,1512,1513,0.15408326754549642
1,1516,1517,0.15408406414422948
1,1505,1506,0.1540848121891649
1,1503,1504,0.15408551463841277
1,1506,1507,0.15408617427023039
1,1515,1516,0.1540867936938915
1,1530,1531,0.15408737535990855
1,1519,1520,0.15408792156964596
1,1513,1514,0.15408843448435858
1,1514,1515,0.1540889161336887
1,1507,1508,0.15408936842365345
2,1512,1514,0.15408979314415194
2,1509,1511,0.15408696530461416
2,1510,1512,0.15408441111424792
2,1513,1515,0.15408210109912054
2,1499,1501,0.15408000922069956
3,1512,1515,0.15407811245454983
3,1523,1526,0.15407316896585677
3,1516,1519,0.15406868205057994
3,1515,1518,0.15406460505366246
3,1523,1526,0.1540608964814337
3,1513,1516,0.15405751939873708
3,1531,1534,0.15405444089890918
3,1518,1521,0.1540516316376271
3,1517,1520,0.15404906542276178
3,1516,1519,0.15404671885335314
4,1510,1514,0.15404457100168398
4,1495,1499,0.15403941215085518
4,1502,1506,0.15403471595494816
4,1504,1508,0.15403043700932403
4,1513,1517,0.1540265347066242
4,1510,1514,0.15402297270210755
5,1503,1508,0.15401971844073167
5,1498,1503,0.15401351261617258
4,1513,1517,0.1540078612749564
4,1512,1516,0.1540057425458831
4,1525,1529,0.15400381033996477
4,1528,1532,0.15400204659678196
4,1520,1524,0.15400043514931794
5,1516,1521,0.15399896151363934
5,1497,1502,0.15399437337081917
5,1499,1504,0.15398942828667703
7,1488,1495,0.15398499622533812
7,1489,1496,0.15397520050629504
7,1499,1506,0.15396629186470123
7,1512,1519,0.1539581810066605
7,1520,1527,0.15395078845620624
7,1506,1513,0.15394404340508727
8,1508,1516,0.15393788270297817
8,1513,1521,0.15392903801877014
7,1516,1523,0.15392097030594917
7,1512,1519,0.15391596306062172
7,1507,1514,0.15391144203615348
7,1519,1526,0.15390735459698462
8,1501,1509,0.1539036542632088
8,1503,1511,0.15389769482022475
8,1501,1509,0.15389224029004922
8,1491,1499,0.15388724347906726
7,1489,1496,0.15388266202671816
7,1503,1510,0.1538809448436389
6,1507,1513,0.15387939773895598
6,1515,1521,0.1538805107570702
6,1513,1519,0.15388159607653928
6,1519,1525,0.1538826496109108
7,1516,1523,0.1538836683162228
7,1510,1517,0.15388143941790833
8,1516,1524,0.15387866275641934
8,1518,1526,0.153873762935959
8,1511,1519,0.15386935997752416
8,1509,1517,0.15386539953871803
8,1517,1525,0.15386183355305807
7,1522,1529,0.15385861947856175
7,1527,1534,0.1538584225182885
7,1527,1534,0.15385830009695878
6,1524,1530,0.1538582390999042
6,1524,1530,0.15386056954663319
6,1530,1536,0.15386279794301308
6,1523,1529,0.1538649239868239
5,1508,1513,0.15386694835025505
5,1515,1520,0.1538712526705821
4,1512,1516,0.15387531613547786
4,1516,1520,0.15388167029926683
4,1511,1515,0.15388763930680033
4,1517,1521,0.15389324524242748
4,1523,1527,0.15389850910316738
4,1513,1517,0.15390345082600804
2,1507,1509,0.15390808931896163
2,1503,1505,0.15391715084023666
2,1504,1506,0.15392566157528836
2,1512,1514,0.15393365402359577
1,1517,1518,0.15394115891400056
1,1505,1506,0.1539505801523063
1,1500,1501,0.15395943003183593
1,1505,1506,0.1539677431413094
1,1519,1520,0.15397555198228505
1,1499,1500,0.15398288709427418
1,1507,1508,0.15398977717246848
1,1504,1505,0.15399624917849933
1,1510,1511,0.1540023284446284
1,1509,1510,0.15400803877174699
1,1508,1509,0.1540134025215415
1,1507,1508,0.15401844070316467
1,1513,1514,0.15402317305473182
1,1525,1526,0.15402761811994542
1,1517,1518,0.15403179332013395
1,1522,1523,0.1540357150219742
1,1517,1518,0.15403939860115268
1,1530,1531,0.15404285850220595
1,1538,1539,0.1540461082947659
2,1535,1537,0.15404916072642416
2,1542,1544,0.15404884018418136
2,1533,1535,0.15404863780581254
2,1523,1525,0.15404853385321524
4,1527,1531,0.15404851140208392
3,1520,1523,0.15404211792295378
4,1506,1510,0.15403948690968983
4,1502,1506,0.1540340345811787
3,1504,1507,0.15402912695918464
3,1495,1498,0.15402715150166452
3,1495,1498,0.1540254553847595
4,1502,1506,0.1540240003469287
3,1514,1517,0.15401954577168353
3,1515,1518,0.15401829243408888
3,1518,1521,0.15401725557602677
3,1513,1516,0.15401640336952693
3,1504,1507,0.15401570839846304
3,1515,1518,0.15401514706208985
3,1516,1519,0.15401469905832632
3,1515,1518,0.1540143469361755
3,1516,1519,0.1540140757080811
4,1515,1519,0.15401387251424173
4,1506,1510,0.15401054527784455
4,1516,1520,0.1540075606797155
4,1515,1519,0.15400488041868715
4,1515,1519,0.15400247072267936
5,1510,1515,0.15400030179391677
4,1528,1532,0.15399517961017675
4,1526,1530,0.15399328258090897
3,1519,1522,0.15399161003315723
3,1525,1528,0.15399255759178115
3,1517,1520,0.1539935266816502
3,1513,1516,0.15399450500530446
2,1504,1506,0.15399548250654596
2,1512,1514,0.15399891796730458
2,1503,1505,0.15400218493861112
2,1497,1499,0.1540052874184467
2,1513,1515,0.1540082300674798
2,1516,1518,0.15401101804144468
2,1499,1501,0.15401365685132262
1,1511,1512,0.15401615224721965
1,1516,1517,0.15402103032782555
2,1511,1513,0.15402561304957893
2,1514,1516,0.15402694659986543
2,1519,1521,0.15402827354469348
2,1522,1524,0.1540295845008637
2,1512,1514,0.15403087194016815
2,1508,1510,0.15403212990788492
2,1510,1512,0.1540333537805746
2,1514,1516,0.1540345400578672
2,1509,1511,0.15403568618363894
3,1514,1517,0.15403679039258855
3,1508,1511,0.15403462298632553
3,1505,1508,0.15403271027046794
3,1512,1515,0.1540310211454481
3,1521,1524,0.15402952841016393
3,1509,1512,0.15402820826472471
3,1505,1508,0.1540270398773487
3,1508,1511,0.15402600500707353
3,1514,1517,0.15402508767503068
3,1530,1533,0.15402427387797984
3,1520,1523,0.15402355133862466
3,1532,1535,0.1540229092879427
3,1518,1521,0.15402233827538706
3,1524,1527,0.15402183000335376
3,1513,1516,0.15402137718278117
3,1525,1528,0.15402097340715262
3,1508,1511,0.15402061304253142
3,1496,1499,0.15402029113156193
4,1501,1505,0.15402000330964147
4,1502,1506,0.1540165651465151
4,1499,1503,0.15401344839049658
4,1513,1517,0.15401061985731887
5,1509,1514,0.15400805006530746
5,1514,1519,0.15400244887288383
5,1515,1520,0.15399736010827447
6,1511,1517,0.1539927316486917
6,1508,1514,0.15398526158739487
5,1518,1523,0.15397846899823034
5,1527,1532,0.15397490424847243
5,1523,1528,0.15397169673398534
5,1532,1537,0.15396880632181387
5,1525,1530,0.1539661977522226
5,1515,1520,0.15396384001942082
5,1528,1533,0.1539617058329218
5,1518,1523,0.15395977114890463
5,1523,1528,0.15395801476235987
5,1508,1513,0.15395641795201964
5,1514,1519,0.15395496417113602
5,1515,1520,0.15395363877808804
5,1524,1529,0.15395242880159576
5,1517,1522,0.15395132273601014
5,1519,1524,0.15395031036274673
5,1514,1519,0.15394938259445026
5,1511,1516,0.15394853133892863
5,1523,1528,0.15394774938028344
5,1510,1515,0.15394703027500617
5,1527,1532,0.15394636826109964
5,1517,1522,0.153945758178542
5,1510,1515,0.15394519539962975
5,1494,1499,0.15394467576792967
4,1502,1506,0.15394419554473487
4,1501,1505,0.15394613506437163
4,1501,1505,0.15394716354449892
4,1507,1511,0.15394823637280441
3,1509,1512,0.1539493362567619
3,1505,1508,0.1539528679257015
3,1502,1505,0.15395625567222343
3,1498,1501,0.15395949884224233
3,1501,1504,0.1539625980620617
3,1503,1506,0.15396555499688425
3,1503,1506,0.15396837214564302
3,1503,1506,0.15397105266707622
3,1511,1514,0.15397360023265608
4,1505,1509,0.15397601890258192
4,1498,1502,0.15397505809142975
4,1505,1509,0.15397427957155332
4,1522,1526,0.15397365653093215
4,1528,1532,0.15397316579755194
4,1525,1529,0.15397278735992506
4,1528,1532,0.1539725039500619
4,1525,1529,0.15397230068078685
4,1509,1513,0.15397216473034697
4,1509,1513,0.15397208506817311
4,1509,1513,0.15397205221645138
5,1504,1509,0.1539720580428563
5,1496,1501,0.15396891369217375
5,1494,1499,0.15396608975866488
5,1502,1507,0.15396355094215317
5,1509,1514,0.1539612660504861
5,1499,1504,0.15395920750420863
5,1506,1511,0.15395735090229082
5,1518,1523,0.15395567464128124
5,1505,1510,0.15395415958121994
5,1515,1520,0.15395278875248325
5,1520,1525,0.15395154709846476
5,1507,1512,0.1539504212496401
5,1501,1506,0.15394939932511897
5,1498,1503,0.1539484707582787
5,1497,1502,0.15394762614350013
5,1503,1508,0.15394685710139933
4,1511,1515,0.15394615616027454
4,1524,1528,0.15394800407535772
4,1514,1518,0.1539497449106127
4,1528,1532,0.15395138393375857
4,1522,1526,0.15395292630217783
4,1522,1526,0.1539543770379571
4,1512,1516,0.1539557410089749
4,1517,1521,0.15395702291503977
4,1527,1531,0.1539582272782281
5,1511,1516,0.15395935843669661
5,1513,1518,0.15395718934446048
5,1525,1530,0.15395525374612748
5,1524,1529,0.1539535243802704
5,1512,1517,0.15395197733473476
5,1511,1516,0.1539505916230397
5,1500,1505,0.15394934881520694
5,1507,1512,0.1539482327159631
5,1518,1523,0.1539472290841812
5,1508,1513,0.15394632538822461
5,1513,1518,0.1539455105925517
5,1506,1511,0.15394477497154255
5,1514,1519,0.1539441099470338
5,1505,1510,0.1539435079465054
5,1500,1505,0.15394296227925783
4,1492,1496,0.153942467028266
4,1490,1494,0.15394444081257025
4,1488,1492,0.15394630856000863
4,1510,1514,0.1539480746709251
4,1497,1501,0.15394974356442565
4,1503,1507,0.15395131963817485
4,1508,1512,0.15395280723589175
4,1520,1524,0.15395421062137618
4,1506,1510,0.1539555339580595
4,1505,1509,0.15395678129321727
4,1506,1510,0.15395795654610306
4,1512,1516,0.15395906349936805
4,1511,1515,0.15396010579322403
4,1495,1499,0.15396108692188396
4,1496,1500,0.15396201023188427
4,1491,1495,0.15396287892195015
4,1497,1501,0.15396369604411664
3,1501,1504,0.15396446450586032
3,1502,1505,0.1539676380063863
3,1521,1524,0.15397062122802055
3,1517,1520,0.153973425492697
3,1508,1511,0.15397606145956183
3,1501,1504,0.15397853916236565
3,1508,1511,0.15398086804493327
4,1512,1516,0.15398305699478368
5,1512,1517,0.15398194035560553
5,1508,1513,0.15397773244220894
5,1495,1500,0.15397397428207177
5,1510,1515,0.15397061497403897
5,1507,1512,0.15396760963016867
7,1515,1522,0.15396491864373918
7,1511,1518,0.15395608810692252
7,1505,1512,0.15394810666109265
7,1507,1514,0.15394088616179907
7,1514,1521,0.15393434820823473
7,1511,1518,0.15392842301412848
6,1514,1520,0.1539230484139482
6,1500,1506,0.15392092932866283
6,1510,1516,0.15391904192422448
6,1512,1518,0.15391736006488033
6,1511,1517,0.15391586064273471
6,1508,1514,0.1539145232193574
5,1520,1525,0.15391332971053148
4,1525,1529,0.15391479317867143
3,1515,1518,0.15391868259069857
3,1525,1528,0.15392473986699093
3,1522,1525,0.1539304380192939
3,1516,1519,0.1539357963459428
3,1508,1511,0.15394083341388182
3,1515,1518,0.15394556703592788
3,1504,1507,0.15395001425903782
3,1513,1516,0.15395419136157565
3,1508,1511,0.15395811385787986
3,1508,1511,0.1539617965086914
4,1512,1516,0.1539652533362266
4,1502,1506,0.1539652738305521
4,1501,1505,0.15396539221439556
4,1499,1503,0.15396558947701516
4,1503,1507,0.1539658494830868
4,1504,1508,0.15396615857138182
4,1494,1498,0.15396650520769514
3,1504,1507,0.15396687968479017
3,1519,1522,0.15396964399418545
4,1508,1512,0.15397227833232865
4,1500,1504,0.15397226943863726
4,1506,1510,0.15397230629676556
3,1507,1510,0.15397238030563215
3,1514,1517,0.153974954271298
3,1518,1521,0.15397739030201718
3,1520,1523,0.15397969377161483
3,1513,1516,0.15398187016587392
3,1522,1525,0.15398392501483266
3,1504,1507,0.15398586383745247
3,1510,1513,0.15398769209679913
3,1516,1519,0.15398941516414005
3,1522,1525,0.15399103829058597
3,1525,1528,0.15399256658509697
3,1510,1513,0.15399400499784302
3,1516,1519,0.15399535830805175
3,1530,1533,0.15399663111560272
3,1520,1523,0.1539978278357328
3,1512,1515,0.15399895269631333
3,1520,1523,0.15400000973723643
3,1515,1518,0.15400100281151846
4,1512,1516,0.15400193558778832
4,1514,1518,0.15399959441444186
4,1524,1528,0.15399749686540992
4,1519,1523,0.15399561521239163
4,1514,1518,0.15399392508311227
4,1517,1521,0.15399240503926556
3,1510,1513,0.1539910362087621
3,1501,1504,0.1539922413916595
3,1503,1506,0.15399341764391625
3,1495,1498,0.15399456079643042
3,1489,1492,0.15399566772088868
3,1491,1494,0.15399673616213724
4,1494,1498,0.1539977645945719
4,1493,1497,0.15399562047267717
4,1512,1516,0.15399372141685158
3,1509,1512,0.15399203834896474
3,1494,1497,0.15399342586777953
4,1501,1505,0.1539947431794496
4,1508,1512,0.1539930585800029
4,1507,1511,0.15399155679242293
4,1516,1520,0.15399021683906886
4,1523,1527,0.15398902024563302
4,1526,1530,0.15398795073452604
4,1503,1507,0.153986993956455
4,1508,1512,0.15398613725538432
4,1522,1526,0.15398536946268185
4,1521,1525,0.1539846807167821
4,1515,1519,0.15398406230516423
4,1517,1521,0.15398350652584739
4,1522,1526,0.15398300656595898
4,1509,1513,0.15398255639524133
4,1517,1521,0.1539821506726302
4,1498,1502,0.1539817846642758
4,1502,1506,0.15398145417158
5,1490,1495,0.15398115546800564
5,1505,1510,0.15397770348424394
5,1504,1509,0.15397457251965727
5,1515,1520,0.15397172964452555
5,1505,1510,0.1539691455870587
5,1507,1512,0.15396679430328838
5,1508,1513,0.15396465259945732
5,1511,1516,0.15396269980034635
5,1509,1514,0.15396091745780982
4,1503,1507,0.15395928909451645
4,1506,1510,0.15396021786357547
4,1518,1522,0.15396112342578344
4,1518,1522,0.15396200243811425
4,1526,1530,0.15396285241254823
4,1516,1520,0.15396367157659158
4,1507,1511,0.15396445875389425
4,1507,1511,0.15396521326221183
4,1494,1498,0.15396593482632273
4,1498,1502,0.15396662350383636
4,1500,1504,0.15396727962210285
4,1502,1506,0.15396790372467836
4,1507,1511,0.15396849652600708
4,1506,1510,0.15396905887316362
5,1507,1512,0.153969591713656
5,1508,1513,0.15396686837175158
6,1502,1508,0.15396441584979267
5,1506,1511,0.15395907126813835
5,1506,1511,0.1539566210833265
5,1510,1515,0.15395447731443618
5,1521,1526,0.1539526008117935
5,1511,1516,0.15395095747809326
5,1508,1513,0.15394951761326808
5,1507,1512,0.153948255344517
6,1512,1518,0.1539471481304067
6,1520,1526,0.1539429445947614
5,1502,1507,0.15393915839059008
4,1507,1511,0.15393878294519436
4,1515,1519,0.1539408769753891
4,1513,1517,0.1539428816681701
4,1522,1526,0.15394479665872773
3,1522,1525,0.1539466224291822
3,1513,1516,0.15395083600806225
3,1514,1517,0.1539548025932179
3,1511,1514,0.15395853535230622
2,1505,1507,0.15396204694033516
2,1503,1505,0.1539677497394629
2,1505,1507,0.15397231001015171
2,1515,1517,0.1539766986814732
2,1518,1520,0.15398091195938599
1,1528,1529,0.15398494818810848
1,1516,1517,0.1539912803027965
1,1507,1508,0.1539972856163623
2,1511,1513,0.15400297628276186
2,1506,1508,0.15400510710054122
2,1501,1503,0.15400725264194903
2,1495,1497,0.15400939522070498
2,1505,1507,0.15401152020459338
2,1507,1509,0.15401361559430363
2,1518,1520,0.15401567165611818
2,1509,1511,0.15401768060176615
2,1515,1517,0.15401963630957816
2,1518,1520,0.15402153408180053
2,1518,1520,0.15402337043355685
2,1511,1513,0.15402514290950026
2,1502,1504,0.1540268499246854
2,1503,1505,0.15402849062661855
2,1498,1500,0.1540300647758155
1,1488,1489,0.15403157264252945
1,1495,1496,0.1540354917174172
1,1506,1507,0.15403917865601893
1,1509,1510,0.1540426465283481
1,1520,1521,0.1540459077626598
1,1516,1517,0.15404897416332142
1,1509,1510,0.1540518569304504
1,1504,1505,0.1540545666808315
1,1516,1517,0.15405711346970477
1,1516,1517,0.15405950681308467
1,1516,1517,0.15406175571033018
1,1528,1529,0.1540638686667342
1,1518,1519,0.15406585371594572
1,1515,1516,0.1540677184420723
2,1510,1512,0.1540694700013419
3,1508,1511,0.15406791415230414
3,1511,1514,0.15406335220592088
3,1522,1525,0.15405925822075175
3,1523,1526,0.15405558178881512
3,1520,1523,0.15405227812966613
3,1518,1521,0.15404930744611817
3,1507,1510,0.15404663435503405
2,1512,1514,0.15404422738432913
2,1522,1524,0.15404473373454997
2,1513,1515,0.15404525595693522
3,1511,1514,0.15404578733197544
4,1500,1504,0.1540430834855605
4,1501,1505,0.15403783387794573
4,1517,1521,0.15403308187261844
4,1518,1522,0.15402877634196166
5,1514,1519,0.1540248717639806
4,1520,1524,0.15401805509239794
3,1524,1527,0.15401448266496096
3,1513,1516,0.15401401214160126
5,1518,1523,0.15401366534134112
6,1513,1519,0.15400785239736117
6,1522,1528,0.1539994497138681
6,1518,1524,0.15399181231598585
6,1514,1520,0.15398486543340215
6,1506,1512,0.15397854204472353
7,1520,1527,0.15397278203663547
7,1525,1532,0.15396430622507187
7,1522,1529,0.15395589560053957
7,1525,1532,0.15394829483528605
7,1513,1520,0.15394141784963267
7,1510,1517,0.15393518840525583
5,1500,1505,0.15392953892547728
4,1518,1522,0.15392957142791247
4,1523,1527,0.15393198039097544
4,1520,1524,0.15393433365744538
4,1503,1507,0.15393662256383678
4,1507,1511,0.15393884052444776
4,1511,1515,0.1539409827081385
4,1514,1518,0.1539430457596118
4,1516,1520,0.1539450275593595
4,1513,1517,0.15394692701718632
5,1504,1509,0.15394874389487923
5,1515,1520,0.15394752790286742
5,1514,1519,0.15394649159269888
5,1517,1522,0.15394561105394836
5,1511,1516,0.1539448654200233
5,1501,1506,0.15394423648851766
5,1507,1512,0.15394370838847438
5,1513,1518,0.1539432672887828
5,1512,1517,0.1539429011426481
5,1511,1516,0.15394259946369104
5,1514,1519,0.1539423531297836
4,1524,1528,0.15394215421120408
4,1514,1518,0.15394439153142628
4,1523,1527,0.15394651290917782
4,1524,1528,0.15394852176375992
4,1518,1522,0.153950421858677
4,1507,1511,0.15395221720255406
4,1516,1520,0.15395391196674976
4,1510,1514,0.15395551041722308
4,1514,1518,0.15395701685854635
4,1507,1511,0.15395843558825079
4,1511,1515,0.15395977085994372
4,1508,1512,0.15396102685385502
4,1505,1509,0.15396220765366
4,1505,1509,0.1539633172285886
4,1515,1519,0.15396435941997286
4,1505,1509,0.15396533793150627
4,1533,1537,0.1539662563225936
4,1533,1537,0.15396711800426074
4,1513,1517,0.15396792623717245
4,1509,1513,0.15396868413137318
4,1515,1519,0.15396939464742349
4,1521,1525,0.15397006059865626
4,1527,1531,0.15397068465431715
4,1513,1517,0.153971269343393
5,1515,1520,0.15397181705896149
5,1512,1517,0.1539691857884083
5,1511,1516,0.15396681427617642
5,1520,1525,0.1539646758640721
6,1513,1519,0.15396274670709448
6,1516,1522,0.1539578532587366
6,1506,1512,0.15395342201538165
5,1507,1512,0.1539494064417824
5,1525,1530,0.1539481354388432
5,1524,1529,0.1539470550181078
5,1517,1522,0.15394613976192248
5,1520,1525,0.15394536747785076
5,1520,1525,0.15394471879912885
5,1523,1528,0.15394417683401534
5,1528,1533,0.153943726858089
5,1511,1516,0.15394335604427084
5,1508,1513,0.1539430532259788
5,1513,1518,0.1539428086893804
5,1513,1518,0.1539426139911985
5,1516,1521,0.15394246179895418
5,1510,1515,0.15394234575091004
5,1522,1527,0.15394226033330877
5,1530,1535,0.1539422007727939
5,1516,1521,0.15394216294215698
5,1512,1517,0.1539421432777795
6,1519,1525,0.15394213870733847
6,1505,1511,0.15393891963588685
6,1502,1508,0.15393600894761394
6,1494,1500,0.15393337371013163
7,1504,1511,0.1539309848037837
7,1503,1510,0.1539256973878798
8,1505,1513,0.153920900167798
8,1512,1520,0.1539133289334625
8,1498,1506,0.1539064528058357
7,1503,1510,0.15390020198487925
7,1517,1524,0.1538967913602685
7,1523,1530,0.15389374617490573
7,1514,1521,0.15389102457511172
7,1511,1518,0.153888589701023
7,1499,1506,0.15388640907586598
8,1514,1522,0.1538844540710996
9,1508,1517,0.15387950568927075
9,1497,1506,0.15387177244235592
9,1510,1519,0.1538647723009933
9,1518,1527,0.1538584315100031
9,1520,1529,0.15385268410095748
9,1523,1532,0.15384747103928498
9,1521,1530,0.15384273946737534
9,1514,1523,0.15383844203265865
10,1508,1518,0.15383453629091792
9,1508,1517,0.15382790226693424
9,1511,1520,0.1538241831938019
8,1521,1529,0.15382086260175767
8,1500,1508,0.15382022395408956
7,1502,1509,0.15381975447023083
9,1507,1516,0.15382185213180027
10,1505,1515,0.15381826645228258
10,1507,1517,0.1538121199386945
10,1493,1503,0.15380660718869962
11,1498,1509,0.15380166068441065
10,1504,1514,0.15379333625476452
10,1485,1495,0.1537881948090047
12,1480,1492,0.1537836878116233
12,1484,1496,0.1537737233549907
13,1477,1490,0.1537640338266869
13,1494,1507,0.15375252607716516
13,1498,1511,0.15374218910380033
12,1506,1518,0.1537328973217426
11,1496,1507,0.1537270830511117
12,1498,1510,0.15372425616189403
10,1506,1516,0.1537190451079138
9,1511,1520,0.15371960663905382
9,1514,1523,0.15372262381331134
9,1504,1513,0.15372563040312412
7,1507,1514,0.1537285943164783
7,1500,1507,0.15373629107879766
6,1498,1504,0.15374361601191722
7,1495,1502,0.15375298991855627
8,1510,1518,0.15375937348701163
8,1518,1526,0.15376278003267613
9,1511,1520,0.15376607187391284
9,1519,1528,0.15376617994783234
9,1500,1509,0.15376644908002085
9,1508,1517,0.15376684935546892
8,1501,1509,0.15376735507002276
8,1514,1522,0.15377044620517222
8,1513,1521,0.15377343426952927
7,1510,1517,0.15377631469844402
6,1520,1526,0.15378149174084674
6,1507,1513,0.15378875502716005
6,1524,1530,0.15379562125832705
6,1526,1532,0.15380210827758745
5,1521,1526,0.15380823365929427
5,1507,1512,0.15381634378566997
5,1504,1509,0.1538239843508224
4,1498,1502,0.1538311793527734
4,1504,1508,0.1538403243014875
4,1528,1532,0.15384892878088105
4,1529,1533,0.15385702308900587
4,1518,1522,0.1538646360303021
4,1514,1518,0.1538717949624408
4,1514,1518,0.15387852584567582
4,1513,1517,0.15388485329391005
3,1506,1509,0.153890800626807
3,1508,1511,0.1538986846481033
3,1509,1512,0.15390609304247327
3,1496,1499,0.15391305364106186
3,1508,1511,0.15391959275378914
2,1510,1512,0.15392573523892406
1,1510,1511,0.153933784133251
1,1507,1508,0.1539438065532183
2,1515,1517,0.15395322018687316
2,1522,1524,0.15395891676837825
2,1524,1526,0.15396436397747248
2,1514,1516,0.1539695656893146
3,1515,1518,0.15397452685060126
3,1520,1523,0.15397619904231027
3,1527,1530,0.15397791678623782
3,1522,1525,0.15397965974725086
3,1518,1521,0.15398141093912643
3,1516,1519,0.1539831562645695
3,1517,1520,0.15398488411460104
4,1520,1524,0.15398658501982382
3,1509,1512,0.153985024719696
4,1521,1525,0.1539868461827672
4,1523,1527,0.1539853945105558
4,1526,1530,0.1539841805977772
4,1525,1529,0.15398317152432273
4,1516,1520,0.15398233869293024
5,1515,1520,0.15398165727044572
5,1509,1514,0.15397784885676596
4,1503,1507,0.15397445674307889
4,1511,1515,0.1539737869533393
4,1508,1512,0.15397329295177895
4,1508,1512,0.15397294807486028
4,1513,1517,0.15397272917423183
4,1519,1523,0.15397261617713234
4,1522,1526,0.15397259170067784
3,1527,1530,0.15397264071346037
3,1535,1538,0.15397528455263168
3,1525,1528,0.1539778085835196
3,1510,1513,0.15398021500987796
3,1512,1515,0.1539825065056432
3,1519,1522,0.153984686116096
3,1525,1528,0.15398675717310314
3,1525,1528,0.1539887232226625
3,1518,1521,0.1539905879631855
3,1507,1510,0.15399235519314142
3,1502,1505,0.1539940287668527
3,1507,1510,0.1539956125573778
4,1521,1525,0.15399711042554698
4,1514,1518,0.15399536505698966
4,1515,1519,0.15399383333670635
4,1513,1517,0.15399248905295454
4,1511,1515,0.15399130922766843
4,1516,1520,0.1539902737148555
4,1515,1519,0.15398936484920944
3,1519,1522,0.1539885671386199
3,1524,1527,0.153990164445246
2,1518,1520,0.153991706658551
2,1511,1513,0.15399580741896524
2,1515,1517,0.15399966255512482
2,1515,1517,0.15400328601825528
2,1505,1507,0.15400669107317297
3,1518,1521,0.15400989031661397
2,1513,1515,0.15400979399298337
2,1510,1512,0.15401208549693152
2,1525,1527,0.15401431953546424
2,1515,1517,0.1540164899266438
2,1513,1515,0.1540185919939778
2,1499,1501,0.15402062234404412
2,1491,1493,0.15402257867270344
2,1509,1511,0.15402445959643551
2,1523,1525,0.15402626450574236
2,1524,1526,0.15402799343792214
2,1506,1508,0.15402964696683535
2,1503,1505,0.15403122610756717
2,1501,1503,0.15403273223413821
2,1508,1510,0.15403416700863626
2,1517,1519,0.15403553232033587
2,1513,1515,0.15403683023354475
3,1515,1518,0.15403806294306643
3,1514,1517,0.15403604182381728
3,1519,1522,0.15403425366146764
3,1509,1512,0.154032670385752
3,1528,1531,0.15403126741173317
3,1522,1525,0.15403002319822656
3,1515,1518,0.15402891886295308
3,1527,1530,0.15402793784706031
2,1523,1525,0.154027065622613
2,1532,1534,0.1540289662601778
2,1520,1522,0.15403075668474195
2,1509,1511,0.15403244273618383
2,1508,1510,0.1540340300172323
2,1488,1490,0.1540355238928685
2,1503,1505,0.15403692949160022
2,1513,1515,0.1540382517082753
2,1510,1512,0.1540394952081491
2,1519,1521,0.15404066443195827
2,1516,1518,0.15404176360178973
2,1514,1516,0.15404279672756377
2,1516,1518,0.15404376761397648
2,1512,1514,0.15404467986777065
2,1517,1519,0.15404553690522296
2,1502,1504,0.1540463419597556
2,1519,1521,0.1540470980895923
2,1507,1509,0.15404780818539465
2,1505,1507,0.15404847497782492
2,1517,1519,0.15404910104499087
2,1511,1513,0.15404968881973827
2,1515,1517,0.1540502405967617
2,1520,1522,0.15405075853951306
2,1520,1522,0.1540512446868901
2,1522,1524,0.15405170095969387
2,1517,1519,0.1540521291668462
2,1516,1518,0.15405253101136268
2,1526,1528,0.15405290809607844
2,1530,1532,0.15405326192912727
2,1520,1522,0.15405359392917556
1,1514,1515,0.15405390543041406
1,1499,1500,0.1540565180608576
1,1506,1507,0.15405897210810468
1,1517,1518,0.15406127685884013
1,1506,1507,0.1540634411058263
1,1516,1517,0.15406547316675342
1,1521,1522,0.15406738090357067
1,1528,1529,0.15406917174204154
1,1522,1523,0.15407085269131243
1,1519,1520,0.1540724303633244
1,1509,1510,0.15407391099193116
1,1492,1493,0.15407530045161485
2,1505,1507,0.15407660427571657
2,1507,1509,0.15407492688096786
2,1510,1512,0.15407341703041066
2,1502,1504,0.15407205712761624
2,1505,1507,0.15407083148578354
2,1525,1527,0.15406972611650602
2,1524,1526,0.15406872854212253
2,1516,1518,0.154067827629014
2,1518,1520,0.1540670134394994
2,1523,1525,0.15406627710024862
2,1515,1517,0.15406561068536123
1,1517,1518,0.15406500711246912
1,1519,1520,0.15406693390429702
1,1516,1517,0.15406874438540114
1,1525,1526,0.1540704452563512
1,1509,1510,0.15407204287893472
1,1508,1509,0.1540735432861513
1,1514,1515,0.1540749521931289
1,1518,1519,0.15407627500869137
1,1526,1527,0.15407751684735513
1,1526,1527,0.15407868254156823
1,1519,1520,0.15407977665404107
1,1522,1523,0.15408080349004522
1,1514,1515,0.15408176710957952
1,1516,1517,0.15408267133932538
1,1517,1518,0.15408351978432697
1,1514,1515,0.1540843158393493
1,1516,1517,0.15408506269987726
1,1509,1510,0.15408576337272917
1,1518,1519,0.15408642068626752
1,1512,1513,0.15408703730019518
1,1507,1508,0.15408761571493204
1,1494,1495,0.15408815828057132
1,1509,1510,0.15408866720541886
1,1517,1518,0.15408914456412076
1,1527,1528,0.15408959230538855
1,1528,1529,0.1540900122593318
1,1520,1521,0.15409040614441044
1,1513,1514,0.15409077557401837
1,1512,1513,0.15409112206271375
1,1517,1518,0.1540914470321079
1,1523,1524,0.15409175181642906
1,1518,1519,0.15409203766777368
1,1501,1502,0.15409230576106064
2,1511,1513,0.1540925571987021
3,1520,1523,0.15408956140763316
3,1527,1530,0.15408362898414152
3,1533,1536,0.15407824915896307
3,1523,1526,0.1540733655574038
3,1511,1514,0.15406892798147312
3,1517,1520,0.1540648916984582
3,1508,1511,0.1540612168141673
3,1506,1509,0.15405786772055005
3,1500,1503,0.15405481260867326
3,1490,1493,0.15405202303913895
3,1511,1514,0.15404947356300552
3,1502,1505,0.1540471413871231
2,1493,1495,0.15404500607854124
2,1514,1516,0.15404562122538273
2,1509,1511,0.15404622516690325
2,1532,1534,0.15404681539789122
2,1528,1530,0.15404738995100584
2,1522,1524,0.15404794731748594
2,1533,1535,0.15404848637831453
2,1527,1529,0.15404900634451973
2,1526,1528,0.15404950670545742
2,1525,1527,0.1540499871840629
2,1514,1516,0.15405044769818466
2,1507,1509,0.1540508883272241
2,1518,1520,0.154051309283401
2,1509,1511,0.15405171088704933
1,1509,1510,0.15405209354542215
1,1512,1513,0.1540548809323962
1,1526,1527,0.15405750348107788
1,1524,1525,0.15405997035432184
1,1519,1520,0.1540622902872163
1,1518,1519,0.15406447159520076
1,1520,1521,0.1540665221840607
1,1514,1515,0.154068449561378
1,1504,1505,0.15407026084908235
1,1519,1520,0.15407196279680258
1,1515,1516,0.15407356179576623
1,1510,1511,0.1540750638930365
1,1505,1506,0.15407647480591102
1,1514,1515,0.15407779993633824
1,1514,1515,0.15407904438523215
1,1514,1515,0.15408021296658958
1,1526,1527,0.15408131022133242
1,1525,1526,0.1540823404308145
1,1522,1523,0.15408330762994493
1,1533,1534,0.15408421561989313
1,1528,1529,0.15408506798035007
1,1527,1528,0.1540858680813269
1,1527,1528,0.154086619094482
1,1526,1527,0.15408732400397088
1,1521,1522,0.15408798561681816
1,1526,1527,0.15408860657281703
1,1522,1523,0.1540891893539611
1,1504,1505,0.15408973629341954
1,1514,1515,0.15409024958406595
1,1523,1524,0.15409073128657436
1,1524,1525,0.1540911833370959
1,1528,1529,0.15409160755453152
1,1527,1528,0.15409200564741546
1,1513,1514,0.15409237922042573
1,1515,1516,0.15409272978053754
2,1510,1512,0.15409305874283447
2,1507,1509,0.15409015679669336
2,1498,1500,0.15408753174853784
2,1495,1497,0.15408515405937837
2,1497,1499,0.15408299762126293
2,1500,1502,0.1540810393357302
1,1507,1508,0.15407925874584516
1,1494,1495,0.15407999294643535
0,1492,1492,0.15408072609903986
