1380,30,1410,0.13579577463491788
1416,27,1443,0.1329134449415371
1422,28,1450,0.1301927284226415
1434,29,1463,0.12770398087678314
1443,31,1474,0.1254072332253379
1442,31,1473,0.12329396359074492
1439,35,1474,0.12137490441670998
1441,35,1476,0.1196367164982128
1440,30,1470,0.11805078520265848
1438,30,1468,0.11661282643947979
1439,32,1471,0.11530818105441001
1443,31,1474,0.11411868148001023
1442,31,1473,0.11302755631399858
1455,34,1489,0.11203711543944499
1456,35,1491,0.11110333471999047
1460,32,1492,0.11025251941439397
1467,33,1500,0.1094698488059366
1465,30,1495,0.10874193097158312
1470,29,1499,0.10808247417858777
1473,27,1500,0.10747103602050746
1465,28,1493,0.106907588258215
1463,27,1490,0.10641486038058788
1479,27,1506,0.10597451199745823
1478,27,1505,0.10553385083955906
1468,25,1493,0.10513388672499589
1473,24,1497,0.10479387343676282
1478,24,1502,0.1044710920548862
1473,25,1498,0.10416842315207892
1466,25,1491,0.1039044245149833
1462,23,1485,0.10368056258159719
1480,23,1503,0.10348531272662122
1473,23,1496,0.10326689271295052
1484,23,1507,0.10308314672762114
1484,23,1507,0.10288908455112916
1489,23,1512,0.10271405313971205
1492,23,1515,0.10254410385691581
1497,23,1520,0.10238418677622713
1492,22,1514,0.10222765916031502
1499,21,1520,0.10209566405060101
1499,21,1520,0.10195767606536464
1489,20,1509,0.101831857986416
1491,19,1510,0.10174041898699038
1470,20,1490,0.10165292256717468
1466,20,1486,0.10162040929956115
1468,20,1488,0.10159935718378361
1455,21,1476,0.10157595038345932
1465,20,1485,0.1015850070837967
1470,20,1490,0.1015732879529467
1464,19,1483,0.10154940923619823
1461,21,1482,0.10154172838824824
1460,22,1482,0.10154150288571089
1473,25,1498,0.1015430406280098
1473,25,1498,0.10151324807290144
1471,28,1499,0.10148761441135172
1470,25,1495,0.10146849051452275
1471,27,1498,0.10145437090394516
1467,27,1494,0.10143895614745317
1466,27,1493,0.10143387315746757
1453,29,1482,0.10143119532192475
1447,29,1476,0.10145668981018366
1454,28,1482,0.10149568982867063
1457,28,1485,0.10151852676383642
1461,29,1490,0.10153352071490032
1457,28,1485,0.10153634192665173
1460,29,1489,0.10154905229140593
1466,33,1499,0.10155373707092057
1463,31,1494,0.10154342007616585
1459,31,1490,0.10154023802767831
1467,30,1497,0.1015484564599004
1469,29,1498,0.1015373813268195
1473,30,1503,0.10152225991201327
1467,31,1498,0.10149854022283097
1469,31,1500,0.10149154065660024
1465,32,1497,0.10148066041042483
1456,30,1486,0.10147975747432358
1462,32,1494,0.10149892828575463
1461,35,1496,0.10150543358688437
1458,35,1493,0.10151227748838988
1455,35,1490,0.10152677208476256
1449,37,1486,0.10154856140686913
1463,39,1502,0.10158073636653836
1440,38,1478,0.10157923881904045
1456,39,1495,0.10162963941007408
1460,37,1497,0.10164080829754357
1473,37,1510,0.10163990154817806
1471,37,1508,0.10160998077555998
1471,36,1507,0.10158556768056037
1464,35,1499,0.10156496823950728
1466,33,1499,0.10156226100650251
1453,33,1486,0.1015554896338104
1453,33,1486,0.10157699972284362
1471,34,1505,0.1015975138850877
1447,35,1482,0.10157584013516702
1451,32,1483,0.1016103309846282
1450,30,1480,0.10163152868021168
1449,32,1481,0.10165228644353358
1453,31,1484,0.1016761872542681
1453,30,1483,0.10168887541073104
1458,29,1487,0.10170041456607144
1460,29,1489,0.10169927511874312
1458,28,1486,0.10169199327124158
1466,28,1494,0.1016894136097874
1465,28,1493,0.10166818298670233
1458,28,1486,0.10165230937800963
1462,29,1491,0.10165433784723213
1455,31,1486,0.10164800196381236
1450,29,1479,0.10165773611980576
1451,30,1481,0.10167814914411405
1452,30,1482,0.10169488332940257
1466,30,1496,0.10170962722497082
1462,29,1491,0.10169315465264532
1447,30,1477,0.1016847434851793
1455,29,1484,0.10170898894796465
1454,25,1479,0.10171426960762289
1454,25,1479,0.10172165643529706
1462,27,1489,0.10172793034851647
1474,27,1501,0.10171551501897662
1482,27,1509,0.10167596136066212
1480,25,1505,0.10162070632286863
1478,25,1503,0.10157371904332888
1476,25,1501,0.10153568301340155
1479,25,1504,0.10150703284105468
1470,26,1496,0.10147276326853351
1470,26,1496,0.10146220857561136
1470,25,1495,0.10145272643692825
1468,26,1494,0.10144511382805725
1468,28,1496,0.1014414419330204
1467,28,1495,0.10143888559724747
1472,28,1500,0.1014404364957355
1460,28,1488,0.10143200296232191
1458,26,1484,0.1014506479315616
1456,26,1482,0.10147109871238123
1461,25,1486,0.10149152291140684
1467,25,1492,0.10149857535974484
1483,26,1509,0.10149132984660202
1484,24,1508,0.10144941980670368
1472,24,1496,0.10140804658328677
1479,24,1503,0.10139689119329756
1473,24,1497,0.10136977476885085
1460,24,1484,0.10136086894883058
1449,24,1473,0.10138110408313451
1462,24,1486,0.10142506090409817
1464,23,1487,0.1014371624601884
1449,25,1474,0.10144487370063376
1474,25,1499,0.10148550171249301
1474,29,1503,0.10146665594236716
1470,28,1498,0.10145026612966798
1465,28,1493,0.10144503593306203
1479,30,1509,0.10145099515736421
1470,31,1501,0.10142373601963087
1477,31,1508,0.10141890663513356
1482,31,1513,0.1013996591417623
1486,29,1515,0.10137127863713094
1490,31,1521,0.10133742238644171
1489,31,1520,0.1012970451500517
1497,30,1527,0.1012612955709098
1485,29,1514,0.10121083574525885
1481,29,1510,0.10119235554402352
1479,29,1508,0.10118428860257232
1472,30,1502,0.10118188507201693
1467,32,1499,0.10119589933833092
1464,32,1496,0.10121886058804584
1465,30,1495,0.10124701084442979
1475,29,1504,0.10127157870847688
1463,30,1493,0.10127059739633915
1471,31,1502,0.1012954649647472
1462,29,1491,0.10129821372367229
1460,30,1490,0.10132194656352367
1460,33,1493,0.10134856863061785
1461,36,1497,0.10137415467378993
1460,37,1497,0.10139557462923827
1450,35,1485,0.10141743927315776
1452,35,1487,0.10145962486022053
1458,34,1492,0.10149610012416785
1459,35,1494,0.10151823448694806
1454,35,1489,0.10153581384307589
1450,33,1483,0.10156291582856315
1455,34,1489,0.1015976867718673
1451,34,1485,0.10161855049192646
1448,35,1483,0.10164518128459296
1449,35,1484,0.10167673139040392
1455,34,1489,0.10170168215719895
1450,34,1484,0.10171257479550182
1444,35,1479,0.1017344746898658
1450,36,1486,0.10176702552643181
1454,36,1490,0.10178493459694798
1465,35,1500,0.10179081003176649
1464,32,1496,0.10177094658951233
1456,33,1489,0.10175348577256076
1453,33,1486,0.10175573506190594
1448,33,1481,0.10176381091201599
1443,32,1475,0.1017814813542115
1443,32,1475,0.10180927620627114
1449,32,1481,0.10183577779513091
1458,31,1489,0.10184447010907637
1462,30,1492,0.1018319131705885
1462,33,1495,0.10181325445106815
1456,34,1490,0.10179680264918346
1467,35,1502,0.10179530703454669
1460,36,1496,0.10176976831527591
1455,36,1491,0.10176329368751012
1449,37,1486,0.10176734991776136
1453,37,1490,0.10178372886738973
1451,37,1488,0.10179256975644868
1455,37,1492,0.10180727866087701
1452,38,1490,0.10181174979062568
1457,39,1496,0.10182094671593077
1451,39,1490,0.10181644835198501
1458,40,1498,0.10182578711228268
1449,40,1489,0.1018196253329786
1444,39,1483,0.10183551718205991
1445,37,1482,0.10186136535486467
1445,39,1484,0.10188379857339826
1443,38,1481,0.10190455432108138
1452,40,1492,0.10192861963929971
1463,40,1503,0.10193126126215635
1462,40,1502,0.1019076061754477
1457,40,1497,0.10188755728944632
1457,40,1497,0.1018811541961415
1455,42,1497,0.1018754901851926
1454,41,1495,0.10187402808182307
1455,41,1496,0.10187307035842956
1454,40,1494,0.10187111820230829
1464,41,1505,0.10187172691430661
1458,40,1498,0.10185085865063752
1447,43,1490,0.10184539356714808
1457,44,1501,0.10186566019637495
1459,45,1504,0.10186227719617306
1461,47,1508,0.10185459022087255
1458,47,1505,0.10184462215274696
1463,45,1508,0.10184088547305091
1463,45,1508,0.10182717283541022
1459,43,1502,0.10181303663656316
1463,40,1503,0.10181085489861892
1457,42,1499,0.10180036770540266
1457,42,1499,0.10180458811472701
1448,41,1489,0.10180896207155044
1456,44,1500,0.10183149649494556
1458,44,1502,0.10183450886332426
1447,46,1493,0.1018342411269635
1435,47,1482,0.10185720484490116
1443,45,1488,0.10190453289207216
1443,45,1488,0.101931010806526
1457,45,1502,0.10195508789032258
1452,47,1499,0.101946579272945
1451,46,1497,0.1019520452881128
1462,47,1509,0.10195891622805481
1459,47,1506,0.10193885028349765
1474,48,1522,0.10192822942005339
1471,46,1517,0.10188456704776967
1463,47,1510,0.1018493689030747
1443,48,1491,0.10183505534180984
1464,46,1510,0.10186524439583784
1448,48,1496,0.10184704185750902
1438,47,1485,0.1018673144859437
1433,46,1479,0.10190822471852182
1436,46,1482,0.10195907769843446
1438,48,1486,0.10199853542778403
1445,52,1497,0.10203058576223396
1436,53,1489,0.10204491585580364
1448,54,1502,0.1020763145372116
1439,54,1493,0.10207958449323629
1447,53,1500,0.10210199467411651
1446,53,1499,0.1021047326921373
1447,51,1498,0.10211056982982104
1453,52,1505,0.10211421615094174
1447,51,1498,0.10210345673733766
1449,52,1501,0.10210793025570744
1451,51,1502,0.1021063300239852
1455,51,1506,0.10210062589675983
1445,48,1493,0.1020882981962492
1442,46,1488,0.1020958662636966
1442,47,1489,0.1021096430876376
1446,45,1491,0.10212383045383554
1449,45,1494,0.10212917675218298
1454,45,1499,0.10212634099274503
1459,46,1505,0.10210982134756125
1452,46,1498,0.10208211603468112
1442,48,1490,0.10207299722976136
1453,47,1500,0.10208832306082702
1456,46,1502,0.10207801688508213
1455,46,1501,0.10206263468682368
1450,49,1499,0.102049929056254
1457,47,1504,0.1020497618761771
1459,48,1507,0.10203334212665194
1452,48,1500,0.10201436439993594
1451,48,1499,0.10201362559340858
1447,49,1496,0.10201767375335939
1452,52,1504,0.10203060317519745
1454,51,1505,0.10202976775510005
1444,50,1494,0.10202443096937194
1431,50,1481,0.10204182729411922
1421,50,1471,0.1020863865463334
1433,47,1480,0.10214969702191544
1448,49,1497,0.10218125969732939
1449,51,1500,0.10217539144463103
1444,51,1495,0.1021663216953865
1445,51,1496,0.10216854392652255
1446,52,1498,0.10216889220818065
1447,51,1498,0.1021681075355783
1448,48,1496,0.10216516601698107
1452,48,1500,0.10216065284390768
1454,47,1501,0.10214728009203144
1450,46,1496,0.10213082186115019
1444,46,1490,0.10212419722701055
1455,49,1504,0.10213191226559845
1435,47,1482,0.10211446320439635
1435,48,1483,0.10214130447483026
1444,47,1491,0.10216620432398649
1450,47,1497,0.10216898031664652
1457,47,1504,0.1021589490905599
1445,46,1491,0.10213508933622396
1446,47,1493,0.10213919335956595
1439,46,1485,0.10214137918962375
1433,46,1479,0.1021587884747424
1442,43,1485,0.10218812133956273
1444,43,1487,0.10219317363921576
1449,43,1492,0.10219457373573558
1462,43,1505,0.1021848188733939
1443,42,1485,0.1021462610569236
1461,42,1503,0.10215356678831299
1442,42,1484,0.10211808811277667
1445,43,1488,0.10212671844697732
1446,42,1488,0.10212946075626476
1460,41,1501,0.10213031383651906
1464,41,1505,0.10209691892063155
1448,41,1489,0.10205779136754316
1444,43,1487,0.1020579112522353
1443,42,1485,0.10206655623505785
1438,43,1481,0.1020769278137204
1436,45,1481,0.10209993114694509
1440,45,1485,0.10212633311954444
1441,43,1484,0.10214178887399931
1466,43,1509,0.10215393091819643
1471,46,1517,0.10210901178689653
1463,46,1509,0.10205615307203565
1458,47,1505,0.1020263927905516
1466,46,1512,0.10201036147793192
1451,45,1496,0.10197593292802248
1454,45,1499,0.10197800057807205
1439,45,1484,0.10197452444271217
1436,49,1485,0.1020052529532837
1438,48,1486,0.10204119839050964
1453,48,1501,0.10206985721047357
1452,47,1499,0.10206200371936806
1452,47,1499,0.10205625927432198
1461,48,1509,0.1020506846900868
1451,49,1500,0.10202708452251137
1451,48,1499,0.1020273513219117
1461,46,1507,0.10202586433037512
1449,46,1495,0.10200104199277832
1452,47,1499,0.10200556689037331
1455,45,1500,0.10200473263100111
1450,44,1494,0.10199596310536911
1451,45,1496,0.10199979733214803
1461,46,1507,0.10200045251387113
1445,47,1492,0.10197878542907077
1441,48,1489,0.10199443984003864
1451,49,1500,0.10201744470682683
1457,49,1506,0.10201635746602117
1450,49,1499,0.10200362391095809
1449,46,1495,0.10200755163698405
1454,49,1503,0.10201468001850664
1448,50,1498,0.10200947846477643
1443,50,1493,0.10201917452242473
1459,52,1511,0.10203751281388077
1453,51,1504,0.10201869672673985
1461,51,1512,0.10201486725958546
1448,52,1500,0.10199243905945816
1451,50,1501,0.102001947728676
1423,50,1473,0.10200362771308026
1428,50,1478,0.10206831398003878
1435,48,1483,0.10211884299639767
1443,45,1488,0.10214775509778772
1433,48,1481,0.10215510079327535
1442,48,1490,0.10218366630243433
1435,52,1487,0.1021909904750436
1431,52,1483,0.10221362919105427
1433,52,1485,0.102243731754874
1441,51,1492,0.10226656110805521
1445,51,1496,0.10226993758419485
1448,53,1501,0.10226415231245946
1445,51,1496,0.10225417358832915
1446,54,1500,0.10224962913655947
1443,53,1496,0.10224287732643976
1450,50,1500,0.10224310225975702
1447,49,1496,0.10222850660415574
1445,49,1494,0.102221196575716
1458,49,1507,0.1022205600495752
1443,50,1493,0.10218989838849815
1441,49,1490,0.10219363508542909
1449,50,1499,0.10220413439980752
1454,50,1504,0.10219534283555923
1446,53,1499,0.10217638303742678
1444,51,1495,0.10217594935173042
1448,51,1499,0.10218007609934254
1445,51,1496,0.10217633860384204
1438,54,1492,0.10217831424700051
1424,53,1477,0.10219571865588542
1429,49,1478,0.10224448876899375
1438,53,1491,0.10228041414735302
1437,55,1492,0.10229245531834621
1443,56,1499,0.10230471847914863
1436,55,1491,0.10230262450742393
1438,56,1494,0.1023154714468652
1442,56,1498,0.10232553783732394
1440,57,1497,0.10232679825815212
1434,56,1490,0.10232950706993642
1423,57,1480,0.10234574301328646
1422,56,1478,0.10238701699207503
1422,59,1481,0.10242794776630772
1428,61,1489,0.10246635795222751
1429,64,1493,0.10248844812662378
1436,64,1500,0.10250607391117594
1442,65,1507,0.10250615105794701
1442,63,1505,0.10249157579567228
1428,62,1490,0.10248012029082439
1432,62,1494,0.10250154616252402
1432,58,1490,0.1025123818876223
1425,60,1485,0.10252284349860379
1437,60,1497,0.10254867005189677
1435,59,1494,0.10254457089565779
1441,62,1503,0.10254429266330713
1430,60,1490,0.10252944671918433
1439,60,1499,0.10254027212346514
1439,61,1500,0.1025318180227206
1434,59,1493,0.1025271047538655
1429,58,1487,0.10253420893229365
1428,63,1491,0.1025509270522215
1432,64,1496,0.10257048076509491
1429,66,1495,0.10257769927202269
1427,63,1490,0.1025910917972793
1423,64,1487,0.1026081399367628
1425,64,1489,0.10262991944045993
1429,66,1495,0.10264557426030084
1434,66,1500,0.10265303748266934
1439,69,1508,0.1026490929100111
1438,68,1506,0.10263198136718993
1429,67,1496,0.10261945756299877
1431,65,1496,0.10262951925581977
1429,66,1495,0.10263554828321521
1432,70,1502,0.1026455783989255
1433,70,1503,0.10264564327362237
1423,69,1492,0.10264500455140191
1423,73,1496,0.10266756601744621
1409,74,1483,0.10268907424747539
1412,74,1486,0.10273971145585001
1422,71,1493,0.10278127973851432
1410,70,1480,0.10279743739808918
1413,72,1485,0.10283822833178542
1419,70,1489,0.1028675068186971
1419,72,1491,0.10288138275111958
1417,72,1489,0.10289273584502229
1427,72,1499,0.10290931165760853
1416,71,1487,0.10290283378358481
1419,75,1494,0.10292050538504832
1418,75,1493,0.10292858521408632
1403,72,1475,0.10294045786736941
1410,73,1483,0.10298554327648951
1423,72,1495,0.10301136537580988
1428,71,1499,0.10300585762658593
1424,73,1497,0.10299069884956503
1433,72,1505,0.10298645471571298
1425,71,1496,0.10296091721725027
1425,70,1495,0.10295370149580663
1425,68,1493,0.10294739790459015
1433,67,1500,0.10294233577113537
1419,66,1485,0.10291933300326693
1428,65,1493,0.10292734046997046
1429,64,1493,0.10291480998658904
1430,63,1493,0.1029011105009417
1432,66,1498,0.10288470731839101
1436,68,1504,0.10286665906597278
1438,69,1507,0.10284061950490325
1445,70,1515,0.10281327383782322
1439,70,1509,0.10277307676541653
1438,68,1506,0.10275029446397455
1426,71,1497,0.1027331194988482
1414,70,1484,0.10274409320440224
1421,71,1492,0.10278026076366992
1419,71,1490,0.10279681912075088
1424,71,1495,0.10281634303980733
1421,70,1491,0.10282261337347984
1416,67,1483,0.10283617569409896
1423,68,1491,0.1028589513809506
1425,65,1490,0.10286203344369418
1439,68,1507,0.10286172634145146
1447,70,1517,0.10283061526854528
1435,72,1507,0.102785351903321
1433,70,1503,0.1027707730410934
1412,70,1482,0.10275921017278362
1421,70,1491,0.102795032549698
1431,69,1500,0.10280875088585745
1427,70,1497,0.1027998999550353
1437,74,1511,0.102800212905842
1429,73,1502,0.10277817152056133
1420,75,1495,0.10277735563948308
1409,75,1484,0.10279782509011756
1408,75,1483,0.1028421407647718
1411,75,1486,0.10288554256216663
1410,78,1488,0.10291843850112865
1412,78,1490,0.10294970473128741
1418,75,1493,0.10297215067236841
1424,77,1501,0.10298026697845288
1432,78,1510,0.10297469322864927
1421,76,1497,0.10295062259084288
1416,77,1493,0.1029533562939692
1426,76,1502,0.10296760241422166
1421,75,1496,0.10295675318605749
1429,73,1502,0.102956666538729
1418,72,1490,0.10293739121739465
1420,69,1489,0.10294361573828585
1417,71,1488,0.10294499227571105
1430,76,1506,0.10295511673147885
1436,77,1513,0.10293580801144689
1440,77,1517,0.10290669876460873
1427,78,1505,0.10287156684390776
1422,78,1500,0.10286851265980346
1422,79,1501,0.10287776341460404
1422,79,1501,0.10288683440045976
1415,77,1492,0.10289693698731364
1416,75,1491,0.10292156369446519
1410,77,1487,0.10294118343991675
1408,77,1485,0.10297194667916788
1405,77,1482,0.10300425920637825
1403,76,1479,0.10303997887777396
1416,77,1493,0.10307770287624735
1415,76,1491,0.10308538280457072
1418,78,1496,0.10309585009711819
1413,77,1490,0.1030971681215969
1394,80,1474,0.10310817666001752
1387,83,1470,0.10316160112816633
1400,88,1488,0.10322721745704237
1392,90,1482,0.10325941736964638
1381,91,1472,0.10330649265626299
1392,94,1486,0.10337783953784146
1384,96,1480,0.10341838747945527
1398,98,1496,0.10347397949484644
1405,97,1502,0.10349579842547492
1402,99,1501,0.10349990315551728
1398,102,1500,0.10351112295132267
1394,102,1496,0.10353057205682845
1405,101,1506,0.10355845256331796
1385,104,1489,0.10355994075256984
1387,105,1492,0.10360516371034934
1387,100,1487,0.10364140358961269
1390,100,1490,0.10367486346756057
1400,100,1500,0.10370137420570492
1404,98,1502,0.10370548595079888
1400,96,1496,0.10370030176526662
1398,98,1496,0.10370198447441815
1396,99,1495,0.10370780825500077
1410,99,1509,0.10371832744269514
1411,97,1508,0.10369603935265818
1408,97,1505,0.10367334768685237
1409,101,1510,0.10365770195183689
1394,98,1492,0.10364138711848629
1395,100,1495,0.10365987545722223
1382,99,1481,0.10367616819836878
1381,101,1482,0.10372133138145333
1380,102,1482,0.10376396160475258
1398,102,1500,0.10380444092015473
1397,104,1501,0.1038007753255394
1387,99,1486,0.103800723396801
1394,102,1496,0.10382161172778917
1394,100,1494,0.10382564293881369
1390,102,1492,0.10382981128444517
1387,103,1490,0.1038431341323188
1392,101,1493,0.10386305825964857
1393,105,1498,0.10387004430884059
1390,105,1495,0.10387553412365376
1387,105,1492,0.10388643797908291
1396,108,1504,0.10390385024585949
1393,105,1498,0.1038992787487071
1392,108,1500,0.1039022864809387
1392,107,1499,0.10390798334794348
1380,111,1491,0.10391187717912122
1377,110,1487,0.10394227222587908
1392,110,1502,0.10397854396684263
1378,115,1493,0.10397907268046687
1389,116,1505,0.10401073356896134
1391,118,1509,0.10401645391336375
1390,117,1507,0.10401780329626305
1378,117,1495,0.10402069290140041
1378,115,1493,0.10405160777179683
1373,117,1490,0.10407925524442453
1376,118,1494,0.10411701034399325
1389,118,1507,0.1041474371484446
1382,119,1501,0.10414565061970685
1377,122,1499,0.10415965691334733
1370,125,1495,0.10418464462504487
1378,123,1501,0.10422203706630913
1379,119,1498,0.10423897933103429
1368,122,1490,0.10425215771163408
1369,122,1491,0.10429057540339962
1351,121,1472,0.10432443198661905
1352,122,1474,0.10439372179508205
1367,122,1489,0.10445707862996334
1367,120,1487,0.1044803850218619
1365,123,1488,0.10449921595232282
1378,123,1501,0.10452198870297721
1372,126,1498,0.10451100737081266
1376,131,1507,0.10451771999498222
1371,131,1502,0.10451690387558568
1364,134,1498,0.10452986411172958
1361,134,1495,0.10455871595330456
1352,132,1484,0.10459330020082774
1354,130,1484,0.1046465100175714
1367,128,1495,0.10469010369770064
1355,130,1485,0.10470033521381214
1353,133,1486,0.10473386933195754
1360,132,1492,0.10477071323619935
1348,136,1484,0.10479013747275111
1358,140,1498,0.10483477116779914
1354,139,1493,0.10485545947019795
1342,133,1475,0.1048835390298711
1337,135,1472,0.10493499080709683
1351,134,1485,0.10499287705308681
1345,130,1475,0.10501494063711939
1346,130,1476,0.10504772708712684
1343,132,1475,0.10507581192590873
1344,132,1476,0.10510909317319292
1349,131,1480,0.10513914840416592
1351,131,1482,0.10515358925151226
1350,132,1482,0.1051608177058402
1343,134,1477,0.10517088333069005
1357,130,1487,0.1051980972273135
1364,129,1493,0.105191474817771
1349,130,1479,0.10517111181649234
1352,130,1482,0.10518337559191814
1363,136,1499,0.10518931447825178
1346,138,1484,0.105169887471982
1343,137,1480,0.10518904925349308
1351,138,1489,0.10521271651647407
1351,135,1486,0.10521825727072813
1354,136,1490,0.1052254311214196
1356,133,1489,0.10522455917067326
1352,135,1487,0.1052202913646168
1350,140,1490,0.10522672042812183
1346,144,1490,0.10523374944146653
1348,142,1490,0.10525080991689054
1363,148,1511,0.10526333090704262
1343,149,1492,0.10524185285030932
1326,150,1476,0.10526623233192631
1322,149,1471,0.1053282295449618
1325,144,1469,0.10539635833385813
1330,144,1474,0.10545295319333245
1332,141,1473,0.10549326816334924
1339,142,1481,0.10552359415224427
1330,145,1475,0.10553666569414817
1334,144,1478,0.10556829958613793
1348,149,1497,0.10558729998378308
1336,152,1488,0.10557336596251343
1336,150,1486,0.10558881827303612
1337,145,1482,0.10560337389316723
1347,146,1493,0.10561462229251248
1351,145,1496,0.105603143985312
1347,145,1492,0.10558367286431945
1360,145,1505,0.10557390495744422
1352,143,1495,0.10553514285144244
1344,143,1487,0.10551783199005876
1348,141,1489,0.10551682503420676
1349,142,1491,0.10550666021034787
1360,142,1502,0.10549752558701461
1363,144,1507,0.10546513607137044
1353,143,1496,0.10542841104484406
1327,143,1470,0.10541681943449996
1320,139,1459,0.10546520674028137
1323,139,1462,0.10552480709800266
1338,139,1477,0.10557342654626403
1341,142,1483,0.10558319526647303
1347,144,1491,0.1055861000464333
1350,149,1499,0.10557486643022784
1347,147,1494,0.1055582793959335
1347,148,1495,0.10554986136834206
1361,149,1510,0.10554285232050332
1341,150,1491,0.10550237069645743
1349,147,1496,0.10550976667357106
1349,146,1495,0.10550054968963
1349,147,1496,0.105493169859227
1352,147,1499,0.10548591214997682
1337,148,1485,0.10547352245726867
1341,150,1491,0.1054956261610656
1357,151,1508,0.10550844697069639
1357,152,1509,0.10548518574779651
1333,150,1483,0.10546355253256412
1339,156,1495,0.10549670282596402
1349,155,1504,0.10551141792201252
1345,156,1501,0.1055051183738708
1341,157,1498,0.10550969457677406
1346,155,1501,0.10552305566250215
1359,156,1515,0.1055234763296267
1353,154,1507,0.10549450936428334
1348,154,1502,0.10548207592361099
1334,152,1486,0.10548412454364879
1341,157,1498,0.10551782229204164
1339,156,1495,0.10553385121343052
1325,157,1482,0.10555220286173107
1341,155,1496,0.10560175510613473
1345,155,1500,0.10561230570018373
1345,162,1507,0.10561273691183644
1332,168,1500,0.10561432007698723
1324,174,1498,0.10564587335766688
1321,171,1492,0.10569435128970482
1342,178,1520,0.10574698411257692
1336,175,1511,0.10574935560805891
1332,176,1508,0.1057655621302073
1330,172,1502,0.10578796586678905
1317,171,1488,0.10581221229397744
1317,172,1489,0.1058648685499816
1319,179,1498,0.10591327945259328
1314,183,1497,0.10595404742225537
1306,182,1488,0.10600232595959
1308,178,1486,0.10606431606940568
1307,183,1490,0.10611860726528179
1302,185,1487,0.1061707472188294
1294,186,1480,0.10623036032993678
1300,186,1486,0.10630649514404021
1301,191,1492,0.10636143458075736
1299,192,1491,0.1064119805576575
1311,188,1499,0.10646311484184125
1322,188,1510,0.10648242154922
1317,192,1509,0.10647566751919178
1314,195,1509,0.10648164339600566
1317,197,1514,0.10649505088194883
1311,196,1507,0.10650098846985533
1308,195,1503,0.1065226663118242
1312,195,1507,0.10654993544566099
1307,194,1501,0.10656565556105932
1311,197,1508,0.1065924020043145
1325,193,1518,0.10660792016787081
1325,189,1514,0.10659123487388905
1321,189,1510,0.10657441632202858
1316,192,1508,0.10656600823119898
1319,195,1514,0.10656933470089587
1317,191,1508,0.1065688128291736
1307,190,1497,0.10657392289836524
1312,194,1506,0.1066016406085516
1306,195,1501,0.10661517764986157
1312,196,1508,0.10664229537701196
1312,195,1507,0.10665365540450919
1307,197,1504,0.10666532551994663
1300,198,1498,0.10668548895308572
1301,203,1504,0.10672217263038358
1288,205,1493,0.10675463651837087
1300,205,1505,0.1068124239596851
1306,200,1506,0.10683783632453775
1298,201,1499,0.1068469451490543
1307,200,1507,0.10687366857966744
1305,204,1509,0.10687879622391475
1304,206,1510,0.10688968114042251
1303,205,1508,0.10690208985069512
1282,205,1487,0.10691796480755208
1295,204,1499,0.1069794230713007
1294,205,1499,0.10700808913819959
1288,203,1491,0.10703857599007342
1296,203,1499,0.1070795543326462
1303,206,1509,0.1070987484051835
1294,202,1496,0.10710061220084746
1292,205,1497,0.10712188047774415
1285,201,1486,0.10714412816405094
1299,201,1500,0.10717986617957365
1302,201,1503,0.10718117969266087
1303,201,1504,0.10717720652771424
1294,200,1494,0.10717033266024917
1292,199,1491,0.10718046460369574
1296,202,1498,0.10719518259608105
1280,195,1475,0.10720214266607198
1292,191,1483,0.10724365449387832
1299,196,1495,0.1072544130460708
1300,194,1494,0.10724453200605807
1288,191,1479,0.10723358814222497
1296,192,1488,0.10725109178653552
1303,187,1490,0.10725009716700633
1302,191,1493,0.10722892843990853
1301,196,1497,0.10721378369023063
1295,194,1489,0.10720073167909178
1289,196,1485,0.10720484105525518
1290,195,1485,0.10722172593224812
1306,195,1501,0.10723500834159261
1311,197,1508,0.10721264391026468
1303,199,1502,0.10717857547927104
1309,193,1502,0.1071646158093261
1312,194,1506,0.10713861834874785
1301,190,1491,0.10710841316040223
1311,190,1501,0.10710569298812089
1314,186,1500,0.10707888896399595
1296,186,1482,0.10704688011816636
1305,193,1498,0.10705778426384768
1310,184,1494,0.10704870419122477
1306,185,1491,0.10703017530497501
1308,189,1497,0.10702279326738068
1313,194,1507,0.10701226933279288
1305,194,1499,0.10698986177255268
1312,195,1507,0.1069855297780483
1309,193,1502,0.10696723140203768
1305,193,1498,0.10695959670546273
1303,193,1496,0.10696224819094002
1309,199,1508,0.10696943300728012
1320,197,1517,0.1069640446583664
1317,196,1513,0.10693291847856652
1312,198,1510,0.10690867939259664
1309,199,1508,0.10689974238114086
1307,201,1508,0.10689643548190073
1303,199,1502,0.10689982468680893
1303,203,1506,0.10691011511496415
1297,202,1499,0.10692065654636697
1301,199,1500,0.10694649518892013
1301,199,1500,0.10696165819727939
1284,196,1480,0.10697526799174394
1308,200,1508,0.10702648812511066
1302,197,1499,0.10701862200416537
1294,197,1491,0.1070234568268921
1298,192,1490,0.10704235547662985
1301,192,1493,0.10705207749147785
1310,193,1503,0.10705383952756777
1288,200,1488,0.1070363171553807
1292,202,1494,0.10707101819609617
1305,205,1510,0.1070937248487878
1299,206,1505,0.10708424933096844
1293,201,1494,0.10708915830755995
1288,202,1490,0.10710873142686311
1288,202,1490,0.10713938480289446
1299,198,1497,0.1071660663846956
1299,201,1500,0.10716556650575662
1299,203,1502,0.10716540647781127
1290,205,1495,0.10716441040069842
1286,203,1489,0.1071841634940475
1290,202,1492,0.10720893827337324
1301,204,1505,0.10722320631397085
1307,202,1509,0.10721080245746101
1304,204,1508,0.10718650291321336
1288,202,1490,0.10717271390617551
1286,205,1491,0.10719650666192776
1295,202,1497,0.10722331604930752
1304,205,1509,0.10722808979575628
1284,202,1486,0.10721214994705573
1274,206,1480,0.10724019880590797
1281,205,1486,0.10728965211314515
1296,210,1506,0.10731740956221138
1284,208,1492,0.10730972850056165
1281,208,1489,0.1073301055966073
1279,213,1492,0.10735486042029517
1280,210,1490,0.10738364364139369
1294,208,1502,0.10740780791357739
1289,208,1497,0.1073992839583056
1282,212,1494,0.10740235932137683
1287,210,1497,0.10742127305192366
1292,213,1505,0.10742797190895695
1295,213,1508,0.10742334511888531
1303,219,1522,0.10741329907477201
1284,220,1504,0.10738664360007444
1300,225,1525,0.10740534868966266
1292,228,1520,0.10738794600699354
1285,223,1508,0.1073914241767758
1285,219,1504,0.10740926955501567
1280,223,1503,0.1074252265206643
1273,223,1496,0.10745096597264564
1284,221,1505,0.10749179025042001
1283,223,1506,0.10750390756810262
1284,218,1502,0.10751918611132918
1272,222,1494,0.10753164793570795
1274,225,1499,0.10757155651070778
1274,223,1497,0.10760400727940982
1272,224,1496,0.10763155283827253
1281,226,1507,0.10766328584591588
1270,225,1495,0.10767409849562096
1279,227,1506,0.10770946529408448
1275,229,1504,0.10772091961937122
1271,225,1496,0.10773905430924938
1269,226,1495,0.1077665869069245
1260,233,1493,0.10779759230256143
1252,232,1484,0.10784512635837999
1248,229,1477,0.107906126603132
1259,233,1492,0.10797127532077617
1263,236,1499,0.10800670801812697
1264,232,1496,0.10802904859790229
1265,229,1494,0.10804645730030156
1279,227,1506,0.10805985786507226
1269,226,1495,0.10804253565300832
1275,234,1509,0.1080477356952877
1280,236,1516,0.10804003178099414
1273,228,1501,0.10802152034470308
1270,228,1498,0.10802200043516397
1264,236,1500,0.10803042995920593
1267,236,1503,0.1080530932679618
1255,232,1487,0.10806655324332201
1255,235,1490,0.10810665948878187
1257,228,1485,0.10814241821585174
1256,231,1487,0.10817046333027601
1249,234,1483,0.10819806766302759
1251,242,1493,0.10824010986602939
1258,238,1496,0.10827534635747098
1254,244,1498,0.10829258554734641
1247,244,1491,0.1083183600222565
1240,252,1492,0.1083617073476852
1239,250,1489,0.10841674839820264
1231,248,1479,0.10846983351288779
1238,254,1492,0.10853443776645982
1242,254,1496,0.10857816001318245
1227,254,1481,0.108610045130727
1224,252,1476,0.10867423932699688
1227,250,1477,0.10874058579896351
1226,259,1485,0.1087941578067089
1226,260,1486,0.10884758316911743
1225,264,1489,0.10889575687760057
1234,267,1501,0.10894230330112897
1232,266,1498,0.10896571725677273
1229,261,1490,0.10899190182286929
1237,263,1500,0.10902260726248808
1216,261,1477,0.10903272955243799
1219,261,1480,0.1090901975105742
1221,269,1490,0.10913651469597166
1222,271,1493,0.10917727647761165
1231,266,1497,0.10921312128818807
1226,266,1492,0.10922838134087554
1230,265,1495,0.10925368168111933
1232,268,1500,0.10926505597054302
1234,265,1499,0.10927435747947818
1235,265,1500,0.10927764410753273
1232,265,1497,0.10927603968456502
1236,269,1505,0.10928043710229002
1233,271,1504,0.10927406682224702
1228,271,1499,0.10927577751417282
1221,274,1495,0.10928932006295074
1217,271,1488,0.10931787768904751
1232,269,1501,0.109355477459568
1222,271,1493,0.10935601636239173
1224,274,1498,0.10938091916126132
1221,278,1499,0.10939782167057965
1217,270,1487,0.10942194058937048
1212,273,1485,0.10945380340893907
1217,281,1498,0.10949367579331834
1213,280,1493,0.10951709485516925
1208,289,1497,0.10954813018132867
1209,284,1493,0.10959077891144747
1197,288,1485,0.10962858721558888
1214,290,1504,0.10969093424719097
1218,295,1513,0.10971015981948204
1212,296,1508,0.1097196381998151
1207,297,1504,0.10974449773181451
1213,301,1514,0.10977994125340391
1202,296,1498,0.1098012694206374
1214,290,1504,0.1098465766468681
1215,284,1499,0.10986111265814193
1216,283,1499,0.10987115430165523
1202,283,1485,0.10988036408155079
1206,293,1499,0.10992035033497319
1203,292,1495,0.10994952344770073
1204,297,1501,0.1099851128624394
1201,300,1501,0.11001706495097067
1184,306,1490,0.11005487411735729
1187,308,1495,0.11012866616498858
1187,305,1492,0.11019067400068158
1189,298,1487,0.11025035679552861
1179,307,1486,0.11029970666257331
1188,309,1497,0.11036959597873547
1195,307,1502,0.11041304788162419
1203,308,1511,0.11043725176172352
1197,309,1506,0.1104405523180087
1198,312,1510,0.11045587678425875
1192,309,1501,0.11046735858848755
1195,309,1504,0.11049169284088939
1183,309,1492,0.110508059581956
1180,315,1495,0.11055225575647269
1175,317,1492,0.11060190850064937
1170,316,1486,0.1106608657351623
1172,317,1489,0.11072678573251668
1184,314,1498,0.11078223591831826
1192,318,1510,0.11080528072849319
1204,319,1523,0.11080647589677536
1197,320,1517,0.11078348676833372
1199,319,1518,0.11077865195482811
1190,313,1503,0.11077076385669277
1180,316,1496,0.11078596983144856
1173,316,1489,0.11082273142402693
1169,324,1493,0.11087449623221195
1167,325,1492,0.11093318143586817
1159,324,1483,0.11099112300010983
1166,329,1495,0.11106283171507175
1173,333,1506,0.11111410811998482
1172,337,1509,0.11114701865159642
1169,335,1504,0.1111779993167492
1174,333,1507,0.11121551734741235
1168,342,1510,0.11123955520569037
1159,345,1504,0.11127572056377044
1154,348,1502,0.11132984410044942
1155,351,1506,0.11139302566676676
1160,348,1508,0.11145152953648242
1168,353,1521,0.11149720163843974
1164,352,1516,0.11152048289357787
1156,347,1503,0.11154891331026145
1161,344,1505,0.11159354685205194
1161,343,1504,0.11162187673780323
1153,346,1499,0.11164791737123395
1149,347,1496,0.11169117335413192
1140,353,1493,0.11174103789996626
1140,351,1491,0.11180803728855208
1136,360,1496,0.11187121446370109
1144,356,1500,0.11194000202068785
1131,363,1494,0.11198707660190486
1136,363,1499,0.11205797065716125
1132,362,1494,0.11211165815438216
1127,359,1486,0.11217132690917776
1126,358,1484,0.11223987091338372
1124,368,1492,0.11230759540535472
1114,371,1485,0.11237437011978449
1116,372,1488,0.11245845160654305
1117,376,1493,0.11253312235904103
1114,376,1490,0.11259971199674243
1116,377,1493,0.11266915153434415
1131,373,1504,0.11272703992914856
1126,375,1501,0.11274772646016608
1127,380,1507,0.1127781980726561
1131,373,1504,0.11280183800000679
1123,373,1496,0.11281651423705419
1118,370,1488,0.11284597316283054
1105,366,1471,0.11288613331200484
1111,377,1488,0.11295345284454335
1112,379,1491,0.11300110534682788
1105,379,1484,0.1130443559598211
1100,382,1482,0.11310092178475649
1108,387,1495,0.11316500974887284
1109,393,1502,0.11320692069652197
1103,388,1491,0.11324445426283805
1103,393,1496,0.11329154680318464
1113,395,1508,0.11333625543643867
1111,390,1501,0.11335568654819607
1120,391,1511,0.11337944338401527
1115,399,1514,0.11338101105574548
1113,400,1513,0.11339347111153973
1102,401,1503,0.11340999986391444
1101,399,1500,0.11345259751845191
1108,402,1510,0.11349437502676224
1115,403,1518,0.11351884039636012
1103,402,1505,0.11352528324311742
1099,396,1495,0.11355915344660872
1093,395,1488,0.1136007980755295
1098,402,1500,0.11365200777309442
1089,402,1491,0.11368875561104894
1089,399,1488,0.11374463565338896
1096,407,1503,0.11379892042433135
1092,411,1503,0.11383471844714023
1085,410,1495,0.11387534553688183
1088,413,1501,0.11392984032548753
1081,418,1499,0.11397111321159521
1073,420,1493,0.11402370835381927
1070,418,1488,0.11409476175685121
1076,420,1496,0.11416690926135167
1069,423,1492,0.11422026588180892
1067,427,1494,0.11428664661771151
1064,426,1490,0.11435296430223243
1065,429,1494,0.11442287511007627
1076,428,1504,0.11448711743691867
1069,425,1494,0.1145218035327663
1067,421,1488,0.11456844365304526
1064,422,1486,0.11461812076658619
1073,419,1492,0.11467064345161324
1077,418,1495,0.11469848509476503
1081,426,1507,0.11471558256205157
1070,424,1494,0.11472064617364239
1066,421,1487,0.11475034369957093
1064,423,1487,0.11478619285184097
1055,422,1477,0.11482531181925673
1046,419,1465,0.11488143680646176
1053,422,1475,0.11495435217458713
1062,420,1482,0.11500568257237606
1057,423,1480,0.11503275694211172
1051,421,1472,0.11507101126284175
1069,425,1494,0.11511652408293134
1082,425,1507,0.11511878552778089
1076,420,1496,0.11509101856561255
1070,417,1487,0.11507967228321705
1071,413,1484,0.11508345877578399
1070,417,1487,0.11508788460412252
1065,420,1485,0.115096442501389
1058,413,1471,0.11511401699942127
1057,416,1473,0.11514667423920795
1057,428,1485,0.11518003309045202
1056,430,1486,0.11520799913863528
1063,435,1498,0.1152363266780225
1067,432,1499,0.11524676859949155
1067,437,1504,0.11524898511565025
1071,441,1512,0.11524912213055837
1069,441,1510,0.11524302743997611
1066,440,1506,0.11524358481904659
1048,440,1488,0.11525254808974537
1050,437,1487,0.11530314931991359
1055,439,1494,0.11534668969018426
1052,441,1493,0.11537508694050708
1054,434,1488,0.11540780739033478
1054,433,1487,0.11543119671833996
1046,428,1474,0.11545374498824643
1051,441,1492,0.1154935597961756
1052,442,1494,0.11551699520776282
1052,449,1501,0.11553763600826059
1055,444,1499,0.1155575538904435
1073,438,1511,0.11556837125271344
1072,439,1511,0.11553609780202383
1061,434,1495,0.11551039692708238
1060,444,1504,0.11551118345484905
1068,440,1508,0.11551495622877134
1066,445,1511,0.11550082026830953
1058,442,1500,0.11549267857634629
1065,443,1508,0.11550610976877948
1059,438,1497,0.11550260222234054
1054,443,1497,0.11551299163346272
1048,440,1488,0.11553401403317139
1045,439,1484,0.11556878830186136
1057,434,1491,0.11560634937699213
1059,428,1487,0.1156133734880228
1050,431,1481,0.11561411880672115
1045,431,1476,0.115635955915713
1045,430,1475,0.11566543596971587
1054,431,1485,0.11569204431119104
1070,434,1504,0.1156954883323619
1071,436,1507,0.11566151059692797
1070,441,1511,0.11562805191073462
1073,444,1517,0.11559991716698675
1065,438,1503,0.11556501940703959
1062,441,1503,0.11555065408623712
1058,439,1497,0.11554537971721668
1062,446,1508,0.11555100460181138
1060,441,1501,0.1155466117227043
1057,440,1497,0.11554824903415505
1052,441,1493,0.11555732842384195
1055,443,1498,0.11557760499317567
1054,441,1495,0.11558975926538081
1057,437,1494,0.11560393910838776
1058,439,1497,0.1156114208920912
1049,440,1489,0.11561531390340399
1046,440,1486,0.11564078292050894
1052,450,1502,0.11567038973304278
1044,453,1497,0.1156838251157424
1035,456,1491,0.11571450283150693
1041,456,1497,0.11576149204832767
1041,461,1502,0.11579343050854592
1047,453,1500,0.1158239222890974
1053,454,1507,0.11583995097639946
1063,455,1518,0.11584214351949576
1063,445,1508,0.11581730114241796
1043,453,1496,0.11579488416114365
1051,460,1511,0.11582013998383904
1050,450,1500,0.11582621836353418
1062,450,1512,0.11583402869184045
1052,452,1504,0.11581268350248398
1055,461,1516,0.11581687146751665
1050,465,1515,0.1158146075636829
1043,463,1506,0.11582486801456522
1041,458,1499,0.11585139216368434
1042,466,1508,0.11588098136308708
1038,468,1506,0.11590823224511776
1035,471,1506,0.11594296288473646
1029,462,1491,0.11598252808946817
1030,470,1500,0.11602843191481389
1048,472,1520,0.11607171215027436
1046,475,1521,0.11607196585319425
1052,474,1526,0.11607860577916833
1043,474,1517,0.11607116556916658
1048,464,1512,0.11608576756832743
1043,467,1510,0.11609030181632879
1038,466,1504,0.11610447567145829
1031,468,1499,0.11612653805427339
1020,472,1492,0.11616283560429225
1039,467,1506,0.11622226491255098
1042,459,1501,0.11623491745552919
1053,459,1512,0.11623973622156321
1042,464,1506,0.11621865989454504
1048,462,1510,0.11622373445856095
1040,463,1503,0.11621475614787162
1040,470,1510,0.11622423522571922
1035,471,1506,0.11623492011158333
1023,472,1495,0.11625669054226595
1024,466,1490,0.11630328156665304
1024,460,1484,0.11634347070540507
1038,465,1503,0.11637764091912389
1034,462,1496,0.11637956627562449
1028,467,1495,0.11639032480405537
1040,469,1509,0.11641426855109067
1044,468,1512,0.11640855935837502
1037,467,1504,0.11639239620758617
1044,468,1512,0.11639455559680087
1029,475,1504,0.11638329110680364
1021,482,1503,0.11640859074309706
1026,473,1499,0.11644852055214688
1022,475,1497,0.11647193039507772
1009,481,1490,0.11650454534393909
1015,478,1493,0.11656396427689401
1015,477,1492,0.11660675580808759
1016,475,1491,0.11664448890882931
1018,485,1503,0.1166777103636132
1024,480,1504,0.11670671087965884
1018,491,1509,0.11672078837061274
1018,488,1506,0.11674735726163371
1017,482,1499,0.1167734435053929
1014,485,1499,0.11679723375377986
1021,484,1505,0.11682592185006982
1018,492,1510,0.11683499995540565
1017,489,1506,0.11685221091147441
1010,483,1493,0.11687066123354835
1014,481,1495,0.1169043195062904
1013,476,1489,0.11692442658606302
1018,480,1498,0.11694244024183152
1005,483,1488,0.11695118508420425
1014,486,1500,0.11698627571241525
1025,482,1507,0.11699660850181243
1031,476,1507,0.11697983702472581
1028,478,1506,0.11695448125841076
1029,474,1503,0.11693833110354684
1028,480,1508,0.11692089474930441
1025,475,1500,0.11690719362504849
1028,479,1507,0.11690081084890869
1022,479,1501,0.11688932496077543
1024,476,1500,0.11689520213277366
1022,476,1498,0.1168962366039148
1025,478,1503,0.1168994417621553
1031,479,1510,0.11689302665898048
1031,481,1512,0.11687414842576524
1030,484,1514,0.1168575375387538
1035,482,1517,0.11684523182301028
1027,481,1508,0.11682424701949465
1029,484,1513,0.11682491738346001
1024,479,1503,0.11682135057010443
1027,479,1506,0.11682908965494818
1025,488,1513,0.11683163622962485
1024,488,1512,0.11683770156355426
1019,487,1506,0.11684420530341413
996,491,1487,0.11686391084553285
1008,489,1497,0.11693440280473114
1005,485,1490,0.11697527903250092
987,497,1484,0.11701854816180632
991,504,1495,0.11709697558461749
1002,504,1506,0.11716349016343088
1006,503,1509,0.11720239300704666
1012,498,1510,0.1172275060243338
1015,497,1512,0.11723471235722176
1014,498,1512,0.1172347462392269
1013,493,1506,0.1172367357577695
1000,496,1496,0.11724125950026947
1000,500,1500,0.11727732910193822
1000,491,1491,0.11731022666948121
1014,492,1506,0.11733885196033661
1005,496,1501,0.11733025597120339
1003,491,1494,0.11734414723108898
1005,493,1498,0.11736065546010867
1008,492,1500,0.11737326537251203
1011,491,1502,0.11737936525320183
1010,495,1505,0.11737836995011387
1015,491,1506,0.11738090859868261
1010,496,1506,0.11736981401031266
1014,490,1504,0.1173695891565303
1002,492,1494,0.11736049370193459
1010,488,1498,0.11738032424777782
996,492,1488,0.1173816825478157
991,496,1487,0.11741482692718364
995,496,1491,0.11745764303209938
1002,491,1493,0.11748675514598629
1009,494,1503,0.11749886408273431
1005,504,1509,0.11749361110772466
992,507,1499,0.11749642405338935
1000,501,1501,0.11752858093506316
1000,494,1494,0.11754151719961488
1002,501,1503,0.11755422487875564
998,503,1501,0.11756178229629623
1000,508,1508,0.1175767701273316
1003,502,1505,0.11758579508093378
1000,498,1498,0.11758511030530608
994,499,1493,0.11759164317511626
994,504,1498,0.11761355243601353
993,504,1497,0.11763435892980607
981,498,1479,0.11765496830343292
997,510,1507,0.11770214695842798
997,511,1508,0.11770603021946253
1010,511,1521,0.11771220177138543
1002,514,1516,0.11768988543455308
999,508,1507,0.11768672956535045
1004,509,1513,0.117692172775891
1007,509,1516,0.1176856753473007
1006,499,1505,0.11767344803594203
1000,502,1502,0.11766488503703514
990,502,1492,0.11767095307180321
999,512,1511,0.11769862686453161
989,511,1500,0.11770566387926497
988,523,1511,0.11773545278639137
997,520,1517,0.11776494079200762
993,516,1509,0.11777180974970569
992,516,1508,0.11779016578398359
1001,514,1515,0.11780923871308209
1001,516,1517,0.11780451613241848
997,518,1515,0.11779853782743455
987,518,1505,0.11780470381897203
982,517,1499,0.11783339273411601
983,511,1494,0.11787237237304271
974,516,1490,0.11790655710573886
978,516,1494,0.11795753580258518
974,518,1492,0.11799419821373991
966,515,1481,0.11803403925045608
979,519,1498,0.11808893657967441
981,521,1502,0.11811094509991307
973,523,1496,0.11812719094038088
973,520,1493,0.11815917637455943
981,532,1513,0.11819072098303898
989,531,1520,0.1182028142072896
982,526,1508,0.1181956417195903
976,524,1500,0.11820596098058052
978,519,1497,0.11822872144763634
977,522,1499,0.1182422554962994
979,522,1501,0.11825763528377503
978,526,1504,0.11826736759205833
990,523,1513,0.11827866142646588
990,520,1510,0.11826402292954352
975,521,1496,0.11824475501663205
980,524,1504,0.11826045799344027
986,525,1511,0.11826559400697455
984,526,1510,0.11825723764164232
979,526,1505,0.11825502166270396
974,526,1500,0.11826529799820427
975,523,1498,0.1182885977403313
963,526,1489,0.11830909978531856
969,530,1499,0.11835663395195517
981,529,1510,0.11838832893840348
987,536,1523,0.11838960929003957
985,540,1525,0.11837467587775122
977,541,1518,0.11836683521077862
969,541,1510,0.11837965688190186
965,539,1504,0.11841005438739532
969,547,1516,0.11844838294696024
952,546,1498,0.11847711627456131
948,550,1498,0.11854293361868289
943,549,1492,0.11861408476741798
944,555,1499,0.11869212171897797
938,560,1498,0.11876368267802194
931,559,1490,0.11884336374792923
935,550,1485,0.11893339372871296
937,548,1485,0.11900736858638057
938,556,1494,0.11907147300047159
932,573,1505,0.11912769497461552
938,574,1512,0.11919417734502259
946,570,1516,0.11924186033087981
945,571,1516,0.11926938421356485
929,570,1499,0.11929848400095419
926,568,1494,0.11936276676611808
921,581,1502,0.11942821860279461
915,577,1492,0.11950246464165205
902,587,1489,0.1195875564859805
896,587,1483,0.1196956010581167
909,584,1493,0.11981183289313055
913,577,1490,0.11988730728768654
916,579,1495,0.11994522212444637
922,585,1507,0.11999081139598106
923,595,1518,0.12002106546390082
920,596,1516,0.12004798604528286
930,583,1513,0.12008069732910814
920,592,1512,0.1200884490973835
906,596,1502,0.12011934130639705
902,589,1491,0.12018167416364182
907,589,1496,0.1202494119440559
907,592,1499,0.12029998063800683
905,596,1501,0.12034667869371678
905,594,1499,0.12039250464006758
915,592,1507,0.12043422307603502
924,590,1514,0.12045196167531003
918,583,1501,0.12044829566765614
919,584,1503,0.12045910909739511
910,584,1494,0.1204657333430038
916,590,1506,0.12049282446684612
917,594,1511,0.12050606056655637
906,593,1499,0.12051426250937397
900,598,1498,0.12054823322154506
907,591,1498,0.12059524300181178
905,600,1505,0.1206249521913517
906,603,1509,0.12065725592079499
899,608,1507,0.12068791135348128
901,615,1516,0.1207330539267619
906,616,1522,0.1207708926201461
910,611,1521,0.12079473038223779
904,612,1516,0.12080549845051712
897,610,1507,0.12082766462164052
878,601,1479,0.12086581969273916
881,613,1494,0.12094461118442881
887,607,1494,0.121009610645348
880,606,1486,0.12105697542699378
883,611,1494,0.12111575919621093
894,608,1502,0.12116307192339747
888,604,1492,0.12118238761597422
898,606,1504,0.12121353979891439
898,606,1504,0.12121922156886158
900,608,1508,0.12122561958152467
891,606,1497,0.12122387573279646
887,602,1489,0.12124347389945936
888,607,1495,0.12127084822420589
888,607,1495,0.1212950796540103
884,611,1495,0.12131705513202158
889,614,1503,0.12134652865631879
888,613,1501,0.12136280227910262
893,616,1509,0.12138133556235847
898,617,1515,0.12138848348541798
896,614,1510,0.12138354738630809
884,615,1499,0.1213836167146551
893,613,1506,0.1214128268122753
891,608,1499,0.12141893657586611
889,609,1498,0.12142726916838838
883,619,1502,0.12144129447664494
877,623,1500,0.12146959164051062
875,623,1498,0.12151088305575417
862,630,1492,0.1215545941967467
866,627,1493,0.121626731623603
875,624,1499,0.12168456328253686
884,619,1503,0.12171777284791126
885,611,1496,0.1217278163302883
877,615,1492,0.12173496195668015
877,618,1495,0.12176115020890739
873,619,1492,0.12178403393922962
875,623,1498,0.12181358489909049
882,628,1510,0.12183741709037413
886,630,1516,0.12184444371091666
882,637,1519,0.12183908120168727
880,635,1515,0.12184306309331928
881,632,1513,0.12184975400650051
867,626,1493,0.12185357153319529
863,625,1488,0.12188798449096369
876,624,1500,0.12193046669483643
879,625,1504,0.12193820500207853
874,618,1492,0.12193830882172144
865,615,1480,0.12194884408397741
878,618,1496,0.12198002575239059
895,626,1521,0.12197857261997083
891,621,1512,0.12193904604355366
889,622,1511,0.12191136754144116
895,628,1523,0.12189264502378575
889,625,1514,0.12185984858980448
879,623,1502,0.12184409769442477
884,615,1499,0.12185270993668915
881,618,1499,0.12184885261489342
883,611,1494,0.12185083748765461
888,617,1505,0.12184972096398054
892,624,1516,0.12183859650351427
889,617,1506,0.12181905505058499
891,611,1502,0.12180758316455007
893,616,1509,0.12179369685081473
894,616,1510,0.12177677605707142
890,614,1504,0.12175641809155753
890,613,1503,0.12174341430304494
886,613,1499,0.12173323505257395
876,615,1491,0.12173353234799922
869,617,1486,0.12175906750170595
872,610,1482,0.12179918384243592
873,614,1487,0.12183047300589206
872,630,1502,0.12185527435723714
877,632,1509,0.12188118857321015
874,632,1506,0.12189324975991393
865,623,1488,0.1219117865402227
871,630,1501,0.12195098429118718
868,630,1498,0.12197542481280121
875,625,1500,0.12200342020518017
868,634,1502,0.12201475531278541
863,638,1501,0.12203916737481854
865,632,1497,0.12207391959325413
867,636,1503,0.12210198990559308
872,637,1509,0.122126076403249
872,634,1506,0.12213709650478428
877,630,1507,0.12214514116294702
874,628,1502,0.12214177264883735
869,632,1501,0.12214765332806142
869,632,1501,0.12216108354661209
866,626,1492,0.12217526662725291
866,618,1484,0.1221957996591052
867,628,1495,0.1222148847176385
862,636,1498,0.12222803838580858
855,637,1492,0.12225282896097202
858,637,1495,0.12229225336422936
855,641,1496,0.1223194717073185
848,650,1498,0.1223547766209407
848,648,1496,0.12240606828541295
851,649,1500,0.12245316957134174
860,657,1517,0.1224933927765462
854,654,1508,0.12251126958601223
848,656,1504,0.1225406321266183
849,653,1502,0.12258159813657571
858,651,1509,0.12261606245614484
859,651,1510,0.12262694601324987
855,651,1506,0.12263318083380198
851,653,1504,0.12265064094921899
857,655,1512,0.12267501057447369
849,660,1509,0.12268416151833726
838,657,1495,0.12271214251752526
838,650,1488,0.12276382437180525
831,657,1488,0.1228113489657601
829,652,1481,0.12287223911036049
841,657,1498,0.12293485847941163
839,657,1496,0.12296548633885732
836,666,1502,0.1229961921265261
834,662,1496,0.12303255735778584
833,661,1494,0.12307326905754447
826,668,1494,0.12311237967902557
829,675,1504,0.12316687084271757
835,674,1509,0.12321128588388433
830,675,1505,0.12323671089954896
836,671,1507,0.12327229128247941
823,657,1480,0.12329148128168761
824,662,1486,0.12333878556252442
831,661,1492,0.12337903860448059
842,653,1495,0.12339839651341471
841,664,1505,0.12339006224859322
844,664,1508,0.12338494392781583
847,663,1510,0.12337424110883298
847,667,1514,0.12335789777435018
838,664,1502,0.1233414827314664
835,661,1496,0.12334809327377691
845,663,1508,0.12335889357692725
843,656,1499,0.12334462424215284
847,655,1502,0.12333672564663606
855,652,1507,0.12331982296680845
857,655,1512,0.123285409343012
851,659,1510,0.12324929739906601
859,669,1528,0.12322934230958695
853,670,1523,0.12319203002579487
848,671,1519,0.12317290118527593
844,675,1519,0.12316936549943996
842,672,1514,0.12317494470956401
832,682,1514,0.12318432884167127
826,677,1503,0.12321542494995352
819,668,1487,0.12325838156283041
831,675,1506,0.12331478519559408
831,665,1496,0.12334191005030717
834,669,1503,0.12336816348283794
824,659,1483,0.12338483867383405
828,671,1499,0.12342107978764769
829,674,1503,0.1234472140559111
825,676,1501,0.12346983992321019
818,685,1503,0.12350016770427981
822,684,1506,0.12354680405065775
827,682,1509,0.12358103200984388
822,686,1508,0.12360312829310008
822,697,1519,0.12363471243243637
820,691,1511,0.12366514534812335
821,696,1517,0.12369929790172592
810,701,1511,0.12372848197197574
807,710,1517,0.1237817212728476
800,706,1506,0.1238390011833297
795,703,1498,0.12390865074823154
794,700,1494,0.12398454476477212
786,698,1484,0.12405614520187191
791,699,1490,0.12414153685418425
801,699,1500,0.1242079794504706
808,699,1507,0.12424451039216632
815,707,1522,0.12426344327983965
805,707,1512,0.1242641366342124
808,710,1518,0.12428855446927123
807,703,1510,0.12430392775334098
815,707,1522,0.12431886155180928
804,711,1515,0.12431583188210603
804,703,1507,0.1243393064291513
800,713,1513,0.1243603663877445
801,701,1502,0.12439179161674607
786,698,1484,0.12441802832229067
791,696,1487,0.12447424540486125
803,697,1500,0.12451526024353761
802,697,1499,0.12452888444062857
792,703,1495,0.12454330730797424
793,700,1493,0.12457711548824862
777,709,1486,0.1246059414468784
789,718,1507,0.12467155682601488
785,712,1497,0.12470205730550699
784,711,1495,0.12473827212947997
796,712,1508,0.12477439168986265
804,711,1515,0.12477997787691272
802,710,1512,0.12476985655691558
790,715,1505,0.12476686776058851
798,719,1517,0.12479408946837
796,717,1513,0.12479968017028054
796,722,1518,0.12481240328562664
792,718,1510,0.12482452851117103
784,717,1501,0.12484827664777015
777,726,1503,0.12488729438579259
783,729,1512,0.12493772266706327
781,723,1504,0.12496959894265317
785,722,1507,0.1250044958513619
789,722,1511,0.12502853860049334
785,719,1504,0.12504222130452378
787,714,1501,0.12506520022555234
778,727,1505,0.12508238408660954
782,723,1505,0.12512057895629725
786,720,1506,0.1251473173705961
777,724,1501,0.1251606312030542
776,723,1499,0.12519213357873357
764,720,1484,0.12522139506563246
762,729,1491,0.1252780853847835
774,731,1505,0.12533603525968057
765,724,1489,0.12536213732551274
768,727,1495,0.12540837217753611
762,732,1494,0.12544636921152427
762,746,1508,0.1254957067688984
756,748,1504,0.1255430122272566
746,746,1492,0.12560118221590963
748,763,1511,0.12568017379829557
738,761,1499,0.12575019534255044
735,759,1494,0.1258362332603865
738,761,1499,0.12592476975641786
745,762,1507,0.1260017717830965
745,763,1508,0.12605607673024294
733,765,1498,0.12610691508777072
738,762,1500,0.12618309694664595
739,758,1497,0.12624088807296907
736,765,1501,0.12629219899717753
732,759,1491,0.12634657526189202
735,751,1486,0.12640677237118608
733,755,1488,0.12645681689597787
743,757,1500,0.12650664186502503
747,768,1515,0.12652916262853448
750,770,1520,0.12654306907414145
732,778,1510,0.1265478676777082
719,769,1488,0.1265945690328446
715,767,1482,0.12666814735727083
722,761,1483,0.1267459510202389
729,762,1491,0.12680173421106258
721,777,1498,0.12683757928561432
724,778,1502,0.12689037378063406
723,773,1496,0.12693263501125
724,772,1496,0.12697544753448628
729,776,1505,0.12701497773976553
734,773,1507,0.12704083669422997
731,773,1504,0.1270522432706195
733,774,1507,0.12707020544332356
734,780,1514,0.127080661247557
729,775,1504,0.1270899278370264
728,776,1504,0.1271106334953432
726,786,1512,0.12713299586883584
727,777,1504,0.12715966040702703
722,775,1497,0.12718150670410744
735,776,1511,0.1272108158805002
735,778,1513,0.12720858577445895
729,778,1507,0.1272054446250249
716,787,1503,0.12721852133506256
726,796,1522,0.1272607286413866
716,788,1504,0.1272778642775111
702,799,1501,0.12731703694218485
708,793,1501,0.12738665992337908
710,790,1500,0.12743365488909408
721,787,1508,0.12747428370256353
716,791,1507,0.12748668960067802
707,789,1496,0.1275098806429394
706,791,1497,0.1275529802127487
716,785,1501,0.12759716779292507
715,792,1507,0.12761535101237112
706,808,1514,0.1276358752423487
713,799,1512,0.1276787294829723
707,801,1508,0.12770008968184102
705,804,1509,0.12773302825406435
692,811,1503,0.12776987868044606
695,816,1511,0.12783358027980865
687,811,1498,0.12788230444877116
691,812,1503,0.12794789964696685
694,803,1497,0.12800124725926584
698,811,1509,0.12804533618790895
695,806,1501,0.1280770921549868
698,802,1500,0.12811391492567506
694,807,1501,0.12814196535172065
698,803,1501,0.1281767381782387
697,806,1503,0.12819701453459484
713,805,1518,0.12822121475197767
715,798,1513,0.1282066970218378
707,793,1500,0.12818658768540112
708,796,1504,0.12818791417737047
705,804,1509,0.12818680425412032
697,804,1501,0.12818986090838558
710,809,1519,0.12821048499713403
702,798,1500,0.12819968315373156
699,799,1498,0.12820894044474015
706,803,1509,0.12822336937844908
708,800,1508,0.12822000389181862
709,802,1511,0.12821302517475208
700,799,1499,0.12820754921151456
707,804,1511,0.12822368866603234
706,816,1522,0.1282241902553734
698,820,1518,0.12822535057611836
695,801,1496,0.12824402923650358
698,797,1495,0.1282690312731859
703,796,1499,0.12828710665310403
701,804,1505,0.1282920587141746
692,802,1494,0.12830046869656278
692,810,1502,0.12833013027308432
694,809,1503,0.1283584238421245
698,811,1509,0.12837944830751957
700,812,1512,0.12839048992839544
705,814,1519,0.12839633396931935
708,810,1518,0.1283894140502779
700,797,1497,0.12837758255246506
708,800,1508,0.1283853952402026
697,813,1510,0.12837125815805042
687,807,1494,0.12838392371193882
685,809,1494,0.128418857656591
692,806,1498,0.12845567033026026
696,810,1506,0.12847267011467153
685,818,1503,0.1284785098500629
692,811,1503,0.12851405863651919
685,815,1500,0.1285311626846052
685,815,1500,0.12856377137899333
682,821,1503,0.12859417082374047
685,824,1509,0.12862999722799895
690,826,1516,0.1286574654579624
697,831,1528,0.12867029688271142
690,835,1525,0.1286669029311511
684,836,1520,0.12867950456592708
679,836,1515,0.12870675601259499
676,833,1509,0.12874390888205187
679,823,1502,0.12878525902166696
681,822,1503,0.1288170777359789
675,818,1493,0.128842301617621
671,824,1495,0.1288779981035115
676,826,1502,0.12892156865866294
673,835,1508,0.12894904421196232
676,834,1510,0.128982321093085
673,844,1517,0.1290083034309017
676,847,1523,0.12903885993164843
670,844,1514,0.129060400248522
665,840,1505,0.12909539925518612
668,832,1500,0.12914055217969606
664,842,1506,0.1291759438872088
658,837,1495,0.12922002049833547
657,840,1497,0.12927704159855444
664,849,1513,0.12933194865009368
663,849,1512,0.12936695930735978
660,856,1516,0.12940112209434002
658,863,1521,0.129439379269347
653,857,1510,0.12948013799235203
651,855,1506,0.12953040971026866
652,853,1505,0.12958293552113934
651,867,1518,0.129630078049564
645,865,1510,0.12967620170696967
645,867,1512,0.12973250543723058
645,872,1517,0.12978549442285942
643,885,1528,0.12983456095840273
634,882,1516,0.12988573288528157
634,878,1512,0.12995604347270442
627,869,1496,0.1300217128721819
625,869,1494,0.13009882391260924
631,877,1508,0.13017304734170193
629,878,1507,0.13022697751730297
639,872,1511,0.1302828104024462
641,887,1528,0.13031062005184466
635,876,1511,0.13033314210932687
634,876,1510,0.13036915495769413
627,877,1504,0.1304025159998557
625,874,1499,0.13045094126732507
623,874,1497,0.13050195757379743
625,885,1510,0.130553516574119
624,890,1514,0.1305956697148187
632,897,1529,0.13063633684546486
633,893,1526,0.1306562183686084
636,890,1526,0.13067430131266025
634,889,1523,0.1306821116225315
630,886,1516,0.1306955906645754
628,891,1519,0.13071715469095244
627,890,1517,0.13074171935206783
629,899,1528,0.1307694474820022
625,900,1525,0.1307923001865294
619,903,1522,0.1308215095398305
621,894,1515,0.13086336309569715
610,896,1506,0.13089723018850244
621,882,1503,0.13095332714569663
627,880,1507,0.1309781887371278
627,881,1508,0.13098746912217263
628,876,1504,0.13099678323665706
625,877,1502,0.13100283066341517
619,885,1504,0.13101665633108037
607,888,1495,0.1310425275000712
609,899,1508,0.1310950291657584
616,905,1521,0.13114068947181104
613,906,1519,0.13116649144270354
611,894,1505,0.13119607778282114
603,895,1498,0.13122702131222094
596,902,1498,0.13127575457744517
593,913,1506,0.1313378233050522
588,915,1503,0.13140315561834603
597,904,1501,0.13147558256698963
591,912,1503,0.1315230884918943
592,915,1507,0.1315806501299679
594,912,1506,0.13163056776309007
591,915,1506,0.13167420844157146
584,924,1508,0.13172128372970593
586,919,1505,0.13178268554597675
590,923,1513,0.13183533860819485
591,924,1515,0.1318736944147616
591,917,1508,0.13190750816927538
581,924,1505,0.1319378085588834
577,939,1516,0.1319916540765223
581,928,1509,0.13205004697666725
587,921,1508,0.1320960694660834
590,923,1513,0.13212413840312454
588,925,1513,0.1321410475366991
582,928,1510,0.1321612070280198
575,930,1505,0.13219555712158815
575,935,1510,0.13224361953200015
580,944,1524,0.13228800464472265
579,946,1525,0.13232046815978735
575,941,1516,0.13235380690421128
574,942,1516,0.13239396947624965
567,946,1513,0.13243221510445255
567,961,1528,0.13248540183992302
567,946,1513,0.13253709860535356
570,944,1514,0.13258613608429431
566,937,1503,0.13262564601568305
565,930,1495,0.13267003543525724
567,944,1511,0.1327118539120674
557,950,1507,0.132748196031845
559,949,1508,0.1328056726892778
549,953,1502,0.13285548280717957
543,963,1506,0.132925763986113
547,967,1514,0.13300569829350348
543,953,1496,0.13307073979895087
546,959,1505,0.13313974390367933
541,943,1484,0.1331971659955047
542,955,1497,0.1332629651566105
534,956,1490,0.13332193010494225
541,965,1506,0.13339572665848315
552,968,1520,0.1334459185897066
553,956,1509,0.13346768027485167
545,951,1496,0.13348305996242843
542,950,1492,0.13351803637829016
543,967,1510,0.1335563007641909
544,956,1500,0.1335878316974097
544,968,1512,0.13361625204844865
546,957,1503,0.13364293266510097
543,945,1488,0.13366424055541024
541,949,1490,0.13368886059190951
541,952,1493,0.1337149500911274
546,967,1513,0.13374110056578725
547,972,1519,0.13375233846497317
544,969,1513,0.13376028388024408
546,967,1513,0.13377711077022883
537,969,1506,0.13379054707900195
537,965,1502,0.1338235083871704
542,971,1513,0.13385195676695033
540,975,1515,0.13386748684537367
541,965,1506,0.133887852176832
539,968,1507,0.13390462048769244
531,980,1511,0.1339265099211129
535,979,1514,0.13396601014216342
530,973,1503,0.13399501008186526
528,983,1511,0.13403294015180434
515,987,1502,0.13407286944064972
521,985,1506,0.1341383072953083
512,984,1496,0.13418752795246747
516,990,1506,0.13425326226984083
521,992,1513,0.13430409853867162
523,986,1509,0.13434020393329027
525,990,1515,0.13437117978535235
518,995,1513,0.13439347020548675
517,993,1510,0.13443254895687123
520,999,1519,0.134470671540356
522,1001,1523,0.13449902960200166
525,1002,1527,0.13452130082812203
515,996,1511,0.13453533272090315
514,990,1504,0.13457327425937538
512,987,1499,0.13460932434075987
518,996,1514,0.13464736804020064
514,990,1504,0.13466839349841686
511,995,1506,0.1346995245020265
512,994,1506,0.13473597667916612
507,997,1504,0.13476723806598268
510,995,1505,0.13480704404286206
504,990,1494,0.1348367256439608
515,989,1504,0.1348797945455663
519,978,1497,0.13489225861429724
527,969,1496,0.13489347782511057
524,993,1517,0.13487382864878567
523,999,1522,0.1348643434490483
523,996,1519,0.13485631074951576
517,1003,1520,0.1348510918137698
516,998,1514,0.13486202834260744
515,1005,1520,0.1348750481532468
519,998,1517,0.13488948179718627
512,1004,1516,0.13489331041208225
513,995,1508,0.13491454068265463
513,993,1506,0.13493280690578566
517,991,1508,0.13494963716885336
519,991,1510,0.13495617658690068
515,984,1499,0.13495889251804077
515,981,1496,0.1349714776715993
511,996,1507,0.13498127903165624
512,993,1505,0.13499959204244796
506,1003,1509,0.1350153785993145
499,1007,1506,0.1350450455619463
500,1010,1510,0.13509067775847192
498,1007,1505,0.13513205004321704
498,1019,1517,0.13517567114056248
498,1012,1510,0.13521743905146189
501,996,1497,0.13525540135437736
501,1006,1507,0.1352840260036533
496,1014,1510,0.1353106259565234
490,1007,1497,0.13534857035026662
495,1004,1499,0.13539749572163953
491,1003,1494,0.135431874616853
489,1002,1491,0.13547311219130959
493,993,1486,0.13551349992143558
488,999,1487,0.13554415134083217
491,998,1489,0.1355798213243925
504,1004,1508,0.13560647361964484
498,995,1493,0.1355998085640679
497,1007,1504,0.13560817201920686
502,1015,1517,0.13561887919811313
496,1023,1519,0.13561937495142407
494,1030,1524,0.13563426918673843
490,1019,1509,0.13565373851000997
488,1012,1500,0.13568170502943003
491,1016,1507,0.13571273378581303
499,1028,1527,0.1357341196829708
498,1014,1512,0.13573497685320535
495,1015,1510,0.13573918326812953
497,1016,1513,0.13575099197136833
491,1013,1504,0.13575740156949828
489,1014,1503,0.13577726096126863
497,1015,1512,0.13580232410218554
495,1031,1526,0.13580743970772705
493,1022,1515,0.13581663612702813
496,1019,1515,0.13583114795967657
495,1009,1504,0.13583520934443807
498,1015,1513,0.1358425080378546
499,1023,1522,0.13584432489866263
488,1020,1508,0.13584251696035665
491,1009,1500,0.13586649389007452
495,1007,1502,0.13587854214075526
493,1003,1496,0.1358795219953291
496,1010,1506,0.13588561878849967
489,1010,1499,0.1358860777031756
484,1008,1492,0.13590148074179884
480,1011,1491,0.13592826437225408
481,1018,1499,0.13596223986905287
474,1011,1485,0.13599155822343778
478,1014,1492,0.13603596885808783
478,1012,1490,0.13606846357754235
479,1024,1503,0.13609961682675262
477,1017,1494,0.1361258826546443
478,1021,1499,0.1361556323420193
475,1025,1500,0.13617979690691126
480,1021,1501,0.13620893155890512
476,1027,1503,0.13622353734764414
478,1032,1510,0.13624487931367532
488,1038,1526,0.1362596078702507
489,1022,1511,0.13625193776974792
486,1025,1511,0.13624228857597803
485,1028,1513,0.13624150282308073
486,1031,1517,0.13624430761329573
490,1032,1522,0.13624617137965342
491,1030,1521,0.1362388479183318
487,1027,1514,0.13622965855187974
475,1026,1501,0.13622892002108786
473,1025,1498,0.13625586402282344
480,1033,1513,0.13628370563852724
476,1038,1514,0.1362945696424991
476,1033,1509,0.13631465893735567
474,1024,1498,0.13633385746193727
475,1032,1507,0.13635581695783636
475,1027,1502,0.13637283545889342
475,1019,1494,0.13638572828321835
472,1029,1501,0.13639953910633515
471,1029,1500,0.13641933424370814
476,1029,1505,0.13644029664594165
473,1036,1509,0.136449602040974
474,1037,1511,0.13646522562092053
470,1042,1512,0.13647911144683106
469,1048,1517,0.13650134398544597
465,1049,1514,0.13652466139194067
462,1037,1499,0.1365561240712001
463,1044,1507,0.13659103989401322
470,1037,1507,0.13662158860118745
473,1033,1506,0.13663506469285677
469,1041,1510,0.13664082533422206
471,1041,1512,0.1366548892899655
471,1020,1491,0.13666212445960485
473,1024,1497,0.1366701901156017
471,1034,1505,0.13667148629393183
463,1032,1495,0.1366784411332355
463,1036,1499,0.13670476537335646
457,1045,1502,0.1367297126468446
447,1042,1489,0.1367651841046538
454,1047,1501,0.13682238753927062
453,1055,1508,0.1368598785238948
453,1046,1499,0.13689561211699589
457,1060,1517,0.13693073689984797
453,1063,1516,0.1369534699669754
456,1060,1516,0.13698243310935168
453,1055,1508,0.1370022519318454
451,1057,1508,0.137028420497132
456,1063,1519,0.13705643025057873
459,1058,1517,0.13707201326330942
455,1051,1506,0.13707899686659766
464,1051,1515,0.13709464111241618
465,1052,1517,0.13708990132824822
468,1053,1521,0.13708308025240995
463,1051,1514,0.1370698152832933
461,1058,1519,0.1370705218704755
456,1054,1510,0.13707634916979322
451,1052,1503,0.13709380479657926
453,1055,1508,0.1371214237481635
454,1053,1507,0.13713931441100657
449,1061,1510,0.1371554706389633
446,1062,1508,0.13718292862238066
444,1054,1498,0.13721566565755997
443,1061,1504,0.13725099423504225
449,1053,1502,0.13728595069886382
452,1051,1503,0.13730524261551927
452,1057,1509,0.13731541949188028
458,1067,1525,0.13732386021668733
460,1075,1535,0.13731566961901628
462,1053,1515,0.13730519910488648
458,1052,1510,0.13729206289416596
457,1050,1507,0.13729028179809913
463,1062,1525,0.13728864929299806
459,1068,1527,0.1372764550380688
454,1082,1536,0.13727400332368753
453,1066,1519,0.13728289264450588
447,1058,1505,0.13729188747345783
452,1060,1512,0.13731608076727642
452,1071,1523,0.13732704545476818
449,1062,1511,0.13733570049240515
454,1054,1508,0.1373507517036384
460,1041,1501,0.13735258412587914
471,1044,1515,0.1373411582997384
461,1043,1504,0.13730621645329905
455,1051,1506,0.13729725127922343
459,1062,1521,0.13730481523766402
458,1064,1522,0.13730141179162472
453,1068,1521,0.1373021680882798
448,1067,1515,0.13731429087947603
444,1064,1508,0.1373358992050965
441,1068,1509,0.1373653614591064
447,1069,1516,0.13739915290918261
448,1068,1516,0.1374152848261525
450,1057,1507,0.13742758637294855
446,1049,1495,0.1374336540943159
452,1052,1504,0.13744654695784111
449,1049,1498,0.13744538354340782
441,1054,1495,0.1374538125319564
441,1060,1501,0.13748020198635355
444,1055,1499,0.13750689973236682
444,1049,1493,0.1375218638283095
443,1061,1504,0.13753510341035147
446,1062,1508,0.13754849293709803
442,1062,1504,0.1375520646966523
450,1051,1501,0.1375676894945586
456,1062,1518,0.13756520129265506
452,1068,1520,0.13754676382397707
450,1068,1518,0.13754010682538328
441,1056,1497,0.13753884398776298
447,1052,1499,0.1375579137958282
440,1065,1505,0.13755999382718614
444,1075,1519,0.1375799044587996
443,1070,1513,0.13759060221572286
443,1065,1508,0.13760181573807503
444,1064,1508,0.13761337033541665
442,1056,1498,0.13762107032692175
446,1057,1503,0.13763324090628576
445,1058,1503,0.13763501725097466
446,1051,1497,0.13763919688970927
441,1075,1516,0.13764114858972154
439,1073,1512,0.1376544120147158
440,1082,1522,0.13767307573713494
445,1083,1528,0.13768782173859445
443,1076,1519,0.13768771138340521
440,1077,1517,0.13769382740241679
432,1087,1519,0.13770728743444668
429,1083,1512,0.137738217543216
429,1079,1508,0.13777533413794057
424,1076,1500,0.13781074016824302
425,1076,1501,0.13785386438827701
420,1087,1507,0.13789086990195093
412,1087,1499,0.1379375781044897
414,1095,1509,0.13799993094814142
420,1083,1503,0.1380533667218674
420,1084,1504,0.1380903381451982
415,1089,1504,0.13812664980920938
415,1098,1513,0.13817177412585374
410,1092,1502,0.13821449143974246
410,1094,1504,0.1382663112815524
404,1094,1498,0.13831365586115596
407,1090,1497,0.13836996605588317
412,1089,1501,0.13841461809837582
414,1093,1507,0.13844669771453696
415,1091,1506,0.13847011170669687
410,1086,1496,0.13848912885101236
407,1070,1477,0.13852058000332496
409,1085,1494,0.13855770660748357
414,1087,1501,0.13858448048219632
415,1081,1496,0.1386005319145027
412,1089,1501,0.1386121668221641
410,1093,1503,0.13863190750330245
402,1094,1496,0.13865535203234255
410,1099,1509,0.13869580336692486
413,1097,1510,0.13871535242784647
403,1106,1509,0.1387257295954872
404,1108,1512,0.13875800491598003
406,1112,1518,0.1387855473329061
408,1106,1514,0.13880733252336694
403,1109,1512,0.13882351036254345
403,1103,1506,0.13885082436115764
406,1105,1511,0.13887595708086972
414,1118,1532,0.13889243502019663
408,1104,1512,0.13889047110438496
406,1109,1515,0.13890361121425707
395,1099,1494,0.13892128406231793
388,1101,1489,0.13896412215813778
392,1108,1500,0.1390198702343283
390,1110,1500,0.13906347287735707
384,1108,1492,0.1391090651275294
389,1104,1493,0.13916669937510673
388,1104,1492,0.13920978326818795
386,1108,1494,0.1392521499386645
384,1112,1496,0.13929608663423085
385,1123,1508,0.1393414612882439
386,1118,1504,0.13937975846467207
386,1123,1509,0.13941509416433975
390,1130,1520,0.13944643748546037
389,1131,1520,0.13946636532378082
386,1135,1521,0.13948876819047223
371,1133,1504,0.1395176136099681
371,1125,1496,0.13957659247076076
383,1121,1504,0.139631906567735
385,1135,1520,0.13965661898419823
381,1138,1519,0.13967416662091808
380,1136,1516,0.1397001556503298
380,1132,1512,0.1397268238301941
380,1132,1512,0.13975164779738555
391,1131,1522,0.13977543464857958
388,1134,1522,0.13977134151097936
389,1126,1515,0.13977268057963146
387,1126,1513,0.13977370157222072
392,1115,1507,0.13977897207188092
393,1124,1517,0.13977154672180864
389,1131,1520,0.1397628654618782
388,1141,1529,0.13976507956783904
384,1134,1518,0.13977233362379413
380,1141,1521,0.13978991034292199
382,1141,1523,0.13981631850804044
381,1130,1511,0.13983730565253655
381,1134,1515,0.13986011384109936
386,1142,1528,0.1398800830461042
385,1132,1517,0.13988478801215265
377,1144,1521,0.1398932951736012
382,1138,1520,0.1399183574026459
376,1143,1519,0.1399317578205014
370,1143,1513,0.13995787912958027
367,1140,1507,0.1399953889099509
365,1147,1512,0.14003644512978153
363,1138,1501,0.14007950602006478
366,1140,1506,0.1401249600204424
362,1154,1516,0.14016125653512201
364,1157,1521,0.14020466769788795
361,1162,1523,0.14023967376619192
359,1152,1511,0.1402805419728973
362,1153,1515,0.14032285238631326
363,1145,1508,0.14035612972146277
371,1153,1524,0.14038435172415892
368,1155,1523,0.1403925156473564
363,1157,1520,0.14040758603505132
365,1151,1516,0.1404334055775475
359,1153,1512,0.14045358406055702
357,1146,1503,0.14048610158921931
358,1144,1502,0.14051981171553268
354,1149,1503,0.14054905865354658
354,1153,1507,0.14058646933294233
350,1139,1489,0.14062193268362758
352,1141,1493,0.1406639630630514
354,1131,1485,0.14069906583408107
352,1142,1494,0.14072839472810336
347,1146,1493,0.14076045796038653
347,1153,1500,0.140801141723039
356,1157,1513,0.14083956129582376
358,1159,1517,0.14085461739364308
356,1166,1522,0.1408624873908242
351,1160,1511,0.14087459775275557
353,1160,1513,0.14089669794924892
352,1145,1497,0.1409138958453171
353,1155,1508,0.14093286907133312
354,1153,1507,0.1409483697906451
356,1160,1516,0.14095762820685157
348,1161,1509,0.1409631108153998
349,1161,1510,0.14098720911245904
347,1152,1499,0.14100803944467796
346,1159,1505,0.141033368039892
349,1163,1512,0.1410599519196879
350,1168,1518,0.14107793779523187
348,1167,1515,0.1410920756935326
344,1177,1521,0.1411096034813075
347,1175,1522,0.14113555721386883
340,1183,1523,0.14115198222552244
343,1185,1528,0.14118380577801015
338,1174,1512,0.1412067548687988
337,1166,1503,0.14123979908796383
340,1163,1503,0.1412738379832583
335,1166,1501,0.14129816723743469
342,1167,1509,0.14133186565444983
338,1170,1508,0.14134702813296862
333,1168,1501,0.14137092016327357
332,1169,1501,0.14140504483456312
333,1170,1503,0.1414404678498595
327,1173,1500,0.14147082915630613
333,1174,1507,0.14151137914060982
346,1174,1520,0.14153544717336364
340,1172,1512,0.14152785159410075
335,1177,1512,0.14153533336469137
343,1189,1532,0.14155388221983667
345,1185,1530,0.14155096630283215
346,1186,1532,0.14154243475397366
337,1193,1530,0.1415332137170701
328,1185,1513,0.1415465916528771
329,1182,1511,0.1415792299944434
332,1176,1508,0.14160673341460875
331,1178,1509,0.14162428720580023
330,1191,1521,0.14164399358324406
327,1183,1510,0.14166577567281094
328,1180,1508,0.1416941983962056
323,1180,1503,0.14171805775788013
325,1186,1511,0.14175223388863262
323,1179,1502,0.1417788830002133
321,1190,1511,0.14180800568367757
319,1192,1511,0.14183861231679457
317,1202,1519,0.14187245413129035
321,1202,1523,0.14190890757786576
308,1199,1507,0.1419340701625359
305,1211,1516,0.14198745854907752
309,1202,1511,0.14204447438527332
310,1196,1506,0.1420896774355729
306,1194,1500,0.14212812112409526
304,1207,1511,0.14217197443520352
303,1208,1511,0.1422182535188318
309,1212,1521,0.1422654891045733
312,1212,1524,0.14229523333785662
310,1216,1526,0.14231638625049395
304,1211,1515,0.1423400784385648
308,1218,1526,0.14237685706582773
310,1208,1518,0.14240314489288813
309,1212,1521,0.14242204251362542
308,1218,1526,0.1424410220212584
304,1217,1521,0.14246171362858248
301,1212,1513,0.1424908438047539
303,1226,1529,0.14252545095620148
303,1220,1523,0.1425524556400622
304,1221,1525,0.14257767595667606
301,1217,1518,0.14259953273168421
307,1219,1526,0.1426272553408926
305,1210,1515,0.1426385535917577
303,1207,1510,0.14265172350813227
297,1215,1512,0.14266928295662282
296,1211,1507,0.14269978974191277
300,1216,1516,0.14272937271824923
304,1215,1519,0.14274777179682924
300,1208,1508,0.14275396073338376
299,1201,1500,0.14276773969180742
303,1201,1504,0.14278108185430366
309,1201,1510,0.14278283779832027
305,1204,1509,0.1427709525135497
310,1187,1497,0.14277064210221785
313,1180,1493,0.14275788314442717
310,1194,1504,0.14273966827445161
308,1191,1499,0.14273054762498807
303,1193,1496,0.14272787955881253
299,1191,1490,0.14273724729882936
292,1192,1484,0.14275460360619815
297,1192,1489,0.14278867613796523
295,1197,1492,0.1428090835581789
305,1200,1505,0.1428328154623769
304,1202,1506,0.14283044203009074
298,1211,1509,0.14283161879318068
298,1214,1512,0.14284746556655142
295,1225,1520,0.142859934838384
298,1222,1520,0.14287826507348558
306,1220,1526,0.14288949425338163
305,1211,1516,0.1428807223957475
311,1216,1527,0.1428767152152946
303,1221,1524,0.14286039380611446
299,1229,1528,0.1428643912945209
301,1222,1523,0.14287837974641504
303,1214,1517,0.14288709325507754
302,1212,1514,0.1428912546779325
297,1209,1506,0.14289690962424545
291,1210,1501,0.1429151800814529
294,1212,1506,0.14294770282807692
298,1217,1515,0.1429718843056017
292,1219,1511,0.14298298642971713
290,1214,1504,0.14300775585773556
284,1224,1508,0.14303412374560925
282,1227,1509,0.1430732926590714
273,1218,1491,0.14311502333669196
274,1223,1497,0.14317383660854646
274,1231,1505,0.14322664842468766
275,1238,1513,0.14327558860884293
274,1239,1513,0.14331849918525918
274,1235,1509,0.14336097559462405
271,1230,1501,0.14340034926445563
267,1228,1495,0.14344433711888796
264,1250,1514,0.1434957564626445
269,1260,1529,0.1435514682562319
272,1261,1533,0.14359206741743885
272,1254,1526,0.1436223067018915
272,1246,1518,0.1436515228747287
267,1245,1512,0.14368028790348308
268,1248,1516,0.14371876791163998
266,1259,1525,0.14375255122474748
263,1254,1517,0.1437870585310947
264,1255,1519,0.1438270553294365
266,1240,1506,0.14386245724219474
263,1242,1505,0.14389112858670774
265,1246,1511,0.14392348089590637
264,1244,1508,0.14394951679537146
266,1258,1524,0.1439762631708053
266,1257,1523,0.14399784144516128
264,1250,1514,0.14401704282811317
256,1253,1509,0.14403924745978927
253,1250,1503,0.14407926753748365
252,1256,1508,0.14412530362480497
250,1261,1511,0.14417034081870578
248,1271,1519,0.14421497642086983
247,1275,1522,0.14426115102606227
242,1257,1499,0.14430734047317442
239,1253,1492,0.14436279278851433
245,1265,1510,0.14442156793447125
241,1262,1503,0.14446354342991877
246,1256,1502,0.1445113099597282
249,1249,1498,0.14454249694578258
251,1261,1512,0.14456451875983795
250,1265,1515,0.14457952331037835
253,1274,1527,0.14459695500198919
251,1278,1529,0.14460584967370674
247,1278,1525,0.14461903829610875
241,1278,1519,0.14464090790064993
242,1257,1499,0.1446759896845357
237,1254,1491,0.14470667280467153
241,1255,1496,0.14474688866464022
238,1263,1501,0.14477538282053126
242,1261,1503,0.1448073607093448
242,1258,1500,0.1448275737500147
242,1276,1518,0.14484461422110115
242,1259,1501,0.14486055740066114
239,1263,1502,0.1448759174313394
243,1266,1509,0.14489795011811388
241,1268,1509,0.1449094757642994
248,1283,1531,0.144926466197753
241,1270,1511,0.14492565541132513
247,1257,1504,0.14494094714354425
241,1254,1495,0.14493988453975118
245,1256,1501,0.14495249676562053
238,1249,1487,0.1449550104108604
240,1248,1488,0.1449742449972192
235,1245,1480,0.1449880129846378
241,1245,1486,0.14501296214027815
241,1261,1502,0.14501931877541108
243,1262,1505,0.14502680522222192
237,1280,1517,0.14502904338950082
238,1285,1523,0.14504754522559166
237,1275,1512,0.14506317244614894
238,1291,1529,0.1450802562188073
233,1286,1519,0.1450920373112894
231,1282,1513,0.14511479649306644
226,1282,1508,0.14514045531090203
225,1277,1502,0.14517717890184745
228,1287,1515,0.1452148109336214
230,1293,1523,0.1452423801376181
229,1277,1506,0.14526385777323492
229,1271,1500,0.14528677762709166
222,1281,1503,0.1453076457900436
220,1269,1489,0.1453445521775943
217,1270,1487,0.14538423157539757
217,1269,1486,0.14542792196524407
218,1275,1493,0.1454703706787481
215,1274,1489,0.14550828277703645
211,1281,1492,0.14554961319281712
214,1292,1506,0.14559577210773336
214,1278,1492,0.1456317451727712
214,1283,1497,0.14566569974524243
211,1287,1498,0.1456971071128083
211,1287,1498,0.1457338691354832
216,1298,1514,0.14576804998719406
208,1294,1502,0.1457886565566533
210,1304,1514,0.1458262406709167
212,1304,1516,0.145856735402577
213,1296,1509,0.1458798377712612
205,1307,1512,0.1458976694575184
207,1305,1512,0.1459334134917325
208,1315,1523,0.14596213120315407
207,1298,1505,0.14598619705510363
209,1306,1515,0.14601024776550267
215,1306,1521,0.146028309122717
215,1307,1522,0.14603072206541995
215,1308,1523,0.1460328012077231
212,1308,1520,0.146034644416494
215,1309,1524,0.14604456093237414
214,1316,1530,0.14604560228681904
218,1319,1537,0.14604912296166275
216,1313,1529,0.14604337336396336
217,1304,1521,0.14604320322381456
222,1296,1518,0.1460410874886188
221,1304,1525,0.14602637994006973
219,1306,1525,0.14601435737227902
217,1298,1515,0.1460084510899048
218,1295,1513,0.146007741432072
218,1294,1512,0.14600471337042176
221,1287,1508,0.14600178248212542
220,1294,1514,0.14599160537826
220,1297,1517,0.1459847159775074
216,1294,1510,0.14597657933592778
217,1289,1506,0.14597782511736157
218,1294,1512,0.1459768147024884
218,1289,1507,0.14597367944100764
207,1297,1504,0.14597179807142535
202,1296,1498,0.14599593091823848
207,1302,1509,0.14603085390171988
209,1303,1512,0.14605330073044767
213,1306,1519,0.14606996566349217
213,1313,1526,0.14607236625245007
207,1307,1514,0.14607585638757328
209,1311,1520,0.14609293951922717
208,1315,1523,0.14610373346321284
204,1323,1527,0.14611708275942678
200,1313,1513,0.14614124862728667
197,1318,1515,0.1461735241139616
193,1318,1511,0.14621210245507205
191,1317,1508,0.1462578429455489
189,1330,1519,0.1463043866147314
188,1320,1508,0.1463523666254268
185,1309,1494,0.14639994942518414
182,1312,1494,0.1464517820454606
184,1297,1481,0.14650806614202086
184,1305,1489,0.14655588496677321
185,1303,1488,0.14660102220027782
188,1315,1503,0.14663840590444874
187,1314,1501,0.14666725947605938
188,1324,1512,0.14669728566865653
190,1336,1526,0.14672261960217067
191,1323,1514,0.1467408053469918
187,1328,1515,0.14675436212843085
190,1323,1513,0.14677700376139566
187,1319,1506,0.14679089575192547
190,1321,1511,0.1468104109357726
192,1320,1512,0.1468214345725503
191,1337,1528,0.14682743472837947
191,1333,1524,0.14683572439071382
189,1348,1537,0.146841916888277
191,1352,1543,0.1468537466726101
189,1332,1521,0.1468591496083701
189,1331,1520,0.14687037833763725
194,1329,1523,0.14688173596323975
190,1334,1524,0.14687971717193388
185,1342,1527,0.14688877188726443
184,1335,1519,0.14690970247008858
182,1333,1515,0.14693228423502191
181,1326,1507,0.14695811296899097
180,1310,1490,0.14698524190399756
178,1323,1501,0.14701303708879773
170,1334,1504,0.14704425973629712
169,1335,1504,0.14709221725047425
166,1338,1504,0.14713762855472798
165,1355,1520,0.14718693370687613
166,1373,1539,0.14723463592535244
166,1358,1524,0.14727613554321892
169,1346,1515,0.1473151379012488
170,1352,1522,0.14734495511156734
169,1346,1515,0.14737124841581203
166,1343,1509,0.14739880279169373
169,1359,1528,0.14743120425923348
166,1347,1513,0.14745445306943242
164,1339,1503,0.14748403572911384
163,1351,1514,0.1475161848301018
159,1360,1519,0.14754786084077767
160,1357,1517,0.147587321585675
160,1361,1521,0.1476207490365983
159,1365,1524,0.14765282709227112
161,1358,1519,0.14768598039259392
163,1360,1523,0.14771299517051215
159,1357,1516,0.14773347833678233
157,1350,1507,0.14776233856829268
160,1364,1524,0.14779478203549784
156,1368,1524,0.14781730171652246
157,1352,1509,0.14784664861316835
157,1348,1505,0.14787212825025572
158,1349,1507,0.14789635293153686
157,1353,1510,0.14791748597492582
155,1351,1506,0.1479400283749526
161,1361,1522,0.1479649261350304
156,1368,1524,0.14797331430978297
155,1344,1499,0.14799405642267371
149,1350,1499,0.14801451670476623
152,1370,1522,0.14804835866883326
150,1366,1516,0.1480723665064691
147,1361,1508,0.14809907851150853
146,1376,1522,0.14813205067642204
149,1362,1511,0.14816495802545757
148,1362,1510,0.14818895699381016
147,1368,1515,0.14821215800078527
146,1384,1530,0.148236088598284
145,1372,1517,0.14825887887113778
141,1365,1506,0.1482827361363716
145,1365,1510,0.1483149932921871
145,1369,1514,0.14833699145057438
146,1378,1524,0.14835854140101418
143,1371,1514,0.14837663747201024
141,1387,1528,0.14839959333271155
144,1377,1521,0.14842554654347748
145,1377,1522,0.14844211968878857
145,1379,1524,0.14845526673475828
146,1379,1525,0.14846709318026957
146,1369,1515,0.14847687270645177
145,1380,1525,0.14848677616527137
146,1367,1513,0.14849856402601636
144,1364,1508,0.14850799594579608
141,1369,1510,0.14852015648365022
142,1368,1510,0.14853912146137924
140,1378,1518,0.148553976437065
136,1364,1500,0.14857320187657458
138,1372,1510,0.1486004698923586
137,1375,1512,0.14862045918303032
141,1374,1515,0.1486402703941269
140,1383,1523,0.14864913322752119
142,1379,1521,0.1486601584812763
138,1368,1506,0.14866531473641145
142,1362,1504,0.14867954158291488
144,1365,1509,0.14868335319841797
141,1371,1512,0.14868158464121842
144,1373,1517,0.1486869712764309
143,1385,1528,0.14868477776293199
140,1385,1525,0.14868535951370362
140,1367,1507,0.14869397582226934
137,1373,1510,0.14870278148404042
138,1393,1531,0.1487186619962482
135,1382,1517,0.1487318567939181
133,1376,1509,0.14875169965482807
132,1370,1502,0.14877534561392036
132,1377,1509,0.14879975755807848
132,1383,1515,0.1488215421697513
134,1384,1518,0.14884203534474735
137,1375,1512,0.14885575630718922
138,1377,1515,0.14886129482641025
137,1383,1520,0.14886315717870258
137,1387,1524,0.14886844416597514
135,1382,1517,0.1488737217982782
136,1375,1511,0.14888428462580222
134,1379,1513,0.148889636977947
131,1379,1510,0.14889928773475547
131,1378,1509,0.1489159583331409
130,1376,1506,0.14893238450674187
132,1387,1519,0.1489496979112341
133,1389,1522,0.14896056207495045
133,1381,1514,0.14896822206377014
132,1385,1517,0.14897638854781392
133,1386,1519,0.1489864372772053
130,1374,1504,0.1489929042952324
131,1369,1500,0.14900471267166235
132,1368,1500,0.14901286200646108
132,1378,1510,0.14901880818505706
132,1383,1515,0.14902472462862487
136,1369,1505,0.14902941589248242
139,1362,1501,0.14902428566319453
139,1367,1506,0.14901168811825768
140,1369,1509,0.14899907037687457
140,1380,1520,0.14898545035843203
134,1378,1512,0.14897282130272374
131,1374,1505,0.1489756652053582
130,1368,1498,0.1489847495448501
129,1377,1506,0.14899650054725389
131,1380,1511,0.14900993068581705
131,1389,1520,0.1490175202255986
133,1384,1517,0.1490257377150101
132,1390,1522,0.1490295753515711
128,1403,1531,0.14903574965937658
129,1404,1533,0.14905138444816426
130,1393,1523,0.14906315318749047
127,1391,1518,0.1490719554839634
126,1383,1509,0.1490863677045901
123,1393,1516,0.14910282915554302
125,1388,1513,0.14912556268881838
125,1379,1504,0.149141351364407
126,1384,1510,0.14915560196469674
127,1389,1516,0.1491656009009923
131,1379,1510,0.14917315437853165
133,1378,1511,0.1491695132958627
133,1353,1486,0.14915813831532204
137,1363,1500,0.1491467137966761
136,1354,1490,0.14912588834968987
135,1365,1500,0.14910801214716737
133,1380,1513,0.14909401010422701
133,1366,1499,0.14908620878887452
137,1386,1523,0.14907866911882683
132,1391,1523,0.1490615073722785
132,1392,1524,0.1490580162495419
131,1367,1498,0.14905559303936955
137,1369,1506,0.14905666985702704
137,1386,1523,0.14904384976676052
139,1395,1534,0.14903222881975584
137,1391,1528,0.14901620828975357
131,1399,1530,0.14900539428579593
130,1393,1523,0.1490105580848234
130,1399,1529,0.14901823453318877
130,1394,1524,0.1490243978332771
132,1392,1524,0.1490307727121433
134,1390,1524,0.14903229330548218
136,1366,1502,0.14902997126396528
135,1370,1505,0.14902255272717344
129,1376,1505,0.1490181270009768
128,1389,1517,0.14902976432375883
127,1381,1508,0.14904442854693686
128,1382,1510,0.14906102106271782
128,1393,1521,0.14907334674992354
126,1394,1520,0.14908543842453914
126,1395,1521,0.14910189974196958
125,1406,1531,0.14911828518927772
124,1403,1527,0.1491356877338572
126,1402,1528,0.14915445280106607
125,1395,1520,0.14916718977833332
124,1393,1517,0.14918253143080884
126,1392,1518,0.14919863883220116
125,1396,1521,0.14920834606195743
124,1406,1530,0.14921985610226166
122,1407,1529,0.14923185784390153
120,1399,1519,0.1492488931146815
120,1403,1523,0.14926983970476868
119,1407,1526,0.14929017925468724
120,1413,1533,0.1493119754089993
120,1398,1518,0.14933065519798427
122,1399,1521,0.14934845961293367
118,1403,1521,0.14936016622147558
118,1401,1519,0.1493795583879286
117,1394,1511,0.14939743545997253
114,1378,1492,0.14941757316106213
115,1381,1496,0.14944309605313216
112,1398,1510,0.14946432201799742
110,1396,1506,0.14949172128330834
110,1400,1510,0.14952196906302562
105,1399,1504,0.14955011813058175
104,1410,1514,0.14958932262026917
105,1405,1510,0.14962802423842386
104,1403,1507,0.14966107069419407
101,1401,1502,0.1496953740056492
101,1413,1514,0.14973474462357048
102,1410,1512,0.14977066720747917
97,1417,1514,0.14980233655465663
102,1421,1523,0.1498441314709738
101,1427,1528,0.1498679089672333
99,1423,1522,0.1498931338610074
95,1432,1527,0.14992273826778044
92,1418,1510,0.14996027780165008
95,1424,1519,0.15000111386730222
97,1419,1516,0.15003316326235974
95,1412,1507,0.1500568606427098
94,1419,1513,0.15008404335531458
93,1411,1504,0.15011243703194035
92,1426,1518,0.1501429222871692
92,1436,1528,0.15017480604099367
94,1436,1530,0.150205328749688
95,1438,1533,0.15022976077864997
95,1430,1525,0.15025032078447997
95,1416,1511,0.15026996738002338
92,1423,1515,0.15028791581502765
92,1434,1526,0.15031218470854
91,1432,1523,0.15033303824426603
94,1434,1528,0.15035539954229937
93,1441,1534,0.15036763483192625
94,1435,1529,0.15038190062062198
93,1441,1534,0.1503933588446096
94,1440,1534,0.15040715116313724
95,1440,1535,0.15041751344053395
94,1434,1528,0.15042566075090666
96,1424,1520,0.1504359856514337
95,1422,1517,0.15044007182869026
89,1433,1522,0.15044644477647143
91,1426,1517,0.15046671877798892
89,1429,1518,0.15048180007954287
88,1427,1515,0.1505009414112078
89,1419,1508,0.15052161890883134
89,1428,1517,0.15053793752099
88,1425,1513,0.15055166083352686
91,1422,1513,0.15056677314454284
93,1425,1518,0.1505745445524794
94,1415,1509,0.150576320492949
93,1431,1524,0.15057586153200536
87,1427,1514,0.15057855429864656
84,1423,1507,0.15059545374385686
85,1416,1501,0.15061836339812484
83,1418,1501,0.15063795564507462
82,1415,1497,0.15066118844190743
80,1422,1502,0.15068537913415042
80,1425,1505,0.1507131730328608
81,1440,1521,0.1507381329072862
81,1424,1505,0.15075980344590661
80,1424,1504,0.1507805065773925
83,1427,1510,0.15080213604267242
85,1431,1516,0.1508146659079971
84,1433,1517,0.15082095021126862
85,1430,1515,0.15082777079344098
87,1437,1524,0.15083194626582194
86,1443,1529,0.15082960281841878
86,1440,1526,0.15083055232169829
86,1435,1521,0.1508307012903099
86,1424,1510,0.15083176773960993
86,1431,1517,0.15083305925144758
86,1438,1524,0.15083427526713356
83,1449,1532,0.1508362742826267
83,1449,1532,0.15084545778344735
84,1447,1531,0.15085488374267128
85,1440,1525,0.15086107594181225
87,1443,1530,0.1508632368258585
84,1439,1523,0.15086097231695625
82,1435,1517,0.15086727595995963
81,1435,1516,0.15087739903312217
83,1424,1507,0.15088899152908067
83,1432,1515,0.1508952892284152
84,1435,1519,0.15090105132445572
83,1433,1516,0.15090409968863758
85,1434,1519,0.15090912445718385
85,1439,1524,0.1509081652788857
81,1440,1521,0.15090794915369415
81,1440,1521,0.1509181627459672
77,1438,1515,0.15092835272539695
77,1439,1516,0.1509473975909026
77,1443,1520,0.15096585200554227
79,1440,1519,0.15098280041817005
75,1452,1527,0.15099352995724716
76,1453,1529,0.15101311295876316
74,1444,1518,0.1510296275521813
73,1438,1511,0.15105001110193983
73,1436,1509,0.15107164332872525
74,1428,1502,0.15109129093470341
72,1431,1503,0.15110780679457309
70,1429,1499,0.15112877281735201
69,1448,1517,0.15115257370211638
71,1448,1519,0.15117752868084247
72,1450,1522,0.15119563498894792
71,1456,1527,0.15120981400174816
69,1463,1532,0.15122657653826896
69,1458,1527,0.15124706991482356
67,1446,1513,0.15126556554705292
71,1436,1507,0.15128753411100423
67,1437,1504,0.15129778960066453
65,1451,1516,0.1513172304346946
64,1443,1507,0.1513403695535029
62,1438,1500,0.1513646650098165
63,1448,1511,0.15139231809060333
61,1450,1511,0.15141536092489427
61,1446,1507,0.15144160455004146
61,1448,1509,0.15146638477261326
58,1455,1513,0.15148995864028797
57,1461,1518,0.1515195573911712
56,1470,1526,0.15154986072098242
54,1469,1523,0.1515806253478277
56,1466,1522,0.15161446203498
52,1468,1520,0.15163988714949067
50,1470,1520,0.15167331663926384
50,1465,1515,0.15170969672287068
54,1478,1532,0.15174406828710288
55,1468,1523,0.15176606852988847
54,1460,1514,0.15178374862526905
54,1461,1515,0.15180290929056756
55,1456,1511,0.15182008125061627
53,1470,1523,0.1518338051465923
53,1475,1528,0.15185171845942647
55,1469,1524,0.15186914573674776
54,1462,1516,0.15188029878988243
53,1449,1502,0.1518924857581649
54,1464,1518,0.15190645919023502
56,1475,1531,0.1519171905821265
53,1481,1534,0.15192322442750372
52,1478,1530,0.15193625498689495
51,1463,1514,0.15195109713941637
51,1459,1510,0.15196759521005523
51,1469,1520,0.15198334750400136
50,1462,1512,0.15199836294590496
50,1455,1505,0.15201480340834292
51,1461,1512,0.15203040300440954
50,1479,1529,0.15204261192447363
48,1482,1530,0.1520566306739773
48,1469,1517,0.15207446543665104
50,1466,1516,0.15209135358434328
49,1468,1517,0.15210146585880532
51,1468,1519,0.15211277837156836
51,1466,1517,0.15211800114290652
50,1473,1523,0.1521224374355469
50,1458,1508,0.15212938806711596
47,1454,1501,0.15213636836653646
48,1459,1507,0.15214905760988956
48,1454,1502,0.15215901940862409
46,1469,1515,0.15216878036950063
43,1474,1517,0.1521815102919361
45,1461,1506,0.15220220729929365
45,1455,1500,0.15221731015791512
45,1452,1497,0.1522311578054573
43,1461,1504,0.15224411402390386
44,1455,1499,0.15226116866450454
43,1449,1492,0.15227438857018635
44,1455,1499,0.1522892379021714
46,1467,1513,0.152300553256693
45,1472,1517,0.1523056490859843
45,1477,1522,0.15231306972016348
46,1472,1518,0.1523204736812755
45,1470,1515,0.15232528005428794
45,1467,1512,0.15233244019300393
45,1475,1520,0.1523395699500271
44,1479,1523,0.15234660275052866
42,1475,1517,0.15235569036127194
43,1476,1519,0.1523689553966444
44,1480,1524,0.15237870173066162
44,1479,1523,0.15238590308879243
43,1479,1522,0.15239185787365112
39,1473,1512,0.15239927026546596
44,1482,1526,0.1524159943981983
45,1474,1519,0.15241866285107364
44,1477,1521,0.15241941226267255
44,1479,1523,0.15242273920825158
44,1477,1521,0.15242665993019305
44,1467,1511,0.1524306785307432
43,1473,1516,0.15243461383658855
43,1463,1506,0.15244081077878358
43,1458,1501,0.152446680041537
43,1473,1516,0.152451637818639
43,1470,1513,0.15245656126859367
42,1470,1512,0.15246107261848652
41,1458,1499,0.15246787816828347
45,1463,1508,0.1524761899191582
44,1460,1504,0.15247467145715723
43,1468,1511,0.15247594824666366
44,1481,1525,0.15247959423666374
43,1471,1514,0.15248002764679675
43,1482,1525,0.1524831181287557
43,1481,1524,0.1524862974042609
42,1476,1518,0.1524895239634231
43,1482,1525,0.15249490368372648
42,1484,1526,0.15249686050755754
42,1480,1522,0.15250110846805648
43,1479,1522,0.15250386802316798
44,1478,1522,0.1525020578077427
42,1479,1521,0.1524987361612173
42,1478,1520,0.15250074072284714
43,1463,1506,0.15250286622855388
42,1468,1510,0.15250257862509797
42,1468,1510,0.15250492721420772
40,1474,1514,0.15250639624781342
41,1472,1513,0.15251194042525393
43,1483,1526,0.15251418042609807
42,1471,1513,0.15251179615598115
43,1482,1525,0.15251126495100675
43,1487,1530,0.1525075821174577
43,1483,1526,0.1525042217256173
42,1473,1515,0.15250179059874389
45,1479,1524,0.15250227414382064
44,1463,1507,0.1524952600387302
47,1473,1520,0.1524911377788867
43,1476,1519,0.15248030945754634
45,1481,1526,0.15247925263351866
45,1474,1519,0.15247391175501326
50,1455,1505,0.1524693554588198
50,1474,1524,0.15245123918243275
50,1471,1521,0.15243442646532238
50,1469,1519,0.15241942620860446
51,1463,1514,0.15240581424271116
52,1465,1517,0.1523911848279447
51,1463,1514,0.15237575114488192
51,1451,1502,0.15236320330416955
50,1456,1506,0.1523520014921832
48,1473,1521,0.15234409063644422
48,1480,1528,0.15234175607773007
48,1470,1518,0.1523399878716998
47,1453,1500,0.15233855687557898
46,1458,1504,0.15234007513903797
46,1456,1502,0.15234417559523564
45,1457,1502,0.15234724637216793
47,1466,1513,0.15235252707313918
47,1467,1514,0.1523511499208152
46,1468,1514,0.15235039204275336
44,1453,1497,0.1523526931928847
45,1459,1504,0.15235965497729653
44,1458,1502,0.15236458578857998
43,1458,1501,0.1523717035056673
42,1461,1503,0.15238110846795067
41,1468,1509,0.1523923673141468
42,1460,1502,0.15240556782121392
43,1468,1511,0.15241455974867776
43,1466,1509,0.1524209924475899
42,1464,1506,0.152427305390506
41,1449,1490,0.15243593841736522
41,1456,1497,0.1524455129123887
41,1460,1501,0.15245476373356795
43,1464,1507,0.15246343911222826
41,1465,1506,0.1524658340955872
44,1469,1513,0.15247212905250535
43,1474,1517,0.15247080531738383
44,1464,1508,0.15247115503004255
43,1463,1506,0.15246976897258718
45,1464,1509,0.15247097081891972
45,1468,1513,0.15246801922807365
44,1471,1515,0.1524657275890544
43,1464,1507,0.15246630519802717
41,1474,1515,0.15246930244209353
41,1475,1516,0.152477323026426
41,1487,1528,0.15248448909181941
43,1491,1534,0.1524913892774661
43,1488,1531,0.15249324564485314
42,1468,1510,0.15249449363779935
42,1461,1503,0.15249816277279815
41,1478,1519,0.15250181185972805
42,1478,1520,0.15250776563395438
43,1479,1522,0.15251029539286232
44,1484,1528,0.15251046707053514
42,1486,1528,0.15250880164154754
41,1488,1529,0.15251195396462897
42,1479,1521,0.15251744098432865
42,1472,1514,0.15252052353577508
44,1460,1504,0.1525230008549938
43,1464,1507,0.15252083929270666
42,1470,1512,0.15252133451022248
40,1475,1515,0.15252426474851133
40,1477,1517,0.15253090012888487
39,1475,1514,0.1525374183492572
40,1471,1511,0.1525456786094024
39,1470,1509,0.15255142601709562
41,1462,1503,0.15255938770823527
40,1471,1511,0.15256232349667745
38,1485,1523,0.1525675044568259
40,1481,1521,0.1525770601628474
38,1483,1521,0.1525813239206739
38,1483,1521,0.15259004378234134
38,1486,1524,0.1525986583380618
39,1479,1518,0.15260662492212693
41,1475,1516,0.15261202318073405
42,1486,1528,0.15261094684807425
38,1492,1530,0.152607398189877
38,1497,1535,0.15261331742313966
36,1487,1523,0.15261893886250338
37,1472,1509,0.1526286045813603
35,1477,1512,0.15263515073009218
40,1471,1511,0.15264590249274054
41,1471,1512,0.15264378761793337
40,1478,1518,0.15263888605453058
39,1474,1513,0.15263647147841508
38,1473,1511,0.1526365885709686
40,1468,1508,0.1526396920158815
41,1464,1505,0.1526365267196966
40,1471,1511,0.15263057992396456
41,1474,1515,0.15262736196766902
39,1480,1519,0.15262245190090215
41,1475,1516,0.15262185780188442
42,1473,1515,0.15261586760020474
43,1474,1517,0.15260759622996278
44,1474,1518,0.15259799697471554
43,1478,1521,0.15258620642113477
45,1478,1523,0.15257808630163525
44,1471,1515,0.15256550400008667
42,1466,1508,0.15255654786048173
43,1476,1519,0.15255304627989574
43,1473,1516,0.15254717229487422
42,1465,1507,0.15254184834465506
43,1455,1498,0.15254000628942788
44,1456,1500,0.15253588771644397
44,1457,1501,0.15252960322907957
43,1462,1505,0.15252421280366535
42,1457,1499,0.15252185822771153
41,1454,1495,0.1525216986364965
41,1468,1509,0.1525237169398254
40,1484,1524,0.15252580124738227
40,1477,1517,0.15253061570522902
40,1461,1501,0.15253509400743684
40,1461,1501,0.15253917706275902
42,1473,1515,0.15254207890497706
43,1469,1512,0.15254035314007133
42,1461,1503,0.15253626176637133
42,1474,1516,0.1525349417871562
39,1473,1512,0.15253398831900233
40,1475,1515,0.1525406009037652
39,1479,1518,0.15254428724078706
41,1465,1506,0.15255041010450512
40,1486,1526,0.15255115755021845
40,1477,1517,0.15255451393789018
39,1474,1513,0.1525570565913898
39,1489,1528,0.15256192067162874
39,1492,1531,0.15256668755134128
37,1465,1502,0.15257142928311784
37,1457,1494,0.1525810321503064
38,1458,1496,0.1525903981468417
38,1474,1512,0.15259696216396273
36,1472,1508,0.15260346022408222
35,1483,1518,0.152614326915089
34,1489,1523,0.1526270750625204
32,1487,1519,0.15264153762192392
30,1494,1524,0.15265970779667876
33,1491,1524,0.1526813344637044
35,1478,1513,0.15269470814523442
34,1469,1503,0.15270279460457567
34,1476,1510,0.15271284318767148
34,1474,1508,0.1527223103406443
35,1481,1516,0.15273137859964392
35,1490,1525,0.15273729247121345
36,1486,1522,0.15274204502958177
36,1472,1508,0.1527442336658839
35,1480,1515,0.15274654303254093
35,1499,1534,0.15275088596340342
36,1493,1529,0.15275448900392627
35,1478,1513,0.15275501739624808
34,1472,1506,0.15275807680324144
31,1481,1512,0.1527633808762307
31,1478,1509,0.15277573574430284
30,1494,1524,0.15278748508633921
30,1479,1509,0.1528008409513623
33,1473,1506,0.1528132204842755
33,1469,1502,0.15281749310326018
33,1488,1521,0.15282145035489397
34,1493,1527,0.15282539607035228
34,1488,1522,0.15282522351598518
33,1498,1531,0.15282542044743927
34,1503,1537,0.152828088280517
34,1485,1519,0.15282781189753436
34,1495,1529,0.15282843751417485
33,1494,1527,0.15282927425014228
33,1485,1518,0.15283251968227538
33,1485,1518,0.15283563514524548
34,1479,1513,0.15283873574917015
32,1464,1496,0.15283891131978336
30,1471,1501,0.15284382989705014
30,1473,1503,0.15285310227352109
31,1476,1507,0.15286196109117228
30,1480,1510,0.15286716036962514
30,1490,1520,0.152874441464565
28,1484,1512,0.15288145839324754
28,1490,1518,0.15289247540324344
26,1489,1515,0.15290223873191977
25,1508,1533,0.15291593048177676
25,1500,1525,0.15293116907619123
27,1506,1533,0.15294551783275728
25,1496,1521,0.15295402260657026
24,1489,1513,0.15296670011576446
24,1495,1519,0.1529801014307401
25,1494,1519,0.1529929885745382
24,1485,1509,0.15300251042131507
25,1488,1513,0.1530139033032048
25,1486,1511,0.15302129225987776
26,1488,1514,0.1530286045402421
27,1496,1523,0.1530333687931667
26,1490,1516,0.1530340387336648
23,1480,1503,0.1530369508548173
25,1488,1513,0.1530473115163176
26,1497,1523,0.1530514737589954
24,1497,1521,0.15305206924330672
25,1492,1517,0.15305767888728922
25,1501,1526,0.15305993363813686
25,1503,1528,0.15306263699568906
24,1500,1524,0.15306568943756063
24,1492,1516,0.15307127062310166
24,1486,1510,0.15307690703571886
25,1486,1511,0.15308254587193
25,1491,1516,0.15308548235938826
25,1495,1520,0.1530885538440713
25,1502,1527,0.15309171299871205
25,1493,1518,0.15309404911697905
25,1490,1515,0.1530956490727859
26,1487,1513,0.1530975767514094
26,1490,1516,0.15309658661227374
24,1486,1510,0.15309608266183067
25,1489,1514,0.15310111362639856
24,1493,1517,0.15310303318807794
25,1500,1525,0.15310748966957066
27,1494,1521,0.1531088418145461
26,1480,1506,0.1531046054041951
25,1490,1515,0.1531036237106358
25,1485,1510,0.15310539498176548
24,1477,1501,0.15310730690594265
24,1500,1524,0.1531119118154206
25,1490,1515,0.15311645830157133
25,1487,1512,0.15311693189354508
26,1490,1516,0.153117869188373
26,1479,1505,0.1531159171340483
25,1486,1511,0.1531144712528623
25,1489,1514,0.15311609839413454
27,1499,1526,0.15311747084414523
28,1486,1514,0.15311285827485474
29,1490,1519,0.15310586024859185
28,1497,1525,0.15309692174999
27,1489,1516,0.15309144094140437
29,1494,1523,0.15308914249011882
30,1486,1516,0.15308226138025235
30,1490,1520,0.15307308388415436
29,1482,1511,0.15306490813439033
30,1482,1512,0.1530592558288631
32,1476,1508,0.1530511829680081
29,1477,1506,0.1530385243727854
30,1480,1510,0.15303481543401212
30,1477,1507,0.15302864869015614
30,1486,1516,0.1530227466596226
29,1475,1504,0.15301770129205342
28,1484,1512,0.15301571839405212
28,1491,1519,0.15301651384395065
29,1491,1520,0.1530175912642472
28,1487,1515,0.15301563460045714
29,1485,1514,0.15301555314351936
28,1488,1516,0.15301338915253693
29,1482,1511,0.15301330539078886
27,1476,1503,0.1530112993803697
27,1478,1505,0.15301359568451503
28,1475,1503,0.15301616284586317
28,1489,1517,0.1530155683616535
28,1483,1511,0.15301516183096286
29,1478,1507,0.15301495622885597
31,1469,1500,0.15301249193223085
29,1481,1510,0.1530054070665843
29,1484,1513,0.153003819510365
29,1482,1511,0.1530021600886774
30,1477,1507,0.15300103119349578
30,1479,1509,0.1529976837657287
30,1493,1523,0.1529942495176235
29,1503,1532,0.15299060024218916
30,1492,1522,0.15298994123355533
29,1486,1515,0.15298706176325966
30,1474,1504,0.15298702841085074
30,1475,1505,0.15298434071254557
30,1475,1505,0.15298142089615685
29,1466,1495,0.15297913777250446
28,1472,1500,0.15297978477251298
28,1480,1508,0.15298305980181445
29,1490,1519,0.15298642719801825
29,1484,1513,0.1529873982969966
29,1483,1512,0.1529878345223539
27,1494,1521,0.152988552461008
27,1494,1521,0.1529941537670916
29,1480,1509,0.1529986458345613
30,1482,1512,0.1529975650403884
29,1487,1516,0.15299368742009656
28,1489,1517,0.15299361827009011
29,1477,1506,0.15299567827163685
28,1490,1518,0.15299489767553878
28,1485,1513,0.1529973306568035
29,1496,1525,0.15299972077089777
29,1490,1519,0.15299844117185152
29,1495,1524,0.152996947661297
28,1474,1502,0.15299526277380412
27,1476,1503,0.15299636785813434
26,1479,1505,0.1530004209893803
28,1481,1509,0.1530069738158567
27,1476,1503,0.1530075187016902
27,1479,1506,0.15301052225088058
28,1489,1517,0.153013684749976
28,1496,1524,0.15301449889083313
28,1500,1528,0.15301554035165726
27,1491,1518,0.15301675972124662
25,1481,1506,0.15302034308713441
27,1486,1513,0.15302869880462308
26,1491,1517,0.15303043068011635
26,1494,1520,0.15303481171820046
27,1490,1517,0.1530385532083152
26,1490,1516,0.15303922931643768
25,1499,1524,0.1530426488779806
25,1496,1521,0.15304850710337142
27,1484,1511,0.15305426554552956
26,1492,1518,0.15305363044073925
29,1515,1544,0.15305588026052694
28,1515,1543,0.15304986130504858
27,1504,1531,0.15304669439525587
26,1507,1533,0.15304652126358487
26,1515,1541,0.15304949953400268
28,1517,1545,0.1530526177624197
26,1497,1523,0.15305004524297605
24,1483,1507,0.15305278763407373
24,1485,1509,0.15306030799217257
24,1493,1517,0.15306763359640485
24,1490,1514,0.15307473880817252
25,1483,1508,0.1530816046013149
25,1479,1504,0.15308513958406045
27,1484,1511,0.15308869600685862
28,1491,1519,0.15308650074878544
28,1494,1522,0.15308169846209704
31,1497,1528,0.15307732721880582
33,1491,1524,0.15306438607257597
32,1472,1504,0.15304668024414916
33,1470,1503,0.15303335786434283
33,1482,1515,0.1530183432209234
33,1485,1518,0.15300491631936106
30,1463,1493,0.15299240627983782
30,1461,1491,0.15298873952906578
30,1472,1502,0.15298520654963368
33,1481,1514,0.15298232322765606
33,1485,1518,0.15297166788089
32,1489,1521,0.15296219981180623
31,1503,1534,0.15295603310183023
32,1505,1537,0.15295295424410987
34,1496,1530,0.1529472807601002
35,1497,1532,0.1529375098234787
35,1486,1521,0.152925530091516
32,1483,1515,0.15291413733682505
34,1486,1520,0.1529109332340762
33,1490,1523,0.15290353051172473
30,1489,1519,0.15289943088208824
30,1494,1524,0.152902846442909
29,1486,1515,0.15290634709759618
29,1483,1512,0.15291242477985537
28,1477,1505,0.15291831493354785
28,1474,1502,0.15292643673269404
28,1492,1520,0.1529341889638099
30,1491,1521,0.1529415740909817
30,1493,1523,0.15294199982752626
29,1492,1521,0.1529427251361092
28,1480,1508,0.15294594319043323
27,1493,1520,0.1529516820428902
29,1479,1508,0.15295956445208664
29,1478,1507,0.1529614846384227
29,1481,1510,0.15296269070628896
28,1477,1505,0.15296417615170443
28,1477,1505,0.15296819883483262
28,1475,1503,0.15297224775842877
28,1477,1505,0.15297628664134
27,1471,1498,0.1529787101861859
25,1480,1505,0.1529836620299887
28,1470,1498,0.15299409723929824
29,1470,1499,0.152994821728858
29,1470,1499,0.1529927449555186
29,1468,1497,0.1529913036963714
31,1480,1511,0.15299039670765205
31,1469,1500,0.15298381065036337
33,1472,1505,0.15297816654418153
35,1462,1497,0.15296747224089172
33,1472,1505,0.1529516550749697
33,1483,1516,0.15294208979946355
35,1487,1522,0.15293306263419662
35,1477,1512,0.1529193937911309
35,1465,1500,0.15290725705651365
33,1471,1504,0.1528964795074786
34,1486,1520,0.15289223409624259
33,1479,1512,0.15288606003128308
34,1480,1514,0.1528829152174236
34,1478,1512,0.15287712150927868
37,1471,1508,0.15287210492728015
37,1471,1508,0.1528591944322422
38,1492,1530,0.15284762383641937
37,1492,1529,0.1528332106987458
37,1500,1537,0.15282257287163253
35,1498,1533,0.15281254230058872
35,1497,1532,0.15280873358455638
34,1504,1538,0.15280499882165743
32,1503,1535,0.15280426868960806
31,1502,1533,0.15280846635690332
30,1490,1520,0.15281495622836438
31,1497,1528,0.15282388346619535
30,1489,1519,0.1528301547070987
31,1478,1509,0.15283788615758065
30,1484,1514,0.15284298681818945
28,1501,1529,0.15285036390690213
28,1501,1529,0.1528622385155712
28,1483,1511,0.1528736019698541
27,1487,1514,0.15288445655378682
27,1477,1504,0.15289709599646634
28,1495,1523,0.1529091020438329
30,1491,1521,0.15291806662815788
28,1501,1529,0.1529196194265618
27,1508,1535,0.15292614849943761
27,1507,1534,0.15293508838207523
27,1500,1527,0.1529437679997249
25,1492,1517,0.15295191590697074
23,1482,1505,0.1529650513962469
22,1481,1503,0.15298235401122726
22,1484,1506,0.15300114577585278
21,1491,1512,0.15301891667021886
21,1491,1512,0.15303803604104263
24,1495,1519,0.1530560731152062
24,1498,1522,0.15306460187939908
26,1492,1518,0.15307288641614292
24,1488,1512,0.15307510281676864
24,1489,1513,0.1530819806771374
25,1474,1499,0.15308876287732653
25,1494,1519,0.1530930595685928
24,1495,1519,0.15309736305575913
26,1484,1510,0.15310389841456842
26,1483,1509,0.15310489828525367
27,1488,1515,0.15310459025061576
26,1503,1529,0.15310171054923247
26,1497,1523,0.1531009751995023
26,1498,1524,0.15310080174496601
27,1478,1505,0.1531010946369337
27,1469,1496,0.15309928700667913
28,1461,1489,0.15309798753923168
27,1469,1496,0.1530940739135912
26,1482,1508,0.15309327692068758
27,1477,1504,0.1530951182139056
27,1480,1507,0.15309459133666173
27,1490,1517,0.1530944029395295
27,1485,1512,0.15309449850400153
27,1482,1509,0.15309483057059178
26,1475,1501,0.15309451918653771
26,1478,1504,0.15309696535940373
26,1490,1516,0.15309949776809284
23,1484,1507,0.15310208212186605
25,1491,1516,0.15311155869701124
26,1497,1523,0.15311503425997017
27,1501,1528,0.15311586981390096
28,1500,1528,0.1531141980529646
26,1486,1512,0.15310977238569926
25,1479,1504,0.15310998492575922
26,1501,1527,0.15311285981686523
24,1488,1512,0.15311261821406874
24,1488,1512,0.15311720213240776
24,1485,1509,0.15312184535744733
25,1484,1509,0.15312650003497158
25,1476,1501,0.15312872182834356
26,1482,1508,0.1531310574110595
29,1486,1515,0.15313008985138687
29,1479,1508,0.15312075169329417
29,1479,1508,0.15311249039809827
28,1479,1507,0.1531049858995444
28,1477,1505,0.15309989552268594
27,1474,1501,0.15309545281632636
27,1487,1514,0.15309409663900467
26,1486,1512,0.1530932175912672
26,1497,1523,0.15309509559169782
26,1490,1516,0.15309716594708475
27,1486,1513,0.1530993811530424
27,1486,1513,0.15309885971287754
27,1491,1518,0.15309866364185085
25,1490,1515,0.15309874100357257
24,1488,1512,0.15310375290393183
23,1498,1521,0.15311092231888526
24,1507,1531,0.15312004616058783
24,1511,1535,0.1531263594940685
24,1494,1518,0.15313243123175505
24,1488,1512,0.15313804502579167
23,1483,1506,0.1531434678987599
24,1494,1518,0.15315112733624298
25,1508,1533,0.15315528915025073
24,1500,1524,0.1531567839316296
24,1499,1523,0.1531606234322434
24,1493,1517,0.15316441754474105
24,1480,1504,0.15316814614957164
21,1486,1507,0.1531717930968865
22,1486,1508,0.1531819645796058
21,1485,1506,0.15318935678837747
20,1492,1512,0.15319789591134395
19,1500,1519,0.153208331214357
18,1483,1501,0.15322052097515382
18,1485,1503,0.153234271140505
18,1476,1494,0.15324728637920265
18,1490,1508,0.1532593748644562
18,1475,1493,0.15327019026736996
18,1485,1503,0.15328052413923138
19,1481,1500,0.1532902782897955
20,1484,1504,0.1532969402015655
21,1506,1527,0.1533007973974643
21,1492,1513,0.15330191685299427
21,1496,1517,0.15330316668451796
22,1500,1522,0.15330451393595237
22,1483,1505,0.15330257534636443
23,1490,1513,0.15330061338031165
23,1481,1504,0.15329592333362338
24,1489,1513,0.15329188012567108
24,1491,1515,0.1532853333047599
25,1486,1511,0.15327956329375567
25,1495,1520,0.1532714344791859
27,1488,1515,0.15326419515202266
27,1493,1520,0.1532508946971314
28,1493,1521,0.15323898523480986
29,1493,1522,0.15322589729557673
28,1490,1518,0.15321097261229594
28,1491,1519,0.15319980313810516
28,1484,1512,0.1531897927428989
29,1492,1521,0.153179076314838
29,1500,1529,0.15316615632012417
29,1497,1526,0.15315464602210202
27,1494,1521,0.15314438761231414
28,1488,1516,0.15313965961274065
29,1502,1531,0.1531333846967225
27,1488,1515,0.15312551760232762
30,1475,1505,0.1531233735160071
30,1491,1521,0.15311353701560584
30,1497,1527,0.153104711003697
29,1488,1517,0.1530967881763958
31,1483,1514,0.15309232035105058
31,1460,1491,0.15308197328330725
29,1468,1497,0.1530726994664304
28,1475,1503,0.15306953075053645
29,1471,1500,0.15306923759850044
29,1482,1511,0.15306545631213261
29,1482,1511,0.15306126858589242
28,1492,1520,0.15305776564319692
31,1484,1515,0.1530571941950881
31,1496,1527,0.15304906717881178
31,1499,1530,0.15304155952328538
32,1496,1528,0.15303339979411013
28,1487,1515,0.1530240133805269
27,1493,1520,0.1530253916959908
27,1492,1519,0.1530292042021736
31,1499,1530,0.153033067385456
30,1478,1508,0.1530269875587568
30,1482,1512,0.15302393758815167
29,1489,1518,0.15302043056025783
28,1486,1514,0.15301991862298958
32,1495,1527,0.153021961459818
33,1480,1513,0.15301289239586024
34,1488,1522,0.15300083780448198
33,1479,1512,0.15298781635383207
34,1475,1509,0.15297843389493618
33,1487,1520,0.1529669678741363
32,1476,1508,0.1529590435629756
32,1478,1510,0.15295434467023494
33,1479,1512,0.15294975811959452
35,1483,1518,0.15294272919638177
36,1474,1510,0.15293112257665697
36,1477,1513,0.1529177098213372
32,1484,1516,0.15290570524645894
31,1479,1510,0.15290482184316243
33,1485,1518,0.15290656668176508
33,1481,1514,0.1529023700449456
34,1479,1513,0.15289890083671565
34,1480,1514,0.15289366298432208
35,1484,1519,0.15288887436914872
35,1489,1524,0.15288153286289097
33,1488,1521,0.15287451323775755
30,1485,1515,0.15287289715608302
28,1475,1503,0.15287936605526242
29,1491,1520,0.1528908501858491
31,1495,1526,0.1528995176024814
31,1495,1526,0.15290230692125395
31,1483,1514,0.1529052060093094
31,1499,1530,0.15290718861806496
31,1493,1524,0.1529093771887718
32,1493,1525,0.1529117189118394
33,1492,1525,0.15291088745668782
33,1482,1515,0.15290748611499655
31,1499,1530,0.1529046637665631
31,1494,1525,0.15290582660625668
30,1501,1531,0.15290729081774573
29,1483,1512,0.15291145084907598
27,1492,1519,0.1529178862581853
27,1498,1525,0.15292923995073118
26,1493,1519,0.1529389983471426
25,1500,1525,0.15295062312078633
26,1493,1519,0.1529640203304406
26,1490,1516,0.1529742730652498
26,1489,1515,0.15298384256196665
25,1500,1525,0.15299304257977714
23,1487,1510,0.15300433637707933
23,1483,1506,0.1530193416549846
24,1486,1510,0.1530335944202398
24,1480,1504,0.1530447323200654
25,1497,1522,0.1530553278117367
26,1486,1512,0.15306234898559812
27,1489,1516,0.15306615785220337
27,1485,1512,0.153067059598252
26,1494,1520,0.15306823564740435
27,1500,1527,0.15307188432021643
26,1499,1525,0.15307234528208402
26,1505,1531,0.15307542010103237
25,1495,1520,0.1530785993955538
25,1499,1524,0.15308415410583262
25,1479,1504,0.15308959140401698
24,1485,1509,0.15309489003295118
24,1495,1519,0.1531023358967028
24,1505,1529,0.1531094685672661
22,1496,1518,0.15311628807195954
22,1505,1527,0.15312745957772234
20,1503,1523,0.15313804322741925
19,1496,1515,0.15315175334413694
19,1510,1529,0.1531669879789952
19,1502,1521,0.153181351527886
19,1496,1515,0.1531949745302057
18,1496,1514,0.15320788330175986
17,1491,1508,0.15322235694801484
17,1488,1505,0.15323845766665797
18,1489,1507,0.1532536501117838
18,1491,1509,0.153264818971141
18,1507,1525,0.15327545682883773
19,1490,1509,0.1532855748952462
19,1500,1519,0.15329119299466895
20,1478,1498,0.15329659084368485
22,1496,1518,0.15329877297337677
20,1492,1512,0.15329584895338091
19,1488,1507,0.15329797009388396
21,1493,1514,0.15330252910876982
21,1494,1515,0.15330078928584767
22,1493,1515,0.15329961981342977
21,1505,1526,0.15329650953026505
23,1500,1523,0.1532961744119019
23,1503,1526,0.15329088759707038
23,1493,1516,0.15328631403881246
22,1491,1513,0.15328134103404292
21,1485,1506,0.1532802350457805
21,1494,1515,0.15328175073272787
20,1484,1504,0.153283402144171
21,1494,1515,0.1532873441739748
19,1487,1506,0.15328846101854685
20,1475,1495,0.15329466850806933
20,1486,1506,0.15329757190286608
20,1490,1510,0.1533005360333417
20,1494,1514,0.15330352556508917
19,1481,1500,0.15330651140107693
19,1492,1511,0.15331178219915692
20,1490,1510,0.1533168626870708
21,1487,1508,0.1533192964558976
19,1486,1505,0.15331896922486032
19,1496,1515,0.1533238079863054
19,1503,1522,0.1533280620220483
19,1518,1537,0.15333218832640727
20,1510,1530,0.15333617781729622
20,1501,1521,0.1533375792750248
20,1488,1508,0.15333900449834229
19,1496,1515,0.15334043875416092
21,1504,1525,0.15334420115904315
20,1489,1509,0.15334220680790264
21,1501,1522,0.15334282297866778
22,1496,1518,0.15334058307837453
23,1490,1513,0.15333554191322898
22,1500,1522,0.15332803998017128
24,1497,1521,0.1533236702450128
24,1502,1526,0.15331392944050928
25,1500,1525,0.15330522822399412
25,1502,1527,0.15329366206323852
25,1496,1521,0.153283341752105
26,1502,1528,0.1532733927480678
24,1504,1528,0.1532621606596157
24,1507,1531,0.1532567350462511
22,1498,1520,0.15325204789078206
24,1505,1529,0.15325191416047512
24,1498,1522,0.1532474269891504
25,1502,1527,0.15324359741351073
24,1494,1518,0.1532377991097196
25,1495,1520,0.15323522024461045
25,1496,1521,0.15322894172521453
26,1501,1527,0.15322319296111764
26,1489,1515,0.15321582754572122
27,1490,1517,0.15320929629486135
27,1488,1515,0.15320044117436502
27,1495,1522,0.15319252823673676
26,1500,1526,0.15318545486345206
24,1511,1535,0.15318142526905928
25,1499,1524,0.1531829291966663
24,1482,1506,0.15318184977868532
24,1487,1511,0.15318283322893878
25,1486,1511,0.15318414835503372
26,1487,1513,0.15318313596896269
26,1497,1523,0.15317925193377413
25,1479,1504,0.153175895238609
25,1484,1509,0.15317529708521424
26,1484,1510,0.15317496039652456
27,1492,1519,0.1531718921789357
26,1489,1515,0.15316650174374247
26,1502,1528,0.15316396296315943
25,1504,1529,0.15316180773344318
24,1499,1523,0.15316230492140986
25,1500,1525,0.15316558225162047
26,1482,1508,0.15316638549019257
25,1485,1510,0.15316461164762463
26,1489,1515,0.1531654068393156
25,1500,1525,0.15316395705324165
25,1496,1521,0.1531651492288649
24,1492,1516,0.15316584968517094
24,1506,1530,0.15316899789751945
24,1514,1538,0.15317210518795124
24,1498,1522,0.15317515234126539
24,1486,1510,0.1531773112225969
24,1479,1503,0.15317952685912262
24,1482,1506,0.15318177036604255
23,1488,1511,0.15318401794509945
22,1504,1526,0.15318882830268193
22,1508,1530,0.15319569317318465
22,1510,1532,0.15320220739711757
22,1510,1532,0.1532077203503081
22,1513,1535,0.15321302263908185
22,1514,1536,0.15321810820691797
21,1501,1522,0.15322297394933504
22,1492,1514,0.15322978160080578
21,1499,1520,0.15323333722309257
21,1494,1515,0.15323898668107572
22,1487,1509,0.1532444000732373
23,1496,1519,0.15324725685677879
22,1487,1509,0.15324699591628146
20,1486,1506,0.1532492427897521
21,1502,1523,0.15325624425987866
22,1490,1512,0.15326003142284977
22,1497,1519,0.1532609604580613
22,1511,1533,0.15326209674910948
21,1492,1513,0.15326251408664793
21,1496,1517,0.15326547871192436
21,1491,1512,0.15326853595922685
21,1488,1509,0.15327164628824752
21,1499,1520,0.15327477672927892
20,1501,1521,0.1532778999729051
21,1492,1513,0.15328323367294872
21,1490,1511,0.15328520243255828
22,1500,1522,0.15328730236584676
23,1500,1523,0.15328535433375923
22,1489,1511,0.15328137716838408
22,1487,1509,0.15328092275378358
22,1487,1509,0.1532807299576726
23,1479,1502,0.15327973430690314
23,1484,1507,0.15327599188568544
25,1483,1508,0.15327220101842542
24,1493,1517,0.15326405120701875
24,1488,1512,0.15325911689096036
22,1498,1520,0.15325484162159608
21,1500,1521,0.15325562728302217
21,1495,1516,0.1532589546585321
23,1492,1515,0.15326154190188473
25,1483,1508,0.15325947672054718
23,1484,1507,0.15325221412974052
23,1479,1502,0.1532505380797122
23,1487,1510,0.1532492736288431
22,1485,1507,0.15324835593619376
21,1491,1512,0.15325009835760242
21,1492,1513,0.15325425134033516
20,1504,1524,0.15325831954662833
19,1493,1512,0.15326449960220614
19,1488,1507,0.1532724322007292
17,1483,1500,0.15328004878041718
17,1493,1510,0.15329218589914884
17,1490,1507,0.1533029264446324
18,1486,1504,0.15331318860059492
18,1478,1496,0.15331995584628966
18,1493,1511,0.15332653673704336
18,1491,1509,0.1533329126851343
18,1491,1509,0.15333907004558464
17,1494,1511,0.1533442679371819
18,1485,1503,0.153352036428907
17,1490,1507,0.1533563165510811
18,1502,1520,0.15336289640867576
16,1507,1523,0.15336663566188224
15,1509,1524,0.15337559193971784
15,1507,1522,0.1533866298793591
15,1509,1524,0.1533971221534913
15,1501,1516,0.1534070861355361
16,1501,1517,0.15341654004142313
16,1500,1516,0.15342171277474367
16,1511,1527,0.15342681357578933
16,1499,1515,0.15343181686142393
15,1487,1502,0.1534364613417443
16,1490,1506,0.1534432231822163
16,1492,1508,0.15344720464173509
14,1505,1519,0.1534511231206075
16,1501,1517,0.15345965186953947
16,1501,1517,0.1534629539472964
16,1505,1521,0.15346618952589272
16,1504,1520,0.15346934552093836
16,1502,1518,0.15347162922799765
15,1501,1516,0.15347395846774572
13,1500,1513,0.1534781610425865
15,1506,1521,0.1534869181407479
15,1501,1516,0.15349026091624668
14,1499,1513,0.15349360588764216
13,1506,1519,0.15349928816900985
13,1508,1521,0.15350712419782225
12,1504,1516,0.1535146071559177
11,1500,1511,0.15352416250376652
11,1491,1502,0.15353565928689272
10,1496,1506,0.1535465203076153
10,1497,1507,0.15355900679757234
11,1495,1506,0.15357076950515872
10,1509,1519,0.15357948749905984
11,1506,1517,0.15358998552215228
10,1503,1513,0.15359754060272476
12,1510,1522,0.1536070635133112
12,1500,1512,0.15361011419674359
12,1483,1495,0.15361316262075492
12,1488,1500,0.15361618694416135
12,1499,1511,0.15361916925825667
11,1499,1510,0.15362209504035212
11,1493,1504,0.15362726901654603
11,1506,1517,0.15363222611063843
12,1503,1515,0.15363696665106275
12,1482,1494,0.1536382898854111
12,1489,1501,0.1536396964705207
12,1490,1502,0.15364116009110432
12,1492,1504,0.15364265874844457
11,1497,1508,0.1536441741522104
10,1511,1521,0.15364790103647596
11,1520,1531,0.1536538638760852
11,1512,1523,0.1536571813667421
10,1515,1525,0.1536603638233893
10,1511,1521,0.15366584903441802
10,1500,1510,0.15367104912629523
10,1507,1517,0.1536759740568523
9,1518,1527,0.1536798447776856
10,1520,1530,0.1536858498231017
10,1511,1521,0.15368852218356394
11,1530,1541,0.1536912151802369
11,1519,1530,0.1536909157846661
11,1518,1529,0.15369085699698368
12,1497,1509,0.15369099642087655
12,1513,1525,0.15368810089636253
12,1510,1522,0.15368563526871168
12,1501,1513,0.15368354323933361
10,1510,1520,0.15368177556626875
10,1512,1522,0.15368519526000324
10,1515,1525,0.15368855580543436
10,1523,1533,0.1536918424808426
10,1519,1529,0.15369504372758003
10,1526,1536,0.15369815067535705
10,1517,1527,0.15370115673172902
8,1507,1515,0.1537040572274396
8,1509,1517,0.15371163295886514
8,1509,1517,0.1537187817359889
7,1502,1509,0.15372552320604793
7,1507,1514,0.15373429061646782
8,1506,1514,0.15374253546767483
8,1504,1512,0.15374707801729487
8,1507,1515,0.15375145063424545
9,1502,1511,0.1537556482417429
8,1500,1508,0.1537566438082596
7,1496,1503,0.15375923437228323
7,1507,1514,0.1537648251148183
7,1506,1513,0.1537701992743171
7,1516,1523,0.15377535401143536
7,1520,1527,0.15378028867965196
7,1514,1521,0.15378500443971935
7,1512,1519,0.1537895039289703
6,1488,1494,0.15379379097822657
7,1503,1510,0.15380023110433352
6,1510,1516,0.15380388991655156
5,1501,1506,0.15380962369811926
5,1516,1521,0.15381757546226738
6,1506,1512,0.153825067915939
6,1514,1520,0.1538293192073229
6,1509,1515,0.15383339148852426
6,1509,1515,0.15383728509521627
6,1506,1512,0.15384100168031276
6,1510,1516,0.15384454396806635
6,1510,1516,0.1538472326500001
7,1522,1529,0.1538498928939376
6,1520,1526,0.15384946438719335
6,1518,1524,0.15385202131079667
6,1505,1511,0.15385452449762624
6,1505,1511,0.15385696308363592
7,1502,1509,0.1538593287523507
7,1514,1521,0.15385874484381443
7,1516,1523,0.15385832515189712
7,1516,1523,0.15385804388467353
7,1511,1518,0.15385787876222584
7,1522,1529,0.1538578105631533
6,1512,1518,0.15385782272843393
6,1500,1506,0.15386019374119847
6,1504,1510,0.15386168188021127
8,1501,1509,0.15386321935956876
9,1505,1514,0.1538586169222377
9,1518,1527,0.15385207202630752
8,1521,1529,0.1538462120020444
9,1514,1523,0.1538434238552925
11,1522,1533,0.15383801049498466
10,1523,1533,0.15382746880739048
11,1509,1520,0.15382029911382922
10,1515,1525,0.1538114655722087
10,1492,1502,0.15380618059200407
11,1496,1507,0.15380143181311345
10,1510,1520,0.15379429987385243
10,1502,1512,0.15379014333603874
11,1516,1527,0.15378643798574304
11,1507,1518,0.1537807098070911
11,1509,1520,0.15377551046904986
10,1522,1532,0.15377078777905073
9,1518,1527,0.15376901887869338
9,1522,1531,0.15376987636650463
9,1504,1513,0.153770782646356
8,1498,1506,0.15377172266011127
8,1495,1503,0.15377516987214718
8,1493,1501,0.15377846515687582
8,1516,1524,0.1537816108410277
7,1517,1524,0.15378460992558238
8,1517,1525,0.1537897171287394
8,1514,1522,0.15379222388602115
7,1515,1522,0.1537946158061556
7,1520,1527,0.15379916398700058
7,1506,1513,0.15380346083475846
7,1498,1505,0.15380751756091451
7,1498,1505,0.1538113452544768
7,1512,1519,0.15381495481753119
7,1507,1514,0.15381835691367296
6,1505,1511,0.15382156192743218
6,1502,1508,0.15382689884907808
6,1499,1505,0.1538319173060164
5,1496,1501,0.15383663493887176
5,1508,1513,0.15384335405553323
5,1522,1527,0.15384966519921034
5,1512,1517,0.1538555922319003
4,1516,1520,0.15386115772686723
5,1498,1503,0.15386866756290632
5,1510,1515,0.15387254551180385
4,1512,1516,0.15387628195109979
5,1509,1514,0.15388210615937864
5,1512,1517,0.15388472738498174
4,1517,1521,0.15388733051680872
4,1522,1526,0.15389269224384178
4,1519,1523,0.1538977872643384
4,1520,1524,0.15390262397961846
4,1509,1513,0.15390721125278828
4,1508,1512,0.1539115582630207
4,1500,1504,0.15391567438271456
4,1502,1506,0.15391956907448484
3,1513,1516,0.15392325180531516
3,1519,1522,0.15392897159357954
3,1513,1516,0.15393436336060412
3,1517,1520,0.15393944372718799
3,1508,1511,0.15394422876992567
3,1514,1517,0.15394873399336248
3,1518,1521,0.15395297431154414
3,1513,1516,0.15395696403743236
3,1520,1523,0.15396071687886784
3,1528,1531,0.15396424593994693
2,1533,1535,0.1539675637268379
2,1524,1526,0.15397312224053347
2,1526,1528,0.15397834632095403
3,1511,1514,0.1539832555437483
2,1515,1517,0.1539850259077566
2,1529,1531,0.15398953285120348
2,1517,1519,0.15399376769810794
2,1520,1522,0.1539977464328003
2,1502,1504,0.15400148415643777
2,1508,1510,0.15400499512868648
2,1508,1510,0.15400829280839354
2,1503,1505,0.15401138989312316
2,1509,1511,0.15401429835746122
2,1512,1514,0.15401702949001841
1,1517,1518,0.15401959392908415
1,1519,1520,0.15402430900770261
0,1520,1520,0.15402873706604026
