1365,30,1395,0.13579578442021883
1378,31,1409,0.13295667389649946
1406,30,1436,0.13034134256485813
1422,28,1450,0.12788486100369365
1437,28,1465,0.12560570571686683
1441,27,1468,0.1234919374758891
1447,28,1475,0.12155840717604136
1450,27,1477,0.11978262309774364
1459,26,1485,0.11815871906607
1456,26,1482,0.11665819298192537
1465,25,1490,0.11530317343965443
1465,27,1492,0.11404745775815492
1471,26,1497,0.11290634766218112
1472,26,1498,0.1118522162723425
1472,26,1498,0.11088998076431418
1473,27,1500,0.11001252634469676
1464,27,1491,0.10921303364575184
1460,28,1488,0.10851003899972862
1461,33,1494,0.10788165898797424
1474,30,1504,0.10730860743673092
1475,31,1506,0.10675769329024692
1474,32,1506,0.10625315964488355
1470,32,1502,0.10579721708850803
1476,31,1507,0.10539309635457489
1484,30,1514,0.10501053500389387
1481,32,1513,0.10464448423669202
1467,29,1496,0.10431937106198198
1480,26,1506,0.10405374557422231
1463,27,1490,0.1037817108550161
1463,29,1492,0.10357325253822439
1457,28,1485,0.10338332943218458
1461,28,1489,0.10322608701804438
1456,28,1484,0.10307415663635164
1465,29,1494,0.10294772416784781
1466,30,1496,0.10281419474759339
1458,31,1489,0.10268990117573779
1457,31,1488,0.10259497371804308
1456,30,1486,0.10251266106373588
1462,30,1492,0.10244124487781636
1464,31,1495,0.10236267302526855
1455,31,1486,0.10228580751563048
1452,29,1481,0.10223764413541091
1461,29,1490,0.10220066921223747
1473,28,1501,0.10214573565431609
1458,29,1487,0.1020682643463302
1458,30,1488,0.102031192195957
1456,28,1484,0.10199780455920267
1467,26,1493,0.10197327656878379
1469,28,1497,0.10192257614615435
1470,29,1499,0.10187296485640605
1467,29,1496,0.10182511171942489
1473,30,1503,0.10178831581235133
1465,29,1494,0.10174173144383075
1463,30,1493,0.1017181611148321
1470,29,1499,0.10169912707728064
1466,29,1495,0.10166699797761546
1461,30,1491,0.10164539836359754
1483,30,1513,0.10163674079502982
1477,29,1506,0.10158046900457457
1463,28,1491,0.10154395122882516
1463,30,1493,0.10154175937330294
1459,28,1487,0.10154109060265298
1451,28,1479,0.10155039524328169
1468,29,1497,0.10157666839592994
1461,31,1492,0.10156304409483302
1458,30,1488,0.1015662308133577
1457,30,1487,0.10157417188193922
1450,28,1478,0.10158447801444251
1452,29,1481,0.10161052390316529
1456,29,1485,0.10163032364299901
1470,29,1499,0.1016378995696514
1465,26,1491,0.10161263234335091
1459,24,1483,0.10159980584250122
1463,24,1487,0.10160121806179064
1464,25,1489,0.10159512899822057
1457,26,1483,0.10158839882796959
1465,25,1490,0.10159673135048361
1455,25,1480,0.1015858115312982
1471,25,1496,0.10159659055963437
1477,24,1501,0.10157155783400451
1457,25,1482,0.1015325544014945
1450,25,1475,0.10154232334471448
1450,23,1473,0.10156759057115455
1464,21,1485,0.10159355420315266
1477,21,1498,0.1015878383055631
1474,23,1497,0.10155289809084427
1469,23,1492,0.101526274943723
1466,22,1488,0.10151065086778101
1469,23,1492,0.10150391516679733
1454,24,1478,0.10148992953772876
1463,24,1487,0.10151118904798992
1460,24,1484,0.10151126185098157
1454,25,1479,0.1015185540310927
1464,24,1488,0.1015366699299539
1458,24,1482,0.1015314472317008
1456,22,1478,0.10154051729384073
1455,24,1479,0.10155413671706526
1469,24,1493,0.10156984005816332
1468,24,1492,0.10155217097151889
1483,23,1506,0.10153926245200942
1476,23,1499,0.10149196529177441
1464,21,1485,0.10146489953509867
1464,22,1486,0.10146861679323703
1456,24,1480,0.10147046170370526
1472,22,1494,0.10149166621882427
1479,22,1501,0.10147376707661714
1493,22,1515,0.10144127255144188
1475,21,1496,0.10137993060975829
1468,21,1489,0.10136522188064066
1476,21,1497,0.10136578334341934
1465,23,1488,0.1013486908140687
1465,22,1487,0.10135900727037044
1457,21,1478,0.10136863230934934
1468,21,1489,0.10139416963833373
1469,20,1489,0.10139365213214954
1473,19,1492,0.10138906706463867
1464,20,1484,0.10137691390049346
1467,20,1487,0.10138582873894009
1455,19,1474,0.10138696135789531
1479,20,1499,0.10141517000756917
1454,20,1474,0.10138940414155229
1463,19,1482,0.10142081683478864
1469,19,1488,0.10143027207458065
1468,20,1488,0.1014240729837362
1459,19,1478,0.1014215684861603
1462,19,1481,0.10143696225670286
1463,18,1481,0.10144507528735547
1462,18,1480,0.10145056851137714
1473,18,1491,0.10145819934903001
1470,19,1489,0.10144073234500053
1472,19,1491,0.10143051499504534
1474,19,1493,0.10141711726035581
1478,20,1498,0.10140136213249543
1464,19,1483,0.10137765075750331
1482,20,1502,0.10138805252365915
1483,21,1504,0.10135596826386269
1476,22,1498,0.10132525872272373
1487,22,1509,0.10131261158168024
1481,22,1503,0.10127574930278387
1484,22,1506,0.10125290677819038
1499,22,1521,0.10122721067825104
1487,22,1509,0.10117022451867225
1479,22,1501,0.10114448281278815
1480,22,1502,0.10114071992222122
1486,22,1508,0.10113410587407412
1482,21,1503,0.10111478592843053
1482,20,1502,0.10110612793889262
1473,20,1493,0.1011000858089918
1485,20,1505,0.1011152094688162
1489,20,1509,0.10110120419032792
1487,22,1509,0.10107986741847842
1479,23,1502,0.10106377769479524
1485,23,1508,0.101067355294939
1473,23,1496,0.10105786773465006
1470,24,1494,0.10107613137924085
1464,23,1487,0.10109969505664942
1460,24,1484,0.10113521796986533
1476,26,1502,0.10117770719202372
1474,25,1499,0.10118059919929429
1479,25,1504,0.10118837891944306
1465,24,1489,0.10118419215354453
1464,24,1488,0.10121138617196998
1460,27,1487,0.10123950275960222
1469,28,1497,0.10127284487555524
1467,28,1495,0.10128471549424507
1462,28,1490,0.10129996840466393
1450,28,1478,0.10132565704752636
1433,28,1461,0.1013751421798249
1443,26,1469,0.10145785900307164
1445,27,1472,0.10151172104586777
1455,27,1482,0.10155727866906
1457,28,1485,0.10157822743927346
1455,29,1484,0.10159363141481262
1464,27,1491,0.1016097556415254
1473,27,1500,0.10160480341830044
1461,28,1489,0.10158030305229172
1470,28,1498,0.10158374472571133
1466,28,1494,0.10156644748651303
1468,27,1495,0.10155960888734629
1470,26,1496,0.10154934057585291
1480,26,1506,0.10153277346991003
1459,26,1485,0.10149514451212774
1463,26,1489,0.10150853979908706
1464,26,1490,0.1015138380028077
1465,28,1493,0.10151563666293172
1477,28,1505,0.10151452051733546
1466,27,1493,0.10148551459624151
1462,27,1489,0.10148343726308731
1463,26,1489,0.1014910119670597
1468,26,1494,0.10149666552347657
1469,27,1496,0.10149116195396576
1482,25,1507,0.10148398563046528
1475,24,1499,0.101447676778931
1461,23,1484,0.10142974789285109
1471,24,1495,0.10144526474826605
1468,23,1491,0.10143648773798761
1456,23,1479,0.10143426920353044
1458,20,1478,0.10146003288288132
1463,21,1484,0.10147977592255035
1474,22,1496,0.10148661388420444
1473,21,1494,0.10146634713496258
1467,21,1488,0.10144902179275955
1456,21,1477,0.10144708728181971
1461,17,1478,0.101468969972664
1471,17,1488,0.10147943697549376
1467,19,1486,0.10146651154029637
1459,19,1478,0.10146091452024959
1463,20,1483,0.10147476444183923
1468,20,1488,0.10147881863901877
1463,22,1485,0.10147230663785944
1468,22,1490,0.10147791673741104
1466,22,1488,0.10147047723491065
1471,20,1491,0.10146947763291073
1454,22,1476,0.10145497314526303
1474,18,1492,0.10148085336964183
1476,19,1495,0.10145969308407288
1476,20,1496,0.10143637560425159
1463,22,1485,0.10141541692833161
1471,22,1493,0.10142637305451946
1463,22,1485,0.10141858162627372
1459,22,1481,0.10142723021559423
1461,20,1481,0.10144502170918425
1461,22,1483,0.10145704996731762
1461,22,1483,0.10146970590623279
1459,22,1481,0.1014804378716072
1481,21,1502,0.10149412436900572
1472,22,1494,0.10145546598626087
1463,21,1484,0.10144139825888011
1470,20,1490,0.1014476972254284
1459,21,1480,0.10143952276194824
1457,20,1477,0.1014544455316792
1479,20,1499,0.10147146846543492
1468,20,1488,0.10143740556302942
1462,21,1483,0.10143115938362922
1472,22,1494,0.10143958799438207
1463,24,1487,0.10142659573272862
1474,25,1499,0.10143619748084653
1461,25,1486,0.10142063255212673
1460,26,1486,0.10143400994245855
1460,25,1485,0.10144833082834609
1465,25,1490,0.1014618711309203
1453,27,1480,0.10146259034462526
1460,26,1486,0.10148994069506047
1479,29,1508,0.10149816998923347
1468,30,1498,0.10146504077711507
1476,29,1505,0.10146118382873165
1467,32,1499,0.10143907193623779
1467,31,1498,0.10143970356868849
1466,30,1496,0.10144212410538744
1459,33,1492,0.10144633547799425
1471,32,1503,0.10146569226711186
1470,31,1501,0.10145567118301667
1465,33,1498,0.10144942361415772
1464,30,1494,0.10145265861161451
1464,29,1493,0.10145950119785896
1450,28,1478,0.10146591624315107
1462,30,1492,0.10150308296730076
1452,28,1480,0.10151171414837513
1444,29,1473,0.1015419203280445
1468,29,1497,0.10158626808301711
1462,29,1491,0.10157291179426299
1465,29,1494,0.10157475953470238
1475,32,1507,0.10156880014548243
1466,32,1498,0.10154284906350369
1453,32,1485,0.10153958912716504
1460,32,1492,0.10156676492176374
1448,33,1481,0.10157477816298627
1443,32,1475,0.10160945820772255
1458,33,1491,0.10165284455801159
1455,31,1486,0.10165995830384864
1459,31,1490,0.10167326951857261
1441,31,1472,0.101677224854927
1447,32,1479,0.1017225995380565
1457,32,1489,0.10175282277771767
1464,29,1493,0.10175700123939105
1462,29,1491,0.10174404543694253
1451,29,1480,0.10173537182006978
1454,31,1485,0.10175145318507946
1461,32,1493,0.10175920541338491
1458,30,1488,0.10175069945754153
1465,29,1494,0.10174896743282075
1462,30,1492,0.1017333975390806
1462,30,1492,0.10172499616141993
1458,30,1488,0.10171699527082978
1460,32,1492,0.10171916114498701
1468,31,1499,0.10171711670773355
1476,33,1509,0.1016971128871527
1468,34,1502,0.10166082623758299
1454,32,1486,0.10164524773808514
1465,33,1498,0.10166170319907081
1449,34,1483,0.10165073792875205
1453,35,1488,0.10167529018261529
1454,35,1489,0.10169029390184135
1459,34,1493,0.10170262446900576
1462,33,1495,0.10170282534048398
1449,33,1482,0.10169782280726981
1461,34,1495,0.10172200409927953
1456,34,1490,0.1017164433023154
1473,34,1507,0.10172258434935039
1470,32,1502,0.10168974034419297
1462,32,1494,0.10166691386057523
1470,33,1503,0.10166175845537609
1459,33,1492,0.10164044522873841
1451,32,1483,0.10164525248583381
1452,33,1485,0.10166793440667203
1460,33,1493,0.10168685765119491
1467,33,1500,0.1016869008339031
1446,33,1479,0.10167165012665727
1444,33,1477,0.10170359288833719
1454,32,1486,0.10173823263548738
1452,32,1484,0.10174745217434111
1458,33,1491,0.101760058611247
1468,36,1504,0.10175712986806051
1466,38,1504,0.1017319435753508
1470,38,1508,0.10171453589682095
1462,37,1499,0.10169091417623286
1460,38,1498,0.10168623016156292
1453,39,1492,0.10168690300588328
1452,39,1491,0.10170397558075245
1453,39,1492,0.10172084275517544
1445,38,1483,0.10173322952115708
1441,36,1477,0.10176287561350089
1451,36,1487,0.10179940793293855
1455,36,1491,0.10180979663376892
1465,39,1504,0.10181150960455565
1485,38,1523,0.10178994416585756
1479,38,1517,0.10172677755135398
1476,37,1513,0.10168282152690321
1471,38,1509,0.10164945041088344
1477,40,1517,0.10162866162282645
1478,42,1520,0.10159623713948543
1472,41,1513,0.10156554950570974
1455,39,1494,0.10155142173930837
1457,40,1497,0.10157610575954358
1449,39,1488,0.10159400099031611
1451,41,1492,0.10163099239004918
1442,39,1481,0.10165987633252012
1437,39,1476,0.10170608702097221
1427,41,1468,0.1017599869395551
1427,40,1467,0.10183193402516086
1433,40,1473,0.10189737793813901
1443,41,1484,0.10194557145038566
1443,42,1485,0.10196752743113535
1427,44,1471,0.10198660283959998
1444,43,1487,0.10203797123024329
1449,42,1491,0.10204649185994608
1444,43,1487,0.10204301949808911
1453,40,1493,0.10205166989162928
1455,41,1496,0.10203981669090989
1450,40,1490,0.10202458452482688
1450,39,1489,0.10202282661042344
1446,42,1488,0.10202090888376865
1456,39,1495,0.10202814643228444
1444,41,1485,0.10201121515460099
1443,40,1483,0.10202219419213701
1443,42,1485,0.10203534272523886
1441,42,1483,0.10204796788546934
1446,43,1489,0.10206294914638957
1447,42,1489,0.10206531452011866
1454,42,1496,0.10206710103955363
1430,42,1472,0.10205185823928949
1429,41,1470,0.10209044052383252
1458,41,1499,0.10212746425399849
1452,42,1494,0.1020954913034128
1447,40,1487,0.10207987651125944
1442,40,1482,0.10207577967687152
1462,40,1502,0.10208549086515088
1451,39,1490,0.10204971680441993
1449,39,1488,0.1020415834505369
1462,38,1500,0.10203862160920493
1462,39,1501,0.1020051913657609
1460,39,1499,0.10197427861902458
1458,41,1499,0.10195187148109382
1460,40,1500,0.10193648360331747
1461,40,1501,0.10191812840359614
1461,39,1500,0.10189854748817873
1450,36,1486,0.10188240518954456
1446,37,1483,0.10189065796131758
1452,36,1488,0.10190785783745962
1460,38,1498,0.10191110289397624
1460,41,1501,0.10189745983606201
1456,42,1498,0.10188380062118556
1455,41,1496,0.10188056527659617
1467,41,1508,0.10187753583241108
1463,41,1504,0.10184879857920581
1457,41,1498,0.10183339522757899
1452,41,1493,0.10183065693692027
1456,41,1497,0.10184124859438849
1458,39,1497,0.1018406224255493
1439,40,1479,0.10183587338965751
1446,41,1487,0.10187542930148918
1449,42,1491,0.1018982326434163
1444,42,1486,0.10191102786040503
1444,40,1484,0.1019351987975201
1445,39,1484,0.10195748737646214
1453,39,1492,0.10197511575625196
1455,39,1494,0.10197167913455293
1440,38,1478,0.10196216394715985
1454,39,1493,0.10198740745724039
1456,39,1495,0.10197844633313338
1447,41,1488,0.10196565728741724
1459,37,1496,0.10197507696934388
1449,36,1485,0.1019568037968565
1454,37,1491,0.10195995536278842
1468,37,1505,0.10195067565477949
1455,38,1493,0.10190931331761124
1465,36,1501,0.1019018302626555
1474,36,1510,0.10187355638913215
1466,37,1503,0.10182614977386915
1463,37,1500,0.10179949157348833
1448,35,1483,0.10178082851822964
1453,35,1488,0.10179687301167277
1464,36,1500,0.10180348629708828
1463,35,1498,0.10178496729012117
1463,33,1496,0.10177117553517075
1456,36,1492,0.10175877143556765
1467,34,1501,0.1017628434554701
1465,33,1498,0.10174135182735076
1453,34,1487,0.10172323164671035
1449,33,1482,0.10173252462354082
1443,33,1476,0.10175029123515329
1451,32,1483,0.10178210595303205
1443,31,1474,0.10179207888297484
1448,33,1481,0.10181969396659524
1462,37,1499,0.10183372854303968
1454,36,1490,0.1018138779748503
1466,37,1503,0.10181489778032382
1479,36,1515,0.1017885615518303
1467,36,1503,0.10173589685162415
1461,37,1498,0.10171542437864294
1460,37,1497,0.1017122346371847
1455,37,1492,0.10171213019814739
1448,36,1484,0.10172255050106697
1431,37,1468,0.10174774787645587
1445,38,1483,0.10181035091792506
1450,37,1487,0.10183557106208851
1451,37,1488,0.10184905995826171
1439,38,1477,0.10185847624583932
1435,38,1473,0.10189343417457362
1439,37,1476,0.1019332347881291
1437,38,1475,0.10196064047644768
1444,36,1480,0.10198878272947953
1457,38,1495,0.10199786107360258
1457,37,1494,0.1019756683509229
1449,38,1487,0.10195670227566761
1448,39,1487,0.10195513832469075
1449,39,1488,0.10195511571112008
1444,39,1483,0.1019541481471544
1475,41,1516,0.10196555591168982
1459,39,1498,0.10190548325169953
1467,41,1508,0.10188652890907467
1459,40,1499,0.10185127649463915
1454,40,1494,0.10183702363321707
1459,41,1500,0.101837024687081
1466,41,1507,0.10182705018102645
1460,41,1501,0.10180330370081705
1470,41,1511,0.10179350265302095
1453,42,1495,0.1017625445309499
1446,41,1487,0.10177350924130803
1461,41,1502,0.1017991850418921
1469,41,1510,0.10178707718425553
1463,39,1502,0.10175863357436626
1481,38,1519,0.10174583779752407
1478,37,1515,0.1016908007388007
1451,37,1488,0.10164752654572819
1455,38,1493,0.10166844519960233
1456,38,1494,0.10167938678938943
1462,38,1500,0.10168805430846614
1464,36,1500,0.1016833658637411
1457,36,1493,0.1016742008350051
1462,37,1499,0.10168034011130331
1462,35,1497,0.1016755389592029
1457,37,1494,0.10167092160170522
1452,37,1489,0.10167931237357941
1457,38,1495,0.10169912824950497
1445,37,1482,0.10170775903728047
1440,38,1478,0.10174239594172678
1430,38,1468,0.1017859699117329
1424,40,1464,0.1018473650212237
1442,39,1481,0.10191717473422843
1441,39,1480,0.1019419829173518
1436,40,1476,0.10196856090494644
1428,39,1467,0.10200424703170041
1448,38,1486,0.10205452458872216
1456,38,1494,0.10205386638778499
1445,40,1485,0.1020344746349753
1446,39,1485,0.10203832236491026
1453,40,1493,0.10204087498548034
1451,41,1492,0.10202783075904558
1441,41,1482,0.10202149954547819
1459,43,1502,0.10203740676110698
1467,41,1508,0.10201031545967915
1466,43,1509,0.10196823826305955
1459,39,1498,0.10193144400352715
1468,42,1510,0.10191193784282014
1458,42,1500,0.10187463802237433
1460,42,1502,0.10186379945234764
1459,43,1502,0.10184910427082185
1456,45,1501,0.10183861380343026
1449,47,1496,0.10183622819830053
1454,48,1502,0.10185110224303102
1452,47,1499,0.10185480250382038
1445,50,1495,0.10186371970359456
1439,50,1489,0.10188634330337372
1441,50,1491,0.1019225149936763
1444,50,1494,0.10194884631118803
1443,51,1494,0.10196846597222482
1448,53,1501,0.10199006559229457
1446,53,1499,0.10199920488381277
1455,54,1509,0.10201339792278541
1448,55,1503,0.10200464477365578
1447,55,1502,0.1020126032384717
1436,56,1492,0.10202215052243124
1432,57,1489,0.1020565352686265
1432,54,1486,0.10209912617138225
1432,49,1481,0.10213895977091529
1440,50,1490,0.10217199501413625
1431,51,1482,0.10218646398609739
1437,52,1489,0.10221761481565902
1452,53,1505,0.10223161589990473
1446,51,1497,0.1022116513657426
1436,51,1487,0.10220705198818614
1450,52,1502,0.10222566862262544
1451,55,1506,0.10221238099223841
1453,55,1508,0.10219914276286414
1460,55,1515,0.10218236590369098
1470,57,1527,0.1021509643056612
1453,57,1510,0.10210022582624063
1449,56,1505,0.10209061489096598
1446,56,1502,0.10209275536057164
1435,56,1491,0.10210128935672046
1433,54,1487,0.10213301504133683
1430,57,1487,0.10216589065972173
1431,56,1487,0.10220257151619304
1431,57,1488,0.1022352703756505
1431,57,1488,0.10226523302572907
1433,57,1490,0.10229235825877243
1439,56,1495,0.10231390173555216
1436,57,1493,0.10232003952114418
1450,59,1509,0.10233247373057644
1446,60,1506,0.10231122622652286
1431,60,1491,0.10230105793603245
1417,56,1473,0.10232702385611687
1414,63,1477,0.10238059995886704
1417,64,1481,0.10243860268626406
1437,62,1499,0.10248744187992567
1426,60,1486,0.10248714251228037
1431,57,1488,0.10251010510470232
1427,60,1487,0.10251952614424589
1428,57,1485,0.10253656798813675
1437,59,1496,0.10254994098095611
1446,62,1508,0.10253984283290396
1444,62,1506,0.10251189822284394
1439,64,1503,0.10249097911182256
1445,66,1511,0.10248320195183432
1447,68,1515,0.10246313250894044
1448,69,1517,0.10244034649996134
1441,70,1511,0.1024196256348694
1439,68,1507,0.1024168283456429
1436,68,1504,0.10241939413803265
1430,70,1500,0.10243001214241625
1431,68,1499,0.10245285464595995
1427,69,1496,0.10247149359580476
1423,67,1490,0.1025003947647783
1420,73,1493,0.10253430452829455
1415,72,1487,0.10257260900025383
1422,73,1495,0.10261913290080889
1416,73,1489,0.10264635022686024
1412,73,1485,0.10268342181351038
1416,68,1484,0.10272664643211062
1400,73,1473,0.1027587837872311
1391,73,1464,0.10282386358786931
1400,73,1473,0.10290416468389889
1401,73,1474,0.10295733383489279
1415,76,1491,0.1030042274473594
1421,77,1498,0.10301278786008815
1410,75,1485,0.10300658349155674
1411,77,1488,0.10302545301006649
1407,78,1485,0.10304253326480436
1415,77,1492,0.10306962483046445
1416,77,1493,0.10307596846239346
1436,77,1513,0.10308056799737837
1441,74,1515,0.10303943876426402
1422,74,1496,0.10298937457588893
1413,73,1486,0.10298273652541987
1411,75,1486,0.10299810243390425
1398,77,1475,0.10301645430837876
1418,79,1497,0.10306325791719932
1422,77,1499,0.10306128567376263
1418,77,1495,0.10305135474464379
1417,77,1494,0.10305173238801922
1405,78,1483,0.10305492181488293
1407,78,1485,0.1030847330867166
1416,80,1496,0.1031098087381857
1415,79,1494,0.10311254373327557
1399,77,1476,0.10311876666317205
1416,80,1496,0.10316016400209332
1412,81,1493,0.10316183780153901
1404,85,1489,0.10317195275171966
1394,87,1481,0.10319890999649267
1414,87,1501,0.10324821436530776
1406,86,1492,0.10325039655579456
1407,87,1494,0.10327012382458467
1409,84,1493,0.10328492348188258
1411,84,1495,0.10329314392302619
1410,84,1494,0.10329493871828507
1415,86,1501,0.10329641820972739
1412,86,1498,0.10328915668480391
1403,90,1493,0.10329064037282527
1411,86,1497,0.1033129341650756
1409,87,1496,0.10331570452938173
1425,87,1512,0.10332143468542135
1418,86,1504,0.1032906978737687
1409,89,1498,0.10327850103663785
1406,88,1494,0.10328701837848943
1400,84,1484,0.10330092588420796
1406,86,1492,0.10332602054083083
1417,87,1504,0.10333553382961522
1403,86,1489,0.10332238035328228
1387,89,1476,0.10334077398838501
1397,89,1486,0.10339552162909367
1398,86,1484,0.10342321340353623
1406,89,1495,0.10344710919181438
1414,87,1501,0.10345233067889727
1417,87,1504,0.10343800054812208
1414,89,1503,0.1034182870418401
1408,89,1497,0.10340615511180996
1397,91,1488,0.10340868893138432
1403,92,1495,0.1034344457448939
1408,92,1500,0.10344524908110869
1408,94,1502,0.10344488601385919
1411,92,1503,0.10344535954321837
1413,94,1507,0.10343910764926242
1426,91,1517,0.103427339865162
1406,95,1501,0.10338378657138164
1422,96,1518,0.10338764066259562
1410,99,1509,0.1033568787437521
1413,95,1508,0.10335755251596758
1417,95,1512,0.10335351828867864
1415,95,1510,0.10334207804120692
1411,99,1510,0.10333689981364476
1408,99,1507,0.10334125238772575
1402,98,1500,0.10335254458020922
1393,99,1492,0.1033760564175669
1393,99,1492,0.10341734782220367
1392,100,1492,0.1034555952158705
1390,103,1493,0.10349480258324276
1385,106,1491,0.10353571134569148
1377,104,1481,0.10358542181348362
1391,103,1494,0.10364634151913008
1401,104,1505,0.1036731942938239
1398,102,1500,0.10367532648208214
1402,104,1506,0.10368241147020169
1398,103,1501,0.1036792198710293
1404,101,1505,0.1036866548477482
1411,100,1511,0.10368139678730809
1402,105,1507,0.10366097525959315
1396,102,1498,0.10366207795435653
1397,101,1498,0.10367683228499708
1390,102,1492,0.10368645958296176
1392,104,1496,0.10371173269430783
1395,108,1503,0.10373036209805153
1397,106,1503,0.10374020291399418
1412,110,1522,0.1037475307760284
1403,108,1511,0.10372109485630436
1399,106,1505,0.10371446892276102
1392,108,1500,0.10371586194976651
1398,110,1508,0.10373458924940217
1392,107,1499,0.10373992646005846
1386,108,1494,0.10375874813555995
1391,111,1502,0.10378932253000608
1384,114,1498,0.10380618819805756
1379,114,1493,0.1038388326053303
1372,116,1488,0.10388072150531374
1371,112,1483,0.10393500336194951
1389,113,1502,0.10398871914062663
1395,111,1506,0.10399662460214179
1391,112,1503,0.10399010564626085
1399,113,1512,0.10399275504916217
1394,112,1506,0.10397674971459851
1395,112,1507,0.10397378443410123
1394,110,1504,0.10396826031814736
1397,106,1503,0.10396595155386588
1397,107,1504,0.10395496417614769
1401,104,1505,0.103944337206277
1401,103,1504,0.10392420630576023
1406,103,1509,0.10390746605156354
1406,100,1506,0.10387822732129148
1398,102,1500,0.10385032984236296
1394,99,1493,0.10384094517680245
1405,99,1504,0.1038406639672188
1402,97,1499,0.10381507169157907
1396,93,1489,0.10379986808472326
1405,96,1501,0.10379960410898924
1397,95,1492,0.10377940328700452
1405,95,1500,0.10377700495816371
1393,95,1488,0.10375806646793194
1389,96,1485,0.10376674245885947
1393,97,1490,0.10378458515071053
1393,100,1493,0.10379118151483285
1390,101,1491,0.10379773438947375
1389,101,1490,0.10381230746079279
1387,101,1488,0.10382796425355079
1392,99,1491,0.10384846511031551
1406,101,1507,0.10385567569294558
1401,100,1501,0.10383113350571707
1395,102,1497,0.10381906921722703
1392,108,1500,0.10382211116209752
1406,111,1517,0.10382887953966069
1391,109,1500,0.10380492688509159
1392,109,1501,0.10381907197982673
1392,109,1501,0.10383058819991903
1400,109,1509,0.10383989448007754
1395,107,1502,0.10382996710967117
1384,107,1491,0.10383212168097444
1384,103,1487,0.10386041236239794
1381,101,1482,0.10388467602576298
1381,103,1484,0.10391241775271656
1386,102,1488,0.10393873210087028
1381,103,1484,0.10395154748073189
1391,102,1493,0.10397387256376582
1396,100,1496,0.10397204904265525
1397,100,1497,0.10395673153298922
1381,99,1480,0.10393811897323493
1375,104,1479,0.10395803503530371
1389,105,1494,0.10399278490177678
1382,107,1489,0.10399569269127668
1374,105,1479,0.10401259046253589
1371,104,1475,0.10404722737716349
1378,106,1484,0.10408426924409557
1393,107,1500,0.10410060822741483
1389,107,1496,0.10408353841212328
1391,106,1497,0.10407747026173904
1383,108,1491,0.10406712489408486
1368,110,1478,0.1040747464631512
1377,109,1486,0.10411395893785809
1369,108,1477,0.1041295373996348
1362,110,1472,0.10416161727402741
1370,114,1484,0.10420824455650816
1365,117,1482,0.10423435192811809
1377,120,1497,0.10427183267649717
1374,121,1495,0.10427620525047843
1386,122,1508,0.10429023566437567
1382,121,1503,0.10427581250675858
1379,123,1502,0.1042723062930909
1387,124,1511,0.10427581772709558
1390,121,1511,0.10426136882894439
1390,120,1510,0.10423989868594916
1388,115,1503,0.10422007539105425
1398,116,1514,0.10420615371370441
1395,116,1511,0.10417085019719682
1395,117,1512,0.10414518262583705
1384,115,1499,0.10412283783961662
1402,115,1517,0.104127332570957
1402,117,1519,0.10409296770126965
1400,117,1517,0.10406147982558099
1386,112,1498,0.10403856514292727
1388,115,1503,0.10404686344605761
1377,114,1491,0.10405133554515654
1378,112,1490,0.10407854449079569
1382,117,1499,0.10410066349878917
1377,119,1496,0.10411277075487274
1380,120,1500,0.10413574196267074
1371,117,1488,0.10415136579035604
1376,116,1492,0.10418617156858384
1385,115,1500,0.10420942087341514
1378,116,1494,0.10420872179687375
1372,116,1488,0.1042235127300995
1381,115,1496,0.10425035304516005
1378,119,1497,0.104255788333327
1369,116,1485,0.1042683945132606
1373,121,1494,0.10430049158848491
1369,120,1489,0.10432119303873169
1380,120,1500,0.10434740777052945
1375,118,1493,0.10434661939240808
1377,117,1494,0.104354877638588
1366,122,1488,0.10436029496437836
1369,123,1492,0.10439071744635481
1356,122,1478,0.10441071759244423
1357,122,1479,0.10445868697634697
1352,123,1475,0.10450223112597883
1356,116,1472,0.10455526782306811
1358,118,1476,0.10459433644711531
1361,122,1483,0.10462437477817431
1373,124,1497,0.10464716892308638
1360,127,1487,0.10464280350488968
1351,131,1482,0.10466801559170862
1354,131,1485,0.10471066109715828
1349,131,1480,0.10474244024891774
1365,130,1495,0.10478213830345837
1367,125,1492,0.10478488292412892
1364,126,1490,0.10478142878445094
1366,127,1493,0.1047858535239286
1371,132,1503,0.10478639836436278
1361,129,1490,0.10477562754404865
1358,127,1485,0.1047885582762386
1358,129,1487,0.10480797059146894
1364,128,1492,0.10482330036711605
1365,129,1494,0.10482425798881145
1376,129,1505,0.10482317164326034
1369,128,1497,0.10479792903905366
1363,127,1490,0.10478975741877303
1369,127,1496,0.10479618546510036
1357,126,1483,0.1047888873209671
1363,127,1490,0.10480998483324713
1359,126,1485,0.10481629211144458
1351,126,1477,0.10483229821219144
1357,128,1485,0.10486307312733541
1370,128,1498,0.10487735594740201
1375,129,1504,0.10486032101710567
1370,129,1499,0.10483493616009824
1374,131,1505,0.10482373238716977
1365,130,1495,0.10480254859255474
1378,131,1509,0.10480228952443578
1373,131,1504,0.1047730839949984
1377,133,1510,0.10475908816839091
1365,132,1497,0.10473865528055319
1352,132,1484,0.10474627144444346
1362,129,1491,0.10478230225803027
1371,127,1498,0.10479291962412375
1358,128,1486,0.10478312283936514
1342,128,1470,0.10480416290179942
1349,128,1477,0.10485959516529743
1366,133,1499,0.10489330287387726
1362,130,1492,0.10488565018355084
1355,128,1483,0.10488848649388573
1364,131,1495,0.10490619207516172
1365,133,1498,0.10490334078227675
1370,133,1503,0.10489967224975373
1369,135,1504,0.1048866760978154
1374,133,1507,0.1048763168326824
1377,132,1509,0.10485577591657122
1368,134,1502,0.10483192936542951
1357,136,1493,0.10482935635476466
1357,133,1490,0.10484965636804802
1357,130,1487,0.10486810204036134
1361,132,1493,0.10488557983573121
1367,138,1505,0.10489051239903929
1375,140,1515,0.10488442489929323
1369,141,1510,0.1048624680659637
1363,140,1503,0.10485324885805192
1368,138,1506,0.10485801413323002
1374,137,1511,0.10485074266129406
1366,138,1504,0.10483028610156596
1376,142,1518,0.10482830643381603
1377,141,1518,0.10480521373473231
1368,143,1511,0.10478285854480379
1361,144,1505,0.1047838411374998
1362,143,1505,0.10480107615922815
1361,142,1503,0.10481563047339001
1358,144,1502,0.10483278789672944
1367,145,1512,0.10485506960584406
1361,146,1507,0.10485652636343964
1345,143,1488,0.10486929436935365
1351,144,1495,0.10491796743671047
1351,139,1490,0.10494963979278499
1350,138,1488,0.10497847792833731
1348,136,1484,0.1050069249915287
1350,144,1494,0.1050377497691132
1338,141,1479,0.1050614407267797
1332,139,1471,0.10511182616223
1349,142,1491,0.10516974242654147
1353,145,1498,0.10518648615158468
1354,145,1499,0.10518931008566668
1350,148,1498,0.10519209276847928
1344,151,1495,0.10520433725787882
1338,154,1492,0.10522869180836804
1337,155,1492,0.1052658453599731
1331,152,1483,0.10530355409305084
1345,153,1498,0.1053520356636769
1350,160,1510,0.10536584582471477
1350,158,1508,0.10536625797502357
1325,162,1487,0.10536560012370984
1325,161,1486,0.10542304958547132
1330,160,1490,0.10547892927872886
1329,161,1490,0.10551811221119149
1327,164,1491,0.10555969215482935
1325,169,1494,0.10559966022537515
1328,173,1501,0.1056408780405646
1316,174,1490,0.10567334024567188
1326,173,1499,0.10573346445744392
1318,170,1488,0.10576626681862183
1322,176,1498,0.10581415998295465
1326,180,1506,0.10585108499311797
1326,183,1509,0.10587674701825174
1330,181,1511,0.10590017140953399
1323,182,1505,0.10591351576186286
1327,181,1508,0.10594212810894006
1326,178,1504,0.1059595510320547
1316,178,1494,0.1059781135860142
1331,178,1509,0.10601685276112242
1341,179,1520,0.10601817134254812
1324,181,1505,0.10599748928838118
1323,183,1506,0.1060181351958746
1312,185,1497,0.10603808814647923
1305,186,1491,0.10608389465258643
1308,187,1495,0.10614314282885634
1301,188,1489,0.10619170563397397
1310,182,1492,0.10625237259839604
1308,182,1490,0.10628918165426678
1309,183,1492,0.10632665640332412
1306,186,1492,0.10635852689959385
1301,187,1488,0.10639573744284693
1315,189,1504,0.10644216661650022
1303,196,1499,0.10645587254158301
1293,199,1492,0.10649394718449394
1285,198,1483,0.10655044739696207
1264,201,1465,0.10662066426037181
1273,203,1476,0.10673400318515068
1275,202,1477,0.1068201382922712
1283,194,1477,0.10689525769151302
1268,206,1474,0.10694578535223155
1274,204,1478,0.10702758926525384
1279,207,1486,0.10708901262696802
1284,210,1494,0.10713538276201623
1274,214,1488,0.10716782829112448
1267,217,1484,0.10722022173298923
1271,225,1496,0.10728642898142482
1267,225,1492,0.10733953058432863
1264,226,1490,0.10739954876143148
1276,226,1502,0.10746321734963474
1271,228,1499,0.10749460110096418
1260,227,1487,0.10753447192633696
1255,226,1481,0.10759596866660527
1265,230,1495,0.1076633984748462
1256,219,1475,0.10770337541752857
1257,219,1476,0.10776267653678588
1259,218,1477,0.10781464312740553
1263,218,1481,0.10785698530542148
1258,227,1485,0.10788741977866828
1268,229,1497,0.10792697981375643
1275,224,1499,0.10793971249668191
1274,229,1503,0.10793360922386182
1275,230,1505,0.10793054068004501
1272,232,1504,0.10792792616628995
1273,229,1502,0.10793509830977173
1281,237,1518,0.10794007045004214
1262,238,1500,0.10792657078604811
1263,232,1495,0.10795735547327422
1270,225,1495,0.10798303012365194
1266,232,1498,0.10799127431557927
1256,233,1489,0.10800770030750599
1253,233,1486,0.10804743176216128
1245,236,1481,0.10809158800605145
1247,243,1490,0.10815224496135238
1245,245,1490,0.10820105494560012
1253,246,1499,0.10825265327224307
1255,245,1500,0.1082836807898084
1252,247,1499,0.10830795964552188
1247,238,1485,0.10833711750019528
1244,237,1481,0.1083771233831887
1250,235,1485,0.10841692145226287
1251,242,1493,0.10843998673323646
1256,243,1499,0.10845992361988818
1255,243,1498,0.10846769508982958
1263,245,1508,0.10847683947210897
1258,241,1499,0.10846726694065861
1268,244,1512,0.10847022418148868
1261,239,1500,0.10845139255338662
1267,238,1505,0.1084488035683769
1266,235,1501,0.10843331189030893
1254,238,1492,0.10842015814728607
1256,241,1497,0.10843317868343945
1260,247,1507,0.10844241048839627
1257,251,1508,0.10844253200646549
1246,250,1496,0.10845065043332822
1242,249,1491,0.10848227624894732
1235,251,1486,0.1085208972997932
1237,251,1488,0.10857219032376626
1250,252,1502,0.10861482736123934
1256,256,1512,0.10862440720459951
1248,250,1498,0.10862206804593216
1245,245,1490,0.10863403683524821
1249,250,1499,0.10865479964910789
1231,254,1485,0.10866636451867186
1231,259,1490,0.10871759660337442
1237,255,1492,0.1087662246630764
1247,258,1505,0.10879876801961473
1258,255,1513,0.10880870139921608
1248,254,1502,0.108793800119181
1249,252,1501,0.10880302751422821
1249,257,1506,0.10881047546529327
1243,252,1495,0.1088175140268365
1242,251,1493,0.10883583312372018
1246,258,1504,0.1088564502661061
1241,261,1502,0.1088672911685886
1226,266,1492,0.10888886734312671
1225,270,1495,0.10894220800960838
1229,271,1500,0.10899439529448358
1228,272,1500,0.10903188329904377
1214,271,1485,0.1090707881771386
1231,274,1505,0.10913839662448628
1206,278,1484,0.10916324045795271
1207,283,1490,0.1092431076886313
1217,279,1496,0.10931413096557328
1212,277,1489,0.10935812983504388
1215,281,1496,0.10941057942246762
1218,283,1501,0.1094541380252661
1221,282,1503,0.10948801340054573
1221,279,1500,0.10951450224031287
1221,284,1505,0.10953568449073944
1223,285,1508,0.10955457400529593
1219,286,1505,0.10956915662599681
1219,285,1504,0.10959031953381045
1217,287,1504,0.109611215864361
1209,286,1495,0.10963646790652075
1201,292,1493,0.10967814712259301
1194,289,1483,0.10973707837777014
1192,292,1484,0.10980774434270718
1194,296,1490,0.10987786715856405
1198,298,1496,0.10993736793086253
1197,292,1489,0.1099833863890729
1188,300,1488,0.11002844556446721
1192,306,1498,0.11009118895157659
1188,307,1495,0.11014033469807177
1176,317,1493,0.11019690835540921
1178,316,1494,0.11027425002391775
1175,306,1481,0.1103406414449022
1178,310,1488,0.11041065979018498
1175,309,1484,0.11047002094256529
1186,313,1499,0.11053084548763786
1189,322,1511,0.11056169391881805
1174,322,1496,0.1105842012038523
1181,330,1511,0.1106405666461395
1173,325,1498,0.11067843815003606
1167,328,1495,0.11073108407356749
1167,324,1491,0.1107948840771144
1154,321,1475,0.11085565669106603
1156,323,1479,0.11094175631928571
1160,333,1493,0.1110180989119402
1160,338,1498,0.11107903627870402
1158,338,1496,0.11113656735834251
1151,333,1484,0.11119524208339843
1149,335,1484,0.11126578965794696
1153,338,1491,0.11133825945998987
1163,336,1499,0.11139528666918512
1158,337,1495,0.11142562435766268
1154,337,1491,0.11146472908215785
1153,338,1491,0.11151015263821218
1153,340,1493,0.11155574568024094
1151,347,1498,0.11159634821142475
1133,347,1480,0.11163971427085695
1149,342,1491,0.11171970558634939
1146,339,1485,0.11175684187460787
1151,336,1487,0.11179902152739096
1154,337,1491,0.11182657939605957
1166,340,1506,0.11184579309784841
1160,334,1494,0.11183769624168295
1161,345,1506,0.11184547651592319
1152,346,1498,0.11185172121679182
1152,345,1497,0.11187835305577541
1157,353,1510,0.11190608589935501
1154,358,1512,0.11192167116383538
1143,358,1501,0.11194501457456837
1150,355,1505,0.11199013101430261
1138,359,1497,0.11201391167196563
1138,360,1498,0.11206229926684146
1141,355,1496,0.11210808982746334
1139,361,1500,0.11214615079368219
1139,358,1497,0.11218647179519299
1146,359,1505,0.11222383799981131
1140,358,1498,0.11224275448703751
1132,362,1494,0.1122746302190993
1132,360,1492,0.1123231567375095
1138,356,1494,0.11236851535715302
1127,354,1481,0.11239924394170661
1145,354,1499,0.11245275700137061
1152,355,1507,0.11245911735009485
1150,358,1508,0.11245018258204979
1150,357,1507,0.11244524510116331
1151,360,1511,0.11243859366638526
1164,356,1520,0.11243057762969841
1165,357,1522,0.11239110368532407
1158,359,1517,0.11235256649497245
1165,354,1519,0.11233275700646367
1159,349,1508,0.11230110374686968
1143,348,1491,0.11228431577854288
1132,353,1485,0.11230492411853983
1130,357,1487,0.11235018044145167
1134,358,1492,0.11239437348688544
1145,353,1498,0.11242678168556865
1148,356,1504,0.1124323438574983
1146,354,1500,0.11243050567777696
1143,345,1488,0.11243343029518335
1154,345,1499,0.11244306575030528
1151,345,1496,0.1124252565654119
1152,349,1501,0.11241612920045167
1158,350,1508,0.11240723189284774
1163,356,1519,0.11238367103572461
1164,348,1512,0.11235214437853265
1153,352,1505,0.11232098234132257
1142,357,1499,0.11231792024670101
1155,359,1514,0.11234213654550826
1153,360,1513,0.11233332522204773
1154,356,1510,0.11233158715579193
1149,357,1506,0.1123268377446231
1151,359,1510,0.11233532697909825
1158,360,1518,0.11234047250185852
1138,361,1499,0.11233001449547601
1143,362,1505,0.11236499866867591
1143,363,1506,0.1123862230516168
1145,357,1502,0.1124063288469274
1136,357,1493,0.11242220305683812
1129,358,1487,0.11245874751162922
1119,365,1484,0.11250833156120157
1122,375,1497,0.11257761350689244
1134,373,1507,0.11263413151807818
1125,374,1499,0.11265858097096818
1128,383,1511,0.11270061825653918
1116,379,1495,0.1127333673997726
1114,370,1484,0.11279227898351846
1115,375,1490,0.11284947216012908
1121,381,1502,0.1129020569678978
1117,381,1498,0.11293866354324017
1120,385,1505,0.1129798087986652
1108,389,1497,0.11300942326650779
1101,391,1492,0.11306559256278628
1102,395,1497,0.1131336590453787
1097,395,1492,0.11319158559232062
1090,396,1486,0.11325812697041596
1100,397,1497,0.11333759095494642
1111,392,1503,0.11338988530997113
1122,396,1518,0.11341237550553795
1119,404,1523,0.11340599498244311
1110,396,1506,0.11340939506610435
1105,404,1509,0.11343392357344649
1102,404,1506,0.1134678089707137
1101,401,1502,0.11350576899474209
1096,400,1496,0.1135436521950787
1081,407,1488,0.11359111196700894
1084,402,1486,0.11367063622785771
1081,404,1485,0.1137363833866301
1092,404,1496,0.11380471301139494
1091,404,1495,0.11384090924734162
1084,413,1497,0.11387907980473745
1084,413,1497,0.11393106921454586
1088,414,1502,0.1139796039935859
1067,409,1476,0.11401596981053996
1079,413,1492,0.11409950246495196
1081,416,1497,0.11415089266315676
1074,426,1500,0.11419398102552548
1069,426,1495,0.11424859189217942
1071,431,1502,0.11431110485221799
1080,426,1506,0.11436478061758816
1078,424,1502,0.11439500325247721
1079,426,1505,0.11442855630420594
1072,432,1504,0.1144593639889494
1080,428,1508,0.11450170098207849
1078,434,1512,0.11452251145447759
1055,429,1484,0.11454818919900699
1061,435,1496,0.1146244192022918
1060,432,1492,0.11468286313828603
1068,427,1495,0.11474010809213059
1071,423,1494,0.11477142761308745
1073,425,1498,0.1147947956730993
1075,431,1506,0.11481251695705758
1071,429,1500,0.11482465542010686
1068,432,1500,0.11484577913484817
1068,435,1503,0.11487262266077711
1067,437,1504,0.11489851071624545
1067,436,1503,0.11492479328736996
1057,437,1494,0.11495068212445553
1062,433,1495,0.11499742852862976
1060,442,1502,0.11502830952495209
1049,453,1502,0.11506432855823746
1040,455,1495,0.1151233608944483
1023,457,1480,0.1152001788720079
1038,460,1498,0.11531105482477955
1044,453,1497,0.11537576402584719
1038,460,1498,0.11541944952569853
1015,462,1477,0.11547678732375409
1012,456,1468,0.11558215014865364
1014,454,1468,0.11568777356843057
1026,460,1486,0.11577940433634398
1029,463,1492,0.11583727980806416
1026,459,1485,0.11588429995306589
1028,469,1497,0.11593332697705996
1029,463,1492,0.11597735610290248
1024,466,1490,0.11601704661963635
1010,462,1472,0.11606583931174573
1016,462,1478,0.11614243429554197
1021,462,1483,0.11620143278209161
1022,463,1485,0.1162423768756654
1022,461,1483,0.11627690960513799
1011,468,1479,0.11630816145818425
1020,479,1499,0.11636143308297257
1018,482,1500,0.11639404034905772
1016,476,1492,0.11642798483606785
1021,470,1491,0.1164645545666071
1018,471,1489,0.11648577830652368
1022,468,1490,0.11651001507711936
1028,474,1502,0.11652264748780229
1028,479,1507,0.11652256264980153
1026,473,1499,0.11652493892682696
1032,479,1511,0.1165309685767979
1018,479,1497,0.11652423327812883
1012,479,1491,0.11655135003422443
1016,483,1499,0.11659262696352111
1005,485,1490,0.1166222356756668
1008,485,1493,0.1166737229985604
1020,491,1511,0.11671360192300999
1024,485,1509,0.11672538743561461
1017,489,1506,0.11672646742200615
1012,494,1506,0.11673971720574333
1012,491,1503,0.11676347453403631
1019,486,1505,0.11678775503028045
1008,481,1489,0.11679518185516853
1014,492,1506,0.11682708383071637
1005,491,1496,0.11684418113791821
999,489,1488,0.11687849645872277
1014,492,1506,0.11692525503970458
1016,497,1513,0.11693431628105948
1009,487,1496,0.11693885475368497
993,481,1474,0.11695948867177164
986,498,1484,0.11701504313981757
990,495,1485,0.11708394444793449
999,497,1496,0.11714015928794591
1005,500,1505,0.11717086407081459
999,501,1500,0.11718657926467863
1009,507,1516,0.11721248529874204
1000,505,1505,0.11721207902243255
1000,508,1508,0.11723464040093053
994,498,1492,0.117254798654697
996,496,1492,0.11728781978277572
1009,487,1496,0.11731549445190742
997,492,1489,0.11731011520197587
994,499,1493,0.11733291019180542
986,506,1492,0.11736121322187923
990,512,1502,0.11740676253227943
989,521,1510,0.11744034484956518
989,517,1506,0.11747467347414708
980,518,1498,0.11750614070230025
973,523,1496,0.11755843594551461
982,525,1507,0.11762217992565047
972,529,1501,0.11766146886601639
977,528,1505,0.11772133405513648
977,530,1507,0.11776410031363468
970,534,1504,0.11780606202231017
968,535,1503,0.11786327980205354
964,537,1501,0.11792251058511134
969,538,1507,0.11798491004066974
963,543,1506,0.1180317040912898
961,530,1491,0.1180908687101026
969,536,1505,0.11815054390426742
959,526,1485,0.11818508707097682
956,531,1487,0.11824225472843394
973,536,1509,0.11830263876652762
965,547,1512,0.11831825047636091
972,541,1513,0.11835107996696731
961,542,1503,0.11836455763367447
957,544,1501,0.11840356007650271
973,548,1521,0.1184507508913839
976,543,1519,0.11845652166902877
976,543,1519,0.1184520410137816
963,549,1512,0.1184505545359962
964,546,1510,0.11847937970201693
960,546,1506,0.11850459307117721
959,539,1498,0.11853697416729674
963,531,1494,0.11856866003597752
963,524,1487,0.11858472336137747
966,526,1492,0.11859880276547301
971,525,1496,0.11860601909874123
973,524,1497,0.11859998856837628
965,530,1495,0.11859170560751452
966,524,1490,0.1186030564414748
965,526,1491,0.11860794064830234
965,524,1489,0.11861263704358048
975,519,1494,0.11861730275211482
966,521,1487,0.11859585805680217
978,523,1501,0.11859947117586693
983,535,1518,0.11857683314380761
988,532,1520,0.11854438436489317
977,537,1514,0.11850299741306877
982,540,1522,0.1184909755708333
966,540,1506,0.11847072017006394
969,542,1511,0.1184873548965913
965,542,1507,0.11849631393018217
956,542,1498,0.11851604724985387
963,540,1503,0.11855643468880048
961,549,1510,0.11857817959548589
950,550,1500,0.11860368283172815
945,545,1490,0.11865185872663013
946,555,1501,0.11870975142697818
948,556,1504,0.11876170337434658
941,552,1493,0.11880570979049569
947,542,1489,0.11886420426995502
930,545,1475,0.11890467017603386
931,549,1480,0.11898093836845146
931,552,1483,0.11904979235264143
934,549,1483,0.1191145570185828
942,549,1491,0.11916876921110116
943,550,1493,0.11919599420870648
940,558,1498,0.1192171420772927
939,559,1498,0.11924256552363362
942,558,1500,0.11927111388430692
939,563,1502,0.1192914517261918
935,562,1497,0.11931462906527297
936,563,1499,0.11934548796611325
935,566,1501,0.11937034122639315
943,564,1507,0.11939728436352194
937,562,1499,0.11940403733965384
933,570,1503,0.11942578873117558
934,569,1503,0.11945724646921312
929,570,1499,0.11948433652584893
932,565,1497,0.11952367040185902
923,570,1493,0.11955196530206504
928,581,1509,0.11959986690262596
932,574,1506,0.11963386591585193
932,574,1506,0.11965535252016406
936,577,1513,0.11967592428617944
938,564,1502,0.1196848532266306
948,560,1508,0.11968760987443851
944,564,1508,0.1196684530185069
947,567,1514,0.11965937618784672
959,567,1526,0.11964526710798279
960,565,1525,0.11960285200677202
956,555,1511,0.11956011778185643
956,564,1520,0.11953004622237585
946,572,1518,0.11950273344429796
938,573,1511,0.11950419120813109
938,577,1515,0.11952394017416026
939,577,1516,0.11954289500317404
934,586,1520,0.11955785716171623
924,580,1504,0.1195832600817069
933,582,1515,0.11962817056098742
930,577,1507,0.11965004485393173
919,578,1497,0.11967835839079928
920,579,1499,0.11973019876298309
915,576,1491,0.11977571452671879
919,578,1497,0.11983048808875657
896,587,1483,0.11987218335305809
901,599,1500,0.1199635729613771
905,593,1498,0.12003574727650453
895,597,1492,0.12009518653315705
891,589,1480,0.1201723639269164
899,591,1490,0.12025044927094243
896,597,1493,0.12030524368662798
892,605,1497,0.1203651924009348
898,605,1503,0.12043071132363867
906,610,1516,0.12047635957307538
902,606,1508,0.12050069955422732
900,602,1502,0.12053391677533248
915,597,1512,0.12057050672397182
916,603,1519,0.12056777673085035
920,602,1522,0.12056589040171378
907,611,1518,0.1205548654181009
909,597,1506,0.1205762753607306
910,597,1507,0.12059116736793009
912,603,1515,0.12059881596270465
907,600,1507,0.12060273458822347
899,599,1498,0.12061894088270535
892,598,1490,0.12065258917369158
884,600,1484,0.12070001970217295
875,612,1487,0.12076439116476184
877,611,1488,0.12084486364450484
885,613,1498,0.12091653909282345
888,610,1498,0.1209645036152132
892,620,1512,0.12100294391920852
897,621,1518,0.1210311967856764
892,605,1497,0.1210456514843851
886,613,1499,0.12107180618813862
875,620,1495,0.12110665202345448
883,625,1508,0.12116374722660787
874,624,1498,0.1211984423335461
877,630,1507,0.12125283806641565
879,631,1510,0.12129421202916509
877,632,1509,0.12133037841265289
873,634,1507,0.12137021743296536
867,637,1504,0.12141726519878229
858,639,1497,0.12147085690074451
877,634,1511,0.12154463846185763
870,633,1503,0.12157163456456438
863,636,1499,0.12161438073353192
864,632,1496,0.12167237633369077
869,640,1509,0.12172300569436548
851,648,1499,0.12175830301615133
847,647,1494,0.121832056001431
854,647,1501,0.12191023972404351
859,649,1508,0.12196878222625926
857,642,1499,0.12201056514533422
857,648,1505,0.12205466286590362
861,643,1504,0.12209739985832047
860,650,1510,0.122125210771219
862,658,1520,0.12215420010749427
863,656,1519,0.12217870958197347
870,643,1513,0.12219692417201251
858,653,1511,0.12219732168996433
862,652,1514,0.12222300274308281
853,649,1502,0.12223754864651584
856,644,1500,0.12227380531344201
854,641,1495,0.12230080371614042
860,650,1510,0.12233361573667091
863,655,1518,0.12235065820871548
860,652,1512,0.12235988006278678
857,659,1516,0.1223766411618941
847,654,1501,0.1224021747104889
837,659,1496,0.12244772693740746
839,660,1499,0.122515000305104
837,649,1486,0.12257188698931706
846,656,1502,0.12262822905499514
839,668,1507,0.12266276808546438
832,675,1507,0.12271209615651255
827,681,1508,0.12277325760245585
825,678,1503,0.12284248622728754
820,678,1498,0.12291062150649612
824,684,1508,0.12298487502021306
825,684,1509,0.12304466083947405
825,681,1506,0.12309670411272013
834,689,1523,0.12314519075518109
828,681,1509,0.12316911443756087
830,681,1511,0.12320630446267174
824,686,1510,0.12323742797225236
824,683,1507,0.12328183321859605
814,674,1488,0.12332278695482383
801,680,1481,0.123383806419144
811,684,1495,0.1234688289928137
821,686,1507,0.12352325499425724
819,684,1503,0.12354933395598547
817,681,1498,0.1235787851940104
819,667,1486,0.12360965161212892
820,676,1496,0.12363434922033333
827,677,1504,0.12365416679571757
825,677,1502,0.12365705246728513
820,675,1495,0.12366116470865457
821,674,1495,0.12367658319115751
826,676,1502,0.12368968816336831
830,672,1502,0.12368746289643806
829,675,1504,0.12367674889764188
831,667,1498,0.12366805846083714
835,671,1506,0.12365782909784166
831,677,1508,0.12363921348415832
828,677,1505,0.1236338189690238
825,674,1499,0.12363719672232872
825,662,1487,0.1236464817280255
824,662,1486,0.12365418362863792
816,664,1480,0.12366412676269516
824,671,1495,0.12369141847984459
833,662,1495,0.12369710865311671
833,667,1500,0.12367941359472547
827,668,1495,0.12366297253101276
839,670,1509,0.1236597847842933
839,665,1504,0.1236308457370408
838,664,1502,0.12360370142448249
836,667,1503,0.12358168831819474
833,675,1508,0.1235674167445709
832,684,1516,0.12356354378582424
835,686,1521,0.1235594712824377
826,675,1501,0.12354785705494298
825,686,1511,0.12355725910701451
819,683,1502,0.123568835370204
825,682,1507,0.12359532176176646
817,690,1507,0.12360406336821882
816,687,1503,0.12363334954980569
823,688,1511,0.12366326168035602
819,685,1504,0.12367608630037796
816,686,1502,0.12369395901541769
822,687,1509,0.12371697491728284
810,686,1496,0.12372909803654018
811,687,1498,0.12376745471278465
814,688,1502,0.12380245363795023
809,679,1488,0.1238277539740449
821,677,1498,0.12386228863736157
811,682,1493,0.12386682182564966
808,688,1496,0.12389336824840835
801,689,1490,0.12392493961823675
802,693,1495,0.12396961976994453
807,695,1502,0.12400822887783558
804,696,1500,0.12403345850862707
807,691,1498,0.12406339629753842
808,690,1498,0.12408247203848045
809,701,1510,0.12409882089346308
807,703,1510,0.12411111772048118
805,700,1505,0.12412941153542482
797,713,1510,0.12414950669047425
798,716,1514,0.12418688043436373
801,715,1516,0.12422088402645037
809,716,1525,0.12424776903879992
799,710,1509,0.12425478254493175
798,709,1507,0.12428253135387392
799,714,1513,0.12431083758218799
798,713,1511,0.1243352138452189
793,718,1511,0.12436076348123198
797,718,1515,0.1243992969735028
799,717,1516,0.12442371327865732
777,705,1482,0.12444342985417071
789,715,1504,0.12451112923965113
789,723,1512,0.12454624691813976
789,717,1506,0.1245813749732256
791,721,1512,0.12461528801758619
787,726,1513,0.12464283493993804
787,722,1509,0.12467831413819623
784,724,1508,0.12471097504402277
782,728,1510,0.12474876082850096
775,725,1500,0.12478649825041639
771,730,1501,0.12483871257222554
770,736,1506,0.12489503060255194
771,734,1505,0.12495079439709901
767,727,1494,0.12500276538606442
766,734,1500,0.12506095290159622
771,738,1509,0.1251194607930067
772,738,1510,0.1251639138880815
765,747,1512,0.12520097387311196
763,744,1507,0.12525050537927357
755,747,1502,0.12529945217934446
752,752,1504,0.12536587509344393
749,752,1501,0.1254370040772639
751,744,1495,0.12551114527988544
747,744,1491,0.12557569955570694
755,745,1500,0.12564314027869977
761,751,1512,0.125685834316905
757,752,1509,0.12571289522260792
749,746,1495,0.1257484532294618
751,756,1507,0.1257994099052715
741,751,1492,0.12584121172310944
744,757,1501,0.12590346734405486
742,769,1511,0.12595602526200586
743,767,1510,0.1260088260872571
746,766,1512,0.1260566168699212
754,765,1519,0.12609587006499645
756,767,1523,0.12610968605636896
744,776,1520,0.12611765038438758
735,769,1504,0.12615515431301894
747,776,1523,0.12621122830214898
741,772,1513,0.12623805583053202
738,777,1515,0.1262789636501784
742,780,1522,0.1263211835825024
739,780,1519,0.1263525303528532
737,775,1512,0.1263885592192997
735,774,1509,0.12642791915480375
732,770,1502,0.12646902684162212
737,774,1511,0.12651338489774575
743,765,1508,0.1265410091698895
735,761,1496,0.1265511497320361
728,767,1495,0.12658067847798044
730,777,1507,0.12662556256609087
728,781,1509,0.12666341561169733
730,784,1514,0.12670212989035023
728,778,1506,0.12673360403273073
725,782,1507,0.1267659505805801
717,779,1496,0.12680541588930044
721,780,1501,0.12686148977699954
720,776,1496,0.1269026646334313
722,796,1518,0.12694315142849555
719,783,1502,0.1269769710177356
718,792,1510,0.12701757347154122
713,791,1504,0.12705542941518647
719,801,1520,0.12710456520767643
722,799,1521,0.1271384629307321
717,786,1503,0.12716437563405414
717,788,1505,0.12720145605787214
718,797,1515,0.1272353673792017
719,793,1512,0.12726447823087594
717,795,1512,0.12728876121903085
714,804,1518,0.12731619064819855
713,811,1524,0.12734984350283252
712,806,1518,0.12738324329025574
720,804,1524,0.12741745171919408
725,799,1524,0.12743258685302203
736,795,1531,0.12743414081067353
726,787,1513,0.1274091674699265
718,784,1502,0.12740685428849347
711,781,1492,0.1274240193592058
717,794,1511,0.1274559353061603
713,802,1515,0.12747195610408021
715,806,1521,0.1274937806190279
710,805,1515,0.12751114020619958
716,798,1514,0.12753827346797006
724,799,1523,0.1275493338144213
717,795,1512,0.1275431147703291
719,803,1522,0.12755376287436038
714,800,1514,0.12755863344615995
715,805,1520,0.1275745389135533
722,787,1509,0.1275860128470128
726,789,1515,0.12758072519055225
725,796,1521,0.12756645418348922
720,794,1514,0.12755529552052708
707,801,1508,0.12755673034637344
703,811,1514,0.12759034872029404
702,800,1502,0.12763066932324155
701,810,1511,0.12767233868870562
704,812,1516,0.1277150042192198
700,812,1512,0.12774782241166502
706,807,1513,0.12778650185871673
708,796,1504,0.12780838027136926
705,798,1503,0.12782251345786963
700,810,1510,0.12784232660434125
719,805,1524,0.12787376506054474
721,816,1537,0.1278576535297561
707,811,1518,0.12783767624435188
700,805,1505,0.12785353607219765
707,808,1515,0.1278854967478558
710,805,1515,0.12789792955985732
710,802,1512,0.12789953184196887
715,799,1514,0.12790178993713341
713,794,1507,0.12789066917631925
713,810,1523,0.12788863495847747
706,801,1507,0.12788525643752707
699,799,1498,0.12789908373477046
692,793,1485,0.12792890708607707
701,797,1498,0.12797313773496635
693,790,1483,0.1279921385825991
694,800,1494,0.12803107955984128
696,809,1505,0.12806538134964668
691,804,1495,0.12809143514073376
686,818,1504,0.12812731094470847
687,821,1508,0.12817262125013948
692,817,1509,0.1282127619256974
699,824,1523,0.12823847029134552
693,826,1519,0.1282451740888007
688,821,1509,0.12826440539158881
685,819,1504,0.1282942863125106
685,815,1500,0.12832989415835017
677,827,1504,0.1283637573361144
680,823,1503,0.12841394227686517
673,835,1508,0.12845415566125204
673,835,1508,0.12850856692414625
672,836,1508,0.1285600653353323
671,828,1499,0.12860945281292138
673,820,1493,0.12865894938892206
679,832,1511,0.12869908027711094
677,827,1504,0.1287212627993785
671,820,1491,0.12874711715020626
668,818,1486,0.12878526829850287
667,816,1483,0.12882633706615107
672,815,1487,0.12886673375230934
671,819,1490,0.12889284278906976
662,837,1499,0.12891891260609376
672,845,1517,0.12896367258023067
670,842,1512,0.12898159769689094
664,840,1504,0.12900082356064033
667,846,1513,0.12903601183147026
666,851,1517,0.129064043301429
657,844,1501,0.12909407159451144
655,860,1515,0.12914567204526523
661,851,1512,0.12919719800591914
664,850,1514,0.12923351552470583
662,862,1524,0.129258852848673
657,865,1522,0.1292872994672688
651,871,1522,0.1293267308731145
649,865,1514,0.12937675129320564
651,873,1524,0.12943006243087424
643,864,1507,0.12947644945241282
638,872,1510,0.12953913394648983
638,872,1510,0.1296089511106639
637,871,1508,0.12967413459370566
636,879,1515,0.12973435712275186
635,870,1505,0.12979366162812153
633,872,1505,0.1298538687304349
635,865,1500,0.1299120483095346
634,867,1501,0.12996322918351416
635,870,1505,0.1300104368742694
634,873,1507,0.13005225525370023
637,861,1498,0.13009380335593232
639,864,1503,0.1301254042543997
637,867,1504,0.1301496632028212
641,882,1523,0.1301764082589638
641,880,1521,0.13018874633036945
638,884,1522,0.13019921125189385
633,878,1511,0.1302165210651887
629,866,1495,0.13024545708062432
629,865,1494,0.13028296382965948
629,877,1506,0.13031785568390566
626,867,1493,0.13035129231769804
627,866,1493,0.13038764841807468
629,875,1504,0.13041888423765866
622,872,1494,0.13044298777934762
630,875,1505,0.13048173974169255
633,870,1503,0.13049840550815617
623,872,1495,0.1305072143901495
627,867,1494,0.13053908654005889
629,869,1498,0.13056046967373877
632,880,1512,0.13057510247342144
630,878,1508,0.13058231510511656
623,877,1500,0.13059356410609976
616,885,1501,0.13062059745012936
616,879,1495,0.13066384529057568
620,887,1507,0.1307059840190062
616,887,1503,0.13073646080464837
612,905,1517,0.13077473644954404
613,897,1510,0.13082132199215132
614,897,1511,0.13086412724496368
612,903,1515,0.13090134273695883
603,895,1498,0.13094059353924692
600,905,1505,0.1309981625788383
607,899,1506,0.13105828315244694
606,906,1512,0.13109878153346424
600,901,1501,0.1311364640406042
605,904,1509,0.13118489985591977
603,899,1502,0.13121908812913552
605,904,1509,0.1312527517489261
600,898,1498,0.13128117869767528
588,900,1488,0.13131934799747758
592,902,1494,0.131383317427207
601,904,1505,0.13142985048126946
610,904,1514,0.13144602976111286
608,909,1517,0.13143944773026395
599,904,1503,0.13143916731261227
604,902,1506,0.13146253535602878
597,899,1496,0.13147432986036697
605,901,1506,0.13150286828321683
603,897,1500,0.13151167277495246
596,909,1505,0.13152759756774873
594,915,1509,0.13156123347354437
598,910,1508,0.13159719575660542
591,910,1501,0.1316214529837546
592,911,1503,0.13165923856998535
590,924,1514,0.13169101049881413
594,925,1519,0.13172663729708023
588,922,1510,0.1317513108227072
597,923,1520,0.13178731452628512
602,921,1523,0.1317998621775612
606,922,1528,0.13180038933840169
596,918,1514,0.1317931874822565
592,940,1532,0.13181126888862557
584,935,1519,0.1318385558226094
589,939,1528,0.13188086779841932
582,933,1515,0.13191128328397403
579,947,1526,0.13195656386428026
576,947,1523,0.132004542567448
576,935,1511,0.1320565136098097
571,936,1507,0.1321061770902782
572,941,1513,0.13216431440301143
569,936,1505,0.13221657177813942
563,946,1509,0.13227163232350178
566,946,1512,0.13233526424805706
569,942,1511,0.13238538387958734
569,932,1501,0.1324250212477195
572,941,1513,0.13246370328235657
563,937,1500,0.13249020172642603
571,943,1514,0.13253540359383822
561,946,1507,0.13255681237157707
560,949,1509,0.13260210555367635
567,956,1523,0.13264602564800762
565,958,1523,0.13267005691523898
557,962,1519,0.13269720939206756
560,956,1516,0.13274388641214
553,947,1500,0.1327807481684281
550,942,1492,0.1328316138818895
553,960,1513,0.13288613803581717
551,972,1523,0.13293058621205694
549,962,1511,0.13297746620706133
547,953,1500,0.1330260082659531
552,953,1505,0.1330767155503637
548,956,1504,0.13311017760697733
545,965,1510,0.13315099380265397
551,965,1516,0.13319662008858868
551,966,1517,0.13322431396904372
556,966,1522,0.13325186307914083
557,963,1520,0.13326388038031792
545,961,1506,0.13327279027931918
540,954,1494,0.13330731192540415
531,951,1482,0.13335002847205218
527,961,1488,0.13341180371483008
529,965,1494,0.13347647577531835
526,972,1498,0.13352912028870506
527,966,1493,0.13358528839409586
533,954,1487,0.13363643369821376
539,955,1494,0.13366918086386728
542,956,1498,0.13368644194747648
544,966,1510,0.13369591174137585
539,971,1510,0.13369814580038514
548,972,1520,0.13371101704953664
549,967,1516,0.1337024342714201
549,974,1523,0.13369225683392724
539,982,1521,0.13368389355055488
539,980,1519,0.1337026709066324
528,979,1507,0.1337219709816612
529,978,1507,0.13376597348892638
522,980,1502,0.13380529608136205
529,972,1501,0.13385807604177646
536,969,1505,0.13388949429321056
545,980,1525,0.13390172103324363
532,992,1524,0.13389253539319035
532,984,1516,0.13391490961928912
525,992,1517,0.13393738532541263
522,986,1508,0.1339749305557201
517,988,1505,0.13401428127852152
517,992,1509,0.13406292890283816
518,999,1517,0.13410874462222813
530,994,1524,0.13414887409923767
525,989,1514,0.13415427137113883
525,986,1511,0.1341713490050312
520,987,1507,0.13418687515817843
524,982,1506,0.13421473134033535
526,984,1510,0.13423099509580858
528,981,1509,0.1342402231128201
521,980,1501,0.13424598470331653
512,983,1495,0.1342678158848289
511,988,1499,0.1343105861152483
513,980,1493,0.13435432352705606
514,987,1501,0.13438833766607033
513,990,1503,0.13441948611011004
516,987,1503,0.1344504288557609
507,1003,1510,0.13447439912437484
502,1014,1516,0.13451862147754756
499,1003,1502,0.1345727702074474
498,1001,1499,0.1346326937648083
497,1010,1507,0.13469060442593941
504,1022,1526,0.13474842269804976
494,1020,1514,0.1347832271327651
497,1013,1510,0.1348384159376057
492,1016,1508,0.13488500062335917
486,1016,1502,0.1349413835099816
486,1018,1504,0.1350076067498071
482,1017,1499,0.13506867519822965
477,1027,1504,0.13513563671338458
479,1028,1507,0.13521089898590236
485,1032,1517,0.13527450254789378
484,1030,1514,0.13532100161089697
483,1031,1514,0.13536884941891456
483,1029,1512,0.13541432708640752
484,1028,1512,0.13545703135518156
477,1043,1520,0.1354924690417727
476,1045,1521,0.1355425838903665
479,1046,1525,0.1355895837860274
481,1041,1522,0.13562574661738835
478,1036,1514,0.13565498895686856
482,1031,1513,0.13569051014969039
476,1022,1498,0.13571377742662027
471,1031,1502,0.1357482562424016
481,1029,1510,0.13579224217452046
478,1032,1510,0.1358086245875037
477,1033,1510,0.1358305097149212
473,1045,1518,0.1358536998184218
471,1041,1512,0.13588656138905544
467,1045,1512,0.13592374472465615
464,1044,1508,0.135968726947358
465,1050,1515,0.1360182272870136
461,1040,1501,0.13605937906759868
462,1052,1514,0.13610515787117575
457,1050,1507,0.13614667716277773
457,1049,1506,0.136197515532438
461,1058,1519,0.13624608289213916
456,1063,1519,0.13627962125442505
457,1061,1518,0.13632070124877455
446,1059,1505,0.13635875844205372
450,1063,1513,0.13642068598724005
452,1063,1515,0.13646904338213212
445,1066,1511,0.13651036755365492
443,1063,1506,0.13656467875949496
442,1078,1520,0.13661783264158264
439,1073,1512,0.1366707277897271
436,1083,1519,0.13672952862905735
435,1083,1518,0.1367925399755552
439,1066,1505,0.13685323419237286
437,1063,1500,0.13690050803637857
446,1054,1500,0.13694360433401875
442,1063,1505,0.13696286685225892
447,1069,1516,0.13698932290365143
442,1071,1513,0.13700309556124973
444,1072,1516,0.13702822903497391
437,1060,1497,0.137047879366457
451,1059,1510,0.13708429580021447
450,1064,1514,0.13708309747021713
449,1056,1505,0.1370877636470052
455,1050,1505,0.13709384913298991
451,1055,1506,0.13708296718715032
455,1053,1508,0.13708330372822553
457,1054,1511,0.13707444422629705
451,1054,1505,0.13706168286359863
447,1061,1508,0.13706532441335628
446,1067,1513,0.1370805280811002
434,1063,1497,0.13709823003017363
435,1064,1499,0.13714146508606198
432,1061,1493,0.1371800897686696
439,1073,1512,0.1372226840821129
441,1075,1516,0.1372435378669395
439,1078,1517,0.13726080647064876
443,1074,1517,0.1372810162553785
438,1083,1521,0.13728910568995137
443,1079,1522,0.13730871665944788
432,1070,1502,0.13731707865117682
432,1068,1500,0.13735122470243488
433,1063,1496,0.13738566896594318
425,1064,1489,0.13741446341491773
431,1074,1505,0.13746047329835542
427,1075,1502,0.13748609285419225
425,1084,1509,0.1375190711734672
430,1090,1520,0.13755504196440144
431,1085,1516,0.13757577911120777
425,1079,1504,0.1375934498722729
426,1085,1511,0.13762620883357607
424,1097,1521,0.13765379536119304
425,1102,1527,0.1376851636352925
418,1088,1506,0.1377126784323377
420,1094,1514,0.13775523501530804
424,1087,1511,0.1377906148327164
411,1094,1505,0.13781232121061318
409,1091,1500,0.13786417682663202
417,1088,1505,0.1379175059441625
412,1106,1518,0.13794614755689846
419,1097,1516,0.1379851828527341
420,1093,1513,0.1380050080274714
416,1095,1511,0.1380206078757679
415,1095,1510,0.1380444127309885
413,1096,1509,0.13807006767537522
411,1086,1497,0.1381000250578176
414,1080,1494,0.13813286293857718
411,1094,1505,0.13815784451503266
408,1097,1505,0.13818560615511463
393,1104,1497,0.13822079359535636
396,1107,1503,0.13828859681875813
402,1111,1513,0.1383416618113252
399,1106,1505,0.13837652254777297
404,1107,1511,0.1384146153204273
395,1100,1495,0.13844003804627122
392,1112,1504,0.13848658540295852
387,1121,1508,0.1385373322954933
379,1127,1506,0.13859646901751282
387,1134,1521,0.1386724343096887
387,1123,1510,0.13872549154348116
388,1130,1518,0.13877504019379788
390,1135,1525,0.13881868494414593
386,1122,1508,0.13885245700710702
388,1122,1510,0.13889387347756924
386,1127,1513,0.13892988303119488
389,1128,1517,0.1389669620905627
383,1111,1494,0.13899354593100505
382,1120,1502,0.1390337595027323
383,1117,1500,0.13907428223844615
393,1118,1511,0.13911065460891683
388,1119,1507,0.13911748681980435
392,1114,1506,0.13913582916916364
392,1122,1514,0.13914205423010295
391,1118,1509,0.13914939402888346
385,1119,1504,0.1391584818972122
385,1113,1498,0.13918099573739343
387,1125,1512,0.1392062348127206
390,1128,1518,0.13922459359158548
394,1133,1527,0.13923475586628128
390,1130,1520,0.13923296815896624
386,1135,1521,0.13924256717544065
387,1120,1507,0.13926235371480755
386,1130,1516,0.13927952743910443
385,1140,1525,0.13929743906070965
384,1141,1525,0.13931785744158534
382,1127,1509,0.13934095786699388
384,1136,1520,0.13936686928835268
384,1140,1524,0.1393870537210774
376,1140,1516,0.1394053474425064
372,1143,1515,0.13943957847958388
376,1141,1517,0.13948209120747546
375,1137,1512,0.13951123178454797
378,1141,1519,0.13953895690526116
378,1137,1515,0.13955682988128434
374,1147,1521,0.1395744433808631
374,1145,1519,0.1396008396969258
376,1145,1521,0.13962535647711033
377,1144,1521,0.13964362691182078
372,1146,1518,0.13965731219192473
371,1149,1520,0.13968131997208424
364,1156,1520,0.1397054749547878
361,1149,1510,0.1397460024377338
359,1149,1508,0.13979145749019808
362,1146,1508,0.13983842016657885
368,1144,1512,0.13987594505023562
364,1151,1515,0.1398958597040264
361,1161,1522,0.1399253166002914
358,1171,1529,0.13996208889358383
354,1161,1515,0.14000339372617476
357,1164,1521,0.1400506799869351
354,1162,1516,0.1400882800985008
353,1157,1510,0.14013081812242334
358,1152,1510,0.14017269943450245
361,1160,1521,0.14019766811826773
359,1161,1520,0.14021370631957453
354,1160,1514,0.14023016977199593
349,1165,1514,0.14025722733747661
351,1172,1523,0.14029654194809613
351,1150,1501,0.14032722467494388
351,1163,1514,0.140357011358332
344,1158,1502,0.14038490866820155
343,1162,1505,0.1404277561014645
340,1166,1506,0.14047178044910255
344,1166,1510,0.14052023755678444
350,1168,1518,0.14055675432474943
348,1180,1528,0.14057502791319232
346,1179,1525,0.1405981790652672
344,1173,1517,0.14062591153948983
342,1158,1500,0.1406549747674772
337,1161,1498,0.1406862254477737
343,1158,1501,0.1407279462899717
340,1166,1506,0.14075204604877775
338,1160,1498,0.14078153168796528
336,1164,1500,0.1408121496758764
336,1168,1504,0.14084486066883145
342,1162,1504,0.14087267492599398
344,1164,1508,0.14088526827278194
342,1168,1510,0.14089169156241102
346,1167,1513,0.14090270384088
343,1173,1516,0.14090348614782489
340,1166,1506,0.14091205666181253
335,1165,1500,0.14092806645305317
335,1165,1500,0.14095487830548292
333,1169,1502,0.1409791262929762
328,1162,1490,0.14100684243234357
328,1163,1491,0.14104563717768265
326,1164,1490,0.14108167226999335
324,1172,1496,0.14112133948745748
319,1160,1479,0.14116174527856143
322,1176,1498,0.1412130001262846
332,1172,1504,0.1412533248993123
332,1166,1498,0.1412627405549982
326,1173,1499,0.14127289836917364
327,1177,1504,0.14129621161041164
331,1178,1509,0.1413152544719084
326,1180,1506,0.14132506823893645
323,1184,1507,0.14134589689310498
324,1197,1521,0.14137156714081175
325,1192,1517,0.14139262392838192
322,1193,1515,0.1414108997868562
323,1192,1515,0.14143459522847493
319,1185,1504,0.1414540472657723
321,1181,1502,0.14148205923222051
319,1177,1496,0.14150325314233853
314,1193,1507,0.1415275016143352
317,1199,1516,0.14156053055218956
315,1204,1519,0.14158422568651324
308,1206,1514,0.1416115163599555
313,1204,1517,0.14165507097820146
309,1208,1517,0.14168538633540714
305,1205,1510,0.1417236229222726
313,1205,1518,0.14176904330761653
308,1191,1499,0.14178994474462017
305,1190,1495,0.14182126946872894
301,1198,1499,0.141857543677325
299,1198,1497,0.14190046703386383
299,1205,1504,0.1419466532639696
298,1208,1506,0.14199100135206374
297,1207,1504,0.14203466389550637
298,1207,1505,0.14207765425779148
304,1210,1514,0.14211593469416609
297,1199,1496,0.14213668636285218
304,1191,1495,0.14217325390139812
307,1203,1510,0.14218830685733347
316,1196,1512,0.14219448662989959
313,1193,1506,0.14217691190598722
308,1191,1499,0.14216900710530034
306,1182,1488,0.1421743657059579
303,1207,1510,0.14218516092987193
304,1211,1515,0.14220280096331417
300,1211,1511,0.1422140855964329
306,1207,1513,0.14223517405405608
311,1210,1521,0.14224167282103084
307,1218,1525,0.1422328299067786
307,1210,1517,0.14223607009836658
305,1215,1520,0.1422408810010129
305,1222,1527,0.14224904364609325
300,1222,1522,0.1422587771799538
305,1201,1506,0.14228221722400078
300,1205,1505,0.14229074940290076
304,1203,1507,0.14230916808964472
300,1205,1505,0.1423182946620612
301,1204,1505,0.14233718983749782
306,1207,1513,0.14235231053764566
303,1202,1505,0.14235495207516646
303,1210,1513,0.14236321684234607
309,1201,1510,0.1423721572512248
310,1197,1507,0.14236511248086697
304,1209,1513,0.1423575527521005
307,1207,1514,0.14236617391351836
302,1207,1509,0.14236684123056934
303,1211,1514,0.14238028733437189
300,1222,1522,0.14238794131297455
302,1227,1529,0.1424038369457449
301,1226,1527,0.1424140071237011
293,1228,1521,0.1424284989369295
294,1222,1516,0.14246115759286274
286,1217,1503,0.14248984530565512
284,1218,1502,0.14253677840634144
284,1213,1497,0.14258536165917193
294,1214,1508,0.14262976698473168
294,1215,1509,0.14264551746516094
293,1226,1519,0.14266050373784103
296,1225,1521,0.14267774836645686
291,1226,1517,0.14268435057293477
286,1219,1505,0.142703258018135
286,1210,1496,0.14273386794570622
281,1227,1508,0.14276091568419946
276,1228,1504,0.14279822067137743
281,1223,1504,0.1428459588228611
283,1232,1515,0.14287920213584354
290,1227,1517,0.14290515049979435
290,1216,1506,0.14291463361109324
285,1218,1503,0.14292291293428686
285,1233,1518,0.14294156219036103
294,1238,1532,0.14296076934069193
296,1225,1521,0.1429544509093593
300,1219,1519,0.14293978535723043
297,1231,1528,0.1429170143109738
290,1230,1520,0.14290513231943097
284,1226,1510,0.14291142945867358
283,1233,1516,0.14293302209202047
279,1223,1502,0.14295508061894147
281,1224,1505,0.14298645264660598
282,1219,1501,0.1430123027992613
285,1224,1509,0.1430331908228165
289,1230,1519,0.14304647185053354
290,1221,1511,0.1430492924805358
283,1228,1511,0.1430503032239344
282,1229,1511,0.14306828746754408
279,1242,1521,0.14308949480621322
280,1235,1515,0.14311831911969
278,1233,1511,0.14314190816220093
279,1235,1514,0.14316910395662494
278,1237,1515,0.14319163025972045
276,1241,1517,0.14321618489877777
277,1251,1528,0.14324445582140807
272,1237,1509,0.14326965234743963
269,1235,1504,0.14330562624455462
271,1244,1515,0.14334597841217397
269,1233,1502,0.1433765780253888
270,1222,1492,0.143409798060021
272,1231,1503,0.14343986469487274
275,1239,1514,0.1434633275892312
271,1252,1523,0.14347777663409136
269,1249,1518,0.14350057267110883
272,1250,1522,0.14352516458546233
273,1237,1510,0.14354108828473017
269,1237,1506,0.14355273834854235
275,1244,1519,0.14357517899956695
273,1231,1504,0.14358047493727313
269,1219,1488,0.1435907685336889
268,1219,1487,0.1436076793697164
274,1230,1504,0.14362347512804202
280,1233,1513,0.14362246495656675
281,1228,1509,0.14360375104971096
278,1225,1503,0.14358553369134733
280,1230,1510,0.1435772322467199
281,1231,1512,0.1435651565106243
283,1230,1513,0.14355044244928927
283,1229,1512,0.1435327052056131
285,1239,1524,0.14351517359971908
277,1226,1503,0.14349503084027446
281,1241,1522,0.1434960490699649
285,1243,1528,0.14348546910309942
283,1240,1523,0.1434671780503759
278,1239,1517,0.14345725491927633
275,1245,1520,0.14346093264960946
275,1247,1522,0.14347191772978918
271,1246,1517,0.14348341308032736
270,1242,1512,0.14350315210936823
269,1245,1514,0.14352437861886747
263,1232,1495,0.14354682182603173
261,1238,1499,0.1435818759764991
262,1249,1511,0.14361965894974438
263,1241,1504,0.14365173907187256
264,1250,1514,0.1436801332409123
259,1243,1502,0.1437055233659284
259,1258,1517,0.1437397001921715
260,1264,1524,0.14377410100778842
252,1259,1511,0.14380435686116463
255,1254,1509,0.1438508263309717
250,1267,1517,0.14388723229872688
253,1267,1520,0.14393267735893478
260,1260,1520,0.14396810552316208
257,1260,1517,0.14398480838131408
255,1261,1516,0.14400813140264052
253,1257,1510,0.14403433165992527
249,1261,1510,0.1440636841324446
242,1269,1511,0.14410079675851814
243,1270,1513,0.14415421869960293
242,1276,1518,0.1442031217158907
235,1273,1508,0.1442508516893307
232,1284,1516,0.1443124553794228
230,1283,1513,0.144374782845798
231,1282,1513,0.1444385717886341
232,1283,1515,0.1444960867251151
233,1277,1510,0.1445444737242972
235,1283,1518,0.1445872528542302
231,1286,1517,0.14462315416193067
226,1293,1519,0.14466913920241373
223,1289,1512,0.1447237184094001
228,1283,1511,0.1447804276781982
228,1280,1508,0.14482134465505164
220,1293,1513,0.14485988961695384
218,1299,1517,0.14491602641977144
210,1290,1500,0.1449730474995629
211,1299,1510,0.14504454462981722
210,1303,1513,0.145108966626073
214,1296,1510,0.14517183426426258
213,1293,1506,0.14521945682667606
205,1299,1504,0.14526538048739243
202,1285,1487,0.14532819304734323
206,1289,1495,0.14539064112176497
203,1280,1483,0.1454402664160181
212,1274,1486,0.1454943087958947
212,1280,1492,0.145521116827718
215,1293,1508,0.14554822170342502
212,1302,1514,0.1455643469121278
213,1303,1516,0.14558742542807748
208,1305,1513,0.14560798132589856
206,1302,1508,0.14563853366245344
206,1305,1511,0.14567348291777107
202,1297,1499,0.14570676216820366
201,1309,1510,0.14574852695378343
198,1314,1512,0.14579097977408517
191,1319,1510,0.1458367528191397
189,1320,1509,0.14589554232310933
188,1333,1521,0.1459563063153049
180,1334,1514,0.14601442876653048
188,1325,1513,0.14608854772905625
185,1330,1515,0.14613738084789055
185,1326,1511,0.1461901274142842
184,1314,1498,0.14623856917753586
187,1317,1504,0.14628521637367017
192,1312,1504,0.1463209842187629
193,1307,1500,0.14634232572135938
190,1323,1513,0.14635889296108404
194,1328,1522,0.1463822927461011
192,1324,1516,0.1463936591062294
191,1323,1514,0.14641097679461176
192,1337,1529,0.1464288117536292
189,1338,1527,0.1464431270078851
188,1327,1515,0.14646458629852022
189,1326,1515,0.14648695477046747
194,1330,1524,0.14650426908678804
190,1336,1526,0.1465057964521051
187,1326,1513,0.14651615944486185
190,1321,1511,0.146534013730951
192,1319,1511,0.1465422662842746
193,1327,1520,0.14654574889238037
192,1328,1520,0.14654711145686125
192,1327,1519,0.1465512802971125
191,1331,1522,0.14655595224506157
194,1333,1527,0.14656143747785122
194,1326,1520,0.14656075038857963
191,1327,1518,0.1465614027651515
188,1328,1516,0.14657005191622893
188,1314,1502,0.14658574655986778
190,1329,1519,0.14660187736670163
184,1330,1514,0.14661050811919696
183,1338,1521,0.14663451167469665
183,1351,1534,0.14665902630254454
184,1346,1530,0.14668195784540838
181,1340,1521,0.14670095567990168
179,1331,1510,0.14672626085403184
174,1334,1508,0.14675621670784966
176,1324,1500,0.14679722930569125
179,1339,1518,0.1468291092160948
179,1337,1516,0.14685237469676315
178,1339,1517,0.1468734761419188
176,1329,1505,0.14689410967268102
174,1323,1497,0.14691891026956863
177,1315,1492,0.1469476577661164
179,1326,1505,0.14696727282007224
181,1341,1522,0.14697971114450506
181,1334,1515,0.14698584228099626
181,1334,1515,0.1469927730286279
179,1351,1530,0.14699847892670628
176,1336,1512,0.14700925814450283
171,1340,1511,0.1470277139497583
173,1347,1520,0.14705750887889582
178,1342,1520,0.14707983173631728
175,1327,1502,0.14708698807499984
173,1334,1507,0.14709957983495558
171,1343,1514,0.14711796717954048
167,1335,1502,0.1471392052234787
166,1352,1518,0.14717064504286825
169,1351,1520,0.14720172675444282
164,1354,1518,0.14722320166901587
161,1362,1523,0.14725599247726873
154,1355,1509,0.14729428510595247
154,1345,1499,0.1473470130359086
156,1358,1514,0.14739712091354723
155,1353,1508,0.14743783028802507
155,1358,1513,0.1474793691151941
150,1366,1516,0.1475175299283052
152,1370,1522,0.1475646701283698
150,1360,1510,0.14760561611606168
150,1359,1509,0.14765007751467263
153,1355,1508,0.14769162348769033
151,1354,1505,0.14772129309778956
155,1349,1504,0.1477530480170878
156,1349,1505,0.14777302219992308
152,1357,1509,0.1477888545586267
150,1363,1513,0.14781247607924253
147,1369,1516,0.14783928459266002
150,1371,1521,0.14787276145804487
150,1374,1524,0.1478961609360187
148,1366,1514,0.1479196982446146
146,1375,1521,0.147946770114532
140,1365,1505,0.14797616225686333
142,1373,1515,0.1480185266953686
139,1382,1521,0.14805379053355316
135,1369,1504,0.14809512107081887
139,1360,1499,0.1481443291614465
140,1362,1502,0.14818050580389378
133,1373,1506,0.14821049105377154
136,1382,1518,0.14825576027220422
136,1373,1509,0.14828694466018702
135,1379,1514,0.1483156294248041
135,1387,1522,0.148345886472298
136,1387,1523,0.14837496447869072
133,1365,1498,0.14840041224707062
132,1378,1510,0.14843299260163298
134,1369,1503,0.14846549316589014
138,1372,1510,0.1484901961878336
135,1371,1506,0.14850252491455362
136,1378,1514,0.1485211787522683
139,1391,1530,0.14853713216697778
136,1383,1519,0.14854489432704787
137,1383,1520,0.14856046320341904
140,1373,1513,0.14857139040411405
138,1375,1513,0.14857490241755078
137,1378,1515,0.14858448981224698
135,1382,1517,0.14859368094255368
134,1381,1515,0.148606129458688
133,1383,1516,0.14862107198929547
125,1378,1503,0.14863839879585644
126,1391,1517,0.1486753293152444
132,1392,1524,0.14870647483642488
133,1395,1528,0.148720647235428
135,1403,1538,0.1487329961756038
133,1394,1527,0.1487388601136062
131,1386,1517,0.14875040342983403
128,1378,1506,0.14876742457411937
130,1375,1505,0.1487901022360465
129,1376,1505,0.14880620143339437
130,1377,1507,0.1488241030101648
131,1369,1500,0.14883883738055656
129,1372,1501,0.1488494201820305
129,1378,1507,0.148864252414233
127,1385,1512,0.14887694374952973
124,1392,1516,0.14889335148004776
125,1399,1524,0.14891647571302394
123,1395,1518,0.14893551450500148
122,1392,1514,0.1489584318272901
122,1390,1512,0.14898231332461523
121,1397,1518,0.14900433517743775
120,1386,1506,0.14902855361318515
120,1380,1500,0.1490536203861962
121,1374,1495,0.14907593996815385
123,1381,1504,0.1490949557091336
126,1381,1507,0.14910681732246378
120,1378,1498,0.14911060461548903
120,1389,1509,0.14912881664262656
116,1388,1504,0.14914643106494996
115,1398,1513,0.14917357138934534
110,1406,1516,0.14920228345569395
108,1397,1505,0.1492421472935677
107,1406,1513,0.1492846135244681
108,1402,1510,0.1493255724734941
110,1407,1517,0.14936177264840247
110,1413,1523,0.1493907777995792
107,1414,1521,0.14941663160968807
110,1413,1523,0.14944903837906806
110,1414,1524,0.14947205294767468
110,1409,1519,0.14949410085664516
110,1410,1520,0.1495146195682795
112,1399,1511,0.14953297563888765
111,1401,1512,0.14954508540620048
111,1388,1499,0.14955886240266214
111,1392,1503,0.14957112051636595
114,1391,1505,0.1495828233565588
114,1399,1513,0.14958651323568425
112,1421,1533,0.14959005995982766
110,1410,1520,0.149599796703886
110,1415,1525,0.1496147568883176
107,1404,1511,0.14962912091636837
107,1407,1514,0.1496504565326332
111,1401,1512,0.14967060366975404
113,1411,1524,0.14967764822183297
114,1414,1528,0.14967809525571993
114,1407,1521,0.14967690923568752
112,1411,1523,0.14967492556155965
113,1406,1519,0.1496782636527239
108,1409,1517,0.14967858928869807
107,1404,1511,0.14969220974604142
107,1406,1513,0.14970755413183592
108,1414,1522,0.14972116163725308
106,1414,1520,0.14973246668461748
109,1408,1517,0.14974877975178294
107,1418,1525,0.1497548335085145
105,1421,1526,0.14976518588406232
105,1424,1529,0.1497808688742506
104,1418,1522,0.14979570670595002
105,1412,1517,0.14981225627693934
104,1413,1517,0.14982385615039487
104,1422,1526,0.14983745170136972
107,1413,1520,0.14984912663140199
103,1405,1508,0.14985320019162252
105,1411,1516,0.14986788701908785
104,1400,1504,0.14987536021652262
102,1404,1506,0.14988469569633442
103,1401,1504,0.14989893253708833
104,1410,1514,0.14990967102158229
108,1393,1501,0.14991794736404698
107,1414,1521,0.14991395689825027
104,1404,1508,0.1499135457772879
104,1398,1502,0.1499204313882813
103,1400,1503,0.14992730551253927
105,1402,1507,0.1499345704798091
105,1401,1506,0.14993510339013139
105,1394,1499,0.14993624058165886
105,1394,1499,0.1499378331059211
106,1398,1504,0.14993942048459286
108,1395,1503,0.14993703359672914
107,1387,1494,0.14992960254188892
109,1403,1512,0.14992537538391132
109,1412,1521,0.14991598107868243
116,1411,1527,0.14990823301705036
113,1394,1507,0.14988095006873095
112,1387,1499,0.14986259489752896
115,1396,1511,0.1498491696402355
117,1403,1520,0.1498301823211912
116,1401,1517,0.1498073579537575
112,1401,1513,0.1497889603490854
114,1403,1517,0.14978281550255756
110,1415,1525,0.14977229867498926
106,1414,1520,0.14977224667568645
104,1402,1506,0.14978294098282385
106,1394,1500,0.14979827261064307
107,1397,1504,0.1498081336330907
110,1396,1506,0.14981471180417583
112,1397,1509,0.1498123039544914
110,1405,1515,0.14980471526675437
111,1406,1517,0.14980231162399918
114,1420,1534,0.1497982665962339
111,1418,1529,0.14978653169575168
111,1421,1532,0.14978349046330627
110,1403,1513,0.14978074354573898
110,1412,1522,0.14978016045594283
109,1402,1511,0.14978102625124046
112,1392,1504,0.14978473827833122
108,1388,1496,0.14978077330468725
107,1395,1502,0.14978763622862964
104,1413,1517,0.14979441846641897
107,1404,1511,0.14980944274908187
102,1407,1509,0.14981485433401126
107,1415,1522,0.14983327870250224
106,1412,1518,0.14983687076153576
108,1414,1522,0.14984392760598875
108,1421,1529,0.1498448830591162
108,1421,1529,0.14984528426230456
101,1415,1516,0.14984485670203712
101,1419,1520,0.14986217914869357
98,1427,1525,0.14987901978365067
94,1430,1524,0.14990291877417963
91,1426,1517,0.1499359974509465
91,1435,1526,0.14997471904959825
89,1428,1517,0.15000974850971713
92,1424,1516,0.15004780057476858
94,1434,1528,0.15007627998604448
94,1427,1521,0.1500975394095695
94,1422,1516,0.15011680730112445
97,1428,1525,0.1501351419459503
98,1432,1530,0.15014436180289498
98,1440,1538,0.15015054184210286
95,1422,1517,0.1501559486612409
94,1443,1537,0.15016920777754966
93,1436,1529,0.15018417964739142
94,1423,1517,0.15020123302009167
94,1423,1517,0.1502141858216107
93,1421,1514,0.15022752413997506
93,1436,1529,0.15024297194098452
98,1428,1526,0.15025681836261084
97,1422,1519,0.1502554922881905
99,1419,1518,0.15025840782154773
98,1419,1517,0.15025558234212136
94,1433,1527,0.15025443812721812
94,1421,1515,0.15026395269216378
94,1427,1521,0.15027315871929847
95,1421,1516,0.15028289076660667
94,1430,1524,0.15028949818289758
97,1416,1513,0.15029882289751462
96,1424,1520,0.15029933732397868
96,1429,1525,0.15030321016446244
96,1427,1523,0.15030592078516458
97,1426,1523,0.15030871482770494
95,1412,1507,0.15030832987128626
93,1423,1516,0.15031285620977333
96,1411,1507,0.15032125192461737
98,1413,1511,0.15032112677632142
99,1408,1507,0.15031668841088308
98,1413,1511,0.15031092017232173
101,1417,1518,0.15030824317533067
103,1422,1525,0.1502984174264377
106,1417,1523,0.15028424965691106
104,1418,1522,0.15026187367633934
100,1415,1515,0.15024708523541785
101,1413,1514,0.15024396101596346
97,1427,1524,0.15023911833219622
96,1434,1530,0.1502450492562227
97,1429,1526,0.15025385630034752
96,1428,1524,0.15025973914999619
94,1428,1522,0.15026665353391394
93,1422,1515,0.1502789676400332
90,1425,1515,0.1502937263739678
90,1423,1513,0.15031259353049725
90,1435,1525,0.1503317830955155
88,1418,1506,0.1503493476481223
84,1435,1519,0.15037151287131598
84,1437,1521,0.15040264826718563
80,1430,1510,0.15043093472405078
81,1429,1510,0.15046717406870747
80,1419,1499,0.15049862323649651
78,1430,1508,0.15053094869360795
77,1437,1514,0.15056602410163966
77,1461,1538,0.15060003954560588
82,1456,1538,0.150632621844663
82,1454,1536,0.15065023149387113
82,1451,1533,0.1506675033241457
76,1454,1530,0.15068341430174198
73,1445,1518,0.15071276059141894
69,1438,1507,0.1507482477851868
69,1437,1506,0.15079147397383122
69,1441,1510,0.1508316350236447
71,1444,1515,0.15086796523604995
74,1440,1514,0.1508966199927864
71,1443,1514,0.15091622887707676
68,1457,1525,0.15094149350438835
68,1452,1520,0.1509733120744615
68,1462,1530,0.1510029005487563
67,1457,1524,0.1510312715844679
71,1459,1530,0.15106058517676707
68,1453,1521,0.1510777909326404
65,1463,1528,0.15110164174532056
66,1449,1515,0.15113137093673476
65,1449,1514,0.15115581656649382
65,1447,1512,0.15117994528049813
64,1449,1513,0.1512015689942829
67,1461,1528,0.15122465251200776
67,1456,1523,0.1512391962759278
67,1458,1525,0.15125350192505538
69,1442,1511,0.15126774273781332
68,1444,1512,0.1512757148420774
68,1449,1517,0.15128511758082788
67,1446,1513,0.15129272257119128
67,1457,1524,0.15130345612870968
70,1438,1508,0.15131315777676196
72,1450,1522,0.15131436635188386
71,1447,1518,0.15131022270223377
66,1433,1499,0.15131009720117258
64,1423,1487,0.15132277740504102
65,1431,1496,0.15133951118024133
64,1437,1501,0.15135310881524097
61,1447,1508,0.15136898086009823
62,1448,1510,0.15139138551207265
63,1453,1516,0.15140828121840472
63,1458,1521,0.15142175561985424
63,1452,1515,0.15143452002589838
63,1440,1503,0.15144728939101465
62,1441,1503,0.15145928043392975
62,1444,1506,0.15147279898176064
63,1450,1513,0.15148619704485353
61,1456,1517,0.15149581746192453
58,1462,1520,0.15151007929778978
55,1464,1519,0.15153203955264685
54,1462,1516,0.15156012125315904
56,1462,1518,0.15158864550796258
58,1468,1526,0.15161028775943577
59,1467,1526,0.15162453229518774
58,1450,1508,0.15163533261015583
60,1459,1519,0.15164849570832006
61,1458,1519,0.15165477346882536
61,1463,1524,0.1516588375791748
60,1452,1512,0.1516633281149502
58,1449,1507,0.15167058491868154
57,1441,1498,0.15168248088256037
59,1449,1508,0.15169608237735624
58,1452,1510,0.1517031621876
58,1469,1527,0.15171193225761515
57,1477,1534,0.15172104986578053
55,1472,1527,0.15173243935373587
55,1465,1520,0.1517481695239936
55,1454,1509,0.15176342123591446
57,1475,1532,0.1517770134756265
57,1456,1513,0.15178444049159295
57,1468,1525,0.15179192728217597
56,1465,1521,0.1517988135137143
56,1476,1532,0.15180811764557844
56,1461,1517,0.15181539225726073
59,1450,1509,0.15182200034513393
61,1454,1515,0.1518199699232233
61,1456,1517,0.1518114772282452
60,1445,1505,0.15180350676507515
59,1455,1514,0.15179935879670897
58,1451,1509,0.151798598698973
57,1454,1511,0.1518002526457326
58,1446,1504,0.15180523966768375
56,1447,1503,0.15180726819542334
55,1459,1514,0.15181469843973036
53,1462,1515,0.15182373197590351
53,1458,1511,0.15183683619962235
52,1467,1519,0.1518488046013228
52,1464,1516,0.15186326097746508
52,1467,1519,0.15187651304600144
51,1470,1521,0.15188962773431153
54,1469,1523,0.15190487204525352
55,1474,1529,0.15191145540087217
54,1458,1512,0.1519146086947021
51,1445,1496,0.15191949407113367
52,1452,1504,0.15193267808272476
49,1457,1506,0.15194239308190116
48,1468,1516,0.15195943490694547
47,1471,1518,0.15197751587539662
49,1470,1519,0.15199697309107854
49,1477,1526,0.15200905147732097
45,1473,1518,0.1520210173391416
45,1477,1522,0.15204174649321478
49,1463,1512,0.15206167482309843
49,1453,1502,0.1520710975867243
52,1449,1501,0.15207957118239462
54,1463,1517,0.15207906518862147
53,1456,1509,0.15207380140866128
52,1465,1517,0.15207106225795164
55,1460,1515,0.15207049335629058
56,1457,1513,0.15206218107881636
56,1463,1519,0.15205208159487252
54,1479,1533,0.15204262734688992
53,1476,1529,0.15203920335902507
53,1478,1531,0.15203941041350114
53,1471,1524,0.15204020368158844
54,1475,1529,0.1520413841164476
51,1467,1518,0.15203973187031408
50,1463,1513,0.15204570666801065
52,1457,1509,0.15205413240122445
53,1464,1517,0.1520567743944585
54,1476,1530,0.15205649316466438
56,1469,1525,0.15205353065543287
56,1470,1526,0.15204551624115883
55,1470,1525,0.15203860665794
54,1456,1510,0.15203512873226738
51,1464,1515,0.15203454587170678
51,1464,1515,0.15204122717544777
55,1454,1509,0.1520461464938773
53,1465,1518,0.15203938408671605
52,1474,1526,0.15203854053150423
49,1468,1517,0.15204081268398664
49,1471,1520,0.15205073986088682
51,1472,1523,0.15205775803149124
52,1466,1518,0.15205876960612552
50,1474,1524,0.152057306967261
49,1471,1520,0.1520613293242194
49,1472,1521,0.1520682014241691
48,1472,1520,0.15207529152002208
46,1463,1509,0.1520846801371466
46,1464,1510,0.15209755557886706
44,1467,1511,0.15211023865332898
43,1474,1517,0.15212747084017458
42,1476,1518,0.1521468918676655
43,1485,1528,0.15216782123249195
47,1479,1526,0.15218392916759663
45,1465,1510,0.15218822432803458
47,1476,1523,0.15219748500689248
46,1471,1517,0.1522012371267974
45,1477,1522,0.15220777402500996
45,1475,1520,0.1522163968439734
48,1466,1514,0.15222499050342506
47,1462,1509,0.15222487406063429
47,1467,1514,0.15222753578304374
47,1460,1507,0.15222946608492224
47,1468,1515,0.15223186428080823
44,1470,1514,0.1522346273930772
46,1464,1510,0.1522445028230106
48,1482,1530,0.15224872492662717
48,1479,1527,0.15224722559107026
47,1482,1529,0.15224634992131014
47,1480,1527,0.15224823587284828
46,1461,1507,0.15225041776963893
48,1460,1508,0.15225483547828328
48,1474,1522,0.15225284468496486
47,1472,1519,0.1522508101361528
48,1474,1522,0.15225126240661846
49,1484,1533,0.1522491186578235
48,1479,1527,0.15224452617334147
47,1473,1520,0.15224329646187848
47,1471,1518,0.152244935987839
46,1476,1522,0.15224701492371362
48,1482,1530,0.15225096829823276
47,1482,1529,0.15225051911449122
46,1477,1523,0.1522520930736074
46,1478,1524,0.15225609540971313
44,1481,1525,0.15226033386359777
41,1479,1520,0.15226943723955885
43,1494,1537,0.15228510566370246
42,1494,1536,0.1522946406991499
42,1477,1519,0.1523063449569239
42,1477,1519,0.15231742236084272
41,1466,1507,0.15232829325787833
41,1462,1503,0.15234037942178177
40,1481,1521,0.15235205010083466
37,1471,1508,0.15236474614252715
38,1465,1503,0.1523830424801188
39,1468,1507,0.15239639757316914
41,1465,1506,0.15240644752066962
41,1464,1505,0.1524113994806392
41,1477,1518,0.15241556952993401
38,1473,1511,0.15242011852765305
37,1468,1505,0.15243086082394108
38,1487,1525,0.15244437703557767
38,1475,1513,0.1524544011665074
41,1481,1522,0.1524642161842267
40,1474,1514,0.1524645313972404
41,1466,1507,0.15246856447804455
42,1466,1508,0.1524697368178953
42,1464,1506,0.15246847826599702
40,1478,1518,0.15246780841328036
39,1480,1519,0.1524708932203591
39,1484,1523,0.1524768763916807
39,1494,1533,0.15248298302260854
39,1490,1529,0.15248836130391294
39,1478,1517,0.15249388396140565
34,1479,1513,0.15249948141461075
34,1473,1507,0.1525160062629989
34,1474,1508,0.15253202210183603
35,1478,1513,0.15254733976225068
34,1485,1519,0.15255926400176667
34,1487,1521,0.15257232039604735
33,1480,1513,0.1525849456744741
32,1474,1506,0.15259953590320016
32,1486,1518,0.15261595798385316
32,1478,1510,0.1526316216869543
34,1488,1522,0.1526465411782805
33,1494,1527,0.15265427434744963
32,1485,1517,0.15266346174341147
30,1491,1521,0.15267416041383594
30,1477,1507,0.1526895190253512
31,1484,1515,0.15270362207853594
31,1489,1520,0.15271482674821782
31,1494,1525,0.15272558200904243
32,1493,1525,0.15273602934356303
32,1464,1496,0.15274347915887643
33,1463,1496,0.15275078375478934
34,1465,1499,0.15275480156117663
36,1481,1517,0.15275579773518577
33,1475,1508,0.15275104962599423
33,1474,1507,0.15275408340534985
33,1474,1507,0.15275739511004244
35,1476,1511,0.15276091227954589
33,1467,1500,0.1527581413796389
31,1478,1509,0.1527611934219286
31,1483,1514,0.15276854818740465
33,1482,1515,0.15277589472774228
34,1477,1511,0.15277725640076137
33,1474,1507,0.15277570513188996
34,1479,1513,0.15277709739202136
33,1484,1517,0.15277576004028767
33,1482,1515,0.15277716850916515
30,1489,1519,0.15277758153841206
30,1492,1522,0.1527861552494478
29,1480,1509,0.1527946745094385
29,1478,1507,0.1528054373913513
29,1476,1505,0.15281589472530965
28,1477,1505,0.15282601901938328
30,1480,1510,0.1528382449846419
29,1470,1499,0.1528434933019724
29,1481,1510,0.1528512607735652
28,1494,1522,0.1528589115126904
27,1495,1522,0.15286866161679968
29,1503,1532,0.15288043319492825
29,1504,1533,0.15288529103597107
29,1484,1513,0.15289027013549825
30,1480,1510,0.1528944016877799
30,1491,1521,0.15289543073046655
31,1485,1516,0.15289686446820444
31,1495,1526,0.15289553616982748
31,1479,1510,0.15289468228109854
31,1486,1517,0.15289430217570057
33,1479,1512,0.15289431528920813
33,1476,1509,0.15288821873895023
35,1484,1519,0.15288298674944342
34,1486,1520,0.15287220845967084
33,1471,1504,0.15286418373441227
31,1468,1499,0.15285887967455247
28,1473,1501,0.15285978058844896
29,1480,1509,0.15286817511960052
28,1487,1515,0.15287415276507374
29,1500,1529,0.15288186609599022
30,1507,1537,0.1528863238418834
30,1509,1539,0.15288818976585042
30,1508,1538,0.1528885813647809
28,1499,1527,0.15288953880672826
29,1493,1522,0.15289571927239698
31,1499,1530,0.1528988471023569
31,1495,1526,0.15289621187740818
29,1487,1516,0.15289433935200708
29,1493,1522,0.15289796359267632
30,1495,1525,0.1529018218223087
29,1500,1529,0.15290268522802763
27,1485,1512,0.15290631502812174
26,1492,1518,0.15291509151013483
25,1496,1521,0.15292621282969077
25,1498,1523,0.15293823122198386
25,1508,1533,0.15294929805024057
26,1491,1517,0.15296007649003696
23,1489,1512,0.15296804881942555
23,1483,1506,0.15298284170087345
23,1484,1507,0.15299701056749918
23,1489,1512,0.15300968275238577
23,1491,1514,0.15302157639302083
22,1501,1523,0.1530330398646106
21,1488,1509,0.1530464659168819
20,1494,1514,0.15306162233328982
22,1485,1507,0.15307847870267152
22,1504,1526,0.15308810566071263
21,1496,1517,0.15309747953892908
19,1501,1520,0.15310900643448808
19,1493,1512,0.15312560456844165
19,1494,1513,0.15314132160173022
19,1497,1516,0.15315619281524093
18,1506,1524,0.15317025379193167
18,1503,1521,0.15318498125418833
19,1511,1530,0.15319899050421415
18,1508,1526,0.15320824179122883
20,1501,1521,0.1532188421343445
20,1499,1519,0.15322431779500578
19,1499,1518,0.15322947788909633
19,1492,1511,0.15323690734333759
20,1489,1509,0.15324470376467828
20,1502,1522,0.1532490982798349
19,1490,1509,0.15325351383337477
20,1488,1508,0.15326028283708587
21,1494,1515,0.15326364490054725
21,1496,1517,0.15326458274844765
22,1485,1507,0.15326573648926456
22,1486,1508,0.153263963896053
23,1486,1509,0.1532626082648844
24,1485,1509,0.15325843710212353
23,1505,1528,0.1532520717466716
22,1499,1521,0.1532489230250447
23,1494,1517,0.1532488689648985
24,1497,1521,0.15324507624386763
22,1495,1517,0.15323883195941865
22,1490,1512,0.1532380734188372
21,1486,1507,0.15323722251948174
20,1486,1506,0.15323935506603995
21,1494,1515,0.15324400782988895
22,1496,1518,0.15324551649667872
22,1501,1523,0.15324471292614258
21,1486,1507,0.15324435879837645
20,1492,1512,0.1532471635407315
20,1498,1518,0.15325291536402896
18,1505,1523,0.1532584878348651
18,1505,1523,0.15326870425661002
17,1508,1525,0.15327824938030152
15,1513,1528,0.15328988327439
16,1505,1521,0.1533057326141457
14,1495,1509,0.1533182186268984
14,1497,1511,0.1533347788916582
14,1484,1498,0.15335039097103445
14,1495,1509,0.15336510391174066
15,1496,1511,0.153378964935549
15,1505,1520,0.15338938107773725
14,1507,1521,0.15339923488546967
14,1507,1521,0.1534108798338729
15,1499,1514,0.15342186813089997
15,1496,1511,0.1534297665037485
15,1505,1520,0.1534372417551949
14,1495,1509,0.15344431248071666
14,1496,1510,0.15345344735717814
12,1491,1503,0.153462050079257
11,1483,1494,0.15347479903911515
12,1493,1505,0.1534892337828217
12,1496,1508,0.15350039467934387
12,1489,1501,0.15351089362957573
13,1498,1511,0.15352076720577668
14,1495,1509,0.15352688479714863
14,1489,1503,0.15352962751063004
14,1485,1499,0.15353238559913915
14,1502,1516,0.1535351346097314
15,1501,1516,0.15353785461415032
14,1498,1512,0.15353746124754622
14,1492,1506,0.15353965664476996
14,1495,1509,0.15354189814114272
14,1500,1514,0.15354416128071385
15,1506,1521,0.15354642573494806
15,1516,1531,0.15354556075395034
15,1507,1522,0.15354495330694934
14,1507,1521,0.15354456435192174
13,1506,1519,0.1535467369775763
11,1504,1515,0.15355142494423737
11,1496,1507,0.15356095033491435
11,1504,1515,0.15356993780727357
12,1514,1526,0.15357841208062734
13,1513,1526,0.153583186903732
11,1508,1519,0.1535850233280507
10,1509,1519,0.15359165348241352
10,1503,1513,0.1536009521651963
10,1514,1524,0.15360972763360048
10,1508,1518,0.15361800358138505
10,1513,1523,0.15362580350967858
10,1502,1512,0.15363315056251317
10,1506,1516,0.1536400673962472
9,1516,1525,0.15364657607764598
10,1510,1520,0.15365506205557625
10,1510,1520,0.15365983891339632
11,1513,1524,0.15366443194393323
11,1519,1530,0.15366590299713762
10,1516,1526,0.15366743573993247
11,1500,1511,0.15367132821304924
10,1498,1508,0.15367192352651102
10,1511,1521,0.15367504834929024
10,1512,1522,0.1536781639198656
9,1510,1519,0.1536812483539647
10,1506,1516,0.1536866310819845
10,1510,1520,0.1536891778802681
9,1498,1507,0.15369170317418437
8,1505,1513,0.1536964955777599
9,1497,1506,0.15370350323312074
9,1503,1512,0.15370768791889017
9,1495,1504,0.1537110187465611
9,1493,1502,0.15371430697452274
9,1508,1517,0.15371753446960068
10,1517,1527,0.15372068686793605
10,1509,1519,0.15372054766908813
11,1510,1521,0.15372061427442396
11,1509,1520,0.15371764997902884
11,1513,1524,0.15371512338560797
12,1515,1527,0.15371297751418825
10,1514,1524,0.15370795862057227
11,1513,1524,0.15370903417358192
11,1512,1523,0.15370771709005399
11,1510,1521,0.1537066279981663
10,1513,1523,0.1537057356416766
9,1504,1513,0.15370735750063727
10,1500,1510,0.15371128432601175
9,1493,1502,0.1537119589145826
9,1503,1512,0.1537151445754953
8,1508,1516,0.15371830085999888
8,1497,1505,0.15372385069406963
8,1502,1510,0.1537291950356021
8,1503,1511,0.1537343320428853
8,1506,1514,0.15373926155338696
9,1504,1513,0.15374398480963164
9,1504,1513,0.15374530038695197
8,1496,1504,0.15374671068392215
7,1494,1501,0.15375055959238926
7,1504,1511,0.15375675796315633
7,1494,1501,0.15376269149504218
8,1503,1511,0.15376836107007602
8,1496,1504,0.15377116130052382
8,1500,1508,0.15377390193256063
8,1515,1523,0.15377657333826392
8,1514,1522,0.15377916809068665
8,1512,1520,0.15378168063011213
8,1522,1530,0.15378410697564993
7,1509,1516,0.1537864444762447
8,1509,1517,0.15379105141310082
8,1519,1527,0.15379298874971853
8,1510,1518,0.15379485735624823
8,1511,1519,0.15379665563697584
8,1515,1523,0.1537983827872286
8,1516,1524,0.15380003866040734
8,1516,1524,0.15380162365363326
7,1525,1532,0.15380313860955494
7,1512,1519,0.1538069468884265
7,1508,1515,0.15381054255141358
7,1517,1524,0.1538139352533098
7,1516,1523,0.15381713454579032
7,1506,1513,0.15382014981679767
7,1510,1517,0.15382299024254364
7,1502,1509,0.15382566475019097
7,1511,1518,0.15382818198954532
7,1510,1517,0.15383055031232548
6,1508,1514,0.153832777757779
6,1508,1514,0.15383717920360473
6,1500,1506,0.15384131342864887
6,1507,1513,0.15384519486275433
6,1516,1522,0.15384883743064043
6,1522,1528,0.15385225452395607
5,1511,1516,0.15385545898339736
5,1503,1508,0.15386083259169286
5,1510,1515,0.1538658740023095
5,1493,1498,0.15387060244978248
5,1506,1511,0.1538750362552148
5,1517,1522,0.15387919283817303
4,1525,1529,0.15388308873436013
5,1518,1523,0.15388906823913767
5,1507,1512,0.15389227345789727
5,1499,1504,0.15389528460481072
5,1502,1507,0.1538981124785792
5,1506,1511,0.1539007674202373
5,1500,1505,0.15390325930976428
5,1521,1526,0.1539055975673823
5,1519,1524,0.15390779115863984
5,1521,1526,0.1539098486025177
5,1518,1523,0.1539117779819117
5,1520,1525,0.15391358695594812
5,1521,1526,0.15391528277367617
5,1515,1520,0.1539168722887536
5,1512,1517,0.15391836197480913
5,1509,1514,0.15391975794121632
4,1515,1519,0.15392106594906252
3,1510,1513,0.15392466840908858
4,1512,1516,0.15393039450505064
4,1518,1522,0.1539333492588727
4,1519,1523,0.15393612971146894
5,1519,1524,0.1539387450722784
5,1516,1521,0.15393807239352633
5,1509,1514,0.1539375424958338
5,1502,1507,0.15393713513880405
5,1495,1500,0.15393683262461738
4,1521,1525,0.15393661949428894
4,1514,1518,0.15393886147087435
5,1512,1517,0.15394101927434872
5,1511,1516,0.1539405745429666
5,1520,1525,0.15393955709571763
5,1513,1518,0.15393873584326656
5,1525,1530,0.15393808187366478
5,1509,1514,0.15393757017260742
5,1525,1530,0.15393717911717883
5,1533,1538,0.15393601060089324
5,1524,1529,0.15393507704759848
5,1505,1510,0.15393434253934735
5,1508,1513,0.1539337761769591
5,1511,1516,0.1539333514041655
5,1500,1505,0.1539330454213302
4,1498,1502,0.15393283867694754
3,1504,1507,0.15393518251096655
3,1512,1515,0.1539398457605079
3,1513,1516,0.1539442773806627
3,1522,1525,0.1539484837106409
5,1521,1526,0.1539524717923484
5,1525,1530,0.153950162950372
5,1524,1529,0.15394819194606135
5,1525,1530,0.15394651399889908
5,1512,1517,0.1539450900592046
5,1521,1526,0.1539438860830303
5,1516,1521,0.15394287239866414
5,1508,1513,0.1539420231531343
5,1504,1509,0.15394131582858983
5,1514,1519,0.1539407308197166
5,1508,1513,0.15394025106447137
4,1506,1510,0.1539398617213964
4,1509,1513,0.15394215868158695
4,1507,1511,0.15394434072818053
5,1495,1500,0.153946411640183
5,1512,1517,0.15394560460734308
6,1513,1519,0.1539449068541045
6,1507,1513,0.15394105444535694
6,1515,1521,0.1539375861085526
6,1514,1520,0.15393445988018975
4,1515,1519,0.15393163869569976
4,1514,1518,0.153934063524616
4,1515,1519,0.15393640727761754
4,1504,1508,0.15393866571243542
4,1513,1517,0.1539408360774097
4,1522,1526,0.15394291685704675
4,1524,1528,0.1539449075547327
4,1506,1510,0.15394680850747317
4,1506,1510,0.15394862072822477
4,1511,1515,0.15395034577197975
4,1521,1525,0.1539519856222868
4,1527,1531,0.1539535425953395
4,1517,1521,0.15395501925915306
4,1518,1522,0.15395641836568896
5,1519,1524,0.153957742794077
5,1513,1518,0.15395578755099615
5,1525,1530,0.15395406133839484
5,1517,1522,0.15395253753018773
6,1525,1531,0.15395038245332204
6,1515,1521,0.15394614270584975
7,1504,1511,0.15394232167324062
8,1508,1516,0.1539356710281563
10,1508,1518,0.15392651496701343
10,1500,1510,0.15391181566778467
10,1509,1519,0.15389848513580978
10,1504,1514,0.15388638510629277
10,1490,1500,0.15387539227597466
10,1506,1516,0.15386539659618392
10,1511,1521,0.15385629976824228
9,1508,1517,0.15384801391657768
8,1509,1517,0.1538427421852203
9,1501,1510,0.1538402672017661
8,1495,1503,0.15383569497915453
8,1500,1508,0.15383399566857714
8,1503,1511,0.1538325296561282
7,1502,1509,0.15383126557635127
7,1510,1517,0.15383253233681707
7,1505,1512,0.15383379719475204
7,1501,1508,0.1538349069589579
7,1502,1509,0.1538360408189507
7,1500,1507,0.15383718547754094
7,1512,1519,0.15383832994006802
7,1521,1528,0.15383946518770605
7,1513,1520,0.15384058389386113
7,1515,1522,0.15384168017815505
6,1529,1535,0.15384274939318218
6,1525,1531,0.15384617300608175
6,1527,1533,0.15384941759811863
6,1515,1521,0.15385248952051794
6,1512,1518,0.15385539536952783
5,1517,1522,0.15385814188768218
5,1516,1521,0.15386320235326167
4,1511,1515,0.15386796764307223
5,1506,1511,0.15387482735702188
5,1501,1506,0.15387845708027625
4,1501,1505,0.1538819236921568
4,1520,1524,0.15388760214282038
4,1523,1527,0.15389297759291165
4,1532,1536,0.15389806178084064
4,1518,1522,0.1539028666849652
4,1525,1529,0.15390740437875505
4,1526,1530,0.1539116869121941
5,1509,1514,0.1539157262155139
5,1500,1505,0.15391635124491487
5,1507,1512,0.1539166529687277
5,1517,1522,0.1539170871054634
5,1505,1510,0.15391762522105665
5,1516,1521,0.15391824333126883
5,1513,1518,0.15391892127004297
5,1523,1528,0.1539196421440577
5,1517,1522,0.15392039186191941
5,1509,1514,0.1539211587279693
5,1512,1517,0.15392102402284408
5,1524,1529,0.15392104656822653
6,1533,1539,0.15392119722556774
6,1532,1538,0.15391827361776506
6,1518,1524,0.15391572065303472
6,1521,1527,0.1539134910275651
6,1520,1526,0.15391154351218606
6,1518,1524,0.1539090634340994
6,1511,1517,0.15390693969667932
6,1507,1513,0.15390512397335837
6,1512,1518,0.15390357432693796
6,1497,1503,0.15390225437468724
6,1503,1509,0.15390113256194207
7,1507,1514,0.15389935364104823
6,1507,1513,0.1538946615170314
6,1501,1507,0.1538931055436196
6,1501,1507,0.15389186293687762
6,1509,1515,0.15389014733628623
6,1507,1513,0.15388880596687815
6,1518,1524,0.15388778182469642
6,1510,1516,0.1538870257335698
6,1515,1521,0.15388649531163767
6,1513,1519,0.15388615407220646
6,1512,1518,0.15388597064157752
6,1514,1520,0.1538859180787261
6,1510,1516,0.1538859732836616
6,1520,1526,0.15388611648300002
6,1506,1512,0.15388633078275737
6,1516,1522,0.15388660177966476
6,1500,1506,0.1538869172234253
6,1500,1506,0.15388726672331424
6,1505,1511,0.15388764149337256
5,1507,1512,0.15388803413118862
5,1521,1526,0.15389090484983886
5,1522,1527,0.15389362158574307
5,1525,1530,0.15389619047998643
5,1527,1532,0.15389861776205604
5,1515,1520,0.15390090968088133
5,1514,1519,0.15390307244864423
4,1512,1516,0.1539051121954388
4,1523,1527,0.1539094648865025
4,1517,1521,0.1539135590387749
4,1503,1507,0.15391740896829134
4,1502,1506,0.15392102835572521
4,1514,1518,0.1539244302495906
4,1519,1523,0.15392762707433688
4,1524,1528,0.15393063064232645
4,1531,1535,0.1539334521688452
4,1529,1533,0.15393610228943314
4,1528,1532,0.15393859107893784
4,1523,1527,0.1539409280717937
4,1514,1518,0.15394312228311344
4,1517,1521,0.15394518223025222
4,1503,1507,0.15394711595456456
3,1502,1505,0.15394893104312618
3,1495,1498,0.15395305783354307
3,1499,1502,0.15395693296470042
3,1508,1511,0.15396057136667624
3,1503,1506,0.15396398714466872
2,1505,1507,0.15396719361576947
2,1507,1509,0.153972662187646
2,1502,1504,0.1539777977695302
1,1510,1511,0.15398262046300612
1,1520,1521,0.15398954710819623
1,1508,1509,0.15399605392947857
1,1506,1507,0.15400216601643457
0,1513,1513,0.15400790701470807
