1367,29,1396,0.13579578058930616
1393,27,1420,0.1329514480458549
1414,26,1440,0.13029383096389643
1436,25,1461,0.1278195044424378
1442,26,1468,0.1255064742171851
1451,26,1477,0.12338630789204041
1458,26,1484,0.12143391006748348
1454,27,1481,0.11963782159014773
1448,29,1477,0.11801647516149835
1432,30,1462,0.11655601936293333
1447,29,1476,0.11526971924679014
1438,30,1468,0.11406437726710691
1433,29,1462,0.1129907104869882
1448,30,1478,0.11202583211223796
1463,31,1494,0.11111211156251591
1452,32,1484,0.11024338241299175
1453,33,1486,0.10947962565167618
1448,34,1482,0.10878261831623327
1458,35,1493,0.10816078896416649
1449,36,1485,0.10757225780737396
1454,36,1490,0.10705922020106726
1447,37,1484,0.10658219871509975
1446,37,1483,0.10616544215701967
1447,35,1482,0.10578768785036283
1446,35,1481,0.10544201721920946
1445,35,1480,0.10513029983182996
1458,39,1497,0.10485017523365865
1447,37,1484,0.1045644276246783
1440,36,1476,0.10432597402924353
1432,34,1466,0.10412719662140348
1435,31,1466,0.10396602979058431
1444,33,1477,0.10381303740997655
1456,32,1488,0.10365159156743534
1455,32,1487,0.10347800095001432
1450,31,1481,0.10332153472032984
1451,33,1484,0.10318974609217896
1459,33,1492,0.10306927348902775
1459,32,1491,0.10294316564792094
1446,32,1478,0.10282654472909371
1447,32,1479,0.10275140455501976
1455,32,1487,0.10268161443363553
1459,33,1492,0.10259934597274827
1478,34,1512,0.10251489590805968
1475,32,1507,0.10239594445961064
1481,32,1513,0.10229031144130167
1462,33,1495,0.10217981108620189
1478,34,1512,0.102121897775617
1468,33,1501,0.10203454580633896
1457,32,1489,0.10197819263098559
1463,33,1496,0.10195230309856206
1455,35,1490,0.10191576056883525
1459,36,1495,0.10189985714463398
1468,35,1503,0.1018780602785207
1471,34,1505,0.10183983444502616
1474,31,1505,0.10179784236161674
1471,30,1501,0.10175074138430737
1463,28,1491,0.10171446746155001
1457,31,1488,0.10169793969393276
1467,29,1496,0.10169805078524533
1471,28,1499,0.10167649356104012
1458,30,1488,0.10164991725514248
1464,31,1495,0.10165449224343863
1475,31,1506,0.10164566553717537
1459,30,1489,0.10161212759751014
1464,33,1497,0.10161648621186639
1462,31,1493,0.10160743520419832
1460,30,1490,0.1016041605155991
1458,29,1487,0.10160833800588741
1467,30,1497,0.10161674780476183
1466,30,1496,0.1016039218506841
1465,27,1492,0.1015934977408677
1455,28,1483,0.10158593199003299
1458,28,1486,0.10160107957084943
1461,28,1489,0.10160681928382737
1461,29,1490,0.10160461376096899
1456,29,1485,0.10160296732969354
1461,28,1489,0.10161326564343182
1460,27,1487,0.10161077724646848
1468,27,1495,0.10161011148551158
1471,25,1496,0.10159302772038899
1479,26,1505,0.10156980278874272
1474,27,1501,0.10153042294016788
1471,26,1497,0.10150477392308314
1465,24,1489,0.10148677926384711
1469,25,1494,0.10148421976502302
1467,26,1493,0.10147407954885146
1463,24,1487,0.10147000967626266
1465,23,1488,0.10147506237443116
1470,25,1495,0.10147516953204376
1472,25,1497,0.10146471459908937
1472,25,1497,0.10145170497351806
1475,27,1502,0.10143908714959662
1471,27,1498,0.10141981191282948
1477,26,1503,0.10140958892273033
1479,23,1502,0.10138659598089657
1475,24,1499,0.10136091301651681
1474,23,1497,0.1013480538101645
1479,24,1503,0.10133669966099934
1473,24,1497,0.10131448532311475
1477,25,1502,0.1013087687407467
1468,24,1492,0.10129459756569843
1465,24,1489,0.10130158857269582
1467,24,1491,0.10131460058100641
1469,26,1495,0.10132318294193889
1476,28,1504,0.1013271755830792
1481,28,1509,0.10131569358135523
1470,30,1500,0.10129428477710864
1473,31,1504,0.1013001223766957
1464,31,1495,0.10129837685535398
1477,32,1509,0.10131837866851648
1468,33,1501,0.10130856768496437
1446,33,1479,0.10132087462308441
1448,34,1482,0.10138084690345614
1438,34,1472,0.10143070690411161
1431,35,1466,0.10149944459132429
1433,37,1470,0.1015775739087114
1442,37,1479,0.10164474706296406
1442,36,1478,0.10168803077953982
1438,38,1476,0.10172782166003554
1442,37,1479,0.10177191395418436
1448,37,1485,0.10180457602755066
1459,37,1496,0.10182096752633715
1477,37,1514,0.1018103063895726
1463,37,1500,0.10175978205654904
1464,37,1501,0.1017448775266395
1460,35,1495,0.10172858093612346
1461,36,1497,0.10172090912301006
1456,35,1491,0.10171166621106603
1456,36,1492,0.10171599290778484
1457,35,1492,0.10171995155560683
1453,32,1485,0.10172226452049085
1458,34,1492,0.10173430987133152
1471,34,1505,0.10173393216810578
1471,33,1504,0.10170257479844015
1466,31,1497,0.10167262385200761
1464,31,1495,0.10165628661861982
1463,31,1494,0.10164640613376162
1461,31,1492,0.101639484181424
1455,32,1487,0.10163549439288719
1454,31,1485,0.10164618903896824
1461,30,1491,0.10165968505773047
1451,30,1481,0.1016554671868148
1452,32,1484,0.10167477879154446
1446,32,1478,0.10169001408568935
1442,30,1472,0.10171828803847259
1448,29,1477,0.10175435398915106
1453,28,1481,0.1017741134317435
1446,31,1477,0.10177996814771804
1450,30,1480,0.10179946258546053
1453,29,1482,0.10180880124946773
1454,27,1481,0.10181020757133091
1456,27,1483,0.10180707541033172
1444,30,1474,0.10180023639316098
1446,30,1476,0.10182226443913421
1459,29,1488,0.1018379252906121
1456,28,1484,0.10182250213371503
1465,28,1493,0.10181410692561635
1469,30,1499,0.10178673903278568
1461,30,1491,0.10175333083309505
1456,30,1486,0.10173895280272367
1457,31,1488,0.10173757809738625
1449,31,1480,0.10173408633014824
1441,32,1473,0.10174926482359722
1439,33,1472,0.10178178515525373
1428,33,1461,0.10181598717133049
1445,36,1481,0.10187260013323587
1443,37,1480,0.10188605447587863
1448,36,1484,0.10190171151562993
1458,37,1495,0.10190549437642066
1449,36,1485,0.10188828005516111
1446,36,1482,0.10189259666650363
1458,38,1496,0.10190337808411126
1457,37,1494,0.10188688413710947
1458,37,1495,0.10187460918727895
1453,37,1490,0.10185966878794978
1450,35,1485,0.10185661266510258
1460,36,1496,0.10186066942481375
1461,35,1496,0.10184254848180256
1462,37,1499,0.10182325497170872
1459,37,1496,0.1018061029362334
1449,34,1483,0.10179408667103945
1461,34,1495,0.10180504148544944
1451,35,1486,0.10178959295469253
1450,35,1485,0.10179939256220241
1449,34,1483,0.10181082274124441
1441,33,1474,0.10182391442114039
1443,33,1476,0.10185382635797448
1444,34,1478,0.10187522003182568
1449,35,1484,0.10189347966101002
1435,35,1470,0.10190108864932271
1445,36,1481,0.10193714884117061
1445,36,1481,0.10194646947401058
1447,37,1484,0.10195526020085804
1452,36,1488,0.10195960437395177
1461,35,1496,0.10195423727587757
1460,37,1497,0.10193011625053859
1455,37,1492,0.10190880799980187
1451,34,1485,0.1019024419394665
1458,32,1490,0.10190569966889002
1454,31,1485,0.10189291867295532
1449,30,1479,0.10188966739984774
1461,29,1490,0.10189760217359745
1459,29,1488,0.10187766028923669
1460,30,1490,0.10186258964215224
1454,30,1484,0.10184495886887365
1448,31,1479,0.10184336448535124
1445,33,1478,0.10185778692208376
1450,33,1483,0.10187961480474787
1460,33,1493,0.10188757986486666
1461,31,1492,0.101869880357265
1460,34,1494,0.10184999053413751
1457,36,1493,0.10183402731867268
1448,37,1485,0.10182556639521408
1446,38,1484,0.10183906432793062
1448,39,1487,0.10185655201807568
1455,40,1495,0.10186844716598596
1459,40,1499,0.10186435805387002
1456,40,1496,0.10185196849749985
1459,39,1498,0.10184794588883804
1451,40,1491,0.1018393226004984
1463,38,1501,0.10185106554352416
1465,39,1504,0.10183461664159617
1452,37,1489,0.10181512781476972
1441,35,1476,0.10182464831307204
1449,34,1483,0.10185798612834303
1457,36,1493,0.10187193736031552
1462,41,1503,0.10186652826898207
1456,41,1497,0.10185219899866378
1454,41,1495,0.10185056894466563
1455,41,1496,0.10185365474200428
1452,43,1495,0.1018544938491122
1455,42,1497,0.10186223749553687
1444,41,1485,0.10186289639014211
1451,42,1493,0.10188703145490834
1456,43,1499,0.10189499645444387
1456,43,1499,0.10188945080931956
1456,41,1497,0.10188381143092926
1456,43,1499,0.10187701872276468
1457,40,1497,0.101873259808816
1468,41,1509,0.10186870705467746
1458,43,1501,0.10183985194813744
1450,42,1492,0.10183649879628515
1448,41,1489,0.10185024025897396
1437,40,1477,0.10186654885819718
1443,40,1483,0.10190651307445318
1452,40,1492,0.10193059583841585
1458,40,1498,0.1019326974594325
1451,42,1493,0.1019198577113648
1437,43,1480,0.10192269416187702
1450,43,1493,0.10195706513076136
1453,44,1497,0.10196034506460742
1443,47,1490,0.10195828190036064
1439,46,1485,0.10197811115357595
1447,46,1493,0.10200550597096995
1438,49,1487,0.10201255805722496
1437,47,1484,0.10203949111156488
1450,48,1498,0.10206636624665626
1448,49,1497,0.10206164122486873
1457,51,1508,0.10206251830057438
1452,49,1501,0.10204441530942315
1444,51,1495,0.10203784963841216
1449,51,1500,0.10205047565338866
1446,50,1496,0.1020522142125504
1455,50,1505,0.10206012960700449
1455,48,1503,0.10204945565537342
1445,46,1491,0.10203998640783364
1444,46,1490,0.10205302130907767
1447,50,1497,0.10206790061666958
1438,53,1491,0.10207525534672099
1436,51,1487,0.10210037445577738
1422,52,1474,0.10212924782482614
1425,50,1475,0.10218681803692263
1429,51,1480,0.10223256750381626
1431,50,1481,0.1022647499001037
1433,55,1488,0.10229128879467643
1419,56,1475,0.10231107213334098
1423,58,1481,0.10236202873549068
1431,57,1488,0.10239898033633263
1440,59,1499,0.10241647621553074
1428,59,1487,0.10241168598782596
1436,59,1495,0.10243279166685401
1446,59,1505,0.10243560946760588
1428,60,1488,0.10241539080589433
1417,64,1481,0.1024375877684029
1414,63,1477,0.10248170305649193
1421,63,1484,0.10252866532752097
1421,65,1486,0.10255844022956556
1424,65,1489,0.1025879510725834
1423,68,1491,0.10261002146416845
1421,68,1489,0.10263218969220804
1418,68,1486,0.10265535303341515
1431,68,1499,0.10268454747188152
1415,69,1484,0.10268156908964085
1417,72,1489,0.10271639242143149
1411,74,1485,0.10274353436404947
1421,75,1496,0.10278239527509993
1429,75,1504,0.10279737288232646
1428,76,1504,0.10279158865304079
1427,74,1501,0.10278751918348156
1416,74,1490,0.10278587011899214
1412,72,1484,0.10280876645355198
1412,74,1486,0.1028411106132444
1399,75,1474,0.10286986989981624
1401,71,1472,0.10292621088758275
1396,70,1466,0.10297407221292204
1400,73,1473,0.10303011279893454
1423,74,1497,0.10307315933475367
1423,73,1496,0.10305933067144657
1426,72,1498,0.10304722802497299
1426,72,1498,0.10303020370754329
1425,72,1497,0.10301441762568145
1416,71,1487,0.10299937913505815
1425,72,1497,0.10300857204620244
1421,71,1492,0.10299568766466273
1405,68,1473,0.1029938939766919
1419,70,1489,0.10302617834094611
1424,70,1494,0.10302349449009096
1440,70,1510,0.10301171112355177
1431,68,1499,0.10296321738203236
1412,69,1481,0.10293747658198427
1421,70,1491,0.10295615565744043
1421,69,1490,0.10295416034173188
1423,72,1495,0.10295347839148222
1410,68,1478,0.10294955202485895
1413,71,1484,0.10297261356463033
1409,69,1478,0.10298534090434501
1415,72,1487,0.10300839898671754
1406,73,1479,0.10301719086706013
1415,72,1487,0.1030449612004473
1419,70,1489,0.10305064645240929
1430,69,1499,0.10304673487489145
1430,66,1496,0.10301916245058183
1412,66,1478,0.10299314361781547
1430,61,1491,0.10300950668961165
1435,62,1497,0.10298282796705883
1443,62,1505,0.10294594792456033
1449,64,1513,0.10289303418773557
1443,62,1505,0.10282903746005413
1439,61,1500,0.10278622234201874
1431,65,1496,0.10275505481834596
1423,65,1488,0.10274702184792474
1421,66,1487,0.10275985580275361
1422,66,1488,0.10277638814207857
1425,65,1490,0.10278821233734402
1435,69,1504,0.10279434989599313
1425,66,1491,0.10277837232460539
1427,73,1500,0.10278596713883076
1431,75,1506,0.10278838759077467
1432,73,1505,0.10277956975548999
1431,73,1504,0.10277073841935185
1425,72,1497,0.10276551643530382
1435,72,1507,0.10277434410443971
1435,74,1509,0.10275869602916668
1419,74,1493,0.10274529515192488
1405,74,1479,0.10276850580587485
1412,77,1489,0.10282229213827007
1423,76,1499,0.10285802849164029
1430,76,1506,0.10286524215726942
1419,77,1496,0.10285657441661325
1413,80,1493,0.10287396977407891
1402,78,1480,0.10290243961792549
1411,79,1490,0.1029533068729618
1420,77,1497,0.10298044826478034
1430,73,1503,0.10298574809318266
1426,76,1502,0.10296791652606378
1417,78,1495,0.10295935679151125
1415,79,1494,0.10297434338415616
1422,77,1499,0.10299343746257758
1420,81,1501,0.10299517248578667
1420,82,1502,0.10299911549724325
1417,84,1501,0.10300400523878743
1416,85,1501,0.10301467317275012
1402,86,1488,0.10302681485187459
1403,87,1490,0.10306979825157887
1382,84,1466,0.10310835368947834
1382,83,1465,0.103189574429951
1387,83,1470,0.10326430867050401
1410,80,1490,0.10332315872317159
1404,82,1486,0.1033248325672739
1401,88,1489,0.10333891915656881
1407,87,1494,0.10336031498973032
1418,85,1503,0.10336461882812525
1406,82,1488,0.10334317705723116
1408,83,1491,0.10334933033609348
1417,83,1500,0.10335036612148464
1410,84,1494,0.10333343183375114
1407,91,1498,0.10333438252847696
1388,91,1479,0.10334357600323343
1392,94,1486,0.10339530795318903
1398,92,1490,0.10343586141525016
1393,94,1487,0.10345707457609557
1406,92,1498,0.10348907473594274
1402,95,1497,0.10348945755362872
1402,93,1495,0.10349819426773518
1414,94,1508,0.1035076807957693
1405,95,1500,0.10349026285063481
1404,94,1498,0.10349412424230035
1402,96,1498,0.10350101283202101
1406,94,1500,0.1035126262625488
1392,92,1484,0.10351223729579835
1407,90,1497,0.10354165159805218
1383,93,1476,0.10353633574629371
1384,95,1479,0.10358496708917359
1386,93,1479,0.10362824597219472
1386,91,1477,0.1036637053948529
1384,91,1475,0.10369547297649348
1381,91,1472,0.10373123439092222
1376,98,1474,0.10376868008745234
1371,102,1473,0.1038140088888521
1383,99,1482,0.10386954726124245
1382,99,1481,0.10389231370774411
1393,99,1492,0.10391481009611797
1401,101,1502,0.1039112460834292
1389,102,1491,0.10389125310407991
1394,105,1499,0.10390242203997606
1380,107,1487,0.10389986521165043
1381,107,1488,0.10392941404912319
1384,109,1493,0.10395457373121758
1381,112,1493,0.10397131693588044
1385,114,1499,0.10399481955783087
1384,110,1494,0.1040062900237934
1379,112,1491,0.10401973836453077
1393,113,1506,0.10404300862381978
1401,110,1511,0.104034016789691
1387,111,1498,0.10400715586217033
1380,110,1490,0.1040119182946431
1384,106,1490,0.10403269696962691
1388,109,1497,0.10404275422509572
1393,106,1499,0.1040440740428826
1387,110,1497,0.10403490778888518
1383,108,1491,0.10404058031334948
1388,109,1497,0.10405463828444084
1380,113,1493,0.10405905923051727
1383,114,1497,0.10408078791204275
1395,115,1510,0.10409141577627981
1393,112,1505,0.10407605943211162
1387,112,1499,0.10406813380569421
1386,111,1497,0.10407429206300137
1376,111,1487,0.1040795032822075
1378,112,1490,0.10410446930208841
1376,115,1491,0.1041269137207238
1384,112,1496,0.10415248583203635
1377,115,1492,0.10415494454074947
1381,115,1496,0.10417667746330359
1377,114,1491,0.10418770493016456
1377,111,1488,0.10420633661941964
1384,117,1501,0.1042235107991619
1371,119,1490,0.10422423480268667
1365,120,1485,0.10425376102186731
1375,120,1495,0.10429385630268592
1371,120,1491,0.10430962312464077
1372,121,1493,0.10433333676329618
1361,125,1486,0.10435349994015562
1352,123,1475,0.10439764117532543
1354,126,1480,0.10445931159122837
1360,128,1488,0.10451176195992021
1366,128,1494,0.10454526570229802
1365,127,1492,0.10456024542154399
1370,127,1497,0.10457655491677346
1365,126,1491,0.10458095817805937
1373,123,1496,0.10459599739344956
1372,124,1496,0.10459458794958484
1368,124,1492,0.10459640526065267
1370,123,1493,0.10460662812288905
1363,127,1490,0.10461235898579252
1363,130,1493,0.10463410313892554
1355,129,1484,0.10465586579496304
1354,130,1484,0.10469387535264225
1356,131,1487,0.10473105855774305
1364,132,1496,0.10476059984271399
1355,137,1492,0.10476902102103974
1359,135,1494,0.10479705991662293
1353,140,1493,0.1048160972301515
1363,140,1503,0.10484827106351609
1356,142,1498,0.10485591491588186
1372,141,1513,0.1048804696769849
1362,144,1506,0.10486558220899492
1360,143,1503,0.10487538866899124
1361,140,1501,0.10488941863639241
1367,140,1507,0.10490159526476298
1355,137,1492,0.10489966131913356
1347,134,1481,0.10492158389253908
1355,137,1492,0.10496109250862908
1356,137,1493,0.10497866108539519
1350,137,1487,0.10499172041291838
1343,139,1482,0.10501866747349886
1355,144,1499,0.10505772945534896
1354,140,1494,0.10506718979754598
1353,141,1494,0.10507801884227431
1364,141,1505,0.1050904079873046
1354,141,1495,0.10507839017141707
1346,140,1486,0.10509016734694647
1343,144,1487,0.10511971008784564
1346,148,1494,0.10515546418343483
1359,148,1507,0.10518082888491684
1350,145,1495,0.10517499723586173
1354,146,1500,0.10519006189930394
1354,147,1501,0.1051949760487216
1348,146,1494,0.10519864856232403
1348,144,1492,0.1052152644291138
1346,147,1493,0.10523074279713437
1344,149,1493,0.10525109450247438
1332,149,1481,0.1052760928517057
1329,150,1479,0.10532475225971895
1318,150,1468,0.1053767639622107
1319,151,1470,0.10544915444603309
1330,153,1483,0.10551377535794984
1334,157,1491,0.10554670998560452
1341,155,1496,0.10556861132117114
1346,153,1499,0.10557285972987429
1343,152,1495,0.10556618746746077
1348,154,1502,0.10556630475625373
1352,153,1505,0.1055567355568475
1350,151,1501,0.10554182115449638
1343,148,1491,0.10553260868564887
1358,147,1505,0.10553928069079344
1362,149,1511,0.10551012745889686
1360,143,1503,0.1054748874874365
1360,146,1506,0.10544708455956464
1342,145,1487,0.10541993443393119
1341,146,1487,0.10543654845856405
1349,148,1497,0.10545499462350591
1351,148,1499,0.10545339940467972
1368,147,1515,0.10544817622990493
1356,153,1509,0.10540504553126073
1347,153,1500,0.10539207702347313
1341,153,1494,0.10540092686353165
1339,153,1492,0.10542279696792313
1343,150,1493,0.1054496368837708
1348,154,1502,0.10546478505183533
1350,156,1506,0.10546802641085883
1340,158,1498,0.1054663619699112
1342,160,1502,0.1054860043363194
1329,158,1487,0.10550024662620082
1342,156,1498,0.10554489366861666
1344,156,1500,0.1055574874809462
1347,159,1506,0.1055638660119558
1329,157,1486,0.10556067742537362
1320,160,1480,0.10560020277788333
1323,158,1481,0.10565689032280033
1328,166,1494,0.10570407701999951
1326,166,1492,0.10573526408998286
1332,166,1498,0.10577055973676171
1331,165,1496,0.10579109258367929
1343,165,1508,0.10581385530907716
1343,161,1504,0.10580419847123808
1333,162,1495,0.10579615824686316
1339,163,1502,0.10581305705886244
1333,160,1493,0.10581570378430377
1339,164,1503,0.10583154761681506
1315,164,1479,0.10583512988961313
1321,165,1486,0.10589209955496535
1322,164,1486,0.10593222215533457
1321,164,1485,0.10596512751246649
1327,168,1495,0.10599676254211016
1325,165,1490,0.10601384420896391
1321,167,1488,0.10603055744601321
1321,168,1489,0.10605461484332392
1311,165,1476,0.10607719506942459
1313,160,1473,0.1061158577767773
1313,163,1476,0.10614969601310499
1310,166,1476,0.10618283374952668
1314,171,1485,0.10621831910008311
1327,169,1496,0.10624291681666298
1320,170,1490,0.10623489306396568
1321,168,1489,0.10624290035296409
1320,167,1487,0.10624961668418155
1320,170,1490,0.10625789540923052
1319,175,1494,0.10626478679622148
1327,177,1504,0.10627349281140926
1325,176,1501,0.10626559506465785
1331,169,1500,0.10626420899045524
1326,169,1495,0.1062478431238599
1329,170,1499,0.10624305045829409
1327,173,1500,0.10623204343592346
1326,174,1500,0.10622536948504777
1325,176,1501,0.10622344178365653
1318,173,1491,0.10622541883306852
1320,176,1496,0.1062426489474615
1320,179,1499,0.10625500537718498
1312,180,1492,0.10626559306850097
1300,184,1484,0.10629558432044504
1288,177,1465,0.10634944099977012
1292,175,1467,0.1064245359286775
1293,169,1462,0.1064830979008753
1300,170,1470,0.10653352610224393
1310,170,1480,0.10656429327457648
1309,178,1487,0.10657283557194969
1314,176,1490,0.10658269902118045
1330,175,1505,0.10657963447023709
1331,174,1505,0.10654073096834014
1326,171,1497,0.10650265934782992
1324,175,1499,0.10647886931220862
1327,180,1507,0.10646504378169755
1317,180,1497,0.1064470180869171
1333,182,1515,0.1064546506764941
1334,187,1521,0.1064250365266194
1319,183,1502,0.10639555566094366
1310,180,1490,0.10640209573214861
1301,178,1479,0.10642922842570446
1316,179,1495,0.10647344286912701
1300,184,1484,0.10648126256031482
1301,190,1491,0.10652549012993688
1302,193,1495,0.10656577002384653
1300,190,1490,0.10660204076125185
1312,192,1504,0.10664073520947405
1306,195,1501,0.10665054088832562
1321,195,1516,0.10667352583396736
1314,194,1508,0.10665755985930382
1306,194,1500,0.10665795777438529
1291,197,1488,0.10667757075729645
1294,195,1489,0.10673011270771664
1297,193,1490,0.10677214876286259
1298,198,1496,0.10680365279893694
1293,192,1485,0.10683046594520111
1294,195,1489,0.10686709874396992
1283,202,1485,0.10690029810992796
1287,203,1490,0.10695699234115459
1296,205,1501,0.10700108571789883
1293,199,1492,0.10702126593025739
1287,197,1484,0.10704711742578583
1279,193,1472,0.10708431710058754
1278,199,1477,0.10713562308244938
1274,203,1477,0.1071846405109241
1280,205,1485,0.10724154162314634
1303,210,1513,0.10727980706087259
1293,209,1502,0.10726242256624205
1295,213,1508,0.10726906539153244
1302,212,1514,0.1072698374324705
1293,213,1506,0.10725661241470107
1288,215,1503,0.10726341539192351
1295,217,1512,0.10728389655488865
1290,218,1508,0.10728876629601196
1298,215,1513,0.10730376451337965
1294,217,1511,0.10730042909270228
1290,215,1505,0.10730807348154972
1283,216,1499,0.10732451248901398
1285,215,1500,0.10735665794752357
1286,213,1499,0.10738291696497995
1281,220,1501,0.1074036662407046
1279,221,1500,0.10743513879803927
1281,217,1498,0.10746827207300257
1285,218,1503,0.10749253148875158
1290,220,1510,0.10750435823067207
1286,217,1503,0.10750473708112374
1284,220,1504,0.10751241080626706
1279,224,1503,0.10752288847486506
1278,223,1501,0.10754449881083022
1273,226,1499,0.10756671985036906
1271,223,1494,0.10760056512400759
1285,224,1509,0.10763762933097595
1282,224,1506,0.10763905867169404
1295,225,1520,0.1076488270052075
1280,224,1504,0.10762977486445323
1284,227,1511,0.10764678352883067
1281,227,1508,0.1076536090138481
1278,226,1504,0.10766758965534966
1267,226,1493,0.1076886583030249
1264,229,1493,0.10773180076343807
1266,232,1498,0.10777909721717067
1258,232,1490,0.10782021574131623
1265,231,1496,0.10787622131381515
1271,231,1502,0.10791097498831706
1280,229,1509,0.10792830148883929
1271,229,1500,0.10792378879369101
1271,233,1504,0.10794034922923608
1269,232,1501,0.10795650667550834
1271,233,1504,0.10797567788851505
1271,230,1501,0.10798763335655909
1267,229,1496,0.1080012771878112
1258,231,1489,0.10802288519578009
1263,230,1493,0.10806152294886495
1265,231,1496,0.10808833633317913
1263,230,1493,0.10810615988994314
1265,227,1492,0.10812672861946863
1262,232,1494,0.10814277165964924
1265,234,1499,0.10816415594725261
1261,242,1503,0.10817452839953852
1259,243,1502,0.10819556130840756
1258,243,1501,0.1082197566772442
1262,240,1502,0.10824437919044119
1270,240,1510,0.10825957836917117
1269,237,1506,0.10825447312220543
1255,232,1487,0.10825106120976154
1247,237,1484,0.1082799698920115
1251,230,1481,0.10832575731919829
1261,236,1497,0.10836184385949686
1263,233,1496,0.10837103396344333
1253,235,1488,0.10837514831554525
1259,225,1484,0.10840168228782997
1259,227,1486,0.10841320734294772
1243,231,1474,0.10842106018089187
1253,232,1485,0.10846237847750581
1255,234,1489,0.10848203288806993
1259,235,1494,0.10849572519272067
1263,243,1506,0.10849791798926357
1259,244,1503,0.1084907032181655
1259,247,1506,0.108495346261495
1265,249,1514,0.10850023124982372
1261,250,1511,0.108491713021048
1259,254,1513,0.10849283773319783
1255,251,1506,0.10850112568089709
1246,247,1493,0.1085175747936501
1248,247,1495,0.10855363543082752
1252,251,1503,0.10858044405149742
1254,246,1500,0.10859182083441546
1246,247,1493,0.10859819088229736
1238,248,1486,0.10862279766552448
1235,249,1484,0.10866255762607498
1228,249,1477,0.10870722001581605
1234,249,1483,0.10876484026566383
1247,247,1494,0.10880606738486166
1229,247,1476,0.10881612181039213
1240,249,1489,0.10886602585332618
1232,251,1483,0.10888785850897294
1242,251,1493,0.1089263150787059
1229,258,1487,0.10893938143007763
1226,261,1487,0.10898047215856732
1233,261,1494,0.10902593057369747
1230,257,1487,0.10905186566003998
1235,261,1496,0.10908384237728516
1233,254,1487,0.10909962209454506
1238,252,1490,0.10912041553028082
1230,256,1486,0.10912744017322154
1233,259,1492,0.10915413068992677
1229,257,1486,0.10916861773120676
1230,262,1492,0.10919516523982142
1225,267,1492,0.1092160570486898
1233,267,1500,0.10924910380960146
1229,264,1493,0.10926123582043296
1215,271,1486,0.10928283665868622
1208,276,1484,0.10933578289207015
1205,275,1480,0.10940031760743622
1214,283,1497,0.10946690593561778
1215,287,1502,0.10950994017436107
1216,278,1494,0.10954875459556901
1221,276,1497,0.10958330102991642
1223,279,1502,0.10960202944263818
1221,275,1496,0.10961574669075322
1221,276,1497,0.10963358972197479
1224,279,1503,0.10964704279502598
1210,284,1494,0.10965437738467443
1219,282,1501,0.10969129201947549
1213,287,1500,0.10970436757441425
1218,290,1508,0.10972958672694855
1214,291,1505,0.10974264563871232
1220,294,1514,0.10976585505140907
1214,289,1503,0.1097760107720443
1223,291,1514,0.10979995898340233
1216,290,1506,0.109802740436493
1211,293,1504,0.1098214910924909
1204,286,1490,0.10984872264350798
1195,279,1474,0.1098878941464671
1186,282,1468,0.10994728782027591
1191,282,1473,0.11002215031644248
1188,277,1465,0.11008105087944323
1196,287,1483,0.1101426755320814
1194,294,1488,0.11018043196327504
1202,293,1495,0.11022173340190278
1208,300,1508,0.11024085283839245
1207,298,1505,0.11024607972053162
1208,298,1506,0.1102528721943266
1215,293,1508,0.11025805452962155
1217,292,1509,0.11024609810350902
1219,297,1516,0.1102290373034495
1225,298,1523,0.11021101186263724
1215,303,1518,0.11018227203187404
1205,307,1512,0.11017888847540142
1200,301,1501,0.1101987869889076
1196,301,1497,0.11023090788857956
1194,306,1500,0.1102703371202194
1191,307,1498,0.11031056429104169
1188,307,1495,0.11035554891754817
1177,310,1487,0.11040335236436982
1173,312,1485,0.11047055683044021
1175,313,1488,0.11054401990110228
1176,312,1488,0.11060927404745811
1194,308,1502,0.11066729698881503
1189,316,1505,0.11068100131560081
1191,316,1507,0.11070524759910878
1188,310,1498,0.11072166936303615
1184,310,1494,0.11074397645347649
1168,310,1478,0.11077331365776363
1159,311,1470,0.11083799849180206
1159,313,1472,0.11091889813602107
1159,308,1467,0.11099123736966071
1162,314,1476,0.11105863966259627
1169,321,1490,0.11111661370551922
1181,327,1508,0.11115310396354715
1172,322,1494,0.11115990449733498
1166,330,1496,0.11118664629076054
1172,332,1504,0.11122676577510822
1182,332,1514,0.11124926675605655
1179,331,1510,0.11124874557716374
1167,329,1496,0.11125474961881243
1172,334,1506,0.11128569752286471
1167,341,1508,0.11130402980476614
1171,339,1510,0.11133337474282118
1159,338,1497,0.11135222236420575
1159,342,1501,0.1113957181029811
1166,341,1507,0.11143616675384656
1156,338,1494,0.11146063187147352
1153,328,1481,0.11150534462035656
1151,329,1480,0.11155416426608668
1146,336,1482,0.11160475652373936
1148,331,1479,0.11166325067539802
1154,334,1488,0.11171213256819472
1161,331,1492,0.11174530829258009
1150,329,1479,0.11175942488026136
1151,333,1484,0.11179552852599578
1152,338,1490,0.11182564586179838
1159,343,1502,0.11184995816292563
1150,341,1491,0.11185968117849494
1154,349,1503,0.11188921594148042
1145,343,1488,0.11190754858560002
1156,344,1500,0.11194443538375135
1155,343,1498,0.11195298432016607
1147,338,1485,0.11196537939716782
1146,342,1488,0.11199499608958434
1151,348,1499,0.11202567632888749
1150,352,1502,0.1120446921322204
1136,350,1486,0.1120666140549816
1141,353,1494,0.11211857798457818
1144,358,1502,0.11215604297942727
1152,358,1510,0.11218334880020445
1145,348,1493,0.11218948696721802
1148,360,1508,0.11221045235043131
1146,357,1503,0.11222195705833306
1145,358,1503,0.1122392041853076
1146,355,1501,0.11225838195055016
1142,357,1499,0.1122724123581251
1144,358,1502,0.11229482488446701
1141,357,1498,0.11231250670504025
1136,358,1494,0.11233276364109089
1148,354,1502,0.11236147972068547
1155,359,1514,0.11236054299812306
1162,354,1516,0.11234538970751647
1160,359,1519,0.11231652193056728
1161,352,1513,0.11229557552158015
1142,359,1501,0.1122722378902116
1155,361,1516,0.1122955323288033
1149,362,1511,0.11228884052345775
1157,365,1522,0.11229628134714406
1139,367,1506,0.1122862355859785
1143,360,1503,0.11231857572950556
1141,363,1504,0.1123398799252638
1136,359,1495,0.11236507361762756
1133,360,1493,0.11240036004783467
1139,358,1497,0.11244154556039625
1142,371,1513,0.11246539809364918
1137,369,1506,0.1124786867234861
1128,372,1500,0.11250330045934592
1131,381,1512,0.11254938397611035
1129,378,1507,0.1125854091159583
1122,385,1507,0.11262454468273657
1123,383,1506,0.11267813331267593
1131,387,1518,0.11272654493290606
1128,385,1513,0.11275313088333135
1124,385,1509,0.11278405030532447
1118,387,1505,0.11282156275861432
1116,380,1496,0.1128670045125687
1111,373,1484,0.11291165632536265
1118,376,1494,0.112965855682605
1119,370,1489,0.11299683487826431
1121,369,1490,0.11302404184583686
1121,376,1497,0.11304539938072743
1118,380,1498,0.11306686641660388
1115,394,1509,0.11309597911576638
1125,392,1517,0.11312848747293028
1128,386,1514,0.11313419206940227
1124,392,1516,0.113134272269129
1119,389,1508,0.11314554457615567
1122,383,1505,0.1131672255610896
1121,380,1501,0.11318089201302911
1115,377,1492,0.11319686400681835
1121,384,1505,0.11322427819028352
1120,379,1499,0.11323457752907437
1121,379,1500,0.11324642148770689
1116,380,1496,0.11325386895907247
1124,385,1509,0.11327327286887451
1116,389,1505,0.11327405706155097
1119,390,1509,0.1132930055577948
1112,389,1501,0.11330557520848511
1115,390,1505,0.11333416288949795
1121,391,1512,0.11335120906750028
1114,391,1505,0.11335226786286079
1117,387,1504,0.11337186283260259
1117,384,1501,0.11338087442857293
1105,379,1484,0.11338662208448586
1112,378,1490,0.11341970191635266
1104,384,1488,0.11343516456592484
1107,387,1494,0.11346786284820286
1111,384,1495,0.11349069193708754
1111,382,1493,0.11349813088392288
1106,388,1494,0.11350601645359651
1126,391,1517,0.11352546660258095
1128,394,1522,0.11349584147507014
1129,395,1524,0.11346321247036871
1121,393,1514,0.11343313753620865
1110,391,1501,0.1134251061706188
1109,391,1500,0.1134440616015581
1105,390,1495,0.11346490438584951
1089,396,1485,0.11349083729591442
1097,394,1491,0.11355259362042189
1101,394,1495,0.11359341350011608
1103,397,1500,0.1136226424391821
1112,399,1511,0.11364613089285068
1102,408,1510,0.11364416382671698
1098,405,1503,0.11366770048738944
1093,406,1499,0.1137005116238897
1093,405,1498,0.11374263543845554
1089,407,1496,0.11378386303057306
1089,409,1498,0.11383040955796093
1082,408,1490,0.11387308675494469
1093,412,1505,0.11393046174681164
1088,418,1506,0.1139584073464632
1088,419,1507,0.11399655127866253
1085,424,1509,0.11403290716252502
1087,424,1511,0.1140748738807487
1092,423,1515,0.11411068780101857
1086,425,1511,0.11413334004314477
1080,427,1507,0.11416940582118318
1070,428,1498,0.11421387056375734
1068,432,1500,0.11427753808700832
1062,434,1496,0.11434198474419617
1060,433,1493,0.1144144371379414
1046,440,1486,0.11448687884044625
1053,442,1495,0.1145868830769399
1061,443,1504,0.11466449271509195
1058,443,1501,0.11471916966632349
1058,439,1497,0.11477672539275587
1049,439,1488,0.11483024854507509
1049,442,1491,0.11489888511049276
1059,445,1504,0.11496183268766744
1045,438,1483,0.11499717902471972
1042,441,1483,0.1150620052933948
1049,438,1487,0.11513004913929897
1051,441,1492,0.11517610600693576
1043,442,1485,0.11521656684111387
1044,455,1499,0.11527179366102139
1031,456,1487,0.11532098325915659
1036,457,1493,0.11539622231765577
1033,458,1491,0.1154569914643989
1035,456,1491,0.11552091812671972
1037,459,1496,0.11557445772832865
1034,461,1495,0.11561963540096322
1036,455,1491,0.11566892829596044
1038,456,1494,0.1157122530445327
1030,461,1491,0.1157468515347751
1049,465,1514,0.11579884083567002
1050,462,1512,0.11580469892921552
1044,469,1513,0.11580712331585694
1045,465,1510,0.1158225153816102
1039,463,1502,0.11583466176844563
1042,467,1509,0.11586020077466984
1046,464,1510,0.11587866507295867
1032,463,1495,0.11588601787141567
1033,462,1495,0.11592513758209734
1041,463,1504,0.11595878271923102
1041,462,1503,0.11597281114034282
1032,472,1504,0.11598516386772349
1034,468,1502,0.11601749233890242
1034,471,1505,0.11604288180828747
1033,466,1499,0.11606600730732552
1033,463,1496,0.1160905133873681
1042,458,1500,0.11611317895349459
1046,457,1503,0.11611429661463575
1046,460,1506,0.11610497307859462
1050,471,1521,0.116092931159967
1043,472,1515,0.11607309969469191
1032,476,1508,0.11607342319441397
1025,476,1501,0.11610035636999017
1021,477,1498,0.1161399483832907
1034,473,1507,0.11618583391351157
1034,473,1507,0.11619900107477506
1031,475,1506,0.1162127669132545
1030,476,1506,0.11623168865441254
1034,476,1510,0.11625150309914253
1036,482,1518,0.11626121953045664
1031,480,1511,0.11626575180386617
1022,477,1499,0.11628091647776037
1015,474,1489,0.11631450051314868
1023,483,1506,0.11636309164926302
1011,477,1488,0.11639097774020189
1018,480,1498,0.11644351988941785
1017,473,1490,0.11647655918352245
1023,470,1493,0.11650906592027725
1024,472,1496,0.11652419692424544
1025,475,1500,0.1165367880647023
1025,481,1506,0.11654700386064273
1015,484,1499,0.11655395253276238
1019,483,1502,0.11658290897643875
1013,487,1500,0.1166029021310092
1012,489,1501,0.11663621898317438
1011,480,1491,0.11667039722060225
1012,492,1504,0.11670317027475818
1006,498,1504,0.11672860353553652
994,493,1487,0.11676538732804524
994,485,1479,0.11682873937303427
990,489,1479,0.11688781225513953
1004,492,1496,0.1169535115178198
1005,497,1502,0.11698080622456988
1012,501,1513,0.11700398604825417
1009,492,1501,0.11701038673854787
1016,494,1510,0.11702364279378141
1003,485,1488,0.11701801972596126
1002,484,1486,0.11704519716657405
997,494,1491,0.117071750252512
1000,498,1498,0.11710711922706012
1013,501,1514,0.11713350233805025
1014,505,1519,0.11712638179082106
1015,503,1518,0.11711611542138485
1014,506,1520,0.1171084514565457
1010,493,1503,0.11710469181316747
1011,497,1508,0.11711105677407409
1012,509,1521,0.117115033336112
1010,512,1522,0.11711937879604525
1000,514,1514,0.11712876028755242
981,510,1491,0.11716080229845162
977,509,1486,0.117232464109506
984,516,1500,0.1173093631186751
980,512,1492,0.11736426969399982
964,514,1478,0.11742419794616171
980,528,1508,0.11751820606180757
981,526,1507,0.11756962559847778
973,525,1498,0.11761452773505425
966,517,1483,0.11767508347713392
981,530,1511,0.11774555143239678
978,535,1513,0.11777710191547833
977,532,1509,0.11781388299620339
979,524,1503,0.11785177201276109
978,523,1501,0.11788329522049755
982,524,1506,0.1179150717621264
975,529,1504,0.11793251049092227
974,528,1502,0.11796413190898537
967,532,1499,0.11799564467380076
966,528,1494,0.11804011515294756
965,535,1500,0.11808371327869444
955,535,1490,0.11812985503225765
951,535,1486,0.11819616300194546
969,523,1492,0.11826577865045447
963,529,1492,0.11829046382709729
970,533,1503,0.11832537893875256
960,533,1493,0.11834208159870718
962,523,1485,0.11838127799807795
964,523,1487,0.11840776017866428
958,533,1491,0.11842939015142545
968,533,1501,0.11846455353766046
962,533,1495,0.11847485118419222
959,536,1495,0.11849454262453041
953,529,1482,0.11851892957314998
965,530,1495,0.11855816753925794
955,529,1484,0.11856677388933974
957,524,1481,0.11859765924383091
960,539,1499,0.11862077886525534
958,530,1488,0.11863589566752307
961,540,1501,0.11865602622322731
954,539,1493,0.11866828934659816
944,537,1481,0.11869467891716944
946,532,1478,0.11874299408224558
951,534,1485,0.11878054393055752
960,538,1498,0.11880610733269804
969,547,1516,0.11880888793552888
962,547,1509,0.11879153015800398
966,550,1516,0.11879247002952838
962,546,1508,0.11878334923196388
964,548,1512,0.11878341109693577
958,546,1504,0.11877980351533134
967,548,1515,0.11879151734310217
951,552,1503,0.11878063971202751
943,548,1491,0.11880886528451164
948,543,1491,0.11885188813561205
952,553,1505,0.11888142250626874
942,560,1502,0.11890036787937251
949,559,1508,0.11894137206162533
940,560,1500,0.11896096293496022
947,557,1504,0.11900037290756678
946,556,1502,0.11902008762009432
950,557,1507,0.11904194449892308
952,548,1500,0.11905499169248866
950,550,1500,0.11906450875551218
934,565,1499,0.11907518102302149
925,563,1488,0.11912199966614093
926,562,1488,0.1191885775217495
930,558,1488,0.11924558580193204
922,551,1473,0.11928955368570353
917,560,1477,0.11934931444345626
932,563,1495,0.11941579233793181
933,567,1500,0.11944447574808273
921,575,1496,0.11946744981349919
922,575,1497,0.1195162583202529
923,577,1500,0.11955899408464171
922,578,1500,0.1195992636337483
919,584,1503,0.11963952246964114
918,586,1504,0.11968524402338566
916,586,1502,0.11973167852795558
918,590,1508,0.11978026797052159
915,592,1507,0.11982053510735152
919,599,1518,0.11986405818526835
912,599,1511,0.11989572626907927
913,596,1509,0.11994349243538678
909,597,1506,0.11998623945741974
905,590,1495,0.12003554233913435
905,584,1489,0.12009076316071393
910,579,1489,0.12014319460046216
897,583,1480,0.12017961225560207
902,597,1499,0.12024251551335378
901,597,1498,0.12028695316864656
902,597,1499,0.12033000040684681
904,583,1487,0.12037039200469284
906,584,1490,0.12040136449091186
909,585,1494,0.12042411999138151
908,586,1494,0.1204370773774771
916,589,1505,0.12045150223559276
913,591,1504,0.12044622071529065
905,603,1508,0.1204496474921638
906,599,1505,0.12047200358790588
892,601,1493,0.12049113962634238
895,611,1506,0.1205418394136689
883,604,1487,0.12058396179175755
886,603,1489,0.12065240108140804
886,613,1499,0.12070785388184739
879,611,1490,0.12076090511297273
887,621,1508,0.12082667893677897
887,625,1512,0.1208711898179601
870,623,1493,0.1209141959791759
863,622,1485,0.12099227611181923
868,623,1491,0.12108028495541667
875,627,1502,0.12115355055600911
874,624,1498,0.12120553838736767
868,629,1497,0.12125595154997171
863,629,1492,0.1213162882976269
855,636,1491,0.1213855398507648
871,635,1506,0.12146706615122554
862,635,1497,0.12150465618515723
856,627,1483,0.12156189063707767
862,630,1492,0.12162904165829361
858,640,1498,0.12167529392149724
861,649,1510,0.12172867770086679
867,646,1513,0.12177113458106835
865,654,1519,0.12179607275318538
876,647,1523,0.12182624299680404
864,649,1513,0.12182966014402478
859,655,1514,0.12186287983648951
856,659,1515,0.12190591272298981
853,657,1510,0.12195545173721505
855,659,1514,0.1220092318119941
854,648,1502,0.12205629980422841
850,644,1494,0.12210017046832217
841,661,1502,0.1221510449946737
842,658,1500,0.12221760437790627
834,667,1501,0.12227848559002676
838,674,1512,0.12235250934782822
839,679,1518,0.12241222474718672
832,681,1513,0.12246466394347774
832,679,1511,0.12252955043929763
812,683,1495,0.12258718680560296
815,687,1502,0.12268636515626724
807,682,1489,0.12277099567481542
807,687,1494,0.12287078308729246
808,695,1503,0.12296385449860349
815,698,1513,0.12304964788659113
807,702,1509,0.1231112111852887
800,695,1495,0.12318948008130111
807,702,1509,0.12327868397148731
812,696,1508,0.12334449748384252
815,684,1499,0.12339264737528087
819,678,1497,0.1234330416875696
817,683,1500,0.12346025321109184
817,688,1505,0.12348840057636579
824,683,1507,0.12351409889658242
819,685,1504,0.1235233197201083
813,694,1507,0.1235451894332273
813,698,1511,0.12357889576689039
811,694,1505,0.1236074406540429
794,702,1496,0.12363996084860095
800,702,1502,0.12371081482075282
798,703,1501,0.12376216069269094
796,707,1503,0.12381344575557585
789,698,1487,0.12386415692861669
790,703,1493,0.1239274423236882
797,703,1500,0.12398595686691179
805,707,1512,0.12402354275698825
800,708,1508,0.12404015839507082
791,714,1505,0.12406851509006273
793,715,1508,0.12411292542871864
798,706,1504,0.12415024242279696
793,713,1506,0.12417465386120778
790,714,1504,0.12421046173967622
794,720,1514,0.12425128314954673
796,729,1525,0.12428215631128406
796,726,1522,0.12431056145281034
795,711,1506,0.12433630909803231
787,728,1515,0.12436451876374548
793,723,1516,0.12440479524153694
794,725,1519,0.12442906120466204
781,726,1507,0.1244517825254849
782,719,1501,0.12450254790791783
781,728,1509,0.12454880127034612
777,727,1504,0.12459451907470313
781,721,1502,0.12464554069538306
783,721,1504,0.12468322339673346
781,712,1493,0.12471279643109497
783,722,1505,0.12474335093367707
786,728,1514,0.12476708278083626
786,735,1521,0.12478567200480471
784,736,1520,0.12480388460645891
787,734,1521,0.12482669687049136
787,731,1518,0.12484137609463848
787,730,1517,0.12485423584033743
784,724,1508,0.12486487251512662
788,723,1511,0.12488109507510302
773,724,1497,0.12488653005322181
775,724,1499,0.12492337679446532
778,726,1504,0.12495344699293835
773,719,1492,0.12497613132479773
772,721,1493,0.12500930134990207
772,729,1501,0.12504229144855766
771,720,1491,0.125074683572098
773,730,1503,0.12510699285770863
774,737,1511,0.1251338798988113
767,735,1502,0.12515752327277518
762,740,1502,0.12519830280299096
760,751,1511,0.1252470528210047
767,730,1497,0.12529621964258275
764,750,1514,0.1253258917989779
762,753,1515,0.12536011066242111
764,735,1499,0.12539672426884493
768,723,1491,0.12542784489551026
769,733,1502,0.1254480608105767
760,736,1496,0.1254623354767558
757,740,1497,0.12549703289983863
753,745,1498,0.1255365941467203
753,743,1496,0.12558203516918243
760,746,1506,0.125625250442428
765,741,1506,0.12564718763996793
765,744,1509,0.12565573053910392
762,745,1507,0.12566388286821067
751,754,1505,0.12567750974417152
750,754,1504,0.12571698218174115
749,749,1498,0.12575293804380006
747,758,1505,0.12579008475944067
747,764,1511,0.1258289810055015
742,759,1501,0.1258663615281655
738,758,1496,0.1259121578294691
751,757,1508,0.1259629760768211
743,755,1498,0.12598020230090642
740,765,1505,0.1260162930459172
739,760,1499,0.1260575929890088
740,763,1503,0.126097926781806
736,768,1504,0.12613299736052663
729,760,1489,0.1261753424559759
742,769,1511,0.126231284113726
740,764,1504,0.12625228820680787
731,761,1492,0.12627524312257823
736,759,1495,0.12631733204234272
738,748,1486,0.12634364049254473
735,753,1488,0.12636550585584225
737,760,1497,0.12639259572153105
731,768,1499,0.12641529991411024
732,767,1499,0.12645066488152587
739,770,1509,0.1264796636659267
740,772,1512,0.12649217530300372
733,776,1509,0.12650292708518754
723,787,1510,0.1265283421127898
722,787,1509,0.12657634682363272
724,787,1511,0.12662109769558816
724,786,1510,0.12665859953500902
709,790,1499,0.12669469249584436
716,796,1512,0.126762317131769
718,791,1509,0.12680780826461516
721,788,1509,0.1268472078487392
715,787,1502,0.12687731932969268
710,786,1496,0.12691907667065172
703,796,1499,0.12697372926545433
703,790,1493,0.12703948089110814
702,797,1499,0.12709965905700546
695,795,1490,0.12715560296441197
705,797,1502,0.1272267089121366
698,802,1500,0.12726901274093896
683,796,1479,0.12732454580686503
687,793,1480,0.12741329785893066
693,788,1481,0.12748563855302103
697,789,1486,0.12753872074467323
694,792,1486,0.12757605391798413
688,802,1490,0.12761887330603183
693,796,1489,0.1276715305700767
696,798,1494,0.12770769207952826
699,797,1496,0.12773361668243433
702,815,1517,0.12775160163198512
699,813,1512,0.12776321401180954
697,809,1506,0.12778105281839747
687,812,1499,0.12780399982468543
685,818,1503,0.127846946406315
685,820,1505,0.127891494952937
694,817,1511,0.12793492003501114
699,818,1517,0.12795314575218777
704,826,1530,0.12795728523679034
703,817,1520,0.12794890290048808
705,816,1521,0.12794628792129184
702,814,1516,0.12793760317723854
714,820,1534,0.1279386427262569
707,816,1523,0.1279134910533279
713,816,1529,0.1279080624538092
706,820,1526,0.12788779207109954
699,819,1518,0.12788617115084006
691,821,1512,0.1279014215794301
682,828,1510,0.12793664477954747
675,831,1506,0.1279906046681482
673,845,1518,0.1280535370938407
658,843,1501,0.12811617724609367
647,852,1499,0.12821189186624646
638,851,1489,0.1283262913574136
653,850,1503,0.128453083978952
666,853,1519,0.1285346011329438
660,845,1505,0.12858028381536601
657,847,1504,0.12863718501829935
659,847,1506,0.12869727751179325
666,833,1499,0.12874556455480612
675,832,1507,0.12877362819465016
679,826,1505,0.12877582680527513
670,830,1500,0.12876917050511516
656,835,1491,0.12878623498819114
651,843,1494,0.12883258275244128
651,844,1495,0.12889067197521473
643,847,1490,0.12894556585271055
644,853,1497,0.12901681464010406
646,858,1504,0.12908172321759653
643,856,1499,0.12913800736644604
655,856,1511,0.12919769462209138
656,857,1513,0.1292247375654396
651,860,1511,0.12924979881190043
655,876,1531,0.12928380298404382
644,876,1520,0.129304363597819
643,875,1518,0.12935123520343558
644,866,1510,0.1293971206173795
649,858,1507,0.12943920496543954
654,854,1508,0.12946751826886227
651,857,1508,0.12948326143222655
653,862,1515,0.12950479743242505
651,867,1518,0.12951709718722995
648,875,1523,0.12953235844881747
650,868,1518,0.12955549911711442
654,863,1517,0.12957346615632256
650,875,1525,0.12958021120640553
645,880,1525,0.129597425903636
652,878,1530,0.12962558413680733
646,884,1530,0.12963478716051027
651,875,1526,0.12965961077033492
643,879,1522,0.12966960324557497
643,875,1518,0.12969910127753637
647,875,1522,0.12972535684345451
647,867,1514,0.12973784651332132
648,869,1517,0.1297515422394636
646,872,1518,0.12976034581304724
654,865,1519,0.1297750319266947
665,866,1531,0.12976774981853978
657,865,1522,0.12973324392450014
660,874,1534,0.12971906408542572
656,871,1527,0.12969999188587025
654,870,1524,0.12969382569364363
644,860,1504,0.129693829306402
647,871,1518,0.1297184245686154
631,874,1505,0.12973717149306896
619,878,1497,0.12979222834968077
620,883,1503,0.1298714875801557
620,897,1517,0.12994242117280425
620,892,1512,0.13000758718531508
614,892,1506,0.1300698638553205
614,902,1516,0.130141872631384
615,911,1526,0.13020943360058598
615,905,1520,0.13027056533585263
605,895,1500,0.13032928713480152
609,891,1500,0.13040609007293458
611,893,1504,0.13046812248350712
611,888,1499,0.13052332017188675
608,888,1496,0.13057700189200122
606,887,1493,0.1306311908205836
604,896,1500,0.13068511883435377
604,907,1511,0.13074089547974352
598,912,1510,0.13079177842047124
588,917,1505,0.13085693625728623
589,923,1512,0.130942634070096
587,926,1513,0.13101930843775395
591,923,1514,0.13109790811848987
594,907,1501,0.13116041324279676
585,900,1485,0.13121061336807116
579,908,1487,0.1312778902124744
572,923,1495,0.13135071842486273
570,925,1495,0.13143356412218454
572,928,1500,0.1315155865714112
579,927,1506,0.1315878454139102
577,926,1503,0.13163696209665474
584,927,1511,0.13168613301345908
589,928,1517,0.13171478458399746
588,929,1517,0.13172926030591367
589,923,1512,0.1317451793125845
597,923,1520,0.13175825017591117
593,918,1511,0.13174983493028897
589,928,1517,0.13175546995678605
585,935,1520,0.13177248939014247
571,942,1513,0.13179921146916682
568,948,1516,0.13185862357248798
566,949,1515,0.13192099548371675
572,952,1524,0.13198584024366228
574,961,1535,0.13203369241161933
568,948,1516,0.1320715145139583
560,950,1510,0.13212046235906594
557,944,1501,0.1321845825648818
556,952,1508,0.13225179869827106
551,952,1503,0.13231946651986312
556,961,1517,0.13239516727972528
550,952,1502,0.1324540844624422
555,962,1517,0.13252204540867984
557,970,1527,0.1325745678697
558,973,1531,0.13261902632102887
555,968,1523,0.13266024835780482
558,967,1525,0.13270677488475946
560,968,1528,0.13274240830698872
556,978,1534,0.1327657006584857
551,986,1537,0.13279718160575948
538,988,1526,0.1328398919837504
536,974,1510,0.13291075275985287
541,978,1519,0.13298195543671024
535,978,1513,0.13303790846542726
536,977,1513,0.13310337761677865
540,975,1515,0.1331614596669586
533,977,1510,0.13320584963404594
534,973,1507,0.1332630830547824
538,980,1518,0.1333134088006689
537,979,1516,0.13335196811764008
539,979,1518,0.1333908238719163
536,970,1506,0.13342163217478373
540,975,1515,0.13345799754155088
538,983,1521,0.13348001787318334
539,989,1528,0.133506956123098
527,975,1502,0.13352984373491064
525,972,1497,0.13357919988445013
515,969,1484,0.13362882055839467
516,971,1487,0.13369953982258345
511,975,1486,0.13376520259422425
520,979,1499,0.13383630167991267
517,983,1500,0.13387804106713339
510,1006,1516,0.13392539140713786
510,1006,1516,0.13398702063481868
511,1005,1516,0.13404553599255048
506,994,1500,0.13409487170034395
505,1005,1510,0.13415500963677995
502,1010,1512,0.1342139814968789
508,1005,1513,0.13427564943480774
507,1000,1507,0.13431774672645502
502,997,1499,0.13435995854548324
503,997,1500,0.13441210806404488
502,1013,1515,0.13445790769985622
497,1016,1513,0.13450435722852958
496,1003,1499,0.13455735783488898
497,1004,1501,0.1346107198023117
491,999,1490,0.13465721048434237
490,1006,1496,0.13471737322971988
488,1014,1502,0.13477539567927352
493,1017,1510,0.13483235463591361
487,1016,1503,0.134871853096842
491,1025,1516,0.1349223819662531
488,1020,1508,0.13495944123603684
483,1028,1511,0.13500242498016146
484,1028,1512,0.13505556909620317
479,1023,1502,0.13510481190136928
477,1029,1506,0.13516345951167238
475,1031,1506,0.1352214375610134
475,1035,1510,0.13527933020341074
472,1032,1504,0.13533380368041442
473,1029,1502,0.1353923483247828
470,1036,1506,0.13544500560939507
463,1048,1511,0.13550235488763046
467,1051,1518,0.1355729215284362
455,1055,1510,0.13563174632271935
460,1047,1507,0.1357150641758389
461,1042,1503,0.1357790824818868
462,1033,1495,0.13583585946893287
456,1039,1495,0.13588682937366353
448,1042,1490,0.13595144433814046
451,1035,1486,0.13603116739811655
444,1019,1463,0.13609889792095453
450,1038,1488,0.13617874093518736
451,1041,1492,0.1362357601302807
441,1053,1494,0.1362863465292545
444,1059,1503,0.13635652761147943
445,1050,1495,0.13641527118233168
450,1058,1508,0.13646627593357305
441,1061,1502,0.13649935317452652
443,1046,1489,0.13655283052149256
451,1056,1507,0.13659675683800684
448,1060,1508,0.13661834565530262
454,1075,1529,0.13664692208511992
449,1061,1510,0.13665961883702793
454,1058,1512,0.13667990642159214
450,1062,1512,0.13668854546897516
448,1047,1495,0.1367088453409911
452,1051,1503,0.13673084414603082
449,1048,1497,0.13674303711943392
460,1056,1516,0.13676375128478718
453,1059,1512,0.13675868775514213
454,1054,1508,0.13676889576891094
449,1051,1500,0.1367769021107278
448,1052,1500,0.1367971508335152
449,1056,1505,0.13681792621904698
452,1053,1505,0.13683761372742165
455,1064,1519,0.13685039469496518
452,1059,1511,0.13685345834683169
444,1066,1510,0.13686565925425095
448,1076,1524,0.13689784305105543
445,1060,1505,0.13692157797753168
433,1069,1502,0.13695188639708547
434,1077,1511,0.13700616059679152
428,1083,1511,0.1370546430569504
431,1075,1506,0.13711495251405756
425,1086,1511,0.13716235090184598
428,1085,1513,0.1372205076381655
431,1093,1524,0.13726629312627747
433,1094,1527,0.13730191831196925
429,1088,1517,0.13733173617305094
423,1091,1514,0.13736961659536148
416,1094,1510,0.1374202935112548
424,1090,1514,0.13748416482101103
425,1080,1505,0.1375224444211307
427,1084,1511,0.13755646867712604
437,1090,1527,0.1375830976256708
429,1081,1510,0.1375816267152726
430,1077,1507,0.13760154757176354
436,1071,1507,0.1376187780273325
427,1072,1499,0.1376211926984889
427,1074,1501,0.13764335125681504
426,1073,1499,0.13766354261988284
422,1087,1509,0.13768572398471057
425,1082,1507,0.13771776020833912
425,1068,1493,0.13774154125337937
422,1087,1509,0.13776474937614058
422,1094,1516,0.1377944838470316
425,1095,1520,0.13782276736616916
428,1106,1534,0.13784114094715094
426,1101,1527,0.13785001529592292
424,1112,1536,0.13786510783584313
420,1111,1531,0.13788578969414028
417,1105,1522,0.13791548269704643
419,1104,1523,0.1379486917154797
420,1104,1524,0.1379748062835524
408,1098,1506,0.13799615393680498
412,1086,1498,0.13804174102041866
421,1086,1507,0.13807565553525117
417,1086,1503,0.13808314753662546
417,1093,1510,0.13810036832008873
418,1097,1515,0.13811502236394335
410,1101,1511,0.1381260533444541
396,1104,1500,0.13815606152634555
397,1103,1500,0.13821856762796939
394,1100,1494,0.13827635681178252
400,1105,1505,0.13833467567588886
402,1114,1516,0.13837422273177274
393,1117,1510,0.13840920614958396
388,1118,1506,0.13846600548449664
385,1122,1507,0.13853167604959343
377,1126,1503,0.13860073301999182
381,1137,1518,0.1386821106252673
387,1135,1522,0.13874893225598153
389,1130,1519,0.13879728990754614
387,1119,1506,0.138836217888823
384,1127,1511,0.13887636755926483
386,1124,1510,0.1389198473453369
380,1126,1506,0.1389541133811113
373,1131,1504,0.1390018278600462
377,1130,1507,0.13906342148638584
378,1131,1509,0.13911490734825852
381,1127,1508,0.13915901370676326
379,1132,1511,0.13919371990072352
383,1125,1508,0.13923096249807965
383,1125,1508,0.13925512370261792
379,1130,1509,0.13927431113016833
381,1130,1511,0.13930336589666945
381,1132,1513,0.13932608757691198
375,1130,1505,0.1393494746196226
378,1139,1517,0.13938644821554066
368,1130,1498,0.13941420801137114
372,1129,1501,0.13946481683469478
370,1135,1505,0.13950349011635474
368,1142,1510,0.13954308052495187
370,1146,1516,0.13958472273565023
365,1147,1512,0.13961960291575226
364,1148,1512,0.1396642456616016
356,1153,1509,0.13970750791222733
352,1160,1512,0.1397683432433413
354,1154,1508,0.13983423805224107
355,1154,1509,0.13989115680458414
352,1153,1505,0.1399401290111636
358,1144,1502,0.13999064758948546
357,1148,1505,0.14002601845470508
351,1153,1504,0.1400617118695559
343,1156,1499,0.140110926197955
351,1150,1501,0.14017832490015103
349,1149,1498,0.1402209716586701
348,1158,1506,0.14026430295568354
348,1142,1490,0.1403072777413692
352,1140,1492,0.14034671733922718
355,1136,1491,0.14037523820504252
353,1156,1509,0.14039495730194546
356,1168,1524,0.14041786059478129
356,1166,1522,0.1404333249023735
359,1157,1516,0.140449392833857
353,1160,1513,0.14045879899978567
350,1156,1506,0.1404831318744269
344,1162,1506,0.14051311517143406
338,1168,1506,0.14055685876200402
334,1176,1510,0.14061011541147958
340,1173,1513,0.14067011796896103
335,1171,1506,0.14070982189639758
341,1184,1525,0.14075950271384638
335,1191,1526,0.14079079353517784
334,1185,1519,0.1408350497928689
324,1188,1512,0.14088081207003036
320,1186,1506,0.1409452644707909
321,1185,1506,0.141016635724299
323,1194,1517,0.14108155693241606
323,1177,1500,0.14113657002620794
328,1179,1507,0.14118789113917418
323,1183,1506,0.14122257544751313
317,1192,1509,0.1412657532381095
312,1200,1512,0.1413188917146805
309,1208,1517,0.14138032384835156
304,1222,1526,0.1414453770880397
311,1215,1526,0.1415155602915866
310,1212,1522,0.1415648344641692
308,1203,1511,0.14161326727678716
312,1199,1511,0.14166452009523084
312,1188,1500,0.14170193101361245
317,1191,1508,0.14173765519761336
318,1194,1512,0.141759684649402
315,1202,1517,0.14177756416734266
311,1205,1516,0.14180141668394822
308,1202,1510,0.1418339092766487
311,1210,1521,0.1418703291424129
313,1217,1530,0.14189774212141143
310,1206,1516,0.14192020943727512
306,1198,1504,0.14194850500437295
312,1205,1517,0.1419851131318878
315,1207,1522,0.14200360546862142
317,1195,1512,0.14201264602095773
316,1188,1504,0.14201859626495494
314,1219,1533,0.142025716376609
318,1212,1530,0.1420384629451425
310,1203,1513,0.14204082166028204
310,1203,1513,0.14206076884108243
306,1209,1515,0.14207842143295132
305,1208,1513,0.14210356625147466
304,1204,1508,0.14213034244606304
306,1208,1514,0.14215786090281857
306,1210,1516,0.14218021851449072
306,1212,1518,0.1422005332158189
309,1216,1525,0.1422189467406978
303,1220,1523,0.14222917903608956
306,1229,1535,0.1422533941214324
299,1229,1528,0.14227027370307282
299,1221,1520,0.14230316326948012
299,1236,1535,0.14233549135017007
295,1228,1523,0.14236518749080976
298,1217,1515,0.14240149491216994
300,1226,1526,0.14242938678824735
300,1219,1519,0.14245004844268783
296,1229,1525,0.1424690253047295
291,1222,1513,0.1424972809807489
288,1219,1507,0.14253676703110132
291,1219,1510,0.14258033184201
287,1206,1493,0.14261404918628004
283,1213,1496,0.14265598793434392
285,1231,1516,0.14270482672176765
293,1235,1528,0.1427461573804348
292,1245,1537,0.14276733063903585
291,1238,1529,0.1427904607180429
286,1223,1509,0.14281413926758738
284,1225,1509,0.1428483711704446
276,1214,1490,0.14288550701979305
279,1233,1512,0.14293778894606265
277,1234,1511,0.1429798005767979
277,1236,1513,0.1430233214611532
281,1234,1515,0.14306422182460954
278,1239,1517,0.1430938321457095
280,1221,1501,0.1431276430271481
279,1226,1505,0.14315462351253785
276,1241,1517,0.14318069021179664
282,1245,1527,0.14321223923364987
286,1235,1521,0.14322746121528923
283,1220,1503,0.1432310734428258
286,1227,1513,0.1432394272223708
283,1212,1495,0.14323927848889223
273,1232,1505,0.1432455573713251
275,1236,1511,0.14327705764527782
274,1245,1519,0.14330143382030688
271,1239,1510,0.14332748887354893
269,1226,1495,0.14335835151567594
271,1228,1499,0.14339223448865376
274,1225,1499,0.1434184775451108
273,1233,1506,0.14343378470564822
266,1227,1493,0.14345152055036395
266,1234,1500,0.14348580741682715
271,1226,1497,0.14351829357116805
270,1229,1499,0.14353527456582824
270,1228,1498,0.1435541913144007
270,1244,1514,0.1435740455432181
272,1253,1525,0.1435932583432986
264,1246,1510,0.14360617624307206
262,1238,1500,0.14363829775530348
258,1244,1502,0.14367383567388337
260,1251,1511,0.14371710290512282
267,1254,1521,0.1437513555801238
263,1251,1514,0.1437666055340107
264,1243,1507,0.14379078853121763
261,1244,1505,0.14380953706964805
261,1247,1508,0.14383471670854397
254,1254,1508,0.14385840532987756
253,1262,1515,0.14389638479971759
253,1256,1509,0.14393366260902152
255,1255,1510,0.1439675166740145
251,1260,1511,0.14399409138679267
245,1258,1503,0.1440300896276202
244,1262,1506,0.14407755662462787
247,1262,1509,0.14412474876886916
251,1259,1510,0.14416207295781672
250,1248,1498,0.14418697066991334
248,1253,1501,0.14421441566120946
251,1263,1514,0.14424307754789503
248,1261,1509,0.14426219044353047
248,1265,1513,0.14428769715682038
245,1265,1510,0.1443122182133845
240,1266,1506,0.1443427755018642
243,1267,1510,0.14438517067411524
244,1282,1526,0.1444171630949816
245,1270,1515,0.1444446223745197
245,1264,1509,0.1444663332221645
245,1273,1518,0.14448551025023562
249,1257,1506,0.144504446643889
252,1266,1518,0.14451133175430997
250,1268,1518,0.14451103175954844
249,1268,1517,0.14451652944972937
245,1270,1515,0.14452416696070078
242,1270,1512,0.14453984119942626
241,1281,1522,0.14456200867238814
244,1279,1523,0.14458632456039727
240,1269,1509,0.14460236715748273
234,1262,1496,0.1446271445247824
236,1274,1510,0.1446635255287959
230,1278,1508,0.14469360872701034
235,1286,1521,0.14473559284143403
236,1282,1518,0.14476420586396654
231,1271,1502,0.14478950664295082
227,1270,1497,0.14482625382211314
228,1280,1508,0.1448678394423836
229,1285,1514,0.14490549329076344
226,1281,1507,0.14493805186631586
222,1284,1506,0.14497495991202508
222,1279,1501,0.1450202973630516
225,1274,1499,0.1450600743165153
227,1281,1508,0.14508879740129912
227,1273,1500,0.14511092368838494
227,1270,1497,0.1451301792295039
224,1282,1506,0.1451494984824283
222,1277,1499,0.145176521583201
221,1273,1494,0.14520723774781438
227,1275,1502,0.1452383994989379
233,1283,1516,0.1452521509069171
229,1287,1516,0.14524817336424742
233,1287,1520,0.14525279916220446
228,1284,1512,0.1452468951827754
231,1284,1515,0.145254851743672
229,1279,1508,0.14525520566238806
229,1286,1515,0.1452617881450674
227,1284,1511,0.14526970260450614
231,1273,1504,0.14528016492108395
235,1283,1518,0.14527908764948017
234,1286,1520,0.1452670126348671
234,1285,1519,0.14525920287891228
233,1288,1521,0.14525005047514594
236,1285,1521,0.1452447349497323
238,1280,1518,0.14523140231380502
241,1286,1527,0.14521645735165734
243,1279,1522,0.1451956444291157
237,1284,1521,0.14517171407906482
232,1284,1516,0.14516339433481795
224,1270,1494,0.14516901096671903
223,1285,1508,0.145193761201919
222,1277,1499,0.14521852600299734
227,1280,1507,0.14524367346704017
228,1290,1518,0.14525524258712658
229,1284,1513,0.14526487951882355
224,1284,1508,0.14527226478427785
230,1278,1508,0.1452926111944098
228,1284,1512,0.1452954974994573
228,1281,1509,0.14530459098122775
225,1290,1515,0.14531265612780517
222,1287,1509,0.1453267507028284
225,1284,1509,0.14534889662780748
225,1274,1499,0.14536378086817037
222,1276,1498,0.1453773161420619
222,1287,1509,0.14539709374740525
230,1275,1505,0.14541294693931323
226,1273,1499,0.14540858520078362
224,1275,1499,0.14541419663655641
221,1286,1507,0.14542425972685216
221,1284,1505,0.14544140031152003
221,1280,1501,0.14545580140288064
223,1285,1508,0.14547057740437613
223,1293,1516,0.14548032825990828
229,1293,1522,0.14549071467683966
226,1297,1523,0.145482789039217
220,1297,1517,0.14548344330427962
222,1291,1513,0.14549796289354133
215,1300,1515,0.1455075034530559
217,1297,1514,0.14553244844739768
216,1296,1512,0.14555046329211574
219,1299,1518,0.14556751274221147
218,1288,1506,0.14557642686979022
215,1300,1515,0.14558704591810304
217,1295,1512,0.14560529416199436
213,1299,1512,0.14561705510976475
203,1289,1492,0.14563758450476555
211,1290,1501,0.14568179891643043
212,1297,1509,0.14570050114013902
209,1290,1499,0.14571709237398184
214,1303,1517,0.14574118257945584
214,1304,1518,0.14575279451016376
218,1312,1530,0.14576366714511838
217,1307,1524,0.14576528919053777
215,1307,1522,0.14576879223380093
217,1307,1524,0.14577895452204118
217,1313,1530,0.145784051034208
219,1309,1528,0.14578879815657936
217,1305,1522,0.14578767052046068
217,1293,1510,0.1457899432567857
210,1296,1506,0.14579180674447575
211,1296,1507,0.14581063194361438
208,1295,1503,0.14582645732521296
201,1282,1483,0.14584757242900426
202,1289,1491,0.14588596752118327
205,1293,1498,0.14592058373577943
203,1295,1498,0.1459464592839707
205,1305,1510,0.14597668503649927
201,1312,1513,0.1459980365425931
206,1303,1509,0.14602886448776103
205,1315,1520,0.14604448890723995
205,1313,1518,0.14606106958068188
205,1313,1518,0.14607657760732556
207,1303,1510,0.1460916780674834
205,1310,1515,0.1460992418103371
204,1319,1523,0.1461111181061468
204,1331,1535,0.1461249458156286
204,1326,1530,0.14613672118940904
194,1313,1507,0.1461481396357108
196,1323,1519,0.14618230804039573
193,1315,1508,0.1462104393541379
184,1315,1499,0.14624572510754333
185,1324,1509,0.14630173154155096
183,1325,1508,0.1463517956714208
178,1325,1503,0.14640311603692693
176,1318,1494,0.1464637087995933
181,1325,1506,0.14652196649752272
179,1334,1513,0.14656281510882252
180,1329,1509,0.14660528848182944
171,1324,1495,0.14664171788771754
172,1333,1505,0.14669669607835922
169,1348,1517,0.14674733054421182
170,1341,1511,0.14680407338199358
176,1337,1513,0.14685498931386637
172,1342,1514,0.14688691049013916
168,1335,1503,0.14692625722366226
167,1323,1490,0.14697143007448893
167,1336,1503,0.14701657962989687
161,1354,1515,0.14705940898638353
162,1355,1517,0.1471133951886197
160,1354,1514,0.14716024976947562
161,1344,1505,0.14720991288911237
162,1353,1515,0.14725134336614282
163,1357,1520,0.1472887954371736
160,1351,1511,0.14732262563788193
156,1353,1509,0.1473608110146654
151,1356,1507,0.14740821171054447
151,1362,1513,0.14746444066881365
153,1358,1511,0.14751744117986132
151,1350,1501,0.14756224493745726
148,1363,1511,0.14760989633929208
150,1363,1513,0.14766234521493782
149,1363,1512,0.14770489455153046
149,1357,1506,0.14774721992515205
154,1367,1521,0.1477873520255754
157,1364,1521,0.14781285498340177
153,1370,1523,0.14782857914005307
150,1370,1520,0.14785351607404057
148,1365,1513,0.1478846141866813
149,1353,1502,0.14791794901372138
149,1357,1506,0.1479458439066139
150,1358,1508,0.14797244166066176
149,1352,1501,0.14799620960488002
147,1344,1491,0.14802059958327368
148,1363,1511,0.14804892703877118
149,1374,1523,0.14807399233926716
149,1370,1519,0.14809506387796076
146,1361,1507,0.14811520497357716
144,1379,1523,0.1481398915051507
144,1371,1515,0.1481671379288492
139,1370,1509,0.1481918732161989
142,1375,1517,0.1482268408561953
139,1371,1510,0.14825246935688757
136,1369,1505,0.14828415788283267
136,1379,1515,0.14832027393538533
135,1375,1510,0.14835424074912038
134,1370,1504,0.14838938629233173
139,1383,1522,0.14842502512901834
136,1385,1521,0.14844527293390608
139,1379,1518,0.14847162448439788
138,1388,1526,0.14848827113065033
139,1387,1526,0.14850502161856416
137,1367,1504,0.1485175532526117
136,1355,1491,0.1485360633989798
140,1358,1498,0.14855415273498862
141,1360,1501,0.14856204324105446
140,1354,1494,0.1485658343065361
143,1367,1510,0.14857240939050648
139,1371,1510,0.14857033593899796
138,1383,1521,0.14857960633650205
137,1390,1527,0.14859006749983236
135,1394,1529,0.14860370357416208
135,1389,1524,0.14862277047205302
134,1394,1528,0.14864180048668138
132,1386,1518,0.14865958191415723
130,1376,1506,0.1486785404229966
130,1372,1502,0.14870151327078898
132,1397,1529,0.14872431816394008
133,1391,1524,0.14874002183694085
136,1382,1518,0.1487536923135511
132,1377,1509,0.14875919382344033
133,1388,1521,0.1487730336732048
128,1396,1524,0.1487845260255981
127,1402,1529,0.14880799709506767
126,1405,1531,0.14883270563459364
126,1391,1517,0.14885796427265077
122,1389,1511,0.1488820694823162
119,1395,1514,0.14891423604074375
121,1385,1506,0.14895205267894066
122,1395,1517,0.14898195275918247
119,1392,1511,0.14900796894346008
116,1411,1527,0.14903902937356675
114,1413,1527,0.14907490246182772
118,1412,1530,0.14911404605169154
115,1413,1528,0.1491410483411771
114,1410,1524,0.14917389059874103
112,1401,1513,0.14920619425103301
115,1395,1510,0.14924023502205574
116,1397,1513,0.14926381046846118
118,1391,1509,0.14928186522154985
117,1397,1514,0.14929330715968014
116,1392,1508,0.14930763119687196
115,1395,1510,0.1493247737934243
114,1409,1523,0.1493439611280437
108,1411,1519,0.14936536096633354
109,1424,1533,0.1493998761167632
105,1423,1528,0.14943042206143026
105,1405,1510,0.1494689697744682
105,1416,1521,0.1495042084418695
107,1421,1528,0.1495362560676443
110,1416,1526,0.14956065307846608
111,1417,1528,0.14957521234701668
110,1421,1531,0.14958699417880933
108,1419,1527,0.1495994659049818
106,1418,1524,0.14961639709378768
103,1408,1511,0.1496382250962779
103,1406,1509,0.1496666483952254
106,1403,1509,0.14969378195305738
104,1414,1518,0.14971119938880925
106,1423,1529,0.14973295371738204
106,1415,1521,0.14974718937337997
104,1418,1522,0.14976076610961672
102,1415,1517,0.14977930120927244
100,1411,1511,0.14980218618869806
98,1400,1498,0.149827868752495
98,1411,1509,0.1498564669778465
102,1407,1509,0.1498820051353423
103,1406,1509,0.14989405482326423
103,1413,1516,0.1499033123808929
96,1400,1496,0.14991330711165005
92,1406,1498,0.1499399731809383
91,1429,1520,0.1499751578453451
93,1414,1507,0.15001048677518508
94,1424,1518,0.15003751254692976
94,1416,1510,0.15006046443988022
92,1421,1513,0.1500815161286317
90,1421,1511,0.1501043000880289
93,1403,1496,0.15013106458390207
95,1411,1506,0.15014677574530058
95,1418,1513,0.15015778704270727
95,1428,1523,0.15016880546475567
93,1427,1520,0.15018039974522618
95,1431,1526,0.15019696149879178
95,1419,1514,0.15020790631227948
92,1414,1506,0.15021832718269912
92,1414,1506,0.15023611672010162
92,1423,1515,0.1502506611515539
88,1431,1519,0.15026472243159802
90,1438,1528,0.15028741978226948
93,1439,1532,0.1503025801777067
94,1435,1529,0.15030851675219015
90,1422,1512,0.15031207995587917
91,1420,1511,0.15032598146493287
91,1422,1513,0.1503360463300427
90,1429,1519,0.15034614905207358
91,1426,1517,0.15035847726641705
90,1424,1514,0.15036660089849144
93,1416,1509,0.15037775547528556
96,1429,1525,0.15037966811656417
96,1423,1519,0.15037477495353138
93,1415,1508,0.1503705789506122
92,1418,1510,0.1503741058337447
94,1432,1526,0.15037933697519976
94,1427,1521,0.15037910979412267
91,1429,1520,0.15037981059325242
87,1440,1527,0.15038786746515576
85,1432,1517,0.15040657699178833
84,1428,1512,0.1504296757931071
88,1431,1519,0.15045194231258702
86,1432,1518,0.1504625811857238
83,1418,1501,0.15047820710625787
82,1420,1502,0.15049986565519352
84,1419,1503,0.15052338523392592
83,1434,1517,0.15054038458913094
83,1435,1518,0.1505587438351603
83,1436,1519,0.15057430999529164
79,1443,1522,0.1505895500111783
76,1441,1517,0.15061454176887837
76,1448,1524,0.15064581922524375
75,1441,1516,0.15067593849449498
74,1431,1505,0.15070708828969154
73,1428,1501,0.15073932781369387
73,1434,1507,0.15077150260609887
72,1430,1502,0.1508022716771985
71,1443,1514,0.15083326571784508
69,1432,1501,0.15086535506687396
68,1423,1491,0.1509004299403165
68,1421,1489,0.15093560756874966
67,1432,1499,0.15096873076808376
70,1428,1498,0.15100251901670986
74,1420,1494,0.15102522275162286
72,1430,1502,0.15103422562055419
71,1437,1508,0.15104846223026372
71,1440,1511,0.1510649998050532
69,1436,1505,0.1510803401818732
73,1443,1516,0.15109991386087407
76,1446,1522,0.151107902418696
73,1436,1509,0.15110665615010394
73,1434,1507,0.15111299791863764
70,1444,1514,0.15111919484287026
66,1447,1513,0.1511332071879332
65,1446,1511,0.15115496819143487
64,1458,1522,0.15117834641848887
66,1459,1525,0.15120277235150398
64,1469,1533,0.1512194212164016
65,1472,1537,0.15123988001223637
64,1471,1535,0.15125683398114093
65,1469,1534,0.1512762070864831
66,1466,1532,0.15129082664291732
64,1452,1516,0.15130213996218445
63,1466,1529,0.15131862142433233
63,1452,1515,0.15133753388334456
65,1444,1509,0.15135505704925278
65,1443,1508,0.15136600890976845
64,1456,1520,0.15137709553310338
61,1469,1530,0.15138999574914827
60,1468,1528,0.15140999611479955
59,1459,1518,0.15143192333900796
59,1439,1498,0.1514553792270938
58,1447,1505,0.15147690385341014
60,1447,1507,0.1514996412057599
60,1456,1516,0.151514437216495
55,1453,1508,0.1515289605886533
56,1451,1507,0.15155479420191048
56,1444,1500,0.1515772330305938
55,1443,1498,0.15159802079746598
57,1450,1507,0.1516204014180278
58,1441,1499,0.15163641228689312
59,1448,1507,0.15164562823832775
54,1438,1492,0.1516518755652266
59,1436,1495,0.15167128112447603
59,1429,1488,0.15167556342333902
60,1415,1475,0.1516798320150501
62,1432,1494,0.15168172255699777
63,1432,1495,0.15167817878518308
63,1440,1503,0.15167208616564998
64,1452,1516,0.1516673771249005
63,1447,1510,0.1516605288278502
63,1448,1511,0.15165600256625708
63,1441,1504,0.1516517333236111
62,1437,1499,0.15164718433563668
61,1442,1503,0.15164582375015837
59,1445,1504,0.1516486758079971
58,1446,1504,0.15165707172627435
61,1439,1500,0.15166745261179282
62,1428,1490,0.15166765372700208
63,1439,1502,0.1516660607916913
62,1442,1504,0.15166225871437825
61,1453,1514,0.1516608203250707
60,1464,1524,0.15166282907342893
60,1453,1513,0.15166779907025668
59,1456,1515,0.15167255404888821
61,1467,1528,0.15168042458557685
60,1446,1506,0.15168215075044772
59,1452,1511,0.1516860216606625
60,1434,1494,0.15169089649067366
57,1452,1509,0.15169309347653123
56,1466,1522,0.15170305607578125
53,1472,1525,0.151715542882736
53,1464,1517,0.1517347343494632
54,1457,1511,0.15175324231688853
57,1463,1520,0.15176780342340812
56,1460,1516,0.15177373200997235
52,1454,1506,0.15178230075519314
52,1463,1515,0.15180072341287684
54,1466,1520,0.15181804960109577
51,1465,1516,0.15182827444837393
51,1465,1516,0.1518456597050226
53,1461,1514,0.15186241312626017
50,1461,1511,0.15187215727382758
51,1458,1509,0.1518889298886104
51,1470,1521,0.15190274244650218
49,1469,1518,0.15191613923502248
49,1463,1512,0.15193298009297537
50,1468,1518,0.1519488172766598
54,1466,1520,0.15196173816202102
54,1457,1511,0.15196267066520247
54,1443,1497,0.15196315211583936
56,1457,1513,0.1519637453876893
52,1456,1508,0.15195775106417386
52,1465,1517,0.1519625153005652
50,1450,1500,0.1519677256522468
50,1462,1512,0.15197805020711244
46,1467,1513,0.15198627627989084
48,1471,1519,0.15200400228628821
49,1463,1512,0.15201655724659507
49,1472,1521,0.1520256897762911
49,1478,1527,0.15203492241794245
48,1474,1522,0.15204345792036392
50,1478,1528,0.1520545115236484
48,1474,1522,0.15205903726691414
47,1475,1522,0.1520684833223163
46,1470,1516,0.15208032568810212
47,1467,1514,0.1520940648847129
49,1476,1525,0.15210459191777606
51,1472,1523,0.15210802089406486
51,1465,1516,0.15210397166459674
49,1479,1528,0.15210033013420007
46,1471,1517,0.15210246815786108
46,1486,1532,0.15211234233451687
45,1474,1519,0.15212249410743375
44,1469,1513,0.15213504228329822
44,1469,1513,0.1521494682138725
45,1472,1517,0.15216242348377787
44,1486,1530,0.15217255962529472
43,1475,1518,0.15218448593775982
44,1474,1518,0.15219834750483394
44,1471,1515,0.15220956566984664
44,1468,1512,0.15222048383522316
43,1464,1507,0.15223081855594398
42,1461,1503,0.15224356591960536
43,1454,1497,0.15225799796327005
46,1456,1502,0.1522678451985639
47,1465,1512,0.15226853482188532
46,1473,1519,0.15226667699472696
46,1479,1525,0.15226793557513052
44,1478,1522,0.15226793531354382
45,1471,1516,0.1522733748882135
45,1475,1520,0.15227582173358709
47,1454,1501,0.1522778257614522
46,1453,1499,0.15227471890446126
45,1462,1507,0.15227481081862423
45,1465,1510,0.15227688865214023
43,1462,1505,0.15227923861052242
42,1468,1510,0.15228689138712784
43,1476,1519,0.15229683635132407
43,1475,1518,0.1523034587551766
43,1464,1507,0.15231013342654007
45,1474,1519,0.1523167978189955
44,1466,1510,0.15231708018499848
42,1471,1513,0.15231958682735908
42,1463,1505,0.1523272647190722
41,1468,1509,0.15233399814682858
42,1474,1516,0.15234321526165664
41,1471,1512,0.15234911555141953
42,1475,1517,0.15235702667688852
42,1469,1511,0.15236190355194412
42,1459,1501,0.15236656004488194
40,1480,1520,0.1523707300653476
43,1473,1516,0.15238041498339322
40,1478,1518,0.15238065646552124
42,1485,1527,0.15238854929704715
41,1481,1522,0.15239107989881004
41,1482,1523,0.15239635261873324
40,1484,1524,0.15240055451512333
37,1484,1521,0.15240740819912596
38,1473,1511,0.15242111288421747
39,1480,1519,0.15243067975722877
40,1470,1510,0.15243757626799323
40,1465,1505,0.15244144264352155
41,1456,1497,0.1524456568658277
40,1458,1498,0.15244639803480722
40,1475,1515,0.15245020144630114
41,1471,1512,0.1524549194371752
41,1463,1504,0.1524565977177405
40,1464,1504,0.15245867759000636
42,1467,1509,0.15246285290378567
42,1470,1512,0.15246148881440888
42,1466,1508,0.1524591111688686
43,1454,1497,0.15245748122231462
39,1469,1508,0.15245415897747513
41,1479,1520,0.1524609433186196
42,1473,1515,0.15246142068700605
42,1474,1516,0.15246006166953116
43,1477,1520,0.15245856219587275
45,1475,1520,0.1524545218060446
45,1466,1511,0.15244590389517565
41,1473,1514,0.15243844247990487
45,1478,1523,0.15244152759565896
45,1475,1520,0.15243196043725907
43,1486,1529,0.15242289200859235
43,1478,1521,0.1524199127427079
43,1492,1535,0.15241690402197502
42,1483,1525,0.15241478787004958
42,1481,1523,0.15241583295633299
41,1485,1526,0.15241708111288588
41,1487,1528,0.15242106953105458
39,1487,1526,0.1524253235453683
39,1498,1537,0.15243426132127702
38,1495,1533,0.15244298005917922
35,1501,1536,0.15245305385218808
36,1491,1527,0.15246997718443983
35,1476,1511,0.15248357968283308
35,1493,1528,0.15249905867044414
35,1478,1513,0.1525133223519376
35,1490,1525,0.15252701119259876
37,1477,1514,0.15253933519093021
34,1455,1489,0.1525448297127147
34,1455,1489,0.1525576147167671
36,1460,1496,0.15256922914665477
34,1457,1491,0.15257413208783596
32,1467,1499,0.1525840258184025
32,1480,1512,0.15259915895232204
32,1481,1513,0.15261388446171187
33,1475,1508,0.15262803297465866
33,1477,1510,0.1526387757619795
33,1476,1509,0.15264915487904462
32,1475,1507,0.1526591530226933
31,1481,1512,0.1526711605589739
32,1494,1526,0.15268506126192358
32,1493,1525,0.15269509252326616
33,1503,1536,0.15270449325475932
32,1498,1530,0.15271093906584648
30,1497,1527,0.15271966736761833
31,1498,1529,0.15273307606476144
32,1492,1524,0.1527425827337488
33,1483,1516,0.15274857027549926
32,1492,1524,0.15275128382383885
35,1490,1525,0.15275665986453363
32,1500,1532,0.15275087471428556
29,1483,1512,0.15275398789019648
31,1486,1517,0.15276512761400213
30,1487,1517,0.15277037201773602
30,1489,1519,0.152778305425275
32,1468,1500,0.15278624023642856
32,1456,1488,0.15278774294634684
32,1476,1508,0.1527899196356137
33,1477,1510,0.1527915377367056
33,1482,1515,0.15278967372318694
32,1482,1514,0.15278859057040164
32,1471,1503,0.1527903491689951
32,1487,1519,0.152791624016115
30,1489,1519,0.1527934007125931
29,1484,1513,0.15280034465616174
28,1485,1513,0.15281007956396025
27,1483,1510,0.15282196943988535
27,1488,1515,0.15283573137118803
27,1484,1511,0.15284881533479358
28,1482,1510,0.15286136684045679
28,1488,1516,0.1528708876154118
29,1483,1512,0.15288005420383372
29,1492,1521,0.15288569414986608
30,1487,1517,0.15289126504244838
28,1490,1518,0.1528937162273319
30,1489,1519,0.15290108148477888
30,1484,1514,0.15290204683456193
29,1496,1525,0.15290335542786163
30,1486,1516,0.1529073489177911
33,1484,1517,0.15290832355774245
31,1490,1521,0.15290078803582152
32,1493,1525,0.15289834901800645
31,1487,1518,0.15289400284879215
31,1474,1505,0.15289292180054823
32,1477,1509,0.15289166644033336
32,1493,1525,0.15288848227600593
31,1495,1526,0.15288506567119875
32,1486,1518,0.15288471726473488
31,1489,1520,0.15288171759184613
31,1492,1523,0.152881642057564
27,1470,1497,0.1528825909409591
27,1481,1508,0.15289346476986862
28,1486,1514,0.15290387653531637
26,1485,1511,0.15291120814571188
26,1485,1511,0.1529229862381159
27,1490,1517,0.15293325517401438
27,1474,1501,0.15294002626835984
27,1484,1511,0.15294668071160644
28,1495,1523,0.15295235160765586
28,1494,1522,0.15295532633931935
27,1495,1522,0.15295840571585953
30,1498,1528,0.15296409937938948
30,1499,1529,0.15296014647655398
29,1495,1524,0.15295609233894228
29,1494,1523,0.15295478553375602
30,1494,1524,0.15295411843438217
33,1498,1531,0.15295089847962237
32,1494,1526,0.15293921855015857
30,1478,1508,0.1529319410185028
32,1478,1510,0.15293107430914746
33,1488,1521,0.15292427580068263
34,1487,1521,0.15291570475592414
34,1497,1531,0.15290467155795784
33,1486,1519,0.15289415211453647
32,1493,1525,0.15288688148631008
34,1494,1528,0.15288232162745352
34,1477,1511,0.15287232867307637
36,1484,1520,0.1528637018262649
33,1493,1526,0.15285014157007662
33,1486,1519,0.15284544811301307
32,1485,1517,0.15284223847876605
30,1489,1519,0.15284220730386827
29,1484,1513,0.15284756532100147
29,1495,1524,0.15285452384748874
30,1498,1528,0.15286146129624878
30,1482,1512,0.15286515448026394
30,1492,1522,0.15286828350927145
31,1481,1512,0.15287166943915284
30,1489,1519,0.15287219600217244
30,1483,1513,0.15287607279340487
30,1486,1516,0.15287924535598146
30,1474,1504,0.15288257719184384
29,1470,1499,0.15288601220047238
29,1483,1512,0.1528919237331221
28,1504,1532,0.15289770317013202
27,1509,1536,0.15290583556038162
27,1494,1521,0.15291590027372368
26,1493,1519,0.15292549123545404
24,1482,1506,0.15293703713684909
26,1497,1523,0.15295269624033447
25,1500,1525,0.15296092309374126
25,1502,1527,0.15297123836611004
23,1508,1531,0.15298121642173748
22,1514,1536,0.15299576110256943
21,1504,1525,0.15301204223593579
21,1505,1526,0.15302993439365065
21,1517,1538,0.15304689320044132
20,1513,1533,0.1530629548309895
19,1494,1513,0.15307998344621637
19,1499,1518,0.15309751982749714
20,1511,1531,0.15311423720220632
20,1502,1522,0.1531277076012566
20,1506,1526,0.15314056524846753
20,1506,1526,0.1531528216445359
21,1496,1517,0.15316385587233192
22,1495,1517,0.15317036878476512
23,1485,1508,0.15317430227857123
24,1480,1504,0.1531744940935339
25,1490,1515,0.15317202927189766
23,1491,1514,0.1531677475068139
23,1489,1512,0.1531694236752642
24,1497,1521,0.15317138589180285
24,1494,1518,0.1531703957050168
23,1489,1512,0.15316986465555701
24,1485,1509,0.1531722771854209
25,1496,1521,0.15317120977756132
26,1491,1517,0.1531679507867364
26,1483,1509,0.15316232762415305
25,1483,1508,0.15315747315169137
27,1491,1518,0.15315478093150353
27,1495,1522,0.15314794254278913
28,1479,1507,0.15314192246402036
28,1492,1520,0.15313344231037124
28,1498,1526,0.15312589565541063
29,1495,1524,0.15311859665316985
30,1484,1514,0.15310881792672568
29,1470,1499,0.15309702209164436
29,1487,1516,0.15308835031020349
30,1478,1508,0.15308075684801478
29,1485,1514,0.15307090439722373
29,1486,1515,0.1530636908234005
28,1483,1511,0.15305663478119033
30,1487,1517,0.15305307807154814
29,1497,1526,0.15304478780776104
30,1492,1522,0.1530398277867724
31,1484,1515,0.1530333845832071
32,1484,1516,0.1530246117332978
32,1488,1520,0.15301428092550287
30,1481,1511,0.15300508983595548
30,1473,1503,0.15300083136396028
29,1485,1514,0.1529966272849925
29,1492,1521,0.15299480032328358
30,1485,1515,0.15299354212179928
30,1480,1510,0.15299026635195564
31,1487,1518,0.15298767207281458
29,1493,1522,0.15298244603631228
29,1494,1523,0.15298288123030784
30,1509,1539,0.1529836751938089
30,1511,1541,0.1529823191943064
30,1501,1531,0.1529805823435884
29,1491,1520,0.15297932898287037
27,1490,1517,0.1529808142072908
27,1498,1525,0.152987229214275
27,1487,1514,0.15299350964894617
24,1497,1521,0.15299921195521357
26,1486,1512,0.15301160821167226
26,1483,1509,0.15301801835700876
27,1492,1519,0.15302433367819931
26,1498,1524,0.1530281268755816
24,1484,1508,0.15303421664501807
25,1489,1514,0.15304500180847233
24,1479,1503,0.15305273947798562
21,1487,1508,0.1530625868152071
22,1499,1521,0.15307886947004185
21,1494,1515,0.15309159663726035
20,1507,1527,0.1531059710161679
18,1497,1515,0.153121824751923
20,1497,1517,0.15314140840069984
20,1512,1532,0.15315432460028777
18,1516,1534,0.15316663643185652
19,1514,1533,0.1531829091569424
19,1504,1523,0.15319582945154042
19,1500,1519,0.15320755822713458
19,1518,1537,0.1532187654333948
19,1523,1542,0.1532294552017227
19,1515,1534,0.15323881328547675
18,1512,1530,0.15324780656875892
18,1503,1521,0.15325905572245488
18,1504,1522,0.15326973998977514
19,1504,1523,0.15327987426839626
19,1499,1518,0.1532866114114229
18,1496,1514,0.1532930792972191
18,1488,1506,0.15330159076773917
19,1497,1516,0.1533094437785735
19,1505,1524,0.15331422243836385
21,1496,1517,0.15331799518326134
19,1498,1517,0.15331585618802573
18,1506,1524,0.153319197954176
17,1503,1520,0.15332501027627285
17,1500,1517,0.1533328852612904
17,1496,1513,0.15334049667024496
15,1506,1521,0.1533473702606754
15,1508,1523,0.15335879177703812
16,1506,1522,0.1533692709835684
16,1493,1509,0.1533762129544859
15,1491,1506,0.15338300889883605
14,1494,1508,0.15339191319050988
14,1496,1510,0.15340271289880025
14,1497,1511,0.1534130518504054
14,1497,1511,0.15342293000146745
15,1498,1513,0.1534321970422995
15,1494,1509,0.1534386340097756
15,1500,1515,0.15344406685067066
16,1501,1517,0.153449368967647
15,1504,1519,0.15345181874237343
15,1499,1514,0.1534567679526539
15,1499,1514,0.15346159329170958
15,1490,1505,0.1534662791268086
15,1499,1514,0.1534708137372039
15,1507,1522,0.15347518870125165
15,1520,1535,0.15347939836814065
15,1508,1523,0.15348343940311035
15,1492,1507,0.15348731039646654
16,1503,1519,0.1534910115279542
15,1500,1515,0.15349143123744066
15,1492,1507,0.15349431133964578
14,1485,1499,0.1534971465599535
14,1489,1503,0.15350223350693754
14,1489,1503,0.15350711066158765
14,1501,1515,0.15351177726786835
14,1487,1501,0.1535155416608796
13,1474,1487,0.15351923608207868
11,1496,1507,0.15352515631534627
12,1495,1507,0.15353564545120385
10,1488,1498,0.15354313669689396
10,1503,1513,0.15355493614372012
10,1506,1516,0.1535661048387088
11,1513,1524,0.15357666806216502
10,1502,1512,0.15358344756930978
10,1502,1512,0.1535924178290592
10,1518,1528,0.15360096174385096
10,1517,1527,0.15360908751405541
10,1506,1516,0.1536168053053561
12,1510,1522,0.15362412679745768
11,1513,1524,0.15362482012861695
11,1510,1521,0.15362804388757823
11,1511,1522,0.15363129010032828
12,1497,1509,0.1536345302824708
12,1503,1515,0.1536345167445486
11,1506,1517,0.15363475275375962
10,1508,1518,0.15363822501207366
10,1517,1527,0.15364399353802236
10,1506,1516,0.1536495097441587
9,1505,1514,0.15365477587461862
9,1503,1512,0.15366225511437814
9,1511,1520,0.15366934485501704
9,1493,1502,0.15367606007855758
9,1496,1505,0.1536824159791198
9,1495,1504,0.15368842780712477
8,1509,1517,0.15369411074105263
8,1505,1513,0.15370187677834513
7,1509,1516,0.1537091998180662
7,1503,1510,0.15371846633930042
7,1511,1518,0.1537271941665063
7,1522,1529,0.15373541264441234
7,1511,1518,0.15374314978286932
7,1493,1500,0.15375043227989008
7,1498,1505,0.1537572855507544
7,1515,1522,0.15376373376185126
7,1512,1519,0.15376979986813705
7,1506,1513,0.15377550565326215
7,1492,1499,0.15378087177156943
7,1511,1518,0.1537859177912987
7,1504,1511,0.15379066223844134
7,1503,1510,0.15379512264078607
7,1518,1525,0.1537993155717775
7,1507,1514,0.15380325669388026
7,1504,1511,0.1538069608011997
7,1508,1515,0.15381044186116177
7,1514,1521,0.1538137130550981
7,1520,1527,0.15381678681761743
7,1512,1519,0.1538196748746768
7,1511,1518,0.15382238828029124
6,1515,1521,0.15382493745184195
6,1519,1525,0.15382978177474935
6,1510,1516,0.15383433402384658
6,1510,1516,0.15383861171476296
7,1496,1503,0.15384263132392684
6,1509,1515,0.15384318245936165
6,1505,1511,0.1538461543793698
6,1516,1522,0.1538490357031839
6,1517,1523,0.1538518196168644
6,1514,1520,0.1538545013787904
6,1509,1515,0.15385707797281367
5,1513,1518,0.15385954781172673
5,1504,1509,0.15386422534489916
5,1500,1505,0.15386865619491275
5,1498,1503,0.15387284926972483
5,1512,1517,0.1538768138166888
5,1513,1518,0.15388055928062225
5,1509,1514,0.15388409518679189
5,1507,1512,0.15388743104514307
5,1516,1521,0.15389057627260738
4,1522,1526,0.15389354013076226
4,1506,1510,0.15389867607643992
4,1506,1510,0.15390350845411596
4,1500,1504,0.15390805359638357
4,1497,1501,0.1539123271973411
5,1502,1507,0.15391634429886347
5,1511,1516,0.15391699353483276
5,1513,1518,0.1539177020674286
5,1507,1512,0.15391845354110406
5,1510,1515,0.15391923424371468
5,1502,1507,0.153920032732024
5,1516,1521,0.15392083950775481
5,1514,1519,0.15392164673749767
5,1514,1519,0.15392244801066518
5,1513,1518,0.1539232381304443
5,1511,1516,0.1539240129333628
5,1512,1517,0.15392476913366038
5,1518,1523,0.15392550418915885
5,1517,1522,0.1539262161857583
5,1510,1515,0.15392690373806772
5,1498,1503,0.15392756590400278
4,1493,1497,0.15392820211147495
4,1494,1498,0.15393122329900094
4,1507,1511,0.15393407232034167
4,1507,1511,0.1539367578376345
3,1516,1519,0.15393928823652542
3,1512,1515,0.15394410268369474
3,1512,1515,0.1539486256575073
3,1531,1534,0.15395287438211966
3,1545,1548,0.15395686511179302
3,1527,1530,0.15396061318001897
3,1520,1523,0.15396413304681147
3,1514,1517,0.15396743834414722
3,1508,1511,0.15397054191955115
3,1496,1499,0.1539734558778378
3,1506,1509,0.15397619162102893
4,1515,1519,0.15397875988647666
4,1508,1512,0.1539779426104443
4,1513,1517,0.15397727578821926
4,1515,1519,0.15397673737149212
3,1510,1513,0.15397630831436285
3,1518,1521,0.15397837970762462
3,1518,1521,0.15398038479477605
2,1515,1517,0.15398231976018384
2,1522,1524,0.15398653398401943
2,1503,1505,0.15399053226610485
1,1503,1504,0.15399432251625494
1,1501,1502,0.1540003336470727
1,1523,1524,0.1540060060570709
1,1524,1525,0.15401135665318486
1,1529,1530,0.15401640181951606
1,1500,1501,0.15402115738024047
1,1530,1531,0.15402563857413232
1,1523,1524,0.15402986003872954
1,1526,1527,0.15403383580245644
1,1527,1528,0.15403757928327172
1,1536,1537,0.15404110329262388
1,1544,1545,0.1540444200436835
1,1530,1531,0.15404754116297753
1,1538,1539,0.15405047770468966
1,1537,1538,0.15405324016700592
1,1538,1539,0.15405583850998494
1,1529,1530,0.1540582821745179
1,1517,1518,0.1540605801020156
1,1518,1519,0.1540627407545227
1,1517,1518,0.1540647721350119
1,1515,1516,0.1540666818076563
1,1503,1504,0.15406847691791553
1,1504,1505,0.1540701642123045
1,1519,1520,0.1540717500577413
1,1513,1514,0.154073240460392
1,1522,1523,0.15407464108395208
1,1521,1522,0.1540759572673188
1,1530,1531,0.15407719404162212
1,1520,1521,0.15407835614659526
1,1522,1523,0.1540794480462723
1,1520,1521,0.15408047394401048
1,1513,1514,0.1540814377968396
1,1517,1518,0.1540823433291463
1,1528,1529,0.15408319404570583
1,1529,1530,0.15408399324407507
1,1522,1523,0.15408474402636604
1,1521,1522,0.1540854493104178
1,1507,1508,0.15408611184038834
1,1506,1507,0.1540867341967877
1,1520,1521,0.15408731880597482
1,1516,1517,0.15408786794913984
1,1500,1501,0.15408838377079534
1,1511,1512,0.15408886828679827
0,1530,1530,0.1540893233919245
