1360,29,1389,0.13579578986438778
1397,31,1428,0.13297216066201345
1404,34,1438,0.13030171178874064
1426,35,1461,0.12785381142937202
1441,36,1477,0.1255657251550664
1446,37,1483,0.12344130522803805
1459,37,1496,0.12149908356619761
1453,40,1493,0.11969666270231408
1452,43,1495,0.11807496601668553
1444,43,1487,0.11660188148968821
1446,42,1488,0.11528734106894795
1440,42,1482,0.11408643485459588
1448,44,1492,0.11301112589781473
1453,42,1495,0.11201253617090004
1454,42,1496,0.11109144558991725
1449,44,1493,0.11025418257525917
1440,45,1485,0.10950314126387381
1430,43,1473,0.10883847901153361
1434,43,1477,0.10826090601257916
1439,41,1480,0.10772465629358388
1431,37,1468,0.10722502019833005
1449,37,1486,0.10679125712035581
1446,35,1481,0.10635330283142377
1444,35,1479,0.10596115196286413
1449,37,1486,0.10560933977299022
1449,37,1486,0.10527830144888589
1449,35,1484,0.10497759938751003
1452,36,1488,0.10470517122856222
1441,35,1476,0.10444915410719098
1432,36,1468,0.10424050788323765
1432,36,1468,0.10407180034724511
1430,38,1468,0.10391750450194713
1439,40,1479,0.1037833439314681
1442,39,1481,0.10364047622467527
1450,39,1489,0.10350311595792984
1429,42,1471,0.1033613620109401
1433,41,1474,0.10327941463576028
1431,42,1473,0.10319756243143076
1441,42,1483,0.10312635973692054
1444,43,1487,0.10303807072912108
1447,44,1491,0.10295174466932173
1433,46,1479,0.10286820497206746
1426,46,1472,0.102824304842684
1449,46,1495,0.1028010061195666
1445,46,1491,0.1027283010410319
1439,45,1484,0.10267224216892602
1445,45,1490,0.10263544216651731
1442,48,1490,0.10258880948393312
1436,46,1482,0.10255292758149812
1449,49,1498,0.10253548047820057
1456,49,1505,0.10249025760976639
1453,51,1504,0.1024325239451019
1439,49,1488,0.10238435837785959
1453,49,1502,0.10236987846082006
1438,47,1485,0.10232620289476131
1443,48,1491,0.10232157922626502
1449,47,1496,0.10230587859708955
1446,49,1495,0.10227756784819697
1434,50,1484,0.10225863797976842
1440,50,1490,0.10226686594502553
1433,55,1488,0.10226161024141991
1434,59,1493,0.10227301272613086
1444,59,1503,0.10228298802796548
1444,60,1504,0.10227062600051152
1433,60,1493,0.10225915748904597
1439,62,1501,0.1022730280330179
1439,63,1502,0.10227395075628859
1442,64,1506,0.10227552478842399
1435,66,1501,0.10227016132966703
1444,67,1511,0.10228054280635757
1434,66,1500,0.10227182421836012
1445,66,1511,0.1022872924867315
1442,66,1508,0.10227783935401522
1426,67,1493,0.10227708665376765
1426,68,1494,0.10231139089626878
1418,72,1490,0.10234436857608803
1418,74,1492,0.10239235368233011
1427,73,1500,0.10243671862735847
1429,74,1503,0.10245873693297973
1426,77,1503,0.10247514229134809
1423,75,1498,0.10249783081633264
1421,76,1497,0.10252631958828974
1419,76,1495,0.10255619503050503
1411,81,1492,0.1025898964033719
1418,82,1500,0.1026395477743847
1415,78,1493,0.10266854404122341
1414,78,1492,0.10270090738073576
1412,80,1492,0.1027338323733958
1414,78,1492,0.10276942003494181
1410,78,1488,0.10279694045622723
1415,75,1490,0.10283260324452659
1406,75,1481,0.10285383341833583
1405,78,1483,0.10289162262199131
1417,79,1496,0.10293042763210238
1413,81,1494,0.10293923909668985
1407,81,1488,0.10295738573674235
1399,83,1482,0.1029878894816206
1407,85,1492,0.10303318918125878
1409,83,1492,0.1030572336552844
1410,88,1498,0.10307348577080994
1400,87,1487,0.10308568443060764
1406,87,1493,0.10312016929808557
1413,89,1502,0.10313836038169648
1414,85,1499,0.10314063371270096
1411,85,1496,0.10314042019999924
1407,81,1488,0.10314619978379762
1405,82,1487,0.10316188032456454
1420,83,1503,0.10318075051504576
1418,85,1503,0.103165735690193
1420,87,1507,0.10315721551095193
1410,86,1496,0.10314508914436264
1412,90,1502,0.10315541023260241
1422,89,1511,0.10315977700108801
1407,88,1495,0.10314118033596553
1430,90,1520,0.10315771015432887
1434,91,1525,0.10312077805656486
1426,89,1515,0.10307901060445182
1416,90,1506,0.1030599418144172
1417,93,1510,0.10306467638305389
1403,94,1497,0.10306834442351745
1395,91,1486,0.10310305051918332
1387,91,1478,0.10315355173006764
1394,93,1487,0.10321815925028385
1412,98,1510,0.10326272334569979
1402,96,1498,0.10326106470850557
1401,97,1498,0.10328294482271798
1415,98,1513,0.1033054818681187
1415,93,1508,0.10329590405122721
1413,94,1507,0.10328791385639864
1408,89,1497,0.10328541741198542
1403,90,1493,0.10329623174709994
1404,92,1496,0.10331590619098886
1412,93,1505,0.10333099198521392
1404,96,1500,0.10332648312648253
1398,95,1493,0.10334037711320196
1399,99,1498,0.10336820708020156
1405,98,1503,0.10339285528688251
1417,99,1516,0.10340254767278015
1409,99,1508,0.1033823807384044
1400,96,1496,0.10338184352547525
1396,94,1490,0.1034029686720567
1403,98,1501,0.10343194395252273
1381,103,1484,0.10344209792389743
1383,102,1485,0.10350079060417176
1408,105,1513,0.10354998807753794
1406,105,1511,0.10353941516568727
1381,104,1485,0.10353319434219138
1374,108,1482,0.10358333077747105
1372,114,1486,0.10364611527914863
1391,115,1506,0.10370861977753515
1392,112,1504,0.10372491685753349
1394,110,1504,0.10373688812319036
1396,109,1505,0.10374331962247042
1395,109,1504,0.10374648063411412
1384,106,1490,0.10375310331534607
1374,107,1481,0.10378296606103105
1368,111,1479,0.10383461064827663
1364,115,1479,0.10389504818850961
1371,117,1488,0.10396035619137312
1375,116,1491,0.10400412712826501
1383,111,1494,0.10403422367671573
1381,113,1494,0.10404349197000448
1381,112,1493,0.10405923582971333
1375,115,1490,0.10407331616735097
1381,122,1503,0.10409875731664772
1374,125,1499,0.10411161568075114
1369,124,1493,0.10414053597224913
1370,122,1492,0.10417987698274439
1386,125,1511,0.10421340438934312
1368,127,1495,0.10420903263869824
1375,133,1508,0.10424558434865468
1363,135,1498,0.10426397263429842
1365,131,1496,0.10430879559004619
1358,133,1491,0.10434652425299264
1368,135,1503,0.10439656704592264
1367,134,1501,0.10442083993199652
1360,134,1494,0.10444507177313314
1369,138,1507,0.10448306588092664
1365,142,1507,0.10449892031282258
1360,145,1505,0.10452274023647615
1362,144,1506,0.10455716294628453
1365,148,1513,0.10458544171697123
1358,150,1508,0.10460549928845624
1344,148,1492,0.10464143005522838
1332,153,1485,0.10470748744068899
1338,152,1490,0.10479551403039344
1332,148,1480,0.10486362986480771
1323,149,1472,0.1049393092279023
1332,152,1484,0.10502836057837456
1337,152,1489,0.10509260888543848
1326,151,1477,0.10513986189274156
1330,144,1474,0.105206685831785
1334,146,1480,0.10525973237284912
1336,147,1483,0.1053016136888656
1328,148,1476,0.10533566959855321
1332,150,1482,0.10538175392198668
1334,149,1483,0.10541596918664425
1341,153,1494,0.10544301189429393
1340,154,1494,0.10545114054440514
1351,155,1506,0.10545909568535394
1346,159,1505,0.10544153283548646
1349,159,1508,0.10543773874993395
1341,158,1499,0.10542845822623026
1328,162,1490,0.10543945598878503
1343,161,1504,0.10548218806021194
1340,163,1503,0.1054871233548653
1335,161,1496,0.10549895331343101
1333,157,1490,0.10552061104260707
1330,162,1492,0.10554574894855547
1340,163,1503,0.10557611015378984
1342,164,1506,0.10558079979468524
1341,163,1504,0.10558158073993525
1331,167,1498,0.10558648205818408
1329,169,1498,0.1056150151228686
1332,174,1506,0.10564726934288313
1317,181,1498,0.10566942411509544
1310,181,1491,0.10572501546295278
1311,186,1497,0.10579056297950305
1304,185,1489,0.10584963267990367
1308,187,1495,0.1059206814428126
1312,185,1497,0.10597557948749678
1311,186,1497,0.10601945337863583
1305,184,1489,0.10606332300437883
1292,185,1477,0.10611718531472715
1298,185,1483,0.10619648635331473
1312,181,1493,0.10625349237167288
1301,179,1480,0.10627520256166409
1298,187,1485,0.10632058431677104
1290,188,1478,0.10637117387108033
1301,189,1490,0.10643826627729368
1304,193,1497,0.10647600680414125
1297,196,1493,0.1065038888163428
1286,197,1483,0.10654646965538467
1275,197,1472,0.10660982773312551
1292,192,1484,0.10669518354048431
1302,194,1496,0.10673407053721362
1310,196,1506,0.10674539984997226
1303,198,1501,0.10673635429896704
1323,199,1522,0.10674680194992639
1316,202,1518,0.10671251759039567
1307,199,1506,0.10669720158669095
1313,201,1514,0.10670536151352411
1307,203,1510,0.10669747780290073
1295,200,1495,0.10670271231423253
1293,203,1496,0.10673352385145903
1304,203,1507,0.1067688912322517
1303,200,1503,0.10677655645905638
1303,199,1502,0.10678507154472897
1302,194,1496,0.10679294760524843
1310,198,1508,0.10680440947945181
1311,198,1509,0.10679734316701982
1309,200,1509,0.10678873189062528
1315,202,1517,0.10678561743730239
1315,203,1518,0.10676928233710463
1307,203,1510,0.10675349928359931
1295,210,1505,0.10675881448546268
1294,206,1500,0.10679258805656229
1282,207,1489,0.10682699389297654
1290,207,1497,0.10688621309229158
1279,209,1488,0.10692302531826955
1290,217,1507,0.10698179322662632
1282,214,1496,0.10701018524133339
1294,214,1508,0.10705533019066298
1291,215,1506,0.10707134567035563
1295,216,1511,0.10709394484492407
1301,212,1513,0.10710151675420426
1298,215,1513,0.10709544052604678
1283,209,1492,0.10709684432279026
1283,219,1502,0.10713182093882587
1280,223,1503,0.10716372506978807
1282,232,1514,0.10720118257179136
1267,229,1496,0.10723222478469094
1266,226,1492,0.10729655565019748
1267,225,1492,0.1073603069000293
1278,229,1507,0.10741790633827968
1277,232,1509,0.10744729620405404
1276,238,1514,0.10747614211252504
1267,242,1509,0.10750603195244214
1264,245,1509,0.10755288872477031
1261,245,1506,0.10760403769816858
1253,243,1496,0.10765968836830776
1245,239,1484,0.10772863592528521
1252,241,1493,0.10781179999108527
1263,243,1506,0.1078725150801477
1264,244,1508,0.1079036644114458
1271,245,1516,0.10793126198003218
1273,244,1517,0.10793861411759632
1268,249,1517,0.10794064632305517
1268,246,1514,0.1079552591262801
1273,243,1516,0.10796959385992455
1262,246,1508,0.10797150596361281
1260,249,1509,0.10799952147576261
1255,244,1499,0.10803148403228446
1252,245,1497,0.10807343515955356
1252,253,1505,0.10811905969319337
1260,253,1513,0.10816224276950395
1257,252,1509,0.10818445937053117
1252,261,1513,0.10821382337814281
1251,259,1510,0.1082515186437292
1258,255,1513,0.10828916526462518
1252,255,1507,0.10830395351371287
1247,258,1505,0.1083320038008248
1244,255,1499,0.10836958053515795
1248,264,1512,0.1084107687784774
1247,264,1511,0.10843924658025937
1243,262,1505,0.10846906524370023
1237,263,1500,0.10850630372591773
1239,261,1500,0.1085555120621497
1234,270,1504,0.1085973116619792
1233,267,1500,0.10864821466604667
1233,260,1493,0.1086948272343245
1239,260,1499,0.10873928470773636
1237,265,1502,0.10876634673058366
1250,267,1517,0.10879631081738178
1243,264,1507,0.10879218651833149
1240,267,1507,0.10880648345895977
1227,270,1497,0.10882502924522479
1228,278,1506,0.1088734540151552
1221,285,1506,0.10891769642513935
1223,283,1506,0.10897664662527626
1220,283,1503,0.10902718614056081
1222,276,1498,0.10908186252559134
1209,281,1490,0.10912512967435824
1213,282,1495,0.1091956912349537
1225,284,1509,0.10925306848665059
1220,283,1503,0.10927406167762495
1225,286,1511,0.10930789856028951
1210,288,1498,0.1093271271515993
1200,293,1493,0.10938076684037981
1200,293,1493,0.10945266217728086
1199,295,1494,0.10952151874643104
1200,294,1494,0.10958555530771473
1212,293,1505,0.10964385991809483
1199,292,1491,0.10967422611242075
1203,294,1497,0.10973251975329208
1198,295,1493,0.10977260168886599
1205,291,1496,0.10982235849604212
1204,297,1501,0.10984995544716142
1212,297,1509,0.10988032735517436
1208,298,1506,0.1098911754054027
1214,305,1519,0.1099113838371813
1206,306,1512,0.10991651210667994
1202,305,1507,0.10994026920054126
1197,304,1501,0.10997192876609611
1192,306,1498,0.11001460355057378
1190,307,1497,0.11006644211950078
1181,306,1487,0.11011723716013691
1190,308,1498,0.11018626417781893
1185,310,1495,0.1102276319206382
1191,303,1494,0.11027715366685203
1175,304,1479,0.11031103857083221
1186,307,1493,0.11037722983683505
1184,304,1488,0.11041212542803436
1179,303,1482,0.11045037942673494
1176,306,1482,0.11049756781243464
1184,305,1489,0.1105466763915949
1184,305,1489,0.11057443479926615
1191,306,1497,0.1106019506331581
1175,310,1485,0.11061196775074646
1174,313,1487,0.1106588702334391
1178,310,1488,0.11070534415276825
1182,311,1493,0.11074264330608002
1186,316,1502,0.11076650837911721
1181,320,1501,0.11078189090506031
1165,323,1488,0.11080630602218625
1148,332,1480,0.11086642250266333
1145,333,1478,0.11095953776797113
1155,335,1490,0.11105339998855902
1169,334,1503,0.11112024688381447
1164,334,1498,0.11114996110355792
1157,339,1496,0.11118912708483858
1153,339,1492,0.11123995453077389
1168,333,1501,0.11129706629385869
1157,330,1487,0.11131474778460354
1167,333,1500,0.1113567678503756
1158,336,1494,0.11137065438131363
1157,342,1499,0.11140269095065294
1163,339,1502,0.11143656757183244
1162,345,1507,0.1114526859196624
1158,338,1496,0.11147313100876705
1150,337,1487,0.11150122602790966
1157,339,1496,0.11154823412965094
1159,337,1496,0.11157543098707691
1167,332,1499,0.11159504665187595
1164,339,1503,0.11159752521986956
1155,338,1493,0.11160526745268776
1154,341,1495,0.1116321730742688
1160,343,1503,0.11166071075882499
1153,341,1494,0.11167291643698421
1154,339,1493,0.11169988351151595
1158,339,1497,0.11172228348805119
1161,332,1493,0.11173412218212508
1169,336,1505,0.11173924746097448
1163,338,1501,0.11171981956056873
1159,333,1492,0.11171526489885146
1148,335,1483,0.11172059640555969
1142,336,1478,0.11175177802513873
1160,333,1493,0.11179428541355228
1165,338,1503,0.11178936982114002
1175,338,1513,0.11177446346962232
1164,341,1505,0.11173827468772979
1154,341,1495,0.11173071719422165
1141,344,1485,0.11174727258684633
1148,339,1487,0.11179459430544707
1141,336,1477,0.11182440265602916
1140,333,1473,0.11186800458300589
1138,337,1475,0.11191100542527133
1155,340,1495,0.11195462949316629
1147,348,1495,0.1119551232337988
1153,348,1501,0.11197246552363481
1143,345,1488,0.1119753579275623
1149,339,1488,0.11199972510071143
1149,349,1498,0.11201022536861435
1144,356,1500,0.11201875588109932
1147,355,1502,0.1120387148848858
1148,356,1504,0.11204977875890737
1138,363,1501,0.1120586001059124
1140,356,1496,0.1120908620491138
1147,356,1503,0.11211604011910187
1153,361,1514,0.11212517358181052
1156,357,1513,0.11211935264031907
1154,358,1512,0.11210847392670913
1156,363,1519,0.11210321247749405
1144,363,1507,0.11209397505623038
1133,364,1497,0.11211245344739817
1129,365,1494,0.11215650753450185
1131,361,1492,0.11220773057257255
1129,357,1486,0.1122511095556815
1120,360,1480,0.1122950006563021
1126,359,1485,0.11235640569807159
1116,369,1485,0.11240051310147649
1102,367,1469,0.11246566838926468
1109,367,1476,0.11255939896273887
1113,372,1485,0.11263100673146212
1117,368,1485,0.11268784231543195
1123,367,1490,0.1127303351586151
1121,367,1488,0.11275488063312465
1114,365,1479,0.11277990972932724
1114,365,1479,0.11281824494866623
1114,364,1478,0.11285076458186805
1118,365,1483,0.11287949179878302
1129,364,1493,0.11289992871452005
1139,370,1509,0.11289291133031237
1140,370,1510,0.11286408397003565
1135,377,1512,0.11283662479295606
1119,380,1499,0.1128232875357628
1116,380,1496,0.11285084127872302
1109,379,1488,0.11288135768699732
1100,379,1479,0.11292870171230099
1115,381,1496,0.11299421865165048
1119,383,1502,0.11301833571127964
1111,391,1502,0.11303307851367687
1110,384,1494,0.11306354235444094
1107,380,1487,0.11309630982385073
1108,388,1496,0.11313479125034032
1107,385,1492,0.11316529222795228
1115,385,1500,0.1131955724077644
1117,382,1499,0.11320543810119844
1117,382,1499,0.1132109122785499
1118,384,1502,0.11321661268084598
1113,390,1503,0.11322047319786727
1115,389,1504,0.11323670744079425
1104,391,1495,0.11324838796402562
1099,399,1498,0.11328264581139559
1097,397,1494,0.11332793917484377
1087,397,1484,0.11337614280352107
1079,400,1479,0.11344432396892346
1080,403,1483,0.11352507565378625
1082,398,1480,0.11359768385680326
1090,400,1490,0.1136586235795814
1092,406,1498,0.11369800304411623
1089,398,1487,0.11372990469334347
1097,407,1504,0.11376577307746723
1100,405,1505,0.11378031554744174
1089,407,1496,0.11378668724967846
1082,408,1490,0.11382111376177764
1077,416,1493,0.113869124043722
1066,424,1490,0.11392580369469098
1069,432,1501,0.11400386845453257
1082,434,1516,0.1140680557580588
1061,427,1488,0.11409994836653216
1056,436,1492,0.11417720856099738
1052,435,1487,0.11426440854780708
1051,438,1489,0.11435431177598819
1053,436,1489,0.11444128671691715
1058,445,1503,0.11452024526360871
1070,443,1513,0.11458018941344798
1066,440,1506,0.11461061583100982
1066,451,1517,0.11464749790833778
1062,449,1511,0.11468469211801191
1060,448,1508,0.11472949599480785
1056,443,1499,0.11477725010894922
1061,442,1503,0.1148275650704452
1055,440,1495,0.11486305888966433
1057,434,1491,0.11490596398122786
1069,436,1505,0.11493858003332157
1069,435,1504,0.11494102766223245
1071,430,1501,0.11494695556242035
1069,435,1504,0.11494828783644202
1069,439,1508,0.11495440866033968
1063,445,1508,0.11496008397818919
1066,453,1519,0.11498006349875305
1061,450,1511,0.11499140215772492
1053,442,1495,0.11501374008503074
1055,441,1496,0.11505389426898484
1052,449,1501,0.11508622632133314
1049,448,1497,0.11512271770930946
1054,449,1503,0.11516323793690397
1058,449,1507,0.11519084856227896
1061,448,1509,0.11520759922993422
1051,448,1499,0.11521710529970942
1049,455,1504,0.11524850974149554
1051,449,1500,0.11528474382065976
1044,460,1504,0.11531432432598375
1041,469,1510,0.11535695971506374
1034,459,1493,0.11540574257838511
1041,462,1503,0.11546301217151711
1035,468,1503,0.11550123621053206
1033,464,1497,0.11555030577890692
1026,466,1492,0.11560129312274782
1019,471,1490,0.11566492602768738
1020,469,1489,0.11573959408718754
1025,463,1488,0.11580576520597403
1026,470,1496,0.11585304672155605
1015,478,1493,0.11589712813441214
1006,476,1482,0.11596205197669479
1010,476,1486,0.11604446219717357
1016,475,1491,0.11611138557283553
1020,477,1497,0.11615955643727709
1019,483,1502,0.11619408309870174
1016,480,1496,0.11622804654091907
1005,480,1485,0.11626751771329548
1013,482,1495,0.11632835099493238
1014,489,1503,0.11636890024267693
1017,498,1515,0.11640495688247025
1003,498,1501,0.11643396438930922
1013,494,1507,0.11649331842093229
1002,495,1497,0.11652753812216304
1012,496,1508,0.11658595154169539
1003,504,1507,0.11661627846556218
1014,494,1508,0.11666213141092072
1007,498,1505,0.11668176136971281
992,499,1491,0.11671764830584518
994,509,1503,0.11678587206722581
997,507,1504,0.11684281500298191
991,510,1501,0.11688674125506023
993,514,1507,0.11694304674865612
993,513,1506,0.11699362665064635
992,512,1504,0.1170411378822634
1002,503,1505,0.11708793682052918
1011,502,1513,0.11710693230407174
996,512,1508,0.11710389616611075
985,516,1501,0.11713464982577337
981,519,1500,0.11718682417245596
987,516,1503,0.11724657361198347
978,518,1496,0.1172886072383187
977,525,1502,0.11735014902613944
976,526,1502,0.1174119847637769
981,528,1509,0.11747089651344296
978,522,1500,0.11751411545564412
966,528,1494,0.11756042845595878
956,524,1480,0.11762927370119243
947,524,1471,0.11771970428397022
956,522,1478,0.11782491796117639
961,527,1488,0.11790174915369249
969,530,1499,0.1179631873231127
968,524,1492,0.11800310271137676
973,522,1495,0.11803919800750527
972,515,1487,0.11806105474165722
979,519,1498,0.11808277267964484
968,524,1492,0.11808624575251009
967,533,1500,0.11811543389335222
968,533,1501,0.11814315253461567
960,526,1486,0.11816752845316189
976,530,1506,0.11820517400548336
970,536,1506,0.11820373648208174
968,538,1506,0.11821769960166834
972,536,1508,0.11823281970728199
961,546,1507,0.11823871487738391
957,546,1503,0.1182690164444951
961,554,1515,0.1183077700490801
961,553,1514,0.11833450407235853
947,546,1493,0.11836251923577457
937,543,1480,0.1184200645420044
934,554,1488,0.11849946597615758
930,548,1478,0.11857859766525451
933,551,1484,0.11866072462873369
944,558,1502,0.1187293147448934
934,555,1489,0.1187681245237139
941,562,1503,0.11882744898422008
932,565,1497,0.11886638802402189
930,557,1487,0.11892560474654441
926,559,1485,0.11898758154970723
931,568,1499,0.11905382313363329
918,572,1490,0.11910391969700598
914,578,1492,0.11918014984095598
911,580,1491,0.11926172167770108
925,586,1511,0.11934435050408407
924,582,1506,0.1193883103493795
925,571,1496,0.11943221887562355
927,571,1498,0.11946966465766035
944,578,1522,0.11950080706503191
949,579,1528,0.11948950407490115
938,576,1514,0.11946923980854002
930,578,1508,0.11947786570139751
915,589,1504,0.11950717708275763
920,593,1513,0.11956894913075651
919,590,1509,0.11961707621220033
922,594,1516,0.11966423447520012
922,594,1516,0.11970290377335123
915,593,1508,0.11973928442413463
913,596,1509,0.11978707152862432
896,601,1497,0.11983649687736793
900,610,1510,0.11992162606892956
904,607,1511,0.11999423649878771
915,608,1523,0.1200531939720584
912,607,1519,0.12008097795020184
894,605,1499,0.12011527926559318
889,608,1497,0.12018903052272803
887,615,1502,0.12026705922306072
892,611,1503,0.1203452927105356
891,614,1505,0.12040759792043577
891,610,1501,0.1204676212649201
901,610,1511,0.12052137336303409
908,601,1509,0.12054635892066326
900,604,1504,0.1205527206812291
901,600,1501,0.12057832653562323
894,604,1498,0.12059837773583074
887,602,1489,0.12063105336901644
894,607,1501,0.12067809605954782
893,597,1490,0.1207048562452075
902,591,1493,0.12073196552867771
903,594,1497,0.12073549364702334
906,591,1497,0.1207343932301428
893,598,1491,0.1207246244200675
891,613,1504,0.12074667754901683
895,606,1501,0.12077191092452955
894,598,1492,0.12078709809647076
896,603,1499,0.12079806866029674
895,605,1500,0.12080314537621195
896,610,1506,0.12080965814178324
882,603,1485,0.12081370777826363
894,605,1499,0.120851085728241
892,608,1500,0.12085717290460679
891,612,1503,0.12086716746276636
890,609,1499,0.12087734606808151
893,606,1499,0.12089181161742117
890,607,1497,0.12090042877047585
896,605,1501,0.12091333767828882
889,611,1500,0.12090915444249963
888,610,1498,0.12092412403983137
890,611,1501,0.12094048427817256
876,614,1490,0.12095057350418052
871,609,1480,0.12099231514620355
871,613,1484,0.12104454863141763
889,613,1502,0.12109245140100057
883,618,1501,0.12109429459350578
887,620,1507,0.12111085126893274
882,623,1505,0.12111823399506616
885,625,1510,0.12113754836790204
870,628,1498,0.12114944182561956
872,639,1511,0.12119706260453668
877,640,1517,0.12123728295941408
874,637,1511,0.12126383302310252
868,637,1505,0.12129727833578724
873,640,1513,0.12134192959197755
867,649,1516,0.12137284031519854
852,650,1502,0.1214178138976806
864,644,1508,0.12149584053383751
864,642,1506,0.1215396889600952
853,648,1501,0.12158079289475104
862,654,1516,0.12164698439461308
861,650,1511,0.12168658111073949
863,652,1515,0.1217223720164958
857,652,1509,0.12174670138862487
866,657,1523,0.12178473392728667
867,650,1517,0.12180306141164621
867,659,1526,0.1218174352639077
861,656,1517,0.1218309124702012
848,652,1500,0.12185825608034268
841,656,1497,0.12191330712095481
839,661,1500,0.1219830830759368
851,659,1510,0.12205314954642794
843,664,1507,0.1220918879974203
843,664,1507,0.12214783615450106
840,658,1498,0.12219964390146675
848,656,1504,0.12225302284717782
852,661,1513,0.1222831035121747
845,657,1502,0.12230412602647905
853,658,1511,0.12233676331992123
855,652,1507,0.12234696226645568
852,656,1508,0.1223504363749176
838,668,1506,0.12236337896317466
839,667,1506,0.12240825846942233
829,679,1508,0.12244826397379115
832,680,1512,0.12251026881784216
823,675,1498,0.12255965903436604
824,680,1504,0.12262620160089152
820,681,1501,0.12268621257965265
817,683,1500,0.12274960810186343
825,686,1511,0.12281756254920717
822,688,1510,0.12286150909909263
832,681,1513,0.12290887502443372
830,685,1515,0.12292808944431285
825,692,1517,0.1229515181033504
825,684,1509,0.12298768742200544
822,686,1508,0.12302033811038843
822,683,1505,0.12305747031372366
823,687,1510,0.12309170797183175
815,692,1507,0.12311887624421271
815,696,1511,0.12316364366353084
809,705,1514,0.12320625164479125
813,702,1515,0.12326090253938418
814,705,1519,0.12330362602325717
821,703,1524,0.1233434001365816
819,700,1519,0.12336361082491643
818,703,1521,0.12338610009843543
808,699,1507,0.12341022846567296
812,696,1508,0.12345623436671804
817,698,1515,0.12349248261429793
818,697,1515,0.12351817774464426
817,700,1517,0.12353565778966587
806,700,1506,0.12355632848314504
803,705,1508,0.12360129660669543
791,713,1504,0.12364940620931637
793,711,1504,0.12372218931118695
798,712,1510,0.12378660398635347
794,716,1510,0.12383596169083233
791,702,1493,0.12389201414572898
781,705,1486,0.12395370536993301
791,713,1504,0.12403208797083837
791,724,1515,0.12407859817315642
791,721,1512,0.12412134545431286
782,719,1501,0.12416200787529995
777,725,1502,0.12421877057272
781,728,1509,0.12428440839577394
776,735,1511,0.1243382738568099
782,731,1513,0.12439873038079849
772,743,1515,0.12444260019508332
778,741,1519,0.12450874103792627
775,743,1518,0.12455873221337993
762,747,1509,0.12461182899531746
761,743,1504,0.12469123551763393
753,746,1499,0.1247686733728518
749,742,1491,0.12485990027927274
748,748,1496,0.12495289521145583
747,745,1492,0.125042330710259
750,751,1501,0.1251283568218919
751,756,1507,0.12520004170543703
748,755,1503,0.12526495914977498
760,765,1525,0.12533411955709797
764,757,1521,0.12537039367814376
763,746,1509,0.12539409380818842
753,758,1511,0.1254153397565512
751,758,1509,0.12546003035647926
753,767,1520,0.125502859257387
736,762,1498,0.12553861431229715
740,765,1505,0.12561381625277368
739,764,1503,0.1256746627621202
738,770,1508,0.125734829051769
743,771,1514,0.1257934326183971
743,769,1512,0.12583799812105861
740,768,1508,0.1258799245815515
731,766,1497,0.12592575339383064
728,763,1491,0.12598979900846807
732,757,1489,0.12605847031021544
736,767,1503,0.12611545034926808
738,763,1501,0.12615932172463382
735,761,1496,0.12619547180920088
727,772,1499,0.12623486263673264
731,787,1518,0.12629111912437252
723,792,1515,0.12633811519745497
716,791,1507,0.12640295717849878
712,784,1496,0.12648058360262046
718,789,1507,0.12656181700128755
718,793,1511,0.12662263499040566
715,787,1502,0.12667920744207814
709,793,1502,0.12674014796766628
716,788,1504,0.12681222656580143
711,778,1489,0.1268643534837562
712,779,1491,0.12692428666944294
709,789,1498,0.12697685460421126
714,788,1502,0.12702818324834472
725,783,1508,0.12706437861257347
727,785,1512,0.1270719656814031
721,796,1517,0.12707508830045647
715,786,1501,0.1270902092339671
715,794,1509,0.12711773261167367
706,785,1491,0.12714383285545566
700,789,1489,0.1271891058414668
704,788,1492,0.12724490903147945
706,788,1494,0.12728927418158822
711,800,1511,0.12732637051494847
708,796,1504,0.12734880368263543
713,792,1505,0.12737554566252496
703,793,1496,0.12738852022887417
702,797,1499,0.12742556173353894
703,795,1498,0.12746210823578802
698,797,1495,0.12749406585385695
697,817,1514,0.1275355240552191
692,815,1507,0.127575801426397
699,808,1507,0.1276267978494416
704,801,1505,0.12765715883045475
708,805,1513,0.12767424528148263
716,815,1531,0.12768112539294804
708,824,1532,0.12766958178115917
705,817,1522,0.12767697116820328
685,822,1507,0.1276921718318529
686,824,1510,0.12775285526771613
689,818,1507,0.1278047549031876
691,820,1511,0.12784719811933837
684,814,1498,0.12788271219309338
690,823,1513,0.1279350571994243
687,827,1514,0.12797022502208552
678,828,1506,0.12800999097840213
681,834,1515,0.12806870518952504
671,838,1509,0.12811887124299084
667,831,1498,0.1281891108101588
661,834,1495,0.12826279634478865
670,831,1501,0.12834471359863556
661,845,1506,0.12839733761116673
665,838,1503,0.12846824580269867
651,839,1490,0.12852629506999544
650,840,1490,0.12861369613664073
637,844,1481,0.12869695822988164
644,843,1487,0.12880493651589237
654,846,1500,0.12888936050966604
650,838,1488,0.1289428030267668
645,848,1493,0.1290014300759771
655,844,1499,0.12906670425221992
653,851,1504,0.12910250988619712
648,855,1503,0.1291421335511339
648,858,1506,0.12919092126746962
641,843,1484,0.12923527976563673
649,855,1504,0.12929303408908904
643,863,1506,0.12932768863004504
635,858,1493,0.12937587981905163
635,863,1498,0.12943788226775052
632,855,1487,0.12949712159567653
635,863,1498,0.12955805806137172
637,860,1497,0.1296079420563144
638,868,1506,0.12965090109921903
650,863,1513,0.12968994940455456
652,856,1508,0.1296967025055298
654,867,1521,0.12969845549531442
643,871,1514,0.12969420043078622
635,875,1510,0.12971767067922665
635,866,1501,0.12975874401291623
640,872,1512,0.1297971331298066
635,873,1508,0.1298219405103157
631,884,1515,0.12985812570601354
632,879,1511,0.12989832003804316
627,874,1501,0.12993622066153374
635,872,1507,0.1299811922731976
637,874,1511,0.13000480420713006
640,875,1515,0.13002101882205216
637,873,1510,0.13003037144594437
635,887,1522,0.13004613856361125
625,889,1514,0.13006756509982464
618,882,1500,0.13011341938415785
614,872,1486,0.13017005145120222
618,876,1494,0.1302320856300135
622,884,1506,0.1302787360194981
619,886,1505,0.13031156891249396
624,890,1514,0.13035050234656193
607,892,1499,0.13037604645322573
609,899,1508,0.13044147558898508
611,893,1504,0.1304974263299634
608,894,1502,0.13054240544702891
602,895,1497,0.13059216343441946
601,888,1489,0.1306535882152043
593,908,1501,0.13071362892794253
594,904,1498,0.13078819536721012
596,912,1508,0.13085655171987365
606,900,1506,0.13091539269614288
603,898,1501,0.13094637777907006
604,894,1498,0.13098127884433264
602,897,1499,0.13101345557641728
601,905,1506,0.13104728707880134
603,905,1508,0.13108320253571148
600,918,1518,0.13111447949673632
596,913,1509,0.1311479908810673
596,918,1514,0.1311897798932098
583,928,1511,0.13123146392662152
578,921,1499,0.13130017898217866
572,931,1503,0.13137687895313668
574,923,1497,0.13146109166466338
581,917,1498,0.13153364173029078
577,924,1501,0.13158287512451358
574,921,1495,0.1316388706453095
574,921,1495,0.13169577934053966
584,921,1505,0.1317460687568897
584,929,1513,0.13176918664436543
585,926,1511,0.1317923747529751
577,908,1485,0.1318116967017252
573,909,1482,0.1318492771804528
581,908,1489,0.13189233591246854
584,910,1494,0.13191311720726148
591,917,1508,0.1319246918317371
590,925,1515,0.1319150769831866
588,918,1506,0.1319116912369035
591,917,1508,0.13191359602679437
585,926,1511,0.13190879532533922
587,940,1527,0.13191853554105437
584,936,1520,0.13192232649129154
586,933,1519,0.1319332190190661
584,932,1516,0.1319412763406162
585,925,1510,0.1319576845677991
577,924,1501,0.13196967677461688
575,919,1494,0.13200138734794492
575,930,1505,0.13203620462638632
575,931,1506,0.1320682783702219
573,928,1501,0.13209471265932665
577,933,1510,0.13212514298969547
578,939,1517,0.1321442439869109
579,941,1520,0.13216086742082103
575,944,1519,0.1321733635495439
573,946,1519,0.13219576796919205
579,944,1523,0.13222279428825906
576,948,1524,0.13223462841377637
565,947,1512,0.1322534192546035
559,952,1511,0.13229780325923943
561,953,1514,0.13235336999005004
563,964,1527,0.13239775808923923
561,959,1520,0.13243466221205932
562,951,1513,0.13247272955242745
562,947,1509,0.13250725865805216
556,948,1504,0.13253845935213251
554,949,1503,0.13258056084831268
558,952,1510,0.1326235551092095
561,959,1520,0.1326517409123195
556,957,1513,0.13266919715530576
549,946,1495,0.1326978415968151
545,964,1509,0.1327426399598843
548,962,1510,0.13279638927147655
548,963,1511,0.1328366837989666
546,956,1502,0.13287542477998918
546,958,1504,0.13291522330971323
552,959,1511,0.1329520583173136
553,972,1525,0.1329731357162093
547,961,1508,0.13299073244090956
545,961,1506,0.13302319203601956
538,973,1511,0.13306088134833127
533,979,1512,0.133112362067119
536,972,1508,0.13317148480018337
535,966,1501,0.1332169292182566
534,959,1493,0.13326292638966092
531,962,1493,0.13330789049094657
533,962,1495,0.13335570429652865
533,966,1499,0.13339541034931934
528,974,1502,0.13343265910707772
532,972,1504,0.13348017642743848
535,964,1499,0.1335147693010045
531,980,1511,0.13353818741906637
531,986,1517,0.1335703914951189
527,984,1511,0.13359906146805128
526,985,1511,0.13363698478449512
525,999,1524,0.13367665062273543
528,996,1524,0.13371658232040973
526,1000,1526,0.13374761508283536
521,997,1518,0.13377953075313756
526,992,1518,0.13382148061837768
524,995,1519,0.13385056145213461
519,987,1506,0.13388214802146833
520,992,1512,0.13392375865686024
514,994,1508,0.13396131086620033
519,989,1508,0.1340121676525086
512,995,1507,0.1340471213629858
514,999,1513,0.13409691017077333
513,998,1511,0.13413697984571646
503,997,1500,0.13417753863263798
502,996,1498,0.13423796080358985
504,992,1496,0.134297712969596
491,990,1481,0.13434757349795676
498,1005,1503,0.1344256352886669
492,1009,1501,0.13447816330029913
492,1024,1516,0.13454262266361355
499,1029,1528,0.13460306241174286
500,1010,1510,0.13464257237030927
500,1014,1514,0.13467586453899294
495,1020,1515,0.134708080251371
498,1005,1503,0.13475006013497856
499,1004,1503,0.13478076554625518
500,1004,1504,0.13480739901152672
499,1013,1512,0.1348321133230262
504,1017,1521,0.13485756625568268
500,1016,1516,0.13486926421272402
500,1013,1513,0.13488796240183135
504,1024,1528,0.1349049455981241
501,1023,1524,0.13491301456993568
490,1019,1509,0.1349278231821128
488,1021,1509,0.13496927890114457
488,1015,1503,0.13501383577977305
491,1017,1508,0.13505098047468322
491,1016,1507,0.1350769378407593
491,1020,1511,0.13509983114080296
505,1019,1524,0.1351220881725691
501,1017,1518,0.13510831416816307
499,1016,1515,0.1351055210373794
490,1013,1503,0.13510819439529814
480,1020,1500,0.13513384583279478
476,1021,1497,0.1351813947001745
462,1033,1495,0.13523730410356474
467,1034,1501,0.1353226824415253
466,1048,1514,0.13539068109031416
464,1040,1504,0.13545830253496788
460,1039,1499,0.13552566035208574
460,1038,1498,0.13559940592387748
463,1034,1497,0.13566750523546012
462,1039,1501,0.13572156335634675
459,1029,1488,0.13577574430573652
466,1039,1505,0.13583237712880716
471,1042,1513,0.13586957078969605
461,1047,1508,0.1358918012978078
459,1047,1506,0.1359373515153564
459,1033,1492,0.13598538576902217
454,1043,1497,0.13603024018930465
452,1056,1508,0.13608402457575555
445,1065,1510,0.136139658562067
436,1066,1502,0.13620982298710443
441,1078,1519,0.13629706243831877
433,1071,1504,0.13636777251065604
438,1074,1512,0.13645378573576006
440,1080,1520,0.13652220981081392
443,1087,1530,0.13658120656759182
435,1082,1517,0.13662926332080702
440,1082,1522,0.13669420167317473
438,1082,1520,0.13674449070379396
433,1081,1514,0.13679688022982237
435,1079,1514,0.13685787597832444
437,1080,1517,0.13690894396147363
432,1079,1511,0.13695040998728186
430,1082,1512,0.13700093492888168
430,1076,1506,0.13705486182865037
428,1083,1511,0.13710504717398617
424,1088,1512,0.13715825669428036
422,1093,1515,0.13721735963263407
419,1098,1517,0.13727822458582942
429,1095,1524,0.137339977394999
428,1086,1514,0.13737475574831404
437,1090,1527,0.1374101087521309
430,1084,1514,0.13741806499824066
429,1081,1510,0.13744059499451894
427,1090,1517,0.1374642354603529
428,1067,1495,0.13749242136384077
429,1071,1500,0.1375151972874986
432,1085,1517,0.13753318261361785
431,1079,1510,0.1375416546568956
428,1083,1511,0.13755096033359354
425,1073,1498,0.13756703071596008
417,1080,1497,0.13758959269198154
424,1082,1506,0.1376319767558008
423,1086,1509,0.1376536971001885
418,1094,1512,0.1376775633728336
413,1097,1510,0.1377120148713724
424,1099,1523,0.1377573727468091
417,1094,1511,0.13777322941316178
416,1093,1509,0.13780459902667272
417,1096,1513,0.13783840060641622
413,1100,1513,0.1378645565500268
409,1099,1508,0.1378988939786054
418,1105,1523,0.1379414298760912
412,1098,1510,0.1379554616782213
410,1105,1515,0.13798329661910447
408,1111,1519,0.13801384422458848
414,1101,1515,0.13804784372920573
416,1110,1526,0.1380657897249259
411,1111,1522,0.13807930116662173
404,1099,1503,0.13810493815160466
401,1104,1505,0.1381424427341409
393,1116,1509,0.13818638227433516
395,1120,1515,0.13824887140647144
396,1116,1512,0.1383030529931209
399,1111,1510,0.13835014933931192
401,1117,1518,0.13838642697805692
397,1114,1511,0.1384119553052453
393,1109,1502,0.13844665008472248
396,1122,1518,0.13848862331834866
390,1124,1514,0.13852249597187832
388,1111,1499,0.13856657034318876
386,1130,1516,0.1386140304470702
385,1129,1514,0.13866219008934716
377,1137,1514,0.1387098678693918
384,1132,1516,0.1387750145545458
378,1126,1504,0.13882068078723947
385,1139,1524,0.13887764089507518
385,1138,1523,0.13891443640962434
379,1130,1509,0.13894695285836314
381,1128,1509,0.1389936523629132
378,1131,1509,0.13903230490530516
372,1141,1513,0.1390766748283967
374,1150,1524,0.13913349270044764
370,1149,1519,0.1391807407957462
373,1139,1512,0.13923441834866457
374,1147,1521,0.13927785429040793
368,1154,1522,0.139315579659179
363,1150,1513,0.13936275313518082
367,1165,1532,0.13942199302689862
364,1150,1514,0.13946809907443886
366,1155,1521,0.13951616562299426
367,1162,1529,0.13955737383056022
367,1164,1531,0.13959119983449872
364,1161,1525,0.13962324139773752
357,1165,1522,0.13966287973069494
359,1154,1513,0.139715781602306
360,1159,1519,0.13976017840695118
354,1158,1512,0.13979800554072794
348,1157,1505,0.13984688493730615
350,1164,1514,0.13990805677467985
346,1161,1507,0.13996226962212538
345,1157,1502,0.14002345926785636
347,1169,1516,0.14008195718925745
345,1168,1513,0.1401324266506493
344,1166,1510,0.1401870191735858
344,1170,1514,0.1402398628999442
340,1165,1505,0.1402868231728004
345,1160,1505,0.14034120721219734
346,1179,1525,0.14038100593549124
345,1178,1523,0.14041534037064807
345,1168,1513,0.14044901572864366
343,1174,1517,0.14047948188690307
346,1171,1517,0.14051186231173152
350,1162,1512,0.14053367946412848
339,1171,1510,0.14054255116675932
329,1180,1509,0.14057596835163597
339,1184,1523,0.1406306499185218
342,1181,1523,0.14065795051084543
346,1179,1525,0.14067657158970084
334,1163,1497,0.14068575895978871
328,1179,1507,0.14072318474523957
328,1175,1503,0.1407727159137839
325,1187,1512,0.14082137884179918
321,1187,1508,0.140875217768319
323,1193,1516,0.1409359790189179
326,1190,1516,0.1409866240320418
323,1203,1526,0.14102961322037066
324,1198,1522,0.14107707621137586
324,1201,1525,0.14111661469789336
319,1191,1510,0.14115370775219874
316,1196,1512,0.14120243003048352
313,1186,1499,0.1412568765439835
315,1187,1502,0.14131397888228164
319,1177,1496,0.14136043615026017
325,1180,1505,0.14139273471838457
329,1174,1503,0.1414068998914009
327,1176,1503,0.1414120719431042
333,1179,1512,0.14142377109826146
331,1177,1508,0.1414176663283241
324,1180,1504,0.14141595060577544
324,1174,1498,0.1414305425875772
323,1178,1501,0.1414441213972538
328,1182,1510,0.14145834525566645
324,1182,1506,0.14146013689100578
321,1178,1499,0.1414731097668005
323,1191,1514,0.14149149628932048
323,1188,1511,0.14150399909386466
323,1201,1524,0.14151601165412558
319,1200,1519,0.1415287658801639
321,1198,1519,0.14154839237948408
322,1202,1524,0.14156160430907222
318,1210,1528,0.14157261154416637
315,1212,1527,0.14159294337753875
319,1213,1532,0.1416192533685465
316,1204,1520,0.14163275558974253
320,1191,1511,0.14165226545865586
320,1190,1510,0.14166078340542881
315,1189,1504,0.14166888817861026
322,1186,1508,0.141687118715231
318,1196,1514,0.1416858969230513
316,1202,1518,0.14169540084556514
317,1205,1522,0.1417100740080665
317,1206,1523,0.14172280262958956
317,1205,1522,0.14173542971887695
316,1206,1522,0.14174817988005403
313,1211,1524,0.14176274408774528
318,1203,1521,0.14178310993138712
316,1200,1516,0.14179003404805005
311,1209,1520,0.1418028956597715
312,1205,1517,0.14182703057588247
313,1205,1518,0.1418473346276199
311,1211,1522,0.14186537450059725
310,1211,1521,0.14188679798023923
313,1208,1521,0.1419080863207889
310,1204,1514,0.1419213408920668
311,1207,1518,0.14194165832648906
317,1201,1518,0.14195926060889988
311,1213,1524,0.14196160904052008
312,1223,1535,0.14197678541210274
313,1222,1535,0.14198826666237668
312,1214,1526,0.14199654702366668
311,1218,1529,0.14200644292701609
309,1215,1524,0.14201712210162967
300,1212,1512,0.1420324398755439
300,1214,1514,0.14206726543637951
302,1210,1512,0.1421004997015784
302,1204,1506,0.1421256510973941
303,1203,1506,0.14215046802912432
304,1208,1512,0.1421709320528743
308,1198,1506,0.14218474178217247
307,1208,1515,0.14218898157879933
310,1204,1514,0.14219472214124784
305,1213,1518,0.14219378334729646
309,1206,1515,0.14220614196593206
306,1211,1517,0.1422076831482477
306,1201,1507,0.14221750776782263
306,1204,1510,0.1422278557349207
309,1213,1522,0.14223889106483634
314,1207,1521,0.14224008350644862
313,1217,1530,0.14222769600118826
312,1216,1528,0.142220573940053
308,1207,1515,0.14221738776837914
300,1207,1507,0.14222416993338774
295,1207,1502,0.14224919015477738
296,1211,1507,0.14228514067612064
300,1197,1497,0.14231541599891348
299,1208,1507,0.1423352326248488
299,1211,1510,0.14235600382319247
309,1216,1525,0.1423729769916699
307,1220,1527,0.14236368228056542
298,1217,1515,0.1423622987138573
293,1228,1521,0.14238345149555195
295,1223,1518,0.14241636199536503
290,1213,1503,0.14244326410294206
287,1224,1511,0.14247968439922307
288,1223,1511,0.1425182413160945
282,1237,1519,0.1425526460613454
279,1238,1517,0.14259949666381488
282,1242,1524,0.14265085143093897
287,1236,1523,0.14269232829950768
286,1223,1509,0.14271902886144036
287,1232,1519,0.14274635598014934
274,1238,1512,0.14276957462822382
284,1245,1529,0.14282275842763176
284,1239,1523,0.14284842496360275
285,1232,1517,0.1428721219584282
275,1218,1493,0.142891783567218
274,1220,1494,0.14293335872155874
274,1225,1499,0.14297439031872827
278,1219,1497,0.14301272345607913
275,1241,1516,0.14303751699292716
279,1237,1516,0.14306940512902305
285,1239,1524,0.1430890637793175
278,1238,1516,0.1430926654270862
277,1234,1511,0.14311411231386806
271,1235,1506,0.14313834273637482
276,1236,1512,0.14317566918624408
272,1236,1508,0.1431978345045477
266,1231,1497,0.14322845335443762
265,1233,1498,0.14327232084077354
262,1257,1519,0.1433177144495281
256,1250,1506,0.143366164746275
257,1250,1507,0.1434256691394448
257,1258,1515,0.1434796574138104
254,1263,1517,0.14353128454036304
260,1248,1508,0.14358577056397276
254,1252,1506,0.14362189822857882
258,1252,1510,0.14367132735561106
258,1246,1504,0.14370641007585896
261,1251,1512,0.14373794642427642
259,1254,1513,0.14376033494241178
257,1246,1503,0.14378551000326042
254,1246,1500,0.1438143488039281
252,1258,1510,0.14384930585821848
248,1258,1506,0.1438869749283752
244,1254,1498,0.14393273814467963
248,1249,1497,0.14398555480313044
247,1263,1510,0.14402409959373152
241,1254,1495,0.14406237063914096
245,1257,1502,0.14411211683639033
240,1268,1508,0.1441484140118954
244,1272,1516,0.14419495561800372
244,1276,1520,0.14422894602539843
245,1272,1517,0.14426010793653762
247,1260,1507,0.14428543769665683
249,1261,1510,0.14430372950931195
243,1265,1508,0.14431583163630277
242,1270,1512,0.1443430150934747
244,1260,1504,0.14437238880276226
243,1272,1515,0.14439361485528138
240,1284,1524,0.14441738354360364
239,1288,1527,0.14444658906792682
240,1287,1527,0.1444760459430709
240,1288,1528,0.1445008489031544
238,1284,1522,0.1445254705554434
239,1273,1512,0.14455440492279795
240,1275,1515,0.14457933400832615
246,1269,1515,0.1445996144657031
243,1269,1512,0.14460178713436758
239,1272,1511,0.1446123535752598
245,1284,1529,0.14463312223523567
245,1281,1526,0.1446380320914923
249,1270,1519,0.1446430352881545
252,1275,1527,0.14463841311246906
256,1275,1531,0.14462548152124044
260,1268,1528,0.14460313018412954
258,1269,1527,0.14457042567272588
257,1258,1515,0.14454371109487313
252,1247,1499,0.14452094196240275
251,1253,1504,0.14451047759637173
251,1247,1498,0.1445050063401941
251,1255,1506,0.14450133987708286
252,1257,1509,0.14449771442975978
245,1269,1514,0.14449285290084013
247,1266,1513,0.14450601723834613
241,1261,1502,0.14451281836530594
245,1263,1508,0.14453451774065887
247,1272,1519,0.14454409025129575
252,1268,1520,0.1445476040486059
251,1261,1512,0.14453702924131206
254,1266,1520,0.1445302135640142
254,1259,1513,0.14451728712719367
254,1259,1513,0.14450481103040252
257,1259,1516,0.144495283381424
253,1251,1504,0.1444788416710649
250,1253,1503,0.14447053579673125
251,1252,1503,0.14447033816754448
249,1260,1509,0.1444680394408713
240,1269,1509,0.14447133060347053
240,1273,1513,0.14449664429922005
240,1289,1529,0.1445212600992329
241,1292,1533,0.14454266950831174
237,1290,1527,0.14456251901715036
235,1284,1519,0.1445910515735151
232,1270,1502,0.1446232332509579
237,1258,1495,0.14466089753451147
236,1267,1503,0.14468149995770174
236,1274,1510,0.1447032507504096
236,1282,1518,0.14472518967398196
231,1273,1504,0.14474484612968572
226,1276,1502,0.14477693216871282
228,1276,1504,0.14481870397436997
229,1284,1513,0.14485270652759405
231,1288,1519,0.1448826346952777
227,1289,1516,0.14490520514792765
226,1294,1520,0.1449366799943775
224,1284,1508,0.144967552164285
220,1293,1513,0.14500229277917767
214,1281,1495,0.14504409807934868
212,1283,1495,0.14509841930492676
215,1302,1517,0.14515413875189082
212,1309,1521,0.1451989554229031
208,1296,1504,0.14524848736230905
208,1293,1501,0.14530480153645176
214,1299,1513,0.14535569991241218
210,1303,1513,0.1453893965258746
215,1312,1527,0.14543096423004392
217,1316,1533,0.1454543991749187
221,1301,1522,0.14547166901130978
222,1305,1527,0.14547932861369595
217,1297,1514,0.14548570793841778
219,1300,1519,0.14550396983011868
218,1287,1505,0.14551564235334094
218,1288,1506,0.1455280943810512
217,1303,1520,0.14554007557375553
214,1300,1514,0.14555475366357679
220,1300,1520,0.14557400327694497
219,1295,1514,0.14557664338608642
221,1292,1513,0.14558195390178208
213,1290,1503,0.1455820358469608
213,1289,1502,0.14560228797777214
215,1300,1515,0.14562113019771916
220,1284,1504,0.14563453159593728
220,1300,1520,0.14563637380285394
220,1302,1522,0.14563829694187297
220,1302,1522,0.14564146068059725
219,1301,1520,0.14564559295282553
216,1297,1513,0.14565133308916034
215,1305,1520,0.14566562976799977
212,1313,1525,0.14568061353464049
213,1307,1520,0.14569985460508106
209,1308,1517,0.14571494339933422
209,1309,1518,0.14574007266730246
209,1308,1517,0.14576301055444899
213,1300,1513,0.14578494212789675
213,1309,1522,0.14579517640834674
212,1313,1525,0.14580568798436971
209,1319,1528,0.1458186096069214
208,1307,1515,0.14583803934705922
209,1301,1510,0.14585935808047318
206,1304,1510,0.14587409350788522
206,1314,1520,0.14589634754246475
201,1323,1524,0.14591817216895367
196,1328,1524,0.14595165753122907
199,1321,1520,0.14599338945166945
199,1318,1517,0.1460248764058253
202,1300,1502,0.14605457467328253
203,1290,1493,0.14607377768853527
210,1299,1509,0.1460882576525238
213,1291,1504,0.14608516856914466
212,1301,1513,0.14607434466549785
212,1316,1528,0.14606617980381384
210,1318,1528,0.14605950718273217
209,1312,1521,0.1460593040017034
205,1306,1511,0.14606218412088487
206,1307,1513,0.1460749878438236
208,1314,1522,0.14608263580789882
208,1317,1525,0.14608403604347764
210,1317,1527,0.14608732975339975
211,1312,1523,0.1460828558736343
205,1301,1506,0.14607612058157346
206,1308,1514,0.146085089497464
204,1319,1523,0.14609145932129747
202,1311,1513,0.1461023481440374
201,1312,1513,0.14611726368074474
199,1312,1511,0.14613577129065258
193,1316,1509,0.14615822456899188
191,1318,1509,0.1461940006083142
189,1321,1510,0.1462301381475245
191,1315,1506,0.14626936834255902
194,1319,1513,0.14630185396999734
195,1318,1513,0.14632479001015788
191,1314,1505,0.14634355205647379
189,1320,1509,0.1463680684481531
191,1321,1512,0.14639624446996824
189,1319,1508,0.14641794158076266
194,1305,1499,0.1464445852300377
195,1304,1499,0.14645656136436358
195,1312,1507,0.1464655148518509
193,1304,1497,0.14647478351245596
194,1298,1492,0.14648786666913405
200,1306,1506,0.14649728749749147
193,1320,1513,0.14649297100752978
192,1322,1514,0.14650514129679715
189,1315,1504,0.14651957096176724
188,1317,1505,0.1465402685587556
186,1311,1497,0.14656251384151403
186,1312,1498,0.14658597932772985
190,1321,1511,0.1466077823668361
191,1323,1514,0.14661975371392671
191,1321,1512,0.14662841252350356
189,1327,1516,0.14663690700745588
190,1331,1521,0.14664946187580102
185,1324,1509,0.146657450215405
186,1319,1505,0.14667741636725082
192,1307,1499,0.14669455312614624
190,1326,1516,0.14669342150794726
194,1325,1519,0.14669532312174005
191,1348,1539,0.14668734229605856
188,1334,1522,0.14668884103543647
191,1322,1513,0.14669835727200656
194,1316,1510,0.14669847254068813
193,1320,1513,0.14669029782746507
192,1314,1506,0.14668556763522603
185,1318,1503,0.14668517000825124
183,1331,1514,0.14670355795999757
187,1337,1524,0.14672726239384778
185,1337,1522,0.14674084822250466
183,1339,1522,0.1467586618604016
187,1337,1524,0.14677883493182972
183,1334,1517,0.14678969132523093
179,1335,1514,0.14680904490886565
183,1344,1527,0.14683623722830055
177,1347,1524,0.14685140334501934
175,1336,1511,0.14688149637202322
173,1338,1511,0.14691423303788914
174,1331,1505,0.1469493335960532
172,1334,1506,0.146979373077224
172,1346,1518,0.14701129561626064
170,1361,1531,0.14704073015678812
167,1355,1522,0.14707321951638863
172,1348,1520,0.14711236881899084
169,1334,1503,0.14713685817347252
169,1346,1515,0.14716829289516428
175,1341,1516,0.14719495902197563
172,1333,1505,0.14720461125598144
169,1328,1497,0.14722204817457932
167,1334,1501,0.14724683006024505
171,1341,1512,0.14727591792404612
173,1352,1525,0.14729252384085342
172,1357,1529,0.14730480331465892
170,1347,1517,0.14731941121821474
165,1357,1522,0.14733850404312496
159,1358,1517,0.14736890597341815
161,1355,1516,0.14741280363860038
162,1363,1525,0.1474494104717642
159,1365,1524,0.14748030724696723
155,1361,1516,0.14751659925874272
153,1360,1513,0.1475599174036549
151,1366,1517,0.1476049776477575
146,1353,1499,0.1476527287474449
146,1359,1505,0.14770886040418943
146,1367,1513,0.14776068677061374
143,1358,1501,0.14780965430316725
144,1359,1503,0.14786143568013177
144,1354,1498,0.14790686818917437
143,1363,1506,0.1479491492162005
143,1371,1514,0.14799090124428338
141,1369,1510,0.14803070564429266
146,1365,1511,0.14807226881842667
145,1367,1512,0.14809917603510445
145,1362,1507,0.14812715774112822
144,1374,1518,0.14815419533884727
142,1383,1525,0.14818239785178483
140,1390,1530,0.14821268359352371
135,1394,1529,0.14824700186624487
135,1390,1525,0.1482912792942274
134,1392,1526,0.14833302151036473
133,1383,1516,0.14837471335706298
135,1396,1531,0.1484157760558408
135,1402,1537,0.14844790726241017
136,1393,1529,0.1484782191061432
135,1379,1514,0.14850399511056936
135,1384,1519,0.14853115200307393
130,1386,1516,0.14855595898224977
130,1391,1521,0.14859108445836702
131,1398,1529,0.14862447206233095
128,1396,1524,0.148653902002709
124,1387,1511,0.14868933720841537
121,1384,1505,0.1487326628856207
123,1394,1517,0.14877936865550112
123,1395,1518,0.14881718685321413
122,1383,1505,0.1488530464327828
123,1395,1518,0.14888888450076673
124,1406,1530,0.14892019570257842
123,1402,1525,0.14894788896818775
117,1396,1513,0.14897678939959724
115,1376,1491,0.14901833813475437
117,1381,1498,0.14906253147552212
122,1387,1509,0.14909751130327417
118,1388,1506,0.14911672815073782
117,1405,1522,0.14914485272256311
119,1404,1523,0.1491743162810141
120,1400,1520,0.14919662972578945
118,1401,1519,0.14921527320717148
117,1385,1502,0.1492374478881535
116,1392,1508,0.14926083503656795
117,1381,1498,0.14928569593268545
115,1377,1492,0.14930701533087143
113,1386,1499,0.14933073537394626
112,1396,1508,0.14935806501186863
118,1388,1506,0.14938686742477494
118,1389,1507,0.14939847348012447
116,1395,1511,0.149410072969695
116,1386,1502,0.14942653182728538
110,1382,1492,0.14944097748520643
112,1375,1487,0.14946950600388573
111,1386,1497,0.14949191289388822
113,1387,1500,0.14951328046476145
114,1402,1516,0.14952713836046708
115,1393,1508,0.1495354389347002
117,1392,1509,0.14954106309671625
117,1390,1507,0.14954133800342448
112,1391,1503,0.1495417965852472
113,1403,1516,0.14955460533620382
117,1398,1515,0.1495649223579375
116,1392,1508,0.14956414814656235
116,1402,1518,0.1495661620256197
118,1413,1531,0.14956955582464482
116,1406,1522,0.1495673172004072
116,1400,1516,0.1495711806183595
121,1406,1527,0.14957430330127838
120,1415,1535,0.1495629375496197
118,1412,1530,0.14955609302869657
115,1419,1534,0.14955612590005843
111,1413,1524,0.1495645748892042
106,1417,1523,0.1495830467439233
104,1423,1527,0.14961237788836917
105,1414,1519,0.14964526769715328
105,1416,1521,0.1496733703115229
105,1424,1529,0.14969954705961072
104,1435,1539,0.14972443371894145
101,1434,1535,0.14975057207894646
102,1435,1537,0.14978254587165143
104,1422,1526,0.14980992298565826
106,1413,1519,0.14982981717305155
106,1416,1522,0.14984300705775444
105,1418,1523,0.14985619909334022
101,1418,1519,0.14987089184742158
103,1425,1528,0.14989511000926037
106,1419,1525,0.14991235695876765
105,1416,1521,0.1499200126066206
107,1412,1519,0.1499295765294121
106,1414,1520,0.1499331760681285
107,1402,1509,0.1499389278050147
106,1400,1506,0.149942065421665
104,1407,1511,0.14994713182330022
101,1415,1516,0.14995623426183774
102,1420,1522,0.14997277915436752
97,1419,1516,0.1499843562434014
98,1416,1514,0.15000733597576196
96,1409,1505,0.1500262587835972
95,1409,1504,0.15004870038368495
95,1402,1497,0.1500735630206548
100,1405,1505,0.15009534946606917
103,1422,1525,0.15010259069880585
100,1416,1516,0.15010100105114965
105,1428,1533,0.15010688468385833
104,1432,1536,0.15009772842674077
108,1426,1534,0.15009317353692414
110,1417,1527,0.15007957962789972
110,1400,1510,0.15006236549208332
106,1402,1508,0.1500465367109932
104,1409,1513,0.15004217831810393
103,1419,1522,0.15004376809882508
100,1416,1516,0.15004798686139903
103,1406,1509,0.15006029478533608
104,1412,1516,0.15006136549110266
101,1398,1499,0.15006059439577715
98,1398,1496,0.1500677313990257
100,1407,1507,0.1500827419882106
99,1429,1528,0.15009174557683494
100,1421,1521,0.15010293487960655
98,1425,1523,0.150111193357331
98,1432,1530,0.15012430348012998
94,1418,1512,0.15013741511949616
96,1414,1510,0.15015975312449084
95,1413,1508,0.15017640587382564
94,1424,1518,0.15019516060031407
93,1435,1528,0.1502155624299114
92,1431,1523,0.15023659110912685
93,1430,1523,0.15025920243775523
92,1426,1518,0.1502783640935948
89,1419,1508,0.15029732089186498
88,1429,1517,0.15032171314499496
89,1435,1524,0.1503474488654671
82,1446,1528,0.15036864733910532
83,1440,1523,0.15040527471463164
78,1439,1517,0.1504377648062222
76,1446,1522,0.15048030425098324
78,1442,1520,0.15052539340837787
76,1439,1515,0.15056221794775745
75,1423,1498,0.150600515433976
74,1433,1507,0.1506385723319111
75,1440,1515,0.15067667846693708
77,1432,1509,0.1507096646390259
75,1423,1498,0.150734608301686
79,1433,1512,0.1507615761415299
81,1438,1519,0.15077743202878566
76,1434,1510,0.1507874744356462
76,1434,1510,0.1508104608573219
76,1444,1520,0.15083081938523424
75,1432,1507,0.15085058388243058
77,1434,1511,0.1508722196065314
77,1443,1520,0.1508868010326977
77,1437,1514,0.1509005773152527
72,1446,1518,0.15091418842441348
74,1459,1533,0.15093831272479571
74,1444,1518,0.15095700781092428
72,1441,1513,0.15097442669495062
74,1436,1510,0.15099616625867543
74,1439,1513,0.15101197516666662
72,1431,1503,0.15102694516903725
72,1433,1505,0.15104531431065077
74,1440,1514,0.15106310886835597
73,1452,1525,0.15107473129465743
73,1438,1511,0.15108766044059854
72,1429,1501,0.15110025694452514
71,1435,1506,0.15111438523496845
73,1441,1514,0.15112899210525316
74,1425,1499,0.15113718054250516
77,1419,1496,0.1511416809009681
76,1423,1499,0.15113713324731395
74,1427,1501,0.15113590185975156
72,1433,1505,0.15114055398466048
72,1438,1510,0.15115045934452043
74,1450,1524,0.15116052873449004
68,1449,1517,0.1511647199860726
68,1440,1508,0.15118345410634632
69,1442,1511,0.15120162148546373
70,1439,1509,0.15121634111037918
72,1438,1510,0.1512261332192248
73,1445,1518,0.1512304636354939
74,1445,1519,0.1512321266836816
75,1452,1527,0.1512312818678952
74,1448,1522,0.15122824904204848
71,1449,1520,0.1512286126509345
70,1439,1509,0.1512358542263219
69,1439,1508,0.15124556506424924
69,1441,1510,0.15125769932499694
70,1446,1516,0.15126949762843933
72,1447,1519,0.15127786303696525
72,1436,1508,0.15127977011674235
71,1438,1509,0.1512807303313724
74,1436,1510,0.15128377861904702
69,1436,1505,0.1512799806003655
71,1445,1516,0.1512890934691058
70,1446,1516,0.15129129190517351
72,1446,1518,0.15129667596555954
72,1450,1522,0.15129694458576437
72,1444,1516,0.15129629447731613
75,1452,1527,0.15129557530136026
75,1451,1526,0.15128659828981708
73,1439,1512,0.1512785292129534
75,1431,1506,0.1512762932166713
73,1437,1510,0.15126838163543868
73,1446,1519,0.15126613210563467
73,1454,1527,0.15126411231116685
73,1443,1516,0.15126164788506344
70,1443,1513,0.151259599313215
71,1446,1517,0.15126501243024934
71,1452,1523,0.15126790012575056
74,1448,1522,0.15127099162769175
75,1448,1523,0.15126639729358182
73,1446,1519,0.1512593416507587
72,1447,1519,0.15125719854627684
71,1444,1515,0.15125765097382485
73,1442,1515,0.15125895961903654
71,1449,1520,0.1512554593806133
72,1454,1526,0.1512577710908087
76,1450,1526,0.15125710532121472
76,1446,1522,0.1512455913885008
77,1440,1517,0.15123605043477795
77,1423,1500,0.15122422720298268
76,1421,1497,0.15121296033484935
77,1423,1500,0.1512055081936798
76,1434,1510,0.15119648353897425
76,1435,1511,0.15119067027507657
75,1444,1519,0.15118456821240286
73,1451,1524,0.1511813430941146
71,1441,1512,0.15118417770572898
69,1441,1510,0.1511922450842485
69,1449,1518,0.15120423792070328
67,1444,1511,0.15121632031293267
73,1449,1522,0.15123205504685322
75,1446,1521,0.15123049864962199
72,1441,1513,0.151222911428794
71,1445,1516,0.15122427873606006
71,1441,1512,0.1512284475482828
73,1438,1511,0.15123270251093973
71,1443,1514,0.15123205091520805
72,1439,1511,0.1512375988607081
71,1450,1521,0.15123866544900302
73,1452,1525,0.1512426835948194
72,1465,1537,0.1512416027366537
73,1460,1533,0.15124329392555935
73,1454,1527,0.15124315371575345
72,1455,1527,0.15124260674599543
73,1452,1525,0.15124503958435315
72,1443,1515,0.15124592946228424
74,1441,1515,0.15124900462154584
76,1451,1527,0.15124551532189845
75,1446,1521,0.15123771254770652
73,1442,1515,0.15123164908311415
70,1448,1518,0.15123171152135131
72,1437,1509,0.15123962999575544
68,1430,1498,0.15124271618784735
63,1442,1505,0.1512556411172053
65,1438,1503,0.1512800257713957
67,1438,1505,0.15129781126337707
66,1437,1503,0.1513085750822523
62,1467,1529,0.15132173476025546
61,1464,1525,0.15134408157879353
63,1450,1513,0.15136741207253868
65,1446,1511,0.15138424030312417
61,1450,1511,0.1513944915176711
60,1454,1514,0.1514142690481121
61,1458,1519,0.15143540515389226
62,1457,1519,0.15145196008222556
62,1473,1535,0.15146586989113817
62,1467,1529,0.15147974677823256
60,1468,1528,0.15149306634841928
56,1475,1531,0.15151052880950974
55,1464,1519,0.1515363851825357
55,1464,1519,0.1515627882459047
53,1452,1505,0.1515879186459705
54,1463,1517,0.15161666560196468
53,1464,1517,0.1516394813666848
54,1464,1518,0.1516638021143554
53,1455,1508,0.15168464651986813
51,1460,1511,0.1517064631611843
51,1455,1506,0.1517308060896399
49,1457,1506,0.15175413155407583
48,1470,1518,0.15178127479012557
46,1459,1505,0.1518094585214186
44,1454,1498,0.15184126325581693
46,1470,1516,0.15187662911984992
46,1478,1524,0.151904103113449
44,1462,1506,0.15193020858466297
45,1468,1513,0.1519595982287654
44,1476,1520,0.15198477946404254
43,1468,1511,0.15201147350979982
41,1479,1520,0.1520390031458602
43,1478,1521,0.152069710421514
43,1476,1519,0.1520925837092014
42,1479,1521,0.15211435671425413
42,1483,1525,0.15213730819782123
40,1487,1527,0.15215813878260806
38,1483,1521,0.1521826814336174
38,1485,1523,0.15221066287915844
38,1487,1525,0.15223713664229965
37,1490,1527,0.15226144973584158
38,1476,1514,0.15228703924394676
35,1478,1513,0.1523081013012194
36,1483,1519,0.15233511723307575
35,1496,1531,0.1523584156335441
36,1492,1528,0.15238265361684014
35,1498,1533,0.15240238248944715
36,1488,1524,0.1524233706463055
33,1492,1525,0.1524406677563154
33,1493,1526,0.15246444341925097
28,1480,1508,0.15248617920292676
28,1476,1504,0.1525183869508576
29,1484,1513,0.15254886864318365
30,1482,1512,0.15257450457150867
31,1477,1508,0.15259625267087215
30,1477,1507,0.152613114712903
30,1482,1512,0.15263164500370535
28,1485,1513,0.15264876393301718
25,1474,1499,0.15267015433777817
25,1480,1505,0.15269809236305243
26,1489,1515,0.1527240872627623
26,1492,1518,0.15274561956093285
27,1501,1528,0.152766162910881
26,1495,1521,0.15278308324878864
26,1490,1516,0.1528016689889648
26,1481,1507,0.1528193703985122
24,1480,1504,0.1528362085772732
24,1498,1522,0.15285695833398955
24,1504,1528,0.15287597150831705
24,1501,1525,0.15289404338246285
25,1487,1512,0.15291120193314783
26,1489,1515,0.1529242325570133
26,1493,1519,0.15293349313703847
25,1492,1517,0.15294250224106937
24,1489,1513,0.15295359325627322
24,1484,1508,0.15296675581009497
24,1501,1525,0.15297930850359973
24,1499,1523,0.1529903715332323
24,1487,1511,0.1530010055579978
24,1487,1511,0.1530111151450733
24,1482,1506,0.15302098271050657
23,1467,1490,0.15302966095602324
23,1481,1504,0.15304041990849993
21,1464,1485,0.15305073044752052
21,1476,1497,0.15306457521814157
23,1488,1511,0.15307746301116837
25,1485,1510,0.15308431936680858
27,1491,1518,0.15308487097880444
26,1496,1522,0.1530796437358556
29,1484,1513,0.1530776958586547
29,1487,1516,0.15306680847661983
31,1489,1520,0.15305735066422005
31,1488,1519,0.15304278133248295
34,1501,1535,0.15302988883176746
35,1489,1524,0.15300941330317872
34,1477,1511,0.15298701370249862
35,1480,1515,0.1529699083005832
36,1472,1508,0.15295161564647536
37,1486,1523,0.15293042158713452
38,1483,1521,0.15290836909074798
39,1477,1516,0.15288536926335117
39,1478,1517,0.15286223289249734
40,1474,1514,0.15284136744128682
38,1470,1508,0.15281854772397702
38,1474,1512,0.1528033704070445
39,1473,1512,0.15278955196891808
39,1475,1514,0.15277407679926516
38,1475,1513,0.15276022434923994
40,1463,1503,0.1527501123698661
41,1469,1510,0.15273549104804515
42,1467,1509,0.15271983498808844
42,1474,1516,0.15270248302390332
43,1484,1527,0.15268613465451403
41,1488,1529,0.1526682359290921
41,1492,1533,0.15265673890769274
41,1488,1529,0.1526465070099473
39,1473,1512,0.1526373967192875
38,1485,1523,0.15263407999963927
40,1483,1523,0.1526335470411189
40,1475,1515,0.15262772179314918
38,1483,1521,0.1526226572195965
36,1491,1527,0.15262323905994055
36,1482,1518,0.15262813067834016
37,1483,1520,0.15263301934803458
38,1465,1503,0.1526343324806419
39,1461,1500,0.15263346372248593
39,1475,1514,0.15263016351113057
38,1471,1509,0.15262746167029992
38,1489,1527,0.15262766974742306
40,1487,1527,0.15262703848370152
41,1475,1516,0.15262047167177964
40,1465,1505,0.15261174529861357
40,1463,1503,0.15260648103976368
40,1477,1517,0.15260208789258783
39,1482,1521,0.15259764418271562
38,1469,1507,0.15259629317020218
38,1479,1517,0.15259778934730858
38,1473,1511,0.15259960198094194
37,1480,1517,0.1526016607799262
38,1487,1525,0.15260627242854763
38,1494,1532,0.15260774526609258
39,1492,1531,0.1526079306591945
39,1481,1520,0.15260624693293678
38,1485,1523,0.1526050935135938
37,1482,1519,0.15260601786073866
35,1495,1530,0.1526096221983192
35,1498,1533,0.1526172132757819
35,1492,1527,0.1526249278049248
34,1488,1522,0.15263194475613415
34,1489,1523,0.15264142787953142
32,1493,1525,0.15265011130506612
29,1493,1522,0.15266323180629926
28,1496,1524,0.15268322364905626
31,1487,1518,0.15270372011248282
30,1487,1517,0.1527152111885233
30,1500,1530,0.15272882369068516
29,1489,1518,0.1527418902447218
29,1487,1516,0.15275669113721743
30,1484,1514,0.15277079983889327
27,1500,1527,0.15278100715355006
27,1493,1520,0.15279808175280837
29,1504,1533,0.15281432115786375
28,1487,1515,0.1528238168474585
29,1492,1521,0.15283542844653722
30,1497,1527,0.15284339706284705
30,1499,1529,0.15284796362061376
31,1483,1514,0.15285189557386755
30,1489,1519,0.15285309690241367
29,1485,1514,0.15285714584708568
28,1489,1517,0.15286384448590126
26,1489,1515,0.15287301324128216
26,1488,1514,0.1528869644738885
26,1486,1512,0.15289933803627093
26,1489,1515,0.15291122426417705
24,1492,1516,0.1529226161223556
27,1497,1524,0.15293811211489328
26,1493,1519,0.1529431928702021
27,1500,1527,0.152950713833749
26,1505,1531,0.15295491106606848
26,1498,1524,0.15296171169548642
26,1493,1519,0.15296848692999698
25,1491,1516,0.1529751872286065
26,1488,1514,0.15298453714545326
25,1477,1502,0.15299030474186356
22,1479,1501,0.15299826455335108
22,1488,1510,0.1530141254530792
22,1487,1509,0.15302935036466025
21,1486,1507,0.15304371147685303
21,1491,1512,0.1530596759369992
20,1493,1513,0.1530747112404749
20,1501,1521,0.1530911947646818
20,1489,1509,0.1531059973386001
21,1492,1513,0.15312001583777263
22,1493,1515,0.15313010498394383
22,1499,1521,0.15313655977624277
21,1512,1533,0.1531428824047524
22,1490,1512,0.15315140439436825
22,1488,1510,0.15315717003622523
21,1493,1514,0.15316276307957238
22,1504,1526,0.15317055759678788
21,1492,1513,0.1531755490278981
19,1496,1515,0.1531828176086998
20,1487,1507,0.15319447208592454
20,1475,1495,0.15320229328491253
19,1481,1500,0.15320922165609127
20,1501,1521,0.1532183338291377
19,1491,1510,0.15322407918043152
19,1480,1499,0.15323216893307984
18,1489,1507,0.1532400330395518
17,1486,1503,0.15324991307935062
16,1483,1499,0.15326202314496729
17,1492,1509,0.1532759877960216
17,1492,1509,0.15328675389604463
17,1494,1511,0.15329698621892304
18,1495,1513,0.1533067007481503
18,1492,1510,0.15331312762476393
18,1493,1511,0.15331930842886102
18,1468,1486,0.1533245240235715
19,1477,1496,0.15332963436600994
20,1483,1503,0.15333140707584422
20,1483,1503,0.15332929739785522
21,1497,1518,0.15332774277625358
20,1494,1514,0.15332347516515812
18,1487,1505,0.15332226204687685
18,1505,1523,0.15332669565350468
17,1503,1520,0.1533311279743631
17,1511,1528,0.15333785524410828
18,1503,1521,0.15334437553053232
17,1489,1506,0.15334745473727832
17,1497,1514,0.15335315826380597
17,1495,1512,0.15335871498718576
16,1508,1524,0.15336410678525383
15,1500,1515,0.153371648008162
15,1497,1512,0.15338129518426405
15,1494,1509,0.15339046897087233
15,1496,1511,0.15339918200730657
15,1496,1511,0.1534069255655456
15,1511,1526,0.15341433946028551
14,1494,1508,0.15342142400082198
13,1489,1502,0.1534306629553936
12,1505,1517,0.1534416752332204
12,1508,1520,0.15345446300291196
12,1488,1500,0.15346653480604225
11,1501,1512,0.1534779244006531
11,1511,1522,0.15349112862111255
11,1502,1513,0.15350356292103473
11,1503,1514,0.15351526802980994
10,1500,1510,0.1535262831142006
9,1510,1519,0.15353901376606877
9,1521,1530,0.1535532801797065
9,1521,1530,0.15356669345434248
10,1510,1520,0.15357930227618086
10,1511,1521,0.15358793115014877
8,1523,1531,0.15359614330153565
8,1515,1523,0.15360885697588625
7,1510,1517,0.15362088105561006
8,1503,1511,0.15363459452297565
7,1509,1516,0.1536443123741893
6,1524,1530,0.1536567187805857
6,1520,1526,0.15367087660958467
6,1518,1524,0.15368421683501296
6,1509,1515,0.1536967835665193
6,1514,1520,0.15370861896421978
6,1520,1526,0.1537197632609196
6,1523,1529,0.1537302547957029
5,1528,1533,0.1537401300565142
5,1512,1517,0.1537518367295423
5,1517,1522,0.15376284633405427
4,1507,1511,0.1537731985581886
5,1507,1512,0.1537853948049492
5,1505,1510,0.15379367903913704
5,1503,1508,0.15380083669319586
4,1516,1520,0.15380774469534125
3,1504,1507,0.15381684025984582
3,1507,1510,0.1538283823504416
4,1521,1525,0.15383929107164515
4,1518,1522,0.15384636871279475
5,1527,1532,0.15385316891685977
6,1528,1534,0.1538565007712745
6,1519,1525,0.15385661141669474
6,1520,1526,0.15385701629027732
6,1507,1513,0.15385766222001174
6,1509,1515,0.15385850345931673
6,1502,1508,0.15385950073263654
6,1517,1523,0.15386062039979304
6,1516,1522,0.1538618337245081
6,1519,1525,0.15386311623429377
6,1513,1519,0.15386444716047265
6,1518,1524,0.15386580894846358
6,1520,1526,0.15386718682967687
6,1510,1516,0.1538685684474197
6,1517,1523,0.1538699435301434
6,1509,1515,0.1538713036061818
6,1504,1510,0.15387264175484322
6,1518,1524,0.15387395238935309
6,1522,1528,0.1538752310676905
8,1523,1531,0.1538764743278525
7,1507,1514,0.15387139557069787
7,1510,1517,0.15386928227552113
7,1510,1517,0.15386749836879468
7,1504,1511,0.15386599958121994
6,1516,1522,0.15386474728758448
6,1506,1512,0.15386617367082633
6,1504,1510,0.15386679120840774
6,1504,1510,0.15386757807864737
6,1488,1494,0.15386849853147003
6,1503,1509,0.15386952212370686
6,1494,1500,0.15387062301062934
6,1487,1493,0.15387177932807655
7,1492,1499,0.1538729726538139
8,1494,1502,0.15387103927881843
7,1490,1497,0.15386614651741215
7,1482,1489,0.15386421295690722
7,1502,1509,0.15386262912931672
6,1503,1509,0.15386134439348176
6,1507,1513,0.15386269636697905
6,1511,1517,0.15386411093614363
6,1503,1509,0.1538655646530958
6,1514,1520,0.15386703812701236
6,1517,1523,0.15386851542716573
6,1521,1527,0.1538699835687472
6,1517,1523,0.1538714320702776
6,1511,1517,0.15387285257290892
4,1511,1515,0.15387423851321544
4,1509,1513,0.15388049272147172
4,1502,1506,0.1538863868601483
4,1505,1509,0.1538919384484474
4,1520,1524,0.15389716464722308
4,1521,1525,0.15390208217753035
4,1516,1520,0.15390670725852762
4,1511,1515,0.15391105556159362
4,1504,1508,0.15391514217797442
4,1506,1510,0.1539189815976677
4,1512,1516,0.15392258769759048
4,1514,1518,0.15392597373736547
4,1508,1512,0.1539291523613122
4,1505,1509,0.1539321356054436
4,1501,1505,0.15393493490845273
4,1511,1515,0.1539375611258329
4,1501,1505,0.15394002454641065
4,1515,1519,0.15394233491068554
3,1507,1510,0.15394450143047256
3,1508,1511,0.15394891487199366
3,1506,1509,0.1539530571650092
3,1515,1518,0.15395694415809974
3,1511,1514,0.15396059090557043
3,1521,1524,0.15396401168575338
3,1522,1525,0.15396722002288676
3,1511,1514,0.15397022871165966
3,1526,1529,0.15397304984366694
3,1517,1520,0.15397569483514903
3,1517,1520,0.15397817445550369
3,1525,1528,0.15398049885615075
3,1525,1528,0.15398267759941076
3,1535,1538,0.15398471968712474
3,1510,1513,0.1539866335888001
3,1516,1519,0.15398842726911277
1,1522,1523,0.15399010821463746
1,1513,1514,0.15399657641005615
1,1512,1513,0.15400265130186508
1,1520,1521,0.15400835678260125
1,1499,1500,0.15401371529020716
1,1510,1511,0.15401874789774056
1,1515,1516,0.15402347439731506
3,1510,1513,0.15402791337868302
3,1505,1508,0.15402576290057654
3,1510,1513,0.15402393269022505
3,1518,1521,0.15402237909445662
3,1525,1528,0.1540210642327448
3,1521,1524,0.15401995524094894
3,1504,1507,0.15401902361399822
3,1498,1501,0.15401824463455424
3,1516,1519,0.15401759687638894
3,1516,1519,0.15401706177269553
3,1511,1514,0.1540166232408313
3,1515,1518,0.15401626735610946
4,1515,1519,0.15401598206822376
4,1493,1497,0.15401258508329607
4,1502,1506,0.15400953593611114
4,1497,1501,0.1540067968236653
4,1514,1518,0.154004334234281
4,1519,1523,0.15400211844566772
4,1532,1536,0.1540001230828663
3,1534,1537,0.15399832472884017
3,1506,1509,0.15399917162273696
2,1511,1513,0.15400001816719147
2,1516,1518,0.15400332136961326
2,1511,1513,0.1540064548303037
2,1502,1504,0.15400942385038074
1,1494,1495,0.15401223414795995
1,1511,1512,0.15401740334125155
1,1511,1512,0.15402225870401817
1,1500,1501,0.1540268186287764
1,1493,1494,0.15403110053259644
1,1499,1500,0.154035120893114
1,1513,1514,0.15403889528582362
1,1521,1522,0.1540424384220803
1,1522,1523,0.15404576418734045
1,1521,1522,0.15404888567926064
2,1507,1509,0.15405181524534736
2,1514,1516,0.1540515434175836
2,1511,1513,0.1540513633400587
2,1516,1518,0.15405125960236668
2,1523,1525,0.15405121901873836
2,1524,1526,0.15405123032383278
2,1528,1530,0.1540512839092248
2,1526,1528,0.1540513715951947
2,1531,1533,0.1540514864331359
2,1524,1526,0.15405162253451862
2,1537,1539,0.15405177492288102
2,1531,1533,0.15405193940578862
2,1522,1524,0.15405211246410497
2,1510,1512,0.15405229115626934
1,1516,1517,0.15405247303558195
1,1520,1521,0.15405517054900641
1,1508,1509,0.15405770423890586
1,1505,1506,0.15406008370833935
1,1515,1516,0.1540623180505366
0,1521,1521,0.1540644158679022
