1352,30,1382,0.13579578383352356
1370,33,1403,0.13299664587402965
1406,32,1438,0.13040233053976125
1414,31,1445,0.12794255750772554
1421,32,1453,0.12568320132437816
1434,32,1466,0.12360746500536379
1459,32,1491,0.12168134068007641
1464,35,1499,0.11986211501839422
1463,33,1496,0.11819475326056647
1462,32,1494,0.11667951120633159
1470,32,1502,0.11530548031399553
1472,33,1505,0.11403656111962654
1469,33,1502,0.1128784329720284
1458,32,1490,0.11183285763894947
1458,30,1488,0.11090934584892338
1462,30,1492,0.11007058606281736
1458,31,1489,0.10929939842938907
1475,28,1503,0.10860786484744026
1465,28,1493,0.10793838839998891
1472,28,1500,0.10735281608859891
1469,28,1497,0.10680374964022463
1473,27,1500,0.10631085274023584
1472,28,1500,0.10585299082529992
1466,28,1494,0.10543752421208037
1461,28,1489,0.10507453798776441
1477,28,1505,0.10475572814355116
1466,29,1495,0.10442936617117732
1451,31,1482,0.10415729901974789
1448,34,1482,0.10394544828154999
1444,35,1479,0.1037610629961889
1464,35,1499,0.10360482546788727
1463,34,1497,0.10341614274919181
1453,36,1489,0.1032464218937724
1462,36,1498,0.10311545770907454
1466,37,1503,0.10297828728088751
1457,37,1494,0.1028443690621077
1456,40,1496,0.1027424148228759
1447,41,1488,0.10265095091488169
1463,41,1504,0.10258868899723904
1450,41,1491,0.1024970845570892
1458,44,1502,0.10244371425334324
1456,45,1501,0.1023778375680861
1446,45,1491,0.10232344396960777
1448,45,1493,0.10229714364949274
1445,45,1490,0.10226789900459873
1449,43,1492,0.10224841105063943
1445,45,1490,0.1022230619287626
1454,45,1499,0.10220826329518755
1457,44,1501,0.10217468623428358
1456,43,1499,0.1021379830580873
1445,43,1488,0.10210767532610644
1442,42,1484,0.10210577263386515
1452,43,1495,0.1021124456975529
1450,47,1497,0.10209628829902545
1447,49,1496,0.10208753728778298
1447,48,1495,0.10208520268963912
1453,50,1503,0.10208183011075647
1455,49,1504,0.10206599849356347
1451,51,1502,0.10204598817246907
1445,51,1496,0.10203714642226788
1444,53,1497,0.10204197848818555
1455,53,1508,0.1020490612402622
1447,55,1502,0.10203152888171839
1445,57,1502,0.10203262340496369
1434,59,1493,0.10204047490854984
1449,60,1509,0.10207333875653558
1447,60,1507,0.10207185613409346
1457,62,1519,0.10207466607179665
1450,63,1513,0.1020540881182176
1441,63,1504,0.10205271071771818
1431,65,1496,0.10207404173953424
1431,64,1495,0.10211550774707451
1436,66,1502,0.10215282076843213
1438,65,1503,0.10217702126753285
1438,66,1504,0.10219399198640866
1429,66,1495,0.10220943525105863
1429,68,1497,0.1022440372382236
1435,69,1504,0.10227712137678552
1439,68,1507,0.1022935867926007
1434,68,1502,0.10230194270935639
1438,68,1506,0.10232101875278513
1440,68,1508,0.10233001261986605
1429,71,1500,0.10233394259907179
1426,73,1499,0.10236037294825592
1405,75,1480,0.10239277568208743
1403,74,1477,0.10246975858950443
1410,74,1484,0.10254678200970443
1421,75,1496,0.10260276809563024
1420,76,1496,0.1026302026603199
1422,74,1496,0.10265725271147548
1425,74,1499,0.1026773792748223
1425,75,1500,0.10268995099649475
1420,75,1495,0.10270168712554653
1422,78,1500,0.10272427118327018
1418,79,1497,0.10274091790428756
1424,77,1501,0.10276234714421725
1410,77,1487,0.1027690153196421
1427,79,1506,0.1028061958818057
1428,83,1511,0.10280383259356331
1424,83,1507,0.1028012471432291
1408,81,1489,0.10280810731213723
1392,81,1473,0.10285067704715728
1406,80,1486,0.1029249358369714
1413,75,1488,0.10296121005702301
1406,77,1483,0.10297861904575104
1421,81,1502,0.10300951811397571
1420,83,1503,0.1030022317571849
1412,81,1493,0.1029982620827802
1425,80,1505,0.10301417177477877
1410,80,1490,0.10299934064840581
1415,78,1493,0.10301991112114192
1415,77,1492,0.10302821670248662
1406,78,1484,0.1030336756668872
1414,79,1493,0.1030595051587526
1416,79,1495,0.10306495897792078
1411,82,1493,0.10306637802582026
1421,83,1504,0.10307993528891274
1424,77,1501,0.10307144473708724
1415,76,1491,0.10305680176508066
1402,76,1478,0.10306182563499844
1408,75,1483,0.10309465893093367
1410,78,1488,0.10311078625083157
1422,76,1498,0.10312202343552195
1430,80,1510,0.10310516803161077
1428,80,1508,0.10307168728811526
1428,83,1511,0.10304461617346597
1426,85,1511,0.10302184924294173
1419,84,1503,0.10300706774069131
1420,83,1503,0.10300984372346617
1418,88,1506,0.1030103463362504
1419,87,1506,0.10301586623834201
1416,89,1505,0.10301839119866511
1409,87,1496,0.10302782053391858
1402,87,1489,0.10305310135328488
1408,84,1492,0.10309173961510484
1420,88,1508,0.1031141769996349
1417,88,1505,0.10310751687354029
1414,85,1499,0.1031101761045954
1413,84,1497,0.10312010046264788
1427,83,1510,0.10313010048300467
1432,80,1512,0.10310705270903736
1429,80,1509,0.10307359079737263
1422,80,1502,0.10304903429374641
1416,81,1497,0.103043484753646
1410,77,1487,0.10304917297548286
1408,76,1484,0.10306875374381803
1412,73,1485,0.1030897371163097
1420,73,1493,0.1031013622607197
1419,75,1494,0.10309132215406601
1423,75,1498,0.10308287600542235
1419,77,1496,0.10306518960933075
1406,74,1480,0.10305913138580677
1420,78,1498,0.10308314410309587
1406,78,1484,0.10307439340191
1411,77,1488,0.10309985364988236
1407,73,1480,0.10310994791074118
1403,69,1472,0.10312915957466152
1408,74,1482,0.10315441083197908
1404,73,1477,0.10316674988345362
1407,72,1479,0.10318819041122496
1397,73,1470,0.1031997125678431
1404,77,1481,0.10323293176588588
1402,76,1478,0.10324850718246187
1415,75,1490,0.10326606770318854
1417,79,1496,0.10325256386622787
1420,81,1501,0.10323415543580626
1413,79,1492,0.10321168881801084
1420,82,1502,0.10320425774468468
1403,82,1485,0.10318390282949709
1407,82,1489,0.10320401391538475
1407,81,1488,0.1032146245142908
1416,84,1500,0.1032250522961665
1420,86,1506,0.10321284603381027
1418,83,1501,0.10319269853944743
1429,89,1518,0.10317934793472555
1424,90,1514,0.1031420958160529
1416,92,1508,0.10312020087020425
1411,91,1502,0.1031202695832437
1400,92,1492,0.10313242424292002
1392,92,1484,0.10316859003466326
1385,89,1474,0.10322077809872578
1393,89,1482,0.10328534785234952
1401,91,1492,0.10332512568391188
1398,93,1491,0.1033446398046237
1406,93,1499,0.10336882071429077
1405,94,1499,0.10337179117374731
1399,95,1494,0.10337910938982063
1400,95,1495,0.10339944557161569
1392,99,1491,0.10341707188861028
1391,100,1491,0.10344938776115936
1394,100,1494,0.10347978380727875
1407,99,1506,0.10350195647718669
1414,101,1515,0.10349557011598393
1420,102,1522,0.1034721306196657
1407,102,1509,0.10343693855523721
1403,103,1506,0.10343484418230359
1398,102,1500,0.10344188559663087
1388,104,1492,0.10346140869963664
1400,103,1503,0.10350117376870728
1396,106,1502,0.10351170960174473
1393,106,1499,0.1035296991336478
1390,106,1496,0.10355513254568888
1392,107,1499,0.10358323081560095
1390,106,1496,0.10360623198415189
1391,105,1496,0.10363255776038213
1387,107,1494,0.10365563639235827
1392,108,1500,0.10368426187363053
1395,107,1502,0.1037001894053138
1407,109,1516,0.1037083310556498
1399,112,1511,0.1036899713001821
1398,115,1513,0.10369145727497674
1396,115,1511,0.10369529435268966
1384,116,1500,0.10370475472202802
1388,118,1506,0.10374061068010214
1378,120,1498,0.10376519325723865
1379,125,1504,0.10381099534413962
1366,128,1494,0.10385093750117072
1360,134,1494,0.10391718197113434
1361,135,1496,0.10399157904324977
1363,134,1497,0.10405816844569252
1366,133,1499,0.10411607823960604
1372,133,1505,0.10416321578800648
1368,134,1502,0.10419240103322658
1351,135,1486,0.1042295928054434
1343,138,1481,0.10430355007796367
1344,138,1482,0.10438953953972728
1355,137,1492,0.10446617727532265
1360,143,1503,0.10451195235846661
1360,141,1501,0.10454129252627518
1359,140,1499,0.10456964945785355
1345,141,1486,0.10459885362162737
1351,139,1490,0.10465610608714972
1364,140,1504,0.10469786021227297
1353,142,1495,0.10470489430043248
1355,145,1500,0.10473689830762709
1340,146,1486,0.10476152716309758
1341,142,1483,0.10481838877945446
1346,141,1487,0.10486964040500334
1354,144,1498,0.10490550412984913
1343,148,1491,0.1049197872076811
1352,146,1498,0.10495759526981052
1353,141,1494,0.10497202819093732
1358,141,1499,0.10498485692442007
1353,145,1498,0.10498241445347978
1353,144,1497,0.10499367151883686
1349,148,1497,0.10500455931776695
1339,149,1488,0.10502519094179878
1332,155,1487,0.1050669585090701
1336,153,1489,0.10512202010849948
1331,156,1487,0.10516650771113017
1340,155,1495,0.10522026553971336
1352,155,1507,0.10524792373286505
1346,156,1502,0.10524444083163395
1359,152,1511,0.1052552840463483
1351,157,1508,0.10523664839022652
1341,159,1500,0.1052373639390405
1338,159,1497,0.10526316115336237
1339,157,1496,0.10529460486034224
1353,156,1509,0.1053232381752396
1347,158,1505,0.10531770914135728
1345,152,1497,0.1053246971502492
1339,158,1497,0.1053325670631098
1328,161,1489,0.10535460237669822
1318,164,1482,0.10540153329403988
1313,162,1475,0.10546965335021947
1323,165,1488,0.10554478851508944
1344,163,1507,0.10559367373005682
1335,161,1496,0.1055915916883258
1333,166,1499,0.10560725656344964
1331,166,1497,0.10562729613791041
1324,166,1490,0.10565143652645262
1318,167,1485,0.10568692388036156
1323,165,1488,0.1057334308195028
1324,164,1488,0.10576648306270255
1314,166,1480,0.10579365085104993
1318,173,1491,0.10583888141294544
1309,172,1481,0.10587178383066892
1309,167,1476,0.10592317585203771
1317,171,1488,0.10597271050995229
1315,177,1492,0.10600194623336395
1313,180,1493,0.10603499995237761
1305,181,1486,0.10607052597536405
1300,177,1477,0.1061205249261823
1294,175,1469,0.1061775444861547
1297,174,1471,0.10624254925700331
1291,179,1470,0.10629578066773983
1295,178,1473,0.10635601099601924
1308,178,1486,0.10640110043788749
1311,176,1487,0.10641303385314466
1305,171,1476,0.10641791368770476
1293,179,1472,0.1064372315714208
1298,183,1481,0.10648185735422779
1314,186,1500,0.10651235316984466
1295,185,1480,0.10650293030322439
1301,184,1485,0.1065396651875529
1294,188,1482,0.10655900876729038
1298,189,1487,0.10659501439697422
1297,191,1488,0.10661990963977448
1306,190,1496,0.10664522067374722
1303,187,1490,0.1066481849516766
1317,193,1510,0.10665738522480166
1318,192,1510,0.10663407056464312
1293,195,1488,0.1066135986814275
1285,201,1486,0.10665231886387673
1286,200,1486,0.10670778899515736
1299,200,1499,0.10675574312130674
1299,199,1498,0.10677073187402318
1288,201,1489,0.10678328451859093
1290,203,1493,0.10682168595494355
1297,208,1505,0.1068542469967976
1297,204,1501,0.10686751831902828
1299,203,1502,0.10687962096900855
1297,198,1495,0.10688561167251684
1299,196,1495,0.10689412355111631
1290,204,1494,0.10689758725376737
1309,204,1513,0.10692130059899868
1303,204,1507,0.10689816436952619
1293,207,1500,0.10689189699761745
1296,207,1503,0.1069098293190757
1297,201,1498,0.10692124243821702
1303,206,1509,0.10692906651001007
1305,204,1509,0.10692172004145452
1302,203,1505,0.1069117141721713
1314,206,1520,0.10690782995710808
1303,202,1505,0.10687852885636519
1299,205,1504,0.1068730878105033
1295,210,1505,0.10688013297989904
1301,211,1512,0.1068965398009783
1312,212,1524,0.10690010995682428
1301,208,1509,0.10687723444666566
1290,203,1493,0.1068814201070852
1288,201,1489,0.10690745043194495
1279,206,1485,0.1069369156518838
1275,210,1485,0.10698615423883492
1286,207,1493,0.10704131083397328
1287,207,1494,0.10706183436378763
1296,207,1503,0.10707999089772605
1285,209,1494,0.10707889365253663
1291,212,1503,0.10710421016176014
1283,216,1499,0.10711252832795892
1283,222,1505,0.10713864909460895
1283,219,1502,0.10716487365797675
1281,218,1499,0.10719130702565766
1270,218,1488,0.10722072972792983
1270,216,1486,0.10727498224257982
1266,221,1487,0.10732488683632269
1264,226,1490,0.10737763200437613
1273,222,1495,0.10742995076105152
1276,219,1495,0.10745898639598145
1274,220,1494,0.10747908587328196
1266,225,1491,0.10750074468167423
1271,224,1495,0.10753873523110247
1277,227,1504,0.10756027697247113
1280,225,1505,0.10756554539282542
1281,223,1504,0.10756097264167186
1281,224,1505,0.10755774314867679
1269,229,1498,0.10755606748199108
1260,229,1489,0.10758440700425663
1247,227,1474,0.10763180000439294
1252,233,1485,0.10770498456902919
1258,231,1489,0.107760474674259
1258,232,1490,0.10779786118075879
1260,235,1495,0.10783382433473047
1258,237,1495,0.10786254777923858
1270,235,1505,0.10789390641859331
1280,235,1515,0.10789270082715838
1267,235,1502,0.10786957632400221
1263,239,1502,0.10788031996593798
1261,238,1499,0.10790081204048743
1268,241,1509,0.10792326609873364
1272,238,1510,0.10792753638470243
1278,238,1516,0.10792513949656307
1267,244,1511,0.10791131502171109
1264,245,1509,0.10792321590752078
1268,245,1513,0.10794177346251217
1255,246,1501,0.1079487886202492
1240,240,1480,0.10798679276493839
1241,237,1478,0.10805562563970483
1250,239,1489,0.10811765284698836
1258,240,1498,0.10815197104997949
1256,240,1496,0.10816367245253597
1250,238,1488,0.10817915526250697
1248,236,1484,0.1082087100029071
1261,239,1500,0.10824316176950882
1258,238,1496,0.10824467797143898
1262,242,1504,0.10825348604824095
1253,247,1500,0.10825384824584994
1237,243,1480,0.10827529122029343
1239,240,1479,0.10833187142909327
1244,243,1487,0.10838363038603704
1247,249,1496,0.10841783685626467
1251,246,1497,0.1084425597767637
1251,244,1495,0.10845382981500216
1253,250,1503,0.1084636199252097
1238,250,1488,0.10846900406669974
1227,252,1479,0.10850938732972792
1235,256,1491,0.10857302197797904
1229,258,1487,0.10861533903638049
1238,256,1494,0.10866794467507013
1240,259,1499,0.10869532189374041
1245,257,1502,0.10871513489392219
1242,260,1502,0.10872386790777579
1244,265,1509,0.10873767323385682
1257,262,1519,0.1087468807254559
1248,257,1505,0.10872772329807973
1237,264,1501,0.10873282097551193
1228,262,1490,0.10876087282452492
1228,264,1492,0.10880585467352183
1221,265,1486,0.10884831657931147
1213,266,1479,0.10890451870460276
1215,271,1486,0.10897723426223468
1216,274,1490,0.10904074887467267
1214,274,1488,0.10909886714666421
1226,277,1503,0.10915399660244614
1220,280,1500,0.1091790259317115
1216,287,1503,0.10921625435416032
1209,286,1495,0.10925883354541882
1205,286,1491,0.10931486972794355
1202,280,1482,0.10937741858300452
1210,282,1492,0.10944113730774109
1218,274,1492,0.10948253810699476
1213,275,1488,0.10950242797788758
1212,272,1484,0.1095310287630084
1198,272,1470,0.10955919417053522
1204,273,1477,0.10961568572415673
1198,278,1476,0.10965579773626125
1190,273,1463,0.10970522423132348
1205,280,1485,0.10977119438462239
1214,278,1492,0.10979753183736513
1207,271,1478,0.10980001665620388
1203,268,1471,0.10981763304775626
1216,272,1488,0.10984265278724373
1220,274,1494,0.10983339908860522
1226,278,1504,0.1098157295751163
1219,275,1494,0.10978537248567868
1234,272,1506,0.1097755326952426
1238,270,1508,0.10973222743918093
1243,267,1510,0.10968259846794483
1226,268,1494,0.10962156985570734
1220,269,1489,0.1096021151731292
1216,274,1490,0.10959988875964118
1214,270,1484,0.1096069379585877
1207,271,1478,0.10962025529190617
1217,267,1484,0.10965014556595482
1221,270,1491,0.10965677469597873
1229,278,1507,0.10965295155344322
1226,275,1501,0.10963204304304694
1229,278,1507,0.10961942939334342
1217,272,1489,0.10960002236472938
1204,274,1478,0.10961087114932852
1215,272,1487,0.10965325084045335
1206,276,1482,0.10966653457001961
1211,273,1484,0.1096977659039583
1212,272,1484,0.10971600327710536
1227,275,1502,0.10973175541021422
1225,281,1506,0.10971414810682711
1233,272,1505,0.10970368744796012
1224,274,1498,0.10967180193606792
1216,279,1495,0.10966434479104378
1222,284,1506,0.10967487455074233
1225,285,1510,0.10967322996424624
1220,288,1508,0.10966674285195462
1228,286,1514,0.10967368541456246
1222,284,1506,0.10966141173968694
1218,286,1504,0.10966532633871921
1217,288,1505,0.10967778037684496
1210,288,1498,0.10969219393497859
1200,290,1490,0.10972183809417356
1190,291,1481,0.10977019396184129
1191,290,1481,0.10983929324860096
1184,295,1479,0.10990102420403854
1199,290,1489,0.10997349156306661
1198,289,1487,0.11000588722911118
1208,288,1496,0.11003895416268614
1208,291,1499,0.11004503093167449
1187,291,1478,0.11005180924720762
1199,291,1490,0.11010557064871448
1197,286,1483,0.11012727222348839
1180,290,1470,0.11014927149029777
1177,289,1466,0.1102078833816387
1186,295,1481,0.11027015791058936
1196,295,1491,0.1103079563474108
1204,293,1497,0.1103217131290317
1212,294,1506,0.11031394431581212
1208,292,1500,0.11028677949499813
1194,293,1487,0.11026923604722307
1204,283,1487,0.11028406230222766
1206,286,1492,0.1102743828703405
1204,281,1485,0.1102593279314155
1207,284,1491,0.11025074681233217
1197,288,1485,0.11023858711504865
1216,289,1505,0.11025255835385986
1204,292,1496,0.11022103055186261
1204,291,1495,0.11021891406355291
1206,295,1501,0.11021982534052484
1204,291,1495,0.11021570425062194
1208,287,1495,0.1102178735647117
1209,293,1502,0.11020930620665459
1195,290,1485,0.11019819716208602
1212,291,1503,0.11021900585889265
1204,293,1497,0.11019748844890107
1196,290,1486,0.11019491493230435
1203,294,1497,0.11021220093950944
1203,298,1501,0.110214242354336
1200,302,1502,0.11021768489225883
1191,296,1487,0.11022894773968979
1204,300,1504,0.11025984583732437
1199,299,1498,0.11025755627032108
1208,301,1509,0.11026717439012636
1195,302,1497,0.11025590124724541
1196,299,1495,0.11027704050418424
1190,307,1497,0.11029350158894058
1200,305,1505,0.11032529551367419
1197,306,1503,0.11033042411614752
1197,301,1498,0.11034126541959473
1202,303,1505,0.11034835221900571
1191,300,1491,0.11034458097715426
1186,303,1489,0.11036736937101502
1185,305,1490,0.11040250798897812
1202,306,1508,0.110437663936205
1194,314,1508,0.11043393212205373
1179,313,1492,0.11045005236315099
1181,317,1498,0.11049663725810921
1177,317,1494,0.11053563597757295
1180,315,1495,0.11057944440611134
1186,319,1505,0.11061567906618688
1180,321,1501,0.11063687131873018
1184,325,1509,0.11066814685247639
1179,327,1506,0.11068796908688
1190,324,1514,0.11071885501845438
1192,326,1518,0.11071928037159712
1184,315,1499,0.11071606365129881
1186,321,1507,0.11073315940211202
1190,324,1514,0.11074686862611696
1182,331,1513,0.11074802613596166
1171,330,1501,0.11077042629017779
1167,325,1492,0.1108152390180431
1168,315,1483,0.11086736305123583
1168,312,1480,0.11091023589988452
1179,318,1497,0.11094883329599516
1183,312,1495,0.110956504490571
1178,312,1490,0.11095723503762883
1180,314,1494,0.11096793873574477
1172,318,1490,0.11097497628002369
1169,310,1479,0.11099959926732536
1177,321,1498,0.11103056708862095
1186,320,1506,0.11103812498465596
1173,323,1496,0.11102559006587684
1180,326,1506,0.11104351724514303
1179,329,1508,0.111043223727869
1177,328,1505,0.11104691499843901
1176,328,1504,0.11105616521187783
1183,324,1507,0.1110697869056498
1179,317,1496,0.11106744811077857
1197,321,1518,0.11107147546022712
1201,320,1521,0.11103455012542414
1190,322,1512,0.11098670586053667
1180,322,1502,0.11097000904077416
1182,324,1506,0.11097750558306746
1187,326,1513,0.11097814542510324
1185,322,1507,0.11096601239062523
1178,320,1498,0.11096046347927299
1182,328,1510,0.11097410530430878
1184,322,1506,0.11098047385291711
1174,324,1498,0.1109776714608374
1179,330,1509,0.11099929223569667
1178,328,1506,0.11100716566677829
1182,331,1513,0.11101817060421272
1186,325,1511,0.11101971228839805
1166,328,1494,0.11101168348408207
1172,332,1504,0.11105124071717927
1170,333,1503,0.11107370963037067
1160,341,1501,0.1110993908513116
1139,342,1481,0.11114756003598776
1145,341,1486,0.11124039649080561
1144,343,1487,0.1113129130839861
1144,353,1497,0.11138353203560399
1139,358,1497,0.11145021380778938
1131,362,1493,0.11152544881387737
1129,367,1496,0.11161344774095411
1135,368,1503,0.1117002989045779
1137,370,1507,0.11176825392269858
1133,370,1503,0.11182455893944138
1123,360,1483,0.11188432538170917
1117,363,1480,0.11196176469557656
1114,363,1477,0.11204718649612942
1125,372,1497,0.11213261656173387
1135,372,1507,0.11218734887708909
1124,372,1496,0.11221627919947613
1108,380,1488,0.11226744956651863
1108,382,1490,0.11235322333123862
1109,383,1492,0.11243300264699138
1112,379,1491,0.11250404102342394
1115,382,1497,0.11256272241883729
1117,382,1499,0.11261013583501528
1112,381,1493,0.11264960579673274
1112,382,1494,0.11269913479305323
1122,380,1502,0.11274555901375072
1123,383,1506,0.11276290983685501
1124,383,1507,0.11277750208570446
1119,379,1498,0.11278957631001793
1103,384,1487,0.11281374621382519
1105,387,1492,0.11287298686167854
1096,390,1486,0.11292338731721024
1104,385,1489,0.11299199110349206
1094,385,1479,0.11303741926237752
1099,382,1481,0.11310242920834412
1104,388,1492,0.11315082102323296
1115,386,1501,0.11318294928713701
1110,388,1498,0.11319071452889042
1104,388,1492,0.11320940467804774
1115,395,1510,0.11324181830894449
1113,395,1508,0.11324385249472389
1114,397,1511,0.11324927838990927
1115,390,1505,0.11325322169787684
1116,392,1508,0.11325665599619693
1108,395,1503,0.11325492719852903
1110,399,1509,0.11327340237649128
1112,395,1507,0.11328473949887324
1120,397,1517,0.11329096010319692
1120,394,1514,0.11327982343562061
1113,391,1504,0.11327095849731618
1107,390,1497,0.11328097113542009
1099,395,1494,0.1133034750520067
1093,405,1498,0.11334337345184974
1087,410,1497,0.1133933308895483
1091,407,1498,0.1134560230603104
1082,400,1482,0.11350753086571093
1082,406,1488,0.11357459943107007
1082,404,1486,0.1136376179093326
1069,408,1477,0.11369521964027836
1074,412,1486,0.11377768595302715
1080,407,1487,0.1138429566954302
1086,405,1491,0.11388878728666611
1090,413,1503,0.11391855249385952
1077,412,1489,0.11393759237588337
1080,415,1495,0.11398168824104658
1086,407,1493,0.11401493358283966
1078,407,1485,0.1140298313307327
1075,414,1489,0.11406270766269355
1080,418,1498,0.11410110886177993
1067,426,1493,0.11412490234715694
1078,419,1497,0.11417488223134928
1075,421,1496,0.1141962673947976
1082,416,1498,0.11422427399558284
1074,423,1497,0.1142355758414565
1063,421,1484,0.11426680616757434
1064,417,1481,0.114323214060054
1062,418,1480,0.11437256324211444
1058,421,1479,0.11442345652089778
1060,421,1481,0.11447731708227657
1080,420,1500,0.11452279447885715
1091,415,1506,0.11451622207741952
1092,412,1504,0.11448551447148433
1089,415,1504,0.11445458671542247
1083,419,1502,0.11443348577210977
1087,420,1507,0.1144310313161199
1081,421,1502,0.1144211668713345
1075,424,1499,0.11442527321533616
1076,429,1505,0.1144435789201432
1060,434,1494,0.11445975711220256
1062,435,1497,0.1145135886738957
1060,442,1502,0.1145595397939324
1063,448,1511,0.11460778237876845
1064,447,1511,0.11464787490239173
1050,444,1494,0.11468567518306362
1046,450,1496,0.11475167501876764
1042,445,1487,0.11482038423628048
1040,446,1486,0.11489368597945948
1041,444,1485,0.11496959576406635
1046,447,1493,0.11503796050693582
1044,449,1493,0.11508775233027432
1045,455,1500,0.11513850728006977
1045,446,1491,0.11518281773322717
1038,448,1486,0.11522624831770419
1033,455,1488,0.1152799977912316
1027,461,1488,0.11534143655936836
1040,460,1500,0.11541059402599389
1032,466,1498,0.11544539381493435
1020,458,1478,0.11549855405449158
1025,458,1483,0.11557576487044013
1034,460,1494,0.11563633152721589
1033,464,1497,0.115671603474332
1034,462,1496,0.11570430393605545
1035,460,1495,0.11573267772770518
1031,465,1496,0.11575686463372328
1037,471,1508,0.11579320949208348
1032,466,1498,0.1158130279496851
1030,461,1491,0.11584450004460538
1039,468,1507,0.11587642332103887
1038,480,1518,0.11588701252495799
1033,484,1517,0.11589580914893328
1035,485,1520,0.11591533379846415
1032,490,1522,0.11593107504483076
1031,482,1513,0.11595318111663942
1023,480,1503,0.1159796352874739
1017,478,1495,0.11602249031814256
1001,477,1478,0.11607805744958971
1010,482,1492,0.11616600911100367
1004,482,1486,0.11622717639571842
1006,491,1497,0.11629526660749334
1010,493,1503,0.11635616413075586
1003,497,1500,0.1164040625066512
994,499,1493,0.11646600772816887
993,510,1503,0.11654285352071417
996,507,1503,0.11661621962597535
987,506,1493,0.11667897378992073
982,509,1491,0.11676102312304877
989,509,1498,0.1168490615393461
993,508,1501,0.11691406764349718
1000,513,1513,0.11696303509669072
1008,507,1515,0.11699332611322572
1009,506,1515,0.11700149789432142
1011,501,1512,0.11700735486681509
1015,510,1525,0.11700995132887697
1010,509,1519,0.11700245347984493
1006,512,1518,0.11700889973444678
1006,509,1515,0.11702317686962839
1013,502,1515,0.11703671498630325
1019,505,1524,0.11703574868284622
1015,495,1510,0.11702136684452871
1010,493,1503,0.11701491149937279
1009,499,1508,0.11702361781679871
1000,505,1505,0.11702959426840302
1010,505,1515,0.11705763841195224
996,494,1490,0.11706084402389273
993,500,1493,0.11709565332021102
994,500,1494,0.11713260683020442
998,505,1503,0.11716405958575452
989,505,1494,0.11718601818435385
981,501,1482,0.11722741517261234
982,507,1489,0.11728615752498282
978,516,1494,0.11733456244608854
981,512,1493,0.1173894392365304
986,505,1491,0.11743444519295063
990,507,1497,0.117463819736314
995,506,1501,0.11748067012299768
995,518,1513,0.11748225617218587
987,520,1507,0.11748610316900839
988,521,1509,0.11751193485300807
990,522,1512,0.11753373285701013
986,516,1502,0.11754835295892896
973,510,1483,0.11757054615461172
963,513,1476,0.1176191064503487
968,518,1486,0.11768791862531604
970,520,1490,0.11774198079627514
975,519,1494,0.11778908998893786
980,523,1503,0.11782114082553759
974,526,1500,0.1178383823283945
983,520,1503,0.11786790035886999
992,518,1510,0.11787362801207511
999,523,1522,0.11785774584097243
984,525,1509,0.11782684970212932
974,521,1495,0.11783270744792528
976,512,1488,0.1178610112998025
977,508,1485,0.11788272460268509
992,504,1496,0.11790098360891793
991,510,1501,0.1178827161114079
995,510,1505,0.11786834303298495
990,514,1504,0.11784000503726029
991,524,1515,0.11782649213820731
985,518,1503,0.11781389088673741
975,516,1491,0.11781842924543146
978,519,1497,0.11784503991496881
987,528,1515,0.11786406231953979
991,532,1523,0.11786047004790672
977,524,1501,0.11784882335284232
969,525,1494,0.1178718594934724
974,533,1507,0.11791289677588594
975,528,1503,0.11794212238477489
970,529,1499,0.11796863045505315
963,530,1493,0.1180052617815925
966,536,1502,0.11805710048509806
963,536,1499,0.11809637561758717
958,537,1495,0.11813829643537517
954,539,1493,0.11819080338545561
956,540,1496,0.11824866898410996
950,550,1500,0.1182970838501752
947,551,1498,0.11835857925327385
962,541,1503,0.11842134890048013
968,536,1504,0.11844460304531994
968,541,1509,0.11844989472384061
964,545,1509,0.11845343916460088
958,545,1503,0.11846533276581592
955,556,1511,0.11849249675603485
948,552,1500,0.11852662363157457
944,550,1494,0.1185737483883019
935,548,1483,0.11862661313813198
950,546,1496,0.11869808428808284
958,545,1503,0.11872930843937451
955,550,1505,0.11873881989302283
939,559,1498,0.11875676081792115
942,563,1505,0.11881054437835903
933,565,1498,0.1188554018964881
923,567,1490,0.11891897138437056
917,561,1478,0.11900229925831812
929,569,1498,0.11909061300913582
933,573,1506,0.11914542729910839
933,577,1510,0.11918798764067164
929,581,1510,0.11922692747290947
932,575,1507,0.11927376694109698
947,575,1522,0.11930959891460852
940,570,1510,0.11930918096602358
932,573,1505,0.11932651839802083
926,574,1500,0.11936019044710681
925,575,1500,0.11940343960201583
924,575,1499,0.11944429678144827
920,574,1494,0.1194869117335851
914,586,1500,0.11953596931554056
913,588,1501,0.11959667157947675
914,589,1503,0.11965530426062547
891,591,1482,0.11970833835365877
901,594,1495,0.11981131080527856
907,594,1501,0.11988472909839291
912,585,1497,0.119942202013129
903,587,1490,0.11998342308819407
904,591,1495,0.12004121737021546
894,589,1483,0.12009207938209243
904,586,1490,0.12016356729284534
907,591,1498,0.1202053663646252
907,582,1489,0.12023886946231528
904,589,1493,0.1202675892805755
915,594,1509,0.12030253268070577
908,595,1503,0.1203079868452705
911,600,1511,0.12033010936184133
908,602,1510,0.12034630071820064
911,600,1511,0.12036898277687044
906,591,1497,0.12038546258036119
908,596,1504,0.12041275748904061
904,607,1511,0.1204358495945962
902,606,1508,0.120467294902237
901,609,1510,0.12050437673676999
902,603,1505,0.12053975691339368
896,604,1500,0.1205673987931059
884,606,1490,0.12060698610768665
880,606,1486,0.12067303236524961
889,605,1494,0.12074506796602408
880,615,1495,0.12079176117192439
879,615,1494,0.12085607632398634
873,625,1498,0.12091875258958158
878,629,1507,0.12099154264741233
870,629,1499,0.12104969445038448
869,629,1498,0.12111911978459436
881,623,1504,0.12118614177449429
876,624,1500,0.12122173040561311
876,621,1497,0.12126766734369358
884,620,1504,0.12130976397779011
890,616,1506,0.12132751569409322
886,617,1503,0.1213310599399058
884,610,1494,0.12134432696620266
888,625,1513,0.12136052774696854
886,617,1503,0.1213686866057046
880,621,1501,0.12137790153897067
886,620,1506,0.12140253523902249
892,614,1506,0.1214134317825266
891,621,1512,0.12141080510001513
896,617,1513,0.12140984455111833
891,625,1516,0.1213980562437579
897,623,1520,0.1213975171507796
890,621,1511,0.12138285288064388
886,622,1508,0.12138759342809192
892,630,1522,0.12140243908837939
881,631,1512,0.12140257375307874
878,629,1507,0.1214296849873967
871,626,1497,0.12146077484612672
871,632,1503,0.12150367392443769
879,634,1513,0.12154515415086171
873,642,1515,0.1215675655065051
881,629,1510,0.12160025397901322
869,627,1496,0.12161010015633232
863,643,1506,0.12164606149721134
859,653,1512,0.12169283891777141
861,643,1504,0.12174742954483893
853,643,1496,0.12179442656567736
850,636,1486,0.12185542684102973
850,641,1491,0.12191855960223749
845,649,1494,0.12197942150849556
841,655,1496,0.12204969742842799
846,667,1513,0.12212532518376115
844,679,1523,0.1221849493643327
832,677,1509,0.12224586948275537
830,678,1508,0.12233029348922096
827,683,1510,0.12241444698830413
831,688,1519,0.12249931897190056
820,685,1505,0.1225720402419353
818,685,1503,0.12266224393031006
822,681,1503,0.12275330139327263
819,688,1507,0.12282716736608963
814,687,1501,0.12290366765705031
824,693,1517,0.12298240319954566
831,679,1510,0.12303156343285249
824,684,1508,0.12306217858463565
819,695,1514,0.12310528758112305
804,700,1504,0.12315881834874588
806,696,1502,0.12324422298132154
815,697,1512,0.12332033508273307
814,700,1514,0.1233715169890537
809,707,1516,0.12342032281805623
814,705,1519,0.12347899270681932
805,710,1515,0.12352421106282295
808,705,1513,0.12358790862872723
813,703,1516,0.12363858488880836
816,694,1510,0.12367211430054169
813,698,1511,0.12369474507750626
807,694,1501,0.12372267982457931
807,705,1512,0.12376437279473261
801,708,1509,0.12380357066917037
802,707,1509,0.12385379976537908
803,706,1509,0.12389855193364895
799,709,1508,0.12393882027801284
796,710,1506,0.12398412558019438
792,709,1501,0.12403471820866908
795,708,1503,0.12409109146294746
786,705,1491,0.12413816135518005
777,709,1486,0.12420269859537733
771,708,1479,0.12428446854076305
764,706,1470,0.12437652630608957
771,725,1496,0.12447639979252585
774,728,1502,0.12455300149421265
771,743,1514,0.12461378376082494
774,745,1519,0.12467941801682542
770,738,1508,0.12473511474654225
772,735,1507,0.12479839642567077
770,732,1502,0.12485125963150955
766,734,1500,0.12490602544146448
772,742,1514,0.12496764829357104
755,740,1495,0.12500959979278745
768,746,1514,0.1250868742521833
761,749,1510,0.12513075289873576
762,749,1511,0.12519012564889936
758,753,1511,0.12524211796225695
755,759,1514,0.1252995437409422
759,762,1521,0.12536129194390738
745,756,1501,0.12541082457325825
758,765,1523,0.12548826911730537
755,759,1514,0.1255292604800248
759,756,1515,0.1255709847341779
765,757,1522,0.12560371689714414
772,751,1523,0.12561857187051778
767,753,1520,0.12561535011929992
771,746,1517,0.12562629326180821
758,754,1512,0.12562750173515702
749,755,1504,0.1256605846718308
749,763,1512,0.12571275795757886
749,752,1501,0.12576003061250376
749,750,1499,0.12580458388787905
753,758,1511,0.12584208230158922
756,751,1507,0.1258675187083524
748,740,1488,0.1258853793001716
758,740,1498,0.1259185865965509
755,756,1511,0.12592535759501267
757,755,1512,0.12594025991894087
754,765,1519,0.1259494034637272
751,760,1511,0.12596649338472257
753,762,1515,0.12599242139914277
740,766,1506,0.12600932272156543
743,760,1503,0.1260539774162598
749,761,1510,0.12608632130309666
757,754,1511,0.1261045920842785
753,755,1508,0.1261000600435096
751,747,1498,0.12610524835673112
744,751,1495,0.12611318456702258
748,748,1496,0.12613542952416038
746,749,1495,0.12614858295463688
744,751,1495,0.12616338807340133
735,763,1498,0.12618305772144606
739,763,1502,0.12622441640962104
734,766,1500,0.12625012906114053
729,766,1495,0.12628604874890775
732,767,1499,0.12633142947013412
741,761,1502,0.1263691472566764
750,762,1512,0.12638404866160693
752,765,1517,0.12637392048255852
753,757,1510,0.12635977970141635
750,768,1518,0.12634718238899983
744,765,1509,0.12634134423864657
741,771,1512,0.12635228278498625
729,775,1504,0.12636998998508794
734,772,1506,0.1264134263461335
742,766,1508,0.12644130490776426
744,768,1512,0.1264486573727975
725,780,1505,0.12645286375062512
733,797,1530,0.126501386310726
724,798,1522,0.12652844638927405
724,782,1506,0.1265732966159135
723,788,1511,0.12661603760526066
730,782,1512,0.12665586930698042
729,783,1512,0.1266760718153404
716,784,1500,0.12669766481827818
716,781,1497,0.12675046898148679
708,787,1495,0.1267987967679136
707,790,1497,0.1268611922383923
714,783,1497,0.1269220048827473
710,784,1494,0.12696187746830534
713,799,1512,0.1270095727336619
710,804,1514,0.12704892473137355
713,797,1510,0.1270931487306453
704,798,1502,0.12712618234362666
697,801,1498,0.12717906361111622
701,798,1499,0.127243808532406
702,798,1500,0.127296372000782
697,807,1504,0.12734371982271891
689,810,1499,0.12739926295247453
683,817,1500,0.1274722795904699
686,812,1498,0.12755010507796768
684,813,1497,0.12761726575261423
685,818,1503,0.12768300869348834
687,823,1510,0.1277411946770661
679,819,1498,0.12779182697109842
676,814,1490,0.1278570917862986
667,812,1479,0.12792548484678443
677,817,1494,0.12801012265450176
685,827,1512,0.12806610240013452
684,825,1509,0.12809795628869025
691,817,1508,0.12812938649205663
681,815,1496,0.12814378824629516
679,820,1499,0.1281802439474484
679,824,1503,0.12821755836864163
684,828,1512,0.12825527385400332
683,827,1510,0.12827872336010948
689,823,1512,0.1283012081146165
687,824,1511,0.12830759231646924
678,832,1510,0.12831870321018993
674,825,1499,0.12834956853220722
675,819,1494,0.1283882920070611
673,822,1495,0.128421463597033
668,822,1490,0.1284570946841341
665,832,1497,0.12850524978862704
667,836,1503,0.12855307663960572
667,831,1498,0.12859160619597626
673,832,1505,0.12862971703762327
670,830,1500,0.128650235453363
668,837,1505,0.12867533302013992
669,845,1514,0.12870330307891803
679,848,1527,0.12872811357789696
667,861,1528,0.12873049025186756
669,848,1517,0.12876161184315546
664,858,1522,0.1287844580791165
663,860,1523,0.12881949880107707
656,859,1515,0.1288536608927859
661,863,1524,0.12890093441877115
660,865,1525,0.12893299004669745
664,872,1536,0.12896714493468786
658,859,1517,0.12899111402051078
652,867,1519,0.12903053396263647
646,871,1517,0.12908292255578357
641,867,1508,0.12914540038847466
633,874,1507,0.12921499425812283
635,880,1515,0.12930077097372436
635,869,1504,0.1293769567838201
630,864,1494,0.12945101357125005
629,871,1500,0.1295311410846658
631,875,1506,0.12960672961582287
626,869,1495,0.12967370912783027
642,872,1514,0.1297478954559503
635,874,1509,0.12977652081419683
632,880,1512,0.12982032380754915
633,866,1499,0.1298698955412847
638,871,1509,0.12991420477651106
640,867,1507,0.1299434977513248
640,877,1517,0.12996706051230567
629,883,1512,0.12999044288636097
626,885,1511,0.13003767426465176
632,880,1512,0.13008883799094792
624,881,1505,0.13012303610247525
632,874,1506,0.13016952088278277
632,876,1508,0.13019288348746966
637,881,1518,0.1302156009145982
638,878,1516,0.13022604545026947
648,877,1525,0.13023381870150527
649,875,1524,0.13021759647686484
642,864,1506,0.1302001247796236
646,856,1502,0.130199988330069
644,863,1507,0.13019126920206575
648,870,1518,0.13018794664003716
634,873,1507,0.13017361235045416
625,877,1502,0.13019507874438122
619,870,1489,0.1302371102355591
615,868,1483,0.13028945409107914
618,865,1483,0.1303447304707148
619,880,1499,0.13039060155557816
620,886,1506,0.13043245192950692
615,890,1505,0.1304700126971358
614,893,1507,0.13051708057009304
612,896,1508,0.13056385754370425
612,884,1496,0.13061255758549473
614,887,1501,0.1306563457253499
615,882,1497,0.13069447430950723
617,883,1500,0.13072491829260666
614,885,1499,0.130749836189303
606,884,1490,0.13077749970154703
595,886,1481,0.13082248127224827
596,885,1481,0.13089038533593172
600,897,1497,0.13095275812172352
598,898,1496,0.13100098210599725
596,897,1493,0.13105096858909163
591,899,1490,0.13110314840001855
596,896,1492,0.13116320044974158
584,903,1487,0.13120738068610843
587,912,1499,0.1312768041816914
581,902,1483,0.13133564040278425
582,903,1485,0.13140779095879068
583,912,1495,0.131472380376247
577,919,1496,0.13153204565013954
579,919,1498,0.13160275266912003
582,924,1506,0.131666032684456
579,936,1515,0.13171880458814755
573,941,1514,0.13177531517221086
567,943,1510,0.1318442250194375
566,946,1512,0.13192258724827283
569,941,1510,0.13199686335482816
571,939,1510,0.13206041045522124
574,932,1506,0.13211460784720275
573,933,1506,0.13215826597220126
579,938,1517,0.13220359773182996
573,952,1525,0.13223063832184134
573,933,1506,0.13226854836095436
575,937,1512,0.13230357924045932
581,933,1514,0.13233171585878767
581,930,1511,0.1323442596478197
580,932,1512,0.13235616508542017
576,934,1510,0.13237136644882383
574,934,1508,0.13239384608001012
579,942,1521,0.1324200393871966
568,947,1515,0.13243288776052867
567,954,1521,0.13247148058478225
567,953,1520,0.1325075908807855
560,942,1502,0.13254164364773888
562,937,1499,0.13258983033485333
561,928,1489,0.13262831497909922
565,931,1496,0.13266597432970986
565,928,1493,0.13269176137548247
563,947,1510,0.13271763070376905
566,932,1498,0.13274546610950144
566,937,1503,0.13276518489350286
567,937,1504,0.13278222285121555
568,939,1507,0.13279479021963433
565,946,1511,0.13280334601874638
569,936,1505,0.1328200676714168
562,936,1498,0.13282539010428257
572,941,1513,0.13284831226392782
569,930,1499,0.13284472758915591
570,933,1503,0.1328484122883383
568,932,1500,0.13285004203756054
567,931,1498,0.13285668141130444
570,945,1515,0.13286696465408498
568,946,1514,0.13286793406589625
566,944,1510,0.1328738791781619
566,942,1508,0.13288365646105277
569,936,1505,0.1328925241050188
561,948,1509,0.13289528710964224
556,943,1499,0.1329142843464796
558,944,1502,0.13294336665125228
552,941,1493,0.1329643536989283
539,942,1481,0.13299756859762724
546,948,1494,0.1330594104792192
547,959,1506,0.13310269092712476
541,969,1510,0.1331387943126322
543,965,1508,0.1331877848338328
545,963,1508,0.13322856655715712
543,962,1505,0.13326143962812292
541,962,1503,0.13329748379930875
544,962,1506,0.13333711939941043
538,957,1495,0.1333642200679319
538,959,1497,0.13340456785807583
539,964,1503,0.13344154582842918
543,968,1511,0.13347383610960997
537,958,1495,0.13349356516536603
541,966,1507,0.133526382996817
539,964,1503,0.13354829365245632
535,976,1511,0.13357516097252506
538,966,1504,0.13360933132384006
532,971,1503,0.1336362391055344
537,955,1492,0.13367451305004893
540,961,1501,0.13369687093643176
534,961,1495,0.13370900117039689
536,964,1500,0.13373284215685935
532,966,1498,0.1337499879147318
543,980,1523,0.13377459881732132
545,976,1521,0.13377076224440734
541,977,1518,0.13376586674529028
543,973,1516,0.13377175915892572
541,976,1517,0.13377365896614765
542,970,1512,0.13377646559293116
540,967,1507,0.1337768765012833
539,968,1507,0.1337825849603158
540,962,1502,0.13378847248041661
537,961,1498,0.1337917783537158
538,959,1497,0.133802419740318
540,970,1510,0.13381085224925165
544,971,1515,0.13381349314035326
546,967,1513,0.13380697262596009
550,975,1525,0.13379711076121864
548,970,1518,0.13377630132130505
530,970,1500,0.1337625465641638
526,966,1492,0.13379138829160447
526,961,1487,0.13382898013856648
533,960,1493,0.13386479436291063
529,970,1499,0.1338798789675349
528,967,1495,0.1339054880031894
525,976,1501,0.13393360825932818
528,976,1504,0.13396546272805562
525,985,1510,0.13398770698357773
519,993,1512,0.13401763880300177
521,981,1502,0.13405854163959696
518,975,1493,0.13409374616254235
519,979,1498,0.1341327462626678
518,978,1496,0.13416737939345924
520,977,1497,0.1342037605334811
510,984,1494,0.1342325755496233
509,995,1504,0.13428253396685658
522,989,1511,0.13433107019030685
514,994,1508,0.1343443620924862
513,992,1505,0.13437557740930742
519,990,1509,0.13440634554161282
514,987,1501,0.13441945382992512
515,969,1484,0.1344470838378954
521,975,1496,0.13446804216569955
522,964,1486,0.1344723550002047
521,967,1488,0.13447298423064943
522,964,1486,0.13447439624651608
521,954,1475,0.1344736808372503
523,968,1491,0.1344724564899582
516,969,1485,0.13446706634885053
518,975,1493,0.13448045615924442
522,969,1491,0.13448989119349564
528,969,1497,0.1344912553082618
532,978,1510,0.13447810488389897
532,978,1510,0.13445526801373558
528,973,1501,0.13443527732866628
528,979,1507,0.13442656584953716
531,987,1518,0.1344191221721167
531,979,1510,0.13440422383931963
537,977,1514,0.13439265482126164
542,975,1517,0.13436727790645692
537,966,1503,0.13432932513125437
550,971,1521,0.13430525537024723
547,976,1523,0.13425121542657314
539,975,1514,0.13420802496416503
546,981,1527,0.13418836883517304
544,973,1517,0.1341521390271273
541,971,1512,0.1341242863936861
541,968,1509,0.13410395115081664
535,970,1505,0.13408537195508213
532,964,1496,0.13408286775101763
531,975,1506,0.13408862146245917
528,974,1502,0.13409652664592678
522,976,1498,0.13411260832796745
511,967,1478,0.13414182824179732
521,976,1497,0.13419570414448057
522,969,1491,0.13421882579048336
530,968,1498,0.13423865848513836
527,983,1510,0.1342370041230079
523,971,1494,0.13424265118363632
517,970,1487,0.13425729031352965
519,972,1491,0.1342855900295568
517,975,1492,0.1343080149096808
513,988,1501,0.1343341944464845
515,982,1497,0.1343695694946064
513,991,1504,0.13439932921729647
509,991,1500,0.13443357965222827
512,993,1505,0.13447458668059684
516,987,1503,0.13450361325333107
518,998,1516,0.13452333465549962
522,992,1514,0.13453780598754755
523,982,1505,0.1345398477277604
519,992,1511,0.134539412969781
519,1001,1520,0.1345475488412964
512,1009,1521,0.13455496482580176
508,1001,1509,0.13457844474990577
506,1003,1509,0.13461145206379438
510,998,1508,0.13464768864107055
508,990,1498,0.13467285289157327
508,1011,1519,0.13470164943496044
507,1010,1517,0.1347265077502371
505,1008,1513,0.13475319156224086
503,1004,1507,0.134783826920864
509,1003,1512,0.13481916097084448
509,1015,1524,0.13483947497067128
508,1004,1512,0.13485707719659812
510,1002,1512,0.13487731557544824
496,1007,1503,0.13489090474652465
498,1004,1502,0.13493547802669867
492,1016,1508,0.13497173401747506
490,1017,1507,0.13502136350938396
488,1021,1509,0.13507318229720894
486,1021,1507,0.13512786594856213
483,1022,1505,0.1351833377367417
482,1027,1509,0.13524503739917942
475,1029,1504,0.13530458372552098
473,1027,1500,0.13537816228146346
468,1032,1500,0.13545168164941468
469,1024,1493,0.13553226493374748
470,1027,1497,0.13560307357061266
470,1034,1504,0.13566368582216437
468,1020,1488,0.13572169834102277
471,1020,1491,0.135781591779225
474,1018,1492,0.13583108831122204
482,1031,1513,0.13586590574656573
483,1039,1522,0.13587875204332145
482,1033,1515,0.13588888512588318
478,1033,1511,0.13589951816271145
479,1037,1516,0.13591854841565515
480,1028,1508,0.13593450384752695
489,1024,1513,0.13594779909545526
492,1043,1535,0.13593880495516064
484,1031,1515,0.13592111557077619
480,1031,1511,0.13592355808123802
484,1024,1508,0.13593762614450738
488,1031,1519,0.13594263896111386
484,1028,1512,0.13593756290959258
485,1038,1523,0.13594289118554048
486,1036,1522,0.13594196862316127
480,1026,1506,0.13594144133166947
487,1028,1515,0.13595525608951115
485,1038,1523,0.13595115200201022
479,1038,1517,0.13595143329135687
483,1037,1520,0.13596607466901392
486,1040,1526,0.1359728830969435
483,1044,1527,0.1359692799136622
489,1038,1527,0.13597328412098364
483,1039,1522,0.13596277957217084
475,1036,1511,0.13596871774159472
468,1049,1517,0.13599264725888008
471,1048,1519,0.13603114523173165
471,1040,1511,0.1360614642282128
474,1043,1517,0.1360901211622215
470,1044,1514,0.13611021617040442
467,1044,1511,0.1361378909780502
462,1033,1495,0.13617019507171627
461,1035,1496,0.1362128421840054
459,1044,1503,0.1362551727447474
460,1042,1502,0.13630133131910793
467,1046,1513,0.13634267280485182
469,1046,1515,0.13636098551550602
467,1050,1517,0.13637501269045976
470,1046,1516,0.1363932708477846
465,1050,1515,0.13640015725243398
462,1056,1518,0.13641906630496645
456,1041,1497,0.1364416696510609
458,1051,1509,0.13647795650083583
457,1059,1516,0.13650734821679827
454,1060,1514,0.136536801287592
450,1057,1507,0.13657250161794746
450,1061,1511,0.13661474919939282
455,1060,1515,0.1366540623646049
453,1060,1513,0.13667449165824286
462,1058,1520,0.13669883172555433
460,1063,1523,0.13669809143325085
459,1068,1527,0.13670219438087006
461,1058,1519,0.13670888889477603
451,1045,1496,0.1367095966877971
453,1047,1500,0.13673508965923756
457,1055,1512,0.13675530938940142
446,1043,1489,0.13676439326472278
446,1056,1502,0.1367999179349279
435,1064,1499,0.1368338883632223
439,1074,1513,0.13689147447786498
437,1054,1491,0.1369359710623469
441,1051,1492,0.1369825607317524
439,1052,1491,0.13701711613925732
435,1066,1501,0.1370556010042973
434,1060,1494,0.13709968633467676
434,1066,1500,0.13714014156624757
431,1076,1507,0.1371771597126517
437,1071,1508,0.13721717822238422
437,1070,1507,0.13723725344674947
439,1072,1511,0.13725653763577422
439,1075,1514,0.13727327452644125
449,1068,1517,0.1372889634297777
444,1073,1517,0.1372818919158225
441,1084,1525,0.1372896009575659
434,1079,1513,0.13730654422499616
434,1077,1511,0.1373378609621661
434,1072,1506,0.13736836798074073
433,1080,1513,0.13739729106396703
424,1072,1496,0.1374252825634649
428,1084,1512,0.13747353013695945
429,1082,1511,0.1375084129253085
427,1078,1505,0.13753884498024305
430,1081,1511,0.13757035319108507
424,1087,1511,0.13759560183243763
419,1088,1507,0.13763300618971705
413,1083,1496,0.1376802087243805
416,1090,1506,0.13773654779066505
415,1104,1519,0.13778357710010106
411,1102,1513,0.1378323788744172
418,1104,1522,0.1378857861997366
421,1090,1511,0.13792040112614326
420,1084,1504,0.13794641157483592
418,1086,1504,0.13797346998577825
412,1094,1506,0.13800286689750682
416,1091,1507,0.13804318743806523
421,1093,1514,0.13807090472378936
415,1093,1508,0.13808563397141216
407,1097,1504,0.13811516502394597
403,1101,1504,0.13816372452610995
409,1097,1506,0.13821858851388327
413,1092,1505,0.13825537198429963
417,1086,1503,0.1382798742051434
413,1099,1512,0.13829362165754994
406,1096,1502,0.13831372481969909
407,1094,1501,0.13834993938563633
405,1088,1493,0.13838185999907843
409,1103,1512,0.1384156092550822
409,1103,1512,0.1384392827362598
404,1104,1508,0.13846165780041766
397,1106,1503,0.13849106609876322
400,1110,1510,0.13853615669584737
404,1108,1512,0.13857289338092252
407,1100,1507,0.13859711582387657
405,1102,1507,0.1386122694669741
409,1108,1517,0.13863203107361613
410,1104,1514,0.13863858575011623
409,1112,1521,0.13864277865906455
395,1107,1502,0.13865022597598073
401,1113,1514,0.13869180675610387
406,1106,1512,0.13871661315506315
404,1113,1517,0.13872781196554984
405,1116,1521,0.1387432702100648
395,1120,1515,0.13875564084274583
393,1116,1509,0.13878810153528248
399,1108,1507,0.13882214466428053
401,1110,1511,0.13884211823274725
406,1111,1517,0.13885648722843466
408,1109,1517,0.1388563023138587
404,1114,1518,0.13885300456252125
401,1112,1513,0.13885965029573438
402,1110,1512,0.1388717207415116
395,1104,1499,0.13888217837096556
390,1104,1494,0.13890932536173448
389,1122,1511,0.1389481455503338
391,1124,1515,0.13898595690632454
390,1121,1511,0.139014100358137
388,1120,1508,0.13904281255510673
392,1128,1520,0.13907284051346575
385,1131,1516,0.1390928826079045
388,1135,1523,0.13912983520474623
388,1123,1511,0.1391552762863575
387,1126,1513,0.13918260647369698
389,1131,1520,0.1392107711896865
394,1125,1519,0.13923096287507525
388,1127,1515,0.13923724309339866
387,1132,1519,0.1392564355202968
387,1135,1522,0.13927875265830583
385,1129,1514,0.1393011970474684
380,1140,1520,0.1393283106307884
376,1152,1528,0.1393650320996233
375,1143,1518,0.1394096698341351
369,1140,1509,0.13945479036992675
369,1147,1516,0.13951175535863125
363,1140,1503,0.1395660500339132
362,1138,1500,0.13963010891357527
362,1143,1505,0.13969230155638448
364,1129,1493,0.13975060850405588
361,1140,1501,0.13979968427066075
355,1139,1494,0.13985137890112567
355,1150,1505,0.13991157733552473
354,1144,1498,0.13996662280925418
351,1157,1508,0.14002114666782
354,1152,1506,0.1400796286589134
353,1153,1506,0.140127567914864
355,1162,1517,0.14017537784531128
356,1164,1520,0.14021643277060167
357,1164,1521,0.14025183218472242
359,1162,1521,0.1402817111734641
358,1155,1513,0.14030621262674237
359,1153,1512,0.14033121043279403
354,1172,1526,0.14035145964244541
358,1169,1527,0.14038332112154134
359,1164,1523,0.14040269003715017
356,1149,1505,0.14042050345035478
360,1153,1513,0.14044401735654383
363,1158,1521,0.14045519724888475
364,1154,1518,0.14045945494385484
364,1170,1534,0.14046075614152959
365,1165,1530,0.14046252301554987
362,1153,1515,0.1404609444522486
360,1157,1517,0.14046867166192775
359,1164,1523,0.14047959976353788
360,1166,1526,0.14049298766644752
362,1165,1527,0.14050326384038972
364,1159,1523,0.14050775478241653
363,1154,1517,0.14050821958608914
356,1155,1511,0.14051129789599284
356,1157,1513,0.14053004829829546
362,1154,1516,0.14054840882836456
357,1166,1523,0.14055202238800335
353,1163,1516,0.14056670399746107
351,1161,1512,0.14058978880186818
350,1155,1505,0.14061669286074643
347,1156,1503,0.14064421648340436
346,1162,1508,0.1406771042562559
342,1167,1509,0.14070919618144478
342,1165,1507,0.14075002363479686
340,1168,1508,0.1407868678405912
339,1171,1510,0.14082675780180726
340,1162,1502,0.14086431286089848
339,1163,1502,0.14089574725938245
342,1163,1505,0.14092847151317234
342,1158,1500,0.14095200438813546
346,1160,1506,0.14097516464697266
336,1161,1497,0.14098535800886325
342,1169,1511,0.14101702568835336
349,1167,1516,0.1410305586996408
352,1142,1494,0.14102632155004816
340,1159,1499,0.14101606637380118
340,1158,1498,0.14103605983359413
335,1158,1493,0.14105752419409817
329,1157,1486,0.1410910299335727
336,1153,1489,0.14113614395223295
340,1160,1500,0.14116214727319393
342,1168,1510,0.1411754882017802
334,1177,1511,0.14118395163840636
334,1168,1502,0.14121073055174724
339,1169,1508,0.14123397851772107
343,1173,1516,0.14124197663635998
345,1174,1519,0.14123968945748516
346,1172,1518,0.14123417929936394
347,1173,1520,0.14122394381114625
344,1174,1518,0.14121163721126181
342,1176,1518,0.14120670335252355
344,1177,1521,0.14120683015107116
343,1164,1507,0.14120269879862815
345,1175,1520,0.14120240672297615
344,1177,1521,0.14119916331711707
339,1165,1504,0.14119939123757613
339,1167,1506,0.1412130959141697
338,1164,1502,0.14122733357103484
339,1182,1521,0.141241981500696
339,1188,1527,0.1412544414490433
339,1185,1524,0.14126610884400967
337,1187,1524,0.14127645032987346
330,1193,1523,0.1412914331518375
333,1180,1513,0.14132324012633465
332,1193,1525,0.14134368476951806
327,1185,1512,0.141366526028264
337,1189,1526,0.1414000565806233
325,1183,1508,0.14140496443737446
322,1181,1503,0.14143944993461025
324,1176,1500,0.14147778449960707
324,1169,1493,0.14150974800023022
323,1185,1508,0.1415400170740858
323,1191,1514,0.14157102002774752
318,1195,1513,0.14159932350967813
318,1194,1512,0.14163794247075373
312,1196,1508,0.14167513888315736
312,1190,1502,0.14172488424810728
313,1191,1504,0.14177002521650695
306,1205,1511,0.1418110668254519
308,1208,1516,0.14186760362557663
305,1209,1514,0.14191397053045088
308,1213,1521,0.1419632315380426
305,1214,1519,0.14200124237234601
306,1204,1510,0.14204260545738567
304,1216,1520,0.142080578908162
311,1222,1533,0.14212053889017526
310,1219,1529,0.1421419185307664
309,1196,1505,0.14216469614031882
307,1206,1513,0.14218668242348897
311,1202,1513,0.14221083244574168
313,1190,1503,0.14222471496766842
312,1197,1509,0.14223550656582634
312,1204,1516,0.14224691717983162
313,1198,1511,0.1422568842655417
312,1205,1517,0.14226638293097923
311,1211,1522,0.14227697070051878
309,1205,1514,0.14229024189611514
316,1208,1524,0.14230632013340036
317,1208,1525,0.1423054202086641
319,1204,1523,0.1423038856796023
318,1195,1513,0.14229704289296738
315,1197,1512,0.1422948030011592
308,1194,1502,0.14229746907985283
309,1201,1510,0.1423160918446676
304,1200,1504,0.14233111806917054
304,1199,1503,0.14235898023020646
305,1199,1504,0.14238457273250796
307,1209,1516,0.14240489262474323
305,1213,1518,0.14241964912085225
306,1205,1511,0.14243871557183263
312,1203,1515,0.14245608419074685
312,1196,1508,0.14245550554530026
315,1195,1510,0.14245345894763362
321,1197,1518,0.14244346159343269
316,1204,1520,0.14241798920506443
311,1190,1501,0.14240816228940284
311,1185,1496,0.1424104202981452
308,1189,1497,0.14241442044982794
314,1185,1499,0.14242582316157773
313,1202,1515,0.1424203582745021
312,1212,1524,0.14241887041743087
313,1212,1525,0.14242155006094065
314,1221,1535,0.14242129400037942
316,1213,1529,0.14241857088413173
310,1199,1509,0.14241132601996345
310,1200,1510,0.14241805021692142
308,1202,1510,0.14242576855711256
305,1202,1507,0.14243637954870478
305,1205,1510,0.14245243302091348
302,1214,1516,0.142467432653718
301,1211,1512,0.14248804012313554
302,1208,1510,0.14250974830106058
298,1206,1504,0.1425285600303084
301,1212,1513,0.14255563163945423
296,1223,1519,0.1425729874935571
300,1221,1521,0.14260143343920706
300,1211,1511,0.14261614244118268
303,1220,1523,0.142631173727327
299,1217,1516,0.14263693822919393
300,1213,1513,0.14265312746400424
290,1216,1506,0.14266623014398214
291,1208,1499,0.14270234806302173
287,1211,1498,0.14273449143793826
290,1208,1498,0.14277359685622146
288,1204,1492,0.14280363005512448
292,1223,1515,0.14283581159854905
296,1218,1514,0.1428565748941353
298,1219,1517,0.14286291726866804
300,1230,1530,0.14286528856340702
304,1228,1532,0.14286253326405757
296,1237,1533,0.14284992998304766
299,1234,1533,0.1428570016234574
294,1233,1527,0.1428588206716845
288,1232,1520,0.14287453853025175
291,1237,1528,0.14290279026730665
287,1234,1521,0.14292229071083526
279,1226,1505,0.14294981801542378
280,1223,1503,0.14299505584261726
277,1222,1499,0.14303499822798926
285,1222,1507,0.14308006888913463
290,1227,1517,0.1431039006268186
290,1215,1505,0.14311290677206595
285,1216,1501,0.14312022339188865
286,1213,1499,0.1431390413385527
284,1218,1502,0.1431531049817659
286,1222,1508,0.14317247599727764
285,1224,1509,0.14318543145233764
285,1235,1520,0.14320032412990852
287,1231,1518,0.1432133319177611
284,1232,1516,0.14322010607888727
282,1233,1515,0.14323492888228126
281,1217,1498,0.14325368350311846
281,1214,1495,0.14327312093921407
277,1226,1503,0.14329185041480086
277,1230,1507,0.14332065242976594
272,1234,1506,0.14334738726652246
275,1235,1510,0.14338293837174812
279,1239,1518,0.14340905646334964
280,1243,1523,0.1434222163508082
280,1244,1524,0.14343110500761486
280,1248,1528,0.14344012803861456
276,1236,1512,0.1434497784411354
277,1250,1527,0.1434691402597058
272,1243,1515,0.14348597405307345
275,1245,1520,0.14351383776748305
267,1250,1517,0.14352991102494567
261,1248,1509,0.1435656144849169
263,1238,1501,0.1436131473934111
263,1235,1498,0.1436538982718645
268,1241,1509,0.14369148290057315
265,1246,1511,0.14371335987106007
266,1255,1521,0.14374173695072323
263,1250,1513,0.1437663386229008
262,1256,1518,0.14379687990502138
259,1253,1512,0.14382822956227873
265,1242,1507,0.14386531960190493
271,1245,1516,0.1438832524144853
271,1236,1507,0.14388414502740562
274,1234,1508,0.14388690102325555
268,1235,1503,0.14388218811968465
268,1241,1509,0.14389151436935557
268,1252,1520,0.14390077022511685
265,1260,1525,0.14390976427347119
265,1248,1513,0.1439233887134591
269,1244,1513,0.14393784895109982
270,1236,1506,0.14394198693139668
268,1239,1507,0.1439444479730078
267,1242,1509,0.1439504847292008
262,1234,1496,0.14395830470490967
263,1239,1502,0.14397720533125838
260,1236,1496,0.14399313310305709
259,1247,1506,0.14401424267426274
258,1252,1510,0.14403732366169947
255,1260,1515,0.14406191853736502
265,1256,1521,0.144092580689574
262,1253,1515,0.14409444536700672
262,1248,1510,0.14410536632814008
262,1255,1517,0.1441171391012676
257,1254,1511,0.14412756491699213
261,1248,1509,0.14414796094791188
264,1248,1512,0.14415774665431377
265,1258,1523,0.14415904198394588
258,1259,1517,0.1441578840546101
251,1259,1510,0.14417546088389804
244,1260,1504,0.14420947118121044
242,1271,1513,0.1442584067740955
247,1267,1514,0.14430879295035887
248,1268,1516,0.14434532540723619
247,1278,1525,0.14437609248595984
243,1271,1514,0.14440601869363895
237,1260,1497,0.1444430966904607
234,1259,1493,0.14449239208329412
238,1260,1498,0.14454484721415573
239,1270,1509,0.14458503143409182
240,1283,1523,0.144620092019882
243,1278,1521,0.14465012876710726
244,1274,1518,0.14467048381279604
244,1267,1511,0.1446870973683777
246,1274,1520,0.14470238788865963
243,1277,1520,0.14471313011571027
242,1258,1500,0.14472886612872501
247,1260,1507,0.1447458979687402
244,1262,1506,0.14474862622020104
247,1257,1504,0.14475760201145527
245,1270,1515,0.1447590441586596
250,1262,1512,0.14476343667749642
251,1274,1525,0.14475580261125767
248,1272,1520,0.14474758802475277
252,1267,1519,0.14474812737361162
251,1267,1518,0.14474002389821872
250,1285,1535,0.14473432834904387
248,1290,1538,0.1447319967285737
245,1283,1528,0.14473338444315298
245,1267,1512,0.14474105542278043
245,1264,1509,0.1447492815928269
251,1264,1515,0.144758007680919
253,1260,1513,0.1447522840076717
254,1250,1504,0.14474180480868515
252,1248,1500,0.14472845883297228
246,1249,1495,0.14471945026487815
251,1245,1496,0.14472553117724524
248,1251,1499,0.14472083365278507
252,1261,1513,0.14472389026770238
252,1262,1514,0.14471691396615616
249,1268,1517,0.14471038524998334
247,1259,1506,0.1447121390141346
250,1244,1494,0.1447172585419835
250,1257,1507,0.1447146743292157
255,1255,1510,0.14471258707002246
255,1249,1504,0.144698054855757
258,1256,1514,0.14468571104923136
256,1248,1504,0.144663837956268
257,1252,1509,0.14464817085939172
258,1251,1509,0.14462920168051896
259,1250,1509,0.14460879909151342
257,1256,1513,0.14458921338926353
257,1256,1513,0.1445763503248
255,1253,1508,0.14456367501837414
259,1262,1521,0.14455749152687702
253,1259,1512,0.14454102855221365
252,1269,1521,0.14453901955922543
252,1272,1524,0.14453963437213613
254,1263,1517,0.1445424860322262
250,1264,1514,0.14454146000643447
251,1262,1513,0.1445505490600166
255,1258,1513,0.14455501892030184
250,1259,1509,0.14454846756820283
255,1265,1520,0.14455483048520373
247,1276,1523,0.14454859974061804
248,1266,1514,0.14456399542026438
245,1269,1514,0.14457540142791822
244,1267,1511,0.1445940569564084
245,1256,1501,0.14461270855685707
245,1262,1507,0.14462763117641336
243,1266,1509,0.14464166329337552
236,1255,1491,0.14466029815286002
236,1253,1489,0.14469406688267258
240,1258,1498,0.14472449895255785
243,1263,1506,0.1447437611619941
237,1258,1495,0.14475324735050638
238,1265,1503,0.14477641192827728
243,1258,1501,0.1447967733357285
236,1264,1500,0.14480332174278973
238,1262,1500,0.14482504665155815
235,1259,1494,0.1448408588442662
235,1258,1493,0.14486278901858338
244,1273,1517,0.1448819777343211
244,1261,1505,0.14487619735611448
244,1262,1506,0.14487300043805287
245,1266,1511,0.1448716610997873
243,1263,1506,0.14486800700971203
252,1264,1516,0.1448697335138875
253,1274,1527,0.14484850732031287
253,1272,1525,0.14482713582983775
252,1271,1523,0.1448068918986347
254,1276,1530,0.144792469476951
250,1271,1521,0.14477434802052647
254,1260,1514,0.14476716708475698
247,1255,1502,0.14475014039261486
243,1267,1510,0.14475092389692049
244,1261,1505,0.14476112006127628
251,1255,1506,0.14476902524315435
251,1252,1503,0.14475803610381333
255,1249,1504,0.14474792704130846
256,1255,1511,0.1447296733182804
249,1254,1503,0.1447102930692299
252,1256,1508,0.14470923057274024
254,1264,1518,0.14470209265721276
251,1264,1515,0.14469027733838374
253,1262,1515,0.1446847866612043
240,1257,1497,0.14467520147386226
240,1268,1508,0.14469731409845268
240,1267,1507,0.14471855559355543
244,1269,1513,0.14473804823336855
239,1273,1512,0.14474661304342912
246,1275,1521,0.14476538239122466
247,1280,1527,0.1447654344108294
248,1269,1517,0.14476172210546775
249,1263,1512,0.1447564324187909
251,1274,1525,0.14475014482360105
249,1273,1522,0.14473756684299072
249,1253,1502,0.14473264811810727
247,1254,1501,0.14472616540647143
247,1263,1510,0.1447248370428934
247,1266,1513,0.1447240401303228
246,1282,1528,0.14472486884787458
246,1271,1517,0.14472860794024114
243,1267,1510,0.1447304875094879
240,1275,1515,0.14474021325480194
241,1287,1528,0.14475613609850785
240,1291,1531,0.14476713626335747
238,1285,1523,0.1447803880571467
239,1289,1528,0.14479796679507648
241,1282,1523,0.1448131125530846
238,1277,1515,0.1448214330423669
235,1285,1520,0.14483702559968736
236,1283,1519,0.14485663545241356
236,1281,1517,0.14487213405032717
236,1282,1518,0.14488697129013114
234,1291,1525,0.1449005220422265
237,1291,1528,0.14491858873512997
235,1300,1535,0.14492866628184242
232,1303,1535,0.14494381714929425
231,1290,1521,0.14496487736276756
229,1292,1521,0.14498853676900317
226,1294,1520,0.1450153900223798
226,1289,1515,0.14504667801003265
224,1278,1502,0.14507759436374987
220,1272,1492,0.14511023408716303
223,1290,1513,0.14515184307251744
226,1296,1522,0.14518267892416975
224,1292,1516,0.1452035390118467
217,1291,1508,0.1452270862556459
213,1288,1501,0.14526732267599712
215,1300,1515,0.14531436408882784
217,1301,1518,0.1453538613036894
216,1303,1519,0.14538721403787844
215,1304,1519,0.1454210295915097
216,1298,1514,0.14545656154891398
212,1296,1508,0.14548547823671856
213,1303,1516,0.14552188945114128
216,1306,1522,0.14555504389854682
214,1315,1529,0.14557781538503123
213,1319,1532,0.14560430948358055
206,1310,1516,0.14562976373460312
203,1316,1519,0.14567108521237496
200,1315,1515,0.145717745944359
193,1311,1504,0.14577029991867177
196,1312,1508,0.14583621615616688
195,1320,1515,0.14589098279427318
196,1312,1508,0.1459450258674391
197,1317,1514,0.14599323550860382
205,1310,1515,0.1460361669405215
207,1308,1515,0.14605626397284394
208,1313,1521,0.14606905826996733
203,1311,1514,0.14607798818632195
200,1322,1522,0.14609875873427905
195,1317,1512,0.14612463124877498
198,1300,1498,0.14616023240111017
200,1304,1504,0.1461869335509224
197,1303,1500,0.1462063228077998
194,1299,1493,0.1462325248811521
194,1307,1501,0.14626339255904036
197,1322,1519,0.1462936049067912
199,1322,1521,0.14631384636990455
195,1318,1513,0.1463282287195835
191,1328,1519,0.14635147154244374
191,1325,1516,0.14638281943310136
190,1326,1516,0.14641182087392304
191,1324,1515,0.14644124184999693
190,1310,1500,0.1464680936354393
189,1310,1499,0.14649591459993908
190,1310,1500,0.14652400479837444
185,1320,1505,0.14654904586315495
182,1344,1526,0.14658593923691435
177,1350,1527,0.14662719165662846
176,1352,1528,0.14667708660827658
174,1340,1514,0.14672498264354114
175,1338,1513,0.1467739574061366
178,1337,1515,0.14681867207567847
182,1338,1520,0.14685311638921475
181,1327,1508,0.14687662396042572
172,1325,1497,0.14690111884807375
175,1324,1499,0.14694660824642405
177,1326,1503,0.14698118519418954
176,1330,1506,0.14700782292501471
179,1328,1507,0.14703396007523284
180,1332,1512,0.1470510373895485
182,1332,1514,0.147064102330566
181,1327,1508,0.14706872164472412
179,1334,1513,0.14707713412979048
176,1330,1506,0.147090289475108
178,1326,1504,0.14710875641459098
175,1334,1509,0.14712012411810557
178,1340,1518,0.14713938001937502
178,1340,1518,0.1471505659305523
174,1343,1517,0.14716217633528256
172,1335,1507,0.14718228960095545
172,1335,1507,0.14720603687016137
168,1328,1496,0.14722783983568827
169,1329,1498,0.14725733740352537
167,1339,1506,0.14728386135963978
166,1350,1516,0.14731374872650826
165,1353,1518,0.14734511193507846
162,1351,1513,0.1473767415093506
163,1350,1513,0.1474134486274022
165,1353,1518,0.14744541041097534
160,1343,1503,0.14746896381096142
162,1337,1499,0.14750464470050947
163,1343,1506,0.14753284594860186
162,1343,1505,0.14755467429902103
163,1343,1506,0.14757666719093748
164,1344,1508,0.14759537871733333
163,1352,1515,0.14760984235553212
168,1348,1516,0.14762698565916868
170,1354,1524,0.14763128453591343
173,1367,1540,0.14763022525299857
171,1360,1531,0.14762117102016192
170,1353,1523,0.1476183468892604
169,1353,1522,0.14761874032799768
162,1358,1520,0.14762076500638677
163,1365,1528,0.14763982237098922
160,1358,1518,0.14765674083812524
161,1347,1508,0.1476790245330114
162,1339,1501,0.1476980057406696
159,1340,1499,0.14771166920741297
159,1349,1508,0.14773314034343446
160,1357,1517,0.14775216099674188
162,1350,1512,0.14776642844836663
162,1351,1513,0.14777716488610934
164,1352,1516,0.14778748181180223
163,1357,1520,0.1477919686669365
162,1348,1510,0.1477982125739068
162,1361,1523,0.1478069657842077
163,1354,1517,0.1478161472468912
166,1353,1519,0.14782229522553325
164,1360,1524,0.14782057399850257
156,1349,1505,0.1478238195092193
156,1339,1495,0.1478458833350206
156,1338,1494,0.1478675667460945
157,1353,1510,0.14788830585182716
157,1345,1502,0.14790381923265178
155,1350,1505,0.14791841999181546
160,1346,1506,0.14793558714230937
160,1349,1509,0.14793893570660288
156,1356,1512,0.1479425528998662
161,1358,1519,0.14795602686704992
157,1351,1508,0.1479557801273994
152,1354,1506,0.14796514723126897
152,1355,1507,0.14798681615663897
153,1360,1513,0.14800694085847899
147,1354,1501,0.148021154986402
149,1352,1501,0.1480482638103558
150,1367,1517,0.14806875288728177
153,1361,1514,0.14808515866726096
151,1363,1514,0.14809485988494375
148,1371,1519,0.14810741147514528
147,1378,1525,0.14812856646124264
145,1370,1515,0.14815109907042193
145,1366,1511,0.14817769938806705
145,1358,1503,0.14820159493848642
147,1370,1517,0.14822427350159922
147,1368,1515,0.14824029819876172
143,1378,1521,0.14825481570574145
144,1381,1525,0.14827697375576343
148,1369,1517,0.14829621770701085
143,1371,1514,0.14830554232031698
144,1379,1523,0.14832744894710725
144,1384,1528,0.14834553084303773
143,1387,1530,0.14836223743676016
141,1384,1525,0.14838051230722724
140,1378,1518,0.14840227971036335
138,1379,1517,0.14842515746716511
140,1377,1517,0.1484521179700492
139,1371,1510,0.1484722743385934
138,1365,1503,0.1484932715173435
137,1377,1514,0.14851665495925237
137,1378,1515,0.1485387473777701
135,1383,1518,0.14855891495261425
131,1382,1513,0.1485815897070065
128,1372,1500,0.14861339152426006
128,1377,1505,0.14865002486069784
126,1376,1502,0.14868483751628025
127,1382,1509,0.14872292768827727
129,1384,1513,0.14875600623726892
125,1381,1506,0.14878199016829846
132,1372,1504,0.14881589709739404
130,1384,1514,0.14882973162004376
134,1387,1521,0.1488490875490454
138,1379,1517,0.14885592161185593
139,1385,1524,0.1488525277371332
134,1375,1509,0.1488464972427328
135,1370,1505,0.1488537016163362
133,1372,1505,0.1488584271760254
131,1383,1514,0.1488668744232938
132,1384,1516,0.1488807617075175
132,1385,1517,0.14889189585840212
130,1375,1505,0.14890226995039502
134,1376,1510,0.14891711507662625
128,1375,1503,0.14892081888874853
127,1385,1512,0.1489393869645007
125,1386,1511,0.14895980593830307
122,1400,1522,0.148984135522194
118,1394,1512,0.14901378105315963
116,1383,1499,0.149049958308822
115,1384,1499,0.14908903879783392
113,1384,1497,0.14912659735700154
114,1374,1488,0.14916742197955735
113,1395,1508,0.14920345357138287
113,1405,1518,0.14923871028559824
112,1407,1519,0.14927130401202182
111,1386,1497,0.14930381314408314
112,1392,1504,0.14933740603758938
111,1399,1510,0.1493653312644339
112,1414,1526,0.14939303069394302
110,1413,1523,0.14941716124963436
113,1400,1513,0.14944542119980844
114,1405,1519,0.14946377915226283
112,1406,1518,0.14947763337848496
109,1407,1516,0.14949667066630787
111,1396,1507,0.1495225533028415
108,1395,1503,0.14954185542269186
111,1409,1520,0.14956725049060215
111,1405,1516,0.14958395306461608
111,1410,1521,0.14960012691397317
108,1403,1511,0.14961559472491398
113,1412,1525,0.14963809448360926
107,1408,1515,0.1496452499036126
106,1400,1506,0.14966719573206308
103,1405,1508,0.14968971169639766
104,1403,1507,0.1497185268396397
105,1391,1496,0.1497432398949031
103,1405,1508,0.14976422028653677
105,1404,1509,0.1497882228550301
104,1406,1510,0.14980537649441678
105,1414,1519,0.14982435361233792
102,1422,1524,0.14984033011680142
102,1417,1519,0.14986276611814536
102,1419,1521,0.14988393594478086
103,1419,1522,0.14990296860602365
103,1422,1525,0.14991834493714354
104,1412,1516,0.14993291448370852
106,1409,1515,0.1499443433239814
102,1386,1488,0.14994893573819648
102,1394,1496,0.1499616089455132
102,1401,1503,0.14997291643895325
103,1399,1502,0.14998485681360016
102,1408,1510,0.14999326094127766
105,1427,1532,0.1500046115344437
105,1434,1539,0.15000733589785692
102,1420,1522,0.15001112455881704
105,1405,1510,0.15002278640191624
100,1427,1527,0.15002500964567944
96,1416,1512,0.15003993854553033
93,1421,1514,0.1500641087336797
93,1425,1518,0.15009330764624085
93,1423,1516,0.15012074697172287
97,1421,1518,0.15014684415398413
92,1428,1520,0.1501600143734523
90,1417,1507,0.15018432034318405
93,1419,1512,0.15021239053024146
91,1416,1507,0.1502314139701765
93,1412,1505,0.150254731482335
92,1421,1513,0.15027249231526252
91,1430,1521,0.15029056100602517
90,1434,1524,0.15031041847967974
85,1442,1527,0.15033123677728638
92,1448,1540,0.1503636359161591
91,1431,1522,0.15037467797874085
90,1434,1524,0.15038884942671507
94,1431,1525,0.15040531492498035
89,1423,1512,0.150409809223206
92,1423,1515,0.15042744213302903
93,1431,1524,0.15043705017848477
92,1447,1539,0.1504443728601011
88,1436,1524,0.15045367323248826
88,1427,1515,0.1504720403472685
88,1436,1524,0.1504897614436481
88,1427,1515,0.15050688567009352
89,1427,1516,0.15052322691249173
88,1422,1510,0.15053616778681528
86,1423,1509,0.15055129297264494
88,1440,1528,0.15057019140653743
88,1432,1520,0.15058213942088497
88,1425,1513,0.15059386120238302
87,1420,1507,0.1506047749042624
87,1415,1502,0.15061676454906525
87,1424,1511,0.1506276465684524
89,1434,1523,0.1506379010425655
88,1431,1519,0.15064258065135452
87,1432,1519,0.15064899938591472
86,1426,1512,0.1506580181667444
89,1420,1509,0.15066868892063387
86,1433,1519,0.15067093301590556
90,1432,1522,0.15068051808755992
88,1424,1512,0.15068011216832003
90,1420,1510,0.15068382207129066
86,1421,1507,0.15068145075574652
86,1424,1510,0.15068885406915275
88,1421,1509,0.15069586119798736
89,1421,1510,0.1506971228062832
89,1435,1524,0.1506957620422229
88,1441,1529,0.15069540449613772
92,1441,1533,0.15069793716852392
91,1442,1533,0.15069141431011324
90,1441,1531,0.1506877537576608
88,1427,1515,0.15068671448527987
85,1422,1507,0.15069043680426392
87,1427,1514,0.15070124689447723
82,1424,1506,0.1507069273959979
81,1436,1517,0.15072494887112065
79,1439,1518,0.15074403174954998
77,1443,1520,0.15076697318368504
76,1446,1522,0.1507933766710751
79,1447,1526,0.15082044109872586
79,1438,1517,0.15083858986470888
77,1430,1507,0.15085489550118203
79,1428,1507,0.15087600950181732
79,1418,1497,0.15089019545303245
78,1429,1507,0.1509031750496252
79,1426,1505,0.15091807706053292
79,1438,1517,0.15092975086637478
80,1438,1518,0.15094127564303297
79,1435,1514,0.15094967889558647
79,1448,1527,0.15095954843834566
77,1450,1527,0.1509701455628201
76,1447,1523,0.15098572434153565
76,1453,1529,0.15100253602745572
72,1447,1519,0.15101863790979944
68,1447,1515,0.1510430777117667
67,1459,1526,0.151075350073692
68,1457,1525,0.15110755049998248
67,1445,1512,0.15113534308346788
69,1462,1531,0.1511639591547892
70,1462,1532,0.15118553121454098
67,1448,1515,0.15120291002229855
67,1442,1509,0.1512263597010312
65,1441,1506,0.15124853270398997
71,1457,1528,0.15127422195577242
74,1449,1523,0.1512825223689038
74,1439,1513,0.15128135627092879
75,1458,1533,0.15127953070306344
72,1441,1513,0.15127622688807457
72,1438,1510,0.1512812439732453
71,1433,1504,0.15128657482614938
72,1440,1512,0.15129400943629068
69,1452,1521,0.1512986451089114
70,1460,1530,0.15131055077148872
71,1451,1522,0.15131958061623554
71,1451,1522,0.15132621662143297
69,1447,1516,0.15133193725323754
69,1455,1524,0.15134145148852782
70,1452,1522,0.1513509388340831
70,1445,1515,0.15135721415334222
73,1450,1523,0.15136275424874024
71,1438,1509,0.15136055290582567
68,1451,1519,0.1513634764954524
69,1450,1519,0.15137384066450124
68,1440,1508,0.15138141247050915
65,1436,1501,0.15139011320193213
68,1439,1507,0.15140457492355094
69,1433,1502,0.1514109148497223
67,1434,1501,0.15141494972745434
68,1448,1516,0.15142461778237146
70,1433,1503,0.15142993793891335
71,1448,1519,0.15143005593722847
72,1439,1511,0.15142758882312685
73,1450,1523,0.15142208886491912
72,1459,1531,0.15141356136156486
71,1454,1525,0.15140792826267951
72,1459,1531,0.15140563039647367
72,1458,1530,0.15140193481475978
71,1443,1514,0.15139871215176173
67,1434,1501,0.15139904627240308
65,1444,1509,0.1514088575074145
65,1441,1506,0.15142327351923796
63,1444,1507,0.15143626220493034
63,1451,1514,0.15145327561325808
63,1456,1519,0.15146802086668107
61,1455,1516,0.15148111780856785
65,1450,1515,0.15149851754755211
64,1459,1523,0.15150523170722668
62,1468,1530,0.15151428262895933
62,1456,1518,0.15152796279456082
64,1454,1518,0.15153890124116845
62,1455,1517,0.15154436297505122
65,1450,1515,0.1515541788502855
65,1442,1507,0.15155670419256148
62,1440,1502,0.15155956906590706
62,1449,1511,0.1515697832502374
62,1437,1499,0.1515789456237966
61,1443,1504,0.15158802784414088
61,1422,1483,0.15159853231927747
60,1420,1480,0.15160815487061927
62,1428,1490,0.15161922782167833
63,1443,1506,0.15162447141589597
63,1445,1508,0.15162718984812018
66,1454,1520,0.15163031904419635
69,1428,1497,0.1516252471601821
70,1445,1515,0.15161190157457205
71,1450,1521,0.1515964578000573
71,1455,1526,0.15158054523352926
71,1453,1524,0.15156551969988458
70,1458,1528,0.15155143609995606
67,1464,1531,0.15154132269388917
69,1447,1516,0.15153785963647398
71,1458,1529,0.15153013684793912
70,1456,1526,0.1515181077446146
69,1462,1531,0.15150907313750936
69,1460,1529,0.1515034354753668
67,1458,1525,0.1514988967938703
67,1457,1524,0.15150038192575419
66,1451,1517,0.15150136421177718
65,1442,1507,0.1515052085109342
63,1454,1517,0.15151169926307795
62,1445,1507,0.15152274571657925
62,1460,1522,0.1515359063450271
63,1455,1518,0.1515484188633369
61,1448,1509,0.1515577635669497
62,1451,1513,0.1515709908922003
61,1450,1511,0.15158089798322752
60,1460,1520,0.15159272010744776
61,1471,1532,0.15160454550260635
62,1452,1514,0.15161387031530343
62,1444,1506,0.1516205172207176
62,1448,1510,0.1516272763600087
61,1447,1508,0.15163229041201778
62,1455,1517,0.15163882972896137
62,1460,1522,0.15164221036802172
64,1465,1529,0.15164543632188437
65,1444,1509,0.15164390115446402
64,1441,1505,0.15163999362922004
64,1442,1506,0.15163969348713396
66,1468,1534,0.15163998097173917
66,1463,1529,0.15163533660640485
64,1463,1527,0.15163163517509545
66,1458,1524,0.1516334223632523
64,1451,1515,0.15162989361872886
63,1456,1519,0.15163163678131472
64,1460,1524,0.15163434173868245
65,1447,1512,0.15163512296337714
68,1446,1514,0.15163160494163275
66,1434,1500,0.15162039589217732
67,1430,1497,0.15161546816998644
64,1447,1511,0.1516081113642272
66,1454,1520,0.1516089012391938
64,1450,1514,0.15160568978648187
68,1453,1521,0.1516068795948316
66,1462,1528,0.15159800570267262
63,1452,1515,0.15159464079640306
65,1459,1524,0.15159906938299345
66,1441,1507,0.15159788241190206
66,1442,1508,0.15159417137852443
63,1454,1517,0.15159142890494262
64,1450,1514,0.15159671222019086
65,1459,1524,0.15159913105350942
65,1456,1521,0.15159944664890848
65,1456,1521,0.15159989214770972
63,1463,1526,0.1516008858245368
66,1442,1508,0.1516059908939473
66,1440,1506,0.15160402835644998
67,1439,1506,0.1516027431338509
65,1433,1498,0.15159815828463527
61,1447,1508,0.1515991880574209
64,1439,1503,0.15160999082349458
60,1432,1492,0.15161212501841947
62,1441,1503,0.1516240973794641
58,1439,1497,0.15162931909752586
54,1437,1491,0.15164402446665165
56,1440,1496,0.151668027438386
56,1453,1509,0.15168656268841182
54,1464,1518,0.15170441049363745
52,1466,1518,0.1517247393676649
52,1467,1519,0.15174893285794577
52,1471,1523,0.15177184658641188
53,1467,1520,0.15179294841884672
54,1471,1525,0.1518108490585471
53,1468,1521,0.15182484462003384
55,1467,1522,0.1518406889952122
55,1461,1516,0.15184988352494228
57,1462,1519,0.1518579951103403
57,1450,1507,0.15186079840137273
59,1454,1513,0.15186412948445338
58,1464,1522,0.15186165794368478
57,1453,1510,0.15186285008289885
58,1446,1504,0.15186655955208017
58,1456,1514,0.1518675721456459
57,1472,1529,0.15186825859041772
56,1471,1527,0.1518718201844633
57,1444,1501,0.1518779197084956
56,1445,1501,0.15188115716514528
58,1446,1504,0.1518867073260689
57,1456,1513,0.15188614924990876
57,1460,1517,0.15188840972623913
56,1454,1510,0.15189111817092535
58,1451,1509,0.15189619410939317
59,1468,1527,0.1518958359644953
60,1482,1542,0.15189265820970993
62,1485,1547,0.15188727408040348
60,1468,1528,0.15187746610799166
63,1455,1518,0.15187305126468345
63,1457,1520,0.1518619444222794
59,1459,1518,0.15185218608837153
58,1449,1507,0.1518530304164837
56,1459,1515,0.15185675727188438
55,1458,1513,0.15186532927518642
54,1466,1520,0.15187609349099568
56,1486,1542,0.15188885689837164
55,1482,1537,0.15189543296054184
53,1468,1521,0.15190241910525212
53,1463,1516,0.15191397880388371
55,1453,1508,0.15192504661045209
55,1460,1515,0.15193107275681716
57,1467,1524,0.15193693746034181
55,1470,1525,0.15193686951159677
53,1468,1521,0.1519410730461975
53,1474,1527,0.1519499470431743
53,1470,1523,0.1519571851455721
53,1469,1522,0.15196462048354814
51,1459,1510,0.15197197723000908
50,1463,1513,0.15198399795907871
48,1461,1509,0.15199845626719455
48,1467,1515,0.15201681648075702
47,1469,1516,0.15203434470968843
49,1471,1520,0.15205335164380204
49,1467,1516,0.1520659273222185
48,1471,1519,0.15207791896036102
51,1478,1529,0.15209187316952077
49,1477,1526,0.15209647348791877
47,1481,1528,0.15210569263190477
48,1473,1521,0.15211946928540684
49,1468,1517,0.15212952665532017
50,1462,1512,0.15213692854807376
50,1469,1519,0.15214113192231457
50,1480,1530,0.1521445385278254
50,1475,1525,0.15214769499582576
53,1474,1527,0.15215055610832848
50,1458,1508,0.15214473947310858
50,1470,1520,0.15214645509145683
51,1466,1517,0.15214866800636528
53,1461,1514,0.1521480638309821
50,1457,1507,0.1521413026518334
52,1457,1509,0.15214256076115448
52,1454,1506,0.15213960850244948
50,1463,1513,0.1521372292690738
49,1473,1522,0.15214021382207046
51,1469,1520,0.1521459996688743
51,1465,1516,0.15214700330975015
51,1467,1518,0.1521480867248574
51,1452,1503,0.15214868609720356
48,1452,1500,0.15214976279987769
47,1470,1517,0.15215820079480813
47,1457,1504,0.15216874883165693
45,1461,1506,0.152178004144453
46,1466,1512,0.15219172518358193
44,1473,1517,0.152202671477547
44,1473,1517,0.15221801660574477
43,1467,1510,0.1522323289491852
43,1479,1522,0.15224717475480554
43,1472,1515,0.15226148260931538
42,1476,1518,0.15227523081711855
43,1481,1524,0.1522898520686163
43,1470,1513,0.15230148378847272
43,1462,1505,0.1523124820045462
44,1461,1505,0.15232299910883548
44,1453,1497,0.15233016870364927
42,1457,1499,0.15233691018813933
42,1472,1514,0.1523483202150606
41,1468,1509,0.15235928656452866
38,1471,1509,0.1523719737649991
38,1468,1506,0.15239139020473907
37,1470,1507,0.15240938506382512
36,1475,1511,0.15242813502439156
36,1479,1515,0.15244822398551086
40,1473,1513,0.15246688076907244
40,1477,1517,0.15247467144301816
40,1484,1524,0.15248156846089203
39,1478,1517,0.1524878519039561
38,1470,1508,0.15249648850606853
38,1466,1504,0.15250722376675965
38,1473,1511,0.15251756930746935
35,1484,1519,0.15252751435787743
34,1484,1518,0.15254375407298204
35,1482,1517,0.15256135035789709
32,1494,1526,0.1525756764333223
35,1487,1522,0.1525959792874171
34,1478,1512,0.15260819005611082
35,1493,1528,0.15262218770400374
34,1494,1528,0.15263233076386445
33,1496,1529,0.15264439324987777
32,1492,1524,0.15265813948832455
32,1485,1517,0.15267311783185403
32,1485,1517,0.15268718624768873
34,1496,1530,0.15270055425366316
32,1496,1528,0.1527078387912942
31,1487,1518,0.15271948315309075
30,1484,1514,0.15273300948588506
30,1469,1499,0.15274823878980437
30,1483,1513,0.15276267778673908
28,1490,1518,0.15277635371063025
28,1488,1516,0.15279405430655355
31,1487,1518,0.15281073864288003
31,1487,1518,0.15281808475165978
29,1502,1531,0.15282524805616948
29,1498,1527,0.15283669475034448
30,1479,1509,0.15284677980679853
29,1469,1498,0.15285338427490122
29,1472,1501,0.1528615449878323
28,1478,1506,0.1528693369525441
30,1481,1511,0.15287856519478882
30,1483,1513,0.1528828695368745
29,1493,1522,0.1528873117367965
28,1489,1517,0.1528940267890569
27,1493,1520,0.15290197952941806
28,1503,1531,0.15291202082926603
31,1500,1531,0.15291862889937963
32,1495,1527,0.15291693295371464
31,1489,1520,0.15291263715361655
31,1485,1516,0.15291155405258336
29,1479,1508,0.1529110208103875
29,1483,1512,0.15291554876946134
32,1496,1528,0.15292017205128475
32,1482,1514,0.15291663296706517
32,1482,1514,0.15291376498385859
32,1473,1505,0.1529110932284189
33,1472,1505,0.15290900068818622
33,1471,1504,0.15290434647719095
32,1479,1511,0.1528997458298372
30,1479,1509,0.1528981298648512
32,1487,1519,0.15290171805569663
32,1489,1521,0.15290056907632874
32,1485,1517,0.15289898633167343
30,1482,1512,0.15289788417526212
28,1480,1508,0.15290181208072368
27,1492,1519,0.1529101972969578
28,1486,1514,0.1529207122730631
28,1481,1509,0.1529276878194553
27,1482,1509,0.15293440473190212
26,1472,1498,0.15294324464466158
28,1478,1506,0.1529540603244425
27,1483,1510,0.15295800596374304
25,1485,1510,0.15296359072389282
25,1487,1512,0.15297428955358278
25,1487,1512,0.15298467188804485
25,1487,1512,0.15299469747866554
25,1479,1504,0.15300434993890535
25,1475,1500,0.1530136189396938
28,1488,1516,0.15302207576794286
29,1490,1519,0.1530214612696782
30,1488,1518,0.1530181743795384
28,1490,1518,0.15301251105905667
28,1498,1526,0.1530127752630398
28,1501,1529,0.15301286037456502
29,1490,1519,0.1530133479774215
29,1488,1517,0.15301153066457396
29,1475,1504,0.15301019127899543
29,1465,1494,0.15300925782258626
29,1471,1500,0.15300866772230698
29,1474,1503,0.15300745493299842
31,1480,1511,0.15300643900957256
31,1472,1503,0.15299980517010933
32,1474,1506,0.15299401412567704
32,1471,1503,0.1529857333311617
34,1474,1508,0.15297784469305514
35,1477,1512,0.15296477551255724
35,1478,1513,0.15295000646863818
34,1482,1516,0.15293677931775257
34,1477,1511,0.1529265914338589
34,1476,1510,0.15291761096238102
34,1467,1501,0.15290969397177007
33,1473,1506,0.1529010109622166
36,1465,1501,0.15289576348058878
39,1470,1509,0.15288301102220284
38,1477,1515,0.15286368296017389
36,1482,1518,0.15284792874079012
35,1479,1514,0.1528386116883356
34,1486,1520,0.15283202831848552
34,1476,1510,0.15282896541598717
32,1481,1513,0.15282657808484557
31,1482,1513,0.1528290470438711
30,1482,1512,0.15283319874685844
29,1498,1527,0.1528399981666855
28,1478,1506,0.1528486125924546
25,1477,1502,0.1528594283264799
25,1480,1505,0.15287701308824542
25,1474,1499,0.15289379769405406
25,1496,1521,0.15290971279449422
25,1497,1522,0.15292396676256123
23,1505,1528,0.15293762169110084
23,1496,1519,0.1529559659893898
23,1485,1508,0.15297331403920864
23,1492,1515,0.15298970635131628
24,1492,1516,0.15300518383459147
25,1478,1503,0.15301670535983317
25,1485,1510,0.15302490075878833
25,1482,1507,0.15303229208228913
23,1485,1508,0.15303861559228207
22,1491,1513,0.15304943942096863
22,1494,1516,0.1530622820349025
20,1491,1511,0.15307455366374967
20,1489,1509,0.153090672466125
22,1493,1515,0.15310610115065273
22,1498,1520,0.1531151123565929
22,1499,1521,0.15312319424601706
23,1491,1514,0.153130369244306
22,1504,1526,0.15313488401433545
21,1492,1513,0.15314196400909313
19,1504,1523,0.15315123768149097
19,1514,1533,0.1531638716253036
19,1498,1517,0.15317602332136004
20,1503,1523,0.15318768423140347
20,1498,1518,0.15319564912157713
21,1499,1520,0.15320341959197437
22,1504,1526,0.15320816622122935
20,1500,1520,0.15320977388707724
20,1499,1519,0.15321624914899482
21,1488,1509,0.15322262962303143
20,1489,1509,0.15322648779424605
21,1491,1512,0.15323278306948568
23,1486,1509,0.15323533075797946
23,1476,1499,0.1532325561601221
24,1492,1516,0.15322953963135316
23,1495,1518,0.1532247375407702
22,1488,1510,0.15322303877645518
21,1487,1508,0.15322445841131294
21,1493,1514,0.15322842273570852
20,1487,1507,0.1532323963695183
20,1488,1508,0.1532386945717041
21,1491,1512,0.15324479505794997
21,1489,1510,0.15324820291964567
22,1486,1508,0.15325074364806862
22,1484,1506,0.15324945956037722
21,1504,1525,0.15324866008907356
18,1501,1519,0.15325121732808453
21,1493,1514,0.15326109446576644
21,1483,1504,0.15326105427978426
22,1497,1519,0.1532614866476695
23,1492,1515,0.15325870133839334
24,1492,1516,0.15325362604919884
24,1486,1510,0.1532467002972116
24,1498,1522,0.1532406933911652
24,1505,1529,0.15323549043082316
25,1507,1532,0.15323099058606762
25,1504,1529,0.15322400783464027
25,1508,1533,0.15321785147831654
23,1481,1504,0.15321242461833048
23,1481,1504,0.15321245590320987
23,1491,1514,0.15321183951960482
22,1499,1521,0.15321157471169486
23,1494,1517,0.1532142617631338
21,1499,1520,0.1532144379786289
21,1492,1513,0.15321980357291407
22,1497,1519,0.15322421518071672
22,1489,1511,0.1532254476618886
22,1495,1517,0.15322691503194905
22,1509,1531,0.15322856456822126
20,1502,1522,0.15323035152002004
22,1496,1518,0.15323688850256523
23,1501,1524,0.15323769601290313
22,1505,1527,0.15323620693613574
22,1517,1539,0.15323771070204417
20,1510,1530,0.1532393105607883
20,1513,1533,0.15324563756758317
22,1505,1527,0.15325083797379505
21,1500,1521,0.1532496855308364
22,1500,1522,0.15325166758361375
22,1499,1521,0.15325070216976747
21,1507,1528,0.15324937578922682
21,1498,1519,0.15325092071506016
20,1488,1508,0.15325274600564653
20,1481,1501,0.15325722873534922
20,1492,1512,0.15326172903282428
20,1493,1513,0.15326621063412488
20,1488,1508,0.15326994888506326
20,1488,1508,0.15327372452585067
19,1488,1507,0.15327750132813897
18,1485,1503,0.15328393038092528
17,1498,1515,0.1532924577417006
17,1515,1532,0.1533034154594701
17,1510,1527,0.1533129836971489
18,1503,1521,0.15332211786703465
18,1508,1526,0.1533276365567428
17,1502,1519,0.15333302955782135
17,1488,1505,0.15334021989658259
17,1496,1513,0.1533471657928243
18,1499,1517,0.15335385618106254
17,1493,1510,0.1533570570050916
17,1497,1514,0.15336264321343474
17,1497,1514,0.15336821328494438
18,1499,1517,0.15337361345084585
16,1511,1527,0.15337575128773007
17,1503,1520,0.1533825219064094
16,1515,1531,0.15338603126687267
17,1502,1519,0.15339200195320468
17,1487,1504,0.1533948376929906
17,1503,1520,0.15339779172847418
16,1505,1521,0.15340082133066335
15,1500,1515,0.1534063971327467
14,1501,1515,0.15341413418440109
15,1510,1525,0.15342384336797335
15,1507,1522,0.1534307460457518
13,1503,1516,0.15343735749792992
13,1500,1513,0.1534485848190496
16,1492,1508,0.15345920608001204
17,1503,1520,0.1534606246664805
17,1511,1528,0.15345910988436887
18,1504,1522,0.15345799653305472
18,1510,1528,0.15345399415186572
18,1506,1524,0.15345057677262447
18,1501,1519,0.1534476676282634
18,1511,1529,0.15344519960983
18,1504,1522,0.15344311407136021
16,1498,1514,0.15344135978189916
14,1503,1517,0.15344506010828216
16,1510,1526,0.15345330126278184
17,1504,1521,0.1534548324606988
16,1492,1508,0.15345348446718826
16,1495,1511,0.1534547898149203
17,1500,1517,0.15345629811826295
17,1501,1518,0.15345557315466946
17,1499,1516,0.15345512536487832
18,1518,1536,0.15345490984313412
17,1509,1526,0.15345178089016198
17,1504,1521,0.15345147676765308
16,1503,1519,0.1534514187843675
16,1506,1522,0.15345405678104895
16,1505,1521,0.15345670752981277
16,1497,1513,0.1534593497960569
17,1512,1529,0.153461966036318
17,1503,1520,0.15346180634366768
17,1505,1522,0.1534618067753123
17,1517,1534,0.15346193990813206
16,1507,1523,0.15346218207314816
16,1502,1518,0.1534648402081288
16,1492,1508,0.15346742724843054
15,1498,1513,0.15346993651886323
14,1498,1512,0.15347472164889595
16,1500,1516,0.15348164244640458
16,1504,1520,0.15348252932198134
16,1490,1506,0.15348351778497402
15,1489,1504,0.153484581380898
15,1496,1511,0.1534881117843228
15,1498,1513,0.15349152685789014
16,1510,1526,0.15349481986500238
16,1522,1538,0.15349488574122458
15,1514,1529,0.15349510917955653
15,1509,1524,0.15349780544419525
16,1507,1523,0.15350046180587051
16,1507,1523,0.1534999205908926
16,1510,1526,0.15349947873351727
17,1503,1520,0.15349926133034103
15,1505,1520,0.15349601777192742
14,1503,1517,0.1534979429664828
12,1497,1509,0.15350238335670677
11,1498,1509,0.15351160335319378
12,1512,1524,0.15352266494197525
11,1520,1531,0.15353019238384769
11,1514,1525,0.15354003849148812
11,1513,1524,0.15354942827935975
11,1520,1531,0.15355836902036174
11,1514,1525,0.15356687032379807
10,1514,1524,0.15357494362617694
10,1505,1515,0.15358484481475645
10,1503,1513,0.15359420956844733
9,1501,1510,0.15360306008389374
9,1500,1509,0.15361395753361431
9,1490,1499,0.153624208228056
10,1493,1503,0.1536338473606798
11,1488,1499,0.15363969938186917
11,1485,1496,0.15364224599675805
11,1487,1498,0.15364480986143156
12,1493,1505,0.15364736667352935
11,1495,1506,0.15364705142107232
10,1496,1506,0.15364971205460434
10,1497,1507,0.15365471692394553
10,1509,1519,0.15365950456225203
10,1511,1521,0.1536640765848311
10,1499,1509,0.1536684360358284
11,1504,1515,0.15367258710091053
12,1496,1508,0.15367334627862467
12,1494,1506,0.15367099649045166
13,1489,1502,0.1536690174108788
14,1495,1509,0.15366418732611486
14,1500,1514,0.15365675137758608
14,1499,1513,0.15365011923368532
14,1500,1514,0.15364420307030463
14,1494,1508,0.15363892479610053
14,1493,1507,0.15363421495714838
14,1500,1514,0.1536300117667848
14,1498,1512,0.1536262602461174
14,1498,1512,0.15362190243495877
13,1504,1517,0.1536180633947147
12,1497,1509,0.1536172105007438
13,1506,1519,0.1536189814782393
13,1500,1513,0.15361766215889616
12,1508,1520,0.15361665007725517
13,1493,1506,0.1536183695118699
13,1498,1511,0.15361755607843303
12,1512,1524,0.15361699136387577
11,1511,1522,0.1536190579255455
10,1504,1514,0.15362350784132064
10,1516,1526,0.15363017545029772
9,1513,1522,0.15363655505639198
9,1515,1524,0.15364521247372592
10,1515,1525,0.15365341549711645
10,1511,1521,0.15365849761900424
13,1504,1517,0.15366335775020548
11,1498,1509,0.15365883291329216
13,1505,1518,0.1536604000632629
13,1492,1505,0.15365648684841995
13,1499,1512,0.15365308146658788
16,1507,1523,0.15365012012157633
17,1499,1516,0.15363818142262972
17,1504,1521,0.1536242453055542
17,1511,1528,0.15361168490763102
16,1499,1515,0.1536003560451224
16,1505,1521,0.15359204863697495
17,1512,1529,0.15358467506811496
16,1514,1530,0.15357493796763222
17,1508,1525,0.15356880735837364
18,1504,1522,0.15356079460515026
17,1510,1527,0.15355054045681266
17,1505,1522,0.15354377346750414
16,1512,1528,0.1535377928604208
16,1503,1519,0.15353508985925388
16,1500,1516,0.15353280657040674
16,1507,1523,0.15353088637805182
18,1504,1522,0.1535292799101809
18,1512,1530,0.15352176248013244
17,1514,1531,0.15351504069954983
16,1510,1526,0.15351134771961628
16,1495,1511,0.1535106153637624
15,1491,1506,0.15351012661075733
16,1489,1505,0.15351219062350896
16,1491,1507,0.15351114109056854
16,1498,1514,0.15351038828228114
16,1500,1516,0.15350988497353776
16,1501,1517,0.15350959044889415
16,1487,1503,0.15350946965370288
16,1497,1513,0.15350949245332526
16,1502,1518,0.15350963298680173
15,1502,1517,0.1535098691030692
15,1509,1524,0.15351257653714426
14,1509,1523,0.15351519407940636
14,1498,1512,0.153520075993611
14,1499,1513,0.1535247165133195
14,1493,1507,0.1535291216488336
15,1508,1523,0.15353329826330697
15,1500,1515,0.15353412817522263
15,1496,1511,0.15353503853646902
14,1494,1508,0.15353600917046145
15,1493,1508,0.15353937781016092
15,1494,1509,0.15353943774430934
16,1492,1508,0.15353967171601238
16,1495,1511,0.15353682801494123
18,1491,1509,0.1535335882366795
18,1502,1520,0.15352476497986206
17,1503,1520,0.15351693513400028
17,1501,1518,0.15351236918909963
17,1500,1517,0.1535084318864105
15,1499,1514,0.15350504290425096
15,1506,1521,0.15350658367648282
14,1494,1508,0.15350826735494855
14,1493,1507,0.15351295286584954
14,1503,1517,0.1535170714526267
14,1502,1516,0.15352031983151124
15,1517,1532,0.1535235910245948
15,1503,1518,0.15352437004699643
15,1479,1494,0.1535253036755283
15,1501,1516,0.15352635687427213
15,1478,1493,0.153527499970861
15,1482,1497,0.15352870792248516
14,1487,1501,0.1535299596781555
15,1488,1503,0.15353361173422236
15,1492,1507,0.15353429408758287
15,1506,1521,0.15353507584417272
15,1501,1516,0.15353593260490075
16,1492,1508,0.1535368438294229
17,1493,1510,0.15353462831863915
17,1496,1513,0.1535295833393146
18,1485,1503,0.15352510141237474
21,1500,1521,0.15351795018057146
21,1508,1529,0.15350201378767425
21,1515,1536,0.15348761658427204
20,1499,1519,0.1534745981038185
19,1497,1516,0.15346500541778751
18,1501,1519,0.15345916228477943
18,1493,1511,0.1534563627343755
17,1491,1508,0.15345398527264956
17,1494,1511,0.15345464733713818
16,1499,1515,0.15345541989461972
16,1503,1519,0.15345864750356142
15,1512,1527,0.15346178681059677
15,1503,1518,0.15346723096329687
13,1505,1518,0.1534724182871866
13,1504,1517,0.15348191303654005
12,1494,1506,0.15349088405093933
12,1506,1518,0.15350174431588287
11,1500,1511,0.1535119783690799
11,1502,1513,0.15352392649456484
11,1489,1500,0.15353516877680223
11,1505,1516,0.15354574244064875
10,1489,1499,0.15355568339877607
10,1493,1503,0.15356719963933735
10,1501,1511,0.15357802118990047
11,1505,1516,0.15358818732388102
12,1506,1518,0.15359501833590672
12,1503,1515,0.15359904371409233
12,1512,1524,0.15360288711435033
11,1511,1522,0.15360655130634845
11,1512,1523,0.15361251695039776
11,1514,1525,0.15361815938979315
11,1505,1516,0.15362349295616315
11,1508,1519,0.15362853177483488
11,1504,1515,0.15363328969696416
11,1501,1512,0.15363778024537056
11,1504,1515,0.153642016572108
9,1499,1508,0.15364601142605827
10,1505,1515,0.15365457294763551
8,1499,1507,0.15365951307327758
7,1506,1513,0.15366882580489827
7,1507,1514,0.15368006274802187
7,1499,1506,0.15369068987961254
7,1512,1519,0.1537007328047136
8,1505,1513,0.15371021721409694
9,1491,1500,0.15371611386486395
10,1500,1510,0.1537189659164598
10,1505,1515,0.15371859566670995
9,1500,1509,0.15371849629478074
10,1512,1522,0.1537210542283675
10,1500,1510,0.15372047620340676
9,1501,1510,0.15372020139478787
9,1503,1512,0.15372274150585025
9,1512,1521,0.1537253088211592
9,1512,1521,0.15372787897432577
9,1514,1523,0.153730431927344
9,1519,1528,0.15373295134933798
9,1529,1538,0.1537354240782861
8,1520,1528,0.15373783965495233
8,1523,1531,0.1537425795726435
8,1512,1520,0.15374709931040292
8,1521,1529,0.15375140246485716
8,1525,1533,0.1537554937559802
8,1523,1531,0.15375937877918283
9,1518,1527,0.15376306379621954
10,1515,1525,0.15376339175617937
10,1503,1513,0.15376061505562888
10,1499,1509,0.1537582228097351
11,1505,1516,0.153756164803494
10,1514,1524,0.15375118524770817
10,1504,1514,0.1537491651934295
8,1503,1511,0.15374748427841173
7,1505,1512,0.15375118845452118
7,1516,1523,0.15375766194582977
7,1524,1531,0.1537637925134259
7,1526,1533,0.15376959403359877
7,1521,1528,0.1537750804580928
6,1513,1519,0.1537802656906394
6,1507,1513,0.15378755098812222
6,1508,1514,0.15379441632904542
6,1497,1503,0.15380088324728863
7,1509,1516,0.1538069725513853
6,1503,1509,0.15380959365854846
6,1505,1511,0.1538145987135673
6,1507,1513,0.15381939480185858
5,1512,1517,0.15382398226537852
4,1513,1517,0.15383060256964462
4,1507,1511,0.15383921459595767
4,1517,1521,0.15384736215822475
4,1520,1524,0.15385506625086495
4,1532,1536,0.15386234748990477
4,1538,1542,0.15386922602354494
4,1535,1539,0.15387572146236028
4,1525,1529,0.15388185282613262
4,1506,1510,0.1538876385047346
4,1509,1513,0.15389309623083455
4,1518,1522,0.15389824306250843
4,1519,1523,0.1539030953741103
4,1519,1523,0.1539076688539887
4,1511,1515,0.1539119785078371
4,1511,1515,0.15391603866664114
4,1512,1516,0.15391986299833818
4,1506,1510,0.15392275030811295
4,1511,1515,0.15392556816517602
4,1511,1515,0.15392830766832538
5,1499,1504,0.1539309620747823
5,1507,1512,0.15393038952211072
5,1529,1534,0.1539300133366032
7,1517,1524,0.15392980158752873
6,1520,1526,0.15392334429253693
6,1507,1513,0.15392067171044077
6,1518,1524,0.15391834884613484
6,1518,1524,0.1539163316739328
6,1499,1505,0.15391458165743727
6,1499,1505,0.15391306506383878
6,1512,1518,0.15391175236440582
6,1516,1522,0.15391061771024941
8,1510,1518,0.15390963847383987
8,1497,1505,0.1539024305322934
8,1513,1521,0.15389593493864256
8,1522,1530,0.15389007605107508
8,1507,1515,0.1538847867298519
8,1512,1520,0.1538800073407488
8,1506,1514,0.15387498625911195
8,1502,1510,0.15387051118549933
8,1501,1509,0.1538665205160224
8,1498,1506,0.15386294989736238
7,1507,1514,0.15385976356911096
7,1504,1511,0.15385923143456584
8,1513,1521,0.1538588599281238
9,1525,1534,0.1538561722314206
9,1513,1522,0.15385060861818262
9,1514,1523,0.1538455902080819
9,1522,1531,0.15384105992410538
10,1517,1527,0.15383696699091462
10,1518,1528,0.15383015440802264
10,1510,1520,0.1538239833503406
11,1502,1513,0.15381838859738198
11,1507,1518,0.15381012388270282
11,1508,1519,0.15380262785579446
11,1510,1521,0.15379582489853727
12,1501,1513,0.15378822455769792
13,1501,1514,0.15377911809625544
11,1500,1511,0.15376813283999916
9,1491,1500,0.15376345630964885
9,1503,1512,0.1537638891487809
10,1511,1521,0.15376447667542062
10,1514,1524,0.15376278554755668
10,1524,1534,0.15376135761461884
9,1515,1524,0.153760156477046
8,1504,1512,0.15376148562572922
9,1502,1511,0.15376511812667232
8,1505,1513,0.1537654268254105
9,1520,1529,0.15376815792859846
9,1510,1519,0.15376771065430547
9,1494,1503,0.15376750829409092
10,1500,1510,0.15376750582351337
10,1493,1503,0.15376450877053396
10,1504,1514,0.15376193301121954
9,1512,1521,0.1537597211373937
8,1511,1519,0.15376021403631238
8,1508,1516,0.15376312225588865
8,1523,1531,0.15376599016792258
8,1522,1530,0.15376880110548977
9,1526,1535,0.15377154197163878
9,1524,1533,0.15377099406787292
9,1522,1531,0.15377065514981347
10,1507,1517,0.1537704888295308
10,1498,1508,0.15376743233964096
10,1510,1520,0.1537647659532177
9,1509,1518,0.15376243993112165
9,1502,1511,0.15376261261661195
9,1513,1522,0.15376295018861894
9,1505,1514,0.15376342014415798
10,1498,1508,0.1537639948145891
10,1504,1514,0.1537614646925225
9,1516,1525,0.15375929195605315
8,1520,1528,0.1537597718660756
8,1521,1529,0.1537629244485411
8,1519,1527,0.1537659906199675
8,1521,1529,0.1537689614108392
8,1517,1525,0.15377183025782176
8,1510,1518,0.15377459261748844
8,1512,1520,0.1537766790017393
8,1523,1531,0.15377799369858397
8,1511,1519,0.15377942715152257
8,1510,1518,0.15378094654373392
7,1515,1522,0.1537825243120167
8,1512,1520,0.153786573752237
7,1518,1525,0.15378744720086865
6,1513,1519,0.15379087718954998
6,1500,1506,0.15379662826636584
6,1505,1511,0.15380217840280822
6,1491,1497,0.15380752003963089
7,1507,1514,0.15381264865778463
7,1516,1523,0.15381442138995893
7,1520,1527,0.15381627019409064
7,1520,1527,0.1538181668139555
7,1521,1528,0.15382008773845485
7,1513,1520,0.15382201352526223
5,1518,1523,0.1538239282153751
5,1520,1525,0.1538306187970811
5,1526,1531,0.1538369724735009
6,1522,1528,0.1538429988585782
6,1512,1518,0.15384547813794217
6,1521,1527,0.15384795313871685
7,1505,1512,0.15385040552711232
7,1513,1520,0.15384966844912554
7,1514,1521,0.1538491681210368
8,1518,1526,0.1538488657435389
8,1524,1532,0.15384552389395206
8,1532,1540,0.1538426161338473
8,1515,1523,0.1538400874923146
9,1511,1520,0.1538378899094282
8,1504,1512,0.15383280013766845
8,1500,1508,0.1538313369117391
8,1506,1514,0.1538300826353584
8,1503,1511,0.15382900981981273
9,1509,1518,0.1538280944842626
9,1507,1516,0.15382420167709682
9,1513,1522,0.15382070928264732
10,1514,1524,0.15381757379994412
10,1520,1530,0.1538117200607805
9,1503,1512,0.15380642962605734
9,1507,1516,0.1538039538987109
9,1509,1518,0.15380178846455858
9,1523,1532,0.1537998954711396
10,1511,1521,0.15379824163250191
11,1511,1522,0.1537936612385403
12,1511,1523,0.15378641389720976
12,1512,1524,0.1537772249151949
12,1509,1521,0.153768879750466
11,1511,1522,0.15376129541716083
12,1509,1521,0.15375671526354182
12,1505,1517,0.1537494806715533
12,1499,1511,0.15374218774689363
14,1494,1508,0.1537356767248092
14,1509,1523,0.15372346027330172
13,1511,1524,0.15371245730682875
13,1506,1519,0.15370478833180545
12,1496,1508,0.1536980570541813
12,1501,1513,0.15369490097585553
12,1507,1519,0.15369216734173782
12,1511,1523,0.15368980263267734
12,1515,1527,0.1536877599226083
12,1516,1528,0.15368599807881667
11,1509,1520,0.15368448105832677
13,1506,1519,0.15368550505530898
12,1510,1522,0.1536803816112355
11,1496,1507,0.15367874636314732
11,1511,1522,0.1536798773886192
9,1501,1510,0.15368106459765857
9,1499,1508,0.15368752452407233
10,1497,1507,0.15369361727021866
10,1504,1514,0.15369685325525245
10,1516,1526,0.1536999338622516
10,1503,1513,0.15370286259171345
9,1512,1521,0.15370564351747412
9,1522,1531,0.15371067781641262
9,1516,1525,0.15371542944728037
9,1518,1527,0.15371991187900405
9,1516,1525,0.15372413827494652
9,1526,1535,0.15372812144465023
9,1516,1525,0.15373187380696554
8,1500,1508,0.15373540736281996
8,1514,1522,0.15374106033907592
7,1505,1512,0.15374637721998327
7,1505,1512,0.153753699284895
5,1506,1511,0.1537605835162709
4,1512,1516,0.15377169950857472
3,1521,1524,0.15378449644474723
3,1524,1527,0.15379884277836417
3,1513,1516,0.15381232183308666
3,1498,1501,0.15382498522658486
3,1508,1511,0.15383688160793377
3,1508,1511,0.15384805681466884
3,1516,1519,0.15385855402343027
3,1518,1521,0.15386841389416758
3,1510,1513,0.15387767470793542
3,1518,1521,0.1538863724983561
3,1521,1524,0.15389454117686255
3,1526,1529,0.1539022126518635
3,1525,1528,0.15390941694199753
3,1506,1509,0.15391618228365653
3,1504,1507,0.15392253523297453
2,1510,1512,0.15392850076248477
2,1507,1509,0.1539364115991445
2,1504,1506,0.153943840676183
2,1516,1518,0.15395081688398576
2,1509,1511,0.1539573674361125
2,1518,1520,0.15396351795971883
2,1507,1509,0.15396929258198075
2,1509,1511,0.1539747140125775
2,1501,1503,0.15397980362230926
2,1509,1511,0.15398458151794028
1,1508,1509,0.15398906661337233
1,1507,1508,0.1539955962361109
1,1513,1514,0.15400172900896814
1,1516,1517,0.15400748902370526
1,1503,1504,0.15401289890765044
1,1503,1504,0.15401797991353525
1,1525,1526,0.15402275200365398
1,1511,1512,0.15402723392873155
1,1528,1529,0.15403144330185625
1,1513,1514,0.15403539666780589
1,1515,1516,0.15403910956807101
1,1510,1511,0.15404259660185693
1,1510,1511,0.15404587148332388
1,1509,1510,0.154048947095309
2,1494,1496,0.1540518355397531
2,1521,1523,0.1540513378118832
2,1516,1518,0.1540509708333462
2,1525,1527,0.154050713898343
2,1522,1524,0.15405054919546798
2,1521,1523,0.15405046142043152
2,1509,1511,0.1540504374397849
2,1497,1499,0.15405046599896546
2,1496,1498,0.15405053746885178
2,1509,1511,0.15405064362578166
2,1512,1514,0.1540507774606456
2,1520,1522,0.1540509330132437
2,1518,1520,0.15405110522859158
2,1505,1507,0.15405128983229643
2,1507,1509,0.15405148322249956
2,1515,1517,0.15405168237621059
2,1513,1515,0.15405188476814222
2,1521,1523,0.15405208830040276
2,1528,1530,0.15405229124161823
2,1536,1538,0.15405249217424216
2,1526,1528,0.154052689948975
2,1514,1516,0.15405288364535527
3,1516,1519,0.15405307253770734
3,1514,1517,0.15405004135537767
2,1515,1517,0.15404730089749194
2,1513,1515,0.1540472819417341
2,1517,1519,0.15404734202285877
2,1524,1526,0.1540474662215872
2,1523,1525,0.15404764183946695
2,1518,1520,0.15404785809294913
2,1520,1522,0.1540481058483379
2,1527,1529,0.15404837739222013
2,1526,1528,0.15404866623268923
2,1515,1517,0.15404896692729395
2,1516,1518,0.15404927493417683
2,1509,1511,0.15404958648333264
2,1507,1509,0.1540498984653194
2,1523,1525,0.15405020833510683
2,1527,1529,0.15405051402905043
2,1525,1527,0.15405081389324501
2,1523,1525,0.15405110662174087
2,1510,1512,0.15405139120330638
2,1513,1515,0.15405166687559363
2,1511,1513,0.15405193308571494
2,1514,1516,0.15405218945636892
2,1519,1521,0.15405243575676905
2,1521,1523,0.15405267187772584
2,1510,1512,0.15405289781031986
2,1522,1524,0.15405311362767818
2,1516,1518,0.15405331946943027
2,1517,1519,0.15405351552847665
2,1526,1528,0.15405370203975252
2,1520,1522,0.15405387927070996
2,1514,1516,0.15405404751328014
2,1517,1519,0.15405420707710915
2,1502,1504,0.1540543582838876
1,1520,1521,0.15405450146261948
1,1516,1517,0.15405707691780307
1,1526,1527,0.15405949591791732
1,1533,1534,0.1540617676166907
1,1529,1530,0.154063900686121
1,1521,1522,0.15406590333362755
1,1519,1520,0.15406778331995377
1,1501,1502,0.15406954797752268
1,1497,1498,0.15407120422899756
1,1492,1493,0.15407275860584732
1,1497,1498,0.15407421726675416
1,1508,1509,0.15407558601573323
1,1511,1512,0.1540768703198614
1,1509,1510,0.15407807532653606
1,1508,1509,0.15407920588020318
1,1506,1507,0.15408026653851042
1,1516,1517,0.15408126158785532
1,1515,1516,0.15408219505830834
1,1502,1503,0.15408307073790056
1,1512,1513,0.15408389218627438
1,1511,1512,0.15408466274769808
1,1520,1521,0.15408538556345566
1,1519,1520,0.15408606358362129
1,1519,1520,0.1540866995782355
1,1521,1522,0.1540872961478993
1,1529,1530,0.15408785573380646
1,1534,1535,0.15408838062723354
1,1525,1526,0.15408887297851007
1,1526,1527,0.15408933480548906
1,1525,1526,0.15408976800154164
1,1515,1516,0.15409017434309574
1,1500,1501,0.15409055549674247
1,1491,1492,0.15409091302592987
0,1490,1490,0.1540912483972659
