1390,29,1419,0.13579578433261463
1414,31,1445,0.13288402057646004
1426,30,1456,0.13016959350117938
1450,32,1482,0.12766959561711824
1466,33,1499,0.1253288353428233
1477,33,1510,0.12315950045818184
1469,33,1502,0.12115519586962539
1475,30,1505,0.11935376736434787
1477,29,1506,0.11770155691026239
1454,28,1482,0.11619427097599083
1463,27,1490,0.1148855748551263
1460,29,1489,0.11367355787485564
1460,29,1489,0.11257804721621295
1461,32,1493,0.1115840795984056
1463,33,1496,0.11067684300153652
1467,34,1501,0.10984562659327253
1469,35,1504,0.10908074616385434
1464,36,1500,0.10838099927866901
1465,38,1503,0.10775641678736861
1457,35,1492,0.10718714638406956
1455,32,1487,0.10668917756299541
1457,29,1486,0.10624115568471659
1458,30,1488,0.10582820934132042
1452,31,1483,0.10545198513693232
1447,31,1478,0.1051242364784148
1462,32,1494,0.10483553350907522
1445,32,1477,0.10454060719728203
1446,31,1477,0.10431047277305129
1454,34,1488,0.10409870998026466
1469,34,1503,0.10388762848078281
1470,34,1504,0.10366045127708898
1482,35,1517,0.10345081022619645
1475,35,1510,0.10323357118257018
1462,37,1499,0.10305263768378033
1465,35,1500,0.10291854388169934
1458,35,1493,0.10279036708594123
1467,34,1501,0.10268821309305032
1460,33,1493,0.10257621179768048
1472,33,1505,0.10249092950600054
1465,34,1499,0.10238516904293181
1464,35,1499,0.10230583279162175
1460,34,1494,0.10223623644097256
1463,33,1496,0.10218228416873228
1461,34,1495,0.10212759854338888
1472,32,1504,0.1020817674541431
1476,31,1507,0.10201413722327601
1467,32,1499,0.10194212014584926
1455,31,1486,0.10189632584912918
1460,33,1493,0.10188197911872175
1460,32,1492,0.10185641571847259
1461,32,1493,0.1018349838548859
1465,33,1498,0.10181466606567569
1469,33,1502,0.10178737446852339
1470,32,1502,0.10175156016321232
1463,34,1497,0.10171501077541872
1460,34,1494,0.10169862785591315
1460,35,1495,0.10169074339310978
1460,34,1494,0.10168422326280682
1460,36,1496,0.10167873969040223
1468,36,1504,0.10167381468177787
1468,35,1503,0.10165165451731457
1457,38,1495,0.10163078739731395
1446,40,1486,0.10163567333344244
1449,38,1487,0.10166533274560599
1440,37,1477,0.10168852830715526
1443,39,1482,0.10172741257338654
1449,40,1489,0.10175673289374788
1447,41,1488,0.1017707770345962
1439,40,1479,0.10178816681053558
1448,39,1487,0.10182302211776545
1459,39,1498,0.1018339071379671
1449,40,1489,0.10181866768407094
1453,41,1494,0.10182705816915054
1459,41,1500,0.10182472428288322
1458,41,1499,0.10180874814100793
1457,41,1498,0.10179611564661104
1458,40,1498,0.1017878407562021
1454,42,1496,0.10177786446553184
1459,43,1502,0.1017784061582453
1467,43,1510,0.10176884734226516
1462,41,1503,0.10174207703522388
1456,41,1497,0.10172876500116117
1444,44,1488,0.10173143689749164
1450,44,1494,0.1017607814786332
1455,44,1499,0.10177596094905139
1442,43,1485,0.10177835356145966
1443,46,1489,0.10181188640613152
1452,45,1497,0.10183748508601102
1450,46,1496,0.10184029149269591
1461,43,1504,0.10184741364953805
1445,44,1489,0.10182928211567123
1449,43,1492,0.10184736964829813
1453,45,1498,0.10185551452305447
1454,46,1500,0.10185469009597085
1449,46,1495,0.10185268147985102
1449,45,1494,0.1018627087664086
1445,45,1490,0.10187299277810555
1451,44,1495,0.10189004851448541
1442,47,1489,0.10189235451304444
1441,48,1489,0.10191537634284682
1448,48,1496,0.10193872237756985
1443,50,1493,0.10194281290168888
1447,50,1497,0.10195920338431963
1443,48,1491,0.10196529915491599
1441,50,1491,0.10198014119322331
1442,48,1490,0.10199770367424545
1424,49,1473,0.10201252373880618
1433,46,1479,0.10206698104033263
1450,49,1499,0.10209578831974761
1449,48,1497,0.10208361943442769
1447,49,1496,0.10207439532315948
1439,49,1488,0.10206856863427304
1446,49,1495,0.10208016136554775
1450,48,1498,0.10207770966193719
1450,50,1500,0.10206640367553035
1445,51,1496,0.10205639498661104
1450,51,1501,0.10205821773477823
1451,51,1502,0.10205023379198469
1449,54,1503,0.10203955856653835
1426,52,1478,0.10203386540373156
1435,53,1488,0.1020816813864637
1428,53,1481,0.10210657055037885
1417,52,1469,0.10214416713502185
1417,52,1469,0.102204954555476
1422,53,1475,0.10226160079630058
1430,53,1483,0.10230103653026575
1429,52,1481,0.10231841600176436
1433,52,1485,0.10233584049758097
1435,53,1488,0.10234440719661114
1421,58,1479,0.10234791000597868
1437,56,1493,0.10238409366748742
1450,59,1509,0.10238212403734012
1438,61,1499,0.10235137090192334
1436,60,1496,0.10234794217634384
1443,60,1503,0.10235029703220139
1430,60,1490,0.1023365084169447
1436,60,1496,0.10235467255123179
1427,59,1486,0.10235766086943865
1437,63,1500,0.10238137743216441
1425,64,1489,0.10238081190607451
1432,66,1498,0.10240717218008881
1437,64,1501,0.10241665436277791
1435,64,1499,0.10241650843964724
1439,65,1504,0.1024197867122541
1436,65,1501,0.10241493829879868
1427,63,1490,0.10241652112001016
1430,69,1499,0.10243899565762621
1435,70,1505,0.10245441565593147
1428,68,1496,0.10245636543371373
1440,69,1509,0.10247357945876912
1424,71,1495,0.1024634610016033
1427,70,1497,0.10248935644839285
1434,69,1503,0.10250665569572234
1417,69,1486,0.10250736000313332
1415,69,1484,0.10254578019490455
1420,65,1485,0.1025856628824835
1425,63,1488,0.10261235109567998
1446,64,1510,0.10262372509286401
1435,62,1497,0.1025869612284907
1444,63,1507,0.1025780919506726
1440,61,1501,0.10255059984880849
1432,60,1492,0.10253279071986007
1430,58,1488,0.10253487015110081
1433,59,1492,0.10254247872206301
1426,58,1484,0.1025429241698552
1427,59,1486,0.10256160768770446
1421,57,1478,0.10257251008841628
1436,56,1492,0.10259821706322747
1439,55,1494,0.10258831737442015
1431,57,1488,0.10256986628506728
1422,57,1479,0.10257097750655429
1434,56,1490,0.10259111743022846
1435,56,1491,0.10258104068938956
1433,59,1492,0.10256948230364685
1424,61,1485,0.10256322320880155
1427,59,1486,0.10257758014618794
1433,60,1493,0.1025851920448308
1438,60,1498,0.10257935122506515
1442,63,1505,0.10256351225267338
1441,63,1504,0.10253945846672546
1429,60,1489,0.10251982512193443
1429,62,1491,0.10252982107960981
1435,61,1496,0.10253961409181851
1434,61,1495,0.10253539629964002
1439,61,1500,0.10253080012975226
1446,60,1506,0.10251586527520462
1452,60,1512,0.10248502364149786
1455,59,1514,0.10244391920037188
1451,61,1512,0.10240020094449089
1457,61,1518,0.10237094220377178
1443,65,1508,0.10233181877476431
1443,71,1514,0.1023269669442117
1422,68,1490,0.10232310254407462
1435,72,1507,0.10236747817838936
1430,71,1501,0.10238112032461463
1428,74,1502,0.10240470018794161
1427,71,1498,0.10243016862722748
1428,72,1500,0.10245756503718592
1431,73,1504,0.10248088593856383
1416,76,1492,0.10249572584439695
1425,78,1503,0.10254508170070115
1415,77,1492,0.10257036744598079
1419,78,1497,0.10261518341335478
1414,79,1493,0.10264720122248308
1414,82,1496,0.10268815948203831
1412,80,1492,0.1027263913134708
1404,81,1485,0.10276593145059695
1403,81,1484,0.10281903140463697
1418,82,1500,0.10286970836212841
1413,84,1497,0.10288306183625671
1409,86,1495,0.10290801678005891
1406,87,1493,0.10293930859239424
1406,90,1496,0.10297578042598758
1406,89,1495,0.10301027544485124
1393,90,1483,0.10304164055030596
1391,92,1483,0.10310166447111374
1396,93,1489,0.10316245468024643
1383,94,1477,0.10320886897602857
1400,95,1495,0.1032821680077483
1386,95,1481,0.103309405395183
1393,96,1489,0.10336516882318762
1396,101,1497,0.10340043822413221
1399,102,1501,0.10342549864961423
1391,105,1496,0.10344293419043346
1395,104,1499,0.10347857534857535
1386,108,1494,0.10350372690720702
1386,111,1497,0.10354737969119433
1380,113,1493,0.10359022551279821
1379,115,1494,0.10364269735483439
1383,118,1501,0.10369466457903581
1384,115,1499,0.10373377898197578
1387,115,1502,0.10376948422094
1389,119,1508,0.10379566979149
1385,119,1504,0.10381367129375485
1374,119,1493,0.10384145900349714
1380,118,1498,0.1038921552506126
1374,115,1489,0.10392428581909229
1367,115,1482,0.10396947463377877
1374,115,1489,0.10402673177817658
1380,116,1496,0.10406500025949121
1386,119,1505,0.10408720735687009
1380,119,1499,0.1040936654485196
1388,116,1504,0.10411546842640629
1397,116,1513,0.10411650887113759
1400,116,1516,0.10409496107700594
1376,114,1490,0.10406692122051195
1363,119,1482,0.10409484207489925
1357,121,1478,0.10415223528652882
1367,122,1489,0.10421860547587576
1382,123,1505,0.10425682868440245
1381,122,1503,0.1042578411424147
1391,121,1512,0.10425990437730304
1382,120,1502,0.10424007337585778
1373,123,1496,0.1042438253975072
1360,126,1486,0.10426785682274592
1359,129,1488,0.10431920982323963
1346,133,1479,0.10437018561113462
1349,137,1486,0.10444603376103621
1363,136,1499,0.1045104032319849
1354,135,1489,0.10453578432688343
1374,140,1514,0.1045801871818286
1373,137,1510,0.10457675176390442
1370,136,1506,0.10457669915804203
1360,135,1495,0.10458372104831205
1361,134,1495,0.10461346446059444
1352,134,1486,0.10463656768111916
1373,134,1507,0.10468035407991999
1373,135,1508,0.1046711437642422
1377,139,1516,0.10466223272211436
1366,137,1503,0.10464712077492923
1356,138,1494,0.10465754681355506
1352,144,1496,0.10469126224669698
1356,138,1494,0.10473209586551882
1356,138,1494,0.10476043985920246
1343,140,1483,0.10478694011044411
1347,140,1487,0.10484273166220694
1353,145,1498,0.10488457973709764
1348,148,1496,0.10490933491873561
1357,150,1507,0.10494524033133068
1351,151,1502,0.10495688811185186
1348,154,1502,0.10497930785765616
1356,153,1509,0.10500759085428463
1354,150,1504,0.10501473406513902
1348,150,1498,0.10502681697121506
1337,145,1482,0.10505289418262923
1346,142,1488,0.10510286661260537
1344,141,1485,0.10512563106026934
1338,146,1484,0.10515312446998702
1342,147,1489,0.10519134885554209
1339,144,1483,0.10521651461487633
1327,146,1473,0.10524825931403414
1346,149,1495,0.10530611167467299
1335,150,1485,0.10531818773940062
1339,149,1488,0.10535175000820303
1342,149,1491,0.10537381446464839
1346,147,1493,0.10538871747694505
1347,150,1497,0.10539300317520686
1343,147,1490,0.10539516597731982
1340,144,1484,0.10540510384311977
1347,148,1495,0.10541981457279537
1337,146,1483,0.10541773685290952
1338,148,1486,0.10543927996629929
1335,150,1485,0.10545675850541882
1335,154,1489,0.10547951574609665
1341,159,1500,0.10550160091141211
1338,161,1499,0.10551046226007642
1337,158,1495,0.10552545831099511
1344,160,1504,0.10554162981174141
1348,163,1511,0.1055405039357026
1345,162,1507,0.10553053063697758
1346,163,1509,0.1055295745445072
1358,163,1521,0.10552598311165749
1346,164,1510,0.10549816007119261
1332,168,1500,0.10549892353908277
1327,169,1496,0.10553356199451107
1320,176,1496,0.10557808154860984
1325,177,1502,0.1056354973601543
1333,174,1507,0.10567810786717252
1328,179,1507,0.10569975281811754
1323,173,1496,0.10573127956241118
1318,179,1497,0.10577091496205014
1317,181,1498,0.10581959855599696
1312,181,1493,0.10586679400217011
1313,187,1500,0.1059214706126795
1312,181,1493,0.10597159515364801
1296,183,1479,0.10601997310089491
1284,186,1470,0.10610133993753951
1300,184,1484,0.10620361491328235
1299,181,1480,0.10625978049116896
1297,177,1474,0.10631427665427232
1319,174,1493,0.10636934002594942
1317,174,1491,0.10636701372062327
1322,173,1495,0.10636851218285095
1320,171,1491,0.10635742457298417
1318,172,1490,0.1063529786589379
1315,176,1491,0.1063526994004053
1324,174,1498,0.10636061602988475
1331,171,1502,0.10634332420400291
1327,176,1503,0.10631259910949176
1335,180,1515,0.10629544677121255
1307,181,1488,0.10626234490959707
1302,182,1484,0.10629457658922505
1304,181,1485,0.10633725985614811
1325,181,1506,0.10637398658208708
1317,182,1499,0.10635855669522674
1305,181,1486,0.10636233251638368
1304,184,1488,0.10639089208368933
1311,186,1497,0.10641857404427654
1310,189,1499,0.10642908111811744
1306,193,1499,0.10644125888434655
1312,196,1508,0.10646376130917241
1296,199,1495,0.10647377985345756
1295,194,1489,0.10652045906925267
1295,193,1488,0.10656628222583736
1297,196,1493,0.10661064247498209
1306,196,1502,0.10664815396523805
1297,197,1494,0.10666284308676324
1287,201,1488,0.10669502571921115
1278,197,1475,0.10674526809927475
1292,196,1488,0.1068123062516677
1298,200,1498,0.10684122156529861
1293,199,1492,0.10685551647157261
1304,199,1503,0.10687915552528748
1293,198,1491,0.10687587024564095
1291,203,1494,0.10689605910941419
1287,203,1490,0.10692112011445994
1299,198,1497,0.10695063450181078
1300,198,1498,0.10695040917293422
1308,201,1509,0.10694990111788222
1296,199,1495,0.10693248145820383
1304,203,1507,0.10694573745236133
1289,200,1489,0.106936552411557
1285,210,1495,0.10696069449328448
1275,207,1482,0.10699233674252373
1280,214,1494,0.10704599814531654
1276,221,1497,0.10708573543913584
1280,221,1501,0.1071314088026627
1276,220,1496,0.10716596225452943
1282,222,1504,0.10720769989862683
1280,217,1497,0.10723412482667995
1281,213,1494,0.10726209402206976
1278,218,1496,0.10728732440772049
1282,223,1505,0.10731750529367388
1277,219,1496,0.10733552203192721
1272,214,1486,0.10736399135743852
1275,217,1492,0.10740369768303346
1274,213,1487,0.10743458078486395
1279,215,1494,0.10746292744364108
1292,212,1504,0.10747762364287677
1295,217,1512,0.10746108753984114
1279,216,1495,0.10743697737647015
1273,220,1493,0.10745019028444194
1278,216,1494,0.10747603559202332
1268,212,1480,0.10748951035772646
1265,214,1479,0.10752368276133768
1265,214,1479,0.10756274897801528
1283,213,1496,0.10759878756048849
1295,221,1516,0.10758982757690035
1286,213,1499,0.10755703499270992
1282,216,1498,0.10754734296697947
1293,224,1517,0.10755163249779841
1290,226,1516,0.1075314806252974
1281,224,1505,0.10751864478482367
1287,224,1511,0.10752685314690429
1281,221,1502,0.10752028760922348
1287,226,1513,0.10752574025460238
1273,227,1500,0.10751902283896417
1269,228,1497,0.10754342307647832
1268,225,1493,0.1075755994920876
1271,224,1495,0.10760769128993403
1258,226,1484,0.10762853202366998
1262,229,1491,0.10767891445940073
1263,226,1489,0.10771612279008506
1261,228,1489,0.10774741637340768
1262,230,1492,0.1077804919472209
1257,227,1484,0.10780978127832079
1262,227,1489,0.1078491542371076
1267,230,1497,0.10787377755507918
1286,232,1518,0.10788549642301035
1269,233,1502,0.10785251945154477
1268,239,1507,0.10786186365797508
1267,239,1506,0.1078760132409004
1258,240,1498,0.10789053330571093
1269,241,1510,0.10792415074942653
1266,243,1509,0.10793478974673416
1256,248,1504,0.1079502327891413
1251,249,1500,0.10798881456445322
1254,243,1497,0.10803708691766921
1243,242,1485,0.10807440072291147
1246,243,1489,0.10813470271331205
1248,244,1492,0.108184705995528
1240,243,1483,0.10822649250618703
1246,251,1497,0.10828404162287406
1241,254,1495,0.10832196994409302
1237,252,1489,0.10836811183767425
1241,256,1497,0.10842126281325161
1243,255,1498,0.10845985780808334
1234,261,1495,0.10848989990643666
1234,267,1501,0.10853820205040736
1233,261,1494,0.1085860371035621
1236,260,1496,0.10862887666930263
1225,259,1484,0.10866159247232958
1235,261,1496,0.10871795847537459
1240,264,1504,0.10874779889652068
1240,265,1505,0.10876546913593056
1242,259,1501,0.1087833288745397
1233,260,1493,0.1087965964781226
1234,257,1491,0.10882674769254358
1236,263,1499,0.10885433617958196
1240,263,1503,0.1088765744543358
1243,270,1513,0.10888687067949576
1227,268,1495,0.10888984064957681
1221,270,1491,0.10893060341421322
1226,281,1507,0.1089803979641306
1208,279,1487,0.10901601735744793
1212,285,1497,0.10908921631862878
1209,284,1493,0.10915008667484533
1204,277,1481,0.1092124040397185
1206,274,1480,0.10928144189455093
1217,277,1494,0.10934058466965586
1216,276,1492,0.10936770146589689
1218,281,1499,0.1093946496681512
1215,283,1498,0.10941662302407484
1220,286,1506,0.10944393277177208
1229,284,1513,0.10946048696264024
1226,289,1515,0.10945520936087562
1224,288,1512,0.10945562728442536
1212,294,1506,0.109460762980539
1205,293,1498,0.10949438953718314
1200,297,1497,0.10954224537176441
1204,296,1500,0.10959836913137798
1196,294,1490,0.10964164458297425
1210,299,1509,0.10970063615261168
1212,300,1512,0.10972449915275254
1206,306,1512,0.10974282863464761
1200,312,1512,0.10977526843096935
1202,308,1510,0.10981702679060995
1193,312,1505,0.10985369273531446
1196,312,1508,0.10990972762898135
1186,311,1497,0.10995492262922418
1183,313,1496,0.11001949288521114
1181,319,1500,0.11008651150320975
1171,315,1486,0.11015425363250828
1174,309,1483,0.11024005826901954
1168,313,1481,0.11031098162307902
1159,318,1477,0.11038979738654894
1155,315,1470,0.11048360785551886
1165,306,1471,0.11057792491704539
1178,309,1487,0.1106403045766219
1180,305,1485,0.11066922815911585
1169,307,1476,0.11069066189881557
1163,308,1471,0.11073431944671537
1152,305,1457,0.11079041486871428
1168,302,1470,0.11086828457711602
1168,310,1478,0.11090086741682674
1170,314,1484,0.11093189758115007
1178,315,1493,0.11095539156015946
1162,322,1484,0.11095724390670136
1161,315,1476,0.11099530381618386
1174,320,1494,0.11103302893261517
1169,319,1488,0.11103679766174335
1178,320,1498,0.1110514703640084
1173,325,1498,0.11104404001220639
1179,321,1500,0.11104972935300995
1169,323,1492,0.11104336225884508
1161,323,1484,0.11105873454390273
1157,322,1479,0.11108978307599525
1174,332,1506,0.1111288440483521
1162,326,1488,0.11112803811904691
1162,335,1497,0.11115683542986624
1155,331,1486,0.11118175624729063
1166,333,1499,0.11122002853096669
1168,330,1498,0.11123244866446641
1167,324,1491,0.11123999894236651
1163,333,1496,0.111248734106602
1159,330,1489,0.11126739439021652
1158,333,1491,0.11129538080081872
1164,341,1505,0.11132223147991148
1161,333,1494,0.11133461995322343
1157,329,1486,0.11135209971954563
1146,329,1475,0.11137860294461731
1164,331,1495,0.11142958347116397
1158,327,1485,0.11143527951640995
1159,324,1483,0.11145630196254647
1161,327,1488,0.11146992043834512
1176,327,1503,0.11147817886390918
1164,334,1498,0.11144683148486134
1163,341,1504,0.11144610590624478
1166,337,1503,0.1114496001364719
1155,347,1502,0.11144822332288483
1150,343,1493,0.1114726544499365
1145,351,1496,0.11150654139109069
1146,353,1499,0.11154897876029939
1146,354,1500,0.11158636184644824
1142,354,1496,0.11162292757957254
1149,357,1506,0.11166769270458722
1133,362,1495,0.11169199509186428
1132,363,1495,0.11175235450114158
1131,358,1489,0.11180856814852186
1130,364,1494,0.11186270321748637
1119,360,1479,0.11191687856554423
1119,367,1486,0.1119953575921135
1121,367,1488,0.11206490453768762
1122,372,1494,0.1121259340074954
1122,371,1493,0.1121811865768679
1135,369,1504,0.11223380343274666
1133,370,1503,0.11225103534995412
1126,368,1494,0.1122698896693507
1118,372,1490,0.11230683798147588
1120,374,1494,0.11235827447909996
1117,378,1495,0.11240296875725894
1117,373,1490,0.11245296068284098
1104,368,1472,0.11249592494881208
1123,372,1495,0.11256475195244121
1116,377,1493,0.11258580851008926
1118,377,1495,0.11262019384042463
1119,382,1501,0.1126486256969788
1108,374,1482,0.11267304421420504
1109,376,1485,0.11271868506297725
1114,385,1499,0.11275653424797824
1117,382,1499,0.11277815759378862
1120,377,1497,0.1127917953984415
1119,381,1500,0.11279804315694511
1124,386,1510,0.11280756148072672
1120,389,1509,0.11280535733642871
1124,385,1509,0.11281292381154635
1121,377,1498,0.11281256496887922
1124,378,1502,0.11282068501304987
1119,377,1496,0.11282071747641385
1127,374,1501,0.11283372089162562
1134,369,1503,0.1128229486225106
1124,371,1495,0.11279930377304247
1124,368,1492,0.11280105975392658
1134,370,1504,0.11280060388097152
1127,370,1497,0.1127773685964462
1139,375,1514,0.1127729814862337
1137,370,1507,0.11274166272032646
1128,374,1502,0.1127133340741104
1130,374,1504,0.11270960792628262
1129,360,1489,0.11270240982695262
1129,371,1500,0.11270047309118617
1118,371,1489,0.11269767141855391
1125,378,1503,0.11272221266875952
1119,374,1493,0.11272784290177836
1117,377,1494,0.11274754087977254
1116,372,1488,0.11277174007892278
1123,373,1496,0.1127954111092375
1127,374,1501,0.11279961072250803
1118,377,1495,0.11279142568937328
1110,385,1495,0.11280672741099323
1119,387,1506,0.11283732003756895
1117,389,1506,0.11284604855458498
1109,384,1493,0.11286052314108508
1105,391,1496,0.11289265894503828
1092,389,1481,0.11293132507189263
1099,399,1498,0.1129988885073233
1100,403,1503,0.11304826712456506
1084,398,1482,0.11309206192846542
1099,401,1500,0.11316747258444888
1103,395,1498,0.11320268392605826
1101,404,1505,0.11322604532027811
1088,399,1487,0.11325247388869662
1101,405,1506,0.11330777702142542
1089,405,1494,0.11332998336434283
1091,407,1498,0.11338051016142192
1090,418,1508,0.11342434350441576
1102,418,1520,0.11346635566291448
1094,415,1509,0.11347807233029972
1096,414,1510,0.11350907188844214
1082,419,1501,0.11353588513332187
1079,417,1496,0.11359488365613565
1078,420,1498,0.11365709537911046
1070,425,1495,0.11371944588824608
1081,418,1499,0.11379704284940459
1081,425,1506,0.11384116312306493
1060,428,1488,0.11388169074630888
1059,430,1489,0.11396837404276067
1057,431,1488,0.11405066227283706
1065,433,1498,0.1141289806907363
1068,436,1504,0.11418628000265844
1064,429,1493,0.11423167301425426
1057,434,1491,0.11428196428955083
1054,434,1488,0.11434630827575556
1056,439,1495,0.11441353296024975
1063,435,1498,0.11446735745903094
1065,431,1496,0.11449688516379707
1064,437,1501,0.11452043680721541
1059,437,1496,0.11454555148367067
1058,426,1484,0.1145804955159691
1065,436,1501,0.11461599295482162
1070,439,1509,0.11463097285454577
1062,440,1502,0.1146334820097698
1053,444,1497,0.1146546025634132
1055,445,1500,0.11469457244357548
1050,447,1497,0.1147284682079674
1036,452,1488,0.11477437013290093
1044,456,1500,0.11484783613158499
1052,461,1513,0.11489991410673603
1058,454,1512,0.1149318617997047
1034,459,1493,0.11494542959415624
1043,465,1508,0.11501261725375547
1044,466,1510,0.11505537370022126
1038,474,1512,0.11509515974750414
1035,474,1509,0.11514621314483241
1032,470,1502,0.11520156744471864
1031,468,1499,0.11525849403372872
1043,469,1512,0.11531494910682923
1035,470,1505,0.11534298628016602
1032,467,1499,0.11538593517846142
1016,476,1492,0.11543382978231509
1020,476,1496,0.11551461470187963
1018,478,1496,0.11557887629430413
1015,476,1491,0.11564345519195993
1008,483,1491,0.11571043570784453
1015,488,1503,0.11579098903915465
1012,489,1501,0.1158494101189381
1008,487,1495,0.11591151601613532
1013,496,1509,0.1159806922100053
1007,491,1498,0.11603389288312861
1011,503,1514,0.11609506870451834
1001,506,1507,0.1161472995445013
1004,502,1506,0.11621866687900446
990,509,1499,0.11628278836444596
982,515,1497,0.11637306590732369
986,505,1491,0.11647441336712766
991,510,1501,0.11655912185474865
984,516,1500,0.11662411238524151
984,516,1500,0.11670007761273744
987,514,1501,0.11677244162052958
990,514,1504,0.11683434339918856
1001,516,1517,0.11688378989383999
989,505,1494,0.11690317873203707
981,514,1495,0.11694873494719768
976,523,1499,0.11701039446679345
967,531,1498,0.11708044733220424
970,528,1498,0.11716649637000826
971,524,1495,0.11723734716523677
968,525,1493,0.11730263334073246
969,532,1501,0.11736784578130523
965,544,1509,0.11742621367589605
963,541,1504,0.11748970446192121
954,547,1501,0.11755368733172154
943,534,1477,0.11763522153819135
944,538,1482,0.11773803786814085
949,542,1491,0.11783210654436253
956,538,1494,0.1179089276328458
955,543,1498,0.11796287598251197
952,543,1495,0.11801535765111953
951,549,1500,0.11806879890501207
949,555,1504,0.11812317366634228
935,556,1491,0.1181774985606381
938,563,1501,0.11826375709079398
929,574,1503,0.11833982434338068
937,579,1516,0.11843351543549076
933,573,1506,0.11850078947804558
920,579,1499,0.11857310164326997
930,578,1508,0.11867103299154377
932,577,1509,0.1187387439099306
932,574,1506,0.11879830382065766
939,573,1512,0.11885395617013525
927,578,1505,0.11889121901770305
936,582,1518,0.11895299064061199
919,590,1509,0.11899097443345884
916,581,1497,0.11906734416788592
924,584,1508,0.1191458025367847
917,578,1495,0.11919994440875221
916,584,1500,0.11926840563125624
904,588,1492,0.11933428819435893
904,588,1492,0.11942170470966432
912,595,1507,0.11950411668160094
910,596,1506,0.1195618974633035
915,591,1506,0.11962135072064217
911,587,1498,0.11966290616954811
916,589,1505,0.11970878564163374
906,590,1496,0.11973879914813804
910,595,1505,0.11978871763457244
921,599,1520,0.11982800756009385
915,592,1507,0.11983853675026555
905,579,1484,0.1198629760066676
920,587,1507,0.11990818307730385
912,595,1507,0.11991626088805406
904,594,1498,0.1199420479192394
898,601,1499,0.11998552728287276
901,593,1494,0.12003891435511554
901,606,1507,0.12008019351534907
912,597,1509,0.12011927686608204
901,600,1501,0.12013072305082353
906,609,1515,0.12016674858201914
915,606,1521,0.12019064608368858
912,597,1509,0.12019405770453502
910,593,1503,0.12020440814838515
911,591,1502,0.12021818408532482
912,595,1507,0.12022741490552347
904,589,1493,0.12023500647804287
907,594,1501,0.12026065277110135
895,598,1493,0.12027851150046402
882,601,1483,0.12032422653542202
883,597,1480,0.12039677819751049
878,609,1487,0.12046306119186174
878,613,1491,0.12053583861907534
881,618,1499,0.12060189268692839
867,628,1495,0.12065783812489986
863,627,1490,0.12074060633959188
862,629,1491,0.12083014593773644
865,630,1495,0.12091840015251795
884,632,1516,0.12099448234939768
884,621,1505,0.12101686349417795
882,625,1507,0.12103654766081096
873,627,1500,0.1210617485181881
872,625,1497,0.12110580439755006
879,634,1513,0.12115169851235538
870,620,1490,0.12117229208565707
865,631,1496,0.1212120593613189
874,630,1504,0.12126402433194361
865,627,1492,0.12129137159679247
867,630,1497,0.12133602734355074
858,638,1496,0.12137482201910728
854,646,1500,0.12143225846750624
864,647,1511,0.12149916401820703
853,652,1505,0.12153684503992863
859,652,1511,0.12159753384178455
851,650,1501,0.12163934689216381
841,660,1501,0.12169980757253743
854,664,1518,0.1217817653771856
849,663,1512,0.12182514453226424
837,665,1502,0.12187657606870779
833,666,1499,0.12195424721261448
825,665,1490,0.12203950053410845
831,667,1498,0.12213610803674729
830,674,1504,0.12220936626102823
830,678,1508,0.12227876929480015
829,673,1502,0.12234273402134126
827,669,1496,0.12240544502223609
826,665,1491,0.12247044400247913
828,669,1497,0.12253306160189031
817,669,1486,0.12258379249143415
821,671,1492,0.12265577363788673
825,667,1492,0.1227138855919301
828,663,1491,0.12275764511807942
830,666,1496,0.12279420452968914
824,661,1485,0.12282246028129315
831,671,1502,0.12286266042043013
831,673,1504,0.12288227278834445
832,677,1509,0.12290165811379118
833,679,1512,0.1229188645588695
833,679,1512,0.12293409415235222
830,686,1516,0.12295016429188337
822,687,1509,0.12297170434400811
813,688,1501,0.12301143319910829
812,682,1494,0.12306932334020974
814,687,1501,0.12312418944192928
821,685,1506,0.12317445229881019
813,694,1507,0.12320271838095984
798,695,1493,0.1232488306001506
802,712,1514,0.12332663131832437
798,708,1506,0.12339011122394059
795,698,1493,0.12346012357333787
791,705,1496,0.12353323196479545
788,707,1495,0.12361085065831885
795,709,1504,0.12368677650657038
793,719,1512,0.12374204945951049
795,717,1512,0.12379998448716709
788,722,1510,0.12384839647679277
783,717,1500,0.12390786195444604
784,722,1506,0.1239740397605875
783,716,1499,0.12403351799979628
770,722,1492,0.12409087615885431
775,718,1493,0.12417627664863456
759,724,1483,0.12424276999532484
755,730,1485,0.12434301033969003
757,724,1481,0.12444541120450098
756,726,1482,0.12453456557103891
766,734,1500,0.12462116964516745
764,744,1508,0.12467612841505851
758,737,1495,0.12473324349661745
759,737,1496,0.12480224125179
755,737,1492,0.12486501175967935
771,727,1498,0.12493519038314665
768,734,1502,0.12496186222005656
762,736,1498,0.12498963761071724
770,736,1506,0.12502820968663972
766,736,1502,0.12504256453452472
757,738,1495,0.1250691385085158
758,744,1502,0.1251156958056189
752,751,1503,0.1251594116260888
747,754,1501,0.1252142346373934
749,750,1499,0.12527621014460938
751,744,1495,0.12533199174650947
753,753,1506,0.12537770844827828
757,748,1505,0.12541649506048308
754,741,1495,0.12544239327203713
755,755,1510,0.12547609843304686
750,760,1510,0.12550485539719036
748,758,1506,0.12554319335443886
754,763,1517,0.12558432212876944
746,771,1517,0.1256111334182791
749,769,1518,0.12565707979041638
745,768,1513,0.1256910922203789
751,786,1537,0.12573199992420464
747,780,1527,0.12575583393711187
740,771,1511,0.12578955460602945
738,772,1510,0.12583716316167165
740,770,1510,0.12588634722829398
748,763,1511,0.12592507540720058
748,757,1505,0.12594281977380423
744,758,1502,0.12596051342502165
751,751,1502,0.12598602134525944
755,750,1505,0.12599078306850509
759,756,1515,0.12598617277805876
766,757,1523,0.1259753397023114
758,763,1521,0.1259461231810593
754,758,1512,0.1259369599567143
756,746,1502,0.1259373540697103
757,741,1498,0.12593353416035552
747,744,1491,0.12592666971564953
746,745,1491,0.12594384830435768
754,744,1498,0.12596113396439315
747,755,1502,0.1259579643667946
742,754,1496,0.12597126860643382
743,751,1494,0.12599372829894748
743,753,1496,0.1260129419772846
747,758,1505,0.1260326942188587
744,749,1493,0.12604118521560123
740,755,1495,0.1260563970054722
731,757,1488,0.12608086467147314
731,767,1498,0.1261266062467801
736,769,1505,0.12616945380065026
741,769,1510,0.12619826535973386
741,782,1523,0.12621282484030427
732,783,1515,0.1262245586725927
730,793,1523,0.12625546941037527
728,790,1518,0.1262900500671483
715,796,1511,0.12633060660107018
715,790,1505,0.12640091702173145
717,801,1518,0.12646989447014367
706,798,1504,0.12652747273119655
707,800,1507,0.1266087112082995
701,811,1512,0.12668298505883585
696,805,1501,0.12676772730112099
706,806,1512,0.126859886422212
706,807,1513,0.12692078678640437
691,816,1507,0.1269766333080824
691,809,1500,0.127063614218618
685,812,1497,0.12714375623933868
679,819,1498,0.1272344790581227
680,814,1494,0.12733315403894407
686,820,1506,0.12742146634179405
695,819,1514,0.12748863030094307
698,822,1520,0.1275299789546151
696,815,1511,0.12756016764432815
692,820,1512,0.12758847972200046
691,806,1497,0.12762625565521
696,805,1501,0.12766412072933264
688,818,1506,0.1276895753512121
674,816,1490,0.1277351480142049
670,822,1492,0.12781237971849635
672,823,1495,0.12789264514903043
672,824,1496,0.12796076290833758
672,826,1498,0.12802191357598205
677,826,1503,0.1280757834791711
671,826,1497,0.128113498686364
665,822,1487,0.12816257836817146
663,821,1484,0.12822417228198946
669,831,1500,0.1282865528725018
670,828,1498,0.1283307296934822
658,839,1497,0.12836877892632542
649,848,1497,0.12843074497367082
649,856,1505,0.1285106788291803
652,857,1509,0.1285849852967122
659,865,1524,0.12864894794934914
639,864,1503,0.12869437873566958
639,860,1499,0.12878589872793997
639,864,1503,0.1288715264946172
640,862,1502,0.12895243210377147
645,862,1507,0.1290263150173141
645,862,1507,0.129082783282515
643,862,1505,0.12913581651630468
640,860,1500,0.1291899991033726
636,856,1492,0.1292470506632117
633,866,1499,0.129308714158532
628,867,1495,0.1293734684860416
626,865,1491,0.1294458096710282
618,863,1481,0.12951952611756984
623,862,1485,0.12960448149984757
617,869,1486,0.12967131416096853
624,873,1497,0.1297480874009847
628,865,1493,0.1298054629188964
637,866,1503,0.12984795931552617
640,862,1502,0.12986498799550164
637,864,1501,0.12987135384071052
647,864,1511,0.129881236068384
638,862,1500,0.1298662969841341
633,866,1499,0.1298747970181775
635,869,1504,0.12989522742977946
646,868,1514,0.12990824603372286
635,860,1495,0.12989725526024415
632,860,1492,0.12991582471606974
628,854,1482,0.12993954329309237
623,860,1483,0.12997074090774488
624,870,1494,0.1300126124724942
639,872,1511,0.13004874536634065
636,889,1525,0.13004618811671873
645,895,1540,0.13005582916139488
638,886,1524,0.13004678573976633
629,889,1518,0.13005580165437983
631,886,1517,0.1300871556608048
618,888,1506,0.13011240516807368
602,893,1495,0.1301699766463464
598,904,1502,0.1302611716952157
602,900,1502,0.13035689402853776
612,904,1516,0.13043606721688727
613,903,1516,0.13048724276691007
613,896,1509,0.13053149894611407
618,904,1522,0.1305697847315959
622,902,1524,0.130594416016757
611,896,1507,0.13061050424922616
615,899,1514,0.1306540502345521
615,906,1521,0.13068074772405436
614,902,1516,0.13070471671344372
608,900,1508,0.1307335525719936
604,913,1517,0.13077305006199114
600,908,1508,0.13082071627165578
602,906,1508,0.13087434769584916
600,908,1508,0.13091897738848
605,908,1513,0.13096294459545135
601,902,1503,0.1309934521858761
602,900,1502,0.13103238948033583
608,901,1509,0.13106554410151858
610,910,1520,0.13107762053057162
606,908,1514,0.13108547466487844
607,912,1519,0.1311026469935041
602,914,1516,0.1311187884102928
594,908,1502,0.13114551252594736
591,903,1494,0.13118868627158187
591,905,1496,0.1312336973602128
572,910,1482,0.1312775673489455
576,915,1491,0.13136217260219465
581,918,1499,0.131432798667377
589,914,1503,0.13148766172991577
592,921,1513,0.13152087290447717
593,915,1508,0.13154348549775413
595,928,1523,0.13156440461755345
591,929,1520,0.13157968345153348
588,929,1517,0.13160511589987034
588,923,1511,0.13163603933897775
581,930,1511,0.13166461764415854
582,929,1511,0.13170819150085755
573,933,1506,0.13174632836125297
585,936,1521,0.131801326956044
577,943,1520,0.13182404139946238
577,940,1517,0.13186409361466933
571,938,1509,0.13190239427143702
563,944,1507,0.13195385814078966
561,946,1507,0.1320213237961021
561,942,1503,0.13208672201500107
553,946,1499,0.132147395211347
548,937,1485,0.13222301906151482
549,952,1501,0.13230801748517307
548,956,1504,0.13238334008434607
537,959,1496,0.13245501075830446
538,959,1497,0.13254498101720186
543,961,1504,0.1326260746972412
541,964,1505,0.13268921722097757
542,960,1502,0.1327528692596689
541,967,1508,0.1328103195900217
542,975,1517,0.1328663043672781
543,973,1516,0.13291696219350219
544,986,1530,0.13296018472355356
535,976,1511,0.1329971596980796
534,972,1506,0.1330555188368282
528,964,1492,0.13311040647232994
532,968,1500,0.13317626710977482
535,979,1514,0.13322934187010307
541,988,1529,0.13327221678949053
539,980,1519,0.13329690243297745
541,974,1515,0.13332284014018062
542,968,1510,0.13334358390764836
544,969,1513,0.13335921700585746
550,971,1521,0.13336815939979854
541,963,1504,0.1333644419335006
545,964,1509,0.13338333632082575
538,976,1514,0.13338985768390063
536,979,1515,0.13341074210670212
537,987,1524,0.1334385129093033
525,983,1508,0.13345936035751366
525,984,1509,0.13350822573983945
525,973,1498,0.13355081762706839
525,975,1500,0.1335913094628765
524,978,1502,0.1336291906766498
518,971,1489,0.13366676303705788
514,966,1480,0.1337161125935023
523,986,1509,0.1337721674487244
524,984,1508,0.13380370614460568
527,996,1523,0.13383103274793448
520,996,1516,0.13384942387974064
514,988,1502,0.13388388147592079
516,991,1507,0.1339326474620107
523,993,1516,0.1339715719423781
517,994,1511,0.13398941837344427
516,993,1509,0.13402063160343508
513,1005,1518,0.13405538750014745
511,1003,1514,0.13409760331136256
509,992,1501,0.13414249869334963
508,987,1495,0.13418930688477876
514,986,1500,0.13423381309801546
518,988,1506,0.13426076531750272
511,995,1506,0.13427449836472186
514,990,1504,0.13430400752455762
512,999,1511,0.13432310806987335
513,996,1509,0.1343443468353098
513,992,1505,0.1343624891739026
506,994,1500,0.13437981687439282
511,992,1503,0.13441328914568412
505,998,1503,0.13443243085375595
507,994,1501,0.13446360937708668
509,991,1500,0.13448994710565385
514,983,1497,0.13450877575466133
512,985,1497,0.13451499436554176
510,994,1504,0.134523267409023
509,988,1497,0.13453602109445068
511,989,1500,0.13455115192701836
506,989,1495,0.1345608930563369
507,990,1497,0.13458075235974598
510,995,1505,0.13459723791029307
501,991,1492,0.13460479954134688
502,999,1501,0.1346348915413762
508,1005,1513,0.13466135670092197
507,989,1496,0.13467138705597903
502,1000,1502,0.1346806227554702
497,1000,1497,0.13470420613552092
506,1016,1522,0.13473889242718687
499,1019,1518,0.13475104914138517
494,1017,1511,0.13478077945673494
497,1013,1510,0.13481952317160745
505,1016,1521,0.13484941364675795
507,1015,1522,0.1348585925725036
497,1005,1502,0.13486186028783742
493,1022,1515,0.13489004429809198
500,1023,1523,0.13492523578414242
498,1027,1525,0.13494154771290906
500,1029,1529,0.13496156895277747
490,1010,1500,0.13497129122699783
487,1012,1499,0.13500701009569474
490,1023,1513,0.13504300762473048
497,1034,1531,0.1350715687903777
496,1029,1525,0.1350779805534884
492,1019,1511,0.1350847909760091
485,1029,1514,0.13510163934869107
484,1025,1509,0.13513360928873838
485,1035,1520,0.13516998235965322
492,1030,1522,0.13520208947089532
493,1029,1522,0.13521668693609068
497,1020,1517,0.13522612923237798
501,1023,1524,0.13522344075142012
494,1016,1510,0.13520939846294844
496,1017,1513,0.13521178662876523
492,1014,1506,0.13520960070553323
484,1015,1499,0.13522072404941865
481,1024,1505,0.13525091939771447
485,1020,1505,0.13528765693852482
480,1031,1511,0.13531226772903904
483,1032,1515,0.13534684978306646
475,1039,1514,0.1353722465840907
470,1038,1508,0.1354170202963818
475,1044,1519,0.13546934476659
474,1034,1508,0.13550583340960695
474,1036,1510,0.13554289918276324
479,1038,1517,0.13557839887490805
477,1037,1514,0.13559871071834334
477,1037,1514,0.13562112671001228
474,1040,1514,0.13564097437208225
468,1036,1504,0.13566701300310524
467,1047,1514,0.13570638199210602
473,1050,1523,0.13574631778846938
476,1046,1522,0.13577117513357687
473,1046,1519,0.13578414299372293
468,1055,1523,0.13580611667638187
468,1049,1517,0.13583857776006156
469,1047,1516,0.13587021424184456
464,1054,1518,0.13589783639781633
463,1056,1519,0.13593743267182273
468,1054,1522,0.13597856399126598
461,1053,1514,0.1360030731621872
457,1062,1519,0.13604337844607595
457,1057,1514,0.13609026105934133
455,1054,1509,0.13613447257534333
451,1056,1507,0.1361794564144034
460,1053,1513,0.13623001995501763
457,1047,1504,0.1362522721963384
455,1052,1507,0.13628103328623065
451,1044,1495,0.13631518944615295
453,1047,1500,0.13635544013273046
450,1044,1494,0.1363891430768407
447,1059,1506,0.136425602775813
440,1066,1506,0.13646916668545
445,1070,1515,0.13652664528614833
444,1073,1517,0.13656979871640423
430,1076,1506,0.13661134053841692
427,1084,1511,0.13668505923625482
428,1078,1506,0.1367620275442894
427,1084,1511,0.1368335299907199
419,1090,1509,0.1369006129040468
422,1090,1512,0.1369834511705333
429,1090,1519,0.13705423727567528
428,1088,1516,0.13710167621827324
421,1098,1519,0.13715027539361738
415,1092,1507,0.1372118134792869
421,1096,1517,0.1372836562152989
420,1084,1504,0.13733702810870688
420,1088,1508,0.13738884455736286
422,1085,1507,0.13743854267638347
430,1095,1525,0.13748142141809538
424,1098,1522,0.13750336288934023
425,1102,1527,0.13753829109768134
415,1095,1510,0.1375651819587073
413,1093,1506,0.13761667512630857
411,1092,1503,0.13766671404958145
411,1090,1501,0.1377204708585944
414,1096,1510,0.13777090070466327
415,1097,1512,0.13781086662963596
410,1094,1504,0.13784645826009004
406,1095,1501,0.13789179422584147
400,1099,1499,0.1379433924821749
402,1095,1497,0.138007616039658
401,1110,1511,0.1380636720947401
399,1108,1507,0.13811932604159055
397,1118,1515,0.138174340193226
394,1107,1501,0.13823057202765554
400,1114,1514,0.13828907840052482
396,1113,1509,0.1383286500587967
396,1109,1505,0.1383737932983661
398,1115,1513,0.13841835169361905
396,1123,1519,0.13845537727515084
389,1131,1520,0.138495420916512
380,1134,1514,0.1385505190172557
380,1134,1514,0.13862411742367642
385,1134,1519,0.13868930011335004
382,1142,1524,0.13873712532845703
380,1131,1511,0.13878877001843265
379,1142,1521,0.13884299419085033
376,1145,1521,0.1388969875423505
374,1151,1525,0.1389530741909747
364,1140,1504,0.13901126479756518
364,1147,1511,0.13908689593040943
360,1142,1502,0.1391597868025441
359,1155,1514,0.13923853910086448
364,1141,1505,0.13931443533964416
364,1145,1509,0.1393709993923657
363,1151,1514,0.1394235753680805
358,1156,1514,0.13947713079171187
359,1154,1513,0.13953847169900155
357,1142,1499,0.13959193314446444
355,1144,1499,0.13964695295668453
358,1153,1511,0.13970418723226807
353,1140,1493,0.13975021314607244
361,1149,1510,0.13980340701705438
358,1149,1507,0.13983197303763956
356,1158,1514,0.13986568971829352
354,1160,1514,0.13990164256227186
350,1168,1518,0.13994323414238802
344,1164,1508,0.1399927877656287
351,1165,1516,0.14005424535894018
349,1177,1526,0.1400940113093573
348,1179,1527,0.14013475511191228
350,1181,1531,0.14017453359559706
353,1171,1524,0.14020622643687378
356,1168,1524,0.1402301158785753
353,1160,1513,0.14024490472010911
352,1158,1510,0.1402635767743682
352,1150,1502,0.14028081399065112
344,1153,1497,0.14029773316325167
351,1146,1497,0.1403353833216621
352,1153,1505,0.14035288974394058
346,1159,1505,0.14036496153294833
339,1154,1493,0.1403931607281361
338,1154,1492,0.14043437336157974
337,1163,1500,0.14047468702662758
337,1160,1497,0.14051455518332992
327,1183,1510,0.14055378867983914
325,1177,1502,0.14061583451312334
317,1181,1498,0.14067997219204487
314,1201,1515,0.14076079320445348
314,1203,1517,0.14084320377293064
315,1201,1516,0.14092044111884264
317,1205,1522,0.1409874567040357
318,1213,1531,0.14104432200989422
315,1214,1529,0.1410951571458714
316,1205,1521,0.14115159968543453
312,1197,1509,0.1412025418212283
317,1198,1515,0.14126010650110277
315,1190,1505,0.14130295843898796
315,1185,1500,0.14134790912743747
313,1193,1506,0.1413881299625171
313,1191,1504,0.14143341846647053
310,1186,1496,0.14147658019896747
310,1196,1506,0.14152296500768846
308,1194,1502,0.1415648004905371
308,1191,1499,0.14160516677835855
308,1185,1493,0.14164122317337996
306,1185,1491,0.14167708698829926
307,1187,1494,0.1417177567209269
315,1196,1511,0.1417508893440179
303,1208,1511,0.14176093211600768
304,1210,1514,0.14180083383715444
301,1210,1511,0.1418347563674245
298,1204,1502,0.14187388958294508
293,1212,1505,0.141917437278015
292,1209,1501,0.14197004359771548
291,1224,1515,0.14202414169005034
280,1224,1504,0.142079047013289
282,1227,1509,0.1421577394738898
286,1240,1526,0.142228298010742
277,1233,1510,0.142285071789032
273,1250,1523,0.14235968696886991
267,1250,1517,0.14244017685535681
268,1244,1512,0.14252926871219557
272,1242,1514,0.14261137813380767
275,1261,1536,0.14267734287331757
274,1245,1519,0.14273065880944139
271,1249,1520,0.14278359378566002
264,1254,1518,0.1428415213973897
261,1246,1507,0.1429125802719509
255,1260,1515,0.1429874791670427
254,1265,1519,0.1430726895416127
254,1259,1513,0.14315637759843644
251,1252,1503,0.14323466138396512
251,1255,1506,0.14331412793303472
253,1261,1514,0.14338957886117537
246,1271,1517,0.14345442929927285
242,1282,1524,0.14353386396413867
239,1280,1519,0.14361728830914214
235,1284,1519,0.14370213479083213
237,1277,1514,0.1437915947984419
240,1269,1509,0.14386988628588515
248,1257,1505,0.14393407570557604
246,1274,1520,0.1439735998542395
244,1270,1514,0.14401491340785535
243,1273,1516,0.14405922609821065
247,1275,1522,0.1441034966594029
250,1271,1521,0.1441353682780532
247,1275,1522,0.14415706850941817
248,1272,1520,0.14418503928176413
244,1279,1523,0.1442083200604056
238,1272,1510,0.14424177841658647
239,1276,1515,0.1442871495848947
235,1287,1522,0.14432733985658594
230,1280,1510,0.14437591835119032
232,1288,1520,0.14443308350983794
235,1282,1517,0.14448153436574787
238,1280,1518,0.1445213799882153
232,1278,1510,0.14455051035262229
235,1273,1508,0.144593977039028
231,1275,1506,0.14462602497910898
233,1286,1519,0.14466601910534094
236,1295,1531,0.14470001570876648
234,1299,1533,0.14472535786866225
230,1300,1530,0.1447535875551093
230,1285,1515,0.14478943453850227
233,1279,1512,0.14482332008461626
232,1280,1512,0.14484829370587404
230,1288,1518,0.1448743299082348
233,1283,1516,0.14490330574814853
229,1290,1519,0.14492346106489937
227,1278,1505,0.14495299201828285
229,1283,1512,0.14498605589283758
220,1292,1512,0.14501342055070296
221,1290,1511,0.1450610850126346
225,1288,1513,0.14510210950535968
227,1289,1516,0.14513031290889558
222,1297,1519,0.14515059273279735
218,1298,1516,0.14518246823768508
220,1290,1510,0.14522194034107255
215,1305,1520,0.14525521064817667
212,1305,1517,0.14529824534149516
207,1301,1508,0.1453459583424691
201,1305,1506,0.1454025853282381
205,1317,1522,0.14546982011271672
194,1308,1502,0.1455229466677048
201,1316,1517,0.14559817175982093
196,1312,1508,0.14565241359360595
195,1306,1501,0.14571600770873694
197,1299,1496,0.14577746283070772
201,1318,1519,0.14582997003722992
206,1320,1526,0.14587049242005137
203,1321,1524,0.14589408014772048
201,1326,1527,0.14592244861055462
202,1320,1522,0.14595435088742412
207,1321,1528,0.14598022836175953
209,1320,1529,0.14599210618622627
206,1307,1513,0.14599941232308786
208,1298,1506,0.1460125453289855
203,1300,1503,0.14602075152788951
200,1307,1507,0.146040468946527
202,1326,1528,0.14606668649280585
198,1322,1520,0.14608380995607223
199,1313,1512,0.14611066549048807
204,1310,1514,0.14613307662143357
204,1313,1517,0.14614152290264906
202,1287,1489,0.1461491046453454
202,1289,1491,0.1461623541980146
202,1302,1504,0.14617503026885595
198,1300,1498,0.14618645775167605
195,1315,1510,0.14620832537690384
197,1310,1507,0.14623664785986928
201,1307,1508,0.14625827859097268
203,1322,1525,0.14626787478780715
201,1319,1520,0.14627148636276505
198,1305,1503,0.1462804199600994
195,1317,1512,0.14629594300406557
193,1313,1506,0.1463156070150171
191,1323,1514,0.14633857013061538
188,1331,1519,0.14636614022599204
189,1333,1522,0.14640073244272936
190,1321,1511,0.14643007023024862
194,1320,1514,0.14645477357470343
199,1309,1508,0.14646801896547504
198,1303,1501,0.14646876604427272
201,1303,1504,0.1464724225580169
199,1318,1517,0.14646965344317672
194,1327,1521,0.14647188845887651
195,1325,1520,0.14648706559059313
191,1330,1521,0.14649763122051354
191,1317,1508,0.14651575953343782
192,1325,1517,0.14653356498366932
189,1323,1512,0.14654778153607753
190,1332,1522,0.14656925818914407
191,1330,1521,0.1465867199950332
192,1329,1521,0.14659973347234093
184,1331,1515,0.14660914793156463
181,1332,1513,0.1466379769513254
187,1335,1522,0.14667376840663932
186,1336,1522,0.14669218454666388
185,1327,1512,0.14671106463826622
187,1341,1528,0.14673031299477782
187,1324,1511,0.14674415184535558
187,1316,1503,0.1467567011935091
185,1320,1505,0.14676707959527102
190,1327,1517,0.14678081958095388
187,1324,1511,0.14678094599282746
182,1324,1506,0.14678830417302485
184,1325,1509,0.1468084998333312
184,1324,1508,0.14682327604937698
181,1314,1495,0.1468372647142045
181,1311,1492,0.14685697262749414
177,1308,1485,0.14687578252597627
178,1330,1508,0.14690206226600494
176,1327,1503,0.14692543512888923
173,1347,1520,0.14695079356512164
173,1355,1528,0.14698251055223754
178,1344,1522,0.1470107152078662
175,1348,1523,0.14702687541312437
170,1351,1521,0.14705074420286077
169,1358,1527,0.14708645088710073
166,1359,1525,0.14712175510165246
164,1359,1523,0.14716207920998453
165,1363,1528,0.14720557779305418
165,1360,1525,0.1472437117136678
156,1366,1522,0.147281363900475
156,1357,1513,0.1473390855334761
158,1372,1530,0.1473920362354829
154,1369,1523,0.14743789594948783
152,1363,1515,0.14748997511080778
154,1359,1513,0.14754350746687936
151,1349,1500,0.14758805966096242
150,1355,1505,0.14763716340032398
151,1354,1505,0.14768533830857877
148,1364,1512,0.14772768323348523
148,1357,1505,0.14777450435989972
149,1376,1525,0.14781832733818692
146,1376,1522,0.14785711820352515
146,1368,1514,0.14790229040820535
143,1384,1527,0.14794324422268734
140,1378,1518,0.14798840774746125
141,1382,1523,0.14803741709301205
140,1375,1515,0.14808207099621395
139,1375,1514,0.14812694926092218
139,1370,1509,0.14817132528259727
137,1373,1510,0.14821277223404528
137,1370,1507,0.1482560137018526
137,1379,1516,0.14829645342586942
139,1383,1522,0.14833528488993636
139,1380,1519,0.14836598483095165
136,1379,1515,0.14839550283867836
134,1369,1503,0.14843072213667158
132,1378,1510,0.14846892751086696
132,1392,1524,0.14850854369615882
133,1394,1527,0.1485453802380979
138,1390,1528,0.14857760249111712
139,1381,1520,0.14859452352724767
137,1395,1532,0.14860910846204256
138,1392,1530,0.1486288392303531
133,1395,1528,0.14864493081913813
134,1390,1524,0.14867164461213586
130,1393,1523,0.14869424434339265
128,1397,1525,0.14872569106082112
130,1391,1521,0.148760124858766
131,1382,1513,0.1487875161029845
133,1361,1494,0.1488094405020606
127,1376,1503,0.14882507124657068
127,1387,1514,0.1488541193248712
126,1386,1512,0.14888063839271945
126,1391,1517,0.1489092010968791
123,1392,1515,0.14893524511514852
120,1385,1505,0.1489670864217308
120,1400,1520,0.14900466052489794
120,1393,1513,0.14904041595613438
121,1393,1514,0.1490741434565791
122,1387,1509,0.14910131148873368
122,1391,1513,0.14912414536308344
123,1390,1513,0.14914557143226037
125,1394,1519,0.14916323640042464
126,1380,1506,0.1491743508582722
132,1384,1516,0.1491835393846657
129,1387,1516,0.1491770115728325
125,1374,1499,0.14917907234948363
121,1385,1506,0.14919029906050643
119,1384,1503,0.14921018298093253
123,1385,1508,0.14923420832105744
120,1388,1508,0.14924736351173526
119,1377,1496,0.14926779493552814
124,1380,1504,0.1492902285472881
119,1381,1500,0.14929747140061045
120,1376,1496,0.149316581782461
120,1382,1502,0.14933129802301362
123,1392,1515,0.14934465376704034
121,1400,1521,0.1493508718536277
120,1405,1525,0.14936153105496353
121,1402,1523,0.14937410569267084
119,1407,1526,0.14938251260515906
112,1417,1529,0.1493961413653573
108,1408,1516,0.14942560414049713
106,1405,1511,0.14946257869036167
103,1421,1524,0.1495029236764262
102,1409,1511,0.14954638290860076
103,1408,1511,0.14959005058355115
103,1407,1510,0.1496282015633802
96,1420,1516,0.1496645367337493
99,1412,1511,0.14971628061305503
98,1413,1511,0.14975668059224007
97,1413,1510,0.1497965590844829
96,1418,1514,0.1498365287673074
94,1420,1514,0.14987668779827884
95,1423,1518,0.14991951567117198
93,1421,1514,0.14995738972656888
95,1421,1516,0.14999691099034249
94,1414,1508,0.1500298393446626
91,1422,1513,0.1500634613307655
93,1422,1515,0.15010225128336452
90,1431,1521,0.1501321709255019
90,1439,1529,0.15016797754284877
91,1424,1515,0.1502015958268917
90,1432,1522,0.1502311494842088
90,1432,1522,0.15026065101113853
91,1439,1530,0.15028843059592806
91,1434,1525,0.15031147813235546
93,1432,1525,0.1503338485914818
92,1424,1516,0.15034960220296623
86,1421,1507,0.15036730848003446
86,1427,1513,0.15039834559365864
88,1439,1527,0.15042709559312942
87,1436,1523,0.15044897410086114
87,1429,1516,0.15047078774253464
88,1439,1527,0.15049096741572673
89,1429,1518,0.1505068704644991
89,1429,1518,0.15051893176951206
93,1421,1514,0.1505306951970079
95,1427,1522,0.1505322469679157
91,1428,1519,0.15052926039866565
88,1421,1509,0.15053583878178947
90,1415,1505,0.15054893787669454
90,1432,1522,0.15055643851639225
89,1432,1521,0.15056382619656095
89,1426,1515,0.1505737660768584
87,1427,1514,0.1505819138095828
86,1433,1519,0.15059425345579208
87,1438,1525,0.15060853225400256
85,1436,1521,0.1506196610222368
88,1436,1524,0.15063508975602086
90,1427,1517,0.15064202989898462
94,1421,1515,0.15064438048990383
94,1410,1504,0.15063509830472865
92,1423,1515,0.15062737960408284
91,1435,1526,0.15062584257405245
93,1423,1516,0.1506274407551717
94,1410,1504,0.1506235271356654
91,1412,1503,0.15061581157319787
91,1404,1495,0.15061634901750776
90,1416,1506,0.15061571337805557
94,1417,1511,0.15061820134527515
92,1416,1508,0.15061012762894793
95,1410,1505,0.1506081579566151
90,1420,1510,0.15059850572662523
87,1417,1504,0.1506017539994469
91,1428,1519,0.15061294208159481
92,1432,1524,0.1506135433493884
92,1434,1526,0.15061245975876714
91,1435,1526,0.15061131179437667
90,1440,1530,0.1506124143489673
93,1422,1515,0.1506157759666509
90,1418,1508,0.15061201076649156
87,1425,1512,0.1506159921713738
87,1437,1524,0.15062745946606695
85,1430,1515,0.15063702031865372
87,1426,1513,0.15065073477138674
84,1430,1514,0.15065890174880794
87,1420,1507,0.15067320179651214
89,1423,1512,0.15067982144564612
88,1414,1502,0.15068140695583188
88,1429,1517,0.15068586130484246
90,1430,1520,0.15069025249601684
87,1427,1514,0.15068936457037016
94,1426,1520,0.15069654159990997
94,1422,1516,0.1506856247378918
91,1403,1494,0.15067627599006503
94,1407,1501,0.1506749162964993
95,1425,1520,0.15066420689946794
96,1418,1514,0.15065190117692695
99,1403,1502,0.15063891890130282
97,1415,1512,0.1506188267891388
98,1412,1510,0.1506052697082886
95,1408,1503,0.15059066361060439
98,1417,1515,0.15058364607152744
95,1422,1517,0.15056979332607304
94,1440,1534,0.15056452906316728
94,1417,1511,0.15056248232386252
94,1417,1511,0.1505594554260934
97,1431,1528,0.15055596830842208
97,1421,1518,0.15054453998174583
98,1424,1522,0.15053313073841473
99,1431,1530,0.1505197377913966
95,1430,1525,0.1505050197948597
99,1423,1522,0.1505008264667898
101,1411,1512,0.1504869286469563
101,1423,1524,0.15046865843905557
101,1420,1521,0.1504529409592822
99,1422,1521,0.15043889619393633
101,1416,1517,0.15043067921288075
101,1414,1515,0.1504166060522321
104,1414,1518,0.15040364471791448
103,1413,1516,0.15038537895338522
101,1412,1513,0.15037130896874898
99,1410,1509,0.15036377684902089
99,1418,1517,0.1503619833403271
100,1415,1515,0.15036098217828733
101,1420,1521,0.1503581376593342
102,1423,1525,0.1503524836603213
101,1400,1501,0.15034485588262028
101,1419,1520,0.15034010498346403
101,1404,1505,0.15033613804620993
98,1404,1502,0.1503319152732585
94,1409,1503,0.15033519364071324
95,1420,1515,0.1503477502493645
94,1413,1507,0.150356630389053
94,1408,1502,0.15036804863060915
93,1421,1514,0.15037833013604265
91,1429,1520,0.15039129761208908
92,1442,1534,0.15040783463823135
90,1431,1521,0.15042128974754906
90,1431,1521,0.1504392742169395
92,1431,1523,0.15045606797556657
96,1427,1523,0.15046540003332862
98,1409,1507,0.1504639035605722
98,1416,1514,0.15045656753851605
97,1413,1510,0.15044941531034087
92,1405,1497,0.15044617888060594
93,1405,1498,0.15045580407671125
93,1411,1504,0.15046204914703892
93,1421,1514,0.15046812127138998
95,1412,1507,0.15047436229875658
95,1410,1505,0.1504750253790908
96,1432,1528,0.15047649902701768
97,1420,1517,0.1504759189063812
95,1427,1522,0.1504733500239079
96,1428,1524,0.15047697186536108
96,1428,1524,0.1504775093174849
95,1409,1504,0.1504777867084508
93,1420,1513,0.15048003080012895
89,1423,1512,0.15048701414007135
88,1431,1519,0.15050367758750288
85,1433,1518,0.15052163015340025
88,1438,1526,0.1505459434809155
89,1432,1521,0.15056139904797372
89,1424,1513,0.15057247819074177
88,1433,1521,0.15058338859131115
85,1439,1524,0.15059678582384892
86,1455,1541,0.15061695851286083
87,1456,1543,0.1506336597973151
85,1451,1536,0.15064758543467302
85,1443,1528,0.15066456224750788
82,1440,1522,0.1506811948135775
83,1444,1527,0.1507036026047582
82,1437,1519,0.15072245072524648
83,1437,1520,0.1507429386397059
86,1437,1523,0.1507575153487948
86,1427,1513,0.1507635787995574
84,1437,1521,0.15076831264050927
84,1428,1512,0.15077861050875652
83,1434,1517,0.15078710988305288
86,1438,1524,0.15079724289491506
83,1432,1515,0.15079753250998512
86,1427,1513,0.15080627004404706
86,1433,1519,0.15080738870536262
88,1427,1515,0.15080825368474923
87,1436,1523,0.1508046361151865
87,1421,1508,0.15080445644990514
85,1417,1502,0.15080501799128623
86,1416,1502,0.1508096477187774
87,1419,1506,0.15081023565274376
87,1429,1516,0.1508069724722364
84,1430,1514,0.15080466141696738
84,1436,1520,0.15080957160015607
85,1432,1517,0.1508143448123204
84,1430,1514,0.15081672073844107
82,1435,1517,0.15082195688952882
85,1444,1529,0.15083213559763262
85,1431,1516,0.1508346237347202
86,1430,1516,0.15083771035298846
85,1426,1511,0.1508368847626353
85,1423,1508,0.1508388276015365
85,1421,1506,0.1508412320515037
85,1426,1511,0.15084337343851487
90,1437,1527,0.1508453014367005
89,1436,1525,0.15083413372699986
86,1435,1521,0.15082687220558286
84,1447,1531,0.15082782114086116
83,1439,1522,0.15083343317611247
83,1442,1525,0.15084001030181096
77,1444,1521,0.15084691857955815
77,1428,1505,0.15086778972282905
80,1440,1520,0.15088775293403991
77,1432,1509,0.15089931659889233
73,1433,1506,0.15091761876381757
74,1452,1526,0.15094282334393808
75,1443,1518,0.1509639306829813
73,1427,1500,0.15097954879071654
72,1442,1514,0.15099911994177362
75,1445,1520,0.15102052849537007
74,1449,1523,0.15103406648821668
75,1445,1520,0.1510497617235641
73,1445,1518,0.15106082452320638
74,1443,1517,0.15107602303591658
71,1442,1513,0.15108868587066737
71,1439,1510,0.1511074882651939
72,1441,1513,0.15112573621753556
70,1440,1510,0.1511399466733754
69,1454,1523,0.15115654846432958
71,1446,1517,0.15117521235249284
75,1435,1510,0.1511872996957153
72,1445,1517,0.1511887919457032
72,1456,1528,0.15119682292568065
73,1446,1519,0.15120529638406416
75,1443,1518,0.15121035518964304
74,1458,1532,0.15120954891110552
74,1447,1521,0.15121195980658772
71,1442,1513,0.15121469716986474
71,1441,1512,0.15122459761967208
72,1439,1511,0.15123411660448913
74,1439,1513,0.15124116184553116
75,1434,1509,0.15124341743298333
75,1431,1506,0.1512428645041523
73,1433,1506,0.15124105193672982
73,1450,1523,0.1512437289782222
74,1445,1519,0.15124525341623504
76,1444,1520,0.15124469456201467
75,1446,1521,0.15123948625628333
72,1443,1515,0.1512368435095203
72,1447,1519,0.15124226027076434
72,1443,1515,0.151247687765617
73,1430,1503,0.15125321503122408
71,1442,1513,0.15125609508894108
70,1443,1513,0.15126375191514196
69,1450,1519,0.15127343388499745
70,1446,1516,0.15128462903291007
73,1441,1514,0.15129273829546103
71,1438,1509,0.1512927631103912
68,1454,1522,0.15129808623652877
65,1460,1525,0.1513104526327182
65,1466,1531,0.151329439551529
65,1460,1525,0.15134799610756153
66,1464,1530,0.15136509856507893
65,1462,1527,0.15137831422042813
65,1464,1529,0.15139346974428872
61,1471,1532,0.15140738176642043
61,1463,1524,0.15143010085459907
61,1449,1510,0.15145015095012826
59,1448,1507,0.1514692239505262
54,1451,1505,0.1514925791057923
53,1446,1499,0.15152628448350383
56,1456,1512,0.1515602086978619
55,1462,1517,0.15158522095063906
56,1464,1520,0.1516115407009479
54,1473,1527,0.15163345418645624
52,1466,1518,0.15165920481161055
52,1473,1525,0.15168678762327317
52,1461,1513,0.15171197372431994
52,1457,1509,0.1517361966679782
51,1456,1507,0.15175935848595476
50,1460,1510,0.1517836824433728
50,1460,1510,0.15180919064276244
47,1451,1498,0.15183251098026876
45,1465,1510,0.15186165311303332
46,1450,1496,0.15189391462942833
48,1461,1509,0.15192194963979178
50,1461,1511,0.1519427938423981
49,1474,1523,0.151954711634746
49,1473,1522,0.15196889464051236
50,1481,1531,0.15198274379480142
50,1470,1520,0.15199112542985738
48,1457,1505,0.1519990543227842
47,1472,1519,0.15201234818761286
48,1465,1513,0.1520281523460124
48,1455,1503,0.15204071420953544
46,1455,1501,0.15205301041236086
44,1468,1512,0.15206864621702457
41,1468,1509,0.1520886045837166
38,1467,1505,0.152115980872823
39,1473,1512,0.15214884415083688
39,1481,1520,0.15217734618024173
40,1484,1524,0.15220430771890808
40,1495,1535,0.1522262552094961
40,1493,1533,0.15224716460925627
42,1492,1534,0.15226705348130548
40,1474,1514,0.15227973529222857
40,1476,1516,0.15229667404630592
39,1484,1523,0.15231291050629284
40,1483,1523,0.15232987624364197
39,1477,1516,0.15234308197981838
40,1472,1512,0.15235752913840195
40,1483,1523,0.1523685217793435
40,1479,1519,0.15237860182639085
41,1484,1525,0.15238859393312254
41,1485,1526,0.15239528636235178
41,1475,1516,0.152402069874636
41,1489,1530,0.15240820358492857
41,1481,1522,0.15241375829748677
39,1482,1521,0.15241946861250136
39,1473,1512,0.15242983206629765
39,1489,1528,0.1524399285550482
38,1481,1519,0.1524490075939432
35,1473,1508,0.15246041747210734
35,1483,1518,0.15247808669079185
37,1484,1521,0.15249509456168275
38,1487,1525,0.15250396227280597
36,1476,1512,0.15251048266492456
36,1485,1521,0.15252178750284356
36,1485,1521,0.1525327787745946
39,1488,1527,0.15254311689844627
39,1487,1526,0.1525434841173777
38,1481,1519,0.15254408122636026
40,1480,1520,0.15254765169261514
39,1482,1521,0.15254512525045053
41,1480,1521,0.15254569038263274
40,1482,1522,0.15254067580786818
41,1483,1524,0.15253839052141138
41,1480,1521,0.15253392584954453
42,1485,1527,0.152529639644906
40,1481,1521,0.15252342244446498
43,1472,1515,0.15252290588240566
43,1465,1508,0.1525145504760944
43,1465,1508,0.15250636558509192
44,1463,1507,0.1524993566198826
43,1477,1520,0.15248928916126878
42,1471,1513,0.15248305949066324
43,1479,1522,0.15247928735747973
43,1483,1526,0.15247243583611506
43,1486,1529,0.15246672341316722
41,1482,1523,0.15246174127498408
40,1482,1522,0.15246245960358484
39,1490,1529,0.1524660868729114
37,1498,1535,0.15247247957759485
38,1483,1521,0.15248366750140566
37,1488,1525,0.15249049459746467
37,1489,1526,0.1524998732132409
37,1488,1525,0.15250921712425547
37,1478,1515,0.152518395068121
35,1465,1500,0.15252736558422847
35,1472,1507,0.15254084195983064
36,1483,1519,0.15255375648968805
37,1476,1513,0.15256304734782838
36,1470,1506,0.1525688599404225
37,1472,1509,0.15257542961878998
40,1480,1520,0.1525789214007274
40,1470,1510,0.15257308427549102
42,1462,1504,0.15256659398270167
42,1473,1515,0.15255497717918742
39,1486,1525,0.15254478073102695
38,1488,1526,0.15254415510292568
39,1484,1523,0.1525465883582993
38,1476,1514,0.15254625730921587
38,1480,1518,0.15254897083100696
36,1493,1529,0.15255206425670034
38,1497,1535,0.15255938281852532
35,1490,1525,0.15256152527351227
31,1482,1513,0.15257122660078484
31,1482,1513,0.15259047978084234
31,1482,1513,0.15260897177081342
29,1490,1519,0.15262666161790867
27,1486,1513,0.15264831448184643
27,1489,1516,0.15267354240994843
27,1473,1500,0.1526975466067176
26,1482,1508,0.15272028603238785
25,1491,1516,0.15274421407204725
25,1485,1510,0.15276923905364864
25,1493,1518,0.15279286486111684
25,1485,1510,0.15281491283183507
26,1477,1503,0.15283488031104045
26,1483,1509,0.15284995931444706
26,1487,1513,0.15286448181537957
26,1488,1514,0.15287843274736337
26,1506,1532,0.15289180443567005
27,1507,1534,0.15290459529963202
27,1493,1520,0.15291362756862598
27,1487,1514,0.1529223852196965
26,1485,1511,0.15293084861346032
27,1488,1515,0.15294191802215437
27,1492,1519,0.15294928259125562
26,1479,1505,0.15295563596272255
27,1489,1516,0.15296408885122664
27,1500,1527,0.15296903441245793
29,1484,1513,0.15297329052207703
28,1488,1516,0.15297124239753201
27,1478,1505,0.15297220194088623
27,1486,1513,0.15297621361283326
28,1490,1518,0.1529801785724188
27,1497,1524,0.15298016813410087
27,1486,1513,0.15298298163663282
28,1490,1518,0.1529852618988561
29,1490,1519,0.152984674363633
29,1476,1505,0.1529811956962421
27,1468,1495,0.15297852145165344
28,1465,1493,0.15298144226699903
27,1483,1510,0.15298138402301492
27,1486,1513,0.15298436356776704
26,1476,1502,0.15298756482790982
27,1471,1498,0.15299326007295835
28,1493,1521,0.15299632060192112
27,1498,1525,0.15299635772489978
27,1488,1515,0.15299906812593117
25,1494,1519,0.1530012985228142
26,1475,1501,0.15300833350247342
25,1491,1516,0.15301208772443278
24,1488,1512,0.15301827888394737
24,1492,1516,0.15302688484508742
24,1496,1520,0.1530353625285098
24,1502,1526,0.15304358582493552
26,1502,1528,0.15305153666151516
26,1489,1515,0.15305283423685678
25,1496,1521,0.15305359711099806
26,1488,1514,0.15305700457235014
27,1497,1524,0.15305823802187546
27,1492,1519,0.15305649575769698
28,1496,1524,0.15305446104073794
28,1491,1519,0.15305022110310343
28,1492,1520,0.1530458118290539
29,1472,1501,0.15304217473758877
28,1476,1504,0.15303597900866667
31,1476,1507,0.15303295543231527
31,1473,1504,0.15302119515379264
29,1481,1510,0.153010398212307
28,1492,1520,0.15300558427297795
28,1490,1518,0.15300419779546828
25,1497,1522,0.15300337311240486
28,1487,1515,0.15300939620037884
27,1487,1514,0.15300686015582687
28,1489,1517,0.15300744473978548
27,1487,1514,0.15300533989700682
28,1485,1513,0.15300561958248587
28,1492,1520,0.15300400726136643
27,1487,1514,0.15300302849666125
26,1469,1495,0.15300522325774193
28,1473,1501,0.15301004367932397
28,1473,1501,0.15300888462590354
28,1479,1507,0.15300824430177454
28,1493,1521,0.15300755527094612
27,1491,1518,0.15300732009924511
26,1486,1512,0.15300919172745245
27,1492,1519,0.153013708698447
25,1483,1508,0.15301586795444475
26,1489,1515,0.1530229538549756
26,1483,1509,0.15302748946042116
26,1477,1503,0.15303132875987902
26,1494,1520,0.15303523738591143
26,1480,1506,0.15303917375193227
27,1489,1516,0.15304225266121493
29,1488,1517,0.15304217876310586
28,1473,1501,0.15303723044913725
28,1484,1512,0.1530353716343945
29,1478,1507,0.15303316418755897
30,1487,1517,0.15302825413642973
29,1479,1508,0.1530201246115897
29,1494,1523,0.15301533647503723
25,1491,1516,0.1530113663794881
25,1497,1522,0.15301746527643234
26,1483,1509,0.1530235910945842
26,1491,1517,0.15302725212095353
26,1489,1515,0.15303107352540996
25,1496,1521,0.1530338957801145
24,1500,1524,0.153040046985605
22,1499,1521,0.15304844348215269
20,1504,1524,0.1530610754139802
21,1505,1526,0.15307769338606592
18,1498,1516,0.15309113732346563
17,1497,1514,0.15311115234598194
16,1487,1503,0.15313246910952164
16,1494,1510,0.15315420789392142
16,1495,1511,0.15317477493693235
17,1500,1517,0.1531942184256964
17,1492,1509,0.15320939707089176
18,1496,1514,0.15322384521393598
20,1501,1521,0.15323446418176567
21,1508,1529,0.15323873001049296
21,1504,1525,0.15323993626902582
21,1508,1529,0.15324149846143018
21,1502,1523,0.15324253682635752
22,1502,1524,0.1532439422266158
22,1502,1524,0.15324236930110596
23,1501,1524,0.15324132674969346
23,1500,1523,0.15323759265012427
22,1500,1522,0.15323452012465524
24,1507,1531,0.15323467307350316
23,1510,1533,0.1532286704771053
23,1502,1525,0.1532259275836709
24,1505,1529,0.15322376348790662
23,1500,1523,0.1532188711312843
22,1504,1526,0.1532170223192702
22,1499,1521,0.15321831760492147
22,1501,1523,0.15321983360829208
22,1500,1522,0.15322151976516488
22,1494,1516,0.15322333322048645
21,1497,1518,0.15322523777812191
21,1489,1510,0.15322954052077736
21,1494,1515,0.15323372793649478
21,1485,1506,0.1532377871530235
20,1495,1515,0.1532417087114469
20,1490,1510,0.15324787127616596
20,1484,1504,0.15325374049025353
19,1484,1503,0.15325932224770547
20,1488,1508,0.15326668502639232
20,1486,1506,0.15327133102873633
21,1494,1515,0.1532757695155611
22,1491,1513,0.1532767808172238
22,1496,1518,0.15327466302112602
20,1502,1522,0.1532729119970743
22,1495,1517,0.1532763234335151
21,1498,1519,0.15327337061565685
22,1504,1526,0.15327329869270603
22,1501,1523,0.15327033586742173
22,1487,1509,0.15326792310638462
22,1490,1512,0.15326597901119748
20,1495,1515,0.1532644333757194
21,1484,1505,0.15326810173311645
21,1501,1522,0.15326849982120921
22,1495,1517,0.15326842741135324
22,1498,1520,0.15326543630165218
23,1494,1517,0.15326303753425854
23,1502,1525,0.1532579712048279
24,1483,1507,0.15325287251925837
25,1477,1502,0.15324571156950356
25,1493,1518,0.15323647646057836
26,1492,1518,0.1532283068134306
28,1485,1513,0.15321793059419067
29,1488,1517,0.15320233970975713
27,1495,1522,0.15318508693680402
27,1491,1518,0.15317415094033898
26,1495,1521,0.15316453034361902
26,1493,1519,0.15315879729555384
24,1503,1527,0.15315381372255732
24,1498,1522,0.15315480189575667
26,1486,1512,0.15315598037587005
28,1492,1520,0.15315102625991034
29,1496,1525,0.1531402618288524
30,1487,1517,0.15312777179799525
28,1487,1515,0.15311350887552833
29,1482,1511,0.1531058459469631
27,1478,1505,0.15309589287927575
26,1487,1513,0.15309216668829362
23,1497,1520,0.15309148275740322
22,1486,1508,0.15309926607287622
21,1495,1516,0.15310904797163774
21,1496,1517,0.15312072513062683
21,1503,1524,0.1531318351611845
21,1493,1514,0.15314239113445063
20,1491,1511,0.15315227215489213
21,1503,1524,0.1531642118928637
19,1503,1522,0.1531724400395784
19,1501,1520,0.15318517467732357
19,1492,1511,0.15319726547545306
20,1489,1509,0.1532087324253692
20,1489,1509,0.1532171022686615
20,1493,1513,0.153225070393257
19,1498,1517,0.15323183560893294
18,1504,1522,0.15324078452744672
20,1512,1532,0.1532516354485557
20,1509,1529,0.1532567188016698
19,1509,1528,0.15326169872348305
18,1506,1524,0.1532688909412792
18,1512,1530,0.15327817176917508
17,1504,1521,0.15328618231736527
17,1508,1525,0.15329547750081954
15,1506,1521,0.1533044727380796
15,1500,1515,0.15331783429228404
16,1503,1519,0.15333058604972247
16,1510,1526,0.1533395241780086
16,1513,1529,0.15334817426305988
15,1502,1517,0.1533565211362418
15,1508,1523,0.15336707677551242
14,1506,1520,0.15337714818018044
15,1503,1518,0.1533891502507231
15,1508,1523,0.15339733509634906
15,1502,1517,0.1534052196109297
17,1485,1502,0.15341279623892376
15,1482,1497,0.1534136726755858
15,1501,1516,0.15341955083221712
15,1494,1509,0.15342536582747773
14,1510,1524,0.15343108310131323
15,1509,1524,0.15343950314216698
15,1498,1513,0.15344446379213358
14,1500,1514,0.15344933754705148
15,1514,1529,0.1534564509502187
15,1506,1521,0.15346087084529672
15,1514,1529,0.1534651726100667
15,1519,1534,0.15346934402949383
16,1509,1525,0.1534733761105623
16,1509,1525,0.15347419780102414
17,1514,1531,0.15347515530627265
17,1508,1525,0.15347309272464948
16,1506,1522,0.15347072806650378
18,1509,1527,0.15347174635198532
18,1509,1527,0.15346668341932246
18,1491,1509,0.15346204747617978
17,1491,1508,0.153458053887919
16,1494,1510,0.15345696931888012
16,1494,1510,0.15345873463015683
16,1495,1511,0.15346064009596058
16,1503,1519,0.15346264893832418
15,1498,1513,0.15346472985599785
15,1517,1532,0.1534693163341806
15,1501,1516,0.15347377792249062
15,1500,1515,0.15347810474953158
14,1502,1516,0.15348228953705612
14,1502,1516,0.15348876441419795
13,1511,1524,0.153494922181904
13,1505,1518,0.15350299653236227
13,1499,1512,0.1535106352619711
14,1508,1522,0.15351785564932904
14,1513,1527,0.15352146130190908
13,1505,1518,0.15352498035952053
12,1509,1521,0.15353074179331283
11,1509,1520,0.15353856142467504
11,1527,1538,0.15354842941447314
10,1515,1525,0.1535577598643429
9,1507,1516,0.15356891002861528
10,1516,1526,0.15358173591173935
11,1516,1527,0.1535906754212301
12,1499,1511,0.1535959804968652
12,1512,1524,0.15359805029085924
12,1517,1529,0.15360027538233814
10,1518,1528,0.15360260996909217
10,1512,1522,0.1536103541140643
10,1513,1523,0.1536171151391161
11,1514,1525,0.15362367355243214
11,1504,1515,0.15362724528122368
11,1499,1510,0.15363081600272935
11,1501,1512,0.15363435875825043
11,1498,1509,0.15363785160257784
12,1497,1509,0.1536412768767731
10,1486,1496,0.15364167398201914
10,1501,1511,0.15364733330787625
10,1495,1505,0.15365241056159606
10,1498,1508,0.1536573340577183
10,1505,1515,0.1536620922931063
10,1506,1516,0.15366667723328983
8,1506,1514,0.153671083736172
9,1504,1513,0.1536801477395429
9,1513,1522,0.15368622181309427
9,1500,1509,0.1536919900710182
10,1491,1501,0.15369746154273004
10,1509,1519,0.15369941520488958
10,1509,1519,0.15370139138037625
10,1513,1523,0.15370336970571047
9,1506,1515,0.1537053335743595
8,1509,1517,0.15370958419267353
8,1517,1525,0.1537160090010807
9,1514,1523,0.15372211300217514
8,1506,1514,0.15372474358033783
8,1502,1510,0.15372960222975104
9,1501,1510,0.1537343016654792
9,1512,1521,0.1537357953868571
8,1514,1522,0.15373707281083718
9,1511,1520,0.15374152670418434
10,1509,1519,0.15374274587370096
9,1515,1524,0.15374115228862184
10,1499,1509,0.1537422221770745
10,1493,1503,0.15374037335826396
10,1479,1489,0.15373889335138352
10,1490,1500,0.15373772681162154
10,1491,1501,0.153736826029121
10,1484,1494,0.15373614990685627
10,1480,1490,0.1537356630739713
10,1496,1506,0.15373533511666332
10,1494,1504,0.15373513991106771
10,1492,1502,0.15373505504465776
11,1501,1512,0.15373506131445783
10,1511,1521,0.15373201418223886
9,1522,1531,0.15373173641028012
8,1513,1521,0.15373456178106498
8,1510,1518,0.153739687547624
7,1500,1507,0.15374454404341886
7,1514,1521,0.1537514622622949
7,1513,1520,0.15375798881351577
7,1508,1515,0.15376414210122724
7,1497,1504,0.15376994023523974
8,1495,1503,0.15377540093243297
8,1504,1512,0.15377742444034218
8,1510,1518,0.15377943086638468
7,1512,1519,0.15378140703965937
7,1512,1519,0.15378620616107505
6,1499,1505,0.15379071883710274
6,1503,1509,0.15379735178314508
7,1489,1496,0.1538035827878959
7,1503,1510,0.15380647542968473
5,1505,1510,0.15380926574370976
5,1512,1517,0.15381680670718736
6,1507,1513,0.15382394627516094
5,1516,1521,0.15382755368501358
5,1513,1518,0.15383347460352842
5,1507,1512,0.15383915382136568
5,1510,1515,0.1538445892077683
5,1509,1514,0.1538500146457361
5,1509,1514,0.15385515839423364
5,1509,1514,0.15386003079396432
4,1495,1499,0.15386464246932394
4,1500,1504,0.15387150897739676
4,1502,1506,0.15387796786698693
4,1514,1518,0.15388404149197343
4,1510,1514,0.15388975124865872
4,1514,1518,0.15389511757508187
4,1510,1514,0.1539001599585947
4,1513,1517,0.1539048969500775
4,1504,1508,0.15390934618342136
4,1523,1527,0.15391352439911687
5,1516,1521,0.1539174474709758
5,1515,1520,0.15391790446450312
5,1516,1521,0.15391843351881326
5,1518,1523,0.1539190171202705
5,1517,1522,0.15391964053908933
6,1522,1528,0.15392029143544955
6,1507,1513,0.15391776230547308
6,1509,1515,0.15391553909508143
6,1496,1502,0.1539135844493765
6,1501,1507,0.15391186563224163
5,1511,1516,0.15391035394833466
5,1507,1512,0.15391182370347317
5,1511,1516,0.15391323113151434
5,1515,1520,0.1539145761636529
6,1509,1515,0.15391585926002813
6,1512,1518,0.15391399161393932
6,1513,1519,0.15391235007370072
5,1514,1519,0.1539109071589069
5,1504,1509,0.15391202537952153
5,1508,1513,0.1539130631342344
5,1505,1510,0.1539141125603638
5,1514,1519,0.15391516256768703
5,1522,1527,0.15391620413965812
5,1529,1534,0.15391723002159183
5,1525,1530,0.15391823445224947
5,1513,1518,0.15391921293298558
5,1514,1519,0.1539201620293888
5,1516,1521,0.15392107920102172
5,1513,1518,0.1539219626554473
5,1519,1524,0.15392281122323767
5,1515,1520,0.15392362425109904
5,1509,1514,0.15392440151063147
5,1502,1507,0.1539251431205705
6,1501,1507,0.15392584948064855
6,1509,1515,0.15392331180181398
7,1516,1523,0.15392103649141156
7,1513,1520,0.15391587186612074
7,1504,1511,0.15391120534833128
7,1510,1517,0.15390698508610337
7,1512,1519,0.1539031649560917
7,1504,1511,0.15389970390317406
6,1499,1505,0.1538965653584331
6,1497,1503,0.1538961292167246
6,1512,1518,0.15389580314565723
7,1520,1527,0.1538955694165139
6,1519,1525,0.15389280379117204
6,1517,1523,0.1538927221244716
5,1510,1515,0.15389272075314353
5,1519,1524,0.15389515682931318
5,1518,1523,0.15389750060456778
5,1517,1522,0.15389974976546783
5,1501,1506,0.15390190320522526
4,1507,1511,0.15390396081075522
4,1497,1501,0.1539082957726956
5,1493,1498,0.15391239471887566
5,1497,1502,0.15391304515432128
5,1509,1514,0.15391377759316613
5,1514,1519,0.15391457120770136
5,1508,1513,0.15391540849056648
5,1522,1527,0.1539162747867073
5,1522,1527,0.1539171578883278
5,1521,1526,0.15391804768451578
5,1523,1528,0.15391893585831276
5,1513,1518,0.15391981562494605
5,1512,1517,0.15392068150576627
5,1509,1514,0.1539215291331491
5,1527,1532,0.1539223550822445
5,1524,1529,0.1539231567259948
5,1525,1530,0.15392393211031657
5,1531,1536,0.15392467984674785
5,1529,1534,0.1539253990202189
5,1519,1524,0.15392608910991273
5,1506,1511,0.15392674992145014
5,1510,1515,0.1539273815288672
5,1522,1527,0.15392798422505596
5,1523,1528,0.15392855847951517
5,1516,1521,0.15392910490241024
5,1524,1529,0.15392962421407522
5,1506,1511,0.15393011721920508
5,1514,1519,0.15393058478508587
5,1520,1525,0.15393102782329912
5,1508,1513,0.1539314472744104
5,1505,1510,0.15393184409521996
5,1505,1510,0.15393221924820774
5,1519,1524,0.15393257369285746
6,1525,1531,0.1539329083785851
5,1517,1522,0.15393003701744815
5,1501,1506,0.15392982808057165
4,1493,1497,0.15392972260502077
4,1509,1513,0.15393209880466707
4,1516,1520,0.15393356587398668
3,1509,1512,0.15393510751063944
4,1516,1520,0.15393976268648735
5,1502,1507,0.15394109647576504
5,1522,1527,0.15393925453629703
5,1517,1522,0.1539377325230488
5,1511,1516,0.15393648482495947
5,1500,1505,0.15393547191638482
4,1515,1519,0.15393465956571714
4,1512,1516,0.15393643784863606
4,1513,1517,0.15393821215205203
3,1513,1516,0.1539399687583586
4,1513,1517,0.15394417510466277
4,1518,1522,0.15394563612601941
4,1512,1516,0.1539470763163273
4,1505,1509,0.1539484878554643
4,1498,1502,0.1539498645951614
4,1518,1522,0.15395120180105298
4,1503,1507,0.1539524959307457
4,1512,1516,0.1539537444430761
4,1521,1525,0.15395494563436307
4,1520,1524,0.1539560984980139
4,1518,1522,0.1539572026043249
4,1522,1526,0.15395825799773324
4,1522,1526,0.153959265109141
3,1511,1514,0.1539602246812488
3,1514,1517,0.1539635541370549
3,1514,1517,0.15396668817370343
3,1513,1516,0.15396963700871175
3,1522,1525,0.1539724105224618
3,1513,1516,0.15397501823520718
3,1518,1521,0.1539774692918128
4,1524,1528,0.15397977245285763
4,1525,1529,0.15397872137508847
4,1519,1523,0.15397783498911413
4,1521,1525,0.15397709014416727
4,1523,1527,0.15397646681548585
4,1522,1526,0.15397594768882267
4,1513,1517,0.1539755177998569
4,1523,1527,0.1539751642212651
4,1527,1531,0.15397487579116592
4,1524,1528,0.15397464287748006
4,1522,1526,0.15397445717346717
4,1525,1529,0.15397431152032748
4,1539,1543,0.15397419975329663
4,1535,1539,0.15397411656813417
4,1517,1521,0.15397405740531384
4,1524,1528,0.15397401834958052
3,1515,1518,0.15397399604284392
3,1511,1514,0.15397643290667506
3,1513,1516,0.15397873175758495
3,1515,1518,0.1539808992738807
2,1522,1524,0.1539829419847616
2,1526,1528,0.1539873543542014
2,1517,1519,0.15399149866903314
2,1516,1518,0.15399539120811614
2,1505,1507,0.1539990472635738
2,1503,1505,0.1540024812002237
3,1502,1505,0.15400570651149337
4,1494,1498,0.15400550907351257
4,1506,1510,0.15400214997793005
4,1507,1511,0.15399918864919626
5,1510,1515,0.15399657693478963
5,1522,1527,0.1539910458455945
5,1524,1529,0.15398608294489194
5,1508,1513,0.1539816248332971
5,1502,1507,0.1539776156120925
3,1502,1505,0.1539740059619651
3,1494,1497,0.15397604751033753
2,1505,1507,0.15397803386092018
2,1506,1508,0.15398241058028098
2,1515,1517,0.15398657324911583
2,1509,1511,0.15399052819049508
2,1513,1515,0.15399428220666142
2,1515,1517,0.1539978424381297
2,1520,1522,0.15400121624584526
2,1519,1521,0.15400441111311666
2,1518,1520,0.15400743456448443
2,1515,1517,0.15401029409907127
2,1501,1503,0.1540129971362942
3,1507,1510,0.15401555097210892
3,1514,1517,0.15401475853465083
3,1523,1526,0.1540141297408328
3,1529,1532,0.15401364059897968
3,1532,1535,0.15401327031121334
3,1527,1530,0.15401300086242603
3,1524,1527,0.15401281666156716
3,1523,1526,0.1540127042285987
3,1512,1515,0.1540126519213204
3,1514,1517,0.15401264969700346
3,1510,1513,0.1540126889044132
3,1503,1506,0.15401276210236398
3,1514,1517,0.15401286290143956
3,1496,1499,0.1540129858259378
3,1509,1512,0.15401312619347413
3,1517,1520,0.1540132800100019
4,1524,1528,0.15401344387829347
4,1511,1515,0.15401046828999573
4,1518,1522,0.15400779048898466
4,1508,1512,0.15400537875190104
4,1510,1514,0.15400320489524977
4,1517,1521,0.15400124386750091
4,1515,1519,0.15399947338921222
4,1510,1514,0.15399787363543793
4,1517,1521,0.15399642695538315
4,1517,1521,0.15399511762486695
5,1504,1509,0.15399393162769312
5,1514,1519,0.15398966982257056
5,1513,1518,0.15398580369218545
5,1513,1518,0.15398229290561916
5,1530,1535,0.15397910156914668
5,1526,1531,0.15397619771003607
5,1517,1522,0.1539735528227354
4,1505,1509,0.15397114146971266
5,1508,1513,0.1539713131433949
6,1514,1520,0.15396908278223204
6,1512,1518,0.15396386051387728
5,1524,1529,0.15395910994800363
5,1522,1527,0.15395719105753103
5,1528,1533,0.15395549809861087
5,1525,1530,0.15395400293584588
5,1526,1531,0.15395268103072318
5,1521,1526,0.15395151097664844
6,1523,1529,0.15395047409435528
6,1512,1518,0.15394639831246099
6,1522,1528,0.15394271743843774
6,1516,1522,0.15393938894387432
6,1509,1515,0.15393637523693082
7,1508,1515,0.15393364306231597
6,1517,1523,0.15392789805534157
7,1510,1517,0.1539251925798138
7,1509,1516,0.15392021980199014
7,1513,1520,0.1539156973028396
7,1521,1528,0.15391157940105835
7,1506,1513,0.1539078254961809
7,1509,1516,0.15390439946672693
7,1516,1523,0.15390126914244787
7,1521,1528,0.15389840584134276
8,1522,1530,0.15389578396330553
8,1529,1537,0.15389040910044435
7,1516,1523,0.15388550327069062
8,1526,1534,0.1538833733509519
9,1519,1528,0.15387831735730637
9,1517,1526,0.15387127890835967
8,1513,1521,0.15386486527012525
7,1506,1513,0.15386154672511337
7,1503,1510,0.15386091626859738
8,1498,1506,0.1538603466610795
8,1510,1518,0.1538575442917405
8,1502,1510,0.15385502778933002
8,1506,1514,0.1538527668851577
8,1497,1505,0.1538507346084557
7,1505,1512,0.15384890691915346
7,1512,1519,0.1538498017435958
7,1508,1515,0.15385068225735538
7,1503,1510,0.15385154406923035
7,1502,1509,0.1538523837199289
7,1502,1509,0.153853198543201
7,1518,1525,0.1538539865454376
7,1520,1527,0.15385474630140347
7,1522,1529,0.1538554768640569
8,1520,1528,0.15385617768666207
8,1508,1516,0.15385362941990868
8,1505,1513,0.15385134882680582
7,1508,1515,0.1538493052854972
8,1512,1520,0.1538498249781943
8,1514,1522,0.15384795951645716
8,1510,1518,0.1538462814542234
8,1512,1520,0.15384477015942058
8,1510,1518,0.153843407425598
9,1509,1518,0.15384217717446963
9,1506,1515,0.15383796298445382
9,1508,1517,0.1538341450462086
9,1507,1516,0.1538306833128808
9,1512,1521,0.1538275420350878
8,1502,1510,0.15382468927768453
8,1519,1527,0.15382480880032198
8,1515,1523,0.15382494599430224
8,1510,1518,0.1538250961440985
8,1510,1518,0.15382525532056243
8,1518,1526,0.1538254202667873
9,1527,1536,0.15382558829954676
9,1521,1530,0.15382288179975398
9,1519,1528,0.15382042318546654
9,1534,1543,0.15381818803981173
9,1525,1534,0.1538161545063519
8,1530,1538,0.15381430300673138
8,1532,1540,0.1538149263850004
8,1510,1518,0.15381555711862174
8,1512,1520,0.1538161883904374
7,1525,1532,0.15381681464759794
7,1511,1518,0.15381985391549832
7,1507,1514,0.153822729354168
7,1507,1514,0.15382544693870254
6,1515,1521,0.15382801288782433
8,1521,1529,0.15383269776523498
7,1528,1535,0.1538315579531821
6,1531,1537,0.15383292965520576
6,1527,1533,0.15383669003113562
6,1521,1527,0.1538402928938006
6,1527,1533,0.15384373658124376
6,1526,1532,0.15384702115494736
6,1518,1524,0.15385014807043146
6,1512,1518,0.15385311989832245
6,1515,1521,0.153855940088743
6,1514,1520,0.15385861277285437
6,1530,1536,0.1538611425962265
5,1522,1527,0.15386353457944518
5,1514,1519,0.1538681927828542
5,1522,1527,0.15387257964807272
5,1515,1520,0.15387670906572823
5,1507,1512,0.1538805945007386
5,1502,1507,0.1538842489575528
5,1497,1502,0.15388768495588898
5,1504,1509,0.15389091451520026
5,1508,1513,0.1538939491463539
5,1508,1513,0.15389679984923516
5,1501,1506,0.15389947711517962
5,1518,1523,0.15390199093330137
5,1527,1532,0.15390435079992812
6,1520,1526,0.15390656573047662
6,1530,1536,0.15390556582349757
6,1535,1541,0.1539047240776356
6,1528,1534,0.1539040195824369
5,1515,1520,0.15390343401319181
5,1510,1515,0.15390531511349403
5,1509,1514,0.1539071405257848
5,1502,1507,0.15390890558717854
6,1490,1496,0.15391060697669942
6,1506,1512,0.15390915095152347
6,1509,1515,0.1539079125568289
6,1517,1523,0.1539068626646653
5,1502,1507,0.15390597587680804
5,1504,1509,0.15390770463526576
5,1514,1519,0.15390938687512384
6,1501,1507,0.15391101736309856
6,1500,1506,0.1539099512923684
6,1503,1509,0.15390902664468428
6,1502,1508,0.153908225500377
6,1506,1512,0.15390753216890762
6,1506,1512,0.1539069329134147
6,1520,1526,0.153906415709255
6,1516,1522,0.15390597003233702
6,1516,1522,0.1539055866735681
7,1510,1517,0.15390525757619014
8,1499,1507,0.15390184311036262
8,1490,1498,0.1538955305480201
8,1499,1507,0.15388981715509337
9,1501,1510,0.15388464134413357
9,1494,1503,0.1538767818612537
9,1493,1502,0.15386964923182778
9,1499,1508,0.15386316990166932
10,1509,1519,0.15385727833803003
10,1514,1524,0.15384865708117854
10,1519,1529,0.15384081617133075
10,1516,1526,0.1538336775812982
9,1516,1525,0.15382717178073535
10,1517,1527,0.15382353991799386
10,1521,1531,0.15381790599122008
10,1531,1541,0.1538127589824442
11,1518,1529,0.15380805246047793
11,1518,1529,0.1538005851057421
10,1525,1535,0.15379377552729762
10,1526,1536,0.15378989692206405
11,1528,1539,0.15378641053520353
10,1528,1538,0.15378018785265793
10,1518,1528,0.15377703317863958
10,1521,1531,0.15377425736199193
10,1511,1521,0.1537718153081106
10,1500,1510,0.15376966729263347
10,1502,1512,0.1537677783186925
10,1494,1504,0.15376611755164402
11,1496,1507,0.15376465782186163
11,1485,1496,0.1537605759471467
12,1499,1511,0.1537568852410212
11,1516,1527,0.1537504537911971
12,1501,1513,0.1537468843981181
10,1504,1514,0.15374138336519863
11,1513,1524,0.15374106817270713
11,1509,1520,0.153738534859441
12,1503,1515,0.1537362966271522
11,1496,1507,0.15373119392752582
11,1500,1511,0.15372905270794138
12,1504,1516,0.15372722391662752
10,1498,1508,0.1537225318756572
10,1502,1512,0.1537230941256751
10,1498,1508,0.15372381970517326
9,1500,1509,0.1537246720910406
9,1516,1525,0.15372827269164613
8,1527,1535,0.15373174554667418
8,1524,1532,0.15373753010177824
8,1507,1515,0.15374301820387157
8,1506,1514,0.1537482188878442
8,1503,1511,0.15375314191947548
8,1511,1519,0.1537577975789623
8,1517,1525,0.15376219648007677
8,1502,1510,0.1537663494198943
9,1501,1510,0.15377026725471002
9,1509,1518,0.1537709922853664
9,1514,1523,0.15377176075642401
9,1510,1519,0.15377255830181977
10,1529,1539,0.15377337296509874
10,1520,1530,0.15377105475503783
10,1504,1514,0.15376902846180968
10,1502,1512,0.15376725777899494
10,1502,1512,0.15376571089941382
10,1500,1510,0.15376435995740934
9,1491,1500,0.1537631805404006
9,1490,1499,0.15376445250815818
9,1493,1502,0.1537657127862306
9,1501,1510,0.1537669521195574
8,1496,1504,0.15376816321546685
7,1510,1517,0.15377172255241345
7,1510,1517,0.15377755478387165
7,1508,1515,0.15378304855353928
7,1504,1511,0.15378822011988563
7,1503,1510,0.15379308548278417
7,1500,1507,0.15379766029164982
7,1508,1515,0.153801959774093
7,1513,1520,0.15380599868183245
7,1512,1519,0.15380979125107458
7,1500,1507,0.15381335117496742
7,1495,1502,0.15381669158608322
7,1495,1502,0.15381982504718253
7,1496,1503,0.1538227635487709
7,1508,1515,0.15382551851218046
7,1517,1524,0.15382810079710038
7,1513,1520,0.15383052071264544
7,1509,1516,0.1538327880311918
8,1508,1516,0.15383491200433233
8,1514,1522,0.15383367673640955
8,1521,1529,0.15383261532000322
7,1506,1513,0.1538317055884092
7,1507,1514,0.15383326778256565
8,1498,1506,0.15383480292503648
8,1494,1502,0.15383382185630784
8,1496,1504,0.15383296993565246
8,1498,1506,0.15383223109871413
8,1504,1512,0.1538315912277369
8,1502,1510,0.1538310379187649
8,1496,1504,0.15383056027648556
8,1505,1513,0.15383014873344794
8,1513,1521,0.15382979489077306
8,1507,1515,0.15382949137781318
9,1515,1524,0.15382923172851645
9,1518,1527,0.15382583769318336
8,1518,1526,0.15382277157108132
9,1511,1520,0.15382238071750043
9,1509,1518,0.1538189542550038
8,1507,1515,0.15381591828514057
8,1504,1512,0.15381553887654895
7,1509,1516,0.15381532343294546
5,1501,1506,0.15381762091493656
6,1504,1510,0.15382454145368268
5,1507,1512,0.15382790542948332
6,1505,1511,0.15383382378118182
6,1506,1512,0.15383689488257757
6,1499,1505,0.15383992463567428
6,1497,1503,0.15384289656484856
7,1495,1502,0.1538457976099434
7,1490,1497,0.15384556616579728
7,1497,1504,0.15384552469156915
7,1507,1514,0.15384563882094704
8,1515,1523,0.15384587920800252
9,1513,1522,0.15384303358533322
8,1508,1516,0.15383732127018032
9,1500,1509,0.1538346216747519
9,1508,1517,0.15382909210327772
9,1510,1519,0.15382421776285338
9,1504,1513,0.15381991895424726
9,1518,1527,0.1538161258368316
8,1512,1520,0.15381277719521105
8,1514,1522,0.15381223778830289
7,1526,1533,0.15381188842744956
7,1525,1532,0.15381427256165073
7,1529,1536,0.15381660128731459
7,1529,1536,0.1538188646556802
7,1521,1528,0.15382105520162845
7,1530,1537,0.15382316753411246
7,1516,1523,0.15382519798664618
7,1512,1519,0.15382714431944752
7,1504,1511,0.15382900546598408
7,1498,1505,0.15383078131766437
7,1496,1503,0.15383247254127874
7,1498,1505,0.15383408042453584
7,1491,1498,0.15383560674568306
7,1492,1499,0.15383705366375514
7,1507,1514,0.15383842362647232
7,1498,1505,0.15383971929322493
7,1499,1506,0.1538409434709371
6,1491,1497,0.153842099060912
6,1494,1500,0.15384550033770886
6,1493,1499,0.1538478914817548
6,1489,1495,0.15385024406693856
6,1494,1500,0.1538525474833586
5,1496,1501,0.1538547933167471
5,1503,1508,0.15385943677621391
5,1514,1519,0.15386386157359855
5,1511,1516,0.15386807330688668
7,1519,1526,0.1538720781436862
6,1521,1527,0.153869355377061
6,1524,1530,0.15386945617339504
6,1521,1527,0.1538697747089668
5,1516,1521,0.15387027198405925
6,1515,1521,0.1538732332459739
6,1516,1522,0.15387290662126724
6,1527,1533,0.15387284177699775
6,1525,1531,0.15387299386033224
6,1519,1525,0.15387332424982467
6,1515,1521,0.1538737997473043
6,1512,1518,0.15387439187200505
6,1505,1511,0.15387507624409227
5,1507,1512,0.15387583204635655
5,1497,1502,0.1538790023293497
5,1505,1510,0.15388205796911267
4,1507,1511,0.15388499592746843
4,1521,1525,0.15389025171394746
4,1529,1533,0.15389522404988923
4,1514,1518,0.15389992510000738
4,1523,1527,0.15390436696482854
4,1522,1526,0.15390856159647068
4,1517,1521,0.15391252073095
4,1510,1514,0.15391625583453733
5,1512,1517,0.153919778062027
5,1507,1512,0.15391985450356527
5,1523,1528,0.15392004045857302
5,1524,1529,0.1539203146454786
4,1524,1528,0.15392065896172638
3,1509,1512,0.15392351421181327
3,1517,1520,0.15392868310122992
3,1509,1512,0.15393359636933912
4,1512,1516,0.15393826199463764
4,1508,1512,0.15394006256742743
4,1508,1512,0.1539418194004333
4,1515,1519,0.15394352685116622
4,1513,1517,0.15394518068005186
4,1509,1513,0.15394677782854604
4,1513,1517,0.1539483162284763
3,1524,1527,0.1539497946383951
3,1527,1530,0.1539537102517459
3,1521,1524,0.15395740398950078
3,1522,1525,0.15396088710377043
3,1520,1523,0.15396417046369565
2,1527,1529,0.15396726453858936
2,1513,1515,0.1539726488900346
2,1505,1507,0.15397771430442705
2,1502,1504,0.15398247904415333
3,1510,1513,0.15398696041100454
3,1506,1509,0.15398798362813934
3,1515,1518,0.15398905179919573
3,1505,1508,0.1539901491138706
3,1505,1508,0.15399126233866997
3,1511,1514,0.15399238045891336
3,1517,1520,0.15399349436774548
3,1509,1512,0.15399459659612025
3,1513,1516,0.15399568107848835
3,1529,1532,0.15399674294959145
3,1526,1529,0.15399777836835185
3,1523,1526,0.1539987843653573
3,1503,1506,0.1539997587108878
3,1495,1498,0.1540006998008202
3,1486,1489,0.15400160655808726
3,1497,1500,0.1540024783476649
3,1499,1502,0.15400331490332014
3,1509,1512,0.15400411626457935
3,1513,1516,0.15400488272257312
3,1520,1523,0.15400561477358748
3,1520,1523,0.15400631307930104
3,1521,1524,0.15400697843281866
3,1520,1523,0.15400761172972838
3,1530,1533,0.15400821394350672
3,1528,1531,0.15400878610468494
3,1533,1536,0.1540093292832666
3,1539,1542,0.15400984457395098
3,1518,1521,0.1540103330837761
2,1530,1532,0.1540107959218456
2,1528,1530,0.15401364997399014
2,1531,1533,0.1540163312067092
2,1522,1524,0.15401884937404658
2,1520,1522,0.15402121379230962
2,1507,1509,0.1540234333413326
2,1502,1504,0.1540255164694418
2,1512,1514,0.15402747120135843
2,1520,1522,0.15402930514839822
3,1520,1523,0.15403102552042816
3,1523,1526,0.15402944616043932
3,1515,1518,0.15402806013031112
3,1517,1520,0.15402684295926639
3,1512,1515,0.15402577333000797
2,1499,1501,0.1540248326684917
2,1508,1510,0.15402641110644433
2,1508,1510,0.1540279412761976
2,1510,1512,0.15402941905561743
2,1510,1512,0.15403084157579766
3,1505,1508,0.15403220700535625
3,1515,1518,0.15403029613527483
3,1517,1520,0.15402862365050965
3,1512,1515,0.15402715900929762
3,1517,1520,0.15402587563352435
3,1522,1525,0.15402475039127647
2,1513,1515,0.15402376314712335
3,1520,1523,0.1540254235359285
3,1522,1525,0.1540237604883356
3,1527,1530,0.15402234367478762
3,1522,1525,0.15402114140897247
3,1525,1528,0.1540201258743851
4,1524,1528,0.1540192726616917
5,1514,1519,0.15401536058785495
5,1512,1517,0.15400861698595847
5,1494,1499,0.15400254619172074
5,1512,1517,0.15399707649331293
5,1512,1517,0.15399214420891602
5,1511,1516,0.15398769275619612
5,1507,1512,0.153983671832119
6,1506,1512,0.1539800366898164
6,1514,1520,0.15397357110954835
5,1514,1519,0.15396771385243255
5,1516,1521,0.15396503369246456
5,1532,1537,0.1539626483511493
5,1527,1532,0.15396052374052963
6,1526,1532,0.1539586298509558
6,1527,1533,0.15395379616473806
6,1516,1522,0.15394943193423954
5,1504,1509,0.15394548737103766
5,1504,1509,0.15394430865511405
5,1501,1506,0.15394331619606128
5,1492,1497,0.15394248378485803
5,1502,1507,0.15394178873471084
5,1512,1517,0.1539412114168683
5,1520,1525,0.1539407348571257
5,1528,1533,0.15394034438510587
5,1515,1520,0.15394002732943254
5,1513,1518,0.15393977275281134
5,1502,1507,0.1539395712218134
5,1513,1518,0.1539394146068345
5,1517,1522,0.15393929590829408
5,1519,1524,0.1539392091056495
6,1526,1532,0.15393914902624936
7,1522,1529,0.15393593144965265
7,1516,1523,0.15392989389910394
7,1505,1512,0.15392442769436607
7,1509,1516,0.153919474513358
7,1516,1523,0.15391498234778322
7,1517,1524,0.15391090479048664
7,1519,1526,0.15390720040555578
6,1524,1530,0.1539038321713728
5,1521,1526,0.15390311098588316
5,1512,1517,0.15390491627204603
6,1516,1522,0.15390668078944805
6,1508,1514,0.15390586154677435
7,1504,1511,0.15390516466879162
7,1496,1503,0.15390193217448908
7,1497,1504,0.1538989930196819
7,1506,1513,0.15389631838008364
7,1510,1517,0.15389388245319796
8,1505,1513,0.1538916621263776
7,1509,1516,0.15388640412903296
6,1516,1522,0.15388404349385928
6,1527,1533,0.1538844048031544
5,1527,1532,0.15388484886700307
5,1514,1519,0.15388775903693389
5,1517,1522,0.15389057065219364
5,1505,1510,0.15389327868971706
5,1509,1514,0.15389587993891865
5,1496,1501,0.1538983726877638
5,1498,1503,0.15390075645532245
5,1486,1491,0.15390303176430348
5,1493,1498,0.1539051999479552
5,1502,1507,0.1539072629864863
5,1510,1515,0.1539092233688255
5,1509,1514,0.1539110839761132
5,1506,1511,0.15391284798381352
5,1509,1514,0.1539145187797663
5,1502,1507,0.15391529851855013
5,1502,1507,0.15391613696227524
5,1513,1518,0.15391701694591134
4,1514,1518,0.15391792405568616
4,1513,1517,0.153921619001388
5,1508,1513,0.15392509460051976
5,1514,1519,0.15392552756654562
5,1514,1519,0.15392600007066645
5,1527,1532,0.15392650133166585
5,1516,1521,0.1539270222704393
4,1510,1514,0.1539275552770436
4,1511,1515,0.1539306857739496
4,1519,1523,0.15393362731925941
3,1514,1517,0.15393639015103133
3,1517,1520,0.15394143935965468
3,1524,1527,0.15394617940589883
3,1518,1521,0.15395062875642931
2,1521,1523,0.15395480483942253
2,1525,1527,0.15396111301597545
2,1515,1517,0.15396703646832707
2,1512,1514,0.1539725981731708
2,1512,1514,0.1539778198020436
1,1506,1507,0.15398272178615813
1,1524,1525,0.15398966660754757
1,1516,1517,0.15399618821618027
1,1517,1518,0.15400231219811342
1,1514,1515,0.15400806262220892
1,1521,1522,0.15401346212593894
1,1514,1515,0.15401853199692145
1,1514,1515,0.15402329225031391
1,1522,1523,0.1540277617022029
1,1530,1531,0.15403195803913414
1,1521,1522,0.15403589788393296
0,1513,1513,0.15403959685796687
