1368,24,1392,0.1357957833818105
1408,26,1434,0.13294905070131505
1429,26,1455,0.1302476886659435
1434,28,1462,0.12773138061653352
1439,27,1466,0.12542972310016873
1443,27,1470,0.12332308088609605
1448,28,1476,0.12139885292544467
1460,27,1487,0.11963559798776617
1474,25,1499,0.11800136648963924
1458,22,1480,0.11647714309909793
1465,21,1486,0.11513084424104086
1463,21,1484,0.11388907525562714
1458,23,1481,0.11276595682974705
1455,23,1478,0.1117563464943699
1465,24,1489,0.11084466052788276
1458,23,1481,0.10999206340666802
1468,24,1492,0.109232799186032
1455,24,1479,0.10851789029321603
1453,25,1478,0.10789887165385775
1462,24,1486,0.10734202488042693
1466,26,1492,0.10681378788351875
1465,29,1494,0.10632576145827884
1472,31,1503,0.10588307503235438
1467,32,1499,0.10546326181221576
1467,31,1498,0.10509570194837003
1465,30,1495,0.10476216655878176
1459,30,1489,0.10446329034129924
1457,32,1489,0.10420556138454858
1458,31,1489,0.1039755322115878
1451,32,1483,0.1037657236461075
1454,33,1487,0.10359164060416522
1456,35,1491,0.1034274450078891
1464,32,1496,0.10327396758024111
1457,31,1488,0.10311641294064738
1474,33,1507,0.10298748654466362
1467,33,1500,0.10283152162497483
1463,33,1496,0.10270287145483596
1459,33,1492,0.10259591294191184
1452,31,1483,0.10251024622551769
1455,32,1487,0.10245075865334824
1456,33,1489,0.10239143469395849
1441,36,1477,0.10233460082018024
1457,36,1493,0.10231719015663955
1464,35,1499,0.10226519505297556
1459,36,1495,0.10220158084938692
1458,34,1492,0.10215579698669522
1457,37,1494,0.10211469339453433
1462,36,1498,0.10208023061064765
1463,35,1498,0.10203809542220349
1462,35,1497,0.10199723475208439
1451,36,1487,0.10195992327530061
1466,37,1503,0.10194891092457112
1460,36,1496,0.10190527757259492
1460,36,1496,0.10187936839152333
1461,36,1497,0.10185739629364889
1453,35,1488,0.1018357399274588
1447,35,1482,0.10183500772230765
1455,36,1491,0.10184987879762815
1452,36,1488,0.1018430654567377
1445,36,1481,0.10184402361701295
1440,38,1478,0.10186039891508664
1439,41,1480,0.10188687171116907
1445,41,1486,0.10191216902551332
1455,41,1496,0.1019238017287453
1459,40,1499,0.10191103835737106
1457,39,1496,0.1018912979793521
1434,39,1473,0.10187666358603967
1445,43,1488,0.10191443818915345
1436,43,1479,0.1019269177352724
1435,41,1476,0.10196069844239687
1428,38,1466,0.10199364248979087
1420,40,1460,0.1020403524198413
1437,41,1478,0.10210042148102995
1442,39,1481,0.10211715932101796
1457,39,1496,0.10211798499315367
1443,41,1484,0.10208689559895763
1455,39,1494,0.10208907358266671
1441,39,1480,0.10206572768196988
1429,39,1468,0.10207544553870072
1447,41,1488,0.1021093769103442
1443,39,1482,0.10209905061729402
1426,39,1465,0.1020987949051634
1432,40,1472,0.10213624852606105
1422,43,1465,0.10215905894424374
1430,43,1473,0.10220323647915038
1437,44,1481,0.1022274093166644
1441,45,1486,0.10223332917205898
1442,48,1490,0.10223050692542061
1435,46,1481,0.10222439407859191
1439,45,1484,0.10223640722943143
1439,43,1482,0.10223769654127174
1455,49,1504,0.10223902971330436
1458,49,1507,0.10220386542538178
1447,48,1495,0.10216553094119607
1442,50,1492,0.10215496399539072
1451,49,1500,0.10215794248993149
1468,46,1514,0.10213992167309124
1469,45,1514,0.10208472071664426
1462,46,1508,0.10203274826637918
1454,48,1502,0.10200031871580677
1454,52,1506,0.10198968352972479
1432,52,1484,0.10198165929498067
1435,50,1485,0.10202483636026533
1437,53,1490,0.10205837727672068
1436,49,1485,0.1020843864023702
1439,50,1489,0.10211021120252539
1439,50,1489,0.10212687262279661
1445,49,1494,0.10214302854552262
1445,50,1495,0.10214447539705379
1445,50,1495,0.10214495274372055
1429,50,1479,0.10214456061786042
1429,49,1478,0.10218182339494987
1448,52,1500,0.10221602054434634
1431,52,1483,0.10220447660900515
1424,51,1475,0.10223260528232546
1426,53,1479,0.102276113543833
1423,54,1477,0.10231156244088883
1434,56,1490,0.1023498357610056
1436,55,1491,0.1023611845053956
1444,57,1501,0.10236839078211425
1444,58,1502,0.10235610095224218
1433,58,1491,0.10234567277116931
1430,56,1486,0.10236225431242292
1439,56,1495,0.1023840747643165
1449,54,1503,0.10238177604171059
1438,55,1493,0.1023563465332907
1437,53,1490,0.10235885563319477
1445,58,1503,0.10236120295713436
1439,55,1494,0.10234552707148263
1433,55,1488,0.10234555915839183
1434,52,1486,0.10235944391906557
1437,51,1488,0.10236998231721613
1435,51,1486,0.10236993241724777
1445,49,1494,0.10237489067058463
1434,47,1481,0.10235701861017922
1432,48,1480,0.10236589274703985
1441,48,1489,0.10237781361328374
1439,49,1488,0.10236255337253215
1443,49,1492,0.102354603532218
1447,50,1497,0.10233916274184661
1446,46,1492,0.10231515097853947
1458,44,1502,0.10229522986292458
1450,45,1495,0.10224985639124806
1455,44,1499,0.10222662711157007
1458,42,1500,0.1021956279979443
1464,47,1511,0.10215914439831275
1454,48,1502,0.10211252979346702
1457,51,1508,0.10209232784064091
1467,50,1517,0.10206573795275327
1458,48,1506,0.10201841109498228
1457,50,1507,0.10199652770465815
1463,49,1512,0.10198042178868469
1458,50,1508,0.1019517506265948
1457,50,1507,0.10193740128253033
1444,50,1494,0.10192598966646667
1441,48,1489,0.101944846335907
1443,51,1494,0.10196962024094101
1438,53,1491,0.10198791327045748
1443,53,1496,0.10201574621359205
1433,51,1484,0.10203147505458231
1437,55,1492,0.10206702138282597
1434,60,1494,0.10209333437938219
1433,64,1497,0.10212444152873981
1420,63,1483,0.10215337650122479
1434,62,1496,0.10221150543033669
1427,64,1491,0.10223406737056187
1428,63,1491,0.10226709140418178
1424,62,1486,0.10229794187986713
1427,61,1488,0.1023348776139827
1423,61,1484,0.10236220202394673
1412,61,1473,0.10239597982769996
1423,61,1484,0.1024537848588496
1414,58,1472,0.10248150833821824
1419,58,1477,0.10252711604899892
1425,58,1483,0.10255783406539162
1418,57,1475,0.1025692332524397
1424,58,1482,0.10259517274228636
1424,59,1483,0.10260697920882628
1423,59,1482,0.10261783731874533
1435,59,1494,0.10263016801043424
1445,55,1500,0.10261462249812393
1425,58,1483,0.1025755660842308
1428,58,1486,0.10258399373593786
1426,58,1484,0.10258556101156366
1423,58,1481,0.10259167407562458
1412,59,1471,0.10260197822226828
1412,58,1470,0.10263785805652692
1433,55,1488,0.10267048507995369
1433,56,1489,0.10265206498357628
1427,54,1481,0.10263483281050684
1436,54,1490,0.10263487225403047
1438,55,1493,0.10261440151750596
1445,52,1497,0.10259126634361337
1443,54,1497,0.10255479303826263
1450,54,1504,0.10252406546616279
1446,54,1500,0.10247978137235765
1445,54,1499,0.10244764484324467
1438,55,1493,0.1024206382752238
1440,59,1499,0.10241139860869479
1436,60,1496,0.10239903059759993
1436,60,1496,0.10239650550360999
1445,62,1507,0.10239526132335129
1456,63,1519,0.10237497547857766
1452,65,1517,0.10233334171093646
1427,66,1493,0.10230409330295398
1434,66,1500,0.10233404054307808
1425,65,1490,0.10234680095435561
1419,66,1485,0.10237856224600836
1412,66,1478,0.10242293560399697
1417,64,1481,0.10247907788537675
1421,66,1487,0.10252117323162153
1414,67,1481,0.10255145432609122
1424,69,1493,0.10259493516737636
1421,67,1488,0.10261233108987707
1424,63,1487,0.10263472643290218
1439,64,1503,0.10264876269644418
1436,68,1504,0.1026272872230923
1439,72,1511,0.10261283825772553
1436,70,1506,0.10259227002442473
1425,68,1493,0.10258286149715307
1424,64,1488,0.10259859616786102
1429,63,1492,0.10261548303277039
1431,64,1495,0.10261685970675646
1419,65,1484,0.10261236068249317
1407,68,1475,0.10263421782064837
1416,69,1485,0.10268271597297204
1425,71,1496,0.10270708390851489
1419,74,1493,0.10270973362680151
1421,77,1498,0.10272526849660238
1421,75,1496,0.10273798245340267
1432,74,1506,0.10275077076661521
1426,75,1501,0.10273820833852537
1423,77,1500,0.10274086589190085
1411,77,1488,0.1027505990555748
1412,80,1492,0.10278622842145779
1398,74,1472,0.1028170113534911
1405,80,1485,0.10287805148260785
1405,82,1487,0.10291992986118453
1399,85,1484,0.1029594589938201
1408,86,1494,0.10300748374118647
1411,86,1497,0.1030310438183174
1414,84,1498,0.10304557213548275
1416,82,1498,0.10305315321863166
1426,82,1508,0.1030554363476178
1425,78,1503,0.10303477843228101
1419,77,1496,0.10301970702150626
1419,80,1499,0.10301892957023437
1419,78,1497,0.10301781533678177
1416,76,1492,0.10301307984057612
1414,78,1492,0.10301774940220695
1428,76,1504,0.10302601928998836
1428,81,1509,0.10300084204058425
1398,82,1480,0.10297996969312762
1414,82,1496,0.1030283200471765
1405,81,1486,0.10303737116296802
1413,80,1493,0.10306777232480296
1415,77,1492,0.10307639109488037
1419,76,1495,0.10308100755475495
1410,76,1486,0.10307534889187078
1419,77,1496,0.10309109273639702
1404,82,1486,0.10308357270646741
1398,83,1481,0.10311219939732123
1401,83,1484,0.10315169454109732
1398,84,1482,0.10318159920499696
1403,86,1489,0.10321593153587184
1412,84,1496,0.1032369224471616
1418,84,1502,0.10323665125670681
1411,90,1501,0.10322175847120939
1407,92,1499,0.10322510156855447
1398,91,1489,0.10323742380121566
1405,90,1495,0.10326889283181209
1403,90,1493,0.10328181628663594
1406,91,1497,0.10329770103968153
1405,90,1495,0.10330743568577805
1410,92,1502,0.10331833081305636
1404,88,1492,0.10331795534905919
1396,85,1481,0.10332951925839305
1386,85,1471,0.10335796349828018
1404,86,1490,0.10340836351843521
1408,88,1496,0.10341442981867409
1408,92,1500,0.10340822347738068
1391,89,1480,0.10340306284693292
1395,84,1479,0.1034357888638279
1411,82,1493,0.1034557954362772
1404,83,1487,0.10343927068105423
1409,81,1490,0.10343989047203728
1414,83,1497,0.10343035031483247
1411,87,1498,0.10341158608413738
1400,88,1488,0.10340235151111439
1404,89,1493,0.10341790060789212
1403,89,1492,0.10342453872760003
1404,92,1496,0.10343415746342378
1412,93,1505,0.10343783885860112
1409,96,1505,0.10342454257060105
1397,98,1495,0.1034187611364334
1390,98,1488,0.10343900358087144
1389,104,1493,0.10347556980171141
1387,104,1491,0.10351421834622226
1375,105,1480,0.10355408240144066
1383,104,1487,0.10361851979854113
1393,108,1501,0.10365939240191795
1404,108,1512,0.10367623558337921
1394,107,1501,0.10366743480604235
1391,106,1497,0.10368033825868742
1382,110,1492,0.10369977599257574
1380,111,1491,0.10373822031715685
1376,113,1489,0.10377828441578675
1373,113,1486,0.10382470016072498
1369,115,1484,0.1038744562524597
1372,115,1487,0.1039307778132018
1392,115,1507,0.10397775333123349
1388,116,1504,0.10397379257261413
1407,111,1518,0.10397908521972023
1398,111,1509,0.10393761816829196
1389,111,1500,0.10392086637464634
1380,109,1489,0.10392473809681174
1387,112,1499,0.10394836330844293
1374,113,1487,0.10395572217869466
1382,112,1494,0.10399263972767364
1381,114,1495,0.10400662831019929
1378,111,1489,0.10402270324061642
1374,111,1485,0.10404467299536574
1366,113,1479,0.10407392689614908
1357,115,1472,0.10411894639327192
1363,118,1481,0.10418198136948544
1369,120,1489,0.10422437644767812
1383,121,1504,0.10425076757136545
1385,124,1509,0.10424637121662869
1380,122,1502,0.1042396449041326
1376,124,1500,0.10424352191110958
1387,125,1512,0.10425798297189375
1376,127,1503,0.10424637663416098
1386,125,1511,0.10426073272618436
1387,124,1511,0.10425307817366346
1393,124,1517,0.1042430244445158
1392,125,1517,0.10421826410455776
1393,122,1515,0.10419872949271884
1392,125,1517,0.10417935163357639
1381,125,1506,0.10416393749799294
1377,124,1501,0.10417566173754786
1376,122,1498,0.10419500380876885
1366,122,1488,0.10421629389254271
1376,122,1498,0.10425811250224162
1372,120,1492,0.10427511196696498
1361,121,1482,0.10430039202038632
1360,125,1485,0.10434871852707875
1357,125,1482,0.10439371409145994
1363,127,1490,0.10444190062473345
1374,133,1507,0.10447212319456084
1360,127,1487,0.1044770499174738
1367,128,1495,0.1045133033640251
1362,126,1488,0.10453237674285187
1367,129,1496,0.10455904737174912
1363,129,1492,0.1045727147691783
1360,129,1489,0.1045927005069079
1369,132,1501,0.10461837297543491
1371,131,1502,0.1046231255540047
1361,132,1493,0.10462184023714494
1364,132,1496,0.10464587736522538
1341,133,1474,0.10466150067103268
1347,135,1482,0.10472778374112329
1348,137,1485,0.1047741744974503
1362,138,1500,0.1048162070094822
1363,134,1497,0.10482300655554987
1369,132,1501,0.10482884988915543
1374,131,1505,0.10481853636901185
1367,132,1499,0.10479677367589194
1358,134,1492,0.10479210440750884
1362,133,1495,0.10480828812672761
1363,134,1497,0.10481457589105744
1353,131,1484,0.10481881581534125
1354,133,1487,0.1048461446548815
1361,133,1494,0.1048687983606428
1373,136,1509,0.10487310480077557
1362,136,1498,0.10485295234084123
1363,139,1502,0.10485794969909634
1355,140,1495,0.1048606849627112
1353,139,1492,0.10488079275828027
1360,137,1497,0.10490292693785375
1359,137,1496,0.10490933342303915
1363,140,1503,0.1049184604106632
1363,139,1502,0.10491957205158059
1374,136,1510,0.10492027679135468
1357,136,1493,0.10489634757445865
1356,140,1496,0.10491321302682195
1358,142,1500,0.10493182714444046
1352,141,1493,0.10494548822119779
1347,145,1492,0.10497154191402298
1341,148,1489,0.1050066443853067
1345,155,1500,0.10505281293590088
1345,156,1501,0.1050867167575683
1345,157,1502,0.10512093606245573
1336,158,1494,0.10515117123614709
1330,158,1488,0.10519859972615549
1345,156,1501,0.10525637861389474
1335,152,1487,0.10527741346576444
1328,151,1479,0.10531820201786367
1337,152,1489,0.10537095270332784
1334,151,1485,0.10539716958015027
1327,155,1482,0.10542981229713864
1339,152,1491,0.10547469770297177
1336,153,1489,0.10548991040138236
1338,154,1492,0.10550725619487418
1353,152,1505,0.1055170871280302
1348,155,1503,0.10549475722680819
1340,153,1493,0.1054886761989374
1343,153,1496,0.1055000683798517
1342,151,1493,0.10550486492299742
1334,154,1488,0.10551008907276266
1323,159,1482,0.10553387565667269
1328,157,1485,0.10558015501823177
1330,158,1488,0.10561305578795178
1343,158,1501,0.10563824849626333
1352,155,1507,0.10563296265892738
1339,153,1492,0.10560938129143682
1341,151,1492,0.10561522051654493
1350,155,1505,0.10561562002149204
1338,157,1495,0.10559594773079574
1339,157,1496,0.10560305381684533
1336,154,1490,0.10560695603346265
1336,155,1491,0.1056164753624829
1326,158,1484,0.10562638474352087
1324,158,1482,0.10565816060255116
1335,160,1495,0.10569335238053
1334,160,1494,0.10569838060581209
1340,162,1502,0.10570687610703171
1342,164,1506,0.10570322687567117
1335,164,1499,0.105695545665325
1335,164,1499,0.10570371286478338
1334,167,1501,0.10571181691679893
1337,167,1504,0.10572250191405441
1327,161,1488,0.10572632272208848
1323,164,1487,0.10575199616809464
1321,165,1486,0.10578394724931278
1326,166,1492,0.10581815253385131
1320,167,1487,0.1058375655013182
1328,165,1493,0.10586928814680496
1327,169,1496,0.1058785879465616
1313,170,1483,0.10589000704854168
1333,172,1505,0.10593223932924378
1337,173,1510,0.10592720256218754
1327,168,1495,0.10591266967319317
1340,173,1513,0.10592257420422048
1335,172,1507,0.10590224243129304
1323,170,1493,0.10589516066839093
1323,170,1493,0.10591783305229058
1312,169,1481,0.10593834629867714
1317,171,1488,0.10598331207705203
1330,170,1500,0.10601287143783132
1324,177,1501,0.10601224812952932
1331,176,1507,0.10602554599351213
1328,176,1504,0.10602165590278706
1318,175,1493,0.10602471621945865
1314,172,1486,0.10604951809500011
1328,172,1500,0.10607994410807944
1326,179,1505,0.10607707123949886
1325,182,1507,0.10608002522205037
1324,182,1506,0.10608670848430134
1318,179,1497,0.1060919987032949
1325,179,1504,0.10611169793112986
1311,179,1490,0.10611624234807568
1313,181,1494,0.1061528531065369
1313,177,1490,0.1061802887290317
1326,174,1500,0.10620637643812991
1322,181,1503,0.1062012910430515
1316,180,1496,0.10620796885730503
1320,179,1499,0.10622655373730497
1323,180,1503,0.10623678256765316
1325,186,1511,0.10623984974025834
1325,189,1514,0.10623996084166762
1319,187,1506,0.10624029136490945
1322,188,1510,0.10625275774532397
1301,190,1491,0.10625736059766698
1306,191,1497,0.10631026282425399
1311,193,1504,0.1063478745572298
1313,193,1506,0.10636958679750279
1315,188,1503,0.10638601652249688
1302,187,1489,0.10639699281425606
1306,189,1495,0.10643452489915635
1303,192,1495,0.10646142131221428
1295,195,1490,0.10649443602308278
1294,195,1489,0.10654336583973516
1300,200,1500,0.10658942518507011
1304,190,1494,0.10661897222536465
1298,193,1491,0.10663619283732356
1291,193,1484,0.10666426022437396
1289,197,1486,0.10670831296701057
1289,197,1486,0.10675476555160017
1295,196,1491,0.10679677877456316
1288,198,1486,0.10682279994364535
1305,200,1505,0.1068602328688742
1300,201,1501,0.10685646615946914
1289,204,1493,0.10686348895690777
1273,205,1478,0.10689739701196727
1275,205,1480,0.10696428686596082
1283,208,1491,0.10702148852391492
1288,204,1492,0.10705638331838963
1279,208,1487,0.10707890630751173
1295,214,1509,0.1071189408723533
1285,213,1498,0.10712258421428995
1285,214,1499,0.10714906969502763
1290,209,1499,0.10717213726628244
1299,212,1511,0.10718022789011127
1291,215,1506,0.10716758689488114
1277,216,1493,0.10717544579390804
1274,212,1486,0.10721460631387911
1273,209,1482,0.1072595339006833
1281,212,1493,0.10730308723525943
1278,218,1496,0.10732675160795223
1268,218,1486,0.10735732567387699
1260,219,1479,0.10740540662098905
1267,216,1483,0.10746661712642978
1276,216,1492,0.10750831169712391
1279,222,1501,0.1075286144465278
1277,228,1505,0.10753768887015827
1274,228,1502,0.10754984589924042
1275,231,1506,0.10756996600113901
1276,227,1503,0.10758758010407704
1274,228,1502,0.10760296816495442
1275,230,1505,0.10762275069524822
1265,231,1496,0.10764040550378709
1263,231,1494,0.10767828490835442
1271,233,1504,0.10771695309153025
1274,239,1513,0.10773446052068758
1262,236,1498,0.10774543735975164
1267,238,1505,0.10778199536542264
1257,243,1500,0.10780483082355831
1264,240,1504,0.10784684659806817
1253,243,1496,0.10787137233849972
1252,243,1495,0.10791946995968128
1259,241,1500,0.10796823025145151
1257,245,1502,0.10799801982076901
1265,241,1506,0.10803185027375427
1257,243,1500,0.1080455002632416
1255,243,1498,0.10807697976782396
1252,241,1493,0.10811014848068186
1244,242,1486,0.10814936989627436
1247,244,1491,0.10820218164789713
1242,247,1489,0.10824392551610977
1240,250,1490,0.10829413584145105
1254,252,1506,0.10834624569658255
1246,251,1497,0.10836417311026882
1238,254,1492,0.10839963399566656
1240,260,1500,0.10844991019319511
1245,259,1504,0.10848832835425792
1235,263,1498,0.10851298576509301
1238,264,1502,0.10856077402065643
1218,267,1485,0.10859995954571372
1227,262,1489,0.10868391353169013
1234,255,1489,0.10873925620243455
1237,262,1499,0.10877144573000624
1232,260,1492,0.10879586182074735
1236,259,1495,0.10883003154920416
1228,259,1487,0.10885448291862448
1225,257,1482,0.10889629100868393
1227,267,1494,0.10894106555374343
1225,266,1491,0.1089757849559604
1227,269,1496,0.10901371439371818
1223,271,1494,0.1090443468201164
1233,273,1506,0.10908483720018917
1228,275,1503,0.10909805094900317
1217,279,1496,0.10912316308643705
1214,276,1490,0.10917279524690357
1219,281,1500,0.10922568384012343
1211,282,1493,0.1092638574811793
1216,286,1502,0.1093177838059988
1218,285,1503,0.10935690953093462
1227,286,1513,0.10939017405967716
1225,292,1517,0.1093991906048684
1223,289,1512,0.10941084200150321
1211,294,1505,0.10942827883544641
1206,292,1498,0.10947223635795739
1209,284,1493,0.10952623664410666
1203,287,1490,0.1095693086522898
1205,293,1498,0.1096221267910542
1210,297,1507,0.10966711953347211
1195,304,1499,0.10969815419353683
1197,304,1501,0.10976318041112357
1195,299,1494,0.10982069697487445
1197,300,1497,0.10987922447723353
1199,304,1503,0.10992625598515157
1191,303,1494,0.1099651830988382
1183,305,1488,0.11001990397320775
1191,300,1491,0.11008944129749365
1190,303,1493,0.11013355799210205
1202,307,1509,0.11017801728534517
1208,306,1514,0.11018905632702303
1210,308,1518,0.11018549153150983
1197,304,1501,0.11017878259391804
1209,305,1514,0.11020342041941593
1207,304,1511,0.11019992879580044
1190,305,1495,0.11020220748965723
1187,304,1491,0.11024307902805379
1193,306,1499,0.11028618135618666
1196,311,1507,0.11030924702460414
1182,309,1491,0.11032448153750561
1188,315,1503,0.11037005428111972
1181,308,1489,0.11040197040248384
1175,308,1483,0.11044519385555489
1179,319,1498,0.1105015269819369
1172,331,1503,0.11054652942429166
1192,327,1519,0.11060529955428583
1194,329,1523,0.11061408958387726
1176,333,1509,0.11061660815814672
1179,333,1512,0.11066025317844265
1173,332,1505,0.11069554713637636
1169,335,1504,0.11074234020157007
1172,331,1503,0.1107964226590492
1174,333,1507,0.11084002138672794
1167,338,1505,0.11087456228271343
1153,331,1484,0.1109215243918345
1165,335,1500,0.11099887470214988
1162,332,1494,0.11104373711494073
1162,328,1490,0.11108992239904221
1186,331,1517,0.11113229375472315
1177,336,1513,0.11111471905572717
1168,336,1504,0.11112098363634089
1162,344,1506,0.11114668968207639
1162,345,1507,0.11118555414331166
1165,344,1509,0.1112213436792874
1158,342,1500,0.11124926579657454
1151,352,1503,0.11129153489243106
1148,349,1497,0.11134615466730732
1140,350,1490,0.11140448433380047
1140,351,1491,0.11147827490455135
1141,351,1492,0.111545690507179
1150,347,1497,0.11160399013918862
1140,346,1486,0.11163918719236207
1154,346,1500,0.11169604287678168
1140,348,1488,0.11171641627340785
1151,345,1496,0.11176343674000855
1147,340,1487,0.11178120631620624
1143,338,1481,0.11180939929289874
1131,345,1476,0.11184255397314288
1128,343,1471,0.11190089648460035
1141,351,1492,0.11196041269439988
1143,348,1491,0.11198391668688817
1133,346,1479,0.11200239819452829
1149,344,1493,0.11204029035270988
1174,341,1515,0.11204153404867295
1174,343,1517,0.11198507517829263
1172,340,1512,0.11193342377711493
1163,344,1507,0.11188885734151795
1154,346,1500,0.1118699363441123
1149,348,1497,0.11187255631062493
1158,350,1508,0.11188814597534506
1159,348,1507,0.11187964831793669
1153,349,1502,0.11186848023844259
1153,346,1499,0.1118729380105676
1149,346,1495,0.11187780627882765
1156,349,1505,0.11189204866295814
1160,356,1516,0.11189074614482841
1154,352,1506,0.11188131381883482
1154,347,1501,0.11188781779528684
1152,354,1506,0.11189058164437501
1148,349,1497,0.11190034321426175
1139,356,1495,0.11191583134968269
1142,356,1498,0.11195330062941984
1146,352,1498,0.11198076032047415
1145,355,1500,0.11199696020627439
1137,355,1492,0.11201617997359108
1133,356,1489,0.11205423726340741
1129,360,1489,0.11209727205657025
1126,358,1484,0.1121439218844948
1133,354,1487,0.112193389222724
1127,358,1485,0.11222394572042127
1124,364,1488,0.11226242721160153
1123,373,1496,0.11230817327981372
1114,369,1483,0.11235384392210016
1113,372,1485,0.11241624738924468
1116,374,1490,0.11247779992022519
1114,379,1493,0.11252991951442999
1116,373,1489,0.11258399252496282
1110,373,1483,0.1126313982287254
1115,386,1501,0.11268585295943473
1113,395,1508,0.11272445899617224
1106,398,1504,0.11276476202538417
1104,395,1499,0.11281858385832223
1108,397,1505,0.11287283892860009
1114,392,1506,0.11291641574974796
1116,389,1505,0.1129436243705599
1112,390,1502,0.11296175225571543
1111,392,1503,0.1129870306609209
1114,392,1506,0.11301401387508087
1122,388,1510,0.11303299264075342
1121,389,1510,0.11303062022584638
1118,387,1505,0.11303369115311789
1114,389,1503,0.11304236915850278
1117,396,1513,0.11306040334368796
1112,393,1505,0.11306835086077084
1116,385,1501,0.11308676902708432
1112,389,1501,0.11309572478418563
1121,390,1511,0.1131133885980306
1123,379,1502,0.11310822845244488
1126,383,1509,0.11309906683472484
1117,380,1497,0.11308248854562568
1116,376,1492,0.11308569631149894
1115,379,1494,0.1130913776513459
1121,375,1496,0.11309746643033364
1123,376,1499,0.11309068183917591
1132,373,1505,0.1130822043362623
1131,371,1502,0.1130542351731856
1123,369,1492,0.11303174204282065
1113,371,1484,0.1130288715382892
1103,374,1477,0.11305153989382558
1115,379,1494,0.11309825471056233
1115,379,1494,0.11311374494602144
1114,377,1491,0.11312885427023316
1114,379,1493,0.1131436735451627
1122,378,1500,0.11315780909939102
1122,375,1497,0.11315136524123032
1118,380,1498,0.11314424281987527
1124,380,1504,0.113147704639219
1119,390,1509,0.11313424054955938
1106,390,1496,0.11313362989105975
1106,390,1496,0.11316443569087381
1114,392,1506,0.11319644222798868
1101,387,1488,0.11320866895572143
1102,391,1493,0.11324921061618541
1097,395,1492,0.1132845978422051
1094,388,1482,0.11332885259354057
1102,380,1482,0.11337777986155183
1098,382,1480,0.11340194753441457
1113,389,1502,0.11343321638927074
1115,391,1506,0.11342703388052457
1109,391,1500,0.1134166852621086
1111,394,1505,0.11342043997081147
1111,386,1497,0.1134219827557165
1117,385,1502,0.11342368776322327
1109,383,1492,0.11341035045762862
1112,386,1498,0.11341640868983355
1112,394,1506,0.11341731241890746
1106,393,1499,0.11341862073118193
1108,398,1506,0.11343408069366291
1102,396,1498,0.11344447102426862
1108,401,1509,0.1134680565720808
1114,400,1514,0.11347905421271814
1115,401,1516,0.11347438143306153
1113,398,1511,0.11346814117694198
1124,402,1526,0.11346623540558404
1116,404,1520,0.11344010325369229
1096,413,1509,0.11343641120378298
1099,412,1511,0.11347954439457165
1088,409,1497,0.11351157776977949
1084,408,1492,0.11356745258560569
1081,407,1488,0.11362818478053764
1085,406,1491,0.11369314370847064
1087,414,1501,0.11374448438558858
1093,403,1496,0.11378672421283323
1084,406,1490,0.11381127808766173
1083,415,1498,0.11385487635408262
1080,416,1496,0.11389841303466829
1070,416,1486,0.11394443758309425
1084,409,1493,0.11401053567472287
1087,416,1503,0.11403472987430412
1077,422,1499,0.11405142895458767
1076,418,1494,0.1140917222090799
1069,424,1493,0.11413252255341934
1062,421,1483,0.11418830051795822
1057,425,1482,0.11425485962212172
1066,421,1487,0.1143279525910102
1060,426,1486,0.11437554708147137
1066,427,1493,0.11443319187060347
1066,425,1491,0.1144720845625583
1072,425,1497,0.11450830720823124
1073,432,1505,0.11452661978491306
1058,429,1487,0.11454236635250002
1069,436,1505,0.11459137797935949
1073,439,1512,0.11461188717064044
1081,436,1517,0.1146224515146716
1087,436,1523,0.11461283530171425
1073,432,1505,0.11459146753550634
1073,438,1511,0.11460486660993713
1072,437,1509,0.1146189771034538
1073,435,1508,0.11463461739903075
1065,437,1502,0.11464736573214333
1057,433,1490,0.1146772276126925
1055,441,1496,0.11472176224005935
1048,451,1499,0.11476900685053433
1024,452,1476,0.11483064002602977
1039,453,1492,0.11494097260174406
1043,451,1494,0.11501119666355404
1047,459,1506,0.11507073430358272
1040,457,1497,0.11511485736976582
1048,451,1499,0.11517057489575412
1052,453,1505,0.11520458466911153
1051,451,1502,0.11522825946366154
1048,453,1501,0.11525206203035517
1036,453,1489,0.11528104357844571
1037,450,1487,0.11533628897155576
1037,456,1493,0.11538377442230545
1033,461,1494,0.1154263443716399
1038,461,1499,0.11547706294791425
1041,462,1503,0.11551105538937033
1036,467,1503,0.11553746538544661
1037,467,1504,0.11557263851884826
1031,467,1498,0.11560505958181981
1025,473,1498,0.11565126476914302
1027,478,1505,0.11570799532149989
1014,473,1487,0.11575890851072156
1022,473,1495,0.11583682996165176
1030,470,1500,0.11588693362211981
1026,468,1494,0.11591571955884925
1024,476,1500,0.11594971527088274
1026,480,1506,0.11598661313109179
1024,476,1500,0.11601673426963742
1025,480,1505,0.11605047067067176
1016,474,1490,0.11608229196456982
1022,474,1496,0.11613405545387678
1017,473,1490,0.11616700913682716
1017,476,1493,0.11620806567245705
1021,471,1492,0.11624466012419646
1023,471,1494,0.11626748300727596
1036,467,1503,0.11628455058868972
1035,465,1500,0.11626612922872905
1042,467,1509,0.116250538276493
1045,467,1512,0.11622057537461426
1045,465,1510,0.11618768791548428
1038,463,1501,0.1161573387434766
1048,473,1521,0.11614404585480355
1045,469,1514,0.11610883871335897
1036,472,1508,0.11608021770953833
1027,471,1498,0.11607656953163457
1031,477,1508,0.11609514840909804
1028,467,1495,0.11610585106590086
1023,472,1495,0.11612197951761401
1022,468,1490,0.11614896986231442
1022,480,1502,0.11617664759898876
1023,482,1505,0.11620217235298856
1022,483,1505,0.11622599125320995
1020,487,1507,0.11625039021523298
1001,491,1492,0.11627718078625278
999,492,1491,0.11634895457306381
998,489,1487,0.1164193397659146
989,486,1475,0.11648741007459597
990,484,1474,0.11657138627514659
992,490,1482,0.11664785082791303
990,496,1486,0.1167124854877893
997,495,1492,0.11677770331090251
996,498,1494,0.11682328499632615
1003,498,1501,0.1168668508658972
997,496,1493,0.11689257329882871
1000,490,1490,0.11692744517320346
1004,499,1503,0.11695305791095315
998,503,1501,0.11696837137189892
998,512,1510,0.11699915169387438
988,515,1503,0.1170271794363904
985,515,1500,0.11707810697734339
976,516,1492,0.1171335514787928
976,518,1494,0.11720490164632662
987,506,1493,0.11727317504333508
991,514,1505,0.11731000378989416
1005,510,1515,0.11733397534530944
986,504,1490,0.11732499253570886
981,504,1485,0.11736060741062054
972,518,1490,0.11740871183982052
968,524,1492,0.11747260043196359
977,515,1492,0.11754416193276299
975,515,1490,0.11758944591018798
980,514,1494,0.11763497294152224
973,514,1487,0.11766536413524362
977,521,1498,0.11770952230638468
979,523,1502,0.11774396845349568
974,522,1496,0.11777081744454503
971,524,1495,0.11780869578696634
968,533,1501,0.11784906040959843
967,522,1489,0.11789334777116914
963,526,1489,0.1179363308435157
966,536,1502,0.11798641979402326
968,536,1504,0.11802465473752548
952,540,1492,0.11805620959917949
944,539,1483,0.1181240110437532
952,544,1496,0.11820493340929986
948,554,1502,0.11826247840173998
951,548,1499,0.11832452848229763
942,546,1488,0.11837429701054247
924,540,1464,0.1184422936481154
914,545,1459,0.11854689594390401
921,553,1474,0.1186669991422325
925,552,1477,0.1187636398778816
922,560,1482,0.11884326506322723
918,557,1475,0.11892412609188206
926,553,1479,0.1190070788405863
937,562,1499,0.11906485100160197
931,562,1493,0.11909275735932026
935,563,1498,0.11913121755194243
948,567,1515,0.11916070150170789
936,564,1500,0.11915671427555448
929,572,1501,0.1191799877821088
926,571,1497,0.11922077372204001
934,583,1517,0.11926685442654338
921,585,1506,0.11929457693372222
927,588,1515,0.11935227385318684
934,582,1516,0.11938966224473671
938,585,1523,0.11940913138042998
934,585,1519,0.11941784122535466
929,579,1508,0.11943828743123824
919,580,1499,0.1194684294131857
917,587,1504,0.1195231395883632
911,580,1491,0.11957833652973428
904,585,1489,0.11964459560900093
909,593,1502,0.11972199044189857
908,603,1511,0.11978192287643034
906,597,1503,0.11984077424125973
905,591,1496,0.11989897932226568
904,586,1490,0.11995642519872213
895,596,1491,0.12001410919612128
894,605,1499,0.12009019563652437
891,597,1488,0.1201657063357657
884,602,1486,0.12024222033886148
896,605,1501,0.12033034026162821
903,608,1511,0.12038048705728396
912,601,1513,0.12041176823062245
902,597,1499,0.12041819428487001
905,599,1504,0.12044838070419858
904,605,1509,0.12047299119297189
902,606,1508,0.1204947642434887
899,598,1497,0.12051905436821123
909,603,1512,0.12054899476411823
906,591,1497,0.12055384951205986
897,590,1487,0.12056562483541206
901,591,1492,0.12059676664048365
890,591,1481,0.12062065960456568
885,598,1483,0.12066653102289275
887,597,1484,0.12072217437409416
888,596,1484,0.12076541649077978
897,596,1493,0.12080350129388016
892,601,1493,0.12081594656550151
884,608,1492,0.12083976320102931
895,615,1510,0.12088144532304324
891,621,1512,0.12089567578592801
899,615,1514,0.12091847581634414
893,615,1508,0.12092256478177724
886,622,1508,0.12094120548166874
883,612,1495,0.12097472818220273
877,619,1496,0.12101362204268092
870,626,1496,0.12106625273832933
869,628,1497,0.12113088522666564
864,631,1495,0.1211927362451322
868,627,1495,0.12126229063805223
878,626,1504,0.12131810445741031
881,631,1512,0.12134682420671894
879,638,1517,0.1213664913615584
877,641,1518,0.12138889701898722
872,648,1520,0.12141230066383088
877,642,1519,0.12144767890363603
870,639,1509,0.1214689536778089
877,629,1506,0.12150496870997327
874,634,1508,0.12152387150100949
880,637,1517,0.12155010110376079
867,637,1504,0.12156016067685918
862,636,1498,0.12159897848759776
862,638,1500,0.1216454394826511
863,632,1495,0.12168730754334824
862,630,1492,0.12172220613916843
864,632,1496,0.12175770810991171
877,637,1514,0.12178366619385567
874,627,1501,0.12177770645430375
872,629,1501,0.12177878428181416
881,631,1512,0.12178472585849885
880,628,1508,0.12177190195944979
886,624,1510,0.12176344670519362
873,612,1485,0.12174223745032728
863,626,1489,0.1217536006780983
869,626,1495,0.12178832914455615
858,629,1487,0.12180742633426926
854,634,1488,0.12185144844915351
861,638,1499,0.12190017809630804
844,640,1484,0.12192897543798821
855,635,1490,0.12199257590348553
851,639,1490,0.1220255572615854
838,642,1480,0.1220664461531705
846,634,1480,0.12213613673288627
850,650,1500,0.12218348344673842
853,648,1501,0.12221852525725646
855,638,1493,0.12224237114777015
855,639,1494,0.12225924881414275
855,641,1496,0.12227693818447923
857,641,1498,0.12229473012699468
858,637,1495,0.12230281345733655
863,643,1506,0.12230864054631414
857,649,1506,0.1223025148917013
852,657,1509,0.12231177782322082
853,657,1510,0.12233159268474945
848,664,1512,0.12234739001653284
848,649,1497,0.12237069450753918
859,640,1499,0.12239102366788679
860,644,1504,0.12238863859200247
853,656,1509,0.12238493429857027
839,659,1498,0.12239765007835043
839,671,1510,0.1224412114610023
833,660,1493,0.12248307057174816
842,661,1503,0.12253613756630082
839,664,1503,0.12256574364480538
839,667,1506,0.12259891134738546
838,670,1508,0.12262979289574087
838,669,1507,0.12266302469086073
845,668,1513,0.12269562419796891
836,659,1495,0.12270748609570557
835,654,1489,0.12274340627185695
837,642,1479,0.12277796473949802
847,656,1503,0.12280327834090443
844,654,1498,0.12280162397713607
835,656,1491,0.12280826870291552
835,661,1496,0.12283501217875942
838,674,1512,0.12286003108207819
839,672,1511,0.12287920128441072
836,673,1509,0.12289579676567701
834,676,1510,0.1229219066163152
839,677,1516,0.12295070783565148
841,673,1514,0.12296651942089004
835,682,1517,0.12297651462360448
827,681,1508,0.12299944705175235
821,690,1511,0.12303666046541487
828,684,1512,0.12308678374043361
841,687,1528,0.12311968075424837
837,688,1525,0.12312096310253234
838,681,1519,0.12313335740440357
832,677,1509,0.12314020825416837
823,684,1507,0.12316193982892194
817,695,1512,0.12320627587533403
807,694,1501,0.12325966927291215
805,700,1505,0.12333408676676878
807,705,1512,0.12340761073988166
813,705,1518,0.12347187765547414
812,703,1515,0.1235184427400771
807,700,1507,0.12356365481934742
803,708,1511,0.1236162392087947
806,713,1519,0.12367639788376227
794,707,1501,0.12372832989296718
789,703,1492,0.12380125795606249
778,709,1487,0.12388243673810355
783,727,1510,0.12398433719733601
780,717,1497,0.12406747820463243
785,716,1501,0.1241506818853998
787,720,1507,0.12421502027765388
784,717,1501,0.12427404066688501
783,722,1505,0.12433435143553563
785,721,1506,0.12439112649556532
780,716,1496,0.1244384668593316
782,722,1504,0.12449661610735267
783,721,1504,0.12454621234061337
779,724,1503,0.12458898542771539
777,724,1501,0.12463885793953847
774,727,1501,0.12468817058573117
771,724,1495,0.12474396785151995
779,726,1505,0.12480304445698369
773,725,1498,0.12483924178092966
782,725,1507,0.12488683017594254
783,721,1504,0.12490889375258898
788,724,1512,0.12492786864252231
785,731,1516,0.12493339122222945
772,722,1494,0.12494304079932439
778,716,1494,0.12498307679192167
774,726,1500,0.125004769506625
785,739,1524,0.12503447803705903
784,735,1519,0.1250371264944214
777,732,1509,0.12504315052618303
779,730,1509,0.1250649814514881
783,729,1512,0.12508442566348255
778,728,1506,0.1250917124019559
783,733,1516,0.12511087391537193
782,737,1519,0.12511456737655746
788,741,1529,0.12512280052022853
793,727,1520,0.12511722098726932
785,730,1515,0.1251016423889102
777,732,1509,0.12510699419250743
783,740,1523,0.12513308503709225
772,744,1516,0.12514425752969344
780,747,1527,0.1251788063999134
778,748,1526,0.12519311046649392
784,746,1530,0.12521042066949456
779,738,1517,0.12521200552187522
753,738,1491,0.1252270593365804
748,744,1492,0.1252992692914093
742,742,1484,0.12537947225150478
750,743,1493,0.12546428153676797
755,743,1498,0.12552369854088818
754,737,1491,0.1255674964177493
765,737,1502,0.12560878674687254
768,730,1498,0.12561903502126143
768,740,1508,0.1256241638448113
766,730,1496,0.1256285568129333
770,734,1504,0.1256398913564287
778,733,1511,0.12564277792612655
773,730,1503,0.12562616935572
765,742,1507,0.12562261324077034
774,734,1508,0.12563609979467394
772,735,1507,0.12562598506746056
770,741,1511,0.12562311016231598
767,751,1518,0.12562659409230703
764,749,1513,0.1256385564404425
765,751,1516,0.12565796837503515
764,745,1509,0.1256733368593401
747,742,1489,0.12569097871082596
746,744,1490,0.12574411729448282
748,734,1482,0.12579566453229873
744,738,1482,0.1258396274424366
753,739,1492,0.12588945430122692
753,745,1498,0.12591614683032185
752,744,1496,0.125940139675601
749,731,1480,0.12596517891407533
757,746,1503,0.12599412244366107
757,753,1510,0.126001786598014
752,753,1505,0.12600926061976048
751,758,1509,0.12602753639355777
757,754,1511,0.12604659095127005
756,739,1495,0.12605071089780429
753,742,1495,0.12605633825058335
750,751,1501,0.12606902115398527
755,748,1503,0.12608807933851274
749,746,1495,0.126094344333282
757,753,1510,0.12611392909020977
753,745,1498,0.1261148038689229
750,737,1487,0.12612357322109108
755,727,1482,0.12613832998133892
760,735,1495,0.12614160154115364
760,740,1500,0.12613096999880544
753,734,1487,0.12612023762250069
745,733,1478,0.12612554651324445
752,744,1496,0.1261495026207147
758,739,1497,0.12615666224775313
761,745,1506,0.12614818402351255
771,737,1508,0.12613414934657277
764,736,1500,0.1260972194425986
762,743,1505,0.12607867524317035
753,745,1498,0.126066005575319
748,749,1497,0.12607776420141842
754,745,1499,0.1261007830719335
758,744,1502,0.12610699771547232
763,747,1510,0.126101062256328
760,752,1512,0.1260841075244554
759,748,1507,0.12607541283853127
754,754,1508,0.1260701256048885
762,754,1516,0.12607866066662804
758,756,1514,0.12607044217296678
762,754,1516,0.12607392468853043
763,745,1508,0.12606897731431602
760,753,1513,0.12605791101264888
759,760,1519,0.12605366501015372
757,747,1504,0.12605286000214208
750,742,1492,0.12605978914731453
747,753,1500,0.12608221921926338
743,747,1490,0.12611186181697775
745,747,1492,0.12614954948916363
746,744,1490,0.12617933268490236
745,752,1497,0.12620593856412962
745,755,1500,0.12623345621847407
739,761,1500,0.12625891119567853
742,764,1506,0.12629753494861234
738,759,1497,0.12632684082299636
732,766,1498,0.1263640920146832
737,770,1507,0.12641221463651975
738,767,1505,0.126445783947026
737,767,1504,0.12647476150589104
746,770,1516,0.12650179477080384
748,774,1522,0.12650516730216788
743,776,1519,0.12650278146264848
745,776,1521,0.12651272474572714
746,771,1517,0.1265150539087546
741,769,1510,0.12651360957583438
747,771,1518,0.12652544970609417
742,772,1514,0.12652098693789274
746,766,1512,0.12652996540375022
744,759,1503,0.12653007293395643
738,755,1493,0.12653330528664847
741,760,1501,0.12654836967266678
737,765,1502,0.12655645402641558
729,766,1495,0.12657254709949328
724,774,1498,0.12660849966386112
729,771,1500,0.12665363314218306
727,779,1506,0.12668054981567312
732,780,1512,0.12670989118480455
730,776,1506,0.12672440048957967
731,771,1502,0.1267445125765942
736,775,1511,0.12676005720844605
729,781,1510,0.12676521768590104
719,783,1502,0.12678633237393705
721,771,1492,0.12683005969370256
720,781,1501,0.1268651677239559
725,773,1498,0.126901198739932
723,775,1498,0.12692439899120317
716,785,1501,0.12695173394295078
728,784,1512,0.1269939395174276
731,779,1510,0.1270005852466648
734,779,1513,0.127002739551543
718,773,1491,0.12699463456664023
715,776,1491,0.12702528145173098
717,784,1501,0.12705853227344202
729,779,1508,0.12708712058577715
712,784,1496,0.1270860953002563
717,782,1499,0.1271251628350001
718,783,1501,0.12714957552729914
712,788,1500,0.12717121075783566
710,781,1491,0.12720626084276954
709,783,1492,0.12723939010833207
700,781,1481,0.12727245074530988
706,791,1497,0.12732361364658737
710,789,1499,0.1273548182165772
726,787,1513,0.1273755725113485
724,789,1513,0.12735663919391335
722,782,1504,0.12734574999687986
718,791,1509,0.12734241641545377
707,792,1499,0.1273481627340846
709,793,1502,0.12737878695344865
716,796,1512,0.12740265906056325
708,795,1503,0.12740843793555728
707,792,1499,0.1274332350914603
700,798,1498,0.12746162308966044
712,800,1512,0.12750187747220418
710,794,1504,0.12751071282460658
720,791,1511,0.12752370394944956
707,797,1504,0.12751281715634297
705,809,1514,0.12753471955238363
694,797,1491,0.12756233569496822
696,795,1491,0.1276131930696159
704,810,1514,0.12765351957865062
694,801,1495,0.1276701749466872
697,797,1494,0.12771193304170209
701,808,1509,0.12774673007420176
700,809,1509,0.12777127366161026
701,811,1512,0.1277974102483067
701,820,1521,0.12781920454179085
688,831,1519,0.1278399109293768
685,825,1510,0.12789010321320002
679,821,1500,0.12794693500158655
675,819,1494,0.12801361065404127
672,820,1492,0.12808536062440457
671,830,1501,0.12815680090013906
661,829,1490,0.12822460969061591
658,830,1488,0.12831265576047857
662,825,1487,0.12840146891526338
667,835,1502,0.1284742447064754
678,820,1498,0.12853037479295515
682,829,1511,0.12855415132397532
675,835,1510,0.1285680265973806
673,832,1505,0.1285982672684603
667,835,1502,0.12863114050536215
672,841,1513,0.12867430491312137
670,826,1496,0.12870151189035928
675,827,1502,0.12873243912016977
671,822,1493,0.1287502348877201
666,830,1496,0.12877685479185666
668,829,1497,0.1288140644329719
666,833,1499,0.12884201909310736
668,831,1499,0.1288724669771021
671,830,1501,0.12889400584004965
662,826,1488,0.12890997675454818
656,826,1482,0.12894524150596973
657,840,1497,0.12899171139229995
652,848,1500,0.12903276645422385
647,852,1499,0.1290833373445397
638,860,1498,0.12914505415954103
643,863,1506,0.12922608520050013
632,859,1491,0.1292911327780254
638,866,1504,0.12937595454554782
636,871,1507,0.12943929353898384
630,877,1507,0.12950454884768478
632,871,1503,0.12957762684098229
646,871,1517,0.12964024982683597
648,875,1523,0.12966570183562162
653,862,1515,0.1296838281927031
650,877,1527,0.12968989718095603
653,875,1528,0.12970423745838786
648,887,1535,0.12971055708109777
650,880,1530,0.12973200412586083
647,877,1524,0.12974790740375153
637,889,1526,0.12977167399067632
626,885,1511,0.12981896430821604
625,881,1506,0.12988854124905985
627,871,1498,0.12995666643386108
621,875,1496,0.13001563056058085
620,870,1490,0.1300835411155923
625,885,1510,0.13014857231125798
633,886,1519,0.13019636815269006
630,872,1502,0.13021915477180038
630,869,1499,0.13024892087752238
634,872,1506,0.13027544437409716
639,865,1504,0.130289333566291
634,875,1509,0.13029139085103758
634,875,1509,0.13030425617305513
643,877,1520,0.1303158394929608
648,878,1526,0.1303054947070085
639,882,1521,0.1302827466118229
644,873,1517,0.1302826288208573
638,872,1510,0.13027134547155664
639,872,1511,0.13027602667485547
638,869,1507,0.1302783066250054
631,874,1505,0.13028382590563758
633,875,1508,0.13030736854612746
630,861,1491,0.130323717902632
634,872,1506,0.13034610197631796
636,877,1513,0.13035660714208433
630,882,1512,0.13036137279865712
624,877,1501,0.13037896304998234
630,875,1505,0.1304073966033979
632,871,1503,0.13041927749792487
640,879,1519,0.13042616834349022
641,872,1513,0.1304132590086519
642,875,1517,0.13039864940563783
645,883,1528,0.13038337989394477
637,890,1527,0.1303642098266913
639,884,1523,0.1303670758656395
638,881,1519,0.1303668503130596
632,881,1513,0.1303667073870479
635,876,1511,0.13037976153686381
635,879,1514,0.13038637553298854
626,879,1505,0.13039484373736346
617,882,1499,0.130424159374757
617,891,1508,0.13047214520788114
619,901,1520,0.1305196785901829
613,904,1517,0.1305595315292984
601,914,1515,0.13061404982824937
602,913,1515,0.13069462515318908
600,906,1506,0.1307681710567533
604,912,1516,0.13083783073502653
602,916,1518,0.13089349534258488
593,912,1505,0.13095032753591174
598,910,1508,0.13102417001712252
596,915,1511,0.1310812778015593
596,912,1508,0.131138350679719
600,907,1507,0.13119029457577497
602,908,1510,0.13122865128556302
605,903,1508,0.13125895172173702
606,904,1510,0.13128139024951366
603,910,1513,0.131299807304441
600,914,1514,0.13132389724853052
609,913,1522,0.13135290897455376
604,913,1517,0.13136022095170172
594,919,1513,0.13137870691365724
590,920,1510,0.1314200268490556
588,910,1498,0.13146925360437206
585,904,1489,0.13152071460700457
592,900,1492,0.13157406581498204
591,911,1502,0.1316066123767089
591,911,1502,0.1316399080864945
582,915,1497,0.1316712062362229
592,908,1500,0.13172303904203306
590,919,1509,0.13174563231110226
593,919,1512,0.13177314744847546
592,920,1512,0.13179246344183548
585,916,1501,0.13181345460041366
582,913,1495,0.13185067711954132
584,922,1506,0.1318922852819763
583,914,1497,0.1319214803766735
576,910,1486,0.1319487599039423
583,912,1495,0.13199082933260406
583,918,1501,0.13201479995966886
588,913,1501,0.13203882523041005
591,920,1511,0.13205214198439588
582,922,1504,0.13205866092473525
576,918,1494,0.13208527425020083
576,934,1510,0.13212215219480306
576,945,1521,0.13215880687943543
573,949,1522,0.13219385184647628
570,947,1517,0.1322365269097815
573,941,1514,0.1322842162372146
572,933,1505,0.13232283465652503
569,942,1511,0.13235941264338302
565,933,1498,0.13239925514714065
567,935,1502,0.13244798925189719
575,938,1513,0.13248918165752877
575,950,1525,0.1325068178646772
569,946,1515,0.1325235288492603
568,939,1507,0.13255423994932758
558,935,1493,0.13258569593032346
554,949,1503,0.1326383363232962
547,945,1492,0.13269774139682255
547,951,1498,0.13277206629543856
549,947,1496,0.1328420118572654
547,948,1495,0.13290226333408048
542,959,1501,0.13296354388923987
538,968,1506,0.13303180086876795
531,986,1517,0.13310729654791886
529,993,1522,0.1331944160597146
521,992,1513,0.1332798728762587
521,978,1499,0.13337826121972604
522,977,1499,0.13346926637699538
531,980,1511,0.1335502948474323
533,979,1512,0.13360489653465238
528,976,1504,0.13365054472076593
522,980,1502,0.133704057523974
519,987,1506,0.1337688737890481
519,987,1506,0.1338363036117804
520,986,1506,0.1338997973600656
525,996,1521,0.13395808960759323
525,993,1518,0.13399941435909454
523,990,1513,0.13403935157110944
527,988,1515,0.13407822690394197
526,987,1513,0.1341054109343104
523,987,1510,0.13413302626486562
514,990,1504,0.13416769788942115
504,981,1485,0.13421817423805935
502,988,1490,0.1342904458461573
502,989,1491,0.13436252813829433
511,996,1507,0.13442900933677485
510,1001,1511,0.1344696024177599
517,1001,1518,0.13450988401602473
517,1008,1525,0.1345308245530218
507,1002,1509,0.13455048941442682
511,1007,1518,0.13459274468600813
511,998,1509,0.13462495250971493
515,991,1506,0.13465558901800967
521,994,1515,0.1346752211524584
515,996,1511,0.13467944438661988
514,1016,1530,0.13469947672146007
505,1010,1515,0.13471801024602997
503,1010,1513,0.13475670015518668
509,1009,1518,0.13479938701360294
504,1008,1512,0.13482537730082172
501,1003,1504,0.13486155293271407
511,998,1509,0.13490281356916767
513,991,1504,0.13491393658037457
504,988,1492,0.13491945169905403
508,994,1502,0.13494474798555983
502,991,1493,0.1349581397455086
500,990,1490,0.1349850346867854
502,998,1500,0.1350179260896621
516,999,1515,0.13504380979528907
519,1009,1528,0.13503511025241494
517,1012,1529,0.13501965072128003
516,999,1515,0.1350085932510151
517,995,1512,0.1350004641392577
514,1006,1520,0.13499268836697423
509,1006,1515,0.1349927077436386
511,996,1507,0.13500563582734226
514,994,1508,0.135013128370685
518,1010,1528,0.13501217448342565
513,1009,1522,0.13500069818037455
503,1000,1503,0.13500252551354486
501,987,1488,0.13503046866707508
506,992,1498,0.13506000114684116
499,986,1485,0.13507540832078901
505,989,1494,0.1351068376244372
512,993,1505,0.13512250653750782
518,991,1509,0.13511960566732234
518,1001,1519,0.13510393121102005
522,997,1519,0.1350914042011343
512,1002,1514,0.13507011988298545
506,1010,1516,0.13507679615939486
502,1017,1519,0.1350982573224308
510,1015,1525,0.1351281795486057
504,1006,1510,0.13513725264638388
509,1005,1514,0.13516024319715325
510,1012,1522,0.13516438170070788
512,1008,1520,0.1351629841374254
515,1017,1532,0.13515915463087463
514,1007,1521,0.13515093791342891
517,1013,1530,0.1351456542853796
515,1018,1533,0.13513589872522025
510,1018,1528,0.1351327688649241
507,1012,1519,0.13514085035084658
504,1007,1511,0.13515442486756465
502,1014,1516,0.1351729550048414
503,1019,1522,0.13519592272969594
507,1009,1516,0.13521703391901227
493,1017,1510,0.13522888936282546
498,1007,1505,0.13527183807689533
496,1013,1509,0.1352995806265177
498,1012,1510,0.13533133576124765
496,1016,1512,0.13535661058527226
490,1015,1505,0.1353847034306435
490,1016,1506,0.13542416362466134
485,1024,1509,0.135462406988805
486,1020,1506,0.13550825895102603
486,1014,1500,0.1355479793219013
499,1024,1523,0.13558470289572752
490,1031,1521,0.13558760665720027
492,1035,1527,0.13561055461090477
488,1026,1514,0.13562875985850745
490,1024,1514,0.13565610555670823
493,1016,1509,0.13567523865141845
493,1013,1506,0.13568674860043597
491,1022,1513,0.1356972944576767
493,1027,1520,0.135710934936614
491,1021,1512,0.135719243826996
490,1021,1511,0.13573187305086898
489,1011,1500,0.1357472784042173
489,1015,1504,0.13576273829197474
490,1017,1507,0.13577802145982054
488,1021,1509,0.13578989292555582
484,1022,1506,0.13580768634969204
483,1028,1511,0.1358347677007637
480,1018,1498,0.1358615577631883
475,1034,1509,0.1358953660451662
472,1030,1502,0.1359370201256849
469,1034,1503,0.1359812370592691
469,1036,1505,0.13602998138623798
461,1044,1505,0.13607624596905002
460,1037,1497,0.13613942186601755
461,1037,1498,0.1361993063796592
460,1044,1504,0.13625381197971273
457,1046,1503,0.13630863501710713
462,1049,1511,0.13636661297524708
456,1047,1503,0.13640976998836327
453,1045,1498,0.13646418844924557
451,1053,1504,0.13652237251826868
453,1048,1501,0.1365819028654821
452,1056,1508,0.13662958030975475
454,1063,1517,0.13667602623535305
448,1060,1508,0.13671618286984136
449,1060,1509,0.13676797020092293
450,1061,1511,0.13681532992597728
446,1058,1504,0.13685792771023933
447,1051,1498,0.13690591013987016
446,1052,1498,0.13694706872313117
457,1066,1523,0.13698638564665833
457,1069,1526,0.13699891921699375
449,1055,1504,0.13700987052795327
452,1057,1509,0.1370388942008176
448,1062,1510,0.13706053681240943
443,1060,1503,0.1370900722642065
442,1056,1498,0.1371287762921655
443,1063,1506,0.13716841970934054
437,1073,1510,0.1372031116977419
432,1070,1502,0.1372505028635703
436,1075,1511,0.13730701072785098
447,1080,1527,0.13735035444034582
444,1077,1521,0.1373648239337372
443,1081,1524,0.13738242602635473
449,1076,1525,0.13740258702991562
447,1066,1513,0.13740760032647223
437,1070,1507,0.13741779729798687
437,1073,1510,0.13745228779837204
436,1058,1494,0.13748317566303542
439,1049,1488,0.13751559691213555
436,1060,1496,0.13753810348662143
435,1061,1496,0.13756705032867378
435,1062,1497,0.1375960558522488
429,1066,1495,0.13762346019993899
430,1069,1499,0.1376640704252713
419,1086,1505,0.13770035818372767
414,1084,1498,0.1377609000957613
412,1095,1507,0.137830090475835
417,1102,1519,0.13789908985611063
410,1107,1517,0.13795041871161506
410,1116,1526,0.13801514843625703
410,1115,1525,0.13807463876197196
417,1100,1517,0.1381312105367973
415,1107,1522,0.13816755733616634
409,1108,1517,0.13820675576119437
411,1101,1512,0.13825705317085565
408,1106,1514,0.1382981981346945
403,1107,1510,0.13834601745655573
400,1107,1507,0.13840145095836515
405,1113,1518,0.1384605594088295
399,1106,1505,0.13850241405017102
390,1104,1494,0.13855464765988773
394,1091,1485,0.13862563427337102
400,1099,1499,0.13868176863027007
400,1104,1504,0.13871826067343346
397,1089,1486,0.13875343899864254
401,1093,1494,0.13879312518482811
395,1098,1493,0.13882018205778862
387,1114,1501,0.13886052798405074
391,1106,1497,0.13891740319462376
386,1110,1496,0.13896124480338568
389,1105,1494,0.13901464182422682
391,1119,1510,0.13905494685889663
381,1127,1508,0.13908858351357178
382,1127,1509,0.1391430532629967
382,1134,1516,0.13919211695954403
390,1120,1510,0.13924019571719964
389,1117,1506,0.13926634935790083
388,1108,1496,0.1392943162696987
384,1135,1519,0.13932198738061255
386,1136,1522,0.1393564861792206
384,1138,1522,0.13938225555113448
384,1135,1519,0.13941203144583592
380,1125,1505,0.1394395683568986
385,1130,1515,0.13947597104767553
385,1129,1514,0.13949939076604775
383,1138,1521,0.1395216447504687
383,1149,1532,0.13954709801425313
384,1135,1519,0.13957011391542307
382,1141,1523,0.13958932021839704
380,1132,1512,0.13961249170096274
376,1137,1513,0.13963871114716533
378,1129,1507,0.13967315174556044
374,1133,1507,0.13969969980890634
375,1127,1502,0.1397337381046
373,1123,1496,0.13976305969236566
375,1134,1509,0.13979442836695413
379,1131,1510,0.1398168190518071
377,1139,1516,0.13982792138229316
368,1140,1508,0.1398425070453836
362,1139,1501,0.13987580621999718
362,1142,1504,0.13992096180673538
368,1139,1507,0.13996290807697484
364,1132,1496,0.13998842757851293
365,1129,1494,0.1400218252479358
363,1130,1493,0.14004938319745272
363,1125,1488,0.14008121540766102
365,1137,1502,0.14011112501327916
371,1139,1510,0.14013283337719323
369,1141,1510,0.1401393650928315
368,1142,1510,0.14014952513222897
363,1149,1512,0.14016257705909715
363,1145,1508,0.14018638516442158
359,1142,1501,0.140208259450562
369,1143,1512,0.1402381225467864
372,1144,1516,0.14024230516378774
371,1148,1519,0.1402402081844158
367,1153,1520,0.1402406839928318
363,1148,1511,0.14024909131371893
361,1152,1513,0.14026642835071412
360,1160,1520,0.140287343257791
356,1177,1533,0.14030735449007947
362,1160,1522,0.1403367775686033
360,1156,1516,0.14034970976645955
370,1157,1527,0.14036694758387788
372,1155,1527,0.1403588876175528
367,1157,1524,0.14034781930646384
366,1159,1525,0.14035032690471677
370,1142,1512,0.14035498893246012
365,1147,1512,0.1403505744684699
367,1148,1515,0.14035729136786965
365,1141,1506,0.1403581367432016
366,1140,1506,0.14036505521778087
369,1150,1519,0.14037089597043764
369,1143,1512,0.14036892239036206
368,1137,1505,0.1403664556706289
370,1149,1519,0.1403664205451771
370,1150,1520,0.14035999528079277
372,1148,1520,0.1403528948092295
370,1143,1513,0.14034146020968283
365,1157,1522,0.14033552189773374
366,1154,1520,0.14034127978714322
367,1157,1524,0.14034184630163138
366,1154,1520,0.1403397747033529
362,1140,1502,0.14034187375937543
368,1145,1513,0.14035358163640257
374,1152,1526,0.14034931290481262
373,1159,1532,0.14033062376953576
366,1154,1520,0.14031400357220844
370,1150,1520,0.14031564308251437
369,1139,1508,0.14030895768041118
368,1140,1508,0.14030431546865585
363,1140,1503,0.14030382253091322
359,1140,1499,0.14031593571759707
355,1146,1501,0.14033655951229604
358,1149,1507,0.14036655786168514
354,1154,1508,0.14038703185356685
359,1157,1516,0.1404158324278048
355,1152,1507,0.14043018999765303
348,1155,1503,0.140452951996276
357,1151,1508,0.14049057683905214
352,1159,1511,0.1405054750824174
347,1171,1518,0.14053117885160893
347,1168,1515,0.1405680138428996
346,1168,1514,0.14060266927137471
343,1163,1506,0.14063640806607408
344,1164,1508,0.14067355933473993
346,1161,1507,0.14070604496600103
347,1160,1507,0.14072982152844726
341,1164,1505,0.14075031810370828
345,1162,1507,0.14078378293529087
342,1164,1506,0.1408041646474976
349,1173,1522,0.14082913471414935
354,1170,1524,0.14083432053393122
353,1167,1520,0.14082764522743033
348,1176,1524,0.14082526200300285
351,1164,1515,0.14083521034943
350,1154,1504,0.14083615949610928
347,1154,1501,0.1408404428765731
356,1163,1519,0.14085227141848886
346,1158,1504,0.14084282927118463
349,1175,1524,0.14085842342550065
344,1167,1511,0.14086560673280732
345,1151,1496,0.14088388039696337
336,1152,1488,0.14089857595625244
345,1163,1508,0.140934634987435
348,1149,1497,0.14094530920483886
346,1152,1498,0.14094693590987373
340,1151,1491,0.14095248709258
338,1163,1501,0.14097262029793745
339,1156,1495,0.1409943475647654
341,1148,1489,0.1410144311081411
342,1157,1499,0.14102841953208567
341,1161,1502,0.14104003784986419
336,1166,1502,0.14105395046449373
335,1174,1509,0.14107977959211712
342,1170,1512,0.14110694004259072
340,1179,1519,0.1411155812942804
339,1183,1522,0.14112872222249392
339,1181,1520,0.14114370668556447
339,1184,1523,0.1411591056698513
332,1186,1518,0.14117199787994694
329,1185,1514,0.14120137479604508
333,1185,1518,0.1412358233797809
333,1188,1521,0.1412599150028108
334,1188,1522,0.14128268744918082
326,1178,1504,0.14130336393432366
325,1200,1525,0.14133770805688667
317,1200,1517,0.141372397344801
316,1195,1511,0.14142346249246177
312,1191,1503,0.14147409262310123
314,1187,1501,0.1415279197095523
309,1195,1504,0.14157379001305245
308,1197,1505,0.14162838315204515
303,1203,1506,0.14168353150288454
306,1211,1517,0.141747390690451
301,1221,1522,0.1417981217209599
293,1220,1513,0.14185746126793142
294,1221,1515,0.14193197559100842
290,1218,1508,0.1419986552595356
287,1211,1498,0.14206925694070777
287,1212,1499,0.1421423282695492
287,1218,1505,0.14221073877639825
286,1213,1499,0.1422748913863319
282,1212,1494,0.14233541959212156
284,1220,1504,0.1424026829497238
290,1228,1518,0.14246132108298656
291,1222,1513,0.14250178093697585
295,1212,1507,0.1425361634327972
294,1203,1497,0.14255631203579175
289,1204,1493,0.1425796508726505
290,1210,1500,0.14261364916508296
295,1210,1505,0.14264449139003765
287,1210,1497,0.14266086734788996
298,1217,1515,0.14269539351892693
301,1207,1508,0.1426996392244359
298,1211,1509,0.14269507231480788
290,1213,1503,0.14269836231310765
290,1214,1504,0.14272139131761696
299,1202,1501,0.1427434567238546
296,1215,1511,0.14274402409272552
296,1206,1502,0.1427509734268247
292,1213,1505,0.14275703492309505
287,1212,1499,0.14277215540882982
282,1209,1491,0.1427984552659065
296,1227,1523,0.14283464806859947
289,1225,1514,0.14283385500393764
292,1228,1520,0.14285180407212658
291,1227,1518,0.1428622379314775
289,1223,1512,0.14287438198050106
290,1221,1511,0.14289094418764248
289,1215,1504,0.1429039355317211
279,1221,1500,0.14291722164387138
283,1216,1499,0.14295344644047614
287,1202,1489,0.14297874560083607
281,1197,1478,0.14299218402350491
283,1208,1491,0.14301871283368256
287,1216,1503,0.14303758050704007
285,1206,1491,0.14304564810469728
284,1221,1505,0.14305705778468564
285,1234,1519,0.14307100088721594
290,1229,1519,0.14308156493066082
290,1229,1519,0.14307796909333448
288,1233,1521,0.14307757456512402
278,1219,1497,0.1430831867813115
276,1223,1499,0.14311415934812413
276,1223,1499,0.14314751890372396
278,1238,1516,0.14317867190593664
272,1226,1498,0.1432045524156498
269,1228,1497,0.1432430508876192
275,1229,1504,0.14328752041897863
267,1237,1504,0.14331517215412634
261,1246,1507,0.14336157708716005
257,1257,1514,0.14341864781774535
260,1249,1509,0.14348154063791133
256,1255,1511,0.14353255533828907
256,1250,1506,0.14358992715322544
262,1243,1505,0.14364492102446552
261,1235,1496,0.1436816217579847
260,1244,1504,0.14371750238137893
264,1248,1512,0.14375186292677122
263,1251,1514,0.14377362515259004
263,1249,1512,0.1437953905932135
259,1249,1508,0.14381553972833605
262,1253,1515,0.1438451152811977
260,1253,1513,0.1438669830770405
257,1244,1501,0.14389324513402907
257,1241,1498,0.14392473937890027
261,1242,1503,0.14395364182047135
263,1244,1507,0.14397028430579492
266,1255,1521,0.14398112837290508
267,1249,1516,0.14398215311541854
263,1251,1514,0.14398226780473142
264,1263,1527,0.14399279407540214
260,1268,1528,0.14400017089271208
260,1260,1520,0.14401889372836277
258,1263,1521,0.14403486626412954
259,1261,1520,0.14405473207073663
254,1252,1506,0.14406939557809093
260,1256,1516,0.1440954796373607
258,1257,1515,0.1441045683884727
259,1262,1521,0.14411777422671984
256,1267,1523,0.14412872274758712
252,1259,1511,0.1441461876635865
250,1263,1513,0.14417249570273577
252,1258,1510,0.1442025071346406
254,1255,1509,0.14422481786530103
255,1263,1518,0.14423850951758932
250,1268,1518,0.14424980422768172
250,1278,1528,0.14427355435012917
253,1266,1519,0.14429616956117333
255,1262,1517,0.1443091218058947
252,1246,1498,0.14431600343026693
250,1260,1510,0.14432897378122664
259,1259,1518,0.144345719860694
256,1261,1517,0.14433882874741563
253,1253,1506,0.14434058304456662
250,1250,1500,0.14434993863127568
247,1255,1502,0.14436465609983773
250,1254,1504,0.1443869207785065
249,1251,1500,0.14440059833699126
250,1238,1488,0.1444162084874726
246,1253,1499,0.14442990305929684
247,1265,1512,0.1444532247701295
249,1258,1507,0.14447183663145163
241,1258,1499,0.1444837125139101
235,1262,1497,0.14451349455284115
238,1262,1500,0.144555568808372
240,1268,1508,0.14458900807955755
239,1275,1514,0.1446134913313746
242,1264,1506,0.14464023856156114
244,1278,1522,0.14465847654251715
240,1269,1509,0.1446715256733913
242,1279,1521,0.1446904130226542
239,1273,1512,0.14470458786984175
240,1285,1525,0.14472651929756083
234,1291,1525,0.1447453937514045
226,1278,1504,0.14477664236809773
223,1269,1492,0.1448256005942822
226,1277,1503,0.1448791808344863
230,1280,1510,0.14492176015960176
234,1294,1528,0.14495202312992445
228,1292,1520,0.14496870217753646
229,1293,1522,0.14499950215766028
227,1290,1517,0.14502700382248895
226,1298,1524,0.14505721463470106
217,1288,1505,0.14508981992484535
218,1294,1512,0.14514258967327678
213,1307,1520,0.14519129929496322
210,1297,1507,0.14524940864355057
214,1304,1518,0.14531120085330979
209,1309,1518,0.14535875380112104
206,1307,1513,0.14541599872527422
203,1309,1512,0.14547589417804685
209,1309,1518,0.1455389703948231
207,1310,1517,0.1455824134514793
203,1311,1514,0.14562742547812707
202,1320,1522,0.1456785484388955
209,1331,1540,0.14572879861173132
205,1331,1536,0.14575778076220347
203,1319,1522,0.14579463604276344
202,1315,1517,0.14583153439623073
201,1314,1515,0.1458682292015473
203,1311,1514,0.14590618728438975
201,1298,1499,0.1459373561139288
201,1295,1496,0.14597099844900793
203,1301,1504,0.14600237126215165
203,1302,1505,0.14602549025597988
202,1309,1511,0.14604675256538566
200,1305,1505,0.14607015840706578
197,1307,1504,0.14609585978279982
199,1312,1511,0.1461284560149394
201,1320,1521,0.14615428468382394
198,1303,1501,0.14617345290157893
198,1314,1512,0.14619821608620603
202,1316,1518,0.14622221614408001
195,1326,1521,0.1462343916295646
190,1326,1516,0.14626126128403508
191,1336,1527,0.14629889594096718
191,1325,1516,0.1463316856137923
192,1318,1510,0.1463619113661647
186,1329,1515,0.14638666084698088
186,1327,1513,0.14642402682304084
193,1316,1509,0.14645971113417855
196,1322,1518,0.14647723690774245
196,1307,1503,0.14648430403743198
202,1320,1522,0.14649044942276532
197,1326,1523,0.14648087669052676
195,1325,1520,0.14648449331619293
200,1330,1530,0.14649254250294286
198,1334,1532,0.1464877521686272
198,1324,1522,0.14648894057276482
201,1335,1536,0.1464909904086335
201,1315,1516,0.1464863627118571
195,1318,1513,0.1464824485836033
197,1317,1514,0.1464930887331354
199,1318,1517,0.1464993887407397
194,1335,1529,0.14650093363626648
190,1333,1523,0.1465141055935732
191,1331,1522,0.1465367969514343
196,1340,1536,0.14655513320034463
194,1331,1525,0.14655977645345275
193,1326,1519,0.14656778914518886
191,1332,1523,0.1465772628473148
193,1329,1522,0.1465923129179538
190,1327,1517,0.14659904865245343
192,1340,1532,0.1466124720638004
189,1350,1539,0.1466210223555283
189,1339,1528,0.14663671291226982
192,1331,1523,0.14665058436497433
194,1327,1521,0.14665573430658208
196,1336,1532,0.14665460048208448
196,1325,1521,0.1466485348548762
190,1331,1521,0.14664408008173668
186,1331,1517,0.14665428915217638
185,1324,1509,0.14667365049164308
182,1334,1516,0.14669355400335654
179,1330,1509,0.14672080444767846
178,1328,1506,0.14675539143871102
176,1319,1495,0.146790170271067
172,1323,1495,0.14682901791234546
172,1316,1488,0.14687557385597397
169,1330,1499,0.14691706411286787
171,1349,1520,0.14696345576729708
173,1347,1520,0.14700225568669706
172,1340,1512,0.1470342388336191
173,1349,1522,0.14706674240436365
175,1344,1519,0.14709570210892525
174,1330,1504,0.14711698078655908
173,1360,1533,0.14713995537463068
173,1355,1528,0.14716475958729372
171,1358,1529,0.1471870081577
169,1356,1525,0.14721361637073271
166,1360,1526,0.14724384522323533
167,1354,1521,0.14727753975612268
169,1345,1514,0.14730801462103765
170,1336,1506,0.1473305447220203
172,1344,1516,0.14734973438211635
177,1345,1522,0.14736340023237576
177,1340,1517,0.14736131238397238
173,1345,1518,0.14735988402933095
173,1348,1521,0.14737016416736481
171,1344,1515,0.14738042809561921
173,1336,1509,0.14739326603648728
172,1331,1503,0.14740160755582563
168,1353,1521,0.14741076601363176
167,1352,1519,0.14742933113369422
168,1346,1514,0.1474507503662032
170,1356,1526,0.14746864818986263
172,1346,1518,0.1474811463135581
169,1350,1519,0.14748606526420918
168,1344,1512,0.1474987796541173
169,1349,1518,0.1475139261403636
164,1338,1502,0.1475259561693836
172,1353,1525,0.14755026987053804
169,1346,1515,0.14755089229299614
170,1345,1515,0.14755957895951674
167,1349,1516,0.14756494053387428
170,1350,1520,0.14757690680867527
166,1338,1504,0.14758110387402298
164,1344,1508,0.14759423863574006
162,1345,1507,0.14761142578539715
166,1346,1512,0.1476318600800175
165,1348,1513,0.1476415551987835
170,1343,1513,0.14765191545008396
167,1342,1509,0.14764763493240013
172,1338,1510,0.14765155402971486
171,1340,1511,0.14764227086478132
167,1340,1507,0.14763733943661145
163,1339,1502,0.14764061768690273
164,1339,1503,0.14765258163833014
163,1343,1506,0.14766148788062
167,1348,1515,0.14767355991094544
166,1353,1519,0.14767517077541534
165,1341,1506,0.1476789223136305
166,1362,1528,0.1476850891995162
164,1344,1508,0.1476880133744301
163,1352,1515,0.1476938801357424
162,1352,1514,0.14770103600703963
167,1355,1522,0.14771072313932446
165,1365,1530,0.14770683592291498
164,1353,1517,0.1477087105612204
163,1364,1527,0.14771205580835473
161,1364,1525,0.14771884750316275
160,1379,1539,0.14773144589758538
161,1372,1533,0.1477478684875716
159,1365,1524,0.14775965194843707
161,1359,1520,0.14777452413922265
161,1363,1524,0.14778404192613434
157,1356,1513,0.14779285620387722
157,1354,1511,0.14781060936993837
150,1346,1496,0.14782707117644153
147,1351,1498,0.14785923204487855
152,1357,1509,0.14789615776637938
158,1356,1514,0.14791769903022797
155,1358,1513,0.14792337146730805
154,1359,1513,0.147936114809022
152,1367,1519,0.1479507478324906
151,1365,1516,0.14796971825911678
147,1364,1511,0.14799142086521314
144,1368,1512,0.1480220050081665
143,1366,1509,0.14805684535671737
146,1372,1518,0.14809289793460523
143,1385,1528,0.14811993515199082
145,1373,1518,0.14815256650242117
146,1377,1523,0.14817679015611976
148,1373,1521,0.14819730752545832
145,1378,1523,0.14821115564233922
145,1376,1521,0.1482314334123689
145,1354,1499,0.1482505703228404
144,1353,1497,0.1482694021437498
143,1359,1502,0.14828970679726416
146,1362,1508,0.14831115224947206
148,1362,1510,0.14832335342304684
145,1365,1510,0.1483301771514418
147,1365,1512,0.1483429853732285
150,1371,1521,0.14835040153167467
148,1374,1522,0.14834877986877598
147,1369,1516,0.14835271087028315
146,1376,1522,0.14835842874714447
148,1363,1511,0.14836748376192546
148,1362,1510,0.14837082007740438
147,1360,1507,0.1483726155695508
146,1354,1500,0.14837587899913549
142,1358,1500,0.1483821183295685
143,1369,1512,0.14839847531266803
139,1377,1516,0.14841018824206442
134,1385,1519,0.14842996356855914
138,1362,1500,0.1484609053881546
136,1368,1504,0.14848039122824272
131,1373,1504,0.14850413941198634
127,1370,1497,0.14853776962702367
129,1375,1504,0.14857947288686496
130,1386,1516,0.14861286878755442
129,1389,1518,0.14864238229729312
125,1386,1511,0.14867316686071952
128,1388,1516,0.14871199282724304
125,1399,1524,0.1487405552187454
124,1392,1516,0.1487744456834185
126,1404,1530,0.14880836039917986
124,1400,1524,0.14883542521603155
126,1390,1516,0.1488661147402046
126,1375,1501,0.14888997951577038
127,1382,1509,0.1489103652237131
127,1393,1520,0.1489258500176594
126,1389,1515,0.1489401018680419
129,1394,1523,0.14895389908475803
130,1384,1514,0.14895979534411236
131,1387,1518,0.14896389181297773
128,1375,1503,0.1489642342766289
125,1382,1507,0.14897114682423795
127,1378,1505,0.14898528737455827
130,1380,1510,0.14899340397176294
128,1369,1497,0.1489924740500831
127,1375,1502,0.14899724258937194
125,1381,1506,0.14900379639371925
128,1388,1516,0.1490141856816751
126,1395,1521,0.14901498576718739
125,1397,1522,0.1490212198854608
125,1406,1531,0.14903080864628557
124,1404,1528,0.14904079442901996
122,1413,1535,0.14905315783458545
120,1407,1527,0.14907134709810024
118,1398,1516,0.14909310389254016
113,1404,1517,0.14911808150842926
111,1406,1517,0.1491540635077571
109,1397,1506,0.14919239236807885
106,1396,1502,0.1492338531450288
111,1405,1516,0.14928101103392474
113,1405,1518,0.1493133454329903
108,1403,1511,0.1493380838774383
108,1413,1521,0.1493735492665424
107,1417,1524,0.14940609640879157
109,1419,1528,0.14943913696529695
107,1421,1528,0.14946341175365765
108,1426,1534,0.1494899636325329
112,1422,1534,0.14951249397066818
113,1417,1530,0.14952293307138573
114,1406,1520,0.14953060708245697
112,1415,1527,0.1495344450566161
113,1413,1526,0.14954244794241245
114,1397,1511,0.14954628195678624
112,1392,1504,0.14954734701108963
117,1408,1525,0.14955133470709048
119,1395,1514,0.14954316569447682
117,1407,1524,0.14952916559860555
118,1403,1521,0.14952201776387353
117,1407,1524,0.14951339736386832
119,1399,1518,0.14950861492263226
118,1405,1523,0.14949946468983338
117,1403,1520,0.14949411957899425
117,1399,1516,0.14949238319685823
116,1381,1497,0.14949119992495633
113,1392,1505,0.1494942070404625
114,1387,1501,0.14950545564428178
110,1389,1499,0.1495133611076356
107,1398,1505,0.14953032897659782
108,1399,1507,0.14955455148794206
103,1400,1503,0.1495730353363326
104,1403,1507,0.14960249423438332
103,1394,1497,0.14962807248433252
104,1406,1510,0.14965427921784621
104,1413,1517,0.14967616127628397
104,1411,1515,0.14969636063084116
104,1404,1508,0.14971559456983974
102,1405,1507,0.14973196197869842
101,1413,1514,0.14975333320633177
102,1417,1519,0.14977592958288447
102,1415,1517,0.1497953057200595
100,1420,1520,0.14981322391484742
100,1419,1519,0.1498353427519873
99,1405,1504,0.14985647534609284
96,1412,1508,0.14987870181162577
96,1417,1513,0.149907246191035
96,1425,1521,0.14993425405969762
95,1425,1520,0.14995866924036727
92,1425,1517,0.14998421818392838
94,1420,1514,0.15001580911509976
95,1418,1513,0.15003991971949088
96,1412,1508,0.15005890108853934
98,1409,1507,0.15007453361245837
96,1415,1511,0.1500837309772626
94,1400,1494,0.15009706838888529
98,1391,1489,0.15011529489759481
96,1412,1508,0.1501208169650921
95,1411,1506,0.1501314874312006
95,1425,1520,0.15014355292331724
95,1420,1515,0.15015501081842633
96,1429,1525,0.15016527602866975
96,1416,1512,0.15017211567495142
94,1423,1517,0.15017929500008476
94,1421,1515,0.15019106463863643
94,1416,1510,0.150201948686712
91,1414,1505,0.15021143191874287
95,1413,1508,0.15022760249802286
93,1420,1513,0.15023330690138598
92,1410,1502,0.15024513971330034
91,1412,1503,0.1502591765154401
90,1410,1500,0.15027466937688505
93,1402,1495,0.15029204678747413
94,1417,1511,0.15029874152897196
94,1425,1519,0.15030260421895844
91,1414,1505,0.15030680299467028
93,1411,1504,0.15031759839539657
96,1409,1505,0.150322477888123
98,1402,1500,0.15031957042601982
96,1410,1506,0.15031198165224477
94,1428,1522,0.15031019712186203
97,1430,1527,0.15031442836569217
98,1427,1525,0.15031030436152207
96,1431,1527,0.15030373869142996
94,1435,1529,0.15030251936284647
90,1443,1533,0.15030701400009636
90,1440,1530,0.1503218884660921
90,1437,1527,0.1503360888534366
89,1435,1524,0.15035030473855765
90,1446,1536,0.15036649989218545
90,1427,1517,0.1503787670270258
90,1425,1515,0.1503906088850386
91,1422,1513,0.15040252455188882
92,1428,1520,0.15041187535518472
89,1428,1517,0.15041822131704577
87,1424,1511,0.15043136280116126
88,1432,1520,0.15044874145201395
87,1441,1528,0.15046200424780745
86,1443,1529,0.15047704808972065
85,1456,1541,0.15049420659615945
86,1447,1533,0.1505130030805556
86,1440,1526,0.15052809838852757
85,1428,1513,0.15054265017319543
81,1428,1509,0.1505592942089705
82,1423,1505,0.15058474854695966
83,1441,1524,0.15060581827202546
81,1433,1514,0.15062377781356623
77,1444,1521,0.1506438301211649
77,1442,1519,0.15067187207076635
74,1436,1510,0.15069789653209315
73,1432,1505,0.15072926975303375
70,1452,1522,0.15076159950589946
68,1447,1515,0.15079933410167437
66,1444,1510,0.15083893139482987
67,1452,1519,0.15088107588053998
68,1440,1508,0.1509180042791355
67,1435,1502,0.15095040312091956
70,1440,1510,0.15098173117945035
71,1455,1526,0.1510022217143031
71,1433,1504,0.15101919524442284
71,1428,1499,0.15103555684904305
73,1434,1507,0.1510516932900861
74,1429,1503,0.1510612098706549
72,1436,1508,0.15106805352881447
72,1446,1518,0.1510802848787799
74,1456,1530,0.15109180172049133
71,1458,1529,0.1510963361423668
73,1467,1540,0.15110797853799252
73,1453,1526,0.15111412296090043
73,1452,1525,0.15111935384432637
74,1443,1517,0.1511244202572487
72,1457,1529,0.15112670848816212
72,1448,1520,0.15113458175051858
75,1439,1514,0.15114061577157223
75,1439,1514,0.15113853209186506
74,1451,1525,0.15113690070027352
71,1454,1525,0.15113856336002168
74,1450,1524,0.1511481544147995
75,1447,1522,0.15114849614926174
74,1447,1521,0.1511457511856902
75,1450,1525,0.15114651242545768
74,1439,1513,0.1511445371148215
74,1448,1522,0.15114554112465461
75,1453,1528,0.15114708607247396
70,1445,1515,0.15114607730407695
70,1442,1512,0.15115838400377934
71,1445,1516,0.15117052063933933
71,1458,1529,0.15117880706611614
70,1455,1525,0.1511856632160927
67,1444,1511,0.15119511290657636
68,1444,1512,0.1512100757626269
68,1447,1515,0.15122251107968998
70,1444,1514,0.1512349235505826
69,1449,1518,0.1512414323399242
71,1454,1525,0.15125022461377843
71,1457,1528,0.15125266324206407
69,1457,1526,0.15125543177236517
68,1451,1519,0.15126329140646122
68,1453,1521,0.15127365317980102
68,1443,1511,0.15128387374733834
67,1443,1510,0.15129284934524445
69,1441,1510,0.1513041539820054
70,1420,1490,0.15130835805183362
73,1422,1495,0.15130891181560283
72,1429,1501,0.15130052789683002
73,1438,1511,0.15129684759285988
71,1445,1516,0.15129022436465764
71,1448,1519,0.1512896995099618
72,1437,1509,0.15128817086286303
71,1452,1523,0.15128502227647128
71,1456,1527,0.15128531663339748
69,1454,1523,0.15128609549533908
70,1451,1521,0.15129176837996117
71,1456,1527,0.15129366810143247
69,1441,1510,0.1512931400464577
71,1444,1515,0.15129801478103538
72,1448,1520,0.1512970174760789
74,1446,1520,0.1512938848053555
73,1453,1526,0.15128607233641397
74,1454,1528,0.15127953116249349
71,1452,1523,0.15127200787110318
71,1456,1527,0.1512730226228531
71,1447,1518,0.1512746556254186
69,1447,1516,0.15127630534225495
69,1454,1523,0.15128321198262334
68,1461,1529,0.15128968013108224
64,1450,1514,0.15129790701139356
66,1456,1522,0.1513156620673968
68,1452,1520,0.15132582623126908
73,1446,1519,0.1513310988510419
70,1433,1503,0.15132177493964863
65,1433,1498,0.151321411222005
65,1447,1512,0.15133382670334863
66,1451,1517,0.1513465943525051
68,1457,1525,0.15135613462752498
67,1456,1523,0.15136016542897493
66,1463,1529,0.15136595979523892
66,1444,1510,0.1513745940741643
64,1459,1523,0.15138249858177724
66,1456,1522,0.15139445883292257
66,1457,1523,0.1514007644071268
66,1466,1532,0.151404495637261
64,1460,1524,0.15140851731837351
65,1455,1520,0.15141695513473988
65,1450,1515,0.15142337301467054
65,1456,1521,0.15142850506960953
65,1451,1516,0.15143487336613032
64,1435,1499,0.15144109848527068
67,1460,1527,0.15144987318917358
66,1450,1516,0.15144939431371282
67,1451,1518,0.15145255091591128
68,1462,1530,0.1514529628937195
69,1454,1523,0.15145115628822506
68,1454,1522,0.15144687047645067
66,1451,1517,0.1514450955971902
68,1450,1518,0.15144723594819248
66,1449,1515,0.15144444746503793
64,1446,1510,0.1514473506592352
66,1454,1520,0.15145552618974698
64,1460,1524,0.15145764224058836
66,1464,1530,0.1514656980610457
64,1467,1531,0.1514680064532619
65,1458,1523,0.151475806329502
65,1445,1510,0.1514805495692814
63,1445,1508,0.1514835330033587
61,1440,1501,0.15149152947525896
62,1447,1509,0.1515037492115798
63,1455,1518,0.15151248208499676
62,1458,1520,0.15151840725447308
64,1451,1515,0.1515268932845676
66,1459,1525,0.15152856336928877
65,1452,1517,0.15152487626894523
63,1449,1512,0.15152481055403985
64,1445,1509,0.15153017202512184
62,1456,1518,0.15153207277102748
60,1467,1527,0.15153969221582092
59,1463,1522,0.15155174276796918
59,1464,1523,0.15156619313801223
56,1486,1542,0.15158034026930323
57,1477,1534,0.15160145670641736
57,1461,1518,0.1516177553637865
55,1449,1504,0.1516326269224354
52,1453,1505,0.1516513647630156
51,1445,1496,0.1516764990984834
52,1454,1506,0.15170321221364408
52,1456,1508,0.15172567435612064
52,1456,1508,0.15174711641188046
51,1466,1517,0.1517669815663362
50,1458,1508,0.15178836688749386
56,1461,1517,0.15181051578429042
55,1470,1525,0.15181370823908177
52,1471,1523,0.15181912144332788
53,1468,1521,0.15183234266831908
53,1462,1515,0.15184229058371806
55,1467,1522,0.15185154754610505
56,1464,1520,0.1518553370743864
55,1462,1517,0.15185649645390817
54,1472,1526,0.151859837626822
54,1469,1523,0.1518660518815652
51,1460,1511,0.15187258053564068
51,1462,1513,0.15188682585287394
51,1451,1502,0.1518998406836155
51,1456,1507,0.15191213939513745
48,1457,1505,0.15192334282233022
46,1441,1487,0.15194158205916927
48,1449,1497,0.15196433485201086
48,1457,1505,0.15198032072530354
51,1463,1514,0.15199497393392966
51,1467,1518,0.15200059412313702
49,1470,1519,0.15200646618970987
52,1467,1519,0.1520163345522792
53,1466,1519,0.15201754148286428
53,1462,1515,0.1520155298035192
53,1439,1492,0.1520144434002654
51,1436,1487,0.1520126251347604
53,1452,1505,0.15201652166037738
52,1442,1494,0.15201473160781118
53,1452,1505,0.15201540085737197
51,1461,1512,0.15201360552598955
52,1469,1521,0.15201782937083766
51,1475,1526,0.152019825218131
51,1478,1529,0.15202460330409764
50,1481,1531,0.15202962521616917
48,1486,1534,0.15203722789928073
48,1478,1526,0.15204883729742946
49,1477,1526,0.15206008694816878
48,1462,1510,0.1520682050523779
47,1464,1511,0.1520785550618899
44,1463,1507,0.152090178776411
46,1463,1509,0.1521084566109652
46,1468,1514,0.15211976776530964
44,1470,1514,0.15213015776809624
45,1476,1521,0.15214526692157748
46,1467,1513,0.15215682501923433
45,1471,1516,0.15216551208711931
44,1469,1513,0.15217623003613678
48,1473,1521,0.1521884447453786
50,1463,1513,0.15218804739604708
51,1469,1520,0.15218209784382342
49,1465,1514,0.15217491224238047
51,1463,1514,0.15217270338260902
51,1464,1515,0.15216495682837092
50,1475,1525,0.1521585741233192
52,1482,1534,0.15215561745245545
53,1479,1532,0.15214709412928795
52,1467,1519,0.1521372791402092
53,1465,1518,0.15213017937691636
52,1465,1517,0.15212106410506832
52,1456,1508,0.15211556037110177
54,1464,1518,0.15211130222519034
55,1460,1515,0.15210149941756332
53,1455,1508,0.15208958573262676
54,1458,1512,0.1520839234955095
56,1449,1505,0.15207605415068348
58,1450,1508,0.1520632320540761
59,1438,1497,0.1520459757474227
58,1442,1500,0.15202674301011193
55,1451,1506,0.1520112001954166
58,1454,1512,0.1520046252038458
58,1451,1509,0.1519905227462882
58,1448,1506,0.15197803023957326
57,1456,1513,0.15196711917222305
56,1455,1511,0.1519599919284348
57,1452,1509,0.15195636097150472
56,1459,1515,0.1519499999970008
57,1464,1521,0.15194676187248285
56,1462,1518,0.1519411366460759
55,1472,1527,0.15193755259218064
54,1460,1514,0.1519367518831584
53,1459,1512,0.1519390387969517
52,1471,1523,0.15194431543914083
52,1460,1512,0.15195201051773757
52,1455,1507,0.15195928281007648
51,1460,1511,0.15196591654288089
49,1469,1518,0.15197532368553987
49,1466,1515,0.15198811558504943
48,1452,1500,0.15200025322272911
48,1449,1497,0.15201450508962772
49,1450,1499,0.15202682726592123
47,1460,1507,0.1520354241291871
47,1454,1501,0.15204888233121594
48,1466,1514,0.15206130066528661
46,1458,1504,0.15206967306047578
45,1449,1494,0.15208352911760645
44,1464,1508,0.15209871291474064
40,1474,1514,0.15211590479964504
42,1484,1526,0.1521422954500933
43,1480,1523,0.15216195670840274
43,1482,1525,0.15217721141943805
42,1473,1515,0.1521920662991957
42,1458,1500,0.15220887942171368
43,1466,1509,0.15222481557242523
42,1472,1514,0.15223775296227346
39,1488,1527,0.15225252894153463
41,1480,1521,0.15227373544342243
40,1473,1513,0.15228921876226986
44,1477,1521,0.15230639097885917
45,1475,1520,0.15230933378866116
44,1466,1510,0.15230969960767363
45,1470,1515,0.15231280212553586
44,1472,1516,0.15231306217550247
45,1475,1520,0.15231672610287134
44,1473,1517,0.15231685401075357
46,1470,1516,0.1523198329080064
44,1459,1503,0.15231774673968113
45,1464,1509,0.15232118135591108
44,1465,1509,0.1523220340320332
42,1467,1509,0.15232528268552648
39,1473,1512,0.1523334432204161
40,1470,1510,0.15234827278626045
37,1471,1508,0.1523594796576494
39,1465,1504,0.15237690275812427
39,1466,1505,0.152387308253446
43,1462,1505,0.15239768284239996
44,1476,1520,0.15239660496408894
45,1465,1510,0.152392366719865
44,1460,1504,0.1523868896530079
44,1449,1493,0.15238485059174905
46,1457,1503,0.15238359043653024
47,1455,1502,0.15237670348006563
49,1457,1506,0.15236821537971534
45,1452,1497,0.15235459360962486
44,1463,1507,0.15235188629746044
42,1470,1512,0.1523523529717833
44,1470,1514,0.15235847050039159
45,1474,1519,0.15235834082317587
45,1474,1519,0.15235620705957625
43,1461,1504,0.15235455908983553
42,1458,1500,0.1523583134764267
42,1464,1506,0.15236406475429642
43,1459,1502,0.15236916225532704
42,1461,1503,0.15237172932136356
41,1453,1494,0.15237698529528476
42,1457,1499,0.15238493619159713
42,1458,1500,0.15238854175666858
39,1462,1501,0.15239245599900691
39,1483,1522,0.15240367330188032
42,1481,1523,0.15241461495438102
42,1490,1532,0.1524156045141311
42,1485,1527,0.15241709666242179
42,1486,1528,0.15241903240501645
42,1485,1527,0.15242131421955166
42,1479,1521,0.15242385966701222
43,1466,1509,0.15242659929692665
44,1456,1500,0.15242546697227535
44,1470,1514,0.1524221091704813
44,1468,1512,0.1524193275303083
41,1464,1505,0.1524161868157741
42,1467,1509,0.15242068851352308
43,1470,1513,0.15242204393997977
42,1483,1525,0.15241955778725308
40,1480,1520,0.15241999415914495
38,1479,1517,0.1524254093473344
40,1487,1527,0.15243573725875836
40,1482,1522,0.15243891393371667
42,1472,1514,0.15244259913073635
43,1463,1506,0.15244004022002453
43,1467,1510,0.15243523157571556
42,1486,1528,0.15243095969106568
43,1491,1534,0.15242921340503876
41,1477,1518,0.1524245043495964
41,1458,1499,0.15242559891036003
41,1468,1509,0.1524273242758518
41,1471,1512,0.15242966144003614
39,1479,1518,0.1524315781132189
37,1481,1518,0.15243866742698634
38,1485,1523,0.1524506106859703
38,1474,1512,0.15245967122882922
37,1467,1504,0.1524680068346419
37,1456,1493,0.15247813702666513
39,1472,1511,0.1524880758568626
38,1472,1510,0.15249087126563732
39,1473,1512,0.15249635589453409
39,1478,1517,0.15249887200609671
36,1483,1519,0.15250219892136724
37,1482,1519,0.15251297138724387
38,1476,1514,0.15252097215154908
37,1472,1509,0.15252481100925974
36,1475,1511,0.15253053292297597
38,1491,1529,0.15253877779143926
37,1472,1509,0.15254125060569584
36,1490,1526,0.15254571048811097
35,1485,1520,0.15255303377560991
36,1478,1514,0.15256202875856167
36,1469,1505,0.15256796023678323
36,1481,1517,0.15257335379095735
38,1488,1526,0.15257826100391475
38,1487,1525,0.1525778002113465
40,1479,1519,0.15257795997898943
41,1473,1514,0.15257295311687977
41,1469,1510,0.15256513625749904
41,1471,1512,0.1525572835067608
40,1471,1511,0.1525506832081452
38,1478,1516,0.1525474354759779
40,1469,1509,0.15255011944672234
41,1469,1510,0.15254717715428454
40,1470,1510,0.15254201335437897
39,1469,1508,0.15253958883945695
39,1469,1508,0.15253974881947968
39,1478,1517,0.15254058472431864
39,1477,1516,0.15254184128037
41,1477,1518,0.15254343189583205
40,1478,1518,0.1525390012532988
38,1467,1505,0.15253744756771823
37,1469,1506,0.15254115169517696
38,1474,1512,0.15254664515309999
39,1473,1512,0.15254979124026216
42,1483,1525,0.15254979203817137
43,1488,1531,0.1525406601224782
42,1488,1530,0.15252922214287493
44,1474,1518,0.1525215587933187
42,1495,1537,0.15250967426657794
38,1477,1515,0.1525045224346983
38,1473,1511,0.15250999627772216
39,1482,1521,0.15251519459348675
39,1473,1512,0.15251740418828993
41,1476,1517,0.15252001040920263
39,1468,1507,0.1525170463185321
38,1471,1509,0.1525195306723236
34,1469,1503,0.15252469310196898
34,1474,1508,0.15253948969747325
35,1477,1512,0.1525536959152196
37,1475,1512,0.15256428151149246
37,1477,1514,0.15256958895632342
38,1474,1512,0.15257491488267072
36,1476,1512,0.15257704049187196
33,1469,1502,0.1525835936363211
34,1487,1521,0.15259727935726475
35,1489,1524,0.1526081677180797
36,1493,1529,0.15261550382683053
36,1485,1521,0.15261963739519327
35,1485,1520,0.15262315960377265
37,1488,1525,0.1526292533208642
37,1482,1519,0.15262981865535613
36,1468,1504,0.15263082850505438
33,1466,1499,0.15263458236384259
34,1475,1509,0.15264484798265182
33,1487,1520,0.15265212492232913
33,1483,1516,0.15266173223915241
32,1479,1511,0.15267098965415712
32,1475,1507,0.15268239549534093
31,1482,1513,0.15269341454017585
28,1484,1512,0.15270644438243605
27,1488,1515,0.15272622949606965
27,1486,1513,0.15274748040200944
27,1479,1506,0.1527675949042454
27,1488,1515,0.15278654961825672
27,1478,1505,0.15280448911076425
25,1484,1509,0.15282145786609733
25,1486,1511,0.15284198189315826
26,1472,1498,0.15286134495517076
26,1482,1508,0.1528764640907603
26,1493,1519,0.15289083179604737
26,1483,1509,0.15290447032470492
27,1481,1508,0.1529165858682001
28,1471,1499,0.15292482463108406
29,1475,1504,0.1529304415264874
29,1484,1513,0.15293288037917604
29,1488,1517,0.15293553089385667
29,1482,1511,0.15293744954865357
25,1471,1496,0.15293865561121225
25,1467,1492,0.152950482390283
25,1481,1506,0.15296181651574967
24,1476,1500,0.15297199183826277
25,1470,1495,0.15298455592859606
24,1476,1500,0.15299399527547178
25,1504,1529,0.15300552210021492
24,1502,1526,0.1530135158227454
24,1489,1513,0.15302385274571878
25,1504,1529,0.15303380888757925
25,1494,1519,0.15304020442352104
25,1480,1505,0.15304650142695436
24,1502,1526,0.1530518605903292
23,1489,1512,0.15305966234672952
24,1494,1518,0.15306952244473415
23,1487,1510,0.1530765783691322
20,1511,1531,0.15308577939594112
20,1499,1519,0.15310177334840808
18,1502,1520,0.1531167212976908
18,1492,1510,0.15313570691553952
16,1496,1512,0.15315367114097797
17,1491,1508,0.1531756199239659
18,1495,1513,0.15319312131619556
19,1507,1526,0.15320707563870226
19,1512,1531,0.15321762777688933
18,1519,1537,0.15322771680592134
18,1513,1531,0.15323959557634345
18,1519,1537,0.1532508843180623
17,1514,1531,0.1532615986011692
18,1497,1515,0.15327432108582428
18,1494,1512,0.1532831535086829
17,1489,1506,0.15329159816125867
16,1490,1506,0.15330186337537344
18,1484,1502,0.1533140691660481
20,1499,1519,0.15332006186913363
20,1499,1519,0.15331937328007797
20,1497,1517,0.1533191346086861
20,1511,1531,0.1533192679555618
20,1499,1519,0.15331970644675297
21,1496,1517,0.15332039277685985
20,1504,1524,0.15331814497069401
19,1501,1520,0.1533189135696854
20,1498,1518,0.15332216175421567
19,1495,1514,0.15332275437916232
18,1491,1509,0.1533259755435608
17,1490,1507,0.1533314444957557
16,1498,1514,0.15333896847488876
16,1497,1513,0.1533486410455499
17,1507,1524,0.15335786701140078
17,1509,1526,0.1533642483307717
17,1496,1513,0.1533703733514079
17,1490,1507,0.15337624142556408
17,1485,1502,0.15338185392161802
18,1494,1512,0.1533872138619433
17,1493,1510,0.15338951098669787
17,1486,1503,0.15339408015260853
17,1490,1507,0.15339849031377265
17,1491,1508,0.1534027356642939
17,1494,1511,0.15340681271298667
17,1489,1506,0.15341071989735786
16,1497,1513,0.15341445725152908
16,1486,1502,0.153420265007438
15,1495,1510,0.15342576336205144
16,1499,1515,0.15343326334019955
16,1515,1531,0.15343791712102756
16,1501,1517,0.15344214171724713
16,1496,1512,0.15344626654512272
16,1489,1505,0.1534502007677812
16,1501,1517,0.15345394812991855
16,1498,1514,0.15345751312969544
16,1497,1513,0.15346090085291317
15,1509,1524,0.15346411683176633
15,1495,1510,0.15346956500381106
15,1492,1507,0.15347470833194035
14,1483,1497,0.15347956162621096
15,1497,1512,0.15348639030051628
17,1495,1512,0.15348978168096128
17,1506,1523,0.15348699717898817
19,1502,1521,0.15348526980417188
18,1506,1524,0.1534776083379192
17,1507,1524,0.15347319902996312
17,1498,1515,0.15347168671901365
17,1511,1528,0.1534705092044824
16,1511,1527,0.15346888687741359
18,1492,1510,0.15347005441952533
18,1497,1515,0.1534664590780138
17,1482,1499,0.15346336683870837
17,1488,1505,0.15346305524596943
18,1494,1512,0.15346298083657928
18,1491,1509,0.15346062261390098
17,1483,1500,0.15345859574084159
17,1495,1512,0.1534591892067718
18,1499,1517,0.1534598758887432
20,1500,1520,0.153458189577215
19,1492,1511,0.15345047214507154
20,1481,1501,0.15344574479445364
20,1469,1489,0.1534393006337058
19,1473,1492,0.15343263507923688
20,1494,1514,0.1534289378811346
19,1501,1520,0.15342258407966772
19,1501,1520,0.1534200019955303
19,1508,1527,0.15341778071018367
19,1507,1526,0.15341587121541916
19,1503,1522,0.15341423100710996
19,1500,1519,0.15341282323623895
18,1505,1523,0.1534116159695268
18,1486,1504,0.15341229756794778
20,1484,1504,0.15341307168277526
19,1488,1507,0.15340799410947795
19,1495,1514,0.1534059920980597
19,1492,1511,0.1534043573266745
19,1489,1508,0.15340233182607899
18,1476,1494,0.15340071175041026
17,1486,1503,0.15340212838335357
17,1503,1520,0.153405949204443
17,1504,1521,0.15340968958300807
16,1502,1518,0.15341333305556407
16,1507,1523,0.1534192435759247
15,1494,1509,0.15342488368195326
17,1495,1512,0.15343268535121582
20,1493,1513,0.15343438902450562
20,1492,1512,0.15342736613084657
21,1493,1514,0.15342114799370565
21,1494,1515,0.15341243028787407
21,1487,1508,0.1534046358806947
20,1486,1506,0.15339766070400543
19,1486,1505,0.15339415884447527
19,1508,1527,0.1533933728338458
17,1499,1516,0.1533927361826566
17,1495,1512,0.15339732345103202
18,1499,1517,0.1534017500330713
17,1499,1516,0.15340287635684594
18,1509,1527,0.15340637198157364
17,1514,1531,0.15340658517794512
17,1505,1522,0.1534094744524466
16,1487,1503,0.1534123845058156
16,1494,1510,0.15341753193082824
17,1502,1519,0.1534225099660509
17,1509,1526,0.15342405144876975
16,1503,1519,0.1534249591030663
15,1519,1534,0.15342845318920847
15,1515,1530,0.15343446801883073
15,1501,1516,0.1534403165324701
15,1505,1520,0.15344598056519643
15,1514,1529,0.15345078595768422
15,1509,1524,0.15345486968787
14,1506,1520,0.15345811847788607
16,1517,1533,0.15346386519299077
15,1521,1536,0.1534646834634913
14,1513,1527,0.15346835696830197
15,1507,1522,0.1534743586099586
14,1500,1514,0.1534777906559039
14,1485,1499,0.15348350601741256
15,1486,1501,0.15348903230328725
16,1482,1498,0.15349125301409888
16,1497,1513,0.15349104084023582
16,1497,1513,0.15349105940091123
15,1505,1520,0.1534912684777843
17,1504,1521,0.15349392429043707
16,1502,1518,0.15349121044589245
16,1497,1513,0.15349125602337485
16,1491,1507,0.1534915000629056
18,1501,1519,0.1534919061337737
16,1496,1512,0.15348604572297703
16,1501,1517,0.153486073713447
16,1493,1509,0.15348633808077455
17,1499,1516,0.15348671514149298
17,1496,1513,0.15348427414928142
16,1498,1514,0.15348135700180507
16,1494,1510,0.15348129267966215
15,1491,1506,0.1534806996682337
15,1493,1508,0.1534829391343036
16,1506,1522,0.1534853304149238
16,1500,1516,0.15348538499012448
15,1501,1516,0.15348567757349332
15,1498,1513,0.15348856698866903
15,1484,1499,0.15349145738039455
15,1487,1502,0.15349432504402125
16,1505,1521,0.15349715079884332
16,1506,1522,0.1534966634128604
16,1503,1519,0.15349640933113018
18,1504,1522,0.15349560575469054
20,1503,1523,0.15348963727427697
21,1502,1523,0.15347800792816732
22,1501,1523,0.15346445236894976
22,1503,1525,0.1534490368132112
21,1496,1517,0.15343513238612796
21,1485,1506,0.1534248632010484
21,1499,1520,0.15341566055973
21,1504,1525,0.15340740597714392
21,1502,1523,0.1533993730361825
20,1500,1520,0.15339226773346748
19,1503,1522,0.15338865914711097
20,1505,1525,0.15338796719556982
21,1511,1532,0.1533845231857894
21,1509,1530,0.15337835538048472
19,1508,1527,0.1533729252463428
20,1492,1512,0.1533731718519378
21,1499,1520,0.15337130497406026
21,1497,1518,0.15336653514480159
21,1499,1520,0.15336233365177496
20,1510,1530,0.15335863200378966
20,1502,1522,0.1533577925911276
20,1492,1512,0.1533571837014375
20,1493,1513,0.15335676850501745
19,1499,1518,0.15335651530823846
20,1511,1531,0.1533587600681472
19,1492,1511,0.1533579359534502
19,1501,1520,0.15335965347098127
17,1506,1523,0.15336135766860992
17,1521,1538,0.15336769936210548
16,1522,1538,0.15337295387178365
17,1518,1535,0.15338039031371087
17,1496,1513,0.15338512102174762
15,1499,1514,0.1533897319159091
16,1498,1514,0.153399432797151
15,1495,1510,0.15340547904300803
16,1484,1500,0.1534137571863576
16,1492,1508,0.1534186704515093
17,1506,1523,0.1534234946896725
17,1504,1521,0.1534251827859414
16,1498,1514,0.1534270254736292
13,1501,1514,0.15343132588349734
14,1495,1509,0.15344295728564483
14,1489,1503,0.15345072078395097
14,1487,1501,0.15345819279411682
14,1485,1499,0.1534653637677531
14,1497,1511,0.15347141357092128
16,1504,1520,0.1534773085346453
15,1514,1529,0.15347730854713984
16,1493,1509,0.1534800167717951
18,1494,1512,0.15348014161026716
17,1496,1513,0.1534747536592399
16,1502,1518,0.15347242455243823
16,1506,1522,0.15347299936123102
15,1499,1514,0.15347379945510592
15,1497,1512,0.1534770748010541
15,1493,1508,0.15348034847774839
16,1497,1513,0.15348359380282262
16,1479,1495,0.153482999729126
17,1480,1497,0.1534827585349052
17,1484,1501,0.15347958301525788
16,1484,1500,0.15347694679417256
16,1491,1507,0.15347759469270972
15,1502,1517,0.15347841175126525
15,1501,1516,0.15348181753626572
15,1500,1515,0.1534851735987331
14,1500,1514,0.1534884628916023
15,1501,1516,0.15349408121046682
14,1491,1505,0.15349697628926182
14,1485,1499,0.1535021120803191
14,1504,1518,0.15350702327264368
14,1491,1505,0.15351171136972816
15,1492,1507,0.15351617938715026
15,1507,1522,0.15351740938840133
15,1513,1528,0.15351870681525615
16,1514,1530,0.15352005015780126
15,1500,1515,0.15351818807627254
15,1498,1513,0.15351893069896497
17,1511,1528,0.15351980209340169
16,1512,1528,0.1535153531161039
15,1507,1522,0.1535143128312927
14,1498,1512,0.15351583104504818
15,1505,1520,0.15351983108759737
16,1507,1523,0.15352119676392376
16,1506,1522,0.153519439070749
15,1500,1515,0.1535179909858788
15,1501,1516,0.15351977850080314
16,1509,1525,0.15352153793023365
17,1485,1502,0.15352004723176993
16,1479,1495,0.1535155982720507
16,1489,1505,0.15351406618781874
16,1498,1514,0.15351284138227633
15,1500,1515,0.15351187817067566
14,1511,1525,0.1535135083114832
13,1505,1518,0.15351735120658944
13,1503,1516,0.1535234929583522
12,1508,1520,0.15352936389056993
12,1497,1509,0.15353725209931354
12,1495,1507,0.15354502780364443
12,1480,1492,0.15355237076040254
12,1480,1492,0.15355929970149862
12,1485,1497,0.15356520586453073
12,1486,1498,0.15357086689322444
12,1479,1491,0.15357628193882003
10,1478,1488,0.15358145227843742
10,1489,1499,0.15359102929088972
12,1486,1498,0.1536000814733807
12,1491,1503,0.15360336484001075
12,1490,1502,0.1536065807574915
12,1490,1502,0.15360971669400242
11,1494,1505,0.15361276293088139
10,1496,1506,0.15361820882299873
10,1504,1514,0.15362592741815884
11,1508,1519,0.15363318677962734
11,1512,1523,0.15363737508508749
11,1508,1519,0.15364053621601015
11,1507,1518,0.15364364722927948
10,1505,1515,0.15364669231206174
9,1510,1519,0.1536519063224863
9,1492,1501,0.15365939273587667
9,1511,1520,0.15366650378635988
9,1508,1517,0.1536732503785324
10,1515,1525,0.15367964438908413
10,1506,1516,0.15368254796195438
11,1499,1510,0.15368541846436437
11,1503,1514,0.15368506089145373
11,1506,1517,0.15368493314732068
11,1515,1526,0.15368499460050244
10,1511,1521,0.15368521048846467
9,1509,1518,0.15368794805683636
9,1506,1515,0.1536930618435115
9,1513,1522,0.15369797122443235
7,1520,1527,0.153702674372252
8,1517,1525,0.15371191849209104
8,1526,1534,0.15371755775034096
9,1512,1521,0.1537229963013715
9,1507,1516,0.15372568917706825
9,1514,1523,0.1537283494311949
9,1520,1529,0.15373096112695273
9,1521,1530,0.1537335116728232
8,1512,1520,0.15373599130918347
8,1490,1498,0.1537407640808326
8,1489,1497,0.15374530962950916
8,1513,1521,0.15374963231421238
9,1505,1514,0.15375373754438185
8,1498,1506,0.1537544289066365
9,1503,1512,0.15375761652544248
9,1508,1517,0.15375752579908777
9,1517,1526,0.15375763491611366
8,1523,1531,0.15375790502082756
8,1518,1526,0.15376111910955004
8,1522,1530,0.15376421416828145
7,1510,1517,0.15376718676160425
7,1502,1509,0.153772433384903
7,1515,1522,0.15377689638087003
7,1515,1522,0.15378119320162825
7,1509,1516,0.15378531966017014
6,1512,1518,0.15378927371510998
5,1516,1521,0.15379542731130483
5,1506,1511,0.15380372876113374
6,1510,1516,0.15381157394702832
6,1510,1516,0.15381583522896652
5,1502,1507,0.15381996815083565
5,1501,1506,0.15382633110234875
5,1503,1508,0.15383240700545586
5,1510,1515,0.15383819930160764
5,1508,1513,0.15384371313001918
5,1501,1506,0.15384895496869175
5,1498,1503,0.1538539323313107
5,1518,1523,0.15385865351210448
5,1508,1513,0.15386312737183144
5,1507,1512,0.1538673631589932
5,1508,1513,0.15387137036118406
5,1509,1514,0.15387515858218484
5,1503,1508,0.15387873744101674
7,1505,1512,0.15388211648969422
7,1497,1504,0.15387893026342112
7,1510,1517,0.15387615165556223
6,1521,1527,0.1538737299177773
6,1508,1514,0.15387401880689056
5,1512,1517,0.15387443565661232
6,1496,1502,0.15387771701493333
7,1497,1504,0.1538776229446952
6,1485,1491,0.15387485457557248
6,1496,1502,0.15387488084775255
6,1500,1506,0.15387507579465487
6,1490,1496,0.15387540739726607
5,1496,1501,0.15387584837507406
6,1497,1503,0.15387916460140055
5,1504,1509,0.1538795845362159
5,1510,1515,0.15388260124665035
5,1520,1525,0.1538854945802957
5,1518,1523,0.15388826345156129
4,1503,1507,0.15389090802747263
4,1500,1504,0.15389586329118599
4,1494,1498,0.15390054994754818
4,1510,1514,0.15390497914367385
3,1508,1511,0.15390916210864622
3,1515,1518,0.1539156379763459
3,1515,1518,0.1539217265842659
2,1502,1504,0.1539274503026707
2,1511,1513,0.15393527082004596
2,1498,1500,0.1539426164291563
2,1515,1517,0.15394951549917057
2,1510,1512,0.15395599477713665
2,1511,1513,0.15396207946991544
2,1502,1504,0.15396779332362034
2,1513,1515,0.15397315870035808
2,1515,1517,0.15397819665212947
2,1523,1525,0.15398292699180008
2,1522,1524,0.153987368361093
2,1527,1529,0.15399153829559073
2,1527,1529,0.15399545328676054
2,1536,1538,0.1539991288410418
2,1535,1537,0.1540025795360506
2,1530,1532,0.154005819073971
2,1519,1521,0.15400886033221464
2,1532,1534,0.15401171541143605
2,1531,1533,0.15401439568099876
2,1533,1535,0.15401691182199084
2,1532,1534,0.15401927386788902
1,1530,1531,0.1540214912429744
1,1529,1530,0.15402604274391238
1,1531,1532,0.15403031738789041
1,1518,1519,0.1540343320111403
1,1510,1511,0.1540381024278436
1,1499,1500,0.1540416434918345
1,1505,1506,0.15404496915463187
1,1511,1512,0.15404809252001084
1,1516,1517,0.15405102589531328
1,1516,1517,0.15405378083968618
1,1519,1520,0.1540563682094268
1,1516,1517,0.15405879820060395
1,1510,1511,0.15406108038911473
1,1510,1511,0.15406322376832868
1,1519,1520,0.15406523678446116
1,1511,1512,0.15406712736981135
1,1504,1505,0.15406890297399098
1,1510,1511,0.1540705705932644
1,1506,1507,0.15407213679811235
2,1500,1502,0.1540736077591257
1,1499,1500,0.15407176770346281
1,1512,1513,0.15407326074657188
1,1519,1520,0.15407466348088256
1,1519,1520,0.15407598129831632
1,1527,1528,0.15407721927984683
1,1513,1514,0.15407838221177883
1,1506,1507,0.15407947460142662
1,1513,1514,0.15408050069217158
1,1524,1525,0.15408146447788984
1,1535,1536,0.1540823697167462
1,1529,1530,0.15408321994435734
1,1521,1522,0.15408401848633344
1,1512,1513,0.15408476847020844
1,1511,1512,0.1540854728367751
1,1506,1507,0.1540861343508409
1,1495,1496,0.15408675561142465
1,1503,1504,0.15408733906141261
1,1503,1504,0.15408788699669607
1,1514,1515,0.15408840157481085
1,1506,1507,0.15408888482310087
1,1517,1518,0.15408933864642665
1,1519,1520,0.15408976483444048
1,1526,1527,0.15409016506844872
1,1514,1515,0.15409054092788235
1,1521,1522,0.15409089389639505
1,1515,1516,0.1540912253676078
1,1523,1524,0.15409153665051983
1,1521,1522,0.15409182897460266
1,1511,1512,0.15409210349459465
1,1506,1507,0.15409236129501305
1,1510,1511,0.1540926033943987
1,1512,1513,0.15409283074930857
1,1512,1513,0.15409304425807036
1,1503,1504,0.15409324476431313
1,1517,1518,0.15409343306028606
1,1527,1528,0.15409360988997847
1,1525,1526,0.15409377595205195
1,1530,1531,0.154093931902596
1,1531,1532,0.15409407835771746
1,1508,1509,0.15409421589597358
1,1505,1506,0.15409434506065753
1,1520,1521,0.15409446636194615
0,1521,1521,0.15409458027891698
