1364,35,1399,0.1357957853619758
1396,36,1432,0.13296032005329106
1403,37,1440,0.13029150915873533
1416,39,1455,0.12784732576699284
1427,39,1466,0.1255891434756137
1416,36,1452,0.12350568742974304
1424,37,1461,0.12164026239392405
1436,39,1475,0.11992059555669332
1433,40,1473,0.11832469896999116
1429,40,1469,0.1168826076307619
1431,43,1474,0.11558060713247048
1431,43,1474,0.1143908933819366
1428,46,1474,0.1133102907603898
1432,48,1480,0.1123333884814516
1422,49,1471,0.11143582630300408
1432,44,1476,0.11064412262181576
1452,46,1498,0.10990063664688708
1448,46,1494,0.10917633869101113
1440,48,1488,0.1085273471953482
1439,48,1487,0.10795616066622998
1434,49,1483,0.1074369406173622
1432,48,1480,0.10697647831422959
1450,45,1495,0.1065652206105587
1449,44,1493,0.1061501971894162
1442,45,1487,0.10577497431066346
1438,45,1483,0.10545086859472379
1433,45,1478,0.10516495571207905
1437,44,1481,0.10491444613952737
1439,44,1483,0.10467667924363189
1448,44,1492,0.10445645393415497
1448,44,1492,0.10423627876017537
1451,44,1495,0.1040352376376303
1454,42,1496,0.10384730245031414
1462,40,1502,0.10366913311000593
1451,41,1492,0.10348464458929624
1464,44,1508,0.10334042419615018
1461,47,1508,0.10318108980084205
1453,49,1502,0.10304270686975162
1442,50,1492,0.10293853275011408
1438,50,1488,0.10286904397787676
1430,51,1481,0.10281658599701826
1432,49,1481,0.10278735034681424
1434,51,1485,0.10275680354737951
1431,55,1486,0.10272625673304332
1429,52,1481,0.10270479345297963
1435,52,1487,0.10268940355972286
1422,48,1470,0.10266308197254854
1417,52,1469,0.10266820803134319
1406,51,1457,0.10268262025341662
1431,53,1484,0.10272287808625964
1424,53,1477,0.10270360580068061
1422,56,1478,0.10270246955762623
1416,53,1469,0.10270805841717325
1426,54,1480,0.10272817055889374
1425,53,1478,0.10272024241855301
1441,55,1496,0.1027132943425259
1432,53,1485,0.10267176069767796
1427,53,1480,0.10265652271480773
1423,55,1478,0.10265517342434065
1417,54,1471,0.10266304497564051
1437,54,1491,0.10268022410180044
1440,55,1495,0.10264974705621997
1441,55,1496,0.10261379905011292
1442,56,1498,0.10257804226717285
1438,58,1496,0.10254457375449956
1449,56,1505,0.10252438196950596
1436,59,1495,0.10248117802835083
1420,60,1480,0.10247010381315491
1426,60,1486,0.10249625959511559
1432,59,1491,0.10250805757319263
1436,60,1496,0.10250590164447498
1435,61,1496,0.10249602054371586
1429,60,1489,0.10248917579965973
1429,58,1487,0.10249782321134054
1439,59,1498,0.10250550434198466
1430,59,1489,0.10248898356249711
1443,57,1500,0.10249526779715136
1442,58,1500,0.1024743984207437
1443,58,1501,0.10245773063305455
1439,59,1498,0.10243802115295406
1435,58,1493,0.10243009179416827
1439,60,1499,0.10242991816749301
1448,61,1509,0.10242082339119539
1434,63,1497,0.10239341186703452
1433,63,1496,0.10239955880017762
1435,62,1497,0.1024072051873188
1431,64,1495,0.10241094623824548
1435,64,1499,0.10242343706823359
1426,65,1491,0.10242679495048577
1424,67,1491,0.102450260147981
1431,69,1500,0.10247765371745741
1440,68,1508,0.1024887981632513
1435,68,1503,0.1024781995404741
1438,68,1506,0.10247969033332939
1438,70,1508,0.102473847546649
1451,71,1522,0.10246784608625772
1455,70,1525,0.10243365500895393
1449,67,1516,0.10239319468317042
1441,64,1505,0.10236909695653694
1440,69,1509,0.102363209907563
1433,69,1502,0.10236228050659153
1425,70,1495,0.1023789155103654
1433,71,1504,0.10241017162283056
1438,73,1511,0.10242119071298127
1424,75,1499,0.10242243376935516
1420,75,1495,0.10245384431040304
1416,70,1486,0.10249266577646882
1428,72,1500,0.10253785276911134
1413,73,1486,0.10255134138761825
1420,73,1493,0.10259742301913796
1438,72,1510,0.10262639720116129
1433,76,1509,0.10261131048325939
1442,79,1521,0.10261026553917844
1439,79,1518,0.10258910668590034
1423,80,1503,0.1025758181339398
1440,82,1522,0.10260118562409236
1423,82,1505,0.1025884182142042
1423,80,1503,0.10261395747178632
1422,77,1499,0.10263813688159146
1419,76,1495,0.10266061312302555
1418,80,1498,0.10268857364401178
1429,82,1511,0.10271609796432452
1425,83,1508,0.10271692285401197
1419,81,1500,0.10272783637160739
1417,83,1500,0.10275036331065637
1419,79,1498,0.10277841291877411
1415,80,1495,0.10279940916663
1409,81,1490,0.10282826616253966
1405,80,1485,0.10286546588790302
1404,79,1483,0.10290852011379722
1414,78,1492,0.10294933959374909
1422,79,1501,0.10296526922479413
1422,80,1502,0.1029622930484088
1420,80,1500,0.10296118527188357
1417,78,1495,0.10296486871907827
1420,78,1498,0.10297233792550227
1419,82,1501,0.10297336778386455
1417,88,1505,0.10297771264807062
1405,88,1493,0.10298703772635542
1409,88,1497,0.10302327614314766
1411,86,1497,0.10304835406620143
1408,87,1495,0.10306565315485183
1418,83,1501,0.10308982944550349
1413,85,1498,0.10308872180030372
1420,83,1503,0.10309887528325916
1414,78,1492,0.10309151674011535
1419,79,1498,0.10309839692356355
1423,78,1501,0.1030915949682138
1417,81,1498,0.10307736787603355
1416,82,1498,0.10307819955705998
1406,81,1487,0.10308228208717679
1397,81,1478,0.10310539828990714
1402,81,1483,0.10314441786705388
1414,83,1497,0.10317071971530821
1416,83,1499,0.1031679855137242
1420,84,1504,0.1031617405510816
1420,84,1504,0.10314734357573493
1429,85,1514,0.10313399676018786
1421,85,1506,0.10310190856346342
1410,83,1493,0.10308943957241606
1411,82,1493,0.10310198797322552
1398,80,1478,0.10311022420431033
1401,82,1483,0.10314741748049286
1407,84,1491,0.10317480337041811
1397,83,1480,0.10318858323654488
1399,86,1485,0.10322200256995845
1386,86,1472,0.10324952630386132
1398,86,1484,0.10330304172295986
1397,88,1485,0.10332601657828666
1399,91,1490,0.10335066592703146
1397,92,1489,0.1033689689573338
1392,94,1486,0.10338823232485722
1398,94,1492,0.10341712321172115
1400,93,1493,0.1034312916167676
1396,93,1489,0.10344125591816682
1400,93,1493,0.10345968186681144
1397,95,1492,0.1034680654374397
1397,95,1492,0.10348195876726773
1408,96,1504,0.10349573367264768
1407,100,1507,0.10348275541464784
1403,98,1501,0.1034724864595395
1405,99,1504,0.10347253224338843
1393,100,1493,0.10346731215068022
1392,99,1491,0.10348989658233415
1403,97,1500,0.10351148011518782
1402,96,1498,0.10350932754718718
1393,95,1488,0.10350964908266175
1396,98,1494,0.10352989143402475
1398,98,1496,0.10354099888421561
1407,102,1509,0.10354708867936091
1404,104,1508,0.10353406537888916
1405,101,1506,0.10352839614830937
1396,101,1497,0.10352217069041608
1389,103,1492,0.10353922436553177
1392,104,1496,0.10357028450917805
1386,105,1491,0.10359319699397418
1386,108,1494,0.10362886893403715
1391,110,1501,0.10366380463756396
1387,110,1497,0.10368350769250537
1382,111,1493,0.10371122190488322
1373,115,1488,0.10374863138762117
1359,115,1474,0.10380540507241331
1366,117,1483,0.10388918867037651
1371,121,1492,0.10395157249184123
1374,116,1490,0.1039981697964973
1371,115,1486,0.10403468622556417
1377,116,1493,0.10407301942329898
1378,116,1494,0.1040947247985984
1379,119,1498,0.10411209051500253
1372,119,1491,0.10412482558363045
1371,119,1490,0.10415106783086765
1366,119,1485,0.10417810066914555
1368,116,1484,0.10421353593542804
1366,121,1487,0.10424205657043714
1373,123,1496,0.10427483622925024
1371,126,1497,0.10428961263898408
1341,125,1466,0.10430959027350159
1347,121,1468,0.10439443991500101
1352,124,1476,0.10446000531372367
1349,125,1474,0.10450741577058677
1359,125,1484,0.10455755843876627
1351,129,1480,0.10458074263333153
1351,131,1482,0.104620754896564
1359,130,1489,0.10465716073629698
1359,126,1485,0.10467089714585817
1358,124,1482,0.10468419047887564
1373,124,1497,0.10469843406217538
1374,121,1495,0.10467568923061389
1375,119,1494,0.10465270432219338
1375,116,1491,0.10462707561152586
1375,115,1490,0.10460554795039151
1373,115,1488,0.10458533711982311
1386,115,1501,0.10457306214117751
1376,117,1493,0.10453188778879063
1374,120,1494,0.10451620744962657
1387,116,1503,0.10450648983703681
1377,122,1499,0.10446875515716787
1376,120,1496,0.10445716086057193
1369,122,1491,0.10444919205393405
1360,120,1480,0.10445757613279774
1364,123,1487,0.10448519515530123
1350,120,1470,0.104500980950136
1347,121,1468,0.10454666273350569
1358,118,1476,0.10459449657177665
1365,120,1485,0.10461599868970392
1372,116,1488,0.10462083293651116
1363,121,1484,0.10460652004275829
1361,124,1485,0.10461544075952212
1379,130,1509,0.10462892593326295
1371,123,1494,0.10460025413448559
1377,125,1502,0.10458828814547552
1353,129,1482,0.10456518110117621
1343,130,1473,0.10460109258442951
1353,130,1483,0.10465721751269302
1360,128,1488,0.10468778032409494
1363,127,1490,0.10469844640832932
1370,130,1500,0.10470176867508703
1383,130,1513,0.10468909161778843
1377,126,1503,0.10464836351526348
1370,129,1499,0.10462419264518179
1381,131,1512,0.10461868327626588
1356,128,1484,0.10458781296908352
1368,128,1496,0.10461784591985811
1363,128,1491,0.10461690586212308
1372,129,1501,0.10462839477161343
1376,130,1506,0.10461909364965477
1370,133,1503,0.1046025058238476
1363,133,1496,0.10460234123653776
1369,131,1500,0.104618644680292
1360,139,1499,0.10462028759589115
1353,140,1493,0.10464327476208038
1347,139,1486,0.10467916725805831
1361,137,1498,0.10472521298211902
1352,141,1493,0.10473559031309444
1348,146,1494,0.10476619941684528
1334,143,1477,0.10480295492892244
1353,146,1499,0.10486851938241648
1351,148,1499,0.10488756492575951
1347,148,1495,0.10490700946973322
1338,147,1485,0.10493452907949251
1341,148,1489,0.10498216859238806
1344,148,1492,0.10501872635380131
1352,145,1497,0.10504584876210415
1349,144,1493,0.10505164433935703
1348,143,1491,0.10506392154836167
1344,146,1490,0.10507679671783182
1333,151,1484,0.105098588235957
1320,156,1476,0.10514347023748276
1321,159,1480,0.1052150268654787
1327,160,1487,0.10528127805360782
1320,156,1476,0.10532992873756328
1323,163,1486,0.10539112399912692
1331,164,1495,0.10544373853378267
1315,164,1479,0.10547503648198626
1316,163,1479,0.10553698270366435
1324,164,1488,0.10559439180901702
1323,162,1485,0.10562932699895715
1331,167,1498,0.10566219526317829
1333,167,1500,0.10567480611868174
1330,168,1498,0.105679318988641
1331,169,1500,0.10569064528224559
1332,166,1498,0.10569841062019475
1341,164,1505,0.10570434147163044
1350,167,1517,0.105689743540241
1328,164,1492,0.10565706287088408
1331,165,1496,0.1056780757399817
1329,171,1500,0.10569263725353024
1307,174,1481,0.10571297511441802
1319,175,1494,0.10578037837930906
1312,175,1487,0.10581805367887935
1327,178,1505,0.10586651400261606
1321,181,1502,0.1058786965429729
1311,185,1496,0.10590260488297218
1312,182,1494,0.10594731011940685
1315,183,1498,0.1059854490862146
1313,183,1496,0.10601425746717766
1304,180,1484,0.10604558456700197
1307,178,1485,0.10609340677458548
1314,176,1490,0.10613251984767375
1321,176,1497,0.10615097742052701
1315,174,1489,0.10615198337066234
1315,181,1496,0.1061680346607964
1320,181,1501,0.10618455352470622
1331,180,1511,0.10618645762253084
1328,181,1509,0.10616237239592125
1327,184,1511,0.10614625730102062
1331,191,1522,0.10613837192655944
1330,191,1521,0.1061223112241298
1327,192,1519,0.10610810074201371
1317,194,1511,0.10610388101099094
1312,194,1506,0.10612250537596868
1326,188,1514,0.10615110925460414
1310,189,1499,0.10614816986145975
1296,193,1489,0.10618110890756753
1308,192,1500,0.10624157869198037
1301,190,1491,0.10627295040152401
1297,188,1485,0.10631512092963488
1305,191,1496,0.10636305914909673
1299,193,1492,0.10638816685187119
1302,197,1499,0.10642532805395062
1279,204,1483,0.10645485028932565
1298,199,1497,0.10653292788762968
1299,198,1497,0.10656255714889218
1298,203,1501,0.10658945437509942
1302,207,1509,0.10661576334641219
1304,204,1508,0.10663163248029585
1289,202,1491,0.10664346253384532
1298,204,1502,0.10668904775959835
1300,207,1507,0.10670976076915122
1299,207,1506,0.10672434951670912
1283,206,1489,0.10673883818975667
1279,206,1485,0.10678859781772733
1281,206,1487,0.10684594845532543
1280,208,1488,0.10689309909549323
1290,211,1501,0.10693812061790102
1282,213,1495,0.10695866203531802
1281,209,1490,0.10699671715517624
1275,205,1480,0.10703419398597422
1275,209,1484,0.10708216844371689
1272,214,1486,0.10712659588959507
1267,214,1481,0.1071743413579061
1272,217,1489,0.10723189294752196
1275,218,1493,0.1072753322161855
1272,222,1494,0.10730947181453286
1271,226,1497,0.10734519904218942
1279,233,1512,0.10738214064662571
1287,235,1522,0.10740050606291422
1276,234,1510,0.10739804183410051
1268,235,1503,0.10742145702410599
1262,238,1500,0.10746306295412954
1264,241,1505,0.1075162736607572
1259,242,1501,0.10756157014479946
1252,242,1494,0.10761523273922351
1239,241,1480,0.10768209998872377
1246,241,1487,0.1077713597560567
1245,247,1492,0.10783745687568415
1247,249,1496,0.10790010096087954
1241,245,1486,0.10795274315340961
1257,247,1504,0.10801685494092564
1252,251,1503,0.10803873744996391
1239,252,1491,0.10807131578452318
1248,246,1494,0.10813152431747838
1244,249,1493,0.10816923392780212
1246,247,1493,0.10821530739134541
1240,247,1487,0.10825157002077251
1237,249,1486,0.10830180890316686
1234,242,1476,0.10835795479888038
1250,249,1499,0.10841414342398456
1245,247,1492,0.10842549477801842
1255,252,1507,0.10845002694193216
1255,257,1512,0.10844720668827498
1263,254,1517,0.10844355720432454
1267,255,1522,0.10842390789286145
1260,251,1511,0.10839700123249284
1251,249,1500,0.10838773440016972
1245,247,1492,0.10840112188275881
1242,245,1487,0.10842814999628096
1235,243,1478,0.10845755607375537
1247,244,1491,0.108498500290167
1244,249,1493,0.1085081261136979
1243,250,1493,0.10852742179132684
1246,253,1499,0.10854868409221737
1231,250,1481,0.10856130570943517
1232,258,1490,0.10860788318913
1230,260,1490,0.1086481337924905
1244,258,1502,0.10868820633564273
1239,263,1502,0.1086923145599267
1232,261,1493,0.10870924672145936
1241,265,1506,0.1087401682865077
1245,260,1505,0.10874613225550168
1232,267,1499,0.1087470056439674
1237,267,1504,0.10877578503917644
1238,268,1506,0.10879271027084052
1245,264,1509,0.10880693353921324
1243,260,1503,0.10880424111315451
1232,264,1496,0.10880667111998467
1237,263,1500,0.10883613755740719
1240,262,1502,0.10885128761285466
1238,267,1505,0.10885626631741163
1245,268,1513,0.10886764107265057
1233,269,1502,0.10886054501920814
1228,272,1500,0.10888132941115253
1220,272,1492,0.1089130605545608
1220,277,1497,0.10896471490540385
1223,275,1498,0.1090105702565483
1223,272,1495,0.10904749128854142
1228,268,1496,0.10908051710411527
1236,271,1507,0.1090989652884058
1220,273,1493,0.10909886002067072
1234,272,1506,0.10913156986535878
1235,269,1504,0.10912987723197848
1230,268,1498,0.1091246289955862
1219,261,1480,0.10913222937930979
1233,268,1501,0.10916248146012496
1231,271,1502,0.10915770625110476
1229,272,1501,0.10915848712597104
1234,271,1505,0.10916720822801006
1231,268,1499,0.10916630224877527
1228,264,1492,0.10917126746378644
1239,266,1505,0.10918416236950523
1228,273,1501,0.1091702388734128
1221,277,1498,0.10918044429192934
1231,281,1512,0.10920475808738862
1222,276,1498,0.10920592206769736
1214,271,1485,0.1092293031078924
1224,272,1496,0.10926908952084595
1210,268,1478,0.1092849754408249
1218,267,1485,0.10932730911947598
1220,266,1486,0.10934999566980182
1232,259,1491,0.10936324103978752
1233,266,1499,0.10934905150831949
1230,266,1496,0.10933121304041879
1229,265,1494,0.10931868478667328
1237,268,1505,0.10930849141642807
1242,265,1507,0.1092805583916086
1244,262,1506,0.10924271213044844
1251,264,1515,0.10920076444302353
1254,259,1513,0.10914761200212415
1241,251,1492,0.10909457879183383
1234,253,1487,0.10907752875429047
1243,263,1506,0.10907971571086601
1244,267,1511,0.1090607664567054
1231,272,1503,0.10904358780811925
1227,269,1496,0.10905610310039789
1238,264,1502,0.10907848398065155
1233,265,1498,0.10907288339688025
1214,263,1477,0.10907988668062746
1223,264,1487,0.10912773397315201
1217,259,1476,0.10915276820809876
1235,263,1498,0.10918982168430677
1228,271,1499,0.10918067758457405
1233,273,1506,0.1091872636761945
1230,270,1500,0.10918449054106
1231,275,1506,0.10919125181040108
1232,272,1504,0.10919689927791461
1231,266,1497,0.10919784160246727
1230,265,1495,0.10920047063912364
1215,269,1484,0.10920524192271923
1218,273,1491,0.10924441347876612
1223,275,1498,0.10927431526467343
1212,279,1491,0.10929000487318725
1218,272,1490,0.10933150302692649
1212,275,1487,0.10935612861470659
1218,278,1496,0.10939157735916458
1224,275,1499,0.1094104324416538
1218,271,1489,0.10941503530152058
1209,276,1485,0.10943237289923115
1201,283,1484,0.10946929387660052
1204,285,1489,0.10951988415411654
1210,283,1493,0.10956285485933373
1215,283,1498,0.10958885798381386
1214,279,1493,0.10960135586710326
1204,275,1479,0.10961631293614627
1205,284,1489,0.1096542494829993
1203,289,1492,0.10968605468089862
1208,290,1498,0.10971936026691503
1207,300,1507,0.10973988563822785
1197,296,1493,0.10976215120637241
1204,289,1493,0.10981021807271799
1202,298,1500,0.10983828538290664
1202,298,1500,0.10986584941519492
1207,300,1507,0.10989006280990452
1206,301,1507,0.10990266843808666
1206,306,1512,0.10991683745097194
1188,309,1497,0.10993186516474289
1186,324,1510,0.1099894011565544
1181,326,1507,0.11004752052663576
1177,328,1505,0.11011537859242469
1175,325,1500,0.11018467668360873
1185,319,1504,0.11025473875892498
1183,313,1496,0.11029701781920441
1184,314,1498,0.11034000453204379
1187,314,1501,0.11037738850448062
1175,313,1488,0.11040605085639299
1185,311,1496,0.11046062658361654
1190,310,1500,0.11048538422807376
1190,310,1500,0.11049930219143368
1190,312,1502,0.11051115802201067
1196,312,1508,0.11051642198765606
1188,317,1505,0.1105104452720483
1182,317,1499,0.11052636525750432
1177,314,1491,0.11055490156970521
1176,320,1496,0.11059344160885023
1179,324,1503,0.11063095489992505
1173,327,1500,0.11066121788741519
1173,327,1500,0.11070249419201549
1173,333,1506,0.11074187783295576
1169,331,1500,0.11077576078121762
1161,331,1492,0.11081803155225835
1161,327,1488,0.11087652046249043
1160,335,1495,0.11093154937082719
1160,337,1497,0.11098513040702343
1165,345,1510,0.11103430276649438
1172,346,1518,0.11106927176715764
1161,349,1510,0.1110857207735615
1169,346,1515,0.11112748638238694
1163,335,1498,0.1111482834722356
1165,328,1493,0.1111826859552712
1146,340,1486,0.11120808163053797
1157,350,1507,0.11127626668359816
1153,354,1507,0.1113157548254741
1150,352,1502,0.1113628580127428
1147,362,1509,0.11141251182234772
1156,366,1522,0.1114672907314602
1142,367,1509,0.11149926849072439
1131,371,1502,0.11155832526747375
1132,374,1506,0.11164017937810185
1130,376,1506,0.11171639077925725
1144,376,1520,0.11179028512902893
1146,376,1522,0.11182838143911811
1129,373,1502,0.11185749295062707
1124,379,1503,0.11192481784234104
1115,381,1496,0.11199984077040956
1116,383,1499,0.112091480950487
1122,388,1510,0.11217592935868222
1123,385,1508,0.11224095077587201
1123,382,1505,0.11229746477023667
1131,384,1515,0.11234986206876484
1124,389,1513,0.11238250595461816
1115,385,1500,0.1124285669932036
1130,390,1520,0.11249180844347727
1130,384,1514,0.11251841339865605
1122,389,1511,0.11254046099629005
1112,393,1505,0.11257947768922254
1111,389,1500,0.11263815902020018
1109,382,1491,0.11269202287153586
1111,389,1500,0.11274560159969237
1111,395,1506,0.11279021787357348
1111,398,1509,0.11283410655199105
1103,403,1506,0.11287707936254371
1093,393,1486,0.11293749696382345
1092,402,1494,0.11301605837740648
1089,396,1485,0.11309381920393802
1096,400,1496,0.11316911959231118
1105,403,1508,0.1132208855956037
1091,403,1494,0.11324622042735978
1093,398,1491,0.11330559289194879
1096,397,1493,0.11335419498583629
1102,393,1495,0.1133916908891328
1090,406,1496,0.11341449701324383
1096,409,1505,0.11346449862612727
1086,414,1500,0.11349926746948558
1083,416,1499,0.11355157747190678
1089,416,1505,0.11360996694997319
1094,415,1509,0.11364964451818374
1097,420,1517,0.11367477802278389
1087,421,1508,0.11369225806333823
1090,416,1506,0.11372997235681367
1086,413,1499,0.11375861932498303
1090,405,1495,0.1137951494148704
1098,403,1501,0.11381837011873826
1105,408,1513,0.11381979757862316
1097,413,1510,0.11380549280042032
1094,414,1508,0.113813165117994
1096,413,1509,0.11382711832862842
1087,413,1500,0.11383667790822137
1077,415,1492,0.11386716056724042
1075,418,1493,0.11392001436005791
1075,408,1483,0.11397634777335795
1068,416,1484,0.1140288028503078
1073,414,1487,0.11409290511973716
1071,409,1480,0.11413819244612017
1067,422,1489,0.11418467782767099
1065,425,1490,0.11423919858944467
1073,430,1503,0.11429620216917181
1058,426,1484,0.11432820567444885
1073,421,1494,0.11439390204245349
1068,422,1490,0.11441866883268904
1077,426,1503,0.1144527012139071
1073,433,1506,0.11446222864995377
1067,434,1501,0.11447978828966007
1061,437,1498,0.11451088791098289
1058,440,1498,0.11455259067577568
1052,444,1496,0.11459944292495802
1047,440,1487,0.11465720055246642
1044,442,1486,0.11472310248654441
1040,445,1485,0.11479253194087916
1042,452,1494,0.11486814721628098
1048,455,1503,0.11493460640330097
1041,457,1498,0.11498488646358282
1034,461,1495,0.11504688614859253
1049,460,1509,0.11512162133197218
1048,457,1505,0.1151579409585042
1051,458,1509,0.11519142346715361
1038,464,1502,0.11521800846845309
1046,460,1506,0.11526992096818856
1048,462,1510,0.11529833555455633
1041,466,1507,0.1153199928705692
1042,458,1500,0.1153561649595213
1039,454,1493,0.1153885787155569
1033,452,1485,0.11542450015359432
1024,456,1480,0.11547217887944758
1024,449,1473,0.11553688342603148
1028,453,1481,0.11559489844406663
1024,461,1485,0.11563955891092827
1031,465,1496,0.11569092641745712
1027,467,1494,0.1157254490933001
1034,473,1507,0.11576740424321506
1028,474,1502,0.11579120383140452
1025,473,1498,0.11582837675390037
1022,476,1498,0.11586785738292882
1031,475,1506,0.11591409623355547
1045,477,1522,0.11594013800516478
1040,472,1512,0.11592740028197976
1026,471,1497,0.11592754303419514
1035,474,1509,0.11595957107670231
1032,477,1509,0.11596717007991623
1038,472,1510,0.11597918172879539
1039,467,1506,0.11597451568379194
1045,464,1509,0.11596665502640338
1040,456,1496,0.11594660981635033
1033,463,1496,0.11594208152419931
1024,471,1495,0.11595191969969798
1018,474,1492,0.1159816732232785
1013,476,1489,0.11602380107773175
1008,483,1491,0.11607524258660677
1009,479,1488,0.11613732354336595
1012,471,1483,0.11619331495802891
1016,469,1485,0.11623850865279049
1017,470,1487,0.11626975904756769
1022,481,1503,0.11629574274107725
1022,490,1512,0.11630753746730474
1032,480,1512,0.11632075085452151
1027,478,1505,0.11630815786410846
1029,480,1509,0.11630540966716704
1029,476,1505,0.11630050328607411
1020,474,1494,0.11629881983353917
1010,482,1492,0.11631906504356593
1017,480,1497,0.11636360184791089
1012,481,1493,0.11638614600779691
1017,483,1500,0.11641931256973154
1017,487,1504,0.1164381725329156
1009,487,1496,0.11645693394758014
1006,490,1496,0.11649539177276771
1013,488,1501,0.11653541011891709
1008,495,1503,0.1165521939785307
1007,500,1507,0.11658074689728054
1000,496,1496,0.11660874611155
998,500,1498,0.1166544478102958
1000,514,1514,0.11670337908985594
1005,510,1515,0.11674380001983987
1002,515,1517,0.1167687968804821
1010,503,1513,0.1167993877197475
1010,509,1519,0.11680797529589966
1011,508,1519,0.11681752947628578
1002,508,1510,0.11682583901854553
996,503,1499,0.11685205646476532
994,503,1497,0.11688755419613811
990,514,1504,0.1169276781611975
993,517,1510,0.11697718791365172
988,520,1508,0.11701659468915279
971,515,1486,0.1170629156191173
979,511,1490,0.1171460451852158
968,513,1481,0.11720797098840752
975,510,1485,0.11729070159885965
982,512,1494,0.11735113194683709
986,514,1500,0.11738908998045047
969,513,1482,0.11741340278958559
970,519,1489,0.11747478472627744
977,520,1497,0.11753050142201556
969,522,1491,0.117569131104039
968,526,1494,0.11762298976618894
969,535,1504,0.11767673814511058
959,548,1507,0.11772512579374766
960,540,1500,0.11779435948875003
961,541,1502,0.11785348434827973
948,538,1486,0.11790540762483395
955,523,1478,0.11798436965308849
962,525,1487,0.1180377105527284
957,537,1494,0.11807274426297981
959,538,1497,0.11811454275233794
953,537,1490,0.11814940597894821
947,533,1480,0.11819745696565459
950,531,1481,0.11825734186515763
952,535,1487,0.11830559855028547
956,538,1494,0.11834970473079984
957,538,1495,0.11838242929895451
945,545,1490,0.118408849261792
942,549,1491,0.11846323410241247
942,553,1495,0.11851863283432937
947,555,1502,0.11857214997277327
946,563,1509,0.11860842267298236
944,570,1514,0.11864464635096283
941,567,1508,0.1186852621460097
944,565,1509,0.11873157332763354
942,567,1509,0.11877120776506707
940,556,1496,0.11881272425307376
939,561,1500,0.11885507431092494
945,562,1507,0.11889557828209694
951,564,1515,0.1189180397398233
945,564,1509,0.11892594915686942
937,561,1498,0.11894978351155308
935,553,1488,0.11899062899362868
937,558,1495,0.11903374879066736
930,563,1493,0.1190706270064978
927,564,1491,0.11912169902436914
909,573,1482,0.11917461871710672
904,577,1481,0.1192649018783121
912,586,1498,0.11936041379608403
906,587,1493,0.11943103924570565
904,591,1495,0.11950996548692863
915,596,1511,0.11959043930970789
917,592,1509,0.1196352421927676
905,591,1496,0.11967096399236489
904,586,1490,0.11973459830724362
908,589,1497,0.1197930027444853
902,582,1484,0.1198369930723631
898,582,1480,0.11989028647603557
896,577,1473,0.11995037003234593
910,592,1502,0.12000743065505037
908,596,1504,0.1200296067559876
917,589,1506,0.1200578045744882
915,595,1510,0.12006396490925156
908,592,1500,0.12007365552266247
891,592,1483,0.12010295931177581
881,593,1474,0.12017030959895295
884,600,1484,0.12025651453187504
892,604,1496,0.12032790405069864
895,602,1497,0.12037550338085129
874,595,1469,0.12041424506512412
874,597,1471,0.12049777987738679
880,605,1485,0.12057571907638899
879,604,1483,0.12063510102346171
887,611,1498,0.1206924559991518
889,614,1503,0.12072789642590948
889,605,1494,0.12075416205052872
887,616,1503,0.12077563414469943
891,613,1504,0.12080338949245766
884,609,1493,0.12081759768475728
896,610,1506,0.12084493947137583
892,613,1505,0.12084500599425307
886,614,1500,0.12085469062454149
883,616,1499,0.12087773199125244
889,617,1506,0.12090789417771956
890,619,1509,0.12092186187618179
885,620,1505,0.1209325354467392
883,614,1497,0.12095677991694583
881,623,1504,0.12098471001044403
887,618,1505,0.12101537025566435
895,622,1517,0.12103056631676995
891,620,1511,0.1210265466789356
877,626,1503,0.12103092726926545
876,632,1508,0.12106935343920176
887,628,1515,0.12110811237737423
881,626,1507,0.12111989520478313
876,635,1511,0.12114565914950451
879,632,1511,0.12118183812263307
874,636,1510,0.12120866477707551
867,629,1496,0.12124761570055764
877,626,1503,0.12130072294367754
884,632,1516,0.12132569720314365
880,629,1509,0.12133134223435622
884,633,1517,0.12134319931156384
887,628,1515,0.12134388660832456
881,626,1507,0.12133694308900492
885,627,1512,0.12134351882403609
883,625,1508,0.12134435665775727
861,626,1487,0.12135130578640768
853,627,1480,0.12141051858478132
852,626,1478,0.1214850946558704
855,643,1498,0.1215568747645662
861,647,1508,0.121617808381929
867,642,1509,0.1216610145835136
863,642,1505,0.12168575164885333
862,645,1507,0.12171994689580029
874,641,1515,0.12175531750479482
861,644,1505,0.12176000665820279
853,640,1493,0.12179445743835843
857,647,1504,0.12184351747274605
857,635,1492,0.12188091100975225
859,638,1497,0.12191680927441244
863,637,1500,0.12194435097480202
861,640,1501,0.12195780891410056
855,628,1483,0.12197182881552905
860,629,1489,0.12199981032780688
853,631,1484,0.12201404766845297
857,634,1491,0.1220430216772829
871,639,1510,0.12206205254504188
873,637,1510,0.1220477280024241
885,636,1521,0.12202482899211528
884,636,1520,0.12197333871309698
880,638,1518,0.12192820374888524
888,637,1525,0.12189769520147159
866,637,1503,0.12185118879624574
860,637,1497,0.12186230759873413
864,641,1505,0.12188508073297152
869,640,1509,0.12189781840325128
863,646,1509,0.12189801252079434
862,643,1505,0.12191555902750864
866,645,1511,0.12193593351384646
865,649,1514,0.12194649896721894
869,646,1515,0.12195879080128993
866,656,1522,0.12196156338285194
865,660,1525,0.12197213992640218
874,665,1539,0.12198243854974639
863,655,1518,0.12197421091990641
849,654,1503,0.12199009893288014
856,641,1497,0.12203902909663909
863,643,1506,0.12206703642143112
862,643,1505,0.12207036747670695
855,646,1501,0.12207496046022516
858,657,1515,0.12209500823425098
852,661,1513,0.12210840182935014
840,662,1502,0.12213592360451388
845,655,1500,0.12219100149718692
842,660,1502,0.12223230778075952
843,659,1502,0.1222728572944855
842,672,1514,0.12230766887353862
836,666,1502,0.12234218831755873
837,663,1500,0.12239026403571582
842,656,1498,0.12243236202764343
840,643,1483,0.12245992628454572
839,652,1491,0.12249055367561511
833,661,1494,0.1225164707518756
833,658,1491,0.12255654019959224
843,668,1511,0.12259280918588028
841,667,1508,0.12260263562415018
839,667,1506,0.12261796379364749
844,662,1506,0.12263725079769713
839,671,1510,0.12264501951335252
833,661,1494,0.12266281574168936
842,659,1501,0.12269470408731036
832,660,1492,0.12270465980334422
835,663,1498,0.12273652230600743
838,666,1504,0.1227581197852788
837,670,1507,0.12277021208066125
841,666,1507,0.12278583674306397
833,655,1488,0.12278879634090853
844,660,1504,0.12281145817144125
836,668,1504,0.12280360971156803
834,667,1501,0.12281813392308394
828,667,1495,0.12283654745067782
824,668,1492,0.12286895429736448
825,681,1506,0.12290738857184647
828,683,1511,0.12294286162782822
829,678,1507,0.12297035997313056
819,663,1482,0.12299359504402586
823,670,1493,0.12303528698552534
822,674,1496,0.12306488273168519
833,669,1502,0.12309455898746795
827,675,1502,0.12309830234679651
832,676,1508,0.12311559677125533
836,662,1498,0.12311930440181952
829,666,1495,0.12311301505655554
845,669,1514,0.12312201869189739
839,668,1507,0.1230914548212824
849,658,1507,0.12307769738102202
851,663,1514,0.12303931107198336
847,656,1503,0.12299908733967178
852,666,1518,0.12297196806074172
863,660,1523,0.12293889222240666
855,668,1523,0.12288078794387892
854,659,1513,0.12284695700156663
852,664,1516,0.12281723212373975
848,663,1511,0.12279357618773556
844,665,1509,0.12278281540730625
838,665,1503,0.12278157758650352
838,672,1510,0.12279576906180222
842,665,1507,0.12280815965232876
843,671,1514,0.12281106298165262
848,674,1522,0.12281287407708119
843,674,1517,0.12280341589276901
845,675,1520,0.12280595178141837
839,671,1510,0.12280347433277662
845,664,1509,0.12281556488771887
840,668,1508,0.12281275802237403
835,665,1500,0.12282505053372102
832,665,1497,0.12284628761457811
824,667,1491,0.12287437050148832
824,674,1498,0.12291946498505273
812,685,1497,0.12296192910631447
808,689,1497,0.12302953294704257
806,683,1489,0.12310297243254631
816,684,1500,0.12317593606084663
811,687,1498,0.12321963012836068
823,682,1505,0.12327190317904826
819,684,1503,0.12328957922610329
820,689,1509,0.12331484708526819
817,686,1503,0.123336896393626
817,691,1508,0.1233648809080758
814,696,1510,0.12339006114428062
810,692,1502,0.12342020115275805
814,689,1503,0.12345733258577475
810,687,1497,0.12348173672585286
810,688,1498,0.12351663799880833
810,693,1503,0.12354858115720585
805,695,1500,0.1235795699022137
800,691,1491,0.12362130168682409
804,704,1508,0.1236727992987303
818,694,1512,0.12371007341426285
815,685,1500,0.12371139503902566
819,688,1507,0.12371897934311248
812,682,1494,0.12371392539677033
815,686,1501,0.1237245940858837
813,693,1506,0.12372762377555002
813,700,1513,0.12373771773823958
806,703,1509,0.12374667989152228
813,696,1509,0.12377312298762444
808,701,1509,0.12378013005263717
804,705,1509,0.12379916492623273
802,703,1505,0.123826391119399
802,701,1503,0.12385919955577647
802,703,1505,0.12388993764794445
801,708,1509,0.12391852503094185
797,711,1508,0.12394700610437091
802,705,1507,0.12398709093007691
801,702,1503,0.12401014842535077
802,720,1522,0.12402919498048355
803,721,1524,0.12404696228122003
800,718,1518,0.12406116575819649
801,709,1510,0.1240806981491036
801,707,1508,0.12409705412865574
795,705,1500,0.12411098476672336
796,701,1497,0.12413620485855116
793,707,1500,0.12415684300146944
795,702,1497,0.124184559173283
795,710,1505,0.12420354589383685
788,711,1499,0.12422034741459279
786,705,1491,0.12425248196442545
794,704,1498,0.1242840040959485
796,699,1495,0.12429618555592428
800,705,1505,0.1243035522351209
797,700,1497,0.12430255669286154
789,698,1487,0.12430893667991151
792,701,1493,0.12433437213345762
791,703,1494,0.12435146681567706
798,709,1507,0.12436655097790826
799,711,1510,0.1243629001828759
793,719,1512,0.12435791580119984
789,720,1509,0.12436646558850983
789,711,1500,0.12438285815732893
787,715,1502,0.12440072932655692
791,718,1509,0.12442044317715101
794,718,1512,0.12442911513488791
787,724,1511,0.12443399480002068
789,711,1500,0.12445379336238821
785,717,1502,0.12446983572505653
790,726,1516,0.12449347658078447
787,716,1503,0.12450427709861113
789,707,1496,0.12452403442195407
804,705,1509,0.12453637497806394
804,705,1509,0.12451282253572306
799,706,1505,0.12449124441878641
801,706,1507,0.12448511605422885
795,713,1508,0.124472604610615
786,720,1506,0.12447757247690663
779,719,1498,0.1245014797139567
771,733,1504,0.12454012385166022
778,725,1503,0.12459687306689077
771,720,1491,0.12463136015695919
782,733,1515,0.12468151830084315
776,735,1511,0.12470392764166247
776,733,1509,0.1247401051114164
773,739,1512,0.12477231412415879
777,738,1515,0.1248063804757265
769,739,1508,0.12483153939807824
762,739,1501,0.1248756460475975
763,746,1509,0.12493103261006883
764,733,1497,0.1249815987178876
760,724,1484,0.12502513484167513
766,729,1495,0.1250735149379736
767,723,1490,0.1251028383587722
771,728,1499,0.1251269687399797
767,731,1498,0.12513817908006142
779,724,1503,0.12515991334457088
780,721,1501,0.12515008871992736
778,732,1510,0.12513699939246506
774,731,1505,0.1251318266662106
778,735,1513,0.12513983581329952
767,731,1498,0.125136416645026
773,736,1509,0.12515777545585338
768,726,1494,0.1251638368667197
770,734,1504,0.12518288985994389
765,741,1506,0.12519611594700455
764,751,1515,0.12521768125896263
755,757,1512,0.1252417383545037
753,761,1514,0.12528711433072032
752,754,1506,0.12533544305053773
750,755,1505,0.125385901178532
753,755,1508,0.12543829413239047
750,753,1503,0.1254779404406744
759,753,1512,0.1255198772016998
758,760,1518,0.1255387143329936
758,750,1508,0.12555702745305958
750,748,1498,0.12557251172485415
751,747,1498,0.1256052803661225
750,764,1514,0.12563594150249716
760,756,1516,0.12566772949397964
759,759,1518,0.12567451919104447
749,761,1510,0.1256789673147098
742,757,1499,0.12570682651908208
738,760,1498,0.12575211066096045
732,770,1502,0.12580529997448398
743,764,1507,0.12587206923952884
739,760,1499,0.1259068176325307
734,756,1490,0.12594856699104323
746,761,1507,0.1259964295484705
753,759,1512,0.12600835436969926
754,760,1514,0.12600475622271978
746,770,1516,0.1259994873981146
748,768,1516,0.12601496649394814
750,768,1518,0.12602569155626256
749,766,1515,0.12603357224230205
747,766,1513,0.12604483896012517
747,761,1508,0.1260586655387708
749,770,1519,0.12607380248112526
749,770,1519,0.12608363525288158
739,784,1523,0.12609241935217994
740,784,1524,0.12612839738924092
733,778,1511,0.12615847465948196
742,772,1514,0.12620380168688566
736,779,1515,0.12622477280134095
736,775,1511,0.126259877865496
721,774,1495,0.12629276621831667
717,784,1501,0.12635919971889745
716,789,1505,0.12642969913871555
705,797,1502,0.12649953090579077
706,787,1493,0.12659128327681415
707,804,1511,0.126673651078858
715,799,1514,0.1267490721920751
718,809,1527,0.12679765620946618
719,814,1533,0.12683526019678332
716,811,1527,0.12686873277279254
714,817,1531,0.12690600680804823
706,816,1522,0.12694801304047298
706,816,1522,0.127007509761475
712,814,1526,0.12706250690661855
699,813,1512,0.12709874807569166
693,811,1504,0.12716160314921993
690,814,1504,0.12723657985027603
697,815,1512,0.1273129416809805
697,814,1511,0.12736743169442358
690,809,1499,0.12741657554267352
699,812,1511,0.12747855033524513
707,810,1517,0.1275137483071198
701,812,1513,0.12752548740989858
708,809,1517,0.12755169947681705
705,799,1504,0.12756031953504288
694,808,1502,0.1275763359977115
688,805,1493,0.12761658359001327
693,794,1487,0.1276694081810851
699,792,1491,0.12770551662387264
692,805,1497,0.1277254314341988
692,811,1503,0.12776058614634406
691,804,1495,0.1277951983058476
697,807,1504,0.12782814047647162
704,808,1512,0.12784506624711153
693,811,1504,0.1278457593704505
691,812,1503,0.12787381604212014
691,807,1498,0.12790231274429495
687,804,1491,0.12792790781505292
688,803,1491,0.12796033514790753
688,796,1484,0.12798999234845354
692,805,1497,0.12801616952860756
698,814,1512,0.12803112716089202
691,815,1506,0.12802992239903846
691,820,1511,0.12804868629508573
692,810,1502,0.12806505292879972
681,810,1491,0.1280792160501637
680,811,1491,0.12812144892016308
676,809,1485,0.1281638047586404
671,820,1491,0.12821338693740011
667,827,1494,0.1282707144510047
671,822,1493,0.12833374523064667
680,830,1510,0.1283808796026794
689,828,1517,0.1284031916138792
689,834,1523,0.128397019299804
684,833,1517,0.12839489047545424
687,830,1517,0.12840419941375972
681,833,1514,0.1284087700911755
678,843,1521,0.12842856091718477
676,835,1511,0.12845680639970697
680,840,1520,0.1284843860677913
674,844,1518,0.1285006533514842
678,846,1524,0.1285305587772581
682,853,1535,0.12855139606775373
673,845,1518,0.12856021887163357
673,845,1518,0.1285919079449149
669,847,1516,0.12862227553889138
657,851,1508,0.12865914002088347
648,853,1501,0.12872043615999224
654,845,1499,0.12879947424050997
647,851,1498,0.1288569002394359
649,847,1496,0.12892716259899634
657,852,1509,0.12898866721286925
655,858,1513,0.12902726498763822
652,857,1509,0.1290687189894444
660,857,1517,0.12911353401377176
661,858,1519,0.1291324819483636
660,858,1518,0.12914850193093727
657,858,1515,0.12916670982558226
648,872,1520,0.1291907148423298
653,862,1515,0.12923702262554226
653,858,1511,0.1292695938694538
656,857,1513,0.12929913607369095
642,853,1495,0.12931938110812938
635,866,1501,0.12937184453935838
633,876,1509,0.1294379456759734
642,871,1513,0.12950494139822755
645,866,1511,0.1295423264963839
647,867,1514,0.12956934840750106
645,865,1510,0.1295896417881176
652,860,1512,0.1296131648161769
651,855,1506,0.12961534018538667
649,850,1499,0.12962076486688823
656,850,1506,0.12962899308485196
665,863,1528,0.1296204536156471
655,857,1512,0.12958773804459323
649,856,1505,0.12957971424975973
654,856,1510,0.12958878368778115
649,866,1515,0.12958511091562375
649,858,1507,0.12959282658463026
651,855,1506,0.12960101359604992
645,860,1505,0.12960510076026283
637,850,1487,0.12962249527223116
640,851,1491,0.1296569500040344
642,845,1487,0.12968124729165606
644,846,1490,0.1296982972709584
643,856,1499,0.12970877936103078
635,861,1496,0.1297233221736337
638,853,1491,0.12975586099930386
631,851,1482,0.1297791949911833
630,862,1492,0.1298178577940798
636,870,1506,0.12985405595245034
637,881,1518,0.12987507045367397
641,881,1522,0.12989524793065996
638,881,1519,0.12990418029494127
638,876,1514,0.12992131713347532
632,877,1509,0.1299370843839931
630,870,1500,0.12996508943297982
630,873,1503,0.12999469966491561
622,876,1498,0.13002173118968657
622,871,1493,0.13006593615993206
623,870,1493,0.13010744724368056
618,872,1490,0.13014276700620325
632,875,1507,0.1301863699672823
634,890,1524,0.13019359045124929
632,875,1507,0.13019529927975296
632,872,1504,0.13020353076810182
632,874,1506,0.13021029730905034
635,875,1510,0.1302147639700732
635,870,1505,0.13021158932107288
628,869,1497,0.13021022434587803
625,877,1502,0.13022835228565113
619,888,1507,0.13025230281877628
628,888,1516,0.130290514917527
621,877,1498,0.1303047219032488
621,874,1495,0.1303349104319259
621,895,1516,0.13036258457544078
605,895,1500,0.13038847425395564
599,892,1491,0.13045041818579134
595,899,1494,0.13052563944114995
592,896,1488,0.13060375725670173
598,897,1495,0.13068354234291849
598,897,1495,0.13074426948910212
602,903,1505,0.13080101418679585
601,903,1504,0.1308428260536663
596,907,1503,0.13088586820781337
599,896,1495,0.1309378602510659
594,908,1502,0.13097779011013044
589,913,1502,0.13102744617374185
582,928,1510,0.13108664064111994
576,931,1507,0.13115850707947463
588,938,1526,0.13124028218840075
583,934,1517,0.13128891651695349
588,929,1517,0.13134844641449225
585,935,1520,0.13139223231966038
582,928,1510,0.1314389584227988
585,926,1511,0.13149113809160262
576,925,1501,0.13153124819207995
578,920,1498,0.13159187796695743
576,924,1500,0.13164399702942312
574,928,1502,0.1316970043674176
572,924,1496,0.13175151877929733
566,923,1489,0.13180734523558005
566,928,1494,0.13187208813581586
564,941,1505,0.13193314836391148
567,945,1512,0.1319956837613453
557,952,1509,0.13204873301696676
558,953,1511,0.13212177280566004
543,959,1502,0.13218692574417687
550,964,1514,0.13228423284788504
551,960,1511,0.13235871356663967
556,967,1523,0.1324228055083022
554,959,1513,0.13247139179834286
551,950,1501,0.13252166426479092
539,949,1488,0.13257656665751053
543,945,1488,0.13265752198081343
544,947,1491,0.13272297979336187
541,939,1480,0.13278298407957878
526,952,1478,0.13284552804001376
525,961,1486,0.13293977665404377
521,965,1486,0.13302945714925848
525,963,1488,0.13312363187054785
527,977,1504,0.13320395647463934
530,970,1500,0.13327556160906748
534,984,1518,0.13333410948296953
539,971,1510,0.1333804592024987
535,975,1510,0.13341012098075977
531,970,1501,0.133445602268054
531,960,1491,0.13348797208628524
531,968,1499,0.1335260143526797
526,970,1496,0.13356547148087106
519,978,1497,0.13361330016386477
515,981,1496,0.13367406742131474
521,983,1504,0.13374045175128207
510,983,1493,0.13378750665572298
513,985,1498,0.13385889921750316
518,982,1500,0.1339170551729357
523,982,1505,0.1339574623601285
521,985,1506,0.1339836287878021
520,989,1509,0.13401257484692086
516,982,1498,0.13404223009424426
504,985,1489,0.13407785395026983
510,981,1491,0.134139810218962
509,973,1482,0.13418245691303457
504,984,1488,0.1342255193739264
510,986,1496,0.13427929905596003
510,991,1501,0.13431410941191832
516,999,1515,0.1343460495172416
516,986,1502,0.1343600958394452
520,992,1512,0.13437482820890884
516,996,1512,0.1343808924947426
511,996,1507,0.1343970275361423
515,1003,1518,0.1344243884018816
509,1003,1512,0.13444092030024404
504,1011,1515,0.13446989154424624
513,1008,1521,0.1345093592894316
512,998,1510,0.1345253634933264
506,999,1505,0.1345429210148448
506,1000,1506,0.13457384614566326
509,1007,1516,0.13460198498466341
498,1008,1506,0.1346227427599391
501,1008,1509,0.13466568473571758
501,1007,1508,0.13469902990436963
500,994,1494,0.1347316287806084
508,1000,1508,0.13476290328430054
513,993,1506,0.13477395902179912
509,1006,1515,0.1347711004406421
505,1007,1512,0.13477718309126674
497,1004,1501,0.1347949894444388
502,990,1492,0.13482972032523047
501,988,1489,0.13484666358732178
510,992,1502,0.13486462040982153
508,994,1502,0.1348612694038098
504,996,1500,0.13486185524762623
510,1005,1515,0.13487465006501342
503,1012,1515,0.13487300710367248
500,1014,1514,0.1348880418071577
497,1026,1523,0.13491089506282214
498,1025,1523,0.1349388537742071
500,1026,1526,0.13496445459169656
505,1023,1528,0.13498517688827721
505,1026,1531,0.13499137988999915
504,1018,1522,0.13499780926961205
495,1025,1520,0.13500594761365278
502,1022,1524,0.13503659086229527
503,1014,1517,0.13504772507574297
506,1016,1522,0.13505841348422132
505,1008,1513,0.1350608783698539
507,1000,1507,0.13506604202843694
510,999,1509,0.13506464336882323
512,987,1499,0.1350548498037129
509,981,1490,0.1350415099221813
506,990,1496,0.13503844797277628
508,992,1500,0.13504271151650318
516,1003,1519,0.13504258212913683
511,1007,1518,0.1350219440736547
504,1009,1513,0.13501412609932584
507,1010,1517,0.13502510070665288
502,1014,1516,0.13502706630676056
498,1017,1515,0.13504134229843134
495,1025,1520,0.13506563876618607
494,1031,1525,0.1350958190127247
495,1025,1520,0.13512714271002246
492,1016,1508,0.13515376180323063
489,1022,1511,0.13518691781195236
492,1020,1512,0.13522411870019987
490,1031,1521,0.13525004504980048
487,1023,1510,0.13527946130203086
485,1030,1515,0.13531442998458137
471,1032,1503,0.13535142633847122
469,1035,1504,0.13541769560992506
483,1039,1522,0.13548550056857833
482,1032,1514,0.1355137446211682
479,1036,1515,0.13554330267375228
474,1033,1507,0.13557845904540033
472,1030,1502,0.13562616629899985
460,1037,1497,0.13567478200005412
457,1045,1502,0.1357487134845055
461,1047,1508,0.13582329111099523
458,1043,1501,0.13588337193531155
462,1044,1506,0.1359473194857188
463,1045,1508,0.13599626727394676
467,1028,1495,0.13604091863561432
463,1039,1502,0.13607118583519467
465,1035,1500,0.13610992648417544
460,1037,1497,0.13613865112398404
464,1039,1503,0.136174292075809
474,1034,1508,0.1361995565088979
484,1037,1521,0.13619935678457287
484,1042,1526,0.13617425717613954
485,1033,1518,0.13615049766564682
482,1031,1513,0.1361254786170059
484,1030,1514,0.13610986945159873
479,1025,1504,0.13608960430417819
476,1038,1514,0.13608099238753002
475,1041,1516,0.13608126799346038
466,1044,1510,0.1360842568352604
470,1043,1513,0.13610971225748034
471,1040,1511,0.1361262483792904
472,1038,1510,0.1361384767732692
470,1033,1503,0.13614865237730508
477,1035,1512,0.13616476798986363
474,1037,1511,0.13616287950149322
473,1032,1505,0.13616772953732392
473,1039,1512,0.13617472017102106
476,1039,1515,0.13618254753170747
468,1049,1517,0.13617920456515256
475,1039,1514,0.13619630346774847
475,1049,1524,0.13619358869617348
472,1058,1530,0.13619424116982107
473,1055,1528,0.13620279297878932
468,1062,1530,0.13620760756722375
470,1061,1531,0.1362222846191181
466,1052,1518,0.13623234724745528
463,1052,1515,0.1362533771264775
455,1061,1516,0.13627822155357044
457,1057,1514,0.13632299122004715
446,1051,1497,0.13635996881320278
440,1052,1492,0.136422244535666
440,1045,1485,0.13649468874657278
447,1050,1497,0.13656269868776721
444,1058,1502,0.1366072009518561
440,1046,1486,0.1366566387720889
446,1037,1483,0.13671190425960275
447,1061,1508,0.13674716109939475
448,1060,1508,0.13677680599321648
450,1065,1515,0.13680162033257773
449,1065,1514,0.13682320438361598
448,1070,1518,0.1368455145901354
447,1067,1514,0.13687018075279347
448,1069,1517,0.1368947503840481
438,1072,1510,0.13691473134868848
440,1071,1511,0.13695735271068396
444,1077,1521,0.13699063269512815
443,1075,1518,0.1370137385388498
434,1063,1497,0.13703704376631662
438,1063,1501,0.13708074527738712
441,1068,1509,0.13711240533576474
438,1065,1503,0.13713518886413795
438,1076,1514,0.13716448116681765
439,1076,1515,0.13719227787617227
441,1084,1525,0.13721593431674978
437,1080,1517,0.13723273923014173
439,1075,1514,0.13725905951671266
434,1071,1505,0.13728013625492314
440,1071,1511,0.1373069272011745
441,1058,1499,0.13731909309583984
442,1061,1503,0.13732881638316705
426,1064,1490,0.13733595577418342
427,1074,1501,0.13738165234613775
427,1075,1502,0.13742146762659224
426,1082,1508,0.13745852661919503
421,1087,1508,0.13749659702235692
416,1082,1498,0.13754451836298626
419,1082,1501,0.13760053130797764
415,1079,1494,0.13764646913911205
409,1089,1498,0.13769829933342587
416,1083,1499,0.13775943025506007
423,1080,1503,0.13779881780846293
426,1075,1501,0.13781475823397654
429,1074,1503,0.1378236592914675
426,1088,1514,0.1378267392636825
420,1093,1513,0.1378366740641544
418,1098,1516,0.13786183415750253
425,1095,1520,0.13789038629541567
420,1097,1517,0.1379003590027956
422,1106,1528,0.13792398599086375
415,1107,1522,0.13794291359243757
415,1099,1514,0.13797668012451894
413,1101,1514,0.13800645165919018
413,1094,1507,0.13803975350066555
407,1092,1499,0.1380718355997336
403,1099,1502,0.13811562608692818
406,1097,1503,0.1381646459245765
405,1099,1504,0.13820298725014246
398,1104,1502,0.13824087847790487
395,1096,1491,0.13829364738804173
390,1094,1484,0.1383479712005752
394,1098,1492,0.13841061961791812
388,1103,1491,0.1384599064247831
382,1111,1493,0.13851926151839059
378,1109,1487,0.138588880740049
377,1113,1490,0.13866394539826518
381,1128,1509,0.13873895406943576
379,1135,1514,0.13879779325222652
380,1132,1512,0.13885731395633522
378,1135,1513,0.13891193853117115
377,1147,1524,0.13896757216815664
376,1129,1505,0.1390222445207191
372,1121,1493,0.13907591736972347
368,1135,1503,0.1391374203462601
366,1131,1497,0.13920434862149375
372,1155,1527,0.13926933537230454
373,1149,1522,0.13931170602529075
375,1145,1520,0.1393500368627209
374,1146,1520,0.13938115537500115
365,1156,1521,0.1394132657053796
365,1157,1522,0.13946509536401464
361,1154,1515,0.13951516862869556
360,1145,1505,0.13957182088330106
364,1151,1515,0.13962356847450508
366,1150,1516,0.1396642315244318
361,1147,1508,0.13969787529907612
357,1151,1508,0.1397420878715006
354,1154,1508,0.13979338881780126
350,1148,1498,0.13984987288763392
355,1150,1505,0.13991267384574957
351,1164,1515,0.139959070398858
349,1154,1503,0.14001234227170786
347,1156,1503,0.14006579233879202
352,1166,1518,0.14012062809670198
356,1175,1531,0.1401565036837518
354,1163,1517,0.14018233591549328
356,1161,1517,0.14021033090680382
361,1163,1524,0.14023221174135514
355,1176,1531,0.14024145580498146
347,1177,1524,0.14026646966589815
347,1177,1524,0.14031051253431306
345,1169,1514,0.1403496088876217
346,1171,1517,0.1403936097231481
344,1171,1515,0.14043269324765137
346,1172,1518,0.14047489696594098
346,1171,1517,0.14050859387131567
346,1170,1516,0.14053871685478833
339,1172,1511,0.1405647862482045
339,1160,1499,0.1406075320158256
339,1171,1510,0.14064760359128647
338,1180,1518,0.14068344147817574
337,1193,1530,0.14071781446393922
344,1186,1530,0.1407529953657115
335,1184,1519,0.14076866129114213
337,1185,1522,0.14080367422303752
335,1182,1517,0.14083167300755417
337,1176,1513,0.1408640016711238
337,1165,1502,0.1408861944272946
337,1159,1496,0.14090809027706322
331,1168,1499,0.14092934378248312
339,1178,1517,0.14096538476046389
339,1177,1516,0.14097864360445997
336,1173,1509,0.14099064400063685
343,1174,1517,0.1410074035501536
341,1175,1516,0.1410051329430953
341,1178,1519,0.141008243233292
338,1188,1526,0.1410126684328976
336,1186,1522,0.14102378011333716
329,1191,1520,0.1410399266940839
324,1187,1511,0.1410725892044302
321,1179,1500,0.14111663224175486
320,1180,1500,0.1411655191690691
321,1182,1503,0.14121226578587778
323,1181,1504,0.1412533204232273
324,1188,1512,0.1412875882295032
321,1190,1511,0.14131852121558203
319,1194,1513,0.14135390310676132
314,1191,1505,0.14139271843450932
309,1198,1507,0.14144012297429875
321,1193,1514,0.14149473779995073
328,1186,1514,0.1415130201825423
325,1187,1512,0.14151293907222054
321,1182,1503,0.14152084825869193
321,1181,1502,0.1415403922523334
321,1192,1513,0.14156097052425948
317,1188,1505,0.1415813196701998
318,1195,1513,0.14160821540069818
316,1189,1505,0.14163063420246513
314,1187,1501,0.14165657787723265
319,1198,1517,0.14168773588976424
310,1192,1502,0.14170508852688996
308,1189,1497,0.14174314172249547
314,1197,1511,0.1417854416768974
314,1193,1507,0.14181264124083043
312,1190,1502,0.14183450620685512
315,1186,1501,0.14185971351699098
323,1187,1510,0.14187726438196385
317,1187,1504,0.14187176128540818
324,1177,1501,0.14188135817169184
324,1178,1502,0.14187306200270375
325,1187,1512,0.14186483557908805
327,1193,1520,0.1418545321574972
329,1180,1509,0.14183873173499667
332,1191,1523,0.14181990163903085
329,1195,1524,0.1417965485528272
332,1195,1527,0.14178274840109392
332,1186,1518,0.14176136936597222
334,1181,1515,0.1417437780136148
332,1186,1518,0.1417235856043733
330,1182,1512,0.14171047617752208
323,1186,1509,0.14170458486869053
326,1191,1517,0.14171710454406564
323,1179,1502,0.14172100388532258
311,1188,1499,0.14173042062557686
310,1194,1504,0.1417688669759624
306,1195,1501,0.1418069081041513
310,1198,1508,0.14185357997793616
307,1197,1504,0.14188681630778016
303,1196,1499,0.14192598665638484
310,1200,1510,0.1419713643818541
318,1190,1508,0.14199479433278864
320,1186,1506,0.141997564775458
321,1190,1511,0.1419933140062647
320,1190,1510,0.1419881902340444
320,1205,1525,0.14198775599618357
317,1207,1524,0.1419836817065829
315,1204,1519,0.14198851489422928
307,1209,1516,0.14199838740497306
308,1207,1515,0.1420290521463722
312,1202,1514,0.14205429135808767
307,1208,1515,0.1420668085539161
306,1195,1501,0.14209149867407375
300,1193,1493,0.14211693689486096
300,1197,1497,0.14215387227528253
305,1210,1515,0.14218946774449015
309,1206,1515,0.14220995862483554
300,1205,1505,0.1422200018476959
298,1202,1500,0.14225066859151966
294,1200,1494,0.14228527544831293
298,1217,1515,0.14232724404273683
299,1213,1512,0.1423568400065646
298,1216,1514,0.1423829370717055
297,1208,1505,0.14240948264390887
294,1219,1513,0.14243904356692041
295,1220,1515,0.14247215775177247
297,1216,1513,0.1425005236236142
292,1214,1506,0.1425236632022434
294,1211,1505,0.1425576175773843
294,1213,1507,0.1425836550879546
293,1212,1505,0.1426081690099591
290,1210,1500,0.14263510595579718
287,1224,1511,0.14266826579126388
285,1225,1510,0.14270757847376328
289,1239,1528,0.14275020926415047
281,1231,1512,0.1427818450503363
286,1231,1517,0.14283131395272114
289,1239,1528,0.1428643403758706
282,1229,1511,0.14288908397645272
278,1232,1510,0.14292807168655786
282,1233,1515,0.1429751000809334
283,1231,1514,0.14301047083865526
282,1227,1509,0.14303975352292125
282,1234,1516,0.14306911996266447
281,1226,1507,0.14309492260162046
277,1222,1499,0.14312215384881363
278,1226,1504,0.14315609860822825
274,1228,1502,0.14318300605905723
278,1223,1501,0.1432187619427954
273,1230,1503,0.14324213940942537
275,1223,1498,0.14327612076646667
281,1224,1505,0.1433024494893834
286,1227,1513,0.1433100105638875
291,1231,1522,0.14330332498464465
289,1228,1517,0.1432848691971165
288,1225,1513,0.1432744369670372
289,1218,1507,0.14326763820819802
289,1217,1506,0.14325832789672457
289,1218,1507,0.1432486169330547
289,1219,1508,0.14323784394201428
295,1215,1510,0.14322755417053024
294,1223,1517,0.14320274875469466
293,1213,1506,0.1431815806728964
290,1214,1504,0.14316412100610085
290,1212,1502,0.1431551915377924
292,1206,1498,0.1431480697688132
291,1225,1516,0.1431372664374769
294,1211,1505,0.14313076492537888
296,1213,1509,0.14311717853847622
291,1215,1506,0.14310156609179667
288,1214,1502,0.14310063557099043
293,1214,1507,0.14310820208597128
290,1224,1514,0.14310077723940273
288,1226,1514,0.14309917138702272
289,1220,1509,0.14310359644724813
289,1208,1497,0.1431039538494733
285,1204,1489,0.14310576861029692
283,1210,1493,0.14311855050482863
278,1219,1497,0.1431361671001222
270,1235,1505,0.14316531095672247
269,1231,1500,0.14321174973873463
264,1236,1500,0.14325591727447973
270,1255,1525,0.14330905546486733
268,1258,1526,0.14334491480800904
264,1261,1525,0.14338292019904503
263,1256,1519,0.14342713976103932
257,1248,1505,0.1434703547324256
252,1261,1513,0.14352553266605989
254,1247,1501,0.14358957517903057
252,1251,1503,0.14364477284361268
246,1243,1489,0.14370106559288384
250,1247,1497,0.14376815724143768
248,1253,1501,0.1438235829361874
243,1268,1511,0.14388166522404236
250,1269,1519,0.14394892334574289
246,1261,1507,0.14399421060165934
239,1270,1509,0.14404741302859814
239,1270,1509,0.1441149375148784
240,1260,1500,0.14417821831072072
245,1258,1503,0.14423350256833278
245,1267,1512,0.14427290029679743
244,1262,1506,0.14430967617872983
241,1282,1523,0.1443448116514634
233,1295,1528,0.14438712695331607
231,1287,1518,0.14444448886691724
238,1286,1524,0.14450335393697214
235,1282,1517,0.14454013073016733
231,1273,1504,0.14458160063748707
230,1274,1504,0.14462970417334417
226,1282,1508,0.14467787942146687
224,1285,1509,0.1447334622293728
227,1292,1519,0.1447913696670871
224,1305,1529,0.14483886831502374
226,1291,1517,0.14489113453731084
219,1301,1520,0.1449351825242784
220,1300,1520,0.1449932997753794
222,1298,1520,0.14504534281545728
222,1298,1520,0.14508970485290631
221,1299,1520,0.14513062626134526
219,1293,1512,0.14517040555584884
223,1293,1516,0.14521145347221104
226,1285,1511,0.1452412101925943
232,1281,1513,0.1452614890400039
232,1286,1518,0.14526568763691888
238,1285,1523,0.14526589231410683
233,1291,1524,0.14525095203688207
229,1282,1511,0.1452482304819126
226,1273,1499,0.14525627410455327
223,1275,1498,0.14527121317765201
220,1279,1499,0.1452931346038019
223,1281,1504,0.14531867305201168
220,1282,1502,0.14533692861216374
219,1291,1510,0.1453613987415683
217,1287,1504,0.14538825369911682
217,1294,1511,0.145418406182184
213,1304,1517,0.14544831115629592
213,1296,1509,0.14548574305441384
214,1300,1514,0.145519381173984
207,1291,1498,0.1455470189840457
212,1291,1503,0.14559078533933512
215,1291,1506,0.14561757281485938
210,1296,1506,0.14563677197420596
208,1299,1507,0.14566728172095736
211,1314,1525,0.1457009244779547
208,1317,1525,0.14572586694194348
211,1324,1535,0.1457578538345223
212,1316,1528,0.14578011551769682
204,1318,1522,0.14579905942596535
201,1324,1525,0.1458357641588441
202,1311,1513,0.14587587953586978
201,1307,1508,0.14591159265724013
196,1320,1516,0.1459477265886394
191,1323,1514,0.14599314547564116
190,1325,1515,0.14604883099575297
191,1329,1520,0.14610279243628924
192,1339,1531,0.14615132946944823
189,1330,1519,0.14619401531581808
186,1325,1511,0.14624059546850904
181,1328,1509,0.1462918625767964
186,1335,1521,0.1463516735863887
187,1340,1527,0.1463945995859246
182,1338,1520,0.1464328353982048
183,1335,1518,0.1464804454258607
182,1345,1527,0.14652421924202702
182,1341,1523,0.14656785515548787
179,1341,1520,0.14660956425025504
183,1324,1507,0.14665515333106469
180,1320,1500,0.14668818487513507
177,1321,1498,0.14672567820794613
176,1334,1510,0.14676886703139594
177,1330,1507,0.1468110760598394
174,1333,1507,0.14684742777751233
177,1329,1506,0.14688904917522902
178,1337,1515,0.146919150094854
175,1341,1516,0.14694343952040484
175,1343,1518,0.1469713290492029
173,1342,1515,0.1469991117223494
176,1346,1522,0.14703090626408885
179,1337,1516,0.1470510023308584
179,1336,1515,0.14706284968436306
178,1342,1520,0.14707231293215858
178,1342,1520,0.14708486515617974
178,1343,1521,0.14709691093841312
176,1339,1515,0.14710938825640504
179,1340,1519,0.14712512077653034
176,1339,1515,0.1471326443543755
178,1343,1521,0.1471457539401523
177,1339,1516,0.147153691998396
180,1335,1515,0.1471651722603723
178,1348,1526,0.14716764676513158
178,1349,1527,0.14717471920173109
179,1336,1515,0.14718207668377126
176,1338,1514,0.1471866324374857
174,1341,1515,0.1471992137352
169,1346,1515,0.14721716946118082
173,1347,1520,0.1472457895011829
174,1331,1505,0.1472639467538966
179,1314,1493,0.14727630136086955
176,1327,1503,0.14727591137241422
171,1328,1499,0.14728330301197665
171,1331,1502,0.1473017440535126
171,1344,1515,0.14732022551901264
172,1341,1513,0.14733659140921435
171,1361,1532,0.14734931077820876
174,1343,1517,0.14736361580335078
176,1341,1517,0.14736970056457885
177,1336,1513,0.14736703454631492
176,1348,1524,0.14736496711721425
175,1334,1509,0.14736548642202732
174,1344,1518,0.14736808946529667
175,1352,1527,0.14737287507242228
173,1358,1531,0.14737366169443944
175,1339,1514,0.14737934309498407
178,1344,1522,0.1473795469539647
178,1351,1529,0.14737127094857738
177,1336,1513,0.1473638538420884
173,1326,1499,0.14735772091717747
175,1327,1502,0.1473622048689564
177,1320,1497,0.14736034235669454
182,1325,1507,0.14735284547408456
179,1326,1505,0.147334892123678
184,1339,1523,0.1473246493489567
181,1337,1518,0.1473034886530996
178,1346,1524,0.14729139648070214
177,1342,1519,0.14728898314895558
172,1343,1515,0.1472908569195677
171,1345,1516,0.1473046976886833
172,1336,1508,0.1473204197984993
173,1339,1512,0.14733162198296806
176,1341,1517,0.14733931376238105
175,1333,1508,0.14733984602794079
176,1327,1503,0.14734190494187377
172,1319,1491,0.14734084957237265
175,1331,1506,0.14735002589236504
171,1344,1515,0.14735111959685157
168,1353,1521,0.1473613424905297
163,1360,1523,0.14738014460976442
162,1357,1519,0.14741012226889472
164,1351,1515,0.14744149141704374
168,1359,1527,0.1474673702092715
165,1348,1513,0.1474809607889588
162,1359,1521,0.14749941923421866
163,1353,1516,0.14752332620005115
165,1347,1512,0.14754419105961103
167,1353,1520,0.14755916428775437
168,1360,1528,0.1475689313736642
171,1365,1536,0.14757569904525616
170,1361,1531,0.1475756992087176
172,1353,1525,0.14757703798159685
171,1349,1520,0.14757374515600302
166,1346,1512,0.14757435970288804
169,1356,1525,0.14758750893701872
168,1362,1530,0.1475910332641628
169,1356,1525,0.14759578976838608
165,1359,1524,0.14759825113311992
161,1366,1527,0.14761008715988774
161,1357,1518,0.14763137730954465
165,1339,1504,0.14765176254431497
160,1330,1490,0.14765938905116302
160,1335,1495,0.1476799826398829
159,1355,1514,0.1476980496717607
159,1349,1508,0.1477177997373758
157,1367,1524,0.14773627143685492
152,1377,1529,0.14775882914260166
153,1375,1528,0.14779290442927714
152,1361,1513,0.1478230625074274
150,1358,1508,0.14785391972578105
151,1358,1509,0.1478874064474054
152,1351,1503,0.14791757344533837
145,1360,1505,0.14794310952274303
149,1360,1509,0.1479838193297704
151,1367,1518,0.14801183107694618
144,1373,1517,0.1480324124914594
145,1379,1524,0.14806836611006668
142,1372,1514,0.1481008177198037
142,1384,1526,0.1481384277640363
144,1376,1520,0.14817332753795753
136,1371,1507,0.1482016721369629
136,1371,1507,0.1482465954331916
142,1375,1517,0.14828901548296738
144,1370,1514,0.14831397531250876
145,1380,1525,0.14833280282435166
144,1381,1525,0.14834716786291366
141,1383,1524,0.1483638194981414
138,1376,1514,0.1483873427459511
140,1381,1521,0.14841535229921474
139,1378,1517,0.14843743370556925
140,1363,1503,0.14845982215292572
141,1372,1513,0.14847981194779686
139,1377,1516,0.14849452554451015
142,1376,1518,0.14851399957048522
139,1387,1526,0.14852358646621508
142,1372,1514,0.14853980515120843
143,1370,1513,0.148548595386629
143,1380,1523,0.14855470102006124
141,1387,1528,0.14856013349269137
140,1385,1525,0.1485697977847607
139,1370,1509,0.1485819072718211
137,1384,1521,0.1485957982271598
134,1371,1505,0.14861396027201706
135,1372,1507,0.14863869544866048
135,1366,1501,0.14865984727472362
135,1371,1506,0.14867881397015828
130,1369,1499,0.14869538152867365
126,1370,1496,0.14872306287021161
121,1379,1500,0.14875912330747684
120,1371,1491,0.14880490723389575
124,1370,1494,0.14885047362367612
124,1362,1486,0.14888354305596938
124,1373,1497,0.1489133412439796
129,1382,1511,0.14894223076997082
130,1389,1519,0.14895733331586716
127,1394,1521,0.1489672926123187
123,1392,1515,0.14898413809234637
126,1403,1529,0.14900936807265924
124,1402,1526,0.149027218745888
125,1394,1519,0.14905032775388885
119,1400,1519,0.14906829056006557
119,1407,1526,0.14909831277344945
120,1413,1533,0.14912616011992363
119,1406,1525,0.14914845251801062
117,1414,1531,0.1491730305928807
115,1414,1529,0.14920081428411128
117,1403,1520,0.1492321811810509
117,1412,1529,0.14925589726796723
114,1406,1520,0.1492791181179139
113,1397,1510,0.1493089821360371
111,1394,1505,0.14933925710013962
109,1409,1518,0.14937168304784668
109,1403,1512,0.14940674256378647
106,1406,1512,0.14943868115869677
105,1406,1511,0.14947494516789628
108,1405,1513,0.14951197144676517
107,1404,1511,0.14954013531179391
107,1414,1521,0.1495695720069675
104,1412,1516,0.14959492298216534
103,1411,1514,0.1496254482543561
105,1406,1511,0.14965602735337402
108,1390,1498,0.14967961393480336
107,1396,1503,0.1496938229437415
108,1408,1516,0.1497094368415578
107,1414,1521,0.1497207381604882
105,1422,1527,0.14973466227234533
106,1411,1517,0.14975303235494736
108,1405,1513,0.14976793056182747
108,1406,1514,0.1497769254315685
111,1403,1514,0.14978403810012472
112,1404,1516,0.1497822503311349
109,1402,1511,0.14977794746901388
108,1402,1510,0.14978328193105597
110,1413,1523,0.14979167612163807
117,1411,1528,0.14979295301744205
117,1415,1532,0.14977517611800018
116,1420,1536,0.14976014439844496
112,1405,1517,0.1497486935190354
109,1395,1504,0.1497479936164239
110,1412,1522,0.1497551629605983
109,1401,1510,0.14976100170834505
108,1401,1509,0.14976838246549215
109,1400,1509,0.14977707254709194
110,1403,1513,0.14978404637150594
112,1402,1514,0.14978712482699297
108,1408,1516,0.14978423188624201
108,1386,1494,0.1497923240011742
109,1401,1510,0.14979932739761684
108,1403,1511,0.14980431978308636
109,1410,1519,0.14981080078791917
108,1406,1514,0.14981469819035415
104,1396,1500,0.14982184445654764
105,1401,1506,0.14983676925198097
109,1400,1509,0.14984860244596876
107,1392,1499,0.14984906602809414
108,1408,1516,0.1498548391750305
111,1406,1517,0.1498573395814799
110,1409,1519,0.14985229585230211
109,1415,1524,0.14985003157826768
109,1408,1517,0.1498505566567541
104,1397,1501,0.14985225528797963
106,1407,1513,0.14986628946051334
105,1411,1516,0.14987338663059632
104,1402,1506,0.1498828699347619
101,1414,1515,0.14989351823576513
102,1414,1516,0.1499114809585796
104,1410,1514,0.14992555242724687
101,1415,1516,0.14993389134558785
99,1416,1515,0.14994899414011706
99,1403,1502,0.1499673526309664
100,1400,1500,0.14998493822768835
101,1402,1503,0.14999978961768495
105,1403,1508,0.15001097007663491
103,1405,1508,0.15001066468486854
104,1419,1523,0.1500162016799614
104,1417,1521,0.15001903493349286
101,1412,1513,0.15002097610878207
101,1416,1517,0.15003036320821247
102,1408,1510,0.1500392534016954
102,1388,1490,0.15004534175448514
104,1402,1506,0.15005072271346345
103,1407,1510,0.15005129630349523
102,1405,1507,0.1500550342536345
101,1405,1506,0.15005945622962874
100,1408,1508,0.1500661340031232
95,1412,1507,0.15007445867604818
95,1402,1497,0.1500945071327395
95,1405,1500,0.1501130812423556
94,1413,1507,0.15013042131924284
95,1401,1496,0.15014944094226743
96,1422,1518,0.1501652593869516
99,1415,1514,0.15017543668771927
100,1423,1523,0.15017587306391142
100,1411,1511,0.15017531310235857
96,1423,1519,0.15017580263720437
94,1424,1518,0.15018608235035255
96,1418,1514,0.15020136434672282
91,1417,1508,0.15021130709248598
92,1421,1513,0.15023371445662181
89,1433,1522,0.1502522466877476
88,1423,1511,0.1502773088580669
85,1425,1510,0.15030391245440053
84,1423,1507,0.15033619365141127
86,1423,1509,0.15036867263828604
87,1419,1506,0.15039414242433205
87,1424,1511,0.1504160920199923
85,1415,1500,0.1504359178118522
86,1422,1508,0.15045991963877675
91,1422,1513,0.15047838626076515
92,1415,1507,0.1504816375150971
92,1419,1511,0.1504828786702249
91,1421,1512,0.15048435567429835
89,1422,1511,0.15048837335274484
86,1433,1519,0.15049814113966897
84,1430,1514,0.15051403717708076
84,1419,1503,0.15053452646910997
83,1434,1517,0.15055433025717468
82,1435,1517,0.1505748860615992
81,1422,1503,0.15059650659321433
83,1423,1506,0.15061965973274277
84,1433,1517,0.15063507729302408
83,1424,1507,0.15064693635313148
81,1432,1513,0.15066129600723152
81,1429,1510,0.15067920393295325
78,1428,1506,0.1506965787411134
79,1435,1514,0.15072004573442596
80,1435,1515,0.1507402809784214
80,1431,1511,0.15075674684869422
79,1426,1505,0.15077272388205168
77,1438,1515,0.15079021366955822
76,1450,1526,0.1508124110254523
73,1445,1518,0.1508350760100726
72,1448,1520,0.15086372584634758
72,1447,1519,0.15089299846945917
70,1443,1513,0.1509207723916938
65,1438,1503,0.15095192582826808
65,1444,1509,0.15099278525451137
67,1443,1510,0.15103133618134218
69,1432,1501,0.15106207529025573
70,1433,1503,0.15108489151703888
72,1434,1506,0.15110358974989904
72,1435,1507,0.15111447488978363
70,1458,1528,0.1511247424080789
69,1444,1513,0.15113954590950687
70,1444,1514,0.15115531815654562
72,1449,1521,0.151166793034564
72,1449,1521,0.151171424436476
69,1445,1514,0.15117632292119382
70,1426,1496,0.15118842810171013
76,1436,1512,0.15119747001500428
76,1427,1503,0.15118850108380533
74,1432,1506,0.15117990578567916
75,1426,1501,0.1511774208719295
75,1425,1500,0.1511721981972317
74,1419,1493,0.15116708396438708
76,1418,1494,0.15116509065755804
78,1418,1496,0.15115552067493077
76,1425,1501,0.15114047516605933
74,1426,1500,0.15113324209584916
74,1417,1491,0.15113268344981864
73,1420,1493,0.15113334594067884
73,1439,1512,0.15113650383163083
71,1438,1509,0.15113964620055229
74,1439,1513,0.1511482843599738
76,1452,1528,0.1511491254267812
75,1452,1527,0.15114416093803165
74,1450,1524,0.1511424475659031
74,1450,1524,0.15114442402278894
72,1440,1512,0.1511455174232394
78,1432,1510,0.15115255387466053
76,1433,1509,0.1511417153034156
74,1426,1500,0.15113679339944472
73,1437,1510,0.15113762460400623
72,1435,1507,0.1511402628849522
69,1452,1521,0.15114470659993884
66,1442,1508,0.15115789546190236
64,1448,1512,0.15117742235322007
65,1451,1516,0.15120060773089075
64,1438,1502,0.15122087034298995
64,1443,1507,0.15124294826445195
64,1454,1518,0.15126426552004063
64,1453,1517,0.15128408114138778
64,1444,1508,0.1513016179408632
61,1438,1499,0.15131776223710583
60,1433,1493,0.1513411190012409
60,1451,1511,0.15136593490658481
62,1448,1510,0.15138898650099336
63,1445,1508,0.1514052281458127
63,1461,1524,0.15141720574501608
63,1456,1519,0.15142853801402506
65,1453,1518,0.15144001088208703
64,1441,1505,0.1514449238391291
63,1443,1506,0.15145193224889708
59,1453,1512,0.15146136058222906
59,1447,1506,0.15148135028509074
59,1442,1501,0.15150070570465474
60,1451,1511,0.1515183735549119
60,1433,1493,0.15153133456326684
61,1452,1513,0.15154276465876826
61,1459,1520,0.15155120089687638
59,1463,1522,0.15155815648498927
58,1460,1518,0.15156952710411187
58,1457,1515,0.15158354805201427
58,1465,1523,0.1515966904442024
58,1467,1525,0.15160975876204527
59,1469,1528,0.15162190579929438
58,1461,1519,0.15163127936933002
58,1457,1515,0.15164171105700425
57,1461,1518,0.15165217703083728
59,1475,1534,0.15166508652297425
59,1466,1525,0.15167112602384672
57,1459,1516,0.15167575859057603
57,1459,1516,0.15168581184645039
55,1469,1524,0.15169585125938834
55,1464,1519,0.15171056428358543
54,1478,1532,0.15172490027145621
54,1474,1528,0.15173970491950967
53,1478,1531,0.15175350516761077
54,1491,1545,0.15176950262679864
55,1479,1534,0.1517818266223068
54,1452,1506,0.15179103089989504
55,1449,1504,0.15180237807468883
52,1468,1520,0.15181047483022417
52,1470,1522,0.1518259216559281
53,1477,1530,0.15184091462714952
53,1468,1521,0.1518517015531401
52,1462,1514,0.15186239304665908
52,1463,1515,0.1518753231358555
49,1461,1510,0.1518878969349817
47,1455,1502,0.15190628925931995
46,1472,1518,0.15192891341953815
45,1484,1529,0.1519516134071786
45,1483,1528,0.15197598102897936
42,1470,1512,0.15199924152606603
41,1470,1511,0.1520285198624431
42,1469,1511,0.15205829208681187
41,1472,1513,0.15208332321422327
40,1471,1511,0.15210926132015104
42,1476,1518,0.15213653666152951
42,1473,1515,0.15215648373541218
41,1482,1523,0.15217555483538936
41,1467,1508,0.15219613582089905
42,1489,1531,0.15221486539278392
40,1488,1528,0.15222870908136873
41,1489,1530,0.15224705669000513
42,1485,1527,0.1522616566210764
43,1492,1535,0.1522726820799372
43,1485,1528,0.15227942745877915
43,1473,1516,0.15228554421150967
41,1480,1521,0.15229137698921813
38,1476,1514,0.152302218145622
38,1481,1519,0.15231947836625864
38,1473,1511,0.15233566561520365
39,1472,1511,0.15235146040877695
40,1471,1511,0.15236366070902702
40,1476,1516,0.1523724352672421
42,1485,1527,0.1523812556745658
42,1484,1526,0.1523843626899749
42,1487,1529,0.1523879972614106
42,1479,1521,0.1523913079883188
44,1470,1514,0.1523945692608821
47,1469,1516,0.15239178960417984
47,1478,1525,0.15238065993808217
47,1478,1525,0.15237105126611286
47,1469,1516,0.15236277177358182
47,1465,1512,0.15235490501440957
44,1464,1508,0.15234679555986796
49,1465,1514,0.1523472138036608
49,1470,1519,0.15233289473455844
47,1485,1532,0.15231929154864696
46,1480,1526,0.1523130817880387
44,1472,1516,0.15231042611619103
43,1480,1523,0.1523133241442219
42,1484,1526,0.15231909560429877
42,1482,1524,0.15232735734474606
40,1480,1520,0.15233472481110344
40,1479,1519,0.15234674785117877
38,1486,1524,0.152358436820725
39,1489,1528,0.15237378445823704
39,1483,1522,0.15238610110070394
38,1477,1515,0.15239713733832927
39,1480,1519,0.15241043834973003
38,1498,1536,0.1524200989384979
38,1493,1531,0.1524311477747952
38,1484,1522,0.15244119374976303
41,1492,1533,0.15245111428738378
42,1489,1531,0.15245118671099794
40,1484,1524,0.1524480027247309
41,1468,1509,0.15244971436475507
40,1477,1517,0.15244971925626088
40,1477,1517,0.15245146729273812
39,1475,1514,0.152453437591731
39,1475,1514,0.15245820887292474
41,1478,1519,0.15246262721667167
41,1486,1527,0.15246106497543388
41,1480,1521,0.15246041791488096
40,1487,1527,0.15246053125756973
42,1476,1518,0.15246410429225055
43,1464,1507,0.15246095243073307
42,1478,1520,0.15245559651472415
41,1484,1525,0.1524536107727522
41,1486,1527,0.15245464954330362
41,1480,1521,0.1524558196230001
41,1484,1525,0.15245593662901974
40,1487,1527,0.15245671980598557
38,1480,1518,0.1524604337697699
37,1484,1521,0.15246924252728192
38,1468,1506,0.15248057546371116
39,1476,1515,0.15248843339699647
40,1471,1511,0.15249302300019785
40,1469,1509,0.15249475850702734
40,1470,1510,0.15249688258388233
41,1479,1520,0.15249930957406432
40,1485,1525,0.1524989878129936
38,1493,1531,0.15250111060184351
40,1472,1512,0.1525081960792652
38,1476,1514,0.15250871342737707
41,1477,1518,0.1525150176352284
42,1477,1519,0.15251240289046733
44,1471,1515,0.15250738686314333
44,1465,1509,0.15249688947983597
46,1471,1517,0.15248775733736974
45,1482,1527,0.15247337750940143
44,1470,1514,0.15246264204797
45,1478,1523,0.1524561425404684
47,1476,1523,0.15244663510060166
47,1476,1523,0.1524320967543029
49,1473,1522,0.15241792059193085
49,1480,1529,0.1524001177128218
49,1462,1511,0.15238427334569152
49,1474,1523,0.1523694387609853
49,1477,1526,0.15235627651574452
50,1479,1529,0.15234459437035805
51,1474,1525,0.1523310141272032
50,1482,1532,0.1523157735723419
46,1489,1535,0.15230513420925962
46,1490,1536,0.15230485336969501
45,1481,1526,0.15230401162267074
45,1472,1517,0.15230614248734572
48,1469,1517,0.1523085761222858
47,1476,1523,0.15230222453527908
46,1481,1527,0.15229916267999294
47,1479,1526,0.15229814804094655
46,1482,1528,0.15229447978904365
47,1488,1535,0.15229391674690068
48,1485,1533,0.15229077203854505
48,1475,1523,0.15228518677494546
49,1474,1523,0.15228012024576135
46,1469,1515,0.15227241476104528
45,1473,1518,0.1522735199833864
43,1463,1506,0.15227751281186186
43,1466,1509,0.15228633593509167
41,1478,1519,0.15229501103424226
39,1485,1524,0.1523066673868847
40,1478,1518,0.15232278643598207
41,1471,1512,0.15233595558239757
40,1469,1509,0.1523455149025488
41,1476,1517,0.1523571593399905
40,1485,1525,0.1523658811824176
41,1482,1523,0.1523752602292771
42,1475,1517,0.15238186613392282
40,1464,1504,0.152384538855929
42,1466,1508,0.15239196675190156
40,1460,1500,0.15239441680176682
39,1480,1519,0.15240148105479528
39,1479,1518,0.1524102067704475
38,1494,1532,0.15241904483991026
38,1496,1534,0.15242954258008024
37,1494,1531,0.15243952263047414
35,1489,1524,0.15245182889376835
33,1491,1524,0.15246876222580633
29,1490,1519,0.1524899218917255
27,1500,1527,0.15251997769060124
27,1507,1534,0.1525529764574602
27,1498,1525,0.15258348965354954
24,1502,1526,0.1526124613628461
24,1498,1522,0.15264688069391036
22,1494,1516,0.15267939576970221
23,1503,1526,0.1527148608014984
23,1497,1520,0.15274588715659881
23,1497,1520,0.15277506947754904
24,1499,1523,0.15280203514118146
24,1504,1528,0.15282375847477905
22,1498,1520,0.152843831614496
21,1497,1518,0.1528679603753423
21,1498,1519,0.15289336912865342
22,1494,1516,0.15291668690775184
21,1492,1513,0.15293648510327643
21,1481,1502,0.1529576859657617
19,1476,1495,0.15297787273950708
18,1495,1513,0.15300198871694057
18,1476,1494,0.15302711702331206
15,1487,1502,0.1530508111681266
16,1490,1506,0.15308029862092404
16,1498,1514,0.15310485854957837
16,1490,1506,0.15312809518910261
15,1493,1508,0.1531500628169936
15,1489,1504,0.15317321012589002
13,1483,1496,0.1531950542653796
14,1493,1507,0.1532203921841959
14,1497,1511,0.15324105342236055
12,1507,1519,0.1532606246607242
11,1503,1514,0.15328399706073675
11,1501,1512,0.15330844694423015
10,1510,1520,0.15333151028425918
10,1504,1514,0.15335586319689398
10,1509,1519,0.15337878448998507
11,1501,1512,0.15340035208661523
11,1512,1523,0.15341751032821402
12,1498,1510,0.15343374392938308
12,1500,1512,0.15344587230422824
13,1488,1501,0.15345745050449186
13,1504,1517,0.15346557363095417
14,1504,1518,0.15347340674367968
14,1510,1524,0.1534777710243346
13,1515,1528,0.15348159961343993
13,1516,1529,0.15348825428650467
12,1501,1513,0.15349470359810666
11,1508,1519,0.15350345001627347
11,1510,1521,0.15351416072516252
12,1493,1505,0.1535243434273974
11,1496,1507,0.1535310695411682
10,1485,1495,0.15353999961975157
10,1504,1514,0.15355125548285745
10,1522,1532,0.15356191854595191
10,1536,1546,0.15357201337571522
11,1517,1528,0.15358156449276547
11,1516,1527,0.153587385481336
11,1508,1519,0.1535930070122581
11,1511,1522,0.1535984217497559
11,1520,1531,0.15360362528063956
10,1520,1530,0.15360861561903075
10,1508,1518,0.1536157612555611
10,1502,1512,0.1536225494384343
12,1503,1515,0.15362899110650768
12,1503,1515,0.15362867341098493
11,1495,1506,0.15362862354480658
11,1499,1510,0.1536312616686706
11,1492,1503,0.15363383201625772
11,1504,1515,0.15363641459045538
12,1501,1513,0.1536385530536004
13,1506,1519,0.15363792080160435
12,1505,1517,0.15363437707553024
11,1495,1506,0.15363383820845025
11,1503,1514,0.1536360174778867
10,1509,1519,0.15363827953716797
10,1515,1525,0.15364298354767986
10,1521,1531,0.1536475651452392
9,1515,1524,0.15365201001973847
9,1500,1509,0.15365899509467518
9,1515,1524,0.15366562413123197
9,1511,1520,0.1536711879231243
9,1504,1513,0.15367655128379293
8,1506,1514,0.15368170784913887
9,1492,1501,0.15368908148855995
8,1507,1515,0.1536928556338609
8,1505,1513,0.15369972146882965
9,1496,1505,0.15370623913614095
10,1492,1502,0.1537092581176878
10,1490,1500,0.15370901153793873
11,1495,1506,0.15370901225469724
10,1500,1510,0.15370599913334895
9,1488,1497,0.15370588683251415
10,1500,1510,0.1537084172136115
11,1518,1529,0.15370853506434304
12,1510,1522,0.15370562912022356
11,1498,1509,0.15369998443136582
12,1504,1516,0.15369753939074335
12,1495,1507,0.1536924507796258
13,1498,1511,0.15368800260385973
14,1511,1525,0.1536808897579084
16,1514,1530,0.15367131099616244
16,1509,1525,0.15365623505974565
16,1510,1526,0.1536426444417084
17,1505,1522,0.15363038056454456
14,1506,1520,0.15361605776199636
15,1493,1508,0.15361060866661447
16,1498,1514,0.15360330543626027
16,1508,1524,0.15359337590738686
16,1498,1514,0.15358450258413053
17,1505,1522,0.15357574198665425
17,1504,1521,0.15356475204402414
17,1509,1526,0.15355492708233817
17,1508,1525,0.15354540440231565
16,1509,1525,0.1535369258139596
16,1508,1524,0.15353176943628236
15,1505,1520,0.15352728295822363
16,1490,1506,0.15352590876944128
17,1500,1517,0.153522282499056
17,1493,1510,0.1535159114562737
17,1481,1498,0.15351024546788364
17,1496,1513,0.1535052018470269
18,1506,1524,0.1535007079902451
18,1511,1529,0.15349348864134454
17,1526,1543,0.1534869996313604
15,1518,1533,0.15348361986455827
14,1512,1526,0.1534857113348556
14,1518,1532,0.15349021251072062
13,1499,1512,0.1534945918242292
13,1489,1502,0.15350124908518825
13,1505,1518,0.15350761552339454
13,1514,1527,0.15351369363706147
13,1514,1527,0.15351933424758848
13,1512,1525,0.15352473555571464
13,1506,1519,0.15352989913434473
13,1505,1518,0.15353482807874716
14,1512,1526,0.15353952671238155
13,1521,1534,0.15354084439397403
13,1521,1534,0.1535446851510223
11,1521,1532,0.1535484243996667
11,1515,1526,0.15355689605018227
11,1515,1526,0.15356495193035435
11,1525,1536,0.15357260377308546
11,1515,1526,0.15357986440030008
10,1510,1520,0.15358674741983966
10,1510,1520,0.15359570332516667
11,1505,1516,0.15360415905879438
11,1510,1521,0.15360891340107125
11,1514,1525,0.1536135135776284
11,1505,1516,0.15361795140298207
12,1503,1515,0.15362222148756996
12,1515,1527,0.15362318539701486
12,1515,1527,0.15362427191845776
12,1519,1531,0.15362545221845506
12,1503,1515,0.15362670177658305
12,1497,1509,0.1536279998133025
12,1491,1503,0.15362932879042682
12,1504,1516,0.1536306739751369
12,1496,1508,0.15363202305960966
12,1496,1508,0.15363336582931067
12,1497,1509,0.1536346938738637
12,1497,1509,0.15363600033516486
12,1497,1509,0.15363727968807045
11,1501,1512,0.1536385275495683
12,1507,1519,0.15364216179682524
12,1504,1516,0.15364246515288266
11,1494,1505,0.15364219417491048
11,1497,1508,0.15364510445464433
11,1510,1521,0.15364794282228816
10,1516,1526,0.1536506999704456
10,1513,1523,0.15365569936280563
12,1519,1531,0.15366046563244512
13,1504,1517,0.15365880115390218
13,1507,1520,0.1536542594552883
13,1511,1524,0.15365031248972985
12,1497,1509,0.15364688627144554
14,1509,1523,0.1536462964609555
14,1505,1519,0.15364033834254037
14,1504,1518,0.1536350442804979
14,1505,1519,0.15363033819670194
14,1493,1507,0.1536261529827955
13,1486,1499,0.15362242941564822
13,1483,1496,0.1536215397434278
13,1494,1507,0.15362086387577706
13,1504,1517,0.15362036930398934
12,1503,1515,0.15362002792721724
13,1507,1520,0.15362214115186187
13,1505,1518,0.15362182069661237
13,1518,1531,0.15362161167264804
13,1505,1518,0.1536214962855084
11,1498,1509,0.15362145917559572
11,1504,1515,0.1536263848974959
11,1505,1516,0.15363106461290552
11,1504,1515,0.15363550704127388
11,1497,1508,0.1536397211242012
9,1482,1491,0.1536437159190579
9,1499,1508,0.15365227749554722
8,1502,1510,0.15366034126358027
9,1489,1498,0.15367021391700392
8,1499,1507,0.15367714701727497
7,1495,1502,0.1536861218972902
7,1491,1498,0.1536969002134805
7,1506,1513,0.1537070258654904
7,1521,1528,0.15371653585463643
5,1511,1516,0.15372546545408916
4,1511,1515,0.15373852569159294
4,1498,1502,0.1537532586188203
3,1515,1518,0.15376709331801994
3,1508,1511,0.15378241647234084
3,1512,1515,0.15379680571970786
3,1506,1509,0.15381031651489477
3,1512,1515,0.15382300123948978
3,1504,1507,0.15383490933972704
3,1505,1508,0.15384608746318695
2,1509,1511,0.15385657959341106
3,1497,1500,0.1538687905198369
3,1501,1504,0.1538770297546289
3,1490,1493,0.15388486637411514
3,1491,1494,0.15389231163453346
3,1499,1502,0.1538993778574314
3,1505,1508,0.15390607813519083
3,1511,1514,0.1539124260844952
3,1510,1513,0.1539184356409043
4,1512,1516,0.15392412088862722
4,1502,1506,0.15392643233161485
4,1498,1502,0.1539287170461532
4,1504,1508,0.1539309617789833
4,1525,1529,0.1539331560203631
4,1526,1530,0.15393529158518504
4,1527,1531,0.1539373622523545
4,1513,1517,0.15393936345461817
4,1514,1518,0.15394129201206416
5,1498,1503,0.1539431459034089
4,1504,1508,0.15394169480513198
4,1498,1502,0.15394289263846012
4,1481,1485,0.15394413521731562
4,1491,1495,0.1539454045777019
4,1502,1506,0.15394668582581347
5,1506,1511,0.15394796669433994
5,1521,1526,0.15394601992481205
5,1514,1519,0.15394435188463856
5,1510,1515,0.1539429251841052
5,1509,1514,0.15394170733293758
5,1514,1519,0.15394067010322643
5,1515,1520,0.1539397889750636
5,1524,1529,0.15393904265414352
5,1518,1523,0.15393841265198052
5,1514,1519,0.15393788292061125
5,1522,1527,0.15393743953470726
5,1516,1521,0.15393707041494295
4,1511,1515,0.15393676508726478
5,1505,1510,0.1539389575397317
5,1497,1502,0.15393852809195566
5,1506,1511,0.1539381621329617
5,1512,1517,0.15393785109710012
5,1512,1517,0.15393758753937503
5,1514,1519,0.15393736499016097
5,1508,1513,0.15393717782873562
5,1492,1497,0.1539370211731885
5,1499,1504,0.15393689078458006
5,1509,1514,0.15393601751305896
5,1496,1501,0.15393531396200294
5,1495,1500,0.15393475536389511
5,1507,1512,0.15393432027595277
5,1520,1525,0.1539339901463878
5,1512,1517,0.1539337489367686
5,1506,1511,0.1539335827932345
5,1517,1522,0.15393347976025015
5,1514,1519,0.153933429531405
4,1514,1518,0.15393342323247508
4,1524,1528,0.1539358998443113
4,1514,1518,0.1539382594379831
3,1515,1518,0.15394050525496525
3,1504,1507,0.1539450741287732
3,1506,1509,0.15394938798674732
3,1530,1533,0.1539534593958975
3,1504,1507,0.15395730053394907
4,1507,1511,0.1539609231654158
4,1509,1513,0.15396114180121695
4,1514,1518,0.15396146164860003
4,1504,1508,0.15396107420639807
4,1503,1507,0.15396090102095783
4,1518,1522,0.1539609052160237
4,1521,1525,0.15396105515081707
4,1519,1523,0.1539613237250489
4,1523,1527,0.15396168777367608
4,1511,1515,0.15396212753994767
4,1507,1511,0.15396262621674425
4,1522,1526,0.15396316954748226
4,1514,1518,0.15396374547896435
5,1522,1527,0.1539643438595245
4,1525,1529,0.15396170267682086
4,1522,1526,0.15396186861148137
6,1515,1521,0.15396213641907583
6,1499,1505,0.15395659493454417
7,1508,1515,0.1539516127813798
6,1489,1495,0.15394385677033443
5,1504,1509,0.15393973316841922
4,1516,1520,0.15393841491162655
5,1516,1521,0.15394041830384567
5,1514,1519,0.15393985042455893
5,1506,1511,0.15393938888407047
5,1501,1506,0.1539390185334103
5,1512,1517,0.15393872621155558
5,1499,1504,0.1539385004919049
5,1496,1501,0.15393833146081284
5,1501,1506,0.1539382105241313
5,1503,1508,0.1539381302382191
5,1514,1519,0.1539380841623294
5,1515,1520,0.1539380667296754
5,1515,1520,0.15393807313481667
5,1514,1519,0.15393809923530707
4,1520,1524,0.15393814146580428
4,1533,1537,0.15394059760112
4,1521,1525,0.15394291651680855
4,1499,1503,0.15394510440870188
3,1521,1524,0.15394716741435033
3,1523,1526,0.1539515611905756
3,1527,1530,0.1539556902883733
3,1527,1530,0.1539595697165696
3,1515,1518,0.15396321377169817
3,1497,1500,0.1539666360505966
3,1493,1496,0.15396984946660136
3,1496,1499,0.15397286626852527
3,1488,1491,0.15397569806173117
3,1497,1500,0.15397835583072744
3,1511,1514,0.15398084996280473
4,1500,1504,0.15398319027231616
4,1498,1502,0.15398221795970068
4,1508,1512,0.1539814026867881
4,1504,1508,0.15398072269664342
4,1510,1514,0.1539801590895186
4,1515,1519,0.1539796954550762
4,1511,1515,0.15397931755164543
4,1501,1505,0.15397901302649936
4,1504,1508,0.15397877117191405
3,1515,1518,0.1539785827124391
4,1516,1520,0.15398081536936223
4,1522,1526,0.1539798184192346
5,1505,1510,0.1539790070160702
4,1510,1514,0.15397510950690438
4,1511,1515,0.15397417220676604
4,1511,1515,0.15397344751608547
5,1502,1507,0.15397290126572297
6,1512,1518,0.15396923087235576
6,1528,1534,0.15396278748617806
5,1509,1514,0.1539570147191772
5,1505,1510,0.1539548489458317
5,1513,1518,0.15395295071230866
5,1516,1521,0.1539512859953251
5,1502,1507,0.15394982515749958
5,1503,1508,0.15394854237863562
5,1521,1526,0.15394741516092153
5,1513,1518,0.15394642389843216
6,1513,1519,0.15394555150256903
6,1514,1520,0.15394177565569855
6,1522,1528,0.15393835852489426
6,1512,1518,0.15393526269714058
5,1487,1492,0.1539324549420961
5,1491,1496,0.1539322792049676
5,1501,1506,0.15393219016857673
5,1510,1515,0.15393217218255756
6,1512,1518,0.15393221193138912
5,1518,1523,0.15392911244982405
5,1517,1522,0.15392942885239097
5,1510,1515,0.1539297627597425
5,1514,1519,0.1539301079570577
5,1518,1523,0.15393045930319013
5,1506,1511,0.1539308125732327
4,1510,1514,0.15393116432272308
4,1506,1510,0.15393397578455073
4,1513,1517,0.15393662778646758
4,1518,1522,0.1539391279206359
4,1515,1519,0.15394148364263963
4,1499,1503,0.15394370223294881
4,1506,1510,0.15394579076724593
5,1509,1514,0.15394775609418349
5,1526,1531,0.1539464111417467
5,1523,1528,0.15394525013438123
5,1517,1522,0.15394424847363902
5,1522,1527,0.15394338481767933
5,1524,1529,0.15394264065203264
5,1508,1513,0.15394199991683627
5,1516,1521,0.15394144868311613
5,1521,1526,0.15394097487166664
5,1512,1517,0.15394056800892733
5,1517,1522,0.15394021901499225
5,1508,1513,0.1539399200195261
5,1514,1519,0.1539396642019183
5,1506,1511,0.15393944565248716
5,1504,1509,0.15393925925196628
5,1500,1505,0.1539391005668683
6,1502,1508,0.15393896575863814
6,1507,1513,0.15393570388874372
6,1513,1519,0.15393275040146348
6,1517,1523,0.1539300731027067
6,1505,1511,0.15392764344305562
6,1513,1519,0.1539254360803455
5,1519,1524,0.15392342849681712
5,1522,1527,0.15392431683608432
5,1515,1520,0.15392515878908242
6,1510,1516,0.15392595588879532
6,1513,1519,0.15392355009783787
6,1507,1513,0.15392139583751946
5,1502,1507,0.15391946460733297
6,1514,1520,0.15392012502440897
6,1522,1528,0.1539176670936607
5,1512,1517,0.15391551908014361
5,1513,1518,0.15391636432596767
6,1521,1527,0.1539172369892571
6,1507,1513,0.153914969078366
6,1509,1515,0.15391300011134756
6,1506,1512,0.15391129217193217
6,1501,1507,0.15390931211977324
6,1509,1515,0.15390762278238382
6,1521,1527,0.153906184528291
5,1518,1523,0.1539049629520646
5,1508,1513,0.1539063152051873
6,1515,1521,0.15390768191242593
6,1514,1520,0.15390599070820205
6,1519,1525,0.15390456667705435
6,1513,1519,0.15390337217875882
5,1524,1529,0.15390237463456632
5,1518,1523,0.1539043039963711
5,1515,1520,0.15390615824772058
5,1514,1519,0.15390793584888787
6,1495,1501,0.15390963618581868
6,1508,1514,0.1539080539432027
6,1513,1519,0.15390669036650967
6,1521,1527,0.15390551611676284
6,1518,1524,0.15390450573721762
6,1512,1518,0.1539036371427531
6,1507,1513,0.1539028911762841
7,1507,1514,0.1539022512233965
7,1510,1517,0.1538985584991438
7,1518,1525,0.1538952309081259
7,1501,1508,0.15389222818289267
7,1505,1512,0.15388951485710994
7,1516,1523,0.15388705966458432
7,1512,1519,0.15388483501566042
6,1509,1515,0.15388281654087005
6,1517,1523,0.1538835263214056
7,1516,1523,0.15388423284460415
6,1505,1511,0.15388175002557844
6,1497,1503,0.1538819756464888
6,1505,1511,0.15388230330615346
6,1511,1517,0.15388271209603904
6,1520,1526,0.1538831842535026
6,1523,1529,0.15388370473052287
6,1516,1522,0.15388426081950285
6,1511,1517,0.1538848418286942
6,1517,1523,0.15388543880076122
6,1516,1522,0.15388604426884417
6,1519,1525,0.15388665204521623
5,1517,1522,0.15388725703826497
5,1514,1519,0.15389021319790122
5,1517,1522,0.1538930145099064
6,1505,1511,0.15389566616598438
6,1511,1517,0.15389504158068548
6,1518,1524,0.15389456798195855
6,1506,1512,0.15389422132137134
5,1520,1525,0.15389398095093504
6,1514,1520,0.15389663821339392
6,1512,1518,0.1538960562001318
6,1516,1522,0.15389561359905976
5,1505,1510,0.15389528885222983
4,1500,1504,0.1538974276424455
4,1503,1507,0.15390192733797212
6,1501,1507,0.15390620911682998
6,1506,1512,0.15390472590604
6,1497,1503,0.15390347730748027
6,1510,1516,0.15390243080209395
6,1514,1520,0.15390155816248868
6,1510,1516,0.15390083489756035
6,1507,1513,0.15390023976846387
6,1516,1522,0.15389975436678177
6,1507,1513,0.15389936274691596
5,1490,1495,0.1538990511057503
4,1507,1511,0.1539013698024649
5,1509,1514,0.1539059610012835
5,1502,1507,0.15390782109333062
6,1510,1516,0.1539095914896508
6,1508,1514,0.15390850796018732
6,1522,1528,0.15390755603274922
6,1524,1530,0.15390671959750718
5,1521,1526,0.15390598453500026
7,1519,1526,0.1539077275944427
7,1512,1519,0.15390370785625487
7,1517,1524,0.15390007708101833
6,1516,1522,0.1538967936122254
6,1526,1532,0.15389627859983335
6,1515,1521,0.15389589099066558
6,1524,1530,0.153895610496263
6,1518,1524,0.15389541970261084
6,1528,1534,0.15389530368003396
6,1525,1531,0.15389524964515272
6,1516,1522,0.1538952466679958
6,1504,1510,0.1538952854182778
7,1510,1517,0.15389535794564402
8,1514,1522,0.15389242107356374
8,1515,1523,0.1538865751456974
8,1515,1523,0.15388129925749647
7,1512,1519,0.1538765341370622
7,1519,1526,0.1538746134467357
8,1526,1534,0.1538729559119244
9,1531,1540,0.1538683558163275
9,1525,1534,0.15386109603574982
9,1533,1542,0.1538545681216304
8,1508,1516,0.15384869284526576
9,1501,1510,0.1538462452317942
9,1518,1527,0.15384132770651202
9,1519,1528,0.15383688960169006
9,1509,1518,0.15383288124940445
9,1501,1510,0.15382925837725334
9,1487,1496,0.1538259815008366
9,1500,1509,0.15382301538652862
9,1505,1514,0.15382032857623595
8,1502,1510,0.15381789296682938
7,1503,1510,0.15381804097211532
6,1502,1508,0.15382054778929002
5,1494,1499,0.15382524753847385
6,1507,1513,0.15383202311317856
6,1513,1519,0.1538358029014705
8,1516,1524,0.15383940890786157
8,1514,1522,0.15383715429104053
8,1507,1515,0.1538350802670656
9,1502,1511,0.1538332977176829
8,1498,1506,0.1538290849284674
8,1499,1507,0.1538276494474702
8,1508,1516,0.15382645538440645
8,1514,1522,0.15382546792668583
9,1512,1521,0.1538246569645521
9,1529,1538,0.15382121895079787
10,1513,1523,0.15381814196682642
10,1502,1512,0.15381215332910514
10,1506,1516,0.1538067495707414
10,1495,1505,0.15380109333527212
9,1494,1503,0.15379604805998398
9,1491,1500,0.15379390186375447
8,1500,1508,0.15379209014471018
10,1515,1525,0.15379291623665775
11,1513,1524,0.15378734918026413
11,1510,1521,0.15377998487246491
11,1502,1513,0.15377338978834193
11,1514,1525,0.15376747908381705
10,1508,1518,0.1537621776463051
10,1505,1515,0.1537597986602663
10,1488,1498,0.15375774077242507
10,1485,1495,0.15375596164628433
9,1492,1501,0.15375442445231932
9,1495,1504,0.15375506797922903
9,1502,1511,0.15375583453507846
9,1506,1515,0.15375669686143398
8,1515,1523,0.15375763174082357
9,1516,1525,0.15376097714635267
9,1518,1527,0.15376178286682932
9,1519,1528,0.15376263307680998
9,1518,1527,0.1537635135440396
8,1510,1518,0.15376441230418383
8,1502,1510,0.15376770338661638
7,1500,1507,0.15377083662520888
7,1511,1518,0.15377626127245395
7,1517,1524,0.15378138505108205
8,1502,1510,0.15378622161812014
8,1500,1508,0.15378776070274722
8,1500,1508,0.15378931989840178
8,1520,1528,0.15379088395833868
8,1514,1522,0.15379244027021044
9,1501,1510,0.15379397848960166
9,1504,1513,0.1537922702973426
9,1501,1510,0.15379082621261758
8,1506,1514,0.15378961002316352
8,1501,1509,0.15379154280704277
7,1521,1528,0.15379339850707716
7,1521,1528,0.15379755029807582
8,1513,1521,0.15380148088415244
8,1517,1525,0.15380203878505833
8,1515,1523,0.1538026834610597
8,1531,1539,0.15380339344090227
8,1513,1521,0.15380415070326123
8,1507,1515,0.15380494018481283
8,1512,1520,0.1538057493552467
8,1518,1526,0.15380656785029237
8,1525,1533,0.15380738715501305
8,1520,1528,0.15380820033064427
7,1517,1524,0.15380900177914447
7,1515,1522,0.15381238576885445
8,1520,1528,0.15381556885998124
9,1520,1529,0.15381538483164878
9,1511,1520,0.15381232292474287
9,1505,1514,0.15380962951263946
9,1505,1514,0.15380726043663512
9,1519,1528,0.1538051768567113
8,1513,1521,0.153803344605237
10,1503,1513,0.1538040450472065
10,1517,1527,0.1537993492046215
9,1512,1521,0.15379512944384494
8,1511,1519,0.15379368703843632
7,1504,1511,0.15379509153255003
7,1510,1517,0.1537988399803159
7,1512,1519,0.15380245123122144
7,1510,1517,0.15380592111845914
7,1513,1520,0.1538092473699621
7,1517,1524,0.1538124292832782
7,1517,1524,0.15381546744669003
7,1504,1511,0.15381836350045305
8,1501,1509,0.15382111993281264
8,1501,1509,0.15382051700416688
7,1505,1512,0.15382007866634556
8,1503,1511,0.1538220643989483
8,1514,1522,0.15382081878353984
9,1513,1522,0.1538198287205541
8,1512,1520,0.15381583475509358
9,1519,1528,0.15381458844044726
9,1507,1516,0.15381065577174383
9,1493,1502,0.15380722407251335
9,1513,1522,0.1538042298841532
9,1512,1521,0.15380161775850695
9,1515,1524,0.15379933924822534
9,1509,1518,0.15379735202436173
9,1520,1529,0.15379561910515768
9,1515,1524,0.15379410818199996
9,1504,1513,0.1537927910302998
9,1509,1518,0.15379164299459
9,1505,1514,0.153790642538487
8,1507,1515,0.1537897708513439
8,1511,1519,0.1537913256590475
8,1509,1517,0.1537928391540559
8,1495,1503,0.15379430733450675
8,1513,1521,0.1537957272305547
7,1492,1499,0.15379709674605788
7,1501,1508,0.15380078960150306
7,1505,1512,0.15380428590809556
7,1513,1520,0.1538075935245174
7,1513,1520,0.15381072038756505
7,1508,1515,0.1538136744341816
7,1512,1519,0.15381646353774123
8,1513,1521,0.1538190954564902
8,1513,1521,0.1538184444833326
8,1509,1517,0.15381793992153298
7,1527,1534,0.15381755932711066
6,1523,1529,0.15381970072766296
6,1527,1533,0.1538241876299797
6,1516,1522,0.1538284605411456
6,1510,1516,0.1538325243387716
6,1517,1523,0.15383638469428487
6,1530,1536,0.15384004788067476
6,1522,1528,0.15384352061080045
5,1511,1516,0.1538468099019373
5,1504,1509,0.1538524719773664
5,1498,1503,0.15385778939536354
5,1507,1512,0.1538627821595539
6,1513,1519,0.1538674692613434
6,1512,1518,0.1538688142433569
6,1511,1517,0.15387016305089538
6,1517,1523,0.15387150418978518
6,1503,1509,0.15387282833245955
6,1514,1520,0.15387412799576788
6,1512,1518,0.15387539726304478
6,1519,1525,0.15387663154455353
6,1518,1524,0.1538778273711904
6,1515,1521,0.15387898221700716
6,1515,1521,0.15388009434669184
6,1522,1528,0.15388116268465724
6,1507,1513,0.15388218670282572
7,1507,1514,0.15388316632458413
7,1499,1506,0.15388098293184652
7,1507,1514,0.15387904515447598
7,1510,1517,0.15387732463308404
7,1509,1516,0.15387579635568055
7,1494,1501,0.15387443825536765
7,1509,1516,0.15387323085709978
6,1514,1520,0.1538721569674532
6,1511,1517,0.153873847314347
5,1509,1514,0.1538754438009079
5,1503,1508,0.15387941221587662
5,1514,1519,0.15388314638269412
5,1501,1506,0.15388665920025005
5,1516,1521,0.15388996299154145
5,1507,1512,0.15389306950904608
5,1521,1526,0.15389598994379994
5,1537,1542,0.15389873493742035
4,1522,1526,0.153901314596431
4,1515,1519,0.15390613691279723
4,1510,1514,0.15391066532962172
4,1517,1521,0.1539149168960241
4,1518,1522,0.1539189078043181
4,1519,1523,0.15392265341278896
4,1513,1517,0.1539261682713839
4,1503,1507,0.15392946614954003
4,1518,1522,0.15393256006550157
4,1511,1515,0.15393546231658908
4,1518,1522,0.15393818450997598
4,1507,1511,0.15394073759360818
4,1517,1521,0.15394313188696995
4,1509,1513,0.15394537711145742
4,1509,1513,0.15394748242016895
4,1510,1514,0.15394945642696412
4,1516,1520,0.15395130723467598
4,1518,1522,0.15395304246239272
4,1510,1514,0.15395466927174659
4,1519,1523,0.15395619439217031
4,1503,1507,0.15395762414509695
4,1508,1512,0.1539589644670929
3,1515,1518,0.15396022093192577
3,1528,1531,0.15396375192279574
3,1520,1523,0.1539670659397677
3,1517,1520,0.15397017531550794
3,1525,1528,0.1539730918446813
3,1529,1532,0.15397582678005248
3,1535,1538,0.1539783908344474
3,1523,1526,0.15398079418740096
3,1515,1518,0.15398304649550398
3,1504,1507,0.1539851569056213
2,1513,1515,0.1539871340702902
2,1507,1509,0.1539913852366468
2,1511,1513,0.1539953752852089
2,1516,1518,0.1539991198006614
2,1510,1512,0.15400263350840554
2,1511,1513,0.1540059303111668
2,1514,1516,0.1540090233257712
2,1517,1519,0.15401192491973603
2,1516,1518,0.15401464674738885
2,1519,1521,0.15401719978528872
2,1532,1534,0.15401959436677257
2,1512,1514,0.1540218402154913
2,1509,1511,0.15402394647783602
2,1526,1528,0.15402592175418145
2,1519,1521,0.15402777412890167
2,1511,1513,0.15402951119912842
2,1507,1509,0.15403114010224275
2,1521,1523,0.1540326675421013
1,1513,1514,0.1540340998140107
1,1517,1518,0.1540378999400181
1,1522,1523,0.15404146821901446
1,1517,1518,0.15404481878263618
1,1525,1526,0.15404796490131886
1,1521,1522,0.15405091903697687
1,1508,1509,0.15405369289240728
1,1514,1515,0.15405629745763277
1,1518,1519,0.1540587430533813
1,1524,1525,0.15406103937188598
1,1519,1520,0.1540631955151767
1,1525,1526,0.15406522003102208
1,1516,1517,0.15406712094666974
1,1523,1524,0.15406890580052335
1,1523,1524,0.1540705816718846
1,1512,1513,0.15407215520888123
1,1517,1518,0.15407363265469254
1,1510,1511,0.1540750198721781
1,1503,1504,0.15407632236700775
1,1516,1517,0.154077545309385
1,1500,1501,0.15407869355444975
1,1515,1516,0.1540797716614413
1,1509,1510,0.15408078391169736
1,1515,1516,0.1540817343255598
1,1516,1517,0.15408262667825404
1,1523,1524,0.15408346451480376
1,1490,1491,0.1540842511640407
1,1502,1503,0.15408498975176327
1,1523,1524,0.15408568321309646
1,1503,1504,0.15408633430410112
1,1492,1493,0.1540869456126784
1,1498,1499,0.1540875195688114
1,1514,1515,0.15408805845418516
1,1514,1515,0.15408856441122182
1,1510,1511,0.154089039451567
1,1515,1516,0.1540894854640601
1,1512,1513,0.15408990422222024
1,1520,1521,0.1540902973912769
1,1524,1525,0.154090666534773
1,1512,1513,0.15409101312076642
1,1530,1531,0.154091338527654
1,1541,1542,0.1540916440496411
0,1533,1533,0.15409193090187848
