1360,26,1386,0.1357957775809476
1385,25,1410,0.13297194258844228
1413,29,1442,0.13033585222025817
1426,32,1458,0.1278606592937627
1433,34,1467,0.12557250179835963
1437,34,1471,0.12347367849160781
1445,35,1480,0.12155368924238649
1440,34,1474,0.11978638523438591
1445,35,1480,0.11819166783697256
1448,37,1485,0.11672941669721844
1446,35,1481,0.11539058773105465
1452,37,1489,0.11417943635971796
1456,38,1494,0.11306089752674954
1467,39,1506,0.1120328254697591
1463,37,1500,0.11107283172454625
1466,37,1503,0.11021013157605301
1468,35,1503,0.1094195799151007
1451,37,1488,0.10869452960268265
1451,38,1489,0.10807638229092141
1461,38,1499,0.10751674552756178
1456,37,1493,0.106983255816452
1457,34,1491,0.10651124866863367
1461,37,1498,0.10608058153390221
1472,38,1510,0.10567865265902698
1455,38,1493,0.10528716531480889
1444,39,1483,0.10497081799246018
1452,38,1490,0.1047093986230589
1460,38,1498,0.1044531174015744
1456,36,1492,0.10420058777127998
1451,36,1487,0.10398007465489989
1446,40,1486,0.1037910014179443
1456,42,1498,0.10363064634545649
1461,42,1503,0.1034612186233865
1456,45,1501,0.10329619760788482
1454,46,1500,0.10315871434365281
1446,46,1492,0.1030362392807869
1433,49,1482,0.10294303571356496
1417,48,1465,0.10288884061571013
1436,47,1483,0.10287579596350586
1443,46,1489,0.10282278088754719
1441,45,1486,0.10276133004184274
1449,46,1495,0.10270851101027656
1445,45,1490,0.10264193342165413
1445,46,1491,0.10258954928642897
1449,46,1495,0.10254215357521096
1456,45,1501,0.1024906216534917
1450,44,1494,0.10242716853916711
1457,47,1504,0.10238043425710779
1450,48,1498,0.10232203128900022
1448,46,1494,0.10228532071153054
1443,46,1489,0.10225610021382735
1435,46,1481,0.10224158533529773
1442,42,1484,0.10224720309230027
1431,48,1479,0.10223716427290974
1432,46,1478,0.10225489900505372
1434,49,1483,0.10227008159726252
1440,50,1490,0.10228119196305817
1441,50,1491,0.102277307007124
1440,50,1490,0.1022708044600927
1437,50,1487,0.10226773210623655
1448,51,1499,0.10227360112906161
1438,50,1488,0.10225341158624648
1447,48,1495,0.10225724302264112
1449,46,1495,0.10224048718464117
1457,48,1505,0.10222136586700721
1451,44,1495,0.1021840188125578
1469,45,1514,0.10216225854181113
1451,46,1497,0.10210084087806993
1448,46,1494,0.102084315391124
1439,47,1486,0.10207696823317691
1450,49,1499,0.1020901318650135
1445,47,1492,0.10207955122915903
1442,47,1489,0.10208184033514545
1439,47,1486,0.10209018603061387
1457,47,1504,0.10210484163492872
1435,44,1479,0.10207717767661371
1427,44,1471,0.10210036260832
1437,45,1482,0.10213885331661667
1433,46,1479,0.10215188045873663
1441,45,1486,0.10217273980359831
1444,45,1489,0.10217480809421836
1441,47,1488,0.10216999179733484
1453,49,1502,0.10217233358613668
1452,52,1504,0.1021467162593699
1442,52,1494,0.10212683674201786
1436,51,1487,0.10213010927895663
1430,50,1480,0.10214767123886766
1415,49,1464,0.10217786764043885
1437,51,1488,0.10224043769825557
1430,54,1484,0.102247813944786
1427,53,1480,0.10227091470682226
1423,52,1475,0.10229709431330057
1416,52,1468,0.10233175455253407
1424,51,1475,0.1023801609593335
1434,50,1484,0.10240578638548889
1437,50,1487,0.1024061878891262
1446,50,1496,0.1023992080539367
1447,49,1496,0.10237363284196803
1424,50,1474,0.10234722184224192
1429,51,1480,0.10237478542294812
1431,53,1484,0.10238653868722551
1435,56,1491,0.1023945433649651
1426,55,1481,0.10239212243058247
1425,58,1483,0.10241224451807915
1440,58,1498,0.1024336398072983
1451,55,1506,0.10241457123781221
1440,56,1496,0.1023726329667557
1423,56,1479,0.10235677059873038
1418,57,1475,0.10238330158447248
1428,52,1480,0.10242018184480842
1435,52,1487,0.10243328587185982
1450,52,1502,0.10242611711286298
1444,49,1493,0.10238533031899809
1444,51,1495,0.10236153061394745
1441,51,1492,0.10234125160151336
1448,50,1498,0.10232848129804319
1437,56,1493,0.10230339790385919
1430,57,1487,0.10230618308407351
1437,56,1493,0.10232570019266408
1438,56,1494,0.1023279512681762
1440,53,1493,0.10232887789099117
1440,56,1496,0.10232436309021986
1421,56,1477,0.10232143995585656
1428,59,1487,0.10236229899539001
1439,59,1498,0.1023846165539262
1432,55,1487,0.10238053184322071
1442,56,1498,0.1023909485854646
1432,56,1488,0.10237844152019727
1434,54,1488,0.10238766705830535
1434,55,1489,0.10239060480570636
1440,58,1498,0.10239281396045236
1444,60,1504,0.102380967919122
1436,59,1495,0.10236258912312846
1436,58,1494,0.10236525655947801
1443,60,1503,0.10236835174811301
1431,60,1491,0.10235472150790895
1425,59,1484,0.10237096070630375
1437,58,1495,0.10239905142324758
1435,57,1492,0.10239723023547334
1447,58,1505,0.10240030122596107
1436,59,1495,0.10237584099918023
1417,60,1477,0.10237774699128539
1425,62,1487,0.10242320481585596
1435,63,1498,0.10244815541362
1428,64,1492,0.10244826369723839
1439,63,1502,0.10246388166389053
1443,63,1506,0.10245335284594709
1415,63,1478,0.10243628507361736
1420,63,1483,0.1024825098458749
1414,62,1476,0.1025148803248247
1423,61,1484,0.102555625849794
1414,61,1475,0.10257449770761856
1420,60,1480,0.10261211440086888
1422,58,1480,0.10263322275321965
1428,61,1489,0.1026490440600892
1427,59,1486,0.10265021847918536
1426,58,1484,0.1026504430831611
1432,63,1495,0.10265385769132652
1436,64,1500,0.10264287628444085
1437,66,1503,0.10262396916931367
1441,67,1508,0.10260539914651817
1428,67,1495,0.10257862165075327
1408,71,1479,0.10258196016014384
1405,72,1477,0.10263140283527368
1414,68,1482,0.1026834430711697
1424,69,1493,0.10271293200092976
1424,70,1494,0.10271688230649317
1424,73,1497,0.10272167661998756
1439,74,1513,0.10272498388601417
1422,73,1495,0.10269569613279668
1426,75,1501,0.10270634937432827
1425,75,1500,0.10270811747680167
1436,73,1509,0.10271226884276889
1436,74,1510,0.10269310020344691
1430,74,1504,0.10267515725780049
1432,71,1503,0.10267087304206544
1430,69,1499,0.10266335541179282
1427,65,1492,0.1026614177654857
1433,65,1498,0.10266475599085283
1435,68,1503,0.10265146384579533
1430,66,1496,0.10263589828230422
1413,67,1480,0.10263150159524391
1416,72,1488,0.10266640964970015
1426,72,1498,0.10269326221985722
1423,74,1497,0.1026948386718937
1417,73,1490,0.10270334749217161
1415,72,1487,0.10272403214500297
1411,75,1486,0.10275079032871122
1399,74,1473,0.1027851615502091
1401,75,1476,0.10284534352977971
1403,74,1477,0.10289748039303959
1409,73,1482,0.10293960550476207
1397,71,1468,0.10296278335943758
1414,73,1487,0.1030083719701074
1405,76,1481,0.10301049460846774
1401,77,1478,0.10303527314253269
1399,76,1475,0.10306863575125369
1398,75,1473,0.10310441772505533
1407,77,1484,0.10313801840572687
1397,77,1474,0.1031492511393104
1404,78,1482,0.10317830919185322
1410,78,1488,0.1031908182938335
1420,79,1499,0.10318994065873972
1416,84,1500,0.10316597604085832
1421,81,1502,0.10315434900052069
1409,80,1489,0.10313340230902035
1414,82,1496,0.10314012973212616
1422,81,1503,0.10313466692131071
1415,80,1495,0.10311283373094841
1407,79,1486,0.10310744196401844
1413,75,1488,0.1031221706432476
1413,76,1489,0.10312007331435545
1417,74,1491,0.10311913348913261
1429,73,1502,0.10310890811257696
1437,76,1513,0.10307362884752568
1428,77,1505,0.10302092239202175
1415,78,1493,0.10299255713410316
1407,79,1486,0.10299545045073445
1415,78,1493,0.10301780162738756
1404,77,1481,0.10302196942454252
1413,78,1491,0.10304941996040168
1417,78,1495,0.10305358218327967
1406,79,1485,0.10304758420453225
1397,80,1477,0.10306791714826366
1394,77,1471,0.1031068417223886
1388,79,1467,0.1031489238972291
1404,76,1480,0.10320226308124356
1406,76,1482,0.10321527398438643
1399,77,1476,0.10322009888062751
1399,77,1476,0.1032409511548503
1388,74,1462,0.10326090010015036
1385,74,1459,0.10330284190846531
1391,75,1466,0.10334801055935428
1395,75,1470,0.1033749245552837
1407,77,1484,0.10338982392963661
1415,77,1492,0.10337730516032542
1416,75,1491,0.10334894289860848
1425,74,1499,0.10332102100524217
1414,76,1490,0.10327336212306633
1409,77,1486,0.10325515392908455
1414,77,1491,0.10325038435101566
1398,79,1477,0.10323456978533295
1401,80,1481,0.10325532290153266
1389,83,1472,0.1032678523968856
1382,83,1465,0.1033069198236496
1385,83,1468,0.10336111799156551
1391,85,1476,0.10340546901145924
1387,86,1473,0.10343217492628534
1393,86,1479,0.10346552793721257
1406,84,1490,0.10348493601615541
1404,86,1490,0.10347534992380748
1400,88,1488,0.10347074266467912
1408,86,1494,0.10347558399298702
1402,90,1492,0.10346112497449869
1398,88,1486,0.1034593787121272
1402,90,1492,0.10346678077463597
1410,90,1500,0.10346638414730609
1426,90,1516,0.10344751821386752
1418,89,1507,0.10339444532039893
1418,88,1506,0.1033630640435579
1412,89,1501,0.10333420958243529
1404,89,1493,0.10332059061516269
1409,89,1498,0.1033262663325641
1406,91,1497,0.10332437273286935
1404,87,1491,0.10332735313947866
1401,86,1487,0.10333234612992254
1387,87,1474,0.10334256702036232
1402,89,1491,0.1033839277366079
1405,87,1492,0.10338966549042088
1413,85,1498,0.10338934605996965
1417,85,1502,0.1033701311319068
1408,83,1491,0.10334456567742681
1404,85,1489,0.10334131686906499
1392,81,1473,0.10334775638801327
1421,81,1502,0.10338032155426158
1421,81,1502,0.10334560135530606
1424,80,1504,0.10331348297048698
1419,79,1498,0.1032770532838889
1399,81,1480,0.10325213940015686
1402,82,1484,0.10327593721778847
1398,85,1483,0.10329179822907199
1407,85,1492,0.10331651111204274
1400,86,1486,0.10332042318741073
1400,89,1489,0.10333914445175911
1401,91,1492,0.1033568200329749
1402,90,1492,0.10336911581613054
1413,86,1499,0.10337826385897816
1421,86,1507,0.10336245158766491
1421,84,1505,0.10333010060048135
1427,85,1512,0.10329946944672913
1426,85,1511,0.10325639975276836
1410,86,1496,0.1032212437451416
1399,86,1485,0.10322283492769696
1393,86,1479,0.10324918614656883
1395,90,1485,0.10328660015885267
1418,93,1511,0.1033192844690539
1426,93,1519,0.10329869195491731
1410,94,1504,0.10326286068247821
1407,96,1503,0.10326610589559605
1406,93,1499,0.10327542377034227
1396,98,1494,0.10328880064772016
1407,99,1506,0.10332293241579713
1406,98,1504,0.10333047707309914
1401,99,1500,0.10333965006032146
1402,99,1501,0.10336051520447398
1400,102,1502,0.10337695678327762
1387,102,1489,0.10339761156258036
1403,100,1503,0.10344442858441169
1402,98,1500,0.1034517533557194
1408,99,1507,0.10345984387206374
1409,100,1509,0.10345133622487485
1401,100,1501,0.10344067402424054
1397,98,1495,0.10345071466008296
1400,100,1500,0.1034698186668209
1392,99,1491,0.10348163794726568
1397,99,1496,0.10351134086304586
1400,99,1499,0.10352674078490211
1409,99,1508,0.1035340960798522
1398,98,1496,0.10351996469171451
1401,99,1500,0.10353016675419337
1389,103,1492,0.10353368043879906
1383,107,1490,0.10356347095461015
1397,108,1505,0.10360616195265887
1381,110,1491,0.10361449660870288
1384,109,1493,0.10365727963587833
1399,112,1511,0.10368845243222242
1392,112,1504,0.103685399289287
1387,110,1497,0.10369731572959374
1389,109,1498,0.1037219603985366
1387,110,1497,0.10374200202489657
1397,109,1506,0.10376397268059835
1389,111,1500,0.10376189353398611
1386,110,1496,0.10377505157455655
1379,108,1487,0.1037927797900386
1378,107,1485,0.1038261715859122
1372,110,1482,0.10385838428005133
1377,107,1484,0.10390208693437658
1378,108,1486,0.10393231526223602
1378,110,1488,0.1039571099681114
1369,107,1476,0.10398069228829616
1372,109,1481,0.10402276775544358
1386,112,1498,0.10405411913840354
1384,115,1499,0.10404994886453452
1379,113,1492,0.1040524994599229
1362,115,1477,0.10406544067187333
1365,117,1482,0.10411469852837488
1361,118,1479,0.10415484706091446
1372,125,1497,0.10420179257248449
1357,127,1484,0.10422083815051744
1351,129,1480,0.10427195282640461
1347,129,1476,0.10433325332047788
1360,128,1488,0.1044018417418149
1365,130,1495,0.10443487233826593
1361,126,1487,0.10445500585514378
1376,126,1502,0.10448249793148062
1366,132,1498,0.1044720219682269
1377,126,1503,0.10448580166413805
1379,129,1508,0.10447447590777408
1376,129,1505,0.10445902752286149
1370,125,1495,0.10445310856770985
1364,130,1494,0.10446292793305016
1359,134,1493,0.10448568200059163
1360,131,1491,0.10451440928499173
1362,128,1490,0.1045400154811966
1348,124,1472,0.10456146609143825
1359,124,1483,0.1046131505549215
1351,125,1476,0.10463335918523407
1349,130,1479,0.10467000903314483
1342,133,1475,0.1047083477457694
1350,137,1487,0.1047611668009322
1354,136,1490,0.10478984322797393
1357,135,1492,0.10480923765503179
1356,139,1495,0.10482190004619939
1367,142,1509,0.10483391189713888
1347,146,1493,0.104819401344482
1334,143,1477,0.10485366593323392
1341,147,1488,0.104918120657483
1332,150,1482,0.10496225196934768
1339,152,1491,0.10502318706632095
1332,152,1484,0.10506254831098177
1333,154,1487,0.1051155645196745
1332,157,1489,0.10516210308003891
1337,157,1494,0.10520747111847711
1333,156,1489,0.10523847542185712
1341,155,1496,0.10527688689002225
1334,153,1487,0.10529320667227005
1336,154,1490,0.10532437435467998
1328,156,1484,0.10534824148007933
1322,160,1482,0.10539073976342554
1323,158,1481,0.10544143382434606
1322,157,1479,0.10548623581131582
1325,155,1480,0.10553177424019154
1325,162,1487,0.10556836217913944
1327,162,1489,0.10560401542761826
1323,164,1487,0.10563149080202049
1327,167,1494,0.1056671580739253
1341,165,1506,0.10569288252398377
1337,161,1498,0.10568609861615386
1345,157,1502,0.10568861215207363
1354,163,1517,0.10567241128430613
1353,161,1514,0.10563583030094804
1344,163,1507,0.10560369897702512
1338,165,1503,0.10559538669119856
1333,167,1500,0.10560128952298843
1335,171,1506,0.10561601500301616
1337,170,1507,0.10562821013082033
1326,166,1492,0.10563713870668252
1319,170,1489,0.10566901518336465
1325,166,1491,0.10571553884555679
1325,167,1492,0.10574638827831445
1326,168,1494,0.10577428516972046
1315,169,1484,0.1057982717088058
1300,170,1470,0.10584475211730184
1308,175,1483,0.10592179705991729
1314,175,1489,0.10597360367859729
1315,175,1490,0.10600904577772977
1319,172,1491,0.10603827999852555
1320,169,1489,0.10605857229197854
1331,175,1506,0.10607471667325427
1326,180,1506,0.10606558989084959
1329,181,1510,0.10606898084888908
1321,182,1503,0.10606547371602904
1328,182,1510,0.10607969010425138
1304,177,1481,0.10607798448219757
1319,176,1495,0.10613070867596872
1304,174,1478,0.10614519642015305
1300,176,1476,0.10619107136939673
1303,181,1484,0.10624436796811755
1294,185,1479,0.1062873105941876
1293,185,1478,0.10634695735307761
1289,183,1472,0.10640386186942216
1295,181,1476,0.10646567618572242
1301,181,1482,0.10650748080197368
1301,183,1484,0.10653378550301743
1311,187,1498,0.10655531888152886
1309,190,1499,0.10655352845383392
1305,185,1490,0.10655643685911233
1306,183,1489,0.1065690775182523
1307,186,1493,0.10657711929472286
1300,181,1481,0.1065859832944449
1299,185,1484,0.1066057490069776
1306,185,1491,0.10662646203735492
1299,185,1484,0.10663170251426496
1322,187,1509,0.10665198718073271
1312,187,1499,0.10661813462083825
1306,184,1490,0.10661048084297552
1306,191,1497,0.10661628626561136
1302,193,1495,0.10662140250441865
1297,196,1493,0.10663693770074842
1294,194,1488,0.10666452548280649
1284,204,1488,0.10669872685374178
1295,206,1501,0.10675474054071915
1285,208,1493,0.10677856292990118
1280,210,1490,0.10682478163950307
1291,208,1499,0.10687941220751672
1285,209,1494,0.1069065936249499
1275,212,1487,0.1069457427718961
1273,212,1485,0.10700510241137935
1282,208,1490,0.10706670208131325
1286,206,1492,0.10710205567709113
1281,202,1483,0.10712640293043854
1288,209,1497,0.10715972884663737
1275,213,1488,0.10717405810942551
1284,219,1503,0.10721585531576071
1278,224,1502,0.10723624483417214
1268,222,1490,0.10726987005046183
1275,224,1499,0.10732679796068396
1272,219,1491,0.10736080755061046
1274,220,1494,0.10739910962718315
1274,220,1494,0.10742927103635154
1258,222,1480,0.10745987966331107
1251,223,1474,0.10752516307143994
1263,220,1483,0.10760064227478366
1274,224,1498,0.10764459577348617
1271,226,1497,0.10765926335238798
1273,222,1495,0.10767997798314863
1269,225,1494,0.10769386208440163
1272,227,1499,0.10771676577523358
1267,226,1493,0.1077299847514039
1260,223,1483,0.10775449035283756
1254,221,1475,0.10779459496101065
1270,223,1493,0.10784163067604649
1267,228,1495,0.1078505797050767
1273,230,1503,0.10786715948693576
1253,229,1482,0.10786907240313731
1262,231,1493,0.10791508987757684
1242,231,1473,0.10793710149526142
1245,232,1477,0.10800355208326358
1254,232,1486,0.10806004675657309
1255,233,1488,0.10809261990852015
1258,238,1496,0.10812161268767351
1272,234,1506,0.10814078862637479
1248,233,1481,0.10812698706113201
1255,235,1490,0.10816626144995531
1257,234,1491,0.10818761820285797
1257,237,1494,0.10820362050812689
1250,235,1485,0.10821784892440085
1262,238,1500,0.10824675056623341
1269,239,1508,0.10824643142450993
1272,240,1512,0.10823067006390043
1273,235,1508,0.1082118075885542
1277,237,1514,0.10819072392005123
1268,232,1500,0.10816140044957673
1266,233,1499,0.10815420141613011
1267,233,1500,0.10815245709690284
1256,240,1496,0.10814956182047201
1264,232,1496,0.10817277540304296
1266,240,1506,0.10817584077023387
1263,249,1512,0.10817610714004487
1261,248,1509,0.10818177136525559
1261,248,1509,0.10819100091448006
1252,248,1500,0.108200126386667
1236,248,1484,0.10823044239281848
1233,248,1481,0.10829644669556786
1238,247,1485,0.10836662564117125
1234,249,1483,0.1084202690435326
1221,249,1470,0.1084786609315914
1234,257,1491,0.10856190839880861
1237,265,1502,0.1086100683570995
1236,261,1497,0.10864746607319599
1238,261,1499,0.10868466162336148
1250,267,1517,0.10871547055352092
1241,260,1501,0.10871752392699484
1236,262,1498,0.10873896417155146
1234,263,1497,0.10877193291846854
1241,255,1496,0.1088057537807331
1236,256,1492,0.10881876203008528
1234,252,1486,0.10884524016656785
1235,254,1489,0.10887570926886822
1239,257,1496,0.10890140827773925
1227,265,1492,0.10891542912457247
1223,269,1492,0.10895293010822096
1224,270,1494,0.10899710560301991
1230,269,1499,0.10903503036185161
1231,266,1497,0.10905852344612452
1234,270,1504,0.10907724275365399
1217,269,1486,0.10908911562672799
1214,270,1484,0.10913840511073364
1223,270,1493,0.10918967704532873
1224,274,1498,0.10921956400640674
1231,275,1506,0.10924433864821548
1239,273,1512,0.10925065505576648
1227,277,1504,0.10923885229699742
1223,273,1496,0.10925612441041425
1217,276,1493,0.10928047914853117
1220,276,1496,0.10931601067191267
1217,277,1494,0.10934106780454338
1203,277,1480,0.1093729005838213
1196,280,1476,0.10943615132640669
1199,284,1483,0.1095122802133015
1199,282,1481,0.10957505837233386
1201,277,1478,0.10963316541177319
1212,275,1487,0.10968039919044692
1198,274,1472,0.10969972024571746
1209,275,1484,0.10974784062169189
1222,273,1495,0.10976630607192776
1229,275,1504,0.10975185114024807
1238,273,1511,0.10972220489129786
1238,274,1512,0.10967419279686512
1243,278,1521,0.10962919393671182
1230,274,1504,0.10957609314965577
1238,276,1514,0.10955875425070703
1224,277,1501,0.10952546318887901
1239,277,1516,0.10952513555770357
1236,267,1503,0.1094895443191681
1239,263,1502,0.10946368011655025
1235,264,1499,0.1094317673175825
1230,271,1501,0.109410489198529
1232,275,1507,0.10940102480721046
1237,275,1512,0.10938903307944459
1231,276,1507,0.10936867129427526
1230,277,1507,0.10936641315677198
1232,278,1510,0.10936765980045603
1237,277,1514,0.10936438598377979
1232,282,1514,0.10934921823495582
1231,285,1516,0.10934679249443628
1225,277,1502,0.10935016951895916
1215,285,1500,0.10936917077271695
1210,282,1492,0.10941008278236286
1203,288,1491,0.10946028542695935
1198,288,1486,0.10951944226037089
1202,286,1488,0.10958704682741803
1202,288,1490,0.10964207273765547
1208,283,1491,0.10969238356722975
1202,283,1485,0.10972491534701052
1206,288,1494,0.10976883309179034
1206,290,1496,0.10979838456404888
1203,294,1497,0.10982448030447578
1200,290,1490,0.1098561952898088
1206,292,1498,0.10989069899582528
1203,288,1491,0.10991089774915892
1208,293,1501,0.1099372560091711
1195,294,1489,0.10994704114069993
1201,294,1495,0.10998736331656936
1195,306,1501,0.11001408825571737
1203,308,1511,0.11005282874795227
1210,305,1515,0.11007181817047781
1200,309,1509,0.11007262501157472
1199,310,1509,0.11009626565194999
1208,300,1508,0.11012060538813019
1212,301,1513,0.11012362998108545
1207,302,1509,0.11011672873189343
1191,309,1500,0.11012444992024782
1193,307,1500,0.11016908488939749
1196,303,1499,0.11020572081532841
1189,309,1498,0.1102338929530617
1191,307,1498,0.11027416008904194
1179,305,1484,0.11030755371747115
1187,309,1496,0.11036687223736234
1195,308,1503,0.11040430403763349
1186,313,1499,0.11041797553030368
1191,314,1505,0.11045054123359652
1187,317,1504,0.11047074027889099
1192,312,1504,0.1105001975581422
1190,313,1503,0.11051578643176915
1190,321,1511,0.1105346703289831
1198,320,1518,0.1105527140172277
1195,317,1512,0.11055290480808093
1181,316,1497,0.11056015046040452
1183,316,1499,0.1105988318442731
1185,319,1504,0.11063126161617497
1175,323,1498,0.11065594879772023
1167,322,1489,0.11070430772245114
1174,319,1493,0.11076477808679532
1169,314,1483,0.11080508369517729
1183,314,1497,0.11085329891050072
1183,313,1496,0.11086544428613594
1191,319,1510,0.11087457769246654
1187,318,1505,0.11086337939442306
1184,319,1503,0.11086266130427574
1187,321,1508,0.11086684196763329
1177,327,1504,0.11086341135215448
1172,327,1499,0.11088549201846806
1176,331,1507,0.11091749209300353
1177,333,1510,0.1109396743390953
1177,324,1501,0.11096004135411705
1185,331,1516,0.11098004282495812
1181,326,1507,0.11097845499701812
1175,323,1498,0.11098917785477194
1176,329,1505,0.11101395314260681
1172,335,1507,0.11103618296876303
1166,328,1494,0.11106590899632948
1161,328,1489,0.11110794396173418
1157,330,1487,0.11115578414201088
1153,330,1483,0.11120877796760642
1156,328,1484,0.1112643602966942
1175,328,1503,0.11131003244323555
1156,327,1483,0.11130923983754833
1159,332,1491,0.11135172192695698
1155,336,1491,0.1113829534163158
1166,336,1502,0.11142151580665459
1172,324,1496,0.11143081344624854
1183,327,1510,0.11142605892695624
1173,333,1506,0.11139452329331298
1158,331,1489,0.11138796685857015
1164,333,1497,0.11141603913469289
1179,332,1511,0.11142941673598292
1177,337,1514,0.11140857840745991
1172,338,1510,0.11139223587213179
1169,334,1503,0.11139178897501693
1165,338,1503,0.11139914697393373
1155,348,1503,0.11141504379721313
1159,349,1508,0.11145593859747864
1158,348,1506,0.11148137253455874
1151,351,1502,0.11151002977722702
1146,356,1502,0.11155374176446223
1153,357,1510,0.11160534094312852
1158,362,1520,0.11163799809482032
1153,356,1509,0.11165799743292752
1152,350,1502,0.11168665144141016
1167,346,1513,0.11171278412024059
1152,353,1505,0.11170419934769261
1134,356,1490,0.11173180314769393
1136,353,1489,0.11179919708866828
1132,352,1484,0.11185770999962567
1136,359,1495,0.11192215649150378
1137,365,1502,0.11197416118820185
1147,360,1507,0.11201994310620556
1153,365,1518,0.1120400246864974
1146,362,1508,0.11204242806913531
1138,359,1497,0.11206199148451929
1127,363,1490,0.11209994980639548
1117,366,1483,0.11216121893106283
1123,370,1493,0.11224302792293281
1118,376,1494,0.11230492257024004
1114,376,1490,0.1123719973966058
1127,379,1506,0.11244251365437091
1114,376,1490,0.11247760562660274
1125,378,1503,0.11254011877859359
1122,375,1497,0.11257385481186731
1117,378,1495,0.11261161086266001
1109,378,1487,0.11265658684398928
1112,385,1497,0.1127170615345029
1109,387,1496,0.11276719471690026
1108,388,1496,0.11282188564801925
1107,389,1496,0.112875970821346
1105,388,1493,0.11292848090397653
1102,386,1488,0.11298002664284923
1101,382,1483,0.11303446914423702
1113,385,1498,0.11308716767074924
1103,385,1488,0.11310794926596365
1108,382,1490,0.11315136505897762
1103,383,1486,0.11318365165035506
1099,385,1484,0.11322455203640949
1096,387,1483,0.11327335591311424
1110,384,1494,0.11332592663926164
1115,377,1492,0.1133394694056296
1104,378,1482,0.11333831325105996
1101,387,1488,0.11336102814642952
1094,400,1494,0.11338844528146484
1095,396,1491,0.11343119057805309
1083,404,1487,0.11347122053553889
1092,400,1492,0.11353417309324852
1101,402,1503,0.11357310536003175
1104,406,1510,0.11358834904284616
1098,402,1500,0.11359329748538233
1085,398,1483,0.11361242553353869
1078,405,1483,0.11366091257477703
1081,405,1486,0.11372082520983785
1080,408,1488,0.11376855231778754
1089,404,1493,0.11381642656441734
1095,408,1503,0.1138396325424786
1090,401,1491,0.11384654916558759
1090,398,1488,0.11386183543059086
1095,402,1497,0.11387326803987749
1098,400,1498,0.11387199951614317
1109,401,1510,0.11386557629380853
1123,397,1520,0.11383498765643223
1115,392,1507,0.11377427139175221
1118,396,1514,0.11373746673755519
1123,400,1523,0.11369882924029852
1124,399,1523,0.11365309884362017
1114,398,1512,0.11360863189291834
1112,399,1511,0.11358857527515706
1105,395,1500,0.1135774616251366
1122,394,1516,0.11358266409725036
1122,396,1518,0.11355087117750294
1118,399,1517,0.11351922188871771
1095,395,1490,0.11349824024309024
1092,395,1487,0.11352983885730157
1104,401,1505,0.11356903289440577
1099,399,1498,0.11357842249632101
1095,400,1495,0.11359833024932854
1084,404,1488,0.11362858317819179
1099,407,1506,0.11368144120819529
1094,401,1495,0.11369528085453937
1085,397,1482,0.1137210410585531
1083,395,1478,0.11376414422410389
1089,399,1488,0.11380812475569586
1088,400,1488,0.11383392358368642
1097,399,1496,0.11386079916034579
1091,398,1489,0.11386500075026523
1095,393,1488,0.11388427927518542
1099,404,1503,0.11388999445808196
1098,409,1507,0.11388536142626332
1084,415,1499,0.1138850473964613
1076,416,1492,0.11391695945831853
1071,416,1487,0.11396668409474174
1079,420,1499,0.1140262431911394
1076,414,1490,0.11406173808741137
1072,413,1485,0.1141045111858118
1068,419,1487,0.11415222532130968
1074,419,1493,0.11420360321324281
1074,425,1499,0.1142378197270857
1074,429,1503,0.11426954194595496
1070,424,1494,0.11429964324515617
1076,430,1506,0.11433743819067996
1074,435,1509,0.11435928405969566
1053,438,1491,0.11438555874243121
1058,440,1498,0.11446023352066113
1054,442,1496,0.11451939802428988
1059,445,1504,0.11458131498645355
1060,448,1508,0.11462904061917585
1059,447,1506,0.11467318742693543
1038,449,1487,0.11471696400235526
1044,449,1493,0.11480407055513604
1042,429,1471,0.1148718341671649
1052,439,1491,0.1149372109121029
1055,434,1489,0.11497392688652643
1045,441,1486,0.11499905045644758
1051,437,1488,0.11504662228040115
1060,441,1501,0.1150747063528999
1068,440,1508,0.1150761751821919
1065,444,1509,0.11506285318084764
1063,454,1517,0.11505696485704993
1060,446,1506,0.1150537082204839
1060,442,1502,0.11505783103037977
1061,443,1504,0.11506300747081269
1061,446,1507,0.11506801383160489
1068,454,1522,0.11507649325390329
1060,449,1509,0.11506774674056688
1047,449,1496,0.11508071520895796
1048,460,1508,0.11512521200096103
1029,452,1481,0.11516491282538838
1029,451,1480,0.11524625025036657
1032,457,1489,0.11532246329468591
1045,454,1499,0.11538517462337944
1041,452,1493,0.11541249273316272
1052,459,1511,0.11544734074855287
1047,459,1506,0.11545586460718617
1040,455,1495,0.11547754416057296
1040,458,1498,0.11551339184661416
1030,466,1496,0.11554887446137023
1037,471,1508,0.11560561168041428
1042,479,1521,0.11564469591077778
1034,475,1509,0.11566844332622385
1030,475,1505,0.11570744925612798
1032,476,1508,0.11575411561960092
1024,475,1499,0.11579156714463157
1025,479,1504,0.11584438538963218
1015,480,1495,0.11589039794320305
1021,471,1492,0.11595540780205182
1034,475,1509,0.11599657299872611
1020,472,1492,0.11600493036237473
1019,471,1490,0.11604727505058861
1015,478,1493,0.11609053493897789
1008,483,1491,0.11613856037091772
997,491,1488,0.11619862507584636
996,485,1481,0.11627997205316636
1014,493,1507,0.11635837739352933
1018,490,1508,0.11638612971930433
1012,488,1500,0.11640552174781686
1018,484,1502,0.11643848037707444
1011,485,1496,0.11645590096829128
1006,497,1503,0.11648848053100437
997,501,1498,0.11652955792116206
1006,498,1504,0.11658974967736711
991,494,1485,0.11662610736720345
993,503,1496,0.11669438425003359
987,504,1491,0.11675482675840028
995,500,1495,0.11682558831338426
1004,501,1505,0.11687485910857752
995,503,1498,0.11690194942776994
987,511,1498,0.11694807445413953
979,507,1486,0.1170091655803942
976,518,1494,0.11708427585518293
967,524,1491,0.11716351276799948
979,528,1507,0.1172598298407739
978,534,1512,0.11732207137410437
969,541,1510,0.11738212528970003
960,541,1501,0.11745904827095197
966,543,1509,0.11755328421582047
949,535,1484,0.11762647069987303
962,538,1500,0.11773525480824372
962,536,1498,0.11780584462422122
952,536,1488,0.11786977527975644
964,548,1512,0.11795231810647316
952,556,1508,0.1180002574928482
956,563,1519,0.1180734241179351
939,566,1505,0.11813466812147481
942,564,1506,0.11822898276393573
936,558,1494,0.11831140012282731
926,560,1486,0.1184039148487372
920,561,1481,0.11851266898017694
922,563,1485,0.11862670187742845
930,571,1501,0.11872897645402926
931,573,1504,0.11880440676551966
919,581,1500,0.11887415568113475
911,589,1500,0.11896743413595638
903,596,1499,0.11907374283010938
907,598,1505,0.11919342761022284
912,592,1504,0.11929514787394456
903,596,1499,0.11937895101254384
903,593,1496,0.11947819548910346
908,593,1501,0.11957062943639618
902,596,1498,0.11964225024508812
908,592,1500,0.11972213231059971
902,602,1504,0.11978225140587075
899,601,1500,0.11985245609967606
901,602,1503,0.1199285299447165
910,607,1517,0.11999383029441436
911,610,1521,0.12003480339931233
901,606,1507,0.12006887901633036
896,607,1503,0.12012556670527816
892,613,1505,0.1201928112343386
891,612,1503,0.12026544732567655
892,612,1504,0.12033651582445618
884,612,1496,0.12039824610499875
891,607,1498,0.12047263368996472
893,606,1499,0.12052299500222712
891,603,1494,0.12056630239823818
886,594,1480,0.12061044088218349
886,605,1491,0.12066532381268641
884,601,1485,0.12071714312180669
893,600,1493,0.1207725656130117
897,596,1493,0.12080116185016139
892,607,1499,0.12081695232136987
894,611,1505,0.12084486944691335
894,618,1512,0.12086569494066972
883,621,1504,0.1208866997089084
877,620,1497,0.12093163785515365
871,620,1491,0.1209897291525926
873,623,1496,0.12105595076713974
865,631,1496,0.12111538735565139
873,639,1512,0.12118983482008268
870,638,1508,0.12123862460783989
872,639,1511,0.12128838035272178
881,642,1523,0.12133060720824826
872,644,1516,0.12135050360522208
872,636,1508,0.12138918828935301
864,634,1498,0.12142593820582864
865,626,1491,0.12148078713771084
866,632,1498,0.12153060851997406
866,633,1499,0.1215696818902219
862,642,1504,0.12160764535220761
862,648,1510,0.12165036835594854
855,647,1502,0.12168898546033498
859,642,1501,0.12174203742113411
856,642,1498,0.1217802653496377
853,643,1496,0.12182691516517039
856,646,1502,0.12187195313358963
856,647,1503,0.12190686987410895
860,651,1511,0.1219408575051283
859,646,1505,0.12196483191793032
850,652,1502,0.12198788998889323
843,664,1507,0.12203238368190585
829,673,1502,0.12209111318219197
819,679,1498,0.12217870791610189
819,680,1499,0.12228435528508162
829,675,1504,0.1223845890468218
827,677,1504,0.12245519356991225
841,676,1517,0.12252325804471134
842,666,1508,0.12255409134554834
845,674,1519,0.12258089993726934
839,661,1500,0.12259818134520575
831,663,1494,0.12263009927773837
831,659,1490,0.12267726186958525
835,662,1497,0.1227222364563616
836,664,1500,0.1227555515023551
842,664,1506,0.12278427257629605
845,661,1506,0.12279799772755709
847,669,1516,0.12280572876276288
839,680,1519,0.12280924651610033
843,683,1526,0.12282919520215092
825,682,1507,0.12283988421648485
826,688,1514,0.1228933941348433
821,680,1501,0.1229402046910539
813,672,1485,0.12299523478090733
819,671,1490,0.12306489188985882
812,672,1484,0.12311535415086809
809,685,1494,0.12317705687186631
803,691,1494,0.12324260852728114
798,692,1490,0.12331889649474541
807,693,1500,0.12340042001026802
797,691,1488,0.1234565689629601
799,689,1488,0.12353251875380142
799,686,1485,0.12360131704179736
798,692,1490,0.12366384113624504
797,688,1485,0.1237237005561517
792,684,1476,0.12378228414918503
793,690,1483,0.12384834735009853
792,696,1488,0.12390582765915262
798,707,1505,0.12396059901637493
791,713,1504,0.12399952046532688
787,713,1500,0.12405400384404713
797,710,1507,0.1241128949868599
803,711,1514,0.12414274440878813
799,715,1514,0.12415910682009017
801,718,1519,0.12418626964444907
788,716,1504,0.12420726645974081
796,726,1522,0.12425709695823453
799,706,1505,0.1242839321002338
793,716,1509,0.12430362940429074
797,709,1506,0.12433500374895601
792,713,1505,0.12435523777430149
786,712,1498,0.12438654063096596
785,718,1503,0.12442800697680458
794,717,1511,0.12446948490020188
799,719,1518,0.12448630021498922
801,715,1516,0.12449320727162569
799,715,1514,0.1244946193465248
791,720,1511,0.12450038288059019
794,722,1516,0.12452331734077904
790,714,1504,0.12453745874279881
787,716,1503,0.12455817743933481
785,721,1506,0.12458600988703523
781,719,1500,0.12461822082341045
772,716,1488,0.12465935122490807
776,723,1499,0.12471875887592386
775,717,1492,0.12476190593328436
777,725,1502,0.12480324506647125
774,728,1502,0.12483998149952193
782,727,1509,0.12488306801458866
772,742,1514,0.12490159121924033
772,739,1511,0.12494166909932608
774,731,1505,0.12498041650434094
780,732,1512,0.125009683267226
783,735,1518,0.12502237926162485
779,732,1511,0.12502582414430974
785,725,1510,0.1250392068172454
778,731,1509,0.12504035869331054
768,735,1503,0.12505866211148278
766,731,1497,0.12510116578661876
762,723,1485,0.1251450473779901
761,731,1492,0.1251929558380941
764,736,1500,0.12524293401599607
761,751,1512,0.1252801019679734
762,746,1508,0.12532156762034202
760,747,1507,0.12535780050389936
756,749,1505,0.12539821023343203
758,748,1506,0.12544446818423954
761,752,1513,0.12548450837363867
747,757,1504,0.12551574553014003
747,759,1506,0.125575693444741
743,761,1504,0.12563269671690283
756,756,1512,0.12569564216361187
744,756,1500,0.12572708939843763
737,760,1497,0.12578214966330178
734,761,1495,0.12585063407049205
745,745,1490,0.12592046424677
738,756,1494,0.12595829073628312
739,770,1509,0.1260128964914095
738,767,1505,0.12606179610098509
737,771,1508,0.12610800141878106
733,770,1503,0.12615304104057093
737,766,1503,0.12620368133231444
734,774,1508,0.12624239587250496
733,767,1500,0.12628667804582058
741,777,1518,0.1263291970922481
736,773,1509,0.1263488995106091
736,775,1511,0.12637978866626798
735,785,1520,0.12640939513199811
736,778,1514,0.12643864065010946
738,782,1520,0.12646315312192954
737,779,1516,0.1264830212153569
733,773,1506,0.12650157282142252
733,773,1506,0.1265314866881849
728,770,1498,0.12655882616021355
720,764,1484,0.12659757161114457
729,758,1487,0.12665140356642118
722,759,1481,0.126678759524272
721,759,1480,0.12672100265827593
724,769,1493,0.12676222842535567
725,775,1500,0.12679379474352317
718,771,1489,0.12682005790152018
720,770,1490,0.12686162559788727
718,773,1491,0.12689863927368064
715,785,1500,0.12693825767892672
710,797,1507,0.12698266466532374
710,795,1505,0.12703517370371656
711,802,1513,0.12708494938973428
709,796,1505,0.12712692902491815
707,791,1498,0.1271695030333763
708,800,1508,0.12721587777057627
706,800,1506,0.1272560548227884
718,801,1519,0.1272978992606615
720,802,1522,0.1273086316056914
716,809,1525,0.12731384794128847
709,808,1517,0.12732701786142897
702,801,1503,0.12735655211532748
718,799,1517,0.1274021533269119
716,805,1521,0.12740719980850315
720,808,1528,0.12741615309461746
716,809,1525,0.12741504718299912
716,803,1519,0.12742366558589163
714,803,1517,0.12743268142424136
712,803,1515,0.12744560944786035
720,808,1528,0.12746519641727797
716,807,1523,0.1274648977244607
712,801,1513,0.12747351597813314
708,804,1512,0.12749224813964002
701,812,1513,0.1275187471183432
708,816,1524,0.12756083703979043
704,806,1510,0.12758317110094086
711,806,1517,0.12761248397448693
715,812,1527,0.1276245128038366
709,810,1519,0.12762462403229194
706,801,1507,0.12763936552072808
708,797,1505,0.12766135162195918
704,803,1507,0.12767600726924788
701,806,1507,0.12769945332759447
691,806,1497,0.12772620141700425
690,815,1505,0.1277732934213787
689,809,1498,0.12781923428960235
674,810,1484,0.12786699546024172
674,815,1489,0.1279476503708051
679,814,1493,0.1280206623131632
686,799,1485,0.12807537888351697
685,811,1496,0.12811176257469492
686,811,1497,0.12814792184403573
683,820,1503,0.12817915732805607
683,816,1499,0.1282137644792208
677,830,1507,0.12824493506047993
672,839,1511,0.1282895028303507
669,834,1503,0.12834404446588546
673,832,1505,0.12840121413139657
672,831,1503,0.12844615412220406
679,834,1513,0.1284909422639703
675,836,1511,0.128516939119749
670,832,1502,0.12855157482965837
673,835,1508,0.12859306955346214
679,829,1508,0.12862492259461766
675,839,1514,0.12864399570702725
679,842,1521,0.1286720512317096
674,849,1523,0.1286899955122024
668,842,1510,0.12871954024709054
670,846,1516,0.12876100484515732
659,857,1516,0.1287966422905188
662,863,1525,0.1288537589856961
658,861,1519,0.12889948674235222
658,843,1501,0.1289524330059949
657,837,1494,0.12899879720984508
653,838,1491,0.1290439987480908
655,843,1498,0.12909237658748687
653,852,1505,0.12913414676481286
644,848,1492,0.1291759476055806
639,849,1488,0.12923803585634275
633,849,1482,0.1293106714841787
632,852,1484,0.1293918421529707
633,861,1494,0.12947185967073213
633,855,1488,0.12954186759545078
640,856,1496,0.1296068279931052
638,868,1506,0.12965103391894928
635,865,1500,0.129695566768016
636,853,1489,0.1297451533879336
637,858,1495,0.1297900827494992
638,858,1496,0.1298314737588006
639,861,1500,0.12986749763449293
638,867,1505,0.1298960796971906
633,866,1499,0.1299259002782978
635,868,1503,0.1299648782878027
638,870,1508,0.1299960159831773
633,864,1497,0.13001961712650345
642,879,1521,0.13005394111344185
636,875,1511,0.13006611672204987
637,881,1518,0.1300914547391636
638,871,1509,0.13011178519547403
639,876,1515,0.13012861360468395
647,881,1528,0.1301397912138463
641,871,1512,0.1301326758655699
639,869,1508,0.1301387616054335
642,872,1514,0.1301490693817915
644,876,1520,0.1301555627991844
640,869,1509,0.1301564987523723
637,861,1498,0.13016492110430408
639,859,1498,0.13018021267202362
640,865,1505,0.1301896956446459
644,868,1512,0.13019594883863841
652,860,1512,0.13019221899613384
651,869,1520,0.1301697308195587
648,871,1519,0.13015141450685058
643,851,1494,0.13014018274060948
641,863,1504,0.13014063177961682
647,862,1509,0.13014535061846338
636,866,1502,0.1301375437746732
630,859,1489,0.13015393317868326
637,859,1496,0.13017820599382637
630,857,1487,0.13018465269774107
624,862,1486,0.1302080109878617
626,865,1491,0.13024558530018843
618,865,1483,0.13027387261483134
619,860,1479,0.13031794934243635
616,869,1485,0.13035770924860912
619,874,1493,0.13040309482755774
623,877,1500,0.1304388061943386
626,889,1515,0.13046187218261374
628,890,1518,0.1304765602098924
625,876,1501,0.13048623737909187
628,890,1518,0.13050245733911758
626,888,1514,0.13051017024372336
621,891,1512,0.13052225248681473
614,907,1521,0.13054532357505727
609,895,1504,0.13058528790722648
610,895,1505,0.13063589883264487
605,895,1500,0.13068180258065717
598,895,1493,0.1307355617872128
599,901,1500,0.13080202538643498
602,897,1499,0.1308625833535109
597,901,1498,0.13091091617070347
601,905,1506,0.13096716011325754
603,920,1523,0.13101236668786162
602,918,1520,0.13105013881668914
603,910,1513,0.13108761008679498
608,909,1517,0.13111936728318313
606,906,1512,0.13113816579903617
603,910,1513,0.13116107182900863
597,907,1504,0.13118967926105074
597,907,1504,0.13122821000537793
601,925,1526,0.13126385057478596
599,929,1528,0.13129029401268505
601,929,1530,0.13132002239142979
597,933,1530,0.1313431368562335
594,922,1516,0.1313744651679439
596,925,1521,0.131410154586095
589,932,1521,0.13143824825699266
581,927,1508,0.13148117811404145
585,924,1509,0.13153920939075225
595,918,1513,0.13158466233226013
594,922,1516,0.13160086371268345
592,917,1509,0.13161877951819065
582,928,1510,0.13163688070726784
582,931,1513,0.13167784731322704
585,928,1513,0.1317183725621853
587,926,1513,0.13174657501663428
585,917,1502,0.13176947801814815
580,931,1511,0.13179408603839604
588,926,1514,0.13182873405482926
582,932,1514,0.13184173800755247
580,931,1511,0.13186546317103892
580,937,1517,0.13189556956644746
582,920,1502,0.1319235522700556
577,923,1500,0.1319466365110495
581,917,1498,0.13197893589857618
596,912,1508,0.13199703063354998
603,905,1508,0.13197885840958068
594,919,1513,0.1319431274757156
590,915,1505,0.1319327516833596
578,913,1491,0.1319314195023177
575,914,1489,0.1319597997179012
580,916,1496,0.13199320434084597
579,914,1493,0.13201379125619223
587,920,1507,0.13203648841567184
584,934,1518,0.13203812093580564
577,936,1513,0.13204648996058416
574,930,1504,0.13206887039507242
574,934,1508,0.1320986882547003
575,940,1515,0.13212522440833116
575,930,1505,0.1321490058526022
569,936,1505,0.13217234304853004
563,954,1517,0.13220671907224735
568,954,1522,0.1322541667979269
570,954,1524,0.13228912009040453
571,969,1540,0.13231701923960115
563,959,1522,0.13234104855523776
562,959,1521,0.13238388640837467
559,964,1523,0.13242556644995224
547,968,1515,0.1324737044895341
550,967,1517,0.13254797939049762
552,971,1523,0.13261120763514297
547,978,1525,0.13266549403972142
541,976,1517,0.13272895410954452
536,979,1515,0.13280306399839112
529,976,1505,0.13288376936865437
522,979,1501,0.13297471279688472
535,973,1508,0.13307618835817758
530,972,1502,0.13313976875182587
542,974,1516,0.13321068100794106
542,973,1515,0.13324359072184386
542,964,1506,0.1332741064670465
544,968,1512,0.13329829832992293
541,966,1507,0.13331888328728503
540,955,1495,0.13334562735695424
549,950,1499,0.13337232383651262
542,965,1507,0.13337565333753293
546,972,1518,0.13339466544671688
540,963,1503,0.1334028995314535
529,965,1494,0.1334263606098963
530,968,1498,0.13347574745184612
528,964,1492,0.1335196343535752
522,973,1495,0.13356752755591408
524,990,1514,0.13362742841544673
521,991,1512,0.13367976995457231
518,1003,1521,0.13373548694612641
518,994,1512,0.13379591379337735
514,993,1507,0.13385297164867727
514,998,1512,0.13391632643808923
511,998,1509,0.13397534668981798
508,998,1506,0.13403889675865094
512,999,1511,0.13410485322381172
507,994,1501,0.13415748059293095
514,999,1513,0.13421831621788105
511,991,1502,0.13425779057573203
507,992,1499,0.13430327310979692
505,997,1502,0.13435561847780286
506,999,1505,0.1344082510272479
512,997,1509,0.1344554287612983
510,1000,1510,0.13448518389169073
512,1004,1516,0.13451617585343745
517,1003,1520,0.134540445199166
519,994,1513,0.13455165816359815
516,1008,1524,0.13455639086103385
510,1015,1525,0.13456885030459748
502,1021,1523,0.13459251614988055
502,1012,1514,0.13463443269351272
504,1023,1527,0.13467468746260763
502,1004,1506,0.13470844356441128
495,1005,1500,0.13474580825700988
489,1011,1500,0.13479914112853567
496,1025,1521,0.13486157954071507
500,1027,1527,0.13490374331719468
496,1032,1528,0.13493307677409008
493,1028,1521,0.13496882997143858
490,1018,1508,0.1350100711350853
481,1020,1501,0.13505578503334426
481,1022,1503,0.13511929101397463
478,1035,1513,0.13518085776640792
479,1042,1521,0.13524526300750733
484,1051,1535,0.1353027067430591
477,1053,1530,0.13534527146819028
469,1047,1516,0.13540115921609933
464,1049,1513,0.1354743249744625
458,1053,1511,0.13555431869883494
456,1059,1515,0.13564323524388056
450,1053,1503,0.135731169454935
455,1057,1512,0.1358255186669264
454,1041,1495,0.13590185773397834
462,1049,1511,0.1359761213283615
462,1053,1515,0.13602707106017914
461,1055,1516,0.1360759757067517
462,1058,1520,0.13612366967211378
463,1069,1532,0.13616361862225201
461,1063,1524,0.13619821097476983
464,1056,1520,0.1362356475760576
465,1053,1518,0.1362640115829525
470,1053,1523,0.13628823316380342
460,1054,1514,0.13629602146760156
466,1060,1526,0.1363277608738526
460,1059,1519,0.13634357452883797
453,1060,1513,0.13637227264538382
456,1072,1528,0.13641544015055754
456,1063,1519,0.1364491020545956
459,1060,1519,0.1364804402339246
454,1053,1507,0.13650261057432306
453,1057,1510,0.13653499548618675
465,1046,1511,0.1365670024321237
458,1042,1500,0.13656528903291867
462,1044,1506,0.13658086932959854
459,1046,1505,0.13658584902644505
458,1056,1514,0.13659609468168724
463,1057,1520,0.13661012253858015
461,1059,1520,0.13661087329518679
452,1048,1500,0.13661679516950997
455,1055,1510,0.1366434778237004
450,1066,1516,0.13666249873962222
450,1068,1518,0.13669291783924245
444,1078,1522,0.13672127258929834
440,1073,1513,0.1367603292813638
435,1056,1491,0.13680673285406178
443,1051,1494,0.13686094206246335
438,1059,1497,0.13689097631290406
443,1062,1505,0.13692902269701418
439,1067,1506,0.13695061588828264
446,1067,1513,0.136980057511154
448,1063,1511,0.13698939812923214
446,1063,1509,0.13699306448483103
443,1056,1499,0.13700337412077623
437,1062,1499,0.13702247758515984
437,1059,1496,0.13705215111937716
427,1065,1492,0.13708102580051956
427,1077,1504,0.13713173044160412
425,1078,1503,0.13717896544093086
425,1076,1501,0.1372273359422934
428,1071,1499,0.13727137937870026
423,1079,1502,0.13730573421021458
417,1081,1498,0.13735130618930497
418,1085,1503,0.1374098982282736
420,1096,1516,0.137461992093397
410,1110,1520,0.13750578245973602
412,1108,1520,0.13757005897815358
413,1105,1518,0.13762447632681915
419,1099,1518,0.1376737102409572
414,1097,1511,0.137703602444056
403,1100,1503,0.13774702720224155
402,1103,1505,0.13781542912246197
405,1114,1519,0.13788286831876115
399,1125,1524,0.13793761832810547
395,1122,1517,0.13800352427607762
393,1117,1510,0.1380732350176981
397,1130,1527,0.13814512631275508
402,1117,1519,0.13820123193593434
405,1108,1513,0.1382417127616436
403,1101,1504,0.1382680361368735
397,1109,1506,0.13829684623174596
404,1106,1510,0.13833789089989257
402,1106,1508,0.13835934862417584
393,1106,1499,0.1383858092507881
392,1107,1499,0.13843152408867443
388,1105,1493,0.13847578855024065
385,1112,1497,0.13852862676426259
387,1119,1506,0.13858644206012286
390,1125,1515,0.13863520489522846
392,1125,1517,0.13867431898925262
394,1130,1524,0.13870330493451405
396,1126,1522,0.13872558804915378
394,1110,1504,0.13874201305938652
385,1120,1505,0.13876014831922215
382,1128,1510,0.13880058925067598
391,1126,1517,0.13884775126700233
392,1132,1524,0.13886992379283403
392,1116,1508,0.1388897625191984
383,1108,1491,0.13890790738536077
385,1122,1507,0.1389457149057608
384,1125,1509,0.13897683407435993
393,1132,1525,0.13900916345224676
394,1119,1513,0.13901670985680303
393,1121,1514,0.1390227498071769
389,1126,1515,0.13903145576266351
391,1140,1531,0.13905002360245441
385,1137,1522,0.13906467513495283
383,1129,1512,0.13909423996284734
384,1143,1527,0.13912476599707307
380,1145,1525,0.13914893857618493
374,1148,1522,0.1391825663979707
371,1130,1501,0.13922871971580558
371,1129,1500,0.13927872892297155
381,1133,1514,0.1393247969332375
377,1135,1512,0.13934076815954102
381,1127,1508,0.13936516418531383
388,1126,1514,0.13937613986785255
385,1120,1505,0.1393710372130119
383,1123,1506,0.1393750682792669
379,1133,1512,0.1393843878693123
379,1127,1506,0.1394026858439409
381,1129,1510,0.13941916370480828
386,1123,1509,0.13943125761770678
385,1124,1509,0.1394316197522107
379,1121,1500,0.13943601470104694
382,1137,1519,0.1394571617931294
380,1140,1520,0.1394700768783929
374,1147,1521,0.13948802091250248
371,1147,1518,0.13951891016173879
369,1144,1513,0.13955593358215374
368,1145,1513,0.13959488470835743
360,1154,1514,0.13963376237523442
358,1152,1510,0.13969069395719774
364,1146,1510,0.13974723240807913
361,1144,1505,0.13978655115015506
367,1147,1514,0.13983031492843762
365,1133,1498,0.1398570410141154
360,1135,1495,0.1398867524546261
356,1140,1496,0.13992603953747484
356,1146,1502,0.1399741125719668
353,1146,1499,0.1400159420974216
352,1149,1501,0.14006262853412935
348,1139,1487,0.14010952523211884
346,1151,1497,0.1401635808327901
348,1152,1500,0.14021966315443518
346,1154,1500,0.14026759444899745
344,1170,1514,0.1403161306147444
347,1173,1520,0.14036678431960478
347,1178,1525,0.14040531858215885
344,1182,1526,0.1404404706576774
338,1174,1512,0.1404811550868769
338,1164,1502,0.14053413730183403
336,1176,1512,0.14058318046379698
329,1195,1524,0.14063626368553644
327,1199,1526,0.14070439289194211
320,1204,1524,0.14077500893918418
320,1200,1520,0.14085797245040552
317,1209,1526,0.14093586556234375
315,1213,1528,0.14101554318233694
311,1205,1516,0.14109507727482803
317,1196,1513,0.14117771796899176
315,1201,1516,0.1412389157929601
316,1198,1514,0.141299873787897
314,1200,1514,0.14135483276358193
316,1194,1510,0.14141284984442173
312,1201,1513,0.1414593940930509
312,1200,1512,0.14151388176159255
314,1197,1511,0.14156440489482358
314,1200,1514,0.14160527096776984
318,1195,1513,0.14164360858525593
321,1199,1520,0.1416702971847256
314,1192,1506,0.14168434073683214
322,1194,1516,0.1417135902403434
326,1204,1530,0.14172141424435408
325,1204,1529,0.14172001549374708
322,1198,1520,0.1417223900490614
315,1194,1509,0.14173140852256785
314,1186,1500,0.14175718620758748
313,1192,1505,0.14178640421736724
306,1198,1504,0.14181824477684146
306,1190,1496,0.14186460138069903
309,1183,1492,0.14190763607023826
310,1177,1487,0.14193973430686405
312,1191,1503,0.14196562043513158
310,1191,1501,0.14198286940481325
312,1200,1512,0.14200381789236272
308,1200,1508,0.14201845029258883
310,1199,1509,0.14204304222524805
308,1198,1506,0.14205994056953625
296,1191,1487,0.1420830613954123
293,1206,1499,0.14213327472524487
293,1206,1499,0.14218806009496165
297,1210,1507,0.14223985556555493
303,1205,1508,0.14227427963344874
303,1210,1513,0.14229223375489922
307,1213,1520,0.142308255529276
303,1219,1522,0.14231295970162716
293,1215,1508,0.14232918206575396
293,1218,1511,0.14236851136815795
295,1213,1508,0.14240747860685377
297,1208,1505,0.1424363890775433
297,1216,1513,0.14245841148559157
292,1224,1516,0.14247982464817407
299,1217,1516,0.14251197786144618
290,1221,1511,0.1425239949433355
291,1220,1511,0.14255800952415668
287,1227,1514,0.14259001680416042
281,1231,1512,0.14262952914215674
275,1234,1509,0.1426805136178727
281,1241,1522,0.14274173889109498
281,1230,1511,0.14278670534406324
285,1225,1510,0.14282956471378822
287,1217,1504,0.14285943435437873
288,1231,1519,0.1428833876526598
283,1235,1518,0.14290294812823323
279,1235,1514,0.14293456472919877
276,1233,1509,0.14297358193688747
278,1234,1512,0.14301715845838076
275,1237,1512,0.14305314050260268
278,1234,1512,0.14309419908113383
277,1233,1510,0.14312538240043327
277,1236,1513,0.14315791210150672
283,1233,1516,0.1431891812869223
285,1229,1514,0.14320064697030938
291,1224,1515,0.14320497596548865
291,1236,1527,0.14319618017979502
287,1247,1534,0.14318971402029965
285,1251,1536,0.14319302283054927
284,1243,1527,0.1432008821734151
284,1232,1516,0.14321220164299375
278,1227,1505,0.14322199899855423
277,1224,1501,0.1432455924294926
276,1237,1513,0.14327007396287034
275,1230,1505,0.143296532162719
278,1230,1508,0.14332228906607078
277,1235,1512,0.14333998090153938
276,1232,1508,0.14335698239490471
279,1239,1518,0.14337701571841915
274,1238,1512,0.14338934435146578
271,1236,1507,0.14341312986715293
275,1246,1521,0.14344212874124013
273,1244,1517,0.14345774611846998
275,1246,1521,0.14347883898619115
275,1245,1520,0.14349361937585253
276,1228,1504,0.14350663377849585
275,1244,1519,0.1435190187240831
277,1257,1534,0.14353033104475352
270,1243,1513,0.14353790182714507
268,1244,1512,0.14356340610250432
272,1242,1514,0.14359034559348824
272,1242,1514,0.14360671777850226
269,1234,1503,0.14362075606111246
267,1237,1504,0.14363953911986646
264,1233,1497,0.14366190763624098
261,1243,1504,0.14368999054953685
265,1263,1528,0.14372335545064044
269,1250,1519,0.14374517031362796
271,1258,1529,0.14375440171800338
269,1255,1524,0.1437580944978699
273,1251,1524,0.14376732092639485
278,1244,1522,0.1437666140872649
277,1248,1525,0.14375504756237606
276,1245,1521,0.1437465635453189
270,1250,1520,0.1437418702042404
268,1237,1505,0.1437518296772803
271,1243,1514,0.1437660714464412
267,1247,1514,0.14377259187725486
269,1250,1519,0.14378827175132067
272,1257,1529,0.14379743467098735
271,1250,1521,0.14379730008762628
271,1247,1518,0.1438007120205074
264,1262,1526,0.1438028617447472
264,1247,1511,0.14382092696383503
263,1263,1526,0.1438379050516843
265,1269,1534,0.14385563093279835
262,1261,1523,0.1438695074895645
262,1269,1531,0.14388951123115848
257,1258,1515,0.1439093901423288
256,1257,1513,0.1439403285241378
249,1265,1514,0.14397028156136438
251,1261,1512,0.1440149024230691
253,1257,1510,0.1440527881903632
251,1255,1506,0.14408494348684353
250,1267,1517,0.14412052513757218
251,1262,1513,0.1441563384481234
244,1257,1501,0.14418668316642796
253,1253,1506,0.14422813474439053
253,1243,1496,0.14424464645301083
253,1253,1506,0.14426095365192412
252,1262,1514,0.14427574481982244
257,1259,1516,0.1442927623887555
259,1253,1512,0.14429766313812842
260,1261,1521,0.14429728767604746
254,1266,1520,0.1442956531800379
250,1258,1508,0.1443086906700855
247,1259,1506,0.144332328196376
245,1250,1495,0.14436121048688277
245,1256,1501,0.14439182225131808
244,1256,1500,0.14442185029699928
243,1268,1511,0.1444497697499828
244,1271,1515,0.14447999292167624
242,1261,1503,0.14450453466170163
252,1253,1505,0.1445328991226723
253,1256,1509,0.14453321999664218
247,1260,1507,0.14453162483638513
246,1252,1498,0.14454579601345352
251,1262,1513,0.1445615502944973
250,1262,1512,0.14456055616123906
250,1255,1505,0.14456327678707281
251,1261,1512,0.1445656666715937
256,1265,1521,0.14456587252171016
256,1257,1513,0.1445543676100625
257,1261,1518,0.14454374236624545
262,1252,1514,0.14453308630768325
262,1269,1531,0.14450856387684557
258,1265,1523,0.14448615614261018
259,1262,1521,0.1444742540476247
266,1264,1530,0.14446217525086305
260,1257,1517,0.14443256215042444
261,1264,1525,0.1444193620188927
256,1247,1503,0.14440613744543576
249,1265,1514,0.14440656891380424
245,1262,1507,0.14442489076358847
248,1259,1507,0.14445199727624927
246,1269,1515,0.1444709174548374
247,1254,1501,0.14449252359825052
247,1252,1499,0.14450899566711262
246,1254,1500,0.144523608971154
246,1247,1493,0.14454125919968663
252,1263,1515,0.1445569832489093
254,1274,1528,0.14455840970496844
251,1269,1520,0.14455534596150657
248,1270,1518,0.1445595170339269
246,1270,1516,0.14457167266448245
248,1258,1506,0.14458884654880805
240,1263,1503,0.14460008502332442
241,1255,1496,0.14463020372689536
246,1263,1509,0.14465541979810753
241,1277,1518,0.14466666153639465
241,1277,1518,0.14468720835078994
244,1275,1519,0.14470806122546676
241,1280,1521,0.1447186748135999
249,1274,1523,0.14473559758455282
248,1259,1507,0.14473224084432063
243,1256,1499,0.14473272116042357
243,1256,1499,0.14474556114113596
243,1275,1518,0.14475869897418964
242,1280,1522,0.1447711855906232
241,1281,1522,0.14478599231711364
238,1278,1516,0.14480166738169523
235,1270,1505,0.1448240438903903
235,1275,1510,0.1448526999612734
233,1263,1496,0.14488052855518993
232,1265,1497,0.14491061435018157
230,1273,1503,0.14494140773740125
221,1281,1502,0.14497660694204406
222,1298,1520,0.1450288314917752
224,1312,1536,0.1450761183294703
223,1286,1509,0.14511444436210866
224,1287,1511,0.14515348621065516
228,1277,1505,0.1451876575715459
230,1268,1498,0.1452061074021118
234,1268,1502,0.14521871944414627
233,1269,1502,0.14521839092805075
233,1277,1510,0.1452208972340593
236,1277,1513,0.14522327338966443
236,1284,1520,0.14521906495484166
238,1279,1517,0.145215163962657
237,1277,1514,0.14520776188391754
239,1270,1509,0.14520383959092587
236,1269,1505,0.14519575488225256
236,1274,1510,0.1451957514941528
235,1282,1517,0.14519492154910274
235,1284,1519,0.14519570398207093
232,1272,1504,0.14519620573893932
231,1270,1501,0.14520405833015476
232,1273,1505,0.1452146491938083
226,1285,1511,0.1452216622551248
225,1285,1510,0.1452418961284479
229,1288,1517,0.14526411240242182
231,1279,1510,0.14527541225487248
232,1286,1518,0.14528164959185158
234,1279,1513,0.14528517824498635
234,1296,1530,0.145283877702206
233,1289,1522,0.14528397186248485
231,1286,1517,0.14528551575136564
232,1283,1515,0.14529083855135888
230,1269,1499,0.14529205835437778
228,1271,1499,0.1452977646245644
226,1286,1512,0.14530825074903336
223,1288,1511,0.14532360444119394
224,1286,1510,0.14534501977032144
230,1281,1511,0.14536138577519284
230,1292,1522,0.14536294148951578
236,1290,1526,0.14536460059181644
240,1284,1524,0.14535035678269564
237,1281,1518,0.1453271998576801
234,1281,1515,0.14531326630832364
234,1276,1510,0.14530873830568317
232,1278,1510,0.14530422392352438
238,1283,1521,0.14530446451520682
235,1269,1504,0.145289919719751
234,1272,1506,0.1452837357380291
236,1267,1503,0.14528215226058372
236,1272,1508,0.1452766829993601
238,1264,1502,0.14527274956553612
238,1263,1501,0.14526283738201673
240,1257,1497,0.14525060538897464
248,1270,1518,0.1452357048796827
246,1270,1516,0.145202911428018
240,1278,1518,0.14517888784705985
245,1274,1519,0.14517036438788608
242,1266,1508,0.14514943594058186
241,1276,1517,0.14513804305418707
242,1274,1516,0.145127222966274
246,1267,1513,0.14511648603116442
246,1272,1518,0.14509873117919286
244,1276,1520,0.14508040289304958
249,1275,1524,0.14506963276424253
243,1269,1512,0.14504724860747456
242,1273,1515,0.14503922632802765
241,1275,1516,0.14503422263111354
240,1279,1519,0.145034663775015
243,1291,1534,0.1450369726867511
243,1285,1528,0.14503001533951224
238,1286,1524,0.1450245034044469
235,1288,1523,0.1450319208979363
234,1287,1521,0.14504713042199113
232,1289,1521,0.14506425207006107
232,1297,1529,0.14508510046807113
233,1293,1526,0.14510504519648765
233,1291,1524,0.14512146831852293
234,1292,1526,0.145137264849359
234,1298,1532,0.14514928677968159
234,1293,1527,0.14515934434392233
233,1285,1518,0.14516881028942444
228,1284,1512,0.14518044309552747
229,1290,1519,0.14520361756210057
231,1291,1522,0.14522302367437503
231,1277,1508,0.14523709583818054
226,1282,1508,0.14525002330173792
228,1285,1513,0.14527265660554928
227,1281,1508,0.1452886732525552
229,1275,1504,0.1453071672838167
227,1280,1507,0.1453204706521249
228,1284,1512,0.14533880013999406
223,1302,1525,0.1453529073469982
222,1305,1527,0.14537855273078734
223,1293,1516,0.1454058332798209
220,1280,1500,0.14542973833432934
218,1294,1512,0.14545901925334298
216,1297,1513,0.14549095309881285
216,1295,1511,0.1455260785802034
215,1286,1501,0.14555864829730364
218,1297,1515,0.14559039133713936
213,1285,1498,0.14561279334146363
211,1306,1517,0.14564628218167325
218,1292,1510,0.14568197210478598
215,1287,1502,0.14569912108112562
213,1279,1492,0.14572263343670266
210,1278,1488,0.14575009760612676
209,1292,1501,0.14578273895555258
208,1307,1515,0.14581586895386464
209,1308,1517,0.14585012198059238
208,1309,1517,0.14587966143677222
208,1304,1512,0.14590879795546452
208,1313,1521,0.14593683439375543
210,1307,1517,0.1459641536532834
204,1316,1520,0.14598489949041493
205,1311,1516,0.14601913584149837
209,1307,1516,0.14604898564337376
206,1304,1510,0.14606569105732478
208,1301,1509,0.146088345423194
208,1304,1512,0.14610489111913377
209,1314,1523,0.14611927760474727
208,1317,1525,0.14612965005498832
207,1305,1512,0.14614002025297032
204,1307,1511,0.14615330910737298
200,1317,1517,0.1461736508124727
201,1323,1524,0.14620322609820477
202,1316,1518,0.14622924041289417
200,1322,1522,0.14625084484710132
198,1317,1515,0.14627529583468957
196,1324,1520,0.14630258459003925
196,1314,1510,0.14633314875953993
188,1326,1514,0.14636256442011925
187,1324,1511,0.14640804306233401
182,1324,1506,0.14645319373177398
182,1315,1497,0.1465063836615713
182,1324,1506,0.14655472261552643
187,1317,1504,0.14659882872340124
186,1323,1509,0.1466294396827816
184,1332,1516,0.14666196423911795
184,1319,1503,0.14669819253805177
188,1325,1513,0.14673186626939294
189,1329,1518,0.14675017070750676
185,1326,1511,0.14676498994428117
181,1321,1502,0.14678921066565181
184,1329,1513,0.14682138850626214
181,1320,1501,0.14684299532804165
185,1319,1504,0.1468701841271499
179,1321,1500,0.14688630647151849
182,1326,1508,0.1469165745410605
182,1325,1507,0.14693820869496046
177,1343,1520,0.14695985926692587
179,1336,1515,0.14699256110890838
180,1322,1502,0.1470198062673188
179,1327,1506,0.14704136774317106
182,1331,1513,0.14706427209196463
173,1342,1515,0.14707891165953846
173,1337,1510,0.147114145821294
172,1348,1520,0.14714783215704044
169,1345,1514,0.1471813325657563
168,1348,1516,0.1472199181475703
170,1346,1516,0.14725864177765743
171,1347,1518,0.14728810386103472
167,1332,1499,0.14731207887441192
168,1343,1511,0.14734361888677744
166,1341,1507,0.14737134659691248
174,1337,1511,0.14740140474314334
175,1339,1514,0.14741111960507097
178,1339,1517,0.14741672603203565
176,1344,1520,0.14741536022200236
178,1338,1516,0.14741978228304067
174,1328,1502,0.14741945768111658
175,1339,1514,0.14742759976802433
174,1333,1507,0.14743451511826072
174,1342,1516,0.1474435493516549
169,1345,1514,0.14745266088220216
172,1349,1521,0.1474740253001571
171,1349,1520,0.1474870138866649
166,1343,1509,0.14750154639255414
167,1347,1514,0.14752710990968412
168,1339,1507,0.14754840922227794
169,1340,1509,0.14756519616548813
168,1343,1511,0.14757914151215323
164,1332,1496,0.14759425804165716
166,1329,1495,0.14761853811233577
169,1324,1493,0.14763567743041564
166,1324,1490,0.14764491970424543
164,1331,1495,0.14766148249814595
159,1335,1494,0.14768130092754134
161,1344,1505,0.1477113197002727
161,1344,1505,0.14773244433546623
159,1349,1508,0.14775154022727918
158,1356,1514,0.14777379875927865
163,1367,1530,0.14779804621386575
158,1361,1519,0.14780829422437314
158,1362,1520,0.14782948942658053
157,1371,1528,0.14784925731491813
158,1354,1512,0.14787108585199088
160,1352,1512,0.14788988397265737
159,1349,1508,0.14790263540042545
157,1354,1511,0.14791824159976155
153,1352,1505,0.14793865121627087
150,1352,1502,0.14796548554781652
147,1360,1507,0.1479985062546088
150,1352,1502,0.14803652641372333
148,1360,1508,0.14806414965900616
150,1359,1509,0.1480943059533329
152,1365,1517,0.1481162994145973
148,1364,1512,0.14813285856053648
152,1375,1527,0.14815757176661928
152,1361,1513,0.1481707215351603
153,1354,1507,0.148183556383842
153,1345,1498,0.14819414636790654
155,1354,1509,0.1482043323410006
154,1357,1511,0.1482090163519278
156,1363,1519,0.14821587844583203
160,1346,1506,0.14821782756248214
157,1354,1511,0.14821010694830425
152,1350,1502,0.14820909055120854
152,1368,1520,0.14821970292160663
149,1366,1515,0.14822870095046484
144,1378,1522,0.14824515205721195
144,1382,1526,0.14827246042185524
149,1367,1516,0.148298931509675
150,1367,1517,0.14831265486662662
151,1382,1533,0.14832198436406885
150,1378,1528,0.1483281337869999
147,1387,1534,0.1483363684782844
144,1386,1530,0.14835126440649712
143,1368,1511,0.1483724390858423
140,1361,1501,0.14839457149218013
138,1365,1503,0.14842344390547535
141,1379,1520,0.1484539020775633
138,1371,1509,0.14847544787975442
137,1368,1505,0.14850313391055947
142,1361,1503,0.14853087563098277
143,1365,1508,0.14854430896575332
138,1372,1510,0.14855387428718697
141,1378,1519,0.1485737564388855
140,1393,1533,0.14858449347803887
138,1375,1513,0.1485977265200885
141,1371,1512,0.14861620449126378
139,1372,1511,0.14862604099540608
139,1367,1506,0.14864074559606066
141,1367,1508,0.1486526832926966
142,1370,1512,0.1486598235391927
138,1371,1509,0.1486642027937239
136,1376,1512,0.14867824338584723
138,1374,1512,0.1486962552609411
139,1382,1521,0.14870832769201878
137,1381,1518,0.1487179776073243
136,1371,1507,0.14873178666148526
137,1373,1510,0.14874461420528323
137,1366,1503,0.1487533712033761
138,1367,1505,0.14876033323015073
141,1358,1499,0.14876350489591084
145,1362,1507,0.14876054295444166
139,1368,1507,0.14874825510871087
133,1366,1499,0.1487516022967464
132,1381,1513,0.14876784472713803
131,1379,1510,0.14878642492497732
130,1377,1507,0.148806500639511
133,1388,1521,0.1488278033111036
134,1396,1530,0.14884041656395738
134,1382,1516,0.14884933408926448
133,1376,1509,0.1488576580456823
134,1391,1525,0.14886914985741526
136,1382,1518,0.14887655826192805
137,1383,1520,0.14887767997410603
136,1379,1515,0.1488758631455467
135,1380,1515,0.1488764118665408
135,1383,1518,0.14888039496288633
140,1379,1519,0.14888438254095845
134,1379,1513,0.1488767177877909
130,1380,1510,0.14888457442671224
128,1393,1521,0.148902436003368
127,1386,1513,0.1489232773608446
127,1381,1508,0.14894553955719286
126,1395,1521,0.1489655956057569
126,1396,1522,0.14898668606787038
125,1392,1517,0.14900661670249465
122,1378,1500,0.1490275682394471
121,1393,1514,0.1490549699301143
123,1388,1511,0.14908271802483694
122,1393,1515,0.1491036209741649
117,1401,1518,0.14912589511799776
121,1389,1510,0.14915942124010242
122,1397,1519,0.1491802319595037
123,1392,1515,0.14919674935480476
121,1397,1518,0.1492076753461738
119,1389,1508,0.14922281428895398
121,1394,1515,0.14924206634235804
120,1394,1514,0.14925563341294507
120,1402,1522,0.14927130443603023
122,1396,1518,0.14928643194204472
123,1398,1521,0.14929589598355963
120,1393,1513,0.14930168862404916
117,1391,1508,0.14931515807124818
121,1386,1507,0.1493358821501958
122,1383,1505,0.14934553129188008
119,1386,1505,0.14935139225055924
118,1380,1498,0.14936415304912345
119,1398,1517,0.14937898610930536
116,1408,1524,0.1493911738788848
118,1405,1523,0.14940951561551324
117,1402,1519,0.1494200084027012
116,1405,1521,0.14943230558097953
115,1401,1516,0.14944716233848107
115,1405,1520,0.14946380241130242
113,1408,1521,0.1494787243986846
111,1404,1515,0.14949780891522044
113,1402,1515,0.1495212467862145
115,1397,1512,0.1495381869103318
114,1387,1501,0.1495487380611081
108,1402,1510,0.14956022956149606
109,1405,1514,0.149586107666305
105,1400,1505,0.14960803052896338
104,1409,1513,0.14963892023097658
104,1412,1516,0.1496709632112059
104,1408,1512,0.14970181325139736
102,1408,1510,0.14973064154354998
103,1408,1511,0.14976310407499444
106,1407,1513,0.14978885488491975
105,1402,1507,0.14980632564762497
105,1410,1515,0.14982568930701792
107,1414,1521,0.14984401021213542
110,1418,1528,0.14985506931495202
110,1422,1532,0.14985798594698274
110,1421,1531,0.14986107671640617
106,1416,1522,0.14986324311486698
105,1404,1509,0.14987561809973002
105,1404,1509,0.14989059068138158
106,1412,1518,0.14990422150336893
107,1414,1521,0.14991495948993105
104,1415,1519,0.14992335214847405
104,1410,1514,0.14993844598583672
102,1413,1515,0.14995149998545232
101,1388,1489,0.14996910166297067
105,1384,1489,0.14998783748588923
106,1405,1511,0.14999373621547918
104,1409,1513,0.14999693342065612
108,1416,1524,0.15000449886894932
111,1402,1513,0.15000252923629087
109,1410,1519,0.1499928224635404
109,1415,1524,0.14998988927033657
107,1413,1520,0.1499875139213902
105,1403,1508,0.14998886533629555
106,1398,1504,0.1499942838556645
108,1402,1510,0.14999782322450056
108,1392,1500,0.14999761867029296
105,1393,1498,0.1499982797539666
108,1408,1516,0.15000424831933729
110,1398,1508,0.15000339223745457
108,1389,1497,0.14999766747891624
111,1395,1506,0.14999585624134382
110,1392,1502,0.14998726755503852
107,1405,1512,0.14998328058573743
109,1411,1520,0.14998599865460005
108,1416,1524,0.1499850160783405
106,1390,1496,0.14998633796109206
105,1393,1498,0.14999255256346644
104,1403,1507,0.1500012060482621
101,1405,1506,0.15001130304252752
104,1404,1508,0.15002817799657595
100,1404,1504,0.15003589893081531
97,1403,1500,0.15005173414625742
99,1404,1503,0.15007454552578375
101,1402,1503,0.1500920380578831
103,1404,1507,0.15010294115478306
103,1409,1512,0.1501073967730154
105,1405,1510,0.15011255648044294
105,1413,1518,0.15011168735404437
105,1414,1519,0.15011021347714285
109,1412,1521,0.15010802166786422
106,1408,1514,0.15009658883226723
108,1409,1517,0.15009470742990919
108,1406,1514,0.15008796033657126
105,1405,1510,0.1500808139678508
106,1409,1515,0.1500818629079073
108,1418,1526,0.15008068068406555
106,1414,1520,0.15007416222351175
105,1420,1525,0.15007274358279057
105,1405,1510,0.1500741713379797
108,1405,1513,0.15007539298970274
109,1403,1512,0.15006963973150822
107,1406,1513,0.1500621820556017
108,1397,1505,0.15006129956328298
107,1409,1516,0.15005902842652755
103,1406,1509,0.15006013712307922
103,1404,1507,0.15007067605926497
103,1411,1514,0.15008007240194238
104,1406,1510,0.1500889115009655
105,1402,1507,0.15009456069979005
107,1403,1510,0.150096740025908
108,1421,1529,0.150094124916377
108,1427,1535,0.15008972907068682
111,1416,1527,0.15008500454850077
112,1410,1522,0.15007372258186083
111,1402,1513,0.1500611241520533
110,1398,1508,0.15005206882174593
107,1415,1522,0.15004734032573278
106,1411,1517,0.1500512309445695
107,1420,1527,0.150056826423598
110,1425,1535,0.15005973369266756
107,1413,1520,0.15005451400418304
108,1408,1516,0.1500570316059433
110,1400,1510,0.15005734975111593
107,1404,1511,0.1500524430957214
108,1407,1515,0.15005529820415997
105,1413,1518,0.150054594840571
104,1425,1529,0.15006067589391453
107,1420,1527,0.15006850734966226
110,1418,1528,0.15006693972712648
106,1407,1513,0.15005913212492214
109,1416,1525,0.15006141650160443
112,1420,1532,0.15005620551625323
113,1412,1525,0.15004451428597465
116,1409,1525,0.15003087998273718
116,1404,1520,0.15001053338933107
114,1394,1508,0.14999259674483598
105,1378,1483,0.1499809265831844
105,1383,1488,0.14999126587509196
104,1408,1512,0.15000128141171332
104,1409,1513,0.15001307161186897
105,1421,1526,0.1500239058003856
103,1417,1520,0.15002989201745773
106,1412,1518,0.15004105638694162
107,1417,1524,0.150045211384661
108,1396,1504,0.1500462311671747
109,1403,1512,0.15004473013840644
111,1407,1518,0.15004038562315616
111,1407,1518,0.15003096109503386
112,1414,1526,0.15002256217733795
109,1403,1512,0.150012223069935
109,1397,1506,0.15001076445899048
108,1404,1512,0.15000944122056414
107,1409,1516,0.1500103534530416
107,1417,1524,0.15001455700573543
103,1413,1516,0.15001901006546928
103,1429,1532,0.1500333412400266
103,1417,1520,0.1500465486109156
100,1418,1518,0.15005857461000732
99,1410,1509,0.15007730633509972
99,1415,1514,0.15009792406829386
98,1418,1516,0.15011664784268341
101,1417,1518,0.15013648998045975
103,1415,1518,0.15014798951634062
101,1411,1512,0.15015238521035862
102,1414,1516,0.1501610811766322
103,1399,1502,0.15016553953736575
105,1400,1505,0.1501644514999521
105,1398,1503,0.15015912364473682
107,1401,1508,0.15015495119368982
105,1391,1496,0.15014666901515747
101,1408,1509,0.15014476325089526
103,1398,1501,0.15015117815115164
106,1390,1496,0.15015120177954913
103,1389,1492,0.15014479014700632
102,1400,1502,0.15014773595947198
106,1392,1498,0.15015376269087263
108,1399,1507,0.15014879830816014
104,1408,1512,0.15013915476160103
108,1391,1499,0.15014004939478215
108,1399,1507,0.1501304011606446
107,1392,1499,0.1501204659026359
109,1395,1504,0.1501138615070445
108,1413,1521,0.15010437252853007
105,1407,1512,0.1500982658844535
103,1411,1514,0.15009994080304156
103,1413,1516,0.15010630701483924
101,1408,1509,0.1501131912960229
98,1410,1508,0.15012484988779143
99,1422,1521,0.15014343787012419
99,1413,1512,0.15015884477703018
96,1417,1513,0.15017312119250065
97,1421,1518,0.15019393029720185
96,1419,1515,0.15020964680659066
98,1433,1531,0.15022740866725498
94,1436,1530,0.1502391882281306
93,1434,1527,0.1502603052759529
91,1440,1531,0.15028276814986108
92,1435,1527,0.15030925722157737
93,1431,1524,0.15033130044331883
96,1430,1526,0.15034859468858058
97,1434,1531,0.15035763691003512
95,1422,1517,0.15036401247035336
96,1418,1514,0.15037490147317423
92,1414,1506,0.15038307192106717
93,1417,1510,0.15040035368742102
94,1421,1515,0.15041440887257487
94,1421,1515,0.1504252982174869
92,1416,1508,0.1504362090051762
88,1428,1516,0.15045156285980954
88,1434,1522,0.1504748386922334
85,1428,1513,0.15049666612277723
85,1421,1506,0.150524359510341
86,1420,1506,0.15054886596224212
89,1426,1515,0.15057013260452987
89,1434,1523,0.1505815365731781
87,1441,1528,0.15059158495087516
87,1430,1517,0.15060627769578747
85,1434,1519,0.15062068475804233
87,1436,1523,0.1506395891404763
86,1443,1529,0.1506531758994543
84,1438,1522,0.15066872630526296
81,1437,1518,0.15068821318328862
79,1432,1511,0.1507136724515897
75,1433,1508,0.1507427356187911
75,1430,1505,0.15077925367316397
75,1441,1516,0.15081326873681802
77,1443,1520,0.1508453400878089
77,1448,1525,0.15087084029447556
75,1446,1521,0.15089507941148714
79,1458,1537,0.1509226048843048
78,1454,1532,0.15093781755480745
77,1442,1519,0.15095389687211253
79,1440,1519,0.1509718393102884
78,1442,1520,0.15098365602211294
76,1451,1527,0.1509980749264069
75,1446,1521,0.15101652700156862
75,1459,1534,0.1510360159013623
76,1463,1539,0.1510546145111465
75,1445,1520,0.15106849167464592
77,1452,1529,0.15108302925651146
77,1456,1533,0.15109169970219496
77,1438,1515,0.1510995240843603
75,1449,1524,0.15110725594227004
76,1446,1522,0.1511196586424775
77,1443,1520,0.15112951815530645
75,1437,1512,0.1511363886486874
75,1433,1508,0.15114780924762827
74,1444,1518,0.15115631071991406
75,1447,1522,0.15116623208369095
73,1456,1529,0.1511737042835215
71,1456,1527,0.1511865821338112
69,1460,1529,0.15120366093814097
72,1460,1532,0.1512223085492117
73,1452,1525,0.1512317418943716
74,1448,1522,0.151238715795746
72,1434,1506,0.15124301406674837
74,1434,1508,0.15125256377097349
74,1437,1511,0.15125533569549288
75,1436,1511,0.15125812467777208
75,1446,1521,0.15125914096373333
74,1446,1520,0.15126067275439833
73,1439,1512,0.1512653311530033
72,1449,1521,0.1512726288714853
73,1453,1526,0.15128228082582243
74,1441,1515,0.1512894840471857
73,1445,1518,0.15129282674764238
71,1443,1514,0.1512985719807623
73,1449,1522,0.15130914997141923
72,1443,1515,0.1513141113847432
71,1458,1529,0.15132086372390932
70,1451,1521,0.15132914628680424
68,1453,1521,0.15133969942213912
65,1456,1521,0.1513545488357158
65,1458,1523,0.1513744157522826
66,1455,1521,0.15139351395608178
66,1439,1505,0.15140859208717092
71,1428,1499,0.15142341052392008
69,1440,1509,0.1514244246282044
69,1439,1508,0.15143039731448973
68,1449,1517,0.15143620675617767
66,1445,1511,0.15144459013341963
65,1448,1513,0.15145769721873406
67,1470,1537,0.15147178462592364
64,1472,1536,0.1514800199737998
65,1473,1538,0.1514948229814737
64,1457,1521,0.15150660958614773
61,1455,1516,0.1515204553927372
62,1458,1520,0.15154043633549968
62,1442,1504,0.1515570407296438
63,1449,1512,0.15157298388767482
63,1449,1512,0.1515856789972521
66,1457,1523,0.15159794884337108
67,1454,1521,0.1516006706258555
70,1455,1525,0.1516014058180977
70,1441,1511,0.15159307802177033
68,1457,1525,0.15158449256664266
68,1464,1532,0.15158202912935856
67,1465,1532,0.15157976108876992
67,1456,1523,0.1515806423536351
63,1464,1527,0.15158152653067372
64,1458,1522,0.15159207480237233
65,1454,1519,0.15160011868201248
65,1447,1512,0.15160535859754398
66,1446,1512,0.15161069884575945
65,1441,1506,0.15161382481210317
63,1450,1513,0.15161924451197245
62,1448,1510,0.15162824576974906
60,1430,1490,0.15163926918397594
58,1434,1492,0.15165441560747855
58,1455,1513,0.151673401175011
60,1450,1510,0.1516909000593724
62,1454,1516,0.15170167553183478
63,1459,1522,0.15170705797786094
65,1465,1530,0.15170995395546188
64,1460,1524,0.15170773718794486
64,1449,1513,0.15170857239616062
63,1456,1519,0.15170882500405497
63,1458,1521,0.15171177427652624
62,1457,1519,0.15171501836287818
62,1448,1510,0.151720696366905
64,1453,1517,0.15172428942154675
63,1459,1522,0.15172196118918654
63,1463,1526,0.15172238813118624
65,1457,1522,0.15172234915116128
63,1451,1514,0.15171745028185363
63,1436,1499,0.15171789637335914
63,1439,1502,0.15171876380259003
63,1448,1511,0.1517200918226229
61,1455,1516,0.1517216744588924
63,1449,1512,0.15172848328470287
65,1457,1522,0.15172978133567366
64,1450,1514,0.1517249266693562
63,1449,1512,0.1517231002763398
65,1455,1520,0.1517243524954543
65,1438,1503,0.15172019976386114
64,1449,1513,0.15171685462409135
60,1449,1509,0.15171580779319843
61,1450,1511,0.15172498336505358
62,1447,1509,0.15173113524684337
60,1448,1508,0.15173299382038852
62,1435,1497,0.15173973931534487
65,1436,1501,0.15174114986347514
69,1439,1508,0.15173507414593831
70,1442,1512,0.15171833418330155
67,1436,1503,0.15170117402388417
64,1434,1498,0.15169283079389542
64,1434,1498,0.15169223862049902
62,1458,1520,0.15169235936593758
64,1459,1523,0.15169593969397227
62,1467,1529,0.15169497149460404
63,1461,1524,0.15169922283779552
64,1467,1531,0.15170102997485294
61,1478,1539,0.15170055589253767
61,1475,1536,0.1517078095956893
60,1471,1531,0.15171510379725742
58,1465,1523,0.15172416103775244
59,1462,1521,0.1517381732197304
61,1446,1507,0.15174811533513807
64,1439,1503,0.15175243847740147
63,1442,1505,0.15174949430122864
61,1447,1508,0.1517489452919568
59,1440,1499,0.15175343296708774
62,1440,1502,0.1517622313028605
65,1437,1502,0.15176244381916934
63,1435,1498,0.1517546912085607
63,1442,1505,0.15175300520777985
63,1448,1511,0.15175135216241264
62,1447,1509,0.15175044371991134
65,1442,1507,0.1517524165968798
63,1442,1505,0.15174560396191164
60,1456,1516,0.15174505495565238
60,1459,1519,0.15175171678427257
62,1451,1513,0.15175797240276334
64,1449,1513,0.1517588799820274
61,1448,1509,0.1517552254579763
63,1462,1525,0.1517592843638576
62,1482,1544,0.15175876427615023
59,1464,1523,0.1517610013739979
59,1458,1517,0.1517701326384456
59,1461,1520,0.15177877144822102
59,1446,1505,0.15178723716597553
61,1456,1517,0.15179559355308592
60,1451,1511,0.15179838821496094
63,1450,1513,0.1518036290980365
64,1436,1500,0.15180081702671894
64,1454,1518,0.15179601669375395
63,1446,1509,0.15179148883132473
67,1462,1529,0.15179032005759754
67,1458,1525,0.1517776391615212
66,1452,1518,0.1517663220335758
68,1455,1523,0.151758700824192
68,1454,1522,0.15174642601930688
66,1461,1527,0.15173562892655912
62,1460,1522,0.1517305698860694
62,1464,1526,0.15173453226478675
65,1459,1524,0.1517382951932512
64,1444,1508,0.15173472711405558
64,1438,1502,0.15173289667693862
65,1450,1515,0.15173172970373972
61,1462,1523,0.15172888199898651
63,1459,1522,0.1517356516691015
63,1454,1517,0.15173710493191434
63,1452,1515,0.1517389675873243
64,1461,1525,0.15174115151513198
62,1453,1515,0.1517408189346652
63,1464,1527,0.15174588716531182
61,1460,1521,0.15174740733065586
66,1451,1517,0.15175354303461316
65,1458,1523,0.15174686663158696
66,1455,1521,0.1517433160003303
66,1449,1515,0.1517374234505416
68,1454,1522,0.15173081419069046
63,1441,1504,0.15171923560657588
62,1441,1503,0.15172034486957162
63,1440,1503,0.15172491386315543
64,1451,1515,0.15172749302499983
65,1455,1520,0.15172756630195208
64,1440,1504,0.15172357469731598
66,1445,1511,0.15172203733221465
66,1441,1507,0.1517162262864484
67,1427,1494,0.1517113513430529
66,1428,1494,0.1517041597788298
67,1428,1495,0.15169994724195987
67,1443,1510,0.1516926567777116
64,1423,1487,0.15168648261492168
69,1426,1495,0.15168791780013113
70,1438,1508,0.15167608278465963
69,1441,1510,0.15166308095039216
68,1439,1507,0.15165372395703694
64,1426,1490,0.151646972490846
68,1435,1503,0.15165059596990937
65,1434,1499,0.15164388678959217
63,1448,1511,0.1516448475375554
63,1464,1527,0.15165108261168483
65,1456,1521,0.15165713070656472
64,1453,1517,0.1516584795645602
66,1446,1512,0.1516619973623355
66,1468,1534,0.15165988355704715
65,1463,1528,0.15165865692859756
64,1441,1505,0.1516597972205786
62,1453,1515,0.15166356335141573
64,1450,1514,0.15167196740604247
65,1441,1506,0.1516754049541143
64,1435,1499,0.15167578833790274
66,1451,1517,0.15167897052969953
64,1458,1522,0.15167662875204868
63,1458,1521,0.15167947290258307
66,1450,1516,0.15168488498523153
64,1442,1506,0.1516820974311309
63,1444,1507,0.15168486369542183
62,1456,1518,0.1516899914564136
64,1447,1511,0.15169798598560336
59,1437,1496,0.1517007653649246
59,1440,1499,0.15171528057826167
55,1441,1496,0.15172921636759737
54,1447,1501,0.15175111542044142
54,1443,1497,0.15177346794953117
56,1446,1502,0.15179386118974056
57,1456,1513,0.15180667810544918
56,1457,1513,0.15181708758707269
59,1456,1515,0.1518300658270313
57,1463,1520,0.1518341363497677
55,1469,1524,0.151842839045999
56,1459,1515,0.15185603426174604
55,1457,1512,0.15186590804605973
56,1450,1506,0.15187783102914298
55,1460,1515,0.151887133342457
54,1475,1529,0.15189834450929116
53,1463,1516,0.15191138406858115
51,1456,1507,0.15192604677927965
54,1461,1515,0.15194453451819645
52,1471,1523,0.15195447102939844
50,1464,1514,0.15196856579623697
53,1465,1518,0.15198673384553493
52,1465,1517,0.1519962523001477
52,1452,1504,0.1520076357553395
50,1444,1494,0.1520179202715708
54,1439,1493,0.15203222129958152
54,1435,1489,0.1520346899569557
53,1449,1502,0.15203665600279082
54,1449,1503,0.15204076933788266
56,1451,1507,0.1520424577598566
56,1456,1512,0.15203894188293
57,1449,1506,0.15203627681413778
57,1446,1503,0.1520310442929347
58,1452,1510,0.15202674911831282
56,1459,1515,0.15202064218690292
55,1443,1498,0.15201983201508903
56,1463,1519,0.15202181098888992
54,1472,1526,0.152021600935992
53,1471,1524,0.1520261899806944
52,1451,1503,0.15203158232413685
51,1460,1511,0.1520393730542567
51,1458,1509,0.15204906425174053
55,1473,1528,0.1520575782654927
55,1466,1521,0.15205634132391807
55,1463,1518,0.15205562664091093
53,1471,1524,0.15205540877760357
52,1466,1518,0.15205996678364045
54,1469,1523,0.15206711964712244
54,1468,1522,0.15206941941391908
53,1460,1513,0.15207152426572357
52,1453,1505,0.15207596525644348
55,1451,1506,0.1520825692327778
56,1444,1500,0.1520805225123441
56,1444,1500,0.15207578217046291
54,1462,1516,0.15207128731049926
52,1470,1522,0.152072787402284
55,1467,1522,0.15207903185765542
55,1466,1521,0.1520768733908678
55,1477,1532,0.152075310420388
55,1474,1529,0.15207335278977852
55,1460,1515,0.1520719709421685
54,1463,1517,0.15207107465980527
53,1467,1520,0.15207245397921565
56,1466,1522,0.15207523389800304
55,1460,1515,0.15206949134446515
55,1450,1505,0.15206710500911144
56,1457,1513,0.15206518109052247
56,1460,1516,0.15206134597918672
54,1459,1513,0.15205729896491862
53,1461,1514,0.15205859947939845
51,1480,1531,0.15206268307505907
51,1477,1528,0.15207152086571138
49,1473,1522,0.15207974586217568
47,1474,1521,0.15209209618251518
50,1473,1523,0.15210873792136678
49,1463,1512,0.15211718570620075
50,1459,1509,0.15212770627730066
49,1457,1506,0.15213531735223865
50,1470,1520,0.15214499682384022
50,1468,1518,0.15215169977498075
49,1460,1509,0.15215801337092041
49,1460,1509,0.1521665106726247
50,1464,1514,0.15217487449989026
50,1447,1497,0.15218008949467612
51,1454,1505,0.1521844296022822
52,1454,1506,0.1521861235643808
52,1470,1522,0.1521849217532048
54,1465,1519,0.1521838880571599
54,1469,1523,0.152177938278534
55,1473,1528,0.1521709313131686
54,1475,1529,0.15216245544947843
53,1477,1530,0.15215731103258767
54,1471,1525,0.15215505275397387
55,1471,1526,0.1521502887476416
55,1473,1528,0.15214318841646532
56,1470,1526,0.15213697542556268
55,1473,1528,0.15212941974973476
54,1474,1528,0.15212470565705416
52,1464,1516,0.15212291900001684
51,1456,1507,0.15212635369954378
49,1448,1497,0.15213213824197908
49,1464,1513,0.15214169622940918
50,1477,1527,0.15215081524176552
50,1476,1526,0.15215720866021826
52,1472,1524,0.1521639316685679
51,1479,1530,0.15216571862008407
47,1467,1514,0.15216990830454333
48,1461,1509,0.15218271951432968
47,1464,1511,0.1521927465127573
49,1467,1516,0.15220459240009163
49,1467,1516,0.1522105154962016
49,1457,1506,0.1522163590568503
46,1476,1522,0.15222188029718936
47,1468,1515,0.15223384084325967
46,1468,1514,0.15224222946945343
48,1479,1527,0.15225257741179668
46,1477,1523,0.1522577811751415
47,1470,1517,0.1522672936937599
45,1485,1530,0.15227390592460568
45,1484,1529,0.15228478681762236
45,1481,1526,0.1522952254882037
42,1490,1532,0.15230497121326012
45,1484,1529,0.15232090770094922
45,1482,1527,0.15232806364243057
44,1478,1522,0.15233505619610224
44,1470,1514,0.15234478331400025
43,1479,1522,0.15235325108939865
44,1480,1524,0.15236387273355376
45,1483,1528,0.15237151145388286
44,1475,1519,0.15237584379615365
44,1478,1522,0.15238233289981523
42,1474,1516,0.1523886298034454
42,1476,1518,0.1523983766414958
41,1490,1531,0.15240776518309546
38,1479,1517,0.15241865437674346
38,1483,1521,0.15243641154667675
40,1478,1518,0.15245323684927004
41,1492,1533,0.15246431975467936
41,1495,1536,0.15247212600909407
42,1475,1517,0.15247967209182278
41,1480,1521,0.1524843197837068
39,1483,1522,0.15249121063588617
37,1492,1529,0.15250235076521268
39,1495,1534,0.15251731714827158
41,1479,1520,0.15252621488759105
41,1466,1507,0.15252818454522868
43,1483,1526,0.15253046538150686
40,1468,1508,0.15252772439224743
41,1472,1513,0.15253287697685766
41,1475,1516,0.15253520286588398
41,1469,1510,0.15253776422951038
41,1463,1504,0.15254046116205733
40,1469,1509,0.1525432467548359
39,1473,1512,0.1525483609175874
38,1485,1523,0.15255552670799571
39,1481,1520,0.15256473017858813
40,1476,1516,0.1525703759575326
42,1483,1525,0.15257251791096052
40,1488,1528,0.15256955722554552
40,1496,1536,0.15257162013917294
42,1479,1521,0.15257284555805964
42,1476,1518,0.15256985950891444
42,1474,1516,0.1525666477587457
41,1486,1527,0.1525636349186274
40,1483,1523,0.15256339174106942
40,1488,1528,0.1525657801255589
41,1465,1506,0.15256833364356423
41,1469,1510,0.15256766376245834
43,1477,1520,0.15256739860818405
40,1465,1505,0.15256204749035626
40,1465,1505,0.15256451628858608
39,1469,1508,0.15256711363024666
39,1472,1511,0.15257226799807075
36,1482,1518,0.152577151898345
36,1484,1520,0.1525884770649051
36,1475,1511,0.15259934857641103
35,1474,1509,0.1526082871427324
33,1475,1508,0.15261918461388857
33,1478,1511,0.15263391941275914
34,1476,1510,0.1526480746805411
34,1482,1516,0.1526591614706177
35,1485,1520,0.1526690905295833
36,1487,1523,0.15267633253216004
36,1477,1513,0.15268025726318885
35,1493,1528,0.1526842852089155
31,1490,1521,0.15268977910429943
32,1481,1513,0.15270521887898272
31,1481,1512,0.15271717278482094
31,1487,1518,0.15273094860695316
31,1484,1515,0.15274334680764584
32,1475,1507,0.15275470837314636
33,1485,1518,0.15276320476241245
33,1484,1517,0.15276917500832637
30,1484,1514,0.1527750605310808
30,1478,1508,0.15278785378561233
30,1477,1507,0.15280012433052825
30,1476,1506,0.15281186904505212
29,1480,1509,0.1528229441218339
32,1490,1522,0.1528357082714054
32,1487,1519,0.1528389840374355
31,1484,1515,0.15284247419332878
31,1493,1524,0.1528481350331877
30,1488,1518,0.15285379056190102
33,1498,1531,0.15286235486024408
33,1478,1511,0.1528616795963166
32,1486,1518,0.15286071855500385
31,1486,1517,0.15286199718304302
28,1491,1519,0.15286590348823964
30,1482,1512,0.15287669711526342
28,1480,1508,0.15288175675443516
28,1491,1519,0.15289205733826144
27,1480,1507,0.15290198854258383
26,1484,1510,0.15291400560237495
24,1483,1507,0.1529277336621878
25,1495,1520,0.15294584472609768
25,1504,1529,0.15296007730521236
24,1504,1528,0.1529735071094397
26,1499,1525,0.1529885701177498
28,1496,1524,0.15299726625772866
29,1499,1528,0.1530007867211485
28,1498,1526,0.15300170291059348
29,1494,1523,0.15300453549589696
30,1496,1526,0.15300526376900078
30,1492,1522,0.15300360917883715
28,1490,1518,0.1530023796502892
29,1502,1531,0.1530059940373649
30,1496,1526,0.15300732649956963
29,1495,1524,0.15300582480700148
29,1486,1515,0.1530069326671395
29,1489,1518,0.1530082301314524
28,1485,1513,0.15300888050333752
29,1489,1518,0.1530120896668436
28,1487,1515,0.15301216182426602
29,1491,1520,0.1530145115491535
31,1492,1523,0.15301387942947853
30,1484,1514,0.15300812313607887
31,1493,1524,0.1530049031146655
31,1499,1530,0.15300000733351574
34,1488,1522,0.15299568380259873
33,1501,1534,0.1529838642129885
32,1509,1541,0.15297502876722013
32,1520,1552,0.1529693663548811
35,1499,1534,0.15296442232942628
38,1474,1512,0.15295196676280745
36,1483,1519,0.15293203426306967
36,1474,1510,0.1529189474328555
37,1472,1509,0.1529071803568209
35,1464,1499,0.15289392124694323
36,1467,1503,0.15288560555824912
39,1478,1517,0.15287595780966637
39,1474,1513,0.15285947025349636
39,1460,1499,0.15284457452556538
36,1457,1493,0.15283131252568213
38,1470,1508,0.15282609086237092
36,1483,1519,0.1528161859793311
37,1483,1520,0.15281185260288258
38,1496,1534,0.15280591783690686
38,1501,1539,0.15279718975191878
38,1491,1529,0.15278914529641954
37,1488,1525,0.15278205919530147
37,1477,1514,0.15277835243252025
36,1466,1502,0.15277519911808649
35,1463,1498,0.15277484188070115
35,1464,1499,0.15277698400179004
37,1477,1514,0.15277920945568035
37,1467,1504,0.1527759829685162
36,1479,1515,0.15277323400671813
35,1493,1528,0.1527734189407268
36,1491,1527,0.15277593367181375
36,1488,1524,0.15277623908810015
35,1494,1529,0.15277582170706658
34,1495,1529,0.1527779730080324
36,1502,1538,0.15278239540353397
36,1498,1534,0.15278157472147855
37,1488,1525,0.1527810375344455
36,1494,1530,0.15277817193028298
37,1489,1526,0.1527780065109142
38,1485,1523,0.15277517077315608
37,1471,1508,0.1527686109578691
37,1476,1513,0.15276514226561472
36,1482,1518,0.1527622412235911
37,1489,1526,0.1527621596375076
37,1485,1522,0.15275994932055154
37,1493,1530,0.1527572804615707
36,1488,1524,0.15275511237265316
34,1482,1516,0.15275552726118666
34,1486,1520,0.15276048349125496
34,1485,1519,0.15276535315188167
34,1474,1508,0.15277010993462822
35,1480,1515,0.15277473783972087
35,1466,1501,0.1527759969232027
33,1474,1507,0.1527774334508403
33,1479,1512,0.15278283976867463
33,1482,1515,0.15278808941027983
35,1493,1528,0.15279267117807394
34,1499,1533,0.15279250055467655
33,1496,1529,0.1527949345466427
33,1483,1516,0.15279978232421182
33,1478,1511,0.1528045224449962
33,1465,1498,0.15280846769176049
33,1477,1510,0.15281239031501567
34,1470,1504,0.15281453254897795
34,1469,1503,0.15281309371315352
33,1471,1504,0.15281228105467096
30,1471,1501,0.1528144057747098
30,1474,1504,0.1528243659043498
33,1462,1495,0.1528328837853089
34,1483,1517,0.15283331556714164
34,1478,1512,0.15283163515502887
34,1489,1523,0.1528305692004475
32,1486,1518,0.15282998729128977
33,1491,1524,0.15283460424120526
32,1497,1529,0.15283608577031046
31,1493,1524,0.15284004442484952
33,1489,1522,0.1528461113822146
33,1498,1531,0.1528461264623235
32,1507,1539,0.15284657287154618
31,1490,1521,0.1528495682773702
30,1493,1523,0.15285506320745276
33,1486,1519,0.1528618608277386
32,1495,1527,0.15286044276637717
33,1505,1538,0.15286189637857311
33,1499,1532,0.15286104537275874
33,1501,1534,0.15286048831771867
32,1495,1527,0.152860233281833
31,1494,1525,0.1528630705481673
33,1496,1529,0.1528681459381978
35,1476,1511,0.15286842268571704
35,1474,1509,0.1528627134063563
34,1480,1514,0.15285775671341714
34,1486,1520,0.15285576325666173
32,1483,1515,0.15285419911763726
34,1480,1514,0.15285764293990728
36,1477,1513,0.15285569439239738
35,1481,1516,0.15284838768321335
36,1491,1527,0.15284482760544177
36,1486,1522,0.15283886804487903
37,1481,1518,0.15283360233024593
38,1471,1509,0.15282528934770007
36,1469,1505,0.1528156386592595
34,1467,1501,0.1528108009573663
34,1468,1502,0.15281187112456898
34,1474,1508,0.1528123014319465
36,1469,1505,0.15281309226061546
35,1482,1517,0.15280850419360578
36,1490,1526,0.1528051609606106
35,1489,1524,0.1528002714239806
36,1472,1508,0.15279903347999146
38,1478,1516,0.15279453042729504
37,1465,1502,0.15278500137538867
36,1476,1512,0.1527790692784054
37,1473,1510,0.15277617961416065
36,1475,1511,0.15277170167396126
39,1477,1516,0.15277011050160794
39,1489,1528,0.15276053664289793
39,1477,1516,0.15275206949490866
38,1462,1500,0.15274457978464195
37,1482,1519,0.15273958990207392
37,1489,1526,0.15273753449800098
33,1482,1515,0.15273599623387635
34,1486,1520,0.1527442186284806
35,1485,1520,0.15275016362049793
34,1485,1519,0.15275282581462465
34,1482,1516,0.15275783045111951
33,1463,1496,0.15276294542887142
30,1472,1502,0.15277015608990735
30,1485,1515,0.15278371599790075
29,1488,1517,0.15279604563023969
29,1474,1503,0.1528105967291864
30,1489,1519,0.1528242946186658
30,1485,1515,0.15283479638261346
30,1487,1517,0.1528447934886175
31,1486,1517,0.15285429359107489
30,1485,1515,0.15285904840329687
32,1475,1507,0.1528653483382091
32,1484,1516,0.15286617732203667
31,1476,1507,0.15286741336228155
32,1462,1494,0.15287116479089338
34,1471,1505,0.1528720641361129
32,1479,1511,0.15286785048460375
33,1477,1510,0.15286914978741817
33,1479,1512,0.15286852355593744
31,1474,1505,0.15286826944088547
31,1483,1514,0.15287320933661605
31,1473,1504,0.1528780678171519
33,1477,1510,0.1528828220847679
34,1475,1509,0.15288150024059305
34,1477,1511,0.152877615368967
35,1477,1512,0.1528725587553483
33,1466,1499,0.15286605301347292
34,1469,1503,0.15286504627909148
32,1452,1484,0.15286206098898247
32,1467,1499,0.15286400213565032
32,1473,1505,0.15286613966202453
35,1457,1492,0.15286841995950484
35,1469,1504,0.15286285258750654
34,1469,1503,0.1528579808984898
35,1471,1506,0.15285617828415846
34,1472,1506,0.15285170532179418
35,1465,1500,0.15285001033703646
34,1482,1516,0.15284580383838867
32,1471,1503,0.15284475542246398
31,1489,1520,0.15284872621592802
31,1480,1511,0.152855059889713
29,1478,1507,0.15286122792505996
25,1482,1507,0.15287180261097924
27,1477,1504,0.15289133568005606
27,1485,1512,0.15290496322643837
29,1480,1509,0.15291788297116227
28,1484,1512,0.152924427580516
26,1480,1506,0.1529332110862712
26,1491,1517,0.15294626911079096
26,1482,1508,0.15295869685355826
26,1490,1516,0.15297050779178067
27,1497,1524,0.1529817179858673
24,1492,1516,0.15298996183935787
25,1496,1521,0.15300447277890128
25,1489,1514,0.1530159848978505
25,1495,1520,0.15302541646125042
25,1490,1515,0.15303449658529092
26,1484,1510,0.15304321257634299
26,1483,1509,0.15304893517215037
25,1493,1518,0.15305448036842773
26,1487,1513,0.1530622687880585
25,1485,1510,0.1530668137726734
25,1482,1507,0.15307363725371678
26,1481,1507,0.15307928666063547
26,1482,1508,0.15308229719463903
26,1492,1518,0.15308538505577826
27,1484,1511,0.15308851205118176
25,1476,1501,0.1530884971343044
26,1467,1493,0.15309325703329063
26,1480,1506,0.15309561502511834
27,1498,1525,0.15309804393587034
26,1497,1523,0.15309809999449892
25,1498,1523,0.1531007598298676
26,1497,1523,0.15310572433177305
26,1499,1525,0.15310815811272507
28,1494,1522,0.15311057947319212
27,1495,1522,0.15310709452001844
27,1490,1517,0.15310633223765152
25,1488,1513,0.15310586801412654
26,1483,1509,0.1531103886359445
26,1498,1524,0.1531124662175304
25,1490,1515,0.1531145825992265
24,1483,1507,0.15311907742636546
24,1492,1516,0.15312585524169628
23,1489,1512,0.1531323320357847
23,1504,1527,0.1531408130353214
23,1510,1533,0.15314885670613707
23,1503,1526,0.15315545433380276
23,1492,1515,0.15316180416144387
24,1482,1506,0.15316789763962443
24,1490,1514,0.1531713958673944
21,1494,1515,0.15317480055672245
20,1496,1516,0.15318485360822817
20,1487,1507,0.15319677368411938
21,1494,1515,0.15320804341497218
21,1498,1519,0.15321620804587666
18,1494,1512,0.15322394885290805
19,1490,1509,0.15323774331470136
18,1498,1516,0.153247940281899
19,1500,1519,0.153260036574565
19,1494,1513,0.1532690068693742
18,1494,1512,0.1532775198854989
18,1498,1516,0.15328816273953638
17,1490,1507,0.15329817789890574
15,1490,1505,0.15330995012999618
16,1496,1512,0.1533254898399628
18,1504,1522,0.1533377432092582
17,1504,1521,0.15334417095322517
17,1498,1515,0.15335246826686033
16,1498,1514,0.15336070270251512
15,1495,1510,0.1533706554803872
14,1493,1507,0.15338238264288653
13,1492,1505,0.15339557038769722
13,1490,1503,0.15341022253736936
13,1493,1506,0.1534231830869532
16,1497,1513,0.1534346292833426
15,1498,1513,0.15343707709633606
16,1500,1516,0.15344193191869035
17,1500,1517,0.1534444934034942
16,1504,1520,0.15344394272895304
16,1509,1525,0.1534460062940688
16,1497,1513,0.15344822873219677
16,1498,1514,0.153450561353132
15,1500,1515,0.15345201592932503
12,1505,1517,0.1534560699278968
11,1525,1536,0.1534678525775862
11,1506,1517,0.15348135629735649
11,1511,1522,0.1534941470222639
10,1520,1530,0.15350625122654726
10,1512,1522,0.15352006269476384
10,1519,1529,0.15353233717393108
10,1523,1533,0.1535440158080639
9,1522,1531,0.15355511443671366
9,1510,1519,0.15356803114357317
9,1492,1501,0.15358026097018532
10,1503,1513,0.15359183212594194
10,1505,1515,0.1535996115103905
11,1504,1515,0.15360708031874
11,1503,1514,0.15361123233674817
11,1500,1511,0.15361534296802679
9,1509,1518,0.15361938836471847
9,1518,1527,0.1536285299080543
9,1503,1512,0.15363720067908798
10,1504,1514,0.1536454176462472
10,1522,1532,0.15365008231095145
10,1522,1532,0.15365410030374807
10,1518,1528,0.15365809347337037
10,1510,1520,0.15366203751102678
10,1517,1527,0.1536659126355746
11,1506,1517,0.15366970295648752
11,1495,1506,0.15367043316812634
10,1494,1504,0.15367132056667943
10,1505,1515,0.1536751403286723
10,1515,1525,0.15367827956837085
10,1516,1526,0.15368094731042603
10,1502,1512,0.15368366011039683
11,1509,1520,0.15368639036459927
11,1500,1511,0.1536859022125976
11,1515,1526,0.15368568568067956
11,1516,1527,0.15368569458295578
11,1514,1525,0.15368588920935924
11,1507,1518,0.15368623547512492
10,1499,1509,0.15368670417926086
9,1502,1511,0.15368966665455885
9,1504,1513,0.15369490291858084
9,1508,1517,0.15369991303768443
9,1495,1504,0.1537046986254267
8,1500,1508,0.15370926276889102
9,1500,1509,0.15371605852414036
9,1506,1515,0.15371940504503306
8,1503,1511,0.15372268258738603
8,1515,1523,0.15372800767840197
8,1509,1517,0.15373314546313552
8,1506,1514,0.15373808919156545
8,1506,1514,0.153742834884957
8,1505,1513,0.1537473808634572
8,1503,1511,0.15375172734131362
8,1509,1517,0.1537558760806374
7,1514,1521,0.1537598300958189
7,1503,1510,0.15376596505925266
6,1507,1513,0.15377176754847383
6,1508,1514,0.15377961021732886
6,1515,1521,0.153787002410062
6,1507,1513,0.15379396569016743
5,1505,1510,0.15380052126152602
6,1500,1506,0.153809101364868
6,1500,1506,0.15381401394017766
5,1522,1527,0.15381872241441732
5,1508,1513,0.15382569320852718
5,1503,1508,0.15383230904194659
5,1507,1512,0.1538385812645884
5,1509,1514,0.15384452198113102
5,1524,1529,0.15385014380620016
4,1518,1522,0.1538554596614613
3,1533,1536,0.15386313293661075
3,1521,1524,0.1538726556537374
3,1510,1513,0.15388159754298086
3,1496,1499,0.15388999288836
3,1505,1508,0.15389787411705988
3,1514,1517,0.1539052718758758
3,1519,1522,0.15391221510824113
2,1519,1521,0.15391873113108936
2,1522,1524,0.153927185593445
3,1511,1514,0.15393512335451778
3,1500,1503,0.15393934988119767
3,1501,1504,0.15394341726570754
3,1498,1501,0.15394732190416996
3,1494,1497,0.15395106218193905
3,1496,1499,0.1539546381189576
3,1495,1498,0.15395805106737065
3,1512,1515,0.15396130345419892
3,1520,1523,0.1539643985628374
3,1515,1518,0.1539673403479812
4,1516,1520,0.15397013327930723
4,1512,1516,0.15396952031150968
4,1504,1508,0.15396907346874616
4,1491,1495,0.15396876765544343
4,1506,1510,0.1539685810556403
4,1513,1517,0.15396849472779556
4,1508,1512,0.15396849224842987
4,1497,1501,0.15396855939878376
4,1499,1503,0.15396868388936194
4,1506,1510,0.15396885511784472
5,1502,1507,0.15396906395637988
5,1503,1508,0.15396616406148028
5,1511,1516,0.15396357095273994
5,1515,1520,0.15396124983356954
5,1512,1517,0.15395917005289933
5,1513,1518,0.1539573045950438
5,1503,1508,0.15395562963365952
5,1500,1505,0.15395412414163487
5,1498,1503,0.15395276954979928
5,1495,1500,0.15395154944825157
5,1507,1512,0.15395044932490276
5,1513,1518,0.15394945633652135
4,1512,1516,0.15394855910817096
4,1522,1526,0.15395014116804173
4,1512,1516,0.15395164713879647
4,1509,1513,0.15395307884343842
4,1517,1521,0.15395443837371697
3,1516,1519,0.15395572802306443
3,1507,1510,0.15395937426328354
1,1508,1509,0.15396280842441853
1,1498,1499,0.15397095237936018
1,1508,1509,0.153978601920047
2,1517,1519,0.15398578667732862
2,1504,1506,0.15398932275417274
2,1516,1518,0.15399274677498126
2,1520,1522,0.15399605369796127
2,1525,1527,0.15399924015186817
2,1523,1525,0.15400230417765853
2,1519,1521,0.15400524500383922
2,1508,1510,0.15400806285140614
2,1520,1522,0.1540107587647494
2,1526,1528,0.15401333446532983
2,1526,1528,0.1540157922253119
2,1523,1525,0.15401813475867035
2,1516,1518,0.1540203651275868
2,1519,1521,0.1540224866622102
2,1504,1506,0.15402450289208944
2,1518,1520,0.15402641748778756
2,1502,1504,0.154028234211368
2,1508,1510,0.15402995687460197
2,1510,1512,0.1540315893038865
2,1510,1512,0.15403313531098511
2,1513,1515,0.15403459866881333
2,1497,1499,0.15403598309158667
2,1503,1505,0.15403729221873294
2,1508,1510,0.15403852960204617
2,1514,1516,0.15403969869562448
2,1511,1513,0.154040802848192
1,1515,1516,0.1540418452974557
1,1520,1521,0.15404525535992597
1,1527,1528,0.1540484627262726
1,1520,1521,0.15405147885988194
1,1533,1534,0.15405431465726505
0,1515,1515,0.15405698046443628
