1379,27,1406,0.13579578275984935
1410,28,1438,0.13291682967126062
1422,28,1450,0.13021242965097032
1434,28,1462,0.12772031144435916
1445,27,1472,0.12542168955388455
1439,27,1466,0.12330024772112164
1439,26,1465,0.12138725114207805
1435,28,1463,0.11964855083147913
1444,32,1476,0.11807746483224951
1451,33,1484,0.11662570946878904
1448,34,1482,0.11528576688441504
1459,34,1493,0.11407563237155134
1452,35,1487,0.11294751880250488
1457,33,1490,0.11193846397067395
1449,32,1481,0.11101022128129287
1457,33,1490,0.11018355612827803
1456,32,1488,0.10941396134611474
1472,30,1502,0.10871556613928883
1463,31,1494,0.10804292871850009
1467,31,1498,0.10745103791399283
1457,30,1487,0.10690469936119801
1457,31,1488,0.1064309239182774
1453,31,1484,0.10599773077183539
1451,31,1482,0.1056124540239349
1460,29,1489,0.10526710309772376
1456,29,1485,0.10493507177846598
1463,29,1492,0.10464234031822241
1481,30,1511,0.10436114991043859
1480,30,1510,0.10406276002832796
1474,31,1505,0.10379221818949941
1460,31,1491,0.10355941926333642
1465,34,1499,0.10337923071799401
1461,36,1497,0.10320458590929996
1460,37,1497,0.10305355708716842
1462,37,1499,0.10292054193590167
1451,37,1488,0.10279819331686796
1454,34,1488,0.10271147342280373
1466,34,1500,0.10262501199838782
1472,32,1504,0.10251989441083513
1467,34,1501,0.10241164198417735
1468,34,1502,0.10232363052799794
1450,33,1483,0.10224141168401472
1451,32,1483,0.10220872408103579
1455,33,1488,0.10217822005714046
1453,34,1487,0.10214144053160934
1453,36,1489,0.10211234823376383
1460,36,1496,0.10208241889602303
1456,36,1492,0.1020409559535355
1454,37,1491,0.10201300527799649
1455,38,1493,0.10199256004816877
1452,36,1488,0.10197183270767056
1453,38,1491,0.101958587159798
1463,40,1503,0.101945056857491
1464,41,1505,0.10191238852521656
1460,42,1502,0.10187943527657481
1459,41,1500,0.10185724138224388
1474,39,1513,0.10184097636074473
1471,38,1509,0.10179139899717807
1473,39,1512,0.10175183029364526
1477,42,1519,0.10171052696121854
1463,43,1506,0.10166445719956194
1468,41,1509,0.10165531644205977
1460,42,1502,0.10163626857182351
1463,43,1506,0.10163635567459042
1460,42,1502,0.10163146287111015
1456,42,1498,0.10163349494833816
1456,43,1499,0.10164487191867444
1458,44,1502,0.10165572285232312
1446,44,1490,0.10166229670714517
1457,44,1501,0.10169434450395308
1440,42,1482,0.10169824771575517
1445,42,1487,0.10174152810487751
1451,43,1494,0.1017725399437735
1456,43,1499,0.10178835607457831
1463,44,1507,0.10179017950052166
1466,44,1510,0.10177542109118277
1461,46,1507,0.10175486146001304
1448,48,1496,0.1017460561273539
1443,48,1491,0.10176834590586102
1441,50,1491,0.10180016304754325
1452,48,1500,0.10183391723822936
1449,47,1496,0.10183981724986543
1450,47,1497,0.10185013103285875
1446,47,1493,0.10185776506947394
1448,46,1494,0.10187315335533073
1444,47,1491,0.10188285751050011
1426,45,1471,0.10190235474983922
1425,47,1472,0.10196038888707398
1437,48,1485,0.10201730237832786
1436,52,1488,0.10204462421582151
1439,49,1488,0.10207165876228064
1435,50,1485,0.10208915573900428
1430,51,1481,0.10211449540981488
1435,51,1486,0.10214848418696704
1436,50,1486,0.10216910127716523
1434,50,1484,0.10218658393629795
1424,51,1475,0.10220733352086739
1428,51,1479,0.10224800477845257
1433,52,1485,0.10227589223927566
1440,53,1493,0.10229000751852207
1437,54,1491,0.10228763423114703
1436,55,1491,0.10229400082165768
1434,57,1491,0.10230311731051786
1437,56,1493,0.10231584287826813
1429,55,1484,0.1023199310806266
1428,54,1482,0.10234161701907307
1444,54,1498,0.10236386418422373
1446,52,1498,0.10234885500390675
1459,52,1511,0.10232926302551115
1456,51,1507,0.10228049798348567
1444,53,1497,0.10224255492657836
1449,53,1502,0.10223444318367417
1452,55,1507,0.10221695781837119
1448,55,1503,0.10219406151941417
1451,55,1506,0.10218272654636636
1457,55,1512,0.10216802006580578
1452,57,1509,0.10213920258884222
1451,61,1512,0.10212355383539794
1443,61,1504,0.1021113939875525
1445,62,1507,0.10211972800158137
1447,62,1509,0.10212167326583209
1448,63,1511,0.10211925143509198
1436,65,1501,0.1021151136875512
1439,65,1504,0.10213970593549242
1420,64,1484,0.10215676774585875
1414,66,1480,0.10221462920357566
1409,67,1476,0.10228203488314885
1409,66,1475,0.10235566914985253
1406,65,1471,0.10242375725144788
1414,65,1479,0.10249373175585295
1405,66,1471,0.10254187864462079
1409,67,1476,0.1026069385937296
1418,68,1486,0.10265552917397747
1413,70,1483,0.1026799475696888
1410,65,1475,0.10271370861252445
1418,62,1480,0.10275078502002995
1413,62,1475,0.10276699178655833
1417,63,1480,0.10279047925006349
1422,63,1485,0.10280301312472208
1425,66,1491,0.10280646573728466
1422,70,1492,0.10280009194672445
1423,69,1492,0.10280250608464414
1428,70,1498,0.1028022881714665
1419,68,1487,0.10279147153177265
1420,64,1484,0.10280288598371136
1419,66,1485,0.10281187560267632
1422,62,1484,0.10282283022160503
1417,62,1479,0.1028237355416553
1423,61,1484,0.10283547783716926
1422,64,1486,0.10283153673433115
1427,65,1492,0.10283173449687669
1420,69,1489,0.10282057220017535
1433,68,1501,0.10282619614210933
1427,70,1497,0.10280286537835728
1435,66,1501,0.1027953039550108
1437,66,1503,0.10277027602834891
1445,66,1511,0.10274283432597148
1441,67,1508,0.10269814135316477
1438,66,1504,0.10266556024444264
1418,66,1484,0.1026437313404501
1413,66,1479,0.10266850305939279
1423,66,1489,0.10270407593767064
1426,64,1490,0.10271527824220648
1418,65,1483,0.10271912588828648
1409,63,1472,0.10273867963388508
1421,62,1483,0.10277601052718101
1414,65,1479,0.10278213127893318
1416,64,1480,0.10280283109448611
1416,65,1481,0.10281772886475689
1429,64,1493,0.10283337729848643
1440,64,1504,0.10281729718289066
1446,64,1510,0.10277781275135336
1437,62,1499,0.10272785502179435
1445,63,1508,0.10270208521164853
1444,64,1508,0.10266051511751809
1432,69,1501,0.10262437996871827
1439,69,1508,0.10261956676757288
1436,67,1503,0.10260211388076197
1430,63,1493,0.10259307858688124
1435,65,1500,0.10259535859617865
1438,64,1502,0.10258611148499623
1417,69,1486,0.10256986286372248
1429,69,1498,0.1026022832003602
1419,67,1486,0.10260626305974213
1429,68,1497,0.1026332515684998
1433,70,1503,0.1026352464139325
1424,72,1496,0.10262749486604358
1423,73,1496,0.10264058164737953
1421,75,1496,0.10265616102452302
1417,75,1492,0.10267353962994445
1422,75,1497,0.10269903617598893
1406,77,1483,0.10271415339189055
1421,77,1498,0.10276467325462521
1412,77,1489,0.10277767018223774
1392,81,1473,0.10281142928188344
1400,82,1482,0.10288838024852495
1419,84,1503,0.10294040798089267
1435,83,1518,0.10294567237675199
1430,83,1513,0.10291572797936877
1414,83,1497,0.10289888002535723
1406,83,1489,0.10292016339315646
1412,82,1494,0.10295784798872976
1412,82,1494,0.10298022122537276
1422,82,1504,0.10300088716213733
1410,84,1494,0.1029990305311468
1396,90,1486,0.1030255610675071
1402,89,1491,0.10308055162293733
1397,93,1490,0.1031169045109953
1406,92,1498,0.1031615346703795
1415,93,1508,0.10318334115081551
1400,93,1493,0.10318400146873043
1410,93,1503,0.10321933416645553
1407,92,1499,0.103228352829772
1403,91,1494,0.10324224712213702
1397,94,1491,0.10326525260420404
1403,94,1497,0.1033006806690655
1399,96,1495,0.10332071976571026
1398,98,1496,0.103348236429964
1406,97,1503,0.10337663829569327
1409,96,1505,0.1033846372579734
1413,97,1510,0.10338682927062032
1423,96,1519,0.10337746334602897
1414,92,1506,0.1033469527287749
1404,93,1497,0.10333895994188717
1394,92,1486,0.10335272682296491
1397,92,1489,0.10338877303785012
1398,92,1490,0.10341430569962355
1392,90,1482,0.10343583624162127
1382,93,1475,0.10346829732518867
1391,97,1488,0.10352091123342173
1399,95,1494,0.10354956379576938
1391,94,1485,0.1035582502608138
1407,94,1501,0.10358390253140133
1416,93,1509,0.10357062171663964
1407,94,1501,0.10353635234972228
1389,98,1487,0.10352574143824729
1383,97,1480,0.10355882400297838
1384,94,1478,0.10360218941527523
1394,91,1485,0.10364056078233805
1401,91,1492,0.10365467653995558
1399,90,1489,0.1036530685705543
1393,92,1485,0.10365454700563652
1408,92,1500,0.10366839959230775
1403,95,1498,0.10364811651062382
1411,97,1508,0.10364063615038425
1410,96,1506,0.10361228064691179
1399,95,1494,0.103590073216577
1396,93,1489,0.1035960306701623
1389,96,1485,0.10361052527304113
1389,96,1485,0.10363889185610933
1391,96,1487,0.10366536851755564
1398,96,1494,0.10368551735675285
1405,97,1502,0.10369030557880583
1416,98,1514,0.10367726942589237
1406,98,1504,0.10364129595228927
1407,101,1508,0.10362904759666591
1402,101,1503,0.10361664213566243
1394,101,1495,0.10361462561722176
1395,101,1496,0.10363251777170518
1389,98,1487,0.1036450970593987
1379,104,1483,0.10366918492703509
1380,105,1485,0.10371629057691335
1361,105,1466,0.10375923235633362
1370,109,1479,0.10384021834067728
1372,108,1480,0.10389582241221423
1378,109,1487,0.1039417652392916
1378,108,1486,0.10397207446288745
1388,111,1499,0.10399907481200268
1384,108,1492,0.104003138164787
1388,106,1494,0.10401504501382113
1386,106,1492,0.10401688927587432
1391,109,1500,0.10402485869714001
1389,110,1499,0.10402054886434836
1393,111,1504,0.10402056990822875
1386,112,1498,0.1040107812257941
1373,117,1490,0.10401839356331134
1377,117,1494,0.10405517115687743
1373,111,1484,0.10408184795508156
1368,113,1481,0.10411611537843132
1374,111,1485,0.10415799269275976
1367,107,1474,0.1041822333897725
1371,107,1478,0.10421745376555995
1368,109,1477,0.10424089429327058
1373,103,1476,0.10426792249872427
1373,102,1475,0.10428225362205716
1377,104,1481,0.1042940314389373
1375,104,1479,0.10429658187556314
1375,107,1482,0.10430362153853377
1384,107,1491,0.10431144923648603
1385,108,1493,0.10429561052937684
1378,108,1486,0.10428047699232434
1378,108,1486,0.10428208089558556
1382,115,1497,0.10428445812363699
1388,117,1505,0.10427944471148859
1384,119,1503,0.10426250272669708
1383,123,1506,0.10425583531745325
1384,122,1506,0.10425373333344033
1391,121,1512,0.10425082829681838
1386,117,1503,0.10423144297450553
1372,114,1486,0.10422588503167664
1369,116,1485,0.10425246126913354
1359,120,1479,0.10428577148223893
1364,118,1482,0.10433962971587732
1353,114,1467,0.10437904205501283
1375,117,1492,0.10444064969920376
1364,119,1483,0.10444649726706683
1375,121,1496,0.10447491240703372
1367,127,1494,0.10447531288170535
1355,128,1483,0.10449425185019841
1345,128,1473,0.10453778737681145
1354,130,1484,0.10460308587904978
1357,131,1488,0.10464368649057917
1353,132,1485,0.10467444521553979
1371,130,1501,0.1047104473985245
1375,128,1503,0.10470125072863624
1373,126,1499,0.10468346372122939
1387,125,1512,0.10467233284530066
1383,124,1507,0.10463175235449379
1369,125,1494,0.10460415757492805
1362,124,1486,0.10460995287776091
1351,126,1477,0.1046327681775713
1353,128,1481,0.10467975361873993
1348,126,1474,0.10471987944615745
1364,134,1498,0.10476715753115845
1343,136,1479,0.10477531711935238
1339,137,1476,0.10482979479886328
1350,138,1488,0.10488984616737163
1352,140,1492,0.10492193123118795
1351,136,1487,0.10494844891885872
1362,141,1503,0.10497342996786166
1359,141,1500,0.10497032033253915
1369,140,1509,0.10497241854172837
1379,139,1518,0.10495083593762068
1372,139,1511,0.10490725684556561
1365,136,1501,0.10488299466497274
1354,139,1493,0.10487733534930982
1351,139,1490,0.10489601065309195
1337,139,1476,0.10492132995802265
1346,140,1486,0.10497796020812426
1354,138,1492,0.10500855300215822
1365,138,1503,0.10502101874296546
1356,139,1495,0.10500868093457438
1364,136,1500,0.10501885525955273
1359,139,1498,0.10500850501748506
1368,137,1505,0.10500894541794015
1359,140,1499,0.10498619802700512
1352,140,1492,0.10498539543731505
1347,143,1490,0.10500174717354377
1339,144,1483,0.10502895956010036
1332,143,1475,0.10507413306324619
1339,143,1482,0.10513306124141866
1337,147,1484,0.10517187846398567
1343,149,1492,0.10521207301172673
1348,148,1496,0.10523442767074821
1355,149,1504,0.10524315908786494
1349,152,1501,0.10523531411501909
1336,153,1489,0.1052411964054805
1330,151,1481,0.10527562054375504
1327,155,1482,0.1053195708648319
1330,152,1482,0.10536852556720472
1335,150,1485,0.10540520815337913
1339,153,1492,0.10542843820970886
1341,156,1497,0.10544195094898773
1346,158,1504,0.10545268773266056
1337,160,1497,0.10545023043428595
1327,159,1486,0.10546957170037598
1327,161,1488,0.10551188365323118
1327,165,1492,0.10555268145892967
1325,163,1488,0.10558806475760525
1332,163,1495,0.10562748396848498
1341,166,1507,0.10564483082568321
1316,164,1480,0.10564086125468303
1335,163,1498,0.10569287051379264
1331,163,1494,0.10569953484238098
1329,168,1497,0.10571661616189817
1337,167,1504,0.1057369205212842
1340,167,1507,0.10573783320497877
1325,170,1495,0.10572978556684647
1327,171,1498,0.10575782017992967
1329,173,1502,0.10577864046320745
1318,174,1492,0.10579435179293446
1306,176,1482,0.10583373210529157
1313,178,1491,0.105898895740924
1318,177,1495,0.10594419234129425
1317,177,1494,0.1059757815722206
1342,175,1517,0.1060075586575386
1339,176,1515,0.10598000981818476
1331,175,1506,0.10596179797026462
1323,172,1495,0.10596278558858224
1321,171,1492,0.10598170065597133
1325,174,1499,0.10600460659464989
1323,177,1500,0.10601904376815663
1318,173,1491,0.10603682477197246
1310,172,1482,0.10606297591412574
1305,174,1479,0.10610130273015013
1311,175,1486,0.10614715042330747
1314,170,1484,0.10617590986195864
1302,165,1467,0.10619485163573315
1304,168,1472,0.1062405079275906
1314,171,1485,0.10627670278176068
1318,170,1488,0.10628749848231812
1311,173,1484,0.10629059654355819
1315,176,1491,0.10630922960844505
1312,179,1491,0.10631566053227988
1306,182,1488,0.10633100323986339
1292,183,1475,0.1063591333702227
1300,186,1486,0.10641789327977333
1306,186,1492,0.10645475821341309
1300,187,1487,0.10647426109303357
1300,190,1490,0.10650625947912953
1307,192,1499,0.10653449363755049
1304,188,1492,0.10654801762526844
1301,186,1487,0.10656819711078089
1305,189,1494,0.10659469099417386
1315,188,1503,0.1066093547292716
1321,192,1513,0.10659920599879304
1293,186,1479,0.10657593634775027
1289,189,1478,0.10661854683815783
1290,193,1483,0.10666684424032073
1302,191,1493,0.10671125005531298
1299,191,1490,0.10672500143328381
1295,197,1492,0.10674544887137237
1291,201,1492,0.10677278096961644
1292,195,1487,0.10680985197158734
1309,195,1504,0.10684390654604382
1295,195,1490,0.1068343482995309
1293,202,1495,0.10685708005546715
1301,200,1501,0.10688620350019504
1297,201,1498,0.10689463535257206
1294,200,1494,0.10691079284451575
1303,203,1506,0.10693183515290819
1298,209,1507,0.10693171446437344
1282,207,1489,0.10694396220413918
1283,207,1490,0.10699100739773364
1286,209,1495,0.10703402454063067
1280,208,1488,0.10706607372243165
1285,210,1495,0.10711081268643326
1284,204,1488,0.10714081589047214
1283,206,1489,0.10717096963609253
1291,205,1496,0.1072016260447899
1293,200,1493,0.10721080416931429
1298,202,1500,0.10721176016007944
1295,203,1498,0.10720277536328064
1296,211,1507,0.10720012947509489
1295,210,1505,0.10719379182969355
1296,209,1505,0.1071908793368408
1278,207,1485,0.10718514034451009
1283,210,1493,0.10722312400531067
1278,213,1491,0.10724794911467112
1286,211,1497,0.10728165771322719
1289,212,1501,0.10729750036054338
1288,207,1495,0.10730127868719652
1280,210,1490,0.10731045297327066
1280,209,1489,0.1073367153914822
1284,208,1492,0.1073604925564571
1291,208,1499,0.10736943096568813
1290,209,1499,0.10736320337229949
1274,205,1479,0.10736155886500313
1284,208,1492,0.10739610149062027
1282,205,1487,0.10740615672071857
1283,210,1493,0.10741925093671671
1283,213,1496,0.1074274742020203
1287,215,1502,0.10743657678756623
1287,220,1507,0.1074367821032147
1283,220,1503,0.10743773018323431
1272,218,1490,0.10744916014458701
1282,226,1508,0.10748665257241058
1285,222,1507,0.10749714556379562
1266,223,1489,0.107499476358428
1269,226,1495,0.1075452889694751
1277,229,1506,0.10758221736031823
1271,223,1494,0.1075981879740857
1277,224,1501,0.10762800720256813
1270,228,1498,0.10763834885594104
1277,233,1510,0.1076634473623534
1279,232,1511,0.10767355955304886
1275,233,1508,0.1076804977030551
1282,239,1521,0.10769364996209457
1287,240,1527,0.10769087119369558
1279,235,1514,0.10767620850634571
1278,236,1514,0.10768282171578186
1265,234,1499,0.1076917739874293
1277,237,1514,0.10773113362463235
1273,244,1517,0.10773981377147124
1266,239,1505,0.10775841705965078
1278,235,1513,0.10779176148775889
1271,233,1504,0.10779419236232067
1256,237,1493,0.1078115149861112
1252,245,1497,0.10786208352974792
1250,245,1495,0.10791985949593656
1245,245,1490,0.10797797525409691
1240,242,1482,0.10804285221961277
1246,241,1487,0.10811260624687744
1240,247,1487,0.10816505683287851
1255,249,1504,0.1082266495977046
1256,245,1501,0.10824910554216798
1259,240,1499,0.10826795768394123
1254,239,1493,0.10827673904316505
1241,235,1476,0.10829730521429191
1253,234,1487,0.10834524201565071
1260,239,1499,0.10836087708449033
1259,236,1495,0.10836066261806516
1261,236,1497,0.10836056306741894
1263,237,1500,0.10835700061214737
1263,234,1497,0.10834888204601696
1265,229,1494,0.10834252236266792
1262,233,1495,0.10833213803564248
1268,237,1505,0.10833002157744928
1266,235,1501,0.1083135689282977
1270,236,1506,0.10830366691284145
1270,232,1502,0.10828694059861725
1264,239,1503,0.10827097996597387
1258,242,1500,0.10826908982720314
1239,242,1481,0.1082819114505751
1242,245,1487,0.10833785605094678
1238,245,1483,0.10838336227782566
1245,244,1489,0.10843563479250154
1240,252,1492,0.10846769053423323
1243,250,1493,0.10850916705654903
1251,254,1505,0.10854039403230224
1264,253,1517,0.10855189298146663
1262,252,1514,0.10853297779210055
1263,252,1515,0.10851792938043321
1256,255,1511,0.10850144122148478
1248,259,1507,0.10850351476887202
1245,256,1501,0.10852421914499846
1236,254,1490,0.10855161914969493
1229,258,1487,0.10860068780953389
1227,261,1488,0.10866101855278357
1236,261,1497,0.10872193897705654
1233,265,1498,0.10875536782631119
1229,264,1493,0.10879279436002191
1229,262,1491,0.10883851088863754
1233,264,1497,0.10887974811689065
1228,261,1489,0.1089092593711516
1236,267,1503,0.10894949966964218
1229,268,1497,0.10896848767964527
1225,268,1493,0.10900234526035944
1230,269,1499,0.1090426310364235
1237,270,1507,0.10906946812477487
1240,278,1518,0.10907507125567807
1233,276,1509,0.10907424460559238
1238,270,1508,0.1090902648998101
1226,268,1494,0.10909462772298763
1225,264,1489,0.10912744920387615
1221,265,1486,0.10915964111150252
1223,267,1490,0.10919879867311179
1215,263,1478,0.10922796713964823
1219,265,1484,0.10927371639902204
1234,266,1500,0.10930789107419756
1223,267,1490,0.10930351520637266
1224,275,1499,0.10932350365329058
1229,277,1506,0.10934028347027994
1217,278,1495,0.10934344275657594
1215,272,1487,0.10937399281255658
1211,277,1488,0.1094084902347961
1220,276,1496,0.10945019798698093
1219,273,1492,0.10946809045395932
1211,274,1485,0.10948867316051977
1213,272,1485,0.10952779269112177
1211,270,1481,0.1095559993046296
1215,271,1486,0.10958693607697187
1213,275,1488,0.10960580764748434
1226,281,1507,0.10962664778563053
1230,281,1511,0.10961854145394917
1215,283,1498,0.10960296433657486
1218,286,1504,0.10962449956750125
1215,284,1499,0.10963646626800198
1200,289,1489,0.1096553352671457
1199,291,1490,0.10970948962523902
1203,296,1499,0.10976233423978915
1202,296,1498,0.1098025055659291
1209,299,1508,0.10984426264897068
1216,299,1515,0.10986818107230739
1205,298,1503,0.10987265406885205
1223,304,1527,0.10990291506618093
1205,307,1512,0.10989134056277988
1192,315,1507,0.10992235791335561
1201,314,1515,0.10998119740534933
1202,312,1514,0.11001584654354961
1201,308,1509,0.11004442692206254
1196,312,1508,0.110074534701156
1202,308,1510,0.11011520191140235
1201,307,1508,0.1101386005525455
1199,307,1506,0.11016317280184712
1190,302,1492,0.11018932174640941
1189,300,1489,0.11023286557884436
1194,302,1496,0.11027801554261363
1195,295,1490,0.11031043463397852
1189,301,1490,0.11033635213051216
1183,299,1482,0.11037137463590728
1195,294,1489,0.11041724621544752
1205,291,1496,0.11042969428275518
1204,301,1505,0.11041922130439119
1202,299,1501,0.11041319469396256
1193,299,1492,0.11041194695668523
1191,305,1496,0.11043168794523646
1195,296,1491,0.11045353975590491
1196,299,1495,0.11046335530199969
1197,295,1492,0.11046927363253921
1183,300,1483,0.11047168042279445
1200,298,1498,0.11050552341647638
1200,302,1502,0.11049803425204052
1191,304,1495,0.11049194201980315
1184,306,1490,0.11050484033000106
1185,299,1484,0.11053034243350009
1189,307,1496,0.11055310292907786
1181,309,1490,0.11056854220480329
1185,313,1498,0.11060128785464808
1177,318,1495,0.11062464554429209
1172,319,1491,0.11066405315683198
1176,322,1498,0.11071167130046591
1168,312,1480,0.110748144047106
1181,313,1494,0.11080057996544652
1186,313,1499,0.11081756144550323
1180,313,1493,0.11082257855217058
1184,312,1496,0.11084149134801784
1189,314,1503,0.11085087790556118
1189,315,1504,0.11084799923478324
1180,317,1497,0.1108442231677418
1188,326,1514,0.11086237624562748
1189,319,1508,0.11086315302393342
1183,315,1498,0.11086266323053567
1179,313,1492,0.11087425345455955
1184,316,1500,0.11089284339389348
1184,316,1500,0.11089928591460664
1172,313,1485,0.11090776700572587
1180,312,1492,0.11094273648687475
1194,310,1504,0.11095528165004748
1190,309,1499,0.11093457348264867
1193,307,1500,0.11092497098370112
1193,310,1503,0.11090951063891989
1184,317,1501,0.11089579170411834
1178,316,1494,0.11090513339143555
1174,321,1495,0.11092712287132707
1179,323,1502,0.11095834371012722
1175,319,1494,0.11097596756890692
1179,322,1501,0.11100211159928115
1189,322,1511,0.11101823105734958
1179,319,1498,0.11100979797325147
1173,322,1495,0.11102654830572983
1158,320,1478,0.11105744622725072
1161,321,1482,0.11112207160261132
1169,322,1491,0.11117362836212229
1176,325,1501,0.11120298448181366
1169,331,1500,0.11121567773699709
1165,333,1498,0.11124052049338846
1169,333,1502,0.11127202282323304
1160,340,1500,0.11129449253350458
1160,340,1500,0.11133729029411142
1155,344,1499,0.11137470063177546
1150,344,1494,0.1114224544984487
1151,343,1494,0.1114753881252561
1145,338,1483,0.11152283586940798
1143,347,1490,0.11158043039854951
1148,346,1494,0.11164133324159092
1153,345,1498,0.11168874471628275
1140,350,1490,0.1117204236262326
1130,352,1482,0.11178026292697787
1129,352,1481,0.11185786390619196
1134,357,1491,0.11193309263255155
1136,364,1500,0.11199293792007543
1128,369,1497,0.11204240286983838
1117,366,1483,0.11210696264875936
1117,370,1487,0.11219235986699815
1118,366,1484,0.1122729936635454
1126,370,1496,0.11234281598553998
1116,368,1484,0.11239056752422401
1113,368,1481,0.11245778968865384
1102,363,1465,0.11252557874024195
1107,351,1458,0.11261346335676319
1120,353,1473,0.11268547772455087
1122,361,1483,0.11272122518202846
1126,353,1479,0.11274843528160111
1131,358,1489,0.11276488848068833
1126,368,1494,0.11276869723161713
1118,369,1487,0.11278394326889624
1110,369,1479,0.11281660806137003
1119,368,1487,0.11286493995773889
1113,375,1488,0.11288695002714466
1116,377,1493,0.11292328257282928
1115,370,1485,0.11295072652319195
1116,372,1488,0.11297809124779686
1111,376,1487,0.11300332958035314
1119,382,1501,0.11303699996059667
1121,387,1508,0.1130501457607182
1109,381,1490,0.11305896975674194
1106,379,1485,0.11309360953283845
1110,381,1491,0.11313445354577606
1118,390,1508,0.11316367398388692
1113,397,1510,0.11317262089203993
1117,393,1510,0.11319470591997584
1122,394,1516,0.1132041851021103
1124,389,1513,0.11320317001397008
1117,384,1501,0.11319767048517018
1112,385,1497,0.11320907092406227
1108,383,1491,0.11322995025991603
1107,386,1493,0.11326172651637893
1112,391,1503,0.11329119209375758
1108,391,1499,0.11330567384902412
1105,393,1498,0.11332976762347421
1114,392,1506,0.11335711218818544
1109,391,1500,0.11336249025014837
1117,395,1512,0.11337566784222598
1123,388,1511,0.11336875588107519
1123,385,1508,0.113347300430037
1122,390,1512,0.11333005315364009
1113,391,1504,0.11331627148870574
1108,386,1494,0.11332458181891258
1106,385,1491,0.11334222742003779
1102,384,1486,0.11336283545872644
1106,392,1498,0.11339211070110679
1106,396,1502,0.11340987521417581
1105,398,1503,0.1134265974692946
1108,393,1501,0.11344636133379193
1115,396,1511,0.11345322101824204
1114,390,1504,0.11344270948461432
1124,387,1511,0.11343777544699223
1120,385,1505,0.11340887603143351
1122,385,1507,0.11339353859493613
1121,382,1503,0.1133745631830275
1118,385,1503,0.11335798615484909
1103,388,1491,0.1133504172267657
1108,395,1503,0.11338101884809688
1102,389,1491,0.11339858939044628
1117,397,1514,0.11342762428931223
1120,396,1516,0.11342143285169691
1117,392,1509,0.11340755435150925
1114,394,1508,0.11340207363245568
1123,395,1518,0.11340152738029274
1113,394,1507,0.1133810350383565
1115,397,1512,0.11338447176530898
1096,396,1492,0.11338360077935031
1095,398,1493,0.11342861615101443
1081,402,1483,0.11347350474640512
1086,395,1481,0.11354755471941758
1093,401,1494,0.11360467763044543
1081,397,1478,0.11363987750498612
1085,396,1481,0.1136988659876973
1103,399,1502,0.11374429800460273
1097,397,1494,0.11374669213458531
1094,402,1496,0.11376249505378264
1082,409,1491,0.11378460365253094
1094,416,1510,0.11383240598234977
1094,418,1512,0.11384936908492943
1099,414,1513,0.11386817008687973
1103,413,1516,0.1138741774388744
1106,406,1512,0.11387082404390884
1096,402,1498,0.11386235768675455
1097,414,1511,0.11387809877054383
1097,413,1510,0.11389129265937839
1109,410,1519,0.11390111202653198
1097,411,1508,0.1138820904897901
1097,411,1508,0.1138904906464457
1095,410,1505,0.11390115382782945
1091,407,1498,0.11391668459237791
1096,406,1502,0.11394050861196497
1090,396,1486,0.11394956907880967
1102,400,1502,0.11397355293900109
1108,399,1507,0.11396779527076113
1104,406,1510,0.11394989387924395
1096,406,1502,0.1139391380432313
1088,411,1499,0.11394856306260827
1095,416,1511,0.11397577594668679
1091,411,1502,0.11398351221472382
1092,412,1504,0.1139999424081606
1086,408,1494,0.11401665143244885
1079,405,1484,0.1140456120904181
1078,408,1486,0.1140886112476573
1072,402,1474,0.11412738867983828
1083,412,1495,0.11417689422325385
1080,414,1494,0.1141977740897762
1086,415,1501,0.1142256027593638
1082,413,1495,0.11423663325043394
1070,425,1495,0.11425652490754062
1060,421,1481,0.1143029906127331
1075,415,1490,0.11436797814421001
1067,419,1486,0.11439379697857543
1073,425,1498,0.11443644909398706
1075,432,1507,0.11446212318868314
1067,433,1500,0.11448220493994667
1066,430,1496,0.11451787129694647
1074,431,1505,0.11455389489885678
1074,428,1502,0.11456983417815918
1065,424,1489,0.11458299271519838
1067,422,1489,0.11461419448440406
1062,422,1484,0.11463947662883239
1068,423,1491,0.11467435975251351
1074,429,1503,0.11469389322383627
1058,438,1496,0.11469703313962004
1047,437,1484,0.11473725458399102
1055,439,1494,0.11479839099524795
1056,437,1493,0.11483974891238297
1061,444,1505,0.1148742949232691
1054,442,1496,0.1148953046382611
1042,450,1492,0.11493149848175065
1050,452,1502,0.11499253975639999
1050,447,1497,0.11503173199463765
1048,448,1496,0.11506982855131084
1041,456,1497,0.1151114949837626
1037,458,1495,0.11516583739342127
1038,459,1497,0.11522708127022337
1034,462,1496,0.1152812584147091
1029,461,1490,0.11534017356235544
1026,460,1486,0.1154064989488451
1026,463,1489,0.11547545437143424
1027,467,1494,0.11554274000625568
1022,471,1493,0.11559997981002766
1025,474,1499,0.11566435014305368
1022,472,1494,0.11571653820147254
1026,477,1503,0.11577294515404182
1022,490,1512,0.11581792437236174
1020,488,1508,0.11587068684167462
1009,491,1500,0.11592447775356465
1009,487,1496,0.11600235506252414
1021,495,1516,0.11607492757791454
1026,492,1518,0.11611432440432826
1027,488,1515,0.1161397728357434
1017,493,1510,0.116164145138609
1017,498,1515,0.11621038327158577
1013,495,1508,0.11625345247445897
1000,493,1493,0.1163032225496218
991,501,1492,0.1163783781496289
997,498,1495,0.11647211905644134
989,492,1481,0.11654822934413442
992,499,1491,0.11663737985479976
995,498,1493,0.11671251166929206
993,503,1496,0.11677420022922927
997,505,1502,0.11683461438933321
986,508,1494,0.11687826390081762
991,506,1497,0.11694578073118396
988,507,1495,0.11699586849223038
1002,503,1505,0.11704810899951604
995,498,1493,0.11706233634843918
989,499,1488,0.11709231436684656
1009,493,1502,0.11713415576314588
1020,500,1520,0.11712604724698955
1013,502,1515,0.11709259709549427
1018,502,1520,0.11707830154577598
1018,500,1518,0.1170559028654148
1018,496,1514,0.11703475459605286
1012,488,1500,0.11701575501883568
1018,500,1518,0.11700835937668604
1000,505,1505,0.1169928204575489
1000,510,1510,0.11702334763645929
986,513,1499,0.11705154880770956
988,515,1503,0.11711054131351638
982,522,1504,0.11716251648407276
979,514,1493,0.117224567474647
975,521,1496,0.11728973611495476
975,523,1498,0.11735791435468589
977,524,1501,0.11742194657155608
981,528,1509,0.11747583346445375
979,524,1503,0.11751846594422932
985,525,1510,0.11756566486851039
982,524,1506,0.11759494725460314
978,529,1507,0.11762925823371922
966,526,1492,0.11767087944314804
962,533,1495,0.11773894817122742
963,530,1493,0.1178123841250564
970,543,1513,0.11787737304150298
970,539,1509,0.11791892727455675
974,536,1510,0.11795992211626963
968,533,1501,0.11798755050160036
958,541,1499,0.11802729744878086
966,538,1504,0.11808976592271624
964,545,1509,0.1181303386478356
961,543,1504,0.118173033962535
962,545,1507,0.11821912293814688
958,551,1509,0.11825972402094567
967,547,1514,0.1183089430190984
961,549,1510,0.11833381903404497
951,555,1506,0.11837276368132038
958,561,1519,0.1184321821605177
951,563,1514,0.11847149206293583
947,560,1507,0.11852634736352315
950,562,1512,0.11858609667700958
946,564,1510,0.11863642010337777
943,558,1501,0.11869399706137272
935,574,1509,0.11875368217641113
933,570,1503,0.1188281105921472
928,570,1498,0.11890241381049908
926,579,1505,0.1189840539452886
911,576,1487,0.11906503384885621
904,569,1473,0.1191750314190891
899,578,1477,0.11929233248249503
900,581,1481,0.11941023895529128
917,579,1496,0.1195175207046093
925,574,1499,0.1195794519189565
922,575,1497,0.11961724049504216
913,580,1493,0.11966179788781084
913,588,1501,0.11972316389355538
908,588,1496,0.1197823795139464
901,588,1489,0.1198449027205488
904,586,1490,0.11991772338755576
914,577,1491,0.1199799545292046
922,576,1498,0.12001454962357581
922,574,1496,0.12002917212718545
929,575,1504,0.12004095610008779
923,580,1503,0.1200353385951734
919,587,1506,0.12004433461195001
920,582,1502,0.12006059221145705
921,577,1498,0.12007565733892549
914,567,1481,0.12008721433030323
913,575,1488,0.12011344356544683
922,580,1502,0.12014139924587265
918,580,1498,0.12014546940489643
911,577,1488,0.12015981488904277
908,585,1493,0.12018970536428446
913,578,1491,0.12022060584169768
922,589,1511,0.12023892995020936
918,581,1499,0.12023479003005917
917,585,1502,0.12024167992720994
918,586,1504,0.12024971269806257
909,584,1493,0.12025467950863168
910,590,1500,0.12028182161753341
910,602,1512,0.12030526231314603
895,606,1501,0.12032878044777995
883,601,1484,0.12038530538054004
888,600,1488,0.12046533672439558
893,597,1490,0.12052777684953307
899,603,1502,0.1205718158623234
898,609,1507,0.12060126752735904
901,603,1504,0.12063196782810454
901,602,1503,0.12065516790643517
894,608,1502,0.12067410049618975
885,610,1495,0.12071013940071451
883,617,1500,0.12076606717467801
883,616,1499,0.12082277692295174
892,621,1513,0.12087539015415913
894,620,1514,0.12090148950336013
887,613,1500,0.12092102364677743
885,604,1489,0.12095279098572885
892,602,1494,0.12098793648974379
892,609,1501,0.12100554079873689
899,604,1503,0.1210213014975721
904,612,1516,0.12102026315144762
905,613,1518,0.12100736619153317
901,619,1520,0.12099438229916411
901,618,1519,0.1209915716382374
901,618,1519,0.12098954676818337
904,619,1523,0.12098895570772461
891,611,1502,0.1209792495612172
886,604,1490,0.12100142621372278
886,603,1489,0.12103205200109525
889,607,1496,0.12106240056651817
885,605,1490,0.12108473047008815
888,619,1507,0.12111006702685943
879,612,1491,0.12112783358324307
891,611,1502,0.12116355713364968
902,617,1519,0.12116940640137137
899,601,1500,0.12114869293952372
901,606,1507,0.12113701870061057
901,619,1520,0.12112321734141
882,620,1502,0.1211097519551329
877,634,1511,0.12114415235691459
868,632,1500,0.1211885835450838
867,633,1500,0.12125076272926921
866,629,1495,0.12130943847999809
870,625,1495,0.12136541297080232
872,623,1495,0.12140887558204591
863,623,1486,0.12144539055975842
865,630,1495,0.12150271711468853
865,641,1506,0.1215524516793878
867,640,1507,0.12159990680120832
863,637,1500,0.12163831581088694
871,649,1520,0.12168339789374409
859,650,1509,0.12170847543236038
873,640,1513,0.12176057951329561
864,644,1508,0.1217745968311489
855,643,1498,0.12180564881522767
864,635,1499,0.12185537496473085
865,639,1504,0.12188291190333218
871,636,1507,0.12190400183633551
874,633,1507,0.12190813184389246
877,621,1498,0.12190632583886885
875,625,1500,0.12189816998960268
877,626,1503,0.1218946888213194
869,627,1496,0.1218844314530912
869,619,1488,0.12189479179735027
873,621,1494,0.12190199782356512
869,622,1491,0.12190095689073502
874,624,1498,0.12191075516832627
870,634,1504,0.12190956095303736
865,633,1498,0.12191877221269816
869,633,1502,0.12194025672811985
874,630,1504,0.12194894094963064
876,630,1506,0.12194535326347462
869,637,1506,0.12193947496572964
850,648,1498,0.12195279991962785
852,648,1500,0.12200963984481483
848,651,1499,0.12205951131149256
844,646,1490,0.12211398790268856
850,651,1501,0.12217240827656362
854,652,1506,0.122212172780577
849,651,1500,0.1222399254183581
841,652,1493,0.12227900540456044
842,663,1505,0.12233285311311949
835,666,1501,0.12237764764159272
837,662,1499,0.12243810389980503
840,661,1501,0.12249180967948475
846,656,1502,0.12253509375443482
847,656,1503,0.12256098814659133
849,660,1509,0.12258086942134139
851,659,1510,0.12259566183986567
853,659,1512,0.12260529654404145
853,658,1511,0.1226105584694405
855,648,1503,0.12261698388073886
846,643,1489,0.12261823746649814
845,643,1488,0.12264089690574854
842,651,1493,0.12266658181095566
838,657,1495,0.12269360392236202
834,653,1487,0.1227279589953012
824,656,1480,0.122770585593465
822,672,1494,0.12283274607635729
820,677,1497,0.12289669598707721
829,680,1509,0.1229583008219825
835,672,1507,0.12299503373753376
835,670,1505,0.1230168341644336
842,676,1518,0.12303723055168088
837,673,1510,0.1230414789534576
834,676,1510,0.1230592833860577
840,668,1508,0.12308484505021858
834,675,1509,0.1230936696782048
834,678,1512,0.12311656737346185
828,674,1502,0.12314032763418378
835,675,1510,0.12317619868906249
825,681,1506,0.12319325386461255
827,680,1507,0.123233747077966
825,690,1515,0.12326702803875961
823,689,1512,0.12330298820543625
830,697,1527,0.1233422746271228
827,690,1517,0.12336391382236787
818,699,1517,0.12339036096109869
813,698,1511,0.12343482309307785
815,698,1513,0.12348862598811042
816,696,1512,0.12353381852732989
808,698,1506,0.1235740676361193
810,700,1510,0.12362981232717886
818,698,1516,0.12367708389785356
823,697,1520,0.12370236238816677
822,699,1521,0.1237158520473616
809,701,1510,0.12373260294196882
811,707,1518,0.12377826265652567
809,701,1510,0.12381738104627477
815,704,1519,0.1238579957257238
812,702,1514,0.12388060709139297
813,693,1506,0.12390991663586039
809,686,1495,0.12393500133179412
806,692,1498,0.12396492693107895
808,692,1500,0.1239954361490448
811,700,1511,0.12402033521975465
795,706,1501,0.12403489446435913
810,699,1509,0.12408748256320173
807,711,1518,0.12410111881744733
799,708,1507,0.12412069139738512
806,707,1513,0.1241589311767881
811,706,1517,0.1241776498388959
803,706,1509,0.12418432584202112
795,707,1502,0.12420999309126078
790,708,1498,0.12425231496702044
793,708,1501,0.12430185173561284
793,718,1511,0.12434254430571812
795,705,1500,0.12438057224343535
804,712,1516,0.12441136463374353
805,714,1519,0.12442154909070989
802,715,1517,0.12442855981820646
792,716,1508,0.12443859762615883
792,726,1518,0.12447086774777151
792,730,1522,0.12450138755589565
787,724,1511,0.12453275266619425
782,718,1500,0.12457345215233814
780,718,1498,0.12462236478362293
776,732,1508,0.124671230454958
779,729,1508,0.12472587476368961
773,731,1504,0.12476975681121638
775,734,1509,0.12482468732407853
778,729,1507,0.12487045578340862
782,728,1510,0.124907787283055
776,729,1505,0.12493613367710632
795,729,1524,0.12497390915365722
782,723,1505,0.12496791143326291
776,729,1505,0.12499106280992908
786,724,1510,0.12502543908535407
787,721,1508,0.12503237987474589
774,723,1497,0.1250344609338004
784,712,1496,0.12506536248114314
783,709,1492,0.1250720837791693
788,716,1504,0.12508307233154395
780,714,1494,0.1250795824559622
789,715,1504,0.12509331138269966
787,719,1506,0.12508461883028116
785,723,1508,0.12508121300911557
781,730,1511,0.12508652977600337
786,729,1515,0.1251005136753471
785,728,1513,0.1251020093336583
771,734,1505,0.12510631831898078
773,731,1504,0.1251444223586605
777,730,1507,0.12517350852675746
787,731,1518,0.1251934498529466
788,730,1518,0.1251882277935313
788,727,1515,0.1251806084152861
779,724,1503,0.1251741648974123
775,724,1499,0.12518634119873623
781,726,1507,0.12520672039931838
788,715,1503,0.12520970105623536
780,717,1497,0.12519877819301656
785,711,1496,0.1252055820497212
774,709,1483,0.1251981060590498
777,698,1475,0.12521051910543454
777,702,1479,0.12521698559154837
784,709,1493,0.12522085697879679
778,716,1494,0.12521045068682082
772,716,1488,0.12521589909810235
776,725,1501,0.12523581477128978
779,728,1507,0.12524694715609164
776,727,1503,0.1252520573769109
775,722,1497,0.12526487634209682
773,727,1500,0.12528282563052934
767,729,1496,0.12530415038219217
769,738,1507,0.1253368797357237
765,745,1510,0.125364809781222
763,751,1514,0.12540082025684196
766,744,1510,0.12544063807361572
763,755,1518,0.12547110833033145
756,753,1509,0.1255058887255564
761,755,1516,0.12555540811251692
764,763,1527,0.12558920193343012
755,742,1497,0.12561466148503597
755,744,1499,0.12566056170533715
760,746,1506,0.12570050475635544
762,752,1514,0.12572461616120575
757,753,1510,0.1257400093176898
755,745,1500,0.12576806003384214
749,750,1499,0.12580169898863314
749,750,1499,0.12584709081814197
758,755,1513,0.12588942608216183
749,749,1498,0.12590961570745182
754,754,1508,0.1259459829484751
746,749,1495,0.12596665761629577
753,745,1498,0.12600309618098024
759,741,1500,0.12602169419212061
750,747,1497,0.12602514356431954
757,760,1517,0.1260493850916577
755,759,1514,0.1260534884281364
757,758,1515,0.12606135665050563
756,761,1517,0.12606488984641223
754,759,1513,0.12607329975987508
751,762,1513,0.1260864192467575
746,766,1512,0.12610647906705225
741,766,1507,0.12613676700020804
732,760,1492,0.1261771391848654
724,759,1483,0.12623412091789107
729,764,1493,0.1263052457881992
728,771,1499,0.1263626045843856
733,770,1503,0.12641805223034505
732,774,1506,0.12645810387016262
735,783,1518,0.12649862429296369
727,782,1509,0.12653041789693
729,780,1509,0.12657720400739103
730,780,1510,0.12661412341292175
740,771,1511,0.12664587765967542
724,773,1497,0.12665049532032663
731,775,1506,0.12669061330279635
732,772,1504,0.1267142065429872
730,768,1498,0.12673308809010553
720,778,1498,0.1267539732434441
719,780,1499,0.1267953750124484
723,785,1508,0.12683754358360774
715,794,1509,0.12687096275770682
717,791,1508,0.1269235503791164
710,794,1504,0.126969235175186
714,798,1512,0.12702854409883688
707,801,1508,0.12707043421711872
715,811,1526,0.12712611742683902
712,812,1524,0.12715980855008557
709,802,1511,0.12719706453018179
707,804,1511,0.12724151282689616
716,799,1515,0.1272885599362725
701,798,1499,0.1273098229255354
698,799,1497,0.12736525558030076
696,795,1491,0.127421546885049
703,795,1498,0.1274778560858387
701,806,1507,0.12751413259924083
711,803,1514,0.12755359700804644
706,802,1508,0.12756731588885142
707,807,1514,0.12759259390167588
704,804,1508,0.1276130699412497
700,801,1501,0.12764127399012762
702,809,1511,0.1276792487678643
700,817,1517,0.1277091187307788
696,816,1512,0.12774144890902758
703,815,1518,0.1277798394222547
704,810,1514,0.12780043791995413
704,811,1515,0.12781665115165733
694,802,1496,0.12782835605838513
695,800,1495,0.12786257154788835
701,802,1503,0.1278915132504478
703,801,1504,0.12790590856686537
701,806,1507,0.1279138635535751
709,807,1516,0.12792802749728074
697,807,1504,0.1279237661442756
692,816,1508,0.12794964178826018
692,814,1506,0.12798482438320535
688,806,1494,0.12802016323836046
685,824,1509,0.1280630194468107
687,816,1503,0.1281099196255757
695,814,1509,0.12814557269510615
688,806,1494,0.12816062167188202
690,808,1498,0.12819097517972122
690,819,1509,0.12821491793624806
687,810,1497,0.12823502904792738
690,819,1509,0.12825899088415815
690,826,1516,0.1282766880157241
686,813,1499,0.1282919576820828
682,804,1486,0.12831530499709579
683,812,1495,0.12834794463671922
680,816,1496,0.12837681702665882
686,813,1499,0.12840796570926805
683,813,1496,0.12842299492934908
681,825,1506,0.1284451218430508
684,823,1507,0.12847096755514512
679,829,1508,0.1284893916895466
673,835,1508,0.1285182991423307
673,846,1519,0.12856187145112682
674,851,1525,0.12860263655406265
676,852,1528,0.1286373778571907
673,859,1532,0.12866852283070415
669,859,1528,0.12870619515931433
669,852,1521,0.12874972867489265
664,857,1521,0.12879298271906445
660,864,1524,0.1288459170116337
652,866,1518,0.12890489352597043
657,861,1518,0.1289772661212421
653,855,1508,0.1290321822163995
647,855,1502,0.12909235168214248
643,843,1486,0.12916273167392786
645,841,1486,0.12923491519637437
652,846,1498,0.12929494449229448
651,848,1499,0.1293340633071894
641,856,1497,0.12937651412177342
646,859,1505,0.12944016679047768
651,847,1498,0.12948742723255927
652,855,1507,0.12951783225289368
652,852,1504,0.1295438920377697
652,854,1506,0.1295682269102554
650,854,1504,0.12958942636228543
647,855,1502,0.12961234669999466
638,861,1499,0.12964018794427656
645,857,1502,0.12968788784938026
642,866,1508,0.12971891451250692
650,863,1513,0.12975567329535392
653,868,1521,0.12977038899481283
653,866,1519,0.12977869671656253
659,864,1523,0.12978734643732795
658,857,1515,0.1297821999151193
652,861,1513,0.12977647611377965
644,868,1512,0.12978777239595424
649,878,1527,0.1298174347398692
639,866,1505,0.12983170925135534
631,869,1500,0.12986522014164056
629,868,1497,0.12991605699300168
630,876,1506,0.1299684284636104
632,881,1513,0.13001568637223482
632,881,1513,0.1300563439677101
621,873,1494,0.1300930387703889
628,876,1504,0.13015410639159444
624,878,1502,0.13019610826047945
627,878,1505,0.13024316479351003
628,884,1512,0.13028023428085345
624,892,1516,0.13031341334344795
636,882,1518,0.13035404748461546
625,879,1504,0.1303610414439457
622,880,1502,0.1303951327326596
624,883,1507,0.1304340442573762
617,870,1487,0.13046839366125595
616,883,1499,0.13051442899740415
620,879,1499,0.13055767171921842
629,883,1512,0.13058888385717368
627,885,1512,0.1305967955270681
632,876,1508,0.13060964784709625
635,873,1508,0.1306090125421144
635,883,1518,0.130600706510303
634,879,1513,0.13059199490022586
633,883,1516,0.13058919594001014
625,891,1516,0.13058942108758084
630,886,1516,0.13061065349027765
627,890,1517,0.13061842354505324
623,890,1513,0.13063262542463558
613,902,1515,0.13065596220426673
616,896,1512,0.13070318048044566
618,896,1514,0.1307384772342505
616,896,1512,0.1307687853479401
614,900,1514,0.13080402035645386
611,893,1504,0.13084120247822803
616,900,1516,0.13088308965912815
616,898,1514,0.13090935261555442
602,904,1506,0.1309329696126699
605,912,1517,0.13098823987681665
608,899,1507,0.13103346708083446
601,905,1506,0.13106667796579172
603,901,1504,0.13111296268895642
603,900,1503,0.1311512465987223
606,910,1516,0.13118847064550873
608,902,1510,0.1312139070711852
611,903,1514,0.13123390254611297
612,911,1523,0.13124618841307423
613,916,1529,0.13125430399890722
613,912,1525,0.13125998064252234
612,912,1524,0.13126741994125327
610,911,1521,0.13127881582286938
601,910,1511,0.1312948854230286
596,909,1505,0.13133089017580912
603,916,1519,0.1313760100433331
600,916,1516,0.13139989723928422
603,919,1522,0.13142845162358874
604,913,1517,0.13144933237247688
602,916,1518,0.1314679763100278
604,911,1515,0.13149062043762888
598,903,1501,0.13150539434599742
590,910,1500,0.131530767774613
585,907,1492,0.13157404364020753
589,906,1495,0.13162505884814216
597,903,1500,0.13166665413465545
600,901,1501,0.1316856115641191
598,909,1507,0.13169371937984997
595,927,1522,0.1317045428205784
599,921,1520,0.1317232013375056
598,916,1514,0.13173331215501544
591,924,1515,0.13174699570607878
587,931,1518,0.13177772426096862
578,919,1497,0.1318158861783002
576,923,1499,0.13187294800548852
583,926,1509,0.13193111441436886
578,931,1509,0.13196701035712688
580,933,1513,0.13200977716165027
580,928,1508,0.1320457854577348
568,927,1495,0.13207817966795565
575,936,1511,0.13213780749890014
571,929,1500,0.1321778038675119
571,937,1508,0.13222524987596201
570,927,1497,0.13226950917005564
564,928,1492,0.13231026530476167
571,932,1503,0.13236248104728435
571,939,1510,0.13239303494209584
573,940,1513,0.13242312992232866
572,945,1517,0.1324472469446755
577,935,1512,0.132471255980482
573,924,1497,0.13248138010293314
578,925,1503,0.132499985187577
568,931,1499,0.1325050963679005
572,939,1511,0.13253125278369868
574,937,1511,0.13254651556125185
572,938,1510,0.13255930079462253
567,933,1500,0.13257588564995396
567,932,1499,0.13260504258000197
558,936,1494,0.13263184063851646
560,945,1505,0.13267722989452235
562,942,1504,0.13271394545194526
555,947,1502,0.1327439828937841
553,961,1514,0.1327885502281239
549,960,1509,0.13283560330799982
548,960,1508,0.13288746269350035
556,957,1513,0.13293700966970248
556,957,1513,0.13296462119988806
555,959,1514,0.13298992516807537
551,958,1509,0.13301623916409128
556,958,1514,0.13305135606454702
552,962,1514,0.13307188995928937
556,950,1506,0.13310038471448593
553,949,1502,0.13311679591753758
554,951,1505,0.13314050370635244
553,959,1512,0.13316121965643538
558,960,1518,0.1331831479450518
559,956,1515,0.133190462205527
556,965,1521,0.13319633575522982
558,966,1524,0.1332091895752322
551,962,1513,0.1332178193508203
551,965,1516,0.1332433656136646
549,967,1516,0.13326692301361545
546,968,1514,0.13329408208376742
539,955,1494,0.13332638753883155
539,958,1497,0.13337235562859381
533,952,1485,0.13341288919744232
536,964,1500,0.13346686769831567
524,968,1492,0.13350986301596401
535,971,1506,0.13357687544276078
529,979,1508,0.1336133114360395
528,978,1506,0.13366183202031212
529,976,1505,0.13371217880875402
537,978,1515,0.13375546404789557
542,972,1514,0.13377249774947153
545,970,1515,0.13377674438794443
543,970,1513,0.13377381855674306
539,968,1507,0.13377835155451107
540,970,1510,0.13379064192410334
543,972,1515,0.13379718637160562
547,973,1520,0.1337947477641909
544,970,1514,0.13378374638035812
542,978,1520,0.13377887548325268
543,971,1514,0.13378073201407445
548,974,1522,0.13378151940398947
547,977,1524,0.13376851902876938
544,970,1514,0.1337609640313509
546,959,1505,0.13376143353657402
551,957,1508,0.13375835213000767
544,958,1502,0.1337441198055875
531,960,1491,0.13374793681472238
529,960,1489,0.13378064714417928
534,962,1496,0.13381587587057436
534,975,1509,0.1338371975113486
544,984,1528,0.13385706196930322
538,985,1523,0.13385096622219833
545,982,1527,0.13385948091494285
541,975,1516,0.13385165930588547
540,977,1517,0.13385379174377252
539,980,1519,0.1338588692010846
535,974,1509,0.1338642911306282
532,978,1510,0.1338787062137865
530,978,1508,0.133900006031364
534,985,1519,0.13392743924172484
531,987,1518,0.13394142001266904
527,987,1514,0.13396202064912155
524,1007,1531,0.1339912864975362
520,1001,1521,0.13402628100647673
525,1006,1531,0.13406905639143007
526,1011,1537,0.1340986741187546
530,1000,1530,0.13412268040715522
529,993,1522,0.13413583514781288
531,991,1522,0.13415040964261712
534,988,1522,0.134158062942679
533,979,1512,0.13415965166125043
533,979,1512,0.13416102418849485
539,979,1518,0.1341628083799783
535,974,1509,0.13414954449567248
524,975,1499,0.13414538229041395
525,982,1507,0.13416803020329696
524,987,1511,0.1341879692513396
530,975,1505,0.13420672142695506
531,982,1513,0.13421191278327924
535,981,1516,0.13421499233429837
535,979,1514,0.13420770136315396
531,976,1507,0.1341997179592341
527,985,1512,0.13420213311725418
520,983,1503,0.13421301233597302
517,983,1500,0.13424193698372136
517,985,1502,0.1342762422378177
523,997,1520,0.13430646422880654
527,1002,1529,0.13431988402898487
525,1006,1531,0.13432451794540434
520,1006,1526,0.13433458986473937
516,1015,1531,0.13435681862586812
511,1014,1525,0.134388720772633
502,1010,1512,0.13443093813351056
502,1003,1505,0.13448982903775403
506,997,1503,0.13454618859354725
497,1006,1503,0.13458694413763206
502,1004,1506,0.1346449252715974
498,1023,1521,0.13468546290597933
500,1018,1518,0.13473238673882487
503,1019,1522,0.1347749891035817
497,1019,1516,0.1348073541645491
504,1009,1513,0.1348532837974406
502,1009,1511,0.13487964211845602
495,1018,1513,0.13490804614547605
498,1020,1518,0.13495257916936002
495,1020,1515,0.13498677434509188
496,1018,1514,0.13502656656042075
504,1014,1518,0.13506348638361973
491,1020,1511,0.13507750341452684
482,999,1481,0.13512155865550357
481,1012,1493,0.13518410078165288
480,1018,1498,0.13524440790155412
483,1003,1486,0.13530211497815636
491,998,1489,0.1353445570751419
497,994,1491,0.13536510116768952
494,1013,1507,0.13536970659859418
496,1016,1512,0.1353812188334057
499,1018,1517,0.1353889539735262
493,1020,1513,0.13538821960242875
496,1019,1515,0.13540303812602783
490,1021,1511,0.13540995726596713
498,1016,1514,0.13543233265207316
493,1023,1516,0.13543431248425747
487,1029,1516,0.13544832448370875
486,1019,1505,0.13547587089212632
481,1028,1509,0.13550449158398062
484,1023,1507,0.13554317031312524
484,1022,1506,0.13557333037003724
485,1020,1505,0.13559990537130273
487,1028,1515,0.1356205854970492
489,1029,1518,0.1356362163942091
493,1019,1512,0.13564659955838557
496,1024,1520,0.1356491241079346
493,1026,1519,0.13564401425751219
490,1029,1519,0.13564829366348283
477,1026,1503,0.13565920806335593
479,1035,1514,0.13569993684844722
479,1038,1517,0.13573280983603322
479,1040,1519,0.13576455857712674
479,1041,1520,0.1357953451202928
477,1043,1520,0.13582239490322745
476,1053,1529,0.13585369430642394
470,1053,1523,0.13588689932789422
473,1042,1515,0.1359303582799062
464,1039,1503,0.135964707501037
462,1047,1509,0.13601925697289197
462,1046,1508,0.13607320824134184
456,1052,1508,0.136124925839463
459,1047,1506,0.13618889827775507
460,1054,1514,0.1362406447782551
465,1049,1514,0.13628531792290133
464,1057,1521,0.13631667145396148
463,1057,1520,0.136349675659733
463,1060,1523,0.13638391172461295
453,1055,1508,0.1364151941977654
452,1062,1514,0.13646775978392817
451,1056,1507,0.1365180785300186
453,1063,1516,0.13656888305643364
445,1065,1510,0.13660973115601327
446,1053,1499,0.13666508687820392
442,1058,1500,0.136713638364819
440,1063,1503,0.1367688623289049
433,1060,1493,0.13682715389515
434,1062,1496,0.1369003742969865
436,1076,1512,0.136966941482283
443,1064,1507,0.13702172960049958
443,1068,1511,0.13705577977519076
435,1062,1497,0.13708891655427982
428,1070,1498,0.13714024748304365
430,1088,1518,0.137203955223781
428,1089,1517,0.13725711666005067
423,1073,1496,0.137311106585994
425,1073,1498,0.1373730053709432
426,1081,1507,0.13742675947444208
421,1092,1513,0.13747437408949328
415,1086,1501,0.1375295225273553
429,1085,1514,0.13759610125350252
426,1087,1513,0.13762335690184524
421,1086,1507,0.13765610947619386
418,1095,1513,0.13769902637445605
411,1093,1504,0.1377456387271187
416,1098,1514,0.13780642643040808
425,1102,1527,0.13785105435871478
421,1102,1523,0.13787097573507986
421,1095,1516,0.13790005775473704
419,1096,1515,0.1379267854100256
421,1089,1510,0.13795799991194424
415,1086,1501,0.1379817826339796
411,1086,1497,0.13801721017860125
411,1100,1511,0.13805928645710108
410,1105,1515,0.13809845604258392
413,1099,1512,0.13813939228477387
416,1102,1518,0.1381691835033248
416,1102,1518,0.13818971410267064
419,1102,1521,0.13820709272710668
416,1104,1520,0.13821682906300345
413,1110,1523,0.1382354387432845
409,1104,1513,0.13826092146351665
409,1103,1512,0.13829470348019118
407,1104,1511,0.13832621058584751
410,1109,1519,0.13836112140548215
400,1111,1511,0.13838544237745615
405,1101,1506,0.13843114335177317
403,1109,1512,0.13846237692695199
402,1112,1514,0.13849606251399393
402,1119,1521,0.13853060060267683
401,1106,1507,0.13856388537010444
405,1095,1500,0.13859606779187747
404,1102,1506,0.13861646549726545
406,1099,1505,0.13863767078911512
411,1101,1512,0.1386534246259719
411,1117,1528,0.13865689966127384
408,1121,1529,0.1386586261796492
412,1126,1538,0.13866865764365469
408,1120,1528,0.13866652696206727
410,1108,1518,0.13867457104009298
413,1082,1495,0.13867776493071257
415,1091,1506,0.13867188854680598
405,1092,1497,0.13866355140284287
402,1092,1494,0.1386796305131108
400,1094,1494,0.13870287539256976
401,1102,1503,0.13872965024483855
397,1101,1498,0.13875354094017095
400,1106,1506,0.1387829989998842
405,1102,1507,0.1388019705296638
404,1110,1514,0.1388093573184634
400,1105,1505,0.13881964113996684
399,1108,1507,0.13883766801192884
393,1115,1508,0.13885511373866355
396,1112,1508,0.13888515412253052
399,1109,1508,0.13890640374615296
398,1113,1511,0.13892017593901332
394,1119,1513,0.13893575742868872
392,1124,1516,0.13896080421981533
391,1119,1510,0.13898708000086385
390,1127,1517,0.13901364222910254
400,1120,1520,0.13904205304419634
406,1119,1525,0.1390460768944571
397,1110,1507,0.13903556640508594
397,1120,1517,0.13904903553398412
396,1122,1518,0.13906097062139686
392,1120,1512,0.13907328899079272
389,1122,1511,0.1390950584472977
385,1128,1513,0.13912341930239996
382,1121,1503,0.1391596589879205
386,1119,1505,0.13920028511570295
389,1122,1511,0.13922943284589334
390,1115,1505,0.13924885492994932
386,1123,1509,0.13926299160195427
384,1122,1506,0.1392851119067159
379,1133,1512,0.1393109368660266
386,1131,1517,0.13934629236982957
390,1126,1516,0.13936254861155956
390,1119,1509,0.1393664864409121
388,1113,1501,0.13937023395201414
389,1118,1507,0.13938018197381524
386,1120,1506,0.13938710036569438
392,1116,1508,0.1394008982591639
389,1121,1510,0.13939908404360524
389,1121,1510,0.13940342200123734
386,1125,1511,0.13940782654888775
375,1128,1503,0.13941965084604793
374,1130,1504,0.13945704811733475
370,1131,1501,0.13949652054441763
368,1138,1506,0.13954288316493998
376,1137,1513,0.13959156449908094
375,1142,1517,0.1396168008253171
377,1142,1519,0.13964450233637155
373,1142,1515,0.1396644083475991
373,1138,1511,0.13969401492967864
366,1143,1509,0.1397216187373931
370,1140,1510,0.1397622772958144
369,1150,1519,0.13979320106677176
367,1152,1519,0.13982392041007238
370,1143,1513,0.1398555609037196
365,1141,1506,0.1398767816686518
368,1145,1513,0.13990924202289584
366,1163,1529,0.13993489457633276
369,1149,1518,0.13996119036799243
361,1146,1507,0.139977783691045
367,1157,1524,0.14001237478565456
369,1153,1522,0.14002688247065168
368,1152,1520,0.14003555387320032
359,1155,1514,0.14004746140134328
356,1161,1517,0.14008139188224258
348,1154,1502,0.14012146941927137
352,1155,1507,0.1401769034085065
354,1155,1509,0.1402201674597869
357,1160,1517,0.14025574830082338
355,1175,1530,0.14028094973948138
353,1166,1519,0.14030916765437162
356,1175,1531,0.14034092683344782
354,1173,1527,0.1403627256948983
356,1168,1524,0.14038695849869445
353,1160,1513,0.1404061213033905
353,1157,1510,0.140430511123809
352,1156,1508,0.14045424375266308
358,1166,1524,0.1404767391074969
359,1159,1518,0.14048393929877545
354,1166,1520,0.14048796256872373
354,1156,1510,0.14050617441835406
355,1156,1511,0.1405232884533133
349,1158,1507,0.1405380892889852
351,1154,1505,0.14056667393568723
351,1167,1518,0.14058938405117907
352,1171,1523,0.14061011579876742
347,1175,1522,0.1406254112970009
354,1165,1519,0.1406516008513658
350,1159,1509,0.14065942377547988
348,1163,1511,0.14067543624859977
339,1160,1499,0.14069568005622723
345,1153,1498,0.1407356655680666
346,1154,1500,0.14075897945264362
353,1159,1512,0.14077528510012738
351,1151,1502,0.14077418527854899
352,1151,1503,0.14077860854545918
350,1161,1511,0.14078021850225553
351,1162,1513,0.14078783345806403
355,1168,1523,0.14079029576200466
353,1166,1519,0.14078291782891622
345,1169,1514,0.14078010814371347
340,1166,1506,0.14079841537555013
338,1166,1504,0.14082836612846475
337,1174,1511,0.1408613459197991
332,1189,1521,0.14089507298600418
327,1184,1511,0.1409391657392268
328,1187,1515,0.14099464054342334
322,1177,1499,0.14104521547899013
322,1178,1500,0.1411064005118586
318,1185,1503,0.14116317038883924
320,1196,1516,0.1412248668609195
316,1210,1526,0.14127809647208528
318,1197,1515,0.14133768843681532
321,1182,1503,0.14138697928481345
326,1191,1517,0.14142534707544693
331,1192,1523,0.14144912071203386
328,1197,1525,0.14146069170535325
323,1203,1526,0.14147638375803476
318,1213,1531,0.1415046459096077
326,1195,1521,0.1415448397490932
325,1189,1514,0.14156496417351602
327,1196,1523,0.1415880377781907
321,1205,1526,0.1416036319456966
322,1201,1523,0.14163279454339392
326,1205,1531,0.14165746689282405
324,1202,1526,0.14166850652994475
321,1197,1518,0.1416839344070373
314,1200,1514,0.1417045675988216
312,1206,1518,0.14174112844895273
313,1200,1513,0.14177903753754242
316,1201,1517,0.14181089285793438
319,1196,1515,0.14183026460733653
314,1193,1507,0.1418401358658269
318,1194,1512,0.14186197737239362
320,1195,1515,0.14187247162658032
322,1191,1513,0.1418775428485557
327,1194,1521,0.14187900805090464
322,1200,1522,0.14186733600046628
317,1205,1522,0.14187148125605417
325,1189,1514,0.14188877301257885
313,1194,1507,0.1418832980119183
317,1195,1512,0.14190728116420165
314,1197,1511,0.14192132355456397
314,1197,1511,0.14194200950130326
313,1199,1512,0.1419570291671058
312,1203,1515,0.14197498134707426
309,1195,1504,0.14199429011716339
308,1201,1509,0.14202039657668702
307,1203,1510,0.14204772380623604
306,1200,1506,0.14207655861531243
308,1190,1498,0.14210474108480728
307,1197,1504,0.14212322966647276
310,1196,1506,0.14214430853594964
302,1201,1503,0.1421578370668107
306,1212,1518,0.14218922760304087
305,1223,1528,0.14220984310201504
304,1213,1517,0.14223165700447957
301,1197,1498,0.1422547421836031
299,1197,1496,0.14228298731007755
299,1201,1500,0.14231318692168976
297,1215,1512,0.14233911437449145
293,1219,1512,0.14236974856396314
291,1215,1506,0.14240768266043363
290,1217,1507,0.1424472434446586
291,1217,1508,0.14248549450855305
293,1213,1506,0.14251840174022717
298,1210,1508,0.14254466145654
294,1213,1507,0.14255704539775021
297,1222,1519,0.14257935727082294
295,1227,1522,0.1425919896125908
297,1241,1538,0.1426092665172131
297,1239,1536,0.14262037790252274
297,1235,1532,0.14263086844804224
292,1228,1520,0.14264026272709363
298,1229,1527,0.142663310767042
300,1220,1520,0.14266959788213987
300,1223,1523,0.14267031564416188
302,1227,1529,0.14267009225060773
307,1218,1525,0.142665872435873
303,1216,1519,0.1426451432565392
308,1205,1513,0.1426363478397093
301,1211,1512,0.14261459155628356
312,1207,1519,0.14261088561232682
317,1211,1528,0.14257951337745642
310,1214,1524,0.142539214743439
306,1204,1510,0.14252158731059197
306,1201,1507,0.14251617102245656
306,1205,1511,0.14251086512284053
309,1200,1509,0.14250643784833916
307,1193,1500,0.1424931059300146
307,1209,1516,0.14248526223325647
312,1200,1512,0.14247856038684112
320,1187,1507,0.1424590253811872
310,1183,1493,0.14242218883630728
306,1195,1501,0.1424116945139484
312,1201,1513,0.14241241794957912
308,1198,1506,0.14240023745893993
314,1196,1510,0.14240021679682585
315,1212,1527,0.1423849682793097
306,1212,1518,0.14236961938085282
308,1208,1516,0.14237569892617405
304,1212,1516,0.1423733766622709
305,1206,1511,0.1423800686796728
302,1206,1508,0.14238390823922786
302,1213,1515,0.14239455308675136
298,1207,1505,0.1424057029245164
296,1204,1500,0.14242429279885446
299,1203,1502,0.1424450003650971
302,1201,1503,0.14245739149592576
302,1210,1512,0.1424601932903667
305,1200,1505,0.14246467659175713
306,1203,1509,0.14246140464937102
308,1197,1505,0.14245519881667768
314,1200,1514,0.142443638867725
312,1202,1514,0.14241969470963237
314,1202,1516,0.14240296854153708
314,1191,1505,0.14238252998352915
310,1195,1505,0.14236257118620402
303,1200,1503,0.14235606546498508
302,1211,1513,0.14236651147159185
295,1210,1505,0.14238083662710152
293,1211,1504,0.14241231336354315
297,1203,1500,0.14244742229336385
301,1217,1518,0.14247020421988174
300,1226,1526,0.14248063886466558
298,1231,1529,0.14249211500900597
293,1226,1519,0.14250851500213219
292,1222,1514,0.142536302577315
281,1226,1507,0.14256401693399756
282,1232,1514,0.14261730111735918
276,1228,1504,0.14266648472438345
277,1221,1498,0.1427276850374325
274,1226,1500,0.14278174262693782
276,1229,1505,0.14283946320864
273,1247,1520,0.14288888559793503
275,1253,1528,0.14294165559596536
274,1248,1522,0.1429857134524013
273,1246,1519,0.14302867739598416
279,1235,1514,0.14307001512920867
277,1229,1506,0.14309561003461224
282,1234,1516,0.14312409078956584
277,1229,1506,0.14313822567414236
278,1236,1514,0.14316431472389118
281,1228,1509,0.14318379271541704
271,1230,1501,0.14319621753629877
274,1232,1506,0.14323296296931035
276,1245,1521,0.14326013758531825
270,1251,1521,0.1432816375975308
269,1252,1521,0.14331482370311843
269,1254,1523,0.14334944609074474
269,1251,1520,0.14338162321257417
271,1257,1528,0.14341298836976946
271,1250,1521,0.1434372304892776
262,1243,1505,0.14346104256042846
262,1250,1512,0.14350583248777696
263,1256,1519,0.14354701029623387
266,1253,1519,0.1435828766189847
265,1244,1509,0.14360940570822028
257,1258,1515,0.1436355179025358
256,1248,1504,0.1436783679985927
253,1262,1515,0.14371821135597285
249,1269,1518,0.14376403380337882
250,1270,1520,0.1438175479927923
249,1279,1528,0.14386532337268632
247,1277,1524,0.14390942833040118
252,1280,1532,0.14395645832935447
251,1258,1509,0.14398891741025271
244,1261,1505,0.14402277581929895
241,1272,1513,0.14407266798311646
239,1268,1507,0.1441270013683101
239,1283,1522,0.14418148783314919
244,1284,1528,0.14423184519646653
241,1296,1537,0.14426800298443973
238,1290,1528,0.14430975390331688
227,1292,1519,0.1443551033864235
229,1284,1513,0.14442367458182567
226,1285,1511,0.1444812393617984
227,1297,1524,0.14454112884310585
222,1302,1524,0.14459538965499247
221,1291,1512,0.14465536625087577
223,1303,1526,0.14471606162405742
221,1297,1518,0.14476777896707255
224,1279,1503,0.14482175797734914
225,1268,1493,0.1448634024662914
230,1278,1508,0.14489914625003256
226,1278,1504,0.1449215458542434
220,1273,1493,0.1449522300265095
224,1286,1510,0.14499605763241552
227,1291,1518,0.14502500411550767
226,1296,1522,0.14504289799371134
224,1285,1509,0.14506160724368394
225,1286,1511,0.14508471778967333
228,1284,1512,0.1451040761520387
230,1280,1510,0.14511471909920234
229,1279,1508,0.14511921596769795
230,1296,1526,0.14512650101316946
229,1291,1520,0.14513252490915207
228,1291,1519,0.14513959420261582
223,1298,1521,0.1451494118075107
222,1294,1516,0.14517244265845292
222,1282,1504,0.1451972026598742
218,1298,1516,0.14521977357636728
215,1311,1526,0.14525063402077357
216,1311,1527,0.1452888160880421
217,1295,1512,0.14532163973201626
216,1303,1519,0.14535052914199706
214,1302,1516,0.14538079850789182
213,1315,1528,0.14541474051689027
211,1307,1518,0.14544858762552734
215,1308,1523,0.14548439095565047
206,1313,1519,0.14550928233759047
202,1320,1522,0.14555421708272737
200,1324,1524,0.14560558909899057
204,1318,1522,0.14565867088075055
202,1314,1516,0.14569689492871074
203,1308,1511,0.14573819281622577
206,1303,1509,0.14577532797713608
204,1304,1508,0.14579983058896995
200,1297,1497,0.14582647966472606
204,1313,1517,0.14586073852921058
205,1308,1513,0.14588564026785888
201,1313,1514,0.14590538837662698
202,1308,1510,0.14593195616782473
202,1319,1521,0.14595434817323127
196,1319,1515,0.1459752394461312
196,1306,1502,0.14600948199454475
194,1320,1514,0.14604142317478733
197,1315,1512,0.1460779596823439
197,1318,1515,0.14610460561661193
196,1320,1516,0.14613086755299146
193,1312,1505,0.14615926898419868
196,1315,1511,0.14619237102490312
197,1309,1506,0.14621529846796646
201,1317,1518,0.14623340906196083
199,1306,1505,0.14624054256755975
200,1314,1514,0.14625209816610568
198,1309,1507,0.14625970054623366
196,1316,1512,0.14627251794330579
194,1317,1511,0.14628991440766206
192,1327,1519,0.14631024043300314
192,1324,1516,0.1463347715799993
193,1327,1520,0.14635781505682485
193,1319,1512,0.14637762899492285
192,1326,1518,0.14639488348560067
192,1328,1520,0.14641465381164614
194,1323,1517,0.14643341117944783
195,1326,1521,0.14644448218974407
193,1326,1519,0.14644897864425516
188,1324,1512,0.14645868144644592
190,1316,1506,0.14647989794922855
194,1325,1519,0.1464956513391405
190,1320,1510,0.14650108319743815
186,1326,1512,0.1465170181156031
188,1333,1521,0.14654106819791388
188,1330,1518,0.14655845064927422
189,1330,1519,0.14657540716126127
188,1331,1519,0.14659041027338698
183,1342,1525,0.14660697821154522
188,1344,1532,0.14663395185336156
190,1343,1533,0.14664596788260206
187,1327,1514,0.14665170139437828
185,1334,1519,0.14666410433272478
187,1330,1517,0.14668169778690424
187,1319,1506,0.1466940796230784
184,1318,1502,0.14670521116018514
184,1312,1496,0.1467216479338352
184,1313,1497,0.1467369959653918
185,1323,1508,0.14675016596437307
186,1323,1509,0.14675902834183888
184,1333,1517,0.14676504139211904
180,1329,1509,0.14677627945484453
181,1333,1514,0.1467979705090135
180,1326,1506,0.14681416635095473
180,1321,1501,0.1468331295592941
178,1343,1521,0.14684999511085853
173,1342,1515,0.14686983067208734
173,1350,1523,0.1469012545375443
172,1338,1510,0.1469300131910888
169,1349,1518,0.14696155336428443
171,1357,1528,0.14699982629686847
170,1344,1514,0.1470305096194609
171,1345,1516,0.14706086672756744
174,1342,1516,0.14708666209252663
169,1344,1513,0.14710283820655343
170,1353,1523,0.14713124823243703
164,1362,1526,0.14715531392612616
162,1350,1512,0.14719389548424844
159,1358,1517,0.147234234397836
164,1358,1522,0.14727692368619433
165,1362,1527,0.14730468201099903
165,1364,1529,0.14732927607974147
166,1357,1523,0.14735300747166172
170,1340,1510,0.1473709123351209
167,1336,1503,0.14737741519092284
167,1326,1493,0.14739158074582018
163,1342,1505,0.1474050512137418
166,1335,1501,0.1474261082075579
169,1347,1516,0.1474375288083786
168,1353,1521,0.14744070463312725
163,1348,1511,0.1474475299496221
160,1348,1508,0.14746726936132387
166,1341,1507,0.14749263005399516
168,1355,1523,0.14750230909242049
165,1362,1527,0.14750681141193878
161,1354,1515,0.14752004778529984
155,1355,1510,0.14754273722977834
155,1351,1506,0.14757970886464541
153,1364,1517,0.14761273078647766
153,1375,1528,0.14765027051725813
156,1370,1526,0.1476850478292255
153,1370,1523,0.14770918151646598
153,1374,1527,0.14773932647674554
149,1369,1518,0.14776738342110918
149,1373,1522,0.14780360610553173
149,1368,1517,0.14783653715581122
155,1370,1525,0.14786655166508875
157,1368,1525,0.14787863125875764
154,1368,1522,0.14788529177357962
149,1376,1525,0.14789998188534434
150,1363,1513,0.147926193618263
154,1356,1510,0.1479483743188999
155,1361,1516,0.14795832650413326
156,1358,1514,0.14796477285708828
158,1365,1523,0.14796857551517292
156,1369,1525,0.14796477296907398
154,1359,1513,0.14796842114627468
155,1360,1515,0.14797745482432156
153,1355,1508,0.14798322164859243
156,1361,1517,0.1479948639941524
158,1362,1520,0.1479987164927198
155,1371,1526,0.14799710765450388
153,1364,1517,0.1480045122617869
149,1364,1513,0.14801623861700122
152,1371,1523,0.14803646033983456
153,1378,1531,0.14804728213881296
152,1369,1521,0.14805436855437665
152,1367,1519,0.14806367594418507
152,1362,1514,0.148072394591798
152,1351,1503,0.1480805173302261
151,1341,1492,0.14808868969589079
143,1355,1498,0.14809829633043475
142,1362,1504,0.148127612092774
144,1369,1513,0.14815627958433059
141,1367,1508,0.14817945673795713
144,1367,1511,0.14820809459011097
141,1367,1508,0.14822661639313975
138,1357,1495,0.1482515264115405
143,1356,1499,0.14827983758810745
147,1359,1506,0.14829408764873148
148,1356,1504,0.1482979944304275
148,1365,1513,0.14829938581656116
147,1373,1520,0.14830050867358754
144,1365,1509,0.14830432135892
144,1367,1511,0.148317047859244
143,1367,1510,0.14832837558174192
140,1365,1505,0.1483427641097971
139,1361,1500,0.14836475267591365
133,1364,1497,0.1483869823738527
131,1376,1507,0.14842308386303388
126,1387,1513,0.14845980517517096
127,1383,1510,0.14850666331396625
127,1377,1504,0.14854819455386584
129,1371,1500,0.1485880007822927
131,1371,1502,0.148619224659317
131,1377,1508,0.14864237674635838
126,1381,1507,0.1486633606506144
129,1386,1515,0.1486949260802853
127,1384,1511,0.14871753573417
130,1387,1517,0.14874275632653022
132,1380,1512,0.14875735818263627
133,1356,1489,0.1487662995395121
130,1350,1480,0.1487711068899043
140,1356,1496,0.14878239681751063
141,1367,1508,0.14876448755025148
139,1373,1512,0.14874606080373987
136,1386,1522,0.1487348093808038
134,1381,1515,0.14873286814428105
131,1390,1521,0.1487375664875849
129,1386,1515,0.14874956434017925
127,1380,1507,0.14876591219650834
125,1395,1520,0.14878373259205252
122,1396,1518,0.14880516852784934
123,1387,1510,0.1488338972803659
123,1389,1512,0.14885848261935647
126,1389,1515,0.1488830125930862
127,1380,1507,0.14889810211133947
125,1383,1508,0.1489079889379645
125,1393,1518,0.14892308375878036
124,1400,1524,0.14893907285395097
122,1393,1515,0.14895723857627452
120,1388,1508,0.1489800818651901
122,1385,1507,0.14900699598553968
124,1391,1515,0.14902690013075534
121,1392,1513,0.1490408028538673
123,1394,1517,0.14906078997315436
123,1401,1524,0.14907297366672892
123,1399,1522,0.1490841072890743
122,1402,1524,0.1490949608458357
122,1398,1520,0.14910687894518196
123,1389,1512,0.14911861717178843
123,1385,1508,0.14912781815112386
120,1390,1510,0.14913708516581145
117,1389,1506,0.14915261520736084
120,1398,1518,0.14917385874191574
119,1396,1515,0.1491868244137134
116,1388,1504,0.14920145795517947
121,1409,1530,0.14922236301700015
124,1410,1534,0.14922791674787375
124,1397,1521,0.14922469413767778
126,1402,1528,0.14922092441078724
126,1393,1519,0.14921246462917417
123,1395,1518,0.1492063224176412
124,1393,1517,0.1492078405139027
125,1387,1512,0.14920665227523272
122,1388,1510,0.14920332902693592
126,1399,1525,0.14920793943477415
128,1392,1520,0.14919967919792462
127,1387,1514,0.14918789179646413
129,1398,1527,0.14918042970022732
129,1397,1526,0.1491687887711484
129,1388,1517,0.1491575234505642
128,1395,1523,0.14914795796436955
125,1402,1527,0.14914117855695852
123,1406,1529,0.14914292831216694
123,1399,1522,0.14915127087203836
123,1403,1526,0.14916033793122882
123,1403,1526,0.14916835558134672
121,1400,1521,0.14917332077202017
120,1402,1522,0.14918361114232961
120,1406,1526,0.149194176068586
118,1408,1526,0.1492042147866421
120,1396,1516,0.1492190445946892
119,1390,1509,0.14922657372063106
114,1386,1500,0.1492367154112082
111,1383,1494,0.14925812187447662
114,1380,1494,0.14928486495882173
113,1387,1500,0.14930237595217935
113,1406,1519,0.14932243561160757
112,1408,1520,0.1493421893095171
109,1421,1530,0.1493643449188658
109,1423,1532,0.14939318767932044
108,1410,1518,0.14942053106039802
109,1413,1522,0.14944938157130946
110,1400,1510,0.1494722653790002
110,1413,1523,0.14949102192317093
108,1418,1526,0.14950898277757335
107,1415,1522,0.14953157223167968
103,1419,1522,0.14955522323616946
101,1411,1512,0.1495857989940943
104,1415,1519,0.14962057972566456
103,1408,1511,0.1496429064104095
100,1391,1491,0.14966720123239746
99,1405,1504,0.14969651743201187
95,1412,1507,0.14972680140830008
95,1422,1517,0.14976574291985548
94,1422,1516,0.1498030155849149
95,1418,1513,0.14984119134855567
94,1429,1523,0.1498736149142172
93,1424,1517,0.14990759915290636
96,1425,1521,0.14994191962145018
97,1436,1533,0.1499641434552943
98,1432,1530,0.1499836349092402
100,1423,1523,0.14999805172848993
98,1423,1521,0.15000640314568636
99,1422,1521,0.15002063656291356
100,1416,1516,0.15003082698956147
98,1419,1517,0.15003805060876388
98,1405,1503,0.15005067765665137
93,1422,1515,0.15006111210359682
94,1410,1504,0.15008339984330216
95,1423,1518,0.15010131059117396
98,1446,1544,0.15011477059381823
94,1432,1526,0.1501192251820379
94,1424,1518,0.1501341682563529
92,1412,1504,0.1501485036107754
94,1415,1509,0.15016705056569807
89,1422,1511,0.1501774384805523
91,1413,1504,0.1502004546691797
90,1425,1515,0.1502170933817857
90,1419,1509,0.15023637098018738
89,1424,1513,0.15025564859738413
86,1422,1508,0.15027649157389736
85,1419,1504,0.15030478500245759
84,1428,1512,0.1503339445081483
83,1432,1515,0.1503632151539226
81,1432,1513,0.15039422073284445
81,1430,1511,0.1504280304786369
79,1432,1511,0.1504596472474264
79,1421,1500,0.15049394541487918
77,1433,1510,0.1505270982403674
77,1443,1520,0.15056300763617603
77,1438,1515,0.1505965352121291
78,1421,1499,0.1506283607261597
76,1436,1512,0.1506563535724601
73,1430,1503,0.150687182745759
74,1436,1510,0.15072257621959792
75,1443,1518,0.15075158004237615
74,1444,1518,0.15077618300200746
75,1441,1516,0.15080147558871826
75,1454,1529,0.1508236176009601
78,1446,1524,0.1508450296396161
78,1466,1544,0.15085666580710766
79,1462,1541,0.15086781205611932
78,1460,1538,0.15087596464792738
76,1462,1538,0.15088587958275887
76,1458,1534,0.15090108810754552
77,1449,1526,0.15091527414589526
74,1440,1514,0.15092574781819676
74,1426,1500,0.15094360748995095
73,1438,1511,0.15096063043955735
72,1426,1498,0.15097888250856004
71,1441,1512,0.15099896870938143
70,1447,1517,0.15102069570834661
69,1448,1517,0.15104384305988844
68,1461,1529,0.1510676285351141
67,1459,1526,0.15109277533636947
67,1458,1525,0.15111941394517867
66,1448,1514,0.15114244594049125
65,1443,1508,0.15116683749091173
66,1429,1495,0.15119192191192415
68,1444,1512,0.15121217947804363
68,1441,1509,0.151224848066551
68,1450,1518,0.15123650315528142
67,1448,1515,0.15124765935597623
68,1454,1522,0.15126197635389113
66,1451,1517,0.15127355207009657
63,1456,1519,0.1512893699611819
61,1449,1510,0.15131209365863235
61,1449,1510,0.15133819922828748
60,1439,1499,0.15136216397038404
61,1439,1500,0.15138652469742198
62,1448,1510,0.15140596669313688
63,1448,1511,0.15142132159618737
66,1449,1515,0.15143425768757288
67,1447,1514,0.15143699604625438
68,1447,1515,0.15143657202952882
68,1447,1515,0.1514346920040478
71,1434,1505,0.1514330338462797
72,1425,1497,0.1514243162303752
74,1444,1518,0.1514133918172101
70,1443,1513,0.15139730912920515
72,1451,1523,0.1513928364937252
73,1452,1525,0.15138318319218927
72,1457,1529,0.1513712901137549
67,1462,1529,0.15136333568763036
68,1464,1532,0.1513689983578261
68,1448,1516,0.15137113629790389
65,1460,1525,0.15137304856153277
63,1454,1517,0.1513829441781405
62,1452,1514,0.15139720184432928
61,1447,1508,0.15141462905515626
63,1449,1512,0.15143382682868026
62,1433,1495,0.15144666014141267
62,1450,1512,0.15146145382514067
62,1462,1524,0.15147584201764577
61,1479,1540,0.15148934833785532
61,1469,1530,0.15150309559135644
61,1452,1513,0.15151659846272988
60,1462,1522,0.1515278627571905
62,1465,1527,0.15154140052121867
63,1456,1519,0.1515494424323909
65,1451,1516,0.15155502760486844
64,1459,1523,0.15155496087708475
64,1452,1516,0.15155738302649258
63,1461,1524,0.1515575897825516
64,1452,1516,0.15156056706001877
61,1443,1504,0.1515611406665522
62,1452,1514,0.15156929841599973
62,1451,1513,0.1515741533365747
58,1452,1510,0.15157878995826418
58,1449,1507,0.1515936541444157
57,1447,1504,0.15160712758384703
58,1445,1503,0.1516225077210992
57,1439,1496,0.15163509823699567
56,1441,1497,0.1516502137951507
60,1451,1511,0.15166580048049735
60,1467,1527,0.15166883146319957
59,1469,1528,0.15167256330353202
57,1468,1525,0.15167942429084336
56,1466,1522,0.15169122218278372
53,1465,1518,0.151705714345003
53,1463,1516,0.15172554365028976
53,1466,1519,0.15174309621399787
54,1462,1516,0.1517597917575258
55,1473,1528,0.15177351087786797
57,1469,1526,0.1517837065156962
58,1461,1519,0.15178811099471923
58,1451,1509,0.15178849026998542
58,1464,1522,0.15178963224541742
59,1465,1524,0.1517914736514248
59,1465,1524,0.15179008870990685
60,1461,1521,0.15178853875338116
59,1467,1526,0.15178481853733283
58,1468,1526,0.15178334759539353
56,1452,1508,0.1517850909173761
57,1458,1515,0.15179169063507186
57,1461,1518,0.15179563939871152
57,1453,1510,0.1517982079571137
56,1452,1508,0.1518007800775919
54,1446,1500,0.15180635315299448
55,1457,1512,0.151816222010518
58,1459,1517,0.1518239084944528
57,1462,1519,0.1518223930043118
55,1448,1503,0.15182416203729165
55,1462,1517,0.1518318796129922
54,1461,1515,0.15183970557381424
53,1459,1512,0.15184935749252404
50,1468,1518,0.15186134335059476
49,1472,1521,0.15187994672306357
48,1471,1519,0.15189928161771818
47,1480,1527,0.15191996088882995
50,1490,1540,0.15194143937592267
49,1489,1538,0.1519540148722912
49,1488,1537,0.1519678104174036
49,1481,1530,0.15198045301100113
51,1467,1518,0.1519922866752374
52,1472,1524,0.15199729533592893
52,1459,1511,0.1519995067725994
50,1472,1522,0.15200158461693636
48,1473,1521,0.15200852275316393
49,1472,1521,0.15202010344270758
49,1478,1527,0.15202808955292085
49,1479,1528,0.1520359651106859
49,1471,1520,0.152043948141106
51,1468,1519,0.15205195511268824
49,1471,1520,0.15205366773693169
49,1468,1517,0.15205981716318503
48,1474,1522,0.15206557013459418
51,1467,1518,0.15207448819188707
50,1450,1500,0.15207279998985665
50,1455,1505,0.15207507594292535
49,1466,1515,0.15207618395988604
47,1456,1503,0.1520804724621604
44,1458,1502,0.15208913270258811
46,1466,1512,0.15210482731173483
47,1479,1526,0.15211412699861776
47,1470,1517,0.15212060048648507
44,1472,1516,0.15212680666062592
43,1476,1519,0.15214069306440225
43,1479,1522,0.15215587879852477
45,1485,1530,0.1521700669031648
47,1466,1513,0.1521774444545973
47,1468,1515,0.15217945316029102
45,1479,1524,0.15218136224198564
44,1491,1535,0.1521882015364328
45,1476,1521,0.15219796023334164
46,1457,1503,0.1522047932342201
46,1471,1517,0.15220788102522903
47,1467,1514,0.15221063983688216
47,1469,1516,0.15220991873442855
47,1470,1517,0.1522093560975596
47,1465,1512,0.15220838920029692
46,1461,1507,0.15220826645206542
47,1469,1516,0.15221128504233264
45,1475,1520,0.15221206676853144
43,1477,1520,0.1522185105047727
42,1464,1506,0.1522297959703126
41,1467,1508,0.15224320510890607
38,1470,1508,0.1522584110029875
38,1479,1517,0.15228020917621357
38,1476,1514,0.15230052044471104
37,1477,1514,0.15231990831605688
38,1474,1512,0.15234075132112518
38,1475,1513,0.15235783701324698
36,1469,1505,0.15237331443831428
37,1464,1501,0.15239310121508964
38,1481,1519,0.15240890167703375
38,1484,1522,0.15242097831746293
34,1490,1524,0.15243247216262254
34,1483,1517,0.15245326885917238
35,1472,1507,0.15247311336027888
33,1471,1504,0.15248874239674706
34,1478,1512,0.15250871826768425
36,1488,1524,0.15252456356038388
36,1476,1512,0.15253392401059696
34,1476,1510,0.15254317656396274
33,1482,1515,0.15255696523524626
31,1489,1520,0.15257266480027418
30,1476,1506,0.15259234772250868
30,1482,1512,0.15261347983877532
30,1479,1509,0.15263352173634837
30,1489,1519,0.15265135341191322
28,1487,1515,0.15266842430906688
27,1471,1498,0.15268969239082902
26,1480,1506,0.15271237955278655
26,1477,1503,0.15273660642592277
26,1479,1505,0.15275943177135312
25,1490,1515,0.1527809271409639
26,1487,1513,0.15280352997841862
26,1480,1506,0.1528216280867268
26,1486,1512,0.15283875587879117
27,1486,1513,0.15285495233192167
25,1489,1514,0.15286703176132113
24,1492,1516,0.1528841623366213
24,1488,1512,0.15290275233720657
23,1490,1513,0.15292024960471
23,1495,1518,0.1529391053059945
24,1503,1527,0.15295593543476418
24,1501,1525,0.1529686514148959
24,1491,1515,0.15298079601539097
27,1494,1521,0.15299142666633314
27,1503,1530,0.15299137540011098
27,1497,1524,0.1529914062937459
28,1497,1525,0.15299204921894785
24,1499,1523,0.15298995887795663
24,1502,1526,0.15299900979216166
23,1504,1527,0.1530079047790573
23,1509,1532,0.1530190177809254
24,1510,1534,0.15302974881024017
24,1506,1530,0.15303605069900642
23,1503,1526,0.15304239558699942
23,1485,1508,0.15305114966584796
23,1490,1513,0.15305969471545333
22,1500,1522,0.15306800115010494
22,1494,1516,0.15307855741680837
20,1489,1509,0.15308792513291827
20,1487,1507,0.15310199076631562
17,1506,1523,0.15311543162034366
18,1497,1515,0.1531356664685192
17,1504,1521,0.15315156089656679
16,1502,1518,0.15316914985068242
15,1501,1516,0.15318823938796602
15,1509,1524,0.15320870935143172
16,1502,1518,0.15322808469170457
16,1492,1508,0.15324320356226445
15,1509,1524,0.15325688249764807
14,1507,1521,0.15327240699271263
13,1508,1521,0.15328949821418697
13,1514,1527,0.15330813565816392
14,1506,1520,0.1533258228528387
15,1505,1520,0.15333938107064787
15,1511,1526,0.15334949643312454
15,1503,1518,0.15335926570528405
15,1501,1516,0.1533686749490107
15,1506,1521,0.15337771561905936
13,1506,1519,0.1533863836436726
14,1507,1521,0.15339951917337102
13,1506,1519,0.15340951845790918
13,1513,1526,0.15342144616336778
14,1519,1533,0.1534319642708012
15,1497,1512,0.153438825549585
16,1498,1514,0.1534424187987701
16,1501,1517,0.1534428683531663
16,1504,1520,0.15344368616406626
17,1512,1529,0.15344479943574146
16,1502,1518,0.15344296063782162
15,1496,1511,0.15344451814808704
14,1489,1503,0.15344853208089387
14,1477,1491,0.15345503196674184
15,1478,1493,0.15346050868078057
15,1495,1510,0.15346298352590765
15,1498,1513,0.15346563328584328
15,1501,1516,0.15346840596996647
13,1498,1511,0.15347125801905157
12,1503,1515,0.1534789903095362
10,1496,1506,0.15348878775480437
10,1493,1503,0.15350330631219547
9,1502,1511,0.15351704455953755
8,1487,1495,0.1535323853886471
9,1484,1493,0.15354926621065146
11,1484,1495,0.15356198039024857
10,1505,1515,0.15356768612612368
11,1500,1511,0.15357578009343542
11,1497,1508,0.1535804149722234
11,1506,1517,0.15358513059960507
11,1512,1523,0.15358987637322363
10,1514,1524,0.15359461057330337
9,1511,1520,0.15360171151177338
10,1505,1515,0.15361127245206116
10,1506,1516,0.15361720190036976
9,1511,1520,0.15362299090077491
9,1507,1516,0.15363104692107232
9,1505,1514,0.1536387757630379
7,1517,1524,0.1536461749213846
7,1516,1523,0.15365828591799577
7,1509,1516,0.15366974121649066
7,1512,1519,0.15368056856053947
7,1509,1516,0.15369079572204764
6,1506,1512,0.15370045026376192
6,1492,1498,0.1537120696608611
6,1499,1505,0.15372301126807605
6,1502,1508,0.153733311700297
6,1498,1504,0.1537430060120504
6,1506,1512,0.15375212770011334
6,1507,1513,0.1537607087184685
6,1505,1511,0.15376877950317705
7,1508,1515,0.15377636900511452
7,1511,1518,0.15378045740107532
7,1515,1522,0.15378438964324953
7,1507,1514,0.15378816345511814
7,1513,1520,0.15379177820102224
7,1511,1518,0.1537952345943278
7,1508,1515,0.15379853444791178
6,1509,1515,0.15380092555238106
7,1507,1514,0.15380578061055458
6,1511,1517,0.1538072972840962
6,1524,1530,0.15381187469239382
6,1515,1521,0.15381629101544472
6,1530,1536,0.15382054184336016
6,1521,1527,0.15382462479296116
6,1510,1516,0.15382853916348493
6,1514,1520,0.15383228564131746
6,1514,1520,0.1538358660471726
6,1514,1520,0.15383928312000375
6,1516,1522,0.15384254033268197
6,1520,1526,0.1538456417351312
7,1507,1514,0.15384859182117638
7,1514,1521,0.15384821287822495
6,1520,1526,0.15384798436310854
6,1514,1520,0.1538502565727755
6,1511,1517,0.15385248590746067
7,1504,1511,0.15385466198377779
7,1512,1519,0.15385354112501912
6,1516,1522,0.1538526517367872
6,1515,1521,0.15385500285339018
6,1512,1518,0.15385725748295673
6,1514,1520,0.15385941501730252
6,1531,1537,0.15386147576657933
6,1518,1524,0.15386344078488612
6,1508,1514,0.15386531172233436
8,1521,1529,0.15386709069984644
7,1517,1524,0.15386237689126908
7,1513,1520,0.15386128436170624
8,1508,1516,0.15386036209437065
8,1510,1518,0.15385637154481166
7,1514,1521,0.1538528069817675
7,1517,1524,0.15385209167743388
7,1510,1517,0.1538515624037482
7,1516,1523,0.15385119076480808
7,1504,1511,0.15385095217737432
7,1485,1492,0.153850825381224
6,1494,1500,0.15385079201139212
4,1509,1513,0.15385326946931646
5,1500,1505,0.1538606983101056
5,1520,1525,0.1538651268453823
6,1525,1531,0.15386932742941206
7,1511,1518,0.15387009125604048
7,1518,1525,0.1538676955179869
7,1528,1535,0.1538656649326486
7,1511,1518,0.15386394941543602
7,1499,1506,0.15386250549192
7,1513,1520,0.1538612954375699
6,1511,1517,0.153860286529013
6,1508,1514,0.15386132130526536
6,1506,1512,0.15386245885752337
6,1515,1521,0.15386367100687118
6,1521,1527,0.15386493417911182
6,1526,1532,0.1538662287439342
6,1522,1528,0.15386753844445078
6,1518,1524,0.15386884990498875
7,1526,1533,0.15387015220663053
7,1507,1514,0.1538682960511311
6,1499,1505,0.15386670104162373
6,1504,1510,0.15386785708223755
7,1504,1511,0.1538690435913525
6,1502,1508,0.15386705384508798
7,1515,1522,0.15386773174896795
7,1510,1517,0.15386552970634917
7,1504,1511,0.15386367192281813
7,1501,1508,0.15386211054614887
7,1507,1514,0.15386080409305314
7,1495,1502,0.15385904448304702
8,1497,1505,0.15385761005464813
8,1514,1522,0.15385327851875302
8,1518,1526,0.1538494779940559
8,1509,1517,0.1538461427709654
8,1501,1509,0.15384321536930728
8,1497,1505,0.15384064549597654
8,1501,1509,0.15383838913587256
8,1509,1517,0.1538364077589449
8,1500,1508,0.15383466762840237
8,1505,1513,0.15383313919707484
8,1505,1513,0.15383179658060142
8,1509,1517,0.15383061709758267
7,1504,1511,0.15382958086810974
7,1509,1516,0.15383110502326527
7,1526,1533,0.15383258501756106
7,1496,1503,0.15383401697230142
7,1494,1501,0.15383539811006597
7,1503,1510,0.15383672657495195
7,1515,1522,0.1538380012783798
7,1510,1517,0.1538392217670096
7,1513,1520,0.1538403881097766
7,1510,1517,0.1538415008014448
7,1506,1513,0.15384256068042593
7,1511,1518,0.15384356885890627
6,1515,1521,0.15384452666358794
6,1515,1521,0.15384780190598227
6,1516,1522,0.1538508838161568
6,1497,1503,0.1538537821603831
6,1504,1510,0.1538565064679222
6,1496,1502,0.15385906599082663
5,1506,1511,0.15386146967401948
5,1502,1507,0.15386612658544574
5,1499,1504,0.15387049842035974
4,1496,1500,0.1538746018597357
4,1513,1517,0.15388087552004515
4,1511,1515,0.1538867648330152
5,1508,1513,0.1538922925455675
5,1512,1517,0.153894310508459
5,1507,1512,0.15389630185596828
5,1500,1505,0.1538982557582452
5,1514,1519,0.15390016364037348
4,1508,1512,0.1539020188415596
4,1507,1511,0.1539065997755413
4,1498,1502,0.1539109000793588
4,1512,1516,0.15391493624499863
4,1530,1534,0.15391872390322303
4,1513,1517,0.1539222778517969
4,1500,1504,0.15392561208566774
3,1515,1518,0.15392873982844799
3,1519,1522,0.1539340743268736
3,1506,1509,0.15393908178907856
3,1501,1504,0.15394378178547452
3,1502,1505,0.15394819278284494
3,1513,1516,0.15395233219710464
3,1512,1515,0.15395621644493404
3,1512,1515,0.15395986099406872
3,1509,1512,0.15396328041208013
3,1503,1506,0.15396648841352223
4,1507,1511,0.15396949790536063
4,1497,1501,0.15396917483555955
4,1507,1511,0.1539689666345987
5,1505,1510,0.15396885438898048
5,1511,1516,0.15396562182793253
5,1520,1525,0.1539627489718873
5,1524,1529,0.15396019340925432
5,1525,1530,0.15395791792988342
5,1514,1519,0.15395588987055533
5,1521,1526,0.15395408054420315
5,1520,1525,0.15395246474203814
5,1515,1520,0.15395102029916216
5,1497,1502,0.15394972771547663
5,1499,1504,0.15394856982475938
5,1501,1506,0.15394753150571053
5,1511,1516,0.1539465994295717
4,1492,1496,0.15394576183962172
4,1502,1506,0.15394748142033562
4,1497,1501,0.1539491146810957
4,1511,1515,0.15395066397437787
4,1513,1517,0.15395213192480076
4,1508,1512,0.15395352135564944
4,1517,1521,0.15395483522750955
4,1510,1514,0.1539560765872592
4,1503,1507,0.1539572485259083
4,1510,1514,0.15395835414398187
4,1523,1527,0.15395939652332621
3,1527,1530,0.15396037870437126
2,1523,1525,0.1539637626155253
2,1519,1521,0.15396940476195442
2,1525,1527,0.15397470300245047
2,1520,1522,0.15397967790197778
2,1511,1513,0.15398434885749476
2,1510,1512,0.15398873415495135
2,1522,1524,0.1539928510249598
2,1528,1530,0.15399671569690845
2,1519,1521,0.15400034345134614
2,1504,1506,0.15400374867051425
2,1504,1506,0.15400694488694225
2,1516,1518,0.15400994483005648
2,1523,1525,0.15401276047077914
2,1523,1525,0.15401540306411557
2,1522,1524,0.15401788318974696
2,1531,1533,0.15402021079065933
2,1534,1536,0.15402239520985062
2,1527,1529,0.15402444522516695
2,1513,1515,0.15402636908232556
2,1514,1516,0.1540281745261861
2,1535,1537,0.15402986883033656
2,1520,1522,0.1540314588250605
2,1533,1535,0.15403295092375527
2,1530,1532,0.15403435114786962
2,1532,1534,0.15403566515042932
2,1524,1526,0.15403689823821892
2,1513,1515,0.15403805539268575
2,1504,1506,0.1540391412896307
2,1500,1502,0.1540401603177495
2,1505,1507,0.15404111659608366
2,1516,1518,0.15404201399044173
2,1520,1522,0.1540428561288449
2,1520,1522,0.1540436464160526
2,1522,1524,0.15404438804721846
2,1519,1521,0.1540450840207265
2,1522,1524,0.15404573715025371
2,1519,1521,0.15404635007610434
2,1518,1520,0.1540469252758572
2,1523,1525,0.15404746507436698
2,1515,1517,0.15404797165315676
2,1514,1516,0.1540484470592386
2,1520,1522,0.15404889321339496
2,1512,1514,0.15404931191795432
2,1512,1514,0.15404970486409028
2,1512,1514,0.15405007363867396
2,1521,1523,0.15405041973070469
2,1520,1522,0.15405074453734696
2,1516,1518,0.1540510493695953
2,1522,1524,0.1540513354575914
2,1513,1515,0.15405160395561304
2,1514,1516,0.15405185594675633
1,1528,1529,0.15405209244732931
1,1519,1520,0.1540547793919466
1,1522,1523,0.1540573035361258
1,1530,1531,0.1540596747368886
1,1529,1530,0.15406190225028474
1,1534,1535,0.15406399476917845
1,1516,1517,0.1540659604584423
1,1515,1516,0.15406780698776973
1,1502,1503,0.1540695415622973
1,1508,1509,0.15407117095120842
1,1514,1515,0.15407270151447194
1,1516,1517,0.15407413922785623
1,1513,1514,0.15407548970634438
1,1528,1529,0.15407675822606567
1,1515,1516,0.15407794974484867
1,1520,1521,0.15407906892149023
1,1505,1506,0.15408012013382907
1,1518,1519,0.1540811074957041
1,1529,1530,0.154082034872871
0,1538,1538,0.15408290589794585
