1359,27,1386,0.13579578476081713
1384,29,1413,0.1329750256543091
1405,32,1437,0.13034116330760434
1433,36,1469,0.12788834366843366
1428,36,1464,0.12557984488777765
1426,36,1462,0.12349261671539001
1440,37,1477,0.12160009610396263
1443,38,1481,0.11984257046142929
1452,40,1492,0.11823658711880781
1464,38,1502,0.11675200636349146
1450,39,1489,0.11537078912428608
1459,37,1496,0.1141504747997241
1459,35,1494,0.11301935588254917
1451,35,1486,0.11198896826921216
1449,36,1485,0.1110730744471775
1473,37,1510,0.11024418308727343
1453,37,1490,0.10943087308189582
1452,39,1491,0.108739361640964
1454,39,1493,0.10811378029011572
1449,37,1486,0.1075407431019792
1463,37,1500,0.10703191476247075
1452,38,1490,0.10653738822580973
1459,37,1496,0.106113149196236
1454,39,1493,0.10571075879170674
1451,39,1490,0.10535720345435799
1455,38,1493,0.10504104799504939
1455,39,1494,0.10474403571857355
1431,38,1469,0.10447515151734421
1439,39,1478,0.104286023004727
1450,39,1489,0.1040982136173422
1456,39,1495,0.10390101866349422
1453,40,1493,0.10370686382410078
1454,39,1493,0.10353908126323667
1453,36,1489,0.10338543608004144
1461,38,1499,0.10324723831553055
1465,38,1503,0.10310265536502548
1459,39,1498,0.10296169824966693
1453,40,1493,0.10284614629356312
1460,40,1500,0.10275580215695851
1455,42,1497,0.10265834681107532
1450,37,1487,0.10258235010669373
1458,39,1497,0.10252367040578622
1459,40,1499,0.10245198022172816
1459,39,1498,0.10238361747083552
1463,40,1503,0.10232019161675254
1463,40,1503,0.10225223976244824
1466,39,1505,0.10219046138174086
1445,38,1483,0.10212902724104822
1447,38,1485,0.10212144383582597
1437,38,1475,0.10211086920798312
1445,39,1484,0.10212298928899909
1448,40,1488,0.10211594729905038
1445,39,1484,0.10210239407021385
1451,37,1488,0.1020969833450053
1449,38,1487,0.10207788675993193
1448,37,1485,0.10206566772614771
1453,38,1491,0.10205830391169357
1456,38,1494,0.10204141843681476
1441,36,1477,0.10201816369634888
1446,36,1482,0.10202764981748152
1434,39,1473,0.10202519901194894
1447,39,1486,0.1020502484299924
1443,39,1482,0.10204556234237955
1450,40,1490,0.10204969446790223
1447,39,1486,0.10203722752575146
1451,40,1491,0.10203426670118873
1454,41,1495,0.10202098239352271
1444,39,1483,0.10200175325642032
1441,41,1482,0.10200513398936663
1441,41,1482,0.10201673147833577
1439,37,1476,0.10202810380828847
1440,36,1476,0.10204292223980875
1458,40,1498,0.10205011379283584
1454,39,1493,0.10201668442854228
1458,39,1497,0.1019957669924283
1451,41,1492,0.10196846272403218
1441,42,1483,0.10196055256237559
1442,42,1484,0.10197710091781197
1438,41,1479,0.10199068969412847
1437,44,1481,0.10201372208510055
1438,42,1480,0.10203893035408722
1443,40,1483,0.10205845591488917
1429,41,1470,0.10206564723518956
1429,44,1473,0.10210350004080108
1437,46,1483,0.10213768188145672
1433,49,1482,0.10215181534504161
1426,52,1478,0.1021729572326859
1439,52,1491,0.10220992874506227
1437,53,1490,0.10221515531895825
1423,57,1480,0.10222351172934153
1423,57,1480,0.10226274470339926
1433,55,1488,0.10230173410957978
1432,56,1488,0.10231246891796512
1439,58,1497,0.10232409455465973
1436,57,1493,0.10232090605480021
1432,58,1490,0.10232298359914285
1426,57,1483,0.10233360581749912
1421,56,1477,0.10235833434192687
1419,56,1475,0.10239361166525773
1425,55,1480,0.10243039035958657
1426,55,1481,0.10245011606811313
1427,53,1480,0.10246603069692953
1428,49,1477,0.10247908057192792
1433,49,1482,0.1024883084483541
1433,49,1482,0.10248392889689832
1433,50,1483,0.10248046526434532
1443,50,1493,0.10247765055766449
1464,47,1511,0.10245315685540807
1466,45,1511,0.10238083215927694
1454,46,1500,0.1023095140627144
1448,48,1496,0.10226719338747751
1443,49,1492,0.10224238240380973
1439,52,1491,0.10223271761669488
1430,55,1485,0.10223424019294886
1427,54,1481,0.1022562013907648
1428,56,1484,0.10228479813605483
1431,56,1487,0.10230722492711465
1445,56,1501,0.10232552621881612
1437,57,1494,0.10231027371269424
1429,58,1487,0.1023154392896203
1436,58,1494,0.10233803351469793
1434,55,1489,0.10234359314709861
1433,56,1489,0.10235198027152104
1435,57,1492,0.10236241221749799
1425,58,1483,0.1023656517433616
1441,57,1498,0.10239254595159057
1436,59,1495,0.10237999302582697
1435,62,1497,0.1023773024325865
1426,63,1489,0.10237884556167214
1419,65,1484,0.10240181161320006
1419,67,1486,0.1024366459233723
1412,68,1480,0.10246803371643944
1432,68,1500,0.10251510171554899
1437,68,1505,0.10251511994465332
1418,71,1489,0.10250551905522394
1413,72,1485,0.10253870635433927
1419,71,1490,0.10258102657568567
1417,73,1490,0.1026077269049544
1421,73,1494,0.10263727169302399
1412,74,1486,0.10265432816181215
1412,76,1488,0.10269195948575191
1407,79,1486,0.10272797163086725
1415,76,1491,0.10277110145122731
1413,75,1488,0.10279325271394409
1413,71,1484,0.10281675276054278
1422,71,1493,0.10283709369351535
1419,68,1487,0.10283646375991042
1420,71,1491,0.10284271541681222
1416,74,1490,0.10284646958785583
1417,80,1497,0.10285938950318087
1410,76,1486,0.1028706541982741
1407,79,1486,0.10289610595816115
1402,83,1485,0.10292549851267946
1398,84,1482,0.10296357794027006
1398,87,1485,0.10300942659220098
1402,90,1492,0.10305192742146066
1403,87,1490,0.10308305520441201
1409,88,1497,0.10310747597492875
1420,90,1510,0.10311645559875746
1414,94,1508,0.1031027333993526
1405,97,1502,0.10310313270899378
1398,95,1493,0.10312290714371214
1396,95,1491,0.10315924668893768
1377,97,1474,0.10319663605872208
1373,92,1465,0.10327512164014047
1380,94,1474,0.10335518675173497
1386,91,1477,0.10341301607491822
1393,93,1486,0.10345371003059946
1398,93,1491,0.10347688843339206
1409,92,1501,0.10348555390866446
1405,94,1499,0.10346919768254662
1407,93,1500,0.10346538080293328
1396,92,1488,0.10345818926141664
1404,97,1501,0.10347368631918112
1392,100,1492,0.10347156423715331
1389,103,1492,0.10349481970658832
1395,101,1496,0.10352400930713625
1396,100,1496,0.10353724750614424
1393,94,1487,0.10354997998206357
1409,98,1507,0.1035703997448722
1411,96,1507,0.10355107986986375
1400,97,1497,0.10352951116672841
1390,94,1484,0.10353411074062695
1397,96,1493,0.10356016538481107
1391,96,1487,0.1035672723692213
1393,95,1488,0.10358855910124358
1400,93,1493,0.10360246734694259
1383,97,1480,0.10359968784386997
1370,103,1473,0.10363452305209654
1375,104,1479,0.10369603820907711
1376,103,1479,0.10374114104280487
1386,100,1486,0.10378158447009962
1386,103,1489,0.10379655437010121
1386,108,1494,0.10380873252962758
1402,111,1513,0.10382239114326319
1390,113,1503,0.10379873555242262
1380,111,1491,0.10380442611924494
1373,110,1483,0.10383140239769581
1361,107,1468,0.10387334685803666
1378,111,1489,0.10394010647854707
1369,112,1481,0.10396301390666939
1378,113,1491,0.10400611091669563
1379,116,1495,0.10402635360452357
1371,123,1494,0.10404283090141898
1375,126,1501,0.10407624601753686
1378,124,1502,0.10409746964366341
1372,123,1495,0.10411063323689028
1373,126,1499,0.10413608187203248
1377,128,1505,0.10415780533907366
1365,124,1489,0.1041716150036835
1354,126,1480,0.1042120743341892
1349,128,1477,0.10427531225896028
1351,133,1484,0.10434469626479086
1347,133,1480,0.10440610304046405
1340,136,1476,0.10447120506691401
1350,136,1486,0.10454764478387753
1368,137,1505,0.10459491933811269
1363,140,1503,0.10459660640207785
1365,139,1504,0.10461078848953428
1372,136,1508,0.10462072779068528
1382,135,1517,0.10461357146486842
1385,139,1524,0.104584675636116
1377,139,1516,0.10455091219562912
1362,140,1502,0.10453716037528399
1354,138,1492,0.10455927042034487
1339,141,1480,0.1045991831348238
1356,144,1500,0.10467043506005481
1355,145,1500,0.10469935482378875
1353,148,1501,0.10472939628726144
1355,147,1502,0.10476071681516057
1363,147,1510,0.10478602125452259
1354,144,1498,0.10479077046934879
1355,148,1503,0.10481574346511038
1354,145,1499,0.1048378167502325
1357,142,1499,0.10486211223906974
1350,146,1496,0.10487882199821265
1364,147,1511,0.10490823722760197
1371,149,1520,0.10490402459858618
1359,148,1507,0.10488521533834705
1366,147,1513,0.10489421084351505
1360,145,1505,0.10488733880621348
1349,146,1495,0.10489252150975789
1339,145,1484,0.10492183017160668
1325,146,1471,0.10497421001621919
1329,150,1479,0.10505279931823754
1337,152,1489,0.1051173587853917
1341,156,1497,0.10515838494683258
1340,151,1491,0.10518769342008455
1345,150,1495,0.10521554369802978
1347,155,1502,0.10523126416203618
1359,152,1511,0.10524064203811355
1362,145,1507,0.10522003216271053
1365,144,1509,0.10519297650836551
1364,138,1502,0.10515891059964144
1364,136,1500,0.10513023638519575
1354,141,1495,0.10510439533506075
1355,139,1494,0.10510441736799851
1346,139,1485,0.10510475319820334
1344,146,1490,0.1051230929190724
1341,146,1487,0.10514375079454925
1339,147,1486,0.10517075004743638
1342,143,1485,0.10520121985232694
1338,141,1479,0.10522296757545359
1345,139,1484,0.10525319869253053
1343,140,1483,0.10526287503266527
1353,143,1496,0.10527275763379083
1352,140,1492,0.10526032053066015
1353,138,1491,0.10524847264140165
1358,139,1497,0.10523655865774753
1347,144,1491,0.10521567037184618
1342,145,1487,0.10522312681316283
1339,147,1486,0.10524137737121411
1354,148,1502,0.10526695840390733
1357,149,1506,0.10525323137821356
1358,153,1511,0.10523333729897233
1362,155,1517,0.10521387650660667
1356,152,1508,0.10518820212994491
1343,153,1496,0.1051801904761027
1341,150,1491,0.10520235312828995
1351,151,1502,0.10522594725412372
1347,153,1500,0.10522472905564108
1349,152,1501,0.10523562528483438
1353,156,1509,0.1052421440191182
1355,158,1513,0.10523967291531049
1347,159,1506,0.10523514106219117
1344,158,1502,0.10524955590681487
1360,154,1514,0.10526930725814022
1358,157,1515,0.10525207912631242
1344,160,1504,0.10524121885444253
1348,162,1510,0.10526211991060595
1358,160,1518,0.10527174931606544
1356,158,1514,0.10525887489088248
1356,159,1515,0.10525198813965883
1348,163,1511,0.10524584460456886
1335,165,1500,0.10525908063406249
1333,164,1497,0.10530187299231672
1324,166,1490,0.10534588890333076
1321,162,1483,0.10540784122698174
1327,163,1490,0.10547214253840162
1325,166,1491,0.10551874748947068
1330,165,1495,0.105565231271549
1327,165,1492,0.10559564518314858
1330,165,1495,0.10562838789239624
1327,168,1495,0.10565281102651664
1324,170,1494,0.10568259319365259
1328,170,1498,0.10571904898426786
1331,170,1501,0.10574438602731236
1324,174,1498,0.10576126771464626
1325,179,1504,0.10579533737960992
1315,179,1494,0.10582415347513528
1315,175,1490,0.10587475208786523
1316,178,1494,0.1059214576688775
1319,180,1499,0.1059602236939444
1319,179,1498,0.10599044304559477
1310,179,1489,0.10601618148311477
1303,184,1487,0.10606128970915198
1307,184,1491,0.10611957338334266
1301,185,1486,0.10616580784170855
1317,180,1497,0.10622350277802635
1316,182,1498,0.10623842938748514
1312,186,1498,0.10625501903983997
1313,188,1501,0.10628117812500046
1313,190,1503,0.10630162079858865
1303,194,1497,0.10632078680800902
1292,197,1489,0.10636263347042743
1292,196,1488,0.10642565986485515
1294,195,1489,0.10648439924589626
1280,191,1471,0.10653516390825356
1275,198,1473,0.10661615038378126
1272,200,1472,0.1067007431180188
1269,204,1473,0.1067862801890324
1275,201,1476,0.1068740730530385
1284,202,1486,0.106939297487023
1301,209,1510,0.10697849689807022
1302,207,1509,0.10697530969816714
1306,200,1506,0.10697038680662593
1310,199,1509,0.10695746748643525
1307,196,1503,0.10693777933372337
1306,199,1505,0.10692537726085145
1300,201,1501,0.10691664212426655
1292,207,1499,0.10692207100917668
1288,200,1488,0.10694499569521203
1295,199,1494,0.10697733608189104
1284,206,1490,0.1069909634748078
1291,202,1493,0.1070280202908693
1293,199,1492,0.10704697428522827
1303,197,1500,0.10705804392303225
1312,200,1512,0.107047537507048
1312,200,1512,0.1070183354729492
1310,203,1513,0.10698989983895935
1304,203,1507,0.1069682902987682
1288,203,1491,0.10696260378479847
1295,208,1503,0.10699376063645331
1279,208,1487,0.10700799186914559
1287,211,1498,0.10705879332161762
1278,214,1492,0.1070893483092788
1277,217,1494,0.10713816044676981
1284,213,1497,0.10718760409072121
1284,217,1501,0.10721630917011815
1282,223,1505,0.10724395338244268
1279,219,1498,0.10727259890531954
1287,214,1501,0.10730742376096407
1281,217,1498,0.10731878617935027
1274,220,1494,0.10734501462081422
1276,226,1502,0.10738316557188522
1272,233,1505,0.10741167822380426
1255,231,1486,0.10745049773488854
1252,233,1485,0.10752108645871868
1248,231,1479,0.10759323054050601
1264,232,1496,0.10767030167631202
1271,233,1504,0.10770431571835719
1260,233,1493,0.10771907621509769
1264,229,1493,0.10775833923339412
1271,229,1500,0.10778615904258221
1275,227,1502,0.1077948793390297
1275,232,1507,0.10779628065252272
1266,231,1497,0.10779814792448247
1255,232,1487,0.10782111439668024
1260,236,1496,0.10786513286765329
1261,238,1499,0.10789582678004002
1250,239,1489,0.10792222574151732
1250,239,1489,0.10797160788505251
1249,238,1487,0.10801954245253388
1250,238,1488,0.10806546928175759
1249,238,1487,0.10810582772732881
1255,242,1497,0.10814348463633877
1252,243,1495,0.10816546244663532
1252,239,1491,0.10819318939929126
1249,244,1493,0.10821756572743572
1251,246,1497,0.10825003288954883
1258,243,1501,0.1082758179224953
1251,246,1497,0.10828285289823018
1251,244,1495,0.10830683145543155
1240,242,1482,0.10832871347307833
1233,250,1483,0.1083740242015285
1250,246,1496,0.10843584383881712
1250,244,1494,0.1084506161792456
1237,240,1477,0.10846482061411278
1244,237,1481,0.10850733459075303
1234,242,1476,0.1085293243149341
1242,250,1492,0.10857290943282752
1236,248,1484,0.10859629277907272
1232,252,1484,0.10863001679161494
1243,253,1496,0.10867149818421343
1246,255,1501,0.1086861098796067
1239,259,1498,0.10869493984839641
1237,260,1497,0.10872083225558704
1243,256,1499,0.10874930507823898
1249,259,1508,0.10875991033531228
1241,257,1498,0.10875599902650215
1241,255,1496,0.1087704936982994
1248,256,1504,0.10878470398066796
1227,256,1483,0.10877892497112987
1235,258,1493,0.10881954864852446
1242,257,1499,0.1088426601200836
1226,264,1490,0.10884824801198163
1242,254,1496,0.10889036138994992
1236,256,1492,0.10889175991473138
1250,256,1506,0.10890628979548993
1245,259,1504,0.10888705788763609
1242,259,1501,0.10888309535051618
1246,261,1507,0.10888547766497783
1250,261,1511,0.1088760705404345
1249,263,1512,0.10885814951665433
1247,259,1506,0.10884416174682177
1245,260,1505,0.10883816191685841
1238,259,1497,0.10883819317084054
1227,254,1481,0.10885676273352261
1239,252,1491,0.10889615365086107
1234,251,1485,0.10890682504094297
1229,248,1477,0.10892774110350509
1231,252,1483,0.10895845587758009
1238,252,1490,0.10898103108720085
1240,256,1496,0.10898218070474361
1236,257,1493,0.10897602968860629
1236,261,1497,0.10897967534777342
1233,256,1489,0.10898394639399193
1233,260,1493,0.10899703252878687
1244,257,1501,0.1090096771519984
1247,254,1501,0.10899591205479865
1248,256,1504,0.10897494490185611
1238,257,1495,0.10895664258265342
1239,264,1503,0.1089637289883959
1240,268,1508,0.10896907601966298
1244,263,1507,0.10897294026396505
1237,262,1499,0.10896913400882333
1233,265,1498,0.10898221416579981
1227,266,1493,0.10900386834658037
1220,269,1489,0.1090370169929839
1237,265,1502,0.10908350779334657
1230,263,1493,0.1090855871881513
1235,269,1504,0.10910391875505455
1226,264,1490,0.10911209299666841
1226,266,1492,0.10914198025823962
1222,273,1495,0.10916883406268668
1229,274,1503,0.10920570203039162
1222,274,1496,0.10922306615069566
1226,274,1500,0.1092549991356894
1216,270,1486,0.10927782157426934
1219,271,1490,0.10932204541966492
1215,277,1492,0.10935610526015775
1219,279,1498,0.10939618721519785
1216,275,1491,0.10942433844897675
1210,284,1494,0.10945837442703961
1219,288,1507,0.10950427149997079
1210,290,1500,0.10952619133941793
1200,288,1488,0.10956672606471228
1200,289,1489,0.10962703028420069
1189,298,1487,0.10968401965023482
1190,294,1484,0.10976210166460301
1201,294,1495,0.10983285684201735
1205,300,1505,0.10987528764055433
1197,297,1494,0.10990688572190206
1193,297,1490,0.10995579582208116
1195,301,1496,0.11000747317853396
1176,303,1479,0.11005029998413182
1184,301,1485,0.11013220187237457
1187,304,1491,0.11018993240533508
1192,307,1499,0.11023719287329509
1180,308,1488,0.11026927892925804
1195,309,1504,0.11032667346857773
1197,304,1501,0.11034729611646873
1198,306,1504,0.11036269593704078
1199,305,1504,0.11037717024664918
1188,311,1499,0.11038771073008395
1186,310,1496,0.1104221486184625
1171,307,1478,0.11045691679528385
1181,307,1488,0.11052207939036748
1189,316,1505,0.1105607188406779
1185,320,1505,0.11058003157897002
1178,323,1501,0.1106076420592663
1180,328,1508,0.11065169868975516
1179,328,1507,0.11069036458827768
1183,327,1510,0.11072752293303773
1167,332,1499,0.11075285527990494
1166,329,1495,0.11081363802850223
1180,330,1510,0.11087257586010317
1165,338,1503,0.11089542420995166
1167,337,1504,0.11095108478193075
1179,337,1516,0.11099982904422724
1177,341,1518,0.11101885623835728
1171,342,1513,0.11104227447608846
1162,342,1504,0.11107893896394277
1156,339,1495,0.1111337762247246
1152,340,1492,0.11119814234849791
1149,342,1491,0.11126684551961807
1152,346,1498,0.11133724304529063
1147,349,1496,0.11139486012358389
1158,345,1503,0.11146018987003935
1147,346,1493,0.11149358869314922
1150,342,1492,0.11154794757055743
1151,346,1497,0.11159587309082461
1148,351,1499,0.11163683036752381
1123,357,1480,0.11168080884470352
1134,364,1498,0.11178039099752457
1136,365,1501,0.11184996449035306
1138,364,1502,0.11191086377313755
1146,362,1508,0.11196241950001772
1144,359,1503,0.11199415016337776
1141,362,1503,0.11202523692762513
1138,365,1503,0.1120627902579774
1139,370,1509,0.11210080059714227
1136,369,1505,0.11213620268340854
1132,374,1506,0.11217431672937522
1140,375,1515,0.1122206383906364
1124,369,1493,0.11224710045174074
1124,374,1498,0.11231004739224101
1125,372,1497,0.11236979485057855
1130,372,1502,0.11242178558844809
1132,372,1504,0.11245813258061772
1133,371,1504,0.11248347635413396
1129,367,1496,0.11250694051284789
1137,361,1498,0.11253748189667545
1136,359,1495,0.11254974307725515
1131,367,1498,0.1125595553652996
1127,369,1496,0.11257985671043987
1133,366,1499,0.11260879862585664
1137,368,1505,0.11262438586513734
1135,366,1501,0.11262833690890897
1139,366,1505,0.11263612514463667
1125,362,1487,0.1126316579501298
1122,370,1492,0.11266107499606484
1129,371,1500,0.1126957432388274
1129,372,1501,0.11271209803700045
1118,371,1489,0.11272843111335301
1120,371,1491,0.11277036169986271
1121,376,1497,0.11280553554329514
1129,373,1502,0.11283346931746309
1124,368,1492,0.11284233570106153
1128,372,1500,0.11286139669641497
1124,380,1504,0.11286794742958468
1128,378,1506,0.11288292299092624
1127,368,1495,0.11288718275522372
1136,373,1509,0.11289619122354466
1128,377,1505,0.11288158747328335
1116,379,1495,0.1128862920989762
1107,380,1487,0.11291871412943114
1100,382,1482,0.1129697145089394
1098,385,1483,0.11303260237330878
1107,386,1493,0.11309579547250057
1107,380,1487,0.11313441387745303
1122,381,1503,0.11316879900468772
1116,381,1497,0.11316719325255147
1113,379,1492,0.11318061199455
1122,386,1508,0.11319909288492752
1115,392,1507,0.1131962096984677
1109,386,1495,0.1132109430871541
1111,385,1496,0.11323833265115794
1112,382,1494,0.11326117579465377
1132,378,1510,0.11327926559867425
1120,377,1497,0.11324649568368134
1120,383,1503,0.11324484046476817
1133,393,1526,0.1132436857106038
1133,396,1529,0.11321381543111725
1127,394,1521,0.11318632356956193
1106,391,1497,0.1131748395470383
1106,399,1505,0.11321402626691623
1098,400,1498,0.1132514512471968
1096,405,1501,0.11330609178439367
1105,403,1508,0.11335743951940365
1104,402,1506,0.11338688460343292
1106,404,1510,0.11341669266480467
1098,404,1502,0.11344112816978762
1089,412,1501,0.11348345683642862
1091,411,1502,0.11354236818721435
1089,413,1502,0.11359336257308779
1090,417,1507,0.11364584964804417
1073,413,1486,0.11369317074910504
1081,420,1501,0.11377666796868581
1077,429,1506,0.113837488184788
1069,427,1496,0.1139055635728878
1062,430,1492,0.11398408127090498
1066,433,1499,0.11407214336204287
1066,426,1492,0.11414269885227996
1073,436,1509,0.1142065168644628
1075,437,1512,0.11425089424685027
1070,431,1501,0.11428828568008037
1062,429,1491,0.11433498450278065
1058,424,1482,0.11439661003030274
1067,423,1490,0.1144608909480737
1068,436,1504,0.1144964873849596
1063,438,1501,0.1145280980285838
1062,432,1494,0.11457144912920893
1063,434,1497,0.11461342465403294
1061,441,1502,0.11465128207468983
1053,443,1496,0.11469386110899092
1051,450,1501,0.11474994239946451
1038,446,1484,0.1148083749107457
1035,447,1482,0.11489259561497459
1040,455,1495,0.114978062142287
1044,457,1501,0.11504687709036085
1036,458,1494,0.11510129507309713
1039,462,1501,0.11516957052944016
1035,460,1495,0.11522725587253144
1039,463,1502,0.11529212660090477
1035,458,1493,0.11534494838667954
1037,464,1501,0.11540196690642744
1056,466,1522,0.11545002247534619
1051,461,1512,0.11544836268150695
1049,464,1513,0.11545900087807376
1038,464,1502,0.11547328714048302
1029,464,1493,0.11551240390895956
1027,469,1496,0.11557284775671832
1036,477,1513,0.11563545181090598
1025,487,1512,0.1156732469394972
1012,488,1500,0.11573639422384989
1011,491,1502,0.11582617147537069
1009,488,1497,0.11591312626492706
1001,484,1485,0.1159973577145642
1002,493,1495,0.1160946786845975
1009,500,1509,0.1161829314241334
1010,503,1513,0.11625037338434453
1000,506,1506,0.11630918216404687
998,503,1501,0.11638970697868498
993,502,1495,0.11646934022445542
992,500,1492,0.1165537422848833
995,501,1496,0.11663488447582392
993,500,1493,0.11670401400709758
1002,504,1506,0.11676857291487779
998,504,1502,0.11680609476062082
993,509,1502,0.11685082903451093
990,508,1498,0.11690486746247278
990,500,1490,0.11696078790210991
1000,504,1504,0.11701386125356623
985,511,1496,0.11704147332169086
988,512,1500,0.11710262490175033
989,516,1505,0.11715203196604616
984,521,1505,0.11719789184126067
982,513,1495,0.11725170257599267
981,511,1492,0.11730441757650904
963,514,1477,0.11735361881293656
970,520,1490,0.11744382244256688
976,518,1494,0.11751216797582305
972,526,1498,0.11756053611436494
978,535,1513,0.11761523815877206
973,537,1510,0.11765550613229454
970,539,1509,0.11770467878633668
969,536,1505,0.11775836496456474
969,541,1510,0.11781187590905183
950,546,1496,0.11785988601031341
958,541,1499,0.1179474947893227
956,547,1503,0.11801346892561364
945,554,1499,0.11807977449269214
956,552,1508,0.11816762746536266
953,561,1514,0.11822457366639476
948,564,1512,0.11828477933208437
946,563,1509,0.11835393463638325
942,563,1505,0.11842235922898554
945,561,1506,0.11849534236899348
944,561,1505,0.1185574114452006
937,570,1507,0.11862033490350356
935,576,1511,0.11869586700216007
923,573,1496,0.11877121111324701
906,580,1486,0.11886875256934754
903,576,1479,0.11899840650289818
904,584,1488,0.11912682054262451
909,593,1502,0.1192458655602525
912,594,1506,0.11934371107743762
917,596,1513,0.11942710781784921
923,596,1519,0.11949437809602678
923,593,1516,0.11954151923579891
923,601,1524,0.11958566690844544
918,601,1519,0.11962622585305009
922,594,1516,0.11967432113741822
919,597,1516,0.11971077101515229
914,596,1510,0.11975019403881326
906,590,1496,0.11980038276911102
906,593,1499,0.11986533445470997
905,589,1494,0.11992383023504452
895,599,1494,0.1199786316577755
900,600,1500,0.12005256506533729
912,600,1512,0.12010848661362143
911,600,1511,0.12013463530263035
907,605,1512,0.12016221129813029
907,607,1514,0.12019672528930482
911,607,1518,0.12023072359950397
904,607,1511,0.12025369947594979
902,604,1506,0.12029054912092285
894,602,1496,0.12032882160553257
889,601,1490,0.12038088569045328
886,604,1490,0.12044466092368648
884,602,1486,0.12050833694422503
893,609,1502,0.12057280159609746
887,616,1503,0.1206118241133667
882,613,1495,0.12065980411774996
894,617,1511,0.12071560374579114
881,620,1501,0.12073998919545996
891,625,1516,0.12079524377668331
886,624,1510,0.12082299071782629
874,626,1500,0.1208599886854048
865,620,1485,0.12092130557350673
862,615,1477,0.12099937536176256
876,613,1489,0.12108215314411598
879,624,1503,0.12112711279974443
877,635,1512,0.12116289093052833
873,634,1507,0.12119847560242974
875,631,1506,0.12124154632224304
876,634,1510,0.12127694901630758
872,639,1511,0.12130926702480944
866,646,1512,0.12135012367432582
858,639,1497,0.121401296249568
858,633,1491,0.12146748581633705
849,651,1500,0.12153029987607882
840,655,1495,0.12160833542843495
849,658,1507,0.12170110786252376
850,654,1504,0.1217664532121341
842,652,1494,0.12182427538420022
841,642,1483,0.12189588868211299
845,647,1492,0.12196251678108937
847,644,1491,0.12201616707118394
854,647,1501,0.12206157672652437
859,641,1500,0.12208624986444022
858,635,1493,0.12209721788428603
859,639,1498,0.12210992631474767
861,645,1506,0.12211743768820611
866,642,1508,0.12211957500701769
864,657,1521,0.12211026646141089
864,656,1520,0.12210798782966378
876,649,1525,0.12210526855077208
864,647,1511,0.1220765860464488
869,646,1515,0.1220767175809706
870,642,1512,0.12206890036013468
863,645,1508,0.1220581911486767
864,642,1506,0.12206470532371676
860,642,1502,0.12206867364459452
857,641,1498,0.12208509897469132
852,651,1503,0.12210720487296152
846,660,1506,0.12213825722862832
844,662,1506,0.12218275785358852
848,656,1504,0.12222658408888508
856,649,1505,0.12225930876978809
849,654,1503,0.1222700358968839
853,656,1509,0.1222975703258156
847,649,1496,0.12231108265286843
846,659,1505,0.1223393472545495
836,663,1499,0.12236882500597666
836,644,1480,0.12241872604570325
841,648,1489,0.12246297534223023
844,650,1494,0.12249015400919108
845,649,1494,0.1225064658196679
845,659,1504,0.1225205863813575
838,662,1500,0.12253561603897024
840,666,1506,0.12256685200345105
845,664,1509,0.12259044039018001
847,664,1511,0.12260350304713366
843,674,1517,0.12260997055957074
845,672,1517,0.12262681267707125
849,670,1519,0.12263980244585315
845,660,1505,0.12264233006319589
853,648,1501,0.12265642263122022
853,650,1503,0.12265037634199888
850,654,1504,0.12264544241702258
852,657,1509,0.12265019670464584
848,661,1509,0.12265088492870817
849,660,1509,0.12265958659145214
846,668,1514,0.12266429619407404
848,663,1511,0.12267610681623443
845,666,1511,0.12268037532044772
847,668,1515,0.12268992334491839
844,658,1502,0.12269550560186268
843,662,1505,0.1227045378003186
851,668,1519,0.12271422836158496
854,665,1519,0.12270431019502251
847,668,1515,0.12268845174953819
837,663,1500,0.12269358816987448
833,670,1503,0.12272143881255751
838,673,1511,0.12275806401783579
842,669,1511,0.12278346883995418
850,667,1517,0.12279766915526266
845,673,1518,0.12279143713922078
841,678,1519,0.12279462862076482
841,673,1514,0.12280779642544917
842,662,1504,0.12282030071494013
836,669,1505,0.12283078649374295
843,666,1509,0.1228551975426071
839,659,1498,0.12286139040757017
847,660,1507,0.12287286652228299
849,654,1503,0.12286196517628149
844,647,1491,0.12284685110878656
849,656,1505,0.12284605026901384
844,663,1507,0.12283455666461678
843,665,1508,0.12283804924726478
830,669,1499,0.12284463716896771
836,667,1503,0.12287981618843641
837,663,1500,0.1228990668450254
835,663,1498,0.12291671756629743
836,671,1507,0.12293482437549638
846,679,1525,0.1229482512946944
844,677,1521,0.12294060572247421
830,675,1505,0.12293798676050349
822,679,1501,0.12296925946703276
828,673,1501,0.12301795062914657
825,669,1494,0.12304849441834569
830,667,1497,0.12308584514012169
830,673,1503,0.12310566504439265
827,673,1500,0.12312530083135588
823,672,1495,0.12314879499356436
824,671,1495,0.12318069082882435
821,662,1483,0.1232110570229474
827,669,1496,0.1232450840272156
827,684,1511,0.12326221525265943
831,678,1509,0.12327641054034146
818,686,1504,0.12328070338828122
823,693,1516,0.12331757588643617
826,691,1517,0.12333929061272944
834,680,1514,0.12335332362245131
819,684,1503,0.12334849894331412
821,681,1502,0.12337967723293257
816,682,1498,0.12340539950425373
804,684,1488,0.12344127227368058
806,688,1494,0.12350362438506479
806,695,1501,0.1235567442524248
815,691,1506,0.12360696378637964
823,692,1515,0.12363141779527421
823,700,1523,0.12363446714937767
821,696,1517,0.12363641380533102
819,690,1509,0.12364448340333464
831,689,1520,0.12365444208768551
821,688,1509,0.1236340019417824
822,688,1510,0.12363768413833708
827,685,1512,0.12363774952694814
832,687,1519,0.12362789555270881
830,685,1515,0.12360255994189714
826,691,1517,0.12358338496668814
815,691,1506,0.12357619980155478
822,686,1508,0.12359825612245892
835,684,1519,0.12360540931112621
828,689,1517,0.123577648162867
819,685,1504,0.12356642218972157
815,683,1498,0.12357613506954529
815,684,1499,0.12359769129479609
803,702,1505,0.12362017727460303
822,696,1518,0.12366850498137913
820,708,1528,0.1236697064745009
812,704,1516,0.1236770608732725
805,700,1505,0.12370235471809764
805,703,1508,0.12374491809546218
807,705,1512,0.12378501272765409
813,701,1514,0.12382001568208029
801,708,1509,0.12384190820227603
798,708,1506,0.12388894603394279
794,713,1507,0.12394148706167517
793,716,1509,0.12399775762176944
801,713,1514,0.12405255246198803
805,709,1514,0.12408298963947395
803,717,1520,0.12409987752508699
794,724,1518,0.12412114173917818
790,720,1510,0.12416047035741858
795,721,1516,0.12420607667855663
798,721,1519,0.12423819354582293
780,710,1490,0.12426203214670271
783,714,1497,0.12432628783024205
779,727,1506,0.12438079503652487
778,721,1499,0.12444014658876949
783,725,1508,0.12449947662198374
772,716,1488,0.12454480043509125
778,729,1507,0.12461363300507383
765,737,1502,0.12466413816098341
767,733,1500,0.1247409741756039
767,723,1490,0.12480914867970488
770,731,1501,0.12487182326547913
773,738,1511,0.1249226040596396
770,745,1515,0.12496393942569839
775,740,1515,0.125010222966132
765,748,1513,0.12504212217326208
762,754,1516,0.12509265421250226
764,756,1520,0.1251475182851563
760,750,1510,0.1251964854810167
763,750,1513,0.12525072295104736
763,753,1516,0.12529394512472045
762,753,1515,0.1253345787808878
768,755,1523,0.12537410093744492
770,763,1533,0.1253964944365107
762,762,1524,0.12541397087937023
755,762,1517,0.12545030368921656
749,768,1517,0.12550073074460324
737,768,1505,0.12556153765045025
743,772,1515,0.1256481859244475
746,773,1519,0.12571085352533043
739,770,1509,0.12576302752563415
741,766,1507,0.12582831729965463
733,761,1494,0.1258837101509144
737,764,1501,0.1259532530461331
732,763,1495,0.12600769134225448
737,767,1504,0.12607163677355346
735,760,1495,0.12611922700478828
736,761,1497,0.12616967256296702
736,766,1502,0.1262109425116626
726,769,1495,0.1262506176020514
730,776,1506,0.12631233976547052
740,783,1523,0.12636093580434113
732,782,1514,0.12638197117460317
733,786,1519,0.12642103091631782
726,787,1513,0.12645568368072613
736,785,1521,0.12650532644982396
727,790,1517,0.1265289439449164
727,784,1511,0.12657162522849696
720,778,1498,0.12661277250665554
710,786,1496,0.12666929896495197
714,793,1507,0.12674434457032543
720,792,1512,0.12680368480902987
705,800,1505,0.1268452785330859
704,807,1511,0.12691965069587904
707,801,1508,0.12699310745867873
708,804,1512,0.12705658906468703
704,812,1516,0.12711211591805838
706,819,1525,0.12717326632845732
714,806,1520,0.12722496256375243
715,807,1522,0.1272544975352778
707,807,1514,0.1272786838757154
709,817,1526,0.1273227670379653
710,807,1517,0.127359396475695
712,807,1519,0.12739233506253642
710,797,1507,0.12741502522452888
707,797,1504,0.1274398319075313
708,796,1504,0.12746996543480177
700,805,1505,0.12749618474698
700,802,1502,0.12753667390620196
708,804,1512,0.12757527773204005
704,803,1507,0.1275893602089451
706,797,1503,0.1276132663127135
705,796,1501,0.12762608757203137
701,808,1509,0.12764368915934074
705,812,1517,0.12767068058031053
708,807,1515,0.12768830919611682
704,808,1512,0.127696598777176
699,818,1517,0.12771519586048935
693,817,1510,0.12774326771497926
698,800,1498,0.12778105575559032
695,796,1491,0.1278041922557928
709,801,1510,0.12783159270321598
705,807,1512,0.12782549729479892
710,802,1512,0.12782901505059116
700,806,1506,0.1278228220912495
699,805,1504,0.1278410418610078
700,809,1509,0.1278587007766906
695,815,1510,0.12787142777412744
706,819,1525,0.12789439628642932
705,820,1525,0.1278913339549202
702,812,1514,0.12789200089048894
691,803,1494,0.12790282642329648
693,802,1495,0.1279378231277007
685,820,1505,0.12796685375717515
689,814,1503,0.12801232041559343
692,820,1512,0.12804586185133662
685,817,1502,0.12807243810323013
691,824,1515,0.12811177411467248
689,825,1514,0.12813330008548734
686,820,1506,0.12816023710942062
675,824,1499,0.12819103590765693
677,827,1504,0.12824550048800082
673,833,1506,0.1282930864075422
680,825,1505,0.1283440073579101
677,819,1496,0.12837177699892413
675,812,1487,0.12840634356055167
681,811,1492,0.12844425459314265
665,815,1480,0.1284664555241622
673,817,1490,0.12852432532608765
682,827,1509,0.1285584402198363
687,826,1513,0.12856755297567662
687,828,1515,0.12856543656548655
686,826,1512,0.12856051954244652
686,827,1513,0.12855892009839068
680,824,1504,0.1285572429586175
679,824,1503,0.12857109238305328
684,822,1506,0.12858653082635652
687,819,1506,0.12858712820391333
688,818,1506,0.12857949077842235
686,824,1510,0.12857171241738996
676,835,1511,0.12857120670223357
674,840,1514,0.12859432747217145
678,836,1514,0.12862307571417259
663,832,1495,0.12864375601173017
676,839,1515,0.12869710135987739
673,841,1514,0.12871705915399734
663,845,1508,0.12874139956696978
655,840,1495,0.12878844769681558
661,849,1510,0.12885146005405196
658,848,1506,0.1288958972329031
665,844,1509,0.12894401323453894
656,846,1502,0.12897290031193262
665,843,1508,0.12902073914779902
664,850,1514,0.12904248916955685
672,856,1528,0.12906715968480267
667,849,1516,0.12907073027194213
662,857,1519,0.1290848515531189
656,866,1522,0.12911136373902315
664,859,1523,0.12915107280488713
659,860,1519,0.129168942312604
656,861,1517,0.1291969453153656
657,863,1520,0.1292310331368035
663,861,1524,0.12926091968126283
654,867,1521,0.12927725612527385
646,858,1504,0.1293148948654126
654,852,1506,0.12936913695142496
657,850,1507,0.12940077328251898
654,852,1506,0.12942381883894066
647,861,1508,0.12944801790773486
636,852,1488,0.12948791833661988
638,850,1488,0.1295524837743806
640,867,1507,0.12960928595597143
640,881,1521,0.12965673537028521
643,876,1519,0.12970279307687332
646,871,1517,0.12973587872992373
644,865,1509,0.12975901308714832
645,865,1510,0.12978269880696375
642,862,1504,0.12980305892050198
645,872,1517,0.12982984704029765
649,858,1507,0.1298487111714091
647,871,1518,0.12985662267396259
642,882,1524,0.12986745615332046
648,878,1526,0.12989048118736815
642,875,1517,0.12990053472772234
635,877,1512,0.1299256065404367
634,885,1519,0.12996461430973597
636,884,1520,0.1300009491844672
638,892,1530,0.13003122729863423
628,885,1513,0.13005731559934197
614,890,1504,0.13010447302587352
612,893,1505,0.13018178662587185
610,888,1498,0.13025854873133186
607,890,1497,0.1303321410728156
611,889,1500,0.1304084887344088
608,890,1498,0.13046824899413056
616,889,1505,0.13053093087530038
618,899,1517,0.13057215473155556
617,900,1517,0.1306079044718389
617,900,1517,0.13064362318519188
613,895,1508,0.13067720854971235
614,894,1508,0.1307158721836982
621,894,1515,0.13074986450607554
619,900,1519,0.13076444459282632
615,907,1522,0.13078125659800183
606,901,1507,0.1308085747788807
607,899,1506,0.13085429897922907
604,907,1511,0.1308960819851827
598,904,1502,0.13094157391538555
594,912,1506,0.13099898425562734
595,909,1504,0.1310628561180322
591,915,1506,0.1311189941913573
595,904,1499,0.1311826027141858
591,896,1487,0.13123143151985228
591,892,1483,0.1312843513047328
588,903,1491,0.13133470242450815
598,908,1506,0.13138757283504326
595,922,1517,0.13141232742480347
600,924,1524,0.13144019055366374
601,905,1506,0.13145532721514464
593,900,1493,0.1314692850284091
589,901,1490,0.13149837965021213
592,903,1495,0.13153597252269342
594,904,1498,0.13156373559080317
596,905,1501,0.13158300234762474
598,907,1505,0.1315979664415059
592,908,1500,0.13160762174230858
600,918,1518,0.1316303773374469
595,919,1514,0.1316305586899977
593,927,1520,0.13164368681797473
585,927,1512,0.13165681099208182
580,934,1514,0.1316894681904222
581,934,1515,0.13173072021817495
580,931,1511,0.13176894983546777
584,942,1526,0.13180850267321575
583,941,1524,0.1318370897722719
582,933,1515,0.13186526670953097
574,941,1515,0.13189471423431454
574,933,1507,0.13194148012509288
569,924,1493,0.13198456859336244
567,930,1497,0.13203758169759428
573,918,1491,0.1320893199398072
569,927,1496,0.1321254819150744
570,915,1485,0.13216869876145113
562,917,1479,0.13220309409076414
560,920,1480,0.13225241739377683
562,930,1492,0.1323033078394797
555,929,1484,0.13234507319780264
567,931,1498,0.13240084938009222
571,940,1511,0.13242254689043673
574,927,1501,0.13243570390367634
574,916,1490,0.1324411098180647
568,936,1504,0.13244623667194316
564,941,1505,0.13246679588765514
556,932,1488,0.13249341523447003
561,941,1502,0.13253631128526633
552,949,1501,0.1325652585210561
561,948,1509,0.1326150865785827
560,947,1507,0.13264139430065255
551,947,1498,0.13266778926596076
553,958,1511,0.1327165573259227
541,962,1503,0.13275679249500888
541,969,1510,0.1328245115673953
551,964,1515,0.13288764433587866
550,960,1510,0.13292345173457926
548,963,1511,0.1329607581215841
549,957,1506,0.13299948877805776
545,956,1501,0.13303167871745467
533,962,1495,0.1330738756852371
532,966,1498,0.1331410449889311
530,976,1506,0.1332056385248926
527,983,1510,0.13326968052288055
535,970,1505,0.1333374217129862
534,971,1505,0.13338097183064487
538,975,1513,0.13342546349158108
531,979,1510,0.1334566009625209
524,978,1502,0.1335020402316522
518,978,1496,0.1335628145705496
516,985,1501,0.13363675374461784
514,986,1500,0.13371209890012006
523,993,1516,0.13378746313000434
516,998,1514,0.1338350105644712
517,1005,1522,0.13389311323451442
515,1008,1523,0.13394410218336794
513,1013,1526,0.13399799417430766
504,1007,1511,0.1340522658285616
507,1015,1522,0.13412310972504163
504,1011,1515,0.13418391739910074
500,1009,1509,0.1342480801725554
501,1008,1509,0.13431984418915413
497,1012,1509,0.1343832767003412
490,1023,1513,0.13445410957883616
491,1027,1518,0.13453682643229065
491,1026,1517,0.13461091043308318
491,1017,1508,0.13467910872554967
479,1020,1499,0.13474263124628455
485,1020,1505,0.1348301751761231
493,1019,1512,0.1348973903271286
494,1025,1519,0.13494051562620124
501,1023,1524,0.13497856092009022
490,1025,1515,0.13499572211610605
486,1034,1520,0.13504085560871693
486,1031,1517,0.13509191508311086
492,1021,1513,0.13513995448637098
486,1027,1513,0.13517121954319053
482,1033,1515,0.13521563180145857
484,1031,1515,0.13526763406048378
489,1020,1509,0.1353115782125956
483,1022,1505,0.1353399665265337
485,1028,1513,0.13538109940987858
481,1022,1503,0.13541544722487564
483,1026,1509,0.13545662935895195
481,1021,1502,0.13548775590969164
482,1018,1500,0.1355180322251003
482,1029,1511,0.13554263535293867
489,1041,1530,0.1355655396735896
485,1035,1520,0.13557255527792253
488,1029,1517,0.13558744156945812
485,1034,1519,0.1355951715928384
478,1035,1513,0.13561133698060923
467,1029,1496,0.13564558412366423
470,1031,1501,0.13570460312663668
473,1026,1499,0.1357499987725098
470,1043,1513,0.1357834613929243
473,1042,1515,0.1358224388052844
471,1044,1515,0.13585220822026145
467,1050,1517,0.1358870012489801
465,1045,1510,0.1359277033899486
460,1051,1511,0.1359700425604581
458,1060,1518,0.13602340202805552
457,1050,1507,0.13607891749225656
459,1049,1508,0.13613202286126624
458,1049,1507,0.13617937778702027
457,1052,1509,0.13622696441047485
452,1048,1500,0.13627034422955434
448,1058,1506,0.1363240352754425
451,1065,1516,0.1363846834855354
446,1068,1514,0.1364358162611813
445,1059,1504,0.13649372670961146
449,1051,1500,0.13654822039180303
449,1056,1505,0.13659072511082013
446,1068,1514,0.13663191047417977
445,1064,1509,0.13667736789192517
439,1055,1494,0.1367220580575457
439,1059,1498,0.1367770855787845
439,1074,1513,0.13682643975401743
439,1073,1512,0.13687189928589208
433,1079,1512,0.13691719549405007
429,1083,1512,0.13697510889817927
429,1063,1492,0.13703999830271157
433,1067,1500,0.13709928407427804
436,1077,1513,0.1371431534822424
427,1082,1509,0.13717564639709715
424,1086,1510,0.1372285724414803
427,1081,1508,0.13728748659908693
425,1081,1506,0.13733521520751737
425,1077,1502,0.13738625836589627
426,1080,1506,0.1374336200633999
429,1092,1521,0.1374733810458888
426,1091,1517,0.13750608652904373
426,1095,1521,0.13754374917987378
425,1099,1524,0.13757667569841087
432,1089,1521,0.13761243990749775
435,1086,1521,0.13762940780908584
436,1097,1533,0.137635232932863
437,1084,1521,0.1376377973464603
435,1090,1525,0.1376382686680102
436,1089,1525,0.13764427123405557
433,1097,1530,0.1376480954793711
430,1094,1524,0.13765996042046524
421,1103,1524,0.13767911420562828
414,1099,1513,0.13771909183175726
416,1096,1512,0.13777115570014575
421,1089,1510,0.13781504590179572
417,1101,1518,0.13784491144644367
421,1100,1521,0.13788138985150733
420,1093,1513,0.13790559978675992
416,1097,1513,0.13793044087215697
418,1097,1515,0.13796233348666512
416,1078,1494,0.1379862741081944
415,1096,1511,0.13801198549809293
419,1097,1516,0.13803870256692347
416,1087,1503,0.13805481621050464
415,1086,1501,0.13807685342724313
413,1093,1506,0.1381000704054947
402,1101,1503,0.13812860700924795
402,1106,1508,0.13818060612902822
405,1103,1508,0.13823095240618227
403,1102,1505,0.13826972602921522
402,1096,1498,0.1383118399469746
405,1090,1495,0.138351421988874
399,1092,1491,0.13837969845709
408,1098,1506,0.13842189710093558
408,1100,1508,0.13843703218445316
400,1115,1515,0.1384523893958157
393,1115,1508,0.13848652614195955
402,1123,1525,0.13853401852339334
396,1134,1530,0.1385590124609405
391,1126,1517,0.13859752535712547
393,1129,1522,0.13864631127504481
389,1118,1507,0.13868721232096234
392,1115,1507,0.13873500523132162
399,1115,1514,0.1387707940346599
401,1118,1519,0.13878816035337654
396,1113,1509,0.13879943615136736
391,1118,1509,0.1388236247664637
391,1118,1509,0.1388542682165462
389,1125,1514,0.13888209821156866
384,1129,1513,0.13891191036509223
388,1121,1509,0.13895382982174678
389,1120,1509,0.13898421196409672
379,1126,1505,0.13901220808167472
383,1120,1503,0.13906260767719592
381,1125,1506,0.13910108327407342
384,1124,1508,0.1391420988888656
382,1142,1524,0.1391730001193818
377,1142,1519,0.1392044902240376
369,1132,1501,0.13924770396509495
372,1140,1512,0.13930795756166647
371,1138,1509,0.13935675109765333
372,1132,1504,0.1394066092497601
371,1127,1498,0.1394477594983751
370,1124,1494,0.13948843199233205
369,1123,1492,0.13952708698985195
371,1131,1502,0.1395653902289381
367,1131,1498,0.13959848067233427
367,1129,1496,0.13964033806846823
363,1131,1494,0.13967974191699942
362,1132,1494,0.13972497184653881
364,1143,1507,0.13976811339748757
362,1133,1495,0.1398016807392149
353,1148,1501,0.13983799235624458
352,1144,1496,0.1398902956130119
354,1154,1508,0.13994314964885196
356,1165,1521,0.13998741606435938
357,1154,1511,0.14002667156126242
353,1145,1498,0.14006103127801608
359,1154,1513,0.14009977555009934
358,1163,1521,0.14012191487643577
355,1162,1517,0.14014594223674295
359,1157,1516,0.14017669537463773
360,1153,1513,0.14019432586745295
361,1137,1498,0.14020881054792028
368,1144,1512,0.14022005860117395
363,1144,1507,0.1402127405582968
365,1151,1516,0.14021627965780184
367,1145,1512,0.14021488508892843
371,1152,1523,0.1402112742136393
366,1140,1506,0.14019837874958604
366,1144,1510,0.14019633900994077
367,1148,1515,0.14019392763518487
370,1135,1505,0.14018941524132547
370,1144,1514,0.14017920996711278
366,1160,1526,0.14017196896572642
364,1160,1524,0.14017613627930187
364,1156,1520,0.14018396573283848
363,1152,1515,0.14018972930566823
364,1150,1514,0.14019643444033672
357,1161,1518,0.14019895478615355
349,1158,1507,0.14021555899090787
351,1155,1506,0.14025286798036402
358,1152,1510,0.14028462039081144
357,1155,1512,0.14029683441120747
357,1145,1502,0.14030976674130638
361,1144,1505,0.14032302040043557
364,1153,1517,0.14032669781294846
362,1158,1520,0.14032431546187552
360,1154,1514,0.1403256101312836
355,1159,1514,0.14033039938129416
347,1170,1517,0.140349326563877
350,1166,1516,0.14038500668315504
340,1165,1505,0.1404115535921686
350,1166,1516,0.14046076430636942
354,1162,1516,0.1404804529363431
348,1156,1504,0.14049044503057392
357,1152,1509,0.14051602382035813
359,1165,1524,0.14051628682013853
362,1156,1518,0.1405103572742269
361,1150,1511,0.14049669275028337
356,1142,1498,0.1404866279464337
359,1142,1501,0.14049004742379712
362,1141,1503,0.1404865922804561
355,1155,1510,0.14047695931780443
347,1153,1500,0.140484751095504
349,1150,1499,0.14051157006252823
347,1152,1499,0.1405318567694583
349,1161,1510,0.14055483642326616
347,1148,1495,0.14057337506989487
341,1146,1487,0.14059331515064677
338,1161,1499,0.140627050332249
333,1159,1492,0.14066757897791113
335,1157,1492,0.14071780414968227
323,1168,1491,0.1407590686871153
332,1178,1510,0.1408260648242645
333,1187,1520,0.1408639887266478
331,1191,1522,0.14089701034726063
335,1185,1520,0.1409335874229815
337,1181,1518,0.1409575320130071
338,1183,1521,0.14097580219428957
337,1178,1515,0.1409917654286488
342,1167,1509,0.14100812166540388
337,1176,1513,0.1410103996937416
338,1178,1516,0.14102521767005916
337,1172,1509,0.14103470001679577
335,1175,1510,0.14104448024140426
332,1169,1501,0.1410606154553237
335,1162,1497,0.14108324796942215
339,1158,1497,0.14109517208870423
340,1165,1505,0.1410958414548226
345,1172,1517,0.14109426375362635
341,1177,1518,0.14108229228730834
341,1183,1524,0.14108167928091053
336,1194,1530,0.14108343470070941
335,1183,1518,0.14109726343413487
330,1177,1507,0.14111265926343566
329,1175,1504,0.14113994168026583
324,1181,1505,0.1411687731981231
323,1188,1511,0.14120557963051802
315,1188,1503,0.14124262951703198
320,1185,1505,0.1412966320107804
327,1181,1508,0.14133508365893838
322,1184,1506,0.14135300120205294
321,1194,1515,0.14138381452442098
325,1196,1521,0.14141511355150257
313,1193,1506,0.1414332273749755
313,1195,1508,0.141480622396933
316,1190,1506,0.141525573961595
311,1190,1501,0.14156233109113817
311,1199,1510,0.1416064766481699
310,1190,1500,0.1416473160070045
311,1198,1509,0.1416891484188523
310,1202,1512,0.141725280128966
311,1202,1513,0.141761881735958
313,1197,1510,0.14179483080865476
311,1210,1521,0.14182009715353341
312,1199,1511,0.14184991670890842
305,1194,1499,0.14187622193695923
306,1198,1504,0.14191794933168395
309,1202,1511,0.14195286582760736
307,1201,1508,0.14197734778229584
306,1204,1510,0.142005742425623
302,1210,1512,0.14203481430160098
293,1211,1504,0.14207264222152385
295,1215,1510,0.14212897423472554
297,1210,1507,0.14217484135572472
301,1206,1507,0.14221273141896404
299,1207,1506,0.14223918265594598
298,1212,1510,0.14226743981623813
295,1216,1511,0.14229571110263856
297,1222,1519,0.14232932081992566
295,1226,1521,0.14235600201513193
292,1233,1525,0.14238707709992665
288,1227,1515,0.14242230445278561
290,1212,1502,0.14246634019164553
290,1216,1506,0.1425027633851622
289,1226,1515,0.14253744751858105
283,1231,1514,0.1425723767727303
278,1233,1511,0.14261972824637245
281,1247,1528,0.14267581135407328
270,1244,1514,0.14271968904627905
271,1244,1515,0.142786753853703
270,1247,1517,0.14284593806048254
265,1250,1515,0.1429059182226445
268,1248,1516,0.1429711336851628
267,1256,1523,0.14302473516224645
269,1250,1519,0.14307778424068496
266,1244,1510,0.1431229458508969
257,1240,1497,0.14317389463515656
251,1240,1491,0.14324349859857663
251,1244,1495,0.14332440638275318
249,1243,1492,0.14339721380885467
259,1248,1507,0.1434707965030583
256,1261,1517,0.1435158662563469
257,1255,1512,0.14356286415267583
254,1250,1504,0.1436051515300463
251,1257,1508,0.14365311958989818
250,1263,1513,0.14370511320913837
251,1265,1516,0.14375586143020866
251,1258,1509,0.14379943241698037
247,1263,1510,0.14384132887780277
249,1266,1515,0.1438901540771392
254,1265,1519,0.14393203183318534
251,1260,1511,0.14395770957154638
247,1255,1502,0.1439891791169624
244,1265,1509,0.14402824306158585
243,1264,1507,0.14407336556957662
240,1256,1496,0.14411864383274048
241,1250,1491,0.14416909669176084
237,1262,1499,0.14421243877069975
238,1263,1501,0.14426236057409997
245,1268,1513,0.14430657312459366
246,1269,1515,0.1443278405929251
244,1271,1515,0.1443446215455355
248,1270,1518,0.144367833665256
245,1270,1515,0.1443788440033507
247,1265,1512,0.14439595594225396
239,1272,1511,0.14440771550124942
236,1266,1502,0.14443762402992125
240,1272,1512,0.14447333066450138
238,1281,1519,0.1444975964176964
234,1284,1518,0.14452572913971967
239,1287,1526,0.14456147509974637
241,1288,1529,0.14458309985386947
237,1289,1526,0.14459869484037965
232,1289,1521,0.14462219110158436
232,1301,1533,0.14465490225853414
232,1294,1526,0.14468650991227042
231,1286,1517,0.1447162357839652
226,1285,1511,0.14474699086652848
225,1289,1514,0.14478690773848643
222,1294,1516,0.1448257046094892
226,1290,1516,0.14487008501172718
228,1285,1513,0.1448998903973202
227,1287,1514,0.1449239466308253
225,1284,1509,0.14494885477197816
220,1289,1509,0.1449775244258874
222,1282,1504,0.14501690768377887
225,1278,1503,0.14504814826567172
224,1293,1517,0.14506917255141746
226,1302,1528,0.14509260848758557
227,1306,1533,0.1451076135458723
222,1307,1529,0.14512080010430778
217,1304,1521,0.14514519391048772
221,1303,1524,0.14518069476206208
220,1303,1523,0.1452023410625367
220,1302,1522,0.1452255943113777
220,1315,1535,0.1452468515028338
219,1309,1528,0.1452690864703606
215,1299,1514,0.1452924430088763
217,1296,1513,0.14532605692967504
220,1300,1520,0.14535300808328383
218,1296,1514,0.14537063158021257
213,1287,1500,0.14539155438103601
210,1279,1489,0.14542359903233582
208,1298,1506,0.14546175775634917
208,1297,1505,0.1455018639343154
204,1303,1507,0.14554055689304782
204,1306,1510,0.1455862084739648
205,1318,1523,0.14562968499501566
202,1310,1512,0.14566776312902832
198,1319,1517,0.14571063963831604
197,1321,1518,0.14575888261559575
197,1315,1512,0.1458063633719176
195,1322,1517,0.1458509481722626
195,1319,1514,0.14589869651360574
193,1318,1511,0.1459443821941686
188,1320,1508,0.14599160297661018
190,1333,1523,0.14604650122402302
188,1335,1523,0.14609184605802988
185,1331,1516,0.14613822715590963
186,1319,1505,0.14618909118097334
191,1323,1514,0.1462350556818702
192,1314,1506,0.1462653384360387
191,1305,1496,0.14629069789397176
194,1302,1496,0.14631434290276005
201,1308,1509,0.14633030746172856
201,1315,1516,0.14632658637809037
198,1309,1507,0.14632410529553216
201,1299,1500,0.14632771779872164
199,1303,1502,0.14632395481655694
199,1325,1524,0.14632610740433444
198,1328,1526,0.14632758494088477
202,1316,1518,0.14633067844546876
201,1316,1517,0.14632542069391788
199,1315,1514,0.14632325262903484
199,1303,1502,0.1463268722228487
201,1311,1512,0.14633019452541451
199,1310,1509,0.14632766513947712
195,1310,1505,0.14632981660522879
195,1310,1505,0.1463421753970039
195,1305,1500,0.14635240327080404
192,1303,1495,0.14636287835973455
192,1316,1508,0.14638200860802253
194,1319,1513,0.14639875368107105
187,1328,1515,0.1464091022038156
193,1326,1519,0.14643550318525372
192,1322,1514,0.14644576215664043
191,1323,1514,0.1464588127222506
191,1311,1502,0.146472663769703
193,1310,1503,0.1464845124084837
187,1317,1504,0.14649047884868352
187,1322,1509,0.14651203136073662
187,1325,1512,0.14653151231254619
186,1324,1510,0.14654967003702724
195,1326,1521,0.146568321554811
191,1335,1526,0.14656294335114758
191,1329,1520,0.14657004982266092
189,1328,1517,0.14657654690356092
192,1332,1524,0.14658752729027225
194,1328,1522,0.1465902991404561
193,1332,1525,0.14658947721821328
193,1323,1516,0.14659226353247598
190,1327,1517,0.14659533762324906
188,1342,1530,0.14660676350905774
189,1329,1518,0.14662304653991476
183,1329,1512,0.14663472715068174
185,1330,1515,0.14666094920473366
182,1327,1509,0.14668051606010338
184,1331,1515,0.14670589169811968
185,1335,1520,0.14672449606344565
184,1340,1524,0.14674008941417294
178,1327,1505,0.1467572151680698
178,1334,1512,0.14678824815116517
177,1333,1510,0.14681728324844653
178,1346,1524,0.14684795873364645
173,1345,1518,0.14687462635352788
175,1352,1527,0.1469126219836452
173,1354,1527,0.14694331272707006
169,1346,1515,0.14697761876197812
165,1344,1509,0.14701996064288742
165,1343,1508,0.14706847206386545
168,1351,1519,0.1471139399652274
166,1358,1524,0.1471472577034049
164,1351,1515,0.1471832828836845
163,1360,1523,0.14722239427850053
160,1365,1525,0.1472608110329349
158,1373,1531,0.1473041612990301
156,1367,1523,0.14735038647993565
158,1373,1531,0.14739724499511506
160,1377,1537,0.14743500567406775
160,1364,1524,0.1474655986582183
160,1365,1525,0.14749469484466912
159,1356,1515,0.14752151395844498
160,1359,1519,0.14754727287084887
163,1361,1524,0.14756894467820533
160,1350,1510,0.14758152493385335
159,1340,1499,0.14759969422432906
160,1350,1510,0.1476200322205834
161,1348,1509,0.1476358847143625
159,1359,1518,0.14764845928347253
156,1379,1535,0.1476648170072762
153,1372,1525,0.1476884797877361
151,1370,1521,0.14771792133630515
151,1371,1522,0.14775009964261498
154,1365,1519,0.14778150175249175
155,1355,1510,0.14780280492699144
157,1355,1512,0.1478204536833884
157,1361,1518,0.1478305028878548
152,1354,1506,0.1478376644934344
151,1376,1527,0.14785764031376877
144,1371,1515,0.14787939296275368
150,1375,1525,0.14791789969245087
150,1365,1515,0.14793744225870306
148,1371,1519,0.14795519804336466
146,1376,1522,0.14797809882356666
147,1385,1532,0.14800381781372593
150,1375,1525,0.1480271310588667
151,1382,1533,0.14804155587637338
151,1379,1530,0.1480520651746173
154,1375,1529,0.14806286948820593
152,1376,1528,0.1480643724277037
151,1387,1538,0.14807220269937324
152,1368,1520,0.14808002884618596
154,1354,1508,0.14808516148964596
155,1367,1522,0.14808450581375485
152,1372,1524,0.14808112368014023
151,1369,1520,0.14808628275827884
146,1373,1519,0.148093539624744
148,1359,1507,0.1481127719878666
151,1365,1516,0.14812720408289626
147,1352,1499,0.14813391586511604
146,1352,1498,0.14815069084301438
143,1365,1508,0.1481689563973899
147,1365,1512,0.14819144061429412
147,1365,1512,0.14819983540533171
150,1358,1508,0.14820762116715627
153,1364,1517,0.14820480492511529
153,1354,1507,0.14819514454924787
149,1354,1503,0.14818675747917387
150,1350,1500,0.14818990591387243
146,1351,1497,0.14818984610227173
145,1358,1503,0.14819958401679426
141,1363,1504,0.14821099019681097
143,1364,1507,0.14823313908239857
146,1378,1524,0.1482489588531298
141,1375,1516,0.14825669920737902
144,1378,1522,0.14827600261805235
142,1377,1519,0.1482872964363012
141,1377,1518,0.14830431985259096
142,1376,1518,0.1483226750564329
140,1361,1501,0.1483368054170066
141,1367,1508,0.14835508203040357
140,1369,1509,0.14837024327490284
140,1376,1516,0.14838716524772586
140,1378,1518,0.1484044005877557
140,1368,1508,0.1484205781600285
140,1366,1506,0.14843574594574835
139,1374,1513,0.1484505934763584
135,1370,1505,0.1484662698879119
134,1370,1504,0.14849112490526947
136,1369,1505,0.14851706383743524
136,1373,1509,0.14853415699537878
134,1383,1517,0.14855168286278228
135,1389,1524,0.1485732115538233
131,1400,1531,0.1485901666527889
130,1394,1524,0.14861634349665526
130,1400,1530,0.14864437311747727
127,1387,1514,0.14867099263420175
123,1385,1508,0.14870425389214342
121,1388,1509,0.14874555588016672
126,1387,1513,0.14878861523750964
130,1390,1520,0.1488152827758135
128,1390,1518,0.1488293951217211
129,1386,1515,0.14884812108906081
126,1394,1520,0.14886354056236215
129,1395,1524,0.14888521560467677
130,1384,1514,0.14889789461040304
132,1383,1515,0.14890708035833175
130,1396,1526,0.14891064108792026
130,1383,1513,0.14891867627435254
128,1390,1518,0.14892549838670108
124,1397,1521,0.1489380492652217
122,1393,1515,0.1489603695904008
122,1399,1521,0.14898634066372682
121,1401,1522,0.1490108379367131
120,1406,1526,0.149034872576967
121,1399,1520,0.14906032010854947
120,1405,1525,0.14908156008902626
119,1391,1510,0.1491035980679695
119,1401,1520,0.1491271926601617
118,1402,1520,0.14914994632256606
119,1388,1507,0.14917344338327237
119,1391,1510,0.1491930772112955
118,1394,1512,0.14921148305523294
117,1391,1508,0.14923055838410126
119,1394,1513,0.14925177804238662
119,1385,1504,0.1492661911920885
117,1390,1507,0.14928031424960922
121,1380,1501,0.14929791238647916
123,1383,1506,0.1493027320349248
123,1395,1518,0.149300603459335
123,1395,1518,0.1492976782208376
124,1392,1516,0.14929642907538876
121,1403,1524,0.14929361860234774
118,1407,1525,0.14929703969647354
119,1400,1519,0.14930736309701031
119,1387,1506,0.1493161155141347
119,1399,1518,0.1493247608592522
121,1397,1518,0.1493321156830304
122,1404,1526,0.1493332205506582
122,1396,1518,0.14933275467635243
127,1369,1496,0.1493329257266708
128,1376,1504,0.14931712701384592
127,1384,1511,0.14929800034027585
125,1382,1507,0.14928505044396673
128,1390,1518,0.14927938992533354
126,1385,1511,0.1492662553038733
126,1380,1506,0.1492592306860305
131,1383,1514,0.1492529133019179
127,1387,1514,0.14923453016336674
125,1368,1493,0.14922866587697844
127,1390,1517,0.14922984892052055
127,1387,1514,0.14922428333822374
129,1384,1513,0.14921927934583368
130,1382,1512,0.14920707408341982
129,1395,1524,0.14919491070688662
129,1401,1530,0.14918595176664137
125,1390,1515,0.1491783728464608
120,1396,1516,0.1491812042905334
125,1376,1501,0.14919618658200767
126,1386,1512,0.14919588274807738
125,1391,1516,0.14919495778225722
125,1392,1517,0.14919686464149837
127,1394,1521,0.14919901925429263
122,1398,1520,0.14919504215709883
120,1400,1520,0.14920532048320548
118,1399,1517,0.14921903872561304
119,1399,1518,0.14923775495905073
116,1391,1507,0.14925369892269305
120,1380,1500,0.14927581406821136
117,1391,1508,0.14928640842698498
118,1385,1503,0.1493041589720689
116,1391,1507,0.14931786739173958
113,1388,1501,0.14933553323058885
114,1386,1500,0.1493601377098295
110,1386,1496,0.14938010370979501
110,1392,1502,0.14940947080937456
112,1397,1509,0.14943720858878115
113,1401,1514,0.1494576362092644
115,1414,1529,0.14947413875374338
115,1417,1532,0.14948496774569242
117,1414,1531,0.14949518590307995
116,1405,1521,0.14949910752222753
117,1405,1522,0.1495057934427386
116,1407,1523,0.14950790260248994
118,1407,1525,0.14951387501127378
116,1395,1511,0.14951495535594245
116,1405,1521,0.14951993716377945
114,1411,1525,0.1495246768847302
117,1405,1522,0.14953413747071312
117,1399,1516,0.14953532543590942
119,1392,1511,0.14953679646064558
120,1403,1523,0.14953321702943462
118,1415,1533,0.14952908364291087
113,1413,1526,0.1495299096504484
110,1408,1518,0.14954352073890106
112,1412,1524,0.1495641724049171
110,1406,1516,0.14957921544936234
109,1399,1508,0.14959766701862376
113,1403,1516,0.14961730025694717
112,1408,1520,0.149626090718616
111,1402,1513,0.14963582216064114
111,1400,1511,0.14964810303299997
113,1399,1512,0.14966005555424602
110,1399,1509,0.14966567384025417
111,1396,1507,0.14967769768383882
113,1412,1525,0.14968581502356276
112,1408,1520,0.14968870978574456
111,1411,1522,0.14969389852734777
110,1406,1516,0.14970191738892527
109,1404,1513,0.14971163660078243
108,1406,1514,0.14972337456714307
109,1406,1515,0.14973614386202563
109,1412,1521,0.14974578936988642
108,1423,1531,0.14975518865670648
106,1414,1520,0.1497670245465812
102,1411,1513,0.14978343440816977
104,1412,1516,0.1498083710564084
103,1416,1519,0.14982489645584152
106,1419,1525,0.14984315146443059
106,1412,1518,0.14985168349249997
104,1414,1518,0.14985901451683317
99,1417,1516,0.14986970817496312
99,1423,1522,0.14989083773961465
96,1429,1525,0.1499116280315616
92,1428,1520,0.14993903149200288
91,1430,1521,0.14997490304723743
89,1433,1522,0.1500096881737148
91,1422,1513,0.15004707593526923
89,1435,1524,0.15007756370967631
88,1434,1522,0.1501113420144802
88,1448,1536,0.15014519347805366
92,1441,1533,0.15017775348027226
92,1431,1523,0.15019748454648915
91,1422,1513,0.1502142630598313
91,1421,1512,0.15023304860066994
89,1428,1517,0.150251982775625
90,1434,1524,0.15027475652705996
90,1422,1512,0.15029216264643327
86,1425,1511,0.15030936958382798
85,1421,1506,0.15033623716566347
86,1428,1514,0.15036448341175532
86,1431,1517,0.15038749261244125
84,1435,1519,0.15040987286357027
80,1435,1515,0.15043618857253724
78,1430,1508,0.15047141142049672
80,1426,1506,0.15050855225082194
80,1430,1510,0.15053776349536502
82,1424,1506,0.15056396402535926
79,1433,1512,0.15058260113120622
79,1431,1510,0.15060792684751445
75,1436,1511,0.1506313442725051
75,1438,1513,0.15066431437304634
74,1429,1503,0.15069470797966186
73,1427,1500,0.15072681281369368
71,1434,1505,0.150759187982416
69,1429,1498,0.1507943397336739
70,1437,1507,0.1508326618572829
68,1430,1498,0.15086612954600281
65,1451,1516,0.15090290358051814
66,1449,1515,0.15094489234926786
66,1436,1502,0.15098205045600593
67,1441,1508,0.1510173735631805
68,1441,1509,0.15104651995453097
65,1452,1517,0.1510715093599493
65,1444,1509,0.1511026332648138
64,1445,1509,0.15113169256570932
63,1445,1508,0.15116192760049074
64,1442,1506,0.15119317508615676
66,1450,1516,0.15121875217096614
68,1447,1515,0.15123652462012901
65,1444,1509,0.15124832186913623
67,1445,1512,0.15126720988168943
65,1441,1506,0.15128018587626635
65,1436,1501,0.15129769952013766
68,1453,1521,0.1513140527983813
66,1453,1519,0.1513221622077291
67,1464,1531,0.15133480613031494
66,1454,1520,0.15134419760977258
66,1446,1512,0.15135490523937795
66,1447,1513,0.15136565275347968
62,1437,1499,0.15137529921780982
66,1451,1517,0.151394370844595
67,1458,1525,0.15140094234837748
66,1453,1519,0.15140475949114834
64,1441,1505,0.15141167780366344
63,1462,1525,0.1514232793802462
62,1453,1515,0.15143555520921814
63,1451,1514,0.1514501561739508
61,1458,1519,0.1514604531121945
59,1444,1503,0.1514745046029022
61,1434,1495,0.15149266061077815
59,1442,1501,0.15150452571125855
55,1449,1504,0.15152100438273114
55,1469,1524,0.15154637105577343
54,1465,1519,0.15157072790508008
56,1463,1519,0.1515965210288253
53,1459,1512,0.15161483252681862
55,1476,1531,0.1516392172593639
56,1467,1523,0.15165674550405814
57,1469,1526,0.15167071037998162
59,1454,1513,0.1516799264997325
59,1448,1507,0.15168295214960376
56,1439,1495,0.1516864350314011
57,1434,1491,0.15169875821544448
57,1436,1493,0.1517077560662575
57,1431,1488,0.1517169060209129
55,1454,1509,0.15172480417334294
55,1448,1503,0.1517380158265397
53,1453,1506,0.15174986015578984
58,1451,1509,0.15176636640838415
55,1454,1509,0.1517680566437159
54,1452,1506,0.15177793793707345
58,1464,1522,0.15178947197674347
59,1458,1517,0.15178889736181106
57,1460,1517,0.15178571421003745
55,1467,1522,0.15178943153291352
53,1467,1520,0.15179820209038883
53,1455,1508,0.15181238004239778
50,1458,1508,0.15182546960321283
54,1457,1511,0.1518456116570917
53,1468,1521,0.15185372421775717
54,1467,1521,0.15186422176643494
53,1479,1532,0.15187174142683207
53,1476,1529,0.15188141421166979
54,1467,1521,0.15189103422813965
55,1468,1523,0.15189730283312336
54,1475,1529,0.15190111748436563
54,1470,1524,0.15190736807316577
52,1459,1511,0.15191366937740344
53,1447,1500,0.1519241382668281
53,1460,1513,0.15193138312365564
53,1468,1521,0.15193817802871085
51,1461,1512,0.15194500801569297
50,1460,1510,0.15195645506802558
54,1474,1528,0.15196905835521882
55,1467,1522,0.15196994654629573
55,1467,1522,0.15196643589054726
57,1457,1514,0.15196362421203954
58,1450,1508,0.15195510973277407
62,1461,1523,0.15194439922451758
61,1451,1512,0.15192251938922507
61,1456,1517,0.1519049237062296
57,1451,1508,0.15188957588691904
56,1455,1511,0.15188556581485474
57,1458,1515,0.1518848642307919
57,1459,1516,0.15188178848925937
59,1459,1518,0.1518799064791076
60,1443,1503,0.1518722566371374
59,1463,1522,0.15186328018126424
58,1459,1517,0.1518578386433487
59,1460,1519,0.15185557689519344
59,1460,1519,0.1518510739592756
62,1469,1531,0.1518468743044866
63,1462,1525,0.15183410052617932
64,1453,1517,0.15181966967086505
63,1462,1525,0.1518037109856055
62,1454,1516,0.1517918988818619
61,1454,1515,0.1517841729742756
62,1451,1513,0.15177984935096533
63,1462,1525,0.15177312302372453
64,1453,1517,0.15176412800324304
63,1456,1519,0.1517532344386734
59,1444,1503,0.1517460473237233
56,1435,1491,0.15174904078869292
60,1447,1507,0.15175791966039343
61,1461,1522,0.15175538300736174
63,1454,1517,0.15175050598705742
65,1458,1523,0.15174181084075125
66,1442,1508,0.15172737090367708
65,1441,1506,0.15171139943023385
69,1443,1512,0.15169886494505988
71,1442,1513,0.15167604996206843
70,1455,1525,0.15164938005092363
71,1452,1523,0.15162733100870526
68,1443,1511,0.15160544052750483
69,1444,1513,0.15159311781312204
70,1450,1520,0.15157975517543787
70,1454,1524,0.15156530826397238
68,1451,1519,0.15155026402659136
70,1454,1524,0.15154134420002213
70,1448,1518,0.1515288967052065
69,1446,1515,0.1515168995854136
68,1449,1517,0.1515067737502231
68,1455,1523,0.15150014813938897
64,1451,1515,0.151494105220972
63,1450,1513,0.1514991699241595
63,1454,1517,0.15150620902927575
68,1452,1520,0.15151348141368912
68,1449,1517,0.15150443625660312
69,1448,1517,0.15149642685184822
69,1460,1529,0.1514870026416459
65,1443,1508,0.15147854905236582
67,1448,1515,0.15147990090909316
67,1454,1521,0.15147655503861704
67,1462,1529,0.15147203207436596
67,1451,1518,0.1514670041334106
61,1463,1524,0.15146389272281188
61,1457,1518,0.15147675244645162
63,1453,1516,0.15148958774679597
62,1444,1506,0.15149570063782364
62,1442,1504,0.15150487934800733
62,1456,1518,0.15151348498605155
62,1438,1500,0.15152195570798746
62,1442,1504,0.1515299814479698
64,1446,1510,0.15153735891524397
64,1454,1518,0.15153897772965202
65,1448,1513,0.1515413564475532
65,1446,1511,0.15154139921938095
63,1453,1516,0.15154215861526224
64,1453,1517,0.15154698281563783
64,1442,1506,0.1515491270481204
62,1453,1515,0.15155012385498684
58,1453,1511,0.1515565663887587
60,1449,1509,0.1515725224940333
57,1452,1509,0.15158224759015224
56,1453,1509,0.15159968424648596
56,1463,1519,0.15161896557824378
56,1472,1528,0.15163608634735287
54,1475,1529,0.1516531739872268
54,1457,1511,0.15167454849099268
55,1465,1520,0.15169502147787278
53,1458,1511,0.15171198750085557
55,1453,1508,0.15173286436315128
55,1449,1504,0.15174719023982727
56,1458,1514,0.15176061295980425
57,1464,1521,0.15177086535522538
57,1467,1524,0.15177787572598703
56,1457,1513,0.15178423183518844
56,1445,1501,0.15179307396552796
54,1452,1506,0.1518018153525976
53,1434,1487,0.15181503043248373
50,1456,1506,0.15182933095316517
50,1449,1499,0.15185068289501058
52,1445,1497,0.15187071072072358
51,1465,1516,0.15188352451652348
51,1450,1501,0.15189760691107826
53,1454,1507,0.15191036462226326
52,1455,1507,0.15191656724410849
52,1461,1513,0.15192533480130369
52,1452,1504,0.15193413325460528
52,1461,1513,0.15194288472704137
53,1463,1516,0.151950570173977
54,1459,1513,0.1519544412658133
52,1453,1505,0.15195456954793785
51,1459,1510,0.15196019018111678
51,1463,1514,0.15196662308598544
47,1465,1512,0.1519724226459394
48,1462,1510,0.15198855292093513
49,1479,1528,0.15200118740776083
48,1480,1528,0.15201046513511698
49,1466,1515,0.15202243236174295
48,1459,1507,0.15203108512491237
48,1472,1520,0.1520414661190764
46,1473,1519,0.1520509136010881
47,1471,1518,0.15206442676765708
46,1476,1522,0.1520748762528811
45,1472,1517,0.15208759828450805
43,1463,1506,0.15210292234155354
42,1471,1513,0.15212170381427192
43,1461,1504,0.15214215988780982
42,1470,1512,0.15215855513932727
42,1467,1509,0.15217657559287706
42,1466,1508,0.15219315865920957
45,1474,1519,0.152207540842308
45,1464,1509,0.15221261200454045
41,1489,1530,0.1522180625903985
41,1484,1525,0.15223386242948725
40,1483,1523,0.15224764500641022
41,1486,1527,0.15226291539078796
39,1474,1513,0.15227405272734054
39,1484,1523,0.15228986679373036
39,1485,1524,0.15230532708380268
38,1484,1522,0.15231942214574495
39,1487,1526,0.15233474007379372
40,1488,1528,0.1523465181005112
39,1472,1511,0.1523550970459748
42,1472,1514,0.1523663177498477
43,1466,1509,0.15236836488051111
44,1456,1500,0.15236780673692735
43,1458,1501,0.15236479344269058
44,1484,1528,0.15236547884575952
43,1479,1522,0.15236396393316576
43,1473,1516,0.15236547683293744
43,1470,1513,0.15236701431560162
45,1472,1517,0.15236816275506687
44,1461,1505,0.15236322418099385
44,1475,1519,0.15236155913005967
44,1460,1504,0.15236070911690378
45,1462,1507,0.15236048002038963
45,1456,1501,0.1523582296676272
45,1464,1509,0.152355740041098
43,1468,1511,0.15235313521228103
43,1461,1504,0.15235621169057947
43,1465,1508,0.152356916841556
44,1463,1507,0.15235801475712626
42,1464,1506,0.1523568597947902
43,1460,1503,0.15236123298185728
42,1470,1512,0.1523612027303501
39,1469,1508,0.15236356840073306
37,1472,1509,0.15237295715924104
38,1456,1494,0.15238657140997994
39,1466,1505,0.15239744797510707
38,1458,1496,0.1524042863352031
37,1464,1501,0.1524137999881754
39,1462,1501,0.152425681461893
40,1480,1520,0.15243138100006567
39,1484,1523,0.1524334844349225
40,1474,1514,0.15243851808620432
39,1481,1520,0.15244076254276004
39,1480,1519,0.152446280208687
40,1477,1517,0.1524523841531004
40,1485,1525,0.15245540576891084
40,1479,1519,0.15245795852947397
37,1492,1529,0.1524608953673048
36,1490,1526,0.15247094234255054
34,1491,1525,0.15248318194560262
35,1485,1520,0.1524999557011716
36,1498,1534,0.15251286507106507
36,1488,1524,0.15252287115136742
36,1490,1526,0.15253252162592398
36,1492,1528,0.1525419643080596
38,1480,1518,0.15255116542301414
38,1481,1519,0.15255379745928468
37,1480,1517,0.1525564469574891
36,1481,1517,0.15256086997799848
36,1487,1523,0.15256791354311272
34,1478,1512,0.15257495740921245
34,1481,1515,0.15258672795797168
31,1481,1512,0.1525973536455659
30,1480,1510,0.1526142074457961
31,1483,1514,0.15263284375677152
30,1483,1513,0.15264824766943375
31,1491,1522,0.15266542848133394
30,1485,1515,0.15267864950219268
32,1496,1528,0.15269409697323394
32,1489,1521,0.15270264364661365
33,1489,1522,0.15271108213209214
34,1487,1521,0.15271630456518057
34,1496,1530,0.15271867235645206
32,1499,1531,0.15272132906233327
29,1493,1522,0.15272909974099158
30,1478,1508,0.15274400839950536
31,1482,1513,0.1527550159812014
30,1491,1521,0.15276320260033677
29,1493,1522,0.15277353696310136
29,1506,1535,0.15278516067509368
29,1501,1530,0.15279636125732596
29,1489,1518,0.15280712516598302
28,1491,1519,0.15281744493619065
26,1481,1507,0.1528297438948493
26,1489,1515,0.1528461110901694
26,1483,1509,0.15286032738146588
26,1472,1498,0.15287396597155517
26,1481,1507,0.15288702206411764
25,1472,1497,0.1528994964831475
26,1480,1506,0.15291371368779058
25,1486,1511,0.15292360469316282
24,1484,1508,0.15293561917689089
24,1504,1528,0.15294960867876178
24,1502,1526,0.15296217667049347
26,1500,1526,0.15297428916240122
26,1495,1521,0.15297963380041496
28,1492,1520,0.1529850927736178
26,1483,1509,0.15298360805398756
27,1485,1512,0.152987997073261
26,1477,1503,0.15298909617438552
27,1489,1516,0.1529931230559536
26,1492,1518,0.15299438451921937
27,1494,1521,0.152998773091415
27,1480,1507,0.15300010981314272
28,1462,1490,0.15300108832477208
27,1478,1505,0.15300009601944098
27,1482,1509,0.15300200392136912
29,1481,1510,0.1530042034955449
29,1479,1508,0.15300026634979463
29,1466,1495,0.1529957616972174
27,1481,1508,0.15299214830818067
27,1482,1509,0.15299408685934454
28,1489,1517,0.1529963694344622
29,1495,1524,0.15299609395784175
29,1501,1530,0.15299314774790157
28,1503,1531,0.15298923181108556
26,1500,1526,0.15298845699601352
27,1502,1529,0.15299355856829497
25,1495,1520,0.15299633877299235
24,1506,1530,0.15300411360532828
25,1504,1529,0.15301426103109242
25,1508,1533,0.15302083354566584
25,1497,1522,0.1530264417345503
25,1494,1519,0.15303205910449924
25,1491,1516,0.15303763849645166
24,1498,1522,0.1530431417276154
25,1487,1512,0.15305093138904874
25,1496,1521,0.1530557852479656
25,1504,1529,0.15305993220855021
25,1493,1518,0.15306411073007734
24,1502,1526,0.1530682835436501
24,1500,1524,0.15307476804961795
23,1493,1516,0.15308104623826932
22,1488,1510,0.15308944305875932
21,1480,1501,0.15309893038546077
21,1474,1495,0.15311039894988876
20,1468,1488,0.1531213671292816
20,1474,1494,0.15313426576415973
19,1476,1495,0.15314652931401557
21,1498,1519,0.15315980240908048
20,1510,1530,0.15316723178597377
21,1503,1524,0.15317680139018822
22,1505,1527,0.15318279450709824
21,1495,1516,0.1531859386347824
22,1502,1524,0.15319160271355992
24,1482,1506,0.15319470676303826
23,1481,1504,0.1531915584246944
22,1472,1494,0.1531914636184067
23,1485,1508,0.1531940682398155
22,1483,1505,0.15319367972455075
21,1477,1498,0.15319608903090032
18,1487,1505,0.15320105832834355
19,1479,1498,0.15321321637811333
19,1496,1515,0.1532218147954717
19,1498,1517,0.1532292758742304
19,1500,1519,0.1532357557970545
19,1503,1522,0.15324160859765668
19,1498,1517,0.15324753615754239
20,1502,1522,0.15325347735159472
20,1497,1517,0.1532561329720374
19,1494,1513,0.1532590152777038
17,1504,1521,0.15326443696210365
16,1505,1521,0.15327450680429183
16,1499,1515,0.15328659245452841
16,1510,1526,0.15329816489123888
16,1504,1520,0.15330922561157717
16,1508,1524,0.15331977990361326
16,1509,1525,0.15332956675058207
17,1517,1534,0.15333893217582056
17,1510,1527,0.1533446387243196
16,1508,1524,0.1533502340155687
16,1477,1493,0.15335812487979703
16,1506,1522,0.1533657111155635
15,1502,1517,0.1533729882415332
13,1497,1510,0.1533824305225374
13,1493,1506,0.15339626021806077
13,1488,1501,0.15340932477552044
13,1484,1497,0.1534208733584531
13,1501,1514,0.15343187476929443
13,1504,1517,0.15344234075002006
13,1503,1516,0.15345228523441018
13,1499,1512,0.15346172382790843
13,1500,1513,0.15347067337027448
13,1512,1525,0.1534791515692495
12,1502,1514,0.15348717669505885
12,1509,1521,0.15349746258652897
12,1515,1527,0.15350713569417404
12,1512,1524,0.15351623049786925
12,1502,1514,0.15352477982839033
12,1504,1516,0.1535328149027513
12,1511,1523,0.15354036536639565
12,1501,1513,0.15354745934060537
12,1492,1504,0.15355412347375272
12,1488,1500,0.15356038299524669
12,1485,1497,0.15356626177121796
11,1492,1503,0.153571782361151
11,1487,1498,0.15357938504774313
11,1487,1498,0.1535865250401532
10,1493,1503,0.15359322979430134
10,1486,1496,0.15360198049850549
11,1495,1506,0.15361019876974766
11,1510,1521,0.15361480491252263
11,1506,1517,0.15361922298813596
10,1512,1522,0.1536234528909816
10,1515,1525,0.15362991669164774
10,1496,1506,0.15363604990234997
10,1497,1507,0.15364186451230816
11,1489,1500,0.1536473728240107
10,1502,1512,0.15364944308392667
9,1506,1515,0.15365398562968785
9,1497,1506,0.15366132937793286
9,1493,1502,0.1536682566136038
9,1496,1505,0.15367478854300792
9,1503,1512,0.15368094562622556
10,1511,1521,0.15368674755212297
10,1511,1521,0.1536891878303521
10,1503,1513,0.1536915806216672
9,1508,1517,0.15369391686476985
9,1509,1518,0.15369862148120514
9,1509,1518,0.15370310688153183
9,1509,1518,0.15370737749804608
9,1508,1517,0.1537114386550667
8,1500,1508,0.15371529636445783
8,1503,1511,0.15372136267706382
8,1509,1517,0.15372709161765966
8,1496,1504,0.1537324986507261
8,1494,1502,0.15373759903867648
8,1494,1502,0.15374240775075085
8,1513,1521,0.1537469393916067
8,1515,1523,0.153751208146495
8,1513,1521,0.15375522774035605
8,1514,1522,0.15375901140855344
9,1501,1510,0.1537625718772978
8,1517,1525,0.15376302443967418
9,1514,1523,0.15376595877587854
9,1517,1526,0.15376555099636074
9,1508,1517,0.15376466374307302
11,1512,1523,0.15376406121799088
10,1504,1514,0.15375784252316083
10,1521,1531,0.15375520401818094
9,1515,1524,0.15375294726623817
9,1519,1528,0.1537537613619177
8,1502,1510,0.15375464676816353
8,1501,1509,0.15375771467616
8,1501,1509,0.15376073304503513
8,1517,1525,0.15376368831696335
7,1516,1523,0.15376656977830105
8,1511,1519,0.1537717335927088
7,1500,1507,0.1537742250341715
7,1496,1503,0.15377906897416035
6,1498,1504,0.1537836769003679
5,1510,1515,0.15379056057878604
5,1521,1526,0.15379941757387916
6,1510,1516,0.15380775761337276
6,1502,1508,0.15381243709441406
6,1499,1505,0.15381694351910435
5,1486,1491,0.15382127198604054
7,1488,1495,0.15382781484824087
8,1481,1489,0.15382779196338647
8,1489,1497,0.15382497138646292
8,1499,1507,0.1538226205851564
9,1505,1514,0.15382067547714887
9,1490,1499,0.15381581899504293
8,1487,1495,0.15381156614787664
8,1501,1509,0.15381024011081207
8,1518,1526,0.15380923384854422
7,1510,1517,0.15380849939139427
7,1502,1509,0.15381039717514117
7,1510,1517,0.1538123364757796
8,1515,1523,0.15381429429821447
8,1504,1512,0.15381366030347837
8,1513,1521,0.153813200915092
7,1511,1518,0.1538128896578669
7,1519,1526,0.1538152101766509
7,1515,1522,0.1538174606782641
7,1511,1518,0.1538196357762655
7,1504,1511,0.1538217316953368
7,1502,1509,0.1538237460044213
7,1510,1517,0.15382567738815614
7,1505,1512,0.15382752545139894
7,1500,1507,0.15382929055233896
8,1509,1517,0.15383097366027973
8,1509,1517,0.15382938690184011
8,1507,1515,0.1538280177957811
9,1505,1514,0.15382683805590136
9,1514,1523,0.15382266002568493
9,1505,1514,0.15381891316566487
9,1517,1526,0.15381554901501254
10,1515,1525,0.15381252489050967
10,1513,1523,0.15380668243160756
10,1521,1531,0.15380139919845998
10,1513,1523,0.15379661655120633
10,1514,1524,0.15379228245078544
11,1519,1530,0.153788350678445
11,1522,1533,0.1537815584404914
10,1517,1527,0.15377538842014918
9,1505,1514,0.153772421566579
9,1504,1513,0.15377213561174052
9,1511,1520,0.1537719727271448
8,1525,1533,0.15377191130281395
7,1506,1513,0.1537747106595143
8,1498,1506,0.15377987335609516
8,1498,1506,0.15378155961331552
8,1498,1506,0.15378325327211723
8,1514,1522,0.15378493951632397
8,1512,1520,0.15378660628934862
8,1502,1510,0.15378824388667958
8,1506,1514,0.15378984460407322
9,1530,1539,0.15379140243406592
8,1533,1541,0.15378972549352554
9,1521,1530,0.15379093985255737
10,1511,1521,0.15378900969594841
9,1517,1526,0.15378462696038359
9,1492,1501,0.15378313175856767
9,1493,1502,0.15378190078439197
9,1503,1512,0.1537799868543065
9,1503,1512,0.1537784240204098
9,1501,1510,0.15377715989106056
9,1515,1524,0.15377614933531394
9,1508,1517,0.15377535350875057
9,1520,1529,0.15377473900801034
9,1517,1526,0.1537742771371567
9,1515,1524,0.1537739432712004
9,1513,1522,0.15377371630402809
8,1511,1519,0.15377357816964982
8,1509,1517,0.15377596268612254
8,1505,1513,0.15377825076496993
9,1504,1513,0.15378044100000093
10,1503,1513,0.1537793986090858
11,1494,1505,0.15377537979310243
11,1504,1515,0.15376859128579237
11,1500,1511,0.1537625053418176
11,1491,1502,0.15375704335052606
11,1499,1510,0.15375213598735335
11,1498,1509,0.1537477220785011
12,1500,1512,0.15374374760733958
12,1503,1515,0.15373700843032492
11,1505,1516,0.15373090977745046
11,1506,1517,0.15372774740573558
11,1515,1526,0.15372495705176661
11,1519,1530,0.15372249381653852
11,1528,1539,0.15372031833644187
11,1525,1536,0.15371839608951826
12,1517,1529,0.15371669678973243
12,1514,1526,0.15371199799661414
12,1514,1526,0.1537077707848556
11,1511,1522,0.15370396402141193
9,1516,1525,0.15370297596774585
8,1510,1518,0.15370700764868253
8,1511,1519,0.1537133139276419
8,1504,1512,0.15371932812881436
8,1513,1521,0.15372505593963431
8,1515,1523,0.15373050427764634
9,1502,1511,0.15373568101053123
7,1497,1504,0.1537374321330528
8,1506,1514,0.15374473622600696
8,1501,1509,0.1537485648612186
9,1499,1508,0.15375228210590047
9,1505,1514,0.15375271544921484
9,1509,1518,0.1537533198137949
8,1489,1497,0.15375406160530086
8,1484,1492,0.15375734356051093
8,1505,1513,0.15376056441251534
8,1507,1515,0.15376371184650195
7,1508,1515,0.15376677617205525
7,1515,1522,0.1537721548526611
7,1527,1534,0.1537772809492703
7,1532,1539,0.15378197728086174
7,1511,1518,0.15378646799340148
7,1530,1537,0.1537907547873208
6,1524,1530,0.15379484067391216
6,1521,1527,0.15380116789365358
6,1519,1525,0.15380715393838598
7,1520,1527,0.15381281312391104
7,1507,1514,0.15381510710775895
7,1517,1524,0.1538173852817686
7,1510,1517,0.15381963356752956
7,1518,1525,0.15382184055982162
7,1512,1519,0.15382399714525324
8,1501,1509,0.15382609617039025
8,1501,1509,0.15382524849586962
8,1513,1521,0.15382458353923817
8,1496,1504,0.15382407528229386
7,1504,1511,0.1538237010076257
8,1496,1504,0.1538257794501705
7,1503,1510,0.15382539865560885
7,1505,1512,0.15382757867056301
8,1503,1511,0.15382967844384754
7,1509,1516,0.15382855039723062
7,1507,1514,0.1538301121575844
7,1522,1529,0.15383167944242074
7,1524,1531,0.15383323759042322
8,1530,1538,0.15383477479448207
8,1520,1528,0.15383360900277726
8,1521,1529,0.15383261816570332
8,1508,1516,0.15383177941967408
8,1508,1516,0.15383107273423835
7,1513,1520,0.15383048056888457
8,1510,1518,0.15383231361052904
7,1494,1501,0.1538316903090441
7,1510,1517,0.15383353469618083
7,1514,1521,0.15383531855642812
7,1507,1514,0.15383703893445091
7,1517,1524,0.15383869388607316
7,1524,1531,0.1538402823140188
7,1525,1532,0.1538418038262531
6,1521,1527,0.1538432586140073
6,1518,1524,0.15384700160123305
6,1505,1511,0.15385053772167667
6,1508,1514,0.1538538763120357
7,1510,1517,0.15385702659047099
8,1520,1528,0.15385738038205574
7,1520,1527,0.15385470942046806
7,1509,1516,0.15385464382569644
6,1503,1509,0.15385466240882767
6,1500,1506,0.1538570744118232
6,1498,1504,0.15385943158852872
7,1500,1507,0.1538617243720874
7,1508,1515,0.15386074837609862
7,1506,1513,0.15385998953138216
7,1499,1506,0.15385941371724965
7,1501,1508,0.15385899163985456
7,1499,1506,0.15385869817778125
7,1508,1515,0.15385851181470542
7,1505,1512,0.1538584141476356
7,1508,1515,0.15385838946075844
7,1513,1520,0.15385842435622246
7,1514,1521,0.15385802551849234
7,1523,1530,0.15385776687756003
7,1511,1518,0.15385762556229798
7,1520,1527,0.1538575818603183
8,1519,1527,0.15385761880799226
8,1523,1531,0.15385450025561148
8,1518,1526,0.1538517360719932
7,1505,1512,0.15384928481728133
8,1502,1510,0.15384943194747844
7,1499,1506,0.15384646500798405
7,1502,1509,0.15384616743002572
7,1505,1512,0.15384605809251542
6,1508,1514,0.15384610220234562
6,1512,1518,0.1538487495364952
6,1521,1527,0.15385132885761116
5,1517,1522,0.15385401230976112
5,1511,1516,0.15385891972752108
6,1506,1512,0.15386358323656016
7,1502,1509,0.15386511702393213
7,1502,1509,0.15386354514220407
7,1508,1515,0.1538622503241023
6,1498,1504,0.1538611923207373
6,1501,1507,0.15386275904369764
6,1492,1498,0.15386433748532885
6,1497,1503,0.15386591215957762
5,1501,1506,0.15386747049895816
5,1503,1508,0.15387133775217765
5,1503,1508,0.15387502822932325
5,1500,1505,0.1538785435637097
5,1520,1525,0.15388188660192015
5,1510,1515,0.15388506114780992
5,1510,1515,0.15388807174691949
5,1518,1523,0.15389092350548406
5,1500,1505,0.1538936219390319
5,1513,1518,0.1538961728462596
5,1518,1523,0.15389858220447006
5,1508,1513,0.15390085608338058
5,1510,1515,0.15390300057455306
5,1512,1517,0.15390502173408735
4,1509,1513,0.15390692553655072
4,1506,1510,0.15391117174131044
4,1511,1515,0.15391516034372438
4,1527,1531,0.15391890611173953
4,1521,1525,0.15392242309689247
4,1511,1515,0.15392572464882184
4,1511,1515,0.15392882343315903
5,1505,1510,0.15393173145199276
5,1505,1510,0.1539312415432375
5,1495,1500,0.15393087991074086
5,1504,1509,0.15393062586175627
6,1506,1512,0.15393046164919433
6,1504,1510,0.15392717679751391
5,1502,1507,0.15392424717358322
5,1518,1523,0.15392405173935436
5,1514,1519,0.15392398645045458
5,1510,1515,0.1539240278924397
5,1520,1525,0.15392415609746796
5,1515,1520,0.1539243540711756
5,1517,1522,0.15392460738264493
4,1513,1517,0.15392490380915677
4,1506,1510,0.15392779831471967
4,1508,1512,0.15393054446633841
4,1503,1507,0.15393314722371967
3,1506,1509,0.15393561181120763
3,1513,1516,0.15394038017332748
3,1508,1511,0.15394487291987297
3,1508,1511,0.1539491042530939
3,1509,1512,0.1539530879048934
3,1505,1508,0.15395683710850036
3,1507,1510,0.1539603645798659
4,1504,1508,0.15396368250708597
4,1514,1518,0.15396362252882867
4,1518,1522,0.1539636673596818
4,1519,1523,0.15396379730194312
4,1524,1528,0.1539639956090435
4,1522,1526,0.15396424807533068
4,1520,1524,0.15396454268118545
4,1511,1515,0.15396486928610195
4,1522,1526,0.15396521936333885
5,1520,1525,0.15396558577059566
3,1519,1522,0.1539628035230941
3,1514,1517,0.15396540020997063
3,1509,1512,0.15396792695899872
4,1523,1527,0.1539703770536531
4,1531,1535,0.15396958894462717
4,1528,1532,0.15396900646420295
4,1518,1522,0.153968597858449
4,1525,1529,0.15396833568439003
4,1520,1524,0.15396819625098865
4,1530,1534,0.15396815913137454
4,1519,1523,0.1539682067372954
4,1513,1517,0.1539683239479039
4,1502,1506,0.15396849778599425
5,1495,1500,0.15396871713567126
6,1497,1503,0.1539657408441751
6,1507,1513,0.15395991803297965
6,1503,1509,0.15395468103907653
6,1497,1503,0.1539499664356801
6,1497,1503,0.1539457180566085
4,1502,1506,0.15394188613206977
4,1507,1511,0.15394361698365766
4,1517,1521,0.153945319937189
4,1518,1522,0.1539469868651868
4,1515,1519,0.15394861137449542
5,1502,1507,0.15395018854478892
4,1504,1508,0.15394853960010887
3,1489,1492,0.1539496772745576
3,1498,1501,0.15395382834284077
3,1503,1506,0.15395773649824793
3,1493,1496,0.1539614141037648
3,1501,1504,0.15396487318299198
3,1502,1505,0.15396812537849552
3,1502,1505,0.15397118192156928
3,1500,1503,0.1539740536114891
3,1512,1515,0.1539767508026198
3,1507,1510,0.15397928339798195
3,1507,1510,0.15398166084809298
3,1503,1506,0.1539838921540793
3,1505,1508,0.15398598587420867
3,1499,1502,0.15398795013312647
3,1503,1506,0.1539897926331914
3,1503,1506,0.15399152066740487
3,1518,1521,0.15399314113351006
3,1516,1519,0.15399466054890923
3,1507,1510,0.15399608506610593
3,1507,1510,0.15399742048843357
3,1522,1525,0.15399867228587183
3,1529,1532,0.1539998456107926
3,1523,1526,0.15400094531350741
3,1517,1520,0.15400197595751355
4,1509,1513,0.1540029418343612
4,1517,1521,0.15400068865784308
4,1502,1506,0.1539986702799176
4,1492,1496,0.1539968603978174
4,1506,1510,0.15399523581321028
4,1510,1514,0.15399377605261924
4,1518,1522,0.1539924630353475
4,1512,1516,0.15399128078286975
4,1527,1531,0.15399021516442882
5,1513,1518,0.15398925367424948
5,1492,1497,0.15398529364482244
5,1495,1500,0.15398170393560748
5,1502,1507,0.15397844737149127
5,1509,1514,0.15397549071487726
4,1510,1514,0.15397280423316884
5,1518,1523,0.15397272573303764
5,1513,1518,0.15397028298212612
5,1511,1516,0.1539680604708576
6,1505,1511,0.15396603675875167
5,1507,1512,0.1539610016096392
5,1513,1518,0.15395894950488231
6,1502,1508,0.1539571311375609
6,1508,1514,0.15395288937001467
6,1504,1510,0.15394902791068643
6,1501,1507,0.15394550940914023
6,1510,1516,0.15394230047728955
5,1508,1513,0.15393937124394505
6,1520,1526,0.15393905134790248
6,1517,1523,0.15393638522383632
6,1514,1520,0.15393394835899582
6,1509,1515,0.15393171915941156
6,1507,1513,0.1539296782384674
6,1514,1520,0.15392780817620408
5,1513,1518,0.15392609330611773
5,1511,1516,0.1539269183801506
5,1506,1511,0.1539277250753078
5,1512,1517,0.15392851019975073
5,1504,1509,0.15392927132136106
4,1516,1520,0.15393000664853104
4,1511,1515,0.1539331607846903
4,1513,1517,0.1539361313854336
4,1513,1517,0.15393892762050934
4,1517,1521,0.1539415584264719
4,1512,1516,0.15394403247433436
4,1508,1512,0.15394635814547442
4,1505,1509,0.15394854351446938
4,1513,1517,0.15395059633772293
4,1509,1513,0.1539525240469063
4,1502,1506,0.15395433374637668
4,1500,1504,0.15395603221385804
4,1505,1509,0.15395762590377202
4,1502,1506,0.1539591209526996
4,1509,1513,0.15396052318653025
4,1511,1515,0.15396183812892567
4,1502,1506,0.15396307101077966
4,1500,1504,0.1539642267804103
4,1518,1522,0.1539653101142594
4,1513,1517,0.15396632542791472
5,1509,1514,0.15396727688730066
4,1506,1510,0.15396506352150247
4,1510,1514,0.15396608781824855
4,1503,1507,0.153967048766991
3,1505,1508,0.15396795010784417
3,1519,1522,0.15397114414522142
4,1509,1513,0.15397414270488075
4,1510,1514,0.1539744653100051
4,1512,1516,0.1539747837153218
4,1509,1513,0.15397509619478517
4,1502,1506,0.1539754013773076
4,1504,1508,0.15397569819395476
4,1504,1508,0.15397598583222713
4,1517,1521,0.15397626369651873
4,1511,1515,0.1539765313739564
4,1514,1518,0.15397678860492378
4,1526,1530,0.15397703525766282
3,1522,1525,0.15397727130642125
3,1523,1526,0.15397985251161225
3,1513,1516,0.15398227970551118
3,1527,1530,0.15398456081920897
3,1519,1522,0.15398670357611824
3,1506,1509,0.15398871546141954
4,1518,1522,0.15399060369961895
4,1520,1524,0.15398920141106986
4,1516,1520,0.1539879806511012
4,1510,1514,0.1539869174436018
4,1517,1521,0.15398599100623908
4,1507,1511,0.15398518332355987
4,1517,1521,0.15398447877723417
4,1528,1532,0.15398386382578752
4,1519,1523,0.1539833267271934
4,1513,1517,0.1539828572985854
4,1514,1518,0.15398244670811856
4,1509,1513,0.15398208729467433
4,1507,1511,0.15398177241168126
4,1499,1503,0.15398149629182253
4,1501,1505,0.15398125392983467
4,1506,1510,0.15398104098097484
4,1507,1511,0.15398085367306016
4,1502,1506,0.1539806887302622
4,1498,1502,0.15398054330708397
5,1509,1514,0.15398041493115602
5,1512,1517,0.15397712967060123
6,1510,1516,0.15397415083114335
6,1526,1532,0.15396827881823788
6,1534,1540,0.1539629465157597
6,1529,1535,0.1539580989282446
6,1521,1527,0.1539536871601284
5,1515,1520,0.15394966769666488
5,1517,1522,0.15394838010994344
5,1520,1525,0.1539472648568109
5,1516,1521,0.15394572735009085
5,1507,1512,0.1539444266993847
4,1507,1511,0.15394332889603105
4,1516,1520,0.15394533433849944
4,1512,1516,0.1539472456387589
4,1517,1521,0.1539490646627784
4,1501,1505,0.15395079367536588
4,1501,1505,0.1539524352492988
4,1501,1505,0.1539539921885592
4,1504,1508,0.1539554674637142
4,1505,1509,0.15395686415774493
4,1502,1506,0.15395818542085218
4,1507,1511,0.15395943443296387
4,1492,1496,0.15396061437283992
4,1504,1508,0.15396172839281946
4,1517,1521,0.15396277959838345
4,1518,1522,0.15396377103181866
4,1513,1517,0.15396470565936604
4,1512,1516,0.15396558636132127
4,1529,1533,0.15396641592462854
4,1520,1524,0.15396719703757214
4,1513,1517,0.1539679322862266
3,1514,1517,0.15396862415237256
3,1513,1516,0.15397165014493336
2,1507,1509,0.1539744935497506
2,1512,1514,0.15397956735833304
2,1514,1516,0.15398433240365603
2,1510,1512,0.15398880686091343
2,1514,1516,0.15399300792560877
2,1509,1511,0.15399695185316054
2,1516,1518,0.15400065399898477
2,1519,1521,0.15400412885862622
2,1517,1519,0.1540073901075899
2,1518,1520,0.15401045064059418
2,1524,1526,0.15401332261002115
2,1532,1534,0.1540160174633915
2,1518,1520,0.15401854597973064
2,1506,1508,0.1540209183047273
2,1497,1499,0.15402314398461503
2,1509,1511,0.15402523199873022
2,1515,1517,0.1540271907907213
2,1516,1518,0.15402902829839868
2,1496,1498,0.15403075198222907
3,1504,1507,0.15403236885248958
3,1518,1521,0.15403071372349308
3,1502,1505,0.1540292577553968
3,1512,1515,0.15402797671123694
3,1506,1509,0.15402684933427607
3,1499,1502,0.15402585697842552
3,1521,1524,0.1540249832848002
3,1514,1517,0.1540242138986187
3,1524,1527,0.15402353622139156
3,1518,1521,0.15402293919397508
3,1516,1519,0.15402241310662557
3,1521,1524,0.15402194943267478
3,1519,1522,0.15402154068287136
3,1532,1535,0.15402118027780531
3,1522,1525,0.1540208624361559
3,1532,1535,0.1540205820767875
3,1524,1527,0.15402033473296656
3,1527,1530,0.15402011647718683
3,1522,1525,0.15401992385528318
3,1526,1529,0.15401975382867636
3,1530,1533,0.15401960372373807
3,1520,1523,0.15401947118739107
2,1521,1523,0.15401935414817042
2,1523,1525,0.15402165148816283
2,1518,1520,0.15402381410574414
2,1514,1516,0.15402584888589163
2,1526,1528,0.15402776251882297
2,1522,1524,0.15402956147823596
2,1530,1532,0.15403125200562287
2,1539,1541,0.1540328400996384
2,1539,1541,0.15403433150965135
3,1517,1520,0.15403573173273688
3,1510,1513,0.15403385115430293
3,1506,1509,0.15403218368008698
3,1501,1504,0.1540307034629474
3,1516,1519,0.15402938791824286
3,1507,1510,0.15402821730285857
2,1513,1515,0.15402717434921018
2,1520,1522,0.15402865771527238
2,1503,1505,0.15403009229857906
2,1503,1505,0.15403147485029853
2,1509,1511,0.15403280320870216
2,1510,1512,0.15403407610876702
1,1513,1514,0.15403529302049732
1,1520,1521,0.1540390338517334
1,1526,1527,0.15404254604414302
1,1522,1523,0.15404584345846664
1,1518,1519,0.15404893913322235
1,1510,1511,0.15405184533078306
1,1516,1517,0.15405457358127098
1,1513,1514,0.1540571347243102
1,1518,1519,0.15405953894869054
2,1521,1523,0.15406179583000257
2,1516,1518,0.15406089047939492
2,1516,1518,0.15406011697616515
2,1502,1504,0.15405945738569177
2,1505,1507,0.1540588961480574
2,1506,1508,0.15405841976704177
2,1518,1520,0.15405801653967408
1,1510,1511,0.15405767632106254
1,1512,1513,0.154060042900483
1,1520,1521,0.1540622662987302
1,1529,1530,0.15406435488957043
1,1519,1520,0.15406631660269035
1,1511,1512,0.15406815894011
1,1520,1521,0.1540698889931934
1,1531,1532,0.1540715134599904
1,1509,1510,0.15407303866268987
1,1504,1505,0.15407447056500773
1,1517,1518,0.1540758147893675
1,1527,1528,0.1540770766337603
1,1526,1527,0.15407826108819708
1,1520,1521,0.1540793728506857
1,1516,1517,0.15408041634268255
1,1511,1512,0.1540813957239846
1,1515,1516,0.15408231490703703
1,1512,1513,0.15408317757064363
1,1518,1519,0.15408398717307414
1,1506,1507,0.15408474696456914
1,1508,1509,0.15408545999924905
0,1520,1520,0.15408612914643682
