1365,31,1396,0.1357957848748614
1394,31,1425,0.13295753071792946
1408,32,1440,0.13029629808607673
1426,32,1458,0.12783679077764606
1429,31,1460,0.12555024720642655
1439,34,1473,0.12346292703004316
1442,32,1474,0.12153677297793873
1433,31,1464,0.1197769751189728
1433,31,1464,0.11820092271533408
1441,29,1470,0.11676837692049499
1455,29,1484,0.1154458371628321
1466,29,1495,0.11420552854260144
1470,32,1502,0.11304892125870289
1460,31,1491,0.1119881523526405
1457,29,1486,0.11104658976331795
1454,32,1486,0.11019699178723784
1455,32,1487,0.1094316883419484
1454,31,1485,0.10873338107577928
1461,31,1492,0.10809968247138972
1471,31,1502,0.10750921243040999
1470,30,1500,0.10694734720777557
1463,30,1493,0.10643916634688892
1458,31,1489,0.10599224104694166
1468,32,1500,0.10559732455540363
1474,31,1505,0.10521619176019238
1461,31,1492,0.10485644854383917
1469,31,1500,0.10455917085841047
1475,30,1505,0.10427167238885847
1469,29,1498,0.10399457071153688
1468,27,1495,0.10375696263009815
1468,26,1494,0.10354397918205371
1467,26,1493,0.10334980040271909
1465,24,1489,0.10317567679970441
1474,25,1499,0.10302230044255184
1466,25,1491,0.10286271715782708
1460,26,1486,0.10273536616965512
1450,23,1473,0.10263263149432188
1452,21,1473,0.10256197011384707
1463,21,1484,0.10249206719210281
1446,25,1471,0.10240286617057848
1441,24,1465,0.10235916683230765
1458,23,1481,0.10233186227278891
1468,24,1492,0.10226799086569237
1474,23,1497,0.10218555300166443
1468,22,1490,0.10209635435236031
1477,21,1498,0.10202880830392051
1490,19,1509,0.10194531453517448
1488,19,1507,0.10183939981780561
1473,19,1492,0.10175000705393898
1483,20,1503,0.1017027383856982
1490,19,1509,0.10163620558905198
1480,19,1499,0.1015592968753806
1468,19,1487,0.10151234852727276
1496,20,1516,0.10149776628990269
1496,21,1517,0.10142094840313863
1493,20,1513,0.10135125144166482
1480,18,1498,0.10129234365203602
1476,20,1496,0.10126850245323048
1469,20,1489,0.1012564935105718
1477,21,1498,0.10126141398798506
1478,21,1499,0.10124891079441634
1477,22,1499,0.10123653737632883
1470,23,1493,0.10122554870271326
1472,23,1495,0.10123144014747262
1469,25,1494,0.1012340317156929
1468,25,1493,0.10124458219351333
1475,27,1502,0.10125770535137855
1463,27,1490,0.10125273860401077
1463,28,1491,0.10127430164483119
1461,28,1489,0.10129624956286222
1466,27,1493,0.10132215471055772
1469,29,1498,0.1013342489161376
1462,28,1490,0.10133763596828249
1457,28,1485,0.10135602156531405
1456,27,1483,0.10138544488824558
1451,28,1479,0.1014123251704146
1455,27,1482,0.10144821396739837
1457,27,1484,0.1014742807370927
1456,27,1483,0.10149301212927891
1463,27,1490,0.10151259968505619
1451,27,1478,0.10151276476502918
1449,27,1476,0.10153988182606141
1447,27,1474,0.10157132251649788
1449,28,1477,0.10160479296771598
1446,30,1476,0.1016313004629999
1464,30,1494,0.10166237623635695
1475,32,1507,0.1016478666586496
1468,34,1502,0.10161061109913348
1458,34,1492,0.1015934661351191
1468,35,1503,0.10159991659044067
1473,34,1507,0.10158418572073927
1473,36,1509,0.1015591315980968
1466,35,1501,0.10153781197474335
1454,35,1489,0.10153463568946082
1454,38,1492,0.10155747273845137
1460,38,1498,0.10157952828399058
1476,40,1516,0.10158863664188983
1459,40,1499,0.10156214117369505
1456,39,1495,0.10157512730258897
1466,40,1506,0.10159362251905313
1454,43,1497,0.10158899074190178
1444,45,1489,0.10161221321988238
1442,45,1487,0.10165631403685696
1451,44,1495,0.10170237085688111
1461,43,1504,0.10172427457859101
1455,42,1497,0.10172296166747184
1458,43,1501,0.10173316622375861
1451,43,1494,0.1017364343966255
1453,46,1499,0.10175582900649299
1449,47,1496,0.10176888843683467
1449,46,1495,0.10179094315469943
1448,47,1495,0.10181092280099319
1459,49,1508,0.10183116294652807
1442,51,1493,0.10182600200762955
1438,52,1490,0.10186058019453213
1440,51,1491,0.10190190639762065
1451,51,1502,0.10193542357551662
1456,49,1505,0.10194083985191003
1446,50,1496,0.10193516587636615
1445,49,1494,0.10195036132867415
1441,49,1490,0.10196731246561308
1450,49,1499,0.10199190714679952
1459,46,1505,0.10199498531526388
1443,46,1489,0.10197795296828552
1430,47,1477,0.10199629672186886
1443,47,1490,0.10204257438329481
1440,41,1481,0.10205576868169582
1441,42,1483,0.10207337063593058
1428,43,1471,0.1020881797837255
1443,40,1483,0.10212854339036781
1453,43,1496,0.10213231877414808
1456,43,1499,0.10211363886071251
1457,43,1500,0.10208890886184548
1454,41,1495,0.1020639738131333
1443,42,1485,0.1020475166411917
1444,42,1486,0.10205614411971765
1445,41,1486,0.10206303312579024
1447,41,1488,0.10206806668956027
1453,43,1496,0.10206763339276616
1445,44,1489,0.10205442907553283
1432,44,1476,0.10205934892059501
1433,46,1479,0.10209371689607001
1434,47,1481,0.1021233914183
1436,49,1485,0.10214865495700767
1438,50,1488,0.1021675811905041
1439,47,1486,0.10218051335029127
1440,46,1486,0.10218952574065117
1431,49,1480,0.10219592923097551
1440,46,1486,0.10222376903949669
1440,49,1489,0.1022276850225116
1441,51,1492,0.10223224913324604
1451,52,1503,0.10223530675125367
1445,54,1499,0.10221503564284747
1450,55,1505,0.10221331914283713
1454,54,1508,0.10219890726122076
1439,55,1494,0.10217668430152599
1439,57,1496,0.10218965438849022
1439,57,1496,0.1022025653951048
1443,59,1502,0.10221508790744224
1434,59,1493,0.10221789797112187
1442,55,1497,0.10224094433187637
1439,58,1497,0.10224475212468737
1437,59,1496,0.10225476569099903
1440,60,1500,0.10226895663137524
1452,59,1511,0.10227455851346877
1436,56,1492,0.1022535779517463
1447,59,1506,0.10227004500119134
1433,60,1493,0.10226287027806805
1436,59,1495,0.10228757375046467
1451,57,1508,0.10230076563763457
1441,56,1497,0.1022810596836882
1444,57,1501,0.10228348837041967
1443,54,1497,0.1022809197156267
1441,54,1495,0.10227948836252283
1442,54,1496,0.10228127559041227
1437,51,1488,0.10228203396288403
1432,53,1485,0.10229142446080398
1435,52,1487,0.10231118725353829
1432,56,1488,0.10232276719955163
1432,59,1491,0.1023389386010458
1438,55,1493,0.10235652708197898
1416,53,1469,0.10236036576100997
1419,53,1472,0.10241355598582576
1428,56,1484,0.1024542967611823
1433,56,1489,0.10247195213466824
1445,60,1505,0.10247589098198638
1433,63,1496,0.102451694312691
1421,61,1482,0.10245775502782051
1413,62,1475,0.10249096321461927
1412,61,1473,0.10254033908779846
1419,62,1481,0.10258898388362173
1414,66,1480,0.1026191754518433
1417,64,1481,0.10265865900385222
1405,63,1468,0.10268756943350416
1406,63,1469,0.10273924622473342
1405,65,1470,0.10278571751844727
1427,66,1493,0.10282873517690866
1430,64,1494,0.1028210374560726
1423,62,1485,0.10280572536153007
1423,64,1487,0.10280695207515525
1423,68,1491,0.10280825891854739
1434,70,1504,0.10280860504722529
1427,68,1495,0.10278511965717248
1430,70,1500,0.10277911749684719
1428,67,1495,0.10276470124352531
1440,66,1506,0.1027560803383867
1433,66,1499,0.1027218840250988
1442,67,1509,0.10270544461229694
1421,66,1487,0.1026718179917204
1431,64,1495,0.10268727774992971
1440,64,1504,0.10268154245372241
1425,63,1488,0.10265713023935312
1416,64,1480,0.10266691289464049
1427,65,1492,0.10269626923403428
1420,68,1488,0.10269797954012598
1426,66,1492,0.10271567929398075
1417,69,1486,0.10271857894607128
1415,73,1488,0.1027415230942463
1408,75,1483,0.10276927468107391
1420,72,1492,0.10281287993078013
1416,75,1491,0.10282660106170843
1421,75,1496,0.10284788055801855
1424,73,1497,0.10285705927132398
1426,74,1500,0.10285865466602821
1421,71,1492,0.10285553543975777
1415,75,1490,0.10286235816005612
1427,77,1504,0.10288300321027377
1425,77,1502,0.10287474718880744
1420,78,1498,0.10287262920052775
1417,82,1499,0.10288201959948133
1419,79,1498,0.10289773022962699
1422,81,1503,0.10290736005746298
1424,83,1507,0.10290963163038626
1432,82,1514,0.1029068058124091
1427,77,1504,0.10288851194897067
1426,75,1501,0.10288227779607968
1420,74,1494,0.1028777370065618
1429,76,1505,0.10288631683551788
1431,75,1506,0.10287458013918922
1420,77,1497,0.10285866847290695
1417,74,1491,0.10286858632472792
1423,75,1498,0.10288423799087422
1425,75,1500,0.10288690241285367
1434,77,1511,0.10288562492740529
1428,78,1506,0.1028646205922392
1421,79,1500,0.10285696731490397
1429,79,1508,0.10286796951875152
1429,79,1508,0.10286006521232512
1407,80,1487,0.1028525253532358
1409,80,1489,0.10289409465396053
1402,78,1480,0.10292887397238965
1413,79,1492,0.10297767682667298
1420,78,1498,0.10299652249887427
1418,81,1499,0.10299628495154795
1414,79,1493,0.10300018868708434
1416,76,1492,0.10301291180604157
1408,75,1483,0.10301866196879841
1421,72,1493,0.10304308558216432
1422,75,1497,0.10303921105974634
1413,72,1485,0.10303330574733956
1412,72,1484,0.10304413205560796
1422,73,1495,0.10305721644771189
1427,75,1502,0.10304663983490063
1431,72,1503,0.10302540720422224
1425,68,1493,0.1029968101770534
1433,65,1498,0.10298304442716642
1421,68,1489,0.1029530229986091
1421,65,1486,0.10294884434569791
1427,64,1491,0.10294399178504526
1426,65,1491,0.1029259472404981
1432,65,1497,0.10291235538437896
1423,67,1490,0.10288680671669143
1416,70,1486,0.10288447195180268
1423,69,1492,0.10289656840367556
1429,68,1497,0.10289346308172469
1428,72,1500,0.10287657496627023
1428,74,1502,0.10286510933457194
1416,74,1490,0.10285484253293226
1414,73,1487,0.10287067372070811
1395,73,1468,0.10289103904003284
1399,74,1473,0.10295136476658832
1395,71,1466,0.10299870300294973
1412,68,1480,0.10305344136594172
1409,72,1481,0.10306399684654038
1413,70,1483,0.10308009688997
1408,73,1481,0.10308628032660011
1411,71,1482,0.10310224204311699
1425,70,1495,0.10311047198154144
1426,69,1495,0.10308379022080441
1418,70,1488,0.10305787652479922
1419,73,1492,0.10305251895465517
1421,72,1493,0.10304634859046313
1419,76,1495,0.10303670450397398
1410,78,1488,0.10303415949814097
1402,81,1483,0.10305315448597624
1385,82,1467,0.10308786150613942
1388,80,1468,0.10315691203734303
1399,84,1483,0.10321635206876546
1393,83,1476,0.10324705049583645
1409,81,1490,0.1032878805700092
1402,82,1484,0.10328841433276587
1394,83,1477,0.10330548307866745
1398,86,1484,0.10334058430487059
1406,84,1490,0.1033652727110525
1401,80,1481,0.10336988227056114
1408,80,1488,0.1033857408358066
1399,77,1476,0.10338474103704992
1397,78,1475,0.1034036545307394
1400,84,1484,0.10342341364764021
1412,85,1497,0.10343420042780281
1419,87,1506,0.10341724158819986
1419,87,1506,0.10338551989468144
1411,90,1501,0.10335535001453638
1413,85,1498,0.10334587514090345
1419,81,1500,0.10333238935028216
1431,83,1514,0.10330585799139308
1423,83,1506,0.10325389767114398
1425,84,1509,0.10322457764041601
1421,82,1503,0.10319399613637305
1408,85,1493,0.10317663239866048
1397,83,1480,0.1031900954592846
1398,84,1482,0.10322886383383001
1401,83,1484,0.10326347361658157
1405,83,1488,0.10328620427799795
1402,84,1486,0.10329883406086542
1395,87,1482,0.10331871364125474
1386,90,1476,0.10335342371445472
1382,89,1471,0.10340552641232986
1391,88,1479,0.10346232600722015
1386,85,1471,0.10349177922016618
1389,85,1474,0.10353044861796733
1378,85,1463,0.10355965420468373
1397,84,1481,0.10361035434455423
1404,81,1485,0.10361481787341352
1397,79,1476,0.10360157308389346
1392,80,1472,0.10360572113199028
1409,77,1486,0.10362044940799478
1406,75,1481,0.10359594469054838
1408,74,1482,0.10357910139183528
1401,74,1475,0.10355779852754152
1408,76,1484,0.10355338329428405
1403,74,1477,0.10353420506616497
1407,76,1483,0.10352819646380602
1422,78,1500,0.10351415494927398
1413,81,1494,0.10346627717502865
1412,77,1489,0.10343990913139571
1426,78,1504,0.1034197153789184
1427,75,1502,0.1033687570115467
1420,76,1496,0.10332009904707444
1434,78,1512,0.103291304891736
1423,76,1499,0.10323504127904315
1427,76,1503,0.10320587244773959
1424,76,1500,0.10317040966041459
1420,76,1496,0.10314393936827677
1416,78,1494,0.10312945284051604
1430,79,1509,0.10312702722556807
1415,78,1493,0.10309608776983904
1413,76,1489,0.10310023389591427
1409,76,1485,0.10310743811881856
1427,80,1507,0.10312446470855743
1417,80,1497,0.10310011033039629
1414,82,1496,0.10310175238930817
1405,82,1487,0.1031094121125698
1396,84,1480,0.10313773083108778
1391,86,1477,0.10318462030348133
1396,84,1480,0.10324034759726491
1403,86,1489,0.10327972840173245
1422,89,1511,0.10329935679104814
1407,91,1498,0.10327451554688669
1405,95,1500,0.10328686742161629
1401,91,1492,0.10330250930207749
1389,91,1480,0.1033258706736681
1389,96,1485,0.10337358383811164
1395,96,1491,0.1034178727730583
1381,99,1480,0.10344491791279907
1380,100,1480,0.10350284282856131
1391,100,1491,0.10355629716952042
1396,102,1498,0.10357888469205907
1396,101,1497,0.10359029702075016
1397,100,1497,0.10360080805818969
1403,101,1504,0.103608956007849
1405,102,1507,0.10360298953917017
1416,103,1519,0.10359389044401186
1410,103,1513,0.10356289974847803
1400,106,1506,0.10354744211134388
1389,102,1491,0.10355705271313578
1395,106,1501,0.10359072308982041
1387,104,1491,0.10360962869511096
1380,101,1481,0.10364527577148169
1385,103,1488,0.1036958187096152
1378,103,1481,0.10372947131210097
1372,102,1474,0.10377562217613816
1388,103,1491,0.10383145384028605
1397,101,1498,0.10384851621585339
1380,99,1479,0.10384345109175958
1382,101,1483,0.10387343013903244
1388,97,1485,0.10389755470903421
1397,99,1496,0.10390722921619355
1384,98,1482,0.10389573539799749
1384,98,1482,0.10391492172198155
1379,97,1476,0.10393161234510398
1394,97,1491,0.1039564821433297
1387,101,1488,0.10394494526855658
1392,100,1492,0.10395026451887865
1396,99,1495,0.10394491498057779
1397,97,1494,0.10393335953078153
1401,99,1500,0.1039206942720633
1389,98,1487,0.103898304867438
1392,95,1487,0.10390512712976065
1401,96,1497,0.10390313365557916
1402,99,1501,0.10388159555108299
1384,100,1484,0.10385944770819659
1392,103,1495,0.10388212602953853
1399,106,1505,0.10388530385473857
1403,108,1511,0.1038748694815203
1397,107,1504,0.10385752102153109
1394,107,1501,0.10385697188146609
1399,103,1502,0.10386383310562051
1398,103,1501,0.10385571305040678
1387,105,1492,0.10385159595552107
1390,106,1496,0.10387342059949833
1385,109,1494,0.10388706883080896
1391,107,1498,0.10391118879385745
1390,110,1500,0.1039195540253213
1395,106,1501,0.10392981524932488
1391,105,1496,0.1039282114767805
1382,106,1488,0.10393620213058483
1382,106,1488,0.10396294268036389
1384,106,1490,0.10398669566522808
1386,104,1490,0.1040060548974403
1395,103,1498,0.1040196062151362
1401,99,1500,0.10401037041866584
1395,102,1497,0.10398936034024235
1391,101,1492,0.10398314007707804
1384,100,1484,0.10398624891461822
1383,102,1485,0.10400442798525714
1384,103,1487,0.10402205465067416
1395,103,1498,0.10403581249294039
1395,103,1498,0.10402051309163353
1387,104,1491,0.10400942016146957
1389,106,1495,0.10401706341357234
1388,106,1494,0.10402084405459494
1393,107,1500,0.10402767306354292
1374,107,1481,0.10402218599338262
1370,112,1482,0.10405907036270699
1368,115,1483,0.10410208347045646
1381,116,1497,0.10414763536093634
1376,118,1494,0.10416131360810775
1378,120,1498,0.10418597439565853
1371,118,1489,0.1042042876161878
1365,119,1484,0.1042374949371805
1370,122,1492,0.10428234097675199
1371,122,1493,0.10431067003206301
1366,124,1490,0.10433336894729071
1378,127,1505,0.10436707441404511
1377,124,1501,0.10437256510270218
1393,125,1518,0.10438174339994098
1385,124,1509,0.10435234550780657
1383,121,1504,0.10434401451396645
1383,119,1502,0.10434138197492232
1390,116,1506,0.10433927995787083
1385,117,1502,0.10431964498774439
1354,121,1475,0.10431493197828487
1369,122,1491,0.10438028827964878
1362,121,1483,0.10440750010100171
1366,124,1490,0.10445073801063408
1350,120,1470,0.10448054931359145
1365,120,1485,0.10454273303729035
1367,121,1488,0.10456431472914585
1358,119,1477,0.1045794425631874
1364,122,1486,0.10461284333164354
1360,120,1480,0.10463073595725618
1367,123,1490,0.10465618708352235
1369,121,1490,0.10466193904079808
1378,121,1499,0.10466041112232854
1375,120,1495,0.10463586746038037
1376,118,1494,0.10462502084261376
1374,121,1495,0.10461214376063285
1383,127,1510,0.10460545366194647
1384,130,1514,0.1045799704580871
1374,127,1501,0.10455535655188518
1374,128,1502,0.10455680197185827
1384,130,1514,0.10455782225003675
1382,131,1513,0.10453573001034247
1364,129,1493,0.10451990528303037
1364,125,1489,0.10454626799509374
1365,126,1491,0.10457064828594069
1364,131,1495,0.10458918656895007
1375,133,1508,0.104610369700352
1377,131,1508,0.10460340452489725
1378,133,1511,0.10459466436537047
1369,129,1498,0.10458447431410983
1367,132,1499,0.1045971284561183
1364,134,1498,0.10461178376678337
1354,133,1487,0.10463231566371257
1344,134,1478,0.10467418213698414
1342,134,1476,0.10473593815595475
1354,131,1485,0.10479800975580603
1351,130,1481,0.10482849247729796
1353,134,1487,0.10486259278037266
1363,135,1498,0.10488828804375448
1369,140,1509,0.10489153502916153
1373,139,1512,0.10488125143601111
1378,139,1517,0.10486051242787563
1374,139,1513,0.10483023854045054
1366,136,1502,0.10481322776153991
1368,135,1503,0.10481727468619934
1367,135,1502,0.10481662472975813
1365,136,1501,0.10481620707991775
1365,130,1495,0.10481974588371887
1372,129,1501,0.1048250526091969
1368,125,1493,0.10481305004254288
1365,129,1494,0.10480799976144867
1354,131,1485,0.10480911874515353
1372,129,1501,0.10483713957034797
1369,127,1496,0.1048217520604563
1369,128,1497,0.10481339507378305
1377,124,1501,0.10480751111922995
1373,124,1497,0.10478331040581662
1362,126,1488,0.10477239260581499
1358,131,1489,0.10478639973044603
1361,131,1492,0.10481046078314758
1366,129,1495,0.10482535891285791
1365,131,1496,0.10482868240938617
1361,133,1494,0.10483343475275186
1341,132,1473,0.10484567862354836
1346,132,1478,0.10490320366054362
1373,131,1504,0.10494515859639966
1364,133,1497,0.10492204555809731
1364,131,1495,0.10492065432809093
1357,127,1484,0.10491986840788602
1362,128,1490,0.10493274127815695
1366,128,1494,0.10493283952734356
1372,127,1499,0.10492479581753461
1366,127,1493,0.10490257676349497
1368,128,1496,0.10489802708684337
1369,126,1495,0.1048896195311408
1369,134,1503,0.10488008609236353
1358,134,1492,0.10487266558959066
1351,136,1487,0.10489170444392638
1336,132,1468,0.10492595248856137
1339,136,1475,0.1049910883174605
1355,137,1492,0.10504277143134548
1356,137,1493,0.1050546636709002
1353,136,1489,0.1050653225151436
1369,135,1504,0.10508197035916228
1373,138,1511,0.10505848557743468
1359,142,1501,0.10502755263582814
1362,141,1503,0.1050318936091143
1363,142,1505,0.10502968890413648
1358,143,1501,0.10502568528714726
1361,142,1503,0.10503467451020304
1357,142,1499,0.10503727631959581
1350,146,1496,0.10504998191687967
1358,145,1503,0.105077524311849
1354,142,1496,0.10508541016083064
1360,147,1507,0.10510270654501809
1358,146,1504,0.10510419222808878
1364,145,1509,0.1051112178747417
1350,145,1495,0.10510378205724248
1360,148,1508,0.1051291451046162
1353,150,1503,0.10512875923782378
1343,151,1494,0.10514585061632982
1345,152,1497,0.10518244283278788
1334,152,1486,0.10521151231148522
1338,150,1488,0.10526243596781285
1332,149,1481,0.10530087971927803
1332,145,1477,0.1053492533644279
1338,147,1485,0.10539331744804115
1328,147,1475,0.10542263107157472
1332,150,1482,0.10547331626465008
1324,143,1467,0.10551291534484776
1345,148,1493,0.10556508459028649
1351,151,1502,0.10556513696295575
1351,154,1505,0.10555139286916038
1343,155,1498,0.10553808271715873
1353,152,1505,0.10554346528145399
1348,156,1504,0.10552574482041743
1340,153,1493,0.10552228900234692
1319,154,1473,0.10553729411277843
1324,155,1479,0.10559913367226952
1322,157,1479,0.10564799466270568
1330,149,1479,0.105697874281474
1338,160,1498,0.10572563307834529
1337,162,1499,0.1057325038361709
1327,162,1489,0.1057423750831121
1322,167,1489,0.10577189962739478
1320,165,1485,0.105810771851239
1317,165,1482,0.10585369890367109
1320,169,1489,0.10589915322332104
1319,168,1487,0.10593564193503838
1320,166,1486,0.1059711340944532
1329,168,1497,0.10600172351682095
1327,169,1496,0.10601001766281165
1328,169,1497,0.1060223491032615
1333,166,1499,0.10603189514119929
1340,162,1502,0.1060295186094678
1342,163,1505,0.10601070151706615
1325,161,1486,0.1059876691580511
1333,158,1491,0.10600443890456729
1334,157,1491,0.10600216428518032
1347,159,1506,0.10599956967296364
1336,159,1495,0.10596790851740893
1339,159,1498,0.10596386033786478
1342,162,1504,0.1059526867204019
1342,163,1505,0.10593531767989123
1336,164,1500,0.10591931797464348
1337,164,1501,0.1059194021200049
1334,164,1498,0.10591816085956568
1333,164,1497,0.10592271460460399
1336,169,1505,0.10592893551004025
1330,165,1495,0.10592882170043821
1339,164,1503,0.10594213994080313
1339,167,1506,0.10593326896912228
1337,167,1504,0.10592638825729693
1334,164,1498,0.10592339317659796
1340,156,1496,0.105928084532762
1331,158,1489,0.10591906181747295
1325,165,1490,0.10593236454924704
1323,165,1488,0.10595637147024771
1333,171,1504,0.10598313421049273
1326,172,1498,0.10598729177542765
1327,172,1499,0.106005548369107
1335,171,1506,0.10602129717192367
1327,175,1502,0.1060164235634669
1327,176,1503,0.10603045621983284
1321,180,1501,0.10604541454982318
1316,176,1492,0.10607425083687119
1317,176,1493,0.1061131264046118
1318,180,1498,0.10614713174340036
1323,184,1507,0.10617783809898128
1310,183,1493,0.10619432164894331
1307,184,1491,0.10624019328080876
1315,189,1504,0.10628858535079164
1320,190,1510,0.10631495924740587
1325,188,1513,0.10632887613028867
1329,187,1516,0.10633154509164935
1326,187,1513,0.1063241526682723
1319,189,1508,0.10632725458338452
1305,192,1497,0.1063462376544258
1304,188,1492,0.10639502473719441
1305,188,1493,0.10644237489706924
1303,187,1490,0.10648174262106118
1298,190,1488,0.10652304670749842
1291,190,1481,0.10657313371751037
1293,189,1482,0.1066350696617517
1298,191,1489,0.10668524697438979
1306,191,1497,0.1067216876250821
1322,186,1508,0.10673846070037289
1324,190,1514,0.10671679927810046
1309,192,1501,0.10668948723574381
1310,195,1505,0.1066983650129189
1309,193,1502,0.10670508688758482
1296,194,1490,0.10671512702231073
1305,194,1499,0.10675303059217917
1305,197,1502,0.10676830198756396
1307,195,1502,0.10678181677784682
1310,193,1503,0.10679037374346993
1311,192,1503,0.10679032630414664
1302,189,1491,0.10678698177056686
1304,195,1499,0.10680483889196997
1312,197,1509,0.10681731644532765
1306,196,1502,0.10681190541856861
1304,193,1497,0.10681898440798579
1305,198,1503,0.10682976486563402
1307,201,1508,0.10683803046647615
1302,202,1504,0.10684085140669049
1294,200,1494,0.10685279657527158
1279,195,1474,0.10688285627258873
1293,196,1489,0.10694518844861318
1294,199,1493,0.10697162425865647
1301,200,1501,0.10699367412497882
1303,203,1506,0.10700057047222952
1296,202,1498,0.10700348788457938
1280,206,1486,0.10702068684423889
1278,207,1485,0.10707171341607313
1271,207,1478,0.10712412516759279
1277,205,1482,0.10718719315633489
1277,206,1483,0.10723153458560286
1285,210,1495,0.10727206384165047
1286,208,1494,0.10729354087409096
1281,208,1489,0.10731157215188596
1280,214,1494,0.10733849661233315
1287,218,1505,0.10736599449873115
1294,220,1514,0.10737774332745055
1292,218,1510,0.1073735093745582
1303,212,1515,0.10737465743742593
1291,209,1500,0.10735262775351202
1289,214,1503,0.10735817677487816
1291,221,1512,0.10736994806955753
1283,224,1507,0.10737820568269861
1283,231,1514,0.10740626470452376
1273,227,1500,0.10743269340218924
1268,228,1496,0.10747947258608165
1261,224,1485,0.10753590331167637
1254,227,1481,0.10760257382864441
1259,229,1488,0.1076802034494787
1255,232,1487,0.1077419218187326
1254,240,1494,0.10780799130452706
1262,241,1503,0.10787149181908288
1249,243,1492,0.10791393208742957
1250,247,1497,0.107983982011276
1258,252,1510,0.10804635213608957
1250,254,1504,0.10808373848403173
1253,254,1507,0.10813659229898516
1251,255,1506,0.10818191611513547
1260,251,1511,0.10822991496663661
1254,252,1506,0.10825230596290622
1255,253,1508,0.10828788796637538
1254,252,1506,0.10832011875562518
1251,254,1505,0.10835008990052508
1247,256,1503,0.10838587767486788
1247,256,1503,0.10842861611584606
1239,260,1499,0.1084661028950041
1237,257,1494,0.10851953100395885
1230,254,1484,0.10857275127282753
1229,256,1485,0.10863849953747656
1223,258,1481,0.108700504452597
1221,263,1484,0.10877343060725121
1228,263,1491,0.10884644119243053
1229,261,1490,0.10889841432784614
1226,264,1490,0.10894297524987831
1243,265,1508,0.10898982604352746
1242,267,1509,0.10899689885072433
1238,264,1502,0.10900760082019602
1226,266,1492,0.1090246834922958
1221,264,1485,0.10906922706931405
1223,265,1488,0.10911948533980341
1225,270,1495,0.10916170040856453
1233,268,1501,0.10919524264623565
1223,269,1492,0.10920593600784921
1221,265,1486,0.10923715335522416
1221,265,1486,0.1092723662117264
1232,265,1497,0.10930530552678476
1242,267,1509,0.10931065670274293
1233,265,1498,0.10929468660802386
1230,271,1501,0.10929971564588598
1240,270,1510,0.10931163989189166
1220,274,1494,0.1093007180424245
1218,275,1493,0.10933538844579999
1221,273,1494,0.10937190399986346
1214,277,1491,0.10939880670942612
1219,282,1501,0.10944004109953845
1214,282,1496,0.10946841078192343
1214,278,1492,0.10950594818000214
1228,276,1504,0.1095380873800644
1222,276,1498,0.10953782719884575
1226,275,1501,0.10954930059630275
1222,276,1498,0.10955433142947
1231,274,1505,0.1095700000991015
1218,279,1497,0.10956120072421996
1213,278,1491,0.10958340834040746
1206,275,1481,0.1096172758504748
1205,285,1490,0.10966446392390815
1209,284,1493,0.10971053481647448
1209,292,1501,0.10974441105423273
1208,293,1501,0.10977859494425113
1204,295,1499,0.10981138849799678
1195,294,1489,0.10985012785759515
1189,296,1485,0.10990755011126595
1187,299,1486,0.10997592324348725
1187,298,1485,0.1100430150803588
1195,305,1500,0.11010646768410837
1182,303,1485,0.1101480167922269
1181,303,1484,0.110215480270902
1188,313,1501,0.11028084279118307
1193,315,1508,0.11032250896824046
1190,313,1503,0.11035215158568633
1183,317,1500,0.11038707072619384
1172,316,1488,0.11043682670860161
1173,315,1488,0.11050921461862945
1172,315,1487,0.11057675181497789
1171,322,1493,0.11064187963959853
1183,322,1505,0.11070317242840627
1180,319,1499,0.11073353310082386
1182,317,1499,0.11076829638606987
1188,316,1504,0.11079503399192181
1195,314,1509,0.11080515576619994
1193,315,1508,0.11079997898133151
1191,311,1502,0.11079766858349824
1195,318,1513,0.11080119615043277
1190,313,1503,0.11079554533400096
1188,319,1507,0.11080010584807652
1174,321,1495,0.11080930091309035
1172,322,1494,0.11084794722039072
1182,323,1505,0.110892555632721
1178,321,1499,0.11091060418749916
1168,319,1487,0.1109370051111249
1167,322,1489,0.11098417688664056
1164,324,1488,0.11103132333934645
1154,318,1472,0.11108043165089278
1167,319,1486,0.1111463918497984
1173,320,1493,0.11117712043622217
1169,315,1484,0.11119237183171822
1164,315,1479,0.11121784672514945
1161,319,1480,0.11125234293843109
1169,320,1489,0.11128914814956353
1172,321,1493,0.11130784290204926
1178,321,1499,0.11131802150813432
1191,321,1512,0.11131193754815935
1181,326,1507,0.11127731066774058
1181,319,1500,0.11126892437853801
1186,314,1500,0.11126236314971724
1182,313,1495,0.11124553231755549
1172,316,1488,0.11124047662856867
1179,319,1498,0.11125497279040111
1190,322,1512,0.1112533739909421
1187,323,1510,0.11122620076902087
1179,329,1508,0.11120982391762592
1178,324,1502,0.11121476426326521
1180,325,1505,0.11122321698322507
1177,327,1504,0.11122771352199035
1167,332,1499,0.11123883443531903
1163,329,1492,0.11127194671088064
1163,330,1493,0.11131277433489624
1176,333,1509,0.11135047376399922
1168,333,1501,0.11135553707556284
1162,341,1503,0.11137911276034206
1175,336,1511,0.11141387172418861
1172,342,1514,0.11141848052402986
1179,338,1517,0.11143058568462344
1160,340,1500,0.11142512703401165
1165,337,1502,0.11146216411000669
1168,337,1505,0.11148671524609256
1164,334,1498,0.11150341733054252
1159,338,1497,0.1115291839366929
1158,336,1494,0.11156565812263267
1152,339,1491,0.11160197285720486
1146,344,1490,0.11165101894288608
1142,344,1486,0.1117100793471085
1138,357,1495,0.11177247250684871
1136,354,1490,0.11184110414253741
1135,345,1480,0.11190911031697759
1132,345,1477,0.11197263477714198
1150,343,1493,0.11203865125235213
1146,342,1488,0.11205710897550933
1136,342,1478,0.11208310452630908
1145,343,1488,0.11212896487150789
1144,342,1486,0.11214848512418399
1142,340,1482,0.11216980390211274
1150,348,1498,0.11219489363000529
1155,343,1498,0.11219845799261283
1144,345,1489,0.1121903738947208
1132,355,1487,0.11220877570254391
1150,354,1504,0.11225408864289604
1142,352,1494,0.11225534364306981
1139,359,1498,0.11227598302179231
1140,355,1495,0.11230305243311957
1145,347,1492,0.11232536678347582
1159,345,1504,0.1123333689138941
1153,345,1498,0.11230925296932455
1142,352,1494,0.11230203467683655
1146,349,1495,0.11232049923547766
1143,346,1489,0.1123306065675322
1152,346,1498,0.11234775411453139
1156,347,1503,0.11233970965003977
1154,349,1503,0.11232520895851311
1143,350,1493,0.1123175581260021
1142,350,1492,0.11233592190400189
1148,352,1500,0.1123542700564587
1158,350,1508,0.1123585946737027
1150,350,1500,0.11233920729703499
1146,353,1499,0.11234119179773508
1142,354,1496,0.11235140164534481
1129,358,1487,0.11237060032109636
1132,357,1489,0.11241788173972694
1124,358,1482,0.11245664992015125
1142,349,1491,0.11251323940851943
1154,348,1502,0.11252454782126024
1151,350,1501,0.11250500628393835
1156,350,1506,0.11249533217766619
1153,348,1501,0.11247500410444829
1151,347,1498,0.11246492362895197
1143,359,1502,0.11246017793622404
1135,359,1494,0.11247517690366536
1144,358,1502,0.11250687238962992
1139,355,1494,0.11251157164393892
1140,351,1491,0.11252994261775066
1141,349,1490,0.11254423091427672
1149,345,1494,0.11255455605716622
1151,352,1503,0.11254645081802142
1149,352,1501,0.11253200685494967
1146,365,1511,0.11252359958587296
1142,364,1506,0.11252543426801921
1154,363,1517,0.11253763616404772
1163,365,1528,0.11252086325722523
1158,362,1520,0.11248730890721091
1153,362,1515,0.11246645792063024
1143,356,1499,0.11245983351957159
1148,355,1503,0.11247508346736305
1148,361,1509,0.11247746435219223
1148,361,1509,0.1124802628389131
1151,360,1511,0.11248522680637243
1158,350,1508,0.11248273648777485
1142,351,1493,0.11246450403525345
1136,359,1495,0.1124851833726448
1139,361,1500,0.11251716029626352
1134,364,1498,0.11254110080239837
1141,365,1506,0.11257421598840715
1143,366,1509,0.11258851145017576
1146,366,1512,0.1125983658944633
1130,372,1502,0.11259780039235594
1134,366,1500,0.11263583615765277
1132,372,1504,0.11266000068090264
1127,370,1497,0.11268765891532861
1127,372,1499,0.11272817423499984
1134,370,1504,0.11276661359527494
1140,367,1507,0.11278714246649853
1142,369,1511,0.112796223078523
1133,365,1498,0.11279779939424855
1128,362,1490,0.1128194914810495
1139,366,1505,0.11285009396838391
1134,365,1499,0.11285223496625463
1144,368,1512,0.11286425391760214
1142,364,1506,0.1128501509250417
1136,366,1502,0.11284094302686626
1129,361,1490,0.11284662836244327
1128,366,1494,0.11286826585010801
1132,362,1494,0.11289211972682027
1133,364,1497,0.1129071001922042
1124,369,1493,0.11291420967917432
1132,365,1497,0.11294156573814941
1127,370,1497,0.11295026323353043
1122,366,1488,0.11297069740206594
1126,366,1492,0.11300089967974873
1135,364,1499,0.11301962960948324
1143,363,1506,0.11301561642195493
1150,360,1510,0.11299189495156976
1151,358,1509,0.11295244920876275
1151,352,1503,0.11291197760501927
1155,353,1508,0.11287472944649928
1155,347,1502,0.11282987213392945
1159,356,1515,0.11279148715701043
1159,352,1511,0.11274820320997973
1157,355,1512,0.11270776474914225
1155,363,1518,0.11267493748253432
1150,360,1510,0.11264952256328581
1145,357,1502,0.11263901340906125
1155,355,1510,0.11263806672222876
1146,354,1500,0.11261686488273653
1155,355,1510,0.11261612684885243
1146,353,1499,0.1125959508133673
1148,357,1505,0.11259900171844532
1159,357,1516,0.11259806585427498
1159,355,1514,0.11256894139118918
1147,352,1499,0.11254057707321813
1138,349,1487,0.11254274098077677
1134,352,1486,0.11256526073813734
1129,351,1480,0.11259651007271326
1122,365,1487,0.11263778314406146
1135,362,1497,0.11269333685872622
1131,361,1492,0.11271431355497587
1135,357,1492,0.11274271646556393
1133,357,1490,0.11275867702730205
1129,363,1492,0.11277850619824836
1131,359,1490,0.11280565014092875
1130,353,1483,0.11282603825672738
1139,356,1495,0.11284589941866735
1137,364,1501,0.1128450481150431
1136,362,1498,0.11284777639836496
1138,357,1495,0.11285326273502694
1131,360,1491,0.1128529617597362
1140,368,1508,0.11286884986875119
1139,372,1511,0.11286388959028698
1144,369,1513,0.1128622825378228
1136,363,1499,0.11285111835800299
1126,366,1492,0.11285881260800465
1130,367,1497,0.11289083061735133
1121,370,1491,0.11291183885169227
1113,375,1488,0.11295225949125967
1106,380,1486,0.11300871576466726
1108,374,1482,0.11307671179470695
1112,375,1487,0.11313531481905391
1114,374,1488,0.1131791231020772
1125,378,1503,0.11321369310475861
1116,374,1490,0.11322127832442891
1120,380,1500,0.11324982782884215
1121,382,1503,0.11326556336469025
1120,380,1500,0.11327798509475062
1116,374,1490,0.11329135777587625
1123,379,1502,0.11331269104661437
1116,377,1493,0.11331874321191293
1118,377,1495,0.11334150787769876
1116,377,1493,0.11335773353648047
1115,370,1485,0.1133773052832688
1116,371,1487,0.11339991154082173
1109,381,1490,0.11341641056709434
1103,384,1487,0.11344806849906403
1109,391,1500,0.11349062761770877
1119,394,1513,0.11351692086954954
1111,394,1505,0.1135190251269737
1103,393,1496,0.11354066133015467
1107,390,1497,0.11357940081784786
1101,388,1489,0.11360566602466939
1106,394,1500,0.11364384096839635
1110,390,1500,0.11366480807199142
1108,390,1498,0.11367743913176102
1105,396,1501,0.11369337150754555
1105,401,1506,0.11371461062173306
1101,407,1508,0.11373406107537008
1108,404,1512,0.11376173308748715
1108,406,1514,0.11377222650541896
1106,407,1513,0.11378227287867133
1107,401,1508,0.11379757044638109
1098,399,1497,0.11381082193223904
1095,403,1498,0.11384375626425498
1083,404,1487,0.11388224405114566
1091,404,1495,0.11394521037616467
1084,414,1498,0.11398522319420479
1080,416,1496,0.11403891364371065
1080,414,1494,0.1140954470721092
1083,415,1498,0.1141488314062153
1083,419,1502,0.11419350098814238
1081,423,1504,0.11423491425264061
1078,426,1504,0.11427911398239983
1091,420,1511,0.11432766166042388
1074,420,1494,0.11434078688539134
1078,417,1495,0.1143936808150891
1069,423,1492,0.1144341684559112
1070,426,1496,0.11449107335205326
1069,431,1500,0.11454335185769164
1071,430,1501,0.11459513266246456
1068,430,1498,0.11463853836855542
1064,430,1494,0.11468584887482777
1064,429,1493,0.11473903083369447
1070,426,1496,0.11478905027480392
1069,430,1499,0.11482105426799684
1054,426,1480,0.11485522311020571
1047,431,1478,0.11492210179878308
1052,435,1487,0.1150011453508725
1048,434,1482,0.11506156688147694
1055,426,1481,0.11512873155295944
1059,439,1498,0.11517341044666451
1060,446,1506,0.1152031405975134
1060,439,1499,0.11522823184202036
1059,438,1497,0.11525400796830242
1058,435,1493,0.11528069183051848
1061,437,1498,0.1153050866433308
1053,441,1494,0.11531997366949667
1046,448,1494,0.11535160458732303
1058,442,1500,0.11539706825717133
1059,446,1505,0.1154125431828372
1058,446,1504,0.11542489427166659
1067,444,1511,0.11543958632359662
1066,439,1505,0.11543217950179101
1076,442,1518,0.1154263716187135
1066,446,1512,0.11539848408772096
1070,443,1513,0.11539673698630368
1062,444,1506,0.11538830957757704
1055,440,1495,0.1153986092512038
1047,436,1483,0.11542486685874419
1040,441,1481,0.11546530791430691
1054,444,1498,0.11552084397177577
1055,445,1500,0.11554092101735104
1057,451,1508,0.11555853120332416
1052,449,1501,0.11556905984688448
1039,459,1498,0.11559007771521385
1043,447,1490,0.11564090772981046
1043,450,1493,0.11567873534543263
1048,450,1498,0.11571357996455323
1043,450,1493,0.1157328489007752
1039,452,1491,0.11576224432428357
1048,451,1499,0.11579864502718662
1034,461,1495,0.11581166844659822
1033,467,1500,0.11585776320917511
1047,467,1514,0.11590177011725881
1045,465,1510,0.11591095608059916
1047,464,1511,0.1159236455934834
1040,463,1503,0.1159313942646293
1034,461,1495,0.11595295876831192
1028,465,1493,0.11598961637458072
1029,472,1501,0.11603702813099151
1028,468,1496,0.11607910439942501
1042,471,1513,0.11612151681095259
1044,471,1515,0.11613074724503888
1041,463,1504,0.11613377817499743
1048,477,1525,0.11614433728141485
1039,482,1521,0.11613642015037257
1047,479,1526,0.11614888265179356
1038,472,1510,0.11614258667659415
1040,477,1517,0.11615672827530898
1035,467,1502,0.1161663621134182
1028,469,1497,0.11618779720415329
1038,470,1508,0.11622379817143562
1043,472,1515,0.11623396008478
1040,471,1511,0.11623249367665142
1027,466,1493,0.1162378033780352
1039,460,1499,0.11627108244822151
1036,454,1490,0.11627529994429178
1034,455,1489,0.11628498431077766
1032,462,1494,0.11629615857327132
1033,461,1494,0.11631159630075921
1038,464,1502,0.11632419191594018
1026,468,1494,0.11632395187216353
1024,471,1495,0.11635118610400781
1020,467,1487,0.1163804543700284
1020,477,1497,0.11641966926597509
1034,476,1510,0.11645782247629867
1025,479,1504,0.11646374107345654
1017,480,1497,0.11648923487222224
1019,488,1507,0.11653073178278298
1000,484,1484,0.11656397470125254
995,489,1484,0.11663754927608087
990,492,1482,0.1167180706176037
1003,504,1507,0.11680687070267214
994,507,1501,0.11685923766025037
1001,510,1511,0.11693038736072006
998,507,1505,0.1169829508590376
1002,498,1500,0.1170387016332166
1004,510,1514,0.11708192908867072
1005,515,1520,0.11711781273521295
1008,510,1518,0.11714855528241698
1005,511,1516,0.11716928317867682
1004,508,1512,0.11719587712715927
1005,503,1508,0.11722235333826
1002,508,1510,0.11724556013262628
1002,505,1507,0.11727397280533211
992,503,1495,0.11730004457571866
999,505,1504,0.1173481790607205
1001,505,1506,0.11737678205924247
1002,514,1516,0.11739889917249544
1003,508,1511,0.11741805419601124
1005,506,1511,0.11743319072020152
1011,497,1508,0.11744246829196986
1009,494,1503,0.11743731268054347
1002,498,1500,0.11743417364802325
1005,501,1506,0.11744672656274414
1011,506,1517,0.11745192669896447
1009,504,1513,0.11744337236190844
1007,507,1514,0.11743987262596012
1000,508,1508,0.11744420919825661
994,506,1500,0.11746561801571112
1003,504,1507,0.1174990591062884
994,511,1505,0.11751141783872086
1002,515,1517,0.11754199756091892
1005,501,1506,0.11755179967640973
998,505,1503,0.11755363382744108
987,503,1490,0.11756884494385805
1000,506,1506,0.11760786315947033
1000,504,1504,0.11761663562796672
993,501,1494,0.1176211680286005
997,502,1499,0.11763999731307802
990,495,1485,0.11764834501715953
994,500,1494,0.11767289961702794
987,502,1489,0.11768724009910309
986,495,1481,0.11771516603254988
1007,504,1511,0.11774154365138272
1008,503,1511,0.11771919937670364
1004,503,1507,0.11769559357228283
1001,504,1505,0.117684626370471
991,503,1494,0.11768103992614735
998,495,1493,0.11770141633078697
991,496,1487,0.11770473991378676
996,504,1500,0.11772143777120561
997,494,1491,0.11772627643848182
991,491,1482,0.11772866672650047
1004,498,1502,0.1177447225086296
1000,503,1503,0.11773131535606658
987,501,1488,0.11772969092061729
988,499,1487,0.11775890148587986
984,507,1491,0.11778291200093584
992,504,1496,0.11781497834277779
989,504,1493,0.11782587710314953
979,502,1481,0.11784263346893624
983,512,1495,0.11788165790052321
975,512,1487,0.11790812650029028
973,517,1490,0.1179513669984445
972,517,1489,0.11799496065321435
969,515,1484,0.1180397934941903
977,513,1490,0.11808883155439787
982,514,1496,0.11811528751151218
983,506,1489,0.11812786405893223
988,500,1488,0.11813796795411101
988,499,1487,0.11813411979844124
989,497,1486,0.1181306410544953
996,510,1506,0.11812404226494534
1002,511,1513,0.1181014469984806
1005,512,1517,0.11806819767148441
998,507,1505,0.11802818717446034
1004,513,1517,0.11800515850243241
998,506,1504,0.11797226765632945
998,505,1503,0.11795480965857069
1006,500,1506,0.11793756891399519
997,503,1500,0.1179047197380558
1005,504,1509,0.11789637747399344
1004,511,1515,0.11787322101632
999,509,1508,0.1178545158729871
1001,508,1509,0.11784986183225729
993,510,1503,0.11784154868744359
996,512,1508,0.11785280377298588
1004,508,1512,0.11785650887020735
1008,507,1515,0.117842350231205
999,497,1496,0.11781982145958436
994,502,1496,0.11781945281250618
996,506,1502,0.11782517561562011
989,511,1500,0.11782659396279303
992,505,1497,0.11784086412501392
987,507,1494,0.11784841271429965
991,509,1500,0.11786907874065246
999,510,1509,0.1178795510223464
987,515,1502,0.11787263516895308
987,514,1501,0.11789230079471047
987,508,1495,0.11791027137898913
991,504,1495,0.11792820298658103
997,504,1501,0.11793488042017648
988,500,1488,0.11792802906000226
991,507,1498,0.11794186718376988
986,502,1488,0.11794907299578902
973,511,1484,0.11796512459062615
982,517,1499,0.11800954960407624
989,510,1499,0.11803017851984482
979,512,1491,0.11803150704574962
992,513,1505,0.11805697139320985
994,510,1504,0.11805271223005231
986,508,1494,0.1180447271774052
975,507,1482,0.11805353325331805
975,506,1481,0.1180874267537538
973,499,1472,0.11812224077920722
977,511,1488,0.11816090688637082
969,518,1487,0.11818707074289485
967,525,1492,0.118229314936253
976,531,1507,0.11827244883498597
975,524,1499,0.11829349108665625
982,526,1508,0.11831610194518997
985,518,1503,0.11832183556677514
990,522,1512,0.11832095760542569
978,531,1509,0.11830599729380706
969,532,1501,0.11831971311339601
977,533,1510,0.11835241921819101
964,527,1491,0.11836517773533156
969,529,1498,0.118405731582952
989,522,1511,0.11843150026280228
979,521,1500,0.1184077179988051
978,521,1499,0.1184091845916507
971,531,1502,0.11841245836219658
973,527,1500,0.11843354250577175
965,533,1498,0.11844920085023025
963,546,1509,0.11848497854259783
962,541,1503,0.11852490196643634
970,538,1508,0.1185643482967746
969,543,1512,0.11858181012330103
966,532,1498,0.11860050994076059
958,534,1492,0.11862478500119839
959,534,1493,0.11866626924796224
946,537,1483,0.11870122045638987
956,544,1500,0.11876248454532234
961,546,1507,0.11879791286520075
961,546,1507,0.11882134011796192
967,548,1515,0.11884195684494334
956,554,1510,0.11884824901077277
950,547,1497,0.11887866815321407
957,545,1502,0.11891954496629147
951,551,1502,0.11894229803801169
949,554,1503,0.11897721134105328
958,551,1509,0.11901123928947137
953,550,1503,0.11902175093076042
953,550,1503,0.11904535568223898
969,554,1523,0.11906742058147377
957,553,1510,0.11905212771774341
947,555,1502,0.1190663041811688
952,550,1502,0.11910292728433632
946,554,1500,0.11912691160444051
957,554,1511,0.11916239704957363
954,555,1509,0.1191696558553367
942,562,1504,0.11918210828081108
931,561,1492,0.11921883549190739
933,557,1490,0.11927902194897871
935,556,1491,0.11933182184740743
940,557,1497,0.11937618730876742
944,549,1493,0.11940559396582141
944,554,1498,0.11942565578583668
944,557,1501,0.11944524496909327
955,566,1521,0.11946432161111754
956,554,1510,0.11945620189587043
957,554,1511,0.11944726466142827
964,554,1518,0.11943470810635484
967,556,1523,0.1194043439117327
961,547,1508,0.1193702772506056
957,544,1501,0.11935462260235041
947,554,1501,0.11934933067710869
958,561,1519,0.11936660466230345
956,559,1515,0.11935923731589852
952,559,1511,0.11935494922982441
954,561,1515,0.11936034238084268
953,556,1509,0.11935917270919823
948,559,1507,0.11936337344590382
942,561,1503,0.11937953981015842
939,566,1505,0.11940946935842071
937,564,1501,0.11944373999359019
925,564,1489,0.11948091406123998
914,574,1488,0.11954308218355371
917,567,1484,0.1196281782543674
921,574,1495,0.11970065000822389
927,575,1502,0.11975697706675927
939,589,1528,0.1197939986860396
927,582,1509,0.11980216789536927
923,581,1504,0.11983489876885678
938,580,1518,0.11987607186588171
929,579,1508,0.11988130460014876
931,579,1510,0.11990597640885549
937,583,1520,0.11992472400666808
936,578,1514,0.11992784092384713
930,583,1513,0.11993494956534696
919,577,1496,0.11995438750250371
921,583,1504,0.11999863675800096
916,588,1504,0.12003485975128303
920,586,1506,0.12008215860421277
929,587,1516,0.12011662754776814
924,581,1505,0.12012821511485056
920,579,1499,0.12015023573376209
931,582,1513,0.12017548720771859
933,582,1515,0.12017594621715116
929,583,1512,0.12017204185001856
925,592,1517,0.12017869290262378
919,591,1510,0.12019568025181694
924,588,1512,0.12022617094596402
916,591,1507,0.12024131921982112
914,590,1504,0.12027286708556857
898,593,1491,0.12030880674708327
900,592,1492,0.12037964685234318
901,594,1495,0.12044177097286254
911,594,1505,0.12049903415696854
918,591,1509,0.12052934659600283
895,592,1487,0.12054144182705269
886,596,1482,0.12060700738243538
890,607,1497,0.12068833908168365
890,606,1496,0.12075499262214465
880,608,1488,0.12081728928751524
886,613,1499,0.12089454823640555
879,606,1485,0.12095151826554032
879,616,1495,0.1210224879525628
879,619,1498,0.12108620018031627
878,621,1499,0.12114518089168536
879,621,1500,0.12120239851924985
866,622,1488,0.12125429659483646
868,633,1501,0.12133119496438308
869,628,1497,0.12139908214794166
876,622,1498,0.1214611661512182
879,615,1494,0.12150267822082989
883,622,1505,0.12153474944960382
887,621,1508,0.12155530281557468
879,624,1503,0.12156704790554919
878,620,1498,0.1215968362751612
881,623,1504,0.12162576930303313
880,617,1497,0.12164568716523734
880,616,1496,0.12166746269421198
882,612,1494,0.12168814253594767
884,614,1498,0.1217026583185614
892,608,1500,0.12171157161503764
895,614,1509,0.12169477282335589
892,622,1514,0.12167147171470635
881,619,1500,0.1216579355396529
892,606,1498,0.12167334026330068
889,612,1501,0.12165999000923153
895,620,1515,0.1216573258106492
891,628,1519,0.12163969339412369
889,625,1514,0.12163521841007022
885,615,1500,0.12163604319416971
881,616,1497,0.12164639995764791
888,619,1507,0.1216669198563249
883,623,1506,0.12167084494157018
883,625,1508,0.12168823804952975
885,621,1506,0.12170341739352832
883,632,1515,0.12171354503377757
885,619,1504,0.12172742381194646
884,619,1503,0.12173507767254632
882,628,1510,0.12174319007808258
887,615,1502,0.1217559829131143
881,610,1491,0.12175609392931101
878,617,1495,0.12177167927095331
882,617,1499,0.12179234675162297
878,614,1492,0.12180189346404008
872,623,1495,0.12181775181782735
884,617,1501,0.12184747015809899
882,622,1504,0.12184537681615414
880,609,1489,0.12184832089006402
871,613,1484,0.12185462188756063
879,621,1500,0.12188159903210831
872,624,1496,0.12189000737157656
870,630,1500,0.12191467501953276
865,629,1494,0.1219419054096104
867,624,1491,0.12197901205037022
866,621,1487,0.12200792990076607
866,628,1494,0.12203529657031284
866,639,1505,0.12206244305867721
871,642,1513,0.1220885020432197
870,637,1507,0.12210082014405547
871,644,1515,0.12211762247042486
874,646,1520,0.12213066180231474
874,642,1516,0.12213671440176967
874,635,1509,0.12214345032433012
865,639,1504,0.12215119305755735
859,640,1499,0.1221771164252358
860,644,1504,0.12221382119368114
852,643,1495,0.12224689881162991
849,643,1492,0.12229497616098155
841,646,1487,0.1223468270592689
847,644,1491,0.12241290077786207
844,646,1490,0.12246233101937694
859,638,1497,0.12251403058862148
856,639,1495,0.12252959948182486
861,644,1505,0.12255075489498507
856,644,1500,0.12255616155627636
859,642,1501,0.12257190632014353
856,650,1506,0.12257885781659712
862,652,1514,0.12259586585554323
865,649,1514,0.12259682899410887
864,642,1506,0.12259300648782713
856,639,1495,0.1225886252665012
856,633,1489,0.12260405033494819
852,639,1491,0.12261764025135297
849,642,1491,0.12263893920506674
843,644,1487,0.12266457794329785
852,652,1504,0.12270282562677169
859,649,1508,0.12271822014490336
850,637,1487,0.12271809661993664
846,632,1478,0.12273800011930212
852,632,1484,0.1227652013527637
857,641,1498,0.12277663102919063
851,645,1496,0.12277280373732669
848,648,1496,0.12278116482143464
841,645,1486,0.12279887551763002
842,647,1489,0.12283227123250887
838,646,1484,0.12285962489336598
841,642,1483,0.12289346624069988
839,646,1485,0.1229202980826998
843,649,1492,0.12295064577160872
839,654,1493,0.12296985971189298
832,654,1486,0.12299615216491899
839,650,1489,0.12303609412952571
836,657,1493,0.1230571583466412
848,658,1506,0.12308580789240008
848,656,1504,0.12308557215532936
841,651,1492,0.12308426826913198
836,648,1484,0.12310031682530415
834,644,1478,0.12312603445228089
837,649,1486,0.12315523313557086
847,652,1499,0.12317382270936957
850,658,1508,0.12316752076270551
850,653,1503,0.12315454300264687
844,663,1507,0.1231442372239604
834,667,1501,0.12314778534711839
824,664,1488,0.1231740032327614
823,668,1491,0.12322127688174792
833,677,1510,0.12326720904165554
836,671,1507,0.12328486193941629
841,667,1508,0.12329655667529098
845,659,1504,0.12329599879951231
852,657,1509,0.1232856778870077
851,655,1506,0.12325807850289681
845,662,1507,0.12323623112732601
848,663,1511,0.12323115712116252
847,664,1511,0.12321955918682172
857,663,1520,0.12321140541760109
857,671,1528,0.12317935156195008
856,665,1521,0.12315163774592403
862,657,1519,0.12312828129125528
850,664,1514,0.12309493078438667
846,667,1513,0.12309293214168605
840,670,1510,0.1231033261680408
841,663,1504,0.12312754768457833
842,666,1508,0.12314838039560726
830,662,1492,0.1231639494792416
826,662,1488,0.1232057259943335
835,651,1486,0.12325422289061941
837,660,1497,0.12327867501230588
843,667,1510,0.12329664440357907
845,671,1516,0.1232974640051761
841,668,1509,0.1232942183327318
834,676,1510,0.12330178342940253
834,676,1510,0.12332603101211387
832,669,1501,0.12334868739315179
822,674,1496,0.12337239047464962
828,669,1497,0.12341743895416958
828,669,1497,0.12344577601317624
833,674,1507,0.12347226629846919
835,677,1512,0.12348409869728677
822,675,1497,0.12349065581721996
833,680,1513,0.12352458887339735
838,676,1514,0.12353106281421963
838,682,1520,0.12352524918426265
836,677,1513,0.12352107690530562
838,686,1524,0.12352044444113783
839,694,1533,0.1235131844140464
848,689,1537,0.12350583503169801
838,677,1515,0.12347705648617799
834,678,1512,0.12347416208330675
848,675,1523,0.12348194639399879
844,669,1513,0.12345643794705366
848,665,1513,0.12343954034057276
843,663,1506,0.12341115398274072
851,665,1516,0.12339660282861552
857,660,1517,0.1233625141595709
848,656,1504,0.12331727780901919
855,652,1507,0.12329552031941692
849,645,1494,0.12325926772180985
844,638,1482,0.1232420722148623
849,647,1496,0.12323716511720864
844,653,1497,0.12322183219182349
846,659,1505,0.12321866844400325
846,666,1512,0.12321282143836054
836,665,1501,0.12320712201798889
833,668,1501,0.12322507541226994
829,667,1496,0.12324807904141702
822,666,1488,0.12327943358357064
832,660,1492,0.12332508674511829
841,663,1504,0.12334251798261037
840,667,1507,0.12333665203185594
832,676,1508,0.12333466086152342
834,669,1503,0.12335127786806697
822,683,1505,0.12336357763721022
831,687,1518,0.12340396921549457
830,679,1509,0.12342043863231168
813,686,1499,0.12343554719066446
804,682,1486,0.12348965666644443
800,687,1487,0.12356350305015144
802,689,1491,0.123642939326643
801,687,1488,0.12371306094767039
814,689,1503,0.12378041537852283
813,689,1502,0.12381376888177197
819,684,1503,0.12384599417055384
806,686,1492,0.12386370204903192
816,694,1510,0.12390988919707091
810,702,1512,0.12392884473780107
815,697,1512,0.12396292135295844
806,705,1511,0.1239828065676844
799,709,1508,0.1240221516195175
797,707,1504,0.12407644174860571
798,712,1510,0.12413077286369986
797,713,1510,0.12418052194793848
784,711,1495,0.12422874516122469
793,719,1512,0.12430401482840324
789,713,1502,0.12435341664485765
782,726,1508,0.12441153008683982
786,716,1502,0.12448263238879463
784,725,1509,0.12453999266825332
783,721,1504,0.12459721675383456
768,732,1500,0.12465329605628071
768,741,1509,0.12473961740122935
767,742,1509,0.12481996684818616
763,742,1505,0.12489833168953676
772,737,1509,0.12497954477940568
767,735,1502,0.125036297057723
772,733,1505,0.12510016989395673
771,727,1498,0.12514884335016652
769,728,1497,0.12519461368547372
764,738,1502,0.12524113754918417
758,741,1499,0.12529559841691099
760,748,1508,0.12536041243585636
762,746,1508,0.12541560274986358
761,755,1516,0.12546368445082062
751,746,1497,0.12551250101426167
752,757,1509,0.1255801020394118
752,757,1509,0.12563919260754258
761,754,1515,0.1256936987455856
765,752,1517,0.1257247243491303
766,752,1518,0.12574316745271394
769,743,1512,0.1257593648908914
765,746,1511,0.12576851372849712
769,750,1519,0.12578495588457564
765,743,1508,0.12578965328096317
766,746,1512,0.12580502882557018
761,749,1510,0.12581667818787903
768,758,1526,0.12584207215961798
766,752,1518,0.12585036599267516
754,759,1513,0.1258641823443982
745,765,1510,0.12590577094187594
740,756,1496,0.12596757193105315
741,747,1488,0.12603420390898745
735,757,1492,0.12609355133261085
742,756,1498,0.12616361977389562
726,757,1483,0.12621263618101397
723,759,1482,0.12629433073715263
739,759,1498,0.1263760768699707
741,765,1506,0.12641367920549587
731,765,1496,0.1264430081333508
737,763,1500,0.12649387147982113
726,764,1490,0.12652470207450864
733,762,1495,0.12657896467922666
729,763,1492,0.12661458052580213
722,762,1484,0.126656003681587
725,770,1495,0.12671003844867001
735,794,1529,0.12675529206027464
721,793,1514,0.12677400687563214
716,782,1498,0.12682453794041146
715,789,1504,0.12688497478954636
723,783,1506,0.12694043799338586
711,774,1485,0.1269767031127197
720,769,1489,0.1270345998050152
720,778,1498,0.1270687874318969
720,777,1497,0.12710092201669934
727,776,1503,0.12713285952133543
723,773,1496,0.12714557510794428
718,777,1495,0.12716570618401557
715,790,1505,0.12719501145390333
709,790,1499,0.1272285292997368
716,788,1504,0.1272752515301515
724,782,1506,0.12730438552361614
737,783,1520,0.12731009426217607
716,777,1493,0.12728836327950258
711,779,1490,0.1273151305588811
724,788,1512,0.1273522526439571
721,783,1504,0.12735868428608038
723,779,1502,0.12737340293069507
715,779,1494,0.1273813765803423
707,785,1492,0.1274090765068003
713,785,1498,0.12745348686467856
719,794,1513,0.12748254680285342
708,792,1500,0.1274967765191842
706,799,1505,0.12753626545951782
706,795,1501,0.12757471879535096
701,804,1505,0.12760930986810187
705,807,1512,0.1276527592450781
709,802,1511,0.1276835441294676
706,804,1510,0.12770617246971508
705,804,1509,0.12773585375067278
702,803,1505,0.12776544243727916
692,801,1493,0.12780082506406307
694,801,1495,0.12785621644458314
689,798,1487,0.1279029016658252
693,802,1495,0.12795826180791947
698,796,1494,0.12800024008870284
700,792,1492,0.12802654918585105
702,797,1499,0.1280443027420904
705,782,1487,0.12805524153068812
702,785,1487,0.12805705624033187
702,794,1496,0.12806665412884197
713,791,1504,0.12807385197173907
708,786,1494,0.12805456787037858
698,793,1491,0.12804831405207995
700,803,1503,0.12806449943985723
699,806,1505,0.12807760757712022
700,807,1507,0.12809528045370702
695,808,1503,0.12810843737359515
696,801,1497,0.12813319632874415
697,807,1504,0.12815566765927552
695,813,1508,0.12817256071337144
704,809,1513,0.12819323070029146
701,806,1507,0.12819165166176105
702,805,1507,0.12819802862763144
695,803,1498,0.12820314427712526
687,814,1501,0.1282241228450485
696,815,1511,0.12826294834504626
695,827,1522,0.1282795252209872
690,828,1518,0.12829792481239555
693,829,1522,0.12832886844212205
680,833,1513,0.1283502872926441
670,829,1499,0.1284021860014582
664,829,1493,0.12847402513874445
673,834,1507,0.12855358571937725
678,829,1507,0.12860822784011092
681,821,1502,0.12864666920880813
679,826,1505,0.1286758842334727
682,817,1499,0.12870543016886202
679,816,1495,0.12872622664375644
677,824,1501,0.1287519362597733
675,824,1499,0.12878276100793
666,828,1494,0.128815059361443
653,828,1481,0.1288664266803349
654,820,1474,0.12894428153502424
651,827,1478,0.12901528960609188
651,832,1483,0.129089242503996
659,832,1491,0.12915576149844255
658,849,1507,0.12919984136463117
656,841,1497,0.12924237123702112
662,841,1503,0.12928588980927308
664,832,1496,0.12931391982440568
654,840,1494,0.12933576066711322
658,847,1505,0.1293801236033786
657,847,1504,0.12941049888639672
650,851,1501,0.1294407405594892
652,837,1489,0.12948550422589128
651,837,1488,0.12952071076769398
651,834,1485,0.12955757334576642
659,841,1500,0.12959080533730377
660,858,1518,0.1296046272536851
650,858,1508,0.12961531038298496
647,851,1498,0.12964847666982726
653,856,1509,0.12968661075804908
658,859,1517,0.12970794260645957
657,851,1508,0.12971698983595628
656,852,1508,0.1297264611148035
653,860,1513,0.12973772565436134
648,855,1503,0.12975732184244346
636,862,1498,0.12978786968423442
636,862,1498,0.1298445084193845
649,862,1511,0.12989820138264982
642,870,1512,0.1299218753383703
635,871,1506,0.1299605155307709
624,877,1501,0.1300141357009913
621,880,1501,0.1300903428745527
623,876,1499,0.13016641684045496
623,882,1505,0.13023198110404074
630,882,1512,0.1302922746764122
625,881,1506,0.13033485782102625
622,882,1504,0.1303861399580778
618,884,1502,0.13044279572425743
615,890,1505,0.13050481072812212
610,891,1501,0.13056974502218974
613,903,1516,0.13064307485303533
613,901,1514,0.13070574647053093
611,897,1508,0.13076519491501906
604,892,1496,0.13082466574648832
605,899,1504,0.1308970236688766
613,896,1509,0.13096249598339516
615,897,1512,0.13100301284797308
602,898,1500,0.1310377987283856
612,903,1515,0.13110187864379239
608,907,1515,0.1311352144930989
600,910,1510,0.13117330104093758
612,902,1514,0.13122898862628898
614,904,1518,0.13125409058962745
603,895,1498,0.13127283028962516
604,899,1503,0.13131695655653874
594,894,1488,0.13135551759633132
598,905,1503,0.1314141376156328
609,906,1515,0.13145817251704603
606,899,1505,0.13147232765434522
597,888,1485,0.1314937017316987
591,880,1471,0.13153606656240588
593,875,1468,0.13158777197204025
604,875,1479,0.13162896453387454
603,900,1503,0.13164117457894772
607,900,1507,0.13165315561421703
603,895,1498,0.1316537788082593
600,902,1502,0.13166502865656424
605,901,1506,0.1316831987387255
596,902,1498,0.13168932802828054
597,903,1500,0.1317174362840282
598,906,1504,0.13174295455621388
595,916,1511,0.1317656899312727
595,914,1509,0.13179421804879451
598,914,1512,0.13182133950091215
586,914,1500,0.13183921497280754
582,924,1506,0.13188541089598074
582,935,1517,0.13193937461583582
573,937,1510,0.13199042784466303
569,935,1504,0.13205980473224163
575,943,1518,0.1321346686399088
575,939,1514,0.13218993304591226
569,943,1512,0.13224228100572222
576,946,1522,0.13230495871557424
577,945,1522,0.1323482650412062
570,936,1506,0.13238673437366255
569,938,1507,0.13243870404595143
564,948,1512,0.13248981044955369
567,949,1516,0.13255001042238557
562,947,1509,0.13260033558290185
551,953,1504,0.13265982529439832
551,956,1507,0.13273944277686403
551,947,1498,0.13281477133251043
552,954,1506,0.1328861584477256
546,960,1506,0.1329480042816369
547,962,1509,0.13302118657673123
550,949,1499,0.13308614706033234
535,947,1482,0.13313697314511155
535,945,1480,0.13321855397946758
545,942,1487,0.13329338053449435
544,934,1478,0.13333828163274983
549,946,1495,0.1333793212584975
544,949,1493,0.13340756899212766
551,944,1495,0.13344405439356916
545,959,1504,0.1334625667870683
544,967,1511,0.13349534407015273
544,960,1504,0.13353111527536735
549,943,1492,0.13356645620883828
544,953,1497,0.1335863971825339
540,956,1496,0.13361681673435252
543,959,1502,0.1336548193619764
537,966,1503,0.13368117850360542
532,962,1494,0.133719647269928
531,964,1495,0.13376850338495683
528,966,1494,0.13381552675115585
534,968,1502,0.1338662038796677
533,966,1499,0.13389808977008957
533,974,1507,0.13393251845993767
536,975,1511,0.1339639442133683
534,968,1502,0.13398540747003382
537,964,1501,0.13400904086022286
539,968,1507,0.13402443855794252
539,965,1504,0.13403313726674812
549,964,1513,0.1340416796604056
540,971,1511,0.13402630753372807
537,966,1503,0.13403436439222782
549,971,1520,0.13404888114738645
546,965,1511,0.13403470040683493
534,959,1493,0.13402830189252785
537,967,1504,0.13405117900264496
539,971,1510,0.1340648366020671
542,966,1508,0.13407287884890748
541,961,1502,0.13407491843284347
536,959,1495,0.13408072081021846
542,971,1513,0.13409883190837957
541,970,1511,0.13410250190873071
542,965,1507,0.13410815262429115
538,952,1490,0.1341124115144982
543,965,1508,0.13412484204531405
543,963,1506,0.1341243549665946
538,956,1494,0.1341230914229072
532,962,1494,0.13413420675712412
534,960,1494,0.13415912552088988
530,948,1478,0.1341789178364204
536,957,1493,0.1342052329306796
531,951,1482,0.1342154463935686
532,969,1501,0.13423791084123302
535,975,1510,0.13425514386339896
527,977,1504,0.13426605536525296
527,979,1506,0.13429210452130202
524,978,1502,0.1343171252148139
527,971,1498,0.13434939108659325
525,975,1500,0.13437524064594952
525,991,1516,0.13440508783466554
525,978,1503,0.13443263335520483
535,983,1518,0.134455626058804
535,978,1513,0.13445303620414953
534,990,1524,0.1344521205132879
535,989,1524,0.13445491617910624
529,989,1518,0.13445571366824866
522,985,1507,0.13447050392356652
531,976,1507,0.13450116973109388
537,975,1512,0.1345098224612293
538,982,1520,0.13450534140437173
535,978,1513,0.1344986879101858
530,983,1513,0.1345005294534957
527,979,1506,0.1345114159768796
528,980,1508,0.13452849942176381
528,973,1501,0.13454179162622712
535,975,1510,0.13455437442580306
529,977,1506,0.1345496417641016
529,982,1511,0.13455978149729306
529,980,1509,0.13456952930184482
530,989,1519,0.13457846470898496
525,990,1515,0.13458365364127048
524,999,1523,0.13460053040672348
518,1002,1520,0.1346187956886842
520,984,1504,0.13464844963632747
516,988,1504,0.13467221345032754
518,988,1506,0.13470368123396922
516,984,1500,0.13472499485934172
526,981,1507,0.13475161661858978
532,980,1512,0.1347519512294433
523,988,1511,0.13473782305154877
525,976,1501,0.13474487688098666
529,979,1508,0.13474651505311272
525,981,1506,0.13473922165735414
521,991,1512,0.13474145557945472
523,991,1514,0.13475174228214962
520,996,1516,0.13475633082999575
524,992,1516,0.1347675050652759
529,993,1522,0.13477107116207943
525,983,1508,0.1347622642812126
520,979,1499,0.13476276293387063
519,987,1506,0.13477629104800765
528,980,1508,0.13479275830194054
518,982,1500,0.13478684790109646
514,980,1494,0.1348040802188815
518,976,1494,0.13482913880469283
514,969,1483,0.1348428866730792
524,987,1511,0.13486392143752332
530,986,1516,0.13485803064832388
520,986,1506,0.13483730837437632
525,993,1518,0.1348435682613072
532,995,1527,0.13483764487622646
528,998,1526,0.1348175368969313
522,1005,1527,0.13480829166211
523,990,1513,0.13481265128176811
530,986,1516,0.13481531779071995
522,985,1507,0.13480213355987566
514,1005,1519,0.13480985322409234
508,991,1499,0.13483687345020004
509,993,1502,0.13487436284322865
513,993,1506,0.1349072470723485
516,1003,1519,0.13492921481567705
511,1005,1516,0.1349433136242326
508,1002,1510,0.13496899042268165
513,1002,1515,0.1350011765468123
507,999,1506,0.13501705148885795
503,982,1485,0.13504458861616286
502,987,1489,0.13507759942556188
497,995,1492,0.1351126731182676
505,1009,1514,0.1351581485939748
502,1006,1508,0.1351814539005783
498,1017,1515,0.13521157251774363
502,1007,1509,0.135251321874426
504,999,1503,0.13527736531256657
502,1005,1507,0.13529782776898824
507,1020,1527,0.1353217284670769
501,1025,1526,0.13533335458617382
501,1019,1520,0.13535855336205344
494,1006,1500,0.1353824152289621
494,1012,1506,0.1354201752575085
498,1006,1504,0.13545337673578406
503,1005,1508,0.13547366763733418
502,1010,1512,0.13548154894508507
502,997,1499,0.13549041937301973
502,1006,1508,0.13549917213539747
500,1003,1503,0.1355087163616595
490,996,1486,0.13552275848079604
495,998,1493,0.13555798080222412
485,1010,1495,0.1355808899142541
485,1014,1499,0.13562581129813517
481,1019,1500,0.135668980057245
479,1025,1504,0.1357198426833658
480,1024,1504,0.13577179232511194
488,1017,1505,0.1358169016668822
488,1015,1503,0.13584130480653633
488,1027,1515,0.13586425033284905
487,1023,1510,0.1358860526031319
481,1037,1518,0.13590993283819486
485,1032,1517,0.1359453690921422
484,1025,1509,0.1359675783629801
486,1033,1519,0.13599052664530514
486,1031,1517,0.1360056330957184
485,1032,1517,0.1360188620001824
478,1038,1516,0.13603469977623842
480,1033,1513,0.13606513838340062
478,1026,1504,0.13609102094742187
477,1029,1506,0.13611994687965226
479,1039,1518,0.13614842374201705
478,1035,1513,0.13616971831508246
479,1047,1526,0.1361919968734993
480,1039,1519,0.13620804719220256
477,1029,1506,0.1362208465178588
473,1040,1513,0.1362414868133871
473,1034,1507,0.1362701736983013
477,1030,1507,0.13629767766898004
482,1026,1508,0.13631356449155796
484,1027,1511,0.13631404840329123
476,1029,1505,0.13630984697511653
474,1029,1503,0.1363250068838002
472,1024,1496,0.13634593635214204
475,1023,1498,0.13636939465582118
472,1034,1506,0.13638317457845855
479,1020,1499,0.13640305583561343
468,1028,1496,0.13640592541656485
473,1031,1504,0.13643411692740073
473,1030,1503,0.1364477552872366
477,1032,1509,0.1364633178959747
470,1036,1506,0.1364683962408456
470,1033,1503,0.1364882927480804
474,1034,1508,0.13650668990143658
473,1035,1508,0.13651443291817617
474,1029,1503,0.1365241784120185
470,1032,1502,0.1365301291973498
469,1041,1510,0.13654555138707847
465,1047,1512,0.1365629940586946
475,1038,1513,0.13659076439844214
475,1039,1514,0.13659008294523461
475,1043,1518,0.13659056856029841
469,1041,1510,0.13659316795593932
470,1031,1501,0.1366085275463226
471,1031,1502,0.13662019101310346
474,1042,1516,0.13662798585286168
471,1036,1507,0.1366287351869297
463,1047,1510,0.13663626003032972
463,1040,1503,0.13666291517648532
467,1041,1508,0.13668871185739254
466,1048,1514,0.13670547727603505
465,1059,1524,0.13672450258831376
465,1059,1524,0.13674546352756584
464,1052,1516,0.13676476324954148
466,1060,1526,0.13678513511196602
458,1065,1523,0.13680067114901334
453,1069,1522,0.1368343971348067
457,1063,1520,0.13687875568237817
459,1060,1519,0.13691078733729867
454,1052,1506,0.13693598847822688
453,1055,1508,0.13697017067222542
458,1049,1507,0.13700393339606154
463,1048,1511,0.13702458502448453
455,1051,1506,0.137033776560719
458,1059,1517,0.1370603902636282
451,1056,1507,0.1370779993542458
452,1049,1501,0.13711176553895693
447,1055,1502,0.1371416972691481
450,1063,1513,0.13718011014209458
436,1062,1498,0.1372069116490748
433,1073,1506,0.13726459602883057
428,1065,1493,0.13732509603527487
434,1069,1503,0.1373942651984735
436,1071,1507,0.137444075284244
438,1074,1512,0.13748520350181218
436,1077,1513,0.13752032183567844
443,1072,1515,0.1375574529068746
443,1073,1516,0.137575936268404
440,1067,1507,0.13759362669219552
429,1064,1493,0.13761712962003753
430,1067,1497,0.1376627693851625
434,1071,1505,0.1377032227342279
435,1077,1512,0.1377335452318929
431,1080,1511,0.1377598853364403
435,1091,1526,0.13779353566593133
433,1094,1527,0.13781717327817952
433,1087,1520,0.1378442856602443
434,1082,1516,0.13787085355455464
426,1086,1512,0.1378939113744411
429,1090,1519,0.1379334359529288
432,1091,1523,0.13796123170020227
432,1083,1515,0.13798105993699225
436,1089,1525,0.13799867802642754
433,1085,1518,0.13800675220455105
428,1079,1507,0.13802241345296026
426,1093,1519,0.13804807607946779
424,1093,1517,0.13807819781305203
425,1099,1524,0.13811272802525643
421,1094,1515,0.13814128164029343
426,1074,1500,0.13817564821890133
422,1070,1492,0.13819453639568227
431,1072,1503,0.13822051388169826
425,1074,1499,0.13822273972886406
420,1079,1499,0.13823902538045726
424,1077,1501,0.13826336529814687
432,1068,1500,0.13827644369042424
434,1067,1501,0.13827154490006865
435,1066,1501,0.1382617433611969
440,1068,1508,0.13825209525242446
437,1078,1515,0.13822850258544922
437,1082,1519,0.13821467441071264
437,1071,1508,0.13820395345809325
430,1069,1499,0.13819519490201512
435,1074,1509,0.13820235516057233
439,1071,1510,0.1381970206608005
441,1072,1513,0.13818174105637115
435,1076,1511,0.13816367362770263
432,1076,1508,0.13816097365653998
423,1078,1501,0.1381662861862801
420,1079,1499,0.13819182787543005
423,1085,1508,0.13822341072617644
427,1079,1506,0.13824480255351093
428,1072,1500,0.13825610980753777
421,1075,1496,0.1382650132813067
422,1081,1503,0.13829114352058222
418,1092,1510,0.13831397695172934
421,1084,1505,0.1383422940302197
428,1082,1510,0.13836124137861489
427,1085,1512,0.1383627775047003
425,1084,1509,0.13836692010890558
428,1085,1513,0.1383757827606273
434,1082,1516,0.13837920809288876
434,1074,1508,0.13836926215634218
427,1078,1505,0.1383600438543513
429,1077,1506,0.13836802075495064
422,1080,1502,0.13837083046897822
419,1083,1502,0.13839107240541887
417,1079,1496,0.1384152683848477
419,1074,1493,0.13844250140020234
420,1088,1508,0.1384635155282897
427,1091,1518,0.138480836385772
428,1076,1504,0.1384788985235708
427,1084,1511,0.13847430485915604
429,1076,1505,0.13847341105591876
431,1071,1502,0.1384670191311945
429,1068,1497,0.13845547068639694
433,1062,1495,0.13845175313929242
431,1054,1485,0.13843792773678057
434,1069,1503,0.1384289789996264
431,1067,1498,0.1384127355191303
441,1071,1512,0.138403856787713
442,1069,1511,0.138372173016934
438,1064,1502,0.13834060916215982
441,1059,1500,0.1383201395089776
443,1060,1503,0.13829196836083704
448,1071,1519,0.1382609098633933
450,1077,1527,0.13822038366576422
445,1071,1516,0.13817991880735891
447,1069,1516,0.1381541261031107
442,1063,1505,0.13812560453237338
441,1062,1503,0.13811142565556275
442,1059,1501,0.13809881573340418
442,1058,1500,0.13808618340376
444,1053,1497,0.13807328541129696
448,1051,1499,0.13805797812360637
452,1058,1510,0.13803474631365603
445,1064,1509,0.13800533022111583
443,1068,1511,0.13799514166643534
445,1070,1515,0.1379884914574027
447,1071,1518,0.13797734511775706
445,1061,1506,0.13796181556418904
441,1064,1505,0.13795263699363455
440,1070,1510,0.13795423932848422
444,1085,1529,0.13796006097653102
437,1080,1517,0.13795699563580768
440,1084,1524,0.1379710101763549
443,1087,1530,0.13797670593197903
443,1083,1526,0.13797300147589225
444,1084,1528,0.13796992404117042
442,1082,1524,0.13796557263608553
443,1084,1527,0.1379650924947002
437,1076,1513,0.1379634365209555
439,1081,1520,0.13797679987379202
443,1072,1515,0.1379837816485156
444,1078,1522,0.13797960776263676
446,1074,1520,0.13797373185365322
447,1073,1520,0.13796215830319736
453,1075,1528,0.1379484449085
452,1067,1519,0.1379229211178129
452,1073,1525,0.1379008539535672
452,1063,1515,0.13787995724157706
446,1063,1509,0.13785915855308178
438,1059,1497,0.13785436348584784
436,1067,1503,0.1378693000876477
432,1078,1510,0.1378878016826316
435,1080,1515,0.13791409779456779
440,1077,1517,0.13793282510826996
444,1067,1511,0.1379374476953038
448,1062,1510,0.1379327035256545
441,1055,1496,0.13791864554081917
428,1055,1483,0.1379196108086291
432,1068,1500,0.13794818861450173
435,1072,1507,0.13796639897955593
437,1087,1524,0.1379778425479456
431,1088,1519,0.13798399748009613
431,1087,1518,0.1380032234427007
439,1081,1520,0.13802153789275667
442,1076,1518,0.13802006098351222
437,1079,1516,0.1380123752912931
438,1076,1514,0.13801392552546637
440,1072,1512,0.13801112754226977
437,1079,1516,0.1380029195765224
435,1072,1507,0.13800051561872975
426,1075,1501,0.13800389431268908
435,1072,1507,0.1380277738639639
444,1061,1505,0.13803026324356055
440,1059,1499,0.13801135776484746
441,1071,1512,0.13800401949594254
443,1073,1516,0.13799395890574526
445,1071,1516,0.13797905573660085
445,1072,1517,0.13796100377021045
440,1058,1498,0.1379443631269253
439,1068,1507,0.13794017886476762
441,1069,1510,0.1379395811193259
431,1069,1500,0.1379358190929527
432,1083,1515,0.1379561446481333
431,1083,1514,0.13797529294927482
426,1079,1505,0.13799394464839537
426,1076,1502,0.1380213036081705
421,1078,1499,0.13804635627128414
422,1089,1511,0.13808320838141305
429,1085,1514,0.13811558349827405
426,1084,1510,0.1381275801266807
425,1082,1507,0.13814409948355758
430,1077,1507,0.13816034088102666
427,1086,1513,0.13816325109839
432,1093,1525,0.13817429938518694
423,1090,1513,0.13817517520473394
427,1092,1519,0.13819866888427865
421,1096,1517,0.13821234048452483
416,1096,1512,0.13823869923361515
419,1080,1499,0.13827305671480508
425,1078,1503,0.13829744665646984
423,1072,1495,0.13830764998906503
420,1078,1498,0.13832204848857427
419,1088,1507,0.1383426418265132
413,1094,1507,0.13836386623739036
408,1093,1501,0.13839735439231116
411,1088,1499,0.13843955269505762
416,1085,1501,0.13847362278866165
417,1092,1509,0.1384925489620135
419,1087,1506,0.1385082125788162
420,1094,1514,0.1385172661162471
424,1087,1511,0.13852062201383045
427,1096,1523,0.13851203530333947
421,1095,1516,0.13849822418228486
426,1102,1528,0.1384992091109579
429,1098,1527,0.13848938416593967
426,1108,1534,0.13847379602952908
422,1105,1527,0.13846701094923308
424,1097,1521,0.1384702240070478
419,1107,1526,0.13846892669607963
415,1093,1508,0.13848218774126653
415,1091,1506,0.13850355598683095
422,1099,1521,0.1385236348574411
420,1095,1515,0.13852273703169757
419,1101,1520,0.13852593066550498
417,1089,1506,0.1385326512480455
414,1096,1510,0.1385425805571134
411,1096,1507,0.13856098785759327
412,1089,1501,0.1385849842744302
414,1082,1496,0.13860402859867788
415,1099,1514,0.13861640887341248
420,1082,1502,0.1386256334323106
425,1091,1516,0.13862441599301056
429,1103,1532,0.13861038109358448
423,1102,1525,0.13858981739607007
428,1103,1531,0.13858623274019075
427,1098,1525,0.13857093136856996
424,1096,1520,0.13855902236116677
418,1094,1512,0.13855463555342448
417,1095,1512,0.13856291065014328
410,1094,1504,0.13857429271023153
411,1092,1503,0.13860188475828214
418,1101,1519,0.13862671793545314
414,1096,1510,0.1386335438638254
410,1091,1501,0.13864873033711667
404,1088,1492,0.1386705676614329
402,1094,1496,0.13870564300064672
396,1110,1506,0.13874501389503358
395,1121,1516,0.13879655211228045
389,1123,1512,0.13884419741047388
392,1126,1518,0.13890416402683908
397,1122,1519,0.13895404973734768
386,1121,1507,0.138987328675786
391,1121,1512,0.13904366103953933
388,1118,1506,0.13908498484392848
382,1123,1505,0.13913069357241314
383,1123,1506,0.1391873692623168
384,1129,1513,0.13924033022189788
383,1125,1508,0.13928772292251992
379,1127,1506,0.13933314177273454
380,1138,1518,0.13938441429363152
387,1138,1525,0.13943035828563682
391,1127,1518,0.13945662453926413
389,1124,1513,0.1394733093694579
390,1124,1514,0.1394934663768594
388,1127,1515,0.1395102095510289
392,1135,1527,0.1395284644343725
391,1130,1521,0.1395378344221209
393,1128,1521,0.13954843104848702
388,1131,1519,0.13955209816582018
387,1130,1517,0.1395687322336318
388,1123,1511,0.1395856213754427
387,1122,1509,0.1395997966862619
385,1132,1517,0.13961376574434245
382,1128,1510,0.13963344146831905
382,1118,1500,0.13965903278203476
383,1117,1500,0.13968355322811635
382,1132,1514,0.13970365195272205
387,1129,1516,0.13972587448520798
391,1128,1519,0.13973598745219107
390,1124,1514,0.13973394355743687
391,1121,1512,0.13973464672898328
387,1122,1509,0.13973361615790586
380,1128,1508,0.13974044197806898
369,1132,1501,0.13976274850063639
378,1133,1511,0.1398087354459677
380,1140,1520,0.13983023898192543
383,1136,1519,0.13984565801206733
379,1132,1511,0.1398511318017846
375,1140,1515,0.13986639002475687
375,1126,1501,0.1398901266838037
379,1120,1499,0.13991280053443472
379,1116,1495,0.13992585342688843
376,1126,1502,0.1399388608090608
380,1127,1507,0.13995807771167332
375,1135,1510,0.13996754632600986
373,1142,1515,0.1399855971317347
382,1125,1507,0.14000734756679628
379,1127,1506,0.14000735836119918
382,1132,1514,0.1400138703791861
382,1141,1523,0.14001370796980805
381,1149,1530,0.14001359556050455
377,1128,1505,0.14001884692544458
374,1139,1513,0.14003297560696698
366,1137,1503,0.14005329593359372
365,1145,1510,0.14009237753718276
368,1154,1522,0.14012996013515594
367,1135,1502,0.14015891599758676
360,1147,1507,0.14018760780277165
361,1132,1493,0.1402316599018265
373,1133,1506,0.14026917253159865
368,1147,1515,0.14027590684658947
374,1155,1529,0.1402947601553657
368,1156,1524,0.14029590818160387
370,1146,1516,0.1403113409638271
373,1152,1525,0.14032275148060883
367,1144,1511,0.14032735912709313
367,1148,1515,0.14034671456854347
360,1140,1500,0.1403651575942871
361,1136,1497,0.14039887779207272
356,1137,1493,0.1404284659185698
354,1149,1503,0.14046811182270827
355,1146,1501,0.14050910052880008
362,1144,1506,0.14054469999675911
365,1142,1507,0.14056077521743024
352,1145,1497,0.14056891210965336
357,1152,1509,0.14060707245633383
359,1151,1510,0.14063256486868986
362,1148,1510,0.14065180623687562
360,1153,1513,0.1406623399298034
361,1158,1519,0.14067586093563914
361,1158,1519,0.14068701021395014
359,1154,1513,0.14069812447480592
360,1159,1519,0.14071434205597805
360,1150,1510,0.140726592155215
360,1151,1511,0.14073808447361713
351,1154,1505,0.14074673782096633
348,1148,1496,0.14077702034473322
347,1144,1491,0.14081416761035928
347,1150,1497,0.14085093895057382
348,1162,1510,0.1408850954201616
347,1171,1518,0.140914857734359
343,1166,1509,0.14094458607586346
346,1152,1498,0.1409816963250624
344,1158,1502,0.14100716618023518
350,1159,1509,0.1410337388460579
350,1162,1512,0.1410457442411298
349,1157,1506,0.14105827485544276
354,1162,1516,0.1410732283369148
353,1160,1513,0.14107585004131423
344,1166,1510,0.14108110051206338
339,1166,1505,0.14110740724385792
341,1170,1511,0.14114370106531765
337,1163,1500,0.14117403679017534
338,1168,1506,0.14121011527662966
337,1161,1498,0.14124222830503105
337,1165,1502,0.1412753737700012
340,1158,1498,0.14130709972963287
343,1157,1500,0.141328996810912
342,1168,1510,0.14134383497324524
339,1178,1517,0.14136040439539024
341,1200,1541,0.1413801695946066
344,1193,1537,0.14139463922830206
335,1189,1524,0.14140249722834977
341,1186,1527,0.14143090483331078
344,1180,1524,0.14144405727153875
340,1185,1525,0.14144675103156995
341,1181,1522,0.1414599162594519
336,1193,1529,0.14147050651135562
338,1188,1526,0.14149126795541037
336,1181,1517,0.14150779321680518
333,1176,1509,0.14152758618528233
334,1179,1513,0.14155299616396352
335,1186,1521,0.14157454016795004
333,1181,1514,0.14159341165670106
333,1182,1515,0.14161616130104426
335,1171,1506,0.14163792017971244
334,1178,1512,0.1416522944592948
328,1181,1509,0.1416681227592506
327,1182,1509,0.14169797099297946
334,1183,1517,0.14172712373361335
329,1180,1509,0.14173794664466294
325,1181,1506,0.14175940984772661
325,1183,1508,0.14178783093348024
326,1190,1516,0.14181431479572557
332,1188,1520,0.14183732873310603
337,1194,1531,0.14184476928858156
335,1185,1520,0.14183841379266368
339,1166,1505,0.14183602295034864
334,1168,1502,0.1418255857044018
333,1184,1517,0.1418278187022933
330,1188,1518,0.14183222944757215
332,1184,1516,0.14184398401484288
332,1186,1518,0.14184952692959218
330,1173,1503,0.1418537999328154
332,1181,1513,0.14186233538698342
331,1174,1505,0.1418674699151963
334,1188,1522,0.1418747339266085
330,1181,1511,0.14187334903134047
330,1182,1512,0.14188269866848593
325,1180,1505,0.14189201241058924
326,1187,1513,0.1419122370116337
331,1175,1506,0.141927653441928
332,1180,1512,0.14193111927896987
335,1190,1525,0.14193310505686368
332,1183,1515,0.14192794847353496
332,1184,1516,0.14193034428245455
335,1179,1514,0.14193393651936276
332,1187,1519,0.1419302308354565
335,1178,1513,0.14193322171912778
334,1187,1521,0.14192981860821244
332,1189,1521,0.14192660921889597
326,1193,1519,0.1419287154605533
326,1189,1515,0.1419451954838001
321,1190,1511,0.14196109763126763
315,1185,1500,0.14198678261995779
320,1188,1508,0.1420245068637698
326,1173,1499,0.14204843580559318
329,1178,1507,0.1420577675779396
328,1179,1507,0.1420588026476542
324,1183,1507,0.14206044947278665
319,1185,1504,0.1420716319907524
313,1186,1499,0.14209301579681038
315,1186,1501,0.14212641183272337
319,1197,1516,0.1421528834827052
318,1191,1509,0.14216775597160397
315,1204,1519,0.14218356643759836
315,1200,1515,0.14220602183560588
312,1193,1505,0.14222642462870141
307,1194,1501,0.14225390697767348
310,1186,1496,0.1422903809972982
308,1183,1491,0.14231811092649163
308,1189,1497,0.14234747320598257
309,1190,1499,0.14237493449448668
313,1196,1509,0.14239793285933658
310,1201,1511,0.14241052278562594
313,1202,1515,0.14242906742150646
310,1206,1516,0.14244011730142214
308,1198,1506,0.1424591598152529
308,1193,1501,0.14248124565254439
304,1199,1503,0.14250225279339004
302,1187,1489,0.14253134916790655
309,1203,1512,0.1425607625806675
311,1198,1509,0.14257132725839905
303,1197,1500,0.1425771097293601
298,1199,1497,0.14260075800510336
301,1192,1493,0.14263519629878715
309,1197,1506,0.14266004601256907
309,1196,1505,0.14266380645203217
304,1201,1505,0.14266826160307067
306,1201,1507,0.14268378818944127
302,1203,1505,0.14269390176493124
293,1208,1501,0.14271250067658198
298,1220,1518,0.14274905498975968
293,1218,1511,0.14277092605332442
293,1223,1516,0.14280298968106964
299,1205,1504,0.14283337200013993
305,1205,1510,0.1428474221313839
306,1211,1517,0.14284553066798145
307,1195,1502,0.14284088937837225
304,1193,1497,0.14283307142150234
299,1190,1489,0.14283331669413277
300,1206,1506,0.14284603480889949
300,1205,1505,0.14285540645028239
302,1210,1512,0.14286381593923075
302,1197,1499,0.14286869444225533
306,1204,1510,0.14287428236710442
304,1207,1511,0.14286777218610938
303,1200,1503,0.14286625919125073
308,1205,1513,0.14286836867586153
309,1205,1514,0.1428600737213494
306,1193,1499,0.142849699531726
303,1201,1504,0.1428480844456194
306,1204,1510,0.1428530969913961
307,1208,1515,0.14284903519856243
305,1210,1515,0.1428423581084229
306,1215,1521,0.14284042417213302
306,1225,1531,0.14283739262665654
307,1227,1534,0.14283440785454882
305,1214,1519,0.14282986983573323
303,1216,1519,0.14283151913993866
300,1218,1518,0.14283810636656954
296,1219,1515,0.14285164035029704
295,1208,1503,0.1428740240715969
293,1221,1514,0.14289803763989503
293,1213,1506,0.14292468103338848
301,1206,1507,0.14295031947392192
300,1220,1520,0.14295478925994662
300,1208,1508,0.14296140204564728
294,1213,1507,0.14296880076201376
285,1220,1505,0.14298935251347766
281,1215,1496,0.14302919432942168
281,1209,1490,0.1430741980505374
282,1214,1496,0.14311576485676236
281,1208,1489,0.14315293168095258
275,1222,1497,0.1431905598401891
275,1227,1502,0.1432402241298053
274,1233,1507,0.143286320550551
266,1228,1494,0.14333247153931952
273,1223,1496,0.1433943293437513
277,1219,1496,0.14343528596794491
278,1228,1506,0.14346279475772994
280,1227,1507,0.14348662123243702
277,1223,1500,0.1435019584003822
280,1229,1509,0.1435246077569389
282,1228,1510,0.14353861452273972
281,1224,1505,0.14354661032375934
280,1220,1500,0.14355614350355111
278,1228,1506,0.1435679436727106
278,1236,1514,0.14358361203937797
276,1241,1517,0.1435981423448139
277,1241,1518,0.14361710778324085
275,1233,1508,0.14363101994793542
281,1239,1520,0.14365046744279555
281,1232,1513,0.14365403313889016
284,1242,1526,0.143657547655197
282,1245,1527,0.14365206914348808
280,1229,1509,0.1436522814546122
283,1236,1519,0.14365642749253774
276,1235,1511,0.14365536625169717
279,1235,1514,0.1436700805903227
279,1238,1517,0.14367739818182185
281,1231,1512,0.14368467776243116
283,1228,1511,0.143685557268848
279,1243,1522,0.14368158926852412
278,1246,1524,0.14368782080741613
272,1244,1516,0.14369579257959156
270,1250,1520,0.14371701842745196
272,1255,1527,0.14374224423953028
276,1242,1518,0.14376084867533384
270,1248,1518,0.14376949180719123
270,1233,1503,0.14379252121809202
270,1223,1493,0.14381427471228758
268,1220,1488,0.14383485417622127
270,1234,1504,0.14385926210695277
269,1245,1514,0.14387737477124682
267,1237,1504,0.14389726752011117
269,1230,1499,0.14392077484897053
272,1227,1499,0.1439369916963443
273,1231,1504,0.14394240249560236
271,1242,1513,0.1439447225975719
276,1251,1527,0.14395301328436838
274,1243,1517,0.14394900190382365
280,1237,1517,0.14394887682518806
282,1246,1528,0.14393394791143685
282,1241,1523,0.14391498205442718
278,1240,1518,0.1438965504071871
277,1242,1519,0.14388874153184983
279,1247,1526,0.1438842836456459
280,1239,1519,0.14387616630660477
280,1242,1522,0.14386661352168637
278,1236,1514,0.1438583657502074
276,1238,1514,0.1438549567702692
272,1232,1504,0.1438549764325083
277,1229,1506,0.14386522178059616
282,1237,1519,0.1438601923890802
269,1238,1507,0.14384202079988978
269,1239,1508,0.1438566166437203
269,1238,1507,0.14386992305827395
271,1247,1518,0.1438833693663861
276,1252,1528,0.14389143058718015
268,1248,1516,0.1438868326075955
262,1252,1514,0.14390313154410111
266,1245,1511,0.1439336456937649
265,1246,1511,0.14395256102819115
265,1250,1515,0.14397126306734584
266,1251,1517,0.14398920786496489
268,1252,1520,0.1440046637033988
268,1244,1512,0.1440135834304349
268,1240,1508,0.1440218544624203
263,1247,1510,0.1440291342705124
259,1261,1520,0.1440490432221041
263,1246,1509,0.14407613260608393
264,1253,1517,0.14409329190357112
264,1253,1517,0.14410557950641745
263,1252,1515,0.14411725087686403
264,1253,1517,0.1441301346741421
256,1247,1503,0.1441393569020956
252,1243,1495,0.1441660261379527
258,1247,1505,0.1442008876375847
263,1250,1513,0.14421896539946777
259,1249,1508,0.14422516666815088
260,1256,1516,0.14424077992254739
261,1258,1519,0.1442528631080525
261,1243,1504,0.144260240812509
263,1251,1514,0.14426681702418354
262,1242,1504,0.14426977974406738
261,1253,1514,0.1442755274442096
261,1254,1515,0.14428175284988815
258,1253,1511,0.14428691498408203
261,1250,1511,0.14429819008635458
260,1257,1517,0.14429937713058583
259,1263,1522,0.14430367260275317
261,1271,1532,0.14431180242431726
258,1280,1538,0.14431529599299497
253,1280,1533,0.1443259622689557
242,1280,1522,0.1443491926566275
247,1273,1520,0.14439748083804482
243,1275,1518,0.1444314584958634
237,1285,1522,0.14447302381027805
242,1282,1524,0.1445234365340905
243,1281,1524,0.144560011131547
244,1276,1520,0.14459127019920828
239,1260,1499,0.1446175087452318
241,1261,1502,0.1446542597849327
242,1272,1514,0.14468344071860026
243,1273,1516,0.14470829703113888
248,1272,1520,0.1447298045670329
247,1251,1498,0.14473826597860565
249,1245,1494,0.1447477804423679
249,1251,1500,0.14475232975836336
249,1250,1499,0.14475756872974727
251,1265,1516,0.14476216308821774
249,1251,1500,0.14476285423488813
250,1256,1506,0.14476851731512147
249,1260,1509,0.14476985613219692
249,1271,1520,0.14477341334677496
244,1267,1511,0.14477722762959536
245,1275,1520,0.14479360080203446
244,1283,1527,0.14480717055418288
248,1279,1527,0.1448231259846997
253,1274,1527,0.14482784270014348
251,1266,1517,0.14481864486339233
248,1267,1515,0.144814632107318
244,1259,1503,0.14482011241874404
243,1271,1514,0.14483616516336364
240,1263,1503,0.1448546286128581
239,1259,1498,0.14487847572960327
245,1276,1521,0.14490280226126553
246,1282,1528,0.1449104716231093
243,1259,1502,0.14491438638097132
237,1278,1515,0.14492515086036417
240,1270,1510,0.14495046255201288
236,1269,1505,0.14496689950923294
232,1269,1501,0.14499150982765704
237,1265,1502,0.14502408588430718
231,1270,1501,0.1450401578676739
235,1275,1510,0.14506782180462982
236,1281,1517,0.145083149569833
234,1266,1500,0.14509522932574748
244,1269,1513,0.14511181761317807
245,1263,1508,0.14510233323375263
243,1260,1503,0.14509309532971057
241,1265,1506,0.1450896933944186
242,1269,1511,0.1450920549352352
240,1268,1508,0.14509339900312382
241,1271,1512,0.14509935822923192
239,1261,1500,0.14510366214773693
239,1266,1505,0.14511233460237577
238,1269,1507,0.1451196481565167
238,1287,1525,0.14512812139448816
234,1283,1517,0.14513630624962232
237,1276,1513,0.1451526986365963
239,1265,1504,0.14516049318345098
237,1282,1519,0.14516183084967235
236,1276,1512,0.14516729595887623
233,1269,1502,0.14517679936883812
231,1278,1509,0.14519191458756062
233,1267,1500,0.14521043914751683
235,1270,1505,0.1452238989209312
234,1282,1516,0.14523346525201705
231,1280,1511,0.14524421667275983
230,1286,1516,0.1452603760883955
233,1284,1517,0.145278285755965
230,1280,1510,0.14528770736189764
231,1286,1517,0.14530356883752965
229,1290,1519,0.1453165633186481
228,1280,1508,0.14533396826221445
236,1272,1508,0.1453522240236164
236,1261,1497,0.14535163470418935
233,1262,1495,0.14534859348480494
235,1275,1510,0.14535238570654435
236,1274,1510,0.14535001088244762
238,1266,1504,0.14534561476926783
238,1271,1509,0.14533594327402552
239,1267,1506,0.14532798749110248
237,1276,1513,0.14531651142802093
240,1270,1510,0.14531058681950884
236,1266,1502,0.14529920612598726
238,1268,1506,0.14529961406788647
241,1283,1524,0.1452964252250171
242,1281,1523,0.14528680472871314
241,1278,1519,0.14527531540545868
237,1290,1527,0.14526886433067912
236,1296,1532,0.14527308257020966
233,1298,1531,0.14527754277002805
232,1294,1526,0.14528906029425565
237,1289,1526,0.1453026581715966
231,1291,1522,0.14530549183198752
228,1290,1518,0.14532205230751946
225,1287,1512,0.14534489033856285
226,1280,1506,0.1453728444377055
228,1293,1521,0.14539579780659037
230,1288,1518,0.14541177912350478
232,1290,1522,0.14542351887267524
227,1285,1512,0.14543016293609065
233,1281,1514,0.14544571882655458
233,1280,1513,0.14544674674350605
231,1286,1517,0.14544806353874398
230,1293,1523,0.14545459579761028
229,1293,1522,0.1454644717013297
225,1294,1519,0.14547408986193097
234,1290,1524,0.14549312812505877
233,1285,1518,0.1454882184822302
232,1289,1521,0.14548684239496862
230,1289,1519,0.14548739993705875
226,1283,1509,0.14549275184835778
232,1278,1510,0.14550819185373332
227,1284,1511,0.1455082038579901
225,1286,1511,0.14551900665385162
230,1278,1508,0.14553396717741146
228,1274,1502,0.14553626262196875
228,1288,1516,0.1455445420386164
231,1288,1519,0.14555192951541715
228,1285,1513,0.14555074049651587
227,1289,1516,0.14555640070487755
226,1289,1515,0.14556454094363858
226,1293,1519,0.14557535077139835
227,1306,1533,0.1455865252783675
222,1304,1526,0.1455954953526049
220,1310,1530,0.14561540313423763
222,1303,1525,0.14563821846413647
217,1296,1513,0.1456557415057891
222,1292,1514,0.14568391407677717
222,1295,1517,0.14569882194873074
226,1300,1526,0.14571362304871258
225,1302,1527,0.14571797008479778
222,1300,1522,0.14572349089427902
223,1289,1512,0.14573524847016456
221,1289,1510,0.14574480777590748
219,1293,1512,0.1457586039660578
215,1292,1507,0.14577659861436956
224,1292,1516,0.14580183843528083
228,1283,1511,0.14580328979212964
229,1283,1512,0.1457956773557771
226,1290,1516,0.1457841813025842
226,1289,1515,0.14578135089617247
227,1289,1516,0.1457797995280455
226,1287,1513,0.14577480376568044
221,1274,1495,0.14577196951214447
222,1294,1516,0.14578157144244985
219,1288,1507,0.14578801836834074
219,1281,1500,0.14580105829998588
223,1281,1504,0.14581241990607827
224,1279,1503,0.14581275181342984
227,1281,1508,0.1458104451951431
222,1277,1499,0.1458002389135588
220,1288,1508,0.14580368341873032
221,1294,1515,0.14580946993889
228,1301,1529,0.14581287187054098
226,1308,1534,0.145800777140456
227,1299,1526,0.14579551668642607
223,1297,1520,0.14578689484890747
225,1303,1528,0.14578953880538298
229,1308,1537,0.14578643641085456
227,1302,1529,0.14577449295893138
224,1300,1524,0.14576822831571298
216,1305,1521,0.1457703836629598
218,1299,1517,0.14579152585902044
216,1290,1506,0.14580671856518063
221,1291,1512,0.1458259624225292
224,1287,1511,0.14583267690419993
220,1292,1512,0.14583068559997422
225,1297,1522,0.1458377000856105
227,1291,1518,0.14583209928109395
228,1284,1512,0.14582141039549296
229,1297,1526,0.14580916504149072
229,1290,1519,0.14579523671484446
234,1293,1527,0.14578183369082945
235,1296,1531,0.14575626745634895
228,1280,1508,0.145730567070165
230,1276,1506,0.1457228606599545
232,1268,1500,0.14570922469570208
232,1274,1506,0.145693225919295
233,1284,1517,0.14567776544839958
237,1290,1527,0.1456613533730829
236,1296,1532,0.1456371875845032
232,1297,1529,0.1456157989574134
226,1286,1512,0.14560520520647224
223,1287,1510,0.14561081583230537
222,1286,1508,0.14562241176818777
226,1289,1515,0.14563635561916033
222,1281,1503,0.14563802890197053
222,1271,1493,0.14564825892144032
228,1288,1516,0.1456579847277716
230,1292,1522,0.14565159390308732
231,1301,1532,0.14564159332318158
228,1289,1517,0.14563050550758558
230,1297,1527,0.14562778128444087
231,1285,1516,0.14561979897665825
229,1288,1517,0.1456100298519305
230,1282,1512,0.1456064997515237
229,1286,1515,0.14560019727949655
231,1289,1520,0.14559616842696385
230,1293,1523,0.14558867445133067
227,1295,1522,0.145584668507971
228,1303,1531,0.14558872698040803
228,1296,1524,0.14558938763689525
229,1273,1502,0.1455908887129631
229,1264,1493,0.14558897617807942
231,1272,1503,0.1455876074431082
225,1284,1509,0.14557980688479372
225,1283,1508,0.14558715492365765
226,1291,1517,0.1455937937780132
224,1291,1515,0.14559810071922638
220,1286,1506,0.14560713000029157
218,1295,1513,0.14562448133807046
223,1286,1509,0.14564607417622785
226,1276,1502,0.1456550204958622
231,1291,1522,0.14565568433023668
225,1295,1520,0.1456455536069064
224,1286,1510,0.1456507380266661
217,1291,1508,0.1456589015943529
219,1299,1518,0.14568366735377697
213,1311,1524,0.14570176658788353
214,1309,1523,0.14573312790206108
220,1314,1534,0.14575828636319468
217,1312,1529,0.14576775697987546
218,1298,1516,0.14578405519619478
221,1302,1523,0.14579746293068718
219,1303,1522,0.14580319228363772
221,1300,1521,0.14581339023670958
218,1303,1521,0.1458181938671614
216,1303,1519,0.14583116369327753
214,1299,1513,0.14584729670618818
221,1294,1515,0.1458661333823895
219,1304,1523,0.1458656535657069
217,1304,1521,0.14587012035140431
216,1293,1509,0.14587888341054814
215,1285,1500,0.14588918350432512
212,1284,1496,0.14590110114373528
209,1281,1490,0.14592028604386548
210,1292,1502,0.14594365195690906
214,1296,1510,0.14596431438822002
210,1289,1499,0.1459745193049252
215,1286,1501,0.14599349047789545
220,1282,1502,0.14599822666671283
222,1286,1508,0.1459898389427277
215,1290,1505,0.14597794384703647
218,1293,1511,0.14598359076657594
219,1296,1515,0.1459821919227095
216,1294,1510,0.14597807965808415
215,1295,1510,0.14598114130663042
214,1296,1510,0.14598678764725379
217,1303,1520,0.14599415740866584
216,1297,1513,0.14599379583816982
214,1296,1510,0.145995241317379
220,1303,1523,0.1460033493942447
217,1309,1526,0.14599543516574534
221,1302,1523,0.1459966346316237
217,1297,1514,0.14598815684900615
211,1301,1512,0.14598937197189948
215,1310,1525,0.1460055826881063
206,1319,1525,0.1460115909678647
205,1321,1526,0.1460377773722959
205,1305,1510,0.1460645233332081
201,1320,1521,0.14609029280515126
203,1310,1513,0.14612470867285118
207,1308,1515,0.14614948755732446
202,1312,1514,0.14616152430099555
205,1314,1519,0.14618466264263413
205,1310,1515,0.14619865903834986
203,1320,1523,0.14621282011135056
203,1324,1527,0.1462307162185268
209,1323,1532,0.1462474913402404
210,1319,1529,0.1462503586842953
206,1316,1522,0.14625092705628492
204,1309,1513,0.14626002787366182
201,1321,1522,0.1462745842658952
198,1315,1513,0.14629418248852338
202,1307,1509,0.14631986437770284
194,1316,1510,0.14633403713286275
195,1309,1504,0.1463665225201334
194,1309,1503,0.14639500162108665
199,1313,1512,0.1464229987196976
199,1310,1509,0.14643693039205458
198,1308,1506,0.14645028458699444
195,1329,1524,0.14646517250563806
192,1315,1507,0.14648572054403475
191,1310,1501,0.1465114606874598
194,1303,1497,0.14653770506813316
196,1324,1520,0.14655573565319524
198,1328,1526,0.1465674409679082
198,1319,1517,0.14657334710827838
195,1325,1520,0.1465793651165354
195,1328,1523,0.14659295548022275
197,1331,1528,0.14660545036769826
195,1327,1522,0.14661237042301775
192,1315,1507,0.14662411722200125
190,1308,1498,0.14664268336536826
192,1317,1509,0.14666386962416933
195,1316,1511,0.14667742073477233
197,1316,1513,0.1466840257006827
200,1314,1514,0.14668464659696562
195,1316,1511,0.14667861682214361
194,1320,1514,0.14668613728085858
191,1306,1497,0.14669489126441512
192,1313,1505,0.14671014611693292
194,1332,1526,0.14672059276547592
191,1327,1518,0.14672497042295293
190,1332,1522,0.1467377396695852
194,1329,1523,0.14675260265381757
193,1329,1522,0.14675689227887234
195,1328,1523,0.1467637423477405
193,1323,1516,0.14676573071978757
190,1320,1510,0.14677255273940276
188,1318,1506,0.14678755045866188
188,1322,1510,0.14680747452491638
189,1312,1501,0.14682603454105325
187,1314,1501,0.14684025305119427
189,1316,1505,0.14685885631256784
189,1324,1513,0.14687057265728728
191,1323,1514,0.14688070844746856
185,1322,1507,0.1468856539291288
181,1334,1515,0.14690515894707368
182,1339,1521,0.1469339562679786
184,1341,1525,0.14695966792141338
183,1334,1517,0.14697768919190535
176,1332,1508,0.14699667146742507
179,1338,1517,0.14703089236968453
185,1348,1533,0.1470560803114857
186,1344,1530,0.14706486805522656
184,1333,1517,0.1470700129481793
186,1336,1522,0.14707883078676648
183,1337,1520,0.14708188311482515
181,1341,1522,0.1470928852165531
184,1346,1530,0.1471080295217016
182,1336,1518,0.1471159907707605
181,1338,1519,0.14712713411283743
184,1338,1522,0.1471404533102655
183,1336,1519,0.1471452931368132
180,1330,1510,0.14715301865391323
178,1340,1518,0.14716702249423397
177,1347,1524,0.1471837360711887
179,1345,1524,0.14720247507170434
174,1334,1508,0.14721591185532662
179,1325,1504,0.14724127205877843
171,1340,1511,0.14725202543199134
174,1343,1517,0.1472823734608114
172,1332,1504,0.1473028594345409
171,1339,1510,0.14732620975814834
168,1339,1507,0.1473506386820711
169,1347,1516,0.1473800653000141
169,1339,1508,0.14740368238369866
173,1337,1510,0.14742441540031398
174,1327,1501,0.1474330704443943
174,1340,1514,0.14743965720547383
172,1332,1504,0.14744563624817925
173,1332,1505,0.14745671330356405
172,1338,1510,0.14746415028902823
171,1345,1516,0.1474709886259729
169,1343,1512,0.14747946505189408
173,1360,1533,0.1474924040303129
176,1356,1532,0.147494243278834
175,1359,1534,0.14748806533545866
176,1365,1541,0.1474859973503867
176,1358,1534,0.14748284267393763
176,1355,1531,0.14748021468156255
177,1341,1518,0.14747868673678843
177,1337,1514,0.14747379015676831
177,1338,1515,0.1474702836371633
174,1340,1514,0.14746684577625482
176,1348,1524,0.14746993109048787
171,1357,1528,0.14746869916726849
173,1352,1525,0.14747985055983923
170,1347,1517,0.1474853969447625
170,1336,1506,0.1474983629041746
172,1340,1512,0.14751077576729743
170,1335,1505,0.14751760080972448
169,1338,1507,0.1475295999285209
164,1344,1508,0.14754273807893495
165,1343,1508,0.14756686713433007
160,1357,1517,0.14758687793886044
163,1359,1522,0.14761822708800643
163,1352,1515,0.147639412741898
163,1349,1512,0.14765941659977647
161,1349,1510,0.14767864607684106
159,1338,1497,0.14770128146557363
159,1357,1516,0.1477282514425211
156,1352,1508,0.14775438473751226
157,1345,1502,0.14778556930254344
155,1348,1503,0.14781155444926694
153,1356,1509,0.1478398609091974
153,1366,1519,0.14786967656897138
152,1352,1504,0.1478985824483125
151,1351,1502,0.14792871131349497
154,1350,1504,0.14795897170214398
153,1362,1515,0.1479798975248136
153,1358,1511,0.148002130005823
153,1349,1502,0.148020822178223
147,1339,1486,0.14803922877132217
147,1339,1486,0.14807084929322306
147,1354,1501,0.14810075225461306
147,1353,1500,0.14812922403913087
145,1355,1500,0.14815500198590692
141,1364,1505,0.14818492759429103
141,1368,1509,0.14822193972266173
140,1372,1512,0.14825542693392044
140,1371,1511,0.14829016471077375
138,1379,1517,0.14832328086108149
135,1374,1509,0.1483592822171762
137,1377,1514,0.14839983172342525
136,1386,1522,0.14843174883638346
140,1390,1530,0.14846286884156895
139,1376,1515,0.14848118563381416
141,1371,1512,0.14850148278547043
139,1370,1509,0.14851488066817808
140,1368,1508,0.14853259638461147
141,1365,1506,0.14854600191972242
145,1372,1517,0.14855585912263103
142,1374,1516,0.14855597766923723
144,1366,1510,0.14856416588593968
145,1368,1513,0.1485682113742151
139,1368,1507,0.14856904280807268
137,1381,1518,0.1485838022520392
141,1371,1512,0.14860279474765095
139,1373,1512,0.14861117561685666
140,1381,1521,0.14862303687309275
141,1389,1530,0.14863269232561507
142,1389,1531,0.1486396609081849
145,1375,1520,0.14864373094507272
140,1377,1517,0.14864006983495087
137,1385,1522,0.14864855550051662
129,1381,1510,0.14866517877603935
128,1368,1496,0.14869916794592786
129,1376,1505,0.14873420485856978
126,1375,1501,0.14876547544055638
126,1382,1508,0.1488025251065346
127,1375,1502,0.14883634619538677
126,1396,1522,0.14886595813961104
127,1388,1515,0.14889620757668087
125,1398,1523,0.14892177354972927
126,1395,1521,0.1489510585250134
121,1395,1516,0.14897575709380048
119,1395,1514,0.14901029913868502
119,1385,1504,0.14904782130745634
121,1386,1507,0.14908204530698504
118,1391,1509,0.1491078439256068
120,1387,1507,0.14913957629977304
119,1390,1509,0.14916322430783732
122,1398,1520,0.14918720539530064
119,1405,1524,0.14920187771989657
115,1402,1517,0.14922258612060066
118,1400,1518,0.14925218419983705
117,1402,1519,0.1492738327671418
116,1397,1513,0.1492962295227575
115,1405,1520,0.14931950494032148
114,1404,1518,0.14934382741941893
111,1391,1502,0.14936965651960077
108,1391,1499,0.14940053104542894
109,1395,1504,0.14943746629552415
110,1403,1513,0.14946969104035313
112,1395,1507,0.14949713777572246
114,1407,1521,0.14951808234443734
113,1390,1503,0.1495325077082137
111,1388,1499,0.14954696632152012
113,1394,1507,0.1495664798722779
116,1396,1512,0.14957966736017161
117,1400,1517,0.14958505791153404
115,1388,1503,0.1495868512512446
113,1393,1506,0.14959380428756533
114,1397,1511,0.1496060481017257
114,1401,1515,0.14961520886230698
115,1408,1523,0.14962445505760144
113,1422,1535,0.14963088033608785
113,1414,1527,0.14964077519322053
108,1419,1527,0.14964909747972988
112,1412,1524,0.14966880205729288
112,1407,1519,0.1496767265684436
111,1399,1510,0.14968470488390329
106,1406,1512,0.14969546455262728
104,1401,1505,0.14971771968276396
103,1390,1493,0.14974304962299134
102,1404,1506,0.1497676839755405
103,1408,1511,0.14979244830289462
104,1393,1497,0.14981424768512674
104,1400,1504,0.14983162609752618
105,1413,1518,0.14984848425315922
107,1404,1511,0.1498619009560577
110,1396,1506,0.14986979893230348
110,1406,1516,0.1498693091286016
113,1407,1520,0.14986885036297637
111,1409,1520,0.14986069860429402
112,1409,1521,0.14985693835502312
111,1404,1515,0.14984961036719974
107,1411,1518,0.14984579388659555
108,1414,1522,0.14985257175350414
108,1402,1510,0.1498569111739106
107,1410,1517,0.14986034402593962
108,1415,1523,0.14986798768667364
105,1414,1519,0.14987336988701702
102,1412,1514,0.14988578233002736
105,1419,1524,0.14990480601897466
105,1423,1528,0.14991548116184317
105,1422,1527,0.14992586330415977
102,1414,1516,0.14993586487318672
103,1405,1508,0.1499523623932981
104,1419,1523,0.14996448300352694
108,1421,1529,0.1499739270843005
105,1422,1527,0.1499725501936977
108,1423,1531,0.14997867238961288
107,1403,1510,0.14997742253116397
108,1393,1501,0.14997879975115963
106,1399,1505,0.14997712877112562
110,1404,1514,0.1499801329793997
112,1401,1513,0.1499730921967759
109,1397,1506,0.14996108201245767
108,1403,1511,0.14995907395331387
108,1404,1512,0.149959784926835
109,1419,1528,0.14996052738910728
108,1412,1520,0.14995822841287862
105,1416,1521,0.14995916657660543
106,1404,1510,0.14996824532745853
107,1405,1512,0.14997465162480716
106,1406,1512,0.1499773906819236
100,1403,1503,0.14998322408791268
96,1419,1515,0.15000381492322185
99,1417,1516,0.150032636213278
99,1412,1511,0.15005224394099909
97,1410,1507,0.15007069273186843
101,1404,1505,0.1500931555462237
99,1401,1500,0.15010446707596858
100,1400,1500,0.15011929821647402
100,1411,1511,0.15013054252055835
97,1407,1504,0.15014170703611737
97,1414,1511,0.15015947684795536
97,1419,1516,0.15017597500532293
96,1413,1509,0.15019192444648716
92,1418,1510,0.15020947569472395
88,1424,1512,0.15023430714725478
89,1419,1508,0.15026661945023118
90,1423,1513,0.15029409858088927
89,1421,1510,0.15031819399239643
95,1419,1514,0.15034316979744214
96,1420,1516,0.15035033577480378
96,1423,1519,0.15035553831042467
94,1425,1519,0.15036029508396426
94,1424,1518,0.15036953988615506
95,1421,1516,0.15037785412818402
96,1427,1523,0.15038168408813873
94,1427,1521,0.1503831173573146
92,1415,1507,0.15039012409541277
92,1419,1511,0.15040214395669158
93,1421,1514,0.15041418847426763
92,1409,1501,0.15042227388981305
86,1412,1498,0.1504313021033026
88,1413,1501,0.15045380839130057
89,1419,1508,0.1504711211546876
90,1414,1504,0.15048579120396202
89,1417,1506,0.1504961153073409
86,1425,1511,0.15050873325845227
85,1423,1508,0.15052560471515533
83,1423,1506,0.1505447048182477
84,1426,1510,0.15056809635753696
83,1431,1514,0.150587579220377
82,1437,1519,0.15060885344386693
84,1440,1524,0.1506319063555646
84,1439,1523,0.15064718629561413
81,1433,1514,0.15066131216300405
78,1438,1516,0.1506815998687641
79,1438,1517,0.15070816695309885
78,1441,1519,0.15073128295156424
82,1447,1529,0.1507558113806892
81,1443,1524,0.15076818117933188
80,1445,1525,0.15078303048288105
78,1442,1520,0.15080015354112647
79,1440,1519,0.15082145773991393
77,1442,1519,0.15083818360700516
78,1438,1516,0.15085776549609156
75,1438,1513,0.15087466943612443
76,1432,1508,0.15089773917148416
73,1439,1512,0.15091739944933638
75,1447,1522,0.15094319847680174
74,1444,1518,0.15096122306802642
73,1438,1511,0.15098092023046789
71,1438,1509,0.15100171342044552
70,1444,1514,0.15102636181313894
72,1439,1511,0.15105202746365626
69,1438,1507,0.15107172072914413
70,1453,1523,0.15109729243632286
71,1458,1529,0.15111669726122148
70,1455,1525,0.15113254095908984
73,1432,1505,0.15114951752082462
71,1437,1508,0.15115743386686945
73,1444,1517,0.1511691413558301
71,1439,1510,0.15117438714445997
69,1436,1505,0.15118538039493554
67,1441,1508,0.1512000138306679
64,1448,1512,0.1512180365801557
62,1451,1513,0.15124265294894915
64,1456,1520,0.15127125702829985
64,1459,1523,0.1512932254039395
63,1469,1532,0.15131402448330783
63,1463,1526,0.15133648207745673
63,1472,1535,0.15135803545764645
60,1460,1520,0.151378026964536
60,1447,1507,0.15140424119135149
51,1454,1505,0.15142857181158906
51,1466,1517,0.1514729816068097
53,1468,1521,0.1515146123971274
52,1465,1517,0.15154814032091493
49,1473,1522,0.15158230328335973
48,1475,1523,0.15162170376542697
47,1468,1515,0.15166172494753163
47,1468,1515,0.1517018954260007
47,1466,1513,0.15173977280003337
47,1464,1511,0.1517755374497603
47,1459,1506,0.15180928496318905
44,1466,1510,0.15184010422517852
43,1479,1522,0.1518762854310867
42,1476,1518,0.15191285404629604
43,1478,1521,0.15194959261366636
41,1479,1520,0.15198091791360446
43,1486,1529,0.15201531392745135
44,1486,1530,0.15204231757502681
43,1479,1522,0.1520647840875258
43,1474,1517,0.15208846282209112
43,1469,1512,0.1521109745478286
44,1469,1513,0.1521323495802992
43,1471,1514,0.15214965503048614
45,1464,1509,0.1521685404173506
46,1459,1505,0.15218096792490188
46,1461,1507,0.1521876965621564
45,1460,1505,0.15219517140843933
45,1456,1501,0.15220497134974006
45,1463,1508,0.1522132009701716
45,1453,1498,0.15222058097311833
45,1453,1498,0.1522277755564625
48,1457,1505,0.15223448960464375
49,1475,1524,0.15223279881147334
47,1479,1526,0.15222927754080148
46,1477,1523,0.1522318104277062
47,1468,1515,0.15223726601243856
48,1478,1526,0.15223987324613067
47,1472,1519,0.15223941210227465
46,1472,1518,0.15224196486637112
47,1473,1520,0.15224703832671832
47,1458,1505,0.1522489190456186
47,1464,1511,0.15225113069196974
48,1460,1508,0.15225359929920987
44,1453,1497,0.1522532304975068
46,1452,1498,0.15226274895431366
44,1459,1503,0.15226659169779916
46,1467,1513,0.1522743067813512
47,1464,1511,0.15227732187117562
46,1459,1505,0.15227556216380617
44,1468,1512,0.15227698788941826
46,1478,1524,0.15228361031925072
45,1478,1523,0.1522856138360871
45,1468,1513,0.15229057564378917
44,1475,1519,0.15229562599972832
44,1473,1517,0.15230252689006385
46,1469,1515,0.1523088081196056
47,1488,1535,0.15230966506483937
44,1489,1533,0.15230759290162257
43,1485,1528,0.1523129618869223
45,1478,1523,0.1523210641016644
43,1470,1513,0.15232376120972424
44,1470,1514,0.15233147245365622
42,1474,1516,0.15233593326551417
42,1476,1518,0.15234531074660027
40,1477,1517,0.1523544598155902
41,1478,1519,0.1523677722334173
41,1483,1524,0.1523770677544837
41,1474,1515,0.15238532482156356
41,1481,1522,0.1523926305030508
41,1478,1519,0.1523999656684868
43,1489,1532,0.1524068680999518
44,1474,1518,0.15240804183362677
45,1473,1518,0.15240581285065782
44,1477,1521,0.15240116360526595
43,1462,1505,0.15239988511088146
45,1471,1516,0.1524015361885468
43,1468,1511,0.15239868890130473
45,1463,1508,0.15240066313148495
45,1458,1503,0.15239782029515847
44,1460,1504,0.15239477181475616
45,1464,1509,0.1523952326725789
44,1478,1522,0.15239373791069197
44,1473,1517,0.15239414867425158
43,1482,1525,0.1523949413429873
43,1490,1533,0.15239877645602748
42,1490,1532,0.15240265036336476
41,1487,1528,0.15240873903106678
44,1478,1522,0.15241653833902427
44,1465,1509,0.15241516341221162
44,1469,1513,0.15241433891748954
43,1469,1512,0.15241312284380443
44,1468,1512,0.15241491059305756
42,1482,1524,0.1524146653388386
42,1481,1523,0.1524193830868473
39,1479,1518,0.1524240249815079
37,1465,1502,0.1524358045988908
36,1474,1510,0.15245157889542407
36,1472,1508,0.15246884652134146
34,1476,1510,0.15248449254284516
34,1477,1511,0.15250436291136008
32,1474,1506,0.15252326117085882
32,1487,1519,0.15254606139053073
32,1488,1520,0.15256738926440833
34,1501,1535,0.15258760309518501
35,1493,1528,0.15260083206685932
33,1492,1525,0.15261042755613385
32,1476,1508,0.15262461891309467
34,1467,1501,0.15264051579799812
32,1470,1502,0.15265017254416052
31,1477,1508,0.15266523461533446
31,1482,1513,0.152681072407265
32,1491,1523,0.15269619994865302
32,1485,1517,0.15270713204133637
32,1480,1512,0.15271775280902822
32,1485,1517,0.1527280360663207
30,1478,1508,0.15273796291350034
28,1496,1524,0.15275206438076497
28,1497,1525,0.15276999796724594
28,1500,1528,0.152786821088071
27,1485,1512,0.15280278222713214
27,1497,1524,0.15282016366318898
27,1505,1532,0.1528366062021356
28,1499,1527,0.1528520796958917
29,1503,1532,0.15286413935556126
28,1502,1530,0.1528730430961799
28,1488,1516,0.15288383644874812
27,1479,1506,0.15289409739416115
27,1477,1504,0.15290626837433316
27,1471,1498,0.1529169741376059
26,1470,1496,0.1529272026226107
25,1476,1501,0.15293846472354006
27,1478,1505,0.15295166955614192
25,1470,1495,0.1529592587425665
25,1481,1506,0.15297118097050252
25,1479,1504,0.15298254250510981
25,1492,1517,0.152993352354751
24,1488,1512,0.1530035407972239
24,1486,1510,0.1530156206062006
24,1495,1519,0.1530270700835838
24,1500,1524,0.15303791169714231
25,1491,1516,0.1530481687261302
25,1485,1510,0.15305478765125277
25,1492,1517,0.15306114504959167
24,1493,1517,0.15306723686242196
23,1485,1508,0.15307485036835383
24,1490,1514,0.15308448340066844
24,1493,1517,0.1530904613362967
24,1494,1518,0.15309629651106035
24,1484,1508,0.15310196671476642
22,1491,1513,0.1531074552509054
22,1489,1511,0.15311770151498125
22,1486,1508,0.15312742082232378
21,1480,1501,0.15313663024794968
21,1499,1520,0.15314697364622
21,1508,1529,0.15315683771808739
21,1507,1528,0.15316623082361044
22,1502,1524,0.15317516354840663
20,1502,1522,0.1531804239775505
20,1504,1524,0.15319103907841783
21,1507,1528,0.1532010795714699
21,1505,1526,0.1532076289480378
21,1523,1544,0.1532139082955169
21,1512,1533,0.15321991777901572
21,1521,1542,0.15322491616080083
20,1511,1531,0.1532297980641214
19,1506,1525,0.15323678208509708
18,1511,1529,0.15324576225013412
18,1513,1531,0.15325664861548596
19,1513,1532,0.15326698271995956
19,1516,1535,0.15327430339054032
19,1501,1520,0.15328128333665444
20,1494,1514,0.15328792955693493
20,1506,1526,0.15329111435844603
17,1494,1511,0.15329427122893965
17,1494,1511,0.1533044323259566
17,1484,1501,0.15331409580170438
18,1495,1513,0.15332327535030615
19,1490,1509,0.15332879579747632
19,1500,1519,0.15333086141590346
21,1496,1517,0.1533330907087653
20,1493,1513,0.15332965311130603
19,1496,1515,0.1533290385908165
20,1493,1513,0.15333099571126824
20,1480,1500,0.1533306912636522
20,1489,1509,0.15333065526051293
21,1497,1518,0.15333084095318164
21,1500,1521,0.1533280145713506
21,1500,1521,0.15332563050090095
20,1502,1522,0.15332298440286019
19,1484,1503,0.15332309936738794
18,1474,1492,0.1533259538917693
20,1479,1499,0.15333122561403875
19,1497,1516,0.1533299668519393
19,1491,1510,0.1533309385478981
19,1499,1518,0.1533322544730553
20,1493,1513,0.15333309342985812
18,1496,1514,0.15333211681626843
18,1479,1497,0.15333692678280814
18,1485,1503,0.15334164948987222
18,1484,1502,0.15334626337439095
18,1477,1495,0.15335025945918124
19,1478,1497,0.15335420228413546
20,1484,1504,0.15335482041350718
21,1482,1503,0.15335250312098087
21,1494,1515,0.15334748485979235
21,1504,1525,0.15334314895867546
21,1496,1517,0.15333859146302753
20,1492,1512,0.15333469580402193
20,1494,1514,0.15333382017647423
20,1492,1512,0.153333294743789
20,1497,1517,0.1533330038637985
21,1497,1518,0.15333235837759518
22,1497,1519,0.1533296214311527
23,1493,1516,0.15332452105988087
23,1499,1522,0.15331695687776561
22,1485,1507,0.15331022713316894
21,1473,1494,0.15330657883877866
21,1480,1501,0.15330577882478852
24,1476,1500,0.15330527351245504
27,1488,1515,0.15329588131900077
27,1495,1522,0.15327857291959812
26,1490,1516,0.1532629570142081
25,1496,1521,0.1532502935401953
25,1496,1521,0.1532413905031364
26,1497,1523,0.1532335569260781
26,1485,1511,0.15322413150930272
28,1496,1524,0.15321570821354866
29,1490,1519,0.15320221512606705
30,1486,1516,0.15318697419380808
30,1487,1517,0.15316998679605695
30,1494,1524,0.15315462294330712
29,1493,1522,0.15314071900169587
28,1505,1533,0.15313106049911446
28,1506,1534,0.1531250881428873
28,1501,1529,0.1531197414622865
28,1482,1510,0.15311495403689826
27,1479,1506,0.15311066662028722
28,1489,1517,0.1531092905473499
29,1488,1517,0.15310502828026062
29,1474,1503,0.15309810797729548
28,1471,1499,0.15309192210548353
29,1470,1499,0.15308857564786968
31,1491,1522,0.1530825591750527
31,1493,1524,0.1530716842071498
30,1488,1518,0.15306186689126758
28,1488,1516,0.15305536521906074
29,1494,1523,0.15305451754605368
29,1488,1517,0.15305091496386694
27,1485,1512,0.1530478295771141
28,1487,1515,0.15304986064024698
28,1483,1511,0.15304959476997304
28,1489,1517,0.15304954801817014
29,1493,1522,0.15304967981276194
28,1491,1519,0.1530473626979961
29,1485,1514,0.15304764186419856
28,1488,1516,0.15304568972502258
26,1495,1521,0.15304624299307873
26,1499,1525,0.15305137831204527
26,1500,1526,0.15305558272005398
26,1485,1511,0.1530596912874478
25,1489,1514,0.15306358912384138
27,1497,1524,0.1530697005906509
27,1507,1534,0.15306925460242593
28,1505,1533,0.15306915036313198
28,1491,1519,0.1530666096087423
27,1492,1519,0.15306417171903086
25,1497,1522,0.1530645950566573
26,1495,1521,0.15306996539689255
23,1491,1514,0.15307283320371895
23,1489,1512,0.153082773770113
23,1493,1516,0.1530922750150533
23,1495,1518,0.15310134026497005
20,1497,1517,0.15310997574521332
23,1493,1516,0.15312484636754048
25,1498,1523,0.15313019967724642
25,1504,1529,0.15313000344999225
24,1487,1511,0.1531302025695376
24,1488,1512,0.15313291577915578
25,1479,1504,0.15313575418065795
26,1489,1515,0.1531358258023107
26,1493,1519,0.15313379894308338
28,1499,1527,0.1531315387041226
26,1493,1519,0.15312420884425096
26,1506,1532,0.15312232407718704
25,1505,1530,0.15312089547306187
27,1499,1526,0.15312220361301418
28,1483,1511,0.15311742105442647
29,1486,1515,0.1531102299469734
28,1484,1512,0.15310136845606376
27,1495,1522,0.15309622860724584
26,1495,1521,0.1530941051661533
26,1498,1524,0.1530941417588162
24,1487,1511,0.15309455228986082
26,1494,1520,0.15309967659327395
25,1491,1516,0.15309936493181497
26,1471,1497,0.15310188494165858
26,1479,1505,0.15310202976601103
27,1487,1514,0.1531017079527339
27,1487,1514,0.15309939555144922
27,1482,1509,0.15309680908054962
25,1480,1505,0.15309476861077392
24,1495,1519,0.1530976810069271
25,1479,1504,0.1531033868523613
25,1493,1518,0.1531064828570925
24,1492,1516,0.15310960559417483
24,1481,1505,0.1531149802233764
24,1480,1504,0.15311949676714584
25,1481,1506,0.15312398282336714
24,1492,1516,0.153125885680635
24,1498,1522,0.15313009443484313
25,1492,1517,0.15313424314029978
26,1494,1520,0.15313598013132343
27,1496,1523,0.1531347149354442
27,1509,1536,0.15313060818806803
27,1494,1521,0.15312707261421477
26,1488,1514,0.15312403761666235
26,1486,1512,0.15312375524295216
26,1484,1510,0.15312370773624562
21,1476,1497,0.15312385397777736
23,1482,1505,0.15313574839707617
21,1477,1498,0.1531414489756361
24,1501,1525,0.15315181664530875
25,1509,1534,0.15315350386293106
24,1499,1523,0.15315293240028152
25,1502,1527,0.1531551134471156
26,1488,1514,0.15315423916087106
24,1483,1507,0.15315069270716986
25,1488,1513,0.15315233979116666
25,1497,1522,0.15315179434346857
26,1495,1521,0.15315162158773477
26,1485,1511,0.15314781226953605
26,1489,1515,0.15314468196767636
26,1497,1523,0.1531412862705594
26,1498,1524,0.1531385368566344
26,1498,1524,0.15313576169029475
24,1488,1512,0.15313341561035795
24,1495,1519,0.15313639267785495
24,1484,1508,0.15313952000493752
22,1493,1515,0.15314274550682178
22,1484,1506,0.1531508090680726
22,1497,1519,0.1531584202908477
22,1506,1528,0.1531657842855331
22,1494,1516,0.15317288615363922
22,1484,1506,0.15317971590510426
23,1484,1507,0.15318626763368243
22,1490,1512,0.15318940432987627
22,1491,1513,0.15319496175134084
23,1481,1504,0.15320035149894282
23,1477,1500,0.1532024386632296
22,1471,1493,0.15320462553406078
21,1491,1512,0.15320920225869256
20,1503,1523,0.15321497266333478
19,1498,1517,0.15322295053286664
15,1506,1521,0.1532336645245291
15,1504,1519,0.1532528991291925
16,1488,1504,0.15327104238462508
17,1495,1512,0.15328489814533072
16,1510,1526,0.15329508437797978
16,1503,1519,0.1533072546572086
16,1508,1524,0.1533188727696294
14,1507,1521,0.15332899324324242
13,1510,1523,0.1533433379797705
12,1510,1522,0.1533596649983459
11,1503,1514,0.15337751397780178
10,1516,1526,0.15339709507126637
10,1494,1504,0.15341787758204647
10,1488,1498,0.15343744696947936
8,1489,1497,0.1534558669873483
8,1507,1515,0.15347788717513539
8,1503,1511,0.15349860350134029
8,1501,1509,0.15351808877272952
8,1510,1518,0.15353641233545837
8,1502,1510,0.1535536401512871
8,1488,1496,0.15356983488726972
8,1496,1504,0.15358505601568206
7,1500,1507,0.153599359921472
7,1510,1517,0.15361510275474446
8,1509,1517,0.15362989365517582
8,1506,1514,0.15364134152504844
8,1497,1505,0.15365211022919603
7,1496,1503,0.15366223814929852
7,1506,1513,0.15367423227210764
8,1509,1517,0.15368550714830095
10,1519,1529,0.15369295474840836
10,1513,1523,0.1536937186405253
11,1523,1534,0.15369471944282162
12,1516,1528,0.1536928027187305
11,1500,1511,0.15368812993631567
11,1498,1509,0.15368688554911453
11,1518,1529,0.1536859882298008
10,1509,1519,0.15368538177750676
10,1520,1530,0.1536873629361573
10,1514,1524,0.1536894003422921
10,1514,1524,0.1536914674642832
9,1514,1523,0.15369354241101024
9,1509,1518,0.15369816854380658
8,1511,1519,0.1537025951332559
8,1519,1527,0.15370913669186362
9,1522,1531,0.1537153423945986
9,1528,1537,0.15371876736531745
9,1517,1526,0.15372204599477426
7,1523,1530,0.15372517915575676
7,1522,1529,0.15373301946040197
7,1508,1515,0.15374041469658337
7,1517,1524,0.15374738757455803
7,1514,1521,0.1537539599963552
7,1513,1520,0.15376015303073776
7,1522,1529,0.15376598689925225
8,1517,1525,0.15377148097145998
8,1516,1524,0.15377387735797762
8,1521,1529,0.15377619210736612
8,1516,1524,0.1537784227294753
7,1512,1519,0.15378056775833918
7,1519,1526,0.15378508398712337
7,1510,1517,0.1537893661970546
7,1503,1510,0.15379342400353646
6,1511,1517,0.15379726696911078
7,1511,1518,0.15380333497032705
8,1511,1519,0.15380584121071325
8,1520,1528,0.15380519680954155
8,1529,1537,0.15380479956542403
8,1517,1525,0.15380460919822553
8,1505,1513,0.15380459100484614
7,1513,1520,0.15380471512701893
7,1511,1518,0.15380769461447458
7,1491,1498,0.15381055206962232
7,1502,1509,0.1538125042197093
7,1498,1505,0.15381448502233178
7,1506,1513,0.15381647437360452
6,1504,1510,0.15381845570952069
6,1522,1528,0.153822992557926
5,1525,1530,0.15382731903455632
5,1518,1523,0.15383383065555667
5,1526,1531,0.1538399930021863
5,1533,1538,0.1538456355861292
5,1535,1540,0.15385099310241437
5,1520,1525,0.15385607517080088
5,1519,1524,0.1538608918329825
6,1527,1533,0.15386545339617486
6,1515,1521,0.1538666350469051
6,1527,1533,0.15386786381143147
7,1518,1525,0.15386912155552449
6,1508,1514,0.15386718625087106
6,1515,1521,0.15386865406027816
6,1497,1503,0.15387010182031524
6,1510,1516,0.15387152186027478
6,1513,1519,0.15387290812097498
6,1517,1523,0.1538742559086595
5,1525,1530,0.15387556168309513
5,1508,1513,0.15387923033820425
5,1518,1523,0.15388200175864475
5,1515,1520,0.15388472769245948
5,1518,1523,0.1538873951802006
6,1509,1515,0.15388999406678375
6,1507,1513,0.1538892884883281
6,1510,1516,0.153888799021738
6,1505,1511,0.15388849060511628
6,1514,1520,0.15388833311612718
6,1520,1526,0.15388830070856074
6,1516,1522,0.15388837123655696
6,1525,1531,0.1538885257549539
6,1520,1526,0.1538887480857433
6,1520,1526,0.1538890244419361
6,1520,1526,0.15388934310128588
6,1520,1526,0.15388969412330933
6,1524,1530,0.15389006910390896
7,1528,1535,0.15389046096264863
7,1526,1533,0.15388773525926294
7,1527,1534,0.15388530646414852
7,1517,1524,0.15388314102020353
6,1515,1521,0.15388120927969173
7,1511,1518,0.15388180465911752
7,1507,1514,0.15387930296709457
7,1511,1518,0.15387712786456753
6,1526,1532,0.15387523957442983
7,1520,1527,0.15387607825485794
7,1514,1521,0.15387383698800228
7,1508,1515,0.1538719282464561
6,1507,1513,0.1538703080276565
6,1505,1511,0.15387128721395155
6,1499,1505,0.15387233630361372
5,1509,1514,0.15387343392841257
6,1506,1512,0.15387699638338734
5,1507,1512,0.15387781547732365
4,1520,1524,0.15388101485203545
4,1508,1512,0.15388649268047724
5,1503,1508,0.15389170730934695
5,1500,1505,0.1538939771421549
5,1508,1513,0.15389620936574805
4,1505,1509,0.15389839368347644
4,1502,1506,0.15390303215625686
4,1512,1516,0.1539074416080244
3,1519,1522,0.15391162845873932
4,1514,1518,0.15391800532106106
4,1510,1514,0.1539215455491663
4,1503,1507,0.15392490803706876
4,1490,1494,0.15392809834021526
4,1498,1502,0.1539311223787238
4,1508,1512,0.15393398632360647
4,1505,1509,0.15393669650167266
4,1519,1523,0.15393925931648197
4,1529,1533,0.15394168118306434
4,1532,1536,0.15394396847442868
4,1525,1529,0.15394612747814623
5,1521,1526,0.15394816436152506
5,1511,1516,0.1539469549276863
5,1510,1515,0.15394592620409242
5,1508,1513,0.15394505442324233
5,1497,1502,0.1539443188043615
4,1504,1508,0.15394370118410336
4,1514,1518,0.1539455655586071
3,1504,1507,0.15394737157752916
3,1504,1507,0.1539514637985466
5,1513,1518,0.15395534588336965
6,1514,1520,0.15395248893473845
6,1519,1525,0.15394688859170563
7,1515,1522,0.1539419363223383
6,1503,1509,0.15393428309697632
6,1506,1512,0.15393060250101562
6,1509,1515,0.15392735307887762
6,1500,1506,0.15392448279573367
6,1495,1501,0.15392194602090026
6,1500,1506,0.15391970272979175
6,1503,1509,0.15391771780608962
6,1507,1513,0.1539159604314835
7,1506,1513,0.15391440355194014
7,1509,1516,0.15390976498866865
7,1505,1512,0.15390558732965284
7,1520,1527,0.1539018218050427
7,1522,1529,0.15389842505459245
7,1519,1526,0.15389535850766037
7,1511,1518,0.15389258783582555
7,1504,1511,0.15389008246949662
7,1506,1513,0.15388781517091943
7,1514,1521,0.1538857616569019
7,1516,1523,0.15388390026537255
7,1519,1526,0.15388221166059382
7,1524,1531,0.1538806785724691
7,1519,1526,0.1538792855659274
7,1510,1517,0.15387801883684818
7,1508,1515,0.15387686603140963
7,1506,1513,0.15387581608611534
7,1498,1505,0.1538748590860799
7,1508,1515,0.1538739861394413
6,1514,1520,0.15387318926602078
6,1504,1510,0.15387485055350716
5,1508,1513,0.15387642893313536
6,1504,1510,0.15388028164839043
6,1525,1531,0.15388072645061995
7,1513,1520,0.1538812584560012
7,1512,1519,0.15387930241034337
7,1509,1516,0.15387758102180193
7,1506,1513,0.1538760669536968
6,1498,1504,0.15387473602015883
6,1513,1519,0.15387603616010115
6,1524,1530,0.15387662872411684
5,1532,1537,0.15387733152064223
5,1530,1535,0.1538804493805536
5,1521,1526,0.15388348401843177
5,1510,1515,0.15388642583900972
5,1535,1540,0.15388926776355658
5,1520,1525,0.15389200482746848
5,1515,1520,0.15389463383413038
5,1510,1515,0.1538971530575951
5,1510,1515,0.15389956198759105
5,1506,1511,0.15390186111120754
5,1504,1509,0.15390405172634117
5,1513,1518,0.1539061357826233
5,1515,1520,0.15390811574610808
5,1523,1528,0.15390999448448392
5,1509,1514,0.15391177516999702
5,1493,1498,0.15391346119764246
5,1517,1522,0.15391505611650177
5,1511,1516,0.15391656357238473
5,1512,1517,0.15391798726017844
4,1511,1515,0.15391933088451815
4,1504,1508,0.15392298280610647
4,1511,1515,0.15392641742846894
2,1505,1507,0.15392964641419118
2,1508,1510,0.15393741725884755
2,1499,1501,0.15394471744670785
2,1504,1506,0.15395157483859187
2,1514,1516,0.15395801574160706
2,1514,1516,0.15396406498176834
2,1518,1520,0.15396974597537394
2,1510,1512,0.1539750807987688
2,1501,1503,0.15398009025620987
2,1497,1499,0.15398479394561781
2,1501,1503,0.15398921032205842
2,1513,1515,0.15399335675884693
2,1528,1530,0.15399724960620712
2,1522,1524,0.1540009042474527
2,1518,1520,0.15400433515268394
2,1514,1516,0.1540075559300167
2,1513,1515,0.15401057937437698
2,1515,1517,0.15401341751390996
2,1515,1517,0.15401608165406247
2,1517,1519,0.15401858241940738
2,1514,1516,0.1540209297932834
2,1522,1524,0.15402313315532973
2,1511,1513,0.1540252013169965
2,1519,1521,0.1540271425551151
2,1508,1510,0.15402896464361168
1,1526,1527,0.15403067488344832
1,1520,1521,0.15403470196652905
1,1519,1520,0.15403848417625265
1,1522,1523,0.15404203604832284
1,1517,1518,0.15404537130962914
1,1514,1515,0.15404850291520117
1,1516,1517,0.15405144308472715
1,1504,1505,0.15405420333840578
1,1492,1493,0.15405679453195145
1,1517,1518,0.15405922689061394
1,1520,1521,0.15406151004210838
1,1509,1510,0.15406365304838085
2,1505,1507,0.15406566443615907
2,1516,1518,0.15406435794580256
2,1503,1505,0.15406322859989963
2,1500,1502,0.1540622530340272
2,1508,1510,0.15406141093415152
2,1506,1508,0.1540606846396832
2,1509,1511,0.15406005879815632
2,1494,1496,0.15405952006481485
2,1491,1493,0.15405905684126522
2,1508,1510,0.1540586590481124
2,1503,1505,0.15405831792716027
2,1510,1512,0.15405802586933093
2,1503,1505,0.1540577762649587
2,1508,1510,0.15405756337354895
2,1507,1509,0.15405738221047177
2,1503,1505,0.15405722844838793
1,1513,1514,0.15405709833149303
1,1510,1511,0.15405942785356774
1,1501,1502,0.15406162647173238
1,1517,1518,0.15406370043272732
1,1516,1517,0.15406565585760823
1,1512,1513,0.15406749871301045
1,1514,1515,0.1540692347892641
1,1514,1515,0.15407086968423622
1,1514,1515,0.15407240879194173
1,1519,1520,0.15407385729510645
1,1505,1506,0.15407522016098898
1,1500,1501,0.154076502139872
1,1522,1523,0.15407770776572285
1,1522,1523,0.15407884135860223
1,1516,1517,0.15407990702846336
1,1514,1515,0.15408090868004176
1,1510,1511,0.15408185001858368
1,1510,1511,0.15408273455620183
1,1507,1508,0.154083565618683
1,1507,1508,0.15408434635260115
1,1527,1528,0.1540850797326152
1,1510,1511,0.15408576856885334
1,1517,1518,0.1540864155143018
1,1521,1522,0.15408702307213398
1,1516,1517,0.15408759360292706
1,1501,1502,0.15408812933172505
1,1497,1498,0.15408863235491696
1,1504,1505,0.15408910464690476
1,1494,1495,0.15408954806654482
1,1504,1505,0.15408996436334946
1,1511,1512,0.1540903551834415
1,1513,1514,0.15409072207525734
1,1519,1520,0.1540910664949974
1,1526,1527,0.15409138981182527
1,1516,1517,0.15409169331281883
1,1524,1525,0.15409197820767814
1,1524,1525,0.1540922456331958
1,1519,1520,0.15409249665749689
1,1518,1519,0.15409273228405618
1,1515,1516,0.15409295345550064
1,1507,1508,0.15409316105720514
1,1517,1518,0.1540933559206905
1,1517,1518,0.1540935388268325
1,1517,1518,0.15409371050889
1,1521,1522,0.15409387165536118
1,1528,1529,0.15409402291267618
1,1519,1520,0.154094164887734
1,1524,1525,0.15409429815029227
1,1523,1524,0.15409442323521688
1,1521,1522,0.15409454064459976
1,1517,1518,0.1540946508497508
1,1513,1514,0.15409475429307232
1,1510,1511,0.15409485138982107
1,1515,1516,0.15409494252976536
1,1507,1508,0.15409502807874234
1,1502,1503,0.15409510838012175
0,1527,1527,0.15409518375618125
