1381,26,1407,0.13579578389073116
1406,27,1433,0.1329101953815601
1424,28,1452,0.13021801788516696
1438,29,1467,0.12771991274538771
1439,30,1469,0.12541012012130845
1433,30,1463,0.12330665666950008
1436,31,1467,0.12141122216223334
1447,31,1478,0.11968000795850363
1472,30,1502,0.11807554330718528
1467,30,1497,0.11655090640293456
1469,30,1499,0.1151808035580106
1465,32,1497,0.1139299550602879
1471,31,1502,0.11280251044968521
1460,30,1490,0.11176054538576558
1469,30,1499,0.11084102192773272
1455,33,1488,0.10998472533358669
1453,33,1486,0.10923979828185726
1456,34,1490,0.10856915590100702
1451,34,1485,0.10795290378111322
1465,35,1500,0.10740356359905241
1465,35,1500,0.10686949328702207
1467,35,1502,0.10638495680006763
1467,36,1503,0.10593761446372266
1465,36,1501,0.10553168922861685
1455,37,1492,0.10516689336995164
1453,39,1492,0.10485833302634866
1455,36,1491,0.1045838198069492
1448,38,1486,0.1043292232347962
1439,41,1480,0.10411221089224831
1443,41,1484,0.10393769566568292
1440,43,1483,0.10377033194296584
1451,44,1495,0.10362441481289292
1443,42,1485,0.10346673483466574
1452,42,1494,0.10334320748518039
1461,42,1503,0.10321140380195741
1456,41,1497,0.10307024196101883
1446,41,1487,0.10295370295137367
1442,42,1484,0.10286888306213214
1460,43,1503,0.10280179953343246
1456,43,1499,0.10270122173138636
1442,43,1485,0.10261864475988343
1449,50,1499,0.10257613979146603
1442,51,1493,0.1025222969642579
1450,53,1503,0.10249028202480648
1449,56,1505,0.10244396787759051
1454,57,1511,0.10240274207889165
1444,56,1500,0.10235510347750147
1458,54,1512,0.10233473014152976
1451,54,1505,0.10228589967344677
1437,55,1492,0.10225802219023486
1436,54,1490,0.10226424639540888
1427,51,1478,0.10227264952819265
1448,52,1500,0.10230299899238382
1440,54,1494,0.10228031193543892
1419,51,1470,0.10227678365966815
1425,55,1480,0.10232155939994207
1427,54,1481,0.10235013487340858
1426,57,1483,0.10237226287315991
1408,59,1467,0.10239589914212993
1418,61,1479,0.10245593686355249
1418,63,1481,0.10249000727431089
1415,62,1477,0.10252144848088697
1429,62,1491,0.10255858326242887
1438,63,1501,0.10256005534524804
1437,62,1499,0.10254120783642331
1435,64,1499,0.10252754006861711
1434,61,1495,0.10251962042841693
1427,66,1493,0.10251431487780005
1407,66,1473,0.10252549330487576
1415,65,1480,0.10258274141995109
1410,67,1477,0.10261768369312768
1416,71,1487,0.10266314241811109
1422,75,1497,0.10269250597994724
1411,77,1488,0.10270413225907166
1417,78,1495,0.10274025980280331
1417,79,1496,0.10276016466645085
1414,76,1490,0.10277752266511202
1419,74,1493,0.10280021654769485
1419,75,1494,0.10281148254008954
1427,77,1504,0.10282225209238587
1415,77,1492,0.10281449542974784
1410,77,1487,0.10283437685977626
1401,78,1479,0.10286458863006828
1413,79,1492,0.10291358968339562
1426,79,1505,0.10293153410751506
1422,82,1504,0.10291847613875726
1421,82,1503,0.10291628242310655
1421,82,1503,0.10291665964808637
1406,85,1491,0.10291780169166774
1397,83,1480,0.1029519785868824
1404,84,1488,0.10300543058767947
1417,88,1505,0.10303761641533575
1424,85,1509,0.10303872579621765
1433,89,1522,0.10302387754440791
1439,86,1525,0.10298911236570937
1416,86,1502,0.10294581085125767
1415,85,1500,0.10295864063100225
1395,86,1481,0.10297210570466556
1403,87,1490,0.10302879386619412
1403,90,1493,0.10306211298667364
1407,88,1495,0.10309461404912096
1405,87,1492,0.10311565326272194
1411,89,1500,0.10313960535854286
1417,91,1508,0.10314884675678762
1410,90,1500,0.10314465035071688
1408,88,1496,0.10315655851858185
1401,93,1494,0.10317139911837905
1407,90,1497,0.10320024290286174
1395,91,1486,0.10321365178531351
1388,97,1485,0.10325374127430845
1382,95,1477,0.10330887982374307
1376,99,1475,0.10337272626830238
1392,99,1491,0.103444759353544
1393,96,1489,0.10347576055080672
1408,90,1498,0.10349873342455432
1408,93,1501,0.10348355505588369
1421,91,1512,0.10346849739699121
1410,93,1503,0.10342625664068608
1399,93,1492,0.10341090488641276
1412,94,1506,0.10342154632311626
1393,97,1490,0.103402674312954
1387,99,1486,0.10342834134879769
1381,94,1475,0.10346763850673732
1385,94,1479,0.10351783179988577
1395,95,1490,0.10355511371186754
1395,97,1492,0.10356692564155986
1391,103,1494,0.1035754004452269
1391,105,1496,0.10359414942428835
1391,104,1495,0.1036117086260564
1390,97,1487,0.10362816496900304
1381,102,1483,0.10364651123368555
1385,104,1489,0.1036848958386769
1373,101,1474,0.10371137135202133
1373,102,1475,0.10376382021330328
1380,106,1486,0.10381198352240617
1389,105,1494,0.1038388015373374
1392,106,1498,0.10384350477332793
1382,105,1487,0.10384347155515108
1373,107,1480,0.1038656991267013
1359,106,1465,0.10390765636731039
1375,110,1485,0.10397756626082476
1365,110,1475,0.1040074752464812
1363,112,1475,0.10405867512137888
1365,112,1477,0.10410940967797214
1360,116,1476,0.10415124331279642
1353,112,1465,0.10419980257137534
1355,116,1471,0.10426241704543428
1357,114,1471,0.1043147883935898
1365,117,1482,0.10435884759022608
1355,119,1474,0.10438278552292354
1360,122,1482,0.10442665941801862
1369,123,1492,0.10445542931243562
1354,125,1479,0.10446293960185717
1361,126,1487,0.10450030788904187
1361,125,1486,0.10452124521720578
1369,126,1495,0.10454033326509567
1367,125,1492,0.10454237271580956
1366,127,1493,0.10454902296411596
1387,129,1516,0.10455773790455208
1378,132,1510,0.10451893946527221
1368,132,1500,0.10450363633225791
1362,135,1497,0.10451451494343413
1348,135,1483,0.10453854747346457
1345,128,1473,0.10459281810364322
1329,127,1456,0.10465046841149529
1332,127,1459,0.10473914125954897
1343,130,1473,0.10481017834552973
1346,131,1477,0.1048546137773856
1354,131,1485,0.10488875546657264
1355,131,1486,0.10490421409079338
1364,131,1495,0.1049144972668465
1362,129,1491,0.10490500711575518
1359,133,1492,0.10490045450536567
1354,133,1487,0.10490302370665677
1367,131,1498,0.1049168713459949
1364,133,1497,0.10489897848955479
1364,135,1499,0.1048887221350119
1361,139,1500,0.10488067211233026
1364,139,1503,0.10488213521373663
1360,138,1498,0.10487701226617688
1336,140,1476,0.10488120544993486
1329,144,1473,0.10494071347322302
1330,138,1468,0.10500999562703733
1342,140,1482,0.10507135282745615
1342,140,1482,0.10510216503248854
1339,148,1487,0.10513224324862329
1340,149,1489,0.1051679284580806
1338,147,1485,0.10519746591444801
1345,147,1492,0.10523073232853494
1350,145,1495,0.10524339751572309
1358,142,1500,0.10524444114907316
1354,145,1499,0.10522534597309904
1364,142,1506,0.10521430477886672
1355,140,1495,0.10518240686190498
1341,143,1484,0.10517272160011203
1352,147,1499,0.10519638217527578
1349,146,1495,0.10519463446776718
1339,137,1476,0.10520396003324066
1340,140,1480,0.10523621789157506
1334,148,1482,0.10526183224656367
1322,151,1473,0.10529851255317499
1325,153,1478,0.1053591818311483
1334,154,1488,0.10540872379580929
1331,152,1483,0.10543413598032181
1324,154,1478,0.10546358566865824
1327,153,1480,0.10550691897722986
1352,149,1501,0.10554026304922477
1352,149,1501,0.10551377712185733
1351,148,1499,0.10549094163584889
1353,148,1501,0.10547031038294864
1354,149,1503,0.10544520633918106
1351,153,1504,0.10542087457159216
1350,149,1499,0.10540712726051535
1356,149,1505,0.10539641624358836
1343,152,1495,0.10537492886638568
1334,152,1486,0.10538402514098566
1328,154,1482,0.10541324481233541
1339,158,1497,0.10545643144206959
1335,164,1499,0.10547407614864329
1309,167,1476,0.10549888843165302
1310,169,1479,0.10558143687262173
1323,168,1491,0.10565611858708532
1329,169,1498,0.10569535657146474
1330,161,1491,0.10571864386617147
1322,162,1484,0.10573763120742942
1336,166,1502,0.10577105313487473
1341,165,1506,0.10577183193207346
1340,168,1508,0.10576231227316522
1338,164,1502,0.10575214556551174
1335,163,1498,0.10574801236895702
1333,167,1500,0.10575123802842341
1318,164,1482,0.10575815488605748
1313,165,1478,0.105799667781149
1308,166,1474,0.10585037658208267
1306,164,1470,0.10590855274435512
1313,169,1482,0.10596560636545382
1301,170,1471,0.10600281108422148
1307,172,1479,0.10606343625004054
1315,172,1487,0.10610738731306327
1309,171,1480,0.1061299247933164
1314,177,1491,0.10616577971887536
1319,178,1497,0.10618517933374584
1307,179,1486,0.10618999409460994
1315,180,1495,0.10622098813831173
1322,179,1501,0.10623439348578786
1311,185,1496,0.10622941981202941
1315,182,1497,0.10625078461693359
1314,185,1499,0.10626292229385279
1311,180,1491,0.10627681685028222
1312,174,1486,0.10629616139793142
1303,181,1484,0.10631230020440904
1303,187,1490,0.10634726427683955
1317,185,1502,0.10637906641419663
1317,184,1501,0.10637554400964973
1324,186,1510,0.10637506816812889
1315,186,1501,0.1063593649077206
1319,186,1505,0.10636478767362856
1311,188,1499,0.10636269979958503
1315,186,1501,0.10637804264647788
1314,189,1503,0.10638250548060829
1314,190,1504,0.10639030478941595
1328,194,1522,0.1063965169333713
1316,194,1510,0.10637126501925302
1313,195,1508,0.10637754825553519
1306,199,1505,0.10639148661102825
1300,199,1499,0.10642184069086082
1302,199,1501,0.10646510605917943
1299,195,1494,0.10650049777134153
1298,193,1491,0.10653693576535846
1300,193,1493,0.10657341366865218
1303,196,1499,0.10660231887994492
1306,201,1507,0.10662413589287273
1294,201,1495,0.10663825737582931
1311,205,1516,0.10667955962261708
1295,203,1498,0.10667986644524535
1292,208,1500,0.10671648675068894
1302,205,1507,0.1067583477770608
1306,209,1515,0.10677267106205907
1312,201,1513,0.10677738799486085
1303,204,1507,0.10676652279494721
1295,200,1495,0.10677560507168969
1303,198,1501,0.10680289993586727
1302,204,1506,0.10680819177416198
1314,204,1518,0.10681419186894757
1313,203,1516,0.10679290094150573
1313,203,1516,0.10677634885595257
1294,202,1496,0.10676084230401538
1299,201,1500,0.10678984181304027
1297,199,1496,0.10680784364810078
1312,195,1507,0.10682676188832367
1303,191,1494,0.10680923428596067
1303,189,1492,0.10681339499186969
1304,191,1495,0.1068182948540057
1302,192,1494,0.10681905915460863
1300,192,1492,0.1068246128118161
1310,191,1501,0.10683290411774995
1305,196,1501,0.10681707079178293
1300,198,1498,0.10681239308804112
1302,199,1501,0.10682098117550641
1301,198,1499,0.10682735112566175
1297,196,1493,0.1068337252972692
1292,196,1488,0.10685113185696916
1291,201,1492,0.10687714914578773
1288,201,1489,0.10690224100965566
1287,201,1488,0.10693220629711675
1284,204,1488,0.10696173573378101
1298,203,1501,0.10699625045873877
1297,202,1499,0.1069991542905909
1308,204,1512,0.10700400490758852
1303,198,1501,0.10698285623268713
1307,198,1505,0.10697595581195235
1308,196,1504,0.10696256867887632
1305,197,1502,0.10694724419342297
1297,201,1498,0.10694103409500061
1301,202,1503,0.1069517316812771
1298,201,1499,0.10695307645823082
1278,208,1486,0.10696228978075915
1277,212,1489,0.10701731899829664
1281,214,1495,0.10707251616102414
1277,213,1490,0.10711390887872646
1278,212,1490,0.10716406691934853
1269,209,1478,0.10720643642836443
1280,208,1488,0.10726661905023864
1294,210,1504,0.10729630633840291
1301,210,1511,0.10729227617449821
1297,212,1509,0.10727221249749956
1282,212,1494,0.10726171120430646
1276,210,1486,0.10728866322554634
1276,217,1493,0.10732614134128955
1285,217,1502,0.10735742583897347
1276,218,1494,0.10736582504042463
1274,216,1490,0.10739488359966437
1273,214,1487,0.10742595288779168
1274,218,1492,0.10745683810276839
1293,221,1514,0.10748325378444618
1277,221,1498,0.1074646891528188
1289,220,1509,0.10748466010997745
1271,224,1495,0.10747868086614677
1277,223,1500,0.10751467616076883
1257,228,1485,0.10753491975931861
1256,229,1485,0.10759897796940333
1257,230,1487,0.10766062873989178
1253,231,1484,0.10771652882903285
1257,231,1488,0.10777852531593134
1254,230,1484,0.10782681606273205
1256,230,1486,0.10787838558242015
1260,230,1490,0.107921514901834
1269,233,1502,0.10795076218658067
1276,232,1508,0.10795553942921446
1280,231,1511,0.10794526399822417
1275,232,1507,0.10792590425569071
1294,234,1528,0.1079192803062972
1285,227,1512,0.10787167935157792
1283,225,1508,0.10784833543361272
1280,228,1508,0.10783129492313628
1273,232,1505,0.10782203767699333
1263,233,1496,0.10783112129867366
1267,229,1496,0.10786278963862843
1259,232,1491,0.10788573118844613
1253,235,1488,0.10792485261910777
1265,235,1500,0.10797542228242664
1265,238,1503,0.1079916608779918
1256,237,1493,0.1080070267207746
1243,238,1481,0.10804224326547315
1248,238,1486,0.10810463258340273
1252,244,1496,0.10815270201772834
1245,248,1493,0.10818762864655952
1250,250,1500,0.10823820511778784
1243,254,1497,0.10827638176132894
1231,259,1490,0.10832635131035151
1245,255,1500,0.10839981694095528
1229,256,1485,0.10843692447535933
1235,263,1498,0.10850585685506431
1235,262,1497,0.10855596567736256
1224,259,1483,0.10860362316469985
1220,261,1481,0.10867369791804225
1215,262,1477,0.10874692033031043
1209,263,1472,0.1088278210959701
1214,261,1475,0.10891632693546463
1223,268,1491,0.10898711447092765
1229,268,1497,0.10903178362338636
1228,268,1496,0.1090567511010575
1221,266,1487,0.10908210884268285
1220,264,1484,0.10912124120013854
1221,262,1483,0.10915975434963432
1215,261,1476,0.10919403819522025
1207,265,1472,0.10923748270382007
1220,266,1486,0.10929626501164322
1228,267,1495,0.10932085999981506
1245,263,1508,0.10932716251470097
1248,262,1510,0.10929489801081019
1235,263,1498,0.10925905839787127
1238,258,1496,0.10925455579808332
1246,262,1508,0.10924437111780319
1237,260,1497,0.1092154687142489
1227,259,1486,0.10920900510645876
1228,265,1493,0.10922703036849433
1234,265,1499,0.10924025467298006
1223,266,1489,0.10924155660606231
1221,261,1482,0.1092668248028844
1224,265,1489,0.10929480289902417
1223,266,1489,0.10931592365979291
1232,268,1500,0.10933943339480572
1223,272,1495,0.10934015683600333
1215,273,1488,0.10935987553426418
1212,275,1487,0.1093972689258743
1218,275,1493,0.109436750839617
1218,272,1490,0.10945780395715478
1209,277,1486,0.1094787508685283
1214,276,1490,0.10951817151269892
1219,274,1493,0.10954151742323237
1218,278,1496,0.1095537011498059
1224,283,1507,0.1095673199356517
1222,288,1510,0.1095654251291915
1213,282,1495,0.10956806990360862
1196,287,1483,0.1095905451361438
1204,284,1488,0.10965310483903007
1217,290,1507,0.1096913169435863
1205,291,1496,0.10969704326414581
1211,293,1504,0.10973330744223678
1208,290,1498,0.10975224884422928
1201,293,1494,0.10977652933670823
1206,290,1496,0.1098163030702088
1215,287,1502,0.10984202953459764
1212,293,1505,0.1098444422548819
1204,294,1498,0.10985301085512685
1205,295,1500,0.10988210692042655
1216,289,1505,0.10990484402210488
1223,285,1508,0.10990186196489585
1221,288,1509,0.10988487583597656
1221,289,1510,0.10987249132074277
1215,288,1503,0.10985875591065303
1220,296,1516,0.10986064187091117
1212,292,1504,0.1098529553694145
1223,292,1515,0.10986392006772949
1217,286,1503,0.1098497843614373
1202,294,1496,0.10985109699721343
1202,302,1504,0.10988692906161507
1199,305,1504,0.10992233291178738
1197,300,1497,0.10996345076711318
1194,300,1494,0.11000750450133083
1193,308,1501,0.11005644500214158
1186,306,1492,0.11010264065751132
1191,307,1498,0.11016000843444981
1201,306,1507,0.1102020712798364
1176,312,1488,0.11021872334197007
1174,315,1489,0.11029074767499449
1182,320,1502,0.11036431784988388
1161,334,1495,0.1104151056515922
1159,337,1496,0.11051087273020116
1151,340,1491,0.11060429884703403
1153,346,1499,0.11070847833385088
1147,349,1496,0.11080249694094987
1130,347,1477,0.11090466194965241
1132,344,1476,0.11103537133963094
1135,347,1482,0.11115270348641787
1137,357,1494,0.11125498787092133
1138,358,1496,0.11134530763740351
1140,363,1503,0.11142781162337931
1135,366,1501,0.11149921367056383
1136,369,1505,0.11158020801099258
1143,368,1511,0.11165563576200611
1143,373,1516,0.1117107679429136
1136,375,1511,0.11176030552399695
1136,376,1512,0.11182047303135534
1128,375,1503,0.11187611306071402
1124,374,1498,0.11194553931343826
1129,378,1507,0.11202011136206932
1134,379,1513,0.1120792222826676
1142,381,1523,0.11212153293845947
1140,377,1517,0.11214420921439894
1128,375,1503,0.11216970593735738
1129,369,1498,0.1122225130197581
1120,369,1489,0.11227145309156797
1118,381,1499,0.11233692836823404
1120,386,1506,0.11240177021495294
1120,390,1510,0.1124583993141557
1104,386,1490,0.1125125807964402
1111,386,1497,0.11259930388601289
1111,391,1502,0.11266574647728245
1118,393,1511,0.1127273150117362
1114,392,1506,0.11276923467681016
1108,397,1505,0.11281685917119193
1105,396,1501,0.11287449115227358
1104,396,1500,0.1129353019810329
1104,398,1502,0.11299366716436962
1101,399,1500,0.11304586655109915
1100,402,1502,0.11310121037122098
1114,404,1518,0.11315657101589734
1111,400,1511,0.11317331836232424
1110,400,1510,0.1131968377102703
1117,404,1521,0.1132224156619138
1121,403,1524,0.1132330895016235
1116,405,1521,0.11323191434686838
1112,397,1509,0.11324390943386632
1104,398,1502,0.11326513581091255
1109,401,1510,0.11330408745619863
1100,400,1500,0.11332977907044924
1105,404,1509,0.11337619493679146
1102,400,1502,0.11340841520998608
1104,405,1509,0.11344577671299735
1109,412,1521,0.11347299628874645
1094,413,1507,0.11348712193836714
1093,413,1506,0.11353462768039853
1105,413,1518,0.11357823637924916
1114,408,1522,0.11359308251553131
1111,397,1508,0.11358566587065734
1109,397,1506,0.11358400254220388
1120,397,1517,0.11358673962866969
1126,403,1529,0.11356272595180274
1118,400,1518,0.11352649156470665
1124,405,1529,0.11351184949755093
1098,402,1500,0.113484455627836
1095,399,1494,0.11351888861724181
1094,410,1504,0.11355725639566314
1093,409,1502,0.11359389135157599
1100,407,1507,0.11363140445279585
1104,406,1510,0.11364838203563477
1096,411,1507,0.11365595561650048
1109,417,1526,0.11368210063608383
1093,422,1515,0.11367724950251577
1081,414,1495,0.11371013670287504
1073,411,1484,0.1137691769961706
1070,411,1481,0.1138406597713518
1071,422,1493,0.1139119163062363
1070,420,1490,0.11397566642569362
1083,420,1503,0.11403663274467991
1081,418,1499,0.11406560404016532
1087,427,1514,0.11409678678630959
1079,430,1509,0.11411093470571775
1079,439,1518,0.11414408382749058
1063,443,1506,0.11417661383417789
1064,432,1496,0.1142421933316303
1058,420,1478,0.1143026169526514
1063,422,1485,0.11437388146137813
1064,424,1488,0.11442667808292885
1058,419,1477,0.11447316561488802
1056,427,1483,0.11452812042567814
1061,424,1485,0.1145824118702526
1050,429,1479,0.11462014564029911
1053,430,1483,0.11468209534421822
1058,437,1495,0.11473151689003636
1064,436,1500,0.11476598915150697
1065,438,1503,0.11478356508308321
1069,438,1507,0.11479900669107755
1064,441,1505,0.11480600080408664
1055,443,1498,0.11482413565736593
1049,443,1492,0.11486126450772613
1047,442,1489,0.11491106125138
1045,444,1489,0.11496164611843003
1035,445,1480,0.11501514865958735
1040,447,1487,0.11508760744946027
1047,451,1498,0.11514431351435801
1053,447,1500,0.1151796108089729
1053,443,1496,0.11519870113917097
1045,445,1490,0.11521653515635444
1052,457,1509,0.1152517654539065
1038,449,1487,0.11526825635366997
1036,440,1476,0.11531747139339014
1039,440,1479,0.11537070795534589
1025,442,1467,0.11541403262604794
1019,446,1465,0.11548701762483432
1025,460,1485,0.11557031225454585
1038,456,1494,0.11563046600169845
1030,454,1484,0.11565567718985299
1035,451,1486,0.11569931929491778
1035,453,1488,0.11572290915550194
1032,449,1481,0.11574192676304303
1033,457,1490,0.1157667913906192
1037,458,1495,0.11578762490294198
1033,459,1492,0.11579903175590339
1023,459,1482,0.1158191266682283
1031,469,1500,0.11586358102281148
1030,466,1496,0.11588421580352616
1034,462,1496,0.1159070806373488
1033,460,1493,0.11591864851420812
1043,464,1507,0.1159314383604637
1035,466,1501,0.115920285297993
1025,474,1499,0.11592836024496499
1021,468,1489,0.11595989934975322
1019,475,1494,0.11599776859913931
1026,478,1504,0.116040752164406
1024,484,1508,0.11606351909110263
1028,482,1510,0.11608850594998338
1029,482,1511,0.11610357554090153
1039,489,1528,0.1161138453547395
1028,489,1517,0.11610018875742405
1015,490,1505,0.1161129935538097
1014,488,1502,0.1161584439975459
1005,495,1500,0.11620318327196955
1005,493,1498,0.11626600095712276
1007,487,1494,0.11632378451930975
996,500,1496,0.11637289010389389
993,499,1492,0.11644627760754979
998,504,1502,0.11652261094611123
986,502,1488,0.11658434275202005
999,502,1501,0.11667070314750629
988,496,1484,0.11671899818267967
984,493,1477,0.11678813985316848
990,491,1481,0.11685841473937617
998,496,1494,0.1169085539460759
989,500,1489,0.11693782322873066
983,505,1488,0.11698881642609706
988,506,1494,0.11705243134350928
981,504,1485,0.11710020403070423
982,498,1480,0.11716123638154688
983,494,1477,0.11721425834937317
984,495,1479,0.1172589619759635
986,499,1485,0.11729805942202212
987,493,1480,0.11733274347540448
991,494,1485,0.11735936161056962
991,498,1489,0.11737555308762036
988,501,1489,0.11738825620472575
999,506,1505,0.117408930275544
1000,497,1497,0.11740369466437317
1000,504,1504,0.11739647394104105
1000,503,1503,0.11738973438556816
999,498,1497,0.11738469025563607
996,503,1499,0.11738327938995453
994,500,1494,0.11738650498196762
998,489,1487,0.11739420552823734
1020,489,1509,0.11739074456968349
1024,492,1516,0.11733713479135797
1016,492,1508,0.11727584997131527
1007,495,1502,0.11723914490395244
1001,484,1485,0.11722577331743735
1005,489,1494,0.11722762070370284
1006,488,1494,0.11721823113944922
1000,495,1495,0.11720689257525571
1009,494,1503,0.11720998494834024
1008,492,1500,0.11718921984865624
1010,498,1508,0.1171742230101716
1016,503,1519,0.11715515722021222
1010,498,1508,0.11712629070508009
1013,498,1511,0.11711445136798496
1004,500,1504,0.11709807156086073
996,492,1488,0.11710706350345129
994,506,1500,0.11713487938699961
994,511,1505,0.11716858090984474
989,510,1499,0.11720160659147724
985,514,1499,0.11724453933419288
988,521,1509,0.11729214550312929
986,527,1513,0.11733033051759449
974,526,1500,0.11736870191676814
982,529,1511,0.11743311936443866
965,531,1496,0.11747419010176603
977,519,1496,0.11755059077623205
973,515,1488,0.11759066482480651
981,528,1509,0.1176398729624071
982,521,1503,0.1176677698497092
980,522,1502,0.11769288092653235
981,526,1507,0.11772047206754467
989,523,1512,0.11774345408538654
985,526,1511,0.11774703890601429
984,522,1506,0.11776180955052398
967,533,1500,0.11777502874100038
954,537,1491,0.11782693699561182
955,538,1493,0.11790582739947165
956,534,1490,0.11797827835008973
950,538,1488,0.11804463833517176
952,544,1496,0.1181209758492613
953,547,1500,0.1181853240692985
944,554,1498,0.11824585601762727
932,558,1490,0.11832148591726334
929,550,1479,0.11842310303355155
938,555,1493,0.11852488029197683
941,555,1496,0.1185988820459822
954,561,1515,0.11865825226401952
955,560,1515,0.11868524568184112
959,547,1506,0.11870972817049072
951,548,1499,0.11872351885689088
949,547,1496,0.11875748685562426
948,545,1493,0.11879280104924848
939,559,1498,0.11882626868592584
936,561,1497,0.11888090645353389
944,567,1511,0.11893838055389844
944,567,1511,0.11897562145572448
955,571,1526,0.11901080783531048
950,562,1512,0.1190159824227652
941,558,1499,0.11903393998376047
947,563,1510,0.11907215968197757
933,569,1502,0.11909359534950557
931,564,1495,0.11914677689320258
929,563,1492,0.11920049983571385
925,575,1500,0.11925522981271025
930,576,1506,0.11931557337535427
933,579,1512,0.11936050758601119
930,573,1503,0.11939286979400617
924,569,1493,0.11942943743494817
929,575,1504,0.11947734376929625
941,585,1526,0.11951324032925122
939,570,1509,0.11952046076193877
937,572,1509,0.11953115532618216
932,574,1506,0.11954452349181548
921,578,1499,0.11956909645801954
920,573,1493,0.11961754830160107
925,581,1506,0.11966663223360008
914,591,1505,0.11970358335903013
907,599,1506,0.11976416044755808
908,597,1505,0.11983697526924747
908,595,1503,0.11990220340260649
905,596,1501,0.11996300766246965
903,598,1501,0.12002407814674218
895,602,1497,0.12008687335813813
900,612,1512,0.12016760612099901
902,613,1515,0.12023116455528893
898,608,1506,0.12028248541988901
895,607,1502,0.1203401300089931
894,608,1502,0.12040273601183654
893,621,1514,0.12046324323225324
896,621,1517,0.12052326763995477
895,621,1516,0.1205714555364087
890,615,1505,0.12061825578821511
881,618,1499,0.12067204927939618
885,623,1508,0.120742105368379
874,613,1487,0.12079849655256723
885,605,1490,0.12087642111038363
886,608,1494,0.12092111889630573
896,598,1494,0.12095926660433744
891,609,1500,0.12097060297959927
885,617,1502,0.12099461197037725
884,617,1501,0.12102872854805674
885,619,1504,0.12106215018967559
888,616,1504,0.12109277411165258
887,611,1498,0.12111312325409536
880,609,1489,0.12113692809942662
881,614,1495,0.1211743701521592
882,619,1501,0.12120581916797228
887,617,1504,0.12123335458415375
888,618,1506,0.12124908415917714
886,617,1503,0.12126359995482787
885,616,1501,0.12128227593196118
886,617,1503,0.12130147260040015
878,614,1492,0.121317489099585
880,617,1497,0.12135165267074949
879,622,1501,0.12137831764260226
876,612,1488,0.12140484350667463
873,615,1488,0.12143522519136501
866,614,1480,0.12147071702203897
873,620,1493,0.12152040420034822
876,616,1492,0.12155009457599465
876,620,1496,0.12156941559261406
873,631,1504,0.12159248132095442
880,629,1509,0.12161884243529247
880,624,1504,0.12162411052389492
876,635,1511,0.12162729071527932
873,629,1502,0.12164042731381176
870,633,1503,0.12166045973148272
867,633,1500,0.12168777292233263
869,628,1497,0.12172050000168819
874,641,1515,0.12174822260604369
865,638,1503,0.12176371772166705
870,639,1509,0.12179759091182457
869,645,1514,0.12181611993620453
874,635,1509,0.12183735366904522
877,630,1507,0.12184370354993948
884,630,1514,0.12184354620179166
887,621,1508,0.1218256796581672
881,623,1504,0.12180225611576813
879,626,1505,0.12179513314594581
873,631,1504,0.1217918745619428
873,641,1514,0.12180342937285057
865,635,1500,0.12181571289664156
862,630,1492,0.12184394533320056
865,630,1495,0.12187685324351967
866,625,1491,0.1219026052159651
860,647,1507,0.1219239706705283
861,645,1506,0.12195880830807543
866,643,1509,0.12199166381835515
865,651,1516,0.12200559379654606
863,651,1514,0.1220221004858222
862,646,1508,0.12204301843218156
865,647,1512,0.12206564104430065
865,644,1509,0.12207911123742371
852,652,1504,0.12209349935494025
857,656,1513,0.12213652890986941
851,644,1495,0.12216386637101337
847,649,1496,0.12220436925061418
830,659,1489,0.1222536581643401
831,661,1492,0.12234189942333713
829,668,1497,0.12242270175998068
832,670,1502,0.12250194573320547
825,667,1492,0.12256550572786956
839,665,1504,0.12264033835333507
842,675,1517,0.1226764375373361
841,667,1508,0.1227046369376223
829,659,1488,0.12273222485204674
833,674,1507,0.12278573654867518
838,665,1503,0.12282532588041509
832,661,1493,0.12284911913535197
828,667,1495,0.12288688356826231
817,667,1484,0.12293200572155058
826,665,1491,0.1229997649467448
833,672,1505,0.12304357744476477
830,675,1505,0.12306743541787768
831,680,1511,0.12309800431550527
818,692,1510,0.12312524518569293
816,672,1488,0.12318134187159549
821,683,1504,0.1232368725857431
823,685,1508,0.12327726988188202
823,679,1502,0.12331153919306136
824,677,1501,0.12334286034506446
830,681,1511,0.1233714080341495
835,694,1529,0.12338456829988637
827,689,1516,0.12338414873982013
825,687,1512,0.12340228087039382
819,692,1511,0.12342759670988823
818,688,1506,0.12346602975790709
818,686,1504,0.1235015907037316
817,689,1506,0.12353302557813324
819,694,1513,0.12356667738715728
812,688,1500,0.12359564883607942
820,687,1507,0.12363818398888679
827,681,1508,0.12365725944109855
801,678,1479,0.1236589331486552
814,681,1495,0.12372057129787463
810,684,1494,0.12374911869435738
804,690,1494,0.12378678104143606
800,689,1489,0.1238376288858463
807,687,1494,0.12389570595385506
806,692,1498,0.12393333645847322
814,698,1512,0.12397002402925997
811,691,1502,0.12398609817341252
805,700,1505,0.12400730552938455
801,710,1511,0.12404282193340588
799,705,1504,0.12408530581034678
802,693,1495,0.12412879240613732
800,701,1501,0.12416044917668775
799,699,1498,0.12419497904026468
798,705,1503,0.12422892106553583
804,706,1510,0.12426419402871919
804,709,1513,0.12428306419622881
799,711,1510,0.12429943906643032
799,704,1503,0.12432799117324685
793,707,1500,0.1243554775068943
783,708,1491,0.12439607087871099
797,715,1512,0.12445454201884841
803,704,1507,0.12447839079737916
805,710,1515,0.12448682995273076
803,719,1522,0.12449022575291316
795,726,1521,0.12449977949027304
792,717,1509,0.12452727833697458
791,716,1507,0.1245596845377456
795,708,1503,0.12458915750605853
801,712,1513,0.12460819675041236
807,713,1520,0.12461099549979117
801,716,1517,0.12460021961526593
794,724,1518,0.12460383940537391
790,721,1511,0.12462224796831343
787,724,1511,0.12465174205379217
786,724,1510,0.12468416619893144
792,725,1517,0.12471643988342632
789,732,1521,0.12473233510504887
778,730,1508,0.12475683798426637
778,726,1504,0.12480683151278324
772,736,1508,0.12485292462028585
773,731,1504,0.12490907380908492
767,725,1492,0.124959685360861
774,729,1503,0.12502064585355413
774,733,1507,0.12506111326144387
771,736,1507,0.12509833898105188
763,735,1498,0.12513860773349822
765,738,1503,0.1251926503331699
760,741,1501,0.1252418593329648
762,733,1495,0.12530130459374683
763,731,1494,0.12535140575116346
751,733,1484,0.12539813462664712
758,738,1496,0.1254679482556964
758,747,1505,0.12551658147950717
760,743,1503,0.12556163167281045
760,741,1501,0.12560173530945165
758,755,1513,0.12563806943858552
759,756,1515,0.12567573465820975
750,767,1517,0.12570946969098423
746,759,1505,0.12576298714372286
749,758,1507,0.12582146129355284
749,752,1501,0.12586995883129487
753,757,1510,0.12591515066073256
749,749,1498,0.12595001484973053
746,767,1513,0.12599175603255416
743,763,1506,0.12603744721370916
741,760,1501,0.12608719309825286
742,757,1499,0.12613664273488567
745,759,1504,0.1261775736714345
744,762,1506,0.1262088066655054
752,764,1516,0.12624108086984523
738,764,1502,0.1262494006868329
733,763,1496,0.1262905084830581
736,758,1494,0.1263424782395262
732,753,1485,0.126383936080632
736,759,1495,0.12642981642803164
732,755,1487,0.12646261949658916
740,752,1492,0.12650367397230347
736,755,1491,0.1265195748465183
749,762,1511,0.12654457633918348
744,758,1502,0.12653776057275504
752,750,1502,0.1265413691155697
747,755,1502,0.12652687404143795
753,756,1509,0.12652581319682712
754,766,1520,0.12651246953936504
751,774,1525,0.12649802635024904
747,772,1519,0.12649202485401986
742,773,1515,0.1264956365208535
746,770,1516,0.12651048280139485
743,773,1516,0.12651620646399575
750,763,1513,0.12653057854779595
754,769,1523,0.12652741770835843
752,769,1521,0.1265152779164266
735,772,1507,0.12650945881781425
724,768,1492,0.12654312590202862
716,780,1496,0.1266015682250404
722,777,1499,0.12667432087543762
728,769,1497,0.12672612017003504
727,768,1495,0.12675712716035453
722,770,1492,0.12678840105041422
735,778,1513,0.12682913889415043
733,778,1511,0.12683797073530412
733,779,1512,0.12685038960821238
728,771,1499,0.12686381513590933
734,767,1501,0.12688813443249142
735,775,1510,0.12689430901462612
733,769,1502,0.12689900410881133
740,769,1509,0.12690689719894993
745,768,1513,0.1268972093457973
735,779,1514,0.12687854500348025
742,775,1517,0.126884755703211
736,762,1498,0.12687307922030627
735,766,1501,0.12687914504737297
736,766,1502,0.12688869036478537
730,770,1500,0.12689389409612875
734,776,1510,0.1269115182026189
732,768,1500,0.12691773111134347
719,770,1489,0.12692945246451992
717,769,1486,0.12697040062674536
716,769,1485,0.12701203850481607
715,773,1488,0.12705329204600754
722,770,1492,0.12709275527845956
726,779,1505,0.1271120387835705
724,774,1498,0.1271207873929121
722,774,1496,0.12713335253630673
725,778,1503,0.12714872386907636
713,787,1500,0.12715440428889263
715,787,1502,0.12718884731738653
714,791,1505,0.12721797074612776
718,790,1508,0.12724772700648013
725,784,1509,0.12726460248556368
721,784,1505,0.12726137251301559
709,781,1490,0.12727007942303176
716,778,1494,0.12730841592601527
716,773,1489,0.1273235960439184
731,781,1512,0.1273390136490605
724,787,1511,0.12731715586135478
730,781,1511,0.12731291760981414
716,776,1492,0.12729852825763102
720,785,1505,0.12731739237692316
730,792,1522,0.12732582837390397
736,788,1524,0.12731144576866207
733,785,1518,0.12728439829016833
727,794,1521,0.12726671951513666
717,780,1497,0.12726640617117305
719,785,1504,0.12728853918901975
721,789,1510,0.12730560160260648
712,787,1499,0.12731599071761404
705,796,1501,0.1273477926125208
698,795,1493,0.12739530587470035
697,804,1501,0.12745693570022149
696,809,1505,0.12751544939820347
702,803,1505,0.12757086263701486
709,804,1513,0.12760575139045563
709,802,1511,0.12762207853159482
704,797,1501,0.12763763054421978
704,803,1507,0.1276635428296076
710,806,1516,0.12768874386279908
702,789,1491,0.127698947667265
702,800,1502,0.1277263470832632
692,800,1492,0.12774593267632744
689,792,1481,0.1277887565721311
687,789,1476,0.1278352324093402
687,793,1480,0.1278819069612588
689,791,1480,0.12792693081008633
693,800,1493,0.12796706310205105
692,803,1495,0.12799783165762224
704,808,1512,0.12802597638903462
701,804,1505,0.12802368472938963
705,799,1504,0.12803075790898347
701,803,1504,0.1280261442271191
700,799,1499,0.128031960350097
693,805,1498,0.12804066008936124
692,804,1496,0.12806465842622256
693,804,1497,0.12808737966851663
697,812,1509,0.1281072239568684
685,806,1491,0.12811677770548796
702,804,1506,0.12815386892556074
703,814,1517,0.12814690982987295
704,810,1514,0.12813791784847556
703,811,1514,0.1281232861044645
694,809,1503,0.12811362473622284
691,812,1503,0.12812619764538505
693,819,1512,0.12814471038859923
692,814,1506,0.1281576374470862
696,813,1509,0.12817297042363524
683,819,1502,0.1281770297495548
683,816,1499,0.1282126702485591
693,813,1506,0.12824712340617167
685,815,1500,0.12825622666350053
692,815,1507,0.1282845819192362
684,811,1495,0.1282935902747508
684,818,1502,0.12831895316778563
687,815,1502,0.12834372619132556
684,821,1505,0.12836030660899655
676,815,1491,0.12838346732649214
673,823,1496,0.1284252137702622
664,834,1498,0.12847292454268552
666,840,1506,0.128536609298768
678,843,1521,0.1285916583185858
669,841,1510,0.12861356582087247
680,835,1515,0.12865736469936934
679,851,1530,0.1286737231823101
676,843,1519,0.1286917583426815
667,838,1505,0.12871679479136802
662,836,1498,0.12876358422966613
658,839,1497,0.12881848648757097
652,846,1498,0.12887959890204556
653,857,1510,0.12894992465407001
641,851,1492,0.12901170556029162
638,860,1498,0.1290989118963769
634,863,1497,0.12918851040668783
639,864,1503,0.12928170909064587
646,861,1507,0.12935576288799536
652,863,1515,0.12940450028446032
646,858,1504,0.12943657173164283
653,863,1516,0.12947646556395745
663,858,1521,0.12950033207652048
661,862,1523,0.12949681179375783
653,864,1517,0.12949774181868712
652,862,1514,0.12951848420224443
655,857,1512,0.1295420507152725
640,862,1502,0.1295570545669938
650,865,1515,0.12960791488821882
642,880,1522,0.12963231592759236
635,879,1514,0.12967586697876907
632,874,1506,0.12973122521979827
635,872,1507,0.12978935781282988
627,872,1499,0.12983713436724886
627,870,1497,0.12989906351598204
634,885,1519,0.12995551420316992
642,878,1520,0.12999257820785687
642,879,1521,0.1300074289662959
643,878,1521,0.13002215294519895
635,884,1519,0.130033466497147
631,889,1520,0.13006222978495738
635,891,1526,0.13009883499663197
632,886,1518,0.13012432237389127
633,883,1516,0.13015664744869235
628,882,1510,0.13018472112133905
628,889,1517,0.1302230925011936
622,892,1514,0.13025869900433065
622,893,1515,0.130306577028059
621,898,1519,0.13035318902385587
614,899,1513,0.13040039338122766
617,896,1513,0.13046232311641734
610,905,1515,0.1305138877898329
612,912,1524,0.13057848916743184
602,915,1517,0.13063490013568896
606,921,1527,0.13071322903724553
595,921,1516,0.13077539681375294
599,925,1524,0.13085727790382606
601,921,1522,0.13092267167153163
600,925,1525,0.13097965717364282
599,919,1518,0.13103649934608477
594,915,1509,0.131090273479831
592,907,1499,0.13115268249762388
591,909,1500,0.13121427910108488
589,905,1494,0.13127218527802756
590,920,1510,0.1313298096050578
587,918,1505,0.13138273904451261
589,912,1501,0.1314397416759478
588,918,1506,0.1314884167342402
586,915,1501,0.13153240558172796
584,925,1509,0.13157627758653503
570,927,1497,0.13162227900895282
570,931,1501,0.1316981956707504
569,930,1499,0.13176866357058825
572,928,1500,0.13183752236381452
561,940,1501,0.1318979291524326
566,928,1494,0.13198126030131152
567,922,1489,0.13204534208009572
579,932,1511,0.13210318074154162
564,944,1508,0.1321288935356299
567,944,1511,0.13218708434290147
561,950,1511,0.13223482501529593
558,947,1505,0.13229506829726814
559,949,1508,0.1323585017468876
564,946,1510,0.1324154472715943
564,931,1495,0.13245854571909826
565,938,1503,0.13249563658028998
563,935,1498,0.1325267879092916
567,947,1514,0.13256062766873836
572,955,1527,0.13258488829263676
565,944,1509,0.1325942797238571
552,943,1495,0.13261995718989064
553,940,1493,0.1326743786564304
548,944,1492,0.1327241505499649
553,942,1495,0.13278291370345463
552,944,1496,0.13282574873901803
553,946,1499,0.13286622670494969
549,950,1499,0.1329012767227199
556,943,1499,0.13294352162651282
554,957,1511,0.1329637144031406
555,958,1513,0.13298896148997857
556,951,1507,0.13301060850948157
561,946,1507,0.13302668264887874
559,945,1504,0.13302880800882302
554,952,1506,0.13303850055444533
552,956,1508,0.13306094035700117
547,960,1507,0.133087973713613
542,955,1497,0.1331243781018562
540,956,1496,0.13317064647247812
541,961,1502,0.13321974556120214
540,950,1490,0.13326306900340695
539,958,1497,0.13330443887179058
556,960,1516,0.13334595140247912
544,955,1499,0.13334553158003562
537,952,1489,0.13337471188768948
532,951,1483,0.13342025376010772
541,964,1505,0.13347161165715954
537,965,1502,0.1334989744717568
528,971,1499,0.13353324234843697
536,979,1515,0.13358829762616012
535,985,1520,0.13362041102635508
531,980,1511,0.13365199062474192
531,982,1513,0.13369317782495968
542,979,1521,0.13372951925284202
538,979,1517,0.13373369459935752
532,973,1505,0.1337478417771248
535,973,1508,0.13377684584952504
533,975,1508,0.13379919335029344
526,979,1505,0.13382505419193452
531,979,1510,0.13386694550685405
537,976,1513,0.1338926877530824
544,980,1524,0.13390103262360267
540,976,1516,0.13389193537854044
540,975,1515,0.1338934888955232
540,984,1524,0.13389398468793848
536,977,1513,0.13389798921704624
529,980,1509,0.13391144997138757
531,988,1519,0.13394240857948975
532,984,1516,0.13396681858845327
531,985,1516,0.1339893744992124
531,980,1511,0.13401047586819143
528,982,1510,0.13403048415286004
519,991,1510,0.13405646813451155
509,995,1504,0.13410153754302903
508,996,1504,0.1341688570145514
506,993,1499,0.134231684803617
514,999,1513,0.13429570534217947
510,999,1509,0.13433745554172533
507,1002,1509,0.13438632802202707
501,1010,1511,0.13443764134104605
498,1010,1508,0.1344995438082754
496,1009,1505,0.1345655772658213
496,1020,1516,0.13463413778482278
490,1015,1505,0.1346970557567072
493,1020,1513,0.1347691612340028
497,1016,1513,0.13482938083519816
491,1021,1512,0.13487718076940283
491,1026,1517,0.13493533257813214
493,1038,1531,0.13498841751247506
485,1035,1520,0.13503336959078216
484,1026,1510,0.135094855654684
478,1043,1521,0.1351554598763607
480,1036,1516,0.13522652201334448
480,1022,1502,0.13528619831308658
487,1020,1507,0.13534217534362267
484,1032,1516,0.1353770826837373
482,1029,1511,0.13541848629980577
470,1036,1506,0.13546319103437887
476,1040,1516,0.13553202232894532
476,1035,1511,0.13558228863943927
478,1030,1508,0.13562782686349278
478,1032,1510,0.13566788853079262
471,1035,1506,0.13570637940677532
475,1044,1519,0.13575803761471397
474,1040,1514,0.13579611329622535
477,1040,1517,0.13583356855852224
480,1034,1514,0.13586217561929526
476,1041,1517,0.1358804254380936
464,1045,1509,0.1359064158509304
469,1044,1513,0.1359596590144068
468,1051,1519,0.13599859255174185
470,1052,1522,0.1360365829796005
469,1049,1518,0.13606865962355172
468,1042,1510,0.13609915061636105
470,1044,1514,0.13613044053458573
467,1045,1512,0.13615207827330836
475,1037,1512,0.1361794582910715
469,1037,1506,0.13618394121797847
478,1041,1519,0.13620249840264748
478,1041,1519,0.13620084187474185
477,1027,1504,0.13619886598050518
477,1031,1508,0.13619937953330333
475,1022,1497,0.13620049002091644
475,1031,1506,0.13620587566932446
463,1042,1505,0.136210458229282
455,1040,1495,0.1362440304735369
453,1046,1499,0.13629513594072556
450,1053,1503,0.13634929603398632
448,1053,1501,0.13640670567802587
454,1051,1505,0.1364658230085377
456,1056,1512,0.1365065844741832
457,1058,1515,0.13653929106881613
461,1059,1520,0.13656819913469215
458,1061,1519,0.1365865787662563
452,1058,1510,0.136609507528561
454,1066,1520,0.13664555108549245
448,1060,1508,0.13667512807316073
445,1052,1497,0.13671441761966302
446,1058,1504,0.13676086236441506
443,1066,1509,0.1367999728618331
448,1055,1503,0.13684270523975564
447,1057,1504,0.13687227530836416
437,1060,1497,0.13690230554027466
436,1057,1493,0.13695434369363768
444,1067,1511,0.1370057747266987
445,1071,1516,0.13703585621240758
438,1078,1516,0.1370616970891183
438,1071,1509,0.13710372869345464
435,1065,1500,0.1371437123899921
433,1066,1499,0.13718594803934697
425,1072,1497,0.13722806614281272
420,1071,1491,0.13728701298524243
423,1074,1497,0.13735434986646472
422,1078,1500,0.1374089756548945
427,1077,1504,0.13746338030289565
426,1090,1516,0.13750237559768316
414,1101,1515,0.13754241497252215
421,1089,1510,0.13760853028960926
426,1091,1517,0.13765342992664972
418,1093,1511,0.13768270796784385
426,1093,1519,0.1377287387349388
426,1094,1520,0.13775463261592732
424,1084,1508,0.13777572986019337
426,1085,1511,0.13780160303150307
430,1083,1513,0.13782011002338923
427,1087,1514,0.13782909562018003
424,1079,1503,0.13784389316745557
424,1089,1513,0.1378650917091032
429,1091,1520,0.1378853427476389
428,1082,1510,0.137891666915587
433,1086,1519,0.13790005526102672
436,1083,1519,0.13789505262182392
431,1085,1516,0.13788166457103015
434,1087,1521,0.13788170261516666
435,1082,1517,0.13787541351734597
431,1088,1519,0.13786751864625793
433,1082,1515,0.1378703949094076
426,1084,1510,0.1378678512418906
426,1078,1504,0.13788313982875078
424,1082,1506,0.13789912589114123
415,1093,1508,0.13791844407886425
416,1092,1508,0.1379591377518225
415,1091,1506,0.1379969029562691
413,1095,1508,0.1380307149519589
411,1099,1510,0.1380699233915131
417,1089,1506,0.13811102525007385
412,1093,1505,0.13813689178293637
410,1104,1514,0.1381729825432886
418,1114,1532,0.1382114405701965
416,1111,1527,0.13822772567171682
408,1101,1509,0.13824880091374778
406,1111,1517,0.13828785767998908
408,1107,1515,0.13832844231836824
414,1106,1520,0.1383621933177367
414,1108,1522,0.13837933560944266
422,1109,1531,0.13839492141932108
421,1114,1535,0.13838810272568255
414,1112,1526,0.13838593022636872
409,1100,1509,0.13839985695556697
409,1113,1522,0.13842527885910727
412,1103,1515,0.13845088638551367
409,1097,1506,0.13846765953334372
406,1102,1508,0.13849095165326009
402,1113,1515,0.13851992257296675
396,1101,1497,0.13855710407259642
395,1098,1493,0.1386056473775311
397,1091,1488,0.1386553315498863
395,1093,1488,0.13869633885928787
398,1092,1490,0.13873930151658936
398,1114,1512,0.13877150520428352
403,1123,1526,0.1388001537553557
397,1109,1506,0.13881497238891594
396,1103,1499,0.1388440046764089
397,1110,1507,0.13887310428285685
396,1102,1498,0.1388983950855881
394,1096,1490,0.13892170468157156
400,1098,1498,0.13895100309079766
403,1093,1496,0.1389628287049896
403,1091,1494,0.13896541408327212
394,1101,1495,0.13896610225260592
394,1109,1503,0.13898685501892566
398,1112,1510,0.1390108966045326
403,1111,1514,0.1390244263400449
402,1114,1516,0.1390235315893276
401,1111,1512,0.1390255575579337
404,1103,1507,0.13902963504220409
403,1102,1505,0.1390273025755019
398,1114,1512,0.13902703687375328
397,1115,1512,0.13904087860023404
394,1115,1509,0.13905660949346918
394,1114,1508,0.13907940783341644
392,1112,1504,0.139101287594175
390,1130,1520,0.13912802491178705
383,1142,1525,0.13915972771021454
384,1147,1531,0.13920507694475753
386,1130,1516,0.13924452016391148
388,1125,1513,0.13927654341764711
389,1112,1501,0.13930017683930399
388,1102,1490,0.13931924703316872
387,1110,1497,0.13933783498414076
384,1117,1501,0.1393594238497598
382,1132,1514,0.13938840403410288
383,1138,1521,0.1394216633473163
383,1147,1530,0.13945226888123374
376,1133,1509,0.139480940083569
373,1147,1520,0.13952325071675667
374,1144,1518,0.13957077598618428
377,1129,1506,0.13961403352591653
375,1141,1516,0.1396472485949354
375,1145,1520,0.139682003922716
372,1149,1521,0.1397143143467736
375,1145,1520,0.13975046386768558
375,1138,1513,0.13977672969173052
380,1141,1521,0.13980143935578904
382,1148,1530,0.1398129537108398
376,1136,1512,0.13981866996201953
383,1127,1510,0.13983944519583008
383,1132,1515,0.1398431174048681
378,1136,1514,0.13984774166057112
373,1132,1505,0.13986320937449231
375,1150,1525,0.1398905867922805
376,1147,1523,0.13991210133923146
375,1150,1525,0.1399277655742908
377,1151,1528,0.13994489832901164
375,1144,1519,0.13995632634364544
378,1153,1531,0.13997111088353908
379,1155,1534,0.13997889180145917
375,1149,1524,0.13998395223354776
372,1135,1507,0.13999730777003389
373,1126,1499,0.14001586113105222
373,1130,1503,0.14003112831832543
374,1126,1500,0.14004620210187382
375,1131,1506,0.14005725182912623
375,1140,1515,0.1400664903806749
376,1134,1510,0.1400753430958333
371,1142,1513,0.1400792300943082
370,1143,1513,0.14009426102122205
364,1144,1508,0.1401104262197606
359,1140,1499,0.14014143019656758
358,1147,1505,0.1401829915794271
357,1145,1502,0.14022478825203005
356,1158,1514,0.14026402401256455
350,1160,1510,0.14030340784526601
354,1154,1508,0.1403546826377411
360,1145,1505,0.14039305851593523
361,1159,1520,0.14041345220767215
355,1164,1519,0.14042993248398378
355,1163,1518,0.14045974286966822
353,1162,1515,0.1404886371387557
347,1153,1500,0.14052011753044133
348,1163,1511,0.14056365168411777
355,1167,1522,0.14060217612037634
352,1170,1522,0.14061967239458428
344,1172,1516,0.14064259789713346
339,1185,1524,0.1406821774736609
340,1179,1519,0.14073175406079833
345,1177,1522,0.14077621644951926
347,1171,1518,0.14080429081923587
345,1182,1527,0.1408257262726064
342,1169,1511,0.1408510041283938
346,1172,1518,0.14088250072956243
345,1175,1520,0.14090380976565037
341,1180,1521,0.14092600586767662
338,1187,1525,0.14095746319269395
338,1183,1521,0.1409956794974513
343,1179,1522,0.14103063498526489
344,1188,1532,0.14105021991342226
343,1180,1523,0.1410647566390044
339,1184,1523,0.14108224280329357
339,1189,1528,0.14110834482852944
338,1190,1528,0.14113367832515078
335,1190,1525,0.14115994211036484
331,1196,1527,0.14119126599394097
322,1196,1518,0.14122869037954686
329,1191,1520,0.14128582044305163
335,1188,1523,0.14132306826868962
326,1174,1500,0.14134438869289276
320,1174,1494,0.14138505500666299
324,1173,1497,0.14143730273869223
321,1169,1490,0.14147517252699118
323,1168,1491,0.14151506292162908
327,1173,1500,0.14154734191993665
323,1178,1501,0.14156435530552625
324,1188,1512,0.14159140795779362
327,1183,1510,0.14161531621372275
331,1190,1521,0.14163211666790418
320,1186,1506,0.14163834304902345
324,1182,1506,0.14166981280749325
324,1186,1510,0.14168949068737072
325,1184,1509,0.14170726035254932
326,1173,1499,0.1417217598022608
325,1179,1504,0.14173188164255546
323,1192,1515,0.14174549991971547
321,1180,1501,0.14176296745333658
317,1175,1492,0.14178305294232435
322,1176,1498,0.14181268242744274
317,1169,1486,0.14182732735767206
318,1183,1501,0.14185051239165733
320,1181,1501,0.1418716076030562
322,1192,1514,0.14188876322411365
319,1197,1516,0.14190162705777695
317,1187,1504,0.14192105561676635
318,1189,1507,0.14194274880476163
317,1196,1513,0.14195985237764566
312,1204,1516,0.1419789575146344
314,1191,1505,0.142010364022119
312,1194,1506,0.1420351387208154
314,1192,1506,0.14206383330549496
316,1190,1506,0.14208614916516993
313,1200,1513,0.14210290878080523
311,1200,1511,0.14212654163513283
304,1205,1509,0.14215348689909313
308,1205,1513,0.14219378225435642
302,1203,1505,0.1422212864089526
309,1205,1514,0.1422585466434353
311,1219,1530,0.14227721361052534
315,1214,1529,0.14229097388705036
313,1202,1515,0.1422936872941148
305,1201,1506,0.14230131263372367
308,1205,1513,0.14232779925188915
309,1209,1518,0.14234516613352963
314,1212,1526,0.14235642270405158
316,1209,1525,0.14235407050067717
318,1201,1519,0.14234970044363332
315,1204,1519,0.14234078464914493
311,1206,1517,0.14234064619392064
314,1206,1520,0.14234874933150377
318,1196,1514,0.1423489574211491
315,1197,1512,0.14233948584557882
306,1201,1507,0.14233832535096339
309,1203,1512,0.14235907658456293
301,1203,1504,0.14237155839173785
303,1208,1511,0.14240244562850304
300,1215,1515,0.14242742334337474
306,1216,1522,0.14245894226530934
307,1210,1517,0.14247445211322388
301,1200,1501,0.1424853525207515
298,1197,1495,0.14250949375365296
310,1197,1507,0.14254042484507579
304,1207,1511,0.14253905268216743
306,1206,1512,0.1425509913488925
301,1206,1507,0.142558006023474
304,1211,1515,0.14257784803711243
303,1212,1515,0.14259123555676684
301,1206,1507,0.1426071358953357
301,1227,1528,0.14262652563054978
294,1224,1518,0.14264510367041758
295,1219,1514,0.14267838264563537
301,1208,1509,0.14270604978840543
305,1202,1507,0.14271814866298782
301,1209,1510,0.14271660644421438
302,1205,1507,0.14272494454440826
307,1212,1519,0.1427303130375342
306,1210,1516,0.1427247065104677
311,1216,1527,0.1427206529329527
314,1212,1526,0.14270322399741855
304,1211,1515,0.14267865858081596
301,1210,1511,0.14268049956690518
300,1215,1515,0.1426894092785004
299,1215,1514,0.14270176038912877
303,1219,1522,0.14271567103865046
295,1221,1516,0.14271999750360675
287,1220,1507,0.14274268670312512
287,1220,1507,0.14278236113458617
283,1210,1493,0.14282028144824863
289,1228,1517,0.14286510907299044
283,1238,1521,0.1428931209638663
281,1233,1514,0.14293301931914934
282,1229,1511,0.14297573618500256
286,1218,1504,0.14301259193543442
288,1225,1513,0.14303749877399885
288,1218,1506,0.14305550528512304
290,1209,1499,0.14307236885965552
294,1213,1507,0.14308266901097372
293,1223,1516,0.14308239828102257
290,1226,1516,0.14308556409244683
291,1227,1518,0.1430973855300671
291,1239,1530,0.14310656265294724
286,1235,1521,0.1431163529141385
285,1240,1525,0.14313820743437314
288,1237,1525,0.1431617061689951
281,1224,1505,0.143176992656692
282,1230,1512,0.14320894145830884
286,1235,1521,0.14323596742248168
283,1223,1506,0.14324964640569024
277,1228,1505,0.14326762241396712
272,1226,1498,0.1432996721816479
274,1246,1520,0.14334065649770608
274,1241,1515,0.14337298062539644
276,1234,1510,0.14340488112912758
276,1244,1520,0.14343183204365334
272,1251,1523,0.1434567700537083
272,1235,1507,0.14348983388343464
273,1240,1513,0.14351917578996454
269,1245,1514,0.143543377919552
267,1242,1509,0.1435751565526898
270,1233,1503,0.14361066048468277
270,1237,1507,0.14363624811990278
271,1232,1503,0.1436591731080463
273,1230,1503,0.14367771363036433
273,1233,1506,0.1436919167079872
276,1233,1509,0.14370549096437088
275,1224,1499,0.1437110940582113
280,1242,1522,0.14371662771488125
277,1245,1522,0.1437085921438607
280,1237,1517,0.1437076507039787
275,1248,1523,0.14370050839945325
272,1254,1526,0.14370710543153073
272,1236,1508,0.14372118359422384
273,1237,1510,0.1437342738324309
273,1232,1505,0.14374310632818188
278,1233,1511,0.14375127008105884
278,1236,1514,0.14374724342406234
275,1221,1496,0.1437435763577598
275,1228,1503,0.14374602670734338
279,1235,1514,0.14374860171900816
277,1242,1519,0.14374259540837392
273,1240,1513,0.14374215103741886
276,1240,1516,0.14375108993597022
273,1243,1516,0.14375040385363275
273,1248,1521,0.14375835647888638
277,1231,1508,0.14376642500938097
274,1235,1509,0.14376274920567167
277,1233,1510,0.14376538991204998
280,1242,1522,0.14376232789747853
282,1228,1510,0.14375043193873782
276,1225,1501,0.14373423154525047
275,1237,1512,0.1437342841791796
272,1235,1507,0.1437372541158451
269,1240,1509,0.14374684803463406
269,1244,1513,0.14376165218631237
268,1245,1513,0.14377806578711205
266,1250,1516,0.14379544556550342
261,1235,1496,0.14381670732760385
262,1244,1506,0.1438492167743088
266,1242,1508,0.1438767175442337
263,1233,1496,0.14389214096014527
262,1249,1511,0.14391200219745173
256,1258,1514,0.1439345947306542
254,1264,1518,0.14397010268844468
254,1253,1507,0.14400829032559648
259,1251,1510,0.1440431907462095
261,1251,1512,0.1440623154221904
258,1249,1507,0.14407481705011002
260,1255,1515,0.1440940267711227
264,1251,1515,0.14410766744021822
263,1260,1523,0.14410946660106644
264,1257,1521,0.144114711001567
259,1264,1523,0.14411935045352695
255,1262,1517,0.14413576028890362
257,1244,1501,0.14416012604709508
259,1251,1510,0.14417888530158193
260,1250,1510,0.14419096174564466
259,1243,1502,0.14419857732748972
257,1247,1504,0.14420838793962812
257,1248,1505,0.14422074921349892
262,1237,1499,0.14423143169749883
264,1236,1500,0.14422712141757602
265,1246,1511,0.1442178107411008
270,1260,1530,0.14420862950768276
268,1261,1529,0.14418551513891986
267,1249,1516,0.14417072524395785
265,1248,1513,0.14415905380048924
258,1245,1503,0.14415493185552175
263,1247,1510,0.14416836526494933
263,1257,1520,0.14416852218378515
264,1239,1503,0.14416794741725802
265,1230,1495,0.1441640631431466
263,1244,1507,0.14415893349326336
266,1248,1514,0.14415949573809014
263,1249,1512,0.14415095297632224
258,1243,1501,0.14415107138401406
253,1247,1500,0.14416239839812958
252,1258,1510,0.14418637824967184
248,1261,1509,0.14421108789236434
247,1259,1506,0.14424421352414674
248,1248,1496,0.1442760047893835
248,1249,1497,0.14430247933558002
246,1256,1502,0.1443272695096352
252,1264,1516,0.1443556259123574
246,1269,1515,0.14436774803094182
243,1260,1503,0.14439366052759944
243,1249,1492,0.14442545040006508
242,1259,1501,0.14445486004089253
243,1262,1505,0.14448440272745747
247,1265,1512,0.14451078531546524
243,1256,1499,0.14452516935621826
241,1251,1492,0.1445493774276359
239,1246,1485,0.14457507199529301
237,1256,1493,0.14460284760159886
236,1258,1494,0.14463110157621795
235,1261,1496,0.14465962685836734
237,1272,1509,0.14469149323199726
237,1285,1522,0.1447158581870251
239,1284,1523,0.14473776869191654
234,1281,1515,0.14475443756622455
233,1288,1521,0.14478270366435483
230,1278,1508,0.14481228887143782
233,1272,1505,0.14484669186870897
233,1268,1501,0.14487081927896864
232,1272,1504,0.14489219592891944
237,1267,1504,0.14491616318383063
238,1268,1506,0.1449236785830323
239,1276,1515,0.14492692365889304
239,1285,1524,0.14492921253007485
239,1271,1510,0.14493339844970676
240,1281,1521,0.14493717986950908
236,1279,1515,0.1449386166097059
233,1278,1511,0.14495055463642031
229,1281,1510,0.1449696401813534
225,1278,1503,0.14499883290148727
228,1283,1511,0.1450356073777867
226,1273,1499,0.1450625922927959
232,1277,1509,0.1450917370279628
229,1290,1519,0.1451032876546394
229,1297,1526,0.14512265611477268
227,1300,1527,0.14514184849091477
219,1291,1510,0.1451651992876104
221,1301,1522,0.14520657317486316
224,1315,1539,0.1452399375883993
220,1319,1539,0.1452645383756388
222,1313,1535,0.1452975513864089
220,1311,1531,0.14532414159186036
215,1314,1529,0.14535294801205836
214,1311,1525,0.14539290591804113
212,1313,1525,0.1454313165181796
211,1310,1521,0.1454712454711596
212,1309,1521,0.14551108872821042
210,1312,1522,0.1455445567815343
209,1305,1514,0.1455795391863379
206,1301,1507,0.14561539493654624
207,1314,1521,0.1456557863880848
203,1303,1506,0.14569136221577308
209,1296,1505,0.1457325613097808
218,1295,1513,0.14575539502711726
215,1296,1511,0.14575406767464646
209,1298,1507,0.14576138154858514
210,1302,1512,0.14578268422164592
211,1306,1517,0.145800861649309
211,1302,1513,0.14581678694027198
208,1308,1516,0.14583170142469354
207,1305,1512,0.14585367061847443
206,1301,1507,0.14587641569390744
211,1305,1516,0.14590051824987416
217,1308,1525,0.14591027775324267
208,1303,1511,0.14590542125996822
206,1306,1512,0.14592424913443489
200,1309,1509,0.14594754394024229
198,1314,1512,0.14598364602056804
199,1320,1519,0.14602405561357287
199,1334,1533,0.1460587337066516
196,1342,1538,0.14608961298548148
193,1341,1534,0.14612684834291695
198,1310,1508,0.14616991327845838
195,1322,1517,0.14619713431295245
194,1313,1507,0.1462309021136244
197,1323,1520,0.14626385438489933
195,1320,1515,0.14628785386562407
193,1316,1509,0.14631528760531295
191,1316,1507,0.14634368461691175
191,1322,1513,0.14637428282854803
185,1313,1498,0.14640274569623835
190,1312,1502,0.1464436219948699
191,1304,1495,0.1464698731385234
190,1319,1509,0.14648940824326429
191,1307,1498,0.14651164466341254
195,1313,1508,0.14653020812367143
198,1315,1513,0.1465357027169703
202,1316,1518,0.14653307576166155
200,1332,1532,0.14652251551748338
195,1329,1524,0.14651798327837198
193,1338,1531,0.1465267489950324
190,1331,1521,0.14654062415010252
189,1325,1514,0.1465610747616959
185,1323,1508,0.14658218061817255
183,1318,1501,0.14661213034828016
182,1326,1508,0.146644506758553
174,1324,1498,0.146678255990914
178,1325,1503,0.14672935484146687
180,1345,1525,0.14676660333674055
180,1348,1528,0.14679777279587042
171,1345,1516,0.14682698907877473
166,1342,1508,0.14687537753348448
164,1345,1509,0.14693380565399364
167,1337,1504,0.1469938538418473
170,1347,1517,0.14704074697080352
171,1331,1502,0.14707790815460117
168,1330,1498,0.14711074006726396
167,1330,1497,0.14714926101606735
171,1346,1517,0.14718782115979023
171,1350,1521,0.1472143480834244
167,1351,1518,0.14723771982921577
166,1345,1511,0.1472682374880875
165,1347,1512,0.14729898300266303
167,1359,1526,0.1473295290661831
170,1353,1523,0.14735099664907148
174,1342,1516,0.1473636547584315
169,1352,1521,0.14736501669658048
166,1348,1514,0.14738023423811375
162,1352,1514,0.14740374653527447
158,1348,1506,0.1474348339956502
158,1359,1517,0.14747397100647006
154,1361,1515,0.14751047269059367
156,1352,1508,0.14755528690531816
157,1355,1512,0.14759074352975937
152,1355,1507,0.14761841403794373
159,1356,1515,0.14765713281315096
159,1360,1519,0.14767660599089166
161,1364,1525,0.14769437406107422
161,1368,1529,0.14770635780489233
162,1365,1527,0.14771684651591147
162,1363,1525,0.14772535290966893
159,1354,1513,0.14773373454802663
156,1361,1517,0.14775009601261932
159,1366,1525,0.1477724165779906
156,1360,1516,0.14778672835016698
160,1355,1515,0.14780770574656354
158,1358,1516,0.14781513456691825
159,1360,1519,0.14782765132799802
158,1357,1515,0.14783498459492453
156,1351,1507,0.1478458308460639
153,1359,1512,0.14786101347275504
153,1368,1521,0.1478840061330321
153,1365,1518,0.14790598228309773
159,1359,1518,0.1479257926803254
161,1363,1524,0.1479287552112892
161,1359,1520,0.14792566929319276
157,1363,1520,0.14792277562962405
154,1372,1526,0.14792936783210878
156,1361,1517,0.14794384745444042
156,1364,1520,0.14795348203815117
154,1371,1525,0.14796282239288036
151,1362,1513,0.14797620843290551
151,1371,1522,0.14799518530582056
153,1364,1517,0.14801173074942425
152,1365,1517,0.14802308504389014
146,1372,1518,0.1480367849424051
142,1373,1515,0.14806390093390326
141,1365,1506,0.14809827473437842
143,1374,1517,0.1481349040766555
137,1364,1501,0.14816492220306596
135,1366,1501,0.1482053592911623
134,1365,1499,0.14824896229617116
136,1367,1503,0.14829320267308913
137,1375,1512,0.1483294914392764
142,1377,1519,0.14835950131075776
140,1381,1521,0.14837512422266536
139,1375,1514,0.14839490208661502
135,1387,1522,0.14841645059193984
136,1384,1520,0.1484457637381622
137,1375,1512,0.14846853235674287
138,1368,1506,0.14848719442013592
134,1376,1510,0.14850278766679023
132,1374,1506,0.14852770679638325
134,1375,1509,0.14855536378409778
136,1363,1499,0.1485768734364948
136,1386,1522,0.14859167564888215
134,1387,1521,0.14860521221097522
136,1384,1520,0.14862417108721362
141,1385,1526,0.1486371403025208
143,1384,1527,0.14863562088110094
141,1385,1526,0.1486306108492506
140,1384,1524,0.1486321875761196
136,1375,1511,0.14863656620508617
132,1380,1512,0.14865105502982331
133,1364,1497,0.14867419380669436
131,1374,1505,0.14869280469472002
129,1377,1506,0.14871621827885523
131,1377,1508,0.1487428110429227
132,1390,1522,0.1487620171695644
131,1396,1527,0.14877877161087963
129,1403,1532,0.1487971704457286
128,1391,1519,0.14881938587838955
123,1397,1520,0.1488427962322112
121,1408,1529,0.14887739878828696
120,1396,1516,0.1489149303988363
120,1390,1510,0.1489519303134769
122,1382,1504,0.1489867836912232
121,1388,1509,0.14901473940753682
120,1393,1513,0.14904281410090983
117,1396,1513,0.14907229666394609
116,1391,1507,0.1491062207546983
118,1384,1502,0.14914019923397687
112,1402,1514,0.14916656120480187
114,1390,1504,0.14920608484150674
115,1388,1503,0.1492366432635466
113,1383,1496,0.1492621096514242
113,1383,1496,0.14929059219606416
117,1392,1509,0.14931714130246854
120,1390,1510,0.14932979251099637
119,1388,1507,0.14933383179583237
120,1393,1513,0.14934095247408252
118,1396,1514,0.14934636374943222
115,1402,1517,0.149356656530713
115,1415,1530,0.14937539792291338
114,1407,1521,0.14939242899952052
107,1404,1511,0.14941144400063774
108,1413,1521,0.1494467071045569
105,1420,1525,0.14947695150373094
102,1404,1506,0.14951147382420257
104,1410,1514,0.14955240551967974
104,1422,1526,0.1495859547175825
105,1413,1518,0.14961640928174222
105,1411,1516,0.14964293934623854
107,1410,1517,0.14966881938136864
102,1430,1532,0.14968781687519506
101,1418,1519,0.1497175280026749
97,1410,1507,0.1497481534270406
100,1410,1510,0.1497849198952426
100,1411,1511,0.1498113957567065
99,1406,1505,0.1498355404689178
98,1407,1505,0.14986094493014634
101,1409,1510,0.14988709999224284
99,1405,1504,0.14990242661887784
100,1418,1518,0.1499224868402357
99,1421,1520,0.14993915245058376
99,1415,1514,0.1499575040055889
93,1411,1504,0.1499758084980484
92,1401,1493,0.15000708434550922
94,1403,1497,0.15003953131522338
94,1404,1498,0.15006379328156413
95,1429,1524,0.15008696877657346
99,1422,1521,0.15010580732374168
101,1427,1528,0.15011393622813027
102,1425,1527,0.15011603941469193
99,1423,1522,0.15011632915317605
101,1426,1527,0.1501229184569834
100,1416,1516,0.15012342342730453
102,1412,1514,0.15012668119217293
102,1400,1502,0.15012437742016949
100,1410,1510,0.15012186090523866
101,1419,1520,0.15012448147400462
105,1425,1530,0.15012594636649748
107,1420,1527,0.15011751842268567
106,1404,1510,0.15010383512983508
104,1402,1506,0.15009405103808474
104,1408,1512,0.15008928297983296
104,1417,1521,0.15008615685449864
100,1420,1520,0.15008277297124173
101,1423,1524,0.15008943021411456
98,1405,1503,0.1500928560423497
96,1409,1505,0.15010393323506308
96,1417,1513,0.15011985082600338
94,1420,1514,0.15013431902306504
96,1421,1517,0.15015233720434537
97,1420,1517,0.15016390410943678
98,1430,1528,0.15017111323411572
97,1434,1531,0.15017581384258807
99,1430,1529,0.1501832707056307
99,1436,1535,0.15018398997305296
98,1429,1527,0.15018612177916565
97,1429,1526,0.15019114331322977
95,1433,1528,0.15019928044710681
95,1418,1513,0.15021238579481122
96,1435,1531,0.15022562683887156
98,1444,1542,0.15023489418718888
96,1445,1541,0.15023958830815487
99,1432,1531,0.15024954380764294
99,1425,1524,0.15025035295538522
95,1419,1514,0.15025156352933983
93,1421,1514,0.15026249712733278
95,1423,1518,0.15027835162250547
94,1439,1533,0.15028788158375725
94,1419,1513,0.15029888042783499
97,1425,1522,0.15030997738044735
97,1425,1522,0.1503119564410009
103,1413,1516,0.15031218792478973
101,1413,1514,0.1502970624965758
100,1414,1514,0.1502877707809438
98,1417,1515,0.1502830937048309
96,1413,1509,0.15028418586199263
97,1421,1518,0.1502903475983424
98,1407,1505,0.15029327963965117
96,1408,1504,0.15029400842740626
98,1407,1505,0.15029931516555375
98,1403,1501,0.15029874071139543
100,1428,1528,0.1502978467069316
95,1434,1529,0.15029146527216836
94,1433,1527,0.1502987574551334
92,1434,1526,0.1503083697689868
93,1429,1522,0.15032301922530514
92,1432,1524,0.15033412886978714
91,1424,1515,0.15034728456323568
90,1431,1521,0.15036098567579065
88,1425,1513,0.1503759749317262
88,1424,1512,0.1503956451400257
87,1437,1524,0.15041220102825859
90,1442,1532,0.1504310505193059
87,1429,1516,0.15044085026335371
87,1429,1516,0.15045777715774328
84,1422,1506,0.15047267987056717
87,1428,1515,0.15049426093058613
87,1425,1512,0.15050676954124487
87,1432,1519,0.15051840399573513
87,1435,1522,0.15052963505233127
86,1444,1530,0.15053977073998298
86,1420,1506,0.1505527253831546
86,1425,1511,0.1505641210301617
87,1413,1500,0.15057504201866553
88,1418,1506,0.15058266239456647
89,1427,1516,0.1505873939092094
93,1422,1515,0.15058965964539278
89,1431,1520,0.1505798524243436
90,1427,1517,0.15058111801943141
89,1434,1523,0.1505810627263763
91,1422,1513,0.1505845889447372
89,1430,1519,0.15058271847107296
89,1435,1524,0.15058576557410944
87,1432,1519,0.15058915383937987
84,1440,1524,0.15059795137983292
82,1454,1536,0.15061411642344194
81,1451,1532,0.15063451918557438
80,1433,1513,0.15065586883689408
84,1436,1520,0.15067897634092703
80,1435,1515,0.15068988746777287
76,1438,1514,0.15070992827179647
76,1438,1514,0.1507387664907725
76,1431,1507,0.15076627560849987
78,1432,1510,0.1507921479009068
77,1431,1508,0.15081063757727223
78,1422,1500,0.15083007012909552
75,1432,1507,0.15084542327468842
76,1447,1523,0.1508657933758331
74,1433,1507,0.15088310227043011
74,1439,1513,0.15090549678350368
74,1437,1511,0.15092717014619134
77,1439,1516,0.15094728050129344
76,1419,1495,0.15095761893372564
78,1428,1506,0.1509702547182824
73,1432,1505,0.15097782718025876
72,1434,1506,0.15099794676004388
75,1424,1499,0.15101868465069695
74,1432,1506,0.15103080204008681
73,1445,1518,0.1510446936170001
74,1447,1521,0.15105976963465995
71,1443,1514,0.15107162436400634
72,1445,1517,0.15108939720081094
72,1449,1521,0.15110452487828469
72,1432,1504,0.15111845460155415
73,1430,1503,0.15113049422857416
75,1443,1518,0.1511400324366117
74,1442,1516,0.1511434818152108
72,1447,1519,0.15114878154141384
69,1451,1520,0.15115945795227342
67,1436,1503,0.15117836335452697
65,1440,1505,0.15120104201914092
67,1439,1506,0.15122662605033851
69,1444,1513,0.15124504739765526
69,1439,1508,0.15125809695173714
69,1452,1521,0.15127069076586125
68,1467,1535,0.15128304842158166
67,1456,1523,0.151296710756944
70,1447,1517,0.15131302448039274
69,1446,1515,0.151319474944995
67,1451,1518,0.15132770499315007
66,1448,1514,0.15134099853254063
64,1450,1514,0.15135621612542263
65,1464,1529,0.1513757315911478
66,1464,1530,0.15139141232423955
65,1460,1525,0.15140318885298235
69,1454,1523,0.1514166807644369
67,1457,1524,0.151417711836851
66,1453,1519,0.15142439927768017
65,1439,1504,0.15143347566228202
65,1435,1500,0.1514450886842952
64,1438,1502,0.1514548746056119
64,1445,1509,0.1514668490720408
60,1453,1513,0.15147533528663198
62,1449,1511,0.15149218733423506
62,1438,1500,0.15150327298852528
64,1434,1498,0.15151433630314334
66,1440,1506,0.15151849924248728
68,1441,1509,0.15151787231643432
72,1442,1514,0.1515116840386024
72,1439,1511,0.15149452609293643
72,1456,1528,0.15147883157010117
71,1440,1511,0.15146469077244734
72,1450,1522,0.1514546533785869
75,1445,1520,0.1514427987729743
75,1446,1521,0.15142469648124599
75,1431,1506,0.151408445914282
76,1428,1504,0.15139416099113037
75,1423,1498,0.1513775822050177
74,1437,1511,0.15136520469629805
69,1440,1509,0.15135709871980182
71,1436,1507,0.1513626515488683
73,1433,1506,0.1513627031173656
70,1438,1508,0.15135837003429897
71,1444,1515,0.15136209415660545
70,1433,1503,0.15136322472013197
71,1441,1512,0.1513673452713684
71,1435,1506,0.15136869547265586
71,1437,1508,0.15137026851388138
72,1432,1504,0.15137122980356932
70,1444,1514,0.151370413766421
67,1452,1519,0.15137483617337744
73,1454,1527,0.15138691164030174
72,1458,1530,0.15138263977687227
73,1450,1523,0.15138170779706805
71,1446,1517,0.15137805597881873
71,1441,1512,0.15137964123988282
69,1440,1509,0.15138151873711725
67,1445,1512,0.1513887555828971
66,1438,1504,0.1513990787727084
64,1446,1510,0.15141066995426164
63,1452,1515,0.15142732904443243
64,1455,1519,0.15144580315177744
59,1443,1502,0.15145998746937572
63,1431,1494,0.15148568436535936
62,1438,1500,0.15149921852781517
64,1454,1518,0.1515130037563722
64,1455,1519,0.1515208590238815
64,1454,1518,0.15152843204561314
64,1454,1518,0.1515363089049183
65,1453,1518,0.15154358383161562
67,1446,1513,0.15154775013326355
65,1444,1509,0.15154757780865505
61,1457,1518,0.15155276555571576
59,1457,1516,0.15156718670894187
59,1475,1534,0.1515860298043785
58,1474,1532,0.15160381660341646
54,1477,1531,0.15162325429579598
53,1461,1514,0.15165136026433654
54,1465,1519,0.1516801520613285
52,1458,1510,0.1517044877313653
54,1451,1505,0.1517321410218083
56,1464,1520,0.151752260775333
51,1459,1510,0.1517660234628958
51,1459,1510,0.15179130772733157
52,1460,1512,0.15181360235816413
52,1460,1512,0.15183264913829655
54,1461,1515,0.15185000331137655
54,1466,1520,0.15186115151879798
55,1463,1518,0.15187220089879191
52,1454,1506,0.15188073650730033
51,1458,1509,0.15189526225690136
52,1460,1512,0.15191202341019766
53,1466,1519,0.1519242473464151
51,1474,1525,0.1519327614463119
50,1471,1521,0.15194494786720675
50,1468,1518,0.15195760770695624
52,1448,1500,0.15197026326020288
50,1446,1496,0.15197652613479565
49,1446,1495,0.1519878561565876
50,1455,1505,0.1520013860523746
51,1456,1507,0.15201184089193504
52,1445,1497,0.1520185595100672
53,1453,1506,0.15202200289038045
54,1454,1508,0.15202338766269446
54,1457,1511,0.15202193799118638
56,1452,1508,0.1520206273910119
55,1451,1506,0.15201453626779382
54,1453,1507,0.15201185131073863
55,1455,1510,0.15201221825351116
52,1464,1516,0.15200902451525208
54,1476,1530,0.1520142308677938
53,1475,1528,0.15201493155413145
52,1470,1522,0.15201810635460955
50,1462,1512,0.1520238840452614
52,1466,1518,0.15203435065562368
53,1462,1515,0.1520381488030669
53,1466,1519,0.15203958171769558
53,1464,1517,0.15204144740256775
55,1475,1530,0.15204373088043246
51,1462,1513,0.1520409189117713
53,1457,1510,0.15204806181520933
55,1458,1513,0.15204971177228888
55,1460,1515,0.15204488869636512
54,1466,1520,0.1520410779565715
53,1460,1513,0.15204037837934892
54,1469,1523,0.15204258930838557
53,1479,1532,0.15204174979625043
52,1479,1531,0.15204384233880275
51,1470,1521,0.15204874685481254
51,1466,1517,0.15205542785252413
50,1470,1520,0.15206214484685832
51,1474,1525,0.15207100360114187
50,1471,1521,0.1520772781156859
50,1467,1517,0.15208574442883613
52,1474,1526,0.1520939660956836
53,1466,1519,0.1520971177196292
50,1476,1526,0.15209740983262582
49,1468,1517,0.1521041048547237
52,1461,1513,0.15211315207496925
50,1455,1505,0.15211405777952522
47,1467,1514,0.15212005500452147
48,1464,1512,0.15213208348515983
47,1477,1524,0.15214149162547191
47,1465,1512,0.15215230987096062
43,1461,1504,0.15216145499642886
42,1475,1517,0.15217998448215356
43,1469,1512,0.1521995035604858
47,1467,1514,0.15221566892375774
48,1472,1520,0.15222000127971466
47,1481,1528,0.15222144529343482
46,1477,1523,0.1522256804099652
46,1462,1508,0.15223242590267982
43,1462,1505,0.15223927007898255
42,1464,1506,0.15225316182750315
42,1481,1523,0.15226893200518393
44,1486,1530,0.15228353345470194
44,1493,1537,0.15229181620331023
44,1480,1524,0.15229998501075204
43,1482,1525,0.15230790170469555
45,1463,1508,0.1523179745119367
47,1462,1509,0.1523220328489692
47,1469,1516,0.15232055730484406
49,1455,1504,0.1523196689318688
47,1461,1508,0.152312876433006
48,1462,1510,0.15231190192197083
46,1468,1514,0.15230831203046738
45,1475,1520,0.15231079063811997
47,1462,1509,0.15231580161312522
47,1457,1504,0.15231533512071432
46,1458,1504,0.1523138182861336
49,1457,1506,0.15231607278138612
49,1474,1523,0.1523107742568453
47,1468,1515,0.1523053931724113
47,1458,1505,0.15230543286828638
46,1458,1504,0.15230622358983953
46,1472,1518,0.15230773189856295
49,1469,1518,0.15230940925758765
49,1481,1530,0.15230343551558861
49,1477,1526,0.1522984726112146
49,1477,1526,0.15229379843429772
48,1482,1530,0.15229001023625086
47,1483,1530,0.15228915044254404
46,1476,1522,0.15229105694585737
46,1476,1522,0.15229540162874325
46,1469,1515,0.15229994867824367
46,1466,1512,0.1523046383785774
47,1459,1506,0.15230932899022642
48,1471,1519,0.15231159093668797
50,1465,1515,0.15231078854275168
50,1467,1517,0.1523039478227724
49,1463,1512,0.15229720561153318
48,1461,1509,0.15229440318306986
48,1473,1521,0.15229438838354922
50,1480,1530,0.15229463349426
49,1481,1530,0.1522886896146655
49,1477,1526,0.152285816835872
52,1473,1525,0.15228332764725885
51,1461,1512,0.15227364551629724
50,1457,1507,0.1522666205925986
52,1449,1501,0.15226279792130243
53,1449,1502,0.15225408453125577
53,1471,1524,0.152244071608707
52,1471,1523,0.15223513938917535
52,1463,1515,0.15222938300939165
50,1462,1512,0.1522241324179055
50,1467,1517,0.15222400862597346
47,1485,1532,0.1522240733778277
48,1475,1523,0.15223124813408337
48,1469,1517,0.1522355706888238
47,1467,1514,0.15223973055494655
45,1469,1514,0.15224606502542415
45,1469,1514,0.1522568867790335
45,1474,1519,0.1522664873237557
44,1477,1521,0.15227390464214946
43,1474,1517,0.15228381463910526
43,1457,1500,0.15229458867228696
46,1459,1505,0.1523050884036496
46,1451,1497,0.15230665149966038
46,1457,1503,0.15230895079200377
48,1445,1493,0.1523115777049763
48,1449,1497,0.15230926093919359
46,1462,1508,0.15230752915447796
47,1465,1512,0.1523109779866166
48,1474,1522,0.1523101361451482
50,1475,1525,0.1523066706826867
52,1464,1516,0.15229823766665682
52,1459,1511,0.15228601218005708
49,1466,1515,0.15227512902103005
49,1458,1507,0.1522722282421176
49,1454,1503,0.1522697486886801
52,1461,1513,0.1522674498009004
51,1458,1509,0.15225775605352815
51,1460,1511,0.15225153395229213
51,1447,1498,0.15224613331846176
49,1457,1506,0.15224145109354328
50,1463,1513,0.15224198233023675
48,1451,1499,0.15223978203273056
49,1465,1514,0.15224172756983648
47,1457,1504,0.15224130740088346
47,1462,1509,0.15224612780098118
44,1489,1533,0.15225078771453976
45,1481,1526,0.15226222844522255
45,1468,1513,0.15227077678362508
47,1466,1513,0.1522780529034426
46,1472,1518,0.15227840714561997
46,1466,1512,0.15228198169916796
45,1469,1514,0.15228530255304343
46,1473,1519,0.1522909909707054
48,1480,1528,0.15229338819322602
48,1475,1523,0.15229053077012292
48,1483,1531,0.15228805808027043
49,1485,1534,0.15228622855472568
47,1485,1532,0.15228209948820842
47,1488,1535,0.152283135737551
45,1477,1522,0.1522846297054743
44,1471,1515,0.15229099573095556
46,1471,1517,0.15229988079458676
48,1468,1516,0.15230209048174329
47,1471,1518,0.1522983414161533
45,1459,1504,0.15229774515643674
43,1465,1508,0.15230221760771515
42,1454,1496,0.15231202104819283
41,1462,1503,0.15232380809456977
42,1467,1509,0.15233695807159806
42,1469,1511,0.15234752888072114
42,1469,1511,0.15235659672813576
44,1469,1513,0.1523636455838051
43,1463,1506,0.15236536810277962
42,1469,1511,0.15236979141841112
41,1472,1513,0.15237681328837951
40,1469,1509,0.1523862098726994
41,1467,1508,0.15239678088042574
40,1462,1502,0.152402976480188
40,1473,1513,0.1524116065995632
38,1472,1510,0.15242018560722315
38,1472,1510,0.15243313703901568
38,1477,1515,0.15244567533624587
39,1473,1512,0.1524566422743436
40,1470,1510,0.15246468189227247
40,1467,1507,0.15246993964822855
40,1473,1513,0.15247513854045297
43,1464,1507,0.15248040006122637
44,1473,1517,0.15247636191105787
45,1471,1516,0.1524695092692891
44,1473,1517,0.15246065809395706
45,1475,1520,0.15245453553353702
46,1476,1522,0.1524464316280854
46,1473,1519,0.1524362655601789
44,1457,1501,0.15242710576845597
45,1470,1515,0.1524238187199327
44,1469,1513,0.15241898959320366
43,1479,1522,0.15241717530178278
45,1482,1527,0.15241858964936586
44,1484,1528,0.15241449106488986
44,1482,1526,0.15241240229363848
42,1495,1537,0.15241038880882074
42,1488,1530,0.15241393964548172
43,1493,1536,0.1524176947171003
42,1481,1523,0.15241839483315522
43,1480,1523,0.15242179032384784
43,1477,1520,0.15242298782654892
43,1478,1521,0.15242310419026076
43,1470,1513,0.15242289933275763
43,1474,1517,0.15242323498250088
45,1471,1516,0.1524234746905341
47,1466,1513,0.15241793709330062
48,1469,1517,0.15240717428723416
49,1462,1511,0.1523939210806945
48,1466,1514,0.15237908471253372
49,1461,1510,0.15236828469498928
48,1464,1512,0.15235651316133697
47,1473,1520,0.1523489513699449
46,1474,1520,0.1523447100855953
46,1451,1497,0.15234348739605394
44,1462,1506,0.15234186039002393
46,1465,1511,0.15234538549630516
45,1473,1518,0.15234327464366146
47,1481,1528,0.1523445438269647
47,1480,1527,0.152340278106932
47,1460,1507,0.15233681528799622
47,1475,1522,0.15233328615740319
47,1465,1512,0.15233021095107754
48,1460,1508,0.15232623438991588
49,1457,1506,0.1523200234488616
48,1464,1512,0.15231229622660247
49,1463,1512,0.15230789458563354
51,1478,1529,0.15230113163918746
50,1471,1521,0.15228914917559722
50,1474,1524,0.15228080965864849
50,1472,1522,0.15227267344584822
48,1472,1520,0.1522649708780615
47,1471,1518,0.15226293437585828
47,1470,1517,0.15226386931468608
44,1477,1521,0.15226519738757083
44,1475,1519,0.15227401646477198
43,1479,1522,0.15228201400497116
43,1483,1526,0.15229225114181758
43,1477,1520,0.15230218609087165
43,1481,1524,0.1523117933627107
42,1480,1522,0.15232061455688126
42,1477,1519,0.15233155795824993
43,1470,1513,0.15234115543454965
43,1470,1513,0.15234654051271118
42,1467,1509,0.15235134596703948
42,1463,1505,0.15235855411340482
40,1465,1505,0.1523650440380886
40,1476,1516,0.15237629611285913
38,1468,1506,0.152387258287546
37,1452,1489,0.1524018814297991
38,1460,1498,0.15241803438168994
38,1474,1512,0.1524312908217003
38,1473,1511,0.15244406492270265
38,1484,1522,0.15245549367363545
36,1485,1521,0.15246512094819753
37,1489,1526,0.15247944000470004
38,1491,1529,0.15249011889776512
37,1488,1525,0.15249755677220508
37,1481,1518,0.1525066679565236
38,1476,1514,0.15251572645253275
38,1480,1518,0.1525217365016005
39,1475,1514,0.15252784154995105
39,1481,1520,0.1525307758087258
38,1486,1524,0.15253317487700488
34,1477,1511,0.15253830775960045
35,1475,1510,0.15255297695758635
34,1468,1502,0.1525630038917833
35,1468,1503,0.15257532157576797
34,1475,1509,0.15258412027884952
33,1495,1528,0.15259585476189577
33,1492,1525,0.15260948116603615
32,1486,1518,0.15262174217521132
32,1490,1522,0.15263592151772726
28,1493,1521,0.15264957480722416
27,1495,1522,0.1526725840176343
26,1480,1506,0.1526968220083626
28,1481,1509,0.15272237836540994
27,1494,1521,0.15274119951158868
28,1483,1511,0.15276134294186572
27,1491,1518,0.15277730836085657
25,1489,1514,0.15279484289710157
24,1490,1514,0.15281620422978962
24,1496,1520,0.1528381405064503
23,1491,1514,0.1528589737510638
25,1495,1520,0.15288102925019964
26,1485,1511,0.15289626437267198
26,1481,1507,0.15290777913666798
26,1473,1499,0.1529189416835066
27,1495,1522,0.15292906459379899
25,1489,1514,0.1529361617920141
24,1491,1515,0.15294808050723716
23,1483,1506,0.15296193337841574
23,1491,1514,0.15297795438675366
22,1499,1521,0.1529931949904133
22,1511,1533,0.1530101474898411
23,1493,1516,0.1530261960586426
23,1508,1531,0.15303819422246773
23,1511,1534,0.15304965430638282
24,1509,1533,0.15306058285667473
24,1495,1519,0.15306786428681574
25,1478,1503,0.1530749249851368
25,1475,1500,0.15307855851892288
26,1490,1516,0.1530822377414871
26,1487,1513,0.15308276867475648
24,1490,1514,0.15308356843503737
24,1498,1522,0.15308992450415462
26,1502,1528,0.1530951955556013
26,1492,1518,0.1530949959751346
26,1492,1518,0.1530950982512066
24,1493,1517,0.1530954475689934
25,1492,1517,0.1531011405358063
24,1501,1525,0.15310343967153728
26,1499,1525,0.15310816327627347
26,1505,1531,0.1531062261563808
24,1486,1510,0.15310481455063932
24,1476,1500,0.15310805560052118
24,1491,1515,0.15311147443254444
24,1505,1529,0.15311501195497354
22,1504,1526,0.15311797108677527
22,1489,1511,0.15312579465808335
22,1494,1516,0.15313310795073093
22,1489,1511,0.1531402745728884
23,1473,1496,0.15314615760871592
23,1492,1515,0.1531493118634472
23,1480,1503,0.1531516848570192
23,1483,1506,0.15315433740805517
22,1489,1511,0.1531571952964711
23,1495,1518,0.1531627433548479
24,1483,1507,0.15316546963715116
22,1488,1510,0.15316508647002813
22,1488,1510,0.1531697685156176
22,1482,1504,0.15317445216132466
22,1487,1509,0.15317909978452385
22,1484,1506,0.1531836808420408
22,1487,1509,0.15318817083441363
21,1497,1518,0.15319255040932014
22,1504,1526,0.15319916047983767
22,1507,1529,0.15320222672829828
22,1496,1518,0.15320531695653972
21,1487,1508,0.15320840327424537
21,1479,1500,0.1532137471769022
21,1482,1503,0.1532181709069448
23,1481,1504,0.15322254954371772
22,1493,1515,0.15322056394632635
22,1494,1516,0.1532220662949031
22,1504,1526,0.1532237178872553
20,1506,1526,0.15322548022814486
22,1498,1520,0.1532320187322079
21,1489,1510,0.15323196354919336
20,1490,1510,0.15323465118382434
20,1488,1508,0.15324015204873725
23,1496,1519,0.1532455251254298
24,1500,1524,0.15324131840473285
24,1488,1512,0.15323461566240304
23,1482,1505,0.1532288244449643
23,1488,1511,0.15322617846164144
22,1500,1522,0.15322342640136133
21,1504,1525,0.15322355610768731
20,1497,1517,0.15322637138704429
20,1496,1516,0.15323191883376525
20,1502,1522,0.15323740759717275
21,1500,1521,0.15324280580834027
23,1493,1516,0.15324537513543812
21,1486,1507,0.15324169036006188
19,1490,1509,0.15324340111947726
20,1507,1527,0.15325032559546248
21,1504,1525,0.15325465932780932
20,1507,1527,0.15325629335714447
20,1501,1521,0.15326012142186662
19,1490,1509,0.1532639995141
19,1489,1508,0.15327024169617004
16,1490,1506,0.15327631801669178
15,1493,1508,0.15328941598823395
16,1488,1504,0.15330428153972067
18,1489,1507,0.15331551415295738
18,1494,1512,0.1533195642593009
19,1492,1511,0.1533237669067388
19,1498,1517,0.15332489680021616
17,1496,1513,0.1533263635640091
15,1504,1519,0.15333280933054863
14,1502,1516,0.15334389266649567
14,1514,1528,0.15335702811542418
14,1508,1522,0.15336957250984132
14,1515,1529,0.1533815316741892
13,1504,1517,0.15339291523602952
13,1491,1504,0.15340637536131063
15,1501,1516,0.15341909363563333
16,1498,1514,0.15342515570695692
15,1506,1521,0.15342826250641078
18,1521,1539,0.15343382284117632
17,1522,1539,0.15342975062053918
18,1521,1539,0.15342873141558364
18,1510,1528,0.15342576512621203
16,1489,1505,0.1534233419063113
16,1479,1495,0.15342613474499123
16,1485,1501,0.1534290310326845
16,1502,1518,0.15343198810997624
15,1506,1521,0.1534349706903425
16,1512,1528,0.15344031818607873
18,1504,1522,0.1534430506308825
18,1495,1513,0.15343953752260106
18,1498,1516,0.15343655450576654
17,1493,1510,0.15343402978520448
17,1492,1509,0.15343441803754948
17,1503,1520,0.15343498432419916
17,1495,1512,0.15343569234701945
18,1509,1527,0.15343576313879237
18,1504,1522,0.15343357501635094
18,1501,1519,0.1534317378877706
18,1494,1512,0.15343020395700765
17,1508,1525,0.1534281935071556
18,1498,1516,0.1534289151049141
19,1493,1512,0.15342671653688297
19,1495,1514,0.1534216727855598
19,1509,1528,0.1534164180616251
21,1508,1529,0.15341189983005668
21,1497,1518,0.1534024925187229
21,1493,1514,0.153394086386199
22,1509,1531,0.1533865697171654
22,1496,1518,0.1533766765217406
22,1508,1530,0.15336778361545206
23,1507,1530,0.15335911235680255
23,1497,1520,0.15334820893844672
23,1489,1512,0.15333843105355421
23,1492,1515,0.15332965614727023
23,1493,1516,0.15332177562689286
23,1490,1513,0.15331469321254126
23,1496,1519,0.15330756683208452
22,1490,1512,0.15330050902217765
23,1498,1521,0.15329659332394677
26,1499,1525,0.153290733893952
26,1490,1516,0.1532768801661155
23,1484,1507,0.15326439661672608
23,1476,1499,0.15326063214911845
24,1486,1510,0.15325743310201642
24,1475,1499,0.1532523119360162
24,1475,1499,0.1532477872086968
23,1473,1496,0.1532437897078019
23,1474,1497,0.1532423555972211
26,1485,1511,0.15324123942096146
25,1489,1514,0.15323158464791362
25,1494,1519,0.1532251669460314
25,1495,1520,0.153219494608258
25,1503,1528,0.15321450838871994
24,1505,1529,0.15321011934726372
24,1501,1525,0.15320858733046577
24,1495,1519,0.15320676563308022
23,1505,1528,0.1532053496429508
20,1502,1522,0.1532065667389513
19,1501,1520,0.1532150401941957
19,1485,1504,0.15322520719984628
19,1498,1517,0.15323477785896014
20,1500,1520,0.1532431323399329
20,1486,1506,0.15324889078067186
21,1497,1518,0.1532544986371546
20,1490,1510,0.15325570462156868
20,1491,1511,0.15325967522284967
19,1493,1512,0.1532637388598304
19,1505,1524,0.15327007356547465
18,1504,1522,0.15327627215118267
16,1498,1514,0.15328460397575355
15,1507,1522,0.1532974652975204
15,1508,1523,0.15331213976656435
15,1504,1519,0.15332603589934327
14,1503,1517,0.15333918083985715
14,1516,1530,0.15335422958087186
13,1505,1518,0.15336840004610386
13,1502,1515,0.15338411272032046
13,1511,1524,0.15339889236766185
14,1511,1525,0.1534127888341656
14,1504,1518,0.1534229321101089
13,1494,1507,0.15343254364606673
14,1509,1523,0.15344312056171597
14,1496,1510,0.1534508742422417
16,1497,1513,0.15345829946728567
16,1489,1505,0.15345899267298443
17,1493,1510,0.15345994797113074
18,1494,1512,0.15345784379635
18,1504,1522,0.15345354063119213
18,1499,1517,0.1534498346943912
18,1493,1511,0.1534466476167731
18,1485,1503,0.15344391110817304
19,1488,1507,0.15344156566895542
21,1493,1514,0.15343640185312485
21,1483,1504,0.1534258241643242
20,1496,1516,0.15341631575880973
18,1498,1516,0.15341012873042725
19,1499,1518,0.1534096638417566
17,1510,1527,0.1534062519917412
16,1505,1521,0.1534085135939665
16,1496,1512,0.15341392926063732
17,1499,1516,0.15341915405754006
18,1491,1509,0.15342156970668402
18,1498,1516,0.15342084341868417
19,1491,1510,0.1534203785442979
18,1489,1507,0.1534171035307687
17,1497,1514,0.15341674057063273
17,1505,1522,0.15341942626925667
16,1514,1530,0.15342209004287136
16,1516,1532,0.15342700688663982
15,1511,1526,0.15343172652801398
14,1510,1524,0.15343813386477512
12,1503,1515,0.15344654240391564
12,1505,1517,0.1534591997602093
12,1505,1517,0.15347118765048126
13,1503,1516,0.15348252982675753
12,1520,1532,0.15349075075475305
12,1524,1536,0.15350080646757053
11,1502,1513,0.15351031746174792
11,1502,1513,0.15352160945947188
11,1481,1492,0.15353226508842677
11,1488,1499,0.15354231451302047
11,1492,1503,0.1535517873010928
11,1500,1511,0.1535600690065328
11,1504,1515,0.1535679503302104
11,1495,1506,0.15357543994125541
12,1511,1523,0.15358254817276146
11,1497,1508,0.153586601517491
10,1512,1522,0.15359287731773752
10,1504,1514,0.15360125992728396
10,1509,1519,0.15360920305988562
10,1504,1514,0.15361672245328825
9,1498,1507,0.15362383445216193
9,1512,1521,0.15363302593313327
9,1502,1511,0.15364169413718703
9,1499,1508,0.1536498649331776
9,1517,1526,0.15365756348550783
8,1508,1516,0.15366481417679012
7,1513,1520,0.15367403419061454
7,1507,1514,0.15368513372766088
8,1497,1505,0.15369557111772547
8,1495,1503,0.15370277966388138
8,1498,1506,0.15370958234086307
7,1510,1517,0.15371599866369115
8,1483,1491,0.15372445033012286
9,1498,1507,0.15372917927622043
9,1486,1495,0.15373119348156983
9,1484,1493,0.15373320472615246
8,1493,1501,0.15373519745411623
8,1507,1515,0.15374004883184206
8,1496,1504,0.153744625466188
8,1507,1515,0.15374894087780194
8,1500,1508,0.15375300822316113
9,1500,1509,0.1537568402533633
8,1507,1515,0.15375723381518097
8,1519,1527,0.15376016387869051
9,1499,1508,0.15376301164064743
9,1504,1513,0.1537625657241893
10,1494,1504,0.15376231944928687
11,1501,1512,0.15375919027664903
11,1502,1513,0.15375325299794132
11,1509,1520,0.15374797827836503
11,1501,1512,0.15374328888198832
11,1508,1519,0.1537391168558469
11,1511,1522,0.15373540239105118
11,1517,1528,0.15373209282553277
11,1520,1531,0.1537291417706566
11,1510,1521,0.1537265083461674
12,1505,1517,0.15372415650990118
12,1504,1516,0.15371885980095815
13,1502,1515,0.1537140817548371
12,1500,1512,0.15370652775292093
12,1502,1514,0.1537021845321053
11,1504,1515,0.15369832009653492
12,1502,1514,0.15369666853075142
12,1498,1510,0.15369289354813184
12,1512,1524,0.153689578054147
12,1517,1529,0.15368666513554113
12,1512,1524,0.15368410503966506
13,1514,1527,0.15368185426213535
12,1505,1517,0.15367667637679547
12,1493,1505,0.15367439121871582
11,1516,1527,0.15367243292776667
11,1525,1536,0.1536736858582298
11,1510,1521,0.15367493690235642
12,1521,1533,0.15367617558869148
12,1521,1533,0.15367424087009604
12,1517,1529,0.153672573706265
11,1517,1528,0.15367113912842703
11,1521,1532,0.1536723073773874
11,1506,1517,0.15367350150812029
13,1506,1519,0.15367470649123074
11,1504,1515,0.1536698482862931
10,1496,1506,0.15367039908537714
10,1495,1505,0.15367374142618007
11,1509,1520,0.15367702261599114
9,1513,1522,0.15367706818479773
9,1498,1507,0.15368320785991896
8,1500,1508,0.15368901973287127
8,1493,1501,0.15369698886950128
9,1504,1513,0.15370450650739464
9,1497,1506,0.15370847401022913
11,1489,1500,0.15371232332079185
11,1496,1507,0.15371008828012847
11,1510,1521,0.15370823048507107
11,1515,1526,0.15370669740609527
11,1511,1522,0.15370544338696315
10,1513,1523,0.15370442876461532
9,1517,1526,0.15370627108846918
9,1514,1523,0.1537104385628435
10,1507,1517,0.15371442610696456
10,1510,1520,0.1537157467038328
10,1487,1497,0.15371706091596085
8,1487,1495,0.1537183595330717
8,1492,1500,0.15372454272837538
8,1505,1513,0.15373040133327273
8,1499,1507,0.1537359486148393
7,1491,1498,0.15374119785835158
8,1499,1507,0.15374852172608466
8,1507,1515,0.15375232159920332
7,1506,1513,0.15375601301545824
7,1522,1529,0.15376189118335445
7,1527,1534,0.15376750290420058
8,1518,1526,0.15377285075248737
7,1517,1524,0.15377544087182732
7,1511,1518,0.1537804222095084
7,1512,1519,0.15378517297509275
7,1527,1534,0.1537896985524414
7,1518,1525,0.15379400503083981
5,1509,1514,0.15379809903803238
6,1511,1517,0.15380675058160712
5,1509,1514,0.15381176664809193
5,1506,1511,0.15381894823684233
4,1504,1508,0.1538258080138673
4,1508,1512,0.15383468346443677
5,1505,1510,0.15384310313050428
5,1512,1517,0.15384849643555848
5,1509,1514,0.1538536575498351
5,1509,1514,0.15385858813758924
5,1517,1522,0.15386329133744478
5,1512,1517,0.15386777147646138
4,1521,1525,0.15387203382582493
5,1524,1529,0.1538784178811169
5,1512,1517,0.1538820473070447
5,1507,1512,0.15388550060368722
5,1512,1517,0.15388878257101674
5,1516,1521,0.15389189847576407
5,1516,1521,0.1538948539272858
5,1518,1523,0.15389765477295808
4,1526,1530,0.15390030701041787
4,1528,1532,0.1539051750354404
4,1534,1538,0.15390975739194407
4,1525,1529,0.15391406856681095
4,1526,1530,0.15391812266892765
5,1532,1537,0.15392193337593002
5,1527,1532,0.15392286905823357
6,1517,1523,0.1539237913171092
6,1514,1520,0.15392151794919157
7,1512,1519,0.1539195182376622
6,1526,1532,0.15391457957794602
6,1515,1521,0.15391253417892548
6,1513,1519,0.1539107972071816
6,1506,1512,0.15390932775812208
6,1505,1511,0.1539080901098645
6,1505,1511,0.15390705307671193
6,1508,1514,0.15390618944307388
7,1508,1515,0.15390547546778957
8,1510,1518,0.15390179751031458
7,1500,1507,0.15389526595527436
7,1492,1499,0.15389229993866949
7,1500,1507,0.15388966253837613
6,1505,1511,0.15388731485737525
7,1490,1497,0.15388769621896534
7,1499,1506,0.1538847569968422
7,1516,1523,0.15388218774132148
7,1506,1513,0.15387994044682995
7,1512,1519,0.15387797340092205
7,1502,1509,0.1538762503578502
8,1502,1510,0.15387473982053204
8,1501,1509,0.1538707642407381
8,1507,1515,0.153867159317437
6,1496,1502,0.153863887386706
6,1505,1511,0.15386574386721608
5,1490,1495,0.15386754241312442
5,1492,1497,0.15387160933515454
6,1500,1506,0.15387546789912934
6,1521,1527,0.1538758922931796
6,1514,1520,0.15387641975208968
6,1520,1526,0.1538770260712868
6,1509,1515,0.15387769094478884
5,1495,1500,0.1538783974043095
6,1498,1504,0.15388152104985273
6,1496,1502,0.15388204965029095
6,1500,1506,0.15388260709476959
6,1504,1510,0.1538831830349282
5,1508,1513,0.15388335534004274
5,1503,1508,0.15388605043578857
5,1522,1527,0.15388866625223194
4,1513,1517,0.15389119529105091
4,1510,1514,0.1538960647614264
3,1518,1521,0.15390069095397318
3,1517,1520,0.15390762241541148
3,1517,1520,0.15391416013082523
3,1516,1519,0.15392032406507805
3,1519,1522,0.1539261334978321
2,1521,1523,0.15393160699734582
2,1521,1523,0.15393916915035077
2,1513,1515,0.15394628510794497
2,1507,1509,0.15395297970612723
2,1518,1520,0.15395927660438646
2,1515,1517,0.15396519831151415
2,1511,1513,0.1539707662159464
2,1509,1511,0.15397600061955793
2,1516,1518,0.1539809207739984
2,1506,1508,0.15398554491881153
1,1510,1511,0.1539898903207005
1,1511,1512,0.15399639298871876
1,1505,1506,0.15400250242733773
1,1507,1508,0.15400824175234498
1,1504,1505,0.1540136328230165
1,1507,1508,0.15401869629480075
1,1507,1508,0.15402345167232162
1,1510,1511,0.15402791736217705
1,1504,1505,0.15403211072511014
1,1521,1522,0.15403604812721894
1,1519,1520,0.1540397449899422
1,1505,1506,0.15404321583862085
1,1502,1503,0.15404574446636052
1,1504,1505,0.15404821588684853
1,1518,1519,0.15405062045756238
1,1521,1522,0.15405295089427104
1,1520,1521,0.15405520188907132
1,1514,1515,0.15405736978372528
1,1523,1524,0.15405945229062337
1,1509,1510,0.1540614482547487
1,1508,1509,0.1540633574509187
1,1517,1518,0.15406518041136322
1,1516,1517,0.15406691827937513
1,1513,1514,0.1540685726853528
1,1523,1524,0.15407014564205931
1,1511,1512,0.15407163945636074
1,1517,1518,0.15407305665508145
1,1516,1517,0.15407439992294333
1,1516,1517,0.15407567205083447
1,1524,1525,0.15407687589289862
1,1526,1527,0.15407801433114535
1,1518,1519,0.15407909024646416
1,1512,1513,0.15408010649508005
1,1523,1524,0.1540810658896259
1,1533,1534,0.15408197118412184
1,1531,1532,0.15408282506225346
1,1536,1537,0.15408363012842696
1,1529,1530,0.15408438890115508
1,1524,1525,0.15408510380839086
1,1506,1507,0.15408577718448316
1,1512,1513,0.1540864112684747
2,1509,1511,0.15408700820350532
2,1514,1516,0.15408436070063286
2,1512,1514,0.15408197501270693
2,1514,1516,0.15407982245375745
2,1519,1521,0.15407787772007822
2,1514,1516,0.15407611847251837
2,1518,1520,0.15407452497178917
3,1519,1522,0.15407307975995047
3,1514,1517,0.15406855040996267
3,1522,1525,0.15406443972414646
3,1521,1524,0.15406070488984655
3,1525,1528,0.15405730783318317
3,1523,1526,0.15405421466537864
3,1516,1519,0.1540513951959993
3,1514,1517,0.15404882250485952
3,1510,1513,0.15404647256536685
3,1521,1524,0.15404432391298672
3,1511,1514,0.1540423573532918
3,1520,1523,0.15404055570474984
3,1511,1514,0.15403890357200672
3,1522,1525,0.1540373871459468
2,1517,1519,0.1540359940272741
2,1524,1526,0.1540372381741414
2,1515,1517,0.15403841526356976
2,1516,1518,0.15403952776981733
2,1512,1514,0.15404057826858858
2,1507,1509,0.15404156939406885
2,1516,1518,0.15404250380374956
3,1530,1533,0.1540433841498554
3,1525,1528,0.15404104829180348
3,1521,1524,0.15403820369330948
3,1514,1517,0.15403571965805743
4,1518,1522,0.15403354932266386
4,1510,1514,0.1540283830109824
4,1502,1506,0.15402375804123394
4,1514,1518,0.15401961223717825
3,1527,1530,0.1540158909871009
3,1514,1517,0.15401495428214942
3,1511,1514,0.15401420403655358
3,1492,1495,0.15401361147158654
3,1500,1503,0.15401315188785614
3,1501,1504,0.15401280410749124
3,1506,1509,0.1540125499913461
3,1505,1508,0.15401237402121365
3,1509,1512,0.15401226293837056
2,1518,1520,0.15401220543092817
2,1514,1516,0.15401467225487495
2,1529,1531,0.15401701609444685
2,1506,1508,0.15401924047454388
1,1521,1522,0.15402134925982455
1,1514,1515,0.1540258346837482
2,1515,1517,0.15403005791600233
2,1520,1522,0.1540307871442144
2,1515,1517,0.1540315837384828
1,1514,1515,0.15403242945055493
1,1520,1521,0.15403579804233072
1,1527,1528,0.1540390309929014
1,1519,1520,0.15404212729716424
1,1512,1513,0.15404508724909305
1,1521,1522,0.154047912197016
1,1524,1525,0.1540506043359771
1,1520,1521,0.15405316653194884
1,1518,1519,0.15405560217338274
1,1530,1531,0.15405791504620348
1,1511,1512,0.15406010922888944
1,1501,1502,0.1540621890047446
1,1524,1525,0.15406415878886817
1,1517,1518,0.154066023067674
1,1516,1517,0.15406778634910953
1,1525,1526,0.1540694531219842
1,1532,1533,0.1540710278230379
1,1514,1515,0.15407251481057396
1,1503,1504,0.15407391834364653
1,1509,1510,0.1540752425659357
1,1523,1524,0.15407649149356695
1,1514,1515,0.15407766900623884
1,1519,1520,0.15407877884111346
1,1525,1526,0.15407982458900502
1,1519,1520,0.15408080969246796
1,1516,1517,0.15408173744544718
1,1519,1520,0.1540826109942009
1,1518,1519,0.15408343333925206
1,1530,1531,0.1540842073381604
1,1524,1525,0.1540849357089396
1,1515,1516,0.15408562103397205
1,1508,1509,0.15408626576429565
1,1500,1501,0.15408687222415968
1,1510,1511,0.15408744261576132
1,1520,1521,0.15408797902409205
1,1511,1512,0.15408848342183262
1,1503,1504,0.154088957674249
1,1510,1511,0.1540894035440486
1,1526,1527,0.154089822696165
1,1531,1532,0.15409021670244555
1,1530,1531,0.1540905870462221
1,1530,1531,0.15409093512674904
1,1521,1522,0.15409126226349765
1,1526,1527,0.15409156970029883
1,1523,1524,0.15409185860932836
1,1512,1513,0.1540921300949318
1,1510,1511,0.15409238519728807
1,1512,1513,0.15409262489591172
1,1518,1519,0.15409285011299573
1,1515,1516,0.15409306171659717
1,1524,1525,0.15409326052366923
1,1522,1523,0.15409344730294372
1,1514,1515,0.15409362277766803
1,1519,1520,0.15409378762820242
1,1517,1518,0.1540939424944812
1,1514,1515,0.15409408797834412
1,1506,1507,0.1540942246457434
2,1504,1506,0.15409435302883026
1,1517,1518,0.15409124211293704
1,1516,1517,0.15409155156234092
1,1512,1513,0.1540918426851461
1,1509,1510,0.15409211649203652
1,1505,1506,0.15409237394966488
1,1520,1521,0.1540926159806549
1,1511,1512,0.154092843463996
1,1510,1511,0.15409305723574995
1,1510,1511,0.15409325809000327
1,1522,1523,0.15409344678000778
1,1515,1516,0.15409362401946347
1,1508,1509,0.15409379048390393
1,1514,1515,0.1540939468121517
1,1496,1497,0.15409409360781726
1,1502,1503,0.15409423144081952
1,1504,1505,0.15409436084890996
1,1517,1518,0.15409448233918577
1,1524,1525,0.15409459638958123
1,1517,1518,0.15409470345032747
1,1524,1525,0.15409480394537403
1,1515,1516,0.15409489827376696
1,1510,1511,0.1540949868109794
1,1525,1526,0.15409506991019234
1,1525,1526,0.15409514790352336
1,1524,1525,0.15409522110320267
1,1519,1520,0.1540952898026966
1,1528,1529,0.15409535427777798
1,1519,1520,0.1540954147875451
1,1521,1522,0.15409547157538928
1,1523,1524,0.15409552486991335
0,1519,1519,0.15409557488580142
