1359,27,1386,0.13579578387103516
1397,27,1424,0.13297467967864265
1421,26,1447,0.1303029850992101
1437,26,1463,0.12780708688689513
1459,27,1486,0.12549352533187932
1452,29,1481,0.12332753239855197
1454,28,1482,0.12137643657780933
1457,29,1486,0.11959645341895243
1455,28,1483,0.11796874193808739
1466,28,1494,0.11649547915778065
1461,28,1489,0.11512763430869676
1469,28,1497,0.11389550710823397
1472,27,1499,0.11275687724315758
1472,25,1497,0.1117149811149595
1467,25,1492,0.11076908385018207
1474,24,1498,0.10992101824340558
1473,23,1496,0.10913163476224262
1481,22,1503,0.10841616082705982
1474,24,1498,0.10774695181799487
1479,23,1502,0.10715295914171741
1473,23,1496,0.10659981350755622
1469,22,1491,0.10611133049473682
1477,22,1499,0.10567592667135427
1459,22,1481,0.10525982678197972
1459,22,1481,0.10492441135922259
1466,22,1488,0.1046212442753768
1471,22,1493,0.10433093473346343
1467,23,1490,0.10405393563828587
1465,23,1488,0.10381154168765391
1477,24,1501,0.10359559112624993
1473,23,1496,0.10337300035499927
1467,25,1492,0.10317727830841385
1463,26,1489,0.10301528857339347
1458,27,1485,0.10287604601075834
1467,29,1496,0.10276180469814995
1468,29,1497,0.10263737437556132
1479,28,1507,0.1025230149703392
1473,28,1501,0.10239500321102873
1465,29,1494,0.10229222523118073
1473,27,1500,0.10221592196123527
1471,25,1496,0.10212830660848915
1460,26,1486,0.10205223500507954
1467,26,1493,0.10200712398705576
1476,24,1500,0.10195071947915231
1476,22,1498,0.10188040644810627
1485,22,1507,0.10181618102437161
1491,23,1514,0.10173704960132181
1482,25,1507,0.10164896921736893
1483,24,1507,0.10158851971578273
1469,23,1492,0.10153195108762826
1482,20,1502,0.1015126032963306
1483,20,1503,0.10146575505462202
1484,19,1503,0.10141988427428082
1491,18,1509,0.10137671782988862
1491,18,1509,0.10132079078168832
1488,19,1507,0.10126840531344435
1488,18,1506,0.10122634282906424
1474,17,1491,0.10118912872560024
1466,18,1484,0.10118708396288946
1480,18,1498,0.10120491758171282
1472,17,1489,0.10119054708591087
1491,18,1509,0.10119411675910378
1477,19,1496,0.10115320255010193
1474,19,1493,0.10114648267434473
1469,19,1488,0.10114781341813217
1467,19,1486,0.10116163714577851
1472,19,1491,0.10118000096211949
1469,19,1488,0.10118543470810815
1471,19,1490,0.10119666560972633
1472,18,1490,0.10120327454592698
1477,18,1495,0.10120596766672012
1476,19,1495,0.10119728194368192
1485,19,1504,0.1011922510124552
1491,20,1511,0.1011673266887115
1496,20,1516,0.10113173712056543
1485,20,1505,0.10108822929943823
1478,21,1499,0.10107310573477968
1476,21,1497,0.10107439505132469
1489,21,1510,0.10108082844656191
1472,22,1494,0.10105906345786783
1475,23,1498,0.10107665253798423
1473,24,1497,0.10108433110743835
1473,25,1498,0.10109562819721198
1465,25,1490,0.10110673676343694
1471,24,1495,0.10113486087595991
1482,24,1506,0.10114759488124242
1480,27,1507,0.10113524359002181
1462,28,1490,0.10112812538525842
1466,28,1494,0.10116204971056757
1457,28,1485,0.10118468707571956
1457,29,1486,0.10122549202075604
1465,30,1495,0.10126411501446633
1470,30,1500,0.10128193605066596
1477,31,1508,0.10128854800117645
1471,29,1500,0.10127831382087234
1474,28,1502,0.10128310384188566
1484,29,1513,0.10128066317765323
1481,29,1510,0.10125706215336663
1472,30,1502,0.10123973433093307
1476,29,1505,0.10124438982947737
1482,27,1509,0.10124013118713514
1470,27,1497,0.10122276982717697
1453,28,1481,0.10123208213157348
1463,29,1492,0.10127927376668801
1467,32,1499,0.10130113342237147
1478,33,1511,0.10131249101422408
1475,34,1509,0.10129882605467838
1473,34,1507,0.10129411936634533
1463,35,1498,0.10129342500940648
1462,36,1498,0.10131551878451446
1459,37,1496,0.10133907529936266
1449,36,1485,0.10136739862412807
1459,36,1495,0.1014157430705183
1460,35,1495,0.1014374263407762
1450,34,1484,0.10145598304062506
1471,34,1505,0.10149530330394121
1462,35,1497,0.10148257477095467
1454,37,1491,0.10149113512384854
1453,40,1493,0.10151859202280841
1451,42,1493,0.10154817484553909
1459,41,1500,0.10157908724907966
1460,43,1503,0.10159098331669285
1455,44,1499,0.10159957734742033
1457,44,1501,0.10161845610906102
1472,44,1516,0.10163169776030236
1472,44,1516,0.10161033119285086
1460,43,1503,0.10159125778330413
1448,42,1490,0.10159939571453373
1453,44,1497,0.10163248582628535
1455,44,1499,0.10165382237864427
1458,46,1504,0.10167076224986388
1463,45,1508,0.10167955759666521
1466,45,1511,0.10167506806222491
1455,43,1498,0.10166404222028266
1449,41,1490,0.1016790510262052
1462,41,1503,0.10170628324710083
1463,39,1502,0.10170186321800542
1459,40,1499,0.10169531106680943
1468,39,1507,0.10169739081325124
1457,41,1498,0.1016796308493427
1465,40,1505,0.10169046894252194
1462,41,1503,0.1016825982986491
1469,41,1510,0.1016822543283481
1465,40,1505,0.10166467404633703
1459,39,1498,0.10165648900301011
1454,39,1493,0.1016635552643395
1451,41,1492,0.10168046784046143
1442,38,1480,0.10170493566262633
1448,37,1485,0.1017468610772766
1436,36,1472,0.10177120924465932
1448,38,1486,0.10181861024101639
1456,41,1497,0.10183561236401063
1445,37,1482,0.10183136478513756
1442,37,1479,0.10185306248235172
1442,36,1478,0.10187942191049679
1436,37,1473,0.10190354399167227
1444,36,1480,0.10193964702135017
1441,38,1479,0.10195592650204995
1450,40,1490,0.10197616877555694
1458,40,1498,0.10197233249101427
1465,39,1504,0.10194883698112314
1470,40,1510,0.10191121512787951
1461,40,1501,0.10186662735481153
1448,40,1488,0.10184868971570385
1452,40,1492,0.10185965389630645
1445,39,1484,0.1018639381719227
1445,40,1485,0.10188330712342558
1443,38,1481,0.10190267669603495
1452,42,1494,0.10192509444336034
1451,43,1494,0.10192279074825303
1452,43,1495,0.10192400212592063
1451,41,1492,0.10192413595636687
1439,39,1478,0.1019261962157379
1431,41,1472,0.10195552844261847
1422,40,1462,0.10200055684826442
1427,39,1466,0.10206409039426781
1448,39,1487,0.1021097045178424
1441,40,1481,0.10210181997288018
1451,43,1494,0.1021109325036154
1466,43,1509,0.102096926918646
1462,44,1506,0.10204897946097502
1456,43,1499,0.10201339980013895
1450,47,1497,0.10199385014995428
1455,49,1504,0.10199000270052302
1446,49,1495,0.10197645969733501
1428,50,1478,0.10198545974381112
1448,51,1499,0.10203351138948967
1453,52,1505,0.1020344629450345
1451,52,1503,0.10202459713521307
1454,52,1506,0.10202032524396035
1451,55,1506,0.10201091034211189
1441,53,1494,0.1020094796898119
1444,54,1498,0.10203153933104456
1452,56,1508,0.10204461416278615
1451,55,1506,0.1020393443409915
1448,53,1501,0.10203595708801255
1440,56,1496,0.1020403389333196
1443,57,1500,0.10206172890967669
1445,55,1500,0.10207639518745161
1428,60,1488,0.10208799195476644
1434,60,1494,0.10213683696463796
1432,57,1489,0.10216864301945285
1445,56,1501,0.10220016450721957
1439,56,1495,0.10219960786124722
1431,55,1486,0.10221087308683593
1434,52,1486,0.10223909271620933
1450,53,1503,0.10225715291952313
1438,52,1490,0.10223855890199995
1454,53,1507,0.10224881505782665
1445,55,1500,0.10222251177098535
1447,54,1501,0.10221765355230396
1440,55,1495,0.10220900390672881
1440,56,1496,0.1022175322742394
1432,56,1488,0.10222558526779711
1432,55,1487,0.10225164342732679
1434,53,1487,0.10227499357347486
1428,48,1476,0.1022927222124999
1440,51,1491,0.10232020996828792
1440,49,1489,0.10231768048831846
1443,48,1491,0.10231386560209757
1437,50,1487,0.10230249652979406
1445,50,1495,0.10230784338554119
1432,51,1483,0.10229680261798223
1428,49,1477,0.10231468937490464
1428,51,1479,0.10234187430551525
1441,52,1493,0.10236865777438309
1429,52,1481,0.10236282972262119
1432,53,1485,0.10238527129549677
1437,57,1494,0.10239951590012206
1439,58,1497,0.10239958177596986
1448,60,1508,0.10239339929754135
1437,62,1499,0.10236807519367311
1429,61,1490,0.10237177609895431
1434,60,1494,0.10239244832248776
1444,59,1503,0.1024018491849414
1444,58,1502,0.10238704065890669
1452,59,1511,0.10237302327758879
1444,62,1506,0.10234509277404459
1433,59,1492,0.10233831708362924
1431,64,1495,0.10235618622426185
1422,67,1489,0.10237909475274193
1425,66,1491,0.1024207766432086
1406,66,1472,0.10245421060497222
1406,68,1474,0.10252619490465115
1423,70,1493,0.1025944715068961
1406,68,1474,0.10261677511120229
1420,72,1492,0.10267414235510369
1412,70,1482,0.10269594064756965
1425,72,1497,0.10273477269937648
1421,73,1494,0.10274147972087876
1423,71,1494,0.10275801385163294
1432,72,1504,0.10276933765418467
1431,66,1497,0.10276080646233762
1432,67,1499,0.10275523525731028
1420,66,1486,0.10274507285682155
1424,67,1491,0.10276237156815998
1442,68,1510,0.1027694915446856
1431,66,1497,0.10273614675329651
1418,69,1487,0.1027326507531368
1420,72,1492,0.10275664220647243
1413,73,1486,0.10277254562176731
1409,74,1483,0.10280244870798928
1413,75,1488,0.10283939728012152
1410,75,1485,0.10286490425819078
1414,78,1492,0.10289644544491297
1426,77,1503,0.10291767661902888
1424,78,1502,0.10290934994156319
1423,81,1504,0.10290431677091487
1424,78,1502,0.10290368405746414
1422,77,1499,0.1029014851705768
1421,75,1496,0.10290418217764886
1419,78,1497,0.10291015502314953
1421,77,1498,0.10292029430730214
1402,77,1479,0.10292350785603045
1394,76,1470,0.10297080504556023
1405,75,1480,0.10303050943225035
1414,77,1491,0.10306130924613605
1411,75,1486,0.10306817313918688
1404,79,1483,0.10308093295274272
1411,78,1489,0.10310984232789172
1411,76,1487,0.10312171896574647
1427,75,1502,0.10313475296345166
1415,75,1490,0.10310826610234404
1423,76,1499,0.1031105843860241
1425,76,1501,0.10309721480089952
1419,75,1494,0.10307934587856508
1414,74,1488,0.10307623968905041
1416,71,1487,0.10308428530351374
1413,74,1487,0.10308717715915022
1406,73,1479,0.1030954384060692
1401,75,1476,0.10311938792847204
1408,72,1480,0.10315256998078283
1427,73,1500,0.10316977239256282
1419,72,1491,0.10313962640125113
1415,72,1487,0.10313109825148956
1414,72,1486,0.1031302193097608
1415,70,1485,0.10312930744447098
1420,69,1489,0.10312599793795847
1428,70,1498,0.10311091949254778
1435,72,1507,0.10307830432529043
1442,71,1513,0.10303254558383249
1437,70,1507,0.10297373399424686
1442,70,1512,0.10293231385473954
1447,68,1515,0.10288328455789042
1434,66,1500,0.10282593608724351
1435,68,1503,0.10280170670458105
1427,67,1494,0.10277927157692548
1438,66,1504,0.10277764383822792
1433,67,1500,0.10275030147421951
1426,67,1493,0.10273531491708213
1421,70,1491,0.10273891943606793
1441,69,1510,0.1027555654415508
1427,68,1495,0.10272645461763809
1418,70,1488,0.10273207038793458
1427,70,1497,0.1027567842132847
1428,70,1498,0.10275921619718278
1429,70,1499,0.10275904924477075
1426,71,1497,0.10275739358511288
1424,75,1499,0.10276380104808541
1422,75,1497,0.1027736895518143
1421,73,1494,0.10278818987610108
1422,73,1495,0.10280410390112964
1412,73,1485,0.10281629797922964
1424,75,1499,0.10284899170346072
1426,74,1500,0.10285038037739729
1427,77,1504,0.10284886269952473
1413,76,1489,0.10284629628462262
1403,76,1479,0.10287521606486838
1416,77,1493,0.10292463878032158
1417,79,1496,0.10294146897644701
1433,76,1509,0.10295415008433001
1430,74,1504,0.1029292815639085
1421,76,1497,0.10291256728585696
1414,78,1492,0.10291554852237976
1410,76,1486,0.10293438548786123
1401,77,1478,0.10296215420179168
1413,78,1491,0.10300921709931023
1415,80,1495,0.10302338856839663
1433,78,1511,0.10303204188982161
1426,80,1506,0.10300050667903134
1423,78,1501,0.10298703623428979
1422,75,1497,0.10298125392706316
1406,80,1486,0.10297852458427365
1409,79,1488,0.10301283360899458
1412,77,1489,0.10303869546126258
1408,76,1484,0.10305574944806238
1418,77,1495,0.10308058316382337
1409,77,1486,0.10308016405989333
1419,77,1496,0.10309956161617587
1412,78,1490,0.10309529790319438
1406,80,1486,0.10310637052472103
1402,81,1483,0.10312880944195207
1395,82,1477,0.10315705546775192
1400,82,1482,0.10320000592864229
1410,81,1491,0.10322872396265416
1413,81,1494,0.1032348105058087
1414,81,1495,0.10323441655268883
1415,83,1498,0.1032306706112037
1410,82,1492,0.10322606833755042
1408,83,1491,0.10323444971316181
1413,86,1499,0.10324405693780324
1415,86,1501,0.1032426286998621
1414,87,1501,0.1032356800786281
1417,87,1504,0.10323199842439543
1400,86,1486,0.10322315565171813
1390,83,1473,0.10325339413339601
1400,85,1485,0.10330155615168937
1403,82,1485,0.10332421275454308
1409,81,1490,0.10333588397347106
1414,80,1494,0.10333371138654822
1418,81,1499,0.10332126356009902
1418,82,1500,0.10329965932093216
1414,85,1499,0.10328038092977954
1424,86,1510,0.10327281813659787
1412,87,1499,0.10324377959180847
1397,86,1483,0.10324500199678933
1389,87,1476,0.10328057283539736
1399,87,1486,0.10333259669086794
1400,88,1488,0.10335828060060663
1391,89,1480,0.10337876186609929
1389,89,1478,0.10341950547201197
1391,89,1480,0.1034614947593262
1405,87,1492,0.10349489433963534
1402,87,1489,0.10349351596316378
1396,85,1481,0.10349868809327954
1393,87,1480,0.10351688615376037
1391,89,1480,0.10353929839210413
1395,88,1483,0.1035641502280576
1401,90,1491,0.1035777875914225
1412,89,1501,0.10357591387694161
1412,90,1502,0.10355187010191651
1412,91,1503,0.10353127028331201
1409,92,1501,0.1035112960637126
1415,93,1508,0.1034998642189837
1417,95,1512,0.10347837930962145
1417,93,1510,0.10345030720983205
1408,92,1500,0.10342563119545582
1398,91,1489,0.1034234471847642
1404,92,1496,0.10344333008491759
1399,93,1492,0.10345137218889412
1390,91,1481,0.10347161298672942
1395,96,1491,0.10351088232008086
1392,98,1490,0.10353499208793729
1392,95,1487,0.103565868152759
1388,97,1485,0.10359510781265069
1393,100,1493,0.10363086937400375
1395,100,1495,0.10365120996465844
1394,98,1492,0.10366545305310769
1384,99,1483,0.10368042911998666
1386,98,1484,0.10371688670872388
1396,106,1502,0.10374710786174876
1399,105,1504,0.10375362000665765
1402,106,1508,0.10375147087970255
1392,109,1501,0.10374166400830234
1391,110,1501,0.10375686528556816
1385,110,1495,0.10377614283091453
1384,111,1495,0.10380724364459645
1385,108,1493,0.10383932203727683
1392,108,1500,0.10386691115778764
1393,107,1500,0.1038759486493961
1388,107,1495,0.10388121236331248
1388,109,1497,0.10389843272169913
1398,107,1505,0.10391439551896883
1395,108,1503,0.10390504492046652
1391,107,1498,0.10390271482289563
1372,104,1476,0.10390755219816473
1382,104,1486,0.10395486721441313
1371,102,1473,0.10397544628274663
1379,104,1483,0.10402009774357023
1387,108,1495,0.10404467298322445
1386,109,1495,0.1040499144890116
1388,110,1498,0.10405685933292329
1377,113,1490,0.10405850469634378
1373,112,1485,0.10408395041553026
1379,110,1489,0.10411549212309158
1365,112,1477,0.10413240230136278
1356,113,1469,0.10417977758671222
1374,114,1488,0.10424296808273485
1373,112,1485,0.10426358688341902
1382,112,1494,0.1042818346100627
1380,112,1492,0.10427953175757625
1372,116,1488,0.1042806676453938
1375,114,1489,0.10430141387848199
1396,115,1511,0.10431320337011812
1394,111,1505,0.10427792470314255
1388,115,1503,0.10424931144570372
1381,117,1498,0.10423611812410292
1386,113,1499,0.10424030123945549
1387,111,1498,0.10423488763868347
1392,114,1506,0.10422541681369007
1387,116,1503,0.10420501331717101
1378,115,1493,0.10419670890779466
1371,114,1485,0.10420930082557314
1374,113,1487,0.10423643590925576
1390,113,1503,0.10425779572263684
1385,115,1500,0.10424089720591798
1362,118,1480,0.10423603170331656
1375,114,1489,0.10428404439167245
1376,113,1489,0.10430158844411139
1372,115,1487,0.10431452690828191
1360,119,1479,0.10433448322105841
1358,121,1479,0.10437888981154415
1366,124,1490,0.10442529501469354
1365,123,1488,0.10445027001192311
1374,123,1497,0.10447622336530941
1378,120,1498,0.10447831316871085
1374,119,1493,0.10447158185975726
1360,119,1479,0.10447520625146846
1378,121,1499,0.10450807891815522
1374,120,1494,0.10450068116077553
1392,121,1513,0.10450234101335358
1386,124,1510,0.10446369847942126
1382,129,1511,0.10444123838439655
1377,128,1505,0.10443134918607297
1373,125,1498,0.10443422766705733
1382,127,1509,0.1044469051142504
1383,129,1512,0.10444042542399093
1376,132,1508,0.10443225537797067
1382,126,1508,0.1044386658610083
1381,126,1507,0.10443059839458747
1373,130,1503,0.10442619411553256
1370,130,1500,0.10443877708984622
1363,133,1496,0.10445880531992241
1361,135,1496,0.10449285370124378
1364,138,1502,0.10453170069652842
1363,136,1499,0.10456236263059872
1360,135,1495,0.10459177484604754
1355,135,1490,0.10462482442964609
1360,133,1493,0.10466694633304006
1352,137,1489,0.10469615576562803
1342,141,1483,0.10474125109722206
1340,146,1486,0.10480539133303929
1341,145,1486,0.10487107157390703
1336,143,1479,0.10493073701424387
1322,146,1468,0.10499877052494214
1328,152,1480,0.10509178939940078
1342,150,1492,0.10516277928330098
1343,153,1496,0.10519681012193256
1336,154,1490,0.10522522500363615
1337,151,1488,0.10526852500839158
1344,148,1492,0.10530527281905933
1334,145,1479,0.10532315513468415
1340,145,1485,0.10536227580994037
1342,148,1490,0.10538529719785884
1341,146,1487,0.10540080893755947
1338,145,1483,0.10541697137152567
1347,151,1498,0.10543935701234802
1344,151,1495,0.10543908988799348
1348,151,1499,0.10544700609560817
1345,151,1496,0.10544427103345981
1342,151,1493,0.1054479895531575
1347,152,1499,0.10545850280375949
1346,154,1500,0.10545868654628678
1354,154,1508,0.10545930451911743
1351,151,1502,0.10544163070512766
1338,147,1485,0.10543301011381427
1351,148,1499,0.10545534988102653
1349,149,1498,0.10544825221393449
1338,153,1491,0.10544478037932858
1336,153,1489,0.10546707929797944
1346,145,1491,0.1054930413771165
1340,149,1489,0.10549323547823017
1328,153,1481,0.1055084417654713
1338,150,1488,0.10554848573965712
1331,147,1478,0.10556098866928075
1332,148,1480,0.10559039392914725
1330,151,1481,0.10561446812652182
1338,152,1490,0.10564116162144004
1346,153,1499,0.1056483543337611
1340,154,1494,0.10563759269590964
1345,159,1504,0.10564297748817453
1345,160,1505,0.10563618633477628
1339,160,1499,0.1056320471435707
1331,159,1490,0.10563964503779286
1334,160,1494,0.10566603593712429
1332,160,1492,0.1056839787233261
1328,162,1490,0.1057031020282808
1328,162,1490,0.1057284070062726
1325,160,1485,0.10575268384009683
1309,159,1468,0.10578515126443336
1316,161,1477,0.10584978184142489
1318,162,1480,0.10589324660696323
1325,163,1488,0.10592815416297331
1346,160,1506,0.1059446091009546
1338,157,1495,0.10591089327859539
1339,157,1496,0.10589795053620776
1340,158,1498,0.10588137655240314
1343,162,1505,0.10586453546025659
1341,164,1505,0.1058424806996821
1348,163,1511,0.10582733135286991
1344,158,1502,0.10579852303500215
1345,158,1503,0.10578243013618958
1356,160,1516,0.1057637976627293
1344,159,1503,0.10572031474678106
1343,157,1500,0.10570922856098712
1342,162,1504,0.10570008182265907
1342,164,1506,0.10569454853982535
1341,162,1503,0.10569090872066778
1340,158,1498,0.10569059570336435
1331,160,1491,0.1056940703926265
1340,163,1503,0.1057175144001837
1351,163,1514,0.10571848697768825
1331,164,1495,0.10569549696103801
1327,164,1491,0.10571865162176133
1322,164,1486,0.10574845707048804
1323,165,1488,0.10578630578285296
1323,165,1488,0.10581882595772804
1307,169,1476,0.10585233198246265
1318,165,1483,0.10591755480914887
1317,170,1487,0.10595353777037499
1326,165,1491,0.10598781930284908
1318,167,1485,0.10599945939029569
1325,167,1492,0.106028509254467
1322,169,1491,0.10603852495372852
1325,167,1492,0.10605365609665439
1335,166,1501,0.10606154293838924
1325,166,1491,0.10604660896136049
1323,171,1494,0.10605579670649692
1320,174,1494,0.1060680118977956
1308,169,1477,0.10608823915511525
1302,163,1465,0.10613346612741388
1310,163,1473,0.10618660768113734
1304,168,1472,0.10621766106002198
1320,169,1489,0.10625746811115448
1327,168,1495,0.10625987958311836
1321,165,1486,0.10624458387023862
1311,166,1477,0.10624363944113165
1320,165,1485,0.10626354287761036
1320,166,1486,0.1062619961702336
1305,165,1470,0.1062621837225735
1323,165,1488,0.10629696762046911
1325,161,1486,0.10628717641659458
1337,160,1497,0.10627358875089414
1345,159,1504,0.10623190358885484
1334,162,1496,0.10617457036013161
1334,169,1503,0.10614713938136217
1333,167,1500,0.10612252582150958
1322,168,1490,0.10610181533356965
1323,171,1494,0.10610693846660198
1316,173,1489,0.10611284226838555
1319,174,1493,0.1061352492115688
1315,173,1488,0.10615049954167893
1325,171,1496,0.10617479530787527
1333,172,1505,0.10617459755991483
1338,169,1507,0.10615097340710282
1339,170,1509,0.10611998291766422
1336,171,1507,0.10609005268771657
1334,174,1508,0.10606867904253021
1334,172,1506,0.106055423046211
1334,174,1508,0.10604435573632717
1340,173,1513,0.1060347235226111
1335,176,1511,0.10601371930089679
1330,171,1501,0.10600577244440602
1320,170,1490,0.10600832804064432
1327,175,1502,0.10603312579123618
1324,174,1498,0.10604057541360819
1319,178,1497,0.10605593792668913
1329,179,1508,0.1060809967081715
1319,176,1495,0.1060803853102274
1320,180,1500,0.106100418801914
1307,177,1484,0.1061149985487059
1304,177,1481,0.10616109545791957
1306,179,1485,0.10620855626286652
1307,174,1481,0.10624967148379373
1317,173,1490,0.10628448084251396
1318,174,1492,0.10629289064277953
1309,180,1489,0.10629907339664005
1310,182,1492,0.10632600720839885
1314,182,1496,0.10634896178018391
1313,183,1496,0.10635968198551632
1318,180,1498,0.1063725516333976
1310,184,1494,0.10637446978448661
1312,186,1498,0.10639328812548773
1306,182,1488,0.10640500347555734
1306,183,1489,0.1064310217012635
1308,185,1493,0.10645738908211086
1303,186,1489,0.106477413071269
1311,185,1496,0.1065073124234555
1320,188,1508,0.10651383702487674
1310,191,1501,0.10650138264618501
1305,190,1495,0.1065130882775451
1306,191,1497,0.1065367255382577
1301,190,1491,0.10655620213037595
1302,195,1497,0.10658551292369037
1302,192,1494,0.1066113295492601
1294,196,1490,0.10663836839926656
1287,196,1483,0.10667892358341181
1279,193,1472,0.10672852106734991
1281,196,1477,0.10679449056521007
1301,196,1497,0.10685055191254983
1291,195,1486,0.10685750445555789
1293,194,1487,0.10688739672748021
1291,198,1489,0.10690983770230948
1294,202,1496,0.1069342361668053
1295,197,1492,0.10695336335546266
1301,202,1503,0.10696862657902255
1302,202,1504,0.10697113313794239
1285,201,1486,0.10697179181671249
1294,198,1492,0.10701113880440244
1297,199,1496,0.10702536439212249
1312,194,1506,0.10703424697721438
1310,198,1508,0.10700738931716977
1300,205,1505,0.10698702983776069
1287,201,1488,0.1069914209625763
1293,203,1496,0.10702464675587046
1295,207,1502,0.1070430040188523
1284,206,1490,0.10705362495773424
1293,205,1498,0.10708992275740022
1287,200,1487,0.10710287696673974
1297,200,1497,0.10712699276935286
1303,198,1501,0.10712703465197843
1301,198,1499,0.10711405138256475
1278,201,1479,0.1071079422344147
1288,206,1494,0.10715396712592501
1288,198,1486,0.10717286365863994
1293,204,1497,0.10719020348605328
1300,203,1503,0.10719552109262619
1296,202,1498,0.10718403063829511
1294,204,1498,0.10718471178600915
1296,204,1500,0.10719053724959421
1288,205,1493,0.10718994762641162
1287,201,1488,0.10720705132504044
1293,208,1501,0.10722667167927843
1283,205,1488,0.10723280011792397
1295,203,1498,0.10726078359928654
1297,201,1498,0.10725793501508672
1293,202,1495,0.1072514374415746
1281,206,1487,0.107254335694879
1276,210,1486,0.1072853201194339
1280,216,1496,0.10732610345384717
1279,215,1494,0.10735734927995523
1264,218,1482,0.1073895403046422
1252,225,1477,0.10745415425511737
1249,230,1479,0.10754197794555545
1258,229,1487,0.10763061119305777
1263,228,1491,0.10769490126992722
1257,231,1488,0.10774360617122536
1240,229,1469,0.10780168541158795
1246,228,1474,0.10789626749686772
1248,232,1480,0.10797054658112877
1256,231,1487,0.1080339016734549
1262,232,1494,0.10807239307799023
1260,230,1490,0.10809318778615941
1264,228,1492,0.10811745172638411
1268,231,1499,0.10813104429806383
1257,235,1492,0.10813284123209843
1260,234,1494,0.10815936837590222
1263,239,1502,0.10817825422618846
1270,237,1507,0.10819036186590886
1278,235,1513,0.10818565940392923
1284,235,1519,0.1081648500369442
1267,236,1503,0.10813156605016847
1274,235,1509,0.10814051253252574
1262,237,1499,0.10813651996130041
1258,242,1500,0.10815959820456815
1257,242,1499,0.10819271408128311
1265,244,1509,0.10822416725294368
1254,247,1501,0.10823567187641542
1255,244,1499,0.10827262183898125
1250,242,1492,0.10830729618680135
1249,244,1493,0.10835193056960264
1251,244,1495,0.10839656896422412
1250,255,1505,0.10843425977320095
1250,254,1504,0.1084701477536487
1257,258,1515,0.1085045743525211
1254,257,1511,0.10852172467076171
1249,254,1503,0.10854346713519274
1245,251,1496,0.10857576649590626
1244,249,1493,0.10861072709097508
1254,249,1503,0.10864668445520134
1248,255,1503,0.10865826059137035
1246,255,1501,0.10868266910976948
1252,252,1504,0.10870956080060065
1249,258,1507,0.10872127303904812
1233,257,1490,0.10873892002870726
1239,252,1491,0.1087925820333711
1232,258,1490,0.10882879611957284
1225,253,1478,0.1088778820274565
1231,257,1488,0.10893934326621965
1241,255,1496,0.10898119627134843
1243,259,1502,0.10899688707777458
1257,257,1514,0.10900552611697265
1252,261,1513,0.1089830498925599
1248,263,1511,0.10897368343525614
1235,258,1493,0.10897636953958251
1221,257,1478,0.1090089259307706
1224,261,1485,0.10906869017551543
1236,262,1498,0.1091189993122069
1240,264,1504,0.10913901417101755
1240,271,1511,0.10915006384389596
1243,270,1513,0.10916091611465123
1245,268,1513,0.10916138791056064
1238,270,1508,0.10915767152750584
1246,271,1517,0.10916819863954849
1238,268,1506,0.10916243974001208
1232,268,1500,0.10917394517801446
1242,266,1508,0.10919720901259491
1231,263,1494,0.10919687743542049
1248,264,1512,0.10922056469915806
1239,268,1507,0.10920527968899314
1242,274,1516,0.10921119359768673
1239,268,1507,0.10921152351242863
1235,262,1497,0.1092165791425369
1224,267,1491,0.10922888168838363
1228,262,1490,0.10926703495997601
1218,268,1486,0.10929498459055793
1229,269,1498,0.10934403335256684
1226,273,1499,0.10936657183371347
1215,276,1491,0.10939513689480176
1210,282,1492,0.10944613246518334
1222,278,1500,0.10950468148565058
1222,282,1504,0.10953178292008085
1217,282,1499,0.10955701397775673
1219,284,1503,0.10959144502714047
1223,278,1501,0.1096186779034924
1225,279,1504,0.10963219183864195
1212,287,1499,0.10964077234751532
1214,284,1498,0.1096804108805915
1212,284,1496,0.10971391345803799
1213,289,1502,0.10975115881170079
1217,284,1501,0.1097842657136906
1219,280,1499,0.10980247600283459
1219,287,1506,0.10981562930268257
1218,290,1508,0.10982749048418178
1212,287,1499,0.10984445126455085
1205,287,1492,0.10987330417189498
1205,296,1501,0.10991809836231814
1201,292,1493,0.10995966491242067
1206,292,1498,0.1100074834085515
1213,293,1506,0.11003982110851215
1200,295,1495,0.11005454738972308
1194,299,1493,0.1100980689719415
1200,298,1498,0.11015202913503906
1186,298,1484,0.11018820214287682
1176,301,1477,0.11025235743059347
1177,299,1476,0.11033410131028001
1201,304,1505,0.11040803018645949
1203,306,1509,0.11042012282754836
1203,307,1510,0.11042983923332025
1185,295,1480,0.1104376625514575
1191,296,1487,0.11048299339372974
1188,296,1484,0.11051034388335762
1199,295,1494,0.11054170362029407
1197,298,1495,0.11054615928886868
1200,305,1505,0.11055601761405233
1195,306,1501,0.11055999418135326
1192,304,1496,0.11057540405302752
1196,304,1500,0.11059947400305947
1199,308,1507,0.1106127517666562
1183,312,1495,0.11061913242857269
1183,314,1497,0.11066290208285662
1179,318,1497,0.1107042053744062
1166,327,1493,0.11075334556052056
1169,327,1496,0.110827525751067
1175,329,1504,0.1108910226671688
1171,327,1498,0.11093556402354082
1186,327,1513,0.11098343756372525
1181,324,1505,0.11099333905549601
1185,332,1517,0.1110149506015526
1176,334,1510,0.11102866159943701
1167,333,1500,0.11106299526153968
1164,331,1495,0.11111614902798901
1167,333,1500,0.11117151902083826
1162,339,1501,0.11121513037901368
1157,327,1484,0.11126803316608821
1161,325,1486,0.11132889023710199
1168,335,1503,0.11137737703918735
1164,336,1500,0.11140548278593687
1170,327,1497,0.1114419354150628
1166,331,1497,0.1114603069142301
1174,329,1503,0.11148559589359343
1170,339,1509,0.11148926628983263
1166,338,1504,0.11150478495062394
1163,330,1493,0.11152582499723954
1168,331,1499,0.11155193649899121
1171,333,1504,0.11156554903618197
1158,339,1497,0.11157174568845213
1152,337,1489,0.11160874474345402
1143,341,1484,0.11165635370526761
1151,339,1490,0.11172235568855854
1154,342,1496,0.11176432449514632
1162,341,1503,0.1117969501329005
1154,343,1497,0.11181044574659832
1155,346,1501,0.1118395191682043
1151,352,1503,0.11186462046811195
1143,356,1499,0.11189731866080463
1140,363,1503,0.11194683799579526
1142,364,1506,0.11200086995407578
1147,358,1505,0.112044797695185
1150,355,1505,0.11207512613924525
1150,352,1502,0.11209690798472324
1147,355,1502,0.11211788723915081
1153,354,1507,0.11214399529168528
1152,357,1509,0.11215464311616927
1142,353,1495,0.11216368843867347
1139,348,1487,0.11219534119955461
1137,353,1490,0.11223072648983923
1146,353,1499,0.11227028253749788
1151,357,1508,0.11228728582932447
1136,354,1490,0.11229117038565858
1137,350,1487,0.11232915413928656
1130,348,1478,0.11236008972556104
1155,342,1497,0.11240258770446643
1155,351,1506,0.11238392408234812
1153,353,1506,0.11236828912335288
1143,350,1493,0.11235868843738636
1141,354,1495,0.11237173120815974
1148,352,1500,0.11239115233835324
1135,348,1483,0.11239404988564977
1145,349,1494,0.11242505376227407
1130,355,1485,0.11242981668937777
1126,353,1479,0.11246689984048805
1134,356,1490,0.11251000951832416
1130,352,1482,0.11253079156377314
1138,353,1491,0.11255885041587389
1141,352,1493,0.11256501425333157
1133,346,1479,0.11256378086781388
1126,349,1475,0.11258166366659741
1135,347,1482,0.11261525840191411
1133,348,1481,0.11262635560843752
1152,350,1502,0.11264108254747829
1140,351,1491,0.11260960394817907
1141,345,1486,0.11260904754055176
1135,353,1488,0.11260457027619158
1133,359,1492,0.11261662374594529
1129,360,1489,0.11263165578877281
1132,352,1484,0.11265309013733718
1151,352,1503,0.112666552662971
1136,358,1494,0.11263656359056501
1144,356,1500,0.11264552890827355
1152,354,1506,0.11263616012805155
1145,354,1499,0.11260718729547196
1141,352,1493,0.11259557568117938
1146,355,1501,0.11259415647617647
1140,349,1489,0.11258337988324522
1134,349,1483,0.112586417577005
1147,359,1506,0.1126037948931008
1147,354,1501,0.1125922555216314
1142,351,1493,0.11258013028770371
1155,352,1507,0.11257930672505008
1153,351,1504,0.11254801060321842
1155,357,1512,0.1125237502158263
1147,352,1499,0.11249820944208945
1145,353,1498,0.11249495188272655
1142,353,1495,0.112495607210584
1154,356,1510,0.11250282102248942
1153,358,1511,0.11247959795991924
1149,363,1512,0.1124607584885911
1149,359,1508,0.11245217029757476
1142,357,1499,0.11244619437843072
1142,359,1501,0.1124570044960516
1151,360,1511,0.11246791457548813
1148,355,1503,0.11245812671664154
1140,356,1496,0.11245649850530207
1141,359,1500,0.11247436982529038
1148,358,1506,0.11248839134460403
1142,357,1499,0.11248433669278085
1140,358,1498,0.11249486683485863
1133,364,1497,0.11251068145742811
1143,368,1511,0.11254240891430825
1144,366,1510,0.11254955367015526
1142,359,1501,0.11255285701855275
1145,356,1501,0.11255791881652791
1146,356,1502,0.11255407170019986
1149,358,1507,0.11254866937973594
1152,356,1508,0.11253694432531894
1145,350,1495,0.11251883810865834
1142,355,1497,0.11251860768272957
1134,357,1491,0.11252270463408622
1132,362,1494,0.11254917466650532
1135,361,1496,0.11257854601944306
1132,366,1498,0.11260135847830455
1119,362,1481,0.1126301721092229
1128,373,1501,0.112685776191731
1130,370,1500,0.11271717349220793
1136,371,1507,0.11274253350712318
1124,371,1495,0.11275199378157982
1128,370,1498,0.11278785754734794
1116,367,1483,0.11281242719363024
1122,368,1490,0.1128616255800867
1123,373,1496,0.11289354683495371
1122,369,1491,0.1129199482248443
1120,373,1493,0.1129474469000919
1115,375,1490,0.11297811729436857
1114,370,1484,0.11301651081361402
1126,373,1499,0.11305546356364495
1129,374,1503,0.11306328524315772
1115,376,1491,0.11306346240109623
1106,372,1478,0.11309325657516817
1114,373,1487,0.11314439837796528
1119,373,1492,0.11317414075388424
1136,378,1514,0.1131902562518878
1130,369,1499,0.11316693420396064
1125,362,1487,0.1131578619312328
1117,367,1484,0.11316021680479679
1128,370,1498,0.11318063178418995
1130,368,1498,0.1131759714833316
1134,370,1504,0.11316569936698974
1121,374,1495,0.11314689188796376
1126,375,1501,0.11315987745008174
1116,379,1495,0.11316321496992333
1110,371,1481,0.11318682320002652
1103,377,1480,0.11322065114379218
1109,378,1487,0.11327012608856207
1114,382,1496,0.11330211338115653
1114,380,1494,0.11331966358159008
1126,381,1507,0.11333491630103364
1133,382,1515,0.11332192423273522
1146,377,1523,0.11329590898015343
1137,380,1517,0.11324047802678615
1132,380,1512,0.1132092832737998
1128,390,1518,0.1131928375044058
1117,393,1510,0.11318856951771306
1117,388,1505,0.11321133299815425
1115,383,1498,0.1132331356697528
1121,385,1506,0.11325800146076873
1115,387,1502,0.11326557406452734
1116,381,1497,0.1132887529106263
1120,375,1495,0.11330661753658011
1123,375,1498,0.11331451632535174
1123,380,1503,0.11331596231743156
1128,378,1506,0.11331857839126575
1122,384,1506,0.1133101355202025
1123,377,1500,0.11331319307360556
1114,381,1495,0.11331442741079688
1116,382,1498,0.11333711663330033
1107,384,1491,0.11335350376735667
1114,384,1498,0.11338910347416173
1118,392,1510,0.11340561861082804
1128,390,1518,0.1134138445643687
1114,394,1508,0.11339799836297601
1101,398,1499,0.11341493118279075
1103,401,1504,0.11346253489742217
1100,408,1508,0.11350371642840906
1103,403,1506,0.11354893774486563
1093,406,1499,0.11358529491208365
1091,407,1498,0.11364229535666176
1106,408,1514,0.113700024305612
1104,410,1514,0.11371631095746558
1100,410,1510,0.11373570267744455
1090,407,1497,0.11376214304417084
1096,399,1495,0.11380902081576276
1086,401,1487,0.11383675756479338
1089,404,1493,0.11388561113006089
1092,402,1494,0.11392551655934487
1085,401,1486,0.11395631352311252
1091,399,1490,0.11400031852412408
1100,398,1498,0.11402676998647764
1097,395,1492,0.11403177904097304
1080,400,1480,0.1140422894893897
1084,410,1494,0.11409256851191615
1079,411,1490,0.1141298281474073
1082,414,1496,0.11417698341696368
1077,411,1488,0.11421354300763059
1076,411,1487,0.11425928990800362
1086,414,1500,0.1143045636954092
1084,414,1498,0.11432474796462237
1087,423,1510,0.11434926329037762
1080,421,1501,0.11436400423041823
1081,423,1504,0.11439506453529756
1076,421,1497,0.11442206393804884
1082,416,1498,0.11445799303484336
1083,420,1503,0.11447489102552774
1088,412,1500,0.11448830824079444
1086,415,1501,0.11448992868477777
1087,419,1506,0.11449600843988054
1093,417,1510,0.11450038499482115
1079,417,1496,0.11449244751251954
1075,419,1494,0.11451692183141439
1080,419,1499,0.11454826942001571
1085,430,1515,0.1145667406104991
1085,427,1512,0.1145733807237863
1094,428,1522,0.11457990005591075
1077,432,1509,0.11456441895892393
1070,431,1501,0.11459172154337383
1084,432,1516,0.1146318181383477
1068,432,1500,0.11464069894748118
1062,430,1492,0.11468484934987824
1049,427,1476,0.1147384222506235
1058,424,1482,0.1148172908759399
1064,438,1502,0.11487020902998969
1064,443,1507,0.11490586393467545
1062,449,1511,0.11493872917155104
1061,448,1509,0.11497527342397622
1059,445,1504,0.11501026971631072
1057,445,1502,0.11504757417275659
1058,445,1503,0.11508591071759489
1055,449,1504,0.1151194994462671
1064,443,1507,0.11515757721951514
1062,442,1504,0.11517192351811158
1048,445,1493,0.11518792452392573
1048,443,1491,0.11523705319385731
1041,444,1485,0.11528183099755956
1038,439,1477,0.11534239557390723
1041,444,1485,0.1154013548636733
1042,446,1488,0.11545078028353027
1043,441,1484,0.11549692698788888
1047,444,1491,0.11553871633186473
1044,446,1490,0.11556797256153105
1050,446,1496,0.11559820064073534
1049,450,1499,0.11561414383977185
1039,451,1490,0.11563215119270766
1052,453,1505,0.11567062340284612
1040,447,1487,0.1156778214638133
1046,454,1500,0.11571287152665773
1053,450,1503,0.11573184147562923
1053,458,1511,0.115728837716305
1054,456,1510,0.11572682957841261
1060,457,1517,0.11572414820664984
1043,451,1494,0.1157067812911351
1044,451,1495,0.11572871921901491
1044,451,1495,0.11574953390397884
1039,455,1494,0.11576925986699636
1040,446,1486,0.11579920376834053
1041,454,1495,0.11582396493835487
1054,455,1509,0.11584453963286215
1048,463,1511,0.11583279357603252
1042,458,1500,0.11583768465544854
1050,450,1500,0.1158549354076932
1046,454,1500,0.11584985006832679
1044,460,1504,0.11585424777893738
1045,467,1512,0.11586450982112931
1044,470,1514,0.11587285708811577
1048,466,1514,0.11588442576714496
1046,463,1509,0.11588704395748714
1030,465,1495,0.115894740745294
1027,466,1493,0.11593938587820324
1034,463,1497,0.11598848545364593
1018,468,1486,0.11601654180833176
1018,469,1487,0.11607890954898181
1028,477,1505,0.11613626859484949
1029,474,1503,0.11616725365014363
1028,476,1504,0.1161960897787889
1019,470,1489,0.11622361873788126
1029,472,1501,0.11626661560769376
1024,475,1499,0.11628499412209287
1016,475,1491,0.11631512059239607
1013,483,1496,0.11636068114568791
1015,481,1496,0.11641020300939513
1010,479,1489,0.11645088205480984
1003,480,1483,0.11650070281658254
1021,486,1507,0.11656464415807682
1015,497,1512,0.11658226390137916
1004,498,1502,0.1166145311908366
1004,501,1505,0.1166696284063002
1013,504,1517,0.1167213997019816
1010,494,1504,0.11675119800820699
987,503,1490,0.11678467642806595
998,507,1505,0.1168684501315811
995,510,1505,0.11692222256209259
998,504,1502,0.11697803490288815
989,508,1497,0.11702324034391469
990,505,1495,0.11708684537776087
1000,506,1506,0.11714520015434682
999,516,1515,0.11717650767049076
1000,517,1517,0.11720877414804334
998,523,1521,0.11723685560283786
991,519,1510,0.11726781630270317
991,519,1510,0.11731309015874233
982,514,1496,0.11735529624293382
981,519,1500,0.1174167537719374
989,522,1511,0.11747682696210716
987,521,1508,0.11751677173216317
981,515,1496,0.11755986711717059
982,518,1500,0.11761266325053586
980,525,1505,0.11766110129278626
979,528,1507,0.11771178055728829
979,535,1514,0.11776101382926303
968,533,1501,0.11780753136518297
971,539,1510,0.1178765089244606
971,539,1510,0.11793296442518353
973,535,1508,0.11798671245828267
963,533,1496,0.11803206611400502
962,536,1498,0.11809600644234909
963,534,1497,0.11815805547636674
969,540,1509,0.1182130494786081
963,544,1507,0.1182512217150806
969,546,1515,0.11829996278010643
967,545,1512,0.11833146643352144
971,551,1522,0.11836533275249081
966,543,1509,0.11838919757962842
956,539,1495,0.11842430206777646
963,540,1503,0.1184812212035521
957,542,1499,0.11851712250996481
958,538,1496,0.11856313659784162
959,537,1496,0.11860522143385217
957,543,1500,0.11863823396268465
966,544,1510,0.11867327579244843
963,548,1511,0.11868524698647334
955,550,1505,0.1187035001441543
954,549,1503,0.1187409297831391
949,548,1497,0.11877661652958585
947,550,1497,0.11882245041046176
947,547,1494,0.11886963990128016
957,547,1504,0.1189111430273568
958,539,1497,0.11892792077104396
953,540,1493,0.11894147648012368
954,548,1502,0.11896741199389521
953,549,1502,0.11898719756189649
953,552,1505,0.11900680917691368
955,557,1512,0.1190266694464614
948,556,1504,0.11904214611992422
955,557,1512,0.11907069853510255
964,561,1525,0.11908086867692162
965,566,1531,0.1190714345230201
963,561,1524,0.11906026281353103
961,556,1517,0.11905481783240028
962,554,1516,0.1190557104399333
962,558,1520,0.11905210323954762
963,560,1523,0.11905033345852424
958,552,1510,0.11904653053957924
942,550,1492,0.11905392024656045
950,547,1497,0.11909646616386756
950,548,1498,0.11911644922699502
942,549,1491,0.11913401153418597
937,554,1491,0.1191692403289748
925,546,1471,0.11921616613037356
925,550,1475,0.11928573473563742
931,552,1483,0.1193503703756241
933,557,1490,0.11939656987664722
934,566,1500,0.11943650602012865
949,564,1513,0.11947140135503531
949,564,1513,0.1194699939766716
936,563,1499,0.11946805776443892
941,563,1504,0.11949552205225704
939,565,1504,0.1195094854331348
944,566,1510,0.11952938117901685
942,568,1510,0.11953707256035902
952,565,1517,0.11954784094024128
951,561,1512,0.11953589546583203
941,574,1515,0.11952695316922898
940,575,1515,0.11954180685917148
943,567,1510,0.11956039636013749
943,571,1514,0.11957004282692082
934,575,1509,0.11957971045132147
941,562,1503,0.11960772301298953
933,566,1499,0.11961790927667561
934,570,1504,0.11964657993419485
938,572,1510,0.11967078485749315
942,576,1518,0.11968428397252585
946,572,1518,0.11969055824511646
943,570,1513,0.11968573090424693
939,566,1505,0.11968501228059587
940,556,1496,0.11969551290625007
935,557,1492,0.11970328579584022
925,563,1488,0.11972303353917231
920,563,1483,0.11976362911379407
923,571,1494,0.11981308629121176
932,576,1508,0.11984830861531848
924,580,1504,0.11985909831048341
933,577,1510,0.11988945663546864
937,580,1517,0.1198983070450884
930,574,1504,0.11989838423657559
937,576,1513,0.11991282784343898
936,579,1515,0.11991131178696675
930,576,1506,0.11991287423335727
918,583,1501,0.11992968672962924
914,584,1498,0.11997221292037699
916,586,1502,0.1200215137745009
925,580,1505,0.12006615349649928
920,586,1506,0.12008554384587258
923,583,1506,0.12011318629829894
919,590,1509,0.12013288130811929
913,589,1502,0.12016220720776585
922,584,1506,0.12020446042549456
918,584,1502,0.12022107176388448
917,586,1503,0.12024548947715122
917,590,1507,0.12027070797293545
916,596,1512,0.12029474670025729
904,605,1509,0.12032161908828855
894,602,1496,0.12037452672470046
893,602,1495,0.12044570707603838
892,604,1496,0.1205140059201627
901,609,1510,0.12058203843510672
913,617,1530,0.12062363109961316
909,614,1523,0.12063557945323339
899,616,1515,0.12065708440740339
886,616,1502,0.12070025080095512
883,608,1491,0.12077009937718049
886,615,1501,0.12084093744658876
895,610,1505,0.12090046851239643
892,604,1496,0.1209328776455872
891,608,1499,0.12097050153458266
895,610,1505,0.12100892981190277
886,612,1498,0.12103337881249285
889,624,1513,0.12107465448613539
884,617,1501,0.12110652141323835
885,611,1496,0.12114849388781841
872,620,1492,0.1211841660426758
871,620,1491,0.12124837908511395
871,615,1486,0.12131134724546051
879,618,1497,0.12136786871904658
882,614,1496,0.12140289092278353
870,607,1477,0.12142838458088129
883,611,1494,0.12147910867416041
874,625,1499,0.12149546386470118
864,620,1484,0.12153096445271895
864,614,1478,0.12158695102730713
865,614,1479,0.12163549159520975
873,620,1493,0.12167863511439042
877,624,1501,0.12170066201367213
881,621,1502,0.12171115235612731
879,619,1498,0.12171271977508426
889,618,1507,0.12172088545477248
882,606,1488,0.12170618138039668
894,611,1505,0.12170565807174918
886,615,1501,0.12167624563233584
893,614,1507,0.12166794501724851
898,616,1514,0.12164577613880563
889,612,1501,0.12161332715144493
891,616,1507,0.12160592647838687
888,604,1492,0.12159609835584641
882,613,1495,0.12159390462961142
886,616,1502,0.121605403524805
882,627,1509,0.12160502187373638
881,633,1514,0.12161409528611951
870,630,1500,0.12162397050224805
878,622,1500,0.12166059659004169
878,625,1503,0.1216756521949276
869,625,1494,0.12168990154635484
873,630,1503,0.12172394014972408
868,638,1506,0.12174702009109734
878,638,1516,0.12178064790982127
882,640,1522,0.12179078230927365
875,643,1518,0.12179153352150057
867,640,1507,0.1218092605081089
868,631,1499,0.12184467880935966
875,633,1508,0.12187475641583263
865,639,1504,0.1218864827234357
871,637,1508,0.12191928409004216
872,634,1506,0.12193539243662704
870,642,1512,0.12194712329937647
859,650,1509,0.12196165352433117
862,650,1512,0.12200273372485741
858,640,1498,0.12203535709646551
853,639,1492,0.12207655875242839
848,633,1481,0.12212557452586217
846,638,1484,0.12218363602459938
854,644,1498,0.12224208583326376
853,643,1496,0.12227853021770643
856,643,1499,0.12231571260556809
842,642,1484,0.12234052746127232
845,649,1494,0.12239785061069132
848,643,1491,0.12244562577459454
855,647,1502,0.12248027839217585
842,651,1493,0.12249652910110811
846,658,1504,0.12254362154907715
851,653,1504,0.12257603628321923
852,649,1501,0.12259597666016724
853,650,1503,0.12260875510098294
865,652,1517,0.1226209146453266
861,654,1515,0.1226071737541622
857,654,1511,0.12260302813075985
866,649,1515,0.1226101698631944
862,652,1514,0.12259600057445715
861,659,1520,0.12259201340031155
853,656,1509,0.12259011457410487
853,662,1515,0.12260913712631297
851,658,1509,0.12262802940606604
852,656,1508,0.12264722599629044
847,651,1498,0.1226644494847583
848,659,1507,0.12269184273207064
854,665,1519,0.12271605710291231
838,670,1508,0.12272747021568545
842,676,1518,0.12277412804526666
840,676,1516,0.12281040662610154
820,673,1493,0.1228499915426183
832,681,1513,0.12293446720039249
833,684,1517,0.1229864681261806
817,680,1497,0.12303204892247305
824,685,1509,0.12311312285597763
825,689,1514,0.12317136786987365
820,686,1506,0.12322122712084027
820,679,1499,0.12328045565003341
813,675,1488,0.12333782853742652
809,688,1497,0.12340846598970753
815,697,1512,0.12348348891493469
809,704,1513,0.12354128590393187
810,697,1507,0.12361097320079896
807,703,1510,0.12367280621593768
807,710,1517,0.12373771829741739
813,715,1528,0.12379869130059266
804,707,1511,0.12384285252931387
810,701,1511,0.12390360723748531
808,698,1506,0.12394709567124682
804,694,1498,0.12399113033681727
810,695,1505,0.12404302882510515
809,694,1503,0.12407518802466694
810,697,1507,0.12410974663752843
808,704,1512,0.12413894083978308
802,697,1499,0.12417142212603753
798,702,1500,0.12421462936104977
795,699,1494,0.12426434595857523
795,692,1487,0.1243168908130174
792,691,1483,0.12436751517147171
796,697,1493,0.12442164361236895
792,698,1490,0.12446343010602029
785,704,1489,0.12451025956602628
774,715,1489,0.12456885123829067
778,710,1488,0.12464918477411033
779,705,1484,0.12471487021918765
785,713,1498,0.12477195993499712
785,710,1495,0.12481249502534748
787,714,1501,0.12484965479072319
776,709,1485,0.12487927317247859
779,717,1496,0.12493287097066666
774,727,1501,0.1249762405729969
776,727,1503,0.1250280392380119
773,729,1502,0.1250710425157827
779,728,1507,0.12511713733014557
780,720,1500,0.12514490479823218
784,714,1498,0.12516901160771612
788,725,1513,0.12517990293079395
784,725,1509,0.12518043676583412
790,726,1516,0.12519317605699487
786,727,1513,0.12519049378316996
794,727,1521,0.12519821612116558
793,722,1515,0.12518743956467074
792,723,1515,0.12517906330455777
791,719,1510,0.12517545477028225
784,713,1497,0.12517574103781282
781,712,1493,0.12518986614354002
784,713,1497,0.1252098941415259
791,713,1504,0.1252217315800285
782,713,1495,0.12521776995364983
776,722,1498,0.12523497028544628
773,721,1494,0.12526372680937206
778,727,1505,0.12529654029592296
765,724,1489,0.12531585498650652
760,717,1477,0.12536519566443088
766,717,1483,0.12542321957070776
768,719,1487,0.12546174722773598
787,722,1509,0.1254905755520263
785,714,1499,0.12547268795190714
788,712,1500,0.1254581722315657
788,715,1503,0.12543900029515112
789,716,1505,0.12542097611469746
797,715,1512,0.12540381137298673
795,721,1516,0.12536809201611987
792,721,1513,0.12534123020581334
782,726,1508,0.12532618451335806
775,730,1505,0.12533583097548526
780,733,1513,0.1253616395770766
777,734,1511,0.1253757677289239
770,735,1505,0.1253982506870296
770,745,1515,0.12543553113897982
774,745,1519,0.12547206173548398
773,740,1513,0.1254963731412024
766,750,1516,0.12552164998983248
765,749,1514,0.12556248138920348
761,754,1515,0.12560324801965136
766,742,1508,0.12564757161674817
763,742,1505,0.12567567192089718
755,744,1499,0.12570851347041173
758,750,1508,0.12575799510518437
763,751,1514,0.12579739523409386
761,746,1507,0.1258230213204049
758,732,1490,0.12585271115037389
767,727,1494,0.1258836200509061
762,733,1495,0.1258900868558822
755,730,1485,0.1259081617722873
750,726,1476,0.12594068602066394
745,736,1481,0.12598203296774757
742,727,1469,0.1260324322081453
750,720,1470,0.12608490980798132
758,723,1481,0.1261155813548455
759,739,1498,0.1261242658813118
753,742,1495,0.12613283286861315
759,743,1502,0.12615568312078107
748,737,1485,0.12616450129945483
755,739,1494,0.12619598335142054
760,741,1501,0.12620782877984993
761,746,1507,0.1262076236180459
758,748,1506,0.1262084846184106
764,756,1520,0.12621455961678837
773,755,1528,0.12620889684866363
765,753,1518,0.12618124243984458
755,745,1500,0.12617440479133676
748,749,1497,0.1261905618400254
751,748,1499,0.1262210017863607
751,736,1487,0.12624213713913154
757,735,1492,0.1262604100263616
762,739,1501,0.12626315393882273
765,745,1510,0.12625283282262287
764,744,1508,0.1262371898212271
754,735,1489,0.1262267077457417
762,731,1493,0.12623918456823277
760,741,1501,0.12623313993859034
766,751,1517,0.12623254188318808
770,748,1518,0.12622004584647903
762,742,1504,0.12619704139240548
766,730,1496,0.12619255486557876
767,731,1498,0.12617950181692483
768,737,1505,0.1261637396246211
762,742,1504,0.12614926318713135
756,739,1495,0.1261495136467013
747,742,1489,0.1261632306573546
765,750,1515,0.1261963685762406
772,742,1514,0.12618620461106522
764,741,1505,0.12616112829950268
765,749,1514,0.12615741762383265
769,747,1516,0.12615418589470068
759,755,1514,0.12614172076273764
768,757,1525,0.12615471484602647
769,747,1516,0.12614551191174608
766,741,1507,0.12613321733946586
778,737,1515,0.1261294099180105
785,736,1521,0.12609727661272568
774,738,1512,0.126051677400399
772,727,1499,0.12603459955136423
763,737,1500,0.1260200588431589
773,744,1517,0.1260280691362782
759,748,1507,0.12600968540730448
763,741,1504,0.12602691269484256
759,741,1500,0.12603373822169583
756,743,1499,0.12604947826907753
759,736,1495,0.1260685487785148
761,741,1502,0.12607962491671185
754,742,1496,0.1260843457151775
752,739,1491,0.12610630599349773
754,732,1486,0.12612983857379606
753,735,1488,0.12614671270884176
757,735,1492,0.1261654258692179
762,735,1497,0.12617252240405383
766,736,1502,0.12616566347403807
758,732,1490,0.12615004037437696
768,726,1494,0.12615583098789615
776,724,1500,0.126137288212471
779,725,1504,0.1261004078145884
777,723,1500,0.12606051353359127
777,731,1508,0.12602859213853468
765,739,1504,0.125998164955265
763,737,1500,0.12599783649162344
757,732,1489,0.12600151144185406
758,728,1486,0.12602013360248443
765,737,1502,0.1260342115015447
756,737,1493,0.12603338511473333
754,736,1490,0.12605422414766468
763,735,1498,0.1260795439069141
781,740,1521,0.12608293602669746
774,743,1517,0.12604195573514634
776,748,1524,0.12601980828435555
778,740,1518,0.1259964970403416
772,734,1506,0.12596871757799677
771,733,1504,0.1259572845894131
771,738,1509,0.1259493934733789
768,738,1506,0.12594427281253862
765,741,1506,0.12594659782819073
761,744,1505,0.1259551347421574
761,741,1502,0.12597343104678055
770,747,1517,0.12599259271014815
765,743,1508,0.12598982466190023
763,735,1498,0.12600071803636712
770,744,1514,0.12601504392765842
766,746,1512,0.1260102830948532
766,748,1514,0.1260169024404269
759,743,1502,0.1260227158027609
755,753,1508,0.12604412075586877
754,754,1508,0.12607496354304537
753,763,1516,0.1261069896826838
747,755,1502,0.12613899136163853
748,763,1511,0.12618112889531186
755,766,1521,0.12621932012078738
744,771,1515,0.1262376332350511
735,766,1501,0.12628160200253674
737,762,1499,0.12634228858702523
741,756,1497,0.1263912323860876
734,755,1489,0.12642644136469738
742,762,1504,0.12647726410144886
736,761,1497,0.1265073068932326
728,772,1500,0.12654835885271648
718,762,1480,0.1266048366648747
726,769,1495,0.12667653572417217
732,777,1509,0.12672416149111182
741,779,1520,0.12675641702156493
746,780,1526,0.1267634968663377
736,774,1510,0.12676056869959273
737,775,1512,0.12678302267641756
735,776,1511,0.12679927437350128
750,773,1523,0.12682222837533008
742,773,1515,0.12681111636954337
740,783,1523,0.12681796601309966
742,793,1535,0.12682990232949104
726,787,1513,0.12683704287926068
729,783,1512,0.12687875438320276
731,782,1513,0.12691192397847734
727,777,1504,0.12693762978046547
721,783,1504,0.1269717770258743
723,786,1509,0.1270167623059496
726,787,1513,0.12705384677784282
723,783,1506,0.12708041621098445
727,781,1508,0.127114868270123
721,777,1498,0.1271404836395069
718,777,1495,0.1271767137674241
719,777,1496,0.1272176294537776
720,786,1506,0.12725224667681428
711,788,1499,0.127283289089909
721,790,1511,0.12733404316005445
723,802,1525,0.12735854574786035
724,800,1524,0.12737689444883402
717,798,1515,0.12739274896872457
711,794,1505,0.12742442367286347
712,795,1507,0.12746857815291487
705,787,1492,0.1275057856121476
712,790,1502,0.1275565190772903
706,786,1492,0.1275868223774776
708,788,1496,0.1276300663669749
701,789,1490,0.1276622070658518
712,790,1502,0.12770876166753775
715,791,1506,0.12772632282226493
711,786,1497,0.127736021864212
708,796,1504,0.12775611216233945
705,796,1501,0.12778202605368327
722,797,1519,0.12781188937255786
716,798,1514,0.127800834302588
718,798,1516,0.12780510465628017
715,793,1508,0.12780534561730678
704,796,1500,0.1278137198882672
703,800,1503,0.1278459086795428
712,800,1512,0.12787867828631266
714,807,1521,0.127889123661875
724,802,1526,0.12789458103560836
718,792,1510,0.1278758894904137
713,791,1504,0.12787295114561098
712,796,1508,0.12788340927900094
708,790,1498,0.12789737764657164
716,784,1500,0.12791979340972984
718,793,1511,0.12791910053780725
717,797,1514,0.12791556891212483
722,791,1513,0.1279164161926494
709,791,1500,0.12790557089418453
714,800,1514,0.12792557220291886
713,794,1507,0.12793052038796332
715,800,1515,0.12793928668939325
712,794,1506,0.12794251747799326
701,799,1500,0.12795296641679146
698,805,1503,0.1279876508892187
694,808,1502,0.12802642232422634
691,805,1496,0.1280739767700838
689,796,1485,0.12812583546017242
697,800,1497,0.12817797091319136
709,804,1513,0.12820791257783262
699,812,1511,0.12820731691380527
702,819,1521,0.12823034156477775
704,816,1520,0.1282440922519905
702,804,1506,0.12825415209096533
696,802,1498,0.12826868800202124
703,815,1518,0.12829482458077077
698,806,1504,0.12830101619573606
694,805,1499,0.128318301731477
690,812,1502,0.12834481642890042
692,814,1506,0.1283794883810784
689,822,1511,0.12840516178752215
684,827,1511,0.1284363667362392
691,820,1511,0.12847715048076583
684,814,1498,0.12850053339048143
684,823,1507,0.128537271159097
682,821,1503,0.12857365728695644
672,815,1487,0.1286120656168556
674,810,1484,0.12867267625530845
676,811,1487,0.12872420756385558
674,820,1494,0.12876676504766557
675,823,1498,0.12880986655879045
672,834,1506,0.12884417968796524
675,835,1510,0.12888528833789242
674,833,1507,0.12891754101135347
670,824,1494,0.128951394294739
673,830,1503,0.12899117790888912
673,841,1514,0.1290219512865856
675,835,1510,0.12905056340315982
672,831,1503,0.12907231569450692
671,838,1509,0.12909961033064768
675,838,1513,0.12912499994603593
675,837,1512,0.12914020780828167
681,840,1521,0.1291549402198407
674,843,1517,0.12915393784067647
673,845,1518,0.1291686119180415
667,840,1507,0.129187046279252
659,839,1498,0.1292198981911843
659,839,1498,0.12927091685564543
668,844,1512,0.12931840322852234
662,844,1506,0.12933591057102445
663,834,1497,0.12936667079634545
670,831,1501,0.12939346154105355
677,836,1513,0.12940386612336563
673,841,1514,0.1293953534893083
667,833,1500,0.12939745722960677
664,835,1499,0.12941345113993372
662,831,1493,0.12943533771666943
669,831,1500,0.1294578572138572
667,838,1505,0.12946413170594165
660,842,1502,0.12947523435183747
657,845,1502,0.12950105927710878
662,841,1503,0.12953350136361014
655,849,1504,0.12955376952504113
653,851,1504,0.12958829018607224
657,841,1498,0.12962617546312008
648,844,1492,0.12965282701214112
651,835,1486,0.1296976166975115
656,834,1490,0.1297307994576107
659,846,1505,0.12975020061229914
663,846,1509,0.129762451158744
665,848,1513,0.12976394327448518
667,842,1509,0.1297583447820427
660,841,1501,0.1297500420676281
663,852,1515,0.12975913492427396
661,855,1516,0.129760308603228
653,853,1506,0.12976722570869023
657,843,1500,0.1297929074612021
660,843,1503,0.1298059639755119
655,852,1507,0.12981188778708294
663,851,1514,0.12983023020703058
662,851,1513,0.1298277506736386
664,852,1516,0.1298283968071857
665,854,1519,0.12982405624854054
660,852,1512,0.12981842902271598
653,849,1502,0.12982415792357135
656,846,1502,0.12984589428324703
659,846,1505,0.12985975172447975
662,852,1514,0.1298657794215794
662,856,1518,0.12986489627514725
667,855,1522,0.12986518042845532
656,859,1515,0.12985592669864107
656,860,1516,0.12987333321500755
653,856,1509,0.12988880123388602
661,860,1521,0.12991086759066353
659,862,1521,0.12991134407867047
661,856,1517,0.12991763985931284
662,860,1522,0.1299197556716721
658,853,1511,0.12992077632951776
654,851,1505,0.12993211555329995
653,845,1498,0.1299509243553917
653,854,1507,0.1299701858489965
647,856,1503,0.1299889001242338
641,858,1499,0.1300210691926852
647,863,1510,0.13006600549651506
645,870,1515,0.13009494754877482
639,880,1519,0.13012623377874422
634,859,1493,0.1301682154127437
637,853,1490,0.1302195190639555
647,858,1505,0.13025900401387272
645,860,1505,0.13027106214674317
639,867,1506,0.13028840601060385
634,869,1503,0.13031899622391716
630,867,1497,0.13035810746146828
631,862,1493,0.13040337155615442
640,867,1507,0.1304430345650149
633,866,1499,0.13046066133026632
637,873,1510,0.13049428224246698
629,879,1508,0.13051508012300342
622,875,1497,0.13055263908024314
620,871,1491,0.13060296749534842
620,878,1498,0.13065402166381326
624,890,1514,0.13070356884261722
632,877,1509,0.13074059476165645
626,877,1503,0.1307545598600941
627,876,1503,0.1307810551136298
617,883,1500,0.13080360929741494
619,876,1495,0.13084863440597683
618,878,1496,0.13088679428117164
627,871,1498,0.1309234910763655
637,880,1517,0.13093511530233232
642,877,1519,0.1309242328936835
634,886,1520,0.13090306492865175
636,880,1516,0.13090167683000936
637,876,1513,0.13089717912389331
634,878,1512,0.13089286042940207
639,873,1512,0.1308953203749729
645,871,1516,0.13088580261875374
642,871,1513,0.13086159850316811
637,872,1509,0.13084768515196668
635,878,1513,0.130844556522434
632,881,1513,0.1308481296001779
638,882,1520,0.13086033533458294
634,885,1519,0.13085942644996115
637,880,1517,0.13086705903964885
632,886,1518,0.1308675702589516
633,877,1510,0.13087997941488733
642,876,1518,0.13088886535693842
631,875,1506,0.13087448716641797
627,880,1507,0.1308879288620291
624,883,1507,0.13090922203700742
622,897,1519,0.13093653443787884
617,887,1504,0.13096765842818797
604,883,1487,0.13100868866099696
609,892,1501,0.1310760186110301
607,891,1498,0.13112786580124497
607,889,1496,0.13117928847762758
606,880,1486,0.13122666535385835
601,888,1489,0.13127248852768897
596,883,1479,0.13132690960976393
608,884,1492,0.13138771694708004
612,894,1506,0.13141447104289775
620,889,1509,0.1314315280797566
617,876,1493,0.13142920135344177
622,883,1505,0.13143539697650172
620,880,1500,0.13143017390093903
618,877,1495,0.131430282028647
626,887,1513,0.13143264280879513
617,881,1498,0.13141719908258603
617,885,1502,0.13142378172395708
613,887,1500,0.13143117668637316
620,896,1516,0.1314464176318686
624,889,1513,0.13144446889828285
622,891,1513,0.13143497605069857
624,895,1519,0.13143091184232975
619,895,1514,0.13142515341850142
613,889,1502,0.1314320888967237
612,894,1506,0.1314517672948959
621,894,1515,0.1314738242919372
617,893,1510,0.13147365176257758
612,878,1490,0.13148100839839771
618,884,1502,0.13149945057096246
623,897,1520,0.13150372290909107
615,897,1512,0.13149704651307784
614,901,1515,0.131509888172851
611,899,1510,0.13152501733336575
617,900,1517,0.13154569273628558
618,892,1510,0.13155080905367392
619,894,1513,0.1315546875731891
619,891,1510,0.1315562463121671
620,893,1513,0.13155695198827455
615,891,1506,0.13155509221227069
621,887,1508,0.13156548280622166
617,896,1513,0.1315621581199975
618,897,1515,0.13156658046806474
607,903,1510,0.13156860133010162
601,905,1506,0.1315958340797562
604,899,1503,0.1316343859236334
606,902,1508,0.1316637456861725
604,909,1513,0.13168755859402656
600,907,1507,0.13171403308389432
599,905,1504,0.13174852557081232
588,898,1486,0.13178303167425048
599,898,1497,0.13184011192341177
595,890,1485,0.1318675513817552
591,890,1481,0.13190094084701226
591,894,1485,0.1319425590212212
597,893,1490,0.13198196165427928
597,895,1492,0.13200328085384488
599,892,1491,0.13202141804425438
596,898,1494,0.13203132917415533
590,899,1489,0.1320466450380995
586,907,1493,0.13207422578455175
587,910,1497,0.13211030825074146
587,902,1489,0.13214164873641232
590,905,1495,0.13217149213326393
594,899,1493,0.13219357870090806
585,903,1488,0.13220357996104454
585,918,1503,0.13223298766145997
586,917,1503,0.1322597190445866
583,922,1505,0.13228387853011891
583,919,1502,0.13231495037270138
586,917,1503,0.1323438987936099
595,923,1518,0.13236532557293307
591,923,1514,0.13236318852819326
587,922,1509,0.13237169361264667
592,926,1518,0.1323889455705689
593,924,1517,0.1323930728411445
592,933,1525,0.1323919495277899
594,936,1530,0.132393823575797
585,926,1511,0.13239331587144312
589,928,1517,0.13241349416153933
586,923,1509,0.1324217775597667
582,915,1497,0.1324370696005945
589,920,1509,0.13246092277108054
600,918,1518,0.13246801270240327
594,912,1506,0.13244820316452632
596,906,1502,0.13244293956869402
599,904,1503,0.13243500794883892
594,907,1501,0.1324203117828156
590,920,1510,0.13241940489686546
581,922,1503,0.13242710439076066
577,926,1503,0.13245405304603558
581,934,1515,0.1324862687506017
570,922,1492,0.13250871039440004
569,919,1488,0.13255526937941461
578,919,1497,0.13260150176597232
581,912,1493,0.13262337220698672
586,920,1506,0.13263609707051496
581,912,1493,0.13263617377764278
580,910,1490,0.1326489703322116
588,912,1500,0.13266066303618967
587,921,1508,0.13265046403814496
584,924,1508,0.1326438644494614
585,925,1510,0.13264660268331338
591,916,1507,0.13264490867398657
583,919,1502,0.132629950614961
583,905,1488,0.13263505350936058
589,905,1494,0.13263888669159626
593,910,1503,0.13262959383474535
595,906,1501,0.1326112057967803
595,904,1499,0.13258964040706256
598,897,1495,0.13256636957786289
598,909,1507,0.13253719266246766
601,911,1512,0.1325104700211859
598,915,1513,0.1324795030547457
603,919,1522,0.1324589633861975
602,909,1511,0.13242683707691497
596,911,1507,0.13239979985447284
594,912,1506,0.1323903472320993
589,912,1501,0.13238703843810426
595,900,1495,0.13239406708510398
593,907,1500,0.13238644646602102
601,907,1508,0.13238638120189045
610,914,1524,0.13236689610379573
610,905,1515,0.13232983186984348
604,895,1499,0.13229507295554363
603,904,1507,0.13227621369437798
606,902,1508,0.13226054224253628
594,906,1500,0.13224038626959128
600,907,1507,0.13224646403354756
612,911,1523,0.13223995490021292
601,919,1520,0.13220578560502858
595,914,1509,0.1321980137077899
593,917,1510,0.13220675524460723
598,918,1516,0.1322184877609569
589,908,1497,0.13222013285307593
592,916,1508,0.13224360058009627
594,917,1511,0.13225868276384614
594,916,1510,0.13226971941177637
597,918,1515,0.1322798685615446
595,907,1502,0.1322809540129135
591,906,1497,0.13228684048796358
596,902,1498,0.13230196387331947
605,908,1513,0.13230368719429206
613,919,1532,0.13228403743636516
614,919,1533,0.13224749000462827
606,909,1515,0.13221320763436942
603,911,1514,0.13220106432385528
596,920,1516,0.13219479916578025
589,921,1510,0.13220475497983572
586,910,1496,0.13223101495722522
589,916,1505,0.1322627768897728
585,906,1491,0.13228450194958913
584,910,1494,0.1323148894435641
593,916,1509,0.13234572157865
594,912,1506,0.13235441195336137
595,914,1509,0.13235959780090883
596,917,1513,0.13236339329524965
589,917,1506,0.13236252104659274
591,920,1511,0.13237675482468247
585,910,1495,0.13238829011246006
593,921,1514,0.13241167914327778
587,925,1512,0.13241562138469937
581,921,1502,0.13243147343111203
587,921,1508,0.1324595026031558
591,927,1518,0.13247177999655782
597,921,1518,0.13247339393880142
597,917,1514,0.13245939622398098
585,920,1505,0.13244521708927984
592,926,1518,0.13246041980474016
587,928,1515,0.13246047183397608
580,924,1504,0.13247410848568467
580,931,1511,0.13250148034105272
576,924,1500,0.1325266912627119
571,912,1483,0.13255790354451347
577,916,1493,0.13259845725005923
586,909,1495,0.13262319080556143
589,905,1494,0.1326243591622116
582,914,1496,0.13261833219317995
571,920,1491,0.13262903741959062
575,931,1506,0.13266347097261802
582,935,1517,0.13268919219857264
583,936,1519,0.13269691256462537
576,933,1509,0.13270218593533156
578,938,1516,0.132722455628636
569,929,1498,0.1327344368042584
570,929,1499,0.1327684327134
584,927,1511,0.1327984725180928
585,914,1499,0.13279223176726165
593,921,1514,0.13278527550711933
589,930,1519,0.13276186553699
593,931,1524,0.13275014975334812
586,925,1511,0.13273197715914734
588,930,1518,0.1327294971154932
592,928,1520,0.13272263309123955
589,924,1513,0.1327065625102751
580,931,1511,0.13269885563577336
590,932,1522,0.13271346327827765
587,926,1513,0.13270023916142423
587,933,1520,0.1326965220753855
590,923,1513,0.1326935340307325
587,927,1514,0.1326857059823957
597,925,1522,0.13268618606468344
594,922,1516,0.13266066719994632
597,928,1525,0.13264424986085224
591,927,1518,0.13262077931569957
579,934,1513,0.13261469084267138
578,933,1511,0.13263603508002225
575,931,1506,0.13265755712547475
575,931,1506,0.13268495643975395
577,924,1501,0.13270998848600984
576,924,1500,0.13272861939698746
587,920,1507,0.13274800414309695
586,919,1505,0.13273998505362333
580,919,1499,0.132735902632899
586,910,1496,0.13274433000172195
585,921,1506,0.13273753626368257
584,928,1512,0.13273526920313786
586,923,1509,0.13273645468018522
580,931,1511,0.13273342155638015
573,934,1507,0.1327455437708243
568,939,1507,0.13277271167806706
568,926,1494,0.13281050420181018
561,911,1472,0.13284446845011094
569,921,1490,0.1328911813472019
568,928,1496,0.1329141580184212
569,935,1504,0.13293801008736694
569,931,1500,0.132958864183991
569,929,1498,0.13297631008632224
574,927,1501,0.13299482393566414
577,929,1506,0.13299787801653143
584,926,1510,0.13299417544192754
582,935,1517,0.13297393322585335
581,930,1511,0.13296162321736307
570,930,1500,0.13295293748194056
570,942,1512,0.1329685770223413
567,937,1504,0.1329867778135858
572,946,1518,0.1330107112663407
564,936,1500,0.13302066086051714
563,934,1497,0.13304679581373122
562,938,1500,0.13307407211229796
554,935,1489,0.13310125053869354
555,944,1499,0.13314616643541904
562,927,1489,0.13318659058332188
570,926,1496,0.13320783880975062
562,936,1498,0.13320918529435183
562,940,1502,0.1332241597442631
574,931,1505,0.1332380911481641
570,943,1513,0.133224005089704
570,940,1510,0.13322133125103386
565,937,1502,0.1332206938120488
565,948,1513,0.13323002154780755
555,947,1502,0.13324006709439692
555,952,1507,0.133273487443912
555,956,1511,0.13330421618584803
563,959,1522,0.13333139360706278
565,950,1515,0.13333976067721354
559,946,1505,0.13334200959917822
568,947,1515,0.13335869217757104
567,954,1521,0.13335219961468256
566,937,1503,0.1333475458939463
569,933,1502,0.13334635044401183
573,944,1517,0.13333757001744065
567,938,1505,0.1333221482081202
568,948,1516,0.13332109458356428
562,950,1512,0.13331920113415333
553,952,1505,0.13333128295736882
555,953,1508,0.13336191525615904
563,953,1516,0.1333868193349876
563,954,1517,0.13339206070434773
560,944,1504,0.13339670346991483
567,944,1511,0.1334075674075652
570,951,1521,0.1333990817586009
566,951,1517,0.13338154312588602
565,944,1509,0.13337539304972912
563,947,1510,0.13337368621548049
562,937,1499,0.13337737419183252
569,939,1508,0.1333841622212769
566,941,1507,0.13337340468922668
564,935,1499,0.13336945517893695
559,941,1500,0.13337036829575505
560,946,1506,0.1333821924764521
557,954,1511,0.13339083476946237
551,950,1501,0.13340692814253696
550,954,1504,0.13343589405614445
558,958,1516,0.13346600456751986
553,962,1515,0.13347639986216822
550,956,1506,0.13349624944152258
551,958,1509,0.1335215578835772
551,959,1510,0.13354271589783046
551,957,1508,0.13356408665691966
548,959,1507,0.13358425808501662
552,962,1514,0.13360852424654798
543,968,1511,0.13362176250605248
549,964,1513,0.13365383634459688
550,969,1519,0.13367173269606508
551,971,1522,0.13368615442088685
557,962,1519,0.1336988585489804
559,957,1516,0.1336959962070473
558,953,1511,0.13368972313629654
553,953,1506,0.13368409410590693
548,951,1499,0.13369079123011557
556,963,1519,0.1337059190562991
556,965,1521,0.1337034479086597
548,966,1514,0.1337017722455922
541,957,1498,0.13371871181082712
546,958,1504,0.1337523925701695
546,946,1492,0.13377109827274347
550,953,1503,0.1337888913099282
539,963,1502,0.13379675488945533
544,961,1505,0.13383011702175474
530,959,1489,0.13385098056626948
528,961,1489,0.1338990120021534
529,974,1503,0.13394738906236578
526,974,1500,0.13398891197092005
526,964,1490,0.13403348813130345
534,969,1503,0.1340759002124004
530,977,1507,0.13409774758022253
522,973,1495,0.13412896692392465
522,971,1493,0.13417290435419388
514,962,1476,0.13421667920294925
522,963,1485,0.1342771403531986
519,968,1487,0.13431335475087183
529,982,1511,0.13435296873791297
529,977,1506,0.13436790913503446
531,982,1513,0.13438220526070674
525,974,1499,0.13439077070379887
517,995,1512,0.1344142248416429
521,990,1511,0.1344552297485556
520,986,1506,0.134485339226897
520,987,1507,0.13451489536378233
523,987,1510,0.13454362696067707
520,979,1499,0.13456396345789312
524,988,1512,0.13459155771408884
525,991,1516,0.1346058026493854
517,998,1515,0.13461622442101323
518,989,1507,0.13464601317673386
516,994,1510,0.13467208746689596
504,1000,1504,0.13469938084125557
495,1008,1503,0.13475322188022087
502,1000,1502,0.13482586436291383
497,998,1495,0.13487720359475314
501,1000,1501,0.13493604009937782
505,1003,1508,0.13497899871619431
508,1004,1512,0.13500967288135518
512,999,1511,0.1350297957632992
519,997,1516,0.13504045974901324
514,993,1507,0.13503550162872116
509,993,1502,0.13504316198709745
503,992,1495,0.13506220775257066
501,990,1491,0.1350942210916954
503,998,1501,0.13513041863708974
500,1012,1512,0.13515950764882725
500,1008,1508,0.13519185161911434
502,1008,1510,0.13522255798415067
499,1000,1499,0.13524656677897282
501,1003,1504,0.1352756455656162
494,1008,1502,0.13529984052564237
496,1015,1511,0.13534098822018323
497,1008,1505,0.13537318230357986
496,1008,1504,0.13540183626563698
487,1008,1495,0.13543084773671732
481,1014,1495,0.13547769083715624
489,1021,1510,0.13553516911079064
495,1027,1522,0.1355704713446541
488,1030,1518,0.13558994766931376
484,1023,1507,0.13562733430655086
478,1016,1494,0.13567123875931417
476,1019,1495,0.13572424434246333
477,1031,1508,0.13578027292664271
481,1032,1513,0.13583018860672172
477,1042,1519,0.13586796643992383
486,1032,1518,0.13591068371972267
482,1045,1527,0.13593027761994292
470,1038,1508,0.13595864620102804
469,1046,1515,0.1360129576816428
470,1041,1511,0.1360640295570546
472,1044,1516,0.1361104778559704
470,1037,1507,0.13614945091123917
477,1034,1511,0.13618906396347902
474,1034,1508,0.1362106190968249
469,1031,1500,0.13623894639470596
470,1036,1506,0.1362759601162195
470,1042,1512,0.13630891351780433
472,1051,1523,0.13633992109840182
471,1052,1523,0.13636419093365998
471,1049,1520,0.1363906693502266
466,1048,1514,0.1364166182419803
465,1053,1518,0.1364536637678571
457,1046,1503,0.13649134907089713
457,1046,1503,0.1365422219767854
453,1037,1490,0.13659235660023133
452,1036,1488,0.13664838014001326
450,1051,1501,0.13670391207520632
441,1051,1492,0.13675880519378958
441,1049,1490,0.136830278843512
440,1054,1494,0.13689572283520263
438,1069,1507,0.1369601308087882
438,1082,1520,0.137026686346882
431,1072,1503,0.13708940786976562
434,1073,1507,0.1371627115703342
422,1079,1501,0.13722560911657053
416,1078,1494,0.13731141121630316
419,1073,1492,0.13740535083881375
418,1070,1488,0.13748530322595598
417,1084,1501,0.13756228573247958
424,1073,1497,0.1376347397974718
434,1064,1498,0.13768469549733287
428,1071,1499,0.13770637516750583
430,1073,1503,0.13774220241658994
427,1062,1489,0.13777269797186947
426,1073,1499,0.1378084045537364
428,1079,1507,0.13784473528045582
421,1076,1497,0.1378737044067879
421,1080,1501,0.1379185217716062
416,1083,1499,0.13796050129387344
413,1083,1496,0.1380116981502816
415,1093,1508,0.13806800226652935
415,1080,1495,0.13811556452064913
421,1083,1504,0.13816057073600999
419,1074,1493,0.13819022493127536
416,1080,1496,0.13822252724282583
425,1066,1491,0.13826058490080967
432,1074,1506,0.13827192374411135
433,1079,1512,0.13826566152054276
430,1082,1512,0.1382547515357695
432,1076,1508,0.13824941000011604
432,1089,1521,0.13823874504021744
433,1089,1522,0.13823083497156213
431,1077,1508,0.13822296900016073
422,1084,1506,0.1382206968212312
426,1089,1515,0.13823900056250094
426,1082,1508,0.13824612533409325
423,1074,1497,0.1382522146897875
422,1072,1494,0.13826490460596993
431,1078,1509,0.1382786767944383
434,1066,1500,0.13827040098738674
435,1064,1499,0.1382545206637708
435,1066,1501,0.13823854210666195
432,1087,1519,0.13822372199502353
438,1086,1524,0.1382174605944104
432,1089,1521,0.13819683005208813
434,1085,1519,0.13819268491553707
433,1079,1512,0.13818522189220941
433,1076,1509,0.1381819413901167
425,1068,1493,0.13817725861276706
430,1080,1510,0.13819333708056503
430,1075,1505,0.13819771143314497
437,1086,1523,0.13820310476393413
430,1086,1516,0.13819382423154636
429,1089,1518,0.13820173367800925
428,1085,1513,0.13821245449362052
435,1079,1514,0.13822504831416968
432,1076,1508,0.13822161631230123
436,1077,1513,0.13822423715778845
426,1079,1505,0.13821738259494437
425,1083,1508,0.13823523882780553
421,1084,1505,0.1382534713658861
415,1080,1495,0.13827992587286414
420,1093,1513,0.13831786810480765
420,1089,1509,0.13834388654471647
415,1095,1510,0.13836811970162127
412,1098,1510,0.1384023211684607
403,1103,1506,0.13844008605181032
402,1105,1507,0.13849582999113041
408,1099,1507,0.13854969412140072
406,1105,1511,0.13858640647319265
402,1104,1506,0.13862451296781286
401,1106,1507,0.13866878928815315
405,1108,1513,0.1387107739307014
404,1111,1515,0.13874040153746095
406,1106,1512,0.13877117152993285
402,1106,1508,0.1387945405376701
403,1115,1518,0.13882435776641175
400,1107,1507,0.138852347128564
397,1118,1515,0.1388852034842323
401,1113,1514,0.13892436798603072
403,1106,1509,0.13895155245194724
409,1094,1503,0.13897309103602973
407,1109,1516,0.13897757720246978
406,1106,1512,0.13898529161728934
406,1113,1519,0.13899683420146125
397,1120,1517,0.13900808415473612
397,1111,1508,0.13903950907571172
395,1116,1511,0.139069239248384
391,1119,1510,0.13910115829467745
390,1110,1500,0.13913888405600766
397,1106,1503,0.139177731860555
399,1109,1508,0.13919695138640073
405,1120,1525,0.1392101396674341
404,1122,1526,0.13920668169931616
400,1127,1527,0.1392065786216792
398,1131,1529,0.1392157983066843
397,1117,1514,0.13923109351688243
387,1125,1512,0.1392492327963278
389,1121,1510,0.13928667305680587
388,1114,1502,0.13931613276106816
381,1107,1488,0.1393460975118063
389,1114,1503,0.13939129400269723
387,1124,1511,0.139415835567164
391,1125,1516,0.13944297139832554
386,1127,1513,0.13945863810843043
385,1124,1509,0.13948543296334434
394,1120,1514,0.1395132605823301
393,1121,1514,0.13951510954920374
397,1124,1521,0.13951805111581694
389,1132,1521,0.13951291488345618
383,1136,1519,0.13952704086025014
386,1133,1519,0.1395539593558425
384,1125,1509,0.139572502869337
378,1114,1492,0.13959608053866293
375,1129,1504,0.13963192029728144
378,1122,1500,0.13967276223687833
377,1135,1512,0.1397036095815906
380,1138,1518,0.1397332339005302
375,1126,1501,0.13975351286296703
377,1135,1512,0.13978334489752148
370,1128,1498,0.1398053511260748
374,1139,1513,0.1398420423127306
373,1146,1519,0.13986916982084371
366,1146,1512,0.13989763400334368
364,1140,1504,0.13994055114150253
369,1140,1509,0.1399848193748793
377,1141,1518,0.14001518200626975
375,1128,1503,0.14002446980525327
375,1115,1490,0.1400379715035119
372,1132,1504,0.140050314040662
373,1133,1506,0.14007008685860223
374,1135,1509,0.14008666867074207
369,1142,1511,0.14009872610753868
370,1147,1517,0.1401224310953952
368,1154,1522,0.14014340869778252
369,1153,1522,0.14016738638450443
366,1162,1528,0.14018864614931023
361,1143,1504,0.14021461688959203
359,1125,1484,0.140250971705876
358,1135,1493,0.1402905548776245
361,1133,1494,0.14033007225190133
363,1150,1513,0.14035741760096201
355,1163,1518,0.14037751804798723
359,1171,1530,0.14041542581215538
356,1158,1514,0.14044188560318552
352,1151,1503,0.14047408590041058
351,1164,1515,0.14051443001264666
351,1171,1522,0.14055492983029536
351,1166,1517,0.14059232025118873
353,1164,1517,0.14062678423243624
355,1169,1524,0.14065588847187396
352,1172,1524,0.14067896705367622
346,1169,1515,0.1407094491978569
350,1170,1520,0.14075362182691742
345,1179,1524,0.1407852125255893
340,1194,1534,0.14082744888867668
336,1186,1522,0.14087769590425891
334,1176,1510,0.14093398560113354
338,1172,1510,0.140990252442617
332,1174,1506,0.1410331166965614
328,1182,1510,0.14108649878625215
332,1198,1530,0.14114564541601582
338,1186,1524,0.1411914832840196
337,1187,1524,0.14121982149770854
333,1193,1526,0.14124962705130079
339,1176,1515,0.14128711599867377
331,1171,1502,0.141306641358546
327,1177,1504,0.14134545993371295
323,1188,1511,0.1413908487210052
325,1181,1506,0.14144304072182654
328,1185,1513,0.1414878359185043
326,1193,1519,0.14152347282072752
328,1198,1526,0.1415607997743933
323,1185,1508,0.14158991439337643
326,1195,1521,0.1416299085459102
327,1191,1518,0.1416596959489996
322,1189,1511,0.14168516406636691
325,1191,1516,0.14171989158768106
326,1193,1519,0.1417456675932593
327,1194,1521,0.1417668183321143
323,1197,1520,0.1417849574838694
325,1189,1514,0.14181091438057153
328,1206,1534,0.14183012060548927
324,1198,1522,0.1418404731981537
331,1198,1529,0.14185862851679107
332,1186,1518,0.14185947839898602
330,1183,1513,0.14185942654279537
323,1196,1519,0.14186534857283942
320,1196,1516,0.14188712891729047
317,1194,1511,0.14191422300911735
306,1191,1497,0.14194655881842394
312,1192,1504,0.14200267504281322
312,1179,1491,0.14204275827475107
314,1197,1511,0.14207834273106382
313,1195,1508,0.14210651021855444
311,1188,1499,0.1421342808401947
307,1200,1507,0.1421663964965726
312,1212,1524,0.14220521885859147
310,1204,1514,0.1422273487994542
307,1202,1509,0.14225393324311245
307,1207,1514,0.14228486449555788
305,1199,1504,0.14231424848503632
308,1200,1508,0.14234446427304928
302,1187,1489,0.14236565455033173
308,1180,1488,0.14239871917990418
308,1192,1500,0.14241868739627425
300,1204,1504,0.14243622482616608
306,1212,1518,0.1424718001232652
303,1214,1517,0.14249227984293178
307,1212,1519,0.1425189149862714
302,1202,1504,0.14253394829411314
302,1202,1504,0.14256079630156882
301,1208,1509,0.14258653167857452
287,1211,1498,0.14261239137818543
290,1209,1499,0.1426681535853242
296,1218,1514,0.14271382859924356
295,1226,1521,0.14274317021500055
292,1232,1524,0.14277202878958412
301,1230,1531,0.14280557308297312
301,1227,1528,0.14281570207579541
293,1214,1507,0.1428247316143443
295,1212,1507,0.142852037120133
298,1224,1522,0.14287229299413184
297,1226,1523,0.14288499938052787
299,1233,1532,0.14289992087029624
303,1224,1527,0.1429095415275216
299,1225,1524,0.14290906250514337
295,1219,1514,0.142920050152749
293,1218,1511,0.1429393020294078
293,1219,1512,0.14296146098838378
296,1224,1520,0.1429809268644645
291,1235,1526,0.14299289029759354
285,1235,1520,0.14301525326749828
290,1238,1528,0.14304992386235132
290,1228,1518,0.1430705381954735
284,1241,1525,0.14308965188229167
282,1235,1517,0.1431217416169504
284,1234,1518,0.14315484776455406
291,1231,1522,0.14318141121453887
291,1222,1513,0.1431906479417005
290,1220,1510,0.14320050347648064
286,1227,1513,0.14321238088969906
286,1210,1496,0.14323219189651454
286,1222,1508,0.14324977635552455
285,1230,1515,0.14326705065921477
282,1224,1506,0.14328410556975116
281,1224,1505,0.14330680486898278
286,1233,1519,0.14332986141958556
290,1238,1528,0.14333966330907544
296,1226,1522,0.14333688099559386
293,1235,1528,0.14332087409323188
293,1229,1522,0.14331341008464546
295,1221,1516,0.14330635243988338
298,1221,1519,0.14329503039715966
299,1228,1527,0.14327821081459238
295,1234,1529,0.1432603207552814
294,1228,1522,0.14325406675453917
296,1228,1524,0.14325167803354108
296,1223,1519,0.14324445879943182
294,1218,1512,0.1432375005145592
289,1214,1503,0.14323612827899881
292,1222,1514,0.14324623959897478
292,1231,1523,0.14324950893372138
297,1223,1520,0.14325179791036427
295,1214,1509,0.14324186997603858
292,1221,1513,0.1432375724041736
286,1228,1514,0.14324169931586694
282,1221,1503,0.1432584537277865
287,1229,1516,0.14328430341107912
288,1240,1528,0.14329580957888866
288,1231,1519,0.14330490141153124
288,1232,1520,0.14331329758949868
285,1237,1522,0.1433216339969031
285,1242,1527,0.1433362862110779
283,1242,1525,0.1433499530326866
283,1249,1532,0.14336720870289124
279,1237,1516,0.14338435228875995
279,1229,1508,0.14341031952618544
282,1234,1516,0.1434338195032054
277,1231,1508,0.14344826237684852
279,1226,1505,0.14347434154227273
275,1238,1513,0.1434938429766154
270,1231,1501,0.14352180581853993
276,1236,1512,0.14355917056400688
274,1241,1515,0.14358155660507257
274,1237,1511,0.1436053523121195
276,1241,1517,0.14362889173497456
276,1247,1523,0.143645363006347
278,1250,1528,0.14366105700829648
277,1240,1517,0.14367001313714023
277,1250,1527,0.14368291163807517
272,1243,1515,0.14369427491142905
276,1248,1524,0.1437150357564879
280,1255,1535,0.14372573222407184
273,1246,1519,0.14372691297588172
276,1237,1513,0.14374374538127582
270,1240,1510,0.1437518833018263
263,1246,1509,0.14377259038387855
261,1249,1510,0.14381003554773017
262,1257,1519,0.14384977240709787
259,1259,1518,0.143885789826771
258,1267,1525,0.14392680821484846
253,1261,1514,0.14396709246047446
256,1262,1518,0.14401689782809068
254,1250,1504,0.14405694299695923
247,1253,1500,0.1440997895675709
247,1257,1504,0.14415516582392698
253,1252,1505,0.14420564815466771
253,1246,1499,0.14423755331533397
254,1249,1503,0.14426875954099377
250,1236,1486,0.1442963009342125
256,1232,1488,0.1443300832094494
252,1242,1494,0.14434785565213287
249,1249,1498,0.14437431103551684
250,1248,1498,0.1444053017713238
257,1244,1501,0.1444326210772674
261,1249,1510,0.14443954281925772
263,1249,1512,0.14443662088297377
263,1255,1518,0.14442915020128946
262,1256,1518,0.14442307826025316
259,1260,1519,0.144420632245778
258,1262,1520,0.14442634357716008
259,1268,1527,0.1444351162723482
251,1268,1519,0.14444154484396068
252,1263,1515,0.14446490869407436
248,1256,1504,0.14448525736735554
252,1261,1513,0.1445137821944559
249,1264,1513,0.1445321552010544
243,1270,1513,0.1445559389837672
242,1269,1511,0.14459063371917288
242,1259,1501,0.1446267033857915
243,1259,1502,0.1446610742396388
242,1273,1515,0.14469228189180888
246,1268,1514,0.14472280683451985
248,1278,1526,0.14474194515256777
241,1265,1506,0.14475461823708777
239,1285,1524,0.14478253160946322
234,1283,1517,0.1448127772253778
236,1281,1517,0.1448521677001694
237,1284,1521,0.14488458157072848
234,1288,1522,0.144913601193137
237,1286,1523,0.14494685757410586
239,1284,1523,0.14497193369151046
233,1276,1509,0.14498959529944958
237,1271,1508,0.14502147121412945
232,1271,1503,0.14504252711156906
231,1272,1503,0.14507362958072087
227,1274,1501,0.1451045496331242
223,1272,1495,0.1451427006019455
225,1280,1505,0.14518583836790053
231,1273,1504,0.14522186317201796
236,1278,1514,0.14524208121309956
230,1280,1510,0.1452478153247906
231,1278,1509,0.1452677123463243
225,1271,1496,0.14528448689989695
229,1272,1501,0.14531339992400671
227,1272,1499,0.14533211034134896
224,1267,1491,0.1453539501570243
225,1285,1510,0.14538154031675993
225,1280,1505,0.14540444200681793
230,1281,1511,0.14542724687409217
226,1278,1504,0.1454372897551088
223,1282,1505,0.14545538517969667
222,1291,1513,0.14547882488312688
219,1290,1509,0.1455015560943933
217,1291,1508,0.14553050123279124
217,1293,1510,0.145562692742691
222,1307,1529,0.14559410893232122
221,1315,1536,0.1456125623082969
216,1309,1525,0.14563270701025754
218,1299,1517,0.14566180416908694
225,1294,1519,0.14568455937347374
224,1285,1509,0.14568906595106
226,1289,1515,0.14569566815841076
224,1285,1509,0.1456977573201511
224,1282,1506,0.1457046391209962
224,1283,1507,0.14571074218285524
216,1291,1507,0.14571769034038706
215,1306,1521,0.1457435005174795
215,1302,1517,0.14577020108186262
212,1299,1511,0.14579410430739914
208,1294,1502,0.14582394652567512
216,1297,1513,0.14586045762591074
213,1293,1506,0.14587570725640947
207,1304,1511,0.1458984080312919
208,1304,1512,0.1459331033270644
206,1302,1508,0.14596429562888472
204,1293,1497,0.1459977987611073
206,1303,1509,0.14603279252121656
208,1299,1507,0.14606117527835313
210,1311,1521,0.14608339283021357
208,1311,1519,0.14609716994348396
211,1303,1514,0.1461139859371594
211,1313,1524,0.14612225121468797
210,1310,1520,0.14613031838318785
210,1297,1507,0.14614160517145022
213,1311,1524,0.14615414188618245
213,1306,1519,0.1461582724493147
212,1311,1523,0.1461633465820113
215,1314,1529,0.146171454202463
212,1313,1525,0.1461714146200964
207,1319,1526,0.14617920160917305
211,1327,1538,0.14619787320292027
208,1327,1535,0.14620727961824348
205,1309,1514,0.14622279413643505
205,1315,1520,0.14624508269523967
205,1306,1511,0.14626577699039361
208,1311,1519,0.14628363692787918
202,1321,1523,0.1462942962512024
201,1320,1521,0.14631865352306267
205,1306,1511,0.14634307434292215
204,1323,1527,0.14635679323510936
203,1327,1530,0.14637249887042802
203,1325,1528,0.14638989030392843
196,1316,1512,0.14640698381524872
199,1305,1504,0.1464387784180807
198,1318,1516,0.14646024962575102
203,1315,1518,0.14648350546074945
203,1309,1512,0.1464935845693775
200,1315,1515,0.14650171715980723
201,1307,1508,0.1465160767560279
197,1316,1513,0.1465282048815425
200,1324,1524,0.14654776444067522
194,1327,1521,0.14655958149726606
196,1338,1534,0.1465852541576002
194,1330,1524,0.14660521984082361
192,1324,1516,0.14662825528677298
193,1321,1514,0.14665561083996867
193,1333,1526,0.14667874708464018
187,1338,1525,0.1466993820071591
184,1318,1502,0.14673309891614839
193,1328,1521,0.14677146022492507
192,1316,1508,0.1467849747549541
191,1315,1506,0.14680062384778714
195,1317,1512,0.146815572738435
192,1329,1521,0.14682112659408111
187,1328,1515,0.1468329063979005
191,1319,1510,0.14685592965922034
188,1328,1516,0.1468678561734854
193,1321,1514,0.14688591916701912
198,1312,1510,0.14689090166848978
199,1320,1519,0.14688311583774097
198,1327,1525,0.14687232172536896
196,1326,1522,0.146865672327763
197,1327,1524,0.14686370470808296
201,1318,1519,0.14686025133366282
198,1319,1517,0.1468475764156872
196,1313,1509,0.14684179141202286
194,1321,1515,0.1468415583000505
191,1332,1523,0.14684672034137125
188,1322,1510,0.14686007713374175
188,1317,1505,0.14687873934830012
188,1318,1506,0.14689631264847464
183,1319,1502,0.14691388056738142
187,1315,1502,0.14694115259238105
193,1314,1507,0.1469580714001205
195,1328,1523,0.14695914159048065
190,1325,1515,0.1469550732352101
187,1330,1517,0.14696288809963384
187,1324,1511,0.14697752366575279
185,1317,1502,0.1469910107882772
185,1329,1514,0.14700800165042657
184,1338,1522,0.14702343275646665
186,1332,1518,0.14704107296522653
183,1322,1505,0.14705179455319012
187,1319,1506,0.14706740942350432
187,1316,1503,0.14707243505527431
187,1308,1495,0.14707766907470873
185,1310,1495,0.14708299825005797
186,1316,1502,0.14709357090463548
186,1312,1498,0.14709710246355756
182,1313,1495,0.14710071812903336
188,1316,1504,0.14711324152771807
184,1338,1522,0.1471107410053788
183,1327,1510,0.14711893033458526
182,1327,1509,0.14712977661524299
182,1327,1509,0.14714330575195492
186,1327,1513,0.14715710022981274
189,1331,1520,0.14716026010650968
189,1331,1520,0.14715705854354477
186,1326,1512,0.14715255176262873
188,1329,1517,0.14715692483289425
190,1341,1531,0.14715662242645894
185,1338,1523,0.14715223909266464
180,1334,1514,0.14716005354836287
182,1335,1517,0.14717765974336264
176,1335,1511,0.14718857331702093
182,1331,1513,0.1472139926947603
186,1345,1531,0.14722426920897774
176,1340,1516,0.1472249313868814
174,1348,1522,0.147248911814524
171,1343,1514,0.1472774455799445
172,1353,1525,0.14731098921124894
172,1351,1523,0.14734041972929482
173,1350,1523,0.147368166046846
174,1343,1517,0.14739168519061485
175,1346,1521,0.14741064926931796
177,1348,1525,0.1474265512730598
170,1337,1507,0.1474374123450434
173,1357,1530,0.14746365841903697
170,1349,1519,0.1474807297471704
168,1347,1515,0.14750368123948943
167,1349,1516,0.1475301076954124
168,1354,1522,0.14755786435449145
168,1361,1529,0.14757973786412035
169,1356,1525,0.14760077493846094
169,1356,1525,0.14761629077242758
169,1339,1508,0.1476311010825156
171,1336,1507,0.14764626565348807
176,1338,1514,0.14765611738491285
177,1340,1517,0.14765185906176037
178,1346,1524,0.1476447933501473
175,1350,1525,0.1476355844477316
175,1353,1528,0.14763356489444096
174,1329,1503,0.14763045475744568
180,1328,1508,0.14763102296030833
181,1343,1524,0.1476187436392875
177,1338,1515,0.14760550669682765
173,1333,1506,0.14760333479916155
173,1329,1502,0.14761060631459483
170,1352,1522,0.14761798184654576
171,1357,1528,0.14763133389822408
172,1331,1503,0.1476421569144491
167,1340,1507,0.14764993978706265
169,1348,1517,0.14766820105114395
168,1356,1524,0.147680717967659
170,1353,1523,0.14769501277428496
165,1354,1519,0.14770292880642744
164,1358,1522,0.14772239737073664
160,1346,1506,0.14774273101456817
163,1344,1507,0.14777194258585755
162,1351,1513,0.14779227974914222
163,1343,1506,0.14781183055215924
168,1346,1514,0.14782861465207076
169,1347,1516,0.14783186806194798
167,1342,1509,0.1478331398521733
171,1356,1527,0.14783828135875748
175,1351,1526,0.14783254775514607
176,1332,1508,0.14781895005234819
175,1334,1509,0.14780372812794496
171,1340,1511,0.14779093375468635
172,1326,1498,0.1477889393382547
170,1336,1506,0.14778566724921996
169,1334,1503,0.14778848296415975
172,1347,1519,0.14779358787261374
173,1341,1514,0.1477909380801815
170,1331,1501,0.14778444669734062
173,1336,1509,0.1477863059976442
175,1334,1509,0.1477812750427977
173,1328,1501,0.14777139632895622
172,1351,1523,0.14776724193278612
169,1348,1517,0.1477664006178351
174,1356,1530,0.1477720889977875
175,1340,1515,0.14776446621038958
173,1334,1507,0.14775381244089358
172,1336,1508,0.147748834498609
175,1325,1500,0.1477476612230931
170,1342,1512,0.1477379724163318
174,1349,1523,0.14774107624083677
177,1349,1526,0.14773458491036734
176,1358,1534,0.14772023005112542
172,1343,1515,0.14770868061732112
172,1347,1519,0.14770776847200862
176,1342,1518,0.1477061778646034
176,1338,1514,0.14769614161401
172,1338,1510,0.14768785864276315
174,1324,1498,0.14769029429955388
173,1336,1509,0.1476873666005562
178,1335,1513,0.14768808458465743
177,1343,1520,0.14767524912440883
176,1357,1533,0.14766616517711242
174,1349,1523,0.14766116787583466
179,1343,1522,0.14766045703867092
175,1338,1513,0.1476483877097388
175,1337,1512,0.14764742269158776
172,1336,1508,0.14764757992511818
169,1330,1499,0.1476537195550883
171,1345,1516,0.14766621122576698
168,1338,1506,0.14767361337865947
167,1334,1501,0.1476868388751406
170,1328,1498,0.14769957200464087
168,1331,1499,0.1477051451449996
175,1338,1513,0.14771474761950001
172,1337,1509,0.14770651435366702
167,1330,1497,0.14770715756036096
163,1341,1504,0.14771923215134605
164,1341,1505,0.14774066941495526
163,1347,1510,0.14775757690248528
164,1352,1516,0.14777537573100116
167,1343,1510,0.14778786232775648
167,1352,1519,0.14779140001869137
172,1355,1527,0.14779515801972423
170,1338,1508,0.14778658730583416
167,1354,1521,0.14778522832082053
167,1367,1534,0.14779023239741546
166,1360,1526,0.14779579736995266
167,1359,1526,0.14780289963908883
163,1341,1504,0.1478082746167617
161,1342,1503,0.14782332049318275
166,1341,1507,0.14784229435872337
164,1339,1503,0.14784682605217964
159,1344,1503,0.14785556521454463
155,1343,1498,0.14787541099085105
153,1352,1505,0.14790383403768115
155,1360,1515,0.14793577514249187
157,1354,1511,0.1479612935136798
153,1337,1490,0.14797943267098257
157,1346,1503,0.14800616219026563
160,1356,1516,0.14802174123585188
162,1350,1512,0.14802938463106827
160,1345,1505,0.1480315029518941
158,1354,1512,0.14803851389787095
155,1353,1508,0.1480490520050686
150,1357,1507,0.14806679576818016
152,1344,1496,0.148094624331204
155,1325,1480,0.14811712693427911
154,1341,1495,0.14813089318299413
157,1347,1504,0.1481455642482423
158,1349,1507,0.1481513295139835
154,1356,1510,0.1481540354854582
154,1357,1511,0.148165054800576
153,1362,1515,0.1481749648383957
154,1353,1507,0.1481873846715127
156,1356,1512,0.14819678874651232
154,1355,1509,0.14820041558070415
154,1353,1507,0.14820874664501976
152,1361,1513,0.1482171047733785
152,1370,1522,0.14822903013682778
151,1364,1515,0.14823894130234563
152,1367,1519,0.14825129828233521
156,1366,1522,0.14826113108126612
152,1367,1519,0.1482620744609884
149,1356,1505,0.1482715848003856
149,1350,1499,0.148287971745306
152,1350,1502,0.1483028142064434
147,1356,1503,0.1483105045219505
146,1344,1490,0.14832894821420253
150,1340,1490,0.14834805887426808
148,1356,1504,0.1483561247127812
154,1367,1521,0.1483689723386049
154,1366,1520,0.14836636817271243
151,1382,1533,0.14836432301396077
152,1376,1528,0.14837032452394994
151,1371,1522,0.14837440969995966
155,1364,1519,0.14837987942818961
153,1373,1526,0.1483748981967643
151,1368,1519,0.14837306262493052
152,1369,1521,0.14837718632865435
151,1364,1515,0.1483789718177351
151,1360,1511,0.14838289095469168
147,1358,1505,0.14838694443608935
141,1346,1487,0.14840004950925562
140,1349,1489,0.14842763246256555
139,1350,1489,0.14845588596756015
142,1355,1497,0.14848537508548756
143,1350,1493,0.14850613033677526
145,1358,1503,0.14852396946842103
143,1357,1500,0.14853413779789362
144,1353,1497,0.1485482381780713
149,1372,1521,0.14855955579266567
149,1369,1518,0.14855841737055178
150,1371,1521,0.1485582315415791
148,1361,1509,0.14855544422592393
142,1371,1513,0.14855822728943413
140,1382,1522,0.1485753889780904
140,1371,1511,0.14859617030655506
141,1373,1514,0.14861540553083183
144,1362,1506,0.14863194260833879
143,1373,1516,0.14863972647068283
143,1378,1521,0.14864948441836515
142,1393,1535,0.14865932337591098
142,1378,1520,0.14867042483066237
141,1386,1527,0.14868091050716245
140,1373,1513,0.1486937731648181
139,1378,1517,0.14870863903268755
143,1384,1527,0.14872415490945998
141,1373,1514,0.14872907677402225
134,1370,1504,0.14873800699665884
135,1370,1505,0.14876284612466034
138,1378,1516,0.14878339402257842
138,1382,1520,0.14879547793449233
142,1380,1522,0.14880670373370009
140,1383,1523,0.1488072914029891
141,1376,1517,0.14881229355938608
143,1376,1519,0.14881519706743113
145,1379,1524,0.14881216462522204
142,1392,1534,0.14880444741411075
145,1383,1528,0.1488040926384559
144,1378,1522,0.1487960215986309
142,1381,1523,0.14879085789675567
139,1371,1510,0.148789889894741
136,1389,1525,0.14879603501267502
136,1380,1516,0.14880944582330785
136,1382,1518,0.14882220411976527
135,1376,1511,0.14883396215820086
136,1380,1516,0.1488479512242585
136,1378,1514,0.14885983656487956
138,1373,1511,0.14887140548879307
143,1387,1530,0.14887733517272214
141,1383,1524,0.1488708389933807
137,1385,1522,0.148869835259442
138,1399,1537,0.14887680198452322
139,1391,1530,0.14888185035927667
142,1392,1534,0.14888536882846382
142,1379,1521,0.14888100427148393
136,1399,1535,0.1488774658678726
135,1395,1530,0.1488889172092055
134,1388,1522,0.14890213054012919
136,1387,1523,0.14891722346720337
134,1393,1527,0.1489273637904223
136,1387,1523,0.14894198518898266
136,1387,1523,0.14894979514296713
134,1399,1533,0.1489554338328067
134,1388,1522,0.14896584815419522
131,1385,1516,0.1489762861585241
130,1369,1499,0.1489918292512308
129,1385,1514,0.14900831459961164
133,1392,1525,0.14902670969339654
131,1389,1520,0.1490348945768075
130,1390,1520,0.14904894881756647
129,1383,1512,0.14906501142350964
126,1387,1513,0.14908073543728073
124,1383,1507,0.14910302624614594
127,1383,1510,0.14912882585492818
130,1384,1514,0.14914497875894028
128,1386,1514,0.1491512418710992
126,1392,1518,0.14916154114888536
127,1385,1512,0.1491757644063336
128,1389,1517,0.14918721854792544
129,1392,1521,0.14919545881463933
126,1377,1503,0.14920071040782493
126,1383,1509,0.14921299702180732
125,1385,1510,0.14922506510925063
128,1390,1518,0.14923808574152217
130,1375,1505,0.1492436972406692
127,1376,1503,0.1492437381153266
129,1383,1512,0.14925047724541288
128,1382,1510,0.14925324611106375
129,1386,1515,0.1492595366810686
130,1377,1507,0.14926250609247643
130,1382,1512,0.14926338579169104
132,1380,1512,0.1492647579807682
131,1375,1506,0.14925936327785608
130,1386,1516,0.1492568219312526
127,1392,1519,0.14925617628982774
127,1401,1528,0.149263000122762
125,1407,1532,0.14926987274234535
127,1393,1520,0.14928132005156114
123,1392,1515,0.14928688467235904
124,1393,1517,0.14930151050606924
123,1398,1521,0.1493133822891214
123,1398,1521,0.14932566715500017
124,1393,1517,0.1493370609869557
117,1407,1524,0.14934538870965852
121,1395,1516,0.14936872506211724
126,1401,1527,0.14938005669056278
126,1392,1518,0.14937997391615002
125,1400,1525,0.1493800641680518
123,1402,1525,0.1493831472630537
122,1397,1519,0.14939185550377762
122,1401,1523,0.14940138033124362
126,1395,1521,0.1494103285892855
120,1403,1523,0.14940840179559886
118,1405,1523,0.1494215686070614
118,1397,1515,0.14943890411990415
116,1399,1515,0.14945573281922825
121,1398,1519,0.14947645373533747
121,1389,1510,0.14948353998709618
120,1402,1522,0.14949012207106677
121,1400,1521,0.14949862482083454
121,1399,1520,0.14950506781439418
120,1393,1513,0.14951006935954503
119,1384,1503,0.14951755697604438
120,1393,1513,0.14952755346474544
124,1392,1516,0.14953466029821075
122,1394,1516,0.14953109801101555
118,1401,1519,0.1495326189542083
119,1395,1514,0.14954220111014913
120,1402,1522,0.14954826709347038
121,1400,1521,0.14955243971557514
124,1402,1526,0.14955461403935325
123,1400,1523,0.14954946406673492
122,1396,1518,0.14954810907896945
125,1394,1519,0.14954828331515346
123,1395,1518,0.14954105985155786
124,1390,1514,0.14953989749405638
122,1394,1516,0.14953576705089502
121,1394,1515,0.14953709925440592
122,1388,1510,0.14953936925086647
125,1389,1514,0.14954037009149182
126,1386,1512,0.1495344124899859
123,1390,1513,0.14952650182828073
120,1390,1510,0.1495264835957432
122,1390,1512,0.14953448260977947
123,1395,1518,0.14953784339950865
123,1396,1519,0.14953866606132776
119,1387,1506,0.1495400013831026
118,1375,1493,0.1495503770789802
118,1391,1509,0.14956200684156282
118,1403,1521,0.14957182914663175
119,1411,1530,0.14958163861757903
117,1415,1532,0.14958797220495904
118,1403,1521,0.1495987517886279
122,1397,1519,0.14960638667110338
122,1395,1517,0.14960469486749492
121,1387,1508,0.14960376349226898
120,1365,1485,0.1496043096256902
122,1371,1493,0.14960677877025888
125,1383,1508,0.14960344500166783
120,1378,1498,0.14959281079477357
115,1387,1502,0.14959561666738577
117,1388,1505,0.14960964828189854
113,1372,1485,0.14961733527248997
116,1389,1505,0.14963426549043995
116,1381,1497,0.1496432252554805
115,1384,1499,0.14965202299426306
120,1389,1509,0.14966325800416183
123,1392,1515,0.14966084574752916
124,1393,1517,0.14965146094174114
122,1391,1513,0.1496388510148122
123,1390,1513,0.14963083342639544
119,1388,1507,0.14962233913613196
117,1392,1509,0.1496236372838188
117,1390,1507,0.14962934415409154
119,1401,1520,0.14963499071824135
119,1397,1516,0.14963467127004415
120,1398,1518,0.14963527030186705
123,1395,1518,0.14963305718303035
122,1406,1528,0.14962427968695827
124,1397,1521,0.14961896495865934
123,1401,1524,0.1496100105780873
125,1399,1524,0.14960471792639587
123,1394,1517,0.14959524202049612
124,1395,1519,0.14959096913268052
124,1389,1513,0.14958267561331384
121,1393,1514,0.14957575105182364
122,1385,1507,0.14957652868353136
125,1407,1532,0.14957420935273785
123,1404,1527,0.14956540609724497
117,1403,1520,0.1495627680373804
118,1397,1515,0.14957474055365633
117,1396,1513,0.14958334814349314
116,1393,1509,0.1495935925241806
119,1397,1516,0.14960549027773623
116,1401,1517,0.14960842904276525
116,1410,1526,0.14961870583706915
117,1422,1539,0.1496284889052286
117,1407,1524,0.1496356825701699
118,1398,1516,0.14964328762700935
117,1402,1519,0.1496478856590499
114,1396,1510,0.14965335754882228
114,1390,1504,0.14966584134363795
109,1399,1508,0.14967761348741512
111,1410,1521,0.14969959593803533
114,1410,1524,0.14971498767521996
113,1416,1529,0.14972293087496227
114,1403,1517,0.14973298088298825
116,1401,1517,0.14974032579232058
113,1390,1503,0.1497434917767794
110,1392,1502,0.14975375502761804
111,1393,1504,0.1497706657562781
113,1399,1512,0.14978421893215987
112,1400,1512,0.1497919699818354
109,1397,1506,0.14980223088462413
109,1399,1508,0.149817254685836
109,1404,1513,0.14983179030996088
111,1407,1518,0.14984518779163722
111,1401,1512,0.14985334957838653
107,1412,1519,0.14986177916519747
108,1406,1514,0.14987881775549855
104,1411,1515,0.1498928294715082
103,1416,1519,0.14991480726684434
103,1421,1524,0.14993766336520442
107,1424,1531,0.14995946643919122
107,1427,1534,0.14997057543565379
105,1419,1524,0.14998143455315863
104,1411,1515,0.14999605935868196
102,1413,1515,0.15001251781142713
98,1423,1521,0.15003294199376288
97,1430,1527,0.15006100804313138
99,1433,1532,0.15009001998433252
97,1428,1525,0.15011237178423673
97,1424,1521,0.15013803620612814
98,1422,1520,0.150162536879357
96,1409,1505,0.15018341541926902
94,1403,1497,0.1502077922649491
98,1403,1501,0.15023537891153385
96,1418,1514,0.15025079056893698
91,1424,1515,0.1502704840367688
93,1411,1504,0.15029919858290483
94,1415,1509,0.1503217019953802
92,1415,1507,0.1503394815303697
92,1416,1508,0.15036145556022926
89,1423,1512,0.15038222855078817
90,1418,1508,0.15040788929678045
90,1419,1509,0.1504288078670899
92,1404,1496,0.15044912385368203
93,1403,1496,0.15046208831992963
92,1403,1495,0.1504714199723746
91,1413,1504,0.15048338512188575
90,1428,1518,0.1504976980370696
92,1421,1513,0.1505134535117202
90,1434,1524,0.15052371752365
90,1426,1516,0.15053825482622332
88,1417,1505,0.15055210388345852
88,1416,1504,0.1505706805647705
90,1418,1508,0.1505871259954885
90,1424,1514,0.1505967643867213
88,1429,1517,0.15060643261955153
89,1424,1513,0.15062014405164403
90,1419,1509,0.1506299392539585
86,1422,1508,0.15063694458496155
89,1426,1515,0.15065333664024247
89,1423,1512,0.15066215695444324
89,1417,1506,0.150669611726176
90,1411,1501,0.15067636770324408
90,1427,1517,0.15067817420680846
91,1433,1524,0.1506808956095633
89,1432,1521,0.15068119438105224
93,1435,1528,0.1506847401515941
93,1434,1527,0.15067870849006929
92,1416,1508,0.15067228430595297
94,1421,1515,0.15066848248905174
93,1420,1513,0.15065986860738345
95,1432,1527,0.15065586204258735
99,1431,1530,0.1506471463751498
97,1426,1523,0.15062866928136162
98,1419,1517,0.1506160299026064
99,1412,1511,0.15060071459863483
98,1412,1510,0.15058434848213925
95,1411,1506,0.15057202975890843
94,1416,1510,0.15056757933698184
95,1420,1515,0.15056592689715628
96,1426,1522,0.15056178458636763
92,1419,1511,0.15055451445048565
92,1420,1512,0.15055645809084214
93,1423,1516,0.15055756083006458
93,1424,1517,0.15055785892804113
92,1440,1532,0.15055902718608266
90,1437,1527,0.15056328347474626
94,1436,1530,0.1505731816784695
93,1423,1516,0.15057231678383487
96,1423,1519,0.15057337873197013
94,1423,1517,0.1505669499142933
97,1425,1522,0.15056543412135429
96,1415,1511,0.15055709455222957
95,1413,1508,0.15055103154974128
92,1412,1504,0.150548256118917
92,1424,1516,0.15055345974284515
92,1425,1517,0.1505582651604237
94,1428,1522,0.15056361374922284
93,1432,1525,0.15056335397786103
96,1431,1527,0.1505654587892728
96,1424,1520,0.15056054088387869
93,1423,1516,0.15055578915222725
94,1413,1507,0.15055829494857564
97,1402,1499,0.15055924283938116
100,1413,1513,0.1505525506127041
101,1416,1517,0.15053989735549467
100,1426,1526,0.15052578670624991
97,1425,1522,0.15051573792746142
96,1434,1530,0.15051235930569593
96,1430,1526,0.15051132782756083
95,1413,1508,0.15051101576785392
94,1415,1509,0.1505128479968616
90,1421,1511,0.15051758276176141
87,1427,1514,0.15053187933415643
87,1435,1522,0.15055309410086548
89,1428,1517,0.1505726107746401
89,1438,1527,0.1505865062735198
89,1431,1520,0.15059950105281014
88,1429,1517,0.15061195087150497
87,1429,1516,0.15062580237298842
90,1431,1521,0.15064047503979622
90,1426,1516,0.15064716922076696
89,1428,1517,0.15065217855765078
92,1422,1514,0.15065934269934325
93,1412,1505,0.15065705179257805
93,1420,1513,0.15065315311054442
93,1430,1523,0.1506502163157366
96,1421,1517,0.15064621597594496
94,1426,1520,0.1506352667737499
91,1423,1514,0.1506298464547576
89,1407,1496,0.15063295888221012
92,1419,1511,0.1506407492854925
90,1417,1507,0.15064103763046738
93,1413,1506,0.150646535372735
91,1414,1505,0.15064401741030176
89,1425,1514,0.1506467955724876
88,1417,1505,0.15065378248724567
88,1428,1516,0.15066253044700637
88,1415,1503,0.1506707161284836
90,1433,1523,0.15067938198740477
89,1434,1523,0.15068268546700656
84,1422,1506,0.1506883796915757
84,1427,1511,0.15070504324143436
82,1435,1517,0.1507210469786046
81,1418,1499,0.1507413180177374
84,1426,1510,0.1507626068388238
85,1433,1518,0.15077511478436736
85,1422,1507,0.15078522292676555
85,1414,1499,0.15079490612282917
90,1422,1512,0.1508041030779216
89,1428,1517,0.15079981362075806
88,1409,1497,0.15079854840834817
90,1423,1513,0.1507995077608947
92,1416,1508,0.15079489637810758
89,1423,1512,0.15078483702429557
91,1423,1514,0.1507833692441437
92,1419,1511,0.15077723450680314
94,1412,1506,0.1507686566867071
97,1416,1513,0.15075617790521254
98,1416,1514,0.15073695253842978
97,1417,1514,0.1507166538892237
97,1430,1527,0.15070125140062082
95,1428,1523,0.15068691162565664
94,1430,1524,0.15067748185113322
97,1422,1519,0.1506716381074197
99,1418,1517,0.15065977543203934
96,1415,1511,0.15064197466905882
96,1422,1518,0.15063208100544664
95,1431,1526,0.15062298105316407
96,1434,1530,0.15061744354046902
92,1417,1509,0.1506097580405579
93,1414,1507,0.15061267536659384
93,1424,1517,0.15061126054754911
93,1436,1529,0.15060932213091466
95,1419,1514,0.15060826929067506
93,1425,1518,0.15060314412966622
94,1428,1522,0.15060356787510323
92,1414,1506,0.1506007335213665
92,1414,1506,0.15060342093981255
93,1414,1507,0.15060653126043874
91,1418,1509,0.1506067941576753
92,1413,1505,0.1506126144794478
92,1425,1517,0.15061532626339955
95,1430,1525,0.15061741887416144
97,1429,1526,0.1506116583142883
97,1418,1515,0.15060141051813547
98,1414,1512,0.1505920503616955
99,1412,1511,0.1505815592852102
100,1410,1510,0.1505684269071276
98,1418,1516,0.15055327162113488
100,1422,1522,0.1505445627141134
101,1411,1512,0.1505313398511931
99,1401,1500,0.1505170027858222
97,1409,1506,0.15050896123952748
98,1414,1512,0.15050648525836485
97,1411,1508,0.1505007002999167
97,1408,1505,0.15049693560858424
96,1416,1512,0.15049321157924603
95,1420,1515,0.150492200799082
95,1434,1529,0.15049424271802955
96,1432,1528,0.1504966916176204
93,1423,1516,0.1504962650050215
92,1419,1511,0.15050402869789495
97,1420,1517,0.1505132401717899
93,1415,1508,0.15050926265087813
92,1418,1510,0.1505154463771251
94,1424,1518,0.1505237477712232
96,1410,1506,0.1505260365268715
97,1421,1518,0.1505233035430454
96,1414,1510,0.15051755486990076
96,1410,1506,0.1505151958659757
96,1418,1514,0.1505129036565119
97,1421,1518,0.1505109522363826
99,1419,1518,0.1505074103161791
99,1411,1510,0.1504968590575108
98,1410,1508,0.15048766054932236
101,1411,1512,0.15047958854223803
97,1422,1519,0.1504625983095186
97,1422,1519,0.15045708287947612
96,1414,1510,0.1504527727833645
94,1422,1516,0.1504513769256683
90,1424,1514,0.1504547600137601
96,1427,1523,0.1504678743124858
93,1425,1518,0.15046639037334397
95,1419,1514,0.15047296043386468
96,1416,1512,0.15047441165858552
99,1419,1518,0.15047331851075518
100,1401,1501,0.15046574471314472
99,1411,1510,0.1504556659098874
97,1419,1516,0.15044822608518504
99,1416,1515,0.15044600852564333
97,1406,1503,0.15043959246988708
97,1405,1502,0.15043895206434812
95,1420,1515,0.15043998356967042
98,1414,1512,0.1504448968531194
94,1427,1521,0.15044217357380407
95,1412,1507,0.15044904710974416
92,1403,1495,0.15045386470464361
95,1411,1506,0.15046589877552027
95,1404,1499,0.1504689257651558
97,1403,1500,0.15047228318889322
98,1402,1500,0.15047121574377328
98,1390,1488,0.15046818237402662
99,1399,1498,0.15046526047186018
100,1411,1511,0.15046060284837703
98,1422,1520,0.15045395632579173
97,1419,1516,0.15045142516922866
98,1418,1516,0.15045234779570368
93,1416,1509,0.15045168246874407
96,1430,1526,0.15046301371043497
96,1432,1528,0.15046609873090658
96,1428,1524,0.1504696278544702
93,1417,1510,0.15047361599460043
91,1428,1519,0.15048376164281801
88,1433,1521,0.15049831348573428
91,1431,1522,0.15051881356340868
95,1436,1531,0.15053005401959407
94,1434,1528,0.150530429852401
96,1430,1526,0.15053359210685857
98,1420,1518,0.15053097011808778
96,1421,1517,0.15052390308039076
97,1426,1523,0.15052196195983988
94,1435,1529,0.1505182260461981
100,1428,1528,0.1505222211160672
98,1425,1523,0.15050990570504927
97,1422,1519,0.15050366079485974
96,1423,1519,0.15050135308601567
98,1421,1519,0.1505013385327856
98,1425,1523,0.15049591049670819
97,1416,1513,0.15049106410376223
102,1418,1520,0.1504877628569089
102,1420,1522,0.15047239896697034
101,1405,1506,0.15045815466741636
103,1413,1516,0.15044714961813446
103,1426,1529,0.15043246403574537
101,1418,1519,0.15041853876341998
99,1412,1511,0.15040954375904345
99,1409,1508,0.15040641417805603
99,1420,1519,0.15040499970914692
98,1421,1519,0.1504045372251005
95,1425,1520,0.15040710602715548
96,1419,1515,0.15041722235971325
96,1410,1506,0.1504232043291571
96,1398,1494,0.15042807263672495
98,1406,1504,0.15043341293007015
96,1415,1511,0.1504326179065449
95,1410,1505,0.15043712768239445
92,1401,1493,0.15044255854218136
92,1404,1496,0.15045489845621096
95,1413,1508,0.1504674668621211
99,1415,1514,0.1504712220349322
96,1421,1517,0.1504661996450798
97,1404,1501,0.1504681748145576
100,1410,1510,0.15046759181938374
99,1412,1511,0.1504598126229547
100,1420,1520,0.15045477538122654
97,1420,1517,0.150447977926524
100,1414,1514,0.15044803952509744
98,1404,1502,0.15044102743900545
97,1404,1501,0.15043868363347868
100,1406,1506,0.1504396185319971
101,1414,1515,0.15043381631938263
102,1410,1512,0.15042582967485915
103,1401,1504,0.15041548023804438
97,1406,1503,0.15040395981767837
97,1420,1517,0.15040714658196316
102,1415,1517,0.15040837068361232
102,1425,1527,0.15039895141311058
101,1416,1517,0.15039055319594083
105,1413,1518,0.15038587316677576
107,1416,1523,0.15037075516675322
106,1413,1519,0.15035074741437607
104,1422,1526,0.15033560034776125
103,1421,1524,0.15032731004500113
104,1414,1518,0.15032257550689476
100,1417,1517,0.15031402816428133
99,1424,1523,0.15031579399218192
100,1418,1518,0.15032066172358108
101,1410,1511,0.15032303422708426
100,1415,1515,0.15032403132965716
100,1412,1512,0.15032561473875458
103,1412,1515,0.1503277644614361
104,1419,1523,0.15032188568798102
102,1419,1521,0.15031390078180196
102,1426,1528,0.15031158217762877
96,1422,1518,0.15030875717946401
99,1403,1502,0.15031998612163042
101,1400,1501,0.15032308312286038
101,1404,1505,0.1503218827374938
101,1403,1504,0.15032091610038217
101,1403,1504,0.1503198795250158
101,1412,1513,0.15031894127172374
100,1412,1512,0.1503185594011388
102,1410,1512,0.15031815429226777
98,1413,1511,0.1503130682652094
98,1405,1503,0.1503189688008525
99,1434,1533,0.15032575960908795
98,1436,1534,0.15032859366095155
98,1426,1524,0.1503338230083998
97,1418,1515,0.15033831358446503
97,1430,1527,0.15034567205135513
96,1431,1527,0.1503531820241731
97,1438,1535,0.15036321758966587
98,1430,1528,0.1503706469240109
97,1422,1519,0.15037368493724035
97,1424,1521,0.15037986043604568
95,1425,1520,0.1503855500529215
96,1411,1507,0.15039594065360604
95,1418,1513,0.1504040565266079
95,1412,1507,0.15041422014062575
93,1416,1509,0.15042334786356812
94,1420,1514,0.15043615243009364
96,1419,1515,0.15044655598150253
96,1420,1516,0.15045092746265673
92,1422,1514,0.15045471658204254
91,1428,1519,0.1504677255813508
92,1426,1518,0.15048223218179657
91,1427,1518,0.15049334087989932
90,1440,1530,0.15050620993272687
91,1433,1524,0.15052005198957663
88,1438,1526,0.1505313308670486
91,1436,1527,0.15055003376417894
88,1423,1511,0.1505593835696576
89,1425,1514,0.150576260448695
89,1419,1508,0.15058763409992695
87,1419,1506,0.15059811340099521
88,1428,1516,0.15061259575465885
89,1422,1511,0.1506240037987348
90,1417,1507,0.15063274592765327
91,1431,1522,0.1506393700481204
92,1421,1513,0.1506427082718945
94,1419,1513,0.15064326937224354
95,1424,1519,0.1506401682436563
96,1425,1521,0.1506348265021865
97,1409,1506,0.1506275882525346
97,1418,1515,0.150618099492034
96,1409,1505,0.15060786198895765
97,1423,1520,0.1506006436870798
99,1431,1530,0.15059177323375852
100,1429,1529,0.15057886765597472
96,1413,1509,0.15056381748857045
98,1410,1508,0.1505596964330923
96,1411,1507,0.15055002971634124
98,1422,1520,0.1505467371249259
101,1417,1518,0.15053965922440649
99,1421,1520,0.15052604045468315
98,1423,1521,0.15051866680960493
99,1417,1516,0.1505128487104446
97,1421,1518,0.15050523295972215
97,1427,1524,0.15050287121998157
97,1429,1526,0.15050151614468363
95,1432,1527,0.15050055664608522
100,1422,1522,0.15050405731407437
103,1418,1521,0.15049473711435526
102,1422,1524,0.1504789701103411
101,1434,1535,0.15046605400371407
99,1432,1531,0.1504571311728788
99,1426,1525,0.15045283861688274
98,1416,1514,0.15044959483634607
100,1405,1505,0.1504493535304371
104,1407,1511,0.15044380222316203
105,1406,1511,0.15042819155625808
102,1400,1502,0.15041169091599546
104,1398,1502,0.15040407090256094
103,1399,1502,0.1503933260946073
102,1394,1496,0.1503857030125363
104,1399,1503,0.15038112345721755
104,1407,1511,0.15037168820780827
104,1408,1512,0.15036346154230892
104,1415,1519,0.15035644930544526
101,1407,1508,0.15034965388885457
102,1407,1509,0.15035039125910404
102,1410,1512,0.15034910879032748
99,1408,1507,0.15034853643384335
98,1416,1514,0.1503555457386645
97,1414,1511,0.15036399438304343
91,1424,1515,0.15037539797609914
88,1416,1504,0.15040007384464027
88,1416,1504,0.1504301937092101
92,1415,1507,0.15045842688563377
89,1418,1507,0.1504751030794825
91,1410,1501,0.15049812079338462
92,1408,1500,0.15051421832083836
93,1414,1507,0.15052558692380913
98,1417,1515,0.15053368639952802
97,1425,1522,0.15052845479224888
95,1434,1529,0.150525726383827
91,1433,1524,0.15052872245834334
92,1436,1528,0.1505410762642339
91,1430,1521,0.15055056662078742
91,1430,1521,0.15056194187917676
93,1426,1519,0.1505732438047248
94,1434,1528,0.1505784920711176
97,1428,1525,0.15058077864100222
93,1426,1519,0.15057550021747143
91,1423,1514,0.15058075086273906
89,1416,1505,0.1505895244546036
90,1410,1500,0.15060271926442298
88,1408,1496,0.15061309212187596
88,1413,1501,0.15062762993406917
87,1424,1511,0.1506411007715869
87,1423,1510,0.1506553421361629
89,1432,1521,0.15066920231203318
92,1437,1529,0.15067619604739016
91,1421,1512,0.15067559981077422
88,1433,1521,0.15067849308412407
87,1437,1524,0.15068844573244106
88,1433,1521,0.15070062962150266
87,1432,1519,0.15070984049303016
86,1422,1508,0.1507204684913143
89,1423,1512,0.15073280678345616
91,1433,1524,0.15073774074657656
90,1428,1518,0.1507363468235698
93,1419,1512,0.15073739431675995
91,1426,1517,0.15073153084455782
91,1425,1516,0.15073140514453331
91,1430,1521,0.15073163642229034
92,1436,1528,0.1507314230060131
88,1416,1504,0.1507290635345476
90,1425,1515,0.15073657986601416
88,1422,1510,0.15073885589987956
88,1415,1503,0.15074519613630752
88,1417,1505,0.15075093989919733
86,1431,1517,0.15075650167024315
84,1436,1520,0.1507661282368242
84,1429,1513,0.15078016998048116
86,1424,1510,0.15079377835702754
86,1443,1529,0.15080212824362232
83,1430,1513,0.1508104312747509
84,1433,1517,0.15082543541316068
79,1444,1523,0.1508373302882732
77,1445,1522,0.15085956829851413
78,1442,1520,0.1508853298371593
79,1430,1509,0.1509057013958057
80,1421,1501,0.1509222357382591
77,1418,1495,0.15093577429161564
79,1428,1507,0.15095471621121198
76,1430,1506,0.15096872571467762
76,1429,1505,0.15098887290057808
74,1427,1501,0.15100621171194495
72,1423,1495,0.15102746276881812
74,1438,1512,0.15105137456934503
75,1450,1525,0.15106933704467224
75,1448,1523,0.15108348038647645
76,1442,1518,0.15109786327013122
77,1438,1515,0.1511085369746087
75,1436,1511,0.15111660611195316
73,1439,1512,0.1511291219491521
75,1441,1516,0.15114584940526357
77,1423,1500,0.15115566548770018
80,1428,1508,0.151160674148115
79,1440,1519,0.15115692342543016
78,1429,1507,0.1511564603182026
78,1426,1504,0.1511580895305833
77,1432,1509,0.15115984402599783
72,1442,1514,0.15116436738671546
69,1445,1514,0.15118031068006496
71,1439,1510,0.1512023342608081
70,1441,1511,0.15121855427260253
71,1445,1516,0.1512363273066991
73,1431,1504,0.1512507045607935
75,1436,1511,0.15125836183367564
73,1436,1509,0.15126006201288775
73,1429,1502,0.1512667000107086
76,1429,1505,0.15127238559041398
75,1441,1516,0.1512698803845312
76,1446,1522,0.15127052246163783
74,1449,1523,0.15126806959535216
73,1435,1508,0.15127108918022458
71,1436,1507,0.15127720971733435
70,1446,1516,0.15128758557851518
70,1444,1514,0.1513001023948022
70,1455,1525,0.15131182030779158
72,1451,1523,0.1513232522816885
68,1442,1510,0.1513285921646594
67,1452,1519,0.15134288750384323
64,1442,1506,0.1513585062103441
67,1441,1508,0.15138129224267816
69,1441,1510,0.15139524765920856
74,1446,1520,0.1514036159864327
73,1440,1513,0.15139845534935129
76,1441,1517,0.15139569786405616
73,1440,1513,0.15138571067883805
70,1433,1503,0.1513838462090952
67,1437,1504,0.1513894603249606
66,1442,1508,0.1514022271638097
62,1433,1495,0.15141708603749396
63,1435,1498,0.15144087216006524
64,1441,1505,0.15146073153002218
65,1437,1502,0.15147670340249145
65,1443,1508,0.15148833021710434
64,1449,1513,0.1514995899019004
66,1454,1520,0.15151298086672627
66,1447,1513,0.1515193603903506
66,1448,1514,0.1515255669973507
64,1450,1514,0.1515319648187301
65,1449,1514,0.15154308526793636
65,1437,1502,0.15155076957390357
64,1442,1506,0.15155846949995058
65,1450,1515,0.15156809607719127
65,1463,1528,0.15157459326879102
64,1458,1522,0.15158072043196266
66,1471,1537,0.15158911589161905
66,1462,1528,0.1515914008735682
65,1463,1528,0.1515940707263827
65,1476,1541,0.15159864789983227
62,1465,1527,0.15160343775452817
61,1473,1534,0.15161484929161362
59,1477,1536,0.15162849147500296
59,1460,1519,0.15164603507264146
59,1459,1518,0.15166289630353755
58,1466,1524,0.15167681754622386
59,1460,1519,0.15169238350695521
63,1455,1518,0.15170517134601763
64,1456,1520,0.1517069680194962
62,1447,1509,0.1517054849642888
61,1458,1519,0.15170966813004333
58,1453,1511,0.15171630417188076
60,1457,1517,0.15173002927559914
57,1457,1514,0.15173778822894715
59,1459,1518,0.15175245790005673
60,1463,1523,0.1517618132946742
61,1469,1530,0.15176851451393522
61,1452,1513,0.15177262520721743
60,1469,1529,0.1517768197081673
58,1439,1497,0.15178272821092909
58,1449,1507,0.15179320750687347
55,1455,1510,0.15180271828025071
57,1455,1512,0.151818658740667
58,1458,1516,0.15182786493521663
58,1461,1519,0.15183363353853935
59,1470,1529,0.15183905924160687
60,1471,1531,0.15184207198339136
59,1463,1522,0.15184269302869985
58,1466,1524,0.1518463151248396
59,1464,1523,0.15185237374538155
59,1458,1517,0.1518550804987969
59,1455,1514,0.15185724209835366
60,1448,1508,0.15185937011506354
61,1453,1514,0.15185920666999841
60,1443,1503,0.1518564299210443
58,1452,1510,0.1518565103872162
57,1451,1508,0.15186161062455272
56,1455,1511,0.15186846277403437
55,1469,1524,0.1518768766814527
56,1461,1517,0.1518872760591204
59,1458,1517,0.15189493933330284
58,1463,1521,0.15189502870112598
61,1464,1525,0.15189750220620785
60,1464,1524,0.15189084192979913
58,1477,1535,0.15188699017379315
57,1460,1517,0.15188796789263592
55,1459,1514,0.15189197551245892
52,1467,1519,0.15190093621842102
52,1457,1509,0.1519164779180484
53,1463,1516,0.15193047737407897
56,1454,1510,0.1519413504932846
55,1460,1515,0.15194269561863877
55,1455,1510,0.15194706359251453
55,1459,1514,0.1519516523711368
56,1451,1507,0.15195598677362632
58,1437,1495,0.15195799932490098
55,1446,1501,0.15195523401138433
52,1457,1509,0.1519599531436061
51,1450,1501,0.15197171197512982
53,1461,1514,0.15198470530292404
53,1469,1522,0.15199155548706275
48,1453,1501,0.15199853446129916
46,1462,1508,0.15201718255850805
50,1469,1519,0.15203960602069766
54,1467,1521,0.15205071635352377
55,1467,1522,0.1520496909917314
55,1467,1522,0.1520470902005926
55,1462,1517,0.15204527816118002
55,1473,1528,0.1520441304250805
54,1466,1520,0.15204353929556855
53,1471,1524,0.15204575233072812
54,1471,1525,0.1520505138608347
55,1454,1509,0.1520521807568923
55,1448,1503,0.152051422599674
56,1451,1507,0.15205154547047137
56,1448,1504,0.15204807677415488
53,1457,1510,0.15204354379385834
54,1452,1506,0.15204730580569337
55,1442,1497,0.15204789066169436
57,1437,1494,0.15204638801986017
54,1445,1499,0.15203983935156992
53,1463,1516,0.15204180708930706
52,1455,1507,0.15204623114096477
54,1463,1517,0.1520521893549861
54,1467,1521,0.15205256023660865
53,1458,1511,0.15205202933004577
54,1455,1509,0.15205397260359457
53,1464,1517,0.15205325215534024
53,1463,1516,0.15205534219003047
56,1468,1524,0.15205795147909767
56,1455,1511,0.15205177784435286
56,1457,1513,0.15204665355436098
56,1455,1511,0.15204179170569063
54,1467,1521,0.15203658658858452
55,1480,1535,0.15203705576972218
55,1479,1534,0.15203547087482713
54,1470,1524,0.1520333870077955
54,1459,1513,0.15203412566673577
53,1448,1501,0.152034367190634
53,1463,1516,0.15203767742016314
56,1466,1522,0.15204102854059
54,1470,1524,0.15203701801903668
54,1467,1521,0.15203869344994803
55,1468,1523,0.15203941738715662
56,1466,1522,0.15203822130495426
55,1460,1515,0.15203454295138608
55,1448,1503,0.152032614070624
57,1458,1515,0.15202965226631224
57,1445,1502,0.152022107949482
58,1451,1509,0.1520151882892981
59,1457,1516,0.15200536369287193
62,1472,1534,0.1519946645776318
61,1472,1533,0.15197661242504243
62,1468,1530,0.15196250389355104
60,1463,1523,0.15194675240350133
62,1455,1517,0.1519365096216432
64,1453,1517,0.15192291679192138
64,1446,1510,0.15190603116565168
63,1435,1498,0.15189091280280012
61,1434,1495,0.1518786847686938
58,1452,1510,0.1518725300072994
60,1452,1512,0.1518743692414197
62,1457,1519,0.1518713103605197
61,1464,1525,0.15186429809336544
60,1467,1527,0.15185980213739772
59,1466,1525,0.1518583705934951
59,1454,1513,0.15185972844158652
57,1455,1512,0.15186083553526536
61,1461,1522,0.15186666169770496
60,1446,1506,0.15186263568288866
60,1461,1521,0.1518607273091024
61,1458,1519,0.15185848557548218
63,1465,1528,0.15185454681108312
64,1458,1522,0.1518449424225967
67,1459,1526,0.15183333764036516
67,1462,1529,0.15181486114551307
69,1457,1526,0.15179672043448933
69,1456,1525,0.15177518848976532
67,1465,1532,0.15175504645915633
65,1472,1537,0.15174163689401562
66,1460,1526,0.15173447582278585
66,1458,1524,0.15172604973007991
66,1457,1523,0.15171874960956272
64,1468,1532,0.15171249292997735
63,1455,1518,0.15171174204193996
63,1455,1518,0.15171374899480117
67,1444,1511,0.15171512424500797
66,1433,1499,0.15170553187567207
64,1439,1503,0.1516995089340542
61,1454,1515,0.15169917264988952
60,1452,1512,0.15170516535802528
61,1447,1508,0.15171428542439386
60,1455,1515,0.15172088699282585
59,1453,1512,0.15172973331709708
61,1448,1509,0.15174025158974305
60,1449,1509,0.1517453567740761
59,1449,1508,0.15175208628961334
59,1440,1499,0.15176115385736483
59,1447,1506,0.15177002121203337
56,1454,1510,0.15177864933147775
56,1463,1519,0.15179330926933493
56,1450,1506,0.1518072948745421
57,1453,1510,0.15182038488720898
59,1453,1512,0.1518298391640336
57,1452,1509,0.15183299417393262
58,1451,1509,0.15184105720980148
56,1443,1499,0.15184600693868447
58,1451,1509,0.1518550023077755
58,1447,1505,0.15185789540055988
62,1457,1519,0.15185993882440837
60,1463,1523,0.15185102054316377
61,1460,1521,0.15184789800028983
60,1459,1519,0.1518430820151086
61,1455,1516,0.15184153965166197
64,1445,1509,0.15183735830958192
63,1460,1523,0.15182527969797718
64,1462,1526,0.15181709107742372
62,1461,1523,0.15180764302492764
60,1454,1514,0.15180373878873787
61,1461,1522,0.15180457461579422
60,1459,1519,0.15180358471859465
60,1455,1515,0.15180415414572093
63,1447,1510,0.15180488910456122
62,1447,1509,0.15179754924728722
62,1448,1510,0.15179444380433224
60,1445,1505,0.15179134293978158
58,1443,1501,0.15179346329086055
61,1457,1518,0.15179953227613713
63,1450,1513,0.15179785602610604
62,1452,1514,0.15179140470562263
60,1457,1517,0.15178778390647016
59,1458,1517,0.15178981889313753
61,1469,1530,0.15179388200387064
62,1463,1525,0.15179292943801784
64,1468,1532,0.15178961046551542
65,1459,1524,0.15178054495626342
65,1456,1521,0.1517688391746183
63,1449,1512,0.15175811722572993
63,1446,1509,0.15175225316435081
63,1447,1510,0.15174676228512626
66,1459,1525,0.1517424831055076
66,1462,1528,0.15173079465498598
64,1472,1536,0.15172037103289213
62,1477,1539,0.15171636645167955
65,1462,1527,0.15171756300393147
63,1448,1511,0.15171096664083752
65,1456,1521,0.1517084781489865
65,1453,1518,0.15170113718536185
63,1454,1517,0.15169432518479747
63,1448,1511,0.15169358998307558
64,1452,1516,0.15169366483296018
65,1449,1514,0.15169188804036607
65,1452,1517,0.15168778962250193
66,1435,1501,0.15168342976095572
66,1439,1505,0.15167636177422772
67,1435,1502,0.15167018193310727
67,1432,1499,0.15166185085871955
66,1438,1504,0.15165320930018678
66,1446,1512,0.15164817686061102
67,1453,1520,0.15164238607439232
65,1460,1525,0.15163528341974128
65,1451,1516,0.1516339372045973
65,1450,1515,0.15163255494201958
66,1449,1515,0.1516315809143341
65,1445,1510,0.15162873469374996
64,1443,1507,0.15162902505005155
64,1444,1508,0.15163125138139688
68,1454,1522,0.15163356043861767
67,1458,1525,0.15162544908069076
63,1453,1516,0.1516201695244198
64,1465,1529,0.15162451062283344
66,1459,1525,0.1516262451145032
64,1459,1523,0.15162239207504957
64,1456,1520,0.15162432097374545
65,1448,1513,0.15162529749563153
65,1454,1519,0.15162465026728408
66,1458,1524,0.15162476158044538
61,1451,1512,0.15162308489409004
59,1467,1526,0.1516336313175392
60,1467,1527,0.15164856516831549
59,1456,1515,0.15165949214457242
60,1450,1510,0.15167254017752316
59,1463,1522,0.15168185480603308
60,1463,1523,0.15169341890225696
57,1463,1520,0.15170234832720464
56,1466,1522,0.15171766772166242
60,1467,1527,0.15173456166809543
60,1460,1520,0.15174089891367168
61,1461,1522,0.1517471444987985
61,1473,1534,0.15175086609135688
61,1455,1516,0.1517539530146785
59,1460,1519,0.1517569193663242
56,1458,1514,0.1517650736629513
56,1445,1501,0.15177973880804235
56,1449,1505,0.1517935657694683
58,1458,1516,0.1518061425443756
59,1476,1535,0.15181245224794918
59,1469,1528,0.15181586558495375
57,1468,1525,0.1518194433771457
58,1468,1526,0.15182785388010256
56,1471,1527,0.15183318730251855
56,1460,1516,0.1518433778814595
54,1461,1515,0.15185291345145335
53,1468,1521,0.15186716018026578
53,1465,1518,0.1518821733114655
54,1469,1523,0.15189702235635022
53,1464,1517,0.15190878414144962
55,1461,1516,0.1519223242951634
54,1468,1522,0.1519286320736597
55,1461,1516,0.1519366758630505
55,1451,1506,0.1519423151748634
54,1446,1500,0.1519468856705348
52,1445,1497,0.15195387285899367
52,1464,1516,0.1519652669185154
54,1472,1526,0.15197539468308138
52,1470,1522,0.1519797673460313
53,1477,1530,0.15198831963741624
55,1486,1541,0.15199320772548058
52,1489,1541,0.15199351339859068
52,1475,1527,0.15200227417084233
54,1471,1525,0.1520108913224406
54,1470,1524,0.15201225192638257
54,1465,1519,0.1520141293375473
54,1459,1513,0.15201569631430584
55,1461,1516,0.15201676163703234
60,1471,1531,0.15201491997046992
60,1470,1530,0.1519991481551646
56,1470,1526,0.15198409808563865
55,1464,1519,0.1519802113746057
54,1473,1527,0.15197968588793692
54,1467,1521,0.15198219681729008
53,1462,1515,0.15198520021842735
53,1471,1524,0.15199008134073594
53,1465,1518,0.1519933353020792
51,1465,1516,0.15199645383214064
51,1457,1508,0.15200468159383454
52,1470,1522,0.15201182946526565
50,1457,1507,0.1520168319961859
51,1455,1506,0.1520270194333973
47,1464,1511,0.15203277717027633
48,1471,1519,0.1520479164604065
50,1474,1524,0.15205928405560998
51,1475,1526,0.15206505045743848
53,1469,1522,0.15206874684699956
56,1453,1509,0.15206693366716503
56,1456,1512,0.15205725260180147
57,1465,1522,0.15204848749843397
57,1464,1521,0.152037968361453
55,1477,1532,0.15202892969478315
54,1473,1527,0.1520258051388925
53,1469,1522,0.15202584154228097
52,1471,1523,0.15202885163603383
51,1475,1526,0.152033897604299
52,1468,1520,0.1520413811122925
53,1476,1529,0.15204522378940966
52,1484,1536,0.15204703104511663
50,1486,1536,0.15205006379947006
48,1476,1524,0.15205853533461522
48,1481,1529,0.15207165456201283
45,1476,1521,0.15208410595843255
44,1483,1527,0.15210282056073451
44,1476,1520,0.15212307896402202
40,1456,1496,0.1521414785191131
40,1464,1504,0.1521681486353012
40,1460,1500,0.15219284661158192
39,1458,1497,0.1522153523466777
41,1457,1498,0.15223938947403537
42,1464,1506,0.15225688235593107
41,1469,1510,0.1522712099317243
39,1474,1513,0.1522859028204592
39,1463,1502,0.15230493184145394
41,1453,1494,0.1523231875025993
39,1464,1503,0.15233525010807877
40,1474,1514,0.15235105313603864
39,1476,1515,0.15236380075774755
40,1485,1525,0.15237871410875287
39,1485,1524,0.1523907705252855
38,1496,1534,0.15240490953451147
38,1492,1530,0.1524209958279277
39,1491,1530,0.15243582285164822
37,1483,1520,0.15244750837408405
38,1485,1523,0.15246340690504653
38,1459,1497,0.15247615409592416
37,1455,1492,0.15248836736345972
39,1461,1500,0.15250247587927965
42,1464,1506,0.15250918728621754
40,1475,1515,0.15250740619695194
38,1478,1516,0.15251099126812245
38,1479,1517,0.15252015509687472
38,1489,1527,0.15252893191187894
36,1476,1512,0.15253748434649983
38,1473,1511,0.1525503255196654
37,1474,1511,0.15255641677320264
38,1469,1507,0.15256488147084307
39,1466,1505,0.15257028280408705
39,1478,1517,0.1525725534298238
37,1482,1519,0.1525742451933506
36,1467,1503,0.1525808523372939
35,1468,1503,0.1525889815136803
34,1477,1511,0.15259851028470497
33,1476,1509,0.15261092482544786
32,1490,1522,0.15262517874551357
34,1487,1521,0.15264047187985366
34,1482,1516,0.15265022151543176
35,1483,1518,0.15265971108412577
32,1469,1501,0.15266417758489412
33,1480,1513,0.15267613214178172
32,1485,1517,0.1526851254380653
31,1480,1511,0.15269665754612585
31,1483,1514,0.15271007239582268
33,1485,1518,0.1527223089238728
34,1493,1527,0.15272896827939408
33,1489,1522,0.15273285345126822
32,1476,1508,0.15273952147308578
33,1483,1516,0.15274836100699507
33,1496,1529,0.1527545237163871
31,1502,1533,0.15276052426464207
31,1490,1521,0.15277088475612705
31,1500,1531,0.1527798859494158
31,1496,1527,0.1527885696830586
32,1493,1525,0.15279692145236595
32,1491,1523,0.15280166250721047
34,1499,1533,0.15280618047062625
33,1495,1528,0.15280515628912641
31,1490,1521,0.1528075046873762
32,1478,1510,0.1528144987204428
32,1479,1511,0.152817402922885
31,1492,1523,0.15282046189209467
31,1488,1519,0.15282596059373962
30,1492,1522,0.15283137497646104
28,1502,1530,0.15283902889063353
28,1501,1529,0.15285105781675073
28,1491,1519,0.15286245737156334
27,1493,1520,0.15287330143037084
27,1492,1519,0.15288621151907228
26,1490,1516,0.15289839867243007
25,1479,1504,0.1529121831983865
28,1484,1512,0.15292764366044687
28,1477,1505,0.15293263657205508
28,1483,1511,0.1529371863120418
28,1486,1514,0.1529415924956056
31,1488,1519,0.15294513208278523
31,1489,1520,0.15293996125133794
31,1489,1520,0.15293550714695667
32,1494,1526,0.15293141179179578
33,1498,1531,0.15292512452086926
31,1501,1532,0.15291660167461626
33,1502,1535,0.15291439324457978
33,1496,1529,0.1529062967068567
31,1493,1524,0.15289933425807922
31,1486,1517,0.15289860693210694
31,1482,1513,0.15289834200576777
31,1488,1519,0.15289846098952245
31,1487,1518,0.1528972972190253
32,1505,1537,0.15289596539566294
33,1504,1537,0.15289287406923674
30,1496,1526,0.15288768905616723
31,1488,1519,0.15289060458437184
30,1493,1523,0.15289113963256426
27,1498,1525,0.15289426223647493
28,1497,1525,0.15290482578623968
28,1494,1522,0.15291183337730124
28,1486,1514,0.15291828156800985
28,1486,1514,0.15292465266461616
28,1487,1515,0.15293091045511037
27,1487,1514,0.1529370261427412
29,1491,1520,0.15294472853978808
30,1483,1513,0.15294667550953867
29,1483,1512,0.15294630096306708
29,1485,1514,0.15294904487909314
29,1489,1518,0.1529518465311358
29,1486,1515,0.15295413909842753
30,1490,1520,0.15295652865072396
31,1485,1516,0.15295600874260698
30,1483,1513,0.15295262149091657
29,1485,1514,0.1529513760630815
29,1488,1517,0.1529529745821315
29,1500,1529,0.152954031234513
28,1500,1528,0.15295463415466493
28,1504,1532,0.15295825840662983
28,1499,1527,0.15296203956054572
28,1488,1516,0.1529659200609653
27,1501,1528,0.15296985187810916
27,1507,1534,0.15297604758357822
27,1498,1525,0.15298208198387017
26,1484,1510,0.15298757617032982
25,1489,1514,0.1529947317393069
26,1488,1514,0.15300401215939016
25,1485,1510,0.15301061604267077
25,1486,1511,0.1530192881051246
25,1485,1510,0.15302762398376565
25,1483,1508,0.1530356188189062
25,1473,1498,0.1530432713051762
23,1488,1511,0.15305058306097366
22,1484,1506,0.15306229566736104
21,1493,1514,0.15307578443638994
21,1481,1502,0.153091094642451
21,1478,1499,0.15310550266720166
21,1483,1504,0.15311905586942487
21,1497,1518,0.15313179997531065
20,1499,1519,0.15314377899659015
20,1487,1507,0.15315732141638594
20,1480,1500,0.15317004397902587
18,1478,1496,0.15318192624148858
19,1488,1507,0.15319768232182593
19,1480,1499,0.15321016704876636
20,1496,1516,0.15322190401396008
21,1497,1518,0.1532297864478647
20,1489,1509,0.1532340697784825
19,1491,1510,0.15324049983537555
19,1491,1510,0.15324901692726509
19,1498,1517,0.15325715376744448
19,1506,1525,0.1532649113464395
18,1497,1515,0.15327229380164376
16,1490,1506,0.15328165657184278
16,1510,1526,0.15329502965411676
16,1516,1532,0.15330765947267114
16,1514,1530,0.15331957810076133
14,1517,1531,0.15333081765191078
14,1501,1515,0.15334612702813807
15,1498,1513,0.15336053648963627
15,1499,1514,0.15337053898019387
15,1490,1505,0.15338010799695037
16,1496,1512,0.15338892367433238
19,1488,1507,0.1533941475753933
18,1501,1519,0.15339049623859358
16,1499,1515,0.15338987507043927
16,1509,1525,0.1533944364540585
16,1503,1519,0.15339903668864355
15,1499,1514,0.15340363000012844
15,1489,1504,0.1534106416584956
15,1489,1504,0.15341741608981382
15,1501,1516,0.15342394016752248
15,1512,1527,0.15343020540081997
15,1503,1518,0.1534362071304153
14,1489,1503,0.15344194384339047
14,1512,1526,0.1534497663597134
14,1510,1524,0.15345718633955008
14,1506,1520,0.15346421644701602
15,1498,1513,0.1534708702929484
15,1511,1526,0.15347403619138558
14,1515,1529,0.15347714145823957
13,1501,1514,0.15348262915073685
13,1509,1522,0.15349034950890986
13,1514,1527,0.15349768245880682
12,1513,1525,0.1535046399460172
12,1495,1507,0.153513622266681
13,1500,1513,0.15352211258611784
13,1508,1521,0.15352698608492454
13,1499,1512,0.1535317010001548
13,1506,1519,0.15353624901338628
15,1506,1521,0.15354062462985327
15,1503,1518,0.15353843152337823
14,1498,1512,0.15353665282056422
14,1488,1502,0.15353822005684592
14,1487,1501,0.15353983017902198
14,1492,1506,0.15354146268578972
13,1511,1524,0.15354310064020932
13,1508,1521,0.1535473104137358
13,1496,1509,0.15355131912116288
13,1493,1506,0.15355513112144462
12,1497,1509,0.15355875158890453
12,1493,1505,0.15356455197153543
13,1504,1517,0.15357002962272945
13,1494,1507,0.15357202868117045
13,1508,1521,0.15357331672360666
13,1505,1518,0.1535747328222392
12,1503,1515,0.15357624351661484
11,1495,1506,0.15358024643438908
11,1495,1506,0.1535866425260004
11,1514,1525,0.15359275685145965
10,1523,1533,0.153598591386026
10,1500,1510,0.15360655208102206
10,1502,1512,0.15361409505270715
10,1510,1520,0.15362123526787766
11,1516,1527,0.15362798828953686
10,1521,1531,0.15363124987355295
9,1509,1518,0.15363687562805153
10,1510,1520,0.1536446741802205
9,1516,1525,0.1536489091285315
9,1521,1530,0.15365550135726902
10,1510,1520,0.15366185558568282
10,1515,1525,0.15366474768406144
10,1516,1526,0.15366768976532597
10,1523,1533,0.15367065025628343
10,1518,1528,0.15367360311833742
10,1518,1528,0.15367652705173693
10,1509,1519,0.15367940480669748
9,1500,1509,0.15368222258743158
9,1498,1507,0.1536875796085452
9,1516,1525,0.15369267246398177
9,1509,1518,0.15369750860187079
11,1499,1510,0.15370209618430206
11,1511,1522,0.15370010582734037
9,1515,1524,0.15369846724489378
9,1498,1507,0.15370260774534836
10,1497,1507,0.15370659737189632
10,1488,1498,0.15370736030563348
10,1499,1509,0.15370823541088915
10,1504,1514,0.1537091958694096
10,1498,1508,0.15370973549798803
10,1484,1494,0.153710412702999
10,1489,1499,0.15371119725652543
11,1491,1502,0.15371206357138992
11,1486,1497,0.15371016803311524
11,1495,1506,0.15370854545347812
11,1514,1525,0.15370716035605222
11,1515,1526,0.15370598171882938
11,1514,1525,0.15370498242047606
11,1509,1520,0.15370413875540156
10,1505,1515,0.15370343000905995
10,1517,1527,0.15370525435759796
10,1508,1518,0.15370703304984146
9,1494,1503,0.15370876083200916
8,1501,1509,0.15371283893090149
8,1501,1509,0.15371913066363393
7,1507,1514,0.15372507674759361
6,1502,1508,0.15373313017545148
7,1512,1519,0.15374308333679135
8,1494,1502,0.15374999762822505
8,1491,1499,0.15375333172603542
9,1498,1507,0.15375658100810752
9,1500,1509,0.1537565025782404
10,1513,1523,0.15375662111442046
9,1514,1523,0.15375410290481667
7,1521,1528,0.15375472958311331
7,1522,1529,0.15376075899434224
7,1517,1524,0.15376569317368652
7,1510,1517,0.15377046649292342
7,1500,1507,0.15377507055762207
7,1523,1530,0.15377949984116163
7,1507,1514,0.15378375120513815
7,1508,1515,0.1537878234884775
7,1512,1519,0.15379171715594425
7,1516,1523,0.15379543399796944
7,1504,1511,0.1537989768747928
7,1501,1508,0.15380234949884491
8,1493,1501,0.15380555625010456
8,1501,1509,0.15380538731843724
8,1518,1526,0.15380535908091042
8,1508,1516,0.1538054463004108
8,1497,1505,0.15380562741939888
7,1508,1515,0.15380588405920848
7,1502,1509,0.15380856682222127
8,1498,1506,0.15381115076084081
8,1505,1513,0.1538111259016911
8,1505,1513,0.15381116957419846
7,1516,1523,0.15381126923017213
7,1515,1522,0.15381386959923532
6,1520,1526,0.15381634334257321
6,1518,1524,0.15382110202985083
7,1521,1528,0.15382559170459006
7,1516,1523,0.1538272741818711
7,1512,1519,0.1538288876467818
7,1513,1520,0.1538304314696756
7,1528,1535,0.15383190572430797
7,1520,1527,0.15383331105580106
7,1519,1526,0.15383464856843843
7,1524,1531,0.15383591973053712
8,1517,1525,0.1538371262940143
8,1526,1534,0.15383505313692722
7,1530,1537,0.15383321606348305
7,1526,1533,0.15383400472155379
6,1508,1514,0.15383482943416762
6,1511,1517,0.15383813387501244
6,1515,1521,0.15384129796182922
6,1514,1520,0.1538443218639257
6,1519,1525,0.1538472068698684
6,1524,1530,0.1538499551685303
6,1519,1525,0.15385256966350294
5,1512,1517,0.15385505381618694
5,1515,1520,0.1538598392923758
5,1506,1511,0.15386435524410844
7,1504,1511,0.15386861468860316
7,1501,1508,0.15386614365249854
5,1518,1523,0.15386404065834683
5,1527,1532,0.15386780618018686
5,1520,1525,0.15387141975561358
5,1509,1514,0.15387487969951671
5,1513,1518,0.1538781859464185
5,1512,1517,0.1538813397436076
5,1514,1519,0.1538843433913791
4,1519,1523,0.15388720002364661
3,1531,1534,0.15389236192509645
3,1526,1529,0.15389965675108935
3,1513,1516,0.15390653292322082
2,1508,1510,0.15391301219921114
2,1525,1527,0.15392155838060023
2,1525,1527,0.15392960269685663
2,1513,1515,0.15393717320795033
2,1508,1510,0.1539442966044023
2,1505,1507,0.15395099824456066
2,1510,1512,0.15395730219587883
2,1516,1518,0.15396323127909822
2,1517,1519,0.15396880711442243
2,1511,1513,0.15397405016892485
2,1506,1508,0.15397897980456457
2,1505,1507,0.15398361432629823
2,1518,1520,0.1539879710298709
3,1510,1513,0.15399206624895156
3,1505,1508,0.153992683794913
4,1506,1510,0.15399336873714806
4,1521,1525,0.15399088760388774
4,1504,1508,0.15398873810219071
4,1501,1505,0.15398687719941198
4,1509,1513,0.1539852674025909
3,1503,1506,0.15398387604545008
3,1509,1512,0.1539855014413373
4,1514,1518,0.1539870702582274
3,1529,1532,0.15398532908444904
3,1514,1517,0.15398627930075923
3,1519,1522,0.1539872917266258
3,1519,1522,0.15398834772008727
3,1508,1511,0.15398943164508647
5,1502,1507,0.15399053044993413
7,1494,1501,0.15398520175800368
7,1504,1511,0.1539740204793898
7,1511,1518,0.1539639641847926
7,1510,1517,0.15395491173878417
7,1510,1517,0.15394675577386516
7,1508,1515,0.1539394010616857
7,1503,1510,0.15393276308250875
7,1516,1523,0.15392676676830505
7,1507,1514,0.15392134539796645
6,1508,1514,0.1539164396258289
6,1515,1521,0.15391460630658155
7,1512,1519,0.1539130027987028
8,1502,1510,0.1539084137726596
7,1522,1529,0.15390114214522768
7,1519,1526,0.15389709633571247
7,1527,1534,0.153893525648948
7,1507,1514,0.15389037431877609
6,1506,1512,0.15388759315356162
6,1494,1500,0.15388758032309982
6,1503,1509,0.1538877037133405
5,1507,1512,0.15388793908864246
5,1512,1517,0.15389089257256694
5,1514,1519,0.15389372448898012
5,1506,1511,0.15389643454118387
5,1516,1521,0.15389902343598816
5,1524,1529,0.1539014926985919
5,1523,1528,0.15390384451419803
5,1526,1531,0.15390608159281582
5,1515,1520,0.15390820705415947
5,1516,1521,0.15391022432994583
5,1503,1508,0.15391213708124163
5,1501,1506,0.1539139491288137
5,1503,1508,0.1539156643946987
5,1508,1513,0.15391728685344175
5,1516,1521,0.1539188204916547
5,1515,1520,0.1539202692747208
5,1507,1512,0.1539216371196268
5,1510,1515,0.15392292787303877
5,1518,1523,0.15392414529385318
5,1512,1517,0.1539252930395597
4,1520,1524,0.15392637465583892
4,1514,1518,0.15392975903267847
4,1514,1518,0.15393293860235535
3,1513,1516,0.15393592451186094
3,1507,1510,0.15394107932815043
3,1523,1526,0.1539459197773407
3,1514,1517,0.15395046380153363
3,1510,1513,0.15395472850605788
3,1504,1507,0.15395873016927783
3,1505,1508,0.1539624842577764
3,1506,1509,0.1539660054457591
3,1498,1501,0.15396930763770994
3,1506,1509,0.15397240399348242
3,1505,1508,0.15397530695514441
3,1516,1519,0.15397802827500745
3,1519,1522,0.15398057904436988
3,1512,1515,0.15398296972258493
3,1513,1516,0.15398521016613745
2,1527,1529,0.15398730965747057
3,1530,1533,0.15399164782639357
3,1522,1525,0.15399327170873822
3,1518,1521,0.15399480180598035
3,1532,1535,0.15399624288668942
3,1525,1528,0.15399759957205256
3,1529,1532,0.1539988763248058
3,1535,1538,0.1540000774415412
3,1525,1528,0.15400120704782658
3,1526,1529,0.15400226909565812
3,1523,1526,0.15400326736283312
3,1523,1526,0.15400346974962004
3,1517,1520,0.1540037537941473
4,1514,1518,0.15400410150693994
4,1516,1520,0.1540012805394408
4,1510,1514,0.1539987924349492
4,1519,1523,0.15399659575942679
3,1511,1514,0.1539946543854941
3,1500,1503,0.15399534050887206
3,1502,1505,0.15399607780962316
4,1503,1507,0.15399685082718798
4,1506,1510,0.15399451733194564
4,1495,1499,0.15399248452340836
4,1494,1498,0.1539907139029329
4,1502,1506,0.1539891718944571
4,1495,1499,0.15398782921449355
4,1492,1496,0.15398666032290767
4,1500,1504,0.1539856429440979
4,1509,1513,0.15398475764953287
4,1522,1526,0.1539839874937652
4,1523,1527,0.1539833176970565
4,1519,1523,0.15398273536863086
4,1513,1517,0.15398222926534547
4,1515,1519,0.15398178958123476
4,1507,1511,0.1539814077639712
4,1509,1513,0.1539810763547921
4,1510,1514,0.15398078884888663
4,1519,1523,0.15398053957362262
4,1528,1532,0.15398032358232894
4,1519,1523,0.15398013656164297
3,1507,1510,0.1539799747506874
3,1507,1510,0.15398227083301633
3,1503,1506,0.15398443703749815
3,1524,1527,0.15398647972104912
3,1520,1523,0.15398840507420608
3,1531,1534,0.1539902191011723
3,1520,1523,0.15399192760509073
3,1502,1505,0.15399353617769765
3,1501,1504,0.15399505019263082
3,1497,1500,0.1539964748017696
3,1497,1500,0.15399781493407588
3,1499,1502,0.15399907529648205
3,1503,1506,0.1540002603764387
3,1510,1513,0.15400137444579454
3,1528,1531,0.15400242156572821
3,1532,1535,0.15400340559249817
3,1528,1531,0.15400433018380968
3,1530,1533,0.15400519880563396
3,1524,1527,0.15400601473933787
3,1523,1526,0.1540067810890088
3,1520,1523,0.15400750078887815
2,1512,1514,0.15400817661076333
2,1513,1515,0.15401120923543055
3,1515,1518,0.1540140568710843
3,1517,1520,0.15401351353379464
3,1528,1531,0.15401310283649752
3,1523,1526,0.15401280350247532
3,1526,1529,0.15401259729191819
3,1514,1517,0.1540124685878623
3,1507,1510,0.15401240403746072
2,1497,1499,0.1540123922412587
2,1506,1508,0.15401482541473854
2,1519,1521,0.15401714899125676
1,1526,1527,0.15401936434842634
1,1520,1521,0.15402386677558563
1,1522,1523,0.15402812146661035
1,1517,1518,0.1540321398376638
1,1503,1504,0.1540359331116925
1,1507,1508,0.1540395122620297
1,1504,1505,0.15404288796865523
1,1516,1517,0.15404607058509565
1,1515,1516,0.1540490701142393
1,1506,1507,0.15405189619159104
1,1505,1506,0.15405455807470791
1,1496,1497,0.15405706463774124
1,1491,1492,0.15405942437017173
1,1501,1502,0.15406164537895958
1,1500,1501,0.15406373539345058
1,1502,1503,0.15406570177248036
1,1509,1510,0.154067551513204
1,1515,1516,0.1540692912612554
1,1506,1507,0.15407092732190125
1,1511,1512,0.15407246567191166
1,1514,1515,0.1540739119719141
1,1503,1504,0.15407527157903797
1,1498,1499,0.15407654955969083
1,1513,1514,0.15407775070233587
1,1519,1520,0.1540788795301649
2,1523,1525,0.15407994031358146
2,1517,1519,0.15407778823038742
2,1510,1512,0.15407585974712104
2,1514,1516,0.15407412948151478
2,1502,1504,0.15407257510640435
2,1511,1513,0.1540711769689134
2,1517,1519,0.15406991775805695
2,1513,1515,0.1540687822145384
2,1524,1526,0.15406775687732124
2,1512,1514,0.15406682986225687
2,1521,1523,0.15406599066865911
2,1515,1517,0.15406523001024802
2,1505,1507,0.15406453966734548
3,1505,1508,0.1540639123576084
3,1508,1511,0.15406014828595627
3,1514,1517,0.1540567314762094
3,1513,1516,0.15405362646741882
3,1515,1518,0.1540508017243535
3,1515,1518,0.15404822917778657
3,1521,1524,0.1540458838205829
3,1512,1515,0.15404374335266444
3,1510,1513,0.15404178786879896
3,1505,1508,0.1540399995839199
3,1508,1511,0.15403836259134757
3,1519,1522,0.15403686264986335
3,1526,1529,0.154035486996094
3,1528,1531,0.1540342241791066
3,1520,1523,0.15403306391450053
3,1526,1529,0.15403199695562197
3,1530,1533,0.15403101497981997
3,1520,1523,0.15403011048792314
3,1516,1519,0.1540292767153401
3,1516,1519,0.15402850755338549
3,1506,1509,0.1540277974796046
2,1511,1513,0.1540271414960218
2,1521,1523,0.15402897837642546
1,1523,1524,0.15403070608566846
1,1511,1512,0.15403473872839538
1,1503,1504,0.15403852732879741
0,1506,1506,0.15404208601361527
