1368,28,1396,0.13579578506149084
1401,29,1430,0.132948290146701
1415,30,1445,0.13026715428686358
1435,29,1464,0.12778992871089478
1445,27,1472,0.12548300227356454
1454,27,1481,0.12335579009622837
1450,26,1476,0.12139833549434773
1468,25,1493,0.11962859751341774
1478,26,1504,0.11797297440968915
1471,28,1499,0.11644063783239311
1466,28,1494,0.11506431526321494
1472,28,1500,0.11382553329278323
1480,29,1509,0.11268449523538625
1477,29,1506,0.1116277728661198
1482,28,1510,0.11067333203776802
1475,27,1502,0.10979565656767246
1480,28,1508,0.10901507823379213
1458,28,1486,0.10829418440528386
1463,28,1491,0.10769146760451744
1462,28,1490,0.1071309934697538
1457,30,1487,0.10662404228210468
1448,32,1480,0.10617454664517897
1451,32,1483,0.10578853664808807
1446,32,1478,0.10543134292048638
1455,32,1487,0.10511701008384496
1450,32,1482,0.10481215241004575
1446,31,1477,0.10454449216399436
1460,31,1491,0.10430961501127076
1451,29,1480,0.10406564930768152
1461,27,1488,0.10386581898001335
1452,27,1479,0.1036600641951242
1461,28,1489,0.10349284900898155
1469,27,1496,0.1033193092971122
1461,28,1489,0.10314484590882347
1462,26,1488,0.10300375004230725
1467,27,1494,0.10287417248051517
1455,26,1481,0.10274297608991029
1445,27,1472,0.10264938611318199
1445,25,1470,0.10258610292051261
1450,26,1476,0.10253164067357769
1469,26,1495,0.10247034360135897
1454,27,1481,0.10237133028504285
1462,27,1489,0.10231398747342141
1469,28,1497,0.10224373143137398
1466,28,1494,0.10216623052956869
1475,25,1500,0.10210093928551174
1476,26,1502,0.10202080273027886
1477,25,1502,0.10194697714288024
1477,26,1503,0.10187654729773123
1463,28,1491,0.10181293979184484
1458,31,1489,0.10178593318057189
1468,33,1501,0.10177464833005166
1460,34,1494,0.10174251109621568
1456,36,1492,0.10173071225974177
1457,34,1491,0.10173071683903437
1455,35,1490,0.1017292162540482
1455,34,1489,0.10173280017263846
1446,35,1481,0.10173699387895092
1457,35,1492,0.10176266154243463
1459,35,1494,0.10176119046218123
1450,37,1487,0.10175209820773479
1454,38,1492,0.1017642657310045
1451,41,1492,0.1017678418888557
1463,43,1506,0.10177840003183425
1448,43,1491,0.10176084597033995
1460,43,1503,0.10177950149085957
1460,42,1502,0.10176887512911666
1466,41,1507,0.10175984502559271
1455,45,1500,0.1017400310190391
1453,45,1498,0.10174514547630194
1457,44,1501,0.10175698121838848
1454,43,1497,0.10175840564844037
1456,44,1500,0.10176619010447119
1453,45,1498,0.10176851109670998
1442,45,1487,0.10177811176094624
1435,47,1482,0.10181118674801859
1440,47,1487,0.10185714197853687
1442,46,1488,0.10188704022151886
1421,46,1467,0.10190974744737749
1438,48,1486,0.10197855516928676
1444,48,1492,0.10200405754547308
1442,47,1489,0.10201583582036221
1443,48,1491,0.1020310716430271
1452,47,1499,0.10204097169125106
1458,50,1508,0.10203129810477068
1455,49,1504,0.10200925099294196
1449,46,1495,0.10199682707089305
1449,42,1491,0.10199600249606827
1450,43,1493,0.10199567398164429
1439,46,1485,0.10199480882972158
1440,47,1487,0.10201859713595308
1437,48,1485,0.10203849639500628
1437,49,1486,0.10206340825455143
1436,50,1486,0.10208721183208015
1432,53,1485,0.10211323535812201
1436,54,1490,0.1021474134690876
1425,56,1481,0.10216975191563943
1428,54,1482,0.10221332099756772
1431,53,1484,0.10224764954784049
1442,54,1496,0.10227347792755567
1431,54,1485,0.10227180259801535
1425,54,1479,0.10229615934996371
1426,53,1479,0.10233154373523905
1427,53,1480,0.10236116992813721
1433,52,1485,0.10238580219993322
1441,50,1491,0.10239570095508548
1455,50,1505,0.10238253478309561
1453,50,1503,0.10234011159019946
1443,48,1491,0.10230382571755957
1433,47,1480,0.10229196125493352
1425,51,1476,0.1023039276774891
1438,51,1489,0.10233522425640547
1439,52,1491,0.10233482861338437
1441,51,1492,0.10233230604994648
1425,51,1476,0.10232430710900119
1431,51,1482,0.10235211676079085
1438,50,1488,0.10236557767608266
1440,53,1493,0.10236247067928197
1444,54,1498,0.10235418456653761
1449,52,1501,0.10233660995989094
1441,56,1497,0.10230999586482412
1442,55,1497,0.10230550665665694
1446,56,1502,0.10230023709195776
1443,58,1501,0.10228617624607786
1428,57,1485,0.10227898719394676
1436,58,1494,0.10230869113480587
1427,60,1487,0.10231962689659731
1435,60,1495,0.10234503503483516
1433,59,1492,0.10235115556770097
1432,58,1490,0.10236169522746245
1442,58,1500,0.10237444918397454
1438,55,1493,0.10236257652167872
1434,55,1489,0.10235993356044207
1438,56,1494,0.10236795119910236
1444,59,1503,0.10236681416693372
1445,62,1507,0.10235268228848593
1454,63,1517,0.10233744769676328
1452,65,1517,0.1023036038428094
1459,65,1524,0.10227589968290124
1444,65,1509,0.10223533004250336
1443,67,1510,0.10223163240621998
1433,68,1501,0.10223115217224944
1433,68,1501,0.10225425391450788
1440,71,1511,0.10227692664670551
1439,72,1511,0.10228165863136325
1440,74,1514,0.10228812370945597
1422,74,1496,0.10229182832745924
1428,70,1498,0.10233608075624609
1423,70,1493,0.10236565457268293
1423,71,1494,0.102403784599005
1424,70,1494,0.10244006241378631
1411,72,1483,0.1024702090821798
1414,72,1486,0.10252805804675606
1407,77,1484,0.10257501718996942
1409,83,1492,0.10263365367901088
1405,84,1489,0.10268483540049285
1409,84,1493,0.10274129734611172
1413,81,1494,0.10278435268386751
1401,81,1482,0.10281454582904694
1413,80,1493,0.10286852691912517
1417,84,1501,0.10289035634629076
1414,82,1496,0.10290334341276815
1411,83,1494,0.10292271243930103
1411,86,1497,0.10294700786757595
1415,83,1498,0.10296943869667087
1412,80,1492,0.10298133158135593
1420,81,1501,0.10299736923803379
1428,78,1506,0.10299393675695616
1417,79,1496,0.10297090490831502
1411,76,1487,0.10297801977836926
1409,81,1490,0.102999652028221
1410,83,1493,0.10302364188193365
1412,84,1496,0.1030430528093182
1417,86,1503,0.10305598696201627
1418,86,1504,0.1030579829428497
1405,88,1493,0.10305726927618686
1401,82,1483,0.1030875990465788
1414,81,1495,0.10312526533752346
1424,80,1504,0.10313016652217186
1412,81,1493,0.10311014591408466
1413,82,1495,0.1031187476953375
1410,84,1494,0.10312542733468145
1411,86,1497,0.10313841764249478
1409,85,1494,0.10314923984919129
1407,83,1490,0.1031633426163878
1411,84,1495,0.10317923281501816
1418,83,1501,0.1031841515294375
1411,87,1498,0.10317269586308132
1418,87,1505,0.1031801844239778
1409,87,1496,0.10317320551594472
1415,88,1503,0.10318609573573116
1418,88,1506,0.10318309703378219
1408,88,1496,0.10317456164164888
1399,91,1490,0.10318843789509659
1402,92,1494,0.10322139791164694
1397,92,1489,0.10324755681297706
1399,91,1490,0.10328369416451785
1398,93,1491,0.10331340988699371
1403,98,1501,0.10334280665022252
1389,93,1482,0.10335935587492846
1382,96,1478,0.10340613057617293
1372,97,1469,0.1034634377061542
1379,99,1478,0.10353890528996938
1394,99,1493,0.10359338913076294
1384,104,1488,0.10360847124027796
1377,105,1482,0.10364587009906105
1379,103,1482,0.10369676864956116
1383,104,1487,0.103741166038794
1390,101,1491,0.10377191906636667
1386,101,1487,0.10378565569100368
1395,99,1494,0.10380367887822896
1399,102,1501,0.1038003264969596
1407,104,1511,0.1037900917135875
1405,106,1511,0.10376361212536254
1401,103,1504,0.10374503024484111
1401,105,1506,0.10373450161576407
1391,107,1498,0.10372340354001337
1394,108,1502,0.10373848948100112
1398,112,1510,0.10374843618101609
1398,114,1512,0.1037501793240634
1387,118,1505,0.10375031106351275
1381,120,1501,0.10377520623866979
1382,123,1505,0.10381335339276244
1374,123,1497,0.10384863713853747
1365,127,1492,0.10390070949386283
1365,126,1491,0.1039688674483133
1376,129,1505,0.1040338050819458
1377,129,1506,0.10406960163064578
1379,129,1508,0.10409842686772423
1369,127,1496,0.10412031592549884
1375,124,1499,0.10416277869127245
1366,124,1490,0.104188977406884
1371,133,1504,0.10423330928716647
1361,134,1495,0.10426325662314533
1365,140,1505,0.10431363211843368
1351,139,1490,0.10435273252902669
1343,138,1481,0.1044201766205159
1337,141,1478,0.10450087970928919
1345,139,1484,0.10459128998100727
1358,139,1497,0.10465541175897142
1360,143,1503,0.1046840924958036
1358,140,1498,0.10470595703125973
1351,135,1486,0.1047301292746436
1354,138,1492,0.10476583433440194
1356,139,1495,0.10479475616512929
1361,140,1501,0.10481555662472494
1359,139,1498,0.10482428457107018
1352,140,1492,0.1048389449529803
1363,142,1505,0.10486718638175882
1352,139,1491,0.10487028827859557
1354,135,1489,0.10489650679448227
1352,131,1483,0.1049150924785697
1353,132,1485,0.10493572086029598
1362,136,1498,0.10495266781748239
1351,139,1490,0.10494629743927464
1351,140,1491,0.10496487868227079
1347,137,1484,0.10498272616401769
1351,139,1490,0.10500674261228214
1357,140,1497,0.10501871065723158
1361,142,1503,0.10501581807985351
1362,142,1504,0.10500311631257951
1371,142,1513,0.10499018598852844
1371,144,1515,0.1049586124819929
1380,151,1531,0.1049291630982124
1355,150,1505,0.10488368058266008
1352,148,1500,0.1048994926949796
1354,140,1494,0.10492050103794835
1351,144,1495,0.10493734498427072
1343,143,1486,0.10495811775151234
1342,146,1488,0.10499517681100447
1354,147,1501,0.10503328801452229
1347,149,1496,0.10504296238146331
1326,152,1478,0.10506724615587792
1334,156,1490,0.10513714000858711
1334,158,1492,0.1051838413036003
1335,165,1500,0.10522740559546767
1343,170,1513,0.10526366807584629
1334,166,1500,0.10528092376464596
1326,164,1490,0.1053183300081897
1318,166,1484,0.10537222902740613
1332,170,1502,0.10544311761353377
1328,171,1499,0.10547581615834326
1322,172,1494,0.10551336230658113
1327,176,1503,0.10556420702786332
1331,179,1510,0.10560172411822605
1332,180,1512,0.10562856889188475
1312,177,1489,0.10565097985584565
1315,179,1494,0.10571751259206068
1322,182,1504,0.10577418642938934
1317,180,1497,0.10581262593396377
1330,175,1505,0.10585652492208823
1332,178,1510,0.10586774114726323
1330,176,1506,0.10587253698045783
1320,173,1493,0.10588204733994779
1318,173,1491,0.10591340727073618
1319,173,1492,0.10595078894848527
1305,176,1481,0.10598219484853225
1309,178,1487,0.10604286867610395
1314,170,1484,0.10608858323070372
1326,175,1501,0.10611822830102927
1321,175,1496,0.10611999844135092
1318,172,1490,0.10612820193598164
1313,170,1483,0.10614193872850403
1324,165,1489,0.1061652438259799
1309,170,1479,0.10616342773950732
1327,167,1494,0.1061967841965173
1310,165,1475,0.1061829015588895
1328,169,1497,0.10620883229832564
1316,168,1484,0.1061946556208705
1328,166,1494,0.1062077103392457
1331,169,1500,0.10619177257747761
1330,166,1496,0.10617016385571461
1321,166,1487,0.10615178016016025
1318,168,1486,0.10615520740607554
1307,161,1468,0.10616692381321641
1327,161,1488,0.10620340732875246
1340,162,1502,0.10618868444083844
1338,164,1502,0.10614631081140866
1337,170,1507,0.10611075034559175
1339,167,1506,0.10608042100761647
1326,167,1493,0.10604937002852345
1324,167,1491,0.10605280167247008
1314,165,1479,0.10606068361931464
1322,161,1483,0.10609212928736614
1324,163,1487,0.106103287765745
1319,163,1482,0.10610624726342173
1312,162,1474,0.106118065682477
1324,163,1487,0.10614406782858288
1318,166,1484,0.10614010605401233
1328,163,1491,0.10614897375000532
1330,163,1493,0.10613441604574808
1342,160,1502,0.10611491425396802
1348,162,1510,0.10606960556074752
1342,158,1500,0.10601311369588505
1343,162,1505,0.1059755546270515
1335,161,1496,0.10593965303726399
1334,160,1494,0.10592389671838816
1335,161,1496,0.10591360516819112
1324,161,1485,0.10590099258268364
1322,162,1484,0.1059146047522029
1331,161,1492,0.10593289459502145
1338,162,1500,0.10592741282939666
1339,165,1504,0.10590778944670483
1337,164,1501,0.10588747659226941
1339,160,1499,0.10587373474247247
1333,162,1495,0.10585856316981147
1321,163,1484,0.10585498359055716
1320,159,1479,0.10587997258031884
1308,162,1470,0.1059031141920299
1316,165,1481,0.10595202561752323
1332,166,1498,0.10598054006440139
1338,163,1501,0.10597163110676913
1323,166,1489,0.10594974484529879
1336,168,1504,0.10596438474558777
1337,167,1504,0.10594936968720708
1339,169,1508,0.10593295074440653
1334,163,1497,0.10591300436674857
1330,163,1493,0.10590425183705539
1323,167,1490,0.1059046031984508
1334,168,1502,0.10592317226672161
1325,168,1493,0.10591631494433568
1324,172,1496,0.10593315898448616
1328,170,1498,0.10594885456463196
1329,169,1498,0.10595459259332539
1321,173,1494,0.10595599172633456
1329,175,1504,0.10597666874425765
1320,174,1494,0.10597718537732423
1322,174,1496,0.1059990363507141
1330,179,1509,0.10601641029410766
1327,181,1508,0.10601477041579996
1327,184,1511,0.10602009054024811
1321,179,1500,0.10602672028996551
1319,171,1490,0.10604485477099003
1324,174,1498,0.10606759869367417
1318,168,1486,0.1060764527515621
1320,166,1486,0.10609596668081973
1322,167,1489,0.10610873056058939
1334,167,1501,0.10611789279008406
1337,174,1511,0.10609892503464965
1329,175,1504,0.10607525406704318
1328,173,1501,0.10607067864576815
1330,177,1507,0.10606943451472453
1323,166,1489,0.10606388330639982
1312,168,1480,0.10607457952306813
1314,171,1485,0.10610833702310515
1311,174,1485,0.1061360657556553
1315,169,1484,0.10616948945116185
1325,169,1494,0.10619037427169273
1327,164,1491,0.10618696161923986
1312,167,1479,0.10617758129049236
1318,166,1484,0.10620073256459665
1329,165,1494,0.10620742164804385
1317,168,1485,0.10619031803713891
1317,167,1484,0.1061993766608622
1324,169,1493,0.10620907304121968
1323,171,1494,0.10620265356883808
1319,171,1490,0.10619957149924789
1321,173,1494,0.10620581697399688
1308,180,1488,0.10620570595838703
1322,179,1501,0.10623428223192985
1332,175,1507,0.1062308125068687
1334,177,1511,0.10620256494560937
1330,176,1506,0.10617302668283037
1330,171,1501,0.10615611178547203
1331,169,1500,0.10614143441838443
1340,172,1512,0.10612313313399355
1324,173,1497,0.10608517815518854
1318,172,1490,0.10608671112437908
1326,172,1498,0.10610290025497861
1308,165,1473,0.10609841272683482
1313,164,1477,0.10613505875343801
1323,163,1486,0.10615517968964493
1319,168,1487,0.1061489497172256
1320,169,1489,0.10615163178077204
1321,163,1484,0.10615291484573028
1325,167,1492,0.10615321371068122
1329,166,1495,0.10614487012656877
1327,165,1492,0.10612896085104408
1342,170,1512,0.10611931457321805
1347,172,1519,0.10607484840936598
1341,174,1515,0.10602351051742966
1336,173,1509,0.10599001176129896
1353,168,1521,0.1059707578291113
1354,165,1519,0.10591632413842898
1349,162,1511,0.10586121218273574
1352,160,1512,0.10582105490645052
1342,160,1502,0.10577704343552184
1322,161,1483,0.10576089657270245
1324,162,1486,0.10578880065453575
1334,167,1501,0.10581199106062211
1335,166,1501,0.10580977359629964
1339,161,1500,0.10580776629906861
1347,158,1505,0.10579772205651711
1344,161,1505,0.10576854812920432
1335,154,1489,0.1057488848081476
1339,151,1490,0.1057515573015689
1330,153,1483,0.10574062627839394
1324,156,1480,0.10575141153646025
1324,157,1481,0.10577487216850694
1330,161,1491,0.10579907287245069
1331,160,1491,0.10580675191289192
1332,161,1493,0.1058113929368287
1323,167,1490,0.1058122933880669
1319,165,1484,0.10583453560832322
1322,166,1488,0.10586595663924424
1327,169,1496,0.10588797813319265
1318,176,1494,0.10589678075400424
1319,175,1494,0.10592389587629487
1328,179,1507,0.10594896603929005
1332,178,1510,0.10595158038026603
1329,178,1507,0.1059470481731844
1313,180,1493,0.10594955594786384
1312,178,1490,0.10598853219066731
1316,173,1489,0.10602701578030746
1310,182,1492,0.10605258827482969
1308,186,1494,0.10609177171234631
1310,185,1495,0.10613357932441249
1300,188,1488,0.10616859523465987
1296,192,1488,0.10622577505216803
1309,193,1502,0.10628825548891918
1311,191,1502,0.10631498102769193
1303,190,1493,0.10633478235179815
1310,190,1500,0.10637259813180858
1320,192,1512,0.10639255594891467
1313,189,1502,0.10638824617010942
1312,191,1503,0.1063996422051756
1311,190,1501,0.10641322928681582
1312,195,1507,0.10642724470143779
1304,197,1501,0.10643825810536142
1306,204,1510,0.10646739320278414
1303,205,1508,0.10649150409934802
1296,207,1503,0.10652285984172187
1301,206,1507,0.10656657133548919
1308,206,1514,0.1065984052651267
1313,206,1519,0.10661260741297016
1306,206,1512,0.10661319436951203
1311,204,1515,0.10663190445428057
1315,203,1518,0.10663670737229068
1305,203,1508,0.10663223598823318
1307,209,1516,0.10665293173432133
1288,211,1499,0.10666854758860005
1296,213,1509,0.10672570174401938
1289,212,1501,0.10675993073481062
1286,215,1501,0.10680726548301724
1287,216,1503,0.10685745409967655
1287,216,1503,0.10690438870720553
1290,215,1505,0.10694766256770465
1285,212,1497,0.10698113730728508
1289,211,1500,0.10702161719769872
1286,204,1490,0.10704838788394883
1287,209,1496,0.10707874261934552
1285,211,1496,0.1071045065521799
1295,211,1506,0.10712932794280407
1296,214,1510,0.10713098237819504
1284,214,1498,0.10713189978698164
1283,217,1500,0.10715868969376378
1292,218,1510,0.10718679150830134
1282,222,1504,0.10719407791270202
1278,225,1503,0.10722348071980072
1281,222,1503,0.10726005440715142
1289,221,1510,0.10728561378075707
1282,224,1506,0.1072923141483259
1276,219,1495,0.10731595437542481
1284,216,1500,0.10735108078376061
1274,218,1492,0.10736512340417625
1291,220,1511,0.10739992018166367
1288,219,1507,0.10739077434528864
1279,226,1505,0.10739151320650152
1277,229,1506,0.1074135793174252
1265,236,1501,0.10743817021577748
1272,237,1509,0.10748950891219522
1278,235,1513,0.10752244114055184
1268,237,1505,0.1075397616075605
1255,235,1490,0.10758142648337345
1260,232,1492,0.10764703960874197
1278,230,1508,0.10769380696596195
1270,236,1506,0.10769601882358845
1274,235,1509,0.10771717144443034
1279,243,1522,0.1077251776133007
1257,243,1500,0.10772464596131638
1246,249,1495,0.10777316242264683
1239,251,1490,0.10784278348668358
1233,249,1482,0.10792421156454701
1233,250,1483,0.10801380481970081
1241,249,1490,0.10809538486759256
1243,247,1490,0.10815145993411625
1245,252,1497,0.10819950918910841
1250,253,1503,0.10823822154451015
1238,257,1495,0.1082641788803262
1238,262,1500,0.10831487872236448
1239,258,1497,0.1083637468215303
1237,260,1497,0.10840658972246875
1237,259,1496,0.10845210073845855
1241,259,1500,0.10849655473507624
1243,254,1497,0.10852956433852395
1246,255,1501,0.10855406212513753
1250,257,1507,0.10856936965144567
1247,250,1497,0.10857257853184059
1256,248,1504,0.1085824170149699
1245,240,1485,0.10856814280261216
1250,241,1491,0.1085791816260946
1240,242,1482,0.1085762712027709
1250,247,1497,0.10859788613038607
1244,241,1485,0.10859487879678435
1236,244,1480,0.10860460866781388
1235,250,1485,0.10863207290097736
1239,249,1488,0.10865591303000642
1241,248,1489,0.10867265363379972
1236,253,1489,0.10868284184026172
1236,250,1486,0.10870527093720721
1234,255,1489,0.10872628509167793
1230,268,1498,0.10875133612531468
1231,267,1498,0.10878626201925994
1214,265,1479,0.10881691313915486
1219,267,1486,0.10888433004184325
1227,271,1498,0.10893319700892197
1221,274,1495,0.10896138515417852
1223,275,1498,0.10900078817969573
1206,278,1484,0.10903370306477686
1205,273,1478,0.10910124451609732
1214,274,1488,0.10916853354553695
1209,271,1480,0.10921252716050134
1211,275,1486,0.1092627101098008
1221,286,1507,0.1093042065215225
1216,288,1504,0.10931963874661217
1208,282,1490,0.1093458328573156
1206,282,1488,0.10939054197765655
1210,282,1492,0.10943793309945266
1213,289,1502,0.1094721230409949
1206,282,1488,0.1094971891827187
1220,280,1500,0.10953505778737764
1213,279,1492,0.10953763980876907
1207,282,1489,0.10955571576683623
1207,286,1493,0.10958415863562301
1194,294,1488,0.10961283599500848
1196,294,1490,0.1096691090924272
1201,294,1495,0.10971951569848093
1205,295,1500,0.10975152584862669
1200,294,1494,0.10977284736322311
1189,301,1490,0.10980545045256473
1191,302,1493,0.10985978582125411
1172,296,1468,0.1099062954680386
1183,299,1482,0.1099964755697356
1186,292,1478,0.11005405188992742
1194,291,1485,0.11009830333676016
1199,291,1490,0.1101234794253464
1204,292,1496,0.11013291837169278
1206,298,1504,0.11013035825243328
1203,294,1497,0.11012458560779384
1205,295,1500,0.11012909408883066
1203,296,1499,0.11012741331884995
1204,303,1507,0.11012965181497539
1209,299,1508,0.1101272777172931
1204,305,1509,0.11011612091718562
1209,303,1512,0.11011922393776676
1199,305,1504,0.11011250703894385
1213,298,1511,0.11012996630390026
1204,305,1509,0.11011010244835799
1202,304,1506,0.1101144754901448
1205,299,1504,0.11012285697028518
1206,292,1498,0.11012585444454541
1190,297,1487,0.11012408142121963
1184,299,1483,0.11015965936198575
1185,300,1485,0.11020431385916428
1195,302,1497,0.11024574776129366
1193,297,1490,0.11026060458757757
1209,297,1506,0.11028114520138675
1207,300,1507,0.11026216224965303
1203,305,1508,0.11025040254896826
1213,297,1510,0.11024854218004304
1191,299,1490,0.11022272570171497
1198,298,1496,0.11024755832829534
1197,300,1497,0.11025746285157599
1199,293,1492,0.1102667957387844
1200,299,1499,0.11027381643411385
1199,303,1502,0.11027863581508658
1196,305,1501,0.11028489607461474
1200,303,1503,0.11029650518400444
1197,303,1500,0.1102992758224934
1191,303,1494,0.11030730703433445
1203,304,1507,0.11033108113032941
1196,302,1498,0.11032667512880792
1197,309,1506,0.1103376935792521
1181,309,1490,0.11034609742088226
1186,306,1492,0.11038966260210512
1186,304,1490,0.11041896503313339
1170,306,1476,0.11044666985723797
1178,309,1487,0.11050884078750492
1173,309,1482,0.11054753595083269
1177,311,1488,0.11059493195845688
1173,312,1485,0.11062989359071931
1177,317,1494,0.11067126462957415
1180,312,1492,0.11070349439494905
1185,314,1499,0.11072747036247786
1190,313,1503,0.11073642043403117
1186,312,1498,0.110733744934433
1189,311,1500,0.11074056803017954
1189,314,1503,0.11073943251479164
1190,315,1505,0.1107393957228577
1174,313,1487,0.11073642979179316
1182,314,1496,0.11077180741541849
1179,316,1495,0.11078883866964087
1187,314,1501,0.11081082269390667
1200,311,1511,0.11081314347547605
1194,308,1502,0.1107854749009978
1194,306,1500,0.11077395232152465
1193,309,1502,0.11076257162103914
1183,307,1490,0.11075270822530836
1176,308,1484,0.11076608977063795
1189,307,1496,0.11079596679978267
1179,305,1484,0.11079469898257324
1184,309,1493,0.11081692178202893
1175,317,1492,0.11082396918909755
1181,323,1504,0.11085059977758054
1173,329,1502,0.1108598006724156
1191,322,1513,0.11088757854945498
1194,321,1515,0.11087246611917695
1191,320,1511,0.11085396907590184
1185,326,1511,0.1108438655827221
1185,324,1509,0.11084891958882218
1169,327,1496,0.110855513813009
1176,328,1504,0.11089721876997193
1157,337,1494,0.11091919067432376
1162,331,1493,0.1109838956093994
1162,331,1493,0.11103212714585217
1150,338,1488,0.11107765304617169
1151,337,1488,0.11114675769741861
1158,341,1499,0.11120898755959514
1151,341,1492,0.11125116781288558
1154,344,1498,0.111305720065699
1149,355,1504,0.11134832821737227
1147,345,1492,0.11139864601928394
1140,340,1480,0.11144902367496719
1141,348,1489,0.11151301392752781
1147,346,1493,0.1115709696603146
1142,349,1491,0.11161196671190815
1153,353,1506,0.11166408283476212
1159,359,1518,0.11168682259108072
1163,358,1521,0.11169067741395039
1159,358,1517,0.11168659365377813
1147,353,1500,0.11169141387807638
1148,360,1508,0.11172519380907982
1142,358,1500,0.11175554157681407
1143,351,1494,0.11180025530930028
1153,352,1505,0.11184044571849705
1144,358,1502,0.11185402217024336
1150,357,1507,0.11188520659199237
1148,359,1507,0.11189850193714382
1142,359,1501,0.11191693505916668
1150,360,1510,0.11194745914592033
1157,363,1520,0.11195847146935015
1148,359,1507,0.11195464982632497
1154,351,1505,0.11197147246326698
1159,357,1516,0.1119722395511001
1154,354,1508,0.11195996774531278
1145,358,1503,0.11195913365235619
1149,358,1507,0.11197972378871011
1156,363,1519,0.1119911878860378
1141,355,1496,0.1119861778753187
1150,347,1497,0.11201664943366428
1157,347,1504,0.1120218214226289
1159,352,1511,0.11201164088409911
1146,352,1498,0.11199918609806293
1152,359,1511,0.11201662995565939
1159,355,1514,0.11201960878498961
1153,349,1502,0.11200514148943029
1154,350,1504,0.11200311681910848
1153,355,1508,0.11200239921978655
1141,350,1491,0.11200412821978248
1154,351,1505,0.1120332263147257
1160,348,1508,0.11202884372036348
1150,348,1498,0.11200756707300628
1148,337,1485,0.11201044141691857
1145,344,1489,0.1120180293768342
1147,348,1495,0.11203079074541339
1144,354,1498,0.11203840537858004
1132,353,1485,0.11205158411754577
1133,355,1488,0.11209207087056391
1148,352,1500,0.11212718012968359
1147,349,1496,0.11212414974304533
1153,350,1503,0.11212133572782826
1146,356,1502,0.1121048347832571
1131,349,1480,0.11210655164937475
1131,354,1485,0.11214243823637111
1148,359,1507,0.11217406862071756
1138,370,1508,0.11216533067931664
1146,367,1513,0.11218145599216035
1136,372,1508,0.11217900194329573
1131,372,1503,0.11219936582672563
1117,369,1486,0.11223153784485163
1124,368,1492,0.1122958335673372
1133,362,1495,0.11233657206166342
1144,367,1511,0.11235116088636421
1143,358,1501,0.11233871615084393
1141,356,1497,0.11232866837587795
1133,361,1494,0.1123245350692335
1140,366,1506,0.11233545823869245
1128,365,1493,0.11233116336113909
1131,364,1495,0.11235644610394868
1141,365,1506,0.11237242263361569
1137,356,1493,0.11236705952426278
1127,362,1489,0.11236878594954262
1122,363,1485,0.1123952248521475
1127,364,1491,0.1124305414337607
1122,362,1484,0.11245149181855245
1122,365,1487,0.11248274121153233
1121,367,1488,0.11250958162599815
1131,364,1495,0.11253568289926413
1145,364,1509,0.11253649549453609
1150,357,1507,0.11250407803391725
1148,363,1511,0.11246398987110381
1140,372,1512,0.11243473297737641
1134,369,1503,0.11242713332851073
1131,369,1500,0.11243577932770826
1128,369,1497,0.1124515990870172
1138,368,1506,0.11247468498267384
1134,363,1497,0.11247297524325914
1128,365,1493,0.11247677771039694
1131,366,1497,0.11249443475921321
1129,367,1496,0.11250332495895934
1130,370,1500,0.112515754525473
1127,379,1506,0.11252614402270628
1122,382,1504,0.11254333414234857
1118,379,1497,0.11257285172614702
1121,385,1506,0.1126106223122251
1114,390,1504,0.11263756254500493
1116,386,1502,0.11267854207106748
1120,391,1511,0.11271354904307693
1120,392,1512,0.11273837011062458
1119,387,1506,0.11276135472765249
1120,385,1505,0.11278644731488986
1116,384,1500,0.11280584667832287
1117,389,1506,0.11283026182521247
1117,387,1504,0.11285278226646224
1107,386,1493,0.11287537708923946
1105,395,1500,0.11292030079806054
1102,395,1497,0.11296765474590523
1098,402,1500,0.11301662248158201
1097,401,1498,0.11307098135682538
1096,405,1501,0.1131267713006359
1091,412,1503,0.11318362682209311
1081,406,1487,0.11324788775546128
1085,419,1504,0.11333211056790769
1075,423,1498,0.11340291869358252
1075,433,1508,0.11349230360722068
1078,433,1511,0.1135770714193686
1071,436,1507,0.11364850247945416
1066,435,1501,0.11373218864058376
1069,435,1504,0.11382230359216734
1068,430,1498,0.113900351701283
1069,422,1491,0.11397565248921411
1067,432,1499,0.1140420220290546
1062,437,1499,0.11410875309454148
1059,445,1504,0.11418054969721778
1051,449,1500,0.1142581288960534
1046,455,1501,0.11434735431768385
1064,455,1519,0.11443931543949416
1055,450,1505,0.11447867562046841
1057,447,1504,0.11453715664024941
1046,454,1500,0.11458709312232618
1048,443,1491,0.11465966093584697
1060,443,1503,0.11472304557050209
1063,443,1506,0.11475333566805848
1063,444,1507,0.11477222277325336
1058,441,1499,0.11478956937604945
1060,437,1497,0.11481774024266173
1045,436,1481,0.1148372830880443
1055,432,1487,0.11489067760755434
1061,437,1498,0.11491608179940145
1065,441,1506,0.11492410662524759
1055,441,1496,0.11492288402699287
1053,442,1495,0.11494697162813974
1053,444,1497,0.11497515222283412
1056,445,1501,0.11500045127967219
1050,440,1490,0.11501795602759757
1066,433,1499,0.1150492447347437
1058,446,1504,0.11504030284522848
1057,443,1500,0.11505041952632851
1068,440,1508,0.11506096911196934
1060,447,1507,0.11504478584106632
1050,448,1498,0.1150507936950874
1044,456,1500,0.11508137382556047
1050,446,1496,0.1151262106634971
1047,451,1498,0.11515477075456639
1043,454,1497,0.11519017051132291
1039,452,1491,0.11523178673186277
1041,460,1501,0.11528032574639831
1041,459,1500,0.11532211393399545
1048,458,1506,0.1153625881409246
1049,456,1505,0.1153818061595384
1036,465,1501,0.11539894540565392
1030,466,1496,0.11544505273061567
1037,469,1506,0.11550294132129632
1042,470,1512,0.11554032546574636
1027,471,1498,0.11556478654851819
1025,478,1503,0.11562091032331198
1026,476,1502,0.11567844520145258
1016,476,1492,0.11572910732722416
1027,470,1497,0.11579858808329181
1025,477,1502,0.11583979762754593
1016,484,1500,0.11588372638160692
1008,486,1494,0.11594246104336586
1015,486,1501,0.11601562975198869
1021,484,1505,0.11606651080797425
1016,483,1499,0.11610062066070573
1019,479,1498,0.11614373736523685
1029,481,1510,0.11617718291905543
1024,484,1508,0.11618053399152814
1022,490,1512,0.11619577404427474
1033,484,1517,0.11621423107639582
1024,476,1500,0.1162097961402231
1032,477,1509,0.11622564345657267
1018,464,1482,0.11622255661628314
1012,478,1490,0.1162500710929045
1020,487,1507,0.11628934065196331
1017,486,1503,0.11630797621690457
1022,487,1509,0.11633193956995783
1019,484,1503,0.11634460974975039
1021,481,1502,0.11636508400517244
1010,479,1489,0.11637698735365444
1018,475,1493,0.11641508441250614
1006,472,1478,0.11642960355304684
1004,484,1488,0.11647109601863527
1011,478,1489,0.11651293600009632
1000,489,1489,0.11653472264200967
1009,491,1500,0.1165806179970237
1012,493,1505,0.11660326656899773
1006,493,1499,0.11661677196101733
1006,494,1500,0.11664455321216359
1006,499,1505,0.11667119977012975
996,492,1488,0.11669322306473326
986,494,1480,0.11673830074802442
987,493,1480,0.11680711730241936
985,497,1482,0.11686923417521551
994,493,1487,0.11693074371692885
993,506,1499,0.11696732749015322
982,506,1488,0.11700552482127229
988,510,1498,0.11706804783637434
994,507,1501,0.1171119447291867
1000,504,1504,0.11713792822936042
992,500,1492,0.11714885127472897
1001,500,1501,0.11717734115426698
997,507,1504,0.11718086248896185
992,503,1495,0.11719469038862726
993,500,1493,0.11722118437020532
996,497,1493,0.11724410901499355
1003,501,1504,0.11725490032642792
1003,500,1503,0.11724915827191648
1001,501,1502,0.1172448076031257
1008,490,1498,0.1172443594953576
1025,493,1518,0.11722643892752706
1018,487,1505,0.11717018303962158
1020,487,1507,0.11713174391053294
1023,483,1506,0.11709023425313751
1020,490,1510,0.11704737332209686
1007,488,1495,0.11701564185845195
1011,490,1501,0.11701630840554936
1011,485,1496,0.11700714380386992
999,486,1485,0.11700050911606383
1008,498,1506,0.11702499887619218
1008,494,1502,0.11702659214331856
1017,494,1511,0.1170254515686802
1013,489,1502,0.11700335473643275
1014,490,1504,0.11699236410279806
1006,484,1490,0.11697977701603071
1006,486,1492,0.11698872823280906
998,490,1488,0.11699513395219802
996,488,1484,0.1170193180205355
992,492,1484,0.1170468776269017
982,505,1487,0.11708236454645998
992,506,1498,0.11713647169826107
990,501,1491,0.11716479410453229
983,508,1491,0.11719747285082596
991,513,1504,0.11724410505384945
993,520,1513,0.11726970495764594
989,519,1508,0.11728771072390361
973,523,1496,0.11731382012310217
976,525,1501,0.11737569598164661
974,522,1496,0.11742839065738447
975,521,1496,0.1174781575737483
977,526,1503,0.11752307851132043
982,523,1505,0.11756137319816007
992,526,1518,0.11758467646025693
975,532,1507,0.1175824528355713
979,529,1508,0.11762124650053898
979,534,1513,0.11765014400147603
969,535,1504,0.11767596308408158
966,539,1505,0.11772432656456372
962,545,1507,0.11777733275114555
961,546,1507,0.11783556199054807
962,541,1503,0.11789270776682359
961,532,1493,0.11794289759395432
947,523,1470,0.11799306858865542
956,530,1486,0.11806988606493256
957,536,1493,0.1181211535596601
959,543,1502,0.11816524024993949
962,545,1507,0.11820192717016816
970,538,1508,0.11823047193788744
964,543,1507,0.11823420453243823
957,555,1512,0.11825288555385682
961,560,1521,0.11828519957395453
957,560,1517,0.11830756236970102
948,556,1504,0.11833514326486214
956,549,1505,0.118383443272111
956,540,1496,0.11841114864851447
960,545,1505,0.1184348296477096
956,547,1503,0.11844831963947307
952,549,1501,0.11846935459835364
948,552,1500,0.11850093160033133
940,554,1494,0.11854051447812393
941,549,1490,0.11859602358926978
936,550,1486,0.11864525234306908
929,554,1483,0.11870281437366714
932,559,1491,0.11876936339808969
939,562,1501,0.11882304427261729
943,560,1503,0.11885773914607357
934,564,1498,0.11888147147986221
927,569,1496,0.11892635515573774
922,573,1495,0.11898459475921402
923,584,1507,0.1190515718769246
915,583,1498,0.11911267208239591
906,578,1484,0.11918774305122987
907,575,1482,0.11927717064815824
904,580,1484,0.11935734034764339
898,590,1488,0.11943886119549887
898,600,1498,0.11952920055197928
899,605,1504,0.11961395998325351
901,614,1515,0.11969227746414557
898,613,1511,0.11975990540536671
893,607,1500,0.11982927211778244
889,610,1499,0.11990963219748646
893,612,1505,0.11999409802545821
901,611,1512,0.12006517122289864
903,622,1525,0.12011304820793414
892,627,1519,0.12015288855167502
890,615,1505,0.12021558689907863
881,616,1497,0.12027765807221996
884,620,1504,0.12035804499097154
873,630,1503,0.12042503515396082
874,636,1510,0.12051382561324452
867,643,1510,0.1205945691497709
870,643,1513,0.12068749860364524
859,641,1500,0.1207648976104087
860,640,1500,0.12086203892179646
876,643,1519,0.12095225672550765
872,644,1516,0.1209986024672742
864,646,1510,0.12105016609521915
865,643,1508,0.12111856641452047
855,653,1508,0.12117924404873281
860,667,1527,0.1212594402244676
851,663,1514,0.1213213146716178
845,664,1509,0.12140210250256284
845,669,1514,0.12149132943517948
841,663,1504,0.1215765432632785
834,657,1491,0.12166505140631097
843,665,1508,0.12176299328265656
834,673,1507,0.12183065961308973
834,670,1504,0.1219186786087076
831,676,1507,0.12200017759164539
830,681,1511,0.12208059833733863
831,677,1508,0.12215973801912253
827,669,1496,0.12223029308732308
823,674,1497,0.12230372223650729
823,676,1499,0.12237623226131418
822,675,1497,0.1224434965031252
829,676,1505,0.12250941940567377
822,677,1499,0.12255669206247453
822,681,1503,0.12261549935835621
832,677,1509,0.12267079161796107
830,672,1502,0.12269760202006605
828,663,1491,0.12272958884657575
826,675,1501,0.12276516758030415
822,673,1495,0.12280052969968738
819,679,1498,0.12284366669628649
823,677,1500,0.12289234220503871
829,676,1505,0.12293001101372013
815,674,1489,0.12295152067252411
809,673,1482,0.12300302017673369
823,670,1493,0.12306438995918903
822,680,1502,0.1230895429051906
830,683,1513,0.12311585196850908
823,678,1501,0.12311806818728435
824,677,1501,0.12313833506241444
823,689,1512,0.12315334150930686
821,696,1517,0.1231728953930193
822,694,1516,0.12319591280818531
806,696,1502,0.12321251463531208
809,698,1507,0.12326642134042701
804,700,1504,0.12331201881455243
806,690,1496,0.1233667018407003
808,689,1497,0.12341373111216164
809,691,1500,0.12345378707436458
798,698,1496,0.12349271235950196
810,699,1509,0.12355516685548171
812,706,1518,0.12358171962627679
808,715,1523,0.12360205777210846
801,713,1514,0.1236319321948012
789,714,1503,0.12367394334035098
787,717,1504,0.12374174700830629
788,712,1500,0.1238092403659391
791,714,1505,0.12386940090654772
795,731,1526,0.12391991872053237
790,741,1531,0.12395812963472196
784,741,1525,0.1240072407899166
775,744,1519,0.12406889345865696
781,739,1520,0.1241480154295033
782,741,1523,0.12420943320272343
779,739,1518,0.12426572272922932
774,738,1512,0.12432325461427719
775,740,1515,0.12438683375299288
769,752,1521,0.1244429916797317
770,752,1522,0.12451154683045085
777,752,1529,0.1245746745350561
760,748,1508,0.12461891113042775
764,748,1512,0.12469704003848009
770,755,1525,0.12476099770934045
774,763,1537,0.12480617416988977
772,755,1527,0.12483884779136478
766,755,1521,0.12487349415759676
776,761,1537,0.12491999865344554
766,752,1518,0.12494101947459216
760,757,1517,0.1249833209464283
759,764,1523,0.1250359745269555
760,750,1510,0.1250889118080564
752,756,1508,0.12513415741849596
746,748,1494,0.12519586560177903
743,740,1483,0.125266194056605
736,747,1483,0.12533696772447914
723,756,1479,0.12541673383920637
724,767,1491,0.1255230976967352
728,775,1503,0.12562082770423078
737,769,1506,0.1256986330433333
738,776,1514,0.12575301050105825
743,774,1517,0.12580235288167674
744,777,1521,0.1258361560602836
747,770,1517,0.1258671464050933
739,777,1516,0.12589046774914292
729,776,1505,0.12593099683254472
731,774,1505,0.12599454178444056
732,775,1507,0.12604825829890706
750,771,1521,0.126096828232778
751,766,1517,0.1260978974823913
743,765,1508,0.1260964475778054
734,779,1513,0.12611461860542175
737,779,1516,0.1261540869270114
741,772,1513,0.126181101546394
735,774,1509,0.12619531203776707
732,769,1501,0.12622298004991547
732,764,1496,0.12625497106178227
733,769,1502,0.12628674884407506
729,783,1512,0.12631381492991892
720,773,1493,0.1263479159902399
725,790,1515,0.12640346193115035
714,780,1494,0.12644132781598771
719,779,1498,0.1265035013696886
717,779,1496,0.12654727029454618
719,783,1502,0.1265934054692915
714,785,1499,0.1266323236232023
711,775,1486,0.12668027326029674
717,777,1494,0.12673197470059186
723,778,1501,0.1267653319007821
717,787,1504,0.12678329954699474
708,782,1490,0.12681812105131204
710,787,1497,0.1268678977735297
705,786,1491,0.12690820168866984
698,789,1487,0.12695940483313048
700,790,1490,0.12702349864589263
704,795,1499,0.12707748015788234
709,802,1511,0.12712317370073817
705,798,1503,0.127154820220761
701,801,1502,0.1271912928168865
696,811,1507,0.127234387739126
702,810,1512,0.1272864006739714
699,809,1508,0.1273259361243221
695,791,1486,0.12736708019563509
691,809,1500,0.1274108368107422
703,809,1512,0.1274619172477946
709,814,1523,0.12748246661688747
707,816,1523,0.12748678221444126
705,807,1512,0.12749304745486328
712,807,1519,0.1275024947810998
707,798,1505,0.1274967722752334
706,801,1507,0.12750431305997317
703,806,1509,0.12751429147559087
691,813,1504,0.1275318079041246
685,812,1497,0.12757450382995228
682,812,1494,0.12762991702920456
677,809,1486,0.12768820921185234
680,819,1499,0.12775435954889083
687,832,1519,0.1278084631054483
687,823,1510,0.12784369880454408
699,818,1517,0.12787549277452373
686,830,1516,0.12787737303479546
680,834,1514,0.12790957533393024
686,822,1508,0.12795742677520497
682,829,1511,0.12798524079260395
679,825,1504,0.1280215016934051
674,826,1500,0.12806133300820238
679,830,1509,0.12811179172267972
674,823,1497,0.12814810436168533
673,840,1513,0.12819482110128613
671,830,1501,0.12824197059250494
668,832,1500,0.1282876454215146
667,831,1498,0.1283395565537845
679,834,1513,0.12839006066625663
672,831,1503,0.12840700256202733
671,834,1505,0.1284385573275218
676,836,1512,0.12847071886623854
675,831,1506,0.12848853716755554
670,829,1499,0.12850595647861854
661,838,1499,0.12853638432246373
661,843,1504,0.1285872833468432
663,843,1506,0.12863413311032343
663,831,1494,0.12867284197261702
661,826,1487,0.12870805584390413
664,830,1494,0.12874459385564435
672,844,1516,0.12876985152905424
664,849,1513,0.1287770801135185
669,843,1512,0.12880481334638572
664,851,1515,0.12881835605471054
660,845,1505,0.1288433879000631
661,859,1520,0.1288777937395693
658,853,1511,0.12890834660754055
660,864,1524,0.12894297064026156
645,861,1506,0.12896876583647449
653,867,1520,0.12902958700841716
656,869,1525,0.1290664955406978
649,858,1507,0.12909221761959544
638,864,1502,0.12913552074109055
637,867,1504,0.12920267671440114
628,879,1507,0.12926977004521673
632,881,1513,0.12935461459323025
625,889,1514,0.12942662609040656
628,882,1510,0.1295116403787366
622,884,1506,0.1295808638463521
627,887,1514,0.12965960260292506
618,889,1507,0.12972245489447082
618,896,1514,0.1298034658882744
619,906,1525,0.1298765546908979
614,909,1523,0.1299444893302824
611,911,1522,0.13002026491436147
604,906,1510,0.13009895257343915
595,913,1508,0.1301884420352258
604,910,1514,0.13029463477197017
604,916,1520,0.1303732498679313
589,909,1498,0.13044569060220068
584,910,1494,0.13054722551340167
586,915,1501,0.13065597195862577
586,924,1510,0.13075260856219706
586,932,1518,0.1308435214170128
582,920,1502,0.1309276289616238
583,928,1511,0.1310140269997716
584,931,1515,0.13109300138257216
571,929,1500,0.13116536463486184
567,932,1499,0.13126448132337243
566,931,1497,0.13136793956176102
562,933,1495,0.13146658452846613
556,950,1506,0.1315674774460852
558,945,1503,0.13167797357477437
554,947,1501,0.13177435646876973
557,945,1502,0.13187436020645993
560,945,1505,0.13196006088824044
551,959,1510,0.132029181214225
557,941,1498,0.13211544949709975
556,951,1507,0.1321826643921013
556,956,1512,0.1322472968609145
549,963,1512,0.1323089638416985
549,974,1523,0.13238444696718893
550,981,1531,0.1324565902514557
551,967,1518,0.13252259076224007
547,967,1514,0.13257909280861446
543,974,1517,0.13264141342765828
540,977,1517,0.13271044271723598
533,977,1510,0.1327852446478539
532,985,1517,0.13286900575202307
536,970,1506,0.13295163827106835
528,982,1510,0.13301873094752678
524,976,1500,0.13310196452911235
519,975,1494,0.13319004604361465
511,967,1478,0.13328403050087098
515,986,1501,0.13339260375072992
504,985,1489,0.13348256094848995
502,995,1497,0.1335918805334662
504,1000,1504,0.13369918179368956
501,1002,1503,0.13379313480867194
505,1006,1511,0.13388920193788922
508,1006,1514,0.13396779071517087
499,1008,1507,0.13403368980515398
493,1014,1507,0.13411675279522575
494,1020,1514,0.1342099738655469
505,1011,1516,0.13429590109442202
504,1007,1511,0.13434965295224516
503,1017,1520,0.13440168036060135
498,1020,1518,0.13445218712575863
500,1020,1520,0.13451133234694992
504,1021,1525,0.13456311031923554
498,1010,1508,0.13460055890272724
499,1011,1510,0.1346506559640759
494,1019,1513,0.13469340095064755
493,1021,1514,0.13474608805918467
484,1016,1500,0.13479587231847248
482,1010,1492,0.13486375688741767
488,1010,1498,0.134932519603957
489,1019,1508,0.13498396795243328
486,1025,1511,0.13502842462206716
484,1022,1506,0.13507816517141888
483,1030,1513,0.13513058737838393
481,1024,1505,0.13518312432152357
480,1024,1504,0.13523729758437195
481,1035,1516,0.135289614279904
482,1028,1510,0.13533662261147078
478,1038,1516,0.1353788925022568
477,1041,1518,0.13542673010911965
471,1038,1509,0.13547121012358765
469,1034,1503,0.13552884828457368
468,1024,1492,0.13558638803080172
478,1038,1516,0.13564297578897033
476,1031,1507,0.13567222153959843
478,1028,1506,0.13570426384196133
470,1032,1502,0.13572826635399912
472,1030,1502,0.13576680903916588
466,1037,1503,0.13579765256461285
459,1028,1487,0.13583937899855736
460,1029,1489,0.13589682494078711
450,1023,1473,0.13594918252459176
455,1041,1496,0.13602315898013942
453,1043,1496,0.1360816366552114
451,1046,1497,0.13614187987255438
459,1057,1516,0.13620343035130922
460,1056,1516,0.13624017643302444
462,1046,1508,0.13627051119374173
457,1042,1499,0.13629197305591853
456,1042,1498,0.1363232073259696
459,1042,1501,0.13635627711311016
461,1055,1516,0.13638070705624103
458,1066,1524,0.13639820733550218
460,1061,1521,0.1364213023382337
457,1064,1521,0.13643748837852576
451,1053,1504,0.13646205062383268
449,1054,1503,0.1364971156826528
447,1051,1498,0.13653510329558677
456,1054,1510,0.13657692488676723
458,1061,1519,0.13659120186368784
463,1053,1516,0.13659940027519865
460,1054,1514,0.13659389442691375
464,1044,1508,0.13659692738911233
468,1047,1515,0.13659040566612846
469,1038,1507,0.13657591862584723
465,1038,1503,0.13656005940272103
473,1034,1507,0.13655571708068417
471,1050,1521,0.13653157163943772
469,1052,1521,0.13651473178769424
465,1051,1516,0.13650528921278726
468,1050,1518,0.13650656682295645
475,1046,1521,0.13650011150095406
472,1049,1521,0.136476510879746
479,1042,1521,0.13646427036633316
478,1039,1517,0.13643653757083954
472,1047,1519,0.1364125383896053
472,1047,1519,0.13640471409623842
462,1045,1507,0.1363947994167225
466,1048,1514,0.1364071620215865
473,1042,1515,0.13641178799750978
470,1034,1504,0.1364009476850242
471,1028,1499,0.13639634310919116
476,1020,1496,0.13638940181797035
479,1020,1499,0.13636926664436932
468,1039,1507,0.1363454832487299
468,1034,1502,0.1363511580962062
463,1042,1505,0.13635713237708502
467,1054,1521,0.1363761477132936
454,1066,1520,0.13638539787045142
452,1061,1513,0.13642523130143186
449,1041,1490,0.13646675696908486
448,1039,1487,0.13651138261871476
455,1047,1502,0.13655616539760299
457,1048,1505,0.13657975715635343
458,1058,1516,0.13659511075541603
463,1055,1518,0.13661126082001523
465,1050,1515,0.13661509976225322
463,1057,1520,0.13661333378041987
455,1065,1520,0.136617076486681
453,1066,1519,0.13664180667409945
455,1074,1529,0.13666984071635743
457,1066,1523,0.1366912931302062
455,1058,1513,0.1367065330396536
453,1048,1501,0.13672595193583226
456,1048,1504,0.13674856084218878
456,1059,1515,0.1367627839851194
458,1062,1520,0.13677469027032538
452,1063,1515,0.13677829034628908
452,1064,1516,0.13679621066482356
455,1069,1524,0.1368133718516394
445,1076,1521,0.13682235236319215
445,1081,1526,0.13685451145975322
448,1077,1525,0.13688331321433317
447,1078,1525,0.13690298139820561
444,1072,1516,0.1369261877100918
433,1081,1514,0.1369561939366431
428,1076,1504,0.13700990052678363
428,1080,1508,0.1370725919938659
427,1086,1513,0.1371329655152268
437,1088,1525,0.1371919225041953
441,1082,1523,0.13722248469511683
439,1069,1508,0.13724051531594167
440,1075,1515,0.1372598293941814
440,1079,1519,0.13727302331553845
438,1072,1510,0.1372861188296897
439,1070,1509,0.13730321187757014
433,1068,1501,0.1373186263299838
436,1081,1517,0.13734595802423288
435,1082,1517,0.13736436667582472
433,1076,1509,0.13738394997200618
437,1079,1516,0.13740576307972419
435,1080,1515,0.1374154283453702
430,1075,1505,0.13743181011397657
429,1089,1518,0.13746017698246324
428,1096,1524,0.13748980176116046
426,1102,1528,0.13751952798268433
421,1099,1520,0.13755397958006077
424,1098,1522,0.13760116599684827
426,1104,1530,0.13763657893339495
420,1097,1517,0.13766637643686896
420,1095,1515,0.1377103192635963
410,1092,1502,0.13775019003195083
406,1095,1501,0.13780906640990714
409,1088,1497,0.13787408899182696
403,1096,1499,0.13792546636110176
402,1099,1501,0.13798631170120412
398,1105,1503,0.1380450546976193
394,1102,1496,0.13810928301556966
396,1095,1491,0.13817984043961873
401,1109,1510,0.13824041481824104
402,1109,1511,0.13828470993958697
393,1116,1509,0.13832232514384543
396,1121,1517,0.1383798071886185
394,1129,1523,0.13842707028310858
389,1129,1518,0.1384749197496361
388,1127,1515,0.13853123546653573
386,1137,1523,0.13858804952118406
385,1136,1521,0.1386449377507442
380,1134,1514,0.13870239826018696
382,1137,1519,0.1387705393796741
379,1138,1517,0.1388257227870611
375,1137,1512,0.1388818268849675
374,1139,1513,0.13894352799283774
379,1132,1511,0.13900581191753603
385,1126,1511,0.13904806069456374
387,1127,1514,0.1390720746148302
382,1137,1519,0.13909072093443503
378,1130,1508,0.13912082991082333
382,1135,1517,0.1391590709661833
381,1142,1523,0.13918747443697588
376,1139,1515,0.13921544166123312
370,1142,1512,0.13925517911545718
368,1141,1509,0.13930669127860273
376,1145,1521,0.13935885786497568
368,1150,1518,0.13938657638485982
367,1149,1516,0.1394343815479426
369,1159,1528,0.1394797576172408
367,1150,1517,0.13951865919286885
361,1153,1514,0.13956084534711785
360,1154,1514,0.13961556165591948
351,1149,1500,0.1396655531306903
354,1153,1507,0.13973482591830697
357,1153,1510,0.13979157442197135
354,1154,1508,0.13983619044045079
366,1152,1518,0.13988666476334166
360,1161,1521,0.13990521788062737
361,1166,1527,0.1399381401160629
358,1158,1516,0.13996463117167846
355,1144,1499,0.13999659943236906
353,1138,1491,0.14003329122331198
355,1148,1503,0.14007024304962118
353,1155,1508,0.14009972749729713
350,1162,1512,0.1401336667435693
352,1164,1516,0.1401721328025519
361,1155,1516,0.14020199858726337
361,1153,1514,0.1402062784770426
356,1156,1512,0.14021235417191272
354,1156,1510,0.14023022509824778
357,1156,1513,0.1402505613836205
354,1152,1506,0.1402599018908377
356,1148,1504,0.14027602099986486
357,1150,1507,0.14028714243561333
356,1151,1507,0.14029552114357724
349,1150,1499,0.14030922428013226
348,1151,1499,0.14034013047780874
351,1147,1498,0.14037173717674878
346,1156,1502,0.1403918573775469
348,1145,1493,0.14042336572745204
346,1138,1484,0.1404490084226078
349,1164,1513,0.14047712259324496
346,1162,1508,0.14049536197739132
347,1159,1506,0.14051612248193718
351,1154,1505,0.14053618542723031
352,1156,1508,0.14054465943484268
348,1155,1503,0.14055020453653078
347,1149,1496,0.14056353428511556
347,1153,1500,0.1405801921331061
344,1151,1495,0.14059807514473813
339,1162,1501,0.14062357434078204
348,1151,1499,0.14065907079987272
341,1159,1500,0.14067097537390877
337,1165,1502,0.14069805693411463
332,1161,1493,0.14073367199058556
331,1186,1517,0.14077964618030223
328,1178,1506,0.1408254948572966
323,1186,1509,0.1408755624517527
328,1184,1512,0.14093532307938644
327,1189,1516,0.1409789387372265
325,1192,1517,0.1410235748923854
323,1191,1514,0.14107003895114542
321,1198,1519,0.14111830613611853
321,1193,1514,0.14116720202016797
326,1193,1519,0.1412142228919175
326,1194,1520,0.14124597300190683
324,1183,1507,0.14127432480865607
320,1187,1507,0.1413041010353099
323,1195,1518,0.14133993476114373
317,1198,1515,0.1413669013519308
316,1199,1515,0.14140543076698645
312,1196,1508,0.141443239281549
318,1203,1521,0.14149056891752715
314,1201,1515,0.14152014998956333
309,1204,1513,0.14156009155544877
307,1195,1502,0.14161053095600198
315,1192,1507,0.14166082918509268
316,1192,1508,0.14168842586935024
316,1199,1515,0.14171026875349899
321,1199,1520,0.1417304197993895
320,1197,1517,0.141737787635704
325,1181,1506,0.1417461095470651
325,1183,1508,0.14174105165451348
317,1189,1506,0.14173578840368237
317,1195,1512,0.14175142684662909
316,1197,1513,0.1417659291385906
319,1187,1506,0.14178285823505135
319,1192,1511,0.1417900584962981
316,1202,1518,0.14179691238062714
316,1205,1521,0.14181037277538003
315,1222,1537,0.14182540658484435
314,1217,1531,0.1418430049084467
307,1214,1521,0.14186141168520763
303,1226,1529,0.14189715592794236
296,1227,1523,0.14193960776864517
296,1216,1512,0.14199589290106143
297,1224,1521,0.14204794593071765
297,1216,1513,0.14209307516195616
296,1206,1502,0.14213565482162607
290,1205,1495,0.14217840344079996
287,1199,1486,0.1422324447323394
291,1215,1506,0.14228963945041992
293,1224,1517,0.14233347723384857
290,1231,1521,0.14236975991142614
294,1227,1521,0.14241127326666475
291,1231,1522,0.14243879646066732
286,1226,1512,0.14247180126962625
282,1236,1518,0.142515092276196
284,1235,1519,0.14256648442045242
291,1215,1506,0.14260809592858356
293,1225,1518,0.14263061235177077
285,1224,1509,0.1426483323735835
282,1235,1517,0.14268554515318288
285,1228,1513,0.14272562110888373
287,1228,1515,0.14275536445867315
292,1238,1530,0.14278019067371922
290,1243,1533,0.1427897538454021
290,1239,1529,0.14280356877079517
276,1237,1513,0.14281648845965272
269,1247,1516,0.14286435629884484
275,1245,1520,0.1429270581984812
276,1249,1525,0.14296905324998546
269,1235,1504,0.14300765926892936
275,1236,1511,0.1430620883262365
270,1241,1511,0.14309767893555073
267,1244,1511,0.14314232345586256
268,1235,1503,0.1431917454465945
267,1232,1499,0.14323429956371747
269,1225,1494,0.14327647197736032
269,1225,1494,0.14331112930032786
264,1236,1500,0.14334194331067043
264,1246,1510,0.14338422918746038
266,1252,1518,0.14342470790308778
264,1260,1524,0.14345595724066493
262,1248,1510,0.14348933334709923
260,1256,1516,0.1435270667597776
261,1253,1514,0.14356744048303186
261,1259,1520,0.14360347959812497
263,1255,1518,0.14363744268289655
268,1250,1518,0.14366455720958604
267,1249,1516,0.14367772342233398
264,1254,1518,0.14369232308262056
264,1257,1521,0.1437141582891331
255,1247,1502,0.1437349127098495
263,1256,1519,0.14377572666380883
265,1246,1511,0.1437938915272849
265,1240,1505,0.1438064964308995
266,1251,1517,0.14381850790214926
260,1259,1519,0.14382781257631033
260,1255,1515,0.1438517323012185
262,1260,1522,0.14387418835554644
261,1268,1529,0.14389219021281147
262,1263,1525,0.14391057894667733
257,1259,1516,0.143926257821403
259,1258,1517,0.14395412391517204
260,1262,1522,0.1439761033068128
259,1264,1523,0.14399480385134283
254,1271,1525,0.14401563239439588
249,1277,1526,0.14404795163801193
247,1274,1521,0.1440892620712117
249,1271,1520,0.1441338068003124
250,1268,1518,0.14416958160977333
251,1272,1523,0.14419921414866185
251,1265,1516,0.14422317550342978
248,1263,1511,0.14424568410828265
250,1271,1521,0.14427490200996665
245,1271,1516,0.14429706635870382
243,1264,1507,0.14433060080974364
242,1265,1507,0.1443657950535345
241,1268,1509,0.14440193590797135
242,1272,1514,0.14443674037091095
247,1271,1518,0.14446750790374868
244,1260,1504,0.14448348429003324
246,1268,1514,0.14450494872785402
246,1275,1521,0.14452108288092952
245,1284,1529,0.144537530870085
242,1277,1519,0.1445540491830461
239,1281,1520,0.14457769862439973
241,1273,1514,0.14460724565364103
234,1284,1518,0.14463024900581328
228,1283,1511,0.14466855654574007
232,1304,1536,0.14471794086393155
233,1302,1535,0.14475444977359428
234,1304,1538,0.14478733070764485
230,1300,1530,0.1448170877205328
229,1297,1526,0.144855579562282
231,1287,1518,0.1448930184600408
230,1282,1512,0.14492142018753895
236,1289,1525,0.1449498763809274
240,1292,1532,0.14495902440099503
241,1292,1533,0.1449583511670816
237,1289,1526,0.14495618936118995
234,1286,1520,0.14496368442616997
233,1291,1524,0.14497979316017184
236,1277,1513,0.14499650259454758
234,1286,1520,0.1450049312431139
233,1284,1517,0.14501826361141
227,1280,1507,0.14503400141450037
226,1300,1526,0.14506284882282375
223,1301,1524,0.14509289495749436
226,1290,1516,0.14512849567055228
229,1295,1524,0.1451521149154641
225,1296,1521,0.14516794626861457
219,1289,1508,0.1451918951409149
217,1287,1504,0.1452291727806179
221,1295,1516,0.1452684975928128
221,1295,1516,0.14529597728624494
213,1293,1506,0.145322906973689
216,1300,1516,0.14536917911581512
217,1297,1514,0.1454053985022106
216,1300,1516,0.14543563172827123
212,1300,1512,0.14546772647871303
218,1305,1523,0.14550827879300793
218,1305,1523,0.14553060709999704
221,1291,1512,0.145550685736066
222,1286,1508,0.14556113878167384
221,1279,1500,0.14556979474234188
221,1289,1510,0.1455807820250946
219,1293,1512,0.145590063705517
219,1307,1526,0.14560239601869962
216,1311,1527,0.14561313227051095
220,1298,1518,0.14563108068360806
219,1305,1524,0.14563767398382235
217,1300,1517,0.14564687932448903
220,1292,1512,0.14565998507804553
222,1291,1513,0.14566532733665175
217,1300,1517,0.14566537303438676
216,1296,1512,0.14567869610614465
216,1291,1507,0.1456942981973243
215,1289,1504,0.14570687378174713
214,1298,1512,0.14571890602916326
208,1289,1497,0.1457346468696038
210,1292,1502,0.14576445294363757
205,1286,1491,0.14578800496333386
211,1298,1509,0.14582214906045793
206,1303,1509,0.1458400284458879
206,1305,1511,0.14586942187920487
212,1304,1516,0.1458957593162958
209,1303,1512,0.14590421868692652
208,1304,1512,0.14591896611925567
206,1296,1502,0.14593563271674456
207,1302,1509,0.14595583864161682
213,1301,1514,0.14597318138644408
212,1298,1510,0.145974141949991
215,1304,1519,0.14597824497854298
204,1302,1506,0.14597631691947213
204,1298,1502,0.1460021383311892
203,1301,1504,0.146026732663923
202,1304,1506,0.1460522144829944
202,1308,1510,0.1460778055857961
201,1308,1509,0.146102271596051
202,1308,1510,0.14612738094985686
202,1308,1510,0.146148887632826
206,1314,1520,0.14616740859516714
207,1298,1505,0.14617449631607649
207,1299,1506,0.14617680443641246
205,1299,1504,0.14618032817313137
207,1308,1515,0.14618718951252269
207,1298,1505,0.1461898590339909
205,1311,1516,0.14619328654456243
208,1319,1527,0.14620283603193282
205,1322,1527,0.1462045865636907
207,1301,1508,0.14621454226225067
207,1315,1522,0.14621831530235377
206,1313,1519,0.14622192656012556
205,1308,1513,0.14622762602608355
202,1301,1503,0.1462350717620877
198,1289,1487,0.14624969126495524
201,1298,1499,0.14627310664747578
201,1307,1508,0.14628812228103105
197,1300,1497,0.14630207995698663
194,1305,1499,0.14632441857372896
193,1317,1510,0.14635170883642065
193,1323,1516,0.14637911849952462
193,1319,1512,0.14640621899313924
192,1319,1511,0.14643215381177155
197,1313,1510,0.1464589741993415
197,1307,1504,0.14647216198843724
199,1305,1504,0.14648486222859028
200,1313,1513,0.1464899419170037
198,1323,1521,0.1464930131280156
200,1329,1529,0.14650222249726752
193,1335,1528,0.1465078939117973
195,1323,1518,0.14652987808000642
196,1324,1520,0.14654529314506579
192,1330,1522,0.14655760476401622
187,1339,1526,0.14657835411513556
191,1345,1536,0.14660919213205742
191,1333,1524,0.1466267993910477
188,1339,1527,0.14664556053663225
191,1326,1517,0.14667022003250935
189,1326,1515,0.1466867419249225
194,1328,1522,0.14670732920774454
195,1315,1510,0.1467134624756298
191,1316,1507,0.1467157985080151
192,1331,1523,0.146727020337732
193,1317,1510,0.14673520364446913
194,1318,1512,0.14673930372602056
187,1320,1507,0.14674168438676705
184,1327,1511,0.14676042320530291
184,1331,1515,0.14678451500145756
182,1343,1525,0.14680745488001828
181,1334,1515,0.14683413054216526
182,1322,1504,0.1468610914575064
178,1326,1504,0.14688344038077145
182,1341,1523,0.14691447394536963
183,1341,1524,0.14693506767556705
185,1344,1529,0.1469517749952688
183,1333,1516,0.14696347040760824
180,1330,1510,0.1469801688246166
180,1327,1507,0.14700361947890964
180,1324,1504,0.1470260062682195
177,1335,1512,0.14704734372692121
180,1324,1504,0.14707506068680226
183,1330,1513,0.14709160234588936
186,1328,1514,0.14710092624289733
182,1345,1527,0.1471003244562158
179,1330,1509,0.14711058538508553
174,1331,1505,0.14712764394382538
171,1330,1501,0.14715466599121038
173,1334,1507,0.14718756953775053
174,1339,1513,0.14721363968556236
169,1342,1511,0.1472370943919322
172,1348,1520,0.14727211478755037
171,1358,1529,0.1472985577219615
168,1347,1515,0.14732512044572563
165,1352,1517,0.147357963098632
165,1343,1508,0.14739592436838278
169,1343,1512,0.14743233685471957
170,1348,1518,0.14745597309142666
171,1346,1517,0.1474761797786639
165,1348,1513,0.14749315644323224
174,1350,1524,0.1475233228398665
172,1350,1522,0.14752840423985833
172,1360,1532,0.14753898128504594
171,1352,1523,0.14754871299125916
171,1362,1533,0.14755775371804838
165,1351,1516,0.14756632841338646
163,1341,1504,0.14758897509422597
163,1345,1508,0.14761564139582053
154,1354,1508,0.1476408144370313
155,1358,1513,0.14768589149565592
157,1355,1512,0.14772608141754898
158,1361,1519,0.14775899458833588
158,1362,1520,0.14778752420126245
155,1366,1521,0.14781363031479722
153,1368,1521,0.14784578440804064
155,1364,1519,0.14788105348752975
155,1362,1517,0.14790838151122726
156,1372,1528,0.14793367171816196
155,1347,1502,0.14795431647256016
157,1353,1510,0.1479766184081524
156,1356,1512,0.14799190089689312
155,1344,1499,0.14800954411638104
152,1355,1507,0.14802881177232544
150,1346,1496,0.14805391571855517
151,1346,1497,0.14808088584037907
152,1350,1502,0.14810453746956184
146,1360,1506,0.14812481170061975
149,1354,1503,0.1481581355830803
149,1355,1504,0.14818311435027198
151,1375,1526,0.14820653616992222
147,1372,1519,0.14822451126505293
147,1371,1518,0.14825170231851917
146,1378,1524,0.1482761066324055
143,1374,1517,0.14830172397059216
142,1368,1510,0.14833300825397866
145,1372,1517,0.14836443796283041
144,1368,1512,0.1483871898214072
144,1374,1518,0.1484104050126737
142,1376,1518,0.1484326450482413
141,1379,1520,0.14845835684173492
138,1381,1519,0.14848351947335245
138,1382,1520,0.14851474668275386
138,1394,1532,0.14854464444286392
138,1380,1518,0.14857199545398017
137,1368,1505,0.1485962994966893
137,1372,1509,0.14862186329512528
138,1376,1514,0.14864591433083782
139,1383,1522,0.1486663585531173
133,1386,1519,0.1486834891322676
133,1387,1520,0.1487136539464284
130,1389,1519,0.14874150312524917
129,1371,1500,0.1487751175426026
129,1388,1517,0.14880987541201068
127,1391,1518,0.1488428801301164
127,1387,1514,0.14887828798453392
126,1380,1506,0.14891198175392958
126,1369,1495,0.14894431524877522
125,1373,1498,0.14897386610103908
125,1383,1508,0.14900459227716756
127,1393,1520,0.14903321217621662
123,1397,1520,0.14905262276834397
123,1390,1513,0.14908076375525828
127,1382,1509,0.14910756554653973
128,1387,1515,0.14912279294880268
133,1403,1536,0.14913442413505684
134,1403,1537,0.14913142565475693
135,1388,1523,0.1491270787240568
133,1380,1513,0.1491217624523284
127,1381,1508,0.1491221342113321
124,1380,1504,0.14913709536490607
123,1392,1515,0.14915840699308217
125,1387,1512,0.14918122575979853
125,1375,1500,0.14919823930608864
126,1381,1507,0.14921370512777637
130,1375,1505,0.14922647769613542
132,1376,1508,0.14922671404349858
133,1374,1507,0.149220911269945
132,1376,1508,0.1492131511953657
133,1381,1514,0.14920715349800381
135,1373,1508,0.14920026035126988
134,1372,1506,0.14918847896560386
134,1365,1499,0.14918070040547657
131,1368,1499,0.14917343694674098
133,1376,1509,0.14917410345396628
131,1377,1508,0.1491702607924957
131,1371,1502,0.14917214998177517
127,1376,1503,0.1491738281323045
125,1391,1516,0.14918435143446815
127,1384,1511,0.14919894085107843
127,1385,1512,0.1492072128811579
126,1384,1510,0.14921547287604622
125,1389,1514,0.14922568275053005
124,1386,1510,0.14923714318408468
124,1386,1510,0.1492496772031557
122,1377,1499,0.14926159865034938
123,1378,1501,0.14927628004182528
123,1378,1501,0.14928720415962216
125,1378,1503,0.14929760817214535
127,1386,1513,0.14930381477430923
126,1385,1511,0.1493032061480797
119,1388,1507,0.14930375742729918
125,1387,1512,0.14932102799513006
129,1383,1512,0.149323725180137
126,1379,1505,0.14931634559763965
129,1386,1515,0.14931664813218887
128,1390,1518,0.14931042808197287
124,1393,1517,0.14930723381422373
127,1381,1508,0.14931421584085458
124,1389,1513,0.1493140884638924
123,1395,1518,0.14932235248395972
124,1395,1519,0.14933321104600497
122,1401,1523,0.14934161468260723
123,1403,1526,0.14935460696727204
121,1393,1514,0.14936519615084354
123,1398,1521,0.14938039931207187
121,1395,1516,0.14939012784995975
120,1403,1523,0.1494045814830091
117,1403,1520,0.14942101243961456
119,1400,1519,0.14944340195921793
126,1389,1515,0.14945802385179482
125,1404,1529,0.14945298925399073
119,1399,1518,0.14945168219553218
117,1411,1528,0.14946477420702967
119,1404,1523,0.14948366778753772
122,1398,1520,0.1494963952199539
120,1398,1518,0.14950126532448793
122,1410,1532,0.1495108494738555
119,1403,1522,0.1495152157094607
119,1405,1524,0.14952616319690543
117,1389,1506,0.1495366856376256
115,1391,1506,0.1495508488034234
112,1401,1513,0.14956851304694785
111,1399,1510,0.14959286223791277
113,1391,1504,0.1496181755497278
112,1405,1517,0.14963683731233096
115,1416,1531,0.1496557057899182
114,1413,1527,0.14966657166388547
115,1411,1526,0.14967830164028825
116,1407,1523,0.14968718637564088
113,1400,1513,0.14969368959801696
116,1406,1522,0.149707000729179
112,1402,1514,0.14971280859278976
113,1407,1520,0.14972793495492914
116,1400,1516,0.1497400271426642
115,1406,1521,0.14974417492676012
112,1414,1526,0.1497509392743602
114,1411,1525,0.14976382497414265
113,1420,1533,0.14977098398869454
113,1411,1524,0.1497807418189447
113,1417,1530,0.14978997488021992
111,1419,1530,0.1497994323452871
112,1414,1526,0.14981289586825033
111,1419,1530,0.14982315316711906
109,1410,1519,0.14983552989832347
112,1416,1528,0.14985234143563927
109,1413,1522,0.1498601435321011
109,1419,1528,0.1498745965685128
111,1412,1523,0.1498879443343988
106,1402,1508,0.1498959802368454
106,1421,1527,0.1499148440090983
104,1412,1516,0.14993261124789103
102,1413,1515,0.14995437257162306
100,1410,1510,0.14997939040696306
103,1410,1513,0.15000641898879433
101,1403,1504,0.15002428940205126
103,1406,1509,0.15004612805478854
104,1411,1515,0.15006147392007202
104,1413,1517,0.15007346616370537
106,1403,1509,0.15008406108914787
105,1405,1510,0.15008914353351904
105,1413,1518,0.15009552314416535
94,1415,1509,0.15010110435756924
92,1423,1515,0.15013198934908376
95,1424,1519,0.15016627469324725
100,1416,1516,0.15019196635017204
99,1431,1530,0.1502039241099558
95,1432,1527,0.15021701852317731
97,1418,1515,0.1502391240813103
101,1415,1516,0.15025584475576084
103,1423,1526,0.15026153345682416
103,1424,1527,0.15026249315995976
106,1417,1523,0.15026337312013424
105,1412,1517,0.1502565809822516
107,1417,1524,0.15025300885150458
107,1420,1527,0.15024464457036016
107,1416,1523,0.1502365970457538
106,1401,1507,0.1502294862744452
105,1408,1513,0.15022509295335784
103,1413,1516,0.15022330230590705
106,1423,1529,0.15022665420960374
102,1407,1509,0.150222766366797
104,1388,1492,0.15022930333581488
103,1403,1506,0.15022977259449255
106,1409,1515,0.15023290828903832
105,1396,1501,0.15022785592387408
100,1401,1501,0.15022585258114332
101,1412,1513,0.15023637884821692
101,1393,1494,0.1502438595555811
100,1383,1483,0.15025080788446643
98,1389,1487,0.1502593254951366
98,1406,1504,0.15027237718449668
99,1419,1518,0.15028489536957548
96,1401,1497,0.15029416588776828
96,1413,1509,0.1503102981327612
95,1426,1521,0.1503260160618515
96,1431,1527,0.15034153903476052
97,1414,1511,0.15035317777991916
95,1422,1517,0.1503622073910199
96,1417,1513,0.15037504680290875
94,1425,1519,0.15038514029983818
94,1423,1517,0.15039950082064057
96,1424,1520,0.15041337706700075
95,1417,1512,0.1504222791141966
94,1421,1515,0.150433223576564
95,1420,1515,0.15044541129637254
93,1425,1518,0.15045303159256915
93,1430,1523,0.1504646815320713
91,1432,1523,0.15047633277234485
89,1426,1515,0.1504914696089639
93,1416,1509,0.1505094615249806
90,1422,1512,0.15051748112076793
91,1437,1528,0.15053228669552376
90,1427,1517,0.15054387120811277
89,1430,1519,0.1505572260249646
89,1422,1511,0.15057150368686456
88,1413,1501,0.15058512072764735
90,1420,1510,0.15060046681759556
92,1420,1512,0.15061039192643047
92,1424,1516,0.15061428924826775
94,1423,1517,0.15061759495789098
95,1426,1521,0.15061512946142439
92,1417,1509,0.1506101365826678
92,1422,1514,0.15061282207991378
91,1431,1522,0.1506152603847829
87,1433,1520,0.1506198450339663
86,1433,1519,0.150634103406132
87,1424,1511,0.15064957907034068
87,1424,1511,0.1506620991248727
85,1437,1522,0.15067417614669446
86,1436,1522,0.1506906895282906
86,1446,1532,0.15070339882863165
88,1434,1522,0.15071472814450523
86,1434,1520,0.15071986591799408
85,1432,1517,0.15072981447008632
82,1440,1522,0.15074151244645947
85,1437,1522,0.15075888710544455
87,1428,1515,0.1507679149255428
88,1445,1533,0.15077190024553944
86,1427,1513,0.1507722689785416
87,1428,1515,0.15077785731211538
84,1433,1517,0.15077970003874366
84,1432,1516,0.15078879466542136
86,1435,1521,0.1507980246577736
85,1416,1501,0.15080137411820302
84,1423,1507,0.15080733000815685
86,1422,1508,0.1508148449386826
86,1432,1518,0.15081780262049396
86,1421,1507,0.1508202083627023
89,1433,1522,0.15082317721032157
88,1429,1517,0.15081851838163768
90,1430,1520,0.15081702379693485
89,1433,1522,0.15081161534193213
87,1422,1509,0.15080935634777212
85,1426,1511,0.1508117562607507
87,1432,1519,0.15081898790812526
84,1433,1517,0.15082126440803165
81,1431,1512,0.15083075047721292
81,1427,1508,0.15084666311371703
80,1434,1514,0.15086198133727435
81,1442,1523,0.15087881732079494
78,1434,1512,0.15089268490839838
79,1432,1511,0.15091287141529958
78,1425,1503,0.1509278312429852
82,1421,1503,0.15094450066964357
83,1424,1507,0.15094860296804874
84,1426,1510,0.15094889629195404
84,1429,1513,0.15094702159446138
85,1435,1520,0.1509450040397502
86,1425,1511,0.1509399225894531
83,1443,1526,0.15093265640460193
83,1438,1521,0.15093400833478549
84,1438,1522,0.1509355193756769
83,1441,1524,0.1509343278666165
85,1425,1510,0.1509347146737477
85,1442,1527,0.1509306315926394
84,1437,1521,0.15092697621901568
84,1432,1516,0.1509257000709409
84,1428,1512,0.15092644524297613
78,1439,1517,0.1509263624556102
77,1437,1514,0.15094086500931586
77,1439,1516,0.15095756009009012
78,1446,1524,0.15097352163175976
78,1442,1520,0.1509863683858917
77,1426,1503,0.15099839983549163
77,1430,1507,0.15101189838013332
78,1429,1507,0.15102432882881808
79,1431,1510,0.15103386735492474
80,1442,1522,0.15104022665713468
77,1445,1522,0.15104347487781156
76,1448,1524,0.15105404903707367
75,1446,1521,0.15106578560700232
75,1446,1521,0.15107783857527582
74,1440,1514,0.1510890494960091
74,1426,1500,0.15110233783814775
75,1438,1513,0.15111501716356948
77,1433,1510,0.15112464230391245
75,1438,1513,0.15112719025212185
73,1426,1499,0.15113473898713214
71,1432,1503,0.1511483372065841
70,1442,1512,0.15116611249984188
72,1446,1518,0.1511845594116528
70,1450,1520,0.1511970638567098
69,1437,1506,0.15121398525468843
66,1450,1516,0.15123126018685965
67,1447,1514,0.15125346098161488
69,1438,1507,0.1512716215824892
71,1441,1512,0.1512836508811845
70,1440,1510,0.15129113526217325
71,1456,1527,0.15130124735353423
72,1447,1519,0.15130788336851772
73,1446,1519,0.15131144492262597
74,1440,1514,0.1513122193685582
71,1437,1508,0.1513097580875709
71,1444,1515,0.15131564695181596
72,1447,1519,0.15132185366353235
71,1441,1512,0.1513254826896876
71,1441,1512,0.15133159904242874
69,1443,1512,0.15133679483779924
71,1441,1512,0.15134730901027593
72,1449,1521,0.15135109988432477
70,1447,1517,0.15135202312336615
69,1451,1520,0.15135758744040953
70,1447,1517,0.15136373293403196
70,1451,1521,0.1513678372166824
70,1449,1519,0.15137233576045545
72,1439,1511,0.1513768852515855
73,1444,1517,0.1513769443549547
73,1445,1518,0.15137518982174022
71,1455,1526,0.15137329515817188
69,1446,1515,0.15137647856368483
69,1447,1516,0.15138401501418983
70,1442,1512,0.15139061480109664
71,1447,1518,0.15139377305732712
68,1444,1512,0.15139381471357394
70,1458,1528,0.15140140099215146
72,1448,1520,0.15140209669687318
73,1430,1503,0.15139797657920648
76,1431,1507,0.1513902742227386
75,1431,1506,0.1513746902889574
77,1431,1508,0.1513634994237364
80,1439,1519,0.15134776808709088
82,1425,1507,0.1513237832792671
83,1431,1514,0.15129715496017648
82,1429,1511,0.15127096424706626
83,1432,1515,0.15125009589433688
83,1438,1521,0.1512278962032709
87,1427,1514,0.15120671716410106
87,1427,1514,0.15117623089396723
85,1422,1507,0.15114767418084313
85,1435,1520,0.15112637260623504
86,1417,1503,0.15110525036957984
84,1417,1501,0.1510838839012354
85,1418,1503,0.15106983224801276
83,1432,1515,0.15105372578154183
84,1421,1505,0.15104357865116724
84,1436,1520,0.15103118872237423
85,1446,1531,0.15102020819640793
85,1451,1536,0.15100700203433326
85,1446,1531,0.15099601161898843
83,1446,1529,0.15098545470571545
84,1443,1527,0.1509817287936306
85,1433,1518,0.15097661261756287
83,1429,1512,0.15096760839506712
85,1422,1507,0.1509648181286608
86,1427,1513,0.15095661236982846
89,1442,1531,0.15094758984481838
88,1441,1529,0.15093191123143104
86,1434,1520,0.15091969056383067
82,1427,1509,0.15091367849582077
82,1437,1519,0.15091832694773355
81,1433,1514,0.15092321738990042
79,1430,1509,0.15093096208939888
77,1422,1499,0.1509433626952114
75,1429,1504,0.15095989033554727
76,1435,1511,0.15097927853710977
74,1440,1514,0.1509945110477596
72,1437,1509,0.15101387801737012
74,1446,1520,0.1510370585086079
74,1453,1527,0.1510525549882212
76,1456,1532,0.1510676174957971
75,1455,1530,0.15107677672179778
75,1455,1530,0.15108738592297527
72,1443,1515,0.1510971618856129
71,1436,1507,0.15111368987161103
71,1435,1506,0.1511323014265233
71,1447,1518,0.1511492562331261
70,1444,1514,0.1511643541633737
70,1436,1506,0.15118132426685338
73,1420,1493,0.15119590863630136
72,1424,1496,0.1512017809134948
71,1425,1496,0.15121091781916945
70,1427,1497,0.15122183313915205
71,1434,1505,0.1512349664085475
71,1428,1499,0.15124484529403456
72,1427,1499,0.15125390581250456
74,1428,1502,0.15126011979321904
74,1432,1506,0.1512610606620822
70,1439,1509,0.15126098848062544
71,1449,1520,0.15127078479513628
70,1445,1515,0.15127756738918077
73,1450,1523,0.15128579821837002
74,1446,1520,0.15128588265639606
75,1443,1518,0.15128323790201892
77,1428,1505,0.1512785879649675
78,1439,1517,0.15127017624693576
79,1444,1523,0.15126051523220924
80,1448,1528,0.15124906354421505
77,1445,1522,0.15123617083844032
78,1451,1529,0.15123132024391658
80,1442,1522,0.1512246898017408
78,1431,1509,0.1512127863830667
75,1443,1518,0.1512063773162303
78,1432,1510,0.15120762905455923
81,1437,1518,0.15120173907379258
80,1431,1511,0.1511884700016537
80,1419,1499,0.15117874300102307
81,1421,1502,0.1511698235034065
84,1428,1512,0.1511593806819522
83,1437,1520,0.1511422527810022
82,1440,1522,0.1511289839591729
81,1436,1517,0.1511192017769409
82,1433,1515,0.15111324965448994
83,1437,1520,0.15110611381940386
83,1436,1519,0.1510969617126247
85,1439,1524,0.1510889286913055
86,1435,1521,0.15107678173429626
84,1442,1526,0.15106288157969872
85,1439,1524,0.15105546220075436
88,1434,1522,0.15104536535128812
86,1431,1517,0.15102788835151051
83,1431,1514,0.1510173389458492
82,1431,1513,0.1510151309440321
81,1427,1508,0.1510158425752667
80,1431,1511,0.1510192459293574
83,1436,1519,0.15102520935752486
83,1425,1508,0.15102273692519227
82,1433,1515,0.15102000526446704
81,1409,1490,0.15102033093815734
80,1420,1500,0.15102202699099904
82,1406,1488,0.15102664331437446
82,1424,1506,0.15102608654871783
77,1444,1521,0.1510260038489838
76,1439,1515,0.15103762467948803
77,1439,1516,0.1510513827397195
76,1443,1519,0.1510625123865772
78,1441,1519,0.1510757167790185
78,1439,1517,0.15108236310120915
78,1441,1519,0.1510885830730104
78,1438,1516,0.1510949266840006
76,1440,1516,0.15110139269608347
81,1445,1526,0.1511119180248942
79,1443,1522,0.15110888801135253
76,1448,1524,0.15111139276831675
75,1440,1515,0.15112098069835564
76,1445,1521,0.1511325558687022
74,1445,1519,0.15114062940934112
73,1437,1510,0.15115314267666421
72,1436,1508,0.1511669062362517
74,1450,1524,0.15118283048200648
74,1448,1522,0.15119348548714423
73,1449,1522,0.15120326853536536
76,1455,1531,0.15121425811735353
75,1450,1525,0.15121687869186226
71,1450,1521,0.15122178668934466
74,1447,1521,0.15123406977131296
76,1442,1518,0.1512392288889841
71,1449,1520,0.15123918269111036
73,1438,1511,0.15125028333520227
72,1455,1527,0.15125583228993464
74,1448,1522,0.15126340363316032
72,1440,1512,0.1512654620927307
73,1425,1498,0.15127258058788204
78,1432,1510,0.15127792608874754
83,1438,1521,0.1512695654369149
80,1451,1531,0.15124664694630002
79,1450,1529,0.15123310920025498
80,1447,1527,0.15122390034243366
77,1432,1509,0.1512132520380354
77,1442,1519,0.15120999689468206
74,1431,1505,0.15120555403850314
77,1439,1516,0.15121035289256862
78,1439,1517,0.15120771156907797
74,1439,1513,0.15120304233954798
74,1455,1529,0.1512084126372071
73,1440,1513,0.15121362623586707
73,1442,1515,0.15122143082347594
72,1453,1525,0.15122885695977525
75,1459,1534,0.15123872673266286
75,1458,1533,0.15124086937037468
73,1462,1535,0.15124310710892894
72,1441,1513,0.15125047649634105
74,1436,1510,0.1512597574246145
72,1437,1509,0.15126420662042953
73,1447,1520,0.1512732758763002
71,1443,1514,0.15127994512714793
70,1430,1500,0.15129132924423336
71,1432,1503,0.15130413273611715
72,1429,1501,0.1513134339839202
74,1437,1511,0.15132011050726302
72,1446,1518,0.1513212885201572
71,1454,1525,0.1513275186935572
70,1454,1524,0.15133614889768326
70,1450,1520,0.15134625951603747
70,1456,1526,0.1513553188222038
67,1466,1533,0.15136429875659377
68,1454,1522,0.15137969852300465
67,1457,1524,0.15139215261707714
65,1456,1521,0.15140611441144838
63,1451,1514,0.15142465527103824
62,1462,1524,0.15144694023135577
61,1457,1518,0.15146854221548725
59,1445,1504,0.15149019970908104
61,1454,1515,0.15151556744948766
59,1454,1513,0.15153431966752268
56,1461,1517,0.15155704389807614
59,1463,1522,0.15158442378188908
59,1438,1497,0.1516028752015948
59,1456,1515,0.1516200569447239
60,1453,1513,0.15163693686717494
58,1457,1515,0.15165043903970474
60,1457,1517,0.15166794183220494
62,1455,1517,0.15167926142532345
64,1450,1514,0.15168487075031897
64,1454,1518,0.1516849021227014
63,1462,1525,0.15168550323345312
63,1471,1534,0.1516888366075299
59,1480,1539,0.15169182013343444
61,1479,1540,0.1517040951193944
62,1477,1539,0.1517100618310196
62,1472,1534,0.15171272220217874
62,1457,1519,0.1517156026635869
61,1455,1516,0.15171811925111647
63,1445,1508,0.15172346659347333
62,1438,1500,0.15172402573803093
61,1450,1511,0.15172753491509358
60,1440,1500,0.1517334734351315
59,1437,1496,0.1517417377041166
59,1430,1489,0.15175187029542142
63,1440,1503,0.1517615036796796
61,1441,1502,0.1517596927414096
61,1452,1513,0.15176343463354505
60,1449,1509,0.15176744499614914
61,1455,1516,0.15177239818722996
60,1446,1506,0.1517755438907326
59,1452,1511,0.15178129323624912
59,1445,1504,0.15178898732500062
59,1456,1515,0.15179622534359338
59,1468,1527,0.15180345446771532
56,1467,1523,0.1518106222027441
53,1465,1518,0.15182417648343605
53,1464,1517,0.1518439961251789
52,1468,1520,0.15186289545463663
53,1466,1519,0.15188267137718284
51,1462,1513,0.15189925778967234
51,1454,1505,0.15191877199652026
51,1470,1521,0.15193792641554552
52,1452,1504,0.15195523221885798
53,1456,1509,0.15196942603735603
52,1450,1502,0.15198042535373726
48,1449,1497,0.15199337395591356
45,1455,1500,0.15201441462816423
46,1455,1501,0.15204102735169037
45,1463,1508,0.15206389039765025
44,1461,1505,0.15208774711443837
41,1454,1495,0.1521126291373224
44,1454,1498,0.15214287812932334
43,1462,1505,0.15216423065846857
44,1470,1514,0.15218674855425937
45,1463,1508,0.15220549569657627
46,1447,1493,0.1522196176866738
46,1457,1503,0.15223098698972212
46,1471,1517,0.15224194920572778
45,1470,1515,0.15225249200472157
46,1482,1528,0.15226431677297325
44,1479,1523,0.15227296954809902
43,1470,1513,0.15228624953250738
45,1468,1513,0.1523006430598599
44,1473,1517,0.1523087891053773
47,1480,1527,0.15231890718007013
46,1483,1529,0.15232057730655416
46,1469,1515,0.15232395966259507
44,1461,1505,0.15232803034525297
44,1476,1520,0.1523367780117394
45,1471,1516,0.15234552153238365
45,1466,1511,0.15235066841397774
46,1468,1514,0.15235585336251892
47,1470,1517,0.1523587416740247
48,1477,1525,0.15235839871857823
49,1474,1523,0.152355982512064
48,1475,1523,0.15235090823141167
48,1471,1519,0.1523489498923479
47,1464,1511,0.15234751207986758
47,1471,1518,0.1523488705147737
47,1464,1511,0.1523504628376482
48,1484,1532,0.15235223790381272
47,1477,1524,0.15235104168846786
45,1475,1520,0.1523525070441569
44,1482,1526,0.152359387329314
41,1480,1521,0.15236752834501657
42,1477,1519,0.15238189302152985
43,1471,1514,0.15239308059203277
42,1486,1528,0.15240151979308578
42,1484,1526,0.15241156525457414
42,1486,1528,0.152421183231726
42,1469,1511,0.15243037489895891
42,1471,1513,0.15243891893386294
42,1470,1512,0.15244710513536627
42,1459,1501,0.15245493220285863
42,1458,1500,0.15246204983051187
41,1466,1507,0.15246798066105952
41,1460,1501,0.15247593590144126
42,1465,1507,0.15248385445458698
40,1473,1513,0.1524886605245268
38,1476,1514,0.15249781076197622
36,1481,1517,0.1525110168333435
37,1485,1522,0.15252708745602225
37,1474,1511,0.15254020639014376
38,1485,1523,0.15255273462844976
36,1469,1505,0.15256208210706748
37,1453,1490,0.15257465164647693
37,1462,1499,0.15258351586566396
39,1467,1506,0.15259039639493185
39,1468,1507,0.15259207625831483
40,1474,1514,0.1525940899115327
41,1478,1519,0.15259209460519893
42,1480,1522,0.15258778493440586
43,1497,1540,0.15258208187563146
43,1480,1523,0.15257430524926408
41,1478,1519,0.1525676076617048
40,1477,1517,0.15256658361050246
41,1476,1517,0.15256850378178918
40,1485,1525,0.15256738129570116
38,1485,1523,0.15256935741561098
38,1467,1505,0.15257548558716988
39,1470,1509,0.15258169300323227
40,1476,1516,0.15258563964878444
38,1476,1514,0.1525871264049512
36,1473,1509,0.15259341977030907
36,1479,1515,0.1526040135480863
36,1488,1524,0.1526142079954411
35,1478,1513,0.15262415232168208
34,1488,1522,0.1526360136247415
35,1473,1508,0.15264946968263757
36,1495,1531,0.15265974715532832
36,1486,1522,0.15266677904869386
36,1486,1522,0.15267346679382685
36,1482,1518,0.1526798238766086
37,1484,1521,0.15268596978167423
37,1490,1527,0.1526895899599797
36,1470,1506,0.15269314362435252
33,1472,1505,0.1526987513106155
30,1485,1515,0.1527110421307328
31,1482,1513,0.1527295055685694
30,1491,1521,0.152743797770786
30,1497,1527,0.15275970611084985
30,1487,1517,0.15277378124911983
29,1488,1517,0.15278723491748164
29,1478,1507,0.15280222266539453
30,1485,1515,0.15281646803339144
29,1485,1514,0.15282702627789668
30,1489,1519,0.15283938462793237
29,1493,1522,0.15284877006777559
29,1486,1515,0.15286021082101012
30,1502,1532,0.15287059434470202
31,1492,1523,0.1528773960991501
31,1484,1515,0.15288172495316238
30,1471,1501,0.15288604377959789
29,1476,1505,0.1528920193975989
25,1482,1507,0.15290045739496402
26,1487,1513,0.15291802179156094
27,1487,1514,0.15293240916889578
27,1476,1503,0.15294319229959125
26,1490,1516,0.15295284927633002
24,1507,1531,0.15296297941993686
23,1510,1533,0.1529771636538406
23,1496,1519,0.15299318666909356
23,1490,1513,0.1530080871473533
23,1496,1519,0.15302232259394438
24,1488,1512,0.1530362650393976
23,1498,1521,0.1530469484760485
22,1492,1514,0.15305950146058736
21,1492,1513,0.15307377255520024
20,1493,1513,0.15308973588520966
20,1497,1517,0.1531071290928693
22,1489,1511,0.15312282129427437
22,1502,1524,0.15313269322102993
21,1500,1521,0.15314216025867045
22,1504,1526,0.1531534034960708
21,1492,1513,0.15316185763006826
21,1500,1521,0.15317227712642967
21,1501,1522,0.1531816361124498
20,1499,1519,0.15319058877110253
18,1498,1516,0.15320130579885544
16,1480,1496,0.15321587932727454
16,1496,1512,0.15323432827151076
16,1497,1513,0.15325174537881167
16,1498,1514,0.1532681773994783
15,1499,1514,0.15328367054306546
14,1485,1499,0.15330066329701988
16,1489,1505,0.1533189375202779
15,1500,1515,0.15333065597128567
15,1504,1519,0.15334403229433308
15,1509,1524,0.15335671235035864
15,1502,1517,0.15336872174965635
13,1495,1508,0.15337939117499177
12,1499,1511,0.1533941027890455
12,1498,1510,0.15341033021639192
13,1497,1510,0.15342568895847222
13,1497,1510,0.15343714105709844
13,1501,1514,0.15344807643251296
13,1500,1513,0.15345850260423594
13,1487,1500,0.153468429655309
12,1494,1506,0.15347786970277302
12,1502,1514,0.15348898539892558
11,1504,1515,0.15349951294235523
10,1500,1510,0.1535118956862298
11,1501,1512,0.1535261269741201
11,1508,1519,0.15353677804210822
12,1505,1517,0.15354686530417627
12,1509,1521,0.1535537665590005
11,1495,1506,0.15356035106023272
10,1511,1521,0.1535690702976064
9,1499,1508,0.15357970680366761
10,1505,1515,0.15359210855520453
10,1504,1514,0.15360130944531974
10,1489,1499,0.15361002093957485
10,1501,1511,0.15361791738171252
10,1499,1509,0.15362543129881023
10,1502,1512,0.15363257378207942
10,1506,1516,0.15363935670083328
9,1514,1523,0.15364579248527477
8,1504,1512,0.15365428132624334
8,1502,1510,0.15366455252501074
8,1511,1519,0.15367423567530963
8,1510,1518,0.15368336078166905
8,1506,1514,0.15369195679681494
8,1508,1516,0.15370005158813926
9,1510,1519,0.15370767191818507
9,1506,1515,0.1537117728328448
9,1514,1523,0.15371573034618202
9,1512,1521,0.15371953912489764
8,1510,1518,0.15372319598120326
8,1518,1526,0.15372909420544253
8,1528,1536,0.1537346943147627
8,1521,1529,0.153740006154682
7,1518,1525,0.1537450400566752
7,1512,1519,0.15375220459974315
7,1513,1520,0.15375896812679948
7,1516,1523,0.15376527360888098
7,1527,1534,0.15377123918778307
7,1532,1539,0.1537768796084207
6,1525,1531,0.15378220950088933
6,1513,1519,0.15378947015388023
7,1518,1525,0.15379631296044996
6,1528,1534,0.1537995697832476
6,1510,1516,0.15380517787929832
6,1509,1515,0.15381053927803465
7,1510,1517,0.15381565645101763
7,1504,1511,0.15381791349250712
6,1520,1526,0.15382012732010059
6,1516,1522,0.15382502505602866
6,1517,1523,0.1538296494319197
6,1513,1519,0.15383401307456146
6,1493,1499,0.15383738169797576
7,1494,1501,0.15384065859214313
7,1508,1515,0.15384066589176307
8,1507,1515,0.1538408588436731
8,1502,1510,0.15383812707131864
7,1504,1511,0.15383580332998423
7,1512,1519,0.15383626146344093
7,1501,1508,0.1538368803243814
6,1506,1512,0.15383762735890155
7,1497,1504,0.15384081293836802
7,1508,1515,0.15384151992010836
6,1494,1500,0.1538423050430402
6,1514,1520,0.15384555261571403
7,1514,1521,0.15384869308496943
7,1508,1515,0.1538486426540863
7,1508,1515,0.15384876381267848
7,1510,1517,0.1538490270652117
6,1517,1523,0.15384940687811782
6,1514,1520,0.1538522362634005
6,1506,1512,0.1538549939217577
6,1500,1506,0.15385767249936394
6,1506,1512,0.15385959632197344
6,1490,1496,0.15386155713023186
6,1497,1503,0.15386353515950865
6,1489,1495,0.15386551382308394
6,1501,1507,0.1538674792963882
6,1504,1510,0.15386942015162827
6,1521,1527,0.15387132703689257
6,1533,1539,0.15387319239450903
6,1515,1521,0.1538750102140371
6,1535,1541,0.15387677581580722
6,1532,1538,0.1538784856613957
6,1516,1522,0.15388013718784305
6,1528,1534,0.15388172866279232
6,1529,1535,0.15388325905805325
5,1526,1531,0.15388472793938812
5,1519,1524,0.15388854818373227
5,1511,1516,0.15389216111672538
5,1515,1520,0.15389557615491062
5,1518,1523,0.15389880252770444
5,1526,1531,0.15390184924322653
5,1525,1530,0.15390472506155364
5,1516,1521,0.15390743847431684
5,1504,1509,0.1539099976897029
4,1502,1506,0.15391241062204208
4,1518,1522,0.1539168384544894
3,1516,1519,0.15392100245591073
2,1516,1518,0.15392717635506303
2,1513,1515,0.15393521124937387
3,1515,1518,0.1539427561599253
3,1518,1521,0.15394738615302908
3,1519,1522,0.15395175507512449
3,1530,1533,0.1539558753627048
3,1526,1529,0.15395975917414517
3,1524,1527,0.15396341834492844
3,1515,1518,0.15396686435327386
3,1519,1522,0.1539701082945981
3,1516,1519,0.15397316086344412
3,1517,1520,0.1539760323417012
3,1510,1513,0.15397873259209355
3,1519,1522,0.15398127105605933
4,1513,1517,0.15398365675525966
4,1515,1519,0.15398274713516522
4,1518,1522,0.15398199442932317
4,1502,1506,0.15398137769912368
4,1505,1509,0.1539808785459168
4,1498,1502,0.15398048081680965
4,1516,1520,0.15398017034366013
3,1503,1506,0.15397993471158636
3,1500,1503,0.15398214212503436
3,1509,1512,0.15398425959191614
3,1499,1502,0.1539862868124671
3,1495,1498,0.15398822422712222
4,1504,1508,0.1539900728830908
4,1500,1504,0.1539886298344694
3,1506,1509,0.1539873982543033
4,1506,1510,0.1539887958596964
4,1503,1507,0.15398693888470721
3,1513,1516,0.15398537078543195
3,1524,1527,0.1539864130623096
3,1522,1525,0.1539875289412884
3,1516,1519,0.1539886978534739
3,1522,1525,0.15398990235772886
2,1519,1521,0.15399112773227874
2,1517,1519,0.15399466953167265
2,1522,1524,0.15399807239650748
2,1522,1524,0.15400133609127387
2,1508,1510,0.15400446138521262
2,1507,1509,0.15400744987779605
2,1507,1509,0.15401030384786007
2,1519,1521,0.15401302612344356
2,1512,1514,0.15401561996974722
2,1515,1517,0.15401808899293404
2,1517,1519,0.15402043705776705
2,1520,1522,0.1540226682173245
2,1515,1517,0.15402478665324282
2,1521,1523,0.15402679662512894
2,1521,1523,0.15402870242794678
2,1511,1513,0.15403050835633053
1,1515,1516,0.15403221867490482
1,1509,1510,0.15403621719090282
1,1508,1509,0.15403997740901212
1,1511,1512,0.15404351293396176
1,1517,1518,0.1540468366717766
0,1523,1523,0.15404996085522094
