1364,30,1394,0.13579578822755
1386,30,1416,0.1329600526590028
1406,29,1435,0.130321608223424
1433,32,1465,0.1278679133429982
1441,32,1473,0.12556028428130842
1443,33,1476,0.12343894017461557
1443,32,1475,0.1215052872805257
1463,32,1495,0.11974621704883813
1454,30,1484,0.11809240205502715
1449,30,1479,0.11661185895458213
1438,32,1470,0.11528090733746733
1455,31,1486,0.11409740565204413
1461,31,1492,0.11297575047022974
1453,31,1484,0.11194223331119023
1459,31,1490,0.11102362091594038
1446,31,1477,0.11017261897304763
1447,34,1481,0.10943055522278815
1452,35,1487,0.1087530752048491
1446,36,1482,0.10812539330390834
1440,37,1477,0.10757001129923564
1451,39,1490,0.10708024078597894
1459,37,1496,0.1066067614084147
1457,37,1494,0.10615818885856214
1452,38,1490,0.10575570611813433
1461,37,1498,0.10540145482437886
1450,37,1487,0.1050557621606259
1452,38,1490,0.1047662536504502
1443,38,1481,0.10449880235620297
1446,39,1485,0.10427837251026506
1444,39,1483,0.10407196801970527
1458,38,1496,0.10388857410102194
1464,39,1503,0.10368967128665417
1455,38,1493,0.1034946127580165
1460,38,1498,0.10333724244415539
1460,39,1499,0.10318263812019143
1457,40,1497,0.10304292010937777
1462,42,1504,0.10292063560437825
1454,42,1496,0.10279795965182169
1455,43,1498,0.1027066795007833
1459,41,1500,0.10262230865935122
1451,41,1492,0.102537191981701
1443,40,1483,0.10247774137104738
1454,41,1495,0.10244148742119993
1444,38,1482,0.10238456802510537
1450,38,1488,0.10235641368064075
1439,38,1477,0.10231665740397101
1441,37,1478,0.10230593068310256
1448,38,1486,0.10229274816570154
1441,38,1479,0.10226548316682293
1451,37,1488,0.10225763923185155
1453,35,1488,0.10222748768470435
1445,37,1482,0.1021936595819967
1442,34,1476,0.10218221866369546
1443,34,1477,0.10217967158139561
1443,35,1478,0.10217399135111364
1447,37,1484,0.10216919512478265
1433,38,1471,0.10215495893734033
1439,38,1477,0.10217294618000457
1449,38,1487,0.10217660715288708
1456,39,1495,0.1021595718556949
1448,40,1488,0.10212731597120243
1448,40,1488,0.10211548101122644
1434,38,1472,0.10210393388336043
1442,38,1480,0.1021253325645275
1445,36,1481,0.10212757213302069
1450,36,1486,0.10212129755808547
1436,35,1471,0.10210539722757382
1456,37,1493,0.10212158210364745
1452,39,1491,0.10209070174477192
1432,38,1470,0.1020688483613574
1440,39,1479,0.10209395722612769
1444,39,1483,0.10210104017306534
1456,40,1496,0.10209857110768629
1463,40,1503,0.10206834388165444
1465,39,1504,0.10202553374437215
1474,38,1512,0.10198153004974923
1460,39,1499,0.10192040661484934
1452,39,1491,0.10189618827103412
1451,38,1489,0.10189221655980564
1440,40,1480,0.10189262563051131
1415,41,1456,0.10191832777589059
1423,43,1466,0.10199851863429699
1430,44,1474,0.10205324797163857
1431,42,1473,0.10208850417309381
1439,44,1483,0.10211755364456099
1446,45,1491,0.1021268982001944
1454,44,1498,0.10211969301755694
1454,44,1498,0.10209559042949355
1446,43,1489,0.1020710041381438
1443,44,1487,0.10206821137758013
1436,44,1480,0.10207221730014275
1441,42,1483,0.10209163324526688
1444,40,1484,0.10210154653867962
1433,42,1475,0.10210275998005475
1437,44,1481,0.10212729389743729
1431,44,1475,0.10214058707761567
1437,46,1483,0.10216776352313595
1445,46,1491,0.10218027904912627
1440,49,1489,0.10217472495421283
1453,50,1503,0.10217903790711162
1445,52,1497,0.1021545204190598
1446,52,1498,0.10214896058646578
1441,50,1491,0.10214189343935841
1440,51,1491,0.10214641807574683
1433,54,1487,0.10215272005214214
1423,56,1479,0.10217637027051042
1431,57,1488,0.1022211258830827
1434,61,1495,0.10224519987699526
1412,62,1474,0.10226224511298497
1422,60,1482,0.10232729150817672
1416,59,1475,0.10236446985499312
1413,60,1473,0.10241237614913759
1433,62,1495,0.10246271216130441
1433,62,1495,0.10246408364176268
1441,60,1501,0.10246564222915477
1423,63,1486,0.10244834809206958
1425,63,1488,0.1024712886929634
1408,60,1468,0.10249077973762398
1428,62,1490,0.10254707002029044
1421,60,1481,0.10255447919714573
1432,61,1493,0.10257438880164049
1418,60,1478,0.10256893745165584
1430,61,1491,0.10259483175396829
1419,64,1483,0.10259469977550005
1419,63,1482,0.10261895274488271
1423,63,1486,0.10264081547421405
1423,62,1485,0.10265232768333768
1433,61,1494,0.1026631237144478
1423,61,1484,0.10264941084212297
1426,63,1489,0.10266003622928604
1432,64,1496,0.10265949051494246
1435,65,1500,0.10264619329844386
1440,59,1499,0.10262972764267932
1428,60,1488,0.1026038882337457
1421,59,1480,0.10260610651506406
1421,57,1478,0.10262479146451135
1423,57,1480,0.10264037719373857
1433,56,1489,0.10264991210448454
1429,58,1487,0.10263612898902011
1443,58,1501,0.1026330296872517
1429,57,1486,0.10259733416228099
1430,57,1487,0.10259572235558231
1424,60,1484,0.1025936875421105
1416,59,1475,0.10260377939055378
1417,60,1477,0.10263110152889227
1436,59,1495,0.10265632587715658
1428,64,1492,0.10263792544584607
1420,64,1484,0.10263956430504476
1411,67,1478,0.10265718212981448
1426,70,1496,0.10269495011074735
1418,72,1490,0.10269796069045807
1412,72,1484,0.1027185048290951
1412,72,1484,0.10275065377252764
1415,71,1486,0.10278156231403074
1423,71,1494,0.10280366964749345
1410,71,1481,0.10280747669935413
1411,69,1480,0.10283928579318273
1411,70,1481,0.10286598066002252
1423,72,1495,0.10289051352894671
1432,73,1505,0.10288643285710637
1428,74,1502,0.10286115205200565
1425,73,1498,0.10284738775931226
1422,71,1493,0.10284270295098114
1431,69,1500,0.10284391160374635
1435,68,1503,0.10282417318317741
1428,66,1494,0.10279769537203073
1425,64,1489,0.10278758139740683
1412,61,1473,0.10278470036001344
1421,59,1480,0.10281030422913424
1435,59,1494,0.10281339975650468
1444,58,1502,0.10278506317168418
1435,63,1498,0.10273765846944598
1429,62,1491,0.10271369622854148
1429,58,1487,0.1027054683092165
1411,58,1469,0.10269810500377537
1421,61,1482,0.10273048293374196
1418,62,1480,0.10273946794306373
1409,61,1470,0.10275438093591031
1419,62,1481,0.10278579916374926
1414,61,1475,0.10279223067909907
1407,63,1470,0.10280981380788248
1400,65,1465,0.10284331127519195
1416,64,1480,0.10289183871187405
1428,71,1499,0.10289819852613928
1419,71,1490,0.10287632898101212
1437,71,1508,0.10287799206244545
1441,70,1511,0.10283860097478144
1453,68,1521,0.10279376350776141
1453,69,1522,0.1027272724796574
1434,72,1506,0.10266599379406667
1432,73,1505,0.10265232427057819
1423,71,1494,0.10264636832962472
1422,69,1491,0.10265996246834218
1408,68,1476,0.10267390297958968
1413,69,1482,0.10271947187516595
1418,68,1486,0.10275050687389241
1426,66,1492,0.1027665257128044
1421,66,1487,0.10276421944979938
1430,68,1498,0.10277391596187226
1447,67,1514,0.1027636735240004
1439,69,1508,0.1027161805379115
1426,68,1494,0.10269056769744526
1431,67,1498,0.1026958947913607
1444,68,1512,0.1026896887267268
1439,67,1506,0.10265150438658044
1447,67,1514,0.1026283834466221
1431,63,1494,0.10258896599236866
1436,64,1500,0.10258984296527082
1424,64,1488,0.10258051745820947
1428,63,1491,0.10259829820973429
1428,62,1490,0.10260546385878368
1439,61,1500,0.10261305801550495
1435,63,1498,0.10259453621161613
1441,62,1503,0.10258747540182554
1430,64,1494,0.10256856407214439
1421,64,1485,0.10257384261051136
1435,65,1500,0.10259837953216216
1433,66,1499,0.10259039765628214
1437,69,1506,0.10258717983755443
1440,71,1511,0.10257666757049501
1434,74,1508,0.1025613865793252
1426,74,1500,0.10256308519969816
1424,77,1501,0.10257969464416793
1420,77,1497,0.10259986008840777
1419,78,1497,0.10262898084696324
1413,80,1493,0.10265851417019332
1417,81,1498,0.10269919598939317
1422,83,1505,0.10272862823715269
1417,84,1501,0.10274278322896119
1416,84,1500,0.10276638553708459
1408,83,1491,0.1027902982940779
1408,84,1492,0.10283151919324432
1417,82,1499,0.10287022590137021
1422,78,1500,0.10288643401477766
1422,76,1498,0.10288807671019827
1421,78,1499,0.10288959301758556
1411,83,1494,0.102893348538451
1417,81,1498,0.10291824943122137
1411,82,1493,0.10292871359068517
1416,81,1497,0.10295251164062019
1408,82,1490,0.1029634415426829
1427,79,1506,0.10299125932592404
1419,77,1496,0.10297334040633775
1426,78,1504,0.102974437648002
1417,78,1495,0.10295944054084952
1419,80,1499,0.10296565074284199
1421,77,1498,0.1029669592312229
1430,78,1508,0.10296221261600184
1436,76,1512,0.10293872677922224
1426,77,1503,0.10290311942162156
1423,77,1500,0.10289239734054634
1415,76,1491,0.10289127093605104
1424,76,1500,0.10290575958683931
1422,74,1496,0.10289833449728752
1424,74,1498,0.10289452053184121
1419,78,1497,0.1028871381211594
1410,80,1490,0.10289094007092907
1414,80,1494,0.10291636573421449
1423,81,1504,0.10293195887722054
1416,82,1498,0.10292709439405297
1409,85,1494,0.10293860531941278
1413,82,1495,0.10296433294359282
1411,81,1492,0.10298043380867877
1412,80,1492,0.10300161895785348
1406,80,1486,0.10301703983151667
1400,81,1481,0.10304374176203701
1407,81,1488,0.10308391601408828
1411,79,1490,0.10310482428095658
1419,83,1502,0.10311541941369867
1415,84,1499,0.10310495584300758
1417,84,1501,0.10310515279151562
1422,81,1503,0.10309908058874169
1420,78,1498,0.10308273903872311
1423,79,1502,0.10307137760150727
1429,79,1508,0.10305395763413389
1410,79,1489,0.10302327280145845
1426,77,1503,0.10303907570380957
1420,77,1497,0.10301742787109934
1415,76,1491,0.10301191450758437
1425,74,1499,0.10301829073786313
1427,72,1499,0.10300078727585482
1419,77,1496,0.10298022900269378
1414,78,1492,0.10297931170460803
1407,81,1488,0.10299101665283222
1398,79,1477,0.10301754277102596
1414,75,1489,0.10306377282704375
1427,80,1507,0.1030701012108748
1423,81,1504,0.1030431519501911
1426,83,1509,0.10302773110860101
1415,80,1495,0.10300454947664439
1415,80,1495,0.1030096076780111
1401,78,1479,0.10301499203096988
1397,81,1478,0.1030507880690692
1406,84,1490,0.10309265396409513
1403,86,1489,0.10311167450522428
1407,84,1491,0.10313693554312472
1410,86,1496,0.10315095816542712
1415,84,1499,0.10315790083883426
1426,84,1510,0.10315459612995795
1419,85,1504,0.10312432441456462
1418,83,1501,0.10311193955723193
1419,82,1501,0.10310265475491345
1411,82,1493,0.1030941832698335
1419,85,1504,0.10310345575974836
1407,87,1494,0.10309203175922164
1402,88,1490,0.10310890096057314
1390,86,1476,0.10313728038611082
1397,83,1480,0.10319207178460672
1398,83,1481,0.10322747542055716
1390,84,1474,0.10325795915634899
1392,85,1477,0.1033018714037226
1394,85,1479,0.1033370927681141
1397,87,1484,0.1033637694939442
1408,87,1495,0.1033824244781453
1405,84,1489,0.10337498567501402
1411,81,1492,0.10337609244268914
1397,81,1478,0.10336442870124721
1403,79,1482,0.10338399581776724
1411,79,1490,0.10338886187921456
1404,79,1483,0.10337718139318605
1406,80,1486,0.10338213146869055
1405,81,1486,0.10338165873886415
1401,84,1485,0.10338248885396936
1408,82,1490,0.10339119377622008
1400,86,1486,0.10338177900898335
1391,88,1479,0.10339355396232448
1396,90,1486,0.1034243024887783
1387,88,1475,0.10344235371244523
1387,87,1474,0.10348028818060725
1398,90,1488,0.10351481620569779
1389,92,1481,0.10352309724127426
1386,90,1476,0.1035514898542748
1397,91,1488,0.10358325840161015
1396,91,1487,0.10358802253291492
1401,89,1490,0.10359408613279207
1406,91,1497,0.1035884381145582
1401,92,1493,0.10357187457132479
1397,95,1492,0.10356794196047597
1393,94,1487,0.10357440247837879
1407,95,1502,0.10359107841571902
1410,97,1507,0.10357580339107109
1409,95,1504,0.1035533369394431
1409,96,1505,0.10353515319301902
1395,96,1491,0.10351637651564115
1399,95,1494,0.10353098040524301
1402,94,1496,0.10353649404954225
1398,93,1491,0.10353535527138163
1404,91,1495,0.10354342840553872
1408,91,1499,0.1035362193664287
1400,96,1496,0.10351760390157921
1409,97,1506,0.10351877105511939
1392,98,1490,0.10350044652098585
1388,95,1483,0.1035229212621016
1388,93,1481,0.10355386945265682
1382,95,1477,0.10358099104770771
1372,96,1468,0.10362002561419933
1385,96,1481,0.10367977463890603
1382,96,1478,0.1037053674375866
1388,97,1485,0.10373727773559153
1388,100,1488,0.10375230617171446
1404,97,1501,0.10376694483866367
1402,99,1501,0.10374402268803536
1398,98,1496,0.10372737930768099
1395,103,1498,0.1037203866240283
1389,105,1494,0.10372327453251799
1399,104,1503,0.10373958029113854
1398,103,1501,0.10373174115531664
1391,103,1494,0.10372682318512404
1380,103,1483,0.10373681200911139
1382,104,1486,0.10377171531993792
1400,105,1505,0.10380101204279976
1388,102,1490,0.10379002104110154
1384,101,1485,0.10380509766158934
1398,98,1496,0.10382670949255711
1405,96,1501,0.10381248796682169
1409,96,1505,0.1037843827092489
1400,101,1501,0.10375002394338935
1403,107,1510,0.10373931603311974
1393,106,1499,0.10372388804926981
1398,105,1503,0.1037335786051256
1379,106,1485,0.10373061912164555
1383,109,1492,0.1037722631573251
1383,109,1492,0.10380118259447219
1375,109,1484,0.10382904962646315
1381,111,1492,0.10387241442238711
1376,115,1491,0.10389948496820126
1376,115,1491,0.10393599470192406
1376,110,1486,0.1039699002365414
1380,111,1491,0.10400252114043498
1383,112,1495,0.10402389986372781
1377,110,1487,0.10403631843641276
1366,113,1479,0.10406005585701168
1370,119,1489,0.10410681015426285
1378,119,1497,0.10414250369261044
1374,116,1490,0.10415975954975845
1360,112,1472,0.10418416022297153
1364,114,1478,0.10423665170890101
1372,107,1479,0.10427467601743422
1373,107,1480,0.10428958598106178
1377,107,1484,0.1043009931134776
1355,108,1463,0.10430235239914368
1365,115,1480,0.10435137479258834
1370,114,1484,0.10437331457790049
1360,116,1476,0.10438295085319871
1365,117,1482,0.10441522810756595
1375,116,1491,0.10443712669654173
1374,116,1490,0.10443578393334409
1367,121,1488,0.1044330006044519
1378,117,1495,0.10444704892775078
1387,118,1505,0.10443720180983403
1393,122,1515,0.10440744896432257
1377,119,1496,0.10436666781829139
1376,123,1499,0.10436511718801508
1372,126,1498,0.10436709439274522
1359,125,1484,0.10437885887139872
1352,129,1481,0.10441964411180261
1358,129,1487,0.10447170628538163
1361,130,1491,0.104506253118068
1361,132,1493,0.10453144920938985
1351,133,1484,0.10455517097081281
1356,134,1490,0.10460134429547495
1362,135,1497,0.1046315630702102
1369,137,1506,0.10464518505625132
1369,137,1506,0.10464347234130994
1369,139,1508,0.10464314378973848
1353,139,1492,0.10464480378804084
1339,140,1479,0.10468171438179219
1329,141,1470,0.10474596620719791
1327,143,1470,0.10483027515588145
1339,150,1489,0.1049124174356851
1336,147,1483,0.10496226467408806
1328,151,1479,0.10501575160499091
1334,152,1486,0.10508352239859964
1333,155,1488,0.10513471374257267
1341,158,1499,0.10518233794272874
1332,157,1489,0.10520854550756173
1328,162,1490,0.10525305892021392
1327,165,1492,0.10530601870501773
1342,164,1506,0.10535873386127304
1330,168,1498,0.10537419925665774
1328,174,1502,0.10541556202962842
1330,174,1504,0.10545817868896888
1340,172,1512,0.10549391753081828
1326,168,1494,0.10550368643565367
1322,169,1491,0.1055442600020597
1329,169,1498,0.10559027626062525
1326,170,1496,0.10561754474432383
1336,171,1507,0.10565093645944723
1325,173,1498,0.1056599335780828
1310,169,1479,0.10569250532000674
1328,166,1494,0.10575478262638793
1317,170,1487,0.1057711253297752
1310,170,1480,0.10581220624081075
1317,173,1490,0.10586717057822735
1307,171,1478,0.10590176849565079
1316,174,1490,0.10595662197390222
1319,176,1495,0.10598672115206503
1315,175,1490,0.1060073419197456
1309,177,1486,0.10603528443015584
1322,174,1496,0.10607511738175072
1312,172,1484,0.10608085229220368
1326,171,1497,0.10611194549889934
1316,169,1485,0.10610686318469746
1328,168,1496,0.10612606157276712
1322,174,1496,0.10611771003996229
1312,178,1490,0.10612255266141025
1321,175,1496,0.1061504745398288
1308,177,1485,0.10615617500053447
1299,177,1476,0.10619109944659055
1303,180,1483,0.10624486991381073
1309,176,1485,0.10628573340882702
1318,172,1490,0.10630937158595061
1321,173,1494,0.1063082021161743
1325,172,1497,0.1062983108788092
1321,173,1494,0.10628274047742226
1329,173,1502,0.1062799485817715
1318,181,1499,0.10625690652976705
1314,180,1494,0.1062627736910688
1323,182,1505,0.10627824136826643
1325,185,1510,0.1062713360392915
1311,188,1499,0.10626059000652636
1313,188,1501,0.10628123696772711
1304,190,1494,0.10629725182220094
1296,191,1487,0.10633283295030846
1293,185,1478,0.10638520367728414
1297,187,1484,0.10643987235321571
1296,190,1486,0.10648290466723008
1296,193,1489,0.10652291007990013
1305,192,1497,0.10655912148866223
1312,191,1503,0.10657351971414729
1309,189,1498,0.10657177122357768
1293,189,1482,0.1065764349293156
1298,184,1482,0.10661546592963048
1299,187,1486,0.10664162810542954
1300,188,1488,0.106664440349094
1286,188,1474,0.10668461798093422
1279,185,1464,0.10673465232401977
1286,187,1473,0.10679667267823527
1288,185,1473,0.10683795107434677
1306,191,1497,0.10686993893458442
1313,195,1508,0.10685874266774743
1318,195,1513,0.10683148678709126
1307,196,1503,0.10679871315070733
1282,199,1481,0.10679209880315113
1287,202,1489,0.10684327174330426
1278,204,1482,0.10688185082933835
1282,202,1484,0.10693847266520361
1290,209,1499,0.10697956652854326
1293,211,1504,0.10699762808769434
1276,210,1486,0.10700775877989102
1282,206,1488,0.10705744481475542
1294,206,1500,0.10708964713785254
1293,206,1499,0.10709323485336919
1285,213,1498,0.10709938665750993
1280,214,1494,0.10712491782950838
1278,213,1491,0.10715999735858181
1282,210,1492,0.10719817481760806
1279,214,1493,0.10722547761663623
1265,220,1485,0.10725770271806724
1279,219,1498,0.10731794521886322
1273,222,1495,0.10733929022541788
1268,229,1497,0.10737272567355632
1276,226,1502,0.10741480765118333
1279,226,1505,0.10743693209608754
1261,228,1489,0.10745128698919752
1265,223,1488,0.10750501720800898
1258,227,1485,0.10754454296488042
1269,231,1500,0.10759813354305535
1265,232,1497,0.10762204364967289
1260,233,1493,0.10765232255764749
1253,236,1489,0.10769265701673195
1272,230,1502,0.10774767349543986
1271,230,1501,0.10775529711208781
1261,234,1495,0.10776393083260867
1266,233,1499,0.10779646375339386
1268,236,1504,0.10781461391803056
1270,237,1507,0.10782644717522114
1275,237,1512,0.10783372454293072
1274,237,1511,0.10782993522380963
1271,237,1508,0.10782977673404077
1260,239,1499,0.10783814792588897
1257,240,1497,0.10787301805660655
1251,246,1497,0.10791205156683273
1251,249,1500,0.10796170153598958
1236,248,1484,0.10800952997847539
1235,252,1487,0.1080893043998504
1238,251,1489,0.10816570694931757
1238,250,1488,0.1082287556104868
1248,250,1498,0.10828468186516665
1243,244,1487,0.10831638665661042
1244,254,1498,0.10835650508566409
1233,255,1488,0.10839069567600002
1239,262,1501,0.1084465682447701
1234,273,1507,0.10848572157047183
1236,274,1510,0.10853423229592828
1238,277,1515,0.10857672546886253
1234,267,1501,0.10861215873258008
1236,268,1504,0.10865272667054567
1232,272,1504,0.10868397115016634
1229,270,1499,0.10872119491041976
1230,265,1495,0.10876229378830167
1230,271,1501,0.10879967826475041
1237,273,1510,0.10883676727138092
1229,275,1504,0.10885319470439239
1225,277,1502,0.10888669761594837
1230,279,1509,0.10892808185146916
1214,279,1493,0.10895636166112393
1214,278,1492,0.10902086085135423
1206,280,1486,0.10908051956284492
1196,289,1485,0.10915441715513716
1197,281,1478,0.10924807189978412
1210,284,1494,0.1093313767420165
1215,284,1499,0.10937791524186462
1208,284,1492,0.1094093642829726
1205,280,1485,0.10945266312488304
1214,284,1498,0.1094985982181439
1217,289,1506,0.10952216505598822
1213,284,1497,0.10953819597496124
1211,285,1496,0.10956260708563499
1217,287,1504,0.10958971219328528
1214,296,1510,0.10960177469303307
1209,295,1504,0.1096181477136796
1207,296,1503,0.10964716902010072
1189,302,1491,0.10968057626197507
1187,312,1499,0.10975387691033868
1196,313,1509,0.10982697228368636
1201,303,1504,0.10987628447392651
1203,299,1502,0.10990793752444052
1205,302,1507,0.10993097738103248
1186,302,1488,0.10994922840278201
1186,301,1487,0.11000803941442712
1196,303,1499,0.11006190493479134
1202,308,1510,0.11009046846793755
1203,298,1501,0.11009870501996209
1209,297,1506,0.11010264234441934
1215,292,1507,0.11009050932433613
1210,294,1504,0.11006578482944036
1203,290,1493,0.11005295285998173
1214,293,1507,0.11005947315797798
1213,289,1502,0.11003991661073244
1224,290,1514,0.11002610285972533
1210,293,1503,0.10998763685555561
1193,292,1485,0.10998078547988598
1195,293,1488,0.11001672390245382
1197,295,1492,0.11004576521345183
1194,299,1493,0.11006982300582009
1199,302,1501,0.11010070647313829
1188,302,1490,0.11011728362858637
1184,302,1486,0.11015690839127207
1190,296,1486,0.11020462627539886
1194,303,1497,0.11023241532818485
1182,305,1487,0.11025060264534212
1185,311,1496,0.11029242683958508
1182,312,1494,0.11032739485898858
1171,322,1493,0.11036722038905866
1170,315,1485,0.11042814306898788
1171,313,1484,0.11048559178448947
1171,321,1492,0.1105396907849097
1169,317,1486,0.11059147736537703
1176,309,1485,0.11064506131872254
1187,314,1501,0.11068085016203451
1183,314,1497,0.11068725641307749
1185,321,1506,0.11070130951468776
1175,321,1496,0.11071250647812449
1170,319,1489,0.11074564269286774
1164,322,1486,0.11078919853751953
1153,326,1479,0.11084212101233247
1148,328,1476,0.1109145003510996
1145,328,1473,0.1109929774248958
1157,330,1487,0.11107362700553823
1164,329,1493,0.11112417790752178
1166,328,1494,0.11115349713511861
1167,323,1490,0.1111759738476872
1172,320,1492,0.11119363924638222
1167,331,1498,0.11120149177208574
1159,333,1492,0.11121943987060785
1168,336,1504,0.11125480084615522
1165,337,1502,0.1112675330738606
1175,331,1506,0.11128710089059055
1162,338,1500,0.1112801440450966
1164,333,1497,0.11130446402977913
1161,337,1498,0.11132437759446753
1162,340,1502,0.11134861597250936
1161,340,1501,0.11137126142672696
1168,342,1510,0.11139370423647174
1152,337,1489,0.11139803313884299
1157,336,1493,0.11143950235222093
1154,340,1494,0.11146491863957192
1165,347,1512,0.11149426265773849
1154,353,1507,0.11149756713272463
1143,356,1499,0.11152734527026022
1135,360,1495,0.11157796005587678
1146,355,1501,0.11164160725125917
1154,363,1517,0.1116760753112366
1147,350,1497,0.11168992515056701
1142,354,1496,0.11171941853907824
1135,354,1489,0.11175954371216164
1132,356,1488,0.11181296954146287
1135,357,1492,0.11186817681742997
1138,356,1494,0.11191372755367446
1139,357,1496,0.11195001289820862
1139,356,1495,0.11197911819702082
1134,357,1491,0.11200632824926267
1133,358,1491,0.1120464126967801
1124,355,1479,0.11208693558138311
1123,366,1489,0.11214522812336185
1127,363,1490,0.11220098735381251
1145,360,1505,0.11224097673392733
1140,363,1503,0.11223834929388257
1150,361,1511,0.11224464663622136
1152,360,1512,0.11222645419991086
1137,365,1502,0.11220359517416952
1131,365,1496,0.11222094317740108
1132,364,1496,0.11225198503185455
1131,363,1494,0.11227810538475237
1131,368,1499,0.11230704863298102
1126,369,1495,0.11233383527971924
1137,365,1502,0.11237167425950799
1141,374,1515,0.11238059650325663
1144,373,1517,0.1123795904608621
1134,373,1507,0.1123721304607041
1121,371,1492,0.11239201811496198
1115,376,1491,0.11244081319214919
1126,370,1496,0.11250137164738026
1123,373,1496,0.11252884458249719
1104,374,1478,0.11255809878148655
1102,376,1478,0.11262922887361128
1112,383,1495,0.11270007701647693
1113,378,1491,0.11274475781612839
1127,376,1503,0.11278142626305517
1127,379,1506,0.11278383770574259
1128,377,1505,0.11278507264411747
1133,376,1509,0.11278614725812243
1119,373,1492,0.11277565456324554
1117,385,1502,0.11279696298817977
1112,383,1495,0.11282386058036939
1116,388,1504,0.11286191694033608
1122,389,1511,0.11288684035767056
1107,387,1494,0.11289739351703755
1106,387,1493,0.11294264363692069
1113,387,1500,0.11298732780198631
1127,388,1515,0.11301371910415661
1123,392,1515,0.11300480675970874
1123,386,1509,0.11300582650224258
1120,381,1501,0.11300915234492702
1123,385,1508,0.11301808910846313
1120,383,1503,0.11301909561195274
1118,383,1501,0.11302871992092241
1114,390,1504,0.11304220358229361
1123,389,1512,0.11306505002874352
1117,388,1505,0.11306531546794846
1118,385,1503,0.11307998616233222
1121,392,1513,0.1130901378635434
1123,391,1514,0.11309500892809822
1111,393,1504,0.11309574326933394
1104,399,1503,0.1131238325785915
1108,409,1517,0.1131694765116748
1110,406,1516,0.11320276032186434
1101,395,1496,0.11323211346389823
1102,395,1497,0.11327583539882827
1099,397,1496,0.11331182630500151
1100,400,1500,0.11335418527858421
1103,404,1507,0.11339092608578798
1107,401,1508,0.11341890205025333
1108,397,1505,0.11343387120609522
1099,397,1496,0.11344643733579154
1094,397,1491,0.11347620959582587
1089,398,1487,0.11351613351376204
1088,398,1486,0.11356666678354259
1077,399,1476,0.11361594525981761
1077,399,1476,0.11368635809349424
1077,401,1478,0.11375014818391788
1080,399,1479,0.11380956767561184
1086,399,1485,0.11385461046070809
1089,402,1491,0.11388383136325597
1089,405,1494,0.11390417672916114
1091,408,1499,0.11392556364941711
1079,408,1487,0.11393945012184378
1075,415,1490,0.11398081195555505
1064,415,1479,0.11402682484298426
1067,415,1482,0.11409745274629847
1073,421,1494,0.11415356149715157
1073,427,1500,0.11419051462500313
1071,431,1502,0.11422376100475402
1058,421,1479,0.11426360543955727
1058,430,1488,0.11433225599386944
1060,437,1497,0.11439566820506009
1066,433,1499,0.11444878735939774
1060,435,1495,0.1144857014532334
1053,436,1489,0.11453020575224207
1056,438,1494,0.11458789409476555
1053,440,1493,0.11463765279099704
1059,440,1499,0.11469096035774907
1056,445,1501,0.1147280483853708
1051,450,1501,0.11476964374595751
1050,454,1504,0.11482031345354915
1046,459,1505,0.11487162522275823
1048,465,1513,0.11492720014569066
1041,461,1502,0.11497402490801946
1039,457,1496,0.11503564060025002
1036,460,1496,0.11509735014900727
1026,465,1491,0.11516165939490924
1039,465,1504,0.11524600572964537
1035,466,1501,0.11529460096069766
1035,463,1498,0.11535005826287925
1034,465,1499,0.11539851288129647
1047,460,1507,0.11544336515345675
1049,463,1512,0.1154549941988159
1045,467,1512,0.11546456191051675
1046,467,1513,0.11548125768355316
1041,465,1506,0.11549350235978562
1040,465,1505,0.11551733864659354
1052,467,1519,0.11554074846352172
1047,469,1516,0.11553745676064636
1052,479,1531,0.1155459532514556
1039,470,1509,0.11554374271172502
1043,472,1515,0.11557170855955434
1040,463,1503,0.11559192012453416
1035,463,1498,0.11561652865036408
1025,465,1490,0.11564738150568836
1033,467,1500,0.11570049709076972
1036,467,1503,0.11573261236386412
1038,471,1509,0.11575076769761396
1038,463,1501,0.11576243718829769
1036,461,1497,0.11577145924262051
1036,465,1501,0.11578661278036254
1026,470,1496,0.1158027106649088
1019,472,1491,0.11584184976780339
998,475,1473,0.11589535286049102
1007,485,1492,0.11599568129817626
1013,478,1491,0.11606511979835325
1017,479,1496,0.11611780561755305
1020,480,1500,0.11615699930375722
1021,478,1499,0.11618365316526585
1020,480,1500,0.11620457330383069
1018,483,1501,0.11622769021379696
1023,484,1507,0.11625407919624181
1010,487,1497,0.11626557939617344
1021,485,1506,0.11630632000174118
1016,475,1491,0.11632128886737556
1014,487,1501,0.11634712057429297
1015,490,1505,0.11637913490960834
1013,491,1504,0.11640660353196325
1007,488,1495,0.11643575990914162
1015,492,1507,0.1164717396558753
1010,491,1501,0.11648644603758701
1011,490,1501,0.11650910295790082
1008,489,1497,0.11653082971830471
1011,488,1499,0.11655773267587946
1025,486,1511,0.11657601761765087
1004,492,1496,0.11656051863189194
1002,489,1491,0.11659676839592382
1008,491,1499,0.11663847084253906
1005,488,1493,0.11666123653236625
997,498,1495,0.11669232613826455
998,494,1492,0.1167392118917291
1003,502,1505,0.11677949130506873
1004,498,1502,0.1168054461306323
999,505,1504,0.11682676738855821
998,513,1511,0.11685898837075738
1001,505,1506,0.11689322722313761
1001,501,1502,0.11691840222178634
1002,502,1504,0.11694066780742127
1008,503,1511,0.11695898983323914
1010,493,1503,0.11696083746709712
1019,506,1525,0.11695863572896652
1014,507,1521,0.11693562119786857
1006,511,1517,0.11692729138166666
992,515,1507,0.11693793495131784
996,511,1507,0.11697891709669907
997,511,1508,0.11700802250199191
991,514,1505,0.1170359857190656
1003,514,1517,0.11707644612185712
1009,514,1523,0.11708731249992872
999,511,1510,0.11708253665025488
997,506,1503,0.11710036214652927
993,504,1497,0.11712152260711425
996,497,1493,0.11715199738026888
999,499,1498,0.1171701753170076
981,495,1476,0.1171796281921266
996,500,1496,0.1172298425163277
1002,504,1506,0.11724119144243587
999,506,1505,0.1172403411756757
991,507,1498,0.11724676140841299
996,503,1499,0.11727180468970891
1007,505,1512,0.1172844503728653
1008,500,1508,0.11727037996912948
1010,502,1512,0.11725382190229322
1001,493,1494,0.11723294866529539
1008,501,1509,0.11723399766593978
1016,501,1517,0.11721713316026072
1013,499,1512,0.1171858117960908
1012,492,1504,0.11716531332019897
1004,498,1502,0.11714915119667374
1007,502,1509,0.11715213953016271
1001,503,1504,0.11715038367539982
998,509,1507,0.11716315360105554
992,508,1500,0.11718162564771956
987,510,1497,0.1172132812322244
984,507,1491,0.11725459607616502
997,507,1504,0.11729883520113091
999,512,1511,0.11730582124482596
999,519,1518,0.11730758225492764
989,520,1509,0.1173102192890837
975,516,1491,0.11733718544272546
983,512,1495,0.11739652295522443
980,509,1489,0.11743222367635575
972,514,1486,0.11746955006435619
998,519,1517,0.11752498628404486
989,523,1512,0.11751500305058564
975,520,1495,0.11752735117250138
974,524,1498,0.1175744374151471
978,526,1504,0.11762020286946746
983,530,1513,0.11765563687840704
978,527,1505,0.11767586091858608
970,526,1496,0.11770495566586024
974,527,1501,0.11775014353469913
969,535,1504,0.11778493684421115
965,541,1506,0.11783040596625075
972,528,1500,0.11788026190415814
980,530,1510,0.11790947230712018
972,536,1508,0.11791735400551978
978,544,1522,0.11794504379719363
977,532,1509,0.11795727058292965
980,535,1515,0.1179691238083854
968,532,1500,0.11797079675590431
956,534,1490,0.11800162332579493
960,531,1491,0.11805950299387093
970,533,1503,0.11810276900054943
964,528,1492,0.11811927773354725
971,524,1495,0.11814821055852626
973,532,1505,0.11815676693042862
976,534,1510,0.1181602557440236
978,533,1511,0.11815472853521637
970,543,1513,0.11814681005818
959,546,1505,0.11815935381553334
954,545,1499,0.11820019656720435
961,542,1503,0.11824972405568458
958,542,1500,0.11827893718009612
964,536,1500,0.11831378317523797
961,542,1503,0.118331994598195
966,540,1506,0.11835384202124283
975,535,1510,0.11836081344899153
978,544,1522,0.11834743774345352
971,549,1520,0.1183267691925397
965,547,1512,0.11832479086178292
956,549,1505,0.11833829679164029
950,554,1504,0.11837453576261517
951,558,1509,0.11842072374907367
942,554,1496,0.1184622531950576
932,551,1483,0.11852091412953204
939,553,1492,0.11859885254022264
949,561,1510,0.11865700695449596
952,562,1514,0.11868785563375436
950,569,1519,0.11871242544878333
942,577,1519,0.11874175621837725
941,579,1520,0.11879003843424521
936,567,1503,0.1188361922877513
934,566,1500,0.1188907401456635
926,562,1488,0.11894684355961033
919,563,1482,0.11901807328062375
924,572,1496,0.11909768622040634
922,573,1495,0.11916234698837418
921,577,1498,0.1192276722922045
923,582,1505,0.11929286907641413
926,581,1507,0.11934646818104153
926,584,1510,0.11938986952377331
927,589,1516,0.11943209790917812
930,591,1521,0.11946965587515102
932,583,1515,0.11949670574251528
919,584,1503,0.1195158296409415
915,593,1508,0.11956611811693285
908,601,1509,0.11962316581710276
903,600,1503,0.1196947961837585
893,601,1494,0.11977521267666223
894,606,1500,0.11987441472268107
894,602,1496,0.11996467709022361
897,608,1505,0.120049572741741
890,608,1498,0.12012076153820418
881,608,1489,0.12020045291321119
883,615,1498,0.12029193558943038
890,614,1504,0.12037489566417936
887,601,1488,0.12043715627759902
879,605,1484,0.12050263090263533
881,604,1485,0.12058241340063577
889,612,1501,0.12064680406587242
886,618,1504,0.12068844723778653
884,624,1508,0.1207353685088669
877,628,1505,0.12078444429337937
880,627,1507,0.1208477428560193
883,631,1514,0.12089624683151666
878,633,1511,0.12093606510209166
875,639,1514,0.12098588657378233
869,634,1503,0.12104093471462875
872,639,1511,0.12110477041508189
872,635,1507,0.12115793701727685
868,630,1498,0.1212045595967265
872,635,1507,0.12125601334558903
875,636,1511,0.12129465168440806
866,632,1498,0.12132525177049278
870,640,1510,0.12137457259525763
879,639,1518,0.1214117966418263
874,638,1512,0.12142468523470237
858,644,1502,0.12144926219542876
859,647,1506,0.12150812762443312
861,645,1506,0.12156174914268945
860,645,1505,0.1216098011142348
863,646,1509,0.12165476756468287
857,645,1502,0.12168873478770742
857,651,1508,0.1217343107736319
856,636,1492,0.12178015459224145
854,634,1488,0.12182538530539894
850,645,1495,0.12187245381738698
848,645,1493,0.12192688328291723
848,642,1490,0.12198306183547367
838,643,1481,0.12203341574304893
842,648,1490,0.12210199091676625
845,654,1499,0.12215658132667497
844,652,1496,0.12220022124471722
849,641,1490,0.12224261460272018
844,641,1485,0.12227096508786825
849,645,1494,0.12230870536783364
852,650,1502,0.12233097068205025
850,651,1501,0.12234616183496906
851,662,1513,0.12236787369402052
847,658,1505,0.12238338907955772
855,649,1504,0.1224100652422517
850,645,1495,0.12241271692735363
839,648,1487,0.12242757714133688
833,659,1492,0.12246861246036314
828,667,1495,0.1225221005599508
836,659,1495,0.12258616487029908
829,671,1500,0.12262575596732395
821,668,1489,0.12268066951106843
812,677,1489,0.12275172253283052
809,675,1484,0.12284055386414128
815,685,1500,0.12293033957650788
810,693,1503,0.12300031889951096
812,692,1504,0.12307719322997558
804,697,1501,0.12314569846906918
795,696,1491,0.12322912377837004
801,693,1494,0.12332632413139788
802,695,1497,0.12340340216382316
805,694,1499,0.12347046252081573
802,699,1501,0.1235246129191721
802,705,1507,0.12357821685898214
796,708,1504,0.12362847374470015
794,711,1505,0.12368691044367441
797,716,1513,0.12374793177352247
796,718,1514,0.12379962056225263
785,717,1502,0.12385126050057757
782,722,1504,0.12392631460887327
784,716,1500,0.12400274926053634
788,722,1510,0.12406824940787935
785,720,1505,0.12412174240929881
771,708,1479,0.12417981518921223
782,705,1487,0.12426378189032469
790,705,1495,0.12431328709673138
777,704,1481,0.12434067621217448
780,705,1485,0.12439675528114598
781,715,1496,0.12443925144957918
777,717,1494,0.1244744099595711
775,710,1485,0.12451725822948362
785,708,1493,0.12456284309784284
778,711,1489,0.12458535547436793
786,715,1501,0.12461982333428821
779,724,1503,0.12463243669699203
775,721,1496,0.12466347789247237
771,734,1505,0.12469847415181538
773,736,1509,0.12474182328486501
777,735,1512,0.12477973000194453
774,733,1507,0.12480559081595302
776,734,1510,0.1248351551628593
773,735,1508,0.1248595126578353
784,730,1514,0.12488781135377597
786,725,1511,0.12489014036231155
777,725,1502,0.124887893490994
773,733,1506,0.12490828896493253
773,725,1498,0.12493699829040418
770,726,1496,0.12496357773664908
774,733,1507,0.12499535842710424
766,741,1507,0.12501390559811493
769,747,1516,0.12505036425989227
772,743,1515,0.12507887301759638
765,735,1500,0.12509804949615203
770,729,1499,0.12513057143096906
771,733,1504,0.12515077030494942
766,735,1501,0.12516548907675162
761,732,1493,0.12518790112496786
756,735,1491,0.12522282998446707
769,736,1505,0.12526849908637538
753,734,1487,0.1252780037724186
751,740,1491,0.12532505482484121
760,744,1504,0.12537571377694712
756,738,1494,0.12540199547201097
759,741,1500,0.12543442476480124
759,750,1509,0.12545522234412068
752,745,1497,0.12547286639878352
748,748,1496,0.12550806504203182
750,750,1500,0.1255516092799357
753,750,1503,0.12558785814151488
747,758,1505,0.12561649792885177
748,756,1504,0.1256603593398489
748,762,1510,0.12569689255961225
749,759,1508,0.1257316586160992
757,769,1526,0.12576165454095134
751,754,1505,0.12577073406762096
747,764,1511,0.12579422641425872
745,765,1510,0.12582532854942927
746,763,1509,0.12585804730113392
743,755,1498,0.1258862415900144
751,758,1509,0.12591922950643397
744,762,1506,0.12592906475319815
742,757,1499,0.12595605146133743
746,761,1507,0.12598612017831773
752,770,1522,0.1260040202743454
730,769,1499,0.12600566179241965
743,765,1508,0.12605848080106785
744,770,1514,0.1260810180622019
747,767,1514,0.12609866936251404
737,764,1501,0.12611051383916114
724,766,1490,0.12614639521778628
723,777,1500,0.12620953709015384
725,777,1502,0.1262686157355948
729,774,1503,0.12632197424789227
728,778,1506,0.12636034441739546
730,773,1503,0.12640234253745677
720,786,1506,0.1264363278979609
718,797,1515,0.12649166158705444
713,795,1508,0.12654670557955378
713,798,1511,0.1266094947747516
714,800,1514,0.12666766554045283
709,805,1514,0.12671859810287603
709,808,1517,0.12678069532691538
712,807,1519,0.12683835278586927
704,804,1508,0.12688674556374033
698,801,1499,0.12694971395473317
698,799,1497,0.12702435313948907
697,807,1504,0.12709624787054052
701,817,1518,0.12716555130338525
699,809,1508,0.12721858817697973
705,806,1511,0.1272734810058406
704,814,1518,0.1273129710689195
704,810,1514,0.12735095585980755
696,823,1519,0.12738756320615738
690,823,1513,0.1274407755278074
690,838,1528,0.1275063754088279
692,830,1522,0.12756839147867904
690,838,1528,0.12761997038996792
680,828,1508,0.12767469596036338
693,819,1512,0.12774877035222912
680,818,1498,0.12778727573605608
687,815,1502,0.12785155830576547
687,815,1502,0.1278964178538221
687,819,1506,0.1279351985784251
684,818,1502,0.12797210090942765
675,833,1508,0.12801479929245524
671,839,1510,0.12807672872225304
668,840,1508,0.1281429792518821
671,836,1507,0.1282128550886774
668,825,1493,0.12827340206286977
666,837,1503,0.12833939473508674
665,832,1497,0.1284046508295361
666,841,1507,0.12846674863457289
668,844,1512,0.12852107841026428
664,849,1513,0.12856647064927398
663,844,1507,0.12861579419558963
672,841,1513,0.1286633896822683
675,835,1510,0.12868638181190975
677,837,1514,0.1287031221130114
670,844,1514,0.12871312857144435
675,845,1520,0.1287354866339528
675,837,1512,0.1287438492118348
679,843,1522,0.1287529418014589
665,849,1514,0.1287543672702212
670,845,1515,0.12878996783418561
656,845,1501,0.12881226114134228
642,853,1495,0.12886621856477407
636,856,1492,0.1289498297995622
642,858,1500,0.12904055622160887
643,861,1504,0.12911082373617982
640,858,1498,0.12917189475969684
639,866,1505,0.12923439198157452
641,855,1496,0.12929822640997796
638,863,1501,0.12935343871637084
641,864,1505,0.12941282559970918
640,869,1509,0.12946219374522233
641,866,1507,0.12950897921309945
643,880,1523,0.12955040409423782
634,874,1508,0.12958496120559174
636,878,1514,0.12963662433254655
642,884,1526,0.1296818035808155
642,888,1530,0.1297090023756493
636,873,1509,0.12973321746351324
632,873,1505,0.1297736499818004
633,870,1503,0.12982006729758386
632,878,1510,0.12986132365161696
627,872,1499,0.12990134871768938
622,889,1511,0.12995242518536693
620,882,1502,0.13001256546637832
623,881,1504,0.1300741442110766
625,877,1502,0.13012472014732782
624,887,1511,0.13016597501414126
621,894,1515,0.13020821009218758
627,905,1532,0.13025670881482757
632,891,1523,0.1302857262633018
628,879,1507,0.13030195911267436
632,877,1509,0.13032180513971547
624,881,1505,0.13033152991467525
622,883,1505,0.1303595808445481
617,883,1500,0.13039275089894853
617,901,1518,0.13043768232181058
619,896,1515,0.13047857609009297
615,895,1510,0.13051200549410372
618,893,1511,0.1305521763910185
620,896,1516,0.13058123822434478
621,893,1514,0.13060371409440868
611,893,1504,0.13062224477077247
607,895,1502,0.13066434087096812
616,892,1508,0.13071239888424663
610,903,1513,0.13073673074270878
607,905,1512,0.13077308964106885
608,902,1510,0.13081352664320817
607,900,1507,0.1308465385386013
614,899,1513,0.1308814128769239
612,905,1517,0.13089746135066574
605,901,1506,0.13091634437300165
601,906,1507,0.13095187896258156
601,899,1500,0.13099524289285353
605,897,1502,0.1310341445819032
606,898,1504,0.13106061708077468
611,896,1507,0.13108340472926774
613,898,1511,0.13109037432272314
610,901,1511,0.1310869073951796
608,907,1515,0.1310911639496874
612,912,1524,0.13110102269253113
614,908,1522,0.13110120748257936
614,912,1526,0.13109677897155791
618,911,1529,0.13109161915519713
617,901,1518,0.13107801012472453
617,898,1515,0.13107015518989432
618,904,1522,0.13106633916928692
609,897,1506,0.1310619661051068
608,899,1507,0.13107959833798433
603,890,1493,0.1310968685166509
603,899,1502,0.131123105464479
606,907,1513,0.1311468885033371
609,898,1507,0.13116075521129658
607,893,1500,0.13116489618754393
617,899,1516,0.13117319397149288
607,892,1499,0.13115917545943995
613,899,1512,0.13116910585647254
607,896,1503,0.1311653309048053
601,905,1506,0.13117605677009675
600,913,1513,0.13120021508064766
595,923,1518,0.13122501487034663
587,918,1505,0.13126115597493318
583,915,1498,0.13131398548085546
579,923,1502,0.1313686084590508
580,922,1502,0.13143123228472078
578,928,1506,0.1314897166227448
573,928,1501,0.13154740535548134
574,919,1493,0.13161243216988106
572,913,1485,0.1316706485193274
576,923,1499,0.13173020003362843
578,931,1509,0.1317760301679192
590,920,1510,0.13181193688060935
586,919,1505,0.13181745145981003
580,931,1511,0.13183200538409967
579,937,1516,0.13186069751113277
573,936,1509,0.13188872848693425
579,931,1510,0.13193027055786083
576,937,1513,0.13195432240942184
571,929,1500,0.1319863808068192
568,932,1500,0.1320253961808873
565,923,1488,0.13206814736249262
569,937,1506,0.13211619503884356
564,950,1514,0.13215409796276656
557,948,1505,0.13220084660209197
561,949,1510,0.13225911439485244
560,948,1508,0.132305759601136
554,960,1514,0.13235134555629194
555,950,1505,0.1324097475287085
553,950,1503,0.13246249578516409
554,948,1502,0.1325148965672237
554,955,1509,0.13256116862550743
552,957,1509,0.13260474821786886
547,960,1507,0.1326510420306939
544,962,1506,0.13270423899598327
547,957,1504,0.13276276599089093
543,948,1491,0.1328127840237764
548,957,1505,0.13287039284141933
550,971,1521,0.1329091278296778
539,974,1513,0.13294152619443905
537,979,1516,0.13299682256828174
548,975,1523,0.13305285560417024
545,979,1524,0.13307838216346482
543,979,1522,0.13310897802303945
545,988,1533,0.1331457286985175
541,983,1524,0.13317496117931227
540,984,1524,0.133212980164664
540,985,1525,0.13325157772302113
539,979,1518,0.13328582512011397
538,978,1516,0.13331988236279269
538,968,1506,0.1333534916749193
537,961,1498,0.13338440600587453
533,973,1506,0.13341484864185715
538,986,1524,0.13345145091295232
535,981,1516,0.1334755427799108
540,990,1530,0.1335075791965535
543,984,1527,0.1335221206947863
544,970,1514,0.1335251859810132
549,959,1508,0.13352436418287086
549,965,1514,0.13351071829610375
541,968,1509,0.13349818607334174
541,969,1510,0.1335067766425465
542,975,1517,0.13351430231623454
532,977,1509,0.13352199900373551
527,973,1500,0.1335544272117206
525,985,1510,0.13359817851644795
517,988,1505,0.13364354027312053
506,991,1497,0.1337039979364542
507,1001,1508,0.13378899394778634
508,1000,1508,0.13386510518434439
508,1009,1517,0.13393393812401663
508,1005,1513,0.13399942484754107
514,997,1511,0.13406069030514486
511,996,1507,0.13410033515463685
513,999,1512,0.1341471910600844
509,1007,1516,0.1341874818411342
505,1006,1511,0.1342344609257659
503,1014,1517,0.13428958543725897
494,1009,1503,0.13434563712543438
497,999,1496,0.13442221925074657
500,997,1497,0.13448575914673747
511,996,1507,0.13453526457583845
501,1000,1501,0.13455183747131927
495,998,1493,0.1345934266189579
497,1009,1506,0.1346467285642792
494,1019,1513,0.13469161699364127
490,1017,1507,0.13474130996248582
499,1025,1524,0.13479877962464887
497,1010,1507,0.1348299542405237
487,1018,1505,0.13486478002735403
478,1015,1493,0.13492245537827294
478,1018,1496,0.13499670990407625
476,1025,1501,0.1350664498740509
476,1025,1501,0.1351371277660145
478,1027,1505,0.1352021287511917
473,1028,1501,0.13525636764572863
473,1031,1504,0.1353193876638572
473,1047,1520,0.13537765776766125
474,1051,1525,0.13543414198324905
474,1052,1526,0.1354825812497861
475,1047,1522,0.13552981415259147
473,1034,1507,0.13556985819550646
473,1033,1506,0.13561265573498052
482,1028,1510,0.13565151732556335
482,1022,1504,0.13566296649576187
479,1027,1506,0.13567605155423496
482,1036,1518,0.1356927760182674
481,1034,1515,0.13570022023543818
484,1032,1516,0.1357110749066304
484,1043,1527,0.13571300046978796
482,1032,1514,0.13571595280360615
474,1038,1512,0.13572551456054138
472,1041,1513,0.13575220085565678
463,1040,1503,0.1357826237705858
467,1042,1509,0.1358347349267442
474,1039,1513,0.13587211965080273
474,1036,1510,0.13588979908418294
473,1033,1506,0.13590467057440153
475,1039,1514,0.13592337358030931
476,1038,1514,0.1359356646808123
473,1040,1513,0.1359426999218047
474,1032,1506,0.13595990853655995
470,1041,1511,0.13597339055284727
463,1042,1505,0.13599616210463986
464,1040,1504,0.13603539899026146
461,1052,1513,0.13606946107732185
455,1055,1510,0.13610960105846667
461,1060,1521,0.1361616342504708
462,1063,1525,0.13619497987194332
453,1070,1523,0.13622407433576464
452,1066,1518,0.13627440722866802
458,1066,1524,0.13632344936631027
457,1071,1528,0.13635632164571718
452,1065,1517,0.13638893319145812
451,1059,1510,0.13643335678939095
456,1056,1512,0.13647539755610527
456,1056,1512,0.1365006047736004
461,1059,1520,0.1365251577978343
462,1048,1510,0.13653366283352125
464,1039,1503,0.1365381283234642
461,1051,1512,0.1365355396086678
467,1038,1505,0.13654142388664656
462,1048,1510,0.13653150502502828
461,1041,1502,0.1365355484107929
457,1041,1498,0.13654376101296223
467,1035,1502,0.13655942672042806
470,1051,1521,0.13655061955852077
467,1057,1524,0.1365367385593714
462,1052,1514,0.13653007504948017
461,1053,1514,0.13653591765004897
454,1069,1523,0.1365424601629228
457,1061,1518,0.13656691642883134
451,1059,1510,0.13658300142174562
448,1063,1511,0.13661405351969858
450,1062,1512,0.1366497370576067
449,1058,1507,0.13667784019732937
447,1054,1501,0.13670578059668592
449,1053,1502,0.13673725196045317
445,1050,1495,0.13676073591971247
445,1056,1501,0.1367926156006838
448,1054,1502,0.1368233036649764
450,1054,1504,0.1368471966251234
448,1054,1502,0.13686477042843076
451,1053,1504,0.1368869724419096
449,1051,1500,0.13690094846584766
440,1065,1505,0.1369195884052819
430,1064,1494,0.13696035867762482
434,1072,1506,0.13702284314308116
432,1085,1517,0.13706784958827398
432,1081,1513,0.13711049615211868
427,1080,1507,0.13715292872401424
426,1098,1524,0.1372057479140938
419,1101,1520,0.13725760835644743
425,1091,1516,0.13732264718214438
429,1087,1516,0.1373683607643801
425,1077,1502,0.13739936476995102
421,1083,1504,0.13743624767984627
423,1090,1513,0.13748251450676674
429,1094,1523,0.1375190156309225
423,1106,1529,0.13753653945638594
422,1094,1516,0.13756715482529094
416,1078,1494,0.13760122232303065
408,1085,1493,0.13764779203821245
407,1089,1496,0.13771103770344265
410,1099,1509,0.13777170817426357
405,1097,1502,0.1378219146743869
410,1106,1516,0.13788083584945382
408,1111,1519,0.13792502843100365
411,1092,1503,0.13796910119331496
404,1101,1505,0.13800235653375112
398,1107,1505,0.13805009747060892
397,1109,1506,0.13810740538444388
402,1109,1511,0.13816417400261058
407,1113,1520,0.13820570065560672
404,1117,1521,0.13823234699474082
402,1115,1517,0.13826423545509947
407,1108,1515,0.13830115327932077
400,1109,1509,0.1383220108284004
402,1111,1513,0.13835815169609295
400,1102,1502,0.13838820010547648
397,1106,1503,0.13842036091496548
394,1103,1497,0.13845716769524793
397,1107,1504,0.13849722023464325
398,1120,1518,0.13852730428859225
404,1111,1515,0.13855150031321595
403,1115,1518,0.13856028255702246
400,1109,1509,0.1385715924886073
399,1100,1499,0.13859082509867013
395,1102,1497,0.1386098220718346
396,1115,1511,0.13863806113025565
397,1117,1514,0.13866516382921495
397,1130,1527,0.13868818900055996
389,1113,1502,0.13871003742884688
390,1110,1500,0.13874944653840568
391,1126,1517,0.13878416408740601
396,1126,1522,0.13881265742516563
386,1126,1512,0.13882765060645152
382,1131,1513,0.13886578116885107
381,1126,1507,0.13891184065121004
384,1134,1518,0.13895777177338156
380,1127,1507,0.13899090569733139
380,1120,1500,0.13903227495193435
371,1129,1500,0.13907104086986055
373,1144,1517,0.1391302743649797
371,1145,1516,0.13918056004749013
370,1148,1518,0.13923229623239997
367,1143,1510,0.13928511567067947
368,1131,1499,0.1393406287177104
369,1131,1500,0.13939176420713506
369,1129,1498,0.13943888575202404
366,1145,1511,0.13948240332885067
361,1138,1499,0.1395314427844821
363,1141,1504,0.13958697771203923
360,1147,1507,0.13963111871896527
358,1138,1496,0.1396818532991983
359,1159,1518,0.1397349174845993
368,1152,1520,0.13978132703960963
367,1143,1510,0.13979999712267274
364,1142,1506,0.13982247985006005
371,1131,1502,0.1398507690205848
361,1139,1500,0.1398607239087396
371,1146,1517,0.1398927160453815
369,1144,1513,0.13989841040353165
366,1139,1505,0.1399102010593998
359,1139,1498,0.13993038978330521
365,1156,1521,0.1399648430207277
364,1147,1511,0.13998468739792408
362,1149,1511,0.14000442855947776
351,1158,1509,0.1400287470579129
345,1166,1511,0.14007776654544057
345,1158,1503,0.14014074775491392
343,1158,1501,0.1401984749060915
341,1170,1511,0.14025693635184128
344,1178,1522,0.1403162558487243
342,1186,1528,0.14036489835333066
333,1176,1509,0.14041351418748924
342,1173,1515,0.1404816845336347
342,1182,1524,0.1405237247446513
346,1174,1520,0.14056527019806092
342,1170,1512,0.1405937808762835
335,1172,1507,0.1406292671253856
332,1182,1514,0.14067993136596754
327,1182,1509,0.14073367665226225
331,1193,1524,0.14079518846392905
328,1191,1519,0.14084369528073565
319,1203,1522,0.14089759747124952
310,1198,1508,0.1409703405834231
308,1209,1517,0.14105952056620327
306,1211,1517,0.1411487703789294
300,1215,1515,0.141235097019568
306,1219,1525,0.14133081189702698
302,1228,1530,0.14140494431313877
300,1218,1518,0.14148429361469625
305,1214,1519,0.14156406841035662
300,1219,1519,0.1416285515912083
301,1206,1507,0.14170031306847142
302,1214,1516,0.14176342445800266
303,1204,1507,0.14181970151424164
309,1206,1515,0.14186868151979484
316,1209,1525,0.1418982899542469
315,1203,1518,0.14190745361443025
309,1214,1523,0.14192064810267038
309,1202,1511,0.14194870262626677
302,1213,1515,0.1419761607906875
304,1210,1514,0.14201825833496762
303,1208,1511,0.1420529224466258
297,1209,1506,0.14208901173329352
300,1197,1497,0.14213616141435462
300,1204,1504,0.14217393406546117
297,1220,1517,0.14220787249425976
298,1221,1519,0.14224634017849594
300,1223,1523,0.14227952751123024
298,1198,1496,0.1423042266235392
296,1183,1479,0.14233153299244938
289,1204,1493,0.14235961665825364
293,1210,1503,0.14240292570265123
289,1222,1511,0.142434289847102
288,1214,1502,0.1424743651719752
290,1213,1503,0.1425145349924342
288,1214,1502,0.14254784255570263
290,1210,1500,0.14258474259911805
291,1229,1520,0.1426154940864963
287,1227,1514,0.14264292082414098
290,1235,1525,0.14267740990805758
283,1236,1519,0.14270215139851194
282,1239,1521,0.1427432806356492
287,1240,1527,0.1427840772130521
285,1238,1523,0.14280997667018305
283,1234,1517,0.1428380153693701
278,1238,1516,0.14286934820153213
275,1228,1503,0.14291181204301764
276,1235,1511,0.14295995471275547
275,1251,1526,0.14300425003348619
273,1239,1512,0.14304797051924992
265,1231,1496,0.14309206211540773
267,1243,1510,0.14315318320665696
264,1257,1521,0.1432063372747839
261,1249,1510,0.14326335898055972
261,1256,1517,0.14332263222958827
255,1256,1511,0.1433796641282994
251,1261,1512,0.14344832333514446
245,1249,1494,0.1435218349172202
250,1263,1513,0.14360555692004687
250,1270,1520,0.14366995446030936
253,1266,1519,0.14373035050821528
251,1261,1512,0.14377883042733774
250,1265,1515,0.14382987335796735
241,1274,1515,0.14387918686297219
243,1275,1518,0.1439484945435654
239,1269,1508,0.14400643104767943
236,1281,1517,0.14407135024706377
237,1283,1520,0.14414017064201579
237,1275,1512,0.14420033954952807
241,1282,1523,0.14425700865235974
230,1282,1512,0.14430076254408072
232,1291,1523,0.14436724609686596
236,1268,1504,0.1444250776933323
231,1270,1501,0.14446898084738397
231,1273,1504,0.14452268983945443
234,1280,1514,0.14457224088128587
236,1282,1518,0.14461088950364306
229,1289,1518,0.14464435216749683
231,1271,1502,0.14469114398308924
234,1276,1510,0.1447294188132782
234,1273,1507,0.1447565034336778
232,1268,1500,0.1447836514981309
234,1282,1516,0.14481354301770413
233,1288,1521,0.14483623274867283
230,1280,1510,0.14485994280898087
229,1277,1506,0.14489052515616338
231,1269,1500,0.1449197669106498
229,1284,1513,0.14494113617143017
230,1275,1505,0.14496565052263807
235,1285,1520,0.14498483332511394
234,1279,1513,0.1449918899426576
238,1272,1510,0.1450013353710261
234,1283,1517,0.1449985448549672
231,1285,1516,0.14500580805007118
231,1283,1514,0.14502054158264044
234,1295,1529,0.14503597327020912
228,1295,1523,0.14504325832953643
227,1289,1516,0.1450647395540954
229,1290,1519,0.1450897926709885
223,1291,1514,0.1451080703810545
224,1288,1512,0.14513696093629708
224,1290,1514,0.14516227820536265
223,1284,1507,0.14518561020274096
223,1282,1505,0.1452093513585285
226,1270,1496,0.14523077820338032
222,1270,1492,0.14524211607343368
224,1271,1495,0.14526182113899214
225,1283,1508,0.14527606810622604
224,1282,1506,0.14528667469999867
227,1279,1506,0.14529740173027608
230,1284,1514,0.1453003947014402
228,1278,1506,0.145296059301091
225,1284,1509,0.14529739147634718
226,1285,1511,0.14530636768451216
223,1280,1503,0.14531170197815738
221,1278,1499,0.1453237534195716
219,1287,1506,0.14533962745847076
216,1282,1498,0.1453606899965233
218,1292,1510,0.14538869582560052
221,1297,1518,0.14540801528015826
215,1306,1521,0.1454183703444851
212,1295,1507,0.14544492106053827
212,1305,1517,0.14547496840561538
210,1303,1513,0.14550359298040086
216,1296,1512,0.14553725613933483
218,1297,1515,0.14555203447231604
211,1298,1509,0.14556028886525962
208,1300,1508,0.1455859999433082
211,1312,1523,0.1456174658213948
209,1308,1517,0.14563870479044008
214,1302,1516,0.14566360044489188
217,1289,1506,0.1456736789974617
215,1281,1496,0.14567568492922167
224,1276,1500,0.14568233202731584
224,1284,1508,0.1456659898439456
220,1287,1507,0.1456506743744982
215,1290,1505,0.14564576253684808
212,1284,1496,0.1456551904899067
217,1270,1487,0.14567197167315427
219,1285,1504,0.14567422768816166
216,1290,1506,0.1456703981261898
214,1294,1508,0.14567406326387491
206,1291,1497,0.14568421955063873
213,1290,1503,0.1457134238290104
215,1286,1501,0.14572324139687823
216,1278,1494,0.145727023809837
215,1271,1486,0.14572922721638404
217,1300,1517,0.1457345352414756
215,1301,1516,0.14573260212081943
215,1305,1520,0.14573695110920626
219,1299,1518,0.14574115224122816
216,1306,1522,0.14573602920202747
216,1300,1516,0.14573953962873312
220,1299,1519,0.14574148470749557
217,1305,1522,0.14573286636258512
213,1301,1514,0.1457323269185781
211,1304,1515,0.14574186191621152
210,1313,1523,0.1457560292765896
207,1304,1511,0.1457724556355644
214,1297,1511,0.14579533431457212
217,1287,1504,0.14580078305870806
211,1289,1500,0.14579740337308197
207,1289,1496,0.1458119758222511
205,1277,1482,0.145835251980872
197,1284,1481,0.14586225512809528
195,1308,1503,0.14590563721989178
192,1311,1503,0.1459512935680513
192,1324,1516,0.1460004576297604
194,1318,1512,0.14604608049655846
195,1317,1512,0.14608378523321647
197,1301,1498,0.14611470399721224
199,1310,1509,0.14613848114924188
195,1315,1510,0.14615584761822778
194,1321,1515,0.14618188970605075
188,1318,1506,0.14620986516812404
183,1320,1503,0.14625039114954416
181,1321,1502,0.14630007572710294
182,1323,1505,0.1463517441366317
183,1330,1513,0.14639645646924926
186,1337,1523,0.1464359430034755
178,1338,1516,0.1464673081323522
181,1340,1521,0.1465141580657055
180,1333,1513,0.14655165492906833
182,1329,1511,0.14658804512787035
183,1335,1518,0.14661795648521278
176,1322,1498,0.146643489617423
173,1338,1511,0.14668545384629783
174,1332,1506,0.14673269570132308
167,1348,1515,0.14677423588056693
166,1342,1508,0.14683121075915845
164,1356,1520,0.1468877290035923
164,1359,1523,0.14694492241312818
160,1350,1510,0.14699896762793413
160,1351,1511,0.1470585644355137
158,1347,1505,0.1471159310559566
159,1345,1504,0.1471742570628228
161,1348,1509,0.14722601675758828
159,1348,1507,0.14726798724434523
155,1356,1511,0.14731385276794287
153,1363,1516,0.14736685005644237
152,1370,1522,0.14742114595162611
158,1376,1534,0.14747500500796268
159,1379,1538,0.14751024065791302
156,1376,1532,0.14754049603580718
155,1367,1522,0.14757548396478598
152,1371,1523,0.14761013486489777
153,1364,1517,0.1476502710862951
152,1363,1515,0.14768511525084893
146,1368,1514,0.14772116107002592
146,1367,1513,0.14776967840201277
142,1358,1500,0.14781308708980176
148,1360,1508,0.14786318903395398
149,1346,1495,0.14789431963565916
149,1358,1507,0.14792173945228057
148,1369,1517,0.14794664944153044
148,1374,1522,0.147973039210528
146,1367,1513,0.1479981217501118
145,1359,1504,0.14802747499842078
146,1369,1515,0.14805843614339462
149,1369,1518,0.14808525708126408
146,1364,1510,0.14810039626780303
150,1370,1520,0.14812290513490697
147,1374,1521,0.14813537765416018
147,1373,1520,0.14815377777403363
149,1367,1516,0.14817120960978447
146,1360,1506,0.1481814438655316
148,1361,1509,0.14819893522959124
149,1369,1518,0.1482097885881513
149,1377,1526,0.14821777826721447
151,1366,1517,0.14822483127706634
146,1371,1517,0.1482263123714091
145,1377,1522,0.14824112557881947
141,1376,1517,0.14825870018422857
143,1368,1511,0.14828557041446355
147,1367,1514,0.14830626715592454
145,1369,1514,0.14831390705119046
146,1378,1524,0.14832666254301158
146,1366,1512,0.14833547640640585
148,1374,1522,0.14834421852508686
145,1368,1513,0.14834777987025444
144,1364,1508,0.14835762211477305
146,1375,1521,0.1483695530140723
149,1370,1519,0.1483761378652892
149,1365,1514,0.1483741390092779
151,1362,1513,0.14837126823645222
148,1368,1516,0.1483633106990292
150,1364,1514,0.14836415807152686
150,1364,1514,0.14835919757896474
149,1373,1522,0.14835523005602513
149,1367,1516,0.148355084919757
148,1364,1512,0.14835414919070442
148,1360,1508,0.1483569337582449
150,1368,1518,0.14835720950279238
149,1367,1516,0.14835107490735955
151,1361,1512,0.14834782397026927
148,1363,1511,0.14834054565649477
151,1355,1506,0.1483429598264965
149,1359,1508,0.1483399764615294
150,1353,1503,0.14834169012746531
150,1357,1507,0.1483405132211447
149,1367,1516,0.14833872559812683
148,1366,1514,0.14833869670481248
147,1365,1512,0.14834179648096438
147,1365,1512,0.14834797440253297
146,1364,1510,0.1483530387726948
149,1368,1517,0.14836012869045637
146,1381,1527,0.1483596737023777
141,1373,1514,0.14836666111750216
141,1385,1526,0.14838403830290187
140,1381,1521,0.14840184271871495
138,1382,1520,0.14842222999675939
136,1381,1517,0.14844669193617885
138,1381,1519,0.14847533831160098
134,1379,1513,0.1484968326758052
132,1368,1500,0.14852727566369897
133,1388,1521,0.14856090846097364
132,1387,1519,0.14859021303488262
131,1393,1524,0.14862005213746754
130,1399,1529,0.148649116960935
130,1390,1520,0.1486792991148283
132,1386,1518,0.1487082985257153
130,1387,1517,0.14873030102475976
124,1400,1524,0.1487557968853102
123,1389,1512,0.14879525346842828
123,1387,1510,0.14883498715221147
119,1381,1500,0.14887295324479585
118,1395,1513,0.1489182289318385
117,1403,1520,0.1489637165500666
121,1408,1529,0.14900893769131973
115,1407,1522,0.14904022765456826
112,1405,1517,0.1490833392935559
116,1405,1521,0.14913017926827077
118,1406,1524,0.14916514592124464
117,1406,1523,0.14919297030623352
120,1401,1521,0.14922073069884767
121,1387,1508,0.14923860218259136
122,1395,1517,0.14925298698374642
118,1389,1507,0.14926298590131534
123,1389,1512,0.14928187664020592
125,1388,1513,0.1492873886271653
122,1400,1522,0.1492885160441031
120,1399,1519,0.14929746609348626
120,1403,1523,0.14930947573789136
117,1406,1523,0.1493214946638136
118,1402,1520,0.1493408588917804
116,1404,1520,0.14935619479021756
118,1397,1515,0.1493758027391086
114,1403,1517,0.14938999017336452
113,1408,1521,0.14941218106884108
113,1398,1511,0.14943546422355086
110,1405,1515,0.1494571979171266
111,1418,1529,0.149484575989477
110,1405,1515,0.149507347674042
109,1402,1511,0.14953095122374682
111,1392,1503,0.14955499642803483
109,1393,1502,0.14957071143951062
111,1397,1508,0.14959119551096048
114,1404,1518,0.14960485745330007
116,1402,1518,0.14961126173839423
114,1408,1522,0.14961242675941622
115,1412,1527,0.14961953453521698
115,1409,1524,0.1496219075971198
112,1413,1525,0.1496247536145471
112,1412,1524,0.14963425728295987
110,1418,1528,0.14964343563824983
109,1410,1519,0.14965660195964653
106,1405,1511,0.1496716170064611
105,1396,1501,0.14969365324110265
104,1415,1519,0.14971752748392916
103,1426,1529,0.14974249021813948
100,1419,1519,0.14976857240562252
99,1413,1512,0.14980053584047792
100,1411,1511,0.14983195149589482
100,1416,1516,0.1498584992044785
97,1418,1515,0.14988332869408869
98,1411,1509,0.14991337474699742
96,1417,1513,0.14994010883555434
95,1407,1502,0.14996981387579442
96,1402,1498,0.1499992239340064
94,1410,1504,0.15002380379333097
96,1407,1503,0.15005189955643075
98,1401,1499,0.15007170962547736
99,1404,1503,0.1500848464474827
96,1410,1506,0.15009613800845034
92,1417,1509,0.15011476430524243
90,1426,1516,0.15014284334301187
89,1421,1510,0.15017406994983212
91,1432,1523,0.15020667604917423
93,1432,1525,0.15022988308401236
93,1423,1516,0.15024691027144402
96,1432,1528,0.15026203297822158
92,1428,1520,0.1502686211427213
95,1424,1519,0.15028523498858107
92,1422,1514,0.1502928582478521
93,1416,1509,0.15030746869368744
94,1419,1513,0.15031917598301894
94,1418,1512,0.15032807907419554
96,1405,1501,0.15033589394425623
97,1409,1506,0.15033781181294173
100,1402,1502,0.1503372281932524
96,1403,1499,0.1503294980092931
97,1418,1515,0.15033295539478997
98,1417,1515,0.15033424345876692
98,1422,1520,0.1503337184371788
97,1419,1516,0.15033346519353322
96,1422,1518,0.15033542134634997
92,1418,1510,0.1503406908207799
93,1431,1524,0.15035536800436095
94,1417,1511,0.15036659563968904
95,1415,1510,0.15037482032771923
95,1414,1509,0.1503803412670668
94,1433,1527,0.15038613415340127
92,1432,1524,0.150393652293561
91,1428,1519,0.15040600091557413
87,1432,1519,0.15042027409793288
88,1440,1528,0.1504427494562509
87,1439,1526,0.1504624026100662
83,1435,1518,0.15048327919156396
83,1434,1517,0.15051319468315694
83,1422,1505,0.15054106052025518
84,1433,1517,0.15056763678251084
85,1426,1511,0.15058904495630035
82,1420,1502,0.15060613460449868
82,1417,1499,0.15062935804649655
81,1425,1506,0.15065060419938162
83,1424,1507,0.15067309462201378
82,1429,1511,0.15068951308540407
85,1416,1501,0.15070820110599714
85,1411,1496,0.15071859592978246
81,1430,1511,0.15072884993792773
82,1425,1507,0.15074818625567418
80,1432,1512,0.1507642673826569
79,1434,1513,0.15078422721354126
79,1434,1513,0.15080501485765546
77,1439,1516,0.15082487124575816
76,1442,1518,0.1508485760307914
77,1448,1525,0.15087331647212313
75,1441,1516,0.15089328238848096
75,1441,1516,0.1509169898064827
73,1446,1519,0.1509396108967817
72,1433,1505,0.15096540610431222
70,1426,1496,0.15099225406401925
69,1438,1507,0.15102239230205142
69,1447,1516,0.15105319905717057
70,1446,1516,0.1510815382895609
71,1439,1510,0.151105234136871
71,1444,1515,0.1511249282246964
73,1455,1528,0.1511430841037597
74,1448,1522,0.1511531479997412
74,1446,1520,0.15116031051424797
74,1439,1513,0.15116775563117912
75,1443,1518,0.15117466243414274
76,1446,1522,0.15117857463115064
75,1446,1521,0.15117892766511162
71,1440,1511,0.1511814383286938
74,1449,1523,0.15119379639166355
75,1439,1514,0.1511972454649311
72,1450,1522,0.15119898709109258
67,1440,1507,0.15120751987509715
67,1445,1512,0.15122726388141522
66,1435,1501,0.15124663338658514
67,1441,1508,0.1512676001583787
68,1442,1510,0.15128488909344806
69,1451,1520,0.15129940289743174
67,1450,1517,0.15131108030364107
66,1450,1516,0.15132717797385323
63,1454,1517,0.15134511168612158
62,1451,1513,0.15136968115954233
63,1454,1517,0.15139522451630177
62,1457,1519,0.15141589719661566
61,1474,1535,0.1514372311162767
61,1459,1520,0.15146013651704054
62,1461,1523,0.15148166170762958
62,1463,1525,0.15149900491788876
59,1467,1526,0.15151548000648765
58,1467,1525,0.15153825681958488
59,1460,1519,0.15156208255671985
57,1456,1513,0.15158214693127917
58,1457,1515,0.151605669547092
56,1455,1511,0.15162376499882713
52,1461,1513,0.15164612972563557
53,1457,1510,0.15167501798384989
57,1458,1515,0.15169944946631067
59,1451,1510,0.15171124812999984
58,1456,1514,0.15171580773741516
60,1465,1525,0.15172310221139163
58,1461,1519,0.15172514378435362
58,1463,1521,0.15173261531102952
55,1460,1515,0.15174036918242856
54,1460,1514,0.15175580203965272
53,1459,1512,0.15177296770048887
53,1454,1507,0.15179171846874506
53,1459,1512,0.15180858343912781
51,1461,1512,0.15182415697694027
53,1469,1522,0.15184411214356786
53,1480,1533,0.1518581488307557
55,1469,1524,0.15187178140117705
56,1456,1512,0.1518795159925774
54,1465,1519,0.15188464765411935
58,1467,1525,0.15189470101236688
56,1470,1526,0.15189361619287212
57,1465,1522,0.15189709450859
60,1466,1526,0.15189784844129275
60,1467,1527,0.1518913039165787
61,1472,1533,0.15188583723378582
60,1455,1515,0.15187805646114844
60,1444,1504,0.15187372071510744
62,1443,1505,0.1518702082743525
64,1454,1518,0.151860553757607
62,1444,1506,0.15184611034860243
60,1450,1510,0.15183704332137626
59,1444,1503,0.15183351536626188
58,1457,1515,0.15183308173824073
57,1464,1521,0.15183469727944393
58,1463,1521,0.151839245605751
57,1466,1523,0.15184183956892158
56,1461,1517,0.15184730804214136
55,1462,1517,0.15185515915660458
55,1473,1528,0.15186537650127527
55,1447,1502,0.15187460900218175
53,1450,1503,0.15188358842853508
49,1447,1496,0.15189694420073543
53,1459,1512,0.15191883521181468
53,1465,1518,0.15192809940330698
49,1462,1511,0.15193717948587565
50,1456,1506,0.15195524654591147
49,1461,1510,0.1519695891593219
50,1461,1511,0.15198503937513533
48,1449,1497,0.1519977735100137
48,1442,1490,0.1520148419778579
49,1457,1506,0.15203000626700736
47,1456,1503,0.15204224704809677
48,1459,1507,0.1520593431048176
46,1461,1507,0.1520724394163628
48,1477,1525,0.15208966661177684
47,1481,1528,0.15210070981713475
46,1480,1526,0.15211319562979841
46,1477,1523,0.15212762306753558
46,1474,1520,0.15214145520167727
45,1474,1519,0.15215480689191596
45,1475,1520,0.15216999332944756
45,1474,1519,0.15218427405186566
43,1477,1520,0.15219780224029375
46,1478,1524,0.1522148116408963
45,1473,1518,0.15222276532794862
45,1485,1530,0.15223296321714858
45,1480,1525,0.15224266740310147
46,1465,1511,0.1522521471383487
48,1463,1511,0.152258229569596
46,1472,1518,0.1522579809456416
46,1476,1522,0.15226278949562666
47,1478,1525,0.15226776362895705
47,1477,1524,0.1522698763956171
43,1486,1529,0.1522722360447226
40,1466,1506,0.15228462581066174
38,1453,1491,0.15230355759383163
38,1461,1499,0.15232669358603448
39,1469,1508,0.15234847429902376
37,1461,1498,0.15236662577736407
38,1475,1513,0.15238788371831194
40,1466,1506,0.15240584175802563
42,1465,1507,0.15241654529367643
42,1471,1513,0.15242172637205909
42,1475,1517,0.1524269459961694
43,1463,1506,0.15243215447845626
42,1468,1510,0.15243423272359297
45,1475,1520,0.15243889322044896
44,1478,1522,0.1524342845739734
44,1475,1519,0.15243274766755135
43,1475,1518,0.15243117024947106
40,1464,1504,0.15243233157662378
43,1470,1513,0.15244102237070845
45,1473,1518,0.1524414981988208
43,1467,1510,0.15243701242178784
43,1480,1523,0.15243811784545433
45,1494,1539,0.15243927900402263
46,1489,1535,0.15243525480868444
45,1487,1532,0.15242938784660978
42,1482,1524,0.1524267740210009
42,1490,1532,0.15243155626375868
43,1478,1521,0.15243634404943454
39,1484,1523,0.15243729262305153
39,1480,1519,0.15244822534304459
39,1474,1513,0.1524587514177812
38,1471,1509,0.1524679211811693
39,1475,1514,0.1524791590330492
37,1482,1519,0.15248683373929345
36,1483,1519,0.15249916141499453
37,1478,1515,0.1525134292200709
36,1480,1516,0.1525247878745683
34,1475,1509,0.15253703652723774
35,1477,1512,0.1525529772868869
32,1491,1523,0.1525651381389845
31,1481,1512,0.15258400291228405
30,1473,1503,0.1526041127342578
31,1470,1501,0.15262574390650474
32,1480,1512,0.15264348194169902
31,1473,1504,0.15265731744172858
32,1469,1501,0.1526728981273245
32,1490,1522,0.152685599261597
31,1491,1522,0.15269739676709848
30,1488,1518,0.1527112648991475
29,1483,1512,0.15272708535399146
30,1482,1512,0.15274450774685977
31,1468,1499,0.15275738502569075
32,1491,1523,0.1527667209967719
32,1473,1505,0.15277274266437443
31,1480,1511,0.1527788571886856
31,1483,1514,0.15278581793359824
31,1482,1513,0.15279287695594942
29,1473,1502,0.15279996242881969
30,1461,1491,0.15281149128954952
32,1462,1494,0.15281946545617564
31,1468,1499,0.1528211145220683
31,1479,1510,0.15282621908575564
32,1477,1509,0.1528314134896982
32,1481,1513,0.15283354010321154
31,1487,1518,0.1528359465425417
31,1494,1525,0.1528409330804244
33,1486,1519,0.1528454942179594
31,1486,1517,0.15284408122988344
32,1470,1502,0.15284775522868635
33,1471,1504,0.1528484108509856
35,1478,1513,0.15284711174958976
35,1473,1508,0.1528396264926267
34,1486,1520,0.15283334674430535
33,1493,1526,0.15283046310570483
30,1479,1509,0.15282970472597213
30,1483,1513,0.15283677991426012
31,1476,1507,0.15284381805626995
32,1466,1498,0.15284696405711493
33,1470,1503,0.15284722700335257
33,1476,1509,0.15284538868104075
33,1473,1506,0.15284349700896305
32,1483,1515,0.15284223500119826
33,1478,1511,0.15284366986572023
33,1477,1510,0.15284317315996168
34,1494,1528,0.15284306006804044
32,1503,1535,0.1528405281020257
34,1479,1513,0.15284281882892845
35,1468,1503,0.1528393882725409
36,1454,1490,0.1528341414280284
33,1453,1486,0.152827057544729
35,1452,1487,0.15282746817314913
32,1461,1493,0.1528228059315292
34,1479,1513,0.15282524021143487
35,1470,1505,0.1528216813801383
35,1468,1503,0.15281629771803806
35,1485,1520,0.1528120980183576
34,1488,1522,0.15280857806531534
37,1477,1514,0.1528082688185185
37,1482,1519,0.1527993875656305
36,1477,1513,0.15279155861728252
36,1468,1504,0.15278661954458528
35,1472,1507,0.15278196423189597
35,1455,1490,0.15278002780494324
34,1470,1504,0.15277866536844592
33,1478,1511,0.15278007145030956
35,1476,1511,0.15278377456492684
35,1479,1514,0.1527812032855046
34,1475,1509,0.1527785249615214
36,1485,1521,0.15277887045328994
35,1475,1510,0.15277391731651513
36,1490,1526,0.15277206443046454
37,1493,1530,0.15276610017215142
38,1483,1521,0.15275817687843077
38,1481,1519,0.1527483319362154
38,1485,1523,0.1527392441252254
36,1483,1519,0.1527314234234135
34,1469,1503,0.15272921865661673
33,1482,1515,0.15273245888227205
31,1483,1514,0.15273826493760848
29,1471,1500,0.1527489838765113
29,1474,1503,0.1527633324298602
30,1468,1498,0.15277726835227118
28,1471,1499,0.15278761472807603
29,1476,1505,0.1528022204123263
28,1488,1516,0.15281382629538393
27,1496,1523,0.15282738356443468
28,1493,1521,0.1528431041784453
26,1486,1512,0.1528551241850427
25,1488,1513,0.15287140865459337
27,1496,1523,0.15288924632877024
26,1503,1529,0.1529004812673358
24,1490,1514,0.15291369025425794
25,1478,1503,0.15293022688960276
26,1484,1510,0.1529435286279827
23,1502,1525,0.1529538247584637
25,1494,1519,0.15297104230288358
27,1496,1523,0.15298090036068743
27,1496,1523,0.1529846409100657
26,1491,1517,0.15298854073195906
26,1488,1514,0.1529949186549425
25,1489,1514,0.15300119371650056
25,1497,1522,0.15300976734091096
24,1484,1508,0.15301802471029602
23,1498,1521,0.1530283055949343
23,1488,1511,0.1530395948821773
23,1490,1513,0.15305042638254554
23,1491,1514,0.15305990549876644
22,1492,1514,0.15306908662125437
21,1492,1513,0.1530802689829139
24,1493,1517,0.1530932728921731
25,1500,1525,0.15309612281719726
26,1505,1531,0.15309652806210378
26,1494,1520,0.1530941990429592
26,1481,1507,0.15309249279367798
26,1471,1497,0.15309130957396516
25,1488,1513,0.15309056364295823
25,1483,1508,0.1530926696436274
27,1489,1516,0.15309409653522013
27,1495,1522,0.15308982825406897
28,1491,1519,0.15308626664616332
28,1477,1505,0.153080062531505
27,1483,1510,0.15307469606987525
25,1489,1514,0.15307245095751842
26,1483,1509,0.15307535903492359
26,1472,1498,0.15307522734362974
27,1485,1512,0.15307547422857104
28,1483,1511,0.15307289276426983
26,1483,1509,0.15306776214116205
27,1481,1508,0.15306840499352714
29,1492,1521,0.15306625126996923
27,1473,1500,0.1530584024029578
28,1488,1516,0.153056185409623
28,1493,1521,0.1530514354732776
27,1499,1526,0.15304749694526987
26,1494,1520,0.15304663571908264
26,1486,1512,0.15304790025619944
25,1494,1519,0.1530495276724022
25,1497,1522,0.1530537838209268
24,1488,1512,0.15305811168778885
25,1484,1509,0.15306496456442764
25,1504,1529,0.15306851939742117
26,1491,1517,0.15307215188709045
26,1490,1516,0.15307265951236093
25,1499,1524,0.15307267336914746
25,1501,1526,0.15307459165026271
24,1495,1519,0.1530768279304381
24,1503,1527,0.15308115205031814
24,1493,1517,0.15308560544775016
24,1500,1524,0.1530901292634525
24,1494,1518,0.1530941364961178
23,1511,1534,0.15309823700366199
23,1510,1533,0.1531047704381462
22,1497,1519,0.1531111641856117
22,1496,1518,0.1531198309226406
23,1500,1523,0.15312815832020876
23,1500,1523,0.15313305777719857
23,1504,1527,0.15313790039024988
25,1506,1531,0.15314191865461912
23,1504,1527,0.15313960791726994
26,1504,1530,0.15314325806383902
25,1498,1523,0.15313763280816414
25,1488,1513,0.15313536679460346
25,1491,1516,0.1531337019241737
25,1485,1510,0.15313227463373383
24,1486,1510,0.15313066733310343
24,1497,1521,0.15313201645193786
24,1490,1514,0.15313365240493026
24,1480,1504,0.15313550970071074
24,1488,1512,0.15313744949785435
23,1493,1516,0.15313952988912724
23,1494,1517,0.15314411712124718
23,1490,1513,0.15314796425465757
25,1500,1525,0.15315102516278936
25,1476,1501,0.15314847169949256
26,1477,1503,0.15314572270921586
26,1504,1530,0.15314001629406682
26,1494,1520,0.153135247272952
26,1492,1518,0.1531312884718275
25,1481,1506,0.1531273328508322
26,1482,1508,0.153126460466438
27,1478,1505,0.15312308603129066
26,1485,1511,0.15311789885546806
24,1484,1508,0.15311585065834366
26,1478,1504,0.15311938027875008
26,1488,1514,0.15311668935481407
27,1499,1526,0.15311460134567248
26,1492,1518,0.15310934130717205
27,1502,1529,0.15310744805136686
26,1487,1513,0.15310297634387207
25,1486,1511,0.1531017305283738
26,1482,1508,0.15310334650866383
24,1480,1504,0.15310200388149986
24,1487,1511,0.15310583479272558
24,1489,1513,0.15310929656494443
21,1511,1532,0.1531129100348702
22,1505,1527,0.1531236868046197
21,1496,1517,0.15313075894841782
20,1494,1514,0.15314014088591507
20,1499,1519,0.1531515681440367
20,1499,1519,0.15316257634553465
22,1495,1517,0.1531731532236786
22,1503,1525,0.15317768228636974
23,1500,1523,0.15318223894142396
23,1502,1525,0.15318357132508376
22,1491,1513,0.1531851538286063
22,1493,1515,0.1531892942499653
21,1498,1519,0.15319343495283216
19,1498,1517,0.15320002668067143
19,1488,1507,0.15321091311409019
19,1491,1510,0.15322129069596774
17,1496,1513,0.1532311672303609
16,1493,1509,0.1532452722458585
16,1493,1509,0.1532611477330377
16,1508,1524,0.15327598102211973
16,1506,1522,0.1532899240867993
16,1503,1519,0.15330311193816462
16,1504,1520,0.15331557665509277
15,1510,1525,0.1533273502624991
15,1518,1533,0.15334089749902283
13,1509,1522,0.15335365451426486
13,1515,1528,0.15337051473787683
13,1515,1528,0.15338636316447063
13,1522,1535,0.1534012567402338
13,1516,1529,0.15341524974190238
13,1506,1519,0.15342839382236043
13,1507,1520,0.15343984088452828
13,1519,1532,0.15345068983151286
13,1516,1529,0.15346096156837993
13,1517,1530,0.1534706779581522
13,1507,1520,0.15347986145489287
12,1500,1512,0.1534885348010152
11,1494,1505,0.15349904821370888
10,1502,1512,0.15351130616809414
9,1500,1509,0.15352529248354352
8,1511,1519,0.1535408322622809
8,1508,1516,0.15355779092963556
9,1512,1521,0.15357373461785187
9,1502,1511,0.15358547146072543
10,1494,1504,0.15359660777947473
10,1506,1516,0.1536040380108929
10,1499,1509,0.15361119744928098
9,1498,1507,0.1536180788486049
9,1496,1505,0.153627016952639
9,1495,1504,0.15363553052881507
9,1508,1517,0.1536436287728157
9,1498,1507,0.15365132256399647
9,1496,1505,0.15365862406530567
10,1487,1497,0.15366554638672586
10,1506,1516,0.15366910932188346
10,1510,1520,0.15367258280257265
11,1491,1502,0.1536759556336278
10,1503,1513,0.1536760715995048
10,1512,1522,0.15367879017131764
9,1503,1512,0.15368150004474215
8,1509,1517,0.15368663376715008
7,1501,1508,0.15369397376557703
9,1503,1512,0.1537033521896967
10,1498,1508,0.1537066037370453
10,1497,1507,0.15370660510963352
9,1499,1508,0.15370687103329947
10,1512,1522,0.15371039783613508
10,1509,1519,0.15371107694792602
10,1507,1517,0.15371186981748944
10,1509,1519,0.15371275022558425
10,1508,1518,0.1537136959695605
11,1510,1521,0.1537146883130181
11,1516,1527,0.15371253319767517
11,1515,1526,0.15371069353318315
11,1506,1517,0.15370912824996816
11,1513,1524,0.15370780141354204
11,1512,1523,0.15370668159059464
11,1494,1505,0.15370574129323397
12,1504,1516,0.15370495649170665
11,1495,1506,0.15370108665037785
11,1501,1512,0.1537000480309611
11,1492,1503,0.1536992296702541
12,1500,1512,0.15369859883623815
12,1489,1501,0.1536948568338482
12,1486,1498,0.15369155328347214
12,1498,1510,0.15368863562518287
13,1501,1514,0.153685296041081
14,1499,1513,0.153679202627339
12,1493,1505,0.1536712523882802
13,1498,1511,0.15366943376665831
12,1501,1513,0.15366489634341338
11,1499,1510,0.15366318458257303
11,1503,1514,0.15366421140124487
11,1506,1517,0.15366536202554326
10,1503,1513,0.15366660538172755
10,1505,1515,0.15367029138919971
11,1520,1531,0.15367388011010777
11,1525,1536,0.1536739850445609
9,1516,1525,0.1536743183958919
9,1506,1515,0.15367986003430573
9,1509,1518,0.15368520293953555
9,1501,1510,0.15369034133680487
10,1514,1524,0.153695272038895
10,1507,1517,0.153696769043912
10,1517,1527,0.1536983557331761
10,1518,1528,0.15370000340060258
10,1497,1507,0.1537016880467781
9,1495,1504,0.15370338971711772
8,1495,1503,0.15370744609798845
7,1510,1517,0.15371370496481304
6,1520,1526,0.15372209959447955
6,1515,1521,0.15373241283022987
7,1520,1527,0.15374215285769322
7,1523,1530,0.15374871905870177
7,1517,1524,0.15375495849779466
7,1509,1516,0.1537608813972417
7,1506,1513,0.1537664986109152
7,1497,1504,0.15377182142480714
7,1496,1503,0.15377686139029287
7,1507,1514,0.15378163018551316
7,1495,1502,0.15378613950086742
7,1520,1527,0.153790400945147
6,1513,1519,0.1537944259693048
6,1513,1519,0.1538006693906201
5,1505,1510,0.15380654935600568
5,1504,1509,0.15381456152315884
5,1515,1520,0.15382209433876232
5,1513,1518,0.15382917577381883
5,1529,1534,0.15383583225948663
5,1528,1533,0.15384208875959285
4,1526,1530,0.15384796884145216
3,1526,1529,0.15385589596180815
3,1521,1524,0.15386573148419422
3,1509,1512,0.1538749693367348
3,1519,1522,0.15388364509611926
3,1511,1514,0.15389179232776498
4,1504,1508,0.15389944268436112
3,1504,1507,0.15390387275870593
3,1513,1516,0.15391050211435353
3,1508,1511,0.1539167671988574
3,1509,1512,0.1539226842612291
3,1510,1513,0.15392826940968912
3,1517,1520,0.15393353850184333
3,1507,1510,0.15393850705784728
3,1509,1512,0.1539431901929299
3,1516,1519,0.15394760256617443
3,1518,1521,0.15395175834290334
3,1513,1516,0.15395567116840334
3,1499,1502,0.15395935415105916
3,1504,1507,0.15396281985325244
3,1527,1530,0.15396608028862693
2,1520,1522,0.15396914692453448
2,1516,1518,0.1539743888822197
2,1518,1520,0.15397931612410806
2,1501,1503,0.15398394711430563
2,1504,1506,0.15398829929575492
3,1510,1513,0.1539923891376921
3,1514,1517,0.1539930287949793
3,1516,1519,0.15399373121053586
3,1514,1517,0.1539944796212549
2,1522,1524,0.1539952599582216
2,1524,1526,0.15399893426107295
2,1518,1520,0.15400238715619305
2,1514,1516,0.15400563167815584
2,1510,1512,0.15400868013701288
2,1520,1522,0.15401154415255724
2,1521,1523,0.15401423468785325
2,1526,1528,0.15401676208189335
2,1517,1519,0.15401913608127907
2,1513,1515,0.15402136587084786
2,1509,1511,0.15402346010319162
2,1512,1514,0.15402542692703233
1,1507,1508,0.15402727401443467
1,1514,1515,0.15403146658363007
1,1526,1527,0.15403540509531075
1,1504,1505,0.15403910491758308
1,1514,1515,0.15404258048880692
1,1520,1521,0.15404584537426738
1,1525,1526,0.15404891231929171
1,1522,1523,0.15405179329905272
1,1522,1523,0.1540544995652803
1,1517,1518,0.15405704169008516
1,1521,1522,0.15405942960708413
1,1500,1501,0.15406167265000217
1,1513,1514,0.15406377958891262
1,1519,1520,0.15406575866426653
1,1505,1506,0.15406761761885124
1,1494,1495,0.15406936372780775
1,1501,1502,0.15407100382682848
1,1509,1510,0.1540725443386487
1,1514,1515,0.15407399129793645
1,1509,1510,0.15407535037467995
1,1511,1512,0.1540766268961648
1,1507,1508,0.15407782586762664
1,1511,1512,0.1540789519916602
1,1508,1509,0.1540800096864601
1,1518,1519,0.15408100310296466
1,1520,1521,0.15408193614096838
1,1519,1520,0.15408281246426572
1,1510,1511,0.1540836355148847
1,1510,1511,0.15408440852646457
1,1511,1512,0.1540851345368299
1,1500,1501,0.15408581639980795
1,1512,1513,0.15408645679633662
1,1504,1505,0.15408705824490365
1,1506,1507,0.1540876231113586
1,1509,1510,0.15408815361813433
0,1507,1507,0.1540886518529139
