1373,31,1404,0.13579578418655314
1400,33,1433,0.1329348819351054
1423,31,1454,0.13025876011904156
1436,32,1468,0.12775901302663853
1440,33,1473,0.12545238343247328
1444,33,1477,0.1233427410680829
1449,33,1482,0.12141252678465123
1443,37,1480,0.1196437935545028
1440,40,1480,0.11805251729705425
1451,41,1492,0.11661449297362221
1441,42,1483,0.11527895327083748
1425,40,1465,0.11409030706813046
1418,39,1457,0.11304957257348765
1438,39,1477,0.11212154969374462
1445,39,1484,0.11122755752810796
1446,42,1488,0.1103960540973924
1456,45,1501,0.10963859322888717
1446,48,1494,0.10892599316965049
1452,48,1500,0.10830033017646012
1449,50,1499,0.10771592578583233
1448,48,1496,0.10719214806444154
1453,46,1499,0.10671998289782167
1459,48,1507,0.10628057825505045
1454,50,1504,0.1058680255859865
1447,50,1497,0.10550554635197149
1424,49,1473,0.10519222051865583
1430,48,1478,0.10496117755230465
1431,48,1479,0.10473667036150744
1435,46,1481,0.1045299229520989
1422,46,1468,0.10433387615577086
1427,50,1477,0.10418538023975527
1444,49,1493,0.10403930075626311
1449,50,1499,0.10386747036116752
1444,49,1493,0.10369746099169533
1446,49,1495,0.10355466811328701
1454,51,1505,0.10342012339767992
1438,51,1489,0.10327911086371987
1444,52,1496,0.10318806456194986
1429,54,1483,0.10309339794514658
1424,55,1479,0.10304060125203005
1430,57,1487,0.10300478700034621
1439,56,1495,0.102960051608673
1445,55,1500,0.10289878551331653
1450,55,1505,0.10282781741334611
1439,57,1496,0.10275427743413804
1444,56,1500,0.10271315871736561
1445,59,1504,0.10266597561687307
1444,61,1505,0.1026200430668855
1442,63,1505,0.10258057845402392
1432,62,1494,0.10254869680987656
1436,66,1502,0.10254295729767332
1418,66,1484,0.10253047353176942
1421,67,1488,0.10256016051714557
1416,69,1485,0.10258020497408663
1407,71,1478,0.1026107110415439
1410,69,1479,0.10266070846272511
1404,67,1471,0.10269879465906506
1403,67,1470,0.10274644488069447
1415,69,1484,0.10279300643027742
1419,69,1488,0.10280850726320022
1418,69,1487,0.10281223796253398
1411,69,1480,0.10281760665508237
1423,71,1494,0.10283871804173873
1429,75,1504,0.10283222371729678
1415,75,1490,0.10281307714911371
1415,76,1491,0.10282927415792742
1407,80,1487,0.10284630558035096
1411,79,1490,0.10288028961667489
1416,79,1495,0.10290199214180866
1419,75,1494,0.10291131582770334
1424,77,1501,0.10291243649987754
1414,76,1490,0.10290279548172344
1400,76,1476,0.10291468168619357
1404,79,1483,0.10295642401626015
1410,82,1492,0.10298694108877449
1423,81,1504,0.10299993628824175
1409,81,1490,0.10298350305165807
1420,80,1500,0.102999760697724
1411,84,1495,0.10298942520315826
1406,84,1490,0.10300271204350693
1397,85,1482,0.10302535997434108
1388,84,1472,0.10306696950432181
1396,80,1476,0.10312814446433098
1416,81,1497,0.10316448841828574
1403,84,1487,0.10315287452879765
1403,85,1488,0.10317257493867438
1408,88,1496,0.10319028074941418
1399,90,1489,0.10319672499969439
1383,93,1476,0.10322475722319485
1375,97,1472,0.10328838574535099
1385,99,1484,0.10336468379435575
1386,97,1483,0.10341088352906197
1381,97,1478,0.10345256896480069
1395,98,1493,0.10350461017966374
1394,96,1490,0.1035195109877687
1404,96,1500,0.10353628126577029
1412,99,1511,0.10352954777528449
1404,98,1502,0.10350459804306485
1399,102,1501,0.10350021958841804
1387,103,1490,0.10351163009116494
1391,105,1496,0.10354731262663844
1389,104,1493,0.1035708959102251
1391,108,1499,0.10359722640854535
1376,114,1490,0.10361744762037546
1376,119,1495,0.10367063752575081
1380,117,1497,0.10372039604474777
1395,121,1516,0.10375876621779666
1379,119,1498,0.10376196882167604
1379,117,1496,0.10380180434245773
1358,118,1476,0.10383916182334688
1370,120,1490,0.10392179514509348
1365,122,1487,0.10397262795391321
1374,122,1496,0.10403016348805562
1366,127,1493,0.10406192641196527
1364,125,1489,0.10410943645865388
1360,131,1491,0.10415769670058633
1357,131,1488,0.10421212990473126
1348,132,1480,0.10427048053112718
1350,130,1480,0.10434489751758744
1365,131,1496,0.10440767515332201
1366,129,1495,0.10443207953750043
1368,131,1499,0.10445003533100686
1373,129,1502,0.10446436374318627
1369,131,1500,0.10446553229505753
1370,129,1499,0.10447782922796676
1362,128,1490,0.10448704178094353
1360,131,1491,0.10451381076850698
1353,130,1483,0.1045417363862084
1350,125,1475,0.10458509777912249
1343,129,1472,0.10463006319379049
1353,126,1479,0.10468759862791384
1356,123,1479,0.10471868688767111
1353,124,1477,0.10474167937473496
1346,129,1475,0.10476972017309873
1355,135,1490,0.10481218000418564
1359,135,1494,0.1048321161456147
1357,131,1488,0.1048422998364418
1359,132,1491,0.10485175022756944
1357,135,1492,0.10485716978772512
1358,130,1488,0.10486947125885938
1363,132,1495,0.10487894467889258
1359,134,1493,0.10487516141368686
1357,134,1491,0.10488135349051028
1342,139,1481,0.10489228897056214
1341,147,1488,0.10493613226603511
1333,146,1479,0.10497969879913054
1343,146,1489,0.10503768808581256
1339,148,1487,0.10506930895025995
1332,149,1481,0.10510842811080255
1330,151,1481,0.10516113793925377
1340,149,1489,0.10521532425918774
1345,157,1502,0.10524279303391941
1344,159,1503,0.10525601556321319
1344,159,1503,0.10527083526316598
1355,161,1516,0.10528379608114419
1345,164,1509,0.10527177304388896
1332,163,1495,0.1052852078948788
1327,166,1493,0.10532966302220068
1317,165,1482,0.10538155501377235
1330,166,1496,0.1054537911124837
1350,165,1515,0.10549147854389129
1330,165,1495,0.10547998879742743
1343,167,1510,0.10551646587053348
1329,168,1497,0.10552142293199161
1317,167,1484,0.10555551169220234
1325,168,1493,0.10561536844310977
1326,172,1498,0.10565197748481621
1328,169,1497,0.10568149639253244
1339,172,1511,0.1057054797425065
1331,170,1501,0.10570162229357662
1333,171,1504,0.10571501246127696
1329,170,1499,0.10572547201126394
1337,172,1509,0.10574499402253863
1338,174,1512,0.10574657628618223
1336,177,1513,0.10574832850615266
1334,179,1513,0.10575258871223159
1309,182,1491,0.10576199540222181
1316,188,1504,0.10582868642270843
1308,186,1494,0.10587734805758203
1302,186,1488,0.10594057603866862
1308,190,1498,0.10601312599938126
1303,193,1496,0.10606673211525902
1300,194,1494,0.10612951830439592
1295,198,1493,0.10619446311571382
1299,197,1496,0.10626598878545611
1301,195,1496,0.10632451282445908
1314,195,1509,0.10637391476435737
1301,196,1497,0.10638941182575877
1315,194,1509,0.10643183679633539
1311,194,1505,0.10643951789941816
1309,189,1498,0.10645485101903147
1307,187,1494,0.10647504219422109
1308,190,1498,0.10649726138847201
1311,198,1509,0.10651720157153571
1296,200,1496,0.10652931888601666
1293,198,1491,0.10657358693913045
1292,199,1491,0.10662104273590003
1283,201,1484,0.10666654887915411
1284,205,1489,0.10672856356551785
1303,209,1512,0.10678344905968466
1296,208,1504,0.10679194589406282
1299,201,1500,0.10681484675819165
1290,204,1494,0.1068299484390041
1289,200,1489,0.10686181031320713
1296,197,1493,0.10689291126837563
1292,198,1490,0.10690694405457815
1290,208,1498,0.10692957573588407
1295,211,1506,0.10695672732280086
1289,209,1498,0.10696887283984718
1284,213,1497,0.1069950819085371
1285,213,1498,0.10703312161097286
1284,219,1503,0.10706559397596994
1297,215,1512,0.10709992739724264
1299,215,1514,0.10710280405305246
1293,213,1506,0.10710030849608815
1300,212,1512,0.10710955615232187
1293,209,1502,0.10710351600376697
1282,208,1490,0.10711321147628933
1281,207,1488,0.10714606730421845
1295,209,1504,0.10717833124655601
1310,213,1523,0.1071769281122829
1303,215,1518,0.10713992156596609
1287,213,1500,0.10712326565331978
1285,214,1499,0.10714242026336168
1283,216,1499,0.10716673763617557
1295,214,1509,0.10719514127554057
1297,216,1513,0.10719386007901693
1292,220,1512,0.10718844525581141
1274,223,1497,0.10719694718837017
1268,227,1495,0.1072456728922063
1266,231,1497,0.10730456717221942
1268,229,1497,0.10736469018686046
1257,231,1488,0.10741741437555302
1263,232,1495,0.10748976194287158
1261,234,1495,0.10754305089724485
1256,234,1490,0.10759614573488686
1256,237,1493,0.10765821716539918
1252,235,1487,0.1077135813905545
1255,229,1484,0.10777133466025683
1256,223,1479,0.10781859418857617
1244,231,1475,0.10785810764037346
1256,229,1485,0.10792228468325646
1251,227,1478,0.10795560286938151
1256,236,1492,0.10799655477869761
1255,243,1498,0.10802103206485941
1259,242,1501,0.10804634967035899
1240,245,1485,0.1080631206507005
1253,243,1496,0.10811954739294606
1254,245,1499,0.10814592969032541
1255,250,1505,0.10817019238038317
1260,253,1513,0.10819188786459182
1261,254,1515,0.10820180289906885
1241,256,1497,0.10820901596000475
1242,263,1505,0.10826071678466995
1226,263,1489,0.10830663116730735
1226,265,1491,0.10838840390094358
1239,263,1502,0.10846488080641628
1246,263,1509,0.10850643900332514
1247,261,1508,0.10852916735387502
1251,262,1513,0.10854665740747173
1239,259,1498,0.10855328296356635
1223,261,1484,0.10858626676427409
1221,263,1484,0.10865255142205284
1218,268,1486,0.10871919440247911
1228,266,1494,0.10878503738152435
1240,261,1501,0.10882245514686321
1234,264,1498,0.10883233107086682
1237,266,1503,0.10885609498751718
1235,267,1502,0.10887065016389257
1233,266,1499,0.10888808769597964
1236,266,1502,0.10891028667415287
1242,273,1515,0.10892620574093456
1240,274,1514,0.10892856203178557
1234,273,1507,0.10893753466695254
1224,273,1497,0.10895786069209423
1226,270,1496,0.10900012530430313
1227,275,1502,0.10903499597151668
1228,271,1499,0.1090665333689591
1223,276,1499,0.10909155841725948
1225,272,1497,0.10912673428021752
1225,274,1499,0.10915539488593434
1217,278,1495,0.10918107163574998
1214,273,1487,0.10922507856378999
1216,278,1494,0.10926828168263851
1211,283,1494,0.10930658078669456
1221,280,1501,0.10935325577824231
1208,286,1494,0.10937396220751694
1204,286,1490,0.10942138882655819
1214,287,1501,0.10947656210332657
1210,290,1500,0.10950222320529328
1218,296,1514,0.10953844759489172
1200,292,1492,0.10955225370980104
1196,294,1490,0.10960950490067044
1186,299,1485,0.10967109080526477
1170,301,1471,0.10974976511417403
1186,299,1485,0.109856261064973
1195,301,1496,0.10992013307246772
1201,302,1503,0.10995831316354905
1209,305,1514,0.10998045860042381
1200,309,1509,0.10998348653987534
1196,311,1507,0.11000723157532616
1198,310,1508,0.11003888898903134
1194,309,1503,0.11006489674665382
1196,310,1506,0.11009938951877345
1198,308,1506,0.11012829259050971
1204,311,1515,0.11015150278310952
1194,314,1508,0.1101600093451381
1189,314,1503,0.1101925983069292
1196,314,1510,0.11023376553477313
1195,313,1508,0.11025385970086504
1198,314,1512,0.11027313009028049
1181,320,1501,0.11028636509502394
1184,320,1504,0.110338186430846
1178,320,1498,0.1103814404062737
1177,326,1503,0.1104382087381591
1174,323,1497,0.11049142225398817
1175,323,1498,0.1105472046485588
1180,326,1506,0.1105960249712885
1176,324,1500,0.11062843000013753
1183,326,1509,0.11066893975102887
1180,336,1516,0.1106917364830124
1183,336,1519,0.11071894384261642
1188,330,1518,0.11073778758278995
1179,331,1510,0.1107423763690591
1175,329,1504,0.11076782178063467
1179,337,1516,0.11080517036236145
1168,335,1503,0.11082779114082886
1172,335,1507,0.11087566948303014
1171,337,1508,0.11091216479811646
1164,339,1503,0.11094967655037173
1165,335,1500,0.11100309768973178
1164,337,1501,0.11105098392970934
1161,342,1503,0.11109361509397381
1162,344,1506,0.11113918976965138
1148,354,1502,0.11118078048924997
1143,353,1496,0.1112521265183479
1133,357,1490,0.11132890174871868
1138,357,1495,0.11142342311047561
1138,351,1489,0.11150127138148315
1142,351,1493,0.11157325232720215
1148,349,1497,0.11162800627534303
1159,343,1502,0.11166418749641803
1145,345,1490,0.11167199286928507
1155,355,1510,0.11171285304493689
1154,353,1507,0.11172727036624117
1143,354,1497,0.11174286988162194
1134,359,1493,0.11178295422436102
1134,362,1496,0.1118416884683731
1136,360,1496,0.11189805074335414
1133,356,1489,0.1119452918722094
1141,355,1496,0.11199433924030576
1141,364,1505,0.11202017374460146
1147,369,1516,0.11204166819193312
1136,374,1510,0.11205077275784213
1128,371,1499,0.11208550868075896
1130,376,1506,0.11213692312801012
1123,375,1498,0.11218030708102185
1133,366,1499,0.11223603642116445
1131,365,1496,0.11226464645499894
1129,367,1496,0.11229647979138793
1123,370,1493,0.11232827555464307
1132,370,1502,0.11237176544747075
1127,373,1500,0.11239009435675978
1129,377,1506,0.11242207795905461
1116,379,1495,0.11244872932660144
1120,382,1502,0.11250449210405562
1121,375,1496,0.11254805447164248
1123,373,1496,0.11258559978647104
1112,373,1485,0.11261679514168078
1119,380,1499,0.11266792664811666
1120,379,1499,0.11269563997855618
1115,381,1496,0.11271996677919648
1121,374,1495,0.11275337078152367
1126,371,1497,0.11276861966054351
1122,377,1499,0.11277213785244619
1127,382,1509,0.11278355780559034
1132,381,1513,0.11278400095954566
1143,380,1523,0.11277488987805523
1139,386,1525,0.11274278619694268
1120,383,1503,0.11272170248626728
1112,381,1493,0.11274695666839257
1104,380,1484,0.11278786779609519
1108,376,1484,0.11284383304091064
1113,377,1490,0.112885655957931
1115,389,1504,0.1129103039374389
1099,389,1488,0.11293219643243307
1100,394,1494,0.11298794655716073
1102,384,1486,0.11303720923802416
1119,391,1510,0.11307925517371684
1118,392,1510,0.1130777530051858
1109,391,1500,0.11308012693062207
1105,391,1496,0.11310182568530947
1098,392,1490,0.11313324485837492
1100,395,1495,0.1131798299256471
1096,393,1489,0.1132177902367106
1082,392,1474,0.11326164932672941
1090,394,1484,0.11333578297360063
1102,403,1505,0.11338352778575558
1101,412,1513,0.11340270060217858
1088,409,1497,0.11342299006782203
1086,407,1493,0.11346909047371061
1088,395,1483,0.11351797595606498
1097,397,1494,0.11355785032516132
1098,400,1498,0.11357216351936493
1111,391,1502,0.11358393222892829
1107,391,1498,0.1135659144141818
1112,392,1504,0.11355983609648546
1107,394,1501,0.11354325577081255
1110,394,1504,0.11353460752264652
1105,405,1510,0.11352200344612101
1109,393,1502,0.11352052715361768
1110,391,1501,0.11350923608037157
1112,385,1497,0.11349555133801133
1123,394,1517,0.1134781489627153
1115,389,1504,0.11343783867701936
1094,394,1488,0.11341710639720155
1106,391,1497,0.1134478437771071
1101,391,1492,0.11344832030424896
1097,395,1492,0.11345862130066017
1101,390,1491,0.11347911693493959
1100,391,1491,0.11348893161349291
1114,392,1506,0.11349913459139159
1105,401,1506,0.1134750400911297
1117,402,1519,0.1134733539605099
1111,398,1509,0.11344584521196077
1104,393,1497,0.11343544951356414
1105,386,1491,0.11344317118234869
1096,401,1497,0.1134466171379573
1099,400,1499,0.11347096280184815
1088,402,1490,0.11348680548459943
1093,412,1505,0.113528925356651
1091,412,1503,0.11355685925693151
1080,410,1490,0.1135883379580584
1082,417,1499,0.11364290548331013
1083,410,1493,0.11368939478648259
1077,418,1495,0.11373362467435229
1076,425,1501,0.11378914585933686
1079,426,1505,0.11384218747978092
1095,423,1518,0.1138829564595348
1095,423,1518,0.11388205872274107
1084,420,1504,0.11388245512037938
1087,422,1509,0.11390907404187425
1075,425,1500,0.11392715213360044
1068,426,1494,0.11397215864224396
1064,431,1495,0.11403307934906025
1067,427,1494,0.1140993233288229
1073,434,1507,0.11415115731256754
1075,428,1503,0.1141864945240414
1073,432,1505,0.11421605265613793
1065,432,1497,0.11425034172083949
1075,440,1515,0.11429944051073246
1070,442,1512,0.11432266731725907
1070,444,1514,0.11435644335059314
1064,442,1506,0.11438635449382936
1064,440,1504,0.11442740825676655
1071,442,1513,0.1144622538065963
1073,443,1516,0.11447965337348108
1079,446,1525,0.1144917688165026
1067,439,1506,0.11448907210728258
1057,436,1493,0.11451474173157881
1060,438,1498,0.1145651858777626
1061,434,1495,0.11460473818290468
1056,432,1488,0.11463930453045304
1056,434,1490,0.11468055339003992
1072,441,1513,0.11472048454208629
1061,437,1498,0.11472062226814334
1060,443,1503,0.11474652573710382
1058,449,1507,0.11477326123782944
1057,446,1503,0.11480023011073495
1047,443,1490,0.1148313514289854
1044,444,1488,0.11488064874013575
1047,455,1502,0.11493537597207196
1051,454,1505,0.11498033984071653
1042,450,1492,0.11501410702022077
1057,448,1505,0.11506776622150873
1055,450,1505,0.11507934189174275
1051,444,1495,0.11509361329551933
1044,438,1482,0.11511803447973552
1055,443,1498,0.11515721640249116
1049,442,1491,0.11516542356739126
1057,451,1508,0.11518753288411862
1060,452,1512,0.11518962459394441
1047,454,1501,0.11518561153227867
1051,460,1511,0.11520953769830213
1044,460,1504,0.11522403564755862
1053,461,1514,0.11525273756790966
1051,456,1507,0.1152615594177239
1055,466,1521,0.1152757763281944
1042,461,1503,0.11527788919145145
1038,463,1501,0.11530705243038937
1036,468,1504,0.11534492962798316
1029,468,1497,0.11538452891453342
1037,465,1502,0.11544172669253575
1033,466,1499,0.11547484345804823
1039,473,1512,0.1155151552751514
1043,471,1514,0.11554105240200638
1040,473,1513,0.11555369220870991
1033,467,1500,0.11557213404414073
1042,472,1514,0.11560476106736901
1039,460,1499,0.11561281372422454
1031,470,1501,0.11562885536274826
1033,477,1510,0.11566338516328464
1035,478,1513,0.11569189479485492
1034,477,1511,0.11571672947954198
1033,471,1504,0.11574177819040614
1036,476,1512,0.1157661461083605
1032,476,1508,0.11578250699131694
1017,476,1493,0.1158094199068369
1016,474,1490,0.11586667343706221
1022,471,1493,0.11592220181406995
1028,473,1501,0.11595984268927431
1019,460,1479,0.11597821755071022
1032,473,1505,0.11601664665271884
1036,472,1508,0.11601996471487987
1013,465,1478,0.11601109762814399
1033,472,1505,0.11605787145127115
1033,473,1506,0.11605351119076313
1037,478,1515,0.11604965844280969
1042,476,1518,0.11603920221659166
1041,475,1516,0.11601895115897101
1038,475,1513,0.11600215010903728
1042,469,1511,0.11599542697926406
1033,472,1505,0.11597971889100629
1030,476,1506,0.11598907707173327
1030,477,1507,0.11600728575543176
1019,486,1505,0.11602451668348777
1015,485,1500,0.11606281066544595
1022,494,1516,0.11611016322481342
1022,493,1515,0.11614115103225686
1015,491,1506,0.11617063309596042
1013,494,1507,0.11621526918215962
1021,494,1515,0.11626158570503627
1015,492,1507,0.1162857675607058
1006,493,1499,0.11632322498094495
1005,498,1503,0.11637631610973172
997,495,1492,0.11642802136219008
991,494,1485,0.11649587992991353
986,497,1483,0.11657193197397875
992,498,1490,0.1166557257839547
994,508,1502,0.11671855010011083
990,502,1492,0.11677091946598615
987,504,1491,0.11682958110144473
992,512,1504,0.11689235372785425
996,515,1511,0.116938799039553
992,520,1512,0.11697357438932901
996,523,1519,0.11701532152149831
985,516,1501,0.11704675626483396
981,514,1495,0.11710092634218874
979,519,1498,0.11716418305823253
989,518,1507,0.11722559722667797
980,510,1490,0.11726128745395199
981,514,1495,0.11730926704637311
973,510,1483,0.11735221368580855
972,514,1486,0.11741216945172628
984,518,1502,0.1174704323701855
982,529,1511,0.11749728062615591
981,525,1506,0.11752704388174949
985,518,1503,0.11755403682388402
995,516,1511,0.1175715411775263
985,520,1505,0.11756479133872824
986,528,1514,0.11758380503819019
971,528,1499,0.11759901099469829
964,527,1491,0.11764989142995635
967,531,1498,0.1177128499155767
971,531,1502,0.1177631278466332
971,532,1503,0.11779770528411047
974,525,1499,0.11782894083761274
971,520,1491,0.11785327613815076
969,524,1493,0.11788401147228729
975,517,1492,0.11791638528638511
969,527,1496,0.1179308639967539
969,527,1496,0.11795697850569777
971,537,1508,0.11798391508646641
963,533,1496,0.11800522922104341
963,541,1504,0.11804543056192351
956,540,1496,0.11808283038757607
951,530,1481,0.1181325661283529
944,539,1483,0.11819203575853127
952,540,1492,0.1182655051886882
966,544,1510,0.1183128391514212
971,545,1516,0.11832355977739002
972,537,1509,0.11832126314915285
964,542,1506,0.11831720589643202
967,541,1508,0.11833483984121124
969,543,1512,0.11834369589436836
960,546,1506,0.11834770705749179
960,545,1505,0.11837100351739192
948,550,1498,0.11839305494294215
945,553,1498,0.1184435183966411
930,556,1486,0.11849666845441216
934,558,1492,0.11858043372763576
925,556,1481,0.11864748469118541
926,554,1480,0.11873152485147927
922,558,1480,0.11880848141664548
920,568,1488,0.11888986193009446
924,568,1492,0.11896729476635563
929,567,1496,0.1190299942589591
931,567,1498,0.11907802235019257
935,576,1511,0.11911956820109956
934,575,1509,0.11915053613056494
935,584,1519,0.11918265520623128
935,582,1517,0.1192097256524924
933,579,1512,0.11923800555421654
925,578,1503,0.11926644646536476
921,584,1505,0.11931254717880371
919,584,1503,0.11936290820083123
919,586,1505,0.11941859559010673
919,588,1507,0.11946919108513102
931,587,1518,0.11951591950629462
931,591,1522,0.11953407353271507
918,599,1517,0.1195504460661288
909,602,1511,0.11959763261167326
908,603,1511,0.11966106912895742
903,597,1500,0.11972167619774371
895,604,1499,0.11979056114624584
892,603,1495,0.11987154535368746
895,609,1504,0.11995629697514681
889,602,1491,0.12002920871741331
879,605,1484,0.12011040316986193
881,605,1486,0.12020834983161428
886,601,1487,0.12029531111689719
891,609,1500,0.12036415576360979
899,609,1508,0.12041576003469252
886,614,1500,0.12044478012431725
892,607,1499,0.12050397336927418
899,616,1515,0.12054438842558944
894,615,1509,0.12056446707094334
895,619,1514,0.12059724385134736
891,620,1511,0.1206247229888459
893,620,1513,0.12066048515132
895,623,1518,0.12068893861145163
890,613,1503,0.1207119323530605
895,610,1505,0.12074425051414928
895,616,1511,0.12076188584395524
886,609,1495,0.12078122055984394
872,619,1491,0.12082233106455746
872,624,1496,0.1208938255549405
878,632,1510,0.12095915060719065
889,624,1513,0.12100486376794023
887,621,1508,0.12102310002531518
885,625,1510,0.12104082370854446
889,615,1504,0.1210613874219544
900,613,1513,0.12106906779146558
895,614,1509,0.12104996400709128
892,604,1496,0.12104534466810313
897,616,1513,0.12104669990837107
904,609,1513,0.12103390320920453
893,612,1505,0.12100794573247033
892,625,1517,0.12101216418788681
887,621,1508,0.12102049978495334
882,619,1501,0.12103662124413407
892,608,1500,0.12106472167593024
873,621,1494,0.12106770067470742
880,630,1510,0.12111439783282872
880,621,1501,0.12114197970421295
879,615,1494,0.12117011649593248
879,608,1487,0.12119845939491843
876,615,1491,0.12122290629658726
873,618,1491,0.12125079672620157
879,625,1504,0.1212857591548421
860,636,1496,0.12130562989804494
859,641,1500,0.12136959249977843
857,647,1504,0.12142946525366664
855,659,1514,0.1214904068786085
855,663,1518,0.12155509338936853
846,659,1505,0.12161732533747775
839,661,1500,0.12169617798886165
841,668,1509,0.12178693070763216
842,672,1514,0.12186924878368167
837,674,1511,0.12194233385273762
831,669,1500,0.12202279000060054
836,660,1496,0.1221116865645313
841,666,1507,0.12217870501423586
828,665,1493,0.12223111271498421
833,661,1494,0.1223097703248019
828,673,1501,0.12237080336252422
840,669,1509,0.1224390736378998
840,663,1503,0.12247100574448808
830,653,1483,0.12250206802008315
837,650,1487,0.12255217735789553
836,656,1492,0.12258229252031703
840,656,1496,0.12261347349004546
850,660,1510,0.12263432667888267
849,661,1510,0.12262945644559554
842,671,1513,0.12262667899681393
848,663,1511,0.12263943828623945
848,666,1514,0.12263725003235158
850,666,1516,0.12263595320613348
840,665,1505,0.12263005338432446
845,663,1508,0.12264842365427675
845,671,1516,0.12265431247609244
837,672,1509,0.12266273460420361
841,677,1518,0.12268755608648801
829,686,1515,0.12270384313297619
827,690,1517,0.12274883524228518
823,690,1513,0.12279565774531456
824,693,1517,0.12285193014567859
820,693,1513,0.12289877272851925
813,693,1506,0.12295206698744224
805,692,1497,0.12301671509302924
811,687,1498,0.1230949222625435
806,676,1482,0.12315040756795011
815,679,1494,0.12321461433584714
813,678,1491,0.12325200443567681
817,679,1496,0.1232890430254433
820,688,1508,0.12331285201305367
823,683,1506,0.12332556504458779
823,695,1518,0.12333196465440015
820,702,1522,0.1233396722969054
813,702,1515,0.12335590672043767
812,701,1513,0.12338636908724272
823,696,1519,0.12341773119486789
809,703,1512,0.12341889589878402
804,705,1509,0.1234529530708609
803,699,1502,0.12349584644449668
799,697,1496,0.12353891733945184
798,706,1504,0.1235873249053287
814,701,1515,0.12363270094121667
790,708,1498,0.12363662279188876
792,713,1505,0.12369780806844448
793,712,1505,0.12375271461804668
791,712,1503,0.12380026792806147
784,706,1490,0.1238468349801694
797,715,1512,0.12390509813261336
789,710,1499,0.12392696210946022
774,707,1481,0.1239680189141285
785,721,1506,0.12404278284204928
783,715,1498,0.12408752785493388
786,714,1500,0.12413376346251379
787,715,1502,0.12416921822020897
792,708,1500,0.12419967952001355
792,712,1504,0.12421739617331337
792,707,1499,0.12423426858038378
786,705,1491,0.1242513695007543
784,714,1498,0.12427940400713158
783,711,1494,0.12431036342299205
777,707,1484,0.12434117322930698
780,718,1498,0.12438417004212851
785,726,1511,0.12441658534679213
788,726,1514,0.12443733947183958
776,724,1500,0.12445197942777533
760,737,1497,0.12449534935342564
766,742,1508,0.12457283652538048
760,742,1502,0.12463238596663972
757,745,1502,0.12470346623984502
742,744,1486,0.12477686374336755
745,751,1496,0.1248804309667209
745,755,1500,0.12496921094586146
745,755,1500,0.12505064722511328
745,757,1502,0.12512798634688643
729,747,1476,0.12520323884620047
729,760,1489,0.12531165346972314
725,761,1486,0.12541320423904473
726,756,1482,0.12551757966300772
730,764,1494,0.12561230415908622
732,764,1496,0.12569050460382952
728,776,1504,0.1257591836002089
722,778,1500,0.12583069120785761
728,776,1504,0.12591279455993398
724,777,1501,0.12597570696255825
724,778,1502,0.1260428858300136
717,776,1493,0.1261095885223059
712,782,1494,0.12618756584342541
724,783,1507,0.12626976533826675
726,782,1508,0.12631816371168586
712,781,1493,0.12635741256049968
720,787,1507,0.12642861104617326
713,796,1509,0.12647738158470426
705,788,1493,0.12653872777185976
706,800,1506,0.12661630016971048
714,796,1510,0.12668677000918044
718,797,1515,0.12673272201675967
711,796,1507,0.12676538902443257
711,787,1498,0.12681282579155698
716,791,1507,0.12685619086460787
713,793,1506,0.1268850648605557
713,790,1503,0.12691823620798368
706,797,1503,0.12694962101171892
698,803,1501,0.12699467941952744
696,821,1517,0.127056618966382
696,827,1523,0.12711850940367722
688,830,1518,0.12717446862348783
694,827,1521,0.12724663069490894
689,830,1519,0.1273027113278314
684,830,1514,0.12736520305665988
678,836,1514,0.127435952204915
676,829,1505,0.12751672897973498
679,840,1519,0.12759725630823468
680,847,1527,0.12766425837345619
673,836,1509,0.1277251704196385
665,850,1515,0.12779903558851063
656,842,1498,0.1278904628144111
658,845,1503,0.12799674057266794
654,851,1505,0.12808981145933598
657,854,1511,0.12818726687291446
652,862,1514,0.1282698465333641
656,866,1522,0.12836102152821657
653,854,1507,0.1284377607707223
648,859,1507,0.12851378974468933
649,862,1511,0.12859688710092326
651,864,1515,0.12867122946623855
652,860,1512,0.12873722103922788
654,856,1510,0.12879622724645506
652,856,1508,0.12884495249490582
647,857,1504,0.12889271764300417
642,858,1500,0.1289480313024443
650,853,1503,0.12900805168739513
653,857,1510,0.12904639309155094
657,855,1512,0.12907833819829592
659,855,1514,0.12909729940018
656,868,1524,0.12911142473103715
656,864,1520,0.12913084704844213
654,876,1530,0.12914896769249526
637,881,1518,0.12917078231843337
641,871,1512,0.12923399718214607
651,865,1516,0.1292831482771929
650,868,1518,0.1293064942241811
643,876,1519,0.1293275308478176
642,879,1521,0.1293656659223211
643,881,1524,0.12940373750330847
644,877,1521,0.12943774486109366
641,869,1510,0.12946554371385932
629,877,1506,0.12949821165984657
638,883,1521,0.1295566697309039
628,879,1507,0.12959180348630123
626,874,1500,0.12964575853335736
629,874,1503,0.12969970942039805
628,869,1497,0.12974318253690506
633,864,1497,0.12978651862535667
631,874,1505,0.12981680040573734
629,863,1492,0.12984782860113667
626,872,1498,0.12988149805319116
631,883,1514,0.12991845427388826
627,875,1502,0.12994186800065166
630,877,1507,0.12997298230796667
629,883,1512,0.1299967628849341
625,889,1514,0.13002186645695527
624,883,1507,0.13005196390966586
625,887,1512,0.1300832414433107
626,878,1504,0.1301107667654962
625,879,1504,0.13013381063002424
625,874,1499,0.13015735884237084
619,877,1496,0.1301787629378296
617,879,1496,0.13021358284727852
620,878,1498,0.1302501165138979
620,886,1506,0.13027855534593558
618,892,1510,0.13030587148310857
619,904,1523,0.1303365785143497
624,894,1518,0.13036300395313638
622,889,1511,0.1303754375057571
619,874,1493,0.13039203891241505
624,884,1508,0.13041175029653554
620,880,1500,0.13041731475558385
623,875,1498,0.13043360127882975
627,894,1521,0.13044039193417778
635,880,1515,0.13043819743892385
631,879,1510,0.1304157398586743
627,883,1510,0.1304037246171384
629,889,1518,0.13040384735325516
629,878,1507,0.13039985006145047
623,887,1510,0.13039341026180806
623,884,1507,0.1304014219660812
619,889,1508,0.13040642635650226
615,884,1499,0.13042288146573391
619,880,1499,0.13044934913005013
625,883,1508,0.13046454629884005
621,880,1501,0.13046214673317816
617,885,1502,0.13047334105457126
626,885,1511,0.13049240935155496
627,885,1512,0.13048947641516834
618,881,1499,0.13048336124215543
617,881,1498,0.13049884197427186
611,884,1495,0.1305149848550909
617,889,1506,0.1305448932459559
613,889,1502,0.13055591161908472
618,892,1510,0.13057311736686578
616,891,1507,0.1305775304966765
619,892,1511,0.13058687738007005
626,889,1515,0.1305850625931531
623,892,1515,0.1305683158989609
624,892,1516,0.13056162074023628
622,891,1513,0.1305531325549825
633,890,1523,0.1305511859665763
622,889,1511,0.13052402628483747
615,890,1505,0.1305264163003138
616,892,1508,0.13054567541572726
622,880,1502,0.13056158073682764
616,892,1508,0.13056229757111956
612,917,1529,0.13057895261046343
607,910,1517,0.1306050438725389
615,907,1522,0.1306409710171879
616,899,1515,0.13065554925513678
611,902,1513,0.13066717777326614
612,896,1508,0.13068788850433696
611,894,1505,0.1307028180692787
613,901,1514,0.13071587610334437
615,900,1515,0.1307239781574856
611,899,1510,0.13072675405807238
619,899,1518,0.13073871160739486
618,897,1515,0.13073067047942508
617,903,1520,0.13072600283667848
618,897,1515,0.13072414213268221
615,904,1519,0.1307203534824884
612,901,1513,0.13072139302626312
618,898,1516,0.13072898377187178
618,900,1518,0.13072258943172646
617,895,1512,0.1307141581644929
608,904,1512,0.13070785778260305
609,902,1511,0.1307261860345713
598,897,1495,0.13074182407486284
595,898,1493,0.13078359416219054
594,914,1508,0.13083108256852571
595,913,1508,0.13087919583240468
600,918,1518,0.1309202983850291
594,917,1511,0.13094743518199914
595,920,1515,0.13098734746595697
594,913,1507,0.1310226421167206
589,906,1495,0.13105831592264733
588,908,1496,0.13110341040755402
592,920,1512,0.13114665875990672
595,909,1504,0.13117716167137605
590,915,1505,0.13120020359340315
589,926,1515,0.1312344205020886
581,924,1505,0.13127040954252725
581,919,1500,0.13132213889491395
585,935,1520,0.1313652428936418
583,941,1524,0.13139715324836032
596,944,1540,0.1314326097731404
597,942,1539,0.13143708508977825
588,933,1521,0.1314391881729977
588,924,1512,0.13146499561074268
594,920,1514,0.13149162442042325
594,928,1522,0.13149849163082344
587,927,1514,0.13150230917914002
582,932,1514,0.13152413928602502
573,934,1507,0.1315573612744633
561,932,1493,0.13161123202723388
567,936,1503,0.13168985318779597
571,933,1504,0.13174805783009297
565,934,1499,0.13179626360537067
569,934,1503,0.13185572513123486
568,935,1503,0.13190202657747357
566,936,1502,0.13194661048346334
569,940,1509,0.1319945576015119
566,929,1495,0.13203219325322896
564,937,1501,0.13207720206834112
563,951,1514,0.13212455572622794
561,952,1513,0.13216930327984616
555,940,1495,0.13221611258800928
549,951,1500,0.1322753861142899
555,956,1511,0.1323468044247293
554,956,1510,0.1323990849867246
546,974,1520,0.13245124698023747
544,970,1514,0.1325171859185427
538,967,1505,0.1325823427797557
534,967,1501,0.13265790929207188
537,969,1506,0.1327372305860985
533,972,1505,0.13280335864222484
529,967,1496,0.13287247124254448
531,963,1494,0.13294816280254387
527,982,1509,0.1330138623933065
526,972,1498,0.1330834830106318
536,960,1496,0.13314956052635957
537,967,1504,0.13318649015033798
546,968,1514,0.13321850985105782
545,973,1518,0.1332257094380576
544,974,1518,0.1332349292945273
544,976,1520,0.1332470195530408
543,971,1514,0.1332585684499255
534,971,1505,0.13327035171766619
529,981,1510,0.13330445592955953
534,981,1515,0.13334751389065538
530,985,1515,0.13337693982791432
531,979,1510,0.13341578004238205
523,978,1501,0.1334487731342499
519,981,1500,0.13350189048339242
516,987,1503,0.13355869098812814
512,986,1498,0.13361657082622902
515,990,1505,0.1336818019932491
511,992,1503,0.133734089087237
517,991,1508,0.1337916604733963
518,994,1512,0.1338301608967027
517,976,1493,0.13386421222164183
519,983,1502,0.1338994069117719
528,977,1505,0.13392716908471278
533,983,1516,0.13392968882886794
527,982,1509,0.1339215184689551
526,974,1500,0.13392690452407124
518,965,1483,0.13393529044693164
518,970,1488,0.133963902506491
517,984,1501,0.13398925358210806
517,990,1507,0.13401688181801807
519,991,1510,0.13404255474894644
514,987,1501,0.13406210184809944
516,988,1504,0.1340940446208853
510,999,1509,0.1341204686826471
514,996,1510,0.13416000035219824
522,990,1512,0.13418504442598506
519,1012,1531,0.13418826931942887
515,999,1514,0.13419842385747394
512,1006,1518,0.13422105291174244
504,1004,1508,0.13424984770341786
504,1009,1513,0.1342947579438394
491,1015,1506,0.13433864851385974
492,1022,1514,0.1344103521276444
491,1028,1519,0.13447448190996622
490,1017,1507,0.13453852587007975
488,1019,1507,0.13459979066855837
490,1025,1515,0.1346621398856075
489,1025,1514,0.1347145108248742
484,1025,1509,0.13476629115681443
480,1038,1518,0.13482796396004074
480,1035,1515,0.1348971398844339
478,1034,1512,0.1349631464323289
477,1042,1519,0.13502977923006707
477,1034,1511,0.13509508887005517
475,1040,1515,0.13515644947069855
471,1046,1517,0.13521777927856538
467,1043,1510,0.13528441633759383
465,1043,1508,0.13535739120863904
466,1051,1517,0.13542976243420582
475,1046,1521,0.13549434109823785
466,1046,1512,0.1355319333521451
466,1053,1519,0.13559054903965925
464,1049,1513,0.13564332295518894
460,1051,1511,0.1356957979512672
459,1046,1505,0.13575482210870565
459,1041,1500,0.13581356459845956
461,1046,1507,0.1358686816743646
454,1045,1499,0.13591394358463282
448,1069,1517,0.13597308827283702
441,1079,1520,0.1360441673034307
441,1076,1517,0.13612724728370346
443,1075,1518,0.13620231962210405
440,1075,1515,0.13626682978234625
437,1076,1513,0.1363360605071239
437,1074,1511,0.13640733331275892
435,1076,1511,0.1364704680200478
424,1078,1502,0.13653591358541997
435,1084,1519,0.1366244777613413
433,1099,1532,0.13668051127034314
429,1100,1529,0.13673870176553735
429,1096,1525,0.13680166203351316
431,1091,1522,0.13686055432497388
423,1090,1513,0.13691136265816797
419,1083,1502,0.13697758120599582
421,1089,1510,0.13704987900860785
412,1085,1497,0.13711451768661573
406,1083,1489,0.13719659722193767
408,1092,1500,0.13728995870194793
408,1089,1497,0.1373683949091911
407,1102,1509,0.1374424625682399
410,1094,1504,0.13751425416880975
414,1085,1499,0.13757001106765226
411,1072,1483,0.13760793838030339
409,1078,1487,0.13764988731424316
406,1090,1496,0.1376926641217647
408,1093,1501,0.1377396877660736
407,1090,1497,0.13778285614319222
404,1097,1501,0.1378260364680591
408,1097,1505,0.1378736934710687
414,1103,1517,0.13790669917014844
412,1100,1512,0.13792288940315942
406,1105,1511,0.13794474402424242
405,1100,1505,0.13798031882048117
400,1094,1494,0.13801685579791745
390,1085,1475,0.13806526917710893
391,1101,1492,0.13813487789337048
387,1106,1493,0.13819663837462637
380,1103,1483,0.13826394909392037
386,1098,1484,0.13834562514353604
391,1104,1495,0.13840640097313409
393,1097,1490,0.13845161740440953
389,1120,1509,0.13848566247072228
391,1124,1515,0.138528510378159
393,1121,1514,0.13856469269490354
395,1117,1512,0.13859484373978703
391,1115,1506,0.1386178898791965
387,1117,1504,0.1386488849828145
393,1117,1510,0.13868717824642693
398,1105,1503,0.13870901390697665
390,1109,1499,0.13871676634387714
390,1099,1489,0.13874395702504302
399,1111,1510,0.13876838977985695
402,1105,1507,0.13876993255533132
397,1111,1508,0.13876267288623392
394,1114,1508,0.13876870987419287
400,1111,1511,0.13878302294493786
398,1118,1516,0.13878192183644064
401,1121,1522,0.1387837760530063
399,1121,1520,0.1387799234688256
401,1107,1508,0.1387838668319359
396,1119,1515,0.13878510066842784
398,1107,1505,0.1387963582937384
397,1099,1496,0.1388028007125513
397,1116,1513,0.13881072265808864
391,1117,1508,0.13882058028710287
389,1129,1518,0.1388451821319828
388,1126,1514,0.1388735860565501
390,1129,1519,0.13890068819080997
385,1120,1505,0.1389214187368079
389,1115,1504,0.13895300749501874
390,1131,1521,0.13897266591355145
383,1129,1512,0.13898799461118688
379,1127,1506,0.1390197826476095
376,1138,1514,0.13906015671437078
377,1131,1508,0.139106768609476
381,1137,1518,0.13914746040401696
383,1145,1528,0.13917472202016445
379,1143,1522,0.13919641924958215
376,1148,1524,0.13922560987588278
374,1149,1523,0.13926130720048452
366,1147,1513,0.13930137389194464
365,1145,1510,0.13935864474784165
365,1148,1513,0.13941519174389397
360,1153,1513,0.13946618373765332
358,1138,1496,0.13952497157004273
352,1155,1507,0.13958648123504003
356,1165,1521,0.13965921729832212
348,1154,1502,0.1397163459858529
345,1156,1501,0.13978783368701103
346,1159,1505,0.13986159670431822
340,1163,1503,0.1399265437118249
336,1161,1497,0.1400030075581213
342,1154,1496,0.14008352215336878
337,1164,1501,0.14014670452454014
346,1160,1506,0.14021927937508302
344,1171,1515,0.14026235435925793
344,1175,1519,0.14030805390978135
341,1166,1507,0.14035283805080995
340,1159,1499,0.1404019933019396
341,1170,1511,0.14045143028507825
343,1171,1514,0.14049490184662924
342,1174,1516,0.140529316254958
345,1170,1515,0.14056225728963498
343,1165,1508,0.1405863557506622
342,1160,1502,0.1406146249290277
336,1167,1503,0.1406418720363026
335,1167,1502,0.14068195104654083
336,1171,1507,0.14072208286004625
335,1174,1509,0.14075863471338507
328,1179,1507,0.1407947298986504
328,1178,1506,0.14084701917654455
333,1176,1509,0.1408962648394149
335,1171,1506,0.1409297982051142
335,1163,1498,0.1409549352746612
328,1172,1500,0.1409767459744382
324,1169,1493,0.14101412831267232
333,1169,1502,0.1410599466921959
333,1174,1507,0.1410780361807313
334,1186,1520,0.141094955597194
327,1184,1511,0.14110923583240914
326,1195,1521,0.14114147000801613
315,1201,1516,0.14117548011992775
316,1201,1517,0.14123595854981047
313,1204,1517,0.14129099613102108
310,1202,1512,0.14134748313185252
307,1206,1513,0.1414087665817028
307,1211,1518,0.141475701730217
304,1216,1520,0.14153747767262115
308,1223,1531,0.14160134895739054
313,1219,1532,0.14164648583450506
316,1203,1519,0.14167584306908204
316,1202,1518,0.14169721713322958
312,1211,1523,0.14171552650063102
310,1207,1517,0.14174311889953084
308,1192,1500,0.14177395764285333
310,1200,1510,0.14180561072769535
303,1201,1504,0.14183000110881502
300,1199,1499,0.141870749018087
299,1197,1496,0.14191639472469902
302,1198,1500,0.1419638546109652
302,1203,1505,0.14200002326107622
305,1194,1499,0.1420328392920577
304,1199,1503,0.14205726764059246
307,1209,1516,0.14208236025898816
311,1194,1505,0.14209623868060298
305,1201,1506,0.14210160352908868
312,1201,1513,0.14212053465713073
314,1205,1519,0.14212155499557697
312,1195,1507,0.1421180201536678
312,1201,1513,0.14212168695698657
315,1204,1519,0.14212507266907082
314,1206,1520,0.14212056451854072
310,1186,1496,0.14211938542038863
307,1185,1492,0.1421280401251226
306,1185,1491,0.14214546676288226
309,1215,1524,0.14216513343299372
306,1212,1518,0.14217443838332655
306,1206,1512,0.14218993630493826
304,1208,1512,0.14220365114420175
300,1207,1507,0.14222128028428396
306,1205,1511,0.1422479202082628
304,1213,1517,0.14225735205036327
304,1216,1520,0.14227198948680658
303,1218,1521,0.1422870976239862
305,1219,1524,0.14230367468248198
304,1216,1520,0.14231242469484257
300,1216,1516,0.14232261849679514
296,1228,1524,0.1423431664540681
298,1216,1514,0.14237181399761756
300,1217,1517,0.14239533112472952
309,1213,1522,0.1424123883665129
307,1217,1524,0.1424026486464118
296,1209,1505,0.1423981913343717
294,1197,1491,0.14241995159028759
292,1197,1489,0.14244609857239315
284,1201,1485,0.14247473754582252
293,1194,1487,0.1425193316321346
291,1191,1482,0.14253752530025218
295,1203,1498,0.14256010350407766
298,1211,1509,0.14257115125221875
291,1224,1515,0.14257148989940766
294,1230,1524,0.1425900487234519
292,1215,1507,0.1425988727918593
294,1210,1504,0.14261368259303603
300,1226,1526,0.1426226156300414
297,1212,1509,0.1426159395344777
293,1215,1508,0.14261827099413218
287,1220,1507,0.14262946297533585
289,1230,1519,0.1426559878939589
291,1223,1514,0.1426738412112013
292,1218,1510,0.14268570634042285
286,1213,1499,0.14269378072006933
283,1227,1510,0.14271764062124667
282,1220,1502,0.14274909669496422
279,1220,1499,0.14278179121014534
281,1221,1502,0.14281984124008995
277,1214,1491,0.1428504009387352
270,1225,1495,0.14288746955892165
273,1234,1507,0.14293934639059389
274,1230,1504,0.14298147398341224
266,1229,1495,0.14301819543608285
267,1233,1500,0.14307032260165495
265,1234,1499,0.14311863546324388
259,1235,1494,0.14316846288640453
261,1241,1502,0.14323014446022803
251,1250,1501,0.14328335811150464
249,1248,1497,0.14335688810594044
254,1231,1485,0.14343162139988763
255,1251,1506,0.14348782634519305
254,1247,1501,0.1435360756932964
256,1260,1516,0.1435837153260977
261,1258,1519,0.1436210562950365
260,1257,1517,0.14364225639159592
262,1260,1522,0.14366311108846655
264,1264,1528,0.14367833216292392
260,1266,1526,0.14368975264876244
260,1254,1514,0.14371064812961326
257,1257,1514,0.14372881316573907
252,1261,1513,0.14375495804119398
252,1270,1522,0.1437940244164749
252,1266,1518,0.14383008109868672
248,1274,1522,0.14386515122181665
247,1284,1531,0.14390553728642289
250,1268,1518,0.14394550962434122
247,1263,1510,0.14397805487068982
244,1268,1512,0.14401450381664702
239,1271,1510,0.14405727293695403
237,1277,1514,0.14410896347857352
242,1281,1523,0.14416244158300714
239,1278,1517,0.14420006240392758
236,1288,1524,0.14424318128604144
230,1281,1511,0.1442926884003973
235,1294,1529,0.1443542509242309
231,1290,1521,0.14439867289469943
231,1283,1514,0.14445065332287743
226,1281,1507,0.14449851698898009
224,1289,1513,0.14455410455715256
220,1296,1516,0.14461048982716165
217,1305,1522,0.14467180653458253
216,1307,1523,0.14473611739847606
216,1295,1511,0.14479800233043047
218,1301,1519,0.14485421812983998
218,1303,1521,0.14490261304931623
213,1315,1528,0.14494929649197047
212,1310,1522,0.1450055182786336
212,1300,1512,0.14506088009064413
213,1295,1508,0.14511241363290245
210,1306,1516,0.14515602866979474
209,1311,1520,0.14520506626832344
205,1305,1510,0.14525272400714861
217,1299,1516,0.1453064970636779
213,1293,1506,0.14532739768523906
213,1303,1516,0.14535584528954273
213,1308,1521,0.1453844759334902
213,1311,1524,0.14541070944592402
210,1312,1522,0.14543499656967504
212,1320,1532,0.1454646849082484
211,1311,1522,0.1454870923259738
212,1307,1519,0.145511873629617
207,1309,1516,0.14553446280301785
206,1311,1517,0.14556853821020901
204,1297,1501,0.14560076340163758
205,1297,1502,0.14563456235815886
204,1299,1503,0.14566275862145597
203,1305,1508,0.14569184053207584
202,1313,1515,0.14572335707003564
202,1300,1502,0.14575240534003767
200,1308,1508,0.14577925843609943
198,1321,1519,0.14581076157586328
193,1314,1507,0.145845622495937
194,1311,1505,0.14589055424431036
196,1298,1494,0.14592942979705062
196,1301,1497,0.14596034022336266
198,1309,1507,0.14599040339863945
196,1324,1520,0.1460100643335692
194,1318,1512,0.14603440925930644
192,1331,1523,0.14606342341048056
189,1315,1504,0.14609612603238914
193,1329,1522,0.14613478256111317
194,1320,1514,0.14616031431882004
192,1318,1510,0.14618247974566795
188,1317,1505,0.14621003141650757
185,1321,1506,0.14624557670063776
184,1324,1508,0.14628642099897093
178,1335,1513,0.14632838979716556
175,1346,1521,0.146381957559756
170,1337,1507,0.14644009466236704
172,1344,1516,0.14650654992400589
173,1346,1519,0.14656302081537417
171,1344,1515,0.14661467938172992
170,1352,1522,0.14666559043829852
173,1349,1522,0.14671627309705063
168,1350,1518,0.1467548497809509
170,1351,1521,0.14680256249411547
166,1340,1506,0.14684261708514015
162,1340,1502,0.14689057158458488
160,1346,1506,0.14694456212955026
159,1356,1515,0.1469996585763427
161,1359,1520,0.1470547009026584
161,1361,1522,0.14710158760946823
160,1364,1524,0.14714629673131296
156,1359,1515,0.1471911932974661
155,1358,1513,0.14724272720784617
153,1359,1512,0.14729417351749327
154,1360,1514,0.14734812868696298
151,1364,1515,0.1473955949320569
146,1362,1508,0.14744619560792732
148,1358,1506,0.14750680393406485
148,1359,1507,0.1475576361539586
151,1362,1513,0.14760458947793592
154,1359,1513,0.1476412186368215
152,1360,1512,0.14766794566112995
149,1352,1501,0.14769790390456872
148,1370,1518,0.14773373641221565
149,1373,1522,0.1477689635061416
147,1371,1518,0.14779818196537164
144,1367,1511,0.1478316500992698
144,1367,1511,0.14787181467775556
141,1373,1514,0.14790831823986386
140,1366,1506,0.147950702883642
138,1359,1497,0.14799303979567013
135,1365,1500,0.1480381315730452
131,1371,1502,0.14808837566157065
133,1379,1512,0.1481457886371561
127,1381,1508,0.14819547933844848
123,1377,1500,0.14825623995557866
124,1381,1505,0.14832312672724282
124,1390,1514,0.14838226735186136
122,1388,1510,0.1484374660382374
123,1388,1511,0.14849471041777262
126,1383,1509,0.14854615367419716
126,1390,1516,0.14858502793373787
126,1388,1514,0.14862271998752416
124,1402,1526,0.14865754506318393
125,1388,1513,0.14869676102309726
120,1371,1491,0.1487304769798038
119,1380,1499,0.14877472909222805
121,1387,1508,0.14881791163657238
118,1384,1502,0.14885236787265696
118,1395,1513,0.14889246245185242
117,1393,1510,0.14893059031676315
118,1395,1513,0.14896874938624133
114,1397,1511,0.14900074863735988
111,1401,1512,0.14904053016242994
106,1396,1502,0.1490858640551541
111,1398,1509,0.14913953397445615
113,1399,1512,0.14917794068611304
116,1408,1524,0.14920881685334372
116,1398,1514,0.14922988929634085
116,1394,1510,0.14924869504720695
116,1394,1510,0.14926658694502057
117,1398,1515,0.14928345538572746
115,1403,1518,0.14929666197509367
118,1394,1512,0.14931533622744428
113,1399,1512,0.1493249340238992
109,1407,1516,0.1493474323929291
109,1403,1512,0.14937891909239928
111,1411,1522,0.14940956322122717
109,1409,1518,0.1494329674401983
107,1412,1519,0.14946052597402248
106,1422,1528,0.14949200878340918
103,1421,1524,0.14952299205867892
100,1418,1518,0.14956013689153308
105,1414,1519,0.14960269614641422
104,1416,1520,0.1496279282911342
102,1409,1511,0.14965318728400778
101,1422,1523,0.14968158106857718
97,1420,1517,0.14971104888048187
98,1420,1518,0.14974855848232185
98,1414,1512,0.14978195995747387
99,1416,1515,0.14981336517236643
98,1411,1509,0.1498411687138729
99,1413,1512,0.14986899225937864
97,1410,1507,0.14989110801377628
99,1409,1508,0.14991724794902178
101,1409,1510,0.14993763675995508
97,1405,1502,0.14995209573429855
93,1400,1493,0.14997545975903828
93,1401,1494,0.15000761052298672
96,1423,1519,0.1500383624652898
96,1419,1515,0.15005882664634418
96,1417,1513,0.15007802457328936
98,1417,1515,0.1500954466791965
94,1411,1505,0.15010721249067863
91,1412,1503,0.15012826239508614
92,1382,1474,0.1501551108474918
93,1387,1480,0.15017821511711973
101,1407,1508,0.15019693294521871
98,1409,1507,0.1501926863290482
97,1400,1497,0.15019703175507357
94,1409,1503,0.150203659670157
94,1411,1505,0.15021787193173586
93,1425,1518,0.15023218707704744
93,1432,1525,0.15024800845304054
97,1423,1520,0.150262591793244
95,1431,1526,0.1502652977369746
90,1427,1517,0.1502736627930633
89,1428,1517,0.15029468107940885
93,1416,1509,0.15031695407209747
91,1427,1518,0.15032581951031088
91,1435,1526,0.15034036983037805
91,1430,1521,0.15035334114416873
90,1417,1507,0.15036584932578553
86,1418,1504,0.1503795000706974
82,1425,1507,0.15040256777453834
82,1431,1513,0.15043468353443037
81,1425,1506,0.15046551322372445
76,1438,1514,0.15049721444424438
74,1446,1520,0.15053921250820865
76,1437,1513,0.15058204032962189
76,1455,1531,0.15061785757386464
78,1442,1520,0.1506521700364565
77,1444,1521,0.15067892604427582
77,1449,1526,0.15070701164345882
76,1443,1519,0.1507322414193912
73,1456,1529,0.15075907077830908
73,1453,1526,0.15079127689047264
73,1460,1533,0.15082136884351052
74,1437,1511,0.15084863963686546
76,1446,1522,0.15086961136069416
78,1451,1529,0.15088492721966207
75,1449,1524,0.1508945200785658
72,1441,1513,0.15091156601663383
69,1442,1511,0.15093548962802514
70,1435,1505,0.15096577054017657
72,1428,1500,0.1509908744974511
70,1440,1510,0.15100999401377535
70,1452,1522,0.15103331072072632
72,1463,1535,0.1510556803570546
70,1464,1534,0.15107023604002762
70,1441,1511,0.15108934586371836
71,1447,1518,0.1511068729911833
73,1451,1524,0.15112062243378727
73,1450,1523,0.151127895868075
71,1454,1525,0.15113517609975627
70,1457,1527,0.1511476086535747
67,1454,1521,0.15116223151569017
67,1457,1524,0.1511821999478882
65,1453,1518,0.15120161696995066
67,1442,1509,0.15122518123435216
69,1460,1529,0.15124288500247413
69,1454,1523,0.15125364289365506
70,1456,1526,0.1512644216912411
72,1441,1513,0.15127200614020192
68,1432,1500,0.15127414462678293
68,1448,1516,0.15128480196391472
65,1447,1512,0.15129471062763866
63,1440,1503,0.1513117178685692
63,1440,1503,0.15133303874310197
63,1449,1512,0.15135308763173133
60,1440,1500,0.15137179485280913
60,1446,1506,0.1513973917162845
63,1448,1511,0.15142200005324763
63,1444,1507,0.1514361085548707
62,1462,1524,0.15144961393404338
63,1459,1522,0.15146496503443363
60,1456,1516,0.15147738412727044
61,1457,1518,0.1514966285600968
61,1444,1505,0.1515121867161002
65,1440,1505,0.15152670004755173
62,1450,1512,0.15152972555131553
62,1463,1525,0.151540359342586
58,1455,1513,0.15155005530285842
57,1460,1517,0.15156945825748377
56,1461,1517,0.15159058747316345
55,1460,1515,0.1516132818977783
55,1459,1514,0.15163733312310707
54,1460,1514,0.15165968358391424
52,1470,1522,0.1516832875773006
54,1466,1520,0.1517096428199758
56,1473,1529,0.15172914538077018
55,1463,1518,0.15174190941307608
56,1458,1514,0.1517567260670413
55,1460,1515,0.15176889930715004
54,1473,1527,0.15178310242741502
55,1462,1517,0.15179933896209183
54,1471,1525,0.151812393842539
53,1476,1529,0.15182731126052038
50,1480,1530,0.15184404492137515
50,1467,1517,0.15186730895379688
46,1468,1514,0.15188946149086294
49,1463,1512,0.15191951480534122
46,1464,1510,0.15193919936881609
42,1466,1508,0.15196507933912068
41,1475,1516,0.15199924929827902
39,1479,1518,0.15203370015459794
41,1479,1520,0.15207099870966584
43,1491,1534,0.1521013679680511
40,1492,1532,0.15212419537768562
39,1482,1521,0.1521529577584009
36,1481,1517,0.15218268043214553
38,1478,1516,0.1522178027241238
39,1471,1510,0.1522452037078135
39,1479,1518,0.1522681551859094
41,1471,1512,0.15228971712010034
38,1467,1505,0.15230435237476533
40,1467,1507,0.1523256796562387
42,1465,1507,0.15233902924885978
45,1473,1518,0.1523465958900302
43,1467,1510,0.15234548169511272
44,1455,1499,0.1523487357492604
47,1455,1502,0.15235012361363676
48,1462,1510,0.15234330246210032
48,1459,1507,0.15233383230193873
46,1463,1509,0.1523258689101516
44,1461,1505,0.1523236948804447
45,1470,1515,0.1523268960434871
44,1479,1523,0.15232817093260814
45,1470,1515,0.15233148767871746
45,1471,1516,0.1523327393658003
44,1462,1506,0.152334431545704
45,1476,1521,0.15233701099955016
45,1466,1511,0.1523365852932821
47,1458,1505,0.15233541307906884
50,1462,1512,0.15233010151014123
50,1464,1514,0.15231605249126468
50,1448,1498,0.15230285147833228
49,1450,1499,0.15229108507975453
49,1442,1491,0.15228288918027116
47,1447,1494,0.15227596134670293
46,1459,1505,0.15227522588201053
48,1465,1513,0.15227660118556688
48,1460,1508,0.1522730430670655
47,1468,1515,0.15226835773529454
50,1456,1506,0.1522673750465773
50,1465,1515,0.15225916292608896
47,1459,1506,0.15225215482210308
46,1467,1513,0.1522532837357933
43,1474,1517,0.15225631885505758
41,1474,1515,0.15226694227627502
42,1461,1503,0.1522822836525119
42,1471,1513,0.15229356618594747
39,1481,1520,0.15230362010034826
39,1479,1518,0.15232079812261848
40,1482,1522,0.15233630706160708
43,1482,1525,0.15234818450615809
43,1491,1534,0.15235150733779595
43,1475,1518,0.15235522189902218
41,1477,1518,0.15235851935891642
41,1467,1508,0.1523669141592929
39,1456,1495,0.15237529621608203
38,1468,1506,0.15238814846514648
41,1470,1511,0.15240164045072813
39,1461,1500,0.15240713249357657
40,1475,1515,0.15241778865736041
38,1477,1515,0.15242467946445415
38,1489,1527,0.15243693752017934
36,1497,1533,0.15244882886745562
36,1484,1520,0.15246505287977996
37,1477,1514,0.1524805660369357
38,1485,1523,0.15249284393411533
40,1481,1521,0.1525007045719586
40,1476,1516,0.15250305457521698
41,1480,1521,0.15250567610323515
38,1469,1507,0.1525052958614078
35,1483,1518,0.15251257733511273
34,1476,1510,0.1525267984905469
33,1477,1510,0.15254281589323604
32,1481,1513,0.15256073932202643
32,1479,1511,0.15258014180168997
30,1492,1522,0.1525985097012728
30,1483,1513,0.152620335092248
30,1483,1513,0.15264093754150276
33,1489,1522,0.15266037340744892
32,1492,1524,0.15266926690818305
32,1484,1516,0.15268039285278368
35,1492,1527,0.1526904501676231
34,1500,1534,0.15269174539504823
34,1489,1523,0.15269590836605093
34,1486,1520,0.15270027990328944
34,1490,1524,0.1527047909312743
34,1481,1515,0.15270891689744776
34,1476,1510,0.15271315835802074
33,1487,1520,0.1527174635318296
32,1499,1531,0.15272411704503783
32,1495,1527,0.15273220188100517
32,1495,1527,0.1527401135909424
32,1496,1528,0.15274782211325114
30,1492,1522,0.15275419842638763
34,1497,1531,0.1527652592782729
37,1478,1515,0.15276440955127615
37,1481,1518,0.15275455163331847
37,1474,1511,0.15274606547973105
38,1471,1509,0.15273877272689215
37,1466,1503,0.15272930690332828
36,1465,1501,0.15272332375310646
36,1467,1503,0.15272102026673995
34,1466,1500,0.1527192840585906
31,1479,1510,0.15272287562374015
32,1474,1506,0.1527340481336229
32,1469,1501,0.1527408038631962
33,1481,1514,0.1527466646064587
31,1485,1516,0.15274918336767299
30,1490,1520,0.15275710400124673
29,1490,1519,0.15276738556314737
27,1483,1510,0.1527792514043437
29,1483,1512,0.15279445534382524
28,1493,1521,0.1528038729815879
29,1501,1530,0.15281542711717588
29,1492,1521,0.15282440617982526
29,1473,1502,0.15283321324183102
29,1486,1515,0.15284180943436296
29,1492,1521,0.15285016468047186
28,1489,1517,0.15285825632622196
28,1485,1513,0.1528680993524141
28,1484,1512,0.15287681231614667
27,1494,1521,0.15288529697768866
28,1501,1529,0.15289596347791964
28,1501,1529,0.15290301881630847
28,1483,1511,0.15290908234820186
26,1495,1521,0.1529151383800055
27,1497,1524,0.15292590216261356
28,1504,1532,0.152933043581941
27,1496,1523,0.15293681210085697
29,1486,1515,0.1529423576352909
28,1494,1522,0.15294290981478212
27,1501,1528,0.15294517951339393
28,1506,1534,0.15294992473061164
28,1492,1520,0.1529523384965082
28,1492,1520,0.15295501764284475
29,1494,1523,0.1529578860049288
28,1497,1525,0.15295771711924233
26,1491,1517,0.15296043882023158
26,1492,1518,0.15296833264839702
27,1482,1509,0.15297599551423816
26,1482,1508,0.1529803434893998
26,1473,1499,0.15298706527192585
24,1475,1499,0.15299363144678932
25,1487,1512,0.1530047537003127
25,1493,1518,0.15301297138923997
25,1485,1510,0.15302086725432748
25,1485,1510,0.15302843827558524
25,1487,1512,0.15303568448114496
24,1498,1522,0.15304260839776204
23,1513,1536,0.1530515459745937
24,1513,1537,0.15306152307619297
22,1500,1522,0.15306793044053418
22,1500,1522,0.15307882567298048
21,1497,1518,0.15308928101711558
21,1499,1520,0.15310161100421218
23,1485,1508,0.1531133577713073
24,1493,1517,0.15311732699112843
21,1506,1527,0.15311825336791915
22,1501,1523,0.15312757660236123
21,1504,1525,0.1531335187906407
19,1490,1509,0.15314096751063772
19,1494,1513,0.15315236041961494
19,1492,1511,0.1531635188186484
21,1483,1504,0.15317439427752477
20,1478,1498,0.15317912752579915
21,1486,1507,0.15318641717177925
21,1492,1513,0.15319038312755714
20,1495,1515,0.1531945366978497
21,1490,1511,0.15320148626643662
19,1489,1508,0.15320515682230534
18,1493,1511,0.15321398280367488
19,1494,1513,0.15322496988616546
19,1499,1518,0.1532323430357317
18,1505,1523,0.15323957963218546
18,1503,1521,0.15324911381736894
18,1517,1535,0.15325816225028008
18,1524,1542,0.15326687685858548
19,1504,1523,0.15327525020613952
19,1501,1520,0.1532792204279407
19,1502,1521,0.1532833039783858
19,1501,1520,0.1532874501904816
19,1508,1527,0.15329161691345777
19,1509,1528,0.1532957693161597
17,1497,1514,0.15329987884839474
16,1512,1528,0.15330909948115484
17,1505,1522,0.15332034403393846
17,1503,1520,0.15332845169234363
15,1501,1516,0.15333616016564233
14,1500,1514,0.15334822590372654
15,1513,1528,0.15336207217196432
14,1513,1527,0.15337262546020644
13,1505,1518,0.15338507156431272
12,1499,1511,0.15339918210188747
13,1492,1505,0.15341480456325535
14,1483,1497,0.15342712508030762
15,1500,1515,0.153435566181566
17,1490,1507,0.15344044054418599
18,1495,1513,0.15343919749078122
18,1508,1526,0.1534356912390655
17,1525,1542,0.15343210219331666
17,1518,1535,0.1534315039836102
17,1508,1525,0.1534313063212356
16,1504,1520,0.15343143966677283
17,1494,1511,0.1534345241717155
17,1485,1502,0.15343441289707585
19,1494,1513,0.15343370280273416
19,1483,1502,0.15342790101728912
19,1488,1507,0.1534228574760848
19,1487,1506,0.1534184763476086
18,1485,1503,0.15341467378874735
18,1506,1524,0.15341381699117743
17,1510,1527,0.15341325253234636
17,1517,1534,0.15341546009475274
19,1510,1529,0.1534176905343706
19,1503,1522,0.15341362893663713
20,1501,1521,0.15341013093563724
19,1498,1517,0.15340407717705376
17,1501,1518,0.15340119360866258
17,1503,1520,0.15340395220206343
17,1505,1522,0.15340674897942658
18,1502,1520,0.1534095550295162
18,1509,1527,0.15340912259948036
18,1508,1526,0.1534089538680073
18,1495,1513,0.15340900234941038
17,1509,1526,0.15340922828484108
17,1503,1520,0.1534119243493629
18,1490,1508,0.1534145916111076
18,1491,1509,0.15341401775927768
17,1504,1521,0.153413678349123
17,1501,1518,0.1534158862998863
17,1500,1517,0.1534181084614486
17,1504,1521,0.15342032291319307
16,1502,1518,0.15342160569642652
15,1504,1519,0.1534254734830716
15,1504,1519,0.15343158534247883
14,1508,1522,0.15343746766618596
14,1503,1517,0.15344556248912947
14,1504,1518,0.15345326695809378
13,1514,1527,0.15346058891953074
12,1521,1533,0.15346988827181476
12,1518,1530,0.1534811178059081
12,1515,1527,0.15349162723100415
12,1508,1520,0.1535015573028683
12,1519,1531,0.15351039330713234
11,1517,1528,0.15351881224660455
12,1511,1523,0.15352915535371392
12,1491,1503,0.1535365524560829
13,1501,1514,0.1535435857091646
13,1508,1521,0.1535470265495272
13,1504,1517,0.1535504252211608
13,1495,1508,0.15355376251248581
12,1497,1509,0.15355702320939754
12,1489,1501,0.15356256804382576
13,1503,1516,0.15356786713625145
14,1500,1514,0.15356970955608593
15,1493,1508,0.15356839313894746
14,1490,1504,0.15356429152926676
14,1494,1508,0.15356341443326374
14,1501,1515,0.1535628263605513
14,1504,1518,0.15356209025290604
15,1507,1522,0.1535616299636691
14,1511,1525,0.15355889530914538
14,1516,1530,0.15355890253199161
13,1518,1531,0.15355907587220283
13,1516,1529,0.15356203041863536
13,1515,1528,0.15356490187273827
13,1494,1507,0.15356768209526078
14,1496,1510,0.15357036521422562
14,1491,1505,0.15356978171395702
15,1496,1511,0.1535682894862585
15,1500,1515,0.15356408953474357
15,1493,1508,0.15356047318853452
15,1501,1516,0.1535573636259486
15,1496,1511,0.15355469393158813
15,1481,1496,0.15355240582807286
15,1491,1506,0.15355044856987754
15,1498,1513,0.15354877797854327
14,1503,1517,0.15354684417175488
13,1505,1518,0.1535476224869201
12,1510,1522,0.15355092266134207
12,1498,1510,0.1535559678795951
11,1495,1506,0.15356090977810907
12,1488,1500,0.1535681692758937
13,1501,1514,0.15357245421256496
13,1508,1521,0.15357349358339717
13,1496,1509,0.1535747232171894
12,1508,1520,0.15357610048657755
13,1511,1524,0.1535802848702214
15,1515,1530,0.15358121610000133
16,1515,1531,0.15357583824373416
15,1517,1532,0.15356802192516603
15,1512,1527,0.1535635617086201
14,1500,1514,0.1535597563114413
14,1515,1529,0.15355888902503106
13,1502,1515,0.15355836600224823
13,1500,1513,0.15356053186581844
13,1508,1521,0.15356278482791993
13,1517,1530,0.1535650903584263
13,1507,1520,0.15356741988322958
14,1508,1522,0.15356974991680652
14,1497,1511,0.15356930402826158
14,1512,1526,0.1535690444123686
14,1510,1524,0.1535689397311474
13,1505,1518,0.1535689630820459
13,1505,1518,0.15357145771962985
13,1491,1504,0.15357389440835603
13,1496,1509,0.15357626438202876
12,1494,1506,0.15357779691863963
11,1500,1511,0.15358197804533963
9,1480,1489,0.15358776284038528
9,1495,1504,0.15359917692657724
9,1511,1520,0.15360991374304667
9,1504,1513,0.15362001020999122
8,1503,1511,0.1536295017193354
9,1514,1523,0.1536408143021161
10,1512,1522,0.15364839803650138
10,1512,1522,0.15365238903700992
10,1507,1517,0.1536563159468448
10,1516,1526,0.1536601590770254
9,1521,1530,0.1536639030171915
9,1518,1527,0.15366995486313687
9,1511,1520,0.15367573964526804
9,1518,1527,0.1536812598784698
9,1518,1527,0.15368651975147823
9,1525,1534,0.15369152478395795
9,1517,1526,0.15369628153618803
10,1508,1518,0.15370015678174773
11,1518,1529,0.15370147115920707
10,1511,1521,0.15369997142523809
10,1513,1523,0.15370113816653283
10,1496,1506,0.1537023752750032
9,1497,1506,0.15370366018903892
9,1503,1512,0.1537076435568076
9,1499,1508,0.15371144596184194
8,1510,1518,0.15371507016428992
8,1505,1513,0.1537209614641544
8,1495,1503,0.15372653350661034
8,1508,1516,0.15373179994258612
8,1502,1510,0.15373677438935007
8,1503,1511,0.1537414703258647
8,1500,1508,0.15374590100857588
6,1489,1495,0.15374924161620648
6,1492,1498,0.1537573138608675
8,1501,1509,0.1537649953891055
9,1509,1518,0.15376597442498677
8,1507,1515,0.1537638934921642
8,1500,1508,0.1537647515771844
8,1507,1515,0.1537658547756411
8,1522,1530,0.15376714958609725
8,1525,1533,0.15376859078817584
9,1509,1518,0.15377014028233574
10,1510,1520,0.15376856262219282
10,1500,1510,0.15376410044577243
10,1499,1509,0.15376023025105032
11,1501,1512,0.1537568760814695
11,1495,1506,0.15375074320836696
10,1496,1506,0.15374530015343038
10,1503,1513,0.1537429759643025
10,1509,1519,0.15374102272711918
10,1499,1509,0.1537393885095298
10,1497,1507,0.15373802831016167
12,1496,1508,0.15373690315099015
13,1500,1513,0.15372951444856217
14,1501,1515,0.15371972236164383
13,1504,1517,0.15370766122727994
13,1502,1515,0.15369927559327348
13,1508,1521,0.15369177917580848
13,1499,1512,0.1536850703946924
13,1505,1518,0.15367905987615474
13,1500,1513,0.15367366893812687
13,1488,1501,0.15366882826727346
14,1499,1513,0.15366447676319672
12,1498,1510,0.15365742607054816
12,1502,1514,0.15365608155074204
12,1502,1514,0.15365500920155017
13,1501,1514,0.1536541673881767
13,1509,1522,0.15365092636493066
14,1515,1529,0.15364803920925602
14,1508,1522,0.15364231279816457
13,1500,1513,0.15363715440245893
13,1510,1523,0.15363494379484816
13,1520,1533,0.1536330377134496
14,1515,1529,0.15363139701576578
15,1505,1520,0.1536267739407751
15,1490,1505,0.15361952461835632
15,1492,1507,0.15361300906047112
15,1509,1524,0.15360714786786503
15,1507,1522,0.1536018706694903
15,1507,1522,0.1535971150601717
15,1511,1526,0.15359282566616006
15,1515,1530,0.15358811714977036
14,1510,1524,0.15358393257773642
14,1514,1528,0.15358261963461664
14,1506,1520,0.15358156794085864
14,1516,1530,0.15358073864586308
15,1503,1518,0.15358009819424986
15,1516,1531,0.15357641625404508
16,1513,1529,0.153573163604848
16,1515,1531,0.15356701989657323
17,1502,1519,0.15356151357598521
17,1499,1516,0.15355339270698695
17,1499,1516,0.1535453083107173
14,1495,1509,0.15353808453521758
13,1484,1497,0.15353898543504918
13,1497,1510,0.15354248001246
13,1489,1502,0.15354598247584503
14,1492,1506,0.15354946202635125
14,1489,1503,0.1535501200638295
15,1499,1514,0.15355092745567
15,1499,1514,0.1535485999739799
14,1502,1516,0.15354581300530806
14,1493,1507,0.15354605017722064
14,1500,1514,0.15354587015226687
14,1505,1519,0.15354580714065913
14,1491,1505,0.15354609040027642
14,1502,1516,0.1535466258296415
16,1491,1507,0.15354741664999436
16,1499,1515,0.15354236875934565
16,1499,1515,0.1535379795030619
17,1498,1515,0.15353416683415072
17,1505,1522,0.1535276702751281
16,1494,1510,0.1535219145438676
16,1500,1516,0.1535191424895641
16,1497,1513,0.15351680777537888
16,1505,1521,0.15351485139263019
16,1503,1519,0.15351322183794697
16,1504,1520,0.1535118741824755
15,1509,1524,0.15351076925527415
15,1501,1516,0.15351226840362553
15,1504,1519,0.15351380058184133
14,1503,1517,0.15351450511361084
14,1497,1511,0.1535177804412834
15,1491,1506,0.15352101248164504
14,1499,1513,0.15352165631135267
14,1487,1501,0.15352480519618925
14,1490,1504,0.15352788653425667
12,1494,1506,0.15353088709069085
13,1493,1506,0.15353862542705787
13,1495,1508,0.15354278873909166
12,1500,1512,0.15354686300856338
12,1505,1517,0.15355314671834816
12,1497,1509,0.1535591710465064
10,1504,1514,0.15356493381403447
10,1508,1518,0.15357510108792216
10,1486,1496,0.153584721008964
10,1506,1516,0.15359381504868078
10,1505,1515,0.15360240511544493
10,1509,1519,0.15361051328356554
10,1501,1511,0.15361816157230682
10,1505,1515,0.15362537176727445
10,1511,1521,0.15363216527767443
10,1510,1520,0.1536385630238727
10,1494,1504,0.15364458535047756
10,1503,1513,0.15365025196085402
10,1495,1505,0.15365558186957004
10,1500,1510,0.15366059336978366
10,1518,1528,0.1536653040130187
10,1520,1530,0.15366887661754042
9,1514,1523,0.15367233493785964
11,1518,1529,0.1536781290187986
12,1524,1536,0.15367732233345205
13,1510,1523,0.15367371567213137
14,1505,1519,0.15366752228815878
14,1504,1518,0.1536589201546044
14,1512,1526,0.15365128518598245
13,1501,1514,0.15364450562723217
12,1507,1519,0.15364090474540026
12,1511,1523,0.1536404275864849
12,1505,1517,0.15364001206113426
12,1498,1510,0.15363986256231704
12,1500,1512,0.1536399334673894
12,1510,1522,0.15364018556598175
13,1505,1518,0.1536405852166385
12,1502,1514,0.15363791594891513
12,1497,1509,0.153638075983479
12,1503,1515,0.15363843265783594
12,1505,1517,0.15363895058930135
12,1514,1526,0.1536395992517708
12,1505,1517,0.15364035236336285
12,1502,1514,0.153641187348939
11,1486,1497,0.15364208486842826
11,1492,1503,0.15364451350475988
12,1511,1523,0.15364697286578002
12,1516,1528,0.15364638164704547
12,1512,1524,0.15364604269103885
12,1506,1518,0.15364591225235252
11,1505,1516,0.15364595293798758
12,1501,1513,0.15364891861468613
12,1507,1519,0.15364916246120072
10,1502,1512,0.15364950714250247
9,1497,1506,0.15365452208115044
9,1494,1503,0.15366163936792854
9,1489,1498,0.1536683954207285
10,1501,1511,0.15367480157805932
10,1506,1516,0.15367789155536676
9,1504,1513,0.15368091321625563
8,1515,1523,0.15368629282941096
9,1520,1529,0.1536939545303642
9,1511,1520,0.15369862966771883
9,1495,1504,0.15370309721778888
9,1499,1508,0.1537073590051448
9,1505,1514,0.15371058612425909
9,1510,1519,0.1537137666193616
9,1511,1520,0.15371688281124926
9,1502,1511,0.15371992085364272
9,1507,1516,0.153722870132868
10,1514,1524,0.1537257227527207
11,1504,1515,0.15372571985071257
10,1501,1511,0.15372260968638118
10,1510,1520,0.15372238075800138
9,1518,1527,0.15372233256312856
9,1513,1522,0.15372489121829327
9,1505,1514,0.15372742156467795
9,1511,1520,0.15372990934983213
8,1506,1514,0.1537323431963331
9,1513,1522,0.15373701731203307
8,1509,1517,0.1537391042243329
8,1506,1514,0.1537436719252633
8,1499,1507,0.15374801675994626
8,1501,1509,0.15375214576855872
7,1507,1514,0.15375606634175717
9,1494,1503,0.15376222047187393
9,1495,1504,0.15376239540824688
9,1491,1500,0.1537626932452176
10,1504,1514,0.15376309117550963
10,1508,1518,0.1537605024898208
11,1513,1524,0.1537582609413971
12,1502,1514,0.1537530982090485
12,1495,1507,0.15374542706359853
11,1492,1503,0.15373786269029677
11,1496,1507,0.1537340303700492
10,1500,1510,0.15373075034884948
10,1504,1514,0.15373072878938382
10,1494,1504,0.15373084717038304
10,1500,1510,0.15373028959949278
11,1508,1519,0.15372997839926733
11,1510,1521,0.15372697917970551
11,1501,1512,0.15372440630000828
10,1503,1513,0.15372220569589234
11,1511,1522,0.15372318443613678
11,1505,1516,0.15372132815357273
11,1514,1525,0.15371974588434928
10,1499,1509,0.153718402446122
10,1499,1509,0.15371977971332978
10,1510,1520,0.15372117217682427
11,1511,1522,0.15372256690466435
10,1507,1517,0.1537207302595981
11,1498,1509,0.15372158746032352
11,1513,1524,0.1537200495024665
11,1513,1524,0.15371874312185285
11,1508,1519,0.15371763734001515
11,1494,1505,0.15371670517095587
12,1505,1517,0.15371592311150792
12,1496,1508,0.15371204579419787
12,1509,1521,0.15370857827100773
12,1519,1531,0.15370547406662968
12,1509,1521,0.153702692251162
11,1504,1515,0.15370019675565402
12,1486,1498,0.1537004487373147
12,1507,1519,0.1536975527285561
11,1505,1516,0.15369501010114828
11,1516,1527,0.15369521680899645
11,1501,1512,0.1536955451607562
11,1509,1520,0.15369597010225713
11,1501,1512,0.15369665849968875
11,1506,1517,0.15369737320211407
11,1509,1520,0.15369810411774099
11,1501,1512,0.153698842838926
10,1501,1511,0.15369958240364984
10,1503,1513,0.15370259803845054
10,1496,1506,0.15370546255941536
10,1491,1501,0.1537081794359433
10,1506,1516,0.15371075278327115
10,1508,1518,0.1537130591985577
10,1514,1524,0.15371527361715628
10,1505,1515,0.15371739539330836
10,1498,1508,0.15371942471689415
10,1515,1525,0.1537213624613096
10,1519,1529,0.1537232100534959
10,1511,1521,0.15372496936312607
10,1503,1513,0.1537266426083485
8,1500,1508,0.15372823227582688
7,1508,1515,0.15373429149975087
6,1518,1524,0.15374226430635432
5,1515,1520,0.15375208904384352
5,1511,1516,0.15376375960245212
5,1496,1501,0.15377471911951007
5,1513,1518,0.15378500889097163
5,1508,1513,0.15379466809427736
5,1517,1522,0.15380373385732063
5,1502,1507,0.15381224133149624
5,1500,1505,0.1538202237674873
5,1497,1502,0.15382771259266978
5,1508,1513,0.15383473748920737
4,1518,1522,0.15384132647207183
4,1518,1522,0.1538499557098939
3,1522,1525,0.15385805313148043
3,1517,1520,0.1538678937897158
3,1521,1524,0.15387713333919553
2,1503,1505,0.15388580800475699
2,1506,1508,0.1538962486534088
2,1505,1507,0.1539060540962972
2,1511,1513,0.1539152629055509
2,1509,1511,0.15392391131912098
2,1519,1521,0.15393203338112793
2,1522,1524,0.15393966107387352
2,1520,1522,0.15394682444200028
2,1511,1513,0.15395355170925545
2,1509,1511,0.15395986938828993
2,1514,1516,0.15396580238390023
2,1514,1516,0.15397137409009687
2,1505,1507,0.15397660648136263
3,1510,1513,0.15398152019844197
3,1505,1508,0.1539829335966629
3,1503,1506,0.15398436018443878
3,1502,1505,0.15398578654106046
3,1505,1508,0.15398720168410346
3,1507,1510,0.1539885967110846
3,1508,1511,0.15398996449025898
3,1492,1495,0.15399129939399367
3,1499,1502,0.15399259706902468
3,1505,1508,0.15399385423865464
3,1514,1517,0.1539950685326032
3,1512,1515,0.1539962383407914
3,1509,1512,0.1539973626878315
3,1494,1497,0.15399844112542455
3,1502,1505,0.15399947364023758
3,1520,1523,0.15400046057515637
3,1523,1526,0.15400140256208772
3,1517,1520,0.15400230046473154
4,1507,1511,0.1540031553299501
4,1517,1521,0.15400073777874845
4,1504,1508,0.15399857819230067
4,1510,1514,0.1539966469300975
4,1511,1515,0.15399491793637168
5,1511,1516,0.15399336829212204
5,1522,1527,0.15398878948672937
5,1526,1531,0.1539846463293777
5,1519,1524,0.15398089396415715
6,1515,1521,0.15397749244252246
6,1512,1518,0.1539712185547403
6,1507,1513,0.15396552382879383
6,1499,1505,0.1539603496173856
6,1504,1510,0.15395564366974235
6,1504,1510,0.153951359396003
6,1509,1515,0.15394745521923617
5,1506,1511,0.15394389400440617
5,1517,1522,0.15394316785458875
6,1510,1516,0.1539425570314305
7,1505,1512,0.15393939048722946
7,1522,1529,0.1539332712205967
6,1529,1535,0.15392770179335508
6,1513,1519,0.15392496880184303
6,1517,1523,0.15392254038703052
7,1520,1527,0.15392038188545712
7,1520,1527,0.15391530736533393
7,1516,1523,0.15391073936850128
6,1505,1511,0.1539066240925063
5,1501,1506,0.15390529003363462
5,1482,1487,0.15390661939515865
4,1491,1495,0.15390797268801723
4,1509,1513,0.15391189657011342
4,1506,1510,0.1539156357762207
4,1507,1511,0.15391919437808785
5,1501,1506,0.15392257714054275
4,1508,1512,0.15392256164245455
4,1489,1493,0.1539258049352932
4,1505,1509,0.15392887789405438
4,1510,1514,0.15393178724900167
4,1510,1514,0.15393453980204982
3,1513,1516,0.15393714235925338
3,1512,1515,0.15394206780828842
3,1528,1531,0.15394669646450407
3,1516,1519,0.15395104528690787
3,1528,1531,0.15395513040680486
3,1524,1527,0.15395896714625276
3,1514,1517,0.15396257004002684
3,1526,1529,0.15396595286023332
4,1501,1505,0.1539691286428519
4,1507,1511,0.15396894467623373
4,1505,1509,0.15396887057620334
5,1511,1516,0.1539688872934498
5,1513,1518,0.15396576830557399
5,1523,1528,0.1539626199618891
5,1524,1529,0.15395985474541615
5,1524,1529,0.15395742452499164
5,1519,1524,0.1539552873315325
5,1523,1528,0.1539534065602458
6,1531,1537,0.1539517502768261
6,1535,1541,0.15394707921268425
6,1514,1520,0.15394287962274322
7,1505,1512,0.1539390996608173
7,1508,1515,0.1539324317627967
5,1492,1497,0.15392640047900474
5,1494,1499,0.15392594480505928
5,1507,1512,0.15392566564200647
6,1508,1514,0.15392553161596495
6,1507,1513,0.15392228863639307
6,1511,1517,0.15391944013895567
8,1516,1524,0.1539169359972174
8,1512,1520,0.1539086547388061
7,1511,1518,0.1539011679314297
7,1509,1516,0.15389714326899676
7,1511,1518,0.15389353892971577
7,1507,1514,0.15389030650732827
7,1513,1520,0.15388740353196936
7,1516,1523,0.15388479271534986
7,1508,1515,0.15388244129382772
7,1517,1524,0.15388032045653666
7,1512,1519,0.15387840484743226
7,1510,1517,0.15387667213158576
7,1513,1520,0.15387510261732593
8,1511,1519,0.15387367892693937
8,1512,1520,0.15386918791851822
8,1505,1513,0.15386441765594083
8,1504,1512,0.15386014819696714
8,1503,1511,0.15385632296023677
7,1519,1526,0.15385289208077083
8,1512,1520,0.15385229553239976
8,1508,1516,0.15384866431288802
8,1501,1509,0.15384546416879974
8,1516,1524,0.15384264350544427
9,1495,1504,0.1538401569939464
9,1507,1516,0.15383486012198944
8,1501,1509,0.15383011238996938
8,1502,1510,0.1538282694492166
8,1493,1501,0.15382670953490632
8,1498,1506,0.1538253937752648
7,1510,1517,0.1538242884246711
7,1509,1516,0.15382580338171145
7,1510,1517,0.15382732455373666
8,1512,1520,0.15382883879764808
8,1513,1521,0.1538270931187605
8,1513,1521,0.15382562208326125
8,1513,1521,0.1538243875318435
8,1511,1519,0.15382335637879796
8,1502,1510,0.1538224999482646
8,1505,1513,0.15382179339687332
6,1495,1501,0.15382038383424199
5,1500,1505,0.15382404693046867
4,1495,1499,0.15383004780039053
4,1509,1513,0.15383821599767666
4,1509,1513,0.1538459882887967
4,1517,1521,0.15385308669011746
4,1512,1516,0.1538598745326318
4,1496,1500,0.15386635407632446
5,1508,1513,0.1538725296741556
4,1510,1514,0.15387534158400065
4,1514,1518,0.15388066936632858
4,1508,1512,0.1538858055795747
4,1501,1505,0.15389074532381536
4,1487,1491,0.15389548606486625
4,1497,1501,0.15390002723167265
5,1505,1510,0.1539043698706305
5,1507,1512,0.1539053752919103
5,1507,1512,0.1539064800213199
5,1516,1521,0.15390765889949978
5,1515,1520,0.15390889059585383
5,1511,1516,0.1539101570972615
5,1513,1518,0.15391144326182793
5,1514,1519,0.15391273642955597
5,1513,1518,0.15391402608282914
5,1518,1523,0.1539153035504779
5,1515,1520,0.1539165617499726
5,1526,1531,0.1539177949629639
5,1508,1513,0.1539189986399842
5,1509,1514,0.1539201692306439
5,1514,1519,0.15392130403611007
5,1513,1518,0.15392240108105637
5,1510,1515,0.15392345900262064
5,1508,1513,0.15392447695421374
4,1499,1503,0.15392545452229212
3,1509,1512,0.15392873244535063
2,1506,1508,0.153934187936884
2,1505,1507,0.15394166511278023
1,1503,1504,0.1539486943575593
1,1509,1510,0.15395770425073974
1,1502,1503,0.15396616761020904
1,1505,1506,0.15397411709378742
1,1516,1517,0.15398158347804217
1,1510,1511,0.1539885957568204
1,1506,1507,0.15399518123603353
1,1517,1518,0.15400136562461458
1,1520,1521,0.1540071731216144
1,1537,1538,0.1540126264994422
1,1525,1526,0.154017747183285
1,1518,1519,0.15402255532676778
1,1511,1512,0.1540270698839329
1,1503,1504,0.1540313086776348
1,1499,1500,0.15403528846445777
1,1496,1497,0.15403902499627087
1,1496,1497,0.1540425330785429
1,1505,1506,0.15404582662554303
1,1516,1517,0.15404891871255424
1,1513,1514,0.15405182162522849
1,1519,1520,0.1540545469062118
1,1516,1517,0.1540571053991656
1,1523,1524,0.1540595072903085
1,1517,1518,0.1540617621476005
1,1520,1521,0.1540638789576874
1,1506,1507,0.15406586616072024
1,1508,1509,0.15406773168316032
1,1512,1513,0.15406948296867662
1,1525,1526,0.15407112700723727
1,1519,1520,0.15407267036249395
1,1519,1520,0.15407411919755273
1,1532,1533,0.1540754792992206
1,1535,1536,0.15407675610081373
1,1534,1535,0.15407795470360777
1,1515,1516,0.1540790798970086
1,1524,1525,0.1540801361775157
1,1533,1534,0.1540811277665489
1,1517,1518,0.154082058627203
1,1511,1512,0.15408293247999433
1,1524,1525,0.15408375281765693
1,1530,1531,0.15408452291904484
1,1525,1526,0.15408524586219355
1,1518,1519,0.15408592453658934
1,1515,1516,0.15408656165469517
1,1512,1513,0.15408715976277546
1,1523,1524,0.15408772125106387
1,1519,1520,0.15408824836331142
1,1521,1522,0.1540887432057534
1,1528,1529,0.15408920775552953
1,1529,1530,0.154089643868591
1,1522,1523,0.15409005328712377
1,1524,1525,0.15409043764651972
1,1519,1520,0.15409079848192073
1,1512,1513,0.1540911372343633
1,1514,1515,0.15409145525654716
1,1518,1519,0.15409175381825052
1,1529,1530,0.15409203411141448
1,1528,1529,0.15409229725491547
1,1532,1533,0.15409254429904562
1,1537,1538,0.15409277622971884
1,1532,1533,0.15409299397241863
1,1531,1532,0.15409319839590435
1,1514,1515,0.15409339031568994
1,1520,1521,0.15409357049730982
1,1519,1520,0.15409373965938364
1,1516,1517,0.15409389847649402
1,1513,1514,0.15409404758188727
1,1512,1513,0.15409418757000826
1,1506,1507,0.15409431899888015
1,1512,1513,0.15409444239233813
1,1521,1522,0.15409455824212565
1,1509,1510,0.1540946670098625
1,1503,1504,0.15409476912889195
1,1519,1520,0.15409486500601446
1,1519,1520,0.15409495502311527
1,1517,1518,0.15409503953869164
2,1498,1500,0.15409511888928695
2,1501,1503,0.15409196554613502
2,1512,1514,0.15408910578646906
2,1521,1523,0.15408650890914302
3,1520,1523,0.15408414772499093
3,1527,1530,0.15407877126897887
3,1524,1527,0.15407388303921762
3,1517,1520,0.1540694331049727
3,1520,1523,0.15406537716405855
3,1522,1525,0.15406167586403344
3,1523,1526,0.1540582942087675
3,1516,1519,0.15405520103937706
3,1522,1525,0.1540523685799599
3,1518,1521,0.15404977203981357
3,1531,1534,0.1540473892649049
3,1531,1534,0.15404520043230072
3,1531,1534,0.15404318778208761
3,1518,1521,0.1540413353820192
3,1523,1526,0.15403962892074616
3,1512,1515,0.15403805552602165
3,1512,1515,0.15403660360473936
3,1503,1506,0.1540352627020669
3,1510,1513,0.15403402337729039
3,1508,1511,0.15403287709428973
3,1492,1495,0.1540318161248332
3,1505,1508,0.15403083346310845
3,1512,1515,0.1540299227501114
3,1514,1517,0.15402907820668765
3,1517,1520,0.15402829457417375
3,1517,1520,0.1540275670617206
3,1508,1511,0.15402689129949365
3,1505,1508,0.1540262632970484
3,1509,1512,0.15402567940626535
3,1522,1525,0.15402513628830647
3,1512,1515,0.15402463088412122
3,1511,1514,0.15402416038808892
3,1504,1507,0.15402372222443433
3,1499,1502,0.15402331402609892
3,1490,1493,0.15402293361578728
3,1491,1494,0.15402257898894392
3,1507,1510,0.1540222482984441
3,1499,1502,0.15402193984080764
4,1513,1517,0.15402165204376966
4,1514,1518,0.15401815194736287
5,1512,1517,0.15401496856855015
5,1516,1521,0.15400893150096467
5,1502,1507,0.15400344150395576
5,1502,1507,0.15399844363404003
5,1498,1503,0.15399388894498003
5,1510,1515,0.15398973379385322
5,1513,1518,0.1539859392304479
5,1512,1517,0.15398247045975236
5,1511,1516,0.15397929636857943
5,1513,1518,0.1539763891084807
5,1514,1519,0.1539737237280786
5,1514,1519,0.15397127784879813
5,1514,1519,0.15396903137872364
5,1515,1520,0.15396696625995884
5,1523,1528,0.15396506624543937
5,1532,1537,0.15396331670164642
5,1523,1528,0.15396170443410603
5,1508,1513,0.15396021753294284
4,1489,1493,0.15395884523609196
4,1503,1507,0.15395994376466915
4,1505,1509,0.15396099272715247
4,1504,1508,0.15396199207909678
4,1503,1507,0.15396294223959128
4,1510,1514,0.1539638439983592
4,1506,1510,0.1539646984372708
4,1515,1519,0.15396550686423013
4,1515,1519,0.1539662707576729
4,1510,1514,0.15396699172015246
4,1519,1523,0.15396767143969814
4,1510,1514,0.15396831165781177
4,1500,1504,0.1539689141431232
4,1520,1524,0.15396948066986219
4,1511,1515,0.15397001300041985
4,1519,1523,0.15397051287137561
4,1502,1506,0.15397098198245293
4,1509,1513,0.1539714219879425
4,1513,1517,0.15397183449019836
4,1516,1520,0.1539722210348677
3,1520,1523,0.15397258310756567
3,1496,1499,0.15397530444667848
2,1511,1513,0.15397785971017405
1,1512,1513,0.15398267677902988
1,1514,1515,0.15398959275088484
1,1527,1528,0.15399608925834454
1,1525,1526,0.15400219152044617
1,1531,1532,0.15400792327423468
1,1529,1530,0.1540133068567253
1,1518,1519,0.15401836328310106
1,1527,1528,0.15402311232119867
0,1520,1520,0.1540275725623554
