1378,29,1407,0.135795780951133
1417,29,1446,0.1329196941889556
1442,30,1472,0.1301944704719949
1448,31,1479,0.12764733837580627
1465,32,1497,0.1253136081139639
1472,33,1505,0.12314432750432219
1460,32,1492,0.12115411799969733
1473,32,1505,0.11937791849905181
1463,32,1495,0.11772918477963577
1469,32,1501,0.11625614279325781
1460,33,1493,0.11490211299718293
1466,34,1500,0.11369430098563713
1473,33,1506,0.11258302630133031
1471,32,1503,0.1115549757205514
1467,34,1501,0.11062543463174201
1463,34,1497,0.1097885148975959
1462,34,1496,0.10903755488495691
1464,34,1498,0.10835927301906985
1456,33,1489,0.10773855766352128
1470,31,1501,0.10719153270916403
1467,33,1500,0.10666277684168786
1466,33,1499,0.10618997728426022
1480,33,1513,0.1057608909859011
1480,33,1513,0.10533777594655676
1472,31,1503,0.10495273560283767
1463,30,1493,0.10461928983579069
1457,31,1488,0.1043376970108244
1457,32,1489,0.10409548398096255
1463,32,1495,0.1038764986666516
1469,33,1502,0.10366206197557634
1468,35,1503,0.10345570853031683
1470,35,1505,0.10326868872209984
1457,34,1491,0.10309473010187112
1453,33,1486,0.1029663857133579
1458,34,1492,0.10285916561052329
1471,38,1509,0.10275212310430167
1467,38,1505,0.10262493740791807
1475,38,1513,0.10251842143042626
1463,40,1503,0.10240442206520775
1453,41,1494,0.10232760482007702
1435,42,1477,0.102278188718332
1448,42,1490,0.1022739356253553
1448,39,1487,0.10224177530736707
1444,42,1486,0.1022142846845399
1435,41,1476,0.10219647193142269
1444,44,1488,0.10220155442809094
1436,45,1481,0.10218706171495556
1438,45,1483,0.10219325311112609
1446,44,1490,0.10219498859156934
1438,44,1482,0.10217869084776457
1444,50,1494,0.10218172959498721
1451,48,1499,0.1021745232331331
1444,47,1491,0.10215312788385926
1443,45,1488,0.10214910137942106
1434,47,1481,0.10214848011081543
1439,46,1485,0.10216850914144622
1441,50,1491,0.10217602121470616
1435,51,1486,0.10217909314948166
1447,49,1496,0.10219396970188738
1443,51,1494,0.10217906361836793
1433,52,1485,0.10217487135977993
1431,53,1484,0.10219601081798597
1433,56,1489,0.10222002646497835
1429,54,1483,0.10223847593813545
1441,55,1496,0.10226289578089258
1440,57,1497,0.1022595287808463
1428,59,1487,0.10225842389557005
1425,59,1484,0.10228455625753195
1444,62,1506,0.10231777270980702
1436,63,1499,0.1023065507014105
1435,64,1499,0.10231623740672319
1434,63,1497,0.10232759158185674
1428,65,1493,0.1023405578751976
1438,62,1500,0.10236793873842508
1438,63,1501,0.10237005202271661
1453,65,1518,0.10237171707816013
1439,62,1501,0.1023390720046165
1431,61,1492,0.10233997440046633
1435,60,1495,0.10235813624737183
1430,60,1490,0.10236359208541224
1431,63,1494,0.10237970040671968
1441,64,1505,0.10239411290387235
1436,62,1498,0.10238366668878054
1437,62,1499,0.10238728243449273
1431,61,1492,0.10238635580897054
1440,63,1503,0.10239926957426049
1439,62,1501,0.10238893961669787
1434,64,1498,0.1023844937596423
1441,65,1506,0.10239211322963639
1431,66,1497,0.10238355972540301
1428,67,1495,0.10239817737015022
1430,68,1498,0.10241904862358328
1427,68,1495,0.10243450119467246
1428,68,1496,0.10245633100518652
1430,69,1499,0.10247487398426319
1425,68,1493,0.1024859539967736
1421,69,1490,0.10250584172045844
1421,69,1490,0.10253249211136435
1414,71,1485,0.10255818566715803
1431,70,1501,0.10259678574173367
1418,67,1485,0.10259494590452446
1417,67,1484,0.10262130669020869
1422,68,1490,0.10264675358010117
1422,69,1491,0.10266038227368474
1423,71,1494,0.1026746159218289
1428,70,1498,0.10268689488761366
1427,75,1502,0.1026888985233096
1430,74,1504,0.10269147496855567
1425,75,1500,0.10268605293664619
1435,77,1512,0.10269351966109015
1430,78,1508,0.10267842151253957
1432,76,1508,0.10267512622913859
1418,80,1498,0.10266853982155988
1422,77,1499,0.10269471618333195
1424,80,1504,0.10270620433563213
1416,83,1499,0.10271310615131903
1416,86,1502,0.1027369040453368
1413,85,1498,0.10276055345273781
1407,86,1493,0.10278761014212953
1400,81,1481,0.10282636360190286
1411,77,1488,0.10288031186454458
1392,78,1470,0.10290580411748644
1398,78,1476,0.1029710553607908
1403,75,1478,0.1030157857961974
1400,73,1473,0.10304652601375185
1409,71,1480,0.10308144364566575
1409,74,1483,0.10309252806605944
1415,74,1489,0.10310287684258583
1410,79,1489,0.10309863399927618
1415,80,1495,0.1031065846934057
1411,80,1491,0.10310260574675258
1416,80,1496,0.10310738078170985
1425,80,1505,0.10310175407523965
1422,80,1502,0.10307509845569897
1413,82,1495,0.10305535229027112
1409,81,1490,0.10305597100230396
1408,82,1490,0.10306715530114018
1415,87,1502,0.10307984955245572
1415,85,1500,0.1030751740480298
1414,79,1493,0.10307189817056742
1432,82,1514,0.10307110204379896
1426,80,1506,0.10302810958245909
1428,84,1512,0.10300392967150547
1425,83,1508,0.10297959558829378
1416,85,1501,0.10296334052430132
1421,81,1502,0.10296802429279502
1411,79,1490,0.10296209680024213
1406,79,1485,0.10297855385426466
1413,79,1492,0.10300588252907077
1421,80,1501,0.10301368915599757
1410,81,1491,0.1030046765772608
1403,82,1485,0.10302174612013411
1410,88,1498,0.10305488803362474
1404,85,1489,0.10306962315336117
1399,87,1486,0.10309675583145918
1405,86,1491,0.10313289535650828
1398,90,1488,0.10315041948706163
1391,93,1484,0.10318208185544986
1402,92,1494,0.10322823064645427
1408,94,1502,0.10324756057700134
1395,97,1492,0.10325275220868686
1397,100,1497,0.10328537720512529
1402,98,1500,0.10331271704422385
1405,96,1501,0.10332697021760666
1394,100,1494,0.10333416841406709
1390,99,1489,0.1033659897299421
1396,100,1496,0.10340384545745357
1390,99,1489,0.10342597299557817
1386,100,1486,0.10346091515591038
1392,103,1495,0.10350310617683299
1389,102,1491,0.10352841194522087
1391,103,1494,0.10355628367100773
1389,104,1493,0.10357881391241378
1397,104,1501,0.10360552414487768
1389,105,1494,0.10361055392506578
1390,105,1495,0.10363520083077858
1388,106,1494,0.10365723380299402
1391,109,1500,0.10368077029505236
1387,109,1496,0.10369710031538784
1371,111,1482,0.10372137730068191
1367,106,1473,0.10377923884468199
1370,106,1476,0.10383898638358881
1363,109,1472,0.10389018306475933
1383,106,1489,0.10395279765846466
1395,107,1502,0.10396485614386643
1387,109,1496,0.10394966377915539
1380,109,1489,0.10395139248339504
1380,107,1487,0.10397009687899518
1377,109,1486,0.1039880977346153
1389,108,1497,0.10400895021098744
1388,109,1497,0.10400446905023855
1372,109,1481,0.10400352137086624
1370,110,1480,0.10403879378136452
1381,110,1491,0.10407428496402421
1372,111,1483,0.10408023267274018
1359,112,1471,0.1041062721231604
1364,116,1480,0.10415919883296378
1378,115,1493,0.1041987981238945
1377,114,1491,0.10420374751660753
1379,118,1497,0.1042098853578056
1380,119,1499,0.10421264074279525
1373,121,1494,0.10421413353942956
1376,119,1495,0.10423013789672651
1379,115,1494,0.10423626152340805
1375,114,1489,0.10423665229356142
1374,114,1488,0.10424757177109516
1365,114,1479,0.10425987893291283
1379,119,1498,0.10429142848580807
1373,122,1495,0.10429058439729584
1366,121,1487,0.10430403520350456
1368,120,1488,0.10433209613171765
1365,117,1482,0.10435537535126649
1362,115,1477,0.10438174125663428
1382,119,1501,0.1044134701895977
1380,119,1499,0.10439857329057453
1377,115,1492,0.10438818472241816
1374,115,1489,0.10438713437010375
1368,113,1481,0.10438992898218886
1373,114,1487,0.10440713347775041
1383,111,1494,0.10441170462671177
1389,114,1503,0.10439504495767124
1393,116,1509,0.10436582097170753
1402,117,1519,0.10432845292681261
1399,118,1517,0.10427359401525141
1403,117,1520,0.10423048012982945
1402,117,1519,0.10418335857701039
1389,116,1505,0.10414296604480512
1366,117,1483,0.10413437986177694
1367,117,1484,0.10418024700201801
1371,114,1485,0.10422152605771816
1379,111,1490,0.10425048479583147
1378,112,1490,0.10425828269995639
1384,113,1497,0.10426781961773844
1395,112,1507,0.1042604825564602
1389,112,1501,0.10422961750821713
1385,114,1499,0.10421363163542115
1390,112,1502,0.10420574370643935
1395,111,1506,0.10418611784365309
1380,108,1488,0.10415726543030043
1379,112,1491,0.10416415881026357
1376,114,1490,0.10417510604013971
1377,115,1492,0.1041904365501918
1378,114,1492,0.10420286545863135
1368,116,1484,0.1042117607585633
1371,114,1485,0.10424410112889229
1380,113,1493,0.10426725036043653
1367,116,1483,0.10426701984090027
1356,114,1470,0.10429556512443723
1348,117,1465,0.10434380530589583
1354,119,1473,0.10440631461932441
1363,119,1482,0.10445189304561955
1366,123,1489,0.10447506338990933
1368,121,1489,0.10448937075273708
1372,121,1493,0.10449734394297686
1374,122,1496,0.10449545039728383
1374,124,1498,0.10448822335967092
1379,122,1501,0.10448178414699026
1375,125,1500,0.10446506542490173
1374,126,1500,0.10445770940582796
1381,125,1506,0.10445461591823087
1377,123,1500,0.10443616361995463
1384,119,1503,0.10442832721529598
1384,122,1506,0.10440627347597274
1384,122,1506,0.10438592107094671
1371,122,1493,0.10436897637854906
1379,118,1497,0.1043838954338317
1376,124,1500,0.1043799998284959
1370,128,1498,0.10438373346121754
1382,127,1509,0.10440104925073125
1380,131,1511,0.10438903086738431
1371,135,1506,0.10438346880295864
1351,139,1490,0.10440060977126749
1352,139,1491,0.10446097720227425
1345,137,1482,0.10451496453759691
1352,137,1489,0.10457891215652289
1343,133,1476,0.10462392520913003
1334,132,1466,0.10468735791470951
1347,134,1481,0.10476834178492357
1348,140,1488,0.10481105583357209
1348,141,1489,0.10484580071874033
1352,138,1490,0.10487671068031386
1360,138,1498,0.10489333433679945
1354,135,1489,0.10489180663376726
1351,135,1486,0.10490585512604092
1362,136,1498,0.10492715278857892
1352,139,1491,0.10491978877221289
1350,141,1491,0.10493639037195965
1355,147,1502,0.10495823155915054
1354,144,1498,0.10496590268246393
1347,141,1488,0.10497654485028146
1338,140,1478,0.10500075676551225
1348,146,1494,0.105044119173522
1352,146,1498,0.10505903686824176
1352,143,1495,0.10506355555878816
1343,144,1487,0.10506882484031692
1345,148,1493,0.1050958422703123
1345,154,1499,0.10511672644092375
1350,155,1505,0.10513830878158054
1342,160,1502,0.10514870588048168
1335,158,1493,0.10517659814692099
1327,158,1485,0.10521854894756957
1338,160,1498,0.10527563049925107
1339,163,1502,0.10530456485206006
1331,161,1492,0.1053298671734997
1336,154,1490,0.10537166848649188
1325,151,1476,0.1053959668071251
1336,144,1480,0.10544225065048217
1341,150,1491,0.10545964024701383
1337,149,1486,0.10546387933274641
1347,149,1496,0.10547599542882212
1355,147,1502,0.10546497528444768
1343,147,1490,0.10543555657552343
1342,145,1487,0.10543733407026873
1331,147,1478,0.10544064643388279
1336,151,1487,0.10546953517772113
1337,152,1489,0.10548558561854243
1337,150,1487,0.10549921109981295
1337,154,1491,0.10551088177155812
1324,155,1479,0.10552051836797809
1340,155,1495,0.10555668003321278
1347,157,1504,0.10555571301200757
1351,155,1506,0.10553907800090905
1346,155,1501,0.10551392258612115
1348,157,1505,0.1055016453152987
1344,154,1498,0.1054872387948922
1332,156,1488,0.10548381285838189
1325,156,1481,0.10550700507323764
1341,157,1498,0.10554739968523286
1338,157,1495,0.10554856101431065
1344,155,1499,0.10555740302727959
1342,157,1499,0.10555207037753694
1345,157,1502,0.10554980267704314
1344,153,1497,0.1055418101112986
1342,157,1499,0.10553722447365523
1335,155,1490,0.10553528391936545
1337,165,1502,0.10554848156808795
1327,163,1490,0.10555661551030278
1334,164,1498,0.10558704779528764
1325,164,1489,0.10559991295844612
1329,164,1493,0.10563058403294204
1324,165,1489,0.10565099288610177
1332,165,1497,0.10568160325734179
1336,163,1499,0.10569250558276991
1333,165,1498,0.10569340593615943
1339,162,1501,0.10570008349448906
1335,161,1496,0.1056936541527994
1321,165,1486,0.10569602415197388
1333,169,1502,0.10573064528072149
1324,165,1489,0.1057345624997275
1334,168,1502,0.10575827628795796
1327,171,1498,0.10575813119335031
1320,174,1494,0.10577521442011285
1323,174,1497,0.1058082488441568
1325,174,1499,0.10583372573893979
1321,180,1501,0.10585303771638543
1310,178,1488,0.10587808782467618
1307,179,1486,0.10592765735581282
1307,174,1481,0.1059810339738263
1302,177,1479,0.1060305048379718
1317,179,1496,0.10608948707367126
1305,179,1484,0.10611027033869078
1307,182,1489,0.10615600212219174
1313,177,1490,0.10619072958832312
1314,184,1498,0.10620864894004665
1321,184,1505,0.10622412350364964
1322,179,1501,0.10622505255656142
1315,176,1491,0.10622313276025368
1301,176,1477,0.1062377383929857
1318,175,1493,0.10628239881815588
1321,180,1501,0.1062838248671212
1316,183,1499,0.10627819866337924
1316,184,1500,0.10628365850646997
1324,188,1512,0.10629137993938123
1308,185,1493,0.1062797174344529
1298,184,1482,0.10630534323913014
1304,185,1489,0.10635169746946675
1299,184,1483,0.10638374977978372
1297,185,1482,0.10642234820464733
1303,187,1490,0.10646298064202978
1300,193,1493,0.10648814996771869
1294,198,1492,0.10651640136989482
1286,195,1481,0.10655629159004658
1274,198,1472,0.10661331157530057
1294,196,1490,0.10669423253877226
1300,192,1492,0.10672162012134628
1294,193,1487,0.10672986962102621
1299,195,1494,0.10674941841924791
1301,200,1501,0.10675773817361031
1289,206,1495,0.10676042198811654
1289,206,1495,0.10679391540803149
1293,209,1502,0.10682695831190409
1297,207,1504,0.10684842023277633
1301,208,1509,0.10685790766158096
1313,207,1520,0.10685821416970544
1310,206,1516,0.10683329016388114
1304,209,1513,0.10681695110728046
1281,207,1488,0.10681574039889682
1290,208,1498,0.1068678443286814
1278,212,1490,0.10689753016008424
1293,214,1507,0.10695271336144811
1286,212,1498,0.10697209974943857
1284,214,1498,0.10700336056936216
1276,212,1488,0.10703899961717202
1285,212,1497,0.10708722593203208
1276,214,1490,0.10711134218645736
1281,216,1497,0.10715592904147701
1280,218,1498,0.10718639412907345
1269,219,1488,0.10721793971958732
1279,218,1497,0.10727198926142607
1272,221,1493,0.10729750926862508
1280,218,1498,0.10733591029720045
1283,217,1500,0.10735471329677089
1272,216,1488,0.10736447047277821
1283,219,1502,0.10739769248878656
1286,219,1505,0.10740318173716686
1272,224,1496,0.1074005176816143
1259,219,1478,0.10743104856247446
1268,230,1498,0.10749004296632748
1263,227,1490,0.10752330487036836
1261,226,1487,0.10756630641363749
1264,225,1489,0.10761059014364015
1267,227,1494,0.10764570636022955
1263,228,1491,0.1076703595407136
1267,227,1494,0.1077020738983947
1275,220,1495,0.1077215876320178
1269,222,1491,0.10772192923975364
1280,216,1496,0.10773694594082295
1274,223,1497,0.10772621820942746
1274,228,1502,0.10772926970243742
1279,231,1510,0.10773338592754367
1257,228,1485,0.10772542834923327
1262,223,1485,0.10776774673955365
1265,228,1493,0.10779426239821312
1266,234,1500,0.10781285688242732
1262,235,1497,0.10782826560589481
1266,238,1504,0.10785062132437051
1249,232,1481,0.10786393479225051
1246,233,1479,0.10791744993437892
1256,232,1488,0.10796978194798988
1256,231,1487,0.10799822356446853
1261,231,1492,0.10802382595443412
1262,238,1500,0.10803566229834288
1273,234,1507,0.10804079770786959
1260,235,1495,0.10801907144348694
1252,235,1487,0.10802765627983059
1259,232,1491,0.1080545727490526
1259,227,1486,0.10806357743998692
1260,227,1487,0.10807412510106505
1272,229,1501,0.10808141717916012
1278,231,1509,0.10805858970880187
1268,235,1503,0.1080252587648956
1269,242,1511,0.1080165323991146
1263,240,1503,0.10800667823514615
1273,239,1512,0.1080123576034233
1279,238,1517,0.10799501932771297
1280,238,1518,0.10796517982923758
1275,234,1509,0.1079375712273059
1273,231,1504,0.10792271354952757
1262,228,1490,0.10791120386620218
1264,221,1485,0.10792839863890157
1268,226,1494,0.1079377954566926
1264,227,1491,0.10793900210480033
1269,230,1499,0.10794741458284526
1267,231,1498,0.10794326448156162
1262,232,1494,0.10794629260827422
1272,234,1506,0.10795981569521454
1276,238,1514,0.1079529011992257
1283,236,1519,0.1079374000795887
1270,236,1506,0.10790465145486937
1269,238,1507,0.1079058416834776
1267,240,1507,0.10790988677966563
1266,242,1508,0.1079192129429127
1257,245,1502,0.10793258189210789
1249,248,1497,0.10796568892385164
1237,253,1490,0.10801349633271526
1231,256,1487,0.1080842390619922
1247,251,1498,0.10816407386788061
1250,250,1500,0.1081997119928677
1249,248,1497,0.10822674460269072
1250,250,1500,0.10825381305522129
1257,249,1506,0.10827754431315059
1250,248,1498,0.10828445902970232
1247,247,1494,0.10830565276300927
1250,245,1495,0.10833190046859126
1245,252,1497,0.10834762359957562
1248,259,1507,0.10837425486220002
1251,263,1514,0.10839332782723947
1255,261,1516,0.10840538644153948
1251,264,1515,0.10840875460795982
1236,262,1498,0.10842082541711949
1232,259,1491,0.10846689447964873
1234,262,1496,0.10852076591458051
1245,261,1506,0.10856558375841327
1236,263,1499,0.10858302776719402
1238,266,1504,0.10861967501604126
1239,268,1507,0.10865173650562601
1231,263,1494,0.10867717815815738
1237,264,1501,0.10871775135601894
1224,265,1489,0.10873932055550085
1225,261,1486,0.1087914862133295
1225,261,1486,0.10883880453849837
1227,265,1492,0.10888327219083357
1233,266,1499,0.10891792875750823
1238,264,1502,0.10893848631556143
1237,271,1508,0.10894388007366014
1244,271,1515,0.10895046798050144
1235,272,1507,0.10893876569790056
1228,272,1500,0.10894835187714547
1218,270,1488,0.10897227938786401
1225,271,1496,0.10901822566309292
1227,267,1494,0.10904243364508188
1223,265,1488,0.10905976051805087
1204,271,1475,0.10908666560110473
1212,268,1480,0.10915630946334912
1213,272,1485,0.10920355234114158
1212,273,1485,0.10924492104582008
1221,277,1498,0.10928382285536806
1210,269,1479,0.10929955879482865
1227,270,1497,0.10933814959201577
1219,274,1493,0.10933516105959445
1217,272,1489,0.10935394746216158
1224,270,1494,0.10937269922959046
1218,265,1483,0.10937390790336071
1234,260,1494,0.10938712626284838
1225,255,1480,0.10936128338476715
1222,259,1481,0.10935784526789867
1234,258,1492,0.10935944000872919
1225,262,1487,0.1093329843810091
1214,266,1480,0.10932934105690242
1210,264,1474,0.10935280995403727
1216,258,1474,0.10938470888322328
1211,267,1478,0.10940099292949597
1223,270,1493,0.10942598666820513
1217,268,1485,0.10941846240035234
1212,265,1477,0.10942508534070484
1231,266,1497,0.10944364770067296
1224,266,1490,0.10941782213839112
1221,267,1488,0.10941082077449106
1228,269,1497,0.10941470678578363
1217,271,1488,0.10940007552810296
1230,273,1503,0.10941185816444843
1214,274,1488,0.1093946655272604
1208,281,1489,0.10941578881852046
1206,285,1491,0.1094490036004505
1206,281,1487,0.109486930369182
1210,282,1492,0.10952294835437501
1203,281,1484,0.10954540781127055
1203,285,1488,0.1095797688072835
1200,280,1480,0.10961286380546084
1213,287,1500,0.10965035295495303
1222,285,1507,0.10965751808783938
1216,284,1500,0.1096445546730623
1209,282,1491,0.10964325551719387
1212,287,1499,0.10965809239184927
1206,287,1493,0.10966509321407707
1204,280,1484,0.10968516328015493
1205,284,1489,0.10970850299101659
1199,287,1486,0.10972874991728601
1199,295,1494,0.10976246000290021
1194,292,1486,0.10979398244672321
1202,286,1488,0.1098343411373013
1201,293,1494,0.10984989221258677
1204,292,1496,0.10986602990321102
1201,294,1495,0.10987343015086787
1207,294,1501,0.10988753715309073
1212,299,1511,0.10988420533341911
1208,300,1508,0.10987175863966497
1212,294,1506,0.10987223381882559
1209,303,1512,0.1098666079621204
1200,308,1508,0.10986871756121545
1203,308,1511,0.10989377238024513
1207,306,1513,0.10991401752657008
1210,311,1521,0.10992294683175291
1205,307,1512,0.10992233560946114
1199,310,1509,0.1099319761952744
1198,309,1507,0.10995802837333908
1196,311,1507,0.10998549987911431
1184,313,1497,0.1100165006966498
1190,314,1504,0.11007260866957619
1180,315,1495,0.11011028704145477
1182,317,1499,0.11016607175945764
1176,320,1496,0.11021303251010245
1181,321,1502,0.11027258815909352
1190,316,1506,0.11031720143542093
1183,316,1499,0.1103351965918404
1180,314,1494,0.1103680165439986
1189,316,1505,0.11040221643225018
1186,318,1504,0.11041504107736909
1197,316,1513,0.11043427558580232
1172,319,1491,0.11042513199462928
1178,319,1497,0.11047682663553124
1186,321,1507,0.11051323695483851
1195,323,1518,0.11053031722003281
1182,328,1510,0.11052509575496411
1168,329,1497,0.11055210124535764
1167,323,1490,0.11060889155401142
1173,324,1497,0.11066245203070185
1174,324,1498,0.11069420038378074
1181,328,1509,0.11072397315984174
1175,328,1503,0.11073541927546064
1173,328,1501,0.11075890171866856
1176,331,1507,0.11078765790678524
1171,334,1505,0.11080588878470493
1174,334,1508,0.1108361632431458
1171,334,1505,0.11085742376089139
1179,328,1507,0.1108852344580663
1172,331,1503,0.11089161745647658
1157,343,1500,0.11091542385918046
1156,341,1497,0.11097305327312804
1151,337,1488,0.11102969209491274
1162,337,1499,0.11109505425466831
1154,341,1495,0.11113091109682692
1151,332,1483,0.11117872025855319
1152,335,1487,0.11123209472618395
1157,332,1489,0.11127642140525666
1138,345,1483,0.11130263745777264
1142,346,1488,0.1113738256400628
1145,350,1495,0.11142688207127258
1142,354,1496,0.1114719667892179
1141,360,1501,0.11152245391755787
1143,362,1505,0.11157375597817384
1153,368,1521,0.1116186924175349
1153,365,1518,0.1116378172115017
1155,369,1524,0.1116555079795389
1144,370,1514,0.11166853062885242
1130,376,1506,0.11170657040696913
1134,382,1516,0.11177583512821126
1134,380,1514,0.1118325596868403
1115,380,1495,0.11188498556311251
1119,390,1509,0.11197796148187601
1115,396,1511,0.11205723419580621
1111,394,1505,0.11214037458422882
1118,394,1512,0.11222668402231328
1120,391,1511,0.11229108709843688
1111,387,1498,0.112345736201722
1112,390,1502,0.11241844162136423
1100,405,1505,0.11248230775775692
1099,408,1507,0.11256920354304284
1094,416,1510,0.11265623317974464
1086,413,1499,0.11275018229215805
1086,415,1501,0.11285580969031873
1089,417,1506,0.11295385998581409
1099,416,1515,0.113039383158074
1098,414,1512,0.11309434961920138
1092,415,1507,0.11314657229043877
1088,409,1497,0.1132105135548765
1085,414,1499,0.11327748156410167
1084,405,1489,0.11334894224193721
1084,402,1486,0.1134163564160712
1074,411,1485,0.1134809929210903
1076,418,1494,0.11356272886013334
1068,415,1483,0.1136353657244065
1079,417,1496,0.11372114231547101
1071,416,1487,0.11377608688272023
1066,425,1491,0.11384733071544371
1065,430,1495,0.11392702169836216
1061,425,1486,0.1140019327752226
1058,426,1484,0.11407821803866809
1076,430,1506,0.11415520704414003
1076,436,1512,0.11418344754239142
1086,436,1522,0.11420937044676453
1072,442,1514,0.11421227181875748
1069,440,1509,0.11424913901893158
1067,438,1505,0.11428911357376657
1061,440,1501,0.11433080283046759
1056,444,1500,0.11438706146035399
1061,436,1497,0.11445277107518353
1062,444,1506,0.11450160090621019
1059,447,1506,0.11454560650245092
1071,445,1516,0.1145927456653268
1066,442,1508,0.11460960533041539
1077,438,1515,0.11463820606132998
1063,443,1506,0.11464032296993693
1056,452,1508,0.11467585569798551
1054,458,1512,0.11472506704427915
1049,456,1505,0.11477713553274693
1045,463,1508,0.11483799929475641
1048,463,1511,0.1149031573868327
1043,465,1508,0.11495743764773245
1042,466,1508,0.11502125339503515
1036,473,1509,0.11508568587301447
1042,478,1520,0.11515886240750049
1039,479,1518,0.11521246806965796
1044,480,1524,0.11526989940737677
1038,474,1512,0.11531273375642784
1036,482,1518,0.11536257079514073
1038,476,1514,0.11541538501811154
1025,483,1508,0.11545853309962469
1017,486,1503,0.11553065477227832
1015,486,1501,0.11561795711892284
1012,477,1489,0.11570340093868062
1013,484,1497,0.11579115911382047
1012,485,1497,0.11586835362447484
1019,488,1507,0.1159427584315313
1014,482,1496,0.11599164293572112
1000,479,1479,0.11604838374527261
986,485,1471,0.11613498555960515
990,493,1483,0.11624739711506774
992,484,1476,0.1163433507692007
988,490,1478,0.11642826870312628
1006,493,1499,0.11651774288289733
1005,488,1493,0.11655833699510271
1003,485,1488,0.11659747435232508
1006,491,1497,0.11663684391618993
1022,487,1509,0.11666563053992494
1021,487,1508,0.11665154988777736
1020,477,1497,0.11663984297135965
1021,482,1503,0.11663316236913954
1016,475,1491,0.11662372671953435
1017,487,1504,0.11662654986911968
1014,482,1496,0.1166277396197395
1007,486,1493,0.11663572337837234
995,482,1477,0.1166609773231923
992,485,1477,0.11671380091271884
997,487,1484,0.1167693049892291
992,487,1479,0.11680931571460328
997,494,1491,0.11685701892693924
985,505,1490,0.11689192822720196
997,503,1500,0.11695274559645923
993,497,1490,0.11698111012865546
991,513,1504,0.11701686197742124
1002,512,1514,0.11705408001332053
993,523,1516,0.11706437518430132
1004,514,1518,0.11709706714268857
999,513,1512,0.11710359826921582
991,518,1509,0.11712356637445545
985,520,1505,0.11716292040370309
985,517,1502,0.11721407807054256
984,519,1503,0.1172623061559515
977,513,1490,0.11730811626546757
973,515,1488,0.11736564993202173
972,514,1486,0.11743051498181427
986,514,1500,0.11749296062750698
994,516,1510,0.11751868883881857
989,528,1517,0.11752156385937074
987,522,1509,0.11753426838464318
977,516,1493,0.1175511789163708
978,515,1493,0.11759028282745668
984,516,1500,0.11762305430018578
982,522,1504,0.11763751096321147
988,516,1504,0.11765339059071814
985,515,1500,0.11765305052588525
993,514,1507,0.11766129781202844
998,518,1516,0.11765054680468291
1003,514,1517,0.11762831065374754
991,525,1516,0.11759526140051228
981,533,1514,0.1175914471373175
968,525,1493,0.11761143697698632
975,534,1509,0.11766181409691448
967,534,1501,0.11769436048223991
955,536,1491,0.11774398085128845
955,540,1495,0.11781839990776607
960,531,1491,0.11788818995459714
961,533,1494,0.1179415641959914
959,537,1496,0.11798849243160367
958,543,1501,0.11803582149083876
968,538,1506,0.11808232938197501
961,544,1505,0.1181007440561379
956,545,1501,0.11813474196428161
963,536,1499,0.11818003635061505
972,544,1516,0.11820557372968139
966,550,1516,0.11820850159898857
963,545,1508,0.11822279609416995
967,548,1515,0.11824493183431184
963,546,1509,0.11825783045944024
948,558,1506,0.11828084436512128
955,556,1511,0.11833596335974564
956,549,1505,0.11837259264089368
954,548,1502,0.11840397804256711
952,548,1500,0.1184350703421541
955,537,1492,0.11847162379430592
948,541,1489,0.11849913021767908
954,544,1498,0.11854031317129046
948,540,1488,0.11856213384886491
940,547,1487,0.11859450258292745
947,543,1490,0.11864508164776524
943,556,1499,0.11867567918872605
940,562,1502,0.1187140699252642
941,555,1496,0.11875596960473253
941,548,1489,0.11879480914622201
951,544,1495,0.11882963497923171
962,546,1508,0.1188394018153692
956,551,1507,0.11882390520586217
940,555,1495,0.11882290283645146
937,562,1499,0.11885737063802573
944,557,1501,0.11889604975857605
947,561,1508,0.11891652545205623
947,563,1510,0.11892912755803288
941,556,1497,0.11894179985385715
942,553,1495,0.11896589594759732
940,556,1496,0.11898633505156386
942,563,1505,0.11901346757386826
943,558,1501,0.11903519232557637
955,566,1521,0.11905052038840148
945,566,1511,0.11903943596130094
937,572,1509,0.11905228267937706
931,579,1510,0.11908484630388178
935,571,1506,0.11912663331197933
943,570,1513,0.11915741356114687
937,569,1506,0.11916632150372547
924,572,1496,0.11919026532727318
921,562,1483,0.11924354908684975
916,561,1477,0.11930063389697512
910,564,1474,0.11936520571705714
922,563,1485,0.11943917042987834
929,569,1498,0.11947886519686253
929,573,1502,0.11949867949197161
932,574,1506,0.1195170493613075
933,571,1504,0.11952834009189757
933,580,1513,0.1195352514173921
929,569,1498,0.11953902458916392
925,560,1485,0.11955170134502718
937,562,1499,0.11957174952812297
956,560,1516,0.11956153803083694
943,561,1504,0.1195069228851669
945,560,1505,0.11948447603253476
945,566,1511,0.11945988343587537
944,553,1497,0.11944022623061262
928,555,1483,0.11942564206830764
936,563,1499,0.11944905598219416
940,569,1509,0.11945318424410506
936,558,1494,0.11944651090323824
937,564,1501,0.11945067941703208
936,574,1510,0.11945194552465424
928,583,1511,0.11945801805361461
924,570,1494,0.11948175362747396
932,570,1502,0.11951161881169986
917,571,1488,0.11952206145726368
932,568,1500,0.11956407603016697
930,571,1501,0.11956647710896676
933,575,1508,0.11957313787899966
938,576,1514,0.11957394258304303
936,574,1510,0.1195640618622598
936,571,1507,0.11956119107764994
931,573,1504,0.11955933448219155
927,571,1498,0.11957168703900399
924,566,1490,0.1195894833519917
927,562,1489,0.11961182975553708
927,565,1492,0.1196282180950858
930,567,1497,0.11964502130486852
931,567,1498,0.11965319801819399
927,571,1498,0.11965783891859795
920,577,1497,0.11967067211571265
917,578,1495,0.1196986497647532
919,573,1492,0.11973401060003766
914,580,1494,0.11976077671839468
914,588,1502,0.1197962629149896
915,592,1507,0.11982543205669302
921,591,1512,0.11985246015471766
917,594,1511,0.11986403651000069
930,591,1521,0.11988308261830465
922,587,1509,0.11986889356031391
923,585,1508,0.11987469499269489
918,583,1501,0.11987855474491887
912,593,1505,0.11989328833353988
901,593,1494,0.11992278924278107
912,597,1509,0.11997704540221232
907,600,1507,0.12000186779047362
894,602,1496,0.12003897112011672
895,596,1491,0.12010444936706778
890,601,1491,0.12016260706740473
884,601,1485,0.12022939298018724
889,597,1486,0.1203072402355442
898,610,1508,0.12036496036666186
894,604,1498,0.12039689900337164
887,603,1490,0.12043696755991201
886,611,1497,0.1204907721185429
886,609,1495,0.12054288415768617
891,616,1507,0.12059118140783161
885,627,1512,0.12062426059010675
883,627,1510,0.12066959961632047
880,629,1509,0.12071701902276194
871,637,1508,0.1207669434537608
863,650,1513,0.12083634222780212
863,645,1508,0.1209225563419649
861,642,1503,0.12100558646031115
865,647,1512,0.12108728930426028
865,641,1506,0.12115445452120394
862,638,1500,0.12121687676733078
858,652,1510,0.12128302463151847
860,655,1515,0.12135479145488506
859,656,1515,0.12141707059916156
854,662,1516,0.1214770705728872
848,657,1505,0.12154541049648354
839,663,1502,0.12162134133649649
845,662,1507,0.12171038045452814
835,660,1495,0.12177876359647938
837,656,1493,0.12186580938397984
846,651,1497,0.12194386720189683
849,662,1511,0.12199472950195603
834,674,1508,0.12203672172359344
838,674,1512,0.12211197249737996
835,674,1509,0.12217125160248571
830,674,1504,0.12223187479296463
821,674,1495,0.1223002551678905
824,665,1489,0.12238531200800683
817,663,1480,0.12246030780032953
816,667,1483,0.12254382625837446
816,680,1496,0.12262257773606229
807,679,1486,0.12269687571436784
799,682,1481,0.12278684191522636
808,680,1488,0.122888721390966
804,682,1486,0.12296191543394944
804,687,1491,0.12304045790286494
807,681,1488,0.1231114367926703
802,690,1492,0.12316848767237074
804,692,1496,0.12323281556934113
811,689,1500,0.12329144646578966
800,692,1492,0.12332923227040105
798,694,1492,0.12338862993890781
804,694,1498,0.12344957866091658
797,689,1486,0.12349337471066
801,690,1491,0.12354932364886828
801,691,1492,0.12359026190921826
801,685,1486,0.12362935302167925
798,691,1489,0.12366911539676179
808,699,1507,0.12371520151428601
807,701,1508,0.12373365546077691
810,700,1510,0.12375037001009165
805,688,1493,0.12375885085968243
807,688,1495,0.12377730305941669
794,689,1483,0.12378875555023189
795,691,1486,0.12382939816013869
800,702,1502,0.12386473342766494
791,701,1492,0.12388936587582673
785,710,1495,0.12393658873768608
786,712,1498,0.12399755131738541
789,723,1512,0.1240534147936652
782,725,1507,0.12409833587631518
778,732,1510,0.12415583174654249
764,726,1490,0.12421807447583572
755,724,1479,0.12430908843009586
760,729,1489,0.1244155426936171
762,741,1503,0.12450194496851301
753,732,1485,0.12457647428081038
753,734,1487,0.12467189593385715
758,731,1489,0.12475870532780496
762,751,1513,0.1248271573981
763,749,1512,0.12488033479982107
761,749,1510,0.12492948854426877
766,753,1519,0.12497859509158918
759,756,1515,0.12501133868647762
750,760,1510,0.12506012796758215
744,764,1508,0.1251279825052458
738,773,1511,0.1252075428307849
738,780,1518,0.12529697970232306
728,779,1507,0.12538173067981467
728,776,1504,0.12548390044883345
723,771,1494,0.12557815261871666
730,766,1496,0.1256786561958053
727,762,1489,0.125757938632668
737,767,1504,0.12583860350075377
736,782,1518,0.12588663287729124
725,771,1496,0.12593567979348108
718,774,1492,0.12600827664063724
716,786,1502,0.12609397574134656
716,790,1506,0.1261773644361373
710,789,1499,0.12625358516312615
714,803,1517,0.12633944971002936
718,793,1511,0.12641137890457468
712,788,1500,0.12647053146276105
706,792,1498,0.12653761321222018
724,783,1507,0.12661607518951715
722,789,1511,0.12664288551555544
723,791,1514,0.126671800765078
725,787,1512,0.12669675902027785
729,784,1513,0.12671382153069857
723,787,1510,0.12672155996378456
724,782,1506,0.12674292733492926
716,789,1505,0.12676158380009914
714,785,1499,0.12679784527719865
717,785,1502,0.12683551547463615
723,780,1503,0.12686583410388985
719,775,1494,0.12687980286297598
720,780,1500,0.12690175189873568
716,781,1497,0.12691695257569816
718,785,1503,0.12694222129065103
723,791,1514,0.12696247870875788
716,790,1506,0.126966577088893
718,797,1515,0.1269901787989968
708,811,1519,0.12700809222943296
709,806,1515,0.12704718657377104
713,804,1517,0.12708394177733207
708,811,1519,0.12710857202272682
703,817,1520,0.1271435468839353
707,814,1521,0.12718530294330033
710,818,1528,0.12721478964919744
700,809,1509,0.1272357919992626
698,812,1510,0.1272814120577839
701,815,1516,0.12732670491414624
702,818,1520,0.12736157006282936
695,822,1517,0.12739128402716116
682,814,1496,0.1274354917932753
686,822,1508,0.12750779561210826
679,824,1503,0.12756973518866144
681,835,1516,0.1276445816359005
672,838,1510,0.12770910628484602
669,837,1506,0.1277890484409294
664,840,1504,0.1278708124817422
668,842,1510,0.1279570595081088
669,839,1508,0.12802822563357805
665,849,1514,0.12808977073071015
667,848,1515,0.12815904639429695
655,849,1504,0.12821658281851042
660,850,1510,0.12829980739761682
654,848,1502,0.12836531002108326
658,851,1509,0.12844051177163338
655,849,1504,0.12850009096424017
651,853,1504,0.12856356341277714
653,852,1505,0.12863270442012018
653,855,1508,0.1286926933587198
643,855,1498,0.12874815310426865
635,854,1489,0.12882603824463412
636,857,1493,0.1289182537141845
636,866,1502,0.1290017307063039
637,864,1501,0.129081061642045
638,855,1493,0.12915200816550645
639,866,1505,0.12921756019293623
631,872,1503,0.12927429597756615
626,874,1500,0.12934410198673985
630,872,1502,0.12942492489854815
633,876,1509,0.12949160392856723
638,871,1509,0.12954579450654943
635,864,1499,0.1295830215615156
630,864,1494,0.1296258690969672
634,878,1512,0.12967792189223984
633,883,1516,0.12971749975268154
622,873,1495,0.1297579973921283
618,884,1502,0.1298215819937395
618,898,1516,0.1298911288440773
613,891,1504,0.1299570548856908
608,894,1502,0.13002959507125614
609,897,1506,0.1301077565539082
609,897,1506,0.13017892512024265
615,897,1512,0.13024522577851216
613,896,1509,0.13029197916760218
609,898,1507,0.13034108420514512
607,894,1501,0.13039796833390693
613,905,1518,0.13045051063193042
616,899,1515,0.1304880132222453
605,905,1510,0.13051548528019208
613,896,1509,0.130569770568097
613,903,1516,0.13060249393789156
613,912,1525,0.13063182534893794
609,899,1508,0.1306567701216849
611,895,1506,0.13068966220987638
611,903,1514,0.1307182279165903
612,900,1512,0.13074377417563487
611,903,1514,0.13076094614134184
612,909,1521,0.13078156007551459
607,913,1520,0.1307955801847333
610,907,1517,0.13082168119149384
602,907,1509,0.13083928690805796
606,909,1515,0.1308756509009518
597,913,1510,0.13090090753380804
610,903,1513,0.13094456584616743
608,902,1510,0.13095231174409158
610,893,1503,0.13096705876355652
612,896,1508,0.13097472249036746
612,903,1515,0.13097890491543598
610,908,1518,0.13098352142689956
608,915,1523,0.13099330637785736
607,917,1524,0.1310073022926768
603,908,1511,0.1310246195574754
596,909,1505,0.1310515440002362
592,923,1515,0.1310917067602725
585,928,1513,0.13113893486351574
591,928,1519,0.13120076734713026
578,936,1514,0.13124422951337666
579,941,1520,0.13131737665283108
572,941,1513,0.13138373476064522
567,937,1504,0.13146189753918197
570,937,1507,0.13154830896579614
574,935,1509,0.13162127764239162
565,933,1498,0.1316799272494258
562,939,1501,0.131755927371652
555,946,1501,0.13183592249328066
549,949,1498,0.1319239147987804
550,957,1507,0.13202038809512917
552,954,1506,0.1321117546819793
560,962,1522,0.1321921924677348
556,963,1519,0.13224754127047594
550,971,1521,0.1323053450994599
543,971,1514,0.1323743862115219
547,959,1506,0.13245587379336926
544,950,1494,0.13252134624410547
542,962,1504,0.132589968791634
540,963,1503,0.13265979263745556
543,967,1510,0.13272899853024658
540,961,1501,0.13278105832827813
532,962,1494,0.13283627569850712
535,961,1496,0.1329072641918786
537,964,1501,0.13296501616544826
543,967,1510,0.13301416978721506
536,969,1505,0.13304601726420087
534,971,1505,0.13309363289028667
535,975,1510,0.13314400312460017
538,981,1519,0.13318808291705797
539,978,1517,0.1332235404172561
543,980,1523,0.13325309593897366
540,979,1519,0.133272624308164
537,968,1505,0.1332999432384726
537,966,1503,0.13333190927620955
541,971,1512,0.13335927476520815
540,971,1511,0.13337438347394634
543,974,1517,0.13339138812874818
539,980,1519,0.133400046470427
532,974,1506,0.13341815180318442
536,978,1514,0.13345339365600592
530,982,1512,0.13347574780827728
531,979,1510,0.1335111789490123
535,969,1504,0.1335400061360623
540,980,1520,0.13355628822042542
543,986,1529,0.13355857413571162
541,980,1521,0.13355358705356557
536,969,1505,0.1335532658991908
534,971,1505,0.13356372241152425
526,977,1503,0.13358076313207407
524,972,1496,0.13361899505783942
519,982,1501,0.1336608755601106
514,990,1504,0.13371010003633757
510,1006,1516,0.13376894782660437
506,1010,1516,0.1338334123852731
500,1004,1504,0.13390427337901623
504,1011,1515,0.13398533319196385
504,1008,1512,0.13405099096167883
511,1006,1517,0.13411419609269182
503,1003,1506,0.1341557779167686
497,1010,1507,0.13421151024707684
501,1017,1518,0.13427583335902069
501,1006,1507,0.13432830181545075
502,996,1498,0.13437601129424762
504,1011,1515,0.13441811556010555
504,1013,1517,0.13445245624218105
510,1013,1523,0.1344841360129715
509,1006,1515,0.1344981806378927
506,1002,1508,0.13451296192933482
501,999,1500,0.1345318598930713
499,1000,1499,0.13456251123869753
500,988,1488,0.1345957066322712
507,998,1505,0.13462550249671495
501,999,1500,0.13463590986076188
495,998,1493,0.13466197585473436
499,995,1494,0.13470231472843938
492,1004,1496,0.13473040486904164
491,1001,1492,0.13477549923098964
481,1003,1484,0.134816762136878
480,1009,1489,0.13488043988245718
482,1027,1509,0.13494158015594773
478,1026,1504,0.13499426940102524
469,1030,1499,0.13505459952671206
476,1032,1508,0.1351329596746101
479,1029,1508,0.13518831813492926
473,1037,1510,0.13523377744232656
470,1035,1505,0.13529308610929258
476,1032,1508,0.13535574479910223
473,1031,1504,0.13539572334211042
475,1031,1506,0.13544189240106216
477,1029,1506,0.13547719295510224
473,1030,1503,0.13550229490986415
469,1040,1509,0.13553645788844126
470,1045,1515,0.13557963803745252
464,1046,1510,0.13561853527603535
460,1047,1507,0.1356704431145795
461,1059,1520,0.13572692605810918
455,1057,1512,0.13577905699494106
453,1059,1512,0.13584350690859007
459,1059,1518,0.13591075493642482
449,1059,1508,0.13595912638918797
441,1053,1494,0.1360299391173731
440,1063,1503,0.1361158620634156
448,1079,1527,0.13619902114409144
447,1078,1525,0.13625897012707136
445,1078,1523,0.1363164832565182
440,1080,1520,0.13637563004969677
440,1081,1521,0.13644106635297298
442,1070,1512,0.1365040879410631
435,1075,1510,0.13655912132479442
432,1073,1505,0.13662803836401946
434,1069,1503,0.13669945699930966
434,1071,1505,0.13675811002449595
437,1059,1496,0.13681331796503385
432,1077,1509,0.1368575947265984
429,1082,1511,0.13691004205210983
427,1090,1517,0.13696317196894575
424,1095,1519,0.1370200259241128
423,1088,1511,0.13708136255412243
416,1090,1506,0.1371420297102359
418,1095,1513,0.13721414496546533
414,1092,1506,0.1372741643393795
419,1097,1516,0.13734032107497707
412,1108,1520,0.1373894662066133
411,1104,1515,0.1374520936505466
411,1103,1514,0.13751420701916459
413,1110,1523,0.13757507216247358
409,1105,1514,0.13762884980033713
405,1107,1512,0.13768827872976439
406,1099,1505,0.13775515577289785
406,1104,1510,0.13781454092815168
404,1110,1514,0.13786916124571
402,1096,1498,0.1379250188626147
411,1097,1508,0.13798106727718842
409,1109,1518,0.138009452643614
404,1103,1507,0.13804112152250753
405,1098,1503,0.1380849106623578
397,1111,1508,0.13812194945644116
394,1099,1493,0.13817392961399125
393,1104,1497,0.13822890105304964
394,1113,1507,0.13828033413954127
391,1118,1509,0.1383288169621091
393,1120,1513,0.13838242179408333
398,1113,1511,0.13842749471566157
395,1128,1523,0.13845778780336018
394,1121,1515,0.13849166674225608
394,1127,1521,0.1385276562786924
392,1115,1507,0.13855955470484063
393,1114,1507,0.1385962250760423
395,1114,1509,0.13862805236156503
394,1119,1513,0.13865261127853987
395,1120,1515,0.13867983437721043
401,1121,1522,0.1387020609670014
397,1123,1520,0.1387095121426358
399,1109,1508,0.1387270283297184
393,1111,1504,0.13873872842338694
392,1121,1513,0.13876280254144344
390,1128,1518,0.13878776892612044
394,1125,1519,0.13881677323155742
397,1127,1524,0.13883279583709282
396,1126,1522,0.1388414642717083
388,1132,1520,0.13885167125312353
386,1128,1514,0.13887984242295778
387,1134,1521,0.13891353363785408
388,1131,1519,0.13894232668406123
384,1143,1527,0.13896654556949753
380,1136,1516,0.1390014160728725
384,1128,1512,0.13904525970210532
383,1125,1508,0.1390753932538606
388,1125,1513,0.13910522745600368
391,1116,1507,0.13911856442790754
397,1130,1527,0.13912105110971615
402,1134,1536,0.13910940846612693
392,1128,1520,0.13908730047311404
396,1123,1519,0.13909050581610938
392,1130,1522,0.139086059048278
390,1132,1522,0.13909153504076394
397,1135,1532,0.13910181764982654
399,1131,1530,0.1390956191170274
399,1127,1526,0.13908214667617888
398,1128,1526,0.13906858271425265
399,1121,1520,0.13905557566859014
395,1122,1517,0.13904203904619408
395,1115,1510,0.13903920386271795
397,1119,1516,0.13903795430723923
398,1114,1512,0.13902999401654165
394,1118,1512,0.13901889218372085
389,1122,1511,0.13901710212063595
385,1134,1519,0.1390309483202728
387,1129,1516,0.13905283719939918
384,1124,1508,0.13906994245996845
385,1127,1512,0.13909031553152806
381,1119,1500,0.13910776331254016
375,1120,1495,0.13913543083937593
373,1125,1498,0.13917419698814398
375,1125,1500,0.13921515300105344
382,1129,1511,0.13924953144027974
383,1128,1511,0.13926430007048957
381,1124,1505,0.13927460888322682
384,1121,1505,0.13928902759195508
392,1122,1514,0.13929474745321688
388,1128,1516,0.13928219049255378
392,1141,1533,0.13928181754264168
383,1133,1516,0.1392717507699655
390,1119,1509,0.13928560794354042
388,1113,1501,0.13928217244967603
395,1126,1521,0.13928478564262536
385,1135,1520,0.13927182420236736
377,1143,1520,0.13928490489462825
371,1148,1519,0.13931639296188064
366,1140,1506,0.1393593264176858
364,1141,1505,0.1394113027075951
365,1147,1512,0.13946532274962853
362,1150,1512,0.13951200875337738
365,1148,1513,0.139563881940431
366,1142,1508,0.13960355018986587
366,1150,1516,0.13963762555827583
365,1157,1522,0.13967123548634838
366,1155,1521,0.13970505233189148
369,1153,1522,0.1397351531591593
363,1161,1524,0.13975571619017038
361,1153,1514,0.13978862579419368
361,1161,1522,0.13982436820859842
364,1156,1520,0.13985878134397328
361,1156,1517,0.1398850331544781
361,1156,1517,0.13991874781762295
358,1159,1517,0.13995027899014498
353,1152,1505,0.13998749255721357
343,1146,1489,0.1400311616714602
345,1148,1493,0.14009874281185147
345,1154,1499,0.14015556448962882
354,1165,1519,0.1402076400017243
354,1157,1511,0.14023396375404049
356,1149,1505,0.14025864943552388
355,1150,1505,0.14027623992444962
359,1141,1500,0.14029412911591715
358,1143,1501,0.14029998122917456
352,1148,1500,0.14030694129302687
352,1159,1511,0.14032611515261603
353,1163,1516,0.14034439985254743
354,1149,1503,0.14036087901707608
357,1128,1485,0.14037490433464844
358,1147,1505,0.1403813199347933
359,1146,1505,0.1403855333324551
350,1169,1519,0.14038921406845964
355,1159,1514,0.14041492275895048
349,1168,1517,0.14042614498378175
353,1160,1513,0.1404535879586748
356,1160,1516,0.14047000715151378
359,1156,1515,0.1404769018412511
353,1159,1512,0.1404753580154149
352,1163,1515,0.14049153750690604
358,1171,1529,0.1405075903861583
352,1180,1532,0.14050745852861848
355,1165,1520,0.1405230689853022
351,1149,1500,0.14053002631112763
351,1153,1504,0.14054544538934474
347,1150,1497,0.14056131096049168
346,1162,1508,0.14058580885385094
347,1165,1512,0.14061081883684895
349,1168,1517,0.1406305044982561
344,1166,1510,0.14064421370857474
348,1178,1526,0.14067100262361631
348,1182,1530,0.14068567277058885
354,1176,1530,0.14069943198925436
355,1178,1533,0.14069735770171185
348,1177,1525,0.14069391956864608
340,1178,1518,0.1407086550999146
344,1184,1528,0.1407428032520043
339,1169,1508,0.1407661485716497
338,1171,1509,0.1408002258391736
335,1155,1490,0.14083138697090522
335,1166,1501,0.1408686556214652
331,1164,1495,0.14090483639121051
338,1169,1507,0.14094572617090337
338,1173,1511,0.14096842590762573
335,1165,1500,0.1409879320989348
336,1170,1506,0.14100879911151676
339,1166,1505,0.14102667309521555
341,1176,1517,0.14103667001380374
335,1174,1509,0.141039771697134
332,1174,1506,0.14105681798601727
330,1174,1504,0.1410805863380872
334,1176,1510,0.14110876423350965
334,1171,1505,0.1411251890350745
332,1186,1518,0.14114194574317881
330,1183,1513,0.14116245879860134
324,1192,1516,0.14118689644868787
324,1182,1506,0.14122121356703443
319,1169,1488,0.14125388373601794
317,1189,1506,0.14129743590463117
322,1202,1524,0.1413427601510322
326,1208,1534,0.1413728314351197
318,1201,1519,0.14139298405789663
323,1189,1512,0.14143089024033967
322,1190,1512,0.14145401449752912
318,1203,1521,0.1414769106409984
316,1205,1521,0.14150742819637643
314,1210,1524,0.14154226106142745
312,1212,1524,0.14158141359922005
306,1209,1515,0.1416207286004491
301,1197,1498,0.1416718290283822
299,1213,1512,0.14173219597795647
303,1203,1506,0.14179402131443844
297,1217,1514,0.14184355490377684
303,1207,1510,0.1419021991514071
299,1209,1508,0.14194225695880502
298,1216,1514,0.14198824027394424
298,1219,1517,0.14203344518268654
293,1217,1510,0.1420781060067948
292,1223,1515,0.1421320512737065
292,1228,1520,0.14218593285708156
288,1239,1527,0.14223624019943093
286,1227,1513,0.14229283319834907
285,1224,1509,0.14235107656575333
285,1222,1507,0.14240839859317753
281,1221,1502,0.1424606617874431
284,1220,1504,0.14251736901147172
283,1223,1506,0.14256288204924666
284,1221,1505,0.14260982835841676
284,1232,1516,0.1426492105467901
288,1235,1523,0.14268612397783914
285,1231,1516,0.14271131481423016
284,1232,1516,0.1427426589872372
284,1230,1514,0.14277096376491072
283,1226,1509,0.14279639156161078
295,1221,1516,0.14282418082463852
299,1222,1521,0.1428170281894455
294,1221,1515,0.14280127604107906
289,1226,1515,0.14279829446220307
292,1223,1515,0.1428085426043839
287,1230,1517,0.1428118374814776
282,1220,1502,0.14282608083789713
280,1217,1497,0.1428531365155565
287,1230,1517,0.1428849873986334
287,1227,1514,0.142896106327835
282,1226,1508,0.1429070073359017
288,1233,1521,0.14293141130457057
287,1232,1519,0.14294121334352292
282,1237,1519,0.1429526307327295
280,1236,1516,0.14297466900871716
280,1239,1519,0.14300052471673144
278,1236,1514,0.14302489241656852
276,1229,1505,0.14305291125257885
274,1238,1512,0.1430848863781564
273,1243,1516,0.14312077702016235
275,1238,1513,0.14315686955170226
272,1243,1515,0.1431870113461687
270,1245,1515,0.14322196943272028
266,1246,1512,0.1432576437611212
261,1249,1510,0.14330017375993073
257,1249,1506,0.14335318729394297
257,1244,1501,0.14341209335024466
259,1244,1503,0.14346599001735283
262,1252,1514,0.14351106258812787
262,1254,1516,0.14354433471476194
260,1246,1506,0.14357624995714835
269,1246,1515,0.1436110381863976
272,1246,1518,0.14362120537178402
274,1244,1518,0.143623201249496
278,1247,1525,0.1436209896489723
277,1252,1529,0.14360795575813418
273,1239,1512,0.1435985155340499
271,1250,1521,0.1436004147213175
269,1248,1517,0.14360777329114016
263,1256,1519,0.14362082827170838
266,1243,1509,0.14364738642523145
263,1260,1523,0.1436658869624953
264,1258,1522,0.14369098708835648
256,1267,1523,0.14371024044238287
255,1269,1524,0.14374837937500615
251,1267,1518,0.14378707017079148
256,1266,1522,0.14383355500136555
258,1267,1525,0.14386373819391454
257,1260,1517,0.1438860288936984
248,1264,1512,0.14391032345559673
253,1264,1517,0.1439551927645363
255,1260,1515,0.14398689223086206
256,1257,1513,0.14400996555327633
257,1262,1519,0.14402782848082094
250,1274,1524,0.14404419477020827
250,1270,1520,0.14407625863835263
253,1258,1511,0.14410682557308546
242,1262,1504,0.14412955688790258
244,1268,1512,0.1441783301061058
239,1268,1507,0.144217428140009
235,1274,1509,0.1442661821644094
238,1265,1503,0.144321066931306
239,1268,1507,0.1443649423833655
241,1267,1508,0.1444033552705996
242,1270,1512,0.14443513592627083
240,1267,1507,0.14446246883116762
236,1271,1507,0.1444929046272934
231,1266,1497,0.1445278560944012
236,1278,1514,0.1445728755520025
236,1277,1513,0.14460226274098592
235,1279,1514,0.14462819430115853
234,1277,1511,0.14465529546012254
232,1274,1506,0.14468470235072992
233,1271,1504,0.14471693095193672
231,1288,1519,0.14474704281017187
229,1295,1524,0.14477991670425422
223,1286,1509,0.14481706823867885
227,1291,1518,0.1448659395574607
223,1282,1505,0.14490265336974997
225,1282,1507,0.1449469413817525
221,1294,1515,0.14498351995148043
220,1293,1513,0.14502591647980384
215,1297,1512,0.145070003541045
213,1292,1505,0.14512455343395192
213,1294,1507,0.1451800241813377
215,1304,1519,0.1452329502661836
214,1317,1531,0.14527579934120166
213,1310,1523,0.14531957511241506
209,1313,1522,0.14536235376560633
204,1305,1509,0.14541236107602137
203,1296,1499,0.1454715775758409
205,1311,1516,0.14552941780915954
205,1312,1517,0.1455782135752047
205,1301,1506,0.14562425246503558
209,1307,1516,0.1456644077069093
206,1312,1518,0.14569161271478753
207,1321,1528,0.14572523697114828
205,1324,1529,0.1457543294303804
208,1312,1520,0.14578588493860412
207,1308,1515,0.14580758948981104
209,1284,1493,0.1458304633527038
208,1296,1504,0.14584493235753287
209,1297,1506,0.1458621677083309
205,1305,1510,0.1458736736497138
207,1313,1520,0.14589379866906163
207,1305,1512,0.14590791433709988
199,1297,1496,0.14592100148204007
201,1289,1490,0.14595484191794914
199,1309,1508,0.14598065003560357
193,1312,1505,0.14600716104545075
191,1323,1514,0.14604741584727116
188,1330,1518,0.14608908437922302
191,1336,1527,0.1461355489809872
190,1318,1508,0.1461707663999952
194,1313,1507,0.14620596998893373
197,1326,1523,0.14622693550965568
197,1335,1532,0.1462380082702932
194,1325,1519,0.1462496716675582
195,1338,1533,0.14626887573492647
199,1334,1533,0.14628427799727345
196,1331,1527,0.14628532224392507
196,1324,1520,0.14629535753883163
196,1327,1523,0.1463059341968016
194,1331,1525,0.1463158861459226
197,1314,1511,0.14633112453425665
198,1327,1525,0.14633841104862075
195,1327,1522,0.14634369587208265
191,1328,1519,0.14635521138792504
190,1331,1521,0.14637582771601504
184,1329,1513,0.14639912350316808
180,1334,1514,0.1464355281683413
184,1327,1511,0.14647888569516707
183,1322,1505,0.14650935266471263
182,1328,1510,0.1465384946545642
183,1328,1511,0.1465701244592363
189,1330,1519,0.1465974699319818
194,1331,1525,0.14660618829239647
191,1337,1528,0.14660135332251764
189,1333,1522,0.14660549148769544
185,1328,1513,0.14661509426746988
184,1332,1516,0.14663379451127478
179,1339,1518,0.14665418748440867
176,1332,1508,0.14668584978177251
179,1320,1499,0.14672235456868854
178,1321,1499,0.14674922037863758
176,1336,1512,0.146777900867321
177,1335,1512,0.14680963690864193
181,1341,1522,0.1468372161003244
177,1335,1512,0.14685270338217882
178,1347,1525,0.1468782117024956
182,1351,1533,0.14690054369406305
177,1352,1529,0.1469112455071588
175,1340,1515,0.1469325878589451
178,1345,1523,0.14695723661015234
178,1349,1527,0.14697368041856057
173,1354,1527,0.146987789289481
171,1352,1523,0.14701456699670604
173,1342,1515,0.14704534653194037
174,1351,1525,0.14706874238939086
177,1352,1529,0.14708733115960715
173,1346,1519,0.14709523118349843
174,1351,1525,0.1471134782774044
172,1343,1515,0.147128303206061
167,1353,1520,0.14714813377389435
163,1355,1518,0.1471805948348337
165,1345,1510,0.14722066772166176
162,1347,1509,0.14725174216060297
165,1348,1513,0.1472872578656563
165,1348,1513,0.1473130340804256
162,1330,1492,0.1473368544943014
158,1332,1490,0.1473652278142203
157,1337,1494,0.14740069996114818
156,1351,1507,0.14743542510135435
151,1358,1509,0.14747241742456116
152,1359,1511,0.1475195143274139
149,1354,1503,0.14756133471499533
149,1352,1501,0.14760853645792404
149,1369,1518,0.1476533284356515
147,1368,1515,0.14769418381951582
144,1367,1511,0.1477384865730694
143,1377,1520,0.14778854209249181
141,1383,1524,0.14783871828915288
142,1377,1519,0.14789085135152608
140,1387,1527,0.14793628990901275
138,1383,1521,0.14798265424402784
140,1381,1521,0.1480306090594919
137,1379,1516,0.14806965518216086
139,1383,1522,0.14811356474238782
136,1385,1521,0.1481489627919318
139,1383,1522,0.1481903363629077
136,1377,1513,0.14822257888164167
133,1382,1515,0.14825883904705892
130,1378,1508,0.14830024032032385
131,1376,1507,0.14834629096903154
130,1373,1503,0.14838724572470433
130,1376,1506,0.1484282984931015
129,1386,1515,0.148467604587376
124,1379,1503,0.14850518935333792
129,1382,1511,0.14855298756303167
126,1384,1510,0.14858492113952235
127,1395,1522,0.14862186322390042
128,1388,1516,0.14865266002187072
128,1381,1509,0.1486793302944781
128,1368,1496,0.1487045069443193
127,1381,1508,0.14872827412667042
127,1384,1511,0.14875382136982707
130,1395,1525,0.14877747698380878
127,1399,1526,0.1487921088887733
129,1396,1525,0.1488134766416766
127,1390,1517,0.1488288756971989
126,1402,1528,0.14884662361344897
125,1410,1535,0.14886632850495204
127,1401,1528,0.14888872812751786
126,1390,1516,0.14890429360128737
128,1389,1517,0.14892267943889087
127,1391,1518,0.1489343686890155
126,1391,1517,0.14894899176714682
125,1384,1509,0.14896585179894895
123,1383,1506,0.14898357239023396
124,1393,1517,0.14900551135717824
122,1388,1510,0.14902171992972488
119,1381,1500,0.14904105341970514
118,1395,1513,0.14906692623401369
126,1405,1531,0.1490927480825999
125,1400,1525,0.1490955337039988
126,1410,1536,0.1490996944061621
121,1411,1532,0.14910130476500622
120,1414,1534,0.1491151671207723
117,1411,1528,0.14913199592632817
117,1407,1524,0.14915469081329855
116,1416,1532,0.14917554498254534
116,1410,1526,0.14919709855296348
113,1411,1524,0.14921767021312538
111,1413,1524,0.14924533561355852
112,1395,1507,0.14927683783925688
110,1396,1506,0.14930222889265937
105,1390,1495,0.14933144227108577
102,1392,1494,0.14937094855190375
106,1390,1496,0.14941502126677403
106,1400,1506,0.14944603550609067
109,1400,1509,0.1494747957792859
107,1403,1510,0.14949328824139074
108,1401,1509,0.14951702511899664
109,1399,1508,0.14953674230586322
106,1411,1517,0.1495529659699046
105,1408,1513,0.1495764061323871
101,1405,1506,0.14960151161505272
100,1403,1503,0.14963241023948678
101,1413,1514,0.14966428790995281
102,1409,1511,0.14969223821647412
102,1411,1513,0.14971639053330732
101,1412,1513,0.14973887824645948
101,1419,1520,0.149762616033703
101,1421,1522,0.1497849330414074
100,1423,1523,0.14980573186345741
101,1420,1521,0.1498263834302695
102,1424,1526,0.14984431911127052
100,1417,1517,0.1498585229521398
99,1424,1523,0.1498762591590176
98,1416,1514,0.14989494990059807
96,1437,1533,0.14991611697446053
97,1434,1531,0.14994130750729326
99,1428,1527,0.14996201450919375
98,1418,1516,0.1499761770483153
98,1427,1525,0.14999166725068006
95,1431,1526,0.15000639619776762
93,1434,1527,0.15002838006873712
94,1435,1529,0.1500545585745322
89,1435,1524,0.15007693133477726
87,1433,1520,0.15011023687951197
88,1440,1528,0.15014623484669623
88,1439,1527,0.15017753907093817
90,1425,1515,0.15020666733865198
90,1418,1508,0.15022869673740147
87,1418,1505,0.15024885324999543
90,1424,1514,0.15027475300464294
84,1423,1507,0.15029093798078064
85,1422,1507,0.15032166556780135
82,1425,1507,0.15034896963337993
83,1429,1512,0.15038253973064986
81,1418,1499,0.15041223351303182
83,1433,1516,0.15044511773192115
85,1429,1514,0.150471185569197
87,1427,1514,0.15048966080539625
88,1432,1520,0.1505015863399108
90,1423,1513,0.15051037946631163
90,1436,1526,0.15051435231801855
88,1433,1521,0.150516762724706
90,1438,1528,0.15052380506686128
91,1424,1515,0.15052473385501489
92,1435,1527,0.15052295281377048
90,1425,1515,0.15051927242800456
90,1411,1501,0.1505213112833669
91,1417,1508,0.15052437593217952
90,1430,1520,0.15052412127553352
90,1432,1522,0.15052736913245668
89,1429,1518,0.15053136448228244
87,1422,1509,0.15053822295814737
85,1425,1510,0.15055034159598127
91,1426,1517,0.15056518436700658
90,1434,1524,0.15056343718710438
89,1449,1538,0.15056432315270382
89,1441,1530,0.1505688509380507
89,1436,1525,0.1505739103571909
88,1439,1527,0.15057861907185172
90,1442,1532,0.15058514835238107
92,1428,1520,0.15058523477671154
88,1431,1519,0.15058019907852954
84,1430,1514,0.15058550462263906
86,1416,1502,0.1506010298251933
87,1409,1496,0.15060999671948436
90,1403,1493,0.1506151184484132
87,1422,1509,0.15061231988243015
89,1418,1507,0.15061727697302668
90,1407,1497,0.15061795711841575
87,1396,1483,0.15061534702181503
85,1424,1509,0.15062100129824024
85,1423,1508,0.15063104102583968
87,1428,1515,0.15063962750017698
85,1428,1513,0.15064227881794806
82,1430,1512,0.15064924512461214
82,1423,1505,0.1506626329702328
82,1421,1503,0.1506755908562823
82,1419,1501,0.1506880586114311
79,1406,1485,0.1507006295116273
82,1423,1505,0.1507207978106015
82,1421,1503,0.15073159880614503
82,1421,1503,0.15074274652238157
81,1426,1507,0.1507523337032752
78,1428,1506,0.15076348670847786
81,1423,1504,0.1507819761469648
81,1422,1503,0.15079274968785097
82,1435,1517,0.15080207808998441
81,1438,1519,0.15080760801466153
81,1436,1517,0.15081532978560086
78,1440,1518,0.1508233442158554
78,1436,1514,0.15083787961914055
79,1452,1531,0.15084902206355782
79,1437,1516,0.1508582110743924
77,1446,1523,0.15086697769384114
77,1442,1519,0.15087968861729156
77,1445,1522,0.15089269812879302
76,1443,1519,0.15090501299557402
76,1435,1511,0.15091988797016806
76,1432,1508,0.15093446626684495
77,1427,1504,0.15094853539729164
80,1434,1514,0.15095912218211238
79,1433,1512,0.1509596656524958
80,1431,1511,0.150963397362288
82,1428,1510,0.15096388556380488
82,1436,1518,0.15095831053972134
80,1446,1526,0.1509539507878052
79,1447,1526,0.1509552224163394
80,1455,1535,0.1509587949125703
86,1439,1525,0.15095940184491546
86,1451,1537,0.15094344000249837
82,1438,1520,0.1509293245013875
81,1448,1529,0.15092647469954057
82,1438,1520,0.15092647267015524
78,1448,1526,0.15092500012621637
73,1443,1516,0.15093394666337948
71,1443,1514,0.15095478403347698
73,1447,1520,0.15097956311098948
72,1455,1527,0.1509985213414565
75,1444,1519,0.15101850682608822
74,1453,1527,0.15103008437196677
72,1453,1525,0.15104380943758533
72,1452,1524,0.15106169716106202
73,1445,1518,0.15107753686142325
74,1453,1527,0.1510895370716748
73,1457,1530,0.15109876701544736
73,1459,1532,0.1511104733079471
74,1439,1513,0.1511207850299269
70,1445,1515,0.15112877262781083
69,1447,1516,0.15114608475947672
66,1440,1506,0.15116510018080462
65,1452,1517,0.15119043323929554
63,1452,1515,0.15121691514579103
60,1464,1524,0.15124641292462507
60,1458,1518,0.15128127650771814
63,1454,1517,0.15131407042181674
61,1456,1517,0.15133650296181597
64,1459,1523,0.1513618866371154
63,1454,1517,0.15137753268253765
63,1458,1521,0.15139520652438662
65,1476,1541,0.15141241501653452
63,1457,1520,0.15142270219870252
62,1454,1516,0.1514377668514495
63,1437,1500,0.15145482905687438
60,1435,1495,0.1514683039082742
59,1463,1522,0.1514871894009239
59,1461,1520,0.1515067892845383
61,1458,1519,0.15152602540636514
60,1468,1528,0.15153737167261
58,1465,1523,0.15155098464248265
58,1446,1504,0.15156845645178105
58,1453,1511,0.15158603618646585
59,1445,1504,0.15160230236662314
59,1446,1505,0.15161465163104648
59,1440,1499,0.15162696525473632
59,1440,1499,0.1516390320109933
60,1447,1507,0.15164998646888242
62,1455,1517,0.15165760053668786
64,1454,1518,0.15165907132389495
64,1447,1511,0.15165373172016877
66,1455,1521,0.1516484481364557
64,1464,1528,0.15163897519370192
65,1466,1531,0.15163471646047655
66,1457,1523,0.1516273915565923
66,1462,1528,0.15161854217590182
66,1457,1523,0.15161049116552058
65,1446,1511,0.15160388698552282
68,1443,1511,0.15160077643004288
67,1442,1509,0.1515890089442145
66,1439,1505,0.1515811637900998
65,1449,1514,0.1515768558554962
64,1449,1513,0.15157471521735796
64,1450,1514,0.15157514304394157
63,1459,1522,0.15157599025971072
65,1442,1507,0.15158050181273666
66,1444,1510,0.15157978683594636
65,1447,1512,0.1515758313756103
66,1451,1517,0.15157407253854085
68,1447,1515,0.1515704701779728
65,1433,1498,0.15156227876695486
64,1449,1513,0.15156163002945264
67,1455,1522,0.15156426557207114
68,1446,1514,0.15155877711855475
64,1457,1521,0.15155121251837742
63,1448,1511,0.15155438903875698
63,1451,1514,0.1515605458747314
60,1451,1511,0.1515664336318993
60,1451,1511,0.15157909328192443
61,1462,1523,0.15159145447656097
61,1462,1523,0.15160118474044768
61,1466,1527,0.15161075365262686
62,1458,1520,0.15162012844288317
62,1468,1530,0.15162545639567104
61,1469,1530,0.1516295337971675
60,1474,1534,0.15163651943743864
60,1470,1530,0.1516456199399224
58,1461,1519,0.15165391399157943
55,1457,1512,0.15166690881189193
58,1459,1517,0.15168642443534402
58,1459,1517,0.1516966171647615
58,1463,1521,0.15170671410209097
59,1448,1507,0.15171576944268547
58,1452,1510,0.1517206878703175
57,1448,1505,0.15172833370718805
55,1446,1501,0.15173775541625986
56,1450,1506,0.15175116041931982
58,1456,1514,0.15176209809726607
59,1459,1518,0.15176717362117675
56,1456,1512,0.1517693201418799
56,1466,1522,0.15177904760403493
57,1472,1529,0.15178792781633996
56,1474,1530,0.151792999521726
52,1477,1529,0.15180084159372584
54,1474,1528,0.15181846553239847
54,1468,1522,0.15182980328409662
54,1467,1521,0.1518409913663793
54,1472,1526,0.15185091941163656
54,1472,1526,0.15186018221461095
53,1466,1519,0.1518678069912617
53,1468,1521,0.15187802296886901
53,1469,1522,0.15188820983123097
53,1470,1523,0.1518982946010763
52,1464,1516,0.15190791056554662
51,1462,1513,0.15191886378987632
51,1457,1508,0.1519312208194174
49,1454,1503,0.15194306752857276
49,1442,1491,0.15195957553083553
49,1445,1494,0.15197507713596775
48,1442,1490,0.15198999845109462
51,1462,1513,0.15200658759511287
50,1453,1503,0.15201403556836143
49,1455,1504,0.15202391508127147
47,1456,1503,0.1520358981008202
47,1453,1500,0.15205194205012906
49,1460,1509,0.15206781693846913
51,1456,1507,0.1520770583159649
52,1462,1514,0.15207952840771738
51,1465,1516,0.15207939793827385
52,1458,1510,0.15208194639680397
52,1457,1509,0.15208086491961603
52,1455,1507,0.15207976760027064
52,1452,1504,0.15207828286075414
52,1444,1496,0.15207762730160523
50,1457,1507,0.1520775856568287
49,1469,1518,0.15208218268058052
49,1465,1514,0.152089791759796
51,1456,1507,0.15209624836437335
51,1449,1500,0.15209643924740138
50,1449,1499,0.1520972974209086
52,1434,1486,0.15209967215688683
52,1451,1503,0.15209646010461877
51,1475,1526,0.15209423398046554
49,1469,1518,0.15209546379658165
46,1471,1517,0.15210183828212734
52,1469,1521,0.15211519796185613
52,1469,1521,0.15211131226051097
50,1469,1519,0.1521083126151316
51,1470,1521,0.15211131315286516
50,1474,1524,0.15211171568504792
51,1467,1518,0.1521128452784675
51,1463,1514,0.1521118576419374
50,1458,1508,0.15211186315248817
48,1463,1511,0.152115049971272
48,1465,1513,0.15212330925882284
46,1460,1506,0.15213115544215522
50,1463,1513,0.15214274067646913
46,1460,1506,0.15214216198126349
47,1466,1513,0.15215266616097728
46,1467,1513,0.15215988648966833
45,1456,1501,0.15217005404450193
44,1465,1509,0.15218137627747347
44,1478,1522,0.1521948961851902
43,1480,1523,0.15220796789673546
44,1472,1516,0.1522227144759371
44,1464,1508,0.15223284391433548
46,1463,1509,0.15224203208470766
48,1461,1509,0.15224496817788535
48,1461,1509,0.15224264681824812
48,1463,1511,0.1522411255892341
47,1454,1501,0.15223986424189667
49,1458,1507,0.15224211411687066
49,1460,1509,0.15223830445765227
49,1463,1512,0.15223486268790062
50,1456,1506,0.15223140667961738
49,1465,1514,0.15222556897290468
49,1457,1506,0.15222294570738432
50,1477,1527,0.1522208568750742
50,1463,1513,0.15221625722646717
54,1476,1530,0.15221053519134217
53,1464,1517,0.15219446295139863
54,1463,1517,0.15218321405043597
52,1467,1519,0.1521701535163028
50,1469,1519,0.15216311820578593
52,1465,1517,0.15216110108972647
51,1458,1509,0.1521537385626028
53,1465,1518,0.15215010074219987
51,1468,1519,0.15214198578626992
50,1453,1503,0.15213943593575213
47,1448,1495,0.15214051983073035
48,1462,1510,0.15214911385055466
46,1472,1518,0.15215367734129337
47,1467,1514,0.15216340438002693
47,1473,1520,0.1521705165737723
45,1471,1516,0.15217732764729672
46,1471,1517,0.1521888534620683
43,1461,1504,0.15219720279568402
42,1455,1497,0.15221271267733605
43,1465,1508,0.15222986955411527
40,1473,1513,0.15224357727195093
39,1473,1512,0.15226392529341223
37,1476,1513,0.15228545171235205
36,1474,1510,0.15230973890909816
39,1475,1514,0.15233497599766363
38,1465,1503,0.15235014989514384
40,1474,1514,0.15236723348663456
40,1477,1517,0.1523770766836138
41,1481,1522,0.15238592362218825
40,1471,1511,0.15239088568238135
42,1462,1504,0.15239847353875066
40,1470,1510,0.15239993282893796
40,1477,1517,0.1524058194318474
40,1477,1517,0.15241209698026242
40,1470,1510,0.15241793672382242
42,1463,1505,0.1524240939072657
42,1484,1526,0.152424662977157
41,1477,1518,0.1524254380498366
40,1470,1510,0.15242909307820732
40,1472,1512,0.1524354352976371
41,1470,1511,0.15244186541549198
40,1467,1507,0.1524458185792504
40,1474,1514,0.15245269175768186
39,1489,1528,0.15245943599559653
39,1488,1527,0.15246836489509671
38,1485,1523,0.15247637290956445
38,1490,1528,0.15248641426364656
37,1484,1521,0.15249609901303016
38,1490,1528,0.15250688379504157
38,1479,1517,0.15251419004840375
38,1470,1508,0.15252140828580046
39,1477,1516,0.15252849837144794
39,1481,1520,0.15253253371915246
38,1477,1515,0.1525366374616795
37,1477,1514,0.15254262915327846
37,1490,1527,0.15254962209159056
37,1472,1509,0.15255658814134315
39,1461,1500,0.1525619095511855
40,1475,1515,0.1525619967141128
40,1472,1512,0.15255903359336334
39,1471,1510,0.15255646754729824
40,1474,1514,0.1525569470154398
41,1483,1524,0.15255561322519637
43,1466,1509,0.15255219273816972
41,1464,1505,0.15254234356398297
41,1476,1517,0.1525385234246565
40,1472,1512,0.15253547387969102
41,1476,1517,0.15253556516975667
39,1476,1515,0.15253302077043737
38,1482,1520,0.1525356851172358
38,1477,1515,0.1525409507550923
40,1483,1523,0.152545689687133
38,1479,1517,0.15254498515856244
36,1490,1526,0.15254946048101026
33,1478,1511,0.15255861556602746
33,1472,1505,0.15257477878041464
33,1478,1511,0.15259052512354457
35,1488,1523,0.1526055449066791
34,1484,1518,0.15261418510163144
34,1478,1512,0.15262495799658476
37,1484,1521,0.152634893991518
36,1479,1515,0.15263637409875358
35,1473,1508,0.15264044157948709
35,1477,1512,0.15264674690365637
35,1488,1523,0.1526522310941432
36,1478,1514,0.15265693507977565
35,1482,1517,0.15265864817799482
34,1472,1506,0.1526631164163399
37,1467,1504,0.1526699959471835
37,1476,1513,0.15266790865628782
37,1480,1517,0.1526665296420492
37,1480,1517,0.15266574369108526
38,1469,1507,0.15266464624703174
37,1461,1498,0.15266105827112356
37,1466,1503,0.15266056573839573
33,1471,1504,0.15266055074803792
34,1473,1507,0.1526701607891202
34,1473,1507,0.15267722083636545
34,1457,1491,0.15268414739436653
33,1468,1501,0.1526902214377564
33,1476,1509,0.15269852523100172
33,1472,1505,0.15270660583627468
33,1474,1507,0.15271435695690352
34,1475,1509,0.15272185355971254
35,1476,1511,0.15272624592482537
34,1480,1514,0.1527273680427527
34,1477,1511,0.15273111452576374
34,1471,1505,0.1527335025112057
34,1475,1509,0.15273614109272596
33,1463,1496,0.15273896256923106
34,1478,1512,0.1527436665762859
33,1477,1510,0.1527453533230043
32,1480,1512,0.15274953665203467
34,1471,1505,0.15275455099600854
35,1485,1520,0.1527541075392613
35,1493,1528,0.15275184660127752
35,1471,1506,0.15275023635838184
35,1480,1515,0.1527491747199663
35,1486,1521,0.1527485734344771
36,1479,1515,0.1527483563119273
33,1478,1511,0.15274552366868244
33,1487,1520,0.15275048719134912
32,1476,1508,0.15275542558484353
32,1475,1507,0.15276266382617948
33,1475,1508,0.15276967537201078
33,1486,1519,0.15277248336764193
33,1502,1535,0.15277543800524973
31,1491,1522,0.1527777211004335
31,1500,1531,0.15278480644743783
32,1496,1528,0.15279183675250838
34,1491,1525,0.15279633142169496
32,1492,1524,0.15279450856002746
32,1490,1522,0.15279810036627406
32,1493,1525,0.15280089726891752
32,1482,1514,0.15280397600273146
33,1477,1510,0.15280726166703917
33,1484,1517,0.15280805958768798
32,1476,1508,0.1528086902934052
31,1478,1509,0.15281229569879243
31,1478,1509,0.1528167865895146
31,1472,1503,0.1528210948533421
28,1474,1502,0.15282543853118663
29,1473,1502,0.15283708443003177
30,1481,1511,0.15284519841530092
31,1470,1501,0.15284998640767808
29,1479,1508,0.15285192872498807
29,1468,1497,0.15285932009182798
29,1482,1511,0.15286658312506488
27,1495,1522,0.15287368244958027
28,1499,1527,0.15288546142805814
29,1501,1530,0.1528939828702084
29,1486,1515,0.15289912128540364
28,1478,1506,0.15290422799905432
30,1493,1523,0.15291183629453325
29,1506,1535,0.15291298565242378
29,1500,1529,0.15291679878787448
29,1483,1512,0.15292070747088804
30,1481,1511,0.15292466583313946
29,1499,1528,0.15292547959722388
30,1497,1527,0.15292882912085548
27,1491,1518,0.15292826685105174
26,1497,1523,0.15293546182840814
25,1477,1502,0.1529448235862478
24,1487,1511,0.15295613283872742
24,1484,1508,0.15296856823714322
25,1474,1499,0.1529799119121787
24,1479,1503,0.15298831102319632
24,1492,1516,0.15299892967201134
24,1504,1528,0.15300925494284404
24,1503,1527,0.15301925975417557
24,1486,1510,0.15302892436669452
24,1483,1507,0.1530382352147972
24,1477,1501,0.15304718390090546
23,1492,1515,0.15305498748785554
24,1494,1518,0.15306487751537456
25,1481,1506,0.1530720051593652
24,1487,1511,0.1530764322880268
24,1493,1517,0.1530835144760187
24,1497,1521,0.15309028408794256
21,1495,1516,0.15309674502908036
24,1503,1527,0.1531099915844926
23,1505,1528,0.1531151968860442
22,1494,1516,0.15312249749270554
22,1500,1522,0.1531317754721719
21,1495,1516,0.1531405646625745
21,1496,1517,0.15315127481197177
21,1487,1508,0.15316138473401833
22,1493,1515,0.15317092327903695
22,1488,1510,0.1531767004549698
22,1488,1510,0.15318225868778915
23,1481,1504,0.15318759358209114
23,1490,1513,0.1531895920635148
23,1496,1519,0.15319165447915856
23,1508,1531,0.153193753706886
24,1503,1527,0.15319586718993192
28,1497,1525,0.1531949048061576
29,1498,1527,0.15318176810338738
28,1495,1523,0.153166841834526
27,1486,1513,0.15315633878988225
27,1491,1518,0.1531492995255455
29,1488,1517,0.15314308227067217
28,1484,1512,0.15313202488186953
27,1488,1515,0.15312480102338458
25,1500,1525,0.15312053096067696
24,1503,1527,0.15312159246017962
25,1493,1518,0.15312502474132894
24,1490,1514,0.15312614588174356
24,1489,1513,0.15312972371460545
24,1480,1504,0.15313323123177017
25,1479,1504,0.15313665264529436
25,1484,1509,0.15313735719862528
25,1483,1508,0.1531381534748615
25,1492,1517,0.15313901811902678
25,1479,1504,0.1531399314789169
26,1481,1507,0.15314087709087507
28,1487,1515,0.15313871058495704
30,1482,1512,0.15313048983497798
30,1493,1523,0.1531167273639561
29,1491,1520,0.15310345451608312
29,1490,1519,0.15309401969321387
28,1479,1507,0.15308564360437302
28,1475,1503,0.15308043736460217
28,1474,1502,0.153075662753422
29,1480,1509,0.1530715490543228
30,1478,1508,0.15306483567264142
30,1481,1511,0.15305516661737656
30,1476,1506,0.15304660023995728
30,1483,1513,0.15303900755379313
30,1492,1522,0.15303227495432004
29,1482,1511,0.15302570622481293
27,1488,1515,0.15302243995381073
27,1486,1513,0.15302486297782633
29,1500,1529,0.15302737451456255
30,1494,1524,0.15302292292145592
30,1492,1522,0.1530164195709732
31,1485,1516,0.15301079324338346
29,1484,1513,0.15300154510156133
27,1490,1517,0.15299838773494068
25,1483,1508,0.15300127096610103
26,1491,1517,0.15300902155434395
26,1493,1519,0.15301393585730083
24,1497,1521,0.15301870559435066
24,1500,1524,0.1530277616206297
23,1500,1523,0.15303661880809893
20,1493,1513,0.15304770302802675
18,1487,1505,0.1530656727337113
21,1497,1518,0.15308734572567864
22,1500,1522,0.15309963153837214
23,1491,1514,0.15310875536242124
23,1476,1499,0.1531150484017313
20,1483,1503,0.15312125837915436
18,1503,1521,0.15313455751612806
18,1509,1527,0.15315220356033274
18,1492,1510,0.15316892535560928
18,1485,1503,0.15318475672925558
18,1503,1521,0.15319973255591748
17,1500,1517,0.15321356483192228
17,1511,1528,0.1532284911946264
16,1511,1527,0.1532427083739404
18,1499,1517,0.1532588145852546
18,1496,1514,0.153268409294936
17,1496,1513,0.15327766110515925
16,1490,1506,0.15328925157893983
16,1482,1498,0.15330262472202866
16,1488,1504,0.1533150435109659
16,1482,1498,0.15332684258613724
16,1476,1492,0.15333804096677897
17,1482,1499,0.1533486589848148
16,1503,1519,0.1533557231057398
16,1502,1518,0.15336490732180735
17,1497,1514,0.15337368154449055
16,1506,1522,0.15337883146438638
15,1512,1527,0.15338610098299524
14,1510,1524,0.15339541696811082
15,1506,1521,0.15340671231885167
14,1502,1516,0.15341455566329038
12,1511,1523,0.1534244958052904
13,1512,1525,0.1534386024773827
13,1522,1535,0.15344943128791672
13,1520,1533,0.15345975991678937
13,1503,1516,0.1534695959612427
13,1501,1514,0.15347894964723097
13,1511,1524,0.15348783326337695
12,1502,1514,0.15349626068192634
13,1506,1519,0.15350661058021287
12,1502,1514,0.15351369369733697
11,1498,1509,0.15352294328005148
10,1498,1508,0.15353395494334737
10,1500,1510,0.1535467267991084
10,1515,1525,0.15355876886860642
9,1509,1518,0.1535701165015678
9,1508,1517,0.1535822445005886
8,1504,1512,0.15359376545224562
8,1512,1520,0.15360770044767338
7,1517,1524,0.15362081033722239
8,1512,1520,0.15363552194870325
8,1506,1514,0.15364616786626858
8,1509,1517,0.15365626794712942
6,1524,1530,0.15366584264506944
7,1522,1529,0.15367964241896243
7,1509,1516,0.15368946211424098
7,1509,1516,0.15369884164514322
7,1500,1507,0.15370774392976627
7,1501,1508,0.1537162372236046
7,1511,1518,0.153724328513813
7,1520,1527,0.1537320267029818
7,1512,1519,0.15373934219051283
7,1523,1530,0.15374628651827063
7,1526,1533,0.15375287207161592
7,1511,1518,0.15375911182811008
7,1504,1511,0.15376501914720764
7,1514,1521,0.15377060759514433
7,1519,1526,0.15377589080000706
6,1524,1530,0.15378088233264361
6,1534,1540,0.15378793070834904
6,1526,1532,0.15379457113639375
6,1516,1522,0.15380082491380256
5,1508,1513,0.15380671254777753
6,1514,1520,0.15381462498051177
6,1507,1513,0.15381898378241185
5,1505,1510,0.15382317093025036
5,1508,1513,0.15383009578401705
5,1518,1523,0.15383660309010552
5,1517,1522,0.15384271744646788
6,1513,1519,0.15384846208004815
6,1510,1516,0.1538506411711785
6,1510,1516,0.15385279007204075
6,1513,1519,0.15385489744859407
5,1510,1515,0.15385695436400088
5,1512,1517,0.15386138089959472
5,1507,1512,0.15386559579544148
4,1508,1512,0.15386960357065507
4,1508,1512,0.15387583721756326
4,1507,1511,0.15388172729449803
4,1518,1522,0.15388728915805822
4,1523,1527,0.15389253803410063
4,1526,1530,0.15389748891305552
3,1524,1527,0.15390215646713365
3,1520,1523,0.15390897757745348
3,1514,1517,0.1539153969658478
2,1515,1517,0.15392143656447285
2,1529,1531,0.15392951537311358
2,1538,1540,0.1539371135623253
2,1542,1544,0.1539442589196326
2,1526,1528,0.15395097773990354
2,1523,1525,0.15395729488909374
2,1525,1527,0.1539632338678094
2,1529,1531,0.15396881687419686
2,1522,1524,0.15397406486576407
2,1517,1519,0.15397899761982303
2,1515,1517,0.15398363379231217
2,1511,1513,0.15398799097481616
2,1517,1519,0.15399208574965084
2,1513,1515,0.15399593374292098
2,1514,1516,0.1539995496754939
2,1506,1508,0.15400294741185824
2,1516,1518,0.15400614000686336
2,1511,1513,0.15400913975034988
2,1502,1504,0.15401195820970026
2,1503,1505,0.15401460627034855
2,1504,1506,0.15401709417429796
2,1523,1525,0.15401943155670395
2,1523,1525,0.15402162748058268
2,1524,1526,0.1540236904697125
2,1508,1510,0.15402562853979532
2,1497,1499,0.15402744922794803
2,1496,1498,0.15402915962059527
2,1488,1490,0.15403076637983285
2,1491,1493,0.1540322757683326
2,1501,1503,0.1540336936728568
2,1505,1507,0.15403502562645038
2,1506,1508,0.15403627682937512
2,1512,1514,0.15403745216885134
2,1505,1507,0.15403855623766682
2,1506,1508,0.15403959335171374
2,1518,1520,0.1540405675665097
2,1508,1510,0.15404148269275775
2,1501,1503,0.15404234231099853
2,1520,1522,0.15404314978540312
1,1526,1527,0.15404390827675551
0,1531,1531,0.15404708735949646
