1370,29,1399,0.1357957859612629
1398,30,1428,0.13294262192952602
1411,33,1444,0.1302705431217109
1435,31,1466,0.1278048156385148
1444,33,1477,0.12549696880884112
1438,35,1473,0.12337215368949969
1435,35,1470,0.12145804806416187
1447,34,1481,0.11972646943501665
1449,35,1484,0.11811948968517832
1457,34,1491,0.11665271036536609
1463,36,1499,0.11529888149576094
1457,35,1492,0.11405403833897758
1464,37,1501,0.1129363456746611
1458,36,1494,0.11190160548333583
1463,37,1500,0.11097375413137786
1454,36,1490,0.11011885567980326
1459,36,1495,0.1093636326556495
1459,37,1496,0.10866491082876874
1461,36,1497,0.1080301250658687
1457,34,1491,0.1074470777631922
1454,33,1487,0.1069270273377731
1453,30,1483,0.10645988803955873
1456,31,1487,0.10603714064479335
1466,30,1496,0.10564549996340986
1480,29,1509,0.10526405044419987
1480,31,1511,0.10488500533822519
1473,29,1502,0.10453889879150509
1481,29,1510,0.10423989114317514
1482,29,1511,0.10394804544589686
1464,28,1492,0.10368142821942986
1459,31,1490,0.10348190740528039
1455,31,1486,0.10331380013152128
1462,34,1496,0.10317052783082932
1459,36,1495,0.10302588991425506
1467,35,1502,0.10289986746828707
1468,35,1503,0.10276593318116614
1459,33,1492,0.10264283174608106
1447,36,1483,0.10255091135541647
1464,38,1502,0.10249656769690686
1462,39,1501,0.1024091972538353
1449,39,1488,0.10233449420938368
1450,39,1489,0.10229364027208898
1460,38,1498,0.10225467934434217
1461,39,1500,0.1021967527572938
1456,38,1494,0.10214272851385715
1458,34,1492,0.10210551300494858
1465,34,1499,0.1020671550949831
1462,33,1495,0.10201344013403293
1452,31,1483,0.10197138169416484
1456,31,1487,0.10195764976903422
1445,30,1475,0.10193543324833593
1445,29,1474,0.10194002862061975
1447,31,1478,0.10194271684009953
1460,32,1492,0.10194244376297766
1460,32,1492,0.1019139908136464
1460,33,1493,0.10188747530237535
1459,33,1492,0.10186321681195093
1464,33,1497,0.10184360629567492
1464,33,1497,0.10181592386364968
1469,34,1503,0.10179192483264757
1457,35,1492,0.10175738463654307
1435,36,1471,0.10175186029408949
1446,36,1482,0.10179664779147951
1449,34,1483,0.10181425827964176
1447,35,1482,0.1018252664691905
1441,35,1476,0.10183824249178851
1447,35,1482,0.10186552790123357
1466,36,1502,0.10187764242501282
1451,36,1487,0.10184507325778147
1460,36,1496,0.1018473632982133
1469,37,1506,0.1018306891544078
1474,36,1510,0.10179536164839587
1454,36,1490,0.10174975215867253
1458,38,1496,0.10175267672199109
1461,38,1499,0.10174846801042937
1458,34,1492,0.10173735715764899
1452,35,1487,0.10173497984550713
1456,33,1489,0.10174544404238746
1463,34,1497,0.10174607041826639
1477,33,1510,0.1017292281159539
1466,34,1500,0.10168234296498953
1459,32,1491,0.10166309402162042
1458,32,1490,0.101661827942885
1449,31,1480,0.10166303348530435
1450,31,1481,0.10168338257495937
1445,35,1480,0.10170198588900739
1456,32,1488,0.10173008544221912
1465,33,1498,0.10173118990687971
1469,36,1505,0.10171271132485832
1472,37,1509,0.10168652242587944
1451,37,1488,0.10165632360631136
1454,37,1491,0.10167604238520812
1458,35,1493,0.10168617033141182
1448,34,1482,0.10168594181510905
1453,33,1486,0.10170809849735842
1463,36,1499,0.10171789456957496
1465,38,1503,0.10170281818068083
1451,37,1488,0.10168512566077716
1446,38,1484,0.10170008288889786
1444,37,1481,0.10172637502552796
1454,37,1491,0.10175455272701286
1449,37,1486,0.101758375744638
1450,37,1487,0.10177215993674299
1458,37,1495,0.10178298808997602
1462,38,1500,0.10177401801535466
1461,36,1497,0.10175870834772471
1446,37,1483,0.10174766444041385
1447,41,1488,0.10177022528870808
1457,41,1498,0.10179066806230594
1451,43,1494,0.10178723351392435
1459,44,1503,0.10179700297078664
1437,45,1482,0.10178791879191787
1435,44,1479,0.10183017434474265
1444,44,1488,0.10187383913108597
1444,45,1489,0.10189341099231537
1443,44,1487,0.10191186510088279
1439,46,1485,0.10193177340527342
1447,46,1493,0.10195660104002492
1437,48,1485,0.10196326178112901
1446,49,1495,0.10199168506903289
1450,47,1497,0.10199722191887965
1451,48,1499,0.10199366365787874
1452,48,1500,0.10198837020904968
1449,47,1496,0.10198191730567598
1454,45,1499,0.10198317735376637
1444,44,1488,0.1019712969187237
1434,43,1477,0.10198189208047265
1446,43,1489,0.10201442174058312
1444,42,1486,0.10201872453055609
1439,43,1482,0.10202716021980163
1437,42,1479,0.10204667631105327
1429,40,1469,0.10206972030094211
1445,40,1485,0.1021068245043896
1443,42,1485,0.10210660995053977
1442,41,1483,0.10211092226718488
1452,40,1492,0.10211555767830227
1450,42,1492,0.10209756639303351
1452,43,1495,0.10208628786505723
1457,42,1499,0.10206958476240681
1446,40,1486,0.10204234075013914
1439,41,1480,0.10204349509451821
1431,40,1471,0.10206093417372292
1435,40,1475,0.10209485180216576
1441,41,1482,0.10211630213257816
1442,39,1481,0.10212124003124502
1444,41,1485,0.1021226077532055
1445,43,1488,0.10212009317774319
1435,42,1477,0.10211580101743303
1451,43,1494,0.10213341834694628
1455,44,1499,0.10211439217890486
1449,43,1492,0.10208931560206334
1438,42,1480,0.10207969068507819
1439,39,1478,0.1020973225653226
1457,38,1495,0.10211078162965449
1446,37,1483,0.10208163092677619
1463,37,1500,0.10207859202906572
1464,38,1502,0.10203703662042035
1466,38,1504,0.1019975676717483
1466,40,1506,0.10195525904239203
1453,39,1492,0.10191562892797304
1449,37,1486,0.10190753111159812
1448,38,1486,0.10190953578185713
1451,37,1488,0.10191422780059518
1454,37,1491,0.1019122488753705
1484,40,1524,0.10190651518568299
1480,38,1518,0.10183116237661106
1476,37,1513,0.1017706516527831
1474,39,1513,0.10172321129837758
1479,36,1515,0.10168499851551116
1475,35,1510,0.1016379299907014
1470,37,1507,0.10160492746162202
1462,41,1503,0.10158649352757607
1446,38,1484,0.10158753889744361
1452,38,1490,0.10162445854927256
1456,42,1498,0.10164494221063133
1467,43,1510,0.10165362895032387
1452,46,1498,0.10163826146933815
1447,46,1493,0.10165646927332758
1444,48,1492,0.10168691730901205
1439,46,1485,0.10172368145414706
1448,45,1493,0.10176800177469962
1444,46,1490,0.10178799039822152
1439,52,1491,0.10181789834061902
1439,53,1492,0.10185603373297292
1446,55,1501,0.10189143356253126
1444,54,1498,0.10190902880446394
1440,54,1494,0.10193018230062517
1442,55,1497,0.10195782593111151
1451,59,1510,0.10197895940840887
1443,59,1502,0.10198057301786864
1440,61,1501,0.10199966286166873
1450,61,1511,0.10202393638822765
1442,59,1501,0.10202550754195112
1437,61,1498,0.10204598255600693
1433,60,1493,0.10207653093789322
1428,60,1488,0.10211547710180031
1442,62,1504,0.1021608678560938
1446,61,1507,0.10216973512834004
1445,59,1504,0.1021693718720326
1431,61,1492,0.10216939536742405
1433,57,1490,0.1022011950556081
1430,57,1487,0.10222882975021726
1433,56,1489,0.10226038709811107
1418,60,1478,0.10228150267319461
1422,64,1486,0.10233488682191648
1423,66,1489,0.10237639775467347
1419,68,1487,0.1024118338274957
1404,72,1476,0.10245419082768009
1425,71,1496,0.10252694614813138
1435,71,1506,0.10254599090701089
1429,69,1498,0.10254221496459578
1430,68,1498,0.10255198021017371
1435,70,1505,0.10255841547831988
1434,70,1504,0.10255442728075241
1441,64,1505,0.10255249652884381
1444,67,1511,0.10253566800128393
1444,67,1511,0.10251315212043101
1447,66,1513,0.10249115856162216
1440,64,1504,0.1024652446808064
1427,68,1495,0.10245723297375306
1423,66,1489,0.10247914125931726
1429,69,1498,0.10250836684146587
1435,68,1503,0.10252281698753432
1428,70,1498,0.1025225916393318
1426,70,1496,0.10253813465665468
1429,66,1495,0.10255683934101781
1422,67,1489,0.10256615228561948
1419,67,1486,0.10259097371310394
1416,66,1482,0.1026178217843883
1419,70,1489,0.10265020568983686
1410,71,1481,0.10267230131362044
1408,72,1480,0.10271411738252498
1407,70,1477,0.10275799398596502
1412,68,1480,0.1028009214281872
1410,68,1478,0.10282893959832431
1420,68,1488,0.10285865302484305
1433,68,1501,0.10286319017307316
1426,66,1492,0.10283877003947936
1422,66,1488,0.10283116563703441
1426,67,1493,0.10283313775271578
1430,70,1500,0.10282614629616196
1415,72,1487,0.1028108061433639
1409,69,1478,0.1028306613464403
1406,71,1477,0.10286464158399838
1405,74,1479,0.1029020106661108
1416,72,1488,0.10293624978782591
1422,71,1493,0.10294422882510239
1421,75,1496,0.10293783499385899
1415,75,1490,0.10293297595259546
1416,74,1490,0.10294274766709187
1418,74,1492,0.10295142908131684
1419,72,1491,0.10295577747936417
1416,75,1491,0.10295702888469543
1413,74,1487,0.10296593567092004
1407,78,1485,0.10298050064362997
1419,81,1500,0.10300692444555008
1424,82,1506,0.10300483636964941
1417,81,1498,0.10299141090435131
1426,78,1504,0.10299577818197518
1412,81,1493,0.1029810650852385
1416,85,1501,0.10299806056845945
1416,83,1499,0.10300653443945505
1420,82,1502,0.10301431691257142
1420,82,1502,0.10301334432895129
1420,82,1502,0.10301230131257212
1409,82,1491,0.1030109122860424
1411,83,1494,0.10303480067353839
1400,83,1483,0.10305247209987321
1412,81,1493,0.10309326276542312
1398,79,1477,0.10310424232845677
1397,78,1475,0.10314334668534576
1412,81,1493,0.10318231388636567
1410,80,1490,0.10318505332879807
1396,82,1478,0.1031918611531993
1396,86,1482,0.10322860956641415
1411,87,1498,0.10326312638243924
1410,86,1496,0.10326306464381187
1416,85,1501,0.10326597976771275
1416,85,1501,0.10325501289327949
1406,85,1491,0.10324544123629568
1415,85,1500,0.10325849614234456
1412,86,1498,0.10324914188979811
1401,86,1487,0.10324593495093928
1392,86,1478,0.10327074909828246
1405,86,1491,0.10331595102432964
1404,86,1490,0.10332806091823091
1393,86,1479,0.10334085991435904
1403,90,1493,0.10337650110468705
1391,91,1482,0.10338602266917007
1396,89,1485,0.10342183804106451
1400,91,1491,0.10344507153896355
1405,93,1498,0.10345660653744006
1402,93,1495,0.10345602562102581
1389,94,1483,0.10346177051011414
1393,97,1490,0.10349850116377246
1395,97,1492,0.10352273407746548
1404,99,1503,0.10354331584228292
1400,99,1499,0.1035424313095056
1397,104,1501,0.10355052957813835
1400,105,1505,0.10356501301852518
1387,104,1491,0.10357383128741629
1397,105,1502,0.10361041159087402
1390,103,1493,0.10362035742102663
1396,104,1500,0.10364275138921758
1392,103,1495,0.10365108795648754
1392,101,1493,0.10366886598591102
1392,102,1494,0.10368749118378387
1382,106,1488,0.10370501556537864
1393,104,1497,0.10374432045199161
1383,104,1487,0.10375316742121282
1364,103,1467,0.10378379836622557
1373,105,1478,0.10385508868668993
1383,103,1486,0.10390096092293633
1380,104,1484,0.10392007588855677
1373,108,1481,0.10394475277098934
1370,112,1482,0.10398338924371721
1365,117,1482,0.10402671676453165
1357,120,1477,0.10407951222315483
1347,123,1470,0.10414733168807444
1362,118,1480,0.1042319406900679
1366,123,1489,0.10427282344686077
1351,125,1476,0.10429959905286598
1364,127,1491,0.10436029698287357
1364,130,1494,0.10438788556040102
1362,129,1491,0.10441514194475221
1356,131,1487,0.10444473524526797
1347,127,1474,0.10448823507363734
1350,125,1475,0.10454910498932535
1347,126,1473,0.10459586849902318
1358,128,1486,0.10464677938257573
1355,128,1483,0.10466878560667695
1347,130,1477,0.10469574269804773
1360,131,1491,0.10473959329648501
1360,132,1492,0.10475082913455872
1355,125,1480,0.10476198565094773
1359,123,1482,0.10478509167244372
1372,127,1499,0.10479779257297497
1370,128,1498,0.10478068793219072
1361,128,1489,0.1047681919732863
1371,126,1497,0.1047784354534688
1370,129,1499,0.10476769050474183
1379,128,1507,0.10475850587792665
1376,128,1504,0.1047291986062308
1366,130,1496,0.10470435245944898
1355,129,1484,0.10470558815529986
1346,132,1478,0.10473280492668127
1359,134,1493,0.10478086787235792
1358,136,1494,0.10479626916876766
1351,137,1488,0.1048115340599494
1351,140,1491,0.10484333942871746
1358,138,1496,0.10487411042385517
1348,140,1488,0.10488623024896601
1343,139,1482,0.10492058387400509
1342,141,1483,0.10496465573155404
1336,146,1482,0.10500862691035881
1348,146,1494,0.10506151747569936
1350,145,1495,0.1050835558799858
1355,144,1499,0.10510000982695913
1341,148,1489,0.10510316447621001
1351,149,1500,0.10514105184545983
1355,154,1509,0.10515133705371137
1347,158,1505,0.10515306987279231
1348,157,1505,0.10517415733956566
1354,156,1510,0.10519133597663874
1346,160,1506,0.10519362265935829
1343,157,1500,0.10521415278526657
1331,160,1491,0.10523953969888679
1333,163,1496,0.10529061559636343
1338,160,1498,0.1053356669975337
1330,166,1496,0.1053683190496565
1327,165,1492,0.10541734222524422
1328,165,1493,0.10546837957423641
1322,159,1481,0.10551278776340071
1326,168,1494,0.1055670345367381
1335,173,1508,0.10560775580517529
1329,175,1504,0.1056265528147435
1331,172,1503,0.10565852541367121
1323,167,1490,0.10568413568184845
1313,166,1479,0.10572741354120062
1317,163,1480,0.1057902083134806
1331,169,1500,0.1058406116124155
1336,161,1497,0.10585465490239253
1328,164,1492,0.10585253808936387
1317,162,1479,0.10586926740937498
1323,166,1489,0.10591012908538726
1324,164,1488,0.1059346009962011
1333,165,1498,0.10595337690021722
1324,170,1494,0.10594967873712477
1327,172,1499,0.10596800667781309
1323,172,1495,0.10597899809122886
1323,171,1494,0.10599991911307288
1324,175,1499,0.10601822713638316
1319,178,1497,0.10603488775001395
1311,181,1492,0.10606127402778683
1308,184,1492,0.10610185951765509
1313,182,1495,0.10614676486108905
1313,181,1494,0.10618006186207231
1298,182,1480,0.10621206092957433
1300,180,1480,0.10627390305018793
1294,173,1467,0.10632601987597048
1295,183,1478,0.10638736551761124
1306,181,1487,0.10644361852327926
1308,181,1489,0.10647054384486022
1310,185,1495,0.10649036004250907
1287,192,1479,0.10650558492584296
1301,190,1491,0.10657253685960072
1303,189,1492,0.10660349991518661
1310,194,1504,0.1066237400008555
1318,194,1512,0.10662740614702444
1307,195,1502,0.10661366195596504
1289,194,1483,0.10662502517139583
1292,195,1487,0.10667880750670747
1299,200,1499,0.10671941556938969
1302,201,1503,0.10674283222397157
1308,197,1505,0.10675876431921845
1297,196,1493,0.10676026609197872
1295,200,1495,0.10678813168862761
1293,197,1490,0.1068194671962428
1287,195,1482,0.10685344514410111
1294,196,1490,0.10689790172401359
1300,196,1496,0.1069239896278948
1298,198,1496,0.10693416688757171
1305,201,1506,0.1069481101832073
1304,191,1495,0.10694593423295733
1315,195,1510,0.10694687100915946
1309,199,1508,0.10692146474379538
1303,202,1505,0.10691083540514082
1290,204,1494,0.10691379527160944
1279,203,1482,0.10694697089532099
1283,198,1481,0.10700330272909885
1290,197,1487,0.10704672547262423
1281,197,1478,0.10707272928192083
1301,193,1494,0.10711631973338141
1308,196,1504,0.10711215763894738
1302,198,1500,0.10709272898680273
1300,199,1499,0.10708696462096139
1302,199,1501,0.1070873850441166
1303,200,1503,0.107083218009329
1300,200,1500,0.1070768748784314
1292,203,1495,0.10707894980842227
1278,201,1479,0.10709969437826455
1270,200,1470,0.1071493422411693
1272,200,1472,0.10721317594400771
1284,203,1487,0.107268411863479
1272,204,1476,0.10729309115440681
1273,202,1475,0.10734257833380606
1270,201,1471,0.1073844450038506
1271,209,1480,0.107429938570688
1266,214,1480,0.10747075176196805
1258,215,1473,0.1075188580003222
1265,215,1480,0.10757995271801998
1268,212,1480,0.10762195141863654
1278,213,1491,0.10765347941641
1278,217,1495,0.10765831381852103
1282,214,1496,0.10766293811466526
1292,215,1507,0.10765842978334429
1276,216,1492,0.10762943911015874
1268,218,1486,0.10764159226406483
1283,217,1500,0.10767198870611665
1284,223,1507,0.10766457001854401
1281,222,1503,0.1076552760509011
1281,218,1499,0.10765446085112844
1285,223,1508,0.10765462728963585
1277,224,1501,0.10764757436918374
1273,222,1495,0.10765895826531631
1280,224,1504,0.1076778038587242
1287,220,1507,0.10768025221099425
1267,226,1493,0.10766667935339212
1269,224,1493,0.10770020690466747
1267,225,1492,0.10772627578726503
1272,228,1500,0.1077540635865398
1270,230,1500,0.10777098142695846
1264,229,1493,0.10779278145972397
1269,227,1496,0.10782497005661792
1276,224,1500,0.10784400527739622
1280,224,1504,0.10784242824403815
1273,227,1500,0.1078321937362789
1268,228,1496,0.10783888146417986
1262,233,1495,0.10785793599013832
1272,234,1506,0.1078900745527179
1277,235,1512,0.10789646206513762
1278,240,1518,0.10789122321533756
1268,243,1511,0.10788718651369869
1258,239,1497,0.10790800624453091
1252,234,1486,0.10794914586806112
1252,234,1486,0.10800215627651977
1254,244,1498,0.10804943382721394
1259,236,1495,0.10809002780135973
1250,239,1489,0.10811570786111739
1258,239,1497,0.10815729425052995
1250,245,1495,0.10817949476802248
1251,247,1498,0.10821776867997639
1250,243,1493,0.10825310975829228
1246,242,1488,0.10828772140254266
1235,238,1473,0.10833020168123891
1243,238,1481,0.10839423165510652
1245,243,1488,0.10843625110502295
1254,247,1501,0.10846801710830269
1260,246,1506,0.1084753540266249
1260,252,1512,0.10846833338477392
1267,249,1516,0.10846063271739577
1253,244,1497,0.10843853300151121
1259,244,1503,0.10845042863789855
1260,247,1507,0.1084493436049805
1257,256,1513,0.10844730039788403
1248,257,1505,0.10845390139001196
1246,262,1508,0.10848022862410196
1246,261,1507,0.10850936349919942
1241,258,1499,0.10853832942408839
1253,262,1515,0.10857719901000823
1250,260,1510,0.10858783481321517
1245,256,1501,0.10860410892205351
1232,254,1486,0.10863074564125505
1232,254,1486,0.10868603318357982
1244,254,1498,0.10873556176436482
1247,251,1498,0.10875622114005644
1242,250,1492,0.1087657125807966
1249,253,1502,0.10878356027910265
1245,256,1501,0.10878384664700402
1239,256,1495,0.10879290493626907
1247,255,1502,0.10881352708691389
1243,256,1499,0.10881768883828474
1246,258,1504,0.1088302292919575
1242,254,1496,0.10883540324201889
1232,260,1492,0.10884812325002645
1238,255,1493,0.10888205149370521
1224,251,1475,0.10890019546112308
1221,252,1473,0.10894935620747327
1232,255,1487,0.10900343831130709
1241,253,1494,0.1090281380797603
1241,253,1494,0.10902846986200421
1230,254,1484,0.10902792391576653
1229,255,1484,0.10905376072649908
1229,257,1486,0.1090807349674982
1229,251,1480,0.10910691975780074
1239,248,1487,0.10912922110290374
1240,245,1485,0.10912864427255993
1244,250,1494,0.10912678329689034
1239,248,1487,0.1091150157994618
1231,254,1485,0.10911481982572853
1237,254,1491,0.10912997782259523
1246,262,1508,0.10912970708444142
1245,261,1506,0.10910985927714552
1240,262,1502,0.1090964522026226
1247,263,1510,0.10909735513170904
1233,263,1496,0.10908188618874703
1232,266,1498,0.10909982436409664
1229,268,1497,0.10911998744280535
1228,264,1492,0.10914663838300984
1233,262,1495,0.10917176698875153
1225,264,1489,0.10918463243107793
1223,265,1488,0.10921407118665588
1222,262,1484,0.10924659973628824
1222,263,1485,0.10927998636463332
1214,262,1476,0.1093115824419123
1219,262,1481,0.10935968472086464
1218,261,1479,0.10939403508186547
1216,261,1477,0.10942768683286268
1219,261,1480,0.10946492187373619
1218,265,1483,0.10949000171435676
1212,267,1479,0.10951477824082317
1209,263,1472,0.10955217615035293
1222,263,1485,0.10959173954078423
1227,263,1490,0.10959814610961308
1227,259,1486,0.10959434762102131
1219,269,1488,0.10958450481132873
1218,265,1483,0.10959311442192446
1205,270,1475,0.10960713176820364
1214,277,1491,0.10964988707516582
1216,273,1489,0.10967039835463609
1215,281,1496,0.10968746663341544
1224,283,1507,0.10970681457737076
1225,285,1510,0.10970361856255774
1217,287,1504,0.10970003702128286
1208,286,1494,0.10971762136701724
1206,285,1491,0.10975386651334083
1200,290,1490,0.10979325687786887
1200,285,1485,0.10984319348311164
1205,286,1491,0.10989126423885648
1194,285,1479,0.10992352162898579
1195,289,1484,0.10997944854911823
1203,283,1486,0.11002800587877573
1201,288,1489,0.11005496056641871
1199,297,1496,0.11008498375331126
1198,293,1491,0.11011472791420016
1190,298,1488,0.11014347015648811
1183,298,1481,0.11018815673408078
1199,300,1499,0.11024495086117192
1196,302,1498,0.11026341624430305
1210,303,1513,0.11028918503672593
1207,298,1505,0.11027954883564614
1192,302,1494,0.11027872846782583
1194,303,1497,0.11031355384511674
1189,304,1493,0.11034113488806076
1181,300,1481,0.11038132460541508
1184,298,1482,0.11043668014196839
1200,307,1507,0.11047907184546403
1204,314,1518,0.11048073970249045
1198,309,1507,0.11047374487115265
1203,315,1518,0.11048321780350935
1185,312,1497,0.11048222434695475
1189,314,1503,0.11052509793232183
1185,307,1492,0.11055478314418409
1185,313,1498,0.11059030089867974
1190,305,1495,0.1106243704286266
1192,304,1496,0.11064596444803704
1193,308,1501,0.11065672000278463
1187,312,1499,0.11066327481550911
1186,317,1503,0.11068463464497105
1180,320,1500,0.1107078538963816
1167,320,1487,0.11074386782030989
1179,312,1491,0.1108059664265122
1177,315,1492,0.1108381423401916
1183,323,1506,0.11087206772624729
1176,320,1496,0.11089211481673605
1173,319,1492,0.1109279952553511
1179,311,1490,0.11096845076025857
1170,308,1478,0.11099149542678895
1172,310,1482,0.11103435346704435
1191,314,1505,0.11106831976616005
1186,319,1505,0.11105231620370738
1184,315,1499,0.11105041858930073
1178,315,1493,0.11105250437977375
1184,315,1499,0.111067335991772
1176,319,1495,0.11106851906987697
1174,318,1492,0.111088042230963
1165,322,1487,0.1111119450318657
1169,331,1500,0.1111542864541494
1164,331,1495,0.11118389543360664
1171,331,1502,0.11122225625327677
1184,326,1510,0.11124203340578678
1191,325,1516,0.1112312622374824
1179,324,1503,0.11120531222041581
1170,327,1497,0.11121048994194577
1171,321,1492,0.111237236531016
1173,321,1494,0.11125821898140446
1169,320,1489,0.11127343837083288
1164,326,1490,0.11129801779061649
1170,325,1495,0.11133195303764301
1181,327,1508,0.11135038912195862
1186,329,1515,0.11134463932282447
1186,329,1515,0.11132771100639129
1177,328,1505,0.11131386494607899
1178,330,1508,0.1113222025583894
1171,335,1506,0.11132601898580025
1161,330,1491,0.11134585731906636
1169,332,1501,0.11138697485165025
1164,335,1499,0.1114081371355093
1162,327,1489,0.11143984908272056
1165,326,1491,0.11147369324163779
1162,329,1491,0.11149865495506259
1163,331,1494,0.11152738451615128
1167,331,1498,0.111551984103106
1170,331,1501,0.11156491309426687
1167,331,1498,0.11157015295427979
1172,330,1502,0.1115806332445047
1158,327,1485,0.11158041242416475
1155,332,1487,0.1116121631992546
1149,336,1485,0.11164689461692906
1149,340,1489,0.11169219468342823
1150,338,1488,0.11173639029724454
1155,330,1485,0.11177482940135346
1163,333,1496,0.11179978677575463
1160,331,1491,0.11180498171939034
1143,340,1483,0.11181821968542893
1151,335,1486,0.11186940026914675
1152,331,1483,0.11189819909271505
1162,338,1500,0.11192229736253438
1167,332,1499,0.11192382041035032
1169,338,1507,0.11191199226201888
1173,347,1520,0.11189759140291887
1162,345,1507,0.11187414347783367
1156,350,1506,0.11187870833095054
1153,356,1509,0.11189852210496073
1154,358,1512,0.1119246583940303
1157,351,1508,0.11194831430943829
1156,353,1509,0.11196291597277107
1152,353,1505,0.11197717392804658
1141,349,1490,0.11200001530342892
1129,347,1476,0.11204422762576233
1127,342,1469,0.11211307787881793
1134,349,1483,0.11217995147793668
1146,358,1504,0.11222736693259647
1147,362,1509,0.11224403383278773
1148,359,1507,0.11225811333969277
1134,355,1489,0.11227104816474631
1134,355,1489,0.11231503173330468
1138,359,1497,0.11235530084731088
1140,358,1498,0.11238256169792468
1135,355,1490,0.11240505951477157
1132,361,1493,0.11243506177604498
1133,369,1502,0.11247013319176674
1133,372,1505,0.11250282638121262
1131,372,1503,0.11253108702712086
1126,376,1502,0.11256226522914436
1131,381,1512,0.11260329764912463
1128,377,1505,0.11263019546353568
1137,374,1511,0.11266238904845935
1129,375,1504,0.11267339493908853
1125,376,1501,0.11270390902306758
1117,381,1498,0.11274111262002431
1123,382,1505,0.11279444241244602
1130,378,1508,0.11282964946052042
1120,378,1498,0.11284558974579458
1120,378,1498,0.11288342150039415
1126,376,1502,0.11291780765207957
1129,371,1500,0.11293621406791253
1114,377,1491,0.11294835132201735
1111,382,1493,0.11299238539188955
1112,384,1496,0.11304095469869825
1112,381,1493,0.11308165108060159
1112,390,1502,0.11311935502353992
1101,384,1485,0.11315819775488381
1103,386,1489,0.11321964501586233
1102,395,1497,0.11327046084627235
1099,402,1501,0.11332108324459648
1096,397,1493,0.11337570568739191
1103,402,1505,0.11343481436084266
1100,401,1501,0.11347306583588576
1107,398,1505,0.11351482164083171
1110,400,1510,0.11353870811261775
1108,408,1516,0.11355637265216557
1103,404,1507,0.11357550153370273
1107,410,1517,0.1136031222195189
1094,406,1500,0.11361972317443639
1087,403,1490,0.11366324545918804
1097,400,1497,0.11371954400523343
1092,403,1495,0.11375270464667844
1100,408,1508,0.113796059386764
1104,406,1510,0.11381616482073909
1099,406,1505,0.11382550411482757
1091,404,1495,0.11384478304884331
1089,407,1496,0.11388164330489019
1094,408,1502,0.11392166731722483
1098,405,1503,0.11394898460814976
1087,410,1497,0.11396506052529996
1082,411,1493,0.1140047668286218
1091,411,1502,0.11405543307235554
1087,407,1494,0.11408251248800212
1089,408,1497,0.11411542111788925
1087,414,1501,0.11413948716658058
1082,406,1488,0.11416844361240785
1081,413,1494,0.11420579002854848
1079,416,1495,0.11424363453528134
1076,412,1488,0.11428348473848059
1079,416,1495,0.11432718854327603
1071,421,1492,0.11436136781948793
1079,420,1499,0.11441001686780047
1089,425,1514,0.11443732360374456
1085,429,1514,0.11444041385152935
1079,429,1508,0.1144531657953279
1073,428,1501,0.11447954913795684
1078,431,1509,0.11451792682170471
1086,422,1508,0.11454040053117114
1092,423,1515,0.11454210603980364
1086,427,1513,0.11452850668354637
1081,424,1505,0.11453154922414935
1065,425,1490,0.11454636430849231
1064,428,1492,0.11459788001243147
1071,424,1495,0.11464578957401557
1064,417,1481,0.11467515038309704
1070,423,1493,0.11471994946673071
1070,426,1496,0.11474623303591805
1067,424,1491,0.11477037334354342
1079,422,1501,0.11480000497915377
1078,421,1499,0.11479907388653626
1069,429,1498,0.1148003335714897
1060,428,1488,0.11482335406439699
1054,431,1485,0.11486783503372208
1056,428,1484,0.11492436233513452
1045,419,1464,0.11497320817097513
1054,426,1480,0.11504138400975275
1057,426,1483,0.11508207923803432
1064,433,1497,0.11511256616020865
1064,429,1493,0.11512388220374518
1061,431,1492,0.11513481513756929
1049,433,1482,0.11514953262918208
1055,438,1493,0.11519162643996275
1057,441,1498,0.11521910992292753
1063,436,1499,0.11523720944534734
1060,430,1490,0.11524070307537379
1059,434,1493,0.11525225488927321
1064,442,1506,0.11526795337977692
1064,441,1505,0.11527092555247229
1061,436,1497,0.11527338195448361
1061,430,1491,0.11528239846465177
1061,431,1492,0.11529100254468086
1068,432,1500,0.1152994909389566
1072,428,1500,0.1152906911062251
1068,429,1497,0.11527256727264373
1067,435,1502,0.11526201265965658
1062,429,1491,0.1152541163880239
1066,427,1493,0.11526064610996294
1074,434,1508,0.11525586699099141
1060,436,1496,0.11523443538154986
1062,433,1495,0.11524771611191596
1063,432,1495,0.11525838775879241
1059,434,1493,0.11526690212362829
1060,433,1493,0.11528677235075736
1056,444,1500,0.11530249993327496
1051,443,1494,0.11532492521461013
1060,442,1502,0.11535795612578643
1066,439,1505,0.11536815281681082
1058,432,1490,0.11535870187786458
1064,432,1496,0.1153697880537928
1067,426,1493,0.11536667274583863
1062,424,1486,0.11535741673017902
1063,431,1494,0.11535954508151558
1050,433,1483,0.11535916367959448
1057,438,1495,0.11538860220039654
1058,436,1494,0.11539928728582971
1060,441,1501,0.1154054646271807
1053,444,1497,0.11540604850782098
1069,433,1502,0.11542273781098324
1078,432,1510,0.11540100043311095
1072,434,1506,0.11535872055770154
1072,441,1513,0.11533453977995872
1065,445,1510,0.1153145998753645
1074,446,1520,0.11530978749988
1066,438,1504,0.11528661044691098
1057,444,1501,0.11528088529484397
1064,442,1506,0.11529789045980587
1065,445,1510,0.11529864729434865
1067,446,1513,0.11529702182803384
1067,437,1504,0.115293046442874
1064,439,1503,0.11528866641045689
1064,440,1504,0.1152906715764209
1053,440,1493,0.11529143456016186
1064,442,1506,0.11531883956552229
1070,446,1516,0.11531895425964084
1064,448,1512,0.11530395617426702
1039,446,1485,0.11530401365600394
1032,450,1482,0.11536302186826809
1037,452,1489,0.11543444672594305
1039,456,1495,0.11549004379981156
1035,461,1496,0.11553848679227306
1037,468,1505,0.11559355850350242
1038,465,1503,0.11563918271006339
1038,464,1502,0.11567779072517287
1035,467,1502,0.11571366644850277
1031,472,1503,0.11575608893092362
1022,465,1487,0.11580470162040189
1030,465,1495,0.11587218507297108
1030,465,1495,0.11591723575915391
1038,474,1512,0.1159589565606365
1038,477,1515,0.11598084977699816
1027,486,1513,0.11600018951367325
1023,478,1501,0.11604296498160625
1031,477,1508,0.11609318963249102
1016,482,1498,0.1161228553320885
1019,489,1508,0.11618672134105985
1025,478,1503,0.11623860313367089
1027,478,1505,0.11627153639609576
1021,476,1497,0.11629693402458331
1007,474,1481,0.11633566237235485
1005,480,1485,0.11640505635598064
1004,484,1488,0.11647116743203131
1005,483,1488,0.11653588076618672
1007,485,1492,0.11659285707502422
1004,493,1497,0.11664029599070135
1010,499,1509,0.11669143041291327
1015,491,1506,0.1167256375047581
1003,493,1496,0.11674217942048105
997,488,1485,0.11678494114245862
1004,486,1490,0.11683864438764863
994,491,1485,0.11687088764706231
995,485,1480,0.11692363691071725
1004,486,1490,0.11696968223628464
1003,486,1489,0.11699528896190539
1004,494,1498,0.11702132998386855
1009,488,1497,0.1170441918599115
1007,493,1500,0.11705482590284437
1011,492,1503,0.11707014866418587
1014,483,1497,0.11707563794449309
1011,486,1497,0.11706975087889102
1009,491,1500,0.11707191186723515
1015,496,1511,0.11707820090754473
1014,496,1510,0.11707074831149879
1004,503,1507,0.11706883198196166
1000,494,1494,0.11709190832139178
993,499,1492,0.1171229828734841
995,502,1497,0.11716895972659845
991,501,1492,0.11720930488443275
998,502,1500,0.11725775495362081
997,503,1500,0.1172864338638652
990,504,1494,0.11731572570987954
985,517,1502,0.11736096797113771
970,528,1498,0.11741427012685808
971,529,1500,0.11749915187177852
962,527,1489,0.11757727287755415
967,528,1495,0.11766969324542396
975,535,1510,0.11774487211397773
982,539,1521,0.11779914941943545
970,541,1511,0.11783433454413256
977,538,1515,0.11789544492639875
974,539,1513,0.11793578042876823
973,539,1512,0.11798004469221603
972,543,1515,0.11802550880324869
968,534,1502,0.11806924539864953
956,540,1496,0.11811800796574162
962,536,1498,0.11819233469949722
968,536,1504,0.11824705233200784
964,541,1505,0.11828493977394425
968,546,1514,0.11832814572560393
971,548,1519,0.11835967869562598
967,548,1515,0.11838392386934105
960,542,1502,0.11841462462901305
955,548,1503,0.11846047629499569
951,558,1509,0.11851291168399998
951,556,1507,0.11857319814611281
954,552,1506,0.11862899841693722
964,546,1510,0.11867569654170759
959,549,1508,0.11869616977092821
964,544,1508,0.11872564145509705
967,551,1518,0.1187427817590849
969,551,1520,0.11875225172749182
959,552,1511,0.11875712249924632
957,545,1502,0.11878265107038623
956,546,1502,0.11881012193905262
958,546,1504,0.11883819315865435
962,550,1512,0.11886119189972127
965,547,1512,0.11887448803200033
963,542,1505,0.11888046923268604
964,549,1513,0.11888931538951841
958,547,1505,0.11889670175942169
964,542,1506,0.11891512148448627
960,541,1501,0.11891882010789122
966,537,1503,0.11893268559471176
960,538,1498,0.11893249224317237
968,531,1499,0.11894393845205903
972,527,1499,0.11893061541151911
970,517,1487,0.1189078740810659
976,511,1487,0.11888957819598449
987,502,1489,0.11885655579277767
986,513,1499,0.1187991326084223
984,512,1496,0.11874815265852327
979,527,1506,0.11870484032666401
978,522,1500,0.11867707015463295
977,519,1496,0.11865375238640853
979,523,1502,0.11863559471378109
970,524,1494,0.11861406468444471
974,522,1496,0.11861477942416535
972,525,1497,0.11860823023163032
972,531,1503,0.11860892373301356
972,531,1503,0.11860942039427944
982,524,1506,0.11860986115642216
982,524,1506,0.11858906211793005
975,533,1508,0.11857158626253483
975,532,1507,0.11857292531866465
973,544,1517,0.11857647996348257
977,545,1522,0.11858342749627532
983,536,1519,0.11858172456468621
966,540,1506,0.11856648461353435
969,532,1501,0.11859270700744316
978,535,1513,0.11860793932026585
982,539,1521,0.11860185830318239
983,544,1527,0.11858616380980098
978,538,1516,0.11856928848219611
972,544,1516,0.11856655473586368
961,548,1509,0.11858077449326089
964,545,1509,0.11861900375695257
958,560,1518,0.11864813058720705
951,558,1509,0.11869005934877172
943,563,1506,0.1187464708868615
956,561,1517,0.11881717334448051
944,567,1511,0.11885569806342858
947,562,1509,0.11891931228566074
938,564,1502,0.11897152984467368
931,562,1493,0.1190388984900708
930,556,1486,0.11911881347422433
923,559,1482,0.11919395377676899
922,560,1482,0.11927934719518955
930,564,1494,0.11935685346437036
939,558,1497,0.11940735105165726
946,562,1508,0.11943318701133969
946,554,1500,0.11944136693622873
945,553,1498,0.11945012524612174
934,554,1488,0.1194586779965724
927,555,1482,0.11949232608528217
932,558,1490,0.11954122014786699
928,560,1488,0.11957678543356749
925,560,1485,0.1196197444916999
929,573,1502,0.11966498521258462
915,565,1480,0.11970091812562914
914,572,1486,0.1197659448646041
915,577,1492,0.1198305807795102
910,578,1488,0.11988734881112677
919,579,1498,0.11995045736308613
916,579,1495,0.11998867310443567
918,586,1504,0.12003010986667893
921,594,1515,0.1200653596664884
911,588,1499,0.12009015109676008
901,593,1494,0.12013634468317189
911,590,1501,0.12020434777078379
908,582,1490,0.12024497882989062
903,585,1488,0.12028987710105969
913,595,1508,0.12034247908595944
905,594,1499,0.12036820273763306
904,609,1513,0.12041055734860713
894,611,1505,0.12045281196176592
896,610,1506,0.12051611305629191
898,607,1505,0.12057249675780707
896,610,1506,0.12062043728838265
904,611,1515,0.12066943398240855
907,617,1524,0.12069829791936282
902,613,1515,0.12072075792311548
905,610,1515,0.12075049068777605
900,609,1509,0.12077075210201968
900,605,1505,0.12079983313536927
907,600,1507,0.12082903070135004
914,608,1522,0.12083769199102848
908,605,1513,0.12083104364772942
901,601,1502,0.12083626341138726
897,606,1503,0.12085743562060428
907,605,1512,0.1208851626470332
912,607,1519,0.12088697261806601
913,597,1510,0.12087919309403578
900,596,1496,0.12086985000578039
898,595,1493,0.12089315251306244
904,599,1503,0.12092000038255132
890,592,1482,0.12093179386246511
886,606,1492,0.12097506062128191
888,603,1491,0.12102473629309514
884,608,1492,0.12106596834412534
884,608,1492,0.12111576819106343
878,612,1490,0.12116274518705804
871,612,1483,0.12122046319539201
891,617,1508,0.12129045474718257
892,613,1505,0.12130801260269358
889,614,1503,0.12132243464733929
885,622,1507,0.12134204729382965
889,623,1512,0.12137245675823247
876,619,1495,0.12139210181741238
880,621,1501,0.12144044953712563
872,627,1499,0.12147540757697996
859,625,1484,0.12152694904692511
872,621,1493,0.12160661536978137
867,625,1492,0.12164976976277103
861,631,1492,0.12170260298057876
857,638,1495,0.12176509422040585
857,647,1504,0.12183194487723423
863,632,1495,0.12189180733215504
871,631,1502,0.12193077591041021
867,637,1504,0.1219503004647648
868,642,1510,0.1219780722804383
869,638,1507,0.12200447290139657
866,643,1509,0.12202806252152212
864,638,1502,0.12205712020058922
860,641,1501,0.12209061103261519
863,650,1513,0.1221301320957205
867,650,1517,0.12216282055970541
862,653,1515,0.12218442289462182
861,655,1516,0.12221796493160186
843,655,1498,0.12225257749182884
843,664,1507,0.12232706963403768
830,665,1495,0.12239738674750054
826,660,1486,0.12249111241944714
832,664,1496,0.12258748472192686
834,667,1501,0.122663152002758
822,674,1496,0.12272935270522069
819,671,1490,0.12281806097611327
824,668,1492,0.12290675183025407
823,674,1497,0.12297764382729799
824,674,1498,0.12304674185865462
825,666,1491,0.12310953996474305
833,665,1498,0.12316652004717236
828,668,1496,0.12320294799300634
829,672,1501,0.12324813865568059
836,666,1502,0.12328790883359698
832,670,1502,0.12330407061266346
844,661,1505,0.123328725226514
841,664,1505,0.12332432773232566
836,668,1504,0.12332861684968414
835,663,1498,0.12334561232563057
833,662,1495,0.12336734368422345
823,670,1493,0.12339128571151871
818,676,1494,0.12343543448879789
820,673,1493,0.12348821363170293
825,676,1501,0.12353288470836551
822,680,1502,0.12356285279282567
822,683,1505,0.12359857798174385
829,687,1516,0.12363173769834702
827,678,1505,0.12364892152847445
827,677,1504,0.12367054372321483
825,669,1494,0.12368900225486289
830,671,1501,0.12370854819744896
828,667,1495,0.123715958139821
823,669,1492,0.12372751766468754
822,672,1494,0.12374978608186733
828,679,1507,0.12377248025117975
833,682,1515,0.123781698386144
836,683,1519,0.12377962371848032
833,682,1515,0.12377014407179995
839,678,1517,0.123769484396892
845,676,1521,0.12375452299373435
839,677,1516,0.12372763562450129
831,680,1511,0.12371724949034713
830,680,1510,0.12372300840272409
828,673,1501,0.12372941038179748
819,669,1488,0.12374207051263313
808,677,1485,0.12377518778718599
801,684,1485,0.12383130453905647
808,683,1491,0.12390148860324618
817,677,1494,0.12395101484419635
829,678,1507,0.12397477415752509
822,672,1494,0.12396891302158172
815,680,1495,0.12397876485276281
810,687,1497,0.12400480320610559
818,675,1493,0.12404082351754042
818,681,1499,0.12405712758158906
812,683,1495,0.12407262793469258
810,673,1483,0.12409951109200909
797,689,1486,0.12412901378941843
807,688,1495,0.12418632703797965
804,688,1492,0.12421723121686686
799,689,1488,0.12425259279359384
797,686,1483,0.12429644384526606
805,694,1499,0.12434270936585694
807,698,1505,0.12436790723962249
801,703,1504,0.12438659284721375
800,711,1511,0.12441826934479071
789,701,1490,0.12445143360181703
795,700,1495,0.12450546278007402
797,693,1490,0.12454171565283208
794,700,1494,0.12457177553408162
789,699,1488,0.1246078197316626
784,703,1487,0.12465186555761065
793,711,1504,0.12470342756577837
787,705,1492,0.12473215089603816
790,707,1497,0.12477280472676615
789,708,1497,0.12480361057878281
796,711,1507,0.12483617472197411
798,710,1508,0.12484992668077098
792,712,1504,0.12485809010665477
790,720,1510,0.12488088801980216
794,712,1506,0.12490871905701578
786,723,1509,0.12492660382923627
787,728,1515,0.12496188484814623
783,727,1510,0.12499294025707464
779,730,1509,0.12503050626760068
781,730,1511,0.1250747674169193
782,730,1512,0.12511286649275663
784,729,1513,0.12514576495299345
787,732,1519,0.12517125191720868
787,722,1509,0.12518883833697977
783,724,1507,0.12520592805461278
786,716,1502,0.12522859734207833
780,727,1507,0.1252430791523278
777,726,1503,0.1252710054794939
785,723,1508,0.12530165833179266
778,719,1497,0.12531363303267035
786,717,1503,0.12534163465843914
779,718,1497,0.12534890079702335
776,726,1502,0.1253713351632684
777,727,1504,0.12539855418566398
782,729,1511,0.12542184514034888
780,725,1505,0.12543081850634086
782,730,1512,0.1254422454048788
768,729,1497,0.12544938137706488
778,726,1504,0.12548857898760896
776,727,1503,0.12550012304616875
780,733,1513,0.12551703565083702
777,735,1512,0.12552286519557962
773,733,1506,0.12553690592744526
772,744,1516,0.12555949934632182
774,740,1514,0.12558455717284603
767,742,1509,0.12560380042844077
765,745,1510,0.1256373652783363
767,747,1514,0.12567453288886676
757,746,1503,0.1257066745407963
755,743,1498,0.1257583260521173
752,743,1495,0.125812915993362
757,738,1495,0.1258707440083887
765,738,1503,0.12591208847757313
763,748,1511,0.12593216234559848
766,743,1509,0.1259555480653527
758,744,1502,0.12596955192125275
760,746,1506,0.1260018696470267
755,747,1502,0.12602521506962389
756,750,1506,0.12606191773639594
755,749,1504,0.12609477578556158
749,752,1501,0.12612804282597334
753,751,1504,0.12617199945565966
759,757,1516,0.1262029817063124
762,749,1511,0.12621858162196267
753,753,1506,0.1262272130790216
752,758,1510,0.12625607366456026
751,755,1506,0.12628680637751497
750,757,1507,0.12631821051356634
742,763,1505,0.12635151825314675
734,765,1499,0.12639892485118143
747,766,1513,0.1264621492530809
740,756,1496,0.1264890163579602
752,756,1508,0.12652841458619968
751,764,1515,0.12653735449667522
742,763,1505,0.1265481450662263
738,773,1511,0.1265788553332013
742,773,1515,0.12661910606202073
748,771,1519,0.12664678624606446
742,770,1512,0.12665980948912353
741,767,1508,0.12668544847797245
741,764,1505,0.12670885283884392
744,764,1508,0.1267323841124372
745,768,1513,0.12674571940680185
745,770,1515,0.12675565654359028
745,768,1513,0.12676580071694915
734,771,1505,0.12677710962274055
740,775,1515,0.12681235691850234
730,773,1503,0.1268294455637191
726,764,1490,0.12686915490238593
728,766,1494,0.12691821272646636
728,766,1494,0.12696066972014436
725,768,1493,0.12699976801240248
718,773,1491,0.1270437071144874
733,773,1506,0.12710026116550874
742,787,1529,0.1271182938098242
739,784,1523,0.12711551765439727
732,783,1515,0.12712101330949693
737,782,1519,0.1271401601609762
733,782,1515,0.12714598040163982
737,787,1524,0.1271618226028788
733,784,1517,0.12716820742451632
735,793,1528,0.12718396692942407
732,794,1526,0.12719698142977126
736,796,1532,0.12721710697183108
732,796,1528,0.12722789736956616
730,804,1534,0.1272475842697075
720,807,1527,0.12727245317931185
715,800,1515,0.12731906453213235
713,796,1509,0.1273757669440112
717,799,1516,0.12743394999052624
711,802,1513,0.12747724796273754
715,806,1521,0.12753202449347945
712,794,1506,0.1275743928706018
708,807,1515,0.12762002145909443
705,805,1510,0.12767232840729303
700,802,1502,0.1277271811649793
705,802,1507,0.12778846833625107
698,796,1494,0.12783303133464302
700,803,1503,0.12789065226736127
699,810,1509,0.12793930500867887
701,800,1501,0.12798698118823462
690,803,1493,0.12802645710316538
683,808,1491,0.12808942170481502
687,811,1498,0.1281621891288464
694,812,1506,0.12822250700742782
703,807,1510,0.12826274388302183
705,802,1507,0.12827683114473853
701,811,1512,0.1282859788615389
706,814,1520,0.1283038594996736
707,809,1516,0.12830757678970592
705,814,1519,0.12830959159574384
710,812,1522,0.12831426401228085
701,809,1510,0.12830950893395396
696,801,1497,0.1283267843076833
692,807,1499,0.1283549348183209
694,805,1499,0.1283898550528752
686,815,1501,0.1284196450731598
685,808,1493,0.1284633464789829
685,826,1511,0.12850791977261303
685,816,1501,0.12855076254354939
679,819,1498,0.12858994963838552
679,828,1507,0.12863998916011313
682,816,1498,0.12868315771769684
679,828,1507,0.12871861359660552
679,835,1514,0.1287589065043153
682,823,1505,0.12879813038819246
683,822,1505,0.12882931350232904
681,828,1509,0.12885705908332948
680,821,1501,0.12888669157934568
680,832,1512,0.1289157543735047
680,828,1508,0.12894478337603965
677,826,1503,0.1289714959115019
675,830,1505,0.12900077720808176
676,828,1504,0.12903224557431392
683,835,1518,0.1290595134585427
691,829,1520,0.12906831714023706
693,828,1521,0.12905726285060876
681,823,1504,0.12904376643292953
673,830,1503,0.12905768270933327
672,823,1495,0.12909096788170316
663,831,1494,0.12912305704144603
662,843,1505,0.12917501422220226
663,855,1518,0.12922626476367946
670,851,1521,0.12927250822069802
667,843,1510,0.129300068445793
660,840,1500,0.12933388158541642
664,837,1501,0.129379631310552
666,844,1510,0.12941263249896218
660,844,1504,0.12943823820372485
665,836,1501,0.1294710431119457
662,830,1492,0.1294916672081763
666,834,1500,0.12951749771570387
670,837,1507,0.12953474800298206
678,842,1520,0.12954332666409077
666,852,1518,0.12953566337621317
665,848,1513,0.12955483242547294
660,853,1513,0.1295751936664208
652,863,1515,0.12960371767385329
654,853,1507,0.12965109004636166
656,841,1497,0.12969129445459593
655,850,1505,0.12972352417537938
667,847,1514,0.12975452691421388
668,832,1500,0.12975482882273745
665,829,1494,0.12974919330062057
669,830,1499,0.1297500785332484
676,838,1514,0.12974333056191786
678,839,1517,0.12971991129179655
679,830,1509,0.12969404253915162
673,829,1502,0.12966866677327363
675,824,1499,0.12966056658115505
674,839,1513,0.12964994751567735
675,834,1509,0.12964345298512292
672,838,1510,0.12963367686725338
669,837,1506,0.12963086924840453
664,834,1498,0.12963691513233377
670,839,1509,0.12965395773952543
676,836,1512,0.12965637941213387
680,832,1512,0.12964178166769258
679,838,1517,0.12961883620730702
673,830,1503,0.12959953085237083
667,833,1500,0.12959566440326792
674,834,1508,0.12960664433221541
677,831,1508,0.12960033631392265
687,831,1518,0.12958760281126327
687,839,1526,0.12955254988227557
687,820,1507,0.1295195153875696
681,817,1498,0.1294897280317271
675,824,1499,0.12947718590133875
672,823,1495,0.12948001199469547
678,821,1499,0.12948938806641433
675,821,1496,0.12948094114291459
681,824,1505,0.1294798415008108
685,830,1515,0.12946460756535583
690,823,1513,0.12944214700603027
694,817,1511,0.12940755809539764
688,827,1515,0.12936672197416488
680,830,1510,0.12934172201547792
681,829,1510,0.12933823447435133
676,828,1504,0.1293341423484926
672,818,1490,0.12934290438927043
672,829,1501,0.12936079650808724
667,835,1502,0.12937836616827728
668,836,1504,0.12940572843545226
668,836,1504,0.12942862054977847
659,849,1508,0.12944902910532136
652,850,1502,0.12948953128148247
657,850,1507,0.12954416426900944
664,859,1523,0.12958460443931116
671,845,1516,0.12960383652137147
669,845,1514,0.1296024107372184
657,841,1498,0.1296079627039
656,839,1495,0.12964084496470094
658,842,1500,0.1296734282453782
652,846,1498,0.12969878894615117
662,846,1508,0.12973667007257686
661,850,1511,0.1297486341571897
670,852,1522,0.12976240638226677
670,849,1519,0.12975077066602675
674,843,1517,0.12974176459283132
671,841,1512,0.12972497815978395
662,836,1498,0.12971555745592908
656,844,1500,0.12972871659181148
666,846,1512,0.12975429768893815
665,851,1516,0.12975535010400172
666,846,1512,0.12975769186686745
657,846,1503,0.1297568179856558
654,848,1502,0.12977731512120586
663,831,1494,0.12980439951675823
662,828,1490,0.1298087574907675
652,828,1480,0.12981396198798692
653,843,1496,0.12984247638013946
662,859,1521,0.12986875363672698
656,858,1514,0.12987425626022706
656,853,1509,0.12988901565537206
665,847,1512,0.129902077253528
663,852,1515,0.12989449801056807
660,852,1512,0.12989266879482916
656,851,1507,0.12989792760349933
659,851,1510,0.12991211698703012
655,858,1513,0.12992041534796703
662,847,1509,0.12993805380452433
656,848,1504,0.12993949081341494
648,840,1488,0.129952429062192
656,841,1497,0.1299819336735496
656,854,1510,0.12999215653022805
642,862,1504,0.13000226039393958
653,854,1507,0.13004339346454916
658,853,1511,0.13005866176928513
651,853,1504,0.13006071008305373
655,844,1499,0.130079524001354
658,854,1512,0.13008798095961047
658,856,1514,0.1300885236951342
658,848,1506,0.13008816765105977
660,854,1514,0.1300856791359092
654,860,1514,0.13007967482568739
656,850,1506,0.1300888282482318
654,860,1514,0.13009329327947308
650,856,1506,0.13010031334565655
659,860,1519,0.1301153380219642
657,851,1508,0.1301108917171369
650,860,1510,0.13011152463515924
657,852,1509,0.13012901008095445
649,848,1497,0.1301287501218381
643,844,1487,0.130147873203974
645,849,1494,0.13017989780509648
642,857,1499,0.13020286143883822
646,865,1511,0.13023122207936125
645,856,1501,0.13024807021242013
648,861,1509,0.13026586202887008
642,868,1510,0.1302767314489169
639,867,1506,0.13030112554386647
633,869,1502,0.13032931259443573
642,864,1506,0.1303713547337087
647,861,1508,0.13038908733904597
649,869,1518,0.13039474141338345
643,858,1501,0.13039727222557954
653,855,1508,0.13041367514074062
645,862,1507,0.13040707099315088
636,873,1509,0.1304171285427122
634,866,1500,0.1304480652845692
638,871,1509,0.13048078507552252
634,882,1516,0.13050175032405725
629,871,1500,0.13053141973887505
633,876,1509,0.1305718296625768
634,879,1513,0.13060001971330717
639,874,1513,0.13062299161800428
641,879,1520,0.1306339083383921
642,876,1518,0.13063832868286074
643,861,1504,0.1306390042540633
641,861,1502,0.13063864106116949
648,865,1513,0.1306406896231634
645,871,1516,0.13062751406034873
644,868,1512,0.13062279656697068
647,871,1518,0.13061972974967376
647,875,1522,0.13061085822387547
644,876,1520,0.13060402334404014
642,867,1509,0.13060551278545376
639,864,1503,0.13061120347604413
640,868,1508,0.13062464522813522
642,886,1528,0.13063483455146319
632,875,1507,0.13064138007897116
629,872,1501,0.13067075913827492
624,877,1501,0.13070646267917557
616,889,1505,0.13075015277069033
617,890,1507,0.13080914003658972
615,890,1505,0.13086323485450538
619,882,1501,0.1309143489777101
617,896,1513,0.13095110522588838
622,889,1511,0.13099047404476735
623,889,1512,0.13101776155982908
618,888,1506,0.1310418137117767
610,888,1498,0.13107382094308975
618,894,1512,0.1311232877154144
617,889,1506,0.13115044545171173
619,889,1508,0.13117782785541687
623,898,1521,0.13119857089995354
625,881,1506,0.13120829605164042
620,875,1495,0.1312138048094444
615,884,1499,0.13122998194667873
612,886,1498,0.13125758722418568
614,885,1499,0.13129211283151793
611,888,1499,0.13131869926203954
617,882,1499,0.13134998997590788
610,877,1487,0.1313638288220045
613,880,1493,0.13139440672887595
611,878,1489,0.13141414159047698
614,893,1507,0.13143504871439293
620,893,1513,0.13144713031624947
615,892,1507,0.13144524968892915
614,895,1509,0.13145545244077167
610,895,1505,0.13146619962039593
614,896,1510,0.13148588073958195
622,901,1523,0.1314947870333901
628,902,1530,0.13148603454668067
616,895,1511,0.13146436268455575
615,893,1508,0.13147181891880358
617,900,1517,0.1314792976584554
624,902,1526,0.13148172943531086
618,886,1504,0.13146768902412778
625,890,1515,0.1314705314248567
617,893,1510,0.13145810732840776
613,903,1516,0.13146656044060495
617,907,1524,0.131481686625179
614,904,1518,0.1314889981398312
617,903,1520,0.13150113938524155
615,908,1523,0.13150606138593132
609,905,1514,0.1315166469548243
610,897,1507,0.13154153788263365
613,908,1521,0.13156235307731293
610,900,1510,0.1315764356865172
617,898,1515,0.13159333756989844
617,885,1502,0.13159330642190178
617,880,1497,0.1315911552464548
619,886,1505,0.1315856729217751
615,880,1495,0.1315759977718746
617,893,1510,0.13157876272002217
621,887,1508,0.1315755221000071
616,904,1520,0.13156395140329866
621,907,1528,0.13156493430402222
611,893,1504,0.13155310761414624
624,903,1527,0.13156531828289608
615,891,1506,0.13154629824029412
613,911,1524,0.13155134478338368
603,904,1507,0.13155964959391603
598,904,1502,0.13159197997309308
603,908,1511,0.13163275055524193
611,909,1520,0.13166012929977736
612,907,1519,0.13166584623572233
603,904,1507,0.131669365948376
612,901,1513,0.13169379504627676
604,920,1524,0.13169481192758437
594,921,1515,0.13171619972775908
600,915,1515,0.13175905902994123
601,904,1505,0.13178440234864436
603,901,1504,0.13180713287691861
609,903,1512,0.13182230075879728
607,897,1504,0.13182406765239774
609,896,1505,0.13183061597665205
605,902,1507,0.13183150342817562
602,902,1504,0.1318405144247941
610,895,1505,0.13185557517184246
602,901,1503,0.13185310884502052
588,912,1500,0.1318682005489343
583,905,1488,0.13191558730936356
588,897,1485,0.13197189317210867
590,906,1496,0.13201326555914977
584,900,1484,0.13204844116133402
575,902,1477,0.13209293956487378
567,907,1474,0.13215364523743914
577,894,1471,0.13222803978343456
584,911,1495,0.13227264088991536
582,901,1483,0.13229621927025792
583,904,1487,0.13232427861487583
584,905,1489,0.13234961215869218
584,917,1501,0.13236985439129467
579,908,1487,0.132388449971492
588,909,1497,0.1324173777985638
590,914,1504,0.1324218905628054
584,922,1506,0.1324223640596624
587,908,1495,0.1324382753910616
589,907,1496,0.1324421771444249
591,908,1499,0.13244220165436896
592,916,1508,0.1324371717887078
594,917,1511,0.13243202430612563
593,923,1516,0.13242353466884238
591,928,1519,0.1324178753089018
588,925,1513,0.13241710115070826
580,926,1506,0.13242438050020744
575,933,1508,0.13245136658056034
577,931,1508,0.1324885336874204
578,927,1505,0.13251884788074741
577,934,1511,0.1325466769357231
578,924,1502,0.1325740936707802
576,926,1502,0.13259923549563532
577,931,1508,0.13262689450138132
583,931,1514,0.1326517499394664
576,932,1508,0.132659654759223
575,922,1497,0.13268302985959662
578,927,1505,0.13270737769943866
574,932,1506,0.13272312645071727
577,926,1503,0.1327484010218708
575,933,1508,0.13276531569659597
567,932,1499,0.1327844142330283
566,930,1496,0.13282166455216315
564,933,1497,0.13285866685103717
562,937,1499,0.13289801455396894
572,938,1510,0.13293606884165016
567,940,1507,0.1329486815231605
566,943,1509,0.13297324873165983
564,943,1507,0.13299946997559225
569,947,1516,0.13302779493470182
572,941,1513,0.1330426427552779
574,940,1514,0.1330496071280749
577,935,1512,0.1330518583789849
568,943,1511,0.13304764402104208
566,951,1517,0.13306437050366962
571,940,1511,0.13308302326487248
576,943,1519,0.1330893650862918
576,941,1517,0.13308565920396387
573,944,1517,0.1330815215508766
581,951,1532,0.13308335634486881
578,940,1518,0.13306561350798485
578,939,1517,0.13305592696089286
574,944,1518,0.13304678457077815
577,948,1525,0.13304804333774875
583,938,1521,0.13304276175264731
582,930,1512,0.13302542210828686
579,932,1511,0.13301243211211955
576,937,1513,0.13300806904251836
572,943,1515,0.13300982528183464
576,945,1521,0.13302198505709545
570,957,1527,0.13302495129003
562,966,1528,0.13304287258691205
567,957,1524,0.13307834991843734
566,958,1524,0.13309826711105888
570,954,1524,0.13311948343736354
562,952,1514,0.13312927240428926
552,947,1499,0.13315799192963126
555,948,1503,0.1332072819287318
566,947,1513,0.13324730673555826
561,950,1511,0.1332572453821742
562,944,1506,0.13327800060946196
564,951,1515,0.13329309215404478
567,951,1518,0.13330263347687382
558,954,1512,0.1333060888531038
564,956,1520,0.13332958399359313
560,959,1519,0.133335184500078
555,949,1504,0.1333502049879631
557,944,1501,0.13337464313994662
555,946,1501,0.13339319676220374
551,950,1501,0.13341525552999972
554,947,1501,0.13344682391212262
558,946,1504,0.13346957930078263
556,946,1502,0.1334788632927539
554,953,1507,0.13349249119582252
544,962,1506,0.13351029500197256
548,954,1502,0.1335510468347711
543,967,1510,0.1335784731236319
547,965,1512,0.1336154010754803
556,957,1513,0.13364161548228384
562,952,1514,0.13364260776855297
563,951,1514,0.13363261692659392
557,944,1501,0.13362181093772507
557,952,1509,0.13362532700766233
556,960,1516,0.13362984071824577
552,964,1516,0.1336383360643783
550,961,1511,0.13365387505252738
553,952,1505,0.133673972905423
550,962,1512,0.13368574501973973
545,968,1513,0.13370440945337822
546,961,1507,0.13373463460930143
544,962,1506,0.1337585382821925
554,956,1510,0.13378441785810613
560,961,1521,0.13378323303472364
560,973,1533,0.13376545742821594
561,962,1523,0.13375098218005013
557,957,1514,0.13373489972325023
557,955,1512,0.13373107666399053
561,961,1522,0.13372688085563567
563,967,1530,0.13371116458005983
560,960,1520,0.1336941279056651
559,966,1525,0.13368472895983294
564,965,1529,0.1336772451941004
556,968,1524,0.13365943743514955
554,960,1514,0.13366338792585114
546,964,1510,0.13367268961866063
538,965,1503,0.13369931383671826
537,965,1502,0.13374222084177004
539,972,1511,0.13378256043511055
537,964,1501,0.13381824913635262
543,978,1521,0.13385726015450916
534,971,1505,0.13387851594518696
541,966,1507,0.13392031457000134
540,973,1513,0.13394168728536687
544,966,1510,0.1339653342955617
547,961,1508,0.13397561332661542
547,968,1515,0.13397697131907343
545,949,1494,0.1339792691215414
545,951,1496,0.13398634885976887
539,959,1498,0.13399179436268194
544,968,1512,0.13401192754999205
537,977,1514,0.13401863053814506
532,976,1508,0.13404036347945755
527,980,1507,0.13407399841453368
538,976,1514,0.1341172082641107
541,973,1514,0.13413280008920392
542,981,1523,0.13414045449962925
541,980,1521,0.13414288733725147
535,980,1515,0.13414728597996142
533,967,1500,0.1341635084302845
534,959,1493,0.1341835343310773
532,959,1491,0.13420013398957292
533,955,1488,0.13421911936426312
540,961,1501,0.1342345360541401
540,959,1499,0.13423340707776435
549,961,1510,0.13423277112198143
546,966,1512,0.1342125365916204
533,965,1498,0.13420079110836725
545,953,1498,0.1342204292021452
551,959,1510,0.13421180944052477
552,962,1514,0.1341906973318984
551,957,1508,0.13416851719551517
543,969,1512,0.13415127700653334
544,962,1506,0.13415328590250455
537,965,1502,0.1341534537072527
540,971,1511,0.13416878650029893
539,972,1511,0.13417745077725773
546,978,1524,0.13418886659923973
536,983,1519,0.1341804171981442
535,984,1519,0.13419459135118827
530,976,1506,0.13420987592786632
530,980,1510,0.1342376560798519
535,975,1510,0.13426197048455216
527,985,1512,0.13427218271147484
531,975,1506,0.13430045089921028
530,977,1507,0.13431893631591185
526,976,1502,0.13433747113535865
530,977,1507,0.13436683931626092
527,977,1504,0.13438553172949103
528,979,1507,0.13441037421483884
525,976,1501,0.1344274897755221
528,996,1524,0.1344524971864678
526,985,1511,0.13446943848742474
527,979,1506,0.13448816766534424
524,978,1502,0.13450499883314063
520,983,1503,0.1345285321013306
521,978,1499,0.13456090319960892
526,993,1519,0.1345886014701063
529,988,1517,0.13460448834659172
537,992,1529,0.13461082489910078
523,988,1511,0.13459885564570512
525,980,1505,0.13461945276678203
527,981,1508,0.13463224786050426
518,985,1503,0.13463903589471726
518,989,1507,0.1346683560843292
513,995,1508,0.13469622059355754
520,986,1506,0.13473591930487688
515,993,1508,0.13475574313439861
512,999,1511,0.13478658961290038
506,1004,1510,0.1348232004237614
502,1000,1502,0.1348715390326648
505,996,1501,0.13492722238577898
504,1009,1513,0.13497237955039298
500,1012,1512,0.13501617670939234
499,1015,1514,0.13506692596161674
491,1016,1507,0.13511738688924396
486,1023,1509,0.13518291294035226
490,1010,1500,0.13525426144583994
495,1004,1499,0.13531128602049708
498,991,1489,0.13535146961522831
504,996,1500,0.13538100726150104
503,1007,1510,0.13539147597758971
509,1002,1511,0.13540486668690804
504,999,1503,0.13540404052969468
505,995,1500,0.1354124349362773
507,998,1505,0.13541822523451455
507,1005,1512,0.13542038015647828
515,1013,1528,0.13542136048069908
514,1008,1522,0.13540166713053206
511,1010,1521,0.13538714246834427
511,1004,1515,0.13538032059055582
517,1006,1523,0.13537593804531992
518,994,1512,0.13535784689832048
513,999,1512,0.13534049497701497
515,993,1508,0.13533668146114675
504,990,1494,0.1353291095390342
503,1011,1514,0.135348963504896
505,1017,1522,0.1353682620863152
508,1015,1523,0.13538376227313015
513,1017,1530,0.13539193387377949
502,1003,1505,0.13538765480871773
500,1011,1511,0.13540835445434576
501,1015,1516,0.1354314459498659
504,1009,1513,0.1354504374583922
506,1015,1521,0.13546216494440927
499,1005,1504,0.13546815083623198
496,1005,1501,0.13548827213981693
488,1001,1489,0.13551476179818955
495,1009,1504,0.13555752078873107
494,1015,1509,0.13558093703893598
500,1022,1522,0.1356061842926406
501,1027,1528,0.1356155510371926
497,1015,1512,0.13562095011144445
493,1005,1498,0.1356365157648417
492,1007,1499,0.13565996279431464
491,1009,1500,0.13568590460849883
491,1011,1502,0.13571138158254212
487,1018,1505,0.1357362305250852
494,1017,1511,0.13576803372234578
491,1009,1500,0.1357819944268775
492,1007,1499,0.13580295604330367
497,1009,1506,0.1358204760085145
493,1011,1504,0.13582439461712428
497,1016,1513,0.13583804818397385
504,1015,1519,0.13583972938239874
498,1010,1508,0.13582526554562607
496,1015,1511,0.13582672929943945
498,1017,1515,0.13583345090290894
488,1012,1500,0.13583646215707115
493,1019,1512,0.13585949480401371
486,1022,1508,0.13587025012589804
486,1027,1513,0.13589818189212738
482,1034,1516,0.13592471199979092
483,1028,1511,0.13595854831635182
476,1030,1506,0.13598757875125464
476,1027,1503,0.13603199539358024
476,1035,1511,0.1360722797431779
467,1034,1501,0.13611111980579216
465,1042,1507,0.13616918442224424
477,1032,1509,0.13622615599134516
473,1031,1504,0.13624971452117043
484,1035,1519,0.13628184708369587
475,1035,1510,0.13628562325218363
471,1037,1508,0.13630990539103346
474,1040,1514,0.13634198365459185
475,1041,1516,0.1363648512158279
481,1038,1519,0.13638382787631795
472,1030,1502,0.13638831153974768
475,1026,1501,0.13641087183602255
485,1034,1519,0.13642535779867393
479,1030,1509,0.13641712867535807
482,1025,1507,0.1364230495048962
489,1029,1518,0.13642098753344223
486,1033,1519,0.13640483607316672
485,1027,1512,0.1363964259473975
478,1033,1511,0.1363910959556749
483,1023,1506,0.13640255771629878
479,1026,1505,0.1364033362989364
475,1019,1494,0.13641264276104706
475,1036,1511,0.13642960791491113
477,1036,1513,0.13644405287153852
478,1034,1512,0.1364518833227356
473,1040,1513,0.1364580751543193
463,1036,1499,0.13647477318702456
464,1047,1511,0.1365143486807433
461,1040,1501,0.136548572146532
464,1043,1507,0.13658775786898553
457,1042,1499,0.1366180961474148
464,1044,1508,0.13666260827685206
461,1050,1511,0.13668593969871762
471,1043,1514,0.1367146538761444
465,1040,1505,0.13671871738796681
467,1036,1503,0.1367368899173822
474,1039,1513,0.13674804597307197
469,1049,1518,0.13674291319069654
467,1050,1517,0.13674973126914952
471,1066,1537,0.13676124850205146
468,1062,1530,0.13676254021454712
463,1051,1514,0.1367687978663853
465,1050,1515,0.13678785678286118
465,1054,1519,0.13680064961136393
467,1060,1527,0.13681152581061773
465,1054,1519,0.13681787030013506
451,1048,1499,0.13682980713406448
459,1043,1502,0.1368738432843646
461,1047,1508,0.13689617174204843
461,1051,1512,0.136911399292322
465,1049,1514,0.13692606605841548
463,1057,1520,0.13693070541749616
466,1044,1510,0.13694070581142412
463,1044,1507,0.1369427161099404
460,1040,1500,0.1369510080591712
464,1040,1504,0.13696657278453198
467,1042,1509,0.13696964250362875
471,1041,1512,0.13696577910483193
476,1043,1519,0.13695267714578516
479,1042,1521,0.1369268365943091
480,1039,1519,0.13689685134627008
474,1046,1520,0.13686580326988845
468,1052,1520,0.13685289744097345
472,1042,1514,0.13685579156976982
476,1053,1529,0.13685083127930395
471,1054,1525,0.13683722791493802
460,1050,1510,0.1368361873960466
456,1044,1500,0.13686046305062186
456,1053,1509,0.13689242240388766
452,1046,1498,0.13692301204343996
451,1052,1503,0.13696162799653047
444,1055,1499,0.13700153082551847
450,1056,1506,0.1370547473207082
445,1073,1518,0.1370896886667947
444,1078,1522,0.13713391766192387
444,1076,1520,0.13717831220956853
448,1061,1509,0.13721884053963637
445,1065,1510,0.1372480019817443
438,1056,1494,0.13728096314360516
441,1063,1504,0.13732839522444965
439,1061,1500,0.13736521552744374
444,1066,1510,0.13740455470096746
448,1062,1510,0.13742834812630775
453,1066,1519,0.13744089093399822
448,1065,1513,0.13744041414497798
451,1074,1525,0.13745131387745163
449,1076,1525,0.1374539562329914
452,1067,1519,0.137461196383727
453,1069,1522,0.1374609636927219
452,1065,1517,0.13746069685974877
442,1076,1518,0.13746371583806075
439,1079,1518,0.1374911845980922
436,1075,1511,0.13752439745779174
442,1081,1523,0.1375609310275648
439,1079,1518,0.13758004094633472
435,1081,1516,0.13760366107859415
427,1074,1501,0.13763607905631575
423,1088,1511,0.1376853434019935
417,1074,1491,0.13774154837686192
422,1073,1495,0.13780819301539432
416,1082,1498,0.13785751505969995
410,1090,1500,0.13791832168821355
418,1091,1509,0.13799077518199165
424,1088,1512,0.138038128764244
430,1083,1513,0.13806785489497475
426,1083,1509,0.1380802327197085
426,1086,1512,0.13810150880772276
419,1088,1507,0.1381198015996784
417,1092,1509,0.13815292717264283
422,1089,1511,0.13818969428964153
417,1089,1506,0.13821204145372426
411,1091,1502,0.13824445884652095
414,1095,1509,0.13828915602198855
426,1087,1513,0.1383215658019628
425,1092,1517,0.13832157377147547
420,1088,1508,0.13832394368510437
422,1091,1513,0.13833731243208805
420,1081,1501,0.13834251324179067
416,1088,1504,0.13835393677616437
425,1093,1518,0.13837422658801
421,1093,1514,0.13837361709889773
423,1086,1509,0.13838331693996156
419,1092,1511,0.1383867683416615
408,1093,1501,0.13839860843242227
419,1092,1511,0.13843747371181664
411,1088,1499,0.1384478091303108
407,1094,1501,0.13847587479641005
408,1095,1503,0.13851205899106414
406,1092,1498,0.13854315132867623
415,1092,1507,0.1385745455995364
417,1093,1510,0.13858390868830528
413,1083,1496,0.13858746392849192
407,1078,1485,0.13859887780877111
410,1087,1497,0.13862594035829104
408,1099,1507,0.13864588095592512
406,1103,1509,0.13866988133769048
401,1100,1501,0.13869689321850576
409,1095,1504,0.13873446620853416
411,1099,1510,0.13874825605580862
409,1098,1507,0.13875469795027862
410,1104,1514,0.13876574710076814
417,1094,1511,0.13877466161204613
412,1108,1520,0.13876703196945464
413,1096,1509,0.13877131600317066
408,1079,1487,0.13877372408976768
408,1092,1500,0.13878753657001971
414,1091,1505,0.13880140133213179
412,1096,1508,0.13880150347541262
408,1101,1509,0.13880415512794456
411,1096,1507,0.13881574380739162
406,1100,1506,0.1388199170781082
407,1108,1515,0.13883487811633496
408,1109,1517,0.13884848170312336
407,1110,1517,0.13886047463099757
414,1114,1528,0.13887350623754746
418,1103,1521,0.13886744090990752
415,1097,1512,0.13885087845181857
420,1110,1530,0.1388432104546427
411,1102,1513,0.13882560227651264
404,1105,1509,0.1388314449723898
408,1109,1517,0.1388537902628031
401,1104,1505,0.13886500182159725
400,1102,1502,0.13889050602319458
400,1107,1507,0.13891696913579898
404,1098,1502,0.13894132002606757
407,1085,1492,0.13895335597517117
406,1092,1498,0.1389586320089088
412,1095,1507,0.13896590161652342
411,1094,1505,0.138959295521948
410,1111,1521,0.13895476904807008
413,1105,1518,0.13895261676795007
411,1103,1514,0.13894326053558204
410,1103,1513,0.13894058611815774
405,1103,1508,0.13894084715977972
398,1105,1503,0.13895187767929548
399,1112,1511,0.13897924151613686
395,1103,1498,0.1390039596581996
401,1108,1509,0.13903696641882404
402,1106,1508,0.139054067048515
402,1104,1506,0.13906746091788985
406,1105,1511,0.13907847213109858
402,1093,1495,0.13908099993143574
399,1104,1503,0.13909139750220129
404,1114,1518,0.13910485172444864
396,1120,1516,0.1391050122022431
394,1110,1504,0.13912547989259016
392,1108,1500,0.13914973601719363
392,1104,1496,0.1391763848293467
402,1107,1509,0.13920268535872876
403,1106,1509,0.13920466552797384
400,1112,1512,0.13920395689396756
399,1111,1510,0.13921223163614754
400,1118,1518,0.13921980590492944
405,1115,1520,0.1392245248621196
406,1118,1524,0.13921816513480098
405,1115,1520,0.13921155327803933
401,1108,1509,0.1392092452481464
392,1113,1505,0.13921627780882254
384,1106,1490,0.1392430398551197
388,1116,1504,0.13928674996329388
387,1122,1509,0.13931841399754752
380,1128,1508,0.13935142367418848
386,1124,1510,0.13939844957845549
380,1142,1522,0.1394299871101919
370,1135,1505,0.13947359420914218
372,1146,1518,0.13953847093826208
380,1141,1521,0.13959350068341783
379,1138,1517,0.13962562190237848
375,1134,1509,0.1396566777790887
384,1139,1523,0.1396968299001577
380,1135,1515,0.1397138405788415
382,1142,1524,0.1397377033614928
387,1130,1517,0.13975640929621083
378,1142,1520,0.13976114215374472
369,1143,1512,0.13978641275617945
368,1146,1514,0.13983247109975455
368,1139,1507,0.13987530054981567
361,1133,1494,0.13991664135119464
358,1146,1504,0.13997077913909484
360,1147,1507,0.14002946876247974
364,1155,1519,0.14007942646006236
370,1152,1522,0.14011601778734817
367,1139,1506,0.14013792121415558
363,1138,1501,0.14016494855576198
367,1142,1509,0.14019917455898145
359,1147,1506,0.14022172812600128
355,1146,1501,0.14026128085753442
354,1139,1493,0.14030925105626157
357,1142,1499,0.14035607368390454
359,1147,1506,0.14039103525319777
358,1150,1508,0.14041903130682964
360,1144,1504,0.14044630792230617
363,1159,1522,0.14046666991598314
356,1161,1517,0.14047677187082486
347,1162,1509,0.14050412204832785
353,1167,1520,0.14055210113663327
352,1175,1527,0.14058479900402335
358,1164,1522,0.14061874585553766
360,1171,1531,0.14063647896522247
359,1166,1525,0.14064771469252246
364,1159,1523,0.14065814067144547
357,1150,1507,0.14065703125709889
363,1148,1511,0.140672114677726
369,1160,1529,0.1406688330287701
363,1155,1518,0.14065319127102227
366,1153,1519,0.14065149490154838
369,1156,1525,0.14064310883094966
362,1158,1520,0.14062874053483335
369,1145,1514,0.14063163415827573
367,1157,1524,0.14062003193236974
363,1153,1516,0.14061430865235547
367,1152,1519,0.1406194308771796
366,1158,1524,0.14061190275866223
357,1156,1513,0.1406079847397471
355,1158,1513,0.14062702609393496
352,1160,1512,0.1406506115257158
351,1152,1503,0.14068020418638016
352,1145,1497,0.1407110336726012
350,1151,1501,0.1407361975934854
341,1167,1508,0.14076455123017606
335,1177,1512,0.1408109487780931
338,1171,1509,0.14086821811148095
341,1163,1504,0.14091457721200304
345,1166,1511,0.14095218003899224
351,1171,1522,0.14097676971017856
347,1158,1505,0.14098547804681558
342,1168,1510,0.14100442873622476
341,1171,1512,0.14103495747086592
341,1161,1502,0.1410643972049999
343,1162,1505,0.14109100027203095
342,1173,1515,0.1411103689046322
340,1171,1511,0.14113202057936242
342,1178,1520,0.14115536178164795
337,1174,1511,0.14117373117845403
331,1157,1488,0.14120417494567625
334,1166,1500,0.14124639314694046
330,1164,1494,0.14127880388571995
337,1161,1498,0.14131803795464448
342,1169,1511,0.14133754317668365
339,1154,1493,0.14134330026919492
342,1164,1506,0.14135599834972998
342,1183,1525,0.14136025402588118
341,1178,1519,0.141364358877573
337,1172,1509,0.1413722721059779
340,1164,1504,0.14138883710893282
340,1161,1501,0.1413982571603084
341,1156,1497,0.1414064328789377
340,1166,1506,0.1414110799488723
337,1148,1485,0.14141798530376554
343,1150,1493,0.14143436931061446
340,1170,1510,0.1414336281982202
341,1170,1511,0.14143999656784803
337,1179,1516,0.1414427864754018
339,1176,1515,0.14145533908948577
340,1183,1523,0.14146196038556294
335,1188,1523,0.14146647353558037
335,1191,1526,0.1414830157910515
341,1177,1518,0.14149807587920082
344,1175,1519,0.1414982839887565
342,1184,1526,0.1414916320063927
335,1177,1512,0.14149138731181818
337,1175,1512,0.1415059907201023
342,1173,1515,0.14151588563590486
338,1180,1518,0.14150987555293768
334,1186,1520,0.14151489295546127
333,1174,1507,0.1415309366259095
329,1173,1502,0.14154803675601882
323,1177,1500,0.1415741817781913
322,1181,1503,0.14161260985916144
323,1195,1518,0.14165260155330478
329,1188,1517,0.14168745720994608
328,1178,1506,0.14170576072895785
325,1167,1492,0.14172559496588374
323,1166,1489,0.1417512290993969
330,1175,1505,0.14178022071493895
330,1182,1512,0.1417903992627323
321,1190,1511,0.14180096501598755
318,1192,1510,0.14183171035175968
324,1190,1514,0.14186866504269452
323,1188,1511,0.14188939416904828
326,1188,1514,0.1419105835820195
328,1199,1527,0.1419225108702517
322,1192,1514,0.1419298635969643
320,1194,1514,0.14195148351761028
320,1199,1519,0.1419756958410766
313,1201,1514,0.14199718836365652
308,1206,1514,0.14203494813103407
311,1206,1517,0.14208074519477978
308,1214,1522,0.1421164902755732
307,1217,1524,0.1421555714489352
304,1205,1509,0.14219345112023227
300,1208,1508,0.14223489435081085
302,1202,1504,0.14228389746853357
299,1208,1507,0.14232389985705113
300,1211,1511,0.14236949994126763
301,1206,1507,0.14241076426661461
305,1206,1511,0.14244520285952744
308,1214,1522,0.14246848298149115
305,1214,1519,0.1424830065166587
304,1210,1514,0.1425023233511368
300,1203,1503,0.14252297293265864
302,1201,1503,0.14255066007096065
294,1193,1487,0.1425703413758791
301,1204,1505,0.14260993967486382
301,1211,1512,0.1426309371492924
303,1216,1519,0.14265099319152472
303,1214,1517,0.14266352987616623
308,1222,1530,0.14267559114733552
307,1207,1514,0.14267440519992178
309,1215,1524,0.14267626529662478
310,1213,1523,0.14267395820895018
311,1199,1510,0.14267176893616362
302,1212,1514,0.14266645719139098
295,1217,1512,0.14268148096979288
299,1216,1515,0.1427119991617148
293,1207,1500,0.14273098057374725
290,1214,1504,0.14276398121482142
296,1225,1521,0.14280014360196033
297,1219,1516,0.14282082469097213
290,1223,1513,0.14283813822404703
297,1222,1519,0.1428716364983424
293,1208,1501,0.1428866718892999
298,1201,1499,0.1429081049108404
293,1208,1501,0.1429158479437566
292,1214,1506,0.1429365152686944
290,1213,1503,0.14295722845087477
291,1227,1518,0.14298288068476617
287,1223,1510,0.14300561487213073
281,1218,1499,0.14303396619705977
288,1212,1500,0.14307485518296895
284,1221,1505,0.14309752697518835
285,1226,1511,0.14312668824753924
292,1224,1516,0.1431523310002263
297,1213,1510,0.14315995631638187
299,1214,1513,0.1431552203966569
295,1210,1505,0.1431466838003531
294,1206,1500,0.14314847420695634
294,1218,1512,0.14315133399588548
292,1208,1500,0.1431555716298194
288,1212,1500,0.14316330779876124
291,1206,1497,0.14318230179864064
293,1224,1517,0.14319377223954363
289,1221,1510,0.1431983773203915
287,1229,1516,0.1432129897599726
288,1224,1512,0.14323161583487207
287,1225,1512,0.1432470252319228
287,1230,1517,0.1432631893342894
283,1229,1512,0.14327803988054102
292,1217,1509,0.14330172243691228
294,1211,1505,0.14330213091861277
292,1220,1512,0.14329836151337097
292,1226,1518,0.14330012357596542
292,1237,1529,0.1433008545067198
287,1239,1526,0.1433031939775399
287,1235,1522,0.14331679776902218
288,1239,1527,0.14333047354694525
287,1231,1518,0.14333977005591078
289,1233,1522,0.14335086768561062
286,1221,1507,0.14335506783679774
285,1216,1501,0.14336588452471077
281,1221,1502,0.14337963193503672
275,1219,1494,0.14340155199767937
279,1228,1507,0.1434364281907322
280,1232,1512,0.14345902253365447
286,1221,1507,0.14347869496368373
290,1226,1516,0.1434817267782914
283,1234,1517,0.14347547349093362
276,1241,1517,0.14348641630451733
275,1250,1525,0.14351378480257101
277,1242,1519,0.14354318864418703
276,1241,1517,0.14356688795755432
281,1244,1525,0.14359215959823263
276,1241,1517,0.14360409637827512
267,1242,1509,0.14362768590987682
267,1253,1520,0.14367143131767562
262,1253,1515,0.1437127977975034
266,1248,1514,0.1437637639992565
262,1244,1506,0.1437999036172351
267,1252,1519,0.14384381431709514
268,1260,1528,0.14387293412391577
262,1259,1521,0.14389738240474195
254,1245,1499,0.14393511930066227
249,1263,1512,0.14398873861347378
255,1274,1529,0.14405065852582954
257,1277,1534,0.14409462102383147
254,1272,1526,0.144132819685309
251,1264,1515,0.14417292793475628
261,1261,1522,0.1442172241727493
257,1254,1511,0.14423573289979544
258,1247,1505,0.14426088859650496
255,1255,1510,0.14428158058371554
253,1259,1512,0.14430891756832576
253,1246,1499,0.1443391673686967
254,1254,1508,0.14436607586581204
257,1267,1524,0.14438970255762146
259,1259,1518,0.1444031032278408
256,1258,1514,0.14441270921256957
251,1257,1508,0.14443010925182567
251,1262,1513,0.14445852698488237
246,1276,1522,0.14448614099241092
241,1281,1522,0.144522657725048
239,1270,1509,0.14456791922807855
238,1262,1500,0.1446149214113259
243,1283,1526,0.14466112699956174
240,1275,1515,0.14469287511153972
237,1267,1504,0.14472989196630864
236,1262,1498,0.14477233941288514
234,1273,1507,0.14481347481068368
231,1288,1519,0.1448583889828331
229,1282,1511,0.1449075683093059
227,1277,1504,0.144957111085123
227,1280,1507,0.14500753397980443
222,1268,1490,0.1450543321564195
222,1275,1497,0.14510931522387435
223,1282,1505,0.145161015671699
230,1276,1506,0.14520601898200902
231,1280,1511,0.14523083419941732
233,1285,1518,0.14525280916365152
231,1281,1512,0.14526903051361947
236,1264,1500,0.1452891928964121
238,1280,1518,0.14529626971914988
235,1277,1512,0.14529849428767733
233,1281,1514,0.14530749482700123
228,1286,1514,0.14532089037193624
229,1280,1509,0.14534578368824547
222,1271,1493,0.14536831129571293
217,1283,1500,0.1454051622862303
218,1280,1498,0.1454515261457174
225,1278,1503,0.14549232059820066
230,1296,1526,0.14551261694849238
229,1286,1515,0.1455205381456266
230,1297,1527,0.14553033459054848
226,1288,1514,0.14553791535446822
227,1285,1512,0.14555407579955765
229,1281,1510,0.1455675293938019
233,1287,1520,0.1455744044404962
230,1288,1518,0.14557022088268257
229,1279,1508,0.14557224265400806
225,1283,1508,0.1455769664766909
226,1300,1526,0.14558998818797567
225,1296,1521,0.1456009677483808
227,1292,1519,0.145613544040863
221,1285,1506,0.14562133020546175
223,1277,1500,0.1456413640138871
218,1290,1508,0.14565543085104501
217,1287,1504,0.1456797809597741
222,1293,1515,0.1457042172433675
221,1291,1512,0.14571503648381237
224,1285,1509,0.14572844049834865
223,1288,1511,0.14573426500179118
225,1284,1509,0.14574251248406658
225,1296,1521,0.14574406867652565
225,1283,1508,0.14574653220787012
224,1298,1522,0.14574922398760454
223,1300,1523,0.14575420906413608
219,1300,1519,0.14575938381263245
223,1301,1524,0.14577381257611133
227,1301,1528,0.1457780314943676
226,1305,1531,0.14577314502499772
223,1304,1527,0.14577191314134044
220,1303,1523,0.14577687874541506
222,1296,1518,0.1457863552702698
219,1297,1516,0.14579094501183706
219,1286,1505,0.14580266212413298
219,1280,1499,0.14581349603414953
220,1281,1501,0.14582248823266306
221,1279,1500,0.14583004143572748
221,1280,1501,0.1458336785567939
224,1288,1512,0.14583613330490913
227,1304,1531,0.14583219222954744
228,1310,1538,0.14582095223609065
224,1289,1513,0.14581020153952065
224,1298,1522,0.14580995717523748
221,1288,1509,0.14581106504487154
218,1293,1511,0.14581913640539457
218,1302,1520,0.14583199163982916
218,1305,1523,0.14584425044186258
220,1298,1518,0.14585586396214276
220,1302,1522,0.14586160918908778
217,1309,1526,0.14586830147574856
219,1308,1527,0.14588110108332533
219,1305,1524,0.14588807988378172
221,1292,1513,0.14589480062177185
223,1293,1516,0.14589735409855997
220,1293,1513,0.14589453734159477
221,1294,1515,0.1459000854113783
228,1304,1532,0.14590345295586274
228,1296,1524,0.14588863591449214
226,1293,1519,0.14587466300122337
220,1292,1512,0.145865948560444
220,1287,1507,0.14587233612420838
221,1287,1508,0.1458770207028591
213,1295,1508,0.14588030367278468
217,1291,1508,0.14590219113427447
221,1296,1517,0.14591208096904834
220,1295,1515,0.14591325203895233
217,1290,1507,0.14591761614913767
217,1301,1518,0.14593037280238724
220,1296,1516,0.14594232590065354
218,1287,1505,0.145944025297481
222,1282,1504,0.14594877040180954
224,1281,1505,0.1459437753284721
222,1282,1504,0.1459358055574981
218,1273,1491,0.14593304565309603
222,1288,1510,0.1459382967846824
219,1295,1514,0.14593315443408758
221,1295,1516,0.14593474678273186
221,1294,1515,0.1459319315515759
215,1315,1530,0.14592869136186606
212,1300,1512,0.14594160683947777
211,1299,1510,0.14596152413066665
216,1294,1510,0.14598219408226742
216,1289,1505,0.1459894470418885
216,1285,1501,0.1459960961747101
216,1289,1505,0.1460027592290486
215,1294,1509,0.14600975125261198
212,1301,1513,0.146018338233988
214,1301,1515,0.14603263175122533
216,1304,1520,0.14604058302549666
212,1296,1508,0.14604376038055444
211,1301,1512,0.14605499080980253
211,1299,1510,0.14606840794841885
210,1300,1510,0.1460818723992481
205,1311,1516,0.14609627667926486
204,1319,1523,0.14612162281717567
207,1325,1532,0.1461468678974877
209,1311,1520,0.1461650795690871
211,1296,1507,0.1461749803600104
216,1307,1523,0.1461782015152442
217,1306,1523,0.14616841812648598
210,1308,1518,0.14615623647789386
205,1309,1514,0.14616204557129073
206,1310,1516,0.1461788276757454
209,1305,1514,0.14619263318343947
211,1315,1526,0.14619898364935696
211,1307,1518,0.14620173524076047
206,1315,1521,0.1462050373964873
204,1322,1526,0.14622037992232392
207,1311,1518,0.14624060237195852
196,1308,1504,0.1462517843935786
198,1318,1516,0.1462883290145966
203,1317,1520,0.14631783774624452
205,1306,1511,0.14633163895817014
205,1319,1524,0.146341493224815
204,1316,1520,0.146351510576211
205,1317,1522,0.14636287369820472
203,1315,1518,0.1463712537019712
198,1319,1517,0.14638252716003816
203,1328,1531,0.14640560309464026
202,1316,1518,0.14641651101515238
205,1321,1526,0.14642981797927193
198,1316,1514,0.14643545699343474
198,1310,1508,0.14645615394976066
196,1325,1521,0.1464757927569054
199,1322,1521,0.14649985322709896
194,1322,1516,0.14651594027350817
200,1313,1513,0.1465416506513972
201,1323,1524,0.14655182237220518
201,1323,1524,0.14655969749789097
201,1320,1521,0.1465675854955543
197,1331,1528,0.14657453729673606
202,1316,1518,0.14659066605355012
203,1314,1517,0.14659312749791314
198,1311,1509,0.14659324321262787
201,1313,1514,0.14660423897591507
204,1303,1507,0.1466074335309109
202,1314,1516,0.14660471811787854
202,1315,1517,0.14660669600871348
194,1323,1517,0.14660948619901162
190,1318,1508,0.14663139781382545
189,1313,1502,0.14666044649837978
185,1316,1501,0.14668967775939876
180,1307,1487,0.1467253387526991
185,1315,1500,0.14677016402007617
193,1323,1516,0.146802030791329
192,1325,1517,0.14681285192511387
195,1321,1516,0.14682391463239872
196,1330,1526,0.14682741352656212
196,1321,1517,0.14682884010214894
192,1319,1511,0.14682966923593982
187,1337,1524,0.1468398926860161
187,1338,1525,0.14686198823368016
189,1336,1525,0.1468836609876152
184,1332,1516,0.1468997366987942
182,1344,1526,0.1469276515462297
182,1331,1513,0.14695845439042032
183,1331,1514,0.1469871398296531
181,1331,1512,0.1470104658187536
182,1319,1501,0.14703722350941423
187,1324,1511,0.14706008719112815
181,1322,1503,0.14706774741815798
186,1335,1521,0.14708820630502467
183,1342,1525,0.14709571994422002
182,1336,1518,0.14710894028975285
186,1340,1526,0.14712399997198033
183,1324,1507,0.1471292144728703
181,1331,1512,0.14714209177703236
180,1327,1507,0.14715901197206396
181,1325,1506,0.1471778204538481
175,1337,1512,0.14719243678808153
174,1338,1512,0.14722079639531147
175,1340,1515,0.1472504680216321
171,1343,1514,0.14727620661931654
173,1353,1526,0.14730963220003027
173,1340,1513,0.14733682841081558
171,1334,1505,0.14736134516888733
169,1334,1503,0.1473895658647295
168,1330,1498,0.14742092548826885
166,1325,1491,0.14745267148427513
167,1323,1490,0.14748694718741734
169,1330,1499,0.14751633508122208
172,1337,1509,0.1475391044598928
175,1344,1519,0.1475529741337711
172,1332,1504,0.14755877138410256
169,1340,1509,0.14757177703699806
169,1344,1513,0.14759040694290462
166,1342,1508,0.14760976337133555
170,1351,1521,0.147633809029782
169,1349,1518,0.14764684924013355
168,1339,1507,0.14766183683072
167,1340,1507,0.14767849617195
165,1347,1512,0.14769632476769495
166,1332,1498,0.14771874401841295
167,1347,1514,0.14773680397442074
167,1353,1520,0.14775124195938258
167,1346,1513,0.14776340820413714
161,1352,1513,0.14777524593716276
161,1350,1511,0.14780068875498162
161,1350,1511,0.14782394417923328
158,1345,1503,0.14784626319401756
161,1330,1491,0.14787428481429696
162,1349,1511,0.14789384191549237
157,1346,1503,0.1479093260931369
157,1336,1493,0.14793555834805416
163,1357,1520,0.14795988172016641
159,1370,1529,0.14796664565442494
157,1361,1518,0.14798250885093345
158,1359,1517,0.14800088335783856
161,1356,1517,0.14801544675095182
157,1351,1508,0.14802290510704502
159,1355,1514,0.1480388249702083
162,1354,1516,0.1480498766506156
164,1357,1521,0.1480516910146207
160,1355,1515,0.1480485278337621
164,1353,1517,0.14805532965607063
165,1355,1520,0.14805300661859683
166,1353,1519,0.14804791305411671
168,1343,1511,0.1480416227039507
162,1347,1509,0.14803132941336072
162,1356,1518,0.14803721261538164
159,1361,1520,0.14804329175905018
163,1364,1527,0.14805615352111204
166,1354,1520,0.14805840271631424
165,1358,1523,0.14805265059893652
163,1365,1528,0.14805072336121586
161,1361,1522,0.14805365491838798
157,1350,1507,0.14806063637819628
155,1343,1498,0.14807634995591387
159,1360,1519,0.1480948696696286
154,1353,1507,0.14810400111732938
158,1365,1523,0.1481243718581317
153,1368,1521,0.1481350967426105
147,1359,1506,0.14815703978594122
147,1360,1507,0.14819077744641293
147,1349,1496,0.14822180122976097
148,1347,1495,0.14824987201691767
148,1360,1508,0.14827490535004145
149,1359,1508,0.14829880204815138
153,1367,1520,0.1483180871160602
152,1372,1524,0.14832717163344714
153,1368,1521,0.14833836319546617
155,1362,1517,0.14834581676163397
155,1364,1519,0.14834878289929082
155,1367,1522,0.1483523368962091
152,1355,1507,0.14835608647031198
153,1353,1506,0.14836702321543416
153,1358,1511,0.14837455069163266
152,1372,1524,0.14838155689527174
152,1372,1524,0.14839043119524076
151,1367,1518,0.14839729867620646
153,1360,1513,0.14840620590258524
153,1365,1518,0.14840882587821064
155,1360,1515,0.14841091054029495
152,1357,1509,0.14840755617370738
150,1349,1499,0.14841221891326734
150,1358,1508,0.1484208090939731
155,1357,1512,0.14842806377558695
159,1347,1506,0.1484241062466559
159,1366,1525,0.1484102064041309
158,1367,1525,0.14839640417408542
156,1368,1524,0.14838600842645308
153,1359,1512,0.14838107993606794
153,1360,1513,0.14838394390097853
146,1362,1508,0.14838707065620355
149,1357,1506,0.14840708609771258
152,1373,1525,0.14841980577655836
150,1378,1528,0.14842570918768572
148,1381,1529,0.14843675884903168
148,1377,1525,0.14845126869118375
148,1382,1530,0.14846415783238726
146,1376,1522,0.1484763674410557
142,1380,1522,0.14849283521209322
145,1373,1518,0.14851809968355573
147,1378,1525,0.14853393616298352
149,1375,1524,0.14854295938019493
146,1375,1521,0.14854756557246246
147,1372,1519,0.1485590794303037
148,1369,1517,0.14856713000616945
150,1378,1528,0.14857278244138736
148,1376,1524,0.148574046387958
146,1367,1513,0.1485800936814408
148,1360,1508,0.14859071623968118
146,1377,1523,0.14859593503001975
147,1358,1505,0.14860622488794792
142,1357,1499,0.14861299792311983
141,1368,1509,0.14863029240655914
146,1361,1507,0.14864753848634046
145,1353,1498,0.14865309088073408
142,1367,1509,0.1486603761471696
141,1378,1519,0.14867452750603413
144,1376,1520,0.1486897937326398
144,1374,1518,0.14869725441545573
143,1366,1509,0.1487046516927727
141,1382,1523,0.14871430608320477
137,1392,1529,0.14872867692625028
138,1387,1525,0.1487513003904401
132,1379,1511,0.1487707836160216
136,1385,1521,0.14880238396319442
139,1386,1525,0.14882324090672402
135,1390,1525,0.14883506126774415
135,1388,1523,0.1488557258533169
130,1388,1518,0.1488741618093796
129,1383,1512,0.1489033812046403
128,1384,1512,0.14893330238329228
132,1388,1520,0.148964456336372
132,1375,1507,0.14898425835224333
130,1372,1502,0.14900266273494087
133,1376,1509,0.149025314235525
132,1374,1506,0.14903869802777386
134,1376,1510,0.1490539978775754
133,1372,1505,0.14906199962742295
132,1359,1491,0.1490714975861882
130,1364,1494,0.14908273121281038
131,1369,1500,0.149098840425201
129,1377,1506,0.14911122103931454
128,1375,1503,0.14912759604308046
126,1375,1501,0.14914520301545506
127,1380,1507,0.14916603944274973
127,1374,1501,0.14918349487832963
130,1382,1512,0.14920033165476948
128,1382,1510,0.14920816795425607
132,1380,1512,0.14922127594566123
132,1389,1521,0.14922361399382503
129,1383,1512,0.14922638878709876
129,1379,1508,0.14923638075536041
125,1385,1510,0.149245458496875
125,1385,1510,0.14926296066840727
126,1383,1509,0.1492799253864453
130,1392,1522,0.14929293108384312
128,1381,1509,0.1492948816634904
126,1394,1520,0.14930128313988328
127,1387,1514,0.1493122533794274
124,1394,1518,0.14931997145583498
123,1389,1512,0.14933384036639338
124,1406,1530,0.14934962169510752
120,1395,1515,0.14936262114964666
119,1391,1510,0.1493838739551931
118,1377,1495,0.1494056484006021
124,1381,1505,0.1494281830931947
123,1392,1515,0.14943442122748907
124,1402,1526,0.1494425919014435
126,1402,1528,0.1494485077195581
128,1389,1517,0.14944901188476864
128,1402,1530,0.14944530175718818
127,1408,1535,0.14944269698721147
125,1405,1530,0.14944132224236037
122,1400,1522,0.14944489590692264
123,1398,1521,0.14945536023776562
123,1398,1521,0.14946224133697925
122,1384,1506,0.14946918344989635
125,1382,1507,0.14947860190536924
121,1393,1514,0.14947972906031898
117,1392,1509,0.14949089837790613
121,1390,1511,0.1495098372838735
125,1397,1522,0.14951809824574702
123,1394,1517,0.149515677060587
125,1395,1520,0.14951870536265102
125,1400,1525,0.14951668872480378
125,1406,1531,0.14951496373081138
126,1397,1523,0.1495131881316559
123,1396,1519,0.14950982893345963
121,1409,1530,0.14951411033666664
125,1400,1525,0.14952214473931172
124,1396,1520,0.1495208024742736
124,1395,1519,0.1495218282736067
117,1390,1507,0.14952332698417295
117,1382,1499,0.14954111644452361
118,1392,1510,0.14955797932491005
117,1391,1508,0.14957111620587316
117,1382,1499,0.1495858805696961
119,1385,1504,0.1496006466584345
120,1398,1518,0.1496096601714122
117,1397,1514,0.14961483934917078
115,1394,1509,0.14962634903151562
118,1396,1514,0.14964110193783
120,1393,1513,0.14964876339028493
119,1402,1521,0.14965095725980473
122,1396,1518,0.1496556670481201
122,1390,1512,0.14965225811774213
122,1387,1509,0.14964979677989215
122,1394,1516,0.14964761497453868
122,1401,1523,0.14964522343868894
121,1405,1526,0.14964384360984842
119,1409,1528,0.14964533516473888
116,1404,1520,0.14965230954196776
117,1405,1522,0.1496656914849188
118,1398,1516,0.1496765885583637
115,1408,1523,0.1496848690538001
117,1395,1512,0.14970014687674713
117,1385,1502,0.1497093596933897
117,1389,1506,0.14971727387555958
116,1395,1511,0.14972316016120235
114,1388,1502,0.14973232952036716
113,1386,1499,0.1497451228002685
112,1394,1506,0.14975911054371036
108,1397,1505,0.1497749555573736
110,1401,1511,0.1497990553367911
106,1410,1516,0.14981710941835558
108,1403,1511,0.14984330122075545
107,1398,1505,0.1498628795515896
111,1397,1508,0.149883924958647
111,1401,1512,0.14989421008092027
113,1397,1510,0.14990425185843595
112,1403,1515,0.1499083992659794
115,1394,1509,0.14991434757698902
112,1388,1500,0.14991324161074118
113,1400,1513,0.1499195351377709
112,1401,1513,0.14992291347635608
112,1406,1518,0.14992856233030338
112,1403,1515,0.1499333474510172
115,1412,1527,0.14993793172417763
114,1408,1522,0.1499341707218175
115,1403,1518,0.14993202861960964
115,1392,1507,0.1499283454797334
116,1391,1507,0.14992511017719007
111,1395,1506,0.14991982504694512
110,1406,1516,0.14992685326555216
112,1406,1518,0.14993623018574875
114,1406,1520,0.1499391458369395
114,1399,1513,0.14993604108996994
113,1401,1514,0.14993347742255378
111,1390,1501,0.14993286249997304
112,1402,1514,0.1499382113296531
112,1390,1502,0.14994016580757893
114,1388,1502,0.14994194945813785
114,1386,1500,0.14993835528651456
110,1391,1501,0.1499324250040585
109,1406,1515,0.14993674229897894
110,1396,1506,0.1499436753688645
112,1406,1518,0.1499484501360847
107,1402,1509,0.14994799368519668
109,1403,1512,0.14995936982373959
113,1395,1508,0.14996587455686897
112,1403,1515,0.14996331898819776
114,1399,1513,0.14996329041498754
109,1388,1497,0.1499589072488547
107,1391,1498,0.14996598722174773
110,1387,1497,0.14997693489680206
109,1398,1507,0.14998040004192226
111,1394,1505,0.14998635513435563
113,1401,1514,0.14998663547545227
110,1403,1513,0.149981307888211
112,1390,1502,0.14998358709291057
106,1394,1500,0.14998173146617994
110,1401,1511,0.14999404538788264
111,1412,1523,0.14999672305948875
111,1412,1523,0.14999746259769098
108,1400,1508,0.14999816415249828
108,1384,1492,0.15000441910480655
113,1390,1503,0.15000927770234104
119,1390,1509,0.15000059013645567
119,1382,1501,0.1499777296503649
117,1376,1493,0.14995658607530418
115,1384,1499,0.1499419942068627
116,1392,1508,0.1499328906535905
114,1392,1506,0.14992266891660194
114,1391,1505,0.14991816508393185
114,1406,1520,0.14991398387774768
113,1411,1524,0.14991085394174297
113,1407,1520,0.1499105865393938
111,1413,1524,0.1499091539968311
114,1406,1520,0.1499130113060862
113,1399,1512,0.1499106080905849
112,1386,1498,0.1499108011199172
113,1393,1506,0.14991407824905192
111,1412,1523,0.14991520807424713
107,1418,1525,0.1499207254876405
108,1418,1526,0.14993576752809815
106,1426,1532,0.1499474573934646
108,1420,1528,0.1499625919136167
109,1428,1537,0.14997233903165094
108,1423,1531,0.14997970224612334
106,1411,1517,0.14998884995088485
102,1416,1518,0.15000223473305085
100,1413,1513,0.15002441319849655
102,1415,1517,0.15004987104094603
95,1411,1506,0.15006944138284775
93,1411,1504,0.15010372632033658
97,1409,1506,0.15014030256754904
97,1409,1506,0.15016512123533363
94,1424,1518,0.1501887721111972
96,1434,1530,0.150217898757644
96,1434,1530,0.15024022161783396
95,1421,1516,0.15026014262496748
96,1423,1519,0.15028107800678825
97,1426,1523,0.15029777958537324
94,1421,1515,0.15031148140105483
93,1417,1510,0.15033150641160653
92,1428,1520,0.1503526134840654
92,1435,1527,0.15037504121570788
92,1421,1513,0.15039537326184166
90,1431,1521,0.1504141533387797
91,1425,1516,0.15043701240683657
93,1422,1515,0.1504561397604399
93,1429,1522,0.15046947287622164
90,1433,1523,0.15048192767653415
89,1442,1531,0.15050114069839746
90,1437,1527,0.15052184674795596
90,1433,1523,0.1505392501360296
91,1435,1526,0.15055518758884023
91,1436,1527,0.150567623968475
90,1426,1516,0.15057959718255212
88,1429,1517,0.15059368198225173
89,1429,1518,0.1506099048659224
89,1434,1523,0.15062401781427723
89,1428,1517,0.15063715207613762
89,1429,1518,0.15064814973928367
85,1425,1510,0.15065984754142545
82,1426,1508,0.15068025824214956
79,1418,1497,0.15070639775337724
86,1425,1511,0.15073768477818422
84,1438,1522,0.15075102417243785
86,1435,1521,0.15076851749960313
86,1434,1520,0.15077955206578303
85,1441,1526,0.15079036509257762
85,1442,1527,0.1508031129181683
85,1431,1516,0.1508148282518329
86,1431,1517,0.15082628103214957
84,1431,1515,0.1508341902281733
85,1434,1519,0.15084648331987494
84,1440,1524,0.15085579572449595
82,1437,1519,0.1508670940102024
83,1431,1514,0.1508819740451565
83,1418,1501,0.1508928776882003
82,1434,1516,0.1509035122558803
83,1434,1517,0.1509161162624143
81,1434,1515,0.15092479471533315
84,1436,1520,0.15093789426175883
84,1436,1520,0.1509424328190011
83,1428,1511,0.1509471814546377
86,1434,1520,0.15095336032303275
84,1442,1526,0.1509529668653088
81,1432,1513,0.15095733703192077
79,1426,1505,0.15096862921911697
81,1420,1501,0.15098344114165554
84,1418,1502,0.15099265314728824
87,1432,1519,0.15099416336417154
87,1439,1526,0.15098817749735016
86,1432,1518,0.15098202385697135
83,1430,1513,0.15097876870580357
82,1433,1515,0.1509827033201451
82,1442,1524,0.1509893370245587
81,1444,1525,0.1509951719912389
77,1433,1510,0.15100333078218964
76,1430,1506,0.15102064785900393
75,1428,1503,0.15103947215404395
76,1437,1513,0.15105970787950196
76,1435,1511,0.15107629481413018
77,1426,1503,0.15109117501369063
80,1421,1501,0.15110221531950851
80,1424,1504,0.15110507514102367
82,1417,1499,0.1511078403622222
83,1426,1509,0.15110533010036167
78,1435,1513,0.15110060380434498
77,1430,1507,0.15110784575744363
77,1432,1509,0.15111738193609406
75,1431,1506,0.15112669566188333
76,1430,1506,0.15114021726536378
74,1436,1510,0.1511501021587462
76,1431,1507,0.15116410483164294
75,1436,1511,0.1511726038535061
74,1433,1507,0.151183099611577
75,1439,1514,0.1511957966591802
74,1454,1528,0.1512052339445925
73,1451,1524,0.1512168594678287
72,1447,1519,0.1512294278039844
73,1449,1522,0.15124385632006362
75,1441,1516,0.15125440993489583
75,1427,1502,0.15126009852854877
75,1432,1507,0.15126506916310165
76,1425,1501,0.15126995652862874
77,1447,1524,0.1512712355395086
76,1436,1512,0.15127049389093308
77,1449,1526,0.15127307021171935
80,1445,1525,0.15127243840742674
78,1443,1521,0.15126409448581174
77,1441,1518,0.15126104591106465
77,1444,1521,0.15126054997529423
77,1434,1511,0.1512597901013677
76,1431,1507,0.151259433391377
75,1423,1498,0.15126158658778546
74,1431,1505,0.15126664424757358
72,1445,1517,0.151273874752404
74,1441,1515,0.1512852914117565
76,1432,1508,0.1512909932192101
77,1421,1498,0.15129093867533888
80,1440,1520,0.1512888346010593
79,1438,1517,0.15127886815083746
80,1428,1508,0.1512722943367157
83,1436,1519,0.15126456460648993
83,1433,1516,0.1512480073482168
83,1419,1502,0.15123335899853227
84,1416,1500,0.15122027608322322
84,1419,1503,0.1512056131033187
82,1438,1520,0.15119214682590812
82,1432,1514,0.15118467153191584
82,1424,1506,0.151178053973905
80,1417,1497,0.15117244272927807
78,1418,1496,0.15117208582850253
78,1421,1499,0.15117615498274048
76,1423,1499,0.15118037787816024
79,1429,1508,0.1511885325917922
78,1438,1516,0.15118929383941723
82,1447,1529,0.15119154251922398
82,1450,1532,0.15118371459988483
83,1448,1531,0.1511769788515384
82,1440,1522,0.1511676719785281
83,1453,1536,0.15116176501823964
85,1434,1519,0.15115431190920778
85,1427,1512,0.1511425551845332
80,1435,1515,0.151131123405322
79,1438,1517,0.15113288869615718
78,1448,1526,0.15113671547210739
80,1433,1513,0.1511430054723063
79,1436,1515,0.15114439674438324
74,1432,1506,0.15114839871718921
74,1432,1506,0.15116401636010912
74,1445,1519,0.151178592805837
74,1445,1519,0.15119235023726346
74,1453,1527,0.15120508891795637
74,1449,1523,0.15121730246223858
76,1450,1526,0.15122908698009213
77,1450,1527,0.15123556503019656
76,1451,1527,0.1512391108618041
77,1463,1540,0.15124494445076297
79,1461,1540,0.1512477377401516
80,1453,1533,0.15124444568752957
78,1454,1532,0.15123961288443996
78,1448,1526,0.15123988952131526
79,1447,1526,0.15124050527072788
77,1445,1522,0.1512383264184586
73,1434,1507,0.15124097021149666
73,1425,1498,0.1512519444090984
71,1426,1497,0.15126253272497048
76,1431,1507,0.15127728535165066
73,1440,1513,0.15127962599708397
73,1436,1509,0.1512889935398921
75,1443,1518,0.1512980632943531
74,1448,1522,0.15130122223514234
73,1459,1532,0.15130681223266687
77,1441,1518,0.15131479740007414
73,1447,1520,0.15131211928740695
74,1442,1516,0.15131900963005496
75,1425,1500,0.15132301795394376
72,1443,1515,0.15132418160904265
74,1450,1524,0.15133270134500587
71,1447,1518,0.15133619993539724
77,1446,1523,0.15134648845102533
75,1453,1528,0.15133989732643774
74,1436,1510,0.1513386779625186
76,1432,1508,0.1513402743319762
77,1433,1510,0.15133737439366926
77,1441,1518,0.15133294660260496
76,1445,1521,0.15132874687977566
73,1450,1523,0.15132729453109314
72,1446,1518,0.1513325441725301
71,1437,1508,0.15134044187177814
73,1447,1520,0.15135011970697426
77,1454,1531,0.15135422195125361
75,1448,1523,0.1513480634253012
76,1450,1526,0.151348035787898
72,1452,1524,0.15134549309841486
73,1460,1533,0.15135235210122716
74,1462,1536,0.15135642056373644
76,1458,1534,0.1513583679558919
75,1448,1523,0.15135604809614647
75,1452,1527,0.15135596228786227
73,1449,1522,0.15135616506266797
77,1435,1512,0.1513604854560794
75,1425,1500,0.15135574864882098
77,1432,1509,0.15135589796883883
76,1438,1514,0.15135102551088145
76,1446,1522,0.15134794367564938
75,1434,1509,0.1513459628606392
75,1435,1510,0.15134570688420723
78,1433,1511,0.1513446576521947
80,1428,1508,0.15133610356427746
81,1437,1518,0.15132241002760555
81,1442,1523,0.15130856285608224
80,1444,1524,0.15129603228361374
80,1438,1518,0.15128751965472817
80,1434,1514,0.15127963794171856
81,1432,1513,0.1512715971162172
80,1435,1515,0.15126249678627185
80,1442,1522,0.1512568461922167
78,1439,1517,0.15125195590029922
77,1441,1518,0.15125229882721758
79,1442,1521,0.15125366311554822
78,1440,1518,0.15125059915657968
77,1441,1518,0.15125076516113528
76,1449,1525,0.1512533456995566
74,1434,1508,0.15125766794375925
75,1436,1511,0.15126627080932928
75,1438,1513,0.15127258469942728
77,1439,1516,0.15127873233347555
73,1451,1524,0.15128041766766992
75,1436,1511,0.15129112967566427
76,1439,1515,0.15129571496005467
76,1453,1529,0.15129779084779146
75,1452,1527,0.1513002033911443
76,1438,1514,0.1513049890232088
73,1441,1514,0.15130701346314787
74,1447,1521,0.15131489125006695
74,1448,1522,0.15132005571573576
74,1454,1528,0.15132421808028151
74,1444,1518,0.15132848116519304
77,1443,1520,0.15133219362025596
76,1427,1503,0.15132898915678308
78,1433,1511,0.15132791767544065
77,1439,1516,0.15132275883819774
73,1440,1513,0.15132060644781387
74,1434,1508,0.15132821819982614
72,1432,1504,0.15133335356066355
74,1429,1503,0.1513426868451942
78,1441,1519,0.15134626853513508
76,1435,1511,0.15133962719146787
73,1438,1511,0.1513392927477973
74,1434,1508,0.1513458912069056
73,1436,1509,0.15135009124549811
73,1429,1502,0.15135654007499344
72,1434,1506,0.15136271006168742
71,1438,1509,0.151371062735622
72,1439,1511,0.15138106234582352
70,1440,1510,0.1513879608609435
70,1437,1507,0.1513991665102451
70,1433,1503,0.1514093113757964
74,1437,1511,0.15141923013688172
71,1446,1517,0.15141908111497215
73,1453,1526,0.1514258788469313
73,1455,1528,0.1514278618260612
71,1450,1521,0.15142992064614375
68,1458,1526,0.1514357102447942
67,1461,1528,0.15144807711544864
64,1471,1535,0.15146168602714116
67,1452,1519,0.15148162923726932
68,1446,1514,0.15149359142251567
66,1456,1522,0.15150268240148507
65,1452,1517,0.15151586955312257
66,1452,1518,0.1515301525934731
65,1450,1515,0.15154129015791007
66,1454,1520,0.15155430368590828
67,1455,1522,0.15156397414890863
67,1445,1512,0.15157041634146268
65,1448,1513,0.15157657590696821
66,1460,1526,0.15158712394934148
65,1460,1525,0.15159447875358908
66,1452,1518,0.15160384303923682
61,1447,1508,0.15161043664829194
62,1455,1517,0.15162836941190083
63,1452,1515,0.15164215371606699
64,1441,1505,0.15165271072785663
67,1462,1529,0.1516599674396433
65,1470,1535,0.15165992056454838
64,1456,1520,0.1516650271347235
64,1464,1528,0.15167241846235732
65,1451,1516,0.15167944155352056
65,1442,1507,0.1516828818754027
64,1450,1514,0.15168621204637614
66,1445,1511,0.15169171853038382
64,1442,1506,0.1516911628466756
65,1448,1513,0.1516954950932743
63,1461,1524,0.15169750725957828
63,1456,1519,0.15170410848726562
63,1464,1527,0.15171058174888294
66,1457,1523,0.15171670586753946
64,1449,1513,0.15171499251391196
66,1451,1517,0.1517174437522941
68,1467,1535,0.15171414694873708
68,1471,1539,0.15170668012035798
69,1471,1540,0.15170030060858697
68,1460,1528,0.15169144764155656
66,1462,1528,0.15168596673103107
67,1456,1523,0.15168570650096008
67,1466,1533,0.15168276809213496
64,1461,1525,0.15168050105816558
63,1454,1517,0.15168531235436916
64,1450,1514,0.15169180082685862
67,1444,1511,0.15169596876094876
63,1448,1511,0.15169169087522197
63,1450,1513,0.15169661340526397
66,1446,1512,0.1517023891424238
62,1446,1508,0.15170078458312206
64,1446,1510,0.15170759831650785
62,1451,1513,0.15170911030697673
64,1445,1509,0.15171581431136225
65,1436,1501,0.15171763486436882
62,1452,1514,0.15171753262007887
61,1472,1533,0.1517244141192048
62,1460,1522,0.15173345551983225
63,1454,1517,0.15173960691853025
60,1442,1502,0.1517425721286431
61,1451,1512,0.15175294253557092
61,1447,1508,0.15175972415975802
63,1455,1518,0.15176538716431087
63,1455,1518,0.15176561890047158
63,1437,1500,0.15176625748654932
66,1439,1505,0.1517669100145244
67,1451,1518,0.1517595263494602
65,1448,1513,0.1517502761402535
66,1455,1521,0.15174666358938382
66,1449,1515,0.15174028429567593
68,1448,1516,0.15173451632750307
68,1442,1510,0.15172490908945957
66,1427,1493,0.1517164408964718
66,1440,1506,0.15171376384152307
65,1436,1501,0.15171102973259892
66,1438,1504,0.15171086721910002
66,1454,1520,0.15170856460437201
65,1447,1512,0.15170656113843578
66,1444,1510,0.15170671279828798
66,1442,1508,0.15170493574060653
62,1441,1503,0.15170363531879882
64,1441,1505,0.15171185894627665
63,1443,1506,0.15171359213797678
63,1459,1522,0.15171789023720306
64,1460,1524,0.15172176083611177
64,1458,1522,0.15172319912308843
60,1454,1514,0.15172379233302613
59,1465,1524,0.15173364674804707
60,1456,1516,0.15174551580409676
58,1455,1513,0.15175447943295567
60,1466,1526,0.15176728549797938
61,1467,1528,0.15177507911736446
59,1464,1523,0.1517788281881889
58,1448,1506,0.15178654885359688
58,1462,1520,0.1517957358544594
62,1455,1517,0.15180442915735806
60,1464,1524,0.1518029747967877
61,1444,1505,0.1518075096178989
59,1435,1494,0.15180973879803866
57,1440,1497,0.15181680851721807
57,1449,1506,0.1518285231604184
58,1452,1510,0.1518393954702547
57,1451,1508,0.15184744457789384
58,1452,1510,0.15185708249331464
58,1436,1494,0.15186309920423363
55,1448,1503,0.15186920301081705
53,1463,1516,0.15188215357641602
55,1452,1507,0.1518989637461407
53,1455,1508,0.15190951148404236
53,1447,1500,0.15192416198930758
52,1452,1504,0.15193814683902984
53,1467,1520,0.15195310948275184
55,1459,1514,0.15196489987182893
56,1455,1511,0.15197162969083927
57,1457,1514,0.1519751416615471
56,1465,1521,0.15197604963201822
56,1468,1524,0.1519792997610388
56,1461,1517,0.15198276613645573
60,1460,1520,0.1519859046589721
59,1457,1516,0.15197751680436855
56,1457,1513,0.15197193810476242
57,1460,1517,0.15197395775006703
57,1459,1516,0.15197422788709422
57,1459,1516,0.15197485281736497
58,1466,1524,0.15197496665315396
57,1467,1524,0.15197333815251368
56,1462,1518,0.15197401468480343
56,1461,1517,0.1519780979996591
54,1467,1521,0.15198228037485062
51,1469,1520,0.15199010548221378
52,1469,1521,0.15200441671817
51,1457,1508,0.15201584196699972
50,1472,1522,0.1520283005045849
50,1473,1523,0.15204278380004957
47,1484,1531,0.15205652484478066
48,1456,1504,0.1520763430222515
47,1452,1499,0.15209286978782674
46,1461,1507,0.15211071995792558
47,1466,1513,0.15212946043133654
48,1471,1519,0.1521440131850278
49,1469,1518,0.15215487678383852
50,1467,1517,0.15216283442058348
49,1459,1508,0.15216653996046262
49,1473,1522,0.15217261865180032
50,1461,1511,0.15217833977136994
51,1469,1520,0.15218133417951324
50,1465,1515,0.15218137885490068
51,1446,1497,0.1521842694120431
52,1453,1505,0.15218396405123782
47,1467,1514,0.15218117543163193
43,1470,1513,0.15219041265588407
44,1461,1505,0.1522089390972762
44,1465,1509,0.15222360583877426
44,1460,1504,0.15223683450554543
45,1476,1521,0.1522494178860938
45,1471,1516,0.15225936400676643
46,1471,1517,0.15226836808963462
46,1475,1521,0.152274048303802
46,1485,1531,0.1522797646450815
46,1481,1527,0.15228524000455165
45,1485,1530,0.15229031931857753
44,1459,1503,0.15229769255720385
45,1464,1509,0.15230733912112382
43,1465,1508,0.15231398452804282
43,1471,1514,0.15232523401967663
43,1478,1521,0.15233608887439187
44,1476,1520,0.15234647627380304
41,1472,1513,0.1523532730276083
42,1468,1510,0.1523667564706746
43,1466,1509,0.15237694110737204
43,1473,1516,0.15238295171966743
46,1469,1515,0.152388979929417
46,1475,1521,0.15238726681555143
44,1474,1518,0.15238607909207055
44,1486,1530,0.1523889261689215
44,1500,1544,0.15239202178289474
45,1486,1531,0.1523944089444544
46,1474,1520,0.15239405084434593
47,1480,1527,0.1523910549325975
45,1481,1526,0.15238464596799095
48,1467,1515,0.15238387412055437
48,1465,1513,0.15237648766110845
46,1450,1496,0.15237028579086212
46,1452,1498,0.1523697219936423
40,1465,1505,0.1523692320834317
44,1471,1515,0.15238281958908687
43,1471,1514,0.15238445945869483
44,1470,1514,0.15238869340957487
47,1466,1513,0.15239014231559955
46,1466,1512,0.152384080554019
46,1452,1498,0.15238125898939267
47,1458,1505,0.1523792070270337
47,1462,1509,0.15237464894351707
46,1457,1503,0.15237005891955369
46,1466,1512,0.1523686111601695
46,1469,1515,0.1523670507300656
48,1477,1525,0.15236552370595713
49,1485,1534,0.1523588697997157
47,1482,1529,0.1523505536468171
48,1478,1526,0.15234870062397263
48,1481,1529,0.15234415520322345
46,1474,1520,0.15234013331965823
49,1473,1522,0.15234204539914165
49,1477,1526,0.1523363692262556
49,1483,1532,0.15233100428279922
44,1472,1516,0.1523261251958172
47,1463,1510,0.15233358308028241
46,1465,1511,0.15233412331814755
46,1464,1510,0.15233716169539857
45,1468,1513,0.15234047105768803
45,1467,1512,0.15234621879562915
44,1465,1509,0.1523520524557681
41,1467,1508,0.15235925298838088
39,1488,1527,0.15237328968860975
40,1490,1530,0.15239126376982187
39,1479,1518,0.15240593354568335
37,1476,1513,0.1524221563388421
35,1491,1526,0.15244151122310512
38,1484,1522,0.1524651327093684
40,1476,1516,0.1524796172685448
42,1478,1520,0.15248814676602296
41,1473,1514,0.15249013321798777
41,1471,1512,0.15249452890011017
42,1474,1516,0.15249913375663943
42,1480,1522,0.15250127401471425
42,1486,1528,0.152503492732394
43,1475,1518,0.15250529064576562
42,1482,1524,0.1525052084835923
42,1479,1521,0.15250774225976402
43,1486,1529,0.15251046721982373
43,1485,1528,0.15251097844192343
43,1482,1525,0.15251126134426765
43,1481,1524,0.15251184984856567
43,1483,1526,0.15251268695989562
41,1482,1523,0.15251372376352423
41,1471,1512,0.15251936511542513
42,1464,1506,0.15252474932141033
41,1478,1519,0.1525269464864024
40,1480,1520,0.15253169756031057
40,1485,1525,0.15253860117838558
39,1478,1517,0.15254466400346658
40,1489,1529,0.15255289186908005
42,1493,1535,0.15255679904367747
45,1478,1523,0.15255414357237987
45,1477,1522,0.1525446056406285
45,1475,1520,0.15253628023545393
44,1476,1520,0.15252918048892075
43,1472,1515,0.15252522257295073
45,1464,1509,0.152523351582767
46,1464,1510,0.15251703524846216
45,1460,1505,0.15250845663556123
45,1465,1510,0.1525031927034838
44,1466,1510,0.15249877264308984
44,1477,1521,0.15249713807329607
44,1462,1506,0.15249523624673833
43,1468,1511,0.1524937452873342
45,1474,1519,0.15249486306523344
44,1464,1508,0.15249083213723033
43,1453,1496,0.15248968998292345
42,1462,1504,0.15249138805738816
40,1464,1504,0.1524956224138134
42,1462,1504,0.1525044469122224
43,1466,1509,0.1525077051669407
43,1476,1519,0.15250683849312024
46,1468,1514,0.15250525001289084
47,1473,1520,0.15249446190273439
46,1464,1510,0.15248269959552008
50,1462,1512,0.15247580168488117
49,1471,1520,0.152458784695595
49,1467,1516,0.15244589314478965
52,1462,1514,0.15243445835951963
51,1472,1523,0.1524156481927813
50,1466,1516,0.15240090057539438
50,1475,1525,0.15238887893891445
47,1472,1519,0.15237747975250687
50,1465,1515,0.1523744958275211
48,1457,1505,0.15236418425085785
49,1457,1506,0.15235971456147165
48,1441,1489,0.15235350391463526
50,1440,1490,0.15235090585987904
51,1460,1511,0.1523433885707124
49,1465,1514,0.15233445383857508
47,1462,1509,0.1523309486558636
48,1454,1502,0.15233271804180656
47,1460,1507,0.1523316972465428
49,1464,1513,0.1523337835667146
47,1459,1506,0.1523307833087428
48,1465,1513,0.15233277847146737
46,1454,1500,0.15233266346256344
45,1461,1506,0.15233735302612303
46,1477,1523,0.1523443112818995
47,1477,1524,0.1523487236726554
45,1482,1527,0.15235080574081106
42,1475,1517,0.15235767646624299
41,1474,1515,0.15237103894453974
41,1466,1507,0.15238589565483818
41,1472,1513,0.15240001437050293
42,1460,1502,0.15241341236294192
42,1461,1503,0.1524236283520149
43,1469,1512,0.15243249271489656
43,1474,1517,0.1524388293283247
43,1487,1530,0.15244409251937646
44,1489,1533,0.15244872465104128
44,1473,1517,0.1524508804931414
42,1472,1514,0.1524531196488056
42,1476,1518,0.15245988201215901
42,1467,1509,0.15246598749603968
42,1474,1516,0.15247195393795776
42,1474,1516,0.1524766203444305
41,1484,1525,0.15248125885783068
41,1476,1517,0.15248828303777023
41,1478,1519,0.15249518924776556
40,1486,1526,0.15250194529688899
40,1490,1530,0.15251042775836784
40,1488,1528,0.15251863938247134
40,1468,1508,0.15252656422420557
39,1463,1502,0.1525341913785593
39,1469,1508,0.15254344944946896
39,1471,1510,0.1525523237374706
39,1481,1520,0.1525608161454665
38,1484,1522,0.1525689302097394
40,1484,1524,0.15257889171672276
38,1485,1523,0.1525830425336326
37,1482,1519,0.15259173955283614
37,1465,1502,0.1526015360606358
37,1477,1514,0.15261095684147313
38,1470,1508,0.15261987102649668
36,1482,1518,0.1526261465105308
34,1482,1516,0.15263712628035467
37,1470,1507,0.15265113310615372
36,1484,1520,0.15265769646500005
36,1482,1518,0.15266528036700813
35,1478,1513,0.15267264439995198
38,1492,1530,0.15268199309165134
39,1490,1529,0.15268240133038863
39,1485,1524,0.15268057834846777
39,1482,1521,0.15267935626386822
38,1477,1515,0.15267841676348107
39,1475,1514,0.15267919645616237
38,1477,1515,0.15267773702351028
39,1481,1520,0.15267906421728494
40,1470,1510,0.15267811704159548
40,1477,1517,0.15267494182167846
42,1466,1508,0.1526713390561552
43,1469,1512,0.1526627083140012
42,1473,1515,0.15265265445905463
41,1466,1507,0.15264608866849966
41,1466,1507,0.15264262000348552
41,1451,1492,0.1526389283453389
44,1451,1495,0.15263583549359644
44,1460,1504,0.15262460312122994
43,1451,1494,0.1526145791523699
41,1458,1499,0.15260789514646447
39,1465,1504,0.1526067054307016
41,1479,1520,0.1526106800132963
39,1466,1505,0.15260923785039127
38,1456,1494,0.1526126464370986
39,1460,1499,0.152618344255539
35,1474,1509,0.15262136109788124
38,1474,1512,0.15263347678518996
38,1469,1507,0.1526366866860888
37,1471,1508,0.15263906246872685
38,1482,1520,0.15264420479207857
37,1482,1519,0.15264613621738612
37,1482,1519,0.15265053692840183
37,1484,1521,0.15265505813423977
36,1486,1522,0.15265964003548585
37,1486,1523,0.15266688101394382
35,1483,1518,0.15267080566170152
33,1478,1511,0.15267923452526566
33,1487,1520,0.1526915870537659
34,1477,1511,0.1527034342750881
36,1466,1502,0.15271112366346254
37,1459,1496,0.15271386971944045
37,1465,1502,0.15271361009408504
37,1474,1511,0.1527124306329851
36,1467,1503,0.152711859617929
36,1476,1512,0.1527147012794123
37,1469,1506,0.15271740970416692
37,1474,1511,0.15271761792015437
36,1464,1500,0.1527181730958064
37,1472,1509,0.15272168690560217
37,1488,1525,0.15272225843407786
37,1495,1532,0.15272309613051394
33,1489,1522,0.15272325155151065
34,1479,1513,0.15273265192223032
34,1470,1504,0.152739323351312
33,1480,1513,0.15274494461183324
34,1481,1515,0.15275287542240992
33,1480,1513,0.1527583422224961
31,1481,1512,0.15276592719382495
30,1480,1510,0.15277787581460556
30,1488,1518,0.1527917042655769
28,1497,1525,0.15280484284513457
27,1501,1528,0.15282169651435942
27,1494,1521,0.15283969654560722
30,1487,1517,0.15285672331814307
29,1496,1525,0.15286456344509644
29,1490,1519,0.15287441160460033
30,1497,1527,0.15288391408483107
30,1499,1529,0.15289046314062268
30,1485,1515,0.1528968461698706
32,1482,1514,0.1529030456442263
30,1487,1517,0.15290325141038152
31,1484,1515,0.15290844989018673
31,1478,1509,0.15291063143238498
30,1479,1509,0.15291281565966905
29,1474,1503,0.1529173381769459
28,1475,1503,0.1529242186952958
30,1478,1508,0.15293333023521172
31,1465,1496,0.1529364228800372
32,1475,1507,0.15293730185854978
32,1480,1512,0.15293574093802248
32,1490,1522,0.15293458719021483
32,1491,1523,0.15293377960045443
32,1481,1513,0.1529332650841857
31,1468,1499,0.15293299751045591
28,1466,1494,0.1529352102530592
28,1459,1487,0.1529440541050944
25,1474,1499,0.15295249611170175
25,1474,1499,0.15296752286604676
23,1485,1508,0.15298170879174297
23,1487,1510,0.1529997649344848
23,1493,1516,0.15301667587593046
22,1483,1505,0.15303262808147636
21,1481,1502,0.15305001440096647
21,1492,1513,0.1530678942632868
21,1486,1507,0.15308481674767388
22,1470,1492,0.15310082031327701
22,1494,1516,0.15311229241111082
22,1494,1516,0.15312332696228162
21,1493,1514,0.15313391734434656
20,1489,1509,0.15314619152327388
19,1499,1518,0.15316058381858513
20,1493,1513,0.15317633680242884
20,1495,1515,0.15318900482863448
19,1504,1523,0.15320097872605687
18,1498,1516,0.15321465071061413
18,1499,1517,0.15322980178858273
16,1499,1515,0.1532440785667064
16,1502,1518,0.15326207818065574
15,1502,1517,0.15327814032479964
15,1504,1519,0.1532963226447575
16,1508,1524,0.15331308279476505
16,1506,1522,0.15332648487281655
16,1510,1526,0.1533391592722656
19,1507,1526,0.15335113897320804
17,1495,1512,0.15335383231789593
19,1487,1506,0.1533612056190804
19,1505,1524,0.1533631818608794
19,1507,1526,0.15336533304633077
19,1504,1523,0.15336761530481435
19,1499,1518,0.1533699911686972
19,1498,1517,0.15337242876318624
17,1487,1504,0.15337480065794412
17,1507,1524,0.1533818239794862
18,1496,1514,0.15338857265207734
19,1486,1505,0.15339184881646598
19,1493,1512,0.1533925700684517
19,1495,1514,0.15339354570044492
18,1505,1523,0.15339467772455925
18,1505,1523,0.1533982033587843
17,1517,1534,0.15340168321955544
17,1516,1533,0.1534072963036029
16,1505,1521,0.15341269635907107
16,1496,1512,0.15342005354710125
16,1508,1524,0.15342705350789473
16,1501,1517,0.15343370410547924
17,1520,1537,0.1534400146131453
16,1501,1517,0.15344347722615023
17,1508,1525,0.15344813986945827
18,1501,1519,0.1534496094659414
18,1489,1507,0.1534480704768821
20,1484,1504,0.15344693589118788
19,1480,1499,0.15344079142356978
20,1477,1497,0.15343733243376168
20,1483,1503,0.15343221399254853
20,1489,1509,0.15342774205742746
21,1489,1510,0.15342384056210723
20,1487,1507,0.15341782583598162
17,1488,1505,0.15341465818329633
18,1494,1512,0.15341905898074962
19,1487,1506,0.15342108549474706
19,1499,1518,0.15342001990857201
20,1502,1522,0.15341841861163277
21,1502,1523,0.15341418266222598
21,1500,1521,0.1534078817917
21,1491,1512,0.15340236401258722
23,1503,1526,0.1533975356363651
22,1520,1542,0.1533879775476398
21,1511,1532,0.1533820870973278
18,1501,1519,0.1533790376835975
19,1490,1509,0.15338349663146933
21,1498,1519,0.1533856186246953
21,1498,1519,0.153382789907402
20,1496,1516,0.15338036228836943
20,1502,1522,0.1533806003361282
19,1497,1516,0.15338100144761163
19,1510,1529,0.15338389230113358
19,1511,1530,0.15338674602091648
18,1503,1521,0.1533895479429851
18,1508,1526,0.15339452709271742
19,1509,1528,0.15339928478614123
19,1501,1520,0.153401039556259
19,1500,1519,0.153402812572438
20,1493,1513,0.15340458722511635
21,1485,1506,0.1534038527111808
21,1485,1506,0.15340013530707491
21,1496,1517,0.15339685589417476
21,1490,1511,0.1533939637356031
22,1490,1512,0.15339141395839456
22,1499,1521,0.1533862224291434
22,1491,1513,0.15338156583664284
20,1493,1513,0.1533773868976012
21,1489,1510,0.15337799924911855
21,1483,1504,0.15337686483047586
21,1473,1494,0.1533759166999724
21,1481,1502,0.1533751303996528
21,1505,1526,0.15337448445080337
20,1511,1531,0.15337396000040882
20,1498,1518,0.15337582796741717
20,1499,1519,0.15337763862697634
19,1503,1522,0.1533793881882549
19,1507,1526,0.15338334103521942
18,1510,1528,0.15338708831095274
18,1506,1524,0.1533927633313589
17,1513,1530,0.15339811536707623
17,1512,1529,0.1534053872105808
17,1503,1520,0.15341222903439394
17,1505,1522,0.15341866251763317
17,1510,1527,0.15342470874968986
17,1504,1521,0.15343038816734453
18,1512,1530,0.15343572050812032
19,1495,1514,0.15343817189432615
18,1510,1528,0.153437888828242
17,1504,1521,0.15343999947808476
16,1493,1509,0.15344421528442423
16,1496,1512,0.1534504290274048
17,1491,1508,0.1534563151164707
17,1507,1524,0.15345953097910342
17,1507,1524,0.15346260697252956
17,1501,1518,0.15346554287318834
16,1493,1509,0.1534683396636706
16,1501,1517,0.15347326134616884
16,1510,1526,0.15347789589218988
16,1506,1522,0.15348225654163652
16,1507,1523,0.1534863564292204
16,1502,1518,0.15349020849366887
17,1499,1516,0.15349382540498582
17,1510,1527,0.15349466462150269
17,1502,1519,0.153495495054441
16,1512,1528,0.15349631212770337
15,1512,1527,0.15349940747232055
16,1512,1528,0.15350451138749943
15,1509,1524,0.15350689640138382
15,1515,1530,0.1535113318814329
16,1503,1519,0.1535155278942436
17,1491,1508,0.15351707172544649
17,1498,1515,0.15351621727127085
17,1489,1506,0.15351547926877088
17,1482,1499,0.1535148437870841
17,1480,1497,0.1535142984680607
16,1487,1503,0.1535138323537967
16,1501,1517,0.15351573148789716
16,1503,1519,0.15351753764908316
18,1501,1519,0.15351925279017103
18,1497,1515,0.1535145256721232
18,1500,1518,0.15351030090756176
17,1511,1528,0.15350652195397296
17,1513,1530,0.15350604389693143
16,1507,1523,0.15350567488845396
16,1508,1524,0.15350756630629422
16,1494,1510,0.15350940196242063
16,1509,1525,0.1535111755159752
14,1519,1533,0.15351288237792882
14,1513,1527,0.15351910940577285
14,1512,1526,0.15352498426971276
14,1512,1526,0.15353052064009776
15,1513,1528,0.15353573266244866
14,1509,1523,0.1535381339882068
14,1503,1517,0.15354269450065477
14,1508,1522,0.1535470065766357
13,1511,1524,0.15355107951871788
12,1520,1532,0.15355706984349218
11,1505,1516,0.1535650896709403
11,1514,1525,0.15357489906667648
10,1520,1530,0.15358410285510335
12,1513,1525,0.15359464637990158
13,1503,1516,0.15359929161328087
12,1495,1507,0.15360056951507806
12,1494,1506,0.15360413436798473
11,1484,1495,0.15360766280368787
11,1498,1509,0.15361343196687646
12,1505,1517,0.1536189880119925
12,1503,1515,0.15362188354545675
12,1493,1505,0.15362472163273394
11,1503,1514,0.1536274900520505
12,1506,1518,0.15363237865405874
11,1509,1520,0.15363477663857789
11,1511,1522,0.15363948310046294
12,1503,1515,0.1536439595025354
12,1509,1521,0.15364570196303634
12,1521,1533,0.15364740340747457
11,1514,1525,0.1536490577301426
11,1496,1507,0.1536530145621717
12,1488,1500,0.15365677166013583
12,1499,1511,0.15365725612671172
11,1504,1515,0.1536578391763426
12,1505,1517,0.15366080692776574
12,1505,1517,0.1536605118538734
13,1509,1522,0.1536604188704328
11,1511,1522,0.15365799778522352
11,1502,1513,0.15366102668716786
10,1499,1509,0.1536639524575244
10,1493,1503,0.15366911750414836
10,1503,1513,0.15367402304712985
10,1500,1510,0.1536786758478066
10,1500,1510,0.15368308351644958
10,1508,1518,0.15368725429643842
10,1499,1509,0.15369119688223848
8,1510,1518,0.15369492026656656
8,1505,1513,0.15370292629046822
8,1500,1508,0.15371046226516225
8,1519,1527,0.15371755240580012
8,1508,1516,0.15372422016554396
7,1510,1517,0.1537304881806257
7,1497,1504,0.15373873831575108
7,1494,1501,0.1537464908484395
7,1495,1502,0.15375377395521625
7,1503,1510,0.15376061446881997
8,1498,1506,0.1537670379060449
7,1503,1510,0.15377014696056945
7,1512,1519,0.15377547358840907
6,1518,1524,0.1537805473615661
7,1514,1521,0.15378770836442407
6,1510,1516,0.15379126126213258
6,1524,1530,0.15379704790277648
6,1518,1524,0.15380261657749864
7,1518,1525,0.15380796300945138
8,1518,1526,0.1538105786260193
8,1511,1519,0.15381003383800704
9,1506,1515,0.15380971513796904
9,1504,1513,0.15380637603303704
10,1498,1508,0.15380349111389224
11,1496,1507,0.15379788698389832
11,1494,1505,0.15378988882920705
11,1498,1509,0.1537827184471195
11,1496,1507,0.15377628376027713
11,1474,1485,0.15377050351471483
11,1484,1495,0.15376530595668966
10,1494,1504,0.15376062767566426
10,1514,1524,0.15375904718991307
10,1513,1523,0.15375768942626172
10,1519,1529,0.1537565250864037
10,1512,1522,0.15375552864329448
10,1514,1524,0.15375467785772237
10,1504,1514,0.15375395335700606
10,1505,1515,0.15375278937665374
11,1515,1526,0.15375182780250057
11,1503,1514,0.1537478584122381
10,1510,1520,0.1537443334428443
10,1500,1510,0.1537436126233046
10,1506,1516,0.15374308411857807
9,1522,1531,0.1537427164652659
9,1507,1516,0.1537449189669028
7,1505,1512,0.15374708292110734
7,1509,1516,0.1537539457485551
7,1511,1518,0.15376046614846767
7,1517,1524,0.15376665542032317
7,1514,1521,0.15377252536845248
9,1503,1512,0.15377808812269517
9,1503,1512,0.153777233428791
7,1502,1509,0.1537766662945348
8,1512,1520,0.1537814786234061
8,1519,1527,0.1537829221303696
8,1515,1523,0.15378447448454005
9,1514,1523,0.15378610515635086
9,1519,1528,0.15378524491231224
10,1513,1523,0.15378460427616097
9,1508,1517,0.15378110760633232
10,1505,1515,0.15378048697887356
10,1512,1522,0.15377759904283042
10,1517,1527,0.15377507954395317
9,1512,1521,0.1537728852894009
9,1494,1503,0.15377323543671056
9,1491,1500,0.15377369920289355
10,1494,1504,0.15377425397812577
10,1498,1508,0.1537724279265596
10,1500,1510,0.1537708314090924
9,1520,1529,0.15376943786897043
9,1526,1535,0.15377056574456666
9,1524,1533,0.15377170594120615
9,1512,1521,0.153772847614
9,1513,1522,0.15377398181262375
8,1525,1533,0.15377510121662114
8,1529,1537,0.1537784565014807
8,1528,1536,0.15378164720291612
8,1522,1530,0.15378467672815774
8,1528,1536,0.15378754922235363
8,1526,1534,0.15379026939730714
8,1524,1532,0.15379284238694566
8,1516,1524,0.15379527362583
8,1518,1526,0.1537975687474958
8,1519,1527,0.1537997334998401
8,1513,1521,0.15380177367513498
8,1511,1519,0.1538036950525693
8,1511,1519,0.15380550335149956
8,1494,1502,0.15380720419383553
8,1501,1509,0.15380880307419711
8,1503,1511,0.15381030533666426
8,1502,1510,0.15381171615710287
8,1512,1520,0.15381304053018868
8,1514,1522,0.15381428326037358
8,1505,1513,0.15381544895614366
7,1505,1512,0.15381654202701125
6,1502,1508,0.15381980355119557
6,1505,1511,0.1538250760820198
6,1511,1517,0.15383002468756513
6,1521,1527,0.15383466788920783
6,1515,1521,0.1538390233321687
6,1515,1521,0.15384310780107918
6,1520,1526,0.15384693723969467
6,1514,1520,0.15385052677384653
7,1508,1515,0.15385389073686104
7,1506,1513,0.1538538296072079
7,1505,1512,0.15385386780792185
7,1503,1510,0.15385398771275172
7,1489,1496,0.15385417414307756
7,1499,1506,0.15385441405734107
7,1502,1509,0.15385469627828507
7,1511,1518,0.15385501125349388
7,1527,1534,0.15385535084525503
7,1521,1528,0.15385570814623672
6,1511,1517,0.15385607731788753
5,1510,1515,0.15385873829597282
4,1511,1515,0.15386381788943626
5,1506,1511,0.15387097516694656
5,1520,1525,0.1538745971655383
5,1529,1534,0.15387809178521358
5,1523,1528,0.1538814537911517
5,1515,1520,0.15388468001157657
5,1513,1518,0.1538877689817935
5,1513,1518,0.15389072064010847
4,1506,1510,0.15389353606851805
4,1519,1523,0.1538985784055387
5,1514,1519,0.15390334673353334
5,1505,1510,0.15390478132876254
5,1497,1502,0.15390624286497837
5,1501,1506,0.15390771514517418
4,1495,1499,0.15390918478636526
4,1504,1508,0.15391304222482408
3,1511,1514,0.15391673275632084
3,1512,1515,0.15392261371250726
2,1500,1502,0.15392819088616427
1,1505,1506,0.15393592987107158
1,1516,1517,0.15394556338014817
1,1526,1527,0.15395464217446228
1,1529,1530,0.15396319600416367
1,1517,1518,0.1539712533030861
2,1517,1519,0.15397884120887032
2,1525,1527,0.1539828390616414
2,1520,1522,0.15398670703367345
2,1527,1529,0.15399043989898942
2,1527,1529,0.15399403426275934
2,1527,1529,0.15399748827574936
2,1522,1524,0.1540008013861882
2,1530,1532,0.15400397412446457
2,1514,1516,0.1540070079166154
2,1503,1505,0.1540099049230457
2,1506,1508,0.15401266789934548
2,1517,1519,0.15401530007644626
2,1514,1516,0.15401780505768745
2,1520,1522,0.1540201867306578
2,1515,1517,0.15402244919193317
2,1526,1528,0.15402459668305923
2,1519,1521,0.15402663353632803
2,1520,1522,0.15402856412907437
1,1522,1523,0.15403039284537276
1,1513,1514,0.15403445310125527
1,1511,1512,0.15403827729502842
1,1519,1520,0.15404187818698706
1,1516,1517,0.15404526797296217
2,1516,1518,0.15404845829192979
2,1516,1518,0.15404882085461888
2,1497,1499,0.15404920335572006
2,1496,1498,0.1540495997789034
2,1503,1505,0.15405000502487168
2,1507,1509,0.15405041479216847
1,1507,1508,0.15405082547255344
1,1507,1508,0.1540535812911371
1,1508,1509,0.15405618757444955
1,1496,1497,0.15405865096476398
1,1494,1495,0.15406097801486868
1,1503,1504,0.15406317515435053
1,1490,1491,0.15406524866272675
1,1501,1502,0.15406720464842405
1,1502,1503,0.1540690490327399
1,1505,1506,0.15407078753803102
1,1504,1505,0.15407242567947788
1,1515,1516,0.15407396875985893
1,1516,1517,0.1540754218668461
1,1528,1529,0.15407678987239962
1,1521,1522,0.15407807743389795
1,1524,1525,0.15407928899668974
1,1530,1531,0.15408042879779882
1,1531,1532,0.1540815008705525
1,1525,1526,0.1540825090499346
1,1514,1515,0.15408345697849712
2,1516,1518,0.1540843481126865
2,1499,1501,0.1540819784114903
2,1502,1504,0.15407985548148795
2,1511,1513,0.1540779527081336
2,1527,1529,0.1540762464182202
2,1523,1525,0.15407471554933963
2,1526,1528,0.1540733413569152
2,1531,1533,0.154072107154503
2,1515,1517,0.15407099808355057
2,1513,1515,0.15407000090924497
2,1500,1502,0.15406910383946623
2,1506,1508,0.1540682963642077
3,1509,1512,0.15406756911312733
3,1511,1514,0.15406366308288535
3,1510,1513,0.1540601253170264
3,1514,1517,0.1540569188824032
3,1514,1517,0.15405401073074146
3,1526,1529,0.15405137127567253
3,1521,1524,0.15404897401693923
3,1520,1523,0.1540467952064246
3,1516,1519,0.15404481355126817
4,1505,1509,0.15404300994987669
5,1507,1512,0.15403815135676402
5,1498,1503,0.15403047406973144
5,1510,1515,0.15402349953989825
5,1499,1504,0.1540171576534479
4,1514,1518,0.15401138580758642
4,1521,1525,0.15400895274720386
4,1525,1529,0.1540067617672851
4,1519,1523,0.15400478769347667
4,1527,1531,0.15400300805992184
3,1527,1530,0.15400140281039848
3,1529,1532,0.154002266823801
3,1532,1535,0.15400312684511352
3,1521,1524,0.15400397701011262
3,1531,1534,0.1540048125546158
3,1527,1530,0.15400562965865527
3,1535,1538,0.15400642531066652
3,1536,1539,0.15400719718923128
3,1530,1533,0.1540079435602113
3,1522,1525,0.1540086631873693
3,1520,1523,0.15400935525480314
3,1518,1521,0.15401001929972172
3,1507,1510,0.15401065515426926
3,1504,1507,0.15401126289526146
3,1515,1518,0.15401184280083524
3,1528,1531,0.15401239531313482
4,1520,1524,0.15401292100626537
4,1528,1532,0.15401027764615102
4,1526,1530,0.1540078989226001
4,1522,1526,0.15400575593907334
4,1522,1526,0.15400382315711814
4,1520,1524,0.1540020779898075
4,1517,1521,0.15400050044570218
4,1499,1503,0.1539990728169506
4,1498,1502,0.15399777940595755
4,1506,1510,0.1539966062857635
4,1497,1501,0.15399554108989674
4,1509,1513,0.1539945728279988
4,1515,1519,0.1539936917239958
4,1513,1517,0.15399288907399683
4,1512,1516,0.15399215712145914
4,1517,1521,0.15399148894747042
4,1515,1519,0.15399087837427175
4,1494,1498,0.15399031988037926
4,1491,1495,0.15398980852587263
4,1489,1493,0.15398933988659608
4,1488,1492,0.15398890999617618
4,1496,1500,0.1539885152948985
4,1509,1513,0.15398815258460366
3,1522,1525,0.1539878189888704
3,1513,1516,0.15398979507809485
3,1523,1526,0.1539916557337907
3,1523,1526,0.15399340673085163
3,1505,1508,0.15399505369479233
3,1515,1518,0.15399660208221866
3,1517,1520,0.15399805716633053
3,1509,1512,0.1539994240266455
3,1509,1512,0.15400070754224862
3,1510,1513,0.1540019123879723
3,1508,1511,0.1540030430329946
3,1503,1506,0.15400410374142148
3,1503,1506,0.1540050985744797
3,1517,1520,0.15400603139400484
3,1516,1519,0.15400690586695512
3,1525,1528,0.15400772547072328
3,1515,1518,0.1540084934990553
3,1518,1521,0.15400921306841256
3,1515,1518,0.1540098871246438
3,1518,1521,0.1540105184498527
3,1516,1519,0.15401110966936762
3,1523,1526,0.15401166325873636
3,1525,1528,0.15401218155068258
3,1525,1528,0.1540126667419729
3,1529,1532,0.15401312090015346
3,1524,1527,0.15401354597012396
3,1516,1519,0.15401394378052374
3,1516,1519,0.15401431604991145
3,1521,1524,0.15401466439272496
3,1519,1522,0.15401499032501131
3,1507,1510,0.1540152952699226
2,1513,1515,0.1540155805629734
2,1508,1510,0.1540181707807804
2,1500,1502,0.15402060284851796
2,1509,1511,0.15402288608266668
2,1502,1504,0.15402502930133521
2,1500,1502,0.1540270408433541
2,1509,1511,0.154028928587872
2,1509,1511,0.15403069997418822
2,1505,1507,0.15403236202160342
2,1502,1504,0.15403392134911276
2,1506,1508,0.15403538419479976
2,1511,1513,0.1540367564348203
1,1506,1507,0.15403804360188952
1,1518,1519,0.1540416085046106
1,1527,1528,0.15404495600342238
1,1516,1517,0.1540480993044987
1,1517,1518,0.15405105081681622
1,1512,1513,0.15405382219979968
1,1508,1509,0.1540564244081651
1,1514,1515,0.15405886773412192
1,1513,1514,0.1540611618470853
1,1507,1508,0.15406331583104144
1,1515,1516,0.15406533821970214
1,1508,1509,0.15406723702957584
1,1506,1507,0.15406901979107596
1,1505,1506,0.15407069357778105
1,1506,1507,0.1540722650339541
1,1522,1523,0.15407374040042215
1,1508,1509,0.15407512553891328
1,1518,1519,0.15407642595494028
1,1517,1518,0.15407764681931668
1,1507,1508,0.15407879298838573
1,1520,1521,0.154079869023038
1,1511,1512,0.154080879206589
1,1510,1511,0.1540818275615844
1,1506,1507,0.15408271786559596
1,1492,1493,0.15408355366606835
1,1496,1497,0.15408433829427326
1,1487,1488,0.15408507487842296
1,1493,1494,0.15408576635599458
1,1519,1520,0.1540864154853114
1,1519,1520,0.15408702485642511
1,1528,1529,0.15408759690134188
1,1517,1518,0.15408813390363035
1,1507,1508,0.15408863800744893
1,1504,1505,0.15408911122602756
1,1511,1512,0.15408955544963593
1,1522,1523,0.15408997245306946
1,1528,1529,0.15409036390268174
1,1517,1518,0.154090731362991
1,1512,1513,0.15409107630288563
1,1510,1511,0.15409140010145359
1,1502,1503,0.15409170405345804
1,1523,1524,0.15409198937448024
1,1527,1528,0.1540922572057502
1,1531,1532,0.15409250861868384
1,1517,1518,0.15409274461914418
1,1516,1517,0.15409296615144366
1,1511,1512,0.1540931741021026
1,1525,1526,0.15409336930337905
1,1522,1523,0.1540935525365839
1,1511,1512,0.15409372453519402
1,1516,1517,0.15409388598777557
1,1516,1517,0.15409403754072928
1,1524,1525,0.15409417980086848
1,1512,1513,0.15409431333783985
1,1521,1522,0.1540944386863965
1,1530,1531,0.15409455634853228
1,1527,1528,0.1540946667954862
1,1531,1532,0.15409477046962392
1,1515,1516,0.15409486778620507
1,1511,1512,0.1540949591350421
1,1520,1521,0.15409504488205786
1,1512,1513,0.15409512537074832
0,1504,1504,0.15409520092355566
