1370,28,1398,0.13579577916439686
1412,29,1441,0.1329427837807767
1423,30,1453,0.13022975633725067
1436,31,1467,0.12773262367171168
1447,32,1479,0.12542481597402472
1448,31,1479,0.12329834588922797
1458,31,1489,0.12136091134203537
1457,32,1489,0.11957415453615772
1461,33,1494,0.1179525919313394
1463,33,1496,0.11646508207362477
1473,33,1506,0.11510810355625989
1469,34,1503,0.11384899414033539
1451,33,1484,0.11271553827079302
1455,32,1487,0.1117298582422576
1465,31,1496,0.11082469367791248
1457,32,1489,0.10997896500360602
1449,32,1481,0.10922796528427049
1452,33,1485,0.10856397639025069
1453,30,1483,0.10795303373249643
1457,29,1486,0.1073954160726836
1464,28,1492,0.10687771378594213
1468,30,1498,0.10639022875096686
1474,28,1502,0.1059373404899797
1467,30,1497,0.1055103568521799
1463,31,1494,0.10513776389792015
1466,34,1500,0.10480773777396092
1469,33,1502,0.1045022367338837
1475,32,1507,0.10421725731007872
1473,31,1504,0.10394389122635019
1460,31,1491,0.10370039344135508
1461,31,1492,0.10350839243297241
1466,30,1496,0.10333152438426209
1459,31,1490,0.10316025130795908
1461,31,1492,0.10302114343768572
1456,30,1486,0.10289069132486613
1458,28,1486,0.10278366689194134
1460,28,1488,0.10268040910991523
1454,28,1482,0.10258370580664929
1455,31,1486,0.10250840029936263
1457,29,1486,0.10243828757940004
1449,31,1480,0.10237061233435048
1459,32,1491,0.10232581483196926
1454,35,1489,0.10226456246501162
1452,39,1491,0.10222087602799
1453,41,1494,0.1021867329636089
1451,44,1495,0.10215383737402046
1453,41,1494,0.10212852653506413
1460,39,1499,0.10210314034586702
1464,39,1503,0.10206347062807952
1461,40,1501,0.10201964109931325
1458,43,1501,0.10198497184482001
1448,44,1492,0.10196052927492155
1445,46,1491,0.1019605693992612
1429,45,1474,0.10197049793871757
1442,46,1488,0.1020162274322123
1454,46,1500,0.10203068287809526
1448,47,1495,0.10201492974728037
1448,45,1493,0.10201522398725232
1457,47,1504,0.10201381443538868
1447,47,1494,0.1019909768068762
1448,47,1495,0.10199232572150063
1447,47,1494,0.10199313585014663
1457,49,1506,0.1019959389857021
1465,48,1513,0.10197671811333799
1461,50,1511,0.10194148200875049
1451,47,1498,0.10191639636398758
1452,49,1501,0.10191629012011699
1443,49,1492,0.10191588874433251
1448,45,1493,0.10193628059519036
1430,44,1474,0.1019432463155543
1431,43,1474,0.1019902721166728
1439,46,1485,0.1020314949774075
1442,47,1489,0.10205200764559905
1444,48,1492,0.10206313916246672
1437,49,1486,0.10206947441222759
1443,51,1494,0.10208928118633281
1438,50,1488,0.10209389062076557
1430,53,1483,0.10211024412736233
1442,54,1496,0.10214421762323539
1439,55,1494,0.10214789440398513
1431,58,1489,0.1021584063916023
1435,59,1494,0.10218677574335537
1426,60,1486,0.1022053255785798
1428,58,1486,0.10224350423880942
1442,58,1500,0.10227486970123759
1435,60,1495,0.10227138832359878
1445,59,1504,0.10228356264500903
1439,60,1499,0.10227282902435217
1422,60,1482,0.10227640618364398
1428,57,1485,0.10231738447193316
1441,60,1501,0.10234196271245147
1436,62,1498,0.10233485645348248
1436,63,1499,0.10234069539366562
1441,62,1503,0.10234529410706789
1432,63,1495,0.10233928057952373
1439,62,1501,0.10235485798000649
1428,63,1491,0.1023544127331391
1422,63,1485,0.10237673579670525
1422,63,1485,0.10241128538670234
1430,64,1494,0.10244373045251745
1449,64,1513,0.10245664448458863
1446,65,1511,0.10242457458998402
1437,64,1501,0.10240115893186698
1432,64,1496,0.10239935911857632
1441,64,1505,0.10241029747827315
1448,64,1512,0.1024012213068306
1440,64,1504,0.10237805632791613
1449,62,1511,0.10237264634490348
1459,64,1523,0.10234976019415644
1445,63,1508,0.10230584855468294
1451,63,1514,0.10229606453282049
1441,60,1501,0.10227315504457678
1445,59,1504,0.10227451339288766
1444,57,1501,0.10226693828422999
1434,54,1488,0.10226181471901175
1427,59,1486,0.10228030394051839
1440,60,1500,0.10231237829413203
1440,61,1501,0.10231340829960672
1441,61,1502,0.10231324605727149
1449,63,1512,0.10231344927987378
1436,63,1499,0.10229607394058096
1429,61,1490,0.10231015985581901
1433,59,1492,0.10233538504495829
1446,58,1504,0.10235121095642731
1457,59,1516,0.10233516103499006
1434,56,1490,0.10229672576488104
1437,57,1494,0.10231248663694484
1427,56,1483,0.10232078793446667
1434,56,1490,0.10234913193105875
1422,56,1478,0.1023581256697618
1429,55,1484,0.10239460739838424
1428,55,1483,0.10241140753021938
1424,59,1483,0.10243037025897456
1432,59,1491,0.10245512373748927
1429,61,1490,0.10246135183182375
1436,64,1500,0.10247433644305733
1437,65,1502,0.10247043114160626
1435,65,1500,0.10246449417563543
1428,66,1494,0.1024650197335038
1419,65,1484,0.10248017403233964
1421,65,1486,0.10251408444182676
1440,64,1504,0.10253941779405348
1449,64,1513,0.10252156508488579
1433,65,1498,0.10248582180577889
1439,62,1501,0.10249012155864409
1433,63,1496,0.10248015427998008
1440,64,1504,0.10248473801422911
1446,61,1507,0.1024738453182934
1441,62,1503,0.10245076589036937
1444,64,1508,0.10244044050087675
1447,65,1512,0.10242499042708937
1436,67,1503,0.10240497616659504
1451,65,1516,0.10241247699691262
1447,63,1510,0.10238441472651844
1445,63,1508,0.10236761062159605
1447,62,1509,0.10235665241082202
1435,61,1496,0.10234204884948234
1414,60,1474,0.10235460032330504
1418,63,1481,0.1024137371006343
1414,63,1477,0.1024613627469234
1406,64,1470,0.10251320799669578
1420,65,1485,0.10257753491230631
1431,66,1497,0.102605131062403
1431,66,1497,0.10260482208941096
1390,64,1454,0.10260502567519367
1398,65,1463,0.10269681657338342
1420,64,1484,0.10276314159392878
1426,66,1492,0.10277484620284355
1429,68,1497,0.10276992003999248
1421,71,1492,0.10276014805413063
1421,69,1490,0.10276713338143391
1431,73,1504,0.10277567981887013
1441,75,1516,0.10276037737291917
1446,74,1520,0.10272384622846738
1431,73,1504,0.10267933574348863
1421,71,1492,0.10267358449964924
1448,69,1517,0.10269133811016815
1431,70,1501,0.10264501747064558
1425,70,1495,0.10264143808173255
1426,71,1497,0.10265323297861595
1425,73,1498,0.10266240323294167
1431,70,1501,0.10267199022181313
1422,71,1493,0.10266655054551929
1429,75,1504,0.10268342859304362
1427,73,1500,0.10268368299627507
1418,72,1490,0.10268777122299529
1411,71,1482,0.10271122195990444
1413,70,1483,0.10274762099236505
1406,74,1480,0.10277640929917567
1403,76,1479,0.10281900964314085
1417,77,1494,0.10286724866152124
1424,79,1503,0.10288106614457809
1417,76,1493,0.10287388267643047
1423,78,1501,0.1028847358896476
1432,76,1508,0.1028824145319204
1435,75,1510,0.10285921984776081
1442,76,1518,0.10283013185922879
1436,73,1509,0.1027867940710208
1426,75,1501,0.10275946135011345
1433,76,1509,0.10275947479386507
1415,75,1490,0.10274701833844635
1416,75,1491,0.10277585149127788
1423,78,1501,0.10279950141546923
1422,76,1498,0.10280536491070186
1426,70,1496,0.10281444499916859
1417,67,1484,0.10281309894200785
1416,72,1488,0.10283057275102916
1423,71,1494,0.10284714577952897
1416,72,1488,0.10284688182157903
1429,70,1499,0.10286337856694132
1421,71,1492,0.10284897236918025
1430,72,1502,0.1028525641760323
1430,71,1501,0.10283421728817664
1435,74,1509,0.10281677961626659
1429,74,1503,0.1027889516842679
1430,73,1503,0.1027786845610865
1441,71,1512,0.10276801914817614
1433,70,1503,0.10273279758637908
1428,71,1499,0.10271933346131785
1438,67,1505,0.10271847392857923
1421,65,1486,0.10269393120919552
1425,66,1491,0.10271045110568838
1418,68,1486,0.10271633141756772
1417,69,1486,0.10273777682873013
1422,72,1494,0.10276158958404945
1437,73,1510,0.10277058482759202
1438,74,1512,0.10274577151310345
1426,71,1497,0.10271920797503914
1418,73,1491,0.10272013411726937
1417,75,1492,0.10274039353798291
1422,73,1495,0.10276255998615767
1425,74,1499,0.1027727873229146
1408,71,1479,0.10277639163981629
1425,72,1497,0.10281717135680588
1417,72,1489,0.1028154028836224
1416,75,1491,0.10283231341492467
1413,75,1488,0.10284919703353218
1419,74,1493,0.10287002095841732
1412,74,1486,0.10287668975518827
1402,75,1477,0.10290004662768347
1398,80,1478,0.10294402996148805
1380,84,1464,0.10299037439721817
1382,81,1463,0.10307414388017314
1386,81,1467,0.10314823955228782
1406,84,1490,0.1032091975400891
1402,85,1487,0.10321860782706799
1407,85,1492,0.10323590570686267
1405,82,1487,0.10324114937739527
1408,82,1490,0.1032505348943025
1419,80,1499,0.10325311388574879
1433,80,1513,0.10323246131286805
1426,83,1509,0.10318113487055332
1425,82,1507,0.10315019567858172
1422,83,1505,0.10312470123462177
1419,84,1503,0.10311004529025075
1420,79,1499,0.10310376570633835
1417,81,1498,0.10309359499405556
1422,81,1503,0.10309151864096423
1414,79,1493,0.10307979106900492
1404,80,1484,0.10308979782713042
1400,76,1476,0.10312132340684503
1403,84,1487,0.1031546373821169
1402,83,1485,0.103180493606244
1417,83,1500,0.1032055257705344
1411,86,1497,0.10319316315982625
1407,85,1492,0.10319501699029786
1403,83,1486,0.10320512799542211
1400,81,1481,0.10322467136181641
1395,81,1476,0.10325183155321041
1400,84,1484,0.10328821484159363
1393,85,1478,0.10331023184444593
1373,88,1461,0.10334622102468234
1393,89,1482,0.1034246452684431
1396,88,1484,0.10345296198702847
1394,89,1483,0.10347298616741671
1400,93,1493,0.10349678819822149
1413,93,1506,0.10350331806761771
1406,95,1501,0.10347974896007069
1397,95,1492,0.10347469635347778
1401,94,1495,0.10349083119699153
1410,94,1504,0.10349557242913333
1398,97,1495,0.10348039504867865
1393,96,1489,0.10349307858313601
1393,99,1492,0.10351561175906009
1392,99,1491,0.10353668685223825
1385,98,1483,0.1035584256193183
1391,97,1488,0.10359319072627896
1404,94,1498,0.10361368665799105
1404,97,1501,0.10360035085324526
1410,101,1511,0.10358890880322283
1403,98,1501,0.10356747730084365
1394,100,1494,0.10356458211370187
1390,102,1492,0.10358187836585366
1394,108,1502,0.1036077225945637
1384,108,1492,0.10362312751313368
1387,108,1495,0.10365943928701517
1386,106,1492,0.10368676463444419
1393,107,1500,0.10371654609919323
1399,106,1505,0.10372617513721874
1401,111,1512,0.10372078177348491
1383,114,1497,0.1037129647415696
1388,116,1504,0.1037485700967327
1375,112,1487,0.10377171505800671
1394,112,1506,0.10382001904244213
1395,112,1507,0.10382163947640893
1400,110,1510,0.10382114690743716
1393,113,1506,0.10381100703404521
1399,116,1515,0.10381453822976766
1387,113,1500,0.10380563600519085
1395,112,1507,0.10382586268715667
1396,116,1512,0.1038252837834423
1394,116,1510,0.10382115397031608
1379,116,1495,0.10382293816686133
1389,119,1508,0.10385793465172682
1393,119,1512,0.10386884236540177
1395,116,1511,0.10387261187064371
1381,117,1498,0.10386959893690523
1385,116,1501,0.10389914438951273
1378,114,1492,0.10391765347672795
1383,118,1501,0.10394922228259923
1382,117,1499,0.10396881610901999
1388,119,1507,0.10398835422343268
1393,123,1516,0.10399479892085292
1385,121,1506,0.10398854813522217
1380,122,1502,0.10400119537445257
1393,123,1516,0.10402344413483114
1390,121,1511,0.10401540503236721
1387,121,1508,0.10401688394532763
1388,121,1509,0.10402492755572978
1387,119,1506,0.10403333205325244
1379,120,1499,0.10404173157211671
1373,123,1496,0.10406757518923296
1373,125,1498,0.10410353346000864
1368,125,1493,0.10413702113643086
1353,127,1480,0.10417938383833718
1351,125,1476,0.10425097364408885
1355,126,1481,0.10432222484817931
1368,126,1494,0.10437794953287444
1362,127,1489,0.10439974936089907
1364,127,1491,0.10443378694958057
1360,129,1489,0.10446224065264702
1356,134,1490,0.1044978105278572
1376,135,1511,0.10453886258224067
1366,136,1502,0.10453034049043194
1360,132,1492,0.1045490649424898
1361,132,1493,0.10457946981209279
1363,137,1500,0.10460621188379184
1357,136,1493,0.10462548208099061
1357,135,1492,0.10465649125003766
1364,134,1498,0.10468675455202867
1356,135,1491,0.10469705152163958
1348,135,1483,0.10472295220347308
1348,135,1483,0.10476644020790517
1343,134,1477,0.10480774214099509
1351,136,1487,0.10485543233774988
1361,137,1498,0.1048841124970897
1365,141,1506,0.10488494473905421
1355,138,1493,0.10487900826624715
1354,137,1491,0.10489671104595821
1359,139,1498,0.10491539480934822
1347,144,1491,0.10492060333078257
1346,143,1489,0.10495378953330704
1328,145,1473,0.10498643577672576
1327,145,1472,0.10505660713595061
1325,145,1470,0.10512255787462899
1328,149,1477,0.10519071718592475
1339,147,1486,0.1052450944180918
1340,147,1487,0.10527065431029324
1330,149,1479,0.10529256068528088
1317,153,1470,0.1053369530664962
1323,148,1471,0.10540787603962531
1330,149,1479,0.10546052187818003
1343,152,1495,0.10549253651768609
1342,150,1492,0.1054931292929986
1336,150,1486,0.10549583821458854
1352,151,1503,0.1055111761622038
1351,148,1499,0.10548667082093229
1346,148,1494,0.10546317542343496
1346,148,1494,0.10545527400103111
1356,151,1507,0.10544907215940609
1354,151,1505,0.10542054311638377
1350,156,1506,0.10539987993721846
1345,156,1501,0.1053919677217669
1358,152,1510,0.10539632487587099
1351,154,1505,0.1053693862172284
1348,156,1504,0.1053600025493883
1348,155,1503,0.10535871101225869
1351,153,1504,0.1053592175321042
1355,149,1504,0.10535432964550416
1356,155,1511,0.10534122711989273
1352,156,1508,0.10532628041910026
1359,157,1516,0.10532335703139516
1350,154,1504,0.10530459371218737
1344,155,1499,0.10530738006119879
1348,154,1502,0.10532448424317621
1341,155,1496,0.10533117806440867
1318,160,1478,0.10535348167543024
1327,162,1489,0.1054239009422243
1335,159,1494,0.10547048872267617
1347,154,1501,0.10549614576835595
1351,156,1507,0.10548787984284815
1363,155,1518,0.10547099118668733
1357,160,1517,0.10543013892405317
1349,156,1505,0.10540479148857593
1338,157,1495,0.10540135264941482
1345,159,1504,0.10542414236578326
1337,160,1497,0.10542932218367333
1329,157,1486,0.10545138084120724
1332,162,1494,0.10548829573115626
1312,163,1475,0.10551491394177354
1307,164,1471,0.10558609981596603
1324,166,1490,0.10566481301308972
1319,162,1481,0.10569824365380591
1329,163,1492,0.1057429530555163
1333,163,1496,0.10576312261682215
1335,162,1497,0.10577091426326941
1328,163,1491,0.10577274081258956
1324,163,1487,0.10579162604664795
1320,161,1481,0.1058166785908325
1332,166,1498,0.10584873938867519
1327,166,1493,0.10585387403630615
1339,165,1504,0.10586798607925814
1339,163,1502,0.10585437437301798
1336,157,1493,0.10584443828567885
1333,159,1492,0.10584100504867107
1326,165,1491,0.10584443358488088
1329,161,1490,0.10586359830748066
1324,159,1483,0.10587287826261328
1339,159,1498,0.10589335953225763
1333,163,1496,0.10587535953164409
1346,166,1512,0.10587296641534341
1345,164,1509,0.1058413235318148
1338,170,1508,0.10581610072781052
1335,176,1511,0.1058103274204877
1341,168,1509,0.10581169152448994
1335,164,1499,0.10580095562022697
1345,166,1511,0.10580439643966529
1347,172,1519,0.1057870887266888
1348,167,1515,0.1057665849139604
1349,167,1516,0.10574582178727372
1342,171,1513,0.10572196851644239
1342,168,1510,0.10571772884407586
1339,169,1508,0.10571438437827321
1346,172,1518,0.10571950300115628
1326,170,1496,0.1057098642627236
1340,169,1509,0.10574455007417415
1326,169,1495,0.10574431853562186
1309,168,1477,0.10577301475160512
1313,165,1478,0.10583915434704178
1310,168,1478,0.10589153971059283
1327,165,1492,0.1059475606721307
1332,172,1504,0.1059595568626687
1319,173,1492,0.10596065556260494
1313,175,1488,0.10599062160355534
1320,177,1497,0.10603363561577579
1323,179,1502,0.10605901984222324
1314,181,1495,0.1060762007730212
1302,185,1487,0.10611362293231293
1295,191,1486,0.10617233838259513
1305,189,1494,0.10624363253058328
1312,188,1500,0.1062889616538132
1303,188,1491,0.10631562317348325
1319,188,1507,0.10636174503658573
1331,190,1521,0.10636749763533442
1318,188,1506,0.10634539110249815
1312,192,1504,0.10635295293642448
1300,196,1496,0.10637385051426186
1303,199,1502,0.10642373691931198
1303,195,1498,0.10646328211533156
1303,192,1495,0.10650144674126852
1312,190,1502,0.10653584646168636
1324,185,1509,0.10654559357825981
1323,182,1505,0.10652625375846345
1325,189,1514,0.10650869943580847
1311,187,1498,0.10648834175520801
1311,191,1502,0.10650168769662695
1309,193,1502,0.1065153024275424
1301,193,1494,0.10653362752016647
1296,195,1491,0.1065719140616088
1307,202,1509,0.10661776134030378
1297,201,1498,0.10663576467669532
1298,203,1501,0.10667390875333929
1292,200,1492,0.10670603444160673
1287,199,1486,0.10674789003593066
1291,197,1488,0.10679946815786578
1308,193,1501,0.10683601774286551
1303,195,1498,0.10683102805456642
1310,200,1510,0.10683756281290176
1298,202,1500,0.10682772135292215
1296,202,1498,0.10684608036908089
1291,200,1491,0.1068702776191271
1305,203,1508,0.10690539607787201
1302,201,1503,0.1069065746956753
1289,203,1492,0.10691484006525176
1294,204,1498,0.10695101050169907
1305,207,1512,0.10697328239921396
1292,208,1500,0.10697080897765385
1287,208,1495,0.10699946601783877
1273,212,1485,0.10703772683045855
1288,212,1500,0.10710706754351262
1287,211,1498,0.10713626842263924
1297,213,1510,0.1071649893837712
1295,213,1508,0.10717132329458508
1300,209,1509,0.10717896113575077
1293,209,1502,0.10717550392770027
1279,210,1489,0.10718807810548892
1286,212,1498,0.10723369333829356
1288,215,1503,0.107260127298412
1284,212,1496,0.10727988969029884
1282,216,1498,0.10730720438729673
1265,223,1488,0.1073386530983012
1264,217,1481,0.10740563348595403
1270,214,1484,0.1074676675753961
1280,216,1496,0.10751351803969524
1273,212,1485,0.10753420883363099
1276,211,1487,0.10756832789397197
1281,212,1493,0.10759097120232931
1269,219,1488,0.10760162726883593
1267,222,1489,0.10764066941824706
1262,225,1487,0.10767957756861092
1255,231,1486,0.10772525476506925
1247,232,1479,0.10778410742088498
1269,233,1502,0.10785557822868441
1264,236,1500,0.10787198778225936
1263,234,1497,0.10789882393552716
1267,229,1496,0.10792800761192706
1258,234,1492,0.10794474800754798
1253,236,1489,0.10798109172721082
1263,237,1500,0.10802729061923085
1264,239,1503,0.1080484889183443
1244,234,1478,0.10806494304512583
1255,236,1491,0.10812517557736893
1257,247,1504,0.10815503851357398
1247,244,1491,0.10817879816388164
1248,242,1490,0.1082222070167802
1254,238,1492,0.10826153327214703
1268,237,1505,0.10828547504928386
1249,239,1488,0.10827417975034209
1250,242,1492,0.10830863606280747
1248,241,1489,0.10833914898772246
1245,242,1487,0.10837344265379592
1242,245,1487,0.10841078600120792
1246,243,1489,0.10845156434548028
1237,244,1481,0.10847828796282827
1239,247,1486,0.10852331567019448
1244,242,1486,0.10855911287912502
1232,240,1472,0.10858074553615658
1245,243,1488,0.10862936330329745
1246,240,1486,0.10864408952938603
1232,245,1477,0.10865511081388238
1239,250,1489,0.10869897492917215
1246,253,1499,0.1087242500493248
1240,245,1485,0.10873140396380468
1250,247,1497,0.1087501561958042
1238,239,1477,0.10874428887674085
1242,240,1482,0.10876593646630191
1235,240,1475,0.10877818292448695
1236,237,1473,0.10880798095881986
1244,237,1481,0.10883369907996694
1245,240,1485,0.10883891448617693
1247,249,1496,0.10883988543886644
1241,249,1490,0.10883589244308006
1223,251,1474,0.10884590196538828
1228,254,1482,0.10889724434033952
1232,249,1481,0.10893499565339944
1236,252,1488,0.10896110499535297
1241,258,1499,0.10897522660775145
1245,260,1505,0.10897547896964925
1247,258,1505,0.10896681049340774
1237,253,1490,0.10895598107579713
1236,257,1493,0.10896880241695137
1238,249,1487,0.10898384651411953
1243,241,1484,0.1089913130570816
1249,246,1495,0.1089864218667025
1242,240,1482,0.10896758697574123
1247,242,1489,0.10896919586673977
1266,242,1508,0.10895574121229384
1259,243,1502,0.10890009035794114
1262,240,1502,0.10886456243264359
1265,244,1509,0.10882750602343844
1264,243,1507,0.10878703058261965
1241,248,1489,0.1087502350998042
1241,242,1483,0.10876922422127738
1236,246,1482,0.10878649345426539
1230,248,1478,0.10881515465757693
1243,248,1491,0.10885657716437695
1242,243,1485,0.10886387187507307
1233,239,1472,0.10887412762499955
1246,239,1485,0.1089025542011047
1250,241,1491,0.10889782985600899
1242,241,1483,0.10888331709258128
1245,240,1485,0.10888630672795309
1252,242,1494,0.1088821470590988
1251,245,1496,0.10886229903637723
1251,241,1492,0.10884691664891513
1256,246,1502,0.10882821184517553
1267,240,1507,0.10880118813333924
1264,243,1507,0.10875087420564485
1255,246,1501,0.1087152832223816
1253,249,1502,0.10870308384718438
1255,246,1501,0.10869868825353912
1260,250,1510,0.10868976323544324
1261,249,1510,0.10866984309519903
1253,249,1502,0.10865033727686337
1238,247,1485,0.10865111365443603
1239,250,1489,0.10868455115006663
1255,253,1508,0.1087139908554872
1253,255,1508,0.10870757724093381
1251,256,1507,0.10870777173918814
1244,255,1499,0.10871179999082546
1254,252,1506,0.10873048345554703
1249,252,1501,0.1087244519204283
1248,250,1498,0.10873067543123159
1253,254,1507,0.10873808628475558
1248,258,1506,0.10873412473736618
1247,255,1502,0.10874367274742365
1248,258,1506,0.10875556832786476
1253,255,1508,0.1087633952979417
1245,257,1502,0.10875946171899815
1255,260,1515,0.10877207720017534
1251,260,1511,0.10876422991855751
1243,263,1506,0.10876471817529673
1233,265,1498,0.10878350806728815
1238,266,1504,0.10882491372422694
1235,260,1495,0.10885258061271214
1240,259,1499,0.10888368854292736
1241,256,1497,0.10890160898778216
1233,256,1489,0.1089126184527263
1240,256,1496,0.10894285388407299
1235,264,1499,0.10895130085946202
1234,270,1504,0.10897146916121063
1231,268,1499,0.10899048285322863
1224,266,1490,0.10901433476228486
1229,260,1489,0.10905352245618546
1240,262,1502,0.10907870817079704
1238,258,1496,0.1090736998547462
1247,255,1502,0.10907339333781789
1248,246,1494,0.10905290894645386
1246,256,1502,0.10903289209893785
1242,258,1500,0.10901907991843164
1244,257,1501,0.109015447908969
1235,255,1490,0.10900910511763687
1239,254,1493,0.10902309628979763
1244,255,1499,0.10902881734956729
1245,254,1499,0.1090204553988397
1238,257,1495,0.10901092886331139
1219,259,1478,0.10901954553660985
1220,259,1479,0.10906998673735141
1222,258,1480,0.10911301370518572
1232,260,1492,0.10914726143625081
1231,256,1487,0.10915642445590552
1229,253,1482,0.10916672394698035
1238,260,1498,0.10918069318346219
1245,261,1506,0.10917361382362666
1231,263,1494,0.10915276970983122
1204,259,1463,0.10916769465824781
1219,263,1482,0.10924210579429283
1222,266,1488,0.10927241376571381
1226,264,1490,0.10929444543683903
1230,269,1499,0.10930523503657255
1225,264,1489,0.10930553977302676
1227,266,1493,0.10931869776010139
1228,269,1497,0.10932500127000765
1218,272,1490,0.10933081263802037
1215,275,1490,0.10936044858524831
1210,268,1478,0.1093944352775182
1219,265,1484,0.10943941807352799
1216,260,1476,0.10945915174449088
1228,262,1490,0.10948476462159222
1230,265,1495,0.10948063183611126
1232,270,1502,0.10946862941137546
1237,271,1508,0.10945501397381975
1226,273,1499,0.10943191625228246
1214,272,1486,0.10943575175334756
1214,273,1487,0.1094630896845577
1217,272,1489,0.10949161451298384
1227,276,1503,0.10951094591543724
1223,281,1504,0.10950315749173914
1220,283,1503,0.1095081225515631
1205,283,1488,0.10951916801886309
1204,282,1486,0.10956559172630152
1214,283,1497,0.10961183653933823
1210,278,1488,0.10963204135883256
1218,278,1496,0.10966025901683608
1212,283,1495,0.10966347280163607
1221,283,1504,0.10968111117281211
1221,284,1505,0.10967870352187205
1221,279,1500,0.10967517580536448
1211,281,1492,0.10967505331332872
1211,284,1495,0.10969769286967516
1212,285,1497,0.1097201989745954
1220,295,1515,0.1097410520478656
1211,295,1506,0.10974427535962114
1203,293,1496,0.10976772820592347
1201,293,1494,0.10980742189795283
1220,295,1515,0.10984964863535543
1208,291,1499,0.1098452695780826
1204,295,1499,0.10986883154790374
1197,293,1490,0.10990067312918901
1191,298,1489,0.10994561251833876
1203,294,1497,0.10999856844228934
1209,299,1508,0.11002258928620931
1209,295,1504,0.11003172000040536
1205,297,1502,0.11004166464398349
1206,301,1507,0.11005839130010507
1206,301,1507,0.11007240718046216
1201,302,1503,0.11008463700114984
1199,305,1504,0.11011015929851226
1201,304,1505,0.11013924935404903
1183,307,1490,0.1101618066623222
1192,303,1495,0.11022341554134307
1196,306,1502,0.1102616803811614
1189,302,1491,0.11028776461721986
1190,307,1497,0.11032694094927337
1183,309,1492,0.11036308810507105
1190,309,1499,0.11041368614494904
1180,311,1491,0.11044328020985222
1192,311,1503,0.1104933902164287
1180,314,1494,0.11051216134476621
1171,312,1483,0.11055699972230115
1180,314,1494,0.11061998297674315
1176,311,1487,0.11065613887814468
1174,316,1490,0.1106970014044677
1168,320,1488,0.11074016433849622
1183,318,1501,0.11079425361715219
1198,317,1515,0.11081131775320424
1191,324,1515,0.11079275287152303
1185,323,1508,0.11079026862419837
1175,319,1494,0.11080315831731978
1168,316,1484,0.11083759478721097
1186,321,1507,0.11088598794330175
1198,315,1513,0.11089036423748479
1186,318,1504,0.11086393531357228
1203,315,1518,0.1108682316319576
1193,313,1506,0.11083290856787315
1177,319,1496,0.11082366485609568
1174,323,1497,0.11085193776195372
1175,327,1502,0.1108857222774385
1168,325,1493,0.11091587329863974
1158,321,1479,0.11096055419882397
1169,317,1486,0.11102397786111153
1170,318,1488,0.11105787550729307
1174,321,1495,0.11108875746309926
1174,327,1501,0.11110913678916046
1168,326,1494,0.11112920772011138
1151,328,1479,0.11116336358046258
1151,323,1474,0.11123360874324004
1149,324,1473,0.11129920719485459
1149,324,1473,0.11136458230710827
1150,324,1474,0.11142643179306333
1155,325,1480,0.11148031711422554
1147,318,1465,0.1115153893227918
1153,318,1471,0.11156570780836234
1171,326,1497,0.11159823619736502
1170,324,1494,0.111585152237683
1170,326,1496,0.11157593677847773
1173,328,1501,0.11156684255147907
1173,334,1507,0.11155178045855
1171,331,1502,0.11153605921369797
1167,334,1501,0.11152910695523896
1169,337,1506,0.11153461457915202
1172,334,1506,0.11153429836197727
1161,341,1502,0.11152761887819264
1169,339,1508,0.11154616569344647
1160,341,1501,0.1115471039315601
1155,343,1498,0.11157131181627106
1147,344,1491,0.1116047905367983
1154,346,1500,0.11165343388716494
1154,348,1502,0.11168374251885979
1151,343,1494,0.11171102636018819
1149,344,1493,0.11174215072626122
1134,344,1478,0.11177612860205775
1117,346,1463,0.11183906777665877
1132,349,1481,0.11193585182183088
1138,354,1492,0.11199501329969705
1142,359,1501,0.11203759831139433
1147,363,1510,0.1120699425179438
1149,362,1511,0.11208986112087552
1144,357,1501,0.11210568728894861
1147,360,1507,0.11213047543013868
1139,362,1501,0.11214705952301697
1144,360,1504,0.1121790293514273
1144,365,1509,0.11219862298136844
1146,362,1508,0.1122169147714579
1150,353,1503,0.11223066171687159
1154,352,1506,0.11223293037138862
1150,356,1506,0.11222738601314196
1149,359,1508,0.1122326784117139
1147,363,1510,0.11223920197805609
1138,362,1500,0.1122491978867919
1131,363,1494,0.1122811021895922
1134,365,1499,0.11232771334383719
1137,363,1500,0.11236351223933855
1137,360,1497,0.11239014033526874
1129,365,1494,0.11241248033151162
1129,372,1501,0.11245092000967262
1124,370,1494,0.11248688299838154
1117,373,1490,0.11253432619455353
1131,371,1502,0.11259551585930634
1129,365,1494,0.11261998363646931
1133,364,1497,0.11264764351828653
1138,366,1504,0.11266219861521243
1136,374,1510,0.11266586447862498
1143,368,1511,0.11267172291334142
1130,376,1506,0.11266207890158846
1123,372,1495,0.11268573416760756
1130,377,1507,0.11272235798848154
1128,373,1501,0.11274076621876454
1134,372,1506,0.11276317836402726
1145,377,1522,0.11276907907849594
1141,379,1520,0.11274893478682575
1136,377,1513,0.11273753025571892
1130,377,1507,0.1127377799659056
1134,378,1512,0.11275407456877815
1124,381,1505,0.11276010434297609
1121,385,1506,0.11278996791046325
1120,385,1505,0.11282657480918963
1110,385,1495,0.11286391731626716
1117,378,1495,0.11291943468678539
1100,379,1479,0.11295434433328273
1107,371,1478,0.11302706281569647
1109,374,1483,0.11307505447843402
1095,377,1472,0.11311670100503055
1108,388,1496,0.11318778274649788
1102,396,1498,0.11322447706115106
1103,392,1495,0.11327314879595822
1112,393,1505,0.11331802331391343
1114,387,1501,0.11333917520672131
1111,389,1500,0.11335498313333488
1116,399,1515,0.11337602550755062
1105,400,1505,0.11338246285268362
1090,398,1488,0.11341240825641552
1092,398,1490,0.11347392668141651
1104,396,1500,0.1135263752172533
1103,397,1500,0.11354511153293854
1109,386,1495,0.11356712072467293
1101,390,1491,0.11357427069761786
1094,388,1482,0.11359901804230105
1102,394,1496,0.11363757254888444
1114,400,1514,0.11365313473574293
1116,401,1517,0.11363928899498273
1116,387,1503,0.11362365764564203
1109,386,1495,0.11360683497269182
1108,388,1496,0.11360984824784381
1110,389,1499,0.11361474459987773
1101,396,1497,0.11361557873588836
1105,392,1497,0.11363600054277832
1105,396,1501,0.11364339724471595
1101,394,1495,0.11365093561303369
1109,397,1506,0.11366786813597722
1108,397,1505,0.11366536483389765
1105,401,1506,0.11366406364090396
1115,403,1518,0.11367165467523963
1106,408,1514,0.11365411579890285
1106,400,1506,0.1136592269037877
1092,400,1492,0.11366584928627774
1101,406,1507,0.11370483808020705
1101,411,1512,0.11371904622545287
1097,411,1508,0.11373462091017265
1101,413,1514,0.11375907770194015
1098,411,1509,0.1137760274409999
1096,407,1503,0.11379910689800177
1095,412,1507,0.11382463386380412
1083,411,1494,0.11385270694193643
1084,414,1498,0.11390517339550003
1074,417,1491,0.11395076880222564
1074,420,1494,0.11401562962719741
1086,410,1496,0.11407577034559033
1078,408,1486,0.11410426184057285
1081,408,1489,0.1141460062081218
1084,421,1505,0.11417658530772705
1077,423,1500,0.11419859860338816
1072,424,1496,0.11423730654307239
1072,426,1498,0.11428450474359625
1074,420,1494,0.11432831167462838
1077,432,1509,0.11436342298932402
1071,429,1500,0.1143869475308551
1074,429,1503,0.11442494709028173
1066,427,1493,0.11445287062168863
1078,424,1502,0.11449589587903425
1076,424,1500,0.11450779739960783
1073,428,1501,0.11452339179494045
1072,436,1508,0.11454691705223716
1083,438,1521,0.11456910805737028
1081,440,1521,0.11456567340216106
1078,440,1518,0.11456675029200486
1074,434,1508,0.11457489755493416
1070,431,1501,0.114591641842559
1073,432,1505,0.11461669183161498
1069,435,1504,0.11463488143591455
1068,435,1503,0.11466161919436198
1059,436,1495,0.11468772447871782
1067,434,1501,0.11473239603615777
1060,439,1499,0.11475443898313724
1052,447,1499,0.11479501137293449
1047,455,1502,0.11485235190920079
1053,461,1514,0.11491774696121528
1042,466,1508,0.11496443835555191
1055,464,1519,0.11503413386474313
1048,463,1511,0.11506672913388855
1043,457,1500,0.11511179633339882
1035,457,1492,0.1151675591866545
1038,465,1503,0.11523964328162134
1035,459,1494,0.11529812396573998
1052,457,1509,0.11536002681430228
1049,460,1509,0.11537878234406364
1047,467,1514,0.11540398793714743
1045,457,1502,0.11543258858072132
1051,453,1504,0.11546239551174145
1043,465,1508,0.11547780904857577
1045,466,1511,0.11551044557586884
1046,471,1517,0.11553587579552053
1039,475,1514,0.11555561107190464
1032,467,1499,0.1155916622509465
1036,466,1502,0.11564268127392935
1029,457,1486,0.1156795808086267
1030,465,1495,0.11572921949982691
1026,466,1492,0.11577287066435343
1026,471,1497,0.11582100149403296
1033,470,1503,0.11586688794763698
1028,475,1503,0.11589481635403624
1028,485,1513,0.11593415574248066
1020,485,1505,0.11597187054109627
1016,489,1505,0.11602550178037735
1008,487,1495,0.11608573251993622
992,489,1481,0.1161590548205934
984,487,1471,0.11626397026488693
995,482,1477,0.11637944680204289
998,492,1490,0.11646095421917814
1001,496,1497,0.11653010085558585
1003,494,1497,0.11658723761416866
1004,491,1495,0.11663548524938147
1012,489,1501,0.11667752746210283
1003,494,1497,0.11669540842002536
1013,496,1509,0.11673100030411021
1016,494,1510,0.11674205777595253
1017,498,1515,0.11674750332428385
1020,496,1516,0.1167519144989675
1020,495,1515,0.1167508381796149
1017,490,1507,0.11675008406875378
1016,497,1513,0.11675633592601234
1014,504,1518,0.11676641699636145
1006,502,1508,0.11677973657090383
1008,502,1510,0.11681007190760463
989,507,1496,0.11683170425302983
990,505,1495,0.11689702552341463
989,503,1492,0.11695456255048782
992,504,1496,0.11701240338478276
989,507,1496,0.11706039111257587
989,517,1506,0.11711033331485751
988,512,1500,0.11715785163839175
989,513,1502,0.11720435012366456
996,511,1507,0.11724378788924807
1006,511,1517,0.11726309915988946
1004,512,1516,0.11726036070735824
992,513,1505,0.11726219145311938
1003,509,1512,0.11729187766564046
990,506,1496,0.11729633368169264
990,502,1492,0.11732972874024196
983,504,1487,0.11735998004548896
985,500,1485,0.11740384800137636
984,505,1489,0.11744033779230963
980,513,1493,0.11747670030487825
990,520,1510,0.11751934452658475
991,516,1507,0.11753467052187169
974,517,1491,0.11754767814284765
968,520,1488,0.11759875056147896
977,523,1500,0.11766136561643069
974,522,1496,0.11769939184235445
981,514,1495,0.11773998032542295
980,520,1500,0.1177614922193872
983,520,1503,0.11778648641787609
978,520,1498,0.11780285378856492
972,520,1492,0.117828343451377
983,524,1507,0.1178645449074621
987,515,1502,0.11787263963959042
991,516,1507,0.11787061215442744
985,520,1505,0.11785863491205444
973,520,1493,0.11786376659442936
973,523,1496,0.11789510206168125
977,516,1493,0.11792591071743518
979,521,1500,0.11794599040856454
988,521,1509,0.11796004656812674
986,525,1511,0.1179547738101766
979,524,1503,0.11795623539068358
984,524,1508,0.11797388124302426
984,520,1504,0.11798066645171974
982,523,1505,0.11798371612129152
980,522,1502,0.11799039331403559
969,529,1498,0.11800205044179744
957,530,1487,0.11804013979828372
954,534,1488,0.11810285480484559
957,540,1497,0.11816725410373378
952,539,1491,0.11821860430976006
969,536,1505,0.11827745908066602
966,540,1506,0.11829533005223081
956,534,1490,0.11831738832289539
955,547,1502,0.11836230787997376
958,540,1498,0.11840752353777803
960,547,1507,0.11844252337754017
960,546,1506,0.11847067533503373
961,546,1507,0.11849884390629885
952,549,1501,0.11852316183509765
958,546,1504,0.11856703502010188
952,551,1503,0.11859589556359516
953,546,1499,0.11863679528948437
959,549,1508,0.11867073343607
957,553,1510,0.11868633767544295
957,557,1514,0.11870779351871871
957,555,1512,0.1187282685085188
955,561,1516,0.11874846508046515
947,561,1508,0.11877201328746978
942,559,1501,0.11881410820235437
940,561,1501,0.1188634337490786
944,561,1505,0.11891506232693817
928,559,1487,0.11895299489939141
933,558,1491,0.11902461444405338
931,566,1497,0.1190785723493561
932,569,1501,0.11913504780263681
934,570,1504,0.1191844464208016
934,563,1497,0.11922588235246483
939,567,1506,0.11926281879550661
930,569,1499,0.11928514111586885
927,565,1492,0.11932671750951586
931,572,1503,0.11937311050047768
931,579,1510,0.11940529043970742
926,590,1516,0.11943913904490515
909,587,1496,0.11948179050838842
915,591,1506,0.11956131202544844
915,594,1509,0.11962263772526378
905,586,1491,0.11967923594692778
902,586,1488,0.1197585827603256
907,592,1499,0.11983714235055054
907,588,1495,0.11989847946610546
908,595,1503,0.11995430087475835
913,600,1513,0.120003748192008
912,601,1513,0.12003822583551782
912,595,1507,0.12007272521884946
910,592,1502,0.1201084401435904
919,594,1513,0.1201433486506599
909,594,1503,0.12015427254904967
908,593,1501,0.120190062280296
892,599,1491,0.12022654505462217
888,594,1482,0.12029542391883012
888,604,1492,0.12037006492102709
898,601,1499,0.12043823684030056
895,612,1507,0.12047776692929087
889,608,1497,0.12052092573413319
895,612,1507,0.12057775735195016
896,606,1502,0.12061669340020384
910,591,1501,0.1206518636437335
913,602,1515,0.12064854175772695
910,601,1511,0.12064079848125299
900,607,1507,0.12064076704518292
890,609,1499,0.1206646954568018
894,606,1500,0.12071209258489696
898,615,1513,0.12074852178790998
894,619,1513,0.12077262520417946
881,624,1505,0.12080379397357692
873,618,1491,0.12086287253239057
873,635,1508,0.12093553032456913
868,629,1497,0.12100528326413004
857,628,1485,0.12108355980949038
867,633,1500,0.12118349476147826
864,631,1495,0.12125239043609948
873,626,1499,0.12132126187651719
874,627,1501,0.12136278977404548
866,621,1487,0.1214011089066501
873,622,1495,0.12145492465311601
878,620,1498,0.12148748999274797
885,606,1491,0.12150549981568869
873,611,1484,0.12150564152923325
867,612,1479,0.12153142146742883
863,618,1481,0.12157085349138541
866,627,1493,0.12161491617153
864,622,1486,0.12164900270311446
855,627,1482,0.12168364879247098
837,630,1467,0.12173936649140074
847,634,1481,0.12183260733104483
854,633,1487,0.12189535384745658
859,633,1492,0.12193603023472352
867,640,1507,0.12196446127950576
859,638,1497,0.12197114751886368
854,638,1492,0.12199808913832627
862,628,1490,0.12203287123876377
861,637,1498,0.12204556167225056
856,642,1498,0.12206143287736859
868,641,1509,0.1220880326630604
866,642,1508,0.12208589984553403
862,651,1513,0.12208734198812482
855,648,1503,0.12210155527820403
850,651,1501,0.12213208869024506
849,659,1508,0.12217320706478799
855,653,1508,0.12221400064682773
844,648,1492,0.12223524626876156
835,648,1483,0.12228026580021246
847,649,1496,0.12234321085465429
845,643,1488,0.12237344425179726
839,650,1489,0.12240864436068226
853,654,1507,0.12245466535557092
842,653,1495,0.12246426745076815
858,649,1507,0.12249936052505656
852,654,1506,0.12249446734535954
842,658,1500,0.1225056403458756
841,655,1496,0.12253811906755376
844,652,1496,0.12257136171236266
858,659,1517,0.12259348462900282
853,652,1505,0.12258246068421702
854,646,1500,0.12258472979324304
852,649,1501,0.12258532150039457
853,644,1497,0.12258873441384333
833,649,1482,0.1225890942753129
829,659,1488,0.12263640178802955
834,656,1490,0.12269252339775999
833,657,1490,0.12273466687413871
842,659,1501,0.12277483291505914
828,667,1495,0.12279190319135871
838,671,1509,0.12284195031619376
844,667,1511,0.12286596635616476
852,657,1509,0.12287530071202736
849,655,1504,0.12286254456028788
846,663,1509,0.12285906102331932
847,668,1515,0.1228580858792126
848,664,1512,0.12285528630365505
845,667,1512,0.1228520946439019
852,670,1522,0.12285605062039082
835,673,1508,0.12284804414723886
835,673,1508,0.12287996177481761
832,678,1510,0.12290960368654659
831,675,1506,0.12294532236490036
829,689,1518,0.1229820589830062
827,686,1513,0.12302384432105865
826,689,1515,0.12306799564731566
825,691,1516,0.12310733443994039
821,689,1510,0.12314860179684153
821,691,1512,0.12319741205345949
811,696,1507,0.12324284788613074
814,688,1502,0.12330966802381015
812,692,1504,0.12336518959897225
816,688,1504,0.12342139312572335
821,689,1510,0.12346303075412908
822,685,1507,0.12349118527602425
827,695,1522,0.12351579187213385
822,699,1521,0.12352505108822605
823,695,1518,0.12354644640470024
828,684,1512,0.12356605505775126
824,683,1507,0.12357260553892686
812,679,1491,0.12358812945725958
805,690,1495,0.12363005518328615
806,691,1497,0.12368405494155528
806,695,1501,0.1237321427704412
797,698,1495,0.1237790354691419
800,698,1498,0.12384479632526063
796,699,1495,0.12389903050289097
800,699,1499,0.12395949486757903
802,699,1501,0.12400595879662393
797,702,1499,0.12404237752308901
794,712,1506,0.12408853545169725
795,714,1509,0.12413897723899886
795,702,1497,0.12418435864089032
792,705,1497,0.12422785476344156
796,708,1504,0.12427272111527228
783,720,1503,0.12430552233502479
783,722,1505,0.12436756778919106
780,718,1498,0.12442474744990609
776,719,1495,0.1244846318863312
776,722,1498,0.12454948921793867
777,728,1505,0.12461011552823865
785,731,1516,0.12466881673099525
783,740,1523,0.12470574526449976
781,734,1515,0.12474585712819947
780,738,1518,0.12478941517685886
778,725,1503,0.12482981675534638
772,735,1507,0.12487516553399831
767,737,1504,0.1249309825835526
768,742,1510,0.12499109609626516
762,747,1509,0.12504563143130298
760,741,1501,0.12511231258915442
763,746,1509,0.12517933337862305
762,747,1509,0.1252352252148452
759,736,1495,0.12528940163672952
754,737,1491,0.12534620612056716
762,745,1507,0.12541240280983781
761,742,1503,0.12545517597490005
758,744,1502,0.1254988481330601
752,755,1507,0.12554136617676886
758,749,1507,0.1255956698416234
751,753,1504,0.12563294122973284
745,748,1493,0.1256836997146057
731,751,1482,0.12574663982469297
726,755,1481,0.12583805819240435
726,765,1491,0.125933229605712
729,768,1497,0.1260206890964081
741,774,1515,0.12609480979125912
742,780,1522,0.1261382494872855
732,786,1518,0.12617778639566068
725,778,1503,0.1262408278469661
719,777,1496,0.1263161843787262
720,778,1498,0.1263979968709039
723,783,1506,0.12646936955902335
729,784,1513,0.12652760412419548
735,785,1520,0.1265701773121421
724,777,1501,0.12659790248000527
732,772,1504,0.12665001416710017
737,774,1511,0.1266763238643723
741,775,1516,0.12668960239817742
740,772,1512,0.12669173390468086
738,772,1510,0.12669653471507378
746,773,1519,0.12670491954428958
738,774,1512,0.12669497328175047
741,762,1503,0.1267054154662903
738,774,1512,0.12670938078817554
731,772,1503,0.12672245771316742
722,786,1508,0.12675157788120703
722,790,1512,0.12680159969224855
723,787,1510,0.12684796355900863
722,789,1511,0.12689098206757557
723,789,1512,0.12693466339257514
718,791,1509,0.12697293729001827
712,796,1508,0.12702142515839246
717,796,1513,0.12708125593876984
720,800,1520,0.12712439988623198
715,800,1515,0.12715838868268367
717,796,1513,0.1272009027698687
716,798,1514,0.12723577051709975
715,808,1523,0.12726768580953857
709,802,1511,0.12730038500763546
706,801,1507,0.12734590052088016
702,808,1510,0.12739723760214333
708,806,1514,0.1274540741044403
699,802,1501,0.12749245429414452
688,800,1488,0.12754981468684515
688,803,1491,0.12762863045578385
683,804,1487,0.12770301169988876
690,796,1486,0.12778361034397456
681,804,1485,0.1278393284886322
692,813,1505,0.12791280616007994
687,804,1491,0.12795669444134794
690,794,1484,0.12801112503062373
696,798,1494,0.12805393045649344
700,800,1500,0.1280774549124948
689,805,1494,0.1280881285195143
694,815,1509,0.1281234155728503
688,813,1501,0.1281446994393144
681,819,1500,0.12818021044986438
684,820,1504,0.1282294480743604
678,817,1495,0.1282696654460773
678,829,1507,0.1283209280305886
688,830,1518,0.1283704145827957
684,829,1513,0.12839392528941848
679,830,1509,0.128422830665496
677,829,1506,0.12846261232851616
677,827,1504,0.12850651138753963
671,822,1493,0.12854837431234356
663,834,1497,0.1286004787604716
668,834,1502,0.12866700419806723
675,839,1514,0.1287150669428624
674,840,1514,0.12874115236948483
667,830,1497,0.12876751851411872
661,828,1489,0.12880840718165337
670,834,1504,0.12886110311496343
661,850,1511,0.12888931707681783
659,849,1508,0.12893856670114695
662,839,1501,0.12898963007152162
654,840,1494,0.12902916176177823
651,855,1506,0.12908664367844097
644,844,1488,0.1291457308985033
650,843,1493,0.12921901907424801
657,849,1506,0.12927575163417065
655,862,1517,0.12931214150759007
643,861,1504,0.12935125563692265
643,862,1505,0.12941745772342214
651,870,1521,0.12947810316525687
654,865,1519,0.12951399663956084
642,852,1494,0.12954087347712054
644,851,1495,0.12959040191184365
649,857,1506,0.12963305645824733
652,849,1501,0.12965931811580247
657,853,1510,0.1296784435432908
660,852,1512,0.12968508733073825
653,854,1507,0.12968725225346045
647,850,1497,0.1297070472605921
637,855,1492,0.12973817429332535
636,850,1486,0.1297909125543255
631,842,1473,0.12984086831811037
641,847,1488,0.12990105081108635
643,853,1496,0.1299301892663259
639,864,1503,0.12995294275293112
635,866,1501,0.12998399531280985
639,859,1498,0.13002114949172283
638,872,1510,0.13004778377245357
632,871,1503,0.13007531691244217
644,870,1514,0.13011386017815774
638,865,1503,0.13011998238461298
647,860,1507,0.1301404781454003
658,866,1524,0.13013657233184256
664,864,1528,0.13011058579049883
657,858,1515,0.1300730755943892
647,860,1507,0.1300562991715741
644,846,1490,0.1300629754192263
644,845,1489,0.13007668701828487
653,851,1504,0.13009055678993356
653,855,1508,0.1300786412871182
655,853,1508,0.13006780614278404
654,851,1505,0.13005611744045167
649,861,1510,0.13004547557142115
649,851,1500,0.13004702371505078
656,856,1512,0.13005117778372122
649,848,1497,0.130036071048443
655,843,1498,0.13004017218551328
651,846,1497,0.13002968408356141
656,857,1513,0.13002832818929488
643,867,1510,0.1300168558342662
640,871,1511,0.1300360976801193
642,869,1511,0.13006133771698364
641,877,1518,0.13007907211452274
640,878,1518,0.13009967742246917
639,885,1524,0.13012097319877244
638,881,1519,0.13014440313110126
647,883,1530,0.13016924848792197
638,889,1527,0.13017169455531433
628,891,1519,0.13019504239706187
624,894,1518,0.13024098790112018
629,882,1511,0.13029354043233066
621,887,1508,0.1303316351936813
623,875,1498,0.13038587124762938
627,871,1498,0.13043252901947944
626,872,1498,0.1304645928160616
623,879,1502,0.13049541237165474
621,880,1501,0.1305301699185864
613,880,1493,0.1305692285126965
622,878,1500,0.13062523058682152
623,876,1499,0.13065338001727325
624,887,1511,0.13067738087436767
626,896,1522,0.13069818737290623
629,886,1515,0.13071344221669287
625,892,1517,0.13072095177121607
617,892,1509,0.1307390876941683
606,887,1493,0.13077361461073747
614,894,1508,0.1308309661231366
614,891,1505,0.13086713787496454
617,895,1512,0.13089969457734107
616,903,1519,0.13092363800965529
623,896,1519,0.13094850144863202
628,890,1518,0.13095719275060938
615,889,1504,0.13095404480406583
613,891,1504,0.13097909135506408
611,899,1510,0.13100917718277277
599,905,1504,0.13104335800266698
600,911,1511,0.1311033851249006
598,911,1509,0.13115769157106366
597,907,1504,0.13121214708552786
595,907,1502,0.13126674747889694
598,909,1507,0.13132285273689479
604,914,1518,0.13136563212821448
598,919,1517,0.13138994752112818
594,916,1510,0.13142706150089178
597,911,1508,0.13147155670205934
594,909,1503,0.13150660024319677
604,918,1522,0.13154344744067573
593,905,1498,0.13155291541366412
595,908,1503,0.13158917425790434
599,903,1502,0.13161922657386987
603,904,1507,0.13163885745377601
595,902,1497,0.1316481738018888
598,895,1493,0.1316769385699811
599,893,1492,0.13169433955863477
604,902,1506,0.13170734989369076
602,908,1510,0.13170713128070854
608,912,1520,0.13171321632264466
608,910,1518,0.1317058921715065
600,912,1512,0.1316996161555873
601,912,1513,0.13171272202076115
599,911,1510,0.13172272848287273
596,914,1510,0.13173541727316795
590,913,1503,0.13175589139581462
591,920,1511,0.1317877309859031
590,917,1507,0.1318152623061874
588,916,1504,0.13184362334578154
591,912,1503,0.13187652439228853
592,914,1506,0.13189981969161363
594,912,1506,0.13191799227601594
599,916,1515,0.13193034548375346
597,910,1507,0.13192625597703508
590,912,1502,0.13192473916977854
588,917,1505,0.1319429826577212
592,925,1517,0.13196409656224609
590,932,1522,0.1319728147440963
588,933,1521,0.1319867898275316
583,941,1524,0.13200481909227238
580,939,1519,0.13203512339880474
584,934,1518,0.1320700288826138
580,934,1514,0.13209422267931908
588,930,1518,0.13212573527725394
584,929,1513,0.13213568986031185
589,929,1518,0.13215442637943128
587,932,1519,0.13215994881542328
585,933,1518,0.1321683636131727
585,931,1516,0.13218215963705018
585,932,1517,0.13219523984446982
584,928,1512,0.13220864588070413
581,941,1522,0.132221058173756
571,940,1511,0.13224096748651237
568,944,1512,0.13228405234462873
562,951,1513,0.13233205719153665
550,952,1502,0.13239184167043208
559,954,1513,0.1324768541945906
557,954,1511,0.13253488176476694
556,948,1504,0.13259283970930333
563,951,1514,0.13264845415713325
561,951,1512,0.1326846634273681
555,951,1506,0.1327220678030197
547,955,1502,0.1327717653649451
549,956,1505,0.13283587891127596
552,952,1504,0.1328914508181731
550,960,1510,0.13293395211955603
542,963,1505,0.13297829478882447
544,954,1498,0.1330383683187587
549,954,1503,0.1330895716805552
545,963,1508,0.13312613776276166
553,961,1514,0.13316803564966234
550,959,1509,0.13318779971992614
558,967,1525,0.13321416460869068
552,966,1518,0.13322098114755823
547,970,1517,0.1332429437548268
542,966,1508,0.13327682900820767
542,966,1508,0.13332118312521485
536,972,1508,0.1333623809930806
543,982,1525,0.1334144470414312
535,974,1509,0.1334484202486437
527,964,1491,0.13349881283196768
530,962,1492,0.1335631012717226
527,969,1496,0.13361369713824103
524,958,1482,0.13366831910628693
524,967,1491,0.13372589789181064
523,973,1496,0.13377968248348363
527,971,1498,0.13383212794255564
535,987,1522,0.13387110891431078
520,989,1509,0.13388769874406709
520,993,1513,0.1339389115902091
519,996,1515,0.1339852695208318
523,998,1521,0.1340322458810404
532,993,1525,0.1340671946451245
524,989,1513,0.134078660766584
527,974,1501,0.13410847180975502
524,982,1506,0.13413038830589077
516,985,1501,0.134156764070117
511,995,1506,0.13419905444143634
524,990,1514,0.13425210419560007
517,1000,1517,0.13427050117871642
511,994,1505,0.13430322670242414
514,998,1512,0.1343504124891866
516,999,1515,0.13438797077338724
513,1009,1522,0.13441731645746716
516,1011,1527,0.13445247325722115
512,1023,1535,0.13447900578104427
510,1024,1534,0.1345134964170762
509,1008,1517,0.13455029915595068
506,1013,1519,0.1345868692915063
501,1017,1518,0.13462718748469435
501,1023,1524,0.13467825998794075
498,1012,1510,0.13472671401966474
494,1027,1521,0.13477897437094946
500,1016,1516,0.13483933850386876
498,1018,1516,0.1348826206937261
489,1037,1526,0.1349294182006136
481,1046,1527,0.1349956996562509
468,1043,1511,0.13507725978968416
461,1047,1508,0.13518373929260993
461,1033,1494,0.13529816902277733
452,1033,1485,0.1354036876769402
447,1040,1487,0.13552273044419477
445,1038,1483,0.13564692557907534
446,1058,1504,0.13576722263716196
448,1049,1497,0.13587558388517845
452,1045,1497,0.135972627830027
452,1058,1510,0.1360537386947223
451,1056,1507,0.13613044255996867
453,1053,1506,0.13620548088980058
450,1042,1492,0.1362699522116034
446,1050,1496,0.13633532169920784
443,1039,1482,0.1364047032727437
442,1041,1483,0.13647502967121994
447,1061,1508,0.1365411538395737
453,1063,1516,0.136590016832404
448,1059,1507,0.1366220841389168
448,1062,1510,0.13666655276580994
449,1067,1516,0.1367068265714877
439,1078,1517,0.13674397413936934
435,1077,1512,0.13680138688789054
439,1083,1522,0.1368651113712363
439,1074,1513,0.136913016159102
425,1079,1504,0.1369558089067525
427,1091,1518,0.13702950317117574
427,1082,1509,0.13709496671979754
429,1088,1517,0.13715695786602627
429,1083,1512,0.13721323067511249
426,1090,1516,0.1372657043838004
423,1091,1514,0.13732180849401465
426,1084,1510,0.13738166053645254
428,1080,1508,0.1374313828438398
425,1090,1515,0.13747291766027087
425,1089,1514,0.13751692552153258
424,1092,1516,0.13756064531235837
423,1092,1515,0.13760154402382263
420,1099,1519,0.13764285717742591
414,1088,1502,0.13768906132255718
417,1097,1514,0.1377489351845117
416,1084,1500,0.13779597985455141
424,1087,1511,0.13784347636092156
419,1070,1489,0.13786850139746507
421,1061,1482,0.13790293209011995
419,1075,1494,0.1379314981836224
424,1078,1502,0.13796156694665546
421,1074,1495,0.13797630337064726
422,1087,1509,0.13799603001766353
418,1080,1498,0.13800801377313113
420,1081,1501,0.1380271662563054
419,1076,1495,0.1380431423288716
424,1080,1504,0.13806210395730648
427,1081,1508,0.13806854168689686
434,1087,1521,0.13806610813293171
429,1072,1501,0.13804507778800104
422,1076,1498,0.13803878464489508
418,1066,1484,0.13804918552144757
422,1072,1494,0.13807128302771246
426,1071,1497,0.13808493061995455
417,1083,1500,0.1380873859384245
409,1104,1513,0.13811148514500987
403,1096,1499,0.1381519821223792
405,1101,1506,0.13820551117072566
402,1098,1500,0.13825076689015173
403,1097,1500,0.13830147798305986
403,1096,1499,0.1383475552671887
399,1107,1506,0.13839162166845617
397,1104,1501,0.1384422007404546
395,1105,1500,0.13849572896470227
395,1116,1511,0.13855052487225572
395,1114,1509,0.13860254401926006
392,1113,1505,0.1386493556729949
394,1114,1508,0.13870056074991707
393,1111,1504,0.1387416933288241
393,1110,1503,0.13878373273395866
394,1101,1495,0.1388207934107067
392,1097,1489,0.13885214507240526
399,1089,1488,0.13888479921689703
403,1087,1490,0.1388962172977023
401,1086,1487,0.13889711117503634
399,1095,1494,0.1389040450993733
392,1090,1482,0.13891143623662294
400,1092,1492,0.1389362206950145
405,1092,1497,0.13894182323076712
402,1105,1507,0.13893604657409775
406,1109,1515,0.13893841317998618
412,1112,1524,0.13893224264969883
405,1119,1524,0.13891344018757057
407,1115,1522,0.13891316760796565
404,1114,1518,0.13890812941132033
401,1112,1513,0.13891132212370655
395,1119,1514,0.13892355545157567
394,1116,1510,0.13894816877381064
396,1120,1516,0.13897359497034645
391,1125,1516,0.13899321025988137
387,1117,1504,0.13902522916537946
387,1112,1499,0.13906336001882458
383,1120,1503,0.13909863449859158
385,1124,1509,0.13914265707461435
389,1124,1513,0.13917742390012267
394,1113,1507,0.139200511692166
392,1125,1517,0.13920938470270816
383,1111,1494,0.13922440343893797
385,1120,1505,0.1392605567969285
386,1123,1509,0.13928825738916384
390,1126,1516,0.13931083112091458
389,1125,1514,0.1393233634158618
387,1123,1510,0.13933911869103624
384,1131,1515,0.13935876490709112
384,1132,1516,0.13938503064250188
383,1126,1509,0.1394080996658449
385,1121,1506,0.13943312834674967
386,1120,1506,0.13945223742494137
380,1128,1508,0.13946832392221833
374,1125,1499,0.13949812510827253
368,1129,1497,0.13954034535777735
373,1122,1495,0.13959468191120494
379,1134,1513,0.13963438155106567
381,1148,1529,0.139657823142012
381,1151,1532,0.1396747216002236
379,1143,1522,0.13969235523567033
374,1147,1521,0.139713722895914
368,1148,1516,0.1397438332600037
369,1158,1527,0.13978695490189744
364,1151,1515,0.13982541279972252
363,1141,1504,0.1398720069799938
366,1149,1515,0.1399170348419073
366,1138,1504,0.13995066208571794
368,1132,1500,0.13998307832579227
372,1138,1510,0.1400071061655745
369,1135,1504,0.1400210504854503
369,1126,1495,0.1400416303878489
375,1125,1500,0.14006004835121813
375,1134,1509,0.140063762610385
374,1148,1522,0.1400683210798679
368,1144,1512,0.14007615874638848
364,1138,1502,0.140097322155433
364,1129,1493,0.1401274298663253
363,1138,1501,0.1401541095905073
362,1152,1514,0.14018193535788476
355,1156,1511,0.14021151375089433
354,1165,1519,0.14025546676514364
357,1163,1520,0.14029821147036967
353,1166,1519,0.1403300039763504
355,1161,1516,0.14036948321325465
353,1157,1510,0.14040236071023182
357,1150,1507,0.14043916622813968
354,1161,1515,0.14046180873163155
358,1150,1508,0.14049067846062854
357,1152,1509,0.14050916165099353
357,1145,1502,0.14052656268407854
356,1144,1500,0.14054231697390315
353,1141,1494,0.1405592682527457
353,1156,1509,0.1405828375178793
352,1159,1511,0.14060559421096466
357,1152,1509,0.14062924014712527
356,1152,1508,0.14063961346997977
353,1154,1507,0.14065238376660497
354,1162,1516,0.14066870411481147
349,1156,1505,0.14068212574563796
351,1157,1508,0.14070883958246852
360,1172,1532,0.14072878130905175
358,1164,1522,0.14072610934962454
348,1157,1505,0.1407270772558615
346,1169,1515,0.14075080522735786
349,1163,1512,0.14077914511998174
346,1168,1514,0.140798183292036
343,1169,1512,0.14082340911142352
343,1170,1513,0.14085324703407007
345,1158,1503,0.14088280578371556
337,1150,1487,0.1409048424272552
343,1148,1491,0.14094478212737718
342,1155,1497,0.14096891892950814
338,1163,1501,0.1409935816726783
337,1171,1508,0.14102578878638014
338,1160,1498,0.1410581127348981
340,1170,1510,0.1410840852083383
337,1180,1517,0.14110406938805103
342,1181,1523,0.14113133154668656
340,1185,1525,0.1411435369373017
335,1181,1516,0.1411599318294394
334,1181,1515,0.141187034359827
330,1181,1511,0.14121569516892804
330,1165,1495,0.1412525968542534
331,1167,1498,0.1412888219850811
328,1177,1505,0.14131896314280204
323,1183,1506,0.14135103201412214
326,1186,1512,0.1413934352541615
324,1190,1514,0.1414269886323105
330,1190,1520,0.14146396641180892
333,1176,1509,0.14148478667450476
326,1186,1512,0.1414979859269433
322,1188,1510,0.1415264457938851
325,1188,1513,0.14156252101225505
329,1188,1517,0.1415896866609401
325,1199,1524,0.14160549660198576
321,1205,1526,0.14163032689285424
324,1202,1526,0.14166402058110378
325,1207,1532,0.14168913820180126
320,1213,1533,0.14171109284281477
314,1206,1520,0.1417441495718426
315,1198,1513,0.141788424182612
318,1192,1510,0.1418277755378232
319,1191,1510,0.14185814992254486
319,1191,1510,0.14188378084962155
312,1203,1515,0.14190614742248722
306,1205,1511,0.1419445931206048
312,1198,1510,0.14199339512406733
311,1202,1513,0.1420253857662216
310,1214,1524,0.142057867092219
304,1220,1524,0.14208904578684287
306,1215,1521,0.14213387495331742
311,1213,1524,0.14216882011373733
305,1216,1521,0.14218912259880231
305,1213,1518,0.14222252478275044
307,1226,1533,0.142253955637392
305,1222,1527,0.14227990551290004
299,1214,1513,0.14231039082294203
300,1211,1511,0.14235290298556136
299,1208,1507,0.1423906869214245
302,1214,1516,0.14242876290672818
302,1206,1508,0.14245600865293448
294,1210,1504,0.14248143549360415
298,1216,1514,0.14252361790039708
296,1224,1520,0.14255406048792718
292,1237,1529,0.1425875788811885
290,1236,1526,0.14262852216760044
293,1235,1528,0.14267102541176233
291,1241,1532,0.14270454248289066
295,1218,1513,0.14273989366358633
292,1221,1513,0.14276155972423138
292,1220,1512,0.14278944993380466
288,1220,1508,0.14281474635811262
291,1222,1513,0.142845820869402
286,1216,1502,0.1428697211615556
283,1216,1499,0.1429055325157905
284,1220,1504,0.14294754196627404
285,1219,1504,0.14298457260421935
279,1219,1498,0.14301663063432626
280,1206,1486,0.14305993770697228
280,1223,1503,0.14309584345196355
283,1231,1514,0.1431284899002866
282,1236,1518,0.14315252412734636
278,1231,1509,0.14317727765787946
282,1232,1514,0.14321095050986624
281,1220,1501,0.14323270778160566
275,1236,1511,0.14325515816036313
273,1240,1513,0.14329048895712979
274,1224,1498,0.14332532285951868
273,1229,1502,0.14335706085369357
275,1226,1501,0.14338827143969557
277,1222,1499,0.14341244766383587
276,1227,1503,0.14343161795277948
274,1226,1500,0.14345202808475907
275,1227,1502,0.14347601581085054
272,1230,1502,0.14349360309685902
272,1223,1495,0.14351740755747258
272,1225,1497,0.1435399941812063
277,1228,1505,0.14356187654310035
280,1229,1509,0.1435701729178719
278,1229,1507,0.14357031960801991
279,1235,1514,0.14357400137864634
273,1241,1514,0.1435760987520322
272,1253,1525,0.14359280957965226
271,1258,1529,0.143613199320048
271,1254,1525,0.14363320842720534
270,1253,1523,0.14365124758972136
271,1253,1524,0.14367196861827916
277,1247,1524,0.14368892172930747
280,1239,1519,0.14368986738108955
274,1243,1517,0.14368323206344036
272,1254,1526,0.14369055088450852
270,1245,1515,0.14370371686172564
267,1239,1506,0.14372145317238366
263,1241,1504,0.14374545877392092
260,1247,1507,0.1437781760378239
260,1249,1509,0.14381669476467476
258,1257,1515,0.14385154397586106
256,1248,1504,0.1438896865351278
261,1261,1522,0.14392931354781743
263,1264,1527,0.14395415502255343
255,1260,1515,0.14397393014908616
257,1257,1514,0.1440122319097676
251,1251,1502,0.1440422020011596
256,1255,1511,0.1440840819229279
255,1257,1512,0.14411226186289683
255,1262,1517,0.14414074466773433
258,1269,1527,0.1441679937721871
256,1257,1513,0.14418620427049114
253,1254,1507,0.14420673026710332
250,1252,1502,0.14423277870574264
250,1250,1500,0.14426251758473282
251,1255,1506,0.14429076758915607
252,1253,1505,0.14431513295057902
251,1255,1506,0.14433607729321296
253,1274,1527,0.14435798159188354
251,1270,1521,0.14437251845606106
251,1271,1522,0.14439273115075207
255,1265,1520,0.14441255300873984
251,1267,1518,0.14442088426128852
248,1282,1530,0.1444393873656764
251,1283,1534,0.14446497081520507
245,1269,1514,0.14448250690339504
239,1273,1512,0.14451299397840286
239,1269,1508,0.1445551591219764
241,1265,1506,0.1445934193524133
245,1255,1500,0.1446240010918213
245,1266,1511,0.1446413154386884
246,1261,1507,0.14465707837855446
245,1258,1503,0.14466977624708224
242,1266,1508,0.14468313143357417
243,1265,1508,0.14470246939869325
247,1269,1516,0.1447190156802763
245,1261,1506,0.1447243733970496
247,1266,1513,0.14473294966239536
249,1264,1513,0.1447366533340595
251,1268,1519,0.14473636703225512
247,1256,1503,0.14473197957110667
248,1254,1502,0.1447374277291209
245,1272,1517,0.14473868899164702
249,1268,1517,0.14474792916770352
254,1267,1521,0.1447452505568668
255,1271,1526,0.1447313251135936
255,1272,1527,0.1447148441958683
251,1271,1522,0.1446990272384484
256,1270,1526,0.14469457587791565
249,1269,1518,0.14467541620271032
252,1268,1520,0.14467398198789808
249,1272,1521,0.1446674319907974
247,1265,1512,0.14466844063106607
241,1269,1510,0.14467433424559997
243,1279,1522,0.14469380611701826
242,1270,1512,0.1447087288341936
235,1276,1511,0.14472489005374498
240,1282,1522,0.14475785392202234
239,1273,1512,0.14477732520077333
241,1274,1515,0.1447975914598962
237,1274,1511,0.14481155923002725
240,1273,1513,0.14483352867108149
237,1287,1524,0.14484819535586596
240,1292,1532,0.1448689114661191
236,1278,1514,0.14488334104195905
239,1273,1512,0.14490678033503432
238,1290,1528,0.14491967595769106
236,1280,1516,0.1449346583030061
235,1269,1504,0.14495316472527597
239,1277,1516,0.14497179308993446
242,1288,1530,0.14498096910957212
243,1283,1526,0.14498163665842628
236,1279,1515,0.1449817317665792
235,1276,1511,0.14499993207958808
234,1280,1514,0.14501933333540099
234,1287,1521,0.14503833644054162
232,1289,1521,0.14505764654572523
229,1294,1523,0.14508094975080343
228,1292,1520,0.1451102025373909
233,1289,1522,0.1451386794654455
238,1277,1515,0.14515187027321957
235,1285,1520,0.14515226309420964
235,1280,1515,0.14516081138894546
233,1289,1522,0.14516767959668964
227,1281,1508,0.14517952654722138
228,1283,1511,0.14520548186860047
228,1282,1510,0.14522754556737133
229,1286,1515,0.14524782020933072
224,1282,1506,0.14526339096093158
223,1292,1515,0.14529007276262818
222,1283,1505,0.14531848664988659
219,1291,1510,0.14534615358230046
225,1295,1520,0.1453792471147251
225,1292,1517,0.14539746301081327
219,1293,1512,0.14541467256697005
223,1297,1520,0.14544357465352287
220,1298,1518,0.145461542197956
220,1291,1511,0.14548593951263225
227,1294,1521,0.1455090131734756
224,1292,1516,0.1455146492444407
215,1295,1510,0.14552817287402486
218,1295,1513,0.14556236393215038
221,1300,1521,0.1455863933213237
220,1297,1517,0.14560236300619717
217,1296,1513,0.14562019350897198
215,1298,1513,0.14564315752188586
213,1304,1517,0.14566854792979617
217,1302,1519,0.14569823118255837
217,1293,1510,0.14571656986284307
219,1285,1504,0.14573364434761604
218,1292,1510,0.14574569062242973
216,1298,1514,0.14575903358062597
214,1304,1518,0.14577476347146776
212,1306,1518,0.14579548147175603
215,1303,1518,0.14582036889943142
216,1291,1507,0.14583579475737207
213,1292,1505,0.14584849355117951
212,1293,1505,0.14586690328068552
212,1292,1504,0.14588630433682404
212,1294,1506,0.14590446060219908
208,1292,1500,0.1459208533893993
210,1296,1506,0.14594554900422912
213,1305,1518,0.1459644896255682
214,1298,1512,0.1459754580236016
214,1291,1505,0.14598371357329148
204,1303,1507,0.14599248213111257
206,1312,1518,0.14602525377303727
208,1309,1517,0.14605183004079458
207,1304,1511,0.14607225647592573
208,1312,1520,0.14609456276474198
209,1313,1522,0.1461108909149699
203,1307,1510,0.14612239839622657
205,1305,1510,0.14614780739073904
210,1313,1523,0.1461676829397426
214,1299,1513,0.14617338319928458
207,1292,1499,0.14616969134456903
204,1290,1494,0.14618305492668504
202,1296,1498,0.1462006019128107
205,1302,1507,0.1462227538886585
207,1309,1516,0.1462362298168346
204,1318,1522,0.14624465417473262
203,1319,1522,0.14626025053826772
199,1319,1518,0.14627829153824287
200,1314,1514,0.14630484031533966
201,1310,1511,0.14632768118470132
202,1309,1511,0.14634570798357813
204,1290,1494,0.1463589437290804
209,1295,1504,0.14636541286450694
204,1298,1502,0.1463596272094315
205,1317,1522,0.14636694754553953
206,1311,1517,0.1463730815868086
208,1311,1519,0.14637602561923313
208,1309,1517,0.1463728980432773
208,1306,1514,0.14637128082775988
201,1308,1509,0.14637053677552475
202,1309,1511,0.14638695737729474
196,1326,1522,0.14640011604875589
197,1322,1519,0.14642497838927923
199,1318,1517,0.14644640756683905
199,1303,1502,0.1464619740376057
205,1308,1513,0.1464746120166903
206,1303,1509,0.14647159607135996
202,1306,1508,0.14646772206140532
198,1305,1503,0.14647405522990822
195,1316,1511,0.14649036825309153
197,1311,1508,0.14651328966166677
202,1327,1529,0.146530421927504
204,1322,1526,0.1465330017944314
201,1317,1518,0.14652900590701903
203,1322,1525,0.14653276237914933
197,1324,1521,0.14653087662397976
195,1312,1507,0.14654412915164675
192,1312,1504,0.1465620593388726
197,1315,1512,0.14658496172967553
196,1308,1504,0.14659584691796113
194,1312,1506,0.14660778998979984
194,1318,1512,0.1466249833600244
191,1319,1510,0.1466415637486169
191,1319,1510,0.14666482359300834
192,1324,1516,0.14668742032920018
192,1322,1514,0.14670452920240254
188,1328,1516,0.1467216864135874
184,1326,1510,0.1467475067054507
183,1316,1499,0.14678114784565757
181,1315,1496,0.1468123158139937
182,1313,1495,0.14684632055817076
186,1314,1500,0.14687516684708343
186,1323,1509,0.1468929123670254
185,1319,1504,0.1469091780411614
185,1332,1517,0.14692587855230158
179,1319,1498,0.14694168768478366
185,1331,1516,0.146970487275945
184,1339,1523,0.14698272989941638
184,1342,1526,0.14699778350139903
182,1334,1516,0.1470115527895067
182,1333,1515,0.1470309076670748
191,1330,1521,0.14704819806103803
191,1331,1522,0.14703927073137732
185,1342,1527,0.14703225205620513
184,1339,1523,0.1470395789963801
185,1337,1522,0.14704970194895586
185,1338,1523,0.14705591553538905
184,1316,1500,0.14706201313312467
184,1308,1492,0.14707089026196027
177,1317,1494,0.14707755665141087
183,1321,1504,0.1471009755387804
181,1315,1496,0.14710931252311796
182,1313,1495,0.14712228475349565
182,1321,1503,0.14713059761389197
184,1325,1509,0.1471394025809122
181,1315,1496,0.1471426090382867
176,1314,1490,0.1471522005904656
181,1327,1508,0.14717373935185862
185,1336,1521,0.1471833196997957
182,1336,1518,0.14718268035019133
188,1338,1526,0.14718838069266796
184,1330,1514,0.14717877741327062
186,1332,1518,0.14717812397780441
191,1318,1509,0.1471718681903754
186,1323,1509,0.14715508983240813
184,1334,1518,0.14715110600966086
186,1328,1514,0.14715279001054565
188,1333,1521,0.14714833587537982
194,1321,1515,0.1471393164295926
194,1320,1514,0.14711417362772283
191,1324,1515,0.14709105633384578
193,1322,1515,0.14707664941782117
192,1313,1505,0.1470580244796758
190,1304,1494,0.1470424384681765
184,1300,1484,0.14703289404151426
187,1298,1485,0.1470391141503194
196,1302,1498,0.14703709610208063
195,1318,1513,0.14701399214779287
194,1314,1508,0.14699525462254637
198,1315,1513,0.1469807792477805
193,1313,1506,0.1469581343379103
195,1316,1511,0.14695005396881633
200,1319,1519,0.146937716322503
203,1316,1519,0.14691494810005604
203,1311,1514,0.14688629776709422
200,1320,1520,0.14686052631274196
200,1326,1526,0.14684490517254628
197,1328,1525,0.14683132954575484
196,1322,1518,0.14682563298478057
203,1315,1518,0.1468231293644851
198,1319,1517,0.14680167143295378
195,1314,1509,0.1467945363796088
193,1312,1505,0.14679461179972728
192,1313,1505,0.146800742172807
187,1313,1500,0.1468072238332626
187,1311,1498,0.14682428982824253
192,1315,1507,0.14684117981212907
192,1311,1503,0.14684174369628436
195,1323,1518,0.14684382226234466
191,1332,1523,0.14683817864216106
193,1332,1525,0.14684212619289347
196,1335,1531,0.14684235478896474
191,1333,1524,0.146835817050391
190,1321,1511,0.14684204035340356
193,1323,1516,0.14685002313620296
196,1320,1516,0.14685089644414456
199,1322,1521,0.1468442244025793
197,1323,1520,0.1468295143602358
196,1316,1512,0.14682179951417448
193,1307,1500,0.14681796942499392
195,1313,1508,0.14682192001843938
192,1312,1504,0.1468199857508755
187,1307,1494,0.14682534858574883
189,1311,1500,0.14683952522596658
185,1323,1508,0.14684822443250106
188,1319,1507,0.1468674450993458
189,1324,1513,0.14687790162831438
182,1332,1514,0.14688528779571106
180,1339,1519,0.14690899237968089
185,1333,1518,0.14693650779793344
186,1326,1512,0.14694968417576434
187,1324,1511,0.1469606518834058
184,1338,1522,0.14696955354324873
187,1343,1530,0.14698595506794285
191,1344,1535,0.14699404403112223
188,1328,1516,0.14699193185898468
188,1333,1521,0.14699776734068756
187,1344,1531,0.14700206834781204
187,1330,1517,0.14700897088481338
189,1322,1511,0.14701453073175788
190,1314,1504,0.14701353420082663
189,1319,1508,0.1470094716934061
186,1321,1507,0.14700851410392585
185,1329,1514,0.14701504189150932
187,1324,1511,0.1470230495267019
185,1328,1513,0.1470277684409021
184,1317,1501,0.1470370983909799
185,1325,1510,0.1470479798638008
180,1321,1501,0.1470563673216821
179,1321,1500,0.147077168444688
176,1326,1502,0.14709921554502117
175,1339,1514,0.1471268072963784
174,1335,1509,0.14715393831908996
174,1340,1514,0.14718268996786027
175,1337,1512,0.1472091167790799
176,1317,1493,0.14722917694070925
177,1321,1498,0.1472452005907032
179,1328,1507,0.14725718038907357
184,1327,1511,0.1472647043682534
187,1331,1518,0.14726083419874308
181,1319,1500,0.1472502669310415
181,1323,1504,0.1472544710248095
183,1328,1511,0.14725872728872957
180,1333,1513,0.1472573845354246
179,1335,1514,0.14726425491168432
182,1333,1515,0.14727277688049728
182,1340,1522,0.14727428213110355
183,1332,1515,0.14727527586822864
177,1327,1504,0.14727475400613316
175,1342,1517,0.14728682976025523
174,1341,1515,0.1473027590439501
175,1338,1513,0.14732095632175404
176,1336,1512,0.1473347802157411
174,1334,1508,0.14734483508235707
176,1342,1518,0.14735927610848878
177,1344,1521,0.14736845496459602
176,1344,1520,0.14737501413171494
174,1345,1519,0.14738355434356884
175,1340,1515,0.14739618188718923
177,1341,1518,0.14740442664123982
175,1354,1529,0.14740771134288638
176,1342,1518,0.1474163341150716
177,1337,1514,0.1474214242269578
175,1342,1517,0.1474242002826213
176,1339,1515,0.14743122159058367
177,1332,1509,0.14743461834665583
179,1324,1503,0.14743624744468525
176,1335,1511,0.14743042239772816
175,1338,1513,0.1474336499953373
177,1329,1506,0.14743947102507005
177,1331,1508,0.14743951190180932
175,1333,1508,0.1474401417304006
172,1328,1500,0.14744615959542645
176,1325,1501,0.14745914291206977
179,1330,1509,0.1474603301071598
177,1327,1504,0.14745436335374354
175,1334,1509,0.14745450462956733
172,1338,1510,0.14745951064500673
173,1344,1517,0.14747155588862193
173,1346,1519,0.14748173935714137
169,1348,1517,0.14749236191574017
171,1348,1519,0.1475113153990788
168,1345,1513,0.14752485760360454
165,1350,1515,0.14754483956906803
161,1350,1511,0.14757006698512545
161,1351,1512,0.14760226142558572
167,1357,1524,0.14763292896352698
165,1356,1521,0.14764724063040632
169,1347,1516,0.14766517915553165
166,1344,1510,0.1476731097546363
161,1354,1515,0.14768713505995662
159,1353,1512,0.14771131042655192
160,1359,1519,0.14773934610462117
158,1348,1506,0.14776254426543564
158,1347,1505,0.14778903607929714
160,1357,1517,0.1478127197061859
160,1350,1510,0.14783005109764094
155,1346,1501,0.1478450655848343
158,1351,1509,0.1478720242848458
153,1356,1509,0.14789061854024765
154,1360,1514,0.1479201191034054
156,1364,1520,0.14794535978266968
156,1355,1511,0.1479639514499237
155,1372,1527,0.14798132012544304
156,1366,1522,0.14800015824010024
159,1364,1523,0.14801595865964828
155,1372,1527,0.14802161139585274
154,1363,1517,0.1480361548652041
153,1371,1524,0.14805355922734104
150,1371,1521,0.14807278470325083
148,1373,1521,0.14809775823410265
149,1368,1517,0.14812479733777142
153,1370,1523,0.14814621272039388
153,1371,1524,0.14815715952455932
148,1379,1527,0.14816823068942714
149,1368,1517,0.14819003660006255
150,1366,1516,0.14820846063870768
146,1363,1509,0.148223646292381
146,1356,1502,0.14824791559990533
145,1356,1501,0.14827071813283366
149,1361,1510,0.14829478747861274
147,1368,1515,0.148305321546121
144,1369,1513,0.1483199021340374
144,1365,1509,0.14833969538333924
144,1362,1506,0.14835882117073193
146,1350,1496,0.1483765097667623
146,1338,1484,0.14838681393136186
145,1342,1487,0.14839678447119767
143,1360,1503,0.1484093252320321
141,1361,1502,0.1484262899546468
144,1369,1513,0.14844796233786395
142,1362,1504,0.14846028647412068
140,1372,1512,0.14847662354349278
139,1383,1522,0.14849559001696203
134,1381,1515,0.14851682604735875
135,1372,1507,0.14854965683637475
135,1371,1506,0.14857884098334098
135,1372,1507,0.1486055338008679
135,1373,1508,0.14863095444097799
131,1365,1496,0.14865565681880605
133,1363,1496,0.1486887431029221
129,1374,1503,0.14871368111031524
132,1384,1516,0.14874620454570614
135,1375,1510,0.14876838473668738
136,1376,1512,0.14878083102446024
136,1384,1520,0.1487907583687263
137,1381,1518,0.14880031913207076
138,1391,1529,0.1488061778023913
135,1394,1529,0.14880813978898227
137,1399,1536,0.14881921673174056
139,1378,1517,0.14882523419236762
136,1389,1525,0.1488243366081049
137,1393,1530,0.14883033542861468
138,1396,1534,0.1488339069749121
138,1389,1527,0.14883590108339714
137,1377,1514,0.1488387048484828
137,1369,1506,0.1488439404351393
139,1377,1516,0.1488490062109463
134,1370,1504,0.1488467910999037
140,1373,1513,0.14885706927116088
136,1370,1506,0.14885115113232594
134,1390,1524,0.14885590220560996
135,1391,1526,0.14886574185442286
137,1381,1518,0.14887213609153618
136,1380,1516,0.14887297921129186
134,1382,1516,0.1488769920391795
134,1373,1507,0.14888618695213038
142,1370,1512,0.14889486860989562
145,1358,1503,0.14888102757354327
141,1360,1501,0.14885737651359326
146,1379,1525,0.14884465347856962
145,1371,1516,0.14882206242926543
146,1369,1515,0.14880238697415885
144,1360,1504,0.14878295299608674
147,1354,1501,0.1487695913273492
153,1370,1523,0.14874986823881498
155,1365,1520,0.14871763872482138
157,1351,1508,0.1486833505765731
156,1363,1519,0.14864633022086463
157,1357,1514,0.14861206763488338
155,1355,1510,0.14857770177298665
157,1356,1513,0.14855039069369677
150,1355,1505,0.14851991641769177
155,1354,1509,0.14850929530907814
153,1351,1504,0.14848684319837133
151,1361,1512,0.14847022204211074
157,1364,1521,0.14846064362325287
157,1368,1525,0.14843543145719762
164,1374,1538,0.14841144042481003
164,1359,1523,0.14837226069704063
162,1341,1503,0.14833631891383678
159,1350,1509,0.1483079285214116
164,1346,1510,0.1482885665365111
163,1354,1517,0.14825900988192367
169,1365,1534,0.14823430391415052
167,1357,1524,0.14819618742877702
163,1361,1524,0.14816550043084262
160,1352,1512,0.14814782445593544
166,1344,1510,0.14813948774879013
166,1341,1507,0.14811713616294725
164,1337,1501,0.14809701224999292
164,1351,1515,0.1480832033467362
164,1356,1520,0.14807029632861765
162,1341,1503,0.14805847685246384
160,1352,1512,0.14805331158176263
158,1361,1519,0.1480537061208965
159,1361,1520,0.14805769628677337
166,1357,1523,0.14805803049717214
163,1350,1513,0.14804098013598518
162,1361,1523,0.14803214902305728
161,1366,1527,0.148027026454753
165,1351,1516,0.14802473920776543
166,1336,1502,0.14801409747154462
166,1350,1516,0.14800065029279402
166,1334,1500,0.14798691386057483
164,1339,1503,0.14797398123657923
167,1344,1511,0.1479670600750006
167,1358,1525,0.1479520193715011
165,1355,1520,0.14793829074627513
165,1368,1533,0.14793147986859492
163,1354,1517,0.14792656599031398
160,1355,1515,0.14792593662141004
159,1359,1518,0.1479333726403059
158,1352,1510,0.14794255122266936
161,1351,1512,0.14795474606728398
167,1356,1523,0.14795898940290858
166,1353,1519,0.1479482211472199
167,1358,1525,0.1479417729709648
169,1360,1529,0.1479328841775191
167,1360,1527,0.14791978785360163
168,1359,1527,0.14791235203967382
166,1359,1525,0.14790321704270226
162,1361,1523,0.14790021807796286
162,1364,1526,0.1479068484956144
164,1369,1533,0.1479129668521698
166,1352,1518,0.14791371420368526
164,1349,1513,0.14790989769500246
165,1354,1519,0.14791087930181648
167,1358,1525,0.1479090415462423
166,1361,1527,0.1479025420604021
161,1365,1526,0.1478983670023514
158,1350,1508,0.1479059636616105
160,1365,1525,0.14791995151605278
162,1358,1520,0.14792973457080477
160,1350,1510,0.14793330141638544
161,1344,1505,0.1479421615005441
163,1350,1513,0.14794892868421677
162,1357,1519,0.14795141808027418
158,1351,1509,0.14795405484015386
159,1351,1510,0.14796660078364257
154,1357,1511,0.14797699014091856
153,1354,1507,0.1479988491813673
154,1355,1509,0.1480198816417712
154,1356,1510,0.1480360569098659
155,1357,1512,0.14804997044555343
157,1366,1523,0.14806025006314733
159,1361,1520,0.14806498775697058
163,1357,1520,0.1480639403734563
162,1355,1517,0.14805366399338254
163,1349,1512,0.1480475103219097
164,1354,1518,0.14804040409530977
163,1347,1510,0.1480316681250136
162,1347,1509,0.1480271952097825
156,1366,1522,0.1480253425578415
154,1362,1516,0.1480371493636264
156,1353,1509,0.14805393994590083
156,1360,1516,0.14806360532334037
155,1365,1520,0.14807207626569976
158,1358,1516,0.1480819853969367
156,1355,1511,0.1480832006275878
156,1359,1515,0.1480891386963114
159,1359,1518,0.14809567511895164
150,1356,1506,0.14809471131664226
151,1361,1512,0.14811599393670868
151,1354,1505,0.14813464102552248
150,1369,1519,0.14815238803488825
152,1371,1523,0.14817064017306952
153,1367,1520,0.14818229019218485
153,1362,1515,0.14819136736430194
157,1361,1518,0.1481998522564085
160,1345,1505,0.1481983605653628
157,1352,1509,0.14818723277166096
153,1349,1502,0.14818526845164587
155,1346,1501,0.14819369900195412
159,1362,1521,0.1481979185381122
157,1372,1529,0.14819054511193927
158,1362,1520,0.14818912105904844
160,1356,1516,0.1481861064692312
156,1365,1521,0.14817692827472634
154,1361,1515,0.14817914884918085
153,1365,1518,0.14818521369780702
157,1353,1510,0.14819427107948027
158,1363,1521,0.1481944596978087
156,1356,1512,0.14819273133201105
153,1359,1512,0.14819731105959796
150,1370,1520,0.14820762930418963
151,1369,1520,0.14822392384535135
153,1373,1526,0.1482371426715324
154,1371,1525,0.1482445920295927
155,1366,1521,0.14824957770426997
158,1353,1511,0.14825153522612136
154,1362,1516,0.14824726718389436
156,1364,1520,0.14825216975110192
150,1364,1514,0.14825117309257477
145,1363,1508,0.1482647429994741
144,1376,1520,0.14828964685640986
145,1369,1514,0.1483147650330729
148,1359,1507,0.14833579684782874
145,1379,1524,0.1483477466486808
146,1380,1526,0.14836532353712484
147,1365,1512,0.14837879181588498
144,1374,1518,0.1483885895363332
148,1371,1519,0.14840562865667606
145,1377,1522,0.1484121480792161
146,1373,1519,0.14842625028491294
145,1367,1512,0.1484370166599112
142,1381,1523,0.14844875065866234
138,1382,1520,0.1484679523787276
142,1384,1526,0.14849517299460394
141,1375,1516,0.1485113666117504
141,1379,1520,0.14853045617502025
144,1372,1516,0.14854864065699647
144,1366,1510,0.14855682019360983
142,1363,1505,0.14856347360425345
142,1379,1521,0.1485745776264444
144,1377,1521,0.1485862776751868
143,1388,1531,0.1485930807224099
142,1383,1525,0.14860275340544785
141,1379,1520,0.1486140237792889
139,1378,1517,0.14862599055769368
137,1373,1510,0.14864318088413658
134,1370,1504,0.14866293496626537
130,1376,1506,0.14868869370133733
131,1387,1518,0.14872259031628307
128,1402,1530,0.14875126529051122
130,1395,1525,0.1487848638023871
137,1404,1541,0.14881112530282875
136,1400,1536,0.14881761576323474
135,1399,1534,0.1488260669017094
132,1396,1528,0.148837300652505
133,1382,1515,0.14885536569013408
130,1390,1520,0.14886895631342012
129,1378,1507,0.1488890302036367
126,1388,1514,0.14890997940196082
130,1380,1510,0.14893648647749952
129,1389,1518,0.14895183648479113
133,1388,1521,0.14896930635193273
132,1400,1532,0.14897595207933212
133,1402,1535,0.1489843969611721
132,1396,1528,0.1489906297890013
132,1410,1542,0.1489995640081966
132,1394,1526,0.1490078757976342
129,1394,1523,0.14901542589020766
127,1412,1539,0.1490302403802318
126,1406,1532,0.1490489927719963
128,1404,1532,0.1490680039685469
128,1402,1530,0.1490805809690824
126,1403,1529,0.14909206407031889
125,1399,1524,0.14910791335430243
125,1401,1526,0.14912551265338025
120,1402,1522,0.14914246821285854
119,1401,1520,0.14917079294300464
119,1402,1521,0.1492002663930686
118,1409,1527,0.14922743424842014
119,1405,1524,0.14925307382413255
117,1391,1508,0.14927543806962973
114,1407,1521,0.1492997761889515
112,1407,1519,0.14933029684593
115,1394,1509,0.14936382588121236
119,1391,1510,0.14938641899265018
113,1391,1504,0.149396608366488
110,1409,1519,0.14941995724062507
110,1408,1518,0.14944977438487259
114,1411,1525,0.1494776599094436
117,1410,1527,0.14949333541638907
112,1409,1521,0.14950054257790643
110,1393,1503,0.1495194638285831
110,1415,1525,0.1495423741147289
111,1403,1514,0.149564838414575
112,1406,1518,0.14958373993919633
111,1424,1535,0.14959882712741243
109,1424,1533,0.14961619521786504
109,1427,1536,0.14963790743276917
109,1428,1537,0.14965789418271708
110,1428,1538,0.14967608544478947
107,1420,1527,0.14969067230412544
109,1415,1524,0.14971207963827596
108,1410,1518,0.14972689874002942
105,1404,1509,0.14974307050561797
104,1401,1505,0.14976625540304192
104,1411,1515,0.14978975607827266
103,1402,1505,0.14981134234623147
103,1396,1499,0.14983310480249704
105,1402,1507,0.14985271080658744
106,1412,1518,0.14986567268193818
110,1406,1516,0.14987560320347246
112,1411,1523,0.14987215217983496
114,1404,1518,0.1498639074479241
116,1409,1525,0.1498520349924336
112,1411,1523,0.14983464486110282
113,1395,1508,0.14982936360091204
113,1410,1523,0.14982173304364554
107,1408,1515,0.1498150630998048
110,1418,1528,0.14982430738607402
108,1404,1512,0.14982325318902465
105,1403,1508,0.14982687154579316
100,1403,1503,0.1498381645771785
98,1392,1490,0.14986157315574897
98,1406,1504,0.14988841776136091
99,1419,1518,0.14991517502970686
102,1409,1511,0.14993834401353193
97,1387,1484,0.14995218178010747
98,1396,1494,0.14997800508734996
100,1408,1508,0.14999947117230925
97,1409,1506,0.1500139446941842
98,1414,1512,0.1500343877686004
97,1420,1517,0.15005210609709024
97,1410,1507,0.15007190477723875
96,1418,1514,0.15008914933029513
97,1421,1518,0.15010840077494655
96,1430,1526,0.15012492781995349
95,1409,1504,0.15014311212434558
96,1409,1505,0.15016141599935678
97,1409,1506,0.15017408953815636
97,1412,1509,0.15018504984423367
96,1410,1506,0.15019533725973766
97,1425,1522,0.15020744272472808
98,1428,1526,0.1502154086240909
95,1432,1527,0.15022031441645173
95,1421,1516,0.1502327406417708
98,1432,1530,0.15024474376489358
97,1426,1523,0.15024794492281854
95,1410,1505,0.15025357315022853
94,1415,1509,0.1502635922758095
95,1412,1507,0.15027525660254987
93,1424,1517,0.1502845054312035
94,1428,1522,0.15029841162198931
91,1431,1522,0.15030934308805513
90,1429,1519,0.15032776792289648
90,1431,1521,0.15034791463987765
89,1438,1527,0.15036631799268055
91,1447,1538,0.15038694722159515
92,1432,1524,0.15039982697334842
93,1429,1522,0.15040941689830847
92,1427,1519,0.15041558462733698
94,1419,1513,0.15042366164895882
97,1427,1524,0.15042524418221187
98,1415,1513,0.15041962730501374
97,1424,1521,0.150411072449591
98,1431,1529,0.15040580338503687
95,1447,1542,0.15039888519455447
97,1435,1532,0.15040056579910577
96,1426,1522,0.15039721314615803
94,1418,1512,0.15039766456507808
93,1422,1515,0.15040338394913141
94,1428,1522,0.1504117520479076
95,1434,1529,0.15041519743465606
95,1435,1530,0.15041703295997358
90,1434,1524,0.1504189285158731
88,1436,1524,0.15043282726342952
88,1427,1515,0.15045055732857585
86,1437,1523,0.15046625383880305
85,1425,1510,0.15048607844843354
84,1422,1506,0.1505059201296256
82,1410,1492,0.15052749860795056
84,1419,1503,0.150552057002457
83,1428,1511,0.15056966798942042
80,1432,1512,0.15058919071700871
86,1432,1518,0.1506150141973537
88,1430,1518,0.15062133366750352
87,1434,1521,0.15062184989492425
89,1419,1508,0.15062591344411938
89,1422,1511,0.15062512343550838
84,1428,1512,0.15062482459679152
83,1433,1516,0.15063762009460294
81,1431,1512,0.1506526785948977
81,1434,1515,0.15067232397575556
80,1432,1512,0.15068991882275706
82,1431,1513,0.150709383810266
79,1435,1514,0.15072240881699728
77,1434,1511,0.150741688508056
73,1427,1500,0.15076605815475425
74,1439,1513,0.15079876453661684
74,1432,1506,0.1508267882629098
75,1439,1514,0.15085334883545154
75,1442,1517,0.15087566650156542
75,1435,1510,0.15089693528508882
75,1431,1506,0.1509168399233781
76,1444,1520,0.15093530847012623
77,1447,1524,0.1509485944862519
76,1448,1524,0.15095818444693698
74,1452,1526,0.15097025313216428
74,1455,1529,0.1509869121327776
73,1460,1533,0.15100213870605944
73,1458,1531,0.1510193932325867
72,1439,1511,0.15103557396888034
70,1449,1519,0.15105229971569353
67,1456,1523,0.15107330728189702
66,1460,1526,0.15110051176983447
65,1458,1523,0.15112876868531194
63,1446,1509,0.15115729786445994
64,1460,1524,0.15118818404684548
64,1461,1525,0.15121395876193408
62,1457,1519,0.15123873491350653
66,1454,1520,0.1512672402446498
66,1450,1516,0.15128193520006308
69,1437,1506,0.15129594304693325
70,1450,1520,0.15130144661457462
69,1446,1515,0.15130414883336218
69,1437,1506,0.15130833329484197
71,1438,1509,0.15131218824862258
74,1440,1514,0.15130991924113688
74,1435,1509,0.1513010671420874
72,1440,1512,0.1512930788333786
73,1434,1507,0.15129121504553766
74,1449,1523,0.1512872244051781
76,1441,1517,0.1512815252445107
75,1433,1508,0.1512694550665886
70,1439,1509,0.15126121094974188
71,1458,1529,0.15126636663284304
70,1459,1529,0.15126805380567726
69,1448,1517,0.15127245387163607
69,1450,1519,0.151279082709271
67,1447,1514,0.1512862318401169
67,1446,1513,0.15129724645901688
67,1443,1510,0.1513079204044312
65,1446,1511,0.15131834661643428
66,1445,1511,0.15133252371204123
70,1449,1519,0.15134239912472217
70,1454,1524,0.15134169888645363
73,1457,1530,0.1513418908317694
74,1449,1523,0.15133490393776786
75,1444,1519,0.1513262392519054
77,1437,1514,0.15131577963530848
76,1436,1512,0.15129993657930513
75,1440,1515,0.15128854766539568
74,1433,1507,0.15128069204479885
73,1437,1510,0.15127537296672897
78,1442,1520,0.15127368695659624
75,1435,1510,0.15125739349930914
71,1435,1506,0.15125111680734654
71,1438,1509,0.15125483686569938
71,1430,1501,0.15125671093347123
70,1433,1503,0.15125871889604747
65,1433,1498,0.15126441992923503
64,1434,1498,0.1512817054004776
65,1437,1502,0.1512999397602787
63,1442,1505,0.15131507765962343
67,1439,1506,0.1513332035982946
68,1440,1508,0.15134080615408688
67,1453,1520,0.1513457220791495
66,1454,1520,0.1513532828070688
64,1434,1498,0.15136256818653165
62,1441,1503,0.15137699847574346
63,1455,1518,0.15139606412815187
63,1458,1521,0.15141138692328598
64,1474,1538,0.1514258582820586
63,1478,1541,0.15143696488796504
62,1470,1532,0.151450489319631
57,1466,1523,0.1514660826446849
58,1463,1521,0.15149265958571184
58,1463,1521,0.15151490450961103
58,1452,1510,0.15153542633915953
59,1451,1510,0.15155452773760344
57,1447,1504,0.15156903563893068
57,1426,1483,0.15158820905567388
58,1441,1499,0.15160583610781134
57,1448,1505,0.15161865514525194
56,1447,1503,0.15163373799848603
53,1441,1494,0.1516501129250635
53,1438,1491,0.15167302322775264
54,1447,1501,0.1516941120051235
54,1459,1513,0.15171165665960115
56,1454,1510,0.1517279490958403
55,1450,1505,0.15173809052746243
55,1441,1496,0.1517499599751476
54,1439,1493,0.15176123623370225
54,1460,1514,0.1517752537480944
54,1465,1519,0.15178871354359555
54,1471,1525,0.15180097423032538
54,1461,1515,0.15181245329177784
55,1458,1513,0.15182253196060647
54,1462,1516,0.15183011310765943
54,1460,1514,0.15184021328203087
55,1453,1508,0.15184935834904117
55,1465,1520,0.15185538686337535
55,1458,1513,0.1518601674856748
54,1466,1520,0.1518653034601375
55,1460,1515,0.15187307067795633
53,1447,1500,0.1518779745110829
52,1465,1517,0.1518878352994124
51,1470,1521,0.15189984047248578
50,1482,1532,0.15191386668130444
49,1470,1519,0.1519297598279617
52,1462,1514,0.1519473014998157
53,1461,1514,0.15195653637509618
55,1461,1516,0.15196256194511523
56,1471,1527,0.15196214259905516
54,1471,1525,0.15195828281306564
55,1472,1527,0.1519599768310357
54,1471,1525,0.15195898667381663
55,1459,1514,0.15196018924782584
53,1452,1505,0.15195874429250378
51,1460,1511,0.15196295842652688
50,1465,1515,0.15197205402342637
52,1479,1531,0.15198254721877041
52,1465,1517,0.15198675739732104
53,1466,1519,0.15199031743388253
52,1466,1518,0.15199112059497605
54,1463,1517,0.15199473347332432
54,1467,1521,0.1519924606861038
52,1475,1527,0.15199110205638966
53,1473,1526,0.1519952376473925
53,1463,1516,0.15199618050276148
53,1449,1502,0.1519977237541342
54,1447,1501,0.1519983129891935
52,1472,1524,0.15199672646771506
51,1466,1517,0.15200065817014244
51,1463,1514,0.1520066289209673
51,1456,1507,0.15201200106858087
52,1452,1504,0.15201752643306635
53,1470,1523,0.1520183222919763
53,1470,1523,0.15201756821304924
54,1462,1516,0.1520166977708476
55,1449,1504,0.1520128011084625
51,1458,1509,0.15200678474440665
50,1467,1517,0.15201211352502816
48,1442,1490,0.15202027134134408
48,1454,1502,0.1520328749579156
50,1463,1513,0.15204431895294526
51,1457,1508,0.15204895313904432
51,1466,1517,0.1520515330473762
49,1472,1521,0.152053796844265
48,1470,1518,0.15206093030461199
47,1470,1517,0.1520697448346855
46,1481,1527,0.15208118602252818
49,1471,1520,0.1520923012591772
50,1481,1531,0.15209568354903052
48,1467,1515,0.15209712548957752
49,1487,1536,0.15210383770413494
50,1486,1536,0.15210841336768477
49,1484,1533,0.15211008038616802
48,1472,1520,0.15211464937752917
48,1474,1522,0.15212180436149642
49,1471,1520,0.15212810941891294
49,1468,1517,0.15213138670287343
47,1455,1502,0.15213427108029443
50,1471,1521,0.15214242783596504
50,1481,1531,0.1521415830459769
50,1460,1510,0.15214144720562897
51,1456,1507,0.15214013482252586
48,1467,1515,0.1521367954826016
48,1473,1521,0.1521413867897572
49,1461,1510,0.1521453436618269
48,1475,1523,0.1521472913128101
50,1476,1526,0.15215106735909534
52,1465,1517,0.15215055978535344
49,1458,1507,0.15214471645641628
50,1444,1494,0.1521463110942002
48,1466,1514,0.15214479641391987
47,1473,1520,0.15214895512239118
47,1459,1506,0.1521558061943954
47,1469,1516,0.15216260740043513
49,1465,1514,0.15216887959357656
50,1463,1513,0.15216913326691595
47,1471,1518,0.15216643141664157
48,1475,1523,0.1521717792047113
47,1472,1519,0.15217374084226468
47,1462,1509,0.15217843018140356
47,1464,1511,0.15218285576479387
49,1474,1523,0.15218692996223057
49,1474,1523,0.15218666372942422
44,1471,1515,0.15218636287904183
45,1476,1521,0.15219793236940535
46,1472,1518,0.15220628462891314
47,1485,1532,0.152212507971425
46,1491,1537,0.15221579416661385
47,1477,1524,0.15222095782498443
46,1472,1518,0.15222400501526848
45,1473,1518,0.15222967377375152
43,1475,1518,0.15223768229593293
45,1484,1529,0.15225023186324094
45,1470,1515,0.15225776079406395
47,1478,1525,0.15226520100872282
48,1463,1511,0.1522661616083841
48,1480,1528,0.152263755107368
47,1470,1517,0.15226113672142524
47,1475,1522,0.15226176162526767
45,1464,1509,0.15226291979557557
45,1453,1498,0.15226856206272565
47,1454,1501,0.1522739971467613
47,1458,1505,0.15227348918154548
47,1469,1516,0.15227366590664407
47,1477,1524,0.1522744065360801
45,1459,1504,0.15227514455652572
47,1471,1518,0.15228123704595908
46,1468,1514,0.152281966252083
45,1474,1519,0.1522846590502895
44,1479,1523,0.15228940107892702
43,1473,1516,0.15229709062694144
47,1462,1509,0.15230712907497504
46,1468,1514,0.1523054858167108
44,1472,1516,0.15230628998731258
44,1482,1526,0.15231262391042644
43,1482,1525,0.15231904654728634
45,1481,1526,0.15232770787086725
43,1482,1525,0.15233056079942586
42,1477,1519,0.15233835014517827
40,1463,1503,0.152348368739975
45,1454,1499,0.15236298553778813
45,1459,1504,0.1523626756656834
45,1457,1502,0.15236297293987378
47,1463,1510,0.15236286713776764
47,1463,1510,0.15235708526964367
45,1468,1513,0.15235232721704542
43,1474,1517,0.15235214027554778
45,1471,1516,0.1523571300503308
45,1475,1520,0.1523567777971035
43,1474,1517,0.15235702540107232
46,1459,1505,0.15236304110240412
47,1469,1516,0.1523610213719277
48,1462,1510,0.15235644161349773
47,1451,1498,0.15234946295897805
46,1459,1505,0.15234632210747887
46,1463,1509,0.15234577053384868
47,1466,1513,0.15234563917820942
47,1464,1511,0.15234176956266185
46,1459,1505,0.15233786251348552
45,1456,1501,0.15233694003271167
47,1452,1499,0.15233807926210452
47,1447,1494,0.15233444596265971
47,1456,1503,0.15233149642633256
49,1469,1518,0.15232925471790712
50,1468,1518,0.15232141757398499
50,1461,1511,0.15231209616436994
49,1463,1512,0.15230251628467983
49,1471,1520,0.15229649436394277
50,1463,1513,0.15229130294161597
48,1470,1518,0.15228468750535387
49,1464,1513,0.1522833981358394
50,1454,1504,0.15228029668155843
49,1452,1501,0.15227428151382685
50,1458,1508,0.15227081432881825
49,1460,1509,0.1522656018862091
49,1454,1503,0.15226261794884766
49,1452,1501,0.1522603101310679
50,1466,1516,0.1522585334813593
47,1465,1512,0.1522544194491848
47,1468,1515,0.15225795604882744
47,1468,1515,0.1522615286415781
47,1455,1502,0.15226464866197567
46,1460,1506,0.15226799182740944
46,1461,1507,0.15227413816195073
43,1466,1509,0.15228019670941578
42,1468,1510,0.15229310961193568
43,1456,1499,0.15230787687543035
41,1462,1503,0.15231939732351096
41,1479,1520,0.15233493498807146
41,1462,1503,0.15234912519616922
42,1483,1525,0.15236184497126953
39,1469,1508,0.1523708402749937
39,1471,1510,0.15238671741528123
40,1474,1514,0.15240127235947862
42,1470,1512,0.15241191669131024
40,1469,1509,0.1524171450876156
39,1466,1505,0.152426360075936
39,1477,1516,0.15243770632592737
42,1472,1514,0.15244719345527039
41,1472,1513,0.1524489054774518
38,1484,1522,0.1524535590252599
39,1476,1515,0.1524646373460981
39,1472,1511,0.15247252087049376
41,1478,1519,0.1524804726665635
42,1481,1523,0.15248268998964357
40,1487,1527,0.1524821170811717
41,1486,1527,0.15248697441265047
38,1488,1526,0.15248924762991636
39,1484,1523,0.15249953206119277
40,1482,1522,0.15250713608636107
40,1488,1528,0.15251099378466215
39,1480,1519,0.15251504779401104
39,1473,1512,0.15252133754929864
38,1477,1515,0.15252762892362517
39,1467,1506,0.15253627727417224
40,1472,1512,0.15254211299317105
40,1477,1517,0.15254526325734305
40,1486,1526,0.15254855343491522
40,1486,1526,0.15255096009465277
41,1482,1523,0.1525535776996221
41,1470,1511,0.15255308904058165
38,1457,1495,0.1525530234384237
36,1470,1506,0.15256002416613484
37,1483,1520,0.15257145635211017
38,1484,1522,0.15257944938024967
38,1494,1532,0.15258400930624705
38,1487,1525,0.1525886957892776
37,1462,1499,0.15259344873382677
36,1473,1509,0.15260082519458848
37,1482,1519,0.1526090239015833
36,1474,1510,0.15261453883056722
35,1461,1496,0.1526223314153032
35,1461,1496,0.15263213540399323
37,1469,1506,0.15264163066753086
36,1475,1511,0.15264574401703318
36,1482,1518,0.15265201962434832
37,1475,1512,0.15265740857896287
37,1466,1503,0.15266036715607023
35,1478,1513,0.15266349451086594
33,1466,1499,0.15267121770415368
34,1458,1492,0.1526830860276628
35,1468,1503,0.15269217704181665
34,1491,1525,0.15269863975983175
33,1481,1514,0.15270741177563882
33,1488,1521,0.1527181561565846
34,1487,1521,0.15272839112639827
34,1492,1526,0.15273502438152964
35,1486,1521,0.15274007594814942
34,1488,1522,0.15274289333896918
31,1484,1515,0.1527487231780839
32,1488,1520,0.15276110742770427
33,1488,1521,0.1527697036720275
33,1486,1519,0.1527752411561054
33,1483,1516,0.152780754506483
34,1485,1519,0.15278522980625217
35,1484,1519,0.15278669517625523
36,1492,1528,0.15278555343343853
35,1499,1534,0.15278310139036655
34,1487,1521,0.1527833008122051
34,1494,1528,0.15278544228566307
35,1499,1534,0.15278781793833215
36,1490,1526,0.15278723104621264
34,1472,1506,0.15278367998016817
34,1464,1498,0.15278605410694923
33,1472,1505,0.15278860972680752
32,1485,1517,0.15279348097210377
31,1487,1518,0.15280087590739913
30,1491,1521,0.15281032404733352
29,1494,1523,0.15282159541458956
29,1505,1534,0.1528344158752858
31,1493,1524,0.15284657787680542
30,1495,1525,0.1528525580903957
31,1499,1530,0.15286004288563937
31,1484,1515,0.15286480666679012
33,1477,1510,0.1528695300473671
33,1474,1507,0.15286853572710407
31,1478,1509,0.1528679326031255
33,1481,1514,0.15287264043475385
33,1483,1516,0.15287217049709093
33,1478,1511,0.15287196853464555
32,1491,1523,0.15287116409065596
33,1484,1517,0.15287368005178384
33,1483,1516,0.15287380081425084
33,1493,1526,0.1528734778796719
33,1493,1526,0.15287338815204823
33,1484,1517,0.15287249491392454
33,1471,1504,0.1528720933104924
35,1478,1513,0.152871955822658
37,1477,1514,0.15286580917457987
37,1467,1504,0.15285403752820836
36,1481,1517,0.15284352057166242
36,1488,1524,0.15283714179343744
36,1494,1530,0.15283149360042864
36,1494,1530,0.15282550489772562
35,1495,1530,0.1528192456083242
33,1504,1537,0.1528160734942462
32,1503,1535,0.15281820279930858
32,1494,1526,0.15282270569298517
32,1481,1513,0.15282718589966598
32,1479,1511,0.1528316078759345
29,1492,1521,0.15283563413656368
30,1490,1520,0.1528454476440994
31,1489,1520,0.15285248597138856
32,1490,1522,0.15285691475366356
31,1492,1523,0.15285865163682946
31,1478,1509,0.15286276928237882
31,1489,1520,0.15286685904015387
32,1486,1518,0.1528702614331462
32,1478,1510,0.15287134989257925
34,1484,1518,0.1528726011324387
33,1486,1519,0.15286804805080667
32,1485,1517,0.1528664477353984
33,1473,1506,0.15286764158252336
35,1470,1505,0.15286593563411482
36,1484,1520,0.15285816557909104
36,1467,1503,0.1528487929342842
36,1469,1505,0.1528400066590605
37,1478,1515,0.1528322226198952
37,1489,1526,0.15282221994172748
38,1489,1527,0.1528132860137058
38,1500,1538,0.15280240171993284
37,1493,1530,0.15279260241630468
37,1496,1533,0.15278613775797345
35,1492,1527,0.15278037766885472
36,1478,1514,0.15277968840947226
35,1465,1500,0.15277731640700853
36,1477,1513,0.1527775208035332
35,1479,1514,0.1527755547012032
34,1484,1518,0.1527760780622184
35,1488,1523,0.15277903565100906
33,1489,1522,0.15277875349149883
33,1491,1524,0.15278341343133486
31,1490,1521,0.15278802614244197
31,1487,1518,0.15279710708544833
32,1494,1526,0.1528051268130411
32,1484,1516,0.15281049956328713
32,1486,1518,0.15281500406150333
31,1482,1513,0.15281886674059156
32,1490,1522,0.15282511862245818
34,1481,1515,0.15282843848889996
35,1466,1501,0.15282488408862227
35,1460,1495,0.15281920793385267
35,1474,1509,0.15281443571188164
36,1478,1514,0.15281044466495075
35,1483,1518,0.1528040931434053
35,1486,1521,0.15280108678148582
35,1490,1525,0.15279866890271118
34,1487,1521,0.1527960453975784
34,1478,1512,0.1527963609352738
35,1485,1520,0.15279698558752913
34,1500,1534,0.15279473132873084
35,1497,1532,0.1527953187822125
33,1480,1513,0.1527929399577582
29,1472,1501,0.15279485660124117
28,1483,1511,0.15280613809474805
28,1476,1504,0.15281941896212184
28,1469,1497,0.15283222647351022
27,1481,1508,0.1528445412382004
26,1477,1503,0.15285876211303104
24,1490,1514,0.15287478710941882
26,1486,1512,0.15289469112902507
25,1493,1518,0.1529077942329048
26,1490,1516,0.1529233728520881
25,1499,1524,0.1529346996874653
25,1492,1517,0.15294778699552014
25,1488,1513,0.15296029097398775
25,1487,1512,0.15297221625042026
24,1486,1510,0.1529835713363107
24,1492,1516,0.15299675475934368
23,1508,1531,0.1530092485026485
22,1506,1528,0.15302296160799836
21,1506,1527,0.15303828167720251
20,1492,1512,0.15305445806060025
20,1486,1506,0.15307228758494057
19,1494,1513,0.15308919165525708
18,1495,1513,0.15310764341023186
17,1512,1529,0.1531274411414192
17,1507,1524,0.15314844554418022
17,1499,1516,0.15316824761970746
17,1492,1509,0.15318628521523203
17,1493,1510,0.15320318851594383
16,1493,1509,0.15321919016004742
17,1493,1510,0.15323663892205486
18,1497,1515,0.15325073015260327
18,1498,1516,0.15326146031022392
20,1496,1516,0.1532716475649673
19,1493,1512,0.15327494538921652
19,1488,1507,0.15328063429245467
21,1486,1507,0.15328622431778385
18,1483,1501,0.15328536540728943
19,1489,1508,0.1532924543242366
20,1492,1512,0.15329653303020194
22,1492,1514,0.15329756517183996
23,1491,1514,0.1532925203146332
22,1506,1528,0.1532851691028205
23,1506,1529,0.15328119026525425
24,1497,1521,0.15327549918360572
24,1492,1516,0.1532675489216403
22,1493,1515,0.15326008832821925
22,1503,1525,0.15325866144257638
23,1491,1514,0.15325769859866054
22,1487,1509,0.15325407989432085
22,1498,1520,0.15325355828405926
22,1506,1528,0.15325340250625888
23,1498,1521,0.15325354998157564
25,1500,1525,0.15325012703304275
27,1491,1518,0.15324037079531524
27,1497,1524,0.1532257558724233
27,1492,1519,0.15321288350129844
27,1495,1522,0.15320175123177276
27,1496,1523,0.1531918643446836
26,1488,1514,0.15318308225934543
26,1491,1517,0.15317764544179455
26,1482,1508,0.15317288856219416
26,1479,1505,0.1531687615393801
26,1477,1503,0.15316472397625533
25,1472,1497,0.15316126866696347
24,1487,1511,0.1531606820098327
23,1486,1509,0.15316275611324834
25,1490,1515,0.15316691523505713
26,1495,1521,0.15316612451489497
25,1487,1512,0.1531625549468293
26,1494,1520,0.15316181556399047
26,1506,1532,0.15315902981699422
26,1505,1531,0.15315666747527965
28,1496,1524,0.15315467277066439
27,1494,1521,0.1531468132285149
25,1486,1511,0.15314217799973762
26,1478,1504,0.1531428785673173
27,1480,1507,0.15314148134727484
27,1489,1516,0.1531373893967867
28,1478,1506,0.1531338716205802
28,1469,1497,0.15312806036556348
29,1475,1504,0.1531229289374184
28,1490,1518,0.1531153930245351
27,1495,1522,0.15311101130517998
27,1500,1527,0.1531096217458451
26,1495,1521,0.15310859310195485
25,1496,1521,0.15310943137642022
25,1494,1519,0.15311271621362604
23,1499,1522,0.15311575252727228
23,1493,1516,0.15312349328770367
22,1506,1528,0.15313103344724513
24,1495,1519,0.153140664636196
24,1501,1525,0.15314477493369558
25,1500,1525,0.15314883781760522
26,1490,1516,0.15314977270891728
26,1486,1512,0.15314796026446373
26,1483,1509,0.15314657766959233
26,1489,1515,0.15314556240838892
27,1501,1528,0.153144859895845
27,1499,1526,0.1531412854479995
26,1501,1527,0.1531382272723825
25,1497,1522,0.15313783752948315
26,1496,1522,0.15313992582385008
25,1495,1520,0.15313971582979916
25,1496,1521,0.1531421451220342
25,1502,1527,0.1531445980417417
24,1499,1523,0.1531470515640276
24,1487,1511,0.15315175933114242
24,1484,1508,0.15315629220965488
23,1477,1500,0.15315974486747028
23,1486,1509,0.15316468203108152
24,1492,1516,0.15316956927807515
26,1494,1520,0.15317134957318662
27,1497,1524,0.15316829521918815
26,1492,1518,0.1531632811440241
26,1477,1503,0.15316115989239398
27,1471,1498,0.15315943707684754
27,1471,1498,0.15315509536667668
27,1478,1505,0.1531513149011842
25,1484,1509,0.1531478191814205
25,1489,1514,0.15314949405236844
24,1486,1510,0.15315128605093084
24,1490,1514,0.1531555134376825
24,1489,1513,0.1531596490038418
22,1497,1519,0.15316367560495828
22,1491,1513,0.15317212262224356
22,1487,1509,0.15318015870599494
22,1499,1521,0.1531874000019185
22,1504,1526,0.15319445229537165
21,1505,1526,0.15320042302713188
20,1505,1525,0.1532083802731057
21,1502,1523,0.15321846743196063
20,1498,1518,0.1532256375660987
19,1506,1525,0.1532346714639092
19,1494,1513,0.15324550045185414
19,1500,1519,0.15325575805202132
18,1494,1512,0.15326534467046984
18,1495,1513,0.1532767786312388
17,1501,1518,0.1532873674607178
17,1503,1520,0.1532995790695833
18,1505,1523,0.15331112083764295
18,1510,1528,0.1533193514882466
17,1512,1529,0.15332719233035824
18,1517,1535,0.15333704322021519
18,1509,1527,0.15334377801953583
18,1504,1522,0.15335020326123622
19,1508,1527,0.15335603693828498
18,1503,1521,0.15335927492170193
18,1511,1529,0.15336471306226668
17,1511,1528,0.15336991864748128
19,1505,1524,0.15337730738292035
19,1502,1521,0.15337879462295878
19,1504,1523,0.15337962256794482
20,1501,1521,0.15338043116918462
20,1492,1512,0.15337824534312092
20,1489,1509,0.15337649473282738
20,1497,1517,0.15337427702744766
21,1504,1525,0.15337251960682174
22,1501,1523,0.15336815626113512
22,1498,1520,0.15336189181570506
22,1503,1525,0.15335635631513134
22,1497,1519,0.1533514658650553
24,1494,1518,0.15334714621871978
24,1497,1521,0.15333707888149115
22,1492,1514,0.1533280337617068
21,1483,1504,0.1533254007847144
21,1495,1516,0.1533255027920003
20,1498,1518,0.15332490961398104
19,1504,1523,0.1533268944938432
17,1516,1533,0.15333121830943747
17,1503,1520,0.1533405274448368
17,1492,1509,0.153349375440286
17,1499,1516,0.15335777069106368
15,1497,1512,0.1533657240573597
15,1500,1515,0.15337796767365336
15,1513,1528,0.1533895072128119
15,1512,1527,0.15340037477637472
15,1514,1529,0.15341060228419248
15,1506,1521,0.15342022123051602
15,1518,1533,0.15342863534387083
15,1508,1523,0.15343649591017605
16,1497,1513,0.1534439541333366
15,1494,1509,0.15344822366168773
15,1497,1512,0.1534546262175483
15,1512,1527,0.1534607456011958
14,1503,1517,0.15346658337780208
13,1499,1512,0.15347437888810714
13,1494,1507,0.1534841706450859
13,1503,1516,0.15349342113638892
12,1499,1511,0.15350215304604461
12,1505,1517,0.15351271370724537
13,1503,1516,0.15352171404386786
16,1502,1518,0.15352732138497552
16,1487,1503,0.1535242576876083
16,1483,1499,0.1535217416474762
14,1494,1508,0.15351969333417692
11,1497,1508,0.15352268297631905
10,1490,1500,0.15353188660090622
10,1491,1501,0.1535431043062993
10,1499,1509,0.15355389455710497
10,1492,1502,0.1535639626057706
11,1502,1513,0.1535736342078163
11,1494,1505,0.15358021398417288
10,1500,1510,0.15358659640658734
10,1501,1511,0.1535951084867477
10,1495,1505,0.1536032541703155
9,1514,1523,0.15361103447785682
10,1520,1530,0.15362089302061097
10,1506,1516,0.15362763592798548
10,1507,1517,0.1536340701726796
10,1512,1522,0.15364020059744554
10,1514,1524,0.15364603357121934
10,1504,1514,0.15365157666307053
10,1502,1512,0.15365683836563565
9,1504,1513,0.15366182786126176
10,1502,1512,0.15366896435229943
10,1521,1531,0.153672702215283
10,1517,1527,0.15367631659668235
10,1506,1516,0.15367980051675037
10,1524,1534,0.15368314935888253
11,1518,1529,0.15368636047142226
12,1513,1525,0.1536862702006383
11,1520,1531,0.1536833499978202
11,1495,1506,0.1536832505754719
11,1509,1520,0.15368334270085462
11,1521,1532,0.15368359266782103
11,1517,1528,0.15368397143323953
11,1512,1523,0.15368445402426853
11,1525,1536,0.1536846124176831
12,1515,1527,0.1536849015384665
12,1504,1516,0.15368281781774992
13,1503,1516,0.15368098595281357
13,1498,1511,0.15367628598890565
13,1496,1509,0.15367206848716297
13,1493,1506,0.1536682814841203
13,1501,1514,0.1536648788091562
12,1512,1524,0.15366181942344098
11,1519,1530,0.1536615736765115
10,1519,1529,0.153663840076377
10,1523,1533,0.15366846451178126
10,1513,1523,0.15367287019955486
10,1497,1507,0.15367706205023793
10,1503,1513,0.1536810457512528
10,1497,1507,0.15368482758470103
10,1491,1501,0.1536884142730236
9,1512,1521,0.15369181284874803
9,1503,1512,0.15369739896305026
9,1497,1506,0.15370266716393796
9,1492,1501,0.15370763316924438
8,1486,1494,0.15371231225098225
8,1503,1511,0.15371910652101564
9,1496,1505,0.1537254971644266
8,1489,1497,0.1537283166505386
7,1498,1505,0.1537333697632164
7,1519,1526,0.15374058468619
7,1519,1526,0.15374743301912483
7,1513,1520,0.1537531891278285
7,1504,1511,0.15375873773635987
7,1514,1521,0.15376407198198636
7,1529,1536,0.15376918800281947
6,1517,1523,0.1537740844175203
6,1516,1522,0.15378119054988587
6,1515,1521,0.153787932815203
6,1516,1522,0.15379432344558006
6,1510,1516,0.1538003752857112
6,1514,1520,0.15380610157437885
6,1519,1525,0.15381151576316388
6,1522,1528,0.1538166313669626
7,1514,1521,0.15382146184164908
7,1515,1522,0.15382306856933833
7,1516,1523,0.15382467485411158
7,1514,1521,0.15382626867774454
8,1511,1519,0.15382784024331012
9,1507,1516,0.1538261760142335
10,1494,1504,0.15382166198305125
10,1503,1513,0.15381449146111195
10,1507,1517,0.15380806987544843
10,1509,1519,0.1538023143027453
9,1512,1521,0.15379715142674213
9,1516,1525,0.15379501404124976
9,1516,1525,0.15379317331485218
9,1507,1516,0.15379158999898443
11,1511,1522,0.15379022994589836
12,1517,1529,0.153782734615436
11,1518,1529,0.15377283607233486
11,1514,1525,0.1537669617709281
11,1513,1524,0.15376167869498988
11,1508,1519,0.15375692313892883
11,1513,1524,0.15375263860800467
11,1522,1533,0.15374877497497513
11,1509,1520,0.15374528773743854
11,1513,1524,0.15374213736369477
11,1503,1514,0.15373928871643253
12,1491,1503,0.15373671054485288
12,1500,1512,0.15373123450496665
12,1509,1521,0.15372626928568167
12,1506,1518,0.15372176313287592
12,1505,1517,0.15371766989827143
12,1508,1520,0.15371394840176328
12,1519,1531,0.1537105618687807
12,1517,1529,0.15370747743364632
12,1518,1530,0.15370386700756428
12,1506,1518,0.153700653044629
12,1501,1513,0.1536977898958574
12,1510,1522,0.1536952373467007
12,1520,1532,0.15369295995469373
12,1498,1510,0.15369092646921342
13,1503,1516,0.15368841142039646
13,1494,1507,0.15368377051087256
13,1493,1506,0.15367958073597038
13,1494,1507,0.15367579523478223
13,1494,1507,0.15367237227655756
13,1497,1510,0.1536692746766429
13,1498,1511,0.15366646928083186
13,1513,1526,0.15366392650994493
13,1501,1514,0.15366161995745323
13,1518,1531,0.1536595260338296
13,1514,1527,0.1536576236520767
13,1499,1512,0.15365589394955134
13,1507,1520,0.15365432004179339
13,1507,1520,0.15365288680458294
15,1503,1518,0.15365158068090554
15,1499,1514,0.15364412344225287
15,1501,1516,0.15363735809429674
14,1505,1519,0.15363121744673475
14,1503,1517,0.15362799015785153
15,1502,1517,0.15362512937586653
14,1492,1506,0.15361941852025413
14,1498,1512,0.15361657996703595
14,1491,1505,0.1536141228049363
14,1489,1503,0.15361199874293552
14,1505,1519,0.15361016546415565
15,1499,1514,0.15360858589244278
15,1491,1506,0.15360463526329401
16,1496,1512,0.15360107359990452
17,1484,1501,0.15359473322150485
18,1499,1517,0.15358582856434808
17,1496,1513,0.15357449561179823
17,1497,1514,0.1535665537495311
17,1493,1510,0.15355940873537396
18,1495,1513,0.1535521129802102
18,1496,1514,0.1535430624024721
18,1504,1522,0.1535348878889433
17,1492,1509,0.15352749590062548
16,1501,1517,0.1535224294874416
15,1510,1525,0.15352068219662007
15,1514,1529,0.15352172471912476
16,1510,1526,0.15352289510144784
16,1508,1524,0.15352128224463713
17,1503,1520,0.15351997297699918
18,1501,1519,0.15351623955198135
18,1508,1526,0.15351014182908088
17,1505,1522,0.15350466148185
18,1498,1516,0.153501939471827
17,1511,1528,0.15349729600799375
17,1511,1528,0.1534954869593653
17,1498,1515,0.15349394055444132
16,1502,1518,0.15349262209098316
15,1503,1518,0.1534939069214143
16,1498,1514,0.153497559249358
16,1495,1511,0.1534984001025873
16,1513,1529,0.1534993002726934
16,1509,1525,0.15350024096380058
15,1499,1514,0.1535012065543489
15,1506,1521,0.15350454474811354
15,1495,1510,0.15350689434754916
17,1498,1515,0.15350924386858553
17,1506,1523,0.15350663473656997
17,1506,1523,0.15350381195227025
19,1502,1521,0.15350108341952048
19,1490,1509,0.1534929875426263
20,1500,1520,0.15348572309957526
20,1505,1525,0.15347536662977593
20,1492,1512,0.1534660886803173
21,1505,1526,0.1534577705144439
19,1507,1526,0.1534471754579098
17,1499,1516,0.1534428017731498
17,1500,1517,0.15344404359806316
17,1490,1507,0.15344542715128834
16,1500,1516,0.15344660063822935
16,1488,1504,0.15345033189982973
16,1507,1523,0.15345399773505328
15,1509,1524,0.1534575810991886
15,1518,1533,0.15346344902627063
14,1519,1533,0.15346906863888907
15,1497,1512,0.15347685292947852
16,1497,1513,0.1534810875850505
18,1484,1502,0.15348218663229798
18,1489,1507,0.1534777036484694
17,1509,1526,0.15347383603217202
19,1515,1534,0.15347278909354753
19,1489,1508,0.1534666362812729
19,1499,1518,0.15346118638117934
20,1508,1528,0.1534563569180005
21,1505,1526,0.15344896225971325
20,1503,1523,0.1534393297844078
20,1506,1526,0.15343359548231889
20,1506,1526,0.15342847694053763
21,1508,1529,0.15342390618097582
20,1509,1529,0.1534167767599702
19,1501,1520,0.15341265690346112
19,1503,1522,0.15341122565131637
20,1504,1524,0.15341009437207395
20,1506,1526,0.15340597324588054
21,1504,1525,0.15340236833694582
23,1521,1544,0.15339593653845637
22,1513,1535,0.15338462645859513
22,1519,1541,0.15337667174696062
23,1502,1525,0.15336955440176966
24,1513,1537,0.1533604807909661
24,1496,1520,0.1533493442102518
23,1488,1511,0.1533392742313689
22,1495,1517,0.15333256630419972
22,1495,1517,0.15332895086540332
22,1490,1512,0.15332581909335594
22,1495,1517,0.1533231102547029
20,1497,1517,0.15332077103363254
21,1488,1509,0.15332367834402022
21,1491,1512,0.15332416024373996
23,1485,1508,0.1533247431486087
22,1503,1525,0.15331920013441525
21,1500,1521,0.1533174031213792
22,1509,1531,0.1533181047848861
22,1498,1520,0.15331663180926913
22,1489,1511,0.15331539275353862
23,1487,1510,0.15331435700943669
23,1499,1522,0.15331039822781334
22,1493,1515,0.1533068820323601
23,1491,1514,0.15330610252203938
23,1489,1512,0.15330231637629368
25,1480,1505,0.15329835214991894
25,1493,1518,0.15328961950606737
25,1505,1530,0.1532817930692957
23,1513,1536,0.15327397566605083
24,1513,1537,0.1532720195939692
24,1501,1525,0.1532673015461035
24,1489,1513,0.15326323004376008
23,1486,1509,0.15325972235709606
23,1481,1504,0.1532592447506644
23,1490,1513,0.15325902355386536
23,1493,1516,0.15325876027622534
25,1478,1503,0.1532587296709333
25,1487,1512,0.153253424987046
25,1495,1520,0.15324873054601784
24,1504,1528,0.15324379442381286
25,1497,1522,0.15324171686102248
25,1489,1514,0.15323766550758047
26,1490,1516,0.15323410759344488
26,1497,1523,0.1532269065412571
26,1499,1525,0.15322026250011003
26,1486,1512,0.15321439959252936
26,1488,1514,0.15320835623683993
26,1487,1513,0.15320306422709298
26,1496,1522,0.15319842818342447
26,1482,1508,0.15319436487001378
26,1496,1522,0.1531899128967743
26,1491,1517,0.1531862679955132
27,1496,1523,0.1531820820205027
27,1491,1518,0.1531755227644955
26,1487,1513,0.15316888489924924
25,1494,1519,0.15316534005391313
24,1487,1511,0.15316469439071503
24,1496,1520,0.15316681931730866
24,1497,1521,0.1531691029102037
24,1497,1521,0.15317149455722268
23,1498,1521,0.1531729869262052
22,1494,1516,0.1531768621607213
21,1489,1510,0.15318251967801105
22,1476,1498,0.15319054137832994
20,1478,1498,0.15319617976539035
22,1481,1503,0.15320550221610302
23,1489,1512,0.15321002323935487
24,1498,1522,0.15321133042145538
23,1479,1502,0.15321027739696721
23,1486,1509,0.15321186035975098
23,1494,1517,0.1532136141811045
22,1497,1519,0.15321549393612105
23,1504,1527,0.15321965962834586
23,1498,1521,0.153220509236433
23,1495,1518,0.1532209694508387
23,1498,1521,0.1532208507850372
25,1491,1516,0.15322109025307756
25,1496,1521,0.1532166558233602
26,1487,1513,0.15321285538849222
26,1483,1509,0.15320633556767635
26,1488,1514,0.1532006010169936
25,1482,1507,0.15319555757509062
26,1477,1503,0.15319300729525484
26,1490,1516,0.15318734878444382
27,1494,1521,0.15318243485608773
26,1497,1523,0.15317519453958447
25,1488,1513,0.15317113157698425
25,1479,1504,0.15316990321631885
25,1473,1498,0.1531690321970004
26,1480,1506,0.15316787059597076
27,1473,1500,0.15316404888733687
29,1468,1497,0.15315815469967103
28,1473,1501,0.15314775843977751
28,1474,1502,0.15314073612304507
30,1470,1500,0.1531334880417054
29,1472,1501,0.15312209335727578
29,1465,1494,0.15311430221627323
29,1473,1502,0.15310736964287078
28,1490,1518,0.15310042740181984
29,1496,1525,0.1530964858523792
28,1494,1522,0.15309013224800969
26,1489,1515,0.1530874324474185
23,1498,1521,0.15308975355719703
25,1482,1507,0.15309914833618105
24,1490,1514,0.15310283878851944
22,1501,1523,0.1531087969445798
24,1494,1518,0.15311931542441368
24,1484,1508,0.1531243638959252
22,1498,1520,0.1531293250686984
22,1493,1515,0.1531389697383979
22,1508,1530,0.15314817955697005
23,1498,1521,0.15315695868550902
24,1502,1526,0.1531628438511912
23,1497,1520,0.15316527153625384
25,1484,1509,0.15317012264653593
23,1489,1512,0.15316943940511296
21,1492,1513,0.15317378770989618
19,1504,1523,0.15318329016042648
20,1509,1529,0.15319680578899575
19,1503,1522,0.15320733283967772
19,1501,1520,0.15321960539292398
19,1498,1517,0.1532311724970513
19,1499,1518,0.15324184965862972
18,1506,1524,0.1532519869167465
20,1508,1528,0.1532635838871323
20,1504,1524,0.15326905532933702
20,1507,1527,0.15327449156586462
19,1499,1518,0.15327978027425782
18,1499,1517,0.15328714748897754
20,1503,1523,0.15329658804152987
19,1506,1525,0.15330018157264255
19,1500,1519,0.15330607050460066
18,1506,1524,0.15331176756443926
16,1500,1516,0.15331947019395836
16,1510,1526,0.15333190838393698
16,1502,1518,0.1533436357628091
14,1489,1503,0.15335468422418966
14,1500,1514,0.153369671806626
15,1513,1528,0.15338376729715755
13,1510,1523,0.15339399840781393
12,1504,1516,0.1534082187033667
12,1508,1520,0.15342390067039305
12,1503,1515,0.15343864569327179
12,1500,1512,0.15345256637208965
12,1487,1499,0.15346569891499606
11,1494,1505,0.15347799397075657
11,1501,1512,0.15349219579961523
10,1510,1520,0.15350555697585808
9,1517,1526,0.15352047722772025
9,1525,1534,0.15353682667601823
9,1510,1519,0.15355218950325442
8,1521,1529,0.15356662042556057
7,1527,1534,0.15358255708168872
7,1524,1531,0.15359986493508337
5,1513,1518,0.1536161199442977
6,1508,1514,0.15363607009146407
6,1517,1523,0.15365238101438566
6,1515,1521,0.15366770503147578
6,1516,1522,0.15368209993969517
6,1514,1520,0.15369562042126822
6,1512,1518,0.15370831817285585
6,1520,1526,0.15372024203534862
6,1514,1520,0.15373143812308623
6,1523,1529,0.15374194995153662
6,1527,1533,0.1537518185626628
6,1523,1529,0.15376108264736815
5,1513,1518,0.15376977866454974
4,1510,1514,0.1537802350128574
4,1506,1510,0.15379237475120358
4,1513,1517,0.15380377235395692
4,1506,1510,0.15381447139820742
4,1514,1518,0.15382451317165516
3,1518,1521,0.15383393675210302
3,1521,1524,0.1538451483049934
3,1535,1538,0.15385567400349845
3,1518,1521,0.1538655552617233
3,1524,1527,0.1538748310642735
3,1519,1522,0.15388353809951189
3,1526,1529,0.1538917108867378
2,1508,1510,0.15389938189739222
2,1508,1510,0.15390898168382847
2,1507,1509,0.1539179948025836
2,1508,1510,0.15392645662444404
1,1513,1514,0.15393440045771575
1,1521,1522,0.15394427902346539
1,1514,1515,0.15395355648192527
1,1500,1501,0.15396226918992814
1,1499,1500,0.1539704513350302
1,1503,1504,0.15397813506106003
1,1519,1520,0.15398535058690868
0,1508,1508,0.15399212631885656
