1372,28,1400,0.13579578028969044
1396,27,1423,0.13293766678245159
1413,26,1439,0.13027170772284752
1432,26,1458,0.1278003590028226
1440,24,1464,0.12550075473321562
1462,24,1486,0.12338553890783517
1462,24,1486,0.12140043512025049
1465,26,1491,0.11959520280092675
1462,30,1492,0.11794521673444461
1466,30,1496,0.11645443809624949
1460,30,1490,0.11508953944336284
1475,29,1504,0.11386273370062558
1465,29,1494,0.11271064294519693
1459,32,1491,0.11168822532341481
1464,33,1497,0.11077507828598204
1462,32,1494,0.1099329618802655
1463,31,1494,0.10917275786637638
1469,30,1499,0.10847759314992864
1476,33,1509,0.10783333963626276
1474,32,1506,0.10723113282068338
1465,33,1498,0.10668864483642401
1461,34,1495,0.10621566967261527
1460,34,1494,0.1057952091817747
1456,33,1489,0.10541646923693836
1444,34,1478,0.10507997323252986
1452,37,1489,0.10480084202969607
1454,39,1493,0.10453057705953972
1456,40,1496,0.10428122506979695
1459,39,1498,0.10404941715796376
1449,40,1489,0.10383238136014632
1446,39,1485,0.10365826729060253
1460,39,1499,0.10350756398478772
1460,37,1497,0.10333988725321042
1465,39,1504,0.1031861703029216
1461,39,1500,0.10303425602499328
1452,42,1494,0.10290473588276264
1447,44,1491,0.1028075956426502
1443,45,1488,0.10273129504541231
1442,46,1488,0.10267283300851329
1431,46,1477,0.10262374106850945
1443,50,1493,0.10260504001481334
1449,51,1500,0.10256142575780514
1462,51,1513,0.10250750404478035
1451,53,1504,0.1024294969213326
1439,53,1492,0.10238251086876904
1429,55,1484,0.10236881016125335
1438,57,1495,0.10237823303158562
1439,57,1496,0.10236795679293785
1453,54,1507,0.10235717597463434
1452,53,1505,0.1023165918819032
1443,50,1493,0.10228316045727644
1435,50,1485,0.1022725532478622
1428,49,1477,0.10227976914692156
1441,49,1490,0.10230217149498763
1451,46,1497,0.10229391662835007
1453,46,1499,0.10226383593889218
1445,47,1492,0.10222897669015224
1450,47,1497,0.10221634897994682
1446,46,1492,0.10219409271008205
1429,44,1473,0.10218171744314407
1440,44,1484,0.1022091640347109
1441,46,1487,0.10220868108078589
1435,46,1481,0.10220694016791071
1429,47,1476,0.10222132721610926
1445,48,1493,0.10224744597160168
1448,46,1494,0.10223381234113674
1456,46,1502,0.1022158437672304
1448,49,1497,0.10218068793638019
1442,49,1491,0.10216614579961025
1434,49,1483,0.10216744753443291
1430,51,1481,0.10218760316523014
1443,53,1496,0.10221380856624183
1440,53,1493,0.10220902059329649
1441,53,1494,0.10221043776543201
1445,55,1500,0.10221142024924186
1438,57,1495,0.10220435585113866
1432,61,1493,0.10221288405399812
1434,59,1493,0.10223522545398478
1444,58,1502,0.10225130268654911
1432,59,1491,0.10224461964211613
1439,60,1499,0.10226356364665927
1444,62,1506,0.10226678707066782
1435,61,1496,0.1022591734079608
1427,61,1488,0.10227197718098659
1435,60,1495,0.10230157055053316
1426,60,1486,0.10231164056208192
1433,60,1493,0.10234126175973764
1424,61,1485,0.10235319144435831
1430,61,1491,0.10238585683004374
1442,63,1505,0.10240213576328067
1429,66,1495,0.10239020960018674
1424,66,1490,0.1024086101646719
1435,63,1498,0.10243593426364762
1425,64,1489,0.10243727153369454
1437,65,1502,0.10246176798029616
1431,63,1494,0.10245817299261539
1430,63,1493,0.1024687909309927
1440,64,1504,0.1024815669028618
1434,65,1499,0.1024711261649405
1440,63,1503,0.10247666549300426
1426,66,1492,0.10246593382514099
1417,66,1483,0.10248680737950303
1410,66,1476,0.10252531881105482
1419,69,1488,0.10257657527985115
1422,71,1493,0.10260709660297851
1423,72,1495,0.10262781835003101
1417,71,1488,0.10264585871191038
1414,77,1491,0.10267704376201298
1424,76,1500,0.1027115655139965
1423,75,1498,0.10271833644758818
1413,74,1487,0.10272842680701254
1414,74,1488,0.10276071782880973
1411,70,1481,0.10278764404077681
1430,68,1498,0.1028192853253384
1424,68,1492,0.10280627994015283
1421,69,1490,0.10280727284477469
1432,67,1499,0.10281480912039319
1434,67,1501,0.10279652964525227
1422,67,1489,0.10277550792398749
1430,67,1497,0.10277976852437731
1437,68,1505,0.10276761467668177
1426,68,1494,0.10274147420837253
1430,65,1495,0.10274215011367355
1437,67,1504,0.10273474915060798
1430,69,1499,0.1027135884355102
1424,70,1494,0.10270967352442562
1430,71,1501,0.1027178069452933
1441,71,1512,0.10271237291492322
1446,68,1514,0.1026834408631338
1435,70,1505,0.10264612998208351
1431,71,1502,0.10263686508911661
1436,71,1507,0.10263761742008536
1432,71,1503,0.10262840283246956
1430,70,1500,0.10262778496370924
1420,71,1491,0.10263214005879405
1423,74,1497,0.10265994575661104
1423,73,1496,0.10267939120893263
1420,74,1494,0.10269862939629676
1414,74,1488,0.10272324474435138
1414,78,1492,0.10276006329147115
1409,77,1486,0.10279534146281628
1411,76,1487,0.10283661763232299
1416,75,1491,0.10286865231490826
1406,80,1486,0.10288747924531454
1407,79,1486,0.1029278544053628
1404,76,1480,0.10296312776962413
1404,77,1481,0.10300272039166902
1417,79,1496,0.10303978168538301
1417,80,1497,0.1030431630223043
1407,82,1489,0.10304480378556549
1411,83,1494,0.10306773651155098
1415,86,1501,0.1030816059095524
1425,82,1507,0.10308660144688676
1422,80,1502,0.1030713016427276
1418,82,1500,0.10306245516088079
1406,76,1482,0.10306440210974892
1406,74,1480,0.1030926064028209
1406,77,1483,0.10311812363130844
1406,78,1484,0.10314215217901132
1412,79,1491,0.10316486728227964
1404,81,1485,0.10317233684720645
1403,83,1486,0.10319502613149244
1408,84,1492,0.10321678095781728
1396,84,1480,0.10322650597221922
1390,84,1474,0.10326140004003133
1393,86,1479,0.10330785278011825
1401,83,1484,0.10334299747030644
1405,82,1487,0.1033568962728169
1420,83,1503,0.10335957570363885
1400,83,1483,0.10332972082743133
1400,83,1483,0.1033468046893578
1425,84,1509,0.10336261750677203
1422,83,1505,0.10332004012871117
1411,82,1493,0.10328851993841225
1406,81,1487,0.10328363895055151
1406,79,1485,0.103289648443985
1419,78,1497,0.10329548715986833
1425,80,1505,0.10327067395889372
1419,82,1501,0.10323392313120891
1417,78,1495,0.10321361795519124
1419,78,1497,0.10320079426438486
1403,76,1479,0.10318381587161425
1391,74,1465,0.10320651521577014
1383,73,1456,0.1032537336817449
1419,75,1494,0.10331397281357485
1405,76,1481,0.10328661751578302
1416,77,1493,0.10329491785564901
1408,72,1480,0.10327736325417405
1406,75,1481,0.10327669176181628
1420,76,1496,0.10328333413623009
1431,76,1507,0.10325895270917781
1426,76,1502,0.10321139205976443
1439,75,1514,0.10317801962862472
1430,75,1505,0.10311963304603401
1423,77,1500,0.10308627164853915
1427,80,1507,0.10307056414954577
1429,81,1510,0.10304703230717432
1417,82,1499,0.10302254001057527
1422,82,1504,0.10302869628790347
1412,82,1494,0.10302374838787923
1413,82,1495,0.10304268728955641
1416,80,1496,0.10305641084989216
1416,78,1494,0.10306343328893881
1415,79,1494,0.10306813541442816
1400,77,1477,0.1030729240371235
1416,82,1498,0.10311110494629794
1414,82,1496,0.10311051646538363
1406,80,1486,0.1031134488056598
1399,81,1480,0.10313542573634817
1402,82,1484,0.10317316679890887
1408,82,1490,0.10320272675454653
1409,81,1490,0.10321584117395588
1407,80,1487,0.10322640944571689
1408,85,1493,0.10324234190130131
1403,84,1487,0.1032538097377346
1400,85,1485,0.1032763038927264
1401,87,1488,0.10330371852324405
1397,86,1483,0.10332826998174745
1392,85,1477,0.10335861471999522
1397,92,1489,0.10339643668224127
1393,92,1485,0.10342073825762053
1388,90,1478,0.10345261535934157
1386,92,1478,0.1034927362447462
1394,91,1485,0.10353503709988812
1380,92,1472,0.10355585133019538
1390,96,1486,0.10360670935574541
1403,95,1498,0.10362945256998629
1416,94,1510,0.10362096823679887
1408,93,1501,0.10358535305215827
1401,95,1496,0.10357289883093056
1397,93,1490,0.10357744973415002
1394,98,1492,0.10359141504755545
1403,99,1502,0.1036118080091763
1397,96,1493,0.10360829631857264
1411,96,1507,0.10361793001269712
1410,96,1506,0.10359431049487199
1397,95,1492,0.10357535337617083
1401,94,1495,0.1035862922918669
1390,95,1485,0.10358809795048735
1405,93,1498,0.10361435583576523
1408,95,1503,0.10360708166194733
1401,93,1494,0.10359105344867608
1400,94,1494,0.10359381689806263
1398,94,1492,0.10359906215760369
1394,92,1486,0.10360877826294929
1398,91,1489,0.10362838260996352
1399,90,1489,0.10363574720011554
1394,89,1483,0.10363848026236333
1408,88,1496,0.10365091036555092
1400,87,1487,0.10363014729555861
1389,85,1474,0.10363066390759039
1398,89,1487,0.10365562454632701
1387,93,1480,0.10365734861410413
1377,91,1468,0.10368303629378996
1368,98,1466,0.1037287878422366
1367,98,1465,0.10379431037541206
1372,99,1471,0.10385843977561596
1374,96,1470,0.10390396428512394
1389,98,1487,0.10393934696480742
1382,104,1486,0.1039404354271827
1383,102,1485,0.10395772127329429
1387,99,1486,0.10397191194885796
1386,98,1484,0.10397410745367854
1399,98,1497,0.10397600875742594
1392,97,1489,0.1039504993632794
1398,103,1501,0.10394571664614125
1392,101,1493,0.10392813831947692
1393,101,1494,0.10392524605163439
1380,104,1484,0.10392150800898796
1388,103,1491,0.10394780132269667
1389,104,1493,0.10395383089777248
1399,105,1504,0.10395640626147465
1398,105,1503,0.1039390866787376
1406,102,1508,0.1039258088495108
1407,98,1505,0.10389531811198417
1402,99,1501,0.10386364463220205
1402,101,1503,0.10384663422470161
1395,96,1491,0.10383263037704989
1388,99,1487,0.10383531033198645
1395,103,1498,0.10385385986963012
1395,105,1500,0.10385431327566468
1390,105,1495,0.10385294205446856
1393,105,1498,0.10386378620206058
1395,105,1500,0.10386908773726869
1407,106,1513,0.10386791475436226
1399,105,1504,0.10383946849627951
1398,102,1500,0.10382947359016594
1390,102,1492,0.10382219984325164
1400,103,1503,0.1038348223256789
1404,102,1506,0.10382516858379827
1398,102,1500,0.10380793758734547
1395,101,1496,0.10380540068341576
1387,101,1488,0.10381075921584226
1392,101,1493,0.1038343760295648
1390,102,1492,0.10384375989259195
1392,104,1496,0.10385595631255674
1370,99,1469,0.103862695275059
1377,98,1475,0.10391596016989749
1382,100,1482,0.10394949176000694
1404,100,1504,0.10397024196362561
1411,100,1511,0.10393911661332797
1400,103,1503,0.1038951964807842
1400,105,1505,0.10388033331375059
1388,107,1495,0.1038669153628807
1383,107,1490,0.10388026745041179
1397,108,1505,0.1039038714430495
1389,105,1494,0.10389348540002104
1371,108,1479,0.1039020190498552
1371,108,1479,0.10395175883586051
1379,107,1486,0.10399841872695223
1385,106,1491,0.10402406875597485
1387,108,1495,0.10403642711505594
1384,109,1493,0.10404330336082027
1387,113,1500,0.10405504994444739
1384,112,1496,0.10406005983384409
1398,112,1510,0.10407180444187962
1389,115,1504,0.10405163870468179
1391,115,1506,0.10405207561938329
1390,116,1506,0.10404816145923966
1391,120,1511,0.10404788475471297
1387,119,1506,0.1040460634952201
1388,120,1508,0.10405215782135144
1381,117,1498,0.10405720744360604
1383,115,1498,0.10407945627195819
1367,116,1483,0.10409259510675758
1371,117,1488,0.1041416029630491
1360,115,1475,0.1041783926418569
1356,119,1475,0.10423829561501825
1362,118,1480,0.10430400345573626
1370,114,1484,0.10435010243576358
1379,114,1493,0.10437438404535358
1378,115,1493,0.10437428598539725
1381,117,1498,0.10437857322561961
1373,121,1494,0.10437606223041468
1367,118,1485,0.10439275365640587
1358,119,1477,0.10442164820123899
1359,116,1475,0.10446702643039937
1368,116,1484,0.10450948510813216
1364,119,1483,0.10452730429772718
1363,121,1484,0.10455451575330808
1379,121,1500,0.10458119345086078
1378,124,1502,0.10457063890165141
1376,123,1499,0.10456240655320254
1366,120,1486,0.10456089182074901
1376,120,1496,0.10457961205814949
1369,120,1489,0.1045737198437816
1373,119,1492,0.10458202885171591
1360,122,1482,0.1045794421020756
1359,121,1480,0.10460623717519542
1366,124,1490,0.10463441951537375
1373,125,1498,0.10464487061908574
1369,125,1494,0.10463743636093259
1365,122,1487,0.10464142981706036
1377,123,1500,0.1046532178684529
1377,124,1501,0.10463870742094127
1384,119,1503,0.10462542125818172
1376,116,1492,0.10459570588202854
1373,116,1489,0.10458703734183841
1379,117,1496,0.10458565723249802
1373,119,1492,0.10456950114977669
1379,117,1496,0.10456871378968381
1368,118,1486,0.10455615328928491
1359,117,1476,0.10456939484601378
1376,117,1493,0.1046024829126404
1376,115,1491,0.10459553295034762
1369,118,1487,0.10458828710463632
1359,115,1474,0.10459502083471861
1368,123,1491,0.10462481607669559
1368,120,1488,0.10463129091607018
1365,122,1487,0.10463703832990998
1376,119,1495,0.10464702393757605
1378,118,1496,0.10463269787138285
1373,121,1494,0.10461676287661861
1363,119,1482,0.10461232094384458
1351,121,1472,0.1046297693869051
1354,125,1479,0.10467406386997608
1356,126,1482,0.10470972867831882
1352,130,1482,0.10473811662572746
1348,131,1479,0.10477252003331529
1340,138,1478,0.10481482241276716
1349,142,1491,0.1048738817472654
1354,139,1493,0.10490724628554247
1358,139,1497,0.10492558503372457
1364,139,1503,0.10493423271914466
1354,142,1496,0.10492877922672435
1344,142,1486,0.10494808682035205
1353,144,1497,0.10498933979740979
1356,145,1501,0.10500781589483033
1357,143,1500,0.10501693986767446
1356,142,1498,0.1050228061465289
1355,142,1497,0.10503059845809876
1355,143,1498,0.10504203966125523
1353,142,1495,0.10505254019178968
1344,144,1488,0.10506675061575009
1342,145,1487,0.10509963075728812
1356,143,1499,0.10513546854955438
1349,145,1494,0.10513777932842756
1343,144,1487,0.10515550846539488
1352,146,1498,0.10518530538506082
1343,148,1491,0.10519076144397815
1347,147,1494,0.10521624112005941
1339,148,1487,0.10523260230424264
1341,149,1490,0.10526644667065099
1339,153,1492,0.10529352853005065
1343,151,1494,0.10532475779578544
1338,154,1492,0.10534568274347783
1331,157,1488,0.10537736004868321
1326,158,1484,0.10542427643201428
1319,161,1480,0.10547661179573822
1325,159,1484,0.10554021470186413
1317,166,1483,0.1055878818565571
1329,168,1497,0.10564882433536195
1343,161,1504,0.10567934215189574
1353,162,1515,0.10567561439378644
1344,162,1506,0.10564943929770781
1350,160,1510,0.10564375574093056
1337,160,1497,0.10562246628880366
1329,163,1492,0.10563150254179834
1339,164,1503,0.10565941165303944
1350,164,1514,0.10566321563508019
1351,161,1512,0.10564488881116024
1338,166,1504,0.1056252613568158
1348,166,1514,0.10563703525182529
1341,166,1507,0.10562676069637805
1339,165,1504,0.10563329645716951
1329,169,1498,0.1056459918524122
1322,172,1494,0.10568015586089487
1317,174,1491,0.10572417791880526
1309,178,1487,0.10577771816861752
1311,177,1488,0.10584769254401614
1321,181,1502,0.1059081274216091
1315,178,1493,0.10594219537624883
1324,178,1502,0.10598808630153325
1322,173,1495,0.10600903530456847
1329,168,1497,0.1060310161320961
1325,176,1501,0.1060350383211032
1322,175,1497,0.10604710216892137
1309,174,1483,0.10606642773563746
1316,170,1486,0.10611345450732715
1326,172,1498,0.10614136785979357
1325,166,1491,0.10614418813754767
1324,158,1482,0.10614827964497252
1315,159,1474,0.10615322802425085
1328,158,1486,0.106178163960395
1331,163,1494,0.10617206258619603
1335,158,1493,0.10615927662377939
1330,161,1491,0.10613516752743143
1324,159,1483,0.10612209644087946
1327,161,1488,0.10612404432620998
1314,162,1476,0.10612059507351626
1302,167,1469,0.10614690189468227
1305,167,1472,0.10619929856665677
1315,172,1487,0.1062394802457472
1326,174,1500,0.10625557264725366
1331,171,1502,0.10624603394634413
1329,169,1498,0.1062244107834613
1325,177,1502,0.10620918581038823
1320,177,1497,0.10620532527648278
1319,175,1494,0.10621369984450624
1303,173,1476,0.10622582946512237
1305,183,1488,0.1062733871592329
1310,182,1492,0.10631166613736356
1322,180,1502,0.10633630649773913
1322,179,1501,0.10633307272914838
1329,185,1514,0.1063311874601887
1326,186,1512,0.10631323451567709
1326,184,1510,0.10630204878545163
1320,182,1502,0.10629139756728495
1314,179,1493,0.10629598345743604
1318,181,1499,0.10631473230913709
1304,190,1494,0.10632442620638236
1306,190,1496,0.10636569480558843
1297,188,1485,0.10640083391150754
1316,184,1500,0.10645249105018312
1309,189,1498,0.10645843978326347
1300,194,1494,0.10647975179575234
1306,192,1498,0.10652000267468306
1314,192,1506,0.1065449768831957
1311,189,1500,0.1065499222809153
1304,195,1499,0.10656064782498988
1292,193,1485,0.10658558920017201
1299,196,1495,0.10663455442359998
1312,193,1505,0.10666561488653588
1320,189,1509,0.10666452248275894
1310,190,1500,0.10664509702501311
1308,189,1497,0.10665022229909601
1306,192,1498,0.10665889326494137
1295,192,1487,0.10667075892505223
1291,196,1487,0.1067079927696474
1290,193,1483,0.10675124169465444
1284,201,1485,0.10679290448517671
1292,197,1489,0.1068442976282385
1293,195,1488,0.10687641109370925
1296,195,1491,0.1069019601546117
1295,201,1496,0.10691954603393547
1307,205,1512,0.10693740762682519
1297,206,1503,0.10692675441243615
1289,211,1500,0.10694079157229351
1281,208,1489,0.10697364173090301
1281,210,1491,0.10702361070843075
1280,218,1498,0.10707199906640655
1284,213,1497,0.10711914840697152
1280,218,1498,0.10715594323884328
1270,216,1486,0.107196781962297
1280,215,1495,0.10725812232691972
1278,222,1500,0.10728987893027614
1281,218,1499,0.10732639158241715
1287,219,1506,0.10735348825371258
1299,211,1510,0.10736489500359785
1293,209,1502,0.10734950944294383
1289,215,1504,0.10734883233298717
1291,211,1502,0.1073570644824067
1287,211,1498,0.10736032507861876
1293,218,1511,0.1073720831589661
1286,220,1506,0.1073697498871514
1272,221,1493,0.10738517788508163
1274,222,1496,0.10743261445582618
1257,226,1483,0.10747278408368094
1254,233,1487,0.10754925441783293
1255,227,1482,0.1076262809015951
1262,234,1496,0.10769266370311127
1263,235,1498,0.1077372444454527
1249,235,1484,0.10777886555185692
1262,238,1500,0.10784979855149907
1250,243,1493,0.10788798422965065
1260,243,1503,0.10795100231124
1253,243,1496,0.10798620321632171
1263,241,1504,0.10803137444459335
1263,243,1506,0.10805286672749545
1263,244,1507,0.108074945551534
1258,243,1501,0.10809709439238198
1255,242,1497,0.1081287792587738
1243,250,1493,0.10816278177304167
1234,254,1488,0.10822148877501085
1237,257,1494,0.10829694179071289
1242,252,1494,0.10836141261629033
1239,250,1489,0.10840931407622381
1237,253,1490,0.10845952833220679
1237,255,1492,0.10850676173140876
1222,256,1478,0.10855155186332652
1222,256,1478,0.10862772678708615
1239,255,1494,0.1086967566333158
1245,252,1497,0.10872115376383241
1236,257,1493,0.10873172208701262
1239,260,1499,0.10876164304888049
1228,263,1491,0.10878308075605218
1223,261,1484,0.1088283087327718
1237,259,1496,0.10887828275497295
1238,255,1493,0.10889505235417142
1241,252,1493,0.10890769600476875
1243,261,1504,0.10891307407822741
1235,257,1492,0.10891360447808326
1242,260,1502,0.10893407768148744
1245,261,1506,0.10893800390981155
1247,262,1509,0.10893470728992248
1244,266,1510,0.10892675958233557
1245,266,1511,0.10892637511006814
1235,263,1498,0.1089264247333793
1230,261,1491,0.10895041107682958
1235,263,1498,0.10898305782470917
1238,259,1497,0.10900306789279071
1235,262,1497,0.1090152549164954
1237,258,1495,0.10903380229837936
1238,259,1497,0.10904613274353454
1245,261,1506,0.10905573731890492
1254,263,1517,0.10904996516488381
1249,265,1514,0.10902398944520673
1243,266,1509,0.10901083761306918
1232,264,1496,0.10901204721860573
1232,264,1496,0.10903873962630461
1241,266,1507,0.10906298900047659
1237,266,1503,0.10906419603376744
1242,266,1508,0.10907482577841136
1228,265,1493,0.1090711536186316
1223,261,1484,0.10910159524370082
1241,260,1501,0.10913992098734042
1249,259,1508,0.10913337351064815
1240,252,1492,0.10911108107616344
1248,254,1502,0.10910856873936982
1239,259,1498,0.10908550344930588
1243,259,1502,0.10908455469892527
1227,263,1490,0.1090769757702657
1226,263,1489,0.1091048759677328
1228,265,1493,0.10913386297436642
1239,264,1503,0.10915623790227497
1234,268,1502,0.10915082806198285
1236,268,1504,0.10915745385830622
1234,266,1500,0.1091601772826386
1236,264,1500,0.109168248904601
1230,265,1495,0.10917002339911194
1233,263,1496,0.10918418720799218
1239,267,1506,0.10919096243166365
1228,266,1494,0.10918437862891826
1228,267,1495,0.10920122513064456
1236,272,1508,0.1092182334430093
1234,270,1504,0.10921621490195232
1234,269,1503,0.10922116088148423
1231,269,1500,0.10922840048901115
1230,270,1500,0.1092401375904402
1236,271,1507,0.10925556408001683
1229,265,1494,0.10925750407506253
1231,268,1499,0.10927661857917201
1227,266,1493,0.10928725057795241
1231,270,1501,0.10930140652086603
1225,272,1497,0.10930569390631813
1232,271,1503,0.10932394697014132
1239,272,1511,0.10932641533228594
1236,273,1509,0.10931339253421198
1230,277,1507,0.1093092727081189
1216,280,1496,0.10931834183739846
1208,284,1492,0.109359866228254
1208,283,1491,0.10941928327497205
1205,285,1490,0.10947211983948779
1207,288,1495,0.10952702776511025
1215,282,1497,0.10957672228194454
1221,286,1507,0.10960402358921954
1218,291,1509,0.10961587417104948
1224,288,1512,0.10963271051253969
1240,283,1523,0.10963500789694035
1230,284,1514,0.10960101838135884
1221,287,1508,0.1095940507412725
1216,291,1507,0.10960775133536348
1219,290,1509,0.10963426857039525
1209,289,1498,0.10965251150684871
1199,288,1487,0.10969454884549192
1208,287,1495,0.10975260775880807
1213,284,1497,0.10978675998046797
1217,287,1504,0.10980533856038527
1221,282,1503,0.10981386131430292
1225,287,1512,0.1098117161118951
1219,293,1512,0.10979829726053097
1213,299,1512,0.10979930952831532
1204,300,1504,0.10981615391474006
1212,293,1505,0.10985175715213488
1200,294,1494,0.10986543542946757
1204,294,1498,0.10990510465894957
1214,288,1502,0.10993405237310779
1210,292,1502,0.10993854509447462
1201,294,1495,0.10995268346766884
1214,288,1502,0.10998644563561363
1215,292,1507,0.10998880824978727
1213,295,1508,0.10998836772640745
1224,292,1516,0.10999297758405044
1217,293,1510,0.10997217903170124
1206,291,1497,0.10996980049536458
1205,294,1499,0.10999080215180129
1195,301,1496,0.11001511389336902
1196,307,1503,0.1100606416420079
1193,307,1500,0.11010115983749551
1196,305,1501,0.11014528591981275
1190,311,1501,0.1101793229793854
1192,306,1498,0.11022717714839986
1188,306,1494,0.1102657070302967
1185,306,1491,0.11030898170682792
1187,310,1497,0.11035690569209695
1194,313,1507,0.11039588657640645
1194,316,1510,0.11041831534758878
1193,315,1508,0.11043771037651336
1182,314,1496,0.11045829767945295
1188,317,1505,0.11050151070639185
1191,316,1507,0.11052932380868402
1188,319,1507,0.11054798807501884
1193,316,1509,0.11057128165837839
1184,315,1499,0.11058206483080085
1188,319,1507,0.11061362333616508
1191,319,1510,0.11063548083073613
1178,322,1500,0.11064852488245971
1175,324,1499,0.11069009208828186
1170,330,1500,0.11073724281256317
1172,332,1504,0.1107940027832651
1175,335,1510,0.11084003390736001
1176,336,1512,0.110875896250039
1166,339,1505,0.11090782946962424
1170,336,1506,0.11095976856408939
1174,335,1509,0.11100034241348894
1168,343,1511,0.11103052088094748
1165,340,1505,0.11107450623399599
1169,342,1511,0.11112197810152043
1159,342,1501,0.11115636579572538
1161,336,1497,0.11120859686316986
1166,338,1504,0.11125343979090342
1166,333,1499,0.111281922963799
1168,331,1499,0.11130200376068704
1162,334,1496,0.11131911853695846
1178,334,1512,0.11134767092689143
1173,342,1515,0.11133924659681405
1154,344,1498,0.11134326159455882
1152,337,1489,0.11139042014356924
1154,338,1492,0.11143887210209734
1154,335,1489,0.11148127364932207
1160,332,1492,0.11151893195056967
1161,328,1489,0.11153907434914535
1157,335,1492,0.11155536389741393
1153,338,1491,0.11157862708617274
1153,339,1492,0.11160822207869955
1155,342,1497,0.11163436258662596
1156,347,1503,0.11165363195087881
1155,345,1500,0.11166963762144377
1148,343,1491,0.11168978641967722
1139,350,1489,0.11172233375111698
1138,355,1493,0.11177427273262514
1145,354,1499,0.11182386187509674
1161,349,1510,0.11185482196400204
1143,342,1485,0.11185029369118277
1134,351,1485,0.11188790154267185
1141,357,1498,0.11194208439297183
1140,360,1500,0.11197810078611184
1141,361,1502,0.11201492489132799
1136,363,1499,0.11204705427022241
1147,357,1504,0.11208493819582113
1152,354,1506,0.11209376499950346
1146,358,1504,0.11208781372463292
1140,351,1491,0.11209640251102831
1144,354,1498,0.11211897954301435
1152,357,1509,0.1121312937611319
1143,358,1501,0.11212601765280873
1143,356,1499,0.11214313294118339
1146,356,1502,0.1121604516683055
1139,360,1499,0.11216964130787342
1131,360,1491,0.11219285046561576
1147,351,1498,0.11223512096978908
1138,355,1493,0.11223894016908532
1132,362,1494,0.1122630632080499
1134,366,1500,0.11229925336848613
1123,371,1494,0.1123277890957905
1126,366,1492,0.11237917354659305
1121,360,1481,0.11242263170065214
1123,374,1497,0.11247569023954533
1125,374,1499,0.11252025753433977
1122,381,1503,0.11255976859039565
1130,379,1509,0.11260157665328804
1120,373,1493,0.11262286968366159
1115,373,1488,0.11266714298311968
1116,374,1490,0.11271892302553038
1112,375,1487,0.11276491132130932
1108,380,1488,0.11281674524622641
1111,385,1496,0.11287235348929972
1117,386,1503,0.11291831592055697
1123,384,1507,0.11294721578679148
1125,383,1508,0.1129604252214112
1122,386,1508,0.11296900926547443
1108,389,1497,0.11298375671864974
1110,390,1500,0.1130293640376145
1109,386,1495,0.11306824492922239
1107,385,1492,0.11310746993884344
1109,380,1489,0.11315096828507741
1117,379,1496,0.11318534768181789
1103,386,1489,0.11319876235676954
1100,386,1486,0.11324233123706716
1113,389,1502,0.11328986763352925
1110,386,1496,0.1133054004534972
1114,391,1505,0.11332697785095293
1101,396,1497,0.11333646653911235
1097,398,1495,0.11337399213179204
1102,402,1504,0.1134165333234139
1101,399,1500,0.1134442507576944
1102,396,1498,0.11347362403875536
1098,393,1491,0.11350157038352542
1100,397,1497,0.11353796721889665
1108,405,1513,0.11356478484602515
1110,400,1510,0.11357250637261102
1102,399,1501,0.11357305875044048
1089,401,1490,0.11359408946565881
1082,410,1492,0.1136450511941602
1089,411,1500,0.1137104899694738
1095,411,1506,0.11375280956404916
1094,408,1502,0.11378022832683587
1091,414,1505,0.11380627539292451
1085,412,1497,0.11383608867508428
1093,412,1505,0.11387877558075546
1106,412,1518,0.11389979168824102
1104,411,1515,0.11388959404725003
1088,410,1498,0.11388385718015412
1090,405,1495,0.11391442529368433
1083,407,1490,0.11393635327117417
1081,405,1486,0.11397568182708794
1076,406,1482,0.11401673263241113
1073,409,1482,0.11406961805534666
1083,402,1485,0.11412177075994354
1106,409,1515,0.11414810324370565
1096,407,1503,0.11411854524029572
1097,421,1518,0.11411779274919936
1099,419,1518,0.11411452880863028
1090,415,1505,0.1141036023298432
1072,415,1487,0.11411414205777845
1082,415,1497,0.11416498953815438
1071,416,1487,0.11418948038627492
1084,421,1505,0.11423754200031803
1079,422,1501,0.11425512415319325
1069,426,1495,0.11428486752004063
1072,432,1504,0.11433603387270162
1063,426,1489,0.11437437874997261
1072,430,1502,0.11443071171616126
1076,431,1507,0.11446298405810015
1072,429,1501,0.11448369914028446
1067,432,1499,0.11451153456978215
1069,434,1503,0.11454932762557657
1080,425,1505,0.11458319951475143
1075,430,1505,0.11458841106919043
1074,437,1511,0.11460387156927884
1070,438,1508,0.11462017850953388
1063,439,1502,0.11464522433566476
1058,451,1509,0.11468423829933429
1046,457,1503,0.11473431563184701
1057,454,1511,0.11481004398306338
1046,452,1498,0.11485586122705954
1039,455,1494,0.11492436480363297
1036,457,1493,0.11500194997767159
1039,456,1495,0.11508234084281917
1036,450,1486,0.11514897775536913
1032,456,1488,0.11521668764080087
1031,457,1488,0.11529095411953634
1039,466,1505,0.11536296608134862
1027,465,1492,0.11541215209612325
1032,459,1491,0.1154865106065747
1034,464,1498,0.11554699084059351
1033,470,1503,0.11559611440487752
1023,471,1494,0.11564575025443322
1022,461,1483,0.11571318205635546
1026,470,1496,0.1157761184030839
1029,468,1497,0.1158269662683633
1032,464,1496,0.11586920950117836
1035,467,1502,0.11590044538375235
1027,464,1491,0.11592353530699963
1025,475,1500,0.11596550481435035
1026,474,1500,0.11600689587440968
1020,476,1496,0.11604464862662713
1024,478,1502,0.11609453802465794
1033,478,1511,0.11613108446157248
1031,479,1510,0.11614367689622103
1036,479,1515,0.11616048134016346
1024,480,1504,0.1161654892825788
1015,481,1496,0.11620024330185025
1017,483,1500,0.11625275135927782
1026,473,1499,0.11629627873525873
1020,468,1488,0.11631543215815561
1023,474,1497,0.11634846841282112
1019,476,1495,0.11637120864994159
1011,474,1485,0.11640124448103346
1010,474,1484,0.1164443506033707
1003,476,1479,0.11648792079674611
1015,480,1495,0.11654651850644669
1010,481,1491,0.11657267477320139
1002,484,1486,0.11660724324458133
997,489,1486,0.11665783544753187
1008,486,1494,0.11671936774183674
1002,493,1495,0.11675083676339156
991,500,1491,0.11679235553655376
1012,500,1512,0.11685688645212039
1001,504,1505,0.11686836886729886
999,500,1499,0.11690860074746975
988,503,1491,0.11694998284173036
998,506,1504,0.11701434970902355
996,514,1510,0.11705323525297029
994,513,1507,0.11709326343119873
995,519,1514,0.11713528135723311
991,514,1505,0.11717245712020617
997,519,1516,0.1172174957267089
993,518,1511,0.11724494156538892
991,521,1512,0.11727950996314558
991,513,1504,0.11731777990868586
1001,515,1516,0.11735059260089319
992,523,1515,0.11735940577874197
990,528,1518,0.11738516286182561
993,524,1517,0.1174158723445188
996,514,1510,0.11743809285144463
998,520,1518,0.11745031060602601
988,509,1497,0.11745870506753771
986,520,1506,0.11748987134084103
990,516,1506,0.1175226969983626
980,519,1499,0.11754454852463599
966,516,1482,0.11758600975723774
973,510,1483,0.11765460138055689
973,510,1483,0.11770290922338063
990,515,1505,0.11774764646938365
981,519,1500,0.11775105062377626
977,522,1499,0.11777524569539435
976,522,1498,0.11780731648166713
970,516,1486,0.11783792177242432
962,524,1486,0.11787913484723621
953,526,1479,0.11793913758923708
965,542,1507,0.11801720766128788
956,540,1496,0.11806586897360699
956,540,1496,0.11812813679234654
964,548,1512,0.11818776532017082
967,547,1514,0.11822565271736783
971,547,1518,0.1182542314112382
949,546,1495,0.11827168861280683
950,547,1497,0.11833812898369947
954,547,1501,0.11839687396694835
953,543,1496,0.11844543187594042
959,542,1501,0.11849328382266006
948,545,1493,0.11852409023945722
949,548,1497,0.11857881328383224
944,546,1490,0.11862661628989128
949,553,1502,0.11868276227823969
945,556,1501,0.11872133616057791
945,564,1509,0.11876538985388915
948,557,1505,0.11880731797445304
944,568,1512,0.1188423270066005
942,573,1515,0.11888336464028149
935,575,1510,0.11892656573616453
929,581,1510,0.11898246551955488
937,573,1510,0.11905155960619451
933,572,1505,0.11909763602290478
932,576,1508,0.11914920518724234
933,582,1515,0.1191987831976542
930,576,1506,0.1192436529921925
928,577,1505,0.11929231265740498
928,579,1507,0.11934397449141261
929,588,1517,0.11939196035520322
918,591,1509,0.11943409098108723
919,589,1508,0.11949904056748897
926,580,1506,0.11955665293389359
925,580,1505,0.11959394260997393
917,577,1494,0.1196305908700935
920,578,1498,0.11968408245738871
905,574,1479,0.11972597410105766
909,567,1476,0.11979869668193643
919,565,1484,0.11985657443040579
920,572,1492,0.11988644414945777
926,571,1497,0.11991203127809409
931,575,1506,0.11992281124383258
928,589,1517,0.1199183842147814
925,585,1510,0.11992383814256073
913,588,1501,0.11993690373539444
912,589,1501,0.11997828558718837
905,585,1490,0.12001690775809536
910,595,1505,0.12007087189787789
894,597,1491,0.12010772246036154
891,597,1488,0.12017942435526445
894,596,1490,0.12025463407196896
890,594,1484,0.12031882336456734
890,601,1491,0.12039010670393369
879,611,1490,0.1204530914702594
881,609,1490,0.12053898419715192
872,609,1481,0.12061449178582367
875,612,1487,0.12070340011728115
871,620,1491,0.12078175825155714
871,623,1494,0.12086265684784721
873,620,1493,0.12093531699837187
878,618,1496,0.12099776703621731
874,622,1496,0.1210431625157015
867,622,1489,0.12109680404981826
873,619,1492,0.12116211421463272
870,620,1490,0.12120917398292493
873,629,1502,0.12126128726029986
866,629,1495,0.12130059763652669
872,634,1506,0.1213549270342146
868,637,1505,0.12139188384883287
869,632,1501,0.12143449845611237
882,626,1508,0.12147400989577534
874,630,1504,0.12148169268848197
872,629,1501,0.12150901143577396
866,634,1500,0.12153824269177001
861,638,1499,0.12157898578114253
859,635,1494,0.12162803699999554
856,638,1494,0.12168097165775514
852,642,1494,0.12173728336246242
860,654,1514,0.1218004865025836
858,654,1512,0.12184051019797991
855,660,1515,0.12188309757230936
858,656,1514,0.12192987080699429
862,652,1514,0.12196715133378827
851,656,1507,0.12199292427973381
839,660,1499,0.12204234786755304
846,656,1502,0.1221186778602719
851,665,1516,0.12217301102374989
844,657,1501,0.12221199450294434
848,656,1504,0.12226419929080294
855,657,1512,0.12230529808346954
841,659,1500,0.12232784027513773
841,661,1502,0.1223819096591538
832,654,1486,0.12242985715663178
841,654,1495,0.12249379810184345
852,650,1502,0.1225319744519269
844,658,1502,0.12254224845486383
843,659,1502,0.12256897525433233
841,657,1498,0.122595864839441
844,667,1511,0.12262681224619496
847,669,1516,0.1226488165386888
851,662,1513,0.12266146713267002
847,655,1502,0.12266172790585284
843,648,1491,0.12267109415858077
842,653,1495,0.12268957887939624
841,664,1505,0.122709190999892
840,671,1511,0.12272889446985166
843,675,1518,0.12275103663573331
837,679,1516,0.12276764733220773
834,683,1517,0.12279755120912025
820,680,1500,0.12283540112885305
814,694,1508,0.1229034730484232
811,694,1505,0.12298184971088678
812,697,1509,0.12306255256765322
807,701,1508,0.12313547234547405
810,705,1515,0.1232144262581123
815,702,1517,0.12328164012137471
818,701,1519,0.12333113367256594
815,695,1510,0.12337168613839879
817,691,1508,0.12341486814640792
810,693,1503,0.123447552894084
819,692,1511,0.1234948080467646
826,692,1518,0.12351594589228693
829,684,1513,0.12351867044984971
829,681,1510,0.1235094033505791
830,681,1511,0.12350276267477656
828,688,1516,0.1234946702534799
830,683,1513,0.1234936811984882
825,686,1511,0.12348916220306182
825,693,1518,0.12349783790318618
826,695,1521,0.1235073666311791
822,697,1519,0.12351177525555566
810,692,1502,0.12352763730350783
805,698,1503,0.12356929863284495
808,710,1518,0.12362064531817424
806,704,1510,0.12366318511781337
799,696,1495,0.12370719877124639
798,698,1496,0.12376560381457245
790,702,1492,0.12382110153546634
782,705,1487,0.12389211139095281
792,701,1493,0.12397480647503847
793,703,1496,0.12402957139298673
789,715,1504,0.12407782557423262
780,707,1487,0.12413366765275587
777,710,1487,0.12420651323068038
780,720,1500,0.12428085493726172
783,722,1505,0.12434413979218935
783,725,1508,0.12439692167852608
784,723,1507,0.12444771297177198
772,733,1505,0.12449151329089034
776,732,1508,0.12456172701283849
778,740,1518,0.12461720134761854
777,741,1518,0.12466334548725831
776,739,1515,0.12470793123049738
752,733,1485,0.12475293419124527
758,727,1485,0.12485016803550952
749,734,1483,0.12492826716370228
747,740,1487,0.12502241300232433
750,745,1495,0.12511265958060633
746,748,1494,0.12519104378844134
760,747,1507,0.1252748851397719
756,747,1503,0.12531756788606788
756,756,1512,0.12536746109841698
745,765,1510,0.12541380665853133
747,760,1507,0.12548269573656656
742,763,1505,0.12554506278125538
733,765,1498,0.12561455061792523
743,764,1507,0.12570168481498087
750,761,1511,0.12575865749456877
743,763,1506,0.1257963771903754
741,761,1502,0.1258488394539924
747,765,1512,0.12590269658491704
739,767,1506,0.12593934557334052
738,778,1516,0.12599252740137504
743,775,1518,0.1260439203413007
744,774,1518,0.1260817308013141
741,773,1514,0.12611638519332666
732,772,1504,0.1261561587022133
726,774,1500,0.12621483239305534
732,772,1504,0.12628372406225846
724,775,1499,0.12633152389998892
720,773,1493,0.12639432076830004
716,779,1495,0.12646169356720283
721,784,1505,0.12653378747701324
709,787,1496,0.1265889959925013
718,790,1508,0.12666680015741935
715,786,1501,0.12671859290152526
715,795,1510,0.12677225168056444
722,794,1516,0.1268246592813851
711,791,1502,0.12685829039115076
715,799,1514,0.12691481826281245
716,813,1529,0.12696157901956867
712,811,1523,0.12700417245089343
714,816,1530,0.12705371745978306
710,807,1517,0.1270944647657791
716,797,1513,0.12714311199051115
711,797,1508,0.12717400254900574
697,795,1492,0.12721358380973793
701,792,1493,0.12727951135382193
694,783,1477,0.12733344537940747
707,791,1498,0.12739960681917709
704,801,1505,0.127428750021963
702,798,1500,0.1274620077247746
708,797,1505,0.12749762341651566
703,803,1506,0.12751572749153678
698,806,1504,0.12754600505528388
693,808,1501,0.1275864602515965
696,803,1499,0.12763805662138925
696,814,1510,0.1276774853305449
696,812,1508,0.12771501260285323
691,812,1503,0.12775241891472458
693,816,1509,0.12779892202641802
704,813,1517,0.12783821512807425
706,816,1522,0.1278490364684717
710,817,1527,0.1278554644532558
704,811,1515,0.12785297336845633
711,802,1513,0.12786019564703155
710,808,1518,0.1278525221339003
695,801,1496,0.12784641177613382
693,807,1500,0.12787722980113522
696,818,1514,0.12791154137058616
697,821,1518,0.12793540547428706
691,822,1513,0.12795722995820294
693,821,1514,0.12799053225492868
697,826,1523,0.12801560359680447
693,822,1515,0.12803121891571365
695,825,1520,0.12805526232125108
695,818,1513,0.12807373693211624
698,817,1515,0.1280910450891274
699,825,1524,0.12810015257047097
703,825,1528,0.12810513800802698
701,824,1525,0.1280984585486198
700,825,1525,0.12809801953531633
697,811,1508,0.12810229360675748
692,806,1498,0.1281118391947464
687,816,1503,0.12813281948854024
670,820,1490,0.12816404265133585
664,819,1483,0.12823179981769495
663,824,1487,0.12831115362565432
663,824,1487,0.1283865672449942
666,824,1490,0.12845482429548338
661,821,1482,0.12851139339474135
658,820,1478,0.12857644561655754
665,830,1495,0.12864541084976616
658,834,1492,0.12869295934080582
663,829,1492,0.1287518989056994
663,853,1516,0.12879388835018507
661,849,1510,0.12883491311273848
659,847,1506,0.12887850611402052
651,843,1494,0.12892163227670841
661,853,1514,0.12898288544587164
658,851,1509,0.1290189195248081
656,857,1513,0.1290579572228425
637,864,1501,0.12910086538189847
637,863,1500,0.12918530423370295
636,857,1493,0.12926361594667196
630,864,1494,0.12934078543912056
632,856,1488,0.12942563236390986
632,857,1489,0.12950145442390804
640,860,1500,0.12957302485345792
635,872,1507,0.12962274380500718
630,877,1507,0.12968039229354905
624,874,1498,0.12974772254878947
621,864,1485,0.12982421142973052
626,866,1492,0.1299006807883148
629,870,1499,0.12996080610670505
633,869,1502,0.1300089932579658
628,870,1498,0.13004281602323062
636,870,1506,0.13008756043325245
628,878,1506,0.1301095996889779
619,887,1506,0.13014975975846388
618,882,1500,0.13020671261333125
622,886,1508,0.13026397030034137
620,884,1504,0.13030525611614024
621,881,1502,0.1303496827001233
626,879,1505,0.130390698252467
626,887,1513,0.13041653953619808
622,890,1512,0.13044135045282634
625,883,1508,0.13047490406931828
624,882,1506,0.13049658234027767
630,876,1506,0.13052068833464514
621,883,1504,0.1305298775542375
619,879,1498,0.13055962031312765
611,885,1496,0.1305948075598181
609,887,1496,0.13064538637888354
608,898,1506,0.13069776459850524
611,892,1503,0.13075157345823027
604,906,1510,0.1307936601047979
600,898,1498,0.13085133887924397
599,896,1495,0.13091475610411624
602,903,1505,0.1309747593933055
609,906,1515,0.13102185110273687
610,910,1520,0.1310484509601399
610,909,1519,0.13107209718361593
602,899,1501,0.1310935483893273
610,899,1509,0.13113374755682966
597,903,1500,0.131149501332387
600,905,1505,0.131197710024498
601,907,1508,0.13123495395778237
598,913,1511,0.13126909462201714
600,916,1516,0.13130982243539638
598,917,1515,0.13134317076710078
597,920,1517,0.13137929045515187
597,911,1508,0.13141384340414095
609,914,1523,0.1314458617023848
602,905,1507,0.13144584366067003
600,914,1514,0.13146289979857329
602,920,1522,0.1314830246623927
592,925,1517,0.13149877618459105
595,916,1511,0.13153800455479767
596,921,1517,0.13156381621250837
591,919,1510,0.13158688637806892
600,910,1510,0.13162000490070558
595,918,1513,0.1316299650941687
599,922,1521,0.13165254394608875
600,920,1520,0.13166368831255762
599,928,1527,0.13167293624379947
597,933,1530,0.1316830713863288
599,925,1524,0.13169733043102885
601,930,1531,0.13170607196018755
590,922,1512,0.13171144480958874
588,917,1505,0.13174020909041811
592,915,1507,0.1317708741012839
594,921,1515,0.13178904454171977
589,928,1517,0.13180273675657564
597,933,1530,0.13182631544324405
590,927,1517,0.13182762701683334
583,930,1513,0.1318463432062598
583,938,1521,0.13188118101524798
583,926,1509,0.13191529626514228
577,931,1508,0.13194636131678644
575,939,1514,0.13199104995838756
568,938,1506,0.1320362294277324
563,944,1507,0.1320938260413276
564,952,1516,0.13216136058778447
560,950,1510,0.13222421797774897
554,946,1500,0.13229276324568626
548,954,1502,0.13237229634584555
553,959,1512,0.13246118772566273
560,956,1516,0.13252919155939538
560,963,1523,0.1325760890079321
551,954,1505,0.13262120970363311
547,969,1516,0.13268534301705034
550,971,1521,0.13275501014144953
539,958,1497,0.1328110454597193
549,965,1514,0.13288952115185992
539,964,1503,0.13293444954295755
547,957,1504,0.13299896489051893
540,953,1493,0.1330405283337048
542,944,1486,0.13309418540739423
539,950,1489,0.13313846314143107
547,944,1491,0.13318730950503205
550,959,1509,0.13321513872270724
557,958,1515,0.13323348195979265
557,959,1516,0.13323430900657246
557,947,1504,0.1332351857593768
554,957,1511,0.13323693253883998
552,950,1502,0.13324558834604985
549,960,1509,0.133257413382995
550,959,1509,0.13327769231547454
543,955,1498,0.13329309971090741
540,958,1498,0.1333253499743614
534,962,1496,0.13336198190174978
535,966,1501,0.13341066305028995
522,977,1499,0.13345597893748767
523,975,1498,0.13352965888446477
521,981,1502,0.1335957536035163
535,979,1514,0.1336620776404127
523,968,1491,0.13368920155698613
535,969,1504,0.13374382282166958
535,976,1511,0.13376420336864117
530,976,1506,0.13378460993985164
524,965,1489,0.13381507325893494
521,969,1490,0.13385830748793962
526,975,1501,0.1339058218213811
517,992,1509,0.1339402912707951
510,994,1504,0.13399237292525476
505,998,1503,0.1340592013988612
502,989,1491,0.13413423712288952
502,998,1500,0.13421166850649757
501,999,1500,0.13428377954539486
510,1001,1511,0.13435524780948668
502,992,1494,0.13439985448992403
502,990,1492,0.13446101509730876
497,997,1494,0.13451768852153656
503,995,1498,0.13458182089369913
504,1004,1508,0.1346285086092806
496,995,1491,0.13466583857135128
495,999,1494,0.13471927972194986
492,1005,1497,0.13477306371959294
495,1003,1498,0.13482924623368248
482,1014,1496,0.13487395618574496
487,1010,1497,0.13494678314684372
485,1029,1514,0.13500260614670367
488,1028,1516,0.1350628443379609
491,1013,1504,0.13511186986188373
487,1014,1501,0.1351478524443385
485,1019,1504,0.13519310944457458
480,1029,1509,0.1352399584428072
478,1033,1511,0.13529815491034985
476,1038,1514,0.13535617753157822
473,1037,1510,0.13541566226902702
471,1043,1514,0.13547985661502715
468,1049,1517,0.13554450108728117
476,1042,1518,0.1356131825832855
476,1043,1519,0.13565928959022877
474,1047,1521,0.13570313684842322
467,1039,1506,0.13574869625181296
466,1039,1505,0.13580919195904953
471,1040,1511,0.13586829196246408
466,1035,1501,0.13591236093061995
475,1035,1510,0.1359625530212694
460,1035,1495,0.1359885250107348
469,1036,1505,0.13604446490182232
472,1027,1499,0.13607377881752636
470,1030,1500,0.13609546158704242
473,1036,1509,0.13611940319327775
476,1042,1518,0.13613623182746082
469,1040,1509,0.13614493347137543
470,1036,1506,0.13616683960623527
477,1037,1514,0.1361866503745077
479,1039,1518,0.13619002645613748
476,1046,1522,0.13618923482923628
474,1043,1517,0.13619584262107454
474,1038,1512,0.13620983785892554
456,1046,1502,0.1362225180974415
457,1061,1518,0.13627783882398853
454,1056,1510,0.13632734224790233
451,1052,1503,0.13637947348059595
453,1050,1503,0.13643433583894066
456,1056,1512,0.13648013329446607
456,1056,1512,0.13651775999920063
457,1058,1515,0.1365503619725645
456,1051,1507,0.1365816353018818
456,1048,1504,0.13661348859504943
459,1044,1503,0.13664278389680187
458,1051,1509,0.13666428961622018
455,1062,1517,0.1366862981092444
459,1067,1526,0.1367129494872459
446,1066,1512,0.13673007875256415
445,1069,1514,0.136777664956199
442,1070,1512,0.1368254362441707
441,1067,1508,0.13687795882786402
437,1062,1499,0.13692792653978805
444,1061,1505,0.136983355730554
441,1064,1505,0.13701814503896179
438,1070,1508,0.13705948597819945
440,1067,1507,0.13710219833108014
441,1068,1509,0.13713711704938464
437,1069,1506,0.13716493034352784
442,1072,1514,0.13720152202242958
444,1073,1517,0.13722376802015332
433,1079,1512,0.13723938916426026
432,1079,1511,0.13728085417405608
431,1071,1502,0.1373234764069401
438,1070,1508,0.13736483873715113
440,1067,1507,0.13738713760404472
430,1062,1492,0.137400612927349
435,1065,1500,0.1374367076942473
438,1065,1503,0.13745918091678808
439,1072,1511,0.13747276116825674
442,1076,1518,0.1374849715056801
445,1065,1510,0.13749049128824054
441,1069,1510,0.13748853417556023
443,1070,1513,0.13749477380383465
437,1068,1505,0.13749366467547486
438,1068,1506,0.13750692732071518
438,1065,1503,0.137517743418233
436,1067,1503,0.13752810211891486
429,1076,1505,0.13754397189128692
436,1074,1510,0.1375755809356004
432,1084,1516,0.13758940114049797
431,1076,1507,0.13760955042234596
427,1077,1504,0.1376328249782138
429,1084,1513,0.1376633022151752
428,1086,1514,0.13768684554864896
426,1085,1511,0.13771172499522738
429,1085,1514,0.13774003420765116
422,1092,1514,0.13775871616985297
417,1096,1513,0.13779314130308598
425,1087,1512,0.13783813089728206
428,1091,1519,0.137859136314555
424,1092,1516,0.13787376244138094
422,1096,1518,0.13789614342720444
418,1096,1514,0.13792104080819473
417,1101,1518,0.13795287959010713
410,1103,1513,0.1379854904649149
409,1098,1507,0.13803171187305605
421,1101,1522,0.1380775701902191
425,1100,1525,0.1380896234979877
426,1099,1525,0.13809432660936927
420,1103,1523,0.1380967168051581
423,1092,1515,0.1381110808285445
422,1085,1507,0.13811973031438637
428,1092,1520,0.13812638516492
418,1091,1509,0.13811934842291923
414,1084,1498,0.13813884609897295
420,1081,1501,0.13816837347302863
418,1093,1511,0.1381830011284317
415,1083,1498,0.13820277987428511
416,1085,1501,0.13822837624644588
411,1082,1493,0.13824745821502848
409,1082,1491,0.13827662929560713
401,1093,1494,0.13830908413679247
401,1067,1468,0.13835643825885585
400,1081,1481,0.13840233728296056
407,1083,1490,0.13844825839727043
409,1087,1496,0.1384734576044048
405,1095,1500,0.13849201363276997
397,1099,1496,0.13851708160326948
402,1098,1500,0.13855958336996893
398,1093,1491,0.13858551420832593
396,1104,1500,0.13862060878068147
388,1112,1500,0.13865803703906476
388,1098,1486,0.13871197539165425
390,1104,1494,0.13876377283380703
398,1098,1496,0.13880579632485446
394,1094,1488,0.13882515365197423
394,1103,1497,0.1388517454082225
397,1101,1498,0.13887673431557357
391,1099,1490,0.13889179288547285
390,1103,1493,0.13892158036067798
392,1114,1506,0.13895279694679008
393,1114,1507,0.13897674969130805
391,1112,1503,0.13899618147669174
387,1114,1501,0.1390201347124871
392,1115,1507,0.13905362410481406
388,1120,1508,0.13907208354499107
387,1125,1512,0.13909977732395767
392,1118,1510,0.13912757661964426
390,1126,1516,0.13914113305679987
384,1133,1517,0.13916025777721194
382,1141,1523,0.13919180319048058
378,1130,1508,0.139226566812322
387,1133,1520,0.13926861162564108
390,1134,1524,0.13928221762850243
390,1132,1522,0.13928920268850833
386,1141,1527,0.13929773269858267
381,1147,1528,0.13931550340496582
375,1145,1520,0.13934416765536745
369,1146,1515,0.1393843616360775
369,1148,1517,0.1394371603778024
369,1145,1514,0.13948794985140997
364,1139,1503,0.13953644769303744
360,1135,1495,0.13959336428298433
360,1133,1493,0.1396573542904527
365,1139,1504,0.13971658706530896
357,1151,1508,0.13976024371645998
353,1140,1493,0.1398199217826979
352,1143,1495,0.13988480654723218
351,1160,1511,0.13994626863505602
345,1159,1504,0.14000491107381918
348,1162,1510,0.1400724094328725
349,1167,1516,0.14012603522341469
341,1170,1511,0.14017443025092724
340,1174,1514,0.1402388583023412
344,1176,1520,0.14030035779203898
340,1176,1516,0.14034937546110682
340,1172,1512,0.1404046179298924
338,1173,1511,0.14045774681859113
329,1178,1507,0.1405128078460562
334,1174,1508,0.14058588152056029
332,1171,1503,0.1406425201140364
336,1178,1514,0.14070070874275287
332,1183,1515,0.14074394154944156
335,1189,1524,0.14079337465145822
332,1194,1526,0.14082988881031366
335,1189,1524,0.14087345644175284
326,1186,1512,0.14090683524127104
322,1182,1504,0.14095973849901577
328,1188,1516,0.14101882513715425
332,1188,1520,0.14105902339202747
330,1192,1522,0.14108562430090266
327,1188,1515,0.14111536930708118
325,1199,1524,0.14115245192678366
323,1191,1514,0.14119220107642244
323,1195,1518,0.1412329675572466
317,1198,1515,0.14127158692971004
321,1196,1517,0.141323591957401
319,1195,1514,0.14136188379495124
314,1199,1513,0.14140266083436412
323,1194,1517,0.14145276774189952
321,1202,1523,0.14147853876331998
321,1198,1519,0.14150626276989534
319,1202,1521,0.14153137567036495
317,1203,1520,0.141559809514621
314,1202,1516,0.14159026247568193
319,1196,1515,0.1416240537032334
312,1198,1510,0.1416461317341375
311,1201,1512,0.1416843169470688
311,1196,1507,0.14172147364861337
313,1199,1512,0.1417568082016457
306,1194,1500,0.14178349474518678
313,1192,1505,0.14182557356033942
306,1201,1507,0.14184741345260418
305,1206,1511,0.14188668387544884
311,1204,1515,0.14192583366371983
309,1212,1521,0.14194774984011582
306,1222,1528,0.14197188195114924
304,1217,1521,0.14200317626810433
307,1218,1525,0.14203874690748525
301,1216,1517,0.14206155762228603
305,1221,1526,0.14209857445030177
306,1209,1515,0.142124095277862
299,1212,1511,0.14214391400294554
297,1216,1513,0.1421803144418155
293,1234,1527,0.14221892804488323
293,1230,1523,0.1422637162145607
289,1219,1508,0.14230649281136476
294,1224,1518,0.1423561333106135
287,1219,1506,0.14239025285821325
282,1227,1509,0.14244018084064755
283,1220,1503,0.142499302852719
276,1222,1498,0.14255357074783684
282,1221,1503,0.14261912925472472
279,1222,1501,0.14266620138159364
281,1217,1498,0.14271833866327685
278,1244,1522,0.14276206309135123
273,1240,1513,0.14281052819230955
269,1251,1520,0.14286978611912848
266,1257,1523,0.1429355013984108
268,1258,1526,0.14300366041976942
266,1269,1535,0.1430644209061887
261,1265,1526,0.14312609123971984
259,1261,1520,0.14319503155004554
258,1257,1515,0.14326469336657366
251,1266,1517,0.14333270678399812
248,1267,1515,0.14341331026251258
250,1275,1525,0.1434962938948863
254,1266,1520,0.14356871709806815
258,1261,1519,0.14362507947828043
254,1256,1510,0.14366708110127405
250,1255,1505,0.14371579533945997
253,1271,1524,0.1437701847660806
260,1248,1508,0.1438139854602201
253,1256,1509,0.14383454113489966
248,1250,1498,0.1438681400534185
247,1261,1508,0.14391262225558102
243,1257,1500,0.14395746895158282
246,1263,1509,0.14401084115176954
250,1258,1508,0.14405426988222955
249,1256,1505,0.14408500807549796
244,1258,1502,0.14411688026848285
248,1259,1507,0.14415926178531982
250,1252,1502,0.1441903314871026
246,1267,1513,0.1442130981849989
247,1262,1509,0.14424467998389165
245,1271,1516,0.14427367309500508
236,1261,1497,0.14430732008724462
237,1265,1502,0.1443606837263962
234,1264,1498,0.14440659701618583
240,1280,1520,0.14445590475545977
239,1275,1514,0.14448783519365116
234,1275,1509,0.14451937457690794
229,1280,1509,0.14456198588830477
226,1285,1511,0.1446143072303058
224,1290,1514,0.14466977863213898
222,1296,1518,0.14472644776818025
221,1282,1503,0.14478373124271107
224,1285,1509,0.14484062069046744
223,1285,1508,0.14488475740828133
227,1282,1509,0.14492684072161835
233,1290,1523,0.1449537786978391
229,1280,1509,0.14496510733114706
230,1268,1498,0.14498696146986087
232,1272,1504,0.14500644800619825
228,1280,1508,0.14501939232566452
226,1277,1503,0.14504253753549615
229,1289,1518,0.1450696965772847
227,1288,1515,0.14508785871260457
227,1304,1531,0.1451084980363926
226,1299,1525,0.1451261897384147
225,1294,1519,0.14514653053600354
219,1291,1510,0.14516789124563512
220,1282,1502,0.14520311065211794
224,1276,1500,0.1452347121296097
225,1283,1508,0.1452542201369703
228,1289,1517,0.14526872412199368
221,1289,1510,0.14527438825269243
228,1293,1521,0.14529521977898352
230,1285,1515,0.1452997587008345
229,1283,1512,0.14529957624004106
239,1273,1512,0.14529969677573956
235,1276,1511,0.1452740055786728
233,1276,1509,0.1452617113641774
236,1266,1502,0.1452554262034891
237,1269,1506,0.1452436312360792
236,1277,1513,0.1452305060556553
236,1287,1523,0.1452198405690215
230,1290,1520,0.14521039296946955
229,1287,1516,0.14521714406560854
231,1282,1513,0.1452261747392501
231,1289,1520,0.14522953762977409
229,1296,1525,0.14523261883310964
230,1294,1524,0.14524149856457327
229,1296,1525,0.1452451343154044
229,1294,1523,0.1452511922492801
231,1294,1525,0.14525617122641615
233,1289,1522,0.14525708900570788
230,1293,1523,0.1452533785524164
228,1291,1519,0.1452571347255779
234,1279,1513,0.14526634991703005
228,1289,1517,0.1452605836665014
233,1283,1516,0.1452708070033129
233,1285,1518,0.14526600713956137
233,1298,1531,0.14526215958321045
228,1294,1522,0.14525973403342987
225,1288,1513,0.14526876979431227
227,1297,1524,0.14528427020724707
220,1301,1521,0.14529414175759992
220,1301,1521,0.14532039360908655
219,1301,1520,0.14534660289920087
213,1311,1524,0.1453734139111053
209,1302,1511,0.14541336023081805
209,1298,1507,0.14546033954318882
215,1300,1515,0.14550123564201564
213,1292,1505,0.14552464445585142
216,1282,1498,0.14555153805394286
218,1287,1505,0.14556993584460742
214,1286,1500,0.14558136473519054
217,1294,1511,0.14560234435203603
216,1288,1504,0.1456156946251725
219,1288,1507,0.14563025931394535
215,1296,1511,0.14563676856325564
211,1301,1512,0.14565295555009491
214,1294,1508,0.14567837854077226
213,1294,1507,0.14569521351350678
217,1295,1512,0.14571189864303244
217,1298,1515,0.14571568483951708
216,1309,1525,0.14571948355043776
214,1306,1520,0.1457265669624222
216,1312,1528,0.14573582251218556
217,1314,1531,0.14574040713088088
214,1299,1513,0.14574337334082293
214,1302,1516,0.14575324367371414
212,1304,1516,0.14576392315144077
209,1296,1505,0.14577933447355534
209,1305,1514,0.14580044250191032
204,1304,1508,0.1458205103684018
204,1304,1508,0.14585031955234506
200,1309,1509,0.14587901922371677
200,1316,1516,0.14591576332000977
198,1325,1523,0.14595168504322323
200,1312,1512,0.1459883660528074
199,1307,1506,0.1460186695219986
203,1310,1513,0.14604934878393083
204,1306,1510,0.1460665040183383
206,1299,1505,0.14607972163299426
208,1310,1518,0.14608605623463786
207,1301,1508,0.14608751296101663
208,1303,1511,0.14609121698728134
206,1297,1503,0.14609227483929998
204,1288,1492,0.1460960033060692
204,1297,1501,0.1461059592170413
205,1303,1508,0.14611660710663496
206,1306,1512,0.1461252098199528
205,1306,1511,0.1461306649902339
201,1309,1510,0.14613875640597696
199,1314,1513,0.1461555988401095
200,1313,1513,0.1461773682223571
201,1307,1508,0.1461961977663128
198,1324,1522,0.1462101763757333
198,1319,1517,0.14623219901595522
200,1332,1532,0.14625307813053845
192,1333,1525,0.14626918131039945
193,1329,1522,0.14630288775608943
193,1324,1517,0.14633199928307325
194,1312,1506,0.14635990241893482
188,1315,1503,0.14638472356657523
186,1312,1498,0.14642219631382514
186,1317,1503,0.14646125854765774
188,1325,1513,0.1464981212167347
185,1312,1497,0.14652673284848364
184,1317,1501,0.14656161997913356
183,1334,1517,0.1465958335976105
184,1339,1523,0.14662947196977041
179,1333,1512,0.14665585836767622
190,1324,1514,0.14669102878442342
181,1331,1512,0.14669484857672807
181,1336,1517,0.14672066562720412
177,1341,1518,0.14674537655317507
177,1352,1529,0.1467782973690257
178,1340,1518,0.146808517834441
176,1338,1514,0.14683544499514029
178,1314,1492,0.14686470265363527
178,1319,1497,0.14688816009624558
180,1326,1506,0.14691138105521173
182,1328,1510,0.1469286482040315
183,1337,1520,0.14693839435888073
183,1330,1513,0.1469445546868286
183,1336,1519,0.14695198042434615
182,1337,1519,0.14695908333591987
179,1349,1528,0.14696723078628843
176,1351,1527,0.14698229402599602
170,1343,1513,0.147004538665967
172,1347,1519,0.14703917545673853
174,1350,1524,0.14706641267480186
176,1352,1528,0.1470862407542422
176,1350,1526,0.14710053076719068
180,1351,1531,0.14711478784616436
183,1358,1541,0.14711559911588273
183,1354,1537,0.1471092977035232
183,1347,1530,0.14710344977731235
183,1348,1531,0.14709762452969916
182,1335,1517,0.1470921131115373
180,1334,1514,0.1470902076070068
183,1334,1517,0.14709497178554662
180,1333,1513,0.1470916176666238
177,1323,1500,0.14709642442750595
175,1322,1497,0.1471088270520272
178,1321,1499,0.14712488619194947
175,1330,1505,0.14713327811999405
174,1333,1507,0.14714898729011444
176,1350,1526,0.1471666255233335
173,1355,1528,0.14717868223469213
175,1344,1519,0.14719715076552295
169,1339,1508,0.1472097507104239
165,1349,1514,0.14723755312774267
166,1348,1514,0.14727157931819995
169,1342,1511,0.147302431649587
167,1363,1530,0.1473230802469996
163,1363,1526,0.14734834251953813
160,1363,1523,0.14738230346155098
162,1373,1535,0.14742066251751043
162,1370,1532,0.14745093475380028
158,1358,1516,0.14747990895320026
160,1367,1527,0.14751680600363992
157,1355,1512,0.14754609829023926
155,1364,1519,0.1475814184577341
154,1358,1512,0.14761965559147516
156,1357,1513,0.14765673743438146
157,1355,1512,0.14768576015621884
157,1359,1516,0.14771109925180023
157,1362,1519,0.14773406010299464
153,1362,1515,0.1477562044120502
154,1352,1506,0.1477871269381646
150,1343,1493,0.14781337100456127
149,1362,1511,0.14784753077768187
149,1370,1519,0.14788215853506076
144,1364,1508,0.14791400915236097
144,1367,1511,0.1479564932788323
144,1373,1517,0.14799718427446723
143,1362,1505,0.14803457086031369
137,1364,1501,0.14807171193994365
135,1372,1507,0.1481215887513177
137,1364,1501,0.14817307600962512
139,1359,1498,0.14821633855008937
138,1367,1505,0.14825164735758642
140,1375,1515,0.14828692515880804
143,1368,1511,0.14831438976445152
143,1374,1517,0.1483333412799666
141,1376,1517,0.14835066250365236
139,1381,1520,0.14837199105251406
134,1375,1509,0.14839817420083987
129,1373,1502,0.14843423680158233
130,1377,1507,0.14848017234854743
130,1378,1508,0.1485196186445573
130,1376,1506,0.14855732334204835
131,1388,1519,0.14859258207831266
130,1391,1521,0.14862336716603627
131,1392,1523,0.14865484960574638
133,1379,1512,0.1486812584591258
134,1369,1503,0.1486991897275382
131,1367,1498,0.1487139545931594
129,1381,1510,0.14873583599349047
130,1385,1515,0.14876107807073558
128,1381,1509,0.14878078461060132
132,1372,1504,0.14880491613232333
134,1362,1496,0.14881737566406808
130,1375,1505,0.1488232941223189
131,1387,1518,0.1488396909615979
131,1397,1528,0.14885234650154902
133,1387,1520,0.14886508969820697
130,1391,1521,0.1488712681083978
132,1394,1526,0.1488833244339295
136,1371,1507,0.14888953767683868
135,1366,1501,0.1488842484775283
137,1366,1503,0.14888195028598136
140,1352,1492,0.14887480895796162
140,1366,1506,0.1488599732218194
141,1365,1506,0.1488466207476287
142,1361,1503,0.14883095785208267
139,1374,1513,0.1488147948242353
138,1378,1516,0.14880865200022236
138,1373,1511,0.14880574867492008
135,1376,1511,0.14880186489377367
136,1379,1515,0.1488031951021709
134,1383,1517,0.1488022401887021
140,1385,1525,0.14880771866250098
142,1377,1519,0.14879602167682088
139,1378,1517,0.1487802475844116
137,1377,1514,0.1487742693019476
134,1380,1514,0.14877528668572612
139,1366,1505,0.14878150424907857
134,1373,1507,0.14877451235492992
135,1379,1514,0.14878107328904544
136,1392,1528,0.1487840851088882
131,1387,1518,0.1487855277367991
136,1377,1513,0.14880016712204822
135,1374,1509,0.1488017629773429
127,1384,1511,0.14880469887820832
125,1371,1496,0.14882728958809774
130,1372,1502,0.14885223646784387
134,1364,1498,0.1488622439168173
135,1372,1507,0.14886151395940841
132,1388,1520,0.1488578834896158
127,1384,1511,0.1488626404812717
126,1392,1518,0.14887864528330125
122,1384,1506,0.14889496715781658
126,1398,1524,0.14892145923591082
124,1403,1527,0.14893723773888476
121,1415,1536,0.1489581310153135
120,1406,1526,0.14898439950859724
115,1403,1518,0.14901268116036662
116,1404,1520,0.14905179019746936
113,1404,1517,0.14908525227968142
111,1406,1517,0.14912493692521123
112,1401,1513,0.14916662595598448
114,1411,1525,0.14920274525634497
116,1410,1526,0.1492313410655356
112,1398,1510,0.14925360740786764
108,1396,1504,0.14928430766493736
108,1404,1512,0.1493213759540171
111,1412,1523,0.149355914707742
111,1416,1527,0.1493810460035271
108,1417,1525,0.14940346594787496
103,1421,1524,0.14943236112735522
100,1412,1512,0.14947235723559177
103,1407,1510,0.1495171997189214
107,1397,1504,0.14955168994396187
105,1399,1504,0.14957343248484292
102,1397,1499,0.14959929849873435
99,1396,1495,0.14963132693971204
99,1402,1501,0.14966920909181042
98,1400,1498,0.14970488032572626
94,1408,1502,0.14974033862024194
95,1416,1511,0.14978259179319675
95,1415,1510,0.14981896464358968
91,1419,1510,0.14985283864386623
92,1416,1508,0.14989398944073362
93,1426,1519,0.14992993760721807
93,1416,1509,0.14996054635730963
92,1417,1509,0.14998929590470067
90,1419,1509,0.15001746217138728
90,1412,1502,0.1500505605737919
94,1411,1505,0.15008138659617906
92,1418,1510,0.15010039771254838
91,1415,1506,0.15012264184580448
89,1406,1495,0.15014647008300483
90,1424,1514,0.15017544320355283
90,1431,1521,0.15019877870736445
90,1432,1522,0.150220787083715
87,1436,1523,0.15024170207860407
87,1435,1522,0.15026944890502297
85,1434,1519,0.1502954478818133
84,1433,1517,0.15032479874007848
81,1439,1520,0.15035471784123658
82,1446,1528,0.1503909490970733
82,1439,1521,0.1504224265477214
83,1449,1532,0.15045091386473672
82,1451,1533,0.15047595199621433
82,1436,1518,0.15050258997538177
81,1437,1518,0.1505277692959746
76,1433,1509,0.1505534606792379
75,1442,1517,0.15058996017062692
74,1446,1520,0.1506267837053475
74,1437,1511,0.15066331320031792
71,1433,1504,0.15069725849854052
74,1448,1522,0.15073659022396552
71,1444,1515,0.15076459138963408
69,1456,1525,0.15079829416889406
69,1459,1528,0.150834373644378
69,1449,1518,0.1508687480249629
68,1440,1508,0.150899797074939
65,1443,1508,0.1509321256440872
66,1444,1510,0.15097038909736266
62,1445,1507,0.15100268300627995
63,1457,1520,0.15104367298037122
61,1460,1521,0.15107964116522055
59,1459,1518,0.15111729038410768
59,1464,1523,0.1511579708424564
57,1468,1525,0.151196579514801
55,1463,1518,0.15123701503491133
56,1465,1521,0.15128024828930328
55,1463,1518,0.1513181942136139
55,1464,1519,0.15135630134318173
54,1472,1526,0.15139181260063073
53,1468,1521,0.151427216093001
53,1469,1522,0.15146266634010475
53,1464,1517,0.15149576772396967
55,1455,1510,0.1515272957245172
56,1456,1512,0.15155119958110352
55,1435,1490,0.15157187703902175
54,1445,1499,0.15159421264165723
55,1458,1513,0.1516176154690927
55,1460,1515,0.15163606647552327
55,1467,1522,0.15165348854065017
55,1468,1523,0.15166969159198695
56,1466,1522,0.15168384513251407
56,1457,1513,0.151694093837008
55,1455,1510,0.15170453762172717
56,1456,1512,0.1517163662621807
56,1459,1515,0.15172479974394082
52,1457,1509,0.1517319613923762
51,1474,1525,0.15174870427686418
52,1478,1530,0.1517673045135777
53,1468,1521,0.15178163799231498
53,1470,1523,0.15179344106684806
53,1474,1527,0.15180434160810907
54,1470,1524,0.1518134514379864
53,1465,1518,0.15182062209478672
52,1460,1512,0.15182972567013223
56,1462,1518,0.15184147798793243
58,1465,1523,0.15184152293032172
59,1466,1525,0.15183730511642946
57,1463,1520,0.15183107049653977
56,1469,1525,0.15183102284845898
57,1469,1526,0.1518342425421024
61,1456,1517,0.15183312803057777
61,1465,1526,0.15182096958397573
59,1459,1518,0.15180892587978081
61,1462,1523,0.15180410976796221
61,1450,1511,0.15179422319992494
59,1459,1518,0.15178424414025535
57,1457,1514,0.1517811476541594
56,1447,1503,0.15178339789230655
56,1448,1504,0.1517885190186582
54,1459,1513,0.1517933556167928
52,1460,1512,0.15180294249272536
49,1455,1504,0.1518173715493307
50,1463,1513,0.15183955685110515
51,1462,1513,0.1518576130784615
51,1467,1518,0.1518713664775102
51,1478,1529,0.15188410005422845
52,1475,1527,0.15189573904774836
49,1460,1509,0.1519041183710035
49,1464,1513,0.15191978441733445
47,1461,1508,0.15193493175953932
47,1458,1505,0.15195417606901546
44,1481,1525,0.15197270575373825
42,1478,1520,0.151998018046119
45,1476,1521,0.15202697764021209
44,1474,1518,0.15204581791702038
45,1483,1528,0.15206656911790228
44,1469,1513,0.15208322625752105
46,1468,1514,0.15210165297909595
44,1472,1516,0.15211207050887895
44,1477,1521,0.15212721206634328
41,1472,1513,0.15214194611071613
42,1479,1521,0.15216344888183975
41,1475,1516,0.15218057082986658
41,1471,1512,0.1521988454702532
43,1470,1513,0.1522157022607166
40,1468,1508,0.15222578228513658
41,1476,1517,0.15224185171702093
40,1461,1501,0.15225513527711385
39,1469,1508,0.15227129327816066
38,1473,1511,0.15228927586843038
38,1472,1510,0.152308991869813
38,1474,1512,0.15232722802461052
37,1486,1523,0.1523447457811721
36,1491,1527,0.1523638864897701
36,1494,1530,0.1523844206370202
35,1477,1512,0.15240326531975346
36,1495,1531,0.15242366107017064
35,1491,1526,0.15243993723935273
35,1489,1524,0.15245811990514102
34,1486,1520,0.15247498694430336
34,1478,1512,0.15249398647705326
33,1474,1507,0.15251200909926915
32,1480,1512,0.1525315479675026
33,1486,1519,0.15255245969784464
37,1488,1525,0.1525690846190649
37,1488,1525,0.1525722463786012
35,1486,1521,0.15257485105286053
34,1475,1509,0.1525828812642699
33,1475,1508,0.1525924252818882
34,1473,1507,0.152604280764311
33,1459,1492,0.15261270660614212
33,1466,1499,0.15262355720553253
32,1465,1497,0.15263366845435752
32,1478,1510,0.1526460070580999
31,1481,1512,0.1526571070492669
32,1489,1521,0.1526702705975792
33,1489,1522,0.15267987230866367
33,1488,1521,0.15268683615694442
32,1474,1506,0.1526928433762983
33,1477,1510,0.15270144822011203
33,1488,1521,0.15270731526358206
34,1493,1527,0.1527123999378207
33,1489,1522,0.15271441685118536
32,1494,1526,0.15271913051131106
30,1477,1507,0.15272689259332392
29,1480,1509,0.15273951707160002
30,1494,1524,0.15275361664068193
28,1487,1515,0.15276391271435996
30,1493,1523,0.15277931695383945
29,1500,1529,0.15278768083965028
29,1505,1534,0.152798273714054
30,1491,1521,0.15280851163238796
30,1483,1513,0.1528151917882141
29,1472,1501,0.15282098133440697
29,1492,1521,0.15282843958650028
29,1484,1513,0.15283586914888114
29,1493,1522,0.15284321585729807
30,1489,1519,0.152850436140042
30,1493,1523,0.15285350433079198
29,1484,1513,0.1528568324169416
28,1477,1505,0.1528623018557978
26,1484,1510,0.15287047633232934
25,1495,1520,0.1528835952009566
24,1497,1521,0.15289873788750571
24,1484,1508,0.15291560747174274
26,1483,1509,0.15293102507646258
26,1495,1521,0.15293995638486824
27,1502,1529,0.15294784721917684
27,1488,1515,0.1529524757871795
26,1506,1532,0.15295724495956806
31,1500,1531,0.15296383220944165
31,1489,1520,0.1529545059322038
31,1477,1508,0.15294576956854558
31,1486,1517,0.15293769191613524
32,1504,1536,0.15293096410414095
33,1498,1531,0.15292218533333934
33,1488,1521,0.15291170000903737
34,1495,1529,0.15290260535918698
33,1477,1510,0.15289153151154336
34,1482,1516,0.15288418439924312
34,1497,1531,0.1528746146735245
33,1496,1529,0.1528662563053598
32,1480,1512,0.15286148168006305
36,1480,1516,0.15285982959130584
35,1470,1505,0.1528462240616146
34,1472,1506,0.1528368842818969
33,1473,1506,0.15283114698912073
33,1474,1507,0.1528287659375662
31,1467,1498,0.1528269868710913
29,1465,1494,0.15282989049989054
29,1469,1498,0.15283835054537756
29,1494,1523,0.15284660311093734
28,1503,1531,0.15285405343022918
27,1518,1545,0.15286286740046623
27,1499,1526,0.1528738841998036
30,1495,1525,0.15288454680647415
30,1484,1514,0.15288625327603178
30,1476,1506,0.15288828023459122
29,1484,1513,0.1528905542161626
29,1491,1520,0.15289531755995725
28,1504,1532,0.1529000748019226
27,1495,1522,0.15290710614478203
29,1495,1524,0.15291633959196838
27,1488,1515,0.15291821117570467
28,1491,1519,0.15292528323950022
30,1489,1519,0.15292924386859397
30,1482,1512,0.15292761422087636
30,1487,1517,0.15292658903604806
31,1485,1516,0.15292606929619698
30,1503,1533,0.15292277824746892
30,1499,1529,0.15292266904454457
30,1499,1529,0.15292294157557382
30,1508,1538,0.1529235265152309
28,1497,1525,0.1529243644591979
26,1490,1516,0.15293019879904124
25,1489,1514,0.15294070081081318
26,1488,1514,0.15295317512893852
26,1487,1513,0.15296254398628029
26,1492,1518,0.15297149083483152
24,1489,1513,0.15298002217124507
24,1490,1514,0.1529929361180766
23,1501,1524,0.15300515193605885
23,1490,1513,0.15301913182138102
21,1499,1520,0.15303150671297444
20,1494,1514,0.15304866697103153
19,1494,1513,0.15306727946109014
18,1493,1511,0.15308714617109975
18,1491,1509,0.15310817045606534
18,1488,1506,0.15312793740226635
19,1493,1512,0.15314651657041956
20,1494,1514,0.15316075479468164
19,1497,1516,0.1531714888321293
21,1503,1524,0.1531841124690199
21,1493,1514,0.15319043373722527
21,1497,1518,0.15319658146323772
19,1494,1513,0.15320253776922588
19,1491,1510,0.15321292707165113
22,1503,1525,0.1532228187142067
21,1498,1519,0.1532234244688887
18,1501,1519,0.15322696900005833
18,1498,1516,0.15323787819015094
19,1491,1510,0.15324745239463983
18,1490,1508,0.15325345135541327
19,1502,1521,0.15326250470087077
19,1496,1515,0.15326812339343548
18,1498,1516,0.15327367214635118
18,1493,1511,0.1532817279028513
17,1501,1518,0.1532891657589559
16,1509,1525,0.15329871994055125
16,1495,1511,0.15331057459887956
16,1504,1520,0.15332180539299967
15,1492,1507,0.15333243633778312
15,1483,1498,0.15334486146012172
14,1496,1510,0.15335659227994242
14,1492,1506,0.15337004788153216
14,1489,1503,0.15338273154832432
12,1498,1510,0.15339468264350803
14,1496,1510,0.15341072725869548
14,1481,1495,0.1534201178472109
12,1481,1493,0.15342907134774975
13,1499,1512,0.15344239803650273
13,1495,1508,0.15345252043142651
13,1500,1513,0.15346212567404896
13,1496,1509,0.1534712319896862
13,1499,1512,0.15347985823363844
12,1510,1522,0.15348802362671474
12,1515,1527,0.1534981995870844
11,1501,1512,0.15350779890861482
11,1506,1517,0.15351927657410744
11,1511,1522,0.15353008961352468
11,1520,1531,0.15354027333431905
11,1511,1522,0.15354986162443793
11,1512,1523,0.15355888693862935
10,1516,1526,0.15356738029907568
9,1510,1519,0.15357779724900378
9,1503,1512,0.1535900269598235
9,1498,1507,0.15360152340391858
9,1505,1514,0.15361232881856643
9,1513,1522,0.15362248326783978
9,1515,1524,0.15363202471493576
9,1510,1519,0.15364098909872684
9,1524,1533,0.15364941041306768
9,1519,1528,0.1536573207876474
9,1514,1523,0.1536647505693951
9,1507,1516,0.1536717284036314
9,1503,1512,0.1536782813143148
9,1502,1511,0.15368443478286445
9,1517,1526,0.15369021282515205
9,1519,1528,0.15369563806634962
9,1517,1526,0.1537007318133982
9,1516,1525,0.1537055141249276
9,1517,1526,0.1537100038785134
10,1509,1519,0.15371421883520006
9,1510,1519,0.15371495530689727
8,1512,1520,0.1537181920789197
8,1510,1518,0.1537237061105535
8,1509,1517,0.15372896052519466
8,1506,1514,0.15373396014994933
8,1508,1516,0.15373871104920356
8,1501,1509,0.1537432202393662
8,1489,1497,0.1537474954495051
9,1506,1515,0.1537515449212247
9,1513,1522,0.15375225505891288
10,1505,1515,0.15375304387390742
8,1502,1510,0.1537506793451852
8,1504,1512,0.15375350501266372
8,1504,1512,0.1537563284902455
8,1502,1510,0.15375912745318362
8,1509,1517,0.15376188389156603
6,1523,1529,0.15376458345920366
6,1530,1536,0.15377243690993708
6,1521,1527,0.15377985154096227
6,1517,1523,0.15378684789429542
6,1519,1525,0.15379344615951618
6,1514,1520,0.15379966606914613
6,1513,1519,0.15380552681777693
6,1518,1524,0.15381104700112808
6,1509,1515,0.15381624457177134
6,1509,1515,0.1538211368087346
6,1514,1520,0.15382574029860868
6,1496,1502,0.15383007092613527
6,1512,1518,0.15383414387255462
6,1513,1519,0.15383797362025445
6,1508,1514,0.15384157396248382
6,1506,1512,0.15384495801708675
6,1518,1524,0.15384813824337543
5,1521,1526,0.15385112646140292
5,1512,1517,0.15385625040309972
4,1518,1522,0.1538610637252404
4,1523,1527,0.15386801639173397
4,1508,1512,0.15387454630646033
4,1508,1512,0.15388067837188005
4,1500,1504,0.15388643614215858
4,1504,1508,0.15389184187863544
5,1487,1492,0.15389691660579385
5,1491,1496,0.15389852793221592
5,1506,1511,0.1539001365589619
5,1499,1504,0.15390173055040926
5,1504,1509,0.15390330022520116
5,1498,1503,0.15390483782668332
5,1501,1506,0.1539063372375663
5,1518,1523,0.15390779373309066
5,1517,1522,0.1539092037677015
5,1516,1521,0.15391056479087412
5,1523,1528,0.15391187508828647
5,1513,1518,0.15391313364502307
5,1511,1516,0.15391434002791435
4,1504,1508,0.1539154942844917
5,1508,1513,0.1539190672681109
5,1513,1518,0.1539192304510189
6,1503,1509,0.1539194984494337
4,1497,1501,0.15391657659150787
4,1507,1511,0.15391895297694133
4,1506,1510,0.15392134324738607
4,1500,1504,0.15392372561087356
4,1502,1506,0.153926082364674
4,1512,1516,0.15392839928237825
4,1516,1520,0.15393066508621459
4,1516,1520,0.15393287099310446
3,1513,1516,0.15393501032449206
3,1521,1524,0.1539397691830916
3,1511,1514,0.15394425868777495
3,1515,1518,0.15394849195460686
3,1521,1524,0.1539524817904144
2,1520,1522,0.1539562406414316
2,1529,1531,0.15396222225255893
1,1524,1525,0.1539678501189561
1,1525,1526,0.15397559402612201
1,1520,1521,0.153982875852491
1,1508,1509,0.1539897225038148
1,1511,1512,0.15399615941422895
1,1495,1496,0.15400221061300853
1,1506,1507,0.1540078987903964
1,1510,1511,0.15401324536212962
1,1518,1519,0.1540182705323739
1,1517,1518,0.15402299335484063
1,1524,1525,0.15402743179192296
1,1506,1507,0.1540316027717311
1,1508,1509,0.15403552224294942
1,1517,1518,0.15403920522747053
1,1515,1516,0.1540426658707873
1,1526,1527,0.1540459174901475
1,1524,1525,0.1540489726204937
1,1515,1516,0.15405184305822225
1,1507,1508,0.15405453990281248
1,1509,1510,0.15405707359637918
1,1528,1529,0.1540594539612139
1,1521,1522,0.1540616902353814
1,1527,1528,0.15406379110644303
1,1516,1517,0.15406576474338102
1,1526,1527,0.15406761882679734
1,1513,1514,0.15406936057746243
1,1518,1519,0.15407099678328792
1,1526,1527,0.154072533824798
2,1526,1528,0.1540739776991693
2,1533,1535,0.1540721097399936
2,1516,1518,0.15407045714474518
2,1509,1511,0.1540689939779901
2,1515,1517,0.1540676975253306
2,1526,1528,0.15406654788499533
2,1514,1516,0.15406552761192102
1,1513,1514,0.15406462140751961
1,1519,1520,0.15406627701576098
1,1523,1524,0.1540678704250028
1,1523,1524,0.1540694001161019
1,1518,1519,0.1540708653840424
1,1522,1523,0.1540722661908024
1,1519,1520,0.15407360304032716
1,1525,1526,0.15407487687249488
1,1518,1519,0.15407608897338634
1,1527,1528,0.1540772408995408
1,1524,1525,0.15407833441419974
1,1518,1519,0.15407937143381467
1,1515,1516,0.15408035398333578
1,1500,1501,0.15408128415900207
1,1509,1510,0.15408216409753275
1,1519,1520,0.1540829959507735
1,1503,1504,0.15408378186498184
1,1509,1510,0.1540845239640535
1,1515,1516,0.1540852243360874
1,1508,1509,0.1540858850227737
1,1512,1513,0.1540865080111627
1,1511,1512,0.15408709522743524
1,1504,1505,0.1540876485323505
1,1509,1510,0.15408816971809336
0,1510,1510,0.15408866050628428
