1370,27,1397,0.13579579945734055
1405,27,1432,0.1329431452467114
1436,27,1463,0.1302512046315539
1445,25,1470,0.12771471224324862
1436,25,1461,0.12538269375857547
1448,24,1472,0.12328887614440205
1453,24,1477,0.12135242040630523
1467,26,1493,0.11958011495117786
1464,26,1490,0.11793077656513522
1466,27,1493,0.116437517990069
1463,26,1489,0.1150746547545716
1479,24,1503,0.11384435769448437
1464,25,1489,0.11268641064187589
1458,26,1484,0.11166997144441805
1455,24,1479,0.11076237587315357
1458,26,1484,0.10994275053192987
1462,24,1486,0.10919053466867369
1478,23,1501,0.10849745757176076
1488,23,1511,0.10782448798081035
1485,21,1506,0.10718742000782225
1476,21,1497,0.10661459613812749
1477,20,1497,0.10611450371372781
1470,19,1489,0.10565955775524989
1470,20,1490,0.10526224691071814
1466,20,1486,0.10490104803254399
1466,22,1488,0.10458144607962215
1473,23,1496,0.10429136620077795
1476,23,1499,0.10401209377002257
1477,25,1502,0.1037516624233353
1480,23,1503,0.10351332262936604
1480,24,1504,0.10329040913604393
1484,22,1506,0.10308855741136885
1476,22,1498,0.10289388591250649
1479,21,1500,0.10273369845575483
1473,23,1496,0.10258102744759703
1459,23,1482,0.10245591312024274
1469,23,1492,0.10237459957460229
1473,23,1496,0.10227761394271877
1466,23,1489,0.10218179427367033
1456,24,1480,0.1021115411012833
1470,26,1496,0.1020708290941819
1470,25,1495,0.10200194104797465
1468,25,1493,0.1019412766817098
1464,26,1490,0.10188933232423096
1457,27,1484,0.10185297187739892
1466,29,1495,0.10183625861803844
1471,28,1499,0.10180155028903545
1462,27,1489,0.10175911977462768
1481,29,1510,0.10173951570641208
1472,29,1501,0.10167901398802993
1486,29,1515,0.10164229195924136
1468,28,1496,0.10157733480458933
1469,31,1500,0.10155970516034425
1467,31,1498,0.10154383284520131
1474,30,1504,0.10153387909661234
1469,31,1500,0.10150940327184031
1480,31,1511,0.10149745913430833
1472,32,1504,0.10146305856980053
1481,33,1514,0.10144836919024502
1478,33,1511,0.10141551121143014
1466,32,1498,0.10139306342776515
1455,33,1488,0.10139962273730971
1455,33,1488,0.10143140321621899
1448,35,1483,0.10146108260180743
1456,32,1488,0.10150498786321836
1455,33,1488,0.10152604106679661
1460,31,1491,0.1015479215962965
1452,30,1482,0.10155581596834655
1441,30,1471,0.10158100083692019
1454,33,1487,0.10162776519775438
1452,32,1484,0.10164357007935433
1446,30,1476,0.10166334697309236
1458,31,1489,0.10169343185800518
1467,34,1501,0.10169356886065727
1464,36,1500,0.1016731978929516
1456,36,1492,0.10166195351301469
1443,38,1481,0.10167045857863266
1444,38,1482,0.10170779370585384
1456,38,1494,0.10173966808145017
1461,41,1502,0.10174210090856484
1450,41,1491,0.10173284365425868
1454,40,1494,0.10174917351654134
1448,39,1487,0.1017571838124824
1436,40,1476,0.10177756835574123
1440,39,1479,0.10182311659319002
1432,40,1472,0.10185617789935111
1446,41,1487,0.10190446713862837
1444,44,1488,0.10191789418908495
1452,43,1495,0.1019342383547799
1433,45,1478,0.10193072165789757
1443,45,1488,0.10197091505280706
1448,44,1492,0.10198590571952533
1445,41,1486,0.10198921906369005
1442,42,1484,0.10199997169065292
1436,41,1477,0.10201652115304954
1441,41,1482,0.1020449358127165
1458,42,1500,0.10206014166429535
1461,43,1504,0.10203723384777201
1451,42,1493,0.1020070141637585
1451,39,1490,0.10199995911985953
1444,38,1482,0.10199571266333543
1436,40,1476,0.10200707208540248
1443,40,1483,0.10203392135596627
1452,40,1492,0.1020449882287831
1461,39,1500,0.10203464011764693
1447,38,1485,0.10200216042520975
1443,38,1481,0.10200294235350878
1450,36,1486,0.10201337128679726
1458,38,1496,0.10200830837645813
1454,36,1490,0.10198560768236135
1461,35,1496,0.10197295735667945
1449,36,1485,0.10194671397424201
1452,39,1491,0.10194899443620394
1463,39,1502,0.10194381071692835
1455,38,1493,0.10191510743650876
1448,36,1484,0.10190700443384543
1462,35,1497,0.10191482732654485
1474,34,1508,0.10189045895541944
1476,33,1509,0.10183994494736741
1475,33,1508,0.10178867266581243
1482,30,1512,0.10174313339454702
1474,31,1505,0.10168571291504495
1471,31,1502,0.10165038410148934
1458,30,1488,0.10162489045170851
1478,32,1510,0.10163036490984964
1482,32,1514,0.10159033595346266
1477,31,1508,0.10154564274314552
1466,31,1497,0.10151394761144111
1470,30,1500,0.10151003585522886
1459,30,1489,0.10149670334306354
1463,29,1492,0.10151175544605202
1455,31,1486,0.10151667842014366
1453,31,1484,0.10153924509299803
1461,32,1493,0.10156473033048857
1457,31,1488,0.1015697949344537
1461,32,1493,0.10158371438277791
1458,33,1491,0.10158677949487224
1455,34,1489,0.10159471679656239
1449,33,1482,0.10161023388897834
1449,31,1480,0.10163826451940633
1461,33,1494,0.10166453678550834
1455,33,1488,0.10166250181414775
1459,33,1492,0.10167467184780754
1447,32,1479,0.10167694034330951
1443,33,1476,0.10170556195738172
1459,33,1492,0.10173948162381777
1465,33,1498,0.10173700089279386
1461,34,1495,0.10172099210674865
1456,35,1491,0.10171433593156542
1455,34,1489,0.10172144211863834
1465,33,1498,0.10173107395769229
1459,33,1492,0.10171741536804411
1454,35,1489,0.10171725214311547
1450,34,1484,0.10172802624661058
1455,35,1490,0.10174746181010669
1454,34,1488,0.1017551572666179
1449,34,1483,0.10176428558565075
1449,36,1485,0.10178325862913379
1456,36,1492,0.10180067100711002
1458,35,1493,0.10180220697818544
1438,35,1473,0.10179755383556464
1433,34,1467,0.10183673422304022
1442,33,1475,0.10188415175037548
1453,35,1488,0.10190867532234105
1450,34,1484,0.1019073042068901
1457,34,1491,0.10191364792308302
1452,33,1485,0.10190259727857703
1448,32,1480,0.10190337490069584
1456,35,1491,0.10191091165340475
1462,38,1500,0.10190000752751939
1461,36,1497,0.10187552955689158
1459,36,1495,0.10185720883211885
1452,38,1490,0.10184293156126448
1464,38,1502,0.10184717047176782
1461,38,1499,0.1018250428016562
1462,38,1500,0.10181295256710925
1451,37,1488,0.10180037825626329
1457,37,1494,0.10181254454023797
1458,36,1494,0.10181040306733859
1452,37,1489,0.10180561798934497
1466,37,1503,0.10181496592454155
1452,39,1491,0.10179124384202634
1453,38,1491,0.10180274316423517
1463,37,1500,0.10181180230223032
1459,36,1495,0.10179937800915435
1467,37,1504,0.10179638444927157
1470,37,1507,0.10177497469816676
1456,37,1493,0.10174809008809238
1449,37,1486,0.10175584769544896
1451,37,1488,0.10177823712816383
1441,36,1477,0.10179520483004158
1446,38,1484,0.10183231006613276
1451,39,1490,0.10185544528171973
1464,38,1502,0.10186515719407309
1449,38,1487,0.1018453940923259
1447,38,1485,0.10186121146197874
1465,41,1506,0.1018805949859826
1465,40,1505,0.10185844991796435
1457,39,1496,0.10183751524274723
1458,40,1498,0.10183478725736514
1453,39,1492,0.10183088161382269
1454,44,1498,0.1018371901928268
1453,45,1498,0.10184272512785711
1429,44,1473,0.101851802270224
1432,43,1475,0.10191332766369583
1433,42,1475,0.10196401178197842
1443,44,1487,0.10200896447853297
1451,45,1496,0.10202919478979317
1442,44,1486,0.10202892965300366
1431,46,1477,0.10204766404893383
1441,47,1488,0.10208971501880751
1434,46,1480,0.10210667141799075
1438,47,1485,0.10213811863580399
1441,44,1485,0.1021579340114945
1446,46,1492,0.10216997430655173
1447,47,1494,0.10216992968680497
1441,49,1490,0.1021658657614623
1428,50,1478,0.10217624544249537
1439,51,1490,0.10221634703369523
1443,50,1493,0.10223050138844035
1436,51,1487,0.10223284259242504
1425,51,1476,0.10225181070217097
1436,51,1487,0.10229394643205751
1429,50,1479,0.10230859104653224
1443,52,1495,0.1023360462874814
1439,52,1491,0.10232756326696539
1438,52,1490,0.10232955889803737
1442,51,1493,0.10233326202804123
1433,51,1484,0.10233026957275286
1448,52,1500,0.10234594782851573
1444,54,1498,0.10232648004862309
1431,53,1484,0.1023180995029887
1432,53,1485,0.10233926651679301
1434,53,1487,0.10235870376927876
1428,54,1482,0.1023715702046196
1436,55,1491,0.1023982221481572
1435,55,1490,0.1024048630906755
1429,54,1483,0.10241400786096716
1433,53,1486,0.10243585545923224
1439,51,1490,0.10244794975560957
1431,54,1485,0.10244367674938423
1433,53,1486,0.10245527350288755
1434,54,1488,0.10246254965529537
1426,55,1481,0.10246689444142815
1452,56,1508,0.10248868496397266
1455,56,1511,0.1024509168340638
1444,57,1501,0.10241006577018613
1442,57,1499,0.10239654290763714
1447,57,1504,0.10238913059715593
1441,56,1497,0.10237276136381705
1439,58,1497,0.10237235466776128
1441,59,1500,0.10237571817873047
1439,57,1496,0.10237521689477777
1431,56,1487,0.10238034271258772
1440,58,1498,0.10240428250983022
1446,57,1503,0.10240461814241522
1440,56,1496,0.10239052052202613
1443,55,1498,0.10239103724078127
1441,56,1497,0.10238629146237777
1428,58,1486,0.10238486920825313
1428,56,1484,0.10240990592338264
1426,55,1481,0.1024331485149314
1420,55,1475,0.10245950459868595
1433,52,1485,0.10249630827800088
1427,51,1478,0.1025014887527719
1441,52,1493,0.10251963506963925
1440,51,1491,0.10250595589007265
1439,50,1489,0.10249511721684716
1448,48,1496,0.10248663857678718
1441,51,1492,0.1024580674162831
1437,52,1489,0.1024481951425016
1438,55,1493,0.10244631058121347
1421,53,1474,0.10244318154269529
1419,52,1471,0.10247845217741446
1428,55,1483,0.10251644288071216
1425,53,1478,0.10253226776809697
1431,53,1484,0.10255434214256103
1430,52,1482,0.1025615247385468
1439,53,1492,0.10256761876968078
1448,51,1499,0.10255330455676642
1432,52,1484,0.10251875694222334
1450,54,1504,0.10252366821315703
1447,54,1501,0.10248820035170617
1448,53,1501,0.10246169115280765
1424,53,1477,0.10243454889747369
1435,52,1487,0.10246433078563029
1435,54,1489,0.10246764870731352
1432,56,1488,0.10247085901764594
1448,58,1506,0.10248309253480574
1442,59,1501,0.10245893508396303
1440,60,1500,0.10244951654061232
1444,61,1505,0.10244468074459061
1436,58,1494,0.1024321508356519
1431,57,1488,0.10243959468102172
1415,55,1470,0.10245749667514772
1425,56,1481,0.10250969073400688
1440,60,1500,0.10253452345057414
1426,61,1487,0.10252264194424333
1432,60,1492,0.10254291850788572
1429,60,1489,0.10254854838904583
1423,58,1481,0.10256066683508841
1425,62,1487,0.10258522735178499
1428,63,1491,0.10260315615197943
1442,61,1503,0.10261319317553376
1433,61,1494,0.10259028065887328
1433,60,1493,0.10259008893143046
1441,59,1500,0.10258941080000454
1444,60,1504,0.10257061592135511
1436,56,1492,0.10254933832864176
1440,57,1497,0.10254420206084124
1432,58,1490,0.10253294552415611
1436,58,1494,0.10254214308519911
1437,58,1495,0.10253941769632358
1423,60,1483,0.10253362345354891
1442,61,1503,0.10255921759925546
1434,61,1495,0.10254089845551671
1440,63,1503,0.1025423163259379
1436,63,1499,0.10252983697566448
1418,63,1481,0.10252816398267299
1426,62,1488,0.10256560813993426
1431,60,1491,0.10258218550429636
1440,60,1500,0.1025875625909213
1437,59,1496,0.1025727789570378
1436,62,1498,0.10256789931550316
1431,63,1494,0.10256650925226235
1433,63,1496,0.10257678320190682
1438,62,1500,0.10258163262753889
1451,61,1512,0.10257452690047336
1456,61,1517,0.1025387226026062
1439,61,1500,0.10249505798979358
1438,59,1497,0.10249275608696078
1441,57,1498,0.10249304656843958
1443,58,1501,0.10248750927842401
1442,61,1503,0.10247828133991986
1436,62,1498,0.10247279343366937
1434,63,1497,0.10248059409272743
1432,62,1494,0.10249309454153224
1439,65,1504,0.10250823158823173
1427,64,1491,0.10250443958551905
1447,61,1508,0.10252914827542348
1432,62,1494,0.10250591771346051
1434,60,1494,0.10251750473239529
1435,61,1496,0.10252499600825069
1446,62,1508,0.10252809791986696
1443,63,1506,0.10250439108665259
1431,66,1497,0.10249103478574031
1430,67,1497,0.10250459274943324
1432,66,1498,0.10252105317526163
1437,68,1505,0.10253195778876323
1442,67,1509,0.10253058713734514
1427,67,1494,0.10251922931555457
1429,68,1497,0.10254194744642389
1418,66,1484,0.10255720674877783
1426,65,1491,0.10259634018591628
1415,69,1484,0.10261575700014998
1421,68,1489,0.10265867621578366
1418,67,1485,0.10268555688818626
1430,63,1493,0.10271767066366799
1436,64,1500,0.10271938986118923
1444,66,1510,0.10270659162899007
1442,69,1511,0.10267817408699387
1437,65,1502,0.1026556284531522
1434,69,1503,0.10264653193324362
1429,69,1498,0.10264434792671341
1431,73,1504,0.1026538349477208
1432,72,1504,0.10265768882168101
1435,68,1503,0.1026589991793084
1433,67,1500,0.10265293229843568
1432,67,1499,0.10265160216671036
1427,64,1491,0.10265420034584832
1428,64,1492,0.10266350987916002
1432,61,1493,0.10267122326536499
1437,62,1499,0.10266845162427128
1449,57,1506,0.10265310107526583
1446,55,1501,0.10261246307340302
1454,52,1506,0.10258207637506844
1450,47,1497,0.10253497945310082
1447,51,1498,0.10249941646839306
1446,53,1499,0.10247125896677325
1444,54,1498,0.10244838380541102
1448,51,1499,0.10243308854791987
1443,52,1495,0.10241134939217961
1422,50,1472,0.10240285838938068
1420,51,1471,0.10244134872309653
1415,52,1467,0.10248386228609696
1419,52,1471,0.10253433779779524
1432,52,1484,0.10257042382476722
1422,55,1477,0.10257293495493087
1429,56,1485,0.1025976224583302
1435,55,1490,0.10260301630142202
1428,57,1485,0.1025949387464403
1429,56,1485,0.10260061542127215
1426,58,1484,0.10260417593933323
1424,58,1482,0.10261351128626743
1420,58,1478,0.10262782755809359
1421,59,1480,0.10264823838570067
1430,60,1490,0.10266668291633702
1435,60,1495,0.10266603371845205
1431,63,1494,0.10265349700608031
1426,63,1489,0.10265144250820601
1437,63,1500,0.1026614659873279
1438,62,1500,0.10264488704929127
1434,64,1498,0.10262649111000016
1439,64,1503,0.10261917419290166
1447,63,1510,0.10260446514625204
1427,60,1487,0.1025719337528771
1432,62,1494,0.10258657280963117
1426,61,1487,0.10258811244704338
1423,63,1486,0.10260272566752718
1407,62,1469,0.10262303436450652
1414,61,1475,0.10267924229489223
1417,60,1477,0.10271478292203241
1428,60,1488,0.10274155348564434
1426,61,1487,0.10274051687182836
1424,61,1485,0.10274379771874219
1429,59,1488,0.10275206529251063
1429,60,1489,0.10274829478783896
1435,59,1494,0.10274384070181526
1433,61,1494,0.1027263365509144
1429,60,1489,0.10271506162788928
1437,62,1499,0.10271410262769816
1447,60,1507,0.10269687240308169
1448,62,1510,0.10265852660349188
1443,61,1504,0.10262090809496283
1433,62,1495,0.10259895124503973
1436,65,1501,0.10260097448644552
1413,67,1480,0.10259655581359699
1404,70,1474,0.1026438882057431
1431,67,1498,0.10270737344297039
1431,63,1494,0.10270461795545394
1434,60,1494,0.10270062763636827
1428,62,1490,0.10268993020033496
1429,64,1493,0.10269478848719102
1428,62,1490,0.10269601362323343
1418,63,1481,0.10270028716172135
1416,60,1476,0.10272781184665548
1408,63,1471,0.10275898607288486
1414,64,1478,0.10280679349601836
1410,58,1468,0.1028356823682992
1403,59,1462,0.10287012040999059
1421,59,1480,0.10291815070638957
1435,61,1496,0.10292041882578645
1435,58,1493,0.102890795697658
1428,59,1487,0.10286463883658023
1420,61,1481,0.1028539074180387
1422,63,1485,0.10286325656744463
1442,65,1507,0.1028680875773315
1449,65,1514,0.10282863824004948
1448,64,1512,0.10277803547247512
1443,64,1507,0.10273187014474232
1434,63,1497,0.10270061787646594
1437,63,1500,0.10269090523927815
1422,62,1484,0.10267653486032159
1421,64,1485,0.10269788992678026
1423,66,1489,0.10271966755073192
1431,67,1498,0.10273577822224586
1435,67,1502,0.10273282010335856
1428,69,1497,0.10272207756254526
1423,68,1491,0.10272688656937755
1421,69,1490,0.10274370243434905
1417,68,1485,0.10276445180296243
1428,70,1498,0.1027915135426376
1422,71,1493,0.10279214713081078
1436,73,1509,0.10280688282383149
1435,71,1506,0.10278811994728919
1442,69,1511,0.10277323278222181
1439,73,1512,0.10274362809295808
1426,75,1501,0.10272346966949226
1443,75,1518,0.10273419750761298
1445,71,1516,0.10270670855658118
1431,70,1501,0.10267550411947082
1440,70,1510,0.1026803930665178
1427,72,1499,0.10266548627890178
1425,71,1496,0.10268246430390647
1417,73,1490,0.10270292239086272
1431,75,1506,0.10274012639614195
1440,75,1515,0.1027421476132789
1426,73,1499,0.10272278386685535
1433,72,1505,0.1027343155353833
1441,70,1511,0.10273007711070044
1440,72,1512,0.10270879420797195
1429,70,1499,0.10269156736908824
1410,72,1482,0.10270119144148815
1425,73,1498,0.1027520960136834
1417,74,1491,0.10276665591768239
1421,71,1492,0.10279845568753387
1421,75,1496,0.10281860121720374
1431,73,1504,0.1028352305729458
1424,71,1495,0.10282771221471947
1419,71,1490,0.10283642942179334
1417,71,1488,0.10285788396982203
1416,72,1488,0.10288081111562469
1415,73,1488,0.10290186413365195
1431,72,1503,0.10292491150891746
1433,74,1507,0.10291053268471036
1430,74,1504,0.10289111190364864
1438,71,1509,0.10288033084587012
1434,69,1503,0.10285149770797455
1439,68,1507,0.1028351665039813
1436,65,1501,0.1028079318428539
1438,65,1503,0.10279001462525417
1431,65,1496,0.10276854732443112
1414,64,1478,0.10276510396166984
1431,65,1496,0.102799725366194
1442,64,1506,0.10279300891938899
1444,64,1508,0.10276267650546096
1427,67,1494,0.10273092244044683
1428,70,1498,0.10273985636100459
1420,72,1492,0.1027464100637987
1409,71,1480,0.10276958906101655
1413,72,1485,0.10281651152807672
1426,71,1497,0.10285055278944229
1426,72,1498,0.10285282111359613
1419,71,1490,0.10285388470175619
1417,71,1488,0.1028711739967079
1424,69,1493,0.10289036303649744
1431,71,1502,0.10289202660214407
1421,72,1493,0.10287761387926082
1427,70,1497,0.1028864188464166
1428,66,1494,0.10288229472604886
1414,70,1484,0.10287762588037225
1430,74,1504,0.10290428707336285
1426,71,1497,0.10289215361885456
1430,72,1502,0.10288983768452482
1431,75,1506,0.10287824239641832
1443,75,1518,0.10286512802380424
1436,70,1506,0.10282699622463454
1424,72,1496,0.10280832856781967
1443,71,1514,0.10281754256771443
1440,71,1511,0.10278333458994819
1433,75,1508,0.10275831212762723
1428,75,1503,0.10275290062062219
1426,76,1502,0.10275919031624109
1426,76,1502,0.10277016063926661
1419,75,1494,0.10278123982846282
1418,76,1494,0.10280899551034399
1416,77,1493,0.10283608446573109
1417,75,1492,0.10286380316353577
1423,76,1499,0.10288547359000312
1407,76,1483,0.10289359980056417
1414,76,1490,0.10293693777215335
1417,76,1493,0.10296266487326868
1413,77,1490,0.10297824243508728
1411,75,1486,0.10300088386295896
1425,73,1498,0.1030258532549379
1420,74,1494,0.10301707975050406
1416,75,1491,0.10302087770900684
1427,75,1502,0.10303204974604348
1426,75,1501,0.10301769327966351
1409,76,1485,0.10300809297939786
1415,77,1492,0.10303796697092768
1411,80,1491,0.10305263154813572
1422,79,1501,0.10307361836197128
1433,81,1514,0.10306770390419398
1431,81,1512,0.10303786973228543
1427,82,1509,0.10301538215101001
1412,81,1493,0.10300265322688236
1404,80,1484,0.10302591919356124
1406,80,1486,0.10306526025111065
1419,79,1498,0.10309537396288064
1415,81,1496,0.10309663615293918
1402,79,1481,0.10310798379701619
1399,75,1474,0.1031467436485554
1404,75,1479,0.10318934974401368
1397,74,1471,0.10321946228637785
1394,77,1471,0.10326170669498486
1391,76,1467,0.10330806418849664
1389,75,1464,0.10335742655217105
1401,76,1477,0.10340523093279483
1403,80,1483,0.10342258798258812
1401,83,1484,0.10343428271859131
1396,82,1478,0.10344854882921703
1396,82,1478,0.10347293647074553
1398,82,1480,0.10349441811263332
1411,83,1494,0.10350855634642162
1413,82,1495,0.10349283010652043
1424,85,1509,0.10347593461484304
1426,84,1510,0.10343559039389173
1412,86,1498,0.10339356298852785
1407,86,1493,0.10338652313844188
1398,85,1483,0.10339150504312998
1405,89,1494,0.1034183316609427
1409,85,1494,0.10342794468812994
1411,87,1498,0.10342631774733448
1385,88,1473,0.10341973501580418
1405,91,1496,0.10347166473460359
1400,93,1493,0.10347549118000433
1412,89,1501,0.10349156310996499
1406,90,1496,0.10348105217440885
1409,93,1502,0.10348651327864705
1389,93,1482,0.10348505073382058
1386,91,1477,0.10352711110786114
1396,92,1488,0.10357214283056702
1401,92,1493,0.10359140633392458
1401,97,1498,0.10359958423975638
1384,98,1482,0.10360867524317446
1386,99,1485,0.10365567002408756
1375,99,1474,0.10369627981868879
1389,96,1485,0.10375869957053281
1380,99,1479,0.10378537859885852
1382,102,1484,0.1038301726375957
1380,103,1483,0.10386289620125307
1390,103,1493,0.10389709549374818
1401,107,1508,0.10390545396856353
1397,104,1501,0.10389131066707911
1401,102,1503,0.10388699143351729
1397,104,1501,0.1038748428391716
1393,107,1500,0.10387249147253837
1399,104,1503,0.10388133268565179
1392,106,1498,0.10387633442269326
1396,107,1503,0.10388879955401906
1388,110,1498,0.1038910642302819
1399,111,1510,0.1039114025650601
1398,106,1504,0.10390475722510657
1404,106,1510,0.10390090658188356
1406,102,1508,0.10388652178700912
1404,107,1511,0.10386689869932032
1382,107,1489,0.1038526341831575
1388,108,1496,0.10388962972157416
1387,109,1496,0.1039118081703003
1391,112,1503,0.10393410511163718
1396,112,1508,0.10394521779460889
1390,114,1504,0.10394512453149923
1386,116,1502,0.10395800561087962
1376,112,1488,0.10398164331808736
1378,115,1493,0.10402717015533788
1371,116,1487,0.10406491758224255
1365,115,1480,0.10411239279182012
1369,115,1484,0.10417055525559875
1381,114,1495,0.10421353727787253
1390,113,1503,0.10422876699768642
1382,113,1495,0.1042238793397761
1381,113,1494,0.10423572773832934
1383,116,1499,0.10424938002189674
1375,116,1491,0.10425691165014886
1383,116,1499,0.10428223501250322
1375,119,1494,0.1042878390598069
1372,117,1489,0.10431379121002302
1355,118,1473,0.10434450496615778
1355,123,1478,0.10441188135292176
1348,123,1471,0.10447329102173197
1364,127,1491,0.10454587004331657
1371,126,1497,0.10457732801688296
1374,128,1502,0.10458996881345149
1375,126,1501,0.10459541977912208
1373,127,1500,0.10459908806940302
1381,131,1512,0.10460864885190148
1378,131,1509,0.10459995263209634
1373,131,1504,0.10459892153164972
1375,130,1505,0.1046077542981927
1363,126,1489,0.1046124156050913
1360,129,1489,0.10464301142035297
1358,130,1488,0.10467815663624495
1368,134,1502,0.10471319271464555
1356,136,1492,0.10472244408578886
1360,137,1497,0.10475754968951921
1362,137,1499,0.10478278483775195
1366,138,1504,0.10480184519304082
1368,139,1507,0.1048119995111304
1365,138,1503,0.10481669117850878
1368,135,1503,0.1048279006127065
1352,138,1490,0.10483244841028727
1353,136,1489,0.10487405815525541
1344,133,1477,0.10491050633162874
1346,129,1475,0.10496511262441371
1344,129,1473,0.10501025058932621
1343,135,1478,0.10505529059506624
1355,137,1492,0.10510025883174087
1362,141,1503,0.1051138169116765
1354,145,1499,0.10511168252474576
1357,145,1502,0.105126880053204
1362,141,1503,0.10513627219614147
1356,133,1489,0.10513207506995449
1360,136,1496,0.10514317222251914
1369,136,1505,0.1051434175088075
1357,132,1489,0.10512356894228315
1353,132,1485,0.10513319112462716
1349,134,1483,0.10515112294328524
1357,138,1495,0.1051745085219315
1344,133,1477,0.10517817830503617
1354,136,1490,0.10521157662251218
1357,136,1493,0.10521999214632057
1356,136,1492,0.10522181598198653
1360,138,1498,0.10522596790910878
1349,140,1489,0.10522056084928812
1355,143,1498,0.1052411518862932
1346,141,1487,0.10524794493202727
1355,144,1499,0.10527375101238694
1361,146,1507,0.10527690598656672
1357,143,1500,0.10526643379308592
1349,142,1491,0.10526610402327354
1359,143,1502,0.10528318701968092
1361,144,1505,0.10527634441978709
1348,141,1489,0.10526565658233598
1360,137,1497,0.10528620243954415
1363,138,1501,0.10527646870786807
1351,141,1492,0.10526090121245557
1356,141,1497,0.10527225703989444
1346,142,1488,0.10527311455995665
1354,142,1496,0.10529661789211263
1366,142,1508,0.1053013291623852
1352,141,1493,0.10527778971752365
1353,138,1491,0.10528775168224506
1355,139,1494,0.1052956186075199
1365,140,1505,0.1052978316174632
1364,139,1503,0.10527737160329402
1357,139,1496,0.10525970296627676
1362,139,1501,0.10525959292429206
1358,141,1499,0.105248587483537
1362,141,1503,0.10524810827068802
1363,143,1506,0.10523972294601226
1367,140,1507,0.10522881972684833
1362,139,1501,0.10520818188936566
1367,140,1507,0.10520079178970203
1374,140,1514,0.10518417203587642
1374,141,1515,0.10515114522108487
1365,147,1512,0.1051200211615074
1366,142,1508,0.10511389989959036
1356,143,1499,0.10510717699986312
1364,143,1507,0.10512277532095596
1367,142,1509,0.1051221786667965
1366,149,1515,0.10511344062611828
1363,144,1507,0.10510420802181784
1361,141,1502,0.10510346459858262
1364,139,1503,0.10510617211769954
1358,137,1495,0.10510190861568139
1357,136,1493,0.10511129803001086
1358,138,1496,0.10512364917827238
1372,139,1511,0.1051323302881644
1362,134,1496,0.10510989504918282
1355,133,1488,0.10511158442757665
1372,134,1506,0.10512924460275137
1368,137,1505,0.10510583132441305
1350,136,1486,0.10509323191375061
1360,133,1493,0.10512271598446751
1378,131,1509,0.10512520071082075
1368,134,1502,0.10508516015037557
1375,137,1512,0.10507067562006188
1368,139,1507,0.10504147973958106
1383,138,1521,0.10503194420396367
1367,138,1505,0.10499053892021458
1374,139,1513,0.10498921964646005
1368,139,1507,0.10497220278297777
1360,136,1496,0.10496842574919026
1364,134,1498,0.10498374457759475
1358,132,1490,0.10498923107027261
1357,133,1490,0.10500793714634771
1361,134,1495,0.10502545514395761
1360,133,1493,0.10503125772414008
1357,129,1486,0.10503815750640104
1361,133,1494,0.10505139538438474
1350,136,1486,0.10505349997453686
1356,141,1497,0.10507998311493376
1348,138,1486,0.10509171200077053
1363,141,1504,0.10512101515528706
1372,139,1511,0.10511503249966422
1366,135,1501,0.10508706171097333
1363,132,1495,0.10507352702752666
1369,130,1499,0.10506877897229985
1366,132,1498,0.10505194906374929
1364,134,1498,0.1050411320111813
1368,135,1503,0.10503671811707121
1363,132,1495,0.10502460178074598
1365,130,1495,0.1050237800813643
1370,128,1498,0.10501904665647853
1380,127,1507,0.10500234793529023
1386,129,1515,0.10496397347459531
1374,133,1507,0.10491407237307221
1372,134,1506,0.10489269763855631
1361,135,1496,0.10487863597183704
1365,136,1501,0.10489169188170744
1364,135,1499,0.10489614866125681
1366,134,1500,0.10490154504701238
1376,131,1507,0.10490261230586043
1357,129,1486,0.10488156407015542
1365,133,1498,0.104904743300063
1359,135,1494,0.10490815358867717
1351,139,1490,0.10492583922409601
1345,136,1481,0.10496023320763767
1358,136,1494,0.10500574728974538
1356,134,1490,0.10501918946462732
1361,140,1501,0.10503717133287001
1366,143,1509,0.10504418954045562
1349,143,1492,0.10503992596906322
1351,136,1487,0.10507410213883256
1352,134,1486,0.10510211514903396
1358,140,1498,0.10512341734851198
1360,137,1497,0.10512968891453468
1361,140,1501,0.1051309447518835
1365,136,1501,0.1051295909400287
1368,133,1501,0.10511775898737924
1377,133,1510,0.10510079667849538
1356,134,1490,0.10506475079390201
1358,134,1492,0.10507696484776251
1356,140,1496,0.10508561063128848
1365,138,1503,0.1050985466200764
1373,134,1507,0.10509031022711564
1357,133,1490,0.10506553760567475
1356,135,1491,0.1050776047979704
1365,138,1503,0.10509052479398298
1359,134,1493,0.10508343924121025
1340,135,1475,0.1050909762454656
1343,138,1481,0.10514083775027022
1333,137,1470,0.10518137722088004
1335,140,1475,0.10524061448909208
1339,138,1477,0.10529120563860092
1333,136,1469,0.10532735891023468
1353,130,1483,0.10537310887158745
1351,126,1477,0.10537052476529997
1349,127,1476,0.10537113605428518
1352,132,1484,0.1053769006927673
1350,131,1481,0.10537540388789143
1342,134,1476,0.10537977478073629
1334,135,1469,0.10540265312091689
1348,135,1483,0.10544049440730115
1358,142,1500,0.10544200768932295
1358,141,1499,0.10542053726211403
1346,136,1482,0.10540288767782276
1343,138,1481,0.10541523780357809
1354,136,1490,0.10543393514301909
1349,142,1491,0.10542502428117144
1343,144,1487,0.10542956542127317
1358,141,1499,0.1054442495203271
1342,136,1478,0.10542195382590258
1333,134,1467,0.10543808482329016
1340,133,1473,0.10547101342060763
1352,138,1490,0.10548696419894955
1346,136,1482,0.10547457244226001
1346,140,1486,0.1054772356258194
1351,142,1493,0.10548034202839192
1361,144,1505,0.10547271887538048
1351,142,1493,0.10544483437269431
1344,142,1486,0.10544081721227755
1338,141,1479,0.10545366069169759
1331,143,1474,0.10547700537023934
1347,143,1490,0.10551538059715942
1346,142,1488,0.1055140253535259
1355,144,1499,0.10551573961960907
1355,142,1497,0.1054963098303078
1357,146,1503,0.10548001393137228
1348,149,1497,0.10545898048462048
1346,148,1494,0.10546054783751904
1356,147,1503,0.10546706123518046
1355,149,1504,0.10545000157694912
1364,145,1509,0.10543691754830224
1365,140,1505,0.10540528568679437
1376,142,1518,0.10537404243778525
1356,142,1498,0.10532019720232726
1357,142,1499,0.1053153445165009
1345,140,1485,0.1053073662057794
1360,138,1498,0.10532812337056616
1362,146,1508,0.10531241093202481
1358,150,1508,0.10529575726543702
1350,152,1502,0.105290326135509
1353,149,1502,0.10530398968976265
1356,151,1507,0.10531029077145583
1368,151,1519,0.10530984849011527
1355,150,1505,0.10528209484827164
1351,154,1505,0.10528491260124256
1346,154,1500,0.10529575640614382
1340,151,1491,0.10531712777385895
1335,155,1490,0.10535080162917804
1335,154,1489,0.10539502178539319
1342,158,1500,0.10543812257952745
1343,158,1501,0.10546203586481742
1338,155,1493,0.10548152183944964
1345,153,1498,0.10551236212736301
1329,158,1487,0.10552758696325519
1320,159,1479,0.1055767089125183
1327,158,1485,0.10564103035376349
1334,157,1491,0.1056852437687971
1338,153,1491,0.105709203184275
1342,154,1496,0.10572261146193773
1345,156,1501,0.10572482781575532
1342,157,1499,0.1057186687568209
1337,158,1495,0.1057204462477224
1341,156,1497,0.10573340103287848
1343,153,1496,0.10573916265717319
1336,157,1493,0.10573825898934096
1330,159,1489,0.10575211084896223
1347,166,1513,0.10578005646136919
1334,165,1499,0.1057663453944759
1317,166,1483,0.1057838761000356
1309,167,1476,0.1058392313342049
1306,171,1477,0.1059072581356028
1312,168,1480,0.10597810693585942
1326,171,1497,0.1060310755099417
1327,172,1499,0.10604811444179398
1332,172,1504,0.10606185934741298
1338,175,1513,0.10606219355023459
1330,176,1506,0.10604807870665123
1327,178,1505,0.10605527435833963
1334,172,1506,0.1060701870014138
1327,175,1502,0.10606996030305094
1331,176,1507,0.10608530871403835
1320,175,1495,0.10609014360178481
1329,175,1504,0.1061182855260563
1320,174,1494,0.10612250046752113
1309,178,1487,0.10614809443331823
1308,179,1487,0.1061962814489124
1314,179,1493,0.10624275362496363
1310,175,1485,0.1062720633084663
1313,173,1486,0.10630941663818376
1318,172,1490,0.10633745050346438
1315,177,1492,0.10635245589072444
1314,181,1495,0.10637313463893083
1316,181,1497,0.10639570044535589
1307,177,1484,0.10641271961472139
1307,181,1488,0.10644995198911954
1308,182,1490,0.10648489758654701
1304,187,1491,0.10651369214706033
1308,186,1494,0.10654862283059341
1302,189,1491,0.10657298300568499
1316,188,1504,0.10660915340547246
1310,185,1495,0.10661143505381275
1318,186,1504,0.10662846063269532
1320,190,1510,0.10662444186326236
1302,192,1494,0.10661705193839321
1296,192,1488,0.10665089671078747
1296,192,1488,0.10669461935203055
1302,194,1496,0.10673357829109854
1318,190,1508,0.10675875846275883
1302,191,1493,0.10674781040573711
1305,193,1498,0.10677351880401645
1295,192,1487,0.10679019192889865
1305,193,1498,0.10682830081042191
1294,194,1488,0.10684095218703707
1295,197,1492,0.10687717319029419
1292,193,1485,0.10690689790748267
1312,193,1505,0.10694092801090864
1315,192,1507,0.10692545055061509
1306,189,1495,0.10690540622805011
1304,187,1491,0.10690806951616447
1305,189,1494,0.10691549079213733
1307,195,1502,0.10691989863874206
1299,200,1499,0.10691705193255416
1289,198,1487,0.10693409406422943
1295,195,1490,0.10697092433665188
1298,196,1494,0.10699296330214811
1298,193,1491,0.10700481476770797
1289,196,1485,0.10701826879089257
1283,198,1481,0.10705092688659096
1270,196,1466,0.10709180674047131
1287,191,1478,0.10715981165633263
1302,190,1492,0.10718291736288538
1315,189,1504,0.10717076852683163
1312,188,1500,0.10712959157633282
1320,188,1508,0.10709873011265486
1308,186,1494,0.10705188850300354
1310,190,1500,0.10703677361356168
1323,190,1513,0.10701533125036457
1310,189,1499,0.10696659314382063
1308,183,1491,0.10695236867056432
1301,182,1483,0.1069452233115327
1304,184,1488,0.10695512975269565
1298,190,1488,0.10695596087792542
1297,192,1489,0.10697077608267752
1286,195,1481,0.10698663284156762
1298,196,1494,0.10702485479738472
1307,197,1504,0.10703519388766253
1307,193,1500,0.10702493678432397
1307,194,1501,0.1070142478643001
1305,192,1497,0.10700487350690789
1302,187,1489,0.10699924012766279
1305,187,1492,0.10699979285137236
1319,189,1508,0.106992869141351
1310,185,1495,0.10695576206159985
1307,190,1497,0.10694288400961138
1299,189,1488,0.10693691980650766
1294,188,1482,0.10694977649346984
1301,189,1490,0.10697180616708397
1308,190,1498,0.10697424949392462
1318,188,1506,0.10695911205118064
1317,188,1505,0.10692253658529846
1310,189,1499,0.10689153944218262
1317,186,1503,0.10687929285152338
1306,187,1493,0.10685291318797761
1312,189,1501,0.10685164607562235
1304,182,1486,0.10683664165696728
1308,180,1488,0.1068410209937718
1314,182,1496,0.10683579123243733
1313,176,1489,0.1068152370691449
1310,174,1484,0.10679893444047961
1307,177,1484,0.10679179353741736
1309,178,1487,0.1067939648221257
1310,180,1490,0.10679089361461784
1317,178,1495,0.10678702902386362
1327,180,1507,0.1067665268263352
1320,175,1495,0.10672345479855824
1316,173,1489,0.10670111106430478
1327,179,1506,0.1066889105528616
1322,181,1503,0.10665139585293311
1318,183,1501,0.10662776171646332
1311,179,1490,0.1066160956428277
1296,180,1476,0.10662095227148946
1301,183,1484,0.10665995674051515
1323,186,1509,0.10668396971169444
1315,178,1493,0.10665483792623123
1304,182,1486,0.10664648173750049
1313,178,1491,0.10666371265844429
1316,178,1494,0.10665728606759917
1312,178,1490,0.10664221158583834
1312,180,1492,0.10663896878677742
1330,178,1508,0.10663628147402412
1315,176,1491,0.10659296319613826
1326,180,1506,0.10658785168606917
1317,181,1498,0.10655972899331954
1308,182,1490,0.10655556506275092
1303,182,1485,0.10657234868038566
1304,179,1483,0.10659965711167384
1310,181,1491,0.10662111745807745
1299,179,1478,0.10662770336797985
1301,178,1479,0.106659198846253
1300,181,1481,0.10667983327796726
1284,186,1470,0.10670214121140291
1301,189,1490,0.10675789270602369
1310,186,1496,0.10677058521469354
1313,187,1500,0.10676369654808916
1306,194,1500,0.10675112546378358
1311,192,1503,0.10675519138491957
1314,193,1507,0.10674846171032516
1308,194,1502,0.10673414447997664
1310,195,1505,0.10673521569972542
1295,195,1490,0.10673221318595606
1295,196,1491,0.10676561864997346
1299,195,1494,0.10679569376944933
1305,192,1497,0.10681268511712037
1316,197,1513,0.10681571259502441
1309,191,1500,0.10679334910661155
1301,190,1491,0.10678775176787068
1293,188,1481,0.1067993823286605
1284,185,1469,0.10682887195729368
1287,192,1479,0.10687807904662687
1285,193,1478,0.10691852417562764
1285,193,1478,0.1069599046790011
1286,195,1481,0.10699872448958431
1294,194,1488,0.10703131806954175
1303,199,1502,0.10704137412743936
1304,197,1501,0.10703138900378133
1310,193,1503,0.1070194565122269
1312,197,1509,0.1069906570409276
1304,198,1502,0.10696051834926916
1314,197,1511,0.10695368311623547
1309,201,1510,0.10692280766122035
1314,202,1516,0.10690664620472454
1313,203,1516,0.10688243064293572
1314,211,1525,0.10686264511899686
1309,207,1516,0.10684265653424435
1299,206,1505,0.10683755262268217
1296,204,1500,0.10685703168356268
1295,208,1503,0.10688144948826427
1282,207,1489,0.10690712452712826
1287,206,1493,0.10695975034629467
1280,206,1486,0.10699721422712802
1283,207,1490,0.10704832579747095
1277,207,1484,0.10708938543901421
1283,209,1492,0.10714003239701027
1282,210,1492,0.10717380822776472
1288,207,1495,0.10720803639495777
1288,208,1496,0.10722499802294003
1294,214,1508,0.10724201751486323
1280,217,1497,0.10724418244446353
1276,219,1495,0.10727663685512066
1283,218,1501,0.10731576336896506
1282,223,1505,0.10733477763905924
1279,221,1500,0.10735707437154085
1278,221,1499,0.10738673297991429
1278,222,1500,0.10741618025688617
1283,217,1500,0.10744482448333187
1292,222,1514,0.10746098203748139
1282,227,1509,0.10745655120218299
1280,225,1505,0.10747573747548982
1279,226,1505,0.10749555260733348
1276,225,1501,0.10751617039726419
1268,221,1489,0.10754174673847806
1262,223,1485,0.10758424466693185
1265,226,1491,0.10763812938136798
1270,226,1496,0.10768114215565032
1260,224,1484,0.10771159012546687
1256,224,1480,0.10776052121292398
1260,223,1483,0.1078140115632575
1266,227,1493,0.1078561680758133
1255,224,1479,0.10788072203262378
1257,229,1486,0.10792872386532221
1258,228,1486,0.10796814384753936
1261,224,1485,0.10800305969291585
1254,222,1476,0.10802868379457901
1260,225,1485,0.10806588228884355
1273,224,1497,0.10808527437288112
1279,225,1504,0.10807380074455596
1282,224,1506,0.10804903594669955
1274,224,1498,0.10802030645621905
1256,233,1489,0.10801230712211302
1265,234,1499,0.1080461940832474
1253,238,1491,0.10805918155442001
1248,242,1490,0.10810116821119205
1257,241,1498,0.10815282136364754
1245,243,1488,0.10817978553166643
1257,242,1499,0.1082309427575353
1254,241,1495,0.10825159588093858
1259,242,1501,0.1082767429913612
1250,242,1492,0.10828797416350146
1252,242,1494,0.10832083627060146
1262,237,1499,0.1083464079898879
1260,238,1498,0.10834877178187266
1261,239,1500,0.10835690331883327
1263,242,1505,0.10836285954886357
1271,242,1513,0.10836370198200697
1269,246,1515,0.10834677538275789
1251,241,1492,0.10833421447308686
1258,244,1502,0.10836312288878754
1242,247,1489,0.10837421587204414
1237,249,1486,0.10842112385444709
1240,250,1490,0.10847852060531384
1245,251,1496,0.10852672703933088
1243,245,1488,0.10855826346329693
1242,250,1492,0.10859289629945286
1252,252,1504,0.10862841002391507
1245,255,1500,0.10864109166906523
1253,256,1509,0.10866872337072184
1252,256,1508,0.10867438186092211
1259,258,1517,0.1086819730231813
1243,256,1499,0.10867270700733134
1231,265,1496,0.10870220853054921
1236,264,1500,0.10875605399365373
1243,263,1506,0.10879786669933873
1233,263,1496,0.10882048634242661
1235,261,1496,0.10886240555248797
1222,264,1486,0.10889740221236364
1222,264,1486,0.10896093616837155
1236,259,1495,0.1090208971573599
1241,268,1509,0.10904504141691854
1236,268,1504,0.10905441005708838
1234,262,1496,0.10907658868638932
1238,263,1501,0.1090990937921425
1237,266,1503,0.1091094199267068
1238,264,1502,0.10912445629247024
1236,263,1499,0.10913730883778017
1232,262,1494,0.10915313764056198
1233,265,1498,0.10917694885815202
1225,266,1491,0.10919635952135709
1219,264,1483,0.10923345018740686
1217,263,1480,0.10928225845922761
1222,265,1487,0.10933262059190783
1221,268,1489,0.10936711072923966
1230,274,1504,0.10940038493210241
1229,271,1500,0.10941224377778339
1218,275,1493,0.10942558613046142
1220,275,1495,0.10946346202813878
1218,282,1500,0.10949450559483324
1227,279,1506,0.10952950938067513
1228,277,1505,0.10954235604071233
1223,278,1501,0.10955155042448386
1228,282,1510,0.10957117800948409
1233,282,1515,0.10957965718851877
1226,281,1507,0.10957550347127677
1235,275,1510,0.109589598875034
1235,276,1511,0.10958166053338787
1227,277,1504,0.10957396449474938
1222,278,1500,0.10958677333353622
1217,284,1501,0.10960866793675769
1223,279,1502,0.10964170813073502
1224,279,1503,0.10965614082508081
1225,273,1498,0.10966880278244062
1216,278,1494,0.10967824651467069
1217,278,1495,0.10970833774980378
1215,281,1496,0.10973524401508147
1219,285,1504,0.10976334862189191
1228,281,1509,0.1097807042855618
1206,290,1496,0.1097783273912735
1213,295,1508,0.10982541280917164
1216,293,1509,0.10985542906634521
1221,295,1516,0.10987464817641947
1208,292,1500,0.10988350327924983
1208,293,1501,0.10992179535363529
1208,288,1496,0.1099574597608295
1220,298,1518,0.10999091484185065
1203,298,1501,0.10999423751393987
1214,294,1508,0.11003476628879677
1195,291,1486,0.1100483023047607
1192,289,1481,0.11010150574624017
1206,290,1496,0.11015760765492015
1211,293,1504,0.11017785529396129
1206,289,1495,0.1101825551644025
1207,285,1492,0.11019888090009554
1204,287,1491,0.11021078973818778
1217,289,1506,0.11022816714873278
1199,294,1493,0.11021586552314051
1203,286,1489,0.11024469787604593
1196,285,1481,0.11026242545118604
1196,289,1485,0.11029583269258116
1186,294,1480,0.11032520762072505
1190,292,1482,0.11037455377143665
1205,294,1499,0.11041102459252462
1204,298,1502,0.11040989524601817
1199,296,1495,0.11041255795534426
1201,298,1499,0.11042786124781082
1206,298,1504,0.1104386863236142
1214,298,1512,0.11043660904856013
1222,286,1508,0.11041519478161119
1217,291,1508,0.1103787764982254
1225,281,1506,0.1103566883126855
1220,285,1505,0.11031929317163862
1217,289,1506,0.11029729193906672
1200,292,1492,0.11028346713997454
1183,292,1475,0.1103075861846116
1190,296,1486,0.11036975258318017
1179,299,1478,0.11041148173573763
1188,302,1490,0.1104763908246824
1191,309,1500,0.110516546378823
1186,308,1494,0.11054754100451764
1191,311,1502,0.11058938819883092
1203,303,1506,0.11061622034701415
1195,307,1502,0.11060950925906532
1187,303,1490,0.11062224148674028
1183,309,1492,0.11065187546185364
1185,310,1495,0.11068889582007796
1190,308,1498,0.11071859602616754
1184,306,1490,0.11073389856739144
1183,303,1486,0.11076223372402488
1191,303,1494,0.11079254341311934
1194,303,1497,0.11080283521377442
1206,315,1521,0.11080490074536108
1194,308,1502,0.11078013857569875
1185,305,1490,0.11078580813545683
1188,307,1495,0.1108113907578096
1193,308,1501,0.11082656366754083
1176,317,1493,0.11082994022015173
1179,315,1494,0.11087494505228068
1178,321,1499,0.11090965682431415
1185,323,1508,0.11094450945584956
1192,321,1513,0.11095976569529035
1175,319,1494,0.11095945120331159
1186,322,1508,0.1109986442578834
1181,323,1504,0.11101044022642537
1176,322,1498,0.11103273797738787
1168,318,1486,0.11106469270559426
1172,320,1492,0.11111564951699134
1166,325,1491,0.1111539174278079
1173,323,1496,0.11120085683249702
1183,327,1510,0.11122811393669353
1190,323,1513,0.11123097613458274
1173,320,1493,0.11121745792223357
1160,320,1480,0.11124391382908268
1161,323,1484,0.11129634567426511
1165,319,1484,0.11134381110209741
1173,318,1491,0.11137603419744056
1183,310,1493,0.11138750558499502
1194,319,1513,0.1113746355053467
1193,324,1517,0.11133792537129966
1193,323,1516,0.11130586361639189
1171,321,1492,0.1112767727122337
1186,311,1497,0.11130007817828332
1187,314,1501,0.11129003554240637
1179,313,1492,0.11127789671901273
1172,317,1489,0.11128422512997606
1188,315,1503,0.11130674231780087
1184,311,1495,0.11129070039856416
1187,317,1504,0.11128484092036466
1194,317,1511,0.11127251011533083
1192,315,1507,0.11124337662383667
1191,309,1500,0.11122013818468048
1202,310,1512,0.11120165218930872
1192,307,1499,0.1111593954053172
1189,310,1499,0.11114520516114505
1187,314,1501,0.11113994617448815
1180,321,1501,0.1111400758368902
1181,321,1502,0.11115609552430555
1181,322,1503,0.11116799670927215
1172,325,1497,0.11118085327347027
1168,325,1493,0.1112120662526554
1176,325,1501,0.11124997096241049
1184,332,1516,0.11126806616221149
1190,329,1519,0.11126761703213438
1191,325,1516,0.11125183556201222
1190,322,1512,0.11123457378069895
1189,312,1501,0.11122125796933474
1198,319,1517,0.11121241328404687
1191,323,1514,0.11118233249343343
1179,323,1502,0.11117012607629471
1187,329,1516,0.11118692281211139
1189,331,1520,0.11118691990718699
1178,331,1509,0.11118281740854447
1163,330,1493,0.11120641681637367
1168,331,1499,0.11126255411482855
1167,335,1502,0.11130360089950733
1166,334,1500,0.111343987458431
1150,336,1486,0.11138384690207684
1147,334,1481,0.11145779353121114
1156,329,1485,0.1115310045974228
1148,335,1483,0.1115789410191217
1150,338,1488,0.1116435840469737
1156,341,1497,0.11169626971684582
1127,341,1468,0.11173269388356566
1142,347,1489,0.11182982531384594
1142,350,1492,0.11188792826300262
1144,348,1492,0.11194192167581239
1143,346,1489,0.1119837371193415
1142,353,1495,0.11202579453907248
1143,354,1497,0.11206813945790227
1147,359,1506,0.1121069208994196
1152,356,1508,0.1121370256081517
1136,360,1496,0.11215457234226747
1129,355,1484,0.11220538246932456
1141,360,1501,0.1122685949424183
1143,364,1507,0.11229726286623638
1141,361,1502,0.11232036414976027
1147,365,1512,0.11234690885932963
1143,362,1505,0.11235524799523205
1139,363,1502,0.11237390566887363
1134,361,1495,0.11239942158526073
1139,361,1500,0.11243424206510805
1143,366,1509,0.11245727242268432
1126,363,1489,0.11247091200415468
1119,365,1484,0.11252325440184073
1131,360,1491,0.11258779745637197
1122,365,1487,0.11262119414705797
1119,362,1481,0.11267342404188936
1122,362,1484,0.11272735081903922
1125,365,1490,0.11277233854894383
1129,362,1491,0.11280735446963003
1118,362,1480,0.11282804900636142
1119,371,1490,0.1128734306245309
1120,374,1494,0.112912699423864
1129,370,1499,0.11294866460093353
1126,373,1499,0.1129604745293705
1132,374,1506,0.1129789910546496
1133,369,1502,0.1129810858247
1126,367,1493,0.1129803510579358
1128,362,1490,0.11299569740115004
1134,367,1501,0.11300574867860252
1131,364,1495,0.11300109890937016
1131,370,1501,0.11300222874984554
1134,369,1503,0.11300532411791657
1130,369,1499,0.11299999620917299
1131,373,1504,0.11300352699479403
1128,374,1502,0.11300640182670335
1142,374,1516,0.11301478340473209
1141,369,1510,0.11299217273000733
1136,369,1505,0.11297212152240312
1132,368,1500,0.11296528100568715
1132,370,1502,0.11296722863140612
1135,365,1500,0.11297058279496688
1131,364,1495,0.11296699936322056
1138,363,1501,0.11297402235326866
1133,363,1496,0.11296261439793456
1127,367,1494,0.11296326359128095
1121,370,1491,0.11297915696416692
1111,371,1482,0.11300519913565939
1113,368,1481,0.11305157822046404
1110,369,1479,0.1130915853632915
1119,365,1484,0.113135444003092
1121,371,1492,0.11315575072555131
1124,375,1499,0.11316847723995331
1118,371,1489,0.11317350700022515
1122,366,1488,0.11319144943146625
1116,364,1480,0.1132024688941577
1113,373,1486,0.11322559358913814
1133,373,1506,0.11325411048928444
1123,374,1497,0.11323630473017884
1121,376,1497,0.11324436000127934
1125,370,1495,0.11325517175937323
1119,365,1484,0.11325442182643532
1121,362,1483,0.11326861064979359
1122,361,1483,0.11327779911542253
1118,366,1484,0.11328278372544252
1120,370,1490,0.11329568655627394
1114,375,1489,0.11330446360194828
1119,375,1494,0.11332706374863466
1118,376,1494,0.11333738745697047
1120,376,1496,0.11334975605658712
1114,374,1488,0.11335853906236983
1113,369,1482,0.1133783317755784
1115,375,1490,0.11340112046196216
1122,376,1498,0.11341640197396191
1119,379,1498,0.11341311284790911
1123,387,1510,0.11341634811395021
1133,378,1511,0.11341118133327494
1109,382,1491,0.11338423385332635
1105,384,1489,0.11341404089949111
1109,384,1493,0.11345120122198596
1108,386,1494,0.11347720817139485
1115,388,1503,0.11350476417478916
1108,386,1494,0.11351413870598073
1114,385,1499,0.11353919258921547
1097,377,1474,0.11355037868347072
1108,369,1477,0.11359958717176262
1111,373,1484,0.11361948318673458
1114,377,1491,0.1136331692724842
1107,377,1484,0.11363797149709956
1111,381,1492,0.11365897349780849
1113,388,1501,0.11367111736420529
1121,401,1522,0.11367902084112945
1116,400,1516,0.11366722035089691
1107,403,1510,0.11366728196872067
1106,397,1503,0.11368864006132534
1104,397,1501,0.11371296612476911
1102,401,1503,0.11373908321302931
1101,400,1501,0.11377018302859117
1111,397,1508,0.11380039876663255
1106,397,1503,0.11380252263615982
1094,395,1489,0.11381529744572956
1108,394,1502,0.1138562164388809
1109,389,1498,0.11386075206407201
1104,395,1499,0.11386563496966126
1101,389,1490,0.11388273972435574
1093,400,1493,0.11390439069013227
1101,400,1501,0.11394452255786483
1110,400,1510,0.11396370991947474
1093,398,1491,0.11395962849710706
1104,399,1503,0.11399244069965013
1095,399,1494,0.11399650952103622
1092,407,1499,0.11402029825317118
1099,403,1502,0.114050748326563
1101,402,1503,0.11406451366243285
1105,401,1506,0.11407361044661293
1093,395,1488,0.11407016616106701
1105,388,1493,0.11409463442898585
1100,388,1488,0.11409031121577172
1108,387,1495,0.11409635426481846
1110,394,1504,0.11408473753359924
1104,386,1490,0.11406892644195214
1095,387,1482,0.11406644186845566
1084,389,1473,0.11408454229968674
1090,388,1478,0.11412403753850633
1087,382,1469,0.11414797522851916
1105,384,1489,0.11417692104153535
1106,395,1501,0.11416097061353064
1113,401,1514,0.1141448536342423
1114,401,1515,0.11411454297132978
1098,399,1497,0.11408647148631318
1103,404,1507,0.11409874449104247
1116,404,1520,0.11410096066926617
1104,402,1506,0.11407176779283121
1094,401,1495,0.11407109179878666
1103,398,1501,0.11409429009578019
1110,399,1509,0.11409507797354912
1105,397,1502,0.11408072824203504
1103,397,1500,0.11407841896697293
1093,392,1485,0.11408192115662757
1098,393,1491,0.11410906251155772
1100,393,1493,0.11412272682804105
1106,396,1502,0.11413140404486534
1105,391,1496,0.11412683048906164
1106,395,1501,0.11412398676961395
1105,399,1504,0.11411846339932975
1100,390,1490,0.11411545413650812
1099,391,1490,0.1141252379014982
1089,395,1484,0.11413528107803017
1101,393,1494,0.11416742743708017
1104,398,1502,0.11417193410731424
1101,403,1504,0.1141697858998694
1099,410,1509,0.11417602273563446
1105,414,1519,0.11418696966323232
1105,405,1510,0.1141832372299291
1102,408,1510,0.1141817090912657
1103,405,1508,0.11418762300132647
1104,405,1509,0.11419120895476477
1101,409,1510,0.11419407853250363
1099,402,1501,0.11420341805836781
1104,408,1512,0.114215076634617
1088,408,1496,0.11421534129069101
1088,413,1501,0.11425301683884548
1087,413,1500,0.11428738015816643
1089,417,1506,0.11432232182124831
1089,423,1512,0.11435025748917943
1080,427,1507,0.11437692521010806
1081,428,1509,0.11442203443762117
1069,432,1501,0.11446194336718721
1060,431,1491,0.11452570641885895
1060,432,1492,0.11460366964142356
1054,431,1485,0.11467469118172076
1050,426,1476,0.11475521840743279
1058,421,1479,0.11483906257413806
1071,419,1490,0.11489769488631123
1068,418,1486,0.11492185150856826
1066,423,1489,0.11494989624739599
1072,433,1505,0.1149831386475778
1065,431,1496,0.11499848969942957
1060,434,1494,0.11502809748433876
1062,430,1492,0.11506622716702193
1053,428,1481,0.11509657529806386
1049,428,1477,0.11514813544281967
1039,433,1472,0.1152052820217952
1037,437,1474,0.11528160339255239
1051,444,1495,0.11535670689318078
1051,443,1494,0.11539446919122379
1049,445,1494,0.1154295152655094
1052,450,1502,0.11546610503835582
1049,449,1498,0.11549527587749062
1068,450,1518,0.11553056662950965
1060,458,1518,0.11552101133133273
1064,453,1517,0.11553076499657919
1063,451,1514,0.11553189433555577
1055,444,1499,0.11553627808962222
1060,446,1506,0.11556008423075749
1054,447,1501,0.11556842605589161
1050,444,1494,0.11558922350906516
1078,440,1518,0.11561885971416289
1069,446,1515,0.1155823710747855
1077,446,1523,0.11556676297145316
1073,445,1518,0.11553549200253573
1076,440,1516,0.11551650114315981
1065,438,1503,0.11549162495946842
1065,447,1512,0.11549391792227005
1065,449,1514,0.11549583084162396
1059,445,1504,0.11549966519994066
1053,443,1496,0.11551628447845616
1062,440,1502,0.11554405736301397
1061,447,1508,0.11554956031703
1064,444,1508,0.11555686254531253
1067,450,1517,0.11555627617230886
1059,451,1510,0.11554947954379922
1057,444,1501,0.11556162983554273
1060,451,1511,0.11557877091521068
1049,448,1497,0.1155884358130386
1058,452,1510,0.11562316983276158
1061,447,1508,0.11563414092473362
1053,449,1502,0.11563579046156816
1049,452,1501,0.11565593198380125
1047,453,1500,0.11568325329786817
1046,446,1492,0.11571353433907047
1060,446,1506,0.11574451674634396
1063,451,1514,0.11574322799082121
1057,446,1503,0.11573645073019306
1054,449,1503,0.11574279638065146
1055,446,1501,0.11575435486655326
1058,444,1502,0.11576360667955474
1065,450,1515,0.11576468779398894
1054,455,1509,0.11575210980955579
1055,460,1515,0.11576552642340346
1052,462,1514,0.1157763327373219
1050,460,1510,0.11579347876288011
1047,456,1503,0.11581548296126598
1038,466,1504,0.1158435503278735
1031,473,1504,0.11589177661369239
1022,474,1496,0.11595157257225129
1030,470,1500,0.11602691707808799
1035,465,1500,0.11608064129706308
1036,462,1498,0.11611862647944583
1020,461,1481,0.11615192830207129
1032,474,1506,0.11621907544199221
1025,468,1493,0.11625438038102803
1027,476,1503,0.11630300502606274
1031,475,1506,0.11634522747064682
1032,466,1498,0.11637080953719661
1028,463,1491,0.11639083558656622
1027,472,1499,0.11641808043633307
1032,478,1510,0.11644404297320408
1034,473,1507,0.11645628331583659
1029,473,1502,0.11646459090332623
1038,465,1503,0.11648388985689476
1032,478,1510,0.11648173098860337
1023,472,1495,0.11649242511841276
1025,469,1494,0.11652307225701028
1035,470,1505,0.11654707466469588
1025,460,1485,0.11654486895726138
1030,467,1497,0.1165664505142544
1033,466,1499,0.11657425829279838
1039,460,1499,0.11657034133217092
1034,463,1497,0.11655299055397561
1031,465,1496,0.11654995837696504
1022,461,1483,0.11655431660975983
1020,466,1486,0.11658001340604308
1030,472,1502,0.11661111193380895
1035,467,1502,0.1166178829566083
1036,464,1500,0.11661329820856503
1030,464,1494,0.11660615140744418
1017,465,1482,0.11661566180248276
1023,469,1492,0.11665403493883308
1020,466,1486,0.1166758407960695
1024,468,1492,0.11670144468854077
1022,479,1501,0.11671738181741265
1031,482,1513,0.11673779808323297
1012,477,1489,0.11673545688774162
1015,467,1482,0.11677695018059066
1018,470,1488,0.11680756293226645
1025,478,1503,0.11682747167006394
1020,473,1493,0.11682895980404828
1018,470,1488,0.11684095224135231
1021,481,1502,0.11685714776067835
1030,475,1505,0.11686510981187549
1024,471,1495,0.11685187931558116
1026,478,1504,0.11685404699673248
1025,477,1502,0.11685263125172472
1015,485,1500,0.11685205989044987
1018,486,1504,0.1168768567048684
1005,491,1496,0.11689461644370501
1006,487,1493,0.11694109392868114
1006,490,1496,0.1169808285813321
1014,486,1500,0.11701805021566358
1016,488,1504,0.11703260770946665
1010,483,1493,0.11704243276783258
1009,484,1493,0.11706570978224501
1007,478,1485,0.1170897393749792
1006,482,1488,0.11711814999744495
1013,489,1502,0.11714629337704703
1006,490,1496,0.11715763396982659
1007,488,1495,0.11718556251256733
1013,490,1503,0.11720978582186145
1008,487,1495,0.1172184877008814
1010,486,1496,0.11723734010973123
1013,486,1499,0.1172496633946911
1007,488,1495,0.11725440855422566
1017,494,1511,0.11727487542145593
1009,489,1498,0.11727195580781301
1011,496,1507,0.11728670502402505
1001,495,1496,0.11729439605062769
1011,494,1505,0.11732491598076077
1028,494,1522,0.11732704290917628
1019,491,1510,0.11729174913033552
1011,493,1504,0.11727948800614664
1014,496,1510,0.11728573907962922
1011,500,1511,0.11728582766166797
1005,500,1505,0.11729304425463902
996,498,1494,0.11731209208743623
992,488,1480,0.11735180350297124
985,488,1473,0.1173984010039011
1001,500,1501,0.11745947858721731
998,502,1500,0.11747827173029307
999,506,1505,0.11750359143814613
998,511,1509,0.1175269072025728
984,509,1493,0.11755143182385634
989,510,1499,0.11760603174518822
969,509,1478,0.11764525406890919
985,514,1499,0.11772778709380283
985,514,1499,0.11776569440069369
988,512,1500,0.11780078639896863
986,512,1498,0.11782730222567363
978,513,1491,0.11785571470030941
981,514,1495,0.1179009076772374
973,515,1488,0.11793673361877564
977,519,1496,0.11798942092234828
982,517,1499,0.11802894838990603
987,520,1507,0.11805364889791312
977,521,1498,0.11806628148395137
984,519,1503,0.11809816718450303
990,522,1512,0.11811106768812467
988,520,1508,0.1181117441799499
985,513,1498,0.11811820412078972
982,512,1494,0.11813062801932313
973,524,1497,0.11814874235962726
965,524,1489,0.11818389383917369
956,527,1483,0.11823769330871269
963,530,1493,0.11830986452755284
961,528,1489,0.11835790157908424
970,522,1492,0.1184062076595513
976,513,1489,0.11842989485053546
980,501,1481,0.11843781423979471
982,512,1494,0.11843570297522821
995,512,1507,0.1184301205129333
993,516,1509,0.1183952563920888
985,519,1504,0.11836610476741603
987,521,1508,0.11836041688977045
981,520,1501,0.11835054859497468
979,525,1504,0.11835325066888598
982,523,1505,0.11836047884954164
979,510,1489,0.11836164299189371
973,511,1484,0.11836955175606527
981,505,1486,0.11838866383598265
983,515,1498,0.11838907818423161
976,524,1500,0.11838639652140291
974,523,1497,0.11840093747580895
962,523,1485,0.11841804834464291
964,523,1487,0.11846314541319793
978,512,1490,0.11850166403347723
973,517,1490,0.11850316095959233
977,520,1497,0.11851733649889433
980,526,1506,0.1185221697758685
975,519,1494,0.11852130043254061
979,520,1499,0.11853299671168024
976,521,1497,0.11853431106376135
965,521,1486,0.11854150080172701
962,529,1491,0.1185743255753977
954,536,1490,0.11860906178806882
963,540,1503,0.11865788171924574
957,545,1502,0.11868569451047292
959,547,1506,0.11872577368655467
962,546,1508,0.11876025433655783
974,546,1520,0.11878665123972358
958,549,1507,0.11878253225051254
965,553,1518,0.11881555281502593
965,560,1525,0.11883091931964225
964,555,1519,0.11884535188559583
958,556,1514,0.11886196578058988
948,556,1504,0.11889132656051245
949,555,1504,0.11894190090114971
943,554,1497,0.11898882616432548
932,557,1489,0.11904720861115316
933,561,1494,0.11912665817049822
935,555,1490,0.11919827037153709
936,563,1499,0.11925974570935616
933,560,1493,0.1193149789203411
939,558,1497,0.11937152633353594
940,565,1505,0.11941064846800248
927,567,1494,0.11944369849870387
932,580,1512,0.11950516072639285
925,581,1506,0.11955236909074085
932,581,1513,0.11961331495735789
922,573,1495,0.11965230868786123
922,567,1489,0.11971031299701287
926,574,1500,0.11976308308505694
926,568,1494,0.11980329794566855
927,560,1487,0.11984079392044446
933,570,1503,0.11987387684642188
931,574,1505,0.11989243888521464
927,570,1497,0.11991350414204835
932,568,1500,0.11993888074068657
943,565,1508,0.11994797886837529
933,557,1490,0.11993230337204412
935,563,1498,0.11994164952854197
933,565,1498,0.11994622119889911
942,558,1500,0.11995700344141995
933,556,1489,0.1199469677854061
936,556,1492,0.11995573807254716
936,558,1494,0.11995810380379074
931,562,1493,0.11995947823695338
930,565,1495,0.11997375324209099
925,573,1498,0.11998828346615588
937,569,1506,0.12001212552621351
945,569,1514,0.12000825619394867
932,562,1494,0.11998486618336521
923,564,1487,0.11999514894423845
928,567,1495,0.12002644936048044
929,570,1499,0.12004332236581802
938,564,1502,0.12005801301423581
939,565,1504,0.12004992843350859
927,569,1496,0.12003877959060837
930,568,1498,0.1200560811415916
929,570,1499,0.12006582320924913
927,577,1504,0.12007964751815858
934,577,1511,0.12009842864831935
920,584,1504,0.12010210746669962
932,583,1515,0.12013852515811842
937,576,1513,0.12014548947195092
927,585,1512,0.12013962336050438
926,584,1510,0.1201552126798212
918,583,1501,0.1201724573895341
915,585,1500,0.12020754491143375
901,582,1483,0.12024859780511839
903,586,1489,0.12032028502087648
911,586,1497,0.12038090152611247
905,584,1489,0.12041803189710155
901,586,1487,0.12046798218582296
897,582,1479,0.1205222318838257
908,595,1503,0.12058159626792304
924,595,1519,0.1206136292432522
914,606,1520,0.12060560140556667
907,606,1513,0.12062293289755784
905,600,1505,0.12065614307097058
905,598,1503,0.12069011068079821
895,602,1497,0.12072083989657197
898,596,1494,0.12077249200826955
893,609,1502,0.12081312328010035
897,613,1510,0.12086455392856914
898,609,1507,0.12090409597344504
889,621,1510,0.12093891478028553
895,615,1510,0.1209931139581568
894,615,1509,0.12102998416960396
884,614,1498,0.12106812503686055
882,615,1497,0.12112737011900856
880,615,1495,0.12118635168015007
880,622,1502,0.12124582140647659
883,617,1500,0.12129917033423311
888,616,1504,0.12133915604644047
899,616,1515,0.12136743783691224
895,616,1511,0.12136936388949693
886,629,1515,0.12138024524417816
889,624,1513,0.12141016382108606
889,622,1511,0.12143105696413851
879,622,1501,0.1214483006916139
877,628,1505,0.12148725020741859
883,627,1510,0.12152960627222206
874,631,1505,0.12155365621176094
876,623,1499,0.12159700462775973
867,629,1496,0.12163323193990344
868,624,1492,0.12168829576156914
867,625,1492,0.12173742917649663
865,629,1494,0.12178728134359151
868,626,1494,0.12183836186440689
865,628,1493,0.12187904272443711
869,632,1501,0.12192497442436767
872,630,1502,0.12195732855692128
865,629,1494,0.12198058799489374
863,618,1481,0.12201775763307929
872,619,1491,0.1220522410364625
870,630,1500,0.1220651826760059
876,638,1514,0.12208310393275337
871,638,1509,0.12208604419345054
875,638,1513,0.12210235545003972
860,639,1499,0.12210664899647362
863,635,1498,0.12214638449726099
868,639,1507,0.12217693981310475
867,641,1508,0.12219353798194539
863,647,1510,0.12221191834551488
859,650,1509,0.1222398209790557
847,648,1495,0.12227499009772057
856,644,1500,0.1223345835775925
855,646,1501,0.12237033701790764
850,647,1497,0.12240506801272229
865,647,1512,0.12244713658306006
856,649,1505,0.1224531278849948
846,653,1499,0.12248085217818538
854,654,1508,0.12252972421715315
848,653,1501,0.12255957236855529
839,660,1499,0.12260062163222835
850,662,1512,0.12265807956698907
839,653,1492,0.12268727743247981
842,646,1488,0.12274076173017485
848,645,1493,0.12278404870394397
845,643,1488,0.12280919826141513
853,661,1514,0.122840532641663
852,658,1510,0.1228483704800125
854,645,1499,0.1228584599284437
853,651,1504,0.12286236314188527
856,653,1509,0.12286819271945743
853,653,1506,0.12287046411612401
844,654,1498,0.12287889667065749
846,662,1508,0.12290694543754074
851,661,1512,0.12292880887630954
852,660,1512,0.12293585989659532
846,659,1505,0.12293814211449165
841,662,1503,0.12295499800696101
840,653,1493,0.12298385696367767
841,648,1489,0.12301329188794044
850,662,1512,0.12303690294718318
847,656,1503,0.12303618303387388
844,653,1497,0.12304390846112125
838,665,1503,0.12305878291118781
831,670,1501,0.12308704000305308
834,667,1501,0.12313134259371615
840,669,1509,0.12316694743139874
837,673,1510,0.12318515043009061
830,671,1501,0.12321076726291899
829,671,1500,0.12325178622730398
832,675,1507,0.12329139247142348
837,675,1512,0.12332048693664394
842,671,1513,0.12333756631111177
849,671,1520,0.12333994925603452
849,672,1521,0.12332644642373473
846,678,1524,0.1233157381482345
839,669,1508,0.12331278468088086
827,670,1497,0.12332575572050503
828,679,1507,0.12336715585294568
818,688,1506,0.12340458524547746
803,703,1506,0.1234638327991561
793,702,1495,0.12355379379872401
795,692,1487,0.12365991775705104
803,697,1500,0.12375396962640618
807,701,1508,0.12382267442763883
806,698,1504,0.12387736911968701
806,697,1503,0.12393129438319189
811,695,1506,0.12398086125813629
816,705,1521,0.12401544909533264
812,705,1517,0.12403493125649367
816,704,1520,0.12406136937756118
809,700,1509,0.124076999020197
809,699,1508,0.12410740795927844
805,704,1509,0.12413899662156391
805,699,1504,0.12417540395349899
807,704,1511,0.1242081909982021
813,706,1519,0.12423263562749357
814,695,1509,0.12424231583104724
805,706,1511,0.12424693504142606
801,698,1499,0.12427445401618081
810,699,1509,0.12430848694226014
809,699,1508,0.1243177918796195
813,699,1512,0.12432964667179794
810,705,1515,0.12433350728675134
801,710,1511,0.12434506424365928
798,704,1502,0.12437605077674206
803,701,1504,0.12441271248460115
805,704,1509,0.12443468084033453
800,700,1500,0.12444971943020185
789,711,1500,0.12447726803944298
793,715,1508,0.12452684451038788
798,715,1513,0.12456543838312716
797,705,1502,0.12459166673956519
806,712,1518,0.12461904372675463
799,702,1501,0.12462098138836002
810,707,1517,0.12464043241059818
808,709,1517,0.12463283806062318
801,709,1510,0.12463040283367731
801,709,1510,0.12464415287676893
793,704,1497,0.12465641675026996
802,702,1504,0.12468858105591041
805,699,1504,0.12469762213520631
799,701,1500,0.12469964398304213
796,700,1496,0.1247146080668643
792,701,1493,0.12473551240289198
799,701,1500,0.12476295078607873
797,706,1503,0.12477238051638043
790,700,1490,0.12478526167111476
795,707,1502,0.12481404514894423
794,710,1504,0.12483016758583673
782,713,1495,0.12484707591793466
778,719,1497,0.12489271409408875
788,721,1509,0.12494403275461519
787,715,1502,0.12496895696751537
791,716,1507,0.12499371604304887
789,709,1498,0.12500806499032202
789,715,1504,0.12502442753918225
784,712,1496,0.12503827942508788
786,715,1501,0.1250626226595116
785,713,1498,0.12508058487023935
796,710,1506,0.1251004863920621
796,711,1507,0.1250915565243623
798,712,1510,0.12508505691230545
796,705,1501,0.125075015397425
796,708,1504,0.12507032126226833
798,714,1512,0.12506488346539868
790,718,1508,0.12505295918952605
791,717,1508,0.12506128759364749
792,716,1508,0.12506647905010396
785,711,1496,0.1250700906898168
783,713,1496,0.12509136345045208
782,707,1489,0.1251161419904713
785,711,1496,0.12514269187476634
789,722,1511,0.12516114707997084
790,722,1512,0.12516786026618967
789,715,1504,0.12517117457799126
795,710,1505,0.12517768378108848
807,709,1516,0.12516764344293807
810,710,1520,0.12513023421206523
799,699,1498,0.12508926512843765
807,705,1512,0.12507890360625987
800,714,1514,0.12505123279659494
794,716,1510,0.12504259651442187
794,714,1508,0.12504704790118876
787,715,1502,0.12504807916540925
786,721,1507,0.12506601437144862
786,731,1517,0.12508569614951454
779,727,1506,0.12510571367880022
776,726,1502,0.1251403668427551
773,722,1495,0.12517930145034603
773,719,1492,0.12522514060768694
777,726,1503,0.12526541021645166
779,733,1512,0.12529291444449983
782,729,1511,0.1253135728317742
777,718,1495,0.12532851004636714
771,722,1493,0.12535445864668787
772,721,1493,0.12539276634209182
776,723,1499,0.12542487384409254
778,725,1503,0.12544777237007923
777,726,1503,0.1254658831321487
781,727,1508,0.1254839851914104
778,720,1498,0.12549218089037453
765,727,1492,0.12550506190383978
761,733,1494,0.1255467892122636
764,734,1498,0.1255967237302975
770,739,1509,0.1256348521116905
772,742,1514,0.12565690091255405
772,740,1512,0.12567427001268047
769,738,1507,0.12569178936956177
770,735,1505,0.12571456597752223
778,728,1506,0.12573141985437508
786,728,1514,0.12572946927865963
780,721,1501,0.12570700094504356
779,715,1494,0.12569765100877878
775,731,1506,0.12569157498999242
774,725,1499,0.12569656382735367
770,723,1493,0.12570436933001752
765,727,1492,0.1257227898231294
772,729,1501,0.12575169445261852
779,730,1509,0.12576059525107253
787,732,1519,0.1257509340290679
784,733,1517,0.12572280351557447
778,725,1503,0.12570434563786365
780,727,1507,0.12570247742170085
767,735,1502,0.12569548638873576
768,733,1501,0.12571926107568512
777,734,1511,0.12574016779004285
780,734,1514,0.12574018304176943
776,733,1509,0.12573434732215702
773,729,1502,0.1257370207988201
782,733,1515,0.125746449825506
784,733,1517,0.1257331911492591
773,727,1500,0.1257164800713541
774,718,1492,0.12572692779014905
780,723,1503,0.12573357145077438
770,723,1493,0.12572558824353638
770,715,1485,0.12574167162950955
771,720,1491,0.1257563348995738
773,722,1495,0.12576769757746187
772,734,1506,0.12577354785017697
775,734,1509,0.12578212724142424
772,737,1509,0.12578462567819126
770,733,1503,0.12579233437475465
777,738,1515,0.12580180364302088
763,731,1494,0.1257967039856762
764,729,1493,0.1258249406149533
767,724,1491,0.1258474127343131
756,733,1489,0.12586404546943378
760,737,1497,0.12590466619940485
752,739,1491,0.12593268672942876
758,739,1497,0.1259780307356702
759,735,1494,0.12600434491052132
760,731,1491,0.12602697057518195
760,733,1493,0.12604591828217782
764,742,1506,0.12606456910744832
767,741,1508,0.12607146858934024
769,740,1509,0.12607005906567761
774,745,1519,0.12606301850062554
768,745,1513,0.12604665800551698
757,745,1502,0.12604489575057887
743,743,1486,0.1260704036816816
752,731,1483,0.1261272853764982
769,736,1505,0.12615815029994068
761,736,1497,0.12614785914135887
768,739,1507,0.12615872848822776
766,740,1506,0.12615259898723472
759,743,1502,0.1261508711490186
754,743,1497,0.12616539931922546
751,752,1503,0.12618989001094585
764,753,1517,0.12622017791514556
763,754,1517,0.12621920457295452
763,754,1517,0.12622122112784032
759,749,1508,0.12622357340705068
762,723,1485,0.1262360354057523
756,735,1491,0.12624118020302558
754,739,1493,0.12626139373133674
758,740,1498,0.12628235129460016
761,744,1505,0.12629201056488992
754,743,1497,0.12629519131435443
756,742,1498,0.1263138110278099
751,735,1486,0.1263241752975683
751,746,1497,0.12634440434905753
755,751,1506,0.12636369829549937
750,743,1493,0.1263730717618824
757,748,1505,0.12639149818019227
759,752,1511,0.12639350030579444
759,742,1501,0.12638917577395897
760,735,1495,0.12638620038200274
756,741,1497,0.12638253906008032
749,738,1487,0.12638930601275772
752,736,1488,0.12641159190867787
752,751,1503,0.12642459159330455
748,756,1504,0.1264363826304076
752,761,1513,0.1264551391478607
757,762,1519,0.12646359753158523
750,759,1509,0.12646089159822335
750,756,1506,0.12647538744349177
754,749,1503,0.12649055709216786
763,749,1512,0.12649488816782203
748,752,1500,0.12647754604602904
752,740,1492,0.12649680399946928
753,749,1502,0.12650622026811065
753,752,1505,0.12651400606911645
748,742,1490,0.12652308365086212
753,743,1496,0.12654152088473394
757,748,1505,0.12654508496210992
745,751,1496,0.12654087525231122
746,759,1505,0.12656386016752527
749,757,1506,0.12658212900587984
752,759,1511,0.1265914603725303
753,762,1515,0.12659643870476914
748,751,1499,0.12659717797450812
757,749,1506,0.12660874185307253
762,758,1520,0.1265998147962406
758,746,1504,0.12658032227982793
757,753,1510,0.12657093484095897
756,758,1514,0.12656562729465598
755,761,1516,0.12656390017728728
751,750,1501,0.126563264080865
745,752,1497,0.12657255848518134
743,759,1502,0.1265962282653637
740,760,1500,0.12662302241274703
734,761,1495,0.1266535729900492
740,761,1501,0.12669608428870618
751,768,1519,0.12672076871780677
746,771,1517,0.1267177447455137
741,778,1519,0.12672665380485512
743,766,1509,0.1267479663565207
751,763,1514,0.12676279719242387
746,762,1508,0.12675663039924728
743,748,1491,0.1267630366935031
740,749,1489,0.1267748112950664
740,747,1487,0.12679179326010115
733,757,1490,0.1268090974290686
742,747,1489,0.12683964902044345
753,749,1502,0.12684610023806323
747,754,1501,0.12682962603467546
746,750,1496,0.12682671386851502
750,738,1488,0.12682608642581536
752,735,1487,0.1268152666435511
754,746,1500,0.12680079780166775
742,751,1493,0.12678135187889905
746,763,1509,0.12678823506350503
751,754,1505,0.12678769138971574
748,757,1505,0.12677791047867587
749,757,1506,0.1267754639284963
748,760,1508,0.1267688354653541
744,754,1498,0.1267657603491047
746,758,1504,0.12677144962945386
756,755,1511,0.12677387032550114
754,756,1510,0.12675069534811859
750,749,1499,0.1267334216210034
744,762,1506,0.12672613203209956
736,759,1495,0.12673664182909317
729,758,1487,0.12676477427121732
728,758,1486,0.12680693682869762
737,770,1507,0.12684848760257558
730,776,1506,0.12686577216582545
727,776,1503,0.12690036742447736
722,774,1496,0.12694094547176005
720,778,1498,0.1269899762355161
707,776,1483,0.12704224840794887
714,777,1491,0.12712095693921588
727,770,1497,0.12717675723472172
734,774,1508,0.12719781701272118
736,779,1515,0.12720084856095915
733,773,1506,0.1271991469821343
724,778,1502,0.12720283993653467
717,786,1503,0.12722937193009526
711,780,1491,0.12727223511049052
713,777,1490,0.1273224907977383
720,783,1503,0.12736381483712844
719,789,1508,0.12738543207553
721,789,1510,0.12740556766830555
727,784,1511,0.1274202408050483
726,789,1515,0.12742192120755536
720,789,1509,0.12742622647530916
723,784,1507,0.1274452061363502
720,784,1504,0.12745729699463115
717,786,1503,0.12747567357347975
724,786,1510,0.1275006759199176
725,789,1514,0.12750727070896037
718,795,1513,0.12751147907661817
708,796,1504,0.12753145123317997
714,789,1503,0.12757301169034638
724,791,1515,0.12759798224439448
715,790,1505,0.1275935199446609
707,791,1498,0.1276124265940493
716,793,1509,0.12764818331013378
718,797,1515,0.12766380066828678
717,794,1511,0.1276726985102541
712,801,1513,0.12768477821999585
715,811,1526,0.12770730476549574
707,805,1512,0.1277207652934735
708,803,1511,0.1277530654495557
707,801,1508,0.12778148514599527
700,807,1507,0.1278099825723228
699,807,1506,0.12785210735960115
689,801,1490,0.12789543611174706
696,799,1495,0.1279568610820067
700,803,1503,0.12799839666789498
699,813,1512,0.12802780462982052
696,809,1505,0.1280568984093265
694,804,1498,0.12809210790960449
695,803,1498,0.12812748712786326
689,810,1499,0.12815661086860086
686,813,1499,0.12819791052405752
682,810,1492,0.1282448260827096
679,812,1491,0.1282998491136914
673,816,1489,0.12835908790006925
679,822,1501,0.12842670247785284
689,824,1513,0.12847519733628737
691,822,1513,0.12849751939860296
693,834,1527,0.1285138237614385
700,824,1524,0.12852672698561549
694,819,1513,0.12852090863333215
689,827,1516,0.12853001703668457
687,823,1510,0.12855111739755426
675,828,1503,0.12857756972182777
680,835,1515,0.1286313630840654
684,834,1518,0.1286701999062888
684,828,1512,0.1286974177225765
677,826,1503,0.12872127124801214
684,823,1507,0.12875931237425575
670,818,1488,0.12877913952477335
673,832,1505,0.12882974783240986
676,835,1511,0.1288701263412485
678,844,1522,0.1289023128009311
683,835,1518,0.12892573784986033
669,833,1502,0.128937726574346
674,831,1505,0.12898236663523846
668,836,1504,0.12901340573610287
665,839,1504,0.12905746664559836
665,839,1504,0.12910572317569943
662,835,1497,0.12915101725695768
671,831,1502,0.12919861126277674
668,839,1507,0.12921987923627312
666,839,1505,0.12924701401716512
666,844,1510,0.12927857403038823
666,834,1500,0.12930720470334814
668,843,1511,0.1293359338584615
666,837,1503,0.1293572105213017
671,838,1509,0.129382653449101
667,845,1512,0.12939248099353262
669,858,1527,0.12941321978947815
667,862,1529,0.12942803372585188
674,856,1530,0.12944561010955818
668,859,1527,0.12944739886493117
665,858,1523,0.12946431689469368
663,844,1507,0.129486661966491
674,849,1523,0.12951391746267715
667,838,1505,0.12951262429216118
661,846,1507,0.12952847723840788
662,832,1494,0.12955558569507436
667,843,1510,0.12957741131755532
665,847,1512,0.12958772497603402
663,838,1501,0.12960170409108265
663,837,1500,0.12961863019842632
660,832,1492,0.1296347420234181
654,834,1488,0.12965552658337565
659,838,1497,0.1296882920935641
658,843,1501,0.129706278823476
653,845,1498,0.12972491089183383
653,851,1504,0.12975313962822033
649,862,1511,0.12978018314922857
657,857,1514,0.12981566991298688
665,857,1522,0.12982959597927127
659,843,1502,0.12982180202693794
664,842,1506,0.12982637701835045
672,835,1507,0.12981958954168843
665,841,1506,0.12979252859559343
666,841,1507,0.12978549233471226
665,840,1505,0.12977787639770322
677,838,1515,0.12977261349986036
662,839,1501,0.12974098908606307
661,843,1504,0.12974619228042025
658,840,1498,0.12975472766150745
656,845,1501,0.12977148420518161
655,846,1501,0.1297916390891151
656,843,1499,0.12980940058882326
652,854,1506,0.1298255256780844
655,853,1508,0.12985168505951653
654,849,1503,0.12986761389292178
652,855,1507,0.12988420199989442
655,857,1512,0.12990373993833168
655,848,1503,0.12991650510306837
653,855,1508,0.12992749468851447
652,854,1506,0.12994099831518802
655,858,1513,0.1299556511805849
652,857,1509,0.12996214690782013
654,855,1509,0.12997387684399023
654,854,1508,0.12997943088191202
650,849,1499,0.12998610660701826
639,852,1491,0.1300024371277465
648,859,1507,0.13004271753375268
642,847,1489,0.13005878327872547
650,856,1506,0.13008649553224275
651,850,1501,0.13009191029194736
654,848,1502,0.1300940329825431
650,845,1495,0.13008902700389313
650,847,1497,0.13009076601647215
658,848,1506,0.13009220387379045
655,854,1509,0.1300757268490562
659,853,1512,0.13006817912965546
656,858,1514,0.13005096565534333
658,853,1511,0.13004338317246023
667,851,1518,0.13003198295571022
655,850,1505,0.130000413416537
649,855,1504,0.13000110009906707
657,851,1508,0.13001584636952793
661,859,1520,0.13000917450239088
655,861,1516,0.12999354107978964
652,852,1504,0.12999437993581042
651,863,1514,0.13000223943476244
654,862,1516,0.1300120139503758
652,863,1515,0.1300147316144734
637,864,1501,0.13002330650585464
637,874,1511,0.13006603552860013
640,863,1503,0.1301059391763604
649,868,1517,0.13013709128001388
650,871,1521,0.13014624253392917
647,874,1521,0.13015087769780792
630,866,1496,0.13016326884071586
643,857,1500,0.13021390852781012
647,855,1502,0.13023050826626636
651,852,1503,0.13023529480045629
636,852,1488,0.130231409594569
637,857,1494,0.1302637181487623
630,868,1498,0.1302896330774184
633,872,1505,0.13033126520883406
629,876,1505,0.13036223754761506
633,884,1517,0.13039998591071936
632,886,1518,0.1304272095023839
639,881,1520,0.13045652930904128
631,883,1514,0.13046944203699531
634,878,1512,0.1305004591623661
632,890,1522,0.13052310424135277
628,885,1513,0.13054786384836992
637,880,1517,0.13057889787373128
633,876,1509,0.13058757022802653
634,864,1498,0.13060487573415633
628,882,1510,0.13061766956356052
622,879,1501,0.13064526079651653
629,887,1516,0.13068455322354441
628,890,1518,0.13070488949203982
632,888,1520,0.13072463698625053
634,884,1518,0.13073513766196074
632,885,1517,0.13073819630676378
631,877,1508,0.13074535366042792
638,873,1511,0.13075623897985242
626,875,1501,0.13075181160823568
626,882,1508,0.1307746222500766
625,872,1497,0.130798205319118
629,880,1509,0.13082441998919328
628,870,1498,0.13083971630291205
633,874,1507,0.1308559696798968
625,872,1497,0.13085896180373718
613,872,1485,0.13088161078226854
622,886,1508,0.13092720005689512
628,885,1513,0.13094863449885863
627,892,1519,0.13095479368312962
625,887,1512,0.1309635388174038
626,892,1518,0.1309774399457883
620,895,1515,0.13098797267357257
617,899,1516,0.13101172270172406
625,900,1525,0.13104169389514042
631,902,1533,0.13105230356161587
619,901,1520,0.13104686495108178
621,898,1519,0.1310708343615398
617,900,1517,0.13108716599348041
619,896,1515,0.13111198727318896
616,894,1510,0.1311315968270659
603,892,1495,0.1311577750210627
603,905,1508,0.13121183846464096
595,913,1508,0.13126377014499277
594,922,1516,0.1313297867725494
594,916,1510,0.1313948180064575
592,921,1513,0.13145697091190453
598,917,1515,0.13152114054860456
584,910,1494,0.13156660201703432
587,929,1516,0.13164039731450544
583,926,1509,0.1317011207292277
591,931,1522,0.13176573730497057
585,931,1516,0.1318057492902216
590,927,1517,0.13185673732201486
591,925,1516,0.13189202709792774
590,930,1520,0.13192284108580948
594,933,1527,0.1319522486391479
589,927,1516,0.1319689901640538
584,926,1510,0.13199749838472954
591,932,1523,0.1320360587735096
595,920,1515,0.1320554988715396
588,925,1513,0.1320637047619854
584,923,1507,0.13208755913174766
587,922,1509,0.13211965602291864
583,920,1503,0.13214326386011646
593,930,1523,0.13217541667701038
592,917,1509,0.13218188075936455
588,923,1511,0.13218884728903904
594,928,1522,0.13220439306919615
594,937,1531,0.13220583512723422
585,941,1526,0.1322064210996712
585,933,1518,0.13222767591303095
592,925,1517,0.13224685757540075
589,921,1510,0.13224757097055306
584,922,1506,0.13225465402328151
580,915,1495,0.1322739619204196
573,924,1497,0.13230058180930032
573,922,1495,0.1323433733866319
572,927,1499,0.13238259493729054
565,935,1500,0.13242205676751023
559,938,1497,0.13247458335894968
569,940,1509,0.13253775218178243
566,942,1508,0.1325738225517833
577,947,1524,0.1326147188816806
567,943,1510,0.13262718696544612
568,941,1509,0.13266111167495356
568,941,1509,0.13269043409209696
556,950,1506,0.13271777765354567
565,944,1509,0.13277223657034873
568,937,1505,0.13280083136406204
560,940,1500,0.1328216777845963
558,951,1509,0.1328607878992546
564,955,1519,0.13290378054607058
565,951,1516,0.13293074757137371
564,949,1513,0.1329529281717419
569,943,1512,0.1329748383484543
574,948,1522,0.1329831671650322
567,951,1518,0.13297915332798602
560,958,1518,0.132991966524361
555,962,1517,0.1330206238045846
554,955,1509,0.1330595125365302
550,953,1503,0.13309846324334063
560,956,1516,0.13314331656388037
563,946,1509,0.13316347825314095
564,951,1515,0.13317572285292084
559,944,1503,0.13318521553288665
565,950,1515,0.13320635513662418
562,961,1523,0.13321124534444004
557,969,1526,0.13322408820680615
551,969,1520,0.13324942487045924
544,962,1506,0.1332883476639627
544,953,1497,0.1333435955124337
547,957,1504,0.13339069703504358
552,955,1507,0.13342551972808295
542,964,1506,0.13344658683337715
541,959,1500,0.13348795723722684
537,955,1492,0.1335290692083822
542,966,1508,0.13357740239633578
538,955,1493,0.13361113886150028
546,951,1497,0.13365125726819704
549,955,1504,0.1336682471811293
548,959,1507,0.13367634672621465
549,975,1524,0.1336876178210677
546,968,1514,0.13369486911371056
546,965,1511,0.1337097527052772
548,970,1518,0.1337239022186024
546,973,1519,0.13373263491387238
553,977,1530,0.1337455719092335
552,962,1514,0.13374313076687389
549,961,1510,0.13374331610995938
538,964,1502,0.13375054596619132
540,958,1498,0.13378326692462153
537,966,1503,0.13380862371538454
534,968,1502,0.13384089799343665
534,963,1497,0.1338795913429155
533,962,1495,0.1339182480628675
538,961,1499,0.1339561776897552
540,961,1501,0.13397661160365304
534,970,1504,0.1339910605993471
540,980,1520,0.13401884203366982
532,970,1502,0.13402865410872747
532,967,1499,0.13405720109005298
523,975,1498,0.13408404336403126
526,976,1502,0.13412997631646886
533,973,1506,0.13416706164235764
531,973,1504,0.13418566839645973
533,963,1496,0.13420755112155455
531,981,1512,0.1342222963675059
526,979,1505,0.134241809569552
522,974,1496,0.1342700772041315
519,989,1508,0.13430741405950897
516,980,1496,0.13434867656258687
518,986,1504,0.13439575872811071
513,988,1501,0.13443497612190775
521,992,1513,0.13448164252191627
521,983,1504,0.13450575932902836
517,976,1493,0.1345257993926149
521,980,1501,0.13455313665160412
524,980,1504,0.13456956253641608
528,972,1500,0.1345794309101947
529,977,1506,0.1345803450772875
522,983,1505,0.13457806136131173
524,999,1523,0.13459175047414132
524,999,1523,0.13460090363922017
526,991,1517,0.13461057432031306
512,992,1504,0.13461507002418072
507,993,1500,0.13465368672948994
506,1000,1506,0.13470237159273454
506,1006,1512,0.13474920548229624
496,1014,1510,0.134794490378885
510,1010,1520,0.13485977302268515
502,1001,1503,0.13488522802695674
499,1014,1513,0.13492633583063604
501,1024,1525,0.13497203188652737
501,1021,1522,0.13501160851050248
495,1019,1514,0.1350504977832685
495,1020,1515,0.13510151270498028
488,1010,1498,0.13514810992217163
488,1020,1508,0.1352096505844746
485,1017,1502,0.13526432279536774
487,1028,1515,0.13532296279916278
493,1022,1515,0.13537385330629947
489,1014,1503,0.1354042330586057
494,1018,1512,0.13544314344633354
484,1007,1491,0.13546708687979908
488,1014,1502,0.13551101397190343
492,1019,1511,0.1355431844320355
492,1017,1509,0.13556532785279424
497,1021,1518,0.13558705777621122
501,1025,1526,0.135594965768757
498,1021,1519,0.13559386360621878
497,1013,1510,0.13559796454822937
501,1000,1501,0.1356032473998992
498,1002,1500,0.13559986553825393
493,1016,1509,0.13560474287708077
488,1022,1510,0.13561919566224467
492,1018,1510,0.1356451034712006
492,1033,1525,0.13565998082692135
494,1028,1522,0.13567496177941177
485,1032,1517,0.13568695451093135
482,1032,1514,0.13571794188670375
482,1035,1517,0.13575607308958537
473,1032,1505,0.13579277055729652
472,1043,1515,0.13584709961381103
468,1048,1516,0.13590027493363435
464,1048,1512,0.13595865529965628
471,1047,1518,0.13602467852481698
467,1045,1512,0.13607004618881938
468,1049,1517,0.13612289432462715
470,1054,1524,0.13617086933551303
472,1044,1516,0.13621119408206403
468,1061,1529,0.13624481358867876
469,1064,1533,0.13628572425842836
461,1056,1517,0.13632024081507643
464,1047,1511,0.13637097354342123
459,1053,1512,0.13641348205909293
460,1066,1526,0.1364647389489266
460,1054,1514,0.1365115015528467
460,1050,1510,0.1365540654552604
467,1055,1522,0.13659251135827907
462,1052,1514,0.13661412183764093
460,1035,1495,0.13664638589101735
464,1044,1508,0.1366800594626018
460,1048,1508,0.13670161638755174
450,1047,1497,0.13673048146611105
443,1061,1504,0.1367807163609978
446,1066,1512,0.13684524918098578
445,1058,1503,0.13689637534211255
446,1059,1505,0.13694680174198792
452,1062,1514,0.1369915124320693
446,1073,1519,0.13701617475050984
449,1070,1519,0.13705493833681295
445,1055,1500,0.1370837899295931
449,1052,1501,0.13712032401475166
444,1057,1501,0.13714474713200717
439,1063,1502,0.13717972266197598
442,1056,1498,0.13722538365526302
434,1063,1497,0.137262389933493
435,1063,1498,0.13731527909445046
431,1071,1502,0.1373616106575326
434,1078,1512,0.13741477887637019
434,1090,1524,0.13745663176334602
429,1097,1526,0.13749697255774812
425,1088,1513,0.1375467675509546
420,1082,1502,0.13760329711354732
422,1087,1509,0.13766592407807637
425,1087,1512,0.1377191663063905
426,1088,1514,0.1377628821839535
430,1086,1516,0.13779987605616087
427,1078,1505,0.13782336613305263
428,1079,1507,0.13785179679948434
427,1071,1498,0.13787591910039615
431,1076,1507,0.13790158485623652
433,1070,1503,0.1379133142013007
433,1067,1500,0.1379209085785294
435,1074,1509,0.13792878721682528
436,1079,1515,0.137931559468371
433,1073,1506,0.13793172091697092
435,1067,1502,0.13793907412675016
432,1074,1506,0.13794238206971446
428,1075,1503,0.13795367264250843
430,1077,1507,0.13797370318506225
429,1080,1509,0.13798802618262837
435,1086,1521,0.13800352658250473
434,1078,1512,0.1380021017489451
428,1087,1515,0.13800387768009198
426,1085,1511,0.1380211359613724
424,1078,1502,0.13804274071182937
425,1079,1504,0.1380675846353133
417,1079,1496,0.13808881036662962
408,1082,1490,0.1381277156669589
410,1095,1505,0.13818445632819873
416,1090,1506,0.13823538571956603
419,1101,1520,0.13826657429905378
416,1102,1518,0.13829036222240323
415,1099,1514,0.13831989161009342
420,1093,1513,0.13834985346055537
422,1088,1510,0.13836650034445822
418,1096,1514,0.13837668023571797
415,1094,1509,0.13839679514180328
411,1108,1519,0.1384227210166281
411,1114,1525,0.1384555218341294
409,1108,1517,0.1384856448040941
411,1104,1515,0.1385193623566008
405,1090,1495,0.13854526908170012
406,1084,1490,0.138584059201623
411,1080,1491,0.1386150882569027
411,1094,1505,0.13863197268757183
407,1087,1494,0.1386496289261734
414,1095,1509,0.13867577713680954
407,1098,1505,0.13868431222888422
402,1091,1493,0.13870883515875168
409,1095,1504,0.1387426513334881
409,1085,1494,0.1387578715302156
412,1089,1501,0.1387722438926834
412,1100,1512,0.13877641518812292
414,1093,1507,0.13878016315823896
410,1100,1510,0.13877870260876693
402,1083,1485,0.13878744466109685
408,1084,1492,0.1388147096711157
412,1090,1502,0.13882609697898818
407,1085,1492,0.1388270724501613
396,1087,1483,0.138841265940552
396,1093,1489,0.1388790449202636
396,1100,1496,0.13891460659708507
400,1102,1502,0.13894922471147297
404,1099,1503,0.1389730740673742
398,1099,1497,0.13898499016048163
401,1112,1513,0.13901033069755211
404,1113,1517,0.13902600345536342
405,1118,1523,0.13903451768859956
406,1110,1516,0.13903940951130817
409,1104,1513,0.13903974919458775
407,1099,1506,0.13903286197927966
400,1110,1510,0.13903106777272414
403,1106,1509,0.13904525907441367
409,1110,1519,0.13905314542999517
404,1098,1502,0.13904629674688374
400,1102,1502,0.13905334058757923
390,1107,1497,0.1390692912537518
392,1115,1507,0.1391074446878723
393,1108,1501,0.13913908393551877
397,1102,1499,0.13916655235898479
393,1102,1495,0.1391840344226769
393,1114,1507,0.1392089526300381
392,1108,1500,0.13923247628035063
393,1115,1508,0.13925564786934033
396,1120,1516,0.13927473396643494
386,1110,1496,0.13928549004873947
383,1103,1486,0.13932034520054506
388,1105,1493,0.13935801442101411
396,1120,1516,0.13937985918473916
391,1119,1510,0.1393818603647382
383,1125,1508,0.1393971535896349
383,1135,1518,0.13943082111822147
389,1127,1516,0.13946423948211553
389,1129,1518,0.13948147905103794
385,1122,1507,0.13949898469205887
379,1124,1503,0.139525555849205
378,1130,1508,0.13956445628145592
382,1131,1513,0.13960226961844244
381,1137,1518,0.13962755420955683
373,1131,1504,0.1396523406825816
364,1141,1505,0.13969471249245755
370,1140,1510,0.13975501680182403
376,1150,1526,0.13979845935172042
372,1146,1518,0.13982586294978908
366,1141,1507,0.13986094172715385
364,1141,1505,0.13990668317184654
362,1139,1501,0.1399528290638571
363,1152,1515,0.14000075148813632
363,1148,1511,0.14004183078372548
364,1149,1513,0.14008120785992234
366,1150,1516,0.1401135143089271
367,1144,1511,0.14013765020671073
366,1138,1504,0.14015583180300112
369,1130,1499,0.14017580451994738
373,1131,1504,0.14018667072847824
358,1140,1498,0.14018862161051682
355,1145,1500,0.14022596475957338
357,1141,1498,0.1402695209374386
363,1142,1505,0.14030663584850372
359,1138,1497,0.1403275308318467
364,1130,1494,0.1403559142802367
356,1130,1486,0.1403680455227102
356,1139,1495,0.14039794958300844
357,1157,1514,0.14042515598844155
359,1158,1517,0.14044582644032724
364,1150,1514,0.1404602422483105
363,1149,1512,0.1404631136059013
367,1144,1511,0.14046966570656078
369,1137,1506,0.14046655063746233
360,1144,1504,0.1404602086458652
366,1148,1514,0.1404740928425665
366,1150,1516,0.14047535748693932
364,1138,1502,0.14047611729737272
367,1129,1496,0.14048102179711536
372,1128,1500,0.14047957351120885
377,1133,1510,0.14046622636831635
375,1141,1516,0.14044304179354922
378,1131,1509,0.14042550859264824
373,1121,1494,0.1404009990436755
375,1128,1503,0.14038950080254906
382,1131,1513,0.14037346350062196
382,1131,1513,0.14033973717427092
381,1128,1509,0.14030667206850375
378,1144,1522,0.14027951458614285
376,1139,1515,0.14026248199773503
377,1140,1517,0.14025328150557953
379,1143,1522,0.1402414478502992
374,1135,1509,0.14022642551076278
370,1138,1508,0.14022510290252116
370,1136,1506,0.14023390162365953
372,1136,1508,0.1402406232455301
373,1136,1509,0.14024254481005308
366,1138,1504,0.1402422494200294
363,1145,1508,0.1402581464018142
365,1139,1504,0.14028218349983668
363,1144,1507,0.14029896986412
366,1153,1519,0.14031838238800826
367,1152,1519,0.14032998892108461
361,1157,1518,0.14033786869237458
363,1149,1512,0.14035916451514194
360,1143,1503,0.14037648956309326
363,1137,1500,0.14040060595864612
363,1134,1497,0.1404164238741298
362,1145,1507,0.14043204806245402
357,1145,1502,0.14044763134553612
357,1149,1506,0.1404753883933136
355,1161,1516,0.14050016967130377
359,1151,1510,0.1405288903713574
363,1167,1530,0.1405450989831032
361,1163,1524,0.140550953131439
355,1165,1520,0.14056137611732938
356,1157,1513,0.14058554522423758
354,1148,1502,0.140605364751279
353,1155,1508,0.1406286666338218
351,1150,1501,0.14065264851581608
348,1157,1505,0.14068120951450397
351,1164,1515,0.1407143040129052
352,1160,1512,0.14073912203712835
350,1163,1513,0.14076011388156026
350,1166,1516,0.1407831994741452
345,1164,1509,0.1408037655746456
343,1160,1503,0.1408344921038456
346,1170,1516,0.14086820070938455
343,1163,1506,0.1408946443066731
337,1172,1509,0.14092584954360535
335,1172,1507,0.14096888156337875
333,1163,1496,0.14101338109034361
332,1160,1492,0.14105951690986837
329,1164,1493,0.14110720649602101
336,1183,1519,0.1411583224721352
334,1173,1507,0.14118858943805546
328,1170,1498,0.14122144760084274
329,1169,1498,0.14126553569144548
336,1172,1508,0.14130187209712744
341,1172,1513,0.1413188800085161
339,1178,1517,0.14132104421059938
345,1170,1515,0.14132946282487455
335,1182,1517,0.1413246330695629
339,1179,1518,0.1413437287310883
337,1170,1507,0.14135193164763254
334,1165,1499,0.14136186886638127
329,1170,1499,0.14137941673765078
333,1167,1500,0.1414068439808917
332,1186,1518,0.1414228004444567
336,1190,1526,0.14144140094486177
335,1179,1514,0.14144912573835852
330,1187,1517,0.14145835730186357
329,1181,1510,0.14148013149102592
323,1181,1504,0.14150445477092982
324,1176,1500,0.1415404955469612
329,1177,1506,0.14157130833583476
324,1178,1502,0.14158901488361147
324,1181,1505,0.1416182670854377
328,1178,1506,0.14164578639881856
328,1190,1518,0.14166022817638912
334,1186,1520,0.14167488539934797
340,1184,1524,0.14167357247803414
337,1193,1530,0.14165542200541079
335,1186,1521,0.14164564306914634
334,1179,1513,0.14164250253256394
336,1174,1510,0.14164421688388923
339,1174,1513,0.14164207381487465
337,1172,1509,0.14163259276081652
338,1178,1516,0.1416296641719245
341,1172,1513,0.14162185279007647
341,1175,1516,0.14160892890861054
342,1172,1514,0.14159687227413453
341,1180,1521,0.14158465698188485
338,1179,1517,0.14157576534519462
334,1179,1513,0.14157469071009224
333,1169,1502,0.14158424906692954
335,1162,1497,0.1415946240630901
339,1167,1506,0.1415966113188084
331,1170,1501,0.1415893998018224
329,1176,1505,0.14160201981489756
326,1187,1513,0.14161783994567867
324,1174,1498,0.14164159678216215
324,1186,1510,0.14166982300362616
322,1181,1503,0.14169573786073014
323,1184,1507,0.14172393684840545
324,1187,1511,0.14174638703219164
324,1192,1516,0.1417673031404612
321,1197,1518,0.14178506553196812
322,1199,1521,0.1418088848519342
315,1197,1512,0.1418302649167717
320,1201,1521,0.14186492224879588
321,1198,1519,0.1418853954797316
322,1197,1519,0.1419023016375855
318,1200,1518,0.14191772044080814
316,1195,1511,0.14194113777256404
312,1205,1517,0.14196758180790364
319,1200,1519,0.14200137412442015
312,1200,1512,0.14201624415819267
312,1205,1517,0.1420484147101746
304,1204,1508,0.14208150228887556
306,1207,1513,0.14213023088383342
303,1206,1509,0.14217167082824134
301,1208,1509,0.14221660947459056
308,1210,1518,0.14226411836453096
303,1229,1532,0.14229316545412324
303,1216,1519,0.1423318304867231
306,1216,1522,0.14236928703598578
304,1216,1520,0.14239632750021514
301,1216,1517,0.14242712303375174
307,1221,1528,0.14246382690292372
305,1219,1524,0.14248479930757632
310,1216,1526,0.14250835154464242
309,1218,1527,0.14251900830419675
306,1216,1522,0.1425319890160193
300,1211,1511,0.14254963317084166
301,1216,1517,0.14258123356326854
302,1212,1514,0.14260849588619756
307,1200,1507,0.1426329316702894
308,1211,1519,0.1426430679320007
312,1225,1537,0.14264804459005123
303,1213,1516,0.142644315310095
297,1219,1516,0.14266272781136535
296,1231,1527,0.14269408325457378
299,1232,1531,0.14272555798133227
298,1228,1526,0.1427494954178069
298,1216,1514,0.14277429097514507
297,1225,1522,0.1427972262513029
293,1220,1513,0.14282264816033524
292,1219,1511,0.14285500717263142
293,1209,1502,0.14288753018550265
287,1203,1490,0.14291400420599146
291,1203,1494,0.1429534688283826
297,1206,1503,0.14298014918006918
294,1207,1501,0.1429906656144698
294,1212,1506,0.14300879933070554
298,1207,1505,0.14302649313539345
296,1208,1504,0.14303351782718018
291,1211,1502,0.1430442454244722
290,1212,1502,0.143065162354932
290,1214,1504,0.14308528559219855
288,1211,1499,0.14310368374022864
290,1226,1516,0.14312466147579342
295,1231,1526,0.14313880711755542
295,1223,1518,0.14314103010727608
294,1216,1510,0.14314347092066315
285,1231,1516,0.14314775725241993
281,1237,1518,0.1431737998859468
283,1244,1527,0.14320759001406763
285,1234,1519,0.1432352772190745
280,1231,1511,0.1432577384847072
282,1234,1516,0.14329114602924922
287,1229,1516,0.14331743429007915
285,1232,1517,0.14332916255220698
284,1235,1519,0.14334558531439687
281,1240,1521,0.14336397872712328
280,1243,1523,0.14338869438203886
279,1233,1512,0.1434147805702664
279,1236,1515,0.1434411072362428
276,1237,1513,0.14346642287973477
282,1234,1516,0.14349490492385622
283,1236,1519,0.14350705537282907
279,1235,1514,0.14351581356981538
280,1230,1510,0.14353397642445295
277,1236,1513,0.1435483780882651
271,1236,1507,0.14357041836692727
273,1232,1505,0.14360535972763147
272,1228,1500,0.14363451491773296
273,1237,1510,0.1436633196309207
273,1248,1521,0.14368712497709654
273,1252,1525,0.14371018623678483
275,1259,1534,0.1437323103644598
270,1265,1535,0.14374777229649902
266,1260,1526,0.14377406733161252
266,1261,1527,0.14380785601778182
268,1264,1532,0.14383962703449424
268,1258,1526,0.14386405261982382
269,1264,1533,0.1438866924479401
269,1255,1524,0.14390699076022673
263,1266,1529,0.14392709469670947
261,1257,1518,0.14396054551168155
260,1264,1524,0.14399525830151585
263,1251,1514,0.14402990151955872
260,1255,1515,0.1440551647371605
257,1261,1518,0.14408648014594017
258,1263,1521,0.14412283518183291
256,1261,1517,0.1441553850787897
255,1248,1503,0.1441899546505176
258,1252,1510,0.14422302528605646
256,1247,1503,0.14424572906481672
252,1243,1495,0.14427070789347438
260,1243,1503,0.1443046167318502
258,1251,1509,0.1443151553045292
263,1241,1504,0.14433054792092473
260,1240,1500,0.1443305518534213
264,1239,1503,0.1443378797276569
264,1239,1503,0.1443368989544075
263,1246,1509,0.14433679560654972
267,1239,1506,0.14433932283171394
264,1243,1507,0.1443312722233718
264,1245,1509,0.1443316951606809
267,1252,1519,0.1443336208609657
266,1264,1530,0.14432823364181735
267,1248,1515,0.1443250660613551
264,1262,1526,0.14431994422142178
263,1251,1514,0.14432294731889184
258,1245,1503,0.14432878267634058
250,1258,1508,0.14434537225527921
257,1252,1509,0.14437864537324926
260,1252,1512,0.14439502605775037
259,1260,1519,0.14440231113729118
256,1259,1515,0.14441306811534743
257,1260,1517,0.14443057959370872
259,1249,1508,0.14444268201139554
263,1249,1512,0.14444846186940866
256,1264,1520,0.14444456762085786
254,1260,1514,0.14445798771546645
249,1256,1505,0.1444761246277074
253,1263,1516,0.1445042326080753
256,1265,1521,0.14451956078656156
259,1256,1515,0.14452651146290182
259,1256,1515,0.14452536634112756
254,1256,1510,0.14452397804281797
256,1258,1514,0.144534856827627
256,1252,1508,0.14454087627750362
255,1241,1496,0.144546598075223
252,1258,1510,0.1445528572998849
249,1260,1509,0.14456668774449588
250,1265,1515,0.14458598609299977
253,1271,1524,0.14460231139957763
252,1266,1518,0.14460904806132224
249,1265,1514,0.14461895140839387
245,1259,1504,0.14463557065511357
243,1263,1506,0.14466028263741973
243,1267,1510,0.14468945028855237
242,1271,1513,0.14471751555657586
241,1263,1504,0.1447453396907532
240,1267,1507,0.14477309986313572
236,1270,1506,0.14480135864588892
238,1257,1495,0.14483753714996037
236,1261,1497,0.1448648047379786
238,1259,1497,0.14489349238814472
242,1267,1509,0.14491611374316374
242,1271,1513,0.1449288661160268
245,1274,1519,0.14493915602732824
246,1277,1523,0.14493947621990663
245,1265,1510,0.144937312632294
246,1267,1513,0.14493703797715543
246,1264,1510,0.1449347122917116
239,1267,1506,0.14493202404565014
240,1267,1507,0.14494593445897105
234,1269,1503,0.14495581138596642
237,1272,1509,0.1449799387316116
238,1271,1509,0.14499585566378742
236,1273,1509,0.1450088628256519
241,1267,1508,0.1450276428018833
235,1258,1493,0.145033172796904
234,1267,1501,0.1450525686564952
232,1274,1506,0.1450725511415058
237,1275,1512,0.14509675286681953
235,1291,1526,0.14510915564441013
235,1286,1521,0.14512460760603285
230,1276,1506,0.14513999958831195
228,1288,1516,0.14516710803364682
226,1285,1511,0.14519723654555614
223,1277,1500,0.14522932698558866
222,1278,1500,0.145267437449189
218,1299,1517,0.14530634938848372
223,1290,1513,0.14535121834173284
221,1278,1499,0.14538060720884818
224,1291,1515,0.14541129521938656
226,1273,1499,0.14543288410222954
229,1288,1517,0.14544845474981188
227,1281,1508,0.1454553867666456
225,1285,1510,0.14546664116043595
227,1285,1512,0.145482299333824
228,1282,1510,0.145494318883636
229,1285,1514,0.14550044984327096
228,1278,1506,0.14550390740050126
233,1277,1510,0.14550945247768973
228,1275,1503,0.14550000245698974
226,1279,1505,0.14550388972193173
229,1271,1500,0.14551348670356076
233,1281,1514,0.14551544652498552
240,1289,1529,0.14550679536129252
237,1283,1520,0.14548143790516588
237,1276,1513,0.1454654920661728
239,1269,1508,0.1454510055665541
236,1271,1507,0.14543288520647601
234,1282,1516,0.14542308503224005
239,1271,1510,0.14541922144095965
239,1267,1506,0.14540459967415234
239,1267,1506,0.14539014520160065
241,1273,1514,0.14537666973495011
240,1273,1513,0.14536073063881993
234,1282,1516,0.14534676226247042
237,1281,1518,0.14534831195883016
232,1274,1506,0.1453446080472563
231,1266,1497,0.14535208582948936
232,1257,1489,0.14536044719650243
229,1259,1488,0.14536529737289894
228,1271,1499,0.1453777896577498
229,1264,1493,0.1453915460788944
229,1271,1500,0.14540253188112687
217,1262,1479,0.14541242703094903
222,1280,1502,0.14545035255090552
215,1276,1491,0.14547411521208709
218,1297,1515,0.14551291000306665
222,1308,1530,0.14554215989716718
223,1303,1526,0.14556009282674207
220,1287,1507,0.1455748689395003
222,1281,1503,0.14559451836989953
224,1290,1514,0.14560865279831478
224,1291,1515,0.1456178699882039
221,1282,1503,0.14562576502564217
223,1282,1505,0.1456417908478598
214,1292,1506,0.14565268944052281
214,1299,1513,0.14568382879173447
218,1293,1511,0.14571367602420043
225,1291,1516,0.14573212350319673
224,1291,1515,0.14573007596786858
228,1288,1516,0.145729897329691
218,1289,1507,0.1457206454493506
221,1284,1505,0.14573586656251108
223,1285,1508,0.14574421075121907
220,1295,1515,0.14574692469115194
219,1292,1511,0.1457557719148735
217,1282,1499,0.1457641208239896
218,1281,1499,0.1457771486618352
217,1282,1499,0.1457890970293145
217,1293,1510,0.14580325375040878
219,1294,1513,0.14581556234419904
220,1284,1504,0.14582323498257466
219,1284,1503,0.14582561168059813
217,1283,1500,0.1458310604671033
212,1296,1508,0.14584062318722232
211,1291,1502,0.14586204225368882
212,1296,1508,0.14588505384329
212,1303,1515,0.14590337772592266
216,1300,1516,0.14592100271473188
214,1290,1504,0.14592627268361924
221,1296,1517,0.14593564297059022
219,1289,1508,0.1459257773575316
217,1300,1517,0.14592244478948568
216,1306,1522,0.14592442532945601
219,1295,1514,0.14592907599889782
218,1302,1520,0.1459261967468615
215,1312,1527,0.145926942294528
214,1297,1511,0.14593537868762957
213,1303,1516,0.14594494135131256
215,1308,1523,0.14595705073509624
214,1305,1519,0.14596386196381997
210,1307,1517,0.14597212337855228
212,1319,1531,0.14598871467871422
206,1318,1524,0.14600090487603157
209,1317,1526,0.14602702686932548
208,1321,1529,0.1460448431205896
207,1316,1523,0.14606400945129244
207,1311,1518,0.14608530015662613
207,1304,1511,0.1461049994584894
204,1298,1502,0.1461220762716981
203,1295,1498,0.1461449936112306
208,1292,1500,0.14616849425272796
211,1309,1520,0.1461768302148545
216,1298,1514,0.14617722810216371
219,1294,1513,0.14616564600353896
220,1300,1520,0.1461485817534574
224,1294,1518,0.14613033516355248
224,1297,1521,0.14610554544389223
220,1299,1519,0.14608376063586395
219,1292,1511,0.14607227859812114
215,1293,1508,0.1460631432685119
215,1296,1511,0.1460640084824269
219,1302,1521,0.1460643859180435
219,1295,1514,0.14605473675496605
219,1283,1502,0.1460465282418401
217,1294,1511,0.14603953662565464
214,1288,1502,0.14603901348337212
215,1285,1500,0.14604522017017205
211,1298,1509,0.14604929974771427
210,1294,1504,0.14606329124568856
212,1303,1515,0.14607861400365227
214,1313,1527,0.14608732085195608
207,1313,1520,0.1460908783553956
207,1301,1508,0.14611091022419
208,1309,1517,0.14613031195416298
210,1292,1502,0.14614476051258762
217,1287,1504,0.14615237821599888
217,1288,1505,0.1461415117696802
211,1295,1506,0.1461323862615753
216,1299,1515,0.14613845293763666
215,1301,1516,0.14613233057081973
210,1313,1523,0.1461289249062498
206,1314,1520,0.1461376646600265
207,1317,1524,0.14615581033272465
206,1305,1511,0.14617147285719725
211,1314,1525,0.14618826503945134
209,1314,1523,0.14619292101526427
210,1327,1537,0.1462019877819918
205,1321,1526,0.1462079763128531
205,1324,1529,0.14622445195402142
205,1316,1521,0.14624085050349503
207,1297,1504,0.14625613699544096
205,1302,1507,0.14626455663616647
202,1300,1502,0.1462786922171233
202,1301,1503,0.1462990899892863
207,1316,1523,0.14631864474260806
203,1308,1511,0.1463258550119333
201,1316,1517,0.14634222886359477
200,1322,1522,0.14636191260016848
207,1321,1528,0.14638190208997487
205,1319,1524,0.1463838546220041
206,1312,1518,0.1463910840086442
212,1309,1521,0.14639436803749545
216,1304,1520,0.1463833078669311
217,1304,1521,0.1463635950723796
212,1312,1524,0.14634064724994805
208,1301,1509,0.14633050159608607
213,1290,1503,0.14633163625519938
216,1296,1512,0.1463203211191279
216,1307,1523,0.14630384700886506
209,1310,1519,0.14628768122318964
212,1291,1503,0.14629028476104264
208,1286,1494,0.14628582525374426
211,1294,1505,0.14629060211586012
208,1304,1512,0.14628757945173518
209,1304,1513,0.14629167898724305
207,1305,1512,0.14629438898888164
208,1299,1507,0.14630272902947275
208,1296,1504,0.1463090727440892
209,1294,1503,0.1463143815610983
211,1303,1514,0.14631638162166802
211,1304,1515,0.14631341323557887
208,1312,1520,0.14631140802090165
208,1303,1511,0.14631696126139926
205,1300,1505,0.1463229594838331
197,1303,1500,0.14633541221214696
197,1310,1507,0.14636589943320744
201,1322,1523,0.14639409487379
198,1308,1506,0.14641203050076498
200,1313,1513,0.14643624084944548
201,1310,1511,0.1464540934357609
204,1322,1526,0.14646846558087184
200,1321,1521,0.14647276353931357
200,1320,1520,0.1464871467135162
199,1322,1521,0.14650107799494344
202,1317,1519,0.14651619226994042
206,1306,1512,0.14652149943491488
207,1310,1517,0.1465168502094737
206,1306,1512,0.1465105542123393
204,1308,1512,0.14650515209211165
205,1293,1498,0.14650600119862908
205,1297,1502,0.14650431856360224
200,1289,1489,0.1465041830393884
206,1295,1501,0.1465162011460409
202,1301,1503,0.14651212144702286
203,1305,1508,0.14651852333531074
201,1321,1522,0.14652237317692626
200,1313,1513,0.14653115057853872
204,1315,1519,0.14654182819417297
208,1302,1510,0.14654102781491785
209,1312,1521,0.1465301850748218
211,1320,1531,0.1465163466064568
208,1320,1528,0.1464984239872745
205,1317,1522,0.14648919067328775
204,1313,1517,0.14648811367019995
204,1303,1507,0.14648965634953495
207,1298,1505,0.14649322332576847
207,1307,1514,0.1464878336349062
204,1312,1516,0.14648296834408187
202,1300,1502,0.1464859875384541
206,1298,1504,0.14649408512829218
205,1308,1513,0.1464908345572473
202,1295,1497,0.14649063885837055
196,1308,1504,0.14649879666959603
198,1319,1517,0.14652109602692304
201,1319,1520,0.14653723762407686
194,1317,1511,0.14654539820343382
197,1314,1511,0.146569879150139
198,1314,1512,0.1465865210537951
196,1326,1522,0.14659960204939512
193,1332,1525,0.1466166098085209
192,1333,1525,0.14663899905359074
189,1333,1522,0.14666110493210283
189,1323,1512,0.14668953698188436
192,1334,1526,0.14671691028399017
184,1333,1517,0.14673588806729312
181,1322,1503,0.14677104777942407
182,1317,1499,0.14681047059005028
181,1320,1501,0.14684504548732982
184,1320,1504,0.1468792631691314
184,1323,1507,0.14690535954725012
187,1319,1506,0.14692980416635715
192,1326,1518,0.14694498125402838
187,1322,1509,0.14694638640494215
189,1317,1506,0.1469605814177013
189,1318,1507,0.14696967258711033
190,1312,1502,0.14697799290746286
190,1312,1502,0.14698414574674107
193,1320,1513,0.14698950491835638
194,1315,1509,0.14698647060275336
189,1323,1512,0.14698063194481567
186,1322,1508,0.14698741943052063
186,1330,1516,0.14700009242086876
186,1330,1516,0.14701196135448466
186,1319,1505,0.14702225080685438
191,1321,1512,0.14703261082528082
191,1325,1516,0.14702869750076966
194,1321,1515,0.1470247956309948
195,1324,1519,0.14701453738828665
194,1329,1523,0.1470026382565017
193,1322,1515,0.14699545115335672
194,1334,1528,0.14699099959980313
193,1331,1524,0.1469857504860742
186,1329,1515,0.14698168217799043
191,1327,1518,0.14699506002323734
189,1339,1528,0.14699656748373122
191,1331,1522,0.1470026126692169
192,1335,1527,0.14700305762437701
194,1316,1510,0.14700133665546833
189,1313,1502,0.14699652035781965
186,1323,1509,0.14700388950580107
187,1322,1509,0.1470184187631665
187,1326,1513,0.14702972310573678
188,1319,1507,0.14703980437579467
189,1331,1520,0.14704651801821542
187,1338,1525,0.1470502210016513
182,1343,1525,0.14705837139019876
185,1336,1521,0.14707793923996945
184,1324,1508,0.14709041624398708
185,1330,1515,0.14710412823161234
182,1330,1512,0.1471136797492498
183,1335,1518,0.14713034624966848
182,1340,1522,0.14714323888053346
181,1338,1519,0.147157515350836
176,1338,1514,0.14717356805518275
174,1346,1520,0.14720057618416366
178,1345,1523,0.14723012236232733
178,1344,1522,0.1472498678346892
176,1338,1514,0.1472665641457913
178,1339,1517,0.14728620827273725
174,1330,1504,0.14729986962445094
175,1325,1500,0.14732103770619698
175,1332,1507,0.1473383134002738
178,1343,1521,0.1473529187947242
174,1339,1513,0.1473597939094111
177,1341,1518,0.14737603336312832
180,1330,1510,0.1473845761781148
177,1330,1507,0.14738579237166763
177,1329,1506,0.14739468206768677
174,1339,1513,0.14740130563911819
174,1344,1518,0.14741466565945616
180,1347,1527,0.1474283781334773
178,1344,1522,0.14742537107100648
174,1335,1509,0.14742824373298258
171,1349,1520,0.14744081813754867
172,1339,1511,0.14745845293401738
171,1330,1501,0.1474733871924361
174,1334,1508,0.1474890058945952
176,1335,1511,0.14749685422514122
180,1336,1516,0.1474990662518101
182,1341,1523,0.14749201823796823
183,1352,1535,0.14747931984099732
178,1339,1517,0.14746528964639363
178,1342,1520,0.1474646583201626
179,1350,1529,0.14746343438242243
179,1330,1509,0.1474599169502765
181,1338,1519,0.1474558519779883
182,1330,1512,0.14744744124252984
182,1327,1509,0.14743869402146562
178,1337,1515,0.14743052929716316
176,1349,1525,0.1474326696368487
173,1345,1518,0.14744047473207803
177,1360,1537,0.14745524247754246
170,1355,1525,0.14746032756578983
174,1362,1536,0.14748120529054495
172,1351,1523,0.1474916146560053
175,1353,1528,0.1475064746231599
170,1341,1511,0.14751194692194056
164,1338,1502,0.14752935180550575
172,1341,1513,0.1475599946144356
168,1321,1489,0.1475668002151159
173,1331,1504,0.14758293860984523
173,1334,1507,0.14758359673866994
174,1328,1502,0.147584715437283
174,1336,1510,0.1475815112285967
174,1332,1506,0.14757930944649808
176,1345,1521,0.14757794253443873
179,1337,1516,0.14757252528837014
178,1334,1512,0.14755935470408477
182,1342,1524,0.14754991226143083
181,1335,1516,0.14753064007874694
177,1332,1509,0.14751595763020725
170,1340,1510,0.14751239090188092
175,1333,1508,0.1475260579647991
171,1349,1520,0.14752828642797783
168,1342,1510,0.147539381701728
168,1345,1513,0.14755617623663553
172,1348,1520,0.1475728544125375
170,1338,1508,0.14757673750747533
176,1332,1508,0.14758527046588424
177,1323,1500,0.14757946242906822
181,1337,1518,0.14757175985105944
180,1331,1511,0.14755435002343198
182,1334,1516,0.14754054448896742
182,1333,1515,0.14752419307054637
179,1343,1522,0.14750926699295946
181,1344,1525,0.14750202725928238
181,1347,1528,0.14749198927447352
178,1353,1531,0.14748316704577438
178,1339,1517,0.14748252020171637
176,1334,1510,0.14748178492998643
183,1335,1518,0.14748654072195005
179,1336,1515,0.1474733006097299
176,1323,1499,0.14746981173070342
178,1319,1497,0.14747442754696938
182,1334,1516,0.14747346711573775
181,1338,1519,0.14746343350588037
181,1324,1505,0.14745459239112027
187,1332,1519,0.14744621131091112
184,1320,1504,0.14742554612861594
183,1327,1510,0.14741377286150492
181,1334,1515,0.14740508810413677
177,1325,1502,0.14740147693082256
175,1337,1512,0.1474084580120827
178,1336,1514,0.14741886096352466
176,1345,1521,0.14742045809766513
175,1339,1514,0.1474285904053479
179,1335,1514,0.14743883863382584
181,1343,1524,0.14744020075978295
181,1336,1517,0.14743678405163307
177,1332,1509,0.14743436517632386
181,1327,1508,0.14744157208336212
179,1331,1510,0.14743805738722773
180,1336,1516,0.14744000074914662
177,1342,1519,0.14743947302484642
183,1349,1532,0.14744537744499975
182,1355,1537,0.14743746384124612
180,1331,1511,0.14743180716031415
181,1343,1524,0.14743146133980667
180,1332,1512,0.14742974906424022
173,1338,1511,0.14743127586399252
166,1342,1508,0.1474475846860015
170,1341,1511,0.14747936017995442
168,1343,1511,0.1474995648965548
165,1336,1501,0.14752349645837332
168,1342,1510,0.14755130429260302
170,1360,1530,0.1475693911813719
168,1367,1535,0.14758265021032602
167,1363,1530,0.14759878046630057
172,1345,1517,0.14761655225579656
173,1346,1519,0.1476199059836288
174,1340,1514,0.14762067358765613
179,1333,1512,0.1476202407839752
175,1326,1501,0.14760736457230156
174,1336,1510,0.1476057470161864
174,1334,1508,0.14760657471917496
174,1339,1513,0.1476086125909471
173,1346,1519,0.14760957163527666
169,1350,1519,0.14761333736752108
163,1354,1517,0.1476267835133866
164,1345,1509,0.14765456968336113
164,1349,1513,0.1476770359091871
162,1350,1512,0.14769841118197263
158,1347,1505,0.14772296692013245
159,1345,1504,0.14775573059811187
162,1355,1517,0.14778440273086868
160,1361,1521,0.14780303530543903
159,1364,1523,0.1478248306326896
157,1368,1525,0.1478483847514729
159,1371,1530,0.14787583288828782
159,1366,1525,0.14789545772410864
162,1366,1528,0.14791371640354964
164,1364,1528,0.14792171956501385
163,1366,1529,0.14792418634228505
161,1360,1521,0.1479297587814756
156,1357,1513,0.14794061562353267
160,1358,1518,0.14796227727870842
159,1367,1526,0.1479742957466041
158,1365,1523,0.14798831129162773
161,1371,1532,0.14800340066592413
159,1363,1522,0.14801168002003112
158,1353,1511,0.14802481712990884
159,1357,1516,0.14804015642447463
156,1360,1516,0.14805296655346567
157,1347,1504,0.1480718047964097
156,1361,1517,0.14808739700571677
154,1371,1525,0.14810381145360302
156,1377,1533,0.148124174144145
154,1374,1528,0.14813865720639163
157,1372,1529,0.14815640060989752
156,1373,1529,0.1481660391222977
153,1371,1524,0.1481772310564514
152,1370,1522,0.1481939066366923
147,1372,1519,0.14821285413526047
149,1370,1519,0.1482422110745488
144,1359,1503,0.14826479597816195
147,1359,1506,0.1482975620206588
148,1369,1517,0.14832000668065531
151,1367,1518,0.1483383227288295
150,1370,1520,0.14834942021487285
149,1365,1514,0.14836080857117978
151,1379,1530,0.1483746009708838
153,1361,1514,0.14838261721879933
154,1347,1501,0.14838502438044054
148,1348,1496,0.14838357432933935
143,1341,1484,0.14839660054293613
145,1345,1490,0.14842094529086608
147,1338,1485,0.14843801346940944
145,1351,1496,0.1484499806610918
147,1348,1495,0.14846677734613056
147,1348,1495,0.14847732005794181
143,1368,1511,0.14848651591486348
146,1375,1521,0.148505238050795
145,1369,1514,0.14851506909177595
146,1371,1517,0.14852609071541545
148,1377,1525,0.14853412784725792
149,1378,1527,0.14853710957448693
148,1371,1519,0.14853768370120002
146,1366,1512,0.14854071237791294
142,1379,1521,0.14854860509574563
140,1379,1519,0.14856605413897078
142,1374,1516,0.14858715057726557
141,1380,1521,0.14860226063705667
143,1377,1520,0.14861809854166524
144,1376,1520,0.14862591009865744
144,1376,1520,0.1486308169829483
143,1375,1518,0.1486358495838622
141,1368,1509,0.14864406791061824
140,1372,1512,0.14865578206898974
137,1373,1510,0.14866864531863822
139,1373,1512,0.14868867098567234
137,1385,1522,0.14870208237076155
129,1380,1509,0.14871876221616312
130,1381,1511,0.1487536742948419
130,1385,1515,0.14878452721287494
131,1384,1515,0.14881423164019644
132,1379,1511,0.14883919568559142
133,1390,1523,0.14885943500038426
130,1384,1514,0.14887720495980677
124,1399,1523,0.14890226406728524
126,1392,1518,0.1489400643160771
126,1389,1515,0.14896931928249774
122,1390,1512,0.14899664690437106
124,1386,1510,0.14903198615070715
124,1378,1502,0.14906088768260398
119,1377,1496,0.1490867499629905
121,1390,1511,0.14912373064808773
121,1394,1515,0.14915280592066577
122,1391,1513,0.1491804057876744
124,1389,1513,0.14920383580087282
127,1399,1526,0.14922132392558052
126,1388,1514,0.1492291118232711
127,1384,1511,0.14924038765949393
127,1392,1519,0.14924788939448505
130,1394,1524,0.1492543655088154
133,1385,1518,0.14925305514873924
132,1383,1515,0.1492449383853874
128,1367,1495,0.14924062453111528
127,1381,1508,0.14924628360639525
124,1392,1516,0.14925405830973384
126,1391,1517,0.1492688241788976
122,1385,1507,0.1492776649188092
116,1401,1517,0.1492949199612322
118,1390,1508,0.14932479242411228
120,1400,1520,0.14934623365663927
121,1400,1521,0.14936267029422684
122,1400,1522,0.1493757719657604
113,1397,1510,0.1493865020932928
118,1396,1514,0.14941838790463427
118,1390,1508,0.1494358478544875
115,1394,1509,0.1494523461167622
112,1396,1508,0.14947419540627893
112,1395,1507,0.14950264789119888
116,1399,1515,0.1495292084705979
118,1400,1518,0.14954418312276824
113,1387,1500,0.14955289812428288
113,1391,1504,0.1495729007050895
112,1403,1515,0.14959294153555358
109,1400,1509,0.1496147280247745
110,1413,1523,0.149640780495331
112,1405,1517,0.14966359929884432
112,1405,1517,0.1496794851557212
109,1409,1518,0.14969409441596127
111,1395,1506,0.14971517754074345
106,1413,1519,0.1497296212993094
107,1413,1520,0.14975659049596327
101,1422,1523,0.14977928004445235
102,1413,1515,0.1498149335290161
102,1398,1500,0.14984584870869563
102,1415,1517,0.14987503350071243
99,1412,1511,0.1499031576404545
100,1429,1529,0.14993671613680953
94,1432,1526,0.1499661592257469
93,1446,1539,0.15000805655742094
92,1428,1520,0.15005001707344717
91,1424,1515,0.15009177065994309
87,1414,1501,0.15013317014065386
86,1403,1489,0.15018024144936548
84,1416,1500,0.15022707088918863
87,1411,1498,0.1502747999551478
86,1415,1501,0.15031287776052862
89,1431,1520,0.1503510602439263
87,1432,1519,0.150379221021179
89,1440,1529,0.15041067702152336
86,1444,1530,0.15043509825887103
86,1443,1529,0.15046521317484124
84,1438,1522,0.1504938611099879
84,1441,1525,0.15052473029489685
81,1436,1517,0.15055372245515852
79,1428,1507,0.1505882924331663
81,1430,1511,0.15062524172392844
79,1437,1516,0.15065420090673906
84,1445,1529,0.15068662897220317
79,1440,1519,0.15070454055312255
78,1431,1509,0.15073217469720704
77,1424,1501,0.15076045003646096
80,1433,1513,0.15078965560231605
77,1439,1516,0.15080987493388506
77,1430,1507,0.15083607412801148
76,1440,1516,0.15086111410500236
79,1433,1512,0.15088688237898534
80,1426,1506,0.1509041636764726
82,1433,1515,0.15091639715279734
82,1423,1505,0.15092279637601494
82,1435,1517,0.15092923454066665
83,1444,1527,0.15093489678315009
81,1442,1523,0.15093775816030278
81,1426,1507,0.1509447666305311
80,1434,1514,0.15095240495336631
80,1438,1518,0.15096155348309895
80,1442,1522,0.15097079914605657
78,1439,1517,0.1509791463934016
77,1432,1509,0.15099204946562197
77,1438,1515,0.1510056550656784
77,1434,1511,0.15101820020628545
74,1441,1515,0.15103052885264334
77,1445,1522,0.15104968135654434
75,1457,1532,0.15106074247799028
74,1439,1513,0.15107431367250906
75,1450,1525,0.15109002465889035
73,1449,1522,0.15110205199042018
73,1446,1519,0.15111849256770835
71,1456,1527,0.15113443622747508
74,1448,1522,0.15115427381909727
75,1451,1526,0.1511651070680818
76,1455,1531,0.15117305209746232
75,1432,1507,0.15117879863368408
75,1432,1507,0.1511868196697599
76,1425,1501,0.15119414064084238
79,1430,1509,0.15119815541552734
80,1430,1510,0.1511930100607072
81,1435,1516,0.1511855196925919
79,1439,1518,0.15117327324040292
80,1447,1527,0.15116678602426994
79,1434,1513,0.1511572980161758
81,1439,1520,0.15115083974843033
83,1440,1523,0.15114021872150862
81,1433,1514,0.151125519859011
81,1428,1509,0.15111790536099654
81,1431,1512,0.15111198206071663
76,1443,1519,0.1511055375992536
77,1435,1512,0.15111195129914434
76,1436,1512,0.15111538019031726
75,1450,1525,0.15112125715027783
75,1455,1530,0.1511296765625023
75,1449,1524,0.151137976836697
72,1447,1519,0.15114555608584176
71,1451,1522,0.15116165656484082
73,1444,1517,0.15117927554299232
71,1442,1513,0.15119075482110736
70,1443,1513,0.15120658217104427
70,1448,1518,0.15122328725170686
70,1449,1519,0.1512383833601506
69,1448,1517,0.15125299779403556
70,1452,1522,0.15126875722744684
70,1439,1509,0.15127932093930999
69,1437,1506,0.15128971831344026
66,1418,1484,0.15130165046407706
65,1438,1503,0.1513204646560863
66,1430,1496,0.1513398957626774
68,1442,1510,0.1513538175339722
68,1441,1509,0.15136203134172696
67,1433,1500,0.15136926321865724
68,1439,1507,0.15137864674362567
69,1435,1504,0.1513858310800643
67,1434,1501,0.1513906818416994
70,1439,1509,0.15139972198994767
71,1434,1505,0.15140083930191278
72,1437,1509,0.1513993895137675
74,1439,1513,0.15139579665594263
74,1439,1513,0.15138750864015765
74,1445,1519,0.15138061919053572
70,1454,1524,0.15137493605383992
68,1451,1519,0.15137984487488945
68,1456,1524,0.15138848483770734
66,1459,1525,0.15139719751496247
67,1452,1519,0.1514100487537033
66,1447,1513,0.15142025935293507
67,1441,1508,0.15143256099402252
69,1444,1513,0.1514395873867961
68,1452,1520,0.15144017824544612
69,1442,1511,0.15144377115658464
66,1432,1498,0.1514451422355012
63,1443,1506,0.1514545408919904
60,1440,1500,0.15147095901207247
62,1436,1498,0.15149301583625846
63,1436,1499,0.15150782656588066
66,1435,1501,0.15151995826499687
63,1445,1508,0.15152375223445852
61,1441,1502,0.1515346253897639
60,1443,1503,0.1515501544856892
63,1455,1518,0.151566923493481
64,1454,1518,0.15157416657350145
65,1454,1519,0.15157870213884472
62,1456,1518,0.15158062809089046
63,1449,1512,0.15159047015776286
62,1443,1505,0.1515980774791658
63,1441,1504,0.15160792116044683
63,1454,1517,0.15161477603968737
63,1439,1502,0.15162158080435784
64,1441,1505,0.1516273081137401
61,1454,1515,0.1516301448003918
58,1444,1502,0.15163939599018003
58,1456,1514,0.1516561760442435
59,1457,1516,0.15167133919195663
60,1459,1519,0.1516835708587505
58,1461,1519,0.15169248359967105
54,1456,1510,0.15170625107683303
57,1460,1517,0.15172890987211735
59,1459,1518,0.15174236104110933
59,1462,1521,0.15175036324988964
60,1459,1519,0.1517579303075243
60,1463,1523,0.15176245612468153
62,1458,1520,0.15176612598502215
62,1462,1524,0.15176443649011026
62,1461,1523,0.15176328449738452
61,1470,1531,0.151762519933585
58,1462,1520,0.15176441412736946
60,1467,1527,0.15177341129432126
62,1461,1523,0.15177674140899475
60,1448,1508,0.15177475955839184
63,1449,1512,0.15177795885995096
60,1447,1507,0.1517735080409457
64,1445,1509,0.15177659548976435
64,1454,1518,0.15176842250104491
66,1457,1523,0.15176025538862115
65,1449,1514,0.15174624240443746
63,1454,1517,0.1517357438919005
63,1459,1522,0.15173136068004747
60,1464,1524,0.15172696298103042
59,1440,1499,0.15173079250140886
58,1451,1509,0.15173758001610538
57,1453,1510,0.15174591212079033
59,1442,1501,0.1517570079611648
57,1439,1496,0.15176221730137965
56,1439,1495,0.15177126297046598
60,1452,1512,0.15178264379838036
59,1467,1526,0.15178413505902885
59,1476,1535,0.1517883010510026
55,1470,1525,0.15179270538404618
55,1463,1518,0.15180687044098304
54,1481,1535,0.151820300130637
53,1468,1521,0.1518354550415214
51,1468,1519,0.15185249619942084
51,1473,1524,0.15187320224363618
52,1464,1516,0.1518911308332539
52,1464,1516,0.1519060325677516
53,1474,1527,0.15191924286258274
53,1463,1516,0.15192978123769216
54,1469,1523,0.15193955776378454
53,1479,1532,0.1519459911505637
55,1467,1522,0.15195469154595287
56,1463,1519,0.15195784218253522
55,1460,1515,0.15195688529442236
56,1471,1527,0.15195870242730383
55,1467,1522,0.15195859075179782
55,1472,1527,0.1519603609350196
53,1458,1511,0.15196256886845924
52,1454,1506,0.1519697341265293
50,1466,1516,0.15197859879527192
50,1470,1520,0.1519909577315623
50,1470,1520,0.15200294684572055
50,1468,1518,0.1520146397125558
52,1471,1523,0.1520244821604009
48,1486,1534,0.15202916721160317
46,1473,1519,0.15204317448579632
47,1472,1519,0.1520612933563512
43,1468,1511,0.15207637136544494
45,1475,1520,0.15210011460549488
43,1473,1516,0.15211717197829686
43,1474,1517,0.1521381198904215
43,1460,1503,0.1521580394646647
41,1470,1511,0.1521771555399591
42,1465,1507,0.15220009759679176
44,1474,1518,0.15221874770170862
42,1480,1522,0.15223079300200693
41,1481,1522,0.1522466120607371
43,1496,1539,0.15226419879108793
43,1476,1519,0.15227554742650834
42,1482,1524,0.1522866320626005
42,1483,1525,0.15229977067616549
41,1477,1518,0.15231243593179603
42,1484,1526,0.1523263605570651
43,1486,1529,0.15233694658271268
42,1469,1511,0.15234488198270252
41,1470,1511,0.15235487999711364
41,1471,1512,0.15236651325582745
41,1486,1527,0.15237777615965803
41,1492,1533,0.15238864979803107
42,1468,1510,0.1523984825379226
42,1474,1516,0.15240516954424227
41,1468,1509,0.15240979429445872
39,1460,1499,0.15241601262095636
37,1470,1507,0.1524270006558492
39,1468,1507,0.15244245092882605
36,1473,1509,0.1524518285704106
35,1482,1517,0.15246861821708357
33,1483,1516,0.1524872150058946
32,1484,1516,0.15250998924029713
30,1483,1513,0.15253383948489307
30,1480,1510,0.15256098280678893
30,1475,1505,0.15258662738542514
29,1486,1515,0.1526108386441411
28,1472,1500,0.15263606689188208
27,1479,1506,0.15266213279795746
24,1480,1504,0.1526891236428813
23,1499,1522,0.15272126043570233
21,1517,1538,0.15275385698394783
21,1510,1531,0.15278910505827775
21,1499,1520,0.15282222790250502
21,1499,1520,0.1528533464158393
21,1497,1518,0.1528823056271008
19,1508,1527,0.15290952439415903
18,1502,1520,0.15293975165964172
21,1497,1518,0.15297036224633082
21,1496,1517,0.15299133246653465
22,1477,1499,0.15301116398785766
21,1478,1499,0.15302662172822223
21,1486,1507,0.15304364956083105
22,1489,1511,0.1530598349334883
22,1489,1511,0.15307238975655735
21,1469,1490,0.15308356889013017
21,1468,1489,0.15309620640148489
21,1480,1501,0.15310842910609895
21,1490,1511,0.1531202203534858
21,1482,1503,0.1531315695038348
21,1484,1505,0.15314247096062744
21,1492,1513,0.1531529233351872
21,1495,1516,0.1531629287261875
21,1482,1503,0.15317249209928063
21,1484,1505,0.1531816207538788
21,1504,1525,0.15319032386575465
21,1493,1514,0.1531986120955583
21,1508,1529,0.15320649725460264
21,1504,1525,0.1532134163393704
21,1498,1519,0.15322008522135433
21,1496,1517,0.1532265010636157
21,1496,1517,0.1532326631087566
21,1490,1511,0.15323857235017185
21,1489,1510,0.15324423124493447
22,1507,1529,0.1532496434634382
22,1515,1537,0.15325165363636226
22,1515,1537,0.1532537173723837
22,1502,1524,0.15325581210625203
22,1500,1522,0.1532579187763408
22,1504,1526,0.15326002137457528
22,1497,1519,0.1532621065503098
22,1496,1518,0.15326416326186507
22,1503,1525,0.153266182470165
21,1502,1523,0.15326815686955073
21,1501,1522,0.15327253043177144
21,1496,1517,0.15327670143740033
21,1484,1505,0.1532806753118262
21,1479,1500,0.1532844578933259
22,1492,1514,0.15328805532809572
22,1498,1520,0.15328832550876295
21,1501,1522,0.15328871540288944
22,1481,1503,0.15329152071650115
22,1487,1509,0.15329107045567097
22,1487,1509,0.1532908438005094
22,1489,1511,0.15329080321610392
22,1500,1522,0.1532909163892464
21,1507,1528,0.15329115554701206
21,1512,1533,0.15329389022844167
19,1494,1513,0.15329656057235716
19,1504,1523,0.1533034385650294
20,1501,1521,0.15330997316685827
19,1503,1522,0.1533130377715155
19,1506,1525,0.1533192266230407
19,1496,1515,0.15332508619221427
20,1488,1508,0.15332991216875722
23,1489,1512,0.15333138476061342
23,1489,1512,0.15332423041551288
23,1492,1515,0.15331793171197275
22,1492,1514,0.15331238983211654
22,1490,1512,0.153309841093614
21,1492,1513,0.15330774503818018
21,1480,1501,0.15330826330331945
22,1483,1505,0.15330898443692031
22,1481,1503,0.1533066816218318
22,1491,1513,0.15330480063588178
21,1481,1502,0.15330328185957015
21,1491,1512,0.15330499939822684
20,1502,1522,0.15330673937921335
20,1501,1521,0.15331079124071262
21,1484,1505,0.15331469665003902
21,1491,1512,0.15331579978467225
21,1483,1504,0.15331697174507977
19,1484,1503,0.15331819380976872
19,1487,1506,0.15332325522316145
18,1492,1510,0.1533281958830063
18,1499,1517,0.15333525144725013
18,1492,1510,0.1533410408737672
18,1480,1498,0.15334647572135346
19,1486,1505,0.15335180047751315
19,1483,1502,0.15335452461666207
18,1488,1506,0.15335731213909662
16,1494,1510,0.15336240196432882
19,1498,1517,0.15337177291163934
19,1502,1521,0.15337281396824612
18,1513,1531,0.1533740464598061
19,1505,1524,0.15337771666168082
19,1495,1514,0.15337892832060523
17,1502,1519,0.15338025505093647
17,1505,1522,0.15338635363379446
18,1499,1517,0.15339219807992677
18,1497,1515,0.15339430520799596
19,1497,1516,0.15339648786109564
21,1493,1514,0.1533958849293507
20,1486,1506,0.15339060995993672
18,1485,1503,0.15338839693157755
18,1496,1514,0.1533910834626062
19,1493,1512,0.15339301265511332
21,1497,1518,0.15339184775754067
22,1486,1508,0.15338474900386906
20,1512,1532,0.15337608008711986
20,1490,1510,0.15337321030615653
20,1504,1524,0.15336998493487047
19,1503,1522,0.15336732450740867
21,1501,1522,0.15336746620730085
23,1500,1523,0.15336203105080856
23,1509,1532,0.15335167832869248
23,1503,1526,0.1533425444236959
25,1485,1510,0.15333448602777186
25,1495,1520,0.1533213734634995
25,1498,1523,0.15330962172176943
25,1515,1540,0.15329908221577782
24,1507,1531,0.15328962324628695
24,1506,1530,0.153283440224706
22,1484,1506,0.15327725566638228
24,1486,1510,0.1532769283721753
22,1492,1514,0.15327131557208273
23,1495,1518,0.15327054727140224
22,1493,1515,0.1532679040247742
23,1493,1516,0.15326799022495405
24,1492,1516,0.1532652029652561
24,1482,1506,0.15325981781892944
24,1476,1500,0.15325521394076866
24,1486,1510,0.15325046520895527
25,1485,1510,0.1532464509155259
25,1489,1514,0.1532401015436772
24,1499,1523,0.15323361816290845
24,1493,1517,0.15323031104606857
27,1499,1526,0.1532276411828996
28,1508,1536,0.15321715931153218
28,1496,1524,0.1532053679855688
29,1496,1525,0.15319479631069868
30,1506,1536,0.1531812292111336
31,1487,1518,0.1531661257161777
30,1479,1509,0.15315025226513085
30,1485,1515,0.15313823165932958
32,1468,1500,0.15312675570213607
31,1471,1502,0.15311138305682126
29,1473,1502,0.15310004569721392
31,1473,1504,0.15309530578724978
30,1481,1511,0.1530852816585395
31,1499,1530,0.15307848622767992
33,1498,1531,0.15306981912615472
33,1501,1534,0.15305682288736533
32,1494,1526,0.15304510487992928
33,1485,1518,0.15303672149638925
33,1487,1520,0.15302698617204508
30,1498,1528,0.15301820311502548
30,1488,1518,0.1530168334647333
30,1497,1527,0.15301574941375065
32,1495,1527,0.15301488608112324
31,1498,1529,0.1530095176202991
31,1485,1516,0.15300698515672093
31,1492,1523,0.15300482839729734
31,1497,1528,0.15300299826302177
31,1496,1527,0.15300056901490083
31,1492,1523,0.15299751671079656
29,1476,1505,0.15299384143711053
29,1479,1508,0.15299549606843804
26,1483,1509,0.15299740044566956
28,1484,1512,0.1530057574680085
26,1482,1508,0.15300884950434562
26,1486,1512,0.15301675682441704
27,1484,1511,0.15302445515166305
30,1489,1519,0.1530288801238167
29,1490,1519,0.1530256923617794
29,1483,1512,0.1530253856543486
28,1485,1513,0.15302544610527735
30,1478,1508,0.1530273465511207
30,1477,1507,0.1530241581027671
29,1480,1509,0.153021562859851
29,1489,1518,0.15302163287139028
30,1486,1516,0.15302200470559219
30,1500,1530,0.15302032963433557
27,1487,1514,0.15301900494862392
26,1499,1525,0.15302479270580413
25,1497,1522,0.15303284845434603
25,1496,1521,0.15304280161513717
25,1491,1516,0.15305226408188555
25,1479,1504,0.15306124623029255
26,1473,1499,0.1530691252311882
24,1465,1489,0.15307385778625754
25,1482,1507,0.15308299776458661
25,1481,1506,0.15308936004328125
25,1489,1514,0.15309492126660607
24,1510,1534,0.15310017043140184
25,1494,1519,0.1531072561179089
26,1494,1520,0.15311187819226635
26,1494,1520,0.1531140508620293
25,1494,1519,0.15311632223572483
25,1488,1513,0.15312089885442834
24,1492,1516,0.1531253637964183
24,1498,1522,0.15313183575031453
24,1505,1529,0.15313803898378278
23,1495,1518,0.15314397211797423
22,1500,1522,0.1531519234433712
22,1499,1521,0.15316166738343534
24,1502,1526,0.15317088139255378
25,1510,1535,0.15317400960619432
25,1498,1523,0.15317473539802134
25,1498,1523,0.15317534383070744
25,1498,1523,0.15317584584681743
25,1490,1515,0.15317651302844382
24,1490,1514,0.1531773121366015
24,1489,1513,0.15318045664634786
23,1487,1510,0.15318353754759056
23,1493,1516,0.15318882743805903
23,1482,1505,0.1531939063522819
23,1484,1507,0.15319789808743972
22,1491,1513,0.15320182536649318
23,1498,1521,0.15320706681240115
24,1490,1514,0.15320962830671608
25,1492,1517,0.15320988490295218
24,1487,1511,0.1532076577081952
26,1484,1510,0.15320804564138235
26,1486,1512,0.15320361617641057
27,1487,1514,0.15319973970864717
29,1480,1509,0.1531939487240116
29,1489,1518,0.15318279911280494
29,1480,1509,0.153172736369408
29,1489,1518,0.1531636523827939
29,1482,1511,0.1531554500056277
30,1480,1510,0.15314804192198778
31,1492,1523,0.15313816420650775
32,1499,1531,0.15312628137578824
31,1486,1517,0.15311244156744055
30,1484,1514,0.15310207465275882
30,1490,1520,0.15309502170812636
30,1500,1530,0.1530887592895418
30,1493,1523,0.15308319845122517
30,1474,1504,0.15307826027854604
30,1479,1509,0.15307387475384837
33,1483,1516,0.15306997975094142
31,1486,1517,0.1530578939218899
32,1480,1512,0.1530513950940685
30,1481,1511,0.15304350103768033
31,1474,1505,0.15304093175184308
29,1476,1505,0.15303605931375472
28,1485,1513,0.15303656178346906
28,1495,1523,0.15303962473455188
29,1498,1527,0.15304271401160696
27,1493,1520,0.15304296321644847
27,1486,1513,0.15304787969340344
27,1475,1502,0.15305269879950306
25,1492,1517,0.15305739810302188
27,1493,1520,0.15306649807903
27,1484,1511,0.15307048819534355
25,1481,1506,0.15307436030231072
26,1492,1518,0.15308250379659077
27,1488,1515,0.1530875653395936
27,1496,1523,0.15309021029383715
27,1482,1509,0.1530928692136876
27,1491,1518,0.15309552217018077
27,1479,1506,0.153098152533266
25,1478,1503,0.15310074654161407
24,1476,1500,0.15310780929275464
25,1487,1512,0.15311654994049997
25,1489,1514,0.15312259430899097
25,1499,1524,0.15312835746503264
25,1494,1519,0.15313384449394774
25,1488,1513,0.1531388816590704
25,1482,1507,0.15314370289236517
26,1490,1516,0.15314830954896375
27,1493,1520,0.1531501484627472
28,1504,1532,0.15314902715764017
29,1497,1526,0.15314451475846066
29,1479,1508,0.1531383559126106
30,1487,1517,0.15313284380054093
30,1483,1513,0.15312488754830422
28,1498,1526,0.15311772575304494
27,1488,1515,0.1531156770691594
28,1494,1522,0.1531161438049414
28,1499,1527,0.15311456993342315
29,1496,1525,0.15311328069182026
31,1475,1506,0.1531097362198793
30,1472,1502,0.1531009550928502
29,1475,1504,0.15309535247601908
30,1474,1504,0.15309276676394146
30,1480,1510,0.15308809147235392
29,1485,1514,0.153083921262598
30,1493,1523,0.1530824151332461
30,1493,1523,0.15307817476347857
27,1500,1527,0.1530744470178256
24,1499,1523,0.15307799930261115
26,1499,1525,0.1530880239229253
27,1487,1514,0.1530930204208919
25,1486,1511,0.1530947494429259
25,1489,1514,0.15310101116709973
24,1496,1520,0.15310709041639473
24,1514,1538,0.15311511322468685
25,1503,1528,0.1531227902821125
24,1495,1519,0.15312753524642855
21,1496,1517,0.15313401388162473
21,1488,1509,0.1531469822654904
21,1486,1507,0.15315929937103878
21,1490,1511,0.1531709786144882
20,1481,1501,0.15318194162010162
22,1474,1496,0.15319412605915209
23,1487,1510,0.15320060523940568
22,1495,1517,0.153204236085161
21,1503,1524,0.153208604314009
22,1489,1511,0.1532153069710474
22,1500,1522,0.1532195841983425
23,1501,1524,0.1532238791987627
22,1499,1521,0.15322565977564787
22,1496,1518,0.15322983181774907
22,1490,1512,0.15323396409605144
21,1497,1518,0.1532380311096082
21,1503,1524,0.15324461589638702
22,1502,1524,0.15325033988196213
23,1493,1516,0.15325319053624706
22,1488,1510,0.1532536620518866
22,1495,1517,0.15325653054377888
23,1495,1518,0.15325938908976436
23,1500,1523,0.15325983489556522
24,1499,1523,0.15326039338857914
25,1497,1522,0.15325799333775902
25,1511,1536,0.1532531620610342
23,1515,1538,0.1532488693270057
23,1506,1529,0.15324956148339147
21,1503,1524,0.15325038797672122
21,1509,1530,0.15325592555463596
21,1507,1528,0.15326125520710984
22,1506,1528,0.15326636925606954
22,1517,1539,0.15326880691439027
22,1492,1514,0.15327105137307503
23,1500,1523,0.1532732844713668
21,1489,1510,0.15327238682071492
22,1490,1512,0.1532764507805671
22,1505,1527,0.15327798438787943
21,1498,1519,0.15327958240664083
21,1501,1522,0.15328350701803106
20,1512,1532,0.15328731357300096
19,1512,1531,0.15329320223564838
19,1513,1532,0.15330143478985206
19,1514,1533,0.15330920276189033
19,1506,1525,0.1533165268986014
19,1507,1526,0.15332342781460426
19,1503,1522,0.1533296994934221
19,1494,1513,0.15333563038237208
19,1492,1511,0.15334123454556628
19,1506,1525,0.15334652608776028
20,1506,1526,0.15335081013208557
18,1505,1523,0.15335212753448052
19,1494,1513,0.15335811708114114
18,1507,1525,0.1533606677207874
18,1518,1536,0.15336639586644274
18,1511,1529,0.15337162670261473
17,1509,1526,0.15337665589730023
19,1504,1523,0.15338383383081894
19,1504,1523,0.15338523059357156
19,1502,1521,0.15338671745446333
18,1493,1511,0.15338826697545632
18,1503,1521,0.15339207133559768
17,1504,1521,0.15339576127218776
17,1504,1521,0.1534008429867866
16,1504,1520,0.15340578170016808
15,1504,1519,0.153412794308141
15,1485,1500,0.15342173769438613
16,1490,1506,0.15343023613435297
18,1494,1512,0.1534357566307426
18,1485,1503,0.1534356105781709
18,1489,1507,0.15343568687741693
18,1482,1500,0.15343594680598088
19,1487,1506,0.1534363569118414
19,1489,1508,0.15343375844709548
20,1492,1512,0.15343187821168375
21,1496,1517,0.15342725699500792
20,1513,1533,0.1534200242192839
20,1510,1530,0.15341589281563806
19,1518,1537,0.1534123033193895
19,1512,1531,0.15341142363806667
19,1507,1526,0.15341082166925937
18,1502,1520,0.1534104550638306
17,1495,1512,0.15341262704581385
17,1504,1521,0.15341696345679062
17,1490,1507,0.1534211671773509
18,1479,1497,0.1534252294230201
17,1499,1516,0.15342680513692578
17,1513,1530,0.15343075352288288
16,1511,1527,0.15343431716369177
16,1504,1520,0.1534400146986023
18,1507,1525,0.15344543063792498
19,1513,1532,0.1534458093956356
19,1502,1521,0.15344316848362513
19,1509,1528,0.153440872414493
19,1504,1523,0.15343887913141943
19,1492,1511,0.15343715156017337
18,1489,1507,0.15343565702489012
17,1508,1525,0.15343595775853905
17,1497,1514,0.15343868223348014
17,1502,1519,0.1534413812941008
17,1507,1524,0.15344403611654955
16,1496,1512,0.15344663177246892
17,1482,1499,0.15345136481693533
17,1492,1509,0.15345321629818165
17,1493,1510,0.1534550621490591
18,1504,1522,0.153456887776786
19,1512,1531,0.15345622512946655
19,1502,1521,0.15345302460324883
18,1500,1518,0.1534501625171467
18,1501,1519,0.15344987978931784
18,1503,1521,0.15344972897825876
18,1491,1509,0.15344968896419245
17,1503,1520,0.1534497413844617
19,1506,1525,0.15345203151022718
19,1507,1526,0.15344894630010625
19,1508,1527,0.15344621529892608
17,1514,1531,0.15344293867613115
17,1511,1528,0.15344450576643393
17,1509,1526,0.15344616090834223
17,1512,1529,0.1534478765297628
16,1510,1526,0.1534496294169282
15,1496,1511,0.15345374265802075
13,1499,1512,0.15345982867988942
13,1497,1510,0.1534702826980073
12,1492,1504,0.15348021127297287
11,1494,1505,0.1534918130590839
11,1494,1505,0.15350518557619378
11,1500,1511,0.15351768889535433
10,1507,1517,0.15352950788844666
11,1497,1508,0.1535429042378178
10,1505,1515,0.15355323699852189
11,1505,1516,0.153565362249589
11,1488,1499,0.15357431453627993
11,1476,1487,0.15358280169546604
12,1486,1498,0.15359084319837948
12,1487,1499,0.1535953848214706
12,1484,1496,0.15359980554229516
12,1497,1509,0.15360409551318255
12,1507,1519,0.15360824742148554
12,1505,1517,0.15361225611314555
11,1514,1525,0.15361611826520716
9,1520,1529,0.15362218231559574
9,1509,1518,0.15363249671349125
9,1511,1520,0.15364224567990295
9,1512,1521,0.15365146777478084
9,1520,1529,0.1536601950911466
9,1509,1518,0.1536684495892257
9,1504,1513,0.15367625285040318
9,1503,1512,0.1536836259897789
9,1514,1523,0.1536905895867353
9,1506,1515,0.15369716363096006
8,1513,1521,0.15370336748168978
8,1507,1515,0.15371155867340502
8,1506,1514,0.1537192757259696
8,1506,1514,0.15372654449575676
8,1500,1508,0.1537333896187401
8,1523,1531,0.15373983454396042
8,1518,1526,0.1537459015696417
8,1517,1525,0.15375065448007802
8,1509,1517,0.15375523150991202
6,1516,1522,0.15375962880944996
7,1518,1525,0.15376845288213306
7,1518,1525,0.15377369651436976
7,1521,1528,0.15377878066777612
7,1523,1530,0.15378369331337255
7,1518,1525,0.1537884259828615
7,1513,1520,0.15379297319217047
7,1520,1527,0.15379733194529913
7,1498,1505,0.15380150130793058
7,1506,1513,0.1538054820416121
7,1507,1514,0.15380927629048943
7,1514,1521,0.1538128873136058
7,1526,1533,0.15381631925667527
7,1516,1523,0.1538195769580255
7,1519,1526,0.15382266578408899
7,1516,1523,0.1538255914904204
7,1509,1516,0.15382836010474155
7,1517,1524,0.15383097782896804
7,1509,1516,0.1538334509575742
7,1513,1520,0.1538357858099952
7,1512,1519,0.15383798867507256
7,1506,1513,0.15384006576580941
7,1498,1505,0.15384202318293594
7,1498,1505,0.15384386688598234
7,1509,1516,0.15384560267073513
7,1506,1513,0.1538472361521015
6,1511,1517,0.15384877275154202
5,1512,1517,0.153852561308353
4,1511,1515,0.15385851132927975
4,1507,1511,0.15386631005557436
4,1521,1525,0.15387363192620415
4,1508,1512,0.15388050481043664
5,1503,1508,0.1538869551257106
5,1499,1504,0.15389053981228268
5,1516,1521,0.15389392973187094
5,1522,1527,0.15389713401049465
5,1520,1525,0.15390016152567718
5,1521,1526,0.15390302088776864
4,1528,1532,0.15390572042607026
4,1529,1533,0.15391054293610312
4,1514,1518,0.15391508316409264
4,1514,1518,0.15391935627976316
4,1501,1505,0.15392337681247414
4,1507,1511,0.15392715865387788
4,1510,1514,0.15393071506487963
4,1521,1525,0.1539340586861011
4,1526,1530,0.1539372015511613
4,1510,1514,0.15394015510218673
4,1517,1521,0.1539429302070481
4,1515,1519,0.15394553717789564
4,1521,1525,0.15394798579062846
5,1526,1531,0.15395028530499155
5,1513,1518,0.15394932007174364
5,1504,1509,0.15394850364257717
4,1514,1518,0.15394781525574835
5,1511,1516,0.1539495346419349
5,1498,1503,0.15394883705211282
5,1508,1513,0.15394824150192626
5,1518,1523,0.15394773421841434
5,1508,1513,0.1539473032335212
5,1510,1515,0.15394693814995503
5,1506,1511,0.15394662993736039
5,1514,1519,0.15394637075487277
5,1511,1516,0.15394615379663723
5,1524,1529,0.1539459731573159
4,1534,1538,0.15394582371499596
4,1525,1529,0.1539479635712728
4,1517,1521,0.15394998931519752
4,1513,1517,0.15395190524301264
4,1510,1514,0.15395371576352393
4,1509,1513,0.15395542534152265
5,1510,1515,0.15395703845109054
4,1513,1517,0.15395593884276748
5,1522,1527,0.15395719404374197
5,1527,1532,0.15395609896418536
5,1518,1523,0.15395511422108882
5,1508,1513,0.15395422831657124
5,1511,1516,0.15395343098179204
5,1515,1520,0.15395271304310143
5,1523,1528,0.15395206630296449
4,1536,1540,0.15395148343401271
4,1520,1524,0.15395334457429335
3,1530,1533,0.15395511184761188
3,1509,1512,0.15395906809010518
3,1521,1524,0.15396279695563003
4,1502,1506,0.15396630951821083
3,1516,1519,0.15396640381431598
3,1504,1507,0.15396971094793407
3,1509,1512,0.15397282195212988
3,1517,1520,0.15397574726860652
3,1516,1519,0.15397849695071245
3,1522,1525,0.1539810806519347
3,1523,1526,0.15398350761978544
3,1524,1527,0.15398578669414437
3,1513,1516,0.15398792630925665
3,1504,1507,0.15398993449870016
3,1526,1529,0.15399181890273866
4,1527,1531,0.15399358677756392
4,1523,1527,0.1539920650327579
4,1524,1528,0.153990730534537
4,1511,1515,0.1539895595471519
4,1511,1515,0.15398853138803642
3,1504,1507,0.15398762803220759
3,1506,1509,0.1539891449655994
3,1519,1522,0.15399061715784398
3,1515,1518,0.15399204086810994
3,1493,1496,0.153993413438938
3,1496,1499,0.15399473311835343
3,1509,1512,0.15399599890737636
3,1502,1505,0.15399721042949077
3,1494,1497,0.15399836781908965
3,1503,1506,0.15399947162630748
3,1507,1510,0.15400052273599582
3,1499,1502,0.15400152229889613
2,1504,1506,0.15400247167332332
3,1503,1506,0.15400580618760876
2,1513,1515,0.15400643502871264
2,1515,1517,0.1540095276183883
2,1525,1527,0.15401243969926434
2,1518,1520,0.1540151807687048
2,1512,1514,0.15401775997978207
2,1507,1509,0.15402018612819532
2,1501,1503,0.1540224676447772
2,1503,1505,0.1540246125925847
1,1501,1502,0.15402662866772346
1,1511,1512,0.15403086003774516
1,1511,1512,0.15403483679780516
1,1515,1516,0.15403857397925197
1,1513,1514,0.15404208576536282
1,1523,1524,0.1540453855336997
0,1518,1518,0.15404848589715547
