1366,30,1396,0.13579578153635427
1391,30,1421,0.13295518467004666
1408,31,1439,0.13030447979280435
1411,29,1440,0.12784617427377484
1429,29,1458,0.12560351535869496
1452,29,1481,0.12351324010990115
1457,30,1487,0.12154888793882941
1449,27,1476,0.11974701210280811
1448,29,1477,0.11812695092731552
1454,29,1483,0.11665839558215624
1442,31,1473,0.11530694877343343
1446,33,1479,0.11410821644730128
1457,32,1489,0.11300968447144118
1449,32,1481,0.11198418207366607
1459,33,1492,0.11106993927788915
1462,39,1501,0.11021288606119191
1453,40,1493,0.10942707520534142
1468,38,1506,0.10873580179092421
1461,38,1499,0.10807203456788236
1469,37,1506,0.10748408796707239
1461,34,1495,0.1069305125555005
1474,36,1510,0.10644750882674002
1479,35,1514,0.10597737672085991
1489,39,1528,0.10553929255268596
1471,38,1509,0.10511708047239104
1466,39,1505,0.1047749480704307
1454,40,1494,0.10447607752945483
1461,39,1500,0.10423281508356295
1454,39,1493,0.10399724445361937
1456,40,1496,0.1037999892893878
1460,40,1500,0.10361734459096109
1456,40,1496,0.10343953516072706
1451,41,1492,0.10328574871309495
1451,42,1493,0.1031579245056325
1439,43,1482,0.10304387049126368
1452,43,1495,0.10296901004370966
1449,43,1492,0.1028728733320083
1455,43,1498,0.102790964305383
1448,44,1492,0.10270287949300633
1445,45,1490,0.1026379894602173
1432,44,1476,0.10258613278008138
1441,46,1487,0.10256872109186393
1446,46,1492,0.10253350772392451
1454,47,1501,0.10249242876761436
1443,45,1488,0.1024373117076864
1450,46,1496,0.1024119945663989
1446,46,1492,0.10237379824113088
1452,48,1500,0.10234785291762397
1449,48,1497,0.10231077529785228
1445,49,1494,0.10228302577277543
1443,50,1493,0.1022687450694017
1455,47,1502,0.10225920301678315
1455,47,1502,0.10222354837475253
1455,49,1504,0.10219219614641123
1456,50,1506,0.10216234530048272
1468,52,1520,0.10213343034422738
1459,50,1509,0.10208034020413258
1457,52,1509,0.10205203366266438
1460,53,1513,0.10203099974968953
1464,51,1515,0.10200634885681524
1465,52,1517,0.10197473022146714
1456,53,1509,0.10194175098325385
1455,56,1511,0.10193377445452288
1459,54,1513,0.10192833882715807
1459,53,1512,0.10191400709220921
1454,51,1505,0.10190103766066434
1447,52,1499,0.10189968155710125
1457,49,1506,0.10191669991561259
1450,48,1498,0.10190922677132687
1454,51,1505,0.10192004858950966
1440,51,1491,0.10191976930775148
1440,52,1492,0.10194925408254558
1437,51,1488,0.1019774027464609
1453,49,1502,0.10200987591016411
1441,51,1492,0.10200444500707728
1441,54,1495,0.1020251672738375
1432,55,1487,0.10204433048296718
1421,56,1477,0.1020837376692132
1419,58,1477,0.10214448033003037
1416,58,1474,0.10220623962751578
1430,60,1490,0.10226988299493833
1429,60,1489,0.1022967086781124
1413,65,1478,0.10232311496287341
1432,64,1496,0.10238401052298571
1442,65,1507,0.1023957509781194
1434,67,1501,0.10238582959979255
1437,67,1504,0.10239420615924974
1435,68,1503,0.10239788742332351
1445,67,1512,0.10240511023095035
1437,66,1503,0.10238767513878252
1434,65,1499,0.1023898241498653
1436,67,1503,0.10239826985192169
1415,68,1483,0.10240207278931289
1417,65,1482,0.1024525202852584
1423,62,1485,0.10249602449094006
1431,62,1493,0.1025222894778618
1431,65,1496,0.10252900841708516
1435,63,1498,0.10253522147264608
1430,63,1493,0.10253057449214015
1427,66,1493,0.1025377296366824
1426,65,1491,0.10255144455119684
1418,66,1484,0.10256605860026052
1427,66,1493,0.10260018100574665
1438,68,1506,0.10260991593145141
1446,68,1514,0.10259507515895921
1436,66,1502,0.102561788545216
1425,68,1493,0.10255096720737734
1425,67,1492,0.1025673869659885
1417,67,1484,0.10258341608910448
1412,66,1478,0.10261585915971569
1410,64,1474,0.10265762088656501
1427,66,1493,0.10270283637956565
1424,67,1491,0.10270481376303853
1431,69,1500,0.10271207941282967
1432,66,1498,0.10270523187342498
1423,63,1486,0.10269499125722927
1416,65,1481,0.10270269107499547
1427,63,1490,0.10272622324029715
1439,62,1501,0.1027218921665141
1441,62,1503,0.10269071818523191
1453,60,1513,0.10265602123426752
1447,58,1505,0.10259584103840812
1448,56,1504,0.10255427384173078
1442,55,1497,0.10251458483721063
1430,54,1484,0.10249093048959462
1433,57,1490,0.10249652764322757
1434,55,1489,0.10249602001779073
1436,57,1493,0.10249373681107134
1446,56,1502,0.10248639168687838
1434,60,1494,0.10245826306935583
1437,59,1496,0.10246055541331649
1442,62,1504,0.10245707584830974
1451,61,1512,0.10244253740464762
1456,63,1519,0.10241017096845269
1451,60,1511,0.10236779291111571
1445,60,1505,0.10234092792954805
1448,62,1510,0.1023303576197262
1449,62,1511,0.10231309326837466
1438,67,1505,0.10229577649669036
1426,69,1495,0.10230595224880318
1419,70,1489,0.10234239817026779
1417,71,1488,0.10239299614098521
1409,69,1478,0.10244382462121411
1405,71,1476,0.10250937551222104
1398,70,1468,0.10257911839012042
1413,68,1481,0.102660252109845
1417,69,1486,0.10269890274882684
1422,70,1492,0.10272554144400381
1418,71,1489,0.10273737457845901
1428,71,1499,0.10275719963834794
1426,73,1499,0.10275231471859088
1415,71,1486,0.10275196177673773
1425,71,1496,0.10277662572639983
1421,72,1493,0.10277551485754285
1434,70,1504,0.10278358728284395
1443,72,1515,0.10276148928664743
1438,73,1511,0.10272297366137378
1436,79,1515,0.10269925689148703
1445,79,1524,0.1026833469818822
1441,75,1516,0.10265020067218238
1432,72,1504,0.10262928991898007
1432,68,1500,0.10262875026264968
1438,69,1507,0.10262915630346407
1444,67,1511,0.1026138246307767
1448,60,1508,0.10258515114995241
1430,62,1492,0.10255057730136442
1439,65,1504,0.10255941220187104
1427,62,1489,0.10254594183478591
1429,64,1493,0.1025605448920912
1430,62,1492,0.10257114001343083
1432,59,1491,0.10257778897129168
1429,63,1492,0.10257885215437543
1416,64,1480,0.1025872656819946
1411,65,1476,0.10262324302172982
1428,65,1493,0.1026681965518782
1438,66,1504,0.10266967758975488
1417,68,1485,0.10265090205882764
1422,67,1489,0.10267962948542897
1423,65,1488,0.10269540951385907
1420,65,1485,0.10270830150979837
1424,65,1489,0.10272641359401145
1429,63,1492,0.10273415170088292
1418,67,1485,0.10273081874101365
1432,65,1497,0.10274965362274303
1424,68,1492,0.10273648165717109
1428,72,1500,0.10274256584670358
1422,74,1496,0.10274032075111685
1431,74,1505,0.10274985822915272
1436,73,1509,0.1027400156032115
1417,70,1487,0.10272000655999972
1413,72,1485,0.10274416231523899
1421,77,1498,0.1027751101764003
1426,78,1504,0.1027875037124322
1431,78,1509,0.1027870230134361
1429,77,1506,0.1027776629013005
1436,75,1511,0.10277393127185834
1445,77,1522,0.10275415300723484
1443,76,1519,0.1027140502103933
1440,74,1514,0.10268194401085363
1428,72,1500,0.10266064173860837
1431,71,1502,0.1026678744124133
1433,68,1501,0.10266662526296916
1422,72,1494,0.10266246029690933
1433,74,1507,0.10268108756748122
1434,73,1507,0.10267366880889904
1438,71,1509,0.1026634010609646
1420,70,1490,0.10264611681032398
1429,71,1500,0.10266782530870429
1431,73,1504,0.10266845162476361
1446,72,1518,0.10266568993391324
1440,69,1509,0.10262840667516876
1430,69,1499,0.10260879891016074
1422,68,1490,0.10261328069784749
1423,67,1490,0.10263500640797682
1419,69,1488,0.10265043632225147
1419,68,1487,0.10267373451579757
1421,71,1492,0.10269599255781942
1436,72,1508,0.10271295267370535
1435,70,1505,0.10269383202654683
1416,70,1486,0.10267915160259959
1415,70,1485,0.10270838607664819
1417,69,1486,0.10273896299601136
1418,69,1487,0.10276281472243586
1413,68,1481,0.10278237086020388
1442,69,1511,0.10281274702094004
1439,71,1510,0.10277342167417934
1423,72,1495,0.10274480740101742
1426,76,1502,0.10275191066731473
1421,74,1495,0.10275177674820853
1419,77,1496,0.1027643706450773
1428,77,1505,0.10278197933521134
1425,79,1504,0.10277773829746094
1417,80,1497,0.10277813867931186
1411,79,1490,0.10279789841086391
1417,81,1498,0.10283194134528405
1400,84,1484,0.1028501142692324
1407,87,1494,0.10290639132215823
1408,85,1493,0.10294236742632118
1411,87,1498,0.10297374198616133
1415,87,1502,0.10299389314118076
1404,88,1492,0.10300549013044595
1410,88,1498,0.10303968457838625
1426,88,1514,0.1030585381539425
1427,87,1514,0.10303985648330513
1426,90,1516,0.10302242423386454
1423,91,1514,0.10300920571645204
1410,90,1500,0.10300281959323808
1405,91,1496,0.10302514514011747
1423,90,1513,0.10305691590528751
1421,93,1514,0.10304521082651838
1422,94,1516,0.10304061720854855
1417,95,1512,0.10303364727007498
1414,94,1508,0.1030390073729119
1419,92,1511,0.10305205202810175
1398,91,1489,0.10305253943744187
1402,92,1494,0.1031001377326933
1402,94,1496,0.10313552448202158
1411,95,1506,0.10317009316634096
1411,92,1503,0.10318257808543635
1415,93,1508,0.1031948203542763
1413,92,1505,0.10319482439689329
1403,94,1497,0.1032002713084526
1403,91,1494,0.10322757732719108
1395,92,1487,0.10325497148774822
1386,94,1480,0.10329997375500376
1398,94,1492,0.10336117252506863
1401,92,1493,0.10338680967146305
1400,92,1492,0.10340066989652337
1401,93,1494,0.10341564142832567
1413,94,1507,0.103427129637497
1404,95,1499,0.10341185864490988
1404,94,1498,0.1034189134041189
1410,93,1503,0.10342656815318187
1417,98,1515,0.10342158208555492
1412,101,1513,0.10340120774914796
1391,99,1490,0.10339196440868584
1391,101,1492,0.10343280459958716
1388,103,1491,0.10347140970058687
1384,103,1487,0.1035145839703721
1385,106,1491,0.10356334761325481
1386,104,1490,0.10360585788647271
1382,104,1486,0.10364227556065721
1383,104,1487,0.1036852864585592
1377,105,1482,0.10372378974892653
1387,105,1492,0.10377214918580309
1380,108,1488,0.10379483247749159
1373,107,1480,0.10383142184300123
1376,107,1483,0.1038823833353473
1379,105,1484,0.10392307006979379
1375,107,1482,0.10395373729692543
1387,111,1498,0.10399218774933416
1391,112,1503,0.10400168825646851
1382,111,1493,0.10399930202160604
1378,114,1492,0.10401588967976937
1368,115,1483,0.10403880466402557
1372,113,1485,0.10408228071416098
1373,109,1482,0.10411592701368523
1379,108,1487,0.10414506357410151
1374,107,1481,0.10415631550203877
1381,105,1486,0.10417725676740415
1389,104,1493,0.10417996974802465
1387,106,1493,0.10416436662460925
1384,110,1494,0.10415545792721982
1385,112,1497,0.10415452544792753
1382,113,1495,0.10415198708146452
1388,112,1500,0.10415804120833798
1400,114,1514,0.10415003448859966
1386,119,1505,0.10411527211435986
1378,122,1500,0.10411464410830779
1371,117,1488,0.10413428765252203
1384,119,1503,0.1041682769770614
1372,120,1492,0.10416985055240235
1375,122,1497,0.10419940886879736
1362,128,1490,0.10422075966424384
1359,131,1490,0.10427178084490951
1357,131,1488,0.10432555328876665
1356,126,1482,0.10438092550892346
1367,127,1494,0.10443599687188501
1354,130,1484,0.10446051549198977
1349,129,1478,0.10451136513691178
1362,131,1493,0.10457105993351583
1349,137,1486,0.10459783637067221
1352,133,1485,0.10464960162740276
1355,132,1487,0.1046929505596514
1357,138,1495,0.10472513010414465
1355,137,1492,0.10474813803950417
1357,140,1497,0.10477509294681585
1360,134,1494,0.10479568490278962
1364,144,1508,0.10481051746214909
1353,144,1497,0.10481326320973165
1363,146,1509,0.10484290522741783
1364,143,1507,0.10484883963691147
1359,149,1508,0.10485214636458828
1378,150,1528,0.1048679809679404
1363,149,1512,0.10484068339499408
1360,150,1510,0.10484913652830699
1362,149,1511,0.10486265283191845
1354,150,1504,0.1048737979763451
1349,148,1497,0.10490332579062976
1354,147,1501,0.10494322198440197
1373,145,1518,0.10496736471682809
1367,145,1512,0.10494642235065176
1349,145,1494,0.10494040425331663
1353,146,1499,0.10497638221771866
1357,146,1503,0.10500203777540605
1357,147,1504,0.10501649880886958
1356,144,1500,0.10502756408513751
1362,141,1503,0.10503996921752373
1365,143,1508,0.10503576928421784
1360,145,1505,0.10502820149640783
1362,140,1502,0.10503062782735505
1360,143,1503,0.10502822266409398
1371,148,1519,0.1050304102267238
1365,145,1510,0.10500751829130381
1367,144,1511,0.1049999204532149
1356,142,1498,0.10499019997914932
1363,142,1505,0.1050070420649127
1351,143,1494,0.10500603250051205
1349,138,1487,0.10503247439181532
1351,144,1495,0.10506120798513315
1340,145,1485,0.10508462275219886
1348,146,1494,0.10513065744102296
1359,145,1504,0.1051546289134946
1352,144,1496,0.10514966722918163
1349,144,1493,0.10516026888203264
1349,143,1492,0.10517677694169553
1355,144,1499,0.10519126503197913
1344,149,1493,0.10519078811359045
1356,146,1502,0.10521589050712732
1353,146,1499,0.10521294226126411
1358,146,1504,0.10521810711207195
1340,149,1489,0.10521108909167996
1343,144,1487,0.10524576819577643
1344,141,1485,0.10527009130904584
1341,142,1483,0.10528848764506868
1334,144,1478,0.1053107624359668
1350,150,1500,0.1053478500790154
1346,150,1496,0.10534645272979859
1337,153,1490,0.10535528294210302
1343,154,1497,0.10538331862263778
1338,150,1488,0.10539497776740239
1336,157,1493,0.10541729926156503
1336,159,1495,0.10544471105872376
1340,161,1501,0.10547072450503485
1341,165,1506,0.10548502287128539
1343,163,1506,0.10549565198810734
1359,157,1516,0.10550027423936825
1357,158,1515,0.10546819450116506
1356,156,1512,0.10544282205226466
1340,161,1501,0.10542231057572517
1331,158,1489,0.10544136022786671
1326,161,1487,0.10548146711861374
1321,163,1484,0.10553048764352024
1329,163,1492,0.10558571705810664
1325,162,1487,0.10561715428632593
1330,163,1493,0.10565492133991806
1334,162,1496,0.10567890996636276
1342,162,1504,0.10568953193985245
1339,161,1500,0.10568265979187123
1332,165,1497,0.10568360486738765
1326,169,1495,0.10570168700122692
1331,172,1503,0.10573329243701285
1332,174,1506,0.10575205234750847
1342,171,1513,0.10576625674783212
1331,173,1504,0.10575657114737379
1327,176,1503,0.10577279356143235
1329,176,1505,0.10579787305229293
1335,177,1512,0.10581406607555721
1327,171,1498,0.1058176915989034
1329,169,1498,0.10583920819355778
1333,173,1506,0.10585525018145699
1329,169,1498,0.10585890098631001
1326,169,1495,0.10587250729212423
1336,162,1498,0.10589144686849153
1342,163,1505,0.1058854738297971
1336,163,1499,0.10586566664691542
1342,158,1500,0.10586159381396429
1343,159,1502,0.10584071443056896
1343,158,1501,0.10582002769457485
1338,159,1497,0.1058018457456722
1333,160,1493,0.10579674031194636
1337,160,1497,0.10580269653698916
1335,165,1500,0.10579928858053284
1333,169,1502,0.10580035161382131
1330,173,1503,0.10580656692754342
1327,175,1502,0.10581995480715613
1334,178,1512,0.10584030580133742
1341,175,1516,0.10584400554243999
1338,177,1515,0.10583376377561601
1325,181,1506,0.10583245961987096
1331,184,1515,0.10586110224650365
1325,184,1509,0.10587563051011215
1327,182,1509,0.10590232853817845
1321,184,1505,0.10592352886205245
1319,181,1500,0.10595510479859829
1314,184,1498,0.10599017197820736
1306,178,1484,0.10603384043544194
1306,181,1487,0.10609142543847459
1315,181,1496,0.10614106716605447
1307,184,1491,0.10616754394431269
1298,186,1484,0.10621053953469975
1296,194,1490,0.10627172719706725
1317,195,1512,0.10633475709298057
1321,197,1518,0.10634537386006065
1324,190,1514,0.1063458105072883
1315,192,1507,0.10634105498238049
1312,192,1504,0.10635888717761492
1320,191,1511,0.10638289407284277
1307,191,1498,0.10638824151638122
1312,194,1506,0.10642152586610638
1309,197,1506,0.10644107478973261
1301,201,1502,0.10646837646297805
1289,196,1485,0.10651013712945145
1295,200,1495,0.10657745997299091
1311,195,1506,0.1066267888679122
1318,194,1512,0.10663246179477794
1312,188,1500,0.10662290360728367
1311,189,1500,0.10662790616732148
1305,192,1497,0.1066342988086646
1293,201,1494,0.10665403234983688
1286,193,1479,0.10670106264134376
1294,198,1492,0.10675897977764348
1292,199,1491,0.10679373403241271
1304,195,1499,0.1068302708132551
1304,191,1495,0.10683826788861199
1298,196,1494,0.10684598331328435
1296,198,1494,0.10686588728020852
1305,193,1498,0.10688998782738064
1311,189,1500,0.10689288208928399
1312,189,1501,0.10688145009747978
1307,195,1502,0.10686765323897586
1307,194,1501,0.10686536581237917
1294,196,1490,0.10686291986211098
1279,194,1473,0.1068870902255669
1290,198,1488,0.10694468768638082
1306,193,1499,0.10697261074991062
1300,195,1495,0.10696208560788746
1305,196,1501,0.1069663664873235
1306,192,1498,0.10695835632796812
1304,184,1488,0.10694789956160838
1302,189,1491,0.1069423560495198
1298,194,1492,0.10694337140543704
1296,196,1492,0.10695280353275875
1285,196,1481,0.10696753614541953
1291,199,1490,0.10700582220408168
1284,198,1482,0.10702880969068834
1282,203,1485,0.10706775139057846
1282,203,1485,0.10710902840860406
1288,204,1492,0.1071490856034266
1285,202,1487,0.1071702558135928
1282,198,1480,0.10719575372933704
1278,201,1479,0.10722751166698304
1279,205,1484,0.10726487449725518
1273,203,1476,0.10729857402036157
1278,205,1483,0.10734287267499626
1292,203,1495,0.10737322357187651
1292,204,1496,0.10736964461316525
1298,206,1504,0.10736719937547352
1288,208,1496,0.10735080844229981
1296,203,1499,0.10735840198806355
1297,202,1499,0.10734517381674252
1294,197,1491,0.10733069571791028
1301,197,1498,0.10732352647578419
1310,196,1506,0.10730038251675345
1321,204,1525,0.10726157773569378
1305,202,1507,0.10719924314975682
1304,204,1508,0.10717738011324082
1293,205,1498,0.10716167294177255
1291,203,1494,0.10717369457251523
1279,199,1478,0.10718902975355615
1283,201,1484,0.10722833240576218
1284,202,1486,0.10725679151588116
1276,199,1475,0.10727823846716422
1289,198,1487,0.10731770925238675
1285,201,1486,0.10732496823256614
1279,201,1480,0.1073418534072673
1275,205,1480,0.10736930360152812
1282,211,1493,0.10740169444341449
1277,204,1481,0.1074165232936789
1299,201,1500,0.1074404516500077
1297,195,1492,0.10741264487637948
1298,198,1496,0.10739170437718318
1301,202,1503,0.10737096657511631
1304,205,1509,0.10734564766401362
1305,206,1511,0.10731804280975141
1312,209,1521,0.10729193313500161
1304,207,1511,0.10725018601058393
1306,208,1514,0.10723097275428006
1301,208,1509,0.10720938473220208
1304,210,1514,0.1072017618080644
1301,212,1513,0.10718866075211028
1305,211,1516,0.10718315081543114
1292,211,1503,0.10717074860903092
1283,216,1499,0.1071914587073905
1281,216,1497,0.10722814987324213
1272,215,1487,0.1072681727126146
1276,215,1491,0.10732676778606265
1280,216,1496,0.107373983691322
1277,212,1489,0.10740717044554887
1288,216,1504,0.107441993421856
1288,218,1506,0.10745000522242297
1293,219,1512,0.10745922221987338
1301,219,1520,0.10745461046232505
1290,218,1508,0.10743317151458925
1286,214,1500,0.10743665315683845
1290,211,1501,0.10744811430762408
1279,213,1492,0.10744975240377165
1277,215,1492,0.10747537639506084
1285,215,1500,0.10750310102213277
1282,211,1493,0.10751049765630231
1268,219,1487,0.1075234267524125
1272,216,1488,0.10756836258898694
1265,216,1481,0.10760153744953403
1268,216,1484,0.10764613863605234
1266,219,1485,0.10768249790321587
1253,223,1476,0.10772170844974653
1242,222,1464,0.10778741188564465
1252,230,1482,0.10787386569575158
1251,237,1488,0.10793211057276932
1261,238,1499,0.10798879917961056
1259,237,1496,0.10801824521322509
1255,234,1489,0.10804834972410131
1258,231,1489,0.10808657323195148
1253,231,1484,0.10811550566820212
1255,233,1488,0.108153744974143
1256,244,1500,0.10818573801632113
1263,242,1505,0.10821287959229008
1258,241,1499,0.10822183814046671
1265,238,1503,0.10824109674567212
1251,242,1493,0.10824539974017205
1252,243,1495,0.1082802435678147
1236,241,1477,0.1083086775513386
1243,244,1487,0.10837294732377716
1247,242,1489,0.10841739176729367
1243,251,1494,0.10844920914519231
1241,252,1493,0.10848859506548017
1237,248,1485,0.10852765236277101
1252,251,1503,0.10857277796338455
1255,253,1508,0.10858265438178705
1245,250,1495,0.10858762908547924
1252,243,1495,0.10861397720425416
1252,241,1493,0.10862100026473286
1252,243,1495,0.1086265023331562
1248,236,1484,0.1086309236836968
1248,239,1487,0.10864571042183059
1239,246,1485,0.1086589191497072
1225,249,1474,0.10869171723601298
1230,247,1477,0.10875284914129438
1246,247,1493,0.10879792720899256
1246,247,1493,0.10880275691388246
1250,243,1493,0.10880730682522867
1257,241,1498,0.10880376691266443
1254,240,1494,0.10878492649118758
1248,244,1492,0.10877298035338963
1248,242,1490,0.1087764353618681
1257,237,1494,0.10877893852584024
1259,242,1501,0.10876095805479968
1247,251,1498,0.10873946019494694
1246,251,1497,0.10874445020844688
1253,247,1500,0.10875208222334126
1251,253,1504,0.10874555661540272
1238,255,1493,0.10874606028858164
1248,256,1504,0.1087760577242319
1242,260,1502,0.10878239280524137
1231,263,1494,0.10880371504759737
1231,265,1496,0.10884944057375284
1224,265,1489,0.108891345921088
1215,263,1478,0.10894665660041274
1217,268,1485,0.10901766096928099
1224,273,1497,0.10907741504385396
1220,267,1487,0.10911662185262713
1224,268,1492,0.10916354428218174
1221,272,1493,0.10919725523979014
1212,271,1483,0.10923768708840953
1218,277,1495,0.1092967578545657
1205,277,1482,0.10933813173163269
1204,278,1482,0.10940645855168249
1205,278,1483,0.1094722173681732
1210,277,1487,0.10953149055588643
1215,273,1488,0.10957589093550726
1221,275,1496,0.10960506428050533
1223,272,1495,0.10961666496989722
1219,273,1492,0.10962359421578967
1234,273,1507,0.10963884181108632
1232,272,1504,0.10961764617955584
1240,270,1510,0.10960262295101854
1233,275,1508,0.10957052002824658
1220,279,1499,0.1095548260055561
1215,276,1491,0.10957162000091797
1204,280,1484,0.10959973220894353
1216,283,1499,0.10964980958479385
1221,285,1506,0.10966773151777058
1218,291,1509,0.10967332697014619
1223,289,1512,0.10968737799689836
1228,285,1513,0.10968901756293079
1233,284,1517,0.10968052687597588
1217,281,1498,0.10966180029259402
1223,285,1508,0.10968096702979117
1221,283,1504,0.10968432267104085
1206,282,1488,0.10969053033098408
1206,288,1494,0.10972976712802923
1206,287,1493,0.10976629505273962
1199,291,1490,0.1098001817130842
1197,289,1486,0.10984927424806373
1213,287,1500,0.10989963367207618
1226,287,1513,0.10991118938749081
1226,291,1517,0.10989288109404463
1219,291,1510,0.10987420036177296
1211,292,1503,0.10987384744266887
1198,294,1492,0.10989255987514404
1209,298,1507,0.10993973972764345
1206,294,1500,0.10996065092843693
1202,298,1500,0.10998905931901745
1192,294,1486,0.11002529874378801
1196,296,1492,0.11008297174650952
1190,302,1492,0.1101273816538091
1203,299,1502,0.11018081610354567
1195,293,1488,0.11020123616554887
1194,295,1489,0.11023527206293583
1207,294,1501,0.11026898122786356
1195,296,1491,0.11027115149230216
1195,295,1490,0.11030037130558419
1202,295,1497,0.11032742216406934
1195,300,1495,0.11033876329845164
1200,301,1501,0.11036605186820743
1197,309,1506,0.11037852806868266
1194,313,1507,0.1103978792044333
1187,309,1496,0.11042332476045978
1189,307,1496,0.11046316161580513
1188,307,1495,0.11049287329764215
1186,310,1496,0.1105237160729055
1184,314,1498,0.11055689039942966
1173,309,1482,0.11059379300560244
1168,314,1482,0.11065166179026129
1168,320,1488,0.1107160993667855
1168,317,1485,0.1107765960186563
1164,312,1476,0.11083383998771879
1162,320,1482,0.11089629424997974
1162,324,1486,0.1109584734405772
1163,320,1483,0.11101726392940431
1167,323,1490,0.11106939184377311
1168,320,1488,0.11110678182660229
1169,325,1494,0.11114004226034556
1177,326,1503,0.11116802887153349
1182,327,1509,0.11117496979969577
1188,329,1517,0.11117215119003017
1181,334,1515,0.11115596096828044
1181,339,1520,0.1111558668100946
1170,343,1513,0.11115730252063083
1157,341,1498,0.1111854834156318
1162,341,1503,0.11124321170324496
1158,335,1493,0.11128648283409401
1151,331,1482,0.11133559177816459
1158,334,1492,0.11139767730334345
1144,343,1487,0.11143851375551382
1157,347,1504,0.11151034354310072
1153,344,1497,0.11154784136433374
1147,343,1490,0.11158847946927448
1150,352,1502,0.1116403736901251
1148,350,1498,0.11168186468282379
1149,355,1504,0.11172875648336272
1148,356,1504,0.11176973213148428
1139,355,1494,0.11181157844943185
1136,359,1495,0.1118685280443957
1128,359,1487,0.11192890375489423
1133,363,1496,0.11200343465165644
1128,360,1488,0.11206282896568914
1130,356,1486,0.11212735433126543
1130,356,1486,0.11218324556465262
1132,363,1495,0.11223613799777535
1129,363,1492,0.11228081852023615
1117,361,1478,0.11232804808198063
1123,364,1487,0.11240038058064364
1122,369,1491,0.11245027746195035
1123,369,1492,0.11249944968087007
1137,371,1508,0.11254366434684475
1134,370,1504,0.11255566496811151
1137,370,1507,0.11257066809359807
1119,370,1489,0.11257968237979074
1122,370,1492,0.11262881110528059
1119,363,1482,0.11266672659004871
1125,365,1490,0.1127096701173411
1132,361,1493,0.11273419447114309
1129,369,1498,0.11274173264308819
1134,371,1505,0.11275729118448567
1124,371,1495,0.1127621423281856
1123,372,1495,0.11278900890799338
1133,370,1503,0.11281655138413664
1125,372,1497,0.11281581273159101
1121,379,1500,0.11283395308384511
1124,382,1506,0.11286068184255874
1124,381,1505,0.11287559640167708
1111,379,1490,0.11289078162803783
1115,377,1492,0.11293536865608264
1114,381,1495,0.11296841904465783
1101,382,1483,0.11300285235410498
1111,387,1498,0.11306473595009425
1115,387,1502,0.11310031967444421
1114,393,1507,0.11312423576014989
1116,395,1511,0.11314533869259008
1110,397,1507,0.11316211802062849
1102,396,1498,0.11319201874150732
1102,402,1504,0.11324053676888607
1093,400,1493,0.11328702920053263
1088,395,1483,0.11334984355178813
1098,401,1499,0.1134197700978806
1120,404,1524,0.1134630829804763
1110,398,1508,0.11345142409422314
1104,398,1502,0.11346377110109775
1096,401,1497,0.11348863108901781
1095,407,1502,0.11352945391654895
1096,412,1508,0.11357108028997381
1094,408,1502,0.11360649325811589
1097,411,1508,0.11364505460318373
1092,408,1500,0.11367147598699007
1093,406,1499,0.11370924212949454
1090,407,1497,0.11374348196789207
1095,409,1504,0.11378341443241606
1107,400,1507,0.11380866371888229
1097,402,1499,0.11380280947504857
1096,403,1499,0.11382052856319089
1101,400,1501,0.11383979830164712
1093,410,1503,0.11384603667328999
1100,409,1509,0.11386958949771774
1080,411,1491,0.11387942796305982
1086,416,1502,0.11393364663508765
1088,416,1504,0.11396927040650047
1095,418,1513,0.11399770489837495
1090,419,1509,0.11400854033485693
1089,418,1507,0.11403131309893848
1102,413,1515,0.11405417202690059
1103,409,1512,0.11404195050973343
1097,412,1509,0.11402950306389595
1105,408,1513,0.11403151095905806
1101,415,1516,0.11401648492431755
1104,413,1517,0.11400936479348468
1092,412,1504,0.11399720228823121
1079,405,1484,0.11401456592749454
1089,406,1495,0.11406216617383158
1086,410,1496,0.11407908746226834
1091,413,1504,0.11410170537194123
1086,414,1500,0.11411012385115563
1089,418,1507,0.11413119365635568
1088,421,1509,0.11414482521348684
1078,416,1494,0.11416295277088166
1076,413,1489,0.11420425061178577
1074,418,1492,0.11424546300525744
1073,415,1488,0.11428846698258663
1079,413,1492,0.11433111995722661
1087,415,1502,0.11435852175266546
1071,415,1486,0.11436393058646395
1065,417,1482,0.11440570524482435
1065,421,1486,0.114457147905556
1076,424,1500,0.11450619932262526
1087,424,1511,0.11452792928962026
1091,427,1518,0.11452126203505131
1096,427,1523,0.11450506298176474
1090,420,1510,0.11447852491348762
1086,417,1503,0.11446908898372499
1078,416,1494,0.11447016058788555
1083,413,1496,0.11449215404792705
1087,406,1493,0.11450285241988789
1088,409,1497,0.11450382348780447
1094,419,1513,0.1145005703712695
1086,423,1509,0.11448366791082364
1081,418,1499,0.11448535825696719
1063,421,1484,0.11449897976646461
1065,420,1485,0.11455250850449523
1074,424,1498,0.11459886072284703
1079,427,1506,0.11462184646738562
1074,425,1499,0.114633684234619
1064,424,1488,0.1146557474909708
1062,422,1484,0.11469855084148768
1056,420,1476,0.11474703315212544
1059,432,1491,0.11480516398156508
1059,434,1493,0.11485180106177345
1058,436,1494,0.11489471629216323
1054,437,1491,0.11493777923917493
1060,441,1501,0.11498808944010844
1067,440,1507,0.11502175748502581
1059,446,1505,0.11503588304250645
1059,441,1500,0.11506845063245119
1067,443,1510,0.11509743075156786
1071,441,1512,0.1151072416466524
1062,440,1502,0.1151071514595342
1069,443,1512,0.11512865213560022
1082,449,1531,0.11513197027001713
1069,446,1515,0.11510433449441564
1059,447,1506,0.11510977339564242
1048,455,1503,0.11513814161191804
1057,453,1510,0.11519080398031234
1062,455,1517,0.11521932437002153
1064,446,1510,0.11523722597220817
1050,450,1500,0.11524933526965338
1052,446,1498,0.11529307935607265
1048,444,1492,0.11532904727292026
1046,446,1492,0.11537086833935202
1047,448,1495,0.11541450970272066
1045,445,1490,0.11545023252512163
1052,446,1498,0.11548720183989075
1060,443,1503,0.11550655615208179
1062,446,1508,0.115503120562236
1055,447,1502,0.1154969119948096
1051,448,1499,0.11550864776958385
1054,451,1505,0.11553034064825657
1046,448,1494,0.11554269952426274
1053,451,1504,0.11557055621439016
1039,456,1495,0.11558295160256819
1033,461,1494,0.11562664728530755
1033,454,1487,0.1156785506407137
1029,451,1480,0.11572758772605012
1050,452,1502,0.11578193416151678
1063,451,1514,0.11578219458722425
1062,454,1516,0.11575076227642944
1050,454,1504,0.11572418424950173
1046,458,1504,0.11572839633904364
1040,454,1494,0.11574122934657229
1036,454,1490,0.11576562931468466
1036,470,1506,0.11579960976369655
1039,459,1498,0.11583146504045647
1032,470,1502,0.11585486560351217
1025,474,1499,0.11589482631941295
1026,473,1499,0.115948230510532
1023,477,1500,0.11599715625017834
1020,475,1495,0.11605213371612198
1024,477,1501,0.11610966521371953
1033,467,1500,0.11615406688646096
1022,469,1491,0.11617228435718222
1027,470,1497,0.11621550567683786
1031,481,1512,0.11624462978777948
1027,479,1506,0.11626407988560772
1029,479,1508,0.1162924472572005
1025,476,1501,0.11631288028373231
1026,488,1514,0.11634194312858565
1025,485,1510,0.11636477043193753
1021,489,1510,0.11638912643344729
1024,481,1505,0.11642180117226066
1017,475,1492,0.11644450935166986
1012,480,1492,0.1164795950917704
1006,475,1481,0.11652331411097423
1006,485,1491,0.11657834808316916
997,485,1482,0.11663090753064431
993,483,1476,0.11669957798665655
985,481,1466,0.11677176136351332
982,489,1471,0.11685894513786761
982,497,1479,0.11694975926368309
990,493,1483,0.11703385688703247
993,497,1490,0.11709278082251252
998,499,1497,0.11713980490214869
1007,498,1505,0.11717098943442078
999,502,1501,0.11718116465301744
987,501,1488,0.11721030373632062
1011,503,1514,0.11726296901819479
1007,505,1512,0.11725785094753594
1001,503,1504,0.11726103466389748
997,501,1498,0.11727749812960976
1005,504,1509,0.11730646766329197
993,511,1504,0.11731307365428027
986,513,1499,0.11734571111992595
987,517,1504,0.1173939762706291
983,519,1502,0.11743727505738086
977,517,1494,0.11749041189527983
985,515,1500,0.11755528227019799
977,512,1489,0.1175985656752096
972,514,1486,0.11765334477672226
971,513,1484,0.11771585665027814
978,517,1495,0.11777660085700375
976,522,1498,0.11781610065908937
983,522,1505,0.1178586268449426
981,525,1506,0.11788226812883246
974,520,1494,0.1179110150735584
965,528,1493,0.11795501543379025
958,529,1487,0.11801606856228058
965,527,1492,0.11808903625143743
965,532,1497,0.11814157191575816
965,530,1495,0.1181904994185538
955,538,1493,0.11823632214144889
965,534,1499,0.11830090211698721
960,537,1497,0.11833775531409056
974,549,1523,0.11838377899409332
966,552,1518,0.11839310330165408
967,548,1515,0.11841890210558798
960,544,1504,0.11843705137003081
956,537,1493,0.11847047432391805
960,531,1491,0.11851168412654565
959,536,1495,0.11854097617740508
965,540,1505,0.11857054665267151
957,536,1493,0.1185856685319817
953,542,1495,0.11861621330779391
960,541,1501,0.11865622602124082
956,533,1489,0.11867841005913903
964,531,1495,0.11870771762882364
968,527,1495,0.11871609914158998
958,541,1499,0.11871419848932378
958,538,1496,0.11873526843722747
950,549,1499,0.11875797209765018
954,545,1499,0.11879665202323192
947,557,1504,0.11882064168821498
957,548,1505,0.11885869161281618
956,552,1508,0.11887346645913216
957,549,1506,0.11888821066481509
956,542,1498,0.11890206121279205
945,538,1483,0.11891453478451393
949,552,1501,0.11895235744448888
955,560,1515,0.11897645691184802
953,557,1510,0.11898516672897685
947,559,1506,0.11899906668151082
944,544,1488,0.11902725901396291
947,550,1497,0.11906076810282917
953,558,1511,0.11908489218376907
950,556,1506,0.11909534696742995
950,561,1511,0.11911251085336554
946,565,1511,0.11913009227365666
940,561,1501,0.11915553049233207
944,569,1513,0.11919603209010539
949,569,1518,0.1192239378286947
954,564,1518,0.1192385931152801
936,568,1504,0.11924228866908397
927,571,1498,0.11928716301631095
931,577,1508,0.11935138936697537
926,575,1501,0.11940311078771124
929,573,1502,0.11946277568107756
930,572,1502,0.11951238894497145
928,576,1504,0.11955751621769789
927,572,1499,0.11960370414890133
922,587,1509,0.11964927848736032
923,592,1515,0.11970507827592719
922,598,1520,0.11975335920980065
920,589,1509,0.11980114377699856
916,585,1501,0.11985011632209613
914,591,1505,0.11990502373111216
913,592,1505,0.11996044088002628
910,592,1502,0.12001280513406563
906,590,1496,0.120068409681851
910,593,1503,0.12012809999109844
920,597,1517,0.12017523243428205
915,593,1508,0.12019750585409315
921,604,1525,0.12022597808781739
910,598,1508,0.12023825357666164
918,592,1510,0.12027588666855453
902,589,1491,0.12029296887066546
902,587,1489,0.1203425765053627
906,594,1500,0.12039255917155839
901,603,1504,0.12042829701489546
899,597,1496,0.12047461087430392
908,594,1502,0.12051929346751816
919,594,1513,0.12053948011668669
917,586,1503,0.12053380654796157
910,584,1494,0.12053467958114428
911,590,1501,0.12054956833254585
907,597,1504,0.12056160446614161
905,584,1489,0.12058038651520427
911,590,1501,0.12060246141095572
922,590,1512,0.12060872050675969
925,589,1514,0.12058905717208919
932,588,1520,0.12056021578910273
929,583,1512,0.1205187798148874
923,582,1505,0.12048528623590911
912,586,1498,0.12046874878387637
911,593,1504,0.12048212412535066
908,590,1498,0.12049661227288339
917,588,1505,0.12051538350839679
916,591,1507,0.12051148359555425
908,589,1497,0.12051173354339778
914,584,1498,0.12052982529676892
909,592,1501,0.12053362863362103
906,587,1493,0.12054830665682348
901,583,1484,0.12056963724384838
903,585,1488,0.12060101467735933
902,574,1476,0.12062678372839823
897,585,1482,0.12065289905205041
895,590,1485,0.12068606528813695
907,593,1500,0.12072194493380983
904,597,1501,0.1207279680632102
898,597,1495,0.12073558575625999
900,603,1503,0.12075862927433599
904,612,1516,0.12077544998775991
897,622,1519,0.12078291237135595
892,625,1517,0.1208085179767767
887,629,1516,0.12084584467404767
877,627,1504,0.12089379551310495
879,628,1507,0.12096198679808678
877,628,1505,0.12102151488772446
869,625,1494,0.1210839585153098
865,625,1490,0.12115828432021501
875,620,1495,0.12123647673762093
874,622,1496,0.12128707105964702
869,629,1498,0.12133540128882934
868,626,1494,0.12139063183404612
876,632,1508,0.12144640823339502
873,636,1509,0.12148055128607925
869,636,1505,0.12151490278930091
875,632,1507,0.1215575641641699
872,629,1501,0.1215849830160855
877,637,1514,0.12161578750205639
862,636,1498,0.12163326396156009
859,631,1490,0.12168647366457414
874,633,1507,0.12174527870328604
872,634,1506,0.121767480927432
879,635,1514,0.12179171329388154
880,636,1516,0.12179751146909494
862,628,1490,0.12179866198841413
863,638,1501,0.12184297527089097
859,641,1500,0.12188117785570238
862,643,1505,0.12192291350893639
866,647,1513,0.12195415999036151
866,653,1519,0.12197371721862162
871,651,1522,0.12199343372628607
868,645,1513,0.12200010576635989
862,643,1505,0.12201243592681803
852,644,1496,0.12203624169868363
863,657,1520,0.12208192263170985
854,650,1504,0.12210263866441061
866,653,1519,0.12214268850358517
878,651,1529,0.12215113769516137
879,641,1520,0.12213085113484119
872,638,1510,0.12211020195078931
865,650,1515,0.12210833271441819
856,643,1499,0.12212281794974926
859,652,1511,0.1221593879817374
864,650,1514,0.12218630583571581
865,657,1522,0.1222005367991277
868,654,1522,0.12221197156873284
861,657,1518,0.12221476325023631
865,650,1515,0.12223177391284812
859,637,1496,0.12224125671709346
861,646,1507,0.12226394271401614
847,656,1503,0.12228227649278996
843,664,1507,0.12233221995606425
848,657,1505,0.12238993689615123
851,650,1501,0.12243274358747555
854,655,1509,0.12246432327167646
859,660,1519,0.12248493562282907
862,672,1534,0.12249113854347414
869,663,1532,0.122492235299299
861,665,1526,0.12247737248266084
854,657,1511,0.12248307801548484
860,655,1515,0.12250299767951808
858,667,1525,0.12250657849154856
851,664,1515,0.12251307747844219
845,667,1512,0.12253740204072257
853,657,1510,0.12257393181884307
852,646,1498,0.12258842143150658
856,639,1495,0.12260512423106523
851,641,1492,0.12261136606941188
848,643,1491,0.1226275690860039
846,643,1489,0.12265050246078003
846,644,1490,0.12267771446776017
836,646,1482,0.12270388997338894
828,660,1488,0.12275154739669122
834,665,1499,0.12281320267590892
840,666,1506,0.1228580394479896
846,674,1520,0.12288530508652468
839,681,1520,0.12289699977780945
835,680,1515,0.12292423384525336
832,674,1506,0.12296030766974521
817,676,1493,0.1230002251664829
819,681,1500,0.12307257868166435
817,677,1494,0.1231362932989627
827,675,1502,0.12320176608589495
816,674,1490,0.1232376023283485
808,679,1487,0.12329592105344683
803,678,1481,0.12336784738737488
802,679,1481,0.12344816759264873
801,680,1481,0.12352550983126179
813,680,1493,0.12359852283389161
803,691,1494,0.12364004130644685
821,681,1502,0.12370013152741854
820,674,1494,0.12371414619115191
821,672,1493,0.12373014023436096
824,675,1499,0.12374144338658745
823,674,1497,0.12374224982988082
820,681,1501,0.1237432980483596
826,690,1516,0.1237513134278456
822,674,1496,0.12374309988026166
818,678,1496,0.1237451095041753
809,677,1486,0.12375792660600844
812,681,1493,0.12379212519331464
813,677,1490,0.12381739063004371
816,688,1504,0.12383475930043081
819,685,1504,0.12384704774945934
827,689,1516,0.12385148993112124
827,682,1509,0.12383794485860833
818,677,1495,0.12382675348054527
809,680,1489,0.1238352312086974
808,687,1495,0.12386405843710413
806,684,1490,0.12389277587011485
821,681,1502,0.12392481327709834
822,674,1496,0.12391717719606142
824,687,1511,0.12390912825225606
805,690,1495,0.12389429089239368
803,689,1492,0.12392769764573255
806,697,1503,0.12396305413355296
799,691,1490,0.12398797256533112
801,694,1495,0.1240274224857896
796,704,1500,0.12405924035615161
806,705,1511,0.12410076354163088
807,699,1506,0.12411711120819546
786,706,1492,0.12413246841189977
795,708,1503,0.12419573573025326
808,705,1513,0.12423213938122883
793,704,1497,0.12423585992117755
791,707,1498,0.12427485989287358
790,712,1502,0.12431791629442657
791,718,1509,0.12436094221977811
779,726,1505,0.12439907157862436
775,714,1489,0.12446336500884442
789,717,1506,0.12453231573013579
789,712,1501,0.12456173909503952
794,712,1506,0.12458750301062053
804,708,1512,0.12460094545379087
790,711,1501,0.12458985553838123
793,711,1504,0.1246111318541212
790,709,1499,0.12462722394782123
793,707,1500,0.1246495422946991
790,706,1496,0.12466391820548176
786,718,1504,0.1246855643726964
784,721,1505,0.1247136510429031
783,723,1506,0.12474540206014295
784,722,1506,0.12477572933635546
798,712,1510,0.12479817570362789
796,706,1502,0.12478767211807447
799,708,1507,0.12478331514595449
792,721,1513,0.12477401481366522
788,715,1503,0.12478350407737722
792,718,1510,0.1248013384149341
794,717,1511,0.12480802627412416
783,724,1507,0.12480743749819552
784,724,1508,0.12483369971093256
785,718,1503,0.1248593457036812
785,724,1509,0.12488225309653918
791,723,1514,0.12489989059388379
783,727,1510,0.1249038357970601
780,727,1507,0.12492580458191846
781,733,1514,0.12495461777055565
780,732,1512,0.12497741402080134
787,730,1517,0.12500230225084127
783,732,1515,0.12501024440593664
777,735,1512,0.12502606159089563
769,725,1494,0.12505411669324273
775,721,1496,0.1250989932380601
776,723,1499,0.12512715586414683
766,733,1499,0.1251532564942638
764,736,1500,0.12520058939616444
759,741,1500,0.12525124171155239
763,749,1512,0.12531159761796776
767,757,1524,0.12535800950716208
764,755,1519,0.12539262450640729
768,750,1518,0.12543291379064875
772,748,1520,0.12545997424851468
766,747,1513,0.12547511726143704
772,743,1515,0.12550293348570224
769,751,1520,0.12551486936389214
756,746,1502,0.1255334609038892
762,746,1508,0.12557980171249825
761,752,1513,0.12560880260190563
749,746,1495,0.1256392169066316
746,753,1499,0.12569661780904468
750,764,1514,0.12575814025098
747,763,1510,0.12580531946582474
746,767,1513,0.12585704450950302
743,766,1509,0.12590771393721753
752,761,1513,0.12596336644104134
746,759,1505,0.12599541548467005
749,760,1509,0.12603765973087067
736,768,1504,0.12607025911537215
723,776,1499,0.1261313638572787
719,782,1501,0.12621887196002138
724,789,1513,0.12630894769511006
717,787,1504,0.12638184481483283
721,790,1511,0.12646619171914694
720,783,1503,0.12653581784211934
720,792,1512,0.12660442514200843
711,794,1505,0.12666867998874015
707,789,1496,0.12674894046067053
704,792,1496,0.1268338553593204
713,782,1495,0.12692121542166032
715,782,1497,0.12698090337660964
708,775,1483,0.12702944433123317
703,782,1485,0.12709033933534689
705,787,1492,0.12715726979512582
705,788,1493,0.12721579727647675
698,795,1493,0.12726966754569177
688,799,1487,0.1273344836240734
692,799,1491,0.12741700493108254
696,798,1494,0.12748451665939733
700,793,1493,0.12753774150584127
700,791,1491,0.12757885673941854
702,798,1500,0.1276183658985942
697,799,1496,0.12765075192895217
709,807,1516,0.12769341304106274
699,817,1516,0.12770617456070268
699,814,1513,0.12774297035197957
703,811,1514,0.12777927379883267
697,801,1498,0.1278052433524378
705,804,1509,0.12784295284804828
706,805,1511,0.12785778536153483
711,817,1528,0.12786936253641568
710,820,1530,0.1278708415916513
700,815,1515,0.12787550128433364
696,820,1516,0.12790501404067905
695,809,1504,0.12794162536116246
692,809,1501,0.12797744479867762
694,816,1510,0.12801697111903726
692,826,1518,0.12805033126820617
690,823,1513,0.1280865786534994
682,833,1515,0.12812584119379358
686,831,1517,0.12818162054980917
691,833,1524,0.12822432070179715
680,834,1514,0.1282531149322897
677,834,1511,0.12830611745552248
668,835,1503,0.1283632965027397
678,826,1504,0.1284389312407749
672,836,1508,0.12848366948790774
678,833,1511,0.12854034646347368
682,842,1524,0.12857905499012978
672,844,1516,0.12860572471257345
667,846,1513,0.12865347574434075
666,853,1519,0.12870988327965646
655,852,1507,0.12876709744948878
661,854,1515,0.12884635830082802
664,848,1512,0.1289082498481021
669,852,1521,0.12896061742479048
665,850,1515,0.1289971090788935
665,843,1508,0.12904206947257346
661,843,1504,0.1290823015073644
660,844,1504,0.12912751674085546
662,836,1498,0.12917229621179888
654,837,1491,0.12920799848280468
656,842,1498,0.12925980021448805
666,852,1518,0.12930363544967957
661,849,1510,0.12932229544036583
661,848,1509,0.1293518445385126
661,857,1518,0.12937872388089278
656,857,1513,0.12940577077747037
653,847,1500,0.12944274134328068
651,853,1504,0.12948280595096315
641,852,1493,0.12952456158812672
654,858,1512,0.12958589732759562
659,858,1517,0.129611327143777
654,863,1517,0.1296243761749591
654,854,1508,0.12965046006898387
645,862,1507,0.12967356831137963
648,852,1500,0.12971662678669912
643,853,1496,0.12975191030710514
637,850,1487,0.1297982669169856
638,856,1494,0.1298545325744306
637,869,1506,0.12990493317452648
633,867,1500,0.12995362911910668
632,870,1502,0.13000794290518713
642,870,1512,0.13006222917563715
644,860,1504,0.1300896470122586
644,860,1504,0.1301078445351048
647,861,1508,0.13012306616529062
645,866,1511,0.1301310907585757
649,875,1524,0.13014552842122304
648,877,1525,0.13015007321530797
636,885,1521,0.13015782147969013
634,883,1517,0.13019261655767317
642,887,1529,0.13023044612775103
646,876,1522,0.13024810089570113
637,871,1508,0.1302570175419461
637,876,1513,0.13028636039373498
636,879,1515,0.13031104651371603
634,881,1515,0.13033634165403327
634,880,1514,0.13036534639279787
625,872,1497,0.13039111313585444
614,889,1503,0.13043804461520617
605,892,1497,0.13050759560278277
610,892,1502,0.13059410362817622
618,900,1518,0.13066465144850928
621,904,1525,0.13071218536629975
622,890,1512,0.13075109519667985
628,891,1519,0.1307840818542023
631,898,1529,0.13080232489714905
625,902,1527,0.1308124172861035
620,889,1509,0.1308348927838715
614,901,1515,0.13086962298705845
602,903,1505,0.13091576912291403
602,907,1509,0.1309857260296765
597,903,1500,0.1310497116963162
609,906,1515,0.13112058479538471
615,895,1510,0.13115958264524014
602,898,1500,0.1311803506723807
608,891,1499,0.13123130560062315
602,890,1492,0.1312630957193178
604,899,1503,0.13130709336535853
620,899,1519,0.1313395051807902
614,896,1510,0.13133221988860858
614,894,1508,0.13133963464419018
612,893,1505,0.13134937108632505
609,890,1499,0.13136410634509535
613,891,1504,0.1313873794234135
607,898,1505,0.13139667285588275
599,901,1500,0.13141828680632073
594,913,1507,0.13145479232985946
598,905,1503,0.13150138487663615
606,899,1505,0.13153693883009163
603,898,1501,0.13155131230951628
599,894,1493,0.13157017667917828
606,907,1513,0.13159697743973267
606,908,1514,0.1316031110687755
599,907,1506,0.13161142302614617
597,908,1505,0.13163565057366963
601,916,1517,0.13166178063232642
596,907,1503,0.13167780082251862
588,917,1505,0.13170644446953006
586,924,1510,0.1317524795624312
593,916,1509,0.13180143954705506
593,915,1508,0.13182981340232433
595,909,1504,0.1318560460673232
594,903,1497,0.13187550455075564
591,912,1503,0.131895056821403
598,911,1509,0.1319197848368728
601,904,1505,0.13192614136465808
589,904,1493,0.13192500480893696
583,905,1488,0.13195066537052175
603,898,1501,0.13198902000409732
600,902,1502,0.13197765731261485
606,904,1510,0.13197427677995827
597,902,1499,0.13195957209847906
600,909,1509,0.1319660541452534
596,915,1511,0.1319661825969985
588,909,1497,0.1319768964994858
589,925,1514,0.13200668421913642
595,915,1510,0.13203265955805257
596,916,1512,0.13204340023493064
598,918,1516,0.132051514801374
600,920,1520,0.13205440985163983
591,923,1514,0.13205114781906788
595,927,1522,0.13206893580690962
593,922,1515,0.13207623212379707
594,916,1510,0.13208791608348855
589,919,1508,0.13209605672367392
587,922,1509,0.13211739897218908
584,929,1513,0.13213950645444644
576,937,1513,0.13216694075831595
567,939,1506,0.13221279926190624
574,929,1503,0.1322768013717656
574,945,1519,0.13232199649874993
572,944,1516,0.132364374112986
579,933,1512,0.13240898468855133
579,926,1505,0.13243215446192003
580,935,1515,0.1324520952834492
578,934,1512,0.13246861960751338
583,921,1504,0.13248827857469056
583,924,1507,0.13249509628625203
585,930,1515,0.1325027264853877
586,936,1522,0.1325049284428726
573,926,1499,0.13250583881445738
572,941,1513,0.13253445465505378
575,940,1515,0.13256073712956692
575,935,1510,0.13257837311643328
576,935,1511,0.1325940543864801
571,934,1505,0.132605156394279
574,926,1500,0.13262943858843276
575,933,1508,0.13264335584539247
583,929,1512,0.13265319164329448
583,924,1507,0.13264471485808568
581,931,1512,0.132637138997797
580,921,1501,0.13263320922947874
578,926,1504,0.13263008270843155
581,927,1508,0.13263332454723437
587,926,1513,0.13262773849161882
589,931,1520,0.1326100456871054
591,925,1516,0.1325897509150456
585,925,1510,0.13256835997850577
592,933,1525,0.13256233031577103
597,928,1525,0.13254161147641916
586,924,1510,0.13250863127228277
587,922,1509,0.1325037208949162
584,925,1509,0.13249871487550927
589,927,1516,0.13250272078745637
585,924,1509,0.13249230046729535
577,932,1509,0.13249363512315163
579,931,1510,0.13251447587882392
574,928,1502,0.13252972646254055
576,925,1501,0.13255445501525262
583,924,1507,0.1325718907703066
572,928,1500,0.13257381095033163
572,936,1508,0.13260221433164812
570,943,1513,0.13262773538421602
564,940,1504,0.13265800983817766
558,950,1508,0.1327010354424855
560,955,1515,0.13275355600998268
557,950,1507,0.13279800201766695
553,944,1497,0.1328471400636612
559,941,1500,0.13290120131740057
554,956,1510,0.13293792027649673
551,954,1505,0.1329827260442378
557,950,1507,0.1330311172603319
557,947,1504,0.13306267427189686
557,947,1504,0.1330917244673185
559,954,1513,0.13311662339962071
567,942,1509,0.13313536458678224
565,951,1516,0.13313566065421262
553,956,1509,0.13314052431362003
555,956,1511,0.13317325525322704
572,956,1528,0.133198915939245
567,959,1526,0.13318238925829465
568,950,1518,0.1331799062958522
571,944,1515,0.1331730158222711
567,951,1518,0.1331594879811121
560,950,1510,0.1331562670044496
552,955,1507,0.1331708955488142
558,956,1514,0.13320304005559688
559,947,1506,0.13321895274402926
550,947,1497,0.13323195815191863
548,956,1504,0.1332658671667788
538,950,1488,0.13330279245583543
540,951,1491,0.13336005130691242
537,959,1496,0.13341005790853122
538,963,1501,0.13346109706627732
540,973,1513,0.13350601507043697
546,973,1519,0.1335418566345991
549,973,1522,0.1335616069717717
544,966,1510,0.13357335894979502
545,969,1514,0.13359521252928708
537,967,1504,0.1336146527975827
544,969,1513,0.13365092558124034
549,961,1510,0.13366842635561516
548,957,1505,0.13367293365573157
541,962,1503,0.13367983862365296
537,964,1501,0.13370212589120073
528,967,1495,0.13373253553658793
532,970,1502,0.13378300156416983
536,964,1500,0.13382196829123216
536,962,1498,0.1338488827782692
533,957,1490,0.13387404025045774
528,961,1489,0.1339031015060112
522,968,1490,0.1339434974817512
530,976,1506,0.1339950207163224
517,979,1496,0.13402415408339544
516,988,1504,0.13408133911658457
525,989,1514,0.13413751836864643
516,995,1511,0.13416989622838782
520,999,1519,0.13422134774095815
516,996,1512,0.1342610086743237
517,995,1512,0.13430803494179336
520,995,1515,0.13434761745396442
514,998,1512,0.13437863174518067
507,993,1500,0.13442223418090854
518,987,1505,0.13448093951898663
521,988,1509,0.13450677597893082
514,992,1506,0.13452188727763134
511,993,1504,0.1345531406061243
513,1008,1521,0.13458952557974613
515,1001,1516,0.13461832373896446
505,982,1487,0.13464206561225237
514,986,1500,0.13469001898206806
516,991,1507,0.13471045338277013
508,996,1504,0.13472703399988878
508,997,1505,0.13476272175719206
520,997,1517,0.1347971398887763
521,994,1515,0.13480065992386495
526,996,1522,0.13480184824633118
523,1000,1523,0.13479059214091108
518,1004,1522,0.13478604746243147
511,1007,1518,0.13479571080439348
510,1008,1518,0.13482086762721557
512,1000,1512,0.1348458602225145
511,994,1505,0.13486417004162787
512,997,1509,0.13488450182025974
515,999,1514,0.1349012692839043
514,1004,1518,0.13490901164634062
511,999,1510,0.13491758179444688
513,995,1508,0.13493204255679597
506,997,1503,0.1349410443050181
509,986,1495,0.13496659786647225
510,1009,1519,0.13498311198722932
507,1005,1512,0.13499639490398838
508,1002,1510,0.13501476747906782
509,995,1504,0.1350315340669857
509,999,1508,0.13504661197974366
502,1003,1505,0.13506120214467743
503,1009,1512,0.1350912309433515
500,987,1487,0.13511506793867206
509,1000,1509,0.13514653442908053
510,1000,1510,0.13515233136099702
506,1008,1514,0.13515729557703252
501,1001,1502,0.1351720292347198
501,999,1500,0.1351996440562819
508,1004,1512,0.13522513411071
500,1005,1505,0.13523102098404782
504,1014,1518,0.13525462714166747
509,1014,1523,0.13526581896830014
501,1005,1506,0.1352657511886916
502,1006,1508,0.13528256956345414
505,1015,1520,0.13529601916795847
503,1011,1514,0.13530264243148382
493,1017,1510,0.13531305274184155
497,1014,1511,0.13534443692933626
495,1014,1509,0.1353644416439682
497,1019,1516,0.13538762220950232
498,1015,1513,0.13540497875418617
501,1019,1520,0.13542070381496255
493,1015,1508,0.13542934349914404
494,1010,1504,0.1354551309541913
498,1010,1508,0.13547806407522323
492,1017,1509,0.13548906588089832
484,1024,1508,0.1355135456462801
487,1021,1508,0.13555511263761214
483,1014,1497,0.13558847733055557
484,1014,1498,0.13562939465018245
483,1020,1503,0.1356628315940657
487,1031,1518,0.13569622556517993
490,1024,1514,0.13571732656794008
484,1019,1503,0.13573085481315908
478,1015,1493,0.1357565534283399
471,1020,1491,0.13579453873603736
478,1026,1504,0.13584669632141602
478,1020,1498,0.1358795128195058
478,1039,1517,0.13591051079115107
476,1037,1513,0.13593933042606918
480,1033,1513,0.13597284985607577
478,1035,1513,0.13599717333892453
476,1047,1523,0.1360238185720554
479,1059,1538,0.13605470039016532
478,1050,1528,0.1360748623574458
477,1047,1524,0.13609421464652383
476,1041,1517,0.13611590195849235
477,1035,1512,0.13613817041502205
471,1038,1509,0.13615763798685626
475,1035,1510,0.13618977231604448
471,1037,1508,0.13621088072226123
469,1036,1505,0.13624068501775777
472,1041,1513,0.1362727833160633
472,1051,1523,0.13629514615355426
474,1050,1524,0.13631865883472788
464,1038,1502,0.13633767536460414
462,1041,1503,0.13637920542974377
464,1038,1502,0.13642115015755604
466,1028,1494,0.13645532043717395
459,1031,1490,0.1364829846044278
465,1043,1508,0.13652304101978652
467,1056,1523,0.13654654025359003
468,1056,1524,0.1365636478194692
471,1050,1521,0.13657727511017406
468,1059,1527,0.13658240092965845
461,1063,1524,0.13659459591175668
455,1060,1515,0.13662227223076126
459,1060,1519,0.13666365679023287
456,1056,1512,0.13669381354599686
454,1054,1508,0.1367304382333126
463,1051,1514,0.13677046880588623
458,1048,1506,0.13678512254496936
458,1053,1511,0.13680902408721465
450,1055,1505,0.13683189568426532
449,1054,1503,0.1368716172235918
443,1070,1513,0.13691137369888254
447,1065,1512,0.13696312070425656
445,1071,1516,0.1370028732485399
445,1067,1512,0.1370442926257896
445,1070,1515,0.13708156579630007
446,1065,1511,0.13711714427125313
443,1067,1510,0.1371483654372978
442,1071,1513,0.13718389196829353
439,1079,1518,0.13721899594525092
440,1069,1509,0.13725989612733003
439,1071,1510,0.1372940218749815
434,1066,1500,0.1373268986198398
434,1061,1495,0.13737168184453247
425,1067,1492,0.13741228235618505
433,1071,1504,0.13747113469129474
438,1064,1502,0.13750715578974534
431,1079,1510,0.1375272198994798
425,1083,1508,0.13756257144623146
432,1073,1505,0.13760807359158359
434,1062,1496,0.1376341709717362
440,1071,1511,0.1376529381375508
433,1077,1510,0.13765602164211102
437,1080,1517,0.13767607018849612
437,1078,1515,0.137685113261203
436,1077,1513,0.1376943979525156
433,1078,1511,0.1377057734216791
427,1068,1495,0.13772236064456883
422,1060,1482,0.13775415333262908
423,1067,1490,0.13779530412640398
418,1064,1482,0.13783250970267505
420,1071,1491,0.1378792511290424
420,1075,1495,0.1379189079037463
423,1088,1511,0.13795730204716455
421,1105,1526,0.13798532467113706
421,1089,1510,0.1380179831402615
423,1098,1521,0.13804883116848987
419,1102,1521,0.1380739697497901
418,1096,1514,0.13810722709332215
417,1103,1520,0.1381389252587336
414,1089,1503,0.13817084664175355
412,1097,1509,0.13820641917036358
422,1100,1522,0.13824317064416808
423,1107,1530,0.13825537612301958
422,1109,1531,0.13826613403614765
416,1110,1526,0.13827898092177576
405,1112,1517,0.1383046125985784
406,1111,1517,0.13835385760782057
418,1104,1522,0.138398465663255
410,1106,1516,0.13841179182770158
409,1097,1506,0.13844414751355522
410,1097,1507,0.1384770825077877
408,1098,1506,0.138505248553538
410,1101,1511,0.1385360803497697
403,1095,1498,0.13855970791822997
402,1110,1512,0.13859707444097272
400,1117,1517,0.1386356431770358
407,1110,1517,0.13867328578689567
405,1113,1518,0.1386922301475227
409,1108,1517,0.1387112213354312
402,1101,1503,0.13872110331495566
403,1095,1498,0.13874846198297258
397,1105,1502,0.13877250119850715
392,1102,1494,0.1388088863768159
393,1104,1497,0.13885596749574908
397,1107,1504,0.13889464009572042
395,1105,1500,0.13892177288135374
389,1111,1500,0.13895396637118243
396,1119,1515,0.13899611774731094
390,1120,1510,0.1390184461165866
390,1122,1512,0.13905086981379147
390,1111,1501,0.1390843772726684
384,1129,1513,0.13911649846543786
384,1128,1512,0.139159939975969
385,1131,1516,0.13920109170660777
381,1142,1523,0.13923802769335392
381,1142,1523,0.13928225326222574
390,1130,1520,0.1393220976437183
385,1127,1512,0.13933653491987433
384,1133,1517,0.13936199349621256
383,1134,1517,0.13938912697582226
384,1133,1517,0.13941733374510468
381,1123,1504,0.13944150683094436
377,1133,1510,0.13947298198735494
370,1138,1508,0.13951222500653468
370,1130,1500,0.1395663124200973
358,1133,1491,0.13961876208192714
357,1148,1505,0.13969614152602983
350,1141,1491,0.13977039048875642
344,1129,1473,0.13985448850900853
345,1136,1481,0.13994649788987196
346,1136,1482,0.1400302252821481
353,1139,1492,0.1401046373469553
353,1142,1495,0.14015773190664624
360,1155,1515,0.14020744010445288
364,1152,1516,0.14023665747859237
360,1155,1515,0.14025422443985827
360,1148,1508,0.1402806067206892
361,1156,1517,0.14030423468101816
359,1157,1516,0.14032356166073265
358,1148,1506,0.14034615039737827
362,1148,1510,0.14037114453019947
368,1144,1512,0.1403852389340277
367,1155,1522,0.14038130465319104
358,1154,1512,0.14038040254431564
358,1149,1507,0.1404023120758378
361,1150,1511,0.14042125702206434
360,1154,1514,0.14043316220628183
362,1158,1520,0.14044667434113664
365,1166,1531,0.14045488825486
361,1152,1513,0.14045435000915368
368,1145,1513,0.14046056847027955
367,1146,1513,0.14045044493396588
368,1143,1511,0.14044525831712426
370,1157,1527,0.14043645257704696
367,1154,1521,0.14042450738006906
362,1151,1513,0.14042190387386153
368,1146,1514,0.14043311579560872
367,1147,1514,0.14042728783243127
361,1140,1501,0.14042296961202383
359,1149,1508,0.14043480463730798
352,1142,1494,0.14045070378755847
345,1140,1485,0.14048336442226436
342,1142,1484,0.14053003085971105
348,1147,1495,0.14058094228021262
350,1172,1522,0.140612366606237
347,1172,1519,0.14063630939060293
353,1162,1515,0.14066350111374082
353,1159,1512,0.14067375457003717
352,1155,1507,0.14068482870342033
349,1158,1507,0.14069749528579067
347,1170,1517,0.14071619371898006
347,1154,1501,0.14073901388729207
344,1169,1513,0.1407620390953156
346,1172,1518,0.1407893629972479
343,1180,1523,0.1408115931514769
344,1177,1521,0.14083836271002187
336,1174,1510,0.1408624498675442
337,1186,1523,0.14090443334959687
334,1190,1524,0.1409414397264723
332,1188,1520,0.14098425393513556
324,1186,1510,0.14102963884912134
336,1198,1534,0.14108781789311375
333,1190,1523,0.1411148503205068
327,1175,1502,0.1411469743315669
338,1178,1516,0.14119218455432972
337,1176,1513,0.14120821000948527
330,1178,1508,0.14122541802228308
327,1183,1510,0.14125919887415875
328,1184,1512,0.1412965059553121
326,1189,1515,0.14132950894157215
328,1188,1516,0.14136439441705842
326,1178,1504,0.14139011789605166
322,1175,1497,0.14141835858250773
322,1185,1507,0.14145482131321793
324,1197,1521,0.1414911284586436
315,1202,1517,0.14152047893314623
316,1208,1524,0.1415691944608703
313,1200,1513,0.14161319291932273
311,1204,1515,0.14166061502247854
312,1197,1509,0.14171084657907237
313,1193,1506,0.14175594582801185
314,1193,1507,0.14179280486950627
315,1190,1505,0.14182321035404627
312,1197,1509,0.1418501917211091
308,1191,1499,0.1418820497468448
313,1196,1509,0.1419201964418889
309,1204,1513,0.1419436850738753
311,1186,1497,0.14197531724773374
313,1186,1499,0.14199899982645017
313,1196,1509,0.14201669646490103
314,1206,1520,0.14203480733916865
314,1187,1501,0.14205037920894817
312,1189,1501,0.14206254613070052
315,1186,1501,0.14208024184843715
316,1184,1500,0.14208778904319316
319,1185,1504,0.1420936255411073
314,1196,1510,0.14209310523244498
309,1192,1501,0.14210558042496985
309,1207,1516,0.1421291724147892
306,1207,1513,0.14215341693915748
310,1212,1522,0.142182857020022
315,1201,1516,0.14219860389880118
313,1203,1516,0.14220124246649868
306,1213,1519,0.1422100044641148
314,1217,1531,0.14223617462699445
318,1199,1517,0.1422411561330855
319,1204,1523,0.1422371636805902
318,1202,1520,0.14222969092300197
319,1201,1520,0.14222513199449965
316,1206,1522,0.14221788678322916
317,1202,1519,0.14221861933549604
321,1198,1519,0.14221541987471897
320,1197,1517,0.14220491310178154
329,1199,1528,0.1421973967414729
329,1203,1532,0.14216884552875328
335,1197,1532,0.14214150161422026
326,1193,1519,0.14210233622932
322,1181,1503,0.1420877660631188
327,1187,1514,0.14208168681035438
333,1201,1534,0.14206354251209605
333,1194,1527,0.1420356099755897
334,1189,1523,0.14201083438147752
332,1194,1526,0.14198618533329635
333,1193,1526,0.14196884582461483
331,1176,1507,0.14194899237857553
328,1176,1504,0.14193587800611734
326,1185,1511,0.14193271800776075
329,1176,1505,0.1419333316686269
331,1175,1506,0.141925452549856
332,1187,1519,0.14191180912419504
332,1185,1517,0.14189929891295447
332,1180,1512,0.1418859415308737
328,1183,1511,0.1418735026788913
332,1174,1506,0.14187247460379454
330,1187,1517,0.1418624239184038
331,1188,1519,0.14185771268565384
331,1195,1526,0.1418507903687347
326,1204,1530,0.14184439657572415
327,1198,1525,0.14185119917849975
330,1194,1524,0.1418560148066731
329,1195,1524,0.14185383122074827
326,1184,1510,0.14185530262967586
328,1182,1510,0.14186513726830208
323,1180,1503,0.14186854432910254
327,1181,1508,0.14188431539741905
319,1187,1506,0.14188942273540545
322,1186,1508,0.14191083790686007
322,1185,1507,0.14192347974705938
321,1173,1494,0.14193479978859663
328,1185,1513,0.14194894380050552
335,1182,1517,0.14194285193617695
335,1187,1522,0.14191914977068534
332,1176,1508,0.14189868072510536
331,1176,1507,0.1418851261146071
330,1179,1509,0.14187725265301765
334,1190,1524,0.1418707878209039
335,1195,1530,0.1418550149287901
326,1197,1523,0.14184012075613572
316,1191,1507,0.14184811251552126
314,1179,1493,0.14188027476728127
310,1204,1514,0.14191502707841872
300,1202,1502,0.1419576358922888
294,1201,1495,0.14202100132054823
297,1206,1503,0.14209488237960824
296,1212,1508,0.1421565890004281
295,1207,1502,0.1422166789065509
295,1199,1494,0.14227365133955452
302,1196,1498,0.1423265503049309
301,1210,1511,0.14235747684651598
304,1211,1515,0.14238853377798288
300,1214,1514,0.14241156775207162
302,1228,1530,0.1424422348645133
296,1231,1527,0.1424670027742223
295,1240,1535,0.14250352954009832
286,1228,1514,0.1425419582560287
285,1229,1514,0.14259927925684854
288,1234,1522,0.14265327870263417
283,1225,1508,0.14269710318719125
287,1224,1511,0.14275140440524375
295,1224,1519,0.14278968514165563
298,1219,1517,0.1428073839541795
296,1216,1512,0.14281617542544572
294,1227,1521,0.14283049781601304
292,1229,1521,0.1428497745343672
292,1230,1522,0.14287147456657867
290,1220,1510,0.14289066451833826
289,1219,1508,0.14291356160832067
291,1211,1502,0.14293734016881834
288,1221,1509,0.14295198186049402
287,1227,1514,0.14297521535294833
280,1225,1505,0.14299932485573622
273,1239,1512,0.14303923977084268
274,1240,1514,0.14309295803387212
270,1238,1508,0.1431406784115553
266,1227,1493,0.14319365378917218
268,1227,1495,0.14325418434417667
266,1227,1493,0.14330409981814332
272,1225,1497,0.1433559350229839
272,1236,1508,0.14339049890215164
267,1247,1514,0.14342300641601644
268,1240,1508,0.14346377828944243
267,1238,1505,0.14350056596607763
266,1248,1514,0.14353722546388076
268,1254,1522,0.1435766088810175
272,1245,1517,0.14360958846292815
271,1247,1518,0.14362927671716771
269,1246,1515,0.1436480837184423
270,1239,1509,0.14367130361080244
267,1250,1517,0.14368934227484614
264,1249,1513,0.14371436376443783
263,1245,1508,0.14374501905680043
269,1260,1529,0.14377669923664718
273,1258,1531,0.1437906001489918
269,1255,1524,0.1437929126211623
267,1251,1518,0.1438038130858077
265,1249,1514,0.14381828534572794
264,1248,1512,0.14383654716402894
265,1252,1517,0.1438569123830143
264,1244,1508,0.14387422035725284
257,1249,1506,0.14389373824614216
250,1239,1489,0.1439282984101288
249,1258,1507,0.14397567930096383
251,1247,1498,0.14402450310669349
251,1245,1496,0.14406504165289247
250,1256,1506,0.1441014871878367
251,1253,1504,0.14413710883886094
253,1256,1509,0.1441676075079792
256,1256,1512,0.1441911884190072
251,1247,1498,0.14420652816721574
248,1247,1495,0.14423208099579835
246,1242,1488,0.1442613776805069
251,1250,1501,0.14429422703323574
248,1245,1493,0.14431390754339543
251,1255,1506,0.1443398356638662
249,1253,1502,0.1443560157406732
252,1263,1515,0.14437484019234906
250,1258,1508,0.144387569128549
253,1271,1524,0.14440423082463363
255,1270,1525,0.14441223184383545
252,1264,1516,0.14441656586203494
252,1260,1512,0.14442783983749116
252,1270,1522,0.14443904222965276
247,1267,1514,0.14444926238421027
245,1261,1506,0.14447094236201422
247,1260,1507,0.14449494007263455
248,1269,1517,0.14451197728333026
244,1273,1517,0.14452583224061877
244,1277,1521,0.14454866945156258
245,1273,1518,0.1445706437858958
243,1266,1509,0.14458958237452213
250,1269,1519,0.1446103202257127
250,1276,1526,0.14461277215806484
247,1266,1513,0.1446160612245026
249,1277,1526,0.14462453175674836
244,1280,1524,0.1446297305271591
246,1282,1528,0.14464508443811133
250,1273,1523,0.14465392445794767
246,1274,1520,0.1446534702431546
244,1275,1519,0.14466245539872555
242,1285,1527,0.14467690512848652
240,1286,1526,0.14469601572647245
236,1276,1512,0.144719605359597
236,1278,1514,0.14475160358688396
232,1286,1518,0.1447821386611725
233,1278,1511,0.14482070896601584
235,1290,1525,0.1448557516424981
236,1266,1502,0.14488385852911365
239,1266,1505,0.14490620265088167
238,1261,1499,0.14491787030681677
243,1256,1499,0.14492880745353282
246,1257,1503,0.14492662937384138
244,1249,1493,0.1449150458951356
247,1264,1511,0.14490921987802868
245,1261,1506,0.14489703714722985
247,1256,1503,0.14489062282963908
252,1266,1518,0.14487850637102673
248,1263,1511,0.14485535211073222
250,1269,1519,0.14484556664178128
241,1262,1503,0.14483253374288624
251,1265,1516,0.144841327390153
255,1272,1527,0.14482688619019324
254,1266,1520,0.14480464646723884
255,1251,1506,0.14478652394208916
256,1262,1518,0.1447665575784188
260,1249,1509,0.14474624117165916
256,1240,1496,0.14471947592534662
250,1244,1494,0.144703865394005
253,1264,1517,0.1447024873138725
245,1264,1509,0.14469271811545184
247,1264,1511,0.1447051172475238
247,1264,1511,0.1447114462180757
248,1250,1498,0.14471906292558614
240,1267,1507,0.14472182844906548
236,1276,1512,0.14474407427828326
237,1274,1511,0.14477671572658363
236,1281,1517,0.14480604945964604
240,1278,1518,0.1448363407131582
241,1274,1515,0.1448543830409721
246,1278,1524,0.14486845905339404
245,1273,1518,0.14486940242523963
244,1269,1513,0.1448725651220611
248,1279,1527,0.144876465550331
240,1259,1499,0.14487060526021558
239,1272,1511,0.14488527819299954
239,1269,1508,0.14490146192566436
234,1264,1498,0.14491674216642958
234,1260,1494,0.14494293264362873
235,1260,1495,0.14496627883195287
242,1271,1513,0.14498669726523924
243,1277,1520,0.14498619770413548
243,1278,1521,0.14498283188686517
244,1279,1523,0.1449812303027819
239,1280,1519,0.1449778184943553
243,1286,1529,0.14498680667373937
237,1282,1519,0.14498572441881355
237,1290,1527,0.1449995403330999
235,1292,1527,0.145012261020329
233,1291,1524,0.14503016727264006
239,1292,1531,0.145050809240662
239,1292,1531,0.1450544295318783
231,1278,1509,0.14505879043920192
226,1285,1511,0.14508183830027657
224,1287,1511,0.14511475158718795
230,1280,1510,0.1451502429812715
229,1280,1509,0.14516970634360482
232,1274,1506,0.14518979040864996
231,1282,1513,0.14520302713991165
226,1279,1505,0.14521717873178894
227,1279,1506,0.1452431132633874
234,1284,1518,0.14526495104093803
238,1271,1509,0.1452677347430669
232,1279,1511,0.14525998474140742
236,1279,1515,0.14526752940655718
235,1280,1515,0.1452632387972389
239,1283,1522,0.1452620589462258
238,1273,1511,0.14525129384161667
238,1278,1516,0.14524286378406548
236,1279,1515,0.14523712170442754
234,1276,1510,0.1452367555947053
235,1279,1514,0.14524084446895058
236,1273,1509,0.14524303236723402
233,1281,1514,0.14524283796058124
231,1276,1507,0.1452490769330387
228,1279,1507,0.1452620089580938
224,1275,1499,0.14528128909088206
229,1283,1512,0.14530771925691816
228,1291,1519,0.14531951066800042
236,1265,1501,0.14533265347643337
233,1261,1494,0.14532476883491843
236,1278,1514,0.14532465514124138
239,1276,1515,0.14531788536216214
236,1280,1516,0.14530283162580365
233,1273,1506,0.14529497884708703
230,1273,1503,0.14529587233641622
229,1271,1500,0.14530310045235326
233,1274,1507,0.14531230415429885
235,1266,1501,0.14531109463673356
229,1250,1479,0.14530618363188982
230,1265,1495,0.14531492315330508
227,1269,1496,0.1453208458186009
226,1269,1495,0.14533207967537382
225,1277,1502,0.14534565096022212
224,1283,1507,0.1453612874097831
226,1286,1512,0.14537873137448554
227,1288,1515,0.1453915252415898
230,1273,1503,0.14540007294039856
230,1280,1510,0.14540292393704407
229,1281,1510,0.14540435736955368
225,1282,1507,0.14540847995391484
223,1289,1512,0.14542241256688382
218,1286,1504,0.1454410748095884
218,1281,1499,0.14547055077438867
220,1283,1503,0.14549728027606101
218,1282,1500,0.14551907509132575
219,1293,1512,0.1455435380338176
217,1297,1514,0.14556316388172585
222,1292,1514,0.14558544912433452
226,1286,1512,0.1455959601180356
222,1287,1509,0.1455958367454453
222,1289,1511,0.14560620830677706
224,1291,1515,0.14561697994934197
223,1291,1514,0.14562225391338388
218,1299,1517,0.14563010802921814
217,1304,1521,0.14565009529331138
215,1312,1527,0.14567084951235743
214,1312,1526,0.14569500839392627
214,1299,1513,0.1457197201771307
210,1309,1519,0.14574196891648739
215,1309,1524,0.14577262577557895
217,1310,1527,0.14578844410060995
215,1304,1519,0.14579907776701378
219,1292,1511,0.1458130089590518
214,1285,1499,0.14581567366521633
212,1300,1512,0.14583060719242066
215,1303,1518,0.14584968917396374
213,1308,1521,0.14585935725066668
217,1315,1532,0.1458730598366858
215,1305,1520,0.1458765314346028
216,1310,1526,0.14588510008687963
213,1310,1523,0.14589207621656197
212,1306,1518,0.1459060097210869
205,1319,1524,0.14592218950554894
209,1315,1524,0.1459529773730004
210,1298,1508,0.14597369308638414
212,1316,1528,0.14599124587636875
209,1310,1519,0.1460028035147529
209,1318,1527,0.14602117958182986
204,1325,1529,0.14603904509442198
205,1317,1522,0.14606747004129933
196,1320,1516,0.14609243352672
195,1309,1504,0.1461361908824073
194,1324,1518,0.14617981551424472
192,1324,1516,0.14622332759425855
191,1325,1516,0.14626929545232203
193,1333,1526,0.14631469305368894
192,1338,1530,0.14635184604863227
193,1330,1523,0.1463889318742377
192,1344,1536,0.14642113694084646
192,1325,1517,0.14645283224531272
192,1340,1532,0.14648108086850178
190,1332,1522,0.14650769905324304
188,1334,1522,0.14653689973080242
182,1343,1525,0.14656797378881567
181,1330,1511,0.14660935896832225
181,1326,1507,0.14664995931857294
180,1321,1501,0.14668810468378307
181,1324,1505,0.14672738674099492
181,1327,1508,0.14675994640922158
178,1341,1519,0.14678980852337767
179,1336,1515,0.14682589648539784
176,1337,1513,0.1468579865524697
175,1340,1515,0.14689590187393656
174,1343,1517,0.14693462819714673
174,1349,1523,0.1469722188527408
175,1344,1519,0.14700841402103035
170,1343,1513,0.14703798925546838
166,1330,1496,0.1470787084557802
165,1331,1496,0.14712617291549196
167,1335,1502,0.1471739766530719
162,1347,1509,0.1472148742458354
159,1356,1515,0.1472646447590748
158,1351,1509,0.14731856198007814
149,1356,1505,0.14737144303266728
147,1360,1507,0.14744267788907597
144,1362,1506,0.14751465457308333
141,1373,1514,0.14758940083624852
144,1375,1519,0.14766601109822897
145,1371,1516,0.14773005192489488
146,1381,1527,0.14778788261900494
144,1384,1528,0.14783973767993858
144,1375,1519,0.1478933839735946
144,1367,1511,0.14794216647690916
141,1367,1508,0.14798819270060806
141,1389,1530,0.14803746404775692
139,1384,1523,0.14808462346412773
140,1379,1519,0.14813374311663663
141,1358,1499,0.14817656473715737
144,1369,1513,0.1482133160283631
142,1372,1514,0.14823972916968764
143,1377,1520,0.14826957128996868
145,1385,1530,0.14829508336109884
143,1394,1537,0.14831404437094048
143,1396,1539,0.14833828634481924
141,1397,1538,0.14836088209879864
140,1391,1531,0.14838780965998624
140,1387,1527,0.14841606074925567
140,1382,1522,0.14844188714287113
139,1381,1520,0.14846595810053473
142,1370,1512,0.14849145010923762
142,1369,1511,0.1485073779380835
143,1373,1516,0.14852214961357238
143,1380,1523,0.14853110891161214
140,1370,1510,0.14853893164576945
144,1372,1516,0.14855488685238596
138,1373,1511,0.1485603740469905
139,1385,1524,0.1485807651882137
140,1382,1522,0.1485978882527769
144,1376,1520,0.14861143828603132
142,1364,1506,0.14861082871074216
145,1378,1523,0.14861603212175253
148,1388,1536,0.14861398057611402
145,1389,1534,0.1486052960253663
142,1380,1522,0.14860500124216702
137,1371,1508,0.14861222385658285
140,1379,1519,0.14863131838236085
139,1385,1524,0.14864140032546508
141,1373,1514,0.14865437160457437
138,1376,1514,0.14866180006846214
135,1366,1501,0.14867542290065597
133,1371,1504,0.14869656602087283
134,1377,1511,0.14871992238360204
133,1365,1498,0.14873978352840905
133,1385,1518,0.14876147967167133
129,1374,1503,0.14878147065164957
125,1376,1501,0.14881057822367397
123,1372,1495,0.14884767867204982
125,1372,1497,0.1488854749923391
130,1383,1513,0.14891497675086962
124,1395,1519,0.1489304768271974
122,1403,1525,0.14896112771437567
123,1398,1521,0.1489952450474704
119,1403,1522,0.1490249516399741
122,1382,1504,0.14906291416979983
123,1383,1506,0.14909170993455448
121,1384,1505,0.1491162690881288
121,1386,1507,0.14914320903595965
120,1389,1509,0.1491679782395951
117,1401,1518,0.14919345509823845
119,1399,1518,0.1492247306280935
121,1403,1524,0.14924890265910853
120,1390,1510,0.14926735679039976
121,1396,1517,0.1492863430617996
119,1404,1523,0.14930069685013103
117,1398,1515,0.14931958231333334
120,1409,1529,0.14934262291507838
117,1402,1519,0.1493572335726028
112,1403,1515,0.14937898461198862
111,1400,1511,0.1494111158918998
115,1405,1520,0.1494436395138432
116,1401,1517,0.1494653201504696
114,1401,1515,0.14948330866375487
116,1398,1514,0.14950208233420387
114,1409,1523,0.1495153616604538
116,1415,1531,0.14953149887478678
111,1402,1513,0.14954252814957567
107,1402,1509,0.14956584731833275
110,1405,1515,0.14959833040933104
108,1416,1524,0.1496211468232001
105,1426,1531,0.14964769855336094
104,1428,1532,0.14967883186948822
104,1417,1521,0.14971074628261874
101,1426,1527,0.14974151761389298
101,1425,1526,0.14977724453282018
102,1426,1528,0.14981094046906696
102,1409,1511,0.14983919590967332
104,1409,1513,0.14986518759200534
100,1412,1512,0.14988536655899762
98,1416,1514,0.1499127009006865
99,1429,1528,0.14994227488717438
95,1421,1516,0.14996735291257543
101,1423,1524,0.15000056789776878
101,1418,1519,0.15001720021761475
101,1427,1528,0.15003340692745545
99,1435,1534,0.15004854103694087
98,1439,1537,0.15006660582532372
98,1429,1527,0.1500846437300459
96,1428,1524,0.15010228491488423
96,1418,1514,0.15012393532546744
97,1423,1520,0.1501449948416763
98,1430,1528,0.15016314692502586
97,1430,1527,0.15017781674170597
97,1419,1516,0.15019386253076852
97,1411,1508,0.1502091073856996
98,1427,1525,0.150222713587654
93,1428,1521,0.15023253861020605
95,1419,1514,0.15025419291381995
91,1426,1517,0.15026830056343918
90,1415,1505,0.1502914815312167
93,1411,1504,0.1503151613991764
93,1417,1510,0.15032940070881629
92,1410,1502,0.15034203233437762
94,1416,1510,0.15035625395603233
95,1418,1513,0.15036483271466644
95,1414,1509,0.15037107886886317
93,1419,1512,0.15037791806061857
93,1413,1506,0.1503896036234327
91,1405,1496,0.15040072184654277
92,1412,1504,0.15041689907394418
94,1424,1518,0.15042965974452158
94,1425,1519,0.15043485679122576
94,1421,1515,0.15044010484807463
93,1425,1518,0.1504434051123085
91,1425,1516,0.1504491998892986
90,1425,1515,0.15046080367642034
87,1419,1506,0.15047475406032848
90,1427,1517,0.15049531071692773
89,1432,1521,0.1505069429301504
90,1445,1535,0.15052073433611465
90,1448,1538,0.15053196373770236
90,1444,1534,0.150542651487787
92,1439,1531,0.15055322770129442
95,1441,1536,0.15055744467872217
93,1446,1539,0.15055319750586732
91,1436,1527,0.15055452208186135
94,1427,1521,0.1505609446706254
93,1416,1509,0.1505583495850705
94,1406,1500,0.15055907692318857
94,1405,1499,0.15055735524283637
92,1407,1499,0.1505558911980679
97,1407,1504,0.1505593494407191
98,1421,1519,0.15054961613292955
98,1412,1510,0.150537780699624
103,1411,1514,0.15052747918639817
104,1395,1499,0.15050372506285042
103,1389,1492,0.15047881917348538
103,1408,1511,0.1504572373457181
99,1404,1503,0.15043774044751043
102,1399,1501,0.15042957243045374
101,1398,1499,0.1504154551759199
102,1398,1500,0.15040443382535715
105,1404,1509,0.15039158200693922
108,1408,1516,0.1503723277509177
105,1404,1509,0.15034708438629305
104,1414,1518,0.15033146239387205
105,1412,1517,0.15031940626849793
104,1426,1530,0.15030596028267643
100,1416,1516,0.15029678831690405
100,1422,1522,0.15029864630230302
98,1430,1528,0.15030025903972766
94,1433,1527,0.15030606104699817
93,1436,1529,0.15032112033880551
94,1430,1524,0.15033799328820333
95,1424,1519,0.15035151600958374
94,1426,1520,0.15036246108032306
94,1430,1524,0.15037474538555928
96,1424,1520,0.15038647331586147
96,1433,1529,0.1503928937761744
94,1429,1523,0.15039901169703704
95,1429,1524,0.15040962437859695
96,1433,1529,0.1504165395800575
95,1428,1523,0.15042045839256263
93,1427,1520,0.15042622909218578
93,1425,1518,0.150437145649937
90,1441,1531,0.15044798156285707
90,1436,1526,0.15046575373233334
88,1446,1534,0.15048223297010643
90,1433,1523,0.15050149787880593
90,1435,1525,0.1505134775397554
87,1428,1515,0.15052437033346402
88,1429,1517,0.15054130669992422
88,1428,1516,0.15055357209983472
86,1435,1521,0.1505656122150644
86,1440,1526,0.15058236111556414
84,1432,1516,0.15059850860069693
81,1435,1516,0.15061923207275604
80,1437,1517,0.15064627394828597
82,1440,1522,0.15067451590244071
78,1440,1518,0.1506952386290891
76,1430,1506,0.15072405429238853
77,1445,1522,0.15075579002085834
78,1445,1523,0.15078374085563706
79,1445,1524,0.15080680397077834
81,1429,1510,0.15082586113793034
80,1436,1516,0.15083815481588214
81,1424,1505,0.1508517178937842
83,1429,1512,0.15086289337852724
84,1429,1513,0.15086776045469638
82,1427,1509,0.15087045615125516
82,1430,1512,0.15087850566492275
82,1414,1496,0.15088581257654887
81,1435,1516,0.15089343723467163
82,1440,1522,0.1509022739760755
80,1448,1528,0.15090847108440403
79,1442,1521,0.15091986450185493
79,1437,1516,0.15093285247832267
79,1430,1509,0.15094481455768374
78,1433,1511,0.15095629184081413
79,1434,1513,0.15096973225750787
78,1437,1515,0.15097954230537056
81,1433,1514,0.15099076250413365
79,1427,1506,0.15099440725390975
77,1418,1495,0.15100305651367082
76,1440,1516,0.15101594668103618
77,1439,1516,0.15103014983327626
76,1442,1518,0.15104015464138906
76,1444,1520,0.15105229328453917
74,1453,1527,0.1510640112653826
78,1453,1531,0.15107983747937295
77,1446,1523,0.15108528276622166
77,1435,1512,0.15109348153509802
75,1429,1504,0.15110063039639096
73,1435,1508,0.15111224520703026
71,1443,1514,0.15112820119646728
74,1444,1518,0.15114765634412744
74,1440,1514,0.15115796570720394
72,1434,1506,0.15116668385828017
69,1433,1502,0.15118015122453932
70,1422,1492,0.1511991130267089
72,1439,1511,0.15121567316180695
73,1440,1513,0.1512263684912894
76,1448,1524,0.1512325502565068
73,1451,1524,0.15123089717825117
70,1444,1514,0.1512376002988112
69,1444,1513,0.15125135399709153
69,1458,1527,0.15126707568680536
69,1464,1533,0.15128133326013438
69,1458,1527,0.1512948137852083
67,1461,1528,0.15130809790993824
65,1469,1534,0.15132563479230587
65,1455,1520,0.15134702841690376
65,1461,1526,0.15136723783402142
67,1454,1521,0.15138593587091453
67,1448,1515,0.15139827368867387
66,1444,1510,0.1514102430993032
67,1439,1506,0.1514238510277559
67,1440,1507,0.15143364376366367
68,1440,1508,0.15144285406337157
69,1447,1516,0.1514488391808128
66,1443,1509,0.1514516485635497
65,1426,1491,0.1514616020503203
63,1432,1495,0.15147412792009038
62,1433,1495,0.15149113778874804
63,1441,1504,0.15150900708023163
62,1446,1508,0.1515219505748012
65,1446,1511,0.15153599841069473
64,1443,1507,0.15154146439393876
66,1454,1520,0.15154905083340522
66,1457,1523,0.1515504661744796
69,1461,1530,0.1515515227806705
66,1452,1518,0.15154443755155558
68,1456,1524,0.15154555958492993
70,1467,1537,0.15154164216461685
69,1466,1535,0.15153343035788994
63,1449,1512,0.15152877911834545
62,1464,1526,0.15153919107331873
63,1455,1518,0.1515503026887497
65,1467,1532,0.15155903335950838
63,1465,1528,0.1515619685538754
64,1451,1515,0.15157012847671425
64,1460,1524,0.1515760501348469
62,1452,1514,0.15157983055300736
61,1449,1510,0.15158860052665168
63,1462,1525,0.15159978292090148
59,1454,1513,0.15160472757052845
60,1455,1515,0.15161934649345246
60,1441,1501,0.15163106860230913
58,1448,1506,0.15164261498572087
56,1450,1506,0.15165724801467337
55,1455,1510,0.15167633534312983
54,1463,1517,0.1516971169220961
56,1456,1512,0.15171880015158798
57,1471,1528,0.15173374005304546
62,1471,1533,0.15174585087616976
62,1468,1530,0.15174453815401207
63,1461,1524,0.15174396908335583
63,1458,1521,0.15174075322032948
64,1464,1528,0.15173675735845196
63,1468,1531,0.1517306116394922
60,1464,1524,0.15172736237249437
61,1461,1522,0.15173229029655486
61,1449,1510,0.15173434133596467
63,1436,1499,0.15173566187954862
61,1445,1506,0.15173200139324217
62,1453,1515,0.15173376477244005
63,1466,1529,0.15173286125805718
62,1463,1525,0.15173025847867067
63,1467,1530,0.15173073135093076
62,1446,1508,0.1517292998520171
61,1455,1516,0.15173039630411556
64,1446,1510,0.1517338505038438
63,1449,1512,0.15172965556560855
62,1456,1518,0.15172865412065484
61,1453,1514,0.15173043486469115
58,1459,1517,0.15173487054310603
58,1455,1513,0.15174647447333334
58,1452,1510,0.1517577571617814
56,1452,1508,0.1517676399525898
56,1465,1521,0.1517806889912466
58,1466,1524,0.1517920439348247
59,1450,1509,0.1517979256485728
59,1456,1515,0.15180101150360983
55,1463,1518,0.15180446830670324
55,1472,1527,0.15181827042072282
55,1471,1526,0.15182976274375906
55,1462,1517,0.15184024851347247
54,1465,1519,0.15185060021395588
53,1466,1519,0.1518632621672935
50,1463,1513,0.15187780917118102
48,1465,1513,0.15189876979783817
49,1469,1518,0.15192339616890446
51,1478,1529,0.15194430373364412
50,1469,1519,0.1519586503139011
50,1465,1515,0.15197438981259354
49,1476,1525,0.15198891017909566
50,1474,1524,0.15200517383476175
49,1465,1514,0.15201753473819624
49,1471,1520,0.1520316376939933
50,1468,1518,0.1520451149049753
51,1466,1517,0.1520553209240309
50,1472,1522,0.15206206562448885
48,1463,1511,0.1520702221086299
50,1461,1511,0.15208307102544685
50,1450,1500,0.15208847377735568
49,1448,1497,0.15209277942884175
48,1454,1502,0.15209878410610994
47,1459,1506,0.1521077556126131
47,1455,1502,0.1521189202534585
49,1459,1508,0.15212866391972746
49,1451,1500,0.15213254943147095
49,1458,1507,0.1521365811665962
49,1468,1517,0.15214090754719176
47,1469,1516,0.15214515611463286
49,1474,1523,0.1521540667042923
46,1465,1511,0.152157244527462
45,1465,1510,0.15216769194732335
46,1473,1519,0.152180097192952
46,1474,1520,0.15218835562638347
47,1463,1510,0.1521966246644055
49,1460,1509,0.15220163340363613
49,1462,1511,0.1522009651055853
49,1472,1521,0.15220010988292443
51,1467,1518,0.15219885941046452
49,1467,1516,0.15219282695372077
46,1473,1519,0.1521929385154345
47,1471,1518,0.15220057415432378
49,1467,1516,0.15220481943298014
51,1471,1522,0.15220370821241608
51,1469,1520,0.15219798920129685
51,1468,1519,0.15219383935019387
48,1465,1513,0.15218985721671494
52,1458,1510,0.15219405937915698
52,1468,1520,0.15218738335712814
51,1462,1513,0.15218178714051414
52,1463,1515,0.15217863226082523
51,1471,1522,0.15217307638255126
51,1464,1515,0.15216887175908161
51,1478,1529,0.1521656696943278
49,1480,1529,0.15216332261437615
48,1478,1526,0.15216604636600986
48,1479,1527,0.15217132273905615
48,1472,1520,0.15217603345112132
46,1464,1510,0.15218093577816544
44,1470,1514,0.15219056681788504
45,1468,1513,0.1522049848045395
46,1464,1510,0.1522163127129735
44,1469,1513,0.1522246113470996
45,1472,1517,0.15223714721428272
45,1469,1514,0.15224689762000984
46,1463,1509,0.15225544235075278
46,1467,1513,0.15226072254441714
46,1463,1509,0.15226604372774027
46,1463,1509,0.15227109605377756
48,1469,1517,0.1522743496229202
47,1467,1514,0.15227222791339579
49,1464,1513,0.1522731360050292
49,1464,1513,0.15226922436395227
48,1467,1515,0.15226611274098745
50,1461,1511,0.1522653323507651
50,1447,1497,0.15225950293459056
50,1447,1497,0.15225381313148417
50,1464,1514,0.15224833114925698
52,1469,1521,0.15224381409454046
50,1461,1511,0.15223452189346864
49,1455,1504,0.15223008656882606
48,1458,1506,0.15222862362464692
47,1457,1504,0.15223025701110537
45,1462,1507,0.15223320568925292
42,1468,1510,0.1522395951531591
44,1461,1505,0.1522533531462101
39,1457,1496,0.1522616876347328
39,1462,1501,0.1522821141446196
40,1467,1507,0.1523018871964987
43,1477,1520,0.1523177967267064
43,1482,1525,0.15232559314603578
42,1470,1512,0.15233349315445616
42,1473,1515,0.1523431331427772
43,1478,1521,0.15235198670895908
43,1475,1518,0.15235822739415258
43,1486,1529,0.15236374443649972
39,1471,1510,0.15236943838995584
41,1455,1496,0.15238430558517577
41,1453,1494,0.15239335229182704
40,1455,1495,0.15240164047857177
39,1447,1486,0.1524112323679208
39,1449,1488,0.1524221253800801
40,1472,1512,0.1524326649238326
43,1466,1509,0.1524404981575742
42,1473,1515,0.15243974018606607
42,1467,1509,0.1524420268271199
44,1470,1514,0.1524447122016838
43,1468,1511,0.1524421153822014
42,1473,1515,0.15244160232644874
41,1470,1511,0.1524444068686839
41,1474,1515,0.1524497360125305
41,1479,1520,0.15245514012778041
41,1484,1525,0.15245987453895524
42,1481,1523,0.1524646964444491
44,1483,1527,0.15246644880557178
44,1477,1521,0.15246243469894333
44,1470,1514,0.15245842987800537
44,1480,1524,0.15245441191778702
43,1485,1528,0.1524510007810473
43,1485,1528,0.15245051287484834
44,1480,1524,0.15245050660465875
44,1470,1514,0.15244851131819911
44,1462,1506,0.1524469818994256
43,1466,1509,0.15244584533308553
43,1471,1514,0.15244734208427993
42,1456,1498,0.15244897569382349
41,1463,1504,0.1524528505304921
39,1475,1514,0.15245892140662182
40,1485,1525,0.15246936803588043
41,1489,1530,0.1524761442903835
42,1485,1527,0.15247896071497963
43,1475,1518,0.1524794007512002
43,1472,1515,0.152477002783458
43,1481,1524,0.15247513524387815
44,1490,1534,0.15247294384279567
44,1482,1526,0.15246813498433845
43,1483,1526,0.15246405264689164
43,1477,1520,0.15246185667329004
41,1474,1515,0.15246022486972252
40,1487,1527,0.15246379331515347
41,1480,1521,0.1524698681868047
42,1486,1528,0.15247260676738794
39,1489,1528,0.15247240570798895
40,1495,1535,0.15247982278055583
41,1491,1532,0.15248415050899827
42,1483,1525,0.15248545330042076
43,1481,1524,0.15248401329846492
42,1484,1526,0.15248008382717856
42,1484,1526,0.1524792839465007
43,1478,1521,0.1524789951559486
42,1481,1523,0.15247525475911794
40,1476,1516,0.1524747436204583
38,1479,1517,0.15247952866190403
36,1475,1511,0.15248958007245395
36,1479,1515,0.15250397387646003
31,1469,1500,0.15251771188722565
32,1475,1507,0.15254186895917507
32,1467,1499,0.15256251891158445
33,1478,1511,0.1525819258871547
32,1480,1512,0.15259841623248105
32,1480,1512,0.15261634154583803
33,1484,1517,0.15263349602581058
33,1483,1516,0.15264687163746998
31,1478,1509,0.15265960212359275
30,1484,1514,0.15267624589351203
29,1497,1526,0.15269441865006367
29,1495,1524,0.15271391069502746
28,1497,1525,0.15273230667691956
27,1491,1518,0.15275184478890141
28,1494,1522,0.15277258620096273
28,1492,1520,0.15278978904557203
28,1486,1514,0.15280599435724154
28,1494,1522,0.15282110362175097
29,1497,1526,0.1528352601245163
28,1501,1529,0.15284555340211314
29,1486,1515,0.1528576348382047
28,1488,1516,0.15286564234763833
30,1499,1529,0.15287572140069428
30,1487,1517,0.1528789786911471
30,1476,1506,0.15288242865820753
29,1475,1504,0.15288506014777417
28,1472,1500,0.15289038052114748
27,1486,1513,0.15289797939751779
26,1496,1522,0.1529082867565253
29,1499,1528,0.15292062928763017
28,1495,1523,0.15292375517534912
27,1501,1528,0.15292865241643563
26,1494,1520,0.15293621053850667
26,1488,1514,0.15294595267850788
26,1500,1526,0.15295540076871128
26,1497,1523,0.15296453315693004
26,1494,1520,0.15297218302998844
26,1499,1525,0.15297903930326429
26,1489,1515,0.15298496301044115
25,1494,1519,0.15299034001172782
23,1490,1513,0.15299863282249818
22,1485,1507,0.15301169818809263
22,1483,1505,0.15302623296601978
20,1491,1511,0.15304008150770618
21,1482,1503,0.15305730212114688
19,1488,1507,0.1530714432278787
19,1488,1507,0.15308971032150726
19,1491,1510,0.1531072962635434
19,1490,1509,0.15312401800806102
19,1484,1503,0.153139899445414
21,1496,1517,0.15315496678391166
20,1491,1511,0.15316315735991776
20,1484,1504,0.1531741911520604
20,1492,1512,0.153184721745094
20,1503,1523,0.15319475699582447
21,1498,1519,0.15320430722699066
20,1494,1514,0.1532105266871385
19,1508,1527,0.15321843766226326
19,1512,1531,0.15322839004514643
20,1502,1522,0.1532379323033495
20,1492,1512,0.1532443758355682
20,1497,1517,0.1532506151894461
20,1505,1525,0.15325663931630273
21,1492,1513,0.1532624407283507
21,1494,1515,0.15326488981239028
19,1491,1510,0.15326675302705628
18,1496,1514,0.15327350733277373
17,1499,1516,0.15328184569983463
18,1502,1520,0.15329221283283812
20,1492,1512,0.15329893062991728
20,1496,1516,0.15329987723190874
20,1493,1513,0.1533011931364863
21,1496,1517,0.15330280520649928
20,1490,1510,0.15330186911916685
21,1501,1522,0.15330388209559412
21,1503,1524,0.153303453592845
22,1495,1517,0.15330333069210522
22,1506,1528,0.15330028952726094
21,1501,1522,0.15329680704109924
20,1495,1515,0.15329633730626643
22,1498,1520,0.15329797985206578
22,1498,1520,0.15329474777908383
20,1512,1532,0.15329210741700558
21,1507,1528,0.15329468264878016
21,1501,1522,0.1532942831145275
21,1501,1522,0.15329427478880653
19,1506,1525,0.1532941567160941
22,1497,1519,0.15329918433153783
22,1501,1523,0.1532956110992715
22,1500,1522,0.15329270777866333
21,1502,1523,0.15329037911431267
21,1502,1523,0.1532908853968472
22,1501,1523,0.1532910628873823
21,1506,1527,0.15328913846403458
19,1499,1518,0.1532899402465307
17,1497,1514,0.15329576595364794
18,1494,1512,0.1533061395258349
19,1480,1499,0.15331308587546405
19,1492,1511,0.15331733608764356
19,1498,1517,0.1533215861073817
18,1505,1523,0.15332580424074244
19,1496,1515,0.15333217947424052
19,1511,1530,0.15333605455483418
19,1499,1518,0.15333906624541477
18,1498,1516,0.15334212963668342
20,1498,1518,0.15334751270288102
20,1487,1507,0.15334744416472765
19,1495,1514,0.15334761777128622
19,1487,1506,0.15335034544610038
19,1483,1502,0.15335308460296365
20,1485,1505,0.1533558105658794
20,1486,1506,0.1533553763770727
19,1500,1519,0.1533551836612944
20,1502,1522,0.1533575310500221
20,1500,1520,0.15335680113540096
20,1496,1516,0.15335635383619134
20,1507,1527,0.15335614182890228
20,1512,1532,0.15335612448507555
20,1510,1530,0.15335542534740362
19,1513,1532,0.15335501350783542
19,1506,1525,0.15335712765072093
19,1502,1521,0.1533593026679203
17,1511,1528,0.15336151202933676
18,1505,1523,0.15336835319568806
18,1506,1524,0.1533725558522004
18,1507,1525,0.1533766222624293
18,1501,1519,0.15338054537543594
18,1499,1517,0.15338432048758807
18,1505,1523,0.15338794486275073
18,1498,1516,0.15339141740473797
18,1490,1508,0.1533940515684639
18,1490,1508,0.15339667604572205
19,1495,1514,0.15339927281292984
18,1498,1516,0.15339866602726349
20,1502,1522,0.15340058949583707
20,1503,1523,0.15339719216454134
19,1491,1510,0.1533942527278455
18,1493,1511,0.15339402134985808
20,1482,1502,0.1533962357085434
20,1492,1512,0.15339325297218057
18,1490,1508,0.15339069431223057
17,1493,1510,0.15339322877554964
19,1504,1523,0.153398178793412
20,1506,1526,0.15339684426693637
20,1507,1527,0.15339352052195163
20,1506,1526,0.15339070566579513
20,1506,1526,0.1533883350261894
20,1510,1530,0.15338635162741368
21,1509,1530,0.15338397993157954
22,1501,1523,0.15337893266775626
23,1496,1519,0.1533719682918877
23,1512,1535,0.1533627509458168
23,1512,1535,0.1533545017416009
24,1511,1535,0.15334711844615867
24,1507,1531,0.1533373673604279
26,1489,1515,0.15332859868437246
26,1488,1514,0.15331430903467533
27,1480,1507,0.15330140041382184
28,1488,1516,0.15328584156177094
28,1498,1526,0.1532694740995779
28,1494,1522,0.15325463244371906
28,1488,1516,0.1532411642012427
28,1486,1514,0.15322893313212735
28,1486,1514,0.1532169021886473
31,1477,1508,0.15320603554398565
30,1463,1493,0.1531874382464609
31,1471,1502,0.15317294143215418
31,1484,1515,0.1531566524114103
28,1496,1524,0.15314189887888335
27,1488,1515,0.15313577613384444
29,1499,1528,0.15313254619325123
27,1489,1516,0.15312408463878854
27,1496,1523,0.15312112942932968
28,1489,1517,0.1531187689916963
28,1497,1525,0.1531144243723039
28,1494,1522,0.1531097698881191
29,1494,1523,0.1531057700613539
30,1496,1526,0.15309994253123158
30,1490,1520,0.1530921917309172
30,1493,1523,0.15308525883857885
32,1499,1531,0.15307905571248942
31,1476,1507,0.15306776774991898
32,1485,1517,0.15305998994416947
31,1494,1525,0.15304982719879967
29,1490,1519,0.15304292204718029
29,1475,1504,0.15304062375323874
30,1486,1516,0.15303861048851852
28,1477,1505,0.153033975673491
28,1493,1521,0.1530337252941187
29,1494,1523,0.1530339180066386
27,1486,1513,0.1530318282847204
29,1496,1525,0.15303493673039373
28,1476,1504,0.15303255012191497
27,1482,1509,0.1530328616226794
27,1496,1523,0.15303580384746515
27,1491,1518,0.15303878969440737
27,1485,1512,0.15304185446603447
27,1491,1518,0.15304495861194914
26,1494,1520,0.15304806941325974
26,1502,1528,0.15305341412717915
27,1497,1524,0.15305858214543677
26,1497,1523,0.15306095600786518
25,1485,1510,0.15306584514542504
25,1488,1513,0.15307298524680343
25,1496,1521,0.1530797886523563
24,1507,1531,0.15308626126941405
25,1500,1525,0.15309460062615024
24,1491,1515,0.1530995109822846
24,1499,1523,0.15310655303231202
24,1480,1504,0.15311271274221755
25,1491,1516,0.15311868918728447
23,1488,1511,0.15312213191952218
23,1474,1497,0.1531301704925783
23,1486,1509,0.1531378497584141
24,1481,1505,0.15314517359451052
25,1491,1516,0.15314917581384557
25,1494,1519,0.15314918765021737
26,1492,1518,0.15314956425337356
26,1489,1515,0.15314783970436488
26,1500,1526,0.15314652914740384
25,1487,1512,0.15314539109951375
25,1480,1505,0.15314682625398401
27,1477,1504,0.15314841743698798
26,1480,1506,0.153143892317015
27,1480,1507,0.15314243165730335
27,1480,1507,0.1531389279032708
26,1483,1509,0.1531359673666812
27,1482,1509,0.1531358481319487
26,1484,1510,0.15313354873116447
25,1498,1523,0.15313400075496797
25,1492,1517,0.1531368121404237
25,1501,1526,0.15313964291520324
24,1496,1520,0.15314153906100997
23,1496,1519,0.1531460878674244
25,1481,1506,0.15315280559532962
26,1486,1512,0.15315393780504263
25,1476,1501,0.15315273231162355
23,1486,1509,0.1531541253179846
23,1481,1504,0.15316023371268492
22,1481,1503,0.15316604584876775
19,1493,1512,0.1531739692107698
18,1503,1521,0.15318831286243537
18,1495,1513,0.15320432622038113
18,1499,1517,0.15321946868197844
19,1509,1528,0.1532337761328485
19,1501,1520,0.1532445931746985
19,1490,1509,0.15325486383986742
19,1482,1501,0.1532646038326308
16,1478,1494,0.15327383032395545
18,1484,1502,0.15328950531132057
20,1492,1512,0.15329877744667805
21,1490,1511,0.15330236970947697
21,1500,1521,0.1533028409885193
21,1495,1516,0.15330271112450544
21,1503,1524,0.15330293434421263
21,1502,1523,0.15330344748104832
21,1493,1514,0.15330419617981902
20,1506,1526,0.15330413123396774
19,1504,1523,0.15330662823135854
21,1511,1532,0.15331155026123608
17,1514,1531,0.15331085930332347
17,1505,1522,0.15331952232801094
17,1496,1513,0.1533279457676117
16,1498,1514,0.15333610723679147
16,1513,1529,0.1533464438052464
16,1518,1534,0.15335632464689097
16,1516,1532,0.15336575429205115
17,1510,1527,0.15337473994067044
15,1496,1511,0.1533801570229405
16,1508,1524,0.15339006688948315
18,1506,1524,0.1533962792939153
19,1506,1525,0.15339647419857827
19,1498,1517,0.15339380347124845
19,1502,1521,0.1533917126832452
18,1504,1522,0.1533901135110798
18,1508,1526,0.15339187668352966
18,1508,1526,0.15339374203949638
16,1504,1520,0.15339567571412985
15,1495,1510,0.153402528288253
15,1467,1482,0.15341175873872337
15,1468,1483,0.1534205080315637
14,1476,1490,0.15342879388673636
14,1483,1497,0.15343897942157658
14,1493,1507,0.15344859995958765
16,1485,1501,0.15345768180845284
15,1521,1536,0.15346024959533028
15,1505,1520,0.15346519867801345
15,1500,1515,0.15347001935229224
15,1493,1508,0.15347469851259332
15,1503,1518,0.15347922636294334
14,1510,1524,0.1534835959137765
15,1500,1515,0.15348928033334636
16,1503,1519,0.1534924342051159
16,1499,1515,0.15349310408179723
16,1490,1506,0.15349389859537751
17,1485,1502,0.15349478990085205
17,1498,1515,0.1534918005023425
17,1517,1534,0.153489430556387
16,1504,1520,0.15348746307847894
16,1495,1511,0.15348811793557376
16,1497,1513,0.15348803224359833
15,1492,1507,0.15348822855955566
15,1495,1510,0.1534909552097859
16,1484,1500,0.15349372785036047
17,1498,1515,0.15349408275326162
16,1504,1520,0.15349151980382175
16,1506,1522,0.15349164516860747
16,1509,1525,0.15349197977913925
15,1506,1521,0.15349248399004156
16,1501,1517,0.15349535417191731
16,1500,1516,0.15349567101519507
17,1501,1518,0.15349613048556274
17,1494,1511,0.15349364241736801
16,1505,1521,0.15349153020178993
15,1504,1519,0.15349204670338407
16,1516,1532,0.1534949891357479
16,1511,1527,0.1534954701686668
16,1509,1525,0.15349607283297861
16,1516,1532,0.1534967718471972
16,1507,1523,0.15349754557482526
16,1498,1514,0.15349837555470036
16,1498,1514,0.15349924608909507
16,1505,1521,0.15350014388261926
18,1505,1523,0.15350105772580072
18,1506,1524,0.15349564478621716
18,1508,1526,0.1534908182926596
18,1500,1518,0.15348651160293905
18,1508,1526,0.15348266594884966
17,1510,1527,0.15347828654651316
17,1503,1520,0.15347680924003257
18,1510,1528,0.1534756352937115
18,1494,1512,0.15347224618167707
18,1500,1518,0.15346924824321506
19,1490,1509,0.1534665945545898
19,1488,1507,0.15346102383027374
19,1499,1518,0.15345601771515147
19,1489,1508,0.1534515136376098
19,1496,1515,0.1534474564221734
20,1505,1525,0.15344379737773423
18,1502,1520,0.15343727905773014
19,1487,1506,0.15343559927851108
19,1493,1512,0.15343123011522547
18,1500,1518,0.15342744930315455
19,1509,1528,0.15342704784259895
20,1508,1528,0.15342358997442648
20,1495,1515,0.15341743468619262
19,1499,1518,0.15341198081876609
18,1498,1516,0.15340952862042778
18,1503,1521,0.15340987757245445
18,1505,1523,0.15341042211133404
18,1505,1523,0.15341112237607912
18,1510,1528,0.15341194447120268
17,1509,1526,0.15341285965902543
17,1506,1523,0.15341647419241108
14,1505,1519,0.1534192221793621
15,1506,1521,0.1534289103446857
15,1510,1525,0.15343586271841608
13,1509,1522,0.15344252577260342
13,1510,1523,0.15345389727888567
13,1507,1520,0.15346462476109818
13,1513,1526,0.1534747400805858
12,1515,1527,0.15348427414474566
11,1513,1524,0.1534955089374272
10,1507,1517,0.15350834705514302
11,1512,1523,0.15352280934140253
12,1498,1510,0.15353320653269725
12,1500,1512,0.15354006197231226
11,1504,1515,0.15354668963527493
11,1508,1519,0.15355549585485423
11,1516,1527,0.15356391070131914
11,1508,1519,0.1535719390191378
10,1497,1507,0.15357958780179967
10,1504,1514,0.15358923517852127
9,1504,1513,0.15359837864796952
10,1500,1510,0.15360943726591933
10,1498,1508,0.15361674146613422
11,1490,1501,0.1536237489972664
11,1518,1529,0.1536278638952169
12,1504,1516,0.15363186990351158
12,1503,1515,0.1536328312798843
12,1508,1520,0.15363391906569732
11,1511,1522,0.15363510404443076
9,1506,1515,0.15363884004094458
9,1505,1514,0.1536471486295024
9,1489,1498,0.15365505209947022
8,1491,1499,0.1536625602665658
6,1488,1494,0.15367207570988387
6,1489,1495,0.15368577362865202
6,1510,1516,0.15369868683991883
6,1503,1509,0.1537108547570324
7,1507,1514,0.1537223156104689
7,1502,1509,0.15373010852979652
7,1500,1507,0.15373754091959274
8,1503,1511,0.1537438141909784
7,1506,1513,0.1537474466335684
7,1518,1525,0.15375345996948586
6,1512,1518,0.15375925248346836
7,1507,1514,0.15376722947036917
7,1520,1527,0.1537716744336394
9,1516,1525,0.1537760330333066
9,1499,1508,0.15377452301224037
9,1496,1505,0.15377337410295452
9,1501,1510,0.15377253038452893
9,1497,1506,0.15377194365791816
9,1501,1510,0.15377157242208667
8,1519,1527,0.15377103531780942
8,1513,1521,0.15377311838043992
8,1513,1521,0.1537752458649969
8,1506,1514,0.1537773950235665
8,1504,1512,0.1537795468776063
8,1501,1509,0.15378168570139109
6,1504,1510,0.15378379857177815
6,1516,1522,0.15379103199944819
6,1511,1517,0.15379786317050392
6,1514,1520,0.15380431169537545
6,1523,1529,0.15381039661373466
6,1525,1531,0.15381613634963315
6,1524,1530,0.15382154867956563
6,1516,1522,0.15382665071136162
6,1511,1517,0.15383145887210556
6,1503,1509,0.1538359889035414
5,1515,1520,0.1538402558636408
5,1507,1512,0.15384667234546515
6,1499,1505,0.15385270434410367
6,1507,1513,0.15385583782151194
6,1495,1501,0.15385880541022842
6,1501,1507,0.153861614075218
6,1508,1514,0.15386427075725576
6,1512,1518,0.153866782322926
6,1508,1514,0.15386915552434136
7,1508,1515,0.15387139696711805
7,1498,1505,0.15387045837486724
7,1500,1507,0.15386967772102364
7,1511,1518,0.15386903365407947
6,1519,1525,0.1538685075181289
7,1515,1522,0.15387028730712352
7,1507,1514,0.15386974448805144
7,1507,1514,0.153869296259154
7,1506,1513,0.15386892993033363
7,1502,1509,0.15386863438402548
8,1492,1500,0.15386839988561835
8,1495,1503,0.15386510763598815
8,1515,1523,0.1538621488741246
8,1513,1521,0.15385948799436477
8,1513,1521,0.15385709337083375
8,1508,1516,0.1538549368959067
9,1506,1515,0.15385299357371499
9,1519,1528,0.1538480933317524
9,1525,1534,0.15384365772737602
9,1516,1525,0.1538396395423487
9,1510,1519,0.15383599664880646
10,1516,1526,0.15383269143455514
10,1504,1514,0.1538266760238816
10,1499,1509,0.15382121856323366
9,1506,1515,0.15381626463392867
8,1497,1505,0.15381396775913941
8,1496,1504,0.15381463581147112
9,1501,1510,0.15381532381990437
9,1498,1507,0.15381341452803052
8,1511,1519,0.15381173295956985
8,1503,1511,0.15381263061623587
9,1508,1517,0.15381355225464197
9,1528,1537,0.15381126362972328
9,1530,1539,0.15380927607384817
9,1522,1531,0.15380755080384578
8,1522,1530,0.15380605398162983
7,1529,1536,0.1538062200001684
8,1526,1534,0.15380888628038433
7,1530,1537,0.15380907769033095
6,1517,1523,0.15381178000750753
7,1510,1517,0.1538166793603593
8,1497,1505,0.15381819306144145
8,1497,1505,0.15381728014110554
8,1503,1511,0.153816630349087
8,1515,1523,0.15381620182320646
8,1508,1516,0.15381595843245602
8,1519,1527,0.15381566803321317
8,1519,1527,0.15381555620080248
8,1523,1531,0.1538152358075081
8,1520,1528,0.1538151109056775
8,1521,1529,0.1538151469800131
7,1522,1529,0.1538153144702897
7,1514,1521,0.15381780486300659
7,1501,1508,0.15382025315609354
7,1506,1513,0.1538226466973296
7,1499,1506,0.1538249756217707
7,1511,1518,0.15382723242088547
7,1509,1516,0.15382941157133456
6,1509,1515,0.1538315092155122
6,1515,1521,0.1538357892147646
6,1508,1514,0.15383984880057625
6,1495,1501,0.1538436954558215
6,1515,1521,0.15384733701795233
5,1511,1516,0.15385078155065457
6,1519,1525,0.1538563677964867
6,1529,1535,0.15385899259682842
6,1524,1530,0.15386150703672252
6,1513,1519,0.15386391031436747
6,1515,1521,0.1538662027173668
6,1508,1514,0.15386838541877712
6,1511,1517,0.15387046030334303
6,1508,1514,0.15387242981981739
6,1518,1524,0.15387429685580162
6,1519,1525,0.1538760646320074
5,1499,1504,0.15387773661324897
5,1488,1493,0.15388164220230902
5,1496,1501,0.15388531863065932
5,1498,1503,0.15388877727963887
5,1516,1521,0.15389202928118995
5,1523,1528,0.1538950854671356
5,1517,1522,0.1538979563307249
4,1521,1525,0.15390065199846237
4,1528,1532,0.15390553146553765
4,1527,1531,0.15391010813323022
4,1522,1526,0.15391440002358495
4,1510,1514,0.15391842420329718
4,1498,1502,0.1539221968164467
4,1496,1500,0.1539257331191233
4,1506,1510,0.15392904751527364
4,1524,1528,0.15393215359321666
4,1519,1523,0.1539350641623743
4,1526,1530,0.15393779128984988
4,1505,1509,0.15394034633655798
4,1513,1517,0.15394273999267075
4,1503,1507,0.15394498231219608
4,1507,1511,0.15394708274654798
4,1509,1513,0.15394905017700267
3,1509,1512,0.15395089294596706
4,1528,1532,0.15395499160273451
3,1528,1531,0.15395575975674627
3,1524,1527,0.15395899321067574
3,1519,1522,0.1539621082902152
4,1518,1522,0.15396510117898718
4,1514,1518,0.15396480404178525
4,1498,1502,0.1539646735260888
4,1515,1519,0.15396468121150217
4,1513,1517,0.15396480265850132
4,1515,1519,0.15396501688836078
4,1511,1515,0.1539653059291003
4,1505,1509,0.15396565441916985
4,1500,1504,0.1539660492616254
3,1506,1509,0.15396647932245383
3,1515,1518,0.1539694409317385
3,1510,1513,0.15397225558458724
3,1523,1526,0.1539749281086567
3,1513,1516,0.1539774635415158
4,1506,1510,0.15397986705639652
4,1505,1509,0.15397900669806514
4,1494,1498,0.15397831694652356
4,1491,1495,0.1539777735043111
4,1509,1513,0.15397735520482428
4,1501,1505,0.15397704362437425
4,1509,1513,0.15397682274154292
4,1510,1514,0.15397667863810754
4,1523,1527,0.15397659923649779
4,1519,1523,0.15397657406935575
4,1505,1509,0.15397659407730666
4,1500,1504,0.15397665143151806
4,1495,1499,0.15397673937803852
4,1500,1504,0.15397685210127102
4,1495,1499,0.15397698460425682
4,1507,1511,0.15397713260372556
3,1519,1522,0.15397729243811498
3,1515,1518,0.15397990508770362
3,1510,1513,0.15398236343556543
3,1516,1519,0.15398467539355576
3,1516,1519,0.15398684865535325
3,1516,1519,0.1539888906695933
4,1512,1516,0.15399080862035025
4,1511,1515,0.15398948098250395
4,1516,1520,0.1539883338673214
4,1507,1511,0.15398734487401877
4,1508,1512,0.15398649427028172
4,1510,1514,0.15398576468082142
4,1519,1523,0.15398514081187745
4,1508,1512,0.1539846092075457
4,1506,1510,0.15398415803428073
4,1498,1502,0.1539837768903382
4,1507,1511,0.15398345663729326
3,1505,1508,0.1539831892510968
4,1508,1512,0.15398537615592064
4,1518,1522,0.15398430579869157
4,1504,1508,0.153983426024512
4,1504,1508,0.15398271129061483
4,1510,1514,0.15398213915537304
4,1514,1518,0.15398168991831065
4,1525,1529,0.15398134630095167
3,1517,1520,0.1539810931639347
3,1514,1517,0.1539832723136867
3,1509,1512,0.1539853645613443
4,1508,1512,0.1539866896212491
5,1505,1510,0.153985500890164
5,1506,1511,0.15398092108727682
6,1504,1510,0.1539768769644702
6,1503,1509,0.15397007003394733
6,1497,1503,0.15396398641686393
6,1497,1503,0.15395854802578662
6,1488,1494,0.15395368531212153
7,1505,1512,0.15394933632247942
7,1510,1517,0.15394224001092247
7,1508,1515,0.1539358509440782
7,1505,1512,0.15393009562091595
7,1512,1519,0.15392490841586542
7,1516,1523,0.15392023071652308
7,1516,1523,0.1539160101572274
6,1512,1518,0.15391219993772687
6,1524,1530,0.15391102062913833
6,1519,1525,0.15391003476383866
6,1530,1536,0.1539092165506322
6,1525,1531,0.15390854336697413
6,1506,1512,0.15390799538461952
5,1518,1523,0.15390755523862118
5,1518,1523,0.15390956759722602
5,1513,1518,0.1539115015106372
5,1514,1519,0.15391335545761328
5,1514,1519,0.15391512883137096
5,1520,1525,0.15391682178125546
5,1506,1511,0.15391843507657757
5,1513,1518,0.15391996998975838
5,1517,1522,0.1539214281962773
5,1516,1521,0.15392281168923158
5,1511,1516,0.1539241227065871
5,1524,1529,0.15392536366944257
4,1519,1523,0.15392653712983853
4,1527,1531,0.1539299247165859
4,1534,1538,0.15393311323409553
4,1526,1530,0.1539361133988684
4,1520,1524,0.1539389354786811
5,1519,1524,0.15394158929299198
5,1517,1522,0.15394093472436532
5,1528,1533,0.153940425152548
4,1517,1521,0.153940040971524
5,1513,1518,0.15394209580767537
5,1514,1519,0.15394169558802745
5,1509,1514,0.1539413959831655
5,1528,1533,0.15394118297094703
6,1521,1527,0.15394104419522783
6,1509,1515,0.15393774616892578
6,1517,1523,0.15393479975642205
6,1528,1534,0.15393216560570486
5,1522,1527,0.1539298089327569
5,1516,1521,0.15393001626575575
5,1511,1516,0.15393030268772256
5,1521,1526,0.15393065227123617
5,1528,1533,0.15393105141088737
5,1525,1530,0.15393148851600663
5,1524,1529,0.15393195374264096
5,1506,1511,0.1539324387598237
5,1507,1512,0.15393293654580625
5,1495,1500,0.15393344121046668
4,1508,1512,0.1539339478405875
4,1505,1509,0.15393674736859836
5,1508,1513,0.15393939959457298
5,1522,1527,0.1539387588218526
6,1524,1530,0.15393827281297895
6,1518,1524,0.1539347315018833
6,1512,1518,0.15393159763206407
6,1508,1514,0.15392882333179103
6,1502,1508,0.15392636642034976
6,1503,1509,0.15392418972681898
6,1498,1504,0.15392226049075097
6,1497,1503,0.15392054983487757
6,1487,1493,0.15391903230115747
6,1504,1510,0.1539176854425305
6,1519,1525,0.15391648946366754
6,1522,1528,0.15391542690481436
6,1529,1535,0.15391448236354197
5,1512,1517,0.1539136422498404
5,1523,1528,0.1539151153244175
5,1524,1529,0.15391653552412038
5,1521,1526,0.15391790143005962
5,1518,1523,0.1539192122801075
5,1510,1515,0.153920467859527
5,1513,1518,0.15392166840666274
5,1507,1512,0.15392281453176085
5,1513,1518,0.1539239071472248
5,1511,1516,0.15392494740782517
5,1527,1532,0.15392593665956802
5,1523,1528,0.15392687639608643
5,1506,1511,0.1539277682215646
5,1502,1507,0.15392861381932768
5,1516,1521,0.15392941492533974
5,1530,1535,0.15393017330594908
5,1526,1531,0.15393089073930288
5,1509,1514,0.15393156899992902
5,1516,1521,0.1539322098460443
5,1507,1512,0.15393281500920797
6,1508,1514,0.1539333861859868
6,1508,1514,0.15393093494169366
6,1503,1509,0.153928715873954
7,1501,1508,0.15392670623208507
6,1520,1526,0.15392170299985075
7,1508,1515,0.15391987739209248
6,1510,1516,0.1539150287069791
6,1505,1511,0.15391357453032115
7,1513,1520,0.15391230078070117
7,1516,1523,0.1539080370222395
7,1512,1519,0.15390420395113555
7,1504,1511,0.1539007555515976
7,1503,1510,0.15389765094144997
7,1510,1517,0.15389485378077786
7,1507,1514,0.1538923317503165
7,1508,1515,0.1538900560912117
7,1494,1501,0.15388800119879906
7,1497,1504,0.1538861442639412
7,1502,1509,0.15388446495624786
6,1506,1512,0.15388294514418996
6,1516,1522,0.1538840692142897
5,1507,1512,0.15388514395695835
5,1498,1503,0.1538885145013682
5,1502,1507,0.1538916955304784
5,1516,1521,0.15389469640498052
5,1526,1531,0.15389752620356453
5,1515,1520,0.15390019370271685
5,1515,1520,0.15390270736256995
5,1518,1523,0.1539050753178132
5,1519,1524,0.1539073053728154
5,1520,1525,0.15390940500023187
5,1524,1529,0.15391138134247204
4,1524,1528,0.15391324121549743
4,1519,1523,0.15391732807305505
4,1529,1533,0.15392108187085285
4,1527,1531,0.15392461723008075
3,1527,1530,0.15392794473382954
3,1521,1524,0.15393342099830576
4,1522,1526,0.15393856899423272
4,1513,1517,0.15394022264970914
4,1515,1519,0.15394187763491515
4,1508,1512,0.15394352108069373
4,1513,1517,0.15394514247095384
4,1512,1516,0.15394673330904163
4,1504,1508,0.15394828682735626
4,1509,1513,0.15394979773482592
5,1510,1515,0.15395126199751677
5,1508,1513,0.15394978901966394
5,1513,1518,0.15394851137976656
5,1513,1518,0.15394740452726358
5,1510,1515,0.15394644693007895
5,1505,1510,0.15394561970686796
6,1509,1515,0.15394490630389818
6,1505,1511,0.15394118270857995
6,1504,1510,0.15393783221488672
5,1505,1510,0.15393481583606003
5,1511,1516,0.15393453922281108
4,1521,1525,0.1539343818924822
4,1525,1529,0.15393671991013694
4,1513,1517,0.15393898473711906
4,1513,1517,0.15394117198291654
5,1501,1506,0.15394327863100205
5,1515,1520,0.15394250428007142
5,1521,1526,0.15394186437672894
5,1522,1527,0.1539413397453307
5,1511,1516,0.1539409137621416
5,1508,1513,0.15394057202511724
5,1505,1510,0.1539403020659474
5,1515,1520,0.1539400930989707
5,1514,1519,0.15393904814183
5,1510,1515,0.15393820218045107
5,1505,1510,0.1539375251219392
5,1502,1507,0.15393699107322956
5,1515,1520,0.15393657777458383
5,1506,1511,0.15393626610834368
5,1509,1514,0.15393603967300926
5,1508,1513,0.15393588441401945
5,1519,1524,0.15393578830374482
5,1531,1536,0.15393574106419147
5,1526,1531,0.15393573392676818
5,1523,1528,0.15393575942421514
5,1523,1528,0.15393581121043665
5,1517,1522,0.1539358839045411
4,1513,1517,0.15393597295588013
3,1514,1517,0.15393844742669827
3,1517,1520,0.15394320876338022
3,1515,1518,0.15394769133052585
2,1517,1519,0.15395190990216062
2,1517,1519,0.15395821825937692
2,1507,1509,0.153964149286974
2,1516,1518,0.15396972465266814
2,1513,1515,0.15397496490449977
2,1501,1503,0.1539798895108741
2,1516,1518,0.15398451690199927
2,1505,1507,0.153988864512121
1,1507,1508,0.15399294882205886
1,1503,1504,0.15399924950579813
1,1513,1514,0.15400516678764478
1,1507,1508,0.1540107239338243
1,1522,1523,0.15401594280557462
1,1509,1510,0.15402084394327661
0,1498,1498,0.15402544664561824
