1382,29,1411,0.13579577753431263
1417,29,1446,0.13290719548778224
1434,30,1464,0.13018283595888522
1439,29,1468,0.12765985324633145
1439,29,1468,0.12535331381350973
1457,30,1487,0.1232561254744925
1460,29,1489,0.12130076297562656
1467,29,1496,0.11951473504656172
1465,29,1494,0.11787087932915576
1466,29,1495,0.11638132164618913
1461,29,1490,0.11502371432046349
1467,27,1494,0.11380053091679697
1478,28,1506,0.1126744329877899
1482,25,1507,0.11162358258482225
1490,25,1515,0.11066016655098583
1486,23,1509,0.10976294232542058
1471,21,1492,0.10895743048131595
1489,22,1511,0.10826148485125772
1474,25,1499,0.10758644277909886
1479,26,1505,0.10700647950454002
1471,27,1498,0.10646883522887159
1451,27,1478,0.10599997682732788
1448,29,1477,0.10561885537304193
1460,31,1491,0.10527925647132941
1478,32,1510,0.10494486673745908
1488,30,1518,0.10460138592714412
1482,30,1512,0.10426539639879011
1482,30,1512,0.10397249246543026
1477,31,1508,0.10370571355232239
1473,31,1504,0.10347422274141467
1472,34,1506,0.10327230573366598
1462,36,1498,0.10309281844614493
1464,37,1501,0.10295300768879072
1457,35,1492,0.10282286162035792
1449,37,1486,0.10271996157205933
1450,37,1487,0.10264622282299612
1457,37,1494,0.10257801635111953
1479,39,1518,0.10250199107935855
1436,41,1477,0.10238160739953624
1437,39,1476,0.10236839633826329
1437,40,1477,0.10235601690243086
1447,41,1488,0.10234633992031114
1445,44,1489,0.10231491179220618
1431,44,1475,0.10229106560248244
1451,42,1493,0.10230095077738793
1443,42,1485,0.10226583804822244
1449,43,1492,0.1022512039985902
1457,46,1503,0.10222477156752433
1461,45,1506,0.1021843872022136
1458,46,1504,0.10213762124329338
1448,46,1494,0.10210242188263573
1451,45,1496,0.10209193055247587
1446,44,1490,0.10207262181909112
1450,45,1495,0.10206767123454537
1458,46,1504,0.1020552028782192
1474,45,1519,0.10202709623517872
1460,45,1505,0.1019658871935404
1453,44,1497,0.10194186469945024
1458,44,1502,0.10193486056168868
1453,43,1496,0.10191733331912906
1454,43,1497,0.1019127089977056
1442,45,1487,0.10190710278952472
1429,46,1475,0.10193029161384609
1438,47,1485,0.10198145602453501
1453,49,1502,0.10200725587854498
1468,54,1522,0.10199718064456585
1460,56,1516,0.10195522413395725
1451,59,1510,0.10193404845897694
1448,57,1505,0.101934453386371
1446,60,1506,0.10194354525764904
1443,62,1505,0.10195822017242889
1441,60,1501,0.10197894767413601
1436,58,1494,0.10200327425028256
1448,58,1506,0.10203730513245661
1441,58,1499,0.10204178111828421
1440,59,1499,0.10206169444522592
1433,59,1492,0.10208068349858192
1429,63,1492,0.10211491888930975
1424,64,1488,0.10215684149383751
1404,66,1470,0.1022075567157896
1408,68,1476,0.1022986980123029
1425,74,1499,0.1023761375767342
1428,72,1500,0.10241025390513357
1409,74,1483,0.10243248952762031
1403,74,1477,0.10249387065207145
1401,77,1478,0.10256522080593453
1401,74,1475,0.10263714743065465
1405,72,1477,0.10270423671359634
1425,75,1500,0.10275868359841639
1427,78,1505,0.10276319640539217
1428,78,1506,0.10276155555197233
1426,78,1504,0.10275745928511998
1413,78,1491,0.10275679835231703
1405,77,1482,0.10278848681319666
1407,75,1482,0.1028363487944457
1405,80,1485,0.1028739513665811
1403,80,1483,0.10291355940087939
1401,82,1483,0.10295235554000215
1402,84,1486,0.102993916688553
1407,86,1493,0.10303023864818403
1416,90,1506,0.10305172538016524
1412,90,1502,0.10305131324756672
1416,86,1502,0.10306131797919693
1405,88,1493,0.10306300877473124
1400,90,1490,0.10309041610254158
1385,89,1474,0.10312677588020115
1396,94,1490,0.10319463850314779
1387,94,1481,0.10323323397887328
1400,93,1493,0.10329047637743712
1412,93,1505,0.10331460475125472
1420,94,1514,0.10331109606273682
1409,95,1504,0.10329152962401246
1414,94,1508,0.1032984032552665
1415,91,1506,0.10329283988098815
1417,93,1510,0.10328488576928957
1412,96,1508,0.10327064311572239
1429,94,1523,0.10326991843807416
1423,98,1521,0.10323067347085045
1396,99,1495,0.1032089338307247
1393,96,1489,0.10324983311310917
1385,98,1483,0.1032952675950987
1380,96,1476,0.10335543979881497
1391,100,1491,0.1034215902244769
1383,98,1481,0.10345990132649131
1384,99,1483,0.10351280486876833
1396,102,1498,0.1035607123492799
1397,101,1498,0.10357481692408763
1403,105,1508,0.10358475571715647
1388,103,1491,0.10358192985492767
1386,103,1489,0.10361205391515785
1381,100,1481,0.10364363804897117
1376,101,1477,0.10368617766105373
1387,99,1486,0.1037351048360711
1394,95,1489,0.10375496751387445
1389,97,1486,0.10375783412313865
1393,99,1492,0.10377155314441876
1379,104,1483,0.10377583276317226
1388,105,1493,0.10381097361734058
1383,105,1488,0.10382446748031413
1383,106,1489,0.10384734567797425
1364,107,1471,0.10386750684242363
1384,107,1491,0.10393121473167188
1377,115,1492,0.10394803213442647
1372,116,1488,0.10397889971353706
1375,117,1492,0.10402016693738904
1386,118,1504,0.10405298631817944
1380,117,1497,0.10405616396032291
1377,115,1492,0.10407387489478595
1389,115,1504,0.10409647821867807
1383,110,1493,0.10409196955884696
1379,106,1485,0.10410004526234122
1379,108,1487,0.10411472827857406
1387,105,1492,0.10412846630261685
1377,108,1485,0.10412175388455619
1372,106,1478,0.10413718834954956
1365,109,1474,0.10416388504361268
1376,114,1490,0.10420664506539395
1371,117,1488,0.10422216047848284
1386,122,1508,0.10424853999776243
1396,119,1515,0.10423778173201001
1398,121,1519,0.10420466197221423
1378,124,1502,0.10417094600485098
1382,118,1500,0.10418470772771374
1370,118,1488,0.10418916990340744
1365,111,1476,0.10421991998479228
1362,112,1474,0.10425945632053263
1359,111,1470,0.10430103445158423
1369,113,1482,0.10434419614075892
1372,113,1485,0.10436148002120962
1377,112,1489,0.10436974078347948
1375,111,1486,0.1043649867289318
1381,110,1491,0.10436491644583182
1375,114,1489,0.10435108778851741
1388,116,1504,0.10435216063628858
1381,116,1497,0.10432727753838503
1372,116,1488,0.10431932609675193
1372,115,1487,0.10433027484579263
1372,114,1486,0.10433953682870639
1374,111,1485,0.10435030442657243
1388,114,1502,0.10435560523997936
1378,116,1494,0.10432669272806408
1386,120,1506,0.10432297881064877
1384,121,1505,0.10430107543371904
1381,123,1504,0.10428621350720352
1367,126,1493,0.10427998279933152
1376,123,1499,0.10430564165367925
1370,123,1493,0.104312114821835
1361,118,1479,0.10433237651864079
1348,123,1471,0.10437073996297286
1365,125,1490,0.1044368836743205
1372,126,1498,0.10446099586640901
1349,125,1474,0.10446554954518254
1347,123,1470,0.10452076429570542
1353,125,1478,0.10457538499242762
1355,126,1481,0.10461234512643902
1357,129,1486,0.10464507382145849
1362,129,1491,0.10467023981256113
1359,123,1482,0.10468004404656234
1366,124,1490,0.10469673414182373
1361,124,1485,0.10469645708875433
1360,126,1486,0.10470784597819563
1366,130,1496,0.10472049002601032
1368,131,1499,0.10472135023566614
1352,132,1484,0.1047169907744081
1348,133,1481,0.10474805734228224
1343,134,1477,0.10478659766528636
1349,137,1486,0.10483498126104916
1347,134,1481,0.10486519436571423
1355,138,1493,0.10489792654288975
1350,141,1491,0.1049105788480561
1367,141,1508,0.10493357157186083
1361,141,1502,0.10491532611917269
1359,142,1501,0.10491233823878238
1365,146,1511,0.10491455344320848
1361,143,1504,0.10490479915040136
1357,142,1499,0.10490698810903545
1356,140,1496,0.10491809044394557
1357,141,1498,0.10493185485701147
1364,140,1504,0.10494262362907421
1357,147,1504,0.10493268462869047
1363,145,1508,0.10494049515037845
1342,143,1485,0.10493555404265685
1338,147,1485,0.10497725904790274
1336,149,1485,0.1050251284199329
1341,146,1487,0.10507508629468847
1344,146,1490,0.10511029549737362
1352,147,1499,0.10513550675582853
1349,147,1496,0.10514198004521212
1356,146,1502,0.1051545545419093
1362,151,1513,0.10514954582271961
1365,145,1510,0.1051295438699528
1362,149,1511,0.10510557652469396
1359,144,1503,0.10508932594715713
1348,140,1488,0.10508049218177998
1363,140,1503,0.10509878933303039
1360,139,1499,0.10508007595409069
1361,139,1500,0.10506983653924663
1355,140,1495,0.10505966057693776
1348,143,1491,0.10506425405381092
1345,140,1485,0.1050808127751354
1343,142,1485,0.10510403528512795
1362,145,1507,0.105130601536252
1357,142,1499,0.10511281648327926
1346,141,1487,0.10510776690063132
1351,142,1493,0.1051297610402068
1357,149,1506,0.10513875210928272
1364,145,1509,0.10513326445399876
1365,142,1507,0.10511255706288408
1353,139,1492,0.10509092462819467
1341,143,1484,0.10509786805005643
1324,145,1469,0.10512944696915535
1326,140,1466,0.10519610988104773
1334,140,1474,0.10525236231041361
1342,144,1486,0.10528811441853131
1336,145,1481,0.10530211505953321
1325,145,1470,0.10532621820608258
1321,147,1468,0.10537429764138612
1328,147,1475,0.10542697246626721
1333,146,1479,0.1054595489766345
1343,143,1486,0.10547882846763151
1335,139,1474,0.10547434285237038
1342,136,1478,0.10548796230906785
1341,133,1474,0.10548509925197096
1340,137,1477,0.10548571835281312
1342,142,1484,0.10548377810811271
1330,143,1473,0.10547862920628717
1335,143,1478,0.10549899999026735
1350,140,1490,0.1055071104430731
1355,141,1496,0.10548280570698446
1346,142,1488,0.10545051217220701
1347,141,1488,0.105440901843848
1357,137,1494,0.10542831933392183
1339,141,1480,0.10539335711023833
1352,143,1495,0.10540282579558273
1337,139,1476,0.10537901369007784
1334,141,1475,0.1053924611660127
1334,144,1478,0.105409905245608
1349,146,1495,0.1054290088279507
1347,151,1498,0.10541544539185473
1341,149,1490,0.10540617231378561
1339,153,1492,0.10541125623324878
1341,156,1497,0.10542283031346464
1342,155,1497,0.10542750247289501
1335,153,1488,0.1054314664343016
1335,153,1488,0.10545277606757705
1347,156,1503,0.10547145545565112
1344,160,1504,0.1054617085867946
1346,155,1501,0.10546038687600057
1337,159,1496,0.1054546353352832
1340,162,1502,0.10547285023794954
1344,161,1505,0.10548474162804305
1343,164,1507,0.10548613165990066
1345,165,1510,0.10549132547958479
1354,156,1510,0.1054922555670061
1354,158,1512,0.10547118121693395
1361,155,1516,0.10545172008720445
1353,157,1510,0.10541472030208887
1354,155,1509,0.10539973914748345
1337,158,1495,0.10538273927443026
1345,152,1497,0.10540304485494832
1341,156,1497,0.10540385067175279
1350,154,1504,0.10541231770878041
1333,151,1484,0.1053986092977492
1330,150,1480,0.10542596192283117
1326,150,1476,0.10545879348908432
1330,147,1477,0.10549736712467456
1327,150,1477,0.10551945451029461
1336,147,1483,0.10554656851753748
1351,145,1496,0.10555227480479043
1348,145,1493,0.10552363656702851
1353,145,1498,0.10550393004475357
1343,150,1493,0.1054733816298274
1348,156,1504,0.10546911864350751
1339,153,1492,0.10545494031955262
1336,159,1495,0.10546213744530726
1333,158,1491,0.10547762375693047
1323,161,1484,0.10550008671697814
1317,162,1479,0.10554358581818114
1318,167,1485,0.10559866109336039
1327,166,1493,0.10564663566926331
1324,166,1490,0.10566970365884348
1330,173,1503,0.10569849649262167
1331,169,1500,0.10571087392739667
1327,169,1496,0.1057215533924648
1330,168,1498,0.10574234133362523
1319,167,1486,0.1057531432827399
1327,168,1495,0.10578878378199466
1329,164,1493,0.10580284765982928
1338,165,1503,0.10581107792005899
1331,167,1498,0.10579985253526136
1319,167,1486,0.10580426065428014
1319,168,1487,0.10583473762803398
1316,167,1483,0.10586295946740817
1316,165,1481,0.1058973283026064
1319,166,1485,0.10592729786075034
1324,166,1490,0.10594855394676962
1320,169,1489,0.10595704954724199
1318,169,1487,0.10597331272893122
1336,167,1503,0.1059932896519563
1328,167,1495,0.105972982996321
1331,170,1501,0.10597175685538739
1325,169,1494,0.10596237565227369
1323,168,1491,0.10596873445223931
1331,168,1499,0.10597845834230835
1334,175,1509,0.10597138560381986
1329,171,1500,0.10595759690898714
1319,175,1494,0.10595697662766565
1320,174,1494,0.10597955933848777
1312,173,1485,0.10599573967398243
1307,169,1476,0.106029188405672
1318,166,1484,0.10607344758618276
1312,170,1482,0.10608909197365904
1317,175,1492,0.10611591075355911
1324,174,1498,0.10613106557986134
1315,175,1490,0.10612804927279644
1303,181,1484,0.10614482837361675
1314,181,1495,0.10618707666446933
1312,176,1488,0.10620136019884004
1308,176,1484,0.10621985667423864
1305,180,1485,0.10624632647099476
1302,178,1480,0.10627786007476564
1304,183,1487,0.10631446427243116
1312,184,1496,0.10634252823858588
1304,182,1486,0.10634685878193974
1310,184,1494,0.10637069682566146
1314,189,1503,0.10638046448463533
1308,181,1489,0.10637697788199243
1302,183,1485,0.10638915616680739
1313,185,1498,0.10641516781425758
1312,190,1502,0.10641752578623721
1310,196,1506,0.10642456928325536
1305,200,1505,0.10643623923097778
1313,202,1515,0.10645825198889612
1322,203,1525,0.10646221697150886
1309,204,1513,0.10644454643898348
1306,208,1514,0.10645782733626243
1290,211,1501,0.10647932657200009
1288,205,1493,0.1065355080705384
1276,209,1485,0.10659504051714505
1281,212,1493,0.106676398064445
1280,216,1496,0.10674103576905665
1271,217,1488,0.10680242174206472
1268,217,1485,0.10688062049136232
1270,219,1489,0.10695712344633057
1278,225,1503,0.1070261550983343
1278,226,1504,0.10706998471380548
1270,227,1497,0.10711032026174738
1274,228,1502,0.10716541173759868
1281,227,1508,0.10720726104991854
1293,228,1521,0.10722947088640873
1282,230,1512,0.10722340949337045
1276,220,1496,0.10724523116048196
1269,226,1495,0.1072794702349948
1273,226,1499,0.10732826382274695
1283,225,1508,0.10736621175730889
1276,222,1498,0.10737870393157348
1265,224,1489,0.10740588364378496
1263,228,1491,0.10745724805586228
1268,227,1495,0.10751004978636831
1275,226,1501,0.10754514297464185
1262,231,1493,0.1075629398016859
1253,233,1486,0.10760701822210814
1258,231,1489,0.10766801421646789
1270,235,1505,0.10771547067728561
1254,235,1489,0.1077296403943999
1249,234,1483,0.10778092749203207
1250,238,1488,0.10783884642266767
1247,239,1486,0.10789222729249362
1264,243,1507,0.1079471127483082
1265,243,1508,0.10796064044903005
1264,244,1508,0.10797281267183668
1268,244,1512,0.10798704060226981
1262,239,1501,0.10799110829176847
1270,241,1511,0.10800795062127967
1260,248,1508,0.10800186572023865
1262,241,1503,0.10802077846124286
1253,246,1499,0.1080341075929229
1241,245,1486,0.1080685949279733
1252,254,1506,0.10812785917091026
1252,255,1507,0.10815762044396829
1242,253,1495,0.10818786461802274
1231,253,1484,0.10823705348697857
1232,253,1485,0.10830795162221914
1226,256,1482,0.10837224823035363
1228,252,1480,0.10844547756069747
1232,255,1487,0.10851026678748013
1231,256,1487,0.10856090256858593
1233,260,1493,0.10860935010328543
1233,260,1493,0.10864834009744381
1227,264,1491,0.10868702726920595
1230,268,1498,0.10873256462386692
1234,259,1493,0.10876935079962811
1240,251,1491,0.108794492928232
1237,260,1497,0.10880490532959555
1236,255,1491,0.10882257598697999
1222,265,1487,0.10884167092648278
1225,264,1489,0.10888978686381778
1227,263,1490,0.10892754840664771
1229,262,1491,0.1089574422728818
1225,262,1487,0.10897962635837624
1221,260,1481,0.10900950330917142
1226,265,1491,0.10904550913714024
1230,261,1491,0.10906684778223558
1230,264,1494,0.10907923228741744
1225,266,1491,0.1090922058374281
1226,269,1495,0.10911727854266218
1235,266,1501,0.10913973841137112
1225,267,1492,0.1091420502361013
1224,268,1492,0.10916644574913796
1231,269,1500,0.10919232554209451
1224,282,1506,0.1091999606853771
1229,281,1510,0.10922272692014243
1228,284,1512,0.1092324298718048
1221,279,1500,0.10924413546768033
1217,281,1498,0.10926909586595512
1206,285,1491,0.10930282279155676
1197,283,1480,0.10935756142211239
1206,282,1488,0.10943000509233328
1211,283,1494,0.10947650972690524
1217,285,1502,0.10950953557079146
1216,286,1502,0.10952688868146084
1215,283,1498,0.10954593749109248
1211,282,1493,0.10956640676571458
1200,285,1485,0.10959529274605742
1198,293,1491,0.10964618356299315
1192,288,1480,0.10969641567821192
1176,296,1472,0.10975910053825139
1190,299,1489,0.10985462051980083
1193,296,1489,0.1099119965903424
1186,303,1489,0.10995663139127544
1182,306,1488,0.1100147601762037
1177,309,1486,0.11008013691338682
1178,315,1493,0.11015148176862567
1171,323,1494,0.11021410846418496
1161,323,1484,0.11029063678779379
1174,322,1496,0.11038286820711894
1179,324,1503,0.11043866865725623
1180,314,1494,0.11047892715657227
1179,312,1491,0.11051468524802033
1186,316,1502,0.11055046777746558
1192,321,1513,0.11056828304206257
1177,327,1504,0.11057225213456696
1173,319,1492,0.11061144809526108
1165,320,1485,0.11065965791045695
1162,323,1485,0.11072253356748434
1177,321,1498,0.11078874775553008
1178,327,1505,0.11081729204128457
1179,330,1509,0.11084184857762161
1171,327,1498,0.11086154607844417
1161,323,1484,0.11089781909804491
1163,326,1489,0.11095611624865112
1168,333,1501,0.11100561377392626
1156,336,1492,0.11104252061640907
1164,337,1501,0.11110380442511707
1152,338,1490,0.11114446731777856
1158,340,1498,0.11120891230954996
1157,344,1501,0.11125466599545861
1160,343,1503,0.11129902805398642
1163,344,1507,0.11133367990235973
1155,337,1492,0.11136097461144502
1146,334,1480,0.11140653380574522
1147,339,1486,0.11147044300620962
1152,338,1490,0.11152583418795596
1149,341,1490,0.11156472195594372
1159,350,1509,0.11160750250130676
1170,353,1523,0.11162598532187566
1158,353,1511,0.11161905798442867
1157,351,1508,0.11163810077458568
1151,349,1500,0.11165948661814355
1148,350,1498,0.11169291207950165
1143,352,1495,0.1117304783250843
1142,349,1491,0.11177669201451373
1134,351,1485,0.11182270460098948
1136,351,1487,0.1118837141325027
1140,349,1489,0.11193458337880427
1135,351,1486,0.11197396689025922
1137,357,1494,0.11202071927145969
1133,355,1488,0.11205863767649003
1139,352,1491,0.11210461105956224
1133,356,1489,0.11213366127046122
1129,365,1494,0.11217514299627497
1128,367,1495,0.11222335726455529
1131,365,1496,0.11226958391778456
1132,355,1487,0.11230373321078987
1128,362,1490,0.11233233675899154
1131,361,1492,0.11236865843398659
1124,366,1490,0.11239620555388198
1120,366,1486,0.11243919632672053
1122,363,1485,0.11248409960633861
1131,356,1487,0.1125212793810554
1139,369,1508,0.11253746849289861
1147,367,1514,0.11253587177252086
1138,370,1508,0.11251721797881707
1134,369,1503,0.11251969570756483
1131,370,1501,0.11253190587635588
1128,369,1497,0.11255013907085029
1128,372,1500,0.11257228939753261
1125,370,1495,0.11259418277288916
1117,379,1496,0.11262341912079922
1121,387,1508,0.11266769668306179
1113,385,1498,0.11270112352146466
1121,384,1505,0.11274797552708528
1123,387,1510,0.11277441813686254
1135,379,1514,0.11279619256707907
1128,372,1500,0.11278876692142692
1127,360,1487,0.11279652158273094
1132,362,1494,0.11280460449508974
1133,363,1496,0.11279717741172175
1133,364,1497,0.11278760004317713
1134,353,1487,0.11277564898961641
1137,355,1492,0.11275967414983422
1135,356,1491,0.11274073074117663
1144,362,1506,0.11272502498647148
1132,363,1495,0.11269004267843769
1134,367,1501,0.11268367936794206
1141,362,1503,0.11267595372457134
1134,369,1503,0.1126537419691302
1139,368,1507,0.11265138627249296
1133,372,1505,0.11263830310400526
1138,367,1505,0.11263951494385804
1142,374,1516,0.11262964152986432
1129,371,1500,0.11261087559773035
1123,368,1491,0.11262379107562313
1119,366,1485,0.11265220169853947
1119,359,1478,0.1126849821465597
1128,367,1495,0.11271492844825313
1118,372,1490,0.1127241967954586
1118,371,1489,0.11275609865436678
1118,372,1490,0.1127871580836308
1109,379,1488,0.11281397363915331
1106,384,1490,0.11285877053011419
1113,383,1496,0.11290925059702664
1113,390,1503,0.11294126462259597
1112,388,1500,0.11297257284808808
1110,389,1499,0.11300316843238299
1117,384,1501,0.11303714782564071
1129,383,1512,0.11305240546079608
1130,384,1514,0.11303634852088966
1136,378,1514,0.1130198842355325
1131,377,1508,0.11299106610943908
1122,385,1507,0.11297642830504662
1131,382,1513,0.11298534669844731
1126,380,1506,0.11297092325332812
1117,382,1499,0.1129706690157936
1114,381,1495,0.1129930949919705
1119,386,1505,0.1130226002140407
1105,385,1490,0.11303712198292301
1104,391,1495,0.11308221930573442
1107,390,1497,0.11312727689039953
1116,389,1505,0.11316341067086051
1114,391,1505,0.11317802187113848
1115,390,1505,0.1131954782248398
1108,396,1504,0.11321149656251003
1107,392,1499,0.11324486739350828
1100,393,1493,0.1132778098300441
1098,408,1506,0.11332440827958887
1083,410,1493,0.1133723524253785
1090,413,1503,0.11345184672180332
1090,411,1501,0.1135108710850405
1095,412,1507,0.11356499126787742
1091,416,1507,0.11360335815318054
1084,421,1505,0.1136495229872639
1072,417,1489,0.11370989105848948
1074,418,1492,0.11379238654654306
1079,417,1496,0.11386413602569849
1083,418,1501,0.11391887578645708
1081,422,1503,0.11395944175781907
1087,425,1512,0.11400201181743483
1095,422,1517,0.11402696480506838
1081,420,1501,0.11403307018452083
1084,423,1507,0.11406924578664177
1089,428,1517,0.11409746459820706
1074,417,1491,0.11411403274062701
1069,424,1493,0.11416557416960454
1075,425,1500,0.11422408373073333
1078,433,1511,0.11426407055415325
1074,435,1509,0.11429628668548802
1066,438,1504,0.11433509541117903
1068,443,1511,0.11439025595421823
1069,441,1510,0.11443787676491649
1064,439,1503,0.11447853732613693
1067,446,1513,0.11452851669219243
1068,442,1510,0.1145696231199782
1059,442,1501,0.11460642731690626
1056,447,1503,0.11466171292586555
1058,450,1508,0.11471844728555194
1051,453,1504,0.1147686660328756
1060,452,1512,0.11483264062278865
1051,460,1511,0.11487243151217143
1054,453,1507,0.11493205371182753
1046,463,1509,0.11498044392161276
1042,464,1506,0.11504465195529459
1025,464,1489,0.1151149946605345
1025,464,1489,0.1152192820947091
1023,459,1482,0.11531785076635771
1023,460,1483,0.11541236489439903
1026,470,1496,0.11549925310426801
1027,471,1498,0.11556959279235919
1013,480,1493,0.11563447541783599
1019,482,1501,0.1157275040681117
1013,492,1505,0.11580053313806422
1014,493,1507,0.11588136944100694
1015,493,1508,0.11595286497976812
1013,501,1514,0.11601878843946616
1015,490,1505,0.11608273189760827
1010,492,1502,0.1161381167292229
1012,493,1505,0.11620325155096474
1006,490,1496,0.11625939230862734
1007,490,1497,0.11632387446943251
1008,491,1499,0.11637970172133595
1014,492,1506,0.1164307961919134
1009,503,1512,0.11646336029328841
1001,507,1508,0.11650632101087899
994,502,1496,0.11656493255169188
990,505,1495,0.1166371360505445
978,502,1480,0.11671663155564016
992,512,1504,0.1168160999685454
990,509,1499,0.11687496562201004
983,520,1503,0.11693308592414865
984,520,1504,0.11700251534873626
977,517,1494,0.11706461325381323
989,503,1492,0.1171372010968257
994,501,1495,0.11717480314752243
993,507,1500,0.11719727127424867
979,505,1484,0.11722097303684417
975,511,1486,0.11727351949119753
976,511,1487,0.11733527511626486
988,519,1507,0.11738913466583367
977,521,1498,0.11741173098784462
972,520,1492,0.11746102261935207
976,522,1498,0.11752014457316892
967,524,1491,0.11756539561196465
971,523,1494,0.11763075945940825
964,519,1483,0.11767989098215104
971,519,1490,0.1177412398396862
968,521,1489,0.11778094999435491
961,533,1494,0.11782319029323192
952,536,1488,0.117881770063582
944,534,1478,0.11795919032042339
946,537,1483,0.11804877524071124
951,542,1493,0.11812517809648407
950,548,1498,0.11818635240649535
953,552,1505,0.1182461409511013
946,548,1494,0.11829377004034897
956,542,1498,0.11835504160304314
953,544,1497,0.11838736647076843
947,550,1497,0.11842210445476536
956,555,1511,0.1184677056362938
961,553,1514,0.11849069758690817
960,551,1511,0.11849960189930091
961,553,1514,0.11850972033379424
961,555,1516,0.1185172306803042
956,557,1513,0.11852733326409666
959,564,1523,0.11854956100406536
943,570,1513,0.11856519275867877
941,564,1505,0.11861597130667155
943,564,1507,0.11866977601507213
938,561,1499,0.11871563361072696
943,556,1499,0.11876886926228611
956,551,1507,0.11880734270452763
948,554,1502,0.11881381276617255
941,561,1502,0.11883736619223285
941,568,1509,0.11887723401573712
933,563,1496,0.1189138579565602
937,563,1500,0.11896202592605892
942,557,1499,0.1190002833383639
938,555,1493,0.11902514742082392
938,560,1498,0.11905583520849483
929,563,1492,0.1190857281938073
923,572,1495,0.11913534781222854
914,574,1488,0.1191970225996436
916,578,1494,0.11927445408090769
923,576,1499,0.11934181421050305
926,579,1505,0.11938826698098871
915,576,1491,0.11942163413448084
916,567,1483,0.11947596264819126
923,576,1499,0.11952173400007307
912,573,1485,0.11954832402784067
915,575,1490,0.11959888473923411
925,571,1496,0.11963834543207509
918,579,1497,0.11964959618249324
922,578,1500,0.119677353795466
916,574,1490,0.11969410495653517
920,587,1507,0.11972406013753317
915,594,1509,0.11974470509790365
924,593,1517,0.11977782401744412
929,591,1520,0.11978809440192485
920,582,1502,0.11978383327284436
912,582,1494,0.11979922418826838
915,590,1505,0.11983218945909227
901,587,1488,0.11985710892763518
916,593,1509,0.11991373259779352
909,597,1506,0.11993259633270259
907,592,1499,0.11996904589962537
897,585,1482,0.12000385349959057
899,585,1484,0.12005997410242596
904,593,1497,0.12010996987773113
903,593,1496,0.1201442640795485
906,586,1492,0.12017979857378848
906,587,1493,0.12020669203326
917,582,1499,0.12023109445566077
919,585,1504,0.12022713905193268
920,593,1513,0.12022248114682711
909,597,1506,0.12021464824981638
898,587,1485,0.12023277869256856
912,587,1499,0.1202747715925235
897,591,1488,0.12028145993750501
904,598,1502,0.12031976657673499
906,601,1507,0.12033947163978741
912,614,1526,0.12035687436314284
907,601,1508,0.12035841239264072
899,599,1498,0.1203726859143518
905,599,1504,0.1204044674510974
908,595,1503,0.12041690305635136
904,595,1499,0.12042236685668431
895,594,1489,0.12043847381841649
891,603,1494,0.12047308781214351
889,614,1503,0.12051560855328823
889,620,1509,0.12055759738976284
887,622,1509,0.12060003675063102
887,619,1506,0.12064785530136234
889,629,1518,0.1206950884751527
893,624,1517,0.12073393045404902
879,621,1500,0.12075799576586971
873,626,1499,0.12081429486187155
880,626,1506,0.12087866223719214
885,625,1510,0.120922661738324
878,624,1502,0.12095385637242162
878,618,1496,0.12099858384095623
880,616,1496,0.12104139874940781
890,617,1507,0.12107562937071417
888,618,1506,0.1210799916107698
883,616,1499,0.12108792016682213
881,618,1499,0.12110662977932207
891,611,1502,0.12112965553726132
892,623,1515,0.12112891287958359
880,621,1501,0.12112765641230178
876,624,1500,0.12115493069639321
875,620,1495,0.12119257324684876
876,615,1491,0.12122759482801708
876,615,1491,0.1212561759695492
882,620,1502,0.12128081024232219
887,625,1512,0.12129387781949448
878,629,1507,0.12129440315316803
873,626,1499,0.12131468201264038
883,622,1505,0.12134350299468294
880,619,1499,0.12134600250931829
876,628,1504,0.12135479214012078
874,629,1503,0.12137421836135402
862,633,1495,0.12139730457926602
860,631,1491,0.12144488685254615
867,635,1502,0.12149709188291531
869,639,1508,0.12152658382556598
872,638,1510,0.12155104032881273
864,637,1501,0.1215656449957865
859,643,1502,0.12159880589160553
843,647,1490,0.12164157416437145
848,643,1491,0.12171879669414935
840,639,1479,0.12178037719766635
838,646,1484,0.1218555450168871
837,643,1480,0.12193050704224921
832,647,1479,0.12200050697753514
850,649,1499,0.12208052000832362
852,651,1503,0.12211232936550147
853,657,1510,0.12213779101245283
850,664,1514,0.12215823493328985
855,652,1507,0.1221862954825053
854,654,1508,0.12220177218138806
851,668,1519,0.12221977165144794
840,669,1509,0.12224186488862693
840,679,1519,0.12228941683280718
837,680,1517,0.12233389244898853
827,672,1499,0.12238231836093702
820,676,1496,0.12245092624534432
827,671,1498,0.12253158257113422
825,673,1498,0.12258943398249307
829,677,1506,0.12264872790136205
830,680,1510,0.12269378551010497
820,692,1512,0.12273661049550487
813,702,1515,0.12279947841056404
818,698,1516,0.12287580341839295
825,691,1516,0.12293681961510444
825,685,1510,0.12297807763216191
826,683,1509,0.12301803975356985
827,678,1505,0.12305034822701458
826,683,1509,0.1230793804035698
810,675,1485,0.12310834711152895
820,675,1495,0.1231723360625122
821,684,1505,0.12320551061273298
809,688,1497,0.1232298849276117
819,684,1503,0.12328198351794097
817,684,1501,0.12330551291123122
816,689,1505,0.12333380193671185
816,697,1513,0.12336232384221407
816,700,1516,0.12338871929327626
814,698,1512,0.12341566786287805
818,704,1522,0.12344708618771624
807,711,1518,0.12346854392124851
807,706,1513,0.12351514198382489
803,715,1518,0.12356186789651179
797,709,1506,0.12361502277023316
800,702,1502,0.12367703171286941
795,704,1499,0.12372718225439847
805,708,1513,0.12378447576825927
800,704,1504,0.1238126961886066
808,703,1511,0.12384742076267319
803,696,1499,0.12386303992459488
792,686,1478,0.12388960008033419
786,690,1476,0.12393906644164651
800,696,1496,0.12399901846172316
803,699,1502,0.12402200364566003
806,712,1518,0.12403938163159797
805,712,1517,0.12404557532243488
807,707,1514,0.12405426417841497
809,701,1510,0.124057662313909
801,711,1512,0.12405831564370501
797,706,1503,0.12407924013349785
794,707,1501,0.12410687539436878
783,713,1496,0.12414239332600535
781,715,1496,0.1242009430387843
782,711,1493,0.12425784522930133
776,709,1485,0.12431050820315662
782,719,1501,0.12437449588087957
785,720,1505,0.12441968169485387
796,716,1512,0.12445553203996212
787,724,1511,0.12446178769936136
785,723,1508,0.12448891141876586
780,721,1501,0.12452206323488835
788,723,1511,0.12456358179867542
789,717,1506,0.12458309309962252
787,712,1499,0.12459688032680702
777,711,1488,0.12461459101507316
781,718,1499,0.12465591396803688
785,716,1501,0.12468600940310265
781,718,1499,0.12470304866481317
778,725,1503,0.12472832305595456
779,729,1508,0.12475959918106279
775,730,1505,0.12478906289657657
773,736,1509,0.1248255602212097
780,739,1519,0.12486074176379795
778,742,1520,0.12487842546398414
769,747,1516,0.12490171647103683
763,740,1503,0.12494500454323713
752,739,1491,0.12500202717583117
752,747,1499,0.12508134606376575
741,739,1480,0.12515682301975062
743,741,1484,0.12525225804813472
746,746,1492,0.12533799091673192
745,755,1500,0.12541306613756006
739,761,1500,0.12548384378595182
739,769,1508,0.12556371153518592
732,776,1508,0.12563782337751966
731,768,1499,0.12572251444519736
723,764,1487,0.125805124931827
727,769,1496,0.12590063319342348
725,766,1491,0.12598212242282103
726,771,1497,0.12606201124159486
724,766,1490,0.12613654127740045
731,781,1512,0.12620988300733527
731,771,1502,0.12626148028635673
720,774,1494,0.12630890544844586
712,779,1491,0.12637986496211437
714,790,1504,0.12646363996085794
712,804,1516,0.12653821070726828
704,800,1504,0.1266129685871942
713,792,1505,0.126703127151921
712,784,1496,0.1267645113608208
707,799,1506,0.1268230051309323
708,801,1509,0.12689012337656638
715,791,1506,0.12694983002089955
715,802,1517,0.12698919066730638
706,799,1505,0.1270265418881861
712,798,1510,0.12708168071639245
717,812,1529,0.1271223967987627
720,803,1523,0.12714646377715025
709,795,1504,0.12716234952577696
713,791,1504,0.12720400929166492
702,797,1499,0.12723347201018903
707,798,1505,0.12728725576427002
714,804,1518,0.12732295974780822
708,796,1504,0.12733833296147956
708,801,1509,0.12736501142322706
699,809,1508,0.12739322212982707
694,816,1510,0.12743984929847493
686,810,1496,0.12749754706844538
689,810,1499,0.1275687956301249
700,808,1508,0.12763012257186596
698,808,1506,0.12766179049059295
697,819,1516,0.127696272188552
698,821,1519,0.12773186925042596
692,827,1519,0.12776262376553077
692,824,1516,0.1278053040243746
691,815,1506,0.1278457188379643
685,818,1503,0.12788452332679573
689,812,1501,0.127934007213717
696,816,1512,0.12796833958446258
698,822,1520,0.1279841966808577
705,827,1532,0.12799432362993188
713,832,1545,0.12798691236838555
698,819,1517,0.12796214574801884
696,807,1503,0.12797304005483143
689,812,1501,0.1279904981277118
696,813,1509,0.12802337914190676
692,819,1511,0.12803781042907492
692,818,1510,0.1280604181640662
688,819,1507,0.12808185277866854
694,832,1526,0.1281117677014127
684,830,1514,0.12812569026673756
676,831,1507,0.12816150404915963
679,819,1498,0.12821279854681641
686,813,1499,0.1282512868443561
682,820,1502,0.1282725385834798
686,813,1499,0.12830085159536364
685,810,1495,0.12831739286997826
693,821,1514,0.1283337745220348
693,817,1510,0.12832833306621366
689,827,1516,0.12832518707026433
676,844,1520,0.12833265426226448
673,836,1509,0.12837107159292538
683,847,1530,0.12841434814949473
676,832,1508,0.12843054443186136
674,840,1514,0.1284660795634311
669,846,1515,0.12850411062037081
673,846,1519,0.12855226895555483
670,847,1517,0.12858603025067716
669,851,1520,0.1286216330787437
672,856,1528,0.12865820107297665
665,847,1512,0.12868482086290034
654,852,1506,0.1287279622904162
652,852,1504,0.1287962477392342
645,851,1496,0.12886625503214844
644,860,1504,0.12894802279933118
643,858,1501,0.12902608727962764
637,868,1505,0.12910443353081708
640,880,1520,0.1291900877141365
642,877,1519,0.12926381327932493
643,873,1516,0.12932425443992415
645,868,1513,0.12937770670071813
640,871,1511,0.12942244493438693
640,869,1509,0.1294760352311415
639,877,1516,0.12952627917483928
629,878,1507,0.12957503792421923
623,879,1502,0.12964656824074416
620,889,1509,0.12972743246552296
620,884,1504,0.12980936694964149
609,886,1495,0.1298830225778917
605,894,1499,0.12997869510980897
597,893,1490,0.13007782031317439
606,893,1499,0.1301888942208841
609,892,1501,0.13026993112980173
600,901,1501,0.13033944888258753
594,904,1498,0.130426108906177
593,911,1504,0.13052345090241269
589,907,1496,0.1306153720314859
583,905,1488,0.1307073364763897
586,906,1492,0.13080808419220477
587,906,1493,0.130892996019476
595,911,1506,0.1309700754794404
594,906,1500,0.1310231680630993
599,911,1510,0.13107377212978538
589,908,1497,0.13110784554299465
587,927,1514,0.13116470500957664
586,920,1506,0.13122193941108037
592,919,1511,0.1312787544284843
589,909,1498,0.13131884161578417
590,918,1508,0.1313658632664922
590,919,1509,0.13140726692427138
583,923,1506,0.13144632376951726
585,926,1511,0.13149676322258774
580,922,1502,0.13154072916922033
577,933,1510,0.1315960111279446
574,933,1507,0.13165412391972514
586,929,1515,0.1317133870252098
584,930,1514,0.13174151113981528
586,934,1520,0.1317712996723608
582,936,1518,0.13179383641465953
585,925,1510,0.1318230057599075
582,929,1511,0.1318446418643401
576,933,1509,0.13187282353512936
573,932,1505,0.1319134162712518
575,928,1503,0.13195873772619057
570,933,1503,0.13199634687585476
568,942,1510,0.1320460751358308
567,948,1515,0.1320993498629141
562,941,1503,0.13215304236823722
572,941,1513,0.13221255644310814
573,937,1510,0.13224484233660594
573,920,1493,0.13227242339769202
570,928,1498,0.13229651393513361
573,936,1509,0.13232602243827055
571,936,1507,0.13234531152272577
567,928,1495,0.1323680063064164
575,935,1510,0.13240169127000656
570,937,1507,0.13241338663957258
573,936,1509,0.13243553188300533
572,930,1502,0.13244926261007792
570,930,1500,0.13246362524242122
563,926,1489,0.13248301906351592
567,934,1501,0.13251573515644513
570,942,1512,0.1325368820911233
555,947,1502,0.1325514065192723
553,951,1504,0.1325977267402547
547,949,1496,0.13264524570629113
561,946,1507,0.13270497653079272
561,950,1511,0.13272699047876985
555,962,1517,0.13274828337161496
554,959,1513,0.13278309914748465
553,952,1505,0.13281743655812028
554,946,1500,0.13285545238271923
557,940,1497,0.13288592646102498
560,929,1489,0.1329071091203346
557,934,1491,0.13291766206739694
561,934,1495,0.13293379013388132
563,941,1504,0.1329399562286109
558,955,1513,0.13294237679372248
565,957,1522,0.1329570780443736
568,945,1513,0.132954938846915
562,945,1507,0.13294479524750044
569,948,1517,0.1329470512666157
570,946,1516,0.13292985039035088
572,950,1522,0.13291538181065873
570,949,1519,0.13289598656323703
568,951,1519,0.13288194301869352
565,939,1504,0.13287267661888974
564,930,1494,0.13287132650986044
567,953,1520,0.13287063494688456
571,953,1524,0.13286334932086144
560,953,1513,0.132847676320313
558,955,1513,0.13286037926517796
559,959,1518,0.13287804345610302
563,952,1515,0.13289272202506455
569,946,1515,0.13289685284168049
567,942,1509,0.13288565392151708
564,948,1512,0.13287858695118476
558,945,1503,0.13287799297323374
561,956,1517,0.13289277861324367
561,960,1521,0.1328995508917285
562,949,1511,0.13290709725979488
563,953,1516,0.13291212863912655
558,955,1513,0.13291444082639045
564,949,1513,0.1329301087829657
566,950,1516,0.13292998561146743
569,935,1504,0.13292280335764586
559,941,1500,0.13290987875463775
557,942,1499,0.13292301221247305
559,932,1491,0.1329416391691367
556,937,1493,0.13295072261617885
554,939,1493,0.1329656537508473
557,945,1502,0.1329852419538074
553,953,1506,0.13299667516453073
554,946,1500,0.13301616874710043
561,945,1506,0.13303212161474773
553,953,1506,0.13303212761042058
554,951,1505,0.1330499831048948
550,950,1500,0.1330630702647816
558,948,1506,0.13308484612067434
563,938,1501,0.1330820753882349
561,943,1504,0.13306553302336202
566,938,1504,0.13305521310619453
561,944,1505,0.13303754109390162
562,943,1505,0.13303068239509608
560,951,1511,0.13302364791998417
562,950,1512,0.13302186787683812
565,954,1519,0.1330192467114008
554,956,1510,0.1330092489845784
548,947,1495,0.1330263235620043
551,953,1504,0.1330585366068549
551,967,1518,0.13308170267876684
549,959,1508,0.1331045676964245
550,968,1518,0.13313055401805216
546,955,1501,0.13315298793255276
535,968,1503,0.1331846004852302
537,970,1507,0.13324036721810995
536,967,1503,0.13328894920425038
532,973,1505,0.13333724040943018
529,980,1509,0.13339195415879224
528,983,1511,0.1334492976331106
523,985,1508,0.13350430090715693
524,989,1513,0.13356779719499282
524,990,1514,0.13362448543743718
522,1000,1522,0.13367974154607543
507,1009,1516,0.13373308852895316
512,999,1511,0.1338186400551734
512,994,1506,0.13388568776184442
509,1001,1510,0.1339464934649454
506,1010,1516,0.13400965423665048
514,993,1507,0.13407460034744342
513,984,1497,0.13411745322529012
512,983,1495,0.13416056548918665
520,984,1504,0.13419899031259294
512,977,1489,0.13421529669977908
508,980,1488,0.13424948686407728
510,971,1481,0.13429334155325887
506,983,1489,0.13432360216521608
513,990,1503,0.13436325053540432
510,996,1506,0.13438593191760667
519,988,1507,0.1344163852248378
511,996,1507,0.13442434289356522
519,1000,1519,0.1344503439699551
522,998,1520,0.13445642526106533
522,997,1519,0.13445562846609987
524,1003,1527,0.1344526109859407
525,1000,1525,0.1344410113025863
521,999,1520,0.1344304407029778
522,1005,1527,0.1344340351142003
514,1006,1520,0.13443695538617523
513,1001,1514,0.13445884171851805
509,1000,1509,0.13448114162562042
511,1006,1517,0.13451163360733745
509,1008,1517,0.1345337220010408
506,1003,1509,0.13455683837693086
509,1010,1519,0.13458597442193854
507,1010,1517,0.1346055813729002
504,1012,1516,0.13462926198043518
497,1005,1502,0.13465744086251633
499,1001,1500,0.13469809576273456
503,1008,1511,0.13473110048289166
496,1022,1518,0.13474932792219413
491,1021,1512,0.13478520128291113
493,1021,1514,0.13483232523129338
489,1025,1514,0.134872464746187
485,1025,1510,0.13492109195614746
480,1032,1512,0.13497715717511657
476,1027,1503,0.13504252040923606
467,1030,1497,0.13511389661358447
463,1031,1494,0.1352027718856068
465,1040,1505,0.13529567738423556
468,1032,1500,0.135375321806778
471,1030,1501,0.135443283969353
473,1034,1507,0.13549776569551178
471,1027,1498,0.13554159497735152
480,1035,1515,0.13558707218693164
482,1038,1520,0.13560808096186833
483,1038,1521,0.13562328155881118
476,1035,1511,0.1356372858008194
483,1038,1521,0.13566720769737517
479,1031,1510,0.13567578418502493
480,1035,1515,0.13569339415861642
476,1040,1516,0.13570754976465513
477,1041,1518,0.13573144435684256
482,1041,1523,0.13575055199005914
484,1041,1525,0.1357571154575217
484,1048,1532,0.13575646558522833
476,1047,1523,0.13575854016402686
477,1050,1527,0.13578063070258353
479,1044,1523,0.13579921273667947
483,1053,1536,0.13581131985822173
478,1051,1529,0.13581307989191277
472,1047,1519,0.13582682490512854
470,1055,1525,0.13585340565840226
466,1060,1526,0.13588266474520463
461,1056,1517,0.13592074475254973
464,1045,1509,0.1359686943399346
466,1051,1517,0.13600624024715166
461,1058,1519,0.13603452666790244
453,1063,1516,0.136074894100108
456,1063,1519,0.13613089789344301
461,1059,1520,0.1361746718524947
454,1063,1517,0.13620642237075917
459,1060,1519,0.13625093195780932
462,1064,1526,0.13628267898231905
453,1066,1519,0.13630559833684977
452,1063,1515,0.13634952638091838
452,1074,1526,0.13639134660633945
447,1071,1518,0.13643024212975796
447,1076,1523,0.13648031094747443
449,1078,1527,0.13652690133568204
448,1077,1525,0.13656674914908837
448,1074,1522,0.13660509845758143
448,1067,1515,0.13664187688698778
448,1059,1507,0.136673789161148
447,1067,1514,0.13670160529181088
445,1072,1517,0.13673157250552337
448,1081,1529,0.13676713871496282
445,1080,1525,0.13679285686423587
449,1080,1529,0.13682352022953956
446,1071,1517,0.13684117146578853
450,1060,1510,0.1368650579533634
450,1070,1520,0.13687632483927634
453,1064,1517,0.13688345914038777
448,1062,1510,0.1368850492672842
449,1061,1510,0.1368983401312206
451,1062,1513,0.13691044426200347
449,1068,1517,0.13691700071791002
451,1074,1525,0.13692785896491233
445,1070,1515,0.1369341190285657
442,1071,1513,0.13695295291921109
445,1073,1518,0.1369785867787399
450,1077,1527,0.13699401822552715
449,1067,1516,0.13699664495558395
447,1070,1517,0.13699805816424174
441,1062,1503,0.13700405872812493
436,1062,1498,0.13702809284892672
438,1071,1509,0.13706398476894843
439,1095,1534,0.13709344226466214
427,1084,1511,0.13711813172686824
428,1091,1519,0.13716969627051473
423,1074,1497,0.137215162529652
425,1076,1501,0.1372685896020079
416,1082,1498,0.13731269509984434
416,1086,1502,0.1373749399102716
413,1090,1503,0.13743460381973016
407,1094,1501,0.13749807988502954
405,1096,1501,0.13757136709897785
412,1101,1513,0.1376438092234515
412,1103,1515,0.1376951509427483
404,1104,1508,0.13773968687773977
397,1122,1519,0.13780112390795596
393,1109,1502,0.13787827490071058
387,1122,1509,0.13795917382622283
393,1117,1510,0.13804933737529687
392,1119,1511,0.13811912992296954
393,1122,1515,0.13818536915054885
397,1121,1518,0.13824247909759954
395,1121,1516,0.13828870695749315
392,1132,1524,0.13833720498221488
386,1140,1526,0.1383899603404849
384,1128,1512,0.1384553283586503
374,1133,1507,0.13851990260037497
373,1127,1500,0.13860445370726415
374,1144,1518,0.13868680391216962
368,1144,1512,0.13876304037736972
366,1148,1514,0.1388478409270019
368,1145,1513,0.13893285416509232
367,1153,1520,0.13900691136194712
363,1156,1519,0.1390784524124412
366,1161,1527,0.13915450111622094
365,1158,1523,0.13921557653605382
353,1159,1512,0.1392739255575164
352,1158,1510,0.13935438478429696
352,1142,1494,0.13943287662058648
354,1138,1492,0.13950601214011693
356,1152,1508,0.13956902894916726
355,1139,1494,0.13962300965857527
358,1151,1509,0.1396760052639781
353,1128,1481,0.13971701921740076
357,1146,1503,0.13976836753661595
351,1155,1506,0.13980635753658757
355,1154,1509,0.1398574475308994
360,1162,1522,0.1398963860718953
354,1159,1513,0.13992103810983303
346,1158,1504,0.13996112667839522
352,1151,1503,0.14001786966499563
356,1160,1516,0.1400576246027528
351,1168,1519,0.1400824067749073
352,1170,1522,0.14011883762366184
346,1165,1511,0.14015019553139943
340,1163,1503,0.1401943558929492
345,1166,1511,0.14025110671516416
343,1161,1504,0.14028910975182454
348,1168,1516,0.1403295281457504
346,1176,1522,0.1403520417758995
342,1176,1518,0.1403793398735539
336,1183,1519,0.1404160954202232
335,1166,1501,0.14046701030146125
335,1174,1509,0.14051756898872506
336,1167,1503,0.14056510942680556
336,1168,1504,0.1406079090115023
336,1174,1510,0.1406456368367918
333,1163,1496,0.14068003695334572
332,1162,1494,0.14071987769815955
327,1151,1478,0.14075869371090455
331,1147,1478,0.14080680980334562
326,1156,1482,0.14084252931905497
330,1158,1488,0.14088589433267684
327,1185,1512,0.1409175243170911
324,1184,1508,0.14095251372216455
319,1194,1513,0.1409921747104282
319,1195,1514,0.14104319672030796
316,1198,1514,0.14109049054985742
317,1198,1515,0.14114129775977322
324,1194,1518,0.14118589123654698
324,1198,1522,0.14121021153621588
324,1187,1511,0.1412322087082557
323,1185,1508,0.14125455188155128
316,1183,1499,0.14127436436008511
315,1191,1506,0.141310811082372
313,1199,1512,0.14134773386553218
315,1196,1511,0.14138837425383996
315,1212,1527,0.1414215075103336
309,1209,1518,0.1414523397371549
296,1212,1508,0.14149614547560124
301,1211,1512,0.1415696387034938
297,1215,1512,0.14162628964124743
294,1217,1511,0.14168868998002118
294,1219,1513,0.14175531544776984
293,1223,1516,0.14181732480833367
289,1224,1513,0.1418785280957143
286,1236,1522,0.1419448464510307
288,1231,1519,0.14201637418365562
291,1235,1526,0.1420784042953397
291,1226,1517,0.14212707956911047
290,1222,1512,0.1421735121316581
288,1228,1516,0.14221833320529453
281,1236,1517,0.1422626514386376
281,1218,1499,0.1423218534643654
287,1236,1523,0.1423763878856513
280,1236,1516,0.14241285058337516
280,1237,1517,0.14246459266075223
280,1234,1514,0.14251281397640705
278,1226,1504,0.1425595215548185
279,1228,1507,0.14260614550904196
287,1227,1514,0.14264811563880173
290,1243,1533,0.14266572191748433
286,1242,1528,0.14267648183474096
277,1237,1514,0.14269668590450846
274,1235,1509,0.14273771707637725
273,1245,1518,0.14278147794386706
267,1243,1510,0.1428249851366482
272,1241,1513,0.14288193193048385
268,1234,1502,0.14292299631276736
266,1231,1497,0.14296944060833794
267,1242,1509,0.14301938909063597
266,1258,1524,0.14306409849004864
266,1255,1521,0.1431090075687934
262,1258,1520,0.14315241530511508
265,1254,1519,0.14320088706014666
268,1244,1512,0.14323878037950893
265,1247,1512,0.1432657295660803
268,1248,1516,0.14329934387492607
269,1247,1516,0.14332506427255948
270,1245,1515,0.14334539401116117
270,1237,1507,0.1433633272486635
261,1248,1509,0.14337939032102262
265,1259,1524,0.1434165730340341
259,1242,1501,0.14344010192454454
261,1245,1506,0.14347588397959865
263,1247,1510,0.14350411726924642
273,1244,1517,0.14352452334255786
269,1243,1512,0.1435176292498997
270,1239,1509,0.14352013339064132
266,1247,1513,0.14351878296337028
262,1244,1506,0.14352634747565868
261,1239,1500,0.143544123041561
263,1242,1505,0.1435629508612714
264,1242,1506,0.1435772852803116
251,1249,1500,0.14358866196168887
258,1243,1501,0.14363182923908258
256,1251,1507,0.14365565498205868
248,1264,1512,0.14368281483913573
249,1270,1519,0.14372731101110825
249,1272,1521,0.14376394116769092
248,1262,1510,0.14379914448556122
247,1267,1514,0.1438356500666399
246,1259,1505,0.14387222120011867
243,1273,1516,0.14391086730540611
237,1282,1519,0.14395408662669554
235,1287,1522,0.14401048834220834
238,1277,1515,0.14406965535230687
234,1275,1509,0.14411763485734227
229,1279,1508,0.14417210295520935
227,1282,1509,0.1442369190531244
229,1282,1511,0.1443009866984275
234,1292,1526,0.14435398505917793
240,1280,1520,0.14439156528771138
241,1276,1517,0.14441177228432334
232,1281,1513,0.14442966081769326
231,1293,1524,0.14446950822159235
232,1286,1518,0.14450666555762112
227,1286,1513,0.14453944804067556
225,1289,1514,0.14458282623710456
220,1283,1503,0.1446290432943437
218,1285,1503,0.14468553625776423
217,1295,1512,0.14474341013898623
214,1294,1508,0.14480086391662492
219,1298,1517,0.14486212999320888
219,1296,1515,0.1449079607853137
216,1291,1507,0.1449482609396398
218,1299,1517,0.14499378175064526
217,1281,1498,0.14503078815367956
221,1288,1509,0.1450673698641848
216,1307,1523,0.14509040935210063
221,1298,1519,0.14512632158426317
219,1300,1519,0.14514640814656643
218,1302,1520,0.14517102069434326
214,1303,1517,0.14519748357307535
217,1302,1519,0.14523110288850807
218,1300,1518,0.14525492794371758
220,1298,1518,0.1452743206246171
224,1289,1513,0.14528828900680105
225,1301,1526,0.14529213998013632
221,1283,1504,0.14529205605653345
223,1288,1511,0.14530350939551787
223,1287,1510,0.1453091675938931
218,1300,1518,0.14531344923751813
223,1301,1524,0.14533056668574193
217,1295,1512,0.1453343853996305
215,1301,1516,0.14535250500057414
214,1300,1514,0.14537601971633674
219,1292,1511,0.14540020724790154
213,1288,1501,0.14540732583071922
216,1294,1510,0.14542990943343273
213,1308,1521,0.14544468537780933
211,1302,1513,0.14546687823650556
212,1306,1518,0.14549337567127632
207,1310,1517,0.1455171096711931
202,1306,1508,0.14554942759382553
205,1317,1522,0.1455916707178913
205,1312,1517,0.14562484625037267
204,1298,1502,0.14565588650105823
207,1308,1515,0.1456861608947745
207,1304,1511,0.1457055471037561
210,1305,1515,0.1457243750700115
206,1307,1513,0.14573549270837577
204,1323,1527,0.1457569815931573
205,1325,1530,0.14578335026206063
202,1324,1526,0.14580456530146838
196,1325,1521,0.14583276252447408
195,1324,1519,0.14587243593473756
195,1337,1532,0.1459120535724515
196,1330,1526,0.1459489094601766
197,1327,1524,0.145981169966775
200,1318,1518,0.14600744847578967
193,1310,1503,0.14602350894625787
197,1314,1511,0.14605674106700856
191,1320,1511,0.14607609183346745
190,1310,1500,0.14611004471983563
198,1308,1506,0.14614456132938064
197,1313,1510,0.14615561219266415
198,1314,1512,0.14616819022617303
200,1321,1521,0.14617848796689853
197,1318,1515,0.14618104197227508
197,1315,1512,0.14619096023179062
202,1323,1525,0.1461989895745794
202,1318,1520,0.14619406861659903
201,1323,1524,0.14619213069616643
197,1312,1509,0.1461933421257436
203,1312,1515,0.14620600783727367
200,1314,1514,0.14620080050721115
198,1306,1504,0.14620232335367153
197,1305,1502,0.14620973359608064
195,1319,1514,0.14621904378540992
198,1322,1520,0.14623162711686696
192,1325,1517,0.1462373262615987
193,1327,1520,0.14625669209162487
193,1340,1533,0.14627188122207838
191,1338,1529,0.146288148173891
193,1335,1528,0.14630893334769218
189,1322,1511,0.14632207963274582
188,1310,1498,0.14634448139487852
191,1305,1496,0.14636764624198714
195,1305,1500,0.1463807280151534
199,1314,1513,0.1463823809813488
201,1313,1514,0.1463720575969314
202,1306,1508,0.14635950173185844
205,1303,1508,0.14634581448286496
204,1297,1501,0.14632499477192354
205,1309,1514,0.14630721721232817
205,1311,1516,0.14628945216009775
199,1316,1515,0.14627248784030214
199,1321,1520,0.14627265641729711
199,1324,1523,0.1462735163855277
196,1335,1531,0.14627428009333923
188,1327,1515,0.14628331047000503
188,1324,1512,0.14631171970870682
187,1329,1516,0.14633655241622312
188,1342,1530,0.14636240146759522
193,1343,1536,0.14638343444189444
195,1336,1531,0.14638860798577288
194,1331,1525,0.14638838009572652
191,1333,1524,0.146391123387907
187,1324,1511,0.14640030244785443
185,1326,1511,0.14641987550947103
183,1335,1518,0.14644436406382957
184,1331,1515,0.14647118729868422
182,1328,1510,0.14649457984788042
184,1329,1513,0.1465219789617021
179,1327,1506,0.14654222664475372
181,1327,1508,0.1465726598235149
175,1337,1512,0.1465963161505196
176,1338,1514,0.14663406091367537
173,1341,1514,0.14666712203050572
172,1341,1513,0.14670560983305575
170,1350,1520,0.14674474846220878
168,1360,1528,0.1467879005257892
166,1350,1516,0.1468333856589696
164,1351,1515,0.1468806205512628
158,1343,1501,0.1469304400924062
154,1342,1496,0.14699288271587327
158,1347,1505,0.14706101309168548
155,1355,1510,0.14711547210472137
151,1361,1512,0.14717280762322452
152,1362,1514,0.1472348358132102
155,1357,1512,0.1472914964752695
152,1368,1520,0.14733651364791878
150,1359,1509,0.14738631195441396
148,1372,1520,0.14743707823401972
147,1381,1528,0.14748904809644106
145,1357,1502,0.1475387025730052
143,1350,1493,0.14759098961534
146,1369,1515,0.1476457520282777
148,1371,1519,0.14769078039692013
149,1377,1526,0.1477264065452459
155,1376,1531,0.1477573817925135
150,1374,1524,0.147770924321403
152,1364,1516,0.1477957303692799
144,1359,1503,0.147814261975286
141,1365,1506,0.14785231923424688
138,1359,1497,0.14789539234086285
134,1375,1509,0.14794286243857266
136,1374,1510,0.14799748650161654
138,1370,1508,0.14804451959426643
137,1372,1509,0.14808125405729608
139,1377,1516,0.1481182365571014
142,1361,1503,0.14814629991776151
143,1366,1509,0.1481645560042981
145,1354,1499,0.14817802968796323
147,1358,1505,0.14818573410560704
147,1352,1499,0.1481879045793669
149,1366,1515,0.148191845789454
153,1357,1510,0.14819188369943134
153,1353,1506,0.1481799211668956
148,1356,1504,0.14816979781341985
148,1357,1505,0.14817291682325212
145,1356,1501,0.14817795482651167
145,1371,1516,0.14818942303332466
146,1373,1519,0.14819913689029998
148,1367,1515,0.14820700034545375
145,1377,1522,0.14820918864503443
146,1368,1514,0.1482196865691944
149,1365,1514,0.14822790190964444
147,1369,1516,0.1482280485760742
147,1366,1513,0.1482323005883852
149,1368,1517,0.14823771544770856
149,1373,1522,0.1482381707730324
146,1366,1512,0.1482375176371633
141,1368,1509,0.14824513470422507
143,1367,1510,0.1482652766587846
140,1375,1515,0.14828016516758766
139,1374,1513,0.14829847872555665
137,1361,1498,0.1483195098230025
135,1367,1502,0.14834386661751028
140,1370,1510,0.1483715460342815
140,1367,1507,0.14838351296483254
137,1375,1512,0.14839309359848207
132,1368,1500,0.148410082267685
136,1374,1510,0.1484383266595226
136,1376,1512,0.1484556840939674
138,1375,1513,0.14847072719247506
140,1377,1517,0.14847886643921612
139,1373,1512,0.14848077853335892
139,1370,1509,0.14848632234828504
139,1367,1506,0.14849114902095614
141,1368,1509,0.1484960483503085
140,1375,1515,0.14849630914901954
144,1381,1525,0.14850034423879194
145,1375,1520,0.14849367855695586
147,1378,1525,0.14848586811288056
154,1369,1523,0.14847232061433988
156,1365,1521,0.14844034296675312
157,1365,1522,0.14840720435580995
157,1377,1534,0.14837426743506313
152,1379,1531,0.14834486235681493
149,1376,1525,0.14833018064616652
143,1371,1514,0.14832495348413136
140,1367,1507,0.14833632424834092
139,1368,1507,0.14835499362948842
138,1368,1506,0.14837579371073029
137,1381,1518,0.14839691577107605
136,1388,1524,0.1484202149373076
133,1372,1505,0.1484448693197594
127,1381,1508,0.14847602927471582
126,1390,1516,0.14851923101605602
119,1405,1524,0.14856297363129917
122,1396,1518,0.14862155010471956
121,1395,1516,0.1486674148510702
115,1400,1515,0.14871257371324423
120,1403,1523,0.14877006726915362
117,1399,1516,0.14881161616647678
109,1394,1503,0.1488575944310721
109,1401,1510,0.14892056880765428
109,1407,1516,0.14897993715534594
108,1395,1503,0.1490338196911772
108,1404,1512,0.14908768709845646
107,1406,1513,0.1491383374038243
107,1406,1513,0.14918797206170142
108,1402,1510,0.14923354769011507
105,1404,1509,0.1492739666127491
104,1403,1507,0.14932049066014383
104,1413,1517,0.14936646392764147
106,1404,1510,0.14940931058093634
105,1420,1525,0.14944402018764955
102,1403,1505,0.14948016773809084
100,1401,1501,0.14952198868508812
102,1408,1510,0.1495656390066155
102,1425,1527,0.14960090817773142
104,1418,1522,0.14963488833919258
103,1410,1513,0.14966159342283025
103,1405,1508,0.14968930944088374
100,1413,1513,0.14971297867735167
96,1413,1509,0.1497429804530189
98,1418,1516,0.14978058244987252
96,1423,1519,0.14981077613482538
96,1413,1509,0.14984413973443853
96,1422,1518,0.14987569443814297
96,1415,1511,0.14990456506479055
96,1414,1510,0.14993217910325968
94,1420,1514,0.14995606485424925
96,1423,1519,0.14998394418405164
93,1432,1525,0.15000565837019583
93,1441,1534,0.15003250772151783
91,1431,1522,0.15005875189487614
88,1434,1522,0.15008917165197808
90,1432,1522,0.15012464804420644
89,1424,1513,0.1501527294730428
88,1422,1510,0.15018249373688108
84,1409,1493,0.15021259209125104
87,1421,1508,0.15025103952128402
84,1419,1503,0.15027849731637663
87,1423,1510,0.1503121870889835
88,1415,1503,0.15033546266039238
86,1423,1509,0.15035540078483156
87,1428,1515,0.15037898156319707
81,1414,1495,0.15039859600418404
79,1421,1500,0.15043162716082303
79,1425,1504,0.15046711956149073
80,1445,1525,0.15049986346911798
81,1432,1513,0.15052886083893033
82,1434,1516,0.15055382596494252
79,1433,1512,0.15057466497656224
80,1448,1528,0.15060134200235498
81,1438,1519,0.1506237510804426
79,1441,1520,0.15064109704421877
79,1449,1528,0.15066304431730604
75,1450,1525,0.1506843616816361
75,1447,1522,0.15071440757021107
74,1428,1502,0.15074296000892745
72,1432,1504,0.15077201647230587
71,1439,1510,0.1508044966799169
72,1435,1507,0.15083656454592215
69,1431,1500,0.1508641822821496
66,1441,1507,0.1508976367056478
68,1439,1507,0.1509365541935288
64,1442,1506,0.15096726596282056
66,1442,1508,0.15100349945533978
66,1448,1514,0.1510334160435105
64,1451,1515,0.15106011635810584
65,1451,1516,0.15109043070387643
63,1462,1525,0.15111547258748992
62,1452,1514,0.15114456792757078
61,1465,1526,0.15117499896533496
60,1465,1525,0.15120551826963335
63,1459,1522,0.15123735080416625
65,1455,1520,0.15125930813350247
65,1454,1519,0.15127499839703085
66,1449,1515,0.15128994487650277
67,1451,1518,0.15130145125146274
65,1446,1511,0.15130918433605808
62,1440,1502,0.15132081355631868
64,1439,1503,0.15134030846205915
64,1439,1503,0.1513534468370832
64,1448,1512,0.15136650871935736
64,1445,1509,0.15137894436143842
59,1452,1511,0.15139046211834262
61,1462,1523,0.15141273181339512
58,1445,1503,0.15142779683186391
57,1451,1508,0.1514496421315021
54,1439,1493,0.15147176689842023
54,1439,1493,0.15150078672492864
53,1445,1498,0.1515266029735946
54,1454,1508,0.15155355978943522
54,1472,1526,0.15157585042868107
52,1472,1524,0.15159722694036526
50,1469,1519,0.15162289702831275
50,1466,1516,0.1516526983247752
51,1468,1519,0.15168072923235243
51,1468,1519,0.15170426934638537
52,1470,1522,0.15172704290284927
53,1466,1519,0.15174507986565522
50,1476,1526,0.15176006689952717
49,1473,1522,0.15178174498386132
48,1472,1520,0.1518051418681793
49,1484,1533,0.1518304316505577
50,1467,1517,0.15185204667566127
47,1461,1508,0.15186947361643768
48,1456,1504,0.1518932027768294
46,1458,1504,0.15191182562377276
46,1451,1497,0.15193453051567224
45,1457,1502,0.15195629317639794
46,1456,1502,0.15197861117345046
44,1457,1501,0.15199687548312973
44,1463,1507,0.1520195983056985
46,1477,1523,0.15203985883277013
42,1470,1512,0.15205341797631788
45,1470,1515,0.15207638418965094
43,1471,1514,0.15208939410337066
42,1462,1504,0.15210659752074945
43,1469,1512,0.1521257651277038
40,1473,1513,0.15214111221842808
39,1477,1516,0.1521629940387012
37,1479,1516,0.15218662928954207
37,1473,1510,0.15221406363805007
35,1482,1517,0.15223940995060753
38,1476,1514,0.1522680226667417
39,1479,1518,0.1522865182798651
39,1485,1524,0.152301283904201
38,1487,1525,0.15231501857617785
37,1469,1506,0.15233096564336543
35,1476,1511,0.1523484904956223
34,1482,1516,0.152370673442284
36,1480,1516,0.15239428806034458
36,1476,1512,0.15241016937970456
31,1474,1505,0.1524256068559856
32,1480,1512,0.15245313623340206
30,1472,1502,0.15247628547182202
29,1474,1503,0.15250304299777195
28,1482,1510,0.15253088502185003
26,1472,1498,0.15255987031961682
27,1481,1508,0.15259217481606197
27,1487,1514,0.15261902272739403
27,1488,1515,0.15264455103444655
27,1498,1525,0.1526687970453894
30,1491,1521,0.15269180145044145
30,1482,1512,0.15270467850617694
31,1486,1517,0.15271718913895702
32,1488,1520,0.1527253141900568
32,1477,1509,0.15273063905182466
32,1480,1512,0.1527361624812887
31,1477,1508,0.15274180891448857
30,1486,1516,0.1527496983265231
29,1480,1509,0.15276003187647944
29,1496,1525,0.15277242563009058
27,1496,1523,0.15278277088901884
26,1495,1521,0.15279775806064472
26,1502,1528,0.1528151432709552
27,1497,1524,0.15283148643576655
26,1491,1517,0.15284460973300815
27,1500,1527,0.15285955337169338
27,1506,1533,0.15287071560738374
26,1492,1518,0.1528806115293938
26,1496,1522,0.15289229629739945
27,1498,1525,0.15290356787472636
27,1499,1526,0.15291227294961296
27,1494,1521,0.1529206498353162
25,1497,1522,0.15292796403947478
27,1501,1528,0.15293960057356457
26,1487,1513,0.15294514851698024
26,1507,1533,0.15295310906663825
25,1494,1519,0.1529608757747068
25,1494,1519,0.15297085438888125
23,1498,1521,0.15298044867635027
23,1488,1511,0.15299492468575912
22,1490,1512,0.15300864249023102
21,1501,1522,0.15302354943821098
22,1497,1519,0.15303998317878958
20,1506,1526,0.15305252376986675
19,1498,1517,0.15306898164567712
19,1511,1530,0.15308683684957697
19,1511,1530,0.1531038219977666
21,1502,1523,0.1531191092848268
21,1492,1513,0.15312774799028703
22,1492,1514,0.15313625154387533
22,1499,1521,0.15314204153501926
22,1486,1508,0.1531470119875637
22,1486,1508,0.15315173094785067
21,1488,1509,0.1531565510115729
20,1493,1513,0.15316384034188663
20,1499,1519,0.1531735223495681
20,1508,1528,0.15318251561115534
19,1511,1530,0.15319047384248097
21,1513,1534,0.15320075697792693
22,1510,1532,0.15320430991028083
21,1499,1520,0.1532049031574962
22,1497,1519,0.15320752633002158
22,1498,1520,0.15320753562165654
22,1503,1525,0.15320726732227752
24,1492,1516,0.1532075873891284
24,1500,1524,0.15320196650960033
23,1494,1517,0.1531973386621809
23,1495,1518,0.15319584978864434
22,1483,1505,0.15319526414940188
22,1502,1524,0.1531976387408514
23,1497,1520,0.15320023173369607
25,1504,1529,0.1532003483399565
25,1491,1516,0.15319438515906142
26,1480,1506,0.15318925560683413
25,1487,1512,0.15318090184701005
24,1478,1502,0.15317599579944147
23,1496,1519,0.15317472735910964
23,1497,1520,0.15317625515710936
24,1491,1515,0.15317801782203783
25,1485,1510,0.15317680485248147
27,1493,1520,0.15317337616306193
28,1502,1530,0.15316437496844387
28,1491,1519,0.1531531705773636
26,1496,1522,0.15314320870992978
24,1480,1504,0.15313961161162726
23,1484,1507,0.15314131926022598
24,1488,1512,0.15314590844394474
25,1484,1509,0.15314727543716336
26,1494,1520,0.15314479895307026
26,1487,1513,0.15314060699545715
27,1497,1524,0.15313691223916925
26,1488,1514,0.15313066711632875
26,1482,1508,0.15312760024375377
26,1485,1511,0.15312510881766692
26,1499,1525,0.15312144663833216
26,1500,1526,0.1531182257617206
26,1488,1514,0.1531157309306494
24,1470,1494,0.1531138571538736
25,1474,1499,0.15311710441402468
25,1480,1505,0.1531172006555422
23,1481,1504,0.1531177723515996
22,1498,1520,0.1531233181506538
22,1498,1520,0.15313125845166223
21,1505,1526,0.1531390088495404
20,1489,1509,0.15314909085940634
21,1490,1511,0.1531610460792932
21,1504,1525,0.15316995296822664
21,1491,1512,0.15317756918143277
21,1491,1512,0.1531840915735999
21,1494,1515,0.15319054024492337
22,1485,1507,0.15319687797396062
21,1480,1501,0.1531999328558836
19,1480,1499,0.1532055415404795
21,1491,1512,0.1532164243438674
22,1499,1521,0.1532212466265949
21,1496,1517,0.15322290254525392
21,1502,1523,0.1532271022787396
21,1500,1521,0.15323134216604647
20,1486,1506,0.1532355831258856
20,1493,1513,0.15324217535842394
20,1500,1520,0.1532476548933041
21,1509,1530,0.15325306609327893
22,1494,1516,0.15325535678069588
21,1491,1512,0.15325464311302286
20,1498,1518,0.15325675014259296
19,1493,1512,0.15326140717968995
19,1502,1521,0.15326811480250477
19,1500,1519,0.15327469018746023
19,1502,1521,0.15328110531523198
17,1510,1527,0.15328733847701334
18,1499,1517,0.1532979176432284
16,1493,1509,0.15330563499443461
15,1493,1508,0.15331760507128048
16,1492,1508,0.153331301532459
16,1486,1502,0.15334176116462725
17,1483,1500,0.15335168849958655
16,1498,1514,0.15335862050870577
16,1491,1507,0.15336763143228482
15,1487,1502,0.15337617039738943
15,1483,1498,0.15338650187760589
18,1491,1509,0.15339635753899827
19,1492,1511,0.15339709059212753
19,1489,1508,0.15339488372031276
20,1488,1508,0.15339312549422035
20,1488,1508,0.15338895763988217
20,1500,1520,0.15338535243172446
21,1497,1518,0.15338223955982447
22,1499,1521,0.15337640234622835
22,1499,1521,0.15336826480416416
23,1488,1511,0.15336099242824486
23,1492,1515,0.15335062156065235
23,1493,1516,0.15334043132444738
22,1498,1520,0.15333138239497268
20,1504,1524,0.15332589954082082
21,1492,1513,0.15332593635992725
21,1505,1526,0.15332364308595683
21,1514,1535,0.15332182185023796
21,1502,1523,0.1533199412792779
21,1499,1520,0.15331820057115708
20,1506,1526,0.15331688458626627
21,1504,1525,0.1533184072011075
20,1500,1520,0.15331712167638728
20,1503,1523,0.15331861794417248
20,1507,1527,0.1533202390432027
20,1501,1521,0.1533219490981894
18,1496,1514,0.15332371806004552
17,1491,1508,0.1533302117148321
16,1509,1525,0.15333880215761928
17,1508,1525,0.15334924137906497
17,1505,1522,0.15335657036541794
16,1496,1512,0.15336355099518614
16,1502,1518,0.15337269380172802
16,1492,1508,0.153381326746568
15,1501,1516,0.15338922493939489
16,1508,1524,0.1533992818313665
16,1492,1508,0.15340624151422308
17,1492,1509,0.15341261727407945
17,1499,1516,0.15341611534420305
16,1504,1520,0.15341947007438742
16,1507,1523,0.15342509706811444
16,1511,1527,0.15343043327317216
16,1511,1527,0.15343548838342205
15,1518,1533,0.15344027262173798
16,1513,1529,0.1534471093472866
15,1510,1525,0.1534504216875904
15,1517,1532,0.1534558950412237
16,1519,1535,0.15346113640238954
16,1513,1529,0.15346291506169835
15,1505,1520,0.15346476054361444
15,1501,1516,0.15346968268970126
15,1482,1497,0.15347435829506806
15,1490,1505,0.15347879389199814
15,1487,1502,0.15348299681670075
16,1495,1511,0.15348697499845926
14,1516,1530,0.15348757230587987
14,1517,1531,0.15349311959781603
14,1513,1527,0.15349843652311582
14,1514,1528,0.15350352273012494
14,1509,1523,0.1535083797628042
14,1509,1523,0.15351301070394383
14,1499,1513,0.1535174198710363
13,1497,1510,0.1535210402391946
12,1513,1525,0.15352742770224231
13,1500,1513,0.1535358350639518
13,1504,1517,0.15354132010729266
13,1497,1510,0.153546508395384
13,1498,1511,0.1535514123451728
13,1486,1499,0.15355604439700207
12,1494,1506,0.1535596135636106
12,1498,1510,0.15356549776644035
12,1504,1516,0.1535711251631901
11,1500,1511,0.15357649769673437
10,1490,1500,0.15358443169126026
10,1483,1493,0.15359428908585948
10,1498,1508,0.15360355791207644
10,1504,1514,0.15361227187863197
10,1515,1525,0.15362046294632836
10,1507,1517,0.15362816139445273
10,1501,1511,0.1536353958882179
9,1502,1511,0.15364219354654213
9,1491,1500,0.15365098699550014
9,1490,1499,0.15365924812838933
9,1503,1512,0.15366700834905683
9,1505,1514,0.15367349261215105
9,1504,1513,0.15367967867361462
9,1513,1522,0.1536855708246899
9,1510,1519,0.15369117500466042
7,1490,1497,0.15369649844277172
7,1482,1489,0.1537062706467044
7,1488,1495,0.15371549235863893
7,1497,1504,0.15372418883233402
7,1495,1502,0.15373238506644255
7,1491,1498,0.15374010563471618
7,1497,1504,0.15374737455243095
8,1502,1510,0.15375421517327667
8,1507,1515,0.1537574860884722
7,1507,1514,0.15376066132645694
7,1509,1516,0.15376626685931039
7,1508,1515,0.1537715963307643
7,1510,1517,0.15377665737496624
8,1509,1517,0.15378145839835544
8,1520,1528,0.1537827764609744
7,1518,1525,0.1537841513193669
7,1507,1514,0.15378799439295857
7,1503,1510,0.15379170964153047
7,1518,1525,0.15379529111741397
7,1504,1511,0.15379873500622732
6,1514,1520,0.15380203926851654
5,1511,1516,0.1538079454701039
5,1524,1529,0.15381592646600756
5,1518,1523,0.15382343510815194
5,1512,1517,0.15383049778727265
5,1507,1512,0.15383713965173837
5,1507,1512,0.1538433846301578
5,1513,1518,0.1538492554601099
5,1522,1527,0.1538547737215802
5,1510,1515,0.1538599598739181
5,1524,1529,0.15386399095431616
5,1516,1521,0.15386787925364945
5,1506,1511,0.1538716201829521
3,1521,1524,0.1538752111523879
3,1510,1513,0.1538834228503768
3,1505,1508,0.15389119588108924
3,1508,1511,0.1538985488814915
4,1514,1518,0.15390550040758483
4,1506,1510,0.15390886152480845
4,1514,1518,0.15391215597137564
4,1525,1529,0.15391537081145806
4,1518,1522,0.15391849601256663
4,1507,1511,0.15392152400332598
3,1501,1504,0.1539244492916757
3,1500,1503,0.1539300242998923
3,1523,1526,0.15393527753069602
3,1521,1524,0.1539402258829168
3,1521,1524,0.153944885608097
2,1521,1523,0.15394927229776809
2,1512,1514,0.15395573919708969
2,1505,1507,0.15396182234140163
2,1503,1505,0.15396754373991098
2,1498,1500,0.15397292424548575
2,1497,1499,0.1539779836003759
2,1502,1504,0.15398274048244026
2,1517,1519,0.15398721255141345
2,1504,1506,0.15399141649483172
2,1510,1512,0.15399536807331007
2,1519,1521,0.15399908216492528
3,1521,1524,0.15400257280851146
2,1521,1523,0.15400263779507997
2,1520,1522,0.1540059156814615
2,1521,1523,0.15400899623305206
2,1517,1519,0.15401189113329403
1,1516,1517,0.15401461140174477
1,1517,1518,0.1540196013435576
1,1521,1522,0.15402428856534087
1,1513,1514,0.15402869107666728
1,1523,1524,0.15403282587287837
1,1516,1517,0.15403670898334546
1,1513,1514,0.15404035551884088
1,1508,1509,0.15404377971777605
1,1511,1512,0.15404699499111743
1,1500,1501,0.1540500139658424
1,1502,1503,0.1540528485268357
1,1515,1516,0.15405550985715874
1,1526,1527,0.15405800847665468
2,1524,1526,0.15406035427887146
1,1526,1527,0.15405937628134417
1,1524,1525,0.1540610035045613
1,1522,1523,0.15406261671541377
1,1531,1532,0.15406420524747336
1,1522,1523,0.15406576063721006
1,1519,1520,0.1540672762808341
2,1514,1516,0.15406874714012977
2,1510,1512,0.15406690865353737
2,1504,1506,0.154065321821075
2,1522,1524,0.15406395348328344
2,1512,1514,0.154062774793003
2,1518,1520,0.15406176065658633
2,1528,1530,0.15406088924751576
3,1524,1527,0.15406014158303327
3,1528,1531,0.15405628944409508
3,1509,1512,0.15405282929267503
3,1513,1516,0.1540497180252197
3,1513,1516,0.15404691754755814
3,1514,1517,0.1540443941711774
3,1509,1512,0.1540421180839435
3,1499,1502,0.15404006288595426
3,1517,1520,0.15403820518238942
3,1521,1524,0.1540365242262465
2,1522,1524,0.15403500160474873
3,1515,1518,0.15403607078740905
3,1520,1523,0.15403459090755361
3,1514,1517,0.1540332487656919
3,1514,1517,0.15403203027055118
3,1530,1533,0.1540309228858633
3,1525,1528,0.15402991544932373
2,1514,1516,0.15402899801337847
3,1516,1519,0.15403061729168474
4,1521,1525,0.15402962697360711
4,1517,1521,0.15402555947833396
4,1511,1515,0.15402186374864413
4,1524,1528,0.15401850224517452
4,1520,1524,0.15401544153763116
4,1518,1522,0.15401265182854293
5,1509,1514,0.1540101065343068
5,1511,1516,0.15400457302635015
5,1514,1519,0.15399953750815282
5,1506,1511,0.1539949505332782
5,1493,1498,0.1539907679877557
5,1503,1508,0.15398695047894057
4,1501,1505,0.15398346279735048
4,1504,1508,0.15398303017430862
4,1502,1506,0.15398265433509617
4,1513,1517,0.15398161753029696
3,1512,1515,0.15398075444488682
3,1522,1525,0.15398244321009286
3,1519,1522,0.1539841113640842
3,1517,1520,0.15398574849138444
3,1512,1515,0.15398734641019604
3,1522,1525,0.15398889882123995
3,1523,1526,0.15399040100661832
3,1521,1524,0.15399184957186368
2,1526,1528,0.15399324222525532
3,1518,1521,0.15399696567609344
3,1515,1518,0.1539980225208592
3,1513,1516,0.15399904436379333
3,1522,1525,0.1540000290839302
3,1526,1529,0.15400097527872678
3,1513,1516,0.1540018821405022
3,1519,1522,0.15400274935107913
3,1520,1523,0.15400357699209818
3,1526,1529,0.15400436546882232
3,1511,1514,0.15400511544554005
3,1507,1510,0.15400582779093636
3,1509,1512,0.15400650353201925
3,1510,1513,0.154007143815385
3,1520,1523,0.15400774987476942
3,1523,1526,0.15400832300397915
3,1519,1522,0.1540088645344191
3,1515,1518,0.1540093758165425
3,1522,1525,0.154009858204643
3,1517,1520,0.15401031304448715
3,1508,1511,0.15401074166335935
3,1511,1514,0.15401114536214727
3,1515,1518,0.15401152540915208
3,1508,1511,0.15401188303534968
3,1508,1511,0.15401221943087023
3,1515,1518,0.15401253574249568
3,1512,1515,0.15401283307200486
3,1506,1509,0.15401311247521915
3,1509,1512,0.15401337496162562
3,1498,1501,0.154013621494471
4,1499,1503,0.1540138529912365
5,1487,1492,0.1540108452458407
5,1502,1507,0.15400496060914692
5,1510,1515,0.1539996217101767
5,1506,1511,0.15399477213601548
4,1503,1507,0.15399036183529966
3,1509,1512,0.1539891778946003
3,1518,1521,0.15399051257267943
2,1513,1515,0.15399181712459842
2,1514,1516,0.153995774362717
2,1517,1519,0.15399949177641087
2,1519,1521,0.15400298297059684
2,1507,1509,0.1540062609257791
2,1516,1518,0.15400933800266098
1,1517,1518,0.15401222595150194
1,1517,1518,0.15401735078245704
1,1514,1515,0.15402216405150018
1,1517,1518,0.15402668461110444
1,1510,1511,0.15403093018415814
1,1509,1510,0.15403491743024128
1,1508,1509,0.15403866200819338
1,1507,1508,0.15404217863515623
1,1510,1511,0.15404548114226993
2,1507,1509,0.1540485825271929
1,1511,1512,0.15404846270614433
1,1513,1514,0.15405138182073622
1,1517,1518,0.15405412353719203
1,1527,1528,0.15405669854504517
1,1520,1521,0.15405911690298751
1,1516,1517,0.15406138807420353
1,1519,1520,0.15406352095999762
1,1532,1533,0.1540655239317563
1,1519,1520,0.15406740486129278
1,1527,1528,0.1540691711496257
1,1521,1522,0.15407082975424807
1,1524,1525,0.15407238721494307
1,1518,1519,0.15407384967820678
1,1518,1519,0.15407522292033618
1,1519,1520,0.1540765123692421
1,1514,1515,0.154077723125046
1,1502,1503,0.15407885997951878
1,1504,1505,0.15407992743441734
1,1502,1503,0.15408092971877474
1,1505,1506,0.1540818708051973
1,1522,1523,0.15408275442522018
1,1506,1507,0.15408358408377099
1,1512,1513,0.15408436307278986
1,1516,1517,0.1540850944840512
0,1521,1521,0.15408578122123118
