1388,28,1416,0.13579578554849703
1408,33,1441,0.1328895231687917
1416,32,1448,0.13019351149472108
1414,34,1448,0.1277210515399465
1445,37,1482,0.12547803675302824
1440,38,1478,0.12335228484523196
1446,38,1484,0.12143614831094035
1456,38,1494,0.1196790723587581
1457,40,1497,0.11805249143199437
1451,39,1490,0.1165715202913448
1449,39,1488,0.11523905134852633
1449,40,1489,0.11403425402203349
1439,40,1479,0.11293777697194814
1443,43,1486,0.11196544229419217
1452,40,1492,0.11107147865116045
1443,40,1483,0.11023807351718401
1452,43,1495,0.10950012484163438
1437,44,1481,0.10880619124041122
1456,44,1500,0.10821314789803609
1453,42,1495,0.10763052881268828
1442,46,1488,0.10710713980084761
1450,46,1496,0.10665571120359477
1443,45,1488,0.10622672460550345
1459,45,1504,0.1058542319279307
1452,46,1498,0.10547999460199414
1436,46,1482,0.10515506048157328
1435,47,1482,0.10489546489508178
1445,47,1492,0.10466228705644864
1449,47,1496,0.1044279196706777
1455,46,1501,0.10420492969174909
1458,46,1504,0.10398912239946209
1457,49,1506,0.10378864599440467
1449,49,1498,0.10360687081527648
1443,49,1492,0.10345915139769961
1453,47,1500,0.10334118759821873
1450,49,1499,0.10321286186457593
1444,48,1492,0.10310141362703887
1449,47,1496,0.10301242475547205
1451,50,1501,0.1029217835525612
1449,51,1500,0.10283243615479311
1459,48,1507,0.10275721188260356
1457,46,1503,0.10266722448141335
1456,45,1501,0.10258782031219361
1458,50,1508,0.10251834279152278
1455,47,1502,0.1024499822930967
1467,44,1511,0.10239479332103985
1468,39,1507,0.10231754852108946
1456,40,1496,0.1022462751297941
1451,40,1491,0.1022039541840201
1439,37,1476,0.1021775632112178
1430,39,1469,0.10218028783286368
1457,38,1495,0.10220548937433377
1436,40,1476,0.10216792023626976
1434,39,1473,0.10217733734594418
1444,40,1484,0.10219095843161341
1436,43,1479,0.1021817612146263
1450,42,1492,0.10219179801835362
1449,41,1490,0.10216988914841815
1443,40,1483,0.10214952271484919
1439,40,1479,0.1021443308389402
1438,39,1477,0.10214732385995387
1434,40,1474,0.10215358403005786
1433,42,1475,0.10217015670995286
1453,44,1497,0.10218587531026832
1448,44,1492,0.10215536170997655
1453,44,1497,0.10213898493763987
1445,43,1488,0.10211428479608925
1453,43,1496,0.10210783008737417
1440,41,1481,0.10208432485400878
1437,39,1476,0.10209017033097431
1448,37,1485,0.10210539286920742
1455,37,1492,0.10209422761294
1462,37,1499,0.10206654155071393
1454,35,1489,0.10202431388227225
1443,32,1475,0.10200417120817437
1445,32,1477,0.10201194316103304
1444,31,1475,0.1020148554417122
1443,32,1475,0.10201801107078323
1440,31,1471,0.10202380735305913
1446,33,1479,0.10203482047323277
1448,31,1479,0.10203060318679139
1449,33,1482,0.1020230005749859
1454,31,1485,0.10201309145346375
1456,31,1487,0.10199384187146851
1447,32,1479,0.10197074714357168
1440,32,1472,0.10196839327074667
1461,31,1492,0.1019829600332073
1461,34,1495,0.10194989407580238
1452,33,1485,0.10192098255988619
1459,31,1490,0.10191324553668814
1456,33,1489,0.10189060738534188
1470,31,1501,0.10187773010353512
1475,29,1504,0.10183563220239446
1465,30,1495,0.10178479124448117
1464,29,1493,0.1017604653488997
1465,30,1495,0.10174017869902709
1465,29,1494,0.10171894108805418
1465,31,1496,0.10170083259297702
1462,31,1493,0.1016859035940408
1469,28,1497,0.10167811550196687
1472,28,1500,0.10165165661385771
1462,27,1489,0.10162063343203254
1462,27,1489,0.10161578297564318
1472,27,1499,0.1016101331181936
1467,28,1495,0.10158254518960011
1467,29,1496,0.10156731723356625
1456,30,1486,0.10155247205552792
1453,31,1484,0.10156314782453603
1452,30,1482,0.10158111907844283
1465,31,1496,0.10159999891945315
1463,31,1494,0.1015896316586392
1464,32,1496,0.10158429277787537
1472,34,1506,0.10157748374624866
1476,33,1509,0.10155469900278648
1489,32,1521,0.10152486264796594
1476,32,1508,0.1014677175635623
1479,32,1511,0.10144369698443559
1470,33,1503,0.1014155744300471
1471,34,1505,0.10141117671161062
1468,35,1503,0.10140504380550443
1467,34,1501,0.10140803296172589
1473,34,1507,0.10141048529592464
1448,37,1485,0.10139936708735078
1458,37,1495,0.10144653440675472
1445,37,1482,0.10146964428602184
1468,37,1505,0.10151861436980326
1464,37,1501,0.10151307073949507
1458,36,1494,0.10151559688927327
1462,36,1498,0.10152987254664395
1461,35,1496,0.10153411889199812
1458,33,1491,0.10154154813065748
1454,33,1487,0.10155483869352698
1449,35,1484,0.10157646922291179
1446,36,1482,0.10160669649101894
1451,36,1487,0.10164246167061336
1452,36,1488,0.10166346056562403
1450,40,1490,0.10168030826767246
1455,39,1494,0.10170056485999118
1465,40,1505,0.10170942375886888
1466,38,1504,0.10169435702251012
1455,38,1493,0.10167901966054461
1451,38,1489,0.10168642985197085
1454,38,1492,0.10170394442632609
1458,38,1496,0.10171487000523326
1456,37,1493,0.10171630171800328
1435,40,1475,0.10172146842900405
1444,37,1481,0.10177348690992477
1455,38,1493,0.1018019610041882
1461,39,1500,0.10180414725061741
1458,40,1498,0.10179039141242609
1453,40,1493,0.10178519150886835
1460,40,1500,0.10179117670809773
1457,39,1496,0.1017820795356516
1460,38,1498,0.10178167903511895
1450,40,1490,0.10177437417693026
1448,42,1490,0.1017893991443771
1452,40,1492,0.10180806829717656
1440,39,1479,0.1018169641552446
1449,40,1489,0.1018521630650791
1437,41,1478,0.10186491712415237
1430,43,1473,0.10190147773912987
1441,41,1482,0.10195060795895668
1447,44,1491,0.1019721237713016
1445,43,1488,0.10197914728857697
1465,41,1506,0.10198907831685589
1461,44,1505,0.10195378099975244
1454,46,1500,0.10192888977491671
1447,44,1491,0.10192278249860649
1443,44,1487,0.10193271547048155
1454,45,1499,0.10195076740464003
1451,45,1496,0.10194572170363576
1442,45,1487,0.10194806376754079
1454,44,1498,0.10196791915495489
1451,48,1499,0.10195937705018256
1461,49,1510,0.10195770492329129
1464,48,1512,0.10193379008396508
1439,46,1485,0.10190415217865273
1433,46,1479,0.10193282673523221
1442,45,1487,0.10197492414717692
1449,46,1495,0.10199520234824579
1455,44,1499,0.10199786675975465
1457,47,1504,0.1019850195554578
1454,49,1503,0.10196812551469754
1455,50,1505,0.10195700826110671
1450,48,1498,0.10194643313925987
1448,48,1496,0.10194695827223775
1460,49,1509,0.10195199289322257
1450,47,1497,0.10193118546637082
1434,49,1483,0.10193591210646943
1446,51,1497,0.1019763846784071
1451,53,1504,0.10198701243034954
1440,51,1491,0.1019842261371344
1446,52,1498,0.10200783516613672
1451,52,1503,0.1020176286571444
1447,52,1499,0.10201370775851176
1443,48,1491,0.10201954198863383
1432,50,1482,0.10203346987956767
1438,54,1492,0.10207012519537653
1438,54,1492,0.10209092512786225
1438,52,1490,0.10210958383735974
1436,52,1488,0.10212576769062742
1433,51,1484,0.10214527157952188
1448,52,1500,0.10217087352178872
1446,50,1496,0.10216174853605935
1447,50,1497,0.102158805154051
1452,51,1503,0.10215189229117787
1451,50,1501,0.10213240544783998
1442,51,1493,0.10211788678246247
1441,51,1492,0.10212405895148713
1439,51,1490,0.10213239284348312
1448,51,1499,0.10214413537115628
1452,50,1502,0.10213641230269388
1458,50,1508,0.10211937047778202
1456,51,1507,0.10209088641675715
1449,48,1497,0.10206977586533249
1425,50,1475,0.10206573848896035
1440,51,1491,0.10211525872068439
1434,51,1485,0.10212898513589497
1439,51,1490,0.10215618180173237
1425,48,1473,0.10216968339781082
1431,50,1481,0.10221386406019349
1427,50,1477,0.102239992997964
1443,51,1494,0.10227152724429062
1443,52,1495,0.10226552614199061
1442,51,1493,0.10225966128617582
1446,49,1495,0.1022561187008289
1442,46,1488,0.1022433236396669
1456,47,1503,0.10224064344601069
1456,46,1502,0.10220678950107759
1453,49,1502,0.1021768213784187
1455,51,1506,0.1021556727444468
1457,52,1509,0.10213344833497218
1439,49,1488,0.10210800984968159
1449,49,1498,0.1021267208748911
1455,46,1501,0.10212031115459688
1441,49,1490,0.10209947528738113
1433,48,1481,0.10211241109534218
1430,48,1478,0.10214166853741866
1438,49,1487,0.10217643853757322
1438,50,1488,0.10219024747035649
1453,53,1506,0.10220431522148765
1442,52,1494,0.10218304861004573
1429,51,1480,0.1021883440592305
1425,52,1477,0.10222077469847207
1430,54,1484,0.10226084440636068
1425,56,1481,0.10228675985743578
1434,56,1490,0.10232005194681289
1439,57,1496,0.10233192730313684
1440,56,1496,0.10233281415765194
1444,53,1497,0.10233036798604132
1452,51,1503,0.10232061369088367
1439,52,1491,0.10229408908953413
1435,51,1486,0.10229816885539249
1445,52,1497,0.10231162650576006
1436,53,1489,0.1023005026952748
1424,52,1476,0.10231178983812832
1429,54,1483,0.10234910952250317
1441,56,1497,0.10237197688714626
1428,59,1487,0.10236587096783893
1432,58,1490,0.10238937743180979
1432,56,1488,0.10240375609663915
1421,58,1479,0.10241751137773854
1424,57,1481,0.10245427011381622
1417,56,1473,0.10248132377007024
1409,58,1467,0.10252084043358181
1416,57,1473,0.10257654612777023
1427,56,1483,0.10261177381184618
1419,56,1475,0.10261806293282913
1424,59,1483,0.10264216536368696
1435,58,1493,0.10265334647814683
1441,60,1501,0.1026400263378958
1447,60,1507,0.10261439633460505
1452,60,1512,0.1025747253674766
1457,56,1513,0.10252729697355768
1447,57,1504,0.10247178855879974
1442,58,1500,0.10244371521899055
1437,58,1495,0.10243096655353698
1434,60,1494,0.10243076378346211
1443,63,1506,0.10243888679977374
1451,62,1513,0.10242413220737312
1444,62,1506,0.1023915295142054
1436,65,1501,0.10237552388514773
1426,61,1487,0.10238022776744676
1425,60,1485,0.10240852116922863
1426,60,1486,0.10243683742918833
1428,63,1491,0.10246059808380557
1446,62,1508,0.10247706961298128
1437,62,1499,0.10245310886320957
1440,61,1501,0.10245095385167154
1440,61,1501,0.10244375754543449
1449,62,1511,0.1024364265163344
1444,62,1506,0.10241057025091582
1437,62,1499,0.10239734759825872
1442,62,1504,0.10240030088790483
1436,60,1496,0.10239319233634067
1429,58,1487,0.1024004947735094
1426,60,1486,0.10242298050347476
1439,58,1497,0.10245108050988662
1435,59,1494,0.10244726451009697
1422,60,1482,0.1024529637668208
1436,61,1497,0.1024863765072805
1431,59,1490,0.10248493262021668
1451,57,1508,0.10249385327341386
1451,59,1510,0.10245959844221243
1436,59,1495,0.10242614577095058
1430,59,1489,0.10242944932667136
1421,59,1480,0.10244584098791572
1434,59,1493,0.1024816215294213
1444,61,1505,0.10248536886271474
1441,61,1502,0.10246615753954905
1442,63,1505,0.10245515833814707
1438,63,1501,0.10244345099091617
1428,61,1489,0.10244117193751286
1420,61,1481,0.10246079437407232
1432,63,1495,0.10249833908528505
1441,62,1503,0.10250517077986808
1417,61,1478,0.10249083166350846
1414,64,1478,0.10253239252825284
1427,68,1495,0.10257689879858498
1430,68,1498,0.10258823710763934
1433,68,1501,0.10259307967047988
1435,70,1505,0.10259076660546043
1432,71,1503,0.10258577722611661
1425,71,1496,0.1025877615508573
1432,68,1500,0.10260520850856535
1424,66,1490,0.10260598063100325
1419,67,1486,0.1026247899821902
1416,66,1482,0.10265299798752898
1417,66,1483,0.10268700539245558
1427,64,1491,0.10271662325190928
1420,62,1482,0.1027204013948187
1410,65,1475,0.10273951221933722
1412,69,1481,0.10278037762605058
1426,68,1494,0.10281327192981411
1427,68,1495,0.10281202551663135
1453,68,1521,0.10280791582847104
1452,68,1520,0.10274569861267452
1455,65,1520,0.10268921142826164
1447,66,1513,0.10263117278968423
1437,65,1502,0.10259401386147556
1429,64,1493,0.10258221959270974
1428,62,1490,0.10259084053624616
1439,62,1501,0.10260194184173446
1423,63,1486,0.10258824352465808
1436,64,1500,0.10261021650946979
1442,68,1510,0.10260226061094084
1436,72,1508,0.10258245501251878
1438,68,1506,0.10257825827929694
1435,70,1505,0.10257050317619815
1425,71,1496,0.10256954838814179
1428,70,1498,0.10259212189172302
1421,70,1491,0.102608269394419
1422,71,1493,0.1026384578442258
1428,71,1499,0.10266422203215515
1446,70,1516,0.10267299470633018
1440,67,1507,0.10263900329701667
1433,66,1499,0.10261988495597293
1428,68,1496,0.1026167773045716
1421,66,1487,0.10262569094090174
1422,72,1494,0.10265093261913968
1423,72,1495,0.10267166794835222
1424,71,1495,0.1026908595037764
1430,71,1501,0.10270752414235101
1416,71,1487,0.10271007660761451
1413,71,1484,0.10274224691119194
1419,73,1492,0.10277743508439334
1422,70,1492,0.10279542449691938
1419,70,1489,0.10280625778877145
1397,76,1473,0.10282280365646537
1416,77,1493,0.10288795841305501
1399,79,1478,0.10290782467831716
1404,74,1478,0.10296361472603528
1408,74,1482,0.1030040997226282
1429,76,1505,0.10303075010083905
1413,77,1490,0.10300940476170822
1420,76,1496,0.10302590162751075
1419,75,1494,0.10302674937893926
1422,76,1498,0.10303015832864558
1413,78,1491,0.10302725779515651
1409,80,1489,0.1030441451170637
1409,80,1489,0.10306867939921004
1408,80,1488,0.10309281203923958
1403,80,1483,0.10311623649105126
1403,80,1483,0.10314817489234926
1399,77,1476,0.10317610415725972
1399,76,1475,0.10320875387984062
1404,77,1481,0.10323928394793003
1420,81,1501,0.10325740957345392
1419,79,1498,0.10323857430131106
1393,81,1474,0.10322224658994791
1392,80,1472,0.10326509797241024
1387,79,1466,0.10330875469527634
1401,82,1483,0.10336233391948811
1398,80,1478,0.10337905201981759
1407,79,1486,0.10340007180963312
1407,81,1488,0.10339974129132275
1402,82,1484,0.10340014380743359
1401,82,1483,0.10341025346360318
1419,82,1501,0.10342057397684894
1411,82,1493,0.10338932316875227
1422,83,1505,0.10337796727779619
1417,85,1502,0.10334483059265967
1414,89,1503,0.10332586624366595
1412,86,1498,0.10331460128456066
1420,88,1508,0.10330946618464569
1405,86,1491,0.10328868237452021
1417,83,1500,0.10330330728566846
1422,85,1507,0.10328847446572684
1416,83,1499,0.10326394649558374
1416,81,1497,0.10325654783147172
1413,86,1499,0.10324834968779595
1409,83,1492,0.10324739848268848
1395,86,1481,0.10325785131413534
1399,86,1485,0.10329959216111924
1398,87,1485,0.10332929508947881
1399,93,1492,0.1033594963861989
1404,91,1495,0.10338540791792368
1396,92,1488,0.103398084861632
1399,90,1489,0.10342786538011334
1402,93,1495,0.1034477421365554
1412,93,1505,0.10346158280011282
1404,93,1497,0.10345055285184188
1409,94,1503,0.10345869253457664
1408,96,1504,0.10345691767272058
1402,98,1500,0.10345860724913632
1397,98,1495,0.10347421041227346
1392,98,1490,0.1035009015056659
1400,98,1498,0.10353555314332034
1391,99,1490,0.10354917362100124
1378,99,1477,0.10358222347123408
1399,100,1499,0.10364000777858567
1398,100,1498,0.10364771756675452
1376,100,1476,0.10365796047964743
1381,106,1487,0.103718576523836
1368,104,1472,0.1037626882307708
1384,104,1488,0.1038346329702949
1396,103,1499,0.10386370184562438
1398,104,1502,0.10386471512532253
1388,107,1495,0.10386172118145648
1382,107,1489,0.10388003633077349
1384,107,1491,0.10391035781984251
1394,102,1496,0.10393464891508375
1411,104,1515,0.10393337611933084
1407,102,1509,0.10389469058290356
1405,101,1506,0.10386909297312105
1398,100,1498,0.103850404974478
1395,102,1497,0.10384974606794628
1386,99,1485,0.1038578307479691
1387,101,1488,0.10388537139464848
1388,99,1487,0.10390714495811045
1392,98,1490,0.10392437609184099
1393,104,1497,0.10393051387992701
1390,104,1494,0.10393105525711517
1393,107,1500,0.10393795086878718
1396,104,1500,0.10393793235798872
1381,105,1486,0.10393243611914872
1381,104,1485,0.10395933703158405
1389,105,1494,0.10398384931702623
1388,104,1492,0.10398968566217422
1394,102,1496,0.10399667301330784
1392,105,1497,0.10399078871461949
1384,107,1491,0.10399030077107735
1394,107,1501,0.10400863437928237
1394,106,1500,0.10400312458360826
1378,107,1485,0.10399761084142443
1371,109,1480,0.1040291134980157
1396,111,1507,0.10407490223972929
1394,109,1503,0.10406109758882556
1400,112,1512,0.10405323802650905
1396,113,1509,0.1040318823092398
1382,107,1489,0.10402024895705271
1377,109,1486,0.10404128558864743
1376,107,1483,0.10407148701085969
1392,107,1499,0.10410206701047922
1388,109,1497,0.10409397798248221
1391,110,1501,0.1040957865936235
1381,110,1491,0.10409106251326035
1385,112,1497,0.10411124852806804
1393,114,1507,0.10412011768496834
1392,117,1509,0.1041100505810046
1380,116,1496,0.10410314656313809
1384,121,1505,0.10412462602245193
1374,121,1495,0.1041354553016435
1363,122,1485,0.10416909346017551
1372,126,1498,0.10422481190678973
1372,122,1494,0.10425515421833388
1373,121,1494,0.10428348109629315
1362,122,1484,0.10430437844420122
1368,124,1492,0.10435049947152476
1368,122,1490,0.10437978482856262
1378,123,1501,0.10440786673197568
1370,120,1490,0.10441326055019516
1354,126,1480,0.10443469367656733
1357,132,1489,0.10448902201681888
1361,132,1493,0.1045337009061694
1359,131,1490,0.10456703647255405
1362,130,1492,0.1046028405284012
1365,130,1495,0.10463078667138856
1362,129,1491,0.10464778922306418
1349,127,1476,0.10467117420447228
1358,129,1487,0.10472077164051789
1362,128,1490,0.1047454324132672
1363,129,1492,0.10475673450217686
1365,132,1497,0.10476452472429301
1357,132,1489,0.10476859284027963
1361,137,1498,0.10479219565325866
1359,139,1498,0.10480714230957702
1345,134,1479,0.10482476182134626
1351,135,1486,0.10487134401979223
1355,139,1494,0.104902120547275
1350,139,1489,0.10492259561257346
1351,139,1490,0.10495311842872673
1362,134,1496,0.10498049320058207
1359,131,1490,0.10498222690439166
1355,131,1486,0.10498764531504891
1357,126,1483,0.10500241177378802
1351,127,1478,0.10500820440647214
1360,129,1489,0.10502538144847878
1354,129,1483,0.10502200652440832
1356,130,1486,0.10502825290106499
1350,134,1484,0.10503294868045784
1348,132,1480,0.10505126213339132
1354,135,1489,0.10507332505117993
1352,134,1486,0.10507936314221594
1351,136,1487,0.10508865265720396
1348,139,1487,0.10510024206248686
1339,138,1477,0.10511790999780914
1341,142,1483,0.10515569109532316
1347,140,1487,0.1051869265148289
1353,144,1497,0.10520240568398527
1355,140,1495,0.10520497305770746
1350,143,1493,0.10520440428948677
1344,145,1489,0.10521355960720338
1342,150,1492,0.10523660132162785
1327,153,1480,0.10526082986539327
1325,155,1480,0.10531744649131783
1325,154,1479,0.1053748178662828
1351,152,1503,0.10542587807007589
1354,153,1507,0.10541493779941419
1336,154,1490,0.10539916944484978
1331,161,1492,0.10542624548245325
1321,159,1480,0.10546353499656241
1314,156,1470,0.10552139423161024
1320,165,1485,0.10558946401595597
1321,167,1488,0.10563812984983563
1314,166,1480,0.10568080171065347
1315,166,1481,0.10573810880759658
1322,163,1485,0.10578866339490296
1309,162,1471,0.10582107184038243
1311,162,1473,0.10587946014106894
1308,168,1476,0.10593003788117672
1311,167,1478,0.10598425758829616
1309,170,1479,0.10602805882350655
1315,173,1488,0.10607376711800783
1299,175,1474,0.10610418393471101
1306,172,1478,0.10616945808038068
1318,169,1487,0.10621300209089761
1324,168,1492,0.10622522490821748
1309,170,1479,0.10622121325369265
1319,173,1492,0.10625066691533654
1314,173,1487,0.10625884093292395
1309,176,1485,0.10627513818355777
1314,179,1493,0.10630117091465432
1322,180,1502,0.10631431575796871
1314,176,1490,0.10630796930856995
1311,179,1490,0.10632151664540448
1315,177,1492,0.10634114183299459
1319,179,1498,0.1063475386487272
1335,183,1518,0.10634585096598773
1315,184,1499,0.10630628112503118
1309,186,1495,0.10631743301600412
1308,182,1490,0.10634221657567773
1320,182,1502,0.10636746968076519
1313,185,1498,0.10636443614795907
1318,188,1506,0.1063769834694607
1314,186,1500,0.106378580074704
1300,183,1483,0.10639040873312361
1314,187,1501,0.10643399553557958
1313,188,1501,0.10644234983614462
1318,187,1505,0.10645388402977592
1308,193,1501,0.10645438973435338
1299,195,1494,0.1064785524146768
1290,202,1492,0.10652012914097614
1287,200,1487,0.10658143945835398
1303,201,1504,0.10664684255547716
1306,199,1505,0.10666953514528249
1302,202,1504,0.1066824615906436
1293,202,1495,0.10670380967065028
1283,199,1482,0.10674388793724092
1276,199,1475,0.10680562524084604
1280,199,1479,0.10687801214712224
1277,203,1480,0.10693750022023966
1286,204,1490,0.106996842339136
1296,200,1496,0.10703082886870828
1307,197,1504,0.10703948160162619
1303,197,1500,0.10702237983878633
1292,198,1490,0.10701613344599982
1294,201,1495,0.10703317729392647
1315,199,1514,0.1070447632867479
1312,200,1512,0.10700886868996569
1313,201,1514,0.10698202114697168
1316,198,1514,0.10695613081738374
1314,197,1511,0.10692567063868637
1321,202,1523,0.10690308834487522
1312,201,1513,0.10686371322067938
1296,196,1492,0.10684844645295691
1316,193,1509,0.10687175179252821
1317,189,1506,0.10684784666834596
1305,187,1492,0.10682441749694606
1300,191,1491,0.1068324277960265
1295,193,1488,0.10685067870271318
1308,195,1503,0.10688151474076817
1304,199,1503,0.10688022113136583
1294,200,1494,0.1068881327134925
1301,197,1498,0.10691945162145128
1309,194,1503,0.10693244365104633
1303,202,1505,0.10692374630450174
1306,203,1509,0.10692906733349183
1308,206,1514,0.10692885411340694
1307,207,1514,0.10692408128815621
1299,209,1508,0.10692188188216342
1288,206,1494,0.10693743370097085
1285,203,1488,0.1069780464452052
1292,203,1495,0.10702470154702555
1295,207,1502,0.1070519325918728
1297,205,1502,0.10707131958734518
1308,202,1510,0.10708101634854948
1312,204,1516,0.10706620825588198
1307,203,1510,0.10704079165531062
1305,201,1506,0.10702921408635195
1297,201,1498,0.10702193010125166
1297,203,1500,0.10703259222095923
1303,198,1501,0.10704497202465894
1287,194,1481,0.10704125966929628
1295,201,1496,0.10707370417329937
1276,201,1477,0.10708294115269157
1274,201,1475,0.10713524723047332
1287,199,1486,0.1071909843453486
1282,197,1479,0.10721268004296122
1273,203,1476,0.10724298857402526
1275,204,1479,0.10728944932528268
1283,206,1489,0.10732777030667222
1272,208,1480,0.10734527809809274
1276,205,1481,0.10738876471703947
1284,210,1494,0.10742123307381385
1289,212,1501,0.10742994097479809
1286,209,1495,0.107428367192035
1289,216,1505,0.10743286714478988
1268,218,1486,0.10742949313226427
1260,219,1479,0.10747578715384926
1279,222,1501,0.10753786316929421
1274,220,1494,0.10755388223367451
1280,224,1504,0.10758093238229832
1273,229,1502,0.10759020255420354
1275,226,1501,0.10761444914387645
1266,224,1490,0.10763422397892526
1255,222,1477,0.10767345743215984
1250,221,1471,0.10773746100174339
1266,222,1488,0.10780619906049227
1262,219,1481,0.10783272317181757
1265,224,1489,0.10786384557017228
1273,227,1500,0.10788605574861261
1274,229,1503,0.1078894529284193
1278,232,1510,0.10789120747036819
1269,231,1500,0.10788260741968181
1272,226,1498,0.10789368854743081
1273,225,1498,0.10789898287435008
1272,224,1496,0.10790444529580544
1265,226,1491,0.10791413859627504
1271,231,1502,0.1079400913219381
1272,235,1507,0.10795209417420797
1290,233,1523,0.10796048739275768
1274,231,1505,0.10792748190585946
1261,230,1491,0.10793397526919797
1266,230,1496,0.10796874479680973
1266,237,1503,0.1079892400624275
1252,239,1491,0.10800728741230231
1251,239,1490,0.10805413272506634
1254,238,1492,0.10810078109769584
1245,245,1490,0.10813916432336257
1241,240,1481,0.10819394110319383
1251,239,1490,0.10825509736741434
1250,241,1491,0.10828759554277624
1252,239,1491,0.10832208790046963
1244,243,1487,0.10834860804502428
1261,243,1504,0.10839190251717788
1261,252,1513,0.10839521148694757
1254,246,1500,0.10839583966906258
1260,249,1509,0.10841402947621356
1254,249,1503,0.1084163620666974
1251,249,1500,0.10843150721624299
1250,245,1495,0.10845372592841405
1250,242,1492,0.10847488422754545
1269,243,1512,0.10849575452785487
1270,246,1516,0.10846997275207183
1252,256,1508,0.1084447731981254
1244,252,1496,0.10846038508586617
1239,249,1488,0.10849557901363598
1248,251,1499,0.10854013328572724
1252,255,1507,0.10856444618703023
1264,252,1516,0.10857903754159827
1249,251,1500,0.10856640362162893
1244,253,1497,0.10858785215767636
1245,252,1497,0.10861933156503906
1242,254,1496,0.10864560726857014
1244,252,1496,0.10867537263612316
1244,251,1495,0.10869783592370943
1251,247,1498,0.10871906090626896
1261,239,1500,0.10872145726758578
1265,243,1508,0.10869849745875154
1264,243,1507,0.10866885222316892
1263,245,1508,0.10864249180629017
1249,247,1496,0.10861929187971578
1240,251,1491,0.10862951833207347
1239,251,1490,0.10865924884538075
1244,248,1492,0.10869087053857018
1235,253,1488,0.1087098612523695
1241,249,1490,0.10874470093247406
1234,242,1476,0.10876568349877413
1235,243,1478,0.1088007331749581
1242,247,1489,0.10882816908198073
1243,252,1495,0.10883694531455297
1247,247,1494,0.10884391256175359
1258,248,1506,0.10883867029224811
1250,247,1497,0.108807731570158
1251,249,1500,0.10879851232500365
1248,254,1502,0.1087856984632623
1237,255,1492,0.10878133488964409
1241,254,1495,0.1088032598478636
1243,251,1494,0.1088159591291851
1238,253,1491,0.10882182990467246
1245,255,1500,0.10883925895586279
1233,256,1489,0.108840690284927
1224,257,1481,0.10886890550863088
1230,255,1485,0.10891508881430567
1228,254,1482,0.10894282596051046
1239,259,1498,0.10897230411978365
1236,266,1502,0.10897559712893409
1232,268,1500,0.10898431177739562
1229,269,1498,0.10900339741931785
1232,272,1504,0.10902990293404717
1231,275,1506,0.10905022446647847
1235,272,1507,0.10907298619381038
1240,270,1510,0.10908563441333055
1236,269,1505,0.10908466051967829
1231,267,1498,0.1090948831653774
1225,267,1492,0.10911766235595756
1232,269,1501,0.10915070898031541
1216,267,1483,0.10916431716065757
1213,270,1483,0.10921583889521137
1227,268,1495,0.10926902602723039
1223,276,1499,0.10928813168515156
1221,272,1493,0.10931453235963393
1226,271,1497,0.10934113369170165
1231,272,1503,0.10935625002020796
1231,276,1507,0.10935972765857936
1235,277,1512,0.10936268003275287
1237,275,1512,0.1093536683549457
1216,277,1493,0.1093403358983776
1211,282,1493,0.10937655918621861
1226,280,1506,0.1094230118521253
1224,275,1499,0.10943212584890112
1220,272,1492,0.10944483051823296
1224,274,1498,0.10946533408414971
1225,276,1501,0.10947292949833652
1220,275,1495,0.10947795228360307
1215,278,1493,0.10949374877221299
1218,276,1494,0.10951961435346391
1218,279,1497,0.10953841691707393
1202,283,1485,0.10955633657371103
1208,285,1493,0.10961071981654605
1220,283,1503,0.10964668546252955
1219,286,1505,0.1096522825221094
1201,283,1484,0.1096608204455728
1215,285,1500,0.10970983300946582
1213,292,1505,0.10972057704188769
1203,290,1493,0.1097373965812307
1210,290,1500,0.10977654416631966
1202,292,1494,0.10979761242519775
1214,297,1511,0.10983703118543765
1208,297,1505,0.10984556896529923
1210,292,1502,0.10986663464968525
1212,288,1500,0.1098852246661016
1205,288,1493,0.10989798634543979
1204,282,1486,0.10992373932652369
1211,277,1488,0.10995243785223784
1216,281,1497,0.10996351782027379
1210,280,1490,0.10996172952496348
1212,278,1490,0.10997205153340053
1214,281,1495,0.10997646440030749
1224,285,1509,0.109974763483423
1215,280,1495,0.10995216032605602
1201,281,1482,0.10995000967166288
1209,279,1488,0.10998073693859109
1215,281,1496,0.10999068160858655
1217,283,1500,0.10998555260044923
1216,284,1500,0.1099750173739096
1216,288,1504,0.10997142663592875
1208,287,1495,0.1099682255125399
1223,291,1514,0.10998159637751635
1235,293,1528,0.10996144559727787
1221,300,1521,0.10991633370075007
1201,299,1500,0.10990760890543609
1198,302,1500,0.10994665218964382
1200,297,1497,0.10998939942974253
1206,297,1503,0.11002733233919168
1202,303,1505,0.11004766543812954
1211,308,1519,0.1100748247498485
1213,306,1519,0.1100809734790478
1208,304,1512,0.1100843139573599
1207,301,1508,0.11009993409740072
1202,302,1504,0.11011508051741785
1194,300,1494,0.11013989844555422
1198,297,1495,0.11018160737246213
1194,300,1494,0.11021060399005002
1189,303,1492,0.11024616205239653
1198,301,1499,0.11028959408305043
1190,302,1492,0.11031052507356869
1190,300,1490,0.11034924491757658
1189,302,1491,0.11038376084806084
1192,305,1497,0.11041603982619151
1178,309,1487,0.11043964867101091
1171,305,1476,0.11049480149503572
1168,315,1483,0.11056312758916416
1168,323,1491,0.11063679816840839
1163,324,1487,0.11070590446707573
1167,329,1496,0.1107840661590067
1166,331,1497,0.11084821910092811
1149,335,1484,0.1109087423136167
1164,330,1494,0.1110002789121103
1159,339,1498,0.11105042040909219
1168,338,1506,0.11110882706154804
1172,342,1514,0.11114253788278053
1164,340,1504,0.11116480895298293
1159,338,1497,0.11120363345581392
1163,335,1498,0.11124979619924968
1164,331,1495,0.11128415490041206
1166,336,1502,0.11131306283242832
1170,333,1503,0.1113366007566894
1167,334,1501,0.11135175707977783
1155,342,1497,0.11137277673060876
1147,345,1492,0.11142086806133959
1156,344,1500,0.11148103925863427
1148,345,1493,0.11151898685905906
1153,343,1496,0.1115710062219523
1157,347,1504,0.11160756666796928
1153,340,1493,0.11163308135307343
1134,338,1472,0.11166716656301016
1146,346,1492,0.11174132424439832
1149,348,1497,0.11178346637246765
1133,344,1477,0.11181481248387662
1138,350,1488,0.11188104181620777
1143,352,1495,0.11193306298379406
1140,356,1496,0.11196852798376294
1141,355,1496,0.11200604878801933
1127,357,1484,0.11203712278350406
1121,356,1477,0.11209978034332192
1112,358,1470,0.1121725126278827
1121,362,1483,0.11226167225608723
1123,361,1484,0.11232596226223711
1123,362,1485,0.11238246747665247
1118,359,1477,0.11243225223735961
1128,363,1491,0.11249028880326292
1132,360,1492,0.11251996495799328
1136,361,1497,0.11253619744434404
1140,362,1502,0.11254193936223744
1135,361,1496,0.11253700108895102
1127,362,1489,0.11254648341809488
1130,367,1497,0.11257474498245773
1119,372,1491,0.11259413874317109
1124,372,1496,0.11263695803236536
1129,360,1489,0.11266687142075477
1129,359,1488,0.11268193526607821
1131,350,1481,0.1126919104542581
1136,347,1483,0.11269732538387807
1137,358,1495,0.11268973879242485
1141,363,1504,0.11268221937430573
1137,369,1506,0.11266691140862832
1131,370,1501,0.11266377845578641
1125,376,1501,0.11267618001938923
1124,374,1498,0.11270258466399881
1111,375,1486,0.11272977555704572
1110,380,1490,0.11278647454434951
1117,382,1499,0.11284403355113533
1117,383,1500,0.1128789533061061
1121,380,1501,0.11291156765973481
1116,372,1488,0.11293489428962789
1117,383,1500,0.11296705944088037
1114,389,1503,0.11299358335145795
1112,394,1506,0.11302870226054246
1110,391,1501,0.11306378583409224
1106,390,1496,0.11309888633759371
1110,383,1493,0.11314209598814581
1115,373,1488,0.11317341403020988
1106,376,1482,0.11319048850905652
1107,377,1484,0.11322476622269853
1114,380,1494,0.11325609609339365
1111,382,1493,0.11326898617291352
1110,382,1492,0.11328857317970621
1110,388,1498,0.11330943217219516
1114,391,1505,0.11332819851102037
1114,397,1511,0.11333778952547288
1110,391,1501,0.11334501890027898
1100,395,1495,0.11336031897776161
1094,390,1484,0.11339674261374036
1092,392,1484,0.11344534072481008
1096,401,1497,0.11349509046381495
1096,402,1498,0.11353245187584975
1084,400,1484,0.11356903334513926
1099,405,1504,0.11363031774482488
1092,410,1502,0.11365276610636982
1095,410,1505,0.11369170985354969
1108,407,1515,0.1137187615196391
1101,406,1507,0.11371547204940334
1091,413,1504,0.11373058228447448
1090,412,1502,0.11376684850370047
1084,410,1494,0.11380351947841437
1075,423,1498,0.11385369928818667
1074,423,1497,0.1139202757023441
1080,426,1506,0.11398619651087774
1071,429,1500,0.11403548833279066
1074,427,1501,0.1141026082001591
1084,413,1497,0.11415594540871066
1093,425,1518,0.11418267050972818
1082,424,1506,0.11418456481194315
1082,421,1503,0.11420755386239101
1089,427,1516,0.11423231873893905
1082,415,1497,0.11423943990797845
1073,422,1495,0.11426295301147527
1068,420,1488,0.11430596996291759
1085,429,1514,0.11435654602040313
1086,426,1512,0.11436554030993902
1077,432,1509,0.1143699297514833
1078,435,1513,0.11439703578070474
1068,431,1499,0.11442182546774748
1061,426,1487,0.11446895718914817
1060,426,1486,0.11452651208810143
1053,428,1481,0.11458312385193657
1048,431,1479,0.11464668070572405
1062,426,1488,0.11471584386508507
1049,429,1478,0.11475062063590928
1064,436,1500,0.11481273712776119
1064,440,1504,0.11483535705409531
1058,448,1506,0.11485740340919887
1058,446,1504,0.11489442696938741
1051,445,1496,0.11492768438511729
1051,450,1501,0.11497807365425478
1056,447,1503,0.11502688259511727
1053,451,1504,0.11506097726383732
1044,456,1500,0.11509646571626703
1038,458,1496,0.11514950861376452
1039,454,1493,0.11521495120313675
1034,452,1486,0.11527275759540671
1034,450,1484,0.11533424077055042
1035,459,1494,0.11539157650015848
1043,461,1504,0.11544508800031354
1042,465,1507,0.11547484755465223
1030,463,1493,0.11550510823996733
1032,466,1498,0.11556123897677989
1022,471,1493,0.11561125106061625
1021,466,1487,0.11567898301422247
1041,465,1506,0.1157436134257156
1040,464,1504,0.11575684388112555
1032,464,1496,0.11577203431216493
1033,457,1490,0.11580623679219222
1029,461,1490,0.1158354415198512
1031,468,1499,0.1158740621191776
1033,465,1498,0.11590662819405698
1028,469,1497,0.1159291111256496
1025,473,1498,0.1159634616691274
1027,476,1503,0.11600189160428648
1019,480,1499,0.11603275934223557
1015,483,1498,0.11607926132531193
1029,482,1511,0.1161323801890061
1024,486,1510,0.11614957696775263
1029,491,1520,0.1161787075988751
1036,485,1521,0.11619292099668752
1030,480,1510,0.1161922861431194
1041,480,1521,0.11620665090210369
1019,469,1488,0.11619763594106265
1019,468,1487,0.11623990539603363
1026,463,1489,0.11627903677904829
1035,469,1504,0.11629681980845075
1046,471,1517,0.11629027539733688
1030,478,1508,0.11625484467829256
1033,485,1518,0.11625939955827201
1031,477,1508,0.11625622851034681
1044,470,1514,0.11625675034383144
1039,470,1509,0.1162284104994524
1043,469,1512,0.11621566125580404
1038,470,1508,0.11619605613715318
1041,477,1518,0.11618911776112291
1034,475,1509,0.1161727278166409
1043,469,1512,0.11617542440836166
1039,468,1507,0.11615822618893251
1036,470,1506,0.11615238428150743
1025,469,1494,0.11615555359394027
1028,475,1503,0.11618327741411083
1030,474,1504,0.11620518217188777
1026,472,1498,0.11621874085508027
1011,470,1481,0.1162425992086201
1007,475,1482,0.11629895365031126
1005,485,1490,0.11636137005675168
1006,488,1494,0.11642423497922795
1010,494,1504,0.1164776930968893
1006,485,1491,0.11651977228183327
1006,485,1491,0.11656687220121992
1028,496,1524,0.11661255463733894
1029,492,1521,0.11660425935941024
1027,492,1519,0.11659643137772033
1015,489,1504,0.1165902788203519
1000,490,1490,0.11661130313753379
998,496,1494,0.11666757646793528
999,496,1495,0.11672315627995683
1005,489,1494,0.11677434375479216
1005,490,1495,0.11680968513769278
1008,487,1495,0.11684215084256838
1000,497,1497,0.11686499582836651
1013,494,1507,0.11690367006257958
992,505,1497,0.11690869973165074
995,504,1499,0.11695957581751898
991,506,1497,0.11699842401596233
988,510,1498,0.11704476009362018
991,510,1501,0.11709775630287118
990,514,1504,0.11713975685779979
1007,513,1520,0.11718171266272552
997,520,1517,0.11718246295689301
991,515,1506,0.11720629049059886
978,516,1494,0.1172436985072903
984,511,1495,0.11730891995869146
988,521,1509,0.11735575363990644
980,523,1503,0.11738681739357873
985,518,1503,0.11743579134513644
977,512,1489,0.11747373425544097
968,513,1481,0.11752621682191546
956,515,1471,0.11759768012592733
956,524,1480,0.11769307014187991
959,536,1495,0.1177837438917993
964,540,1504,0.11786195630590032
972,545,1517,0.11792417202784573
966,543,1509,0.11796487567912013
956,543,1499,0.11801763595578266
954,541,1495,0.11808795771532082
948,542,1490,0.11815699679705449
959,550,1509,0.11823520419347566
959,546,1505,0.11828296403717281
957,535,1492,0.11832872657992134
959,540,1499,0.11837400103770492
965,533,1498,0.1184106441272521
971,521,1492,0.11842975479291891
971,524,1495,0.11843204948993934
968,517,1485,0.11843648834679212
964,517,1481,0.11844664742275725
966,529,1495,0.118462517133487
967,528,1495,0.11847193591878995
963,542,1505,0.11848192766463908
956,536,1492,0.11849825134028787
961,538,1499,0.11853042530716375
962,528,1490,0.11854975163563336
964,532,1496,0.11856324808289045
961,537,1498,0.11857101035634891
956,537,1493,0.11858543733215086
950,536,1486,0.11861074259537498
958,541,1499,0.11864763744300383
955,541,1496,0.11866338235928751
935,543,1478,0.11868439458874767
950,547,1497,0.11874918467774878
956,543,1499,0.11877557092599876
955,546,1501,0.11878585212633434
969,547,1516,0.11879828618973402
969,547,1516,0.11877994237445483
965,550,1515,0.11876372084473251
970,551,1521,0.11875795812677721
964,553,1517,0.11874267647079599
974,553,1527,0.11874371663808173
968,553,1521,0.11872003857721052
960,550,1510,0.11871328933083791
969,546,1515,0.11872725591423741
965,546,1511,0.11871937107453824
962,543,1505,0.11872028650984397
961,539,1500,0.11872638733650615
966,551,1517,0.11873479580316655
950,559,1509,0.11873320347863732
953,554,1507,0.11877199958662041
951,560,1511,0.11880046424217641
951,558,1509,0.11883314076260267
942,563,1505,0.11886352135739509
938,561,1499,0.11891098013712101
943,558,1501,0.11896471753532058
945,563,1508,0.11900520700158801
938,570,1508,0.11903854862514623
943,565,1508,0.11908419104778929
939,564,1503,0.1191158586999907
931,564,1495,0.11915542216687033
940,568,1508,0.11920993920117176
940,570,1510,0.11924116079517877
945,567,1512,0.1192709679695985
924,579,1503,0.11928606960723416
926,578,1504,0.1193477220187646
925,578,1503,0.11940016643776553
940,580,1520,0.11945167556752072
924,588,1512,0.11946480858046873
918,595,1513,0.11951599974566303
917,596,1513,0.11957888351249059
928,591,1519,0.11963993898211923
925,589,1514,0.11967086231762418
916,591,1507,0.11970728984328895
918,591,1509,0.11976149534761876
911,595,1506,0.11980936309088738
907,597,1504,0.11986888976461131
902,603,1505,0.11993085139750598
902,602,1504,0.12000059185786516
896,608,1504,0.1200655624931938
895,599,1494,0.12013950250222111
885,597,1482,0.1202116634577676
884,612,1496,0.12029884735269589
891,612,1503,0.12038406962938447
889,615,1504,0.12044792256845564
885,623,1508,0.12051371199172653
886,623,1509,0.12058465935500257
893,626,1519,0.12064815888179048
894,632,1526,0.12069012678835672
896,626,1522,0.1207286413872467
893,628,1521,0.12076099199994554
881,632,1513,0.12079815042663256
878,621,1499,0.12085882054701001
879,627,1506,0.1209241844106861
880,630,1510,0.12098201506693085
883,623,1506,0.12103385478324256
878,624,1502,0.12107256174268301
880,630,1510,0.12112051279025572
873,630,1503,0.12116250898940041
865,620,1485,0.12121850526938685
853,631,1484,0.12128600887676697
859,629,1488,0.12137648493186534
865,627,1492,0.12144709801702878
872,628,1500,0.12149596793244516
882,640,1522,0.12152650672901068
884,632,1516,0.12153267678147493
881,628,1509,0.1215338415704445
878,620,1498,0.12154134048643357
876,628,1504,0.12155486927460835
868,629,1497,0.12157509617769108
870,635,1505,0.12161117018496855
881,636,1517,0.12163695691690159
878,639,1517,0.12163544990031692
881,635,1516,0.12164325755867927
878,634,1512,0.121642941010135
881,630,1511,0.12165029669310927
880,630,1510,0.12165215980815723
876,627,1503,0.12165617009234986
868,633,1501,0.12167135709824421
862,635,1497,0.12170437131187112
857,638,1495,0.12174937480083813
854,646,1500,0.12180019686018236
862,642,1504,0.1218553790208195
857,634,1491,0.12188874259661471
862,639,1501,0.12193002322575457
851,640,1491,0.12195721225785071
864,651,1515,0.12200779846348006
858,640,1498,0.12202301936608446
873,639,1512,0.12205076802817874
868,640,1508,0.12204252594835953
860,647,1507,0.12204813453082763
849,644,1493,0.12207640144204308
859,643,1502,0.12212620792155247
862,638,1500,0.12214781682426706
868,637,1505,0.12216050362899215
863,645,1508,0.1221575614730692
851,640,1491,0.12216849121091355
862,632,1494,0.12220466148447018
863,632,1495,0.12221296746813184
862,634,1496,0.12221918665887259
858,641,1499,0.12222907528314787
856,646,1502,0.12224786819145024
857,648,1505,0.1222677611652741
864,643,1507,0.12228607265460041
866,649,1515,0.12228667476995232
868,647,1515,0.12228438405027259
867,653,1520,0.12227738285170314
852,658,1510,0.12227330507158973
852,650,1502,0.12230125633521424
854,659,1513,0.12233012553778443
852,660,1512,0.12235157601477242
847,655,1502,0.12237713849128042
851,656,1507,0.12241376191828862
855,664,1519,0.12244100352886036
852,654,1506,0.12245572746394676
851,655,1506,0.1224777440892216
852,658,1510,0.12250174027641254
834,661,1495,0.12252311789732469
840,659,1499,0.12258372902331281
831,664,1495,0.12262535229021612
826,672,1498,0.12268619314746992
827,664,1491,0.12275353293377897
820,664,1484,0.12281316004261013
826,666,1492,0.12288620428220812
819,671,1490,0.12293895067546737
826,673,1499,0.12300303391760715
823,679,1502,0.12304556768607976
822,681,1503,0.12309351432201485
828,685,1513,0.12313857516983734
827,688,1515,0.12316918644817605
825,691,1516,0.12319835499253012
825,689,1514,0.12323340695283169
823,685,1508,0.12326768269642294
828,687,1515,0.12330286455909414
826,683,1509,0.12332334332696941
819,685,1504,0.12334641829103994
806,691,1497,0.12338423845564636
804,692,1496,0.12344994556288015
806,692,1498,0.12351587174748753
813,687,1500,0.12357487614856258
818,695,1513,0.12361186772652942
818,684,1502,0.12363382585423421
811,682,1493,0.1236548723604115
809,684,1493,0.12369029804187746
816,678,1494,0.12372921198754132
807,672,1479,0.12374754885202328
809,669,1478,0.12378602473991762
811,679,1490,0.12381627298829717
809,688,1497,0.1238382511151427
813,690,1503,0.12386475162199755
809,688,1497,0.12388031849439794
804,686,1490,0.1239046133268817
803,693,1496,0.12393659246203548
812,690,1502,0.12396853770980845
813,702,1515,0.12397891286222658
814,699,1513,0.12398690327376408
810,696,1506,0.12399445148680761
797,704,1501,0.12401130942823997
807,712,1519,0.12405736500268379
800,702,1502,0.12407829025204214
797,712,1509,0.12411315155389115
803,704,1507,0.12415454190215457
799,704,1503,0.12417949202014061
804,710,1514,0.12421083347547489
799,709,1508,0.12422581642042178
803,710,1513,0.12425346972910614
800,703,1503,0.12427338911569827
791,709,1500,0.12429880955975076
789,712,1501,0.12434405578729214
785,711,1496,0.12438959153883938
792,714,1506,0.12444067893564896
798,706,1504,0.1244737811809896
797,715,1512,0.12448956159458872
783,716,1499,0.12450652252783913
791,716,1507,0.1245562623262047
796,715,1511,0.12458552382777917
793,712,1505,0.12459957155543487
794,713,1507,0.12461591052351738
796,712,1508,0.12463022196260554
802,714,1516,0.12463904571950998
798,705,1503,0.12463486598817887
795,707,1502,0.12464020465747958
789,718,1507,0.12465551646657783
787,714,1501,0.12468542679946648
778,716,1494,0.12471733883044613
773,721,1494,0.12476864599618154
770,729,1499,0.12482801213017684
751,725,1476,0.12489002477517698
767,716,1483,0.12498909881644771
771,719,1490,0.12504632606989927
775,723,1498,0.1250913398696511
777,718,1495,0.12512520165098395
771,722,1493,0.12514853363156322
773,720,1493,0.1251847062360517
773,724,1497,0.12521013862769198
768,738,1506,0.12523445675782188
769,745,1514,0.1252685143792873
770,744,1514,0.1253007683750603
770,744,1514,0.1253282572199951
766,736,1502,0.1253538839203793
758,735,1493,0.12538691726641735
756,743,1499,0.1254358125393216
749,742,1491,0.12548596201991355
748,742,1490,0.12554785498689366
749,733,1482,0.1256075608068005
738,735,1473,0.12565953195042484
741,742,1483,0.12573471892095572
746,744,1490,0.12579877066962503
748,745,1493,0.12584064808004466
747,750,1497,0.12587767640580771
753,755,1508,0.12591677437496812
745,756,1501,0.12593999750509496
746,756,1502,0.12598018621263846
740,761,1501,0.12601496354463332
744,764,1508,0.12606216449430538
742,758,1500,0.12610019641296175
741,766,1507,0.12614113431043256
734,763,1497,0.12618221261474402
720,758,1478,0.12623556450721218
724,772,1496,0.12631654013857538
726,775,1501,0.12638619762902292
729,766,1495,0.12644375146405545
734,768,1502,0.12649211187575815
739,775,1514,0.1265259145551754
735,775,1510,0.12654281511576962
736,783,1519,0.12656879515210823
735,784,1519,0.12659057959440692
730,788,1518,0.12661517573140582
724,782,1506,0.12664769147863558
726,783,1509,0.12669327731855115
719,788,1507,0.1267309166360342
721,783,1504,0.1267835522855665
729,775,1504,0.12682950924935743
722,778,1500,0.12685492633418055
727,790,1517,0.1268943028746684
728,790,1518,0.12691981445234096
727,790,1517,0.12694049820546704
723,781,1504,0.12696137675073582
725,784,1509,0.12699124548502738
732,784,1516,0.12701282865992322
729,778,1507,0.12701792325441047
728,780,1508,0.1270288859876482
729,780,1509,0.1270428607716724
727,779,1506,0.12705515121340547
724,773,1497,0.12706740952925913
723,775,1498,0.12708296948780862
721,770,1491,0.12710081083882915
721,781,1502,0.12712097453284224
716,779,1495,0.12713844717405964
716,774,1490,0.12716817023211843
720,773,1493,0.12719478443655433
719,773,1492,0.12721188514907886
717,786,1503,0.12722816442662743
720,775,1495,0.12724738381497908
718,779,1497,0.1272615399364274
713,781,1494,0.127280770255452
724,781,1505,0.12731006192663166
718,786,1504,0.12730906435067024
720,787,1507,0.12732423459372266
716,788,1504,0.12733356647579844
709,799,1508,0.12734883844313036
711,808,1519,0.1273783624196164
715,810,1525,0.12740363607625768
706,805,1511,0.1274191772496899
700,800,1500,0.1274565758846934
716,810,1526,0.1275072044009118
715,809,1524,0.12751628586675257
715,810,1525,0.12752927689025115
712,809,1521,0.12754116731917362
708,806,1514,0.1275589203093017
704,806,1510,0.1275870188351338
707,811,1518,0.12762327355434513
702,811,1513,0.1276498669065759
702,813,1515,0.12768422200438326
699,818,1517,0.12771971017227873
701,826,1527,0.12776079551033329
697,823,1520,0.12779561142100118
696,817,1513,0.12783821113878374
686,815,1501,0.1278804165383831
694,814,1508,0.12794449255749363
699,812,1511,0.12798218604855838
700,814,1514,0.12800338240102194
706,811,1517,0.12802007002434246
706,807,1513,0.12802197178846864
690,815,1505,0.12802522313701797
691,820,1511,0.12806543793241967
691,828,1519,0.12810074101786728
681,835,1516,0.12813643550133713
683,825,1508,0.12819287762038403
700,824,1524,0.12824025743589051
694,819,1513,0.1282452062131726
701,827,1528,0.12826416397325066
702,823,1525,0.12826260283982127
705,838,1543,0.12825503744487673
700,823,1523,0.12824404770081727
696,824,1520,0.12824546350751942
693,818,1511,0.12825742812930305
696,818,1514,0.12827565151249437
692,813,1505,0.12828683408700634
677,819,1496,0.1283074625680122
680,830,1510,0.1283603462660754
684,827,1511,0.1284017035530276
679,826,1505,0.1284334547392078
676,830,1506,0.12847399162902243
672,831,1503,0.12851901778148747
676,834,1510,0.12857267057860194
680,841,1521,0.12861225124421982
680,840,1520,0.12864161556573564
672,831,1503,0.12866826457557645
673,839,1512,0.1287126531214984
674,841,1515,0.12875323443800304
674,839,1513,0.12878839555381966
667,828,1495,0.12882010337546265
662,824,1486,0.12886220136562448
663,841,1504,0.12891227421560955
655,835,1490,0.12895816908250943
658,841,1499,0.1290221348690188
660,842,1502,0.12907324413954227
662,836,1498,0.1291155310616083
667,848,1515,0.1291480589246126
677,845,1522,0.12916748402528966
671,851,1522,0.12916295893248161
666,852,1518,0.12917441171715283
665,853,1518,0.1291982919788469
667,850,1517,0.12922486888737136
666,855,1521,0.12924623806336416
659,845,1504,0.12926766654775285
661,852,1513,0.1293049321381904
645,865,1510,0.12933604943263796
640,860,1500,0.1294017424504016
646,872,1518,0.12947198465882273
647,873,1520,0.12952261611342739
644,873,1517,0.12956702719752297
645,871,1516,0.1296163440273912
649,859,1508,0.12965846062421785
647,866,1513,0.12968801420737722
643,866,1509,0.1297221044817055
637,866,1503,0.12976297913739684
638,871,1509,0.1298172091232064
633,863,1496,0.1298659532150537
629,867,1496,0.1299229448525991
633,875,1508,0.12998437012159955
640,865,1505,0.13003291024469227
644,856,1500,0.13006197009489961
647,858,1505,0.13007864254565546
642,863,1505,0.13008522846729076
640,854,1494,0.13010222711742442
639,870,1509,0.13012421967848295
637,872,1509,0.13014591674494558
639,869,1508,0.13017035699659313
647,868,1515,0.1301858585319241
639,868,1507,0.13018223984913668
634,867,1501,0.13019832965937886
640,865,1505,0.1302260263510765
636,864,1500,0.1302381155974176
635,872,1507,0.13026174415407157
635,865,1500,0.13028752291443735
636,871,1507,0.13031208621498094
638,877,1515,0.13033034009987024
636,876,1512,0.13034454936112816
630,884,1514,0.13036150066684216
628,869,1497,0.1303919628934013
621,866,1487,0.1304247207910122
614,876,1490,0.1304735632991071
615,862,1477,0.13053471201177444
621,866,1487,0.13058621293179942
627,864,1491,0.13061586558208582
628,865,1493,0.13062958009533815
620,857,1477,0.13063884506406503
629,859,1488,0.13066784356644767
631,867,1498,0.13067674402607715
632,862,1494,0.13067931986365378
640,860,1500,0.13068056994525892
623,868,1491,0.1306605191606765
626,879,1505,0.13068245923671687
633,881,1514,0.13069351662881135
633,875,1508,0.13068853435257577
635,865,1500,0.13068310219493562
631,863,1494,0.1306742408272412
627,851,1478,0.13067434468695338
629,857,1486,0.13068594649315587
633,867,1500,0.13069267703959148
638,884,1522,0.1306894782603604
629,884,1513,0.13067447935734852
619,888,1507,0.13068088377882894
619,881,1500,0.13071049426088702
620,876,1496,0.13074008826991684
619,874,1493,0.13076657590494745
622,883,1505,0.13079257921354467
618,875,1493,0.1308074892607961
617,879,1496,0.1308327308491728
612,894,1506,0.13085900835801312
611,895,1506,0.13089760318578605
611,890,1501,0.13093613697410422
610,889,1499,0.13097228060276347
611,889,1500,0.13100912847375637
616,886,1502,0.13103738396199124
614,900,1514,0.1310536754846113
608,901,1509,0.13107202641001353
598,905,1503,0.13110557543051346
608,898,1506,0.13116054322025988
611,895,1506,0.13118725425298045
616,895,1511,0.13120516972658272
612,890,1502,0.13121067213615692
605,902,1507,0.13122571048789664
606,906,1512,0.1312547688535456
599,910,1509,0.13127881465299526
595,906,1501,0.13131961320999402
595,901,1496,0.13136616911367976
590,898,1488,0.13140956114529598
596,891,1487,0.13146333329639162
597,900,1497,0.13150014453660364
599,905,1504,0.13153261243045725
595,911,1506,0.13155681261848026
595,917,1512,0.13159058803592813
592,916,1508,0.1316222744278623
577,927,1504,0.13166048410506054
576,941,1517,0.131731002271998
575,930,1505,0.13180171849693048
574,926,1500,0.1318691554449008
578,925,1503,0.13193413585574046
569,924,1493,0.13198742316529202
571,920,1491,0.13205476977526368
581,926,1507,0.1321133652923805
581,920,1501,0.13214365496649644
570,925,1495,0.13217225123015272
570,934,1504,0.13222599051785663
566,932,1498,0.13227776433073696
562,938,1500,0.13233497354434415
562,944,1506,0.1323969884452366
553,945,1498,0.13245322209212315
553,945,1498,0.1325270959778863
550,941,1491,0.13259656916823825
549,944,1493,0.13266877053126266
560,928,1488,0.1327376855355859
567,944,1511,0.13277464394447935
561,948,1509,0.13279402694587616
551,947,1498,0.13282739525988652
560,946,1506,0.13288100668952796
546,947,1493,0.13291169396226657
554,942,1496,0.1329726475553866
553,952,1505,0.1330118310825494
554,944,1498,0.13305049100652414
551,928,1479,0.13308323404622246
553,938,1491,0.1331200880664785
542,946,1488,0.13314953496948714
547,962,1509,0.13320396022982373
552,963,1515,0.13324380381799744
561,947,1508,0.13327093344712604
560,958,1518,0.13327638529563138
552,956,1508,0.1332862144780034
552,965,1517,0.13331173392322043
558,960,1518,0.13333740770275326
550,955,1505,0.13334474262578463
551,961,1512,0.13337037233384036
555,962,1517,0.13339085667493916
554,961,1515,0.13340164887743097
544,967,1511,0.13341218363304172
541,973,1514,0.13344507932593996
547,968,1515,0.13348206165829787
550,965,1515,0.1335046602374745
549,962,1511,0.13351786198875423
549,976,1525,0.1335331272250151
551,966,1517,0.1335500081515312
543,962,1505,0.13355905001168597
549,963,1512,0.133587036672362
550,973,1523,0.13359901608899655
551,973,1524,0.13360716665955136
550,971,1521,0.1336130501305825
555,968,1523,0.13361829534951877
545,968,1513,0.13361253306370377
535,973,1508,0.13362910580981446
541,976,1517,0.13366934926358304
538,976,1514,0.13368987192449766
542,975,1517,0.13371585826059423
536,981,1517,0.13372864893942304
529,966,1495,0.133753291235927
536,981,1517,0.13379588115077268
540,976,1516,0.1338190055187804
543,976,1519,0.13383196914176462
539,978,1517,0.1338378795107952
538,978,1516,0.13385340496122497
535,981,1516,0.1338710612345736
532,980,1512,0.13389329041010772
528,973,1501,0.13392147400061652
533,977,1510,0.133958251557432
534,980,1514,0.13398048070680402
537,970,1507,0.13399969006148443
534,988,1522,0.1340115223556602
528,986,1514,0.13403020861073783
521,975,1496,0.13406356148825274
514,966,1480,0.13411079742969553
524,973,1497,0.13416875542992282
529,984,1513,0.13419918573298278
523,992,1515,0.13421670882578607
527,997,1524,0.1342480159520024
518,1004,1522,0.13426879639470005
520,996,1516,0.13430813218354615
524,994,1518,0.13433983929377974
529,990,1519,0.13436038578824713
536,988,1524,0.1343673095758274
536,988,1524,0.13435897253695178
527,986,1513,0.13435303021085787
522,999,1521,0.13436909077428333
519,1004,1523,0.13439601102750892
519,989,1508,0.13442888398638186
518,989,1507,0.13446072153233316
519,997,1516,0.13449357291549863
526,994,1520,0.13452236717724206
520,997,1517,0.13453235805653274
522,1000,1522,0.1345563665663387
519,997,1516,0.134575085422245
511,993,1504,0.1345993073504882
507,990,1497,0.1346422241023407
507,999,1506,0.1346919548996869
508,994,1502,0.13473845077473168
507,988,1495,0.1347780727369861
514,998,1512,0.13481664166328905
506,998,1504,0.1348326122564287
504,1006,1510,0.1348669411299157
502,994,1496,0.13490377371925683
501,989,1490,0.1349421104406207
503,1007,1510,0.13498217205051713
502,1012,1514,0.13501496300721988
500,1014,1514,0.13504879798504887
496,1026,1522,0.13508601169387904
492,1023,1515,0.1351300406842085
488,1020,1508,0.1351794225135107
488,1014,1502,0.1352366211154023
497,1006,1503,0.13529034892822092
495,1010,1505,0.1353191795261091
491,1016,1507,0.13535104823381075
494,1011,1505,0.13538868417598515
494,1015,1509,0.13541586954949306
498,1011,1509,0.1354385567380959
492,1020,1512,0.13545153642609514
484,1017,1501,0.13547847111704353
491,1015,1506,0.1355230191650078
496,1014,1510,0.13554796273100198
484,1011,1495,0.1355606691030498
482,1018,1500,0.13560045144513735
481,1023,1504,0.1356398965885594
486,1018,1504,0.1356790141737363
482,1012,1494,0.13570455726753178
480,1007,1487,0.13573716172191821
490,1015,1505,0.13577342452097302
494,1006,1500,0.135782038054703
495,1008,1503,0.13578090361544512
491,1019,1510,0.13577539264331093
485,1016,1501,0.13578118350628762
492,1015,1507,0.1358017628594735
489,1014,1503,0.1358045040855513
493,1018,1511,0.135815388986748
487,1016,1503,0.1358168602271645
479,1020,1499,0.13583023026100102
481,1015,1496,0.13586392587181226
473,1010,1483,0.13589081138246425
467,1025,1492,0.13593587655388922
478,1022,1500,0.13599119524059464
482,1041,1523,0.13601799024109687
490,1037,1527,0.13603305203343535
492,1030,1522,0.13602666098683858
487,1028,1515,0.13601609512730836
480,1033,1513,0.1360194665905258
477,1041,1518,0.13604034869539197
481,1037,1518,0.13606686983740335
479,1032,1511,0.13608336259970805
468,1031,1499,0.1361047931901708
473,1031,1504,0.13614884054118617
466,1046,1512,0.1361759201866609
461,1046,1507,0.13621812875106737
456,1042,1498,0.13626988090503267
453,1043,1496,0.13632925243311933
458,1048,1506,0.1363930946938914
455,1047,1502,0.1364412726170143
455,1044,1499,0.13649360468352476
460,1049,1509,0.13654209532634043
447,1053,1500,0.1365755896467019
451,1054,1505,0.13663623271862207
458,1049,1507,0.13668379267117126
460,1049,1509,0.13671001835370739
458,1049,1507,0.13673138134690443
461,1055,1516,0.1367555495633917
461,1049,1510,0.13676956087516562
464,1062,1526,0.13678345711553386
454,1057,1511,0.1367893843724959
464,1050,1514,0.13681969235069624
458,1041,1499,0.13682560431746457
460,1037,1497,0.13684618059355821
457,1052,1509,0.13686212063059053
457,1055,1512,0.1368838066533087
456,1050,1506,0.13690502937487803
457,1066,1523,0.13692803536441178
454,1059,1513,0.13694604819937614
459,1062,1521,0.136969983763731
450,1068,1518,0.13698041965986565
452,1069,1521,0.13701288273020368
455,1058,1513,0.13703700629996582
449,1045,1494,0.137053457047407
453,1047,1500,0.1370830556465931
442,1050,1492,0.13710000483830861
438,1060,1498,0.1371399122218699
436,1059,1495,0.13718680948901713
438,1057,1495,0.1372348483576696
441,1064,1505,0.1372745386104256
445,1060,1505,0.1373045852514479
439,1074,1513,0.13732418004904268
428,1076,1504,0.13735784939235818
439,1080,1519,0.13741527489770067
435,1068,1503,0.13744238940106773
437,1081,1518,0.13747669050607814
437,1079,1516,0.13750451060288912
447,1084,1531,0.13752982247292533
446,1076,1522,0.1375284016624995
442,1068,1510,0.13753054915471213
444,1064,1508,0.1375424808742856
443,1076,1519,0.1375480410208581
443,1079,1522,0.13755737034491008
439,1085,1524,0.13756634595071676
441,1090,1531,0.13758445933358124
439,1093,1532,0.1375994084878088
437,1096,1533,0.13761830571980094
439,1094,1533,0.1376419471042004
440,1083,1523,0.13765742846815904
439,1075,1514,0.13766953762629897
438,1066,1504,0.1376826479623331
436,1067,1503,0.13769655518581692
435,1069,1504,0.13771274136503164
430,1074,1504,0.13772921908334923
427,1062,1489,0.13775550955808386
435,1070,1505,0.13778613636472983
431,1063,1494,0.13779468089905778
438,1072,1510,0.1378138425256508
436,1059,1495,0.13781703237154963
432,1063,1495,0.13782628204041752
430,1066,1496,0.1378410963402169
432,1065,1497,0.13786080491853184
436,1068,1504,0.13787639827354423
433,1080,1513,0.13788144693504797
430,1079,1509,0.137891930068656
433,1066,1499,0.13790895362648833
429,1075,1504,0.13792060365070657
423,1075,1498,0.13794090758977226
423,1083,1506,0.13797163789639896
425,1074,1499,0.1379992892355012
424,1091,1515,0.13802051350645153
420,1090,1510,0.13804238111569286
425,1083,1508,0.138072785812976
426,1082,1508,0.1380893643078377
430,1097,1527,0.13810198058240353
422,1091,1513,0.13810530890499964
415,1090,1505,0.13812618552736
415,1096,1511,0.13816390937916354
412,1094,1506,0.13819893538441846
409,1103,1512,0.13824015165557632
416,1100,1516,0.13828543583969502
411,1090,1501,0.13831153852750858
412,1094,1506,0.13834713329638293
415,1099,1514,0.1383783619961925
416,1110,1526,0.13839851243179063
414,1114,1528,0.13841602547741388
419,1098,1517,0.1384367133407958
421,1085,1506,0.1384449713137974
417,1098,1515,0.13844695390237094
414,1105,1519,0.1384585461802939
412,1096,1508,0.138477006291401
409,1104,1513,0.13850114182839535
403,1103,1506,0.138530468045017
398,1102,1500,0.13857104089785424
399,1105,1504,0.138620091913719
396,1119,1515,0.1386635117400629
397,1113,1510,0.13871237426874322
395,1105,1500,0.13875515564968624
399,1106,1505,0.13879901837961117
394,1107,1501,0.13883090313857285
400,1112,1512,0.1388710344681335
397,1120,1517,0.13889704695045207
396,1112,1508,0.13892927928186066
394,1113,1507,0.13896160983766
404,1122,1526,0.13899705407835725
404,1117,1521,0.13900288104709035
403,1116,1519,0.13900956583208093
403,1120,1523,0.13901885740625905
401,1118,1519,0.13902935294827795
397,1119,1516,0.13904514023032097
397,1111,1508,0.139067852080476
399,1095,1494,0.13908984290244647
397,1103,1500,0.13910594682483907
393,1111,1504,0.1391244331428844
399,1118,1517,0.1391511695840426
396,1110,1506,0.13916222135671685
396,1105,1501,0.13918021981762863
388,1116,1504,0.13919380201305942
392,1117,1509,0.13922579129736795
392,1122,1514,0.13924962804791852
390,1125,1515,0.13927158387897273
387,1138,1525,0.13929735164100937
379,1140,1519,0.1393286917958974
380,1137,1517,0.1393761444581269
382,1137,1519,0.13941827275225951
381,1127,1508,0.13945103297988226
376,1121,1497,0.13948482353490374
381,1109,1490,0.13952730744017627
392,1107,1499,0.13955400234919932
386,1109,1495,0.13955045713574318
385,1111,1496,0.13956115905383767
379,1130,1509,0.13957405572336282
379,1120,1499,0.1395990983639819
385,1124,1509,0.13962369584883177
383,1117,1500,0.13963399293202683
383,1135,1518,0.13964815292086352
379,1144,1523,0.13966322841407716
385,1150,1535,0.13968722660738664
378,1152,1530,0.13969536931838622
375,1141,1516,0.1397188426517543
380,1134,1514,0.13974814572910788
373,1134,1507,0.13976260177986582
372,1126,1498,0.13979385815874323
375,1124,1499,0.1398256687010634
369,1135,1504,0.13984696477180164
370,1128,1498,0.13988169420783206
367,1125,1492,0.13991235688977138
371,1134,1505,0.139948769573153
372,1153,1525,0.13997153070163867
371,1152,1523,0.1399921118247244
371,1143,1514,0.14001352765188618
362,1144,1506,0.14003417874240914
365,1149,1514,0.1400758538466834
362,1150,1512,0.14010627833995437
363,1161,1524,0.1401420088138427
357,1155,1512,0.14017216339721547
362,1156,1518,0.1402142500304023
363,1151,1514,0.14024097712743233
365,1145,1510,0.14026525613507126
361,1147,1508,0.14028342371502955
358,1147,1505,0.14031078352493764
353,1156,1509,0.14034287965927988
361,1162,1523,0.1403851043867646
360,1160,1520,0.14040528046562462
349,1159,1508,0.14042871314975175
350,1152,1502,0.14047486066931586
352,1162,1514,0.1405163819251986
350,1165,1515,0.14055141836900684
349,1171,1520,0.1405890197351808
354,1166,1520,0.1406264048237414
350,1170,1520,0.14065071085782013
347,1153,1500,0.1406812524205038
341,1152,1493,0.14071752355394163
342,1160,1502,0.14076670952063194
343,1161,1504,0.14080988445721926
347,1163,1510,0.1408467682623535
342,1151,1493,0.14087251723616145
342,1162,1504,0.14090831118274752
346,1176,1522,0.14094234646123455
342,1166,1508,0.14096347382201263
334,1179,1513,0.14099196370221317
337,1178,1515,0.14103586856291458
338,1167,1505,0.14106925236589135
333,1179,1512,0.14109825593857675
334,1178,1512,0.14113836948039502
336,1177,1513,0.14117405614051723
339,1171,1510,0.14120327869934857
340,1177,1517,0.1412216975672938
339,1178,1517,0.14123765530461777
340,1173,1513,0.14125478827484172
334,1177,1511,0.1412685442259711
337,1181,1518,0.1412965322047819
331,1170,1501,0.14131570799986667
332,1182,1514,0.14134809589165717
332,1186,1518,0.14137467995869737
333,1184,1517,0.1414010169832871
331,1177,1508,0.14142321009997527
334,1177,1511,0.1414481889797671
334,1175,1509,0.14146672030178192
334,1185,1519,0.1414852609225674
330,1184,1514,0.14150235882199572
322,1175,1497,0.14152885585704506
322,1169,1491,0.14157198555443024
319,1167,1486,0.14161359785646035
324,1177,1501,0.1416589574640963
327,1175,1502,0.14168793981062774
318,1171,1489,0.14170842547071077
322,1170,1492,0.1417495563329886
327,1175,1502,0.14177688883206815
333,1185,1518,0.1417907824365055
334,1174,1508,0.1417878755061704
334,1169,1503,0.1417833809812847
331,1177,1508,0.14177825591701762
331,1181,1512,0.14178192168099601
330,1177,1507,0.14178678605308856
330,1176,1506,0.14179458790992194
328,1182,1510,0.14180245921579693
325,1184,1509,0.14181479480761527
320,1187,1507,0.14183258284152053
321,1179,1500,0.1418614852409362
318,1180,1498,0.14188617037158405
323,1184,1507,0.14191590691854908
321,1181,1502,0.14193147098743353
322,1190,1512,0.14195309770698036
325,1190,1515,0.14197051630487256
321,1186,1507,0.14197990563555468
321,1196,1517,0.1419987016569769
320,1192,1512,0.14201313187423165
317,1194,1511,0.14203024353696386
319,1207,1526,0.14205442615629607
318,1206,1524,0.1420724972591416
320,1213,1533,0.14209134347944985
324,1201,1525,0.14210444427815705
324,1203,1527,0.14210725211057457
321,1195,1516,0.14211062889945808
323,1209,1532,0.1421222459416018
323,1196,1519,0.14212959369313696
317,1184,1501,0.1421364633924963
316,1202,1518,0.14215575698351954
315,1209,1524,0.14217581933368056
312,1203,1515,0.14219781927019673
311,1199,1510,0.14222513337139694
309,1210,1519,0.142253039892866
311,1210,1521,0.1422832030217526
309,1206,1515,0.1423065346798658
309,1209,1518,0.14233151025945762
311,1201,1512,0.14235521820967453
317,1201,1518,0.14237458503554512
316,1207,1523,0.14237807444299777
312,1197,1509,0.14238134169742891
317,1200,1517,0.1423920484943139
325,1189,1514,0.14239201840630958
324,1191,1515,0.14237162123438188
326,1191,1517,0.14235588062761553
327,1179,1506,0.14233362527335897
329,1188,1517,0.14231159946870484
327,1193,1520,0.14228821107854686
326,1206,1532,0.14227146114407532
329,1199,1528,0.14225773496930616
321,1197,1518,0.14223935598741913
320,1186,1506,0.14223985954447987
319,1179,1498,0.1422428997711627
322,1182,1504,0.14224904824945003
321,1186,1507,0.14224666833575708
316,1194,1510,0.14224689519982098
314,1193,1507,0.14226009582739813
313,1208,1521,0.1422772680817192
320,1212,1532,0.1422959043982032
312,1212,1524,0.14229799623089698
313,1215,1528,0.1423185646248081
307,1215,1522,0.14233583480061227
309,1210,1519,0.14236697018050265
309,1196,1505,0.1423912796437086
315,1193,1508,0.1424146733519428
306,1194,1500,0.142419596416216
312,1200,1512,0.1424454105961968
306,1202,1508,0.14245542124228439
303,1204,1507,0.1424801784331016
310,1210,1520,0.1425106612722763
312,1193,1505,0.14252289940590968
313,1196,1509,0.14252896493825748
311,1202,1513,0.14253216608188551
315,1210,1525,0.1425381130322174
309,1200,1509,0.14253471996001277
302,1198,1500,0.14254527363683242
299,1190,1489,0.14257167413479865
295,1188,1483,0.14260153083880875
300,1199,1499,0.1426397442267503
304,1195,1499,0.14266332094818746
304,1199,1503,0.14267616992790902
306,1209,1515,0.14268897369488417
303,1206,1509,0.14269718109339208
303,1208,1511,0.14271203338979446
305,1204,1509,0.14272338973496432
309,1196,1505,0.14272777107339324
308,1203,1511,0.14272299348059905
310,1196,1506,0.14272203201392283
308,1207,1515,0.1427160110985937
304,1211,1515,0.1427161482255544
304,1207,1511,0.1427255800510469
312,1212,1524,0.14273532357989777
312,1209,1521,0.14272543130379498
313,1205,1518,0.14271605054174866
317,1198,1515,0.14270493558315978
313,1204,1517,0.14268462345999866
313,1203,1516,0.1426762875087678
317,1203,1520,0.14267000486640283
310,1215,1525,0.14265418787979647
312,1210,1522,0.14265453842225204
306,1212,1518,0.14265089281060786
308,1218,1526,0.1426628577254287
310,1215,1525,0.14267050600405934
315,1201,1516,0.1426725290938655
315,1192,1507,0.1426628066269246
308,1197,1505,0.14265328050904336
310,1209,1519,0.14266124311009995
308,1208,1516,0.14266239729315397
312,1197,1509,0.14266881356527578
307,1205,1512,0.14266686668180575
303,1204,1507,0.1426773885953069
301,1216,1517,0.14269757171304673
289,1218,1507,0.14272114981849296
280,1222,1502,0.14277067908151564
277,1220,1497,0.14283641489414411
277,1233,1510,0.14290516296772451
284,1226,1510,0.14296948001305712
290,1213,1503,0.14301048646478398
291,1201,1492,0.1430341448655582
296,1207,1503,0.14305446432813437
298,1203,1501,0.14306097782112073
298,1207,1505,0.14306124000943385
292,1211,1503,0.14306145195275305
290,1219,1509,0.14307600651457678
290,1227,1517,0.14309590559157612
287,1224,1511,0.14311498874081577
289,1217,1506,0.14313999211979986
291,1231,1522,0.14316036705727947
293,1227,1520,0.1431750194542857
292,1232,1524,0.14318346540049895
298,1224,1522,0.14319216800942727
298,1221,1519,0.1431850958642048
293,1233,1526,0.1431787976284793
288,1231,1519,0.14318553638836912
283,1228,1511,0.14320219571569182
295,1217,1512,0.14323030487079985
291,1215,1506,0.1432275167577807
289,1232,1521,0.143234696723936
287,1229,1516,0.143246623975776
291,1237,1528,0.14326193715738209
292,1240,1532,0.14326727210806128
290,1229,1519,0.14326787029115554
288,1228,1516,0.14327438162982975
288,1222,1510,0.14328504134596712
288,1225,1513,0.14329500880691534
291,1233,1524,0.14330583517006498
288,1235,1523,0.14331015116668294
285,1223,1508,0.14332241056579087
273,1233,1506,0.1433403292700791
278,1228,1506,0.14338296650875632
283,1229,1512,0.14341220955773806
283,1229,1512,0.14342806972133393
274,1229,1503,0.143443422516086
278,1222,1500,0.14347713931179934
276,1228,1504,0.1435004234249819
277,1231,1508,0.1435272273045359
281,1228,1509,0.14354913211799583
282,1233,1515,0.1435601505344611
284,1248,1532,0.14356764806553204
287,1251,1538,0.14356944784657866
283,1231,1514,0.14356210492810612
282,1235,1517,0.14356424787509078
282,1230,1512,0.14356949039467312
284,1233,1517,0.14357429698829285
276,1234,1510,0.14357470538789519
275,1232,1507,0.14359499496231617
272,1238,1510,0.143618076477514
275,1227,1502,0.14364613916042024
275,1230,1505,0.143664989060807
274,1232,1506,0.14368266939152596
277,1232,1509,0.14370236378253687
272,1234,1506,0.14371302296260052
269,1251,1520,0.1437341401210572
267,1261,1528,0.14376203528374126
268,1253,1521,0.1437937712820591
267,1255,1522,0.1438211441273337
265,1248,1513,0.1438497754091942
268,1243,1511,0.14388092082988885
267,1246,1513,0.14390464012245371
264,1249,1513,0.1439298266446298
262,1241,1503,0.14395867311361454
265,1234,1499,0.14399001572964423
262,1237,1499,0.14401161191321793
264,1228,1492,0.1440381784736421
259,1240,1499,0.14405925344910664
267,1243,1510,0.14408968740964853
271,1240,1511,0.1441001906307124
273,1246,1519,0.1440987973423214
269,1255,1524,0.14409181313351335
265,1248,1513,0.14409646543976107
263,1247,1510,0.14411127496307896
257,1239,1496,0.14412776364045954
258,1252,1510,0.14415806940270548
258,1251,1509,0.14418206358970662
262,1251,1513,0.14420493833077816
262,1249,1511,0.1442162694503774
265,1248,1513,0.14422519035769882
263,1248,1511,0.14422622202184876
259,1249,1508,0.14423346924050262
257,1258,1515,0.1442507996129515
262,1255,1517,0.1442719127515887
260,1257,1517,0.1442806053821578
259,1254,1513,0.14429394784692062
259,1272,1531,0.14430920369211336
254,1270,1524,0.14432366379147973
254,1279,1533,0.14434966641898384
252,1272,1524,0.14437451518397737
254,1279,1533,0.1444026185162234
246,1276,1522,0.14442341797255956
245,1270,1515,0.14446249411974538
247,1289,1536,0.14450148635074458
253,1278,1531,0.14453409317237453
252,1280,1532,0.14455026371049015
247,1278,1525,0.1445689393844376
241,1268,1509,0.14459706072747966
242,1282,1524,0.1446383187891486
245,1286,1531,0.14467486170636956
243,1284,1527,0.14470251219498578
249,1278,1527,0.14473273484165416
246,1271,1517,0.14474703838799807
245,1272,1517,0.14476712100769112
246,1261,1507,0.1447881347221614
245,1266,1511,0.14480532169875798
239,1271,1510,0.14482407073972767
241,1275,1516,0.14485589682239255
240,1278,1518,0.1448820888524666
239,1282,1521,0.1449068908876619
246,1276,1522,0.14493326724286726
245,1289,1534,0.1449403716604435
243,1280,1523,0.14494945406915233
243,1275,1518,0.14496351388671141
237,1264,1501,0.14497669118376025
239,1270,1509,0.14500352087147644
242,1278,1520,0.14502306039430932
238,1266,1504,0.1450333948301021
237,1265,1502,0.1450525336134412
234,1268,1502,0.14507257624851166
236,1270,1506,0.14509728584654735
235,1264,1499,0.14511737727233395
240,1266,1506,0.14513894826874607
240,1276,1516,0.14514579189532525
240,1277,1517,0.14515209544335064
237,1277,1514,0.14515778483460778
236,1274,1510,0.14517161484248672
237,1272,1509,0.14518729899707652
236,1283,1519,0.1451982216707497
237,1284,1521,0.1452101474189098
233,1283,1516,0.14521893816042022
234,1289,1523,0.14523594488387828
233,1285,1518,0.14524986715146246
234,1283,1517,0.14526690643845863
236,1286,1522,0.1452807713094558
234,1283,1517,0.14528936770258055
226,1291,1517,0.1453003477544147
227,1288,1515,0.14532966867027763
225,1281,1506,0.14535472874142713
227,1287,1514,0.1453827605183899
227,1295,1522,0.14540348762757474
224,1298,1522,0.14542303309874502
225,1294,1519,0.14544668840661376
221,1298,1519,0.14546717545573348
220,1302,1522,0.14549642764598744
222,1292,1514,0.14552570522269886
223,1284,1507,0.14554889675789337
221,1281,1502,0.14556944907531794
223,1273,1496,0.14559160263216092
225,1278,1503,0.14560595240795718
220,1283,1503,0.14561522472115715
220,1286,1506,0.14563628382032293
226,1284,1510,0.14565622246505314
225,1280,1505,0.145660165675068
220,1263,1483,0.1456656085147917
218,1286,1504,0.14568125825638809
225,1292,1517,0.14569976352318495
216,1285,1501,0.1457006888196926
217,1292,1509,0.14572237407089023
218,1299,1517,0.14574054664176286
219,1307,1526,0.145754280146056
225,1294,1519,0.14576386724044776
225,1295,1520,0.14575955957466755
229,1298,1527,0.14575456445744206
225,1296,1521,0.14574056646373112
221,1306,1527,0.14573812140387235
220,1294,1514,0.1457449613740447
223,1293,1516,0.14575497060500073
225,1288,1513,0.14575709402540338
224,1284,1508,0.14575468761298382
224,1299,1523,0.14575501500269725
229,1300,1529,0.14575566115348157
222,1296,1518,0.14574293928943782
221,1287,1508,0.1457487727061116
225,1279,1504,0.14575442225643193
224,1292,1516,0.1457515620102017
226,1289,1515,0.1457507097725254
222,1296,1518,0.14574719070556028
216,1300,1516,0.1457539627961416
215,1298,1513,0.14577456774127995
212,1297,1509,0.1457953048551577
219,1303,1522,0.14582026012414817
218,1312,1530,0.14582735835698926
211,1298,1509,0.14583617101089533
212,1304,1516,0.14586051919944162
208,1303,1511,0.14588168793346706
215,1302,1517,0.14590960503484657
217,1295,1512,0.1459195795337748
218,1301,1519,0.14592322342736744
219,1295,1514,0.1459239752417162
216,1292,1508,0.14592198609694929
214,1289,1503,0.14592816049752858
213,1297,1510,0.14593871706871397
213,1290,1503,0.14595151226913697
216,1301,1517,0.14596414775497865
216,1307,1523,0.14596594772732013
215,1305,1520,0.14596877345464512
216,1314,1530,0.14597371672256318
212,1320,1532,0.1459766160784591
213,1307,1520,0.145989909862911
211,1311,1522,0.14600035016125992
212,1316,1528,0.14601589174486332
213,1313,1526,0.1460280920558488
213,1315,1528,0.14603668620053706
214,1305,1519,0.14604481479129713
214,1307,1521,0.14605037503034649
218,1302,1520,0.1460547806991503
217,1303,1520,0.14604890512267182
212,1312,1524,0.14604547755956623
214,1310,1524,0.14605352946807154
213,1296,1509,0.14605673691102852
214,1298,1512,0.14606127384639456
216,1290,1506,0.14606284680523735
218,1299,1517,0.1460598019142385
219,1289,1508,0.14605196472633988
219,1289,1508,0.14604231385704258
216,1296,1512,0.14603218434187404
212,1307,1519,0.14603023330198828
212,1297,1509,0.146037678615436
214,1292,1506,0.1460457902912577
222,1285,1507,0.14604788980617514
222,1288,1510,0.1460310005804664
222,1293,1515,0.14601535869567853
219,1299,1518,0.14600032003079785
216,1301,1517,0.14599362529347806
216,1307,1523,0.14599473550365122
225,1298,1523,0.14599671709853862
223,1300,1523,0.14597733921063363
220,1300,1520,0.14596402131512826
219,1307,1526,0.1459585447734434
216,1310,1526,0.14595604212389943
213,1321,1534,0.14595962776039845
217,1303,1520,0.1459691000528208
216,1301,1517,0.1459695080017956
218,1308,1526,0.1459726649035832
212,1305,1517,0.1459723316292998
209,1303,1512,0.14598754636666295
212,1290,1502,0.14600957347459517
208,1295,1503,0.14602204401879143
212,1302,1514,0.1460422676475741
211,1305,1516,0.14605200437668728
208,1311,1519,0.1460633891698814
203,1307,1510,0.14608161798230157
205,1304,1509,0.1461100508709261
207,1306,1513,0.14613200935339632
208,1296,1504,0.146147483647576
207,1293,1500,0.14615848007807541
205,1301,1506,0.14617148991977305
200,1297,1497,0.14618855422317417
202,1305,1507,0.14621566054464055
203,1305,1508,0.14623565616853493
204,1306,1510,0.14625091102766316
202,1302,1504,0.14626383654353642
202,1308,1510,0.14628073163721114
204,1313,1517,0.1462971619764259
204,1307,1511,0.14630750935059272
206,1303,1509,0.14631758287603172
202,1310,1512,0.14632107147202425
196,1313,1509,0.14633342345570918
197,1305,1502,0.14635975503931392
203,1301,1504,0.1463820319413622
200,1312,1512,0.146387290387134
204,1314,1518,0.1463989993741939
202,1311,1513,0.14640003451802275
197,1306,1503,0.14640673606015345
196,1316,1512,0.1464236706907529
195,1313,1508,0.1464427472698029
196,1311,1507,0.14646256383655407
191,1320,1511,0.1464795598025358
195,1313,1508,0.1465074428171387
197,1312,1509,0.1465255607523499
192,1319,1511,0.14653812347430378
198,1307,1505,0.14656106325143278
200,1314,1514,0.1465679699674547
202,1320,1522,0.1465711193367542
196,1313,1509,0.14656974334710748
196,1320,1516,0.14658332911353786
193,1319,1512,0.1465964896731644
192,1320,1512,0.14661588620486363
188,1318,1506,0.14663623797635167
188,1312,1500,0.14666495064633556
191,1318,1509,0.14669237919400654
187,1310,1497,0.14671143505854825
187,1310,1497,0.14673922926334598
188,1321,1509,0.14676427939074288
186,1325,1511,0.14678471173117558
186,1322,1508,0.14680961106615312
186,1312,1498,0.14683269186841166
185,1309,1494,0.14685534051945323
186,1329,1515,0.14687732600535452
187,1336,1523,0.1468953279664098
184,1326,1510,0.14691003261940902
183,1336,1519,0.1469315879079215
186,1336,1522,0.14695290993064813
187,1330,1517,0.14696455829478336
185,1310,1495,0.146974133128031
184,1318,1502,0.1469880119170499
182,1323,1505,0.1470031793414748
184,1320,1504,0.14702215226492663
184,1326,1510,0.14703476830614112
182,1323,1505,0.14704623676434314
182,1321,1503,0.14706172469463874
187,1340,1527,0.14707626685102504
188,1339,1527,0.14707549534631537
186,1334,1520,0.14707147534185025
189,1328,1517,0.14707254744502116
189,1327,1516,0.147066553069863
186,1330,1516,0.14706176134079432
181,1334,1515,0.14706579815420745
181,1322,1503,0.14708032057383172
180,1319,1499,0.1470951748961845
179,1327,1506,0.14711009823895374
182,1317,1499,0.14712506641710463
178,1319,1497,0.1471325523002468
179,1324,1503,0.14714769234980424
176,1314,1490,0.1471601574080371
177,1310,1487,0.14717941948276272
180,1313,1493,0.14719521827080606
182,1312,1494,0.14720367979404586
179,1317,1496,0.1472054155348483
182,1328,1510,0.14721519290654123
186,1329,1515,0.14721849254149255
188,1320,1508,0.14721069944124207
191,1324,1515,0.14719815988704554
195,1316,1511,0.14718081352804305
194,1305,1499,0.14715398708775848
192,1312,1504,0.14713198407275235
189,1316,1505,0.14711561979464272
193,1317,1510,0.14710773431021276
191,1309,1500,0.14709032719051865
189,1319,1508,0.14707848023603065
192,1316,1508,0.14707196433666606
186,1324,1510,0.14705919674940415
184,1320,1504,0.14706226762711838
182,1325,1507,0.1470698903585492
188,1319,1507,0.14708243445729732
185,1320,1505,0.1470803967124427
183,1327,1510,0.14708636082394286
183,1336,1519,0.14709752902791037
182,1336,1518,0.14710804091540006
180,1324,1504,0.14711889240697634
175,1326,1501,0.1471352056828143
177,1332,1509,0.14716297023528763
181,1333,1514,0.14718152866532896
179,1350,1529,0.14718903508446854
177,1342,1519,0.14720228447058267
179,1351,1530,0.1472175295412203
177,1342,1519,0.14722788227395422
178,1338,1516,0.14724384958283174
181,1323,1504,0.14725725538289244
181,1330,1511,0.1472629017843001
182,1327,1509,0.1472677227082758
180,1336,1516,0.14727053805387139
180,1339,1519,0.14727736735530786
178,1347,1525,0.1472839708160703
183,1346,1529,0.14729562519629702
185,1345,1530,0.1472933435884908
183,1335,1518,0.147285690714458
183,1344,1527,0.1472827464206084
185,1335,1520,0.1472811989477804
186,1344,1530,0.14727527511470015
184,1333,1517,0.1472682321287157
184,1333,1517,0.1472672464297708
189,1337,1526,0.14726603001201202
189,1326,1515,0.14725143747126787
190,1328,1518,0.14723925943750393
186,1335,1521,0.1472255638657601
181,1332,1513,0.14722319420683433
188,1343,1531,0.14723308877787772
188,1333,1521,0.14722451639915762
184,1341,1525,0.1472165314120473
185,1333,1518,0.14721851543968573
189,1341,1530,0.14721824691177202
189,1348,1537,0.1472083396560519
184,1332,1516,0.14719898209791546
184,1325,1509,0.14720249115714443
187,1325,1512,0.14720642762587338
186,1331,1517,0.14720107590918835
183,1329,1512,0.14719898327677988
184,1338,1522,0.14720411284605295
182,1333,1515,0.14720739155379226
186,1336,1522,0.14721615359456236
182,1343,1525,0.14721479642739266
181,1336,1517,0.1472227698034947
181,1340,1521,0.14723322043171538
174,1333,1507,0.14724393049831475
172,1330,1502,0.14727085974729323
173,1348,1521,0.1473014170080251
174,1345,1519,0.14732758228928758
172,1347,1519,0.14734937067604206
170,1329,1499,0.14737347062540732
175,1345,1520,0.14740075458941984
174,1335,1509,0.1474145943637108
173,1340,1513,0.14742942582594676
173,1351,1524,0.14744531163893174
173,1350,1523,0.1474603944347672
173,1357,1530,0.1474751270382163
171,1334,1505,0.1474899848778766
175,1346,1521,0.14750878328304476
174,1344,1518,0.14751744095662894
172,1342,1514,0.1475287517954696
173,1344,1517,0.14754352394394107
176,1346,1522,0.14755423096207046
174,1340,1514,0.14755842066507216
173,1343,1516,0.14756681253744403
169,1349,1518,0.14757763605227528
172,1346,1518,0.14759593720675837
175,1351,1526,0.14760438627088684
176,1357,1533,0.14760518326576083
175,1349,1524,0.14760449380881685
176,1345,1521,0.1476062446821765
174,1334,1508,0.14760540651263362
172,1342,1514,0.14760917654330566
174,1346,1520,0.14761683062670575
173,1348,1521,0.14761968184312393
173,1330,1503,0.14762432334710027
169,1335,1504,0.147629342833126
172,1335,1507,0.14764292396011938
166,1345,1511,0.14764824556446746
164,1346,1510,0.1476677516751075
166,1349,1515,0.14769190930076764
165,1350,1515,0.14770974547275884
161,1341,1502,0.14772910016618826
161,1346,1507,0.14775766554721315
165,1353,1518,0.14778373344077772
164,1364,1528,0.14779875571667525
163,1362,1525,0.14781477608458465
158,1352,1510,0.1478329616113772
159,1354,1513,0.1478608200897581
157,1351,1508,0.1478842652281796
156,1371,1527,0.14791009648412007
152,1355,1507,0.14793730620620565
153,1356,1509,0.14797174117683898
156,1357,1513,0.14800208782502278
154,1354,1508,0.14802422008004182
152,1360,1512,0.1480487859948274
150,1360,1510,0.14807719702864844
155,1368,1523,0.1481079833975476
152,1373,1525,0.14812452395578413
151,1378,1529,0.14814713264129845
151,1373,1524,0.14817142777219997
152,1362,1514,0.1481947567271832
145,1363,1508,0.14821284088271733
149,1356,1505,0.14824493316067533
152,1357,1509,0.1482646819527013
155,1368,1523,0.14827516829132417
151,1367,1518,0.14827755762582231
145,1361,1506,0.14828954380116083
149,1361,1510,0.1483153068666339
148,1361,1509,0.1483307612396829
151,1360,1511,0.14834806703240688
154,1355,1509,0.14835721915991443
156,1350,1506,0.1483580555663219
152,1361,1513,0.14835517970431084
157,1367,1524,0.14836139422866654
159,1372,1531,0.1483543680520723
158,1378,1536,0.14834365382430245
156,1366,1522,0.14833500580029452
148,1372,1520,0.14833181930953113
147,1376,1523,0.14834910547514416
149,1376,1525,0.1483676250226258
150,1382,1532,0.1483794746094852
152,1373,1525,0.1483888110938658
145,1372,1517,0.14839308205971546
145,1369,1514,0.14841298534771852
142,1358,1500,0.14843168572021098
145,1357,1502,0.14845661775655594
148,1352,1500,0.1484724145662389
145,1354,1499,0.14847992209521826
148,1367,1515,0.14849424268285338
154,1352,1506,0.1484999293294111
155,1364,1519,0.14848852431180778
155,1369,1524,0.14847586623692308
156,1357,1513,0.1484642436700168
150,1360,1510,0.14845050831202652
152,1366,1518,0.14845334946383032
148,1359,1507,0.14845109037881807
148,1367,1515,0.14845912637700467
145,1374,1519,0.14846634787224583
149,1373,1522,0.14848017512048678
145,1368,1513,0.14848250133748186
147,1365,1512,0.14849511779313004
150,1363,1513,0.1485021724265438
150,1365,1515,0.1485020522314411
149,1370,1519,0.1485027887000053
147,1366,1513,0.14850521797495247
146,1371,1517,0.14851313024117338
150,1379,1529,0.14852374156157377
146,1368,1514,0.1485238958530003
145,1374,1519,0.14853353987739643
146,1371,1517,0.14854470626792277
146,1367,1513,0.14855281349452754
145,1384,1529,0.14856076113078706
147,1378,1525,0.14857184207862428
146,1383,1529,0.148577336962383
146,1382,1528,0.1485846248042738
146,1382,1528,0.14859202560712093
142,1379,1521,0.14860006404914994
143,1364,1507,0.14861658991972168
141,1368,1509,0.14862803779922398
141,1376,1517,0.14864372374860438
143,1371,1514,0.14865919571003233
144,1374,1518,0.14866794133524602
140,1370,1510,0.14867385680107362
141,1363,1504,0.14868863432950225
139,1370,1509,0.1487000748534783
142,1379,1521,0.14871581396297495
142,1370,1512,0.14872122156808995
143,1379,1522,0.14872660873474733
146,1383,1529,0.1487292361061663
141,1377,1518,0.14872499841023556
144,1370,1514,0.14873304248901925
143,1367,1510,0.14873299270531937
144,1364,1508,0.14873432471811715
148,1359,1507,0.14873162244873134
146,1376,1522,0.1487198337720034
147,1384,1531,0.14871407812439405
138,1379,1517,0.14870643031031236
140,1374,1514,0.1487199797059418
137,1373,1510,0.14872925201178333
141,1373,1514,0.14874372045678474
144,1368,1512,0.14874707035846782
143,1367,1510,0.14874361721773602
139,1358,1497,0.14874391361096476
143,1366,1509,0.14875299771671252
144,1361,1505,0.14875215021066499
146,1362,1508,0.14874812460791922
149,1358,1507,0.14873915087705045
147,1363,1510,0.14872229639588086
147,1380,1527,0.14871187688861298
141,1377,1518,0.14870113271365112
148,1363,1511,0.14870566214857062
147,1352,1499,0.14869194581034884
148,1364,1512,0.14868294868010873
150,1360,1510,0.14867247931342653
154,1362,1516,0.14865815193131804
152,1370,1522,0.1486355485936327
151,1366,1517,0.14862070315539955
151,1370,1521,0.14860993556936697
152,1382,1534,0.14859963143012397
152,1378,1530,0.1485879346471035
153,1372,1525,0.14857806709917384
151,1357,1508,0.148567236115486
151,1354,1505,0.1485625917557698
148,1364,1512,0.14855853695059287
148,1357,1505,0.14856189587538837
146,1368,1514,0.14856555010646477
148,1373,1521,0.14857335937068616
142,1375,1517,0.14857586713568935
142,1375,1517,0.1485923316707386
142,1381,1523,0.14860843798779846
143,1383,1526,0.1486225590073042
142,1391,1533,0.148632360106415
141,1378,1519,0.14864460073138352
146,1375,1521,0.14865770654344884
141,1372,1513,0.14865795218845518
140,1375,1515,0.14867058254349275
143,1371,1514,0.1486849139988005
144,1373,1517,0.14869234617084992
147,1382,1529,0.1486966627035011
144,1380,1524,0.14869365906886048
146,1377,1523,0.1486988206671783
147,1362,1509,0.14869903845443097
147,1373,1520,0.14869769122921989
148,1369,1517,0.14869554799014492
142,1381,1523,0.14869077578122622
142,1371,1513,0.14869946451762606
144,1369,1513,0.1487080637766964
143,1373,1516,0.14871070037776588
143,1366,1509,0.1487160883918791
142,1383,1525,0.14872110255405913
144,1379,1523,0.14872871528736542
146,1369,1515,0.1487305880918391
146,1375,1521,0.1487272056177607
144,1367,1511,0.14872397439686388
144,1381,1525,0.1487260204075519
141,1373,1514,0.1487286528647345
144,1370,1514,0.14873699358279768
140,1359,1499,0.1487361308836633
141,1362,1503,0.1487447523976832
142,1358,1500,0.1487491177430749
147,1358,1505,0.148751889237783
148,1367,1515,0.14874300407581076
141,1369,1510,0.1487307179612029
142,1367,1509,0.14873696338483985
146,1368,1514,0.14873999488801007
144,1363,1507,0.148733653189352
148,1367,1515,0.14873347296828107
150,1377,1527,0.1487226472609908
149,1359,1508,0.14870807840783334
149,1372,1521,0.14869798359684103
147,1372,1519,0.14868941191462742
147,1368,1515,0.14868739662206346
146,1371,1517,0.14868645182954038
144,1365,1509,0.14868855804442543
141,1368,1509,0.14869573311353013
142,1380,1522,0.14870964558255417
144,1385,1529,0.14872040275782583
143,1384,1527,0.14872535022067837
141,1368,1509,0.14873240257057435
138,1367,1505,0.14874411862772363
139,1369,1508,0.14876103953241343
135,1376,1511,0.14877419293541075
139,1386,1525,0.1487959804488771
139,1388,1527,0.14880645872416864
141,1383,1524,0.14881668048635702
141,1379,1520,0.14882152461293258
136,1371,1507,0.14882663712133185
139,1373,1512,0.148842583338092
139,1374,1513,0.14884943285358504
140,1387,1527,0.14885539518988686
143,1381,1524,0.1488585103888257
145,1383,1528,0.148853336654737
145,1372,1517,0.14884400186567184
145,1373,1518,0.14883541691905744
143,1371,1514,0.14882819025918448
140,1384,1524,0.14882627386702688
144,1378,1522,0.14883251286962199
141,1378,1519,0.14882781683487828
144,1389,1533,0.14882969167156734
140,1402,1542,0.14882434771346204
137,1402,1539,0.14882871498765723
133,1385,1518,0.14884158478644285
134,1382,1516,0.14886330430685502
134,1381,1515,0.1488816615829862
134,1376,1510,0.14889776686731707
132,1383,1515,0.1489131688560337
130,1379,1509,0.14893252859582604
131,1377,1508,0.1489554370624943
131,1384,1515,0.1489747390771959
131,1374,1505,0.14899319941351005
133,1390,1523,0.14900909248592809
134,1382,1516,0.14901810682527764
136,1380,1516,0.14902471426900624
130,1397,1527,0.14902652074034198
129,1383,1512,0.1490416163186543
128,1383,1511,0.14905756066829495
128,1399,1527,0.14907546049795503
127,1407,1534,0.14909290374866868
127,1395,1522,0.14911138729963672
131,1391,1522,0.14912874901468365
135,1395,1530,0.14913500009451014
134,1389,1523,0.1491292162157734
137,1385,1522,0.14912659791232502
133,1382,1515,0.149118285794461
130,1377,1507,0.14912073341467263
133,1371,1504,0.1491274476735825
134,1368,1502,0.14912686669305153
136,1368,1504,0.1491234437857618
135,1359,1494,0.1491154485439535
133,1356,1489,0.14911072987537186
131,1364,1495,0.14911142939994207
131,1374,1505,0.14911818039140812
131,1389,1520,0.1491241533460041
127,1381,1508,0.14913080185037356
133,1373,1506,0.14914590494253485
133,1383,1516,0.14914463293235034
135,1394,1529,0.14914297592820155
134,1397,1531,0.14913727801131532
134,1387,1521,0.14913540141062784
134,1394,1528,0.14913353488309988
135,1386,1521,0.14913110837596164
135,1376,1511,0.14912716235337545
136,1372,1508,0.1491221943290234
137,1368,1505,0.1491147801572964
132,1374,1506,0.14910483956225118
135,1360,1495,0.14910730714378637
132,1359,1491,0.14910332532733903
131,1358,1489,0.14910660483517854
130,1372,1502,0.1491115317085943
131,1383,1514,0.14911895016628016
131,1384,1515,0.1491237721340325
131,1378,1509,0.14912897794506585
130,1365,1495,0.1491334409504056
130,1372,1502,0.14913982845664708
131,1374,1505,0.14914538763842347
128,1381,1509,0.14914877125167966
128,1381,1509,0.1491595646869295
127,1385,1512,0.14916950917119978
132,1382,1514,0.14918141579955133
131,1373,1504,0.14917971319190432
130,1383,1513,0.1491822860772422
126,1386,1512,0.14918703790036664
128,1397,1525,0.14920106692758953
126,1392,1518,0.14921014049004733
131,1391,1522,0.14922398005725726
131,1376,1507,0.1492242638313824
130,1376,1506,0.14922441325916294
126,1393,1519,0.1492278588270987
123,1378,1501,0.14924146564484045
122,1395,1517,0.14926155550440423
119,1398,1517,0.14928265018369397
120,1405,1525,0.14930965097881768
124,1391,1515,0.14933287423849792
125,1394,1519,0.14934468078522603
124,1400,1524,0.1493539395623904
116,1389,1505,0.14936546068210277
119,1397,1516,0.149394390182574
120,1390,1510,0.14941480071062518
122,1394,1516,0.1494295494037876
120,1408,1528,0.1494388906298284
120,1402,1522,0.14945261201106277
120,1403,1523,0.14946583875764782
123,1396,1519,0.1494792731932264
122,1397,1519,0.1494856227035009
121,1389,1510,0.14949288021856097
120,1389,1509,0.14950190651108133
122,1399,1521,0.14951249470768696
120,1415,1535,0.14951844782398532
120,1410,1530,0.14952827015736647
123,1386,1509,0.14953679193767896
124,1382,1506,0.1495378855697858
119,1394,1513,0.14953689014179614
119,1380,1499,0.14954877451858742
118,1385,1503,0.1495588701313092
116,1384,1500,0.14957039641499442
117,1384,1501,0.1495851616978301
115,1398,1513,0.14959661718859485
115,1396,1511,0.14961175090693113
111,1391,1502,0.14962677081316933
114,1395,1509,0.14964990257468758
113,1403,1516,0.14966499227416527
111,1412,1523,0.14968192015661372
109,1404,1513,0.1497019346969709
110,1409,1519,0.14972537503227656
112,1404,1516,0.14974473493178733
108,1394,1502,0.1497583537871113
110,1407,1517,0.1497794499600405
110,1421,1531,0.14979409419220255
110,1405,1515,0.1498084712682802
106,1407,1513,0.14982243831724582
111,1407,1518,0.14984476888540338
111,1406,1517,0.14985267116845954
106,1406,1512,0.14986057122084645
109,1418,1527,0.14987994982902464
113,1412,1525,0.14989135053873912
109,1406,1515,0.14989287766738843
107,1402,1509,0.14990413059291302
108,1409,1517,0.14991974098284963
105,1411,1516,0.14993158184272365
109,1419,1528,0.14994908034124804
109,1418,1527,0.14995478431944914
107,1412,1519,0.14996072155309365
106,1414,1520,0.14997115783117526
109,1408,1517,0.14998197198232951
109,1397,1506,0.14998586165458183
109,1394,1503,0.14999003953991558
105,1393,1498,0.14999467818591472
106,1402,1508,0.1500081349003892
105,1409,1514,0.15001750926550014
105,1417,1522,0.1500279443831097
102,1413,1515,0.15003831462031397
102,1419,1521,0.15005537155747115
100,1406,1506,0.15006995601859846
102,1400,1502,0.15008831621587052
103,1408,1511,0.15010070143268955
105,1404,1509,0.15010873426728352
105,1420,1525,0.15011102539493698
101,1414,1515,0.15011322714944852
103,1424,1527,0.1501255952871493
103,1417,1520,0.15013253883293093
105,1422,1527,0.150140101629327
105,1424,1529,0.15014139846980282
105,1429,1534,0.15014188861296676
104,1411,1515,0.1501430303226407
106,1422,1528,0.15014676978010758
103,1413,1516,0.15014595810716672
102,1405,1507,0.15015290995504002
99,1404,1503,0.1501624884770795
100,1406,1506,0.1501783432342663
104,1420,1524,0.1501902379635828
105,1413,1518,0.15019135970793598
105,1419,1524,0.15019043868966336
103,1414,1517,0.15018963503218358
104,1394,1498,0.15019456501898162
106,1399,1505,0.1501963953732559
105,1399,1504,0.15019299126396793
101,1396,1497,0.15019270747437258
101,1413,1514,0.15020256283984249
98,1421,1519,0.15021233679881082
98,1426,1524,0.15022776397088278
99,1429,1528,0.15024258530134607
101,1433,1534,0.15025415552978313
97,1438,1535,0.15026048581345
97,1422,1519,0.15027482524337935
94,1426,1520,0.1502887137570978
94,1431,1525,0.1503089601726365
97,1429,1526,0.15032835906557818
95,1421,1516,0.15034021490272867
96,1419,1515,0.15035542624242676
94,1416,1510,0.15036720154831698
93,1417,1510,0.1503821540763236
95,1412,1507,0.15039834037030222
99,1401,1500,0.15040881599190084
101,1410,1511,0.15040904814528802
99,1407,1506,0.15040406309911206
100,1415,1515,0.1504048291513656
101,1419,1520,0.15040203096043342
96,1415,1511,0.15039696126974453
98,1422,1520,0.15040449406142517
94,1410,1504,0.1504058389323704
95,1409,1504,0.1504168711312412
96,1422,1518,0.1504252146365926
97,1424,1521,0.15043069449205748
96,1423,1519,0.15043333978212867
99,1419,1518,0.15043850809593962
100,1410,1510,0.15043613649871673
97,1421,1518,0.15043106754456934
99,1418,1517,0.1504339641770251
99,1410,1509,0.15043281150876708
103,1408,1511,0.15043214905841654
99,1412,1511,0.15041981728766213
98,1407,1505,0.15041798750866187
99,1411,1510,0.1504181686681162
97,1421,1518,0.15041693384367213
96,1419,1515,0.15042090901801122
95,1419,1514,0.15042770319365206
94,1425,1519,0.15043640411158468
91,1418,1509,0.15044761138127355
90,1428,1518,0.15046529437152428
91,1428,1519,0.1504845676707512
90,1436,1526,0.1505004465973144
86,1440,1526,0.15051620875754732
87,1430,1517,0.1505411160897291
86,1422,1508,0.15056171704898497
89,1422,1511,0.15058314259226246
88,1427,1515,0.15059524842428362
88,1422,1510,0.150609273572541
87,1425,1512,0.15062224762261978
86,1423,1509,0.1506360016967923
86,1432,1518,0.15065152365566914
89,1420,1509,0.15066583552981863
89,1430,1519,0.15067200963137145
85,1437,1522,0.15067853048613064
84,1433,1517,0.15069400290824267
86,1429,1515,0.15071130611209269
88,1426,1514,0.1507228964506427
84,1431,1515,0.15072952439542797
82,1430,1512,0.1507446784001063
83,1436,1519,0.1507635220654461
83,1428,1511,0.15077936056294386
82,1432,1514,0.1507931527901591
83,1437,1520,0.1508074097457855
84,1436,1520,0.1508190226251723
85,1427,1512,0.1508283452524689
81,1425,1506,0.15083446241501136
86,1419,1505,0.1508498327945234
83,1416,1499,0.15085220835267268
85,1432,1517,0.15086159972769916
85,1429,1514,0.15086606401809124
82,1421,1503,0.15086986727750562
85,1428,1513,0.150880756587095
86,1428,1514,0.15088147097620955
86,1414,1500,0.1508791170865594
87,1427,1514,0.15087767783221864
91,1429,1520,0.15087464600833214
90,1421,1511,0.15086124299199258
87,1440,1527,0.15085180478763455
86,1436,1522,0.15085056004580827
87,1425,1512,0.150851742619917
86,1422,1508,0.1508515692703918
84,1419,1503,0.15085267915065817
83,1431,1514,0.15085905723421475
81,1441,1522,0.15086806863904076
83,1426,1509,0.15088136611533312
82,1408,1490,0.15088882057901132
79,1412,1491,0.15089878371614812
82,1405,1487,0.15091538227049725
79,1415,1494,0.15092253602470282
79,1431,1510,0.15093687668340738
80,1437,1517,0.15095052208818335
79,1438,1517,0.15096055506218217
75,1428,1503,0.15097179051377357
74,1430,1504,0.1509923701246667
75,1424,1499,0.15101399228046541
74,1425,1499,0.15103102276808397
76,1423,1499,0.15104992303121534
74,1428,1502,0.151063406267735
72,1437,1509,0.15108067694903293
72,1427,1499,0.1511015888870026
71,1430,1501,0.1511205509988639
70,1440,1510,0.15114100178731418
73,1449,1522,0.15116279433473434
76,1447,1523,0.15117579050186322
76,1442,1518,0.15117999846397062
76,1452,1528,0.15118466352344714
76,1452,1528,0.1511895689809836
73,1450,1523,0.15119463522100218
73,1451,1524,0.15120636893340766
73,1451,1524,0.15121707662406503
72,1449,1521,0.15122757709177098
72,1445,1517,0.15123982294541238
73,1437,1510,0.15125071232806664
74,1437,1511,0.151257904726065
73,1445,1518,0.1512626922316799
73,1444,1517,0.1512692088147731
72,1450,1522,0.1512755947247281
69,1444,1513,0.15128449221725454
70,1431,1501,0.15129928077736937
71,1432,1503,0.15131129963289658
71,1434,1505,0.15132052103911203
70,1426,1496,0.15132942890370404
70,1437,1507,0.15134041947584936
69,1442,1511,0.15134939400164157
67,1437,1504,0.15136053515185155
67,1441,1508,0.15137663082057276
69,1438,1507,0.151391172570682
68,1449,1517,0.15139922378288106
66,1462,1528,0.15140935296059987
68,1463,1531,0.15142391511629735
67,1456,1523,0.15143321374826427
68,1462,1530,0.15144418843485588
67,1464,1531,0.15145244323629634
65,1459,1524,0.1514620205125626
67,1455,1522,0.15147509581516885
66,1450,1516,0.15148182940091798
63,1455,1518,0.15149092772251474
63,1464,1527,0.15150678649271324
60,1455,1515,0.15152185595026407
59,1454,1513,0.1515431140026818
64,1458,1522,0.1515647548644888
64,1452,1516,0.15157302294227662
61,1445,1506,0.15158090536515342
63,1446,1509,0.1515955135802715
63,1446,1509,0.15160525822006155
62,1442,1504,0.15161493250108785
64,1447,1511,0.1516262548261612
63,1439,1502,0.15163216680844968
60,1452,1512,0.1516401728107053
59,1442,1501,0.15165491967389727
56,1460,1516,0.15167125505946127
53,1461,1514,0.15169360597506018
55,1459,1514,0.151721670859314
53,1467,1520,0.1517432297452321
57,1447,1504,0.15176824166654435
58,1454,1512,0.15178202270559582
58,1447,1505,0.15179210803794624
59,1453,1512,0.15180040557661967
59,1461,1520,0.15180645412737231
60,1460,1520,0.1518122425542845
60,1471,1531,0.15181584201547774
60,1470,1530,0.1518189275855514
61,1471,1532,0.1518223582634774
60,1458,1518,0.15182366289369575
58,1457,1515,0.1518276344982527
56,1473,1529,0.15183651754910854
56,1474,1530,0.15184941974795374
53,1457,1510,0.15186172239250886
53,1460,1513,0.15188072257014787
51,1457,1508,0.15189886601861835
49,1459,1508,0.15192031016342708
51,1468,1519,0.1519450055664347
52,1469,1521,0.1519635643926137
52,1461,1513,0.15197800893814523
53,1479,1532,0.15199115351924358
53,1463,1516,0.15200153326801488
54,1457,1511,0.15201109674925534
55,1449,1504,0.15201789221158546
56,1451,1507,0.1520221248223858
56,1447,1503,0.1520225686827709
54,1464,1518,0.15202257079556813
56,1467,1523,0.15202754582110967
54,1467,1521,0.15202760200876325
58,1457,1515,0.15203306753159418
58,1457,1515,0.1520286264292874
54,1452,1506,0.15202398955625807
57,1459,1516,0.152028908034605
55,1464,1519,0.1520268318240562
53,1463,1516,0.15203036816788423
56,1475,1531,0.15203757044473246
55,1458,1513,0.15203753220791005
54,1468,1522,0.15203900063341336
52,1474,1526,0.1520435819126242
51,1461,1512,0.15205305544145734
52,1463,1515,0.15206447298936637
51,1480,1531,0.1520731180827365
51,1471,1522,0.15208369784712217
54,1470,1524,0.15209369900867664
53,1473,1526,0.15209573579057006
53,1467,1520,0.15210014391362073
52,1470,1522,0.15210312808878854
53,1468,1521,0.1521088824544917
53,1462,1515,0.15211237631989957
51,1461,1512,0.15211517457496587
48,1465,1513,0.15212295615433416
48,1454,1502,0.15213741827111987
48,1465,1513,0.1521500432782244
50,1467,1517,0.15216222812786037
47,1458,1505,0.1521693158908327
47,1463,1510,0.15218280062470765
49,1462,1511,0.15219559442697483
49,1478,1527,0.1522017860674144
49,1459,1508,0.15220765066836558
50,1463,1513,0.1522135415811549
49,1458,1507,0.15221715104971412
50,1451,1501,0.1522229895611775
49,1461,1510,0.15222613824804732
49,1476,1525,0.1522316439133561
48,1480,1528,0.15223580581486498
47,1473,1520,0.1522422098401375
47,1467,1514,0.15225067452815516
44,1466,1510,0.15225897015862247
43,1483,1526,0.1522734743279502
44,1472,1516,0.15228956777196184
46,1472,1518,0.15230227914702205
44,1465,1509,0.15230947331306458
46,1475,1521,0.1523208385899923
44,1471,1515,0.152326278739217
45,1469,1514,0.1523360086405636
44,1476,1520,0.15234311748878837
44,1480,1524,0.15235223192807193
46,1488,1534,0.15236097633562617
45,1488,1533,0.15236376291398515
42,1495,1537,0.15236883725527298
41,1476,1517,0.1523804361348682
38,1469,1507,0.1523937856118568
37,1478,1515,0.1524131398530856
39,1470,1509,0.15243370204145573
38,1481,1519,0.1524476364678108
36,1492,1528,0.15246310127712046
36,1495,1531,0.15248263262404219
39,1491,1530,0.15250023672652685
39,1467,1506,0.1525091851309511
40,1462,1502,0.15251792756351265
41,1469,1510,0.15252398542193726
42,1477,1519,0.15252675404175073
42,1476,1518,0.15252707800351875
41,1482,1523,0.15252775899380414
41,1478,1519,0.15253091369630745
40,1485,1525,0.15253416498171
41,1497,1538,0.15253971000832175
41,1491,1532,0.15254282554903287
42,1487,1529,0.15254446452709053
42,1488,1530,0.15254317343439347
43,1482,1525,0.15254234575539616
43,1480,1523,0.1525394236464448
45,1479,1524,0.1525370071620829
42,1474,1516,0.15252917511128544
44,1474,1518,0.1525282734616505
44,1468,1512,0.15252240303478137
45,1479,1524,0.15251740275599052
45,1479,1524,0.15251000805460604
45,1470,1515,0.15250354350104822
44,1479,1523,0.1524974267111606
45,1461,1506,0.1524952353642541
45,1462,1507,0.15249066643338977
45,1466,1511,0.15248584564303827
45,1476,1521,0.15248169521167554
45,1477,1522,0.15247812821965093
46,1478,1524,0.15247418795568268
44,1477,1521,0.15246767168106984
43,1478,1521,0.15246670050470962
43,1466,1509,0.15246906862424897
45,1460,1505,0.15247088033646206
44,1471,1515,0.15246757224523677
43,1474,1517,0.15246710548547646
41,1466,1507,0.15246918937247694
41,1467,1508,0.15247608094886098
41,1478,1519,0.15248228910867032
39,1476,1515,0.152488315344217
40,1475,1515,0.15249892873766868
40,1464,1504,0.1525064851566599
39,1470,1509,0.1525127375012813
37,1467,1504,0.15252135245310358
35,1466,1501,0.15253396336422856
35,1459,1494,0.1525505699460701
38,1463,1501,0.15256646717514188
39,1462,1501,0.15257436192110416
38,1477,1515,0.15257934513431995
37,1466,1503,0.15258639228501625
37,1464,1501,0.15259536860762637
36,1473,1509,0.1526039813058405
36,1467,1503,0.1526145652790838
35,1475,1510,0.1526246407462288
35,1472,1507,0.15263635238340156
35,1460,1495,0.15264756401461027
35,1468,1503,0.15265818083975366
34,1472,1506,0.15266714974194498
38,1459,1497,0.15267668225649397
39,1467,1506,0.15267420561351205
41,1467,1508,0.15267021136201156
40,1471,1511,0.1526610974941538
41,1461,1502,0.15265461434622443
42,1457,1499,0.1526460578536607
41,1465,1506,0.15263570042276803
38,1472,1510,0.15262889494640303
39,1472,1511,0.15262983230697624
39,1480,1519,0.15262897464621988
39,1489,1528,0.15262860202372294
39,1491,1530,0.1526286287774698
36,1475,1511,0.15262898158831303
37,1473,1510,0.15263675897464704
41,1477,1518,0.15264082535154058
40,1462,1502,0.15263331001356933
40,1465,1505,0.1526291009836429
40,1475,1515,0.15262567640695357
40,1468,1508,0.1526229250399971
38,1471,1509,0.15262075000714798
36,1473,1509,0.15262403485332077
38,1475,1513,0.15263190573909455
41,1468,1509,0.1526340563544135
41,1458,1499,0.15262843297703554
41,1465,1506,0.1526235941405967
43,1455,1498,0.15261884848161184
43,1473,1516,0.15260967386123767
41,1477,1518,0.15260151603374494
42,1488,1530,0.15259887874127495
39,1481,1520,0.1525936262844137
38,1476,1514,0.15259651988279654
40,1483,1523,0.15260191161901576
39,1478,1517,0.15260129058131056
40,1480,1520,0.15260330211433362
37,1485,1522,0.1526032286173634
35,1481,1516,0.15261047928722726
36,1463,1499,0.15262213799591212
34,1469,1503,0.15263046026275853
35,1472,1507,0.1526437158787133
36,1483,1519,0.1526537091208283
36,1479,1515,0.15266095769584342
35,1475,1510,0.15266702554711922
36,1483,1519,0.15267531942195764
35,1481,1516,0.1526796359205939
35,1485,1520,0.15268630359341506
34,1486,1520,0.1526928980291408
34,1488,1522,0.15270183828623296
34,1480,1514,0.15271048829919334
33,1482,1515,0.15271883301738012
32,1472,1504,0.1527291066952438
31,1463,1494,0.1527410895179837
31,1485,1516,0.15275491514219375
31,1485,1516,0.15276752653371284
33,1473,1506,0.15277980516390088
32,1484,1516,0.15278575440289238
31,1494,1525,0.1527938111354524
31,1467,1498,0.15280377400298775
29,1475,1504,0.1528133266200561
29,1474,1503,0.15282687879638923
30,1486,1516,0.1528397444873679
31,1473,1504,0.15284957068176588
31,1462,1493,0.1528565583630969
32,1475,1507,0.15286324423221365
31,1482,1513,0.1528671126316744
30,1482,1512,0.15287317464726757
30,1490,1520,0.15288141690066176
30,1494,1524,0.15288926938159025
29,1486,1515,0.15289646507238416
30,1471,1501,0.15290571284534157
31,1470,1501,0.15291201396007975
31,1489,1520,0.1529144642980391
31,1477,1508,0.15291696156534237
32,1482,1514,0.1529194755878597
32,1487,1519,0.15291965001875202
31,1472,1503,0.152919965615519
28,1486,1514,0.15292259434953145
28,1475,1503,0.15293230312377343
27,1493,1520,0.15294152401265823
27,1494,1521,0.15295141775391805
28,1483,1511,0.15296094025039664
28,1480,1508,0.1529667961136883
28,1480,1508,0.15297254667609228
28,1488,1516,0.15297816324022576
30,1489,1519,0.15298292202452782
30,1484,1514,0.15298206522766825
30,1495,1525,0.1529816188913028
29,1494,1523,0.1529815138729254
29,1494,1523,0.15298297395665242
29,1486,1515,0.15298468397924578
27,1482,1509,0.15298658456346356
25,1487,1512,0.15299320133709682
26,1495,1521,0.15300456798606885
27,1500,1527,0.1530120360774115
26,1509,1535,0.15301606955197214
26,1499,1525,0.15302255903053374
24,1500,1524,0.15302800195521563
25,1499,1524,0.15303814838650798
26,1491,1517,0.15304558779083446
26,1498,1524,0.15305053615477665
22,1490,1512,0.15305540800453243
25,1502,1527,0.1530693845197644
24,1496,1520,0.15307509831038202
24,1498,1522,0.15308298266066017
22,1491,1513,0.15309056855940364
21,1504,1525,0.15310220889765766
20,1488,1508,0.15311571268032073
18,1491,1509,0.15313008841394843
18,1486,1504,0.15314876280537992
19,1486,1505,0.15316600285053764
19,1477,1496,0.15317992044943624
19,1477,1496,0.15319276654170447
19,1495,1514,0.15320501830584995
18,1504,1522,0.15321668432242264
20,1505,1525,0.15322936135722087
21,1510,1531,0.15323663594405468
20,1504,1524,0.1532405570007422
19,1499,1518,0.1532468999858192
18,1493,1511,0.1532554788222341
19,1497,1516,0.15326662128763574
20,1499,1519,0.1532742245341985
19,1504,1523,0.15327839654885758
19,1502,1521,0.15328509486296693
20,1491,1511,0.1532915887447906
20,1485,1505,0.15329468860121648
22,1502,1524,0.15329749787012156
23,1497,1520,0.153293818391891
24,1495,1519,0.15328813433329253
23,1479,1502,0.1532799920310557
22,1495,1517,0.1532752852721388
22,1502,1524,0.15327391474430216
22,1509,1531,0.1532729861809082
21,1488,1509,0.1532724274680995
19,1480,1499,0.15327486605072932
18,1490,1508,0.153281953569817
17,1494,1511,0.15329122665455575
16,1491,1507,0.15330234126707726
17,1493,1510,0.15331504534268736
19,1494,1513,0.15332381822601213
19,1486,1505,0.15332678469986324
18,1506,1524,0.15332984701566676
18,1491,1509,0.15333533586512443
18,1492,1510,0.1533406859249946
17,1484,1501,0.15334623216122514
16,1494,1510,0.15335374046035233
17,1508,1525,0.1533627155806281
18,1506,1524,0.15336811432472156
18,1509,1527,0.15337025332661322
15,1502,1517,0.15337257236562413
16,1511,1527,0.15338254013806948
14,1497,1511,0.15338959348333336
14,1512,1526,0.15340107862262115
14,1498,1512,0.1534120056891177
14,1491,1505,0.15342238752324724
13,1506,1519,0.1534322391304067
14,1495,1509,0.1534440230630676
14,1494,1508,0.15345229168265256
14,1488,1502,0.15346020192150028
13,1492,1505,0.15346710718312642
13,1485,1498,0.15347598125652834
13,1495,1508,0.15348448797521683
12,1505,1517,0.15349262786057222
11,1505,1516,0.1535020236508317
11,1501,1512,0.15351329573237224
11,1498,1509,0.1535240789960971
12,1491,1503,0.15353437909011844
12,1484,1496,0.15354162699149052
12,1492,1504,0.1535486100187967
12,1500,1512,0.15355532312035136
13,1508,1521,0.15356176406638755
14,1517,1531,0.15356491080112655
13,1500,1513,0.15356540142829955
13,1510,1523,0.15356852225035555
13,1508,1521,0.15357164124102668
13,1497,1510,0.1535747361370343
12,1498,1510,0.15357778872406203
12,1505,1517,0.15358299617305615
13,1512,1525,0.15358799828706687
13,1514,1527,0.15359044716771567
14,1509,1523,0.15359284895425143
14,1486,1500,0.15359212819374168
14,1489,1503,0.1535916246803626
14,1494,1508,0.15359130601512772
12,1500,1512,0.15359114392940654
13,1497,1510,0.15359629824835264
13,1506,1519,0.1535986824569286
13,1501,1514,0.15360097691846525
13,1505,1518,0.15360318046463162
14,1506,1520,0.15360529279004734
14,1513,1527,0.1536043204038558
15,1501,1516,0.1536035317307483
15,1502,1517,0.15359968450945918
15,1500,1515,0.1535962703225258
15,1505,1520,0.153593238932881
15,1516,1531,0.15359054608310418
15,1519,1534,0.15358815276907506
15,1507,1522,0.15358602460323081
15,1505,1520,0.15358413125624437
14,1501,1515,0.15358244596734902
14,1517,1531,0.15358363667119967
15,1518,1533,0.1535847940912024
15,1509,1524,0.15358278171496934
14,1513,1527,0.15358102372829802
14,1510,1524,0.15358196213326689
14,1508,1522,0.15358294850987098
14,1501,1515,0.15358308750422853
14,1500,1514,0.15358340098269999
13,1510,1523,0.1535837942913833
17,1499,1516,0.1535865170040493
17,1505,1522,0.1535783343115912
18,1506,1524,0.15357100435701715
19,1507,1526,0.15356121586782298
19,1510,1529,0.15354916221311055
19,1493,1512,0.1535382881414408
18,1496,1514,0.1535284714062639
15,1510,1525,0.1535218978989015
15,1498,1513,0.15352322389889594
14,1499,1513,0.153523782658373
13,1501,1514,0.15352682899207748
14,1499,1513,0.15353269288096463
14,1523,1537,0.15353571409164193
14,1505,1519,0.15353858330324896
14,1496,1510,0.1535414848137231
14,1501,1515,0.1535444024925553
14,1512,1526,0.1535473259682892
14,1507,1521,0.15355023330403492
14,1507,1521,0.15355310639911615
12,1498,1510,0.15355593046762084
11,1503,1514,0.15356352357462014
10,1500,1510,0.15357310393942136
11,1503,1514,0.1535845608567165
11,1508,1519,0.15359286963545418
11,1509,1520,0.15360074553484618
11,1505,1516,0.153607247577017
12,1499,1511,0.15361350616881483
13,1499,1512,0.15361632091247446
12,1500,1512,0.15361598988085565
12,1496,1508,0.1536183386748661
12,1503,1515,0.15362080336467968
12,1523,1535,0.15362334541128295
12,1517,1529,0.15362593241643696
12,1518,1530,0.15362853729233944
13,1507,1520,0.15363113753686572
13,1506,1519,0.1536307872088021
13,1500,1513,0.15363066164622624
13,1507,1520,0.1536307239049528
12,1507,1519,0.15363094195974736
12,1492,1504,0.15363356984935844
12,1489,1501,0.15363616293137
13,1495,1508,0.1536387078250533
13,1492,1505,0.15363871358635756
13,1501,1514,0.15363882863607198
13,1502,1515,0.15363903380122196
13,1496,1509,0.1536393125121576
11,1501,1512,0.15363965047811948
11,1511,1522,0.15364478609728752
11,1512,1523,0.15364965953707546
12,1521,1533,0.15365427898802317
12,1528,1540,0.1536561578858054
12,1528,1540,0.15365775793976283
11,1522,1533,0.15365902519435048
12,1514,1526,0.15366259344274005
13,1505,1518,0.15366298404251477
12,1499,1511,0.1536610910727859
12,1497,1509,0.15366162222666377
14,1505,1519,0.15366226028511654
14,1509,1523,0.1536581166872028
14,1511,1525,0.15365438712610188
15,1513,1528,0.1536510289657533
16,1502,1518,0.15364490610949394
16,1492,1508,0.15363624093965972
16,1480,1496,0.15362744426574815
16,1489,1505,0.1536195398488911
17,1482,1499,0.15361243363190444
16,1494,1510,0.15360360840930518
16,1498,1514,0.15359793706933178
16,1501,1517,0.15359286370994107
17,1484,1501,0.15358832482559875
17,1481,1498,0.1535817447346919
17,1486,1503,0.15357577480249276
17,1486,1503,0.15357035628681928
17,1491,1508,0.15356543627733818
17,1485,1502,0.15356096710222963
16,1489,1505,0.15355690579639258
15,1507,1522,0.15355541240207737
16,1499,1515,0.15355626984803122
15,1486,1501,0.1535548367752533
16,1496,1512,0.15355583163195635
14,1495,1509,0.15355382749446625
15,1498,1513,0.15355731875196402
15,1498,1513,0.15355831510450935
14,1501,1515,0.15355933556112267
14,1500,1514,0.1535626834701317
14,1500,1514,0.15356589491262213
14,1507,1521,0.15356896963299504
15,1511,1526,0.1535719084121413
14,1513,1527,0.15357155632116445
13,1499,1512,0.15357368426544418
13,1508,1521,0.15357802818679278
13,1501,1514,0.15358220234671757
11,1504,1515,0.15358620321503924
12,1503,1515,0.15359435510589226
13,1506,1519,0.15359983269956032
13,1511,1524,0.1536027364433378
12,1506,1518,0.1536055241367349
13,1507,1520,0.15361052319111898
12,1520,1532,0.1536122136625479
10,1518,1528,0.15361616870910322
11,1510,1521,0.1536244948279177
11,1516,1527,0.1536300767498341
11,1521,1532,0.1536354131072354
12,1519,1531,0.15364050544655844
12,1501,1513,0.15364286359476023
12,1505,1517,0.15364516500260061
12,1508,1520,0.15364740170546018
11,1499,1510,0.15364956765169296
11,1496,1507,0.1536540299506651
11,1508,1519,0.15365827350476188
10,1506,1516,0.15366230436800393
10,1505,1515,0.1536682905208078
10,1503,1513,0.15367394574076151
11,1502,1513,0.15367928418165125
12,1509,1521,0.15368115256000345
13,1506,1519,0.15368061681298006
12,1514,1526,0.1536773587604794
12,1507,1519,0.15367679197238765
12,1513,1525,0.15367643389207944
12,1506,1518,0.15367625222779363
11,1510,1521,0.1536762188445458
10,1506,1516,0.1536784566797033
10,1506,1516,0.15368292154137328
10,1521,1531,0.15368720897772825
11,1507,1518,0.15369131703340017
9,1505,1514,0.15369285557340662
10,1510,1520,0.15369885277556364
10,1515,1525,0.15370221389556996
10,1508,1518,0.15370544628376365
9,1508,1517,0.1537085468845721
9,1519,1528,0.1537138412333527
9,1527,1536,0.15371885536139884
9,1517,1526,0.15372359915795752
9,1498,1507,0.15372808290498138
8,1509,1517,0.15373231712636656
8,1504,1512,0.15373854909004658
9,1510,1519,0.15374441074906292
9,1506,1515,0.15374678279444778
9,1504,1513,0.15374910884984314
9,1503,1512,0.1537513771482517
9,1492,1501,0.15375357864046524
9,1494,1503,0.15375570656370108
8,1498,1506,0.15375775607127604
8,1507,1515,0.15376244648154816
8,1506,1514,0.15376684713720257
7,1506,1513,0.1537709747418962
7,1509,1516,0.15377709523517213
7,1513,1520,0.1537828366365303
8,1504,1512,0.15378822111276075
8,1503,1511,0.15379031323233755
8,1500,1508,0.1537923505394404
7,1501,1508,0.15379432587964775
6,1503,1509,0.15379868118748136
6,1496,1502,0.15380504570232928
6,1502,1508,0.15381106487426557
6,1511,1517,0.15381669946952228
6,1514,1520,0.15382203559161278
5,1516,1521,0.1538270850111062
5,1525,1530,0.1538341910825553
5,1512,1517,0.15384088283710207
5,1508,1513,0.1538471818493809
6,1506,1512,0.1538531089284071
6,1503,1509,0.15385612146991318
6,1513,1519,0.15385899339145032
6,1516,1522,0.15386172782246849
6,1508,1514,0.15386432836776642
6,1514,1520,0.1538667989982642
6,1508,1514,0.15386914395803455
6,1493,1499,0.15387136768545542
6,1510,1516,0.15387347474661411
5,1489,1494,0.15387546977932845
6,1497,1503,0.1538796726750097
6,1498,1504,0.15388124258348038
6,1494,1500,0.15388273579832548
6,1508,1514,0.15388415460165866
6,1500,1506,0.15388550142701796
6,1518,1524,0.15388677881551127
6,1518,1524,0.15388798937872045
6,1519,1525,0.1538891357674731
6,1506,1512,0.15389022064569982
6,1509,1515,0.153891246668695
6,1520,1526,0.15389140103945576
6,1522,1528,0.15389164744321274
6,1510,1516,0.15389196766804897
6,1512,1518,0.15389234616744418
6,1495,1501,0.1538927697058624
7,1504,1511,0.15389322704970237
7,1520,1527,0.15389065064761653
7,1517,1524,0.15388837638940217
6,1528,1534,0.1538863705374071
6,1533,1539,0.15388692643368743
7,1522,1529,0.15388755005476237
7,1528,1535,0.15388546827899327
7,1520,1527,0.15388365358565784
7,1520,1527,0.15388207487815023
7,1514,1521,0.15388070452410932
7,1524,1531,0.15387951797788346
7,1528,1535,0.15387849344367702
7,1517,1524,0.15387717936086098
6,1515,1521,0.15387607064635553
6,1512,1518,0.15387779039701208
7,1510,1517,0.15387946320871282
6,1509,1515,0.15387802991804056
6,1512,1518,0.15387917655150082
6,1513,1519,0.15388036313977382
6,1511,1517,0.1538815739455462
6,1518,1524,0.15388196852194475
5,1513,1518,0.1538825105936682
5,1498,1503,0.1538857861813103
5,1506,1511,0.15388850004272933
5,1517,1522,0.15389116884186704
5,1522,1527,0.1538937787184761
5,1512,1517,0.153896318844331
5,1505,1510,0.15389878095641332
6,1506,1512,0.15390115895457637
6,1497,1503,0.15390065171256423
7,1504,1511,0.15390028142764942
6,1505,1511,0.15389717540404826
5,1517,1522,0.1538967268132795
5,1518,1523,0.1538991527165569
4,1526,1530,0.15390149131589442
4,1526,1530,0.15390600780943298
4,1518,1522,0.15391029449420773
4,1518,1522,0.1539143584547051
4,1510,1514,0.1539182073090073
4,1505,1509,0.1539218490462029
4,1502,1506,0.1539252918909922
4,1520,1524,0.1539285441915429
3,1518,1521,0.1539316143271959
3,1515,1518,0.1539368418817674
3,1522,1525,0.15394176175687593
3,1517,1520,0.15394639036087496
3,1508,1511,0.15395074347075632
3,1498,1501,0.1539548362179711
3,1510,1513,0.15395868308235086
3,1520,1523,0.15396229789265742
3,1524,1527,0.1539656938325098
3,1527,1530,0.15396888345062906
3,1532,1535,0.1539718786745018
3,1533,1536,0.15397469082670587
3,1529,1532,0.15397733064325944
4,1524,1528,0.15397980829346017
4,1526,1530,0.15397903350439576
3,1516,1519,0.1539784019185574
3,1499,1502,0.15398022164093395
3,1499,1502,0.15398200505345858
3,1516,1519,0.1539837447596417
3,1520,1523,0.1539854350334735
3,1517,1520,0.15398707156377986
3,1512,1515,0.15398865123350633
3,1520,1523,0.15399017192937317
3,1515,1518,0.15399163237792549
3,1504,1507,0.15399303200450937
4,1510,1514,0.1539943708121537
4,1514,1518,0.15399248765521328
4,1517,1521,0.15399083953404205
3,1507,1510,0.1539893987205981
3,1504,1507,0.15399056718904014
4,1515,1519,0.15399174697156892
4,1514,1518,0.15399035873049155
4,1517,1521,0.15398913945724993
4,1521,1525,0.1539880692253125
4,1503,1507,0.1539871304293997
5,1495,1500,0.15398630751598447
5,1507,1512,0.1539824548607578
6,1513,1519,0.15397898031197513
6,1512,1518,0.15397271168289325
6,1513,1519,0.15396703822218644
6,1515,1521,0.15396189939212993
6,1509,1515,0.15395724114829268
6,1504,1510,0.1539530152165053
6,1517,1523,0.15394917845236825
6,1516,1522,0.15394569227372534
7,1502,1509,0.1539425221576499
8,1499,1507,0.15393651734510183
8,1510,1518,0.15392787502430694
8,1507,1515,0.15392002050096096
8,1528,1536,0.15391287624501582
8,1527,1535,0.1539063728820182
8,1533,1541,0.15390044828889007
8,1521,1529,0.1538950467939374
8,1514,1522,0.1538901184687323
8,1494,1502,0.15388561850100863
8,1499,1507,0.15388150663902064
9,1495,1504,0.15387774669896548
9,1517,1526,0.15387110099536896
9,1515,1524,0.15386504433909157
9,1514,1523,0.15385951967342062
8,1513,1521,0.15385447593163826
9,1517,1526,0.1538521337903754
9,1510,1519,0.15384770822394422
9,1496,1505,0.15384366038482145
9,1500,1509,0.15383995517692156
9,1505,1514,0.15383656104289625
9,1510,1519,0.15383344958169323
9,1510,1519,0.15383059520970227
8,1506,1514,0.1538279748603282
8,1496,1504,0.15382789286935294
7,1502,1509,0.15382786067459847
7,1519,1526,0.15383016531089758
8,1515,1523,0.15383235909274476
8,1506,1514,0.15383187214746005
7,1526,1533,0.1538309411908361
7,1523,1530,0.15383245628247422
4,1507,1511,0.15383399603481457
5,1516,1521,0.15384302502419925
5,1503,1508,0.15384876140759018
6,1510,1516,0.1538542368022698
6,1507,1513,0.15385629976107348
6,1506,1512,0.15385840470233522
6,1506,1512,0.15386052901423608
6,1511,1517,0.1538626538275936
4,1517,1521,0.1538647635109434
4,1507,1511,0.15387153049870514
4,1504,1508,0.15387796725480768
5,1501,1506,0.15388408232875286
5,1513,1518,0.15388702760259668
4,1517,1521,0.15388991166440857
3,1521,1524,0.15389497784515288
4,1514,1518,0.1539021064773626
4,1506,1510,0.15390613361715735
4,1495,1499,0.15391003176911017
4,1498,1502,0.15391379267749078
4,1498,1502,0.15391741074035883
4,1507,1511,0.15392088256548497
4,1518,1522,0.15392420659014452
4,1516,1520,0.15392738275610537
4,1515,1519,0.15393041223228143
4,1510,1514,0.15393329717852292
4,1505,1509,0.15393604054488563
5,1502,1507,0.15393864590147224
5,1502,1507,0.15393805089706739
5,1502,1507,0.15393760198650322
5,1504,1509,0.15393727689681339
5,1505,1510,0.1539370563330195
6,1513,1519,0.15393692360020494
6,1519,1525,0.15393368497734927
5,1506,1511,0.15393080216616428
5,1503,1508,0.15393056364508526
5,1511,1516,0.15393046012074404
5,1506,1511,0.1539304684039786
5,1515,1520,0.1539305685644127
5,1521,1526,0.15393074350454328
6,1501,1507,0.15393097858780866
5,1513,1518,0.153928087689075
5,1517,1522,0.1539279301701273
5,1522,1527,0.15392791483633503
5,1514,1519,0.1539280153408926
5,1521,1526,0.15392747811908414
5,1518,1523,0.15392681174780143
5,1521,1526,0.15392638667398748
5,1528,1533,0.15392616345541207
5,1519,1524,0.15392610809636878
5,1513,1518,0.15392619134113344
5,1507,1512,0.15392638805669928
5,1510,1515,0.1539266766936313
5,1505,1510,0.1539270388152721
5,1505,1510,0.15392745868674593
5,1505,1510,0.15392792291627436
6,1510,1516,0.1539284201422477
6,1506,1512,0.15392575026341
6,1507,1513,0.15392339468841498
6,1527,1533,0.15392131725727684
6,1519,1525,0.15391948593367857
6,1505,1511,0.1539178723356141
5,1505,1510,0.15391621085134605
5,1511,1516,0.15391713701695073
5,1509,1514,0.15391809692954583
6,1501,1507,0.1539190755718142
6,1501,1507,0.15391706084430315
5,1511,1516,0.15391530975466183
5,1522,1527,0.1539161579443163
5,1513,1518,0.1539170586716124
4,1509,1513,0.153917994873564
4,1502,1506,0.1539212486801263
3,1515,1518,0.1539243719681375
4,1516,1520,0.1539297542145446
5,1510,1515,0.15393239234654277
5,1521,1526,0.15393169876099239
5,1526,1531,0.15393119388084717
6,1518,1524,0.15393084717566594
6,1524,1530,0.15392741700322085
6,1510,1516,0.15392439549002493
6,1505,1511,0.15392173298086517
6,1505,1511,0.15391938594505883
7,1508,1515,0.15391731621219318
8,1509,1517,0.1539122888062988
7,1507,1514,0.1539045585727429
6,1510,1516,0.15389996837699388
6,1513,1519,0.1538982813284912
7,1505,1512,0.15389691156022875
8,1503,1511,0.15389266914659308
8,1503,1511,0.15388583870101777
9,1499,1508,0.1538797662729253
9,1507,1516,0.15387165821009177
9,1497,1506,0.1538643640443566
8,1518,1526,0.1538577994006937
7,1523,1530,0.15385435716044513
7,1529,1536,0.15385399245860357
8,1532,1540,0.15385380139376387
7,1520,1527,0.1538505440014314
7,1511,1518,0.1538500617671187
8,1502,1510,0.1538497954519935
8,1500,1508,0.15384657853607744
9,1509,1518,0.15384380134097067
9,1517,1526,0.15383881493565219
9,1507,1516,0.15383435935946735
9,1504,1513,0.1538303764900166
10,1509,1519,0.15382681472234347
10,1509,1519,0.15382050004708028
10,1517,1527,0.15381481092535862
10,1516,1526,0.15380968175600093
10,1516,1526,0.1538050541375619
9,1505,1514,0.15380087605012174
9,1507,1516,0.15379947067277244
9,1516,1525,0.15379827779295682
8,1503,1511,0.15379726852129835
8,1501,1509,0.1537988097059876
9,1496,1505,0.1538003224836355
7,1502,1509,0.15379855076507262
8,1504,1512,0.15380166216578448
10,1513,1523,0.15380232359778623
10,1514,1524,0.1537979835021975
10,1511,1521,0.15379407774759069
10,1515,1525,0.1537905596266008
12,1517,1529,0.1537873877321177
12,1501,1513,0.15377815706853556
12,1506,1518,0.15376979883301053
13,1512,1525,0.15376139361057986
13,1508,1521,0.1537514650624728
14,1514,1528,0.15374245720242866
14,1519,1533,0.15373123454240825
14,1517,1531,0.1537210406058358
13,1514,1527,0.15371177436751257
11,1505,1516,0.15370562167464233
11,1504,1515,0.15370460032356884
10,1507,1517,0.15370384386922342
11,1520,1531,0.153705876083134
11,1523,1534,0.15370476463950247
10,1523,1533,0.15370392824906604
10,1522,1532,0.15370561492695903
10,1517,1527,0.15370761883804188
10,1518,1528,0.15370961352229187
9,1506,1515,0.15371123661415229
8,1502,1510,0.15371530655413942
8,1493,1501,0.15372153866530863
8,1509,1517,0.15372748865472885
8,1513,1521,0.1537331600495059
8,1517,1525,0.1537385579311741
7,1520,1527,0.15374368862024038
7,1525,1532,0.15375098350256192
7,1535,1542,0.15375787853363276
6,1537,1543,0.15376439099019504
6,1521,1527,0.1537728965375476
6,1511,1517,0.1537809102315023
5,1509,1514,0.15378845715541345
5,1514,1519,0.15379794880292955
5,1513,1518,0.15380687679224198
4,1511,1515,0.15381527242589763
4,1528,1532,0.15382546959199594
4,1503,1507,0.15383504738121964
4,1503,1507,0.15384404173671595
4,1502,1506,0.15385248674760268
4,1513,1517,0.15386041471168233
4,1518,1522,0.1538678562012602
4,1513,1517,0.15387484013095737
4,1517,1521,0.15388139382659674
4,1507,1511,0.15388754309440109
3,1498,1501,0.15389331228988012
4,1516,1520,0.15390108744476813
4,1509,1513,0.15390556758290821
4,1507,1511,0.1539098329971171
4,1514,1518,0.15391388953418328
4,1503,1507,0.15391774355205004
4,1511,1515,0.15392140178686867
4,1505,1509,0.15392487123993445
4,1509,1513,0.1539281590819452
4,1510,1514,0.15393127257232972
3,1512,1515,0.1539342189916679
3,1499,1502,0.15393936004503492
3,1507,1510,0.15394420660547672
3,1518,1521,0.15394877358266595
2,1508,1510,0.153953075398655
2,1508,1510,0.15395939287600016
2,1511,1513,0.15396533685962732
2,1499,1501,0.1539709281783632
2,1502,1504,0.15397618666404525
2,1519,1521,0.15398113117656448
2,1516,1518,0.15398577963190102
3,1523,1526,0.1539901490324103
3,1515,1518,0.15399157465381033
2,1518,1520,0.1539929598019105
3,1513,1516,0.15399689875154887
3,1514,1517,0.15399740477113183
3,1520,1523,0.1539979794334889
3,1522,1525,0.15399860566425447
3,1521,1524,0.15399926910101625
3,1513,1516,0.15399995771091002
3,1524,1527,0.15400066145979247
3,1517,1520,0.15400137202615838
3,1505,1508,0.15400208255386946
3,1511,1514,0.15400278743854012
3,1520,1523,0.15400348214310644
3,1518,1521,0.1540041630386925
3,1517,1520,0.15400482726740072
3,1515,1518,0.15400547262409767
3,1517,1520,0.1540060974546527
2,1517,1519,0.1540067005684235
2,1499,1501,0.15400981232904243
2,1514,1516,0.15401273512832409
2,1521,1523,0.15401548003586002
1,1526,1527,0.15401805753311598
1,1521,1522,0.15402291972721982
1,1517,1518,0.15402748662926055
1,1514,1515,0.15403177614979519
1,1509,1510,0.15403580511656795
1,1511,1512,0.1540395893394335
1,1508,1509,0.1540431436714686
1,1517,1518,0.15404648206648391
1,1521,1522,0.15404961763313793
1,1517,1518,0.15405256268584483
1,1512,1513,0.15405532879265896
1,1528,1529,0.15405792682030894
1,1517,1518,0.15406036697654582
1,1522,1523,0.1540626588499602
0,1530,1530,0.15406481144741646
