1383,26,1409,0.1357957868050011
1421,25,1446,0.13290507800021836
1429,25,1454,0.13016958096930378
1439,27,1466,0.12766205484325435
1443,24,1467,0.1253560953298063
1442,25,1467,0.12324564812186686
1444,24,1468,0.12132952547588952
1458,24,1482,0.11958129917858233
1457,26,1483,0.11795535597229016
1464,25,1489,0.1164793435804684
1481,23,1504,0.1151180846009035
1477,23,1500,0.11383760539473449
1472,24,1496,0.11268299787917385
1470,26,1496,0.11164389684821967
1461,27,1488,0.11070716485720905
1467,27,1494,0.10987698727074864
1453,27,1480,0.10910719215131039
1461,27,1488,0.10844061039874653
1470,25,1495,0.1078170746665997
1458,24,1482,0.10722813484680714
1452,23,1475,0.10672045604812842
1468,23,1491,0.10627342774326198
1465,23,1488,0.10582831913329115
1461,22,1483,0.10543080073303086
1467,22,1489,0.10507851414185686
1483,22,1505,0.1047434613946433
1478,23,1501,0.10440133262124661
1473,23,1496,0.10410189506398977
1459,24,1483,0.10384043160400665
1454,25,1479,0.10363456816918429
1450,24,1474,0.10345986843761032
1467,23,1490,0.1033116235617176
1473,21,1494,0.10313871228572001
1478,21,1499,0.1029682801095057
1479,20,1499,0.10280148792834547
1474,21,1495,0.10264705989761394
1480,21,1501,0.10251632636361496
1478,19,1497,0.10238587019899763
1467,20,1487,0.10226873246868042
1457,19,1476,0.1021858276464906
1459,19,1478,0.10213328684201048
1471,19,1490,0.10208285245154392
1463,17,1480,0.10201085124411473
1464,20,1484,0.10196335551879027
1468,19,1487,0.10191865054082197
1458,19,1477,0.10186832555794123
1455,18,1473,0.10184334216735628
1458,17,1475,0.10182895496714771
1479,17,1496,0.10180988024300866
1484,18,1502,0.1017438433727866
1478,17,1495,0.10167215076164002
1470,18,1488,0.1016196897406145
1473,18,1491,0.10159019099981187
1475,20,1495,0.10155628602846103
1464,22,1486,0.10152167693527867
1470,22,1492,0.10151469435490419
1470,21,1491,0.1014950429564124
1461,22,1483,0.1014770591413344
1475,24,1499,0.10148122109615759
1461,25,1486,0.10145505967435355
1459,24,1483,0.10146180463656833
1438,26,1464,0.10147223143828028
1435,27,1462,0.10152991270985307
1437,29,1466,0.1015897331564658
1444,29,1473,0.10164043856576313
1446,31,1477,0.10167406158300184
1456,33,1489,0.10169802256255987
1458,34,1492,0.101696695873292
1449,34,1483,0.10169206772269669
1457,34,1491,0.10170698403597114
1450,34,1484,0.10170470495297777
1451,36,1487,0.10171944283790335
1448,35,1483,0.10173094553344443
1442,34,1476,0.10174605551060807
1453,34,1487,0.10177301769881573
1439,31,1470,0.10177459789533165
1434,28,1462,0.10180833143325607
1452,27,1479,0.10184941759973301
1464,30,1494,0.10184776160147865
1463,30,1493,0.10181985316528618
1473,31,1504,0.10179703147050162
1467,31,1498,0.10175327089492361
1452,32,1484,0.10172520349392179
1466,31,1497,0.10173469750702306
1472,31,1503,0.10171338733587673
1465,29,1494,0.10167924970507636
1461,31,1492,0.10166377641567631
1464,29,1493,0.10165672140332571
1460,31,1491,0.10164303614661314
1447,31,1478,0.10164019099138454
1454,30,1484,0.10166804510475375
1451,31,1482,0.10167799861675494
1462,32,1494,0.10169418897416577
1471,31,1502,0.10168379831770782
1484,31,1515,0.1016535333381232
1492,32,1524,0.10159576375157713
1486,31,1517,0.1015254492878389
1485,32,1517,0.10147258307966489
1483,31,1514,0.10142664550993105
1479,30,1509,0.10138901394273095
1476,30,1506,0.10136397744926465
1458,30,1488,0.10134695895294354
1465,30,1495,0.10137064405065548
1462,30,1492,0.10138091614375222
1471,30,1501,0.10139689792148861
1456,30,1486,0.1013908567036012
1463,30,1493,0.101417452409178
1465,30,1495,0.10142600424712774
1475,29,1504,0.10142962258013226
1460,29,1489,0.10141128798184113
1454,29,1483,0.10142736367464611
1463,29,1492,0.10145606508108317
1458,30,1488,0.10146232218286799
1463,28,1491,0.10147864971843039
1459,29,1488,0.10148193596827584
1464,31,1495,0.10149266463599024
1466,32,1498,0.10149335906063367
1451,34,1485,0.10148952862257098
1441,33,1474,0.10152002671830543
1440,36,1476,0.1015712360221627
1462,36,1498,0.1016204248043135
1459,35,1494,0.10161641734261277
1456,35,1491,0.10161994605860951
1455,34,1489,0.10162738086690024
1459,35,1494,0.10163672256207354
1469,33,1502,0.10163694555363502
1463,33,1496,0.10161453240632135
1465,32,1497,0.10160665037439269
1460,32,1492,0.10159693411106911
1471,31,1502,0.10159987045297
1468,30,1498,0.10157703096836622
1476,30,1506,0.10156311358268791
1457,29,1486,0.1015339548366026
1467,30,1497,0.1015491761519515
1470,31,1501,0.10154150004054616
1478,31,1509,0.10152870100347801
1479,33,1512,0.10149904930347006
1476,30,1506,0.10146918909138064
1472,32,1504,0.10144695702392166
1457,33,1490,0.10143647252122111
1463,32,1495,0.10146058343263821
1467,32,1499,0.10146901344288971
1460,30,1490,0.10146873935495272
1455,30,1485,0.10148309177779712
1460,30,1490,0.1015070178788518
1469,29,1498,0.10151741942734978
1477,29,1506,0.10150902001339547
1467,29,1496,0.10148204279598055
1470,29,1499,0.10147912732971762
1468,28,1496,0.10146817012664812
1468,26,1494,0.10146089180132752
1463,25,1488,0.10145547652000252
1466,27,1493,0.10146183871692131
1472,28,1500,0.1014605060420658
1480,28,1508,0.10144450765265414
1473,29,1502,0.10141412891763116
1470,28,1498,0.10140113058693288
1487,28,1515,0.10139820419736349
1481,30,1511,0.10135671842134912
1475,31,1506,0.10133201410184581
1467,32,1499,0.10132290696356827
1471,33,1504,0.101331994886362
1458,34,1492,0.1013325217884534
1467,35,1502,0.10136121395534912
1460,34,1494,0.10136995467763171
1462,34,1496,0.10139368478572018
1456,34,1490,0.10141173690430477
1453,34,1487,0.10144009392428288
1443,35,1478,0.10147433723417855
1446,35,1481,0.10152827892231833
1451,37,1488,0.10157113137416868
1444,36,1480,0.10159928689709466
1448,35,1483,0.10164143141816709
1458,35,1493,0.10166859442522305
1450,35,1485,0.10166976490639158
1447,37,1484,0.10168893778108881
1446,38,1484,0.10171177104757473
1450,36,1486,0.10173448702665269
1450,37,1487,0.10174925351040326
1452,36,1488,0.10176265773586379
1449,40,1489,0.10177120343885811
1446,37,1483,0.10178641595970525
1455,36,1491,0.10180765916714414
1455,35,1490,0.1018045711199032
1455,34,1489,0.10180117329448599
1462,34,1496,0.1017968246836589
1464,36,1500,0.10177894514543805
1464,36,1500,0.10175715904155831
1453,36,1489,0.10173736984104412
1465,35,1500,0.10174419085585772
1467,33,1500,0.10172540359834661
1457,34,1491,0.10170271602771148
1448,32,1480,0.1017040433649613
1434,33,1467,0.1017277804587452
1440,33,1473,0.10178106944416136
1447,33,1480,0.1018168773839645
1450,33,1483,0.10183603658610998
1449,34,1483,0.10184661986986027
1454,32,1486,0.1018594487202703
1462,35,1497,0.10185952081404163
1459,34,1493,0.10184159024969162
1460,33,1493,0.10182900020826953
1461,33,1494,0.1018150456480599
1457,33,1490,0.10180070378501703
1464,31,1495,0.10179727098604435
1466,33,1499,0.1017788796797833
1477,34,1511,0.1017569708972736
1470,34,1504,0.10171233744745134
1463,32,1495,0.10168699653573059
1458,33,1491,0.10167825181713944
1450,34,1484,0.10168269466840595
1447,33,1480,0.10170638911805507
1447,31,1478,0.1017351495251997
1450,31,1481,0.10176176323101291
1454,32,1486,0.1017766391842849
1453,36,1489,0.10178212153372691
1452,36,1488,0.10178722193143386
1444,36,1480,0.10179554552038411
1454,38,1492,0.10182016408562955
1459,37,1496,0.10182008093982885
1467,37,1504,0.10181058271680975
1467,34,1501,0.10178386392690246
1465,35,1500,0.10175687566821164
1473,36,1509,0.10173726926649194
1477,36,1513,0.10170030404009019
1464,36,1500,0.10165814433511276
1452,39,1491,0.10164791695557174
1471,38,1509,0.10166572480286351
1471,39,1510,0.10164040782990888
1464,37,1501,0.10161753142699304
1470,37,1507,0.10161237807869711
1469,38,1507,0.101595884222385
1462,37,1499,0.10158215195010896
1457,37,1494,0.10158575948557463
1451,39,1490,0.10159905851679212
1464,39,1503,0.10162490397906103
1462,39,1501,0.10162072147008348
1453,37,1490,0.10162287772160203
1452,38,1490,0.10164455766164916
1447,39,1486,0.10166776559586484
1439,38,1477,0.1017001702839106
1440,39,1479,0.10174712057870579
1453,40,1493,0.10178895412176804
1446,39,1485,0.10179902320439357
1445,38,1483,0.1018230775623049
1443,40,1483,0.10184628417997678
1438,41,1479,0.10187269712508971
1438,44,1482,0.10190840124856307
1441,45,1486,0.10194230394966095
1455,47,1502,0.10196687506344616
1438,45,1483,0.10195817167037034
1428,44,1472,0.1019869257405248
1428,47,1475,0.10203457020073024
1432,49,1481,0.102080236350996
1441,46,1487,0.1021143352508533
1447,45,1492,0.10212425124438719
1440,46,1486,0.1021183262957249
1438,44,1482,0.10212989766922799
1441,44,1485,0.10214559737230218
1443,45,1488,0.10215221378520485
1433,45,1478,0.10215188371201529
1440,46,1486,0.10217432906749718
1452,46,1498,0.10217740800743456
1447,44,1491,0.10215504706195233
1459,44,1503,0.10214661650585793
1457,45,1502,0.10211237445714766
1458,47,1505,0.10208543091344026
1456,43,1499,0.10205852128528074
1444,44,1488,0.10203911844789207
1448,44,1492,0.10204970601228126
1452,46,1498,0.10204867849588733
1458,45,1503,0.10204002533158615
1444,43,1487,0.10201690665413818
1450,42,1492,0.10202382022622074
1461,42,1503,0.10201743211404239
1452,44,1496,0.1019865273668728
1456,47,1503,0.10197855710247258
1459,46,1505,0.10196307375438099
1454,46,1500,0.10194250669936078
1456,45,1501,0.10193409547141458
1455,45,1500,0.10192408285185159
1459,44,1503,0.1019168542211599
1455,43,1498,0.10190027714061511
1462,43,1505,0.10189539461598965
1460,42,1502,0.10187477928750267
1467,39,1506,0.10186015461696737
1466,39,1505,0.1018300541556776
1452,40,1492,0.10180392384534961
1456,39,1495,0.10181181144657979
1460,40,1500,0.1018085480936244
1464,40,1504,0.10179801464778503
1455,40,1495,0.10178091538312511
1459,39,1498,0.10178337689385188
1449,40,1489,0.1017771281947701
1449,42,1491,0.1017933796399132
1464,42,1506,0.10181007450507863
1458,38,1496,0.10179092285284888
1446,38,1484,0.10178669856922579
1450,40,1490,0.10180912959264798
1453,38,1491,0.10182236384240696
1446,41,1487,0.10182481162129516
1447,41,1488,0.10184418830739951
1438,41,1479,0.10186055007571754
1436,41,1477,0.10189549638780267
1438,40,1478,0.10193097702945397
1456,40,1496,0.10196133701244137
1460,41,1501,0.10194753204754997
1460,38,1498,0.10192570639227604
1448,36,1484,0.10190568041736277
1441,36,1477,0.10191224120369956
1447,38,1485,0.10193266876069589
1453,39,1492,0.1019395216615435
1461,39,1500,0.10193159855642159
1465,40,1505,0.1019080527354016
1467,42,1509,0.1018772882692689
1462,43,1505,0.10184535203904066
1460,41,1501,0.10182793155919295
1455,38,1493,0.10181754576097486
1451,40,1491,0.10181984717841712
1448,41,1489,0.10182850290781338
1440,38,1478,0.10184324537270864
1460,37,1497,0.10187514534357453
1453,38,1491,0.10185716473437789
1444,38,1482,0.10185621250194973
1446,37,1483,0.10187430836722562
1454,37,1491,0.1018866964935372
1460,36,1496,0.10187965787132365
1452,37,1489,0.1018615314784325
1446,38,1484,0.10186227229966814
1440,38,1478,0.10187772382104673
1447,37,1484,0.10190672584742792
1454,38,1492,0.10191571623448382
1458,38,1496,0.1019076586524472
1469,38,1507,0.10189214672430381
1455,40,1495,0.10185251181182933
1439,43,1482,0.10184679074083167
1462,45,1507,0.10187940501793197
1451,45,1496,0.1018579364716392
1458,42,1500,0.10186196751549069
1458,38,1496,0.10185153693819818
1463,37,1500,0.10184018270764394
1452,37,1489,0.10181961553938937
1463,40,1503,0.10182562066972235
1456,41,1497,0.1018060516907229
1450,41,1491,0.10180516930706096
1450,39,1489,0.10181695516945677
1451,38,1489,0.10182816629525121
1459,38,1497,0.10183809813894182
1467,39,1506,0.10183036079662285
1471,38,1509,0.10180330966682342
1460,39,1499,0.10176674828627799
1464,40,1504,0.10175941600365729
1458,39,1497,0.10174350897819448
1444,37,1481,0.1017437284960306
1439,38,1477,0.1017737088347561
1438,45,1483,0.10181489663105595
1442,46,1488,0.10185307708757994
1437,48,1485,0.10188103083000094
1443,47,1490,0.1019173685585665
1444,47,1491,0.10193951857292279
1438,46,1484,0.1019588560094188
1444,46,1490,0.10198871609172745
1440,46,1486,0.10200373112927184
1436,46,1482,0.10202673931829302
1434,46,1480,0.10205516344977898
1440,46,1486,0.10208594478719263
1431,43,1474,0.1021007773602058
1442,44,1486,0.10213430904812816
1434,45,1479,0.10214201916349012
1438,44,1482,0.10216852488262551
1444,45,1489,0.10218188298669119
1437,47,1484,0.10217997143391351
1419,45,1464,0.10219340923408725
1430,47,1477,0.10224725921524837
1446,46,1492,0.1022738639059117
1448,46,1494,0.10226102833673412
1451,47,1498,0.10224626278781489
1454,44,1498,0.10222415355489321
1444,45,1489,0.10219567037446055
1433,46,1479,0.10219211853349819
1454,47,1501,0.10221403038187801
1451,49,1500,0.10218647310094976
1447,48,1495,0.1021690596500656
1442,49,1491,0.10216124979402423
1461,48,1509,0.10216698137246244
1460,48,1508,0.10213032905757412
1456,50,1506,0.10209558566513095
1447,52,1499,0.10207342767070265
1446,51,1497,0.10207325680641549
1441,52,1493,0.10207602832251571
1437,51,1488,0.10209095327593264
1432,49,1481,0.1021142791473575
1441,48,1489,0.10214592074834737
1444,48,1492,0.10215470415006639
1436,49,1485,0.10215544467843944
1441,46,1487,0.10217532089104747
1438,46,1484,0.10218325043746117
1440,47,1487,0.10219739245804088
1440,47,1487,0.10220426414665221
1446,47,1493,0.10220810680471785
1450,47,1497,0.10219852519427253
1438,48,1486,0.10218063090276097
1437,52,1489,0.10219057889672838
1435,52,1487,0.10220384321881319
1446,52,1498,0.102221643925549
1451,51,1502,0.10221343236222236
1437,53,1490,0.10219302602157296
1437,53,1490,0.10220513598445116
1428,55,1483,0.10221607152095233
1429,52,1481,0.1022474057724069
1429,54,1483,0.10227590404158952
1419,54,1473,0.10230152787489817
1435,54,1489,0.10234875778149403
1431,54,1485,0.102356161310407
1433,55,1488,0.10237254435570438
1446,55,1501,0.10238331843593557
1448,54,1502,0.1023644165351546
1446,56,1502,0.10234273876916862
1441,55,1496,0.10232666726533343
1440,59,1499,0.10232411564983777
1431,59,1490,0.1023250593629993
1425,60,1485,0.10234627042435501
1426,60,1486,0.10237828541275805
1428,62,1490,0.10240661326259065
1435,64,1499,0.10242967240406839
1437,64,1501,0.10243307015358873
1442,62,1504,0.10243147908800569
1437,62,1499,0.10241999132768488
1426,62,1488,0.10242057959866624
1440,63,1503,0.10244682059869983
1435,67,1502,0.10243813741370854
1426,64,1490,0.10244058945573752
1428,63,1491,0.1024648923398039
1418,63,1481,0.10248204816385005
1424,63,1487,0.10252188974505189
1436,65,1501,0.10254490367748666
1439,64,1503,0.10254160013456481
1440,66,1506,0.10253220298940065
1436,65,1501,0.10252177334709003
1437,65,1502,0.10251980345971358
1426,66,1492,0.10251425953111677
1423,62,1485,0.10253267440978497
1416,59,1475,0.10255780139729598
1420,58,1478,0.10259496204986578
1436,60,1496,0.10262090407545398
1437,59,1496,0.10260813366604907
1422,58,1480,0.1025941865580951
1424,59,1483,0.10261249135877022
1429,54,1483,0.10262615328768898
1433,52,1485,0.1026267232865258
1438,52,1490,0.10261915738926977
1444,57,1501,0.1026005750539819
1424,57,1481,0.10257092663066998
1425,61,1486,0.10258964777266481
1424,57,1481,0.10260354468455722
1413,60,1473,0.10261959120898677
1425,63,1488,0.10265803658083897
1435,63,1498,0.10266731968522928
1436,61,1497,0.10265413285835344
1429,62,1491,0.10264004930013197
1437,65,1502,0.10264426557951051
1427,68,1495,0.1026291454826254
1428,70,1498,0.10263769211696909
1413,71,1484,0.10264379864656391
1416,70,1486,0.10268353781359219
1417,71,1488,0.1027144849935348
1412,72,1484,0.1027411746111995
1414,74,1488,0.10277650791174527
1416,78,1494,0.10280626360199664
1410,76,1486,0.10282894077071415
1418,77,1495,0.1028629662578998
1423,78,1501,0.10287700505120859
1424,76,1500,0.10287945616834687
1417,79,1496,0.10287923001243086
1422,79,1501,0.1028954791346579
1421,75,1496,0.10289929552577697
1421,77,1498,0.1029043700466996
1414,78,1492,0.10290957251938043
1403,81,1484,0.10292813071715048
1411,83,1494,0.10297072572428739
1408,84,1492,0.102992567260107
1413,81,1494,0.10302104050637255
1416,80,1496,0.10303597731674494
1427,79,1506,0.1030415359690976
1425,78,1503,0.103022344539805
1415,76,1491,0.10300882709527386
1418,74,1492,0.1030201412516643
1421,72,1493,0.10302386199562642
1421,75,1496,0.10302067504834317
1409,73,1482,0.1030175185903223
1414,74,1488,0.10304101072210042
1410,75,1485,0.10305101824422266
1417,75,1492,0.10306911234308233
1402,77,1479,0.10307170929987444
1408,77,1485,0.10310860730511745
1413,82,1495,0.10313123755637509
1421,80,1501,0.1031408659900722
1419,83,1502,0.1031308361080632
1417,82,1499,0.10312731655534846
1413,78,1491,0.10312813373505211
1409,78,1487,0.10313642175811065
1425,81,1506,0.10315388654616756
1438,81,1519,0.10313538658388197
1429,78,1507,0.10308833670261804
1423,81,1504,0.10306572813082354
1415,81,1496,0.1030542354454618
1414,78,1492,0.1030609131545874
1419,79,1498,0.10307011216559413
1428,81,1509,0.10306905694535022
1414,82,1496,0.1030486218341667
1408,82,1490,0.1030614842909409
1404,84,1488,0.10308605914813793
1418,80,1498,0.1031203490775387
1421,82,1503,0.10311963714806038
1438,83,1521,0.10311181646228264
1424,80,1504,0.10306648551148065
1407,82,1489,0.10305776449483602
1403,83,1486,0.10308846320600268
1407,82,1489,0.10312609060989612
1408,83,1491,0.10315359906653773
1399,81,1480,0.1031774186492035
1410,86,1496,0.10321821129292413
1422,88,1510,0.10323180757798464
1415,83,1498,0.10321558274469084
1419,78,1497,0.10321713272266861
1427,79,1506,0.10320897189707356
1435,82,1517,0.10318342820335552
1427,82,1509,0.10314104561429961
1432,84,1516,0.10311951881633231
1428,83,1511,0.1030898643810401
1424,86,1510,0.10307203926441538
1426,88,1514,0.10306550882182655
1406,90,1496,0.10305451710566053
1393,92,1485,0.10308971667734923
1404,93,1497,0.10315324556365123
1393,92,1485,0.10318671593055914
1402,95,1497,0.10324287898221696
1413,94,1507,0.10327315220506068
1414,90,1504,0.10327792119498558
1407,88,1495,0.10328037675250157
1384,88,1472,0.10329726171722253
1381,93,1474,0.10336442548236129
1396,93,1489,0.10343285736485103
1399,92,1491,0.1034600354877859
1410,94,1504,0.1034783780465683
1418,90,1508,0.10347002839895833
1403,86,1489,0.10344506366360746
1418,84,1502,0.10345548778448661
1404,85,1489,0.10343197250352512
1411,85,1496,0.10344079370464694
1410,84,1494,0.10343153304282363
1410,82,1492,0.10342555556671534
1406,85,1491,0.10342156525219195
1397,87,1484,0.10342598907223856
1390,85,1475,0.10344940358143372
1393,84,1477,0.10348724098504924
1388,86,1474,0.10351522892003823
1394,86,1480,0.10355171384805345
1409,84,1493,0.10357158848410553
1411,90,1501,0.10355712166801051
1411,89,1500,0.1035397973880015
1420,88,1508,0.10352180984461867
1421,88,1509,0.1034857360861859
1421,87,1508,0.10344975304983219
1402,87,1489,0.10341770817332473
1391,87,1478,0.10343126519082446
1391,88,1479,0.10346817442353007
1401,87,1488,0.10350202020490705
1416,87,1503,0.10351129788388694
1409,91,1500,0.10348560358642687
1410,91,1501,0.10347705719348793
1390,89,1479,0.10346584918245379
1405,91,1496,0.10350247082448966
1420,92,1512,0.10350211030994032
1417,93,1510,0.10346847840939394
1437,93,1530,0.10344554175654551
1429,93,1522,0.10337821945398652
1430,90,1520,0.1033366731194642
1429,88,1517,0.10329723659357341
1428,91,1519,0.10326098329345729
1411,92,1503,0.10323165215906122
1399,91,1490,0.10324013340456965
1410,90,1500,0.1032751187838214
1409,90,1499,0.10328455556498335
1408,93,1501,0.1032947857060022
1403,94,1497,0.10330737010224307
1414,96,1510,0.103331570628517
1411,95,1506,0.10333036910279653
1406,95,1501,0.10333775544174312
1402,93,1495,0.10335542231243298
1403,93,1496,0.10338245615699243
1401,95,1496,0.10340282616236862
1384,96,1480,0.1034237675053417
1372,98,1470,0.10348290576854433
1386,97,1483,0.10356422744123678
1369,102,1471,0.10360727898649667
1375,102,1477,0.10368582860006999
1392,102,1494,0.10374430117898063
1395,102,1497,0.10375992334797564
1383,103,1486,0.10376611971413142
1388,102,1490,0.10379795878492089
1399,106,1505,0.10381849691015917
1380,109,1489,0.10381284230596691
1370,109,1479,0.10385162409957077
1367,107,1474,0.10390983450204544
1380,106,1486,0.10396984268849596
1375,106,1481,0.1039953729480726
1385,107,1492,0.10403181834726573
1383,105,1488,0.10404428460417212
1374,107,1481,0.10405956579800094
1390,108,1498,0.10409505269793554
1381,109,1490,0.10409213651910011
1386,113,1499,0.10410523727420185
1393,113,1506,0.10410704367498408
1384,112,1496,0.1040942970032938
1380,112,1492,0.10410194636913053
1381,113,1494,0.1041189364203484
1382,112,1494,0.10413468713165312
1388,111,1499,0.10414626266791821
1383,109,1492,0.10414486331643152
1387,107,1494,0.10415334977890034
1382,107,1489,0.1041527774071777
1380,110,1490,0.10416453228017371
1384,110,1494,0.10418022859726456
1375,112,1487,0.10418307823730967
1383,110,1493,0.10420740314689753
1394,111,1505,0.10420996223024254
1393,109,1502,0.10418774301682227
1388,111,1499,0.10417094238183164
1381,114,1495,0.10416639376018366
1377,110,1487,0.1041764993195608
1377,112,1489,0.10419268265196038
1390,116,1506,0.1042099433038197
1403,114,1517,0.10419752061450396
1398,116,1514,0.10415705247233273
1401,116,1517,0.10413146076881119
1396,116,1512,0.10410245094527806
1377,117,1494,0.10408621622468683
1379,113,1492,0.10411290848977625
1381,113,1494,0.10413294586019334
1381,112,1493,0.10414782670189908
1389,115,1504,0.10416134085109585
1382,114,1496,0.10415681789917945
1397,112,1509,0.10417003934671343
1384,113,1497,0.10415001760057133
1396,114,1510,0.10416207248615894
1380,112,1492,0.1041470301990681
1375,112,1487,0.1041673719881683
1370,113,1483,0.10419746224333828
1377,114,1491,0.10423463108341992
1373,113,1486,0.10425336200029701
1365,112,1477,0.10427787726766123
1378,110,1488,0.10431863574368248
1372,109,1481,0.10432990146687271
1373,113,1486,0.10435637332326905
1367,109,1476,0.1043775604218984
1355,105,1460,0.10440842542303504
1363,111,1474,0.1044631707500349
1360,117,1477,0.10449607421149289
1361,116,1477,0.10453175498696687
1349,118,1467,0.10456416087601729
1371,121,1492,0.1046209938910123
1379,117,1496,0.10462257111397999
1371,119,1490,0.10460596761022722
1374,120,1494,0.10460886123238429
1382,119,1501,0.10460583337961556
1381,119,1500,0.10458292352385311
1367,120,1487,0.10456442561684813
1368,120,1488,0.10457970744582151
1363,122,1485,0.10459084667362578
1373,125,1498,0.104613009239463
1368,125,1493,0.10461082445682622
1374,126,1500,0.10462050219875786
1375,127,1502,0.10461644872864184
1367,125,1492,0.10461124093290562
1360,128,1488,0.10462620214784794
1358,127,1485,0.10465752582435833
1347,131,1478,0.10469084581454173
1352,132,1484,0.10474898699199958
1361,129,1490,0.10479165668085823
1352,130,1482,0.10480852140805692
1349,129,1478,0.10484536062242444
1358,133,1491,0.10488654218801204
1342,131,1473,0.10490528846034682
1346,132,1478,0.10495644542089408
1344,130,1474,0.10499340463455446
1339,132,1471,0.10503235626168396
1357,132,1489,0.10508178916670982
1362,132,1494,0.10508577254038323
1373,129,1502,0.10507770312121542
1380,131,1511,0.10504620153304853
1377,131,1508,0.10500117266644399
1368,129,1497,0.10496802862233637
1357,130,1487,0.1049582135383406
1352,126,1478,0.10497414663118726
1349,125,1474,0.10500015975877627
1366,127,1493,0.10503222268863205
1377,129,1506,0.10502345578689591
1374,130,1504,0.10498959367050556
1372,128,1500,0.10496509198284862
1381,128,1509,0.10494508336372725
1380,131,1511,0.10490850072405951
1370,133,1503,0.10487771738073276
1369,129,1498,0.10487156655341426
1349,130,1479,0.10486768004454074
1354,132,1486,0.10491052582327143
1368,133,1501,0.10494022723678201
1361,136,1497,0.10493563422805834
1351,135,1486,0.10494772941394512
1354,143,1497,0.10498247199071306
1353,143,1496,0.1050084580716237
1357,141,1498,0.10503538306959495
1367,142,1509,0.1050520658387093
1352,139,1491,0.10504442212941974
1351,135,1486,0.10507076935785634
1354,138,1492,0.10509873892624241
1360,137,1497,0.10511493611866492
1360,137,1497,0.10511698398666272
1361,137,1498,0.10511959147906466
1361,135,1496,0.10512030617449747
1369,137,1506,0.10512015732816446
1359,136,1495,0.1051009437760202
1355,138,1493,0.1051053519491289
1365,137,1502,0.10511889793420616
1357,139,1496,0.10511096028428128
1355,140,1495,0.10512203900057777
1351,141,1492,0.10513780155669082
1354,137,1491,0.10516087418659761
1358,140,1498,0.10517571807596507
1350,143,1493,0.10518276056160605
1356,149,1505,0.10520853642808517
1343,146,1489,0.10521753119115403
1336,145,1481,0.10525269558127327
1351,148,1499,0.10530127832003773
1351,147,1498,0.10531181971081147
1339,151,1490,0.1053227804006106
1351,152,1503,0.10536001091474329
1348,149,1497,0.1053666809060638
1343,145,1488,0.10537839374170246
1337,150,1487,0.10540136278027738
1337,149,1486,0.1054362275164651
1338,146,1484,0.1054683673693885
1340,149,1489,0.10549845922272809
1339,149,1488,0.10552145702212354
1332,150,1482,0.10554376762844832
1339,152,1491,0.10557923730449595
1335,152,1487,0.10559603690076175
1342,149,1491,0.10561864229719635
1348,147,1495,0.10562285442829246
1348,148,1496,0.10561447318866599
1343,147,1490,0.10560759678469331
1337,148,1485,0.10561284814896738
1347,146,1493,0.1056307229299867
1347,143,1490,0.10562422189509252
1358,142,1500,0.10561830116612057
1351,145,1496,0.10558793379033105
1340,146,1486,0.10557576514662328
1349,144,1493,0.10559007008132472
1346,141,1487,0.10558097301181704
1345,144,1489,0.10558295816323522
1349,143,1492,0.10558514809395919
1359,139,1498,0.10557623458311437
1353,140,1493,0.10554579207165825
1346,143,1489,0.10553104800182879
1357,142,1499,0.10553249815446486
1359,142,1501,0.10550875905298138
1351,142,1493,0.10548399850791759
1342,141,1483,0.10547926227129586
1361,138,1499,0.10549577876897151
1365,141,1506,0.10546767951408845
1363,144,1507,0.10542965526479108
1357,145,1502,0.10540123994147602
1362,145,1507,0.10539154283679583
1359,148,1507,0.10537050022013357
1356,148,1504,0.10535872599577982
1363,146,1509,0.10535526002329351
1358,148,1506,0.10533832167440402
1362,145,1507,0.10533164230800277
1363,140,1503,0.10531793107659716
1362,140,1502,0.1053008870333901
1359,133,1492,0.10528776758051211
1362,133,1495,0.10528244127080054
1359,131,1490,0.10527148225585714
1357,140,1497,0.10526818659740572
1366,137,1503,0.10526929898525449
1358,137,1495,0.10524934115733707
1364,140,1504,0.10524690875266568
1365,145,1510,0.10523379775175727
1357,145,1502,0.10522165140071367
1357,143,1500,0.10522587592630567
1364,141,1505,0.10523066664146598
1371,145,1516,0.10521941185280712
1369,141,1510,0.10519191745029563
1358,140,1498,0.10517119676277584
1352,143,1495,0.10517775273626687
1355,141,1496,0.10519711775013323
1348,139,1487,0.10520695499786555
1347,137,1484,0.1052328885274514
1346,133,1479,0.10525797092650774
1361,135,1496,0.10528279284248314
1355,137,1492,0.10527140259872106
1361,139,1500,0.10527409848500685
1365,143,1508,0.10526201070230218
1356,142,1498,0.10524171852066179
1357,139,1496,0.10524152563954609
1355,138,1493,0.10523938289295248
1353,141,1494,0.10524311018370217
1353,140,1493,0.10525073500494414
1341,140,1481,0.10525938081874836
1354,142,1496,0.10529431181493337
1355,146,1501,0.1052977478556172
1349,142,1491,0.10529986999762787
1347,147,1494,0.1053174124220281
1343,152,1495,0.10533695847701402
1338,154,1492,0.10536500638167624
1340,153,1493,0.10540231075068213
1346,152,1498,0.10543264839321954
1339,157,1496,0.10544753641364396
1341,153,1494,0.10547544616196337
1327,152,1479,0.10549913911131839
1325,151,1476,0.10555260567596549
1328,151,1479,0.10560636412758413
1322,154,1476,0.10564732820468253
1323,155,1478,0.10569980491110208
1338,157,1495,0.10574516199702166
1348,160,1508,0.10575530659938086
1348,160,1508,0.1057438001385907
1345,159,1504,0.10573311569205535
1351,154,1505,0.105730954412988
1346,156,1502,0.10571641796924887
1342,164,1506,0.1057136672819803
1341,167,1508,0.10572076990779561
1330,166,1496,0.1057282406514939
1332,167,1499,0.10576013504176002
1330,166,1496,0.1057877568249614
1321,164,1485,0.10581888405865864
1317,166,1483,0.10586859978555896
1319,169,1488,0.10592525332241205
1317,168,1485,0.10597227764326203
1311,169,1480,0.10601919223589007
1322,170,1492,0.10607580158720083
1318,172,1490,0.10610268139603145
1319,170,1489,0.1061358518706853
1325,172,1497,0.10616439955534243
1318,173,1491,0.10617976313738339
1317,173,1490,0.10620817300026246
1323,177,1500,0.10623740684074397
1328,180,1508,0.10625397116382665
1325,178,1503,0.10625618962520399
1319,178,1497,0.10626494457389019
1314,179,1493,0.10628572974882623
1317,181,1498,0.10631780674880137
1310,181,1491,0.10634154404008811
1308,177,1485,0.1063788897272686
1322,177,1499,0.10641771399774391
1329,181,1510,0.10642062935277583
1323,176,1499,0.10640791424786325
1309,173,1482,0.10640936450051786
1302,180,1482,0.10644171253857689
1299,181,1480,0.10648842556085558
1296,187,1483,0.10653770927411545
1311,184,1495,0.10659135441083846
1315,182,1497,0.10660890263955487
1309,175,1484,0.10661530605099767
1305,174,1479,0.10663482389906384
1297,172,1469,0.10666139325438997
1304,176,1480,0.10670366616574324
1306,176,1482,0.10672749588848536
1301,174,1475,0.10674572171102646
1297,176,1473,0.1067744127059148
1307,180,1487,0.10680914811428291
1293,185,1478,0.10681995327735953
1287,189,1476,0.10686200543852298
1280,184,1464,0.10691423526153912
1291,187,1478,0.10697711202780233
1309,189,1498,0.10701172349088629
1309,188,1497,0.1070003840095644
1310,190,1500,0.10699101834660663
1308,190,1498,0.10697906844156688
1305,192,1497,0.10697176872786333
1291,190,1481,0.10697158080054926
1299,190,1489,0.10700187099124968
1307,189,1496,0.10701274144340545
1302,190,1492,0.10700602348814087
1305,188,1493,0.1070123480333389
1294,182,1476,0.10701129171914378
1297,185,1482,0.10703663321906622
1305,186,1491,0.10705290083234081
1316,188,1504,0.10704769444317205
1306,193,1499,0.10701833315061979
1289,196,1485,0.10701480103524734
1302,192,1494,0.10704966481518172
1301,194,1495,0.10705515718737843
1305,196,1501,0.10706222904846775
1305,200,1505,0.10706275362488232
1304,202,1506,0.10706264875033673
1293,201,1494,0.1070648923575867
1298,205,1503,0.10709202186598364
1293,205,1498,0.10710589177832952
1292,202,1494,0.10713133169038352
1290,201,1491,0.10715914153585623
1299,197,1496,0.1071889299162174
1301,199,1500,0.10719670627434037
1302,197,1499,0.10719759486961095
1304,199,1503,0.10719843736815506
1305,199,1504,0.1071921849215739
1308,204,1512,0.10718342134912721
1308,203,1511,0.10716932514180712
1313,206,1519,0.10715678020517631
1305,202,1507,0.10713477348197203
1302,200,1502,0.10713224226418411
1299,197,1496,0.1071375993278273
1292,201,1493,0.1071501506973099
1291,200,1491,0.10717860890711371
1279,202,1481,0.10720785213860334
1293,202,1495,0.10726297356452827
1291,202,1493,0.10728179351735019
1299,205,1504,0.10729968586613907
1288,205,1493,0.1073002694523878
1280,204,1484,0.1073263603753333
1290,206,1496,0.10736708579548511
1291,207,1498,0.10738346280837067
1285,209,1494,0.10739734094365516
1272,208,1480,0.10742209781425377
1270,204,1474,0.10747391429017135
1271,208,1479,0.10752558147716751
1280,210,1490,0.10757131471215128
1280,209,1489,0.10759307452441362
1284,210,1494,0.10761400149205186
1277,210,1487,0.10762522683470489
1268,214,1482,0.10765209210830955
1270,217,1487,0.10769751015415474
1277,216,1493,0.10773589086908554
1274,211,1485,0.10775624113998741
1275,208,1483,0.10777939086690644
1262,214,1476,0.10780065382625784
1256,216,1472,0.10784884758314696
1264,217,1481,0.10790410233739448
1274,217,1491,0.10793669477747912
1280,216,1496,0.1079447698641021
1280,217,1497,0.10793834520236079
1282,215,1497,0.1079328909895634
1282,215,1497,0.10792563220435614
1280,216,1496,0.10791911838663382
1262,218,1480,0.1079177629334977
1262,221,1483,0.1079571535253767
1253,220,1473,0.10799502393030938
1272,223,1495,0.10805237272931591
1270,222,1492,0.10806130152629417
1270,223,1493,0.10807317110721794
1272,222,1494,0.1080841749988139
1277,221,1498,0.10808806695092624
1276,224,1500,0.10808082920433001
1287,226,1513,0.10807602568184063
1278,228,1506,0.10804758483578983
1280,225,1505,0.10804047111051097
1279,225,1504,0.10803038153404979
1277,224,1501,0.10802422888851995
1279,222,1501,0.10802327812444379
1275,224,1499,0.10801870002061442
1282,224,1506,0.10802437636671101
1281,225,1506,0.10801401579742995
1272,225,1497,0.10800528237730557
1273,226,1499,0.10801860120182079
1275,221,1496,0.10802989471776375
1283,224,1507,0.10803660530726228
1273,224,1497,0.10802449143980095
1279,225,1504,0.10803821881483539
1263,228,1491,0.10803753362496796
1265,235,1500,0.10807386573368119
1269,236,1505,0.10810469104194058
1263,231,1494,0.10812282577855716
1273,234,1507,0.10815364038548646
1266,236,1502,0.1081597792661665
1261,234,1495,0.10818204579723333
1269,235,1504,0.1082144601049023
1264,239,1503,0.10822869006755745
1266,239,1505,0.10825132406761993
1261,236,1497,0.10826921544878479
1265,235,1500,0.10829682715975478
1259,241,1500,0.1083101001419814
1244,241,1485,0.1083376123926683
1249,242,1491,0.10839736574683333
1254,237,1491,0.10844159478758834
1264,243,1507,0.1084726448370167
1267,234,1501,0.1084800973149186
1270,233,1503,0.10847882434915725
1267,231,1498,0.10846743000091001
1258,234,1492,0.10846515846398484
1262,236,1498,0.10848342340922006
1246,237,1483,0.10849054583225565
1255,234,1489,0.10853315158815009
1245,233,1478,0.10855421977396026
1269,227,1496,0.10859609621779896
1259,223,1482,0.10857844242581835
1258,229,1487,0.10858467617149341
1263,231,1494,0.10859485610008893
1260,230,1490,0.10859277127090916
1262,229,1491,0.10859810018243111
1269,225,1494,0.10859566153441733
1272,224,1496,0.10857729889828438
1263,230,1493,0.1085532009616734
1265,229,1494,0.1085496378382235
1265,225,1490,0.10853918074299752
1274,223,1497,0.10853168080419068
1263,228,1491,0.10850347859915704
1255,229,1484,0.10850074348401058
1259,226,1485,0.10851773041315889
1264,226,1490,0.10852451003166845
1276,230,1506,0.10851836892473035
1276,223,1499,0.10848610232514425
1273,221,1494,0.10845590644551681
1276,217,1493,0.10843391945073956
1282,224,1506,0.10840782408534753
1284,225,1509,0.10837079945707007
1280,228,1508,0.10833048118747098
1273,229,1502,0.10830290628036764
1258,231,1489,0.10829319337854432
1264,232,1496,0.10831898853749529
1261,234,1495,0.10833085709803193
1269,233,1502,0.10834636121229302
1266,236,1502,0.10834314326536738
1278,236,1514,0.10834756174106923
1280,238,1518,0.1083262592245195
1276,234,1510,0.10830327545345514
1274,231,1505,0.10829010972051545
1265,230,1495,0.10828197004012456
1270,230,1500,0.10829665798092541
1270,224,1494,0.10829892325384342
1272,231,1503,0.10829934620751303
1274,235,1509,0.10829513703494126
1283,232,1515,0.10828820348075424
1284,232,1516,0.10826295747498946
1279,236,1515,0.10823740677527736
1271,232,1503,0.10822501359388209
1273,235,1508,0.10823328085586499
1261,239,1500,0.10823624857069561
1260,239,1499,0.10826600625605101
1258,238,1496,0.10829742149125117
1250,238,1488,0.10833045760126653
1255,239,1494,0.10837896987227477
1258,237,1495,0.10841327417817367
1247,234,1481,0.10843722231362292
1239,234,1473,0.10848271147918855
1241,236,1477,0.108545679730706
1261,240,1501,0.10859976649312099
1260,238,1498,0.10860250386367216
1267,238,1505,0.10860591340313468
1269,233,1502,0.10859022312833978
1268,237,1505,0.10857198368836267
1251,235,1486,0.10855716681806844
1247,238,1485,0.10858159718834681
1245,237,1482,0.10861489455952757
1250,242,1492,0.108649974681379
1259,239,1498,0.10866848084601016
1263,233,1496,0.10866572959542027
1260,235,1495,0.10865309641401613
1258,231,1489,0.10864972503337107
1247,233,1480,0.10865238713752456
1267,236,1503,0.10867904152894217
1256,238,1494,0.10865679355805585
1246,240,1486,0.10866148551525771
1228,238,1466,0.1086885455976488
1219,240,1459,0.10875632672851171
1228,240,1468,0.10884161679288744
1221,246,1467,0.10890029223859127
1226,251,1477,0.10897039111752654
1230,247,1477,0.10902551535238512
1231,255,1486,0.10906771539067785
1223,255,1478,0.10910390219201574
1233,253,1486,0.10915355984556958
1231,256,1487,0.10917889773501585
1226,259,1485,0.10920649855258929
1223,255,1478,0.10924454900392667
1225,249,1474,0.10928721664034605
1243,252,1495,0.10932107863841857
1240,252,1492,0.10931100624996448
1240,252,1492,0.10930581620566787
1242,253,1495,0.10930145206457588
1239,255,1494,0.1092944246362517
1247,253,1500,0.10929425776093458
1242,257,1499,0.10927569830283496
1245,260,1505,0.1092704221611709
1248,259,1507,0.1092601021465387
1260,257,1517,0.10924499499585906
1264,254,1518,0.10920487664737802
1252,252,1504,0.10915973165020439
1252,250,1502,0.10914504825264233
1246,250,1496,0.10913253877081448
1242,250,1492,0.10913380279888188
1243,251,1494,0.1091438534662898
1243,253,1496,0.10915216745406017
1247,250,1497,0.10916154808339056
1246,255,1501,0.10916080837813719
1255,255,1510,0.10915878116067144
1231,249,1480,0.1091360989664173
1221,248,1469,0.1091698489500443
1231,244,1475,0.10922280744808426
1229,243,1472,0.10924879583264949
1230,247,1477,0.10927678528740559
1246,247,1493,0.10930128096839109
1243,246,1489,0.10928806258203344
1247,253,1500,0.10928134045834521
1260,251,1511,0.10926579145119511
1256,249,1505,0.1092229417547918
1246,250,1496,0.10919326117364399
1247,258,1505,0.10918756086400978
1249,261,1510,0.10918145667322696
1255,258,1513,0.1091709801336606
1254,255,1509,0.1091485933351499
1253,257,1510,0.1091318527642014
1254,253,1507,0.1091191100767059
1244,255,1499,0.10910611114353787
1238,258,1496,0.10911615722355393
1234,258,1492,0.10914090465186443
1235,262,1497,0.10917372071755917
1238,261,1499,0.10920300253621075
1238,263,1501,0.10922343919356355
1240,265,1505,0.10924259050467681
1235,261,1496,0.10925592522518106
1240,262,1502,0.1092778750661839
1235,263,1498,0.10928575415454307
1229,259,1488,0.10930566771536604
1227,263,1490,0.10933672480860857
1217,265,1482,0.10936827550024657
1212,265,1477,0.10942217172013344
1211,263,1474,0.10948233276369349
1206,261,1467,0.10953839687231685
1213,272,1485,0.10960123620435056
1231,269,1500,0.10964488656582304
1234,265,1499,0.1096448637990352
1238,265,1503,0.10963766971282073
1236,264,1500,0.10961902816123327
1221,262,1483,0.10960665010499597
1213,260,1473,0.10962908443348801
1211,265,1476,0.10966899767747577
1216,267,1483,0.10971133448494744
1222,273,1495,0.10973951737414091
1230,274,1504,0.10975288735943728
1221,273,1494,0.10974627136054568
1218,272,1490,0.10976270147535953
1228,270,1498,0.10978387431746019
1240,271,1511,0.1097824729441984
1238,269,1507,0.10975363831405534
1227,268,1495,0.10973283239730412
1229,272,1501,0.10974040396710727
1228,278,1506,0.1097414920950181
1228,272,1500,0.10974458305768206
1226,269,1495,0.10974762853306341
1224,268,1492,0.10975379658771121
1230,268,1498,0.10976597688898843
1230,272,1502,0.10976343323091221
1237,275,1512,0.10976170349567826
1240,277,1517,0.10974372220754056
1221,274,1495,0.10972094637599725
1226,270,1496,0.10974488253390983
1215,271,1486,0.1097546786618949
1219,272,1491,0.10978729966250982
1212,270,1482,0.10981083846290694
1214,275,1489,0.10985055774662086
1215,269,1484,0.10988089871456258
1213,276,1489,0.10990819695137745
1212,272,1484,0.10993690716785225
1216,271,1487,0.10996488690070585
1219,273,1492,0.10998160574777645
1227,266,1493,0.10998867110504822
1227,269,1496,0.10997502379611884
1225,267,1492,0.10996341246239784
1232,270,1502,0.10995603766426797
1233,273,1506,0.10993512252406151
1233,274,1507,0.109913508701976
1231,273,1504,0.10989436056347049
1219,270,1489,0.10987999197270891
1228,270,1498,0.10989417472710591
1228,266,1494,0.10988671344487627
1247,264,1511,0.10988017118001464
1232,264,1496,0.10983018591297061
1224,263,1487,0.10981955489475105
1222,262,1484,0.10982772507486604
1227,267,1494,0.1098403660292194
1233,274,1507,0.10984265122995883
1225,272,1497,0.10983075782504426
1229,277,1506,0.10984070203274633
1222,276,1498,0.10984195657262084
1219,276,1495,0.10985824299721625
1216,278,1494,0.10987916452351694
1226,277,1503,0.10990665533044339
1216,279,1495,0.10990971772896366
1226,280,1506,0.10993492422905464
1227,279,1506,0.10993390108346654
1206,276,1482,0.10992804985630762
1205,276,1481,0.10997070344005447
1215,278,1493,0.1100125552127536
1230,285,1515,0.11002702246136875
1222,284,1506,0.1100085708444761
1210,286,1496,0.11000755554645064
1215,287,1502,0.11003451593980808
1208,288,1496,0.11004887572790441
1226,284,1510,0.11008025480079038
1224,280,1504,0.11006739775020684
1221,285,1506,0.11006174790746946
1221,288,1509,0.11006450915697003
1216,294,1510,0.11006805085372819
1206,290,1496,0.11008180600689449
1215,295,1510,0.1101169178636383
1203,298,1501,0.11013183257046219
1198,303,1501,0.1101730676235568
1189,301,1490,0.11022255765053789
1192,303,1495,0.11029051514829931
1199,306,1505,0.11034660414375072
1183,305,1488,0.11038285820124141
1183,303,1486,0.11045292295540307
1188,303,1491,0.11051811435852646
1189,301,1490,0.11056703101629463
1175,299,1474,0.11060923722746065
1179,307,1486,0.1106790478409248
1184,307,1491,0.11073555041146864
1194,310,1504,0.11077861793209001
1192,310,1502,0.1107920472561151
1191,316,1507,0.1108103586607909
1199,316,1515,0.11083005355749964
1197,312,1509,0.11083055597616256
1206,308,1514,0.11083581126312834
1200,307,1507,0.11081908050251178
1208,304,1512,0.11081934008375068
1198,304,1502,0.1108015042382835
1209,302,1511,0.11080712033492258
1204,306,1510,0.11078696253692324
1192,314,1506,0.11078007816770626
1190,314,1504,0.11080167721935805
1190,308,1498,0.11082718388304044
1199,313,1512,0.11085212798993899
1202,313,1515,0.11085395818878212
1196,308,1504,0.1108482308422637
1196,309,1505,0.11085710578461416
1199,301,1500,0.11086462936484026
1189,304,1493,0.11086528687492997
1188,306,1494,0.11088687230438504
1189,304,1493,0.11091119274498347
1207,303,1510,0.1109315824140528
1200,309,1509,0.11090971179939862
1204,301,1505,0.11090564987834732
1207,299,1506,0.11089333596097685
1199,304,1503,0.11087581346569418
1200,300,1500,0.11087796660736439
1187,308,1495,0.11087742513826965
1187,310,1497,0.11090620820367032
1181,315,1496,0.11093341547968562
1181,314,1495,0.11097273460176633
1189,317,1506,0.11100985724895071
1188,322,1510,0.1110261459872151
1178,319,1497,0.11104340075530095
1175,320,1495,0.1110828748286809
1174,321,1495,0.1111257768309569
1168,328,1496,0.11116982827585438
1168,326,1494,0.11122314183462487
1173,323,1496,0.11127278616698043
1179,317,1496,0.11130556419747784
1174,316,1490,0.11132284464464369
1172,318,1490,0.11135017699096843
1172,322,1494,0.11137998882632553
1173,325,1498,0.11140765497462589
1180,324,1504,0.11143115154289593
1162,325,1487,0.11143628609206495
1167,329,1496,0.1114839185348335
1172,330,1502,0.11151637281652932
1179,329,1508,0.1115344664508956
1178,336,1514,0.11153600052819196
1172,337,1509,0.11154100444328417
1173,330,1503,0.11156078578612703
1174,333,1507,0.11157786499781874
1177,334,1511,0.11159132401550162
1176,336,1512,0.11159614791743287
1174,339,1513,0.11160381345882107
1172,339,1511,0.11161365291391295
1174,333,1507,0.11162888078222091
1164,332,1496,0.11163888846427565
1164,339,1503,0.111672249927204
1160,340,1500,0.11170269691549733
1160,341,1501,0.11174151186149966
1158,344,1502,0.11177714310681303
1151,355,1506,0.1118144099792846
1153,351,1504,0.11186603443320277
1158,347,1505,0.11191121200543705
1158,352,1510,0.11194345642105485
1144,350,1494,0.1119738832576553
1130,348,1478,0.11203316793676077
1138,353,1491,0.11211807808146627
1132,362,1494,0.11218139901956231
1121,357,1478,0.11225332780317973
1130,356,1486,0.1123453235498311
1133,352,1485,0.11240880392680117
1140,358,1498,0.11246222725802905
1140,361,1501,0.11249423473973001
1127,362,1489,0.11252370398854104
1148,363,1511,0.11257810403384952
1155,362,1517,0.11258220624934413
1152,361,1513,0.11256989394843185
1141,362,1503,0.11256637600837455
1137,364,1501,0.1125890444431871
1134,363,1497,0.11261992243491332
1129,361,1490,0.11265734749279326
1130,354,1484,0.11270319664249823
1136,359,1495,0.11274183364594548
1138,365,1503,0.11276417637281215
1147,363,1510,0.11277870120683385
1133,364,1497,0.11277242658829376
1138,363,1501,0.11279957541522488
1133,365,1498,0.11281168168183742
1136,364,1500,0.11283500645449053
1140,355,1495,0.11285193233491714
1138,360,1498,0.11285871485870691
1152,361,1513,0.11286886781728044
1154,353,1507,0.11284297205879995
1143,354,1497,0.11281616567520462
1147,354,1501,0.1128163375360066
1148,357,1505,0.11280721459580366
1147,359,1506,0.1127949263181851
1147,352,1499,0.11278475319985545
1141,350,1491,0.11277532021526245
1137,348,1485,0.112778827519193
1139,353,1492,0.11279070030923391
1143,348,1491,0.11279749119872791
1157,349,1506,0.11279560415938693
1138,353,1491,0.11276370815378589
1143,356,1499,0.11277619449202522
1143,353,1496,0.11277876008654406
1142,353,1495,0.11278290476978217
1140,357,1497,0.11278881450636309
1147,357,1504,0.1127982497563389
1142,357,1499,0.11279148471571158
1141,356,1497,0.11279432924221677
1144,359,1503,0.1128000582926732
1139,357,1496,0.11279795629184043
1138,349,1487,0.11280897129220514
1140,357,1497,0.11281937170722876
1140,355,1495,0.11282444745034653
1138,355,1493,0.11282802133052723
1116,355,1471,0.11283661583186078
1121,359,1480,0.112893891506693
1127,362,1489,0.1129366632814186
1137,359,1496,0.11296337528500526
1143,356,1499,0.11296647214940943
1148,352,1500,0.11295509176860347
1143,360,1503,0.1129324739161447
1135,368,1503,0.1129228198562373
1136,372,1508,0.11293284838348232
1137,372,1509,0.11294137629522438
1133,367,1500,0.1129476438554157
1138,364,1502,0.11296332365063737
1128,362,1490,0.11296630006607593
1128,364,1492,0.11299049160854527
1132,366,1498,0.11301258306484105
1123,360,1483,0.11302398317881131
1116,356,1472,0.11305585377392795
1123,362,1485,0.11310107046574674
1136,365,1501,0.11312649734443368
1136,368,1504,0.11311809030579763
1126,366,1492,0.11311360593497448
1129,366,1495,0.11312954868414345
1117,363,1480,0.11313974574649538
1118,358,1476,0.1131760079415288
1126,354,1480,0.11320885047984106
1129,360,1489,0.11322188757146272
1133,365,1498,0.11322735498274866
1138,368,1506,0.11322360724991139
1132,373,1505,0.11320777731792346
1132,370,1502,0.11320610840003394
1133,369,1502,0.11320605231665037
1122,369,1491,0.11320471728354724
1135,367,1502,0.11322858777280138
1134,377,1511,0.11322135832607398
1127,367,1494,0.11321811920332371
1118,371,1489,0.11323028284128586
1116,370,1486,0.11326259114197644
1119,374,1493,0.11329773483302308
1107,379,1486,0.11332394525229134
1109,379,1488,0.11337606539017346
1113,377,1490,0.1134202613646903
1114,383,1497,0.11345305096121198
1130,388,1518,0.11348082457697281
1127,391,1518,0.11346834908013916
1124,389,1513,0.11346517574526067
1122,381,1503,0.11346802060814158
1122,387,1509,0.11347233357510948
1120,381,1501,0.11347788751383753
1122,376,1498,0.11348717383983149
1114,385,1499,0.11349245760308929
1114,385,1499,0.11351413120895185
1136,380,1516,0.1135356789038616
1124,372,1496,0.11350468572198251
1139,369,1508,0.11350274602795574
1135,372,1507,0.1134668251746291
1126,375,1501,0.11344308696476407
1128,375,1503,0.11344326872882089
1128,373,1501,0.1134401895454799
1114,380,1494,0.11343823559104185
1109,384,1493,0.1134683968330716
1107,385,1492,0.11350704252481122
1107,386,1493,0.11354604823358784
1115,388,1503,0.11358509720217798
1113,389,1502,0.11360413324753477
1114,388,1502,0.11362499359067744
1107,384,1491,0.11364228197731585
1105,382,1487,0.11367487664719789
1102,393,1495,0.11371026370258683
1110,389,1499,0.11374902042120921
1113,385,1498,0.11376671236357692
1122,387,1509,0.11377783861759459
1112,381,1493,0.11376482594086668
1123,388,1511,0.11377378503296226
1123,389,1512,0.11375810865974408
1124,387,1511,0.1137415318957366
1110,385,1495,0.11372309914733844
1098,386,1484,0.1137389318717385
1103,393,1496,0.11378247991370806
1105,394,1499,0.11381269200961434
1113,391,1504,0.11383614478277014
1109,382,1491,0.11384088270693038
1101,391,1492,0.11385533591228296
1098,393,1491,0.1138870923310104
1108,389,1497,0.11392180280486353
1108,386,1494,0.11393013750250351
1105,388,1493,0.113936487350687
1105,396,1501,0.11394954857400047
1100,395,1495,0.11396303280781483
1101,396,1497,0.11398764910109505
1105,399,1504,0.11400929880333173
1105,399,1504,0.11402179984504679
1115,397,1512,0.11403387223767708
1126,398,1524,0.11402225495780133
1124,395,1519,0.1139871921549258
1108,397,1505,0.11395837251666102
1099,404,1503,0.11396840946147278
1119,399,1518,0.11399805424389385
1112,398,1510,0.11398161093568454
1118,390,1508,0.11398304262523794
1121,392,1513,0.11397093493456044
1114,394,1508,0.11395398931771013
1114,393,1507,0.1139532213247602
1101,396,1497,0.11395101209695566
1112,403,1515,0.11398042309617672
1110,407,1517,0.11398289476628573
1097,404,1501,0.11398950827374002
1097,406,1503,0.11402510900238977
1090,400,1490,0.11405848049688387
1099,409,1508,0.1141049091627568
1092,411,1503,0.1141280334847653
1082,418,1500,0.11416418955699116
1091,416,1507,0.11421976152727285
1087,416,1503,0.11425094709710233
1097,413,1510,0.11429005366147328
1082,412,1494,0.11430579610865836
1096,415,1511,0.1143531725667105
1092,412,1504,0.11436582839932254
1092,417,1509,0.11438635999521253
1080,408,1488,0.11440540135783284
1079,412,1491,0.11445147275717309
1083,413,1496,0.11449742253331081
1089,413,1502,0.1145297678320045
1092,410,1502,0.1145459084481228
1098,406,1504,0.11455414114032358
1096,410,1506,0.11454532910834855
1091,412,1503,0.11454223268471314
1086,417,1503,0.11455073488577369
1084,413,1497,0.1145697036666321
1090,410,1500,0.11459130898753202
1086,412,1498,0.1145986715029179
1086,406,1492,0.11461470657217199
1082,412,1494,0.11462949344610816
1078,417,1495,0.11465310266226457
1068,409,1477,0.11468344580851891
1077,413,1490,0.11473608841510596
1081,417,1498,0.1147644911294687
1072,415,1487,0.1147819663834936
1065,425,1490,0.11481703620122577
1067,426,1493,0.11486588106250839
1079,429,1508,0.11490733615552524
1078,425,1503,0.11491674622046244
1074,434,1508,0.11492782681785624
1085,431,1516,0.11494723974736709
1080,428,1508,0.1149427234042868
1081,431,1512,0.11495152458654757
1077,429,1506,0.1149589647052303
1083,429,1512,0.11497491236551015
1074,433,1507,0.11497703604323128
1077,424,1501,0.11499865024664105
1067,427,1494,0.11501286095243353
1045,428,1473,0.11504919254193809
1049,439,1488,0.11513181175781301
1056,442,1498,0.11520003023027593
1049,442,1491,0.11524679201837756
1061,441,1502,0.11530739697313618
1061,440,1501,0.11533676477039286
1060,440,1500,0.11536672741095141
1067,442,1509,0.1153950537189509
1066,449,1515,0.11540511278317563
1066,445,1511,0.11541648104207536
1057,444,1501,0.11542818875368688
1038,449,1487,0.11545950547757844
1039,454,1493,0.1155315904664342
1035,451,1486,0.11559685684206816
1042,444,1486,0.11566672478245975
1047,441,1488,0.11571533237141537
1049,438,1487,0.11574840755982202
1056,446,1502,0.11577722766719101
1047,445,1492,0.11578641328251031
1055,449,1504,0.11581389672349125
1054,451,1505,0.11581915694556015
1061,455,1516,0.11582639379169231
1071,451,1522,0.11581906654335927
1069,457,1526,0.11579066727110847
1061,455,1516,0.11576647080260112
1063,457,1520,0.11576359675230194
1058,451,1509,0.11575817488439093
1054,461,1515,0.11576527435776551
1050,457,1507,0.11578167695635269
1052,456,1508,0.11580609069308714
1051,446,1497,0.11582354302754501
1049,455,1504,0.11584064931105327
1051,453,1504,0.1158605939205976
1055,459,1514,0.11587516113405759
1055,464,1519,0.11587965243542002
1058,461,1519,0.11588478157235275
1064,452,1516,0.11588127135569665
1064,455,1519,0.11586542857480081
1057,453,1510,0.11585131158437618
1051,453,1504,0.11585409738040899
1044,453,1497,0.11587171321698123
1052,456,1508,0.11590410393595242
1040,457,1497,0.11591658313622206
1033,460,1493,0.11595507367222942
1039,457,1496,0.11600773569216181
1034,458,1492,0.1160428522557925
1046,460,1506,0.1160855385129435
1048,456,1504,0.11609750781494743
1044,456,1500,0.11610482884554305
1036,453,1489,0.11612178097222774
1039,452,1491,0.11615585165705745
1044,454,1498,0.11618062262832198
1040,452,1492,0.11619102388618302
1033,450,1483,0.1162079915670528
1043,453,1496,0.11623879063000046
1051,462,1513,0.11624498403816898
1049,461,1510,0.11623077674834174
1044,461,1505,0.11622474449707319
1043,458,1501,0.11623008782844182
1050,461,1511,0.11623762790481142
1045,461,1506,0.11622717265887968
1043,460,1503,0.11623011093316492
1037,465,1502,0.11623801266883485
1040,461,1501,0.11625961019677084
1031,452,1483,0.11627257051282047
1035,461,1496,0.11630580770783125
1042,467,1509,0.11632583142977054
1043,465,1508,0.11632622915054122
1034,475,1509,0.11632546178043317
1035,462,1497,0.11634608000008755
1036,459,1495,0.11636294120018867
1034,468,1502,0.11637691764207617
1028,468,1496,0.11639540986607301
1038,469,1507,0.11642632337222347
1035,473,1508,0.1164311409774251
1035,480,1515,0.11644362183311381
1030,478,1508,0.11645479159713329
1037,476,1513,0.1164757868446638
1030,470,1500,0.11648074517510952
1030,470,1500,0.11650020120336332
1031,466,1497,0.11651685940967337
1031,469,1500,0.11653220642483887
1025,469,1494,0.11654500601666552
1006,474,1480,0.11657109530913289
1008,469,1477,0.11663948348956801
1013,476,1489,0.11669866719861094
1002,481,1483,0.11674242464101688
1007,485,1492,0.11680950932686712
1016,480,1496,0.11686057212925255
1016,488,1504,0.11688650032318361
1015,490,1505,0.11691177883325617
1012,488,1500,0.11693772587210015
1006,499,1505,0.1169675573449781
998,493,1491,0.11700920454187592
1005,493,1498,0.11706798314331854
1003,495,1498,0.1171085730372841
1001,500,1501,0.1171500213406984
999,494,1493,0.11719366683746327
992,501,1493,0.11723887662075655
994,497,1491,0.11729677514184861
988,510,1498,0.1173458496557136
981,520,1501,0.11740656633617289
976,521,1497,0.11747907784184985
972,516,1488,0.11755803132550685
985,521,1506,0.11763971820772047
980,519,1499,0.11768373809475129
980,517,1497,0.11773868881130407
979,511,1490,0.1177899785034749
975,516,1491,0.11784081060409392
975,519,1494,0.1178972461160409
973,518,1491,0.11794964080223647
972,523,1495,0.11800303335341639
966,536,1502,0.11805484456147218
962,536,1498,0.11811800761886262
945,533,1478,0.11818667669218129
943,541,1484,0.11828971238881944
947,536,1483,0.11839040619531616
949,537,1486,0.11847663229487856
951,546,1497,0.11855219711169199
958,546,1504,0.11861858108240032
962,546,1508,0.11866318653782343
955,550,1505,0.11869633106103826
947,552,1499,0.11874468457286987
951,552,1503,0.11880758658333057
951,549,1500,0.11885576467804376
947,551,1498,0.11890194940417975
942,551,1493,0.11895177315416403
932,555,1487,0.1190106826026206
934,550,1484,0.1190883069718684
936,562,1498,0.11915471344289763
931,558,1489,0.11921254123273167
938,567,1505,0.11927971839972958
935,558,1493,0.11932778212447111
938,573,1511,0.1193771693391913
935,575,1510,0.11941636251847494
937,574,1511,0.11946176107614757
930,571,1501,0.1194998931753625
927,577,1504,0.11954968637032
930,574,1504,0.11960456566823943
918,568,1486,0.11964884458529376
911,569,1480,0.11971662112699423
909,571,1480,0.1197947990162697
917,574,1491,0.11987431490203143
922,580,1502,0.11993159355994995
909,587,1496,0.11997315501830051
906,595,1501,0.1200419317364458
896,591,1487,0.12011433829544294
900,588,1488,0.12020536816209156
905,592,1497,0.12027834762262422
919,581,1500,0.12033598099855278
918,584,1502,0.12035754055050302
918,593,1511,0.12038023091475669
905,584,1489,0.12040108645675981
906,595,1501,0.12045018570072802
910,603,1513,0.120491840762393
911,596,1507,0.1205216677271698
905,608,1513,0.12054841957473592
909,609,1518,0.12058679327358951
901,607,1508,0.12061532747603444
901,600,1501,0.12066053968984387
899,597,1496,0.12070395511199615
894,605,1499,0.12074993580046132
900,607,1507,0.12080232246340165
894,607,1501,0.1208410645843928
893,608,1501,0.12089219075032599
902,614,1516,0.12094313700439924
902,612,1514,0.12097070758925751
893,616,1509,0.12099476816617813
895,616,1511,0.12103721442498915
883,617,1500,0.12107201692254081
882,613,1495,0.12113233955226049
882,615,1497,0.12119006995549775
881,620,1501,0.12124441587432251
890,624,1514,0.1212977053790614
877,625,1502,0.12132692195294503
874,619,1493,0.12138414091895583
869,618,1487,0.12144555346230672
872,620,1492,0.12151135104692966
864,622,1486,0.12156682361594738
866,620,1486,0.12163727996583563
875,624,1499,0.12169904915364561
870,632,1502,0.12173471189570986
864,637,1501,0.12177767150407647
867,642,1509,0.12183297689326235
875,654,1529,0.1218789321440811
875,644,1519,0.12190489396671073
863,652,1515,0.12193028126944906
860,649,1509,0.12198230117155394
850,646,1496,0.12203812412104767
849,642,1491,0.12211290139849257
840,636,1476,0.12218129696302477
848,643,1491,0.12226479656158531
847,646,1493,0.12232667737183761
850,657,1507,0.12238660929501649
845,654,1499,0.12243274529094693
856,653,1509,0.1224875585160261
844,650,1494,0.12251424852280424
842,643,1485,0.12256791244098889
838,644,1482,0.12262232651967889
828,647,1475,0.12268145635028564
831,650,1481,0.12275911829631493
833,660,1493,0.12282496654434093
839,661,1500,0.12288185739431297
836,663,1499,0.12292113698676445
829,654,1483,0.12296329523360885
833,659,1492,0.12302153179588789
829,666,1495,0.12306776927719693
831,668,1499,0.12311890212040508
840,673,1513,0.12316406722756972
838,675,1513,0.12318493896947107
841,676,1517,0.12320691997221825
839,673,1512,0.12322037090267988
829,671,1500,0.12323698603552156
830,669,1499,0.1232744225469662
833,664,1497,0.12330670801011909
834,673,1507,0.12333140288793683
844,674,1518,0.12334998598268783
841,669,1510,0.12334499320233429
838,664,1502,0.12334851410963582
841,668,1509,0.12335828997141833
846,664,1510,0.12336104978949713
848,661,1509,0.12334951230099986
848,663,1511,0.12333303726037181
843,665,1508,0.12331838167256869
847,671,1518,0.12331923187686634
845,668,1513,0.1233110806131138
849,666,1515,0.12330786373879164
845,663,1508,0.1232944180424419
842,661,1503,0.12329237594185233
836,661,1497,0.12329876316559833
839,668,1507,0.1233197222382396
836,662,1498,0.12333249025691892
836,664,1500,0.12335049570825408
843,660,1503,0.12336725494929172
846,660,1506,0.12336390501589246
836,662,1498,0.12335214716047027
835,670,1505,0.12336452134293507
835,661,1496,0.12337928380154603
822,666,1488,0.12339398002020281
831,664,1495,0.12343840791938034
831,668,1499,0.12346064314157079
829,672,1501,0.1234807810720952
840,672,1512,0.12350394537659995
836,674,1510,0.12350082620865091
843,683,1526,0.12350663520429674
847,668,1515,0.12349818265004614
845,671,1516,0.12347983528965316
843,670,1513,0.12346578318923289
841,674,1515,0.12345840932491634
839,683,1522,0.12345678767075441
847,684,1531,0.12345981074019222
831,675,1506,0.1234431942312995
840,666,1506,0.12346453404613517
837,670,1507,0.12346660380907869
836,670,1506,0.12347658646143796
826,666,1492,0.12348695379631117
828,671,1499,0.1235165257310337
829,674,1503,0.12354164130698254
817,675,1492,0.12356305589374333
820,666,1486,0.12360971667304373
828,670,1498,0.12364675750649738
834,675,1509,0.12366292078111842
843,672,1515,0.12366063362571174
839,665,1504,0.12363778718030033
842,666,1508,0.12362441762018037
856,664,1520,0.12360421506527093
853,665,1518,0.12355189999800135
849,665,1514,0.12351155611566854
835,665,1500,0.12348349330755465
848,668,1516,0.12349228817672497
850,667,1517,0.12346970346405158
842,662,1504,0.12344491097046623
827,661,1488,0.12344050597072745
830,665,1495,0.12347252493563918
822,669,1491,0.12349622907146411
818,669,1487,0.12353615628846742
827,669,1496,0.12358248406952484
831,670,1501,0.12360508076663247
829,674,1503,0.12361664882628044
836,683,1519,0.12363186404697352
824,683,1507,0.12362916799494267
811,679,1490,0.12365479150422334
809,685,1494,0.12370884527131118
817,672,1489,0.1237625265344706
816,680,1496,0.12379523299516412
819,687,1506,0.12382764207985694
813,695,1508,0.123850163295095
811,687,1498,0.12388701080149973
811,692,1503,0.12392732237319504
804,685,1489,0.12396371020358725
811,692,1503,0.12401436630915957
816,686,1502,0.12404432851449068
833,691,1524,0.12405941102582503
818,694,1512,0.12403236866721741
817,681,1498,0.12404401786070132
821,684,1505,0.12405910087828051
815,686,1501,0.12406281093019267
805,693,1498,0.124081767028617
816,682,1498,0.12412238276695044
808,680,1488,0.12413541819171582
811,681,1492,0.12416437295682009
810,694,1504,0.12418359518744455
815,697,1512,0.12420535640055025
812,697,1509,0.12421338173928359
809,703,1512,0.12422730380629607
799,707,1506,0.12424828147221781
798,702,1500,0.12428995453337911
803,710,1513,0.12433160859779259
807,719,1526,0.12435948786274542
802,714,1516,0.12437647467651153
803,711,1514,0.12440469889648613
793,718,1511,0.1244305126474473
794,715,1509,0.12447615730448869
798,718,1516,0.12451736885025236
800,712,1512,0.12454667748932778
791,698,1489,0.12456797262262073
793,700,1493,0.12460765982925164
801,712,1513,0.1246384125446981
809,706,1515,0.12464977692938288
806,705,1511,0.12464239887375612
799,704,1503,0.12464298901362182
796,703,1499,0.12466038874196687
805,704,1509,0.12468442664415985
799,707,1506,0.1246858332209936
796,712,1508,0.12470055578325692
799,713,1512,0.12472029190170783
797,708,1505,0.12473155395235526
803,706,1509,0.12474621312444603
802,710,1512,0.12474637337372574
800,709,1509,0.12474939695246552
799,715,1514,0.12475784304806993
796,711,1507,0.12476844890612522
784,716,1500,0.12478542222363805
785,712,1497,0.12482832819607104
780,703,1483,0.12486585768934305
779,709,1488,0.1249113434616325
771,704,1475,0.12495391592334004
781,715,1496,0.12501285962286046
770,710,1480,0.1250470783884948
777,707,1484,0.12510234261635805
773,705,1478,0.12513972350967462
778,717,1495,0.12518534829087588
773,725,1498,0.12521508639601633
770,716,1486,0.12525315684251834
782,718,1500,0.12529453497262513
781,722,1503,0.12530570125079654
785,730,1515,0.12531677570789276
777,724,1501,0.12531858261937
785,732,1517,0.12533961833728507
782,725,1507,0.12534032585857113
779,734,1513,0.1253483439546403
771,738,1509,0.12536633466138794
772,728,1500,0.12540140589989565
777,732,1509,0.12543103310615059
781,730,1511,0.12544695172643727
769,744,1513,0.12545317014046173
771,747,1518,0.12548547603884402
760,745,1505,0.1255121822805405
767,748,1515,0.1255617351858953
761,748,1509,0.12559180612364187
761,741,1502,0.12563400901477237
764,752,1516,0.12567414515233521
768,747,1515,0.12570624815785275
755,749,1504,0.12572578088702635
749,748,1497,0.12577482648346414
744,759,1503,0.12583483558317016
753,752,1505,0.12590146880792585
745,753,1498,0.1259434064472292
737,754,1491,0.12599999565471826
740,759,1499,0.1260717476370592
752,754,1506,0.1261307338522773
747,756,1503,0.12615757033910568
747,756,1503,0.1261949197548681
745,757,1502,0.12622762520698388
737,762,1499,0.1262637000087965
729,769,1498,0.12631665289388966
730,769,1499,0.12638494089552602
734,768,1502,0.12644739524102572
739,764,1503,0.1264941950761171
741,773,1514,0.1265279236417155
735,765,1500,0.1265541257220391
731,768,1499,0.12659361301526773
734,762,1496,0.12663901379012477
733,767,1500,0.1266743854470764
731,772,1503,0.126708213701305
735,766,1501,0.12674453410971512
740,772,1512,0.12676883740956674
729,773,1502,0.1267792748279141
728,772,1500,0.126814936076713
730,762,1492,0.12684944397218914
720,767,1487,0.12687781822907296
723,773,1496,0.12692902754180363
722,776,1498,0.12697018043837155
724,786,1510,0.12701029903421548
728,783,1511,0.12704133445578009
719,783,1502,0.12706299772619425
709,783,1492,0.12710208784862487
714,786,1500,0.1271608052959585
709,788,1497,0.12720522469188406
711,794,1505,0.12725831033435023
709,797,1506,0.12730063257211732
723,787,1510,0.12734608185196192
723,784,1507,0.1273568249184743
719,794,1513,0.12736784855746675
716,789,1505,0.12738876421736164
709,783,1492,0.12741226444084675
722,774,1496,0.1274519389145017
722,783,1505,0.1274592674352915
714,781,1495,0.12746654056987347
713,782,1495,0.12749210475596076
715,785,1500,0.12751552444960587
706,779,1485,0.1275352906730641
705,783,1488,0.12757318480774704
704,792,1496,0.1276117873464428
704,782,1486,0.12765147302284677
703,783,1486,0.1276888576417253
696,796,1492,0.1277230537449559
692,799,1491,0.12777214242452103
690,797,1487,0.1278286432473794
696,796,1492,0.12788626379472845
697,797,1494,0.12792414071612335
694,795,1489,0.12795420859973308
700,801,1501,0.12799016910781058
696,814,1510,0.12801058623907288
701,807,1508,0.12804051678070988
701,793,1494,0.12805721355630567
698,793,1491,0.12807213367707226
691,808,1499,0.12809472906481695
690,809,1499,0.12813315210908174
686,808,1494,0.1281720953579013
680,813,1493,0.12821785228473911
684,808,1492,0.12827401659782758
697,803,1500,0.12831723496337769
698,801,1499,0.12832634784605965
694,811,1505,0.1283322069032731
698,810,1508,0.12834876221986105
704,806,1510,0.128354032158818
699,810,1509,0.12834788394113045
688,819,1507,0.12835402614490088
694,821,1515,0.12838483894009625
692,821,1513,0.128399571185546
685,818,1503,0.12841836789202243
675,831,1506,0.1284534257246725
675,834,1509,0.1285103251361629
667,827,1494,0.1285629134671101
673,829,1502,0.1286306215692843
672,822,1494,0.12868156873214684
676,824,1500,0.1287319798964415
685,829,1514,0.12876999437742906
689,830,1519,0.12878469242501578
687,827,1514,0.12878760974266537
683,833,1516,0.1287950777141571
682,827,1509,0.1288124236765346
686,828,1514,0.12883184221331057
680,816,1496,0.12884109135694347
671,832,1503,0.1288640434605192
668,824,1492,0.12890626187703524
670,844,1514,0.1289514556562058
675,839,1514,0.12898818135180132
683,828,1511,0.1290108347312925
680,823,1503,0.1290136733369563
694,830,1524,0.1290239330481906
690,830,1520,0.1290004801459488
684,826,1510,0.12898929127762204
682,826,1508,0.12899206129556762
672,832,1504,0.12899963541387863
671,834,1505,0.12902882093803492
675,840,1515,0.1290606016053241
680,831,1511,0.12908187915681013
677,826,1503,0.12909045071770614
679,834,1513,0.1291061357164981
676,838,1514,0.12911637709939217
678,839,1517,0.12912993052173846
668,840,1508,0.1291376550921646
662,840,1502,0.12916762304360355
669,837,1506,0.1292103568241107
668,838,1506,0.1292342625286518
679,830,1509,0.12925666641912367
674,826,1500,0.12924934642140215
671,830,1501,0.1292535649469437
670,842,1512,0.12926712269575968
668,837,1505,0.12928139573923714
668,836,1504,0.12929847802424066
671,835,1506,0.1293162565524986
672,845,1517,0.1293278917718222
671,842,1513,0.12933507012128348
664,847,1511,0.12934389153826087
662,835,1497,0.12936874263286255
667,839,1506,0.12939726662571763
664,839,1503,0.1294117349726791
675,844,1519,0.12943203042071658
674,846,1520,0.12942419095318886
673,844,1517,0.1294191316560255
675,847,1522,0.12941607698268512
676,848,1524,0.12940988764163983
667,851,1518,0.12940214993135085
659,843,1502,0.12941858864759082
657,844,1501,0.12945327764257167
651,848,1499,0.12949040564648132
655,853,1508,0.12953631753637634
653,861,1514,0.1295716400898583
652,851,1503,0.12960860325673004
647,854,1501,0.12964204429795406
645,852,1497,0.12968492586130762
650,855,1505,0.12973079174886398
648,856,1504,0.12976364993264708
640,857,1497,0.12979836334461844
643,861,1504,0.1298495133151085
648,859,1507,0.12988730742142413
648,864,1512,0.12991292597948723
652,861,1513,0.12993532913442352
647,854,1501,0.12994424635848173
638,855,1493,0.12996521467040192
638,857,1495,0.13000515371655968
634,861,1495,0.1300439640637551
650,867,1517,0.1300909971607742
653,871,1524,0.13009927951842226
648,867,1515,0.13010316842050296
638,880,1518,0.13011824563607843
633,875,1508,0.13015645579413523
638,885,1523,0.13020358171198487
626,878,1504,0.1302346089537579
628,880,1508,0.13029214638812103
625,874,1499,0.13034104736050492
625,880,1505,0.1303934355130104
635,873,1508,0.13044172182720842
632,868,1500,0.130462615600897
630,877,1507,0.1304862598127062
628,873,1501,0.13051393099926273
621,876,1497,0.1305438044767019
628,874,1502,0.13058851610828695
630,873,1503,0.13061312845751724
626,872,1498,0.1306311605463269
629,874,1503,0.13065831229173663
624,878,1502,0.13067628632414138
626,871,1497,0.13070477880389744
624,883,1507,0.13072784569336268
619,881,1500,0.13075607312635712
622,880,1502,0.13079288046598742
622,886,1508,0.13082143721810613
627,883,1510,0.13084681075976326
631,879,1510,0.13085797002317093
624,875,1499,0.13085864011470286
616,892,1508,0.13087576014186658
610,897,1507,0.13091124412922844
618,902,1520,0.13095821209212544
625,898,1523,0.13098310353120157
616,892,1508,0.13098865245181485
607,900,1507,0.13101467253626506
607,895,1502,0.13106076434068137
608,899,1507,0.13110412242137964
609,898,1507,0.13114261703107982
610,895,1505,0.1311770444008333
600,891,1491,0.1312065597667089
592,888,1480,0.13125666096149538
602,886,1488,0.13132403964797323
609,879,1488,0.13136536152353848
612,891,1503,0.13138537510796622
610,890,1500,0.1313970206296829
609,893,1502,0.13141201887866683
608,885,1493,0.13142619886949297
613,896,1509,0.13144113866550297
607,900,1507,0.131442280414382
622,902,1524,0.13145837623124534
623,893,1516,0.1314380914158876
619,892,1511,0.13141689287311314
618,888,1506,0.13140602920366032
620,875,1495,0.13140034111170948
616,889,1505,0.13139127728866803
611,887,1498,0.13139085245736143
608,888,1496,0.13140172904218372
606,884,1490,0.1314199096822396
611,897,1508,0.13144163277137552
618,896,1514,0.13145017675404855
621,903,1524,0.13144114133176515
611,891,1502,0.13142524004530226
609,892,1501,0.13143112434982804
609,895,1504,0.1314422543822533
611,897,1508,0.13145469442548854
613,903,1516,0.13146048268802712
601,908,1509,0.1314621827417373
610,911,1521,0.13149010799101749
606,906,1512,0.13149541883808236
608,909,1517,0.13150933288149186
614,901,1515,0.13151789551778023
625,897,1522,0.1315113403028344
623,892,1515,0.1314772838419875
613,895,1508,0.1314513388831067
620,885,1505,0.13145249712391077
612,884,1496,0.13143515160397798
606,876,1482,0.13143776611922647
607,876,1483,0.13145491138246385
609,879,1488,0.13146734175157768
613,889,1502,0.1314728049811611
608,897,1505,0.13146707854716413
612,894,1506,0.13147482236442085
611,889,1500,0.13147357539451535
623,896,1519,0.13147208016287354
615,902,1517,0.13144288034852963
619,898,1517,0.13143467090509067
621,902,1523,0.13141967367704996
624,904,1528,0.1314015318560054
619,893,1512,0.1313778905391601
622,891,1513,0.13136913910795095
622,896,1518,0.13135204324917737
618,897,1515,0.13133709966401083
615,891,1506,0.13133531630834885
616,888,1504,0.13134178481995065
615,885,1500,0.1313451963899504
615,892,1507,0.13135058062908123
614,892,1506,0.13135886502596075
608,898,1506,0.13136642151959838
607,906,1513,0.13138590307082623
614,910,1524,0.1314071987713017
605,889,1494,0.1314116483099945
607,901,1508,0.13143681790368766
601,900,1501,0.13145713356194688
602,899,1501,0.13148927956677042
602,904,1506,0.13151588845434736
609,899,1508,0.1315409089174457
607,900,1507,0.13154776134853333
612,901,1513,0.13155760052199075
612,904,1516,0.13155536076717236
612,902,1514,0.13155134266911905
609,907,1516,0.13155061423752168
614,911,1525,0.13155642013792376
607,899,1506,0.13155099984000482
610,900,1510,0.13156062340762698
609,891,1500,0.13156463648930128
610,894,1504,0.13157259775993466
615,891,1506,0.13157767503968582
608,909,1517,0.13157109178889617
607,912,1519,0.13158272747941926
601,908,1509,0.1315970317909603
602,909,1511,0.13162535116630011
595,909,1504,0.1316478772814499
599,909,1508,0.13168408923294483
601,900,1501,0.13170867578600454
601,916,1517,0.1317251094256092
595,919,1514,0.13174217160263757
592,912,1504,0.13177093784212332
594,921,1515,0.1318078477526885
599,923,1522,0.13183834293173594
593,926,1519,0.13185339244577407
588,920,1508,0.13188158647390702
591,924,1515,0.13191823700290617
587,922,1509,0.13194607841210101
583,924,1507,0.1319817927815337
582,922,1504,0.13202134076060681
584,916,1500,0.13206301281475794
588,924,1512,0.13209594210474976
589,932,1521,0.13211679533471316
587,922,1509,0.13213330844110038
592,932,1524,0.13215384918995052
577,935,1512,0.13216097606731037
584,934,1518,0.1322044674493438
578,929,1507,0.13223055252241805
569,932,1501,0.1322712255804742
576,934,1510,0.13233042711491952
562,940,1502,0.13237125592543628
564,951,1515,0.1324417534009257
566,953,1519,0.13250101485796456
563,945,1508,0.1325522902771317
557,955,1512,0.1326072741255192
564,954,1518,0.13266994288333345
566,950,1516,0.13271121570170316
571,942,1513,0.13274464570157465
571,933,1504,0.1327670873139979
572,936,1508,0.13278733732885223
569,938,1507,0.132802878652506
571,945,1516,0.13282492063346107
567,955,1522,0.13283956484217843
568,948,1516,0.1328635972888104
570,949,1519,0.13288413697944215
569,948,1517,0.1328973444708878
561,947,1508,0.13291178027324166
561,942,1503,0.13294485753210125
566,951,1517,0.13297566377007775
565,951,1516,0.13299218181805444
564,956,1520,0.13301035370378766
557,955,1512,0.13303039594652358
557,955,1512,0.13306616088259107
551,958,1509,0.13309860077866337
553,957,1510,0.13314143676440574
560,968,1528,0.13317649568445813
564,965,1529,0.133195384958174
567,965,1532,0.1332007001874875
569,955,1524,0.1331986325981694
561,943,1504,0.13318992512098413
562,938,1500,0.13320166735860897
569,932,1501,0.1332120502745585
570,934,1504,0.13320473004710826
566,928,1494,0.13319588372951074
563,935,1498,0.13319636524241119
557,930,1487,0.1332031278364911
562,941,1503,0.13322408560397184
559,944,1503,0.13323250651485735
564,943,1507,0.13324997544040743
557,945,1502,0.1332534059143512
547,946,1493,0.13327404061656584
548,957,1505,0.13331745740658443
549,950,1499,0.13335558642871287
550,950,1500,0.1333879515267552
554,954,1508,0.1334162532567191
548,953,1501,0.1334335620945585
541,961,1502,0.13346362952824947
540,966,1506,0.1335071913969184
551,970,1521,0.1335524907344098
550,966,1516,0.13356715184592732
554,962,1516,0.1335841808859211
550,952,1502,0.13359048828994638
544,961,1505,0.13360253987564813
538,973,1511,0.13362707110609087
534,973,1507,0.13366386264707805
532,976,1508,0.13370857544997083
529,972,1501,0.1337562759952818
527,974,1501,0.13380892982298712
529,977,1506,0.133861763629077
528,975,1503,0.13390667799448727
517,978,1495,0.13395050582960555
520,981,1501,0.1340184606399083
523,980,1503,0.13407492113531766
525,987,1512,0.13411914052540225
522,982,1504,0.13415520123342087
518,980,1498,0.1341967375525629
518,988,1506,0.13424390961517557
517,982,1499,0.13428715124780088
513,976,1489,0.13432754124224933
514,976,1490,0.13437634284817887
507,976,1483,0.1344203466350195
510,985,1495,0.1344771518752512
513,990,1503,0.1345236186368586
521,1003,1524,0.13456150251328675
519,1001,1520,0.13457621168592326
518,997,1515,0.13459477998474395
525,987,1512,0.1346168716325277
519,994,1513,0.13462019146185042
519,994,1513,0.13463660445183578
519,992,1511,0.13465270698963522
518,992,1510,0.13466804486261
515,1000,1515,0.13468245537541276
517,994,1511,0.1347033553796434
517,997,1514,0.1347161584822643
517,999,1516,0.13472910701313714
509,988,1497,0.13474257866739478
519,996,1515,0.1347739364147866
526,1002,1528,0.13477949340282894
524,999,1523,0.1347669241560653
522,983,1505,0.13475919358120686
518,986,1504,0.1347561687852111
522,987,1509,0.1347636637052251
522,986,1508,0.1347616243263332
519,986,1505,0.13475971419944874
519,992,1511,0.134763745015118
519,996,1515,0.13476787033403229
514,996,1510,0.13476955910282595
524,998,1522,0.13478344821423507
525,995,1520,0.13477223100222216
520,982,1502,0.13476080207104965
509,980,1489,0.13476002552405794
517,974,1491,0.13478572604852349
515,971,1486,0.13478918920783245
511,984,1495,0.1347991966172557
515,985,1500,0.13481938313866132
519,1002,1521,0.13482848427152963
525,998,1523,0.13482756697646917
514,992,1506,0.1348146355901387
507,990,1497,0.13482790109758758
504,991,1495,0.13485604940419413
505,995,1500,0.13489072364834342
508,993,1501,0.1349210318993603
505,1010,1515,0.13494093574406335
500,1008,1508,0.13496480632100652
495,1010,1505,0.1349990138853556
492,1008,1500,0.13504376364562215
496,1017,1513,0.13509354510275587
496,1018,1514,0.1351288695305886
498,1000,1498,0.1351617376053339
493,1010,1503,0.1351856599845579
487,1012,1499,0.13521898857792514
489,1007,1496,0.13526540158625966
491,1012,1503,0.13530481692283117
501,1007,1508,0.13533442377332483
500,1022,1522,0.13533804812395567
495,1027,1522,0.13534430057469307
493,1028,1521,0.13536213540615447
488,1025,1513,0.13538470424316032
492,1032,1524,0.13541829121497959
489,1024,1513,0.13544112254789817
483,1026,1509,0.13547056394125914
481,1030,1511,0.13551178102169073
486,1024,1510,0.13555447472340623
482,1034,1516,0.13558157143717117
485,1028,1513,0.13561604259398444
482,1041,1523,0.13564086261322403
472,1044,1516,0.13567134901503666
471,1041,1512,0.13572376371257758
468,1041,1509,0.13577495498992223
467,1042,1509,0.1358291567146848
465,1040,1505,0.13588283635691467
460,1050,1510,0.13593903336683408
460,1060,1520,0.1360038289194378
452,1045,1497,0.1360632268859196
455,1048,1503,0.1361362225593902
457,1049,1506,0.13619742731932558
463,1040,1503,0.13624759764601346
463,1043,1506,0.1362788959665134
460,1040,1500,0.13631021677150268
468,1040,1508,0.13634539654834252
467,1051,1518,0.1363599187070579
471,1044,1515,0.13637601505989544
470,1044,1514,0.13638187340651806
478,1047,1525,0.1363859194175816
480,1036,1516,0.13637100284319073
483,1039,1522,0.1363491429421011
476,1040,1516,0.13632189974078088
478,1044,1522,0.13631481363802403
468,1035,1503,0.13630314684142664
473,1044,1517,0.13631622793383397
479,1039,1518,0.1363154138362271
477,1043,1520,0.13629885463932678
475,1033,1508,0.13629047086418328
469,1029,1498,0.1362902995583251
473,1035,1508,0.13630475214818114
473,1037,1510,0.13631018887139898
476,1041,1517,0.13631552576985084
472,1037,1509,0.13631218342013335
477,1052,1529,0.1363209587611145
479,1043,1522,0.13631606229988058
472,1048,1520,0.13630769368976137
470,1051,1521,0.13631802402356846
466,1049,1515,0.13633458982071608
466,1046,1512,0.13635956336903476
461,1053,1514,0.13638241303119936
462,1041,1503,0.13641546759945902
459,1037,1496,0.13644477756233236
457,1046,1503,0.1364804099019312
457,1040,1497,0.1365171656856726
462,1042,1504,0.1365504396270791
465,1034,1499,0.13656749848069277
454,1029,1483,0.1365761222130811
463,1036,1499,0.13661110244134975
469,1040,1509,0.13662016638606128
458,1048,1506,0.13661300017933548
457,1060,1517,0.13663285930666227
451,1059,1510,0.13665583159739647
447,1056,1503,0.13669090470311912
439,1051,1490,0.13672972914967696
435,1055,1490,0.13678479858859177
445,1054,1499,0.13684674014115153
445,1050,1495,0.13688296772485298
443,1053,1496,0.13691661558500268
445,1059,1504,0.13695152651939035
449,1060,1509,0.13698012820506078
447,1057,1504,0.13699664154217822
451,1067,1518,0.13701769330434976
444,1060,1504,0.1370284661369903
440,1062,1502,0.13705515715449854
434,1062,1496,0.13708884629180815
434,1062,1496,0.13713566932273863
437,1067,1504,0.13718145412032834
435,1069,1504,0.1372170196307837
430,1069,1499,0.1372557984796381
421,1074,1495,0.13730365573830233
421,1081,1502,0.13736818239540646
420,1088,1508,0.1374265708081078
421,1075,1496,0.1374850185700341
419,1084,1503,0.13753784593944485
418,1084,1502,0.13759215070075287
418,1087,1505,0.1376453340525561
425,1088,1513,0.1376938999229792
419,1083,1502,0.13772459294314923
416,1072,1488,0.1377660905884199
405,1084,1489,0.1378140938609084
410,1084,1494,0.13788319298263035
410,1088,1498,0.13793755016814152
405,1092,1497,0.13798861629257778
395,1095,1490,0.13804621666952216
400,1106,1506,0.13812495315183565
412,1099,1511,0.13818587062627813
411,1111,1522,0.1382144317054079
414,1109,1523,0.13824466237127875
414,1105,1519,0.1382660145181055
416,1103,1519,0.13828641303171604
413,1109,1522,0.13830044408000663
415,1097,1512,0.13832178669338802
412,1096,1508,0.13833685420385017
413,1097,1510,0.13835898060621538
420,1092,1512,0.13837636415863966
422,1107,1529,0.13837503002798057
422,1109,1531,0.1383697096624514
417,1095,1512,0.13836633754154704
409,1104,1513,0.13837619363692383
411,1107,1518,0.1384045478540996
412,1110,1522,0.1384267796980149
410,1110,1520,0.13844397611716924
405,1110,1515,0.1384656682835733
402,1116,1518,0.13849673840262675
407,1115,1522,0.13853345778034626
406,1125,1531,0.13855508511745168
392,1119,1511,0.13857873170685514
390,1119,1509,0.13863475482899917
386,1119,1505,0.13869143016152435
392,1120,1512,0.1387549359748604
393,1122,1515,0.13880163174883944
390,1115,1505,0.13884352527733543
385,1124,1509,0.1388893992889631
386,1138,1524,0.13894406623845348
388,1125,1513,0.138992464863358
390,1136,1526,0.13903225733848512
390,1137,1527,0.1390651111441388
391,1140,1531,0.13909344021710748
400,1132,1532,0.13911793765346295
396,1135,1531,0.13911848660563414
394,1121,1515,0.1391274392040454
392,1104,1496,0.1391399118026821
392,1116,1508,0.13915645680384794
397,1123,1520,0.13917247513100947
391,1124,1515,0.13917523026026235
390,1114,1504,0.1391931252015048
383,1116,1499,0.139215216441515
392,1130,1522,0.13925251957347626
388,1136,1524,0.1392661058667599
383,1137,1520,0.13928703250494492
380,1130,1510,0.1393184658572257
380,1134,1514,0.13935503078889921
374,1139,1513,0.1393908316022698
370,1150,1520,0.1394374848729946
378,1159,1537,0.13949022253804205
373,1167,1540,0.13952093903434692
370,1162,1532,0.139563356566783
371,1155,1526,0.13961005329412055
372,1150,1522,0.13965249839273197
370,1144,1514,0.139688146759634
368,1136,1504,0.13972538352479583
374,1142,1516,0.13976443242466557
374,1146,1520,0.13978594804166433
378,1147,1525,0.1398047373174393
374,1133,1507,0.1398128385259543
379,1131,1510,0.13983204759612744
381,1136,1517,0.1398367970339898
378,1127,1505,0.1398349714053759
372,1131,1503,0.13983918821611602
372,1136,1508,0.13985733895421718
371,1135,1506,0.13987602464998145
369,1144,1513,0.13989649704518295
362,1146,1508,0.13991909742302286
365,1147,1512,0.139957544066671
363,1152,1515,0.1399867252620605
360,1150,1510,0.14001866020284276
364,1132,1496,0.14005714228233465
362,1140,1502,0.14008454827388164
367,1147,1514,0.14011505296889698
367,1154,1521,0.14013236311193158
370,1142,1512,0.14014861976030762
364,1150,1514,0.140157424381066
366,1144,1510,0.1401788027737395
362,1142,1504,0.14019303078629247
361,1144,1505,0.14021563665085182
368,1143,1511,0.14023962021901934
367,1136,1503,0.1402457835304024
366,1142,1508,0.14025293839968628
362,1144,1506,0.14026223405968216
355,1151,1506,0.14028159768798554
356,1137,1493,0.14031545446041874
355,1141,1496,0.1403444922536955
358,1141,1499,0.14037169107850614
363,1134,1497,0.1403911376795883
360,1141,1501,0.14039536573229214
361,1144,1505,0.1404071653534516
359,1144,1503,0.14041374234672763
355,1139,1494,0.14042298657206187
359,1145,1504,0.140442862647065
357,1149,1506,0.1404528447699569
366,1146,1512,0.14046831001352658
361,1144,1505,0.14046116830289038
360,1150,1510,0.1404649174416492
361,1156,1517,0.14047164862298203
359,1144,1503,0.14047384667547178
356,1144,1500,0.14048107423149883
360,1147,1507,0.14049623922335777
356,1157,1513,0.1405010816499411
350,1160,1510,0.14051482727682554
355,1157,1512,0.14054305249009413
354,1162,1516,0.14055815087991191
352,1160,1512,0.14057393680991304
360,1161,1521,0.1405942416746601
357,1161,1518,0.14059435683542357
356,1154,1510,0.1406008972634733
357,1160,1517,0.14060823909950265
355,1153,1508,0.1406137330399282
359,1161,1520,0.14062165822200534
356,1171,1527,0.14062178467750427
350,1163,1513,0.14063009681003988
350,1161,1511,0.1406521740756849
350,1155,1505,0.14067442746144676
352,1159,1511,0.14069485588210665
354,1161,1515,0.14070984286778962
357,1166,1523,0.14071966384302723
356,1171,1527,0.14072098698894403
354,1178,1532,0.14072502706461168
360,1168,1528,0.14073218693286388
355,1157,1512,0.1407241031972124
348,1166,1514,0.14072999049537782
343,1161,1504,0.1407523569440408
343,1160,1503,0.14078608154124633
343,1157,1500,0.14081884840323078
336,1161,1497,0.1408506838524652
330,1157,1487,0.14089464895378487
338,1157,1495,0.14094959586038833
343,1156,1499,0.14097987933833708
345,1159,1504,0.14099604944395894
330,1169,1499,0.14100598942980927
325,1181,1506,0.14105172818394354
331,1178,1509,0.14110663608999052
338,1186,1524,0.14114399018900975
340,1176,1516,0.14116279705477658
340,1173,1513,0.1411741196468867
341,1178,1519,0.14118587325334012
336,1175,1511,0.14119404745768477
332,1191,1523,0.14121230105864402
329,1185,1514,0.14124002574021202
326,1180,1506,0.1412740683220341
333,1175,1508,0.14131427399492744
331,1172,1503,0.14133331131489058
331,1172,1503,0.14135341702976326
337,1174,1511,0.14137411083300555
338,1176,1514,0.14137937956836816
335,1182,1517,0.1413819988752771
325,1196,1521,0.14139074601531218
327,1186,1513,0.14142268481648906
329,1181,1510,0.14144929971423978
327,1195,1522,0.14146902052376364
318,1183,1501,0.14149274165066925
322,1191,1513,0.1415345001687448
326,1187,1513,0.1415626410364792
322,1187,1509,0.14157937178019944
320,1193,1513,0.14160341013280392
326,1190,1516,0.14162925451978725
317,1190,1507,0.14163918189317168
315,1189,1504,0.1416699962672334
317,1181,1498,0.1417034580218597
325,1183,1508,0.14173068074406717
317,1189,1506,0.14173593825102948
319,1190,1509,0.14175992957466987
316,1195,1511,0.14177703368733272
315,1191,1506,0.141800183346748
315,1186,1501,0.14182641511078997
314,1185,1499,0.14184858454109975
319,1195,1514,0.14187306428626248
314,1190,1504,0.1418848678561735
316,1190,1506,0.1419060942256768
315,1188,1503,0.14192306504697094
317,1184,1501,0.14194157228937113
316,1192,1508,0.14195383660302086
311,1200,1511,0.1419661599400059
306,1193,1499,0.1419901976274719
306,1189,1495,0.1420251345538637
303,1188,1491,0.14205857181608214
308,1199,1507,0.14209846763474684
306,1213,1519,0.14212337912429437
304,1220,1524,0.14215222905820396
304,1222,1526,0.14218456772295868
307,1208,1515,0.14221332856241933
307,1209,1516,0.14223032384762185
301,1206,1507,0.14224524363806676
306,1201,1507,0.142274972225682
303,1197,1500,0.14229163673108886
303,1217,1520,0.14231554329710783
300,1217,1517,0.14233681608802798
304,1223,1527,0.14236420886059156
309,1206,1515,0.14237974021755054
304,1211,1515,0.14237972812922878
300,1219,1519,0.14239066631626124
302,1223,1525,0.1424104373552092
300,1213,1513,0.14242396199634041
301,1215,1516,0.14244319636557048
301,1219,1520,0.1424596792479343
301,1208,1509,0.14247396412181193
305,1219,1524,0.14248534732582896
304,1207,1511,0.1424873869674952
305,1215,1520,0.14249179226524003
309,1224,1533,0.14249481236890474
309,1226,1535,0.14248866645551583
311,1212,1523,0.1424826449262803
304,1211,1515,0.14247096636960702
297,1209,1506,0.14247777544661766
300,1213,1513,0.14250140027114905
298,1221,1519,0.1425175072511312
301,1224,1525,0.14253753251073673
295,1237,1532,0.14254905455009978
300,1231,1531,0.14257562435189428
295,1223,1518,0.1425859738601305
287,1218,1505,0.1426086752194464
287,1221,1508,0.14264985559381793
282,1209,1491,0.14268506454650803
282,1214,1496,0.1427320108458889
276,1222,1498,0.14277528778814683
270,1225,1495,0.14282859359369354
270,1226,1496,0.14289315954422796
268,1239,1507,0.14295239762893994
270,1230,1500,0.143013185362963
268,1241,1509,0.14306630577223206
262,1251,1513,0.1431210168841394
261,1248,1509,0.14318622079394028
257,1245,1502,0.14324834019917518
261,1234,1495,0.14331628694110232
271,1242,1513,0.1433697688817261
262,1243,1505,0.14339546786659058
259,1241,1500,0.14344178155908305
264,1245,1509,0.14349211901588727
264,1247,1511,0.14352762324705226
263,1239,1502,0.14356004582635376
258,1240,1498,0.14359197801462206
256,1243,1499,0.14363445215118698
257,1252,1509,0.143677414939638
260,1252,1512,0.14371332714902818
261,1252,1513,0.14374138404149184
259,1254,1513,0.14376467162023507
260,1250,1510,0.1437914019838962
262,1249,1511,0.1438162002059644
261,1261,1522,0.14383475650715602
261,1252,1513,0.1438555345939524
266,1244,1510,0.14387642671208387
270,1252,1522,0.14388252206172375
268,1260,1528,0.14387870996574545
266,1261,1527,0.14388149054830504
261,1249,1510,0.1438898060635511
264,1252,1516,0.14391020915988306
265,1257,1522,0.14392091647899474
259,1258,1517,0.14392887488446543
257,1264,1521,0.14395218893407644
255,1255,1510,0.14397919376067325
258,1255,1513,0.14400845493947367
253,1255,1508,0.14402859654845515
255,1258,1513,0.14406078635175903
255,1252,1507,0.14408575615404448
254,1268,1522,0.14410922050044006
258,1253,1511,0.14413281240979814
253,1259,1512,0.14414534673535567
258,1252,1510,0.14416908905433357
257,1252,1509,0.14417704012631705
251,1255,1506,0.1441857237770899
253,1263,1516,0.14420919539556082
251,1267,1518,0.144227927358416
250,1261,1511,0.14425135726766636
244,1266,1510,0.1442754022204036
240,1273,1513,0.14431150331808107
242,1280,1522,0.14435460853880674
241,1278,1519,0.14439027752736278
245,1272,1517,0.1444254024985517
243,1275,1518,0.14444806163807855
246,1279,1525,0.14447454344332505
236,1271,1507,0.1444911323268176
236,1271,1507,0.14453265913463906
230,1271,1501,0.14457264673920955
229,1271,1500,0.14462494872487627
232,1277,1509,0.1446767840235479
235,1265,1500,0.1447176165852621
235,1271,1506,0.1447476963559582
235,1275,1510,0.1447757798103401
233,1271,1504,0.14480350965657662
232,1282,1514,0.14483414443391252
231,1280,1511,0.14486494673898684
227,1266,1493,0.14489497332953025
222,1261,1483,0.14493128689455703
225,1269,1494,0.1449783325599825
218,1286,1504,0.14501519078094824
218,1301,1519,0.1450667009680546
218,1295,1513,0.14511317321145004
221,1307,1528,0.1451571276937215
215,1307,1522,0.14519080678663093
209,1304,1513,0.145236572544664
208,1314,1522,0.14529547111306507
206,1323,1529,0.14535355670320288
205,1312,1517,0.1454119210941247
206,1320,1526,0.14546967986748136
208,1325,1533,0.1455199803652174
205,1314,1519,0.14556079829704058
206,1313,1519,0.1456074173444455
204,1314,1518,0.14564865458446086
202,1313,1515,0.1456931048835874
204,1326,1530,0.14573796361610508
203,1317,1520,0.145774412043545
205,1311,1516,0.14581171255091704
196,1315,1511,0.14584171337022228
194,1323,1517,0.14589243082481146
197,1329,1526,0.145945845226659
195,1325,1520,0.145989735967809
196,1312,1508,0.1460353547025496
197,1308,1505,0.14607578311921451
194,1320,1514,0.1461119281502043
196,1309,1505,0.14615175750702403
191,1317,1508,0.14618473021568476
190,1327,1517,0.14622691310106908
188,1311,1499,0.14626939018054635
189,1319,1508,0.14631178422376503
185,1324,1509,0.1463499285772554
188,1330,1518,0.14639412440676325
190,1337,1527,0.14642800587353605
185,1337,1522,0.14645492025175164
186,1336,1522,0.1464926312884249
182,1342,1524,0.14652536293886942
182,1355,1537,0.14656474484034412
180,1350,1530,0.14660231115651942
184,1329,1513,0.14664235787166469
185,1337,1522,0.14666910431360766
189,1326,1515,0.14669072282518772
186,1330,1516,0.14670093293114045
188,1336,1524,0.14671812779781862
187,1346,1533,0.14673038519728543
183,1327,1510,0.14674425939375255
180,1333,1513,0.14676683830430404
178,1339,1517,0.14679602791057444
179,1333,1512,0.1468273415134512
181,1329,1510,0.14685402975543413
179,1340,1519,0.1468737796999678
180,1337,1517,0.14689605606606318
191,1329,1520,0.14691438004567225
193,1337,1530,0.14690189985413918
192,1330,1522,0.14688549206761337
183,1334,1517,0.1468720979837664
186,1331,1517,0.146881158207513
185,1331,1516,0.14688201989790678
187,1333,1520,0.14688556593621793
191,1334,1525,0.14688299850203584
184,1344,1528,0.14687035545981086
181,1344,1525,0.14687707839276537
181,1344,1525,0.1468914086970415
184,1338,1522,0.14690573489065617
189,1334,1523,0.14691220651412162
191,1336,1527,0.14690253291114982
193,1324,1517,0.14688916363643606
192,1324,1516,0.14687247889041088
193,1337,1530,0.14685799535400518
191,1326,1517,0.1468409998657226
193,1335,1528,0.146832003152766
191,1337,1528,0.14681923204426614
189,1339,1528,0.14681364819128143
190,1338,1528,0.14681255181262295
187,1329,1516,0.146809428743426
184,1334,1518,0.14681443395393168
186,1333,1519,0.14682777693763266
190,1336,1526,0.14683486214126493
187,1333,1520,0.14683205503915261
186,1343,1529,0.14683772347691104
188,1340,1528,0.14684592318518866
190,1337,1527,0.14684758276182439
192,1333,1525,0.1468436219351454
189,1333,1522,0.14683577326750877
192,1336,1528,0.14683491099209844
190,1341,1531,0.14682647756470502
196,1331,1527,0.14682435131119367
195,1325,1520,0.1468082426660847
196,1326,1522,0.146796227690936
197,1333,1530,0.14678222678917013
200,1324,1524,0.14676720026444642
195,1325,1520,0.14674452799497434
192,1323,1515,0.14673728308004455
192,1341,1533,0.14673843408882883
190,1336,1526,0.14673855782163683
188,1329,1517,0.14674499498579463
185,1332,1517,0.14675513567772405
180,1329,1509,0.14677050496805177
183,1335,1518,0.14679848467604242
183,1334,1517,0.14681783392853112
179,1336,1515,0.1468373537077034
180,1336,1516,0.14686341495868993
179,1328,1507,0.14688389577505084
176,1338,1514,0.14690484530007178
174,1345,1519,0.14693356327988877
174,1344,1518,0.14696412245148227
174,1348,1522,0.14699301992716518
175,1333,1508,0.1470208072163882
173,1338,1511,0.14704470147810578
170,1333,1503,0.14707234656697046
171,1345,1516,0.14710499916276884
170,1341,1511,0.14713366315620888
165,1347,1512,0.14716378081583115
165,1349,1514,0.1472028648412542
168,1335,1503,0.14723837307734722
168,1348,1516,0.1472639880140547
168,1357,1525,0.14728754501758778
167,1349,1516,0.1473083851827854
166,1349,1515,0.14733095073934277
163,1364,1527,0.14735460160787317
164,1354,1518,0.14738383294699972
164,1352,1516,0.1474086051959715
166,1340,1506,0.14743003705935626
167,1339,1506,0.1474444890767888
170,1335,1505,0.14745595109316284
169,1342,1511,0.1474600125831761
171,1353,1524,0.14746800304143698
164,1349,1513,0.14747033919399577
166,1354,1520,0.14749103224799942
166,1356,1522,0.147502725346473
163,1353,1516,0.14751319916153777
163,1355,1518,0.14753150488917002
164,1360,1524,0.14754826014982286
159,1355,1514,0.14756244345625938
159,1353,1512,0.14758806150122414
158,1358,1516,0.147612575541528
157,1369,1526,0.1476378237327134
157,1366,1523,0.1476646458627175
157,1362,1519,0.14769022086408765
152,1354,1506,0.1477142718026494
149,1352,1501,0.14774737828153575
154,1369,1523,0.1477863998987962
154,1371,1525,0.14781097087016412
156,1358,1514,0.14783385772323762
156,1363,1519,0.14785041193158896
152,1370,1522,0.1478664804264618
151,1372,1523,0.14789222012071546
151,1354,1505,0.1479188965573321
149,1361,1510,0.14794443256360934
145,1366,1511,0.14797327239823588
145,1370,1515,0.14801037764360472
140,1371,1511,0.14804400818000327
144,1383,1527,0.14808668005131062
144,1372,1516,0.14811631930322472
143,1365,1508,0.148144004915658
141,1371,1512,0.1481723442163727
144,1360,1504,0.14820417465488467
149,1362,1511,0.14822595573277855
140,1365,1505,0.14823303258269133
143,1372,1515,0.14826152873282256
145,1368,1513,0.1482792791100408
146,1373,1519,0.14829037343556223
144,1384,1528,0.14829751814588488
146,1378,1524,0.14830967116143853
144,1376,1520,0.148316430230934
142,1375,1517,0.14832801362115272
139,1372,1511,0.14834390242000275
138,1373,1511,0.14836705503048372
134,1382,1516,0.14839184094546784
135,1392,1527,0.14842625547800486
132,1391,1523,0.14845608396645982
131,1392,1523,0.14849209069016223
129,1389,1518,0.1485257464399331
128,1387,1515,0.1485624382161634
127,1379,1506,0.14859866978612712
124,1391,1515,0.14863590611854158
119,1398,1517,0.148677232941795
117,1397,1514,0.1487262939535702
116,1397,1513,0.14877773249621537
118,1400,1518,0.14882934003917753
120,1410,1530,0.14887349310722015
119,1395,1514,0.14890805738605212
118,1400,1518,0.14894299229359756
117,1392,1509,0.1489797000704517
119,1393,1512,0.14901678021125836
116,1400,1516,0.14904573960051123
109,1395,1504,0.14907995843274505
113,1406,1519,0.14912974968169915
112,1406,1518,0.14916520564533756
110,1391,1501,0.14920126834590702
110,1406,1516,0.14924074565410622
112,1414,1526,0.14927848848062045
110,1406,1516,0.14930755594494177
111,1408,1519,0.14934119866182555
109,1418,1527,0.14937010170989115
113,1398,1511,0.14940267585615338
111,1398,1509,0.14942148387665158
110,1387,1497,0.14944479003459463
110,1389,1499,0.14946884284850806
112,1400,1512,0.14949155148553273
112,1400,1512,0.14950638455091628
111,1406,1517,0.149520406880461
111,1414,1525,0.14953670274534908
109,1417,1526,0.14955232058630533
107,1412,1519,0.14957179729942752
102,1402,1504,0.14959475270409597
103,1414,1517,0.1496284128544695
103,1404,1507,0.14965760098444023
103,1391,1494,0.14968435566305133
107,1398,1505,0.1497079810610716
107,1388,1495,0.14971980089474
108,1397,1505,0.14973030784082147
105,1409,1514,0.14973772331443963
102,1411,1513,0.14975275678789365
106,1405,1511,0.1497746289886109
105,1403,1508,0.14978459808785355
105,1417,1522,0.14979718774785233
103,1416,1519,0.14980937572979752
100,1412,1512,0.14982663025004217
102,1412,1514,0.14984999015863804
102,1417,1519,0.14986769129320193
101,1418,1519,0.14988516650926825
103,1420,1523,0.14990471765887928
104,1415,1519,0.14991716234391342
107,1416,1523,0.1499263865348942
104,1404,1508,0.1499268535619015
105,1405,1510,0.14993532009201066
107,1407,1514,0.14994131875292976
103,1409,1512,0.14994051272316958
103,1407,1510,0.14994979069065406
102,1401,1503,0.14995854259293032
102,1397,1499,0.14996991128258247
101,1402,1503,0.1499803458044208
103,1405,1508,0.14999079229592585
101,1413,1514,0.14999439399530068
103,1412,1515,0.15000199494110694
102,1405,1507,0.15000371586141603
99,1410,1509,0.1500087903533676
99,1418,1517,0.1500209036305747
96,1424,1520,0.15003220380853344
97,1427,1524,0.1500492627538858
96,1423,1519,0.1500632273812738
97,1416,1513,0.1500783638449877
99,1422,1521,0.15009064128486846
104,1411,1515,0.15009660623258533
105,1423,1528,0.15008963385126223
103,1419,1522,0.15008091769043957
101,1413,1514,0.15007903774150136
97,1416,1513,0.1500829051473221
98,1428,1526,0.15009688671941845
97,1420,1517,0.1501060155734098
97,1416,1513,0.1501175264484699
95,1425,1520,0.1501296423807151
96,1414,1510,0.15014692266485694
97,1417,1514,0.15015983244669243
98,1414,1512,0.1501687908269134
97,1425,1522,0.15017509126004602
99,1420,1519,0.15018303059186905
97,1409,1506,0.15018440314679424
98,1402,1500,0.15019074203585434
93,1407,1500,0.1501932074376448
92,1407,1499,0.15020868832476267
93,1422,1515,0.15022579901956962
89,1424,1513,0.15023899963570087
91,1423,1514,0.15026072919298472
94,1421,1515,0.15027690320275344
90,1427,1517,0.15028426740942422
88,1423,1511,0.15030095661525988
90,1418,1508,0.15032196253235625
93,1439,1532,0.15033611661683188
90,1444,1534,0.15034134368772395
92,1437,1529,0.1503543695558391
89,1431,1520,0.15036055595472864
86,1418,1504,0.150374007732123
84,1415,1499,0.15039460660886125
85,1418,1503,0.15041911691584228
84,1418,1502,0.15043878025228022
85,1422,1507,0.15046033606205383
83,1436,1519,0.1504779810487012
84,1419,1503,0.15049909277937645
82,1429,1511,0.15051577033626984
82,1436,1518,0.1505364954741419
83,1436,1519,0.15055690109539283
81,1440,1521,0.15057281867452774
84,1432,1516,0.15059249185739257
88,1428,1516,0.15060320785945472
89,1433,1522,0.1506024559891569
89,1436,1525,0.15059983449054545
90,1441,1531,0.15059707791215354
88,1447,1535,0.1505925907824305
86,1435,1521,0.1505938338992374
86,1441,1527,0.1506005842515677
83,1447,1530,0.15060723924168148
83,1452,1535,0.15062092297437008
83,1452,1535,0.1506342494584447
83,1434,1517,0.15064699124653108
83,1430,1513,0.15065983516479792
82,1427,1509,0.15067177238445115
81,1423,1504,0.15068524815236858
82,1425,1507,0.1507002696367768
81,1420,1501,0.15071120288715328
78,1437,1515,0.15072477463994002
78,1437,1515,0.1507452984423197
77,1445,1522,0.15076446173036573
76,1428,1504,0.15078555626841536
76,1421,1497,0.1508082563313728
77,1424,1501,0.15082839441087653
81,1431,1512,0.15084512224128613
82,1435,1517,0.15084908182732323
81,1429,1510,0.15084987578669487
81,1437,1518,0.15085255500229233
83,1444,1527,0.15085529002612919
82,1445,1527,0.15085098421082602
86,1447,1533,0.15085131289972153
86,1436,1522,0.1508401739161113
85,1436,1521,0.15082945738239575
86,1432,1518,0.15082215128324603
84,1439,1523,0.15081400576657664
82,1418,1500,0.15081181979228206
85,1429,1514,0.1508147424072562
84,1426,1510,0.15081017066642743
88,1426,1514,0.15080815437340347
86,1416,1502,0.15079435181263623
87,1421,1508,0.1507872816122945
82,1426,1508,0.1507784493468416
82,1443,1525,0.15078239171616448
81,1431,1512,0.1507871097239348
83,1425,1508,0.15079416624612452
86,1421,1507,0.15079545945496384
88,1419,1507,0.15078883713444288
87,1417,1504,0.15077728013606542
86,1414,1500,0.1507702949589722
83,1433,1516,0.1507672120390245
82,1428,1510,0.15077229102595552
81,1442,1523,0.15077858540561132
82,1431,1513,0.1507868982137736
82,1441,1523,0.1507926106151083
82,1438,1520,0.15079801080685584
82,1434,1516,0.1508030156478945
76,1435,1511,0.1508075456616308
77,1438,1515,0.15082640960649144
79,1437,1516,0.15084152015058275
81,1446,1527,0.15084970643622622
82,1449,1531,0.15085241283895698
80,1449,1529,0.1508516167768046
82,1447,1529,0.15085645184938654
81,1433,1514,0.1508547696083176
82,1421,1503,0.15085567013708817
81,1427,1508,0.15085343168060192
83,1431,1514,0.15085477987946752
80,1446,1526,0.1508517177219372
78,1439,1517,0.15085706799798132
75,1435,1510,0.15086800427401012
74,1433,1507,0.15088642758744933
71,1431,1502,0.15090655859536
70,1437,1507,0.1509327582338431
70,1435,1505,0.15096012857602978
69,1450,1519,0.1509857825054706
68,1460,1528,0.1510116468009276
68,1469,1537,0.15103871145636916
67,1464,1531,0.15106360375777225
65,1453,1518,0.1510889528549325
61,1466,1527,0.1511180158438044
65,1463,1528,0.15115502326655902
66,1453,1519,0.15117907926821877
66,1457,1523,0.15119972300766363
66,1453,1519,0.15121922944350152
70,1454,1524,0.151237309439515
71,1452,1523,0.15124234832454683
69,1442,1511,0.15124370583666985
68,1454,1522,0.15125037049622392
67,1444,1511,0.1512599240243151
69,1439,1508,0.1512711049862969
70,1453,1523,0.15127717784244107
68,1465,1533,0.15128039572810395
68,1467,1535,0.15128891147870538
68,1462,1530,0.15129746477218597
67,1459,1526,0.15130576541799512
68,1462,1530,0.1513161245520881
68,1467,1535,0.15132211115483762
67,1459,1526,0.15132827045593916
67,1458,1525,0.15133621056521285
69,1460,1529,0.15134305506438955
69,1465,1534,0.15134452869534676
69,1460,1529,0.15134586436277078
70,1462,1532,0.15134697737826974
71,1455,1526,0.15134606667419986
72,1458,1530,0.1513421151592054
71,1455,1526,0.1513352938591349
73,1452,1525,0.15133212011067118
70,1451,1521,0.15132362442832142
70,1453,1523,0.151323815407895
74,1433,1507,0.15132403724850021
72,1430,1502,0.15131271474685537
73,1428,1501,0.15130726260148872
72,1438,1510,0.1512985600475109
71,1438,1509,0.1512938772389572
73,1439,1512,0.1512928990734534
75,1443,1518,0.15128695494900182
76,1443,1519,0.15127587319802263
76,1444,1520,0.1512633412531096
75,1426,1501,0.15125073996951577
75,1437,1512,0.15124161726582475
75,1439,1514,0.15123356803257976
77,1430,1507,0.1512266226077077
80,1439,1519,0.1512143571357081
83,1428,1511,0.15119571637831758
83,1429,1512,0.15117053383156262
81,1426,1507,0.15114678699183345
80,1443,1523,0.15113053875506932
79,1457,1536,0.15111874908785944
78,1451,1529,0.1511106516547265
75,1449,1524,0.1511062743095967
75,1443,1518,0.15111009082428248
73,1451,1524,0.15111382739431753
74,1445,1519,0.15112304124098316
76,1453,1529,0.1511292902440401
72,1434,1506,0.1511288212055028
72,1445,1517,0.15113794449917892
70,1446,1516,0.15114656379379432
70,1437,1507,0.1511586866338654
69,1450,1519,0.1511707398249676
69,1437,1506,0.1511850659023447
68,1442,1510,0.1511988767096877
64,1441,1505,0.151214181733916
64,1438,1502,0.15123866790034568
62,1436,1498,0.1512615591532031
61,1444,1505,0.15128831257653247
64,1442,1506,0.15131635538345542
64,1447,1511,0.15133379661930507
67,1434,1501,0.15134964651348262
71,1439,1510,0.15135402445386537
72,1444,1516,0.1513471775397533
72,1434,1506,0.15133678858773725
72,1449,1521,0.1513280944739248
73,1442,1515,0.15132038583009477
71,1444,1515,0.15131045699855428
70,1439,1509,0.1513065501460465
73,1437,1510,0.15130670662950685
74,1432,1506,0.15129908809789272
74,1429,1503,0.15129061437740618
76,1434,1510,0.15128251515785407
76,1439,1515,0.15127026429995807
75,1433,1508,0.15125980616861961
71,1447,1518,0.15125171985513325
71,1438,1509,0.15125317154111503
74,1446,1520,0.1512548004498162
72,1442,1514,0.15124944963488535
71,1446,1517,0.15124888233177294
70,1449,1519,0.1512511139554389
68,1455,1523,0.15125628662800228
67,1461,1528,0.15126653368230758
63,1464,1527,0.15127901417755882
65,1460,1525,0.15130076410175902
67,1469,1536,0.15131601775813314
68,1458,1526,0.1513249815374078
69,1456,1525,0.15133093282844423
70,1425,1495,0.151333810548241
70,1436,1506,0.15133309130087683
67,1446,1513,0.15133327005748934
67,1436,1503,0.15134152108810045
68,1437,1505,0.15134867145189795
70,1433,1503,0.15135354965777614
71,1440,1511,0.15135188731746607
68,1436,1504,0.15134797475826928
68,1439,1507,0.15135183641670508
67,1441,1508,0.15135553100270152
66,1450,1516,0.15136186200785043
67,1438,1505,0.15137014246645009
65,1440,1505,0.15137616603580947
66,1453,1519,0.15138593149752239
64,1449,1513,0.1513926923404213
64,1442,1506,0.15140407966111016
63,1448,1511,0.1514137603452936
62,1448,1510,0.15142591902125996
62,1460,1522,0.15143952952071968
60,1465,1525,0.15145203608218735
65,1458,1523,0.1514690922874442
66,1450,1516,0.15147042898989727
65,1445,1510,0.15146964558420403
66,1446,1512,0.1514715076659915
66,1451,1517,0.15147062670322609
67,1454,1521,0.1514694985444247
67,1464,1531,0.15146580833367676
69,1450,1519,0.15146281143326912
68,1456,1524,0.15145521973627038
64,1448,1512,0.1514508153410715
63,1443,1506,0.15145730421919232
64,1451,1515,0.15146661775278059
60,1446,1506,0.15147285108854244
59,1446,1505,0.15148840699477772
58,1454,1512,0.1515062021861262
57,1455,1512,0.15152562286621596
57,1456,1513,0.15154629758766863
55,1456,1511,0.15156627269521836
54,1459,1513,0.15158977480168667
55,1441,1496,0.15161473167523
59,1450,1509,0.1516358282694311
56,1450,1506,0.15164458113475668
53,1455,1508,0.15165963219863085
54,1459,1513,0.151682240701059
53,1450,1503,0.15169997607151475
50,1451,1501,0.15171935314936832
50,1450,1500,0.151744853565064
46,1452,1498,0.15176933359652503
49,1463,1512,0.1518027274506416
48,1471,1519,0.15182501418774588
47,1465,1512,0.1518488737398588
46,1470,1516,0.1518747459471186
46,1477,1523,0.15190212814853932
46,1471,1517,0.15192816592559347
45,1478,1523,0.15195289794194655
46,1476,1522,0.15197807708038344
43,1480,1523,0.15199958803596508
45,1474,1519,0.1520268930637271
44,1470,1514,0.15204659917846194
45,1472,1517,0.15206790457062866
43,1480,1523,0.15208584112525053
41,1474,1515,0.15210780921371142
41,1469,1510,0.15213348996261108
42,1480,1522,0.15215749798669193
43,1482,1525,0.1521776990141448
44,1473,1517,0.15219389177897016
44,1486,1530,0.1522062547508742
44,1473,1517,0.15221758576116914
44,1475,1519,0.1522280053475058
43,1491,1534,0.15223822546570104
43,1482,1525,0.15224982501458414
42,1480,1522,0.15226038938946912
44,1479,1523,0.1522731398396672
46,1484,1530,0.15227999510179024
44,1481,1525,0.15228124529972256
42,1478,1520,0.1522877353162137
42,1481,1523,0.1522987999683616
42,1492,1534,0.15230876942304566
42,1490,1532,0.1523177786012058
44,1477,1521,0.15232601727248404
43,1472,1515,0.15232884775567201
43,1476,1519,0.15233438325005427
44,1461,1505,0.15234007576395478
44,1465,1509,0.15234316331888123
44,1481,1525,0.15234576135417796
42,1484,1526,0.1523480556086566
43,1482,1525,0.15235541294549018
43,1472,1515,0.15235940698494782
40,1471,1511,0.15236380500054678
39,1466,1505,0.15237545408244849
38,1468,1506,0.1523884654615242
38,1462,1500,0.1524034420145379
40,1474,1514,0.15241781346799
39,1473,1512,0.15242488600373386
36,1489,1525,0.15243437020513767
40,1481,1521,0.15245143320397067
41,1474,1515,0.15245644168890934
43,1472,1515,0.1524590985142418
42,1479,1521,0.15245551512607458
43,1476,1519,0.15245432681246704
43,1485,1528,0.1524498601713799
43,1486,1529,0.15244548977086123
42,1492,1534,0.15244163835522742
44,1479,1523,0.15244004770198988
42,1474,1516,0.15243370814713242
43,1465,1508,0.1524333564216424
43,1474,1517,0.15243111408743062
43,1482,1525,0.15242959934869046
42,1469,1511,0.15242853843553061
43,1467,1510,0.15243057748527342
40,1467,1507,0.1524299825203613
42,1461,1503,0.15243702917638902
42,1469,1511,0.1524380750449966
40,1474,1514,0.1524388712086365
41,1478,1519,0.15244508645644314
40,1487,1527,0.15244827408176245
41,1479,1520,0.15245416221010039
42,1465,1507,0.15245594192015233
41,1481,1522,0.15245484697228023
37,1477,1514,0.1524567574504333
35,1479,1514,0.1524687862627325
37,1475,1512,0.1524851557623538
37,1480,1517,0.15249559326881182
36,1486,1522,0.1525058023934052
34,1486,1520,0.15251808363772326
33,1481,1514,0.1525341726752147
34,1496,1530,0.1525512062057694
34,1487,1521,0.15256435037491756
35,1485,1520,0.15257700559795928
35,1492,1527,0.15258608400709545
33,1498,1531,0.1525950330142792
32,1502,1534,0.15260851845664594
33,1491,1524,0.1526238751806115
32,1486,1518,0.1526354661626589
33,1482,1515,0.15264900811550128
33,1485,1518,0.15265882305314019
34,1485,1519,0.1526684013593143
34,1493,1527,0.15267458373860227
34,1500,1534,0.1526807629533924
33,1499,1532,0.15268689197843036
33,1491,1524,0.15269532739076247
32,1496,1528,0.15270349967290947
31,1493,1524,0.15271220350974146
30,1482,1512,0.15272299761622168
30,1485,1515,0.15273584502715365
29,1486,1515,0.15274734840403306
29,1486,1515,0.15276080757945812
32,1501,1533,0.15277375366841767
33,1496,1529,0.15277660672440832
34,1502,1536,0.15277591776433738
34,1497,1531,0.1527732835234116
32,1487,1519,0.15277142986598913
32,1484,1516,0.15277489283431714
31,1481,1512,0.1527786178150078
33,1475,1508,0.1527849293735503
34,1478,1512,0.1527861994050199
33,1471,1504,0.15278459579653905
32,1495,1527,0.15278580464030886
31,1482,1513,0.15278976870224242
32,1483,1515,0.15279620722068357
33,1490,1523,0.1527994342321846
31,1497,1528,0.15279966762283065
32,1484,1516,0.1528051304456706
31,1490,1521,0.15280749012414876
30,1481,1511,0.1528126020534125
29,1483,1512,0.15282000073494825
30,1491,1521,0.1528296794280261
31,1487,1518,0.1528358376471517
32,1480,1512,0.15283895839202646
31,1469,1500,0.15283840325844442
31,1478,1509,0.15284068536291578
28,1488,1516,0.15284268091289588
28,1488,1516,0.1528524269918606
28,1477,1505,0.15286204580892826
24,1501,1525,0.1528714896319276
24,1487,1511,0.15289028914466374
24,1479,1503,0.15290822878275104
25,1484,1509,0.15292462615556596
25,1500,1525,0.15293768697973303
25,1499,1524,0.1529497428528812
25,1494,1519,0.15296143087852648
26,1495,1521,0.15297272898296724
26,1494,1520,0.15298074662023559
26,1495,1521,0.15298859276878185
24,1499,1523,0.15299623989678332
24,1495,1519,0.1530083754276425
24,1495,1519,0.15301997430317232
25,1492,1517,0.1530308558897258
24,1496,1520,0.15303897958530097
24,1495,1519,0.15304906141976318
24,1506,1530,0.15305866630487855
24,1502,1526,0.15306775930746944
23,1499,1522,0.15307641582981754
23,1505,1528,0.15308691502812125
22,1508,1530,0.15309686309949386
20,1517,1537,0.15310861024043618
22,1501,1523,0.15312438719826013
23,1496,1519,0.1531329392982594
23,1498,1521,0.15313824048806274
22,1487,1509,0.15314350643822328
23,1477,1500,0.1531510828358479
22,1486,1508,0.15315585275398388
21,1491,1512,0.15316289140970912
21,1485,1506,0.15317219313817984
22,1487,1509,0.1531810741476235
22,1481,1503,0.15318633138646753
20,1493,1513,0.1531906867065305
21,1496,1517,0.15319987749467878
22,1495,1517,0.15320625916875982
21,1503,1524,0.15320852066996107
21,1504,1525,0.15321344740594042
20,1510,1530,0.15321838828064444
21,1516,1537,0.15322560978350463
22,1504,1526,0.1532298176037511
22,1491,1513,0.1532304505488188
22,1483,1505,0.15323143225398925
22,1484,1506,0.15323194730031672
21,1486,1507,0.15323282264827146
21,1496,1517,0.1532368081030716
21,1475,1496,0.15324079556694847
22,1483,1505,0.15324475417087022
22,1496,1518,0.1532456605897948
22,1496,1518,0.15324675922432274
23,1491,1514,0.1532480079715204
22,1488,1510,0.15324623082290093
23,1485,1508,0.15324718911709187
22,1485,1507,0.1532459048679021
21,1489,1510,0.153247312228024
21,1484,1505,0.15325143362203594
21,1493,1514,0.15325544993653473
20,1494,1514,0.15325856798566162
21,1488,1509,0.15326407840394754
22,1482,1504,0.15326621580697453
20,1469,1489,0.15326595963267262
20,1480,1500,0.1532707107126183
22,1477,1499,0.15327548639441246
21,1490,1511,0.15327401129548945
21,1494,1515,0.15327492362630654
22,1479,1501,0.15327615238895734
21,1482,1503,0.1532751590957201
21,1487,1508,0.1532767347274482
21,1492,1513,0.15327848390737006
19,1479,1498,0.15328036315147955
20,1473,1493,0.15328710510485932
20,1474,1494,0.15329041945176347
21,1483,1504,0.1532937936763551
21,1487,1508,0.15329402497382966
19,1483,1502,0.15329454566131834
19,1489,1508,0.15330010120035095
18,1501,1519,0.15330557405912948
18,1490,1508,0.15331334488544962
17,1485,1502,0.15332035527834695
17,1494,1511,0.15332944077816324
15,1483,1498,0.15333716516165546
16,1486,1502,0.1533495767530772
15,1485,1500,0.15335882635855977
16,1492,1508,0.1533699631576279
16,1505,1521,0.15337763711863425
17,1502,1519,0.15338507071882482
18,1502,1520,0.15338975814170297
18,1501,1519,0.1533911445261019
18,1501,1519,0.15339273182784322
19,1496,1515,0.15339447276058923
19,1489,1508,0.15339310336650883
18,1485,1503,0.15339211122092702
18,1501,1519,0.15339365059300866
16,1500,1516,0.15339532424464714
16,1506,1522,0.15340180354975574
16,1511,1527,0.15340804347413303
14,1506,1520,0.15341403812465462
14,1508,1522,0.15342437354677008
14,1499,1513,0.1534341748970267
13,1516,1529,0.1534434620670506
14,1513,1527,0.15345455617841225
14,1513,1527,0.1534618327064798
14,1508,1522,0.15346881833578904
14,1506,1520,0.15347551098797338
14,1511,1525,0.15348191123432894
14,1506,1520,0.15348802181493418
15,1508,1523,0.15349384722749296
15,1505,1520,0.153496373722924
15,1506,1521,0.15349890564632795
15,1498,1513,0.1535014234535328
14,1502,1516,0.15350391111132627
14,1507,1521,0.15350882143823585
14,1506,1520,0.15351352441610577
12,1504,1516,0.15351739861502744
13,1515,1528,0.15352616877081626
13,1507,1520,0.15353129717069397
13,1512,1525,0.15353631271925577
14,1508,1522,0.15354119896869156
12,1503,1515,0.15354272060703908
12,1497,1509,0.15354930291223184
13,1508,1521,0.15355565251008846
15,1497,1512,0.1535592644444672
15,1501,1516,0.15355695635172834
16,1502,1518,0.153555073303895
16,1505,1521,0.1535508342027614
17,1491,1508,0.15354714011028295
17,1498,1515,0.15354074822168962
18,1495,1513,0.15353507545286388
19,1496,1515,0.15352678410876533
21,1503,1524,0.1535162516568771
20,1501,1521,0.15350039542647387
21,1494,1515,0.15348833718326346
22,1496,1518,0.15347434454601647
22,1491,1513,0.15345938300663858
22,1486,1508,0.1534449189357828
22,1488,1510,0.15343188845243452
22,1498,1520,0.1534201385429728
21,1499,1520,0.1534095334742495
21,1503,1524,0.1534028328019028
23,1496,1519,0.1533968160979187
22,1493,1515,0.15338559267809296
21,1495,1516,0.15337769716488794
20,1483,1503,0.15337305051038078
20,1485,1505,0.15337138042864162
19,1477,1496,0.1533700441410118
19,1486,1505,0.1533712147331219
17,1492,1509,0.15337271145194417
17,1506,1523,0.15337886525787842
17,1501,1518,0.15338476917922728
16,1493,1509,0.1533907313602575
16,1494,1510,0.15339886257111476
15,1500,1515,0.15340655964532884
15,1497,1512,0.15341624329022024
15,1497,1512,0.15342538474173548
15,1496,1511,0.15343401059231093
15,1508,1523,0.15344214662830322
15,1513,1528,0.15344981777933187
15,1507,1522,0.15345704808275987
16,1512,1528,0.15346386066094314
15,1518,1533,0.15346709051945312
14,1520,1534,0.15347245732393666
14,1515,1529,0.15348000143153512
15,1515,1530,0.15348717047111246
14,1498,1512,0.15349142852239533
13,1488,1501,0.153497664370133
14,1492,1506,0.15350593877930116
14,1497,1511,0.15351054147868312
14,1504,1518,0.1535140944598898
14,1503,1517,0.15351743585416947
15,1488,1503,0.15351977928333252
16,1491,1507,0.15351996978829446
16,1494,1510,0.15351791648166843
17,1487,1504,0.15351556337694736
17,1497,1514,0.15351111889910965
17,1505,1522,0.15350729587328601
18,1499,1517,0.15350401454417006
15,1491,1506,0.15349862509248596
15,1489,1504,0.15350101775324324
16,1497,1513,0.1535030990520158
16,1521,1537,0.15350207250075784
16,1498,1514,0.15350139338519697
18,1488,1506,0.15350100460245344
18,1502,1520,0.15349557184898902
19,1510,1529,0.15349077093148472
19,1506,1525,0.1534839581694612
19,1497,1516,0.15347784050150545
19,1491,1510,0.15347234578566363
20,1499,1519,0.1534674094829497
19,1496,1515,0.15345981001907938
19,1511,1530,0.15345531416179592
19,1499,1518,0.15345134303998434
18,1515,1533,0.15344697268396118
17,1513,1530,0.1534455465309352
17,1511,1528,0.1534467916316526
17,1519,1536,0.15344817863472748
16,1511,1527,0.15344967262967832
16,1497,1513,0.15345359581951165
15,1508,1523,0.15345727814682872
16,1502,1518,0.1534631757141048
17,1489,1506,0.1534664153994707
16,1494,1510,0.15346692971430959
16,1482,1498,0.15347006015175832
16,1514,1530,0.15347249759152312
16,1503,1519,0.1534749726994739
14,1501,1515,0.1534774603532569
13,1505,1518,0.1534843640466722
12,1519,1531,0.1534931516024367
13,1505,1518,0.15350384538867926
13,1506,1519,0.15351165079785262
12,1503,1515,0.15351906282759256
11,1512,1523,0.15352843792906232
11,1518,1529,0.1535395713510966
11,1510,1521,0.1535500621970472
13,1509,1522,0.1535599403264668
12,1513,1525,0.15356359417558685
13,1504,1517,0.15357027196507642
13,1502,1515,0.15357391255002237
13,1505,1518,0.1535774238603292
13,1505,1518,0.153580802916884
13,1513,1526,0.15358404815984084
11,1512,1523,0.15358715922329558
11,1509,1520,0.1535946559196286
11,1511,1522,0.15360170407733206
10,1515,1525,0.15360837434163635
11,1512,1523,0.1536170226953625
11,1519,1530,0.15362268700366072
12,1511,1523,0.15362806095755366
12,1506,1518,0.15363052758196763
12,1489,1501,0.15363292118075145
11,1500,1511,0.15363523600119458
12,1496,1508,0.15363983481513507
12,1500,1512,0.15364113884362
13,1496,1509,0.1536424776809549
15,1495,1510,0.15364061567476334
17,1498,1515,0.15363281661389205
17,1491,1508,0.1536201894976344
19,1498,1517,0.15360880913570452
19,1500,1519,0.15359215766066078
19,1493,1512,0.15357709986644108
20,1498,1518,0.1535634729152044
18,1504,1522,0.15354790568145757
18,1498,1516,0.15353887913037487
19,1488,1507,0.1535307855108596
19,1502,1521,0.15352113823174646
18,1499,1517,0.15351239597085667
17,1507,1524,0.15350683895072795
16,1495,1511,0.15350406243792658
16,1498,1514,0.1535039671996994
15,1516,1531,0.15350406241908135
16,1497,1513,0.15350659952410875
15,1495,1510,0.15350666987850117
14,1491,1505,0.15350923678966433
15,1495,1510,0.15351406715314525
15,1496,1511,0.15351620246988917
15,1506,1521,0.1535183331915949
15,1499,1514,0.15351965629621936
16,1504,1520,0.1535210937445192
16,1495,1511,0.15351947320133674
16,1492,1508,0.15351819847534653
16,1497,1513,0.1535172168322578
16,1502,1518,0.1535155361531581
18,1493,1511,0.15351421529754383
18,1489,1507,0.1535071103822346
19,1497,1516,0.15350059477358458
18,1495,1513,0.15349198300783143
18,1490,1508,0.15348654196857184
18,1490,1508,0.15348176577588796
18,1488,1506,0.15347757461332118
18,1484,1502,0.15347389817859156
16,1496,1512,0.1534706745517711
16,1501,1517,0.1534725233656638
17,1483,1500,0.15347433013685138
17,1487,1504,0.15347362440521445
17,1488,1505,0.1534728486364829
16,1494,1510,0.15347233705732072
17,1493,1510,0.1534742977507901
17,1506,1523,0.15347324960378603
18,1502,1520,0.15347226500068703
18,1510,1528,0.15346907247012534
19,1509,1528,0.1534663175810452
18,1517,1535,0.15346141043232936
19,1511,1530,0.1534592697595066
19,1505,1524,0.1534544784950242
19,1516,1535,0.15345024956655606
18,1513,1531,0.15344651807929563
19,1495,1514,0.15344563515729293
20,1492,1512,0.1534425099631822
19,1509,1528,0.1534365814225044
19,1503,1522,0.1534336464871876
19,1499,1518,0.15343076108927317
20,1505,1525,0.15342829630467403
20,1508,1528,0.15342304076577903
20,1509,1529,0.15341839280900393
20,1494,1514,0.15341428025361378
20,1490,1510,0.15341063964807833
19,1489,1508,0.1534074152016576
19,1497,1516,0.1534067375990497
17,1491,1508,0.15340629715542387
18,1487,1505,0.15341030208876863
19,1492,1511,0.15341190955951664
20,1498,1518,0.15341055321903796
20,1511,1531,0.1534070010021186
20,1500,1520,0.1534039032304258
20,1494,1514,0.15340120538525986
21,1492,1513,0.1533988593099531
20,1498,1518,0.15339361687226882
20,1497,1517,0.15339153462951974
20,1515,1535,0.1533885420441683
20,1503,1523,0.15338603108102278
22,1492,1514,0.15338393565919836
20,1496,1516,0.1533768148400664
20,1498,1518,0.15337573218758382
19,1505,1524,0.1533749186253116
20,1506,1526,0.15337654230657838
21,1507,1528,0.15337503244516035
21,1487,1508,0.153371508720108
21,1480,1501,0.15336842239010381
20,1497,1517,0.15336571967457377
21,1496,1517,0.15336563794698668
21,1493,1514,0.15336267383230712
21,1500,1521,0.15336012405895205
21,1507,1528,0.1533579362805278
21,1510,1531,0.15335606451797823
21,1506,1527,0.1533536511516407
23,1501,1524,0.15335161173730757
23,1492,1515,0.15334360353183224
24,1501,1525,0.15333646056969674
23,1502,1525,0.1533268495703106
23,1496,1519,0.15332068131993204
23,1497,1520,0.15331523030184863
23,1497,1520,0.15331041178363172
23,1498,1521,0.1533061511153668
23,1501,1524,0.15330238252491818
22,1493,1515,0.15329904805766326
23,1505,1528,0.15329863400384747
23,1506,1529,0.15329516542855476
22,1493,1515,0.1532921159242926
21,1488,1509,0.15329167091637103
23,1490,1513,0.15329377185832635
25,1482,1507,0.15328945406237907
26,1491,1517,0.15328051050892375
25,1492,1517,0.153269483988146
24,1485,1509,0.15326197020842475
23,1485,1508,0.15325765344672332
22,1485,1507,0.15325613402819407
20,1494,1514,0.1532576006379132
21,1494,1515,0.15326368753747185
22,1496,1518,0.15326635891525595
24,1497,1521,0.15326601133427015
21,1488,1509,0.1532604666528733
22,1496,1518,0.1532623595458141
23,1489,1512,0.15326225521526396
24,1489,1513,0.15325921149211943
23,1487,1510,0.153253643003176
23,1493,1516,0.15325111847685455
23,1492,1515,0.15324912074792774
20,1497,1517,0.15324753857996148
21,1504,1525,0.15325333444386063
20,1497,1517,0.15325661619459996
22,1492,1514,0.15326216160271067
24,1481,1505,0.1532613029663826
24,1489,1513,0.1532551185234456
24,1503,1527,0.1532497767440063
24,1507,1531,0.15324516973890187
23,1510,1533,0.153241203055313
25,1509,1534,0.15324031053664167
25,1505,1530,0.1532337098769209
24,1495,1519,0.1532279138027315
25,1498,1523,0.153225225425414
23,1500,1523,0.15322053489800588
24,1494,1518,0.15322113626504627
23,1500,1523,0.15321881873116397
23,1498,1521,0.15321947096435073
24,1495,1519,0.15322031238559217
24,1494,1518,0.15321807527823794
23,1504,1527,0.15321624941242956
23,1500,1523,0.15321715669954358
23,1485,1508,0.1532182132557348
23,1478,1501,0.15321938218533152
22,1483,1505,0.15322063249283488
22,1491,1513,0.1532247161787593
21,1500,1521,0.15322779799789324
22,1485,1507,0.1532331558935263
24,1492,1516,0.15323533701455136
22,1498,1520,0.1532312056218631
23,1509,1532,0.1532321557439634
24,1500,1524,0.1532310692900036
24,1502,1526,0.15322730588595462
25,1498,1523,0.15322415336312786
22,1498,1520,0.15321891743508417
22,1500,1522,0.1532213781033867
23,1486,1509,0.15322396264313518
23,1492,1515,0.1532238496244155
23,1490,1513,0.15322401190365045
21,1504,1525,0.15322439850752356
21,1505,1526,0.1532293515783552
20,1494,1514,0.15323422417404778
17,1504,1521,0.153241239143724
19,1500,1519,0.15325514010994193
19,1508,1527,0.15326274022242828
19,1518,1537,0.15327010106988306
19,1498,1517,0.1532763393247567
18,1500,1518,0.15328246629452105
18,1503,1521,0.15329079632247228
18,1504,1522,0.15329882075806622
18,1510,1528,0.1533062554766628
18,1505,1523,0.15331341943199256
19,1491,1510,0.1533203045009088
19,1492,1511,0.15332396476221688
18,1494,1512,0.15332686324481729
18,1501,1519,0.15333220563462086
18,1502,1520,0.15333721832866087
18,1503,1521,0.15334215376273191
16,1511,1527,0.15334698719815507
15,1504,1519,0.15335648265237492
15,1509,1524,0.1533679084332334
14,1499,1513,0.1533787532829277
14,1506,1520,0.15339138224157337
13,1507,1520,0.15340332609123636
13,1519,1532,0.15341705109921214
12,1517,1529,0.15342998160969373
12,1507,1519,0.15344458970765718
13,1500,1513,0.15345759785007232
13,1508,1521,0.1534667561833931
11,1495,1506,0.15347555129973983
10,1494,1504,0.15348871730542601
10,1500,1510,0.15350398228181425
10,1495,1505,0.1535183951823468
10,1503,1513,0.15353199620119745
11,1507,1518,0.15354482465222138
11,1508,1519,0.153554053274834
11,1508,1519,0.15356282838343666
11,1496,1507,0.1535711633505947
10,1508,1518,0.153579072533253
8,1512,1520,0.15358921074606077
8,1488,1496,0.15360341342318543
9,1499,1508,0.1536167711822552
8,1505,1513,0.1536268433366503
8,1499,1507,0.15363879958702076
7,1500,1507,0.15365003538615357
6,1504,1510,0.1536630366332437
7,1504,1511,0.15367758460358683
7,1515,1522,0.15368752655635842
7,1523,1530,0.15369702317331854
7,1523,1530,0.15370607893748287
7,1527,1534,0.15371470114913482
6,1520,1526,0.15372289933917713
6,1518,1524,0.15373308380269138
6,1507,1513,0.15374234209776216
6,1514,1520,0.15375115269581247
6,1509,1515,0.1537595276114997
6,1523,1529,0.15376748008821878
5,1516,1521,0.15377502427319845
5,1510,1515,0.15378458684054827
5,1513,1518,0.15379362496353066
5,1514,1519,0.15380216249684167
5,1509,1514,0.1538102229091724
4,1513,1517,0.15381782916914385
4,1528,1532,0.15382736864957436
5,1515,1520,0.1538363390343459
5,1518,1523,0.15384195872423162
5,1518,1523,0.15384729470485542
5,1523,1528,0.15385235607716174
5,1519,1524,0.1538571525028348
5,1508,1513,0.15386169401968652
6,1502,1508,0.15386599088850195
6,1521,1527,0.15386682870539525
6,1523,1529,0.1538677424791126
6,1510,1516,0.1538687125876316
6,1515,1521,0.15386972238657698
6,1522,1528,0.15387075781474283
6,1514,1520,0.15387180704925307
6,1516,1522,0.15387286020424404
6,1522,1528,0.15387390906770157
6,1516,1522,0.1538749468717402
6,1510,1516,0.1538759680921893
7,1496,1503,0.15387696827385636
6,1507,1513,0.15387474523762457
6,1507,1513,0.15387520720444858
6,1514,1520,0.15387575658513816
6,1508,1514,0.15387637409002505
6,1512,1518,0.15387704327862925
6,1501,1507,0.15387775018632796
6,1500,1506,0.15387848299753382
5,1495,1500,0.15387923175972776
6,1488,1494,0.15388242347150918
8,1494,1502,0.15388231331515653
8,1497,1505,0.15387599949198805
7,1502,1509,0.15387039318942575
7,1518,1525,0.15386780386129975
6,1510,1516,0.15386561683325947
6,1503,1509,0.15386624325785137
6,1509,1515,0.1538670215217554
6,1492,1498,0.15386791936638883
6,1498,1504,0.15386890933054145
6,1503,1509,0.15386996810550446
7,1497,1504,0.15387107597373922
7,1496,1503,0.15386906259101513
6,1508,1514,0.15386736145061694
4,1524,1528,0.15386835803241655
4,1509,1513,0.15387431927099388
4,1502,1506,0.15388002826873948
4,1511,1515,0.15388548563862692
4,1490,1494,0.15389069388023435
4,1498,1502,0.15389565701594715
4,1511,1515,0.15390038028144049
4,1520,1524,0.15390486986298732
4,1515,1519,0.1539091326751283
4,1511,1515,0.15391317617310044
4,1512,1516,0.1539170081951705
4,1518,1522,0.15392063683066712
3,1514,1517,0.15392407031007163
3,1526,1529,0.15392973939874757
3,1523,1526,0.15393508372708087
3,1513,1516,0.1539401205540638
3,1524,1527,0.15394486638486687
4,1523,1527,0.15394933698227686
4,1521,1525,0.1539504457385638
4,1524,1528,0.15395159381090756
4,1518,1522,0.15395276546021205
4,1506,1510,0.15395394758303219
4,1502,1506,0.1539551293387369
4,1512,1516,0.1539563018264592
4,1523,1527,0.15395745780532277
4,1523,1527,0.1539585914522804
4,1506,1510,0.1539596981526364
4,1527,1531,0.15396077431896465
4,1518,1522,0.15396181723469288
5,1513,1518,0.15396282491910684
4,1520,1524,0.1539606067208304
4,1513,1517,0.15396095330047432
4,1506,1510,0.15396138600119044
4,1514,1518,0.15396188667567912
4,1502,1506,0.1539624398180261
4,1497,1501,0.15396303222057026
4,1507,1511,0.15396365267331386
4,1517,1521,0.15396429170070394
4,1501,1505,0.15396494133123884
4,1502,1506,0.1539655948959014
4,1496,1500,0.15396624685190433
4,1514,1518,0.1539668926286558
4,1509,1513,0.15396752849322876
3,1515,1518,0.15396815143294396
3,1505,1508,0.15397117444820618
3,1513,1516,0.1539740326763604
4,1515,1519,0.15397673355376504
3,1495,1498,0.15397605307543966
3,1501,1504,0.153977997607583
3,1511,1514,0.15397992291623985
3,1513,1516,0.15398181676869868
3,1510,1513,0.15398366946843048
3,1527,1530,0.15398547346223196
3,1527,1530,0.15398722300299816
3,1530,1533,0.1539889138605177
3,1535,1538,0.1539905430737097
3,1536,1539,0.15399210873860822
3,1526,1529,0.1539936098271697
3,1522,1525,0.15399504603264483
2,1521,1523,0.15399641763783198
2,1516,1518,0.15400031272213424
2,1516,1518,0.15400397287141188
2,1501,1503,0.15400741206116858
2,1513,1515,0.1540106434590286
2,1522,1524,0.15401367946861189
2,1526,1528,0.1540165317713742
2,1511,1513,0.15401921136646027
2,1507,1509,0.15402172860862573
2,1517,1519,0.15402409324428665
2,1520,1522,0.15402631444575896
2,1511,1513,0.15402840084375305
2,1510,1512,0.1540303605581891
2,1512,1514,0.15403220122739975
2,1513,1515,0.15403393003578744
2,1507,1509,0.1540355537400025
2,1508,1510,0.1540370786937075
2,1522,1524,0.1540385108709928
2,1520,1522,0.1540398558885059
2,1521,1523,0.15404111902635645
2,1510,1512,0.15404230524785642
3,1525,1528,0.15404341921815362
3,1519,1522,0.15404133466766637
3,1509,1512,0.15403947640815704
3,1508,1511,0.15403781994901358
3,1507,1510,0.15403634346065898
3,1528,1531,0.15403502748348316
3,1521,1524,0.15403385466884292
3,1512,1515,0.1540328095485726
3,1505,1508,0.15403187832984563
3,1519,1522,0.1540310487125794
3,1511,1514,0.1540303097268882
3,1521,1524,0.15402965158836804
2,1510,1512,0.15402906556924176
2,1508,1510,0.15403080032749744
2,1509,1511,0.15403245371898483
2,1511,1513,0.15403402769256186
2,1514,1516,0.15403552443533225
2,1522,1524,0.1540369463166035
2,1519,1521,0.15403829584004577
2,1516,1518,0.15403957560300224
2,1532,1534,0.15404078826202924
2,1527,1529,0.1540419365038545
2,1519,1521,0.1540430230210436
2,1515,1517,0.15404405049174874
2,1522,1524,0.1540450215629933
2,1520,1522,0.15404593883701156
2,1517,1519,0.15404680486022357
2,1516,1518,0.15404762211447698
2,1528,1530,0.15404839301023443
2,1526,1528,0.1540491198814251
2,1508,1510,0.1540498049817159
2,1505,1507,0.15405045048198704
2,1508,1510,0.1540510584688277
2,1512,1514,0.1540516309438881
2,1515,1517,0.154052169823949
2,1511,1513,0.15405267694158503
2,1517,1519,0.15405315404631814
2,1522,1524,0.15405360280616887
2,1508,1510,0.15405402480952723
2,1504,1506,0.15405442156727614
2,1505,1507,0.15405479451510887
2,1513,1515,0.1540551450159916
2,1509,1511,0.15405547436272876
2,1504,1506,0.15405578378059523
2,1500,1502,0.15405607443000605
2,1503,1505,0.154056347409197
2,1510,1512,0.15405660375689628
1,1507,1508,0.15405684445496926
1,1517,1518,0.15405938705462746
1,1511,1512,0.154061775313105
1,1516,1517,0.15406401825319585
1,1504,1505,0.15406612441651465
1,1520,1521,0.15406810188292486
1,1520,1521,0.15406995829008835
1,1514,1515,0.15407170085296495
1,1509,1510,0.15407333638311996
1,1514,1515,0.15407487130772446
1,1515,1516,0.15407631168815666
1,1520,1521,0.15407766323813088
1,1501,1502,0.15407893134129755
1,1508,1509,0.15408012106827265
1,1500,1501,0.1540812371930655
1,1507,1508,0.15408228420888434
1,1516,1517,0.15408326634330874
1,1521,1522,0.15408418757282236
1,1517,1518,0.1540850516367083
1,1515,1516,0.15408586205031166
1,1517,1518,0.15408662211767946
1,1526,1527,0.15408733494359025
1,1519,1520,0.15408800344498857
1,1497,1498,0.15408863036184162
1,1513,1514,0.15408921826743613
1,1510,1511,0.15408976957813564
1,1519,1520,0.1540902865626178
1,1519,1520,0.1540907713506128
1,1521,1522,0.15409122594116398
1,1519,1520,0.15409165221043097
1,1531,1532,0.1540920519190567
1,1519,1520,0.15409242671911833
1,1517,1518,0.1540927781606823
1,1510,1511,0.15409310769798273
1,1506,1507,0.15409341669524312
0,1507,1507,0.15409370643215844
