1363,27,1390,0.13579578256761893
1399,29,1428,0.13296310509325804
1432,27,1459,0.13028690228372894
1447,26,1473,0.12776074838153192
1448,26,1474,0.12542122055571095
1442,26,1468,0.12329131559365539
1453,26,1479,0.12137112441846398
1457,26,1483,0.11959547023858334
1451,26,1477,0.11797297609336418
1447,26,1473,0.11650747932213107
1458,27,1485,0.11518477886507344
1460,29,1489,0.1139555020687602
1475,28,1503,0.11283284443391382
1476,29,1505,0.11177565496420559
1481,29,1510,0.11081213494215252
1478,29,1507,0.10992441313595566
1458,28,1486,0.10912334322774296
1466,27,1493,0.10844195030046488
1470,27,1497,0.107802082031514
1479,25,1504,0.10721417017839845
1476,24,1500,0.10665861933294515
1484,25,1509,0.10615862596873313
1476,24,1500,0.10568594425991193
1461,22,1483,0.105274389182265
1458,23,1481,0.10493522599554211
1457,24,1481,0.10463422570071204
1463,24,1487,0.10436322732540422
1467,24,1491,0.1041028966039556
1469,24,1493,0.1038573217185522
1462,25,1487,0.10362909420522555
1466,26,1492,0.1034375978353975
1464,26,1490,0.10325516974789792
1465,24,1489,0.10309329377504411
1477,24,1501,0.10294359629303047
1474,24,1498,0.10278047781395802
1462,26,1488,0.10263825339870483
1450,27,1477,0.1025364110531129
1449,28,1477,0.10247100473765719
1459,28,1487,0.1024164947058971
1464,26,1490,0.10234537632917096
1470,25,1495,0.1022703374584928
1479,25,1504,0.10218687049051405
1481,26,1507,0.10208830964306909
1484,24,1508,0.10199221358952154
1480,26,1506,0.10190004605555156
1468,26,1494,0.10182666340579473
1465,27,1492,0.10178717733307502
1464,27,1491,0.10175846357125108
1467,27,1494,0.10173100301437532
1473,27,1500,0.10170036629939201
1456,27,1483,0.10166147064253007
1452,27,1479,0.10166359235501593
1437,28,1465,0.10167544787132198
1438,26,1464,0.10172089432617483
1441,27,1468,0.1017603745199697
1444,27,1471,0.10179115724257948
1455,27,1482,0.10181204534134367
1463,26,1489,0.10180588122444874
1465,27,1492,0.10178278219258069
1458,27,1485,0.10175699814800972
1466,27,1493,0.10174774090233046
1465,27,1492,0.10171896927727352
1447,26,1473,0.10169619244301231
1436,26,1462,0.1017157187718576
1456,25,1481,0.10176127964401921
1469,27,1496,0.10175433252058404
1476,27,1503,0.10171812077659677
1474,26,1500,0.10167063046129077
1478,26,1504,0.1016310703033448
1476,25,1501,0.10158550012428279
1464,24,1488,0.10154719499175865
1474,25,1499,0.10153930743172414
1483,24,1507,0.10150991389328894
1470,24,1494,0.10146273363086404
1470,21,1491,0.10144917558705885
1468,20,1488,0.10143667628656576
1466,19,1485,0.10142875151283576
1473,19,1492,0.10142705745767663
1468,18,1486,0.10140930940742639
1467,19,1486,0.10140488459703219
1457,18,1475,0.10140392953295743
1451,18,1469,0.10142618975287139
1460,18,1478,0.10145941248174097
1452,17,1469,0.10147111967029256
1466,18,1484,0.1014986479052898
1474,18,1492,0.10149101382074065
1485,19,1504,0.10146465845321732
1474,18,1492,0.10141647664392614
1461,17,1478,0.10139669588028416
1463,18,1481,0.10140840922249385
1461,19,1480,0.10141375556513778
1451,19,1470,0.10142400719957262
1457,20,1477,0.10145567283678228
1466,21,1487,0.10147220327129908
1470,21,1491,0.10146659395980986
1464,22,1486,0.10145325641264093
1458,22,1480,0.10145198208331412
1451,22,1473,0.10146629055097751
1452,23,1475,0.10149533891708348
1446,23,1469,0.10151804855696238
1460,21,1481,0.10155469975206584
1477,21,1498,0.10155474959315132
1464,22,1486,0.10151727599148622
1470,25,1495,0.10151069624802311
1473,25,1498,0.10149188591763046
1474,24,1498,0.10146877345846228
1463,24,1487,0.10144559457763222
1447,25,1472,0.10144660752436861
1453,25,1478,0.10148428146701491
1461,27,1488,0.10150652410236362
1462,26,1488,0.10151085031265705
1475,27,1502,0.10151255648744087
1472,28,1500,0.1014857595264575
1464,27,1491,0.10146892689473454
1461,28,1489,0.1014700747202568
1474,28,1502,0.10147970545221113
1468,29,1497,0.10145964711908163
1457,28,1485,0.10145330855077718
1462,29,1491,0.10147031397833782
1471,29,1500,0.10147639941897933
1470,29,1499,0.10146210755367142
1461,29,1490,0.10145053094796448
1461,29,1490,0.10145908224319616
1456,29,1485,0.10146556162191096
1464,30,1494,0.10148429889649441
1463,30,1493,0.10148520270892744
1447,29,1476,0.1014892238967229
1456,29,1485,0.10152849646938973
1462,29,1491,0.10154411648181785
1476,30,1506,0.10154706321696778
1480,30,1510,0.1015157851238703
1483,32,1515,0.1014790955658011
1485,30,1515,0.10143921330403054
1478,27,1505,0.10139835194745923
1472,25,1497,0.10137562983000993
1460,26,1486,0.10136746065390585
1467,26,1493,0.10138785841570734
1474,27,1501,0.10139038596241093
1457,28,1485,0.10137571112230143
1462,29,1491,0.1014021911690787
1464,30,1494,0.10141732831385386
1463,30,1493,0.10142774092501426
1473,31,1504,0.1014386933210566
1471,29,1500,0.10142397841431283
1478,29,1507,0.10141541655165277
1487,28,1515,0.10139240360486383
1492,27,1519,0.10135197131185734
1484,26,1510,0.10130272923287226
1477,25,1502,0.10127627399149244
1475,25,1500,0.1012681111709881
1488,25,1513,0.10126318968170725
1472,26,1498,0.10122704289353664
1466,24,1490,0.10123006408061591
1463,23,1486,0.10124685879868046
1470,24,1494,0.10127016237263668
1471,22,1493,0.10127734175241933
1482,23,1505,0.10128181349324615
1474,24,1498,0.10125941900555184
1471,25,1496,0.10125693631566791
1471,22,1493,0.10126241968436378
1476,20,1496,0.10126634254607694
1476,20,1496,0.10125643489189008
1465,20,1485,0.1012475376332763
1465,19,1484,0.10126560666767435
1460,20,1480,0.1012822745215755
1462,20,1482,0.1013081369113808
1467,19,1486,0.1013283142499957
1468,19,1487,0.10133476304079225
1468,20,1488,0.10133952132693823
1478,20,1498,0.10134313667036698
1472,20,1492,0.10132377632313588
1476,18,1494,0.1013205195646771
1473,18,1491,0.10130805064381278
1474,17,1491,0.10130287992745263
1464,17,1481,0.10129459884275085
1481,17,1498,0.1013077390121342
1476,20,1496,0.10128359894215716
1461,20,1481,0.10127228212667543
1459,21,1480,0.1012928985235298
1441,21,1462,0.10131716940991652
1427,19,1446,0.10138057407746275
1439,19,1458,0.10147113610914986
1471,19,1490,0.10152736861373941
1462,19,1481,0.10150582250937606
1481,18,1499,0.1015064009590803
1478,19,1497,0.10146481640134614
1494,17,1511,0.10143305417740679
1497,18,1515,0.10136708014905416
1487,18,1505,0.10130026191139305
1483,19,1502,0.10126077295645824
1480,19,1499,0.10123458688828112
1479,18,1497,0.10121811070641563
1478,19,1497,0.10120480596991788
1488,18,1506,0.10119498571625271
1492,19,1511,0.10116296991066659
1488,19,1507,0.10112656117392596
1484,19,1503,0.10110125177977768
1488,18,1506,0.10108684112650473
1483,19,1502,0.10106520219304191
1479,20,1499,0.10105671797763234
1479,21,1500,0.10105865257304697
1481,21,1502,0.10105834721315418
1481,21,1502,0.10105351558703432
1463,23,1486,0.10104867945849534
1468,23,1491,0.10108580354054585
1469,24,1493,0.10110953496347921
1462,27,1489,0.10112928084294615
1468,28,1496,0.10116315155948513
1469,27,1496,0.10118180260850705
1466,29,1495,0.10119699892508444
1474,28,1502,0.10121751895863403
1472,30,1502,0.10122032840657277
1451,31,1482,0.1012255761464332
1456,32,1488,0.10127805174067411
1456,33,1489,0.10131596712403412
1465,34,1499,0.10135067275213544
1453,34,1487,0.10136355214298426
1441,36,1477,0.10140002201443302
1445,35,1480,0.1014620402495358
1446,35,1481,0.10150887288069534
1442,36,1478,0.10155132969418848
1443,36,1479,0.10159978663818492
1431,35,1466,0.10164226774256985
1437,36,1473,0.10170879833344415
1445,38,1483,0.10175609200377292
1446,37,1483,0.10178158751388082
1442,37,1479,0.10180143019859876
1454,38,1492,0.10182918125447353
1445,37,1482,0.10182867751317022
1444,40,1484,0.10184889221487001
1453,41,1494,0.10186945136890603
1457,41,1498,0.10186761525023122
1476,41,1517,0.10185595951071662
1468,42,1510,0.10180450053014216
1455,39,1494,0.10177508016114521
1449,41,1490,0.10177564606296458
1452,42,1494,0.1017905351988405
1447,42,1489,0.10179782545401124
1434,39,1473,0.10181514962782387
1426,37,1463,0.10186169574894885
1434,39,1473,0.10192220613132794
1441,40,1481,0.10195967545669445
1446,41,1487,0.10197929170724432
1440,40,1480,0.10198603949615212
1440,38,1478,0.10200596848907068
1445,39,1484,0.10202546668641346
1449,38,1487,0.10202858047873485
1449,38,1487,0.10202509664768006
1448,38,1486,0.1020187843262728
1456,40,1496,0.10201351615826657
1455,41,1496,0.10199086458541291
1458,41,1499,0.10197242922054887
1454,41,1495,0.10194809770636062
1463,41,1504,0.10193541983890803
1460,41,1501,0.10190307249288248
1443,41,1484,0.10188074986071363
1443,42,1485,0.10189910023598074
1444,43,1487,0.10191657104496478
1451,45,1496,0.10193089661586942
1459,45,1504,0.10193016655534873
1453,45,1498,0.10191251550616968
1455,46,1501,0.10191018828799478
1460,46,1506,0.10190371290281948
1457,47,1504,0.1018874389067129
1452,48,1500,0.1018789276521504
1447,49,1496,0.10188312434652827
1445,51,1496,0.10189822217989039
1437,51,1488,0.1019167185963623
1430,51,1481,0.10195219999936068
1445,53,1498,0.10200136312836687
1448,53,1501,0.10201255751721813
1432,52,1484,0.10201623148833448
1422,52,1474,0.10205612947437967
1436,51,1487,0.10211616010540783
1434,53,1487,0.10213953552281155
1437,56,1493,0.10216700788062458
1437,59,1496,0.1021860405803101
1440,59,1499,0.10220235583646313
1438,59,1497,0.10221118305595894
1427,61,1488,0.1022242432236859
1432,59,1491,0.1022613009164305
1439,56,1495,0.10228409287785127
1432,56,1488,0.10228881769759793
1427,57,1484,0.10230847505363752
1424,58,1482,0.10233713028682077
1414,57,1471,0.102370958711065
1432,56,1488,0.10242603136932368
1430,58,1488,0.10243403053168705
1439,56,1495,0.10244666578191401
1433,55,1488,0.10243708284720221
1437,54,1491,0.10244218223473531
1436,52,1488,0.102436875953168
1432,51,1483,0.10243446263304584
1433,49,1482,0.10244360269077028
1423,49,1472,0.10244909786462333
1423,49,1472,0.10247730916920184
1423,50,1473,0.10250144921920196
1427,52,1479,0.10252396018299134
1425,49,1474,0.10253683564160648
1427,48,1475,0.10255577501733815
1426,48,1474,0.10256561780962498
1420,52,1472,0.10257566705022171
1426,53,1479,0.10259823364834798
1425,51,1476,0.10260605555887287
1430,50,1480,0.10261657682790011
1449,56,1505,0.10261410034936555
1435,55,1490,0.10257095553282042
1434,57,1491,0.10256114077902685
1439,56,1495,0.10255416290451
1433,57,1490,0.10253581455858228
1433,57,1490,0.10253296982738122
1435,58,1493,0.10252933506705517
1436,58,1494,0.10252175777247537
1428,56,1484,0.10251323619018138
1437,56,1493,0.10252447970414728
1430,56,1486,0.10251536278213579
1446,59,1505,0.10252197245584864
1436,60,1496,0.10249248453932197
1427,62,1489,0.10248798148078281
1428,62,1490,0.10250517741059775
1437,66,1503,0.10251980639219369
1439,66,1505,0.10251223790599771
1433,65,1498,0.10250180062365871
1434,65,1499,0.1025080475106936
1436,63,1499,0.10251070635171859
1437,65,1502,0.10251104530669046
1430,63,1493,0.10250888729507902
1418,66,1484,0.10252034459624505
1435,67,1502,0.10255886778477716
1438,68,1506,0.10255448316385571
1444,69,1513,0.10254539922866425
1429,67,1496,0.10252276167306601
1429,69,1498,0.10253703546733652
1418,68,1486,0.10255104630408099
1425,69,1494,0.1025888149081694
1419,72,1491,0.10260418948989743
1414,69,1483,0.10263348093785464
1409,70,1479,0.1026726573955362
1405,66,1471,0.10271856124073217
1410,70,1480,0.1027715831346852
1425,69,1494,0.102807666841475
1431,68,1499,0.10280790047884779
1440,71,1511,0.10279449010330484
1436,70,1506,0.10276173398932235
1421,69,1490,0.10274017430331306
1417,72,1489,0.10275353629319418
1407,74,1481,0.10277527754202975
1404,77,1481,0.10282003292912094
1411,77,1488,0.10286783068501905
1420,79,1499,0.10289648723230094
1417,81,1498,0.10290326529220578
1400,82,1482,0.1029172001002782
1413,80,1493,0.10296828052687229
1399,83,1482,0.1029871224899845
1409,81,1490,0.10303608470805614
1415,81,1496,0.10305916197266651
1415,81,1496,0.10306725431303818
1422,83,1505,0.10307372858039425
1415,87,1502,0.10306348890612949
1408,85,1493,0.10307077662868683
1414,84,1498,0.1030932206782671
1417,86,1503,0.10309898921944573
1409,85,1494,0.10310112057363582
1411,86,1497,0.10312002130366843
1408,89,1497,0.10313438009467621
1414,87,1501,0.10315392909380729
1419,86,1505,0.10315862960523906
1422,87,1509,0.10315219342005438
1414,86,1500,0.10313828226574792
1399,87,1486,0.10314320077113137
1406,88,1494,0.10318170191833431
1414,90,1504,0.10320219059169876
1408,86,1494,0.10320498318856267
1405,88,1493,0.10321926448943472
1399,86,1485,0.10323977303087861
1408,84,1492,0.10327097478682046
1409,83,1492,0.10327949288336921
1402,84,1486,0.10328586027071857
1406,83,1489,0.10330600659466228
1393,83,1476,0.10331433163532833
1416,84,1500,0.10335239839879513
1415,85,1500,0.10333677034645182
1402,89,1491,0.10332299068218076
1414,89,1503,0.10334043912622733
1403,88,1491,0.10332818767619756
1410,85,1495,0.10334133975874808
1400,81,1481,0.10333985685398255
1401,81,1482,0.10335976139341714
1389,80,1469,0.10337664661857118
1404,78,1482,0.10341949948382681
1399,78,1477,0.1034231988538454
1398,81,1479,0.10343639800949062
1404,81,1485,0.10345096143086949
1405,82,1487,0.10344904160466399
1405,84,1489,0.10344616249924193
1408,84,1492,0.10344254355466262
1421,85,1506,0.10343464093935481
1420,84,1504,0.10339722423794477
1414,81,1495,0.10336415103685952
1425,77,1502,0.1033487372736872
1421,78,1499,0.10330781576802264
1421,77,1498,0.1032774679860157
1418,78,1496,0.10324918413674954
1415,76,1491,0.10322988880344791
1416,75,1491,0.10322024663232142
1425,73,1498,0.10320774510992617
1421,71,1492,0.1031767417932606
1428,71,1499,0.10315688601832149
1416,71,1487,0.10312287565559941
1419,73,1492,0.10311794303373975
1420,72,1492,0.10310635697299343
1412,71,1483,0.10309312352328255
1412,71,1483,0.10309929851780822
1420,71,1491,0.10310415385825124
1429,71,1500,0.10308891218976654
1428,71,1499,0.10305776957203988
1416,75,1491,0.10303220854595253
1414,72,1486,0.10303626766389129
1415,75,1490,0.10304521364182577
1415,77,1492,0.10305067824950263
1403,79,1482,0.10305578789155448
1410,77,1487,0.10308755441025642
1414,76,1490,0.10310329572461463
1408,77,1485,0.10310914384019952
1417,80,1497,0.10312831438829807
1431,79,1510,0.10312618930153253
1425,81,1506,0.10309390183980494
1410,81,1491,0.10307858867742457
1417,83,1500,0.1030957070697171
1404,87,1491,0.10309455346192202
1401,88,1489,0.1031215563685429
1398,89,1487,0.10315426010728093
1393,84,1477,0.1031909913299911
1406,85,1491,0.10323772129123068
1415,83,1498,0.1032529188637521
1426,84,1510,0.1032462793214258
1420,84,1504,0.1032161854519347
1408,85,1493,0.10320337426283091
1409,86,1495,0.10321600459232755
1404,86,1490,0.10322724523715249
1396,88,1484,0.10324927008817625
1409,88,1497,0.1032863505054668
1414,90,1504,0.1032931079245592
1409,87,1496,0.10328763525914489
1403,85,1488,0.10328943272360153
1400,84,1484,0.10330264662807113
1398,86,1484,0.10332281617424059
1407,84,1491,0.10334474695070593
1393,86,1479,0.10334450637318124
1410,90,1500,0.10337656173299313
1414,92,1506,0.10336918216262753
1404,94,1498,0.10335246335750443
1408,93,1501,0.10336155070686928
1416,93,1509,0.10336251464566601
1410,95,1505,0.10334632093133371
1406,94,1500,0.10334477196702462
1417,94,1511,0.10335238131359759
1416,92,1508,0.10333512794164851
1410,93,1503,0.10332256772799962
1408,95,1503,0.10332479500684326
1398,96,1494,0.10333253215050366
1411,101,1512,0.10336123072436176
1404,103,1507,0.10335845464369531
1391,102,1493,0.10337348526676292
1381,105,1486,0.10341899168629029
1387,106,1493,0.10348374705783417
1386,107,1493,0.1035282141987681
1377,107,1484,0.10357122924664858
1379,104,1483,0.1036324794946648
1382,107,1489,0.10368372936717264
1380,106,1486,0.10372430951119986
1382,108,1490,0.10376590902775287
1377,108,1485,0.10380084615693885
1387,105,1492,0.10384334960691285
1401,109,1510,0.10385924521190376
1395,109,1504,0.10384046800408814
1393,109,1502,0.10383713331862612
1392,108,1500,0.10383870206614285
1374,111,1485,0.10384346228100158
1371,112,1483,0.1038898077874576
1384,113,1497,0.10393939018792635
1378,108,1486,0.10395473246153607
1383,108,1491,0.10398040601202567
1371,107,1478,0.10399220423444311
1368,108,1476,0.10403188837516464
1371,111,1482,0.10407552456273386
1370,115,1485,0.10410884822070163
1366,117,1483,0.1041429998681674
1355,119,1474,0.10418371515430881
1361,120,1481,0.10424793328878622
1362,122,1484,0.10429355403181599
1361,125,1486,0.10433324074928362
1354,128,1482,0.10437212906875323
1355,128,1483,0.10442203257205275
1345,130,1475,0.10446815403841832
1354,128,1482,0.10453415762332387
1352,127,1479,0.10457478176006592
1367,123,1490,0.10461683564929386
1355,125,1480,0.10462038760628381
1362,123,1485,0.10465175627205965
1362,118,1480,0.10466198879504277
1368,121,1489,0.10467261408636826
1377,121,1498,0.10466962492499675
1379,123,1502,0.1046488128361109
1375,121,1496,0.10462264709387377
1371,121,1492,0.1046076982205419
1362,121,1483,0.10460502731198819
1359,121,1480,0.10462055475641854
1367,123,1490,0.10464174813074328
1374,122,1496,0.10464438802805372
1387,122,1509,0.10463097847512225
1385,118,1503,0.10458738973810093
1386,120,1506,0.10455343881631418
1385,121,1506,0.10452004791738918
1386,121,1507,0.10449220581885889
1397,125,1522,0.10446524612076137
1397,123,1520,0.10441414040954246
1394,125,1519,0.10436931904072753
1386,122,1508,0.10433401974028728
1387,122,1509,0.10431894767458873
1376,120,1496,0.10430398960905912
1354,117,1471,0.10431550967054964
1368,121,1489,0.1043745925454427
1373,120,1493,0.1043987033679603
1383,118,1501,0.10440929034048171
1372,119,1491,0.10439745560901369
1365,118,1483,0.10441159129220189
1378,121,1499,0.1044411814097916
1381,121,1502,0.10443844571835038
1377,120,1497,0.10442773172343514
1376,118,1494,0.10442594926662721
1380,115,1495,0.104427900854634
1382,114,1496,0.10441972051750378
1372,112,1484,0.10440674566649479
1377,117,1494,0.10441822403340172
1372,114,1486,0.10441597341552228
1371,116,1487,0.10442603110239058
1362,118,1480,0.10443857406925218
1362,123,1485,0.10447216885233182
1375,125,1500,0.10450280364216795
1377,132,1509,0.10450383049564667
1368,132,1500,0.10450112561128072
1362,131,1493,0.1045183714324443
1371,129,1500,0.10454831649404749
1382,130,1512,0.10455478671978412
1370,129,1499,0.10453619882610012
1375,132,1507,0.10454780642917909
1383,130,1513,0.10454719310168187
1378,134,1512,0.10452931470396024
1369,132,1501,0.10452321881477616
1372,134,1506,0.1045388717178394
1356,132,1488,0.10454922851380336
1360,136,1496,0.10459508115776417
1359,140,1499,0.10462782756009979
1358,143,1501,0.10466078623528823
1362,142,1504,0.10469433148386088
1367,143,1510,0.1047158042952695
1372,143,1515,0.1047260784975757
1374,138,1512,0.10472492327899699
1361,136,1497,0.10471961242317011
1355,142,1497,0.10474129607313884
1361,142,1503,0.10477626292944972
1355,149,1504,0.1047968748036213
1365,149,1514,0.10482914034055221
1364,148,1512,0.10483670896907689
1363,146,1509,0.10484564067915446
1355,147,1502,0.10485681168808898
1358,152,1510,0.10488594115479084
1359,149,1508,0.10490521878605279
1366,149,1515,0.10492365883962418
1347,154,1501,0.10492483811348528
1351,154,1505,0.10496869965575986
1343,153,1496,0.10500000018301651
1343,150,1493,0.10504341008544271
1336,149,1485,0.10508204650524189
1332,150,1482,0.10513411432896476
1338,151,1489,0.10519109411147451
1326,151,1477,0.10523018382651943
1320,152,1472,0.10529382574875466
1331,155,1486,0.1053637895613146
1328,157,1485,0.10540632996357663
1326,156,1482,0.10545336883635535
1337,159,1496,0.10550156679476372
1337,161,1498,0.10552138269662283
1334,161,1495,0.10554086390835694
1326,166,1492,0.10556608729073258
1327,167,1494,0.10560637642187849
1314,168,1482,0.10564311968595884
1327,172,1499,0.10570792320584356
1325,168,1493,0.10573954733859553
1323,167,1490,0.10577334360316427
1321,162,1483,0.10580871385819307
1315,161,1476,0.10584630701138
1331,166,1497,0.10589371644129335
1324,167,1491,0.10589934827274196
1325,165,1490,0.10592088101510899
1318,161,1479,0.10593747700673141
1330,160,1490,0.10596722919046116
1324,160,1484,0.10596812121527786
1315,153,1468,0.10598157474330513
1313,154,1467,0.1060162633524527
1328,158,1486,0.10604905603523608
1347,159,1506,0.10604524862105162
1347,157,1504,0.10599908076106505
1336,155,1491,0.10595724308924877
1351,153,1504,0.10594440132499733
1356,158,1514,0.10589822774398354
1353,155,1508,0.10584213680559873
1350,157,1507,0.10579747377665359
1333,159,1492,0.10576361544282255
1341,164,1505,0.10577074520368816
1333,161,1494,0.10575961578693689
1323,163,1486,0.10576899219396343
1331,160,1491,0.10580044805825038
1314,164,1478,0.10581275549598151
1319,166,1485,0.10586312451697118
1306,168,1474,0.10590034836292249
1319,161,1480,0.1059639312707787
1322,167,1489,0.10599476998387741
1322,173,1495,0.10601654224514886
1318,172,1490,0.10603549987470653
1328,166,1494,0.10606059042801942
1331,163,1494,0.10606131573633416
1327,159,1486,0.10605680372375043
1333,162,1495,0.10605882286993452
1329,163,1492,0.10604438339805144
1332,165,1497,0.10603901220978645
1327,167,1494,0.10602623392602972
1320,166,1486,0.10602637250050996
1317,162,1479,0.10604443697150033
1327,161,1488,0.10606778416075428
1343,161,1504,0.10606484649762607
1323,161,1484,0.10602750308852771
1334,156,1490,0.10603674345779329
1328,163,1491,0.10601909683568607
1327,167,1494,0.10601890486618788
1326,169,1495,0.10602031788199234
1334,167,1501,0.10602476216257994
1321,168,1489,0.10600919177418663
1319,174,1493,0.10602566058950189
1308,176,1484,0.10604663079043374
1306,175,1481,0.10609383588649474
1298,181,1479,0.10614153784873345
1305,177,1482,0.10620395148576078
1311,182,1493,0.10624543433696917
1311,180,1491,0.10627130745516737
1318,182,1500,0.1062955725784267
1326,178,1504,0.10630225969643858
1326,179,1505,0.10629228780166908
1312,179,1491,0.10628181310249779
1316,181,1497,0.10630552435548189
1319,182,1501,0.10631565053417778
1328,181,1509,0.10631945210886616
1323,182,1505,0.10630249755256191
1328,180,1508,0.10629778996295175
1314,180,1494,0.10628266400172279
1319,177,1496,0.10630065567822293
1312,180,1492,0.10630775900188331
1293,181,1474,0.1063312218971144
1296,184,1480,0.10639733490379027
1302,182,1484,0.1064500407778181
1308,178,1486,0.10648672009840597
1320,182,1502,0.10650532260000281
1320,182,1502,0.1064949077797134
1326,186,1512,0.10648601227704337
1319,180,1499,0.10646299335682421
1324,185,1509,0.10645725729995409
1308,185,1493,0.10643982646923146
1310,189,1499,0.10646185682316142
1300,184,1484,0.10647942733983198
1296,187,1483,0.10651903175538628
1301,188,1489,0.10656557573161765
1304,196,1500,0.10659800061132092
1298,195,1493,0.10661942451881178
1286,195,1481,0.10665346519045847
1297,194,1491,0.10671213365067292
1297,199,1496,0.10674192349671859
1288,200,1488,0.10676945905219908
1287,199,1486,0.10681631848985733
1283,205,1488,0.10686158424310604
1294,203,1497,0.10691322969973042
1282,203,1485,0.1069366758487411
1282,201,1483,0.10698305573365734
1291,200,1491,0.10702527661541605
1287,207,1494,0.1070426514773769
1298,205,1503,0.10706644606629809
1293,203,1496,0.10706528462874719
1277,199,1476,0.10707403642297787
1283,202,1485,0.10712041845645093
1296,198,1494,0.10715118717334654
1296,196,1492,0.10715162608461407
1303,198,1501,0.10715323953271161
1315,195,1510,0.10713402137558178
1319,193,1512,0.10708816145738281
1301,194,1495,0.10703596057940368
1293,196,1489,0.10702775670372848
1300,190,1490,0.10704049652376137
1297,189,1486,0.10703730953255004
1292,189,1481,0.1070421021955455
1284,192,1476,0.10705859505538941
1295,193,1488,0.1070926871019317
1303,199,1502,0.10710108471585912
1292,197,1489,0.10709119323383355
1295,202,1497,0.10710437370197315
1288,200,1488,0.1071105769348104
1287,193,1480,0.10713239746188488
1298,197,1495,0.10715592297073023
1284,196,1480,0.10715329524648784
1282,192,1474,0.10718172900625192
1295,198,1493,0.10721294729374158
1297,200,1497,0.10721342687325981
1303,204,1507,0.1072087612012757
1293,208,1501,0.10719133658751957
1286,210,1496,0.10719873990102714
1283,208,1491,0.10722198047907447
1295,206,1501,0.10725190641813252
1284,207,1491,0.10725058700209866
1271,213,1484,0.1072751922250273
1272,212,1484,0.10732619635848073
1273,212,1485,0.10737418273257454
1281,211,1492,0.10741706233237228
1279,209,1488,0.10743889124856715
1275,212,1487,0.10746033540445836
1288,207,1495,0.10748977730477804
1284,215,1499,0.10748433404905516
1292,216,1508,0.10748764033928301
1289,210,1499,0.10747619771191173
1290,211,1501,0.10747198355476811
1289,213,1502,0.1074673152130125
1292,213,1505,0.10746555495141989
1294,213,1507,0.10745932312440455
1282,213,1495,0.10744841508926693
1270,211,1481,0.10746648561088765
1283,211,1494,0.10751144577614884
1269,211,1480,0.10752187899601279
1262,210,1472,0.10756414488373425
1263,215,1478,0.10761934465394861
1261,217,1478,0.10766579793609062
1254,220,1474,0.10771416541460799
1264,219,1483,0.10777651950702193
1264,218,1482,0.10781187828637673
1260,224,1484,0.1078456177131523
1263,229,1492,0.10788760990412992
1267,227,1494,0.10791925616331126
1258,227,1485,0.10793975789621198
1250,227,1477,0.1079805726914149
1265,225,1490,0.1080378698356569
1266,229,1495,0.10805610258521835
1259,230,1489,0.10807051811825671
1257,238,1495,0.10809856332865081
1255,239,1494,0.10812784448429834
1246,237,1483,0.1081581618197633
1264,235,1499,0.1082089449259552
1256,229,1485,0.10821537502579166
1261,233,1494,0.10823813907183341
1266,230,1496,0.1082503117019182
1260,231,1491,0.10825128701288148
1275,230,1505,0.10826409655343286
1280,229,1509,0.10824237038274881
1278,232,1510,0.10820744473067019
1265,231,1496,0.10818209594766462
1259,240,1499,0.10818872705575196
1253,243,1496,0.10821044328438337
1250,248,1498,0.10824641934240546
1261,246,1507,0.10828742881126016
1261,244,1505,0.10830182832224614
1248,245,1493,0.10831486299646659
1246,243,1489,0.10835706234752085
1242,247,1489,0.10839780255609523
1241,245,1486,0.10844643352133211
1256,249,1505,0.10849516196710227
1261,248,1509,0.10850385833687669
1252,241,1493,0.10850088317154703
1259,246,1505,0.10851904611503897
1259,248,1507,0.10852245772419611
1255,246,1501,0.1085242975146557
1260,248,1508,0.10853624161995082
1258,248,1506,0.10853504705829801
1248,246,1494,0.10853901057121504
1253,239,1492,0.10856667944577979
1246,243,1489,0.1085829140752144
1260,245,1505,0.10861205065183618
1261,240,1501,0.10860521045201658
1264,241,1505,0.10859694174954856
1264,238,1502,0.1085807182984007
1262,239,1501,0.10856558261051731
1253,240,1493,0.10855483180512328
1238,247,1485,0.10856542908456744
1247,251,1498,0.1086110105205026
1242,253,1495,0.1086342871524586
1246,248,1494,0.10866761229454924
1240,251,1491,0.10869030860098042
1243,255,1498,0.10872349919118651
1242,247,1489,0.10874590655593713
1250,256,1506,0.1087702117875499
1240,256,1496,0.10877540590227387
1234,252,1486,0.10880227096957094
1234,254,1488,0.1088410155378911
1231,250,1481,0.10887831229670403
1242,254,1496,0.10891945594909938
1241,252,1493,0.10893016143527116
1236,256,1492,0.10894318645103805
1230,258,1488,0.10896745710379477
1241,258,1499,0.10900319317964807
1231,253,1484,0.1090123677534109
1236,256,1492,0.10904283476229609
1231,260,1491,0.10906093353568408
1225,259,1484,0.10908830579145568
1236,265,1501,0.10912824125214576
1233,269,1502,0.10913850015846545
1228,274,1502,0.10915618225134757
1243,272,1515,0.1091833976385848
1224,269,1493,0.10917710686235658
1232,268,1500,0.10921380803426364
1231,268,1499,0.10923119621334378
1221,271,1492,0.10924841550111836
1227,269,1496,0.10928540581998007
1214,269,1483,0.10930650934503097
1217,268,1485,0.10935384870703194
1215,268,1483,0.10939198069422208
1231,271,1502,0.10943355629190553
1242,271,1513,0.1094359449745101
1236,270,1506,0.10941012321514815
1229,270,1499,0.10939923221852116
1230,272,1502,0.10940619339444886
1232,270,1502,0.1094117321120351
1219,274,1493,0.10941394162782432
1210,276,1486,0.10944770093258827
1206,281,1487,0.10949964812317914
1215,285,1500,0.10955797610836264
1217,283,1500,0.10959425083147685
1209,287,1496,0.10962264801133642
1208,283,1491,0.1096672070551726
1210,280,1490,0.10970772974807633
1209,283,1492,0.10974305604559972
1203,280,1483,0.10977933739904015
1203,281,1484,0.10982523365784934
1215,284,1499,0.10986640382756853
1217,284,1501,0.10987673237606216
1211,283,1494,0.10988358151117493
1222,283,1505,0.10990338307823698
1215,288,1503,0.10989622738667791
1220,286,1506,0.10990495167682415
1211,289,1500,0.10990173790358725
1208,285,1493,0.10992102652544858
1214,285,1499,0.1099483211067201
1200,284,1484,0.10995919278954941
1209,280,1489,0.11000237329934602
1212,288,1500,0.1100206952572977
1208,293,1501,0.11003158370313194
1205,290,1495,0.11005177894684615
1209,295,1504,0.11007634844001704
1212,301,1513,0.11009075258849728
1212,291,1503,0.11010020596503062
1206,292,1498,0.110107872294577
1203,295,1498,0.11012799645637074
1204,296,1500,0.1101526909668419
1200,299,1499,0.11017362976006365
1197,307,1504,0.11020255032597477
1199,302,1501,0.11023588027841823
1199,314,1513,0.11026234074715
1184,310,1494,0.11028595980943479
1194,300,1494,0.1103398351465026
1189,304,1493,0.11036862467335957
1188,304,1492,0.11040690371004296
1190,301,1491,0.11044526406385431
1186,299,1485,0.11047597207022328
1197,304,1501,0.11051449028065594
1202,307,1509,0.11052661340920884
1199,303,1502,0.11052496248195244
1196,295,1491,0.11052885012371153
1199,289,1488,0.11053988786727192
1202,279,1481,0.1105442034553495
1210,280,1490,0.11053704134762787
1203,277,1480,0.1105102818193405
1209,284,1493,0.11050489092847676
1206,290,1496,0.11048425280347968
1206,287,1493,0.11047076567131402
1221,287,1508,0.11045791744182115
1209,288,1497,0.11041071400132081
1208,285,1493,0.11039538747220362
1218,288,1506,0.11038460421155648
1215,287,1502,0.11035391647732508
1219,289,1508,0.11033304630622895
1209,292,1501,0.11030537205433617
1205,288,1493,0.11029946267073523
1210,289,1499,0.11030340175257447
1214,286,1500,0.11029763110888763
1206,288,1494,0.11028478374847456
1215,288,1503,0.11028921328525829
1212,290,1502,0.11027337213079423
1205,290,1495,0.1102639510980018
1206,286,1492,0.11027296103182353
1194,295,1489,0.11027869399624095
1189,295,1484,0.1103131742586502
1177,295,1472,0.11035659684165842
1167,299,1466,0.11042585606125897
1172,302,1474,0.11051195267003515
1182,309,1491,0.1105808814579385
1180,308,1488,0.11062057383502573
1184,303,1487,0.11066224781025813
1185,303,1488,0.1106901063674157
1195,308,1503,0.1107150492683915
1189,305,1494,0.11071690620805928
1190,308,1498,0.11073319215495765
1185,308,1493,0.11074489905589942
1174,306,1480,0.11076938824696185
1170,315,1485,0.11081693224478763
1185,309,1494,0.11087049377137057
1198,311,1509,0.1108830318746066
1194,308,1502,0.11086433667618255
1186,311,1497,0.11085545354664703
1182,313,1495,0.11086743181800113
1186,310,1496,0.11088647366682583
1186,311,1497,0.1108972234251412
1191,315,1506,0.11090626872844211
1195,313,1508,0.11090447461461479
1198,318,1516,0.1108949762197434
1197,318,1515,0.1108809839595829
1190,319,1509,0.11087018214287286
1187,320,1507,0.11087690259744559
1183,317,1500,0.11089119197086823
1173,322,1495,0.11091459807452331
1171,330,1501,0.11095975717287918
1160,321,1481,0.11100602582206523
1151,325,1476,0.1110730838335428
1165,319,1484,0.11115590694343426
1146,323,1469,0.11120177536625471
1147,321,1468,0.1112890857221079
1154,321,1475,0.11136657705445498
1156,325,1481,0.11142301408663993
1165,320,1485,0.11147026436461772
1166,325,1491,0.11149348932224219
1167,329,1496,0.11151082376541865
1158,337,1495,0.11152376610165488
1162,334,1496,0.11155751819803356
1167,335,1502,0.11158176353648333
1164,330,1494,0.11159260974236794
1168,321,1489,0.11161004398728144
1168,324,1492,0.11161663634356443
1166,326,1492,0.11162067843146005
1169,332,1501,0.11163036697595885
1155,329,1484,0.11163473071248482
1145,328,1473,0.11166937569362513
1147,326,1473,0.11171977885243617
1142,327,1469,0.11176521206206036
1134,325,1459,0.11182049719102449
1155,328,1483,0.11188976299107502
1155,330,1485,0.11190540447394323
1154,334,1488,0.11191939686663822
1158,337,1495,0.1119334936683396
1157,338,1495,0.11193862207133522
1158,348,1506,0.11194633979219303
1155,347,1502,0.1119494193440756
1148,346,1494,0.11196153807714172
1152,347,1499,0.11198891212498094
1167,345,1512,0.11200537973451997
1171,343,1514,0.11198535122167456
1171,339,1510,0.11195978005993731
1168,337,1505,0.11193509103415313
1156,337,1493,0.11192175171173936
1152,344,1496,0.11193704473060333
1149,344,1493,0.11196022875632476
1162,344,1506,0.1119909902175523
1154,348,1502,0.11199126292233402
1153,351,1504,0.11200958817954813
1144,354,1498,0.1120278929629936
1145,358,1503,0.11206636200172226
1142,353,1495,0.11210011547911965
1141,357,1498,0.11213776097572187
1133,356,1489,0.11217635285686495
1129,362,1491,0.11223063979075398
1138,363,1501,0.11229073565889465
1139,360,1499,0.11232468670937167
1141,353,1494,0.1123543133902001
1137,366,1503,0.1123757276887849
1136,371,1507,0.1124045997569838
1140,373,1513,0.11243416020447448
1117,370,1487,0.1124533087327126
1117,373,1490,0.11252477025841667
1123,382,1505,0.11259262980721159
1128,387,1515,0.11264360891176034
1126,387,1513,0.1126805366142932
1127,384,1511,0.11271864074110009
1122,386,1508,0.11275163892926532
1109,385,1494,0.11279333203663468
1117,391,1508,0.11286027965737438
1113,386,1499,0.1129047831220869
1119,385,1504,0.1129575725070425
1130,378,1508,0.11299345609084646
1126,385,1511,0.1130017125035759
1117,389,1506,0.11302007982528639
1124,384,1508,0.11305769635995705
1115,388,1503,0.11307576760207086
1116,394,1510,0.11311423078505006
1110,394,1504,0.1131466013627005
1107,398,1505,0.11318838478157005
1109,393,1502,0.11323476939645045
1118,386,1504,0.11327290842947935
1117,390,1507,0.11328909037004994
1118,393,1511,0.11330551782816038
1110,396,1506,0.11332045206536556
1111,397,1508,0.11335192193297075
1115,398,1513,0.11337980004234012
1122,405,1527,0.11339894568990413
1110,405,1515,0.11340233094151532
1104,398,1502,0.113433709756228
1110,399,1509,0.11347626917136132
1104,389,1493,0.11350170158045599
1110,391,1501,0.11353573416726395
1108,386,1494,0.11355292616785091
1113,389,1502,0.11357124668590445
1120,391,1511,0.11357731112535129
1120,387,1507,0.11356793995382035
1117,391,1508,0.11355705235666161
1114,387,1501,0.1135559246938965
1106,380,1486,0.11356335241089073
1111,388,1499,0.113586164023251
1110,394,1504,0.11359643120665862
1123,395,1518,0.11360935799130809
1114,393,1507,0.11358952930768203
1108,390,1498,0.11358926516915319
1111,386,1497,0.11360402295673706
1109,388,1497,0.11361114275846852
1109,392,1501,0.1136212686920856
1113,392,1505,0.1136283637628977
1117,394,1511,0.11362699454428174
1110,393,1503,0.11361706931818562
1108,389,1497,0.11362221260685247
1121,382,1503,0.11363283865386864
1107,380,1487,0.113609325342627
1100,389,1489,0.11362021592845509
1106,388,1494,0.1136428287556485
1105,384,1489,0.11365077377016373
1102,388,1490,0.11365861548015775
1102,396,1498,0.11367649092519422
1098,396,1494,0.11369482694098339
1104,396,1500,0.11372129795421028
1105,402,1507,0.11373458516080052
1102,404,1506,0.11374159923076302
1094,413,1507,0.11375595236247815
1100,410,1510,0.11378887680821485
1098,415,1513,0.11380559585095944
1091,409,1500,0.11382639629415064
1086,413,1499,0.1138596283119042
1090,419,1509,0.11390410812071977
1077,417,1494,0.11393659236900731
1080,421,1501,0.11399694813142118
1080,424,1504,0.11404649529319454
1070,416,1486,0.11409304964230377
1060,419,1479,0.1141599025385181
1057,420,1477,0.11424637154828328
1059,428,1487,0.1143341638082086
1064,429,1493,0.11441019738084819
1058,429,1487,0.11447141602148596
1057,434,1491,0.11454213726039587
1060,437,1497,0.11461051191562216
1071,435,1506,0.11466362000228045
1072,444,1516,0.11468716828481221
1068,438,1506,0.11470654252638272
1068,438,1506,0.11473271248116614
1075,435,1510,0.11475759810262641
1071,432,1503,0.11476547007470458
1068,434,1502,0.11478131017527811
1065,435,1500,0.1148021406997313
1077,430,1507,0.11483019410938151
1080,436,1516,0.11482455204852476
1076,441,1517,0.11481355517597669
1069,445,1514,0.11481341303005582
1056,443,1499,0.1148302570962897
1046,450,1496,0.11487615955778095
1041,453,1494,0.1149430904115486
1041,451,1492,0.11501687769788621
1040,449,1489,0.11508672686725442
1040,456,1496,0.11515467202715327
1044,453,1497,0.11521830058315238
1049,459,1508,0.11526792707601523
1044,455,1499,0.11530381401971355
1037,461,1498,0.11534969712065889
1023,464,1487,0.1154102032813008
1014,468,1482,0.11549877049064633
1018,459,1477,0.11560065585580456
1023,468,1491,0.11568496678647808
1024,468,1492,0.11575155349188475
1031,475,1506,0.11581141503657964
1036,470,1506,0.11585095082097169
1039,476,1515,0.11587738145909844
1025,473,1498,0.11589507563807666
1022,473,1495,0.11594438791840535
1030,467,1497,0.11599676140388533
1031,468,1499,0.116028134692329
1031,467,1498,0.11605552460291378
1029,464,1493,0.11608119794325555
1036,462,1498,0.11611081760474519
1037,469,1506,0.11612211689569142
1035,470,1505,0.11612944850984572
1034,467,1501,0.11613830257755793
1034,469,1503,0.11614897035728332
1035,473,1508,0.11615921168131649
1026,476,1502,0.11616888852532421
1023,472,1495,0.11619868395363005
1026,475,1501,0.11623221132282872
1025,479,1504,0.11625636764176711
1035,474,1509,0.1162845690451377
1024,478,1502,0.11628657487502575
1022,482,1504,0.11631334819476426
1031,483,1514,0.11634380908775867
1030,480,1510,0.11635121541970093
1026,469,1495,0.11635965535296361
1034,475,1509,0.116377947190853
1015,479,1494,0.11637078744660055
1021,470,1491,0.11640712768431839
1026,469,1495,0.11642749598967994
1036,467,1503,0.11643321505067344
1033,466,1499,0.11641507207789811
1027,465,1492,0.11640619399432323
1021,469,1490,0.11641375559112052
1023,468,1491,0.116432885205341
1009,475,1484,0.11644556038510288
1018,479,1497,0.11649051947876846
1019,474,1493,0.11651546103168357
1037,471,1508,0.11653381337755704
1034,476,1510,0.1165104183689722
1035,475,1510,0.11649589998468493
1023,474,1497,0.11647968411626128
1028,475,1503,0.11649240406826436
1028,475,1503,0.11649483386147307
1024,477,1501,0.11649435235085648
1014,479,1493,0.1165047363445142
1013,482,1495,0.11653974368221175
1008,479,1487,0.11657366665950589
1007,480,1487,0.11661830588447106
1013,475,1488,0.11666245049970553
1020,477,1497,0.1166894935701637
1025,481,1506,0.11669800235233777
1030,479,1509,0.11669366770832636
1030,483,1513,0.11668077923742855
1014,485,1499,0.11666823319256397
1004,491,1495,0.11669250133855473
1011,487,1498,0.11674013846273931
1009,482,1491,0.11676587742247768
1010,480,1490,0.1167934751748123
1011,481,1492,0.11681645935367783
1000,481,1481,0.11683533246230347
1002,487,1489,0.11687771575104815
1002,486,1488,0.11691315572856059
1010,491,1501,0.1169474344105853
1003,484,1487,0.1169604895186076
1005,487,1492,0.11698642556161204
1010,481,1491,0.1170092405398899
1017,489,1506,0.11701900820841268
1012,490,1502,0.11701402138193512
1005,494,1499,0.1170210759699567
1012,486,1498,0.11704495136049069
1012,490,1502,0.11705254239064918
1009,497,1506,0.11705805792221424
997,502,1499,0.11707031513200984
1004,509,1513,0.11710840669638715
998,503,1501,0.11712911285053147
996,504,1500,0.11716269204503256
995,502,1497,0.11720075784694309
985,500,1485,0.11723908479222295
971,503,1474,0.11729882900418444
983,510,1493,0.11738618785673899
992,502,1494,0.11744138194800197
992,509,1501,0.11746985323035125
975,511,1486,0.1174965767602728
979,513,1492,0.1175618333611786
990,515,1505,0.11761085911362695
987,504,1491,0.11763031538861003
982,507,1489,0.11765764009201306
988,510,1498,0.11769476757324827
994,513,1507,0.11771621868424521
985,516,1501,0.11772086360204223
1002,512,1514,0.11774518002800882
1007,509,1516,0.11772895769593575
1007,515,1522,0.11770133162122341
1015,506,1521,0.11767592007321635
1012,502,1514,0.11763427586824837
1005,507,1512,0.11760063340940595
1000,512,1512,0.11758631774186128
1000,513,1513,0.11758750982553398
984,517,1501,0.11758923418727128
983,515,1498,0.11762722834784364
993,519,1512,0.11766568226862524
992,517,1509,0.1176750090871841
999,514,1513,0.11768802536532051
1000,520,1520,0.11768441013074346
995,513,1508,0.11767959642207107
992,510,1502,0.11768672689738999
983,507,1490,0.11770066002028447
1001,510,1511,0.11773607024073036
994,513,1507,0.11772626361470818
995,520,1515,0.11773169265166382
992,518,1510,0.1177337147078367
990,518,1508,0.1177452061510171
983,512,1495,0.11776037309046891
984,512,1496,0.11779289774530408
980,510,1490,0.11781912728732973
984,516,1500,0.11784913129019028
989,522,1511,0.11786897502314102
990,520,1510,0.11787694699923797
980,517,1497,0.11788424994507941
978,525,1503,0.11791486808991075
967,526,1493,0.11794795307167157
970,532,1502,0.11800523378104658
977,529,1506,0.11805166857826414
962,530,1492,0.11807906999232692
968,541,1509,0.11813997958531396
967,538,1505,0.11818350534082461
971,541,1512,0.11822810310190603
956,546,1502,0.11826115319463884
955,546,1501,0.11832521472207111
955,545,1500,0.11838741092098357
944,542,1486,0.11844518939445878
948,533,1481,0.1185227315496277
962,532,1494,0.11858477356135591
967,546,1513,0.11860920047195236
969,539,1508,0.11862002448289552
967,539,1506,0.11862590240737798
965,536,1501,0.11863630935945123
959,535,1494,0.11865340102137618
959,536,1495,0.11868260971555955
956,539,1495,0.11871107087192058
957,537,1494,0.11874511903174252
953,544,1497,0.11877516547031235
955,536,1491,0.1188100839968555
954,529,1483,0.11883446194569558
948,534,1482,0.11885708261793408
965,530,1495,0.11889213621079633
958,534,1492,0.11888078287665017
956,532,1488,0.11888815306907585
960,527,1487,0.1189001776343474
951,526,1477,0.11890159836400484
953,533,1486,0.11892244998788358
956,531,1487,0.11893499738325307
960,537,1497,0.11894123018860778
967,540,1507,0.11893775167128462
963,535,1498,0.11891951657590209
968,537,1505,0.11891097978465368
967,535,1502,0.11889089509699641
962,539,1501,0.11887430844985923
967,532,1499,0.11887004747670962
977,532,1509,0.11885570772568194
971,536,1507,0.11882132309335827
962,538,1500,0.11880343528399742
966,545,1511,0.11880871057591595
953,541,1494,0.11880549909914646
951,543,1494,0.11883367069616627
948,544,1492,0.1188670777074202
949,547,1496,0.11890433268262299
955,549,1504,0.1189352673183874
945,544,1489,0.11894936327419176
947,545,1492,0.1189855275700667
942,545,1487,0.11901558123617402
946,548,1494,0.11905585729914207
941,557,1498,0.11908567178542764
943,554,1497,0.11912405164402597
943,545,1488,0.11915688431676025
943,556,1499,0.11918734078151161
940,542,1482,0.11921430334523238
946,547,1493,0.11924673995712017
939,558,1497,0.11926179614007965
939,564,1503,0.11929214657559825
924,566,1490,0.11932161370899273
931,568,1499,0.11938723837877412
936,564,1500,0.1194309751726389
941,564,1505,0.1194603641508521
939,565,1504,0.11947517327959989
940,572,1512,0.11949648931933156
941,576,1517,0.11951313225075832
927,573,1500,0.11952533173829413
922,573,1495,0.11957094025138733
929,572,1501,0.11962574329370909
925,570,1495,0.11966033698098907
922,572,1494,0.11970188319339517
928,570,1498,0.11974595543985192
928,573,1501,0.11977205383738415
923,577,1500,0.11979820700010749
924,573,1497,0.1198319715194722
924,580,1504,0.11985995355289188
930,584,1514,0.11988455405175799
929,585,1514,0.1198940672584245
922,586,1508,0.11990547896165152
919,587,1506,0.1199323181922706
933,585,1518,0.11996636270195235
932,575,1507,0.1199669545308948
920,575,1495,0.11997195711858381
920,572,1492,0.12000293077308193
925,581,1506,0.12003179259769968
927,581,1508,0.12004843545048738
915,585,1500,0.1200592112975555
910,583,1493,0.1200972021253162
909,586,1495,0.12014371165903275
908,578,1486,0.12018804926501023
908,584,1492,0.12023457065556636
903,585,1488,0.12027780798116167
903,581,1484,0.12032819524567198
913,586,1499,0.12037269477863032
914,590,1504,0.12039210795529268
911,595,1506,0.12040859450768092
915,596,1511,0.12043271558925152
915,597,1512,0.12044471904655513
919,600,1519,0.12045443100013226
918,586,1504,0.12045398954474255
915,591,1506,0.12045527825170657
921,597,1518,0.12046450972618594
912,597,1509,0.12045965498411043
904,597,1501,0.12047428885344141
887,593,1480,0.12050844374947477
889,606,1495,0.12057949162135849
904,605,1509,0.1206413429983018
909,611,1520,0.12066363847446687
900,610,1510,0.12067242769854072
892,611,1503,0.12070353828632317
900,617,1517,0.1207529517259683
898,616,1514,0.1207812820455422
888,603,1491,0.12081130308941863
890,608,1498,0.12085849225341119
895,607,1502,0.12090155119565132
889,604,1493,0.12093081966903402
892,610,1502,0.12097194167899197
892,619,1511,0.12100368511574047
898,614,1512,0.1210325698769363
894,617,1511,0.1210444427905854
904,610,1514,0.1210662148024415
910,603,1513,0.12106181183000408
913,609,1522,0.12104136689702838
915,615,1530,0.12101588366795012
917,617,1534,0.12098948523565432
906,615,1521,0.12095982833395037
900,611,1511,0.12095727837949745
898,602,1500,0.12097117810982073
884,608,1492,0.12098700284234615
886,614,1500,0.12103566349488591
890,615,1505,0.12107602902828601
882,614,1496,0.12110711700313746
879,614,1493,0.12115321345178899
869,621,1490,0.12119860846550382
880,624,1504,0.121264882861354
887,623,1510,0.12130361087549885
888,619,1507,0.12132357024564744
887,618,1505,0.12133844660782547
879,625,1504,0.12135472286224754
876,620,1496,0.12138878650756403
873,622,1495,0.12142521995845418
879,626,1505,0.12146741066322232
881,623,1504,0.12149139631282962
875,623,1498,0.1215072447859815
876,625,1501,0.12153618205548752
887,619,1506,0.12156282532169044
894,612,1506,0.1215582681733019
886,610,1496,0.12153582872664179
892,609,1501,0.12153495881415352
896,615,1511,0.12151687715549116
884,620,1504,0.12149137457706356
893,626,1519,0.12149588621466552
888,625,1513,0.12147930165237573
884,621,1505,0.12147621490230845
896,620,1516,0.12148199089250733
882,610,1492,0.12146005927586513
892,614,1506,0.12147227994096806
895,619,1514,0.12145893167018179
891,627,1518,0.12144221120429165
888,631,1519,0.12143812751586733
886,616,1502,0.12144350050225895
879,626,1505,0.12145412488474844
877,619,1496,0.12147993703670497
878,624,1502,0.12150825375490083
876,634,1510,0.12153213479618995
873,634,1507,0.12155756834449562
873,628,1501,0.12158824608633491
862,629,1491,0.12161922364489021
869,625,1494,0.12167508192910276
867,630,1497,0.12171086498938129
857,642,1499,0.12174991475031138
866,644,1510,0.12180965808509757
862,641,1503,0.1218436958434479
852,647,1499,0.12188332261779475
854,644,1498,0.12194552883249705
852,644,1496,0.1219999373074521
850,647,1497,0.12205413447323128
848,644,1492,0.1221099994371712
842,646,1488,0.12216693309605596
836,653,1489,0.12223247602120021
832,653,1485,0.12230971262748876
833,650,1483,0.122391786767576
834,647,1481,0.12246638988895345
844,642,1486,0.12253524549584803
842,653,1495,0.12257411075021395
833,659,1492,0.12261087878171649
832,652,1484,0.12266579415571811
834,654,1488,0.12271908709315806
839,659,1498,0.12276410528337488
842,656,1498,0.1227945375940988
841,662,1503,0.12281812180748897
848,672,1520,0.12284285653702297
831,669,1500,0.12285021478033328
822,674,1496,0.12289729803302901
829,673,1502,0.12296451386788043
842,680,1522,0.1230113038890116
835,683,1518,0.1230255550540919
839,683,1522,0.12305382625960164
842,675,1517,0.12307224820646584
831,669,1500,0.12308418942536051
833,676,1509,0.12312001698909945
833,681,1514,0.12314729964719032
831,678,1509,0.1231723622525325
833,674,1507,0.1232021693856717
838,685,1523,0.12322628711324217
833,685,1518,0.12323814473129606
829,684,1513,0.12326069379023565
837,672,1509,0.12329074071556095
832,671,1503,0.12330182665932514
841,671,1512,0.12332280571773517
846,668,1514,0.12331947974148123
837,671,1508,0.12330406196521708
844,679,1523,0.12331172539732103
839,674,1513,0.1233058720564453
838,670,1508,0.12331250608378168
841,671,1512,0.12332067331575555
838,682,1520,0.12332141208010058
839,679,1518,0.12332841082681974
835,681,1516,0.1233335513869176
824,679,1503,0.1233476518636078
834,678,1512,0.12338547512180849
835,681,1516,0.12339922367329091
831,678,1509,0.12340906217732125
825,674,1499,0.12342847273791911
825,677,1502,0.12346115572198248
823,676,1499,0.12349316161985403
822,687,1509,0.12352440189583541
826,690,1516,0.12355492494028049
821,694,1515,0.1235760051817278
817,688,1505,0.1236083159802907
815,692,1507,0.12364578216968412
818,689,1507,0.12368504136159392
812,689,1501,0.12371465832739163
811,699,1510,0.12375332808290342
808,697,1505,0.12379172825034968
813,697,1510,0.12383290318743644
811,693,1504,0.12385866722106
810,688,1498,0.12388762494650826
810,690,1500,0.12391638875704594
817,688,1505,0.12394394918237349
804,686,1490,0.12395231352317658
796,692,1488,0.12399169915521831
811,695,1506,0.12404640580001285
810,689,1499,0.12405997143549356
820,682,1502,0.12407513738966185
827,680,1507,0.12406609538128328
822,682,1504,0.12403979302667924
823,683,1506,0.1240237694849939
810,685,1495,0.12400965629919669
808,684,1492,0.12402730673344513
818,688,1506,0.1240500127945939
805,696,1501,0.12404914367219767
813,691,1504,0.12407877807863418
810,690,1500,0.12408830816641438
803,695,1498,0.12410435362457171
794,701,1495,0.12413833433216687
801,704,1505,0.12419157583586529
810,707,1517,0.1242237780654026
810,707,1517,0.12423202928176862
811,705,1516,0.12424021622761647
810,694,1504,0.12424768577884537
809,700,1509,0.12425796785492435
814,702,1516,0.12427110282380564
807,704,1511,0.12426976831276315
803,701,1504,0.12428320030752804
799,692,1491,0.12430367409038194
800,699,1499,0.12432912652504449
804,704,1508,0.12434968110853246
801,705,1506,0.12436112323800082
799,693,1492,0.12437977235064192
797,700,1497,0.12440257142457689
796,698,1494,0.12442703148495005
785,704,1489,0.12445273432161962
781,708,1489,0.12450288801859286
792,719,1511,0.12455790930472845
788,711,1499,0.1245845943743862
801,713,1514,0.12461891836742754
797,708,1505,0.12461937405895189
792,703,1495,0.12463121476182865
788,707,1495,0.12465384518154465
778,713,1491,0.12468569630974156
780,717,1497,0.1247398797969316
776,722,1498,0.12478603381551943
780,725,1505,0.12483925245331742
779,717,1496,0.12487745083568026
780,712,1492,0.12491372437326874
786,708,1494,0.1249453278613211
775,714,1489,0.12495966771656013
784,722,1506,0.12499865259050118
789,720,1509,0.12501506988634614
791,719,1510,0.12501913194608888
783,714,1497,0.12501600814965064
776,719,1495,0.1250316909035777
778,724,1502,0.12506437563233877
775,724,1499,0.12509302326526833
779,719,1498,0.12512520425557944
781,720,1501,0.12514598320444362
785,717,1502,0.1251596654971195
782,729,1511,0.12516151319275687
781,728,1509,0.12517111861282734
782,733,1515,0.1251822248331874
777,733,1510,0.1251913081105484
783,740,1523,0.12521332512490801
780,735,1515,0.1252192911822364
785,734,1519,0.1252316556237561
775,737,1512,0.12523077002872945
768,751,1519,0.1252533760488551
780,743,1523,0.1252885840353708
782,736,1518,0.1252948121861975
789,737,1526,0.1252969642111563
779,727,1506,0.12528447812004853
779,726,1505,0.1252957877712811
781,721,1502,0.1253086523993151
785,715,1500,0.1253141001971854
783,725,1508,0.1253080603498606
790,721,1511,0.12530503462134363
793,717,1510,0.12529004281184453
788,724,1512,0.12526868105794747
784,720,1504,0.12525828907960562
783,718,1501,0.12525800860666472
780,722,1502,0.12526300091030257
782,715,1497,0.12527355757339373
785,716,1501,0.12527661616081054
779,721,1500,0.12527117919258854
789,719,1508,0.1252787140329164
790,712,1502,0.12526093883692166
788,715,1503,0.12524200559419443
793,722,1515,0.12522744699365215
782,724,1506,0.12520317831748787
792,721,1513,0.1252090442719191
791,726,1517,0.1251881873394416
778,721,1499,0.12517252737693466
788,725,1513,0.1251888671433513
795,725,1520,0.12518062219229442
787,718,1505,0.12515492034605277
786,723,1509,0.12515044527248811
787,727,1514,0.1251489129740765
787,717,1504,0.12514697991512275
779,718,1497,0.12514412808930814
765,725,1490,0.12516094146879347
767,720,1487,0.12521037658881162
761,725,1486,0.12525183504363208
766,727,1493,0.12530044030627047
773,725,1498,0.12533546235701087
763,729,1492,0.12535277366824008
768,718,1486,0.12539085752036322
773,723,1496,0.12541569675700157
776,723,1499,0.12542741503819868
776,726,1502,0.12542873845487942
771,728,1499,0.12543107224502204
760,736,1496,0.12544563902945766
767,743,1510,0.1254868417600311
764,733,1497,0.12551022245421148
758,743,1501,0.12553979882350186
763,737,1500,0.12557825057517516
754,740,1494,0.12560445113402108
759,736,1495,0.12564710854067648
758,738,1496,0.12567607248208484
752,745,1497,0.12570674957635503
757,741,1498,0.1257492149455281
759,749,1508,0.1257780468853648
745,748,1493,0.1258004756657066
752,748,1500,0.12585301334120222
752,752,1504,0.1258883783051514
755,744,1499,0.12592214212802474
758,744,1502,0.12594640426818343
748,747,1495,0.12596176907844586
749,750,1499,0.12599559436497926
755,742,1497,0.1260263493059347
755,732,1487,0.12603890428547598
760,736,1496,0.1260514360820961
757,733,1490,0.12605065176471053
756,737,1493,0.1260559569835361
757,747,1504,0.12606222859280838
756,744,1500,0.12606482897320703
753,748,1501,0.12606841000425373
758,743,1501,0.12608128965784457
742,760,1502,0.12608306572690023
744,754,1498,0.12612346631042604
741,758,1499,0.1261567483081408
734,757,1491,0.1261987345107152
751,756,1507,0.12625246990220332
749,755,1504,0.12626322394799291
740,750,1490,0.12627726120983898
744,755,1499,0.12630932896116953
742,760,1502,0.12633149366564478
744,762,1506,0.12635578364575561
737,759,1496,0.12637404198259217
732,747,1479,0.12640861432109335
733,750,1483,0.12645375628934774
738,758,1496,0.12649766790052572
740,763,1503,0.12652440980612095
738,766,1504,0.1265439881393093
730,774,1504,0.12656651440061778
730,773,1503,0.12660553432911203
720,767,1487,0.12664268013563795
722,778,1500,0.12669917650814908
722,777,1499,0.12674622412748562
723,768,1491,0.12679022635249246
719,765,1484,0.12683091795913243
722,774,1496,0.1268775223762001
726,772,1498,0.1269146645188658
722,774,1496,0.1269403043935643
726,783,1509,0.12697254450167456
724,787,1511,0.12699495321523444
720,783,1503,0.12702084497888116
709,796,1505,0.12705520694823963
708,798,1506,0.12711374026241348
707,800,1507,0.12717097833280885
701,801,1502,0.12722820672596008
702,811,1513,0.12729625610273673
700,801,1501,0.1273580854912372
697,809,1506,0.12741867464479498
691,808,1499,0.12747976706204048
688,805,1493,0.1275509305639795
692,805,1497,0.12762642419404865
693,809,1502,0.12768485807472893
695,802,1497,0.12773683323486432
696,813,1509,0.12778069264761965
693,823,1516,0.12782087370586054
690,810,1500,0.12786611496361103
694,813,1507,0.12791721007360438
690,816,1506,0.12795433183379018
689,812,1501,0.12799778566765244
682,819,1501,0.12804132092554346
683,818,1501,0.12809771569964779
673,821,1494,0.12814887172055733
672,821,1493,0.1282202613231024
662,820,1482,0.12828984920937977
670,828,1498,0.12837860354375386
670,832,1502,0.1284434907003037
659,846,1505,0.12850398130897445
654,861,1515,0.12858731741761242
668,855,1523,0.12867902312827578
666,847,1513,0.12873288431128507
660,842,1502,0.12878589382832964
668,843,1511,0.1288494003782331
665,843,1508,0.12889008001167082
656,854,1510,0.12893722979899966
666,853,1519,0.12900230863550224
670,857,1527,0.12904027495555195
671,850,1521,0.12906314619070186
664,835,1499,0.12908274312957352
669,836,1505,0.12911645128360663
668,829,1497,0.1291336062550241
667,836,1503,0.12915292933996061
672,835,1507,0.12917497591849036
672,840,1512,0.12918398591975835
674,837,1511,0.1291930204924887
672,845,1517,0.129197292919261
673,857,1530,0.1292054627884361
675,856,1531,0.12921137107185912
678,841,1519,0.12921331743009679
678,848,1526,0.12921085079145
670,854,1524,0.12920852436915797
654,859,1513,0.12922777179526965
654,868,1522,0.12928169438963014
645,863,1508,0.12933413261260981
642,863,1505,0.12940122443113886
645,860,1505,0.12947088812717542
647,862,1509,0.129529146625282
643,865,1508,0.129580203384015
643,860,1503,0.12963674077945955
642,856,1498,0.12968831697589914
645,863,1508,0.12973633468903892
649,850,1499,0.12977109737920958
634,852,1486,0.1297964994375226
639,855,1494,0.12985067419908003
635,859,1494,0.12989059093542007
621,865,1486,0.1299379907782762
633,867,1500,0.1300146318698904
627,868,1495,0.1300574701431959
630,868,1498,0.1301134263354394
628,870,1498,0.1301597200184944
629,867,1496,0.1302059222613009
635,875,1510,0.13024406499125266
636,880,1516,0.1302656898729306
639,872,1511,0.13028505984064317
631,876,1507,0.1302972219598762
638,881,1519,0.13032729340702864
637,885,1522,0.13033714914122574
627,883,1510,0.13035005146822795
626,892,1518,0.13038590072081788
631,878,1509,0.13042295041810983
630,880,1510,0.13044580249157223
630,873,1503,0.13047022548720977
627,878,1505,0.1304912119498655
631,870,1501,0.13051882284682376
630,870,1500,0.13053472319214982
641,875,1516,0.13055024921534497
635,875,1510,0.13053808165632852
640,871,1511,0.13054219200362588
638,866,1504,0.13053573202919114
634,865,1499,0.13053317296836542
639,866,1505,0.13054147092853405
634,864,1498,0.13053905826710419
633,874,1507,0.13054829352225547
633,879,1512,0.1305593505776842
632,878,1510,0.13056931009756806
635,878,1513,0.13058258149461335
631,882,1513,0.13058402004449732
636,882,1518,0.13059499393188
634,880,1514,0.1305941967018211
626,873,1499,0.13059750117896804
627,869,1496,0.13062054936485784
631,882,1513,0.13063884423028538
638,881,1519,0.13064615906690383
624,884,1508,0.13063785163282018
618,881,1499,0.13066240242212535
628,881,1509,0.13070059025248054
625,878,1503,0.13071190685668665
622,872,1494,0.13072708664734062
619,868,1487,0.13074878018430633
618,880,1498,0.13077642761044025
618,884,1502,0.13080635712876976
622,883,1505,0.13083364716736387
627,890,1517,0.13085121361790208
614,883,1497,0.1308574261603491
616,887,1503,0.13089385612516619
620,896,1516,0.13092345637092537
612,887,1499,0.13094243127453217
608,891,1499,0.13097724089616114
600,896,1496,0.13101889555956336
603,892,1495,0.1310793441670847
609,897,1506,0.13112818425521114
605,895,1500,0.1311579856230308
616,889,1505,0.13119421496612035
615,889,1504,0.13120104321365006
617,900,1517,0.13121018751443436
615,896,1511,0.13121178361026978
621,904,1525,0.13121717204896316
615,899,1514,0.13120906015657607
623,898,1521,0.13121469436355498
625,887,1512,0.13119967892413092
618,890,1508,0.13118083183647145
614,882,1496,0.13118141217185827
612,883,1495,0.13119111881917148
617,887,1504,0.13120782959663402
623,886,1509,0.1312149593771073
619,909,1528,0.13120550220730146
616,899,1515,0.13120745728852498
616,898,1514,0.13121674686181148
611,891,1502,0.13122779863476947
602,901,1503,0.1312486453263676
599,902,1501,0.13128944176767937
603,896,1499,0.13133325858521083
604,902,1506,0.13136577216857925
607,905,1512,0.13139509334825428
602,907,1509,0.1314139433927867
598,904,1502,0.1314429969248484
601,900,1501,0.13148082279049864
601,895,1496,0.13150845270941022
597,905,1502,0.1315329459299019
595,901,1496,0.13156556852034426
597,910,1507,0.13160026396211916
584,915,1499,0.1316276000307973
580,907,1487,0.13168430013404578
573,897,1470,0.13174638366831704
582,900,1482,0.13181623368651837
590,909,1499,0.13186168454333294
591,921,1512,0.13188630603134208
593,923,1516,0.13190649539682586
587,920,1507,0.13192084674687984
580,915,1495,0.13194899842800886
590,912,1502,0.13199269342269954
587,910,1497,0.1320094316259851
581,924,1505,0.13203070367764966
583,927,1510,0.1320663324294352
582,927,1509,0.13209303462102895
583,921,1504,0.13212222143565877
583,933,1516,0.13214663301123
587,935,1522,0.13216869307395981
590,931,1521,0.13217821793575815
582,933,1515,0.1321808464727687
584,937,1521,0.1322012849935279
577,936,1513,0.13221809491893077
569,926,1495,0.1322512896522103
558,930,1488,0.13230014957043992
572,928,1500,0.13237051796372812
575,923,1498,0.1324056581645441
564,918,1482,0.1324308009255237
581,920,1501,0.13248048853736485
579,920,1499,0.13248627153069942
580,932,1512,0.1324967528694041
579,928,1507,0.13250135576316308
580,926,1506,0.13250808254406116
575,934,1509,0.13251084263088853
576,924,1500,0.13252591394215332
567,930,1497,0.13253605034659124
572,931,1503,0.13256698942274928
570,931,1501,0.13258575754512655
554,940,1494,0.13260824211505384
552,948,1500,0.13266398950214467
566,952,1518,0.13272014333054183
561,949,1510,0.1327380241449989
555,953,1508,0.13276793777027546
559,945,1504,0.13281061688076193
559,951,1510,0.13284175727307404
570,964,1534,0.1328713085743048
572,957,1529,0.13287121350273381
566,959,1525,0.1328686128903993
562,956,1518,0.13288003277531626
571,938,1509,0.13290016662807208
561,942,1503,0.13289693986478526
553,950,1503,0.13292043529505676
554,949,1503,0.13296144409701569
548,953,1501,0.13300055722983894
552,957,1509,0.13304995052946278
555,952,1507,0.13308569680188953
555,955,1510,0.1331084937920342
550,960,1510,0.13313108580433558
553,971,1524,0.1331655414602412
550,964,1514,0.13319007025276158
551,959,1510,0.1332188742002749
552,949,1501,0.1332442550704507
554,951,1505,0.13326551016071028
550,962,1512,0.1332814417950094
544,960,1504,0.13330507965952598
546,956,1502,0.13334020621810003
541,960,1501,0.1333700895467134
543,955,1498,0.13341198807481272
550,955,1505,0.13344572696284673
549,958,1507,0.1334577149244274
547,955,1502,0.13346938740105477
549,950,1499,0.13348518018683805
546,943,1489,0.133495260528003
551,949,1500,0.13351312486865008
552,953,1505,0.133514314952885
558,955,1513,0.13351388310257936
554,953,1507,0.1335016218380062
555,951,1506,0.13349537814477885
551,948,1499,0.13348733567078702
549,953,1502,0.13348805163593144
553,959,1512,0.13349492043678285
548,954,1502,0.13349172284801328
552,957,1509,0.13350271714278666
557,958,1515,0.13350368840180962
554,956,1510,0.1334924487345096
550,956,1506,0.13348929351103628
546,952,1498,0.13349730029428167
548,950,1498,0.1335105109272073
549,950,1499,0.13351889084483204
549,956,1505,0.1335229316672537
549,961,1510,0.13352538078922296
544,963,1507,0.13353120119265427
541,969,1510,0.13354932312505674
545,962,1507,0.13357458625676208
541,956,1497,0.1335888530732537
539,962,1501,0.13360800146063803
550,976,1526,0.13363021614994544
551,958,1509,0.13362482862414865
547,964,1511,0.13361879244448077
547,963,1510,0.13362341068013917
544,964,1508,0.1336273240639787
543,958,1501,0.13363751439124466
542,971,1513,0.13365231896559152
533,977,1510,0.13366940070575836
529,971,1500,0.13370622692942974
533,968,1501,0.13375103562037555
538,966,1504,0.13378514066627806
538,965,1503,0.13380232923922197
534,970,1504,0.13381893466158842
542,971,1513,0.13384453950315178
542,967,1509,0.13385051648164073
536,969,1505,0.13385767823519928
525,984,1509,0.13387725529004235
525,981,1506,0.1339212009928832
526,986,1512,0.13396395438254813
525,988,1513,0.13400073807907611
529,995,1524,0.13403654420614264
530,998,1528,0.13406144952806281
538,995,1533,0.13408390620883368
528,988,1516,0.13408516486778083
530,972,1502,0.13411171594755145
537,980,1517,0.13413044859358475
543,976,1519,0.13412765198661386
541,977,1518,0.13410927718598775
545,970,1515,0.13409700363454718
546,976,1522,0.1340754880356952
539,978,1517,0.13405499618048938
536,986,1522,0.13405375616959186
527,992,1519,0.1340611166629017
523,988,1511,0.13409003400948458
529,979,1508,0.1341254619599369
535,969,1504,0.13414484514902758
536,977,1513,0.1341485909246764
535,974,1509,0.13414927527394688
534,979,1513,0.13415116414547065
536,983,1519,0.13415331941608208
537,978,1515,0.13415190128858906
531,978,1509,0.13414779311919026
533,980,1513,0.13415767149239982
520,991,1511,0.13416226707143097
518,989,1507,0.1341979490280441
522,981,1503,0.13423841279742685
517,986,1503,0.1342659899579285
510,987,1497,0.13430415823390557
517,982,1499,0.1343569553306504
518,979,1497,0.13438930835322122
518,986,1504,0.13441483417957886
520,984,1504,0.13443666081843372
522,993,1515,0.13445404781410472
524,1001,1525,0.1344663228701484
522,992,1514,0.13447373478862687
520,991,1511,0.13448518294399114
519,984,1503,0.1345002698607283
518,998,1516,0.13451444604381613
514,985,1499,0.13453146286153395
509,985,1494,0.1345576562866989
510,988,1498,0.13459378574798933
514,990,1504,0.1346274045553993
505,1000,1505,0.13464838527574602
512,1006,1518,0.13468982465506787
511,1003,1514,0.13471046322098176
521,987,1508,0.13473092850054436
519,986,1505,0.13472531071625926
516,987,1503,0.1347259157915852
517,975,1492,0.1347353800116554
512,976,1488,0.1347400012230604
511,987,1498,0.13475539047059878
512,995,1507,0.13477375263053568
509,1002,1511,0.134788895007199
505,999,1504,0.13481099626477344
508,1005,1513,0.13484022392535278
509,999,1508,0.13485867839199014
508,1008,1516,0.13487492483909136
504,1002,1506,0.13489387002595188
506,1001,1507,0.13491950113651996
500,1006,1506,0.13493938549598838
501,1001,1502,0.13497285619418353
502,997,1499,0.13500178462614662
502,1013,1515,0.1350273332273604
501,1008,1509,0.13505096608514705
496,1002,1498,0.13507345628442965
495,1006,1501,0.13510836521601632
495,1004,1499,0.13514540639973677
496,1006,1502,0.1351784393099961
495,1006,1501,0.13520531035152178
489,1012,1501,0.1352320120663298
490,1015,1505,0.1352725479273006
494,1019,1513,0.13530741967727322
492,1030,1522,0.13533258071495935
498,1021,1519,0.13535937609791815
504,1021,1525,0.13537097728032405
503,1019,1522,0.13536869207430213
500,1008,1508,0.1353697003821904
501,1013,1514,0.1353791392264107
497,1014,1511,0.13538589484482233
493,1021,1514,0.13540084996490998
489,1014,1503,0.13542412437579732
492,1014,1506,0.1354569977992196
490,1010,1500,0.1354812877327773
484,1017,1501,0.13550876641803114
487,1010,1497,0.13554914921037953
483,1008,1491,0.13557939461426463
491,1013,1504,0.13561923315422805
484,1011,1495,0.13563503701532884
487,1007,1494,0.13566428823172913
481,1007,1488,0.13568418374343247
478,1005,1483,0.13571599067602744
482,1008,1490,0.13575343501414383
483,1012,1495,0.13577815197243442
472,1015,1487,0.13579779578571483
485,1020,1505,0.13584233892239372
485,1013,1498,0.1358522759711139
486,1010,1496,0.1358629565229258
497,1014,1511,0.13586897525664388
500,1013,1513,0.13584936415097576
502,1011,1513,0.13582166103173024
500,1013,1513,0.135791391825466
497,1014,1511,0.13576994816298676
491,1018,1509,0.13575806790925024
487,1022,1509,0.13575977467606937
481,1020,1501,0.1357732013456931
484,1031,1515,0.1358018322913723
480,1027,1507,0.13582159334132413
477,1026,1503,0.13585054564956692
474,1033,1507,0.1358856551789824
475,1031,1506,0.1359229860230441
477,1045,1522,0.13595595116568993
474,1041,1515,0.13598044647235685
470,1040,1510,0.13601037772952587
461,1049,1510,0.13604840422140668
458,1045,1503,0.13610666577992142
453,1051,1504,0.13616908991260324
456,1051,1507,0.1362393331907984
457,1052,1509,0.13629725391884615
452,1051,1503,0.13634751364853964
451,1055,1506,0.1364069508056957
456,1064,1520,0.1364646054830908
452,1070,1522,0.1365085274493827
447,1059,1506,0.1365577569080852
452,1053,1505,0.1366141334247594
447,1067,1514,0.13665698982907298
448,1055,1503,0.1367094334786937
445,1062,1507,0.13675494838705549
448,1064,1512,0.13680430486552733
445,1063,1508,0.13684168145369496
442,1059,1501,0.1368852656360879
445,1059,1504,0.1369333726470539
442,1067,1509,0.13697183207360425
438,1067,1505,0.1370155995022075
440,1073,1513,0.13706480606250507
442,1073,1515,0.1371056858731994
443,1077,1520,0.1371376874420439
435,1077,1512,0.13716336440735888
431,1076,1507,0.13720489796199606
434,1061,1495,0.13725299480018024
436,1067,1503,0.1372889955346798
435,1073,1508,0.13731678216165905
436,1077,1513,0.1373448540552899
439,1075,1514,0.13736759646891322
438,1062,1500,0.13738270188761745
437,1070,1507,0.13739944840342871
434,1077,1511,0.13741704098237215
434,1073,1507,0.13744206893105915
431,1071,1502,0.13746481417027703
437,1075,1512,0.13749302164037835
435,1079,1514,0.1375073039416142
436,1075,1511,0.13752595743416568
437,1074,1511,0.13754238314432793
435,1076,1511,0.13755538353467014
426,1071,1497,0.1375705988120136
429,1075,1504,0.13760650564213364
430,1076,1506,0.13763097883188163
428,1074,1502,0.1376519540572774
424,1089,1513,0.1376760789703685
415,1089,1504,0.13770869182570156
422,1070,1492,0.13776208454276787
415,1071,1486,0.13779471571713828
420,1082,1502,0.13784232339913546
416,1088,1504,0.13787480990054704
413,1082,1495,0.1379152324361541
408,1085,1493,0.13795775053188009
412,1098,1510,0.13800951080908194
410,1106,1516,0.13804933794357035
414,1098,1512,0.1380905398633206
414,1098,1512,0.13811877905412137
407,1102,1509,0.13814247088032733
407,1106,1513,0.1381812646883146
400,1104,1504,0.13821726288021988
398,1110,1508,0.13826968176272195
399,1111,1510,0.1383257162511235
399,1104,1503,0.1383738552740798
400,1113,1513,0.13841892856721066
405,1114,1519,0.1384596972337621
402,1115,1517,0.13848567782892066
405,1113,1518,0.13851880072141004
401,1112,1513,0.13854299389399685
405,1109,1514,0.13857697214957837
404,1117,1521,0.13859898963228112
404,1119,1523,0.13862278491849014
402,1114,1516,0.13864580388573466
402,1124,1526,0.13866996683274455
400,1122,1522,0.13869250472436967
398,1119,1517,0.13872028476368675
394,1124,1518,0.13875256862990581
390,1128,1518,0.13879172426756142
388,1118,1506,0.138837168310245
386,1120,1506,0.13888389787892513
395,1125,1520,0.1389325114836878
386,1121,1507,0.13895550868413908
394,1122,1516,0.1389995216824207
382,1127,1509,0.13902192033842325
388,1124,1512,0.13907095956777105
390,1122,1512,0.13910302733247643
387,1124,1511,0.13912785555665758
387,1128,1515,0.13915658781075585
386,1127,1513,0.13918125009984633
381,1123,1504,0.13920591189069384
381,1122,1503,0.1392410016843775
378,1132,1510,0.13927321798270859
367,1127,1494,0.13931113813675944
372,1129,1501,0.13937267604740328
363,1139,1502,0.13941733673732923
369,1143,1512,0.13947905084141807
372,1149,1521,0.139523909949627
365,1150,1515,0.1395585404346594
360,1133,1493,0.13960684940814247
362,1133,1495,0.1396656118919535
368,1130,1498,0.13971496786744378
369,1135,1504,0.1397466425117736
368,1141,1509,0.13977501695106853
371,1141,1512,0.13980483920835332
369,1151,1520,0.13982498936303756
376,1149,1525,0.13984985075351472
376,1145,1521,0.13985617730222494
376,1138,1514,0.13986263132410065
368,1143,1511,0.13987006149319503
369,1136,1505,0.13989333509118818
370,1150,1520,0.1399123815168101
371,1149,1520,0.13992794499178307
371,1140,1511,0.13994150607244188
372,1138,1510,0.13995435151723082
369,1141,1510,0.13996393160141354
372,1143,1515,0.1399807437621878
370,1135,1505,0.13999008308360522
361,1134,1495,0.1400036026778779
356,1135,1491,0.14003803339470164
365,1144,1509,0.14008181587507385
367,1139,1506,0.14009932112633897
368,1147,1515,0.1401098199839585
354,1155,1509,0.14011821503272698
359,1157,1516,0.14016118784281567
364,1162,1526,0.1401911165127757
363,1157,1520,0.140203222219345
360,1148,1508,0.14021745425833476
364,1143,1507,0.14023885231132596
362,1144,1506,0.14024956747735218
365,1154,1519,0.1402627573139184
366,1147,1513,0.14026678726077044
361,1145,1506,0.14026864057259128
358,1143,1501,0.14028342799631152
356,1141,1497,0.140306091541044
360,1139,1499,0.14033214531219873
357,1142,1499,0.14034523678858474
354,1138,1492,0.1403656584584429
362,1150,1512,0.1403906731927828
365,1157,1522,0.14039658424829424
366,1143,1509,0.14039574608509833
370,1141,1511,0.14039244905292111
362,1149,1511,0.14037848930547178
354,1151,1505,0.1403852564715065
350,1149,1499,0.1404104312058108
351,1159,1510,0.1404436677493251
356,1160,1516,0.14047268606719643
357,1166,1523,0.14048602030218382
362,1155,1517,0.14049764993618535
363,1157,1520,0.14049481607829406
366,1162,1528,0.14048853255331642
362,1161,1523,0.14047685364504595
360,1144,1504,0.14047725810668774
358,1147,1505,0.14048230529134076
359,1141,1500,0.14049285381618734
364,1152,1516,0.14049937863799739
366,1144,1510,0.1404947059978174
364,1150,1514,0.14048297906222987
367,1145,1512,0.14047737367712299
356,1145,1501,0.14046660280572332
357,1154,1511,0.14048378214443344
359,1160,1519,0.14049782605302247
359,1165,1524,0.1405080373229561
357,1167,1524,0.14051875489274435
354,1172,1526,0.14053498103082693
353,1168,1521,0.14055737546678274
353,1172,1525,0.14057973564562662
354,1165,1519,0.14060228501005576
351,1163,1514,0.14062153744489866
342,1164,1506,0.14064568898652333
341,1160,1501,0.14069095092186956
343,1160,1503,0.1407324227598431
353,1160,1513,0.14076781557883408
352,1174,1526,0.14077709179481473
350,1171,1521,0.14078948712396705
351,1177,1528,0.1408049849450061
351,1164,1515,0.14081677821856242
342,1180,1522,0.14082789596921874
346,1164,1510,0.1408588398046904
343,1165,1508,0.14087855458572032
339,1163,1502,0.1409031209548137
343,1156,1499,0.14093600214409382
345,1162,1507,0.14095907856158632
346,1169,1515,0.14097686038591747
339,1162,1501,0.1409907688001807
333,1160,1493,0.1410194052326752
336,1173,1509,0.14106029001753895
336,1174,1510,0.14109132743164882
334,1171,1505,0.14111907808043353
338,1173,1511,0.14115246938545223
338,1176,1514,0.1411739240342402
339,1176,1515,0.14119298185171725
341,1172,1513,0.14120822298201488
337,1181,1518,0.14121564327687985
338,1179,1517,0.14123320935775405
336,1182,1518,0.14124831754288483
336,1181,1517,0.14126497832718576
331,1173,1504,0.141279879821794
324,1183,1507,0.1413055246636626
327,1181,1508,0.14134741588574304
328,1177,1505,0.1413795022485288
324,1175,1499,0.1414072178580567
332,1176,1508,0.1414426179910359
327,1188,1515,0.14145693472263077
321,1182,1503,0.14148001955487735
324,1184,1508,0.14151617654611284
322,1189,1511,0.14154297064778587
325,1199,1524,0.14157256280459474
321,1200,1521,0.14159375443374003
321,1195,1516,0.14162258186865187
321,1183,1504,0.1416500176244657
319,1188,1507,0.14167750818430164
320,1195,1515,0.14170628610632746
320,1192,1512,0.1417308756977566
322,1189,1511,0.14175411771612903
325,1182,1507,0.14177065903176378
324,1175,1499,0.1417778148442565
325,1176,1501,0.14178717028277477
334,1177,1511,0.14179160722530848
326,1179,1505,0.14177283407797933
323,1173,1496,0.1417750192203281
322,1168,1490,0.14178370451434946
323,1178,1501,0.14179425317744765
324,1173,1497,0.14179930200569554
321,1167,1488,0.14180219405279637
316,1164,1480,0.14181270801540247
317,1175,1492,0.14183421826528197
313,1191,1504,0.14185156006961866
320,1199,1519,0.14187757308894536
313,1189,1502,0.14188692502292252
308,1190,1498,0.14191340849431652
304,1206,1510,0.1419501111043838
303,1196,1499,0.14199305365506973
306,1194,1500,0.14203710557497984
303,1201,1504,0.1420721421198049
308,1203,1511,0.14211011630009174
311,1220,1531,0.1421309604876898
310,1213,1523,0.14214373095666816
310,1207,1517,0.14215820264607001
313,1205,1518,0.1421709079488971
310,1207,1517,0.14217631346708726
310,1206,1516,0.1421880607383663
314,1211,1525,0.14220009007726164
313,1206,1519,0.14220037109967884
314,1211,1525,0.14220502208229227
310,1215,1525,0.1422070827039806
307,1208,1515,0.14222013738582942
304,1215,1519,0.14223952363146167
305,1208,1513,0.14226578256750932
302,1212,1514,0.14228899188595118
302,1200,1502,0.14231747132527484
305,1208,1513,0.14234502119549242
301,1215,1516,0.1423594282164786
304,1217,1521,0.14238416937500678
303,1220,1523,0.14240082711618732
303,1207,1510,0.142420249175621
300,1219,1519,0.1424363676850838
296,1206,1502,0.14245751223735892
298,1208,1506,0.1424875544493228
300,1212,1512,0.1425112618073609
300,1215,1515,0.14252971653436183
292,1224,1516,0.14254670869623987
301,1224,1525,0.14258094732926335
305,1215,1520,0.14258993525013713
303,1202,1505,0.14258926373465303
298,1208,1506,0.14259204639437661
298,1213,1511,0.14260680004055418
300,1215,1515,0.1426225740830294
301,1212,1513,0.14263229693404966
303,1199,1502,0.14264007729666647
307,1208,1515,0.14264345494669453
302,1207,1509,0.14263504567388063
305,1204,1509,0.14263867583484632
306,1203,1509,0.14263506746090723
306,1206,1512,0.1426306996695112
298,1196,1494,0.14262434105604974
300,1209,1509,0.14263647773142807
299,1213,1512,0.142645818626938
295,1222,1517,0.14265599264434958
295,1218,1513,0.14267539382167146
296,1220,1516,0.14269325565558857
299,1217,1516,0.14270984897579675
297,1228,1525,0.14271839994071786
297,1231,1528,0.14273267883936497
295,1232,1527,0.14274431985525612
294,1231,1525,0.14276084932275943
296,1225,1521,0.14277951957377413
299,1233,1532,0.14279410826631556
295,1235,1530,0.1428022905364981
294,1230,1524,0.14281898885682354
289,1229,1518,0.14283526495630908
287,1219,1506,0.14286018149899235
291,1221,1512,0.1428883124621227
285,1230,1515,0.14290525587173922
283,1222,1505,0.14293614618920752
282,1222,1504,0.14296862727560086
277,1214,1491,0.14300104586028212
278,1225,1503,0.14304482505448846
282,1230,1512,0.14308455807880754
278,1234,1512,0.14311040285189097
281,1230,1511,0.14314434137239332
280,1237,1517,0.1431703919680771
283,1231,1514,0.14319615388214352
279,1243,1522,0.14321244746171966
278,1238,1516,0.1432389388602252
277,1234,1511,0.14326561336141178
271,1242,1513,0.14329273611759155
270,1235,1505,0.1433332203946748
267,1234,1501,0.14337406015387166
262,1223,1485,0.14341946220287682
261,1231,1492,0.14347381267760145
263,1229,1492,0.14352757170456737
267,1225,1492,0.14357223735115865
268,1227,1495,0.14360342223447933
271,1230,1501,0.14362881559155077
265,1236,1501,0.14364517866474624
267,1231,1498,0.1436742834426266
261,1241,1502,0.14369586447179958
259,1240,1499,0.14373010047903104
260,1246,1506,0.14376695137269258
267,1239,1506,0.14380007060653305
267,1243,1510,0.14381378461105218
267,1241,1508,0.14382597997669264
267,1240,1507,0.14383769854765585
264,1238,1502,0.14384772684091907
265,1240,1505,0.14386509313004947
266,1252,1518,0.1438797880296534
255,1259,1514,0.143891499766419
261,1249,1510,0.1439295303611708
263,1250,1513,0.14395034212998753
259,1270,1529,0.14396661522262544
257,1259,1516,0.14399224103250627
254,1265,1519,0.1440207959689497
252,1253,1505,0.14405214820183826
253,1246,1499,0.14408824373150883
248,1254,1502,0.1441197210792256
246,1256,1502,0.14416304913764846
248,1265,1513,0.14420680327601293
252,1276,1528,0.14424137273832527
253,1266,1519,0.14426469505505599
255,1266,1521,0.1442850944387881
249,1276,1525,0.14429867877294617
247,1273,1520,0.1443255827548486
246,1275,1521,0.1443544500625298
243,1285,1528,0.1443848075310633
245,1279,1524,0.14442045683976695
245,1282,1527,0.14444682705281908
243,1284,1527,0.14447206630985376
243,1292,1535,0.1445006161955428
242,1279,1521,0.14452863083104048
237,1290,1527,0.14455689919852588
229,1289,1518,0.14459550596672327
235,1280,1515,0.14465109475452956
232,1285,1517,0.14468874082897107
240,1286,1526,0.14472755284344052
235,1280,1515,0.1447452400020598
238,1273,1511,0.14477426564182969
231,1266,1497,0.14479308527864582
234,1271,1505,0.14482811117562902
225,1276,1501,0.14485329350963239
221,1297,1518,0.14489952571158024
218,1299,1517,0.14495347315243645
218,1297,1515,0.1450119518402977
218,1288,1506,0.14506677553723196
218,1302,1520,0.14511712394566587
216,1304,1520,0.1451638638593546
213,1300,1513,0.1452120819975262
214,1291,1505,0.14526460727295734
215,1285,1500,0.145312204204117
210,1292,1502,0.1453524745251378
206,1302,1508,0.14540190073203693
205,1305,1510,0.14545565973535132
203,1290,1493,0.14550906557422436
206,1299,1505,0.14556400981497664
203,1301,1504,0.14560917587370273
207,1286,1493,0.14565830989185702
208,1286,1494,0.14569228792991878
207,1291,1498,0.14572210163473082
204,1291,1495,0.14575396349782757
200,1298,1498,0.14579156299866802
206,1292,1498,0.14583530574061546
204,1305,1509,0.14586051367256475
206,1296,1502,0.14589095223733364
206,1305,1511,0.14591296172727478
212,1316,1528,0.1459337837522359
207,1313,1520,0.14593922065112508
212,1311,1523,0.14595640857454165
210,1297,1507,0.14595951342869234
206,1301,1507,0.14596712229080894
201,1290,1491,0.14598571752784156
199,1296,1495,0.14601561909494315
201,1316,1517,0.1460482746016677
197,1317,1514,0.1460717181838013
200,1314,1514,0.14610426084723938
198,1323,1521,0.14612804902253426
193,1335,1528,0.1461570607074163
196,1319,1515,0.1461959423945525
194,1310,1504,0.14622377695871375
190,1311,1501,0.1462538108375727
191,1321,1512,0.1462909930483712
194,1314,1508,0.14632399699874715
194,1306,1500,0.14634672546163408
194,1314,1508,0.14636609544432794
195,1315,1510,0.14638462739401611
196,1313,1509,0.14640065801680494
195,1318,1513,0.146413429007271
194,1319,1513,0.14642831605592402
191,1318,1509,0.14644485631108028
194,1323,1517,0.14646742578928118
196,1309,1505,0.1464795154912258
199,1317,1516,0.14648601156769114
198,1322,1520,0.14648301053900736
199,1320,1519,0.14648287912323135
199,1319,1518,0.14647942704191233
200,1333,1533,0.14647614027534506
200,1327,1527,0.1464713988415593
199,1317,1516,0.14646753194857706
203,1324,1527,0.14646564771836773
199,1330,1529,0.1464543901943235
200,1324,1524,0.14645561190329695
200,1319,1519,0.146455146077351
197,1323,1520,0.14645416421938015
198,1335,1533,0.14646093268877014
197,1330,1527,0.1464648717540146
194,1319,1513,0.14647235292860963
194,1318,1512,0.1464859929928533
195,1337,1532,0.14649938006078528
189,1335,1524,0.14650972409516252
192,1331,1523,0.1465338481021152
191,1333,1524,0.14654897655025573
188,1324,1512,0.14656464003717196
189,1328,1517,0.1465870745478875
184,1342,1526,0.14660468253953726
185,1322,1507,0.14663372882818146
180,1327,1507,0.14665884373847657
182,1330,1512,0.14669456249304835
181,1326,1507,0.1467219817367329
187,1336,1523,0.14675101002026208
184,1326,1510,0.14676238439377845
185,1322,1507,0.1467798010143796
186,1329,1515,0.14679437314202987
181,1336,1517,0.1468055873591441
180,1340,1520,0.1468287646164467
176,1351,1527,0.1468521311131366
177,1333,1510,0.14688482363475985
176,1328,1504,0.1469123527400047
174,1340,1514,0.14694111655461695
175,1350,1525,0.14697063457153856
173,1353,1526,0.1469960491841384
174,1345,1519,0.14702536069975566
174,1344,1518,0.14704865437304046
170,1337,1507,0.1470708799427765
175,1344,1519,0.14710128608286488
177,1344,1521,0.14711726464494254
182,1331,1513,0.14712522174031725
176,1321,1497,0.14712029762260737
172,1322,1494,0.14713123478929935
168,1330,1498,0.1471506856059681
169,1321,1490,0.14717907863404608
168,1336,1504,0.14720279361954658
168,1341,1509,0.14722778663867783
167,1351,1518,0.14724948300734095
163,1359,1522,0.14727274225734902
164,1350,1514,0.1473049376082784
160,1361,1521,0.14733359841984034
158,1358,1516,0.14736927073959977
161,1360,1521,0.14740916418599148
160,1352,1512,0.14743908149592716
159,1354,1513,0.14746883322625204
160,1349,1509,0.1474997028000957
163,1353,1516,0.14752605711013925
159,1357,1516,0.14754334956665477
153,1366,1519,0.14756831185150263
150,1364,1514,0.14760760191340114
153,1369,1522,0.14765212601239383
152,1352,1504,0.14768699926822224
153,1354,1507,0.14772240565669562
155,1361,1516,0.14775433659154874
156,1361,1517,0.1477795752664578
156,1334,1490,0.14780103885179013
151,1339,1490,0.14782000920342625
146,1349,1495,0.14785001023300232
147,1345,1492,0.14789087527904335
146,1355,1501,0.14792582352516714
144,1368,1512,0.14796174050137412
143,1367,1510,0.14799947923890844
139,1373,1512,0.1480377547687207
139,1380,1519,0.14808461822846222
141,1371,1512,0.14812823281205129
142,1378,1520,0.14816376668947037
142,1383,1525,0.14819412557091685
142,1383,1525,0.14822324247285062
138,1382,1520,0.14825019549240231
144,1384,1528,0.14828505294865588
140,1372,1512,0.14830387358923608
141,1378,1519,0.14833100949318248
140,1378,1518,0.148354866724987
137,1376,1513,0.14838019069687294
136,1376,1512,0.14841178585627435
139,1372,1511,0.14844299697171384
143,1370,1513,0.14846355984587
140,1379,1519,0.1484724805444767
139,1399,1538,0.1484885223753669
137,1378,1515,0.14850647840121473
134,1378,1512,0.1485291536259835
135,1372,1507,0.14855742583928536
136,1375,1511,0.14858011632129448
132,1368,1500,0.1485999046432668
129,1372,1501,0.1486285836487895
131,1370,1501,0.14866204810259873
129,1370,1499,0.14868718514966195
128,1377,1505,0.14871543180602634
132,1364,1496,0.1487431123132802
134,1374,1508,0.14875787505598892
134,1372,1506,0.14876680412322738
138,1373,1511,0.14877640714313248
139,1378,1517,0.1487757633254293
135,1370,1505,0.14877424596920685
133,1360,1493,0.14878254170109337
137,1365,1502,0.14879502575707926
135,1365,1500,0.14879590229204104
133,1377,1510,0.14880215974315836
135,1382,1517,0.1488136424218044
133,1384,1517,0.1488186283510858
135,1384,1519,0.14882760961773406
133,1380,1513,0.1488308710601977
130,1377,1507,0.14883914790062439
131,1392,1523,0.14885493385938414
128,1392,1520,0.14886735784084137
126,1388,1514,0.1488870873972339
127,1383,1510,0.14891194859551782
129,1381,1510,0.14893115767648737
128,1378,1506,0.14894403426566022
126,1380,1506,0.14895932358690914
121,1381,1502,0.1489790195776202
120,1392,1512,0.14900977858029527
122,1389,1511,0.1490407930234091
124,1384,1508,0.14906432510592305
126,1385,1511,0.14908199760105287
128,1385,1513,0.14909200492733496
128,1378,1506,0.14909724947053477
125,1388,1513,0.1491018473027464
125,1392,1517,0.14911421746522346
125,1392,1517,0.14912632232753645
129,1378,1507,0.1491387386959275
129,1383,1512,0.14913944498203244
127,1395,1522,0.14914073437248757
124,1404,1528,0.14914805523437397
119,1395,1514,0.1491611322610089
115,1388,1503,0.1491859732391323
114,1393,1507,0.1492193048717192
114,1407,1521,0.14925140951698318
114,1402,1516,0.14928290092548885
115,1390,1505,0.14931281929146623
117,1393,1510,0.1493365319873328
114,1381,1495,0.14935124850600684
113,1390,1503,0.14937310716046984
112,1408,1520,0.14939697951607253
115,1406,1521,0.14942026439820594
109,1407,1516,0.1494343151919514
113,1406,1519,0.14946349268706885
111,1413,1524,0.14948120019393712
108,1395,1503,0.14950348531085642
112,1392,1504,0.1495320883446256
109,1393,1502,0.14954771177789947
112,1407,1519,0.14956965792520804
110,1406,1516,0.14958232824516798
113,1409,1522,0.14959967553167702
111,1410,1521,0.14960731288398935
111,1408,1519,0.14961887803916427
108,1401,1509,0.14963072289986182
108,1395,1503,0.14964967490755857
106,1402,1508,0.1496660929693611
106,1408,1514,0.14968656216639778
106,1418,1524,0.14970610702425663
107,1414,1521,0.1497250625307009
109,1422,1531,0.14974146553584403
107,1420,1527,0.14975116847817424
108,1424,1532,0.14976535736510896
107,1409,1516,0.14977641728023133
109,1412,1521,0.14978985494525865
108,1420,1528,0.1497980844581814
107,1418,1525,0.14980910571492068
107,1410,1517,0.1498209397212878
107,1413,1520,0.14983209268455794
106,1420,1526,0.14984226010791446
104,1415,1519,0.1498548815037141
102,1404,1506,0.14987238383034066
102,1410,1512,0.14989301033183933
101,1423,1524,0.14991144658210698
102,1416,1518,0.1499316993984083
106,1417,1523,0.14994753820467785
104,1424,1528,0.1499517937934274
104,1425,1529,0.14996161315867856
105,1425,1530,0.14997081560508943
105,1413,1518,0.14997578336555453
107,1411,1518,0.1499806051369514
108,1406,1514,0.1499798257396734
106,1410,1516,0.14997606161280663
108,1412,1520,0.14997854262134827
110,1409,1519,0.14997714900244266
109,1413,1522,0.14997012323805126
112,1401,1513,0.14996663207579466
110,1402,1512,0.14995413111384576
108,1407,1515,0.14994823910938274
109,1408,1517,0.1499484552839022
108,1406,1514,0.14994823587249326
109,1403,1512,0.1499505395009942
108,1412,1520,0.1499497106061551
106,1403,1509,0.1499515548340955
102,1406,1508,0.14995830410259292
101,1412,1513,0.1499746906150569
100,1400,1500,0.14999300733191478
102,1413,1515,0.15001247837398057
104,1406,1510,0.15002579687269127
104,1412,1516,0.15003409422014183
105,1409,1514,0.1500423372966629
102,1413,1515,0.1500481285654839
102,1413,1515,0.15005979945371847
107,1410,1517,0.15006954853868457
109,1397,1506,0.15006656834073848
110,1403,1513,0.15005725429934627
111,1405,1516,0.15004669760311976
109,1419,1528,0.15003400103151898
106,1415,1521,0.15002771026738418
106,1412,1518,0.15002910694182442
102,1419,1521,0.15003052585168702
100,1418,1518,0.1500428560967002
103,1411,1514,0.1500593369921941
102,1407,1509,0.15006758094470637
104,1416,1520,0.15007853128894194
102,1409,1511,0.1500836565121585
102,1396,1498,0.15009332169352455
107,1402,1509,0.15010303699445468
106,1398,1504,0.15009885977963736
106,1397,1503,0.15009728779136047
108,1409,1517,0.1500947015208306
106,1414,1520,0.1500860421571854
103,1408,1511,0.15008381521565087
99,1395,1494,0.15008716902767139
100,1398,1498,0.15009966284155518
100,1415,1515,0.15010848731224524
98,1422,1520,0.1501170236807054
100,1410,1510,0.15013152484404418
101,1420,1521,0.15014119920666397
100,1417,1517,0.150147326221541
98,1414,1512,0.15015624308033343
100,1416,1516,0.1501702452506748
101,1422,1523,0.15017744020919663
101,1428,1529,0.15018244770527805
99,1427,1526,0.1501879232569355
96,1423,1519,0.150196754662282
97,1426,1523,0.15021252858599513
98,1435,1533,0.15022495306843545
97,1422,1519,0.15023401764029898
95,1421,1516,0.1502460347385229
95,1424,1519,0.15026136525600528
97,1425,1522,0.15027574778997824
98,1427,1525,0.15028479670201292
93,1425,1518,0.1502904709048385
94,1432,1526,0.15030829496980722
93,1432,1525,0.1503219350168906
94,1431,1525,0.15033672723843305
93,1432,1525,0.15034777757480888
92,1436,1528,0.15036016231822502
92,1428,1520,0.15037283449993552
90,1432,1522,0.15038569250740338
89,1425,1514,0.15040347484315134
92,1431,1523,0.15042234524850115
94,1419,1513,0.1504323529461401
93,1431,1524,0.15043539576894527
92,1415,1507,0.1504412350703274
93,1418,1511,0.15044821575181888
96,1418,1514,0.15045226426148045
96,1419,1515,0.15044899174798151
96,1419,1515,0.15044535536117754
93,1418,1511,0.15044207883267505
94,1427,1521,0.15044649815688294
93,1409,1502,0.15044758837429142
92,1418,1510,0.15045235032557305
93,1408,1501,0.1504596050576259
90,1401,1491,0.15046337575903349
88,1407,1495,0.1504748668027318
91,1419,1510,0.15048988643047007
90,1423,1513,0.15049729782141036
89,1426,1515,0.1505073273871308
87,1419,1506,0.15051964395440146
89,1419,1508,0.15053527607152792
92,1420,1512,0.15054439693036462
90,1421,1511,0.15054453832838505
88,1414,1502,0.15054892099645237
88,1424,1512,0.15055848713571066
90,1433,1523,0.15056760314939965
88,1427,1515,0.15057020019187747
87,1426,1513,0.15057832893331174
87,1435,1522,0.15058910134205708
84,1443,1527,0.1506000400424848
84,1433,1517,0.15061605350495064
83,1429,1512,0.15063136107456063
83,1431,1514,0.15064875138885075
83,1424,1507,0.1506658427058243
87,1423,1510,0.15068184111910796
86,1434,1520,0.1506856211008889
85,1423,1508,0.1506920002605076
87,1417,1504,0.15070097573542834
85,1424,1509,0.1507041485592432
84,1432,1516,0.1507119978603176
80,1430,1510,0.15072146951874216
81,1426,1507,0.1507398291252954
83,1432,1515,0.15075460931164383
82,1437,1519,0.150763361651945
82,1445,1527,0.15077451379152712
80,1442,1522,0.1507855594706374
80,1454,1534,0.1508013004197572
81,1441,1522,0.1508167046236173
79,1441,1520,0.1508282342878837
77,1446,1523,0.15084395087553668
76,1438,1514,0.1508645688819495
78,1446,1524,0.15088607405820217
78,1442,1520,0.1508999081593701
80,1450,1530,0.1509118380027834
79,1439,1518,0.15091756659280256
77,1446,1523,0.15092345502827775
79,1459,1538,0.15093485152098585
80,1446,1526,0.15093965040426696
79,1439,1518,0.1509419514320262
79,1445,1524,0.15094748343488232
77,1446,1523,0.15095275036946024
79,1448,1527,0.15096357128825807
78,1440,1518,0.1509691376041189
78,1447,1525,0.15097737499487074
76,1445,1521,0.15098391918286222
74,1453,1527,0.15099635314340623
73,1443,1516,0.15101321141015908
72,1439,1511,0.1510319669547011
73,1432,1505,0.15105187819542218
73,1437,1510,0.151067874661962
75,1445,1520,0.15108235916071622
78,1441,1519,0.15109080940471023
76,1444,1520,0.1510899325278995
73,1441,1514,0.15109477621857847
71,1430,1501,0.1511062291727548
71,1421,1492,0.1511209098780488
70,1437,1507,0.1511348460259689
72,1442,1514,0.15115087474582758
73,1446,1519,0.15116119765054742
72,1447,1519,0.1511684222269592
73,1439,1512,0.1511778631661045
72,1446,1518,0.15118335700304683
75,1452,1527,0.15119177201573242
71,1451,1522,0.15119140465785544
69,1439,1508,0.15120162768791368
67,1437,1504,0.15121661572663167
68,1443,1511,0.15123524624512993
65,1443,1508,0.15125111409867154
65,1450,1515,0.15127351564755917
64,1445,1509,0.15129446115086168
64,1444,1508,0.15131451741500887
63,1452,1515,0.1513341226529643
65,1446,1511,0.15135539977621712
67,1441,1508,0.15137036190102818
68,1447,1515,0.15137937763010587
65,1441,1506,0.15138531652332188
65,1428,1493,0.1513983434586187
64,1420,1484,0.15141122653285904
63,1433,1496,0.15142509609861915
62,1434,1496,0.15144062761000282
62,1442,1504,0.1514579277358467
62,1451,1513,0.15147437147969262
65,1457,1522,0.15149031769044152
65,1453,1518,0.1514966788299448
64,1458,1522,0.1515024750447763
62,1443,1505,0.15151039819151776
63,1452,1515,0.15152306988785882
58,1450,1508,0.15153213952834016
59,1439,1498,0.1515522801556201
57,1450,1507,0.1515689098531513
58,1447,1505,0.15159039838857932
58,1450,1508,0.15160782117447455
57,1448,1505,0.15162408589393725
61,1449,1510,0.15164183426778072
62,1464,1526,0.15164788643862107
61,1465,1526,0.15165124157901266
63,1463,1526,0.15165761880866416
62,1452,1514,0.15165784706387547
61,1445,1506,0.15166027140540164
60,1456,1516,0.15166581064131915
59,1459,1518,0.1516740589736785
61,1451,1512,0.15168394618375058
61,1452,1513,0.1516881240414215
59,1447,1506,0.15169192399332052
60,1455,1515,0.15169936069725462
57,1441,1498,0.15170418086347293
58,1445,1503,0.1517167257248782
57,1458,1515,0.1517258822909289
58,1444,1502,0.15173735856020684
56,1454,1510,0.15174418814603763
57,1451,1508,0.15175565632089846
53,1458,1511,0.15176460983078296
53,1461,1514,0.15178346199442808
52,1468,1520,0.15180140642130838
50,1470,1520,0.15182116028427664
52,1478,1530,0.1518449235432762
50,1474,1524,0.15186200506388053
52,1462,1514,0.15188285335977525
52,1454,1506,0.1518964899461717
52,1466,1518,0.1519089229959112
51,1472,1523,0.1519211432644042
53,1464,1517,0.15193484160376974
52,1477,1529,0.15194322570161967
55,1475,1530,0.15195302213745884
55,1467,1522,0.15195539462531882
54,1473,1527,0.15195723312615525
53,1467,1520,0.15196120936602048
55,1465,1520,0.15196774823495984
55,1455,1510,0.1519681163996852
55,1458,1513,0.15196798695520963
55,1462,1517,0.15196857280819664
56,1448,1504,0.15196885971384075
55,1441,1496,0.15196685168955362
54,1471,1525,0.15196693054368113
52,1480,1532,0.1519697027031536
49,1468,1517,0.15197675181914883
48,1460,1508,0.15199084699617568
50,1455,1505,0.15200649049641904
50,1451,1501,0.15201668791148865
51,1444,1495,0.15202677321156383
52,1442,1494,0.15203297697224447
52,1454,1506,0.15203548302701905
50,1458,1508,0.15203851716465414
52,1454,1506,0.15204667349276935
51,1465,1516,0.15204866881742465
52,1455,1507,0.15205210778875092
53,1472,1525,0.15205185386991135
53,1466,1519,0.15204985233685997
53,1468,1521,0.1520487766086028
52,1477,1529,0.1520484711789255
54,1475,1529,0.1520502462536593
52,1453,1505,0.1520467138175692
51,1456,1507,0.1520481770811542
49,1471,1520,0.15205241350378798
49,1471,1520,0.1520618699930139
49,1470,1519,0.1520712467236136
49,1472,1521,0.15207962553310092
48,1479,1527,0.15208789213040785
48,1472,1520,0.1520983378839568
49,1465,1514,0.1521086798507648
51,1457,1508,0.15211555518737085
50,1462,1512,0.15211593222643788
46,1470,1516,0.152119087124136
44,1480,1524,0.15213263054092657
45,1474,1519,0.1521492992517126
45,1469,1514,0.1521622882391133
44,1482,1526,0.1521746887469364
45,1479,1524,0.15218904246790305
43,1480,1523,0.1522004524995903
41,1479,1520,0.15221611595422352
41,1473,1514,0.15223623975305867
41,1453,1494,0.15225530466578946
42,1455,1497,0.15227274879532318
42,1477,1519,0.152286545008135
42,1478,1520,0.15229981837077694
41,1473,1514,0.1523118776843807
40,1472,1512,0.1523258560356436
42,1478,1520,0.15234156510953295
42,1479,1521,0.15235100147864528
42,1480,1522,0.15236017723685802
42,1470,1512,0.1523690658553974
41,1470,1511,0.15237598534984076
39,1490,1529,0.1523847460396457
39,1477,1516,0.1523982284912188
40,1465,1505,0.1524112195663901
39,1474,1513,0.15242109712518778
37,1482,1519,0.15243292135694025
37,1481,1518,0.15244916078255977
38,1492,1530,0.1524646019848358
38,1475,1513,0.15247681246003467
37,1489,1526,0.15248759273199383
36,1497,1533,0.1525001172727601
35,1498,1533,0.15251461511274603
35,1502,1537,0.1525309743075333
36,1506,1542,0.15254626177770586
35,1496,1531,0.15255787365334966
33,1491,1524,0.15257131238785454
35,1492,1527,0.15258874729920563
35,1483,1518,0.15259992167047198
34,1498,1532,0.1526104960607956
34,1488,1522,0.15262307657150342
33,1483,1516,0.15263421696911356
33,1481,1514,0.15264569490049928
34,1482,1516,0.15265686088406485
34,1487,1521,0.15266462675364093
36,1494,1530,0.15267230462487405
36,1485,1521,0.15267363771554698
35,1482,1517,0.1526742550880086
32,1484,1516,0.15267775158805746
28,1481,1509,0.15268881858328928
29,1488,1517,0.15270968501237867
28,1479,1507,0.1527266740240912
27,1477,1504,0.152745454871182
25,1486,1511,0.15276604580317524
25,1497,1522,0.15278955958709425
25,1500,1525,0.1528119580038236
26,1500,1526,0.15283313363268133
25,1493,1518,0.15284949041882018
25,1499,1524,0.1528665969309562
24,1504,1528,0.1528830024256451
25,1505,1530,0.1529014410354395
26,1509,1535,0.15291619262606712
27,1503,1530,0.15292712319418555
26,1503,1529,0.15293451362024235
24,1502,1526,0.15294490301285857
24,1495,1519,0.15295945597744282
25,1501,1526,0.1529733347871089
25,1493,1518,0.1529841905379578
25,1517,1542,0.15299371102520168
26,1506,1532,0.15300290420791735
25,1509,1534,0.15300935726540416
25,1507,1532,0.15301804439640812
25,1505,1530,0.1530263704055312
24,1495,1519,0.15303325226812425
25,1492,1517,0.1530422827847895
25,1505,1530,0.15304777648141615
25,1495,1520,0.15305244679514396
25,1495,1520,0.1530575724039564
27,1494,1521,0.1530625178039572
30,1493,1523,0.15306155475050395
30,1484,1514,0.15305172121192334
31,1493,1524,0.1530431079798788
31,1492,1523,0.15303239847424
32,1484,1516,0.15302292972350026
31,1487,1518,0.15301136983894992
33,1490,1523,0.153003977403491
33,1487,1520,0.1529906715437965
33,1488,1521,0.15297880445801662
34,1487,1521,0.15296821366175783
37,1484,1521,0.1529550124009379
36,1494,1530,0.15293388775198455
37,1479,1516,0.15291776974534158
38,1485,1523,0.15289965734469177
37,1472,1509,0.15288016582241618
36,1472,1508,0.15286405386128363
36,1479,1515,0.15285209191062193
37,1476,1513,0.1528415141079679
37,1482,1519,0.15282906842277502
36,1482,1518,0.15281723388056453
37,1480,1517,0.15280932724136456
37,1483,1520,0.152799043350828
38,1485,1523,0.15279002099683558
38,1484,1522,0.15277892149833217
38,1480,1518,0.1527683782249464
37,1483,1520,0.15275839389255885
38,1478,1516,0.15275273990462815
37,1478,1515,0.15274472641384176
37,1495,1532,0.15273914239478587
36,1481,1517,0.1527344428131371
35,1477,1512,0.1527328479142583
35,1478,1513,0.1527341711025146
35,1475,1510,0.15273515884100186
34,1482,1516,0.15273635472555394
32,1490,1522,0.1527394316481506
33,1482,1515,0.15274742705178393
33,1477,1510,0.1527528106330998
33,1470,1503,0.15275816649340065
32,1477,1509,0.15276254297765873
30,1475,1505,0.1527694630820254
29,1473,1502,0.15278091324137408
30,1473,1503,0.15279414156559512
31,1479,1510,0.15280372590041566
32,1483,1515,0.1528089882573484
31,1475,1506,0.15281120481801813
31,1467,1498,0.15281608810611833
31,1459,1490,0.15282107648481288
29,1459,1488,0.15282611057473117
28,1467,1495,0.15283632096238178
26,1474,1500,0.1528476737681345
25,1481,1506,0.15286357454282723
25,1487,1512,0.15288111999020432
25,1499,1524,0.1528977720044618
25,1503,1528,0.1529135596332722
26,1497,1523,0.15292851356836223
25,1489,1514,0.15293779701614352
23,1490,1513,0.15294942973590475
23,1498,1521,0.15296529122904143
24,1503,1527,0.15298047781879812
24,1497,1521,0.1529924709936173
24,1494,1518,0.15300396948945122
23,1498,1521,0.15301431899595874
23,1501,1524,0.1530266758261857
24,1504,1528,0.15303851507714114
24,1501,1525,0.15304665820136712
23,1504,1527,0.15305458244783376
24,1489,1513,0.15306448124735034
24,1492,1516,0.1530709745827068
23,1495,1518,0.15307734594206582
24,1487,1511,0.1530857990579864
24,1476,1500,0.15309156862288428
24,1478,1502,0.1530971983180596
23,1477,1500,0.15310267045694217
22,1486,1508,0.15311032526958665
22,1499,1521,0.15312004862305512
23,1497,1520,0.15312929560515362
22,1511,1533,0.15313493999225408
19,1504,1523,0.15314284129586608
19,1505,1524,0.1531575912187792
19,1517,1536,0.15317158297582978
20,1504,1524,0.15318484349043182
19,1515,1534,0.15319417760298673
19,1520,1539,0.1532054909605362
19,1506,1525,0.15321627906902208
18,1512,1530,0.15322635608022317
18,1514,1532,0.15323831229289503
18,1505,1523,0.15324966455938216
19,1488,1507,0.1532604316109407
20,1489,1509,0.15326752437496677
19,1496,1515,0.15327090772086702
19,1482,1501,0.15327672148667112
20,1488,1508,0.15328243223573526
19,1493,1512,0.15328552153781727
21,1494,1515,0.15329087493537627
22,1495,1517,0.15328975095631883
23,1492,1515,0.15328520422375938
24,1495,1519,0.1532782180127351
22,1497,1519,0.1532689226987196
21,1495,1516,0.15326622174978055
22,1496,1518,0.15326690096924378
21,1503,1524,0.15326485638291934
21,1499,1520,0.1532655988571988
21,1508,1529,0.15326607923638785
20,1500,1520,0.15326617515744043
20,1480,1500,0.15326914154170246
20,1472,1492,0.15327207184397626
20,1478,1498,0.15327516170336072
19,1473,1492,0.15327829170425109
18,1486,1504,0.15328413583442052
18,1490,1508,0.1532921053215708
19,1506,1525,0.1532998902893966
18,1500,1518,0.15330423363218076
18,1506,1524,0.15331099029542616
16,1503,1519,0.15331752862350465
17,1497,1514,0.15332914873422152
17,1496,1513,0.15333696704256233
17,1500,1517,0.15334349281530926
17,1513,1530,0.153349862988324
17,1504,1521,0.15335605563753613
20,1498,1518,0.15336205413936496
20,1499,1519,0.15335854467717627
20,1495,1515,0.15335566951877008
20,1504,1524,0.15335334023771474
20,1498,1518,0.15335147969391477
21,1507,1528,0.15335002064456518
21,1504,1525,0.15334588802702603
20,1508,1528,0.15334164422573884
20,1506,1526,0.1533404936548316
18,1514,1532,0.15333973335849316
18,1503,1521,0.15334407836066677
18,1497,1515,0.1533484120199142
18,1492,1510,0.1533517705226673
18,1480,1498,0.1533552233073226
16,1510,1526,0.15335872844720796
15,1502,1517,0.15336680402208214
15,1500,1515,0.15337685164978296
14,1505,1519,0.15338649184385844
15,1510,1525,0.15339812142819867
15,1520,1535,0.15340594736703403
16,1514,1530,0.1534135278944366
14,1502,1516,0.15341763373634096
13,1507,1520,0.15342666548754597
13,1505,1518,0.1534377539601865
14,1501,1515,0.1534483475915065
14,1503,1517,0.15345594326395007
15,1501,1516,0.15346276684423757
15,1501,1516,0.1534662379345395
16,1503,1519,0.15346961084464764
16,1489,1505,0.1534701029357586
16,1493,1509,0.15347086125199652
17,1507,1524,0.15347183227949204
16,1497,1513,0.1534699813165824
15,1519,1534,0.15347095502002753
14,1514,1528,0.1534745166603569
13,1507,1520,0.1534804348616853
13,1507,1520,0.15348839143761756
13,1502,1515,0.1534960178429144
13,1508,1521,0.15350331203468268
13,1509,1522,0.1535102750974995
12,1511,1523,0.15351691065648213
12,1506,1518,0.15352551706200881
12,1515,1527,0.15353366538482427
12,1522,1534,0.15354137282049557
12,1518,1530,0.15354865704793347
11,1508,1519,0.15355553599214308
10,1506,1516,0.1535643181332766
10,1502,1512,0.15357503328531522
12,1513,1525,0.15358511653820361
10,1520,1530,0.15358825638043033
10,1509,1519,0.15359613254646415
10,1514,1524,0.15360371150503738
9,1505,1514,0.15361098885495994
8,1511,1519,0.15362041207203597
8,1520,1528,0.15363167500812552
9,1520,1529,0.15364235887796016
9,1510,1519,0.1536493142666983
9,1507,1516,0.15365602937008505
9,1507,1516,0.15366249720936367
9,1511,1520,0.15366871377893843
10,1519,1529,0.15367467756421516
10,1518,1528,0.1536775284074011
9,1509,1518,0.15368036368950552
8,1510,1518,0.15368558967436724
8,1503,1511,0.1536930786081726
8,1507,1515,0.15370022279643208
8,1513,1521,0.15370703021073256
6,1521,1527,0.15371350988483162
8,1519,1527,0.15372455287716952
8,1519,1527,0.15372858474051485
9,1504,1513,0.1537326083661021
9,1502,1511,0.15373339933381736
9,1502,1511,0.1537344260873812
9,1496,1505,0.15373563885959457
9,1500,1509,0.15373699536381957
9,1494,1503,0.15373845977618447
9,1505,1514,0.15374000185109846
9,1503,1512,0.15374159615288133
8,1497,1505,0.15374322138851423
8,1511,1519,0.1537472390676586
8,1516,1524,0.15375096929318638
8,1507,1515,0.1537545642227969
8,1526,1534,0.1537580200372412
8,1513,1521,0.15376133471457412
7,1521,1528,0.15376450771867323
8,1518,1526,0.15377005384321588
8,1515,1523,0.15377209905246933
8,1517,1525,0.15377414720627638
8,1508,1516,0.15377618161968715
8,1513,1521,0.15377818876624047
8,1517,1525,0.15378015780655344
7,1524,1531,0.15378208018209272
7,1507,1514,0.15378640754107906
7,1516,1523,0.15379052872667198
7,1519,1526,0.1537944490059827
7,1514,1521,0.1537973883630868
7,1516,1523,0.15380029015608737
7,1517,1524,0.1538031399102149
7,1510,1517,0.15380592603910942
7,1499,1506,0.1538078026257484
6,1492,1498,0.1538097523132543
5,1509,1514,0.15381413237620292
5,1508,1513,0.1538208512678609
5,1509,1514,0.15382728496054313
5,1508,1513,0.15383326315533033
5,1515,1520,0.1538390025995821
5,1510,1515,0.1538445015493677
5,1499,1504,0.15384976046615398
5,1504,1509,0.1538547816126271
6,1503,1509,0.15385956870781434
7,1506,1513,0.1538613079142076
9,1506,1515,0.15385994968142166
9,1507,1516,0.1538525948005125
9,1506,1515,0.1538460550704077
9,1489,1498,0.15384023819840878
9,1474,1483,0.1538350625770026
10,1485,1495,0.15383003087139038
10,1499,1509,0.15382242027983337
10,1511,1521,0.15381561623842427
10,1516,1526,0.15380953014382437
10,1502,1512,0.15380408342764962
10,1504,1514,0.15379920639120517
9,1516,1525,0.15379483717826667
9,1512,1521,0.15379348467066556
9,1504,1513,0.1537923577530096
9,1501,1510,0.15379142601760654
9,1518,1527,0.15379066287044213
9,1513,1522,0.153790045065573
9,1514,1523,0.15378955229590857
9,1518,1527,0.15378916683354762
8,1517,1525,0.15378887321367007
8,1522,1530,0.1537909966844439
8,1513,1521,0.1537930432380163
8,1493,1501,0.15379501054570327
8,1492,1500,0.1537968973179077
8,1509,1517,0.15379870312853597
8,1512,1520,0.15380042826401488
8,1509,1517,0.1538020735936943
7,1499,1506,0.15380364045883252
8,1494,1502,0.15380749950340777
9,1497,1506,0.1538079670635435
10,1494,1504,0.15380526831115074
10,1499,1509,0.15379985529302817
8,1485,1493,0.1537950488273743
9,1491,1500,0.15379594719841258
11,1492,1503,0.15379452487863005
11,1504,1515,0.15378753290795363
11,1531,1542,0.15378124223336903
11,1519,1530,0.15377557939051495
12,1517,1529,0.15377047889990397
11,1502,1513,0.1537629076220836
11,1503,1514,0.15375836194473386
11,1502,1513,0.15375433253881252
12,1504,1516,0.15375076124236686
12,1495,1507,0.15374453869870813
11,1496,1507,0.15373896515673166
12,1497,1509,0.15373645298444202
12,1495,1507,0.153731132836648
12,1506,1518,0.15372640701302617
12,1520,1532,0.1537222073766762
11,1508,1519,0.15371847375550018
11,1512,1523,0.1537179860299268
11,1523,1534,0.15371763646201955
11,1521,1532,0.1537174043024265
11,1503,1514,0.15371727144927605
11,1494,1505,0.1537172221330711
11,1490,1501,0.15371724263778375
11,1498,1509,0.15371732105407307
10,1491,1501,0.15371744706100146
9,1502,1511,0.15371995559722038
10,1507,1517,0.15372461356826406
10,1508,1518,0.15372668309188228
10,1503,1513,0.15372866302876975
11,1502,1513,0.1537305543235106
11,1500,1511,0.15372941749107383
11,1502,1513,0.15372846329537823
11,1515,1526,0.15372766895497159
11,1521,1532,0.15372701426728339
12,1517,1529,0.15372648133012942
12,1511,1523,0.1537222387526604
11,1509,1520,0.15371850276640575
11,1497,1508,0.1537174958089014
11,1497,1508,0.15371660057821848
11,1494,1505,0.15371595044824643
11,1508,1519,0.1537146743466004
10,1486,1496,0.15371359724515263
10,1495,1505,0.15371518036083198
10,1504,1514,0.15371685956314335
11,1506,1517,0.15371860338201876
12,1497,1509,0.1537177075987354
12,1501,1513,0.15371456441065912
11,1510,1521,0.15371180981722488
11,1505,1516,0.1537116594591631
11,1493,1504,0.15371166353472704
10,1495,1505,0.15371179512024977
10,1499,1509,0.15371427066654061
10,1499,1509,0.15371668922925508
10,1508,1518,0.1537190401449507
10,1517,1527,0.15372131533473182
11,1517,1528,0.15372350889395903
11,1527,1538,0.15372249244890274
11,1510,1521,0.15372167278663695
11,1502,1513,0.15372102056012105
10,1501,1511,0.1537205103862519
10,1504,1514,0.153722491327584
10,1502,1512,0.1537244231032834
11,1514,1525,0.15372629835569673
11,1514,1525,0.15372492000888713
11,1519,1530,0.15372377464741427
11,1510,1521,0.1537228302833571
11,1506,1517,0.1537220589766641
11,1500,1511,0.1537214363427432
10,1509,1519,0.15372094111871026
10,1512,1522,0.1537228224208741
10,1514,1524,0.1537246606352589
10,1514,1524,0.15372644963188742
10,1490,1500,0.1537281846905871
10,1493,1503,0.15372986229460878
10,1507,1517,0.1537314799506935
10,1512,1522,0.15373303603238725
11,1514,1525,0.15373452964377796
10,1509,1519,0.153732903547861
9,1516,1525,0.1537337123572696
9,1520,1529,0.15373619462703084
11,1506,1517,0.1537387046810569
10,1504,1514,0.15373635988630252
10,1507,1517,0.15373658641114715
10,1500,1510,0.15373695275121826
11,1503,1514,0.1537374080775166
9,1500,1509,0.15373553341478816
9,1512,1521,0.15373855510295759
10,1506,1516,0.15374149038677717
9,1518,1527,0.15374186666725267
10,1513,1523,0.1537445402801004
9,1514,1523,0.1537440236985921
9,1517,1526,0.1537460682443695
9,1524,1533,0.15374814604308878
9,1509,1518,0.15375023553310802
9,1504,1513,0.15375231881581014
10,1510,1520,0.1537543811536702
9,1505,1514,0.1537537579579605
9,1509,1518,0.1537555659286344
9,1518,1527,0.15375736980506285
10,1514,1524,0.15375915646999425
9,1498,1507,0.15375768707143325
9,1501,1510,0.15375876610130892
9,1498,1507,0.15375987657238477
9,1499,1508,0.15376105823706585
9,1500,1509,0.15376228786392182
8,1490,1498,0.15376354610908216
8,1502,1510,0.15376707778522394
8,1504,1512,0.15377047249212958
8,1505,1513,0.15377372656165914
8,1499,1507,0.15377683822079877
8,1509,1517,0.15377980725341484
8,1507,1515,0.1537826347117087
8,1519,1527,0.15378532267057998
7,1517,1524,0.15378787401900715
7,1507,1514,0.1537926031903678
7,1511,1518,0.15379706561133413
7,1515,1522,0.15380127335248164
6,1512,1518,0.15380523837668775
7,1511,1518,0.15381146965378212
7,1509,1516,0.15381428866361063
7,1516,1523,0.15381702276349324
7,1514,1521,0.15381966573413883
7,1499,1506,0.1538222131792139
8,1509,1517,0.15382466223426453
8,1505,1513,0.1538240940214529
9,1519,1528,0.1538236836647181
9,1507,1516,0.15382031496628287
9,1508,1517,0.1538173461789996
9,1520,1529,0.1538147318058971
9,1510,1519,0.15381243143706066
9,1502,1511,0.1538104091840497
9,1507,1516,0.1538086331771932
8,1504,1512,0.15380707511875458
8,1494,1502,0.15380793537763837
9,1495,1504,0.15380883097747217
9,1510,1519,0.15380670346029274
10,1505,1515,0.15380487497350032
11,1505,1516,0.1538001876209896
11,1504,1515,0.15379282639400105
10,1506,1516,0.15378622535163639
9,1505,1514,0.1537833012238212
9,1508,1517,0.1537830873567159
9,1509,1518,0.15378301725084306
9,1500,1509,0.15378306648661144
8,1489,1497,0.15378321399044723
8,1498,1506,0.15378575668787245
8,1500,1508,0.15378821860103653
8,1485,1493,0.15379059373055395
8,1485,1493,0.1537928779337112
10,1483,1493,0.15379506861483455
10,1503,1513,0.15379146699421922
10,1502,1512,0.15378825697316342
10,1501,1511,0.15378539484897538
10,1501,1511,0.15378284189732466
10,1513,1523,0.15378056379537652
9,1500,1509,0.15377853011277048
9,1498,1507,0.1537790264000366
8,1502,1510,0.1537795782969008
8,1502,1510,0.15378254607382763
8,1501,1509,0.15378538364675065
8,1505,1513,0.15378809123270032
8,1509,1517,0.1537906701159249
8,1515,1523,0.1537922935738233
8,1509,1517,0.15379394268234453
9,1518,1527,0.15379559792543993
10,1516,1526,0.15379413192688338
10,1503,1513,0.1537903377721926
10,1511,1521,0.15378696485052132
11,1510,1521,0.15378396442895392
11,1504,1515,0.1537780674566224
11,1506,1517,0.15377276081310004
11,1501,1512,0.15376798012756962
11,1499,1510,0.15376366851024476
13,1492,1505,0.1537597756445824
13,1496,1509,0.15375004331085865
14,1501,1515,0.1537412224836545
13,1504,1517,0.1537299605933099
13,1508,1521,0.15372223465670456
12,1511,1523,0.15371528109052407
11,1511,1522,0.15371129963518862
11,1518,1529,0.15371070077977486
10,1514,1524,0.15371027928942982
10,1515,1525,0.15371233396459835
10,1508,1518,0.1537143677796409
9,1515,1524,0.15371636729265456
9,1516,1525,0.15372078935958694
8,1517,1525,0.15372498441336152
8,1532,1540,0.15373120703373133
8,1516,1524,0.15373707952916682
8,1513,1521,0.15374261674431064
8,1499,1507,0.15374783364445638
8,1502,1510,0.15375274516368923
8,1499,1507,0.15375736608163768
8,1513,1521,0.15376171092456528
8,1514,1522,0.1537657938871167
7,1518,1525,0.15376962877154232
7,1515,1522,0.15377561343491686
7,1509,1516,0.15378123306677483
7,1513,1520,0.15378650841074154
7,1514,1521,0.15379145924613102
7,1515,1522,0.15379610440078914
7,1512,1519,0.153799705307359
7,1510,1517,0.15380316675680053
8,1510,1518,0.15380648593898316
8,1516,1524,0.15380725082380828
7,1523,1530,0.1538080414484256
6,1519,1525,0.15381121898175587
5,1517,1522,0.15381650363429947
5,1506,1511,0.15382385496389173
5,1505,1510,0.1538307883435611
5,1519,1524,0.15383732418449103
6,1514,1520,0.15384348239023762
6,1515,1521,0.15384671351008716
6,1517,1523,0.15384979655062886
6,1532,1538,0.15385273363431198
6,1517,1523,0.1538555276712006
6,1499,1505,0.1538581821926482
6,1509,1515,0.15386070121016013
6,1500,1506,0.15386308909600632
6,1490,1496,0.15386535048259822
6,1493,1499,0.153867490178033
6,1505,1511,0.15386951309555158
5,1512,1517,0.1538714241949516
5,1501,1506,0.15387557830683385
5,1499,1504,0.1538794892653077
5,1491,1496,0.15388316972493307
5,1511,1516,0.15388663190628038
4,1502,1506,0.15388988757513508
4,1513,1517,0.15389528225259813
4,1515,1519,0.1539003494135363
4,1505,1509,0.15390510863556095
5,1523,1528,0.15390957836395056
4,1526,1530,0.15391060366690304
4,1515,1519,0.15391408803361212
6,1519,1525,0.1539174471792122
7,1522,1529,0.1539148328839991
7,1523,1530,0.15390951528122143
7,1511,1518,0.15390479461175383
7,1512,1519,0.15390060073862952
7,1503,1510,0.15389687201832009
7,1494,1501,0.15389355425166898
7,1496,1503,0.15389059976612593
7,1500,1507,0.15388796661269644
7,1508,1515,0.1538856178631268
7,1495,1502,0.15388352099469033
7,1491,1498,0.15388164735154114
7,1511,1518,0.15387997167300377
7,1510,1517,0.1538784716803878
7,1508,1515,0.1538771277149821
7,1503,1510,0.15387592242081277
8,1502,1510,0.15387484046655964
7,1503,1510,0.15387071935908614
7,1505,1512,0.15386935843726945
7,1510,1517,0.15386819420766354
5,1514,1519,0.15386719983286354
4,1518,1522,0.15387154226256405
4,1525,1529,0.15387802687895585
4,1513,1517,0.15388412665608558
4,1507,1511,0.15388986219192932
4,1518,1522,0.1538952533134042
4,1515,1519,0.1539003190516772
4,1515,1519,0.15390507762900213
3,1520,1523,0.15390954645501753
3,1510,1513,0.15391617461700047
3,1510,1513,0.15392239668327787
3,1508,1511,0.15392823653423268
3,1508,1511,0.15393371679876255
3,1510,1513,0.15393885889648815
3,1511,1514,0.15394368308248332
3,1513,1516,0.15394820849364985
3,1503,1506,0.1539524531960099
3,1501,1504,0.153956434232324
3,1500,1503,0.15396016766955087
2,1508,1510,0.15396366864576153
2,1509,1511,0.15396936104223802
2,1522,1524,0.1539738826819952
2,1507,1509,0.15397823210935516
2,1521,1523,0.15398240649852096
2,1529,1531,0.1539864049176755
2,1526,1528,0.15399022799044812
2,1515,1517,0.15399387760698238
2,1521,1523,0.15399735667781608
2,1523,1525,0.15400066892468586
2,1508,1510,0.1540038187031561
2,1514,1516,0.15400681085265266
2,1520,1522,0.15400965057007493
2,1516,1518,0.15401234330367297
2,1516,1518,0.15401489466432292
2,1519,1521,0.1540173103517203
3,1525,1528,0.1540195960933479
3,1523,1526,0.15401860246813256
3,1520,1523,0.15401778150466064
2,1518,1520,0.15401710890390657
2,1517,1519,0.15401898576441775
2,1505,1507,0.15402082306785111
2,1505,1507,0.15402261312558765
2,1508,1510,0.15402435006727688
2,1512,1514,0.15402602955061265
2,1518,1520,0.15402764851257364
2,1510,1512,0.15402920495645714
2,1497,1499,0.15403069776979256
2,1501,1503,0.1540321265688851
2,1497,1499,0.15403349156630955
2,1500,1502,0.15403479345817214
2,1522,1524,0.15403603332838658
2,1506,1508,0.15403721256758454
2,1487,1489,0.15403833280460272
2,1501,1503,0.15403939584876777
2,1501,1503,0.15404040364144442
2,1511,1513,0.15404135821551934
2,1505,1507,0.1540422616616772
2,1513,1515,0.15404311610048102
2,1513,1515,0.15404392365940597
2,1519,1521,0.15404468645409267
2,1524,1526,0.15404540657318902
2,1527,1529,0.15404608606623618
3,1514,1517,0.15404672693413204
3,1510,1513,0.15404414416287537
3,1498,1501,0.15404182219023174
3,1513,1516,0.15403973248715505
3,1515,1518,0.15403784982680982
3,1509,1512,0.15403615188816822
2,1494,1496,0.15403461890826634
1,1508,1509,0.15403565944313066
1,1512,1513,0.1540393830306891
1,1507,1508,0.15404288177603753
1,1519,1520,0.15404616866283402
1,1517,1518,0.15404925601500918
1,1519,1520,0.15405215551651508
1,1517,1518,0.15405487823284092
1,1523,1524,0.15405743463377086
1,1528,1529,0.15405983461694872
1,1525,1526,0.1540620875318917
1,1528,1529,0.1540642022041573
1,1510,1511,0.15406618695942592
1,1504,1505,0.15406804964730422
1,1501,1502,0.15406979766469786
1,1508,1509,0.15407143797863113
1,1518,1519,0.15407297714842233
1,1521,1522,0.15407442134714466
1,1514,1515,0.15407577638232348
0,1513,1513,0.15407704771583594
