1378,26,1404,0.13579577654477695
1401,28,1429,0.1329193030547672
1422,29,1451,0.13023972033043107
1425,31,1456,0.12774355409339816
1444,28,1472,0.12546688737317083
1451,30,1481,0.12334350071349752
1454,33,1487,0.12139147454551892
1446,35,1481,0.11960836045154717
1462,35,1497,0.11800963981721825
1459,35,1494,0.11651381133769931
1453,36,1489,0.11516098565221966
1466,37,1503,0.11394807819277711
1458,33,1491,0.1128120400611973
1467,33,1500,0.11180079886210244
1467,33,1500,0.11085957654168585
1460,32,1492,0.11000494679312237
1466,35,1501,0.10924542184460279
1441,35,1476,0.1085414928092597
1448,37,1485,0.10796081582587341
1456,40,1496,0.10741698741868046
1447,42,1489,0.10690447888932247
1453,39,1492,0.10645888217647811
1462,42,1504,0.1060381471401728
1471,41,1512,0.10563591175711583
1438,41,1479,0.10524875184237086
1447,41,1488,0.10497254570059578
1450,41,1491,0.10470175904893017
1443,40,1483,0.10444958723483821
1456,39,1495,0.10423541500563996
1448,41,1489,0.10401141349775238
1440,40,1480,0.10382580690095715
1435,40,1475,0.10367575235995545
1430,41,1471,0.10355130916399617
1453,37,1490,0.10345029828493896
1440,37,1477,0.1033045019033609
1451,40,1491,0.10320006661830576
1436,38,1474,0.10308127824858385
1447,41,1488,0.10300721488680445
1438,39,1477,0.10291437923004088
1455,41,1496,0.10285087050261713
1445,42,1487,0.10275404622089095
1450,40,1490,0.10268898070310169
1462,41,1503,0.10261901167631723
1452,41,1493,0.10252811616238372
1458,42,1500,0.10246884787440987
1458,44,1502,0.1024014818894726
1461,45,1506,0.10233968400609066
1451,46,1497,0.10227494519097649
1459,45,1504,0.10223814427516358
1454,45,1499,0.10218947499221302
1444,42,1486,0.10215730237184983
1449,43,1492,0.10214978212637521
1455,43,1498,0.10213142972483587
1459,47,1506,0.10210303580430649
1468,47,1515,0.10206698245557597
1453,48,1501,0.10201471904439888
1458,52,1510,0.10200196811983027
1454,51,1505,0.10198083377099554
1444,50,1494,0.10196965761745397
1447,53,1500,0.10198067422826686
1435,55,1490,0.10198607907954298
1432,52,1484,0.10201938543128417
1427,50,1477,0.10205544758594932
1426,51,1477,0.10210073001546921
1444,55,1499,0.10214526838179636
1451,56,1507,0.1021456689685919
1438,54,1492,0.10212910747538835
1417,55,1472,0.10214380387597717
1421,56,1477,0.10220326024017369
1436,56,1492,0.10224817106791148
1427,54,1481,0.10225740673576633
1421,51,1472,0.10228630103792756
1419,54,1473,0.10232726622603085
1419,58,1477,0.10237034637849977
1421,61,1482,0.10241177093236667
1438,59,1497,0.1024441673116058
1424,60,1484,0.10243784785008753
1421,61,1482,0.10246155344438022
1429,62,1491,0.10248996326870863
1433,60,1493,0.10249829879358732
1436,60,1496,0.1024952854614623
1435,59,1494,0.10248520866769444
1424,59,1483,0.10247901650900641
1425,62,1487,0.10249699225428298
1427,63,1490,0.10251308259176543
1420,61,1481,0.10252224425903667
1433,64,1497,0.10254587915053268
1437,65,1502,0.10253986462532431
1432,65,1497,0.10252560878437342
1420,67,1487,0.10252408091158348
1419,67,1486,0.10255021348151953
1434,64,1498,0.1025774367789857
1425,64,1489,0.10256954009234054
1420,63,1483,0.10258151026560569
1412,63,1475,0.10260494082213813
1432,62,1494,0.10264473300091663
1427,64,1491,0.10263572767626183
1431,63,1494,0.10263813895122055
1432,63,1495,0.10263058616657755
1431,62,1493,0.10262168145837787
1430,60,1490,0.1026159197310252
1417,61,1478,0.10261255852866792
1422,63,1485,0.10263862543346906
1399,63,1462,0.10265396125031037
1407,66,1473,0.1027217278926908
1416,65,1481,0.10276695907338844
1428,67,1495,0.10278760938247665
1422,68,1490,0.10277722660646772
1422,69,1491,0.10278261842404483
1420,69,1489,0.10278671773551899
1410,67,1477,0.10279763205205984
1401,69,1470,0.10282681917742037
1414,69,1483,0.10287432487372694
1415,69,1484,0.10288820562498793
1411,69,1480,0.10289869348870319
1421,68,1489,0.10291843378491272
1416,74,1490,0.1029172500683741
1417,73,1490,0.10292812824405147
1425,75,1500,0.1029353984061438
1423,73,1496,0.10292391071734575
1401,70,1471,0.1029183551830802
1390,73,1463,0.10296129314396012
1387,73,1460,0.10302569824409327
1395,71,1466,0.10309213732771802
1391,70,1461,0.10313324849720175
1399,73,1472,0.10317887787072881
1406,71,1477,0.10320291935438983
1421,73,1494,0.10320884175700641
1427,74,1501,0.10318200119485706
1435,74,1509,0.1031439374464018
1436,76,1512,0.10309162290430839
1448,75,1523,0.10304191594794347
1426,76,1502,0.10296982464302347
1427,75,1502,0.10295253100667562
1432,74,1506,0.10293425902867454
1430,73,1503,0.10290508673024786
1429,75,1504,0.10288420577483212
1437,75,1512,0.10286619435266109
1439,73,1512,0.10283171349824695
1421,75,1496,0.10279630265784949
1420,76,1496,0.10280527108771968
1417,78,1495,0.10281783231751568
1424,79,1503,0.10283788476302355
1414,78,1492,0.10283929862681897
1413,77,1490,0.10286449564124121
1406,80,1486,0.10289004221341486
1398,82,1480,0.10292996577862558
1412,83,1495,0.10298703678509619
1406,77,1483,0.10300852081500082
1434,73,1507,0.10303995334775458
1421,75,1496,0.10300380210296567
1414,77,1491,0.10299908689518972
1414,80,1494,0.10301090952833952
1413,81,1494,0.10302152553908415
1405,82,1487,0.103032878646067
1409,85,1494,0.10306146166236914
1412,81,1493,0.10307883408906368
1429,79,1508,0.10308691415881632
1405,76,1481,0.10305581536152734
1393,75,1468,0.10307995793719286
1393,78,1471,0.10312946584303431
1396,78,1474,0.10317520246111286
1389,77,1466,0.10321344954004097
1390,80,1470,0.10326386393683179
1398,81,1479,0.10330814660994728
1404,79,1483,0.10332975278724833
1389,81,1470,0.10333734648061739
1393,82,1475,0.10337665705404074
1404,84,1488,0.10340269622000528
1410,82,1492,0.1034022098134313
1396,84,1480,0.1033884325973264
1393,86,1479,0.1034061694788383
1399,86,1485,0.10343296855625306
1401,87,1488,0.10344451845602937
1409,84,1493,0.10345070415741554
1405,85,1490,0.10343847259488402
1403,87,1490,0.10343621163033777
1414,87,1501,0.10343850894965476
1410,86,1496,0.10341705661021802
1400,87,1487,0.10340808488366808
1403,88,1491,0.10342246522742737
1397,90,1487,0.10342744858339482
1394,92,1486,0.10344256024487915
1385,93,1478,0.10346683583351635
1379,93,1472,0.10350974407018658
1383,95,1478,0.10356416915183665
1376,96,1472,0.10360614643188965
1362,100,1462,0.1036586466826694
1375,99,1474,0.10373974213625843
1378,103,1481,0.10378699681205848
1389,104,1493,0.10382501483695869
1391,101,1492,0.10383505057509378
1392,98,1490,0.10384037116269763
1390,100,1490,0.10384189640872918
1394,101,1495,0.10384403516161576
1389,100,1489,0.10383881550487244
1379,104,1483,0.1038457180654211
1376,101,1477,0.10387538703871244
1384,102,1486,0.10391097269451137
1375,101,1476,0.10392676073226426
1370,106,1476,0.10396065875954613
1389,107,1496,0.10400279478704112
1387,106,1493,0.10399806655994535
1390,105,1495,0.10399628268195331
1394,105,1499,0.10398693367567963
1385,104,1489,0.10397017929467424
1381,101,1482,0.10397573499634967
1379,100,1479,0.10398946654562093
1392,98,1490,0.10400530036978065
1391,104,1495,0.10399206725114073
1390,104,1494,0.10398187199039288
1383,107,1490,0.10397308094306677
1382,112,1494,0.10398112143981375
1382,115,1497,0.10399281211797383
1382,116,1498,0.10400421165676138
1377,117,1494,0.10401637544110026
1380,116,1496,0.10403906308389811
1375,115,1490,0.10405617825321072
1369,119,1488,0.1040842334385265
1377,115,1492,0.10412514497413734
1378,121,1499,0.10414357140977568
1376,124,1500,0.10416006839053157
1361,126,1487,0.10417918012196335
1371,132,1503,0.10423079697218782
1361,132,1493,0.10425515639784148
1365,133,1498,0.10430254424603963
1368,138,1506,0.1043382906500846
1366,138,1504,0.1043651249889549
1350,136,1486,0.10439427264460406
1357,142,1499,0.10445724527005043
1354,140,1494,0.10450161813745641
1341,140,1481,0.10455026866200777
1344,142,1486,0.10462487266785608
1342,142,1484,0.10468647452187664
1351,145,1496,0.10474853380623335
1337,144,1481,0.1047851765684145
1339,144,1483,0.1048508119699844
1341,144,1485,0.1049067642797477
1350,146,1496,0.10495440946924443
1364,144,1508,0.10497864133527747
1358,144,1502,0.1049694413419363
1347,142,1489,0.1049739945673551
1357,149,1506,0.10500432647348439
1362,147,1509,0.10500973546697942
1352,144,1496,0.10500108624878965
1349,144,1493,0.10501708947279219
1359,142,1501,0.10503963860286732
1350,146,1496,0.1050377088070318
1338,149,1487,0.10505641199679303
1334,149,1483,0.105101329667481
1347,147,1494,0.1051537070002997
1344,148,1492,0.10517433033178214
1350,153,1503,0.10519811687480736
1356,155,1511,0.10520525306149497
1345,155,1500,0.1051996979202137
1336,149,1485,0.10522052201375688
1345,151,1496,0.1052612126725241
1348,151,1499,0.10527959107267286
1348,156,1504,0.10528795254694596
1332,157,1489,0.10529634960504662
1323,160,1483,0.1053397150016772
1315,159,1474,0.10540081878649549
1324,160,1484,0.10547732466134928
1323,160,1483,0.10552860201492383
1333,157,1490,0.10557591899125668
1337,157,1494,0.10559731226620783
1332,160,1492,0.10561021207919272
1332,157,1489,0.10563191460795295
1320,163,1483,0.10565089949421239
1325,162,1487,0.10569554440812723
1322,163,1485,0.10572386405299734
1329,165,1494,0.1057566969568612
1326,170,1496,0.10576901570865958
1321,169,1490,0.10579081617263261
1323,171,1494,0.1058221220539831
1330,173,1503,0.10584831276913671
1320,175,1495,0.10585522975381279
1307,173,1480,0.10588501731038548
1318,169,1487,0.10594337330233156
1325,170,1495,0.10597243795851692
1316,165,1481,0.10598021227697338
1322,162,1484,0.1060051557996135
1319,167,1486,0.10601414003467799
1315,176,1491,0.10602925743063857
1325,173,1498,0.10605158826281254
1318,177,1495,0.10605174098650778
1316,177,1493,0.10606742374986464
1323,177,1500,0.10608997350254508
1320,177,1497,0.10609484651914851
1323,179,1502,0.10610823576821027
1317,181,1498,0.10611391295886938
1323,179,1502,0.10613375780624139
1304,177,1481,0.10613700733639404
1311,181,1492,0.1061851202405885
1311,181,1492,0.10621581008830493
1319,187,1506,0.10624137265467432
1327,193,1520,0.10624834085521627
1331,191,1522,0.10623590581706491
1320,190,1510,0.10621766411844678
1295,196,1491,0.10622689823611489
1297,189,1486,0.10629011166464526
1304,193,1497,0.10634496651789525
1303,192,1495,0.1063810642877597
1303,188,1491,0.10641559001661713
1302,191,1493,0.10644678892975368
1311,194,1505,0.10647803913938636
1298,195,1493,0.10648546407955511
1294,196,1490,0.10652180039329076
1294,197,1491,0.1065665291862755
1284,199,1483,0.10660752787953116
1301,201,1502,0.10666701312980603
1293,199,1492,0.10668357459674822
1292,203,1495,0.10671874469460654
1288,207,1495,0.10675380256473486
1296,206,1502,0.10679593522262708
1298,209,1507,0.10681798793089542
1292,210,1502,0.10683665969325318
1283,212,1495,0.10686707542658194
1297,208,1505,0.10691539090500435
1288,203,1491,0.10692717947701456
1298,202,1500,0.10695900670253135
1286,198,1484,0.10696214165930938
1277,209,1486,0.10699172726507347
1283,206,1489,0.1070402116724596
1288,203,1491,0.10707436801183846
1284,200,1484,0.10709106336549327
1292,203,1495,0.1071147426712527
1292,205,1497,0.1071197602582603
1290,205,1495,0.10712284039388947
1280,202,1482,0.10713162425791378
1292,200,1492,0.10716558074394085
1299,202,1501,0.1071684777200581
1297,204,1501,0.10715289808018374
1299,206,1505,0.10714244481880421
1293,204,1497,0.10712876652381274
1292,208,1500,0.10712908956726781
1290,203,1493,0.10713265257774023
1297,203,1500,0.10714239671273117
1294,195,1489,0.10713326189256785
1289,196,1485,0.10713071527299434
1282,189,1471,0.10714008054307562
1301,193,1494,0.10716359173333562
1317,195,1512,0.10714123713035367
1309,195,1504,0.1070844855023436
1310,196,1506,0.10704761655330657
1312,193,1505,0.10701086430197079
1290,197,1487,0.10697302646425441
1300,194,1494,0.10699197692005924
1308,197,1505,0.1069855047243479
1309,193,1502,0.10696159090242789
1300,193,1493,0.10693842880996163
1315,196,1511,0.10693928897447921
1318,196,1514,0.10690552838438112
1314,195,1509,0.1068672670743239
1310,193,1503,0.10683989266733022
1297,199,1496,0.1068207690814634
1302,200,1502,0.10683357521189642
1315,201,1516,0.10683284073948834
1301,205,1506,0.10680167214190629
1295,206,1501,0.10680688976853585
1286,205,1491,0.10682833914730562
1291,201,1492,0.10686916711792634
1297,201,1498,0.10689384518459143
1304,205,1509,0.10690117366468767
1298,209,1507,0.10689334894716765
1301,209,1510,0.10690096320024997
1284,208,1492,0.10689978192828001
1291,209,1500,0.10694081894920085
1291,206,1497,0.10696586387478516
1294,206,1500,0.10698548186813672
1291,210,1501,0.10699436672255473
1290,212,1502,0.10700777258055365
1293,218,1511,0.10702475242666307
1281,220,1501,0.10703681521093031
1280,220,1500,0.10707777561213394
1282,213,1495,0.10711735695855568
1274,211,1485,0.10715079617611355
1267,209,1476,0.10719661851296727
1278,213,1491,0.1072548916915774
1295,213,1508,0.10728643246844252
1287,209,1496,0.10727690754971367
1291,212,1503,0.10728452172404312
1297,211,1508,0.10727989241617003
1297,211,1508,0.10726174489647582
1292,211,1503,0.10724618634731882
1292,212,1504,0.10724430851025944
1282,209,1491,0.1072435420804062
1283,210,1493,0.1072650853542249
1276,204,1480,0.10728167054632681
1280,205,1485,0.10731324372810822
1292,206,1498,0.10733318139374176
1287,208,1495,0.10732492160199157
1288,209,1497,0.10732932214439005
1292,210,1502,0.10733121888336922
1288,208,1496,0.10732470284549846
1299,210,1509,0.10732744462852822
1298,211,1509,0.10730458224681881
1295,208,1503,0.10728799997793406
1294,208,1502,0.10727916612316266
1297,214,1511,0.10727353432113443
1288,215,1503,0.10726225932603342
1280,210,1490,0.10727143616626168
1284,206,1490,0.10729999597734288
1294,208,1502,0.10731665201760694
1297,215,1512,0.10730822429856358
1299,209,1508,0.10729243621159544
1299,209,1508,0.10727253765280614
1296,213,1509,0.10725292546975726
1291,210,1501,0.10724392993524738
1285,219,1504,0.10724778114638213
1289,224,1513,0.10726751470576375
1281,223,1504,0.1072756441384692
1274,225,1499,0.10730181336546592
1255,230,1485,0.1073448264360362
1264,226,1490,0.10742634360941013
1271,224,1495,0.10748119090014384
1274,228,1502,0.10751746747233755
1260,234,1494,0.10754268503221547
1261,229,1490,0.10759760043947303
1258,235,1493,0.10764289433167801
1254,239,1493,0.10769454446838132
1260,239,1499,0.10775104178322353
1254,234,1488,0.10779028285730202
1252,231,1483,0.10783887028441658
1256,235,1491,0.10788809966898924
1242,239,1481,0.10792785747127122
1244,243,1487,0.10799588206372096
1261,239,1500,0.10805441947501361
1264,241,1505,0.10806994087071706
1250,242,1492,0.10807740061398646
1247,240,1487,0.10811453020306523
1249,243,1492,0.10815528006507882
1252,245,1497,0.10819005027448522
1254,240,1494,0.10821517088301935
1240,242,1482,0.10823773864175845
1253,243,1496,0.10828869871052088
1255,250,1505,0.10830376806058137
1238,257,1495,0.10831383676616556
1230,256,1486,0.10835983012909495
1232,254,1486,0.10842245389994687
1236,257,1493,0.10847633781768799
1239,261,1500,0.10851903808308246
1240,261,1501,0.10855263960347691
1252,261,1513,0.10858154542304888
1238,260,1498,0.10858061222484611
1250,265,1515,0.10861157195217125
1246,263,1509,0.10861472207244445
1235,267,1502,0.10862684490361843
1234,267,1501,0.10866366402131361
1243,269,1512,0.10869995866202775
1236,275,1511,0.10871228006180976
1239,271,1510,0.10874063683993959
1230,269,1499,0.10876387292083493
1228,278,1506,0.10880696258840246
1231,274,1505,0.10885341694446957
1231,276,1507,0.10889082415571867
1224,279,1503,0.10892612617322175
1218,277,1495,0.10897590797705757
1215,283,1498,0.10903639428891196
1200,282,1482,0.1090995352369731
1204,277,1481,0.10919304622137257
1202,282,1484,0.10926902475055851
1204,287,1491,0.1093427780192295
1217,287,1504,0.10940302671211657
1213,288,1501,0.10943064809429562
1215,285,1500,0.10946742347643962
1222,293,1515,0.10949763523868374
1212,295,1507,0.10950876798451675
1206,292,1498,0.10954174978023008
1209,290,1499,0.10958682439851511
1196,290,1486,0.10962205422799133
1200,292,1492,0.10968478590934297
1213,296,1509,0.10973289424919429
1217,290,1507,0.10974791669127917
1211,287,1498,0.10975125217768639
1211,285,1496,0.10976963990563732
1211,286,1497,0.10978692198165316
1215,288,1503,0.10980311821859473
1211,286,1497,0.10980895241082578
1212,287,1499,0.10982614241777626
1210,294,1504,0.10983968218359763
1206,301,1507,0.10985554343059918
1201,309,1510,0.10988048981716865
1206,310,1516,0.10991713385311358
1205,308,1513,0.10994000982528246
1195,304,1499,0.10996626126432268
1191,307,1498,0.11001310605515947
1186,306,1492,0.11006513801661427
1182,313,1495,0.11012680169739499
1184,311,1495,0.11019544854424598
1181,311,1492,0.11025458398270065
1186,310,1496,0.11031274557252897
1179,314,1493,0.11035659463365866
1179,315,1494,0.1104126307621111
1180,314,1494,0.11046504893461552
1170,314,1484,0.11051151263368839
1160,314,1474,0.11057920321637749
1161,308,1469,0.11066586413650302
1178,313,1491,0.1107399606112475
1174,324,1498,0.11077149115578219
1176,323,1499,0.11080858474913696
1170,329,1499,0.11084028397756165
1167,328,1495,0.11088653067863817
1170,326,1496,0.11093638542388394
1178,322,1500,0.1109760572546833
1171,325,1496,0.11099287016782114
1165,316,1481,0.11102478683639362
1173,314,1487,0.11106851205036819
1176,325,1501,0.1110889151171712
1159,328,1487,0.11110210221586804
1159,330,1489,0.11115566711763059
1165,330,1495,0.11120710500836094
1153,337,1490,0.1112410071286985
1147,338,1485,0.11129805628773176
1148,333,1481,0.11136518777383177
1167,336,1503,0.1114243694447455
1165,335,1500,0.111436056865993
1158,340,1498,0.11145095796307335
1149,338,1487,0.11148074030067218
1159,339,1498,0.11152920322874811
1158,339,1497,0.11155177027829331
1153,338,1491,0.11157589614574225
1160,337,1497,0.11161051379651944
1166,342,1508,0.11162850364800299
1161,334,1495,0.11162911708718172
1157,339,1496,0.11164252121729162
1145,347,1492,0.11166593618425197
1145,354,1499,0.11171561753724842
1141,350,1491,0.11176264282580643
1146,346,1492,0.11181648272114839
1156,348,1504,0.11185339924785605
1157,350,1507,0.11186736442168091
1154,349,1503,0.11187716324613761
1147,348,1495,0.11189183713719927
1148,350,1498,0.11192050057487775
1136,345,1481,0.11194337693534638
1143,350,1493,0.11199209525068422
1138,348,1486,0.1120216645492658
1141,349,1490,0.11205995929846306
1143,356,1499,0.11208828157376949
1141,356,1497,0.11211076236773998
1157,349,1506,0.112136701075434
1148,344,1492,0.11212098781725746
1149,346,1495,0.1121271528597494
1160,349,1509,0.11213217702557138
1146,345,1491,0.11210824323712863
1146,349,1495,0.11212052924991234
1142,352,1494,0.1121316372921866
1141,353,1494,0.11215245065788736
1139,356,1495,0.11217463744470696
1141,350,1491,0.11220150207207887
1144,348,1492,0.11222149902564584
1134,350,1484,0.11223390883682431
1147,345,1492,0.1122696314879134
1146,341,1487,0.1122707977510552
1144,345,1489,0.11227072331349243
1143,349,1492,0.11227546669631089
1152,351,1503,0.1122833920528681
1151,354,1505,0.11227273757956052
1141,357,1498,0.11226315499117157
1142,356,1498,0.11227856152330919
1146,361,1507,0.11229060166899728
1140,359,1499,0.11229311366628923
1153,358,1511,0.11230786747724615
1157,357,1514,0.11229456664006143
1151,357,1508,0.11227539630558976
1153,358,1511,0.11227145597092517
1162,357,1519,0.11226125994719827
1165,354,1519,0.11223253333858028
1161,357,1518,0.11220037699044315
1168,356,1524,0.11217776754328077
1175,360,1535,0.1121414102695594
1162,358,1520,0.11209168464095899
1160,352,1512,0.11207618080539904
1148,357,1505,0.11206929236391013
1147,359,1506,0.11209066632292387
1124,346,1470,0.11211308238319358
1131,353,1484,0.11218257286726324
1126,351,1477,0.11222893461917077
1130,353,1483,0.11228475149262142
1119,360,1479,0.11232656260912406
1128,361,1489,0.11239043501332574
1121,365,1486,0.11242982162563578
1130,358,1488,0.11248165892203504
1125,367,1492,0.11250841142381184
1135,369,1504,0.11254661007018814
1135,367,1502,0.11255953670867253
1138,361,1499,0.11257398782834223
1132,359,1491,0.11257711363518672
1128,364,1492,0.11259345127643322
1127,371,1498,0.11261865199592526
1133,374,1507,0.11264316946678654
1130,374,1504,0.11265372662411892
1135,367,1502,0.11267239988110642
1131,363,1494,0.11267811985137506
1137,360,1497,0.11269347160675354
1130,367,1497,0.11269381117057609
1124,376,1500,0.1127096880921938
1118,378,1496,0.11273975694410772
1118,382,1500,0.11278143667552577
1118,387,1505,0.11281895835075204
1118,385,1503,0.11285319615786638
1116,388,1504,0.11288560231289983
1110,386,1496,0.11292121351893786
1104,385,1489,0.11296834034127666
1106,387,1493,0.11302504046406465
1108,380,1488,0.11307545083546523
1111,383,1494,0.1131164347932151
1100,387,1487,0.11314625518537039
1099,389,1488,0.11319789225739735
1097,387,1484,0.1132466395683176
1102,389,1491,0.11329656096635769
1112,393,1505,0.11333257789083387
1116,394,1510,0.11334598571818845
1109,396,1505,0.11335029170238037
1106,395,1501,0.11336816527726899
1094,404,1498,0.11339252978628885
1098,402,1500,0.11344583231845796
1102,399,1501,0.11348368072788251
1103,401,1504,0.11351009239023548
1097,398,1495,0.11352937275795717
1103,396,1499,0.11356256720856464
1104,392,1496,0.1135759584687695
1102,396,1498,0.11358885089090233
1115,392,1507,0.11360428806580795
1111,397,1508,0.11358694456528758
1103,396,1499,0.11358044727786386
1097,393,1490,0.11359356615977032
1103,398,1501,0.11361859492877015
1098,401,1499,0.1136285369114562
1086,397,1483,0.11364958918365088
1086,403,1489,0.11369934576770982
1086,408,1494,0.11374501099222148
1088,410,1498,0.11378930441966716
1089,409,1498,0.11382566181887369
1088,411,1499,0.11385932903461093
1091,408,1499,0.11389497306906404
1090,411,1501,0.11391756631312937
1078,420,1498,0.11394052561259808
1073,417,1490,0.113988626012452
1070,420,1490,0.1140471209309911
1068,423,1491,0.11410741787847815
1079,412,1491,0.11417009957223376
1080,408,1488,0.11420157984807386
1068,411,1479,0.11422905028067962
1072,410,1482,0.11428296142498795
1066,409,1475,0.11432481465398503
1069,413,1482,0.11437316739096584
1083,426,1509,0.11441264279987778
1082,422,1504,0.11441710915001234
1083,423,1506,0.11442595650505823
1078,432,1510,0.11442976491053432
1072,431,1503,0.11444465020438507
1077,433,1510,0.11447408069320561
1065,436,1501,0.11449077036678322
1062,436,1498,0.11453584081320883
1061,433,1494,0.1145838655485095
1059,430,1489,0.11462819317562607
1052,433,1485,0.11467620284134057
1045,440,1485,0.11473852884913219
1039,434,1473,0.11481178605139747
1047,441,1488,0.1148936322994204
1057,443,1500,0.1149518924848827
1060,443,1503,0.11498037849873238
1061,442,1503,0.11500173759868082
1062,436,1498,0.11501989581347491
1067,442,1509,0.11503495162097609
1059,443,1502,0.11503802222084332
1054,446,1500,0.11506024649067559
1055,444,1499,0.11509309419265222
1061,447,1508,0.11512420025727955
1056,447,1503,0.11513934231831197
1042,441,1483,0.11516427644719684
1046,439,1485,0.1152185986922058
1044,439,1483,0.1152587764829709
1055,444,1499,0.11529970881799835
1051,445,1496,0.11531437220574571
1037,447,1484,0.11533658134497848
1037,453,1490,0.11538956800167176
1044,451,1495,0.11543955261602694
1050,460,1510,0.11546957828046424
1048,459,1507,0.11548558299141697
1040,463,1503,0.11550559862177151
1054,460,1514,0.1155440920792578
1044,449,1493,0.11554461943135816
1053,445,1498,0.11556838392431568
1041,442,1483,0.11556775535383743
1051,448,1499,0.11559391617120436
1051,447,1498,0.11559336657851604
1046,451,1497,0.11559326187466844
1051,442,1493,0.11560409628110552
1051,436,1487,0.11560404612948211
1054,442,1496,0.11560193039816614
1052,444,1496,0.11559483514357613
1045,455,1500,0.11559318248750333
1049,458,1507,0.115604703925084
1055,455,1510,0.11560712858277795
1049,456,1505,0.11559295942313134
1057,457,1514,0.1155942473795153
1057,458,1515,0.11557754088068417
1052,451,1503,0.11556296813441383
1060,451,1511,0.11556444725821863
1060,445,1505,0.11554983361439174
1060,457,1517,0.1155362728948055
1051,454,1505,0.11552355539009226
1043,461,1504,0.11553178824316593
1044,460,1504,0.11555772184047182
1028,465,1493,0.11558195517332895
1034,457,1491,0.11564014064050941
1036,462,1498,0.11567974942353569
1043,464,1507,0.11571342091302189
1041,472,1513,0.11572911455433811
1043,460,1503,0.11575030542078042
1040,459,1499,0.11576465677497172
1035,467,1502,0.11578529982180617
1027,466,1493,0.11581505278132019
1042,474,1516,0.11586041249087352
1036,477,1513,0.1158675737472279
1037,474,1511,0.11588899145192791
1027,469,1496,0.11590746711482447
1019,477,1496,0.11594849432769695
1011,474,1485,0.11600587874484326
998,478,1476,0.11607836269294625
1013,481,1494,0.11617376978508887
1011,484,1495,0.11622783149547614
1013,481,1494,0.11628308026159831
1011,479,1490,0.11632731608497285
1030,478,1508,0.11637533826048824
1035,478,1513,0.11637621477557966
1036,468,1504,0.11636585717961287
1041,466,1507,0.11635407710036062
1038,468,1506,0.11633196732033511
1040,470,1510,0.1163180099282049
1042,464,1506,0.11630180618836633
1047,471,1518,0.1162795694783718
1044,480,1524,0.11624685559497891
1029,474,1503,0.11622558740307767
1027,476,1503,0.11624068999776412
1018,479,1497,0.11626175633851135
1026,480,1506,0.11630320375303249
1018,485,1503,0.11632418244218312
1014,488,1502,0.11636187335688647
1013,491,1504,0.11640601096494535
1005,489,1494,0.11644948624485157
1011,496,1507,0.11650920253992535
1001,495,1496,0.1165495475928142
998,493,1491,0.11660821894802641
1003,493,1496,0.11666979856923049
1001,495,1496,0.11671711822567638
999,494,1493,0.11676714546146987
1004,500,1504,0.11681937127148082
997,499,1496,0.11685450135142807
994,497,1491,0.11690243977621229
994,498,1492,0.11695369171380474
1004,499,1503,0.11700099841590324
992,491,1483,0.11702100515511127
984,487,1471,0.11706897338048615
992,484,1476,0.11713207657208553
1001,494,1495,0.1171707541922695
1000,498,1498,0.11718647472460393
995,495,1490,0.11719916588537213
992,498,1490,0.11722463591247881
995,502,1497,0.11725786222583073
993,507,1500,0.11728160273195558
993,513,1506,0.11730844204691614
1002,515,1517,0.117332152749348
996,513,1509,0.1173320196539045
992,508,1500,0.11734897413410064
990,511,1501,0.11737486475498823
974,505,1479,0.11740082326302474
991,511,1502,0.11746190889870047
980,513,1493,0.11747916376142588
977,513,1490,0.117519237293702
980,517,1497,0.11756290503293572
988,516,1504,0.11759743616553262
988,510,1498,0.11761423500418296
993,513,1506,0.11762791173355268
992,513,1505,0.11763010396656876
978,522,1500,0.1176353029418309
984,527,1511,0.11767343517565321
973,529,1502,0.1176934630191073
977,532,1509,0.11773740352496519
981,528,1509,0.11776582158867148
967,530,1497,0.11778611142661444
960,524,1484,0.11783851513953614
969,521,1490,0.11790489940233957
969,511,1480,0.1179413184634307
961,520,1481,0.11797192754745858
967,532,1499,0.11801778062930524
962,524,1486,0.11804693624792355
961,535,1496,0.1180847984451266
969,527,1496,0.11812174502317849
968,528,1496,0.11813958958581726
974,530,1504,0.11816011837825763
967,529,1496,0.11816614502730083
979,526,1505,0.11818934797658937
968,536,1504,0.11818429311414863
963,539,1502,0.11820575078369729
964,542,1506,0.11823813655023589
964,538,1502,0.11826476060835418
964,546,1510,0.1182912919969195
962,535,1497,0.11831762091690778
966,547,1513,0.11834666597633589
959,550,1509,0.11836750907925035
956,544,1500,0.11840318621361556
954,550,1504,0.11844312159752196
956,546,1502,0.11848537920040261
947,562,1509,0.11852067467076108
947,560,1507,0.11857556422376504
953,566,1519,0.11862844378858331
943,563,1506,0.1186642217457447
947,564,1511,0.11871929483516096
941,565,1506,0.11876179014507443
937,567,1504,0.11881546966774295
933,571,1504,0.1188758936937767
937,573,1510,0.11894284010203475
940,572,1512,0.11899406453147854
935,571,1506,0.11903572356518158
934,571,1505,0.11908072409691535
932,575,1507,0.11912649158704709
942,569,1511,0.11917576816396275
931,573,1504,0.1191981860152572
925,576,1501,0.11924494717477337
934,572,1506,0.11930127966950486
938,575,1513,0.11933139601690122
941,580,1521,0.11935027105262506
942,582,1524,0.11936203906530432
933,580,1513,0.11937036622909794
915,573,1488,0.11939971243611974
925,556,1481,0.11946527869492776
931,556,1487,0.1195025481491562
925,565,1490,0.11952149333386516
926,566,1492,0.11955069612735575
920,560,1480,0.11957825081822218
915,556,1471,0.11961522140785955
931,557,1488,0.11965939680587911
930,558,1488,0.11966291301058822
936,549,1485,0.11966914248583965
945,556,1501,0.11965889863938216
944,561,1505,0.11962541418043371
948,567,1515,0.11959710737439538
944,570,1514,0.1195643147092088
942,572,1514,0.11954175985422165
933,572,1505,0.11952752172047404
926,566,1492,0.11953409700930134
921,569,1490,0.1195586459808554
920,567,1487,0.11959468121334764
924,573,1497,0.11963179120269225
912,577,1489,0.11965888872772944
925,585,1510,0.11971319748092146
917,581,1498,0.1197326142516759
919,582,1501,0.11976984542645715
911,589,1500,0.11980296409433931
914,589,1503,0.11985198153304641
913,589,1502,0.11988919061029651
910,597,1507,0.11992895326764524
906,592,1498,0.11997385797525234
910,593,1503,0.12002488967117735
916,588,1504,0.12006175136972214
911,600,1511,0.12008220776235301
916,584,1500,0.12011271791126027
915,583,1498,0.12013173517406696
910,592,1502,0.12014951625452854
897,588,1485,0.12017863675393596
912,596,1508,0.12023590261479113
899,595,1494,0.12025635290617245
891,594,1485,0.1203048613276005
887,608,1495,0.12037090753364434
885,605,1490,0.12043934110277338
884,606,1490,0.12050738271282463
879,614,1493,0.1205743798861646
885,613,1498,0.12064819904201679
890,615,1505,0.12070467385944365
894,613,1507,0.12074550514667352
897,609,1506,0.12077360150119958
885,599,1484,0.1207912327105036
896,598,1494,0.12083724985901476
883,597,1480,0.12085500372703678
882,597,1479,0.12089938161966496
887,610,1497,0.12094132404152451
881,617,1498,0.12097260334172777
885,617,1502,0.12101500103646519
897,620,1517,0.1210418879354198
893,625,1518,0.12104070180037291
882,625,1507,0.12104942406435562
880,630,1510,0.12108545086101717
883,616,1499,0.12112696860795516
881,615,1496,0.12115595336676371
870,617,1487,0.12118772904515382
872,612,1484,0.12124494174279282
880,611,1491,0.12129059887875684
875,613,1488,0.12131564388958097
883,621,1504,0.12134772849544817
875,619,1494,0.12135909813482555
869,621,1490,0.1213892486653921
876,623,1499,0.12143368274127841
882,627,1509,0.12145787606528109
883,623,1506,0.12146153038430053
877,625,1502,0.12146387557438515
864,620,1484,0.12147708023448114
872,625,1497,0.12152254955759108
883,622,1505,0.12154851211294257
880,621,1501,0.12154747465289426
891,613,1504,0.12155588789322941
884,615,1499,0.12153862234383492
871,626,1497,0.12154032032454311
862,635,1497,0.12157410399679908
863,639,1502,0.12162596851146841
860,639,1499,0.12167209036319453
864,645,1509,0.1217227709672318
870,637,1507,0.12176280764523043
867,642,1509,0.12178292564574758
866,637,1503,0.12180934230219846
856,638,1494,0.1218349100984609
857,641,1498,0.12188407101004764
851,645,1496,0.12192337061692723
852,644,1496,0.12197525755164593
854,654,1508,0.12202185745322394
864,645,1509,0.1220623459386535
860,638,1498,0.12207943015266064
849,636,1485,0.12210336824344288
848,648,1496,0.1221488081385887
844,657,1501,0.12219292068235145
851,660,1511,0.12224240184380605
857,652,1509,0.12227451440104456
848,643,1491,0.12229336270140229
843,647,1490,0.12233175831123985
844,647,1491,0.12237819088400911
849,648,1497,0.12241891525322579
847,649,1496,0.1224456113607302
845,655,1500,0.1224747712853105
836,658,1494,0.12250815794587744
839,654,1493,0.12256075539133061
831,660,1491,0.12260095250002999
840,658,1498,0.12265918730287886
843,655,1498,0.12269316589500232
843,655,1498,0.12271740812391257
855,654,1509,0.12274272216627317
845,661,1506,0.12273874254501425
850,665,1515,0.12275660662378604
845,665,1510,0.12276246698481916
842,675,1517,0.12277813328508834
840,668,1508,0.12279749296898361
837,663,1500,0.12282189995410367
840,665,1505,0.12285284198654825
834,666,1500,0.12287628779947479
839,673,1512,0.12291057574408207
834,669,1503,0.12293090047926772
842,666,1508,0.12295924721702281
850,667,1517,0.12296680410569294
846,670,1516,0.12295627306322233
836,667,1503,0.12295659130272338
829,670,1499,0.12298217839044608
836,676,1512,0.12302164909991506
829,682,1511,0.12304127859149581
830,673,1503,0.12307533621570516
824,680,1504,0.12310392556909289
823,685,1508,0.12314706266155248
825,670,1495,0.12318689129371645
827,676,1503,0.12321993756256543
832,676,1508,0.12324305778073029
827,676,1503,0.12325485846051527
830,671,1501,0.12327892393457397
834,666,1500,0.12329260012828255
836,671,1507,0.12329706652720296
825,681,1506,0.12329412568967095
822,674,1496,0.12332061720589355
828,672,1500,0.12335178991985928
833,680,1513,0.12336945716662012
844,672,1516,0.12337056480343596
839,668,1507,0.12334331133013177
844,673,1517,0.12333073567272375
845,670,1515,0.12330880780532472
844,668,1512,0.12328610514660458
847,665,1512,0.12326619652195159
846,665,1511,0.1232409917690348
838,666,1504,0.12322112054915219
845,663,1508,0.12322346026234658
847,665,1512,0.12320854176605511
836,670,1506,0.12318794487330365
830,672,1502,0.12319523476194458
837,674,1511,0.12321572979297205
841,672,1513,0.12322080246915074
837,688,1525,0.123212109047989
836,679,1515,0.12321495799015668
830,674,1504,0.123219193160948
829,681,1510,0.12323859192969819
820,685,1505,0.12326141794211148
808,680,1488,0.12330359798317911
815,683,1498,0.1233698466790065
815,682,1497,0.12341527588827023
819,681,1500,0.12345621161908542
819,681,1500,0.12348590558842731
815,677,1492,0.12351569700955739
811,686,1497,0.12355149242936309
806,675,1481,0.12359034143266481
813,689,1502,0.12363807044471528
812,689,1501,0.12366651434370621
807,680,1487,0.12369467516227402
812,676,1488,0.1237325499953355
820,676,1496,0.1237545835094507
817,679,1496,0.12375712341414147
817,682,1499,0.12376552249011676
829,681,1510,0.12377357988754717
817,686,1503,0.12375288177242239
811,681,1492,0.12376090246422489
818,678,1496,0.12378273970322866
815,686,1501,0.1237895897424632
816,688,1504,0.12380252284244753
804,693,1497,0.12381013495416494
806,684,1490,0.12384529052407635
810,690,1500,0.12387308020653454
807,702,1509,0.1238920200032673
801,696,1497,0.12391834999449447
802,699,1501,0.12395609526453702
804,693,1497,0.12399178099992078
803,688,1491,0.12401959071421871
805,688,1493,0.12404343928396046
801,688,1489,0.12406426102515565
809,685,1494,0.12409230968219108
814,691,1505,0.12409817258671989
818,692,1510,0.12409015887334633
817,689,1506,0.12407593272974342
815,686,1501,0.12406188563167725
815,675,1490,0.12405383342279386
821,681,1502,0.12404624441488091
805,678,1483,0.12402496879682541
808,687,1495,0.12404153001615886
820,697,1517,0.12405002033133482
816,691,1507,0.12403120439149498
808,692,1500,0.12402383947763554
795,693,1488,0.12403684454210481
794,698,1492,0.12407914097560703
796,694,1490,0.12412281146799334
798,697,1495,0.12415820853452025
792,694,1486,0.12418574799248523
793,704,1497,0.12422605477613967
800,714,1514,0.12426156997308914
811,708,1519,0.12427952885144608
803,706,1509,0.12426577157461682
792,702,1494,0.12427343418454813
791,707,1498,0.1243071061182004
782,710,1492,0.12434220906664754
782,714,1496,0.12439855264730239
778,720,1498,0.12445009778604142
774,723,1497,0.12450607198776543
773,718,1491,0.12456958074933012
781,716,1497,0.1246299889243279
777,722,1499,0.12466872032246029
790,721,1511,0.12471421412181984
789,721,1510,0.12472679382610327
787,720,1507,0.12474246675106772
786,727,1513,0.12476095651312331
776,732,1508,0.12478328110981461
773,734,1507,0.1248262635878406
768,740,1508,0.12487151829274915
766,741,1507,0.12492594252282654
766,735,1501,0.12498316048467145
758,735,1493,0.12503546481230376
757,741,1498,0.125103057426506
751,749,1500,0.12516637160401448
758,747,1505,0.12523849141325946
756,748,1504,0.1252898272514262
764,761,1525,0.12534307932087502
761,757,1518,0.1253747610391178
757,770,1527,0.1254110846555147
757,766,1523,0.1254557497304622
757,762,1519,0.12549688678918774
755,760,1515,0.12553447593171632
757,755,1512,0.1255761395384748
758,749,1507,0.12560848686109363
762,746,1508,0.12563619176054566
755,752,1507,0.12565477156282157
752,751,1503,0.12568704761670818
759,744,1503,0.12572545517655878
757,747,1504,0.12574454795643322
759,750,1509,0.1257669642874439
756,754,1510,0.12578460371659664
750,755,1505,0.12580616264311786
741,757,1498,0.12584059258578345
744,765,1509,0.12589672010553396
740,757,1497,0.12594544426426693
733,763,1496,0.1260005704803569
738,771,1509,0.12606730742832603
734,777,1511,0.12611578428504064
732,777,1509,0.12617138542546844
731,769,1500,0.12622842067463316
725,784,1509,0.12628493610746186
719,781,1500,0.12635041867839855
722,782,1504,0.12642629336102132
720,784,1504,0.12648789207485842
715,780,1495,0.1265506742394618
720,775,1495,0.12662177235804628
726,776,1502,0.12667530162778404
731,776,1507,0.12670941331030514
735,772,1507,0.1267298570528297
733,770,1503,0.12673952689565327
742,781,1523,0.12675100982310622
745,785,1530,0.1267401129499741
739,784,1523,0.12672508627342707
738,778,1516,0.12672488931358486
744,776,1520,0.12672704714862743
751,774,1525,0.126714384807498
749,776,1525,0.1266857152594962
736,760,1496,0.12666329773599835
731,760,1491,0.12667312962515243
725,763,1488,0.12669344628095083
723,763,1486,0.12672883984487457
734,760,1494,0.12676782544802312
727,761,1488,0.12677790461513264
739,758,1497,0.1268033327345558
733,759,1492,0.12679774394728408
737,764,1501,0.12680537310812057
740,769,1509,0.1268045807074309
739,762,1501,0.12679383327196247
736,766,1502,0.1267892490576517
725,764,1489,0.12679276629332004
736,768,1504,0.12682318236886775
729,779,1508,0.12682710433047817
734,780,1514,0.12684515022568082
734,770,1504,0.12685048409101887
729,768,1497,0.12685427363837298
730,772,1502,0.12686936242215796
726,779,1505,0.12688144020842107
723,773,1496,0.1269005841385969
725,769,1494,0.1269267169108086
729,779,1508,0.12694452866822808
725,783,1508,0.12695419011414177
731,781,1512,0.12697210099875203
741,771,1512,0.12697279535903536
731,765,1496,0.12695155374472553
735,766,1501,0.12695640888214033
738,769,1507,0.12695039661055627
729,778,1507,0.1269402356133367
722,788,1510,0.12695231036834712
720,791,1511,0.12698017646097104
721,796,1517,0.12701122534353912
711,791,1502,0.12704088424826968
713,784,1497,0.12709142482028407
706,785,1491,0.12713392433328966
711,790,1501,0.127187547375482
713,778,1491,0.1272246674105929
705,782,1487,0.12725885873572818
709,792,1501,0.1273112512137444
701,789,1490,0.12734764244466373
708,783,1491,0.12740113343322973
711,784,1495,0.127433666882386
714,797,1511,0.12745607043907686
714,789,1503,0.12746835212242466
723,793,1516,0.1274808496736039
719,788,1507,0.12747029718153513
702,783,1485,0.12747126691161412
705,796,1501,0.12751146127914595
697,783,1480,0.12754264634286108
691,781,1472,0.1275906068602689
697,793,1490,0.12764946792204124
699,796,1495,0.12769155686649994
698,804,1502,0.127724678323425
695,814,1509,0.12775937092360443
695,813,1508,0.12779965136092208
686,811,1497,0.12783518289460855
702,812,1514,0.1278893923787503
689,817,1506,0.1279038117761933
696,804,1500,0.12794824160381996
690,802,1492,0.12797363050117272
677,808,1485,0.12801207820113752
686,806,1492,0.12807871610684407
686,805,1491,0.12811782934834404
694,805,1499,0.12815307836352355
695,800,1495,0.1281646820629105
696,808,1504,0.1281763999104321
699,804,1503,0.12818429972679493
707,811,1518,0.12818612653659997
692,809,1501,0.12816763804909673
693,806,1499,0.12818633606742139
702,798,1500,0.12820130215004558
710,798,1508,0.12819080051440945
713,803,1516,0.1281618260790663
715,796,1511,0.12812690902532625
711,798,1509,0.12808994636443022
707,793,1500,0.1280659919315551
709,798,1507,0.12805451358961192
713,801,1514,0.12804006956493172
719,797,1516,0.12801843008399832
722,794,1516,0.12798504186508042
717,797,1514,0.12794629506112742
710,798,1508,0.12792216636894124
710,800,1510,0.1279173832100717
713,799,1512,0.12791150982990943
700,799,1499,0.1278998409849369
689,802,1491,0.12791937476885962
693,810,1503,0.12796252213481762
695,817,1512,0.12799600406633416
686,825,1511,0.12802323050475295
685,822,1507,0.12806966124263447
683,819,1502,0.12811583238454524
675,827,1502,0.12816528889680082
672,832,1504,0.12823160015365417
670,822,1492,0.12830221879529227
670,818,1488,0.12837120107123223
673,816,1489,0.12843310337254157
678,825,1503,0.12848452066903027
673,831,1504,0.12851641678910375
669,836,1505,0.1285591224590757
673,844,1517,0.1286084313558474
664,840,1504,0.12864508825267607
667,841,1508,0.12870171856486495
664,841,1505,0.12874894060499412
662,846,1508,0.1288008216894478
657,839,1496,0.12885357449550236
662,838,1500,0.12891582441151872
660,841,1501,0.12896152849650708
654,833,1487,0.12900744013786752
663,833,1496,0.12906593271056857
655,835,1490,0.1290979430778685
655,840,1495,0.12914324249714898
645,836,1481,0.12918771661233733
642,840,1482,0.12925322614539594
646,841,1487,0.12932142724207016
658,852,1510,0.1293765690462528
654,849,1503,0.12939817496456396
654,851,1505,0.12942729199406164
653,856,1509,0.12945647602631413
661,848,1509,0.12948641718463857
651,858,1509,0.12949505775029985
648,865,1513,0.12952611210994192
648,863,1511,0.12956379090554546
653,858,1511,0.12960070428777734
649,863,1512,0.12962235492926857
652,860,1512,0.12965241276116934
645,863,1508,0.12967345115660392
651,861,1512,0.12970968430298352
648,862,1510,0.12972977418525133
643,864,1507,0.1297574173617833
642,867,1509,0.12979684956772963
647,857,1504,0.12983530852407008
642,866,1508,0.12985633886080283
641,866,1507,0.12988716589657817
646,874,1520,0.1299174933062621
641,874,1515,0.12993425962351748
632,870,1502,0.1299622468193827
634,872,1506,0.13001234720992694
641,876,1517,0.13005396479231593
633,879,1512,0.1300768552735987
631,882,1513,0.1301164283169937
632,877,1509,0.13015666417758812
617,884,1501,0.13019299318627867
618,889,1507,0.1302622255197777
616,887,1503,0.13032563233581385
619,887,1506,0.13039151212055525
614,879,1493,0.1304444211046695
614,881,1495,0.1305049762566039
613,885,1498,0.13056310203343205
618,888,1506,0.13062116068426247
614,893,1507,0.13066454944885886
623,892,1515,0.13071295575117026
626,883,1509,0.13073694934271135
609,878,1487,0.13075333624893998
611,881,1492,0.13080811981666188
615,883,1498,0.1308535436322954
625,872,1497,0.1308874561276334
623,881,1504,0.13089520106709532
623,890,1513,0.1309056267262358
615,885,1500,0.13091676691991336
612,889,1501,0.13094644059604746
620,887,1507,0.13098082367341887
625,884,1509,0.1309935815799091
617,885,1502,0.13099374551435083
617,879,1496,0.1310146700244226
615,892,1507,0.13103300751345817
605,898,1503,0.1310534544724547
608,889,1497,0.13109628801781403
603,887,1490,0.13112959237038743
608,894,1502,0.13117370104864975
618,899,1517,0.13120117622673602
619,902,1521,0.13120482470343198
621,899,1520,0.13120901767040874
614,901,1515,0.13120939272687646
613,897,1510,0.13122782349964898
603,906,1509,0.1312471353708543
606,909,1515,0.13128809872562325
608,908,1516,0.13132143437658403
604,908,1512,0.1313486000031405
600,909,1509,0.13138342065865763
608,908,1516,0.1314248091663714
600,904,1504,0.13144541772041474
596,914,1510,0.13148472347520068
594,926,1520,0.13153135009069714
604,917,1521,0.1315779809433457
604,914,1518,0.13159864090650575
593,920,1513,0.13161908453628757
587,913,1500,0.13166414842998397
592,919,1511,0.1317192491588425
585,905,1490,0.13176086887469066
587,909,1496,0.13181576488848967
592,910,1502,0.1318608055334875
588,916,1504,0.13189101281731816
590,914,1504,0.13192782037660503
595,911,1506,0.13195511943441793
587,922,1509,0.13196979855621024
591,923,1514,0.1320046870979381
589,920,1509,0.13202930116613984
589,923,1512,0.13205756384610023
585,921,1506,0.13208596087574415
576,925,1501,0.13212224903610198
576,927,1503,0.13217840762313593
581,941,1522,0.13223223886114377
577,935,1512,0.13227180412841302
573,938,1511,0.1323168004958608
577,929,1506,0.1323690938454755
574,926,1500,0.1324084041033557
571,929,1500,0.13245079315214864
566,931,1497,0.13249866692651982
565,921,1486,0.13255016412383835
570,938,1508,0.13260140820914318
570,929,1499,0.13263631039324417
566,934,1500,0.13266868774314577
571,934,1505,0.13270876980347754
569,931,1500,0.1327342154704001
567,940,1507,0.13276052891663556
567,939,1506,0.13279119296450573
559,931,1490,0.13281889928360435
558,933,1491,0.1328646751449761
563,945,1508,0.13291117413357345
565,952,1517,0.13294186339215147
560,944,1504,0.13296486942720168
557,954,1511,0.13299996919984017
554,962,1516,0.13303932637322777
557,962,1519,0.13308245684287093
566,954,1520,0.13311368237532004
555,953,1508,0.13312354461036588
552,953,1505,0.133157761597854
554,950,1504,0.13319793792183782
566,934,1500,0.13322962237998565
565,933,1498,0.13322976080875246
562,944,1506,0.13323298427547753
566,941,1507,0.1332430009548697
569,940,1509,0.13324107764047086
573,931,1504,0.13323262292161606
578,932,1510,0.1332140347619091
578,934,1512,0.13318431355219384
583,926,1509,0.13315627829951712
578,936,1514,0.13311801339552956
581,938,1519,0.13309562059088104
582,930,1512,0.1330655462503787
580,918,1498,0.13303702147908442
587,921,1508,0.1330141619500031
579,926,1505,0.13297379420576427
578,936,1514,0.13295620391611768
573,932,1505,0.13294688513881345
573,936,1509,0.13294918781600568
578,921,1499,0.1329516207225654
577,929,1506,0.1329419785439954
577,932,1509,0.1329362782227167
576,936,1512,0.13293224190753702
568,945,1513,0.13293052938529587
569,940,1509,0.13294570307901846
570,950,1520,0.13295671551786986
574,945,1519,0.1329647562726938
572,932,1504,0.1329628291655277
580,950,1530,0.13296735809965723
585,936,1521,0.13295409786718335
583,940,1523,0.13293297359963405
580,944,1524,0.13291683098979454
580,946,1526,0.13291016412299947
579,950,1529,0.13290427389754916
575,940,1515,0.1329027744931582
574,949,1523,0.1329110949430296
557,938,1495,0.13292099085280287
563,951,1514,0.13296812713834538
557,947,1504,0.1329983549655225
570,945,1515,0.1330407572943592
566,946,1512,0.13305077095999748
570,943,1513,0.13306785667705878
567,928,1495,0.13307517758196766
575,928,1503,0.13308688104396169
570,921,1491,0.13307739527737794
563,931,1494,0.1330797523323351
563,938,1501,0.1330971214514882
561,945,1506,0.13311516061402717
560,945,1505,0.13313653146644644
556,944,1500,0.13315993551123692
548,950,1498,0.1331908538704242
553,951,1504,0.1332371694217012
559,948,1507,0.13326831627414568
559,948,1507,0.13328304520661438
551,958,1509,0.13329781706970442
553,935,1488,0.13333047388493952
546,932,1478,0.13335668438797502
547,943,1490,0.13339443405889306
545,954,1499,0.13342736808693925
545,950,1495,0.1334638959247423
544,954,1498,0.13349794588881292
540,952,1492,0.13353250125043295
544,945,1489,0.1335746757435686
540,952,1492,0.13360325258543226
548,949,1497,0.13364059439618706
543,951,1494,0.1336558818339569
543,954,1497,0.13368055760785535
547,956,1503,0.13370416049029527
545,952,1497,0.13371800254702593
545,969,1514,0.13373718486217678
545,979,1524,0.13375326010090546
548,966,1514,0.13376678809611217
542,967,1509,0.13377300358948857
541,975,1516,0.13379307422342424
549,974,1523,0.13381384265489613
550,963,1513,0.13381388276619735
556,964,1520,0.1338130263325197
553,959,1512,0.13379792909354526
551,965,1516,0.1337911041560016
550,969,1519,0.1337892329855845
546,969,1515,0.13378864680526406
549,957,1506,0.133800307426073
551,964,1515,0.13380440703687035
543,958,1501,0.13380329807095406
544,968,1512,0.13382035555578173
551,967,1518,0.13383415662223197
546,968,1514,0.13383105284032198
542,964,1506,0.133839660545662
545,962,1507,0.13385834075077682
546,972,1518,0.13386850207044812
545,971,1516,0.1338763837626341
552,969,1521,0.13388618592717666
553,976,1529,0.1338781318714951
540,975,1515,0.13386836823177595
533,973,1506,0.13389019873031283
533,967,1500,0.1339246996367213
537,959,1496,0.1339572427482978
549,965,1514,0.13397906466205162
549,960,1509,0.13397075438147063
552,956,1508,0.1339626761655549
543,963,1506,0.13394660618935478
542,968,1510,0.13395417153050423
550,967,1517,0.13396317019640375
546,965,1511,0.13395374467293736
548,958,1506,0.13395573747879305
556,968,1524,0.133953899768729
548,967,1515,0.13393274126602084
555,970,1525,0.133931000060524
550,955,1505,0.1339137656203175
544,964,1508,0.13391091580767633
548,972,1520,0.13392540943987863
544,970,1514,0.1339298386709521
535,968,1503,0.1339411235862125
547,966,1513,0.1339728282314878
540,969,1509,0.1339738273518198
538,964,1502,0.13399132682139034
539,971,1510,0.1340123941542233
540,981,1521,0.13402842509112406
532,983,1515,0.13403833748078917
543,980,1523,0.13406509129472993
543,980,1523,0.1340649701422812
544,972,1516,0.1340672589434483
544,984,1528,0.134066323450329
544,980,1524,0.1340645150465061
549,981,1530,0.1340631889734257
541,983,1524,0.13404909411415497
542,976,1518,0.1340545315295771
536,969,1505,0.13405679185704242
530,978,1508,0.13407012970480053
531,988,1519,0.13409713589079209
526,978,1504,0.13412278972875075
532,985,1517,0.13415928735336466
534,979,1513,0.13418035929571467
530,984,1514,0.13419624933837074
525,981,1506,0.1342202536389634
532,993,1525,0.13425560060794944
527,1002,1529,0.13427238189357274
529,989,1518,0.1343002321991742
527,980,1507,0.13431935973837217
528,992,1520,0.13434273803302407
525,988,1513,0.13436178522702377
526,985,1511,0.13438748957591412
520,992,1512,0.13441046823161304
515,999,1514,0.13444356646977185
515,1000,1515,0.1344876261895947
517,996,1513,0.1345274506253525
516,995,1511,0.13455663911479193
509,1001,1510,0.13458699292286644
513,995,1508,0.1346294108766202
517,1002,1519,0.13465880263384167
518,1007,1525,0.13467722137173987
518,994,1512,0.13469172633944287
510,977,1487,0.13470644294366368
512,978,1490,0.13473968767304478
508,991,1499,0.13476775497024854
504,999,1503,0.13480290910880616
500,997,1497,0.13484730944840145
503,1000,1503,0.13489928755332437
498,1002,1500,0.13493896269429276
496,995,1491,0.13498737582750675
505,1003,1508,0.1350372376486194
505,1009,1514,0.13506370982474808
503,1008,1511,0.1350881077905756
502,999,1501,0.13511742126907592
506,991,1497,0.13514743819365072
504,1005,1509,0.13516636468047824
501,1013,1514,0.1351883003553611
503,1008,1511,0.13521543882112236
507,1006,1513,0.13523370333684498
505,1015,1520,0.13524064329633592
506,1007,1513,0.13525089655420958
505,1005,1510,0.13525881842105034
500,1004,1504,0.13526773613080842
501,1016,1517,0.1352892777456811
504,1016,1520,0.13530678447487335
501,1014,1515,0.1353147676589112
501,1009,1510,0.13533023812248493
508,1012,1520,0.13534521231760127
493,1007,1500,0.13534521452309176
500,1002,1502,0.135379529693211
498,1009,1507,0.13539378699720536
496,1012,1508,0.13541199506565113
498,1001,1499,0.13543236744529497
506,1008,1514,0.13544689724668646
505,1018,1523,0.13544253055117295
507,1011,1518,0.135441972213782
501,1016,1517,0.13543776345600045
500,1012,1512,0.13544942218500058
496,1005,1501,0.1354636197115214
499,1019,1518,0.1354856393949164
495,1009,1504,0.13549916533291692
498,1020,1518,0.1355207815387416
486,1017,1503,0.13553095787576105
488,1010,1498,0.13556974081881776
486,1017,1503,0.135602236953031
481,1017,1498,0.1356382181188814
493,1015,1508,0.13568107111857458
486,1016,1502,0.1356935333077362
481,1024,1505,0.1357227644255908
486,1021,1507,0.13576181817330837
485,1023,1508,0.1357861631658067
490,1028,1518,0.13581010580597755
489,1023,1512,0.13582168254595017
492,1037,1529,0.13583473978739966
490,1035,1525,0.1358395357469305
487,1028,1515,0.1358495900031017
479,1016,1495,0.13586779584438932
484,1011,1495,0.13590194360852856
481,1009,1490,0.1359196138038241
482,1000,1482,0.1359416438209891
480,1003,1483,0.1359594016671719
492,1010,1502,0.13598159069242377
487,1020,1507,0.13597181388485008
487,1021,1508,0.13597695217939676
484,1026,1510,0.1359826148494108
478,1038,1516,0.13599558505443096
472,1038,1510,0.13602369538775266
473,1041,1514,0.13606297054108205
479,1046,1525,0.13609908515456579
483,1050,1533,0.13611953343311287
483,1045,1528,0.13612828841202698
480,1040,1520,0.1361355591068861
477,1048,1525,0.13615159313667977
466,1053,1519,0.13617255242257678
469,1054,1523,0.136218784878508
471,1048,1519,0.13625430887181614
464,1050,1514,0.13628279681611521
472,1049,1521,0.13632610903815995
470,1048,1518,0.1363486016620939
473,1050,1523,0.13637528108139954
475,1039,1514,0.13639158687056777
474,1044,1518,0.13640075822507455
469,1026,1495,0.13641172181529204
465,1031,1496,0.13643110641646322
465,1033,1498,0.13645906149798046
466,1035,1501,0.1364853060803667
471,1032,1503,0.13650840133008244
478,1035,1513,0.13651827617881487
475,1034,1509,0.13651101583033334
480,1031,1511,0.13650977673022907
473,1035,1508,0.13649806690297253
469,1053,1522,0.1365044582945824
466,1039,1505,0.13652069034442765
473,1046,1519,0.13654487802107973
475,1035,1510,0.13655160942193542
472,1027,1499,0.13655275975517386
466,1036,1502,0.1365604865783875
461,1031,1492,0.13658108265006624
460,1037,1497,0.1366134151806307
460,1038,1498,0.13664411189187686
457,1050,1507,0.13667318563146974
458,1048,1506,0.13670598921509516
472,1037,1509,0.1367334646432653
467,1046,1513,0.13672482773826433
459,1058,1517,0.13672963043449543
454,1066,1520,0.13675346683689188
446,1072,1518,0.13678841234342998
450,1061,1511,0.13684062224566274
447,1054,1501,0.13688077594292067
441,1062,1503,0.13692569848220856
442,1059,1501,0.13698337831672663
444,1065,1509,0.13703343939904494
439,1052,1491,0.13707473170864887
439,1043,1482,0.13712372027189282
436,1040,1476,0.1371668968345302
449,1062,1511,0.1372129040760143
447,1064,1511,0.1372254558682925
444,1063,1507,0.13724190340512532
448,1054,1502,0.13726350072782748
447,1064,1511,0.13727555106399408
443,1065,1508,0.1372861453036153
445,1072,1517,0.13730482853999784
447,1076,1523,0.13731871547279315
445,1074,1519,0.13732655548797898
451,1070,1521,0.13734086929240094
451,1057,1508,0.13734070888362349
447,1057,1504,0.13733899149332332
441,1044,1485,0.13734813707549476
436,1060,1496,0.13737198307051604
432,1059,1491,0.137407223280416
436,1070,1506,0.13744662598953014
437,1073,1510,0.13747383743319383
438,1076,1514,0.13749627529360026
445,1068,1513,0.13751598155801512
443,1078,1521,0.13751846110786448
439,1070,1509,0.1375269135097062
437,1068,1505,0.13754361544688895
436,1059,1495,0.13756542157769208
436,1069,1505,0.13759044353998034
433,1074,1507,0.13761429721143392
425,1080,1505,0.137644325995276
415,1077,1492,0.1376914002776912
420,1087,1507,0.1377564733789469
410,1096,1506,0.13780641392864898
414,1098,1512,0.13787834870043936
412,1103,1515,0.1379362223788004
411,1098,1509,0.1379939306063197
413,1102,1515,0.13804818528260993
411,1098,1509,0.1380951406799993
407,1096,1503,0.13814365062640135
411,1105,1516,0.13819794487578155
409,1104,1513,0.13823935454550068
405,1109,1514,0.13828368931273918
406,1104,1510,0.13833467724472542
406,1111,1517,0.13838081869955204
404,1114,1518,0.13842479915003597
404,1126,1530,0.13847105593035247
395,1133,1528,0.138515906751561
394,1123,1517,0.13857989990064354
392,1116,1508,0.13864281046496696
392,1129,1521,0.13870662946481976
391,1134,1525,0.13876552345064894
391,1126,1517,0.13881963887244297
392,1124,1516,0.13886930322496038
388,1129,1517,0.13891263356557057
379,1132,1511,0.138963565684178
374,1137,1511,0.1390318319156513
377,1138,1515,0.13910730287684497
371,1146,1517,0.1391691790529751
375,1137,1512,0.13923781253065626
386,1139,1525,0.13929254517368428
383,1139,1522,0.13931652024764238
380,1125,1505,0.13934781594322745
375,1116,1491,0.13938537696655853
381,1107,1488,0.13943279004275655
381,1123,1504,0.13946114362568632
381,1124,1505,0.13948644858153322
385,1123,1508,0.1395109593310289
388,1134,1522,0.13952285088099767
386,1123,1509,0.13952997245454557
386,1133,1519,0.1395420201799462
378,1130,1508,0.13955226686359676
380,1127,1507,0.13958188075934247
374,1128,1502,0.13960493614759295
371,1133,1504,0.13964049710870352
370,1141,1511,0.13968074700265376
372,1142,1514,0.13972113431107477
370,1139,1509,0.13975581204974338
367,1133,1500,0.13979265853704648
362,1136,1498,0.13983464635557719
362,1153,1515,0.13988594543200214
363,1168,1531,0.13993360550796943
363,1152,1515,0.13997683868626593
365,1155,1520,0.14001917572496014
359,1145,1504,0.1400524239002018
354,1163,1517,0.1400983183406017
357,1170,1527,0.14015174852544338
359,1173,1532,0.1401961961178743
358,1171,1529,0.14023359615011813
360,1159,1519,0.14027167739749283
360,1165,1525,0.1403031223068817
355,1156,1511,0.14033227470179374
354,1147,1501,0.14037016784168754
355,1154,1509,0.1404085619016123
351,1160,1511,0.14044195815190677
354,1149,1503,0.1404821047307167
358,1156,1514,0.140511770833872
358,1159,1517,0.14052857574363642
360,1156,1516,0.1405442455305107
358,1159,1517,0.14055327842456108
356,1167,1523,0.14056812149816347
354,1167,1521,0.1405883882536752
351,1153,1504,0.1406099399335222
354,1156,1510,0.14063596506977508
354,1159,1513,0.14065420089601058
346,1161,1507,0.14067237048462666
353,1160,1513,0.14070874417619783
352,1162,1514,0.14072530237703865
349,1160,1509,0.14074368681993335
349,1156,1505,0.14076803203945026
348,1164,1512,0.14078954020292617
350,1173,1523,0.14081326870258004
345,1173,1518,0.14083086575441967
349,1180,1529,0.14085982670879715
343,1169,1512,0.1408787990455726
348,1163,1511,0.1409113932277086
347,1175,1522,0.14093001107311454
341,1169,1510,0.14095012631210668
337,1169,1506,0.14098233184255324
334,1164,1498,0.1410222693801545
334,1163,1497,0.14106772318826857
337,1162,1499,0.14111173512621975
333,1170,1503,0.14114740266287934
339,1177,1516,0.14119065479033768
343,1186,1529,0.14121507108737105
338,1192,1530,0.14122755324677277
335,1180,1515,0.14125215971453334
335,1188,1523,0.14128320792840954
338,1182,1520,0.14131209681003434
330,1180,1510,0.14133103420916943
333,1183,1516,0.1413688109032685
328,1174,1502,0.14139543685426595
329,1174,1503,0.1414294764037853
328,1188,1516,0.1414591782235365
329,1185,1514,0.14148831874565385
334,1177,1511,0.14151505704709055
328,1188,1516,0.14152971507644338
325,1194,1519,0.1415566646235579
325,1193,1518,0.141589077056193
329,1191,1520,0.1416201379932409
326,1190,1516,0.14164137364840468
323,1203,1526,0.1416682636183849
326,1202,1528,0.1417013287172649
324,1198,1522,0.1417252002190446
323,1198,1521,0.14175294656645115
320,1191,1511,0.1417818205584049
312,1192,1504,0.14181722409958425
316,1201,1517,0.1418692703515871
319,1186,1505,0.14190852494288683
310,1189,1499,0.14193855649718848
309,1188,1497,0.14198606627401472
301,1211,1512,0.1420320379461042
301,1209,1510,0.1420937401255978
298,1202,1500,0.14215182031634604
296,1197,1493,0.1422091040583218
301,1205,1506,0.14226598755225928
306,1199,1505,0.14230462752428782
308,1209,1517,0.1423314367321771
309,1212,1521,0.14235322198321237
297,1219,1516,0.1423713282273553
298,1225,1523,0.14241633155716182
297,1223,1520,0.14245610734433953
295,1228,1523,0.14249820847016895
296,1216,1512,0.14254225425032196
284,1210,1494,0.14257963767608728
284,1219,1503,0.14264277391699381
282,1221,1503,0.1427005669892239
285,1222,1507,0.14276078818755333
285,1220,1505,0.14280966929159822
287,1226,1513,0.14285335595908563
286,1237,1523,0.14288928359674524
282,1234,1516,0.1429258938758322
290,1224,1514,0.1429697081983897
289,1216,1505,0.14299235548989506
278,1225,1503,0.14301511846502746
285,1228,1513,0.14306223275585836
286,1241,1527,0.1430882350058623
291,1232,1523,0.14311077044166254
289,1218,1507,0.14311999318245652
283,1218,1501,0.14313497408514822
287,1217,1504,0.14316313492629534
290,1220,1510,0.14317992878817706
282,1211,1493,0.14318859463949857
282,1217,1499,0.14321552741926355
285,1235,1520,0.14324209111910452
288,1223,1511,0.143260321076232
291,1220,1511,0.14327108337471497
287,1235,1522,0.14327193204064892
288,1232,1520,0.14328357303271436
289,1238,1527,0.1432929000608181
287,1227,1514,0.14330044033277944
295,1211,1506,0.14331153294274965
293,1213,1506,0.14330446536601052
292,1223,1515,0.1433010679181109
294,1222,1516,0.14330000605445153
297,1225,1522,0.14329491628306282
296,1215,1511,0.14328261573841747
290,1228,1518,0.14327335543953293
288,1236,1524,0.14327888839634334
285,1239,1524,0.1432898851017567
286,1232,1518,0.14330823281359956
287,1243,1530,0.14331975549806983
288,1238,1526,0.14332865440389675
282,1236,1518,0.14333495529845297
280,1241,1521,0.14335634679409712
275,1242,1517,0.14337995346756116
276,1247,1523,0.143413794850559
274,1252,1526,0.14344441330816632
278,1241,1519,0.14347574382922873
268,1237,1505,0.14349502711310388
273,1248,1521,0.14353514488464142
278,1243,1521,0.1435610873306593
284,1234,1518,0.14357210473168858
282,1236,1518,0.1435673580645374
282,1241,1523,0.14356801706971964
277,1234,1511,0.14357007823540754
282,1233,1515,0.14358478197354832
280,1227,1507,0.14358597700615397
276,1230,1506,0.14359188751181023
274,1233,1507,0.14360789595479162
279,1230,1509,0.14362767501676774
282,1223,1505,0.1436356731918799
285,1220,1505,0.1436358093296722
283,1230,1513,0.14362940877313699
282,1237,1519,0.14362878425418082
279,1237,1516,0.14363051524057607
274,1243,1517,0.1436390113561849
275,1247,1522,0.14365767094742338
277,1242,1519,0.14367458822921397
277,1247,1524,0.14368579727238306
272,1242,1514,0.14369533413953894
270,1236,1506,0.1437162302244735
268,1239,1507,0.14374098280645978
273,1244,1517,0.14376904653735134
270,1247,1517,0.14378116684447903
267,1237,1504,0.14380007788562238
268,1249,1517,0.14382611681206067
266,1233,1499,0.1438485861072362
270,1233,1503,0.14387182884735505
276,1244,1520,0.14388542634937881
275,1255,1530,0.14388286379626425
265,1257,1522,0.1438803618315251
266,1251,1517,0.1439024455714619
267,1252,1519,0.14392166288675398
261,1243,1504,0.1439386235196575
260,1238,1498,0.14396852933136473
258,1245,1503,0.14399872814243259
259,1254,1513,0.1440304745149534
267,1256,1523,0.14405794582797551
269,1247,1516,0.14406441768989722
271,1252,1523,0.14406625420618774
271,1249,1520,0.14406414034328807
269,1259,1528,0.14406298784566351
269,1258,1527,0.14406775475355374
264,1254,1518,0.14407302596255545
263,1261,1524,0.14408910320421742
266,1254,1520,0.1441075728989908
271,1254,1525,0.14411840292838252
268,1244,1512,0.14411684390945267
270,1249,1519,0.14412064020913729
270,1244,1514,0.14412042871625436
266,1245,1511,0.14411930800274628
264,1242,1506,0.1441278656065322
266,1251,1517,0.14413921054271062
262,1242,1504,0.14414622916446918
263,1247,1510,0.14416275659085645
267,1259,1526,0.14417457775377
265,1249,1514,0.14417578445759852
264,1238,1502,0.1441800532499516
260,1240,1500,0.14418430293656095
263,1234,1497,0.14419910272758213
265,1239,1504,0.14420621119469104
263,1251,1514,0.14420902506816538
261,1242,1503,0.14421629885358775
266,1234,1500,0.1442267306759929
270,1240,1510,0.14422611084262005
270,1238,1508,0.144217298264801
265,1244,1509,0.14421009749943933
270,1249,1519,0.14421505270649265
270,1247,1517,0.14420816042320742
262,1240,1502,0.14420262793496888
260,1245,1505,0.14421623830696814
259,1249,1508,0.14423268498829556
259,1248,1507,0.1442508949931589
263,1243,1506,0.14426759915302254
264,1248,1512,0.1442747467032058
262,1246,1508,0.14427826259169055
256,1247,1503,0.1442865238117345
255,1247,1502,0.14430584537630772
257,1250,1507,0.14432773996867504
255,1252,1507,0.1443429340110053
251,1239,1490,0.14436118094443046
257,1239,1496,0.14438715241618488
255,1233,1488,0.14439803593892994
253,1234,1487,0.14441229515308965
254,1246,1500,0.1444303912862529
251,1258,1509,0.1444445908429592
252,1251,1503,0.1444659539181442
252,1252,1504,0.14448418758265813
249,1256,1505,0.14450313810680085
250,1261,1511,0.14452886231134474
254,1265,1519,0.14455055237040265
257,1269,1526,0.1445602315325746
259,1270,1529,0.144563149222109
259,1268,1527,0.1445617945814323
260,1265,1525,0.14456089285845042
259,1263,1522,0.14455811489104523
263,1256,1519,0.14455742625209766
260,1261,1521,0.14454816231914117
255,1258,1513,0.14454697146295448
261,1252,1513,0.14455656812213738
258,1258,1516,0.144550223536729
256,1261,1517,0.14455295174796018
256,1259,1515,0.14455929108986088
255,1249,1504,0.1445660546804132
257,1263,1520,0.14457506103004236
256,1260,1516,0.14457843947240384
262,1248,1510,0.1445841141488641
259,1262,1521,0.14457291119036342
254,1263,1517,0.14457062265613985
258,1254,1512,0.1445807845900725
254,1266,1520,0.14458102592033156
256,1265,1521,0.14459120031844244
255,1273,1528,0.14459551949654215
260,1278,1538,0.14460176201808334
259,1278,1537,0.14459553218472365
258,1270,1528,0.14459156454037875
252,1272,1524,0.14458953600975208
257,1269,1526,0.1446010398678061
246,1262,1508,0.14460050026540436
252,1273,1525,0.14462658486715685
248,1270,1518,0.144637495405261
247,1270,1517,0.14465799207019542
246,1252,1498,0.14467774485879858
246,1257,1503,0.14469972753864785
247,1259,1506,0.1447172893142687
250,1274,1524,0.14473137560843916
248,1270,1518,0.14473814226266218
241,1284,1525,0.14475124508368997
241,1277,1518,0.14477981256155464
238,1273,1511,0.14480768348346998
235,1279,1514,0.14484109291478858
235,1282,1517,0.1448792456249934
230,1282,1512,0.14491510177334482
233,1285,1518,0.14496064007402473
233,1278,1511,0.14499460720166046
235,1272,1507,0.14502512889505223
236,1283,1519,0.14504914452249743
234,1283,1517,0.14506924958950657
234,1288,1522,0.1450902140079808
235,1274,1509,0.14511054403428966
237,1277,1514,0.1451268959095638
236,1295,1531,0.14513912698155287
237,1285,1522,0.14515291466477
236,1290,1526,0.14516461668668834
239,1285,1524,0.14517868091456568
234,1291,1525,0.14518360169114608
233,1299,1532,0.14520114948751345
234,1275,1509,0.1452192444942712
234,1272,1506,0.14523201242949668
229,1273,1502,0.14524548052254482
232,1277,1509,0.14527007141422876
235,1286,1521,0.1452852182167777
233,1293,1526,0.14529184939084222
229,1281,1510,0.1453034305201733
228,1288,1516,0.14532311191151442
224,1288,1512,0.14534422239962566
223,1289,1512,0.1453716721235777
224,1297,1521,0.14540076010428074
228,1289,1517,0.14542610580119988
231,1298,1529,0.14544002221871222
233,1285,1518,0.14544668548741796
234,1304,1538,0.14544769840746258
233,1290,1523,0.14544710903254324
231,1294,1525,0.14544961054477953
228,1284,1512,0.14545624094289647
224,1296,1520,0.14546954301692983
219,1297,1516,0.14549178193160714
213,1296,1509,0.1455250492295977
216,1298,1514,0.14556724563442167
214,1299,1513,0.14560000983391017
217,1292,1509,0.14563521408623098
214,1282,1496,0.14565925481953956
214,1288,1502,0.1456895972047645
215,1297,1512,0.14571831266294233
215,1305,1520,0.14574297092239932
217,1299,1516,0.1457658386568097
216,1297,1513,0.14578174330584517
220,1298,1518,0.14579915344457173
220,1302,1522,0.1458057614901045
214,1289,1503,0.14581321863846342
213,1278,1491,0.1458355548006478
216,1299,1515,0.1458588371672715
214,1295,1509,0.14587279062594527
209,1297,1506,0.1458902929588451
211,1293,1504,0.14591813315769778
209,1303,1512,0.1459391181997705
205,1293,1498,0.145963600640816
208,1297,1505,0.14599643459173822
212,1303,1515,0.1460189815009991
211,1311,1522,0.14603112404935378
213,1313,1526,0.14604513396703386
211,1315,1526,0.14605124518277796
210,1322,1532,0.14606251414062124
207,1312,1519,0.14607691377711324
208,1316,1524,0.1460979452296336
212,1313,1525,0.1461158792910856
209,1313,1522,0.14612360891762585
206,1308,1514,0.14613856481782073
206,1305,1511,0.14616014001816066
204,1314,1518,0.146180142372716
200,1319,1519,0.14620438756889345
195,1314,1509,0.14623708095378532
196,1307,1503,0.14627889398784183
195,1308,1503,0.14631603774931118
201,1304,1505,0.14635252153484815
197,1313,1510,0.1463710752195243
199,1312,1511,0.14639824830933054
197,1312,1509,0.1464184428825562
198,1318,1516,0.1464409053647048
201,1324,1525,0.14645827163115754
197,1330,1527,0.14646930355046248
203,1323,1526,0.14648655089503948
202,1332,1534,0.14648790225160405
204,1334,1538,0.14649302528913322
201,1334,1535,0.14649406680177596
205,1324,1529,0.14650354800531865
202,1329,1531,0.14650335503366646
203,1312,1515,0.14651151544958757
196,1319,1515,0.14651557664051804
199,1314,1513,0.14653628965987434
199,1312,1511,0.14654964293321163
196,1315,1511,0.14656257159151648
197,1320,1517,0.14658228770815618
195,1318,1513,0.14659922922985086
198,1322,1520,0.1466199603589908
196,1311,1507,0.14663307142309517
194,1310,1504,0.14664996753613135
195,1316,1511,0.14667053352411036
196,1315,1511,0.1466882971975922
194,1320,1514,0.14670157694802746
195,1317,1512,0.14671818106609943
189,1307,1496,0.14673067700229225
191,1324,1515,0.14675566453118313
192,1317,1509,0.1467748530697836
189,1313,1502,0.14679141644589053
195,1312,1507,0.14681313666226678
186,1312,1498,0.14681946802252946
190,1310,1500,0.14684624689284198
191,1317,1508,0.14686113008994553
191,1326,1517,0.1468725820632906
191,1312,1503,0.14688266977552858
192,1319,1511,0.1468935388350557
189,1307,1496,0.1469008861337828
192,1316,1508,0.1469141710545993
190,1325,1515,0.14691988628562647
183,1317,1500,0.14693077988493145
183,1329,1512,0.1469568699349906
183,1312,1495,0.1469826110012637
186,1333,1519,0.1470071129675286
185,1338,1523,0.1470237756532398
186,1330,1516,0.14704168846960197
186,1341,1527,0.1470568054346567
179,1335,1514,0.14706979393277916
179,1332,1511,0.14709843840631398
178,1326,1504,0.14712646591718465
180,1339,1519,0.14715430110435135
179,1336,1515,0.1471745090558731
182,1342,1524,0.14719619122841354
180,1341,1521,0.1472091945785794
180,1325,1505,0.147226738663537
181,1324,1505,0.14724338071618406
178,1322,1500,0.14725605337640704
175,1325,1500,0.14727448153538347
172,1334,1506,0.1472982265836843
174,1332,1506,0.14732697480107404
175,1324,1499,0.1473470650895409
180,1323,1503,0.1473647005534679
178,1313,1491,0.14737038362737098
177,1330,1507,0.14737948567724474
180,1334,1514,0.14738996823818046
183,1329,1512,0.14739178700838837
186,1337,1523,0.14738657036626912
182,1331,1513,0.14737549889507415
179,1333,1512,0.14737517385462456
179,1338,1517,0.14738209936468596
179,1337,1516,0.14738917244656627
180,1336,1516,0.14739559686439002
179,1336,1515,0.14739959534785455
174,1339,1513,0.147405610363742
171,1342,1513,0.14742318289008152
177,1342,1519,0.1474471679022524
179,1333,1512,0.14745541474180837
177,1322,1499,0.14745732376627704
175,1335,1510,0.14746359006677057
177,1349,1526,0.14747485069198132
184,1345,1529,0.14748116588604607
175,1348,1523,0.14746833848967147
176,1328,1504,0.14747817212566616
178,1329,1507,0.14748683673111002
171,1341,1512,0.14749078484317935
171,1332,1503,0.14751131553034946
173,1323,1496,0.1475297277718681
175,1328,1503,0.14754273645566424
174,1335,1509,0.1475492492148401
175,1338,1513,0.14755838658282297
175,1327,1502,0.14756325200000858
178,1333,1511,0.14756651707890936
175,1336,1511,0.14756437098193748
172,1347,1519,0.14757044278617956
173,1353,1526,0.1475835628257352
172,1342,1514,0.1475940053775355
169,1348,1517,0.1476066931692904
161,1343,1504,0.14762585348492516
160,1336,1496,0.14766213717104196
165,1346,1511,0.14769875809637603
167,1334,1501,0.1477208885947331
169,1348,1517,0.14773618952340004
172,1340,1512,0.14774507611637638
170,1321,1491,0.14774564168844062
168,1320,1488,0.1477512222450775
164,1323,1487,0.14776153872866918
166,1331,1497,0.1477813470859925
169,1335,1504,0.1477935503883125
171,1337,1508,0.1477979124611388
169,1351,1520,0.14779753016837938
167,1345,1512,0.14780214559677404
163,1355,1518,0.1478118534121226
165,1348,1513,0.14783106246715433
165,1350,1515,0.1478421559633038
166,1357,1523,0.14785232270232637
171,1353,1524,0.14785972335131883
166,1345,1511,0.1478557387911504
167,1358,1525,0.1478640095018686
162,1348,1510,0.1478700065985212
162,1359,1521,0.14788765655424319
159,1362,1521,0.1479035572965947
160,1362,1522,0.1479248876244238
160,1370,1530,0.1479429608845808
160,1354,1514,0.14796049035561387
160,1361,1521,0.14797642813340883
164,1355,1519,0.1479919249803717
166,1357,1523,0.14799858823804135
165,1360,1525,0.14800010393420582
162,1360,1522,0.1480029366170627
158,1357,1515,0.1480120432169419
157,1339,1496,0.14802956236485193
162,1343,1505,0.1480482400570378
160,1352,1512,0.14805442005954988
161,1344,1505,0.1480653291297039
158,1345,1503,0.1480734369475037
150,1358,1508,0.14808812560199955
151,1357,1508,0.14811989862269784
154,1350,1504,0.1481482136098349
158,1362,1520,0.148167855831438
155,1362,1517,0.14817693069723162
152,1368,1520,0.14819288632463157
152,1367,1519,0.14821538911205293
153,1361,1514,0.14823645567224325
153,1353,1506,0.14825406984277995
151,1355,1506,0.14827094393086
153,1363,1516,0.1482913179842364
152,1362,1514,0.14830560291333195
148,1362,1510,0.14832210534731935
151,1367,1518,0.14834709390336312
149,1369,1518,0.14836245704085005
144,1366,1510,0.1483809646150234
147,1354,1501,0.1484097204357405
144,1367,1511,0.14843025823949108
144,1380,1524,0.14845617561384924
144,1381,1525,0.14848081826358883
143,1362,1505,0.14850425545956553
145,1363,1508,0.14852826987288484
146,1368,1514,0.14854450965052812
146,1365,1511,0.14855802896385928
142,1370,1512,0.14857029855227213
141,1360,1501,0.14859135583891875
140,1356,1496,0.14861255447109745
139,1361,1500,0.14863519253218324
140,1364,1504,0.14865871000462808
141,1366,1507,0.14867840884320335
143,1367,1510,0.1486946356109679
142,1376,1518,0.14870559067964842
139,1387,1526,0.14871844882115148
138,1384,1522,0.14873653572804385
139,1379,1518,0.14875649612182507
135,1372,1507,0.14877233004392562
134,1367,1501,0.14879515219711192
136,1363,1499,0.14881784443680218
141,1362,1503,0.14883358230592528
145,1352,1497,0.14883657597035455
145,1361,1506,0.14882946126044488
142,1358,1500,0.14882289617150402
142,1375,1517,0.1488244309352863
144,1368,1512,0.14882491009962484
144,1368,1512,0.14882133055023108
143,1372,1515,0.1488183481840988
140,1371,1511,0.14881874921602004
140,1380,1520,0.14882552220019696
143,1391,1534,0.14883212302191476
144,1384,1528,0.14883142710705016
142,1373,1515,0.14882820290374338
142,1382,1524,0.14882978487515414
139,1385,1524,0.14883195493825446
141,1379,1520,0.14884179105634004
139,1359,1498,0.14884687979195627
137,1380,1517,0.14885700815563171
137,1376,1513,0.14887095221002544
137,1382,1519,0.1488839482513227
134,1389,1523,0.14889587236552043
130,1385,1515,0.14891360626970568
129,1397,1526,0.14893986224575925
126,1393,1519,0.14896635045905118
127,1390,1517,0.1489978138950797
130,1397,1527,0.1490249559207887
134,1407,1541,0.14904350124496038
134,1394,1528,0.1490511266353294
135,1374,1509,0.14905806425287985
131,1380,1511,0.14906303336970952
130,1375,1505,0.14907753970955015
125,1370,1495,0.14909358479363635
125,1392,1517,0.1491206489874829
127,1401,1528,0.14914559756039827
127,1390,1517,0.1491642748784866
129,1395,1524,0.14918228165106517
129,1385,1514,0.14919343290138126
130,1386,1516,0.14920459290647878
128,1386,1514,0.14921103852860856
130,1381,1511,0.14922193666417194
130,1386,1516,0.14922680844926914
126,1389,1515,0.14923074397296765
124,1380,1504,0.14924386733588282
123,1380,1503,0.14926078707785265
125,1377,1502,0.14927901585432815
121,1381,1502,0.14929129956241602
123,1388,1511,0.14931223168819893
119,1390,1509,0.1493269620667299
120,1398,1518,0.1493504664687397
121,1405,1526,0.1493701795725471
122,1404,1526,0.14938712399134146
122,1404,1526,0.14940103522521053
122,1391,1513,0.1494133882229145
123,1391,1514,0.14942493253611824
125,1385,1510,0.14943362675011224
122,1391,1513,0.14943727153983882
119,1384,1503,0.14944769559576893
117,1403,1520,0.14946379253071407
119,1399,1518,0.14948258040060422
117,1398,1515,0.1494961871333208
119,1398,1517,0.14951428556425742
119,1392,1511,0.1495268111272911
116,1400,1516,0.1495381381494002
113,1397,1510,0.14955551940492004
115,1397,1512,0.14957903483323615
114,1403,1517,0.14959562664180667
113,1394,1507,0.14961326071708875
112,1403,1515,0.14963298565731128
109,1407,1516,0.14965400407515436
111,1406,1517,0.14967971504781075
110,1405,1515,0.1496992664642677
111,1398,1509,0.14972032597322743
110,1407,1517,0.14973809661802562
111,1402,1513,0.1497568059543436
109,1405,1514,0.14977237282512004
111,1395,1506,0.14979143158697447
107,1410,1517,0.14980393455444424
107,1421,1528,0.14982526347142086
103,1412,1515,0.14984536911375662
106,1407,1513,0.14987323024374988
107,1410,1517,0.14989128860970058
108,1405,1513,0.14990572712288197
104,1395,1499,0.14991610437350278
107,1408,1515,0.14993500141092986
107,1407,1514,0.14994557804410838
105,1393,1498,0.1499544816084332
104,1399,1503,0.14996808594562475
110,1397,1507,0.14998366682800077
106,1399,1505,0.14998145436161628
108,1415,1523,0.14998848248745164
110,1417,1527,0.14999045881405587
109,1412,1521,0.1499872928472731
112,1412,1524,0.14998678322450953
106,1409,1515,0.1499788874059471
107,1408,1515,0.14998615183880254
111,1400,1511,0.14998919758697915
111,1397,1508,0.14998396131958913
110,1394,1504,0.14998005326031558
112,1408,1520,0.14997958373439835
112,1409,1521,0.14997486692026404
114,1414,1528,0.14997111363926688
117,1417,1534,0.14996242578242344
114,1406,1520,0.14994629377794194
112,1405,1517,0.1499388064978631
111,1406,1517,0.1499371107933079
118,1409,1527,0.14993780896470207
118,1398,1516,0.14992104172261567
113,1396,1509,0.1499062190255298
115,1403,1518,0.14990496031368158
114,1398,1512,0.1498990875189371
109,1396,1505,0.14989673857768573
108,1398,1506,0.14990652742830346
106,1392,1498,0.14991819069732956
106,1407,1513,0.14993437323701617
105,1395,1500,0.14994838050363346
102,1408,1510,0.14996400164948961
102,1402,1504,0.14998655917985856
99,1413,1512,0.15000784225059627
102,1406,1508,0.15003444934397925
101,1414,1515,0.15005038510016405
100,1412,1512,0.1500682147882109
97,1416,1513,0.1500880520515061
101,1411,1512,0.1501130266433868
99,1417,1516,0.15012667350129494
98,1404,1502,0.15014447258119282
99,1409,1508,0.15016353622357334
99,1425,1524,0.15017964004624315
99,1420,1519,0.15019536861601496
95,1418,1513,0.1502098470306896
96,1409,1505,0.15023311696770564
96,1419,1515,0.15025299457934566
95,1423,1518,0.150271454616977
94,1422,1516,0.15029110685552105
94,1425,1519,0.15031209526112954
92,1423,1515,0.15033249952627314
89,1420,1509,0.15035670322231945
91,1416,1507,0.15038658541651487
90,1422,1512,0.1504092735367169
89,1421,1510,0.1504331035890194
88,1431,1519,0.1504583983896007
88,1437,1525,0.15048456698012758
86,1427,1513,0.15050932050606255
85,1427,1512,0.15053646761732245
85,1432,1517,0.15056372190246697
88,1427,1515,0.150588229868597
89,1437,1526,0.1506039150084643
88,1442,1530,0.15061554377895456
87,1433,1520,0.1506292731583114
89,1441,1530,0.1506445474394357
89,1434,1523,0.15065401129104827
91,1425,1516,0.1506633725715572
90,1427,1517,0.1506676996805377
89,1444,1533,0.15067475976808148
88,1436,1524,0.15068405103166005
89,1430,1519,0.15069542683284948
84,1429,1513,0.1507039298769104
82,1421,1503,0.15072329195004033
82,1437,1519,0.15074601611664942
84,1431,1515,0.15076581882621815
87,1431,1518,0.15077955348301497
85,1429,1514,0.15078495385963037
84,1421,1505,0.15079492483247164
85,1440,1525,0.15080663299285704
85,1444,1529,0.15081516256116378
83,1443,1526,0.15082289420092582
82,1442,1524,0.1508351699101277
81,1432,1513,0.15084872393817667
80,1427,1507,0.15086433842193264
80,1414,1494,0.15088149419864322
79,1422,1501,0.15089722164137925
83,1425,1508,0.15091377264935965
86,1424,1510,0.1509199784190319
86,1415,1501,0.1509178576678483
84,1408,1492,0.1509164452222394
81,1403,1484,0.15091922333132268
81,1407,1488,0.1509300093065875
82,1419,1501,0.15093876693176864
81,1431,1512,0.1509449550113086
84,1429,1513,0.1509521299191037
81,1438,1519,0.1509519113444296
83,1443,1526,0.1509591420970798
78,1449,1527,0.15096195209580404
80,1449,1529,0.15097682552596983
81,1454,1535,0.150986412836858
80,1448,1528,0.15099336812223055
76,1456,1532,0.1510012128648964
76,1445,1521,0.15101843598975076
78,1435,1513,0.15103472436981902
81,1431,1512,0.15104543489549016
80,1441,1521,0.1510482852148632
81,1448,1529,0.15105326853431975
79,1435,1514,0.1510562971234612
78,1434,1512,0.15106449307239037
81,1431,1512,0.15107379233879376
83,1436,1519,0.15107452719723533
82,1442,1524,0.15107012538946388
81,1438,1519,0.151068510284872
79,1436,1515,0.1510694844006599
79,1431,1510,0.15107479054590897
80,1435,1515,0.15107992864534966
76,1434,1510,0.15108327386139067
75,1441,1516,0.15109501222106275
75,1432,1507,0.15110864961292506
75,1434,1509,0.15112223542142295
73,1419,1492,0.15113479995145018
73,1437,1510,0.15115194118209274
80,1428,1508,0.15116833343450178
78,1427,1505,0.1511648217633563
80,1431,1511,0.15116754323623824
78,1435,1513,0.15116504645371429
81,1437,1518,0.15116791983991684
80,1442,1522,0.15116371287585254
83,1453,1536,0.1511624788233039
83,1445,1528,0.15115396633928016
83,1430,1513,0.15114564626486598
83,1424,1507,0.15113750743306695
81,1426,1507,0.151129887060757
80,1433,1513,0.15112851998712679
81,1433,1514,0.15112991462734737
80,1442,1522,0.15112745996880889
81,1441,1522,0.15112772408527783
80,1456,1536,0.15112634217439916
81,1450,1531,0.15112714547671982
82,1446,1528,0.15112539119048038
80,1444,1524,0.1511210803086025
80,1437,1517,0.15112281322632015
79,1432,1511,0.1511237332394146
76,1439,1515,0.15112747712977248
76,1435,1511,0.15113824362864745
73,1438,1511,0.1511487263186261
74,1436,1510,0.15116572595744643
73,1434,1507,0.15117880262544842
72,1433,1505,0.1511931009575878
68,1441,1509,0.15120918988248205
70,1429,1499,0.15123375441104506
73,1432,1505,0.15125200400100078
72,1449,1521,0.15126188714538308
71,1435,1506,0.15127383214763065
71,1441,1512,0.15128750187611967
71,1439,1510,0.15130029173979181
68,1443,1511,0.15131259408369918
68,1447,1515,0.15133114424100005
66,1438,1504,0.15134837671230494
68,1438,1506,0.1513691276929924
67,1457,1524,0.15138323044956586
69,1459,1528,0.15139835264620619
69,1453,1522,0.15140831118895054
67,1458,1525,0.15141807219572986
66,1455,1521,0.1514320945406571
67,1454,1521,0.151447837175975
67,1440,1507,0.15146036144163788
67,1439,1506,0.15147155344263274
67,1435,1502,0.15148076630109475
65,1439,1504,0.15148957426001838
64,1443,1507,0.1515032178363402
63,1443,1506,0.15151866556814197
63,1445,1508,0.15153546756936268
65,1454,1519,0.1515511030845156
61,1449,1510,0.15156006255943905
65,1448,1513,0.1515776900039174
63,1443,1506,0.15158410670898173
63,1447,1510,0.1515949579167611
66,1454,1520,0.15160509786452642
65,1453,1518,0.15160798229298064
62,1446,1508,0.15161351770896253
61,1449,1510,0.15162457513541625
65,1446,1511,0.15163768569789354
67,1448,1515,0.1516401906549164
67,1444,1511,0.15163805070623013
64,1442,1506,0.15163531919667614
63,1440,1503,0.15164008335310364
62,1445,1507,0.1516474235043753
60,1454,1514,0.15165663525371947
61,1445,1506,0.15167066523633077
58,1449,1507,0.15168124556373563
62,1450,1512,0.15169796193217214
61,1457,1518,0.15170446552186934
61,1438,1499,0.1517132929106147
59,1449,1508,0.15172191876107205
61,1459,1520,0.151734269352007
61,1452,1513,0.15174161444078554
62,1454,1516,0.15174789264502603
63,1455,1518,0.15175100281172393
60,1463,1523,0.15175181475686575
62,1462,1524,0.15175963107723686
61,1471,1532,0.15176285678103896
59,1466,1525,0.1517684131397293
59,1467,1526,0.1517783507976694
58,1450,1508,0.15178801865891323
57,1452,1509,0.1517995260661827
57,1450,1507,0.1518127145097837
56,1459,1515,0.1518252276013086
57,1467,1524,0.15183928145122608
56,1458,1514,0.15185039032059486
56,1462,1518,0.15186315039958317
56,1467,1523,0.1518751935043127
57,1454,1511,0.1518861408361403
55,1457,1512,0.15189257368694342
54,1447,1501,0.15190344273437217
54,1443,1497,0.1519159854152088
52,1460,1512,0.15192792562279428
56,1448,1504,0.1519427740037145
57,1454,1511,0.15194576762995196
58,1455,1513,0.15194570934173193
57,1472,1529,0.15194267035353337
60,1467,1527,0.15194287735560105
59,1469,1528,0.15193596930606482
56,1457,1513,0.1519322397048687
58,1459,1517,0.15193546174528091
59,1464,1523,0.15193379508396002
59,1468,1527,0.15193062985939065
60,1467,1527,0.15192786135848793
60,1475,1535,0.15192357468443848
58,1469,1527,0.15192008967648316
56,1469,1525,0.15192179393930358
59,1454,1513,0.15192844424638668
59,1463,1522,0.1519267581669645
60,1473,1533,0.1519248721783685
60,1456,1516,0.1519213680629052
61,1462,1523,0.1519178026505448
61,1459,1520,0.1519127526560509
61,1458,1519,0.15190796115516064
62,1452,1514,0.15190393944236927
57,1447,1504,0.15189733406201852
57,1464,1521,0.15190418232792063
58,1456,1514,0.1519109071228675
60,1458,1518,0.1519139883890041
59,1452,1511,0.15191080164556714
58,1449,1507,0.15191066528025612
58,1442,1500,0.15191310935366706
58,1439,1497,0.15191491901176477
60,1448,1508,0.15191453683531073
59,1448,1507,0.1519102280586467
60,1460,1520,0.15190879698849014
59,1460,1519,0.15190491890473948
58,1456,1514,0.15190360514757673
57,1455,1512,0.1519063860538931
57,1449,1506,0.15191052539454802
56,1464,1520,0.15191484938945626
58,1457,1515,0.151921504985509
59,1447,1506,0.15192174668188174
58,1454,1512,0.1519192897481013
57,1471,1528,0.1519193789086875
58,1457,1515,0.15192289805474515
59,1457,1516,0.15192420431137235
59,1465,1524,0.15192240861559114
58,1456,1514,0.15192064096220434
56,1469,1525,0.1519213103506867
59,1461,1520,0.1519267330741561
61,1457,1518,0.1519243587803681
61,1462,1523,0.15191700056050397
61,1452,1513,0.15191069033662777
62,1459,1521,0.15190457542381666
60,1459,1519,0.15189638678692685
59,1458,1517,0.15189360711442812
59,1456,1515,0.15189340761939746
60,1451,1511,0.15189364247779272
62,1455,1517,0.15189214022878736
60,1454,1514,0.15188590166693164
58,1461,1519,0.15188434181675606
59,1461,1520,0.15188783548454501
60,1464,1524,0.15188939908718957
60,1457,1517,0.15188740874994042
57,1455,1512,0.15188562581440676
55,1456,1511,0.15189150677246116
53,1456,1509,0.15190204671074042
55,1454,1509,0.1519166169585936
53,1455,1508,0.15192400872026612
55,1457,1512,0.15193615159855983
53,1457,1510,0.15194169180713865
50,1468,1518,0.15195108713192176
49,1476,1525,0.1519672947808269
51,1466,1517,0.1519851678027522
50,1465,1515,0.15199618781417287
50,1451,1501,0.15200951436865145
50,1452,1502,0.1520216448403404
51,1439,1490,0.15203290610762416
52,1451,1503,0.15204134561226818
55,1458,1513,0.15204693250128612
57,1459,1516,0.15204332464568662
57,1464,1521,0.15203524806852728
59,1462,1521,0.15202839236940194
59,1462,1521,0.15201717814499444
59,1465,1524,0.15200641303583096
60,1461,1521,0.15199710851999731
59,1458,1517,0.15198603694483034
59,1461,1520,0.15197819725772171
56,1469,1525,0.15197153689495344
54,1466,1520,0.15197281551268302
53,1465,1518,0.1519789332139547
53,1469,1522,0.15198706016169206
55,1478,1533,0.15199424750791132
54,1468,1522,0.15199490972304647
58,1468,1526,0.15199806921631076
58,1462,1520,0.15199093005126516
58,1461,1519,0.1519840994355536
57,1462,1519,0.15197835186835143
56,1467,1523,0.15197642271870518
58,1462,1520,0.15197709695440476
58,1464,1522,0.15197232395506255
56,1455,1511,0.15196795708890926
56,1463,1519,0.15196900166158214
58,1465,1523,0.15196939951015612
56,1466,1522,0.15196564351084596
56,1463,1519,0.1519669769585435
60,1459,1519,0.15196821867286134
59,1448,1507,0.1519594657190953
57,1450,1507,0.15195371784188577
59,1455,1514,0.1519534464597422
59,1434,1493,0.15194918763014265
55,1447,1502,0.15194568122849322
56,1455,1511,0.15195190318874185
56,1459,1515,0.15195564546233986
56,1468,1524,0.15195935497668978
57,1466,1523,0.15196317420538696
57,1464,1521,0.15196431172188363
55,1468,1523,0.15196540173876996
55,1480,1535,0.15197007338001162
53,1475,1528,0.15197484451891324
52,1480,1532,0.15198432015436475
52,1477,1529,0.15199554857203765
56,1443,1499,0.15200628230538699
54,1442,1496,0.15200618368376442
56,1437,1493,0.15201118808670344
53,1442,1495,0.1520103128389367
53,1453,1506,0.15201567295060567
56,1452,1508,0.15202105050268966
57,1440,1497,0.15201885768291473
58,1443,1501,0.1520149038358351
58,1444,1502,0.1520075774397908
60,1455,1515,0.15200056841027465
60,1453,1513,0.15198831718885725
60,1462,1522,0.1519775199488535
58,1455,1513,0.15196742520288897
56,1458,1514,0.15196383254613244
58,1455,1513,0.15196553821567824
56,1468,1524,0.1519628547474845
57,1458,1515,0.15196538856345262
56,1469,1525,0.15196583450244033
54,1468,1522,0.151968824011134
54,1466,1520,0.15197575339564165
55,1475,1530,0.1519816394655072
53,1460,1513,0.15198451959020617
51,1479,1530,0.15199155197903202
52,1493,1545,0.15200291743193947
53,1494,1547,0.1520117886278738
50,1494,1544,0.15201732254944939
53,1486,1539,0.15202978092047328
52,1487,1539,0.15203343662041735
49,1482,1531,0.15203960877336611
48,1471,1519,0.1520526551605822
49,1477,1526,0.15206775132198225
49,1479,1528,0.15207996422429118
48,1465,1513,0.1520917640204712
47,1471,1518,0.15210589354514198
45,1458,1503,0.15212147631750927
44,1468,1512,0.15214055091579096
45,1469,1514,0.1521613082663796
43,1481,1524,0.1521777934851189
43,1470,1513,0.15219791571317526
41,1473,1514,0.15221697049827995
40,1471,1511,0.15223937052637848
40,1481,1521,0.1522627600051133
39,1485,1524,0.152284907459305
35,1474,1509,0.15230799938229025
36,1473,1509,0.15233875809007746
38,1464,1502,0.15236438208178618
38,1477,1515,0.15238310573501634
38,1469,1507,0.15240100175206311
38,1475,1513,0.1524172995405523
36,1474,1510,0.15243266570600073
37,1471,1508,0.15245205740069598
37,1482,1519,0.15246703647053297
36,1490,1526,0.1524808352684929
36,1494,1530,0.15249665469083987
37,1496,1533,0.15251187875563418
40,1480,1520,0.15252366495564537
40,1477,1517,0.15252688761740185
40,1469,1509,0.15252960624575668
39,1476,1515,0.1525327321694909
39,1474,1513,0.15253831881053617
39,1478,1517,0.15254401480113797
39,1481,1520,0.15254976092602907
38,1465,1503,0.15255501380484338
34,1475,1509,0.15256273180457028
34,1471,1505,0.15257928874109003
35,1460,1495,0.15259506852543545
35,1477,1512,0.15260758971795227
35,1472,1507,0.1526194052496258
32,1481,1513,0.15263073346068892
33,1493,1526,0.15264833282797974
35,1485,1520,0.15266236761545587
36,1481,1517,0.15267091031679855
35,1484,1519,0.15267615153964617
34,1478,1512,0.15268361380501538
33,1477,1510,0.15269314765833236
31,1484,1515,0.15270455090410848
32,1483,1515,0.15271995167084504
33,1495,1528,0.15273218839689182
35,1492,1527,0.15274130798148686
35,1474,1509,0.15274424539254325
37,1478,1515,0.1527472799851205
36,1492,1528,0.15274498496170102
40,1488,1528,0.15274541937207153
40,1482,1522,0.15273361240312477
39,1486,1525,0.15272324214838864
37,1485,1522,0.1527163079896056
37,1472,1509,0.1527149295814458
36,1479,1515,0.15271406763054382
36,1467,1503,0.15271671966970857
37,1471,1508,0.15271947207220662
38,1477,1515,0.15271937595747834
37,1487,1524,0.15271672945419937
38,1473,1511,0.1527168319651224
38,1476,1514,0.15271456915992984
37,1478,1515,0.1527119669954944
36,1471,1507,0.1527122663943686
35,1483,1518,0.15271505019978876
36,1491,1527,0.15271940707584628
35,1475,1510,0.15272077940939632
37,1468,1505,0.15272472779300306
36,1469,1505,0.15272269153939588
39,1477,1516,0.15272400240758105
39,1475,1514,0.1527177746488416
39,1485,1524,0.1527121120324626
39,1486,1525,0.15270676353405427
39,1480,1519,0.15270199370077717
39,1474,1513,0.15269732242654366
39,1473,1512,0.1526926556831622
41,1472,1513,0.15268878964084956
40,1470,1510,0.15267989287420572
38,1481,1519,0.15267431576994137
39,1480,1519,0.1526742644932053
39,1476,1515,0.15267201789879511
40,1470,1510,0.15266896570000457
40,1484,1524,0.15266401095537366
37,1476,1513,0.1526595490764633
37,1481,1518,0.15266278060840419
37,1492,1529,0.1526661990251038
37,1492,1529,0.15266910113590462
37,1492,1529,0.15267219849794178
36,1483,1519,0.1526747814747628
36,1483,1519,0.1526798798292341
37,1483,1520,0.1526847887907652
35,1484,1519,0.15268673173790248
34,1488,1522,0.15269348010283734
34,1475,1509,0.15270232911367193
34,1476,1510,0.15271118857135804
35,1479,1514,0.1527194480924578
35,1479,1514,0.152724896245483
34,1490,1524,0.15272975053784504
34,1489,1523,0.15273676613131537
35,1483,1518,0.15274306241609117
35,1485,1520,0.15274672480055734
34,1475,1509,0.1527504113947395
33,1482,1515,0.1527562996107519
35,1482,1517,0.15276449938432898
34,1470,1504,0.15276620047678327
34,1484,1518,0.15277031120960258
34,1475,1509,0.1527736996220626
34,1463,1497,0.1527768439273524
33,1466,1499,0.15278057689542254
31,1471,1502,0.15278655086691292
30,1483,1513,0.1527965200433929
29,1487,1516,0.15280831095361086
29,1487,1516,0.15282128789465388
29,1491,1520,0.15283369459827922
29,1488,1517,0.1528455310402416
32,1487,1519,0.1528562073208003
33,1496,1529,0.15285834591325198
33,1486,1519,0.15285810176261688
31,1504,1535,0.15285822151413397
29,1492,1521,0.15286344670222698
27,1490,1517,0.15287323753631432
27,1494,1521,0.15288729297406192
28,1506,1534,0.1529006506096253
29,1504,1533,0.1529103107246353
29,1489,1518,0.15291712600372862
27,1508,1535,0.15292373618856633
25,1496,1521,0.15293471719706297
26,1490,1516,0.15294894472175113
27,1491,1518,0.15296017036130852
27,1498,1525,0.15296807473276744
27,1504,1531,0.15297594052908592
28,1506,1534,0.15298354559630561
26,1484,1510,0.15298821740838886
26,1490,1516,0.15299784809711783
28,1485,1513,0.15300703802179347
26,1498,1524,0.15300996835308733
25,1503,1528,0.15301769930051431
24,1490,1514,0.1530274473955739
23,1489,1512,0.15303968716920188
21,1496,1517,0.15305249481190322
22,1503,1525,0.15306946332680674
23,1506,1529,0.15308247872881586
22,1506,1528,0.15309258025265168
23,1490,1513,0.15310463627454862
22,1485,1507,0.15311371892044578
21,1486,1507,0.1531246951578837
21,1491,1512,0.1531378369438596
21,1485,1506,0.15315027487567964
23,1489,1512,0.1531613775699337
23,1490,1513,0.15316619140958124
22,1500,1522,0.15317101318171722
22,1506,1528,0.1531781830736823
22,1507,1529,0.153185154176523
22,1510,1532,0.15319191101135832
21,1510,1531,0.1531984422393143
22,1512,1534,0.15320690778379753
22,1499,1521,0.15321276497619057
22,1497,1519,0.15321840076169366
21,1495,1516,0.15322381303092278
21,1493,1514,0.15323134476487615
22,1481,1503,0.1532385072984682
22,1483,1505,0.15324215449278536
22,1496,1518,0.15324573197042884
22,1484,1506,0.15324830635398903
20,1490,1510,0.15325094160792807
20,1496,1516,0.1532580353903105
19,1494,1513,0.153264862777486
19,1500,1519,0.15327357197319189
19,1502,1521,0.15328187186315734
19,1494,1513,0.15328976783421477
19,1507,1526,0.15329726770025917
18,1501,1519,0.15330438118739106
18,1504,1522,0.15331347034499598
17,1519,1536,0.1533218547211783
18,1506,1524,0.15333196216516595
17,1496,1513,0.1533393133564907
16,1504,1520,0.1533485283416366
16,1501,1517,0.15335959014174572
15,1501,1516,0.1533700393128957
14,1510,1524,0.15338226033360003
14,1514,1528,0.15339598671807955
14,1517,1531,0.15340892052413319
14,1510,1524,0.1534211037524089
14,1515,1529,0.15343257663527698
13,1500,1513,0.15344337765052732
15,1500,1515,0.15345581385349685
15,1502,1517,0.15346261869140346
14,1497,1511,0.15346907278805286
14,1495,1509,0.15347760538376176
14,1505,1519,0.15348566782431913
14,1509,1523,0.15349328281421815
14,1506,1520,0.15350047235041564
14,1507,1521,0.1535072576901867
14,1505,1519,0.15351285968956246
14,1503,1517,0.15351887284031268
13,1507,1520,0.15352455125254846
11,1508,1519,0.1535320863882993
12,1502,1514,0.15354375552297622
11,1496,1507,0.15355242493293655
12,1506,1518,0.15356289163065884
11,1493,1504,0.1535703786679541
11,1500,1511,0.1535797984689493
11,1508,1519,0.1535886615217673
11,1495,1506,0.15359699769701948
11,1505,1516,0.1536048356736205
10,1508,1518,0.15361220292543065
10,1492,1502,0.15362144124440827
11,1504,1515,0.15363011853853925
11,1507,1518,0.15363581100138574
11,1509,1520,0.15364117195427254
11,1507,1518,0.15364621867553038
11,1514,1525,0.1536509678128636
10,1503,1513,0.15365543536651352
10,1513,1523,0.15366196878806004
10,1506,1516,0.15366810956344243
9,1498,1507,0.1536736303771511
8,1508,1516,0.15368112928790956
8,1501,1509,0.15369054408784685
8,1506,1514,0.1536991020899303
8,1501,1509,0.1537071575609171
8,1497,1505,0.15371473640293307
9,1510,1519,0.15372186368298524
9,1511,1520,0.1537261816938912
10,1512,1522,0.15373026745198629
10,1520,1530,0.153730995625141
10,1506,1516,0.15373179991837313
10,1498,1508,0.15373266061768057
8,1500,1508,0.1537335610887504
8,1502,1510,0.1537395630147832
8,1505,1513,0.15374520082657084
8,1512,1520,0.15375049474922928
8,1516,1524,0.15375546413695065
8,1517,1525,0.15376012747357465
8,1520,1528,0.15376450238010264
9,1521,1530,0.15376860562784128
9,1511,1520,0.1537698540038052
9,1516,1525,0.15377106976880636
8,1527,1535,0.15377225038168438
8,1523,1531,0.15377570057634207
9,1516,1525,0.15377897160976695
9,1510,1519,0.1537796233040787
9,1503,1512,0.15378027612866302
9,1510,1519,0.1537809255600611
9,1507,1516,0.15378156782824534
9,1523,1532,0.15378219982005298
9,1509,1518,0.15378281899382246
9,1511,1520,0.15378270050937615
9,1513,1522,0.15378270272040162
8,1514,1522,0.1537828040725992
7,1522,1529,0.1537853424082352
7,1511,1518,0.15379014867628588
6,1506,1512,0.15379472623185447
6,1508,1514,0.15380142054107812
7,1500,1507,0.1538077516103451
8,1508,1516,0.1538111320399437
8,1499,1507,0.153811657537355
7,1497,1504,0.15381224950052863
7,1494,1501,0.15381507065156635
6,1493,1499,0.1538177897769031
6,1504,1510,0.15382297128992095
5,1503,1508,0.15382795810290179
5,1514,1519,0.1538349021257982
6,1510,1516,0.1538414508171401
6,1505,1511,0.15384485669217252
6,1503,1509,0.1538481215343913
5,1507,1512,0.15385143639552892
5,1504,1509,0.15385685079801015
6,1506,1512,0.15386196050010473
7,1503,1510,0.1538636425322618
7,1502,1509,0.1538629065454992
7,1506,1513,0.1538623482556605
7,1507,1514,0.15386194255075678
7,1512,1519,0.15386166739325471
7,1513,1520,0.15386150346475644
7,1525,1532,0.1538614338507216
7,1515,1522,0.15386144376076458
6,1517,1523,0.15386152028055688
6,1506,1512,0.15386398629953063
5,1509,1514,0.153866352892865
5,1500,1505,0.15387112117725726
5,1513,1518,0.1538756124148142
5,1503,1508,0.15387984086574627
5,1508,1513,0.1538838203029012
5,1523,1528,0.15388756399150436
5,1523,1528,0.1538910846763477
5,1527,1532,0.15389439457522125
5,1523,1528,0.15389750537754437
5,1496,1501,0.153900428247297
6,1513,1519,0.15390317382947485
5,1520,1525,0.15390289372472687
5,1513,1518,0.15390515674681654
5,1508,1513,0.15390734376287404
4,1509,1513,0.15390945200031933
4,1497,1501,0.1539141131221069
4,1519,1523,0.15391849323668083
3,1515,1518,0.1539226084666778
3,1513,1516,0.1539289303652058
3,1508,1511,0.1539348693811907
3,1518,1521,0.15394044816855534
3,1521,1524,0.15394568811259637
3,1513,1516,0.15395060939163116
3,1508,1511,0.1539552310369176
2,1514,1516,0.1539595709906994
2,1526,1528,0.15396589383582923
1,1517,1518,0.15397183219713345
1,1512,1513,0.15397966610076583
1,1508,1509,0.15398702413374418
1,1518,1519,0.15399393454839683
1,1529,1530,0.15400042400172462
1,1521,1522,0.15400651763533824
1,1521,1522,0.15401223915268517
1,1521,1522,0.1540176108934732
1,1517,1518,0.15402265390523462
1,1532,1533,0.1540273880120025
1,1524,1525,0.15403183188009834
1,1520,1521,0.15403600308104953
1,1507,1508,0.15403991815167256
1,1512,1513,0.15404359265137293
1,1521,1522,0.154047041216723
1,1503,1504,0.15405027761338821
1,1513,1514,0.1540533147854803
1,1507,1508,0.15405616490241894
1,1500,1501,0.15405883940338985
1,1493,1494,0.1540613490394879
1,1502,1503,0.15406370391363575
0,1517,1517,0.15406591351836949
