1372,28,1400,0.1357957781334687
1385,30,1415,0.13293645314163147
1410,29,1439,0.1303029266466593
1425,31,1456,0.1278372592348409
1440,32,1472,0.12555259781036565
1449,30,1479,0.12343389089498637
1449,28,1477,0.12148172751306151
1440,28,1468,0.11970587842514668
1451,26,1477,0.11811581899982893
1480,25,1505,0.11664108040056094
1485,26,1511,0.11522582602151071
1499,25,1524,0.11392470631118748
1487,25,1512,0.11270741809316018
1474,25,1499,0.11162950146378764
1472,26,1498,0.11068046030960722
1463,26,1489,0.10982371687322745
1458,26,1484,0.1090676763883398
1454,26,1480,0.10839158764049088
1460,24,1484,0.10778776764375474
1448,24,1472,0.10722408433047591
1457,25,1482,0.10673921421108648
1461,24,1485,0.106280137690504
1465,23,1488,0.10585156345621467
1477,22,1499,0.10545387378381545
1471,21,1492,0.10506211309701183
1480,22,1502,0.10472090520709092
1482,23,1505,0.10438935715735019
1468,23,1491,0.10408361857878216
1474,22,1496,0.10383785012347335
1486,18,1504,0.10360101210751328
1489,18,1507,0.10335672149452706
1486,18,1504,0.10312705005283011
1481,17,1498,0.10292391326921756
1479,18,1497,0.10274921639619575
1469,19,1488,0.10259394473696863
1471,19,1490,0.10247724655172336
1476,19,1495,0.10236759605274637
1469,19,1488,0.10225532481537428
1475,19,1494,0.10216951776836466
1474,19,1493,0.10207840102946636
1470,20,1490,0.10199545328580027
1456,19,1475,0.1019300920670832
1452,19,1471,0.10190280817018608
1470,17,1487,0.10188751793299938
1464,17,1481,0.10183495855287644
1469,17,1486,0.10180038470831379
1467,16,1483,0.10175685410060607
1468,15,1483,0.10172227396812648
1477,14,1491,0.10168704827646025
1472,13,1485,0.10163542094608796
1480,14,1494,0.10159809952616165
1473,14,1487,0.10154556415163693
1478,15,1493,0.10151310549509361
1475,16,1491,0.10147236337619255
1478,16,1494,0.10144355919358158
1467,15,1482,0.10141143184402751
1456,14,1470,0.10140706232884432
1461,14,1475,0.10142882691919632
1470,15,1485,0.10143750342540453
1469,16,1485,0.1014237096269282
1470,16,1486,0.10141369223093365
1470,17,1487,0.10140211105191729
1465,19,1484,0.10139154240286814
1469,18,1487,0.10139375440734125
1476,17,1493,0.10138624166293468
1470,15,1485,0.10136501205260469
1475,16,1491,0.10135855863165301
1468,17,1485,0.10134135541156321
1468,17,1485,0.10134124044223386
1476,18,1494,0.1013421075064111
1476,19,1495,0.1013231026595487
1465,19,1484,0.10130604067674946
1459,19,1478,0.10131555700589122
1452,19,1471,0.10133953447164298
1464,19,1483,0.10137658474459618
1470,19,1489,0.10138471012528946
1464,19,1483,0.10137897193426262
1476,19,1495,0.1013866701902548
1484,19,1503,0.10136681237868177
1492,19,1511,0.10132998765657998
1474,21,1495,0.10127782158374586
1473,22,1495,0.1012705369813532
1477,23,1500,0.1012664299578827
1492,23,1515,0.1012541211913674
1487,23,1510,0.10120830383696384
1485,23,1508,0.10117786994641527
1485,23,1508,0.10115397696153838
1471,23,1494,0.10113354451766661
1465,23,1488,0.10114680126480209
1469,25,1494,0.10117383021133441
1472,24,1496,0.10119092388526088
1470,23,1493,0.10120043511053993
1467,25,1492,0.10121130182778497
1465,25,1490,0.10122847280013594
1465,24,1489,0.10124941860181716
1451,24,1475,0.10127055363288073
1451,26,1477,0.1013215791283751
1442,28,1470,0.1013686077287287
1448,27,1475,0.10143156790596818
1447,30,1477,0.10147594212829138
1450,30,1480,0.10151818026671224
1451,31,1482,0.10154900085886112
1457,31,1488,0.10157604830705823
1460,31,1491,0.10158716570048423
1460,29,1489,0.10158931858676482
1448,29,1477,0.10159145321092417
1442,28,1470,0.10161974185833143
1446,29,1475,0.10165984185551903
1455,28,1483,0.10168729636664754
1456,27,1483,0.10169230151929387
1476,28,1504,0.10169573315671453
1479,28,1507,0.1016517859704445
1487,28,1515,0.10160609046913137
1470,28,1498,0.10154512285250661
1469,29,1498,0.1015293543603271
1462,30,1492,0.10151781482208828
1459,28,1487,0.1015206248666811
1461,27,1488,0.10152974015824277
1466,28,1494,0.10153410437280706
1461,30,1491,0.10152630751460442
1449,32,1481,0.10153086945708757
1457,34,1491,0.1015621114726676
1450,35,1485,0.1015724638545864
1459,33,1492,0.10159769737125107
1465,32,1497,0.10160118208980623
1463,32,1495,0.10159068449400153
1470,31,1501,0.1015845383086714
1456,31,1487,0.10156388450437323
1457,30,1487,0.10157606886500417
1458,29,1487,0.10158483875893387
1454,28,1482,0.10159093390485674
1453,25,1478,0.10160570460516348
1457,28,1485,0.10162043694067105
1475,28,1503,0.10162492986900308
1462,29,1491,0.10158840999082706
1463,29,1492,0.10158420187403791
1469,29,1498,0.10157897489886855
1472,28,1500,0.10156058822569455
1477,27,1504,0.10153855078877883
1462,27,1489,0.10150615783782087
1465,28,1493,0.10150991283118416
1471,26,1497,0.10150753148542879
1467,27,1494,0.10149029858496256
1451,25,1476,0.10148269846969801
1463,25,1488,0.10151209894185438
1467,25,1492,0.1015122843449951
1474,24,1498,0.10150394721791954
1471,23,1494,0.10148025510042949
1468,22,1490,0.1014650002671517
1475,21,1496,0.10145783945276557
1472,23,1495,0.10143483626020774
1481,24,1505,0.10141969621239567
1477,25,1502,0.10138589121514176
1476,25,1501,0.10136422820131184
1468,26,1494,0.1013475088042583
1470,29,1499,0.10135134769955279
1475,28,1503,0.10135058502238571
1487,28,1515,0.101336617886074
1477,29,1506,0.1012984024652869
1469,30,1499,0.10128527951178476
1473,31,1504,0.10129282853410171
1470,30,1500,0.10129104364997048
1476,29,1505,0.10129611935831996
1486,30,1516,0.10128636003699133
1463,28,1491,0.10125660505340683
1469,28,1497,0.10128137073302375
1457,29,1486,0.10128972102779628
1451,27,1478,0.10132518916067433
1453,26,1479,0.10137148770871462
1462,25,1487,0.10141130452584762
1463,26,1489,0.10142562671144133
1455,28,1483,0.10143645041259003
1454,28,1482,0.101463296289728
1454,29,1483,0.10149144879820986
1467,29,1496,0.10151784316857813
1459,29,1488,0.10151054002509381
1476,29,1505,0.10151932820361903
1469,31,1500,0.1014900847853213
1466,33,1499,0.10147669556323283
1478,32,1510,0.1014728707210426
1487,33,1520,0.10144249710253382
1480,33,1513,0.10139562324009692
1483,35,1518,0.10136869377607936
1489,35,1524,0.10133826249143521
1478,36,1514,0.1012970290594939
1467,35,1502,0.10128467318439541
1465,37,1502,0.10129849359379378
1466,37,1503,0.10131510403169987
1457,34,1491,0.10132939939418609
1450,35,1485,0.10136302182127276
1456,37,1493,0.10141029758921541
1464,38,1502,0.10144006755375418
1458,38,1496,0.10144905219878257
1464,37,1501,0.10147266592527618
1471,38,1509,0.1014804387107343
1468,36,1504,0.10147231573847879
1453,38,1491,0.101470307341259
1456,38,1494,0.10150267689830045
1443,38,1481,0.10152459811719006
1441,38,1479,0.10157523611046126
1436,37,1473,0.10162738038670653
1427,38,1465,0.10168660811042095
1445,38,1483,0.10176002799547086
1444,38,1482,0.10178747159167205
1436,39,1475,0.10181466195650847
1442,39,1481,0.10185913597758495
1450,40,1490,0.10188680663077378
1441,42,1483,0.10189440702416296
1448,43,1491,0.10192004328873701
1446,45,1491,0.10192632730411709
1446,44,1490,0.10193756304393442
1448,47,1495,0.1019472460100651
1457,47,1504,0.1019518984856982
1457,45,1502,0.10193845633705977
1438,44,1482,0.10192383645266752
1437,44,1481,0.10195140364533906
1427,45,1472,0.10198062731676982
1422,48,1470,0.10202983211459887
1436,48,1484,0.1020868536174199
1430,46,1476,0.10210713331977736
1432,44,1476,0.1021411649542581
1427,46,1473,0.10216702319147256
1422,46,1468,0.10220156136929993
1449,46,1495,0.10224212196538847
1438,44,1482,0.1022184694836561
1433,45,1478,0.10222271496849654
1448,44,1492,0.10223745871620395
1437,43,1480,0.10221605138376745
1438,43,1481,0.10222273836300966
1446,47,1493,0.10222654547754532
1447,47,1494,0.10221134110727824
1453,46,1499,0.10219404426908099
1449,45,1494,0.10216236931737654
1447,49,1496,0.10214446297695917
1429,49,1478,0.10213319480343273
1430,51,1481,0.10216498452814808
1436,53,1489,0.10219396073897387
1448,51,1499,0.1022093896160973
1444,50,1494,0.1021940894279879
1437,53,1490,0.10218978550998248
1425,52,1477,0.10220101527274078
1428,54,1482,0.10224066995020879
1417,53,1470,0.10227030995668261
1439,53,1492,0.10232170117498118
1448,56,1504,0.10232035322026124
1459,57,1516,0.10229884793461626
1454,58,1512,0.10225342785968895
1441,57,1498,0.1022241419543672
1442,62,1504,0.10222699685838652
1431,64,1495,0.10222657322022563
1427,65,1492,0.10225036039676053
1418,66,1484,0.10228137455150976
1430,65,1495,0.10233260412871133
1448,63,1511,0.10235464025426687
1449,62,1511,0.10233449496748148
1435,57,1492,0.1023123808295002
1437,55,1492,0.1023242983822112
1443,58,1501,0.10232789605154073
1453,58,1511,0.1023184930035955
1446,60,1506,0.10228645505058814
1428,61,1489,0.10227281251946767
1442,61,1503,0.10230071789907584
1441,60,1501,0.10229582163674797
1442,58,1500,0.1022933811733106
1430,57,1487,0.10228807953361707
1432,59,1491,0.10230915210667454
1438,62,1500,0.10232522587611452
1432,59,1491,0.10232792696978736
1419,61,1480,0.10234492329474172
1423,58,1481,0.10238974691786108
1422,60,1482,0.10242050223377622
1436,60,1496,0.10245103470613615
1437,63,1500,0.1024470382799083
1428,62,1490,0.10244064737224302
1439,63,1502,0.10245545532873933
1435,59,1494,0.10244451089235984
1442,59,1501,0.10244417516195506
1434,61,1495,0.10242853145764372
1433,63,1496,0.10243058776387062
1420,64,1484,0.10243530383492412
1430,62,1492,0.10247017182853486
1425,64,1489,0.10247698181180162
1437,59,1496,0.10249499180710682
1449,58,1507,0.10248472595543642
1445,60,1505,0.10244890266503724
1438,60,1498,0.10242497021727714
1427,59,1486,0.10241973368573533
1423,59,1482,0.10243766137276865
1431,61,1492,0.1024644903837629
1416,62,1478,0.10247031933351788
1414,63,1477,0.10251052845116433
1412,65,1477,0.10255278087108573
1413,63,1476,0.10259617520733885
1428,62,1490,0.10263277513602109
1428,66,1494,0.10263358886786701
1425,66,1491,0.10263545998967678
1442,68,1510,0.10264475323965755
1432,68,1500,0.10261508951288567
1431,71,1502,0.10261031829750006
1427,69,1496,0.10260889650664737
1424,68,1492,0.1026171435628365
1420,68,1488,0.10263324552463939
1423,66,1489,0.10265650470596199
1437,65,1502,0.10267039396574973
1428,69,1497,0.102651331872012
1422,71,1493,0.10265354949462921
1432,70,1502,0.10267175899297058
1430,71,1501,0.10266380344423474
1426,71,1497,0.1026607038793717
1420,73,1493,0.10266804026125848
1421,72,1493,0.10268894459167222
1408,72,1480,0.10270294592570764
1416,74,1490,0.10274414848510573
1420,76,1496,0.1027664488426393
1413,76,1489,0.10277686469564185
1406,74,1480,0.10280060036895355
1401,74,1475,0.10284034612636389
1403,73,1476,0.10289000978835997
1411,74,1485,0.10292974831141223
1412,73,1485,0.10294882105472006
1427,75,1502,0.10296651565800108
1431,77,1508,0.10294740564522396
1429,78,1507,0.10291897273736521
1418,78,1496,0.10289652043647214
1413,79,1492,0.10290154535428257
1416,81,1497,0.10291788603908728
1413,80,1493,0.10292598967247163
1410,79,1489,0.10294135993666088
1405,79,1484,0.10296307667942445
1401,78,1479,0.1029966999104661
1410,78,1488,0.10303505197205463
1415,78,1493,0.10305030049559803
1409,79,1488,0.10305157441521623
1405,79,1484,0.10306641914182539
1415,80,1495,0.10308866165505687
1424,80,1504,0.10308748285597658
1429,81,1510,0.10306508653390241
1416,81,1497,0.10303363021807428
1402,83,1485,0.10303364113498979
1407,82,1489,0.10306512626016147
1403,81,1484,0.1030851474995115
1405,83,1488,0.10311320724327282
1399,85,1484,0.10313417341734038
1395,88,1483,0.10316672339586613
1421,91,1512,0.10320555344646153
1423,89,1512,0.10318282161490157
1411,91,1502,0.10315796088502147
1398,93,1491,0.10316111983287858
1395,93,1488,0.10319286520101023
1412,92,1504,0.10322940606237133
1408,90,1498,0.10322719541442708
1407,92,1499,0.10323613665220918
1413,91,1504,0.10324612722193155
1417,91,1508,0.10324003990353585
1409,96,1505,0.10322508089398959
1400,96,1496,0.10322895290518293
1400,97,1497,0.10325392747803942
1402,97,1499,0.10327828569797229
1403,97,1500,0.10329700153757827
1395,96,1491,0.10331106374426327
1398,99,1497,0.1033414739270778
1394,97,1491,0.10336110916353086
1392,94,1486,0.10338819924713608
1374,97,1471,0.10341902552598019
1385,100,1485,0.10348893343384605
1377,99,1476,0.10352935822609549
1399,100,1499,0.10358432068001443
1405,97,1502,0.10358581980872401
1403,96,1499,0.10357224644098978
1405,96,1501,0.10356616312238597
1403,94,1497,0.10355749083340669
1396,95,1491,0.10355287902199613
1390,94,1484,0.10356579091040047
1399,97,1496,0.10358906971321007
1396,97,1493,0.1035902255161497
1395,98,1493,0.1035995363504216
1393,103,1496,0.10361049403665476
1382,107,1489,0.10362546493974258
1363,105,1468,0.1036629850780859
1376,105,1481,0.1037425221907435
1376,108,1484,0.10378450030683445
1378,110,1488,0.10382275065923963
1388,111,1499,0.10385414994866883
1386,115,1501,0.10386219546652381
1381,117,1498,0.10387361167302035
1382,120,1502,0.10389593966804572
1385,115,1500,0.10391481464800156
1386,115,1501,0.1039289615066183
1387,114,1501,0.103941270533888
1375,116,1491,0.10394770827791104
1386,117,1503,0.10398170402319021
1406,118,1524,0.10398873788019944
1402,118,1520,0.10394796265278783
1389,121,1510,0.10391980595822325
1362,122,1484,0.10392400218325523
1380,121,1501,0.10398908484902475
1375,124,1499,0.1040086403507053
1376,124,1500,0.10403706322385185
1382,122,1504,0.10406253796607112
1381,116,1497,0.10407105271335655
1387,115,1502,0.1040820977415471
1371,117,1488,0.10407854356644002
1376,116,1492,0.10411105901348934
1370,118,1488,0.10412824368686799
1379,120,1499,0.10415663667493852
1375,120,1495,0.10416322644835123
1363,118,1481,0.1041796180134194
1367,120,1487,0.10422201584227177
1373,121,1494,0.1042536371946245
1364,124,1488,0.10427096541027531
1363,122,1485,0.10430805292322662
1369,124,1493,0.10434224515849158
1367,123,1490,0.10435863182876208
1373,120,1493,0.10437871657818375
1381,123,1504,0.10438313657668083
1374,122,1496,0.10437054729798081
1359,119,1478,0.10437568379027042
1373,123,1496,0.10441516814582479
1379,126,1505,0.10442130185074162
1365,129,1494,0.10441329183962672
1372,128,1500,0.10443858157562946
1373,129,1502,0.10444598120177367
1383,128,1511,0.10444981589046883
1373,132,1505,0.1044308365104758
1377,133,1510,0.10443659903133341
1366,127,1493,0.10443199337667056
1357,131,1488,0.10445203415146116
1357,131,1488,0.10449341661826626
1370,130,1500,0.10453179575244491
1379,138,1517,0.10453807343127591
1376,138,1514,0.10452380919119075
1362,137,1499,0.10451823535648382
1360,139,1499,0.10454544312868823
1361,138,1499,0.10457503081748859
1353,136,1489,0.10459927495681225
1346,135,1481,0.10463968697095445
1344,141,1485,0.10469331985699039
1350,144,1494,0.10474609911736973
1345,148,1493,0.10478208506913315
1357,150,1507,0.10482718140021259
1332,151,1483,0.1048390238008235
1342,152,1494,0.10490759940372094
1335,154,1489,0.10495064586405639
1342,151,1493,0.1050069923296952
1350,144,1494,0.10504218268574857
1336,146,1482,0.10505677687967012
1337,142,1479,0.10510227953876129
1338,146,1484,0.10513994208566867
1348,149,1497,0.10517357516378233
1352,147,1499,0.10517914965885146
1358,148,1506,0.10517765144520974
1348,151,1499,0.10516538600482411
1356,153,1509,0.10517652461205486
1357,152,1509,0.10516555739902231
1350,149,1499,0.1051551915290966
1347,148,1495,0.10516150151724325
1348,149,1497,0.10517359614064845
1346,148,1494,0.10518301700312857
1342,151,1493,0.10519824153800286
1343,148,1491,0.10522255845761075
1346,149,1495,0.10524425178960978
1345,150,1495,0.10525569080201887
1346,150,1496,0.10526744436353441
1339,152,1491,0.10527650541133905
1335,151,1486,0.10530070393326846
1345,148,1493,0.10533079898864266
1342,154,1496,0.1053360529340808
1346,153,1499,0.10535096066079527
1351,156,1507,0.10535334903237664
1344,154,1498,0.10534429971814858
1341,158,1499,0.1053511427118173
1328,159,1487,0.10536582463824011
1326,161,1487,0.10540863786068044
1334,166,1500,0.10545492743277089
1335,167,1502,0.10548129059435193
1347,163,1510,0.10550209895542487
1335,168,1503,0.10549480110668455
1332,170,1502,0.10551606155072964
1326,165,1491,0.10554330982866031
1331,167,1498,0.10558327371819776
1328,169,1497,0.10560926323516259
1320,170,1490,0.10563989562315862
1322,170,1492,0.10568567863949539
1326,174,1500,0.10572312107496633
1324,174,1498,0.10575011211398362
1311,176,1487,0.10577902575893149
1313,179,1492,0.10583431496765897
1313,181,1494,0.10588224749777612
1315,182,1497,0.10592514379006214
1313,177,1490,0.10595990098103217
1309,179,1488,0.10599655222414452
1317,181,1498,0.10604185533333134
1324,179,1503,0.10606657661731972
1313,180,1493,0.10607484785504599
1316,181,1497,0.10610607999905261
1317,188,1505,0.10612577561045806
1314,183,1497,0.10614375620118509
1319,183,1502,0.1061674016172477
1315,183,1498,0.10617741809135618
1314,183,1497,0.10619634527644871
1302,179,1481,0.10621353785180532
1315,177,1492,0.1062551304216452
1322,174,1496,0.10626532883938036
1318,170,1488,0.10625773967010567
1319,173,1492,0.10625962198355111
1303,170,1473,0.10625763635960322
1309,175,1484,0.10629171482947072
1315,176,1491,0.10630807731475041
1323,171,1494,0.10631237466309669
1336,172,1508,0.10629670312669498
1335,179,1514,0.10625264590229819
1315,178,1493,0.10621202701094866
1311,177,1488,0.1062224224199124
1315,179,1494,0.10623942812486482
1319,178,1497,0.10624613043840547
1322,173,1495,0.10624347823777339
1306,169,1475,0.10623539362798798
1302,170,1472,0.10626435866191208
1318,166,1484,0.10630045647871465
1313,170,1483,0.10629727704378751
1313,171,1484,0.10630403463361997
1318,173,1491,0.1063092063993486
1318,171,1489,0.10630173767026524
1317,178,1495,0.10629543178752772
1320,178,1498,0.1062941255018988
1318,180,1498,0.106285365797175
1315,183,1498,0.10628262774319495
1305,186,1491,0.10628697865671172
1295,194,1489,0.10631589778107677
1310,191,1501,0.10636593812447255
1314,191,1505,0.10637892990656823
1308,190,1498,0.10638150736572982
1299,186,1485,0.10639748374661696
1311,190,1501,0.10642948786678637
1304,191,1495,0.10643400322940921
1299,195,1494,0.10645400910686119
1309,196,1505,0.10648437641451183
1314,196,1510,0.1064902870835541
1306,195,1501,0.10648709841857809
1308,198,1506,0.10650036112904948
1309,196,1505,0.10650960187395542
1313,193,1506,0.10651663132610725
1307,196,1503,0.10651493977661954
1302,194,1496,0.10652771300558089
1292,199,1491,0.10655050146650709
1290,201,1491,0.1065932426934613
1295,202,1497,0.10663750272457324
1302,201,1503,0.10666611349857927
1296,197,1493,0.10667698686925785
1307,193,1500,0.1067009598131877
1307,202,1509,0.10669831806424655
1307,202,1509,0.10669569557025635
1302,204,1506,0.1066940424415823
1293,209,1502,0.10670448471598189
1285,211,1496,0.10673442763019363
1274,210,1484,0.10678338803267831
1262,212,1474,0.10685626253290874
1278,219,1497,0.10695153791824225
1274,216,1490,0.10700551660722829
1275,216,1491,0.10706466367736404
1258,218,1476,0.10711596936805763
1268,221,1489,0.10720253015017597
1267,222,1489,0.10726009393758526
1249,224,1473,0.10731569742248442
1258,221,1479,0.10740511551136837
1260,226,1486,0.10746954138460488
1262,226,1488,0.10752549218577494
1254,224,1478,0.10757287296766684
1264,230,1494,0.10763607730195332
1268,226,1494,0.10767141463380153
1268,228,1496,0.10769408131180538
1265,223,1488,0.10771331227799319
1268,228,1496,0.10773916561758312
1268,231,1499,0.10775598159315763
1269,233,1502,0.10777342890531096
1263,239,1502,0.10778928079918941
1272,239,1511,0.10781956036993023
1282,239,1521,0.10782631207089889
1275,236,1511,0.10780854709480828
1279,235,1514,0.10780895188743607
1260,233,1493,0.1078013917958279
1263,234,1497,0.10783643823342004
1257,239,1496,0.10785935188760502
1252,240,1492,0.10789354392254082
1255,241,1496,0.10793640426322217
1266,240,1506,0.1079720429551136
1258,240,1498,0.10797811986661177
1261,247,1508,0.1080023350968395
1267,246,1513,0.10802189120177315
1246,255,1501,0.10802796542187877
1245,258,1503,0.10808078214162935
1240,256,1496,0.10813234706296802
1241,266,1507,0.10819288962600072
1231,265,1496,0.10824866957119499
1223,267,1490,0.10832462846842425
1231,268,1499,0.10841338779709318
1212,267,1479,0.10847690976365626
1225,267,1492,0.10857660705637365
1231,269,1500,0.10864020036061996
1242,269,1511,0.1086867333596619
1230,264,1494,0.10870531123348695
1232,272,1504,0.10874970107496534
1228,273,1501,0.10878435221319809
1224,277,1501,0.10882790582011755
1210,277,1487,0.10887756760286249
1212,272,1484,0.10895592959995916
1220,268,1488,0.10902432017714592
1223,275,1498,0.10907100873603945
1205,278,1483,0.10910607633456167
1210,281,1491,0.10917945043849178
1220,282,1502,0.10923710856240242
1216,282,1498,0.10926897099384547
1210,285,1495,0.10930648546752153
1212,291,1503,0.1093559544940119
1199,290,1489,0.10939709422286002
1209,295,1504,0.10946572823691365
1204,292,1496,0.10950930358171355
1201,293,1494,0.10956217442460986
1195,292,1487,0.10961672815043288
1185,295,1480,0.1096810268013709
1204,297,1501,0.10976358513314008
1202,300,1502,0.10979746182770916
1193,302,1495,0.1098351391892134
1184,304,1488,0.10989009246888745
1171,321,1492,0.10996330993144611
1178,321,1499,0.11006058013980866
1181,324,1505,0.11013426477363993
1183,319,1502,0.11019753715367862
1180,316,1496,0.11025192691059804
1162,325,1487,0.11031206215188125
1161,324,1485,0.11040853555226247
1165,326,1491,0.11049978098116263
1170,324,1494,0.11057657875631605
1163,328,1491,0.1106391683167828
1158,327,1485,0.11070954146085546
1152,328,1480,0.11078725148116163
1152,331,1483,0.11087268551968492
1147,330,1477,0.11095437544170228
1154,331,1485,0.11104274834388614
1157,327,1484,0.11110683968215014
1157,328,1485,0.11115861171803373
1155,333,1488,0.11120369323774583
1157,330,1487,0.11125097996527035
1160,323,1483,0.11129103921199562
1159,327,1486,0.11132218943838396
1159,334,1493,0.1113529680048282
1158,334,1492,0.11137980384491371
1155,339,1494,0.11140806598887948
1152,342,1494,0.1114420355515465
1141,347,1488,0.11148302835930864
1136,348,1484,0.11154886419485777
1124,352,1476,0.11162236569500276
1123,355,1478,0.11171650267732844
1135,362,1497,0.11180834628948594
1138,361,1499,0.1118688119832413
1135,355,1490,0.11191903465100533
1135,352,1487,0.11197233188568859
1138,349,1487,0.1120225918654224
1140,354,1494,0.11206045632222242
1143,354,1497,0.11208752329473405
1133,359,1492,0.11210828855852041
1130,360,1490,0.1121519715100343
1139,359,1498,0.11219866199183215
1150,358,1508,0.11221989281370137
1128,357,1485,0.11221503257286981
1128,355,1483,0.1122582972550512
1133,360,1493,0.11230007112049535
1141,366,1507,0.11232637457973216
1132,369,1501,0.11233445366302465
1138,367,1505,0.11236368543455626
1130,370,1500,0.11237960264061059
1134,363,1497,0.11241067509468744
1125,361,1486,0.11243123106449851
1121,362,1483,0.1124712806325628
1126,366,1492,0.11251682762464746
1129,366,1495,0.11254654971198107
1130,369,1499,0.11256963778058954
1140,369,1509,0.11258783575995558
1139,377,1516,0.11258037573154249
1140,377,1517,0.11257535010398786
1139,378,1517,0.112569576038476
1132,382,1514,0.11256850502615119
1121,383,1504,0.1125856766157245
1111,387,1498,0.11262730318716478
1120,387,1507,0.1126899486465394
1113,390,1503,0.11272909512703552
1111,381,1492,0.11278226800313781
1101,388,1489,0.11283459458844738
1105,381,1486,0.11290693496676722
1114,378,1492,0.11296451637211138
1106,383,1489,0.11299449262011273
1110,383,1493,0.11304235265804657
1114,387,1501,0.11307486522753414
1113,385,1498,0.1130996375318464
1105,389,1494,0.11312636437326183
1094,395,1489,0.11316917785574163
1090,392,1482,0.11323630574867993
1106,392,1498,0.11330740924098945
1107,403,1510,0.11333630148941293
1109,403,1512,0.11336121566934766
1109,400,1509,0.11338077797435385
1095,405,1500,0.11340049112098889
1104,409,1513,0.11345252939390285
1101,413,1514,0.11348054196121535
1093,418,1511,0.11351474261606821
1086,412,1498,0.11356650090255771
1081,406,1487,0.11362836514771496
1072,406,1478,0.11369903443220825
1068,406,1474,0.11378407541876168
1073,410,1483,0.11386938980574893
1074,402,1476,0.11393714231022187
1082,399,1481,0.11399495799360856
1085,404,1489,0.11403097603080958
1074,407,1481,0.11405640663160771
1080,407,1487,0.11410599291188923
1082,418,1500,0.11413862663236468
1068,412,1480,0.114165153390636
1074,418,1492,0.11422145834992627
1087,425,1512,0.11426018690463341
1082,424,1506,0.11426600894794595
1084,424,1508,0.11428566360086023
1085,424,1509,0.11429982007988566
1090,416,1506,0.11431320087583952
1080,413,1493,0.11431387989225747
1080,418,1498,0.11433588599113804
1080,419,1499,0.11435330674896832
1077,419,1496,0.11436955233015599
1084,415,1499,0.11439203916542307
1079,420,1499,0.11439604538912224
1081,418,1499,0.1144100515417459
1074,421,1495,0.11442054390056783
1068,419,1487,0.11444753901879738
1065,427,1492,0.11448790027636553
1057,435,1492,0.11453223815781012
1063,437,1500,0.11459322949207815
1060,434,1494,0.11463781729297072
1056,433,1489,0.11468537922105743
1059,434,1493,0.11474055352755325
1061,438,1499,0.11478526903586307
1069,440,1509,0.11482211210365112
1073,434,1507,0.11483665930733512
1075,436,1511,0.11484115842182571
1066,436,1502,0.11484102092296557
1065,441,1506,0.11486348338552038
1064,437,1501,0.11488378204753705
1073,434,1507,0.11490490665459668
1062,437,1499,0.11490529940596744
1064,447,1511,0.11493204658381721
1058,438,1496,0.11495326686721448
1061,442,1503,0.1149881629547653
1049,443,1492,0.11501430416473463
1049,442,1491,0.11506686149779018
1061,447,1508,0.11511682066019549
1057,447,1504,0.11513230658770478
1060,445,1505,0.1151560715476898
1064,451,1515,0.11517297524813978
1062,450,1512,0.11517999133402299
1045,452,1497,0.11518916377693035
1045,449,1494,0.11523734063226876
1050,442,1492,0.11527993097374893
1056,443,1499,0.11531118560963524
1058,440,1498,0.11532745989210824
1049,440,1489,0.1153347845608086
1034,449,1483,0.11536092996180518
1036,450,1486,0.11541969658318753
1024,449,1473,0.11547131713134327
1030,451,1481,0.11554537592638187
1041,450,1491,0.11560250131464903
1039,452,1491,0.11562867765248454
1038,444,1482,0.11565563088344648
1051,450,1501,0.11568233470054679
1046,443,1489,0.11567522547434753
1051,453,1504,0.1156797839145429
1049,455,1504,0.11567377071153057
1050,459,1509,0.11567376461383205
1053,456,1509,0.11567284278775417
1056,457,1513,0.11566506617396762
1047,454,1501,0.11565004832262843
1053,446,1499,0.11565544204783791
1063,454,1517,0.11564677711476287
1067,452,1519,0.11561595187725233
1056,446,1502,0.1155798024778776
1048,452,1500,0.11557328382906444
1044,453,1497,0.11558593473502941
1053,452,1505,0.11560792610043538
1041,453,1494,0.1156078060149325
1040,455,1495,0.11563651316197544
1052,456,1508,0.11566491482830528
1042,454,1496,0.11566336187279802
1050,466,1516,0.11568296326005019
1049,459,1508,0.11568484529472159
1053,463,1516,0.11569036814168754
1048,461,1509,0.11568532478400709
1030,463,1493,0.11569379944475604
1026,462,1488,0.11574554775567066
1032,465,1497,0.11580176270656395
1032,464,1496,0.11584094139748663
1034,466,1500,0.11587792423530989
1030,462,1492,0.1159057764093113
1035,470,1505,0.11593990902374818
1041,468,1509,0.11595948386480531
1036,468,1504,0.1159607560029462
1033,472,1505,0.11597286875457517
1031,473,1504,0.11599157547660978
1027,468,1495,0.11601475788202052
1030,464,1494,0.11604488171451276
1029,460,1489,0.11606743994156173
1036,461,1497,0.11608787352242039
1036,464,1500,0.11609091194990544
1033,462,1495,0.11609738165204515
1019,467,1486,0.11611245676003257
1014,468,1482,0.11615652500047197
1024,463,1487,0.11620914181551255
1032,472,1504,0.11623047625677398
1033,469,1502,0.11623335946259758
1027,469,1496,0.11623459909652198
1033,473,1506,0.11625064251712516
1040,471,1511,0.11625368068868522
1042,464,1506,0.11623836609874423
1026,467,1493,0.11622103582355965
1033,468,1501,0.11624181672205289
1038,465,1503,0.11624246094985292
1031,468,1499,0.11622799715184921
1029,470,1499,0.11623281516814143
1017,477,1494,0.11624065521179286
1018,479,1497,0.11627599834590883
1014,478,1492,0.11630719361575555
1033,476,1509,0.11634715367055475
1030,475,1505,0.11634154152512803
1027,478,1505,0.1163440197187248
1025,478,1503,0.11635166750916043
1023,485,1508,0.11636575964760634
1016,493,1509,0.11638491331746646
1005,486,1491,0.11641905198490825
1007,494,1501,0.11647744983582067
1010,497,1507,0.11652840224260455
1014,486,1500,0.11656861369002723
1016,486,1502,0.11659839468199444
1010,488,1498,0.11661980336454725
1003,487,1490,0.11665328249844485
1005,493,1498,0.11670192821412348
1010,487,1497,0.11674430618147041
1011,487,1498,0.11677030422351599
1002,484,1486,0.11679328149807722
1004,495,1499,0.1168346278904809
994,498,1492,0.11686589032656844
993,496,1489,0.11692062732844306
991,507,1498,0.1169741395842375
989,503,1492,0.11702968364793684
984,509,1493,0.11708467063056922
987,510,1497,0.11714813765297075
996,510,1506,0.11719981086843054
988,508,1496,0.11722714502305567
991,510,1501,0.1172712807972282
979,507,1486,0.11730739421832975
978,498,1476,0.11736898975480027
982,505,1487,0.11742935181013867
982,505,1487,0.11747460258947552
988,509,1497,0.11751775565037575
987,510,1497,0.11754358211028595
997,518,1515,0.11757156310715709
989,515,1504,0.11757434651855979
983,513,1496,0.1175936797730349
989,516,1505,0.11762414974925091
986,522,1508,0.117639274833505
985,523,1508,0.11766052503017548
971,528,1499,0.11768457290203742
967,525,1492,0.11773952701037226
979,519,1498,0.11780022225133037
983,527,1510,0.11782910110630236
976,525,1501,0.11784915538522178
964,532,1496,0.11788405291925344
968,535,1503,0.11794313162813219
971,538,1509,0.11799113807871425
962,541,1503,0.1180279791339603
967,546,1513,0.11808278453500892
960,549,1509,0.11812142163424187
970,553,1523,0.11817385858993255
964,546,1510,0.11820126135471107
956,548,1504,0.11824383783784087
962,550,1512,0.11830137078863878
955,549,1504,0.11833892081695717
953,545,1498,0.11839276839425203
950,549,1499,0.11844759525289884
940,548,1488,0.11850526890100625
937,552,1489,0.11858596106866803
944,563,1507,0.11866796938186941
933,559,1492,0.11872652765084815
930,555,1485,0.11880630249145102
921,558,1479,0.11888735944253284
939,553,1492,0.11898185921068706
934,564,1498,0.1190294949618414
939,569,1508,0.1190842882922763
933,572,1505,0.1191233088809106
927,561,1488,0.11917244493556384
916,566,1482,0.11923141485927388
916,567,1483,0.1193125049116268
922,568,1490,0.11938712656970508
923,572,1495,0.11944337728895331
922,574,1496,0.1194917939394151
929,574,1503,0.11954206981795645
920,579,1499,0.119573656403056
909,588,1497,0.11962463284999802
921,578,1499,0.11969665822271452
923,574,1497,0.11973437095565007
914,574,1488,0.11976283898285668
912,583,1495,0.11981265976276496
913,586,1499,0.11986519773898827
915,584,1499,0.11991291745772235
921,588,1509,0.11995083198325268
921,594,1515,0.11997268905548973
926,595,1521,0.11999451129964513
926,599,1525,0.12000159267472263
929,598,1527,0.12001074414319758
929,603,1532,0.12001209622843537
917,587,1504,0.12001511262768748
923,580,1503,0.12004517725819987
906,592,1498,0.12006080080788761
904,597,1501,0.12011508912762309
889,598,1487,0.12017035298414008
901,600,1501,0.12025672399879667
905,595,1500,0.12030803627487056
899,608,1507,0.12034674563649257
892,607,1499,0.12039878761395272
895,606,1501,0.12046360516364135
895,607,1502,0.12051837806139516
888,613,1501,0.12056819170470394
895,617,1512,0.12063340278236279
898,615,1513,0.12067345348548181
893,614,1507,0.1207032838352866
894,615,1509,0.12074368381237935
895,617,1512,0.1207812055295619
885,619,1504,0.1208139740033378
885,623,1508,0.12086646253610958
885,617,1502,0.12091701398349652
884,611,1495,0.1209630870272263
893,612,1505,0.12100926009489568
887,611,1498,0.1210321941340349
887,613,1500,0.12106724955587424
886,624,1510,0.1210988828221388
883,629,1512,0.12113211793053386
892,632,1524,0.12117083658104938
890,638,1528,0.12118741465184549
882,633,1515,0.12120505531219457
873,625,1498,0.1212403639899756
875,621,1496,0.12129383110698373
867,635,1502,0.1213398922224282
875,625,1500,0.12140117257762309
866,629,1495,0.12144062158691206
877,631,1508,0.12149906685417314
875,644,1519,0.1215280746454383
869,644,1513,0.12156006615657472
871,638,1509,0.12160358290318701
878,636,1514,0.12164119237731473
867,637,1504,0.12165897512054817
864,649,1513,0.12170042711221558
866,653,1519,0.12174688336447394
866,654,1520,0.12178674519715361
861,656,1517,0.12182514606159152
860,651,1511,0.1218719285123155
854,643,1497,0.12191611414563358
855,642,1497,0.12197181549506869
858,650,1508,0.12202294114819941
858,648,1506,0.12206440775643829
851,650,1501,0.12210208849920905
844,651,1495,0.12215274973747593
839,653,1492,0.12221724597367054
840,652,1492,0.12228869227117733
834,651,1485,0.12235117509386377
825,654,1479,0.122421869912833
822,657,1479,0.12250872514308941
822,674,1496,0.12259484476087501
834,678,1512,0.12267504609530125
831,678,1509,0.12272383322846675
828,683,1511,0.1227745401897954
841,681,1522,0.12283055385484562
834,682,1516,0.1228518592542399
829,688,1517,0.12288836222364771
828,691,1519,0.12293426833390435
812,698,1510,0.1229790376725085
812,692,1504,0.12305794575236816
803,701,1504,0.12313248918976415
813,701,1514,0.12322057128724877
806,698,1504,0.1232813199114382
811,710,1521,0.12335538085979408
800,705,1505,0.12341178254687062
798,706,1504,0.12348944058392831
798,706,1504,0.1235691367947192
801,711,1512,0.12364657797606007
791,709,1500,0.12371233495006109
793,715,1508,0.12378995605107486
788,703,1491,0.12385860367413565
793,703,1496,0.12393485643017035
795,702,1497,0.1239948872175136
802,692,1494,0.12404591364035547
794,700,1494,0.12407736284690712
795,701,1496,0.12412763423326183
800,707,1507,0.12417341620753797
806,711,1517,0.12420312498076307
807,718,1525,0.1242153173302858
811,715,1526,0.12422411917033813
805,714,1519,0.12422522696516214
797,713,1510,0.12424015349993905
793,711,1504,0.12427309607969651
799,720,1519,0.12431398724590427
797,715,1512,0.12433786133148718
797,712,1509,0.12436735376834931
798,712,1510,0.1243943042719702
800,710,1510,0.12441703488870498
793,709,1502,0.1244350574494531
793,724,1517,0.12446926730791473
789,719,1508,0.12450094741004836
797,716,1513,0.12453917851852307
789,724,1513,0.12455578073622998
780,716,1496,0.12458879557277164
765,716,1481,0.12464009728085855
770,715,1485,0.12472142752938503
772,728,1500,0.1247875616017853
779,726,1505,0.12484501710940651
772,722,1494,0.12487832045638843
771,730,1501,0.12492575669047486
785,721,1506,0.1249723892923155
782,730,1512,0.12498423008018607
781,741,1522,0.1250016093897347
774,725,1499,0.1250229887434728
773,726,1499,0.12505786556897985
772,728,1500,0.12509210334780502
774,731,1505,0.1251278967806959
776,738,1514,0.1251577646725188
776,735,1511,0.12518004558179935
771,737,1508,0.12519988058085021
769,746,1515,0.12522896860411994
766,740,1506,0.12526203346449155
767,740,1507,0.12529961361488146
771,739,1510,0.1253307960483182
770,734,1504,0.12535356472745288
771,741,1512,0.1253762503884242
766,742,1508,0.12539483899601314
761,743,1504,0.12542437917724883
762,749,1511,0.1254659893025541
760,749,1509,0.12550405378384477
768,748,1516,0.12554572842695097
769,747,1516,0.1255672245922187
755,742,1497,0.12558530247531702
755,750,1505,0.12563334352521846
746,760,1506,0.12567835758209353
748,753,1501,0.12574085743442656
744,755,1499,0.12579377890213628
752,754,1506,0.1258530778810279
745,754,1499,0.1258879546732662
744,753,1497,0.12593940365582165
742,761,1503,0.12598849754372834
741,759,1500,0.1260363664915171
738,769,1507,0.1260826914492383
738,757,1495,0.12613144720843525
739,761,1500,0.12617926457350123
737,757,1494,0.12622100049968357
738,757,1495,0.12626369088198236
738,755,1493,0.12630071649791394
744,755,1499,0.1263378527622949
739,762,1501,0.12635563297428834
742,766,1508,0.12638485062010407
744,761,1505,0.12640437951150116
744,762,1506,0.12641992276209563
737,766,1503,0.1264312704738545
744,763,1507,0.12645885017664835
736,765,1501,0.1264690038804395
739,764,1503,0.1264967731308404
739,769,1508,0.12651524959525254
737,776,1513,0.1265342405232394
731,767,1498,0.12655707530523166
740,773,1513,0.12659257910442495
731,772,1503,0.126603372408516
733,760,1493,0.12663512144436698
728,766,1494,0.12665778840049804
717,762,1479,0.12669245698005938
726,768,1494,0.1267508108991585
730,765,1495,0.12678045990528986
734,776,1510,0.12679710913735243
739,768,1507,0.12680351212191987
745,759,1504,0.126797652682845
741,753,1494,0.12677747254378138
747,755,1502,0.12676940999490002
738,758,1496,0.1267465693785708
741,770,1511,0.12674518255611084
741,770,1511,0.12673810915997705
736,770,1506,0.12672924774942426
745,778,1523,0.12673354868919987
738,781,1519,0.12671739892938455
746,783,1529,0.1267215586007248
737,762,1499,0.12670810937611962
739,757,1496,0.12671883160422578
739,755,1494,0.12672304678659366
735,767,1502,0.12672613655734438
735,765,1500,0.1267375266506034
727,763,1490,0.1267476876694819
735,764,1499,0.1267756492664476
740,757,1497,0.12678311405034975
739,769,1508,0.12677740476574698
739,766,1505,0.1267771666036475
744,770,1514,0.1267779621694368
742,773,1515,0.12676614714276746
728,782,1510,0.12676189449881278
726,783,1509,0.12679182324689442
722,792,1514,0.12682127842643362
715,789,1504,0.12685719752603025
720,781,1501,0.12690613378959115
721,789,1510,0.12694059101809466
721,789,1510,0.12696989316033355
726,791,1517,0.12699924530156356
730,790,1520,0.12701424534685357
716,787,1503,0.12702062041036288
706,787,1493,0.1270580972027701
715,785,1500,0.12711782755945072
707,786,1493,0.12715327414618383
717,771,1488,0.12720392539964595
710,791,1501,0.12722749971119132
711,799,1510,0.12726686648423832
708,802,1510,0.12730152082175003
714,802,1516,0.12734083837819563
717,802,1519,0.12736521486685765
724,798,1522,0.12738018353564098
720,800,1520,0.12737867448051246
725,787,1512,0.12738633602205074
715,790,1505,0.12737999638757586
702,796,1498,0.12739541720646197
703,779,1482,0.12744097626846218
705,785,1490,0.12748285363009149
708,783,1491,0.12751837421995588
711,790,1501,0.1275448467773816
705,791,1496,0.1275625955703806
703,798,1501,0.1275910915935817
704,795,1499,0.12762356069667402
701,803,1504,0.12765094045354938
695,803,1498,0.12768364674689278
691,814,1505,0.1277279499196052
687,822,1509,0.12778089327973755
685,819,1504,0.12784153904844747
686,822,1508,0.12790145113430287
691,830,1521,0.12795393395323829
688,831,1519,0.1279900509020242
677,838,1515,0.12803250986825554
676,830,1506,0.12809818741522797
675,840,1515,0.12816150230561504
679,846,1525,0.12822373333690215
681,838,1519,0.12827279055441396
682,848,1530,0.1283145605349584
683,838,1521,0.12835209178312162
673,834,1507,0.12838393620593283
679,835,1514,0.12843766874306858
679,838,1517,0.12847044821689305
666,833,1499,0.12850357513700636
663,825,1488,0.12856496841948395
667,825,1492,0.12863000001005198
664,825,1489,0.1286817777208379
660,834,1494,0.12873695879564154
668,832,1500,0.12879798424463998
667,836,1503,0.12883356650302813
666,839,1505,0.1288703994593626
656,849,1505,0.12890796638206783
658,848,1506,0.12896736417555124
649,847,1496,0.12901876820563363
639,849,1488,0.12908792165725524
641,856,1497,0.1291754437365972
635,860,1495,0.12925372054711265
628,877,1505,0.12934108118512166
623,883,1506,0.1294379026486104
619,888,1507,0.1295400370273689
619,888,1507,0.12964548201861842
613,892,1505,0.12974297217811695
624,886,1510,0.12984988473994974
623,880,1503,0.1299220472407531
630,877,1507,0.12999230266036413
633,889,1522,0.1300397157606432
618,889,1507,0.13007721450387563
618,901,1519,0.13014900350387143
621,904,1525,0.13021585605021552
619,899,1518,0.13027218455577821
605,901,1506,0.1303289454538817
606,902,1508,0.13041431912696486
611,908,1519,0.13049273899678726
602,917,1519,0.13055396365426383
601,916,1517,0.1306337750378874
596,915,1511,0.13071119098105485
596,913,1509,0.130795884305817
591,916,1507,0.13087568749232387
600,920,1520,0.13095925341809556
591,919,1510,0.13101666454189378
593,929,1522,0.13109155698175537
585,921,1506,0.1311581069049157
583,915,1498,0.13124004925722052
581,917,1498,0.13131944762638562
578,919,1497,0.13139687551861418
592,926,1518,0.13147201040164228
590,921,1511,0.13150924249971901
585,933,1518,0.13154912008495598
581,928,1509,0.13159784016294998
573,926,1499,0.13165513242204147
570,933,1503,0.13172759288548405
571,923,1494,0.13180037085296173
576,932,1508,0.13186278968057877
573,927,1500,0.13191176731466306
578,929,1507,0.13196260766270956
586,931,1517,0.13200007717074996
584,934,1518,0.13201563069311878
571,923,1494,0.13203530197392607
573,929,1502,0.13208529408537223
568,934,1502,0.1321277245642676
577,934,1511,0.13217972661845656
576,939,1515,0.13220364664238665
582,934,1516,0.13222822082333532
580,923,1503,0.13223553172804717
576,933,1509,0.13224527600779168
570,934,1504,0.13226573251543916
567,945,1512,0.13230247435959766
566,946,1512,0.13234613710167684
564,952,1516,0.13239117287884067
561,958,1519,0.13243687808491578
565,949,1514,0.13248851973707126
565,948,1513,0.13252477282160308
561,954,1515,0.13256210952484093
555,953,1508,0.13260726162714048
551,945,1496,0.132663868409849
561,949,1510,0.13272651596433335
562,946,1508,0.1327641326209748
564,943,1507,0.13279569959319423
558,946,1504,0.1328185539646775
553,950,1503,0.13285577464196968
558,957,1515,0.13290022358333942
544,951,1495,0.1329271627130214
538,958,1496,0.13298757969740604
541,970,1511,0.13305886031987307
541,966,1507,0.13311836497276075
545,967,1512,0.13317428426739872
548,966,1514,0.13321709890183495
546,971,1517,0.1332496318963736
541,971,1512,0.1332844820444196
538,961,1499,0.13332948888547708
538,967,1505,0.13338050800780007
534,953,1487,0.1334267898278476
534,973,1507,0.13347959190896974
530,985,1515,0.13352930149756945
528,984,1512,0.1335852890355014
536,979,1515,0.1336426366757721
533,977,1510,0.13367691819738595
531,979,1510,0.13371507637661822
538,990,1528,0.133755181385672
545,975,1520,0.13377457989006472
542,976,1518,0.13377758494856262
540,974,1514,0.13378683007789044
536,979,1515,0.13380093990773947
538,988,1526,0.1338244612843118
540,986,1526,0.13384279577520086
533,975,1508,0.13385311273602313
538,986,1524,0.13388065146187222
535,991,1526,0.1338919933819961
540,991,1531,0.13391043745024261
531,982,1513,0.13391758608350193
526,980,1506,0.13394682737265096
527,987,1514,0.13398703560697706
518,983,1501,0.13401906115846499
512,987,1499,0.13406870835162227
512,974,1486,0.13412854118668696
515,970,1485,0.13418519629274994
517,994,1511,0.13422806196797107
514,996,1510,0.13426481986704167
515,994,1509,0.13430548489710567
502,988,1490,0.13434191296420872
507,998,1505,0.13440622090141574
503,997,1500,0.13445569244939826
506,1004,1510,0.13451238398996446
509,1010,1519,0.13455711471914536
517,1004,1521,0.13459230452249626
500,1008,1508,0.13460683559258202
497,1011,1508,0.1346614992627762
507,1007,1514,0.1347202571979852
503,1012,1515,0.13475260323334468
505,1005,1510,0.13479182625985056
507,1007,1514,0.13482485901316427
502,1020,1522,0.13485133983713365
493,1022,1515,0.1348899210218967
491,1035,1526,0.13494818251681415
487,1027,1514,0.13500678427498092
485,1033,1518,0.1350702123118422
482,1026,1508,0.13513203571427101
481,1029,1510,0.13519807558104407
474,1018,1492,0.13526354074132071
470,1021,1491,0.1353399565214388
474,1027,1501,0.13542021579466837
485,1031,1516,0.1354851454162696
481,1028,1509,0.13551842288915408
485,1025,1510,0.13555685401679377
484,1021,1505,0.13558505876194968
477,1019,1496,0.13561428062768754
486,1022,1508,0.13565709641545617
478,1023,1501,0.13567617770521856
479,1025,1504,0.1357141378539212
483,1041,1524,0.13574537426455052
479,1038,1517,0.13576433742680316
478,1043,1521,0.1357939704184835
476,1047,1523,0.13582400421848245
478,1030,1508,0.13585707508488987
475,1026,1501,0.13588245977198643
479,1028,1507,0.13591478184457118
474,1033,1507,0.13593445698155202
472,1032,1504,0.13596274560251312
479,1037,1516,0.13599448914661244
475,1036,1511,0.13600898105734824
471,1041,1512,0.13603338212381694
469,1054,1523,0.13606514030490208
464,1048,1512,0.13609972289641134
456,1047,1503,0.13614485330718967
463,1054,1517,0.1362067659095458
456,1046,1502,0.13624661802965235
450,1057,1507,0.13630076217699308
456,1052,1508,0.13636528639839948
456,1051,1507,0.13640996877630862
459,1050,1509,0.13645291092814524
448,1053,1501,0.136486788208963
454,1060,1514,0.13654555392637704
451,1067,1518,0.1365860859903245
451,1070,1521,0.13663111216798612
454,1064,1518,0.13667408228091937
450,1061,1511,0.13670566538999715
454,1056,1510,0.13674527505165962
451,1051,1502,0.13677261184501174
446,1048,1494,0.1368047085903814
448,1069,1517,0.13684755250327843
448,1067,1515,0.13687908507937588
452,1074,1526,0.13690894728545303
451,1065,1516,0.13692759426297335
447,1072,1519,0.13694605710928628
443,1066,1509,0.1369748177818352
442,1080,1522,0.1370108735059272
432,1075,1507,0.13704853654396698
432,1067,1499,0.13710667726512388
429,1075,1504,0.13715913252407488
432,1070,1502,0.13721575282221685
433,1070,1503,0.1372621677032937
429,1078,1507,0.137304604264809
426,1076,1502,0.1373497914742345
421,1079,1500,0.1374011110866453
423,1076,1499,0.13746004542590512
426,1081,1507,0.1375120530426372
423,1076,1499,0.1375528728688408
418,1081,1499,0.13759850193271445
423,1087,1510,0.1376526923203734
415,1088,1503,0.1376914778381647
415,1088,1503,0.1377464314051806
420,1095,1515,0.137797401736795
416,1102,1518,0.13783231069149696
408,1089,1497,0.1378750713665629
409,1077,1486,0.1379325091769013
407,1081,1488,0.1379846438041853
405,1086,1491,0.1380372268091071
411,1078,1489,0.138092587999139
410,1081,1491,0.13813082419831108
405,1089,1494,0.1381683630025379
408,1088,1496,0.13821409403562013
409,1087,1496,0.13824938605170822
413,1090,1503,0.13827834412938694
421,1085,1506,0.13829462248941632
417,1073,1490,0.13829141797809996
424,1084,1508,0.13830051531956522
421,1087,1508,0.13829038662096155
417,1092,1509,0.13828759626991244
421,1088,1509,0.13829574099722475
417,1090,1507,0.13829343508797623
413,1087,1500,0.13830040125345078
412,1094,1506,0.13831711249873668
410,1104,1514,0.13833583573222605
407,1110,1517,0.13835773735174167
408,1099,1507,0.13838727333167156
401,1098,1499,0.13841405810414809
400,1108,1508,0.13845584261354701
398,1108,1506,0.1384961791580601
402,1104,1506,0.13854058086790513
399,1102,1501,0.13857057701063735
391,1108,1499,0.13860608882932632
401,1112,1513,0.13865891880489353
401,1118,1519,0.13868253979185036
398,1122,1520,0.1387055083465018
397,1124,1521,0.13873443954972228
400,1129,1529,0.13876331042326162
398,1132,1530,0.1387844301951745
392,1118,1510,0.1388107255527326
394,1126,1520,0.13884760831716164
401,1116,1517,0.13887995726437843
396,1112,1508,0.1388929184385848
397,1101,1498,0.13891673777401056
396,1103,1499,0.13893466461114237
390,1111,1501,0.1389563238835429
387,1114,1501,0.1389901598589819
389,1117,1506,0.1390309382037827
390,1125,1515,0.13906442256229606
395,1118,1513,0.1390946623270742
390,1125,1515,0.13910978345179892
386,1128,1514,0.13913720296479848
388,1133,1521,0.13917155771412001
388,1133,1521,0.1391980243454228
390,1128,1518,0.13922106420344696
383,1128,1511,0.13923882227131532
379,1121,1500,0.13927309671156476
381,1117,1498,0.13931334186547617
382,1127,1509,0.13934581458893366
386,1124,1510,0.13937421928005128
384,1114,1498,0.13939189423651535
387,1111,1498,0.139413016522284
381,1107,1488,0.13942475043144337
385,1116,1501,0.13945089420604234
388,1116,1504,0.1394666018832324
386,1122,1508,0.1394716306696155
388,1125,1513,0.139480960252282
388,1131,1519,0.1394845822084657
394,1128,1522,0.1394881004087724
386,1124,1510,0.1394773029851958
389,1124,1513,0.13948834879105462
384,1124,1508,0.13949239949896391
386,1117,1503,0.13950821634747312
388,1120,1508,0.13951820136187582
390,1119,1509,0.1395212415760369
391,1119,1510,0.13951914522190415
394,1132,1526,0.13951423890410236
392,1128,1520,0.13950372158748625
391,1134,1525,0.13949936996837192
390,1123,1513,0.1394965421959781
393,1120,1513,0.13949654227171432
397,1117,1514,0.13948926070724185
393,1118,1511,0.13947181846983722
395,1126,1521,0.13946588438145655
392,1129,1521,0.13945590897065643
389,1118,1507,0.1394522680811582
393,1120,1513,0.1394563285343951
396,1111,1507,0.13945106537272578
396,1112,1508,0.13943890536555745
393,1118,1511,0.13942699879026893
388,1129,1517,0.13942497365875284
388,1123,1511,0.13943623323194443
386,1110,1496,0.1394466904637892
384,1119,1503,0.1394588724126165
386,1126,1512,0.1394764404247087
386,1118,1504,0.13948898990704847
390,1126,1516,0.13950094622498468
390,1107,1497,0.1395020986955865
391,1117,1508,0.13950359796596967
386,1118,1504,0.1395003180068807
386,1110,1496,0.13950634330259326
386,1119,1505,0.1395116481480078
386,1131,1517,0.13951826553391505
387,1138,1525,0.13952418293004956
392,1136,1528,0.1395278087167116
391,1141,1532,0.13952036121482553
393,1135,1528,0.13951629262606122
390,1134,1524,0.1395076139809286
388,1133,1521,0.1395060702966694
385,1135,1520,0.13951036786230417
384,1137,1521,0.13952247707156584
385,1137,1522,0.13953700706477176
381,1132,1513,0.13954868190825434
378,1127,1505,0.13956839331829385
378,1131,1509,0.13959448134265504
377,1124,1501,0.13961879919975373
377,1124,1501,0.1396412371194272
378,1121,1499,0.13966034519059042
375,1122,1497,0.13967731498492258
379,1126,1505,0.13969993994320165
377,1127,1504,0.13971204724199995
374,1132,1506,0.13972892915201046
377,1130,1507,0.13975252205955785
383,1131,1514,0.13976785119519794
380,1138,1518,0.13976720015834562
382,1142,1524,0.1397742057501937
379,1145,1524,0.13977536864746068
372,1136,1508,0.1397821460595913
377,1137,1514,0.13980628979839313
380,1133,1513,0.13981584264554037
378,1135,1513,0.13981846278610802
377,1136,1513,0.13982474327629185
381,1131,1512,0.13983183124954202
376,1121,1497,0.13982796305131123
375,1116,1491,0.13983584387544917
375,1118,1493,0.13984494739220565
376,1124,1500,0.13985635969312438
376,1137,1513,0.13986638220815184
375,1142,1517,0.13987451903962875
378,1129,1507,0.13988432683229385
369,1138,1507,0.13988354724606433
367,1135,1502,0.139904823655959
365,1137,1502,0.13992907556021622
363,1143,1506,0.13995821820230295
366,1144,1510,0.13998987857572634
365,1142,1507,0.14001409043689084
371,1146,1517,0.14003899858883204
377,1155,1532,0.14004957076232702
376,1149,1525,0.14004286178202094
369,1149,1518,0.1400386060089566
373,1155,1528,0.14005320032631066
374,1159,1533,0.14005633352657954
374,1150,1524,0.14005687153453722
366,1147,1513,0.14005816197933996
363,1161,1524,0.1400792510465591
363,1154,1517,0.14010722242264706
362,1156,1518,0.1401349129228004
353,1150,1503,0.1401643413406557
350,1154,1504,0.1402132852760279
351,1149,1500,0.14026619928058964
344,1158,1502,0.14031267180221316
341,1159,1500,0.14037143395611917
342,1160,1502,0.14043456274425486
341,1163,1504,0.14049159639597797
345,1166,1511,0.14054738929982238
343,1166,1509,0.1405901637837767
348,1169,1517,0.14063565242526274
344,1178,1522,0.14066844573737244
343,1175,1518,0.1407064078632832
332,1181,1513,0.14074316456416233
329,1182,1511,0.14080444758558897
324,1180,1504,0.14087040323451835
324,1192,1516,0.14094376378090984
320,1190,1510,0.1410128608996111
322,1191,1513,0.14108645586167892
321,1196,1517,0.14115156461655953
318,1189,1507,0.14121585050723404
316,1185,1501,0.1412832890305105
308,1199,1507,0.1413512646500494
314,1203,1517,0.1414346522179143
314,1213,1527,0.14149697879633588
313,1199,1512,0.1415542531449605
310,1189,1499,0.14160807046640378
312,1190,1502,0.14166546846317193
314,1180,1494,0.14171470338013747
319,1194,1513,0.14175480765401952
320,1176,1496,0.14177868159337753
323,1190,1513,0.1417972394274009
318,1198,1516,0.1418075128738966
315,1203,1518,0.14182885405914955
321,1192,1513,0.1418567858282878
325,1200,1525,0.14186929003440324
327,1209,1536,0.14187152003016978
319,1199,1518,0.14186773323442026
325,1198,1523,0.14188392329008714
324,1183,1507,0.1418827086885684
322,1188,1510,0.14188296075978502
317,1205,1522,0.14188945862078722
316,1201,1517,0.14190577653232997
320,1202,1522,0.14192346517010276
320,1197,1517,0.14192884235147724
317,1189,1506,0.14193268832347544
320,1188,1508,0.14194182803572983
323,1192,1515,0.14194589356861814
322,1185,1507,0.14194402726484065
318,1188,1506,0.1419457610977467
321,1196,1517,0.1419563930467991
321,1200,1521,0.14196081932327853
321,1196,1517,0.14196542233568463
327,1191,1518,0.1419698544058472
320,1185,1505,0.14195769490979265
322,1182,1504,0.14196185787890958
317,1183,1500,0.14196186949616857
317,1194,1511,0.1419759975269059
320,1184,1504,0.1419891818784654
316,1184,1500,0.14199452971167306
320,1195,1515,0.14200785374496155
316,1201,1517,0.14201224600141293
320,1198,1518,0.1420263970752361
319,1196,1515,0.14203026218037018
315,1186,1501,0.14203633477096403
307,1196,1503,0.1420516938276363
306,1212,1518,0.14208566953526966
307,1221,1528,0.14211839257921224
311,1220,1531,0.14214707765585488
311,1218,1529,0.14216132066463166
310,1215,1525,0.1421745162935823
316,1202,1518,0.14218922351465732
314,1207,1521,0.14218997167572073
317,1196,1513,0.142196745767046
317,1194,1511,0.14219472944874964
315,1202,1517,0.14219057128327928
315,1193,1508,0.14218983242381322
315,1191,1506,0.14218700940153092
312,1191,1503,0.1421866157509475
313,1195,1508,0.14219376219728808
315,1197,1512,0.1421977618334472
310,1206,1516,0.14219972456551794
309,1221,1530,0.14221506132839618
304,1219,1523,0.14223270503907293
306,1217,1523,0.14226196346947229
304,1217,1521,0.14228289079519219
301,1212,1513,0.14230383159156434
299,1206,1505,0.14233184354122963
296,1216,1512,0.14236084605759905
303,1219,1522,0.1423959961601112
300,1220,1520,0.14241259982280244
297,1220,1517,0.14243519949582162
295,1226,1521,0.1424642115089839
298,1220,1518,0.14249484273216634
300,1230,1530,0.142517261597846
294,1220,1514,0.1425332028800113
289,1223,1512,0.14256422961566106
288,1224,1512,0.1426064131397224
283,1219,1502,0.1426473682311023
283,1214,1497,0.14269732955373943
278,1216,1494,0.14274586691453972
273,1215,1488,0.14280338476095708
272,1228,1500,0.1428686131875377
278,1224,1502,0.1429308182678533
272,1227,1499,0.1429752716389273
276,1235,1511,0.14303252738361624
276,1237,1513,0.14307812797930086
277,1229,1506,0.1431206974683548
277,1218,1495,0.1431584910427803
277,1241,1518,0.14319307681989699
275,1240,1515,0.14322628237234014
276,1234,1510,0.1432613197008776
278,1238,1516,0.14329057709521592
276,1243,1519,0.14331302050105213
273,1241,1514,0.1433408827869733
269,1247,1516,0.1433723257241121
267,1245,1512,0.14341317387572133
261,1246,1507,0.14345749968505384
267,1245,1512,0.1435129612096002
260,1245,1505,0.1435504254001084
259,1250,1509,0.14360279566167347
259,1253,1512,0.14365441273338775
253,1267,1520,0.14370305329010175
255,1271,1526,0.14376361446171568
252,1268,1520,0.14381590693428625
251,1255,1506,0.14387235552515612
254,1258,1512,0.1439256060844081
252,1262,1514,0.14396916001608834
249,1257,1506,0.144013247796617
249,1257,1506,0.14406226071277625
249,1255,1504,0.1441083781209658
252,1256,1508,0.14415018933883583
256,1257,1513,0.14418275396615704
260,1259,1519,0.1442038492781775
253,1253,1506,0.14421096153036023
253,1247,1500,0.14423491919040304
246,1249,1495,0.14425791193492254
256,1262,1518,0.14429800489188988
253,1272,1525,0.14431138947109484
251,1261,1512,0.14433244405729828
255,1258,1513,0.1443578588657633
248,1245,1493,0.14437092344473915
248,1241,1489,0.1443994253988369
243,1274,1517,0.1444256293493817
248,1271,1519,0.14446290549893612
247,1267,1514,0.14448574832980138
248,1264,1512,0.14450832597972454
250,1279,1529,0.14452748137660726
242,1278,1520,0.14454160959927528
238,1281,1519,0.14457575244903365
241,1286,1527,0.1446177235787719
241,1272,1513,0.14464994728001263
244,1282,1526,0.14467729718421038
242,1278,1520,0.14469693061871441
245,1282,1527,0.14472049336833404
247,1283,1530,0.14473468519060284
250,1263,1513,0.14474171380977655
251,1265,1516,0.1447408852148009
256,1260,1516,0.14473786986812137
255,1263,1518,0.14472257325300156
255,1265,1520,0.1447116854959553
251,1269,1520,0.14470354454391005
250,1265,1515,0.14470632725149485
255,1262,1517,0.1447123212826248
253,1256,1509,0.14470536369151704
251,1266,1517,0.1447024700385381
254,1266,1520,0.1447046238977037
252,1250,1502,0.14469995174540842
254,1262,1516,0.14470016061324045
252,1256,1508,0.1446917606658224
256,1255,1511,0.14468942466651297
254,1253,1507,0.14467733383382295
252,1258,1510,0.14467148646707068
255,1263,1518,0.14467000924605988
255,1254,1509,0.14466290725547815
251,1251,1502,0.14465633540625691
253,1258,1511,0.14466162683079362
258,1260,1518,0.144662525460149
256,1265,1521,0.14465053465820707
256,1265,1521,0.1446436377104337
257,1254,1511,0.14463599933200405
246,1252,1498,0.1446267272199876
248,1255,1503,0.14464484250581006
256,1261,1517,0.1446574842378857
259,1253,1512,0.1446471425311008
255,1257,1512,0.14463013060381805
255,1279,1534,0.14462331132830586
256,1276,1532,0.14461701525185489
254,1262,1516,0.1446100554362524
251,1260,1511,0.14460922195027032
257,1259,1516,0.1446160818932261
257,1265,1522,0.14460648049603275
256,1266,1522,0.1445988286694609
255,1261,1516,0.14459400143285656
252,1262,1514,0.14459292801168913
248,1266,1514,0.1445992478945371
251,1258,1509,0.1446146752843693
251,1269,1520,0.14462171097117227
252,1272,1524,0.1446283399412882
250,1267,1517,0.14463173376358587
256,1261,1517,0.14464001001042026
252,1260,1512,0.14463310235754082
250,1253,1503,0.14463521675405677
247,1262,1509,0.14464160448739494
250,1262,1512,0.1446548051772063
250,1264,1514,0.14466020220449752
249,1262,1511,0.14466590900454804
248,1261,1509,0.14467285240746203
245,1258,1503,0.14468199925065425
243,1264,1507,0.14469777460664168
245,1270,1515,0.14471824624932286
250,1254,1504,0.1447330466675986
250,1265,1515,0.1447343808846768
248,1254,1502,0.144736130863187
251,1263,1514,0.1447408134868007
256,1270,1526,0.1447389861254521
251,1259,1510,0.14472476407902815
248,1257,1505,0.14472211839370114
253,1254,1507,0.14472620423791274
259,1270,1529,0.1447178987476489
252,1259,1511,0.14469532718808498
252,1264,1516,0.14469182273043152
244,1277,1521,0.14468858320089112
249,1275,1524,0.14470468630964817
246,1277,1523,0.1447106267283977
245,1269,1514,0.14472439122183078
246,1273,1519,0.14474076282766485
238,1259,1497,0.1447523561118234
243,1265,1508,0.14478176187413444
243,1259,1502,0.1447971839273193
245,1272,1517,0.14481227785358183
240,1273,1513,0.14482136900890866
239,1275,1514,0.144842010454612
242,1277,1519,0.14486478125855798
243,1271,1514,0.14487857596975062
244,1279,1523,0.14488983518203055
244,1276,1520,0.14489811055261595
242,1273,1515,0.14490658027040124
235,1269,1504,0.14491958592522092
231,1265,1496,0.14494727212840644
234,1271,1505,0.1449811705936375
234,1270,1504,0.14500298457629632
235,1274,1509,0.14502315688967093
237,1278,1515,0.14504035780733815
233,1272,1505,0.145050478369461
233,1278,1511,0.14506892245144154
231,1291,1522,0.14508770549060349
225,1287,1512,0.1451109335171693
224,1293,1517,0.14514670076664973
220,1299,1519,0.14518268630954936
221,1307,1528,0.14522525619511156
221,1305,1526,0.14526294011731333
223,1305,1528,0.14529922307990908
223,1280,1503,0.14532922504977108
223,1284,1507,0.14535675036061269
222,1281,1503,0.14538262025757703
218,1292,1510,0.14540896503385486
215,1284,1499,0.14544319772819475
215,1292,1507,0.14548334750353384
215,1300,1515,0.1455209137611311
216,1298,1514,0.14555505536339156
217,1291,1508,0.145585727134405
219,1274,1493,0.1456111681653829
219,1270,1489,0.14562993320126139
215,1289,1504,0.14564569539162422
215,1294,1509,0.14566978774221817
214,1281,1495,0.145693412537916
212,1284,1496,0.14571759936556267
213,1292,1505,0.1457454985014
211,1285,1496,0.14577035197254445
206,1298,1504,0.1457963996808511
209,1297,1506,0.14583191445996008
206,1304,1510,0.14585787535134118
206,1314,1520,0.14588970041369503
206,1302,1508,0.14591964649830008
204,1315,1519,0.1459473004872754
209,1312,1521,0.14597726601239022
211,1308,1519,0.14599281644908346
209,1311,1520,0.14600234738856321
208,1292,1500,0.1460169630881077
207,1289,1496,0.1460321669246324
209,1315,1524,0.14604811789112582
204,1315,1519,0.14605833791387696
206,1319,1525,0.1460780557503923
205,1324,1529,0.14609203375112303
207,1321,1528,0.14610806179494534
204,1321,1525,0.14611752675925216
207,1308,1515,0.14613464257647993
213,1308,1521,0.14614352866928326
208,1309,1517,0.14613681487384422
202,1300,1502,0.14614421677279466
203,1297,1500,0.1461659193365268
200,1315,1515,0.14618394503003682
201,1319,1520,0.1462083015514237
204,1323,1527,0.1462290346802719
201,1315,1516,0.14624081601616118
205,1318,1523,0.14625950083767292
206,1318,1524,0.14626719708972977
207,1320,1527,0.1462725359982642
207,1314,1521,0.14627649022906894
205,1303,1508,0.14628083111130322
199,1290,1489,0.14628659747298478
204,1295,1499,0.146305667458578
210,1311,1521,0.14631066529438386
213,1309,1522,0.1463010199332624
216,1316,1532,0.14628608420145803
212,1321,1533,0.14626463536956186
207,1301,1508,0.1462533715427018
211,1293,1504,0.14625705292527139
216,1300,1516,0.14625143596411141
216,1297,1513,0.14623481726827417
218,1303,1521,0.1462167753855914
219,1299,1518,0.14619705509316677
221,1306,1527,0.14617557736294157
219,1303,1522,0.14615130465064138
218,1297,1515,0.14613291410976825
216,1293,1509,0.14611836072047815
218,1284,1502,0.14610890864937023
223,1289,1512,0.1460924445154055
215,1292,1507,0.14606512943284936
217,1290,1507,0.14605903441830811
214,1295,1509,0.14604893011576991
214,1292,1506,0.1460473191203148
216,1302,1518,0.14604549961408983
209,1307,1516,0.14603917403656905
208,1298,1506,0.1460491869953686
207,1306,1513,0.14606160195552076
203,1299,1502,0.14607708360311977
209,1294,1503,0.14610071138927236
208,1309,1517,0.14610873607172584
207,1296,1503,0.14611853754541757
207,1302,1509,0.14613002002957853
208,1299,1507,0.14614174875084296
206,1311,1517,0.1461506656353558
204,1305,1509,0.14616438307937715
197,1308,1505,0.14618187210697262
205,1307,1512,0.14621497006790385
205,1304,1509,0.14622693120203015
199,1312,1511,0.1462374813839096
205,1321,1526,0.14626184195292868
205,1306,1511,0.14626917272755358
206,1314,1520,0.1462765978942868
204,1317,1521,0.14628187659280364
200,1305,1505,0.14629198362599158
200,1316,1516,0.14631153328591562
198,1324,1522,0.14632985968618362
201,1327,1528,0.14635153387029395
204,1324,1528,0.14636496366300825
198,1311,1509,0.1463681915258538
195,1308,1503,0.14638630334974556
193,1323,1516,0.14640974398785897
193,1317,1510,0.1464365651221523
192,1321,1513,0.1464620785588744
193,1314,1507,0.14648864724901142
194,1300,1494,0.14651130510355806
193,1299,1492,0.146528844163087
194,1305,1499,0.1465463205755374
194,1300,1494,0.14656022049202
190,1320,1510,0.1465728391578517
188,1315,1503,0.14659383764615577
193,1317,1510,0.1466189028011823
191,1314,1505,0.14662661154236012
199,1319,1518,0.14663941654499235
197,1324,1521,0.1466329514444585
193,1326,1519,0.14663214465522845
189,1324,1513,0.14664218436154472
193,1324,1517,0.14666198413908899
195,1319,1514,0.1466709958531251
196,1322,1518,0.14667340464070594
197,1308,1505,0.14667275080566836
198,1312,1510,0.1466708467312036
203,1313,1516,0.14666738727284145
205,1309,1514,0.14665155654220713
197,1298,1495,0.14663231331754267
197,1295,1492,0.14663294363682153
191,1301,1492,0.14663471327410924
193,1317,1510,0.14664979145797463
190,1318,1508,0.14666101826557695
193,1328,1521,0.14667842080061952
191,1328,1519,0.14668903248717632
190,1328,1518,0.14670401809762068
188,1320,1508,0.1467203319722817
192,1326,1518,0.14673975443313014
194,1328,1522,0.14674786136089663
194,1324,1518,0.1467502083955425
193,1312,1505,0.14675254145543604
192,1309,1501,0.1467577559340941
188,1327,1515,0.14676549396232066
193,1325,1518,0.14678251096718636
190,1326,1516,0.1467860675723975
187,1332,1519,0.14679622658406347
186,1342,1528,0.14681264946013983
187,1328,1515,0.1468308214934468
185,1332,1517,0.14684632064140954
182,1323,1505,0.14686640710728383
177,1322,1499,0.14689288508148682
176,1327,1503,0.1469300930208267
175,1325,1500,0.14696767550122214
176,1336,1512,0.14700576763331424
174,1340,1514,0.14703769927750077
174,1347,1521,0.14707204746406813
172,1340,1512,0.14710332469662377
173,1342,1515,0.14713838787034253
175,1343,1518,0.1471676348235923
173,1334,1507,0.1471904274835865
169,1329,1498,0.14721728859067074
169,1339,1508,0.14725124623155636
170,1338,1508,0.14728384069414915
173,1341,1514,0.14731085544755987
172,1350,1522,0.1473287923360258
171,1353,1524,0.14734780168917
175,1356,1531,0.14736719651410568
174,1340,1514,0.1473761738203307
170,1344,1514,0.1473857618394219
170,1345,1515,0.14740318030955685
170,1349,1519,0.14742014513038643
174,1355,1529,0.14743505131044937
173,1342,1515,0.1474388453385343
172,1344,1516,0.14744445320579172
171,1348,1519,0.14745311738627312
174,1343,1517,0.14746440955778456
169,1342,1511,0.1474684852737412
167,1334,1501,0.1474831026678241
168,1340,1508,0.14750127620992384
169,1352,1521,0.14751602164926578
168,1352,1520,0.14752662203517392
170,1354,1524,0.14753826937408607
166,1347,1513,0.1475448533349792
166,1347,1513,0.14756219157472933
165,1338,1503,0.14757815149320244
166,1337,1503,0.1475940682411706
169,1345,1514,0.14760728307469695
168,1351,1519,0.14761063778800612
166,1332,1498,0.1476167606269
162,1334,1496,0.14762748350785945
160,1343,1503,0.14764658137355924
165,1342,1507,0.14766937995443785
164,1343,1507,0.1476786993865294
163,1348,1511,0.147688834179211
164,1350,1514,0.14769986358820883
168,1361,1529,0.1477066659120738
166,1358,1524,0.147704465317513
162,1355,1517,0.14770848809837847
160,1360,1520,0.14772296743715863
156,1350,1506,0.14774186697290884
161,1360,1521,0.14777030820781278
159,1356,1515,0.14778458078905668
155,1344,1499,0.14780233936109335
153,1341,1494,0.1478297324340007
153,1352,1505,0.1478578092788733
153,1355,1508,0.14788538153250172
156,1354,1510,0.1479110182664657
159,1358,1517,0.14792777135889332
158,1352,1510,0.14793540954916445
156,1362,1518,0.14794627438350524
159,1357,1516,0.1479595973418334
158,1353,1511,0.1479651958508205
160,1352,1512,0.14797191614330374
161,1347,1508,0.14797328856443148
163,1351,1514,0.14797300171673292
161,1353,1514,0.14796813299746117
161,1358,1519,0.14796880622082334
163,1345,1508,0.14796924491659078
168,1349,1517,0.1479643943051242
168,1347,1515,0.14794726621687254
167,1359,1526,0.14793059268089084
167,1354,1521,0.14791868918635
171,1360,1531,0.1479070854906678
171,1355,1526,0.14788625580038894
169,1338,1507,0.14786581312779032
167,1333,1500,0.14785248023503952
167,1335,1502,0.14784582744945848
164,1346,1510,0.14784094349624166
164,1352,1516,0.1478437618122478
159,1343,1502,0.14784729958359474
161,1342,1503,0.14786264143701092
160,1342,1502,0.1478721279997327
155,1345,1500,0.14788266666845648
157,1358,1515,0.14790315126913484
158,1356,1514,0.14791878871184228
158,1344,1502,0.14793100322094088
161,1353,1514,0.1479428576839062
161,1356,1517,0.14794557211962456
160,1359,1519,0.14794815352620386
156,1345,1501,0.14795311367418992
152,1353,1505,0.14796823441862997
150,1356,1506,0.1479928980717807
158,1354,1512,0.14802120444793915
158,1353,1511,0.14802760243668378
158,1339,1497,0.14803396163408405
156,1351,1507,0.1480379256018596
158,1350,1508,0.1480459739139808
156,1365,1521,0.14804934193191582
154,1371,1525,0.14805621400104002
150,1356,1506,0.14806849752149578
151,1368,1519,0.1480894810987924
154,1377,1531,0.148106828199365
154,1376,1530,0.1481172926816609
151,1377,1528,0.14812763487333572
147,1376,1523,0.1481443205046039
150,1381,1531,0.14816824827767672
148,1370,1518,0.14818249278909554
148,1376,1524,0.14819968422165808
147,1374,1521,0.14821642378291827
149,1378,1527,0.14823587976102862
150,1373,1523,0.14824966075182056
148,1370,1518,0.14826021371438658
145,1366,1511,0.14827463195969087
145,1371,1516,0.1482965336103015
148,1370,1518,0.14831804109223845
144,1371,1515,0.1483306833827126
143,1379,1522,0.14835179411424215
142,1374,1516,0.14837255590611953
140,1377,1517,0.14839391026817378
142,1382,1524,0.1484190428492968
143,1373,1516,0.1484388669901824
151,1372,1523,0.14845485423785149
152,1370,1522,0.14844805262355817
154,1367,1521,0.14843581169161335
153,1366,1519,0.14841987985542107
150,1367,1517,0.14840610508005342
151,1360,1511,0.14840159617000748
152,1368,1520,0.1483958635987492
149,1374,1523,0.14838951411905102
146,1360,1506,0.14839021672746122
146,1360,1506,0.14839836192333347
148,1372,1520,0.14840320225712092
152,1364,1516,0.14840323537412944
146,1361,1507,0.14839547336619346
141,1370,1511,0.14840378585228975
144,1373,1517,0.14842168281638002
138,1370,1508,0.14843092863812626
135,1374,1509,0.14845560703454425
132,1356,1488,0.14848711670279255
134,1371,1505,0.14852397233788583
130,1377,1507,0.1485542726640279
132,1377,1509,0.14859208082770034
136,1383,1519,0.14862232449910703
136,1381,1517,0.14864076245257504
133,1389,1522,0.14865828123071365
132,1363,1495,0.14868201851495047
134,1374,1508,0.14870701847380163
136,1390,1526,0.1487258871935871
136,1389,1525,0.1487371893026358
135,1388,1523,0.1487479741144915
134,1392,1526,0.14876081103633607
133,1388,1521,0.14877454292477107
131,1376,1507,0.1487893775874906
130,1370,1500,0.14880867622528768
134,1378,1512,0.14882876701937983
132,1389,1521,0.1488367918611023
134,1376,1510,0.1488481552093129
136,1382,1518,0.1488556998696952
135,1385,1520,0.14885857784930207
137,1374,1511,0.14886364479568792
138,1374,1512,0.14886213770475468
137,1382,1519,0.14885799841823288
132,1381,1513,0.14885574593660114
136,1381,1517,0.14886628730536466
134,1379,1513,0.14886754185186302
135,1380,1515,0.14887471250160714
138,1376,1514,0.14887879309306787
136,1371,1507,0.14887450546597397
133,1390,1523,0.14887390654061286
130,1389,1519,0.14888129986942747
131,1386,1517,0.1488952805408037
127,1382,1509,0.14890565461842264
129,1374,1503,0.14892570772959715
132,1387,1519,0.1489404883876002
131,1401,1532,0.1489467679685275
128,1387,1515,0.14895590800620878
126,1384,1510,0.14897140030886968
124,1385,1509,0.14899098074750136
127,1397,1524,0.14901497466571642
127,1382,1509,0.14902890451184078
127,1377,1504,0.14904250187281895
124,1368,1492,0.14905584502632815
120,1375,1495,0.1490764511959865
119,1393,1512,0.14910513295415562
121,1398,1519,0.14913529239447698
125,1390,1515,0.14915742517361094
121,1389,1510,0.14916698906475973
122,1394,1516,0.1491844339038696
116,1395,1511,0.14919963890018356
113,1397,1510,0.14922771780487726
108,1399,1507,0.14926200759260996
105,1396,1501,0.1493064714156988
107,1393,1500,0.14935514655897347
110,1403,1513,0.14939578147462446
111,1401,1512,0.14942555351728054
111,1398,1509,0.14945075749141476
111,1391,1502,0.14947371684306962
115,1399,1514,0.14949587028263067
114,1411,1525,0.14950695200840197
109,1417,1526,0.14951997223957464
110,1418,1528,0.14954515241342173
106,1411,1517,0.14956734377933778
104,1410,1514,0.14959802185700277
103,1411,1514,0.14963207424417047
100,1412,1512,0.14966725204032139
102,1413,1515,0.14970796112173124
100,1418,1518,0.14973928876372702
101,1423,1524,0.14977399741751218
105,1420,1525,0.14980456400276196
104,1425,1529,0.14982148136497125
102,1418,1520,0.1498404216352491
106,1414,1520,0.14986305523795143
105,1418,1523,0.14987342120212876
105,1417,1522,0.14988467109769338
107,1407,1514,0.14989571525733728
107,1413,1520,0.1499016537502629
103,1409,1512,0.14990609725082635
104,1412,1516,0.14992094541151155
104,1413,1517,0.1499324877784639
106,1417,1523,0.14994430973388137
102,1426,1528,0.14994835038975476
101,1426,1527,0.1499626912805495
104,1427,1531,0.14997782434976156
106,1417,1523,0.14998382489551865
104,1430,1534,0.14998411706771464
103,1425,1528,0.14998906966158873
108,1423,1531,0.14999587773821688
107,1411,1518,0.14998966492448879
107,1402,1509,0.14998783458533121
108,1412,1520,0.14998656513426412
108,1409,1517,0.14998365783865697
108,1414,1522,0.14998108197589502
103,1413,1516,0.1499789954528114
105,1415,1520,0.14998906484329416
107,1413,1520,0.14999346626867133
109,1413,1522,0.14999259444218505
107,1409,1516,0.14998646223784426
107,1398,1505,0.14998460465056718
109,1386,1495,0.1499825527405743
108,1394,1502,0.14997607244835018
107,1397,1504,0.14997387609633173
107,1407,1514,0.14997425841611303
105,1399,1504,0.14997437360335428
104,1414,1518,0.14998036266689016
105,1403,1508,0.1499891533700253
104,1393,1497,0.14999472132387692
105,1400,1505,0.15000070990984804
106,1404,1510,0.15000456085094613
103,1408,1511,0.15000517466901697
103,1411,1514,0.15001319402629362
102,1405,1507,0.1500206633768206
100,1418,1518,0.1500308072191644
101,1414,1515,0.1500455045702953
99,1413,1512,0.15005767878398493
99,1415,1514,0.15007433848940843
96,1412,1508,0.15009063195148836
93,1413,1506,0.1501125245200809
95,1428,1523,0.150140158681875
93,1423,1516,0.1501600268341192
95,1422,1517,0.15018299464457716
96,1425,1521,0.15019903593491513
99,1417,1516,0.1502102429523367
98,1418,1516,0.1502125388391476
99,1417,1516,0.15021657155828408
100,1416,1516,0.15021888379708018
101,1421,1522,0.15021896413635522
103,1424,1527,0.15021705251605771
102,1419,1521,0.15021056943301528
102,1407,1509,0.1502072239892647
104,1416,1520,0.1502049177402648
103,1422,1525,0.1501972614020869
102,1419,1521,0.1501924939689496
100,1415,1515,0.15018973519475906
101,1413,1514,0.15019325641698208
97,1414,1511,0.15019305966326255
97,1422,1519,0.1502024539675515
95,1417,1512,0.15021109063251567
96,1433,1529,0.1502243814854328
96,1430,1526,0.15023432224046304
98,1427,1525,0.1502433170289171
99,1411,1510,0.15024627543292438
98,1412,1510,0.1502465229439231
101,1421,1522,0.1502500065344862
102,1418,1520,0.15024627361034248
102,1418,1520,0.1502398455567511
98,1420,1518,0.15023458876542986
98,1412,1510,0.15023982653991508
96,1406,1502,0.15024495611742444
94,1411,1505,0.15025586972839017
91,1418,1509,0.15026936514841538
92,1426,1518,0.1502898362771224
91,1416,1507,0.15030659450241635
92,1433,1525,0.15032466602730513
88,1424,1512,0.15033834824080688
90,1427,1517,0.15035932861762494
87,1420,1507,0.15037438882479595
89,1412,1501,0.1503961671766511
93,1419,1512,0.15041190930067314
91,1413,1504,0.15041626951255782
91,1407,1498,0.15042582866657273
93,1402,1495,0.1504346028736956
94,1403,1497,0.1504372346118433
97,1397,1494,0.15043729273451067
96,1400,1496,0.15043016928463565
96,1414,1510,0.15042704408865556
96,1418,1514,0.1504234614326141
92,1417,1509,0.15041979418869358
91,1411,1502,0.15042673187553038
93,1415,1508,0.15043549372374218
95,1421,1516,0.15044013347722401
95,1411,1506,0.15043905486239334
97,1423,1520,0.15043883681658574
93,1434,1527,0.15043197025473717
94,1423,1517,0.1504374578508089
98,1422,1520,0.15043868201639338
95,1428,1523,0.15042889975087947
97,1427,1524,0.15042695220899333
92,1409,1501,0.15042013257004863
94,1407,1501,0.1504261115897908
94,1408,1502,0.15042731858069128
93,1414,1507,0.15042964619429022
90,1432,1522,0.15043409710004674
89,1423,1512,0.1504454225733589
92,1424,1516,0.15045960662742608
94,1441,1535,0.1504640916344816
93,1437,1530,0.1504635166297578
94,1439,1533,0.1504657005012609
92,1430,1522,0.1504664409616427
92,1436,1528,0.15047279197549648
89,1434,1523,0.15047838886861778
88,1441,1529,0.15049190451000072
85,1443,1528,0.1505073436117125
83,1429,1512,0.15052942736278058
81,1435,1516,0.15055591044409036
82,1431,1513,0.1505852227483076
81,1432,1513,0.15061001152545317
81,1429,1510,0.15063638513870625
80,1431,1511,0.1506614483746578
80,1432,1512,0.15068773420758197
80,1434,1514,0.15071241194725038
79,1431,1510,0.1507352706897044
80,1433,1513,0.15075936690218805
79,1435,1514,0.15077856762102818
78,1445,1523,0.15079928298107126
77,1447,1524,0.1508207263050403
75,1453,1528,0.15084368672179146
74,1429,1503,0.15087037771955064
73,1429,1502,0.1508970567828163
72,1427,1499,0.15092472795399564
74,1427,1501,0.15095315211468985
72,1427,1499,0.15097470109353803
71,1441,1512,0.15100003772259282
71,1447,1518,0.15102639856876127
71,1440,1511,0.1510516838498529
72,1444,1516,0.15107419048683407
75,1444,1519,0.1510930630859754
72,1445,1517,0.15110249529906056
73,1439,1512,0.1511187338053736
70,1421,1491,0.15113188164417357
70,1415,1485,0.15115187073097847
67,1423,1490,0.1511703350102086
68,1432,1500,0.151194731543831
67,1430,1497,0.1512145182066171
67,1451,1518,0.151235946398773
67,1453,1520,0.15125638652471604
67,1453,1520,0.15127569598366328
67,1461,1528,0.15129324730380503
67,1465,1532,0.15131005835268835
67,1467,1534,0.15132623010620067
65,1462,1527,0.15134170561277874
64,1455,1519,0.15136112539372243
63,1453,1516,0.1513804498261423
60,1467,1527,0.15140036606158422
59,1461,1520,0.15142630319239123
59,1461,1520,0.15145336337027268
59,1459,1518,0.1514797689618037
56,1472,1528,0.1515046967607208
54,1470,1524,0.15153501837465733
57,1470,1527,0.15156843118824637
59,1472,1531,0.15159152015063335
56,1467,1523,0.1516070518614069
55,1461,1516,0.15162809812345107
54,1450,1504,0.1516508411181309
55,1453,1508,0.15167427560507205
55,1464,1519,0.1516938993315725
55,1450,1505,0.15171163377070573
56,1444,1500,0.15172891090871551
55,1458,1513,0.15174301327074738
54,1461,1515,0.15175922097069658
52,1462,1514,0.15177718339845644
53,1461,1514,0.15179941969007532
56,1457,1513,0.1518179737297187
58,1469,1527,0.15182723635778436
55,1473,1528,0.15183051833708003
56,1479,1535,0.15184088291430484
54,1477,1531,0.15184761078512016
57,1470,1527,0.15185920539733236
55,1464,1519,0.15186297423836911
54,1454,1508,0.15187143108378276
55,1456,1511,0.15188210971594177
56,1466,1522,0.15188879678150752
53,1460,1513,0.1518931869601013
52,1462,1514,0.15190479783073457
51,1469,1520,0.15191835153446803
52,1458,1510,0.15193366211848108
49,1471,1520,0.15194582897501227
47,1464,1511,0.15196406991057376
49,1467,1516,0.15198598257924728
50,1443,1493,0.15200184788935164
48,1467,1515,0.1520139153399352
47,1461,1508,0.15203000557597662
47,1457,1504,0.15204714336128528
46,1464,1510,0.15206377123654463
41,1479,1520,0.15208118073662635
43,1475,1518,0.15210793453137497
43,1472,1515,0.15212784479709643
41,1452,1493,0.15214668609413434
42,1466,1508,0.1521697961526459
48,1467,1515,0.15218873708609673
47,1460,1507,0.1521903941384231
46,1456,1502,0.15219460059323645
45,1458,1503,0.15220166779567473
45,1461,1506,0.15221003014601084
45,1473,1518,0.15221848497126073
46,1471,1517,0.15222706095231558
45,1466,1511,0.1522324470524713
45,1463,1508,0.15224065187840558
44,1465,1509,0.15224885009345054
45,1451,1496,0.1522593331401747
45,1443,1488,0.1522666522367723
44,1457,1501,0.15227330320467064
43,1458,1501,0.15228104577617596
42,1471,1513,0.1522911216519135
42,1477,1519,0.15230281072227922
39,1458,1497,0.15231415904906206
44,1467,1511,0.15233184676752187
43,1481,1524,0.15233515779515563
42,1478,1520,0.15234115426294614
44,1468,1512,0.15234963422863163
42,1470,1512,0.1523524406244148
42,1470,1512,0.15236032540453862
41,1477,1518,0.15236797795707635
40,1477,1517,0.15237793343995024
40,1469,1509,0.15238928233480284
40,1487,1527,0.15240035376998415
43,1480,1523,0.1524111094535624
41,1468,1509,0.15241248725551795
45,1458,1503,0.15241922947824435
47,1456,1503,0.1524140862307608
46,1458,1504,0.15240372674705532
44,1468,1512,0.15239772684546257
44,1471,1515,0.1523976110562549
42,1480,1522,0.15239734940406308
43,1482,1525,0.15240245507509875
42,1478,1520,0.15240533669226328
45,1471,1516,0.15241074773934674
45,1461,1506,0.15240760936505093
46,1470,1516,0.1524045320174001
47,1493,1540,0.15239854257455193
48,1488,1536,0.15239077532799594
45,1485,1530,0.15238097371328532
47,1479,1526,0.15237856989326898
48,1473,1521,0.1523706535757462
45,1477,1522,0.15236082416061975
47,1482,1529,0.15235899300238764
46,1479,1525,0.152352548957734
47,1473,1520,0.15234940996619273
46,1479,1525,0.15234335004192326
46,1473,1519,0.15233981011360823
47,1470,1517,0.15233721391987537
47,1464,1511,0.15233142696733457
46,1464,1510,0.1523267411335083
44,1456,1500,0.15232508333124056
43,1454,1497,0.15232903281610222
44,1460,1504,0.15233490342915734
47,1466,1513,0.1523381435437622
50,1462,1512,0.1523328701452948
50,1468,1518,0.15232004248882616
47,1466,1513,0.15230881066547824
48,1463,1511,0.15230611803705948
48,1471,1519,0.15230126127375607
48,1464,1512,0.15229729918543453
47,1466,1513,0.1522933879937854
49,1465,1514,0.15229296458885067
49,1454,1503,0.1522864151775473
48,1462,1510,0.15227982583347513
48,1481,1529,0.1522765864307181
46,1477,1523,0.15227326987315354
49,1471,1520,0.15227501546423525
51,1470,1521,0.15226915308814248
49,1467,1516,0.15225804000736937
50,1479,1529,0.15225218162686238
51,1472,1523,0.15224532567909813
51,1465,1516,0.15223716012624636
50,1471,1521,0.15223009468494067
49,1480,1529,0.1522266301066141
47,1474,1521,0.15222558219914145
45,1477,1522,0.15222880726902574
45,1458,1503,0.15223773054354905
44,1460,1504,0.15224578510011977
45,1458,1503,0.15225460550201192
44,1450,1494,0.1522602749523283
44,1459,1503,0.15226832302914725
44,1465,1509,0.1522758489873159
47,1453,1500,0.15228341442208382
46,1457,1503,0.15228252170640633
47,1463,1510,0.15228453673866385
46,1460,1506,0.15228385142020573
44,1463,1507,0.1522862291867279
41,1470,1511,0.1522936826372119
41,1469,1510,0.15230816976635586
39,1457,1496,0.1523213951276471
37,1479,1516,0.1523390128801309
40,1472,1512,0.1523603535286349
41,1475,1516,0.15237304232319582
42,1490,1532,0.15238211432302776
42,1494,1536,0.1523880294116103
44,1485,1529,0.15239281220918374
44,1485,1529,0.15239259736834534
43,1500,1543,0.15239298402048193
44,1485,1529,0.15239611311761045
42,1473,1515,0.15239718752406126
40,1464,1504,0.1524034896483558
39,1469,1508,0.1524143795809274
39,1462,1501,0.15242726617372415
41,1479,1520,0.15243879409385566
41,1498,1539,0.1524442573705434
39,1484,1523,0.1524498966666793
38,1476,1514,0.15245994892414558
40,1463,1503,0.15247219582260566
41,1461,1502,0.1524782676746769
41,1474,1515,0.15248111691560193
43,1469,1512,0.15248421636402054
42,1476,1518,0.1524811940234476
40,1483,1523,0.152481229960113
40,1482,1522,0.15248630027004018
41,1482,1523,0.15249144996928476
42,1470,1512,0.15249278784241727
43,1487,1530,0.15249038778576515
42,1475,1517,0.15248646447532377
41,1475,1516,0.1524857130113296
41,1486,1527,0.15248752140278676
41,1477,1518,0.15248866751725473
42,1473,1515,0.15248999393459536
41,1474,1515,0.15248792785008156
41,1469,1510,0.15248947744072786
42,1473,1515,0.15249136370893432
42,1473,1515,0.1524902162929095
42,1476,1518,0.1524896878614822
41,1478,1519,0.15248871954960133
42,1486,1528,0.15249047231764476
42,1484,1526,0.15248934502407877
42,1479,1521,0.15248874369843712
39,1476,1515,0.15248857942791008
37,1488,1525,0.15249579485986728
37,1481,1518,0.15250768002360296
37,1487,1524,0.15251818543186724
37,1489,1526,0.15252835973075266
39,1493,1532,0.15253813487859413
37,1493,1530,0.15254195493344594
38,1482,1520,0.152550043165155
38,1475,1513,0.15255566627663109
36,1477,1513,0.15256041713671925
38,1476,1514,0.15256986840824002
38,1477,1515,0.15257313558063484
38,1472,1510,0.15257671703106102
39,1488,1527,0.15258053202992447
38,1498,1536,0.1525813998030519
38,1486,1524,0.15258365995614526
38,1489,1527,0.1525863434458749
35,1479,1514,0.15258935762526651
36,1490,1526,0.15260030286255907
33,1486,1519,0.1526077039803979
33,1489,1522,0.15262247753848018
33,1491,1524,0.15263659383029382
33,1500,1533,0.1526493881745661
33,1502,1535,0.1526616571764988
33,1493,1526,0.1526726015204187
30,1491,1521,0.15268240164218289
32,1482,1514,0.1526987488761162
32,1489,1521,0.15270922424228572
30,1486,1516,0.15271936042579337
31,1487,1518,0.15273346841486443
30,1470,1500,0.15274504054283633
31,1471,1502,0.15275851116639277
30,1480,1510,0.15276882523640056
29,1477,1506,0.1527804815093718
30,1489,1519,0.1527939743099292
30,1481,1511,0.15280394787863366
30,1482,1512,0.15281357518749172
29,1484,1513,0.15282218330630884
29,1482,1511,0.1528319348661321
29,1475,1504,0.1528414476120048
28,1489,1517,0.15285069118560976
28,1500,1528,0.1528626278786402
30,1499,1529,0.15287402159234575
28,1501,1529,0.15287855505909964
29,1481,1510,0.15288786651884265
28,1472,1500,0.15289371328006243
30,1468,1498,0.15290171430688443
29,1486,1515,0.15290412449176696
28,1497,1525,0.15290902163180373
29,1501,1530,0.15291613536008378
30,1499,1529,0.1529203353471161
28,1503,1531,0.15292163911597242
28,1494,1522,0.1529277730036178
28,1491,1519,0.15293304820205816
30,1491,1521,0.15293744996328157
28,1475,1503,0.15293565090095323
28,1467,1495,0.15293947402853722
28,1479,1507,0.15294354150885062
27,1484,1511,0.15294692781081864
26,1472,1498,0.1529527700885026
27,1492,1519,0.1529610716078575
26,1500,1526,0.15296615758157397
25,1505,1530,0.15297365703703733
25,1496,1521,0.15298338818235158
25,1486,1511,0.15299302416691862
22,1482,1504,0.15300230997250966
21,1490,1511,0.15301827226060372
20,1508,1528,0.15303476979561614
20,1509,1529,0.15305290073247638
21,1498,1519,0.15307012962067426
22,1500,1522,0.15308404286664568
21,1510,1531,0.15309414891805098
21,1504,1525,0.15310631118733223
21,1504,1525,0.15311794114126068
21,1499,1520,0.15312904061047405
22,1497,1519,0.1531388127410243
22,1487,1509,0.15314502872650856
21,1495,1516,0.15314981813698578
22,1500,1522,0.1531571366371002
21,1483,1504,0.1531619769385897
22,1490,1512,0.1531693346148
23,1494,1517,0.15317331366131473
23,1485,1508,0.1531743757267052
23,1487,1510,0.15317577549394717
23,1496,1519,0.15317744003463335
23,1511,1534,0.15317800594283887
23,1499,1522,0.1531789701955122
25,1506,1531,0.15318025311747036
25,1501,1526,0.1531757356945396
25,1501,1526,0.15317196812545886
24,1503,1527,0.15316884792666235
22,1498,1520,0.15316897296737067
22,1502,1524,0.15317414260346768
23,1498,1521,0.1531792336484863
23,1509,1532,0.1531814427251882
22,1500,1522,0.15318377351986098
23,1498,1521,0.15318836253064977
22,1499,1521,0.15318972037854897
22,1501,1523,0.15319368710691492
22,1498,1520,0.15319764713757095
22,1487,1509,0.15320157068491647
22,1491,1513,0.1532054336044973
21,1489,1510,0.15320921656677533
22,1487,1509,0.15321534261764375
22,1490,1512,0.15321799949539444
21,1495,1516,0.15322070036759894
19,1484,1503,0.15322571444738237
17,1488,1505,0.1532351742133161
18,1491,1509,0.15324842676852593
19,1492,1511,0.15325873914945604
19,1485,1504,0.1532662030189037
21,1493,1514,0.1532733694283952
22,1488,1510,0.15327415344410952
25,1483,1508,0.15327201781701738
25,1493,1518,0.15326095302915582
25,1497,1522,0.15325033745965624
24,1488,1512,0.1532410219179135
24,1485,1509,0.1532352198203186
25,1500,1525,0.15323026031021494
25,1499,1524,0.1532228144994239
24,1500,1524,0.15321564176241245
25,1492,1517,0.15321182071599027
25,1500,1525,0.15320551798221438
24,1505,1529,0.15320010712395302
24,1503,1527,0.1531982907927436
23,1493,1516,0.15319698398685314
24,1497,1521,0.15319859183823692
22,1507,1529,0.15319719901377912
24,1498,1522,0.1532012598788692
23,1493,1516,0.15320016901301675
24,1492,1516,0.15320175652458629
24,1485,1509,0.1532010422380562
24,1488,1512,0.1532005783751866
22,1504,1526,0.15320032497493907
22,1507,1529,0.1532048952805468
22,1509,1531,0.153209320902384
23,1505,1528,0.1532128373756148
22,1497,1519,0.15321390258997244
21,1502,1523,0.1532174339539105
20,1490,1510,0.15322321009087056
19,1495,1514,0.15323088587448383
20,1500,1520,0.15324051811868725
20,1492,1512,0.15324739056933007
19,1505,1524,0.15325398389313136
17,1502,1519,0.15326254391936256
18,1507,1525,0.15327528187963962
18,1501,1519,0.1532842244569067
19,1510,1529,0.15329278974604207
19,1508,1527,0.15329794804555702
19,1500,1519,0.15330300953570342
20,1511,1531,0.1533079516523376
20,1507,1527,0.15330962190599387
17,1510,1527,0.153311433281368
17,1510,1527,0.15332075782033147
16,1506,1522,0.15332948069844932
16,1503,1519,0.15334025765220768
16,1497,1513,0.1533504746765988
17,1491,1508,0.15336014981496718
17,1493,1510,0.1533667426027727
17,1496,1513,0.15337302033500402
16,1497,1513,0.1533789889282896
16,1498,1514,0.15338715476942721
16,1494,1510,0.1533947208960142
16,1517,1533,0.15340187978899428
13,1500,1513,0.1534080654417603
15,1513,1528,0.15342094934091255
17,1518,1535,0.1534275457846167
18,1518,1536,0.15342758687436606
20,1508,1528,0.15342542046796662
19,1514,1533,0.15341765611341385
19,1513,1532,0.15341326078799775
19,1509,1528,0.15340956244411455
20,1498,1518,0.15340646591122944
19,1502,1521,0.15340075937211045
18,1494,1512,0.15339851167846466
17,1498,1515,0.15339925052380213
17,1489,1506,0.15340255653085516
17,1495,1512,0.1534058580142032
18,1508,1526,0.15340912878187696
18,1508,1526,0.15340917582783473
18,1510,1528,0.15340944750028151
17,1512,1529,0.15340990063088006
17,1510,1527,0.15341284837835048
16,1522,1538,0.15341576517281788
16,1506,1522,0.15342019621024763
15,1509,1524,0.1534245597810097
14,1502,1516,0.15343125854492648
14,1499,1513,0.15344000805053018
14,1495,1509,0.1534483565695049
14,1486,1500,0.15345630930147505
14,1488,1502,0.1534638737379047
14,1485,1499,0.15347105917992113
14,1490,1504,0.15347787632979665
14,1499,1513,0.1534843369459182
14,1500,1514,0.15349045355242247
14,1494,1508,0.15349623919584332
13,1512,1525,0.15350170724214035
13,1512,1525,0.15350851701440893
12,1516,1528,0.1535150329159759
12,1511,1523,0.15352376319019037
12,1517,1529,0.15353203464669593
11,1502,1513,0.15353986260844288
12,1496,1508,0.15354967515911386
10,1501,1511,0.15355575029235383
11,1517,1528,0.15356621815207608
11,1522,1533,0.15357229832176927
11,1515,1526,0.1535782796418176
11,1509,1520,0.15358413176890784
11,1491,1502,0.15358983099582998
11,1498,1509,0.15359535922181589
10,1506,1516,0.15360070306701598
10,1495,1505,0.1536082300633208
10,1510,1520,0.15361541317772084
9,1520,1529,0.15362225708528476
10,1527,1537,0.15363104073610123
10,1521,1531,0.15363672546881918
9,1505,1514,0.15364216130788422
9,1502,1511,0.15364978280268704
8,1501,1509,0.15365701562945414
7,1499,1506,0.15366627894486914
6,1479,1485,0.15367745755297793
6,1489,1495,0.15369041877818795
6,1475,1481,0.15370257398348058
7,1497,1504,0.15371403990500315
7,1496,1503,0.15372168572089948
8,1499,1507,0.1537290037888795
8,1502,1510,0.15373284043322374
8,1513,1521,0.1537366483136684
8,1511,1519,0.15374040400245334
8,1514,1522,0.15374408863598063
8,1516,1524,0.15374768724228985
9,1522,1531,0.15375118815942207
8,1506,1514,0.15375143115721865
9,1517,1526,0.1537545324261548
9,1519,1528,0.1537544274129136
8,1510,1518,0.15375454394863966
9,1513,1522,0.15375729247814568
10,1497,1507,0.1537575142014912
10,1504,1514,0.15375472751678448
10,1509,1519,0.15375234895355805
11,1499,1510,0.15375032499492258
12,1506,1518,0.1537454436735889
13,1502,1515,0.15373793032537486
13,1505,1518,0.1537279868541746
13,1503,1516,0.1537190476741153
11,1504,1515,0.15371100386457853
11,1524,1535,0.1537088856145859
12,1507,1519,0.1537071107220892
11,1505,1516,0.15370313986512688
11,1498,1509,0.15370237534913156
11,1500,1511,0.15370177666950557
11,1493,1504,0.15370131929298966
10,1504,1514,0.15370098195231605
11,1506,1517,0.15370315041043844
12,1509,1521,0.15370215869803386
12,1525,1537,0.15369823929222218
10,1499,1509,0.1536947928735963
10,1491,1501,0.15369708556308567
11,1501,1512,0.1536993406239429
10,1502,1512,0.15369843542887426
10,1505,1515,0.15370019117734682
11,1498,1509,0.1537019940598669
11,1506,1517,0.1537006671929981
11,1512,1523,0.15369963947250972
11,1504,1515,0.1536988661986241
10,1501,1511,0.1536983086155499
11,1503,1514,0.15370032483015808
11,1518,1529,0.15369915319233254
12,1519,1531,0.15369827032489344
11,1516,1527,0.1536944251240331
10,1514,1524,0.15369346369267217
10,1511,1521,0.15369514667626094
10,1506,1516,0.1536969319155722
10,1505,1515,0.15369878682504998
10,1496,1506,0.1537006841649596
9,1505,1514,0.15370260128849844
9,1500,1509,0.15370689937785287
9,1508,1517,0.15371102737103082
9,1519,1528,0.15371486276930937
9,1507,1516,0.15371855444814295
9,1506,1515,0.1537220985692873
9,1514,1523,0.15372530247029623
9,1512,1521,0.15372840006711547
9,1506,1515,0.1537313865038505
9,1504,1513,0.15373425864057533
8,1507,1515,0.1537370147719158
8,1513,1521,0.15374211935061344
8,1508,1516,0.15374694276263606
7,1520,1527,0.15375149719041073
6,1516,1522,0.15375824124166865
6,1521,1527,0.1537669936119752
6,1517,1523,0.1537752216800811
6,1512,1518,0.15378295453964025
6,1508,1514,0.15379022001988182
6,1504,1510,0.15379704468479566
6,1513,1519,0.15380345384355626
6,1510,1516,0.15380947156994254
5,1524,1529,0.15381512072886264
4,1517,1521,0.15382276228911854
4,1537,1541,0.1538322741216769
4,1519,1523,0.153841203285509
4,1519,1523,0.15384958385615413
4,1517,1521,0.15385744816692812
4,1510,1514,0.1538648268589566
4,1502,1506,0.15387174893661118
4,1506,1510,0.15387824182680787
4,1497,1501,0.15388433144089075
4,1499,1503,0.15389004223804692
4,1496,1500,0.15389539728938875
5,1508,1513,0.15390041834200155
5,1513,1518,0.15390196655225896
5,1509,1514,0.1539035075693283
6,1514,1520,0.15390503007327588
6,1529,1535,0.153903385014367
7,1526,1533,0.1539019963039028
9,1523,1532,0.15389762825504116
9,1535,1544,0.15388725215895935
8,1519,1527,0.15387790835321066
8,1508,1516,0.1538725462642193
9,1511,1520,0.15386774200162537
9,1508,1517,0.153860236881639
9,1503,1512,0.15385347237208127
9,1510,1519,0.15384737004956095
9,1507,1516,0.15384186025641533
9,1519,1528,0.15383688108251864
9,1500,1509,0.15383237746850256
10,1504,1514,0.15382830041565182
10,1507,1517,0.15382148674215138
9,1507,1516,0.15381530676724212
8,1506,1514,0.15381207339407524
8,1502,1510,0.15381172796317677
8,1510,1518,0.15381154032514108
8,1519,1527,0.15381148458329091
8,1515,1523,0.15381153836643538
8,1516,1524,0.153811682380035
8,1518,1526,0.1538119000129439
8,1512,1520,0.1538121769929269
8,1514,1522,0.15381250108498035
9,1511,1520,0.15381286182720996
9,1501,1510,0.153810152327718
9,1517,1526,0.15380775089841114
9,1510,1519,0.15380562198209843
9,1509,1518,0.15380373419895946
9,1506,1515,0.15380205984713574
9,1509,1518,0.15380057446397472
9,1507,1516,0.153799256440459
9,1516,1525,0.15379808668228395
8,1507,1515,0.15379704831186047
7,1513,1520,0.15379850692340447
6,1514,1520,0.15380227762912327
6,1518,1524,0.1538082877361593
6,1531,1537,0.15381396419169135
7,1517,1524,0.15381932208332777
7,1522,1529,0.15382132011732833
8,1516,1524,0.15382330704872743
7,1507,1514,0.15382204603909458
7,1510,1517,0.1538233798545806
6,1508,1514,0.15382479736688232
6,1507,1513,0.15382865782854416
5,1509,1514,0.15383240600930473
5,1504,1509,0.15383837563837147
5,1515,1520,0.15384407306344802
5,1516,1521,0.1538495016920692
5,1503,1508,0.1538546665174631
5,1516,1521,0.1538595737844698
7,1509,1516,0.15386423070682545
7,1513,1520,0.153862617901894
7,1523,1530,0.15386130245986337
6,1516,1522,0.15386024109662852
7,1519,1526,0.1538623148907498
7,1502,1509,0.1538611010213484
6,1495,1501,0.15386011931770172
5,1493,1498,0.15386175589218992
5,1506,1511,0.15386636403564447
6,1518,1524,0.1538707237436778
6,1506,1512,0.15387179422792874
6,1505,1511,0.1538729192288168
7,1504,1511,0.15387408068811453
7,1509,1516,0.1538722567226073
7,1518,1525,0.15387070836182176
8,1495,1503,0.15386939939648872
7,1495,1502,0.15386520986528374
7,1503,1510,0.1538642091686593
7,1505,1512,0.1538633980313785
7,1507,1514,0.1538627481322885
7,1516,1523,0.15386223505395707
7,1514,1521,0.15386183776239507
7,1508,1515,0.1538615381550968
6,1510,1516,0.15386132066848407
6,1503,1509,0.15386358553382176
6,1512,1518,0.1538657465211144
6,1518,1524,0.15386780410544657
6,1524,1530,0.15386975961134028
5,1534,1539,0.15387161503683905
4,1534,1538,0.15387589609936955
4,1527,1531,0.1538823427544329
4,1511,1515,0.15388839521694436
4,1499,1503,0.1538940763112473
3,1496,1499,0.15389940773504623
3,1510,1513,0.1539067759200526
3,1505,1508,0.1539136933881407
3,1501,1504,0.15392018691297552
3,1499,1502,0.15392628179064638
3,1494,1497,0.1539320019053923
3,1488,1491,0.1539373697947491
3,1505,1508,0.15394240671369355
3,1498,1501,0.15394713269744836
2,1503,1505,0.1539515666226819
2,1516,1518,0.15395807069299888
2,1510,1512,0.15396417732503978
2,1502,1504,0.15396991003858707
2,1521,1523,0.153975291080063
2,1523,1525,0.15398034147348416
2,1515,1517,0.15398508107229314
2,1515,1517,0.15398952861144763
1,1516,1517,0.153993701759264
1,1512,1513,0.15400000555912718
1,1496,1497,0.1540059245030802
1,1496,1497,0.15401148165950695
2,1482,1484,0.15401669878197619
2,1493,1495,0.1540184376555185
2,1506,1508,0.15402016545429256
2,1508,1510,0.15402187022625546
2,1506,1508,0.1540235424203695
2,1497,1499,0.15402517451919048
2,1505,1507,0.15402676072304416
2,1513,1515,0.15402829667879106
2,1517,1519,0.15402977924711847
2,1521,1523,0.15403120630310588
2,1522,1524,0.15403257656551733
2,1527,1529,0.15403388945088065
2,1528,1530,0.15403514494894485
2,1536,1538,0.15403634351656442
2,1513,1515,0.15403748598745615
2,1495,1497,0.15403857349562
2,1503,1505,0.154039607410513
2,1498,1500,0.1540405892823241
2,1505,1507,0.15404152079592243
2,1487,1489,0.15404240373224554
2,1499,1501,0.1540432399360618
2,1508,1510,0.15404403128918806
1,1509,1510,0.15404477968836847
1,1512,1513,0.15404794908622288
1,1508,1509,0.15405092572920887
1,1512,1513,0.15405372098802247
1,1512,1513,0.15405634561669404
1,1504,1505,0.15405880977786718
1,1508,1509,0.15406112306835368
1,1509,1510,0.15406329454469003
1,1502,1503,0.15406533274847475
1,1502,1503,0.15406724573130823
1,1504,1505,0.15406904107919572
1,1521,1522,0.1540707259363046
1,1530,1531,0.15407230702799354
1,1522,1523,0.15407379068305313
1,1519,1520,0.15407518285511665
1,1507,1508,0.1540764891432136
1,1513,1514,0.15407771481145272
0,1520,1520,0.15407886480782929
