1369,29,1398,0.13579578608202078
1401,28,1429,0.1329456163091245
1427,28,1455,0.13026546690314153
1435,30,1465,0.12775509369383978
1458,31,1489,0.1254496696818912
1449,31,1480,0.12328918671411251
1443,31,1474,0.12134812376613947
1445,31,1476,0.11960134561591138
1455,30,1485,0.11800576712710774
1458,31,1489,0.11653029314470928
1451,35,1486,0.11518143245397088
1455,34,1489,0.11396837923577202
1445,37,1482,0.11285860183978436
1455,36,1491,0.11187489717462645
1465,37,1502,0.1109588455770804
1466,38,1504,0.1100998796278331
1473,39,1512,0.10931622158914284
1459,39,1498,0.10858760900311909
1460,40,1500,0.10795671129709476
1469,37,1506,0.10738177836155412
1480,36,1516,0.10683937056904177
1477,34,1511,0.10631923664049335
1461,36,1497,0.10585213839202766
1451,37,1488,0.10546555032142836
1453,36,1489,0.10513733847632611
1455,38,1493,0.10483486894048621
1455,37,1492,0.10455805207212716
1443,39,1482,0.10430709826253506
1454,41,1495,0.10410629738568296
1449,41,1490,0.10389907380613048
1448,43,1491,0.1037211575670786
1446,41,1487,0.1035609439075358
1464,41,1505,0.10342069713145864
1467,40,1507,0.10325130272923787
1454,40,1494,0.10308904632630882
1449,40,1489,0.10297084797295848
1455,42,1497,0.10287611489337803
1453,41,1494,0.10277792742621576
1451,41,1492,0.10269182604772695
1448,39,1487,0.10262036403654723
1454,40,1494,0.10256411809508875
1447,43,1490,0.10249908434850039
1444,43,1487,0.10245546847570694
1427,46,1473,0.1024239276218059
1437,49,1486,0.10243352115930765
1430,49,1479,0.10241698634238401
1441,51,1492,0.1024204615118829
1434,53,1487,0.10240051988441037
1443,54,1497,0.10239784129178357
1432,57,1489,0.10237495356425728
1415,57,1472,0.10237966274458281
1420,57,1477,0.10242150223580243
1427,59,1486,0.1024496720212058
1434,61,1495,0.10245901798907499
1437,60,1497,0.10245297417768154
1439,59,1498,0.10244155519263622
1437,58,1495,0.10242680371211467
1449,61,1510,0.10241787989499322
1456,62,1518,0.10238421875775132
1439,62,1501,0.10233900514571367
1445,61,1506,0.10233598449338349
1446,60,1506,0.1023199672209743
1442,56,1498,0.10230306922872497
1446,56,1502,0.1022961424952523
1444,56,1500,0.10228071690209493
1418,56,1474,0.10227091352194673
1429,54,1483,0.10232064357351531
1431,53,1484,0.10234173005718947
1427,55,1482,0.10235586223385304
1436,54,1490,0.10237666896920487
1443,53,1496,0.10237446343557216
1445,53,1498,0.10235978840888105
1444,53,1497,0.10234085334833322
1446,53,1499,0.10232612059710736
1430,53,1483,0.10230863363422882
1433,52,1485,0.10232818663955996
1430,56,1486,0.10233988192700164
1433,53,1486,0.10235758350137424
1430,52,1482,0.10236547761709895
1426,53,1479,0.10237961939188941
1443,56,1499,0.10239979152702411
1454,54,1508,0.10237903060898347
1438,55,1493,0.10233423225090948
1446,54,1500,0.10232813584060003
1440,53,1493,0.10230529010110644
1441,53,1494,0.10229880188103971
1434,59,1493,0.10229302983656305
1441,61,1502,0.1023046686587056
1433,62,1495,0.10229945602821204
1433,64,1497,0.10231357497986272
1426,64,1490,0.10232820721253802
1444,65,1509,0.10235644316993646
1435,64,1499,0.10234299617738504
1426,66,1492,0.10235138460725438
1420,65,1485,0.10238084248113902
1416,68,1484,0.10242072672952482
1430,68,1498,0.10246801751638702
1428,67,1495,0.1024790816251528
1429,68,1497,0.10249333539946205
1438,68,1506,0.10250414922764026
1444,66,1510,0.10249308119198666
1440,64,1504,0.10247006976145677
1436,64,1500,0.10245914723931367
1433,63,1496,0.10245771682903415
1434,63,1497,0.1024626884029696
1438,64,1502,0.10246538232231975
1441,65,1506,0.10245888867282035
1424,64,1488,0.10244634174654733
1415,66,1481,0.10247330001568172
1430,62,1492,0.10251763853442114
1435,62,1497,0.1025240296227705
1435,63,1498,0.10251564109105732
1439,61,1500,0.1025105921600046
1443,61,1504,0.10249770287095754
1438,60,1498,0.10247682865645874
1429,62,1491,0.10246930059337775
1427,60,1487,0.10248185174344128
1430,60,1490,0.10249790978238199
1424,62,1486,0.1025062146535168
1422,61,1483,0.10252716645341092
1428,63,1491,0.10255147331498593
1429,62,1491,0.10255989370149216
1417,65,1482,0.10256594028989564
1418,67,1485,0.10259709623254853
1418,67,1485,0.10262200379719694
1409,67,1476,0.1026470590371993
1412,68,1480,0.102689524626057
1413,69,1482,0.10272293233657466
1417,71,1488,0.10275255756690474
1427,68,1495,0.10276913075682924
1434,69,1503,0.10276277852101785
1435,68,1503,0.10274260484254497
1439,70,1509,0.10272212604936834
1446,68,1514,0.10269261396708902
1437,70,1507,0.10264899790592583
1434,68,1502,0.10262970108423984
1423,71,1494,0.10261931358973385
1425,71,1496,0.10263330958839564
1427,71,1498,0.10264204302797342
1427,71,1498,0.10264722026573093
1411,72,1483,0.10265153043124733
1406,71,1477,0.1026901363039479
1429,70,1499,0.1027384865224467
1426,74,1500,0.10273036999787104
1419,76,1495,0.10273179384826339
1411,77,1488,0.10274925495178518
1400,76,1476,0.10278224495696704
1419,76,1495,0.1028378668591066
1417,75,1492,0.10284512284788154
1406,77,1483,0.10285693700437129
1412,77,1489,0.10289314538699838
1409,76,1485,0.10291121142117003
1397,77,1474,0.1029356400074164
1414,79,1493,0.102985141848909
1418,78,1496,0.10299341299773417
1422,79,1501,0.1029909556928347
1427,76,1503,0.10297918543076955
1428,75,1503,0.1029579322522057
1426,79,1505,0.10293672586723009
1427,80,1507,0.10292128057930537
1441,81,1522,0.10290614291458841
1431,80,1511,0.10286074509623966
1428,79,1507,0.102840891014969
1420,76,1496,0.10283088584022387
1419,76,1495,0.10283866408678839
1422,77,1499,0.10284809048793982
1424,77,1501,0.10285076297523087
1425,78,1503,0.102848358749761
1429,78,1507,0.10284416812282522
1421,75,1496,0.10283113513104478
1431,74,1505,0.10283819098693173
1431,79,1510,0.10282136392151735
1423,79,1502,0.10280694365575563
1425,81,1506,0.10280988072434656
1420,81,1501,0.10281040658687228
1424,81,1505,0.10282340742095011
1429,85,1514,0.10282659775992102
1435,84,1519,0.10281758985056999
1416,84,1500,0.10279667648198391
1413,81,1494,0.10281988531839172
1417,81,1498,0.1028470186799792
1411,84,1495,0.10286434874638875
1401,88,1489,0.1028924581647175
1402,87,1489,0.10294141317794797
1405,86,1491,0.10298386871409
1401,84,1485,0.10301707811123764
1412,89,1501,0.10305644503656403
1398,89,1487,0.1030679102942133
1413,89,1502,0.10310992513293515
1417,86,1503,0.10311476070919542
1406,92,1498,0.10310887663744073
1401,93,1494,0.1031293475000697
1396,94,1490,0.1031590795232359
1387,96,1483,0.10319874685804983
1396,92,1488,0.10325660706903733
1407,88,1495,0.10328971404175558
1410,90,1500,0.10329415744525082
1404,89,1493,0.10329086080239097
1402,91,1493,0.10330240060277543
1397,89,1486,0.10331925503065217
1402,89,1491,0.1033446911793419
1410,90,1500,0.10335652467792272
1411,90,1501,0.10334744913173331
1421,90,1511,0.10333872824055952
1417,90,1507,0.10330921080962448
1405,88,1493,0.10329191386737083
1397,88,1485,0.10330055435795611
1410,86,1496,0.10332603230503162
1414,84,1498,0.10332058887172685
1411,85,1496,0.10330627762341603
1418,86,1504,0.10329994704429123
1413,86,1499,0.10327752355805614
1409,90,1499,0.10326794775784286
1410,86,1496,0.10326940719900808
1409,84,1493,0.10326818466429571
1411,87,1498,0.10326951384034061
1403,85,1488,0.10326415546872632
1406,86,1492,0.10327868617707134
1396,88,1484,0.10328327879566977
1403,92,1495,0.10331178435268303
1406,93,1499,0.10332194456604661
1403,94,1497,0.10332533396937282
1391,97,1488,0.10333504270526746
1388,98,1486,0.1033721619019837
1376,98,1474,0.10341489298233672
1368,98,1466,0.10348137323906392
1369,101,1470,0.10356084002141017
1378,100,1478,0.10363017878979486
1395,105,1500,0.10367421505590166
1394,107,1501,0.10367731599233299
1394,108,1502,0.10368187801990732
1394,108,1502,0.10368679097586035
1390,106,1496,0.1036900808888726
1379,107,1486,0.10370213510359833
1380,104,1484,0.10373842806392751
1390,104,1494,0.10376918563383214
1387,104,1491,0.10377578428752031
1397,102,1499,0.10378753763323555
1393,103,1496,0.10377764891888004
1388,103,1491,0.10377728057994677
1381,106,1487,0.10378802045373442
1385,106,1491,0.10381523689333289
1389,108,1497,0.10383328504637337
1384,110,1494,0.10384199715226311
1395,109,1504,0.10386163139688613
1394,108,1502,0.10385245445003999
1387,106,1493,0.1038466958985936
1389,108,1497,0.10385641332573511
1397,108,1505,0.1038600601618753
1392,108,1500,0.10384578600850677
1392,108,1500,0.1038467123963142
1388,111,1499,0.10384678484592394
1386,111,1497,0.10385362760441709
1370,116,1486,0.1038667595282046
1375,106,1481,0.10391555913483348
1363,110,1473,0.10394737019405437
1375,110,1485,0.10400540671482088
1366,106,1472,0.10402921855584733
1369,108,1477,0.10407076821926704
1374,111,1485,0.10410228864842765
1380,108,1488,0.10411870003292345
1391,112,1503,0.10412233610313024
1394,110,1504,0.1041002117067881
1396,111,1507,0.10407331909125318
1396,109,1505,0.10404329354088708
1398,114,1512,0.10401489928587894
1395,116,1511,0.10398395360371004
1392,115,1507,0.10396336830259517
1389,118,1507,0.10395251703301396
1382,118,1500,0.10395118746786781
1387,122,1509,0.10396633297065304
1377,118,1495,0.10396877753685746
1382,118,1500,0.1039938996771713
1384,117,1501,0.10400795668601134
1384,122,1506,0.10401700661509744
1388,123,1511,0.10402602799115805
1381,117,1498,0.10402433899878179
1382,114,1496,0.10403711367369003
1374,114,1488,0.10404752594684887
1380,116,1496,0.10407591235544843
1379,111,1490,0.10408893917824956
1375,112,1487,0.10409839053055499
1376,114,1490,0.10411626465587767
1380,115,1495,0.10413160699218077
1376,112,1488,0.10413888215942362
1382,113,1495,0.1041522406868923
1382,112,1494,0.10415259230602515
1377,112,1489,0.10415199157466841
1391,115,1506,0.10416205075908519
1384,112,1496,0.1041407652563049
1384,113,1497,0.10413656952722959
1362,109,1471,0.1041298556893595
1352,110,1462,0.10417508171262245
1374,115,1489,0.10424025850023594
1374,109,1483,0.10425104743605357
1366,110,1476,0.10426377309217326
1371,111,1482,0.10429238681885473
1385,111,1496,0.10430436816862748
1372,114,1486,0.10428255982490552
1376,113,1489,0.10429308626415659
1368,117,1485,0.10429236935036719
1387,119,1506,0.10430844248762489
1376,122,1498,0.10428000597496938
1378,121,1499,0.10427934247610722
1376,120,1496,0.10427509825391347
1373,124,1497,0.10427917093703894
1378,128,1506,0.10428864028522178
1369,130,1499,0.1042883894195823
1364,131,1495,0.10430838944711024
1360,131,1491,0.10434023991189445
1352,131,1483,0.1043785731086919
1351,128,1479,0.10443192962008979
1346,128,1474,0.1044849117312758
1360,131,1491,0.10454647588500972
1358,129,1487,0.10457089841120501
1359,133,1492,0.10459668218226527
1349,132,1481,0.10461945892834575
1354,132,1486,0.10466364950742416
1353,130,1483,0.10469403327476014
1360,134,1494,0.10472500946835922
1354,135,1489,0.10473693589193508
1341,134,1475,0.10476298898562848
1347,130,1477,0.10481700027263749
1353,127,1480,0.10485315303129529
1346,134,1480,0.10487413048527898
1353,137,1490,0.10490985930293414
1350,136,1486,0.10492615774795949
1357,135,1492,0.10494889839005893
1351,135,1486,0.10495112538835383
1342,138,1480,0.10496913558465033
1333,135,1468,0.10500753806881409
1345,138,1483,0.10506231005620027
1339,141,1480,0.10508533262702477
1340,142,1482,0.10511922467668039
1339,143,1482,0.10515139709267039
1336,144,1480,0.10518333119026892
1334,145,1479,0.10521732457580427
1338,149,1487,0.10525461515485338
1342,159,1501,0.10527832266686765
1346,156,1502,0.10529368358071388
1339,158,1497,0.10529874799106566
1330,153,1483,0.10531681058728648
1336,147,1483,0.10535389036477141
1342,142,1484,0.10537175607763365
1352,138,1490,0.10537500807805081
1334,135,1469,0.10535699024886945
1335,141,1476,0.10538248482294041
1346,141,1487,0.10540273645130496
1356,137,1493,0.1053977185385587
1355,135,1490,0.10536739490966625
1360,135,1495,0.10534118686059539
1348,131,1479,0.10530252599292472
1353,132,1485,0.10529425610475719
1354,131,1485,0.10527523807395127
1353,139,1492,0.10525857291236562
1348,140,1488,0.1052459243949712
1344,147,1491,0.10524592665712212
1352,148,1500,0.10525704420141026
1359,150,1509,0.10525081389378112
1349,148,1497,0.1052300598276765
1352,148,1500,0.10523256376222477
1341,151,1492,0.10523053098249474
1331,149,1480,0.10525559440731208
1333,147,1480,0.10530052319640554
1344,140,1484,0.1053384410005645
1348,150,1498,0.10534705612081544
1344,155,1499,0.10534434265567073
1338,154,1492,0.10535071373463184
1336,156,1492,0.10537185453134891
1338,157,1495,0.10539613064293821
1329,155,1484,0.10541373127312269
1337,153,1490,0.10545133178533254
1346,155,1501,0.10546806479801245
1342,157,1499,0.10546571632542565
1343,161,1504,0.10547396762745748
1335,164,1499,0.10547860844795523
1330,164,1494,0.10550292328232824
1334,169,1503,0.10553834043025981
1339,174,1513,0.10556275284880019
1337,176,1513,0.10557439142852144
1336,177,1513,0.10558853762057854
1325,178,1503,0.10560534906616692
1315,177,1492,0.10564631333739152
1325,175,1500,0.10570701920175025
1323,179,1502,0.10573958750759278
1322,178,1500,0.10577349000420334
1324,175,1499,0.10580835079822566
1318,172,1490,0.10583417045944671
1321,176,1497,0.10587352065643323
1312,182,1494,0.10590105872127571
1318,183,1501,0.10594929120221003
1318,182,1500,0.10597926709780627
1309,182,1491,0.10600801884304394
1324,182,1506,0.10605387254467785
1314,183,1497,0.1060609507060738
1315,180,1495,0.10609030646262972
1312,177,1489,0.10611624398853223
1308,177,1485,0.10614938781663617
1315,179,1494,0.10618889789660649
1322,181,1503,0.1062099900355507
1306,179,1485,0.10621322134603378
1307,184,1491,0.10625243179291015
1313,185,1498,0.10628713240105121
1321,180,1501,0.10630447000522845
1323,179,1502,0.10630359548477682
1328,185,1513,0.10629639932466857
1323,186,1509,0.10628058660187982
1323,184,1507,0.10627812018281207
1319,183,1502,0.10627577249333875
1312,189,1501,0.10628152153487118
1319,187,1506,0.10630483608159068
1322,190,1512,0.10631014038877758
1303,192,1495,0.10630656274201984
1307,189,1496,0.10634577199274768
1311,186,1497,0.10637325309631367
1315,185,1500,0.10638936187346294
1307,189,1496,0.10639644478809128
1314,189,1503,0.10642010041509618
1307,189,1496,0.10642731258345868
1307,189,1496,0.10644970007549158
1299,188,1487,0.1064726064637877
1292,192,1484,0.1065097221524981
1296,194,1490,0.10656006278388777
1294,192,1486,0.10659880203736137
1294,195,1489,0.10663956588404364
1293,197,1490,0.10667751291985592
1294,195,1489,0.10671342388961748
1289,197,1486,0.10674407125262303
1283,192,1475,0.10678321093192845
1287,190,1477,0.10683226607899562
1290,191,1481,0.10686682630370864
1278,195,1473,0.1068928029112302
1282,202,1484,0.10694334906927544
1284,206,1490,0.10698419442980191
1296,203,1499,0.1070165298807932
1299,202,1501,0.10701686987636017
1295,198,1493,0.10701131904949883
1275,196,1471,0.10701390376882751
1286,199,1485,0.10706380194767441
1288,198,1486,0.10708419566341444
1300,204,1504,0.10709702037573114
1307,203,1510,0.10708333604981864
1299,206,1505,0.10705371204535297
1308,203,1511,0.10704748012413413
1300,207,1507,0.10702355355198176
1295,208,1503,0.10701912298612942
1288,210,1498,0.10702748792362468
1281,206,1487,0.10705129024683874
1287,210,1497,0.10708970136206104
1271,211,1482,0.10711189023965495
1271,215,1486,0.10716861035932518
1273,217,1490,0.10722238157931507
1281,216,1497,0.10726705346898466
1274,221,1495,0.1072915757865809
1275,220,1495,0.10733099755186888
1279,211,1490,0.10736636729296045
1273,218,1491,0.10739088349624716
1265,210,1475,0.1074233739635249
1270,210,1480,0.1074710934057639
1280,213,1493,0.10750695354743399
1278,221,1499,0.10751753260269822
1279,228,1507,0.10753339641365567
1281,222,1503,0.10754449869423517
1262,224,1486,0.10754894359560159
1253,231,1484,0.10759509049931477
1251,236,1487,0.10765964571631823
1256,237,1493,0.10772592006046494
1248,238,1486,0.10777643229732085
1246,237,1483,0.10784221461957863
1238,237,1475,0.10790845502312019
1249,234,1483,0.10798651696753303
1258,239,1497,0.10803408191424087
1260,237,1497,0.10805897817645559
1255,235,1490,0.10807606005770895
1245,237,1482,0.10810455713130467
1250,236,1486,0.10815278796010099
1258,237,1495,0.10818731851117795
1253,236,1489,0.10820006327503133
1251,240,1491,0.10822152560088359
1252,240,1492,0.10824592920937093
1245,237,1482,0.10826759281785955
1239,238,1477,0.10830697348548775
1231,247,1478,0.10835564801711765
1233,244,1477,0.1084188694623584
1237,243,1480,0.10847351287621272
1244,249,1493,0.10851534109431268
1243,248,1491,0.10853700538635797
1246,256,1502,0.10856007758915859
1244,250,1494,0.10857561903976082
1246,255,1501,0.10859609572922042
1248,258,1506,0.10861193806773695
1246,250,1496,0.10861924942605991
1256,255,1511,0.1086328279412751
1255,256,1511,0.10862417624990037
1258,254,1512,0.10861733641501634
1256,251,1507,0.10860164301788611
1253,254,1507,0.10859123965607786
1259,253,1512,0.10858946893590718
1244,250,1494,0.10857457792426019
1244,253,1497,0.1085941851438946
1248,254,1502,0.10861385210170842
1255,254,1509,0.10862218953192375
1243,253,1496,0.1086127142053159
1246,253,1499,0.10863027611240565
1240,258,1498,0.10863802907255447
1251,253,1504,0.10865911366267142
1243,255,1498,0.10865420791021708
1249,254,1503,0.1086692516202677
1246,255,1501,0.10866891809197021
1246,258,1504,0.1086759738428121
1245,258,1503,0.10868443965538495
1243,256,1499,0.10869406671302223
1244,258,1502,0.10870927391840639
1236,263,1499,0.10872181081458311
1239,266,1505,0.10875271399651887
1236,265,1501,0.10877542022459635
1240,268,1508,0.10880485903212023
1235,265,1500,0.1088196763758359
1231,261,1492,0.10884560208423284
1232,259,1491,0.10887948719538641
1227,262,1489,0.10891014418072381
1227,271,1498,0.10894850344297131
1222,275,1497,0.10898217100373646
1229,276,1505,0.10902520711869833
1228,280,1508,0.10904905810961649
1223,280,1503,0.10907414426116013
1215,278,1493,0.10910835126582281
1223,277,1500,0.1091617628668687
1223,275,1498,0.1091919292620966
1213,273,1486,0.1092184365276713
1214,277,1491,0.10926554942546016
1226,275,1501,0.10930537408001204
1241,274,1515,0.10931382909288948
1232,268,1500,0.10928583877603248
1224,275,1499,0.1092828777982378
1216,274,1490,0.10929617394011203
1211,272,1483,0.10932566589525963
1215,273,1488,0.10936707615560508
1226,275,1501,0.10939883789106006
1223,286,1509,0.10940205321385324
1215,286,1501,0.10941049412307734
1224,287,1511,0.10943745651441422
1223,291,1514,0.10944308308497697
1230,284,1514,0.10945151710327324
1214,287,1501,0.10944300195798012
1217,286,1503,0.10947026106939649
1212,288,1500,0.10949125329772479
1210,290,1500,0.10952207803418929
1212,283,1495,0.10955836967239914
1214,281,1495,0.10958566155582204
1222,288,1510,0.10960598305902022
1205,294,1499,0.10960741819387158
1212,294,1506,0.10964772996172169
1206,295,1501,0.1096680668219793
1195,298,1493,0.10970084363936948
1193,303,1496,0.10975786708496486
1185,290,1475,0.10981634575105836
1187,284,1471,0.10988578017799729
1190,288,1478,0.10994611375004243
1187,296,1483,0.10999318809906022
1191,293,1484,0.11004626119616709
1191,289,1480,0.11008562404163992
1202,290,1492,0.11012001734670594
1202,290,1492,0.11012863912122359
1208,287,1495,0.1101361233685961
1209,291,1500,0.11012668256922868
1213,287,1500,0.1101114719681351
1226,285,1511,0.1100925499438177
1230,282,1512,0.11004745559026682
1230,286,1516,0.10999437179950071
1226,285,1511,0.10994457651515648
1231,296,1527,0.10990745938088502
1227,295,1522,0.10986101429610333
1221,297,1518,0.10982769049551536
1218,295,1513,0.1098121772334333
1219,296,1515,0.10980607158615192
1204,297,1501,0.10979947263032713
1206,299,1505,0.10982998059595182
1200,296,1496,0.10985294714239338
1202,302,1504,0.10988994722660536
1188,301,1489,0.10991950513859472
1193,300,1493,0.10997875562715546
1192,295,1487,0.11002455536320147
1188,298,1486,0.11007011146941462
1203,300,1503,0.11012130424702002
1208,301,1509,0.11013166518078772
1204,301,1505,0.1101318189905318
1203,297,1500,0.11014066069950353
1210,301,1511,0.11014999535548566
1220,296,1516,0.11014391103775037
1217,294,1511,0.11011424830042102
1213,295,1508,0.11009306091351227
1207,292,1499,0.1100831216896516
1202,289,1491,0.11008853165427247
1195,290,1485,0.1101029975771667
1194,287,1481,0.1101301095568983
1199,294,1493,0.11015931763161912
1188,303,1491,0.11017485586917825
1191,301,1492,0.11021571360585533
1191,303,1494,0.11024647456102178
1183,308,1491,0.11027579238083955
1186,312,1498,0.1103216241613836
1189,310,1499,0.11035368252509854
1185,314,1499,0.11037823178032893
1189,317,1506,0.11041123099133215
1178,315,1493,0.11043268013620365
1179,316,1495,0.11048073217050514
1187,318,1505,0.11052323977341004
1180,314,1494,0.11054361798962407
1185,312,1497,0.11057999343458587
1185,316,1501,0.11060019964760041
1188,315,1503,0.11061914836522019
1182,318,1500,0.1106310629082536
1173,316,1489,0.11065602281266443
1171,326,1497,0.11069768825805813
1174,322,1496,0.11074358221330381
1170,322,1492,0.11078110585942612
1177,319,1496,0.11082397915176705
1176,320,1496,0.11084818515191959
1178,326,1504,0.11087346935460524
1174,329,1503,0.11089288571032775
1184,325,1509,0.11092188781370371
1179,325,1504,0.11092568606672178
1182,334,1516,0.11094070557509461
1182,325,1507,0.11094608655555724
1168,318,1486,0.11095097900950343
1173,322,1495,0.11098876535363494
1161,327,1488,0.11101252721862963
1169,328,1497,0.1110629093878858
1170,328,1498,0.11109240786678143
1172,327,1499,0.11111715614634086
1172,327,1499,0.11113726648595763
1171,328,1499,0.11115257024870825
1173,332,1505,0.1111689255143056
1163,327,1490,0.11117866069697664
1162,328,1490,0.11120923947444679
1177,328,1505,0.1112412042707054
1180,329,1509,0.11123423944596983
1172,333,1505,0.11122035839310239
1176,338,1514,0.11122657298724478
1169,337,1506,0.1112247443835915
1162,338,1500,0.11123927716175176
1162,335,1497,0.11127097888111927
1168,339,1507,0.1112990033631462
1163,340,1503,0.11131157847374608
1170,334,1504,0.1113377060712026
1167,338,1505,0.11134458326511938
1168,344,1512,0.11135819833256105
1172,350,1522,0.11136902478099767
1161,357,1518,0.11137043670619116
1152,353,1505,0.11139571596381699
1150,352,1502,0.11144177136354064
1140,351,1491,0.11149097800450916
1147,349,1496,0.11155908529974276
1150,346,1496,0.11160739382654987
1141,346,1487,0.11164442377054766
1154,349,1503,0.11169722884213616
1144,351,1495,0.11171629862354603
1142,358,1500,0.1117559124642645
1131,352,1483,0.11179977856214993
1139,362,1501,0.11186567320196433
1143,371,1514,0.11191120607684849
1123,363,1486,0.11194528750994859
1126,368,1494,0.11202117258466082
1133,376,1509,0.11208490347404983
1130,371,1501,0.11212804645008247
1146,364,1510,0.11217520518476425
1143,367,1510,0.11217687822324832
1138,357,1495,0.1121831507606468
1140,359,1499,0.11219931562111782
1128,368,1496,0.1122093432440391
1129,365,1494,0.11224541349015979
1134,369,1503,0.11228073395754276
1145,370,1515,0.11229999871489905
1144,370,1514,0.11229279775082476
1140,370,1510,0.11229044740139134
1133,369,1502,0.11229672447923875
1130,361,1491,0.11231842255666213
1139,364,1503,0.11234501440998348
1135,367,1502,0.11234780964807985
1133,372,1505,0.11236111756123605
1134,365,1499,0.11237868190497138
1151,369,1520,0.11239304249416109
1150,366,1516,0.11237040677928498
1152,366,1518,0.11235300808829736
1153,368,1521,0.11233347620430989
1133,369,1502,0.11230842513111515
1131,366,1497,0.11232915984611375
1125,365,1490,0.11235466659085283
1116,367,1483,0.11239039332539325
1112,374,1486,0.11244662201840748
1121,372,1493,0.11250964873221747
1113,372,1485,0.11254680164006445
1127,366,1493,0.11259997800020356
1136,367,1503,0.11261857563074049
1130,370,1500,0.11261307983179343
1133,369,1502,0.11262197799630273
1133,358,1491,0.11262474484474444
1140,363,1503,0.11262777810588777
1134,363,1497,0.11261541850126366
1127,364,1491,0.11261774752728217
1135,366,1501,0.1126360848762945
1136,366,1502,0.1126328589402196
1127,369,1496,0.11262951441878055
1125,364,1489,0.11264855480533278
1127,374,1501,0.11267107179742902
1128,370,1498,0.11268794881271024
1144,372,1516,0.11269694840238863
1137,373,1510,0.1126679772769479
1129,379,1508,0.11266158056924827
1133,375,1508,0.11267299018440546
1149,373,1522,0.1126751278129687
1149,376,1525,0.11264156298242269
1149,371,1520,0.11260915121338418
1146,376,1522,0.112580725897927
1136,374,1510,0.1125614378611742
1135,377,1512,0.1125669587586583
1135,382,1517,0.1125740754300022
1130,382,1512,0.11258142395830913
1131,381,1512,0.11259966098136343
1126,381,1507,0.1126152360917516
1130,377,1507,0.11264252874832685
1139,375,1514,0.11265619412457756
1137,378,1515,0.11264807008953547
1126,383,1509,0.11264571148396772
1130,386,1516,0.11266986002418142
1115,392,1507,0.11268230474326991
1112,394,1506,0.11272702082186342
1117,393,1510,0.1127769454483062
1104,395,1499,0.1128126253498081
1100,399,1499,0.11287715967815756
1107,406,1513,0.11294466557647143
1116,402,1518,0.11298992589564227
1097,403,1500,0.11301293616795537
1093,400,1493,0.11307752711500274
1084,403,1487,0.11314848566969474
1090,401,1491,0.11323439715202394
1081,411,1492,0.11329764675587406
1078,414,1492,0.11337687163758597
1082,417,1499,0.11345679469914942
1070,414,1484,0.11352335073974446
1055,415,1470,0.11361412521137865
1064,421,1485,0.11372965018883756
1058,426,1484,0.11381343072988934
1069,428,1497,0.11390732963050137
1075,422,1497,0.11397163154369166
1069,422,1491,0.11401638634354655
1069,426,1495,0.11407493828745491
1065,433,1498,0.11412491573086077
1073,433,1506,0.1141810108663091
1071,428,1499,0.11421402805705635
1064,424,1488,0.1142506111954755
1063,432,1495,0.11430225154891788
1062,438,1500,0.1143530203362115
1064,438,1502,0.11440223594727641
1066,439,1505,0.11444399124910581
1068,433,1501,0.11447802015401193
1072,436,1508,0.1145064376680699
1071,432,1503,0.11452353844533311
1068,436,1504,0.11454228618300817
1066,441,1507,0.11456721692077909
1063,445,1508,0.11459678992379432
1052,452,1504,0.11463410441045102
1054,452,1506,0.11469522604903246
1045,444,1489,0.11474707210782942
1031,447,1478,0.11481672992333354
1032,454,1486,0.11491299686620915
1047,459,1506,0.11499994805578315
1051,466,1517,0.11504357951518482
1040,464,1504,0.11507484257996986
1029,466,1495,0.11513217778371272
1028,463,1491,0.11521267974986955
1033,470,1503,0.11528869027601024
1027,471,1498,0.11534848360612632
1012,470,1482,0.11541757792890821
1020,476,1496,0.11551696177804939
1021,477,1498,0.1155908408563395
1020,478,1498,0.11565780128136861
1023,479,1502,0.11572132407491989
1030,486,1516,0.1157749687326219
1029,490,1519,0.1158092575775254
1013,482,1495,0.11584415322691811
1018,483,1501,0.11591393274115315
1014,481,1495,0.11596838347311834
1019,484,1503,0.11602900685037047
1016,479,1495,0.11607274867164069
1024,477,1501,0.11612268596332109
1025,485,1510,0.11614898911126093
1020,490,1510,0.11617154145448538
1013,495,1508,0.11620457782743773
1019,495,1514,0.1162526987626202
1015,494,1509,0.11628323591003613
1016,492,1508,0.11632138447996124
1017,497,1514,0.11635429259224324
1026,492,1518,0.11638233401962278
1022,489,1511,0.11638825532703624
1017,499,1516,0.11640049604989766
1014,494,1508,0.11642394378055865
1016,497,1513,0.11645323274362081
1004,496,1500,0.11647632856152047
1001,490,1491,0.11652596155429411
999,493,1492,0.11657853657525347
997,496,1493,0.11663563817783756
991,503,1494,0.11669209225778111
987,509,1496,0.11675794025837963
989,506,1495,0.11683023650839842
986,507,1493,0.11689383198612933
979,510,1489,0.1169606289393205
974,513,1487,0.117039676099354
974,519,1493,0.11712534845326124
974,526,1500,0.1172025378730221
971,526,1497,0.11727450491290402
963,533,1496,0.11734914600134964
962,534,1496,0.11743776388431666
972,530,1502,0.11752369917070665
972,526,1498,0.11757574160878463
978,535,1513,0.11762449284745675
977,535,1512,0.11765332433521629
972,528,1500,0.11768308576493414
973,530,1503,0.11772519440301128
971,531,1502,0.11776202105602616
965,534,1499,0.11780160110732009
964,534,1498,0.11785153635026263
955,539,1494,0.11789602634993326
948,536,1484,0.11796029666136981
948,540,1488,0.11803446272253364
947,545,1492,0.11810549574683513
951,549,1500,0.1181729902318743
949,546,1495,0.1182265679736561
963,549,1512,0.11828341649693402
965,554,1519,0.11830340784121905
948,548,1496,0.1183187133280465
944,551,1495,0.11837310640719291
937,554,1491,0.11843424798780802
933,562,1495,0.11850728650479965
934,562,1496,0.11858189637503928
932,566,1498,0.11864879704075877
931,568,1499,0.1187156970310288
931,573,1504,0.11878130038148069
929,570,1499,0.11884266662018969
933,568,1501,0.11890131343908933
925,567,1492,0.11894816352186624
930,563,1493,0.1190114860421522
921,567,1488,0.11905835347957211
924,565,1489,0.1191233848190773
930,560,1490,0.11917724518888412
934,564,1498,0.11921409485897982
931,564,1495,0.1192386533705766
933,571,1504,0.11926892787988894
928,567,1495,0.11929086111934473
924,580,1504,0.11932461891762663
918,579,1497,0.1193649144828538
913,566,1479,0.11941610811525961
908,561,1469,0.11947484268411142
919,568,1487,0.1195401300890422
918,574,1492,0.11957799770842521
919,575,1494,0.11961610114919685
911,575,1486,0.11964903863298311
913,580,1493,0.11969798563491256
928,575,1503,0.1197386504214907
925,581,1506,0.11974002296298604
923,574,1497,0.11974849083212391
916,576,1492,0.11976266480754622
913,585,1498,0.11979173493621524
903,581,1484,0.1198260147224714
898,582,1480,0.11987958610577447
908,587,1495,0.11994040954281111
905,587,1492,0.11997386341500171
913,592,1505,0.12001309877598061
928,591,1519,0.12003082611525073
927,588,1515,0.12001296012096098
920,581,1501,0.12000261590457996
912,571,1483,0.12000763324952368
908,579,1487,0.12003113253461166
903,587,1490,0.1200584055971992
903,585,1488,0.12009717256453048
910,582,1492,0.1201339082932089
914,571,1485,0.1201516873493232
910,575,1485,0.12016048836136738
908,591,1499,0.12017896345503033
917,597,1514,0.12020115755264575
911,593,1504,0.12020316626375563
914,588,1502,0.12021858735758251
903,592,1495,0.12022639701886943
907,595,1502,0.12025720627549032
913,589,1502,0.12027594060510381
911,591,1502,0.1202808718706151
915,592,1507,0.1202899236910791
915,591,1506,0.12029036532539582
928,583,1511,0.12028871150288052
923,591,1514,0.12025675836292805
912,596,1508,0.12023767765087107
904,591,1495,0.12024813147419615
912,590,1502,0.12027624139833111
906,585,1491,0.12028679861951436
910,590,1500,0.12031046238369107
897,593,1490,0.12032413125936035
894,593,1487,0.12036667946270495
898,593,1491,0.12041500208353512
887,594,1481,0.12044780335550129
890,596,1486,0.12050438875106878
894,601,1495,0.12055176137691294
904,603,1507,0.12058472335981822
892,615,1507,0.12059093857099096
885,615,1500,0.12062719509450347
886,607,1493,0.12067949370924376
884,611,1495,0.12072774508678
872,619,1491,0.12077904103641864
865,624,1489,0.1208518121648632
855,626,1481,0.1209370795759525
859,633,1492,0.12103954673603022
851,635,1486,0.12112783340851493
857,642,1499,0.12123019928486212
851,647,1498,0.12131228707228288
848,646,1494,0.12140187782815313
850,644,1494,0.12149388120153595
852,653,1505,0.12157590762363181
865,648,1513,0.12164763751523106
854,643,1497,0.12168472711508141
856,652,1508,0.12174421780496297
849,652,1501,0.12179554928068306
855,651,1506,0.12185920177514431
855,650,1505,0.12190419548686933
846,657,1503,0.12194891235696001
841,667,1508,0.12201023445884593
836,667,1503,0.12207989200922284
831,663,1494,0.12215663107522368
823,670,1493,0.12223877079197887
834,661,1495,0.12233412069813393
829,664,1493,0.12239505035790885
833,663,1496,0.12246494767673535
822,674,1496,0.1225179495781209
825,667,1492,0.12259403272647436
824,656,1480,0.12265939010487627
827,664,1491,0.12272058790685506
835,666,1501,0.12276925483078394
834,661,1495,0.12279618708188891
834,667,1501,0.12282278303003057
823,663,1486,0.12284687989219158
821,668,1489,0.12289532511453966
824,673,1497,0.12294689922687509
826,670,1496,0.12298613836826838
827,677,1504,0.12301651321165208
820,677,1497,0.12304113802771904
805,681,1486,0.1230803811829056
814,687,1501,0.12315252827166628
812,690,1502,0.12320046145111357
818,690,1508,0.12325274434711125
820,698,1518,0.12328812455917632
820,692,1512,0.12331669405804302
820,690,1510,0.1233432978445823
812,690,1502,0.1233657578633942
812,693,1505,0.12340703236508528
816,688,1504,0.12344351684221597
813,689,1502,0.1234680519868258
814,689,1503,0.12349914322274405
818,696,1514,0.12352508619005576
825,685,1510,0.12353720139050624
829,690,1519,0.12353346808336198
836,683,1519,0.12352088433353955
829,687,1516,0.12349487701122128
821,682,1503,0.12348627364721906
814,681,1495,0.12349768825203031
818,680,1498,0.12352393581152178
830,682,1512,0.12353924209101194
818,681,1499,0.12352518891528977
818,676,1494,0.12354023829689803
812,680,1492,0.12355480594540762
811,685,1496,0.1235826883169941
806,695,1501,0.12361295479388065
810,696,1506,0.12365111831478665
802,702,1504,0.12367940023527449
794,697,1491,0.12372401286345788
805,695,1500,0.12378679510092516
805,706,1511,0.12381802646159938
795,715,1510,0.12384581271352324
803,709,1512,0.12389566704362201
795,711,1506,0.12392505823792398
797,714,1511,0.1239705006052025
795,710,1505,0.12400748245746772
791,703,1494,0.1240473710063451
797,707,1504,0.12409308887561292
790,700,1490,0.12412270602522896
785,705,1490,0.12416764964075763
802,712,1514,0.12422268334988792
802,709,1511,0.12423288009601312
799,715,1514,0.12424371766148219
791,717,1508,0.12426012642732008
776,724,1500,0.1242952598053991
775,725,1500,0.12436364695370497
790,721,1511,0.12443273735133452
789,726,1515,0.12445745982929733
784,725,1509,0.1244832273744536
787,724,1511,0.12452009410543101
792,735,1527,0.12454715959048444
788,733,1521,0.12456100068665549
781,735,1516,0.12458173385466974
764,732,1496,0.12461874203663963
765,727,1492,0.12469359224748355
756,741,1497,0.12476151237338168
762,741,1503,0.12484561257489998
756,747,1503,0.12491091438237163
752,748,1500,0.12498700092039992
751,748,1499,0.12506535027226778
759,753,1512,0.12514217991833412
749,744,1493,0.12519527373009487
754,754,1508,0.12526832854270867
759,746,1505,0.1253235846340259
763,746,1509,0.12536322426784488
751,752,1503,0.12538879315806312
755,769,1524,0.12543967477602797
743,762,1505,0.12547832700003145
751,764,1515,0.1255436562120324
755,770,1525,0.125586194282649
755,777,1532,0.12562025272169428
749,757,1506,0.1256523967923159
740,764,1504,0.12569794656583488
731,754,1485,0.12576033336901715
731,756,1487,0.12584023079472081
735,761,1496,0.12591392461155768
743,767,1510,0.125971997508567
739,770,1509,0.12600441544072685
740,765,1505,0.1260440342829795
740,760,1500,0.12607904523432228
733,760,1493,0.1261146003663468
733,764,1497,0.1261640697990561
739,770,1509,0.12620823649197768
742,774,1516,0.12623874958000966
736,776,1512,0.12625775860361968
729,778,1507,0.126291115835652
720,781,1501,0.12633959294722874
718,784,1502,0.12640597768679757
721,795,1516,0.12647408846848046
718,797,1515,0.126532510619497
722,787,1509,0.12659222621499305
720,792,1512,0.12663743737555236
713,780,1493,0.12668396323108408
715,779,1494,0.1267446335501297
712,777,1489,0.12679713606900062
715,784,1499,0.12685035138468115
715,790,1505,0.12689252256784853
707,788,1495,0.12693130386720936
706,793,1499,0.1269857390221095
706,794,1500,0.12703825305203367
716,795,1511,0.12708723088653623
713,789,1502,0.12711021057714658
707,796,1503,0.12713875339606898
711,789,1500,0.12717975130982295
712,788,1500,0.12720747429444354
710,786,1496,0.12723059291521321
705,786,1491,0.12725564001157325
711,798,1509,0.1272887032881658
718,799,1517,0.12730824330562093
724,798,1522,0.12731164188746574
732,795,1527,0.1273005539057322
730,792,1522,0.1272725028841421
728,785,1513,0.12725126746159027
723,794,1517,0.12723746014371656
720,793,1513,0.12723723964727943
712,798,1510,0.12724503039151774
711,802,1513,0.12727095439612085
709,805,1514,0.12729806546173092
705,800,1505,0.1273248436695841
704,801,1505,0.12736001420745166
709,810,1519,0.12739662885967895
708,805,1513,0.1274186943623409
708,821,1529,0.12744194933173286
704,815,1519,0.1274651538254937
699,814,1513,0.12749658760817575
705,811,1516,0.12753778962629606
703,814,1517,0.1275628686313067
703,813,1516,0.12759051854925685
707,814,1521,0.12761764774068446
713,805,1518,0.1276344009227482
712,799,1511,0.12763142770376212
701,795,1496,0.12763347540183945
696,798,1494,0.12766074177119957
691,805,1496,0.1276985373879136
689,805,1494,0.12774470784938632
700,810,1510,0.12779162120776344
703,814,1517,0.127808859194197
695,812,1507,0.12781653110650268
690,809,1499,0.1278417588635718
689,820,1509,0.12787778273923395
681,810,1491,0.12791212554030942
691,812,1503,0.12796566593672734
694,808,1502,0.12799383706421288
686,817,1503,0.12801224551980867
690,824,1514,0.128047253126941
686,825,1511,0.12807157907272346
690,830,1520,0.1281061949005414
687,826,1513,0.12812727901394216
679,826,1505,0.12815291644393573
675,839,1514,0.12819612754744003
675,846,1521,0.12824606023822782
659,852,1511,0.12829130285798387
662,850,1512,0.1283732785718813
671,844,1515,0.1284424195779888
676,850,1526,0.1284861530024239
674,849,1523,0.12851629219807026
663,865,1528,0.1285512331263803
666,860,1526,0.12861149790753162
663,854,1517,0.12866010092144747
661,853,1514,0.1287124242140387
656,842,1498,0.12876810776097772
652,859,1511,0.12883102500607913
663,852,1515,0.12889779103922322
664,848,1512,0.1289324982265718
652,852,1504,0.1289592958633209
646,867,1513,0.12901344225234626
651,862,1513,0.12907578520635676
652,862,1514,0.12912548212660444
647,861,1508,0.12917180789737354
644,871,1515,0.1292265907849715
644,867,1511,0.1292866791158948
643,858,1501,0.12934523149566957
633,862,1495,0.12940347137196362
635,863,1498,0.12947894642568203
634,870,1504,0.12954615222296462
640,872,1512,0.12960852815713303
639,871,1510,0.12964988812575937
635,881,1516,0.12969168519601496
630,876,1506,0.1297358230606816
625,878,1503,0.12979236960088433
618,878,1496,0.1298553158993071
621,884,1505,0.12993166060099598
631,893,1524,0.12999574005913175
622,894,1516,0.1300341154248133
617,901,1518,0.13009102244733417
613,902,1515,0.13015743852085238
618,892,1510,0.1302299841609523
631,893,1524,0.13028598450489345
633,890,1523,0.13030733281311607
629,884,1513,0.1303196793551326
624,874,1498,0.1303408565033433
623,872,1495,0.1303693929034117
615,872,1487,0.13039856464442018
611,886,1497,0.13044509164492601
609,887,1496,0.1304954038536982
614,884,1498,0.13054714580728363
615,882,1497,0.13058307360481136
617,887,1504,0.1306132155235877
619,887,1506,0.13063650069682609
626,889,1515,0.13065190634367269
616,886,1502,0.13064995711059604
614,890,1504,0.13067279917127034
614,895,1509,0.13070152770046145
608,896,1504,0.13072827199802112
607,890,1497,0.13076946265012535
618,903,1521,0.13081093832150878
614,898,1512,0.13082411939663227
623,893,1516,0.13084586641839122
612,905,1517,0.13084649893872183
614,908,1522,0.13087251708889208
611,913,1524,0.13089192355952045
610,902,1512,0.13091756239853528
618,912,1530,0.13094161263021004
614,909,1523,0.13094502556521614
609,913,1522,0.13095719860483898
604,915,1519,0.13098237692947864
599,917,1516,0.13102007266603002
598,913,1511,0.13106756704689
594,917,1511,0.13111542204067902
599,918,1517,0.13117007585117993
595,916,1511,0.13120924689593275
598,926,1524,0.13125305695962822
588,919,1507,0.13128857090462331
584,926,1510,0.13134416126591247
577,929,1506,0.1314039062369533
585,931,1516,0.13147881375476367
583,933,1516,0.1315262317496831
574,929,1503,0.13157673936248784
575,929,1504,0.13164662816165223
582,926,1508,0.13170866500302203
579,928,1507,0.13174986964891275
585,927,1512,0.13179751970640033
584,930,1514,0.1318249543747111
579,932,1511,0.131853614956775
581,920,1501,0.13189120292176398
585,919,1504,0.1319211945501676
585,930,1515,0.131937819606314
581,926,1507,0.13195663359263804
572,917,1489,0.13198408713322243
568,931,1499,0.13203002859781515
572,932,1504,0.132080395155358
566,937,1503,0.13211691616818977
563,944,1507,0.13216569691118604
560,943,1503,0.1322182014160718
562,939,1501,0.1322774829176385
557,945,1502,0.13232838697462765
552,949,1501,0.13238667484789218
552,945,1497,0.13245632662245063
550,960,1510,0.13252089936909853
553,954,1507,0.13258466594191554
551,956,1507,0.132638776312245
548,971,1519,0.1326923228715637
554,965,1519,0.1327508375557168
547,956,1503,0.13279137938722638
544,937,1481,0.13284503459107788
543,939,1482,0.1329024327330519
546,942,1488,0.13295860569476683
545,943,1488,0.13300159619831795
547,944,1491,0.1330443976377184
555,947,1502,0.13307834115132852
551,946,1497,0.13309015418452788
548,945,1493,0.13311029603507646
540,946,1486,0.1331352485410622
542,948,1490,0.1331800388079272
545,946,1491,0.13321724223819312
543,942,1485,0.13324345545718314
538,954,1492,0.13327220470930354
543,961,1504,0.1333110887048004
541,955,1496,0.13333611033038037
537,968,1505,0.13336535975473437
541,970,1511,0.13340397501276274
539,979,1518,0.13343008215555247
530,981,1511,0.13346020562645336
532,979,1511,0.13351089088683893
535,972,1507,0.13355600551891356
538,973,1511,0.13358781615705081
532,984,1516,0.13360831507470716
531,992,1523,0.13364142773364876
529,994,1523,0.13367704842035377
526,989,1515,0.1337159731966259
521,989,1510,0.1337605623559078
512,996,1508,0.13381344268351683
507,997,1504,0.13388490935008782
500,998,1498,0.13396626954028762
500,1008,1508,0.13405773627822729
503,1006,1509,0.13414307167642675
502,1004,1506,0.13421440111410843
500,1003,1503,0.13428200466153373
510,1007,1517,0.13435014385520833
509,1011,1520,0.13438882431716564
506,1014,1520,0.13442647950900763
505,1009,1514,0.13446788672305426
502,1016,1518,0.13451031027912422
500,1012,1512,0.13455973876877741
500,1018,1518,0.13460916612621981
485,1026,1511,0.1346572910736777
487,1026,1513,0.13473761156655845
483,1020,1503,0.13480641747767638
491,1016,1507,0.13487937265020228
495,1012,1507,0.13492836743817122
493,1007,1500,0.13496416837975078
492,1016,1508,0.1350021608948914
493,1019,1512,0.13503742056628237
489,1033,1522,0.1350674002210177
482,1036,1518,0.13510544323086035
481,1040,1521,0.1351605274248881
476,1041,1517,0.13521414911474883
476,1044,1520,0.13527562601936188
476,1050,1526,0.13533500590101222
467,1053,1520,0.13539242322367354
459,1056,1515,0.13546707039690992
456,1057,1513,0.1355560814382701
461,1048,1509,0.1356451886025411
462,1042,1504,0.13571591648074835
466,1047,1513,0.13577697621460413
468,1044,1512,0.1358249762893252
469,1049,1518,0.13586478310552141
471,1033,1504,0.1359003611096875
472,1034,1506,0.13592775109627517
472,1037,1509,0.13594833510573076
469,1031,1500,0.135966476347271
475,1035,1510,0.13599005441187814
470,1027,1497,0.13599680575986445
475,1026,1501,0.1360161300485737
476,1021,1497,0.13602043626606428
477,1021,1498,0.1360205450329267
473,1018,1491,0.13601691321381904
471,1024,1495,0.1360236041453264
473,1023,1496,0.13603359716949456
465,1034,1499,0.1360396766441656
466,1043,1509,0.1360650858146216
466,1047,1513,0.1360871572097787
466,1052,1518,0.1361088307049144
473,1048,1521,0.13613076796876145
472,1059,1531,0.13613575728383026
462,1051,1513,0.136141868810486
471,1048,1519,0.13617314845299597
463,1060,1523,0.1361815971586366
456,1059,1515,0.13621062509210924
452,1059,1511,0.13625651942332112
452,1052,1504,0.136308519417009
449,1059,1508,0.1363531535379176
453,1064,1517,0.13640372848648682
452,1057,1509,0.13644207463994967
451,1056,1507,0.1364816886844559
439,1064,1503,0.1365217672053184
441,1062,1503,0.1365875603656525
439,1063,1502,0.13664658501750046
447,1063,1510,0.13670546795687222
447,1067,1514,0.13674001530698845
449,1071,1520,0.1367706026805298
437,1081,1518,0.13679479488446686
427,1086,1513,0.1368478095272161
430,1082,1512,0.1369219012141981
431,1085,1516,0.1369842049038213
436,1091,1527,0.13704017672465565
431,1089,1520,0.13708151645162509
439,1076,1515,0.13713292906496716
428,1075,1503,0.13716103453509887
423,1081,1504,0.13721156135378995
420,1082,1502,0.1372700618065412
417,1078,1495,0.13733297595446145
412,1093,1505,0.1373951812617679
418,1098,1516,0.13746519240979538
415,1106,1521,0.13751457588168545
421,1104,1525,0.13756950492774941
422,1091,1513,0.13760757408491953
419,1095,1514,0.13764058367863602
418,1095,1513,0.13767900699215627
425,1097,1522,0.13771693309241415
422,1095,1517,0.1377348090002909
413,1091,1504,0.13775995774164276
412,1089,1501,0.13780747751789924
412,1101,1513,0.1378526338805295
415,1101,1516,0.13789448221161982
408,1104,1512,0.1379275990458016
405,1096,1501,0.1379772865610499
399,1104,1503,0.1380318000515598
390,1110,1500,0.13809699697544128
393,1116,1509,0.13817861102276077
390,1113,1503,0.1382476034613234
384,1122,1506,0.13831751387069743
391,1122,1513,0.1383967285014874
385,1129,1514,0.13845219938971248
382,1133,1515,0.13851834663310547
372,1128,1500,0.1385882854867572
369,1123,1492,0.13867780408216535
374,1131,1505,0.13876962107627006
370,1129,1499,0.13884476663777157
373,1129,1502,0.13892499564672378
367,1129,1496,0.13899032726619737
364,1136,1500,0.13906408296371736
363,1145,1508,0.13914159229925832
361,1152,1513,0.13921560425259827
358,1155,1513,0.13929154205713695
359,1158,1517,0.13936955049464184
359,1153,1512,0.1394405673756172
363,1151,1514,0.13950813243443672
356,1166,1522,0.13956312705113744
355,1158,1513,0.1396301221584496
346,1163,1509,0.1396955300775197
354,1170,1524,0.13977892874740103
361,1161,1522,0.13983794745474198
359,1157,1516,0.13987669224083032
358,1158,1516,0.13991728044878698
361,1168,1529,0.1399597485004478
362,1166,1528,0.13999303950645636
360,1162,1522,0.14002008988803508
356,1160,1516,0.14004995679278143
356,1158,1514,0.14008904756601429
349,1164,1513,0.14012738124271856
351,1160,1511,0.14017907406584473
352,1162,1514,0.14022387114966794
352,1160,1512,0.14026105384744483
350,1162,1512,0.1402941965152776
348,1160,1508,0.1403313286054601
348,1170,1518,0.1403703068477571
342,1176,1518,0.14040692550481215
337,1181,1518,0.14045615977107637
333,1178,1511,0.1405159054983711
337,1188,1525,0.14058230507303598
335,1188,1523,0.14063584805183457
336,1188,1524,0.1406893958783575
335,1182,1517,0.14073501430282107
335,1181,1516,0.14077959682973645
337,1170,1507,0.1408221873542982
340,1183,1523,0.1408586917326589
343,1180,1523,0.14088594636094046
341,1187,1528,0.1409053193097629
335,1177,1512,0.1409281717757003
332,1181,1513,0.14096452196418097
334,1178,1512,0.1410062662638582
335,1177,1512,0.14104172319625416
332,1184,1516,0.14107113123861567
328,1181,1509,0.14110413265987615
319,1178,1497,0.14114344097629278
317,1191,1508,0.1412017520276443
320,1195,1515,0.14125995627974658
326,1183,1509,0.14130761749255585
326,1184,1510,0.14133910870467983
332,1182,1514,0.14136830431226002
333,1192,1525,0.14137903604724117
336,1196,1532,0.14138665271069756
334,1186,1520,0.14138765632474712
328,1192,1520,0.14139356308880904
329,1197,1526,0.14141345325781887
326,1198,1524,0.1414315786319094
324,1207,1531,0.14145710671323308
325,1199,1524,0.14148617946256706
321,1196,1517,0.1415121118364717
323,1201,1524,0.1415440592854363
327,1192,1519,0.1415697387243036
321,1184,1505,0.14158336368242808
321,1182,1503,0.14161100127470408
317,1179,1496,0.14163660933791142
316,1191,1507,0.14166880815682548
309,1202,1511,0.1417039804888468
312,1205,1517,0.14175315967576918
312,1206,1518,0.14179397234531696
310,1204,1514,0.1418316558528847
306,1211,1517,0.14186988648379306
306,1209,1515,0.1419131740323959
311,1209,1520,0.14195389809781842
312,1206,1518,0.14197981397215037
308,1202,1510,0.14200332640320973
304,1196,1500,0.14203429393176806
303,1190,1493,0.14207354271050154
307,1195,1502,0.1421122662155969
305,1197,1502,0.14213835072220726
305,1207,1512,0.1421681943736994
307,1212,1519,0.1421968799266221
311,1206,1517,0.14221531671757004
309,1199,1508,0.14222259697651776
311,1199,1510,0.14223445341892624
312,1208,1520,0.1422391869754818
313,1212,1525,0.14224063924814045
310,1220,1530,0.14224145065401392
304,1223,1527,0.14225062102138397
300,1224,1524,0.14227643332372575
297,1215,1512,0.1423105711631318
302,1219,1521,0.14234721432976816
302,1217,1519,0.14236944319317024
296,1212,1508,0.14239214117630955
294,1208,1502,0.14242873653188245
289,1210,1499,0.14246713845025874
289,1204,1493,0.14251597705714902
285,1217,1502,0.14256237970983446
287,1225,1512,0.1426145961287827
287,1234,1521,0.14266016269397672
285,1230,1515,0.14270301615797734
282,1226,1508,0.14274839145780116
276,1220,1496,0.14279955908219732
279,1242,1521,0.1428607116459125
285,1236,1521,0.14290982679719147
283,1237,1520,0.14294236430276666
281,1233,1514,0.1429754318867252
282,1237,1519,0.14301020819830307
283,1230,1513,0.1430407685075038
283,1227,1510,0.14306689239824316
279,1226,1505,0.14309076645935204
278,1229,1507,0.14312433970270608
281,1230,1511,0.14315711045488932
285,1222,1507,0.14317928162532712
280,1228,1508,0.1431903613432797
283,1231,1514,0.14321292406120412
279,1228,1507,0.143224657998973
283,1226,1509,0.14324550050695245
282,1214,1496,0.14325669518851364
282,1215,1497,0.1432705494601241
285,1211,1496,0.14328320767798072
285,1203,1488,0.14328642095502925
287,1215,1502,0.14329124353879968
286,1211,1497,0.14328989475565687
278,1223,1501,0.14329091598922183
278,1239,1517,0.14331263852483966
275,1224,1499,0.14333269825393363
274,1225,1499,0.14335880044602242
278,1233,1511,0.14338431348212483
276,1226,1502,0.14339752512453846
280,1221,1501,0.1434146140024827
282,1215,1497,0.1434214364733383
284,1220,1504,0.14342199831464866
282,1222,1504,0.14341668482634323
280,1217,1497,0.14341557449131076
283,1221,1504,0.14342063154624157
284,1218,1502,0.14341900231512433
279,1227,1506,0.14341342357984938
280,1248,1528,0.1434206591020272
283,1250,1533,0.1434255052194012
282,1239,1521,0.14342452322997254
284,1224,1508,0.14342776199117854
286,1230,1516,0.14342511699142677
287,1231,1518,0.1434173196809968
287,1237,1524,0.1434083340607519
289,1227,1516,0.14340080654391182
286,1225,1511,0.1433885657407482
285,1219,1504,0.1433839717969018
290,1216,1506,0.14338166107913616
288,1217,1505,0.14336346467918862
289,1216,1505,0.14335144279199433
290,1234,1524,0.14334001552149644
289,1236,1525,0.14332862074925679
288,1236,1524,0.14332213220677395
282,1226,1508,0.14331688455809533
282,1241,1523,0.1433265955817402
282,1235,1517,0.14333602888597255
281,1229,1510,0.14334604925817918
278,1228,1506,0.14335720829331042
276,1231,1507,0.14337283476583645
273,1234,1507,0.1433933979134586
278,1232,1510,0.14342172448225735
280,1226,1506,0.14343526680567092
279,1223,1502,0.1434434501171828
278,1228,1506,0.14345338063674115
273,1238,1511,0.1434649417213778
276,1249,1525,0.14348840637173293
269,1243,1512,0.14350306602661697
267,1252,1519,0.14353340264083392
266,1250,1516,0.14356626600619704
269,1243,1512,0.14360090183050167
268,1239,1507,0.14362396200795643
273,1240,1513,0.1436495708668826
268,1246,1514,0.14366053331042708
270,1248,1518,0.143682067435189
272,1251,1523,0.14369826946755285
277,1246,1523,0.14370702109532657
276,1240,1516,0.14370442400220967
272,1239,1511,0.14370414682464266
270,1246,1516,0.14371420950491332
264,1247,1511,0.14373052833133515
260,1257,1517,0.1437611768976841
259,1254,1513,0.1437995975311715
255,1243,1498,0.1438390231783963
253,1253,1506,0.14388553791770317
255,1256,1511,0.14393454655195234
252,1258,1510,0.14397556331844852
244,1255,1499,0.1440219390753527
243,1269,1512,0.1440837626395407
244,1275,1519,0.14414198645508994
242,1269,1511,0.14419289649213635
240,1274,1514,0.14424631787812678
230,1288,1518,0.14430210244011415
226,1296,1522,0.14437854792880697
227,1294,1521,0.1444582938615489
229,1298,1527,0.14453179947728104
227,1301,1528,0.14459406136607544
230,1280,1510,0.14465643201573586
230,1281,1511,0.14470710161518266
231,1282,1513,0.14475287345873875
231,1268,1499,0.14479240258014442
231,1272,1503,0.1448292108162475
234,1275,1509,0.14486413549751678
227,1290,1517,0.14489077136778547
223,1287,1510,0.14493259460546346
224,1289,1513,0.1449818887513198
224,1293,1517,0.14502586267429649
223,1296,1519,0.14506652064941225
221,1294,1515,0.14510748563076503
216,1307,1523,0.1451508632384444
210,1306,1516,0.14520363702507738
207,1303,1510,0.14526633237147074
211,1314,1525,0.1453327579174653
210,1317,1527,0.14538505070998908
211,1308,1519,0.1454348491531792
208,1302,1510,0.14548004449051347
203,1308,1511,0.14553009533480502
207,1313,1520,0.1455878850269972
207,1315,1522,0.14563334550870566
207,1309,1516,0.14567650371433336
207,1310,1517,0.14571491320381036
200,1306,1506,0.14575119422637994
200,1316,1516,0.14580185415309901
199,1315,1514,0.1458500654616477
202,1317,1519,0.14589710099859057
205,1323,1528,0.14593427272186144
203,1330,1533,0.14596173314081784
204,1327,1531,0.1459934238481136
199,1327,1526,0.14601988341701846
201,1322,1523,0.14605662177341389
201,1310,1511,0.1460869849297832
205,1311,1516,0.14611616093963722
206,1313,1519,0.14613368894225945
208,1318,1526,0.14614727915888254
208,1323,1531,0.14615188614500432
214,1310,1524,0.14615470673914152
209,1308,1517,0.14614146162000355
203,1313,1516,0.14614233595517997
203,1311,1514,0.14615794040900368
202,1322,1524,0.14617251243491222
202,1317,1519,0.14618966422134766
203,1323,1526,0.1462066644678247
198,1324,1522,0.14622061932874098
199,1320,1519,0.1462464502256421
199,1313,1512,0.14626890940739126
191,1324,1515,0.14628767432220313
195,1317,1512,0.14632424195645383
195,1319,1514,0.14634719497978066
195,1323,1518,0.1463675158892846
196,1311,1507,0.1463865486259366
195,1308,1503,0.1464020690104631
196,1303,1499,0.14641957597622252
201,1304,1505,0.1464325328014566
198,1298,1496,0.14643205157915895
197,1298,1495,0.1464404689468487
200,1308,1508,0.14645211526929539
197,1306,1503,0.1464562665308512
201,1303,1504,0.14646745259431226
195,1323,1518,0.14646811836772042
195,1322,1517,0.14648436338612725
195,1317,1512,0.1464998186390651
191,1330,1521,0.14651552885632235
187,1318,1505,0.14654122669490952
190,1323,1513,0.14657552425471632
194,1327,1521,0.14659907256398572
194,1327,1521,0.14661018383985444
193,1315,1508,0.14662095877570908
187,1296,1483,0.14663158429389597
191,1303,1494,0.14665498303523766
192,1304,1496,0.14666661399832315
195,1307,1502,0.14667609848750346
195,1319,1514,0.14667828741402938
195,1319,1514,0.14668075843623712
195,1310,1505,0.1466833976061345
192,1321,1513,0.14668677194679067
190,1319,1509,0.14669726707343356
188,1321,1509,0.1467120287961497
191,1322,1513,0.14673045595234568
189,1328,1517,0.1467407215203946
187,1330,1517,0.14675509028943054
190,1330,1520,0.14677342735629784
183,1337,1520,0.14678353492277277
185,1335,1520,0.14681013018242983
183,1327,1510,0.14683057377110256
179,1324,1503,0.14685582773589523
179,1330,1509,0.14688742703638058
176,1332,1508,0.14691705426380278
176,1325,1501,0.14695018242010283
178,1340,1518,0.14698198057306497
177,1334,1511,0.147006994063936
178,1334,1512,0.1470325055883954
177,1349,1526,0.14705539188332886
182,1336,1518,0.14707924911480622
181,1341,1522,0.14708768800362176
179,1334,1513,0.14709889034930362
181,1342,1523,0.1471153862852936
181,1329,1510,0.14712514861021764
179,1328,1507,0.14713579646246486
176,1327,1503,0.14715079694778638
178,1332,1510,0.14717138440002814
177,1349,1526,0.14718733711121368
173,1342,1515,0.14720550357182863
164,1331,1495,0.14723111769831415
167,1344,1511,0.14727611190903692
161,1358,1519,0.1473116713575994
158,1359,1517,0.14735878645095912
161,1363,1524,0.14740972781238823
162,1367,1529,0.1474508419825418
164,1361,1525,0.14748793945786268
162,1365,1527,0.14751877785827522
162,1357,1519,0.1475521234428775
162,1353,1515,0.14758364505550192
164,1353,1517,0.14761361189083225
164,1362,1526,0.14763704182606016
159,1358,1517,0.1476597281539984
161,1363,1524,0.14769319423096358
159,1347,1506,0.14771814664426983
157,1360,1517,0.14774692548588728
158,1360,1518,0.14777902832293047
163,1361,1524,0.14780633774514085
163,1357,1520,0.1478193743329643
161,1370,1531,0.1478307491093023
158,1361,1519,0.14784522277215337
161,1357,1518,0.1478666455993644
160,1364,1524,0.1478800918432997
161,1359,1520,0.14789477744735985
158,1354,1512,0.14790566555317392
160,1362,1522,0.14792335586759178
158,1352,1510,0.14793470067103265
159,1351,1510,0.1479506007120426
162,1362,1524,0.14796210422239986
161,1357,1518,0.14796615032680702
160,1354,1514,0.14797271596163183
156,1368,1524,0.14798284540383
154,1359,1513,0.1480004808576996
153,1366,1519,0.1480212421964038
154,1365,1519,0.14804416172170196
155,1357,1512,0.1480622747783059
153,1364,1517,0.14807665388738445
153,1361,1514,0.14809469788445903
154,1363,1517,0.14811026810339442
154,1365,1519,0.14812091520393827
148,1378,1526,0.14813043420620375
152,1370,1522,0.1481533596596127
151,1363,1514,0.1481659444972353
142,1369,1511,0.1481808398761536
143,1377,1520,0.14821589637817767
138,1380,1518,0.14824649316920271
138,1385,1523,0.1482873457872434
138,1399,1537,0.1483248766788502
140,1398,1538,0.14836071389742117
139,1382,1521,0.14838948963322438
138,1391,1529,0.14841817691423695
139,1387,1526,0.1484484155054169
139,1384,1523,0.14847121924995593
141,1383,1524,0.14849237652453182
137,1377,1514,0.14850864334020936
134,1375,1509,0.1485337642008503
133,1375,1508,0.14856561476855026
136,1388,1524,0.14859716622162583
138,1382,1520,0.14861960989207962
137,1384,1521,0.14863586171277635
142,1379,1521,0.1486533092442826
143,1371,1514,0.14865693490264908
140,1375,1515,0.1486583270659364
137,1370,1507,0.14866785392840248
137,1374,1511,0.14868427082821462
136,1375,1511,0.14869992634988585
137,1375,1512,0.14871728445525975
138,1388,1526,0.14873134419427744
140,1383,1523,0.14874248418520045
142,1374,1516,0.14874663389061454
140,1378,1518,0.14874589034177002
137,1384,1521,0.148751218591161
136,1384,1520,0.14876405531097
137,1384,1521,0.1487786071347742
136,1383,1519,0.1487907036994515
135,1382,1517,0.14880206769087798
138,1389,1527,0.14881532728225272
138,1393,1531,0.14882180244432316
135,1394,1529,0.14882818269046538
131,1399,1530,0.14884196126286273
127,1389,1516,0.1488642070239706
130,1376,1506,0.14889456600109433
127,1371,1498,0.14891606918692202
128,1383,1511,0.1489437313598901
125,1396,1521,0.14896765203476733
120,1402,1522,0.14899748925957573
123,1394,1517,0.14903654616406428
126,1389,1515,0.1490657302690243
125,1379,1504,0.14908658025723504
122,1387,1509,0.14910879111689496
117,1384,1501,0.1491358615680984
112,1405,1517,0.14917371465064863
111,1392,1503,0.14922103354195038
119,1384,1503,0.1492668168349072
123,1377,1500,0.149289884280048
123,1387,1510,0.1493023229124884
125,1393,1518,0.14931390152098867
123,1401,1524,0.1493194541836448
123,1395,1518,0.14933003720295568
123,1404,1527,0.14934003668322485
121,1404,1525,0.14934954409198162
120,1397,1517,0.1493637695272
119,1394,1513,0.14938001128936626
115,1396,1511,0.14939754283659012
112,1389,1501,0.14942382737964174
114,1399,1513,0.14945456897145892
115,1402,1517,0.14947775150473197
117,1407,1524,0.14949682587418892
117,1405,1522,0.14951069379797943
113,1408,1521,0.1495244515877684
112,1398,1510,0.14954538709211415
115,1384,1499,0.14956702694231352
118,1392,1510,0.14958007961518618
116,1409,1525,0.14958445337626894
115,1402,1517,0.14959380016861007
118,1404,1522,0.14960527632702791
113,1411,1524,0.1496072150314098
114,1399,1513,0.1496214174196159
114,1405,1519,0.1496327383375973
113,1407,1520,0.1496440640912896
112,1402,1514,0.14965677346302467
113,1403,1516,0.14967069302219466
112,1398,1510,0.1496806225051008
114,1389,1503,0.1496930992433846
109,1395,1504,0.1496998234862659
110,1400,1510,0.14971889710331243
110,1406,1516,0.14973531899527528
110,1403,1513,0.1497500211458449
107,1410,1517,0.14976305778557641
108,1406,1514,0.14978161403160534
112,1411,1523,0.14979391762383426
115,1405,1520,0.1497954430851422
117,1403,1520,0.14979114087278084
119,1384,1503,0.14978245440934532
120,1392,1512,0.14976667888697626
123,1392,1515,0.14974984839753627
121,1395,1516,0.1497269969826226
120,1390,1510,0.14971018810630704
121,1385,1506,0.14969673146260606
118,1390,1508,0.1496825085970175
118,1394,1512,0.14967680445787943
121,1384,1505,0.14967265288329132
120,1386,1506,0.14966021643336017
119,1379,1498,0.14965206808923665
120,1397,1517,0.1496478505708633
122,1390,1512,0.14964158497967106
115,1387,1502,0.14963233047651234
115,1408,1523,0.14964003862379777
119,1413,1532,0.14964812572893466
117,1422,1539,0.1496448735376078
114,1415,1529,0.14964738318596635
111,1411,1522,0.14965863183635064
108,1414,1522,0.14967677686535286
106,1421,1527,0.1497006125318263
103,1412,1515,0.14972692608043883
107,1397,1504,0.14975735554750924
110,1393,1503,0.14977636895650487
110,1401,1511,0.1497883179142413
107,1402,1509,0.1498004318464357
107,1407,1514,0.14981913829983312
106,1406,1512,0.1498353012352312
107,1408,1515,0.1498526547987263
106,1423,1529,0.14986655025988296
107,1431,1538,0.14988224492806956
105,1421,1526,0.14989459751061987
108,1423,1531,0.1499109207136024
108,1421,1529,0.149919765584709
107,1413,1520,0.14992870791914314
108,1425,1533,0.14993993299570968
107,1420,1527,0.14994782857765968
104,1409,1513,0.14995808145034295
104,1426,1530,0.1499743659525927
103,1413,1516,0.14998961769215755
104,1411,1515,0.15000565525553142
104,1406,1510,0.15001871057217678
103,1388,1491,0.1500307525088557
102,1405,1507,0.15004474611850738
99,1410,1509,0.1500590237666231
101,1428,1529,0.1500790111041203
102,1420,1522,0.15009322476679607
101,1421,1522,0.15010447782663267
99,1411,1510,0.15011819583476033
98,1409,1507,0.15013542891149878
98,1412,1510,0.15015416051063687
99,1420,1519,0.15017179719703003
96,1420,1516,0.15018499637289054
98,1425,1523,0.15020515297078166
97,1431,1528,0.15021905743823047
98,1427,1525,0.15023352910554652
100,1431,1531,0.15024346060695568
98,1436,1534,0.15024765486028113
100,1417,1517,0.15025563765318314
104,1424,1528,0.15025908872992108
101,1418,1519,0.1502518872872763
104,1411,1515,0.1502525175511799
100,1403,1503,0.15024693239183165
101,1397,1498,0.15025093944686305
100,1399,1499,0.15025151272801446
98,1409,1507,0.15025371203644108
100,1419,1519,0.15026134456278392
103,1406,1509,0.15026323530123478
104,1415,1519,0.15025545861136805
107,1413,1520,0.15024686245130892
107,1414,1521,0.15023163290294975
104,1406,1510,0.15021749427443304
104,1404,1508,0.1502110944850892
103,1413,1516,0.15020621003117676
104,1416,1520,0.15020457539600762
106,1422,1528,0.15019980860954046
104,1413,1517,0.15019049497072945
102,1411,1513,0.15018614779310713
102,1403,1505,0.15018740430282004
106,1398,1504,0.15018834007357623
104,1397,1501,0.1501789854417957
109,1397,1506,0.15017465337525604
109,1409,1518,0.15015900355873676
107,1414,1521,0.15014553631859442
104,1416,1520,0.1501380634626402
103,1420,1523,0.15013885831429147
102,1415,1517,0.1501403458575979
99,1420,1519,0.150144154414297
99,1413,1512,0.15015541620057665
99,1414,1513,0.15016659318312037
100,1420,1520,0.15017780765421318
100,1422,1522,0.15018530662885962
101,1420,1521,0.15019291004357727
98,1419,1517,0.15019672049740862
96,1418,1514,0.15020777222084197
95,1411,1506,0.15022309385399624
98,1407,1505,0.15023989388952094
99,1411,1510,0.1502468593098568
97,1420,1517,0.1502517438241237
101,1416,1517,0.15026087192569906
100,1403,1503,0.15025912139234796
103,1394,1497,0.15026068691124497
107,1399,1506,0.1502543366789291
107,1403,1510,0.15023785760666322
105,1415,1520,0.15022181566456796
102,1408,1510,0.1502117166156838
104,1414,1518,0.15020992326410382
104,1421,1525,0.15020349545882616
105,1413,1518,0.15019845742068208
107,1421,1528,0.15019168856793044
103,1414,1517,0.1501812718877929
101,1424,1525,0.1501795455949046
102,1433,1535,0.15018249498559638
100,1431,1531,0.15018300286586414
101,1429,1530,0.15018851235064423
103,1416,1519,0.1501915483729865
99,1418,1517,0.15018951375601167
98,1414,1512,0.15019679430880162
99,1408,1507,0.15020577764960377
102,1405,1507,0.15021154626104052
102,1397,1499,0.15021002398772826
104,1400,1504,0.15020842728626227
103,1396,1499,0.15020052465565362
104,1407,1511,0.1501962203990458
107,1397,1504,0.15018909733563823
104,1409,1513,0.150175402672937
105,1386,1491,0.15016917279156267
105,1409,1514,0.15016011862709822
105,1417,1522,0.1501515318993533
104,1415,1519,0.15014455380958505
102,1415,1517,0.1501397059925672
103,1413,1516,0.1501403414263652
104,1417,1521,0.15013959564105606
104,1423,1527,0.15013596603167037
106,1408,1514,0.15013344515634192
107,1408,1515,0.15012744219416443
109,1416,1525,0.15011789210771626
109,1403,1512,0.1501024371100394
110,1400,1510,0.1500871236407771
111,1404,1515,0.15006888683294306
110,1404,1514,0.15005122167971016
107,1419,1526,0.15003886604795916
106,1413,1519,0.1500347024808734
108,1410,1518,0.15003405617714718
106,1408,1514,0.15002826149199872
108,1404,1512,0.15002857149371043
107,1411,1518,0.15002474184644046
105,1414,1519,0.1500238308282886
104,1413,1517,0.15002761501767384
111,1414,1525,0.15003370471472588
110,1420,1530,0.15002029886984952
107,1418,1525,0.1500105446859128
111,1409,1520,0.1500083039177101
111,1420,1531,0.1499959244666763
111,1414,1525,0.1499854879996895
114,1402,1516,0.14997677872451154
111,1406,1517,0.149961207217165
111,1397,1508,0.14995412980144757
111,1403,1514,0.1499485092542777
111,1406,1517,0.14994288852954507
111,1403,1514,0.14993759806276408
114,1410,1524,0.1499319128219785
111,1408,1519,0.1499189109926722
110,1394,1504,0.14991392328016834
110,1404,1514,0.1499125525059438
110,1412,1522,0.14991027218324496
110,1408,1518,0.14990873392946036
105,1419,1524,0.1499082553815631
106,1403,1509,0.14991918403551707
107,1408,1515,0.14992609403762425
104,1405,1509,0.14992901526065922
109,1409,1518,0.14993956299126102
109,1405,1514,0.14993699152821674
111,1399,1510,0.14993539490070917
107,1411,1518,0.1499277944914654
106,1408,1514,0.14993070575542816
107,1415,1522,0.14993474353014205
107,1407,1514,0.1499369633115913
107,1411,1518,0.14993936497436514
104,1407,1511,0.149942435709033
104,1402,1506,0.14995252348724958
104,1402,1506,0.149962731278198
104,1402,1506,0.14997307538604823
103,1413,1516,0.14998140073997235
102,1406,1508,0.14999213202636952
101,1411,1512,0.15000568453027824
101,1392,1493,0.15002031968467824
96,1394,1490,0.15003426647132
97,1402,1499,0.15005926691768912
96,1411,1507,0.15008144558826544
97,1410,1507,0.15010431436454616
97,1416,1513,0.1501220160219779
94,1417,1511,0.15013910979241055
94,1419,1513,0.1501624999344961
95,1425,1520,0.15018361033340516
95,1443,1538,0.15020103606149193
94,1429,1523,0.15021652498122798
97,1430,1527,0.15023337397701286
96,1445,1541,0.1502417881318199
95,1439,1534,0.15025307062858492
95,1447,1542,0.1502661381221218
95,1437,1532,0.15027939569451004
95,1434,1529,0.1502921889275715
93,1428,1521,0.1503040614183731
88,1430,1518,0.15031955108888945
89,1427,1516,0.15034596545338616
89,1429,1518,0.15036867639659154
91,1418,1509,0.1503904457051395
92,1409,1501,0.1504051486660798
92,1421,1513,0.15041719584516683
95,1422,1517,0.15042683578341776
94,1423,1517,0.15042751481122305
93,1426,1519,0.15043150915822154
93,1418,1511,0.15043774303839177
94,1416,1510,0.15044417460832826
92,1414,1506,0.15044739364862036
92,1413,1505,0.1504561381973599
90,1423,1513,0.15046340524015495
92,1416,1508,0.15047473320241075
93,1419,1512,0.15048111543471346
93,1412,1505,0.15048306380316284
93,1420,1513,0.1504851784625404
91,1410,1501,0.15048632299989667
88,1412,1500,0.1504923623648213
88,1418,1506,0.15050399932852201
92,1412,1504,0.15051583976402072
92,1414,1506,0.15051689688783657
92,1412,1504,0.1505188730614607
93,1422,1515,0.15052105505238839
92,1402,1494,0.15052062418181053
95,1408,1503,0.1505235739683018
96,1409,1505,0.15051972798000685
92,1404,1496,0.15051286203960937
89,1422,1511,0.15051686048458068
85,1427,1512,0.1505280940292534
84,1431,1515,0.15054892318668625
83,1437,1520,0.15056943582693127
85,1439,1524,0.15059087228971618
85,1426,1511,0.15060595080164565
82,1433,1515,0.15061999896440484
83,1433,1516,0.1506408158369346
82,1414,1496,0.1506576931727465
81,1414,1495,0.15067478442904375
83,1430,1513,0.15069389277550957
84,1424,1508,0.15070667718449401
81,1420,1501,0.15071635524493332
81,1419,1500,0.15073196768711547
79,1419,1498,0.1507464610394532
81,1429,1510,0.15076577191611606
82,1429,1511,0.15077795594891674
81,1416,1497,0.15078657036310866
80,1414,1494,0.15079723828345476
80,1421,1501,0.15080990054499732
81,1409,1490,0.15082254063144693
82,1400,1482,0.1508305604631654
81,1428,1509,0.15083614851828656
81,1426,1507,0.15084465398535898
81,1424,1505,0.15085323378500848
78,1442,1520,0.1508614994711058
80,1440,1520,0.1508760795373724
79,1441,1520,0.15088451146125334
80,1429,1509,0.15089394554319077
77,1435,1512,0.15090035507207816
80,1442,1522,0.15091414888821356
78,1449,1527,0.15091986008494052
78,1445,1523,0.15092986310896273
78,1439,1517,0.15093935068009842
78,1425,1503,0.1509483480685695
73,1440,1513,0.15095622547689128
71,1437,1508,0.1509746058213084
69,1434,1503,0.15099709228191996
72,1438,1510,0.15102404630241764
74,1441,1515,0.15104110148754313
72,1453,1525,0.15105178743182168
74,1443,1517,0.1510678580352273
75,1452,1527,0.15107589692899318
78,1451,1529,0.15108112562477338
75,1455,1530,0.15107732372346963
77,1454,1531,0.15108170967120244
79,1445,1524,0.151082035206298
78,1449,1527,0.1510779588114451
76,1452,1528,0.15107639787448168
76,1453,1529,0.15107966759834057
75,1445,1520,0.1510831948993365
72,1448,1520,0.15108957797961434
73,1435,1508,0.1511037092354837
72,1429,1501,0.15111411558876944
70,1444,1514,0.15112624175739936
70,1453,1523,0.15114294315190652
66,1439,1505,0.15115820020880963
67,1446,1513,0.15118240434337282
64,1443,1507,0.15120286475494393
64,1441,1505,0.1512293492564221
67,1448,1515,0.1512536316068763
67,1456,1523,0.15126854732462075
64,1461,1525,0.15128135616788563
64,1450,1514,0.15130129492275693
68,1453,1521,0.15131999510785935
65,1464,1529,0.15132591744005292
68,1456,1524,0.15133900180118143
67,1464,1531,0.15134328761656923
67,1461,1528,0.15135129798245012
66,1451,1517,0.1513595278047098
64,1451,1515,0.15136933913887202
63,1452,1515,0.15138295028505294
63,1457,1520,0.15139817094164634
65,1446,1511,0.1514129468595583
65,1463,1528,0.1514215789755639
62,1464,1526,0.15143030813762653
63,1461,1524,0.1514461330527233
61,1467,1528,0.1514588346371
61,1461,1522,0.15147588139806054
61,1459,1520,0.15149164491597167
61,1449,1510,0.15150606099705746
61,1455,1516,0.1515184117615347
62,1457,1519,0.15152981290285447
63,1445,1508,0.15153801532411812
62,1461,1523,0.15154218315692933
58,1463,1521,0.1515488607125145
56,1454,1510,0.15156475353719548
57,1473,1530,0.15158437262993846
55,1466,1521,0.15160086667940392
55,1465,1520,0.15162087179050418
53,1470,1523,0.15163953110729922
52,1476,1528,0.1516623803957949
53,1470,1523,0.15168556626867555
54,1460,1514,0.151704782203437
53,1462,1515,0.1517204350844363
53,1474,1527,0.1517371923513978
53,1476,1529,0.15175357538110062
50,1476,1526,0.1517686485477217
49,1472,1521,0.15179070763739066
51,1476,1527,0.151814661353162
50,1478,1528,0.15183163418953202
49,1468,1517,0.1518500468765908
49,1465,1514,0.15187036584885313
49,1476,1525,0.15188983917575516
51,1465,1516,0.1519084641999313
49,1471,1520,0.1519196349168452
47,1474,1521,0.15193531645468603
45,1469,1514,0.1519556697077753
48,1476,1524,0.15197968413452517
47,1470,1517,0.1519930114300033
48,1473,1521,0.15200841934608234
49,1470,1519,0.15202019079541482
48,1470,1518,0.1520285118398186
52,1460,1512,0.15203855050655146
50,1460,1510,0.15203659898149413
52,1453,1505,0.1520403703049809
53,1448,1501,0.15203829009806077
50,1453,1503,0.15203315449264854
51,1460,1511,0.1520369797369316
51,1468,1519,0.15203702925575896
52,1469,1521,0.15203746860710468
52,1469,1521,0.1520360779140186
52,1473,1525,0.1520353226985296
53,1462,1515,0.1520353079201567
53,1460,1513,0.15203266135426857
54,1465,1519,0.15203081657957093
51,1466,1517,0.15202686240884095
50,1468,1518,0.1520312103532252
47,1481,1528,0.15203814191589626
47,1481,1528,0.1520521785151094
49,1469,1518,0.15206567278117095
50,1473,1523,0.15207299903193353
49,1469,1518,0.15207603240778764
48,1458,1506,0.1520818129913257
48,1465,1513,0.1520901485158214
48,1475,1523,0.15209838709904852
49,1465,1514,0.15210583677211503
46,1475,1521,0.15211002895197334
49,1471,1520,0.15212101494936475
49,1467,1516,0.1521235729887454
47,1464,1511,0.15212560942879033
46,1457,1503,0.15213127381436123
46,1464,1510,0.15213902088962783
48,1469,1517,0.15214707087261736
46,1473,1519,0.1521489940479953
44,1467,1511,0.1521559099552578
45,1459,1504,0.15216754423427112
45,1468,1513,0.15217661647985053
43,1465,1508,0.15218548081634065
44,1477,1521,0.15219962849736393
43,1478,1521,0.1522097070475588
42,1488,1530,0.15222265195035117
39,1480,1519,0.15223719296176763
39,1481,1520,0.15225882814321728
41,1488,1529,0.15227941344509138
39,1482,1521,0.15229272777662403
39,1482,1521,0.15231094075315907
37,1472,1509,0.15232835587660634
36,1474,1510,0.15234971237978137
37,1476,1513,0.15237228052811744
39,1482,1521,0.15238996902100585
38,1484,1522,0.15240170570676223
37,1488,1525,0.15241544185300004
36,1491,1527,0.15243100841825627
39,1487,1526,0.15244827320809
41,1479,1520,0.15245487865719082
40,1480,1520,0.15245619973058436
39,1482,1521,0.15246102253088364
41,1476,1517,0.15246770036396193
41,1493,1534,0.15246843908694135
40,1476,1516,0.1524697022859011
40,1483,1523,0.15247322819588308
40,1474,1514,0.1524770312698724
40,1482,1522,0.15248100772999237
39,1490,1529,0.15248513937885907
38,1485,1523,0.15249171140628523
37,1484,1521,0.15250064022327942
37,1488,1525,0.15251160882105486
37,1482,1519,0.15252163200996813
38,1470,1508,0.15253131888329194
38,1476,1514,0.15253762717159727
37,1473,1510,0.15254385871408296
36,1482,1518,0.15255227989307724
35,1484,1519,0.15256299352943908
36,1486,1522,0.15257551922022228
36,1480,1516,0.1525847684897426
36,1477,1513,0.1525936272274931
34,1488,1522,0.1526020964671604
31,1495,1526,0.1526149802551902
31,1503,1534,0.1526341898116842
31,1487,1518,0.15265154385995575
33,1480,1513,0.15266791048692135
34,1477,1511,0.15267707239304026
33,1489,1522,0.15268359435433249
31,1491,1522,0.15269206393033868
32,1498,1530,0.15270506386732968
32,1493,1525,0.1527151762594589
33,1477,1510,0.15272491814331773
34,1476,1510,0.15273111890449914
33,1476,1509,0.15273468593953526
32,1472,1504,0.15274003430698324
32,1467,1499,0.15274828115688155
33,1471,1504,0.15275624376064298
33,1474,1507,0.15276006464551958
33,1476,1509,0.15276298510711903
33,1470,1503,0.15276619177942913
33,1469,1502,0.15276961315040524
34,1474,1508,0.15277318526781702
33,1474,1507,0.1527737490807958
32,1480,1512,0.15277707824296505
32,1481,1513,0.1527830152321129
29,1497,1526,0.1527881029318612
27,1487,1514,0.15280031324482302
27,1487,1514,0.15281737066934187
28,1504,1532,0.15283359243401304
28,1489,1517,0.1528460077600408
28,1487,1515,0.15285789820270793
28,1484,1512,0.1528686317806303
28,1494,1522,0.15287888198370744
27,1493,1520,0.15288872884490007
27,1500,1527,0.15290045465884705
26,1505,1531,0.15291075375883148
24,1503,1527,0.15292296740401745
24,1505,1529,0.15293918884904914
24,1499,1523,0.15295459571924344
23,1493,1516,0.15296921024837684
23,1496,1519,0.15298511056533515
24,1505,1529,0.15300002327336634
24,1510,1534,0.15301175020442417
24,1504,1528,0.15302290259511428
23,1482,1505,0.15303349513971795
22,1493,1515,0.15304589634795981
23,1485,1508,0.15305983946927773
21,1485,1506,0.15307072157882476
22,1495,1517,0.15308579665427
21,1494,1515,0.15309722032213466
20,1494,1514,0.15311029238142063
19,1494,1513,0.15312344732747446
19,1490,1509,0.1531385155018663
19,1486,1505,0.15315289119195818
19,1478,1497,0.15316658539456143
19,1480,1499,0.15317961256592041
18,1496,1514,0.15319198987472393
18,1498,1516,0.15320611851290786
18,1497,1515,0.15321940719467564
19,1513,1532,0.15323198862228637
18,1510,1528,0.15324113455555655
17,1512,1529,0.15325219946646304
16,1512,1528,0.15326501526677802
16,1495,1511,0.15327945798272813
16,1505,1521,0.15329310216126266
15,1504,1519,0.15330588308852072
16,1490,1506,0.15332036206557104
16,1501,1517,0.1533315452335798
17,1494,1511,0.1533421091764266
18,1513,1531,0.15334896827678446
18,1510,1528,0.15335233273559676
18,1499,1517,0.15335571324336186
18,1495,1513,0.15335907936184195
16,1490,1506,0.15336240637191512
17,1493,1510,0.15337038921664323
16,1502,1518,0.1533749381319349
14,1501,1515,0.15338180342866947
14,1508,1522,0.15339354905268418
14,1499,1513,0.15340377518445728
15,1496,1511,0.15341354062375584
15,1503,1518,0.15341959495859497
15,1503,1518,0.15342550461604487
15,1497,1512,0.15343124907345415
16,1498,1514,0.15343681287007688
16,1487,1503,0.153439031157061
15,1499,1514,0.1534413390180919
15,1507,1522,0.15344616984544843
15,1505,1520,0.1534508794897263
14,1501,1515,0.15345545405810918
13,1514,1527,0.15346228823779814
13,1516,1529,0.15347119624731584
14,1522,1536,0.15347966298887067
14,1509,1523,0.15348456816247527
14,1499,1513,0.15348914776675915
14,1506,1520,0.1534936295577941
14,1505,1519,0.15349799645849768
14,1505,1519,0.15350223534950824
15,1508,1523,0.15350633645855694
14,1505,1519,0.15350705736794826
14,1511,1525,0.15351037410230883
14,1502,1516,0.1535128367753443
13,1513,1526,0.15351539267149664
12,1513,1525,0.15352045337865716
13,1508,1521,0.15352780829811577
13,1512,1525,0.15353227665840774
13,1505,1518,0.15353664541568846
14,1514,1528,0.15354089988430675
14,1504,1518,0.15354233956033292
13,1510,1523,0.15354384277293667
13,1507,1520,0.15354784692990792
13,1514,1527,0.15355172429623937
13,1500,1513,0.15355546870426007
12,1505,1517,0.15355907602838134
12,1505,1517,0.1535649425299001
12,1498,1510,0.15357052137909513
13,1487,1500,0.1535758210898809
13,1493,1506,0.1535782494516599
13,1497,1510,0.15357979726873633
13,1497,1510,0.15358141978342502
13,1491,1504,0.15358309269628648
11,1498,1509,0.1535847955386884
11,1495,1506,0.15359142181392718
12,1494,1506,0.15359774579788538
12,1495,1507,0.15360060937152745
12,1502,1514,0.1536034769353556
13,1494,1507,0.15360632695421242
13,1493,1506,0.1536059689862004
14,1493,1507,0.15360585285950729
13,1485,1498,0.15360131553513606
13,1487,1500,0.1536002471395259
13,1485,1498,0.1535996044198109
12,1490,1502,0.153599316355171
12,1495,1507,0.1536016156204767
12,1493,1505,0.1536040136942032
12,1502,1514,0.1536057766337848
11,1502,1513,0.15360771090269268
12,1502,1514,0.15361207129737464
11,1482,1493,0.15361376173754634
11,1498,1509,0.15361812119649548
10,1502,1512,0.15362237843325524
10,1501,1511,0.1536289115438367
11,1498,1509,0.15363516544856012
12,1495,1507,0.15363805697386168
12,1491,1503,0.15363773688141638
12,1482,1494,0.15363769230398036
12,1480,1492,0.1536378731820951
12,1490,1502,0.1536382368188759
12,1488,1500,0.15363874687257184
13,1486,1499,0.15363937248301085
12,1494,1506,0.15363709589861693
12,1498,1510,0.15363746585279767
12,1496,1508,0.15363797555435213
12,1497,1509,0.15363778701231554
13,1504,1517,0.15363783155985472
13,1507,1520,0.1536351269542332
13,1510,1523,0.15363283862088767
13,1507,1520,0.15363090912419491
14,1501,1515,0.1536292886236876
14,1498,1512,0.1536246748911587
16,1500,1516,0.15362059184791518
15,1493,1508,0.15361056476585777
15,1496,1511,0.15360452198980135
15,1491,1506,0.15359911924189198
15,1517,1532,0.153594283023228
15,1509,1524,0.15358994873393336
15,1511,1526,0.15358605956102397
15,1507,1522,0.15358170698911316
15,1502,1517,0.1535778600958744
15,1511,1526,0.15357445819527563
14,1509,1523,0.15357144803950035
12,1504,1516,0.15357140912692147
11,1510,1521,0.1535761836752035
12,1501,1513,0.15358256884718613
13,1510,1523,0.15358628402567434
13,1501,1514,0.1535867590632893
13,1504,1517,0.15358744861266913
13,1506,1519,0.15358830875274795
14,1505,1519,0.15358884767103725
14,1486,1500,0.15358690297166835
16,1484,1500,0.15358531615126925
16,1481,1497,0.1535777647962428
16,1487,1503,0.15357106298796094
15,1492,1507,0.15356511359014727
15,1503,1518,0.15356272810448499
16,1498,1514,0.1535606879590337
17,1514,1531,0.15355605168430828
17,1496,1513,0.15354873141877956
18,1491,1509,0.15354216478397453
17,1486,1503,0.15353305665104294
18,1494,1512,0.15352721715149864
18,1511,1529,0.15351959024517461
18,1515,1533,0.15351270463514008
18,1511,1529,0.15350648311217305
18,1507,1525,0.15350085695870463
18,1516,1534,0.15349576497681544
18,1510,1528,0.15349115263068427
18,1521,1539,0.15348697128974031
17,1510,1527,0.15348317756044783
17,1511,1528,0.15348219495130858
16,1508,1524,0.15348137778124823
16,1502,1518,0.15348300832989795
15,1490,1505,0.1534846187353384
14,1496,1510,0.15348872154832993
13,1498,1511,0.15349500440819197
14,1506,1520,0.15350329718521716
15,1505,1520,0.15350868738925108
14,1497,1511,0.15351104313606417
13,1504,1517,0.1535156919418559
14,1501,1515,0.15352168343544864
14,1492,1506,0.15352502946352595
14,1513,1527,0.15352868604757133
14,1516,1530,0.1535321946035477
14,1509,1523,0.15353476981802994
13,1506,1519,0.1535373409706128
13,1507,1520,0.1535422678525311
13,1514,1527,0.15354700575891173
13,1515,1528,0.15355155007436136
13,1507,1520,0.15355564241759165
13,1515,1528,0.15355958283673318
13,1508,1521,0.15356336630921585
13,1502,1515,0.1535669900902279
13,1507,1520,0.15357045330952585
14,1502,1516,0.15357375662772668
14,1507,1521,0.15357366648808138
14,1515,1529,0.15357372080428103
13,1509,1522,0.15357389209144817
12,1517,1529,0.15357667648044793
12,1502,1514,0.15358181966047205
12,1506,1518,0.15358671790848644
12,1503,1515,0.15359048497442007
11,1498,1509,0.1535941776567624
10,1493,1503,0.153600160539106
10,1497,1507,0.15360827339070376
10,1498,1508,0.15361599317192892
9,1499,1508,0.1536233293385449
10,1512,1522,0.15363288224758848
11,1512,1523,0.15363883091927483
10,1508,1518,0.15364185337997238
10,1506,1516,0.153647198837843
10,1509,1519,0.15365234306108888
9,1502,1511,0.15365728050398836
8,1511,1519,0.153664585746833
8,1505,1513,0.1536741955780363
8,1501,1509,0.1536832338030414
7,1501,1508,0.15369173178213216
7,1498,1505,0.1537020686063165
6,1496,1502,0.15371178280773046
6,1497,1503,0.15372328540158647
6,1514,1520,0.15373409239626296
6,1512,1518,0.15374424419909644
6,1524,1530,0.15375377911297605
5,1516,1521,0.15376273341004112
5,1515,1520,0.15377347676253042
5,1506,1511,0.15378356472426197
6,1501,1507,0.1537930355334571
6,1493,1499,0.15379864967495283
6,1503,1509,0.15380403983532553
6,1503,1509,0.15380920386902472
6,1519,1525,0.15381414181882597
6,1524,1530,0.1538188555183282
5,1513,1518,0.1538233482522936
5,1521,1526,0.15383003181912677
5,1515,1520,0.15383636154046626
5,1507,1512,0.15384235203004726
5,1502,1507,0.15384801789014524
5,1515,1520,0.15385337360266646
4,1504,1508,0.1538584334404332
4,1500,1504,0.15386559311526182
4,1513,1517,0.1538723347131558
4,1513,1517,0.1538786802795024
4,1510,1514,0.15388465104617152
3,1510,1513,0.15389026740551726
3,1500,1503,0.15389799360458983
3,1498,1501,0.15390525750424316
4,1499,1503,0.15391208565625542
3,1497,1500,0.15391549449480335
3,1495,1498,0.15392118312297387
3,1510,1513,0.15392659696464425
3,1506,1509,0.15393174228783246
3,1503,1506,0.15393662645015826
3,1498,1501,0.15394125762985622
3,1499,1502,0.15394564460075646
4,1506,1510,0.1539497965448244
4,1513,1517,0.1539507559150422
4,1520,1524,0.15395176039595643
4,1510,1514,0.15395279434923415
4,1498,1502,0.15395384469887374
4,1505,1509,0.15395490057382027
4,1510,1514,0.1539559529975303
4,1514,1518,0.15395699461847856
4,1509,1513,0.1539580194763582
4,1506,1510,0.15395902279938847
4,1519,1523,0.15396000082872704
3,1508,1511,0.15396095066648868
3,1506,1509,0.15396426951239317
3,1508,1511,0.15396740974991852
2,1520,1522,0.153970378619301
2,1516,1518,0.15397560494611934
2,1521,1523,0.15398052473695512
2,1516,1518,0.1539851546256258
3,1509,1512,0.15398951053590185
3,1515,1518,0.15399081082101015
3,1516,1519,0.15399208745691687
3,1516,1519,0.15399333433329057
3,1513,1516,0.15399454672007515
4,1509,1513,0.15399572105013054
4,1503,1507,0.15399361973775702
4,1512,1516,0.15399177473567033
4,1513,1517,0.15399015400821453
3,1517,1520,0.1539887295827513
3,1518,1521,0.1539899023764389
3,1522,1525,0.15399107854221683
3,1511,1514,0.1539922480217634
3,1506,1509,0.15399340265712808
3,1502,1505,0.15399453590731624
3,1508,1511,0.15399564260393167
3,1514,1517,0.15399671874066592
3,1511,1514,0.15399776129210851
2,1514,1516,0.1539987680579493
2,1517,1519,0.1540021389432381
2,1527,1529,0.1540053272850036
2,1534,1536,0.15400834106381936
2,1536,1538,0.1540111881982535
2,1522,1524,0.15401387649192974
2,1522,1524,0.15401641359135215
2,1519,1521,0.1540188069528391
2,1513,1515,0.15402106381714556
2,1514,1516,0.15402319119055327
2,1519,1521,0.15402519583138236
1,1519,1520,0.1540270842410275
1,1521,1522,0.154031281291178
1,1509,1510,0.15403522782854728
1,1502,1503,0.15403893821142317
2,1511,1513,0.15404242606455087
2,1517,1519,0.15404301994548675
2,1505,1507,0.15404361319026683
2,1511,1513,0.15404420125250443
2,1514,1516,0.15404478045653522
2,1523,1525,0.15404534786727844
2,1523,1525,0.1540459011780555
2,1523,1525,0.1540464386139645
2,1519,1521,0.15404695884872718
2,1517,1519,0.15404746093320099
2,1512,1514,0.154047944233985
2,1509,1511,0.15404840838075834
3,1507,1510,0.15404885322116954
2,1512,1514,0.15404609813222828
2,1515,1517,0.15404669820670594
2,1510,1512,0.15404726858616472
2,1506,1508,0.1540478101274168
2,1500,1502,0.15404832376395422
2,1503,1505,0.15404881048407632
2,1526,1528,0.1540492713126274
2,1520,1522,0.15404970729582362
2,1527,1529,0.1540501194887213
2,1522,1524,0.1540505089449382
2,1516,1518,0.15405087670829562
2,1511,1513,0.1540512238060914
2,1515,1517,0.15405155124375802
2,1514,1516,0.1540518600006917
2,1508,1510,0.1540521510270693
2,1502,1504,0.15405242524149623
2,1504,1506,0.15405268352935003
2,1509,1511,0.1540529267417038
2,1520,1522,0.1540531556947312
2,1518,1520,0.15405337116950835
2,1509,1511,0.15405357391213995
2,1516,1518,0.15405376463414902
1,1522,1523,0.15405394401307793
1,1512,1513,0.1540565476385266
1,1503,1504,0.15405899335529127
1,1490,1491,0.15406129038141872
1,1501,1502,0.1540634474550478
1,1505,1506,0.15406547285009614
1,1502,1503,0.1540673743930602
1,1503,1504,0.15406915948055785
1,1503,1504,0.1540708350973089
1,1519,1520,0.15407240783430431
1,1515,1516,0.15407388390696292
2,1505,1507,0.1540752691731124
2,1510,1512,0.1540736010534618
2,1497,1499,0.1540721021480321
2,1503,1505,0.15407075354324362
2,1507,1509,0.15406953858281247
2,1517,1519,0.15406844258752572
2,1524,1526,0.15406745261058374
2,1526,1528,0.15406655722394075
2,1522,1524,0.15406574633166412
2,1523,1525,0.1540650110068489
2,1529,1531,0.15406434334907043
2,1521,1523,0.1540637363597476
2,1504,1506,0.15406318383312925
2,1508,1510,0.1540626802609094
2,1517,1519,0.15406222074873582
2,1514,1516,0.15406180094309854
2,1517,1519,0.15406141696728004
2,1511,1513,0.1540610653652184
2,1520,1522,0.15406074305228182
2,1518,1520,0.1540604472720815
2,1518,1520,0.1540601755585622
2,1516,1518,0.15405992570270605
3,1512,1515,0.15405969572327127
3,1517,1520,0.154056257242258
3,1505,1508,0.15405313333267395
3,1508,1511,0.1540502915905287
3,1511,1514,0.15404770328141068
3,1506,1509,0.15404534289746266
3,1513,1516,0.1540431877699602
3,1513,1516,0.15404121773035834
3,1503,1506,0.15403941481359568
3,1508,1511,0.1540377629982542
3,1502,1505,0.15403624797887222
3,1511,1514,0.1540348569663181
3,1524,1527,0.1540335785126612
3,1526,1529,0.15403240235743665
3,1520,1523,0.15403131929260247
3,1513,1516,0.15403032104383288
3,1510,1513,0.1540294001660971
3,1509,1512,0.15402854995173423
3,1516,1519,0.15402776434946602
3,1517,1520,0.1540270378929861
3,1520,1523,0.1540263656379403
3,1504,1507,0.15402574310626227
3,1507,1510,0.15402516623696041
3,1508,1511,0.15402463134256691
2,1514,1516,0.15402413507055954
2,1508,1510,0.15402613802994286
2,1512,1514,0.1540280203018419
2,1501,1503,0.1540297887856052
2,1503,1505,0.15403145004119356
2,1514,1516,0.15403301029753969
2,1521,1523,0.15403447546215263
1,1520,1521,0.15403585113164842
1,1511,1512,0.15403957490979464
1,1509,1510,0.15404307176320564
1,1517,1518,0.154046355077349
1,1524,1525,0.15404943752150313
1,1530,1531,0.15405233107530802
1,1520,1521,0.1540550470563535
1,1517,1518,0.15405759614834846
1,1526,1527,0.15405998842950003
1,1522,1523,0.1540622334008025
1,1517,1518,0.1540643400139957
1,1518,1519,0.154066316699002
1,1491,1492,0.1540681713906948
1,1497,1498,0.15406991155488478
1,1486,1487,0.1540715442134417
1,1505,1506,0.15407307596849182
1,1514,1515,0.15407451302565245
1,1526,1527,0.1540758612162813
1,1518,1519,0.15407712601873172
1,1508,1509,0.15407831257861543
1,1521,1522,0.15407942572808422
1,1515,1516,0.15408047000414796
1,1511,1512,0.15408144966605125
1,1505,1506,0.15408236871173692
1,1508,1509,0.1540832308934262
1,1508,1509,0.15408403973234752
1,1504,1505,0.15408479853264795
1,1509,1510,0.15408551039452245
1,1508,1509,0.1540861782265948
1,1504,1505,0.15408680475758618
1,1502,1503,0.15408739254730552
1,1518,1519,0.15408794399699535
1,1513,1514,0.15408846135906692
1,1506,1507,0.1540889467462563
1,1511,1512,0.15408940214023284
1,1507,1508,0.1540898293996899
1,1517,1518,0.1540902302679468
1,1504,1505,0.15409060638008948
0,1515,1515,0.15409095926967628
