1362,31,1393,0.13579578396342934
1397,31,1428,0.13296676806713362
1406,31,1437,0.13029648333371502
1426,34,1460,0.12784350323243
1452,34,1486,0.1255582000938186
1455,33,1488,0.12340467114110154
1446,33,1479,0.1214387887357588
1451,34,1485,0.11967399214631076
1455,30,1485,0.11805696742543452
1465,31,1496,0.11657872719932028
1463,31,1494,0.11520585499791444
1467,28,1495,0.11396271595366761
1459,29,1488,0.1128212537040831
1449,30,1479,0.11180204374495002
1457,30,1487,0.11090116756916334
1470,30,1500,0.11006407888243837
1470,30,1500,0.1092731545457196
1464,30,1494,0.10855198463671265
1460,31,1491,0.1079117726065915
1459,31,1490,0.10733893720358026
1446,33,1479,0.10682024267410668
1444,36,1480,0.10637798462910233
1437,37,1474,0.1059829173121104
1450,36,1486,0.10564170779692585
1446,35,1481,0.10530444523708724
1451,36,1487,0.1050067649924868
1469,36,1505,0.10472253192742917
1458,37,1495,0.1044210904390318
1452,38,1490,0.10417378063506387
1449,37,1486,0.10396197127959439
1463,37,1500,0.10377843822537372
1471,37,1508,0.10357859266724123
1450,37,1487,0.1033788593073621
1449,38,1487,0.10324401622915225
1462,39,1501,0.1031241579664692
1468,39,1507,0.10298743992074201
1449,41,1490,0.10284893409341266
1455,40,1495,0.10276691279397289
1443,40,1483,0.10267920132365119
1453,41,1494,0.10262675562859495
1442,41,1483,0.1025566691647101
1447,43,1490,0.10251751092503301
1436,45,1481,0.10247107134823356
1445,46,1491,0.10245372880394146
1443,46,1489,0.1024189653502689
1451,50,1501,0.10239331168631877
1446,46,1492,0.10235128192717745
1458,44,1502,0.10232523599446541
1455,43,1498,0.10227474327034076
1460,46,1506,0.10223436100343389
1459,47,1506,0.10218684194560243
1461,47,1508,0.10214625310221419
1456,48,1504,0.10210380986334205
1452,48,1500,0.10207668547799598
1450,48,1498,0.10206225545852195
1451,45,1496,0.10205457086482093
1462,46,1508,0.10204488322467997
1453,45,1498,0.10201175999253952
1462,46,1508,0.10199841865923037
1458,45,1503,0.10196688369328821
1450,45,1495,0.10194565438149222
1429,45,1474,0.10194514118790046
1451,46,1497,0.10199060750677841
1446,44,1490,0.10198577645121663
1436,48,1484,0.10199228693418144
1434,48,1482,0.10201974338658665
1437,47,1484,0.10205009450385435
1437,45,1482,0.10207181110004462
1429,46,1475,0.10209210907983227
1416,48,1464,0.10212793597796281
1431,51,1482,0.10219179367799196
1441,53,1494,0.10221628668756402
1434,54,1488,0.1022169921340447
1426,56,1482,0.10223542638253265
1416,59,1475,0.10227153825491776
1427,61,1488,0.10232669956040563
1420,61,1481,0.10235124505095868
1421,63,1484,0.10239009205551534
1416,61,1477,0.10242222384100046
1412,63,1475,0.10246362233322522
1412,64,1476,0.10251209044322841
1412,60,1472,0.10255868644371201
1416,59,1475,0.10260088871030472
1423,59,1482,0.10263145262422288
1412,57,1469,0.10264227641708562
1414,58,1472,0.10267550423746914
1421,58,1479,0.10270111830032061
1418,62,1480,0.10270881761911543
1414,63,1477,0.10272373249443909
1426,65,1491,0.10274564253807249
1429,66,1495,0.1027386831492036
1435,68,1503,0.10272543856947984
1437,70,1507,0.1027006650966053
1440,71,1511,0.10267366705455688
1432,70,1502,0.10264087077008774
1425,69,1494,0.10262801049185293
1432,69,1501,0.10263394390468539
1429,66,1495,0.10262629536094213
1434,68,1502,0.10262537967656027
1423,73,1496,0.10261311565310818
1425,74,1499,0.10262785622888636
1431,75,1506,0.10263709856456621
1425,77,1502,0.1026342688062828
1415,79,1494,0.10264587714857183
1397,78,1475,0.1026792060728501
1401,79,1480,0.10274978582741802
1405,79,1484,0.10280702729537734
1409,78,1487,0.10285124056202306
1406,75,1481,0.10288344052649
1398,73,1471,0.10292044795440383
1410,74,1484,0.1029713748358004
1416,77,1493,0.10299223534864961
1429,78,1507,0.10299393051159487
1434,78,1512,0.10296684527616926
1441,78,1519,0.10293165511691005
1430,80,1510,0.10288443378995658
1420,80,1500,0.10286723145754842
1416,79,1495,0.1028725717595517
1425,82,1507,0.10288727750831676
1419,81,1500,0.10288100225463262
1408,83,1491,0.1028893703500642
1409,84,1493,0.10292161747148378
1407,84,1491,0.10294929068107869
1406,82,1488,0.1029786293142768
1405,83,1488,0.1030096523610074
1400,85,1485,0.10303937687100471
1395,83,1478,0.10307676239704723
1396,83,1479,0.10312295579733238
1397,83,1480,0.10316314805059573
1405,84,1489,0.1031966745912744
1405,83,1488,0.10320951082570233
1411,84,1495,0.1032216136503778
1400,84,1484,0.10322191905703101
1410,86,1496,0.10324645156671636
1402,87,1489,0.10324528429871506
1412,90,1502,0.1032621142017835
1401,90,1491,0.1032579805985938
1408,91,1499,0.10328024962914047
1400,89,1489,0.10328552292271878
1401,90,1491,0.10330802938757216
1390,94,1484,0.10332696726117455
1399,93,1492,0.10336937457128162
1408,94,1502,0.10338923394774006
1403,96,1499,0.10338659782780858
1408,97,1505,0.10339594710344414
1406,95,1501,0.10339482639049886
1398,99,1497,0.10339669997812936
1380,102,1482,0.10341621927947925
1385,102,1487,0.1034749644385861
1398,103,1501,0.10351950752587935
1386,107,1493,0.10353243123871589
1384,109,1493,0.10357293856249644
1376,106,1482,0.10361688746869303
1370,111,1481,0.10367593701510065
1383,115,1498,0.10374356148833463
1387,113,1500,0.10377585261715928
1397,114,1511,0.10379900428978545
1397,116,1513,0.10379801769167735
1383,113,1496,0.10379702841192316
1388,112,1500,0.10382719051806534
1381,112,1493,0.10384441705594102
1385,112,1497,0.10387532592805973
1380,111,1491,0.10389371236172554
1378,112,1490,0.10392127957893343
1376,117,1493,0.10395002364907664
1383,117,1500,0.10398162353660353
1374,117,1491,0.10399642729883413
1380,117,1497,0.10403064878483387
1380,117,1497,0.10404958691809896
1366,120,1486,0.1040673670521546
1361,120,1481,0.10411557733735481
1372,117,1489,0.10417108859880915
1371,119,1490,0.10419668095282919
1384,118,1502,0.10422329078420646
1376,118,1494,0.1042204843798995
1388,117,1505,0.1042339388254899
1378,119,1497,0.10421732006145562
1384,117,1501,0.10422295747119652
1371,117,1488,0.10421598271310348
1387,114,1501,0.10423917768172242
1396,116,1512,0.10422475998338403
1382,117,1499,0.10418948763099546
1377,115,1492,0.10419105312739596
1363,113,1476,0.1042021082387123
1364,107,1471,0.10424398105579762
1372,109,1481,0.10427911292350422
1366,107,1473,0.10429416168818996
1364,107,1471,0.10432220247750085
1370,107,1477,0.10435054335288317
1378,110,1488,0.10436200493251907
1394,113,1507,0.10435332983527261
1392,114,1506,0.10430944012464373
1385,113,1498,0.1042742125518777
1386,115,1501,0.10425716135989938
1386,112,1498,0.10424011485491727
1383,109,1492,0.10422494474720154
1388,114,1502,0.10421572040530766
1382,115,1497,0.10419717931399951
1378,114,1492,0.10419404677592418
1377,115,1492,0.10420251102435006
1397,118,1515,0.10421291069476774
1387,113,1500,0.1041791032873169
1386,118,1504,0.10416944592985575
1390,115,1505,0.10416337976538227
1385,116,1501,0.10414709527390703
1386,118,1504,0.1041431015279945
1374,118,1492,0.10413843714362332
1374,118,1492,0.10416050516973091
1379,126,1505,0.10418141061901355
1391,124,1515,0.10418937888596179
1378,124,1502,0.10417201674429326
1372,121,1493,0.10418331373069313
1359,117,1476,0.10420929753549579
1370,124,1494,0.10426324380249267
1370,122,1492,0.10428707452612357
1353,127,1480,0.10430978629272993
1361,125,1486,0.10436943188841888
1354,121,1475,0.10440718344750564
1365,121,1486,0.10445823279049353
1351,125,1476,0.1044764124629275
1356,133,1489,0.10452613256123629
1354,133,1487,0.10456032734937207
1351,129,1480,0.10459947919803347
1358,132,1490,0.10464373129100593
1354,129,1483,0.1046674036711942
1356,135,1491,0.10469914795442303
1366,136,1502,0.10472130892194748
1349,140,1489,0.10471963933184508
1340,138,1478,0.10475571735939805
1353,140,1493,0.10481087705701964
1357,138,1495,0.10483371522608138
1339,140,1479,0.10484500945646079
1344,142,1486,0.10489728336312719
1350,143,1493,0.10493473710783226
1356,143,1499,0.10495688853479587
1355,139,1494,0.104965389985645
1358,138,1496,0.1049742888770184
1353,141,1494,0.10497619981804028
1364,143,1507,0.10498940104117349
1359,144,1503,0.10497502847902837
1362,148,1510,0.10497215638456911
1351,145,1496,0.10496359619109503
1341,146,1487,0.10497880441847654
1350,148,1498,0.10501478324336126
1344,152,1496,0.10502914782279475
1347,151,1498,0.10505809476909754
1348,147,1495,0.10508006600995116
1330,143,1473,0.10509875566531605
1325,148,1473,0.10515845908251892
1346,150,1496,0.10522543997299856
1347,153,1500,0.10523650617878054
1353,154,1507,0.10524296226660716
1356,156,1512,0.10523756762362246
1349,159,1508,0.10522613607950035
1348,162,1510,0.10523129374123083
1337,167,1504,0.10523901451086552
1341,167,1508,0.10527148631075804
1324,171,1495,0.10529345115706844
1317,170,1487,0.1053540611373041
1317,172,1489,0.10542594104538842
1319,171,1490,0.105492825827098
1315,171,1486,0.10555001224539541
1317,166,1483,0.10561395121066716
1313,167,1480,0.10566980556983906
1315,170,1485,0.10573085536670217
1311,171,1482,0.10578147583181545
1298,171,1469,0.10583665536994723
1303,170,1473,0.10591739427623821
1315,171,1486,0.10597881966849489
1300,174,1474,0.10601114788434984
1295,181,1476,0.10607447760259102
1292,183,1475,0.10614479103423338
1301,179,1480,0.10621728857047394
1320,186,1506,0.1062625777073437
1315,184,1499,0.10626224948245146
1312,180,1492,0.10627263003279554
1323,177,1500,0.10629001268830252
1324,178,1502,0.10628212265866711
1319,182,1501,0.10627184750961055
1304,188,1492,0.10627410753658602
1312,183,1495,0.10631010030024138
1320,185,1505,0.10632764956400098
1307,188,1495,0.10632786288021222
1299,185,1484,0.10635838258193375
1314,186,1500,0.10640420532648813
1315,186,1501,0.10641136202261298
1311,191,1502,0.1064165450005222
1311,189,1500,0.10643069746436475
1318,190,1508,0.10644378057743108
1324,190,1514,0.10643978928881534
1307,187,1494,0.1064229438778655
1313,187,1500,0.10644680637921525
1297,185,1482,0.10645657355858454
1293,184,1477,0.1065010432451691
1287,187,1474,0.10655049891352508
1285,190,1475,0.10661167313274016
1290,191,1481,0.10667296326952698
1294,193,1487,0.10671791099369266
1289,194,1483,0.10674972676119665
1302,197,1499,0.10678888711695443
1310,195,1505,0.10679715766833513
1300,196,1496,0.10678623832617622
1293,198,1491,0.10679896869620474
1289,196,1485,0.10682715429363794
1297,193,1490,0.106861806806162
1307,197,1504,0.10687527891228132
1310,198,1508,0.10686551961837906
1307,195,1502,0.10685187486609721
1301,197,1498,0.1068462557516679
1312,203,1515,0.10685619905066805
1312,199,1511,0.1068422669172123
1300,199,1499,0.1068286340912453
1296,203,1499,0.1068440090246542
1291,206,1497,0.10686729699116579
1303,209,1512,0.10690101716153276
1292,217,1509,0.10690399668385271
1290,218,1508,0.10693233869544283
1280,218,1498,0.10696427496890225
1277,225,1502,0.1070171221725484
1266,229,1495,0.10707492601647058
1264,232,1496,0.10715392228551845
1269,234,1503,0.10723417801101015
1273,237,1510,0.10729756786262445
1274,239,1513,0.10734769852862555
1265,232,1497,0.10739112003201275
1260,229,1489,0.10745246449137918
1275,233,1508,0.10751839360766927
1284,233,1517,0.1075433924529026
1270,228,1498,0.10754647640258552
1267,226,1493,0.10757946542283194
1277,223,1500,0.10761759019972779
1279,223,1502,0.10763218803561322
1274,229,1503,0.10764049858720551
1269,228,1497,0.10765844985097978
1278,222,1500,0.10768922993229815
1276,222,1498,0.10769657013238429
1282,222,1504,0.10770645266098867
1275,225,1500,0.107700660277195
1263,224,1487,0.10771124524839333
1268,225,1493,0.10774753648100532
1262,226,1488,0.10777126426985822
1267,224,1491,0.10780593434732218
1269,232,1501,0.107826945266414
1268,227,1495,0.10784276882384013
1273,225,1498,0.10786037138667848
1276,227,1503,0.10786340729286513
1271,229,1500,0.10785836707142955
1273,225,1498,0.10786477959670694
1274,233,1507,0.10786916023750033
1265,235,1500,0.10787049250978004
1258,234,1492,0.10789151636138619
1274,233,1507,0.10792852415806145
1267,234,1501,0.10792727819151163
1282,239,1521,0.10794301223848944
1264,239,1503,0.10792501843437258
1262,239,1501,0.10794804826255212
1271,237,1508,0.10797395929352045
1265,235,1500,0.10797814224923691
1260,236,1496,0.10799551010930973
1259,239,1498,0.10802291247073927
1243,241,1484,0.10805245301360805
1248,251,1499,0.10811640185728753
1253,251,1504,0.10816776824772731
1252,251,1503,0.10820384972008196
1255,256,1511,0.10823839552372153
1250,264,1514,0.10826640642925404
1244,266,1510,0.10830313571450492
1239,265,1504,0.10835081200085733
1250,267,1517,0.1084042416920111
1245,262,1507,0.10842927074652955
1239,262,1501,0.1084646846532374
1243,263,1506,0.10851076400355245
1249,258,1507,0.10854450429653047
1243,261,1504,0.10856382751908888
1230,264,1494,0.10859427409505866
1224,260,1484,0.108650801957581
1218,262,1480,0.10871759526921769
1223,262,1485,0.10879408404207119
1212,264,1476,0.10885379289669374
1218,264,1482,0.10893018710057617
1225,266,1491,0.10898920655517962
1227,270,1497,0.10902797632927802
1227,269,1496,0.1090578809640163
1222,273,1495,0.1090867572129599
1222,280,1502,0.10912622317918812
1215,285,1500,0.1091651237558261
1221,287,1508,0.10921798878486162
1211,280,1491,0.10925203988755058
1213,283,1496,0.1093056492562513
1212,279,1491,0.10935206133962996
1201,274,1475,0.10939819897653699
1218,283,1501,0.10946874897427968
1218,279,1497,0.1094928787050893
1213,284,1497,0.1095132759881404
1217,284,1501,0.10954212928626102
1214,285,1499,0.10955885368993432
1223,286,1509,0.10958361000432618
1215,288,1503,0.10958875418055658
1209,289,1498,0.10961259243640167
1220,286,1506,0.10964846150651081
1222,283,1505,0.10965798172883456
1221,280,1501,0.10966047595253753
1218,278,1496,0.10966569043838646
1214,280,1494,0.10967520647164615
1219,283,1502,0.10969031967623391
1215,290,1505,0.10969423576563316
1206,288,1494,0.10970819806943702
1216,288,1504,0.10974276424242664
1208,283,1491,0.10975091672144409
1196,284,1480,0.10977548038564656
1201,288,1489,0.10982739381746509
1204,289,1493,0.10986675268276432
1199,289,1488,0.10989363550448437
1194,293,1487,0.10992944486791713
1203,296,1499,0.10997562148959872
1201,293,1494,0.10999683045004621
1200,294,1494,0.1100225457440449
1212,301,1513,0.1100489827305939
1205,301,1506,0.11004720154412832
1203,303,1506,0.1100627903282182
1199,308,1507,0.11008042549767783
1182,302,1484,0.11010708034194643
1194,306,1500,0.11017225413629841
1198,307,1505,0.11020304162016412
1193,309,1502,0.11022256840552716
1188,309,1497,0.11025284505561858
1190,304,1494,0.1102945419918715
1191,304,1495,0.11032914961084188
1198,300,1498,0.11035850515853282
1198,300,1498,0.11036833721971692
1193,302,1495,0.1103784359660515
1198,302,1500,0.11039872689830034
1206,304,1510,0.110404692864335
1198,307,1505,0.11039212664637783
1195,306,1501,0.11040123859759345
1195,303,1498,0.1104169580328967
1195,312,1507,0.11043125494515371
1197,306,1503,0.1104437710315851
1201,315,1516,0.11045297994000293
1198,314,1512,0.11045187494335877
1181,319,1500,0.11046146137349616
1181,326,1507,0.11050790750636491
1177,321,1498,0.11055158728713704
1193,324,1517,0.11060208715244542
1194,331,1525,0.110613853757561
1191,324,1515,0.11061824362150464
1175,327,1502,0.1106316825113494
1179,331,1510,0.11068197723404154
1170,324,1494,0.11071861056057564
1175,313,1488,0.11077222527833698
1164,315,1479,0.1108064839904203
1171,318,1489,0.11086356236297731
1174,321,1495,0.11089952536905213
1159,320,1479,0.11092879958109003
1162,329,1491,0.11099036149391121
1173,332,1505,0.11104255126766262
1168,334,1502,0.11106766798298678
1172,338,1510,0.1111033308785248
1172,344,1516,0.11113033045286409
1169,344,1513,0.11115501305225099
1151,343,1494,0.11118445552066225
1145,341,1486,0.11125140275833788
1160,347,1507,0.1113270626019018
1164,353,1517,0.1113660800851992
1156,358,1514,0.11139471998612464
1149,351,1500,0.11143921641584748
1147,352,1499,0.11149504716955637
1150,347,1497,0.1115534158047625
1146,351,1497,0.11160219275713214
1154,358,1512,0.11165459558801208
1148,357,1505,0.11168434500975544
1149,358,1507,0.11172364352986812
1150,357,1507,0.1117558233392215
1153,351,1504,0.11178216680837619
1164,352,1516,0.11180002200220633
1168,341,1509,0.11179109010380618
1158,340,1498,0.11177204678723633
1163,345,1508,0.11177824955021454
1160,343,1503,0.1117718198350099
1160,335,1495,0.11177424819928491
1152,346,1498,0.11177580360663765
1148,350,1498,0.11179496619291326
1154,352,1506,0.11182438974046569
1150,357,1507,0.11183750648829083
1127,358,1485,0.11186112120239282
1109,361,1470,0.11193507000879745
1116,365,1481,0.11204176704901857
1121,366,1487,0.11212479789149121
1115,370,1485,0.11219342708141665
1127,372,1499,0.11227017961243459
1131,375,1506,0.11231467009297762
1126,377,1503,0.11234954610111528
1114,376,1490,0.11239357928814808
1112,379,1491,0.11246134448079957
1110,375,1485,0.11253098885014456
1112,373,1485,0.11259565996763139
1114,373,1487,0.1126522176007158
1109,375,1484,0.11269913885325103
1103,371,1474,0.11275347681469323
1108,372,1480,0.11281719928668807
1105,375,1480,0.1128661403234826
1111,383,1494,0.11291934736483217
1114,382,1496,0.11295671289219442
1105,380,1485,0.11298279533043683
1112,383,1495,0.11302843700523361
1111,376,1487,0.11305630017753991
1106,379,1485,0.11308494672202865
1097,378,1475,0.11312165454349689
1100,380,1480,0.11317721583002154
1099,382,1481,0.11322041859038944
1097,387,1484,0.1132652611255519
1100,391,1491,0.1133127441729878
1094,395,1489,0.11334944257785295
1085,397,1482,0.11339651007737475
1080,395,1475,0.1134608810874446
1076,400,1476,0.11353301008946871
1087,392,1479,0.11361093323180146
1087,396,1483,0.11365886413514417
1100,401,1501,0.11370338640885688
1109,408,1517,0.11371289639384184
1108,413,1521,0.11370277166407897
1104,410,1514,0.11369435885817865
1095,408,1503,0.11369644028140581
1090,405,1495,0.11372063887527407
1094,409,1503,0.11375742009286931
1085,413,1498,0.11378466243241103
1085,416,1501,0.11383084404761065
1078,422,1500,0.11387476453784501
1084,416,1500,0.11393232737064757
1082,424,1506,0.11397146379815809
1086,426,1512,0.1140136800687942
1085,440,1525,0.11404354042399245
1084,440,1524,0.11407781630376299
1069,440,1509,0.11411105656633276
1069,437,1506,0.11417592840594018
1067,432,1499,0.11423865292422583
1054,435,1489,0.11430042999551604
1054,442,1496,0.11438748738136992
1056,441,1497,0.11446616988517992
1065,438,1503,0.11453272770311802
1065,436,1501,0.11457620399106055
1060,447,1507,0.11461551273573616
1063,436,1499,0.11466499674544935
1053,437,1490,0.11470650968808782
1058,440,1498,0.1147648269326585
1048,434,1482,0.1148088223531769
1050,436,1486,0.11487364049144748
1042,437,1479,0.11492721832053256
1045,432,1477,0.11499506983611474
1044,429,1473,0.11505218479842029
1042,431,1473,0.11510304859467257
1047,431,1478,0.11515598375588443
1054,434,1488,0.11519015290903094
1064,440,1504,0.11520526033134068
1058,443,1501,0.11519791989814628
1055,446,1501,0.11520783476569178
1049,445,1494,0.11522317398647662
1050,446,1496,0.11525237467897913
1059,446,1505,0.11527788819122417
1058,458,1516,0.11528034850387148
1067,458,1525,0.11528652147260805
1064,456,1520,0.11527121522979013
1062,454,1516,0.11526545684463656
1062,464,1526,0.11526703243571516
1049,457,1506,0.11526940878627365
1049,460,1509,0.11530351034409314
1045,463,1508,0.11533788942573546
1036,461,1497,0.11537820251262045
1032,464,1496,0.11543552512574706
1033,467,1500,0.11549755695281233
1030,466,1496,0.11555525313395382
1039,471,1510,0.11561691258725773
1039,473,1512,0.11565265208564146
1033,468,1501,0.11568598721532954
1032,466,1498,0.11572869075092783
1027,468,1495,0.11577210154747337
1027,476,1503,0.1158250084021879
1029,475,1504,0.1158754084003387
1027,480,1507,0.11592005045607108
1018,482,1500,0.11596502326606954
1012,483,1495,0.11602674505945032
1011,482,1493,0.11610037983171641
1003,487,1490,0.1161686030908244
987,490,1477,0.11625446889710542
1001,489,1490,0.11637197221442637
1016,490,1506,0.11645046692209082
1007,496,1503,0.11648759559682084
1004,497,1501,0.11654015952136568
1009,504,1513,0.11659738704332469
998,498,1496,0.11664209569079947
1000,504,1504,0.1167083011269108
997,499,1496,0.11676718004061999
1001,500,1501,0.11682603799608308
1001,496,1497,0.11686896442901798
1004,493,1497,0.11690718113888593
1008,495,1503,0.11693733489812257
1006,492,1498,0.11695621003429707
1023,483,1506,0.11697771814937763
1022,489,1511,0.11696165906468105
1016,483,1499,0.11694377751909527
1013,491,1504,0.116941568503529
1016,489,1505,0.1169447425924857
1019,498,1517,0.11694413858415618
1016,493,1509,0.1169382795183898
1011,491,1502,0.11694078566597838
1005,493,1498,0.11695612071954951
1008,494,1502,0.11698480357671258
1017,493,1510,0.1170015807813439
1013,492,1505,0.11699378458565192
1011,496,1507,0.11699743902075983
1017,501,1518,0.11700664099258595
1008,498,1506,0.11700205627818522
1020,493,1513,0.11701908506839792
1009,499,1508,0.11700731464026103
1008,499,1507,0.11702233037449845
1022,497,1519,0.11703878813582959
1012,489,1501,0.11702173287607913
1007,493,1500,0.11702910832687856
1011,500,1511,0.11704478595203348
1006,499,1505,0.11705020810096362
998,501,1499,0.11706894034412141
1001,505,1506,0.11710454898830669
1008,507,1515,0.11713151989692314
1003,506,1509,0.11714117354739889
993,501,1494,0.11716021015254409
996,506,1502,0.11720109693146302
999,509,1508,0.11723229937123229
1003,506,1509,0.11725426320769711
1007,501,1508,0.1172648490738907
1003,498,1501,0.11726668366729456
1013,502,1515,0.11727938306123165
1021,499,1520,0.11726555824422498
1013,496,1509,0.11723559709642446
1008,500,1508,0.11722664926336401
1002,499,1501,0.11723023480671318
997,505,1502,0.11724594308006386
1004,502,1506,0.11727203654725038
1002,501,1503,0.1172807806513577
996,516,1512,0.11729299522312699
995,514,1509,0.11732133736922509
999,512,1511,0.11735060688024447
984,524,1508,0.11737110108610756
983,527,1510,0.11742372360396533
979,532,1511,0.11747566537129826
978,533,1511,0.11753415618910751
983,526,1509,0.11759160354359181
987,537,1524,0.11763258983522767
984,536,1520,0.1176612316556841
972,534,1506,0.11769451192073756
970,542,1512,0.1177545021052003
966,537,1503,0.11781647088119014
971,542,1513,0.11788234412146949
956,534,1490,0.1179301944230885
963,541,1504,0.11800879659513842
953,536,1489,0.11806582121499808
965,535,1500,0.11813889211714663
967,531,1498,0.11817482728330204
959,529,1488,0.11820310122403274
960,530,1490,0.11824660546917272
954,529,1483,0.11828663508229224
957,534,1491,0.11833614915851515
963,543,1506,0.11837271722472067
957,554,1511,0.11839255115427239
950,552,1502,0.11842629387474574
959,554,1513,0.11847442268179226
964,541,1505,0.11850046047173267
949,549,1498,0.11851097447639275
948,552,1500,0.11855844813710449
932,553,1485,0.118608258644601
952,554,1506,0.1186930014417684
954,550,1504,0.1187243236312772
950,549,1499,0.11874968796857206
943,558,1501,0.11878004297114889
942,566,1508,0.11882483345860699
943,576,1519,0.11887165834273188
942,575,1517,0.11891414818083862
942,574,1516,0.11895677353503756
939,575,1514,0.11899759878721262
936,577,1513,0.11903924132978162
927,581,1508,0.11908386201752333
921,578,1499,0.1191469474123868
922,571,1493,0.11922028962624304
910,576,1486,0.11928398632043542
920,575,1495,0.11937117046046765
922,579,1501,0.11942839156644224
919,575,1494,0.11947734929743464
920,585,1505,0.11953055331493559
927,588,1515,0.11957691726011514
930,584,1514,0.11960394749273756
921,580,1501,0.11962346525467141
928,576,1504,0.11966271537430428
926,579,1505,0.11968187759709824
926,580,1506,0.11970215546917766
915,579,1494,0.11972076146205685
910,582,1492,0.11976495037272987
907,579,1486,0.11981888593291166
909,588,1497,0.11987647102795737
909,585,1494,0.11992509548645547
921,586,1507,0.11996829444694042
919,582,1501,0.1199790844944753
914,585,1499,0.11999552821121652
922,584,1506,0.12002114185546166
914,578,1492,0.12002600145755657
908,587,1495,0.12004771153386196
911,590,1501,0.12008323780737293
907,590,1497,0.12010638798041084
911,592,1503,0.12013881936547605
913,591,1504,0.1201604467716205
908,595,1503,0.12017522622914673
914,590,1504,0.12020005256690908
920,591,1511,0.1202070741720749
910,594,1504,0.12020356842273966
898,595,1493,0.12022517031495986
898,593,1491,0.12027374669262195
909,592,1501,0.12031976691082809
889,604,1493,0.1203379649053151
904,609,1513,0.12040021142674323
900,606,1506,0.12042150622635456
910,605,1515,0.1204510165650835
912,611,1523,0.12045567858766514
903,606,1509,0.1204563632026219
897,607,1504,0.12048019166844011
895,615,1510,0.12051509309847422
896,620,1516,0.12055231700774907
893,619,1512,0.12058625753438261
900,624,1524,0.12062608470349531
899,617,1516,0.12064502182252827
890,616,1506,0.12066628173490689
896,626,1522,0.120708165559059
883,619,1502,0.12073539017025775
889,625,1514,0.12079240866408178
892,633,1525,0.12083130523299428
885,639,1524,0.12085963227813341
880,637,1517,0.12090527184279523
887,627,1514,0.12095934235566848
879,635,1514,0.12099448703799041
879,630,1509,0.12104341739540615
874,627,1501,0.12108605942656159
871,633,1504,0.12113708605048246
872,634,1506,0.12119131632983444
869,642,1511,0.12123743317960643
867,644,1511,0.12129002829631638
870,639,1509,0.12134516193278405
861,635,1496,0.12138804925354879
847,631,1478,0.12145192073463995
852,627,1479,0.12154213044611081
842,635,1477,0.12161275808287676
844,631,1475,0.12170147481535765
858,636,1494,0.12177652315179763
844,643,1487,0.12181340617945026
855,646,1501,0.12187902586272152
849,647,1496,0.121915073695842
854,651,1505,0.12196569385024966
854,651,1505,0.12199959583805202
847,650,1497,0.122033620403346
846,646,1492,0.12208173419884584
854,649,1503,0.12212762846095256
849,649,1498,0.12214971127880161
850,651,1501,0.12218512694534996
835,658,1493,0.1222153610848649
828,660,1488,0.12227838510887594
831,654,1485,0.12235361257071663
834,664,1498,0.12241490480319042
843,657,1500,0.1224671272215474
845,652,1497,0.12249414217383066
849,652,1501,0.1225160671024676
850,663,1513,0.12252594090583145
838,669,1507,0.12253357991133587
836,669,1505,0.1225689152683718
830,671,1501,0.12261092912126471
833,671,1504,0.12266407818205144
830,681,1511,0.12270703578182961
831,694,1525,0.12275532799367334
826,700,1526,0.12279771169560284
817,690,1507,0.12285093598755172
809,685,1494,0.12292203745443128
819,675,1494,0.12300789226693253
815,690,1505,0.1230606858052702
812,677,1489,0.12311926389245728
803,684,1487,0.12317964084010248
813,684,1497,0.12325610585094182
809,688,1497,0.12330236304947992
808,692,1500,0.12335554520809316
818,693,1511,0.12340611420555611
821,690,1511,0.12342926434349132
831,697,1528,0.12344532542171383
823,702,1525,0.12343778149165605
820,700,1520,0.12344943872955168
813,694,1507,0.12346593180591242
806,700,1506,0.12349978288201587
810,702,1512,0.12354929770223361
817,709,1526,0.12358651072511645
807,704,1511,0.12360708302310659
797,705,1502,0.12364864145778824
810,692,1502,0.12370884624158707
809,691,1500,0.12373351771149356
814,690,1504,0.12375742247220999
812,695,1507,0.12376726338308092
803,697,1500,0.12378407321062937
798,701,1499,0.12381716601206216
792,700,1492,0.12386014537809889
794,700,1494,0.12391542481114932
787,706,1493,0.1239608481330755
797,712,1509,0.12401746449861532
798,709,1507,0.12404647905971494
796,719,1515,0.12407201519714689
808,704,1512,0.12410075317816084
817,706,1523,0.12409843787529498
818,710,1528,0.12407329565320996
807,707,1514,0.12404975254655422
804,706,1510,0.12405439223231966
805,708,1513,0.1240659716574428
803,703,1506,0.12407569747462018
796,706,1502,0.12409148877894588
791,700,1491,0.12411962895813639
788,715,1503,0.12415532701199655
790,722,1512,0.12419766428763625
794,720,1514,0.12423001226921687
798,717,1515,0.12425530607741335
808,715,1523,0.12426920952685848
801,711,1512,0.12425727814471847
798,714,1512,0.12426110025909118
792,714,1506,0.12427334716271625
783,721,1504,0.12429509913982159
776,715,1491,0.12433957111157898
772,718,1490,0.12439836461809345
766,727,1493,0.12446292411551152
774,722,1496,0.12453775449251665
768,723,1491,0.12458613018764007
775,732,1507,0.1246450369240726
774,732,1506,0.12468622946773078
764,750,1514,0.12472499950890384
762,753,1515,0.12478390582293414
758,761,1519,0.12484475194242373
759,754,1513,0.12491052050836532
765,747,1512,0.12496968874071446
761,749,1510,0.1250116423003334
766,751,1517,0.12505891963084706
772,751,1523,0.1250897459711329
764,766,1530,0.12510487287178665
757,762,1519,0.12514022031862118
759,762,1521,0.1251912275324045
760,756,1516,0.12523410045184685
752,764,1516,0.12527246344925097
760,761,1521,0.12532862596404237
757,759,1516,0.12536463421068567
757,757,1514,0.12540724874475728
751,758,1509,0.12544630366368156
745,766,1511,0.12549666248894092
733,770,1503,0.12555504887649388
735,769,1504,0.1256398224182306
739,770,1509,0.12571417367372356
741,763,1504,0.12577508796089984
738,762,1500,0.12582731852677598
723,764,1487,0.1258834240446963
727,772,1499,0.12597034291927833
728,789,1517,0.12604206861656095
727,792,1519,0.12610874994869264
728,789,1517,0.12617193962405454
723,789,1512,0.126227451044305
724,788,1512,0.12629129408247727
720,797,1517,0.12634681298274095
724,798,1522,0.1264089615636764
732,795,1527,0.12645788173157432
727,788,1515,0.12648066950986472
716,790,1506,0.12651576259635344
732,781,1513,0.12657244839233558
723,780,1503,0.12658663885240762
720,783,1503,0.12662021442748347
731,781,1512,0.1266585049098652
734,781,1515,0.12666964456690022
730,787,1517,0.12667284600412979
721,779,1500,0.1266822028179764
719,788,1507,0.12671316105197714
726,786,1512,0.1267489496276812
727,770,1497,0.1267634443090918
723,779,1502,0.12677744173861785
721,778,1499,0.1268004471160031
726,774,1500,0.12682630707448006
734,771,1505,0.12683820953430672
726,778,1504,0.12683135293965184
725,785,1510,0.12684533696174305
725,785,1510,0.1268612599631109
717,774,1491,0.12687570439211157
717,775,1492,0.12690866275958196
704,778,1482,0.12693696020453835
702,789,1491,0.12699480126699275
704,796,1500,0.12705295649819795
708,800,1508,0.12710314193192804
701,791,1492,0.12713830529828127
704,795,1499,0.12718652359734603
700,811,1511,0.12722515729256387
702,810,1512,0.12727312584347797
701,827,1528,0.12731589614656486
692,821,1513,0.12735926131913938
691,814,1505,0.12742161419988562
684,816,1500,0.12748355324889435
684,826,1510,0.12755785056198918
683,821,1504,0.12762734479875423
679,826,1505,0.12769462815330487
681,829,1510,0.1277648736774715
675,827,1502,0.12783004767465445
678,836,1514,0.12790423498315756
674,847,1521,0.12796556957347066
675,849,1524,0.12803184212933652
678,849,1527,0.12809131987424652
675,846,1521,0.12814040060422957
672,838,1510,0.12819357507164253
669,837,1506,0.12825169445824486
666,834,1500,0.1283114023433105
677,839,1516,0.12837359903720486
673,827,1500,0.12840536187831508
676,828,1504,0.12844643419023594
683,832,1515,0.12847807380916249
669,842,1511,0.12848977670160644
664,842,1506,0.12853664399362688
669,832,1501,0.1285917978187908
674,831,1505,0.12863272264131528
675,833,1508,0.12865817576601413
668,829,1497,0.1286798615993229
662,827,1489,0.12871647521733137
667,833,1500,0.12876176997966066
677,829,1506,0.1287937549005835
671,833,1504,0.1288018855952068
667,840,1507,0.1288226891772992
669,839,1508,0.12885171253715383
664,851,1515,0.1288762607115259
665,852,1517,0.12891012423955917
662,863,1525,0.12894140348219962
670,859,1529,0.1289782990059081
655,854,1509,0.1289961469018773
654,862,1516,0.1290491400863724
650,848,1498,0.12910131597636584
652,849,1501,0.12915907601126084
648,850,1498,0.1292073368983653
649,861,1510,0.12926238869271361
641,862,1503,0.12931113891225418
645,857,1502,0.12937520550065368
654,850,1504,0.12942544137596862
663,846,1509,0.1294504592122044
657,847,1504,0.129451145324955
654,850,1504,0.12946773202694176
659,851,1510,0.12949065193092793
655,857,1512,0.1295003452334695
655,857,1512,0.12951934282424224
655,863,1518,0.12953836775870287
654,864,1518,0.12955649615074982
649,864,1513,0.12957800597877372
652,864,1516,0.12960967494368528
648,867,1515,0.12963251587068336
647,877,1524,0.12966432914033957
643,873,1516,0.12969821923368138
640,880,1520,0.12974212668869586
641,877,1518,0.1297892183558905
627,879,1506,0.12983263021135855
627,886,1513,0.12990459872698584
624,888,1512,0.12997141438142557
621,882,1503,0.13004076550959437
625,883,1508,0.13011369603686032
615,889,1504,0.13017167571178156
628,889,1517,0.1302461377225128
631,880,1511,0.13028517246146465
634,878,1512,0.13031053823538802
627,875,1502,0.1303279377930449
628,883,1511,0.13036369347855595
629,881,1510,0.13039341628050527
630,886,1516,0.13041866158130275
635,888,1523,0.13043918165702423
629,895,1524,0.13044582387942377
631,887,1518,0.13046923752552525
627,896,1523,0.13048676210395227
618,886,1504,0.1305118990811328
625,885,1510,0.1305526253126864
623,883,1506,0.13057457124140906
619,875,1494,0.13060103751270188
624,881,1505,0.13063241913336548
621,880,1501,0.13065125735418673
620,883,1503,0.13067609637548241
624,894,1518,0.13070216169669727
622,896,1518,0.13071774551055562
626,887,1513,0.13073662153205132
625,878,1503,0.13074122284757794
615,886,1501,0.13074620959134864
612,894,1506,0.13077582841510219
605,878,1483,0.13080982912280967
618,886,1504,0.1308576570235995
619,883,1502,0.1308715800286224
612,887,1499,0.1308811274723554
615,890,1505,0.13090719294756742
625,891,1516,0.1309265909935185
617,896,1513,0.13092264008228308
625,891,1516,0.13093796661008314
619,907,1526,0.1309329554870726
605,905,1510,0.130944776743237
607,909,1516,0.13098968668191863
610,909,1519,0.13102727913487822
609,900,1509,0.1310560231154301
606,908,1514,0.1310865400237522
617,897,1514,0.1311224983096799
607,912,1519,0.13112916203530758
595,918,1513,0.1311598524731855
602,914,1516,0.13121757280420598
592,915,1507,0.13125312617764495
578,920,1498,0.13131087731637575
588,925,1513,0.13139590984295912
580,927,1507,0.1314505855377492
583,921,1504,0.1315222777332071
583,924,1507,0.13158060564298196
581,920,1501,0.1316372709539042
581,924,1505,0.13169307472862676
580,933,1513,0.1317459063299111
579,924,1503,0.13179797778260607
576,929,1505,0.13184512737743007
577,932,1509,0.13189638643204205
585,924,1509,0.13194315276834975
576,927,1503,0.1319668730536295
576,928,1504,0.1320108527161652
573,922,1495,0.1320522013452561
566,932,1498,0.13209596088981942
559,945,1504,0.13215431436950276
565,948,1513,0.13222707199460682
558,950,1508,0.13228240816875336
555,939,1494,0.13234791326104267
563,930,1493,0.13241676904518912
566,941,1507,0.13246202272998808
565,943,1508,0.1324988886036432
565,947,1512,0.13253415849770186
565,947,1512,0.1325664758755497
560,957,1517,0.13259829674540416
560,958,1518,0.1326404341588678
549,963,1512,0.13268169198176089
550,962,1512,0.13274747178551594
544,974,1518,0.1328056485290476
544,969,1513,0.132874920372903
553,974,1527,0.13293800446504403
544,967,1511,0.13297717490609873
548,972,1520,0.13303467773288452
551,971,1522,0.13307989947816978
547,981,1528,0.1331153473296939
550,969,1519,0.13315709007005946
552,958,1510,0.1331905981283573
556,958,1514,0.13321472529092077
558,954,1512,0.13322958483748565
556,942,1498,0.13323726420696105
550,955,1505,0.13325033378547574
533,962,1495,0.13327703747298308
542,957,1499,0.13334016833786064
553,962,1515,0.1333770697355521
545,957,1502,0.13338500912651768
543,957,1500,0.1334095768218262
539,964,1503,0.13343770266630206
542,961,1503,0.133473916396815
553,962,1515,0.13350038023734467
543,966,1509,0.1334985185390004
543,953,1496,0.13352051832045564
548,951,1499,0.13353942895163706
539,949,1488,0.133546322279258
544,960,1504,0.13357322320272405
544,960,1504,0.13358648540804086
543,967,1510,0.13359769904379118
540,959,1499,0.13361152563618192
540,971,1511,0.1336323717352732
546,959,1505,0.1336521469304301
546,976,1522,0.1336583957403642
552,974,1526,0.1336651941140422
551,969,1520,0.13365485502126384
549,967,1516,0.13364815098789687
555,969,1524,0.13364568754424996
551,958,1509,0.1336300571660318
554,957,1511,0.13362503629605668
547,960,1507,0.1336138190679689
549,971,1520,0.133619945376871
544,966,1510,0.13361782004465517
541,967,1508,0.13362969529214885
551,974,1525,0.13364682612111126
545,967,1512,0.133640012779954
541,975,1516,0.13364881553393315
537,972,1509,0.13366615781819507
544,978,1522,0.13369497875605277
536,979,1515,0.13370687564616954
529,980,1509,0.13373678025468413
524,985,1509,0.1337823071477418
530,983,1513,0.13383881628934882
532,989,1521,0.1338752712159463
525,988,1513,0.13390474906984334
513,986,1499,0.13394912961204317
511,980,1491,0.13402027384879003
510,995,1505,0.13409087753794793
506,1007,1513,0.13415711821811105
505,1009,1514,0.1342295970828592
508,1009,1517,0.13430094883601698
505,1012,1517,0.1343608896136488
493,1012,1505,0.13442209801059735
490,1015,1505,0.13450773735713356
486,1016,1502,0.13459465420992447
487,1010,1497,0.13468482205686114
489,1012,1501,0.13476710438780576
490,1023,1513,0.13483809524566054
488,1025,1513,0.13490247301494804
481,1038,1519,0.13496738705027148
481,1041,1522,0.13504548073945644
478,1038,1516,0.13511918015627639
482,1025,1507,0.13519591155983865
475,1024,1499,0.13525583465111396
481,1028,1509,0.13532529969255017
479,1023,1502,0.13537549328167395
488,1029,1517,0.13542356722637922
487,1031,1518,0.13544853871131513
485,1034,1519,0.13547597985156398
481,1018,1499,0.13550399571041846
483,1021,1504,0.13554230767335715
483,1014,1497,0.13557206300510602
486,1019,1505,0.13560103750102903
480,1026,1506,0.13562240253173083
477,1031,1508,0.1356581497498763
477,1042,1519,0.13569955255895993
474,1033,1507,0.13573875412270886
469,1042,1511,0.1357821054151721
474,1044,1518,0.13583402564151828
473,1043,1516,0.13587115930882654
477,1032,1509,0.13590840267935897
483,1018,1501,0.1359339880646575
480,1021,1501,0.135943464551997
475,1022,1497,0.1359583986776277
473,1030,1503,0.13598542971594424
476,1020,1496,0.136014753947281
476,1024,1500,0.13603451434890776
477,1031,1508,0.13605354071823986
469,1038,1507,0.13606796943188101
464,1044,1508,0.1361000449216947
463,1058,1521,0.1361433445031211
464,1042,1506,0.13618413684167752
470,1036,1506,0.13622228651993898
463,1038,1501,0.1362420299359237
470,1043,1513,0.1362763804782655
471,1038,1509,0.13629319399851444
475,1046,1521,0.13630561737296173
468,1040,1508,0.1363071533528131
468,1033,1501,0.13632428205756045
473,1048,1521,0.13634099564736932
467,1057,1524,0.1363454480971443
457,1069,1526,0.13636546360282364
459,1055,1514,0.13640989786162916
457,1054,1511,0.1364452497391556
455,1056,1511,0.1364842266281082
449,1035,1484,0.13652428998638258
446,1043,1489,0.1365745183249302
447,1053,1500,0.13662695267118508
456,1049,1505,0.1366740254111677
456,1047,1503,0.13669689924978357
460,1052,1512,0.13671792590551515
457,1057,1514,0.13672602931643582
461,1062,1523,0.13674265489736295
460,1050,1510,0.13675005664965678
458,1050,1508,0.1367609822070801
459,1052,1511,0.1367783697456867
460,1066,1526,0.13679117529748125
459,1059,1518,0.13680257379805513
453,1053,1506,0.13681604625168303
457,1048,1505,0.13684250909455536
452,1049,1501,0.1368565580482139
454,1051,1505,0.13688171637125113
455,1053,1508,0.13690021665193608
457,1058,1515,0.13691423524305796
450,1054,1504,0.13692372498623262
451,1062,1513,0.13694998988969875
447,1074,1521,0.13697239260428312
448,1080,1528,0.13699932931441616
446,1074,1520,0.137022245368019
446,1067,1513,0.13704991368857
439,1057,1496,0.1370773500513898
444,1056,1500,0.13711781306229245
440,1049,1489,0.13714238185503727
445,1056,1501,0.13717388966712524
447,1063,1510,0.1371895256042895
450,1073,1523,0.13720106831562703
451,1060,1511,0.13720370310560973
451,1058,1509,0.13720218860422156
450,1064,1514,0.13719844550255292
448,1066,1514,0.13719703502212505
440,1068,1508,0.13720086851337837
430,1069,1499,0.13722322466028278
430,1059,1489,0.13726956303448082
437,1072,1509,0.13731169940018695
430,1068,1498,0.13733642399546805
428,1081,1509,0.1373767838244918
426,1070,1496,0.13741823823081956
428,1068,1496,0.13746125759170752
439,1070,1509,0.13749768368808116
448,1068,1516,0.137504458566595
451,1070,1521,0.1374895531971912
439,1082,1521,0.13746922426860297
444,1081,1525,0.13747950147669283
443,1089,1532,0.13747628982756427
440,1079,1519,0.1374772350355293
442,1072,1514,0.137484068342852
444,1073,1517,0.13748506291425844
444,1080,1524,0.1374805026545541
439,1080,1519,0.137476865039199
436,1064,1500,0.13748609431542563
433,1066,1499,0.13750159199217019
430,1062,1492,0.1375221103044786
427,1060,1487,0.1375467050477769
429,1055,1484,0.13757548645216747
435,1053,1488,0.13759733402476723
432,1061,1493,0.13760369704671568
427,1071,1498,0.13761809928761412
434,1077,1511,0.13764387602281702
427,1077,1504,0.1376512815460771
423,1079,1502,0.1376750819133937
419,1082,1501,0.1377070538296991
411,1094,1505,0.1377477556251134
409,1092,1501,0.13780470981114443
412,1101,1513,0.13786439069023868
412,1095,1507,0.13791533248984383
408,1093,1501,0.1379625264222822
407,1082,1489,0.13801394021796112
408,1084,1492,0.13806381692385078
406,1086,1492,0.13810818378295642
399,1091,1490,0.13815545023867729
400,1106,1506,0.13821577366637108
400,1103,1503,0.13827075923752352
400,1104,1504,0.13832381116042083
399,1111,1510,0.1383717544319782
406,1112,1518,0.1384189164275788
407,1105,1512,0.1384456119612337
400,1114,1514,0.13846654378787293
398,1108,1506,0.13850283566500532
399,1116,1515,0.1385427172845867
399,1124,1523,0.13857849750465115
394,1121,1515,0.13861247689815745
393,1126,1519,0.1386566489280534
401,1128,1529,0.13869959350063685
404,1112,1516,0.13872245361359276
405,1109,1514,0.13873543930677162
403,1106,1509,0.13874591785374804
400,1120,1520,0.13875957006715678
397,1126,1523,0.13878093809423186
397,1117,1514,0.13880880372540616
395,1129,1524,0.13883455892843327
397,1118,1515,0.13886243749775218
404,1115,1519,0.1388840156382543
403,1118,1521,0.13888881363612465
395,1116,1511,0.13889482212116666
394,1120,1514,0.13891928075899396
392,1125,1517,0.1389453459361364
390,1127,1517,0.1389758506471781
381,1126,1507,0.13900658101814675
382,1120,1502,0.13905671707647005
391,1128,1519,0.13910212954240653
390,1136,1526,0.13912120362078745
391,1139,1530,0.13914251074031214
388,1134,1522,0.13916218000055558
389,1128,1517,0.13918979387476693
385,1121,1506,0.13921409575071336
385,1126,1511,0.13924482427954823
383,1136,1519,0.13927483174147842
370,1133,1503,0.1393077812978431
363,1144,1507,0.1393703872572683
369,1141,1510,0.13944532903039275
371,1147,1518,0.139501488678722
371,1144,1515,0.1395482703895273
371,1143,1514,0.13959138399183246
376,1153,1529,0.13963047891012523
373,1148,1521,0.13965608154363
379,1155,1534,0.1396880510287497
377,1139,1516,0.13970376194232886
375,1135,1510,0.1397236307199174
374,1146,1520,0.13974479149638122
376,1142,1518,0.139766498554771
376,1140,1516,0.1397831887718147
374,1137,1511,0.13979711823001498
372,1136,1508,0.13981619111063476
374,1135,1509,0.1398390345735763
366,1148,1514,0.13985684654345462
364,1130,1494,0.13989306825985817
354,1136,1490,0.13993085137139205
354,1148,1502,0.13998971643188385
358,1150,1508,0.140043415266679
360,1147,1507,0.14008420967356283
365,1141,1506,0.14011755996852068
363,1137,1500,0.14013757799016652
356,1144,1500,0.14016323677945597
354,1149,1503,0.14020328105559204
353,1156,1509,0.1402463956461429
351,1161,1512,0.14029138484669784
343,1164,1507,0.1403380217310972
349,1159,1508,0.14039942102404993
351,1149,1500,0.14044347675959026
349,1148,1497,0.14047875074476532
348,1148,1496,0.14051605979979476
347,1150,1497,0.14055445380033554
355,1152,1507,0.14059144756924163
349,1158,1507,0.14060576357413912
345,1162,1507,0.14063452043367164
344,1159,1503,0.14067069379290464
343,1165,1508,0.14070785559198032
341,1170,1511,0.1407440494906706
336,1179,1515,0.14078329986037674
337,1181,1518,0.1408316572372134
338,1187,1525,0.14087471807657606
345,1169,1514,0.140912046980611
344,1174,1518,0.14093033289425644
335,1175,1510,0.14094753184596764
332,1161,1493,0.14098487368059753
339,1175,1514,0.14102661321809973
349,1172,1521,0.1410491700540869
342,1170,1512,0.141045158643841
335,1170,1505,0.14105869556824563
327,1170,1497,0.14108754796240752
332,1185,1517,0.14113558663406872
334,1172,1506,0.14116793907345948
335,1171,1506,0.14119148734739362
334,1179,1513,0.1412124472842568
340,1172,1512,0.14123721175303028
340,1172,1512,0.14124227702773332
335,1157,1492,0.14124763880705304
337,1161,1498,0.14126505381834678
340,1167,1507,0.1412743332853989
340,1183,1523,0.14127517688884583
343,1175,1518,0.14127665554438468
344,1167,1511,0.14127273083496789
342,1148,1490,0.14126621367636724
342,1157,1499,0.1412662325827503
343,1160,1503,0.1412668490985239
345,1167,1512,0.14126398012547
347,1152,1499,0.14125594076713388
342,1144,1486,0.141244985404261
344,1161,1505,0.14124697680666298
353,1170,1523,0.14124478941802596
349,1171,1520,0.14122229442821357
343,1166,1509,0.14121176866663046
346,1161,1507,0.14121736589649814
346,1162,1508,0.14121550824252171
343,1158,1501,0.14121435636454924
341,1157,1498,0.141219740914735
341,1147,1488,0.14122768121181567
339,1153,1492,0.14123658337782893
343,1172,1515,0.141248202181828
337,1176,1513,0.14125080337297782
337,1170,1507,0.1412678303110383
337,1165,1502,0.14128508687803307
341,1173,1514,0.14129758054997232
335,1159,1494,0.14129949157246688
335,1172,1507,0.14131458553700665
342,1170,1512,0.14133064509704923
344,1167,1511,0.14132938439546228
341,1165,1506,0.14132391787794332
337,1169,1506,0.14132751195999937
333,1167,1500,0.1413399232859178
332,1171,1503,0.1413614092638038
339,1162,1501,0.14138372347458528
336,1168,1504,0.14138656334225844
336,1169,1505,0.14139593978017653
334,1170,1504,0.14140510444004262
330,1179,1509,0.14141914621909954
326,1199,1525,0.14144159791751737
324,1198,1522,0.14147173652794937
319,1188,1507,0.14150524263483136
322,1182,1504,0.14154840838490093
325,1190,1515,0.14158184894904635
322,1195,1517,0.1416065631860885
323,1194,1517,0.1416360094490436
321,1197,1518,0.14166036256495293
320,1190,1510,0.14168739266574254
314,1195,1509,0.14171358606564816
314,1195,1509,0.14175263992835113
319,1189,1508,0.14178962940306933
318,1190,1508,0.14181351714875867
309,1197,1506,0.14183978286132967
299,1202,1501,0.14188500377517788
296,1203,1499,0.14195065213093017
300,1193,1493,0.1420192245098643
303,1205,1508,0.14207193692957104
307,1198,1505,0.14211197656510355
307,1194,1501,0.14214093807228703
311,1194,1505,0.14216802307782925
310,1201,1511,0.14218444584984147
307,1204,1511,0.14220093590953792
305,1209,1514,0.14222450815640156
302,1195,1497,0.1422522496905693
297,1203,1500,0.14228527091603743
298,1213,1511,0.14232849010187992
297,1208,1505,0.14236821774986047
298,1201,1499,0.14240791057430532
295,1217,1512,0.14244422753631972
287,1220,1507,0.14248444163665372
288,1219,1507,0.14254082721148315
284,1232,1516,0.14259097614598001
281,1220,1501,0.14264722067936242
279,1223,1502,0.1427083220288646
280,1235,1515,0.14277036325584
278,1239,1517,0.14282395827432667
278,1240,1518,0.1428781566810046
280,1240,1520,0.1429284174986743
278,1234,1512,0.1429724224870705
277,1239,1516,0.14301884301086715
271,1231,1502,0.14306591697080198
271,1251,1522,0.14312404502917228
273,1247,1520,0.14317706333456515
266,1239,1505,0.14322056243290276
265,1234,1499,0.14327741033162933
269,1230,1499,0.14333397513171092
271,1236,1507,0.14337816295405567
269,1247,1516,0.1434140016432228
266,1248,1514,0.14345342869365274
270,1249,1519,0.14349910639072536
273,1246,1519,0.14353217476550012
273,1250,1523,0.14355574685156114
274,1234,1508,0.1435785747553838
272,1236,1508,0.1435972699776933
266,1244,1510,0.14361893485535315
270,1248,1518,0.1436534809037375
267,1252,1519,0.14367443831489168
256,1244,1500,0.14370198894161385
255,1252,1507,0.14375124569073403
255,1252,1507,0.14380026855538566
251,1258,1509,0.14384832015065907
248,1254,1502,0.14390109119976768
246,1248,1494,0.14395923258366483
254,1254,1508,0.14401734215029344
249,1252,1501,0.14405069959579575
255,1247,1502,0.14409321443962192
254,1257,1511,0.14411741264396608
255,1255,1510,0.1441439217182583
249,1255,1504,0.14416555766590453
248,1265,1513,0.14420191543384908
243,1259,1502,0.1442372587478489
247,1247,1494,0.14428294366497754
245,1268,1513,0.1443165371306126
245,1261,1506,0.1443513690955185
241,1263,1504,0.14438359299438688
245,1262,1507,0.14442466359771766
247,1272,1519,0.14445212323954412
243,1270,1513,0.1444748212893957
242,1273,1515,0.14450687201507914
251,1274,1525,0.14454141513921126
244,1274,1518,0.14455223662691707
238,1271,1509,0.1445782476809567
232,1262,1494,0.14461639545366137
232,1263,1495,0.14466604742648137
232,1272,1504,0.1447131761233958
235,1274,1509,0.14475684541216727
232,1269,1501,0.14479007976107433
236,1289,1525,0.1448281723271923
234,1292,1526,0.14485153158494735
230,1295,1525,0.1448797133030097
236,1280,1516,0.14491668685321973
238,1284,1522,0.14493710274683724
234,1292,1526,0.14495151868983863
233,1287,1520,0.14497496372067817
230,1298,1528,0.1449989929304059
231,1284,1515,0.1450277069959592
225,1287,1512,0.14505171780316595
226,1282,1508,0.14508757482813697
225,1280,1505,0.14511940841963775
234,1279,1513,0.14514895738117833
231,1277,1508,0.14515356337824248
233,1280,1513,0.14516582552278165
234,1278,1512,0.14517316533990188
228,1282,1510,0.14517818480071004
227,1290,1517,0.14519819901772624
224,1277,1501,0.14521964241169694
221,1265,1486,0.1452473242612621
226,1272,1498,0.14527982294121186
228,1281,1509,0.14529748874220838
227,1279,1506,0.14530973546091266
226,1290,1516,0.14532506095239522
225,1275,1500,0.14534188493558595
226,1282,1508,0.1453566487629429
233,1279,1512,0.1453675956243809
233,1291,1524,0.14536209735390934
232,1282,1514,0.14535631600058546
228,1288,1516,0.14535375807601933
219,1293,1512,0.14536276981514315
220,1296,1516,0.14539175398979992
225,1292,1517,0.1454167534080082
224,1287,1511,0.14542888874703855
225,1295,1520,0.14544178893427348
225,1298,1523,0.14545057913372708
225,1298,1523,0.14545900354008454
228,1292,1520,0.14546775030060488
222,1287,1509,0.14547049909369072
225,1271,1496,0.14548696774602454
227,1280,1507,0.14549316117111566
221,1282,1503,0.14549466054003898
213,1290,1503,0.14551120452191507
214,1284,1498,0.14554661699055363
215,1292,1507,0.14557702932665706
212,1297,1509,0.14560354287164867
211,1309,1520,0.14563444902644418
211,1299,1510,0.14566630194069496
211,1300,1511,0.1456978492164131
214,1298,1512,0.14572733450503625
214,1298,1512,0.14574788864659918
214,1293,1507,0.14576755176081335
217,1301,1518,0.145785492148016
218,1298,1516,0.14579393333093818
217,1296,1513,0.14579956769875493
218,1294,1512,0.14580722346888192
216,1294,1510,0.14581301327510413
218,1303,1521,0.14582425704273871
216,1304,1520,0.14583154882000918
214,1306,1520,0.14584206566102823
214,1296,1510,0.14585728507214743
212,1295,1507,0.14587083179784419
214,1306,1520,0.1458889757929186
217,1303,1520,0.14590092485979841
214,1294,1508,0.14590381903693156
219,1294,1513,0.14591234031750955
218,1299,1517,0.1459100036809059
216,1307,1523,0.145910576549395
215,1312,1527,0.1459143261716261
214,1296,1510,0.14592052298269567
209,1308,1517,0.1459270903081536
207,1291,1498,0.14594584153648185
200,1300,1500,0.14596893435675798
197,1301,1498,0.14600750735882984
198,1293,1491,0.146051574246698
199,1315,1514,0.14608921241593814
197,1320,1517,0.14612181526773896
199,1318,1517,0.1461574132279209
197,1320,1517,0.1461845472160043
196,1307,1503,0.14621541580785224
200,1311,1511,0.1462453486349741
197,1310,1507,0.14626246059549902
202,1304,1506,0.14628539953546366
201,1310,1511,0.1462931357018145
201,1318,1519,0.1463025778520612
200,1318,1518,0.1463124248605858
195,1313,1508,0.14632464643840087
199,1318,1517,0.146348340999218
197,1304,1501,0.14636147440325167
200,1319,1519,0.1463785300594322
200,1323,1523,0.14638647828056844
202,1315,1517,0.14639574968848046
199,1321,1520,0.14640065644237596
198,1315,1513,0.14641320486117684
197,1321,1518,0.14642764482628998
200,1330,1530,0.14644475692469824
196,1327,1523,0.14645304426926525
195,1300,1495,0.14647118618038982
194,1305,1499,0.14648870629445565
195,1318,1513,0.1465081739759939
191,1319,1510,0.14652324757042792
190,1307,1497,0.14654728538939413
193,1321,1514,0.14657312275902915
194,1311,1505,0.1465901397042017
187,1317,1504,0.1466044816680851
185,1326,1511,0.14663466824966587
191,1341,1532,0.1466682634937408
192,1337,1529,0.1466854191526638
189,1332,1521,0.14669880268219163
183,1321,1504,0.14671967610482017
182,1331,1513,0.14675325530957425
185,1335,1520,0.14678583636150014
186,1314,1500,0.1468085608841689
185,1328,1513,0.14682813470758788
186,1332,1518,0.14685015528943235
185,1341,1526,0.14686756532320178
182,1343,1525,0.1468859622279913
182,1347,1529,0.14691095042202604
181,1336,1517,0.1469341350381476
179,1336,1515,0.14695902056546997
180,1338,1518,0.1469876545254862
180,1346,1526,0.1470109660791198
179,1343,1522,0.1470322283657306
183,1332,1515,0.1470544821420363
182,1321,1503,0.14706535325393896
177,1330,1507,0.1470780141983059
172,1332,1504,0.1471016376323764
172,1328,1500,0.14713617417839045
169,1332,1501,0.14716720262178318
173,1334,1507,0.14720354292347904
172,1334,1506,0.1472256732998302
169,1336,1505,0.14725085760480347
174,1339,1513,0.14728092245430682
177,1341,1518,0.14729740057144045
180,1345,1525,0.14730643685501632
174,1344,1518,0.14730775384211328
177,1333,1510,0.14732193900699087
174,1333,1507,0.14732771332004424
176,1324,1500,0.14734142634935574
175,1329,1504,0.14734964247258045
172,1322,1494,0.14735914357529734
172,1325,1497,0.1473761300716672
172,1328,1500,0.147391256276842
174,1342,1516,0.14740567028109303
174,1355,1529,0.1474152482125107
172,1347,1519,0.1474252811896006
169,1346,1515,0.1474381815145563
167,1350,1517,0.14745781994315824
168,1359,1527,0.14748036944418633
163,1356,1519,0.14749929456427513
166,1347,1513,0.14752821147436368
164,1351,1515,0.1475486709881622
160,1353,1513,0.14757365727485497
153,1340,1493,0.1476060913791092
154,1339,1493,0.14765328007180778
157,1349,1506,0.14769612498891718
159,1363,1522,0.14773027843344302
152,1361,1513,0.14775621764116295
152,1359,1511,0.14779667362170118
152,1363,1515,0.14783493714216345
156,1354,1510,0.14787052353986976
158,1349,1507,0.14789424610089127
156,1354,1510,0.14791152204575203
160,1356,1516,0.14793224636320831
161,1364,1525,0.14794142239487715
160,1348,1508,0.14794865818944355
157,1349,1506,0.14795902542955525
155,1349,1504,0.14797642541164813
160,1367,1527,0.14799706538525537
156,1360,1516,0.14800546924140195
155,1361,1516,0.1480227236305494
153,1363,1516,0.14804231935161677
152,1357,1509,0.14806581137200042
154,1351,1505,0.1480894565224333
152,1350,1502,0.14810758776782101
151,1348,1499,0.1481299663787559
152,1361,1513,0.14815274153510236
151,1355,1506,0.14817148639790823
149,1362,1511,0.14819133615753133
147,1358,1505,0.14821353240717766
147,1349,1496,0.14823965624912752
149,1354,1503,0.14826269652097462
151,1363,1514,0.14827901713593988
148,1369,1517,0.14828929674316882
149,1360,1509,0.14830728009678582
149,1368,1517,0.14832141409256805
151,1374,1525,0.14833430180458312
147,1381,1528,0.14834072793996564
146,1382,1528,0.14835661716289525
151,1363,1514,0.14837281985845782
151,1363,1514,0.1483773640517193
151,1369,1520,0.14838146609246372
149,1376,1525,0.14838614215088827
147,1379,1526,0.14839408299830495
148,1373,1521,0.14840566309064052
151,1376,1527,0.1484145671458464
150,1372,1522,0.14841609178436796
148,1375,1523,0.14842067499670702
145,1368,1513,0.14843019234195315
145,1365,1510,0.14844666857316038
141,1360,1501,0.1484610451081959
143,1359,1502,0.14848358102303685
145,1364,1509,0.14849830691409352
149,1357,1506,0.1485058401068667
151,1357,1508,0.14850329158619593
151,1362,1513,0.14849658377916286
145,1356,1501,0.14849062824562653
146,1352,1498,0.14849939247522556
150,1356,1506,0.14850604938686465
151,1364,1515,0.1485011942810971
149,1366,1515,0.14849371965844346
150,1368,1518,0.14849052415709993
148,1374,1522,0.14848572955813105
147,1371,1518,0.14848670202566389
143,1375,1518,0.14849109828114876
143,1376,1519,0.14850503261194256
145,1367,1512,0.1485176470308745
142,1368,1510,0.14852434333048245
137,1370,1507,0.1485379637218904
134,1372,1506,0.14856349004172498
133,1382,1515,0.14859399109664845
131,1384,1515,0.14862592589463816
131,1380,1511,0.14866120486829912
136,1369,1505,0.1486936865794003
138,1376,1514,0.14871111269446932
133,1368,1501,0.14872210324738744
132,1380,1512,0.14874506675986773
129,1379,1508,0.14876959970505216
127,1372,1499,0.14880034921637017
127,1381,1508,0.1488345782345799
129,1392,1521,0.14886639128664195
127,1379,1506,0.148892050479882
125,1385,1510,0.14892105157682392
125,1391,1516,0.1489530386759834
125,1391,1516,0.14898263442291892
125,1387,1512,0.14900940827747403
123,1382,1505,0.14903377912625276
124,1383,1507,0.1490609332333052
125,1388,1513,0.1490823655138531
126,1389,1515,0.1491010926421749
125,1381,1506,0.14911509138171355
126,1392,1518,0.14913096646001514
125,1382,1507,0.14914473412903995
123,1392,1515,0.14915977080727585
125,1389,1514,0.1491796863105292
119,1383,1502,0.14919344843035373
118,1393,1511,0.14922025523396973
116,1392,1508,0.14924795792477358
119,1399,1518,0.14927900950381942
123,1403,1526,0.14930048295487203
122,1396,1518,0.1493095775316853
121,1406,1527,0.14932131655866498
118,1401,1519,0.1493347682929382
118,1390,1508,0.1493545712483789
119,1410,1529,0.1493745002032015
121,1394,1515,0.14938978392686642
118,1388,1506,0.14939778565895956
118,1384,1502,0.14941243529684103
122,1376,1498,0.14942704919273603
124,1383,1507,0.14942988500034854
123,1387,1510,0.1494264886674518
127,1398,1525,0.1494254874867489
128,1391,1519,0.14941602707870746
129,1390,1519,0.14940473373728938
126,1386,1512,0.1493929000381794
123,1398,1521,0.14938949745673646
128,1386,1514,0.14939339417966185
129,1387,1516,0.149384678137965
129,1381,1510,0.1493747895356888
129,1390,1519,0.14936529780144464
127,1383,1510,0.14935703413923368
127,1393,1520,0.14935372408047687
129,1381,1510,0.14935173834488824
128,1390,1518,0.14934448927230423
128,1385,1513,0.14933980767423644
124,1396,1520,0.14933604350805027
122,1398,1520,0.14934354017579443
123,1393,1516,0.14935556036120626
122,1387,1509,0.14936346115430454
123,1386,1509,0.14937374580937696
121,1398,1519,0.14938112624660627
121,1390,1511,0.14939220135270415
120,1402,1522,0.14940208148345
122,1399,1521,0.1494137144416191
119,1407,1526,0.14941931347617768
121,1392,1513,0.1494320725972915
122,1394,1516,0.1494395570443419
121,1391,1512,0.1494444717060362
117,1383,1500,0.14945099177908958
116,1401,1517,0.14946653095398443
117,1398,1515,0.14948388241580526
114,1401,1515,0.14949787904776854
116,1380,1496,0.1495184143144428
115,1390,1505,0.14953291354817871
109,1409,1518,0.14954735203681857
112,1400,1512,0.14957491687031044
110,1402,1512,0.149592910594884
114,1393,1507,0.14961528016667555
114,1388,1502,0.14962646700057036
114,1406,1520,0.149637683505073
112,1393,1505,0.1496485998126446
113,1401,1514,0.14966348983336847
118,1400,1518,0.14967437027431874
119,1395,1514,0.1496709221885177
118,1389,1507,0.14966443664747334
119,1387,1506,0.14966109556628485
118,1393,1511,0.1496569030137096
117,1392,1509,0.14965573619257044
116,1397,1513,0.14965737676323507
117,1396,1513,0.14966144781326132
119,1403,1522,0.1496633385820838
118,1390,1508,0.14965966603126368
115,1388,1503,0.14965968164030893
114,1390,1504,0.14966630117257343
116,1393,1509,0.1496749798534828
115,1404,1519,0.14967705849449925
114,1408,1522,0.14968223641676384
114,1409,1523,0.14969011417283512
116,1418,1534,0.14969820591076285
117,1406,1523,0.1497009997800492
119,1392,1511,0.14970130492785755
118,1384,1502,0.14969565380396146
115,1395,1510,0.14969333006607602
113,1401,1514,0.14969921750783624
112,1409,1521,0.1497096261429473
110,1408,1518,0.149722189984964
109,1404,1513,0.14973922008964421
108,1392,1500,0.14975841102594034
111,1409,1520,0.14977870567409415
110,1409,1519,0.1497896139524062
109,1415,1524,0.1498012024087995
111,1400,1511,0.1498150183604323
109,1407,1516,0.1498227780587769
111,1404,1515,0.14983540779842702
114,1405,1519,0.1498417517329839
112,1403,1515,0.1498404215388883
113,1417,1530,0.14984482520163153
113,1411,1524,0.14984577087050954
114,1414,1528,0.14984567759162395
110,1407,1517,0.14984363283469318
110,1413,1523,0.14985044853969584
113,1399,1512,0.14985715188374718
115,1391,1506,0.1498568904828353
116,1398,1514,0.1498522288289153
113,1402,1515,0.14984558976092333
111,1401,1512,0.149847586374806
111,1415,1526,0.14985462384645942
112,1398,1510,0.1498596714509944
110,1394,1504,0.14986158219822798
113,1403,1516,0.1498674984089969
112,1405,1517,0.14986626746612322
112,1398,1510,0.1498671095617809
113,1397,1510,0.14986830893515665
116,1406,1522,0.14986830517666608
110,1413,1523,0.14986136685818907
107,1416,1523,0.14986929689229075
112,1414,1526,0.14988407527928532
109,1421,1530,0.1498868172909908
102,1401,1503,0.14989681071430666
106,1403,1509,0.14992226518084917
103,1420,1523,0.14993809908044572
102,1410,1512,0.14995990679159393
102,1415,1517,0.1499817017474057
104,1404,1508,0.15000113357052322
104,1415,1519,0.1500138612311682
107,1413,1520,0.15002648749356143
104,1408,1512,0.1500307516299938
104,1425,1529,0.15004213622076004
106,1419,1525,0.1500530822360285
103,1409,1512,0.15005837397993868
105,1412,1517,0.15006959346292784
107,1411,1518,0.15007487822635315
108,1412,1520,0.1500745866540024
108,1415,1523,0.1500721664462171
112,1403,1515,0.15006917478226833
114,1404,1518,0.1500572835219041
116,1408,1524,0.15004101575697015
114,1406,1520,0.15002061849024484
115,1402,1517,0.15000651623892763
114,1416,1530,0.14999140976116707
115,1415,1530,0.14998072848091656
111,1411,1522,0.1499682786907834
110,1416,1526,0.14996681767985312
115,1414,1529,0.14996841363189492
116,1409,1525,0.14995673779203306
112,1405,1517,0.1499428593841487
113,1403,1516,0.1499401838809611
113,1396,1509,0.14993454520989874
108,1399,1507,0.14992923527840327
107,1403,1510,0.14993601944024518
107,1389,1496,0.14994479777149802
106,1394,1500,0.1499535400676281
110,1407,1517,0.14996386964698033
110,1406,1516,0.14996437306001156
113,1417,1530,0.14996478654638012
113,1421,1534,0.14995745080775844
109,1406,1515,0.14995062541298845
107,1407,1514,0.14995421376482887
104,1407,1511,0.14996210325911485
108,1410,1518,0.14997674804982272
108,1403,1511,0.14998155397593904
114,1397,1511,0.14998675820224325
113,1408,1521,0.14997546741282966
114,1409,1523,0.14996702064142375
113,1402,1515,0.14995783656439723
112,1405,1517,0.1499525040993458
108,1406,1514,0.1499502912438791
106,1405,1511,0.14995755628948232
105,1408,1513,0.14996973179071843
110,1402,1512,0.14998409952375488
111,1410,1521,0.14998393869277465
110,1410,1520,0.14998205201973144
112,1418,1530,0.14998274204155962
109,1413,1522,0.14997804673524517
109,1416,1525,0.14998047306774218
109,1402,1511,0.14998223612351003
110,1392,1502,0.14998451547055625
106,1381,1487,0.1499845438824847
109,1398,1507,0.14999500550353673
106,1377,1483,0.14999606500100185
106,1402,1508,0.15000422653013973
104,1399,1503,0.150011981819899
110,1400,1510,0.15002462527681604
109,1394,1503,0.15002125772282082
109,1399,1508,0.15002149387146646
105,1397,1502,0.15002257481978
107,1398,1505,0.1500329993649476
109,1409,1518,0.15003608844659705
110,1412,1522,0.1500334295805241
111,1409,1520,0.15002835470879292
108,1407,1515,0.15002224606755782
109,1400,1509,0.15002405309990408
113,1396,1509,0.15002242512632769
114,1405,1519,0.15001174303983827
114,1397,1511,0.14999995309081174
111,1394,1505,0.1499891371406947
111,1402,1513,0.14998611951676682
110,1390,1500,0.14998435828002238
110,1406,1516,0.14998494454457162
110,1396,1506,0.14998632757466493
109,1390,1499,0.14998717003770629
107,1390,1497,0.1499903422115218
109,1397,1506,0.1499979357512361
103,1397,1500,0.15000106940019786
104,1399,1503,0.1500179900595193
106,1406,1512,0.15003165060459764
100,1403,1503,0.1500396705455996
100,1416,1516,0.15006092251381634
102,1426,1528,0.15008140983253618
105,1417,1522,0.15009649293856847
100,1422,1522,0.150103864418739
102,1425,1527,0.15012234939224942
101,1413,1514,0.15013439289622046
104,1403,1507,0.15014851353528066
101,1410,1511,0.15015380573055873
101,1404,1505,0.15016544234127743
103,1414,1517,0.15017629114504139
101,1419,1520,0.15018098037664387
99,1421,1520,0.15018989073369543
97,1430,1527,0.15020275294809957
99,1423,1522,0.15022018739382467
99,1428,1527,0.1502314743526011
97,1424,1521,0.1502422264534775
100,1431,1531,0.1502566494292502
101,1418,1519,0.15026372276511507
103,1409,1512,0.15026697962139193
105,1408,1513,0.15026489642027369
103,1401,1504,0.150256897730497
104,1406,1510,0.15025423664049598
107,1416,1523,0.150247591802543
105,1418,1523,0.1502346719327947
106,1427,1533,0.15022836928767988
106,1416,1522,0.1502194264332078
105,1425,1530,0.1502110523387982
104,1419,1523,0.15020642113619817
99,1402,1501,0.15020550117606107
97,1411,1508,0.15021602790785893
99,1412,1511,0.15023133379091494
99,1408,1507,0.15024098232108796
98,1411,1509,0.15024894917870146
100,1401,1501,0.15025961081488648
101,1421,1522,0.1502648680537931
97,1424,1521,0.15026652028657342
100,1420,1520,0.15027642795831966
98,1408,1506,0.15027859231463986
100,1416,1516,0.15028653815952076
103,1428,1531,0.15028857177557062
103,1432,1535,0.15028413005078403
102,1430,1532,0.15028069881856088
104,1424,1528,0.15027995624052423
103,1414,1517,0.15027461269148534
102,1415,1517,0.15027127492641174
102,1414,1516,0.1502709205183586
100,1410,1510,0.15027195096301554
99,1395,1494,0.15027818775009114
95,1407,1502,0.15028599342508087
94,1416,1510,0.15030208098814624
96,1415,1511,0.15031991874190936
99,1419,1518,0.1503310030552229
96,1411,1507,0.15033351362862696
96,1408,1504,0.15034312022322996
97,1410,1507,0.15035190665208337
98,1420,1518,0.15035798253801944
99,1418,1517,0.1503612252338583
100,1421,1521,0.150361037443382
99,1416,1515,0.15035864360090356
98,1415,1513,0.1503588099673993
99,1409,1508,0.15036204291757652
98,1410,1508,0.15036278099138195
98,1416,1514,0.15036679361729477
94,1424,1518,0.15037106853861776
96,1412,1508,0.15038453448278175
94,1420,1514,0.1503927074030006
96,1409,1505,0.15040472448348796
95,1416,1511,0.15041171150175608
91,1419,1510,0.15042036206736512
92,1418,1510,0.15043784200659802
91,1412,1503,0.15045149409502895
93,1411,1504,0.15046613494384004
94,1426,1520,0.1504743010695162
93,1420,1513,0.15047995609553597
94,1427,1521,0.15048677199733032
95,1419,1514,0.15049124477959555
94,1425,1519,0.15049345800485625
95,1426,1521,0.15049678254321333
95,1435,1530,0.15049767971942918
96,1432,1528,0.15049952353224152
98,1419,1517,0.1504984320294333
97,1419,1516,0.15049202831149974
96,1410,1506,0.15048839805671646
95,1426,1521,0.15048747524401024
95,1422,1517,0.15048963869410165
94,1427,1521,0.15049171153235205
95,1413,1508,0.15049567258983168
94,1436,1530,0.15049749402966353
94,1440,1534,0.1505017862032339
94,1447,1541,0.15050584990479426
93,1429,1522,0.15050804496597542
93,1408,1501,0.1505123365519141
93,1414,1507,0.15051653760462136
94,1418,1512,0.15052109353573878
92,1425,1517,0.15052362414472914
92,1420,1512,0.1505314489475205
94,1425,1519,0.15053893631337734
95,1422,1517,0.15054072754563275
94,1424,1518,0.150540279205265
90,1426,1516,0.15054251718634487
88,1415,1503,0.1505550947901948
89,1431,1520,0.15057101065019426
89,1435,1524,0.1505832866353974
90,1423,1513,0.15059401393700328
87,1410,1497,0.15060251767483962
87,1411,1498,0.15061705963731148
85,1407,1492,0.15062944916306398
90,1417,1507,0.15064638918272447
94,1421,1515,0.15065085040048054
92,1435,1527,0.15064481001812996
92,1427,1519,0.15064437950825094
91,1417,1508,0.15064397190635753
94,1414,1508,0.15064650184905048
91,1419,1510,0.1506417462778758
93,1425,1518,0.1506444743501088
94,1419,1513,0.15064299298383
92,1408,1500,0.1506397780330517
89,1420,1509,0.1506411292110725
86,1432,1518,0.15064928309578512
92,1432,1524,0.1506637778000596
89,1435,1524,0.15066282057477892
92,1419,1511,0.15066939327511916
93,1429,1522,0.15066874113844136
92,1430,1522,0.15066656635653403
92,1416,1508,0.15066703223769565
93,1434,1527,0.15066785159195623
92,1435,1527,0.15066628569030852
93,1432,1525,0.15066666466998033
97,1421,1518,0.15066441676120013
94,1430,1524,0.15065292141636644
95,1431,1526,0.1506497118424338
91,1424,1515,0.15064342911808407
92,1429,1521,0.15064625303136148
91,1420,1511,0.15064712547940043
92,1417,1509,0.1506504567703853
94,1422,1516,0.15065181433747685
95,1424,1519,0.1506488442667327
95,1426,1521,0.15064418847950375
89,1438,1527,0.15064015836930417
87,1420,1507,0.15065084589695138
87,1423,1510,0.15066568105062775
88,1423,1511,0.15067969412653526
87,1426,1513,0.15069044814966776
89,1425,1514,0.1507031768128678
88,1429,1517,0.1507099902126537
87,1426,1513,0.1507181480421637
83,1435,1518,0.15072788385539407
80,1435,1515,0.15074684835128319
80,1447,1527,0.15077153042846045
78,1438,1516,0.15079513727753377
78,1435,1513,0.15082205926555647
77,1447,1524,0.15084673312878463
77,1442,1519,0.15087253147338991
75,1442,1517,0.15089628942022582
74,1438,1512,0.15092272281254693
73,1444,1517,0.15094946999570197
73,1439,1512,0.1509767606748391
73,1438,1511,0.15100104613273346
72,1434,1506,0.15102416606242447
75,1449,1524,0.15104790501052723
73,1444,1517,0.15106145896876552
72,1444,1516,0.1510796353493904
69,1438,1507,0.1510995484381159
70,1434,1504,0.1511248682207469
68,1435,1503,0.15114660063035767
70,1436,1506,0.151171938116641
70,1436,1506,0.15119119004349607
73,1434,1507,0.15120921578484595
72,1441,1513,0.15121860460371336
72,1441,1513,0.15123032075346773
71,1433,1504,0.15124094713445888
68,1442,1510,0.1512528306577763
69,1439,1508,0.15127134578172008
70,1439,1509,0.1512867244860029
70,1440,1510,0.15129825375978673
68,1432,1500,0.15130974701334576
68,1436,1504,0.15132382752996804
71,1430,1501,0.15133647288912366
71,1439,1510,0.15134123901455157
72,1444,1516,0.15134490598900427
72,1447,1519,0.1513458433921411
72,1453,1525,0.15134794493556344
74,1455,1529,0.15135046527490015
73,1454,1527,0.15134740158177212
70,1447,1517,0.15134795176268503
67,1445,1512,0.15135616886361528
67,1454,1521,0.15137057124385261
66,1459,1525,0.1513845345271861
63,1466,1529,0.1514003279017083
63,1462,1525,0.15142231497809505
63,1451,1514,0.15144317963556614
64,1466,1530,0.15146249911016146
63,1447,1510,0.1514782881662316
67,1434,1501,0.15149430330352362
65,1455,1520,0.15149788741838763
64,1436,1500,0.15150621892514096
63,1452,1515,0.15151711340673443
63,1445,1508,0.1515300493391375
63,1443,1506,0.15154266954897833
64,1446,1510,0.1515543002674046
65,1455,1520,0.15156215306177578
64,1457,1521,0.15156731604933638
65,1458,1523,0.15157423388012925
68,1450,1518,0.15157887821674124
64,1436,1500,0.15157418613685195
66,1448,1514,0.15157960286631583
66,1442,1508,0.15157893356100607
65,1452,1517,0.15157817859698028
66,1454,1520,0.15158042805133015
66,1446,1512,0.15158115117334198
66,1452,1518,0.1515824212178633
65,1451,1516,0.15158312689288667
66,1448,1514,0.15158674300229472
64,1442,1506,0.15158656789517544
65,1433,1498,0.15159147951929763
63,1441,1504,0.15159353790146718
62,1446,1508,0.15160053477603652
63,1435,1498,0.15161052741952868
62,1444,1506,0.1516165903303853
64,1446,1510,0.15162506878905307
63,1450,1513,0.151627664320081
62,1452,1514,0.1516328220888705
60,1447,1507,0.1516398988030122
60,1433,1493,0.15165119588980855
61,1440,1501,0.151661021664979
56,1442,1498,0.1516673254357237
56,1455,1511,0.1516853206686617
57,1459,1516,0.15170264522241828
58,1472,1530,0.15171582157929622
57,1460,1517,0.15172562256637628
59,1461,1520,0.1517377227148958
59,1454,1513,0.1517437484580655
59,1467,1526,0.1517489644344963
60,1467,1527,0.15175349676312422
60,1464,1524,0.1517559922285829
58,1454,1512,0.15175896725405516
57,1448,1505,0.1517666442794033
58,1463,1521,0.15177524839275786
57,1473,1530,0.15177967128938963
59,1467,1526,0.15178681481097217
56,1453,1509,0.15178885046195956
56,1451,1507,0.15179866269657222
57,1449,1506,0.1518073235065967
57,1461,1518,0.15181322783165818
55,1461,1516,0.15181927542708543
55,1459,1514,0.15183003244065
54,1460,1514,0.15184065372920927
54,1478,1532,0.15185291886019253
55,1478,1533,0.15186382188454634
55,1460,1515,0.15187149997394073
55,1462,1517,0.1518793011213191
54,1446,1500,0.15188628128578055
56,1444,1500,0.15189562931320655
55,1459,1514,0.1518986420038887
54,1468,1522,0.1519044092172145
53,1472,1525,0.15191080848012525
53,1476,1529,0.15192004673456652
53,1462,1515,0.15192929143662226
53,1464,1517,0.1519383131078205
53,1468,1521,0.151946205463776
53,1469,1522,0.1519548800456674
53,1471,1524,0.15196338235220488
54,1467,1521,0.15197130925542546
50,1479,1529,0.15197676553883266
52,1481,1533,0.15199157562799293
51,1472,1523,0.15199999966168765
51,1471,1522,0.15200993713000557
51,1464,1515,0.15201872800221625
52,1471,1523,0.15202673428841884
49,1470,1519,0.15203230239592858
49,1462,1511,0.15204450123741245
48,1461,1509,0.1520563544150769
48,1464,1512,0.1520702452336065
50,1469,1519,0.15208346288187166
50,1461,1511,0.15209063190163735
47,1474,1521,0.15209713146480486
48,1451,1499,0.15211008594138992
47,1457,1504,0.1521202258435271
47,1465,1512,0.15213175658390132
46,1476,1522,0.15214213013791944
45,1476,1521,0.1521554591572639
45,1479,1524,0.15217057186144015
44,1491,1535,0.15218432340901245
44,1472,1516,0.15219976689401205
43,1479,1522,0.1522139661705772
42,1476,1518,0.15222918878958205
39,1469,1508,0.15224626684762543
39,1468,1507,0.15226976509436202
39,1475,1514,0.1522918707931702
37,1491,1528,0.1523129881852596
36,1491,1527,0.15233799383464347
36,1483,1519,0.15236391050990794
36,1478,1514,0.15238803496846376
36,1484,1520,0.1524108708701891
35,1484,1519,0.15243226717639619
36,1488,1524,0.15245477277725425
35,1464,1499,0.15247326665149954
36,1467,1503,0.15249310847843908
35,1477,1512,0.15250927626890473
34,1489,1523,0.15252674961971027
34,1490,1524,0.15254563136065297
32,1500,1532,0.15256346090224923
35,1484,1519,0.15258503628220108
34,1481,1515,0.15259735886937903
36,1474,1510,0.15261150717608374
35,1484,1519,0.15261947784369886
35,1486,1521,0.15262888441377914
35,1484,1519,0.1526380272124409
36,1480,1516,0.1526465882024928
36,1478,1514,0.15265181312659953
36,1472,1508,0.15265704256088902
36,1478,1514,0.1526620463191513
35,1477,1512,0.15266690234330618
38,1480,1518,0.15267391136885944
37,1469,1506,0.15267207579080774
37,1468,1505,0.1526731165568214
38,1457,1495,0.15267380522275853
40,1469,1509,0.15267232520091778
41,1474,1515,0.15266516634564037
41,1487,1528,0.15265570557336006
41,1479,1520,0.152647131698051
42,1482,1524,0.15263959244729153
42,1485,1527,0.15262961380093326
39,1486,1525,0.1526200797592422
40,1479,1519,0.15261878481329005
40,1481,1521,0.15261438352589532
42,1479,1521,0.15261081187874198
44,1481,1525,0.1526019835981954
44,1477,1521,0.15258862208599253
44,1475,1519,0.15257676539687354
45,1468,1513,0.15256624208988767
45,1478,1523,0.15255374278283323
46,1481,1527,0.1525425850257551
45,1477,1522,0.1525299590594478
45,1473,1518,0.1525209167978309
43,1475,1518,0.1525128870060743
40,1472,1512,0.15251061866842014
41,1481,1522,0.15251620562861967
41,1498,1539,0.15251920913654415
40,1485,1525,0.1525222504018986
39,1474,1513,0.15252763149540205
37,1471,1508,0.1525350169270824
37,1477,1514,0.15254685093084994
36,1481,1517,0.15255810438840658
34,1497,1531,0.15257093881556866
38,1489,1527,0.15258767741679954
38,1483,1521,0.15259215113173616
37,1485,1522,0.1525964988337898
36,1480,1516,0.15260326667298038
35,1480,1515,0.15261236259430186
35,1478,1513,0.15262305746275068
35,1483,1518,0.15263327218084785
35,1471,1506,0.1526431075796321
35,1473,1508,0.15265247045587055
36,1472,1508,0.15266146418369156
35,1477,1512,0.15266718866490908
35,1474,1509,0.15267511784885887
36,1479,1515,0.15268277129285152
35,1476,1511,0.15268708444095763
35,1483,1518,0.15269377350184155
31,1476,1507,0.15269963830802766
30,1476,1506,0.1527148793651031
32,1478,1510,0.1527314127885951
33,1485,1518,0.15274238860462958
31,1491,1522,0.15274974883024722
34,1482,1516,0.15276141700197968
33,1483,1516,0.1527654670743578
31,1478,1509,0.15277170355508507
30,1486,1516,0.15278243344540493
30,1484,1514,0.15279507591056565
31,1483,1514,0.15280706755916287
31,1495,1526,0.15281478134220192
30,1486,1516,0.15282233031627668
31,1485,1516,0.15283184601967614
30,1472,1502,0.1528380264396572
29,1484,1513,0.15284626175410743
29,1483,1512,0.15285644781941304
30,1487,1517,0.15286608511910868
31,1488,1519,0.15287278079997868
30,1488,1518,0.15287602487143154
33,1478,1511,0.15288153750229924
33,1489,1522,0.15287889099552934
34,1480,1514,0.15287601182985794
32,1482,1514,0.1528704992180564
32,1483,1515,0.1528705140917042
33,1489,1522,0.15287093933428134
33,1489,1522,0.15286867144572594
32,1489,1521,0.15286695209223597
34,1489,1523,0.15286838181947668
33,1487,1520,0.1528639020293396
32,1484,1516,0.15286238696919688
33,1471,1504,0.15286288355457725
33,1473,1506,0.15286136082457166
34,1472,1506,0.15286030146264573
34,1478,1512,0.1528564100491088
34,1484,1518,0.15285313916740934
34,1485,1519,0.15285040211180817
34,1492,1526,0.152848123663049
34,1487,1521,0.15284623860181384
32,1481,1513,0.1528446904127092
34,1490,1524,0.15284816378155952
34,1484,1518,0.1528453150387395
35,1483,1518,0.15284298525310275
34,1490,1524,0.15283808983398894
32,1494,1526,0.1528360646451107
32,1496,1528,0.1528393315013809
31,1494,1525,0.15284267229783136
29,1497,1526,0.15284851649557343
29,1494,1523,0.1528593443391995
28,1498,1526,0.152869665227586
27,1485,1512,0.152881438540804
26,1497,1523,0.1528945782799226
25,1493,1518,0.15290931150055587
27,1481,1508,0.15292582445025643
28,1487,1515,0.15293640180346257
27,1478,1505,0.15294391077961297
27,1481,1508,0.15295351344434074
27,1472,1499,0.1529626762067231
27,1484,1511,0.15297140655995622
28,1483,1511,0.15297971402289093
30,1498,1528,0.15298361604835337
30,1491,1521,0.1529821042298714
30,1488,1518,0.1529810344761234
29,1489,1518,0.15298033699555005
29,1494,1523,0.15298236597623202
29,1488,1517,0.1529845116553773
29,1493,1522,0.15298673803062177
29,1495,1524,0.1529890148386675
29,1502,1531,0.15299131676271074
31,1498,1529,0.15299362274432457
31,1490,1521,0.15298999557206558
30,1491,1521,0.1529858610272186
29,1501,1530,0.15298485543703005
29,1485,1514,0.15298680873482476
31,1476,1507,0.152988847791043
31,1495,1526,0.15298545298880709
30,1500,1530,0.15298253773571094
29,1495,1524,0.15298228966183594
29,1495,1524,0.15298497886614335
29,1495,1524,0.15298764950886087
28,1493,1521,0.15299002378988646
29,1491,1520,0.15299465663527168
28,1498,1526,0.15299600294719115
27,1486,1513,0.15299972995860142
28,1488,1516,0.15300564602330238
28,1485,1513,0.15300903023030796
27,1484,1511,0.15301234136495664
27,1483,1510,0.15301767186395768
30,1489,1519,0.15302197074116575
30,1488,1518,0.15301806305081606
30,1489,1519,0.15301444078618434
32,1481,1513,0.15301136868973697
31,1482,1513,0.15300312672249164
32,1480,1512,0.15299803305675744
32,1473,1505,0.15299125559180468
32,1474,1506,0.15298414057431745
31,1480,1511,0.15297786454185275
33,1477,1510,0.1529746486673933
35,1481,1516,0.15296555580903287
35,1485,1520,0.15295109682041577
36,1482,1518,0.15293813105128598
35,1491,1526,0.15292325755558336
35,1484,1519,0.15291214590093588
35,1479,1514,0.15290220497903387
34,1478,1512,0.15289330136133855
35,1478,1513,0.15288764978531805
34,1480,1514,0.15287940790374902
34,1477,1511,0.1528743253975364
34,1483,1517,0.1528691302960848
35,1496,1531,0.1528636974299186
34,1480,1514,0.15285516906079027
33,1491,1524,0.15285000198238372
33,1495,1528,0.15284852453999717
32,1494,1526,0.15284751096269936
29,1510,1539,0.15284918822126625
29,1488,1517,0.15285790244120429
31,1485,1516,0.15286632820202775
31,1482,1513,0.15286939640260142
28,1481,1509,0.15287255624852175
26,1467,1493,0.15288224147739599
24,1476,1500,0.152896127082159
27,1472,1499,0.1529142495807548
29,1479,1508,0.15292287717266428
32,1489,1521,0.15292611302186593
34,1487,1521,0.15292105499410957
32,1485,1517,0.15291107726893519
32,1492,1524,0.15290737135101481
33,1489,1522,0.15290437228318512
33,1488,1521,0.15289956020201015
33,1488,1521,0.15289542994720612
32,1505,1537,0.1528918937511439
30,1488,1518,0.15289127219704698
32,1485,1517,0.15289568459230934
33,1490,1523,0.15289452686671431
31,1501,1532,0.15289002564527043
31,1497,1528,0.15289120512370663
29,1488,1517,0.1528926633672188
28,1495,1523,0.15289946950781125
28,1495,1523,0.1529080285449135
27,1487,1514,0.15291627352100703
28,1492,1520,0.15292655523028081
29,1492,1521,0.1529328412395905
28,1492,1520,0.1529364558787071
30,1493,1523,0.15294215433653485
30,1487,1517,0.15294167912846984
30,1484,1514,0.15294099036725498
31,1495,1526,0.1529400745672323
32,1496,1528,0.15293701114149294
32,1491,1523,0.15293209565046964
30,1500,1530,0.15292795250459126
30,1504,1534,0.15292918542243514
30,1502,1532,0.15293069551796354
32,1477,1509,0.15293155463639038
30,1496,1526,0.15292722163476832
31,1498,1529,0.15292817596808164
31,1519,1550,0.1529263944229318
31,1506,1537,0.15292517374115097
31,1505,1536,0.15292347911249737
31,1498,1529,0.1529223328772501
31,1484,1515,0.15292089914258966
32,1492,1524,0.15291997665473211
32,1485,1517,0.1529165002680462
30,1483,1513,0.15291364070231103
30,1479,1509,0.1529157563963694
31,1485,1516,0.15291800902960664
31,1493,1524,0.15291807175235939
30,1493,1523,0.15291837540967748
29,1495,1524,0.15292112368993277
27,1483,1510,0.15292530390418246
26,1482,1508,0.15293428469293827
25,1486,1511,0.15294520026357059
25,1477,1502,0.152958088674608
27,1489,1516,0.1529703471469691
26,1492,1518,0.15297680036135525
24,1500,1524,0.15298537941488452
22,1480,1502,0.15299811825404577
24,1481,1505,0.15301484694305573
25,1499,1524,0.15302514623927227
25,1497,1522,0.15303196710994477
25,1491,1516,0.15303836562821252
25,1484,1509,0.153044655284089
24,1486,1510,0.15305080435726803
25,1479,1504,0.15305811724197813
24,1478,1502,0.15306174767508693
25,1495,1520,0.1530680400025173
26,1487,1513,0.1530713992622837
26,1487,1513,0.15307177567113647
27,1496,1523,0.1530725691973399
27,1483,1510,0.15307052720306605
26,1473,1499,0.15306904087427875
26,1469,1495,0.15307023937499883
26,1482,1508,0.15307107574715825
26,1480,1506,0.1530712348532128
25,1491,1516,0.15307181054457458
26,1486,1512,0.15307517392215333
26,1479,1505,0.15307555632629588
26,1493,1519,0.15307629905903503
24,1502,1526,0.1530773326829474
24,1496,1520,0.15308322796636584
26,1490,1516,0.15308900561382197
26,1487,1513,0.15308797611075448
26,1487,1513,0.15308743903515892
26,1480,1506,0.15308730955503663
25,1477,1502,0.1530868629702672
25,1485,1510,0.15308890375298684
25,1494,1519,0.1530905415511782
25,1495,1520,0.15309249213260942
24,1505,1529,0.1530940461778737
24,1496,1520,0.15309828797580788
24,1493,1517,0.1531026290566402
25,1487,1512,0.15310701777058588
23,1477,1500,0.15310836409746456
19,1485,1504,0.15311472284733185
19,1488,1507,0.15313075439931675
18,1488,1506,0.15314596197975142
18,1494,1512,0.15316269285498885
18,1492,1510,0.15317857954020644
19,1494,1513,0.15319363026749902
19,1507,1526,0.15320534889570464
19,1501,1520,0.1532164683069102
18,1491,1509,0.15322700878374781
17,1495,1512,0.15323929804334108
17,1493,1510,0.15325327024885063
18,1497,1515,0.15326632687235317
19,1506,1525,0.15327559556946888
20,1495,1515,0.15328133623622667
17,1508,1525,0.15328371462291415
16,1507,1523,0.15329374823720796
16,1503,1519,0.15330567710205317
17,1498,1515,0.1533170320892144
18,1501,1519,0.15332390648141614
20,1498,1518,0.15332739837559448
19,1498,1517,0.1533253623660419
19,1490,1509,0.15332647314594966
18,1494,1512,0.15332787659649016
18,1491,1509,0.1533319234842108
17,1490,1507,0.15333599715803392
17,1482,1499,0.15334252396811482
18,1484,1502,0.15334884330797735
18,1487,1505,0.15335235894458252
18,1480,1498,0.15335548911663655
18,1473,1491,0.15335784126592095
19,1478,1497,0.1533603091730686
19,1492,1511,0.1533601436966521
19,1506,1525,0.1533602349697448
19,1503,1522,0.15336053679035883
20,1514,1534,0.15336100958923285
20,1519,1539,0.15335855681231753
20,1501,1521,0.15335595151791653
18,1500,1518,0.15335380413300154
19,1498,1517,0.15335690096275087
18,1508,1526,0.1533575197237931
18,1501,1519,0.15336080885408288
19,1510,1529,0.1533640689627344
18,1511,1529,0.15336423545943803
17,1505,1522,0.15336695376299722
16,1489,1505,0.1533721876035026
17,1501,1518,0.15337960358238875
17,1501,1518,0.15338408068318002
18,1508,1526,0.15338842725056406
17,1507,1524,0.15339009307229434
17,1487,1504,0.15339412885620313
13,1485,1498,0.1533980286430068
13,1489,1502,0.15341139693690103
15,1491,1506,0.15342330225251224
14,1496,1510,0.15342956355754128
14,1487,1501,0.15343792900139083
15,1479,1494,0.15344592321292758
16,1493,1509,0.1534503553383156
15,1509,1524,0.15345197550250003
15,1510,1525,0.15345641360254206
15,1501,1516,0.15346073203977914
16,1502,1518,0.15346407198547668
16,1507,1523,0.15346471234149645
16,1492,1508,0.15346555067742376
17,1496,1513,0.15346654518438466
17,1495,1512,0.1534645385707078
15,1487,1502,0.1534629102134193
16,1491,1507,0.1534666142629276
16,1495,1511,0.1534670265441643
14,1499,1513,0.15346765365211726
14,1501,1515,0.15347327996494933
13,1489,1502,0.15347874572704803
13,1491,1504,0.15348642441976706
16,1490,1506,0.15349377436529224
15,1495,1510,0.15349192762762673
14,1499,1513,0.15349294890056717
14,1517,1531,0.15349664761307708
13,1507,1520,0.15350035516551724
12,1518,1530,0.15350646675867452
12,1523,1535,0.15351520845346722
12,1515,1527,0.1535235199915345
11,1506,1517,0.15353141306703683
10,1501,1511,0.15354133629827202
10,1508,1518,0.15355310050586674
10,1510,1520,0.15356419575524025
10,1515,1525,0.15357465502065498
11,1523,1534,0.15358372888035995
11,1511,1522,0.15358929925756665
11,1503,1514,0.15359472670315452
13,1496,1509,0.15359999416529682
16,1494,1510,0.15359863426442616
16,1487,1503,0.15358802476525596
16,1496,1512,0.15357865757225414
15,1492,1507,0.15357038538254975
15,1500,1515,0.15356575807694736
15,1491,1506,0.153561786509789
15,1493,1508,0.1535583861200233
16,1499,1515,0.15355548290874435
16,1503,1519,0.15354976909158716
16,1499,1515,0.15354404174860714
16,1506,1522,0.15353905700167966
16,1513,1529,0.15353472362085788
16,1515,1531,0.153530961413707
16,1496,1512,0.15352769988986825
16,1505,1521,0.15352487708817023
16,1501,1517,0.15352243854634753
14,1487,1501,0.15352033639589271
15,1491,1506,0.15352330057941685
13,1509,1522,0.15352379149617465
13,1498,1511,0.15352923170415583
13,1497,1510,0.1535343482327055
13,1492,1505,0.1535392603875887
13,1491,1504,0.15354396723778116
14,1500,1514,0.1535484695792847
15,1499,1514,0.1535495256564566
16,1504,1520,0.15354756949574536
16,1497,1513,0.15354274292974945
16,1494,1510,0.153538533134569
15,1491,1506,0.15353486431268337
17,1494,1511,0.15353407321889198
17,1500,1517,0.15352705284207122
18,1497,1515,0.153520858344563
17,1499,1516,0.15351220971607893
16,1497,1513,0.153506476463291
15,1499,1514,0.15350381706920174
15,1496,1511,0.15350405813123713
15,1495,1510,0.15350459125094879
14,1500,1514,0.15350535960072512
14,1506,1520,0.153508724517352
15,1499,1514,0.15351208503959043
14,1501,1515,0.1535128671169299
13,1497,1510,0.15351635747935471
15,1495,1510,0.15352227169485108
15,1501,1516,0.15352147797106366
13,1502,1515,0.15352102210226154
13,1512,1525,0.15352584190902582
13,1513,1526,0.15353057223739533
14,1518,1532,0.15353519117680245
14,1514,1528,0.1535364076915297
13,1521,1534,0.15353778755859576
12,1513,1525,0.15354161934904362
12,1509,1521,0.15354775202237098
12,1507,1519,0.15355365930063708
11,1502,1513,0.15355933520103718
11,1501,1512,0.153567182237824
11,1505,1516,0.15357464597464332
11,1502,1513,0.15358173642136927
12,1511,1523,0.1535876278865442
13,1509,1522,0.15359028055913615
14,1497,1511,0.15358996719026588
11,1495,1506,0.15358620733653602
11,1508,1519,0.15359097279603942
10,1510,1520,0.1535957687262221
9,1487,1496,0.1536032971596851
9,1489,1498,0.1536129693104253
9,1499,1508,0.1536224036998134
9,1497,1506,0.15363138429198606
9,1489,1498,0.1536399219387322
9,1501,1510,0.1536480290877861
10,1498,1508,0.15365571938757186
9,1498,1507,0.15365978416671258
9,1494,1503,0.15366612335768717
9,1494,1503,0.15367221425607575
9,1492,1501,0.1536780531749798
12,1500,1512,0.15368363916818367
12,1507,1519,0.1536793910143062
12,1496,1508,0.15367578075636942
13,1504,1517,0.1536727238285329
13,1489,1502,0.15366738487735496
13,1499,1512,0.1536626794156114
13,1495,1508,0.15365853203892266
13,1502,1515,0.15365487641826484
12,1513,1525,0.15365165419365015
13,1510,1523,0.153651198665806
13,1506,1519,0.1536476788296593
14,1498,1512,0.15364462126796463
15,1503,1518,0.15363887728748002
16,1496,1512,0.1536311291551993
18,1499,1517,0.1536209738890086
17,1502,1519,0.15360558765521218
17,1510,1527,0.15359405139372956
16,1493,1509,0.15358366711609717
15,1484,1499,0.15357715824899723
15,1490,1505,0.15357379171198304
15,1489,1504,0.1535708870356471
15,1490,1505,0.15356838662956712
14,1490,1504,0.15356623985293394
15,1499,1514,0.1535666844075557
14,1499,1513,0.15356490406729986
13,1486,1499,0.15356581457128038
14,1482,1496,0.15356917978004017
15,1495,1510,0.15356989087460307
16,1504,1520,0.15356758161797937
16,1504,1520,0.15356255625895066
16,1504,1520,0.1535581201726391
15,1499,1514,0.15355420611097623
16,1492,1508,0.15355312554840406
16,1488,1504,0.1535491217285179
14,1490,1504,0.1535456376842219
14,1497,1511,0.15354735918562235
16,1485,1501,0.15354908576888776
16,1483,1499,0.15354525961445117
19,1468,1487,0.15354195035021925
21,1488,1509,0.15352948056090931
21,1486,1507,0.15351242959479813
20,1492,1512,0.15349703451700455
21,1506,1527,0.1534855047979463
22,1498,1520,0.15347270754767606
22,1502,1524,0.15345787968001157
22,1500,1522,0.15344445296211706
21,1493,1514,0.1534322860765771
19,1489,1508,0.1534234856308154
20,1479,1499,0.1534203560996224
20,1480,1500,0.15341440588064056
20,1476,1496,0.15340919395432456
20,1476,1496,0.15340462986711473
20,1469,1489,0.153400634226808
17,1488,1505,0.1533971373453822
19,1488,1507,0.1534009799913729
19,1494,1513,0.15339893381442252
19,1499,1518,0.1533973317208266
18,1503,1521,0.15339610510600055
17,1492,1509,0.15339746144644606
15,1495,1510,0.15340127172232215
15,1502,1517,0.1534096220907731
16,1478,1494,0.15341760548483682
18,1479,1497,0.15342203519027794
18,1487,1505,0.1534205831693372
18,1502,1520,0.153419550859394
17,1512,1529,0.15341887043076324
17,1505,1522,0.15342088403898024
17,1499,1516,0.1534228917945604
17,1502,1519,0.15342498141297245
17,1507,1524,0.1534271217410355
17,1493,1510,0.15342928683956436
19,1493,1512,0.15343145524683174
19,1488,1507,0.15342718298586708
18,1490,1508,0.15342347910994178
19,1493,1512,0.15342259345319956
20,1502,1522,0.15341960047680486
21,1494,1515,0.1534137734402261
21,1487,1508,0.1534054435713299
20,1491,1511,0.15339722856272595
20,1492,1512,0.15339229017071226
20,1500,1520,0.15338808664426096
21,1501,1522,0.15338308563076253
22,1484,1506,0.15337566367250396
22,1480,1502,0.1533660491534333
19,1490,1509,0.15335756529435426
18,1491,1509,0.15335786165847634
18,1508,1526,0.1533609129669156
17,1490,1507,0.15336406809559183
16,1493,1509,0.15336976012409342
16,1501,1517,0.15337765793189775
15,1497,1512,0.1533852435902628
15,1510,1525,0.1533947729157306
13,1502,1515,0.1534038472534016
14,1509,1523,0.15341700476569828
14,1502,1516,0.15342715406708338
13,1504,1517,0.15343676909846984
12,1510,1522,0.15344834265793653
12,1514,1526,0.15346161513980594
12,1509,1521,0.15347331544273918
12,1518,1530,0.1534844384093498
11,1500,1511,0.15349500009081699
10,1501,1511,0.1535074433696703
10,1499,1509,0.1535216294588781
9,1499,1508,0.1535350123580761
9,1500,1509,0.15355030189331376
9,1499,1508,0.15356466107784536
9,1504,1513,0.15357814397406064
9,1502,1511,0.1535908018622052
10,1510,1520,0.1536026833318099
10,1511,1521,0.1536109812608639
10,1507,1517,0.1536188291193312
10,1504,1514,0.15362624592471752
10,1496,1506,0.15363325070470382
10,1496,1506,0.1536398623398607
9,1500,1509,0.15364609943659105
10,1500,1510,0.15365430992508913
10,1495,1505,0.15365882070048123
12,1484,1496,0.15366317090033652
11,1492,1503,0.15366160722425343
10,1491,1501,0.15366274370838787
10,1499,1509,0.15366645224164416
10,1510,1520,0.1536700983638667
9,1511,1520,0.15367366428909443
9,1502,1511,0.15367944712650355
7,1500,1507,0.15368498415473117
7,1495,1502,0.15369525389830302
8,1497,1505,0.15370494999093534
8,1496,1504,0.15371097936801256
7,1497,1504,0.15371677481478707
7,1499,1506,0.15372526950251106
7,1510,1517,0.1537332726394542
7,1500,1507,0.15374080929721295
7,1496,1503,0.15374790376695363
7,1512,1519,0.15375457950124077
8,1517,1525,0.1537608590738085
8,1510,1518,0.15376395659710554
9,1516,1525,0.1537669330825371
8,1511,1519,0.15376655666790603
8,1514,1522,0.15376883898907662
8,1510,1518,0.15377110984463568
8,1510,1518,0.15377335339106687
8,1509,1517,0.15377555688793734
8,1510,1518,0.1537777102328316
9,1518,1527,0.1537798055602566
9,1512,1521,0.15377885367640526
9,1508,1517,0.15377810226050406
8,1513,1521,0.153777522289639
8,1507,1515,0.1537795155087477
8,1498,1506,0.15378147210923054
8,1503,1511,0.15378338284081308
8,1502,1510,0.1537852405374266
8,1508,1516,0.15378703979130942
9,1514,1523,0.15378877667279675
9,1517,1526,0.15378738773968625
9,1507,1516,0.15378619936847315
8,1507,1515,0.15378518427087431
8,1504,1512,0.15378675770061848
7,1508,1515,0.1537883112946324
6,1510,1516,0.15379229868273098
6,1509,1515,0.1537984478312749
5,1518,1523,0.15380427264161436
5,1507,1512,0.15381218321889004
6,1503,1509,0.15381964172612814
5,1525,1530,0.1538241394209099
6,1527,1533,0.15383079771432434
6,1504,1510,0.15383461963600445
6,1505,1511,0.1538382490564723
6,1503,1509,0.15384169187940797
6,1506,1512,0.1538449544488554
7,1496,1503,0.15384804341514235
7,1496,1503,0.15384772997445736
7,1502,1509,0.15384755645168466
7,1506,1513,0.1538474986572776
7,1501,1508,0.1538475359146942
7,1491,1498,0.15384765057997313
7,1509,1516,0.1538478276254814
6,1505,1511,0.15384805427933973
7,1505,1512,0.15385071504869885
8,1515,1523,0.15385078844350553
7,1507,1514,0.15384769505298157
7,1521,1528,0.15384804414206074
6,1509,1515,0.15384784091629317
6,1513,1519,0.15385020335890517
6,1512,1518,0.15385252259426896
6,1521,1527,0.15385478799715407
6,1528,1534,0.15385699131985167
6,1528,1534,0.15385912632266244
6,1516,1522,0.15386118845598354
6,1519,1525,0.1538631745870916
5,1513,1518,0.1538650827656242
5,1522,1527,0.15386929261080134
6,1518,1524,0.15387327882001212
6,1514,1520,0.15387388020073542
6,1522,1528,0.15387456912396252
5,1503,1508,0.15387532440058604
5,1516,1521,0.1538785274831596
6,1520,1526,0.15388161532652314
6,1503,1509,0.15388141387660453
6,1495,1501,0.1538813863756757
6,1491,1497,0.15388150181542123
6,1502,1508,0.15388173364786442
6,1505,1511,0.15388205918990633
6,1509,1515,0.15388245910490844
7,1502,1509,0.15388291695148862
8,1506,1514,0.15388020604911276
8,1503,1511,0.15387457660593118
8,1503,1511,0.15386953908746862
8,1491,1499,0.15386502704577906
9,1493,1502,0.153860981860367
9,1507,1516,0.15385423947692745
11,1502,1513,0.15384795119722858
12,1500,1512,0.15383629543333083
13,1503,1516,0.15382258609727986
13,1506,1519,0.15380694494098904
13,1499,1512,0.15379274798623527
13,1494,1507,0.1537798507228598
11,1506,1517,0.1537681241171503
11,1505,1516,0.1537623830176868
11,1501,1512,0.15375725976293045
12,1498,1510,0.15375268308743062
12,1498,1510,0.15374537841609104
12,1515,1527,0.15373880132912227
12,1506,1518,0.15373287265742153
11,1501,1512,0.1537275223861993
12,1501,1513,0.15372435457624226
11,1489,1500,0.15371841979448203
11,1499,1510,0.15371545454809
11,1498,1509,0.15371293980420353
10,1512,1522,0.15371081327792793
10,1510,1520,0.15371138054894654
10,1515,1525,0.15371208595065963
10,1510,1520,0.15371289797644735
10,1505,1515,0.1537137900736576
10,1506,1516,0.153714739945958
10,1499,1509,0.1537157289496872
12,1511,1523,0.15371674157178358
12,1509,1521,0.15371145417223686
12,1488,1500,0.15370675420862187
12,1500,1512,0.15370185236489528
13,1499,1512,0.15369755415553515
13,1513,1526,0.15369062709053793
14,1511,1525,0.15368446026169041
14,1530,1544,0.15367585613584087
14,1515,1529,0.1536681429166621
13,1512,1525,0.15366122420188563
12,1511,1523,0.15365749070493032
12,1522,1534,0.15365660388490798
14,1511,1525,0.15365598508233963
13,1510,1523,0.15364992376216283
13,1499,1512,0.15364687273285274
13,1487,1500,0.15364425561340947
12,1495,1507,0.15364201494579985
13,1498,1511,0.15364247867957193
14,1505,1519,0.153640490792949
14,1511,1525,0.15363556839645695
14,1514,1528,0.15363120893799295
15,1516,1531,0.1536273459471319
16,1511,1527,0.15362066024021584
16,1507,1523,0.153611666920455
16,1508,1524,0.15360354674297574
15,1509,1524,0.1535962071643498
15,1508,1523,0.15359206212464202
14,1499,1513,0.15358837308361084
14,1515,1529,0.1535874480790943
14,1512,1526,0.15358673385716023
12,1494,1506,0.15358619729088174
12,1499,1511,0.1535905696536759
12,1496,1508,0.15359477297632318
13,1505,1518,0.15359880378564328
13,1513,1526,0.15359995410349078
13,1519,1532,0.1536011423644211
13,1510,1523,0.1536023524721666
14,1519,1533,0.15360357107181455
15,1503,1518,0.1536020482620455
14,1487,1501,0.15359754995250754
13,1498,1511,0.15359589572454438
14,1511,1525,0.153597005355147
14,1501,1515,0.15359562312512703
17,1497,1514,0.15359393320474524
16,1487,1503,0.15358355140801982
16,1492,1508,0.15357656976161224
16,1505,1521,0.15357037272629856
16,1486,1502,0.15356486819645906
17,1473,1490,0.1535599752104292
18,1485,1503,0.15355300991833462
18,1493,1511,0.153543490700328
18,1491,1509,0.15353487074951824
18,1497,1515,0.15352696058724968
17,1501,1518,0.15351980339341598
16,1507,1523,0.15351560241891848
14,1503,1517,0.153514372925322
14,1502,1516,0.15351822544292215
15,1497,1512,0.1535219737676291
14,1496,1510,0.15352249314559116
14,1499,1513,0.1535258193990267
13,1506,1519,0.15352907101855642
12,1506,1518,0.15353468580000185
12,1490,1502,0.15354245478077677
13,1492,1505,0.15354982718987478
13,1507,1520,0.15355362371926343
13,1502,1515,0.1535566242764145
12,1496,1508,0.1535596736408204
12,1498,1510,0.15356511488835362
11,1495,1506,0.1535703951944389
12,1505,1517,0.15357778205774547
11,1495,1506,0.15358168264621963
11,1503,1514,0.1535879490984693
11,1507,1518,0.1535940118671705
11,1497,1508,0.15359985806956664
11,1507,1518,0.1536054790691592
11,1500,1511,0.1536108697515845
11,1503,1514,0.15361602790665324
11,1502,1513,0.153620953701847
11,1505,1516,0.15362564923455346
10,1509,1519,0.15363011815204453
9,1511,1520,0.15363668698800445
9,1508,1517,0.15364538940301936
9,1497,1506,0.15365283154827872
8,1507,1515,0.15365993669598507
8,1501,1509,0.15366967984668353
8,1511,1519,0.153678844015643
8,1507,1515,0.15368746091072427
8,1509,1517,0.15369556088903757
8,1513,1521,0.15370317295542832
8,1516,1524,0.15371032477253108
8,1507,1515,0.15371704268015496
8,1515,1523,0.15372335172210078
9,1515,1524,0.15372927567880335
9,1510,1519,0.15373163169498974
9,1518,1527,0.15373394202963941
10,1527,1537,0.15373619620154724
8,1519,1527,0.15373517132982606
8,1510,1518,0.15373968976041597
8,1514,1522,0.15374401709005592
7,1510,1517,0.1537481533209214
9,1504,1513,0.1537545175915772
8,1499,1507,0.15375420768995363
9,1505,1514,0.15375652444913326
10,1505,1515,0.15375639553620357
11,1512,1523,0.1537533433107869
11,1518,1529,0.15374767459747427
9,1522,1531,0.15374269228738618
9,1510,1519,0.15374355140671553
10,1520,1530,0.15374456391673705
10,1525,1535,0.15374244746712834
11,1509,1520,0.15374072132873107
12,1519,1531,0.15373618886873147
12,1503,1515,0.15372898221722692
12,1520,1532,0.1537219221878053
12,1517,1529,0.1537157027164033
12,1512,1524,0.15371022386259728
11,1514,1525,0.1537053976327347
10,1493,1503,0.15370397801129654
11,1511,1522,0.15370521177166194
11,1510,1521,0.15370388135752738
11,1509,1520,0.15370280548186713
11,1503,1514,0.15370194625857764
11,1500,1511,0.1537012710039264
13,1507,1520,0.15370075154466967
12,1508,1520,0.1536945147233853
12,1508,1520,0.15369136053230298
12,1502,1514,0.15368862554495583
12,1504,1516,0.15368625921609982
12,1501,1513,0.15368421689017084
13,1512,1525,0.15368245912174663
13,1509,1522,0.15367776049816778
11,1509,1520,0.15367357751877708
11,1512,1523,0.1536746620099756
12,1507,1519,0.15367583162086965
12,1518,1530,0.15367459041514275
12,1522,1534,0.15367355782840111
12,1509,1521,0.1536727044171853
12,1501,1513,0.15367200466148406
12,1506,1518,0.15367143645282946
13,1514,1527,0.15367060274347297
13,1520,1533,0.1536675068965034
13,1504,1517,0.15366472639947554
13,1502,1515,0.15366222840283505
12,1497,1509,0.15365998355218496
13,1500,1513,0.1536603125120511
12,1497,1509,0.15365828002212553
12,1491,1503,0.15365874192862786
11,1509,1520,0.15365924489674643
10,1507,1517,0.1536621116549264
12,1505,1517,0.1536672277089847
12,1499,1511,0.15366715152642715
12,1500,1512,0.15366714336506732
11,1500,1511,0.15366687816625924
12,1512,1524,0.15366898087980066
12,1510,1522,0.15366870079257602
11,1518,1529,0.15366851415785518
11,1506,1517,0.1536699202257698
12,1502,1514,0.15367138877192354
12,1492,1504,0.1536694511237114
12,1500,1512,0.15366788809725768
14,1507,1521,0.15366664354912982
12,1495,1507,0.1536598431852649
12,1506,1518,0.15365858868939936
12,1510,1522,0.15365764281307348
10,1515,1525,0.15365695525481826
10,1514,1524,0.15366130349680976
10,1512,1522,0.15366519404072723
9,1505,1514,0.15366900991943835
9,1508,1517,0.1536751237373643
9,1500,1509,0.15368098572147193
8,1497,1505,0.1536865936402135
10,1493,1503,0.15369442893543322
9,1499,1508,0.153695597736235
11,1502,1513,0.15369925251692473
11,1491,1502,0.1536967134809284
11,1505,1516,0.1536947135969301
10,1503,1513,0.15369317327624327
10,1497,1507,0.15369434077205757
10,1514,1524,0.15369569435426722
10,1511,1521,0.15369718938092627
10,1510,1520,0.15369878819114707
11,1513,1524,0.15370045913740857
10,1501,1511,0.15369894558377292
11,1507,1518,0.15370027788963597
11,1506,1517,0.1536985719084541
12,1498,1510,0.15369722783580583
11,1510,1521,0.15369312316626732
11,1513,1524,0.15369206213206513
12,1513,1525,0.1536912994456433
13,1530,1543,0.1536876105713556
13,1536,1549,0.1536813844586012
13,1519,1532,0.1536758739847469
13,1505,1518,0.15367099438664772
12,1509,1521,0.1536666711533161
11,1510,1521,0.15366546309021387
11,1510,1521,0.1536670577271796
11,1510,1521,0.15366868810067363
12,1506,1518,0.15367033497192956
11,1507,1518,0.15366904786301602
11,1522,1533,0.15367036413585927
12,1522,1534,0.15367173611355628
10,1529,1539,0.15367064886098133
9,1515,1524,0.15367450690844653
9,1506,1515,0.15368056221597132
10,1518,1528,0.15368634535971018
10,1514,1524,0.1536894023530418
9,1525,1534,0.15369236477219722
9,1520,1529,0.15369761362433731
8,1514,1522,0.15370260093008362
8,1504,1512,0.15370973444036326
8,1514,1522,0.1537164692401269
8,1508,1516,0.15372282319818967
7,1512,1519,0.15372881405345737
7,1524,1531,0.15373680938701323
7,1515,1522,0.15374433270795987
7,1513,1520,0.1537514084926719
7,1501,1508,0.15375806046795662
6,1499,1505,0.15376431154510162
6,1494,1500,0.15377253509854152
6,1501,1507,0.15378025871513273
6,1499,1505,0.15378751081302855
6,1477,1483,0.1537943184899507
6,1488,1494,0.15380070753887862
6,1495,1501,0.15380670247209607
4,1498,1502,0.15381232655180418
4,1499,1503,0.15382231459043333
4,1506,1510,0.15383169384486803
4,1501,1505,0.15384050086469905
4,1510,1514,0.15384877008537326
4,1511,1515,0.15385653393913812
4,1527,1531,0.15386382296180534
4,1510,1514,0.1538706658952294
4,1498,1502,0.15387708978545583
3,1510,1513,0.15388312007653496
3,1511,1514,0.15389120474278914
3,1513,1516,0.1538987955199481
3,1516,1519,0.15390592211380066
2,1523,1525,0.15391261251427543
1,1517,1518,0.1539213580294087
1,1514,1515,0.15393200239827406
1,1506,1507,0.1539419995402578
1,1501,1502,0.15395138875915979
1,1508,1509,0.1539602069791798
1,1503,1504,0.1539684888880532
1,1508,1509,0.15397626707169246
1,1516,1517,0.15398357214082664
1,1527,1528,0.15399043285009967
1,1540,1541,0.15399687621006652
1,1535,1536,0.15400292759250114
1,1521,1522,0.15400861082940642
1,1514,1515,0.15401394830609608
2,1515,1517,0.15401896104869583
2,1504,1506,0.15402046086487897
2,1513,1515,0.1540219695977828
2,1497,1499,0.15402347400835648
1,1510,1511,0.1540249632917638
1,1514,1515,0.1540288784389143
1,1533,1534,0.1540326135965104
1,1532,1533,0.15403617184554855
1,1528,1529,0.15403955713925746
1,1514,1515,0.15404277410762468
1,1521,1522,0.1540458278929367
1,1535,1536,0.15404872401188008
0,1538,1538,0.15405146824036378
