1375,29,1404,0.13579579341839065
1390,30,1420,0.13292838990264183
1426,31,1457,0.13028004727639414
1442,32,1474,0.1277730788823208
1440,35,1475,0.12544990941066522
1453,35,1488,0.12334112414901575
1457,35,1492,0.12138811184315706
1441,35,1476,0.11960050261161022
1445,35,1480,0.11801729689955981
1446,33,1479,0.11656650597374657
1443,34,1477,0.11524668285831288
1458,34,1492,0.1140545642589456
1458,37,1495,0.11293418678274797
1452,36,1488,0.1119172286543137
1457,39,1496,0.11100765388441886
1462,37,1499,0.1101666721527055
1463,36,1499,0.10938750240859328
1473,36,1509,0.10867535541965437
1458,36,1494,0.10800318533915895
1460,37,1497,0.10742689349392172
1466,40,1506,0.10689881816287103
1474,37,1511,0.10640621155595362
1466,40,1506,0.10594129393997445
1459,40,1499,0.10553474210474252
1449,41,1490,0.10518215113493551
1454,41,1495,0.10488554094407404
1462,42,1504,0.10460524256218764
1459,42,1501,0.10433129952419762
1455,41,1496,0.10408819361725076
1446,40,1486,0.1038751198692171
1444,40,1484,0.10370468025650782
1442,40,1482,0.10355441301361534
1452,39,1491,0.10342267951488637
1456,39,1495,0.10327991744360737
1454,39,1493,0.10314015832828283
1450,40,1490,0.10301749352329921
1430,40,1470,0.1029162743747576
1435,42,1477,0.10287209058244388
1444,42,1486,0.10282176996709762
1434,44,1478,0.10275543980968266
1425,42,1467,0.10271646325243623
1418,43,1461,0.10270038658184508
1429,45,1474,0.10270223625826061
1437,43,1480,0.10267977308922852
1443,46,1489,0.10264259094743293
1444,47,1491,0.10259626763752351
1444,44,1488,0.10255072339023513
1434,44,1478,0.10250975448010599
1448,46,1494,0.10249426723471328
1449,44,1493,0.1024489457000806
1433,43,1476,0.10240308104215266
1427,41,1468,0.10239784044926335
1425,43,1468,0.1024085382284881
1435,49,1484,0.10242390407111154
1458,50,1508,0.10241404609582858
1464,51,1515,0.10235324586943018
1465,52,1517,0.10228384410459597
1448,56,1504,0.10221789936968328
1442,61,1503,0.10219683592173759
1431,62,1493,0.10219156989231047
1425,61,1486,0.10221318187277571
1436,63,1499,0.10224801023715592
1449,66,1515,0.10225580043481602
1435,66,1501,0.10223369912585083
1438,67,1505,0.10224412598860559
1444,68,1512,0.10224929623313089
1425,70,1495,0.10224087574448702
1418,71,1489,0.10227584574923604
1412,72,1484,0.10232520201466933
1411,72,1483,0.10238566240055008
1418,69,1487,0.10244572603857187
1420,67,1487,0.1024850809008613
1423,71,1494,0.10251712449127909
1438,74,1512,0.1025367994113612
1441,75,1516,0.10252243191838026
1423,73,1496,0.10250302541519588
1420,74,1494,0.10252592445923076
1419,75,1494,0.10255395687401654
1419,75,1494,0.10258349805444268
1424,72,1496,0.102611311739293
1432,71,1503,0.10262509969818404
1413,71,1484,0.10261980323288344
1423,70,1493,0.10265734247628737
1417,70,1487,0.10266799538100196
1402,75,1477,0.10269071220747952
1432,73,1505,0.10274747647842801
1420,74,1494,0.10273115555931397
1433,77,1510,0.1027412323896322
1428,76,1504,0.10272339391408838
1424,75,1499,0.10271938795878477
1417,76,1493,0.10272647338667922
1427,76,1503,0.10274989515260304
1427,77,1504,0.1027479171241739
1435,79,1514,0.10274631423685485
1438,77,1515,0.10272731953244221
1435,77,1512,0.10270541083531395
1412,77,1489,0.10268941286963532
1406,79,1485,0.10272696833231375
1407,79,1486,0.10277783442286197
1414,79,1493,0.1028219528602908
1425,78,1503,0.10284565005296602
1425,79,1504,0.10284308138820723
1419,78,1497,0.10283983517296648
1413,81,1494,0.10284963161608733
1431,81,1512,0.10287295172210154
1419,82,1501,0.10285512088321996
1433,82,1515,0.10286368555084245
1424,82,1506,0.10283631243321417
1424,79,1503,0.10283247243988536
1417,81,1498,0.10283044485966039
1420,79,1499,0.10284516458475969
1417,81,1498,0.10285247570403384
1423,81,1504,0.10286467261821201
1421,85,1506,0.10286271444382646
1421,87,1508,0.10286535713692149
1409,86,1495,0.10286987598266531
1409,88,1497,0.10290209744543102
1411,91,1502,0.10293224996996851
1398,94,1492,0.10295680774756942
1406,91,1497,0.10300956522113448
1402,91,1493,0.10304270915952381
1394,96,1490,0.1030812524115708
1380,92,1472,0.10313451143118829
1396,97,1493,0.10321587419714541
1404,96,1500,0.10325502216471875
1398,100,1498,0.1032739793217471
1417,102,1519,0.10330625230146002
1415,99,1514,0.10329481679860086
1404,95,1499,0.1032861661591291
1395,96,1491,0.10330228588046882
1392,99,1491,0.1033368851719576
1387,97,1484,0.10337600866625823
1394,99,1493,0.10342287012838539
1387,101,1488,0.1034485561377187
1388,100,1488,0.10348957534095565
1388,105,1493,0.10352830416768985
1391,106,1497,0.1035621363238651
1388,109,1497,0.10358681687893498
1385,109,1494,0.10361885080032969
1392,108,1500,0.10365658951888589
1393,107,1500,0.10367456205130253
1385,110,1495,0.1036900488388767
1380,112,1492,0.10372057473276808
1383,112,1495,0.1037605568455287
1378,113,1491,0.1037898445313748
1380,113,1493,0.10382663556522448
1382,114,1496,0.10385676610167416
1377,114,1491,0.10388079246100695
1370,115,1485,0.10391611446368666
1366,121,1487,0.10396692486271725
1369,118,1487,0.1040224541345987
1369,119,1488,0.10406652506024999
1384,117,1501,0.10410550779338244
1378,120,1498,0.10410861010261499
1371,116,1487,0.10412304034734123
1368,120,1488,0.10415318264692776
1367,120,1487,0.10418807145740765
1367,120,1487,0.10422401272110234
1374,123,1497,0.10425678731348195
1374,122,1496,0.10427258550169512
1367,124,1491,0.10428713221551517
1380,127,1507,0.10431539159577223
1376,132,1508,0.10431168533559379
1372,131,1503,0.10431875939561522
1373,133,1506,0.10433444151084657
1378,133,1511,0.10434649628045296
1378,133,1511,0.10434699150622509
1381,133,1514,0.10434991968626452
1371,139,1510,0.10434885989626029
1368,134,1502,0.10436954793485656
1364,142,1506,0.10439590222100742
1373,142,1515,0.10442738601229681
1363,148,1511,0.10443877722548872
1357,143,1500,0.10447302419958607
1353,141,1494,0.10452026213768115
1348,142,1490,0.10457067838212782
1342,145,1487,0.10462812107202829
1346,146,1492,0.10469421009850692
1359,143,1502,0.10474656158872006
1341,143,1484,0.10476366861779411
1339,141,1480,0.1048187925632847
1344,142,1486,0.10487440787570025
1338,142,1480,0.1049141095552951
1355,146,1501,0.10496639361826453
1349,147,1496,0.10497748547812791
1336,145,1481,0.10500151071935905
1349,145,1494,0.1050537081140426
1343,142,1485,0.10507174237845028
1352,140,1492,0.10510187913195734
1342,146,1488,0.1051108727628564
1349,148,1497,0.10514029434470862
1347,147,1494,0.10515287284222827
1350,145,1495,0.10516991993255267
1337,147,1484,0.10517642706143372
1337,141,1478,0.10521082186655882
1328,143,1471,0.1052418256227499
1333,146,1479,0.10529047433953057
1339,146,1485,0.10532296745461896
1337,149,1486,0.10534080736075559
1343,152,1495,0.10536233221595781
1342,149,1491,0.10536933433489573
1345,149,1494,0.10537450512592102
1336,152,1488,0.10537430775115858
1340,159,1499,0.10539357520076456
1324,163,1487,0.1054058030263248
1334,159,1493,0.105455123422071
1328,161,1489,0.10547623696392694
1322,163,1485,0.10550879492224097
1334,162,1496,0.1055543247356151
1336,161,1497,0.10556740867086675
1332,162,1494,0.10557723459121805
1329,166,1495,0.10559439441821987
1317,166,1483,0.10561875356320889
1324,170,1494,0.10566908982032754
1322,171,1493,0.1056994088841821
1318,172,1490,0.10573211801996124
1317,174,1491,0.10577265275456121
1316,178,1494,0.10581412644879858
1310,179,1489,0.10585463748037612
1301,180,1481,0.1059082000066167
1305,177,1482,0.10597781675734996
1295,178,1473,0.10603223820598202
1309,183,1492,0.10610560926189866
1303,186,1489,0.10614078714159512
1300,188,1488,0.10618929370183651
1313,188,1501,0.10624239808708022
1313,183,1496,0.10626419346840273
1310,186,1496,0.10628263289177266
1317,184,1501,0.10630440534568
1307,183,1490,0.10630548084365106
1297,186,1483,0.10633015487958186
1324,181,1505,0.10637723729389316
1324,185,1509,0.10636240366616946
1325,181,1506,0.10634787126816934
1316,178,1494,0.10633302207466423
1329,173,1502,0.10633934984972107
1334,175,1509,0.10631447702674209
1325,173,1498,0.10628115465288855
1322,172,1494,0.10626873698596519
1318,173,1491,0.10626452221778575
1318,175,1493,0.1062710704325362
1313,174,1487,0.10627740560964505
1311,175,1486,0.10629483093871737
1304,176,1480,0.10631462204057528
1308,177,1485,0.10634703984004742
1317,179,1496,0.10636858850130913
1320,174,1494,0.10636787951690745
1317,177,1494,0.10636222827778964
1324,179,1503,0.10636260960736277
1322,178,1500,0.10634680522157314
1317,178,1495,0.1063371177825429
1313,177,1490,0.10633823793242697
1315,175,1490,0.10634887783380943
1314,176,1490,0.10635507349067805
1305,181,1486,0.10636269969309425
1298,182,1480,0.10639168789813837
1310,181,1491,0.10643505945692741
1305,182,1487,0.10644955867981196
1316,186,1502,0.10647254897174452
1309,183,1492,0.10646926947315061
1304,183,1487,0.10648186314077122
1304,184,1488,0.10650656072042558
1310,187,1497,0.10652825014962261
1321,184,1505,0.10653308324103779
1311,185,1496,0.10651356785327576
1307,183,1490,0.10651970380225873
1308,188,1496,0.10653582966036307
1298,191,1489,0.10654694506892617
1292,190,1482,0.10657897940290498
1293,192,1485,0.10662231892670221
1287,186,1473,0.10666271676550114
1281,191,1472,0.10671365481753296
1301,189,1490,0.10677349878939126
1309,189,1498,0.10678107216431436
1310,188,1498,0.10676903453224722
1306,192,1498,0.1067555996276092
1302,198,1500,0.1067534869248715
1302,196,1498,0.1067615029093475
1304,201,1505,0.10676951752663388
1304,204,1508,0.10677136939900737
1304,202,1506,0.10677562646081352
1301,202,1503,0.10678044708352495
1294,200,1494,0.1067933123823716
1307,197,1504,0.10682119822654464
1309,197,1506,0.10681954450501632
1311,199,1510,0.10681090662625181
1312,198,1510,0.10679854657895667
1314,192,1506,0.1067839765580421
1300,198,1498,0.10676563935131916
1291,200,1491,0.10678093598739725
1291,200,1491,0.10681438640050253
1278,202,1480,0.10684486610655716
1288,203,1491,0.10690337781440311
1305,205,1510,0.10693539841362636
1302,200,1502,0.10692577962112605
1301,199,1500,0.10692587340079861
1300,201,1501,0.1069296976959924
1290,204,1494,0.10693599237878704
1291,210,1501,0.10696471380583052
1293,214,1507,0.106989412831877
1277,214,1491,0.10700966560732797
1286,218,1504,0.10706499053933903
1286,217,1503,0.10709449445878379
1291,216,1507,0.10712349518686151
1287,222,1509,0.10714003622996839
1293,220,1513,0.10716531172432867
1293,216,1509,0.10717587190890698
1291,216,1507,0.10718592672051828
1280,215,1495,0.10720047724801159
1258,224,1482,0.10723839984274523
1276,225,1501,0.10732283544345911
1266,225,1491,0.10736106997345765
1278,221,1499,0.10741852208254361
1277,225,1502,0.10744326949225073
1270,223,1493,0.10746930413872924
1269,225,1494,0.10751048283100874
1261,227,1488,0.10755145074305864
1274,224,1498,0.10760659085738641
1268,225,1493,0.10762584165455077
1270,229,1499,0.10765897130873998
1273,227,1500,0.10768590063579588
1265,221,1486,0.10770598958096445
1267,223,1490,0.10774184771054433
1275,228,1503,0.1077700244253235
1281,226,1507,0.10777863797239025
1260,223,1483,0.10777416612620325
1261,223,1484,0.10781874760541271
1284,230,1514,0.1078512838765834
1279,228,1507,0.10783048292733069
1276,228,1504,0.1078237941344069
1279,228,1507,0.10782490452638566
1288,225,1513,0.10782021083441919
1285,225,1510,0.10779607126027614
1277,219,1496,0.1077811837262541
1285,223,1508,0.10778371894207481
1276,223,1499,0.10776894286444452
1278,224,1502,0.10777572537062101
1264,218,1482,0.1077787631767355
1271,228,1499,0.10781406931769785
1275,226,1501,0.10783153932153727
1265,228,1493,0.10783876592672995
1285,231,1516,0.1078693443773722
1271,226,1497,0.1078488821651257
1274,229,1503,0.10786199316209354
1263,233,1496,0.10786607728520387
1263,238,1501,0.1078961183303114
1250,239,1489,0.10792566253670968
1254,237,1491,0.10798072349249516
1250,230,1480,0.10802211215215662
1258,234,1492,0.10807021831712288
1255,237,1492,0.108097964860907
1256,239,1495,0.1081308737467377
1252,238,1490,0.1081579838628377
1246,239,1485,0.1081923466167488
1246,233,1479,0.10823793358740502
1246,232,1478,0.10828091077333464
1247,242,1489,0.10831865907583743
1255,245,1500,0.10834834415786682
1263,245,1508,0.10835902809872218
1257,243,1500,0.10834941281213313
1262,238,1500,0.10835479488489173
1270,236,1506,0.10834913039747668
1270,241,1511,0.10832510008193394
1258,238,1496,0.10830296906277156
1263,239,1502,0.10830991617940375
1249,244,1493,0.10830744157681811
1256,244,1500,0.10833947713253825
1260,248,1508,0.10835371531951775
1258,252,1510,0.10835728112432713
1236,250,1486,0.10836506767794223
1245,246,1491,0.10842227050014346
1240,251,1491,0.10845015485399669
1241,255,1496,0.108489578118515
1235,250,1485,0.10852368554851427
1231,254,1485,0.10856957016784038
1230,262,1492,0.10862062967940296
1228,263,1491,0.10867011276792227
1232,264,1496,0.10872115566863372
1232,273,1505,0.10876162394273954
1221,276,1497,0.10879950921530777
1218,277,1495,0.10886233851915189
1221,274,1495,0.10892824182471442
1202,274,1476,0.10898281982611291
1212,279,1491,0.1090772072443383
1203,276,1479,0.10914089013068587
1201,278,1479,0.10922040201123678
1212,280,1492,0.10930015606316758
1218,284,1502,0.1093477730070021
1205,287,1492,0.10937995396052813
1211,284,1495,0.10943807260651184
1209,279,1488,0.10947722429373855
1207,282,1489,0.10951989944849232
1213,278,1491,0.10956442616853714
1221,281,1502,0.10959142829996221
1220,280,1500,0.10959842101017497
1215,286,1501,0.10960748852680649
1211,293,1504,0.10962799919860554
1204,296,1500,0.10965632765905646
1207,289,1496,0.10969648907095154
1203,288,1491,0.10972626853608673
1222,290,1512,0.10976361502295337
1225,287,1512,0.10975348182499686
1219,284,1503,0.10973719952164475
1221,289,1510,0.1097352362347343
1213,292,1505,0.10973101094824482
1223,284,1507,0.10974691084846251
1227,278,1505,0.10973915871440781
1211,280,1491,0.1097234115244363
1210,282,1492,0.10974657562979372
1213,284,1497,0.10977075944642163
1211,283,1494,0.10978860589835308
1203,280,1483,0.10980856976434222
1198,279,1477,0.10984373953344072
1194,285,1479,0.10988858524027396
1197,291,1488,0.1099406583309776
1196,288,1484,0.10997964368293386
1197,289,1486,0.11001842208493723
1205,289,1494,0.11005229692265939
1207,291,1498,0.11006385941687906
1222,292,1514,0.11007016069678428
1213,287,1500,0.11004110670266112
1209,287,1496,0.11003718176308575
1217,289,1506,0.11004311939924255
1218,286,1504,0.11003060521395357
1196,286,1482,0.1100149876599755
1195,281,1476,0.11005047708686679
1205,279,1484,0.11008757962321976
1207,278,1485,0.11009718511922002
1215,278,1493,0.11010389569609803
1219,275,1494,0.11009178077081536
1215,277,1492,0.11007031529664114
1222,282,1504,0.11005829250319049
1213,281,1494,0.11003474128149078
1218,278,1496,0.11003276474965107
1220,283,1503,0.11001902196107906
1215,287,1502,0.11000102644271212
1223,287,1510,0.10999582731417813
1228,284,1512,0.1099756444796724
1220,281,1501,0.10994241863785163
1215,286,1501,0.10993059552592072
1207,283,1490,0.10993119478309471
1221,280,1501,0.10995156228225511
1230,274,1504,0.10993880496650416
1229,285,1514,0.10990595392507661
1230,283,1513,0.10987681140365528
1225,283,1508,0.1098467488998295
1224,283,1507,0.10983066224048671
1225,279,1504,0.10982004677094336
1227,278,1505,0.10980933268967451
1224,280,1504,0.10979353532548235
1210,278,1488,0.1097861418441078
1210,275,1485,0.1098115789252462
1214,282,1496,0.10983480797102395
1223,280,1503,0.10984809286247303
1215,282,1497,0.10984011012726742
1217,283,1500,0.10985084222721671
1209,283,1492,0.10985664348909474
1201,285,1486,0.10987779807236922
1204,279,1483,0.10991687379575607
1207,281,1488,0.1099469176649913
1214,284,1498,0.10996853141295433
1216,287,1503,0.10997025756705242
1205,285,1490,0.10996920836742319
1215,286,1501,0.10998969766740455
1211,282,1493,0.10998355234832644
1206,284,1490,0.10998745666867922
1203,284,1487,0.11000392468353588
1200,284,1484,0.11002567491172903
1200,288,1488,0.11005494019134858
1209,285,1494,0.11008190681729087
1216,287,1503,0.11008181819169974
1209,287,1496,0.11006793682190873
1194,287,1481,0.1100696111936103
1204,287,1491,0.11010751227147438
1212,291,1503,0.11011940126476558
1207,289,1496,0.11011030160923915
1215,291,1506,0.11011332973797536
1211,293,1504,0.1100977826215005
1213,293,1506,0.11009314009992982
1202,299,1501,0.11008690233897842
1205,301,1506,0.11010712028097533
1199,296,1495,0.11012091304099923
1200,298,1498,0.11015100268010009
1198,298,1496,0.11017583799921354
1204,296,1500,0.11020165221810153
1200,297,1497,0.11020921914793633
1204,301,1505,0.11022386434270164
1193,298,1491,0.11022955732953423
1190,294,1484,0.11025921569465867
1199,292,1491,0.11029199972969606
1205,292,1497,0.11030266959196648
1199,294,1493,0.11029989023046413
1196,293,1489,0.11030952992185299
1201,288,1489,0.11032532099779269
1205,293,1498,0.11032880720544704
1200,301,1501,0.11032183797072563
1203,300,1503,0.11032699618714474
1214,299,1513,0.11032705859443107
1208,299,1507,0.11030202249833941
1205,298,1503,0.1102927203532914
1199,301,1500,0.1102936891441784
1198,303,1501,0.11030922828554676
1200,306,1506,0.11032298694977744
1202,309,1511,0.11033279505463742
1202,305,1507,0.11033736675394298
1199,303,1502,0.11034234281375487
1188,303,1491,0.11035507708064486
1187,300,1487,0.11039168217668464
1198,299,1497,0.11042602814615428
1191,304,1495,0.11043123678028444
1186,310,1496,0.11045141351047466
1188,304,1492,0.1104825874333506
1182,304,1486,0.11050637466965506
1179,302,1481,0.11054325636419357
1183,299,1482,0.11058467523132995
1180,301,1481,0.11061279553909383
1173,305,1478,0.1106472678383977
1187,302,1489,0.11069420361642753
1189,300,1489,0.11070590687893259
1182,303,1485,0.11071313545193512
1188,309,1497,0.1107352535026981
1187,307,1494,0.11074058950133493
1183,305,1488,0.11074494766305552
1184,308,1492,0.1107584661188509
1190,307,1497,0.11076870225620644
1179,307,1486,0.11076550175178301
1172,307,1479,0.11078727069570275
1179,308,1487,0.11082222960078464
1185,317,1502,0.1108401156057609
1190,324,1514,0.11084320521192727
1193,321,1514,0.11083553879104809
1188,320,1508,0.11082271494192841
1185,323,1508,0.11082257318399741
1180,319,1499,0.11083104652371974
1174,317,1491,0.1108514682686907
1173,320,1493,0.11088376528881913
1179,323,1502,0.11091508728631229
1170,327,1497,0.11093195907647363
1177,328,1505,0.11096807394399866
1179,329,1508,0.11098540423463088
1163,326,1489,0.11099760385646774
1153,330,1483,0.11104736442571123
1167,323,1490,0.11111529694951222
1170,321,1491,0.11114431768291116
1176,321,1497,0.11116452943268508
1183,320,1503,0.11116995871587587
1180,324,1504,0.1111598190722161
1174,329,1503,0.1111587631782966
1167,337,1504,0.11117261165317886
1152,335,1487,0.11120100129496084
1155,333,1488,0.11126128691920878
1155,326,1481,0.11131036420468568
1162,329,1491,0.11135379526433072
1161,333,1494,0.11137540462870378
1168,332,1500,0.11139857029174426
1166,341,1507,0.11140317919712621
1168,333,1501,0.11141434931221024
1172,341,1513,0.11142020441840315
1167,336,1503,0.11141751966825308
1170,341,1511,0.11142772695311937
1165,341,1506,0.11143177372130104
1163,352,1515,0.11144815158512843
1163,352,1515,0.11146671078132032
1150,349,1499,0.11148572848625413
1144,352,1496,0.11153284711590775
1155,353,1508,0.11159133138698127
1152,356,1508,0.11162262265416269
1148,360,1508,0.11165958886514779
1147,365,1512,0.11170594740167092
1140,364,1504,0.11175220241584985
1143,361,1504,0.11181117071385371
1125,362,1487,0.11185701999818129
1139,367,1506,0.11194134637661207
1135,373,1508,0.11198556995301999
1134,373,1507,0.112034520227991
1130,375,1505,0.11208245125897101
1117,371,1488,0.1121372086182991
1115,375,1490,0.11221985302732997
1112,378,1490,0.11229798939092892
1108,380,1488,0.11237948389257088
1116,389,1505,0.11246444158104066
1115,390,1505,0.11252363061163155
1109,395,1504,0.11258247620231324
1095,398,1493,0.11265202968384141
1097,402,1499,0.11275102636954397
1105,398,1503,0.11283856305413426
1110,398,1508,0.11290356130943793
1094,397,1491,0.11295113016955283
1083,395,1478,0.11303254930021586
1076,397,1473,0.11313383777901027
1085,398,1483,0.11324533889380366
1094,403,1497,0.11332568186999759
1092,397,1489,0.11337976151431196
1095,403,1498,0.11343275425257071
1104,405,1509,0.11347637149856749
1098,400,1498,0.11349534274687736
1096,402,1498,0.11352736203785849
1093,400,1493,0.11356367013156905
1092,409,1501,0.11360384170397107
1084,401,1485,0.11364262322566615
1079,398,1477,0.11369666919534094
1078,407,1485,0.11376105497768982
1080,409,1489,0.1138232711036593
1083,411,1494,0.11387878083040309
1086,416,1502,0.11392095531348957
1084,420,1504,0.11395275165174383
1081,418,1499,0.11398639495402317
1083,417,1500,0.11402364625125598
1083,415,1498,0.11405566405730859
1076,413,1489,0.11408503470628137
1079,416,1495,0.11412981199865552
1078,428,1506,0.11416539232008226
1069,424,1493,0.11420099023844556
1069,422,1491,0.11425421850340874
1078,421,1499,0.11430454282465868
1077,419,1496,0.11433040195154316
1084,417,1501,0.11435620381481928
1074,415,1489,0.1143615173618378
1068,427,1495,0.11439155333461898
1072,426,1498,0.11443027303548284
1072,428,1500,0.11445811138314571
1063,429,1492,0.11448293995038096
1073,426,1499,0.1145289651225235
1058,427,1485,0.1145473462148625
1061,425,1486,0.11459809114257295
1057,426,1483,0.11463601772433271
1066,430,1496,0.11468401125107734
1064,438,1502,0.1147068002665775
1052,443,1495,0.11473398554905949
1052,439,1491,0.11478599611300028
1057,437,1494,0.11483688697395568
1059,437,1496,0.114871640281055
1062,442,1504,0.11490198891557096
1060,444,1504,0.11492452250731365
1044,442,1486,0.11494941399651609
1054,450,1504,0.11500429174784632
1051,446,1497,0.11503378397849173
1053,442,1495,0.11507002006231427
1053,438,1491,0.11509690936580802
1053,444,1497,0.11512262410193905
1053,447,1500,0.11514276972438565
1047,451,1498,0.11516450985616647
1048,455,1503,0.11519969234340426
1051,450,1501,0.11522976148820391
1052,453,1505,0.11524868875765326
1058,450,1508,0.11526638325745747
1067,455,1522,0.11527038518460433
1044,453,1497,0.11525367405090986
1039,450,1489,0.11529325545720398
1052,452,1504,0.11534225169481775
1052,453,1505,0.11535500102350432
1046,458,1504,0.11536890944588578
1036,454,1490,0.11539605565262992
1042,453,1495,0.11544263652275077
1045,446,1491,0.1154719542013658
1050,452,1502,0.11549589607417544
1039,452,1491,0.11550649535464352
1030,455,1485,0.11554140993777405
1041,454,1495,0.11559321112966597
1047,456,1503,0.11561391645686245
1051,455,1506,0.1156201738640625
1049,451,1500,0.11561457995693468
1049,456,1505,0.11561405264718619
1050,451,1501,0.11561268772449383
1050,450,1500,0.11561134536898546
1051,445,1496,0.11560842759478573
1052,466,1518,0.1156042398445237
1048,460,1508,0.11559934338362109
1048,454,1502,0.11560333206809827
1046,451,1497,0.11560726802457971
1039,447,1486,0.11561653571927667
1045,461,1506,0.11563806134422978
1046,459,1505,0.11564454260948588
1037,458,1495,0.11564990313292353
1037,457,1494,0.11567599624897078
1031,461,1492,0.1156995161290667
1023,461,1484,0.11573797123265955
1033,460,1493,0.11579267997472531
1033,464,1497,0.1158183409879025
1033,460,1493,0.11584103166793966
1028,462,1490,0.11586200692188804
1035,465,1500,0.11589500902855594
1020,469,1489,0.11590973461106702
1025,468,1493,0.1159560176736292
1021,479,1500,0.11598968992807983
1023,478,1501,0.11603041913219478
1031,483,1514,0.11606393922223855
1027,479,1506,0.11607565255278171
1022,488,1510,0.11609478038877614
1010,497,1507,0.11612771108168744
1018,493,1511,0.11618806622107102
1015,491,1506,0.11622891906399918
1019,492,1511,0.1162719219013397
1029,492,1521,0.11629925679948418
1020,493,1513,0.11629920189131196
1010,480,1490,0.1163227640428509
997,478,1475,0.11636872330707687
994,475,1469,0.11644293813575142
996,493,1489,0.11651846582277361
1005,498,1503,0.11658680582696018
1004,495,1499,0.11662859154052488
997,491,1488,0.11667038352921605
994,490,1484,0.11672561210863129
998,484,1482,0.11678348656598064
987,485,1472,0.11683021983307587
981,486,1467,0.1168920924190104
979,494,1473,0.11696379763139253
981,494,1475,0.11703643225780741
974,500,1474,0.11709975398736304
988,502,1490,0.11717278443358822
998,501,1499,0.1172084289222628
985,503,1488,0.11721771061677448
989,509,1498,0.11725733649050579
989,508,1497,0.11728576531017254
982,511,1493,0.11730750222169094
992,508,1500,0.11734576379364699
983,516,1499,0.1173626875972553
979,528,1507,0.1174000133849738
979,527,1506,0.11744487823047774
976,523,1499,0.11748764991571328
974,519,1493,0.11753464560393684
971,523,1494,0.11758271343455381
965,516,1481,0.11763607854858961
960,522,1482,0.11769993556419926
967,524,1491,0.11777160322918506
961,531,1492,0.11782061700783224
971,533,1504,0.11787946360920099
956,530,1486,0.11790908628258695
965,526,1491,0.11797259322977922
958,526,1484,0.1180105020849301
964,530,1494,0.11806105410259404
969,531,1500,0.1180953786262005
965,526,1491,0.11811577653319069
975,526,1501,0.11814159130709062
960,532,1492,0.11814490536928396
959,537,1496,0.11818220836464914
969,530,1499,0.11822075687960171
974,530,1504,0.11823026958458911
967,535,1502,0.11822856971104503
956,540,1496,0.11824577727147688
944,534,1478,0.11828706844983682
947,532,1479,0.11835638371410653
953,539,1492,0.1184110331442491
955,538,1493,0.11845032464783
963,535,1498,0.11848211020186195
966,537,1503,0.11849399501784491
954,542,1496,0.11849639296185364
953,552,1505,0.11852828725876954
951,556,1507,0.11855957441562143
946,559,1505,0.1185950682910926
942,560,1502,0.11864362785619084
947,561,1508,0.11869864918781728
953,561,1514,0.11873996181360226
960,558,1518,0.1187635466364213
962,559,1521,0.11877044688189253
963,555,1518,0.11876953213181574
961,560,1521,0.11876869423276937
963,559,1522,0.1187749134491996
957,567,1524,0.11877756749981298
947,563,1510,0.11879310254183192
936,566,1502,0.1188295647180877
933,557,1490,0.11888883942148219
940,552,1492,0.11895250647630615
947,555,1502,0.11899752793670496
934,559,1493,0.11902002911581237
943,560,1503,0.11907110038727182
935,557,1492,0.11909867177844667
925,558,1483,0.11913809311155504
931,557,1488,0.1192013528526116
930,553,1483,0.11924627817731427
932,559,1491,0.11928930828352807
939,551,1490,0.11932653447401519
951,551,1502,0.11934105213448022
965,552,1517,0.11932812465201682
958,549,1507,0.11927889400670999
960,546,1506,0.1192512599525002
952,546,1498,0.11922295993132179
952,548,1500,0.11920979339423993
955,544,1499,0.1191971169988652
954,546,1500,0.11917997377266966
964,537,1501,0.11916578781312623
972,538,1510,0.11913186804788298
963,542,1505,0.1190816789406293
973,546,1519,0.11905531651501279
963,545,1508,0.1190080256662927
960,544,1504,0.11899015541232477
948,542,1490,0.11898156082878227
961,534,1495,0.11900132668409294
958,546,1504,0.11899054872548114
953,554,1507,0.11898984810299104
952,556,1508,0.11900049814053588
943,553,1496,0.119010138096838
962,558,1520,0.11904101091563685
960,556,1516,0.1190258407750858
964,554,1518,0.11901506884851695
962,558,1520,0.11899521708318325
964,559,1523,0.11898281825719495
960,564,1524,0.11896829784863716
951,554,1505,0.1189653622799758
952,562,1514,0.11898578324064886
945,562,1507,0.11900215978033472
942,567,1509,0.1190339176133066
945,569,1514,0.11907195199691886
930,580,1510,0.11909959188154855
933,570,1503,0.11915744496361232
932,572,1504,0.11920220584866255
937,571,1508,0.11924797147331746
925,576,1501,0.11927973181835785
934,574,1508,0.11933775214627856
926,577,1503,0.11937155198980719
924,578,1502,0.11942230034114591
920,570,1490,0.11947241014491329
918,580,1498,0.11953011116054922
917,588,1505,0.11959028520703016
909,583,1492,0.11964753163652643
915,581,1496,0.11972142445502294
914,592,1506,0.11977722286320126
910,590,1500,0.11982830955146034
904,591,1495,0.11988463328726909
905,605,1510,0.11994942773458037
904,600,1504,0.12000780482839012
906,600,1506,0.12006610654547903
908,597,1505,0.1201167286992692
904,596,1500,0.12015687844303465
903,591,1494,0.12020161160894925
910,595,1505,0.1202449426136794
907,597,1504,0.12027173129558288
906,589,1495,0.12030514662023123
909,579,1488,0.12033634847746356
904,581,1485,0.12035718609738222
892,589,1481,0.12039005556847598
894,592,1486,0.12044832878079412
905,593,1498,0.12049647267372969
902,600,1502,0.12051679546759107
898,603,1501,0.1205417848883979
905,598,1503,0.1205736255232307
918,600,1518,0.12058339587294452
909,597,1506,0.12056218353702464
909,596,1505,0.1205658527868777
904,598,1502,0.12057180827573691
902,596,1498,0.12058683209875283
896,593,1489,0.1206042456000589
899,597,1496,0.12063625657395192
905,595,1500,0.12065934748294001
902,588,1490,0.12066811428154284
899,588,1487,0.1206819104048951
898,596,1494,0.12070265871656137
905,598,1503,0.12072431028531026
907,600,1507,0.12072786588022892
908,605,1513,0.12072668121498557
919,603,1522,0.12072369997575731
913,602,1515,0.12069312242419422
912,598,1510,0.12068005525363656
917,601,1518,0.12066839447013755
917,595,1512,0.12064468759156986
915,599,1514,0.12062002671825102
915,593,1508,0.12060440463278986
914,595,1509,0.12058929891548666
913,599,1512,0.12057500960043384
900,598,1498,0.12056235228341926
900,592,1492,0.12058244587910881
909,596,1505,0.12060225264167823
909,601,1510,0.12059962408845142
907,598,1505,0.12059922394860635
908,602,1510,0.12060369254621087
895,591,1486,0.1206057571123057
891,593,1484,0.12063904461014388
907,594,1501,0.12067735639648895
898,595,1493,0.12067628249682386
892,606,1498,0.12069667169864631
891,615,1506,0.12073350750123629
904,617,1521,0.1207686752369771
899,617,1516,0.12077380452901135
901,616,1517,0.1207868946497599
893,624,1517,0.12079290134922875
895,618,1513,0.12081684143130177
891,619,1510,0.12083626265029573
881,614,1495,0.12086385389889406
889,623,1512,0.12091333973485362
869,628,1497,0.12094039494203296
878,630,1508,0.121011856080558
887,625,1512,0.12105798926963182
888,631,1519,0.12108279981869612
881,632,1513,0.12110420988405579
870,637,1507,0.12114134964614404
876,642,1518,0.12120350008172505
872,645,1517,0.12125021629567379
871,634,1505,0.12130119531153781
864,629,1493,0.12134992896396721
865,636,1501,0.12140857811462713
871,635,1506,0.12146214819852721
865,634,1499,0.1214956663985609
864,635,1499,0.12154144966030239
865,646,1511,0.12158743627377319
868,647,1515,0.1216293156890714
862,649,1511,0.12166190767570258
863,658,1521,0.12170617005535873
858,651,1509,0.12174333161486169
860,653,1513,0.12179113708609628
848,647,1495,0.12183296361239022
849,657,1506,0.12189883437142425
842,663,1505,0.12195590100597548
847,663,1510,0.12202719200388824
831,668,1499,0.12208340801872104
826,668,1494,0.12217384924166008
828,659,1487,0.12227020921099616
831,659,1490,0.12235476868292665
834,663,1497,0.12242488619321361
822,668,1490,0.12248310456630812
825,665,1490,0.12256280064896444
827,662,1489,0.12262976382702685
822,667,1489,0.12268933556098303
831,669,1500,0.12275496041191661
827,677,1504,0.12279948466192192
827,681,1508,0.12285236041535443
826,660,1486,0.12290245320621423
823,673,1496,0.12294965536546862
829,678,1507,0.1230017883770683
829,681,1510,0.12303510677515668
833,675,1508,0.12306610133268567
831,677,1508,0.12308786472553505
814,680,1494,0.12310966918240261
820,680,1500,0.12316996175616221
818,686,1504,0.12321227002363813
816,681,1497,0.12325759571405609
820,679,1499,0.12330466442907903
808,680,1488,0.12333688157406612
806,683,1489,0.12339562043624017
813,681,1494,0.12345732235245192
813,691,1504,0.12349716652813614
812,692,1504,0.12353520060975297
816,684,1500,0.12357444752150579
814,679,1493,0.12359876175395973
818,689,1507,0.12362432590052996
811,698,1509,0.12363912273287887
814,700,1514,0.12366821132916547
807,693,1500,0.12369141443870625
815,694,1509,0.12373250782749505
817,702,1519,0.12375323028438384
817,694,1511,0.12376575765119341
811,702,1513,0.1237754736115112
807,702,1509,0.12379777647325006
790,702,1492,0.1238270341704667
802,704,1506,0.1238938996464161
801,703,1504,0.12392992236407756
792,698,1490,0.12396507361049594
797,704,1501,0.1240185447038373
800,706,1506,0.12405292230784143
811,709,1520,0.12407905154277177
818,687,1505,0.12407831198541514
806,694,1500,0.12406006829787784
796,707,1503,0.12407148681981042
805,702,1507,0.1241055008135018
797,699,1496,0.12411993559696771
796,701,1497,0.12415329259400538
792,710,1502,0.12418715021902471
793,718,1511,0.12422826061746292
802,721,1523,0.12426446001256786
805,715,1520,0.1242759239276402
807,721,1528,0.12428064166639469
800,725,1525,0.12428244667132421
799,727,1526,0.12430059024606148
787,716,1503,0.12432118413341366
782,721,1503,0.12436937811506737
771,730,1501,0.12442735866873054
769,726,1495,0.12451074778130415
768,730,1498,0.12459099132245416
763,726,1489,0.12466950970451336
764,732,1496,0.1247549148454814
771,741,1512,0.12483139482656673
761,734,1495,0.12488713222563269
771,739,1510,0.12496129163097965
768,739,1507,0.12500485810495587
771,727,1498,0.12505188607348638
773,732,1505,0.1250882057523591
785,731,1516,0.12512032509323462
783,732,1515,0.1251220329387877
776,730,1506,0.12512662303500455
769,733,1502,0.1251434831371144
760,740,1500,0.12517674719336563
769,737,1506,0.12522769206799686
765,735,1500,0.1252546010428711
772,730,1502,0.12528905472129365
767,734,1501,0.12530311255458385
762,743,1505,0.12532946229428965
767,743,1510,0.12536632729601524
775,743,1518,0.12538759359342383
767,749,1516,0.12539094806862766
755,764,1519,0.12541576066496715
753,759,1512,0.12546532467018057
742,759,1501,0.12551877962903515
737,765,1502,0.12559441239992256
744,769,1513,0.1256775953225288
741,755,1496,0.12573942418407827
734,751,1485,0.12580109060872868
741,757,1498,0.12587633144434082
754,751,1505,0.1259300632999733
750,750,1500,0.1259480427520497
750,758,1508,0.1259725681076308
757,754,1511,0.12599352171061703
747,748,1495,0.12599519378335175
750,754,1504,0.12602223411087357
755,767,1522,0.12604054819155222
736,766,1502,0.126045860573591
729,763,1492,0.12609373537249763
734,768,1502,0.12615546566468105
726,773,1499,0.12619968023139078
721,776,1497,0.1262600515121577
713,784,1497,0.12633025893953506
709,781,1490,0.12641339689129136
710,783,1493,0.12649956386131447
706,781,1487,0.1265768980610825
717,780,1497,0.1266572212910123
714,786,1500,0.1267051180834099
726,775,1501,0.12675401856649124
717,785,1502,0.1267731202218387
724,786,1510,0.12681405717683966
716,781,1497,0.1268366347228126
715,782,1497,0.1268772522741086
721,793,1514,0.12691524998976844
721,793,1514,0.1269385219420281
722,796,1518,0.12696030252949975
704,796,1500,0.12698224955093937
707,793,1500,0.1270439332718628
703,792,1495,0.12709735725598337
702,798,1500,0.12715743802182852
703,800,1503,0.1272146357119838
699,800,1499,0.12726515771871966
690,799,1489,0.1273224774022464
695,796,1491,0.12739882056218443
701,800,1501,0.12746011127787707
701,804,1505,0.12750177832037932
699,812,1511,0.12754066190782268
696,817,1513,0.12757700842244035
699,817,1516,0.12761836609908606
687,821,1508,0.12765171439129905
685,837,1522,0.12771164895232157
685,837,1522,0.1277744644307359
678,837,1515,0.12783319165178578
663,835,1498,0.12790672913291753
660,833,1493,0.128010708103581
662,847,1509,0.12811484387865638
660,845,1505,0.12820753823903602
652,854,1506,0.1282999347848984
649,858,1507,0.12840350034834708
651,845,1496,0.1285076494535937
642,847,1489,0.12859974031861574
640,848,1488,0.12870569564827936
637,855,1492,0.12881080461194383
631,862,1493,0.12891747982032334
644,861,1505,0.12903148687869942
644,856,1500,0.1291084478301583
638,868,1506,0.1291780305939152
638,871,1509,0.12925756654868814
635,873,1508,0.12933254598848712
625,872,1497,0.1294075333444582
618,867,1485,0.12950113270134406
615,872,1487,0.12960738296927216
617,874,1491,0.12971534135824667
613,886,1499,0.12981351044391706
625,890,1515,0.12991343005012265
621,887,1508,0.12998077124235674
615,891,1506,0.13005365554953344
603,899,1502,0.13013548643037506
604,892,1496,0.13023965382109792
603,897,1500,0.13033625200162618
611,893,1504,0.13042702317939722
611,910,1521,0.1304899516638336
609,906,1515,0.13055044316158998
610,906,1516,0.13061084137470247
602,894,1496,0.13066326722380053
607,899,1506,0.13073110346075048
607,901,1508,0.13078190974336185
609,899,1508,0.1308312480738819
603,908,1511,0.13087194753227716
607,909,1516,0.13092440107068026
599,917,1516,0.1309662935359954
607,911,1518,0.13102384578891305
598,912,1510,0.13105901554550062
594,902,1496,0.13111442606444748
601,895,1496,0.1311749596650562
603,898,1501,0.13121394806163877
593,901,1494,0.13124389510387124
593,904,1497,0.13129717148028008
592,906,1498,0.1313459936396278
596,909,1505,0.13139344509038584
603,904,1507,0.13142759285423833
605,905,1510,0.13144243887856316
598,906,1504,0.13145252503983876
599,908,1507,0.13147903350121637
602,923,1525,0.13150187406158798
597,913,1510,0.1315174873839259
596,913,1509,0.13154279669454122
594,925,1519,0.1315679388364739
596,914,1510,0.13159679057150328
594,916,1510,0.1316189133776413
601,912,1513,0.13164396583457724
603,908,1511,0.1316544781695194
600,914,1514,0.13166065976726152
599,906,1505,0.1316711154981245
598,915,1513,0.1316840359322385
601,908,1509,0.13169904229012436
594,897,1491,0.13170340974357791
597,904,1501,0.13172462699159668
597,908,1505,0.1317363826322872
594,905,1499,0.13174698429042175
595,907,1502,0.1317640268779884
587,906,1493,0.13177803469208763
584,918,1502,0.13181091487096974
585,931,1516,0.13185039029355608
575,929,1504,0.1318845670956122
567,925,1492,0.1319391560901597
564,921,1485,0.13200972380055792
564,917,1481,0.1320836975951872
573,922,1495,0.13214995081611322
569,935,1504,0.13219149308733236
570,935,1505,0.13224019071200524
562,929,1491,0.13228092088980736
558,925,1483,0.13233664773967177
566,924,1490,0.13239863292411694
570,932,1502,0.1324376815216184
573,928,1501,0.13246499483675042
571,926,1497,0.13248295108597508
573,933,1506,0.13250588043855696
567,936,1503,0.13252415668511555
574,945,1519,0.13255375434873762
562,930,1492,0.13256569907019686
558,941,1499,0.13260274413413395
559,947,1506,0.13264750680891535
554,954,1508,0.13268786114781148
552,947,1499,0.1327381721009322
551,944,1495,0.1327894897224599
551,943,1494,0.13283799675653604
557,936,1493,0.13288033138373442
551,946,1497,0.1329082596831992
549,953,1502,0.13295067816024517
550,952,1502,0.13299415794324207
550,953,1503,0.13303357968788657
549,957,1506,0.13307171056563785
557,941,1498,0.13310923037106723
559,942,1501,0.13312521921401088
561,937,1498,0.1331312693164774
564,946,1510,0.133129381535148
562,942,1504,0.13312182896001187
550,936,1486,0.13312024636369768
548,943,1491,0.13314678743472821
549,939,1488,0.1331771566293376
541,950,1491,0.13320259151382774
541,951,1492,0.13324770457191928
551,947,1498,0.1332885663974577
545,939,1484,0.1333024217941366
549,949,1498,0.13332502220129303
539,957,1496,0.13333701727398733
546,954,1500,0.13337192651377344
559,959,1518,0.1333863602303309
549,957,1506,0.13336668859896378
549,950,1499,0.13337267482416226
551,947,1498,0.13337911189884735
553,957,1510,0.13338226529312877
558,954,1512,0.13338190652468246
560,961,1521,0.13337019426959384
553,963,1516,0.13335679832280684
546,968,1514,0.13335922599785577
546,963,1509,0.13338026478493137
547,960,1507,0.13340051980775114
546,961,1507,0.13341664306224602
545,953,1498,0.13343442182083035
539,965,1504,0.1334539942502632
539,962,1501,0.1334832488023687
541,952,1493,0.13351009440846198
542,953,1495,0.13352929603321254
546,957,1503,0.13354821767813002
552,952,1504,0.13355596797421854
546,961,1507,0.13354584083794058
543,959,1502,0.13355253135712422
543,958,1501,0.1335657585557758
537,954,1491,0.13357793437593288
541,946,1487,0.1336034414132131
545,949,1494,0.1336189458123085
545,955,1500,0.13362217516025882
542,963,1505,0.13362773229537378
538,969,1507,0.13364088376278682
523,967,1490,0.13366101788787557
526,975,1501,0.1337153206271803
523,977,1500,0.1337602535428886
515,980,1495,0.1338106564764281
507,979,1486,0.13387662187493166
511,985,1496,0.13395564559908543
514,994,1508,0.1340195768748314
510,990,1500,0.13407070183888906
511,1000,1511,0.13412878925048247
507,999,1506,0.1341836267081068
505,994,1499,0.13424614889036424
503,987,1490,0.134310685478215
507,996,1503,0.13437540971488068
508,986,1494,0.1344243463770004
518,996,1514,0.13446880017858848
516,985,1501,0.13448805359122573
507,999,1506,0.13451099641918798
503,1010,1513,0.13455208005317196
509,1002,1511,0.13460056098090492
505,1010,1515,0.1346332078576151
499,1009,1508,0.13467284260374754
503,1004,1507,0.13472387317746784
512,996,1508,0.1347614193350963
514,1008,1522,0.13477453194999992
504,997,1501,0.1347826378205551
500,994,1494,0.13481421779653768
495,990,1485,0.13485277661313883
499,986,1485,0.13490176362746414
501,984,1485,0.1349384618916284
496,995,1491,0.13496532478948847
502,1003,1505,0.1350031157890357
499,1015,1514,0.13502460401730484
494,1011,1505,0.13505103180983533
506,1010,1516,0.1350853381166672
498,1000,1498,0.13508932798748513
494,1002,1496,0.1351130708633418
493,996,1489,0.13514285625523387
500,1005,1505,0.1351719931928635
496,1004,1500,0.13518054378722913
500,1007,1507,0.135199500319667
487,1017,1504,0.13520756516406357
480,1023,1503,0.13524724227224832
489,1027,1516,0.1353023224993735
495,1030,1525,0.1353339408448478
495,1028,1523,0.13535113477422048
493,1037,1530,0.13536497727272517
487,1041,1528,0.13538470794025273
487,1041,1528,0.13541952557645437
487,1029,1516,0.13545192355029775
488,1027,1515,0.1354831586564536
488,1010,1498,0.13550995918844935
481,1012,1493,0.13553496405713583
483,1024,1507,0.13557604179502547
483,1025,1508,0.1356092751939786
477,1030,1507,0.13563915760529174
478,1021,1499,0.1356802382751172
472,1023,1495,0.13571719773565202
472,1027,1499,0.13576658988314705
474,1044,1518,0.13580909357192766
481,1039,1520,0.13584654538930255
474,1037,1511,0.13586395549004282
480,1047,1527,0.13589726460296145
478,1041,1519,0.13591349053580498
480,1037,1517,0.1359351598566741
477,1034,1511,0.13594943131931672
474,1033,1507,0.13597015567246204
478,1035,1513,0.13599669371399917
481,1040,1521,0.1360113300613079
479,1033,1512,0.13601269571097857
474,1024,1498,0.13601982217245906
476,1036,1512,0.13604024959983227
473,1032,1505,0.1360570597426342
468,1030,1498,0.13608109350401043
471,1034,1505,0.13611330949239192
471,1040,1511,0.13613665934366062
467,1031,1498,0.1361592531588777
464,1040,1504,0.13618918109830358
470,1051,1521,0.13622348094893327
471,1056,1527,0.136241806122494
464,1053,1517,0.13625736018168097
461,1046,1507,0.13628731549843784
465,1036,1501,0.13632230906372464
470,1040,1510,0.13634403375054036
464,1047,1511,0.1363513597598667
454,1047,1501,0.1363733635820037
449,1060,1509,0.13641591263269884
440,1070,1510,0.13646789141799986
451,1063,1514,0.13653766731151062
452,1051,1503,0.1365756738495022
459,1052,1511,0.1366085400011514
462,1050,1512,0.1366215635731016
457,1050,1507,0.13662559367145563
456,1053,1509,0.13664189832669868
456,1057,1513,0.1366608990245365
458,1055,1513,0.13667915122886057
448,1056,1504,0.13669368617314834
454,1063,1517,0.1367294090956559
455,1057,1512,0.13674748054669306
457,1056,1513,0.1367656503115641
450,1062,1512,0.1367756639653984
450,1063,1513,0.13680245325810453
437,1062,1499,0.13682773673211254
438,1075,1513,0.13688350305983338
426,1079,1505,0.13693306044469689
429,1075,1504,0.13700993970099523
428,1063,1491,0.13707468463600397
432,1058,1490,0.13713752953900069
427,1066,1493,0.13718418371590232
436,1076,1512,0.1372372607045399
433,1083,1516,0.13726908946657893
430,1089,1519,0.13730569915041496
425,1079,1504,0.13734828278506173
422,1084,1506,0.13740000953608292
428,1091,1519,0.13745567357446759
424,1097,1521,0.13749174280805154
419,1091,1510,0.13753406697592926
418,1095,1513,0.13758632289527506
417,1092,1509,0.13763655101390218
416,1088,1504,0.13768715056773734
409,1087,1496,0.13773638355146747
405,1084,1489,0.1377994710735073
408,1084,1492,0.13786909974347647
408,1089,1497,0.13792658997534385
414,1084,1498,0.1379798252686953
412,1093,1505,0.13801247122432347
410,1092,1502,0.13804744029413402
412,1087,1499,0.13808498261266205
407,1099,1506,0.13811349656817215
411,1093,1504,0.13815210468911981
417,1099,1516,0.13817985590914997
415,1094,1509,0.13819000703068318
413,1107,1520,0.13820665800491877
413,1108,1521,0.13823034931073208
409,1111,1520,0.1382504698433823
407,1112,1519,0.1382806059708594
398,1105,1503,0.1383126314212614
391,1106,1497,0.1383645986663575
392,1109,1501,0.13843139859373743
394,1114,1508,0.13849226799340367
389,1120,1509,0.13854187343604468
395,1112,1507,0.13860120451571153
396,1110,1506,0.13864032176640506
394,1108,1502,0.13867429320154673
396,1106,1502,0.13870884948831028
396,1110,1506,0.138736037060517
398,1111,1509,0.13876396184877826
398,1106,1504,0.13878431929712165
386,1111,1497,0.13880238767328856
391,1118,1509,0.13884960142408037
397,1126,1523,0.1388808347889706
395,1123,1518,0.1388953755323038
396,1121,1517,0.1389154499194349
395,1122,1517,0.13893169033244607
386,1127,1513,0.13895101558431544
381,1125,1506,0.13899122902102168
378,1123,1501,0.13904087256542633
381,1116,1497,0.13909438098636123
377,1129,1506,0.13913586284632803
382,1132,1514,0.13918399146263405
383,1145,1528,0.13921620571654278
383,1141,1524,0.1392436321222225
390,1140,1530,0.13926867458019251
392,1132,1524,0.13927488845273583
387,1133,1520,0.13927808706146472
384,1126,1510,0.1392936722651526
389,1141,1530,0.13931601447683722
390,1153,1543,0.13932600544302598
385,1148,1533,0.13933423065601713
386,1144,1530,0.1393547908932108
385,1145,1530,0.139373360328056
382,1145,1527,0.1393932011356733
376,1146,1522,0.1394201183837273
378,1148,1526,0.13946083225063916
376,1145,1521,0.13949308438839675
371,1140,1511,0.13952734074312548
366,1133,1499,0.13957005281685325
368,1146,1514,0.13962367019781968
361,1138,1499,0.13967051428703675
358,1155,1513,0.13973159058507398
354,1156,1510,0.13979568193215347
355,1156,1511,0.13986443342176663
351,1169,1520,0.13992689950577436
353,1164,1517,0.1399947427048437
353,1169,1522,0.14005386274373183
347,1179,1526,0.140108121071056
346,1164,1510,0.14017482173144033
346,1173,1519,0.14023635947074267
346,1186,1532,0.14029364811595937
336,1182,1518,0.1403480200398465
333,1177,1510,0.14042229397758224
343,1173,1516,0.14049843237564105
336,1187,1523,0.14054561567826152
333,1193,1526,0.14060718422545693
336,1194,1530,0.14067205348838693
334,1182,1516,0.1407250036510356
331,1190,1521,0.14078111526075746
334,1183,1517,0.1408391552407175
335,1177,1512,0.14088557734905474
334,1171,1505,0.1409276825033756
326,1166,1492,0.14096814158883736
323,1163,1486,0.14102403723334253
327,1178,1505,0.1410832516251605
331,1173,1504,0.1411276419101649
330,1164,1494,0.14115774114557428
328,1167,1495,0.1411848240886888
330,1178,1508,0.14121431178109864
333,1188,1521,0.14123948851458526
334,1186,1520,0.14125431695721674
334,1187,1521,0.1412668194387848
335,1191,1526,0.14128029502180847
331,1181,1512,0.14129207627898033
328,1176,1504,0.1413126086442382
328,1173,1501,0.14133891737590748
326,1187,1513,0.14136270041307694
326,1197,1523,0.14138993939789665
330,1201,1531,0.1414145903024416
325,1190,1515,0.1414278726608175
319,1179,1498,0.1414521289023517
325,1179,1504,0.14148880623082713
328,1182,1510,0.14150993591164593
332,1181,1513,0.14151966075307557
333,1178,1511,0.1415196656697592
328,1178,1506,0.14151515481210553
333,1184,1517,0.14152318600549918
332,1191,1523,0.1415185374871183
335,1173,1508,0.14151832520798707
336,1181,1517,0.1415104182179329
330,1180,1510,0.1415011524139543
333,1185,1518,0.1415086661509348
333,1193,1526,0.14150942342825193
331,1176,1507,0.14151062771421852
327,1180,1507,0.141516092143483
324,1185,1509,0.14153156901390637
321,1177,1498,0.14155297602320505
324,1178,1502,0.14157883101349067
313,1174,1487,0.14159605362059594
321,1188,1509,0.1416396208155212
319,1189,1508,0.1416589678918928
318,1182,1500,0.14168255447792175
316,1171,1487,0.14170474868482408
315,1181,1496,0.14172924436025527
324,1198,1522,0.1417535587801148
324,1186,1510,0.1417549278137067
321,1197,1518,0.14175771070325838
327,1189,1516,0.1417679981667064
329,1188,1517,0.14176344921981887
328,1187,1515,0.14175482826609456
331,1185,1516,0.14175064392103365
334,1187,1521,0.14173703542117186
331,1195,1526,0.1417189655624027
333,1190,1523,0.1417109694342063
328,1187,1515,0.14169911938835825
330,1190,1520,0.14170128782895478
327,1179,1506,0.14170005502595065
327,1182,1509,0.1417060279913179
326,1181,1507,0.14171280108447237
323,1182,1505,0.1417209935690653
322,1184,1506,0.14173575168883612
321,1189,1510,0.14175144986558824
320,1202,1522,0.1417671952795033
321,1195,1516,0.14178577770909664
321,1192,1513,0.1418007196146317
323,1186,1509,0.1418136006779662
320,1181,1501,0.14181861271254168
323,1186,1509,0.14183170628618563
322,1192,1514,0.141837576622677
325,1193,1518,0.1418443696684863
323,1195,1518,0.1418454035060735
319,1205,1524,0.14185120887937663
314,1202,1516,0.14186697575010573
315,1189,1504,0.14189450496010492
313,1196,1509,0.14191886197523787
313,1200,1513,0.14194643125988984
312,1205,1517,0.14197255246757823
308,1205,1513,0.14199883107769076
309,1212,1521,0.1420339800125391
301,1205,1506,0.14206477772327283
301,1211,1512,0.1421126481564336
304,1211,1515,0.14215576553430392
301,1218,1519,0.1421876052578667
301,1221,1522,0.142225474275374
299,1208,1507,0.1422608008017519
295,1218,1513,0.142297561410195
296,1215,1511,0.14234292036855586
293,1203,1496,0.14238107433798286
294,1197,1491,0.14242511157800322
295,1212,1507,0.14246450275021114
292,1213,1505,0.14249992590447014
290,1222,1512,0.14254098369323454
286,1205,1491,0.14258470583890823
280,1202,1482,0.14263228986501533
284,1213,1497,0.14269003152776125
279,1212,1491,0.14273324361497133
282,1210,1492,0.14278663396309932
285,1232,1517,0.14283009684769818
282,1235,1517,0.14286317250575953
287,1223,1510,0.1429021928253989
291,1215,1506,0.14292674336042366
291,1207,1498,0.14293862721545203
285,1215,1500,0.14294745380257853
283,1216,1499,0.1429703054947187
285,1226,1511,0.14299849114209326
281,1219,1500,0.1430187916040344
278,1231,1509,0.14304700251255317
277,1219,1496,0.14308257153765658
273,1229,1502,0.1431178112041408
277,1242,1519,0.14315994599706391
275,1244,1519,0.14318868492834105
276,1230,1506,0.14321972198005944
280,1227,1507,0.1432460512453087
280,1219,1499,0.143262475404447
277,1212,1489,0.14327735849113057
281,1217,1498,0.1432970654017671
282,1212,1494,0.14330642306329988
284,1225,1509,0.14331108322925248
281,1226,1507,0.1433103421875717
280,1227,1507,0.14331689617871857
284,1229,1513,0.14332604255601475
283,1249,1532,0.143323416168177
273,1249,1522,0.1433251019954793
271,1256,1527,0.14335207134849592
272,1256,1528,0.1433834891678788
266,1251,1517,0.14341066782621648
261,1248,1509,0.14344983870755568
258,1252,1510,0.14349977788593876
258,1251,1509,0.1435532385997362
269,1240,1509,0.14360322736792713
274,1244,1518,0.14361960932264015
279,1241,1520,0.14362511773187844
277,1236,1513,0.1436150162625366
279,1240,1519,0.14361075386057004
281,1233,1514,0.143602187640196
281,1224,1505,0.14358927057197104
287,1221,1508,0.1435768176710522
286,1220,1506,0.1435491782898941
289,1237,1526,0.1435255788117005
281,1250,1531,0.1434987146699872
280,1252,1532,0.14349372448711556
275,1251,1526,0.14349103233910843
278,1247,1525,0.1435016919265604
277,1252,1529,0.14350636533314673
274,1259,1533,0.14351376812699512
278,1258,1536,0.14352847697866072
274,1249,1523,0.1435326331248313
276,1241,1517,0.14354732331194686
268,1243,1511,0.14355390389796796
263,1233,1496,0.1435798529513364
263,1245,1508,0.1436156863231165
259,1253,1512,0.14365005078145673
256,1267,1523,0.14369098977983247
257,1262,1519,0.1437383723492462
261,1259,1520,0.1437789835742322
260,1250,1510,0.14380785259277193
260,1257,1517,0.1438377459121948
259,1261,1520,0.14386592497207984
258,1267,1525,0.14389414539551748
259,1264,1523,0.1439215759866935
251,1265,1516,0.14394420088284407
251,1264,1515,0.1439834280400466
260,1253,1513,0.1440207127886746
261,1259,1520,0.14402824937717232
253,1255,1508,0.14403491694353865
256,1261,1517,0.14406073011942225
255,1260,1515,0.1440785077521971
255,1261,1516,0.14409812079561696
252,1267,1519,0.1441159340474217
253,1263,1516,0.14413672552300405
259,1261,1520,0.14415428122814064
262,1262,1524,0.14415779027658282
260,1268,1528,0.144154797123186
261,1269,1530,0.14415641874848062
264,1264,1528,0.14415588121563855
263,1256,1519,0.14414663256479662
260,1275,1535,0.14414071046175644
259,1268,1527,0.14414320100064032
254,1252,1506,0.14414877602655132
254,1246,1500,0.1441651380030421
257,1254,1511,0.14418245177265776
251,1253,1504,0.14419037976878182
246,1257,1503,0.14421268481222568
242,1253,1495,0.1442448032905766
239,1253,1492,0.14428501591831613
243,1263,1506,0.14433149655223107
240,1273,1513,0.14436422471023988
241,1271,1512,0.14440208747942043
241,1263,1504,0.1444344930262463
239,1266,1505,0.14446623870523206
245,1270,1515,0.14449784954342115
246,1259,1505,0.14451035404722162
241,1265,1506,0.14452029828506135
241,1269,1510,0.1445429559380232
230,1270,1500,0.1445642742174593
229,1280,1509,0.14461133358140074
228,1284,1512,0.1446576401661469
230,1286,1516,0.14470345991630118
234,1281,1515,0.14474175896728034
237,1281,1518,0.1447665945977702
240,1282,1522,0.14478228121464443
234,1292,1526,0.14479105684473786
235,1295,1530,0.14481402560603068
233,1290,1523,0.14483519810391665
231,1288,1519,0.14485968260718557
225,1286,1511,0.1448882196516256
223,1291,1514,0.14493125571422485
222,1286,1508,0.1449751042227909
222,1276,1498,0.1450189811268563
222,1277,1499,0.14505888375313097
227,1293,1520,0.14509727976107312
226,1290,1516,0.14512164409448153
223,1285,1508,0.14514829152949857
228,1291,1519,0.1451800736697588
224,1294,1518,0.14519667196746444
220,1295,1515,0.14522279251909656
222,1299,1521,0.14525690586563947
214,1291,1505,0.14528467438665935
212,1296,1508,0.1453290041207425
213,1294,1507,0.14537600235409923
214,1300,1514,0.1454167756965637
212,1296,1508,0.14545105070856837
211,1305,1516,0.14548759317160959
214,1306,1520,0.14552380631715878
213,1297,1510,0.14555175891488126
209,1295,1504,0.14558225979919934
204,1304,1508,0.14562040879910182
206,1302,1508,0.14566687724637437
209,1305,1514,0.14570713875608898
200,1320,1520,0.14573823700968608
200,1324,1524,0.14578843464527466
202,1305,1507,0.14583542335361388
197,1294,1491,0.14587233841643096
200,1298,1498,0.14591812995465747
201,1302,1503,0.14595308972524432
205,1310,1515,0.14598468551644167
204,1318,1522,0.14600527708550448
200,1312,1512,0.1460262211001461
196,1315,1511,0.1460559580393798
195,1316,1511,0.14609462111700186
189,1318,1507,0.14613380046502658
191,1316,1507,0.14618456235158392
194,1316,1510,0.14622832723517604
192,1306,1498,0.14626258297120834
200,1304,1504,0.14629791325491717
198,1316,1514,0.14631128410170327
190,1310,1500,0.14632789299135587
195,1305,1500,0.14636129681035895
196,1313,1509,0.146378495141256
196,1319,1515,0.1463930974500045
195,1323,1518,0.14640626489966224
198,1321,1519,0.14642186276157337
193,1330,1523,0.1464294087004353
196,1337,1533,0.146448985988907
195,1341,1536,0.14646177838448943
196,1330,1526,0.14647675961647316
195,1326,1521,0.14648811050384275
187,1315,1502,0.14650215638212158
190,1311,1501,0.14653410975007528
190,1316,1506,0.14655774045083922
194,1304,1498,0.1465804096735202
193,1307,1500,0.146590557839592
190,1320,1510,0.14660212011215662
185,1313,1498,0.1466209993794928
184,1326,1510,0.14665137690958027
188,1314,1502,0.14668280037105885
189,1317,1506,0.14670309290426545
188,1314,1502,0.14671940481679652
185,1319,1504,0.1467366877121477
189,1325,1514,0.14676070996253432
188,1329,1517,0.14677252292291956
186,1320,1506,0.14678648377401768
189,1324,1513,0.14680247315418649
190,1333,1523,0.14680988025594183
191,1332,1523,0.14681312483627568
189,1330,1519,0.14681365567927543
187,1323,1510,0.1468194568633136
185,1313,1498,0.14682934266871844
187,1312,1499,0.14684440643364552
186,1314,1500,0.1468535366626126
187,1316,1503,0.1468655399744862
190,1326,1516,0.14687425070724996
186,1324,1510,0.14687428667851254
190,1326,1516,0.14688383004976566
192,1330,1522,0.14688312097090686
189,1331,1520,0.14687816581705104
186,1324,1510,0.14688130717879408
185,1324,1509,0.1468927355571588
182,1320,1502,0.14690642671325907
182,1341,1523,0.1469279638846709
180,1330,1510,0.14694715789769033
183,1323,1506,0.1469702083746052
179,1336,1515,0.1469839377795088
176,1340,1516,0.14700672407193327
176,1329,1505,0.14703529810934185
175,1322,1497,0.14705981286949188
167,1343,1510,0.1470849187126162
170,1344,1514,0.1471274796301754
169,1355,1524,0.14715914570580665
168,1344,1512,0.14719255563521055
168,1342,1510,0.14722672558025054
168,1351,1519,0.14726000674888368
163,1337,1500,0.1472902853647108
165,1343,1508,0.1473306602511016
163,1341,1504,0.1473648782058122
167,1350,1517,0.1474010773538524
168,1349,1517,0.14742502922393833
171,1340,1511,0.14744582530101552
169,1356,1525,0.14745709573494226
164,1356,1520,0.14747279493924859
162,1362,1524,0.14749966951773344
161,1349,1510,0.14753062038530243
163,1354,1517,0.147562502666628
163,1337,1500,0.14758769186088358
163,1337,1500,0.14761222947204378
162,1344,1506,0.1476331439816921
162,1348,1510,0.14765478474933652
161,1354,1515,0.14767642278866422
165,1365,1530,0.14769888321505495
165,1361,1526,0.1477091211354633
162,1352,1514,0.14771936763621443
168,1350,1518,0.1477356018164361
163,1354,1517,0.147735379058122
161,1352,1513,0.1477478096880161
161,1349,1510,0.14776396252240814
165,1355,1520,0.14777874153226736
164,1355,1519,0.1477838336123335
163,1364,1527,0.14779212224933283
160,1367,1527,0.14780335432434008
161,1359,1520,0.14782087584893921
163,1364,1527,0.14783376420540134
158,1368,1526,0.14784064766223934
153,1375,1528,0.14785906969001394
151,1366,1517,0.1478892451836413
154,1365,1519,0.14792250855394756
155,1355,1510,0.14794696945003
157,1361,1518,0.14796771335813522
160,1347,1507,0.1479822409131826
159,1343,1502,0.14798708453417495
157,1343,1500,0.14799362350388579
159,1345,1504,0.14800297302102294
160,1347,1507,0.14800764015015958
165,1338,1503,0.14801092259618223
164,1359,1523,0.14800094907465702
161,1360,1521,0.14799510858348244
161,1344,1505,0.14799666144067497
158,1338,1496,0.1479986184921596
157,1340,1497,0.14800738626396145
157,1363,1520,0.14801786862049487
157,1365,1522,0.14802879504541508
158,1361,1519,0.14803784295259867
156,1357,1513,0.1480449371266865
153,1363,1516,0.1480574795032363
149,1368,1517,0.1480766621784727
152,1363,1515,0.14810470892400468
153,1368,1521,0.1481223743890896
158,1370,1528,0.14813676983171883
156,1367,1523,0.1481378389593155
158,1364,1522,0.14814380469898888
158,1351,1509,0.14814368324598187
154,1362,1516,0.14814293490406918
149,1365,1514,0.14815379203125542
151,1344,1495,0.1481761953307788
153,1363,1516,0.1481918643351145
148,1365,1513,0.148201096660507
147,1367,1514,0.14822179051749532
150,1364,1514,0.1482434978354215
154,1364,1518,0.14825578678933435
149,1364,1513,0.14825772547501026
153,1360,1513,0.1482719133410045
151,1359,1510,0.14827482320782298
151,1353,1504,0.14828225467988737
155,1358,1513,0.1482898455485034
153,1363,1516,0.1482861755167438
151,1379,1530,0.14828737461229807
152,1365,1517,0.1482932867587126
150,1369,1519,0.14829616243697846
151,1370,1521,0.14830489431984692
152,1364,1516,0.14831046660841063
155,1360,1515,0.14831297520938158
153,1360,1513,0.14830800371226344
149,1366,1515,0.14830905759276594
149,1357,1506,0.14832020648315727
157,1358,1515,0.14832855822940194
154,1368,1522,0.1483168912948333
157,1369,1526,0.14831440227810921
158,1366,1524,0.1483046485738612
157,1357,1514,0.14829234621455434
160,1350,1510,0.1482827373475621
163,1347,1510,0.14826600641051413
160,1360,1520,0.14824110624473052
161,1348,1509,0.148225773841012
165,1349,1514,0.14820886506814016
165,1335,1500,0.14818463256637582
170,1340,1510,0.14816147528364595
167,1346,1513,0.14812793018343903
165,1334,1499,0.1481037072511939
166,1334,1500,0.1480855122844655
164,1329,1493,0.14806620271867488
164,1324,1488,0.14805455789282237
166,1323,1489,0.14804286083853546
167,1337,1504,0.14802802504290105
165,1344,1509,0.14801267621235858
163,1344,1507,0.14800302936386628
160,1361,1521,0.14799799556758989
159,1355,1514,0.14800072036419093
159,1344,1503,0.14800555615609848
158,1346,1504,0.14801147566802572
164,1354,1518,0.14802022655062239
162,1353,1515,0.14801291112739526
160,1349,1509,0.14801059367436553
166,1349,1515,0.14801191998728702
163,1347,1510,0.14799819006727913
157,1358,1515,0.14799344000800976
158,1353,1511,0.1480028098819961
158,1347,1505,0.14800966968043194
156,1358,1514,0.14801557994540057
158,1361,1519,0.1480262571395981
157,1351,1508,0.14803170108869446
155,1352,1507,0.14804079630087535
153,1353,1506,0.14805559915734479
153,1363,1516,0.14807241549489458
152,1370,1522,0.14808858204392278
150,1372,1522,0.14810553712976063
154,1358,1512,0.14812579868549472
153,1366,1519,0.14813311314689018
157,1355,1512,0.14814270071297608
159,1369,1528,0.14814285756944381
161,1379,1540,0.14813641169360506
161,1374,1535,0.14812495505649945
158,1362,1520,0.14811465741714902
158,1366,1524,0.14811426900688537
162,1361,1523,0.14811344470042934
162,1358,1520,0.148100550803643
157,1358,1515,0.1480897290352343
156,1359,1515,0.14809270863252733
160,1353,1513,0.14809807594809637
156,1356,1512,0.14809376860041518
154,1339,1493,0.1481000011242884
158,1356,1514,0.14811116195994148
160,1352,1512,0.14811256681522905
163,1343,1506,0.1481083401993493
160,1331,1491,0.14809783806722734
160,1348,1508,0.14809604391881576
158,1356,1514,0.14809501972922726
155,1361,1516,0.1480985689674804
159,1345,1504,0.14810923470138915
154,1349,1503,0.14810835255635438
159,1353,1512,0.14812069458746727
157,1344,1501,0.14811988183917077
156,1360,1516,0.1481243878544166
158,1357,1515,0.1481311418312358
156,1364,1520,0.14813191518978003
155,1365,1520,0.14813660351352925
153,1357,1510,0.14814297628384157
156,1347,1503,0.14815175383687373
154,1362,1516,0.14815217783083365
151,1370,1521,0.14815601434558195
150,1357,1507,0.14816792147522787
150,1371,1521,0.14818268794543113
147,1373,1520,0.14819679048827583
152,1367,1519,0.14821682363767177
151,1374,1525,0.14822280764274676
147,1367,1514,0.1482310995024713
148,1360,1508,0.14824885454375508
147,1374,1521,0.14826411883197338
144,1365,1509,0.14828150494062287
147,1375,1522,0.14830534547072458
146,1365,1511,0.14832146289366335
144,1371,1515,0.14833996492798568
145,1366,1511,0.14836052274113185
145,1380,1525,0.14837740723965964
144,1372,1516,0.14839409221646857
145,1372,1517,0.1484113014620243
146,1373,1519,0.1484253760705448
147,1364,1511,0.14843636612064617
150,1357,1507,0.1484414684585835
153,1348,1501,0.14843816201713578
159,1353,1512,0.14842789279009297
158,1345,1503,0.14840208996259108
156,1346,1502,0.14838128755913094
153,1358,1511,0.14836678815814988
151,1363,1514,0.14836183916255072
152,1378,1530,0.1483631436200768
151,1381,1532,0.14836125444012493
152,1376,1528,0.14836195228371468
149,1376,1525,0.14835952333636487
146,1372,1518,0.14836447251176632
151,1373,1524,0.14837644637712863
147,1373,1520,0.14837716092337908
146,1372,1518,0.14838704223548976
146,1372,1518,0.14840017256927457
145,1360,1505,0.14841323096184345
143,1374,1517,0.14842881656619866
146,1373,1519,0.148448838762948
147,1365,1512,0.1484595602143794
145,1359,1504,0.14846755353686214
143,1368,1511,0.1484804724235577
145,1368,1513,0.14849632883572095
148,1366,1514,0.14850593355056607
145,1358,1503,0.14850813328097368
143,1363,1506,0.14851695896477252
138,1379,1517,0.1485301880004464
139,1374,1513,0.14855530150066124
135,1366,1501,0.14857553775222626
136,1364,1500,0.14860327641236976
138,1365,1503,0.14862587100540214
138,1369,1507,0.14864217220842987
137,1372,1509,0.1486575498308759
138,1376,1514,0.14867417310445646
139,1384,1523,0.14868762638760324
140,1389,1529,0.1486983508728017
139,1377,1516,0.1487059986300572
139,1376,1515,0.14871568148779457
136,1389,1525,0.14872586327627654
131,1381,1512,0.14874241216968057
131,1394,1525,0.14877017590346633
136,1384,1520,0.14879604375795571
136,1374,1510,0.14880649958086342
136,1373,1509,0.14881709241898256
131,1383,1514,0.1488268661303687
133,1378,1511,0.14884838906878867
132,1385,1517,0.14886322405117725
132,1374,1506,0.14888084658139322
138,1390,1528,0.14889533065028168
134,1385,1519,0.14889340014161762
134,1388,1522,0.14890313282434126
132,1377,1509,0.1489103325259882
129,1374,1503,0.14892299223900168
132,1376,1508,0.14894240002751688
132,1381,1513,0.14895422619236917
130,1373,1503,0.14896486957339625
133,1371,1504,0.1489803657672147
135,1381,1516,0.14898634474545194
134,1377,1511,0.14898811386013353
135,1379,1514,0.14899165384039506
135,1375,1510,0.1489914922651408
133,1374,1507,0.14899142570492738
130,1388,1518,0.14899702168110224
131,1378,1509,0.14900845886633177
129,1378,1507,0.14901781286621005
133,1383,1516,0.14903116419185597
133,1376,1509,0.14903232929937663
132,1388,1520,0.14903348679310072
136,1381,1517,0.14903805964024486
133,1380,1513,0.14903386262841034
135,1389,1524,0.14903688354658004
136,1387,1523,0.14903207791216075
136,1385,1521,0.14902632621296846
136,1377,1513,0.14902097507892054
138,1375,1513,0.1490153571711061
135,1382,1517,0.1490062749749679
133,1395,1528,0.14900540086641903
134,1385,1519,0.1490098761837033
135,1379,1514,0.14901224579774103
136,1367,1503,0.1490129879503659
142,1365,1507,0.1490106645745997
137,1384,1521,0.14899336563331042
138,1386,1524,0.1489898362681215
136,1391,1527,0.14898478378790658
138,1397,1535,0.14898477168430163
136,1394,1530,0.14897971756088269
138,1388,1526,0.14898101607271108
138,1378,1516,0.148977517360169
138,1376,1514,0.14897250987735342
137,1377,1514,0.14896955301897852
134,1386,1520,0.148969850989303
137,1378,1515,0.1489779050978122
134,1381,1515,0.14897509239886428
133,1374,1507,0.1489799483351223
135,1375,1510,0.1489861787631221
134,1377,1511,0.14898789999159498
138,1368,1506,0.14899283963709958
140,1371,1511,0.14898684797793743
143,1377,1520,0.1489769202324293
139,1381,1520,0.14896072940161295
138,1381,1519,0.14895603748657005
140,1376,1516,0.14895414555103006
140,1375,1515,0.14894550474484888
138,1375,1513,0.14893816682420094
136,1368,1504,0.1489360563952129
140,1375,1515,0.14893899369005703
135,1383,1518,0.14893217096573239
134,1373,1507,0.14893859168634527
136,1394,1530,0.14894599112395165
141,1397,1538,0.14894746107646317
139,1390,1529,0.1489377367724224
139,1384,1523,0.14893375520775554
143,1389,1532,0.14893044386973137
141,1376,1517,0.14891612029893198
141,1379,1520,0.14890856217294204
139,1378,1517,0.14890149321430754
138,1369,1507,0.14890006846885587
139,1359,1498,0.14890276246436307
140,1356,1496,0.148902688946008
143,1351,1494,0.14889696901031918
142,1356,1498,0.14888555174444967
141,1351,1492,0.14887745589736895
139,1362,1501,0.14887153569324693
136,1357,1493,0.14887154086222257
134,1360,1494,0.14887768096439932
136,1379,1515,0.1488884371909756
134,1385,1519,0.1488946069497956
137,1370,1507,0.1489050697017931
136,1369,1505,0.14890739254672286
133,1363,1496,0.14891194285146184
128,1385,1513,0.14892383397992134
124,1392,1516,0.14894761948193813
129,1403,1532,0.14897906259962504
132,1400,1532,0.1489961922760969
130,1406,1536,0.149004091223374
130,1402,1532,0.14901771053419835
127,1403,1530,0.1490305103641219
128,1396,1524,0.1490503778417979
129,1401,1530,0.14906734554189272
128,1404,1532,0.14908078756324092
124,1393,1517,0.14909544572609856
120,1387,1507,0.14911946581933036
120,1396,1516,0.14915209845001332
119,1399,1518,0.14918257281390188
125,1394,1519,0.14921149542502268
124,1386,1510,0.1492234526206194
130,1386,1516,0.14923841929807008
130,1390,1520,0.14923688237524638
128,1390,1518,0.1492357350277272
127,1399,1526,0.14924008718754458
124,1395,1519,0.14924624578612417
120,1408,1528,0.14925978876516802
121,1398,1519,0.14928191573654054
115,1398,1513,0.14930106946657873
117,1416,1533,0.14933431530512384
117,1411,1528,0.149360195890735
119,1405,1524,0.14938367724455454
115,1410,1525,0.14939910501468115
119,1414,1533,0.14942172247020247
116,1406,1522,0.1494325315129246
114,1402,1516,0.14945036878054865
115,1387,1502,0.14947317159607315
116,1397,1513,0.14949173613030722
114,1408,1522,0.1495062977186907
114,1407,1521,0.14952469582402003
113,1393,1506,0.14954237785108568
116,1382,1498,0.14956157327443148
119,1377,1496,0.14957121869786819
114,1395,1509,0.1495721936159311
113,1386,1499,0.14958524999980446
111,1397,1508,0.14960002374922557
111,1391,1502,0.1496193932339088
111,1393,1504,0.1496382599949416
112,1401,1513,0.14965541944078375
113,1404,1517,0.1496677999287134
109,1395,1504,0.14967738146091208
114,1400,1514,0.14969616402635627
115,1402,1517,0.14970233942087546
117,1405,1522,0.14970570366539995
118,1415,1533,0.14970329481628641
116,1411,1527,0.14969797921226788
118,1405,1523,0.14969856291972747
118,1407,1525,0.14969439747585486
113,1398,1511,0.14969000138373334
116,1397,1513,0.14969796959080078
118,1400,1518,0.1496978592822691
119,1397,1516,0.14969244098519932
117,1397,1514,0.1496853702672817
119,1399,1518,0.14968403954151327
119,1397,1516,0.1496754536364679
118,1389,1507,0.14966875537647883
121,1398,1519,0.14966434539419443
121,1389,1510,0.1496524816176376
122,1395,1517,0.14964313580951807
121,1383,1504,0.14963213452248586
118,1384,1502,0.14962498433200058
117,1390,1507,0.14962570963526528
117,1386,1503,0.14962942564161416
116,1388,1504,0.1496328130548389
113,1384,1497,0.1496374272375203
115,1387,1502,0.14964899734348294
116,1383,1499,0.14965529850869913
115,1375,1490,0.1496586745463458
118,1380,1498,0.14966430655499713
121,1379,1500,0.14966093215867202
117,1386,1503,0.14965035816413116
123,1386,1509,0.14965096071079576
122,1391,1513,0.14963456386709878
123,1388,1511,0.14962166833526067
123,1405,1528,0.14960786028666015
125,1416,1541,0.1495958413998593
124,1401,1525,0.1495788803374353
120,1402,1522,0.1495657078999018
118,1409,1527,0.14956281500936494
119,1395,1514,0.14956594395783804
121,1401,1522,0.14956703404095728
119,1397,1516,0.14956268644840687
120,1402,1522,0.1495643070063718
118,1404,1522,0.14956414892319997
117,1385,1502,0.14956729836470434
115,1390,1505,0.14957347713005908
114,1389,1503,0.1495841995929609
117,1394,1511,0.14959787681395864
117,1394,1511,0.1496016447468059
118,1389,1507,0.14960548460872186
116,1388,1504,0.14960774020291295
117,1383,1500,0.1496147447486317
117,1378,1495,0.14961934491569923
115,1392,1507,0.14962260444129302
114,1400,1514,0.14962959914315133
115,1402,1517,0.14964010544266335
114,1401,1515,0.14964778365108647
116,1401,1517,0.1496577284198942
120,1391,1511,0.1496615364052366
121,1385,1506,0.14965235217264367
120,1387,1507,0.14964266853266514
122,1394,1516,0.14963394879216285
120,1388,1508,0.1496193069214341
123,1381,1504,0.1496107326094253
126,1381,1507,0.1495966015223936
123,1371,1494,0.14957610118722375
123,1381,1504,0.14956268409156107
120,1388,1508,0.14955109330642602
123,1394,1517,0.14954640173845235
121,1386,1507,0.1495341226794592
123,1382,1505,0.14952853587591616
126,1389,1515,0.14951950975705564
122,1389,1511,0.14950465316098588
118,1400,1518,0.14950108396589173
118,1399,1517,0.14950777161232792
120,1395,1515,0.14951482893213053
122,1384,1506,0.14951694470737859
122,1376,1498,0.149514381151432
121,1370,1491,0.14951144713322925
120,1384,1504,0.14951055812210443
123,1384,1507,0.14951140904476073
122,1393,1515,0.14950348537721922
118,1387,1505,0.14950021697018845
119,1393,1512,0.14950750038712715
122,1396,1518,0.1495123037158441
123,1399,1522,0.14950788546318283
120,1390,1510,0.1495011764543885
116,1394,1510,0.14950342848398793
115,1394,1509,0.14951586618433205
116,1402,1518,0.14953065359187773
115,1396,1511,0.14954174428771913
113,1417,1530,0.14955496341224211
117,1422,1539,0.14957118268772854
118,1407,1525,0.14957660181022217
113,1402,1515,0.14958033192021006
114,1385,1499,0.149595127932333
117,1393,1510,0.14960696223780715
118,1396,1514,0.14961033359863424
120,1396,1516,0.14961207260077022
120,1400,1520,0.14960853914357994
118,1400,1518,0.14960538600108117
119,1399,1518,0.1496070390995396
116,1403,1519,0.14960633471523552
112,1412,1524,0.14961402962330303
112,1409,1521,0.14963046432756158
108,1400,1508,0.14964657911523468
106,1412,1518,0.1496711485980493
101,1421,1522,0.1496993855247947
101,1403,1504,0.14973775826338617
99,1411,1510,0.14977436911407807
99,1418,1517,0.14981301483281767
102,1414,1516,0.14984826252235475
105,1395,1500,0.14987231231618672
103,1403,1506,0.1498874522597104
105,1407,1512,0.149906260655262
104,1402,1506,0.14992024578953514
107,1402,1509,0.14993538767879425
108,1408,1516,0.1499404602347373
109,1405,1514,0.14994366508359264
113,1391,1504,0.14994422141222338
114,1391,1505,0.14993453191467526
115,1392,1507,0.14992219342222615
115,1404,1519,0.14990858098897916
116,1422,1538,0.1498951460843795
117,1414,1531,0.1498816633093683
115,1406,1521,0.14986713154222844
113,1400,1513,0.14985925551283863
113,1396,1509,0.1498565204334343
114,1400,1514,0.14985435813500605
115,1413,1528,0.14985010224539175
111,1406,1517,0.14984330499330337
110,1411,1521,0.1498478772854911
112,1401,1513,0.14985449570681367
113,1408,1521,0.14985671763972008
115,1396,1511,0.14985615739137897
114,1403,1517,0.14985069234277212
114,1400,1514,0.14984788178145675
114,1401,1515,0.1498461783369468
114,1398,1512,0.14984464185408555
113,1404,1517,0.1498438045603835
116,1397,1513,0.1498460411284202
111,1413,1524,0.14984095641560713
112,1413,1525,0.14984681095076352
109,1418,1527,0.14984978089183304
111,1412,1523,0.14985984254573462
112,1419,1531,0.1498645254078316
111,1423,1534,0.14986649776217076
112,1415,1527,0.14987117841250858
115,1412,1527,0.14987300341196785
111,1411,1522,0.1498676500489494
108,1402,1510,0.1498724486203165
109,1381,1490,0.14988437199276605
110,1397,1507,0.14989316483904983
108,1411,1519,0.14989871191827533
108,1421,1529,0.14990727184216276
109,1421,1530,0.1499149211396272
108,1419,1527,0.14992074619349766
108,1430,1538,0.14992839017698312
107,1416,1523,0.14993534654608406
104,1408,1512,0.14994449316242403
104,1398,1502,0.14996036930106335
107,1402,1509,0.14997580896094434
104,1398,1502,0.14998271664321372
102,1405,1507,0.1499958520740252
102,1397,1499,0.15001325541789515
102,1398,1500,0.15003024697505524
102,1413,1515,0.15004573136372112
104,1425,1529,0.15006048126757776
104,1424,1528,0.15006842978539783
107,1412,1519,0.1500762025834457
105,1408,1513,0.15007646885841555
105,1402,1507,0.1500817315124781
102,1406,1508,0.15008709873789985
104,1421,1525,0.15009988403964886
101,1415,1516,0.15010754850972655
101,1416,1517,0.1501215384824247
97,1427,1524,0.1501351736710526
98,1435,1533,0.15015743059610634
101,1416,1517,0.15017565668710858
102,1422,1524,0.1501860817600431
102,1423,1525,0.1501929402338852
97,1428,1525,0.15019918559485418
94,1419,1513,0.1502170606549452
90,1423,1513,0.15024106375888632
89,1412,1501,0.1502727461149678
89,1417,1506,0.15030544187011866
90,1431,1521,0.15033622004480077
88,1429,1517,0.15036220504026704
86,1421,1507,0.15039172788482652
88,1423,1511,0.15042421980479515
89,1412,1501,0.1504496607569908
87,1423,1510,0.15047145487777353
85,1427,1512,0.15049705227505092
84,1421,1505,0.15052619552513888
83,1426,1509,0.15055467065567055
81,1440,1521,0.150584832697333
80,1442,1522,0.15061741176557486
82,1440,1522,0.15065055825737406
81,1437,1518,0.15067672106779142
73,1433,1506,0.1507036899936863
71,1428,1499,0.1507471648192419
76,1430,1506,0.15079270977019577
80,1421,1501,0.1508236627102663
83,1434,1517,0.15084358335024944
82,1431,1513,0.15085431061019905
82,1454,1536,0.15086720889738034
80,1447,1527,0.15087898990277737
79,1439,1518,0.1508948215542969
80,1443,1523,0.1509116558560203
81,1444,1525,0.1509251715500515
82,1441,1523,0.150934200403895
84,1429,1513,0.15094092473108758
82,1435,1517,0.15094239550882776
79,1425,1504,0.1509482288505684
77,1435,1512,0.15096096450477564
75,1437,1512,0.1509779115074675
77,1450,1527,0.15099910624756896
74,1432,1506,0.15101451599410337
74,1439,1513,0.15103614171736268
72,1435,1507,0.1510555176064817
69,1425,1494,0.15107764352829345
68,1440,1508,0.1511058916568002
73,1437,1510,0.15113473621436202
71,1439,1510,0.15114964133072642
70,1435,1505,0.15116854903673654
71,1433,1504,0.15118899732464908
76,1429,1505,0.15120487955191575
77,1434,1511,0.1512065458407866
79,1431,1510,0.15120602703196376
78,1441,1519,0.15120099240854912
75,1439,1514,0.15119898561073927
75,1436,1511,0.15120434390209314
71,1436,1507,0.1512087053974448
72,1428,1500,0.15122272936295353
69,1435,1504,0.15123341725600187
71,1438,1509,0.15125123668200652
72,1437,1509,0.1512632614007441
74,1430,1504,0.1512717890809539
75,1445,1520,0.15127563940514635
75,1436,1511,0.15127686084949932
73,1448,1521,0.15127842623938226
74,1438,1512,0.15128484311393267
72,1429,1501,0.15128824618506637
73,1439,1512,0.15129643874490667
73,1437,1510,0.15130174022093154
72,1456,1528,0.1513070901572194
70,1459,1529,0.15131397515313988
70,1456,1526,0.15132537489798012
71,1446,1517,0.15133651564531425
73,1450,1523,0.15134419008264935
74,1445,1519,0.1513458397564014
74,1440,1514,0.15134476081854845
75,1433,1508,0.1513442527477717
73,1431,1504,0.15134215049176078
72,1425,1497,0.1513451703664638
73,1439,1512,0.15135007522565405
76,1440,1516,0.15135280844220017
76,1440,1516,0.15134779316078845
76,1442,1518,0.15134094776161378
73,1438,1511,0.15133518258004666
76,1442,1518,0.15133697206472135
77,1435,1512,0.15133152078406173
78,1428,1506,0.1513240944859646
77,1442,1519,0.15131560865917668
78,1438,1516,0.1513105221111414
76,1432,1508,0.15130343264461987
77,1442,1519,0.1513018178794156
78,1439,1517,0.1512981582150853
77,1428,1505,0.15129224978783293
78,1433,1511,0.15128872940948848
76,1433,1509,0.15128321487305785
74,1442,1516,0.15128219715991503
77,1446,1523,0.15128629403069144
80,1445,1525,0.15128334165527818
79,1441,1520,0.1512731175064613
81,1438,1519,0.15126633255358846
78,1439,1517,0.15125458702743344
83,1443,1526,0.15125082739947515
82,1438,1520,0.15123362743745206
85,1437,1522,0.1512202272353073
83,1434,1517,0.15120122592579835
84,1426,1510,0.1511886785675453
82,1429,1511,0.15117417092720853
81,1438,1519,0.15116569070349317
82,1432,1514,0.15116039325851333
82,1430,1512,0.15115199650852662
80,1435,1515,0.15114492007487343
81,1448,1529,0.15114356530564677
80,1446,1526,0.15113868290303767
84,1439,1523,0.1511370873470664
86,1442,1528,0.1511249024024787
83,1446,1529,0.15110755701308784
83,1444,1527,0.15109953346358332
84,1440,1524,0.15109275929412852
85,1438,1523,0.15108472524486952
82,1440,1522,0.1510744436653774
79,1445,1524,0.15107224388000476
80,1441,1521,0.15107760497205572
80,1442,1522,0.15107917445188015
79,1453,1532,0.1510813774746563
80,1446,1526,0.15108595212737216
81,1455,1536,0.15108841083570432
82,1444,1526,0.15108877811805424
81,1431,1512,0.15108612186025383
79,1425,1504,0.15108637519534324
84,1427,1511,0.1510917571570311
87,1429,1516,0.1510844269634214
88,1426,1514,0.1510687689497864
87,1422,1509,0.15105124103300122
84,1435,1519,0.15103749710131312
87,1432,1519,0.15103267279729934
86,1437,1523,0.1510208414626045
85,1444,1529,0.15101219206381014
81,1434,1515,0.15100580134747038
83,1431,1514,0.15101005169688164
82,1432,1514,0.15100842240312404
79,1448,1527,0.15100962798303477
80,1446,1526,0.15101806281852903
79,1452,1531,0.15102365656551406
78,1459,1537,0.15103189218697383
77,1457,1534,0.15104161663397736
74,1453,1527,0.15105389609488928
75,1443,1518,0.15107261851612916
77,1438,1515,0.1510876449063607
76,1443,1519,0.15109751483235445
73,1450,1523,0.15110944515048996
71,1446,1517,0.15112788706029728
68,1443,1511,0.1511500342781288
67,1437,1504,0.15117733067362452
67,1443,1510,0.15120552047365174
67,1449,1516,0.15123186531901442
63,1438,1501,0.15125599430446576
64,1433,1497,0.1512877764913287
64,1444,1508,0.15131451337801086
66,1446,1512,0.1513396775185818
67,1445,1512,0.15135799239124825
67,1437,1504,0.15137284070615023
66,1442,1508,0.15138705627609625
66,1435,1501,0.15140242349450703
66,1437,1503,0.15141697968824436
65,1440,1505,0.15143108825430482
67,1444,1511,0.151446771844505
67,1455,1522,0.15145555288820856
65,1458,1523,0.15146414946312656
64,1458,1522,0.15147716967754785
63,1450,1513,0.15149149688431174
62,1460,1522,0.15150708130300777
59,1453,1512,0.15152410070501626
61,1450,1511,0.15154776915595636
61,1457,1518,0.1515647332121816
61,1460,1521,0.15158081484243305
64,1472,1536,0.15159626663885672
64,1460,1524,0.15160164016385758
63,1459,1522,0.15160707686391053
65,1447,1512,0.15161297503115584
63,1440,1503,0.1516142386972675
65,1453,1518,0.1516201299042772
62,1457,1519,0.15162097081765824
61,1450,1511,0.15162895617710728
64,1442,1506,0.1516392373069886
63,1450,1513,0.15164193942973025
61,1446,1507,0.15164652080930544
62,1447,1509,0.15165604439376118
64,1450,1514,0.15166206002154134
64,1446,1510,0.1516627102327533
62,1457,1519,0.15166300138336214
61,1462,1523,0.15166740497049716
60,1457,1517,0.15167438006308806
59,1457,1516,0.15168380633681708
62,1471,1533,0.15169417574981367
58,1466,1524,0.1516970591310498
61,1453,1514,0.15170892603563987
60,1464,1524,0.15171333090803163
60,1458,1518,0.15172031226468627
61,1454,1515,0.15172738907075536
61,1457,1518,0.15173191423949073
63,1447,1510,0.15173659402240905
64,1444,1508,0.15173592783557002
63,1450,1513,0.15173299404645926
62,1450,1512,0.15173204667467688
63,1446,1509,0.15173247841623
64,1453,1517,0.15173072204244004
63,1462,1525,0.15172657227927788
64,1445,1509,0.15172529372321975
67,1448,1515,0.15172149874133312
66,1450,1516,0.15171050534231603
67,1449,1516,0.15170327325793187
63,1454,1517,0.15169390248354508
64,1461,1525,0.15169477247642907
66,1463,1529,0.15169312937047888
62,1463,1525,0.1516868094335351
60,1462,1522,0.1516900954406984
63,1456,1519,0.15169837914245468
64,1461,1525,0.15169918841935867
63,1463,1526,0.15169696446428893
64,1462,1526,0.1516975951196693
65,1460,1525,0.15169628900659354
66,1456,1522,0.15169303660517688
65,1454,1519,0.15168730089120555
67,1456,1523,0.15168494816791528
66,1463,1529,0.15167714007418265
64,1458,1522,0.15167360034005595
64,1447,1511,0.15167534790172912
62,1444,1506,0.1516775595963137
62,1450,1512,0.15168476008902512
62,1459,1521,0.1516902131056037
60,1452,1512,0.15169545233775336
60,1452,1512,0.1517055305242928
58,1451,1509,0.15171538341693933
58,1449,1507,0.15172953300611966
59,1454,1513,0.15174303808965378
58,1461,1519,0.15175371728148335
56,1475,1531,0.15176648731897374
54,1472,1526,0.15178364295921967
55,1466,1521,0.15180439536677384
55,1477,1532,0.15182102255926286
56,1460,1516,0.15183639962156334
54,1450,1504,0.15184881588268798
55,1456,1511,0.15186459217473045
56,1452,1508,0.15187658024917966
56,1452,1508,0.151885517515175
56,1466,1522,0.15189427097053834
55,1470,1525,0.15190223891933663
57,1464,1521,0.15191265790265152
56,1466,1522,0.15191758361188104
57,1465,1522,0.1519242844801113
55,1472,1527,0.15192853488242197
56,1467,1523,0.15193676473316628
56,1466,1522,0.15194184042710498
55,1462,1517,0.15194705819247684
53,1445,1498,0.15195365427306445
55,1445,1500,0.15196481890152636
55,1464,1519,0.15197049777520574
57,1465,1522,0.1519754920292889
55,1471,1526,0.15197576441137708
53,1464,1517,0.15198134773393945
52,1454,1506,0.15199163083048264
55,1456,1511,0.15200388888033628
56,1471,1527,0.15200719447301406
56,1466,1522,0.15200729460214701
56,1458,1514,0.15200790321494145
55,1452,1507,0.15200810523961383
53,1453,1506,0.15201091881632983
52,1458,1510,0.15201867431518346
52,1464,1516,0.15202845882664204
51,1453,1504,0.15203798839289687
52,1454,1506,0.15204866199059908
52,1465,1517,0.15205659053452497
51,1457,1508,0.15206366249191952
54,1464,1518,0.1520725490575172
55,1464,1519,0.15207414829180593
55,1467,1522,0.15207332131087684
54,1470,1524,0.1520725398032267
52,1457,1509,0.15207439833570163
53,1443,1496,0.15208098968481493
55,1447,1502,0.15208519114885757
54,1449,1503,0.15208326188527846
52,1443,1495,0.15208465367771293
52,1452,1504,0.15209094605610318
55,1469,1524,0.15209717426516733
55,1460,1515,0.15209445499729696
57,1457,1514,0.1520920125719991
56,1465,1521,0.1520843660526162
57,1471,1528,0.1520790185260855
57,1459,1516,0.15207168764270565
55,1464,1519,0.15206538078532497
54,1461,1515,0.1520644635923119
53,1463,1516,0.15206622260760583
54,1456,1510,0.15207057143763061
58,1453,1511,0.15207178965765591
57,1461,1518,0.1520626196940538
53,1467,1520,0.1520575130816257
53,1465,1518,0.15206195780909565
52,1469,1521,0.15206627488934837
53,1476,1529,0.15207311031999424
54,1476,1530,0.15207752853067902
54,1466,1520,0.15207938837142046
51,1481,1532,0.15208144153580516
51,1465,1516,0.1520903956390306
53,1474,1527,0.15209814586471215
55,1473,1528,0.15210037351024372
56,1469,1525,0.15209749208516232
56,1467,1523,0.15209213078810144
58,1468,1526,0.15208750614523392
56,1465,1521,0.15207724176847287
58,1468,1526,0.15207282296257071
58,1467,1525,0.15206354887604534
57,1464,1521,0.15205535058979866
55,1468,1523,0.1520496760004458
56,1453,1509,0.15204914373622885
57,1466,1523,0.15204681643125786
57,1464,1521,0.15204280822419738
56,1466,1522,0.15203870201779357
54,1473,1527,0.15203758661117
53,1475,1528,0.1520413241093951
55,1470,1525,0.15204752871640906
55,1467,1522,0.15204894295865817
55,1448,1503,0.1520496611673246
56,1442,1498,0.15204901986509373
58,1465,1523,0.15204636935873428
59,1455,1514,0.15203942058086203
61,1454,1515,0.15203032779326756
59,1461,1520,0.1520170062083827
60,1459,1519,0.1520095306429517
60,1460,1520,0.1519981795459349
59,1466,1525,0.1519884591904807
59,1459,1518,0.15198191216813867
59,1461,1520,0.15197652481196106
58,1451,1509,0.15197088871748773
61,1464,1525,0.15196878075407613
61,1465,1526,0.15195834663583876
61,1465,1526,0.15194845026955903
57,1459,1516,0.1519396076036155
54,1468,1522,0.15194131514884998
55,1450,1505,0.1519501653797494
54,1453,1507,0.15195646197552246
53,1470,1523,0.1519651341714199
55,1467,1522,0.151975618189309
56,1459,1515,0.15198105554250096
57,1473,1530,0.1519839455299595
58,1470,1528,0.15198390534974762
58,1463,1521,0.15198171534970029
59,1463,1522,0.1519793822536223
58,1459,1517,0.15197404579643567
57,1461,1518,0.15197167632660644
57,1455,1512,0.15197212908476845
56,1463,1519,0.15197294046471702
54,1460,1514,0.1519758714644755
53,1455,1508,0.15198365727171353
53,1450,1503,0.1519935376538849
52,1463,1515,0.15200178521212698
54,1462,1516,0.15201219251354833
51,1473,1524,0.15201710866433016
52,1469,1521,0.1520289090231405
55,1460,1515,0.15203748120293617
54,1454,1508,0.15203868178431695
52,1467,1519,0.15204244648008555
52,1466,1518,0.1520508904828513
51,1476,1527,0.15205903206260582
52,1467,1519,0.15206906762673722
51,1468,1519,0.1520755976021781
54,1468,1522,0.1520843531134422
53,1437,1490,0.1520845094326319
51,1440,1491,0.15208705093621497
52,1450,1502,0.1520945233958797
51,1455,1506,0.15209921124933312
53,1457,1510,0.15210610186188725
52,1456,1508,0.15210685974705032
49,1462,1511,0.15211040431036854
52,1469,1521,0.1521208900417381
52,1458,1510,0.1521228438646909
53,1458,1511,0.15212486865942015
54,1470,1524,0.15212386129720198
55,1455,1510,0.15212005031184886
56,1451,1507,0.15211394153271585
55,1440,1495,0.15210591312113497
54,1459,1513,0.1521017018257038
52,1454,1506,0.15210009587911774
52,1464,1516,0.15210198447413562
52,1463,1515,0.15210428648679716
52,1469,1521,0.15210631547306847
51,1460,1511,0.15210928753460945
49,1470,1519,0.15211499358154193
50,1470,1520,0.1521248806547267
50,1478,1528,0.1521318626827793
51,1476,1527,0.1521387692617984
51,1474,1525,0.15214191112187725
51,1471,1522,0.15214532817150736
49,1470,1519,0.1521489459513516
48,1481,1529,0.1521571436430422
48,1470,1518,0.15216751875985315
48,1481,1529,0.1521773867650479
49,1471,1520,0.15218689309359124
50,1469,1519,0.1521933732575096
50,1477,1527,0.15219724649698693
48,1477,1525,0.15220034714120578
48,1469,1517,0.15220825481347697
46,1471,1517,0.1522159650177276
45,1469,1514,0.15222817753149698
42,1460,1502,0.1522422812227574
41,1451,1492,0.1522623401817942
41,1459,1500,0.15228368727243546
44,1466,1510,0.15230219947110119
42,1467,1509,0.15231126737983897
42,1455,1497,0.15232483478523376
42,1459,1501,0.15233754627118018
41,1455,1496,0.1523483699323453
45,1462,1507,0.1523611978432626
46,1457,1503,0.15236416294300326
44,1468,1512,0.15236447162584635
43,1489,1532,0.1523701611067151
41,1491,1532,0.15237814492330087
41,1490,1531,0.15239054575275712
41,1476,1517,0.15240237919279603
41,1479,1520,0.1524137873531136
40,1468,1508,0.1524231336682191
40,1459,1499,0.15243455157902586
39,1472,1511,0.15244469315685716
39,1489,1528,0.15245679964516706
39,1480,1519,0.15246826176326286
38,1457,1495,0.15247849809616265
40,1470,1510,0.15249150403476025
42,1465,1507,0.15249778240523135
42,1458,1500,0.15249908171845283
43,1465,1508,0.15250072529334394
43,1471,1514,0.15250009023059452
41,1475,1516,0.152499863146028
40,1474,1514,0.1525047298267964
42,1484,1526,0.1525117490350561
43,1483,1526,0.15251303747201966
41,1487,1528,0.15251177264486934
40,1474,1514,0.15251523276465823
42,1488,1530,0.15252110498308313
42,1473,1515,0.15252190166156815
41,1481,1522,0.15252223033449933
42,1480,1522,0.15252526717220444
44,1468,1512,0.15252482457703548
43,1479,1522,0.1525185417179369
42,1474,1516,0.152514579414896
44,1468,1512,0.1525140614320564
44,1464,1508,0.15250826368643178
45,1456,1501,0.15250334047848785
44,1467,1511,0.1524961837609564
43,1461,1504,0.15249149215762814
42,1464,1506,0.1524894859662288
44,1470,1514,0.1524904296920065
43,1481,1524,0.15248682082455411
42,1480,1522,0.15248629431142796
43,1486,1529,0.1524885797306147
43,1473,1516,0.15248796667871578
41,1471,1512,0.15248777991361723
41,1476,1517,0.15249243322252826
40,1474,1514,0.15249710265181624
40,1482,1522,0.1525038878799854
41,1480,1521,0.15251049536444122
42,1474,1516,0.1525138298058748
42,1478,1520,0.15251438118569985
40,1479,1519,0.1525152044817011
39,1471,1510,0.15252082863660585
38,1483,1521,0.1525285984370858
37,1488,1525,0.15253848583819266
40,1483,1523,0.15255028442519353
40,1490,1530,0.15255347388696797
38,1476,1514,0.1525565439779987
40,1483,1523,0.15256386608339548
40,1470,1510,0.15256559362422994
39,1473,1512,0.1525665750741555
38,1478,1516,0.1525700566083815
39,1482,1521,0.15257640484427573
39,1476,1515,0.15257969817635228
41,1478,1519,0.15258309452331822
39,1477,1516,0.15258059284487158
36,1472,1508,0.15258336910733422
37,1478,1515,0.15259300780187718
37,1481,1518,0.15259923555264016
37,1483,1520,0.1526054208007223
36,1486,1522,0.15261191378287597
36,1484,1520,0.1526204289204098
34,1494,1528,0.15262861636141878
35,1492,1527,0.15264136266389586
37,1492,1529,0.15265025312436722
35,1491,1526,0.1526527267797143
34,1489,1523,0.15265997341918147
34,1479,1513,0.1526699805383869
32,1465,1497,0.15267945211588618
35,1469,1504,0.15269297572823415
35,1478,1513,0.15269687903822468
33,1493,1526,0.15270013448527386
32,1487,1519,0.1527082204233863
31,1499,1530,0.15271836260815308
30,1511,1541,0.1527309532817261
30,1500,1530,0.1527454122558137
31,1493,1524,0.15275921627011718
30,1487,1517,0.15276986969415535
29,1490,1519,0.1527823368193825
29,1483,1512,0.15279643579489094
31,1480,1511,0.15280981368182925
32,1489,1521,0.15281769841432874
30,1496,1526,0.152821437867668
29,1487,1516,0.1528302352443798
29,1487,1516,0.1528411239790374
31,1489,1520,0.1528515536346364
30,1492,1522,0.1528554626726
29,1497,1526,0.15286165933970253
30,1503,1533,0.15287020282165512
30,1498,1528,0.15287538375134432
28,1487,1515,0.15287976806044484
29,1492,1521,0.15288891783190997
30,1483,1513,0.1528947352274333
31,1471,1502,0.15289806869647066
30,1471,1501,0.15289861982676123
30,1466,1496,0.15290176189431406
30,1463,1493,0.15290508518238055
30,1466,1496,0.1529078511489846
30,1468,1498,0.15291016856013895
32,1475,1507,0.15291203850144888
34,1481,1515,0.15290796873078075
34,1460,1494,0.1528977443800607
38,1464,1502,0.15288820895983718
38,1481,1519,0.1528685327193994
37,1479,1516,0.15285108417880805
36,1473,1509,0.15283783517326466
37,1483,1520,0.1528276795332541
39,1487,1526,0.15281665650408666
38,1491,1529,0.1528008434948309
38,1477,1515,0.15278942188870506
39,1479,1518,0.15277938342129715
38,1465,1503,0.1527678655521947
36,1473,1509,0.15276013665755075
36,1474,1510,0.15275796106588296
36,1474,1510,0.1527563717548589
36,1464,1500,0.15275527820083534
34,1462,1496,0.15275446161565762
36,1466,1502,0.15275872308818808
36,1475,1511,0.15275712609849076
38,1476,1514,0.15275381694561876
37,1486,1523,0.1527463232150474
35,1482,1517,0.15274218278920956
35,1475,1510,0.15274348686844896
36,1467,1503,0.15274513503151252
37,1474,1511,0.15274402557664182
37,1479,1516,0.1527408932001845
36,1474,1510,0.1527376362930166
35,1478,1513,0.15273716524282854
36,1473,1509,0.15273859014402724
36,1485,1521,0.15273711602179782
37,1484,1521,0.15273529977573555
35,1464,1499,0.152731749091515
37,1467,1504,0.15273426645763538
38,1470,1508,0.15273133828405858
38,1469,1507,0.1527246226558387
38,1462,1500,0.1527189705940647
39,1476,1515,0.1527133515515686
38,1476,1514,0.15270601621373778
36,1464,1500,0.15270116354261204
38,1472,1510,0.15270210874889112
39,1460,1499,0.1526982723397815
40,1469,1509,0.1526926649820884
41,1468,1509,0.15268557635191513
43,1466,1509,0.1526761724557185
42,1470,1512,0.1526618680701464
42,1481,1523,0.1526513297177312
43,1472,1515,0.15264120014941956
43,1473,1516,0.15262961567474634
42,1474,1516,0.15261925860744452
43,1466,1509,0.15261236726540958
43,1471,1514,0.15260332193943826
43,1482,1525,0.15259495561999725
44,1463,1507,0.1525875300122239
45,1467,1512,0.15257825827765537
45,1480,1525,0.1525668014120135
47,1484,1531,0.15255647743199646
46,1481,1527,0.1525411696624059
43,1490,1533,0.1525298445619155
43,1489,1532,0.152526544601528
42,1485,1527,0.15252309474318607
41,1481,1522,0.15252318039584714
40,1491,1531,0.15252595243388634
38,1482,1520,0.15253146072079413
38,1487,1525,0.1525412292159184
37,1485,1522,0.15255062554426227
38,1489,1527,0.15256185653238716
40,1471,1511,0.15256942998586465
39,1478,1517,0.15257129292044874
38,1480,1518,0.15257563487808834
38,1480,1518,0.1525822499427458
37,1467,1504,0.15258870734885785
37,1474,1511,0.15259726669515317
36,1484,1520,0.1526053681778634
37,1484,1521,0.15261507708864563
36,1493,1529,0.15262089263350237
34,1487,1521,0.1526281030045962
35,1489,1524,0.15263967580547547
31,1478,1509,0.1526479968595693
33,1489,1522,0.15266570405140759
32,1487,1519,0.15267768104297266
33,1484,1517,0.15269141529913127
33,1481,1514,0.15270191397774976
33,1492,1525,0.1527120402329859
34,1489,1523,0.15272132172045058
33,1507,1540,0.1527274174579832
35,1472,1507,0.15273588133673777
35,1480,1515,0.15273750358988628
36,1487,1523,0.15273949071881038
38,1468,1506,0.15273902558697616
40,1472,1512,0.15273269244915436
40,1484,1524,0.15272132326788165
40,1482,1522,0.15271133939808723
40,1482,1522,0.15270216470772377
39,1476,1515,0.1526937419358894
38,1482,1520,0.15268877869970435
39,1480,1519,0.15268602597236505
40,1474,1514,0.15268164649574778
38,1478,1516,0.15267488958582276
38,1479,1517,0.15267357444321858
37,1493,1530,0.15267208097908602
38,1489,1527,0.1526736099431145
36,1490,1526,0.15267317284373885
37,1482,1519,0.15267764357954497
38,1482,1520,0.15267990142464405
40,1472,1512,0.15267912829705785
41,1474,1515,0.15267318705403846
40,1454,1494,0.15266487479263502
37,1469,1506,0.15266049588291533
33,1480,1513,0.152663796957302
35,1468,1503,0.15267660680891074
35,1471,1506,0.1526825017988149
35,1481,1516,0.1526873356370598
36,1472,1508,0.15269232525919885
38,1478,1516,0.1526941561104147
37,1477,1514,0.15269120528684663
37,1491,1528,0.15269169782791692
38,1488,1526,0.15269253346941347
36,1488,1524,0.15269079332568175
33,1488,1521,0.15269389173477943
36,1483,1519,0.15270380083689283
35,1483,1518,0.15270646538510868
33,1488,1521,0.15271148722266165
33,1471,1504,0.15272150235955217
31,1476,1507,0.1527310970614344
32,1497,1529,0.15274490943929725
36,1493,1529,0.152754920207229
35,1498,1533,0.15275397483485664
35,1500,1535,0.1527556386558388
36,1483,1519,0.15275752344284568
36,1490,1526,0.15275653126523514
36,1503,1539,0.15275522355151921
36,1501,1537,0.15275417552901108
35,1496,1531,0.15275354814463146
38,1490,1528,0.15275572552042657
37,1492,1529,0.15275014946285886
40,1501,1541,0.1527468434432531
38,1496,1534,0.15273678035774574
39,1488,1527,0.15273232573492582
39,1495,1534,0.15272566809437071
39,1488,1527,0.15271943714553704
37,1481,1518,0.15271401128919063
40,1487,1527,0.15271383497703053
39,1486,1525,0.15270678557973316
36,1480,1516,0.15270292104116678
34,1490,1524,0.15270656755347564
33,1486,1519,0.15271504561642182
33,1474,1507,0.1527254246053595
34,1484,1518,0.1527352057484192
35,1493,1528,0.152742030039341
35,1488,1523,0.15274562542471962
35,1484,1519,0.15274923821602815
32,1481,1513,0.15275283751471186
33,1480,1513,0.152762723204853
34,1491,1525,0.15276898105111175
33,1487,1520,0.15277195413666125
32,1492,1524,0.1527775134412262
31,1485,1516,0.15278557638085696
31,1492,1523,0.15279567828875779
31,1501,1532,0.15280535740370743
30,1492,1522,0.1528146108761057
32,1488,1520,0.15282577660582222
31,1491,1522,0.1528307917694852
31,1496,1527,0.15283792520533168
31,1511,1542,0.15284485066408401
30,1505,1535,0.1528515506705518
29,1491,1520,0.15286015207717035
29,1510,1539,0.1528709338275323
30,1499,1529,0.15288116860816175
29,1483,1512,0.15288854067002974
26,1474,1500,0.15289822923286775
25,1469,1494,0.15291401780133346
26,1477,1503,0.15293127069692822
27,1487,1514,0.1529451555584645
28,1497,1525,0.15295524901508814
27,1497,1524,0.15296235917565548
25,1501,1526,0.15297145553888603
26,1494,1520,0.1529847481303043
25,1489,1514,0.15299499946438688
25,1489,1514,0.1530066808415696
25,1488,1513,0.15301777349280626
25,1490,1515,0.15302829682562344
25,1496,1521,0.1530382711082416
26,1492,1518,0.15304689678576133
26,1487,1513,0.15305199129755057
27,1483,1510,0.1530568777396274
27,1485,1512,0.15305848233019495
28,1477,1505,0.15306029533439125
29,1482,1511,0.15305879508960632
29,1485,1514,0.1530544788546653
29,1484,1513,0.15305094182472775
29,1490,1519,0.15304807861304795
27,1479,1506,0.15304579687015407
27,1485,1512,0.15304848641725952
26,1491,1517,0.15305124073529608
24,1494,1518,0.15305634176409716
24,1500,1524,0.15306570997820604
25,1501,1526,0.15307477920689982
26,1494,1520,0.15308120483650167
26,1499,1525,0.15308493513872887
24,1511,1535,0.15308867908484422
23,1506,1529,0.1530968419403813
24,1513,1537,0.15310710463043548
24,1506,1530,0.15311440099176113
24,1506,1530,0.1531213158228958
24,1490,1514,0.15312708879229406
23,1502,1525,0.15313273899468494
23,1514,1537,0.1531405164698357
22,1506,1528,0.15314799680505561
21,1514,1535,0.15315742776593738
22,1510,1532,0.15316880801312238
23,1504,1527,0.15317723026113853
23,1491,1514,0.15318205647729038
23,1484,1507,0.15318643127808815
24,1490,1514,0.1531907492241743
24,1487,1511,0.1531920286008629
24,1490,1514,0.15319278283379967
23,1488,1511,0.15319379821379836
23,1487,1510,0.15319671255404116
22,1489,1511,0.1531987706378447
21,1495,1516,0.15320375930819666
22,1492,1514,0.1532109306118973
26,1493,1519,0.15321565492812478
25,1481,1506,0.15320839707463796
25,1491,1516,0.15320378113921618
25,1487,1512,0.15319997756577317
26,1484,1510,0.15319590999786192
26,1486,1512,0.15319034793070543
26,1491,1517,0.1531855838683888
25,1493,1518,0.15318177479798287
25,1489,1514,0.15317954884473864
25,1495,1520,0.15317790565104134
24,1495,1519,0.15317664329023922
26,1501,1527,0.15317829662473476
27,1497,1524,0.1531747700499503
29,1501,1530,0.15316922870231117
29,1491,1520,0.15315905404509667
30,1492,1522,0.15314991918134896
29,1500,1529,0.15313860593939566
29,1500,1529,0.1531306385222747
32,1494,1526,0.15312338933829928
31,1499,1530,0.15310866243901333
31,1503,1534,0.15309830956213155
31,1501,1532,0.15308896190583646
30,1504,1534,0.15308008425943542
31,1492,1523,0.15307462231666308
31,1487,1518,0.15306685336236783
29,1499,1528,0.15305993190912862
30,1490,1520,0.15305822846572595
31,1481,1512,0.15305460820751787
31,1480,1511,0.15304848778810176
30,1488,1518,0.1530430749843192
31,1487,1518,0.15304049225104685
31,1480,1511,0.15303581959178164
31,1477,1508,0.15303169765935143
30,1486,1516,0.1530280634431773
30,1479,1509,0.15302730021074362
30,1474,1504,0.1530267697675257
31,1479,1510,0.15302607269858645
31,1479,1510,0.1530233912633724
30,1485,1515,0.15302105169371907
29,1484,1513,0.15302114621481927
29,1492,1521,0.15302367962301633
31,1481,1512,0.15302617198379276
31,1465,1496,0.15302317706418833
30,1472,1502,0.15302056321377722
29,1483,1512,0.15302046981193043
29,1497,1526,0.1530227691537952
27,1506,1533,0.15302505479905623
26,1510,1536,0.15303197653614875
27,1507,1534,0.1530408763955834
27,1486,1513,0.1530462655384404
26,1483,1509,0.15305148978886515
26,1465,1491,0.15305866642407087
25,1483,1508,0.15306552708402865
25,1482,1507,0.15307463867679938
26,1488,1514,0.15308360541426003
26,1501,1527,0.15308937800199093
29,1491,1520,0.15309487992555956
29,1499,1528,0.15309141169001378
27,1480,1507,0.1530884417728359
26,1482,1508,0.15309083643885424
27,1479,1506,0.1530955033798839
26,1480,1506,0.15309731606875435
27,1487,1514,0.15310133579567908
27,1484,1511,0.15310307030824474
28,1496,1524,0.15310484536875932
28,1494,1522,0.1531036405342818
28,1494,1522,0.15310269743244956
28,1488,1516,0.15310197618422453
28,1489,1517,0.1531014423321161
27,1501,1528,0.15310106613789956
28,1500,1528,0.15310304595899696
28,1500,1528,0.15310270443296775
28,1502,1530,0.15310247392827106
26,1513,1539,0.15310233618760513
26,1496,1522,0.15310698700253042
26,1496,1522,0.15311138926765325
25,1478,1503,0.1531155518338165
27,1474,1501,0.15312179108756513
26,1481,1507,0.15312135501230442
25,1488,1513,0.15312425088059814
26,1489,1515,0.15312891260389738
25,1489,1514,0.1531311504296569
25,1489,1514,0.15313577060997263
25,1497,1522,0.1531396790904278
25,1494,1519,0.15314349299553656
25,1490,1515,0.15314719860704581
26,1492,1518,0.15315078554409642
25,1495,1520,0.153151631852241
26,1489,1515,0.15315486938674963
28,1484,1512,0.15315497344916235
28,1486,1514,0.1531502065640892
27,1489,1516,0.15314597641359812
25,1479,1504,0.15314438920938966
25,1479,1504,0.15314783353546763
26,1488,1514,0.15315122510738502
25,1481,1506,0.15315219812468026
25,1480,1505,0.15315540999628816
26,1498,1524,0.15315841079242148
25,1508,1533,0.15315889855721898
25,1495,1520,0.1531619700714195
25,1499,1524,0.1531649656341479
25,1492,1517,0.1531678757670727
25,1497,1522,0.15317069329230695
25,1503,1528,0.15317341298551962
25,1484,1509,0.15317603127480417
25,1486,1511,0.15317854597958808
25,1483,1508,0.15318095608456475
25,1481,1506,0.15318326154424156
25,1476,1501,0.15318546311423734
24,1480,1504,0.15318756220593552
23,1492,1515,0.153191924715469
24,1488,1512,0.15319817872252645
22,1489,1511,0.15320117220177418
22,1492,1514,0.15320847448553157
20,1501,1521,0.15321540676085366
20,1492,1512,0.15322633479632336
19,1497,1516,0.15323664657160782
18,1498,1516,0.15324832537632072
17,1496,1513,0.15326166583976256
19,1505,1524,0.15327644066288415
20,1508,1528,0.15328543200909647
21,1515,1536,0.15329147048132213
21,1509,1530,0.15329489225273174
18,1519,1537,0.15329822739995377
18,1516,1534,0.1533085704125516
19,1508,1527,0.15331838416079502
18,1504,1522,0.15332497486540228
19,1491,1510,0.15333358193686838
18,1487,1505,0.15333944498987304
21,1479,1500,0.15334726358988948
19,1495,1514,0.15334649411352116
19,1503,1522,0.15335033816579632
19,1491,1510,0.15335418603711504
20,1482,1502,0.15335800737899524
19,1495,1514,0.15335943501700533
20,1481,1501,0.1533631634473004
21,1487,1508,0.1533643850913801
22,1494,1516,0.15336337526195132
22,1505,1527,0.15335963006472977
22,1503,1525,0.15335636140741704
23,1505,1528,0.15335351400602323
22,1496,1518,0.15334802174057732
23,1493,1516,0.1533454152030413
23,1488,1511,0.1533408636854253
23,1504,1527,0.15333681676511166
22,1507,1529,0.15333321994710228
23,1499,1522,0.15333217597411367
23,1508,1531,0.15332913739191356
22,1510,1532,0.15332643691492898
22,1501,1523,0.15332645952018653
22,1498,1520,0.15332647827915324
22,1503,1525,0.1533266150173916
21,1502,1523,0.1533268494359693
22,1503,1525,0.15332936493036972
21,1489,1510,0.15332953907118785
22,1485,1507,0.15333220335114803
21,1489,1510,0.1533322828162402
21,1482,1503,0.15333474405104136
20,1504,1524,0.15333711536323966
22,1497,1519,0.15334154948492726
23,1489,1512,0.15334003867673623
23,1489,1512,0.15333659286656107
22,1496,1518,0.1533335200561481
23,1488,1511,0.1533329095433181
21,1494,1515,0.15333026488465676
19,1493,1512,0.1533327761162371
20,1487,1507,0.1533395897533834
20,1497,1517,0.15334378398231668
19,1496,1515,0.15334776579574194
21,1490,1511,0.15335380644692248
20,1489,1509,0.15335462558114102
21,1485,1506,0.1533576249874583
21,1487,1508,0.15335830728174749
21,1492,1513,0.15335902233899254
21,1486,1507,0.153359759152247
21,1481,1502,0.15336050845807525
21,1497,1518,0.1533612625033075
20,1501,1521,0.1533620148410674
20,1492,1512,0.15336489385882446
20,1498,1518,0.15336763028590347
19,1490,1509,0.15337022709355164
17,1501,1518,0.15337495310798313
18,1505,1523,0.15338370870629528
19,1474,1493,0.1533897279628415
19,1498,1517,0.15339310936430095
20,1506,1526,0.15339606817886917
20,1497,1517,0.15339657546318292
21,1497,1518,0.1533971190061369
20,1498,1518,0.15339455535327193
20,1497,1517,0.15339444293867446
17,1498,1515,0.15339447197246897
18,1496,1514,0.15340132043779778
19,1510,1529,0.15340544586595217
20,1497,1517,0.1534071969773002
18,1490,1508,0.153405702937975
17,1502,1519,0.15340877936755823
17,1500,1517,0.1534141135534474
18,1485,1503,0.15341926743848117
18,1502,1520,0.15342238763604268
18,1489,1507,0.15342540144642886
18,1485,1503,0.15342818361007815
19,1489,1508,0.15343089403182464
19,1502,1521,0.1534307834918328
19,1509,1528,0.1534308173294493
18,1495,1513,0.15343097026767916
20,1493,1513,0.15343360702617953
20,1512,1532,0.15343031191687231
20,1515,1535,0.15342743654625488
19,1504,1523,0.15342492943800462
19,1503,1522,0.1534249742796694
19,1494,1513,0.15342516628554428
19,1495,1514,0.15342547776766083
18,1494,1512,0.15342530538086843
17,1496,1513,0.1534274999863594
16,1503,1519,0.15343182289710577
16,1498,1514,0.15343819176096268
16,1499,1515,0.15344439897885162
16,1497,1513,0.15345030138504814
18,1504,1522,0.15345590430238099
17,1507,1524,0.1534557933184269
16,1515,1531,0.15345798717224426
17,1504,1521,0.1534623552112153
18,1510,1528,0.15346402589080976
19,1515,1534,0.15346342896085982
18,1526,1544,0.15345985517591396
18,1513,1531,0.15345888244972516
18,1496,1514,0.15345817794167252
18,1507,1525,0.15345769822810862
18,1508,1526,0.15345740593301183
16,1500,1516,0.153457268938414
16,1509,1525,0.15346174504043383
16,1503,1519,0.153466053200915
16,1509,1525,0.1534701880933264
16,1506,1522,0.15347414680306792
15,1491,1506,0.15347792841236652
15,1506,1521,0.15348373511890664
15,1504,1519,0.15348923809155143
15,1505,1520,0.1534944480665637
15,1500,1515,0.15349937617174583
15,1503,1518,0.15350403376923716
15,1494,1509,0.15350843232454356
16,1506,1522,0.15351258329813344
17,1511,1528,0.15351368288187078
17,1510,1527,0.15351189393536205
17,1508,1525,0.15351037795895137
17,1515,1532,0.1535090998502976
17,1515,1532,0.15350802873811464
15,1508,1523,0.15350713748506922
15,1505,1520,0.1535109026545832
16,1505,1521,0.15351452609094554
17,1489,1506,0.15351495431273154
18,1489,1507,0.15351242814493138
18,1489,1507,0.153508002434599
18,1495,1513,0.15350367487686614
18,1505,1523,0.15349891826773474
19,1504,1523,0.1534947705471236
18,1504,1522,0.1534887138837549
18,1497,1515,0.15348568050267328
16,1490,1506,0.15348280923338356
16,1495,1511,0.15348495653642127
18,1500,1518,0.15348714297172236
15,1504,1519,0.15348447783002356
15,1491,1506,0.15348922759509517
18,1498,1516,0.1534938164091854
17,1494,1511,0.15349071881730506
18,1496,1514,0.15349021288476183
16,1489,1505,0.1534868491996793
17,1498,1515,0.15348837520619413
16,1486,1502,0.1534869549014925
15,1486,1501,0.1534880833937549
17,1488,1505,0.15349173466540988
17,1489,1506,0.1534906491197645
14,1490,1504,0.15348984215333591
15,1481,1496,0.15349643318570133
14,1480,1494,0.15349999323524754
14,1481,1495,0.15350575765466218
14,1488,1502,0.15351081787154613
16,1499,1515,0.15351573329779472
17,1484,1501,0.15351505343254634
17,1500,1517,0.15351194498436668
17,1503,1520,0.1535092939842853
15,1500,1515,0.15350703994733875
16,1498,1514,0.15350978054062622
17,1490,1507,0.1535102170880362
17,1489,1506,0.1535080296312047
17,1487,1504,0.15350641397054962
16,1483,1499,0.15350504745721008
15,1476,1491,0.1535062361090838
16,1489,1505,0.1535090919841336
16,1489,1505,0.15350964933217512
15,1496,1511,0.15351031558296332
15,1504,1519,0.15351341235698324
15,1513,1528,0.15351642248755154
15,1504,1519,0.15351933783048663
14,1494,1508,0.15352215239211595
13,1506,1519,0.15352718408309965
13,1490,1503,0.15353431738675805
13,1490,1503,0.15354088663353546
12,1491,1503,0.15354710143865855
12,1503,1515,0.1535553197088167
12,1511,1523,0.15356306713104265
11,1515,1526,0.1535703652289076
10,1505,1515,0.15357961675855705
10,1518,1528,0.15359056878331445
10,1530,1540,0.15360085795360187
10,1519,1529,0.1536105194669324
11,1518,1529,0.153619587382282
11,1503,1514,0.1536253783724124
11,1490,1501,0.15363086702848416
11,1493,1504,0.15363606360394005
11,1499,1510,0.15364097885780212
11,1512,1523,0.15364548451890042
10,1505,1515,0.15364975846069354
10,1516,1526,0.15365614455293325
10,1510,1520,0.1536621736116391
12,1503,1515,0.15366786171788616
12,1502,1514,0.15366768736565323
13,1505,1518,0.15366764550918421
12,1503,1515,0.15366459760006287
11,1497,1508,0.1536642599233628
11,1504,1515,0.1536665727168514
11,1500,1511,0.1536685899433979
14,1502,1516,0.15367061715138328
14,1491,1505,0.1536640223771407
14,1498,1512,0.15365814050781723
13,1514,1527,0.15365289108344352
13,1513,1526,0.15365065030452554
13,1511,1524,0.1536487489235915
14,1508,1522,0.1536471418273546
14,1506,1520,0.1536426389216899
14,1486,1500,0.15363864614563244
15,1487,1502,0.15363510489313906
15,1490,1505,0.15362880925334965
15,1496,1511,0.1536231625097927
16,1502,1518,0.15361809446064198
16,1501,1517,0.1536102941529386
17,1503,1520,0.15360325886648157
17,1505,1522,0.15359385067703268
16,1489,1505,0.15358534252521824
16,1499,1515,0.15357918558629677
16,1508,1524,0.15357373728436363
15,1505,1520,0.1535689140940696
13,1492,1505,0.1535668959429845
15,1497,1512,0.1535701054177045
14,1497,1511,0.1535675701584655
14,1495,1509,0.1535677852121327
14,1494,1508,0.15356789546941174
14,1497,1511,0.15356752205082252
15,1496,1511,0.15356748698492326
15,1484,1499,0.15356514742083982
15,1479,1494,0.15356256529816942
15,1471,1486,0.15356048319415666
15,1485,1500,0.15355882664262094
15,1488,1503,0.15355753136437048
13,1498,1511,0.1535565419200483
14,1499,1513,0.15356044275699168
14,1514,1528,0.15356201036474906
12,1507,1519,0.15356363241455454
14,1515,1529,0.15357004750068654
15,1512,1527,0.15357028942933124
14,1510,1524,0.15356829860321392
14,1486,1500,0.1535690169780429
14,1490,1504,0.15356991074652127
15,1482,1497,0.15357028388344607
13,1501,1514,0.1535683591756173
13,1495,1508,0.15357151250517778
11,1508,1519,0.1535740653334631
11,1507,1518,0.15358125050528254
11,1496,1507,0.15358819484380884
11,1500,1511,0.15359506032944945
11,1505,1516,0.15360162049572146
10,1509,1519,0.153607892603138
10,1494,1504,0.15361627671590555
10,1501,1511,0.15362421204035892
11,1499,1510,0.15363171528933478
11,1494,1505,0.1536361658287127
11,1494,1505,0.1536404320082795
11,1507,1518,0.15364451393177736
10,1501,1511,0.153648413052497
10,1511,1521,0.15365431133927576
10,1505,1515,0.1536598999384158
11,1506,1517,0.15366518981531305
11,1493,1504,0.15366698460803815
11,1497,1508,0.15366879927126725
10,1497,1507,0.15367061485879152
9,1507,1516,0.15367535890805553
10,1508,1518,0.15368221411792266
10,1502,1512,0.1536856220642049
10,1500,1510,0.1536889297161374
9,1496,1505,0.15369212925378858
9,1507,1516,0.15369749049116072
10,1514,1524,0.1537025887536977
10,1517,1527,0.15370502785236148
11,1509,1520,0.15370738603088846
11,1492,1503,0.1537065952960516
11,1497,1508,0.1537059947801283
11,1504,1515,0.1537055552025688
11,1504,1515,0.1537052512757114
11,1512,1523,0.15370506118470073
12,1502,1514,0.15370496613392237
12,1511,1523,0.15370206000109307
12,1497,1509,0.15369947729362088
12,1496,1508,0.15369718247908254
11,1506,1517,0.1536951439331522
10,1508,1518,0.15369572525120911
10,1514,1524,0.1536986852282305
10,1512,1522,0.15370154572843547
10,1495,1505,0.153704302775375
10,1489,1499,0.15370695385322386
10,1491,1501,0.15370949767119035
10,1500,1510,0.1537119339598956
10,1515,1525,0.15371426329565185
10,1526,1536,0.15371648694907367
10,1520,1530,0.15371860675490048
10,1521,1531,0.1537206250002954
10,1516,1526,0.1537225443292284
9,1508,1517,0.1537243676608492
8,1507,1515,0.15372843046807827
8,1516,1524,0.153734682662875
7,1525,1532,0.15374056717625528
7,1538,1545,0.15374849373680957
6,1533,1539,0.15375594682207633
6,1525,1531,0.15376517501183964
6,1520,1526,0.15377384603585026
5,1526,1531,0.15378199135698126
4,1516,1520,0.15379194059355142
4,1504,1508,0.15380367273387263
4,1511,1515,0.1538146910737319
4,1514,1518,0.15382503739210202
4,1517,1521,0.15383475125086077
4,1524,1528,0.15384387008026404
4,1516,1520,0.1538524292660909
4,1515,1519,0.15386046223744088
4,1502,1506,0.153868000554344
4,1513,1517,0.1538750739945024
5,1511,1516,0.15388171063861394
6,1505,1511,0.15388480170077806
4,1517,1521,0.15388461696520314
4,1509,1513,0.1538892917330512
4,1505,1509,0.15389383496522607
4,1516,1520,0.1538982334695738
4,1512,1516,0.1539024777141413
4,1525,1529,0.15390656122428034
4,1511,1515,0.15391048006670163
4,1500,1504,0.15391423240856242
4,1501,1505,0.15391781814126693
4,1519,1523,0.15392123856004591
4,1515,1519,0.15392449609158257
4,1516,1520,0.1539275940629947
4,1509,1513,0.15393053650638533
4,1510,1514,0.15393332799395804
4,1518,1522,0.15393597349937102
4,1521,1525,0.15393847828159257
2,1511,1513,0.15394084778803005
2,1506,1508,0.1539479625645549
2,1509,1511,0.15395465130334757
2,1506,1508,0.15396093822252424
2,1503,1505,0.15396684634890206
2,1496,1498,0.1539723975491543
2,1501,1503,0.15397761256480513
3,1493,1496,0.1539825110500567
3,1498,1501,0.15398390932235662
3,1508,1511,0.15398532414763513
3,1505,1508,0.15398674260017428
3,1498,1501,0.1539881539359944
3,1508,1511,0.15398954929666261
3,1503,1506,0.15399092145030407
3,1509,1512,0.1539922645652972
3,1501,1504,0.15399357401267177
3,1509,1512,0.15399484619371007
2,1514,1516,0.15399607838966603
2,1513,1515,0.15399971938187484
2,1518,1520,0.1540031695650857
2,1508,1510,0.15400643709148812
2,1512,1514,0.1540095300103606
2,1519,1521,0.15401245622928514
2,1505,1507,0.15401522348291496
2,1517,1519,0.15401783930823382
2,1513,1515,0.1540203110253805
2,1526,1528,0.15402264572323066
2,1521,1523,0.15402485024903076
2,1521,1523,0.15402693120147137
2,1513,1515,0.15402889492666533
2,1503,1505,0.15403074751656765
2,1515,1517,0.15403249480943515
3,1517,1520,0.15403414239197757
3,1510,1513,0.15403253381977566
3,1499,1502,0.154031128388755
3,1517,1520,0.15402990100894745
3,1518,1521,0.1540288296912116
3,1500,1503,0.15402789516053306
4,1504,1508,0.1540270805180935
4,1512,1516,0.15402311371694233
4,1519,1523,0.15401954162383605
4,1518,1522,0.15401632146973757
4,1514,1518,0.15401341543318875
4,1507,1511,0.15401079004148785
4,1523,1527,0.15400841564650025
4,1516,1520,0.15400626596562808
4,1520,1524,0.15400431767968026
4,1509,1513,0.15400255008044417
4,1505,1509,0.15400094476168388
4,1508,1512,0.15399948534809
4,1516,1520,0.1539981572574098
5,1520,1525,0.15399694749159207
5,1514,1519,0.15399272843030107
6,1512,1518,0.15398889848968264
6,1511,1517,0.15398224318331083
6,1505,1511,0.15397619865304113
6,1503,1509,0.1539707038609097
6,1521,1527,0.15396570433897652
6,1513,1519,0.15396115143940667
6,1520,1526,0.15395700167395143
6,1513,1519,0.15395321613183355
5,1510,1515,0.15394975996642318
5,1512,1517,0.15394925321180342
5,1511,1516,0.15394882151322237
5,1505,1510,0.1539484550778689
5,1507,1512,0.15394814532704953
5,1503,1508,0.15394788474902563
5,1503,1508,0.15394766676951402
6,1481,1487,0.15394748563773855
6,1494,1500,0.15394413803344853
6,1496,1502,0.15394111596270005
6,1500,1506,0.1539383849555439
6,1516,1522,0.15393591443778853
6,1510,1516,0.15393367727024315
5,1509,1514,0.15393164934412407
6,1513,1519,0.15393205464976825
6,1513,1519,0.15393017406778015
5,1513,1518,0.15392846543935637
5,1512,1517,0.15392921015203118
5,1509,1514,0.15392994665206058
6,1508,1514,0.15393067008553504
6,1501,1507,0.15392889532579285
6,1509,1515,0.15392728099794054
6,1507,1513,0.15392581157843727
5,1524,1529,0.15392447313482102
5,1520,1525,0.1539254908151732
5,1512,1517,0.15392647928554715
5,1528,1533,0.15392743568885847
5,1515,1520,0.15392835794866488
5,1516,1521,0.15392924464524826
4,1518,1522,0.1539300949086643
4,1518,1522,0.15393326948731584
4,1519,1523,0.15393626201719895
5,1527,1532,0.15393908071819504
5,1518,1523,0.15393903007178883
5,1514,1519,0.15393904140897374
5,1521,1526,0.15393910408132602
5,1524,1529,0.15393920887990864
5,1516,1521,0.15393934785735433
4,1517,1521,0.15393951417103044
4,1516,1520,0.15394196957788175
4,1514,1518,0.1539443000392381
4,1513,1517,0.15394650912604407
4,1511,1515,0.15394860075555106
2,1517,1519,0.15395057909687623
3,1510,1513,0.1539572032515777
4,1512,1516,0.1539603016357326
4,1508,1512,0.15396083145833672
3,1516,1519,0.15396143751086355
3,1512,1515,0.15396498078808935
3,1509,1512,0.15396832687900927
3,1504,1507,0.15397148461069654
3,1516,1519,0.15397446273715767
3,1517,1520,0.15397726988028765
3,1512,1515,0.15397991448282783
3,1531,1534,0.15398240477150005
2,1517,1519,0.15398474872874388
2,1511,1513,0.1539892948231143
2,1514,1516,0.15399356997539
2,1509,1511,0.1539975890904293
2,1512,1514,0.15400136643445703
2,1513,1515,0.15400491563442448
2,1512,1514,0.15400824968287602
2,1502,1504,0.15401138094725222
2,1502,1504,0.1540143211827246
2,1498,1500,0.1540170815477934
2,1519,1521,0.15401967262200147
2,1527,1529,0.15402210442521955
2,1529,1531,0.1540243864380461
2,1542,1544,0.15402652762294167
2,1531,1533,0.15402853644578182
2,1514,1516,0.1540304208975679
2,1519,1521,0.15403218851608305
2,1515,1517,0.15403384640732015
2,1522,1524,0.15403540126654378
2,1518,1520,0.15403685939887557
2,1516,1518,0.15403822673931875
2,1514,1516,0.15403950887215692
2,1517,1519,0.15404071104968048
2,1507,1509,0.1540418382102071
2,1506,1508,0.15404289499537716
2,1505,1507,0.1540438857667126
2,1512,1514,0.154044814621437
2,1504,1506,0.15404568540756192
2,1498,1500,0.1540465017382485
2,1506,1508,0.15404726700545887
2,1514,1516,0.15404798439291517
2,1518,1520,0.1540486568883854
1,1502,1503,0.15404928729531905
1,1501,1502,0.15405229428002606
1,1508,1509,0.15405511824624663
1,1502,1503,0.1540577699824251
1,1510,1511,0.15406025969004383
2,1515,1517,0.15406259700879055
2,1507,1509,0.1540616166213952
2,1511,1513,0.15406079307125947
2,1515,1517,0.15406010406021853
2,1512,1514,0.15405953031988306
2,1510,1512,0.1540590552077259
2,1515,1517,0.15405866435659604
2,1515,1517,0.1540583453706125
2,1522,1524,0.1540580875613189
2,1524,1526,0.15405788171878723
2,1521,1523,0.15405771991305967
3,1511,1514,0.15405759532192456
3,1498,1501,0.15405425298267583
3,1503,1506,0.15405124042274862
3,1508,1511,0.15404852307277841
3,1499,1502,0.15404607014692556
3,1501,1504,0.15404385421681902
3,1505,1508,0.15404185083434313
3,1515,1518,0.15404003819760667
2,1519,1521,0.15403839685509385
2,1523,1525,0.15403958299636994
2,1521,1523,0.15404070547533175
2,1524,1526,0.15404176687609383
2,1536,1538,0.15404276980575948
2,1534,1536,0.15404371686866244
2,1531,1533,0.15404461064542208
2,1516,1518,0.15404545367608877
3,1519,1522,0.1540462484467574
3,1511,1514,0.15404385771328197
3,1501,1504,0.1540417156645778
3,1503,1506,0.15403979579239804
3,1508,1511,0.1540380744602162
3,1521,1524,0.15403653058888897
4,1510,1514,0.15403514537694188
4,1509,1513,0.1540308527312296
4,1500,1504,0.15402695947326472
4,1501,1505,0.1540234266503745
4,1493,1497,0.15402021924428563
3,1510,1513,0.15401730576404765
3,1497,1500,0.15401736092026438
3,1503,1506,0.15401744419596447
3,1502,1505,0.1540175501314046
3,1502,1505,0.1540176740386988
3,1509,1512,0.15401781190371996
3,1511,1514,0.15401796029989298
3,1521,1524,0.15401811631247128
3,1522,1525,0.15401827747205243
3,1530,1533,0.15401844169623546
2,1535,1537,0.1540186072384506
2,1525,1527,0.15402110456327542
2,1525,1527,0.154023451494598
2,1521,1523,0.154025656326883
2,1522,1524,0.15402772700285408
1,1530,1531,0.15402967111266758
1,1524,1525,0.15403388509613009
1,1525,1526,0.15403784282484767
1,1530,1531,0.1540415593621355
1,1513,1514,0.1540450489603494
1,1504,1505,0.15404832509395713
1,1509,1510,0.1540514004928702
1,1503,1504,0.15405428717571756
1,1505,1506,0.15405699648280258
1,1501,1502,0.15405953910853273
1,1505,1506,0.15406192513315492
1,1521,1522,0.15406416405366585
1,1519,1520,0.1540662648137964
0,1519,1519,0.15406823583299611
