1363,27,1390,0.13579577904511653
1406,30,1436,0.13296356896493763
1438,30,1468,0.13026730972399891
1448,32,1480,0.12772544566812133
1456,34,1490,0.12538769111775713
1441,35,1476,0.12324084034441256
1450,36,1486,0.12133005713238174
1452,36,1488,0.11957005572461357
1442,36,1478,0.11796393455556396
1444,37,1481,0.11653056755415861
1452,41,1493,0.11522227001159177
1450,42,1492,0.11401139307532616
1459,43,1502,0.11291592112373149
1462,42,1504,0.11189869013629263
1465,43,1508,0.11096733024262381
1471,44,1515,0.11010975093029846
1457,44,1501,0.10931841462439226
1461,41,1502,0.1086316621215719
1454,41,1495,0.10799791524151545
1454,38,1492,0.10743718968941866
1453,38,1491,0.1069273092445
1459,38,1497,0.10646591431153471
1459,38,1497,0.10603215248838888
1461,38,1499,0.10563752142037884
1466,37,1503,0.10527074419634387
1465,39,1504,0.10492747501918412
1445,41,1486,0.10461708335754309
1455,43,1498,0.10438178314540232
1451,42,1493,0.10414826283651639
1455,40,1495,0.10394607964959125
1449,41,1490,0.1037513238596943
1447,40,1487,0.10358640669528117
1433,39,1472,0.10343994144656196
1438,39,1477,0.10333999616558522
1449,43,1492,0.10323960775877346
1456,46,1502,0.10312513942994375
1436,45,1481,0.10300455589919963
1439,48,1487,0.10294046390106874
1447,44,1491,0.10287512968058898
1441,48,1489,0.10279908780144034
1433,50,1483,0.10274312100338853
1436,50,1486,0.10271034478252776
1444,51,1495,0.10267469296599362
1445,50,1495,0.10262670784809352
1433,49,1482,0.10258056554013008
1434,52,1486,0.10256496772259048
1430,54,1484,0.10254855012880337
1426,58,1484,0.1025433091231735
1432,57,1489,0.10254664330195648
1441,57,1498,0.10253647267946957
1446,57,1503,0.10250675886489463
1446,60,1506,0.10247053197976402
1448,59,1507,0.10243722698317345
1446,59,1505,0.10240341822564038
1440,59,1499,0.10237755327533843
1439,58,1497,0.10236916099689239
1440,55,1495,0.1023633614801102
1449,55,1504,0.10235644592412363
1442,55,1497,0.10232960559631511
1437,52,1489,0.10231997917709316
1428,51,1479,0.10232020502395685
1429,55,1484,0.10234268612781092
1429,53,1482,0.10235937079629061
1443,52,1495,0.10237712462873634
1431,53,1484,0.10236184163696888
1421,53,1474,0.10237350729376653
1432,53,1485,0.10240616500747529
1435,57,1492,0.10241235958727657
1440,59,1499,0.10241061165432891
1432,60,1492,0.10239862407946236
1425,61,1486,0.10240693370433082
1433,60,1493,0.10242982511545395
1430,59,1489,0.10243246390139309
1438,61,1499,0.10244133342568547
1439,61,1500,0.10243146351998295
1448,59,1507,0.10242007120504913
1428,59,1487,0.10238933236254623
1427,58,1485,0.1024085342126362
1427,55,1482,0.10242873896942363
1429,55,1484,0.10244575129340752
1433,59,1492,0.1024575920709276
1439,60,1499,0.10245764454927694
1437,61,1498,0.10244257918683213
1440,60,1500,0.10243460942833948
1437,61,1498,0.10242180908126892
1433,62,1495,0.10241654142682755
1444,60,1504,0.10242089039814567
1447,61,1508,0.10240052375458028
1442,64,1506,0.10237418387793987
1427,63,1490,0.10236236992868125
1430,62,1492,0.1023862379363603
1436,63,1499,0.1024028686995001
1419,63,1482,0.10240346112488481
1425,60,1485,0.10244262295336219
1420,59,1479,0.10246492720213958
1428,60,1488,0.10249492488717246
1419,65,1484,0.10250584176940489
1413,66,1479,0.10253697732335025
1420,67,1487,0.10257994420992592
1427,71,1498,0.10260580912191802
1414,69,1483,0.10261177955014453
1412,70,1482,0.10264659516506025
1407,72,1479,0.10268344824889737
1415,74,1489,0.10273103882253327
1429,72,1501,0.10275596071155135
1404,74,1478,0.10274968005784643
1407,73,1480,0.10279854669880428
1423,72,1495,0.10283671648331869
1430,74,1504,0.10283562746911588
1423,73,1496,0.1028197574898553
1420,73,1493,0.10282058563747411
1423,73,1496,0.10282867940138951
1422,71,1493,0.10282996429817302
1413,72,1485,0.10283450226082824
1412,73,1485,0.10285543758256616
1422,76,1498,0.1028766496269946
1411,77,1488,0.10287650944312564
1419,77,1496,0.10289892159103864
1435,73,1508,0.10290406423960509
1433,73,1506,0.10287251531675622
1422,72,1494,0.10284795661758367
1414,73,1487,0.10284994358679364
1423,74,1497,0.10287125473436848
1428,74,1502,0.10287201990263294
1424,72,1496,0.10286157388218747
1430,69,1499,0.10285918930826045
1424,74,1498,0.10284337224492335
1411,74,1485,0.10284425796856837
1418,75,1493,0.10287295785182504
1424,78,1502,0.10288404492508896
1409,76,1485,0.10288111282206007
1406,78,1484,0.10291292181915347
1400,77,1477,0.10294887264285649
1389,78,1467,0.10299494794275368
1403,80,1483,0.10306331038150215
1412,79,1491,0.10309451995862082
1420,79,1499,0.10310438697803387
1414,81,1495,0.10309458173360161
1406,84,1490,0.10309806331781543
1397,86,1483,0.10312133276453184
1408,86,1494,0.10316153550888146
1394,86,1480,0.10317448380545578
1396,85,1481,0.10321827347310071
1395,90,1485,0.10325762486799273
1404,91,1495,0.10329469365651167
1392,91,1483,0.10330915551874144
1400,88,1488,0.10335075034412658
1402,88,1490,0.10337113046664748
1405,87,1492,0.10338444974910527
1398,89,1487,0.10338863810786428
1395,86,1481,0.10340798290172237
1390,88,1478,0.10343016750254402
1392,88,1480,0.10346372345241793
1406,89,1495,0.10349138863391605
1399,85,1484,0.10348558498148012
1388,89,1477,0.10349293544497896
1394,91,1485,0.10352581261979366
1394,91,1485,0.10354292189938506
1388,95,1483,0.10356024343064625
1389,95,1484,0.10358893646884348
1394,91,1485,0.10361494494150605
1390,90,1480,0.10362931247056142
1410,83,1493,0.10365090677206236
1416,83,1499,0.10362495819850638
1418,84,1502,0.10358426650308364
1410,85,1495,0.10354277276840376
1401,87,1488,0.10352485007894215
1409,85,1494,0.10352693732396155
1399,86,1485,0.10351021372086798
1393,87,1480,0.10351690703452716
1406,85,1491,0.10353788380956358
1404,83,1487,0.10352687371479823
1408,81,1489,0.1035190894535157
1407,79,1486,0.10350327773130438
1413,79,1492,0.10349055799973712
1409,77,1486,0.10346520765673226
1414,80,1494,0.10345075033395336
1410,84,1494,0.10342502192115735
1417,79,1496,0.1034120096367521
1419,77,1496,0.10338318679136287
1416,80,1496,0.10335311074846663
1417,80,1497,0.10333331531291784
1423,78,1501,0.10330922833633605
1413,75,1488,0.10327554226641211
1410,71,1481,0.1032664988553242
1407,74,1481,0.10326269302714244
1415,72,1487,0.10326597523785111
1408,72,1480,0.10325199617839871
1404,70,1474,0.10325505163596961
1404,74,1478,0.10326735931736124
1398,72,1470,0.10327705213070228
1397,75,1472,0.10329697963152068
1403,73,1476,0.10331868483723622
1415,74,1489,0.10332815940521435
1411,77,1488,0.10330936402485034
1422,74,1496,0.10330144767356415
1419,72,1491,0.10327024445809303
1406,75,1481,0.1032469676603447
1402,75,1477,0.1032533080153523
1410,75,1485,0.1032693253601437
1421,74,1495,0.10326716385396388
1411,77,1488,0.1032381444911699
1421,79,1500,0.10323373345797232
1420,78,1498,0.10320513612122494
1418,79,1497,0.1031820791430792
1422,83,1505,0.10316678662220514
1418,84,1502,0.10314438227663135
1425,83,1508,0.10313571669844757
1421,86,1507,0.10311017323109858
1434,84,1518,0.10309466648145035
1426,83,1509,0.10304991229640191
1419,84,1503,0.10302887149918388
1420,82,1502,0.10302365415850817
1428,80,1508,0.10302069742170308
1423,79,1502,0.10299898439635183
1421,79,1500,0.10298789337331715
1414,83,1497,0.10298316412040155
1414,85,1499,0.10299525896541833
1424,85,1509,0.10300685242697644
1422,83,1505,0.10299467680602038
1426,83,1509,0.10298971838872696
1416,84,1500,0.10297516104942513
1411,88,1499,0.10298482197926177
1412,87,1499,0.10300447695923098
1410,84,1494,0.10302095805129584
1413,84,1497,0.10304309969929207
1426,82,1508,0.10305370969338323
1411,78,1489,0.10303402886612151
1412,80,1492,0.10304936788477366
1409,78,1487,0.10306053786250384
1406,78,1484,0.10307870758748755
1411,79,1490,0.10310081932646518
1416,78,1494,0.10310879418173755
1413,78,1491,0.10310531165148902
1413,78,1491,0.10311091074111771
1411,79,1490,0.10311138204285902
1409,79,1488,0.10311623224347645
1419,80,1499,0.10312476506951629
1414,82,1496,0.10311073491825501
1416,82,1498,0.10311168908783008
1408,81,1489,0.1031081819953136
1414,81,1495,0.10312243717926663
1420,82,1502,0.10312297939811163
1425,79,1504,0.10310949155576483
1415,75,1490,0.10308339378836782
1412,79,1491,0.10308281688867109
1416,81,1497,0.1030890911890245
1418,80,1498,0.10308715191392843
1419,79,1498,0.10308215226293223
1428,83,1511,0.10307416311612501
1421,85,1506,0.10304674155287291
1420,84,1504,0.10303848408840496
1410,85,1495,0.10303437558988296
1418,88,1506,0.10305229329059185
1417,89,1506,0.10305345550148717
1420,89,1509,0.10305691460699878
1420,88,1508,0.10305385597899369
1414,85,1499,0.10305276783419362
1412,88,1500,0.10306530161027032
1408,89,1497,0.10308169591202918
1414,89,1503,0.10310637160002781
1403,89,1492,0.10311607286111141
1405,87,1492,0.10315039226402431
1407,87,1494,0.10317602701031678
1413,86,1499,0.10319313158548646
1422,85,1507,0.10319513063212085
1419,83,1502,0.10317624460942135
1412,83,1495,0.1031651165748216
1410,82,1492,0.10317107751258928
1413,87,1500,0.10318122308660456
1407,85,1492,0.10318398934166421
1408,86,1494,0.1032015259067261
1424,86,1510,0.10321367132547522
1430,87,1517,0.10319040055639662
1430,90,1520,0.10315431530571534
1424,89,1513,0.10312034753075017
1431,91,1522,0.10310375621093908
1423,90,1513,0.10307458219467833
1408,90,1498,0.10306612976981697
1407,88,1495,0.10309168430429656
1398,87,1485,0.10311707326242012
1407,87,1494,0.10316148251054282
1409,85,1494,0.10318317198372956
1410,84,1494,0.10319641122362193
1415,84,1499,0.10320436027785618
1416,80,1496,0.10320060307383411
1422,80,1502,0.10319495660601462
1416,81,1497,0.10317571711069229
1423,82,1505,0.10317125020569326
1424,83,1507,0.10315214736086858
1412,81,1493,0.1031352928332721
1424,78,1502,0.103146348607949
1422,75,1497,0.10312768910805659
1424,74,1498,0.10311212836857621
1423,72,1495,0.10309447846785526
1427,70,1497,0.10308141451712487
1429,72,1501,0.10306160513933399
1432,72,1504,0.10303726428368769
1443,71,1514,0.10300793101729046
1434,70,1504,0.10295592306326672
1430,69,1499,0.10292456201533547
1428,70,1498,0.10290524878549422
1425,71,1496,0.10289445871269635
1425,72,1497,0.10289060584147841
1417,72,1489,0.10288490212734817
1432,70,1502,0.1028968215278282
1433,71,1504,0.10287290039312424
1433,73,1506,0.10284996174407017
1429,78,1507,0.10283062936933905
1425,78,1503,0.10282110141968609
1426,78,1504,0.1028228903674659
1415,75,1490,0.10282365787200419
1411,80,1491,0.10284863824473657
1419,82,1501,0.10288011096121762
1412,84,1496,0.10289024886483655
1415,80,1495,0.10291602778406386
1411,82,1493,0.1029322578325326
1416,84,1500,0.10295782492923741
1411,85,1496,0.10297153827593931
1412,82,1494,0.10299438616680179
1412,80,1492,0.10301337473555502
1400,79,1479,0.10303291617510128
1404,79,1483,0.10307363557249698
1405,79,1484,0.10310440460484205
1396,78,1474,0.10313113452000768
1406,80,1486,0.10317583855087299
1413,80,1493,0.10319224779026065
1416,78,1494,0.10319181857237701
1416,78,1494,0.10318414037006335
1412,79,1491,0.10317827740329263
1415,81,1496,0.1031811841502811
1414,80,1494,0.1031762908310576
1400,79,1479,0.1031726072962697
1398,85,1483,0.10320029899741547
1397,85,1482,0.10323227248021645
1395,85,1480,0.10326503161520094
1378,87,1465,0.10329876085528848
1379,84,1463,0.10336864608030404
1388,84,1472,0.10343121074149525
1399,84,1483,0.10346879276342126
1412,86,1498,0.1034780602762507
1416,87,1503,0.1034568131561133
1407,86,1493,0.10342973037498958
1405,87,1492,0.10342337264973729
1412,87,1499,0.10342166555725077
1409,85,1494,0.10340381858697276
1398,84,1482,0.1033916944633264
1402,86,1488,0.10340739031890299
1393,88,1481,0.10341240759185286
1401,86,1487,0.10343834219874999
1413,84,1497,0.10344388463213551
1402,82,1484,0.10342130210784788
1415,83,1498,0.10342437503724275
1419,84,1503,0.10339811071084673
1417,83,1500,0.10336463113948562
1430,85,1515,0.10334006681400863
1419,86,1505,0.1032882987127333
1418,86,1504,0.10326408240200707
1416,85,1501,0.1032453992261312
1419,80,1499,0.10323205520228175
1429,79,1508,0.10321306513597171
1427,78,1505,0.10317339360439594
1419,78,1497,0.10314238465941283
1411,77,1488,0.10313070358693079
1414,76,1490,0.10313838785813022
1413,76,1489,0.10314113405453447
1407,76,1483,0.10314520076878943
1401,75,1476,0.10316262274538099
1398,75,1473,0.10319065788895304
1410,76,1486,0.10322346270319255
1419,77,1496,0.10322639357961583
1414,78,1492,0.10320738378320392
1420,80,1500,0.10320188555048018
1412,83,1495,0.10318298692732077
1420,81,1501,0.10318212883585279
1415,83,1498,0.1031631374352666
1409,81,1490,0.10315679278187609
1417,79,1496,0.10316478849629077
1409,81,1490,0.10315589445123476
1406,81,1487,0.10316521499576237
1412,83,1495,0.10318117689811754
1412,80,1492,0.10318438609366193
1420,83,1503,0.10318593597426684
1418,86,1504,0.10316898836840395
1412,92,1504,0.10315828897721784
1418,92,1510,0.10316122489084137
1421,92,1513,0.10315119516026146
1405,92,1497,0.10313817474655813
1405,95,1500,0.1031628635565312
1418,94,1512,0.10318717787297871
1415,92,1507,0.10317923109728179
1407,95,1502,0.10318028225930799
1415,93,1508,0.10319761222166803
1412,95,1507,0.10319324839885756
1397,93,1490,0.1031975009666374
1401,92,1493,0.10323690512801247
1400,91,1491,0.10326254929821274
1387,93,1480,0.10328924879730281
1395,91,1486,0.10334445199616958
1389,88,1477,0.10337666635926113
1406,87,1493,0.10341886280688473
1412,89,1501,0.1034195220565007
1407,89,1496,0.10340653293096964
1414,88,1502,0.10340627480360544
1414,89,1503,0.10339009917052477
1413,88,1501,0.10337025911518395
1405,89,1494,0.10335642448132937
1409,87,1496,0.10336196157011208
1400,88,1488,0.10335587487077014
1404,89,1493,0.10336947372423086
1396,90,1486,0.1033748913951507
1398,88,1486,0.1034000251330237
1389,87,1476,0.10341966034911093
1403,88,1491,0.10345827872906463
1390,93,1483,0.10346280209517401
1392,95,1487,0.10349458541701911
1394,99,1493,0.10351817303431687
1412,100,1512,0.10353774421987401
1409,94,1503,0.10351560531422876
1412,96,1508,0.10349853184877322
1401,96,1497,0.1034790122795649
1395,91,1486,0.10348666866766675
1393,89,1482,0.10350676862112554
1398,92,1490,0.10353120375266606
1400,88,1488,0.10354027578362998
1398,91,1489,0.10354404878090935
1406,91,1497,0.10355103330669287
1411,91,1502,0.10353999397891364
1412,90,1502,0.10351907459951265
1406,89,1495,0.10349614235531832
1409,90,1499,0.10348643627977883
1407,93,1500,0.1034716095445432
1407,93,1500,0.10346139591087333
1400,92,1492,0.10345213391690007
1391,91,1482,0.10345977770071876
1398,87,1485,0.1034882114108682
1410,89,1499,0.1034975524823702
1409,89,1498,0.10347981002136447
1396,88,1484,0.10346724214090773
1392,92,1484,0.10348591187978641
1390,95,1485,0.10351255880434597
1391,95,1486,0.10354064561937892
1388,94,1482,0.10356443443074884
1399,95,1494,0.10359236684650906
1406,96,1502,0.10359053514796983
1396,96,1492,0.10357445364589564
1392,92,1484,0.10358144301081045
1390,96,1486,0.10359893520725506
1385,97,1482,0.10361815842166296
1402,101,1503,0.10364909529578906
1414,98,1512,0.10363999341923721
1397,101,1498,0.10360529080489923
1392,100,1492,0.10361216312087056
1394,105,1499,0.10363186157949159
1391,106,1497,0.10364661547856797
1390,104,1494,0.10366690239090155
1387,100,1487,0.10368489883896646
1374,101,1475,0.10370657957238144
1382,100,1482,0.10375488536688782
1381,100,1481,0.10378433869794998
1387,105,1492,0.1038141714275815
1386,110,1496,0.10382480042475888
1384,107,1491,0.1038374722793241
1395,102,1497,0.1038554213596089
1387,103,1490,0.10384627919950207
1398,103,1501,0.10385604655450735
1395,103,1498,0.10383922782879768
1389,102,1491,0.10383111085841587
1398,104,1502,0.10383694414623779
1390,101,1491,0.1038235325592989
1401,99,1500,0.10382965888475561
1388,99,1487,0.1038073838435199
1393,95,1488,0.10381770505197573
1402,94,1496,0.10381804253542275
1395,97,1492,0.1037950129504495
1392,100,1492,0.10379084676245572
1394,100,1494,0.10378730408396455
1385,102,1487,0.1037816189184143
1388,106,1494,0.10379825781698042
1388,106,1494,0.10380621306496388
1391,104,1495,0.10381577593878923
1396,104,1500,0.10382038083051429
1391,105,1496,0.10381499137113724
1392,104,1496,0.1038211012090256
1393,110,1503,0.10382318075549528
1391,109,1500,0.10382381942008947
1383,111,1494,0.10382839656914974
1386,112,1498,0.1038520407399352
1381,111,1492,0.10386733755963043
1384,109,1493,0.10389368945066454
1381,112,1493,0.103912693897922
1379,111,1490,0.10393625468281165
1380,114,1494,0.1039594325010083
1376,115,1491,0.10398023627135437
1371,114,1485,0.10400919521351656
1367,120,1487,0.10404828352929776
1368,118,1486,0.10409276049889303
1365,118,1483,0.10413286971811715
1365,116,1481,0.10417748481942261
1369,122,1491,0.1042201355918153
1374,123,1497,0.10425083292369931
1368,121,1489,0.10426707710699926
1370,118,1488,0.10429591824803552
1367,116,1483,0.10431623920253333
1365,119,1484,0.10434217967721629
1382,116,1498,0.10437143873860663
1368,123,1491,0.10435878507731214
1374,121,1495,0.10437970014768695
1360,127,1487,0.10438581671683146
1366,128,1494,0.104424027581077
1373,124,1497,0.10444490904461072
1364,123,1487,0.10444728111538559
1356,123,1479,0.1044699245647573
1342,124,1466,0.10451048172634153
1352,121,1473,0.104578535680681
1363,126,1489,0.10462044706889496
1369,125,1494,0.10463269407218771
1385,127,1512,0.10462975462168003
1388,134,1522,0.10459104275569554
1384,133,1517,0.10454737398160141
1365,135,1500,0.10451834794806154
1356,129,1485,0.104532605611981
1357,134,1491,0.10456722231043461
1359,136,1495,0.1045960348772293
1357,140,1497,0.10462024196660291
1352,142,1494,0.10464773475051267
1359,140,1499,0.10468378025680444
1357,141,1498,0.10470106172510993
1362,140,1502,0.10472156025626642
1371,142,1513,0.10473070178995086
1368,141,1509,0.1047199540776435
1360,144,1504,0.10471929053579117
1346,145,1491,0.10473536695376313
1352,143,1495,0.10478225185046376
1342,146,1488,0.10481311101472063
1347,146,1493,0.10486395407173424
1350,149,1499,0.10490148102768206
1345,152,1497,0.10492749674063591
1346,151,1497,0.10496356905196316
1346,149,1495,0.10499471133790149
1331,153,1484,0.10502378766820822
1326,152,1478,0.1050827124038463
1336,154,1490,0.10515056623391195
1347,152,1499,0.10519062577720845
1335,152,1487,0.105203354903349
1338,155,1493,0.10524354307057099
1339,151,1490,0.10527329311999609
1335,155,1490,0.105300671047966
1329,157,1486,0.10533716431920916
1323,162,1485,0.10538504196700547
1322,164,1486,0.10544353590540231
1325,163,1488,0.10549796152264111
1326,164,1490,0.10554261078584239
1334,167,1501,0.10558050284376236
1328,169,1497,0.10559935727197589
1326,171,1497,0.10562794529518424
1317,174,1491,0.10565740429960702
1306,174,1480,0.10570467885616694
1314,171,1485,0.10577574464672938
1317,175,1492,0.10582393420554
1315,175,1490,0.10586173943491048
1327,173,1500,0.1059008769782645
1314,174,1488,0.10590983968312674
1319,177,1496,0.10594679102218038
1300,173,1473,0.10597202603289087
1315,179,1494,0.10603814732243039
1313,182,1495,0.1060644066049476
1308,183,1491,0.10609197897817314
1294,185,1479,0.10613013682456789
1300,179,1479,0.10619786766574528
1296,180,1476,0.10624745039448381
1306,182,1488,0.10630184938312923
1294,182,1476,0.10632683584355107
1306,176,1482,0.1063782076124217
1324,175,1499,0.10639675772901196
1322,173,1495,0.10637308614093756
1324,174,1498,0.1063573293688393
1327,176,1503,0.10633769802132878
1319,176,1495,0.10631230925041145
1325,176,1501,0.10630556494703908
1322,178,1500,0.1062876135026275
1316,179,1495,0.10627798288465802
1315,178,1493,0.10628431347156003
1305,179,1484,0.10629235624679528
1313,184,1497,0.10632375351456468
1308,185,1493,0.10633599635120834
1306,183,1489,0.10636024193377666
1310,182,1492,0.10638397998832709
1299,185,1484,0.10639501528120793
1281,188,1469,0.10643015295254728
1291,194,1485,0.10650559326533933
1275,193,1468,0.10655501607068561
1284,191,1475,0.1066370083043018
1279,196,1475,0.10669338721510174
1286,195,1481,0.10675795773687145
1288,198,1486,0.1068024885974814
1297,200,1497,0.10683949040583586
1279,207,1486,0.10685440961004744
1291,213,1504,0.10691102973290001
1286,215,1501,0.10693674773624703
1290,214,1504,0.10697386553088274
1288,213,1501,0.10699920213205688
1292,218,1510,0.1070271544170064
1289,218,1507,0.107044625861147
1284,218,1502,0.10706731503541488
1282,217,1499,0.10709911240497302
1293,211,1504,0.10713331919592062
1290,212,1502,0.10714083798001887
1291,213,1504,0.10715478344996278
1291,212,1503,0.10716705605969938
1282,213,1495,0.10717977674152745
1277,221,1498,0.10721042428852019
1274,215,1489,0.1072525071689933
1268,217,1485,0.10729901815853485
1281,211,1492,0.10735625210376827
1283,213,1496,0.10737729114210616
1287,210,1497,0.10738910048710373
1289,214,1503,0.10738787412496369
1287,215,1502,0.10738413420105619
1277,213,1490,0.10738653298227575
1279,213,1492,0.1074113090372051
1269,208,1477,0.10742680152496284
1263,209,1472,0.10746466156355008
1259,212,1471,0.10751329039273588
1265,214,1479,0.10756783499504995
1263,216,1479,0.1076056816954549
1263,220,1483,0.10764553304874372
1278,224,1502,0.10768173869573008
1271,225,1496,0.10768114043786252
1273,227,1500,0.10769816842035088
1273,227,1500,0.10771178505010569
1274,228,1502,0.10772267487830323
1261,233,1494,0.10772964533749514
1261,233,1494,0.1077672377131351
1272,235,1507,0.10780256175296106
1275,234,1509,0.107810470648483
1272,231,1503,0.10780999817176708
1279,235,1514,0.10781756625846521
1263,231,1494,0.10781100316979467
1269,236,1505,0.10784080701694096
1269,234,1503,0.10785630199807915
1280,234,1514,0.10786864470230606
1274,234,1508,0.10785579861274158
1262,235,1497,0.10785552353625945
1256,232,1488,0.10788327883702806
1254,232,1486,0.10792303205764604
1264,233,1497,0.1079647714668156
1280,231,1511,0.10798294744256433
1260,235,1495,0.10796335290787074
1262,231,1493,0.10799274442919385
1258,228,1486,0.10801459357264484
1254,233,1487,0.10804152315563723
1246,237,1483,0.10807484587376537
1250,240,1490,0.10812370497566351
1244,237,1481,0.10815961712208849
1252,236,1488,0.10820803468066494
1258,235,1493,0.1082330186726897
1265,234,1499,0.10824444506083995
1267,232,1499,0.10823939921975839
1270,232,1502,0.10822913373680017
1262,232,1494,0.1082124917587577
1274,236,1510,0.10821357944966029
1268,236,1504,0.10818661303712818
1260,233,1493,0.1081742673338761
1277,233,1510,0.10818139510864448
1276,236,1512,0.10814763793011935
1275,239,1514,0.10812110615634107
1278,237,1515,0.10809992746053983
1273,234,1507,0.10807411841900953
1272,234,1506,0.10806405082985421
1281,239,1520,0.10805717278767028
1273,237,1510,0.10802994399552222
1264,238,1502,0.10802353633463938
1262,240,1502,0.10803974935107664
1241,246,1487,0.1080575303996709
1246,245,1491,0.10812352508733442
1248,248,1496,0.10817151163380849
1251,248,1499,0.10821217153080172
1248,247,1495,0.10824467439965074
1255,241,1496,0.10828087487204989
1255,243,1498,0.10829684922103229
1251,241,1492,0.10830944754996473
1259,240,1499,0.10833058028674376
1252,240,1492,0.10833157890396052
1264,233,1497,0.10835022294746188
1264,231,1495,0.10833608177313242
1268,228,1496,0.10832393482491252
1256,232,1488,0.10830628102441203
1252,238,1490,0.10831913803328583
1254,242,1496,0.10833705575378985
1255,235,1490,0.10834950332697693
1251,236,1487,0.10835760872001346
1250,232,1482,0.10837188888812622
1253,237,1490,0.10838847901912159
1254,240,1494,0.10839793886537535
1267,240,1507,0.10840492869345988
1262,235,1497,0.1083824777678704
1275,235,1510,0.10837053932327617
1272,237,1509,0.10832823012256483
1269,235,1504,0.10829522731922822
1268,235,1503,0.10827252372395328
1265,231,1496,0.1082552537146802
1260,231,1491,0.10824707616819264
1260,237,1497,0.1082504952236525
1256,236,1492,0.10825670434162778
1247,241,1488,0.10827249181120077
1260,245,1505,0.10830773753606955
1250,246,1496,0.10831030689448194
1245,249,1494,0.10833686603321517
1248,244,1492,0.10837081769373508
1245,253,1498,0.1083969579154361
1243,250,1493,0.10842645639657995
1248,258,1506,0.108459250129962
1242,255,1497,0.10847953597181913
1241,257,1498,0.10851233687813816
1250,257,1507,0.1085447964899507
1241,262,1503,0.108555053414015
1239,258,1497,0.10858356484528692
1238,256,1494,0.10861541899249033
1236,260,1496,0.10864825227284022
1241,265,1506,0.10868318894412116
1240,265,1505,0.10870233593578091
1230,259,1489,0.10872229831246973
1237,262,1499,0.10876443173376611
1241,266,1507,0.10878812616591038
1246,263,1509,0.10880322048710468
1233,266,1499,0.1088069568335765
1234,266,1500,0.10884114899142049
1239,268,1507,0.10886825154095976
1228,263,1491,0.10888489508896429
1226,268,1494,0.10892589347102373
1232,265,1497,0.10896931838605323
1228,266,1494,0.10899291878488925
1227,260,1487,0.10902407213033342
1234,262,1496,0.10905472911829087
1233,262,1495,0.10906718488684712
1223,260,1483,0.1090800595877357
1216,261,1477,0.10911459569502782
1214,264,1478,0.10916368034546153
1209,268,1477,0.10921199876277202
1223,268,1491,0.10927088829668131
1220,266,1486,0.10929294034356499
1213,264,1477,0.10932173740555577
1223,264,1487,0.10936521001700326
1227,268,1495,0.10938335740747027
1228,269,1497,0.1093913651972046
1229,270,1499,0.10939783352143415
1236,269,1505,0.1093986078512663
1228,263,1491,0.1093833653704953
1236,263,1499,0.10938566584551392
1227,266,1493,0.10936998573489772
1235,272,1507,0.10937484880069581
1236,273,1509,0.10936339230835251
1231,275,1506,0.10934933735481685
1202,278,1480,0.10934956346128172
1209,282,1491,0.10941632926101975
1215,285,1500,0.10946364470911814
1216,284,1500,0.10949348758932535
1220,286,1506,0.10951863632803685
1210,290,1500,0.1095346626884107
1201,285,1486,0.1095711630682774
1198,287,1485,0.10962571878232709
1199,288,1487,0.1096861277644561
1200,285,1485,0.10974005915613637
1209,287,1496,0.10978589521658019
1196,294,1490,0.10980790100678643
1192,292,1484,0.1098577591573803
1194,288,1482,0.10991429074898776
1206,291,1497,0.10995969730726517
1205,296,1501,0.10997463171018086
1208,295,1503,0.10999033174855219
1201,294,1495,0.10999724480308842
1196,298,1494,0.11002210775506623
1187,303,1490,0.1100554854313923
1181,301,1482,0.11010460320332285
1191,304,1495,0.11016586686175017
1180,303,1483,0.11019907310934092
1173,305,1478,0.11025435430398582
1193,303,1496,0.11032138018559534
1181,305,1486,0.110338597482123
1173,308,1481,0.11038330269055945
1168,308,1476,0.11044332950707478
1168,309,1477,0.11050903259978562
1169,310,1479,0.11057050722842979
1172,312,1484,0.11062400470401695
1174,319,1493,0.11066849910767296
1167,320,1487,0.11070733109034332
1164,316,1480,0.11075837302247546
1166,318,1484,0.11081224894931832
1163,319,1482,0.11085713009434023
1158,325,1483,0.11090450768630039
1157,320,1477,0.11096118217613199
1167,322,1489,0.11101483482663178
1175,321,1496,0.11104021653025868
1175,323,1498,0.11104392717967894
1175,320,1495,0.1110488249573508
1165,315,1480,0.11105467531135826
1178,318,1496,0.11108023225994
1186,312,1498,0.1110724702526981
1180,309,1489,0.11104977867655849
1177,309,1486,0.1110402617097187
1189,311,1500,0.11103995751718028
1183,311,1494,0.11101288385942308
1179,314,1493,0.11100229868690509
1185,323,1508,0.11100130163557478
1183,330,1513,0.11098764056931622
1190,331,1521,0.11098099081505036
1193,327,1520,0.11096020707267837
1190,323,1513,0.11093792152269205
1187,322,1509,0.11092472866162037
1176,326,1502,0.11092111856540893
1180,323,1503,0.11094312604119352
1169,329,1498,0.11095496065876478
1170,332,1502,0.11098873395125296
1163,335,1498,0.11101963217207014
1160,337,1497,0.11106499344806448
1162,342,1504,0.1111133649695741
1170,345,1515,0.11115464241845092
1170,343,1513,0.11117262561538482
1160,347,1507,0.11119205942819971
1141,350,1491,0.11123474507109093
1149,350,1499,0.11131648521094288
1134,350,1484,0.11137382108608312
1133,354,1487,0.11146433593198588
1138,349,1487,0.1115511328168742
1140,348,1488,0.11161891631832653
1148,348,1496,0.11167634796500686
1155,344,1499,0.11171084463950492
1145,352,1497,0.11172838397841767
1142,353,1495,0.11176494760938871
1134,349,1483,0.11180527356677027
1125,354,1479,0.1118607874153103
1128,354,1482,0.11193400557892728
1131,366,1497,0.11199516054606846
1138,367,1505,0.11204441410423786
1143,356,1499,0.11207498995463876
1143,357,1500,0.11209209445915741
1145,361,1506,0.1121090076239455
1147,363,1510,0.11212059809626615
1135,365,1500,0.11212695728668617
1132,366,1498,0.11215932373034501
1135,366,1501,0.11219823260056866
1144,366,1510,0.11222839230769228
1140,362,1502,0.11223501294973381
1132,367,1499,0.1122517381533898
1143,369,1512,0.11228593709956654
1137,364,1501,0.11229385115842977
1138,366,1504,0.11231437770278503
1149,356,1505,0.11232947275858768
1134,357,1491,0.11231839271637806
1136,358,1494,0.11234224072551065
1132,360,1492,0.1123605695282307
1126,362,1488,0.11238520906717296
1117,362,1479,0.1124227268659089
1127,365,1492,0.1124778686423033
1125,364,1489,0.11250702355230027
1125,373,1498,0.11253752557544974
1130,367,1497,0.11256537690713708
1115,364,1479,0.1125796676191095
1119,374,1493,0.11262674513272197
1130,376,1506,0.11266206825202882
1127,371,1498,0.11267126609371932
1127,373,1500,0.11268688091760534
1117,373,1490,0.11269844117352192
1114,374,1488,0.11273187219455547
1109,376,1485,0.11276936990641445
1114,385,1499,0.11281665691634388
1108,386,1494,0.11284958428662194
1118,386,1504,0.11289511016873416
1113,390,1503,0.11291610367510273
1110,392,1502,0.11294585129975297
1118,386,1504,0.11298194508836389
1117,391,1508,0.11299859653533943
1124,387,1511,0.1130151233426279
1125,386,1511,0.11301504781338283
1117,387,1504,0.11301414643714908
1114,394,1508,0.11303238758425004
1108,398,1506,0.11305494320198681
1108,395,1503,0.1130906262349989
1117,397,1514,0.11312241416651535
1108,394,1502,0.11313017338617531
1109,395,1504,0.11315914406341776
1119,401,1520,0.11318304338668035
1107,402,1509,0.11318099237202014
1105,401,1506,0.11320893068967709
1096,401,1497,0.11324021561076492
1090,409,1499,0.11328990320681415
1097,409,1506,0.11335229475327051
1091,413,1504,0.11339417488481913
1101,414,1515,0.11344753960241259
1099,419,1518,0.11347488344576967
1099,419,1518,0.11350408556784379
1087,417,1504,0.11353333765251893
1081,419,1500,0.11358935279995382
1075,418,1493,0.11365550172028126
1072,428,1500,0.11373025962542954
1069,431,1500,0.11380755725964875
1069,430,1499,0.1138879939200542
1050,430,1480,0.1139646252694758
1059,427,1486,0.1140781853057257
1067,427,1494,0.11416241425969074
1073,430,1503,0.11422189306233282
1081,421,1502,0.11426394808466217
1080,423,1503,0.11428322104765158
1077,433,1510,0.11430271293065068
1071,430,1501,0.11432644001770707
1071,428,1499,0.11436174784375343
1057,437,1494,0.11439216668866518
1061,433,1494,0.11445643716767627
1065,440,1505,0.11450833952729561
1068,433,1501,0.11454804458094386
1067,434,1501,0.11457899613125154
1064,438,1502,0.11460977210597262
1064,441,1505,0.11464789147538763
1057,449,1506,0.11468428579104042
1049,451,1500,0.1147337619197625
1054,454,1508,0.11479931163776141
1053,461,1514,0.11484911786275177
1043,460,1503,0.11490030627370725
1041,463,1504,0.11496831228720027
1046,467,1513,0.11503792794810373
1041,467,1508,0.11508966459258113
1052,468,1520,0.1151490331250124
1052,458,1510,0.11517768710431628
1054,453,1507,0.1152036948735208
1054,452,1506,0.11522470372581647
1057,458,1515,0.11524356927342573
1053,459,1512,0.11525109685052119
1054,462,1516,0.11526704016207495
1049,463,1512,0.11527969362959847
1045,457,1502,0.11530329160504994
1044,455,1499,0.11533588564214593
1043,460,1503,0.11536929432734494
1044,463,1507,0.11540079564444106
1032,459,1491,0.11542893401523109
1042,463,1505,0.11548390034274987
1035,457,1492,0.1155139748100606
1031,459,1490,0.1155586010788637
1032,459,1491,0.11560432646344423
1028,458,1486,0.1156450959625725
1031,459,1490,0.11569264464132768
1049,454,1503,0.11572973006860793
1051,451,1502,0.11572258232947298
1042,459,1501,0.11571058708004553
1041,461,1502,0.11571928449640921
1036,471,1507,0.11573308106500893
1030,476,1506,0.11575953548616709
1030,473,1503,0.11579895289556522
1022,465,1487,0.11583580936185671
1015,472,1487,0.11588928497291297
1017,472,1489,0.1159538780108922
1028,477,1505,0.11600958665106936
1030,482,1512,0.11603356731136884
1029,478,1507,0.11604867054308152
1021,471,1492,0.11606896674400961
1032,470,1502,0.11610728276041056
1026,468,1494,0.11611461885629179
1015,468,1483,0.11613704152895878
1023,460,1483,0.11618390245575108
1034,455,1489,0.11620679387657788
1029,466,1495,0.11620205708636852
1023,467,1490,0.11620752223681852
1020,466,1486,0.1162269010987061
1026,465,1491,0.11625195957596009
1039,467,1506,0.11625984095820108
1038,465,1503,0.11623583631643747
1042,471,1513,0.11621467467860146
1034,468,1502,0.11618820814960032
1024,467,1491,0.11618270276358401
1015,471,1486,0.11619836052233673
1023,479,1502,0.1162346030088122
1030,478,1508,0.11625105579348674
1024,476,1500,0.11625146149902832
1021,480,1501,0.11626427999068845
1020,483,1503,0.11628633300374806
1020,486,1506,0.11630889633514281
1014,491,1505,0.11633153701020317
1022,486,1508,0.1163670799176251
1016,489,1505,0.11638042869695168
1007,494,1501,0.11640735188531953
1007,495,1502,0.11645253871782112
995,495,1490,0.11649492772071915
1010,489,1499,0.11656386604727732
1015,495,1510,0.11659281606068024
1009,487,1496,0.1166090511182414
1007,490,1497,0.11663967193095552
1008,491,1499,0.11667148691119161
1004,495,1499,0.11669779520395107
1018,489,1507,0.1167331900131177
1005,492,1497,0.11673553616910272
1008,492,1500,0.1167633106321998
1011,488,1499,0.11678161188748833
1011,489,1500,0.11678982679663828
1001,488,1489,0.11679795931500835
1006,490,1496,0.11682759420933923
1003,488,1491,0.11684520372734014
1009,490,1499,0.11686803182808328
1013,489,1502,0.11687564906792776
1005,503,1508,0.11687414800688466
1008,500,1508,0.11689112543639603
997,502,1499,0.11689702804797758
1016,502,1518,0.11692879562465959
1012,504,1516,0.116917393109344
1008,491,1499,0.11691816206257397
1002,490,1492,0.11692846239570887
1004,501,1505,0.1169517361658486
1011,497,1508,0.11696896401743709
1019,502,1521,0.11696927762946445
1009,502,1511,0.11695050257615329
995,514,1509,0.1169570741192062
996,507,1503,0.11699440479393829
998,508,1506,0.11702840373873719
998,514,1512,0.11705599320916013
988,513,1501,0.11708359176393363
981,520,1501,0.11713325011933512
985,516,1501,0.11719633323605443
983,521,1504,0.11724259082853006
995,518,1513,0.1172882019504161
984,508,1492,0.11730314213386553
978,510,1488,0.11734268394446698
977,512,1489,0.11739245941846108
991,509,1500,0.11743806637411082
989,509,1498,0.11744818483442573
985,514,1499,0.11746167395615904
994,512,1506,0.11748324529323165
993,517,1510,0.11748213340818026
991,518,1509,0.11748235845573791
995,513,1508,0.11748904668405974
978,521,1499,0.11748797680078767
983,518,1501,0.11752922069607513
985,520,1505,0.11755561665166907
977,519,1496,0.11757369275215263
974,529,1503,0.1176085334926881
972,527,1499,0.11765063017510073
973,533,1506,0.1176946472021669
970,527,1497,0.11773468836442103
968,528,1496,0.11777921194340758
961,532,1493,0.11782619709222832
954,536,1490,0.11788832309122224
959,538,1497,0.1179625254530686
968,537,1505,0.11801901922366564
971,537,1508,0.11804718889062471
972,532,1504,0.11806725734625212
976,527,1503,0.11808057488091814
985,533,1518,0.11808266630832234
984,536,1520,0.11806327416792456
982,537,1519,0.11804821769591572
971,535,1506,0.11804041750634697
967,533,1500,0.11805886913594668
952,540,1492,0.11808698032446674
947,542,1489,0.11814884229555041
947,538,1485,0.11822002141868887
950,540,1490,0.11828720011912777
952,550,1502,0.11834226605308029
943,556,1499,0.11839135205874873
937,564,1501,0.11846015360267473
925,569,1494,0.11853934628908291
932,565,1497,0.11864242612730372
927,573,1500,0.11872062246991186
926,567,1493,0.118803009945162
929,570,1499,0.11887848612044316
929,580,1509,0.11894444637235228
935,584,1519,0.11900692931803633
942,581,1523,0.11905197379591655
935,572,1507,0.11907676977981438
940,569,1509,0.1191153501037861
933,568,1501,0.11913973694823288
935,568,1503,0.1191808266563455
941,565,1506,0.1192122917214278
934,569,1503,0.1192269959566869
937,571,1508,0.11926028020457478
940,577,1517,0.11928555930480371
920,582,1502,0.11930261315812593
923,581,1504,0.11936679545497846
926,579,1505,0.11942105042018328
914,594,1508,0.11946233041857937
913,590,1503,0.11953019416165195
922,593,1515,0.1195946460065985
916,593,1509,0.11963288879682557
916,587,1503,0.1196828227301721
920,586,1506,0.11972755705282352
921,581,1502,0.11976000662496064
912,589,1501,0.11979017482248679
904,584,1488,0.11983973380517533
911,579,1490,0.1199051622194188
916,589,1505,0.11994811163956254
919,587,1506,0.11997525584492114
915,585,1500,0.11999555932370722
916,588,1504,0.12002252034895111
917,589,1506,0.12004239384156844
928,590,1518,0.12005820185087179
918,581,1499,0.12004648636881474
913,583,1496,0.12006018323554699
925,588,1513,0.12008661992573373
922,588,1510,0.12008206685095164
926,592,1518,0.12008740861115567
917,587,1504,0.12008309821718686
914,585,1499,0.12009993447084588
920,576,1496,0.12012280353920737
919,575,1494,0.12012945770347377
924,580,1504,0.12013776117270099
919,589,1508,0.12013275676317725
913,592,1505,0.12014023897866069
897,588,1485,0.12016180159615684
887,591,1478,0.12022052059511917
893,593,1486,0.12029801941062583
907,597,1504,0.1203564217107343
914,599,1513,0.12037631809299824
913,596,1509,0.1203767774346121
899,601,1500,0.12038245172481937
896,605,1501,0.12042232863736979
895,603,1498,0.12046785373927932
893,604,1497,0.12051216009795147
887,604,1491,0.12055924524908328
885,610,1495,0.12061766283391265
887,614,1501,0.12067668415553462
891,614,1505,0.12072689320500064
886,623,1509,0.12076160140962632
886,610,1496,0.12080287473073746
881,613,1494,0.12084390520459141
869,623,1492,0.12089420455621208
865,626,1491,0.12096980807030659
858,626,1484,0.12104981236495516
872,628,1500,0.12114132046602197
870,629,1499,0.12119370289197998
869,638,1507,0.12124888921000926
871,634,1505,0.1212995453789387
857,641,1498,0.12134424812655922
843,649,1492,0.12141868843910027
841,652,1493,0.12152045278521292
848,647,1495,0.12161915814324951
847,640,1487,0.121696120047705
850,639,1489,0.12177064564646678
846,656,1502,0.12183314213261412
850,648,1498,0.12189913415159666
850,651,1501,0.12195298231667405
845,649,1494,0.12200435671936283
847,662,1509,0.12206550307600911
848,663,1511,0.12211633412250578
839,664,1503,0.12216281745500847
835,662,1497,0.12222822703955552
835,656,1491,0.12229811489296383
841,669,1510,0.122359587550311
845,665,1510,0.12240301096486837
841,656,1497,0.12243107148581864
849,657,1506,0.1224647454235766
851,654,1505,0.12247986027718039
842,651,1493,0.12248897203794462
840,660,1500,0.12251952904702385
828,664,1492,0.12255488337229252
830,663,1493,0.12261509130301061
840,666,1506,0.12266677968527112
836,673,1509,0.1226883829387205
837,666,1503,0.12272023367459045
836,675,1511,0.12274795871430769
817,679,1496,0.12277602553387063
820,672,1492,0.12284728968136639
825,675,1500,0.12290728002251958
819,677,1496,0.12294802064466136
811,686,1497,0.12299985044162302
809,687,1496,0.12306745417871603
808,682,1490,0.12313420474001012
810,686,1496,0.12319986526494152
811,694,1505,0.1232525199726587
816,686,1502,0.12330074125651645
818,697,1515,0.12333357181642311
802,705,1507,0.12336014709553549
806,697,1503,0.12342097121833795
816,699,1515,0.12346778116583462
811,691,1502,0.12348948060621671
806,690,1496,0.12352154610712703
805,701,1506,0.12356436670498154
813,698,1511,0.12360981627259929
813,694,1507,0.12363422172390001
815,709,1524,0.12365737768439004
799,711,1510,0.123675924960897
799,707,1506,0.1237315654955926
794,716,1510,0.12378451968114888
791,717,1508,0.12384711420102747
801,713,1514,0.1239109586678159
796,711,1507,0.12394656105754048
792,709,1501,0.12398971301606876
785,703,1488,0.1240392689270057
777,714,1491,0.1241011076148688
776,716,1492,0.12417784709854807
778,729,1507,0.12425171838698734
761,729,1490,0.12431557232070264
757,723,1480,0.12441554191699163
759,734,1493,0.12451768647641524
764,742,1506,0.12460609055254651
763,737,1500,0.12467489121250978
762,745,1507,0.12474480648776243
752,733,1485,0.12481391167773921
758,742,1500,0.12490395160845826
749,737,1486,0.12497210135023265
749,750,1499,0.12505751219357777
756,750,1506,0.12513596311931818
746,755,1501,0.12518981458333103
752,748,1500,0.12526395919606773
746,755,1501,0.12532102070533577
746,758,1504,0.12538603320802955
745,760,1505,0.12544536959233707
755,763,1518,0.1255057784855469
749,767,1516,0.1255378470440633
743,769,1512,0.12558242590485466
733,768,1501,0.1256384212529163
733,771,1504,0.12571330549658014
732,772,1504,0.12578390435422895
730,774,1504,0.12584986425213676
729,773,1502,0.12591931633771875
717,773,1490,0.12598731714319936
729,771,1500,0.1260797700569153
736,774,1510,0.12613681288142023
732,776,1508,0.12617342997310974
739,783,1522,0.12621661124220973
726,778,1504,0.12623969340571675
726,781,1507,0.12629337527399173
721,775,1496,0.12634270808023568
715,785,1500,0.1264012355936405
713,772,1485,0.12646902639489008
718,772,1490,0.1265366186939209
724,777,1501,0.12658668250886035
724,768,1492,0.12661542092236572
720,779,1499,0.1266448211011962
714,781,1495,0.12668272491739904
713,788,1501,0.12673362685718892
712,793,1505,0.12678393977813043
709,787,1496,0.1268360351853464
708,783,1491,0.12689276747014003
699,784,1483,0.12694792167683727
699,791,1490,0.1270206946797875
708,792,1500,0.12708678925650313
706,809,1515,0.1271236014934431
703,812,1515,0.12716269962748708
696,804,1500,0.12720969327672316
693,806,1499,0.12727142400492572
695,812,1507,0.12733597035145822
702,812,1514,0.12738898980469002
709,801,1510,0.1274234629112862
696,809,1505,0.12743821748689396
697,802,1499,0.1274826683814911
694,804,1498,0.12751991095338935
699,803,1502,0.12756072884759845
703,804,1507,0.12758583495180978
710,808,1518,0.12760089380230022
711,815,1526,0.12760066987425353
714,818,1532,0.12759799526338877
704,817,1521,0.12758887694212595
698,815,1513,0.12760468304118372
694,814,1508,0.12763519370892612
687,824,1511,0.1276735100675464
688,819,1507,0.12772594128748985
691,818,1509,0.12777507111471437
700,831,1531,0.12781254460821512
696,833,1529,0.12782589900209135
701,834,1535,0.12784617302213117
692,826,1518,0.12785395270634878
686,822,1508,0.12788443584716616
686,816,1502,0.12792626468887913
686,810,1496,0.12796422209620859
683,821,1504,0.12800161752866582
680,834,1514,0.12804677488052485
677,839,1516,0.128094926161714
676,836,1512,0.12814709055740053
676,841,1517,0.12819835184721928
672,844,1516,0.12824774838149594
673,839,1512,0.12830335706826265
677,845,1522,0.12835144046781263
661,841,1502,0.128386171595096
652,841,1493,0.12845592064023095
657,862,1519,0.12854009551230244
651,865,1516,0.12860584417799026
649,868,1517,0.12868326794609578
647,877,1524,0.12876120702555865
643,876,1519,0.12883888455415538
645,875,1520,0.1289217932929017
645,874,1519,0.12899446391691272
645,869,1514,0.1290635348827449
649,872,1521,0.1291268307973874
633,872,1505,0.1291770355714937
615,883,1498,0.12926174616137612
610,891,1501,0.1293830609396719
608,889,1497,0.1295083641326774
620,888,1508,0.12962772995266802
618,891,1509,0.12970906732528126
620,888,1508,0.1297903540468418
613,893,1506,0.12986036985027113
609,892,1501,0.12993889858688967
608,888,1496,0.13002280237794894
607,891,1498,0.1301037504638565
613,888,1501,0.130180963843817
617,886,1503,0.1302390074300735
609,884,1493,0.13028023051321777
606,880,1486,0.13033570538299488
608,890,1498,0.13039441390384143
602,896,1498,0.13044145549971817
608,896,1504,0.13050282652790826
610,900,1510,0.1305458242582197
604,891,1495,0.13058098317712577
595,894,1489,0.13062779241355224
593,891,1484,0.13069267702652632
597,898,1495,0.13075982560299423
594,898,1492,0.1308115935307057
596,907,1503,0.13086647899812193
603,920,1523,0.13091152779275564
605,923,1528,0.1309382059352646
598,927,1525,0.1309593986835173
600,917,1517,0.1309969938380776
594,920,1514,0.1310293915952899
585,925,1510,0.13107516201538214
590,931,1521,0.13114046663087872
584,926,1510,0.13118929188438513
588,932,1520,0.13125016036110182
584,933,1517,0.13129932557624552
575,932,1507,0.131353439097251
577,944,1521,0.13142597833763567
575,941,1516,0.13149039794461628
561,939,1500,0.131556578742114
555,954,1509,0.13165086097735343
561,968,1529,0.13175368523212097
548,959,1507,0.13183563866215697
542,959,1501,0.13194215754751618
546,965,1511,0.13205472928514353
547,968,1515,0.1321517227379548
550,969,1519,0.13224023608186924
545,964,1509,0.13231596300515583
541,953,1494,0.13240045258640445
544,950,1494,0.13248706830310325
539,965,1504,0.13256110081483186
539,973,1512,0.13264263052077843
540,975,1515,0.13272009564420092
538,972,1510,0.1327886748510382
540,984,1524,0.13285592096693555
540,978,1518,0.13291520898650697
540,977,1517,0.13297085366753106
529,969,1498,0.13302252049124103
527,966,1493,0.13309529316571875
526,966,1492,0.13316712565072691
517,978,1495,0.13323782315989707
520,985,1505,0.13332759223293478
516,983,1499,0.13340303273937493
522,980,1502,0.13348418983693577
517,981,1498,0.13354637283172774
521,986,1507,0.13361544248016854
516,989,1505,0.133667899316026
519,989,1508,0.13372834220075475
513,996,1509,0.13377769194886285
496,1004,1500,0.1338365136678449
506,1007,1513,0.13393489713690657
503,1003,1506,0.13400333124608246
504,996,1500,0.13407608978709307
504,1006,1510,0.13414254158685435
502,1024,1526,0.13420718547532967
498,1013,1511,0.13427289984842017
491,1007,1498,0.13434354758779865
490,1014,1504,0.13442498593333144
485,1013,1498,0.1345035631975555
486,1017,1503,0.13458881613886572
485,1018,1503,0.13466605566273318
482,1024,1506,0.13473978247717638
486,1034,1520,0.13481546243920361
472,1033,1505,0.13487646875722986
475,1030,1505,0.1349684206559118
478,1039,1517,0.13504683952583785
478,1033,1511,0.13511095285969643
482,1031,1513,0.1351709974987903
487,1034,1521,0.1352196590743681
482,1034,1516,0.1352537400532034
487,1037,1524,0.13529687575674448
490,1039,1529,0.13532386771370236
490,1028,1518,0.13534252874829208
494,1034,1528,0.135357796847876
497,1032,1529,0.1353620648872316
492,1017,1509,0.13535863657452318
481,1017,1498,0.135367406709909
486,1021,1507,0.13540191015298209
484,1028,1512,0.13542362769992022
475,1031,1506,0.13544820530297907
473,1030,1503,0.13549333374365496
478,1037,1515,0.13553969039796496
474,1047,1521,0.13557183680612156
473,1029,1502,0.13561186825567512
474,1027,1501,0.13565080269546959
485,1028,1513,0.13568532919423443
477,1021,1498,0.13569059992019628
479,1011,1490,0.13571438986228995
471,1030,1501,0.1357324024646399
478,1032,1510,0.135765410344753
476,1022,1498,0.13577772719590506
475,1036,1511,0.1357934760046863
480,1026,1506,0.1358110947471875
474,1037,1511,0.13581478014463996
479,1041,1520,0.1358342965569078
480,1043,1523,0.13583766053239857
481,1047,1528,0.1358389497452215
479,1038,1517,0.13583643478163146
479,1031,1510,0.13584221122908433
472,1030,1502,0.13584948859372797
471,1026,1497,0.13587452438326658
464,1034,1498,0.13589954330875073
465,1037,1502,0.1359400487165935
466,1035,1501,0.1359764594044257
460,1044,1504,0.1360050599845179
459,1041,1500,0.13604695746622825
459,1043,1502,0.13609022348679387
465,1053,1518,0.1361307193229443
463,1049,1512,0.13615439959905365
457,1036,1493,0.1361836435881807
463,1043,1506,0.13622709615838816
457,1054,1511,0.13625283884420142
449,1055,1504,0.13629331826313748
445,1054,1499,0.13635076573439572
446,1054,1500,0.1364117658169676
439,1053,1492,0.13646704885574856
441,1067,1508,0.13653441008449593
428,1067,1495,0.13659350711316975
426,1074,1500,0.13667994357453236
441,1078,1519,0.13676808711316396
439,1086,1525,0.1368129423095829
437,1076,1513,0.136859490241589
424,1068,1492,0.1369080723500435
434,1071,1505,0.1369852138040744
432,1079,1511,0.1370319731291117
434,1082,1516,0.13707972347919326
429,1088,1517,0.1371176168705695
432,1080,1512,0.13716450423036441
436,1068,1504,0.1372015976870458
439,1075,1514,0.1372275148381307
435,1081,1516,0.13724466235683838
434,1080,1514,0.13726939649599568
434,1077,1511,0.13729624456440598
432,1073,1505,0.13732353297132727
424,1074,1498,0.13735450205688254
427,1085,1512,0.13740136675661682
416,1086,1502,0.1374390446577047
417,1095,1512,0.13749922728076286
417,1094,1511,0.13755207208374454
407,1101,1508,0.13759692554281114
405,1097,1502,0.13766379816417174
408,1093,1501,0.13773174982473427
409,1092,1501,0.13778867175556272
400,1106,1506,0.13784076328729547
398,1108,1506,0.13791004491110478
400,1112,1512,0.13798148262139687
408,1119,1527,0.13804399033187584
409,1121,1530,0.1380820699454369
397,1109,1506,0.13811599375159947
400,1116,1516,0.13817557559363988
398,1111,1509,0.138226213319621
399,1103,1502,0.1382781905242004
398,1111,1509,0.1383256252887517
405,1109,1514,0.1383697427284559
403,1102,1505,0.13839430617560503
401,1104,1505,0.13841982387003615
398,1099,1497,0.13844890773921079
396,1100,1496,0.138483107442915
396,1116,1512,0.1385242043245622
388,1121,1509,0.13856181600677672
388,1126,1514,0.13861663383669875
393,1139,1532,0.13866930099399208
389,1126,1515,0.13870761330766504
393,1126,1519,0.1387532210202423
390,1122,1512,0.13878540378414417
394,1124,1518,0.138821346807236
379,1127,1506,0.13884773357871563
377,1128,1505,0.1389069287860589
377,1127,1504,0.13896577145969816
379,1122,1501,0.13902085192169422
376,1127,1503,0.13906671405103982
377,1129,1506,0.1391166953925654
378,1129,1507,0.1391610018280409
381,1134,1515,0.1391991319922296
389,1123,1512,0.13922672841659536
391,1122,1513,0.13923314211389218
390,1128,1518,0.13923340358310093
382,1126,1508,0.1392365869610468
383,1132,1515,0.13925806589690023
391,1128,1519,0.139274762819929
386,1115,1501,0.13927227157484906
386,1117,1503,0.13928359314960348
391,1119,1510,0.13929175512913786
390,1128,1518,0.1392875846431885
377,1124,1501,0.13928638958316314
378,1129,1507,0.13931808613162697
373,1131,1504,0.1393440092334722
367,1131,1498,0.1393810448968482
371,1131,1502,0.13942943106264294
376,1132,1508,0.1394668322343354
370,1141,1511,0.13949152281752147
367,1150,1517,0.1395298258310018
369,1151,1520,0.1395724079159348
366,1146,1512,0.13960913887848625
358,1150,1508,0.1396512222931982
358,1160,1518,0.139708104029138
366,1146,1512,0.1397614395561241
360,1141,1501,0.13978983393985675
358,1146,1504,0.13983177336698754
357,1142,1499,0.1398735830509744
362,1146,1508,0.1399144028288315
358,1159,1517,0.13993999870333554
353,1152,1505,0.1399760318855228
348,1150,1498,0.14002337432856768
349,1149,1498,0.14007877923196257
349,1153,1502,0.14012746863552125
351,1153,1504,0.140173038743802
354,1161,1515,0.14020780575369107
355,1153,1508,0.1402349116115196
352,1159,1511,0.14025707995360043
348,1171,1519,0.14028814402163295
349,1173,1522,0.14032659986968174
340,1170,1510,0.1403619094387964
343,1176,1519,0.14041841302450578
336,1174,1510,0.14046520355308598
337,1192,1529,0.14052520176508224
335,1178,1513,0.1405764470783841
325,1181,1506,0.1406316604252738
324,1181,1505,0.14070760237247343
320,1189,1509,0.1407816302718091
322,1195,1517,0.14085891164082187
316,1193,1509,0.14092577711050633
315,1186,1501,0.1410033455635009
312,1182,1494,0.14107783115626496
318,1193,1511,0.14115309780223448
321,1193,1514,0.1412107579238161
321,1193,1514,0.14125471000563317
317,1197,1514,0.14129475690070598
317,1200,1517,0.1413422349624272
315,1202,1517,0.14138848722468844
317,1198,1515,0.1414370905819319
319,1189,1508,0.14147913699123704
320,1193,1513,0.1415116352427172
323,1194,1517,0.1415394017900131
321,1191,1512,0.14155930288005567
320,1199,1519,0.14158380246749783
317,1190,1507,0.14160968414626027
316,1196,1512,0.14164071838160905
319,1209,1528,0.14167162390284685
314,1209,1523,0.14169209000785074
310,1207,1517,0.14172313795392447
310,1207,1517,0.14176110348432566
307,1204,1511,0.14179770785714926
306,1206,1512,0.14183990499078392
308,1207,1515,0.14188168115890792
305,1211,1516,0.14191645205386258
301,1215,1516,0.14195669520139018
302,1202,1504,0.14200344171440915
301,1209,1510,0.1420446084867471
297,1213,1510,0.14208494268303076
298,1213,1511,0.14213249731986813
294,1223,1517,0.1421754546448243
297,1230,1527,0.1422251374608142
302,1227,1529,0.14226550487443407
299,1227,1526,0.1422900874746265
295,1217,1512,0.14231996026762408
302,1215,1517,0.14235756530837562
306,1212,1518,0.14237486574442634
300,1214,1514,0.1423794446670319
296,1214,1510,0.1423991022503255
297,1217,1514,0.14242425998473102
296,1222,1518,0.14244617950555724
301,1213,1514,0.14246832140223278
299,1216,1515,0.14247743942760105
294,1218,1512,0.14249272809904628
293,1223,1516,0.14252168762320477
292,1217,1509,0.1425522270697478
289,1225,1514,0.14258428933860984
284,1230,1514,0.14262020293286665
285,1221,1506,0.14266734256488167
278,1233,1511,0.1427089603501509
279,1246,1525,0.14276670226684263
279,1246,1525,0.14281952939195647
278,1233,1511,0.14286953450991535
276,1250,1526,0.14291686793327718
274,1238,1512,0.14296556477305838
275,1236,1511,0.1430155872520217
269,1241,1510,0.14305926986740597
264,1245,1509,0.14311640042685186
264,1246,1510,0.14318150510726113
270,1244,1514,0.1432420882172109
268,1252,1520,0.14328096107818838
268,1254,1522,0.14332203851949063
269,1245,1514,0.1433619120742349
263,1254,1517,0.1433987859251557
265,1252,1517,0.1434482307042759
259,1244,1503,0.1434893614976651
260,1235,1495,0.14354179934935926
258,1252,1510,0.1435877206784985
259,1265,1524,0.1436359055114494
262,1261,1523,0.14367762209139104
259,1262,1521,0.14371004189948874
260,1263,1523,0.14374705140224964
260,1269,1529,0.14377860091074893
256,1267,1523,0.14381025978667014
249,1272,1521,0.14385046101099025
247,1269,1516,0.14390290882640455
245,1266,1511,0.14395860437422367
247,1274,1521,0.14401600384574262
248,1269,1517,0.1440652182664799
249,1280,1529,0.1441056178177217
250,1264,1514,0.14414111545260716
252,1268,1520,0.14416934564411363
250,1269,1519,0.14419095113649727
251,1255,1506,0.14421634713436088
251,1257,1508,0.14423921797408412
253,1259,1512,0.14425717332935664
248,1259,1507,0.14427043944867965
247,1260,1507,0.14429561867903165
249,1259,1508,0.14432301631804567
249,1259,1508,0.1443437999385211
253,1256,1509,0.14436136725574022
246,1259,1505,0.1443667120416957
246,1263,1509,0.14438996939020085
247,1270,1517,0.14441316425589376
246,1264,1510,0.14443148512574389
245,1270,1515,0.14445174770390456
241,1272,1513,0.1444737191655968
241,1277,1518,0.14450512771905555
244,1278,1522,0.14453461844099016
238,1279,1517,0.14455546852980503
238,1275,1513,0.14458714232703496
231,1284,1515,0.14461704674012663
230,1273,1503,0.1446620765316059
233,1281,1514,0.14470653467363204
236,1298,1534,0.14474046250354128
238,1292,1530,0.14476469442998588
240,1282,1522,0.14478223631516804
238,1277,1515,0.1447911439969671
244,1269,1513,0.14480479824119896
241,1289,1530,0.14480336473924316
239,1292,1531,0.14481114594235228
238,1278,1516,0.144824501276573
239,1280,1519,0.14483717365630425
232,1285,1517,0.14484615673808932
228,1290,1518,0.14487260395214002
235,1284,1519,0.14490826122189068
238,1281,1519,0.14492293284900723
234,1274,1508,0.14492704216807042
241,1266,1507,0.1449427547383681
242,1260,1502,0.14494076151812518
240,1255,1495,0.1449356618491432
237,1272,1509,0.1449368025970156
236,1276,1512,0.14494444523392333
243,1281,1524,0.14495466580525718
238,1288,1526,0.14494481189241237
241,1283,1524,0.14494740665112046
238,1280,1518,0.1449452024614946
236,1273,1509,0.14495180747988015
232,1286,1518,0.14496472841487276
231,1290,1521,0.14498527565918853
230,1283,1513,0.1450065753700834
229,1288,1517,0.14502934276101545
227,1295,1522,0.1450534316505844
229,1294,1523,0.14507830208616107
230,1281,1511,0.14509696150404072
223,1283,1506,0.14511103818976584
227,1291,1518,0.1451416808563689
223,1303,1526,0.14516076990124716
223,1301,1524,0.1451876579735987
224,1307,1531,0.14521517126904362
221,1295,1516,0.145235305366667
223,1302,1525,0.14526267596829834
222,1297,1519,0.1452842297165845
216,1297,1513,0.1453078476241701
220,1304,1524,0.14534260774460017
220,1306,1526,0.14536618478214694
224,1308,1532,0.1453899390192909
223,1299,1522,0.14540132501531275
218,1310,1528,0.1454136908254624
216,1297,1513,0.1454374812675734
219,1286,1505,0.14546540141143158
218,1287,1505,0.14548305845370968
226,1294,1520,0.14550073620074788
224,1296,1520,0.14549815604331706
223,1285,1508,0.14550099084182416
223,1295,1518,0.14550752596277639
224,1289,1513,0.14551501152746205
223,1294,1517,0.145517878504347
226,1291,1517,0.14552380917494095
226,1293,1519,0.14552231569372487
223,1299,1522,0.145520625746142
222,1298,1520,0.1455262238333361
220,1299,1519,0.14553498753319222
217,1303,1520,0.1455478356333619
213,1292,1505,0.14556764925309415
216,1288,1504,0.14559665377534892
216,1283,1499,0.14561727884717388
215,1285,1500,0.1456367327064144
217,1297,1514,0.14565904081557046
215,1283,1498,0.14567432695403285
220,1278,1498,0.14569403271155235
221,1295,1516,0.1456982849937069
226,1301,1527,0.14569959547654707
229,1309,1538,0.1456888145546719
223,1294,1517,0.14567205362692742
221,1303,1524,0.14567050158714615
220,1292,1512,0.14567548452726345
224,1287,1511,0.14568288426455528
223,1289,1512,0.14567983076567953
227,1289,1516,0.1456801028910412
229,1296,1525,0.14566985924205128
227,1303,1530,0.14565323730637325
225,1303,1528,0.14564207396673381
224,1296,1520,0.14563764041772762
222,1307,1529,0.14563893884118373
225,1307,1532,0.14564489418550275
219,1302,1521,0.1456426057517066
214,1309,1523,0.14565399547043603
214,1313,1527,0.14567525230692813
211,1308,1519,0.14569615117345408
206,1311,1517,0.14572324358908914
200,1315,1515,0.14576095093283123
201,1303,1504,0.1458114337737453
201,1306,1507,0.1458556086644856
197,1318,1515,0.14589669676342457
193,1319,1512,0.1459434073721031
203,1310,1513,0.14599776917338608
202,1324,1526,0.14602302265031805
193,1327,1520,0.14604888585820813
188,1324,1512,0.14609343009913492
197,1319,1516,0.1461475476678552
198,1327,1525,0.14617613490326975
197,1331,1528,0.1462021742909595
191,1331,1522,0.14623026278653842
193,1326,1519,0.14627041877109417
194,1314,1508,0.14630493490549867
193,1316,1509,0.146334379525764
196,1323,1519,0.14636456374000342
193,1317,1510,0.14638515958010342
197,1309,1506,0.14641248256444084
195,1313,1508,0.14642581175168373
194,1321,1515,0.1464431406346586
194,1310,1504,0.1464614109679657
193,1314,1507,0.1464797570800825
190,1314,1504,0.14649802276375287
189,1307,1496,0.14652247611788724
186,1330,1516,0.14654764178914012
186,1329,1515,0.14657734133353045
186,1334,1520,0.14660515418806902
185,1323,1508,0.14663133439904336
180,1329,1509,0.1466587437726774
180,1338,1518,0.14669658126283935
182,1339,1521,0.14673320223979266
184,1323,1507,0.14676145680426075
185,1329,1514,0.14678091955681905
183,1330,1513,0.14679593599352406
179,1324,1503,0.14681673262193398
183,1328,1511,0.1468474219923598
184,1333,1517,0.14686324922403327
181,1350,1531,0.14687499030466072
175,1340,1515,0.14689220119865135
176,1337,1513,0.14692388070304183
179,1339,1518,0.14694957129248956
176,1338,1514,0.14696641043757933
178,1348,1526,0.14699023027069635
178,1348,1526,0.1470088771325891
175,1343,1518,0.14702559125836173
172,1342,1514,0.14705075209301335
170,1340,1510,0.14708216098708127
169,1338,1507,0.1471146770266799
167,1341,1508,0.1471485139057588
168,1344,1512,0.14718415355160477
166,1342,1508,0.14721457736498045
166,1345,1511,0.14724665106914966
168,1355,1523,0.14727621453181647
168,1360,1528,0.14729792566265698
166,1354,1520,0.147318753381542
169,1351,1520,0.14734324775207577
167,1344,1511,0.14736061976702383
162,1368,1530,0.14738251785352907
155,1362,1517,0.14741558887800932
156,1361,1517,0.1474642631164937
154,1360,1514,0.14750796045555997
159,1352,1511,0.14755313767658784
158,1364,1522,0.14758449209277036
153,1360,1513,0.1476167371629026
142,1371,1513,0.14765850181458873
142,1370,1512,0.14772389019555035
140,1369,1509,0.14778540003918647
134,1367,1501,0.14784774014469218
136,1378,1514,0.14791991231611046
134,1366,1500,0.1479829157115679
137,1368,1505,0.14804642985830138
136,1366,1502,0.1480982818513315
137,1362,1499,0.1481497322893764
138,1370,1508,0.1481957814824401
137,1366,1503,0.14823612412624043
134,1367,1501,0.14827674362525786
131,1368,1499,0.1483217571452706
133,1374,1507,0.14837125060611744
134,1378,1512,0.14841208507514383
132,1382,1514,0.14844907162775287
132,1390,1522,0.1484891735144106
132,1387,1519,0.14852632065657187
132,1386,1518,0.14856049004808086
130,1392,1522,0.14859154495348037
133,1391,1524,0.14862606799242203
134,1396,1530,0.1486490615701558
139,1376,1515,0.14866755321758468
139,1381,1520,0.14867326621860158
137,1376,1513,0.14867947381923705
138,1397,1535,0.1486885939615417
140,1385,1525,0.1486952892366155
139,1388,1527,0.14869532347174347
140,1393,1533,0.1486996726965615
137,1386,1523,0.1487001252060981
142,1383,1525,0.14870941107394794
144,1374,1518,0.14870194901137426
139,1369,1508,0.14868943899844678
141,1374,1515,0.14868990120100178
138,1372,1510,0.1486847545297788
141,1376,1517,0.14868809969815966
139,1368,1507,0.14868556238295697
137,1370,1507,0.1486896372518384
138,1375,1513,0.14869954573348226
137,1373,1510,0.14870647211359453
138,1372,1510,0.14871555645043383
135,1371,1506,0.14872109036380243
135,1386,1521,0.14873379454931
131,1378,1509,0.14874462712966527
135,1386,1521,0.1487650563907933
135,1380,1515,0.1487738079716688
134,1389,1523,0.14878109220757962
135,1380,1515,0.14879045839065286
131,1382,1513,0.148797277713493
132,1388,1520,0.14881379939376516
135,1381,1516,0.1488280706628991
130,1380,1510,0.1488335537698524
127,1386,1513,0.14884964861671357
131,1387,1518,0.14887154609064182
132,1389,1521,0.14888101101277518
128,1398,1526,0.14888832412964115
129,1407,1536,0.14890449286525942
129,1400,1529,0.14891827208613076
125,1396,1521,0.14893252442261284
127,1380,1507,0.14895582931949003
125,1394,1519,0.1489730716758866
126,1392,1518,0.14899511986362945
123,1396,1519,0.14901413260557084
121,1381,1502,0.14903903572827754
120,1390,1510,0.14906748455509938
119,1389,1508,0.14909618519307674
118,1382,1500,0.14912558701601467
121,1384,1505,0.14915519444547953
123,1393,1516,0.14917441121654376
123,1394,1517,0.14918663604633894
121,1396,1517,0.14919884859404908
120,1411,1531,0.1492158868604654
115,1399,1514,0.1492329185182523
118,1394,1512,0.1492611413179672
121,1379,1500,0.14927983954441854
124,1387,1511,0.14928988372118357
127,1385,1512,0.14929180724705055
126,1385,1511,0.14928523819179823
123,1396,1519,0.14928281725797984
119,1387,1506,0.14928914820512115
118,1394,1512,0.14930501664046578
115,1405,1520,0.14932316568969178
115,1402,1517,0.1493473160772391
117,1415,1532,0.14936903803715443
113,1412,1525,0.14938520529385035
113,1411,1524,0.14941075778204763
112,1410,1522,0.149435546512603
113,1392,1505,0.1494610083730803
115,1400,1515,0.14948232125419175
116,1406,1522,0.14949692316626403
116,1398,1514,0.14950829973397675
113,1414,1527,0.14951842024220346
113,1422,1535,0.14953572109516358
118,1417,1535,0.14955233726342065
120,1414,1534,0.14955596155077766
120,1411,1531,0.14955383625795193
120,1405,1525,0.14955019392305693
122,1410,1532,0.1495474630773457
118,1401,1519,0.14953935948496155
116,1404,1520,0.14954187691704393
109,1400,1509,0.14954975285233385
109,1403,1512,0.14957390978189186
107,1419,1526,0.14959649971708425
107,1407,1514,0.14962288475516153
106,1409,1515,0.14964793504260201
104,1413,1517,0.14967469424157287
100,1414,1514,0.1497049039271813
98,1422,1520,0.1497433000015092
103,1419,1522,0.14978382600316764
103,1419,1522,0.14980748761008994
103,1417,1520,0.14983049850281233
103,1422,1525,0.14985126658057632
102,1419,1521,0.14987084468694045
99,1425,1524,0.14989247125493954
100,1421,1521,0.14991973191063257
100,1427,1527,0.1499427152932533
100,1431,1531,0.1499644194718441
98,1412,1510,0.14998563722855987
97,1414,1511,0.1500100585445684
96,1420,1516,0.15003580611148673
92,1428,1520,0.1500619959238215
92,1429,1521,0.15009482964711796
98,1429,1527,0.15012469012110644
99,1425,1524,0.15013706900682713
100,1417,1517,0.1501458197725393
97,1421,1518,0.15015179099675902
94,1435,1529,0.15016389386297335
92,1424,1516,0.15018389069975072
91,1436,1527,0.150207943557756
94,1430,1524,0.15023328383439158
93,1426,1519,0.15024805464891386
93,1424,1517,0.15026452599132656
93,1411,1504,0.15028010844580003
95,1415,1510,0.15029448540938659
94,1411,1505,0.1503021684339954
94,1412,1506,0.1503120077767369
96,1428,1524,0.15032055768450142
94,1433,1527,0.15032308850941592
93,1432,1525,0.15033139202588724
91,1420,1511,0.15034162016537828
92,1425,1517,0.1503568671989868
93,1416,1509,0.15036906056927982
95,1427,1522,0.1503770986604252
94,1433,1527,0.15037956826657692
90,1428,1518,0.1503856727565208
90,1439,1529,0.15040128205204148
92,1436,1528,0.15041539043568827
92,1436,1528,0.15042359270665678
91,1447,1538,0.15043168959493344
91,1445,1536,0.15044163064221608
90,1446,1536,0.15045178763360667
91,1437,1528,0.15046363818390002
90,1430,1520,0.15047236573731484
91,1432,1523,0.1504834929831291
88,1427,1515,0.15049145904525826
88,1427,1515,0.1505063460758593
90,1433,1523,0.15052097579105894
88,1432,1520,0.15052891632575285
87,1437,1524,0.15054126445589022
87,1432,1519,0.1505557448103602
89,1428,1517,0.15056841948332628
88,1433,1521,0.15057551482568884
88,1433,1521,0.15058521870979813
86,1437,1523,0.1505949286538938
86,1432,1518,0.1506083428531029
86,1434,1520,0.15061967721348793
85,1442,1527,0.1506311115530232
82,1434,1516,0.1506457554750551
84,1432,1516,0.15066517903877563
84,1434,1518,0.15067868304032742
85,1431,1516,0.15069231970672953
82,1426,1508,0.15070240797938758
81,1437,1518,0.15071944221200867
79,1452,1531,0.150738952451255
79,1443,1522,0.15076062766468026
79,1436,1515,0.1507815744157986
79,1425,1504,0.15079916340098826
79,1438,1517,0.15081626207431298
76,1443,1519,0.15083195082517528
78,1427,1505,0.15085376299011663
79,1428,1507,0.15086869440535325
77,1428,1505,0.15088067300899596
83,1428,1511,0.15089526631155542
85,1430,1515,0.1508924722819249
83,1422,1505,0.15088564695005866
80,1427,1507,0.15088492229503178
78,1432,1510,0.15089239402443824
77,1433,1510,0.15090506421455158
75,1447,1522,0.1509193594344152
76,1435,1511,0.15093746228455865
70,1447,1517,0.15095227109485548
70,1445,1515,0.15098061142853825
69,1441,1510,0.15100774020644978
71,1439,1510,0.15103617519063234
71,1438,1509,0.151057513232172
71,1448,1519,0.1510780557534611
68,1451,1519,0.1510978020834266
66,1441,1507,0.15112258713495388
66,1449,1515,0.15114988850515929
68,1449,1517,0.15117605509961016
70,1451,1521,0.15119628215450007
69,1448,1517,0.1512098065594071
70,1446,1516,0.15122485052326531
68,1451,1519,0.1512371136793904
67,1453,1520,0.15125357535847977
67,1450,1517,0.15127190581254776
64,1450,1514,0.15128953688430943
64,1454,1518,0.1513126675233066
62,1459,1521,0.15133322023506482
62,1460,1522,0.15135774096969828
61,1455,1516,0.1513806372867462
62,1460,1522,0.15140443972805762
61,1464,1525,0.15142416904020678
61,1460,1521,0.15144549568450594
60,1448,1508,0.15146430443080566
62,1442,1504,0.15148412564244496
61,1452,1513,0.15149830856684332
63,1462,1525,0.1515145380896281
64,1460,1524,0.15152507447706323
63,1453,1516,0.1515321767547057
61,1446,1507,0.15154076212594397
60,1451,1511,0.15155448322233325
59,1445,1504,0.15157005916279867
56,1459,1515,0.15158669164398167
55,1456,1511,0.15160947541517683
57,1463,1520,0.15163273247405162
57,1455,1512,0.15164862464240472
57,1452,1509,0.1516638288619391
55,1467,1522,0.1516791003955641
52,1474,1526,0.151698839816738
47,1470,1517,0.15172477714858018
48,1482,1530,0.15176108456126922
50,1480,1530,0.15179318718996315
49,1482,1531,0.15181851438332253
49,1480,1529,0.15184387647704206
51,1480,1531,0.15186713087950462
49,1480,1529,0.1518837922575765
49,1474,1523,0.15190460177776946
49,1467,1516,0.1519238345886581
50,1480,1530,0.1519415510734792
48,1474,1522,0.1519555009162383
47,1456,1503,0.15197417033133762
47,1471,1518,0.15199474555605044
47,1471,1518,0.1520144285263613
49,1460,1509,0.1520332245685718
48,1470,1518,0.1520455372521901
48,1469,1517,0.15205883041051949
44,1478,1522,0.1520708190412166
40,1473,1513,0.15209249375603873
42,1477,1519,0.15212229468204921
44,1463,1507,0.15214556928450176
45,1464,1509,0.1521620336019506
43,1472,1515,0.15217401554958496
43,1476,1519,0.1521896959453385
42,1481,1523,0.1522049029438184
40,1488,1528,0.1522220981861784
40,1481,1521,0.15224370686169977
39,1484,1523,0.15226429696905855
41,1490,1531,0.15228612641964376
41,1476,1517,0.1523008164689944
41,1473,1514,0.15231430077307534
41,1473,1514,0.1523272925406323
41,1483,1524,0.1523397701311717
38,1486,1524,0.1523518168182173
43,1475,1518,0.15237033344220582
42,1468,1510,0.15237382893362308
42,1474,1516,0.15238009658836038
41,1481,1522,0.15238644236636495
41,1481,1522,0.15239502467240396
45,1477,1522,0.15240317193007827
44,1466,1510,0.15239866471543817
44,1485,1529,0.15239807059987473
45,1485,1530,0.1523980421540469
44,1477,1521,0.15239597725889475
44,1485,1529,0.152396081043302
43,1472,1515,0.15239665069688388
42,1477,1519,0.15240010277205804
44,1474,1518,0.15240636915188127
43,1485,1528,0.1524072934906727
43,1468,1511,0.1524091872921593
43,1473,1516,0.15241142801196436
42,1464,1506,0.1524139365887719
42,1470,1512,0.1524190129244176
41,1477,1518,0.15242409227431733
42,1467,1509,0.1524314981836993
42,1478,1520,0.15243560525283806
42,1477,1519,0.15243798540093256
42,1484,1526,0.15244010498688923
42,1481,1523,0.15244259406956762
39,1475,1514,0.15244454721108144
41,1461,1502,0.15245426167298773
43,1468,1511,0.1524589434516993
41,1460,1501,0.15245798258378568
44,1471,1515,0.15246201491579797
45,1473,1518,0.15245653563204453
45,1464,1509,0.15244996232491442
44,1463,1507,0.15244434692259773
43,1478,1521,0.15244189687439041
45,1485,1530,0.152442350306265
45,1473,1518,0.1524377263196963
42,1464,1506,0.15243382362207128
44,1472,1516,0.15243750545762016
45,1462,1507,0.15243624837736308
46,1450,1496,0.15243305379283595
45,1468,1513,0.15242747658267355
44,1472,1516,0.15242398615439
44,1465,1509,0.1524224720021883
42,1468,1510,0.1524215286080418
40,1467,1507,0.15242578487087394
38,1470,1508,0.1524339775904439
38,1469,1507,0.15244659890644324
37,1472,1509,0.15245886251257487
38,1465,1503,0.15247302410928337
39,1468,1507,0.15248271128595664
40,1470,1510,0.1524896043733325
40,1471,1511,0.15249379817362937
40,1461,1501,0.15249783352846288
41,1479,1520,0.15250204178671287
41,1480,1521,0.15250355342084743
38,1472,1510,0.15250538600372648
40,1461,1501,0.1525142259877521
38,1470,1508,0.15251752395954668
39,1478,1517,0.1525259196202989
39,1472,1511,0.15253083304481044
40,1477,1517,0.15253580869384742
38,1472,1510,0.15253844647362355
40,1482,1522,0.15254593499966176
38,1477,1515,0.15254732046351582
38,1483,1521,0.15255366400758633
37,1483,1520,0.15255914822902955
36,1481,1517,0.15256703455947945
37,1483,1520,0.15257709501496114
38,1483,1521,0.15258378004779818
38,1476,1514,0.15258707302577212
38,1478,1516,0.1525905988186909
37,1468,1505,0.15259428598900943
37,1476,1513,0.15260026146914366
38,1482,1520,0.15260614978698098
39,1482,1521,0.1526090645791032
39,1479,1518,0.1526089850054587
35,1473,1508,0.15260928187118436
36,1468,1504,0.1526192847641077
37,1474,1511,0.15262647575470814
36,1472,1508,0.15263039955982907
34,1479,1513,0.1526359201010741
35,1486,1521,0.15264604375700006
33,1481,1514,0.1526529264919044
35,1477,1512,0.15266332674702454
34,1474,1508,0.15266783630936342
33,1473,1506,0.15267498704367527
33,1474,1507,0.15268494715196929
33,1491,1524,0.15269453782101475
33,1479,1512,0.1527030273238451
32,1489,1521,0.1527113022040114
30,1491,1521,0.15272160137666912
30,1476,1506,0.1527354232121793
31,1484,1515,0.15274873083560375
33,1488,1521,0.15275828668070768
34,1487,1521,0.1527611878350454
33,1486,1519,0.15276201218111424
35,1483,1518,0.15276565325287375
34,1472,1506,0.15276396159699568
34,1470,1504,0.1527646844502452
34,1472,1506,0.15276601432319012
34,1478,1512,0.15276768747855435
34,1477,1511,0.152769629948575
33,1479,1512,0.15277177892311175
32,1482,1514,0.15277583944260426
33,1472,1505,0.1527824675895968
29,1480,1509,0.152785924958202
30,1484,1514,0.15279890786332068
31,1484,1515,0.15280906567119476
29,1494,1523,0.15281596682883467
30,1492,1522,0.152827245435788
29,1486,1515,0.15283559143500777
28,1481,1509,0.1528462307975073
30,1480,1510,0.15285855256468484
29,1497,1526,0.15286445321993689
30,1494,1524,0.15287255410926082
29,1497,1526,0.15287722660716424
30,1500,1530,0.15288438182987502
29,1498,1527,0.15288870853012704
28,1495,1523,0.1528951534678856
27,1485,1512,0.15290364312960336
28,1486,1514,0.15291398397724054
28,1484,1512,0.1529215164531192
29,1480,1509,0.15292869839154932
29,1490,1519,0.15293232820714775
28,1488,1516,0.15293507632507722
27,1492,1519,0.1529403228109471
27,1498,1525,0.15294779941171008
27,1487,1514,0.15295500774008167
24,1509,1533,0.1529616965880384
25,1501,1526,0.15297530566739745
25,1503,1528,0.15298511643388546
25,1514,1539,0.15299435717676121
25,1504,1529,0.15300305870541211
25,1496,1521,0.15301145891468468
26,1482,1508,0.15301964994529757
25,1479,1504,0.15302435492240885
26,1485,1511,0.1530314270524523
26,1492,1518,0.1530352261143674
27,1476,1503,0.15303857423643275
27,1483,1510,0.1530386496604998
27,1484,1511,0.15303911542768658
26,1493,1519,0.1530391312633251
25,1479,1504,0.1530416316368658
26,1486,1512,0.15304670035294834
27,1486,1513,0.15304937803831234
26,1477,1503,0.15304970395474707
25,1483,1508,0.1530526794537863
22,1484,1506,0.15305816009558698
22,1491,1513,0.1530709680672975
22,1496,1518,0.15308315290663152
22,1483,1505,0.15309424709470476
23,1485,1508,0.15310484369951274
20,1490,1510,0.15311179277464426
21,1488,1509,0.15312605868302978
22,1491,1513,0.1531367243266362
20,1504,1524,0.15314337361602331
19,1506,1525,0.15315459390960626
20,1500,1520,0.1531677330544222
20,1497,1517,0.15317713572032424
20,1489,1509,0.15318625321216545
20,1481,1501,0.15319506237425368
21,1489,1510,0.1532035469218009
19,1489,1508,0.1532085712291208
18,1502,1520,0.15321794117787577
18,1507,1525,0.15322934731249446
18,1499,1517,0.153240272757661
18,1506,1524,0.15325032745446732
18,1497,1515,0.1532599761075992
20,1495,1515,0.15326921385979575
20,1492,1512,0.15327187084473756
19,1494,1513,0.15327467985291024
19,1500,1519,0.15327993813469334
21,1505,1526,0.1532851151249336
21,1514,1535,0.1532842928245933
21,1513,1534,0.1532838641726029
20,1487,1507,0.15328376324611792
20,1508,1528,0.1532863995397296
19,1510,1529,0.15328909118174117
19,1509,1528,0.1532945601708179
20,1503,1523,0.1532990793751356
19,1489,1508,0.15330016695043003
18,1486,1504,0.1533038130321961
18,1483,1501,0.15330992279296282
17,1488,1505,0.15331587643503525
16,1495,1511,0.15332418160619282
15,1505,1520,0.15333449612304317
16,1507,1523,0.15334662278911296
17,1502,1519,0.15335571559561367
15,1489,1504,0.15336123241494293
16,1497,1513,0.15337159838657635
17,1495,1512,0.15337825502727742
17,1504,1521,0.1533815435960486
16,1506,1522,0.15338491038604118
16,1509,1525,0.15339069039243405
16,1498,1514,0.15339633199483177
15,1505,1520,0.15340181538476416
16,1499,1515,0.15340974490726134
14,1493,1507,0.15341408203183637
15,1493,1508,0.15342306239696213
15,1493,1508,0.15342877459767001
17,1511,1528,0.1534343557427248
17,1512,1529,0.15343371493055658
17,1502,1519,0.15343266126900687
15,1507,1522,0.15343207557406843
15,1503,1518,0.15343673785339182
15,1503,1518,0.15344142574162772
15,1497,1512,0.15344609797441103
13,1507,1520,0.15345072088654735
12,1514,1526,0.15346007049412122
12,1517,1529,0.15347131188419294
12,1513,1525,0.15348204861905035
11,1519,1530,0.15349227418442463
10,1512,1522,0.15350443167463748
10,1516,1526,0.15351829053096694
10,1495,1505,0.15353139541177357
10,1498,1508,0.15354377843655193
10,1502,1512,0.15355473684418916
10,1523,1533,0.15356517214014484
10,1510,1520,0.1535750964797549
10,1509,1519,0.15358452386820357
11,1513,1524,0.15359346971351176
11,1504,1515,0.15359875290660202
11,1506,1517,0.15360388558616228
11,1504,1515,0.15360885476648697
10,1517,1527,0.1536136510786702
10,1518,1528,0.153620611665564
10,1508,1518,0.15362724547658527
10,1505,1515,0.1536335588207777
10,1497,1507,0.15363905873888872
9,1496,1505,0.15364435719646383
9,1509,1518,0.15365180627568892
9,1512,1521,0.15365890107474953
8,1498,1506,0.15366564862826113
8,1501,1509,0.1536747022483457
6,1498,1504,0.15368323018847152
6,1493,1499,0.15369614486182898
6,1493,1499,0.1537082908694683
6,1507,1513,0.1537197110352599
6,1510,1516,0.15373044622660334
7,1521,1528,0.15374053537784765
6,1528,1534,0.15374689497030114
7,1520,1527,0.15375539318066572
7,1509,1516,0.15376023529803967
7,1505,1512,0.1537649587714094
6,1517,1523,0.15376954753937042
6,1523,1529,0.15377641453747967
6,1515,1521,0.15378297729160414
6,1520,1526,0.15378923828198524
6,1538,1544,0.15379520204327418
6,1532,1538,0.15380087474001705
5,1515,1520,0.1538062638083846
5,1524,1529,0.1538137706368725
5,1519,1524,0.15382086835801403
4,1527,1531,0.15382757481799636
4,1508,1512,0.153836422262361
4,1526,1530,0.15384474898726533
4,1525,1529,0.15385258352518388
3,1517,1520,0.15385995316292445
3,1502,1505,0.15386928971958688
3,1502,1505,0.1538780692467332
2,1510,1512,0.15388632414152087
2,1512,1514,0.15389653696549627
2,1529,1531,0.15390613718795207
1,1519,1520,0.1539151610464663
1,1519,1520,0.15392610640872278
1,1520,1521,0.1539363932123826
1,1511,1512,0.153946060742851
1,1517,1518,0.15395514598531632
1,1532,1533,0.15396368375380354
1,1534,1535,0.15397170681373865
1,1541,1542,0.15397924599824414
1,1529,1530,0.15398633031839587
1,1518,1519,0.15399298706767728
1,1520,1521,0.15399924192086858
1,1515,1516,0.15400511902761027
1,1513,1514,0.15401064110087723
1,1523,1524,0.1540158295005973
1,1532,1533,0.1540207043126437
1,1511,1512,0.1540252844234247
2,1522,1524,0.15402958759028818
2,1515,1517,0.1540304474828984
2,1512,1514,0.15403135348636565
2,1513,1515,0.1540322903636255
2,1509,1511,0.1540332453982266
2,1512,1514,0.1540342080347407
2,1517,1519,0.15403516956790697
1,1515,1516,0.15403612287403398
1,1510,1511,0.1540397797933205
1,1505,1506,0.1540432166185521
1,1520,1521,0.15404644629025568
1,1532,1533,0.15404948103281907
1,1526,1527,0.15405233238762694
1,1530,1531,0.15405501124565266
0,1517,1517,0.15405752787933527
