1372,28,1400,0.13579578585157848
1393,30,1423,0.13293646406512236
1412,30,1442,0.1302792638723971
1440,31,1471,0.1278101606224205
1445,30,1475,0.12548677009922254
1442,30,1472,0.12335855241061414
1423,32,1455,0.12143310670488516
1433,34,1467,0.11973397951325893
1452,33,1485,0.11816203012657236
1461,34,1495,0.11668323204859916
1455,32,1487,0.11531365944125394
1443,32,1475,0.114083390600798
1444,33,1477,0.11299436833429155
1455,32,1487,0.11200325782184187
1450,32,1482,0.11107375371190732
1441,32,1473,0.11024163667636905
1460,33,1493,0.1095052234869811
1455,33,1488,0.10879155235969763
1452,33,1485,0.10815460264037878
1460,33,1493,0.1075813411003946
1458,31,1489,0.10704065783682398
1467,32,1499,0.1065534301531867
1483,33,1516,0.10608879704294934
1472,33,1505,0.10562754907967538
1472,32,1504,0.10523498608898302
1478,32,1510,0.10487746027474622
1477,33,1510,0.1045388247129107
1468,33,1501,0.10423404005219268
1467,33,1500,0.10397729754273655
1460,35,1495,0.10374719964129345
1460,35,1495,0.10355547920750809
1463,36,1499,0.10338068805061668
1445,39,1484,0.10321716721225271
1454,37,1491,0.10310842190685465
1441,42,1483,0.10298929735676378
1445,45,1490,0.10291091375066529
1444,44,1488,0.10282981493464177
1426,45,1471,0.10276008522482069
1426,44,1470,0.10273786366290284
1436,44,1480,0.10271981256767462
1440,44,1484,0.10268115003487285
1447,45,1492,0.10263699553135958
1448,46,1494,0.10257931900234951
1444,44,1488,0.10252508766477227
1449,44,1493,0.10248397067285914
1432,46,1478,0.10243618415582038
1435,49,1484,0.10243235917585938
1435,48,1483,0.10242233392802837
1429,48,1477,0.10241396558609205
1419,49,1468,0.10241988333078231
1421,51,1472,0.10244846218058794
1433,53,1486,0.1024697005453483
1429,55,1484,0.10246341970018501
1435,56,1491,0.10246917293663554
1446,55,1501,0.10246186543435179
1452,49,1501,0.10242937779603178
1468,50,1518,0.10238437696216217
1452,49,1501,0.10230560552663452
1436,51,1487,0.10227140213684965
1442,51,1493,0.10227662625764967
1450,51,1501,0.10226989090332501
1449,52,1501,0.10224594203859078
1443,53,1496,0.10222681559883474
1449,53,1502,0.10222195124387139
1455,50,1505,0.10220305881484708
1442,52,1494,0.10217182258085739
1432,52,1484,0.1021729539901402
1435,52,1487,0.10219753683326387
1441,49,1490,0.10221387063911007
1449,49,1498,0.10221622974436638
1451,47,1498,0.10220049963436625
1439,47,1486,0.10218024279024762
1448,50,1498,0.10218708135940496
1449,51,1500,0.10217544680408622
1444,54,1498,0.10216146928127114
1443,55,1498,0.10216144696034841
1443,56,1499,0.10216389814574585
1450,57,1507,0.10216646378689927
1436,59,1495,0.1021522103823424
1440,60,1500,0.10216955326668022
1433,61,1494,0.10217759750460345
1433,62,1495,0.10220189098505578
1436,62,1498,0.10222393445133299
1438,61,1499,0.10223880283996646
1436,61,1497,0.1022503959967699
1424,59,1483,0.10226692818886773
1426,58,1484,0.10230807749130787
1425,55,1480,0.10234123011095651
1421,55,1476,0.10237268174122253
1428,59,1487,0.10241042222677961
1427,58,1485,0.10242751176533246
1431,56,1487,0.10244678043177398
1430,57,1487,0.10245319894164924
1431,59,1490,0.10245983423198599
1434,60,1494,0.10246510943580905
1432,61,1493,0.10246394677087682
1431,61,1492,0.10247130618452172
1425,64,1489,0.10247805968240062
1418,64,1482,0.10249677976370306
1413,65,1478,0.10252940276884819
1427,66,1493,0.10257343219730398
1420,66,1486,0.10258409919986378
1425,67,1492,0.10260937949769117
1423,65,1488,0.10262162683725445
1432,63,1495,0.10263526558635722
1442,64,1506,0.10262709570847951
1438,64,1502,0.10259800352142712
1437,64,1501,0.10257540047705112
1435,64,1499,0.10255818764643994
1422,64,1486,0.1025475928517665
1430,65,1495,0.10256750791311937
1439,67,1506,0.10256800174459496
1440,68,1508,0.10254917798716853
1443,68,1511,0.10252783605873038
1436,67,1503,0.10250356758270744
1425,68,1493,0.10249878205473034
1417,67,1484,0.10251902551688874
1432,66,1498,0.10255610419395811
1423,70,1493,0.10255629429339155
1423,67,1490,0.10257658528041212
1412,69,1481,0.10259707111122436
1414,69,1483,0.10264034684682478
1410,72,1482,0.1026760463820597
1414,75,1489,0.10271739109692188
1420,77,1497,0.10274697046857023
1411,79,1490,0.10276164367182869
1432,80,1512,0.10279545272797876
1449,76,1525,0.1027805468460451
1441,76,1517,0.10272797047943395
1434,77,1511,0.10269759540376015
1422,80,1502,0.10268528144013313
1426,80,1506,0.10270302408361755
1418,80,1498,0.10270889953795287
1419,78,1497,0.10273454509237634
1422,76,1498,0.1027557669095099
1418,81,1499,0.10276927389032436
1403,78,1481,0.1027904517380833
1411,80,1491,0.10284491948185227
1417,84,1501,0.10287948593654356
1416,85,1501,0.10289646112478723
1412,87,1499,0.10291416963573678
1419,87,1506,0.10293970212566741
1424,88,1512,0.10294875086403638
1423,87,1510,0.10294418601082647
1432,89,1521,0.10294487218590632
1415,89,1504,0.10292466359019442
1416,92,1508,0.10294300785786893
1412,89,1501,0.10296014118459527
1406,89,1495,0.10298530716455799
1409,88,1497,0.10302240715052496
1414,86,1500,0.10305090332234211
1413,87,1500,0.1030655863541299
1398,87,1485,0.10307980814023665
1405,90,1495,0.1031254074057916
1399,93,1492,0.10315052645728214
1389,90,1479,0.10318771817949578
1398,90,1488,0.10324571714471696
1391,90,1481,0.10328052776309893
1398,89,1487,0.10332586884081621
1405,91,1496,0.10335129659824169
1407,92,1499,0.10335798849248899
1407,93,1500,0.10335832499305699
1410,94,1504,0.10336057100274448
1415,95,1510,0.10335555342506968
1423,92,1515,0.10334077134726964
1412,90,1502,0.10330877099791629
1407,87,1494,0.10330255859993916
1385,85,1470,0.10330894311288706
1403,87,1490,0.10336384478122049
1394,88,1482,0.10337722474524927
1394,89,1483,0.10341031139971396
1405,91,1496,0.10343929745355492
1402,92,1494,0.10344205805884578
1399,89,1488,0.10345101688891266
1399,87,1486,0.10346422352664923
1395,85,1480,0.10347575343437232
1410,83,1493,0.1034942109625321
1409,88,1497,0.10347583355189449
1410,89,1499,0.10346151531946618
1417,91,1508,0.10344636655237088
1411,91,1502,0.10341687706244108
1420,89,1509,0.103404094208271
1411,92,1503,0.10337227711315972
1406,93,1499,0.10336409620942462
1396,92,1488,0.1033667943764543
1391,93,1484,0.1033927656861884
1392,92,1484,0.10342796082356621
1396,96,1492,0.1034592518202453
1391,98,1489,0.10347925844020545
1392,96,1488,0.10350900481746209
1383,98,1481,0.10353493949754157
1383,93,1476,0.10358010028612981
1393,97,1490,0.10362130469816883
1406,99,1505,0.10363682057916204
1407,98,1505,0.1036194096021066
1411,97,1508,0.1036028133516529
1407,97,1504,0.10357791785161374
1409,98,1507,0.10356543807332688
1418,100,1518,0.10354872062316592
1398,100,1498,0.1035129715299822
1406,101,1507,0.10352625677481289
1413,103,1516,0.10352214736221338
1405,102,1507,0.103503291729874
1405,101,1506,0.10350655221468866
1398,103,1501,0.10350827145902766
1398,103,1501,0.10352745143243458
1400,103,1503,0.10354188216282889
1393,103,1496,0.10355010132174712
1399,101,1500,0.10357174484058179
1400,104,1504,0.10357974196957587
1393,105,1498,0.10358484566992324
1406,105,1511,0.10360558850881944
1396,107,1503,0.10359554325674036
1384,103,1487,0.10360959598902438
1386,103,1489,0.10364912206088145
1375,105,1480,0.10368318199317308
1372,105,1477,0.10374046994069488
1380,104,1484,0.10380215458435657
1387,107,1494,0.10383958205390012
1399,111,1510,0.10385781041682701
1396,114,1510,0.10384788431401536
1388,113,1501,0.10384595986915306
1384,117,1501,0.10386352443296552
1383,118,1501,0.10388662396429865
1374,122,1496,0.10391123871451605
1369,122,1491,0.10395421805336984
1372,125,1497,0.10400560812180078
1374,124,1498,0.10404714065799979
1374,124,1498,0.10408028528102642
1383,127,1510,0.10411118575823597
1377,129,1506,0.10412254623751153
1394,126,1520,0.10414630254829231
1387,127,1514,0.10413006427970366
1376,125,1501,0.10413136084182426
1369,130,1499,0.10415704500282892
1375,136,1511,0.10419748246439353
1374,135,1509,0.10422210722921581
1368,134,1502,0.10424674574339649
1361,131,1492,0.10428560686993966
1362,133,1495,0.1043372216187652
1369,137,1506,0.10438158869606379
1360,137,1497,0.10440783998833847
1361,135,1496,0.10445373209671763
1355,139,1494,0.10449384215059551
1364,140,1504,0.10454425266743675
1355,142,1497,0.1045679205234639
1355,140,1495,0.10461147293189745
1344,140,1484,0.10465218597022866
1338,138,1476,0.10471483367830846
1343,137,1480,0.10478675534997606
1347,142,1489,0.10484238790817005
1347,142,1489,0.10488780182389652
1339,144,1483,0.10492937294295533
1350,151,1501,0.10498666490436062
1343,148,1491,0.10501466952082002
1334,152,1486,0.10505562075917262
1329,153,1482,0.10511321731842296
1334,152,1486,0.10517739362950397
1334,150,1484,0.10522473385777341
1333,153,1486,0.10526674451879842
1327,152,1479,0.10530882337789615
1326,152,1478,0.10536125349119155
1320,158,1478,0.10541164797536133
1318,160,1478,0.10547259595685088
1340,163,1503,0.10553449439634136
1338,156,1494,0.10554284150139721
1326,154,1480,0.10555396189635789
1327,151,1478,0.10559251199286475
1336,151,1487,0.10562713671150775
1335,152,1487,0.10563856880176774
1332,160,1492,0.10564835669481877
1334,162,1496,0.10566534327626358
1342,163,1505,0.1056769780635149
1341,156,1497,0.10567078444544244
1354,155,1509,0.10566775393767458
1339,157,1496,0.10563328257245169
1336,152,1488,0.10563751578819225
1327,153,1480,0.10564704346268403
1329,156,1485,0.10567653601113644
1332,157,1489,0.10569655693131202
1327,158,1485,0.10570876533483269
1334,160,1494,0.10573184444865025
1333,161,1494,0.10573769530647471
1331,164,1495,0.10574572906469382
1319,168,1487,0.10575781649953629
1321,170,1491,0.10579756218760744
1309,169,1478,0.10582947371944612
1302,166,1468,0.10588773633311721
1322,168,1490,0.10595864265370361
1325,170,1495,0.10597799106605496
1327,171,1498,0.10598860178688967
1332,171,1503,0.10599247599845907
1323,172,1495,0.10598451252336882
1328,175,1503,0.10599982188315363
1321,173,1494,0.106005129519408
1318,178,1496,0.10602738553062947
1317,177,1494,0.10605659597234776
1300,178,1478,0.10608501397995158
1307,177,1484,0.10614855824676867
1319,174,1493,0.10619200697612446
1321,176,1497,0.10620343324997897
1319,180,1499,0.10620926278447446
1317,176,1493,0.10622025441436665
1313,176,1489,0.10623435339688524
1311,175,1486,0.10625624373179451
1324,174,1498,0.10628029296210448
1315,176,1491,0.10627465350163824
1311,178,1489,0.10628744391236583
1313,175,1488,0.10630940232131522
1315,176,1491,0.10632634736178645
1324,180,1504,0.10633817453763214
1320,178,1498,0.10632872059965959
1318,180,1498,0.10632851441483883
1313,181,1494,0.10633431060529641
1321,180,1501,0.10635063194696069
1319,184,1503,0.10634705513012403
1318,183,1501,0.10635065523343894
1319,180,1499,0.10635475547955807
1315,178,1493,0.10635712226100985
1305,181,1486,0.10636894343660362
1322,179,1501,0.10640049235663468
1322,182,1504,0.10639138981220896
1318,184,1502,0.10638518999760407
1315,183,1498,0.1063895425814918
1311,178,1489,0.1064007494357237
1301,182,1483,0.106417738461719
1300,184,1484,0.10645812039530674
1300,183,1483,0.10649797071468999
1290,189,1479,0.10653217041564127
1298,189,1487,0.10658592377992396
1308,190,1498,0.1066189036872912
1308,190,1498,0.10662636817897632
1317,189,1506,0.10663248540396203
1302,187,1489,0.10661998312476478
1298,189,1487,0.10664196427298417
1307,189,1496,0.1066709501292689
1309,192,1501,0.10667803552689323
1304,187,1491,0.1066785804045852
1311,186,1497,0.10668864780916984
1311,190,1501,0.10668149820883109
1323,190,1513,0.10667551837013971
1323,187,1510,0.10664268304425453
1327,187,1514,0.10661117609729381
1320,188,1508,0.10657123820249577
1318,186,1504,0.1065504847466849
1323,188,1511,0.10653946785106999
1324,186,1510,0.10652040775944656
1322,189,1511,0.10649877755752872
1315,189,1504,0.10648186009578176
1314,191,1505,0.10648539286752637
1309,194,1503,0.10649010667438022
1316,193,1509,0.10650618724095608
1312,188,1500,0.10650544189956833
1306,186,1492,0.1065127633396488
1312,184,1496,0.1065334820617646
1302,185,1487,0.10653801372023736
1307,185,1492,0.10656552473219694
1310,187,1497,0.10657943682750005
1314,188,1502,0.10658565895672051
1306,187,1493,0.10658152105954592
1302,188,1490,0.10659454946001201
1292,189,1481,0.10661524655169717
1294,191,1485,0.10665856666023803
1283,185,1468,0.10669310268307544
1282,185,1467,0.10675143368882577
1292,188,1480,0.1068085341837382
1294,193,1487,0.10684021081204069
1290,193,1483,0.10686565857320511
1286,194,1480,0.10689752857719186
1290,197,1487,0.10693691655536097
1291,198,1489,0.10696318690615585
1273,197,1470,0.10698374195336893
1285,202,1487,0.1070457424373884
1291,204,1495,0.10707633259474539
1277,206,1483,0.10708935651562915
1287,207,1494,0.10713238930327204
1279,205,1484,0.10715054323840477
1286,201,1487,0.10718569435764039
1297,200,1497,0.10720086450014475
1300,204,1504,0.10718747322652407
1302,202,1504,0.10716722023254072
1299,203,1502,0.10714740574851359
1296,203,1499,0.10713541091451663
1283,207,1490,0.10713388335424359
1276,205,1481,0.1071605272891414
1283,204,1487,0.1072011056840648
1289,201,1490,0.10722377241110516
1288,201,1489,0.10723047606777301
1289,210,1499,0.10723929797538702
1285,208,1493,0.10724602968559534
1276,210,1486,0.10726098482411761
1275,215,1490,0.1072972478354632
1288,217,1505,0.10733386710785356
1282,220,1502,0.10734103357707965
1280,222,1502,0.107362708649119
1285,224,1509,0.10738755024710091
1280,234,1514,0.1073994281066938
1281,235,1516,0.10742191388597565
1282,227,1509,0.10744225134792217
1284,233,1517,0.1074588795647347
1267,226,1493,0.10747133280885585
1268,230,1498,0.1075220560767772
1263,238,1501,0.10756661862608219
1260,234,1494,0.10761928770878225
1262,241,1503,0.10767459363621072
1266,241,1507,0.10772287652019241
1260,242,1502,0.10776000376588209
1261,238,1499,0.10780762919829373
1260,242,1502,0.10785089912018087
1249,236,1485,0.10789216696197129
1248,231,1479,0.10795408132565132
1250,234,1484,0.10801366428310903
1253,236,1489,0.10806471186250821
1247,240,1487,0.10810824950416398
1244,244,1488,0.10816143112240555
1232,250,1482,0.10821493139043792
1229,252,1481,0.10829218638145725
1223,246,1469,0.10837003210845313
1233,249,1482,0.10845572404045158
1233,250,1483,0.10851360655186129
1232,248,1480,0.1085653335071985
1238,244,1482,0.10861279832407313
1240,251,1491,0.1086407717981195
1242,255,1497,0.10866136545428756
1249,256,1505,0.10867415114025368
1257,251,1508,0.10867398276459207
1256,258,1514,0.10865540336737738
1242,258,1500,0.10863914133111517
1241,259,1500,0.10865940282020463
1243,261,1504,0.10868169389712751
1236,266,1502,0.10869960561484109
1233,268,1501,0.10873336056095104
1236,269,1505,0.10877250660555138
1232,269,1501,0.10880273195556153
1231,273,1504,0.10884114055335833
1222,269,1491,0.10887930260540264
1227,264,1491,0.10893535571121739
1241,270,1511,0.10897600953144351
1229,273,1502,0.10898215278613342
1234,273,1507,0.10901246909083358
1231,270,1501,0.10902986883692964
1220,268,1488,0.10905469576728695
1235,270,1505,0.10910098587373136
1224,272,1496,0.10910905978890327
1221,271,1492,0.10914394226034432
1230,275,1505,0.10918411547623794
1218,271,1489,0.10920160533823435
1220,266,1486,0.1092441599496354
1210,267,1477,0.10927904380187478
1219,277,1496,0.10933335801131765
1215,274,1489,0.10936316109792962
1217,278,1495,0.10940126545718235
1219,279,1498,0.10943115151317012
1232,274,1506,0.10945344392012778
1230,284,1514,0.10944502202896075
1228,291,1519,0.10944227765602654
1226,282,1508,0.10944520531382661
1222,287,1509,0.10945491279986738
1208,281,1489,0.10947252632332084
1207,282,1489,0.10951987147647824
1209,283,1492,0.10956576385850936
1205,278,1483,0.10960452552368373
1205,282,1487,0.1096508450309332
1196,292,1488,0.10969311349579805
1208,291,1499,0.10975367897612098
1206,284,1490,0.10978183332275196
1208,288,1496,0.10980971096232807
1196,291,1487,0.10983017287323776
1193,287,1480,0.10987697510153825
1199,293,1492,0.10992818142385047
1192,297,1489,0.10996456932922798
1205,300,1505,0.11001429917519256
1199,303,1502,0.11003073341069566
1206,304,1510,0.11006014678411186
1198,301,1499,0.1100719380562471
1190,300,1490,0.1101003455347237
1189,295,1484,0.11014455484480229
1191,302,1493,0.11018838467225525
1198,304,1502,0.1102266490441409
1205,309,1514,0.11024811003938474
1202,304,1506,0.11024989132592461
1190,301,1491,0.1102556882109474
1178,303,1481,0.11029047806358211
1186,311,1497,0.11034940248410048
1189,311,1500,0.11038649211196533
1176,305,1481,0.11041373774101164
1168,305,1473,0.11047002738845038
1178,306,1484,0.11053955320995562
1177,311,1488,0.11058327682947816
1187,310,1497,0.11062585429156688
1191,314,1505,0.11064234299313178
1190,315,1505,0.11064997154948468
1184,315,1499,0.11065956733019437
1182,319,1501,0.11068148348028498
1189,314,1503,0.11070875901821438
1177,311,1488,0.11071785825061838
1175,307,1482,0.1107556420600385
1176,310,1486,0.11079106168895933
1176,315,1491,0.1108232707536142
1171,310,1481,0.11085211476295527
1177,311,1488,0.11089074218386305
1184,312,1496,0.11091381238640217
1192,312,1504,0.11092129798266567
1183,314,1497,0.11090924824677355
1185,319,1504,0.11091889045762811
1168,318,1486,0.1109226839564938
1176,320,1496,0.11096698351580192
1179,321,1500,0.11099070861771868
1183,325,1508,0.11100553715694764
1175,325,1500,0.11101048873523156
1182,323,1505,0.11103465433482641
1179,325,1504,0.11104191357727615
1169,331,1500,0.11105593250820776
1157,330,1487,0.1110940076440517
1158,330,1488,0.11115664354944073
1162,329,1491,0.11121031066135391
1154,329,1483,0.11125232270901783
1165,327,1492,0.1113089332653828
1177,331,1508,0.11133489923589465
1185,335,1520,0.11133047814748995
1183,333,1516,0.11130576837631267
1180,332,1512,0.11128876898165575
1175,329,1504,0.11128202443826876
1170,329,1499,0.11128605833504324
1151,330,1481,0.11130199757264334
1165,332,1497,0.11136124423470627
1170,332,1502,0.11138417837916742
1161,331,1492,0.11139528310239799
1161,331,1492,0.11142631696375567
1150,331,1481,0.11145469287939218
1155,332,1487,0.11150830311241229
1169,333,1502,0.1115431979072396
1160,332,1492,0.11154316878216913
1148,327,1475,0.11156314814159259
1148,338,1486,0.1116072419908879
1149,339,1488,0.11164994328584647
1162,344,1506,0.11168634519205149
1149,349,1498,0.1116892404880045
1144,349,1493,0.11172347107087764
1158,345,1503,0.1117635067535115
1147,350,1497,0.11176990332637236
1156,346,1502,0.11179950793575362
1152,345,1497,0.1118063800078296
1161,339,1500,0.11182440113971709
1163,336,1499,0.11182008354822387
1164,336,1500,0.1118112825149462
1171,330,1501,0.11180202921929629
1161,335,1496,0.1117768977478228
1156,334,1490,0.11177769709032512
1153,339,1492,0.11179077963768907
1166,330,1496,0.11180952504876114
1162,328,1490,0.1117971026626115
1162,330,1492,0.11179489033839488
1161,331,1492,0.11178980098007306
1161,341,1502,0.11178790830865296
1165,335,1500,0.11178700385715196
1178,327,1505,0.11177833116204659
1182,326,1508,0.11173680068541887
1176,328,1504,0.11169198362403933
1160,330,1490,0.11165837909787531
1159,330,1489,0.1116640539409088
1144,330,1474,0.11167289856502734
1149,335,1484,0.11171605998393744
1146,330,1476,0.11174687784979323
1145,336,1481,0.11178160333027216
1136,331,1467,0.11181645952898814
1132,335,1467,0.1118695969449308
1141,330,1471,0.11192692981595044
1162,333,1495,0.11195942150177833
1159,329,1488,0.1119409918060214
1160,340,1500,0.11192971327307738
1156,342,1498,0.11191807747636329
1153,338,1491,0.11191682681020892
1158,339,1497,0.11192204146412625
1158,342,1500,0.11191370642050506
1162,341,1503,0.11190540430744146
1158,338,1496,0.11189051839741498
1160,336,1496,0.1118871843379175
1156,342,1498,0.11188017492815538
1165,344,1509,0.11188172496748885
1162,341,1503,0.11186560099074416
1163,339,1502,0.11185552237738314
1160,346,1506,0.11184575704448985
1165,346,1511,0.11184414979385418
1160,345,1505,0.11183077331250342
1157,344,1501,0.11183074431580081
1151,341,1492,0.11183801436353058
1155,342,1497,0.11185817589704912
1161,348,1509,0.11186797594671485
1138,347,1485,0.11186322590621359
1146,351,1497,0.11191142823986912
1147,362,1509,0.11193779218168602
1137,364,1501,0.11196305717276792
1136,364,1500,0.11201008043223369
1120,362,1482,0.112055354141322
1124,359,1483,0.11213490253186736
1128,371,1499,0.11219945569314188
1115,376,1491,0.11225116965142384
1116,372,1488,0.11232993169852094
1112,380,1492,0.11240194180245666
1102,384,1486,0.11247797597298514
1097,380,1477,0.11257197984615132
1105,385,1490,0.11267059282146295
1108,387,1495,0.1127410990824643
1105,385,1490,0.1127991504414619
1108,388,1496,0.11286083002166664
1103,386,1489,0.11291277428472611
1111,389,1500,0.11297353012010884
1121,401,1522,0.11301165433670436
1101,401,1502,0.11302460779556994
1090,403,1493,0.11308493192692623
1091,402,1493,0.11316793352662913
1091,411,1502,0.11324506585967527
1092,420,1512,0.11331674358901221
1087,418,1505,0.11338241906239219
1080,412,1492,0.11345455492652327
1078,410,1488,0.11353923311685186
1076,413,1489,0.113622679270838
1084,407,1491,0.1137055200614991
1071,414,1485,0.11376267255639547
1072,417,1489,0.11384434054221901
1090,419,1509,0.11391549509879262
1081,420,1501,0.11393998138926766
1086,425,1511,0.11398490470411143
1074,423,1497,0.11401531810717244
1055,432,1487,0.11407271758960626
1071,425,1496,0.11416980978928576
1081,432,1513,0.11422456920023852
1077,437,1514,0.11425193500769687
1073,429,1502,0.11428855534399798
1062,431,1493,0.11433191621700244
1063,441,1504,0.11439652344142853
1054,435,1489,0.11445552759365878
1059,437,1496,0.11453205590213857
1051,446,1497,0.11459104029553382
1058,447,1505,0.11466489899362031
1054,447,1501,0.11471788226533412
1052,446,1498,0.11477625567204898
1060,443,1503,0.11483141597239321
1060,442,1502,0.11486645672437476
1061,442,1503,0.11489626217951006
1061,441,1502,0.11492243910584583
1045,435,1480,0.11494625161195493
1051,436,1487,0.11500678043212842
1060,440,1500,0.1150456248449366
1062,438,1500,0.11505795501212239
1066,435,1501,0.11506551630794838
1071,438,1509,0.11506323668641606
1067,438,1505,0.11505180888167828
1065,438,1503,0.11505181022929886
1056,435,1491,0.1150570711214607
1063,441,1504,0.11507941577426309
1047,447,1494,0.11508630963953481
1049,450,1499,0.11512911432834791
1050,454,1504,0.11516581960771227
1050,455,1505,0.11519999884373734
1045,457,1502,0.11523332614776015
1040,463,1503,0.11527359987124333
1048,465,1513,0.11532323235368651
1055,457,1512,0.1153516589078272
1051,456,1507,0.11536311534289673
1042,453,1495,0.11538211430513354
1038,462,1500,0.11542039525122685
1040,470,1510,0.11546511686577186
1040,469,1509,0.11550150901119846
1034,466,1500,0.11553394621994753
1034,472,1506,0.11557946164625026
1036,459,1495,0.11562148675161688
1027,460,1487,0.11565554866870208
1038,463,1501,0.1157084639874418
1039,463,1502,0.11572830409132145
1039,466,1505,0.11574471427895933
1037,457,1494,0.11576013500155685
1040,461,1501,0.1157806954951497
1035,467,1502,0.11579200432752276
1037,467,1504,0.11581268733261103
1028,458,1486,0.11582773908448575
1035,466,1501,0.11586309247036479
1035,469,1504,0.11588040442767351
1032,463,1495,0.11589667229915676
1040,465,1505,0.1159144222642486
1048,451,1499,0.11591432885904573
1040,453,1493,0.11589416547152481
1040,458,1498,0.11589468514189845
1041,462,1503,0.11589772724834838
1038,472,1510,0.11589915566998674
1039,474,1513,0.11590792995110213
1041,478,1519,0.11591476493312061
1039,478,1517,0.11591742256232877
1038,477,1515,0.11592551426868684
1039,468,1507,0.11593372678963584
1027,475,1502,0.11593994836875134
1026,471,1497,0.11597261228220584
1028,466,1494,0.11600612273739057
1013,469,1482,0.116032983019927
1019,472,1491,0.11609314544044885
1008,473,1481,0.1161337084468748
1035,470,1505,0.11619707861845012
1038,475,1513,0.11619630233692703
1034,476,1510,0.11618633864907664
1025,472,1497,0.11618776711599371
1017,473,1490,0.11621202835986161
1020,472,1492,0.11625353442412138
1019,466,1485,0.11628317338544453
1032,474,1506,0.1163102725486862
1018,479,1497,0.11630353363294763
1017,477,1494,0.11633159467780445
1032,478,1510,0.1163595397407094
1027,478,1505,0.11635169142080748
1018,487,1505,0.11635481478660659
1022,486,1508,0.11637966495188627
1007,486,1493,0.11639398194074964
1006,488,1494,0.11644238987005988
1003,497,1500,0.11649210186461872
1003,496,1499,0.11654552519893845
1004,499,1503,0.11659766662701454
999,495,1494,0.1166429354921675
1000,495,1495,0.11669398461850912
1009,482,1491,0.11674054839711596
1014,492,1506,0.11676233411037064
1014,486,1500,0.11676886577830484
1000,488,1488,0.11677366329343108
994,492,1486,0.1168103612873919
999,493,1492,0.11686052304822198
999,503,1502,0.11689612772348744
1005,502,1507,0.11692945267572817
1002,506,1508,0.11694707495364785
998,511,1509,0.11697442338045193
996,513,1509,0.11700885794341996
991,506,1497,0.11704327900043995
994,508,1502,0.11708640556598052
994,512,1506,0.11711901920276759
991,509,1500,0.11714832007342003
998,512,1510,0.11718308090543499
1007,515,1522,0.11720047536229336
1001,507,1508,0.11719526222250166
1002,510,1512,0.11720459635066482
996,516,1512,0.11721210644224266
988,515,1503,0.1172355735883228
987,513,1500,0.11727630729757699
983,520,1503,0.1173167544086737
978,522,1500,0.11736368581420295
986,518,1504,0.11741999642234818
985,519,1504,0.1174543756584492
978,512,1490,0.11748815749965473
971,516,1487,0.1175338725675663
982,521,1503,0.11759009847745766
981,517,1498,0.11761624746771916
974,516,1490,0.11764648849868937
981,519,1500,0.11768992002525447
995,512,1507,0.11771193326421521
990,509,1499,0.11769916428399016
993,515,1508,0.11770274455385517
992,519,1511,0.11769842838687136
989,514,1503,0.11770005135764595
982,513,1495,0.11770931669571973
988,520,1508,0.11773155818646433
990,520,1510,0.11773920790290804
987,519,1506,0.11774120832837628
995,516,1511,0.11775237889972785
987,517,1504,0.11774383749097168
988,514,1502,0.11775297915331677
998,513,1511,0.11775871103264214
995,508,1503,0.11774288757818457
991,517,1508,0.1177346769981265
986,519,1505,0.1177355132655578
970,519,1489,0.11774747339784256
981,521,1502,0.11779422046773433
979,524,1503,0.11780889805777052
974,524,1498,0.11782897526027886
975,534,1509,0.11785891661562399
977,537,1514,0.11788557810532087
963,535,1498,0.11790675064880596
960,532,1492,0.11795989432616469
973,543,1516,0.11801466502310952
976,547,1523,0.11803961172124879
976,549,1525,0.11805879524786819
968,546,1514,0.11807813224394557
958,540,1498,0.11811435057848843
957,542,1499,0.11816909894144122
962,545,1507,0.11822309758887084
952,549,1501,0.11826182312749295
961,543,1504,0.11831921383223293
951,545,1496,0.11835349505320243
954,548,1502,0.11841013076620543
957,546,1503,0.11845735094856107
950,545,1495,0.11849375785067881
950,557,1507,0.11854203809169579
945,551,1496,0.11858670942399396
947,551,1498,0.11863945309280777
942,555,1497,0.118684697648139
938,563,1501,0.11873650672548638
949,566,1515,0.1187928401778085
953,572,1525,0.11882198668814765
938,578,1516,0.11884008917964049
935,581,1516,0.11889206473364901
923,580,1503,0.11894824645201094
913,583,1496,0.11902711391874984
915,589,1504,0.11912649748403034
917,584,1501,0.11921335018900557
922,586,1508,0.11929050303398117
911,584,1495,0.11935260736530365
917,590,1507,0.11943519025508685
914,584,1498,0.1194960189139052
919,582,1501,0.11955972250606077
920,585,1505,0.11961019152296483
915,586,1501,0.11965450931774253
922,584,1506,0.11970755817246918
919,584,1503,0.11974044195837902
920,584,1504,0.11977852414206484
914,583,1497,0.11981151399222227
909,582,1491,0.11985512849471927
908,582,1490,0.11990700559555155
909,592,1501,0.1199584667657852
902,592,1494,0.12000220244849931
903,594,1497,0.12006125120564841
904,594,1498,0.12011089459888112
894,600,1494,0.12015716342467207
896,602,1498,0.1202260510803993
894,604,1498,0.12028537928178938
889,606,1495,0.12034487943103025
885,610,1495,0.12041326767938511
893,613,1506,0.12048505897403046
886,610,1496,0.12053321664114064
896,608,1504,0.12059191601013605
893,599,1492,0.12062383406077927
894,599,1493,0.12066157981378726
890,594,1484,0.12069346527595978
904,597,1501,0.1207316650814444
907,598,1505,0.12073167829348432
906,598,1504,0.12072213893970726
910,601,1511,0.12071879354875016
893,606,1499,0.12070727550821879
897,613,1510,0.12073722679757004
888,621,1509,0.12075687081507197
883,615,1498,0.12079926963393334
879,620,1499,0.12085236520862003
870,619,1489,0.12091304087649654
866,618,1484,0.12098953610981138
872,614,1486,0.12107073306425352
865,616,1481,0.12113032592548821
873,627,1500,0.12120208846910621
861,624,1485,0.12124982919056133
861,622,1483,0.12131959612731816
862,634,1496,0.12138321097814252
857,636,1493,0.12144156694191385
860,635,1495,0.12150433981682983
863,633,1496,0.1215541570919875
866,630,1496,0.12159814946496603
869,632,1501,0.12162990022508158
858,635,1493,0.1216530198807628
853,637,1490,0.12170145713441087
859,637,1496,0.12175681924676937
862,639,1501,0.12179474161816614
861,650,1511,0.12182545586835593
853,650,1503,0.12185706539506226
865,639,1504,0.12190387737365112
858,644,1502,0.12192173887542396
858,644,1502,0.12195422348678528
861,645,1506,0.12198434209862873
861,651,1512,0.12200466844123038
855,660,1515,0.12202429216475019
853,662,1515,0.12205777667921741
851,659,1510,0.122095191742328
845,650,1495,0.12213506120723547
839,653,1492,0.12218647422467446
840,648,1488,0.12224892312729044
843,652,1495,0.12230296493384354
846,656,1502,0.12234428891157802
839,655,1494,0.12237477864733538
846,655,1501,0.12242038053400896
851,657,1508,0.12244605960785844
862,651,1513,0.12245834386984486
860,648,1508,0.12244127532373178
872,646,1518,0.122431675281446
867,652,1519,0.12239417256443556
867,645,1512,0.12236981694336273
859,643,1502,0.12234693133526406
860,645,1505,0.12234371119061596
850,650,1500,0.12233688259583657
854,651,1505,0.12235541967917149
851,652,1503,0.12236230766227968
849,654,1503,0.12237975268972402
852,654,1506,0.12239654415278702
856,651,1507,0.12240375369403501
846,644,1490,0.1224029639139281
842,655,1497,0.12242341337116626
846,656,1502,0.12245308884825612
840,657,1497,0.12247378547976584
832,665,1497,0.122506472612871
835,670,1505,0.1225576319074759
837,662,1499,0.122601961564723
835,666,1501,0.12263713307767173
847,667,1514,0.12267472514293232
846,662,1508,0.12268098172722632
838,668,1506,0.12268977533160301
848,661,1509,0.12271440478435273
850,663,1513,0.12271392300204553
847,668,1515,0.12270993041473799
847,665,1512,0.12271275225118237
850,661,1511,0.1227137516839904
852,657,1509,0.12270869988837378
855,655,1510,0.12269903926694362
865,662,1527,0.1226853391277531
851,666,1517,0.12264910005035315
850,660,1510,0.12264713519677044
848,660,1508,0.12265122308504531
855,667,1522,0.12265980993742226
839,662,1501,0.12265336528493431
837,659,1496,0.12268587294552344
846,661,1507,0.12272098119579454
839,657,1496,0.12272961175081946
846,657,1503,0.12275602562921957
842,660,1502,0.12276114897631302
844,670,1514,0.12277687178914405
843,666,1509,0.12278934801811324
840,653,1493,0.12280388970760982
845,664,1509,0.12282436900371448
845,665,1510,0.12283283665976519
844,668,1512,0.12284006504326005
836,674,1510,0.12284696085225512
844,666,1510,0.12287197035671475
844,659,1503,0.12287720104688425
850,666,1516,0.12288151958490844
845,666,1511,0.12287296058099031
843,672,1515,0.12287830237580692
839,670,1509,0.1228886806586015
828,671,1499,0.12291004111635707
829,662,1491,0.12295539163327035
814,653,1467,0.12299523115212058
823,664,1487,0.12306627814405292
837,668,1505,0.12310636522417184
833,668,1501,0.12310737512845005
835,663,1498,0.12311692230625436
834,666,1500,0.12312213676188398
840,662,1502,0.12312824998913538
836,660,1496,0.12311759867710513
835,657,1492,0.12311723028578282
828,672,1500,0.12312086241725666
822,665,1487,0.12314141652305695
826,670,1496,0.12317370913974411
829,671,1500,0.12319496514280295
829,680,1509,0.12320673312332221
822,675,1497,0.12321844953719302
817,679,1496,0.12324459038202487
823,680,1503,0.1232815977822521
825,680,1505,0.12330288545721761
814,681,1495,0.12331604096722688
808,680,1488,0.12335353160612274
812,690,1502,0.12340365879492897
809,698,1507,0.12344362383259305
810,691,1501,0.12348954887204897
807,700,1507,0.12352923857906947
821,704,1525,0.12357397885677
819,705,1524,0.12358388093294069
818,698,1516,0.12359779866340725
813,702,1515,0.12361108507798356
820,704,1524,0.1236368746485297
807,709,1516,0.12364441643589512
798,703,1501,0.12368304586398818
792,705,1497,0.12374115187916704
783,701,1484,0.12380810346995318
789,708,1497,0.12389337071875968
780,712,1492,0.12396063731283231
787,711,1498,0.12404637976292122
799,710,1509,0.12410910101225729
799,711,1510,0.12413559161596861
804,716,1520,0.12415983924141258
812,715,1527,0.12417027636349315
808,703,1511,0.1241582695679762
813,702,1515,0.12416023322107972
811,695,1506,0.12414744933077636
814,700,1514,0.12414346927668647
824,701,1525,0.1241287887373994
827,705,1532,0.12408904853258691
815,703,1518,0.12404520821353718
814,696,1510,0.12403479454622668
815,687,1502,0.12402646026885282
817,690,1507,0.12401772636846839
831,700,1531,0.12400526353567135
824,695,1519,0.1239592460505417
817,690,1507,0.12393373203013099
822,699,1521,0.12392807063067615
822,693,1515,0.123912486583782
824,693,1517,0.12389673762428688
817,687,1504,0.12387737462682029
817,697,1514,0.12387602123297381
804,699,1503,0.12387667178177988
791,698,1489,0.12390783985943031
802,706,1508,0.12396781289071032
803,703,1506,0.12399825890751437
801,693,1494,0.12402722143120372
805,688,1493,0.12405991690136187
795,679,1474,0.1240749864036583
801,689,1490,0.12411247523427074
802,699,1501,0.12413234999376088
813,693,1506,0.12414512287060876
813,688,1501,0.12413179290455495
818,691,1509,0.12411838703938458
809,680,1489,0.12409385307806593
821,684,1505,0.12409382295948569
821,686,1507,0.12406853242541566
817,688,1505,0.12404546321462417
815,696,1511,0.12403018721495446
804,703,1507,0.12401994919164913
801,706,1507,0.12403830902373691
807,700,1507,0.124062118473256
808,697,1505,0.12407035052224899
804,695,1499,0.12407334550463361
795,695,1490,0.12408484364542387
798,699,1497,0.1241190835267756
797,695,1492,0.12414517802419944
804,694,1498,0.12417278708350415
804,696,1500,0.12418323832406429
810,699,1509,0.12419388399252895
803,703,1506,0.12418733522827384
808,701,1509,0.12420155638428501
815,701,1516,0.12420057695268577
819,709,1528,0.12417947273043882
808,714,1522,0.12415066927783412
804,713,1517,0.1241510338578781
788,706,1494,0.12416141117478244
792,709,1501,0.12421029698281565
791,705,1496,0.1242452428583945
799,708,1507,0.12428223495141393
803,695,1498,0.12429929797187189
807,700,1507,0.12430521443783636
810,711,1521,0.12429970113748447
806,709,1515,0.12428707632318531
797,714,1511,0.12428797564655734
796,708,1504,0.12431205771142655
801,718,1519,0.12433510689351976
806,718,1524,0.12434645633991086
802,717,1519,0.12433982631555557
799,710,1509,0.12434445718860936
797,710,1507,0.1243542274215066
800,709,1509,0.12436990343637686
806,707,1513,0.12438065499454211
795,708,1503,0.12437701333010598
799,705,1504,0.12439889896241724
801,719,1520,0.12440940341267451
788,715,1503,0.12441363480155854
790,713,1503,0.1244478286232461
794,710,1504,0.12447397208542796
795,711,1506,0.12448912750433852
783,710,1493,0.12450183696725393
773,712,1485,0.12454212725340948
779,716,1495,0.12460199523465317
775,711,1486,0.12464456292677407
783,706,1489,0.12469294589133785
789,712,1501,0.12471772136057607
779,709,1488,0.12472888396689669
783,704,1487,0.12476356296674923
787,697,1484,0.12478628751403063
780,701,1481,0.12479669828910087
786,702,1488,0.12482017726332022
791,707,1498,0.12482933861482548
785,711,1496,0.12482438584344033
789,709,1498,0.1248372020998454
793,718,1511,0.12483858992198027
793,718,1511,0.12483045788661866
796,716,1512,0.12482264867114892
791,713,1504,0.12480825221077123
788,712,1500,0.12480737546336672
783,708,1491,0.12481151107195725
777,710,1487,0.12482760254974641
773,710,1483,0.12486043183358611
769,728,1497,0.12489916657060707
774,723,1497,0.12494733843537731
777,720,1497,0.12497844782160535
780,732,1512,0.12500028920888884
780,733,1513,0.1250147633613172
784,739,1523,0.1250265069890694
780,738,1518,0.12502940960008166
769,736,1505,0.12504386050537872
771,729,1500,0.12508299809768125
770,734,1504,0.1251152896795805
768,734,1502,0.12514625968451745
770,738,1508,0.12517941231840027
767,735,1502,0.1252080463392476
760,737,1497,0.12524290803688726
757,745,1502,0.12528994693257542
749,752,1501,0.12533972622118747
753,756,1509,0.1254068889601816
747,756,1503,0.12546114292164573
744,754,1498,0.12552647869054492
753,757,1510,0.12559367805253896
757,770,1527,0.1256363064839875
757,777,1534,0.12566628549412562
753,776,1529,0.12569494128521386
737,766,1503,0.1257337304694831
735,764,1499,0.12580686234693875
729,773,1502,0.12588182111517804
730,766,1496,0.12596623793009548
725,773,1498,0.1260431887508256
715,783,1498,0.1261280623215323
715,789,1504,0.12622731256266276
715,791,1506,0.12631940467907574
712,791,1503,0.12640599456429075
719,793,1512,0.12649183830961977
722,789,1511,0.12655637504255826
721,783,1504,0.1266103232898917
718,778,1496,0.12666409061883238
726,779,1505,0.1267211276517306
714,786,1500,0.12675653854240987
717,784,1501,0.1268161725077046
704,783,1487,0.12686305123346642
702,786,1488,0.12693819268352374
696,791,1487,0.12701111835566145
697,785,1482,0.12709387971001207
697,798,1495,0.12716714885335173
700,804,1504,0.12723362194293547
694,801,1495,0.1272875060779205
705,794,1499,0.12735183996264976
700,792,1492,0.12738947114099064
704,791,1495,0.1274351181194485
703,802,1505,0.12746829690503034
707,805,1512,0.12750065051652765
714,802,1516,0.12752294788492907
704,808,1512,0.12752516198788397
707,803,1510,0.12755063648203913
697,804,1501,0.12756687806879413
696,801,1497,0.12760655341030655
692,807,1499,0.12764960601173322
700,805,1505,0.12769679682590543
696,810,1506,0.12772234519883552
691,818,1509,0.12775679058241032
686,822,1508,0.12780416369102754
678,820,1498,0.12786014491350947
681,824,1505,0.12792861951670204
682,820,1502,0.12798459036733617
682,826,1508,0.12803437004046425
686,817,1503,0.12808332027271638
682,818,1500,0.1281172114851901
685,819,1504,0.12816010745305254
678,820,1498,0.12819524860087933
677,828,1505,0.1282442924385264
665,828,1493,0.12829371979199025
669,841,1510,0.12836823215824608
676,832,1508,0.12842815649297923
666,840,1506,0.12846617564984167
669,840,1509,0.12852499552073313
668,846,1514,0.12857206541554425
670,849,1519,0.12861770781118462
659,848,1507,0.12865599993152232
655,843,1498,0.12871908859660766
666,855,1521,0.12878819786162737
658,844,1502,0.12882380621417208
664,851,1515,0.12887700407235678
664,847,1511,0.12891173285243382
658,846,1504,0.12894550178067193
656,848,1504,0.1289899861378091
649,848,1497,0.12903922668985918
646,849,1495,0.12910244035318327
646,846,1492,0.12916951242364097
652,854,1506,0.1292330918762632
649,854,1503,0.12927694282906826
653,860,1513,0.12932503325465297
651,863,1514,0.12936097386452908
652,857,1509,0.1293991508992304
647,860,1507,0.1294325854536305
641,866,1507,0.12947381359815247
638,870,1508,0.129528058430734
637,869,1506,0.12958542224157177
634,877,1511,0.12964287285584897
647,867,1514,0.12970363149596162
644,859,1503,0.1297265641029325
636,856,1492,0.12975443039869808
629,859,1488,0.12979959206732083
635,864,1499,0.12985140031610728
646,867,1513,0.12988789463575784
653,861,1514,0.129895268331902
645,870,1515,0.1298855682901267
641,865,1506,0.12989791321028632
641,859,1500,0.12991991718213913
627,869,1496,0.12994266349296665
631,872,1503,0.12999635225823072
635,874,1509,0.13003592379018394
634,869,1503,0.13006106913431356
626,872,1498,0.1300900340852121
626,870,1496,0.13013774668152261
632,866,1498,0.13018253599282684
628,868,1496,0.13020931273262745
627,873,1500,0.1302449246076027
625,880,1505,0.13027843935850766
620,875,1495,0.13031482282702087
618,884,1502,0.13036309727366344
620,891,1511,0.1304146313024101
624,889,1513,0.13046019026291888
622,886,1508,0.13049202853107167
626,895,1521,0.13052555083570241
623,895,1518,0.13054377092239938
613,895,1508,0.1305716874963055
607,894,1501,0.13062057236393293
612,901,1513,0.1306768406590597
615,911,1526,0.1307176529717268
623,895,1518,0.13075110645207516
622,898,1520,0.13076308903089123
622,897,1519,0.130777716069958
622,888,1510,0.13078930064629318
617,895,1512,0.130802436842993
610,901,1511,0.1308279547295601
615,902,1517,0.13086735034543895
616,900,1516,0.13089390128279527
615,897,1512,0.13091717894300647
609,886,1495,0.13093759726791426
607,889,1496,0.13097186235391994
610,891,1501,0.13100813404576
602,902,1504,0.13103462236297755
605,910,1515,0.13107960138618643
605,910,1515,0.13111393213844574
601,897,1498,0.13114700111885313
599,897,1496,0.13118686873805777
602,900,1502,0.1312288612087414
597,906,1503,0.1312614947332821
597,914,1511,0.13130529218345166
601,911,1512,0.13134652586329648
592,915,1507,0.1313760875644477
596,915,1511,0.1314251592341267
594,920,1514,0.13146100242226325
592,914,1506,0.1314987787256782
588,903,1491,0.13153835062804956
593,906,1499,0.13158406674475118
595,907,1502,0.13161495709734133
595,900,1495,0.13163639195401813
595,913,1508,0.13165708439776572
588,918,1506,0.13167679375223296
577,920,1497,0.13171171152290684
582,919,1501,0.13177081094982604
577,922,1499,0.13181568896542806
578,924,1502,0.13186964645349591
582,923,1505,0.13191447084856944
584,928,1512,0.13194757104170074
584,923,1507,0.13197192053009144
587,920,1507,0.13199276201408075
583,917,1500,0.13200701206358195
582,929,1511,0.13202994607372345
584,926,1510,0.13205297844945144
586,927,1513,0.1320705863877654
584,922,1506,0.13208482203874053
583,926,1509,0.13210270415920924
583,929,1512,0.13212317656143507
577,933,1510,0.13214051177008812
572,932,1504,0.13217277387048681
569,930,1499,0.1322146689733084
565,935,1500,0.13226076253489327
559,941,1500,0.13231305317937853
562,938,1500,0.13237575100453347
568,927,1495,0.13242795342714278
573,924,1497,0.1324611192486554
569,930,1499,0.1324795300027667
572,930,1502,0.13250535720571988
580,940,1520,0.1325220700412285
576,938,1514,0.13252116651701723
572,942,1514,0.13253095724913744
566,946,1512,0.13254903149584366
566,939,1505,0.13257779874696285
561,953,1514,0.13260561176450816
561,946,1507,0.13264334106311648
556,944,1500,0.13267768313939513
556,958,1514,0.13272327652899338
558,960,1518,0.13276345304927328
561,947,1508,0.13279756858268102
562,947,1509,0.13282169948038977
557,944,1501,0.1328421438137222
559,964,1523,0.13287330512635967
549,975,1524,0.13289718603976391
538,977,1515,0.13294369774044695
536,973,1509,0.13301410505456526
532,972,1504,0.13308431574583296
526,977,1503,0.13315986364033577
528,976,1504,0.13324533936069075
534,970,1504,0.1333214713361669
541,971,1512,0.13337825836065026
545,975,1520,0.13341500795320516
537,972,1509,0.13344121008379403
529,975,1504,0.13348501223616518
521,978,1499,0.13354499524611765
531,975,1506,0.13362067684465737
520,968,1488,0.1336654528834993
527,977,1504,0.1337320442220168
524,979,1503,0.13377885559466648
528,979,1507,0.1338285931983238
523,982,1505,0.13386563991375458
529,1000,1529,0.13391243832512598
526,997,1523,0.1339391572804291
529,987,1516,0.1339711692971242
527,983,1510,0.13399397069136623
527,971,1498,0.1340186302627374
535,980,1515,0.1340418289784673
538,983,1521,0.1340429288826634
529,986,1515,0.1340373008861139
529,980,1509,0.13405407339952255
522,991,1513,0.13406934092667466
521,984,1505,0.13409898798096098
528,977,1505,0.1341301486687128
531,969,1500,0.1341433828428562
531,973,1504,0.1341483596002462
526,972,1498,0.13415425874563586
532,981,1513,0.13417239054353514
535,979,1514,0.13417335804170002
529,976,1505,0.13416625175901697
527,970,1497,0.13417636368277
530,983,1513,0.13419012345956208
534,971,1505,0.13419594737634313
530,979,1509,0.13419287202453464
526,975,1501,0.13419962821674125
526,983,1509,0.13421355119740577
523,969,1492,0.13422576803721548
529,979,1508,0.1342451930329327
535,981,1516,0.1342468748827612
527,976,1503,0.13423469822669273
524,984,1508,0.13424355618194783
523,984,1507,0.13425831205317926
533,987,1520,0.13427671968556143
540,985,1525,0.13427051771094323
534,985,1519,0.13424584788933341
531,977,1508,0.13423926317125123
532,973,1505,0.1342412209806449
526,980,1506,0.13424013693958228
533,981,1514,0.13425252426578943
532,991,1523,0.13424776677701533
528,987,1515,0.1342456287193171
530,990,1520,0.13425324071570494
524,978,1502,0.13425761989015336
520,981,1501,0.13427309387516967
518,986,1504,0.13429922482883852
519,992,1511,0.13432886110418885
520,1004,1524,0.13435596269439723
516,999,1515,0.1343801791854829
510,995,1505,0.13441182346217495
514,983,1497,0.1344519283929895
512,975,1487,0.13448242110267322
505,977,1482,0.1345186812691212
510,985,1495,0.13456808134241316
507,988,1495,0.13460259847076522
507,996,1503,0.13464134508680498
499,1004,1503,0.1346758743928939
505,1003,1508,0.13472755828348243
509,991,1500,0.13476247565717178
510,992,1502,0.13478361328525806
508,1010,1518,0.13479923311575603
510,1000,1510,0.13481803544972545
506,1007,1513,0.13482850326348716
511,1003,1514,0.13484827963331691
507,999,1506,0.1348570669950696
507,1001,1508,0.1348748783896361
504,999,1503,0.1348929549884235
494,1011,1505,0.13491676453332446
500,1018,1518,0.13496513051606318
502,1020,1522,0.1349964895641039
505,1026,1531,0.13502133342410366
501,1031,1532,0.1350379090415889
495,1027,1522,0.1350644493349998
500,1021,1521,0.1351047245551845
498,1008,1506,0.13512905546506615
508,1014,1522,0.13515468004552425
500,1010,1510,0.13515381334878218
497,1014,1511,0.1351723738288407
502,1023,1525,0.13519573645517535
501,1015,1516,0.13520647199150923
499,1021,1520,0.1352204412185909
503,1015,1518,0.13523515185765025
500,1011,1511,0.13524047518400498
495,1013,1508,0.13525323083468802
491,1019,1510,0.1352765751194613
493,1012,1505,0.1353058215922335
490,1019,1509,0.13533110120704608
495,1020,1515,0.1353595432810179
489,1029,1518,0.13537410664291322
492,1020,1512,0.13540292625455316
489,1027,1516,0.13542253300215795
490,1027,1517,0.13544837618694325
489,1024,1513,0.135471359138622
481,1026,1507,0.1354965480041602
476,1023,1499,0.13553699428384597
474,1020,1494,0.13558494518280792
474,1031,1505,0.13563539361405513
465,1020,1485,0.1356827775673575
466,1032,1498,0.13574758925842376
462,1023,1485,0.13580679624384726
470,1021,1491,0.13587001244404592
462,1028,1490,0.1359085845645029
460,1041,1501,0.13596254237168137
471,1038,1509,0.13601843811028747
467,1038,1505,0.13604391615270006
474,1049,1523,0.13607763263574482
474,1052,1526,0.1360925029001179
475,1047,1522,0.13610694613405325
459,1048,1507,0.13611804625221627
461,1053,1514,0.1361687697933324
462,1065,1527,0.13621399457292013
455,1058,1513,0.13625291551031365
448,1054,1502,0.1363074677457847
447,1060,1507,0.13637385159337878
443,1041,1484,0.13643808189459825
446,1039,1485,0.1365044138117376
449,1044,1493,0.13655795264767864
450,1057,1507,0.13659825132034314
450,1052,1502,0.13663293532621662
452,1054,1506,0.1366661824842942
453,1049,1502,0.13669159411390283
455,1051,1506,0.13671354013999099
454,1047,1501,0.13673064363191348
461,1050,1511,0.1367521996766832
454,1055,1509,0.136754796652873
452,1071,1523,0.13677262170496474
448,1064,1512,0.13679461052326208
447,1060,1507,0.13682499797524908
451,1063,1514,0.13685690013050666
451,1063,1514,0.1368768326040432
454,1054,1508,0.13689675970804577
450,1058,1508,0.13690529684762665
456,1053,1509,0.13692440880961101
451,1051,1502,0.1369294582568256
461,1034,1495,0.1369471923535971
454,1041,1495,0.13693902036171848
461,1037,1498,0.1369469393860516
464,1051,1515,0.13693761040922947
461,1061,1522,0.13692168508133548
455,1061,1516,0.1369162065918655
453,1069,1522,0.1369226080648363
452,1063,1515,0.1369356871325992
445,1056,1501,0.1369510556141481
440,1070,1510,0.13698281955016586
431,1068,1499,0.13702490104373305
440,1075,1515,0.1370858284111717
440,1076,1516,0.13712029199807163
443,1071,1514,0.1371523089342569
439,1074,1513,0.13717639991828898
437,1074,1511,0.13720620846585557
443,1072,1515,0.13723837624339322
441,1070,1511,0.13725628418998856
444,1069,1513,0.13727787752690582
438,1076,1514,0.1372918262234611
430,1072,1502,0.1373162123877433
427,1070,1497,0.1373582609866734
428,1086,1514,0.1374065083049143
426,1084,1510,0.1374504656476578
419,1092,1511,0.13749416562118935
414,1089,1503,0.13755210099047618
416,1086,1502,0.13761792389331215
420,1097,1517,0.1376733601504077
422,1088,1510,0.1377156589802179
426,1099,1525,0.1377511674325053
421,1090,1511,0.13777532120489322
425,1086,1511,0.13781080260861853
422,1087,1509,0.13783470921299457
418,1073,1491,0.1378640250303161
412,1080,1492,0.13790069190635787
415,1074,1489,0.13794885851287017
421,1076,1497,0.1379883702029893
418,1085,1503,0.13800822538776905
422,1090,1512,0.13803260232716252
418,1100,1518,0.13804544254839446
408,1090,1498,0.13806644154650274
402,1083,1485,0.13811031332771417
405,1089,1494,0.13816722364910114
407,1105,1512,0.13821211943211106
403,1093,1496,0.1382475249058424
412,1101,1513,0.13829014548302423
415,1103,1518,0.13830946784514336
413,1103,1516,0.1383208359611868
415,1096,1511,0.1383375632140966
412,1097,1509,0.13834895407054826
415,1104,1519,0.1383672872121952
415,1097,1512,0.1383765921592546
418,1092,1510,0.138383560598249
411,1090,1501,0.13838099883744717
414,1082,1496,0.13839571796758332
405,1090,1495,0.1384051321494738
404,1090,1494,0.13843239607931643
407,1090,1497,0.13846035551789176
405,1093,1498,0.13847805781782746
406,1101,1507,0.13849999066004984
401,1110,1511,0.13851941498179327
388,1120,1508,0.1385509101072791
390,1120,1510,0.1386114032428201
395,1111,1506,0.13866387237086067
398,1104,1502,0.1386992347655457
397,1129,1526,0.138726467399706
393,1144,1537,0.13875395662015622
391,1139,1530,0.1387900945669656
387,1121,1508,0.13882805019986058
390,1120,1510,0.13887518196593718
381,1132,1513,0.13891165526400154
384,1127,1511,0.13896790459021033
379,1121,1500,0.13901355102319926
385,1123,1508,0.1390682476631553
388,1122,1510,0.1391033973992086
383,1131,1514,0.13913038401944822
384,1130,1514,0.13916882687803436
384,1134,1518,0.13920016876803243
380,1129,1509,0.139229754234901
377,1134,1511,0.13926852232880804
373,1142,1515,0.13931469546098238
367,1148,1515,0.13936702863511347
368,1144,1512,0.13942959285842565
363,1153,1516,0.13948810228489458
361,1149,1510,0.13955434406775982
360,1144,1504,0.13962105598196797
360,1144,1504,0.1396861147548861
360,1149,1509,0.1397443320539141
358,1149,1507,0.13979920077541685
358,1143,1501,0.13985361921750583
359,1143,1502,0.1399037170065742
362,1144,1506,0.1399471714409166
360,1144,1504,0.1399812913961419
359,1136,1495,0.14001781348246628
361,1143,1504,0.14005421028975326
359,1144,1503,0.14008136093868423
355,1145,1500,0.14011151279294612
352,1164,1516,0.14014982961085948
348,1167,1515,0.1401930767179558
342,1162,1504,0.14024431720590638
342,1164,1506,0.1403040976122401
346,1156,1502,0.14035874330774026
341,1154,1495,0.14040108651510322
344,1152,1496,0.14045279636327443
342,1153,1495,0.14049281626872706
346,1156,1502,0.14053688262244227
345,1165,1510,0.1405695729582453
347,1165,1512,0.1406030171146835
347,1158,1505,0.14062742766926703
349,1158,1507,0.14065222954565645
344,1163,1507,0.14067282428501612
343,1161,1504,0.1407044645084605
346,1158,1504,0.14073647002390854
352,1154,1506,0.1407580805443297
359,1152,1511,0.14076414324360983
359,1144,1503,0.14075012398657244
356,1154,1510,0.14073676700872317
352,1155,1507,0.14073167457247812
359,1149,1508,0.1407378276891453
359,1154,1513,0.14072703887486607
360,1156,1516,0.14071830910254984
359,1161,1520,0.14070837651189683
358,1157,1515,0.14070100077006858
353,1170,1523,0.1406972594759737
352,1156,1508,0.1407072154251869
352,1168,1520,0.14071622028465516
357,1172,1529,0.14072646358924515
353,1174,1527,0.14072354060756478
348,1179,1527,0.14073189553890017
344,1185,1529,0.14075352850059972
345,1179,1524,0.1407838031325721
340,1173,1513,0.14081105879420097
336,1160,1496,0.1408494262335503
333,1164,1497,0.14089221957744186
339,1174,1513,0.14093720320485215
333,1173,1506,0.14096308344069722
335,1173,1508,0.14100250447668372
335,1173,1508,0.14103406746594968
331,1170,1501,0.1410626660643862
324,1171,1495,0.14109831096608277
323,1168,1491,0.14114973279190113
331,1169,1500,0.14120042919804035
329,1176,1505,0.14123111904989016
331,1176,1507,0.1412642220115931
330,1173,1503,0.14128993630251913
329,1171,1500,0.14131535967425055
333,1184,1517,0.1413414195694812
335,1181,1516,0.14135443718556634
333,1175,1508,0.14136182347797463
335,1176,1511,0.1413741319420553
335,1165,1500,0.14138130868620372
336,1168,1504,0.1413870061084803
336,1158,1494,0.14139105971316412
334,1164,1498,0.14139404201048467
335,1170,1505,0.14139990566163577
330,1170,1500,0.14139843871463462
328,1175,1503,0.1414086108927606
329,1173,1502,0.14142512358057746
337,1176,1513,0.14143777559822607
337,1169,1506,0.14143139273773386
339,1169,1508,0.14142742482320808
345,1173,1518,0.14142044095543083
346,1175,1521,0.14140149950750439
343,1186,1529,0.14138245724533738
341,1173,1514,0.1413730994106553
339,1177,1516,0.1413689222558233
339,1177,1516,0.1413693989175148
341,1182,1523,0.14137069442111774
337,1173,1510,0.1413684566104404
332,1183,1515,0.1413758334476234
335,1176,1511,0.1413958348598473
333,1181,1514,0.14140512715268463
334,1175,1509,0.1414183776652956
331,1175,1506,0.1414287326342585
334,1182,1516,0.14144332206910967
331,1180,1511,0.14144649422730957
323,1177,1500,0.14145684323944416
326,1179,1505,0.14148562856925678
327,1171,1498,0.14150448912070623
330,1167,1497,0.14152111006061566
327,1170,1497,0.1415314706830882
325,1174,1499,0.14154770371663766
333,1173,1506,0.1415679892434865
332,1187,1519,0.14156590491959642
331,1188,1519,0.14156730996885686
331,1172,1503,0.14157119364430124
330,1165,1495,0.14157591122990645
329,1178,1507,0.14158292391254232
329,1172,1501,0.1415898127992998
333,1184,1517,0.14159805414236495
325,1187,1512,0.14159759031753832
321,1195,1516,0.14161612496534406
318,1201,1519,0.14164142975570612
326,1197,1523,0.1416726301723743
323,1189,1512,0.14168163727733918
318,1187,1505,0.14169778357797236
317,1191,1508,0.14172578173894582
312,1205,1517,0.14175544301162862
307,1207,1514,0.14179689110918073
311,1201,1512,0.14184819204416876
306,1202,1508,0.14188661686162118
304,1206,1510,0.14193502544944395
298,1210,1508,0.14198576382161274
300,1205,1505,0.1420474214720213
300,1217,1517,0.14210064243325765
301,1215,1516,0.1421506176195755
298,1225,1523,0.1421959203097117
299,1216,1515,0.1422461311072589
300,1211,1511,0.14228762596154687
297,1204,1501,0.14232040799545753
304,1207,1511,0.1423594624913787
299,1194,1493,0.14238009161361748
299,1207,1506,0.14241216477379684
303,1209,1512,0.14244199555979978
301,1205,1506,0.1424617375988376
298,1201,1499,0.14248483766602388
304,1203,1507,0.14251311616181622
302,1198,1500,0.14252194086125372
305,1206,1511,0.14253613053663006
303,1199,1502,0.14254392125012896
304,1215,1519,0.14255612163940748
297,1215,1512,0.14256422000442928
291,1209,1500,0.14258653804625498
293,1208,1501,0.1426231057446074
291,1220,1511,0.14265295201717385
289,1228,1517,0.14268510399514558
284,1227,1511,0.14272059099447726
279,1233,1512,0.14276711927401045
282,1233,1515,0.1428225279642509
282,1231,1513,0.1428677510352968
283,1229,1512,0.14290882093011753
285,1232,1517,0.14294505237246585
280,1232,1512,0.1429741729337548
276,1223,1499,0.14301455892904244
273,1228,1501,0.143062294248344
281,1225,1506,0.14311152482477574
278,1226,1504,0.14313754641895976
283,1217,1500,0.14316877437335684
283,1228,1511,0.14318672307982397
287,1233,1520,0.14320291257613432
279,1244,1523,0.14321038341972264
283,1236,1519,0.14323437386598473
286,1236,1522,0.14324788893433868
285,1233,1518,0.14325134129971023
285,1239,1524,0.1432546796796056
289,1239,1528,0.14325765558922232
293,1230,1523,0.1432524170816646
289,1229,1518,0.14323791275742398
294,1232,1526,0.14323454265378985
293,1240,1533,0.14322034816278736
290,1232,1522,0.14320889654666635
290,1239,1529,0.143206125200863
288,1230,1518,0.1432035285605053
285,1235,1520,0.1432066920910904
284,1237,1521,0.14321708869496694
282,1236,1518,0.1432306798448181
280,1237,1517,0.14324863880339506
282,1230,1512,0.14326872682091732
281,1237,1518,0.1432830262151765
281,1228,1509,0.14329969632285336
280,1237,1517,0.14331433440354568
282,1234,1516,0.14332941779163344
281,1225,1506,0.14333883197047806
279,1219,1498,0.14334956449755334
277,1229,1506,0.14336389545544037
281,1239,1520,0.14338073206282392
283,1236,1519,0.14338783180494358
281,1244,1525,0.1433901825223888
279,1249,1528,0.14339872480155857
279,1236,1515,0.14341257486928452
277,1232,1509,0.14342627883550343
273,1233,1506,0.14344294291754559
276,1241,1517,0.14346827585269273
282,1239,1521,0.1434841008976706
283,1246,1529,0.14348629883635078
286,1234,1520,0.14348462317788094
280,1234,1514,0.14347529912253137
276,1231,1507,0.14348105066081288
278,1230,1508,0.14349542926320943
279,1215,1494,0.14350346511677256
282,1220,1502,0.14350658511063305
282,1233,1515,0.1435024361562272
275,1236,1511,0.1435009772468814
281,1240,1521,0.14351415921321278
280,1238,1518,0.1435108310071476
278,1239,1517,0.14351259421306753
273,1249,1522,0.14351849596849278
270,1243,1513,0.14353686892691847
270,1246,1516,0.1435594107304535
270,1239,1509,0.14358209211329181
273,1252,1525,0.14360429631102697
267,1236,1503,0.14361635690417085
266,1233,1499,0.14364237147963727
260,1235,1495,0.14367130425522734
262,1250,1512,0.1437130694314913
264,1257,1521,0.14374700505867818
257,1256,1513,0.14377311081808625
250,1245,1495,0.14381427458310253
253,1256,1509,0.14386966573118742
251,1255,1506,0.143914621766676
250,1254,1504,0.14396194787582103
250,1251,1501,0.14400903809672244
247,1256,1503,0.14405314197900942
253,1266,1519,0.14410013590149368
247,1262,1509,0.14413086768481287
249,1266,1515,0.1441733689947524
247,1274,1521,0.14420783187414346
246,1273,1519,0.144243426646533
252,1261,1513,0.1442794832286769
249,1267,1516,0.14429826044924832
257,1259,1516,0.14432360289769897
260,1253,1513,0.1443287266400956
259,1250,1509,0.14432308894057314
254,1248,1502,0.14432118777367886
256,1251,1507,0.14433109042077782
258,1252,1510,0.14433724669522513
256,1258,1514,0.14433852663979835
260,1261,1521,0.1443434341929302
259,1257,1516,0.14433848890194878
258,1254,1512,0.14433460781078997
258,1251,1509,0.14433573641260952
257,1254,1511,0.14433772962488686
257,1248,1505,0.14434121410543319
266,1247,1513,0.14434329103806898
259,1239,1498,0.1443245320925904
258,1252,1510,0.14432492242384198
259,1261,1520,0.14432699549586595
264,1272,1536,0.14432706569983353
262,1256,1518,0.14431385283424064
261,1259,1520,0.14430793927323995
264,1254,1518,0.14430498884473691
261,1255,1516,0.14429086962694618
264,1261,1525,0.14428591313376718
270,1260,1530,0.14427267979774394
267,1254,1521,0.1442461063135014
270,1253,1523,0.14422848792138881
269,1247,1516,0.14420605763541594
261,1244,1505,0.1441880400680122
258,1239,1497,0.14419110661199983
261,1241,1502,0.14419967194859382
260,1244,1504,0.1442005939027495
261,1241,1502,0.14420191650619368
257,1241,1498,0.1442010149589318
261,1240,1501,0.14420940332666304
262,1244,1506,0.14420636245332263
265,1245,1510,0.14420020113404472
266,1243,1509,0.1441864424700518
265,1240,1505,0.14417412850073702
270,1245,1515,0.14416371848085224
271,1240,1511,0.14414351342989132
274,1240,1514,0.1441210338489522
272,1234,1506,0.14409235706850432
269,1236,1505,0.14407047840348533
267,1244,1511,0.1440575827445051
269,1245,1514,0.1440509896422248
275,1245,1520,0.14404044951086414
276,1232,1508,0.14401620607404605
275,1231,1506,0.14398981094294133
278,1240,1518,0.14396703297626953
277,1235,1512,0.14394226066077004
277,1226,1503,0.1439213579307433
280,1232,1512,0.1439008722949357
276,1237,1513,0.14387407308931321
277,1243,1520,0.14385981751304708
272,1256,1528,0.1438447730186239
273,1238,1511,0.1438428761100103
269,1242,1511,0.14383813437483753
264,1249,1513,0.14384518081585868
265,1253,1518,0.14386351699305527
261,1243,1504,0.14387901332257902
262,1245,1507,0.14390238004435668
266,1254,1520,0.14392135227296157
266,1245,1511,0.14392719766070738
271,1249,1520,0.14393506909257653
272,1251,1523,0.14392818701068547
272,1261,1533,0.14392063365167018
270,1247,1517,0.14391360346853002
265,1238,1503,0.14391326618995695
264,1249,1513,0.1439244817766207
266,1244,1510,0.14393749259830024
266,1252,1518,0.14394426421892567
268,1238,1506,0.14395048104393873
266,1246,1512,0.14395024567985415
259,1257,1516,0.14395609905146706
256,1260,1516,0.14397862160165154
259,1245,1504,0.14400717645064734
256,1248,1504,0.14402575332604994
257,1261,1518,0.14405156358730603
254,1247,1501,0.1440745656697133
252,1254,1506,0.1441034442891589
250,1251,1501,0.1441335173816058
249,1259,1508,0.14416567858420332
249,1272,1521,0.14419934867628248
253,1259,1512,0.14423101506144542
254,1248,1502,0.14424892696072722
259,1261,1520,0.14426383933297682
255,1259,1514,0.14426409872950302
256,1260,1516,0.14427510617882197
256,1256,1512,0.14428230072759698
255,1250,1505,0.14428945786885536
254,1260,1514,0.14429775033791656
253,1272,1525,0.14430974975650382
255,1279,1534,0.1443232085834554
261,1266,1527,0.14432809524539864
260,1257,1517,0.14431817067058922
260,1268,1528,0.1443131616334408
263,1249,1512,0.14430889707176905
259,1241,1500,0.14429761382033182
255,1249,1504,0.14429725053762693
263,1250,1513,0.1443070666356976
262,1255,1517,0.1442983119594506
263,1255,1518,0.14429142192724187
259,1248,1507,0.1442832693593031
264,1249,1513,0.14428424878295004
260,1255,1515,0.14427165130541703
260,1255,1515,0.1442708182054957
259,1268,1527,0.14427082385235065
261,1263,1524,0.1442732560276446
256,1259,1515,0.14427100165289944
259,1258,1517,0.14428172320496002
262,1263,1525,0.14428379622242002
258,1267,1525,0.14427978377713185
251,1264,1515,0.1442862356984143
252,1268,1520,0.14430815455979062
250,1263,1513,0.14432673622229086
255,1255,1510,0.14434948978703027
254,1265,1519,0.1443553841306486
250,1257,1507,0.1443634537230211
248,1273,1521,0.14438285670831547
247,1270,1517,0.14440599928351966
248,1276,1524,0.14443102176384404
248,1273,1521,0.144452166289749
247,1264,1511,0.14447131528045115
245,1265,1510,0.14449003060915822
240,1272,1512,0.14451327033201677
242,1265,1507,0.1445471617357328
243,1285,1528,0.1445736360839107
234,1279,1513,0.1445967071825176
237,1280,1517,0.1446397532347751
234,1277,1511,0.1446734353062716
236,1272,1508,0.14471201369875594
238,1278,1516,0.1447431981879478
238,1285,1523,0.14476735004140429
235,1283,1518,0.14479110235467194
231,1273,1504,0.1448223872651398
228,1282,1510,0.1448620463163968
226,1278,1504,0.144905405465258
228,1282,1510,0.14495036793073257
227,1298,1525,0.1449870320062065
218,1300,1518,0.14502488024488097
220,1301,1521,0.14508182134054828
217,1300,1517,0.14512946929615975
218,1297,1515,0.1451820802061763
219,1300,1519,0.14522801491528614
217,1300,1517,0.14526801922115157
214,1291,1505,0.14531026068737074
211,1292,1503,0.14535718956323204
205,1288,1493,0.14540850268253003
204,1293,1497,0.14546915892143342
203,1300,1503,0.1455282688185616
203,1311,1514,0.1455868858296278
198,1305,1503,0.14564099629700875
195,1303,1498,0.14570209256627045
200,1307,1507,0.1457660141216461
199,1323,1522,0.14581365533286048
196,1322,1518,0.1458616536369586
196,1328,1524,0.14591337987420183
195,1329,1524,0.1459605771505935
197,1325,1522,0.1460082882969579
199,1325,1524,0.14604629352539472
195,1318,1513,0.1460733321852122
190,1314,1504,0.14611050004270207
186,1320,1506,0.14615831895893452
187,1334,1521,0.14621343699999276
184,1328,1512,0.146263323769436
187,1316,1503,0.14631649351076853
188,1324,1512,0.1463586675408125
188,1328,1516,0.14639501485039264
186,1326,1512,0.14643026889445782
192,1336,1528,0.14646702681962967
190,1327,1517,0.14648651121499753
193,1331,1524,0.1465103548681269
188,1333,1521,0.1465243798217303
187,1318,1505,0.14654994589177378
186,1323,1509,0.14657537486350622
186,1326,1512,0.1466022602395274
189,1319,1508,0.14662798112176514
187,1327,1514,0.14664420111192378
188,1340,1528,0.14666422864739792
190,1333,1523,0.14667786670415306
184,1326,1510,0.1466862250134315
189,1317,1506,0.14670913602998378
187,1327,1514,0.1467193113579053
187,1331,1518,0.14673500581677307
181,1328,1509,0.1467489415114654
184,1335,1519,0.14677766398409056
183,1329,1512,0.14679609143108074
180,1345,1525,0.14681588649478577
174,1335,1509,0.14684164008830566
176,1339,1515,0.1468814722735267
179,1326,1505,0.14691381247859037
178,1344,1522,0.14693599508156877
184,1345,1529,0.14695716153851696
179,1348,1527,0.1469635463231116
179,1339,1518,0.14698070293611923
177,1334,1511,0.14699626261449772
175,1327,1502,0.14701501445728726
172,1331,1503,0.14703694891467647
171,1327,1498,0.1470646641322938
173,1339,1512,0.14709409612183874
171,1349,1520,0.14711829464012344
169,1350,1519,0.14714709998714767
172,1342,1514,0.14717932073818094
170,1344,1514,0.14720253222398214
172,1348,1520,0.14722817402771293
175,1339,1514,0.14724366254173427
173,1342,1515,0.1472515620255353
172,1332,1504,0.14726452232516132
175,1326,1501,0.14727815055225332
173,1324,1497,0.14728359198758625
173,1337,1510,0.1472939281703985
175,1327,1502,0.1473049710937449
175,1327,1502,0.14730932122236454
173,1333,1506,0.14731426960678617
175,1344,1519,0.14732406509532614
172,1345,1517,0.1473277138505048
175,1340,1515,0.1473386176057021
169,1336,1505,0.14734093691457492
166,1330,1496,0.14735916472169064
169,1334,1503,0.1473828664372933
174,1331,1505,0.14739607242683805
169,1331,1500,0.1473966689086608
177,1340,1517,0.1474107525766897
175,1339,1514,0.14740422555546404
171,1357,1528,0.14740366352525416
175,1351,1526,0.14741370540474988
174,1356,1530,0.1474118634586272
172,1342,1514,0.1474138449021027
170,1344,1514,0.14742063119364612
175,1327,1502,0.14743052816920804
178,1337,1515,0.1474265199045916
177,1347,1524,0.14741498471308176
177,1344,1521,0.14740627969060238
178,1340,1518,0.14740108364736637
177,1342,1519,0.1473950632612939
179,1349,1528,0.14739236784635978
175,1354,1529,0.14738486648913682
178,1352,1530,0.14738762426740445
178,1337,1515,0.1473814298424588
176,1343,1519,0.14737634023354437
177,1330,1507,0.1473760231939703
176,1328,1504,0.14737425150223835
175,1332,1507,0.14737597186228887
172,1331,1503,0.147380840978863
174,1339,1513,0.1473914336501513
174,1348,1522,0.1473974305920568
177,1348,1525,0.14740431005794183
176,1326,1502,0.1474041723048492
174,1325,1499,0.14740687166129973
175,1338,1513,0.14741328632486017
176,1346,1522,0.1474157672802009
173,1351,1524,0.1474148003313871
174,1348,1522,0.14742191168572494
175,1346,1521,0.1474262900035691
175,1354,1529,0.1474284122655566
173,1346,1519,0.14743165948040782
174,1331,1505,0.14743894060977372
169,1336,1505,0.14744369532715138
171,1320,1491,0.1474594281578297
173,1329,1502,0.14746854599314746
172,1336,1508,0.1474695340340419
175,1329,1504,0.1474741617537145
175,1325,1500,0.14747220652469284
170,1332,1502,0.1474704642505119
174,1335,1509,0.1474819057541538
173,1352,1525,0.14748307099567845
172,1345,1517,0.1474859255013226
166,1346,1512,0.1474906269865117
167,1340,1507,0.14751048108189785
170,1330,1500,0.1475281495133042
167,1335,1502,0.14753726123229974
167,1336,1503,0.14755380830427092
167,1342,1509,0.1475685258002439
168,1344,1512,0.14758307855939598
162,1344,1506,0.14759273895841082
161,1348,1509,0.147616128945213
164,1341,1505,0.14764003229346456
163,1339,1502,0.14765386355273452
162,1351,1513,0.14766780148111636
165,1343,1508,0.14768368744769206
167,1347,1514,0.1476919401736306
167,1348,1515,0.1476960199116395
165,1336,1501,0.14769856178945925
168,1342,1510,0.14770553768768654
166,1338,1504,0.1477036598474876
164,1336,1500,0.14770642025917488
164,1335,1499,0.14771451595455684
164,1338,1502,0.1477213983179969
164,1334,1498,0.14772775461800466
163,1332,1495,0.14773473342346982
163,1326,1489,0.14774441916765743
163,1330,1493,0.1477539912845655
161,1340,1501,0.14776239418923612
166,1340,1506,0.1477758469700009
169,1352,1521,0.14777457649275022
170,1352,1522,0.14776587009692785
170,1358,1528,0.14775480919755135
168,1362,1530,0.14774482206896805
162,1354,1516,0.14774187856639795
162,1344,1506,0.1477547661189001
157,1345,1502,0.1477667628186453
151,1349,1500,0.14779080287859453
146,1356,1502,0.1478282079225523
145,1363,1508,0.14787543855539034
144,1366,1510,0.147921266536188
146,1382,1528,0.1479674637438734
143,1375,1518,0.1480062151224747
140,1367,1507,0.14805058085977651
148,1367,1515,0.14809944861718893
147,1364,1511,0.14812116277777018
143,1372,1515,0.14814447630290098
150,1377,1527,0.1481754363023879
153,1380,1533,0.14818724045179196
150,1376,1526,0.1481909866030318
148,1368,1516,0.14820211541547854
147,1352,1499,0.14821785317265632
151,1358,1509,0.14823598858157933
153,1364,1517,0.14824215769708937
153,1357,1510,0.14824280090997544
149,1363,1512,0.14824358047600758
149,1366,1515,0.1482550488566798
150,1374,1524,0.14826471106323755
148,1354,1502,0.14827214340192663
145,1353,1498,0.14828490170822747
147,1374,1521,0.14830505850813652
145,1372,1517,0.1483188344920014
148,1372,1520,0.14833679837929958
148,1361,1509,0.14834611614571425
146,1364,1510,0.14835451065205704
146,1355,1501,0.14836647111439405
144,1369,1513,0.14837729584618753
148,1367,1515,0.14839297982407001
146,1360,1506,0.14839632411362888
144,1382,1526,0.14840530676548847
141,1380,1521,0.14841859705239682
148,1382,1530,0.14843822096516895
144,1383,1527,0.14844083395857843
145,1371,1516,0.14845382739573024
145,1357,1502,0.14846295092751116
150,1361,1511,0.1484716734876114
154,1363,1517,0.14846726212127373
154,1367,1521,0.14845193015529556
154,1378,1532,0.14843623080406537
147,1375,1522,0.14842315967024539
151,1376,1527,0.14842864685844792
147,1374,1521,0.14842368356706293
147,1370,1517,0.14842916626813318
146,1376,1522,0.14843402924142157
149,1374,1523,0.14844051674084868
154,1365,1519,0.14843921704840604
156,1352,1508,0.14842610271567377
151,1355,1506,0.14840823191917238
151,1352,1503,0.14840347994935368
152,1354,1506,0.14840027333788647
149,1351,1500,0.14839616079180853
150,1361,1511,0.1483998153179003
154,1350,1504,0.14839903534564658
153,1358,1511,0.14838889944488115
152,1356,1508,0.1483819437359168
153,1353,1506,0.14837852290818307
149,1367,1516,0.1483733099442189
148,1362,1510,0.14837830412404915
152,1354,1506,0.14838479938636773
154,1363,1517,0.14838274900229564
155,1367,1522,0.14837607917609666
155,1367,1522,0.14836591283287173
154,1367,1521,0.14835700456589648
154,1362,1516,0.1483513177861679
153,1370,1523,0.14834594182527916
154,1367,1521,0.14834423052785162
152,1356,1508,0.14833991564717536
155,1367,1522,0.14834156274269275
145,1373,1518,0.14833539143088564
150,1373,1523,0.14835362688200987
149,1379,1528,0.14835772911478742
152,1372,1524,0.14836430225862682
148,1366,1514,0.14836264285892603
148,1363,1511,0.14837113585272527
148,1362,1510,0.14837909855423573
148,1357,1505,0.14838791655839714
148,1363,1511,0.14839577908376458
148,1373,1521,0.1484029015085314
144,1359,1503,0.14840956419882473
151,1372,1523,0.1484243003538112
150,1375,1525,0.14841947235877717
152,1360,1512,0.14841760065240014
150,1355,1505,0.14841103435958775
148,1350,1498,0.14840821934679493
148,1346,1494,0.14841143576332413
148,1358,1506,0.14841557999998037
148,1359,1507,0.14841930698962125
151,1359,1510,0.1484231603648059
151,1369,1520,0.1484201388560478
150,1362,1512,0.14841822554414028
147,1345,1492,0.1484193796148553
146,1361,1507,0.14842716942330966
148,1361,1509,0.14843728934775352
148,1365,1513,0.1484430133947803
146,1359,1505,0.14844859490511417
144,1371,1515,0.14845693088707995
145,1383,1528,0.1484697646079983
143,1370,1513,0.14847808871524384
139,1362,1501,0.1484904836631455
142,1363,1505,0.14851272321028222
147,1364,1511,0.14852593536178596
144,1362,1506,0.14852465932845127
146,1358,1504,0.14853119789835403
144,1375,1519,0.14853183708425022
146,1374,1520,0.14853890363454914
142,1358,1500,0.1485416149869122
139,1367,1506,0.14855248955688746
135,1372,1507,0.14857077391889706
138,1365,1503,0.14859846416619715
137,1372,1509,0.14861698553189845
138,1381,1519,0.14863658842952387
135,1370,1505,0.1486526382265683
135,1382,1517,0.14867538915962522
130,1377,1507,0.1486967151421816
133,1383,1516,0.14872809153536573
136,1381,1517,0.1487512342909541
137,1371,1508,0.14876491170236936
137,1372,1509,0.14877624768790998
138,1383,1521,0.1487857594897101
134,1378,1512,0.1487922959206069
132,1380,1512,0.148808403532654
131,1383,1514,0.1488293192416067
129,1382,1511,0.14885103932703594
125,1403,1528,0.14887667243167726
129,1394,1523,0.14891066413324047
130,1393,1523,0.14893228079253887
126,1376,1502,0.1489509876871228
129,1391,1520,0.1489776070742568
129,1382,1511,0.1489947615191365
126,1389,1515,0.149010797368121
124,1382,1506,0.1490333310204134
124,1372,1496,0.14905978121722505
120,1363,1483,0.14908416517799786
123,1357,1480,0.14911717967011667
123,1362,1485,0.14914007010076905
123,1380,1503,0.14916142195118667
122,1383,1505,0.14918108904495317
120,1378,1498,0.1492013050052087
120,1382,1502,0.1492256359403906
121,1387,1508,0.14924716581728767
123,1409,1532,0.14926376859065227
126,1393,1519,0.14927473544621686
126,1393,1519,0.14927695203120847
123,1388,1511,0.14927913092483006
123,1397,1520,0.1492884381312589
124,1396,1520,0.14929852730184964
123,1393,1516,0.1493064324298454
124,1399,1523,0.14931590450721155
124,1393,1517,0.14932022148594928
123,1395,1518,0.14932577824080312
125,1419,1544,0.1493343905224146
121,1408,1529,0.1493378882145903
120,1402,1522,0.14935082685949286
116,1400,1516,0.14936596552450057
117,1403,1520,0.14938963784511777
114,1405,1519,0.14940873905429647
112,1410,1522,0.14943476773722825
115,1410,1525,0.14946376376896794
112,1390,1502,0.14948372699321544
112,1393,1505,0.14951002960607512
109,1387,1496,0.14953336253966693
110,1396,1506,0.14956290462113672
107,1402,1509,0.1495873464681503
108,1406,1514,0.1496186752020922
104,1415,1519,0.1496446932872313
105,1415,1520,0.14967836090554063
101,1412,1513,0.14970829890443013
98,1408,1506,0.14974563198626417
100,1413,1513,0.149788211781766
101,1410,1511,0.1498233445772606
99,1414,1513,0.14985359361674613
100,1408,1508,0.14988697078159963
101,1408,1509,0.1499149771003625
101,1407,1508,0.14993947298391685
100,1403,1503,0.14996164479574137
104,1419,1523,0.14998512684050894
102,1410,1512,0.14999535509433237
102,1414,1516,0.1500104079953762
99,1422,1521,0.15002472647086168
96,1421,1517,0.1500458686515151
97,1420,1517,0.1500733789809656
95,1428,1523,0.15009660848053064
93,1417,1510,0.15012388078880748
92,1421,1513,0.15015388687018671
95,1428,1523,0.1501846313914306
97,1410,1507,0.15020679169757936
96,1416,1512,0.15022249733882817
95,1420,1515,0.15023994569843813
92,1413,1505,0.15025896072520492
93,1425,1518,0.1502823444948807
91,1414,1505,0.15030272956384005
93,1414,1507,0.1503257714695822
94,1423,1517,0.1503411326087729
93,1429,1522,0.15035350481715135
91,1421,1512,0.15036817261853716
91,1426,1517,0.1503871676047064
93,1428,1521,0.15040516766172773
93,1419,1512,0.15041705560377297
93,1426,1519,0.15042855694191412
91,1415,1506,0.1504380763291035
92,1410,1502,0.15045195682945464
94,1417,1511,0.15046190724977715
94,1432,1526,0.15046669824421155
93,1431,1524,0.15047128175666685
91,1413,1504,0.150477591096967
93,1421,1514,0.15048742611057572
93,1426,1519,0.15049203348731166
94,1413,1507,0.15049695129837687
93,1416,1509,0.15049956344864268
92,1420,1512,0.1505043172691962
94,1415,1509,0.15051091361735036
99,1412,1511,0.15051063753200072
94,1415,1509,0.1504988272565328
95,1417,1512,0.15049888963140273
92,1426,1518,0.1504966656421124
95,1418,1513,0.1505016449971098
94,1409,1503,0.15050017927354947
93,1402,1495,0.15050045576379342
94,1413,1507,0.1505044427557979
90,1420,1510,0.15050582360851503
90,1431,1521,0.15051655535774233
91,1425,1516,0.15052731628479193
93,1425,1518,0.1505345392933841
93,1428,1521,0.1505371483796591
94,1426,1520,0.15054010450101024
91,1431,1522,0.15054017877930223
90,1437,1527,0.15054746996534246
89,1433,1522,0.1505565781592773
92,1410,1502,0.15056782843949107
86,1409,1495,0.15057020670749585
86,1417,1503,0.15058695288673335
86,1408,1494,0.15060133728370595
84,1408,1492,0.1506150216159777
87,1414,1501,0.1506323839801129
88,1426,1514,0.15064013243319624
86,1421,1507,0.15064603823104428
87,1422,1509,0.15065712171717738
84,1441,1525,0.15066456392777478
84,1437,1521,0.15067825435635146
78,1433,1511,0.15069258785681827
79,1426,1505,0.15071934450425503
76,1417,1493,0.15074177616275086
77,1426,1503,0.15077118069141857
76,1415,1491,0.1507963266185531
76,1418,1494,0.15082290093893264
76,1423,1499,0.15084594966230472
79,1442,1521,0.15086783516311106
81,1437,1518,0.15088115238639654
84,1428,1512,0.150889255822678
83,1426,1509,0.15089001212593378
82,1423,1505,0.15089328193294926
83,1432,1515,0.15089991871883984
84,1429,1513,0.15090225523425058
83,1430,1513,0.1509006389829027
80,1427,1507,0.15090129501583247
82,1427,1509,0.15091000115135325
80,1434,1514,0.15091370988792166
78,1426,1504,0.15092317646096126
78,1430,1508,0.15093711893568953
78,1454,1532,0.15095028896379228
78,1445,1523,0.15096409613134693
74,1445,1519,0.1509769160617137
67,1445,1512,0.15099825555025156
68,1449,1517,0.15103465768615398
69,1447,1516,0.15106543111732354
71,1447,1518,0.15109230280365085
74,1441,1515,0.15111205983728992
70,1437,1507,0.1511240313680296
71,1435,1506,0.15114516923723723
70,1435,1505,0.151161127212893
64,1441,1505,0.1511791347749826
65,1448,1513,0.15121102946133466
64,1447,1511,0.15123808082470125
67,1457,1524,0.15126591905803788
67,1456,1523,0.15128516891556396
67,1444,1511,0.1513028847091642
66,1447,1513,0.1513189074587349
63,1439,1502,0.1513356575001048
65,1437,1502,0.15135810556767199
65,1433,1498,0.15137330720151168
65,1421,1486,0.1513882740407363
68,1432,1500,0.15140261081318424
70,1441,1511,0.15140873771194974
69,1440,1509,0.15140954030788095
67,1445,1512,0.15141337772739535
68,1442,1510,0.15142291670145014
65,1441,1506,0.15142966327418936
69,1440,1509,0.15144310440090095
67,1444,1511,0.15144603090503647
67,1443,1510,0.1514537297099029
67,1448,1515,0.15146100447910604
60,1456,1516,0.15146764469483465
63,1453,1516,0.1514905072278341
65,1453,1518,0.15150420519768487
68,1447,1515,0.15151271381260084
69,1457,1526,0.15151281481983503
71,1461,1532,0.15150995647928808
72,1451,1523,0.15150162554628668
72,1442,1514,0.15149160284452048
71,1451,1522,0.15148308732161092
68,1441,1509,0.15147696464837648
68,1448,1516,0.15147896694475127
65,1447,1512,0.15148170902675123
66,1451,1517,0.15149174361645112
67,1445,1512,0.15149939324392706
68,1436,1504,0.15150422441080655
70,1434,1504,0.1515061267221907
70,1440,1510,0.1515031064028297
71,1439,1510,0.15149776656784247
68,1449,1517,0.1514904415159365
68,1433,1501,0.15149129725444502
71,1429,1500,0.1514929804451088
72,1439,1511,0.15148654220166852
72,1454,1526,0.15147826932453914
71,1450,1521,0.1514715154658025
70,1458,1528,0.15146806210463823
68,1460,1528,0.15146636033841257
68,1459,1527,0.1514705653128253
67,1445,1512,0.1514746227703706
68,1453,1521,0.15148142555874608
66,1456,1522,0.15148600086948055
63,1459,1522,0.15149516103329946
63,1457,1520,0.15151108506028346
63,1456,1519,0.15152525550816537
63,1467,1530,0.15153889083118904
61,1462,1523,0.15155144914047602
61,1460,1521,0.1515681554225086
60,1459,1519,0.1515833101735136
57,1455,1512,0.1516004916772261
56,1452,1508,0.1516239102973046
55,1462,1517,0.15164825394116327
56,1463,1519,0.15167245029574988
56,1457,1513,0.15169193115239157
55,1453,1508,0.1517104816094571
58,1458,1516,0.1517304247507953
59,1444,1503,0.151740679402843
57,1447,1504,0.15174856885619298
55,1457,1512,0.1517609703576718
53,1452,1505,0.1517775346792471
51,1462,1513,0.15179708787847526
53,1468,1521,0.15182034644713951
53,1462,1515,0.15183738064839702
52,1461,1513,0.1518537317547215
54,1462,1516,0.15187134034503788
55,1474,1529,0.15188190909733565
53,1468,1521,0.1518897836904773
51,1456,1507,0.1519021516809644
51,1463,1514,0.1519187853412457
52,1472,1524,0.15193481540380244
52,1474,1526,0.15194790702105243
52,1469,1521,0.15195956231421145
53,1462,1515,0.15197088117468296
53,1467,1520,0.15197814880879396
53,1473,1526,0.15198468129641912
52,1474,1526,0.15199038756310743
53,1484,1537,0.15199741796630353
54,1473,1527,0.15200245749131397
53,1460,1513,0.1520046912647452
53,1469,1522,0.15201021238670226
48,1467,1515,0.1520158710473769
47,1465,1512,0.15203337948942233
46,1464,1510,0.152052253452293
46,1472,1518,0.1520723421543315
49,1465,1514,0.15209154731850955
50,1471,1521,0.15210144557128666
49,1464,1513,0.15210801040444719
51,1467,1518,0.15211744895736615
50,1468,1518,0.1521209609037767
48,1470,1518,0.15212760447336926
47,1471,1518,0.15213710636209357
47,1462,1509,0.15214895960959984
49,1470,1519,0.15216050907606982
49,1470,1519,0.15216674100072505
48,1470,1518,0.1521729829824855
48,1469,1517,0.15218153373996957
48,1473,1521,0.15218986456552364
47,1475,1522,0.1521979513824669
45,1472,1517,0.15220824557135734
45,1477,1522,0.15222282572501475
45,1476,1521,0.1522364559295377
44,1473,1517,0.15224870781160166
45,1477,1522,0.15226119064333754
41,1474,1515,0.1522707929741132
44,1464,1508,0.15228960711768724
43,1467,1510,0.15229947792865736
44,1470,1514,0.15231049460673163
44,1460,1504,0.15231719932644278
44,1466,1510,0.15232347939378157
44,1457,1501,0.1523296164390684
43,1458,1501,0.15233482057001194
45,1468,1513,0.15234240389357176
45,1467,1512,0.1523443197353578
43,1462,1505,0.15234748828899877
45,1470,1515,0.15235526907683256
45,1479,1524,0.1523569665073598
45,1477,1522,0.15235906295397167
45,1471,1516,0.15236163622725163
44,1468,1512,0.1523644305503659
44,1467,1511,0.15236963241403192
43,1478,1521,0.15237480600975314
44,1475,1519,0.15238231674197902
43,1473,1516,0.15238654341669924
43,1486,1529,0.15239306055669716
44,1499,1543,0.15239831317786956
41,1491,1532,0.152401320665989
43,1491,1534,0.1524112895064309
42,1495,1537,0.1524149911973524
40,1492,1532,0.15242085045578374
42,1493,1535,0.1524311662173694
42,1478,1520,0.15243546122619153
43,1474,1517,0.1524400317727978
46,1468,1514,0.15244152500049618
48,1471,1519,0.15243514832009147
48,1454,1502,0.15242444298490695
48,1460,1508,0.1524142354407888
46,1455,1501,0.15240451821551684
46,1478,1524,0.1524009532399798
44,1480,1524,0.15239809596010376
44,1479,1523,0.15239929717307035
45,1468,1513,0.15240092600369165
44,1456,1500,0.15239995157811229
45,1452,1497,0.15240165526601335
43,1456,1499,0.15240094196941942
43,1445,1488,0.15240408643547806
44,1467,1511,0.15240759498857806
42,1463,1505,0.15240900028323753
45,1466,1511,0.15241443657203985
43,1472,1515,0.15241294566677366
43,1480,1523,0.1524166160191291
41,1475,1516,0.1524204526935614
38,1485,1523,0.15242948294945782
37,1487,1524,0.15244502341924196
36,1484,1520,0.15246201643855842
36,1474,1510,0.1524804893189104
37,1476,1513,0.1524979988242889
35,1466,1501,0.15251138385219454
37,1459,1496,0.15252871164703152
36,1464,1500,0.15253921780375237
36,1474,1510,0.15255170894778008
37,1464,1501,0.15256378334402423
38,1472,1510,0.15257236907028202
36,1472,1508,0.15257802772649628
39,1476,1515,0.15258773261427117
39,1469,1508,0.15258949282776857
37,1474,1511,0.1525916858607323
35,1487,1522,0.15259892479005074
36,1493,1529,0.15261068563651722
36,1484,1520,0.15261908964695636
35,1487,1522,0.1526273766477744
34,1484,1518,0.15263797466794682
33,1473,1506,0.15264977845554037
32,1480,1512,0.15266360492175388
34,1480,1514,0.15267821114842017
31,1481,1512,0.15268767585241025
32,1475,1507,0.15270362793977954
34,1471,1505,0.15271608705097595
35,1462,1497,0.1527235685485179
35,1471,1506,0.15272773087374897
34,1478,1512,0.15273199058136233
33,1470,1503,0.15273785268860562
34,1479,1513,0.15274559712655064
34,1472,1506,0.15275010029964461
33,1483,1516,0.152753765296024
37,1487,1524,0.15275977671675112
36,1482,1518,0.15275523182374012
38,1480,1518,0.15275371280265113
39,1480,1519,0.15274795119776483
40,1496,1536,0.15274009200989472
40,1484,1524,0.15273059275777204
40,1493,1533,0.15272218748060137
40,1478,1518,0.15271406772624538
40,1479,1519,0.1527069243223059
40,1477,1517,0.15270064286376797
39,1475,1514,0.1526951222502784
39,1478,1517,0.1526924278548091
41,1480,1521,0.15269014702768247
42,1480,1522,0.15268291840529108
42,1480,1522,0.15267328729300103
42,1491,1533,0.15266465222816433
41,1479,1520,0.1526569061564067
42,1475,1517,0.15265166711503103
40,1472,1512,0.15264475467242053
39,1462,1501,0.152643349610627
39,1474,1513,0.15264383181583419
39,1467,1506,0.1526446189694259
37,1466,1503,0.1526455256518199
37,1477,1514,0.15265077850392111
37,1477,1514,0.15265585846144436
39,1488,1527,0.15266084803884822
37,1478,1515,0.152660722104755
38,1477,1515,0.15266548936610097
38,1475,1513,0.15266760177825384
37,1488,1525,0.1526698243993501
36,1498,1534,0.1526746598210995
35,1488,1523,0.1526816375531015
35,1493,1528,0.15268972215229845
34,1488,1522,0.15269720978605783
33,1483,1516,0.15270673672754478
34,1480,1514,0.15271810765943034
34,1480,1514,0.15272659553942297
35,1487,1522,0.15273469790665586
33,1478,1511,0.1527392123556844
35,1478,1513,0.1527482127226337
34,1492,1526,0.1527509250376751
34,1497,1531,0.15275592770977028
34,1478,1512,0.15276077896010695
35,1477,1512,0.1527655888155354
35,1489,1524,0.15276801482042313
35,1488,1523,0.1527696940501982
35,1481,1516,0.15277153391168197
35,1482,1517,0.1527734880197642
34,1475,1509,0.15277551768755215
35,1473,1508,0.15277976241766533
35,1465,1500,0.15278133731468846
35,1469,1504,0.15278297607887653
36,1476,1512,0.1527830599487035
34,1456,1490,0.15278117570613106
35,1476,1511,0.15278406584386828
33,1481,1514,0.15278474504431627
33,1485,1518,0.15279027437932383
33,1477,1510,0.1527956522129598
32,1480,1512,0.15280028657926806
33,1478,1511,0.15280645491291422
33,1485,1518,0.15281017689463502
33,1483,1516,0.152813926111639
32,1485,1517,0.1528176683750023
31,1493,1524,0.15282373339464614
32,1497,1529,0.15283109813908888
32,1489,1521,0.15283601514377385
33,1494,1527,0.15284078033392645
33,1491,1524,0.15284226889221436
33,1488,1521,0.15284396406258152
33,1485,1518,0.15284581656647078
32,1475,1507,0.15284778461182996
31,1488,1519,0.15285213221023994
32,1491,1523,0.1528588728258962
30,1478,1508,0.15286279206876988
31,1483,1514,0.15287116247250182
30,1486,1516,0.15287584130276177
31,1494,1525,0.15288241604162922
32,1489,1521,0.1528868647642791
33,1498,1531,0.15288816148711637
34,1503,1537,0.15288651658866406
33,1499,1532,0.15288221011839956
32,1487,1519,0.15288003194329225
32,1499,1531,0.1528812403072387
32,1488,1520,0.15288266828282368
31,1482,1513,0.15288404942872064
30,1477,1507,0.15288784461975585
32,1474,1506,0.15289385619933668
31,1471,1502,0.1528943384399362
33,1485,1518,0.15289727904855654
35,1497,1532,0.152893790695391
36,1502,1538,0.1528852662008844
35,1503,1538,0.15287465049991314
35,1512,1547,0.15286756070998067
35,1495,1530,0.15286139572498583
34,1485,1519,0.1528552037055979
32,1489,1521,0.15285240924230697
32,1482,1514,0.15285469132692636
31,1468,1499,0.1528572015411552
30,1482,1512,0.15286235029637343
30,1488,1518,0.1528698306704933
28,1489,1517,0.1528767202569629
27,1485,1512,0.15288810621013998
27,1486,1513,0.15290089261350015
27,1486,1513,0.15291311624185425
27,1482,1509,0.15292478211094918
29,1483,1512,0.15293505113240521
28,1463,1491,0.15293939565116907
31,1484,1515,0.1529461845159219
32,1488,1520,0.1529447801254519
32,1486,1518,0.15294068047347628
32,1491,1523,0.15293729272753695
32,1484,1516,0.1529337472649312
31,1488,1519,0.15293087222877547
30,1482,1512,0.15293098356175214
30,1484,1514,0.15293373720265976
32,1485,1517,0.1529355465036431
32,1485,1517,0.15293230368303934
32,1481,1513,0.15292968661708875
31,1479,1510,0.152927604644442
30,1473,1503,0.15292819637797758
30,1480,1510,0.15293129841441705
30,1486,1516,0.1529343659387181
30,1484,1514,0.15293747287837892
29,1482,1511,0.15294058746964453
28,1484,1512,0.15294633155991852
29,1488,1517,0.15295419871002536
30,1473,1503,0.15295906965412245
30,1482,1512,0.15296128319459323
27,1478,1505,0.15296280474554888
25,1496,1521,0.15297151365057976
26,1494,1520,0.15298428332030992
27,1485,1512,0.15299402928258504
27,1475,1502,0.15300101695506454
28,1481,1509,0.15300666093975668
28,1486,1514,0.1530095603064227
27,1483,1510,0.15301078673926172
28,1480,1508,0.15301550813664275
29,1491,1520,0.15301695550520214
27,1492,1519,0.1530163225219966
28,1495,1523,0.15302144981202573
24,1501,1525,0.15302353172425168
24,1507,1531,0.1530349709988534
24,1496,1520,0.1530459087112137
24,1482,1506,0.15305641291254887
25,1491,1516,0.15306645976717587
25,1480,1505,0.1530729198982783
25,1483,1508,0.1530792280476566
23,1492,1515,0.15308452786240742
22,1491,1513,0.15309452681888325
22,1493,1515,0.1531063747976728
22,1495,1517,0.15311771681984676
21,1498,1519,0.15312855590136898
21,1498,1519,0.15314154329737956
22,1496,1518,0.1531538412026669
21,1488,1509,0.1531624539606785
21,1483,1504,0.1531728745929465
21,1479,1500,0.15318198606383696
21,1473,1494,0.15319077573135512
22,1476,1498,0.15319867106369395
22,1486,1508,0.15320312769387237
22,1486,1508,0.15320763918805136
24,1499,1523,0.15321216176967184
24,1491,1515,0.15321088882817757
23,1500,1523,0.15321006118345784
23,1478,1501,0.1532118247855701
25,1494,1519,0.15321376596579167
25,1486,1511,0.15320959135233253
26,1485,1511,0.1532060895020771
27,1473,1500,0.15320033730883978
26,1488,1514,0.15319236387941534
26,1495,1521,0.1531874588927015
25,1490,1515,0.15318383317148615
25,1484,1509,0.15318290422720293
26,1495,1521,0.15318258507841973
26,1515,1541,0.15317987306640438
26,1509,1535,0.15317753998156747
28,1506,1534,0.15317553849988752
27,1509,1536,0.1531673904477675
28,1510,1538,0.15316231497622085
27,1499,1526,0.15315556211220474
26,1499,1525,0.15315170249134613
25,1503,1528,0.15315072463265256
23,1490,1513,0.15315222702742473
24,1490,1514,0.15315839869157824
25,1492,1517,0.15316209215168647
25,1484,1509,0.1531624331739848
27,1500,1527,0.15316304169875974
27,1487,1514,0.1531568114819805
28,1494,1522,0.15315143481725857
30,1496,1526,0.15314470266283553
30,1496,1526,0.15313293370205963
30,1489,1519,0.15312236686968228
30,1487,1517,0.15311287423028527
30,1504,1534,0.15310434193223874
30,1501,1531,0.15309607136795966
30,1503,1533,0.15308867462040643
30,1486,1516,0.15308205577504222
31,1499,1530,0.15307612976440915
30,1489,1519,0.15306773491273593
31,1495,1526,0.15306215474061638
32,1496,1528,0.1530550245815261
31,1490,1521,0.15304542048480266
32,1479,1511,0.1530390046595344
30,1483,1513,0.1530309959879865
30,1499,1529,0.15302894982593915
32,1489,1521,0.15302721774318362
32,1486,1518,0.15301982274181558
32,1494,1526,0.15301318272413142
32,1485,1517,0.153007215861024
32,1482,1514,0.15300184963128596
32,1497,1529,0.15299600803032992
31,1489,1520,0.15299081227174072
30,1490,1520,0.1529883802786305
32,1488,1520,0.1529885515056708
31,1485,1516,0.15298355406577627
31,1490,1521,0.15298145192045776
30,1481,1511,0.1529795082788252
30,1475,1505,0.15298052925222472
28,1478,1506,0.15298166518934864
28,1476,1504,0.1529871011593258
29,1472,1501,0.15299234856186153
28,1476,1504,0.15299430575978876
27,1480,1507,0.15299852164029928
27,1479,1506,0.15300472993818734
27,1481,1508,0.15301074370760392
26,1482,1508,0.1530165485346324
26,1494,1520,0.15302445183583696
23,1497,1520,0.15303198962124356
23,1493,1516,0.15304581944413398
23,1486,1509,0.15305889212476986
24,1502,1526,0.1530712455271543
21,1496,1517,0.1530798788182658
21,1502,1523,0.15309545278569436
21,1497,1518,0.15311012322777437
22,1511,1533,0.15312393438088573
24,1507,1531,0.15313451966528194
24,1499,1523,0.1531387938082234
22,1493,1515,0.15314297472402225
21,1488,1509,0.1531516514443608
22,1487,1509,0.1531623168801014
22,1484,1506,0.1531699700702415
23,1481,1504,0.1531772555988184
22,1479,1501,0.15318171946889692
22,1475,1497,0.15318844417867095
21,1494,1515,0.15319483645862625
22,1491,1513,0.15320314161011633
22,1502,1524,0.15320792668746847
23,1506,1529,0.15321255286194288
24,1492,1516,0.1532141258269206
25,1488,1513,0.1532128215677869
23,1501,1524,0.1532092935517402
23,1486,1509,0.15321088581552755
24,1491,1515,0.15321258596995538
24,1499,1523,0.1532119344811082
24,1476,1500,0.15321089897538728
25,1488,1513,0.15320933876087653
24,1495,1519,0.15320507867240726
25,1502,1527,0.15320380003899584
26,1493,1519,0.1532005086130451
27,1484,1511,0.15319470749258035
26,1482,1508,0.15318660383765578
25,1491,1516,0.15318181277747428
25,1500,1525,0.15318022781005625
25,1502,1527,0.15317902251254129
25,1515,1540,0.15317814023596432
24,1501,1525,0.15317753176310675
23,1487,1510,0.1531784986088025
22,1478,1500,0.1531821784080746
23,1485,1508,0.15318810812188463
23,1480,1503,0.15319144586109942
25,1474,1499,0.15319475414634598
25,1475,1500,0.15319258833712332
22,1486,1508,0.15319081255082537
23,1497,1520,0.15319634588342088
24,1491,1515,0.15319867890244482
23,1496,1519,0.15319871614952818
25,1492,1517,0.15320042422031388
23,1496,1519,0.15319682798872594
24,1485,1509,0.15319798665921971
26,1501,1527,0.15319557904462705
27,1489,1516,0.1531884540014341
28,1480,1508,0.15317897557159502
29,1497,1526,0.1531680956366263
29,1501,1530,0.15315457162876137
29,1502,1531,0.1531426124337255
29,1490,1519,0.1531321122047331
30,1488,1518,0.1531228265819328
30,1485,1515,0.15311159814232383
30,1486,1516,0.15310124310835993
31,1487,1518,0.1530915840032053
32,1486,1518,0.15307988802569383
30,1490,1520,0.15306629262301635
32,1482,1514,0.15305885230986166
34,1470,1504,0.1530465829857614
35,1474,1509,0.15303001611199105
34,1487,1521,0.15301197930391244
34,1483,1517,0.15299801942600874
34,1484,1518,0.15298468454179523
35,1489,1524,0.15297277642217683
34,1477,1511,0.15295967452527048
34,1476,1510,0.15295011004740908
34,1481,1515,0.15294132711294636
34,1478,1512,0.15293259617472607
34,1478,1512,0.1529248764429314
33,1497,1530,0.15291804598682163
31,1480,1511,0.15291449061112342
32,1486,1518,0.15291536696821748
30,1492,1522,0.1529139511788371
31,1492,1523,0.15291773878428735
31,1488,1519,0.1529188576824843
30,1494,1524,0.15291951701501671
31,1477,1508,0.15292169433920336
33,1484,1517,0.15292189016719726
33,1498,1531,0.15291729439441643
33,1499,1532,0.15291336128365174
33,1497,1530,0.15291000432617355
33,1502,1535,0.15290684829003895
33,1498,1531,0.15290325568765958
34,1485,1519,0.15289976485365786
35,1492,1527,0.1528942770668564
35,1491,1526,0.15288639562264364
34,1485,1519,0.15287942211261663
33,1483,1516,0.15287551250254353
33,1494,1527,0.1528744717924806
34,1487,1521,0.15287378099985843
34,1477,1511,0.15286967732114318
31,1477,1508,0.15286622046053755
30,1470,1500,0.15286962959321282
31,1472,1503,0.15287448730999886
30,1481,1511,0.15287702585154103
30,1484,1514,0.1528821118199602
30,1494,1524,0.152886973565006
30,1491,1521,0.1528918462416133
31,1485,1516,0.15289572844527283
31,1481,1512,0.15289663996915565
31,1468,1499,0.1528978932823698
32,1478,1510,0.15289941548792385
32,1464,1496,0.15289848275149226
32,1464,1496,0.15289792445921344
31,1476,1507,0.15289681940814137
31,1479,1510,0.15289805120495414
31,1483,1514,0.15289911235225934
31,1483,1514,0.15290027463632425
31,1469,1500,0.15290129618283527
33,1482,1515,0.15290267185689677
33,1489,1522,0.15289891012215048
34,1488,1522,0.1528951037547634
34,1488,1522,0.152888961867208
33,1494,1527,0.15288369353858386
34,1496,1530,0.1528814739547564
35,1496,1531,0.15287660487569726
34,1488,1522,0.15286944123559854
32,1482,1514,0.15286558914665802
32,1481,1513,0.15286707318322892
34,1485,1519,0.1528688268448456
34,1483,1517,0.1528645478904112
35,1479,1514,0.15286099611220294
33,1454,1487,0.15285485874945723
35,1462,1497,0.15285316005521776
33,1458,1491,0.15284668132189594
34,1468,1502,0.15284563644313554
33,1472,1505,0.15284273593363984
34,1477,1511,0.1528423086305356
33,1481,1514,0.15283996571485695
34,1479,1513,0.15283991586686707
35,1469,1504,0.15283729345804278
36,1468,1504,0.15283139961483477
37,1475,1512,0.15282376741863546
38,1477,1515,0.15281416046335072
38,1482,1520,0.15280260719696873
38,1480,1518,0.15279237744588245
37,1479,1516,0.1527833174682386
38,1482,1520,0.1527774605150436
38,1484,1522,0.1527698627376339
37,1474,1511,0.15276232075385845
39,1475,1514,0.1527568290304772
39,1481,1520,0.15274702587148412
42,1466,1508,0.15273766344913642
42,1475,1517,0.15272162060931543
41,1481,1522,0.15270633638265238
41,1489,1530,0.15269493746861174
41,1480,1521,0.1526848131633742
40,1476,1516,0.1526750987296718
41,1487,1528,0.15266882811581006
43,1490,1533,0.15266095692377826
44,1488,1532,0.15264782331470453
42,1486,1528,0.15263315038800532
41,1477,1518,0.15262470975689182
40,1470,1510,0.15261906220712226
40,1465,1505,0.15261645462307702
41,1462,1503,0.15261405623879334
39,1469,1508,0.15260996976320187
38,1466,1504,0.15261111974641198
37,1463,1500,0.15261419925893954
38,1471,1509,0.15261843845981693
37,1470,1507,0.15262066047585385
37,1479,1516,0.1526243004424985
37,1479,1516,0.15262819868574135
34,1481,1515,0.1526322752913599
35,1489,1524,0.15264340750629818
33,1471,1504,0.152651093324347
33,1479,1512,0.15266327718323378
34,1481,1515,0.15267473354594224
33,1479,1512,0.1526831288364254
32,1485,1517,0.15269355327431686
35,1476,1511,0.15270586412160309
33,1478,1511,0.15270883082161754
32,1479,1511,0.15271663932761345
32,1484,1516,0.15272692485337308
34,1484,1518,0.15273687897870716
35,1481,1516,0.15274097140174117
34,1488,1522,0.15274153680615515
33,1478,1511,0.1527447579440229
32,1488,1520,0.15275049590563036
30,1488,1518,0.1527584030357608
30,1473,1503,0.152770694620115
30,1468,1498,0.15278239495021217
32,1487,1519,0.15279291850484863
29,1471,1500,0.15279702930273248
30,1481,1511,0.15280863924815358
28,1479,1507,0.1528168048236584
30,1489,1519,0.15282948474744704
32,1479,1511,0.1528364474449958
34,1466,1500,0.15283777815498556
36,1479,1515,0.15283378709369266
36,1469,1505,0.1528247487389495
37,1476,1513,0.15281691845728942
39,1473,1512,0.15280705423140886
38,1486,1524,0.15279277776510772
39,1486,1525,0.15278213261297474
38,1487,1525,0.15277017897335127
40,1489,1529,0.1527618367010711
40,1483,1523,0.1527491460197849
39,1492,1531,0.1527377976918432
39,1478,1517,0.15273001483258036
39,1477,1516,0.15272315605845033
36,1484,1520,0.1527171142644626
36,1487,1523,0.15271888569910552
37,1484,1521,0.15271994053997692
36,1488,1524,0.15271887556153105
34,1466,1500,0.15272041529557123
35,1471,1506,0.15272664811744469
34,1479,1513,0.15273046943613097
35,1480,1515,0.15273662872901236
34,1488,1522,0.15273960621827853
36,1483,1519,0.15274467000194897
35,1481,1516,0.15274385094347256
34,1485,1519,0.15274583563005023
35,1484,1519,0.1527502043053853
34,1492,1526,0.1527521588230862
34,1478,1512,0.15275659736589103
35,1470,1505,0.15276075379767834
35,1470,1505,0.15276210960026948
35,1486,1521,0.1527626702581336
35,1490,1525,0.15276306027766823
37,1485,1522,0.1527637898873323
36,1490,1526,0.1527597541487659
35,1485,1520,0.15275864346903475
35,1500,1535,0.15276027359080058
33,1485,1518,0.1527613619508967
33,1484,1517,0.15276731991652237
34,1494,1528,0.15277316202121358
35,1488,1523,0.1527764669330622
35,1477,1512,0.15277663917149342
35,1483,1518,0.15277708946715865
35,1487,1522,0.15277776557320202
34,1494,1528,0.1527778616381766
33,1482,1515,0.15278049869700208
33,1478,1511,0.1527855416434619
33,1484,1517,0.15278981414907897
33,1482,1515,0.15279408377900267
32,1473,1505,0.1527973773750849
32,1470,1502,0.15280334114639293
32,1477,1509,0.1528087334463376
32,1493,1525,0.15281405194917147
31,1486,1517,0.15281926453283337
31,1495,1526,0.15282674554072107
30,1483,1513,0.15283400741304487
30,1470,1500,0.15284292674878697
26,1475,1501,0.15285145824830093
26,1486,1512,0.15286826311340931
23,1488,1511,0.15288426258720997
24,1496,1520,0.15290639447412335
28,1495,1523,0.1529240818705352
26,1483,1509,0.15292949180163706
26,1487,1513,0.15293972184110763
27,1480,1507,0.15294977801257312
27,1493,1520,0.15295641288114592
30,1489,1519,0.1529622744398613
27,1482,1509,0.15295954502473175
27,1478,1505,0.1529646528985377
27,1487,1514,0.1529704857410453
28,1489,1517,0.15297680542197653
28,1498,1526,0.15298024396612353
28,1479,1507,0.1529838401883058
26,1480,1506,0.1529875396155751
28,1473,1501,0.1529961331791781
27,1487,1514,0.152999460188752
28,1482,1510,0.15300541263078202
25,1486,1511,0.15300853411725107
25,1492,1517,0.15301859927413858
26,1498,1524,0.15302819628615597
26,1478,1504,0.1530341909712269
25,1490,1515,0.1530398842098703
25,1480,1505,0.1530477052049812
26,1490,1516,0.15305523017315736
26,1494,1520,0.15305963040185222
25,1503,1528,0.1530639910548011
24,1498,1522,0.15307062133094781
26,1485,1511,0.153079349291693
26,1486,1512,0.15308150047555594
26,1489,1515,0.15308384282082702
26,1494,1520,0.15308632437848332
26,1492,1518,0.15308890135873165
25,1494,1519,0.15309072179161146
26,1494,1520,0.15309483321178305
26,1480,1506,0.1530967010384464
25,1488,1513,0.15309869210949795
25,1485,1510,0.15310273008944283
24,1492,1516,0.15310676981577412
23,1487,1510,0.15311313819700886
23,1489,1512,0.15312144128927638
23,1499,1522,0.15312928300586418
23,1494,1517,0.15313680045223985
24,1489,1513,0.15314399195817213
24,1482,1506,0.15314845090196294
24,1470,1494,0.1531521407946881
23,1473,1496,0.15315580003567827
23,1488,1511,0.15316155265289058
22,1484,1506,0.15316710174472475
23,1486,1509,0.15317490883425083
23,1484,1507,0.15317959139018253
21,1475,1496,0.15318394792586626
21,1482,1503,0.15319278914041093
22,1484,1506,0.15320122041624193
21,1494,1515,0.15320691174141582
22,1483,1505,0.1532145002489171
22,1481,1503,0.1532186617724349
22,1478,1500,0.1532227422333699
22,1478,1500,0.15322645839842364
23,1473,1496,0.1532301236629123
22,1483,1505,0.1532312898289204
21,1486,1507,0.15323474468864962
20,1494,1514,0.15324050233262287
20,1490,1510,0.15324841847924392
20,1496,1516,0.15325595317597865
19,1480,1499,0.15326218867523123
19,1474,1493,0.1532705035251279
19,1491,1510,0.15327845657278785
22,1496,1518,0.153286048733738
21,1494,1515,0.15328465794697008
22,1489,1511,0.15328517014860737
22,1484,1506,0.15328366296844437
22,1489,1511,0.15328258533161115
21,1494,1515,0.1532818715783037
20,1492,1512,0.15328378300024476
20,1491,1511,0.15328797781353862
21,1500,1521,0.1532921282473586
23,1496,1519,0.1532925432631848
23,1489,1512,0.15328839640403838
24,1491,1515,0.15328481724255777
25,1485,1510,0.15327920535913672
25,1481,1506,0.15327143678784758
23,1476,1499,0.1532635932049727
25,1475,1500,0.1532614388743636
24,1472,1496,0.15325480832496255
24,1470,1494,0.15325129442239885
23,1474,1497,0.15324826465471492
22,1483,1505,0.1532478684937179
22,1497,1519,0.1532499597138054
24,1494,1518,0.15325209898580283
24,1490,1514,0.15324861305232804
24,1494,1518,0.15324531203425493
23,1507,1530,0.15324246780784223
24,1494,1518,0.15324155113675894
23,1499,1522,0.15323853843137553
23,1498,1521,0.15323773470894664
23,1495,1518,0.1532372748953795
23,1488,1511,0.15323636617498126
23,1496,1519,0.15323640378308467
24,1485,1509,0.15323666671445701
22,1482,1504,0.15323390050368715
22,1493,1515,0.1532362124682408
22,1490,1512,0.15323858470607096
23,1501,1524,0.15324019045419754
24,1494,1518,0.15323954722238292
23,1495,1518,0.15323574506705917
23,1494,1517,0.15323488059660978
22,1504,1526,0.15323440485711357
19,1501,1520,0.1532365946592712
19,1494,1513,0.15324577603360182
20,1482,1502,0.15325461646234803
21,1506,1527,0.15326056097260796
22,1495,1517,0.15326393001463715
22,1501,1523,0.15326412779282672
22,1501,1523,0.15326457224320142
21,1503,1524,0.15326521537299315
20,1483,1503,0.15326831857343726
20,1481,1501,0.15327375961691264
20,1481,1501,0.1532787981952078
20,1487,1507,0.153283033737891
21,1488,1509,0.15328644704151895
21,1482,1503,0.1532875323211908
20,1499,1519,0.15328887052684842
20,1499,1519,0.15329321058268752
19,1487,1506,0.15329747304974298
19,1503,1522,0.15330392040304658
18,1493,1511,0.15331011821739593
17,1500,1517,0.1533184884244898
15,1498,1513,0.1533287688943401
16,1507,1523,0.1533430601809252
15,1506,1521,0.15335391463584958
15,1498,1513,0.15336640142037317
14,1485,1499,0.15337818491429142
14,1490,1504,0.15339172690952768
13,1494,1507,0.15340449000664877
13,1487,1500,0.1534186823780742
14,1498,1512,0.15343203684552942
15,1505,1520,0.1534419422008128
16,1505,1521,0.15344893712200244
17,1503,1520,0.1534523560109754
17,1499,1516,0.15345293238699406
17,1497,1514,0.1534527867380933
17,1492,1509,0.15345292253266024
15,1511,1526,0.15345328714021314
16,1496,1512,0.1534582390642633
17,1496,1513,0.15346003610962927
18,1493,1511,0.15345873926271744
18,1502,1520,0.15345548907758932
17,1495,1512,0.1534527240504909
16,1490,1506,0.1534525445874818
15,1486,1501,0.1534548703499933
15,1506,1521,0.15345967254587695
15,1496,1511,0.1534643711066711
15,1488,1503,0.1534689453835795
16,1492,1508,0.15347337962437343
16,1507,1523,0.15347451365964276
15,1510,1525,0.15347577961948386
16,1494,1510,0.15347935301656768
16,1500,1516,0.1534797190657924
16,1508,1524,0.15348041133113605
16,1494,1510,0.15348126912917792
16,1504,1520,0.1534822557258303
13,1511,1524,0.15348333999854247
12,1499,1511,0.15349157008347805
13,1510,1523,0.15350180529070537
13,1517,1530,0.15350905258758046
13,1517,1530,0.15351595376763177
13,1520,1533,0.15352251636096712
12,1516,1528,0.15352874925328944
11,1507,1518,0.153537018985022
11,1501,1512,0.1535472539034225
10,1511,1521,0.15355691079907563
11,1510,1521,0.15356849320415145
11,1496,1507,0.15357622861105014
11,1488,1499,0.15358360927478262
10,1500,1510,0.15359064039597428
9,1495,1504,0.15359959458957184
7,1503,1510,0.15361055036196278
7,1508,1515,0.1536255809907438
6,1501,1507,0.1536397527610089
5,1509,1514,0.15365544602581813
5,1509,1514,0.153672659622801
5,1522,1527,0.15368885584146255
5,1526,1531,0.15370409136439858
5,1523,1528,0.153718420181583
5,1516,1521,0.1537318936518019
7,1506,1513,0.1537445605738238
7,1491,1498,0.15375023180012373
7,1497,1504,0.1537557566438967
7,1500,1507,0.15376111951176413
7,1506,1513,0.15376630876498676
7,1500,1507,0.15377131611024705
5,1514,1519,0.15377613607277155
4,1520,1524,0.15378542219060415
4,1505,1509,0.15379665713450966
5,1506,1511,0.15380729066487944
5,1499,1504,0.15381413781676184
5,1504,1509,0.1538207312836566
5,1500,1505,0.15382706565030146
5,1517,1522,0.15383313848790947
5,1517,1522,0.15383894983376328
5,1505,1510,0.1538445017457519
5,1501,1506,0.15384905356179154
5,1496,1501,0.1538534866984682
5,1510,1515,0.15385778838909814
5,1505,1510,0.1538619491758441
5,1508,1513,0.15386596238646796
5,1499,1504,0.1538698236839995
5,1508,1513,0.15387353067962187
5,1517,1522,0.15387654406552836
5,1509,1514,0.15387950000727893
4,1515,1519,0.15388238550639094
4,1511,1515,0.15388751181013632
4,1513,1517,0.15389241175306206
3,1501,1504,0.15389708820288547
4,1509,1513,0.15390398381500503
4,1524,1528,0.15390735223038965
4,1526,1530,0.15391066803152836
3,1515,1518,0.15391391596419388
2,1515,1517,0.1539197124944227
2,1512,1514,0.1539276064151302
2,1503,1505,0.15393507901685566
2,1498,1500,0.15394215922086552
2,1501,1503,0.15394886178124448
2,1509,1511,0.15395520183507877
2,1508,1510,0.15396119470341948
2,1506,1508,0.1539668557281502
2,1501,1503,0.1539722001393785
2,1502,1504,0.1539772429487255
1,1520,1521,0.15398199886453895
1,1517,1518,0.15398889010411293
1,1507,1508,0.15399537603289798
1,1508,1509,0.15400147902713585
1,1526,1527,0.1540072204402917
1,1527,1528,0.154012620617319
0,1530,1530,0.15401769891468972
