1369,27,1396,0.13579577878089646
1412,29,1441,0.132945213368692
1427,31,1458,0.13023377896708863
1435,31,1466,0.12772617264915856
1430,33,1463,0.12542475046086973
1434,32,1466,0.12334558081916512
1440,34,1474,0.12144417776174533
1426,34,1460,0.11970142566298227
1417,36,1453,0.11815479966047443
1429,37,1466,0.11677180110122126
1442,37,1479,0.11548280466797292
1429,37,1466,0.11427765270880463
1442,39,1481,0.11321381432343117
1436,39,1475,0.11221506847269795
1433,39,1472,0.11132171532832004
1427,42,1469,0.11051616230667012
1431,41,1472,0.10979756878079076
1430,41,1471,0.1091352993006095
1443,40,1483,0.10853488272794419
1448,41,1489,0.10795480984411707
1447,42,1489,0.1074144752218723
1438,44,1482,0.10692465459232714
1440,45,1485,0.10650102564069117
1441,45,1486,0.10611157577710334
1453,47,1500,0.10575483403404178
1455,45,1500,0.10540249139089884
1461,47,1508,0.10507860784644685
1446,48,1494,0.10476743768687294
1441,49,1490,0.10452029966526225
1443,50,1493,0.10430831021422149
1443,50,1493,0.10411181497722806
1449,50,1499,0.1039324969265753
1430,50,1480,0.1037566433539282
1434,47,1481,0.10364098366968438
1437,48,1485,0.10352784290951716
1447,49,1496,0.10341662984843066
1452,47,1499,0.10329114369548403
1438,47,1485,0.10316683736335908
1450,48,1498,0.10308441124945275
1448,50,1498,0.10298135316089574
1447,49,1496,0.10289303333264602
1446,49,1495,0.10281684544163136
1447,52,1499,0.102751014542585
1450,50,1500,0.10268858319485447
1447,48,1495,0.10262462849393597
1447,46,1493,0.10257500392831811
1447,51,1498,0.10252836393593372
1443,49,1492,0.10248724740400349
1456,49,1505,0.10245905595507367
1450,50,1500,0.10240358037071295
1445,50,1495,0.10236630314488421
1446,48,1494,0.10234186200578964
1450,49,1499,0.10231715837721062
1441,49,1490,0.10228705358659372
1430,52,1482,0.10228022669815548
1426,53,1479,0.10229924178550746
1443,53,1496,0.10232601034410056
1453,50,1503,0.10231307933751353
1458,48,1506,0.10227855634591126
1446,46,1492,0.10223454221256677
1434,47,1481,0.10221927074788331
1445,47,1492,0.10223185712931837
1455,44,1499,0.1022206080223017
1458,47,1505,0.10218943344984802
1455,43,1498,0.10215256172837625
1459,46,1505,0.1021259424356753
1465,46,1511,0.10209043393880718
1450,47,1497,0.10204519560672018
1442,47,1489,0.10203704289481479
1427,48,1475,0.1020479048504511
1439,50,1489,0.10209158884227082
1437,48,1485,0.10210561735058515
1442,49,1491,0.10212238792063676
1451,49,1500,0.10212648934704026
1448,47,1495,0.10210989376682063
1443,48,1491,0.10210160341473042
1447,52,1499,0.10210894149583208
1457,52,1509,0.10210516522610055
1444,54,1498,0.10207888112966845
1451,51,1502,0.10208469707442522
1451,52,1503,0.10207303919716036
1455,51,1506,0.10206298090125526
1460,50,1510,0.10204570935895543
1464,52,1516,0.10201829011524716
1452,49,1501,0.10198409995103401
1456,51,1507,0.10198133057289457
1456,53,1509,0.10197060982799783
1473,52,1525,0.10196108313975899
1477,54,1531,0.10191324472533013
1467,53,1520,0.10185852161039576
1451,53,1504,0.10183036111724358
1450,53,1503,0.10184232056280301
1445,53,1498,0.1018548427139037
1450,51,1501,0.10187763150221726
1469,52,1521,0.10188935956101144
1456,52,1508,0.10185612682991368
1452,55,1507,0.1018551144636
1452,55,1507,0.10186238367686062
1447,56,1503,0.10187038387626501
1433,56,1489,0.10188991491169132
1438,55,1493,0.10193935141323558
1439,58,1497,0.10197338521767244
1430,58,1488,0.10200321166949226
1430,57,1487,0.10205221208900056
1432,55,1487,0.1020980031220171
1426,55,1481,0.10213420050698588
1431,56,1487,0.1021812782733895
1429,55,1484,0.10221397890563098
1431,55,1486,0.10224747110628776
1438,58,1496,0.10227439428174083
1433,56,1489,0.1022839267790926
1432,58,1490,0.10230183917718129
1419,58,1477,0.10232135479931834
1414,55,1469,0.10236766893323272
1421,54,1475,0.10241963322172833
1421,53,1474,0.10245312795961592
1427,57,1484,0.10248266578512581
1433,58,1491,0.1024954546804478
1439,58,1497,0.10249344557399531
1445,57,1502,0.102478144744016
1442,59,1501,0.10245022814177704
1444,59,1503,0.10243341089940879
1435,61,1496,0.10241232326040883
1433,62,1495,0.10241365800944195
1420,62,1482,0.10242061196911406
1437,61,1498,0.10245776495416255
1428,61,1489,0.1024528180997293
1436,63,1499,0.1024688682206349
1423,62,1485,0.10246571539242595
1429,61,1490,0.10249025442833423
1418,63,1481,0.10249888665857192
1420,62,1482,0.10253055708240996
1420,63,1483,0.10255693168273648
1423,62,1485,0.1025817479421146
1402,60,1462,0.10259727009501804
1403,58,1461,0.10265864884115
1413,57,1470,0.10271442964350194
1422,61,1483,0.10274248374176591
1427,60,1487,0.10274869458065025
1423,60,1483,0.10274076791609066
1423,57,1480,0.1027411942192671
1421,58,1479,0.10274063296165079
1435,59,1494,0.10274548334562553
1426,64,1490,0.10271924404201936
1418,65,1483,0.10271472627247288
1416,64,1480,0.10273080352753765
1419,63,1482,0.10275070318609301
1435,62,1497,0.10276254452434856
1430,64,1494,0.10273915704926814
1439,65,1504,0.10272786039124292
1438,64,1502,0.10269536428593472
1426,64,1490,0.10266713950976293
1426,62,1488,0.10266896461691545
1409,60,1469,0.1026714648099283
1412,61,1473,0.10271230751558097
1423,56,1479,0.10274208940866204
1417,60,1477,0.10274641246577838
1412,61,1473,0.10276570389333252
1424,63,1487,0.10279591167596575
1422,67,1489,0.10279761513480232
1421,66,1487,0.10280223327745762
1427,66,1493,0.10280606846490979
1421,69,1490,0.10279707249235527
1426,71,1497,0.10280483543805062
1430,71,1501,0.10280094563770664
1430,71,1501,0.1027877751420898
1424,69,1493,0.1027751401546259
1422,68,1490,0.10277796283676405
1429,67,1496,0.10278418829163932
1415,69,1484,0.10277439199373241
1407,70,1477,0.10279688002736721
1426,71,1497,0.10283646391501891
1419,73,1492,0.10282912123003957
1415,71,1486,0.10283641025877426
1420,69,1489,0.10285218101918651
1414,71,1485,0.10285618430289695
1403,74,1477,0.10287388740801987
1407,73,1480,0.10291606861011186
1412,73,1485,0.1029474686184708
1426,72,1498,0.10296622958466355
1425,72,1497,0.10295156876341986
1436,76,1512,0.1029390688945049
1433,75,1508,0.10290355837318213
1420,76,1496,0.10287782752694971
1419,73,1492,0.10288324960622663
1412,67,1479,0.10289003711090253
1428,66,1494,0.10291324706238768
1427,62,1489,0.10289629614932767
1432,62,1494,0.10288424915689873
1439,63,1502,0.10286072100166908
1442,61,1503,0.10282375684957304
1447,61,1508,0.10278046140610454
1447,61,1508,0.10272793329001732
1440,62,1502,0.10267744702172348
1439,60,1499,0.10264744414005073
1437,64,1501,0.10262286342860846
1429,64,1493,0.10260670181566546
1419,65,1484,0.10261038200279982
1447,64,1511,0.10263621349738651
1451,62,1513,0.10259604559816932
1439,60,1499,0.10255019734773498
1427,63,1490,0.10253736112143733
1412,69,1481,0.102552558980192
1411,70,1481,0.10260113525161862
1414,66,1480,0.10264937807186567
1409,69,1478,0.10268682389505229
1403,70,1473,0.10273351445085219
1401,69,1470,0.10279056070312365
1398,71,1469,0.10284819364294348
1412,72,1484,0.102905219868918
1410,71,1481,0.10292742626179105
1424,73,1497,0.10295218147200337
1415,72,1487,0.10294331156810806
1412,70,1482,0.10295423922561325
1408,70,1478,0.10297210853399096
1425,70,1495,0.10300042477794985
1426,70,1496,0.10298670618788709
1435,73,1508,0.10296975103630146
1417,74,1491,0.10293436352416974
1419,77,1496,0.10294200674447077
1420,75,1495,0.10294486833062155
1421,76,1497,0.10294493305295177
1437,77,1514,0.10294367198156397
1423,76,1499,0.10290557267373504
1436,79,1515,0.10290234182317202
1428,76,1504,0.10286992153004178
1416,73,1489,0.10285437508738436
1411,76,1487,0.10286725449798347
1409,75,1484,0.10289196576696337
1404,73,1477,0.10292000786542146
1400,78,1478,0.10295803590481017
1402,74,1476,0.10299936686932941
1406,74,1480,0.103034677933268
1411,74,1485,0.10305787806848939
1415,72,1487,0.10306632339995161
1409,70,1479,0.10306512967146991
1424,73,1497,0.10307780022668346
1430,75,1505,0.10305703303969423
1426,73,1499,0.10302267678184954
1417,72,1489,0.10299941349295122
1421,74,1495,0.10299954556528253
1417,77,1494,0.10298978038260956
1421,74,1495,0.10299028884839304
1424,75,1499,0.10298379219589511
1413,74,1487,0.1029689687220229
1418,78,1496,0.10298113437831419
1415,78,1493,0.10298384546314632
1399,81,1480,0.10299452883535758
1392,80,1472,0.10304087768893404
1396,81,1477,0.10309842538594992
1405,80,1485,0.1031422026485917
1400,82,1482,0.10316266504262891
1413,84,1497,0.10319128527994138
1404,87,1491,0.10318959030356539
1409,86,1495,0.10320800984669525
1423,85,1508,0.10321319407152738
1423,84,1507,0.10318795157214017
1418,84,1502,0.1031649125134496
1427,85,1512,0.1031555556674375
1415,87,1502,0.10312638441022978
1414,88,1502,0.10312686640168493
1414,91,1505,0.10313073359576107
1403,91,1494,0.10313451782308429
1407,91,1498,0.10316402740173604
1428,94,1522,0.1031822588825967
1420,89,1509,0.10315268621188002
1405,87,1492,0.10314143038028048
1409,86,1495,0.10316465875225467
1396,84,1480,0.1031786417311991
1383,83,1466,0.10322079104779118
1394,84,1478,0.10328859100396924
1391,87,1478,0.10332434038303112
1394,87,1481,0.10336550160967431
1401,86,1487,0.10339518350598591
1409,85,1494,0.10340381248074863
1399,85,1484,0.10339535262207285
1419,88,1507,0.1034095758910224
1415,87,1502,0.10337892352586414
1400,88,1488,0.10336008866591306
1392,87,1479,0.10337616048756999
1398,90,1488,0.10340903462947824
1410,87,1497,0.10342753135175427
1402,87,1489,0.10341537667747652
1408,87,1495,0.10342322366936334
1414,84,1498,0.10341651198431588
1409,87,1496,0.10339679578180797
1398,85,1483,0.10339012924802318
1415,86,1501,0.10340744281245323
1417,88,1505,0.10338549867149878
1416,89,1505,0.10336084334957057
1413,90,1503,0.10334009388626111
1412,86,1498,0.10332766075174953
1409,92,1501,0.10331952090181354
1403,91,1494,0.10331759935571132
1422,92,1514,0.103329720209728
1407,92,1499,0.1032980757875647
1409,95,1504,0.10330447641461216
1418,95,1513,0.10330696727538509
1416,94,1510,0.10328856533905086
1411,95,1506,0.10327570571240759
1406,100,1506,0.10327611814572706
1397,100,1497,0.10328899062681089
1402,97,1499,0.10332162590889363
1395,97,1492,0.10333901769979537
1385,100,1485,0.10337179053548788
1390,103,1493,0.10342394455207259
1393,102,1495,0.10346095842497206
1380,102,1482,0.10348876001719481
1368,105,1473,0.10354503030187603
1376,106,1482,0.10362522566547139
1371,104,1475,0.10368075238199737
1369,106,1475,0.10374086261798744
1377,106,1483,0.1038020846874608
1368,110,1478,0.10383987675515231
1368,108,1476,0.10389521951106846
1365,106,1471,0.10394644169582958
1367,105,1472,0.10400018787405589
1372,103,1475,0.10404554878355982
1364,103,1467,0.10407531635243952
1373,105,1478,0.10412123672129582
1367,110,1477,0.10414288271182487
1378,107,1485,0.10417563104104445
1382,108,1490,0.10418171940501153
1389,109,1498,0.1041785115523754
1394,109,1503,0.10415729765082574
1398,110,1508,0.10412899693168917
1384,114,1498,0.10409501949204829
1388,114,1502,0.1040943136025954
1371,122,1493,0.10408556831926433
1380,122,1502,0.10411751150004595
1389,121,1510,0.10412714393961345
1384,118,1502,0.10411685235929437
1384,118,1502,0.10411720595739159
1381,119,1500,0.1041166531405327
1370,122,1492,0.10412384871362779
1368,122,1490,0.10415573229899781
1360,121,1481,0.1041893922119748
1370,122,1492,0.10423942431442444
1353,122,1475,0.10426328611010796
1358,124,1482,0.10432293229942356
1359,124,1483,0.10436733436697825
1357,120,1477,0.10440546065472826
1373,120,1493,0.104445343731098
1370,120,1490,0.1044471151698027
1380,123,1503,0.10445466088960424
1375,120,1495,0.10443889978887762
1379,122,1501,0.10443765517240568
1365,126,1491,0.1044276775381498
1366,126,1492,0.10444772368083602
1374,124,1498,0.10446591372274894
1367,122,1489,0.10446482056476032
1358,123,1481,0.10448076619951127
1371,126,1497,0.10451553458758286
1376,131,1507,0.10451524675616003
1367,127,1494,0.10450509066066298
1367,126,1493,0.10451630160901892
1365,125,1490,0.10452730495952789
1366,126,1492,0.10454179128541308
1369,123,1492,0.10455120403796744
1361,119,1480,0.10455461168770902
1360,119,1479,0.1045751284420324
1367,118,1485,0.10459453391539388
1356,120,1476,0.10459660074050184
1368,121,1489,0.10462453918538966
1376,124,1500,0.1046223080472757
1358,127,1485,0.10460377032627324
1354,126,1480,0.10462535225939472
1357,127,1484,0.10465413159339641
1375,123,1498,0.10467538652065304
1370,126,1496,0.10465342367119447
1369,123,1492,0.10464552243362896
1373,121,1494,0.10463906576852168
1366,119,1485,0.10462356864088282
1379,125,1504,0.10462585427758522
1383,125,1508,0.10459889614743254
1394,127,1521,0.10456505674393413
1381,127,1508,0.10450830633616093
1382,133,1515,0.10448796810319724
1365,135,1500,0.10446935239845347
1364,132,1496,0.10449100730549052
1353,131,1484,0.10451234560498664
1362,132,1494,0.10455688811617742
1363,130,1493,0.10457546310763886
1368,129,1497,0.1045921802502055
1368,128,1496,0.10459688527782195
1365,134,1499,0.1046009505983956
1364,135,1499,0.10461015170591632
1367,136,1503,0.1046225585328335
1360,136,1496,0.10462727885446377
1371,133,1504,0.10464801685867346
1358,133,1491,0.10464416521890137
1373,129,1502,0.1046679369841656
1383,130,1513,0.10465495196344424
1388,129,1517,0.10461865200043725
1381,127,1508,0.10457633357295475
1386,126,1512,0.1045521199271398
1382,126,1508,0.10452022517462536
1369,131,1500,0.10449935727432921
1370,132,1502,0.10451072176505169
1370,131,1501,0.10451910453488945
1365,134,1499,0.10452833031493683
1368,130,1498,0.10454747122784017
1379,128,1507,0.10456024096796387
1360,132,1492,0.10454457190959289
1354,135,1489,0.10457053694018775
1358,138,1496,0.10460971896964354
1365,136,1501,0.10463640748850384
1367,138,1505,0.10464608993750249
1373,137,1510,0.1046520175920827
1375,137,1512,0.10464399871726768
1368,138,1506,0.10463361715621851
1371,138,1509,0.10464204134296175
1368,135,1503,0.10463946763330771
1358,140,1498,0.10464537443927695
1358,144,1502,0.10467242006963007
1362,142,1504,0.10469935570148792
1356,145,1501,0.10471500302293638
1352,148,1500,0.10474280179055859
1358,150,1508,0.10477664736516619
1335,155,1490,0.10479742268695062
1344,156,1500,0.10486849375316255
1346,155,1501,0.10491622380887541
1347,152,1499,0.10495741558591166
1342,155,1497,0.1049899934337057
1355,160,1515,0.1050319789612871
1352,160,1512,0.10504172254293863
1350,151,1501,0.1050558840060945
1345,150,1495,0.10507342712245558
1342,153,1495,0.10510130676535262
1325,148,1473,0.10513641636938655
1330,159,1489,0.10520741019200028
1331,160,1491,0.10525948013279908
1330,164,1494,0.10530536267696487
1330,164,1494,0.10534854199847622
1329,159,1488,0.1053898643620163
1325,159,1484,0.10543258206281327
1327,161,1488,0.1054800819521576
1327,158,1485,0.10552179696478575
1316,158,1474,0.10555652087439756
1330,158,1488,0.10561382738406548
1326,160,1486,0.10563308055637421
1311,164,1475,0.10566196935456469
1318,166,1484,0.10572290516729332
1317,169,1486,0.1057624076328937
1322,165,1487,0.10580079349048672
1339,167,1506,0.10582593801483081
1336,165,1501,0.10581224605776927
1327,167,1494,0.10580535156007649
1337,168,1505,0.10581495620116123
1334,168,1502,0.10580404906155859
1340,167,1507,0.10580276007179855
1344,166,1510,0.10578884516620515
1333,161,1494,0.1057667687178175
1337,167,1504,0.1057724461625934
1334,165,1499,0.1057693482397838
1336,167,1503,0.10577154664205685
1336,169,1505,0.10577015303831057
1332,170,1502,0.1057699217247422
1324,173,1497,0.1057798975358294
1324,173,1497,0.10580630055593619
1325,172,1497,0.10583063402495069
1328,174,1502,0.10585234125888288
1332,174,1506,0.10586575691763894
1334,172,1506,0.10587070844921687
1330,166,1496,0.10587397006020799
1325,168,1493,0.10588409260338963
1331,169,1500,0.10590270562700285
1331,169,1500,0.10590488189291884
1324,173,1497,0.10590595834356549
1318,175,1493,0.10592226221299014
1319,179,1498,0.10595404971566474
1320,176,1496,0.10598269051968896
1315,177,1492,0.10600716503332729
1326,177,1503,0.10604074905731778
1330,176,1506,0.10604489160841193
1321,175,1496,0.10604269559596716
1321,178,1499,0.10605980204050844
1315,176,1491,0.10607581077799054
1314,177,1491,0.10610521165227006
1309,178,1487,0.10613428640178664
1299,175,1474,0.10617363220818989
1297,178,1475,0.10623250796291739
1309,180,1489,0.1062935580189283
1300,178,1478,0.10632075421128719
1302,182,1484,0.10636470732054099
1301,183,1484,0.10640050235130818
1305,186,1491,0.106436475366864
1301,191,1492,0.10646111737297254
1293,189,1482,0.10649192909531306
1295,191,1486,0.10653883562766601
1303,188,1491,0.10657955004091187
1314,186,1500,0.10659778049927397
1309,187,1496,0.10658981848585532
1303,190,1493,0.10659381181231709
1307,190,1497,0.10661153267120901
1304,188,1492,0.1066171863227207
1306,188,1494,0.10662856974969034
1302,190,1492,0.10663374430318001
1312,184,1496,0.10664795530873379
1320,183,1503,0.10663485216343208
1319,186,1505,0.10660664544618545
1324,185,1509,0.10657994152408871
1317,185,1502,0.1065451997396746
1304,187,1491,0.10652988764450906
1313,182,1495,0.10654639058822807
1315,184,1499,0.10654137878572591
1296,190,1486,0.10653369435527253
1301,194,1495,0.10656627326961118
1291,187,1478,0.10658745019058542
1292,188,1480,0.10662993307470651
1299,189,1488,0.1066657954714069
1299,189,1488,0.10668619724973777
1310,190,1500,0.10670581472916553
1310,193,1503,0.1066969864806349
1311,193,1504,0.10668757478898856
1299,198,1497,0.10667799668773142
1286,204,1490,0.10669725081309696
1285,206,1491,0.10674525758709408
1275,205,1480,0.10679164760950187
1288,207,1495,0.10685867347506157
1295,210,1505,0.10689381648542945
1294,208,1502,0.10690798402063038
1289,208,1497,0.10692378172281579
1284,207,1491,0.10694870898019448
1294,206,1500,0.10698409166012678
1283,209,1492,0.10699677871990705
1284,206,1490,0.10703493690677818
1295,213,1508,0.10706854910821932
1293,221,1514,0.10707472790807103
1291,217,1508,0.10708318291308033
1302,215,1517,0.10709584552167187
1282,212,1494,0.10708442096541891
1285,211,1496,0.10712072553209201
1290,209,1499,0.10714643653765077
1280,207,1487,0.10715974107641334
1279,214,1493,0.10719253335366144
1272,217,1489,0.10722524515147562
1266,217,1483,0.10727192808274913
1270,218,1488,0.10732735125072733
1286,217,1503,0.10736799274132766
1291,218,1509,0.1073699582700255
1291,221,1512,0.10736053264960539
1302,216,1518,0.10735182977217683
1295,215,1510,0.1073186997876336
1297,212,1509,0.10730522863391212
1294,221,1515,0.10728906066622605
1284,214,1498,0.10728284942980651
1287,215,1502,0.10729982150394081
1293,217,1510,0.10730835617605827
1286,219,1505,0.10730360536023226
1277,215,1492,0.10731529590639441
1279,217,1496,0.10734612116315993
1287,216,1503,0.10737045966575977
1290,221,1511,0.10737362812076437
1273,225,1498,0.10736874581555206
1268,223,1491,0.10740333214473448
1273,226,1499,0.10744475137529343
1274,231,1505,0.10747087433176102
1269,236,1505,0.10749474148224594
1273,230,1503,0.10753088819899044
1266,230,1496,0.10755521177498194
1258,226,1484,0.10759512900266899
1268,231,1499,0.10765149246852079
1269,232,1501,0.10768230870452293
1259,241,1500,0.10770786880935819
1256,239,1495,0.10775472602501555
1247,239,1486,0.10780351225700385
1243,243,1486,0.10787215321794534
1245,244,1489,0.1079454089732707
1243,247,1490,0.10800674252525372
1244,247,1491,0.10806877351935144
1249,256,1505,0.10812070579095855
1248,258,1506,0.10815940256240719
1254,261,1515,0.10820058823794776
1250,261,1511,0.10822459004853666
1253,252,1505,0.10825473481218939
1251,256,1507,0.10827645966218682
1245,260,1505,0.10830195177800377
1230,263,1493,0.10833846114775993
1233,263,1496,0.10840764548401705
1222,263,1485,0.10846617776104898
1223,267,1490,0.10854412046534088
1224,270,1494,0.10861519432260422
1228,267,1495,0.10868049861006773
1228,272,1500,0.10873309381438068
1236,271,1507,0.10878314638427615
1228,269,1497,0.10881196809311668
1232,270,1502,0.1088568717981508
1237,270,1507,0.10888825717191512
1237,271,1508,0.10890579313983931
1218,282,1500,0.10892375130622924
1226,280,1506,0.10898586537977523
1228,284,1512,0.1090263308536602
1235,281,1516,0.10905976917275911
1226,282,1508,0.10907244730588664
1221,283,1504,0.10910357795970936
1226,281,1507,0.10914477562159952
1214,279,1493,0.1091711121399592
1211,274,1485,0.1092235955046562
1210,272,1482,0.10927758959580126
1219,278,1497,0.1093314801667219
1215,275,1490,0.10936029994651485
1229,281,1510,0.10939583106089434
1215,278,1493,0.10939578529290982
1213,274,1487,0.10942452719887857
1210,279,1489,0.10945620563190307
1216,281,1497,0.10949338927397764
1217,282,1499,0.10951433582338817
1208,277,1485,0.1095317609123765
1211,274,1485,0.10956938313721201
1218,277,1495,0.10959692961187173
1201,288,1489,0.10960781006993243
1199,283,1482,0.10965816768125279
1201,289,1490,0.10970925041503414
1206,286,1492,0.10975240013012524
1198,284,1482,0.10978236867390438
1193,288,1481,0.10982974792847684
1187,286,1473,0.10988548158980645
1195,286,1481,0.1099510670270578
1205,294,1499,0.10999350518917435
1200,291,1491,0.11000661089671357
1191,303,1494,0.11003114034160465
1180,302,1482,0.11007587036749275
1180,304,1484,0.11014376318016397
1188,304,1492,0.11020775186507317
1183,305,1488,0.11024819849443922
1187,304,1491,0.11029715620472694
1193,306,1499,0.11033250820816187
1192,313,1505,0.11035179504488615
1193,313,1506,0.11037414666053333
1186,315,1501,0.11039346961758405
1180,317,1497,0.11042643358122207
1193,319,1512,0.11046944316974872
1191,317,1508,0.11048265900249632
1189,315,1504,0.11049922869574204
1188,320,1508,0.1105182108254728
1189,325,1514,0.11053757833449915
1177,327,1504,0.1105526521123777
1174,325,1499,0.11059589986670108
1166,324,1490,0.11064359528848022
1164,329,1493,0.11070654438923838
1159,333,1492,0.11076943312974986
1168,335,1503,0.11084198682507368
1168,332,1500,0.1108898466959572
1164,329,1493,0.11093531899393815
1173,332,1505,0.11098532490380172
1181,331,1512,0.11101108312444379
1174,331,1505,0.11101677079311967
1163,341,1504,0.11103717199002912
1156,333,1489,0.11108371792850864
1153,337,1490,0.11114222461833315
1159,337,1496,0.11120498033701931
1162,334,1496,0.11125035600328363
1157,340,1497,0.11128553329332287
1152,342,1494,0.11132626173408923
1141,346,1487,0.11137864740214638
1131,352,1483,0.11145082260696317
1140,356,1496,0.11154166408887363
1148,356,1504,0.11160572640248877
1164,357,1521,0.11164910218797179
1167,361,1528,0.11165043096913982
1156,362,1518,0.11164532013635686
1154,366,1520,0.11166851295268597
1158,356,1514,0.11169603947987468
1154,362,1516,0.11171335536400985
1150,368,1518,0.11173991205690907
1143,366,1509,0.11177353678675343
1136,365,1501,0.11182164359230101
1130,371,1501,0.11188346660296428
1129,368,1497,0.11195548040054146
1136,375,1511,0.11202610928612415
1136,382,1518,0.11207408214007206
1133,378,1511,0.11211589234010667
1135,384,1519,0.11216071629273888
1117,384,1501,0.11219932010372599
1115,380,1495,0.11227951783851829
1117,379,1496,0.1123569554026896
1120,386,1506,0.11242606476023292
1124,386,1510,0.11248535021844401
1110,390,1500,0.11253301341377099
1104,399,1503,0.112609373908373
1115,405,1520,0.11269483250055883
1109,402,1511,0.11275031104169354
1090,409,1499,0.11281789554028009
1084,406,1490,0.11292370022462332
1087,402,1489,0.11303565331850617
1088,405,1493,0.11313066686414867
1096,408,1504,0.1132152548376964
1094,410,1504,0.11327551825451848
1092,409,1501,0.11333746639942525
1091,411,1502,0.113396514542605
1097,416,1513,0.11345410763533054
1093,415,1508,0.11349356439581072
1085,420,1505,0.11353985802344617
1083,420,1503,0.11360386676272097
1085,421,1506,0.11366906137296201
1082,409,1491,0.1137262954249462
1085,408,1493,0.11378421927195223
1079,400,1479,0.11382837607540079
1099,407,1506,0.11388166913388698
1093,409,1502,0.1138827058001679
1091,413,1504,0.11389773101685581
1094,413,1507,0.11391569330823542
1096,407,1503,0.11392435936958822
1098,398,1496,0.11393000440971761
1094,396,1490,0.11392942941862484
1093,398,1491,0.11393897927943936
1085,405,1490,0.113948696579968
1082,405,1487,0.11397578556848288
1092,407,1499,0.1140088313889886
1091,411,1502,0.1140161834473716
1104,402,1506,0.11402440480156997
1100,400,1500,0.1140020408042913
1101,397,1498,0.11399172383676491
1095,401,1496,0.11397858554651799
1097,400,1497,0.11398139366662725
1096,405,1501,0.11398191329810818
1102,400,1502,0.11398273754613142
1113,394,1507,0.1139692224295137
1101,404,1505,0.11393079721020541
1100,404,1504,0.11392441274178947
1092,405,1497,0.11392066442856258
1097,409,1506,0.11393516439100092
1098,404,1502,0.11393942340107915
1081,412,1493,0.1139418406930117
1088,412,1500,0.11398271845731603
1092,413,1505,0.11400476184303983
1091,415,1506,0.11401708292400013
1085,415,1500,0.11402660634754644
1086,417,1503,0.11404990073914552
1099,414,1513,0.11406869498774226
1093,416,1509,0.11405583133294794
1084,419,1503,0.11405985584655688
1077,422,1499,0.11408558941968001
1084,417,1501,0.11412820298252496
1075,415,1490,0.11415239866311606
1074,420,1494,0.11419541279614645
1068,424,1492,0.1142378581859975
1074,427,1501,0.11429158707983465
1068,427,1495,0.11432716832796071
1065,435,1500,0.11437444124282865
1062,439,1501,0.11442534679206184
1065,432,1497,0.11447926782152326
1068,427,1495,0.11452102397792832
1070,431,1501,0.11455281094127176
1072,432,1504,0.11457782335332313
1074,427,1501,0.11459866630076514
1071,425,1496,0.1146139923230267
1060,433,1493,0.11463535162746755
1061,439,1500,0.11468008920096912
1058,435,1493,0.11471932315618454
1064,441,1505,0.11476465468085735
1059,448,1507,0.11479203121949151
1060,445,1505,0.11483071544991845
1057,442,1499,0.11486486999104714
1058,446,1504,0.11490189688982877
1059,449,1508,0.11493435090701407
1059,440,1499,0.11496009737365992
1053,442,1495,0.11498363462942245
1054,443,1497,0.11501923645104516
1054,446,1500,0.11505060722135084
1048,450,1498,0.11508135567332674
1051,448,1499,0.11512474206776697
1047,453,1500,0.11515848658038598
1048,450,1498,0.11519729813936834
1037,451,1488,0.11523324012996858
1034,463,1497,0.11529440369560362
1041,463,1504,0.11535752530079123
1029,461,1490,0.11540027285580966
1037,461,1498,0.11546771757288866
1035,461,1496,0.11551132569133422
1031,462,1493,0.11555671416342111
1038,468,1506,0.11560901543656031
1030,469,1499,0.1156435857440286
1027,463,1490,0.11569361342678096
1026,460,1486,0.11574603321824162
1026,468,1494,0.11579542247725176
1027,472,1499,0.11584421835991275
1032,469,1501,0.11588633501248732
1021,469,1490,0.11591344719863765
1028,469,1497,0.11596085250978938
1042,471,1513,0.11598650206329456
1036,461,1497,0.11598047134177814
1033,468,1501,0.11598929824478481
1023,474,1497,0.11600526225797793
1025,474,1499,0.1160454879821195
1020,474,1494,0.11607938899887607
1025,477,1502,0.1161225087119097
1019,482,1501,0.11614621810105216
1024,483,1507,0.11618172715228742
1019,487,1506,0.1162042456848852
1016,484,1500,0.11623787788891722
1012,488,1500,0.11627832264648955
1019,483,1502,0.11632574802311048
1022,484,1506,0.11635202054548735
1024,487,1511,0.1163698194547377
1021,491,1512,0.1163840995579097
1012,500,1512,0.11640561752606728
1017,504,1521,0.1164469952935263
1006,506,1512,0.11647514302605863
1000,504,1504,0.1165268089338923
993,500,1493,0.11658962385933772
993,503,1496,0.1166641811586378
1001,502,1503,0.11673314858140628
990,504,1494,0.1167775083245072
991,503,1494,0.11684723355176732
992,500,1492,0.11690893031192641
992,506,1498,0.11696468752986594
989,504,1493,0.11701802355007722
997,501,1498,0.11707296582189061
991,505,1496,0.11710544946718102
978,509,1487,0.11714935217262065
987,510,1497,0.11721986666643756
994,510,1504,0.11726454587511043
1001,511,1512,0.1172900702109161
996,510,1506,0.11729989443984273
997,515,1512,0.1173202162312376
996,519,1515,0.11733627071576676
988,512,1500,0.11735533083124458
988,512,1500,0.11739451055368395
983,519,1502,0.11743230958525164
979,522,1501,0.11747872020061476
976,528,1504,0.1175316915352004
980,529,1509,0.11758994189447662
978,535,1513,0.11763423139486306
979,538,1517,0.11768058549098084
984,543,1527,0.11772090874168949
971,548,1519,0.11774672308731933
958,548,1506,0.11780317613982134
960,549,1509,0.11788794418753046
964,551,1515,0.1179624759448857
963,554,1517,0.1180236737115364
966,554,1520,0.11808435144214217
959,555,1514,0.1181344950383205
972,551,1523,0.11819748227639568
961,541,1502,0.1182264113997773
964,539,1503,0.11827975597223
955,546,1501,0.11832325944237371
963,543,1506,0.11838658837154145
959,541,1500,0.11842564008341004
952,538,1490,0.11846904046781853
949,544,1493,0.11852632224418133
959,540,1499,0.11858362133827613
963,545,1508,0.11861123844647505
953,535,1488,0.11862903460721638
955,530,1485,0.11866904173301542
947,532,1479,0.11869960183404124
939,543,1482,0.11874739199202956
937,550,1487,0.11881083279478628
941,557,1498,0.11887591639851436
946,551,1497,0.1189260456944714
949,553,1502,0.11896058414267159
943,563,1506,0.11898595931976198
947,554,1501,0.11902350569799265
942,560,1502,0.11904844591623384
937,553,1490,0.1190834114183457
928,568,1496,0.11912906747025415
930,569,1499,0.11919210373746346
929,565,1494,0.11924415953150824
920,567,1487,0.11929441386609226
924,568,1492,0.119363436969347
917,571,1488,0.11941935679274351
920,572,1492,0.11948867852617483
922,570,1492,0.11954489225527962
928,576,1504,0.11959175007511774
929,569,1498,0.11962349975580694
921,567,1488,0.11964737445628365
921,572,1493,0.11968879188415858
939,571,1510,0.11972773567053117
934,575,1509,0.11972059636502261
936,566,1502,0.11972662014199663
934,567,1501,0.11972720866100019
937,576,1513,0.11973257560803428
939,579,1518,0.11972773583806219
934,575,1509,0.1197196487852687
931,569,1500,0.11972335827149161
912,572,1484,0.11973011040775094
910,562,1472,0.11978085576607218
920,564,1484,0.11983240166602566
924,568,1492,0.11985666372343823
935,570,1505,0.1198700373367048
932,570,1502,0.11985793446963904
935,565,1500,0.11985313031263864
929,565,1494,0.11984194352900822
935,565,1500,0.11984544966146021
938,575,1513,0.11983516385512133
933,578,1511,0.1198190400466697
937,575,1512,0.11981706370918528
927,574,1501,0.11980839629101063
926,567,1493,0.11982560723968354
930,567,1497,0.11984227350022875
939,572,1511,0.11984779242982561
928,573,1501,0.11983257617188091
923,566,1489,0.11984350422112218
932,570,1502,0.11986492764518074
934,572,1506,0.11986439264906082
924,580,1504,0.11986160720356345
926,581,1507,0.11988200668397063
937,574,1511,0.11989502659471736
938,573,1511,0.11987987156272865
937,568,1505,0.11986503865892205
930,580,1510,0.11985281797826554
923,583,1506,0.11985798652087282
925,587,1512,0.11987987282833643
933,587,1520,0.11989564685723973
927,589,1516,0.11989014938162462
936,578,1514,0.11989970275883229
927,580,1507,0.11988460542525337
928,586,1514,0.11989118071584738
915,586,1501,0.11989645275849323
916,582,1498,0.11992949234591091
920,576,1496,0.11995719089081802
919,582,1501,0.11997510907664273
925,592,1517,0.11999504627718452
919,585,1504,0.12000201681234504
915,591,1506,0.12002243260252482
904,598,1502,0.12004940467080105
895,600,1495,0.12010129798487311
896,592,1488,0.12017134388838045
904,594,1498,0.1202329869291901
910,598,1508,0.12027017119680783
903,604,1507,0.12028925550073011
903,589,1492,0.1203235110894496
907,594,1501,0.12035684186205078
909,599,1508,0.12037903386461854
908,594,1502,0.12039307155663133
906,590,1496,0.12040924050415144
908,598,1506,0.1204310678882808
909,611,1520,0.12044804203774603
904,612,1516,0.12045860153662165
907,604,1511,0.12048099971177911
904,596,1500,0.12049785880191623
902,603,1505,0.1205216179858726
907,598,1505,0.12054728129013352
902,598,1500,0.12055987725533969
905,590,1495,0.12058101939106418
906,599,1505,0.12059328220966155
907,591,1498,0.12060000757403096
903,601,1504,0.12060398759066512
888,600,1488,0.12061748986510956
881,600,1481,0.12066527785276843
885,595,1480,0.12072660273427449
894,598,1492,0.12077277963510612
893,609,1502,0.12079348348424304
898,607,1505,0.12081466357356206
903,607,1510,0.12082324424765913
898,604,1502,0.1208231423418156
894,606,1500,0.12083331619917256
899,600,1499,0.12085197312002448
891,606,1497,0.12086010972541304
888,599,1487,0.1208852853044634
892,598,1490,0.12091651410994561
889,604,1493,0.12093482722475596
888,609,1497,0.12095557611146251
880,610,1490,0.12097885136636903
879,617,1496,0.12101938690058806
877,616,1493,0.12106165725222925
887,619,1506,0.12110344002398567
880,616,1496,0.12111954446193703
880,619,1499,0.12115165616749234
888,623,1511,0.12118150393593917
883,633,1516,0.12119153786878688
874,639,1513,0.1212160315703639
870,630,1500,0.12125805185436417
872,635,1507,0.12130830885681394
878,630,1508,0.12135105842942902
874,627,1501,0.12137836818670213
870,624,1494,0.12141319575512871
876,620,1496,0.12145575715381941
866,629,1495,0.1214826873936434
859,634,1493,0.12152627366031321
849,637,1486,0.12158029331332046
854,633,1487,0.12165305396752085
856,639,1495,0.12170986025741648
862,654,1516,0.12176042274290158
851,657,1508,0.12179583584417046
852,662,1514,0.1218537751924902
856,658,1514,0.12190960275695631
858,660,1518,0.12194968739331312
850,664,1514,0.1219840729804445
847,654,1501,0.12203549961626138
838,654,1492,0.12209274765788551
839,651,1490,0.12216731104257934
835,653,1488,0.12223733009652683
825,666,1491,0.1223104075601973
832,666,1498,0.1224004116511172
819,670,1489,0.12246970545074289
813,672,1485,0.12256331734241567
822,673,1495,0.12266586862848787
816,670,1486,0.12274169115609976
822,672,1494,0.12282647522881394
825,683,1508,0.12288621504381483
830,675,1505,0.12293436378150759
831,692,1523,0.12296816753696056
829,699,1528,0.12299797203509427
819,693,1512,0.12303266766443816
824,688,1512,0.12308750076302806
828,686,1514,0.12312768432538194
828,683,1511,0.12315597337641682
828,676,1504,0.12318054812890494
825,682,1507,0.12320539977617852
828,687,1515,0.12323344618337688
818,678,1496,0.12325314913790647
812,684,1496,0.12329383153189678
819,708,1527,0.12334648349174548
827,693,1520,0.1233765892592931
835,688,1523,0.12338485918613377
839,690,1529,0.12337483940260029
836,691,1527,0.12335851516480752
823,689,1512,0.12334835140662008
811,694,1505,0.12337175699547101
817,691,1508,0.1234190116574057
821,686,1507,0.1234504849003877
805,701,1506,0.12347269650140158
803,706,1509,0.12353132996721423
806,692,1498,0.1235898918841071
799,697,1496,0.12363568070018126
800,701,1501,0.12369600745546126
810,705,1515,0.1237476956337205
809,706,1515,0.12377236497690479
806,705,1511,0.12379814392269799
809,706,1515,0.12382848766084387
807,716,1523,0.12384891393489925
804,715,1519,0.12387328439747707
793,718,1511,0.1239040387966984
794,711,1505,0.12395787932817502
795,712,1507,0.12400668713155945
801,722,1523,0.124049652136157
799,718,1517,0.12407598669985014
791,722,1513,0.12410633014203006
781,716,1497,0.12415253903441271
782,722,1504,0.12421786813010853
788,721,1509,0.12427850474351217
786,705,1491,0.12432305651566718
781,707,1488,0.12436986435666843
778,710,1488,0.12442608861495419
772,713,1485,0.12448571397601473
768,719,1487,0.12455412640090387
771,728,1499,0.12462665121141217
769,734,1503,0.12468424966446787
773,730,1503,0.12474367631440131
770,726,1496,0.1247914730115827
769,734,1503,0.12484441715931012
762,740,1502,0.12489388727573443
761,738,1499,0.12495637401183819
756,742,1498,0.12501708684717727
750,748,1498,0.12508591051276266
747,751,1498,0.125165694303615
758,749,1507,0.12524742939395123
761,742,1503,0.12529661662326436
750,744,1494,0.12533444490876672
750,748,1498,0.125398650227313
748,742,1490,0.12545479596060502
750,738,1488,0.12551193801622312
742,743,1485,0.1255623715844277
745,741,1486,0.12562845229694378
748,745,1493,0.12568292852922916
754,748,1502,0.12572652385664468
747,758,1505,0.12575341315749433
740,757,1497,0.12579700041528125
741,768,1509,0.12585474976358424
740,772,1512,0.12590559712176033
738,773,1511,0.1259549633411478
746,761,1507,0.12600604405664437
743,759,1502,0.12603562648431196
743,760,1503,0.1260668395867621
736,760,1496,0.12609841462163524
737,758,1495,0.126142943739822
731,756,1487,0.12618198949090026
732,757,1489,0.12622818266535288
730,763,1493,0.12626924293399408
728,766,1494,0.12631547163744022
732,765,1497,0.1263603701970459
727,763,1490,0.12639336817383598
730,770,1500,0.12643589990452375
735,775,1510,0.1264707615665984
739,774,1513,0.12649218657388756
743,773,1516,0.1265044358534194
741,774,1515,0.1265045636368382
741,775,1516,0.1265116955068985
738,775,1513,0.12652157092566768
723,786,1509,0.1265377934398525
724,791,1515,0.12658703977426083
714,772,1486,0.12662906495153384
710,787,1497,0.12669385459347027
707,791,1498,0.1267620619434011
712,795,1507,0.1268330587605245
724,788,1512,0.1268856365002423
725,787,1512,0.12690658191245358
724,791,1515,0.1269241413272352
712,788,1500,0.12694564660955515
704,782,1486,0.12699310176844322
710,790,1500,0.12705669419688415
716,793,1509,0.1271020876682609
712,794,1506,0.1271286370269106
722,787,1509,0.1271636048764436
730,790,1520,0.127171769241137
726,797,1523,0.12715923048813696
718,798,1516,0.12715735119841653
714,800,1514,0.12717374431605696
709,803,1512,0.1271986469007162
700,800,1500,0.12723634327080982
704,805,1509,0.12729415682169926
697,810,1507,0.1273403390209666
704,814,1518,0.1274006909423464
700,810,1510,0.12744090496271832
702,802,1504,0.12748914722324797
705,805,1510,0.12752992209002764
708,806,1514,0.12755964666403616
700,804,1504,0.1275792389948046
702,804,1506,0.12761755624032836
698,813,1511,0.12765030758925985
697,812,1509,0.12768727649300937
688,814,1502,0.12772399291658298
684,817,1501,0.12777990601677502
692,812,1504,0.127842873744729
693,818,1511,0.12788182124629421
687,814,1501,0.12791512373723973
686,814,1500,0.12796111380413078
681,822,1503,0.1280076417027745
675,826,1501,0.1280642108241079
669,824,1493,0.1281303054154304
669,826,1495,0.12820661469410888
667,828,1495,0.12827628317258477
670,822,1492,0.12834636012635178
667,833,1500,0.12840383746396042
674,827,1501,0.1284639245829499
672,837,1509,0.12850595302152393
681,834,1515,0.12854929449358618
677,836,1513,0.12856852083832637
665,834,1499,0.12859527264477588
657,826,1483,0.12864803653227255
657,835,1492,0.12871621526346042
654,830,1484,0.12878251463298132
660,843,1503,0.12885028915310456
662,837,1499,0.12889945668850247
657,846,1503,0.12893997306979385
652,850,1502,0.1289887949117965
654,854,1508,0.12904584102037117
654,856,1510,0.12909445362310062
650,843,1493,0.1291408405273544
657,843,1500,0.12919462419328212
655,835,1490,0.12922683588179149
658,840,1498,0.12925901409507706
662,840,1502,0.1292826176755674
664,827,1491,0.12929453242786898
663,840,1503,0.1293010090375064
660,853,1513,0.1293109627972128
672,861,1533,0.12932958881732362
656,856,1512,0.12932089775260644
654,858,1512,0.12935244717422298
654,847,1501,0.12938606225824045
655,852,1507,0.12941671551825368
654,850,1504,0.1294450798865715
664,853,1517,0.12947246775589766
662,841,1503,0.12947195646707976
662,854,1516,0.12947573587474595
646,864,1510,0.1294786364424331
649,864,1513,0.12951935977896217
636,867,1503,0.129550734355799
642,864,1506,0.12960946451309432
643,860,1503,0.1296529092215061
633,863,1496,0.1296918746323302
644,873,1517,0.1297534461082149
638,865,1503,0.1297836831096626
644,866,1510,0.12982827133043756
646,867,1513,0.129855540215756
645,871,1516,0.12987458811551264
645,877,1522,0.1298931746289062
635,868,1503,0.12991003801621143
633,880,1513,0.12995147695459128
632,880,1512,0.12999761648107852
630,892,1522,0.1300434612408216
615,890,1505,0.130091161484921
623,882,1505,0.13016949430746344
620,883,1503,0.1302260113068756
620,890,1510,0.13028485531118378
627,889,1516,0.1303403238420337
622,887,1509,0.13037446240949171
606,900,1506,0.13041737005565288
607,906,1513,0.13049503372018517
607,906,1513,0.13056668409508532
597,904,1501,0.1306352801624183
598,917,1515,0.1307224996872851
597,915,1512,0.13080115695847927
600,926,1526,0.13087808177385366
591,927,1518,0.13094525100016788
593,928,1521,0.1310303378565555
588,926,1514,0.13110427188904958
585,928,1513,0.13118485628117096
575,936,1511,0.13126796437271784
573,937,1510,0.1313681039257919
575,930,1505,0.13146579275828185
576,925,1501,0.1315523374475401
575,928,1503,0.13163024351271868
578,936,1514,0.13170246381937253
571,941,1512,0.1317625822674651
570,926,1496,0.13183651669790208
563,927,1490,0.13190811577493344
569,942,1511,0.13199107356121842
567,943,1510,0.13205630952366382
568,951,1519,0.132122237488876
562,954,1516,0.13218376529859663
563,953,1516,0.13225463043558702
558,948,1506,0.13231862770760416
559,946,1505,0.13239025995059325
542,949,1491,0.13245467608119238
550,940,1490,0.13255231892061675
555,942,1497,0.13262457914572734
558,944,1502,0.13268092874343923
547,951,1498,0.13272569733630735
556,948,1504,0.1327928569831159
553,950,1503,0.13283451440240898
550,954,1504,0.13287784634036712
556,956,1512,0.1329262429723266
555,953,1508,0.13295412073814736
564,961,1525,0.1329815620818543
557,964,1521,0.13298587657320277
558,956,1514,0.13300788283245205
560,961,1521,0.13302659595026559
550,965,1515,0.13303866594421446
549,954,1503,0.13307362503267745
549,954,1503,0.1331101286919562
544,964,1508,0.13313989271847343
550,964,1514,0.13318146194716024
547,957,1504,0.13320753732269275
555,966,1521,0.13324015130741948
549,963,1512,0.133252662814548
537,973,1510,0.13327970502729566
532,979,1511,0.1333342633303622
537,976,1513,0.1333980428886625
527,974,1501,0.13344450406806568
533,971,1504,0.1335101049719974
524,973,1497,0.1335582667510886
528,981,1509,0.1336234599539496
530,990,1520,0.13367590749817493
530,990,1520,0.13371770938471916
528,985,1513,0.1337563740842495
529,989,1518,0.13379531980757672
533,988,1521,0.13382892744179706
524,986,1510,0.13385298349235356
530,982,1512,0.1338985608475646
527,973,1500,0.13392656051069146
533,975,1508,0.13396045453183883
534,975,1509,0.13397582330078806
531,974,1505,0.133987021707216
544,981,1525,0.1340009845772
542,969,1511,0.13398202795844025
532,967,1499,0.13396935976343735
533,976,1509,0.13398279276639488
522,981,1503,0.13399557664608042
522,991,1513,0.13403292331903416
526,983,1509,0.1340692598818511
526,986,1512,0.1340941395396528
524,991,1515,0.13411903145208257
521,994,1515,0.13414659266736964
525,994,1519,0.13417983670286163
526,993,1519,0.1341980662933828
532,1005,1537,0.1342165137604113
519,1006,1525,0.1342194993350494
516,995,1511,0.13425498723303697
508,997,1505,0.13429597632095297
509,988,1497,0.1343523811011736
516,992,1508,0.134402170595411
516,993,1509,0.13443433968030058
525,994,1519,0.13446281707852234
516,992,1508,0.13446524830979315
517,999,1516,0.13448970129113458
513,1001,1514,0.1345106414092143
512,1006,1518,0.13453935662940017
507,1006,1513,0.1345692419014412
507,1018,1525,0.13460813782748068
505,1004,1509,0.13464492740644146
503,995,1498,0.1346826256553928
510,1006,1516,0.13472001457680627
512,1012,1524,0.13473901292280357
505,1006,1511,0.1347531208570497
504,1007,1511,0.1347850246352423
503,1005,1508,0.13481730079405377
498,1008,1506,0.13485092251241396
498,1012,1510,0.1348930509465911
499,1009,1508,0.13493232973910216
501,1011,1512,0.13496631256353242
490,1015,1505,0.13499125444334084
489,1006,1495,0.13504055144603805
491,1002,1493,0.1350875625710406
493,1016,1509,0.13512741694429337
494,1017,1511,0.1351627932103455
489,1024,1513,0.13519364100769377
480,1029,1509,0.13523400643509365
477,1040,1517,0.13529270558402373
481,1034,1515,0.13535284713796894
482,1033,1515,0.13539687252220248
478,1027,1505,0.13543600294267794
479,1020,1499,0.1354819802731554
477,1023,1500,0.13552270302416078
476,1031,1507,0.13556665277649585
478,1041,1519,0.1356077327675496
474,1043,1517,0.13564328318865446
473,1044,1517,0.1356875261511031
468,1043,1511,0.1357306558601887
468,1040,1508,0.13578422752476219
466,1035,1501,0.13583607367449077
463,1040,1503,0.13588720654005368
464,1048,1512,0.13594288084036632
465,1040,1505,0.1359924982120006
461,1047,1508,0.13603665470130186
463,1047,1510,0.13608567561052426
458,1046,1504,0.13612634741601448
450,1050,1500,0.13618001221393888
450,1055,1505,0.13624921538643286
454,1047,1501,0.1363094535474705
458,1038,1496,0.13635569276951068
451,1045,1496,0.13639050234180952
454,1039,1493,0.13643904374811017
456,1037,1493,0.13647704441328729
452,1044,1496,0.13650812178268074
460,1046,1506,0.13654796433675082
458,1045,1503,0.1365642497714835
461,1043,1504,0.13658463966758727
458,1047,1505,0.13659392746329022
456,1043,1499,0.1366099197833664
459,1035,1494,0.136626329416936
451,1040,1491,0.1366352250502677
454,1042,1496,0.13666330043794087
456,1052,1508,0.13668271619703382
449,1046,1495,0.13669682658979324
447,1047,1494,0.13672813900203465
453,1063,1516,0.13676149878571342
455,1060,1515,0.13677545451299034
449,1050,1499,0.1367819944164081
450,1050,1500,0.1368024627739923
447,1052,1499,0.1368192038620744
444,1050,1494,0.13684172387601787
440,1054,1494,0.1368694317979808
445,1060,1505,0.13690511793817936
449,1072,1521,0.13692564199432686
450,1074,1524,0.13693661874696555
451,1059,1510,0.13694376475368894
451,1060,1511,0.1369506681563407
448,1063,1511,0.13695756189072708
452,1059,1511,0.13697000054700967
446,1058,1504,0.13697233534018063
447,1050,1497,0.13698930840587656
451,1044,1495,0.1370050848617607
452,1059,1511,0.13701044256958475
453,1064,1517,0.13701205693512603
454,1070,1524,0.1370095016140881
447,1079,1526,0.13700431853552528
447,1066,1513,0.1370169146064312
441,1074,1515,0.13702974568565945
443,1068,1511,0.13705631424034093
446,1061,1507,0.13707439230662466
450,1063,1513,0.13708519352587253
445,1060,1505,0.13708288914188882
445,1064,1509,0.1370915598537122
435,1069,1504,0.13710031853563187
441,1072,1513,0.1371326374068312
447,1076,1523,0.1371474685539182
435,1079,1514,0.13714853868968846
429,1082,1511,0.13717839292621067
429,1072,1501,0.1372220438818686
430,1080,1510,0.13726360759109163
435,1082,1517,0.13730056582977698
436,1085,1521,0.1373197013935884
433,1089,1522,0.1373371232095317
431,1094,1525,0.13736187715572523
434,1099,1533,0.1373898575260624
431,1084,1515,0.13740919257858442
423,1086,1509,0.137435574682906
420,1077,1497,0.13747618742843065
415,1073,1488,0.13752180368563713
415,1081,1496,0.13757608359609824
425,1072,1497,0.13762759028154295
419,1084,1503,0.13764751511410833
421,1083,1504,0.1376773431914059
420,1082,1502,0.1377007280814024
426,1085,1511,0.13772588073929456
426,1087,1513,0.13773478723479077
430,1084,1514,0.13774264683178625
436,1086,1522,0.13773856101708432
432,1096,1528,0.13772165523799088
423,1089,1512,0.13771792230145183
417,1093,1510,0.13773586202387578
417,1094,1511,0.13776729840896768
410,1089,1499,0.1377966798902853
406,1089,1495,0.13784056937867434
408,1103,1511,0.13789024049973317
404,1096,1500,0.13793138913521297
411,1094,1505,0.13797955249515897
417,1091,1508,0.13800763671281754
410,1097,1507,0.13801823247251424
412,1093,1505,0.1380466832926432
418,1104,1522,0.13806840841123433
413,1109,1522,0.13807558078612422
413,1107,1520,0.13809491455583087
413,1108,1521,0.13811411268526236
410,1089,1499,0.13813141604210968
412,1086,1498,0.13815427842109268
416,1083,1499,0.13817079009613553
420,1105,1525,0.13817503293098346
420,1099,1519,0.13816694724986264
415,1096,1511,0.138160389186292
413,1087,1500,0.1381678991879744
416,1097,1513,0.13818179153449792
416,1095,1511,0.1381853111986049
408,1093,1501,0.1381893049806876
408,1091,1499,0.1382133328017367
406,1104,1510,0.13823717013885484
407,1094,1501,0.1382620122705791
411,1096,1507,0.13828214989107568
419,1099,1518,0.13829299508028992
409,1110,1519,0.13828342260085258
405,1104,1509,0.1382987163532792
406,1105,1511,0.13832291124070956
404,1103,1507,0.13834213633825854
406,1101,1507,0.13836481165456407
409,1109,1518,0.13838119117413122
410,1114,1524,0.1383905553325192
404,1130,1534,0.13839655486391644
396,1115,1511,0.1384146285938872
394,1116,1510,0.13845417075610075
405,1110,1515,0.13849503554837037
408,1103,1511,0.13850571224089625
402,1110,1512,0.13850877188250776
400,1116,1516,0.1385239056409534
406,1109,1515,0.13854419597584097
405,1116,1521,0.13855032441471157
390,1111,1501,0.13855742883445132
388,1111,1499,0.13860182189349493
391,1126,1517,0.13864996249454775
386,1114,1500,0.13868646432866027
384,1108,1492,0.13873026430969204
383,1106,1489,0.13877648903584064
378,1109,1487,0.138821956538596
383,1116,1499,0.13887580763076607
378,1115,1493,0.13891355836290298
379,1126,1505,0.13896064282967044
378,1128,1506,0.13900262638620667
375,1126,1501,0.13904427629237712
372,1140,1512,0.13909030232217107
368,1134,1502,0.13914056528865615
371,1127,1498,0.13919770132099887
361,1135,1496,0.1392454068500721
364,1148,1512,0.13931511089589704
370,1156,1526,0.13937305027516697
367,1153,1520,0.13941030959926656
364,1146,1510,0.1394515176067516
370,1139,1509,0.13949719501347513
371,1142,1513,0.1395243568533499
372,1140,1512,0.13954590454454657
365,1132,1497,0.13956621164944136
368,1138,1506,0.13960303329933882
369,1143,1512,0.13962794169349985
370,1135,1505,0.1396491217102679
367,1133,1500,0.13966719785316373
366,1130,1496,0.1396920566046622
372,1131,1503,0.1397163076738094
369,1120,1489,0.13972228542121928
367,1126,1493,0.13973722114504142
374,1123,1497,0.1397554252563345
378,1119,1497,0.13975412749733404
372,1133,1505,0.139743156978902
378,1123,1501,0.1397457563127656
377,1131,1508,0.13973262229352099
379,1135,1514,0.13972262546893674
381,1132,1513,0.1397093704251101
377,1130,1507,0.13969492728474353
383,1135,1518,0.1396905967039768
383,1126,1509,0.13966965003985143
381,1137,1518,0.13965076012282798
379,1127,1506,0.1396326526823691
374,1134,1508,0.13962283462260408
377,1140,1517,0.13962585110395648
383,1137,1520,0.13962310104519102
380,1146,1526,0.13960515076673258
376,1144,1520,0.13959583413274193
371,1130,1501,0.13959644132076543
364,1145,1509,0.1396087572063466
361,1151,1512,0.13963943061013023
366,1148,1514,0.13967564773507368
363,1153,1516,0.13969881558899086
363,1130,1493,0.13972861281099297
356,1131,1487,0.1397567195396574
359,1135,1494,0.13980002637461916
355,1143,1498,0.13983260508639614
359,1152,1511,0.13987249049072564
359,1158,1517,0.13989985255141524
352,1162,1514,0.1399250175400838
353,1157,1510,0.1399643462073838
350,1155,1505,0.13999952943792468
346,1141,1487,0.1400385672999317
351,1149,1500,0.1400832186348019
351,1144,1495,0.14011215827512213
350,1151,1501,0.14013854933301528
355,1152,1507,0.14016706518163466
352,1145,1497,0.14017974116667772
349,1151,1500,0.1402000301077609
352,1147,1499,0.1402255359025575
351,1150,1501,0.14024149962698004
350,1155,1505,0.14025882982631063
350,1150,1500,0.14027963285141049
350,1154,1504,0.14030046882018232
350,1158,1508,0.1403202363184105
356,1159,1515,0.14033809890068424
351,1160,1511,0.14034052841671943
350,1166,1516,0.1403543588912802
346,1160,1506,0.14037148369899324
338,1148,1486,0.14039851954300672
334,1152,1486,0.14044351458262885
338,1166,1504,0.14049516282658775
335,1165,1500,0.14053420316991702
336,1178,1514,0.14057847713676846
336,1179,1515,0.14061871307047397
334,1188,1522,0.14065400013868357
331,1174,1505,0.14069459356540587
332,1160,1492,0.1407417498655234
332,1172,1504,0.14078097911194545
329,1177,1506,0.14081533670565696
319,1181,1500,0.14085435600330734
321,1180,1501,0.14091426170961843
324,1174,1498,0.1409670639932062
323,1172,1495,0.14101084647616094
326,1176,1502,0.1410542694618368
319,1169,1488,0.1410867551836213
315,1189,1504,0.14113743739353052
319,1183,1502,0.14119305551013864
318,1193,1511,0.1412345587391611
316,1197,1513,0.1412769017193094
309,1198,1507,0.14132127056622135
307,1204,1511,0.14137994637723542
305,1199,1504,0.14143781756278181
303,1198,1501,0.14149750234671965
304,1195,1499,0.14155950066141046
308,1200,1508,0.1416129399564974
310,1200,1510,0.14165287928893222
305,1193,1498,0.1416868567492053
302,1205,1507,0.14173303138730853
307,1208,1515,0.14178371002409848
304,1195,1499,0.14181976764478035
305,1201,1506,0.14186052022103396
301,1201,1502,0.14189692501423826
306,1188,1494,0.14193888374093752
307,1187,1494,0.1419678986634792
309,1191,1500,0.14198994185571326
310,1199,1509,0.14200671541718418
308,1198,1506,0.1420198456180357
305,1206,1511,0.14203702851509964
302,1211,1513,0.14206055604713977
303,1211,1514,0.14208955837435472
300,1204,1504,0.14211401104567387
299,1206,1505,0.14214450115120447
295,1206,1501,0.14217493675961426
299,1216,1515,0.1422139136625044
299,1218,1517,0.1422413773751315
297,1229,1526,0.1422682990877269
294,1234,1528,0.14229990389666797
285,1216,1501,0.14233670722334363
279,1227,1506,0.14239342639464522
279,1226,1505,0.1424616292661886
281,1226,1507,0.14252578494798218
282,1231,1513,0.14257858348728866
283,1228,1511,0.1426230548014279
282,1229,1511,0.14266316038681218
278,1219,1497,0.14270323407894644
280,1221,1501,0.1427497036792321
282,1221,1503,0.14279203222711878
281,1225,1506,0.1428284479630019
284,1221,1505,0.1428634687125823
284,1226,1510,0.14288780190192366
284,1218,1502,0.14290992438851643
280,1225,1505,0.14292929850796512
278,1231,1509,0.1429555617786429
278,1222,1500,0.14298647922614657
277,1232,1509,0.14301599245418312
275,1221,1496,0.14304389527542188
272,1223,1495,0.14307351931435924
272,1224,1496,0.14310589142798766
271,1222,1493,0.1431374059636561
276,1232,1508,0.14317012484183547
277,1219,1496,0.14318753340641607
281,1221,1502,0.14320000265476784
281,1216,1497,0.1432013119134214
284,1230,1514,0.14320219253538827
283,1237,1520,0.14319663688103015
285,1246,1531,0.14319716240764996
278,1246,1524,0.14319295077549735
277,1243,1520,0.14320731300083767
275,1240,1515,0.14322273966131668
271,1234,1505,0.14324160901228702
273,1232,1505,0.14326870759050028
278,1219,1497,0.14328937035289577
278,1220,1498,0.14329712462890828
276,1226,1502,0.14330531167763205
270,1231,1501,0.14331822128122582
271,1225,1496,0.14334432552271306
272,1248,1520,0.14336623852800812
274,1242,1516,0.1433831228720449
276,1242,1518,0.14339488940887288
270,1248,1518,0.14340313153190862
268,1229,1497,0.14342647757730537
268,1241,1509,0.14345268096146985
267,1232,1499,0.14347711821790352
266,1237,1503,0.1435016228877276
258,1249,1507,0.14352690937096388
262,1245,1507,0.1435706426821247
264,1254,1518,0.14360059226111901
261,1253,1514,0.1436216789575624
255,1254,1509,0.14365026567725336
257,1262,1519,0.14369121124128095
255,1259,1514,0.1437248992452513
254,1266,1520,0.14375781181115116
254,1261,1515,0.14379175861276278
258,1262,1520,0.14382279155243258
265,1244,1509,0.14384523986740558
266,1260,1526,0.14384625376660046
266,1262,1528,0.14384720565399842
262,1258,1520,0.14384924396099147
263,1251,1514,0.14386016452078068
259,1241,1500,0.1438684790296575
262,1244,1506,0.14388593874700228
259,1246,1505,0.14389527397242186
261,1247,1508,0.14391377213811649
253,1260,1513,0.1439262727673756
259,1262,1521,0.14395816767420508
252,1255,1507,0.14397316975978963
253,1262,1515,0.14400431279121334
251,1264,1515,0.14403048530683882
255,1254,1509,0.1440589823351737
256,1258,1514,0.14407482256588355
251,1256,1507,0.1440878295805812
251,1249,1500,0.1441134837976135
253,1262,1515,0.14413700345268768
253,1259,1512,0.1441528902737928
250,1255,1505,0.1441683084040676
253,1268,1521,0.14418973196413407
252,1263,1515,0.14419983797306304
254,1263,1517,0.14421332054452715
252,1265,1517,0.14422076671071798
256,1269,1525,0.1442322518503753
251,1253,1504,0.14423292335425564
252,1264,1516,0.14424712577820514
247,1262,1509,0.14425958387728954
252,1266,1518,0.14428121009565198
254,1273,1527,0.1442896156190292
256,1261,1517,0.1442928335299381
256,1263,1519,0.1442917650637062
256,1268,1524,0.1442902101098144
256,1264,1520,0.14429049037318264
258,1247,1505,0.14429158006652062
259,1230,1489,0.14428903998248177
257,1245,1502,0.14428238189379067
256,1247,1503,0.14428153305531213
252,1248,1500,0.14428211888857695
258,1250,1508,0.14429233058580473
259,1250,1509,0.144287777232199
260,1247,1507,0.14427950974641082
257,1260,1517,0.14427054198814704
253,1259,1512,0.14427099152285122
254,1255,1509,0.14428165706948884
255,1244,1499,0.14429056829046505
261,1243,1504,0.1442934772191269
260,1248,1508,0.14428183225541383
258,1245,1503,0.14427265134189737
256,1244,1500,0.1442702216101649
259,1253,1512,0.14427351156285523
261,1245,1506,0.1442706237757694
263,1254,1517,0.1442633058927088
263,1252,1515,0.1442488946030482
260,1259,1519,0.14423442190089972
267,1254,1521,0.14422937410656225
266,1254,1520,0.14420693051189043
269,1255,1524,0.14418975140982468
269,1252,1521,0.14416716520640904
262,1268,1530,0.14414618990737993
261,1264,1525,0.14414423637747958
257,1267,1524,0.1441453123336086
257,1257,1514,0.1441574478393943
257,1255,1512,0.14416850871621129
260,1251,1511,0.14417947255691355
262,1247,1509,0.14418178014869715
257,1261,1518,0.14418093163801526
258,1261,1519,0.1441925174413463
260,1265,1525,0.14420117241395305
260,1270,1530,0.14420597991393416
255,1268,1523,0.14421146885150427
248,1260,1508,0.1442286016922994
243,1268,1511,0.14425904009017068
243,1272,1515,0.14430103724196336
246,1276,1522,0.1443409120781001
245,1265,1510,0.14437076125778403
245,1261,1506,0.1443981243169738
242,1267,1509,0.14442336030699748
241,1275,1516,0.14445365774813426
239,1266,1505,0.14448418091633183
241,1281,1522,0.14451619519702738
238,1277,1515,0.14454053676325848
241,1276,1517,0.1445717678367665
239,1265,1504,0.1445935082273776
239,1273,1512,0.14462019802832393
236,1275,1511,0.1446450697391642
226,1279,1505,0.1446770974991214
227,1271,1498,0.14473139430909598
233,1282,1515,0.14478049094516718
234,1285,1519,0.14480953650689643
236,1284,1520,0.14483509551059595
237,1288,1525,0.14485223082663057
231,1275,1506,0.14486599196469652
228,1263,1491,0.144893171748533
227,1265,1492,0.1449264068854572
222,1278,1500,0.14495985223001717
226,1283,1509,0.14500318350690378
226,1274,1500,0.14503408062059728
227,1296,1523,0.1450608359588721
231,1286,1517,0.1450826008522166
230,1282,1512,0.145091603595085
234,1274,1508,0.1451032036177161
234,1288,1522,0.14510544813366455
234,1290,1524,0.14510869703665427
234,1289,1523,0.14511191197901102
231,1294,1525,0.14511378236296657
232,1294,1526,0.14512351567522522
226,1287,1513,0.145130566713209
228,1282,1510,0.14515253090471292
226,1285,1511,0.14516851100355896
224,1289,1513,0.14518739440676617
220,1291,1511,0.14520960850624046
221,1295,1516,0.14524142462388676
220,1302,1522,0.14526819494184334
219,1313,1532,0.1452976385217343
216,1320,1536,0.14532659966268666
214,1319,1533,0.1453622650892432
214,1316,1530,0.14540166828242063
218,1314,1532,0.1454379702357966
215,1304,1519,0.1454601377476596
211,1323,1534,0.1454879882384886
209,1313,1522,0.14552283538456398
209,1308,1517,0.14556112381618302
210,1313,1523,0.14559634534369875
209,1311,1520,0.1456268857662861
214,1292,1506,0.14565763155968917
218,1294,1512,0.14567283089966143
212,1304,1516,0.14567797917802158
217,1304,1521,0.14569685492277631
206,1286,1492,0.14570224591222128
207,1298,1505,0.1457354100231208
211,1297,1508,0.1457635757020573
211,1290,1501,0.1457795199185447
215,1291,1506,0.14579500783588853
217,1287,1504,0.14580022915066088
221,1277,1498,0.14579889657388015
223,1279,1502,0.1457857152956513
222,1279,1501,0.1457673331190516
226,1286,1512,0.14575294983538853
226,1282,1508,0.14572913997624645
227,1292,1519,0.1457072706235515
225,1290,1515,0.14568604433461896
224,1280,1504,0.14567290596023696
224,1285,1509,0.14566467988810447
222,1300,1522,0.14565728186810317
221,1306,1527,0.14565584157073436
223,1310,1533,0.14565543933352612
223,1306,1529,0.14565231204557913
215,1305,1520,0.14564970722641168
216,1312,1528,0.14566719766397995
215,1306,1521,0.14568130939422344
216,1296,1512,0.1456966247851331
220,1298,1518,0.14570741144959407
219,1304,1523,0.1457064443744053
218,1306,1524,0.14571080760261296
213,1304,1517,0.14571914198730765
217,1305,1522,0.1457404036173489
218,1300,1518,0.1457493455367602
217,1303,1520,0.14575618636150167
218,1306,1524,0.14576420399850878
213,1308,1521,0.1457700542583133
212,1304,1516,0.1457877772695433
211,1309,1520,0.14580493386705654
209,1310,1519,0.14582323812786224
208,1299,1507,0.1458467186244635
209,1305,1514,0.14587161699421894
208,1295,1503,0.14589214415482765
208,1288,1496,0.1459143694817342
209,1302,1511,0.14593406578547388
205,1306,1511,0.1459482643481719
205,1305,1510,0.145971983200453
209,1304,1513,0.14599450145555928
208,1314,1522,0.14600555091053058
208,1312,1520,0.14601814969825797
210,1319,1529,0.1460307324637957
211,1311,1522,0.14603742494926106
205,1308,1513,0.14604329252275627
200,1308,1508,0.14606330253525793
204,1301,1505,0.146094321277232
209,1303,1512,0.1461137938436333
207,1310,1517,0.14611760043881375
199,1313,1512,0.14612591409366074
195,1322,1517,0.14615259843545242
196,1314,1510,0.14618775547889523
201,1310,1511,0.1462177986777835
197,1313,1510,0.1462343506885541
194,1309,1503,0.1462593443094039
196,1315,1511,0.1462912212518459
195,1324,1519,0.14631671669217633
196,1325,1521,0.14634463393853367
195,1304,1499,0.1463689269602063
198,1314,1512,0.14639354052210435
198,1316,1514,0.14640853803632922
199,1314,1513,0.14641982958812066
196,1315,1511,0.14642572587765093
202,1311,1513,0.14643919137723033
203,1307,1510,0.14643786246518367
203,1304,1507,0.14643260870276997
205,1309,1514,0.1464265690819314
203,1325,1528,0.1464162688867854
200,1330,1530,0.14641189771873397
198,1342,1540,0.14641647366640448
196,1336,1532,0.14642603457290634
201,1345,1546,0.146440463817409
199,1328,1527,0.14644143962946293
195,1325,1520,0.14644699448308782
194,1335,1529,0.146458815930802
196,1328,1524,0.1464747337686659
198,1328,1526,0.14648532842349318
193,1331,1524,0.14648988122664047
190,1321,1511,0.14650746085384733
190,1314,1504,0.14652918757818997
189,1315,1504,0.14655167694788448
190,1325,1515,0.1465738267967307
190,1329,1519,0.14659260505637828
191,1332,1523,0.14661007831747777
186,1326,1512,0.14662263810296317
189,1317,1506,0.14664563538506264
194,1320,1514,0.14666143199219214
199,1309,1508,0.1466632177169266
200,1308,1508,0.14665127589260285
202,1305,1507,0.14663750934076955
204,1315,1519,0.1466207828011154
198,1321,1519,0.1466006458836559
195,1309,1504,0.146597595509529
192,1300,1492,0.14660240430278956
185,1311,1496,0.14661394906964442
190,1314,1504,0.1466420880936058
191,1306,1497,0.14665616693614272
193,1317,1510,0.14666801428042314
183,1309,1492,0.14667421232652175
188,1313,1501,0.1467047870209363
196,1319,1515,0.14672228746285845
197,1332,1529,0.1467164081454
199,1327,1526,0.14670488150986566
196,1323,1519,0.14668986151363492
195,1314,1509,0.1466856051733313
193,1311,1504,0.1466834389563756
193,1308,1501,0.1466861926653382
194,1320,1514,0.14668803610638612
197,1317,1514,0.14668859370772735
199,1326,1525,0.14668171855777307
197,1320,1517,0.1466716293338723
197,1317,1514,0.14666772318380805
199,1333,1532,0.14666482439614387
201,1318,1519,0.1466549002541361
196,1320,1516,0.14663997825023306
198,1317,1515,0.14664066549686297
196,1309,1505,0.1466336138754306
196,1310,1506,0.14663239501916334
199,1316,1515,0.1466303432184802
193,1311,1504,0.14662292238633906
195,1318,1513,0.14663056279916117
194,1319,1513,0.1466341029740509
191,1319,1510,0.14664090375378255
186,1330,1516,0.14665527824326297
189,1327,1516,0.1466816155798698
191,1333,1524,0.14669848170554078
192,1328,1520,0.14670958093709596
191,1323,1514,0.14671810256656925
189,1327,1516,0.14672926526724386
192,1322,1514,0.14674574184130296
190,1334,1524,0.14675400694982738
190,1336,1526,0.14676407637525618
188,1339,1527,0.14677486961315475
184,1334,1518,0.14678948249607748
184,1322,1506,0.14681394145111507
184,1334,1518,0.14683689639453268
182,1323,1505,0.14685813671962222
181,1319,1500,0.14688364994632044
180,1319,1499,0.14690895069084167
179,1326,1505,0.14693534175196474
181,1332,1513,0.14696185495290584
183,1334,1517,0.14698276840538627
184,1330,1514,0.1469978146500459
185,1330,1515,0.14700933917714734
177,1332,1509,0.14701887136338931
176,1328,1504,0.1470468593558816
175,1338,1513,0.1470755887249964
177,1347,1524,0.1471049970606945
180,1342,1522,0.14712755772792047
177,1342,1519,0.14714177692271832
173,1339,1512,0.14716264819683014
174,1341,1515,0.14719212219474953
175,1340,1515,0.14721823495732247
177,1353,1530,0.14723814085751286
174,1351,1525,0.1472502835200981
175,1352,1527,0.1472691412114961
175,1353,1528,0.1472839343028993
177,1337,1514,0.14729751850364756
178,1329,1507,0.14730623507852106
178,1341,1519,0.14731092377820468
173,1332,1505,0.14731495691032903
179,1323,1502,0.14733145460511718
179,1336,1515,0.1473310668360103
180,1334,1514,0.14733021322438142
176,1332,1508,0.1473260570365568
178,1341,1519,0.1473324360674773
182,1333,1515,0.14733475769319113
175,1343,1518,0.14732706717133628
177,1336,1513,0.14733830474995216
177,1335,1512,0.14734493540456967
176,1341,1517,0.1473502496421358
175,1341,1516,0.14735697376872894
176,1337,1513,0.1473666661129143
176,1345,1521,0.14737502122591287
168,1339,1507,0.14738333373484444
168,1349,1517,0.14740903170023764
168,1344,1512,0.1474345578951068
168,1333,1501,0.14745545646984534
172,1331,1503,0.147475737907372
171,1345,1516,0.14748539888323092
168,1355,1523,0.1474965884646906
163,1355,1518,0.14751521381997876
166,1367,1533,0.14754477943852845
163,1367,1530,0.14756550368172835
161,1359,1520,0.14759238796724883
164,1354,1518,0.14762159477172043
174,1346,1520,0.14764226455397267
175,1334,1509,0.14763581451725155
168,1335,1503,0.14762636315264016
169,1334,1503,0.14763458981556138
170,1333,1503,0.14764152742378908
167,1338,1505,0.1476458793300835
167,1344,1511,0.1476575286265618
162,1356,1518,0.1476685100099894
160,1353,1513,0.14769170123611486
164,1351,1515,0.1477188303809603
160,1355,1515,0.1477319437040493
160,1351,1511,0.14775418159567688
161,1352,1513,0.14777519043920426
160,1362,1522,0.14779311299587242
161,1349,1510,0.14781327932663263
159,1351,1510,0.14782998114323703
155,1357,1512,0.14784952355893574
154,1352,1506,0.1478766295731546
153,1347,1500,0.1479041343164756
150,1336,1486,0.1479311275547063
152,1352,1504,0.14796364897124295
152,1377,1529,0.14799021471184454
150,1372,1522,0.1480142784552062
149,1355,1504,0.14804210819976277
148,1368,1516,0.14807026167999676
150,1360,1510,0.14809714483146194
147,1375,1522,0.1481166333476698
145,1370,1515,0.1481425309388894
143,1378,1521,0.14817139169969093
142,1376,1518,0.14820275690761137
143,1378,1521,0.14823420497689088
146,1375,1521,0.14826108157207518
146,1375,1521,0.14827917240948987
149,1364,1513,0.14829662134402047
149,1361,1510,0.14830373778375994
143,1370,1513,0.1483105741739347
144,1369,1513,0.14833161010262783
141,1367,1508,0.14834899703476329
139,1364,1503,0.14837262418565822
141,1368,1509,0.14839999734581114
140,1370,1510,0.14842034886570413
137,1373,1510,0.14843995243332705
136,1367,1503,0.14846632495467257
140,1377,1517,0.1484929015092657
143,1368,1511,0.14850773440181186
142,1373,1515,0.14851481418634133
141,1369,1510,0.14852428940274565
141,1371,1512,0.14853554130692867
138,1371,1509,0.14854688062862453
143,1372,1515,0.14856285256580823
140,1375,1515,0.1485640647071987
138,1380,1518,0.14857431421417405
142,1384,1526,0.14858908120653797
143,1379,1522,0.14859306016774443
143,1387,1530,0.14859610420557356
142,1383,1525,0.14859871576616898
142,1382,1524,0.1486048526404282
143,1379,1522,0.14861163054076176
138,1367,1505,0.1486165045041737
139,1366,1505,0.14863336993729256
140,1363,1503,0.14864599607282394
141,1361,1502,0.1486559827902121
136,1363,1499,0.14866395875343405
136,1370,1506,0.14868300082921374
134,1382,1516,0.14870016244478546
135,1381,1516,0.14872057853717394
135,1385,1520,0.1487382494648419
131,1388,1519,0.1487546360618558
128,1380,1508,0.14878023516815575
130,1368,1498,0.1488122906796855
129,1379,1508,0.14883795499418562
122,1374,1496,0.1488647811965857
123,1378,1501,0.1489064259655658
128,1387,1515,0.14894103399472353
127,1389,1516,0.14896107633437697
131,1382,1513,0.14898297970289648
132,1371,1503,0.14899290436547072
130,1376,1506,0.14899908484467858
128,1385,1513,0.14901115830514566
125,1398,1523,0.14902730737706293
123,1404,1527,0.14904835297220687
125,1400,1525,0.1490725126411379
123,1395,1518,0.14909004403581747
123,1388,1511,0.1491108520299673
123,1384,1507,0.1491305958490193
125,1387,1512,0.14914978569235843
123,1379,1502,0.14916100216251332
124,1395,1519,0.14917647088894676
121,1396,1517,0.14918808891615853
121,1389,1510,0.14920711500554135
120,1391,1511,0.14922583068485765
120,1386,1506,0.14924492699590503
120,1387,1507,0.14926322472977907
119,1403,1522,0.14928047368437286
120,1396,1516,0.14929856871123973
117,1411,1528,0.14931377064665646
118,1401,1519,0.14933609416994076
120,1400,1520,0.14935334923294313
121,1401,1522,0.14936433095052148
120,1399,1519,0.14937143600857897
123,1401,1524,0.14938144601995348
122,1395,1517,0.14938302027343775
122,1397,1519,0.14938642912726888
121,1400,1521,0.14939105688622786
122,1407,1529,0.14939875465539856
119,1405,1524,0.14940372700184143
116,1407,1523,0.14941615939832156
117,1397,1514,0.14943511697738218
114,1398,1512,0.14945077550598465
116,1401,1517,0.1494726987636038
115,1402,1517,0.14948755503719924
115,1410,1525,0.14950392549671054
115,1417,1532,0.1495201516248727
114,1419,1533,0.1495354407261678
114,1412,1526,0.14955205927630355
113,1398,1511,0.14956840015844064
113,1397,1510,0.1495856486820037
110,1409,1519,0.14960066699838115
111,1413,1524,0.149622684041515
112,1415,1527,0.1496399140796742
110,1427,1537,0.14965291879915207
107,1434,1541,0.14966971232426182
105,1425,1530,0.14969249446541436
108,1421,1529,0.1497183325290914
106,1423,1529,0.14973637085850036
106,1421,1527,0.14975823458998455
106,1421,1527,0.14978003811897936
106,1425,1531,0.14979997845270385
103,1425,1528,0.14981933912491616
100,1421,1521,0.14984485037226655
102,1421,1523,0.1498745022399067
106,1422,1528,0.14989756522451625
108,1415,1523,0.14990881744970264
104,1408,1512,0.14991481899744205
107,1412,1519,0.1499301225179488
105,1411,1516,0.14993567965511193
105,1409,1514,0.14994545498169032
105,1411,1516,0.14995434109963388
102,1409,1511,0.14996204607311633
100,1399,1499,0.1499763001789124
103,1416,1519,0.14999538682686125
101,1425,1526,0.1500057803219722
98,1432,1530,0.15002020992625364
97,1438,1535,0.15004184912638954
96,1431,1527,0.1500641254863524
95,1435,1530,0.15008771072285854
95,1423,1518,0.15011151705834674
95,1416,1511,0.15013460195155756
97,1433,1530,0.15015654423748315
94,1430,1524,0.15016956361178813
97,1418,1515,0.15018929759038024
99,1409,1508,0.1502016433703766
96,1402,1498,0.15020798668419225
96,1404,1500,0.15022099038311937
98,1417,1515,0.15023254991493104
100,1430,1530,0.1502375249676529
95,1430,1525,0.15023851147641282
97,1427,1524,0.15025350075037916
97,1433,1530,0.15026039535984978
97,1427,1524,0.1502672877146421
98,1425,1523,0.1502742040083226
93,1421,1514,0.15027739078826824
93,1429,1522,0.15029472271422273
92,1420,1512,0.1503115349182116
91,1426,1517,0.15033035622516686
89,1429,1518,0.15035065880337745
88,1421,1509,0.1503745467858222
92,1432,1524,0.15039863230813613
90,1431,1521,0.15041006539034302
89,1425,1514,0.15042634365345922
86,1426,1512,0.15044420992326685
84,1426,1510,0.15046754751740965
80,1424,1504,0.15049538107844732
76,1446,1522,0.15053000472531924
79,1421,1500,0.15057175779295578
82,1420,1502,0.15060402264545544
84,1431,1515,0.1506271938256306
84,1419,1503,0.1506431999407733
85,1418,1503,0.15065795765807807
86,1428,1514,0.15066823091444165
90,1424,1514,0.15067591375290282
92,1432,1524,0.150672299169821
88,1430,1518,0.150662586698176
86,1439,1525,0.15066302592845793
81,1422,1503,0.150669722669898
83,1423,1506,0.15068915930888158
85,1421,1506,0.15070106469645617
88,1428,1516,0.15070600227816602
90,1419,1509,0.15070368391956668
89,1418,1507,0.15069443720761014
88,1423,1511,0.15068934449438945
88,1418,1506,0.15068691526826658
88,1431,1519,0.1506854710504391
85,1435,1520,0.15068440310450634
86,1426,1512,0.15069138066885882
88,1436,1524,0.15069564763118556
86,1429,1515,0.1506944849025262
84,1433,1517,0.15069924580139824
85,1439,1524,0.15070823392759272
84,1441,1525,0.15071417414919222
85,1436,1521,0.1507220131744208
83,1435,1518,0.15072708398851772
83,1442,1525,0.1507358599196753
82,1447,1529,0.15074486003677798
80,1440,1520,0.15075631334890005
79,1449,1528,0.15077199076624534
76,1453,1529,0.15078887031541643
72,1451,1523,0.1508123297079665
70,1445,1515,0.15084419373239347
68,1453,1521,0.1508791847204713
70,1443,1513,0.15091742361933724
70,1441,1511,0.1509481178498914
69,1445,1514,0.15097704319714483
65,1460,1525,0.15100600222550134
64,1448,1512,0.15104286711958173
66,1447,1513,0.15108026530595595
65,1454,1519,0.15110754399600468
67,1450,1517,0.15113675527936013
67,1459,1526,0.15115845007729226
68,1467,1535,0.15117948674978693
68,1464,1532,0.15119669274995207
71,1460,1531,0.15121156214518192
70,1454,1524,0.1512186636043658
73,1451,1524,0.15122829203678587
71,1437,1508,0.15122941364119336
69,1427,1496,0.1512351190582163
70,1440,1510,0.15124414978345593
70,1449,1519,0.1512511374995161
71,1442,1513,0.15125756367559126
72,1450,1522,0.15126180201788053
73,1456,1529,0.15126405583423685
72,1446,1518,0.1512631913866834
69,1446,1515,0.15126570670354234
72,1439,1511,0.15127567429003644
74,1450,1524,0.15127639110532734
72,1438,1510,0.15127180501871573
75,1441,1516,0.15127289632525381
77,1438,1515,0.15126527135023482
79,1436,1515,0.15125271287464975
76,1440,1516,0.1512348662665451
81,1439,1520,0.1512262128710847
78,1440,1518,0.15120487037600314
81,1428,1509,0.15119227643447894
80,1415,1495,0.1511735593522299
81,1431,1512,0.15115869400381132
80,1427,1507,0.15114355677816474
79,1435,1514,0.15113274989761658
73,1436,1509,0.1511242116045399
71,1428,1499,0.15113227073757954
70,1424,1494,0.15114526794742703
66,1440,1506,0.15115969214891073
69,1439,1508,0.15118293730522114
73,1436,1509,0.15119632474573572
75,1447,1522,0.15119918507007646
79,1443,1522,0.15119642483388993
79,1440,1519,0.1511842288916248
79,1448,1527,0.15117195276858095
78,1443,1521,0.15116153355666367
82,1445,1527,0.15115380305938758
82,1443,1525,0.15113588072004727
82,1422,1504,0.15112005002181456
83,1423,1506,0.15110492349981886
80,1429,1509,0.1510872210280576
83,1427,1510,0.15107772624056165
84,1421,1505,0.15106134692012385
85,1425,1510,0.1510445287838194
82,1429,1511,0.15102713404924187
81,1432,1513,0.15101891838137807
82,1433,1515,0.15101311284344315
83,1444,1527,0.15100530851144378
84,1444,1528,0.15099599869318245
83,1432,1515,0.15098537060836212
80,1429,1509,0.1509773623132521
77,1429,1506,0.1509782795359223
79,1439,1518,0.15098665946645112
79,1441,1520,0.15099019371793904
78,1438,1516,0.15099368339958416
77,1441,1518,0.15099929110471824
75,1438,1513,0.15100780149063653
75,1434,1509,0.15102087746986523
72,1436,1508,0.1510338363689521
69,1436,1505,0.15105369442800803
66,1434,1500,0.1510791524052163
63,1448,1511,0.15111018934141762
63,1449,1512,0.15114685542845208
66,1445,1511,0.15118072737002386
64,1457,1521,0.15120358601022812
66,1460,1526,0.15122860044662725
66,1470,1536,0.1512471455608641
68,1468,1536,0.151264920031567
68,1454,1522,0.1512759789754606
71,1451,1522,0.15128759033774147
68,1464,1532,0.15129130898584608
68,1462,1530,0.1513025895510933
71,1450,1521,0.15131323347513997
70,1446,1516,0.15131505107990584
67,1445,1512,0.15131977211329667
66,1467,1533,0.15133159603238272
65,1478,1543,0.1513457692935107
65,1454,1519,0.15136190463653032
64,1461,1525,0.15137746276925607
64,1449,1513,0.1513949345942919
64,1446,1510,0.15141142000637725
64,1448,1512,0.1514272438961781
65,1454,1519,0.15144239699961878
64,1457,1521,0.1514535877096371
64,1447,1511,0.15146614660711874
63,1447,1510,0.15147826312657148
65,1447,1512,0.1514922719631976
65,1451,1516,0.15149886174674426
67,1447,1514,0.15150492896621287
67,1448,1515,0.1515046871539798
69,1444,1513,0.1515052393342316
68,1429,1497,0.15150065737298543
68,1429,1497,0.15149841974227196
67,1429,1496,0.1514977376660259
64,1437,1501,0.1514999594619971
60,1442,1502,0.15150951510825622
63,1454,1517,0.15152815700834524
64,1438,1502,0.1515382010096563
60,1441,1501,0.15154480498492692
61,1436,1497,0.15156070271739447
61,1443,1504,0.15157291234618975
58,1451,1509,0.15158482239852378
58,1465,1523,0.15160323451657845
61,1469,1530,0.1516199328247164
56,1463,1519,0.15162800509872315
55,1461,1516,0.15164758491218877
55,1456,1511,0.1516685186651962
53,1460,1513,0.1516886091260571
52,1464,1516,0.15171247001156293
52,1452,1504,0.15173761692187646
48,1462,1510,0.15176073563307077
51,1466,1517,0.15179136496494555
49,1475,1524,0.15181170589937332
50,1494,1544,0.15183515903386605
51,1476,1527,0.15185449436652831
53,1473,1526,0.15187023905057348
49,1474,1523,0.1518800300135761
49,1479,1528,0.15189894538747775
49,1485,1534,0.1519166015790754
52,1489,1541,0.151933525950783
52,1481,1533,0.15194250150677843
51,1482,1533,0.151951640202737
51,1469,1520,0.15196340740519088
51,1462,1513,0.15197386537252958
49,1460,1509,0.15198248681732607
47,1458,1505,0.15199598328159636
52,1463,1515,0.15201316707545595
52,1454,1506,0.15201569557131733
53,1448,1501,0.15201923787653984
52,1449,1501,0.15202008971646339
51,1462,1513,0.15202352991298068
49,1466,1515,0.15202966513983462
47,1466,1513,0.1520407659156988
43,1457,1500,0.15205496576586375
41,1467,1508,0.15207810786332873
40,1475,1515,0.15210490900198906
41,1474,1515,0.1521327577513713
42,1473,1515,0.152157126872377
41,1482,1523,0.1521774417374274
41,1479,1520,0.15219940155710904
42,1479,1521,0.1522203815393102
43,1468,1511,0.15223709934786803
42,1462,1504,0.15224996412381986
42,1459,1501,0.1522653822977085
38,1466,1504,0.15228019023188175
37,1485,1522,0.15230364762445778
36,1495,1531,0.15232831502511338
35,1482,1517,0.15235369926438358
34,1488,1522,0.15238004425274412
36,1498,1534,0.15240715934936064
35,1497,1532,0.15242707713712447
36,1486,1522,0.15244839548646966
35,1501,1536,0.15246610884356607
36,1493,1529,0.15248425283788614
36,1493,1529,0.1524985633048835
35,1480,1515,0.15251253110476043
35,1477,1512,0.1525283354098977
34,1491,1525,0.15254345136724567
34,1499,1533,0.15255959399613062
35,1500,1535,0.15257502264650472
35,1496,1531,0.1525865560052026
34,1494,1528,0.15259769432780484
34,1487,1521,0.15261082483416918
35,1484,1519,0.1526224769463742
37,1487,1524,0.15263063355238915
35,1489,1524,0.15263283077241444
35,1490,1525,0.15264016135709088
35,1495,1530,0.15264711884237758
36,1489,1525,0.15265396552293506
34,1492,1526,0.1526576096671439
37,1482,1519,0.15266611830398616
35,1483,1518,0.1526656235320432
34,1474,1508,0.15267031913093995
36,1474,1510,0.15267677394521942
33,1473,1506,0.1526769247895113
32,1478,1510,0.15268454150037583
32,1490,1522,0.15269451642901313
33,1493,1526,0.15270357730714468
31,1485,1516,0.1527100796025823
31,1492,1523,0.15272097125730885
34,1495,1529,0.15273162875044394
34,1488,1522,0.15273308717779932
35,1480,1515,0.1527350156314245
35,1490,1525,0.15273416789351876
34,1505,1539,0.1527339570819731
32,1497,1529,0.15273677027995952
30,1488,1518,0.15274420446628256
33,1483,1516,0.15275632029317274
33,1477,1510,0.15276012976557665
33,1483,1516,0.1527641894851522
33,1474,1507,0.1527676820658959
33,1476,1509,0.15277144298283984
32,1478,1510,0.15277540155882022
32,1496,1528,0.15278110278451654
32,1492,1524,0.152786591239997
33,1492,1525,0.1527921206884132
34,1476,1510,0.15279536805371483
34,1467,1501,0.15279608258237942
35,1470,1505,0.1527962358028181
34,1474,1508,0.15279436135859342
33,1479,1512,0.15279565125744324
34,1474,1508,0.15279917637687393
32,1480,1512,0.15279963446087005
33,1470,1503,0.15280532583694625
33,1469,1502,0.15280784229981698
34,1478,1512,0.15281056817923247
35,1475,1510,0.1528101438338317
36,1471,1507,0.15280698647415025
36,1477,1513,0.15280187580839297
36,1478,1514,0.15279736617523748
37,1483,1520,0.15279255562396016
35,1486,1521,0.15278532826023777
35,1485,1520,0.15278403541202265
34,1484,1518,0.15278324152394335
34,1492,1526,0.15278481649291098
32,1495,1527,0.15278675537746453
30,1489,1519,0.15279352582425498
30,1493,1523,0.15280478121637658
30,1499,1529,0.1528155690184525
30,1495,1525,0.15282564318627764
29,1493,1522,0.15283462691719554
28,1489,1517,0.15284579949964702
28,1489,1517,0.15285875833641746
28,1496,1524,0.15287112773569117
28,1497,1525,0.15288209475528372
29,1503,1532,0.1528925535075921
29,1507,1536,0.15290000608896454
29,1507,1536,0.15290710027913967
29,1504,1533,0.1529139962687848
29,1495,1524,0.15292067728600844
30,1485,1515,0.15292713102999983
32,1489,1521,0.15293094473686075
31,1499,1530,0.1529287246667591
31,1499,1530,0.15292918546453302
31,1482,1513,0.15292991788803448
31,1484,1515,0.1529308988651921
30,1476,1506,0.1529320753269484
29,1471,1500,0.15293583617538464
30,1493,1523,0.1529417817764602
27,1501,1528,0.15294450636067672
27,1497,1524,0.15295485991572805
26,1490,1516,0.15296471058068356
27,1498,1525,0.15297638472517935
26,1494,1520,0.1529849355733374
26,1488,1514,0.15299529212088944
26,1480,1506,0.1530051156652778
26,1474,1500,0.15301442286964342
26,1482,1508,0.15302323157849457
26,1480,1506,0.15303156046039035
25,1486,1511,0.15303942870817963
26,1490,1516,0.1530493040571274
24,1484,1508,0.1530560329053209
23,1492,1515,0.1530669212628833
23,1494,1517,0.1530793605883703
24,1495,1519,0.15309109201104273
23,1505,1528,0.15309986064829922
23,1499,1522,0.1531104797265025
23,1497,1520,0.1531204370325425
23,1496,1519,0.15312982595672747
22,1501,1523,0.1531386738687438
21,1505,1526,0.1531494099169909
20,1496,1516,0.1531615714768155
20,1500,1520,0.15317531519064123
21,1507,1528,0.15318817075132155
18,1494,1512,0.1531974194697238
19,1489,1508,0.15321349113556468
19,1496,1515,0.15322628427911553
19,1497,1516,0.15323829595158314
19,1499,1518,0.15324956983303253
20,1491,1511,0.15326014773129815
16,1498,1514,0.15326693167063182
17,1499,1516,0.15328240244991087
18,1503,1521,0.15329438311885407
18,1507,1525,0.15330335930265837
18,1501,1519,0.15331190260225838
18,1506,1524,0.1533197013245457
18,1503,1521,0.15332713773180695
19,1500,1519,0.15333343921735562
19,1491,1510,0.15333718131372356
20,1490,1510,0.15334035460315124
20,1478,1498,0.1533412153856431
20,1487,1507,0.15334221645225546
19,1484,1503,0.15334247845021223
20,1501,1521,0.15334528645879936
20,1495,1515,0.15334572338389893
20,1502,1522,0.15334634403188818
20,1507,1527,0.15334711238667442
21,1504,1525,0.15334799754926792
21,1487,1508,0.15334580679867693
20,1487,1507,0.15334397695548113
19,1483,1502,0.1533446583426461
21,1490,1511,0.15334779779476318
21,1483,1504,0.15334562161710644
22,1491,1513,0.1533438091974517
20,1498,1518,0.15333978238420237
19,1496,1515,0.15334090142972162
19,1512,1531,0.1533443558169261
18,1507,1525,0.15334774859130942
17,1499,1516,0.1533532704594426
17,1494,1511,0.15336079266376362
17,1503,1520,0.1533679462304946
17,1508,1525,0.1533747377845561
16,1495,1511,0.15338104869954197
16,1496,1512,0.15338935825622335
15,1500,1515,0.1533972263911772
15,1498,1513,0.15340713356352428
15,1499,1514,0.1534164724368177
16,1492,1508,0.1534252702401827
16,1488,1504,0.1534304424711631
16,1505,1521,0.15343541447544184
16,1521,1537,0.15343884830355978
13,1508,1521,0.15344233536349888
13,1507,1520,0.15345270012942047
14,1504,1518,0.1534626405040297
14,1504,1518,0.15346894460194857
14,1505,1519,0.15347512119230755
12,1501,1513,0.1534811445257279
12,1492,1504,0.1534916341333382
11,1498,1509,0.15350165155414358
11,1491,1502,0.15351349211093493
12,1495,1507,0.153524735171915
12,1498,1510,0.15353296668153735
12,1505,1517,0.15354080220191416
12,1502,1514,0.15354825061202385
12,1495,1507,0.15355532230801688
12,1485,1497,0.15356202884135078
11,1497,1508,0.15356838261374736
11,1497,1508,0.1535769554678692
12,1483,1495,0.1535850298961687
12,1507,1519,0.15358987668393392
11,1505,1516,0.15359450917644735
11,1503,1514,0.15360132968314263
10,1506,1516,0.15360779925453433
9,1502,1511,0.15361631584692326
9,1512,1521,0.1536267137823156
9,1522,1531,0.1536365157897534
9,1499,1508,0.15364575170082737
9,1495,1504,0.15365445045601542
10,1494,1504,0.15366264003616792
10,1492,1502,0.15366716863453717
11,1483,1494,0.15367153264411534
11,1487,1498,0.1536725209579125
10,1493,1503,0.15367363201354237
10,1493,1503,0.1536771265696589
9,1489,1498,0.15368054702318967
11,1497,1508,0.15368621196699947
10,1512,1522,0.15368594958213305
10,1508,1518,0.15368826971079017
10,1493,1503,0.15369063734049285
10,1498,1508,0.15369231194950728
9,1489,1498,0.15369413017053465
9,1492,1501,0.15369832616675247
10,1506,1516,0.15370245844680078
9,1508,1517,0.1537034031868395
9,1507,1516,0.1537072711117176
10,1515,1525,0.15371106680617103
10,1514,1524,0.15371196417981103
10,1508,1518,0.15371299131761554
10,1507,1517,0.1537141183229683
10,1512,1522,0.15371531974902694
10,1503,1513,0.15371657401249939
10,1501,1511,0.15371786288104403
9,1509,1518,0.1537191710252341
8,1508,1516,0.15372279529522662
8,1504,1512,0.1537286837108404
8,1516,1524,0.1537342675958312
8,1507,1515,0.15373955854043597
8,1510,1518,0.1537445682900319
7,1515,1522,0.15374930863082995
7,1506,1513,0.15375622803339523
7,1508,1515,0.15376274461004458
7,1508,1515,0.15376887990974825
7,1519,1526,0.15377465458898912
8,1517,1525,0.15378008841010588
8,1518,1526,0.1537824796300285
7,1527,1534,0.15378477699441084
7,1536,1543,0.15378938011600518
7,1518,1525,0.15379374233213966
7,1519,1526,0.15379787244948073
7,1515,1522,0.15380177955245433
7,1507,1514,0.15380547287694576
7,1493,1500,0.1538089617061452
7,1487,1494,0.15381225528529768
8,1493,1501,0.1538153627525595
8,1501,1509,0.15381516337140194
8,1491,1499,0.1538150829280945
8,1495,1503,0.15381510070403842
8,1508,1516,0.15381519896269
9,1504,1513,0.15381536254611525
9,1512,1521,0.15381237135103676
8,1517,1525,0.1538097198413568
8,1526,1534,0.15380969364881608
8,1516,1524,0.15380979054097987
8,1518,1526,0.1538099880465583
9,1508,1517,0.1538102669263647
10,1502,1512,0.15380740944039836
10,1520,1530,0.15380162411198342
10,1509,1519,0.15379644473822382
10,1514,1524,0.15379180299824335
10,1509,1519,0.15378763867617126
10,1505,1515,0.15378389866801345
10,1504,1514,0.1537805361126404
10,1504,1514,0.1537775096311946
9,1506,1515,0.15377478266121966
8,1499,1507,0.15377460703164264
8,1514,1522,0.15377677969835835
8,1501,1509,0.15377889621362467
7,1512,1519,0.15378094968162767
7,1499,1506,0.15378539237470346
8,1490,1498,0.1537896056990334
8,1510,1518,0.153791007057414
9,1509,1518,0.15379237757513597
9,1524,1533,0.15379098624493293
9,1502,1511,0.15378977033380625
7,1502,1509,0.15378870798531277
8,1506,1514,0.1537926384522215
8,1511,1519,0.15379359886168045
7,1504,1511,0.1537946115875965
7,1509,1516,0.15379806791008116
7,1505,1512,0.1538013946229316
7,1518,1525,0.1538045846862222
6,1506,1512,0.15380763833716019
6,1507,1513,0.15381298929098258
6,1509,1515,0.15381805419138414
6,1515,1521,0.15382284483751987
5,1511,1516,0.15382737305592123
7,1530,1537,0.1538340833834483
7,1526,1533,0.15383507819957148
5,1521,1526,0.1538361031345221
5,1523,1528,0.15384197241294395
6,1516,1522,0.15384755654018176
6,1520,1526,0.15385032017569528
6,1520,1526,0.15385298912313736
6,1519,1525,0.1538555602089021
6,1513,1519,0.15385803153998848
6,1502,1508,0.15386040229322742
6,1496,1502,0.15386267253364697
6,1507,1513,0.15386484305818773
5,1513,1518,0.15386691526146212
4,1508,1512,0.1538712913409829
4,1508,1512,0.15387784178952754
4,1501,1505,0.15388400170730368
4,1506,1510,0.15388979284749293
4,1503,1507,0.15389523596211283
4,1507,1511,0.153900350817677
4,1517,1521,0.1539051562158887
3,1521,1524,0.15390967001829176
3,1522,1525,0.15391633858594883
3,1519,1522,0.15392260136279137
3,1527,1530,0.15392848215300198
3,1513,1516,0.1539340034965205
3,1508,1511,0.1539391867165681
3,1511,1514,0.15394405196854943
3,1516,1519,0.1539486182896558
3,1512,1515,0.15395290364861336
2,1495,1497,0.15395692499512456
2,1492,1494,0.1539631404338833
2,1500,1502,0.15396897649190336
2,1510,1512,0.15397445622406425
2,1514,1516,0.15397960129970356
1,1505,1506,0.15398443208376097
1,1507,1508,0.15399126790807946
1,1510,1511,0.15399768843614453
1,1502,1503,0.15400371855298065
1,1514,1515,0.1540093817029382
1,1504,1505,0.15401469996587452
1,1506,1507,0.15401969413036024
1,1500,1501,0.1540243837638596
1,1506,1507,0.15402878727986935
1,1507,1508,0.15403292200202864
1,1513,1514,0.15403680422523489
1,1506,1507,0.1540404492738201
1,1517,1518,0.1540438715568556
1,1520,1521,0.1540470846206646
1,1524,1525,0.1540501011986307
1,1523,1524,0.15405293325839556
1,1516,1517,0.15405559204654462
2,1519,1521,0.1540580881308805
2,1528,1530,0.154057252480635
2,1528,1530,0.15405656444072194
2,1530,1532,0.15405600260666308
2,1515,1517,0.15405554848313888
2,1512,1514,0.15405518609817995
2,1525,1527,0.15405490166804994
2,1529,1531,0.1540546833061795
2,1517,1519,0.15405452077038226
2,1522,1524,0.15405440524333727
2,1522,1524,0.15405432914197886
2,1526,1528,0.15405428595200635
2,1504,1506,0.15405427008422057
2,1507,1509,0.154054276749826
2,1514,1516,0.15405430185221097
1,1514,1515,0.15405434189304462
1,1509,1510,0.15405691739527325
1,1521,1522,0.1540593372239395
1,1510,1511,0.15406161043638164
1,1503,1504,0.15406374561624517
1,1516,1517,0.15406575089015295
1,1529,1530,0.15406763394513948
1,1514,1515,0.154069402046551
1,1519,1520,0.15407106205616702
1,1514,1515,0.1540726204503432
1,1523,1524,0.15407408333801365
1,1517,1518,0.15407545647842377
1,1526,1527,0.15407674529849003
1,1521,1522,0.15407795490970888
2,1512,1514,0.15407909012455281
2,1524,1526,0.1540769775203443
2,1525,1527,0.1540750919371057
2,1535,1537,0.15407340832058103
2,1522,1524,0.1540719044262755
2,1514,1516,0.15407056050165266
2,1508,1510,0.15406935900439536
2,1508,1510,0.15406828435263914
2,1515,1517,0.15406732270355053
2,1514,1516,0.15406646175703326
2,1503,1505,0.1540656905817079
2,1505,1507,0.15406499946063656
2,1509,1511,0.15406437975454707
2,1504,1506,0.15406382378056985
2,1506,1508,0.15406332470472275
2,1513,1515,0.15406287644658162
2,1511,1513,0.15406247359475095
1,1521,1522,0.15406211133190628
1,1513,1514,0.1540642247859547
1,1522,1523,0.15406622191434743
1,1524,1525,0.1540681080370897
1,1516,1517,0.15406988838714214
1,1512,1513,0.15407156808490516
1,1514,1515,0.1540731521181891
1,1504,1505,0.15407464532683948
1,1509,1510,0.15407605239130176
1,1508,1509,0.1540773778245052
1,1515,1516,0.15407862596653296
1,1511,1512,0.15407980098161783
1,1520,1521,0.15408090685706868
1,1521,1522,0.15408194740378744
1,1510,1511,0.1540829262580862
1,1515,1516,0.15408384688455554
1,1519,1520,0.15408471257977138
1,1513,1514,0.15408552647665982
1,1505,1506,0.15408629154936723
1,1518,1519,0.1540870106185048
1,1517,1518,0.15408768635665937
1,1522,1523,0.15408832129407787
1,1535,1536,0.15408891782445033
1,1516,1517,0.15408947821072605
1,1504,1505,0.1540900045909125
1,1500,1501,0.15409049898381297
1,1500,1501,0.1540909632946694
1,1499,1500,0.15409139932068208
1,1513,1514,0.15409180875638515
0,1514,1514,0.15409219319886147
