1361,27,1388,0.1357957860148969
1403,28,1431,0.13296975474717995
1410,30,1440,0.13028085950091475
1421,28,1449,0.12781667012112166
1462,29,1491,0.12554707506562118
1465,29,1494,0.1233664994778069
1452,30,1482,0.12137589377883472
1454,29,1483,0.1195988563511255
1450,30,1480,0.11797954206171352
1446,30,1476,0.1165183721462168
1446,29,1475,0.11519974192299942
1446,31,1477,0.11400064289871172
1445,31,1476,0.11291001324024734
1454,33,1487,0.11191944278307585
1448,32,1480,0.11099851058766515
1452,32,1484,0.11017622368954536
1462,32,1494,0.10941976660672836
1459,31,1490,0.10870751893607718
1474,31,1505,0.10806730013675526
1470,32,1502,0.10744904602534536
1468,31,1499,0.10689497597708558
1462,31,1493,0.10639587332344153
1470,33,1503,0.10595646260493463
1461,32,1493,0.10553923805902574
1451,32,1483,0.10517864083431931
1462,32,1494,0.10487363386671358
1453,30,1483,0.10457224455932515
1474,28,1502,0.1043172692036726
1468,28,1496,0.10403789129770696
1473,27,1500,0.10379754405907421
1462,26,1488,0.10356679122037338
1463,26,1489,0.10338324153370623
1456,27,1483,0.10321241458132815
1462,27,1489,0.10307411715511972
1460,27,1487,0.10293634055235142
1458,27,1485,0.10281616574866378
1454,27,1481,0.1027088798182666
1467,27,1494,0.10262092842418405
1469,28,1497,0.10251196206405261
1471,28,1499,0.10240830975346527
1471,27,1498,0.10230928230487236
1474,26,1500,0.10221945465962765
1483,26,1509,0.10212946098640703
1472,26,1498,0.10202736300513181
1479,26,1505,0.10195771262452254
1479,27,1506,0.10187901199780829
1463,27,1490,0.10180776222564308
1456,27,1483,0.10177914350128131
1460,27,1487,0.1017695684115401
1452,26,1478,0.10174976936779868
1468,29,1497,0.10175166540473217
1472,30,1502,0.10171975297557491
1473,31,1504,0.10168163848313576
1468,32,1500,0.10164599384511576
1461,32,1493,0.10162516031723029
1458,32,1490,0.1016206943938111
1458,31,1489,0.10162388595487794
1455,30,1485,0.10162787147293649
1469,29,1498,0.10163757284093171
1473,30,1503,0.10161254530809394
1474,30,1504,0.10158144086373305
1455,27,1482,0.10154883671328807
1460,28,1488,0.1015624563372046
1472,26,1498,0.10156582747955166
1466,25,1491,0.10154152163977267
1469,26,1495,0.10153203657887946
1473,26,1499,0.10151689537338815
1473,26,1499,0.10149402966879797
1471,25,1496,0.10147270616150929
1470,27,1497,0.10145708816308996
1474,26,1500,0.10144590328768648
1475,24,1499,0.10142586982125817
1467,23,1490,0.10140516996226343
1457,23,1480,0.10140448583787233
1466,24,1490,0.10142668222690082
1457,23,1480,0.10142779316214533
1458,22,1480,0.10144610793880887
1451,22,1473,0.10146099808564908
1461,21,1482,0.1014907746315076
1454,21,1475,0.10149593563144385
1444,20,1464,0.10151601079665258
1458,18,1476,0.10155676405860982
1456,18,1474,0.10156242443202732
1466,18,1484,0.10157308297269037
1462,21,1483,0.10156002254094311
1469,22,1491,0.10155861739892436
1457,23,1480,0.10154065390908532
1459,22,1481,0.10154886912570418
1465,22,1487,0.10155380271798538
1465,21,1486,0.1015455477846178
1465,21,1486,0.1015385341360583
1469,23,1492,0.10153036642399876
1481,23,1504,0.10151393775327186
1496,23,1519,0.10147086834151069
1487,23,1510,0.1013975566248467
1471,23,1494,0.10134998238740821
1475,23,1498,0.10134189015066845
1472,22,1494,0.1013270661403492
1475,21,1496,0.10132115846797354
1488,20,1508,0.10130900820710781
1481,21,1502,0.10126962628360314
1472,22,1494,0.10124882133670018
1464,22,1486,0.10124889423737243
1475,23,1498,0.10126586979989921
1474,21,1495,0.10125701849734163
1477,21,1498,0.10125255788841463
1483,19,1502,0.10124095345480619
1479,18,1497,0.10121695606668886
1482,18,1500,0.1012048505115418
1482,18,1500,0.10118652300786041
1478,18,1496,0.10117047920294496
1478,19,1497,0.10116381913915429
1473,20,1493,0.10115833715498855
1475,21,1496,0.1011654910523664
1486,20,1506,0.10116702407492412
1480,21,1501,0.10114327542851206
1478,22,1500,0.10113544040568714
1476,21,1497,0.10113469055107487
1469,20,1489,0.10113807551380359
1455,21,1476,0.10115745065241086
1454,21,1475,0.10120526641362863
1457,21,1478,0.10124991357852417
1471,20,1491,0.10128525261760102
1469,21,1490,0.1012875797436687
1471,23,1494,0.10129515498956294
1480,25,1505,0.10129534298014052
1470,25,1495,0.10127492623127679
1464,26,1490,0.10127804336320402
1472,27,1499,0.10129485243460387
1471,27,1498,0.10129289440390804
1478,26,1504,0.10129399873737817
1476,26,1502,0.10128044661904763
1480,25,1505,0.10127341457853803
1486,25,1511,0.10125703912355019
1462,24,1486,0.10122951767983868
1467,24,1491,0.10125777147905397
1457,25,1482,0.10127289925164785
1478,24,1502,0.10130728451852292
1480,25,1505,0.10129383585494599
1490,25,1515,0.10127605287374272
1487,24,1511,0.10123637102334553
1480,23,1503,0.10120726808440604
1469,20,1489,0.1011964236952458
1472,20,1492,0.10120978941168036
1472,19,1491,0.10121693029409111
1476,19,1495,0.10122115654069458
1482,18,1500,0.10121500243286002
1467,17,1484,0.10119769012382289
1465,16,1481,0.10121379975829328
1458,17,1475,0.10123378452618051
1457,17,1474,0.10126911402128475
1445,18,1463,0.10130343949109749
1459,18,1477,0.10136154127978347
1457,18,1475,0.10138192420226069
1466,18,1484,0.10140457976747992
1464,18,1482,0.10140437770308651
1480,19,1499,0.10140835346921406
1468,19,1487,0.10137677131263992
1464,19,1483,0.10137418584491907
1465,18,1483,0.10138059256096209
1468,19,1487,0.10138461307190358
1465,19,1484,0.10138050418783624
1467,18,1485,0.1013845977918999
1469,19,1488,0.10138393428699771
1466,20,1486,0.10137877868509014
1478,20,1498,0.10138060827827187
1470,22,1492,0.10135549569902799
1471,26,1497,0.1013506361813583
1476,26,1502,0.1013453514840319
1479,27,1506,0.10133004648372161
1462,28,1490,0.10130933695015386
1461,28,1489,0.10132612109639741
1458,27,1485,0.10134443700825972
1455,27,1482,0.10137005461531468
1447,29,1476,0.10140009946875121
1453,30,1483,0.10144744863110823
1444,31,1475,0.10147696376962013
1439,30,1469,0.10152326986889819
1445,32,1477,0.10157628953237147
1455,32,1487,0.10161210216760092
1459,32,1491,0.10162216241173222
1470,30,1500,0.10162199790319848
1466,29,1495,0.10159806352427062
1470,27,1497,0.10158342905295922
1473,28,1501,0.10156257629814146
1474,30,1504,0.10153856858599791
1468,31,1499,0.10151548551003024
1473,32,1505,0.10150896528915024
1471,34,1505,0.10149240271357378
1466,37,1503,0.10148013205841351
1473,39,1512,0.10148041533623403
1458,39,1497,0.10146612234080088
1457,38,1495,0.10148562429557664
1452,37,1489,0.10150757042738334
1451,37,1488,0.10154014559838681
1450,40,1490,0.1015714194175314
1457,40,1497,0.1016029287960322
1455,40,1495,0.10161627312252815
1458,40,1498,0.10163455589446052
1449,40,1489,0.10164505194751379
1442,41,1483,0.10167318100052142
1443,40,1483,0.10171344413135693
1455,42,1497,0.10175026727124042
1460,43,1503,0.10175642849535588
1444,42,1486,0.10175035479529065
1445,43,1488,0.10178066364583806
1461,42,1503,0.10180771274869321
1459,43,1502,0.10179580468560764
1462,42,1504,0.10178701512327482
1472,43,1515,0.10177255269833668
1455,43,1498,0.10173624797441509
1458,44,1502,0.10174110690871352
1459,44,1503,0.10173780284569672
1453,43,1496,0.10173312139262723
1465,43,1508,0.10174330900094546
1456,44,1500,0.10172702558699079
1445,44,1489,0.10173327683790057
1442,45,1487,0.10176429199218663
1449,44,1493,0.10179995754862946
1470,43,1513,0.10181689447793632
1460,42,1502,0.10178585438409794
1455,42,1497,0.10177918015796603
1458,45,1503,0.10178522337449777
1445,46,1491,0.10178485547289633
1449,46,1495,0.10181210662162178
1436,51,1487,0.10182870537485508
1437,55,1492,0.10187344700063024
1438,56,1494,0.10191332900467795
1428,54,1482,0.10194923645556495
1429,54,1483,0.1020047137522732
1420,55,1475,0.102053416842869
1430,57,1487,0.10211853341640056
1435,57,1492,0.10215855305871692
1434,55,1489,0.10218315168369031
1432,57,1489,0.10220594575384176
1438,58,1496,0.10222976692117662
1436,60,1496,0.10223855320974479
1440,57,1497,0.10225217989269496
1439,56,1495,0.1022556089813299
1442,56,1498,0.10226237454709991
1444,57,1501,0.10226185468876908
1436,61,1497,0.10225632754436034
1435,60,1495,0.10226968559836108
1445,61,1506,0.10228188121154591
1437,59,1496,0.10227189853879735
1427,57,1484,0.10228381065501278
1416,55,1471,0.1023174596412421
1424,55,1479,0.10237143091479206
1420,55,1475,0.10240365106153206
1426,57,1483,0.1024427540207689
1433,59,1492,0.10246399700923091
1433,62,1495,0.10246715924468312
1428,65,1493,0.10247046922527461
1414,66,1480,0.10248728656178845
1429,67,1496,0.10253315125490996
1423,70,1493,0.10254274733687577
1413,73,1486,0.10256496127579005
1415,73,1488,0.10260763974377433
1411,74,1485,0.102642950046981
1423,74,1497,0.10268518049756248
1420,78,1498,0.10269544000755543
1425,77,1502,0.1027118436000725
1420,75,1495,0.1027141238871733
1411,75,1486,0.10272948584000488
1411,77,1488,0.10276313061518834
1404,75,1479,0.10279601154597652
1414,76,1490,0.10284209157843709
1412,78,1490,0.10286167984621232
1426,78,1504,0.10288648414464469
1426,79,1505,0.10287849612069905
1396,80,1476,0.10286994713748059
1407,80,1487,0.1029295731747238
1421,78,1499,0.10295871809201836
1430,81,1511,0.1029539550177751
1414,80,1494,0.10292915776306423
1417,77,1494,0.10294305354333798
1405,81,1486,0.10294923537726657
1404,82,1486,0.10298386536371865
1413,80,1493,0.10301844856311906
1414,84,1498,0.10302975019100363
1415,87,1502,0.10303667764226045
1415,89,1504,0.10304038221635485
1406,89,1495,0.10304523658101657
1410,90,1500,0.10307091749123158
1409,89,1498,0.10308612532170815
1408,88,1496,0.10310404717329927
1405,89,1494,0.1031229746903512
1410,87,1497,0.1031459445491813
1397,91,1488,0.10315716920155495
1407,91,1498,0.10319833726602909
1397,89,1486,0.10321391300741911
1388,92,1480,0.10325039267240595
1402,92,1494,0.103304547179699
1403,92,1495,0.10332174151720107
1401,92,1493,0.1033351235881587
1384,92,1476,0.10335227610252823
1392,89,1481,0.10340540446190136
1397,94,1491,0.10343803264138998
1401,94,1495,0.10345622468550657
1402,95,1497,0.10346214019108867
1412,99,1511,0.1034661144011417
1411,103,1514,0.10344864302465866
1404,102,1506,0.10343481589583653
1406,98,1504,0.10343918663927817
1405,97,1502,0.10343756242520374
1399,97,1496,0.10343873067719624
1407,96,1503,0.10345376244803849
1408,96,1504,0.10344948106267556
1404,94,1498,0.10344261242559412
1395,92,1487,0.10344704974539315
1386,93,1479,0.10347156074451162
1390,93,1483,0.10351331828034929
1382,92,1474,0.10354450514555942
1398,95,1493,0.1035921805997097
1400,96,1496,0.10359919280473917
1398,95,1493,0.10359917676679622
1409,97,1506,0.10360386517833078
1414,95,1509,0.10358594399377738
1409,98,1507,0.10355708669521427
1392,95,1487,0.1035407522494999
1391,92,1483,0.10356495165972612
1390,93,1483,0.10358832751861488
1395,92,1487,0.10361078978277748
1408,91,1499,0.10362114217351731
1415,94,1509,0.10359831582125775
1403,93,1496,0.10356130607202071
1401,96,1497,0.10355257716483271
1395,93,1488,0.10355068989015928
1404,94,1498,0.10356432201594344
1395,96,1491,0.10355834412443315
1390,96,1486,0.10357315415898397
1396,98,1494,0.10359820350925769
1386,100,1486,0.10360991273241651
1390,101,1491,0.10364311191466712
1393,99,1492,0.10366431985900068
1383,99,1482,0.10367806138109853
1382,99,1481,0.10371417212426866
1384,100,1484,0.10374982979312505
1379,105,1484,0.10377748385107202
1379,108,1487,0.10381471184175593
1376,108,1484,0.10384945101619167
1360,107,1467,0.1038903851061101
1372,106,1478,0.10396400607158814
1394,110,1504,0.10400486208031773
1381,108,1489,0.10399239637164329
1387,111,1498,0.1040087941987446
1382,109,1491,0.1040113422001388
1380,110,1490,0.10402547400219443
1380,106,1486,0.10404050698412692
1380,105,1485,0.10405376064931975
1374,104,1478,0.10406844430112953
1373,106,1479,0.10409749061176721
1388,106,1494,0.10412707568370522
1383,107,1490,0.10411771529904666
1391,108,1499,0.10412084697269935
1402,106,1508,0.10410687585083991
1397,109,1506,0.10406797475988178
1392,110,1502,0.10404521450537764
1386,114,1500,0.10403682903458225
1386,117,1503,0.10404389835842341
1391,115,1506,0.10404971030123646
1393,119,1512,0.10404475036346746
1373,118,1491,0.10403667892645144
1375,113,1488,0.10407447663153327
1379,112,1491,0.10410402006080066
1370,112,1482,0.10412310899835964
1370,109,1479,0.10416140023861434
1368,112,1480,0.10419418837501207
1374,109,1483,0.10422955025137469
1400,109,1509,0.10424598916521276
1391,109,1500,0.10420081508235908
1387,108,1495,0.10417895273409294
1387,111,1498,0.104167655281259
1395,110,1505,0.10415752562607132
1391,109,1500,0.10413307502674034
1373,108,1481,0.10412128224876062
1371,109,1480,0.10414952388913878
1371,109,1480,0.10418001261321706
1373,110,1483,0.10420729055347698
1381,111,1492,0.10422805207931236
1383,109,1492,0.10422857302002274
1383,111,1494,0.10422314215866013
1383,109,1492,0.10421792288479771
1386,108,1494,0.10421619188030999
1390,108,1498,0.10420683240099393
1370,108,1478,0.10418995256642637
1367,112,1479,0.10421850751947162
1378,112,1490,0.10425315551676605
1398,111,1509,0.10426041442918209
1388,113,1501,0.10422251621127429
1402,111,1513,0.10420826437785438
1394,114,1508,0.10416370457913278
1400,115,1515,0.10414215651857205
1381,116,1497,0.10410796129475695
1377,114,1491,0.10411917443938475
1376,117,1493,0.10413967434435499
1373,119,1492,0.10416173067544023
1378,118,1496,0.10419005909373395
1382,117,1499,0.10420427862083911
1382,116,1498,0.10421068513270879
1383,116,1499,0.10421707017019813
1384,115,1499,0.10421972549781923
1390,118,1508,0.10421889740499289
1384,118,1502,0.10420430025382409
1377,118,1495,0.10420397191351538
1363,119,1482,0.1042210596603201
1361,121,1482,0.10426755408546079
1377,125,1502,0.10431593005240124
1367,128,1495,0.10432590498434342
1351,124,1475,0.104359152100109
1353,120,1473,0.10442448432227014
1360,120,1480,0.10448222454187761
1367,125,1492,0.10451996616491702
1373,125,1498,0.10453954670782548
1361,123,1484,0.10454426542719147
1353,126,1479,0.10457680109636261
1354,126,1480,0.10462313976337652
1339,128,1467,0.10466318801719425
1338,128,1466,0.10473392487070432
1339,131,1470,0.10480125001051296
1356,128,1484,0.10486271121447453
1358,129,1487,0.10487902926076012
1360,130,1490,0.10488752290846878
1368,129,1497,0.10489170620313222
1365,135,1500,0.10487870784641384
1362,141,1503,0.1048737772806307
1357,138,1495,0.1048762674901686
1357,133,1490,0.10488910924160272
1367,133,1500,0.10489961755443071
1363,135,1498,0.10488587359461406
1361,132,1493,0.1048834531940064
1355,128,1483,0.10488690787396897
1354,128,1482,0.10490426321145384
1358,130,1488,0.10492233148485397
1358,130,1488,0.10493056823907444
1344,134,1478,0.10493985986064064
1366,130,1496,0.10497888798938768
1364,131,1495,0.10496622468698397
1371,134,1505,0.10495902230588051
1368,135,1503,0.1049358629685964
1360,137,1497,0.10492011938172194
1354,143,1497,0.1049250485390899
1357,143,1500,0.10494489552734766
1359,140,1499,0.10495794255326459
1370,141,1511,0.10496721699949246
1357,144,1501,0.10495130409696418
1358,146,1504,0.10496303104286916
1351,142,1493,0.10497168982100595
1352,143,1495,0.10499484021928339
1360,142,1502,0.10501253940719436
1345,145,1490,0.10501315697438589
1328,145,1473,0.10504458446462962
1332,144,1476,0.10511308319199701
1330,141,1471,0.10516842823072516
1348,146,1494,0.10522363073080218
1368,145,1513,0.10523391215563609
1354,146,1500,0.10519751146251681
1351,153,1504,0.10519720424645772
1361,154,1515,0.10520582724321934
1358,152,1510,0.10519174520006129
1353,151,1504,0.10518590267117693
1348,156,1504,0.10519254525957016
1340,151,1491,0.10521030007382061
1329,154,1483,0.10524524441913558
1324,148,1472,0.10530301400457205
1331,155,1486,0.10536740861821438
1350,149,1499,0.10540893034598849
1342,147,1489,0.10540495745340367
1343,147,1490,0.10541893267726309
1347,145,1492,0.10542481470173241
1354,150,1504,0.10542212297680859
1341,151,1492,0.1054043803709209
1342,151,1493,0.10541682243867562
1334,145,1479,0.10542644938634797
1333,145,1478,0.1054548764361482
1345,150,1495,0.1054811150836191
1342,151,1493,0.10548035705488075
1341,154,1495,0.10548876254661785
1337,153,1490,0.10549988458679689
1330,161,1491,0.10551928336525794
1337,164,1501,0.10555518044674976
1340,160,1500,0.10557229326946416
1336,162,1498,0.10558220474545264
1335,164,1499,0.10560146139475184
1330,163,1493,0.10562219552668413
1336,164,1500,0.10565304027267362
1322,164,1486,0.10566762753461123
1312,164,1476,0.10571108981416578
1318,171,1489,0.10577395886658422
1307,167,1474,0.10581999094273804
1317,166,1483,0.10588611678854841
1300,169,1469,0.10592379742047439
1308,173,1481,0.10599598364796797
1319,183,1502,0.10604612316565579
1314,184,1498,0.10606894937060286
1317,184,1501,0.1061029195007729
1316,184,1500,0.10612789580240158
1318,177,1495,0.1061534505387897
1298,180,1478,0.1061728096668109
1307,179,1486,0.10623489297209893
1298,183,1481,0.10627258711319033
1300,186,1486,0.10632702683739673
1292,187,1479,0.10637443475712964
1303,190,1493,0.10643761968311917
1287,190,1477,0.10647071116581508
1291,186,1477,0.10653684059384584
1297,185,1482,0.1065905326348259
1282,185,1467,0.10662678214183405
1303,184,1487,0.10669442813987767
1305,184,1489,0.10670627075333469
1320,177,1497,0.1067138582188027
1324,186,1510,0.10668439460917982
1320,187,1507,0.10664840019623181
1313,186,1499,0.10662530436865253
1305,180,1485,0.10661967827182604
1302,182,1484,0.10663401399472193
1307,189,1496,0.10665537783435727
1315,189,1504,0.10666428360923036
1331,189,1520,0.1066560251434559
1312,187,1499,0.10661369029623863
1303,181,1484,0.10661503642464058
1317,182,1499,0.10663752202356601
1318,179,1497,0.10662336108317177
1311,185,1496,0.10660725041469953
1310,186,1496,0.10660852219175514
1308,186,1494,0.10661385761710541
1301,188,1489,0.10662457090012505
1309,195,1504,0.10664854668360238
1318,191,1509,0.10665389923230582
1313,186,1499,0.10663803585226696
1302,186,1488,0.1066338655727195
1309,187,1496,0.10665517403088114
1307,188,1495,0.10665907736322167
1307,185,1492,0.10666986668097303
1302,191,1493,0.10668075246935516
1327,186,1513,0.10670346697193551
1321,183,1504,0.10666630803987359
1309,182,1491,0.10664369757704567
1309,184,1493,0.1066495086716294
1315,183,1498,0.10665658609876416
1307,179,1486,0.1066482481394765
1318,182,1500,0.10666014337999197
1324,187,1511,0.1066455237308174
1324,188,1512,0.1066172559972201
1326,186,1512,0.1065924860813194
1323,187,1510,0.10656472339934156
1310,184,1494,0.10654443854535466
1305,183,1488,0.10655471854641238
1303,187,1490,0.1065761196986945
1317,188,1505,0.10659996523189154
1318,185,1503,0.10658890246531005
1316,187,1503,0.1065777769854492
1327,188,1515,0.10657250307346439
1312,193,1505,0.10654287782297917
1312,194,1506,0.10655026968208098
1313,194,1507,0.10655786926268951
1302,196,1498,0.10656297278579703
1303,197,1500,0.10659315720831702
1304,198,1502,0.10662074787382142
1304,197,1501,0.10664403201171256
1293,195,1488,0.10666399654588173
1294,193,1487,0.10670509425465788
1295,197,1492,0.10674257837245231
1299,204,1503,0.10677402726906117
1291,204,1495,0.10679521093842162
1286,205,1491,0.10683353586101499
1286,203,1489,0.10688237496686266
1280,210,1490,0.10692882883869632
1284,209,1493,0.10698578460871204
1293,207,1500,0.10703062097772427
1291,205,1496,0.10704985631860843
1295,205,1500,0.10707141056797045
1306,205,1511,0.10708189355722615
1294,209,1503,0.10706899065039227
1285,209,1494,0.10708299307788914
1299,206,1505,0.1071163681093387
1290,213,1503,0.10711792516360089
1285,212,1497,0.10714021517071182
1285,215,1500,0.10717200769517307
1288,209,1497,0.1072018273937896
1296,206,1502,0.10722225856318907
1287,211,1498,0.10722324169307418
1289,208,1497,0.10724627065388205
1288,207,1495,0.10726052003901185
1293,210,1503,0.10727663873329699
1303,209,1512,0.10727951177553266
1295,210,1505,0.10725994666419175
1300,209,1509,0.1072602151462478
1292,203,1495,0.10724934615396867
1293,204,1497,0.10725804073403043
1289,209,1498,0.10726220020450336
1280,205,1485,0.10727605833239356
1270,205,1475,0.1073112265025759
1281,204,1485,0.10736619554803849
1299,207,1506,0.10738983901867566
1287,207,1494,0.10736877264977165
1288,210,1498,0.10737653255473631
1295,215,1510,0.10738387398473105
1290,220,1510,0.10737669591500104
1290,222,1512,0.10738361934665082
1284,224,1508,0.10739010318624509
1276,221,1497,0.10740929571585253
1287,221,1508,0.10744657099581674
1285,220,1505,0.10745505419762985
1287,216,1503,0.1074674305800821
1287,216,1503,0.1074765553838284
1288,219,1507,0.10748470982491476
1289,214,1503,0.10748934127782464
1282,216,1498,0.10749298041970015
1278,223,1501,0.10751256892972517
1281,226,1507,0.1075411296691662
1270,225,1495,0.10756220262880026
1263,218,1481,0.10760701407490693
1270,217,1487,0.10766520887160064
1272,221,1493,0.10770175431927367
1285,218,1503,0.10772955278048499
1292,222,1514,0.10772666010716599
1283,218,1501,0.10770914534274717
1269,221,1490,0.107713681758575
1269,219,1488,0.10774667130550418
1257,220,1477,0.10777746824299421
1261,221,1482,0.10783214416706681
1258,217,1475,0.10787507225658258
1260,220,1480,0.10792094468931054
1259,224,1483,0.10795710273031327
1259,224,1483,0.10799220104772289
1252,229,1481,0.10802480423299542
1258,217,1475,0.10807202616799237
1244,220,1464,0.10810343182250975
1257,225,1482,0.10816450320186385
1256,227,1483,0.10819264764710222
1255,231,1486,0.10821900118837967
1259,234,1493,0.10824590869534921
1264,234,1498,0.10826174452780292
1252,232,1484,0.10826593990067458
1267,233,1500,0.10829677397457153
1274,229,1503,0.10829018063990606
1292,228,1520,0.10826875518946512
1289,228,1517,0.10820473258087565
1270,226,1496,0.10815519747278053
1264,225,1489,0.10815296128696651
1264,230,1494,0.10816592712315877
1278,228,1506,0.10817853325664138
1277,229,1506,0.10815781124839276
1279,232,1511,0.10814162075118393
1275,233,1508,0.10812333972606947
1270,228,1498,0.10811416095259091
1262,233,1495,0.10811676216429542
1273,229,1502,0.10813824349993398
1269,233,1502,0.10813386188067842
1259,239,1498,0.1081406534889049
1254,230,1484,0.10816862075553578
1265,229,1494,0.1082058386143852
1250,240,1490,0.10821713380553305
1250,245,1495,0.10826194676134016
1245,240,1485,0.10830590236001138
1250,246,1496,0.10835827295609338
1259,241,1500,0.10839531573923271
1254,247,1501,0.10840790132050601
1255,248,1503,0.10843114825661118
1248,246,1494,0.10845139349693894
1234,247,1481,0.1084863562767428
1237,246,1483,0.10854952067697116
1241,244,1485,0.1086027934635844
1238,245,1483,0.10864161811461631
1248,246,1494,0.1086840975880741
1237,254,1491,0.10869952323952493
1242,250,1492,0.10873549290536914
1246,252,1498,0.10875901077659435
1243,252,1495,0.10877244856806141
1242,255,1497,0.1087947915187634
1243,256,1499,0.10881712740782444
1241,258,1499,0.10883406332212738
1241,259,1500,0.10885324877977906
1232,260,1492,0.10887127430695877
1230,260,1490,0.10890964205603128
1224,260,1484,0.1089523486004274
1232,261,1493,0.10900526081868765
1226,258,1484,0.10903269801906021
1230,254,1484,0.1090702667976641
1235,256,1491,0.10909708534052771
1217,256,1473,0.10911074257591814
1206,257,1463,0.10916461058727364
1221,261,1482,0.10924114568964935
1217,270,1487,0.10927812648372001
1216,272,1488,0.10932295167361566
1225,273,1498,0.10936670893126514
1222,275,1497,0.10938692490244602
1212,272,1484,0.10941398151561295
1217,269,1486,0.10946086687834729
1223,270,1493,0.10949353281893803
1214,275,1489,0.10950969424527905
1208,275,1483,0.1095446468700285
1204,278,1482,0.10959044500599963
1205,276,1481,0.10964151064800892
1205,275,1480,0.10968691803024186
1206,287,1493,0.10972832177843106
1199,283,1482,0.10976593425244119
1203,286,1489,0.10981743375700503
1214,281,1495,0.10985491976020588
1202,282,1484,0.10986612372696791
1198,279,1477,0.10990424962938838
1197,285,1482,0.10994713776725656
1200,285,1485,0.10998969606799001
1204,289,1493,0.11002305079664175
1201,292,1493,0.1100431746096619
1201,293,1494,0.11006840905715183
1212,293,1505,0.11009246437449363
1203,291,1494,0.11008848681672437
1185,292,1477,0.11010681189154074
1179,291,1470,0.11016657009796163
1199,291,1490,0.11023722536329741
1201,289,1490,0.11025442996621752
1206,281,1487,0.11026679186453496
1209,283,1492,0.11026726355215764
1200,279,1479,0.11025958184926449
1209,284,1493,0.1102738897602676
1204,289,1493,0.11026489641732322
1200,288,1488,0.1102705547417935
1191,290,1481,0.11028388020293992
1199,294,1493,0.11031651144330118
1199,290,1489,0.11032449615084922
1205,291,1496,0.11033474626390609
1206,285,1491,0.11033330810195716
1219,283,1502,0.11033069680475553
1210,281,1491,0.11029587757253323
1200,280,1480,0.11028558700681274
1205,282,1487,0.11029559787357926
1214,281,1495,0.11029388722824919
1223,277,1500,0.11026912795862927
1231,284,1515,0.11022635474623627
1224,292,1516,0.11016726049858556
1218,286,1504,0.11012911372764947
1219,291,1510,0.11010844551210976
1215,284,1499,0.11009021461069919
1208,280,1488,0.11008349597602757
1194,280,1474,0.11009472879981973
1195,287,1482,0.11013599307517065
1202,290,1492,0.1101722552822184
1208,284,1492,0.11018732056277063
1202,286,1488,0.11018910028432011
1202,289,1491,0.11020359721446744
1206,298,1504,0.11021671007433943
1207,301,1508,0.11021928951823981
1210,301,1511,0.11022025057900038
1191,296,1487,0.11021496426124061
1191,293,1484,0.11025563396391551
1206,292,1498,0.11029301292051949
1212,298,1510,0.11029270450954426
1208,300,1508,0.1102786142271851
1209,297,1506,0.11027523536401723
1214,291,1505,0.11027252673316754
1212,288,1500,0.11025801217849664
1200,291,1491,0.11024803568743487
1207,295,1502,0.11026647080429741
1209,300,1509,0.11026856842245113
1210,297,1507,0.1102641782645129
1201,299,1500,0.11025698152265229
1195,301,1496,0.11026902136059225
1187,301,1488,0.11029647248084679
1191,302,1493,0.1103428731770731
1180,301,1481,0.11037788341283583
1206,306,1512,0.11043478711553954
1198,308,1506,0.11042675713469868
1200,310,1510,0.11043983339412865
1195,307,1502,0.11044641944161601
1204,313,1517,0.11046172554675242
1200,314,1514,0.11045776701675537
1190,315,1505,0.11046498267837325
1196,311,1507,0.11049583183449231
1198,306,1504,0.11051060277457246
1192,310,1502,0.11052003590837156
1183,319,1502,0.11054244901746096
1181,317,1498,0.1105837494027638
1179,316,1495,0.11062604217917894
1168,314,1482,0.11066983160074258
1173,316,1489,0.11073802786888887
1176,314,1490,0.11079026526928377
1172,318,1490,0.1108293206229704
1167,311,1478,0.1108732063720427
1172,320,1492,0.11092628091425741
1166,325,1491,0.11096260291369227
1159,321,1480,0.11101015958654535
1162,330,1492,0.11107024088131459
1176,323,1499,0.11111774016423887
1181,327,1508,0.11113278737602185
1169,331,1500,0.11113469843950545
1168,333,1501,0.11116314644535538
1166,329,1495,0.11119169349991985
1165,334,1499,0.11122546853076191
1182,337,1519,0.1112572165522419
1175,338,1513,0.11124925486724795
1168,337,1505,0.11125896933542818
1160,333,1493,0.11128364184845246
1170,328,1498,0.1113253816319051
1179,326,1505,0.11134049214444916
1163,330,1493,0.11133178276811202
1161,327,1488,0.11136203614281837
1157,329,1486,0.11139569844617796
1155,329,1484,0.11143556824932815
1159,320,1479,0.11147693969083218
1162,318,1480,0.11150653212668797
1170,320,1490,0.11152444304098239
1168,323,1491,0.11152342629578975
1178,320,1498,0.11152655219604814
1173,319,1492,0.11150587046880563
1180,325,1505,0.11149918428358281
1184,320,1504,0.11147583595895381
1188,319,1507,0.1114460483278004
1183,329,1512,0.11140810463925309
1178,331,1509,0.11138475930767669
1171,330,1501,0.1113742009077101
1167,330,1497,0.11138399740061036
1166,331,1497,0.11140269660589949
1169,328,1497,0.11142148717263758
1163,328,1491,0.11143485781500463
1160,327,1487,0.111462837856225
1156,327,1483,0.11149581365529528
1165,327,1492,0.11153435778326157
1169,329,1498,0.11154925941506093
1166,333,1499,0.11155384984905252
1161,329,1490,0.11156363417833867
1156,339,1495,0.11158335804393356
1154,340,1494,0.11161314469262607
1154,337,1491,0.1116459689846358
1153,337,1490,0.11167819320084128
1154,341,1495,0.11171068518688063
1151,343,1494,0.11173841871549041
1160,339,1499,0.11176772469566133
1176,340,1516,0.1117753129189743
1175,337,1512,0.1117478886855342
1173,336,1509,0.11172322055919698
1170,331,1501,0.11170517636205993
1151,327,1478,0.1116953888059982
1156,333,1489,0.11172897258936071
1172,331,1503,0.11174742698039386
1179,335,1514,0.1117299069691921
1178,338,1516,0.11170067221284119
1165,343,1508,0.1116756145472731
1163,341,1504,0.11168376205326357
1163,345,1508,0.11169475132326871
1151,351,1502,0.11170257130201781
1153,351,1504,0.11173780318515605
1139,355,1494,0.11176639592975844
1155,359,1514,0.11182426710591624
1155,353,1508,0.11184126699848637
1140,352,1492,0.11185462943405987
1150,359,1509,0.11190082437246465
1149,357,1506,0.111922175467259
1154,355,1509,0.11194484312732399
1161,351,1512,0.11195580238343522
1156,351,1507,0.11195093353586794
1158,350,1508,0.1119580667928092
1158,347,1505,0.11196169103610634
1157,354,1511,0.11196616418346682
1154,362,1516,0.1119711467194216
1158,365,1523,0.1119826172563949
1152,367,1519,0.11198494628105028
1151,362,1513,0.11200083839530386
1143,367,1510,0.11201810812016343
1152,370,1522,0.11205333594337237
1148,373,1521,0.11206759998455229
1135,378,1513,0.11209230102954723
1131,374,1505,0.11214555184058739
1125,372,1497,0.11220191595975618
1130,374,1504,0.11226937536922885
1129,375,1504,0.11232003030707399
1118,370,1488,0.11236828395433761
1125,374,1499,0.11244038158863595
1123,375,1498,0.11248977854144152
1125,377,1502,0.11254083715000773
1116,375,1491,0.11258198382921758
1123,381,1504,0.11264017231332608
1115,381,1496,0.11267686156350046
1114,379,1493,0.11272932200500653
1111,377,1488,0.11277857031542114
1105,379,1484,0.11283350360854977
1117,382,1499,0.11289884669632237
1112,382,1494,0.11293149068542563
1102,383,1485,0.11297406062172166
1104,386,1490,0.11303335920245897
1100,390,1490,0.11308609326028617
1103,390,1493,0.113145713887287
1111,388,1499,0.1131911060230804
1114,393,1507,0.11321553100351398
1123,390,1513,0.11323124072049838
1112,392,1504,0.113226069175644
1102,390,1492,0.11324689431778204
1094,393,1487,0.11328888470505552
1085,391,1476,0.11334643928689082
1093,393,1486,0.11342131802528112
1098,395,1493,0.11347034753852155
1087,393,1480,0.11350641026072118
1086,400,1486,0.11356596807235707
1088,401,1489,0.11362298548256725
1088,399,1487,0.11367258316499365
1092,400,1492,0.11371844416178653
1095,399,1494,0.11375280203510464
1112,396,1508,0.11377617727307801
1122,395,1517,0.11375795105004126
1109,388,1497,0.11371686528100775
1109,390,1499,0.11370738872900794
1112,392,1504,0.1136997380360102
1107,390,1497,0.11368741897963225
1104,391,1495,0.11369011053552552
1099,394,1493,0.11369987011425774
1100,391,1491,0.11372068051505023
1103,394,1497,0.11373714358207748
1094,399,1493,0.11374751632291462
1095,406,1501,0.11377878887764384
1079,410,1489,0.11380717884682316
1080,411,1491,0.1138670567887192
1075,404,1479,0.11392244576402849
1092,411,1503,0.11398190217682284
1076,412,1488,0.11399802615360663
1080,410,1490,0.11404915147083036
1086,413,1499,0.11408798318364076
1087,409,1496,0.11410978762477175
1088,401,1489,0.11412679282186272
1081,399,1480,0.11414049066502478
1094,405,1499,0.11416946114681967
1099,408,1507,0.11416624073787174
1100,412,1512,0.11415056455272243
1099,408,1507,0.1141357686418189
1098,401,1499,0.1141230635796344
1087,394,1481,0.1141112094716949
1083,392,1475,0.11412525760404715
1094,397,1491,0.11414692729816757
1092,403,1495,0.11414241402624087
1096,414,1510,0.11414524830725598
1099,416,1515,0.11414058340593894
1096,409,1505,0.1141308724198662
1082,412,1494,0.11412872727699931
1080,406,1486,0.11415527776319641
1083,406,1489,0.11418607218174232
1078,403,1481,0.11420815724341972
1073,422,1495,0.11424004687648599
1081,412,1493,0.11428165856886219
1071,416,1487,0.11430303267119356
1071,419,1490,0.1143455350635376
1072,410,1482,0.11438786564209107
1075,419,1494,0.11442513836209917
1081,419,1500,0.11445395715876881
1068,429,1497,0.11446728947455025
1070,425,1495,0.11450938956241398
1077,414,1491,0.11454256660865884
1071,413,1484,0.11455788806031458
1072,417,1489,0.11458558263021339
1075,422,1497,0.11460928313659494
1087,428,1515,0.11462335313115302
1075,429,1504,0.11460755852236716
1065,431,1496,0.11462148408075507
1068,431,1499,0.11465854502469729
1064,430,1494,0.11468475843525841
1072,433,1505,0.11471899404882194
1061,438,1499,0.11473252867974586
1062,424,1486,0.1147709696264447
1074,430,1504,0.11480211798401253
1074,433,1507,0.1148046661955312
1072,433,1505,0.11480595633307975
1058,429,1487,0.1148127248332073
1049,427,1476,0.11485290293147997
1062,423,1485,0.11491072018236069
1052,427,1479,0.11493514932906461
1062,424,1486,0.1149790798026148
1059,425,1484,0.11499524828879433
1058,430,1488,0.11501887484885488
1078,431,1509,0.11504195676892502
1063,426,1489,0.11501753854123577
1056,428,1484,0.11502950141851695
1064,436,1500,0.11505894391913721
1068,441,1509,0.11507000861450405
1052,440,1492,0.11507256695037031
1046,450,1496,0.11511386408035104
1043,447,1490,0.11516512804296206
1037,448,1485,0.11521931637801743
1061,439,1500,0.1152824401982053
1065,452,1517,0.1152868535199023
1066,453,1519,0.11528233878662729
1056,452,1508,0.11527397905903472
1055,447,1502,0.11528975828586355
1053,449,1502,0.11530735636385848
1046,449,1495,0.1153266642329126
1042,450,1492,0.11536118086544356
1044,453,1497,0.11540531738781161
1035,445,1480,0.11544108780744629
1045,453,1498,0.11549346508312099
1039,458,1497,0.11551970392306585
1035,461,1496,0.11555821691222032
1032,464,1496,0.1156024425255643
1033,459,1492,0.1156520083163924
1035,453,1488,0.11569571546821761
1022,457,1479,0.11573159749062628
1016,461,1477,0.11579424727730458
1028,458,1486,0.11586482553822826
1044,459,1503,0.11590257649554558
1043,460,1503,0.11590226204997439
1051,465,1516,0.11590206093425572
1038,463,1501,0.11588294987353823
1038,465,1503,0.11589663759391584
1035,468,1503,0.11591074964633824
1023,473,1496,0.1159306029648104
1029,470,1499,0.11597807462126258
1017,471,1488,0.11601045218903121
1009,477,1486,0.11606995434756685
1005,484,1489,0.11614432655324017
1009,488,1497,0.11621772849545646
1001,492,1493,0.11628005883579362
1016,497,1513,0.11635878371067303
1003,497,1500,0.11639875325969616
993,496,1489,0.11646510064846825
989,493,1482,0.11655094446863508
982,500,1482,0.11663776568450743
981,499,1480,0.11673294103751923
984,506,1490,0.11682656585217878
991,508,1499,0.11690906453277035
989,513,1502,0.1169721360201984
984,523,1507,0.117033397832583
994,520,1514,0.11710377623413469
987,525,1512,0.117147430690273
994,527,1521,0.11720404288891459
985,527,1512,0.11724197646054936
982,534,1516,0.11730029843687148
984,529,1513,0.1173585456424614
977,531,1508,0.11740804809643848
976,518,1494,0.1174718382605688
974,525,1499,0.11753196126448083
973,530,1503,0.11759352639866438
976,531,1507,0.11765457045076409
979,528,1507,0.11770548770042968
982,532,1514,0.11774605322272891
969,529,1498,0.11777797139538361
988,535,1523,0.1178388981781312
975,524,1499,0.11784487850091527
977,527,1504,0.1178832272914131
964,526,1490,0.1179128695354721
952,531,1483,0.11797244581479627
955,532,1487,0.11805396881680136
950,536,1486,0.11812585760653245
955,538,1493,0.11820317197562909
957,543,1500,0.11826558119039346
953,535,1488,0.11831979613108867
957,535,1492,0.11837870464982825
954,541,1495,0.11842310334414867
969,541,1510,0.118470259472738
973,536,1509,0.11847846083000438
981,529,1510,0.11847391882391144
982,542,1524,0.11845332879550813
967,540,1507,0.11843456171393521
967,538,1505,0.11845279139663027
971,531,1502,0.11847211267080983
961,537,1498,0.1184799138701921
966,534,1500,0.11850921876962225
960,535,1495,0.11852332456943848
966,542,1508,0.11854782163446423
969,544,1513,0.11855665257005384
969,540,1509,0.11856059485714429
956,548,1504,0.11856585751479674
958,549,1507,0.11860336050956692
967,548,1515,0.11863523552905987
968,548,1516,0.11864407943823231
969,550,1519,0.11865090440360035
953,551,1504,0.1186551760738444
947,549,1496,0.11869486052109451
942,556,1498,0.11874817023451234
942,556,1498,0.11880938792099027
942,558,1500,0.11886688874690851
945,566,1511,0.11891894343595798
938,568,1506,0.11896012567131908
938,564,1502,0.11901569780992848
939,565,1504,0.1190695925384436
947,568,1515,0.11911596040819744
943,567,1510,0.11914269798973709
944,567,1511,0.11917847187185884
942,577,1519,0.11921141106892678
941,575,1516,0.11924448020125344
938,573,1511,0.11927979356026837
936,575,1511,0.11932224301393064
928,571,1499,0.11936552002271668
933,571,1504,0.1194250800637995
939,571,1510,0.11946632008141275
936,576,1512,0.11948861108015024
932,576,1508,0.11951571566484795
934,581,1515,0.1195514301363656
922,580,1502,0.11958034770878374
927,577,1504,0.11963474065377465
923,578,1501,0.1196765478401678
917,584,1501,0.11972362593421287
915,586,1501,0.11978308529050516
911,586,1497,0.11984435258253454
914,594,1508,0.11991079146930032
920,587,1507,0.11996688471467568
910,595,1505,0.12000352685710065
914,596,1510,0.12005939122789347
905,594,1499,0.12010063480765157
913,595,1508,0.12015910982445574
920,592,1512,0.12019409678631433
910,593,1503,0.1202126145769299
903,590,1493,0.12025301983141137
904,599,1503,0.12030673884168486
908,606,1514,0.12035416849118658
896,604,1500,0.12038758963644108
886,613,1499,0.12044701890678844
892,603,1495,0.12052825697467145
886,603,1489,0.1205892993814278
882,612,1494,0.12066063645629604
885,613,1498,0.12073218244303284
880,613,1493,0.1207920140215226
896,624,1520,0.12086034352602319
894,627,1521,0.12088807603475356
901,632,1533,0.12091667626972732
896,631,1527,0.12092961744311424
899,624,1523,0.12095299439661346
896,620,1516,0.12096776492305429
880,612,1492,0.12098976950786579
871,615,1486,0.12104663210137329
875,624,1499,0.12112165614308422
879,631,1510,0.12118160972177262
887,633,1520,0.1212307619051272
883,631,1514,0.12125873735433572
890,640,1530,0.12129636832987378
880,638,1518,0.12131429865106924
876,628,1504,0.121353942693505
874,627,1501,0.12140117251961718
866,634,1500,0.12145027552279256
866,644,1510,0.12151701913230285
859,647,1506,0.12157724309250621
849,647,1496,0.12165023793857856
840,658,1498,0.12174160824150125
843,647,1490,0.12184767453604177
836,657,1493,0.12193986650430841
835,643,1478,0.12204160867621944
844,643,1487,0.1221395495344914
839,651,1490,0.12220682524335466
842,647,1489,0.12228060704901088
830,651,1481,0.12234031777331474
836,655,1491,0.12242585754235517
845,659,1504,0.12249310553135712
836,656,1492,0.12253422468407776
837,643,1480,0.12259496830956192
840,656,1496,0.12264951276011157
841,672,1513,0.12269379590441637
841,676,1517,0.1227332858346254
828,676,1504,0.12276970216231846
829,671,1500,0.12283354092853958
827,679,1506,0.12289302568825952
828,675,1503,0.12295245019589583
828,673,1501,0.12300405042051196
833,674,1507,0.12305094830365945
827,675,1502,0.12308206284647463
828,671,1499,0.12312619193460451
829,685,1514,0.12316526306550075
819,680,1499,0.12320087514496147
821,686,1507,0.12325877601417094
819,685,1504,0.12330809758655238
822,691,1513,0.12335813368829512
827,694,1521,0.12339853207629005
812,687,1499,0.1234259752049866
812,690,1502,0.12348729288831901
799,685,1484,0.12354460806061886
806,680,1486,0.12362565443771338
814,686,1500,0.12368463386332695
827,691,1518,0.12371596213428589
825,691,1516,0.12371560315262876
824,690,1514,0.12372116619128665
827,685,1512,0.12373066700370064
834,685,1519,0.12373101778899037
831,691,1522,0.12371714333647184
819,691,1510,0.12371307973952944
811,694,1505,0.12373788805416285
807,694,1501,0.1237818037456213
797,700,1497,0.12383330487448767
796,700,1496,0.12390359730918586
794,691,1485,0.12397102476046794
798,704,1502,0.12403655693530358
804,705,1509,0.12408872930896805
794,712,1506,0.12412244154638657
802,710,1512,0.12417762970810234
805,715,1520,0.12420808440496653
803,717,1520,0.1242311672240302
801,707,1508,0.12425978160378919
809,704,1513,0.12429000046822186
811,707,1518,0.12430102255433038
807,708,1515,0.12430868526220504
800,702,1502,0.12432481195929658
803,716,1519,0.12435526357465995
799,707,1506,0.12437563048692139
798,700,1498,0.12440342126546676
803,691,1494,0.124433001581215
807,697,1504,0.12444675789849882
800,700,1500,0.1244467951720495
799,696,1495,0.12446428179851403
796,707,1503,0.12448303123099468
790,706,1496,0.12450809489903612
798,703,1501,0.12454468539948187
793,710,1503,0.12456083661640119
791,720,1511,0.12458601267941923
804,721,1525,0.12461389717174345
802,712,1514,0.12461021160032866
807,703,1510,0.12461417164638912
803,710,1513,0.12460732172020456
799,708,1507,0.12461076727073138
793,709,1502,0.12462450178063002
789,709,1498,0.12465093105248823
795,714,1509,0.12468664672590833
796,717,1513,0.12470662927136462
795,718,1513,0.12472246457041436
795,718,1513,0.12474058233554826
784,703,1487,0.12475783075835647
783,704,1487,0.12479904870862363
783,710,1493,0.12483869586411223
784,713,1497,0.12487342570992517
786,712,1498,0.12490104479182942
796,721,1517,0.12492153546836272
785,717,1502,0.12491830807138622
775,713,1488,0.12494269489475508
781,718,1499,0.12498804164091389
785,714,1499,0.1250174744852302
777,708,1485,0.12503695302081502
774,721,1495,0.12507443936683502
778,710,1488,0.12511250923446465
786,717,1503,0.12514003853785818
778,717,1495,0.12514449513198542
786,720,1506,0.12516553029166982
786,709,1495,0.1251674741041264
788,711,1499,0.12517018672622016
790,721,1511,0.12516642169910014
785,721,1506,0.12515779628491874
789,726,1515,0.12516374604945565
802,727,1529,0.12515872975014378
797,724,1521,0.1251255152836934
793,714,1507,0.12510420265240912
796,718,1514,0.12509210061227719
797,719,1516,0.12507342889292938
803,718,1521,0.12505403039665325
798,720,1518,0.12502229950971255
792,721,1513,0.1250065896003656
796,716,1512,0.1250069368572882
800,728,1528,0.12499853112712367
788,716,1504,0.12498061594119335
792,720,1512,0.12499205779695474
788,716,1504,0.12499482276299599
790,718,1508,0.12500779301773796
796,713,1509,0.1250129135042428
782,717,1499,0.1250022528924013
782,721,1503,0.12502427424521104
790,724,1514,0.1250460106288693
788,719,1507,0.12504767392102817
784,716,1500,0.12505427309070616
778,711,1489,0.12506878157417448
787,715,1502,0.1250930471108832
794,718,1512,0.12509425620900053
791,718,1509,0.12507965982609756
793,718,1511,0.12507370190151643
790,717,1507,0.12506506597899317
790,711,1501,0.12506341375218072
790,712,1502,0.12505916526425484
792,709,1501,0.12505703225206732
793,702,1495,0.12504728063691406
793,706,1499,0.1250342826910609
794,713,1507,0.1250206431288524
793,703,1496,0.12500875689034227
801,719,1520,0.12499971312492027
789,722,1511,0.12497349910654204
791,721,1512,0.12497907845037037
788,724,1512,0.12498073544575616
790,717,1507,0.12498395191614636
781,721,1502,0.12498249352929289
776,715,1491,0.1250059074133473
772,721,1493,0.1250418749778964
770,726,1496,0.1250849523667793
770,729,1499,0.1251307373788362
771,741,1512,0.1251730880914754
765,743,1508,0.12521030731412341
773,738,1511,0.1252603355335381
767,740,1507,0.12528754718682694
759,737,1496,0.1253263788408234
758,741,1499,0.12538286415476382
756,738,1494,0.12543802859310837
761,741,1502,0.12549361423409786
752,736,1488,0.12553472476499167
758,736,1494,0.1255943738666244
760,739,1499,0.12563480262899693
755,740,1495,0.12566694652807
757,741,1498,0.12570929871065306
753,745,1498,0.12574304631009586
762,750,1512,0.1257855976193804
762,746,1508,0.12580234169890234
746,753,1499,0.1258170609866131
742,753,1495,0.12587072342222907
742,761,1503,0.12592967726755802
744,760,1504,0.12598397279486556
738,769,1507,0.12603106885783558
743,762,1505,0.1260890034183478
741,763,1504,0.1261311195315015
734,768,1502,0.12617583921644543
727,770,1497,0.1262326376164072
734,769,1503,0.12630056711742632
737,768,1505,0.12634749459638084
734,758,1492,0.12638371893570174
738,750,1488,0.12642176093499705
746,757,1503,0.12644773576137425
746,760,1506,0.12645345512899056
745,757,1502,0.12646109014527976
755,765,1520,0.12646973516583146
749,756,1505,0.12645196844036538
736,754,1490,0.12645034947688372
732,764,1496,0.12647947529674114
730,771,1501,0.12651780264851556
728,768,1496,0.1265580197215181
740,768,1508,0.12660159173753463
741,764,1505,0.12661627174626447
739,764,1503,0.12662718913000723
743,767,1510,0.12663795120255192
734,774,1508,0.12664043756488794
736,765,1501,0.1266665215038186
736,769,1505,0.12668640208928456
739,764,1503,0.12670716539833055
738,771,1509,0.12671817014978234
738,769,1507,0.12673000924773675
738,765,1503,0.1267403406085788
736,775,1511,0.12675101905489172
739,776,1515,0.1267683926561231
729,777,1506,0.12677775888648457
736,776,1512,0.12681090444882023
742,785,1527,0.12682426080295778
735,777,1512,0.1268256571184341
730,772,1502,0.12684367299062838
729,778,1507,0.12687127903791318
736,777,1513,0.12689848340505303
730,779,1509,0.12690922316324385
725,781,1506,0.12693270594931302
728,779,1507,0.12696589225280003
734,774,1508,0.12698940113012386
735,781,1516,0.12699671114741964
731,778,1509,0.12700270095234795
735,784,1519,0.12701787504749165
729,786,1515,0.12702231081257281
730,780,1510,0.12704184659525422
725,773,1498,0.12705546776197268
725,784,1509,0.1270776305784884
721,786,1507,0.1271000196788016
723,786,1509,0.12713085930453347
713,798,1511,0.1271552280200508
711,791,1502,0.1272017699669921
707,790,1497,0.12724938127728913
703,796,1499,0.1273047395187666
700,796,1496,0.12736599877441968
690,799,1489,0.12742939374509865
687,806,1493,0.12751019175075262
699,812,1511,0.12759430212546036
704,809,1513,0.12764527253416966
703,813,1516,0.12768083079931195
707,817,1524,0.12771867566423453
703,807,1510,0.12774624855633906
699,810,1509,0.12778186372481723
697,808,1505,0.1278258241153795
699,820,1519,0.1278709424730856
693,821,1514,0.12791039157437575
685,819,1504,0.12796079247373165
696,814,1510,0.1280250870971577
695,817,1512,0.12806080868632358
689,816,1505,0.128097344253639
687,817,1504,0.1281444313766192
684,825,1509,0.12819299986788896
681,827,1508,0.12824673267650638
680,814,1494,0.1283045166881371
676,821,1497,0.12835833335286548
680,810,1490,0.12841846287115619
682,813,1495,0.12846198689212837
679,813,1492,0.12849885332069866
677,813,1490,0.12853982282090892
676,814,1490,0.1285803706316684
675,817,1492,0.1286218111809306
676,817,1493,0.12866349740399247
670,826,1496,0.12869821967454745
676,824,1500,0.12874412201778884
687,810,1497,0.12877152213016593
682,813,1495,0.1287724389749264
675,825,1500,0.1287851204563873
678,831,1509,0.12881156031253244
677,836,1513,0.12883137458454846
681,834,1515,0.128853226348391
679,839,1518,0.1288667442644474
679,842,1521,0.1288843205106057
680,835,1515,0.12890039757738725
669,832,1501,0.12891292371244276
667,833,1500,0.12895092233996436
666,832,1498,0.12898991476072233
667,836,1503,0.12902900361148356
652,834,1486,0.12906158618385913
651,838,1489,0.1291261808467046
658,840,1498,0.12918786806777113
669,845,1514,0.12922815082724193
671,852,1523,0.12924019906925518
667,863,1530,0.12924794715031548
668,857,1525,0.1292651133127694
664,852,1516,0.12927974800942552
668,853,1521,0.1293053005212717
662,865,1527,0.12932006257392434
658,866,1524,0.12934943533050777
646,863,1509,0.1293871038357451
639,865,1504,0.12944929329401503
655,856,1511,0.1295230475233766
651,849,1500,0.12955412593553614
648,851,1499,0.1295929511250982
650,858,1508,0.12963677590715128
639,865,1504,0.12967252059873055
640,857,1497,0.12973167615664277
633,865,1498,0.1297832013463902
631,867,1498,0.12984868388950838
642,866,1508,0.12991262733936654
639,864,1503,0.12994820886099304
647,878,1525,0.12998719376996054
650,871,1521,0.13000547411088445
646,871,1517,0.1300129463073302
657,870,1527,0.13002751937604484
660,868,1528,0.1300167695140206
651,867,1518,0.13000208351868983
649,870,1519,0.13001198116611723
644,867,1511,0.13002680353476861
631,864,1495,0.13005223035489483
632,866,1498,0.13010423203620633
639,865,1504,0.13014944425369698
637,865,1502,0.13017496223066602
639,874,1513,0.1302051699730355
630,864,1494,0.13022817906902792
629,861,1490,0.13027176337834423
624,866,1490,0.13031460806640083
629,876,1505,0.130368251702598
624,873,1497,0.13040581625054515
626,878,1504,0.13045185130470238
623,874,1497,0.1304883899836724
622,876,1498,0.13053165649104365
627,883,1510,0.1305745666788021
629,878,1507,0.13060446485048158
619,875,1494,0.1306280597288155
618,880,1498,0.13067021065299853
615,876,1491,0.13071190710914862
616,870,1486,0.13075710286857112
618,872,1490,0.13079722405756694
613,876,1489,0.1308302407585136
629,880,1509,0.13087325837070807
617,879,1496,0.13087661257185165
613,888,1501,0.130908803615184
609,891,1500,0.13095158935276496
618,898,1516,0.13100140755400652
609,898,1507,0.1310249879657296
618,897,1515,0.1310645684628515
612,904,1516,0.13108110334286247
613,894,1507,0.1311119058927674
605,906,1511,0.13113961394788262
605,898,1503,0.13118308180933066
602,902,1504,0.1312255880269947
605,909,1514,0.13127425912729998
609,909,1518,0.1313130970774613
595,918,1513,0.13134135657323553
602,905,1507,0.13139952023204535
598,898,1496,0.1314378155680825
594,897,1491,0.13148217745139568
595,906,1501,0.13153172536227684
591,910,1501,0.13157696838130695
593,918,1511,0.13162991818647227
588,914,1502,0.13167647864874701
585,922,1507,0.13172791129997244
578,918,1496,0.1317853075292466
587,927,1514,0.13185253898437205
582,932,1514,0.13189407025305505
587,940,1527,0.1319434731819489
590,936,1526,0.1319792340281221
594,931,1525,0.13200433453061466
592,919,1511,0.13201935064342302
589,906,1495,0.13203806275304966
591,913,1504,0.1320634207286149
587,917,1504,0.13208338208003562
579,912,1491,0.13211217426749955
573,910,1483,0.13215696083007772
571,921,1492,0.132212564718407
569,939,1508,0.13227075919385142
570,931,1501,0.1323295396661479
572,926,1498,0.13238176663113246
574,928,1502,0.1324264724112047
584,934,1518,0.1324597535160298
581,922,1503,0.1324655456909256
582,923,1505,0.1324793872933809
581,928,1509,0.13248923123026843
575,943,1518,0.13250078119188657
571,936,1507,0.13252654778037953
581,942,1523,0.1325611717468696
579,943,1522,0.13256861470788495
566,940,1506,0.13257931420609023
566,949,1515,0.13262122962943937
569,953,1522,0.13266227313451157
573,950,1523,0.1326936641126241
574,945,1519,0.13271475578831576
576,947,1523,0.132731370944543
569,946,1515,0.13274281189022885
569,956,1525,0.13277170095308233
568,951,1519,0.13279690739645741
582,942,1524,0.13282089450534662
588,931,1519,0.13281002006564413
581,935,1516,0.13278544764803266
573,929,1502,0.1327804867893923
573,935,1508,0.13279500138445466
566,931,1497,0.1328087644352475
570,928,1498,0.13283791288033134
564,937,1501,0.13285764467811295
562,943,1505,0.13289167226570148
558,943,1501,0.13292603110802942
554,941,1495,0.13296672736896017
549,941,1490,0.1330140278304371
549,939,1488,0.13307177894242048
555,951,1506,0.13312601845160268
558,956,1514,0.1331632369274787
556,947,1503,0.1331907633857319
561,948,1509,0.1332218118620656
558,958,1516,0.1332376832997184
560,954,1514,0.1332577287487159
555,950,1505,0.13327054920863216
556,948,1504,0.13329544516437908
557,944,1501,0.1333163586310425
552,944,1496,0.13333249441343742
557,946,1503,0.13335957523183098
560,944,1504,0.13337386009017244
564,938,1502,0.13338104205734383
569,942,1511,0.13337794699541416
562,943,1505,0.13336216704197082
562,936,1498,0.13336337339680873
559,949,1508,0.1333668957749009
563,956,1519,0.1333760469357387
552,956,1508,0.13337599313448448
555,961,1516,0.13340196454052242
556,955,1511,0.13342064614609453
554,952,1506,0.13343472350234564
562,953,1515,0.1334509308934932
549,967,1516,0.13345003603967284
548,976,1524,0.13348048630963627
540,968,1508,0.1335114026429805
546,967,1513,0.1335569688247891
551,959,1510,0.1335864401153317
556,965,1521,0.13360154705353566
544,956,1500,0.13360399202579326
551,971,1522,0.13363319057487727
546,962,1508,0.13364447661986598
548,966,1514,0.13366590304149392
540,961,1501,0.13368004308581752
537,954,1491,0.1337127233118701
542,967,1509,0.13374951008805497
537,976,1513,0.13377487726222018
541,977,1518,0.13380737141544735
528,974,1502,0.1338306175446683
530,966,1496,0.13388246938777346
537,975,1512,0.13392479120516357
528,978,1506,0.13394479818010516
534,965,1499,0.13398571518780042
530,977,1507,0.1340079059179424
531,978,1509,0.13403731034540564
530,989,1519,0.13406439566300984
532,979,1511,0.13409190586797493
524,984,1508,0.13411317703941883
524,982,1506,0.1341530471834184
521,980,1501,0.13418985781807627
517,971,1488,0.13423167262182373
523,975,1498,0.1342806728525009
524,982,1506,0.1343106402363221
525,984,1509,0.13433697562638539
523,1002,1525,0.13435940803948798
524,996,1520,0.13438465373974032
534,1001,1535,0.13440642195356392
525,990,1515,0.13440289451997578
524,985,1509,0.1344217968176549
513,989,1502,0.13444124479434083
510,980,1490,0.13448589013085452
515,985,1500,0.13453427146073846
512,991,1503,0.1345672988653901
515,1003,1518,0.13460616400917572
517,1003,1520,0.13463600224621128
514,1001,1515,0.13466017704281877
511,1000,1511,0.13468937134184172
511,1005,1516,0.13472380573176845
509,1002,1511,0.1347567249282081
509,1007,1516,0.13479345082148422
503,999,1502,0.13482898497926854
496,1000,1496,0.13487319702896358
504,1016,1520,0.1349318669951822
499,1012,1511,0.1349685283352526
502,1005,1507,0.13501576715841984
508,1009,1517,0.13505240737091342
512,1010,1522,0.1350720480433515
505,1007,1512,0.13507967229719006
511,1007,1518,0.1351024947308038
502,1012,1514,0.13511103371844205
506,1009,1515,0.135139218057451
507,1011,1518,0.13515758014084014
508,1019,1527,0.13517186563302555
510,1012,1522,0.1351815542992097
501,1005,1506,0.13518698238075288
501,1004,1505,0.1352145002923078
499,1014,1513,0.1352419747202305
493,1007,1500,0.13527156286104808
492,1001,1493,0.13531135339772182
493,999,1492,0.13535101571454056
490,1008,1498,0.13538558568273576
492,1016,1508,0.1354254179052642
492,1009,1501,0.13545643370769345
481,1013,1494,0.13548619042240692
479,1011,1490,0.13553926227240606
479,1016,1495,0.13559516001687522
485,1021,1506,0.13564659630958617
484,1016,1500,0.1356793112665893
482,1034,1516,0.13571215746033805
480,1033,1513,0.1357475564319855
484,1042,1526,0.1357850388569609
481,1044,1525,0.13581129442785433
475,1049,1524,0.1358411829895391
476,1051,1527,0.13588458062786476
467,1056,1523,0.13592303563724034
468,1037,1505,0.1359801874403857
473,1032,1505,0.13603189416011946
469,1036,1505,0.13606939229022802
465,1033,1498,0.1361106932803129
454,1038,1492,0.13615603069059887
461,1044,1505,0.13622515907388386
463,1040,1503,0.1362745857412399
466,1051,1517,0.13631771216098276
473,1035,1508,0.13634773129530342
470,1042,1512,0.1363596087308245
470,1044,1514,0.13637834277706265
472,1041,1513,0.13639496240694182
465,1050,1515,0.136407251920488
461,1043,1504,0.13643552443906995
461,1048,1509,0.13647139456422497
456,1055,1511,0.13650573668683225
454,1052,1506,0.13654993549573474
455,1052,1507,0.1365978602953689
450,1051,1501,0.13663945580012918
449,1047,1496,0.13668881834929972
449,1040,1489,0.1367370114167931
448,1047,1495,0.13677953000569115
446,1062,1508,0.13682409190187755
439,1056,1495,0.1368683660865871
440,1054,1494,0.13692602677873542
433,1070,1503,0.13697755211892715
444,1059,1503,0.13704185657618959
440,1057,1497,0.13707222643708503
442,1063,1505,0.13711274335887688
439,1056,1495,0.13714646306832676
437,1055,1492,0.13718371228255644
442,1062,1504,0.13722384315184208
444,1061,1505,0.13724955218066515
441,1069,1510,0.13727080961678306
449,1069,1518,0.13729768554088018
443,1071,1514,0.13730251441960573
448,1073,1521,0.13732160189095077
444,1077,1521,0.13732916999527645
437,1077,1514,0.13734523590439
432,1086,1518,0.13737730487363323
439,1080,1519,0.13742042236980456
441,1078,1519,0.13744241957084463
439,1079,1518,0.13745894609363607
442,1068,1510,0.13747879519170902
441,1059,1500,0.13748989273659634
446,1057,1503,0.137501656078219
445,1053,1498,0.13750083753723813
445,1059,1504,0.1375033537597059
441,1061,1502,0.13750447105064442
440,1075,1515,0.13751494400575529
440,1077,1517,0.1375266248077259
440,1078,1518,0.13753829422242592
438,1075,1513,0.1375511281079694
434,1074,1508,0.13756934995354914
429,1082,1511,0.13759574222442675
434,1077,1511,0.13763187690423476
429,1068,1497,0.13765475169229954
430,1071,1501,0.1376870252942773
425,1083,1508,0.13771524771993707
426,1076,1502,0.13775420600555754
430,1075,1505,0.13778958712777578
420,1090,1510,0.1378135246784107
420,1099,1519,0.13785981592540786
424,1100,1524,0.13790395326872917
423,1097,1520,0.13793535111009775
427,1085,1512,0.13796521613418064
420,1091,1511,0.13798175163154155
418,1096,1514,0.1380134415622318
414,1100,1514,0.13804522635052563
414,1097,1511,0.13808288459617493
411,1106,1517,0.13811924283916674
416,1098,1514,0.13815903808460486
410,1096,1506,0.13818597751806905
411,1092,1503,0.1382258787063241
417,1104,1521,0.13825764993332273
415,1094,1509,0.13827393667060664
413,1096,1509,0.1382936528472282
418,1101,1519,0.13831655180121907
416,1097,1513,0.13832490097567804
412,1101,1513,0.13833430011263026
411,1102,1513,0.1383524395888103
412,1107,1519,0.13837472608551632
414,1102,1516,0.13839328753203986
408,1102,1510,0.1384078432249657
405,1099,1504,0.1384369570765432
405,1088,1493,0.13847130699515492
398,1102,1500,0.1385038561411076
396,1115,1511,0.13855062552355993
396,1113,1509,0.1385995724246418
393,1102,1495,0.13864555162285863
393,1094,1487,0.13869534929317281
389,1107,1496,0.1387418729594384
389,1122,1511,0.13879346633229372
387,1133,1520,0.13884309159340374
390,1136,1526,0.13889390724496398
393,1127,1520,0.13893504456702396
387,1127,1514,0.13896642937675416
384,1120,1504,0.13900860920917396
387,1124,1511,0.13905654121588043
384,1130,1514,0.13909253096326954
380,1134,1514,0.13913327366700215
385,1133,1518,0.1391820978015095
381,1128,1509,0.1392157526828412
373,1130,1503,0.13925754550792246
369,1131,1500,0.1393133883749204
369,1139,1508,0.13937525329225217
367,1146,1513,0.13943346769944193
364,1135,1499,0.13949211241342957
366,1142,1508,0.13955302117252194
365,1147,1512,0.13960608907875152
364,1161,1525,0.13965885340845166
364,1156,1520,0.13971123073985733
361,1157,1518,0.13976046011138024
359,1160,1519,0.13981492943221555
356,1150,1506,0.13987146968636335
354,1161,1515,0.13993281720915385
348,1159,1507,0.1399940152411716
348,1162,1510,0.14006612265519525
344,1152,1496,0.14013411006744714
348,1153,1501,0.1402068304719263
348,1156,1504,0.14026458788124863
345,1164,1509,0.140316450679764
345,1162,1507,0.14037360404860916
345,1172,1517,0.140426423976214
344,1161,1505,0.14047281229743475
348,1151,1499,0.1405173031036679
345,1172,1517,0.14054974713141252
346,1167,1513,0.14058623749159302
344,1166,1510,0.14061683986705353
348,1161,1509,0.1406485833919399
349,1167,1516,0.14066945540692688
343,1170,1513,0.14068778430014006
343,1180,1523,0.14072175939380482
349,1182,1531,0.14075134294967095
349,1182,1531,0.14076565759484563
349,1187,1536,0.14078132014562647
350,1178,1528,0.1407968033670111
352,1158,1510,0.14080881898198133
355,1161,1516,0.14081640961301403
348,1170,1518,0.14081404672676814
349,1171,1520,0.14082798656638906
349,1173,1522,0.14083829796959502
346,1188,1534,0.14085001084626664
346,1178,1524,0.14086718589912678
347,1178,1525,0.1408819107563458
346,1161,1507,0.14089415226139024
351,1168,1519,0.14090791161397578
354,1163,1517,0.14090885626682248
353,1171,1524,0.14090254552810466
350,1173,1523,0.14089893762602548
348,1176,1524,0.14090271541062907
346,1170,1516,0.14091171345703024
351,1170,1521,0.14092496343519473
356,1171,1527,0.1409235759413237
343,1177,1520,0.14090967966640364
342,1166,1508,0.14092776886342767
341,1172,1513,0.14094628578565005
339,1173,1512,0.14096845701151214
336,1175,1511,0.14099404455311937
335,1183,1518,0.14102351117232473
333,1176,1509,0.14105383951890754
331,1181,1512,0.14108821948866987
327,1178,1505,0.14112399839007572
321,1175,1496,0.141168089304038
320,1183,1503,0.141223557367237
316,1192,1508,0.14127786181191448
314,1182,1496,0.14133885459523945
312,1190,1502,0.14140088899158826
312,1195,1507,0.14146320119260522
311,1202,1513,0.1415206631468446
311,1192,1503,0.14157781612198164
311,1204,1515,0.1416288894561415
314,1206,1520,0.14167836237056516
306,1210,1516,0.14171784291147305
303,1211,1514,0.14177298706148936
300,1216,1516,0.1418301748745975
302,1207,1509,0.14189135357263877
303,1204,1507,0.14194454067025197
299,1218,1517,0.1419914227921112
293,1217,1510,0.14204446748258465
298,1210,1508,0.14210899227883597
300,1201,1501,0.14215709242225144
303,1206,1509,0.14219496800024628
309,1214,1523,0.1422229254840427
311,1220,1531,0.14223294556045832
313,1216,1529,0.14223721784986312
316,1217,1533,0.14223610636242762
309,1217,1526,0.142228859696454
309,1210,1519,0.1422401393583018
307,1206,1513,0.1422516533966109
300,1209,1509,0.14226844179695286
294,1207,1501,0.142301044861108
297,1204,1501,0.1423464730325232
291,1209,1500,0.14238178713804778
296,1219,1515,0.14242779443777967
296,1219,1515,0.1424564742189453
293,1221,1514,0.1424852361633197
293,1217,1510,0.14252021741705662
293,1206,1499,0.1425538057254965
295,1206,1501,0.1425840273611652
290,1220,1510,0.14260508722829335
291,1225,1516,0.1426363000809789
295,1219,1514,0.1426632428300302
297,1229,1526,0.14267924927874331
298,1228,1526,0.14269091626494404
292,1228,1520,0.1426987954665709
287,1230,1517,0.1427194547750141
289,1223,1512,0.14274932331453807
292,1232,1524,0.14277297117863033
285,1233,1518,0.1427889367091275
280,1230,1510,0.1428202587039479
277,1234,1511,0.14286124535094452
281,1230,1511,0.14290471291739035
289,1230,1519,0.14293622996656308
289,1231,1520,0.14294690911891092
286,1231,1517,0.14295560434368362
287,1236,1523,0.14297206044260943
281,1234,1515,0.14298499354807992
273,1235,1508,0.14301196969283514
269,1242,1511,0.14305851033161696
275,1232,1507,0.14311271687925683
275,1228,1503,0.14314914731290412
275,1236,1511,0.1431812561153439
273,1251,1524,0.14321115732669637
275,1244,1519,0.14324029974324584
272,1222,1494,0.14326436714458166
277,1232,1509,0.1432922732781421
278,1227,1505,0.14330452515350411
281,1227,1508,0.1433159853610491
277,1230,1507,0.14331830251051692
281,1234,1515,0.14333073366415688
276,1239,1515,0.14333411409355357
274,1238,1512,0.1433490564083537
272,1240,1512,0.1433660076261461
271,1232,1503,0.1433867927070736
263,1241,1504,0.14340970949744591
263,1242,1505,0.1434506628499416
269,1239,1508,0.1434876683168679
271,1237,1508,0.14350612241204475
273,1236,1509,0.14351910305815768
270,1241,1511,0.14352682049610693
272,1250,1522,0.14354233227250512
267,1256,1523,0.14355084689080935
268,1253,1521,0.14357131879322535
268,1241,1509,0.14358806509465555
267,1247,1514,0.14360705133377105
264,1246,1510,0.1436286214016916
259,1240,1499,0.14365595861374236
259,1246,1505,0.14369284086132572
258,1248,1506,0.14372774807233651
257,1248,1505,0.14376060014335884
267,1242,1509,0.1437930134575497
260,1250,1510,0.14379896864393557
257,1241,1498,0.14382249347416615
253,1256,1509,0.14385216127414702
257,1259,1516,0.1438875785994497
258,1267,1525,0.14391231987951428
261,1273,1534,0.14393222962755897
261,1274,1535,0.14394485057091383
256,1274,1530,0.14395718750907707
253,1262,1515,0.14398183774649656
249,1265,1514,0.1440127569322103
249,1261,1510,0.14404737379097288
248,1245,1493,0.14408000602302418
249,1258,1507,0.14411274849461778
242,1254,1496,0.14414211849305164
239,1265,1504,0.1441856241250622
240,1267,1507,0.1442354379364168
241,1278,1519,0.1442778189284599
235,1269,1504,0.14431546962238678
235,1278,1513,0.14436624162936812
239,1274,1513,0.14441435978731476
245,1271,1516,0.14444751026552008
241,1276,1517,0.1444648262739917
240,1287,1527,0.14449110961671055
240,1285,1525,0.14451862170579977
237,1276,1513,0.14454432709112694
235,1277,1512,0.14457646795767262
234,1277,1511,0.14461258239536945
228,1289,1517,0.144650669998245
222,1290,1512,0.14470126445531897
222,1294,1516,0.14476281026168036
224,1291,1515,0.14481919917581618
226,1293,1519,0.14486862255033042
229,1293,1522,0.14491033093780195
229,1299,1528,0.14494142051598946
231,1289,1520,0.1449711956331321
232,1278,1510,0.14499557216713577
229,1287,1516,0.1450156090225458
228,1284,1512,0.14504066653159026
225,1294,1519,0.14506656968727757
227,1291,1518,0.14509788969216106
224,1284,1508,0.14512389344128956
217,1298,1515,0.14515367220189138
215,1301,1516,0.14519877140469753
210,1312,1522,0.14524418669152542
212,1295,1507,0.1452987446564954
210,1297,1507,0.14534659452280643
211,1285,1496,0.14539763247750245
207,1284,1491,0.1454413689639818
205,1291,1496,0.14549204127813428
202,1291,1493,0.14554532294440872
206,1292,1498,0.14560038142773013
207,1296,1503,0.14564321735490515
207,1306,1513,0.14568051432104337
205,1307,1512,0.14571405701869808
198,1308,1506,0.14575001182719588
197,1302,1499,0.1458002416528221
199,1299,1498,0.14584971074639916
203,1298,1501,0.14589029533040143
203,1300,1503,0.14591739856838173
204,1302,1506,0.14594197728720162
205,1310,1515,0.14596259038963372
203,1308,1511,0.14597907126416437
212,1314,1526,0.1460001051411389
215,1310,1525,0.14599806581818556
212,1302,1514,0.14598717330015076
210,1302,1512,0.14598355599967808
209,1293,1502,0.14598619400119875
208,1296,1504,0.14599134049726264
207,1299,1506,0.14599674726841075
212,1300,1512,0.1460058128984646
207,1303,1510,0.14600212881687472
198,1300,1498,0.14600939221706857
196,1297,1493,0.14603990373824977
193,1291,1484,0.14607380088981373
193,1297,1490,0.14611430478064352
197,1316,1513,0.14615238660783667
194,1323,1517,0.14617969171311468
190,1330,1520,0.14621403946337275
194,1319,1513,0.14625523311544172
196,1329,1525,0.14628503242992175
195,1314,1509,0.14630660301377882
185,1325,1510,0.1463301293781986
181,1329,1510,0.14637579496971898
181,1319,1500,0.14642800577216064
183,1320,1503,0.14647782368295725
183,1318,1501,0.14652012945685766
183,1326,1509,0.14655975977899943
181,1339,1520,0.1465976920086884
181,1341,1522,0.14663632256531908
181,1348,1529,0.1466731728477434
181,1340,1521,0.14670747006940174
179,1335,1514,0.14673892269323133
173,1340,1513,0.14677343376007473
177,1336,1513,0.14682126415648292
177,1337,1514,0.14685634296541428
175,1344,1519,0.1468880493592939
174,1338,1512,0.14692218514659655
176,1346,1522,0.14695671976060015
179,1335,1514,0.14698423262262048
182,1341,1523,0.14700293736837858
187,1348,1535,0.14701141017750824
185,1352,1537,0.1470063430527123
181,1346,1527,0.14700873705911352
180,1344,1524,0.1470221684331176
181,1346,1527,0.14703706454331905
182,1324,1506,0.1470489119668118
177,1344,1521,0.14705719802374656
179,1329,1508,0.1470754783421337
181,1315,1496,0.14708866325824332
178,1332,1510,0.1470961060426922
173,1326,1499,0.14711184052009446
172,1332,1504,0.14713914791978713
172,1349,1521,0.1471666659255351
169,1336,1505,0.14719170183185526
172,1337,1509,0.14722220685158105
170,1334,1504,0.1472437374181793
179,1330,1509,0.14726878823411657
181,1332,1513,0.14726818086485377
172,1343,1515,0.1472638294415744
173,1341,1514,0.14728250231924012
170,1345,1515,0.14729909435939514
167,1343,1510,0.14732190651048774
167,1346,1513,0.14735042688745767
165,1344,1509,0.14737669634906683
162,1352,1514,0.14740636077788413
163,1348,1511,0.1474414813707119
158,1356,1514,0.1474726460921957
161,1354,1515,0.14751453329475886
160,1346,1506,0.1475431261668624
162,1346,1508,0.14757289182234812
162,1338,1500,0.14759635491528925
161,1342,1503,0.14761912845868275
160,1357,1517,0.14764286998197063
155,1361,1516,0.14766758826573692
155,1363,1518,0.14770271796262352
156,1369,1525,0.1477369231367093
152,1369,1521,0.1477653792074169
147,1361,1508,0.14780254894437075
146,1372,1518,0.1478493108288946
144,1372,1516,0.14789575962648674
146,1364,1510,0.14794466893659286
147,1363,1510,0.14798475477347653
140,1373,1513,0.14801941574918978
139,1366,1505,0.14806794926374245
137,1384,1521,0.14811537880594539
133,1380,1513,0.14816455123554342
134,1390,1524,0.14821868732403354
135,1377,1512,0.14826569579826088
139,1379,1518,0.14830717386147557
137,1379,1516,0.14833735866520706
140,1389,1529,0.14837113988344292
137,1381,1518,0.14839595335118855
134,1384,1518,0.14842718554663756
135,1391,1526,0.14846391770033143
133,1387,1520,0.14849523907277437
133,1390,1523,0.1485304043971699
135,1376,1511,0.1485624854364817
135,1381,1516,0.14858796031122443
135,1373,1508,0.14861107199768775
135,1372,1507,0.1486319458551205
135,1384,1519,0.14865004264223486
133,1384,1517,0.14866755137658055
134,1383,1517,0.1486885380415785
132,1393,1525,0.1487058634826919
134,1395,1529,0.14872641625444247
136,1390,1526,0.1487412980046163
139,1386,1525,0.1487504426576742
140,1381,1521,0.1487506011753682
141,1378,1519,0.14874830950632048
138,1373,1511,0.14874375477525612
138,1377,1515,0.14874779386845868
140,1379,1519,0.14875189797128777
137,1370,1507,0.14875020575095566
138,1388,1526,0.14875587857697226
135,1389,1524,0.14875847948939264
136,1397,1533,0.1487677491200618
133,1394,1527,0.14877508651841037
134,1389,1523,0.1487887776263008
134,1391,1525,0.14879992400510464
134,1395,1529,0.148810655879272
133,1390,1523,0.14882160351583915
135,1389,1524,0.14883374404365093
132,1391,1523,0.1488403521566515
128,1385,1513,0.14885355557430313
130,1389,1519,0.14887726574250262
131,1367,1498,0.14889417263683494
130,1369,1499,0.14890795696220177
128,1382,1510,0.14892418725547674
124,1394,1518,0.14894480981552738
125,1393,1518,0.14897420559517394
123,1393,1516,0.1489995466586814
125,1388,1513,0.1490275531690365
126,1389,1515,0.14904852592582327
126,1392,1518,0.14906574974899814
127,1387,1514,0.14908046588226093
131,1379,1510,0.1490922639236603
126,1379,1505,0.14909195847532475
131,1383,1514,0.1491027842435254
130,1377,1507,0.14910063538130658
128,1375,1503,0.14910252833029675
128,1387,1515,0.14910966798134598
128,1386,1514,0.14911559881874392
130,1374,1504,0.1491210140929639
131,1380,1511,0.14912259546479947
130,1380,1510,0.14912199906719736
131,1382,1513,0.14912367010799774
129,1392,1521,0.14912332193938901
130,1400,1530,0.14912816251623473
131,1409,1540,0.14913019960037707
133,1397,1530,0.149129085617163
131,1404,1535,0.1491221939093196
125,1389,1514,0.14912159399061445
128,1398,1526,0.14913535271959522
128,1392,1520,0.14914022950936082
127,1392,1519,0.14914510393078204
117,1393,1510,0.14914980263316613
118,1398,1516,0.14917703091000672
119,1383,1502,0.14919885910502514
119,1378,1497,0.14921705015578385
115,1380,1495,0.14923472270798857
117,1381,1498,0.14926262065287701
118,1400,1518,0.14928417233505975
116,1389,1505,0.14930076534418377
113,1391,1504,0.14932053042618765
113,1394,1507,0.1493475271555827
114,1398,1512,0.1493721265537711
115,1402,1517,0.14939214320703786
110,1401,1511,0.14940917164615009
106,1399,1505,0.149436811972706
108,1403,1511,0.14947334635043066
111,1394,1505,0.1495023124238326
110,1411,1521,0.1495233752235525
108,1419,1527,0.1495465212400778
105,1417,1522,0.1495737936107269
107,1412,1519,0.14960704060710645
104,1416,1520,0.1496343150333043
104,1425,1529,0.14966672462204306
104,1418,1522,0.14969664634690372
102,1408,1510,0.14972542583027365
102,1415,1517,0.1497577066038348
98,1411,1509,0.1497883384689058
97,1424,1521,0.14982678053927065
94,1426,1520,0.14986473116880503
97,1421,1518,0.14990788297300117
97,1419,1516,0.1499400082634931
102,1416,1518,0.14996995056872506
104,1406,1510,0.14998471898502097
103,1425,1528,0.14999384331526178
108,1409,1517,0.15000386317201728
107,1423,1530,0.14999876463200923
110,1415,1525,0.14999819025452418
109,1418,1527,0.14998921044135308
107,1412,1519,0.14998435145055686
107,1419,1526,0.14998442329762837
103,1417,1520,0.14998545956924558
101,1418,1519,0.14999692410353385
101,1412,1513,0.15001089314868632
100,1410,1510,0.1500246348013426
98,1416,1514,0.1500402838116648
97,1419,1516,0.15006024409270913
99,1406,1505,0.15008115224916516
100,1414,1514,0.15009655561092422
99,1428,1527,0.15010925697888283
100,1436,1536,0.15012298248804382
98,1428,1526,0.15013463190214096
99,1420,1519,0.15015071421943532
96,1427,1523,0.15016358651663497
95,1432,1527,0.15018205594325681
95,1430,1525,0.15020256229285261
94,1429,1523,0.15022236277528805
91,1424,1515,0.15024288739744932
93,1416,1509,0.15026886763456737
93,1423,1516,0.1502874460542853
91,1419,1510,0.15030416047967493
92,1430,1522,0.15032453367810705
89,1421,1510,0.15034100279548077
91,1429,1520,0.1503632564456744
95,1432,1527,0.15037967416995135
97,1430,1527,0.1503844140054459
93,1434,1527,0.15038495709585298
91,1441,1532,0.1503959801946973
92,1442,1534,0.15041194148837114
86,1426,1512,0.15042457117383465
86,1431,1517,0.15045042571856337
86,1417,1503,0.1504750863882764
85,1430,1515,0.15049762988933998
87,1430,1517,0.15052064378008964
87,1419,1506,0.15053724089764978
83,1434,1517,0.15055326397428564
82,1433,1515,0.15057833492549844
83,1434,1517,0.15060437951936978
85,1432,1517,0.15062494184362496
84,1423,1507,0.15063844970992318
86,1436,1522,0.15065394440401725
87,1428,1515,0.1506637863604046
88,1419,1507,0.15067049841635777
88,1426,1514,0.15067424858978615
88,1424,1512,0.15067838942200454
89,1419,1508,0.15068273772636423
87,1439,1526,0.15068442070918853
87,1441,1528,0.15069136662526592
86,1443,1529,0.15069549115586028
82,1439,1521,0.15070156044099178
83,1440,1523,0.15071826109492756
82,1453,1535,0.15073131638145243
80,1436,1516,0.1507443196332025
81,1431,1512,0.150761816104987
83,1425,1508,0.15077584299407978
83,1422,1505,0.15078430586448716
83,1416,1499,0.15079217440184473
84,1418,1502,0.15080027111807848
88,1423,1511,0.15080553848482173
89,1424,1513,0.15079967814799025
88,1430,1518,0.1507913258513502
89,1431,1520,0.15078602036000854
89,1428,1517,0.15077860183292682
89,1437,1526,0.15077250488969454
87,1439,1526,0.15076754753917043
83,1428,1511,0.15076839878025172
84,1429,1513,0.1507789634743058
84,1430,1514,0.1507857350108802
85,1432,1517,0.15079244432269734
83,1440,1523,0.15079696390920583
82,1433,1515,0.15080625774571016
83,1438,1521,0.15081717453681087
84,1440,1524,0.15082482024471233
81,1444,1525,0.15082929168768625
80,1450,1530,0.1508408908548378
80,1434,1514,0.15085477574438141
81,1428,1509,0.1508674822656718
81,1425,1506,0.15087502867572197
79,1429,1508,0.1508835646604967
79,1431,1510,0.15089720230304318
83,1434,1517,0.1509097032447776
85,1443,1528,0.1509102370408785
83,1432,1515,0.15090530789080456
80,1443,1523,0.15090655627581764
82,1427,1509,0.15091428465069778
82,1432,1514,0.150917530723756
83,1442,1525,0.1509201631290679
81,1432,1513,0.15092024530659276
78,1442,1520,0.1509249202083411
79,1439,1518,0.15093710488772102
79,1448,1527,0.15094656477546703
78,1439,1517,0.15095573649093563
76,1432,1508,0.1509671977914678
75,1435,1510,0.1509827788986538
75,1441,1516,0.15099892762404465
74,1427,1501,0.1510147499474771
74,1432,1506,0.15103242979411183
75,1421,1496,0.1510487152875716
79,1426,1505,0.15106137044032958
77,1437,1514,0.1510628905991929
76,1442,1518,0.15106945592735455
77,1446,1523,0.1510778225944608
76,1444,1520,0.15108263724945775
75,1442,1517,0.15108940435183246
77,1430,1507,0.15109726604328783
77,1427,1504,0.15109819017907367
79,1440,1519,0.15109982965345675
81,1441,1522,0.15109593534165422
81,1427,1508,0.15108767454449484
80,1421,1501,0.15108122601774757
80,1429,1509,0.15107809525274413
83,1442,1525,0.15107481562563638
82,1429,1511,0.15106387283210784
81,1433,1514,0.15105696293482027
80,1437,1517,0.151053696098172
81,1438,1519,0.15105404740057488
83,1444,1527,0.15105233526076933
86,1439,1525,0.15104462027970594
86,1429,1515,0.15102876668708484
83,1422,1505,0.1510143113727055
81,1422,1503,0.15100668020794214
86,1431,1517,0.15100585736026442
85,1431,1516,0.15099250787398755
86,1427,1513,0.15098197326130264
88,1452,1540,0.15097005287269524
84,1450,1534,0.15095492574298874
86,1458,1544,0.15095074979519568
86,1448,1534,0.1509427282330801
88,1456,1544,0.1509353654928444
83,1444,1527,0.15092364113012652
82,1443,1525,0.15092418901996202
81,1440,1521,0.1509278928814021
80,1446,1526,0.15093412162707778
79,1448,1527,0.15094280322272233
80,1450,1530,0.1509534545113532
78,1431,1509,0.15095983231847038
79,1437,1516,0.15097093779885948
80,1437,1517,0.1509795511735849
79,1445,1524,0.15098542480123275
73,1451,1524,0.15099328815801472
73,1456,1529,0.1510157629410832
75,1455,1530,0.15103654786222578
76,1453,1529,0.151050035145857
77,1448,1525,0.151060942503235
77,1451,1528,0.15106764893484062
78,1452,1530,0.15107443868346238
75,1448,1523,0.1510777160884186
75,1441,1516,0.15108720853706337
74,1428,1502,0.1510957561253604
71,1431,1502,0.15110664774782692
72,1440,1512,0.15112427101164688
70,1435,1505,0.1511384028623368
72,1450,1522,0.151157650217496
69,1446,1515,0.15117123330610335
69,1449,1518,0.15119066636323503
72,1436,1508,0.15120845203822844
71,1437,1508,0.15121838033854776
71,1440,1511,0.1512289703065381
69,1442,1511,0.1512395111063809
70,1450,1520,0.1512536879692932
67,1452,1519,0.15126436503105675
66,1447,1513,0.15128190576305584
64,1456,1520,0.15130119146814533
63,1454,1517,0.15132355413149542
63,1444,1507,0.15134745515868175
63,1450,1513,0.15137008744873265
62,1452,1514,0.15139092368438295
62,1458,1520,0.1514121452485093
61,1453,1514,0.15143000379635796
60,1453,1513,0.15145032373452758
57,1465,1522,0.15147273266552663
58,1469,1527,0.15150091759232454
57,1460,1517,0.15152439485393557
57,1463,1520,0.1515491629380875
56,1465,1521,0.15157124366422903
56,1466,1522,0.15159498600238863
57,1469,1526,0.1516171249510824
59,1469,1528,0.15163514155111993
60,1459,1519,0.1516467381042736
60,1464,1524,0.15165524231358338
60,1462,1522,0.1516638377605627
58,1466,1524,0.15166992274634428
60,1468,1528,0.15168110494707776
56,1458,1514,0.15168736450065695
55,1454,1509,0.15170287743194039
56,1451,1507,0.15172023674677412
55,1455,1510,0.15173450634651275
54,1461,1515,0.15175004186339444
56,1462,1518,0.15176731687229034
55,1470,1525,0.15177867604395445
53,1467,1520,0.15179212045583337
53,1471,1524,0.1518090638941219
54,1473,1527,0.1518254340710846
54,1468,1522,0.15183858413458012
52,1460,1512,0.15185132201866774
51,1455,1506,0.15186809941456578
50,1465,1515,0.1518848866008347
50,1459,1509,0.15190346061944082
47,1467,1514,0.15192134269326893
48,1467,1515,0.15194541229473826
46,1468,1514,0.1519659156460708
46,1476,1522,0.15198993553793977
48,1477,1525,0.15201269061929001
46,1465,1511,0.15202927946358838
46,1469,1515,0.15204953245128686
46,1466,1512,0.15206804557007522
45,1465,1510,0.15208563134522102
47,1460,1507,0.15210455350258167
47,1457,1504,0.15211762295825396
46,1462,1508,0.1521295658085754
46,1479,1525,0.15214328072157526
46,1478,1524,0.15215580374626073
46,1475,1521,0.15216784287470655
46,1471,1517,0.1521793893976807
45,1475,1520,0.15218969629809773
48,1464,1512,0.15220192312747155
49,1462,1511,0.15220476446956152
48,1460,1508,0.15220555627485852
46,1466,1512,0.15220824944412964
45,1460,1505,0.15221661757297966
45,1469,1514,0.15222694675543397
44,1466,1510,0.15223690905047163
43,1473,1516,0.1522487958125617
44,1475,1519,0.15226258671005635
45,1474,1519,0.1522725751539837
43,1474,1517,0.15227879496207664
44,1465,1509,0.15229019388282974
44,1466,1510,0.15229821632238377
43,1468,1511,0.15230521966091953
43,1471,1514,0.1523145952254004
42,1480,1522,0.15232344948312485
41,1474,1515,0.15233450352906913
43,1481,1524,0.1523480023982343
42,1478,1520,0.1523548639630522
40,1471,1511,0.15236394748727075
40,1472,1512,0.15237757441769847
39,1463,1502,0.1523899036979835
39,1469,1508,0.1524040499414517
40,1465,1505,0.1524169340667882
39,1478,1517,0.15242623769119656
37,1464,1501,0.1524383701420452
38,1468,1506,0.15245375362295416
40,1471,1511,0.1524659441181605
43,1465,1508,0.15247076037764562
42,1464,1506,0.15246777252230292
43,1454,1497,0.152467991653658
41,1464,1505,0.15246506244213426
41,1476,1517,0.1524675133009358
42,1471,1513,0.15246971292278225
42,1469,1511,0.1524696310945082
44,1473,1517,0.15246989046247644
42,1472,1514,0.15246457211571024
42,1468,1510,0.1524651402468801
42,1461,1503,0.15246509162466626
43,1468,1511,0.1524647890863591
41,1472,1513,0.15245965151673702
44,1478,1522,0.1524605726293976
42,1460,1502,0.15245347640346962
43,1454,1497,0.15245229775466881
43,1450,1493,0.15244971808255045
43,1451,1494,0.15244801444067602
43,1454,1497,0.15244571866476406
46,1452,1498,0.1524435732109043
47,1454,1501,0.15243433612292048
45,1452,1497,0.15242396660971821
44,1461,1505,0.15241960306324015
43,1469,1512,0.1524186198112947
42,1492,1534,0.15241926857960741
44,1484,1528,0.15242257721822652
45,1482,1527,0.1524192887084335
44,1477,1521,0.1524139307632703
42,1472,1514,0.15241202891000502
44,1479,1523,0.1524153116120947
45,1484,1529,0.1524140533015311
48,1481,1529,0.15241041614678763
49,1478,1527,0.152399310744458
48,1469,1517,0.15238677227423042
47,1473,1520,0.15237821140862465
49,1469,1518,0.1523731248100344
48,1479,1527,0.15236182875846477
46,1472,1518,0.15235361273159456
44,1475,1519,0.1523511447305979
44,1462,1506,0.15235424354495816
43,1464,1507,0.15235676438853696
43,1462,1505,0.15236190702393185
44,1454,1498,0.15236704907918533
44,1466,1510,0.15236933825944698
44,1479,1523,0.15237132286753424
43,1480,1523,0.152374203698329
42,1476,1518,0.1523795294459794
42,1462,1504,0.15238720226610933
42,1464,1506,0.1523940341497368
41,1459,1500,0.15240006206571052
40,1468,1508,0.15240846227767313
39,1462,1501,0.15241810013800994
40,1455,1495,0.15242985635804074
36,1442,1478,0.1524388190363975
37,1445,1482,0.15245686806149933
38,1465,1503,0.15247160837972445
38,1472,1510,0.15248249893542373
38,1467,1505,0.15249232572045368
37,1460,1497,0.15250174169630756
37,1471,1508,0.15251329580548195
37,1483,1520,0.15252442706632852
37,1478,1515,0.15253437944370254
36,1478,1514,0.15254337668680765
36,1473,1509,0.1525545896624162
37,1470,1507,0.15256453966902508
37,1458,1495,0.15257118393106048
37,1475,1512,0.15257785162026885
37,1481,1518,0.15258448856995732
37,1479,1516,0.15259105038468446
36,1467,1503,0.1525975010493868
35,1479,1514,0.1526062451577664
33,1469,1502,0.15261680275001155
32,1486,1518,0.152631489072306
31,1470,1501,0.15264799250461727
30,1462,1492,0.15266577618500132
30,1472,1502,0.15268495576202437
31,1480,1511,0.15270229268627653
31,1478,1509,0.1527157102031747
32,1469,1501,0.15272855659207343
32,1490,1522,0.152737771728867
31,1493,1524,0.15274670333311893
32,1482,1514,0.1527577301295026
33,1477,1510,0.1527651385130089
30,1480,1510,0.1527693662680307
30,1482,1512,0.15278069320359816
30,1479,1509,0.15279162610172492
30,1475,1505,0.15280214813921988
31,1498,1529,0.15281138677346923
33,1499,1532,0.15281781849947787
33,1482,1515,0.15281808908934266
32,1478,1510,0.1528187908877495
31,1480,1511,0.1528222785730472
31,1483,1514,0.15282833713284968
32,1476,1508,0.15283354479653866
32,1472,1504,0.15283561226211723
31,1471,1502,0.1528371698600384
29,1473,1502,0.15284154021400603
28,1483,1511,0.15285059228631087
29,1482,1511,0.15286164191584067
30,1484,1514,0.15286985951302223
30,1472,1502,0.15287508486570944
31,1480,1511,0.15288028644439144
31,1470,1501,0.15288296755598707
31,1462,1493,0.15288574089803522
32,1466,1498,0.152888569931602
33,1463,1496,0.1528883227455297
31,1474,1505,0.15288516589009282
31,1479,1510,0.15288596551823885
31,1477,1508,0.15288703113613622
32,1477,1509,0.15288800786132192
33,1491,1524,0.15288622403565497
32,1491,1523,0.1528818438955998
33,1484,1517,0.1528806648295596
33,1484,1517,0.15287688451849432
32,1483,1515,0.15287381791030352
31,1488,1519,0.1528736032866419
33,1477,1510,0.15287597574045148
33,1481,1514,0.15287331469325155
33,1483,1516,0.15287032327404262
32,1486,1518,0.1528669928629717
34,1483,1517,0.15286669224220822
32,1488,1520,0.1528619254741926
32,1484,1516,0.15286234766864662
34,1484,1518,0.15286310331605255
35,1484,1519,0.15285867839494605
34,1480,1514,0.15285174361678538
31,1482,1513,0.15284814332532387
30,1485,1515,0.1528522456415175
29,1493,1522,0.15285914465929415
29,1472,1501,0.15286807600073116
27,1479,1506,0.15287663253147146
27,1477,1504,0.1528894817472466
27,1466,1493,0.15290064626506258
24,1473,1497,0.15291115687231785
23,1482,1505,0.15292841042361402
22,1501,1523,0.15294700392447205
21,1494,1515,0.15296685534700483
21,1497,1518,0.1529879248376357
22,1484,1506,0.15300748160365313
21,1495,1516,0.15302272714482268
19,1495,1514,0.15303908408949024
19,1497,1516,0.15305870203718813
19,1499,1518,0.15307736256086094
20,1498,1518,0.153095172396236
20,1491,1511,0.15310938150516726
19,1483,1502,0.15312299349006234
21,1484,1505,0.15313835402008277
21,1478,1499,0.15314721396843914
21,1495,1516,0.15315584212717012
21,1497,1518,0.15316421291311383
21,1492,1513,0.1531723073240674
22,1496,1518,0.15318011190655245
22,1487,1509,0.1531844722760402
22,1491,1513,0.15318881964468822
22,1503,1525,0.15319312258183787
22,1507,1529,0.15319667800686254
22,1498,1520,0.1532002709864677
22,1489,1511,0.15320386671963665
21,1482,1503,0.1532070972114296
19,1474,1493,0.15321292548482632
20,1486,1506,0.15322329195773854
20,1490,1510,0.1532306880591225
20,1500,1520,0.1532377670177697
20,1496,1516,0.1532445308864106
19,1497,1516,0.15325020123180916
20,1500,1520,0.1532582241081501
20,1484,1504,0.1532627046399983
17,1485,1502,0.15326713801715186
18,1485,1503,0.1532794040009413
19,1504,1523,0.1532882633813012
20,1499,1519,0.15329351572599606
19,1498,1517,0.15329593156870439
19,1492,1511,0.15330078962311477
19,1493,1512,0.1533055326450949
19,1493,1512,0.1533101440982746
19,1499,1518,0.15331374847378998
19,1495,1514,0.15331734081963141
20,1490,1510,0.15332089457840867
20,1487,1507,0.15332123654852953
21,1503,1524,0.15332179224566236
22,1506,1528,0.15331942945986923
22,1491,1513,0.1533142889677772
21,1494,1515,0.15330884553497476
21,1483,1504,0.15330656036195392
20,1481,1501,0.1533047663866693
20,1494,1514,0.1533057176941229
20,1494,1514,0.153306882243597
19,1503,1522,0.15330801469616506
19,1504,1523,0.15331185411272932
18,1496,1514,0.15331574350436167
18,1490,1508,0.1533218822914377
17,1496,1513,0.15332732858787138
17,1502,1519,0.15333495380918197
16,1496,1512,0.15334225991360242
16,1500,1516,0.15335163697955723
17,1505,1522,0.15336054693043677
17,1498,1515,0.1533658024404976
16,1490,1506,0.1533709177098851
17,1495,1512,0.15337727030299372
18,1497,1515,0.15338021083717762
18,1486,1504,0.15338035034714925
18,1500,1518,0.15338082563836086
18,1507,1525,0.15338157389852092
17,1502,1519,0.1533825413806954
18,1480,1498,0.1533860576738499
17,1476,1493,0.1533864137781979
18,1496,1514,0.15339006967196891
18,1488,1506,0.15339050647629635
18,1496,1514,0.15339115253852909
19,1492,1511,0.15339196638675645
20,1505,1525,0.1533898149907897
20,1503,1523,0.1533850036923535
20,1501,1521,0.15338081427694963
20,1495,1515,0.1533771721475478
19,1489,1508,0.15337401138519355
18,1490,1508,0.15337361899225846
19,1507,1526,0.1533744278162676
19,1495,1514,0.15337243797346975
19,1488,1507,0.1533714449773596
19,1491,1510,0.15337080711909196
20,1497,1517,0.15337046647378527
20,1485,1505,0.15336725149892125
21,1496,1517,0.15336410017400734
21,1498,1519,0.1533583325670493
21,1503,1524,0.15335329351895063
19,1495,1514,0.15334843980863755
18,1502,1520,0.15334885136092968
18,1497,1515,0.15335213933919023
18,1490,1508,0.153355457995441
17,1488,1505,0.1533587754692019
18,1487,1505,0.15336449292431273
18,1494,1512,0.1533668606618457
15,1495,1510,0.15336931770664214
16,1490,1506,0.15337988613162376
17,1491,1508,0.15338724149046676
17,1485,1502,0.15339100070833822
17,1499,1516,0.15339470426620821
18,1502,1520,0.15339833289569946
18,1501,1519,0.15339871903115307
20,1490,1510,0.15339929480092768
20,1498,1518,0.15339374207114168
22,1500,1522,0.15338888920189336
22,1505,1527,0.15337848403283133
20,1495,1515,0.1533691758020867
19,1498,1517,0.1533655366705033
20,1495,1515,0.1533647166223729
19,1508,1527,0.15336103957346917
19,1512,1531,0.15336060108821464
20,1495,1515,0.15335972980344775
19,1499,1518,0.15335600218816986
19,1504,1523,0.1533554596635567
19,1505,1524,0.15335530599280567
16,1514,1530,0.15335460443358226
18,1498,1516,0.1533615222989131
18,1489,1507,0.15336345734899315
17,1484,1501,0.15336557937905565
17,1482,1499,0.15337026387149233
18,1488,1506,0.1533748961719077
18,1504,1522,0.15337683377443645
17,1506,1523,0.15337887699200706
18,1499,1517,0.15338362142343184
18,1510,1528,0.15338505162448146
19,1501,1520,0.15338662463269018
19,1504,1523,0.15338515407581105
17,1510,1527,0.15338405499116267
19,1497,1516,0.1533880505831975
19,1505,1524,0.15338629893126535
21,1500,1521,0.15338487071388462
21,1493,1514,0.15337767315340056
19,1498,1517,0.15337133128089583
17,1499,1516,0.15337021217697214
16,1500,1516,0.1533741710964435
16,1503,1519,0.15338072612656187
17,1496,1513,0.15338710519110124
17,1491,1508,0.15339072484498117
17,1492,1509,0.15339432339150968
16,1495,1511,0.15339787469876306
15,1494,1509,0.15340382277717515
17,1492,1509,0.1534119374724994
16,1493,1509,0.15341371237008627
16,1499,1515,0.1534187014236951
17,1505,1522,0.1534235173477082
17,1508,1525,0.15342508296955373
14,1511,1525,0.1534267499123822
13,1503,1516,0.1534358705748965
13,1509,1522,0.15344707454011722
13,1509,1522,0.1534577034483648
14,1508,1522,0.1534677774591783
13,1518,1531,0.15347462933738104
13,1522,1535,0.15348381983014223
12,1510,1522,0.15349250965925715
12,1505,1517,0.15350326062756128
12,1507,1519,0.15351337311769309
12,1497,1509,0.153522882207701
12,1505,1517,0.15353182145027977
14,1504,1518,0.15354022287883148
14,1512,1526,0.1535418075475704
14,1501,1515,0.1535435001851082
13,1484,1497,0.15354527135545268
13,1486,1499,0.15354935826079635
13,1493,1506,0.15355333819695624
14,1499,1513,0.15355720049598967
14,1506,1520,0.15355847813817902
14,1513,1527,0.15355979943312897
14,1509,1523,0.1535611483309921
14,1500,1514,0.15356251124070297
14,1513,1527,0.15356387671582117
13,1501,1514,0.1535644591002236
14,1514,1528,0.1535675121187669
14,1504,1518,0.15356737671130602
14,1511,1525,0.15356747641339666
14,1510,1524,0.15356776783733758
13,1522,1535,0.15356733993016966
13,1506,1519,0.15356950332609712
13,1507,1520,0.1535720781182514
13,1505,1518,0.1535739507293717
13,1511,1524,0.15357594858149212
13,1504,1517,0.1535780358325606
13,1500,1513,0.15358018213244848
15,1490,1505,0.15358236190027824
15,1498,1513,0.15357877139589182
14,1501,1515,0.1535756847909699
16,1500,1516,0.15357454156724962
15,1500,1515,0.1535681999819875
15,1501,1516,0.15356495205010692
15,1497,1512,0.15356256972823773
15,1495,1510,0.15356014545165333
16,1500,1516,0.15355815315220067
16,1500,1516,0.15355411206199995
17,1506,1523,0.1535505581554341
16,1495,1511,0.153544233243903
15,1494,1509,0.15354093182215692
15,1493,1508,0.1535396647953461
14,1506,1520,0.15353878785398056
15,1510,1525,0.15354050863964852
14,1512,1526,0.15353975305252074
14,1499,1513,0.1535416313433992
15,1498,1513,0.1535435994827396
15,1508,1523,0.15354313915704423
15,1504,1519,0.15354254384811755
16,1508,1524,0.15354220205281943
16,1512,1528,0.15353965088495883
16,1526,1542,0.153537445305801
17,1511,1528,0.1535355431830137
19,1510,1529,0.15353081762128046
18,1483,1501,0.1535206459291966
18,1490,1508,0.153513820115928
18,1515,1533,0.15350773546323448
18,1516,1534,0.1535023091482704
19,1503,1522,0.15349746782914153
19,1510,1529,0.15349006341098445
19,1504,1523,0.15348341132380963
18,1504,1522,0.15347707070981556
19,1505,1524,0.1534737359391281
22,1505,1527,0.15346767741345915
22,1484,1506,0.15345351651229597
21,1502,1523,0.15344072781924972
21,1503,1524,0.15343142681587615
21,1508,1529,0.153423092631859
22,1512,1534,0.15341562025669708
22,1518,1540,0.15340569545307323
23,1514,1537,0.15339675417143245
22,1505,1527,0.15338543589428086
23,1504,1527,0.1533775775665382
23,1490,1513,0.15336736675192508
22,1494,1516,0.15335818666629789
19,1486,1505,0.15335232064674684
20,1501,1521,0.15335451992872978
19,1500,1519,0.15335339506931042
17,1492,1509,0.15335575141801377
17,1509,1526,0.15336285675411418
16,1504,1520,0.1533694615619272
16,1516,1532,0.15337800670685983
16,1514,1530,0.15338617718956124
16,1509,1525,0.15339397644819028
15,1508,1523,0.15340141015641554
16,1499,1515,0.1534109836002202
17,1511,1528,0.153417478097874
17,1503,1520,0.15342112253987802
17,1505,1522,0.1534237852799709
17,1515,1532,0.15342647531767
17,1510,1527,0.15342916632008544
17,1496,1513,0.15343183669722635
18,1505,1523,0.1534335499821734
18,1501,1519,0.15343300086784792
18,1492,1510,0.15343216952991973
17,1493,1510,0.15343163752624162
17,1495,1512,0.15343375046486535
17,1507,1524,0.15343593259905333
16,1504,1520,0.1534381570610952
16,1504,1520,0.15344270934189874
15,1498,1513,0.1534471211688043
16,1498,1514,0.15345402389143362
16,1492,1508,0.15345788802958757
16,1490,1506,0.15346139263764433
16,1468,1484,0.15346485861349035
17,1481,1498,0.15346821915230113
18,1499,1517,0.15346825460168906
17,1508,1525,0.15346535440609935
17,1503,1520,0.15346542036510855
15,1501,1516,0.1534656939090841
14,1505,1519,0.1534709341133974
13,1501,1514,0.15347879411105897
13,1506,1519,0.15348901815389607
13,1517,1530,0.1534986384261999
13,1499,1512,0.1535076875493569
13,1501,1514,0.15351619680593506
13,1508,1521,0.15352419613084764
11,1520,1531,0.15353171411504044
11,1519,1530,0.15354323660748798
10,1515,1525,0.15355405809168943
10,1514,1524,0.1535665446747937
11,1506,1517,0.15357826654894272
11,1497,1508,0.15358679344029322
11,1491,1502,0.15359482226271207
10,1489,1499,0.15360237945156058
10,1502,1512,0.15361186990650205
9,1507,1516,0.15362079424304592
9,1507,1516,0.15363146495497637
9,1509,1518,0.15364149189351844
9,1508,1517,0.1536509113429174
10,1492,1502,0.15365975789795214
9,1493,1502,0.15366488153869795
8,1497,1505,0.15367213538947633
8,1503,1511,0.15368125272422642
8,1495,1503,0.1536898897960045
8,1504,1512,0.15369806422194712
8,1496,1504,0.153705794186477
8,1498,1506,0.15371309818452722
8,1508,1516,0.15371999480998697
8,1492,1500,0.15372650258270545
8,1502,1510,0.1537326398083115
8,1509,1517,0.1537384244659029
8,1513,1521,0.15374387411935106
9,1521,1530,0.15374900584856124
8,1511,1519,0.15375088463357792
8,1509,1517,0.15375503561404133
8,1510,1518,0.15375900898054534
8,1520,1528,0.15376260889450186
6,1514,1520,0.1537660663480347
4,1519,1523,0.15377436362260694
4,1507,1511,0.15378705410003776
4,1515,1519,0.15379898514283508
4,1507,1511,0.15381019977251364
4,1506,1510,0.15382073890696468
4,1522,1526,0.1538306414152408
4,1515,1519,0.15383994417893262
4,1509,1513,0.15384868215841838
4,1517,1521,0.15385688846254555
3,1518,1521,0.1538645944205423
3,1514,1517,0.15387407132278383
4,1523,1527,0.15388297065919776
4,1518,1522,0.1538889432980985
3,1501,1504,0.1538945641078027
3,1508,1511,0.15390229128701388
3,1527,1530,0.15390955915281876
4,1525,1529,0.15391639409122454
4,1519,1523,0.15391983382972313
4,1509,1513,0.15392315048379945
4,1512,1516,0.15392634156628596
5,1501,1506,0.15392940590361984
4,1492,1496,0.15392918833314417
4,1497,1501,0.1539314043450064
2,1503,1505,0.15393362547934683
2,1512,1514,0.15394107758768552
3,1516,1519,0.15394811679450943
3,1507,1510,0.15395184518069463
2,1514,1516,0.15395545523849943
2,1513,1515,0.1539617128970319
2,1513,1515,0.1539676141556167
2,1503,1505,0.1539731772772489
2,1489,1491,0.1539784198519344
2,1495,1497,0.1539833587839664
2,1495,1497,0.15398801028639664
2,1509,1511,0.1539923898815042
3,1513,1516,0.15399651240622994
3,1516,1519,0.15399730926788519
1,1519,1520,0.15399815876415002
1,1509,1510,0.15400366896322534
1,1511,1512,0.15400891557525123
1,1527,1528,0.15401390445500096
1,1538,1539,0.15401864249991074
1,1521,1522,0.15402313739733914
1,1523,1524,0.15402739741264665
1,1524,1525,0.15403143121220275
1,1509,1510,0.15403524771624205
1,1505,1506,0.15403885597719522
1,1506,1507,0.15404226507973043
1,1514,1515,0.15404548405926433
1,1496,1497,0.15404852183615744
1,1503,1504,0.15405138716320058
1,1505,1506,0.15405408858433603
0,1514,1514,0.15405663440285125
