1373,28,1401,0.1357957865206116
1419,28,1447,0.13293452363408023
1436,29,1465,0.13020227274695664
1432,31,1463,0.12767094954761507
1432,30,1462,0.12538133614072092
1439,30,1469,0.12329894303651273
1440,29,1469,0.12138688418714139
1444,31,1475,0.11964636249273852
1452,32,1484,0.11805150426128978
1449,31,1480,0.11657926427788351
1445,33,1478,0.11524982837694667
1462,30,1492,0.11405085616274377
1467,30,1497,0.11291759741519743
1458,32,1490,0.1118753888397719
1464,34,1498,0.11094909661544178
1453,34,1487,0.1100904955800814
1451,35,1486,0.10933619880450596
1447,36,1483,0.10865636123123902
1459,36,1495,0.1080482160443454
1458,36,1494,0.10746800357595028
1456,37,1493,0.10694197017122402
1471,37,1508,0.10646924188450034
1452,37,1489,0.10600353675634239
1459,35,1494,0.10562447350238141
1444,36,1480,0.10526549672800037
1444,37,1481,0.10497432089074524
1442,37,1479,0.104710792165425
1449,40,1489,0.10447629630474785
1447,41,1488,0.10424733468491447
1456,39,1495,0.10404281429463377
1454,35,1489,0.10383718973824524
1458,35,1493,0.10365394523343043
1439,35,1474,0.10347631906561289
1446,35,1481,0.10335912773449635
1433,40,1473,0.10323753987305821
1434,41,1475,0.10315712959234492
1436,41,1477,0.10308284833330728
1441,43,1484,0.10301141562674612
1434,43,1477,0.10293403304741638
1440,41,1481,0.10287961069578219
1436,41,1477,0.10281756527366319
1439,42,1481,0.1027693842259951
1436,42,1478,0.1027180448238818
1437,43,1480,0.10267902659280334
1444,43,1487,0.10263897895899522
1450,41,1491,0.1025898945221083
1458,41,1499,0.10252865534590601
1452,41,1493,0.10245350874099415
1454,42,1496,0.10239843939115442
1450,41,1491,0.10234483412167492
1441,42,1483,0.10230524193462202
1451,44,1495,0.10228861181448863
1452,45,1497,0.10225222520252601
1435,42,1477,0.10221873706701157
1446,42,1488,0.10222883339646945
1462,42,1504,0.10221066990950176
1443,40,1483,0.10215757965258518
1439,37,1476,0.10214945395898789
1425,37,1462,0.1021515281427158
1436,40,1476,0.10218510305778192
1451,41,1492,0.10219273481994819
1460,40,1500,0.10216484104400454
1448,41,1489,0.10211886237580611
1450,39,1489,0.10210324332522669
1451,36,1487,0.10208464856804486
1458,38,1496,0.10206487098271408
1465,39,1504,0.10203253403036086
1460,39,1499,0.10198563501007751
1469,37,1506,0.10195430141677896
1469,37,1506,0.10190633446732981
1455,39,1494,0.1018633608325624
1451,42,1493,0.10185616521986185
1442,41,1483,0.10185859821633159
1439,41,1480,0.10188057749075959
1438,43,1481,0.10190867144132643
1452,43,1495,0.10193845736690083
1444,45,1489,0.10193308573407668
1445,45,1490,0.10194694377754868
1449,43,1492,0.1019579784526743
1453,44,1497,0.10196068217804852
1460,44,1504,0.10195340476334237
1464,42,1506,0.10193039078234481
1466,41,1507,0.10190071109903007
1461,43,1504,0.10186955614110975
1458,43,1501,0.1018524314485435
1459,43,1502,0.10184369148561637
1470,43,1513,0.10183327542939963
1470,42,1512,0.10179818466198036
1462,42,1504,0.10176396710740354
1453,42,1495,0.10175156662918486
1448,43,1491,0.10176086349657552
1430,43,1473,0.10178065512361169
1432,43,1475,0.10184005738705264
1449,44,1493,0.101889708526475
1435,43,1478,0.10189876003634617
1432,43,1475,0.10193770692838733
1439,43,1482,0.10198106034250892
1431,42,1473,0.10200379450643438
1435,43,1478,0.10204241497345751
1438,43,1481,0.10206943958952631
1441,43,1484,0.10208673137796483
1452,41,1493,0.10209629461431331
1450,39,1489,0.10207973279081635
1457,40,1497,0.10206961468229761
1455,40,1495,0.10204487509383613
1457,42,1499,0.10202441612246396
1450,42,1492,0.10200162004466272
1448,41,1489,0.10199701447157822
1462,40,1502,0.10199643508301204
1464,41,1505,0.1019646095597136
1463,41,1504,0.10193260359668348
1438,41,1479,0.10190524044998334
1440,38,1478,0.10193627991935465
1424,38,1462,0.10196258047275453
1440,40,1480,0.10202142119409116
1447,42,1489,0.1020400957647439
1441,44,1485,0.10204226332017921
1441,46,1487,0.1020568317380702
1447,44,1491,0.10207057933148352
1454,41,1495,0.10206777872837203
1453,41,1494,0.10205066401377146
1443,39,1482,0.10203773465329274
1434,41,1475,0.10204801022767032
1444,43,1487,0.1020782731623518
1436,47,1483,0.10208463606996912
1445,47,1492,0.10210825527025434
1445,47,1492,0.1021085222193178
1438,49,1487,0.10210989872924905
1443,50,1493,0.10212618057223136
1443,50,1493,0.10213028822309181
1456,48,1504,0.10213474024744382
1455,50,1505,0.10211091288062173
1454,50,1504,0.10209137567253147
1452,51,1503,0.10207565870276782
1455,52,1507,0.1020645729817293
1453,51,1504,0.1020477092010006
1456,48,1504,0.10203798185936329
1438,49,1487,0.10202125692768174
1443,49,1492,0.1020468190640493
1442,48,1490,0.1020602094459331
1448,48,1496,0.10207370028292036
1440,50,1490,0.10207287739818083
1439,48,1487,0.10209147874834812
1438,50,1488,0.10210975845726514
1437,51,1488,0.1021302885746741
1438,52,1490,0.10214994665221085
1450,52,1502,0.1021675173227273
1446,52,1498,0.10215621419804882
1445,53,1498,0.10215363902417174
1444,54,1498,0.10215459993169343
1436,57,1493,0.10215818164622485
1437,59,1496,0.1021813041811434
1421,60,1481,0.10220273262489094
1411,61,1472,0.10225697495172831
1405,62,1467,0.10232842977010591
1415,56,1471,0.10240876920840943
1411,62,1473,0.1024619463827195
1410,63,1473,0.10252082548002789
1416,65,1481,0.10257709716222083
1411,66,1477,0.10261751751929069
1399,66,1465,0.10266439960177148
1401,68,1469,0.10273417605918031
1405,66,1471,0.10279454643380728
1415,69,1484,0.10284271828698258
1418,72,1490,0.10286417679587015
1425,70,1495,0.10287639643343802
1426,67,1493,0.10287079311556382
1417,70,1487,0.10286349723309794
1415,72,1487,0.10287711322337324
1420,70,1490,0.10289388744790141
1413,69,1482,0.10289717582511873
1424,65,1489,0.10291786706862645
1424,69,1493,0.10291140125930742
1420,69,1489,0.10290631466518028
1405,70,1475,0.10291152210953072
1413,69,1482,0.10295071066753053
1406,65,1471,0.102965730909767
1423,65,1488,0.10299530665216317
1423,67,1490,0.10298453048911833
1427,67,1494,0.1029735578573313
1431,63,1494,0.1029550075636898
1446,64,1510,0.10292532902178345
1436,65,1501,0.10286676107773719
1438,65,1503,0.10283495929019805
1438,66,1504,0.1028028160261228
1429,68,1497,0.10277229014932857
1421,72,1493,0.10276506102566405
1412,70,1482,0.10277627022684314
1393,72,1465,0.10280766694656648
1418,74,1492,0.10288049788247836
1427,74,1501,0.10289119557459118
1430,74,1504,0.10288075269178126
1434,77,1511,0.10286325044136392
1434,77,1511,0.102838919894302
1422,76,1498,0.10281840314962362
1421,74,1495,0.10282550435879774
1427,77,1504,0.10283442643479625
1428,82,1510,0.10283097866339762
1428,82,1510,0.10282704294813044
1422,86,1508,0.10282481778656503
1419,85,1504,0.10283650134584392
1418,85,1503,0.10285429659662934
1428,84,1512,0.10287354035685203
1416,86,1502,0.10286981722983754
1413,85,1498,0.10289166043090058
1420,85,1505,0.10291800077402581
1424,83,1507,0.10292880508700654
1420,87,1507,0.10293206404223815
1418,89,1507,0.10294291701177767
1410,90,1500,0.10295357456709954
1401,88,1489,0.10298197113389651
1406,86,1492,0.10302920805862187
1429,84,1513,0.103060642756976
1431,82,1513,0.10303677288606843
1435,79,1514,0.10300933632101064
1438,81,1519,0.10297576495542683
1439,79,1518,0.10293896393487692
1435,77,1512,0.10290519307763406
1431,78,1509,0.102881335329429
1430,78,1508,0.10286927798657061
1425,78,1503,0.10285853178475443
1424,77,1501,0.10285875912536892
1420,74,1494,0.10286176723209088
1419,74,1493,0.10287572392541926
1417,77,1494,0.10289141747473231
1417,80,1497,0.10291113404863646
1417,84,1501,0.10292834604579028
1425,83,1508,0.10294220254623364
1420,82,1502,0.10293791726290615
1410,81,1491,0.10294557896489451
1399,81,1480,0.1029757707721284
1404,84,1488,0.10302820890009379
1412,84,1496,0.10306647322247492
1418,83,1501,0.1030840452447217
1416,86,1502,0.10308464667143427
1413,87,1500,0.10308847329515768
1398,89,1487,0.10309932935128888
1406,87,1493,0.10314328378924627
1407,87,1494,0.1031649756657452
1404,88,1492,0.1031823357572474
1399,85,1484,0.10320668961577402
1403,91,1494,0.103240647713075
1396,89,1485,0.10326438858456166
1399,91,1490,0.10330152186666139
1410,93,1503,0.10332916119805788
1411,92,1503,0.10332933257299981
1403,93,1496,0.10332551760459514
1399,95,1494,0.10334234037652426
1399,98,1497,0.10336694067234997
1413,97,1510,0.10338831770698807
1413,99,1512,0.10337858047898774
1416,101,1517,0.10337125967855015
1412,100,1512,0.10335671407020623
1418,104,1522,0.1033532659533245
1405,103,1508,0.10333835841593426
1400,106,1506,0.10335427424760177
1394,106,1500,0.10337906025377937
1387,101,1488,0.10341671606874499
1392,104,1496,0.1034687293508794
1394,106,1500,0.10350418522295868
1396,110,1506,0.1035341316691293
1392,107,1499,0.1035567359501161
1402,108,1510,0.1035861446167707
1388,103,1491,0.10359304877124112
1386,108,1494,0.10362870218384324
1390,109,1499,0.10366697379126123
1396,111,1507,0.1036924605861886
1387,112,1499,0.10370413733112173
1400,110,1510,0.10373446164523398
1393,111,1504,0.10373438109143603
1382,111,1493,0.10375061194600015
1389,110,1499,0.10379080536664449
1378,111,1489,0.10381164511304462
1380,111,1491,0.1038576543415882
1386,110,1496,0.10389673699817009
1387,110,1497,0.10391772672472734
1374,112,1486,0.10393488057689354
1378,114,1492,0.10397916238865404
1377,118,1495,0.10400926564265343
1364,116,1480,0.10404019533747172
1375,117,1492,0.10409709787327316
1376,115,1491,0.10412374882283146
1375,112,1487,0.10414471609891887
1389,112,1501,0.10416793407658734
1392,111,1503,0.10415642284736595
1379,113,1492,0.104139867287574
1379,110,1489,0.1041519573547692
1385,112,1497,0.10416545914973999
1384,113,1497,0.10416319317341503
1375,113,1488,0.10416281126921101
1369,109,1478,0.10418393412266645
1375,113,1488,0.10421767578636365
1370,116,1486,0.10423617130530861
1377,120,1497,0.10426479342471812
1371,121,1492,0.10427788596348794
1378,124,1502,0.10430303471311379
1381,125,1506,0.10430920560694673
1370,124,1494,0.10431007306274123
1357,122,1479,0.1043350428429747
1351,120,1471,0.10438760870456935
1361,120,1481,0.10444819965876757
1365,121,1486,0.1044812288969965
1379,121,1500,0.10450424200890307
1382,123,1505,0.10449430432672002
1378,125,1503,0.10447855566442943
1384,126,1510,0.10447288301376517
1375,125,1500,0.10445433587758672
1369,121,1490,0.10445799058805559
1362,123,1485,0.10447645957241056
1366,118,1484,0.10450793066231329
1369,118,1487,0.10452554236129799
1375,114,1489,0.1045341595774259
1376,112,1488,0.10452943942895761
1372,112,1484,0.10452100232022535
1366,112,1478,0.10452000791496324
1363,113,1476,0.10453382593744777
1361,113,1474,0.10455189616191447
1380,113,1493,0.10457380038952291
1384,109,1493,0.10455086133423228
1374,111,1485,0.10452243100717769
1383,114,1497,0.10451661723566766
1373,120,1493,0.10449122667864788
1378,120,1498,0.10449212260758928
1374,119,1493,0.10448404104072719
1368,121,1489,0.10448631166232257
1391,121,1512,0.10450121795590599
1377,118,1495,0.10446047788410663
1365,119,1484,0.10445519725130888
1361,123,1484,0.10447848681803318
1373,120,1493,0.1045120163403998
1381,123,1504,0.10451589754798044
1381,122,1503,0.10449949422082369
1380,125,1505,0.10448099514468581
1374,126,1500,0.10446680868842734
1378,125,1503,0.10446835153391244
1374,126,1500,0.10446171411192541
1372,124,1496,0.10446571787140847
1372,119,1491,0.10447644739483383
1369,123,1492,0.10448668734768489
1377,124,1501,0.10450194854448597
1378,124,1502,0.10449985649502137
1379,125,1504,0.1044965255322192
1376,128,1504,0.10449166812273053
1382,132,1514,0.10449437322061814
1376,133,1509,0.10448281426092805
1369,129,1498,0.10448526869487824
1371,131,1502,0.10450461079084947
1371,136,1507,0.10451851400575897
1373,140,1513,0.1045313992689228
1377,136,1513,0.10453804174977581
1374,137,1511,0.1045368862910431
1373,140,1513,0.10454304585589141
1364,143,1507,0.10455153809110591
1354,145,1499,0.10458018475051203
1354,145,1499,0.10462909582342497
1343,148,1491,0.1046755439730774
1343,146,1489,0.10474270296055346
1359,147,1506,0.10480578697051231
1349,147,1496,0.10482814356042519
1352,149,1501,0.10487045938609786
1357,150,1507,0.10490321680054983
1366,148,1514,0.10492119944716656
1351,150,1501,0.1049168530906267
1343,151,1494,0.10494763145609949
1344,152,1496,0.10499572822159188
1353,147,1500,0.10503922026809587
1356,148,1504,0.10505709152482598
1361,148,1509,0.10506628002305646
1355,149,1504,0.10506487739213927
1346,151,1497,0.10507599553265741
1337,154,1491,0.10510647301512986
1356,157,1513,0.1051542272816846
1350,156,1506,0.10515743801379748
1359,158,1517,0.10517422167663731
1356,161,1517,0.10517072928808859
1337,158,1495,0.10517568562113024
1351,159,1510,0.10522423318349819
1356,163,1519,0.10523769679088205
1342,162,1504,0.10523915564936591
1341,163,1504,0.10527244087719445
1343,158,1501,0.105307384891119
1340,160,1500,0.10533470219002342
1337,163,1500,0.10536537844576138
1327,170,1497,0.10540006704244913
1322,175,1497,0.10545268134186755
1323,173,1496,0.10551316755204404
1317,175,1492,0.10556853258049043
1313,177,1490,0.10563255473335832
1314,179,1493,0.10570256177131793
1328,177,1505,0.10576498873553768
1336,175,1511,0.10579101802437611
1318,178,1496,0.10579857035671798
1329,180,1509,0.10584872780644652
1316,180,1496,0.10586998868906733
1310,183,1493,0.10592030519383304
1303,184,1487,0.10598067369508066
1306,187,1493,0.10605291999449833
1304,185,1489,0.10611213128510695
1306,186,1492,0.10616912957919507
1311,181,1492,0.1062166134187374
1308,182,1490,0.10624777102476496
1309,183,1492,0.10628659761329194
1319,185,1504,0.10631876279533475
1321,189,1510,0.10632509009688594
1312,185,1497,0.10632617454904374
1309,188,1497,0.10634813679027871
1312,192,1504,0.10637592845489661
1297,195,1492,0.10639473941784573
1308,194,1502,0.10644821278619691
1305,192,1497,0.10647055328464003
1315,194,1509,0.10650056729138459
1311,192,1503,0.10650537690138354
1312,191,1503,0.10651839930416361
1303,195,1498,0.10652628181660606
1308,201,1509,0.10655624055130683
1312,197,1509,0.10657533806778685
1295,199,1494,0.10658520780372373
1307,202,1509,0.10663460362321789
1296,205,1501,0.1066514410918931
1296,207,1503,0.10669143490962923
1296,203,1499,0.10672778035649408
1297,203,1500,0.10676203971461053
1294,208,1502,0.10679328524590215
1280,208,1488,0.10683020763767118
1279,205,1484,0.1068969461858413
1266,199,1465,0.10696073690394194
1275,199,1474,0.10704822463378807
1264,201,1465,0.10711133797278677
1267,205,1472,0.10719109494378898
1283,203,1486,0.10725682382292252
1291,205,1496,0.10728071683513127
1292,202,1494,0.10728437775198611
1295,205,1500,0.10728628670240266
1300,210,1510,0.10728141913671436
1304,209,1513,0.10726504261107805
1297,211,1508,0.10724307781079924
1286,209,1495,0.10724021626440283
1286,210,1496,0.10726273730569044
1280,211,1491,0.10728414530573098
1288,213,1501,0.10731751470371316
1278,214,1492,0.10732984203429353
1286,207,1493,0.10736382266025445
1279,209,1488,0.10737614566561217
1269,214,1483,0.10740257051923933
1284,216,1500,0.10745061758702194
1284,223,1507,0.10746167068452245
1285,220,1505,0.10747263090842962
1285,224,1509,0.10748148779239207
1285,222,1507,0.10748824371545435
1283,222,1505,0.10749591433026412
1289,225,1514,0.10750554477734994
1278,225,1503,0.10750073050457257
1279,223,1502,0.10752074068585639
1290,217,1507,0.10753782905009884
1282,218,1500,0.10752982778449471
1272,220,1492,0.10754162845674703
1282,219,1501,0.10757347819820773
1268,222,1490,0.10757950731190576
1278,226,1504,0.10761889573890683
1272,224,1496,0.10763391321079344
1286,223,1509,0.10766136526728211
1287,221,1508,0.10765571477350429
1277,226,1503,0.10764898713308532
1284,222,1506,0.10766384551607196
1269,227,1496,0.10766113916964047
1267,228,1495,0.10769332396544813
1261,228,1489,0.10772892164445252
1252,229,1481,0.10777671150054893
1254,232,1486,0.1078415963178426
1255,225,1480,0.10789596093156621
1252,227,1479,0.10794381682830963
1258,230,1488,0.10799582696723277
1274,232,1506,0.10803029267105957
1264,232,1496,0.10802529899494955
1272,232,1504,0.10804165377030364
1266,229,1495,0.10804027457817593
1264,229,1493,0.10805136398149873
1255,235,1490,0.10806965154272245
1253,232,1485,0.1081078156641589
1270,230,1500,0.10814789259596552
1261,238,1499,0.10814374951594594
1249,239,1488,0.10816207455856347
1239,241,1480,0.10820599049690866
1250,242,1492,0.1082703411099143
1249,243,1492,0.10830689836786195
1247,242,1489,0.10834177767476878
1252,242,1494,0.10837709424039428
1249,243,1492,0.10839869168455415
1255,246,1501,0.10842688305537823
1251,238,1489,0.10844099531866198
1251,240,1491,0.10846410460804971
1257,241,1498,0.108486430112142
1252,245,1497,0.10849286130729535
1244,246,1490,0.10851084917844482
1238,240,1478,0.10854716363573315
1252,243,1495,0.1085915877331319
1252,244,1496,0.10860274631896853
1253,244,1497,0.1086116029902756
1260,243,1503,0.10861562844698884
1257,247,1504,0.1086041859853295
1251,244,1495,0.10860002906164612
1255,245,1500,0.10860982299408936
1253,240,1493,0.10860714269584441
1241,236,1477,0.10860974146984997
1242,235,1477,0.1086375410097438
1257,238,1495,0.108661197156218
1263,241,1504,0.10864911405277664
1267,240,1507,0.10862550752179675
1252,241,1493,0.10859557956542484
1249,243,1492,0.10860162682416145
1255,243,1498,0.10861504177222323
1249,242,1491,0.10861565465323984
1246,244,1490,0.1086299366029703
1257,244,1501,0.10865051890331237
1262,241,1503,0.10864277210756136
1265,237,1502,0.10862592851638389
1272,252,1524,0.10860356317291331
1268,251,1519,0.1085677452709994
1256,247,1503,0.10854362362279904
1253,250,1503,0.10854990481706547
1252,252,1504,0.10856253790452819
1251,247,1498,0.10857741935008013
1248,251,1499,0.1085935244747375
1251,257,1508,0.10861494829935157
1248,259,1507,0.10862980310948482
1234,260,1494,0.10864987088049528
1241,259,1500,0.10870189829593979
1240,257,1497,0.1087348203912653
1227,261,1488,0.10876711116898523
1232,261,1493,0.10882701608727277
1223,262,1485,0.10887150569434789
1219,259,1478,0.10893441306948343
1220,254,1474,0.10900333038728519
1199,258,1457,0.10906224602706878
1213,266,1479,0.10916434123601938
1210,273,1483,0.1092281523763757
1207,267,1474,0.10929327871638275
1210,269,1479,0.10936083745177788
1206,272,1478,0.10941437715980762
1208,278,1486,0.10947330946574993
1222,280,1502,0.1095265465709613
1217,276,1493,0.10954284211754751
1212,282,1494,0.10956952955708016
1209,278,1487,0.10960805176246285
1237,278,1515,0.10965123107142535
1231,282,1513,0.10962588978137962
1225,279,1504,0.1096167120930572
1212,279,1491,0.1096222312933291
1212,284,1496,0.1096548318310851
1208,283,1491,0.10968756463757959
1210,274,1484,0.10972477028540652
1217,272,1489,0.1097557507460603
1220,275,1495,0.10976996569325471
1222,280,1502,0.10977433460959435
1210,283,1493,0.10977596663604515
1203,282,1485,0.10980787360625183
1209,279,1488,0.1098534659498523
1198,284,1482,0.10988172226608615
1202,281,1483,0.10993136883314278
1206,279,1485,0.10996769791945091
1200,281,1481,0.10998985800206505
1196,280,1476,0.11002522126787852
1190,285,1475,0.11006616918724706
1198,285,1483,0.11011619823216406
1200,288,1488,0.11014128404441013
1205,287,1492,0.1101611163856186
1207,287,1494,0.11016980097651022
1207,282,1489,0.11017528703335434
1207,278,1485,0.11017997536365602
1203,287,1490,0.11018661691188995
1201,290,1491,0.11020288579570582
1189,290,1479,0.1102212215772932
1195,291,1486,0.11026561466989335
1203,292,1495,0.11029419817182866
1197,290,1487,0.11030099298624432
1201,290,1491,0.11032162016821206
1210,292,1502,0.11033027950470696
1204,289,1493,0.11031571987510244
1217,292,1509,0.11031699528816506
1204,285,1489,0.11028939554992484
1207,293,1500,0.11029363198222525
1197,290,1487,0.1102904210502658
1197,288,1485,0.11031246727170453
1186,292,1478,0.11033463287520179
1194,297,1491,0.11037845294603564
1199,296,1495,0.11039995349334983
1206,295,1501,0.11040903744808431
1214,295,1509,0.11040090625324366
1210,299,1509,0.11037653450727515
1197,294,1491,0.11036374210809438
1195,291,1486,0.11038106459168624
1202,292,1494,0.1104002258769766
1211,294,1505,0.11040153604275718
1207,295,1502,0.1103808392581106
1210,297,1507,0.11037231524453386
1204,295,1499,0.11035979743043096
1201,297,1498,0.11036042421150363
1202,296,1498,0.11037107326090237
1200,296,1496,0.11037419993956146
1200,296,1496,0.11038314412682014
1197,297,1494,0.11039310067228293
1192,295,1487,0.11040791095098096
1183,297,1480,0.11043385478727931
1189,290,1479,0.11047783303059151
1188,288,1476,0.11050475283348016
1189,289,1478,0.11053138575002608
1194,284,1478,0.11055683645591378
1193,285,1478,0.11056765205577111
1198,296,1494,0.11057839114866333
1195,303,1498,0.11057588956628071
1187,297,1484,0.11058243836210777
1195,298,1493,0.11060713069250458
1200,303,1503,0.11061127756522854
1198,303,1501,0.11060397589122914
1194,302,1496,0.11060157417798579
1214,293,1507,0.11060944548625046
1218,292,1510,0.11057042962541919
1201,291,1492,0.11052569857417889
1191,293,1484,0.11052269026690373
1193,295,1488,0.1105435733812752
1195,292,1487,0.11056075418192168
1191,291,1482,0.1105727243295349
1174,288,1462,0.11059340366714433
1186,295,1481,0.11065207474399863
1198,298,1496,0.11067485870844454
1201,297,1498,0.11066867107546491
1200,299,1499,0.11065593896798485
1192,305,1497,0.11064782083380324
1202,303,1505,0.1106590864058327
1203,299,1502,0.11064492255387638
1195,304,1499,0.11063055106368616
1194,308,1502,0.11063656425910008
1184,309,1493,0.11064432575216288
1195,311,1506,0.11067579226977971
1193,315,1508,0.11067991214081677
1186,312,1498,0.11069083242130862
1179,314,1493,0.11071881603784214
1183,316,1499,0.11076111267754221
1190,313,1503,0.11078867200589762
1192,315,1507,0.11079424822662286
1188,316,1504,0.11079731342592022
1181,317,1498,0.1108086673750194
1182,316,1498,0.11083501175000395
1172,309,1481,0.11085766607350062
1169,311,1480,0.11090225975264606
1171,315,1486,0.11094852766271948
1176,311,1487,0.11098734103734065
1168,306,1474,0.11101258641952931
1184,308,1492,0.1110550251968706
1193,314,1507,0.11105605808464414
1182,317,1499,0.11103633710897515
1172,316,1488,0.11104498596130417
1181,313,1494,0.11107752388247089
1182,317,1499,0.11108595882379682
1182,323,1505,0.11108932327824897
1194,323,1517,0.11109138448240216
1178,322,1500,0.11106360612888434
1195,320,1515,0.11107641944329323
1186,322,1508,0.11105084712598799
1179,321,1500,0.11104842312622268
1190,325,1515,0.11106078461284483
1183,323,1506,0.11104680698982168
1192,327,1519,0.11104834458970206
1180,326,1506,0.11102839318013032
1179,322,1501,0.11103700161903352
1176,321,1497,0.11104652611937667
1170,330,1500,0.1110643048488718
1190,324,1514,0.11109499619050531
1181,319,1500,0.11107772674791931
1181,318,1499,0.11108126807160076
1174,314,1488,0.11108552301728775
1168,310,1478,0.11110648899245298
1163,309,1472,0.11114043853902039
1168,310,1478,0.11118154222894702
1165,311,1476,0.11120803584758918
1174,321,1495,0.11123827794540896
1172,326,1498,0.1112434794366965
1160,330,1490,0.11125149235819624
1150,340,1490,0.1112887265065896
1147,332,1479,0.11134749001029469
1160,331,1491,0.11140951929402415
1167,329,1496,0.11143569942977141
1173,332,1505,0.11144682095505416
1158,328,1486,0.11144121389668435
1158,333,1491,0.11147013240083148
1148,334,1482,0.11149523510349475
1140,330,1470,0.11154221667802769
1141,326,1467,0.11160449545963314
1150,330,1480,0.11165787807821344
1150,336,1486,0.11168547396198428
1147,338,1485,0.11171124062687297
1152,340,1492,0.11174176960926545
1141,333,1474,0.11175767195008834
1157,333,1490,0.11179970594812894
1155,333,1488,0.11180005216435099
1155,331,1486,0.1118039778327316
1143,331,1474,0.11180793011222555
1155,326,1481,0.11183953280772578
1161,323,1484,0.11183913808731866
1166,323,1489,0.11182380055117427
1169,329,1498,0.11179730717177501
1170,329,1499,0.11176873448195059
1176,326,1502,0.11174134853512621
1181,330,1511,0.11169956604556877
1190,327,1517,0.11164844579833481
1181,331,1512,0.11157935564840349
1175,333,1508,0.11153617351378099
1178,336,1514,0.11151233896673052
1182,328,1510,0.11148468587641105
1174,334,1508,0.11145170813816581
1164,329,1493,0.11143857221990833
1151,333,1484,0.11144860829490362
1160,336,1496,0.11149032138225191
1163,335,1498,0.11150941398817897
1159,334,1493,0.11151969241692894
1165,333,1498,0.11153829047811198
1177,336,1513,0.11154141489832226
1171,335,1506,0.11151754324855695
1171,337,1508,0.11150984680256702
1160,331,1491,0.11150555588680518
1163,331,1494,0.11152574225478283
1167,341,1508,0.11153990875498775
1182,336,1518,0.11154576712636473
1174,337,1511,0.11151744524845399
1161,338,1499,0.11150980693864486
1160,335,1495,0.11153400817348988
1153,332,1485,0.11155798321405648
1155,330,1485,0.11159384134847158
1152,333,1485,0.11162320412963204
1143,326,1469,0.11165807946472153
1153,321,1474,0.11171026225592934
1151,319,1470,0.11173357889755692
1162,330,1492,0.11175845599556389
1163,329,1492,0.11175453948252217
1162,329,1491,0.11174579791944261
1170,334,1504,0.11173904416761404
1178,333,1511,0.1117138554458462
1181,331,1512,0.11167186235340804
1174,331,1505,0.11162876481423595
1167,336,1503,0.11160570618839664
1179,334,1513,0.11160278832711916
1181,333,1514,0.1115738183532025
1172,336,1508,0.11154300459541105
1169,345,1514,0.1115336316938032
1178,340,1518,0.11153313511346377
1166,338,1504,0.11151009626856848
1166,335,1501,0.11151847635611553
1162,339,1501,0.11152700545798512
1149,344,1493,0.11154690756631717
1154,341,1495,0.11159588404175945
1144,340,1484,0.11163067864226289
1150,338,1488,0.11168703252548605
1143,347,1490,0.11172331229280338
1136,345,1481,0.11177272359394846
1122,349,1471,0.11183488522335416
1127,358,1485,0.11192614524927162
1132,361,1493,0.1119986672591568
1136,362,1498,0.11205565369172774
1141,358,1499,0.11209889672786008
1133,354,1487,0.1121260691617085
1134,357,1491,0.11216582910561808
1138,358,1496,0.11220122283332618
1136,359,1495,0.11222504029356331
1136,360,1496,0.11225333705268493
1132,351,1483,0.11228097652674522
1128,355,1483,0.1123157038676336
1125,360,1485,0.11235441112724662
1126,366,1492,0.1123979620702344
1122,371,1493,0.11243389482409924
1125,370,1495,0.11247944288705793
1137,359,1496,0.11251508777324518
1125,367,1492,0.11252020168819594
1118,362,1480,0.11255258895922371
1117,364,1481,0.11259952268475786
1116,371,1487,0.11264643433419065
1115,379,1494,0.1126926789880697
1113,378,1491,0.11273802073511639
1112,382,1494,0.11278433567071751
1115,381,1496,0.11283040021327252
1119,380,1499,0.11286653544488544
1129,375,1504,0.11289197149657593
1135,375,1510,0.11289329421606435
1138,372,1510,0.1128787034944327
1123,373,1496,0.11285922486873291
1112,379,1491,0.11287712719246365
1106,372,1478,0.11291827304374216
1099,375,1474,0.11297066125509919
1107,376,1483,0.11303463644094443
1109,377,1486,0.11307261264708796
1109,386,1495,0.11310507870216784
1112,387,1499,0.1131341778555676
1125,381,1506,0.11315473800640706
1123,383,1506,0.1131440314686694
1124,381,1505,0.11314049524205794
1124,389,1513,0.11313781373016324
1123,394,1517,0.11313565643945449
1121,396,1517,0.1131365385439463
1125,396,1521,0.11314430075044482
1115,393,1508,0.11314283785908158
1109,393,1502,0.11316545626100945
1109,392,1501,0.11319830052017292
1109,395,1504,0.11323202179368576
1110,391,1501,0.11326139191739955
1099,393,1492,0.11328761019250333
1096,390,1486,0.11333737835667101
1101,396,1497,0.11339100914088224
1094,392,1486,0.11343000756661574
1089,390,1479,0.11347901638603254
1096,397,1493,0.11353388928266969
1099,399,1498,0.11356995989110315
1109,395,1504,0.11359849001997745
1119,400,1519,0.11359965243434372
1099,405,1504,0.11357991922881115
1095,406,1501,0.11360890154324575
1086,401,1487,0.113645840197583
1091,406,1497,0.11369987315266915
1089,408,1497,0.11373853570028775
1087,405,1492,0.11377864429727857
1105,406,1511,0.11382193749454245
1102,403,1505,0.11382011554688973
1098,405,1503,0.11382526334359384
1100,411,1511,0.1138387735078055
1099,412,1511,0.11384862875275187
1102,410,1512,0.11385973467279395
1111,410,1521,0.11386233369100715
1115,401,1516,0.11384309801183971
1114,404,1518,0.1138172284124827
1107,407,1514,0.11379518494340568
1108,409,1517,0.1137935439408906
1099,414,1513,0.1137919404341626
1090,408,1498,0.1138089289520818
1092,410,1502,0.1138453807594995
1092,412,1504,0.11387545442152078
1086,407,1493,0.1139026162738543
1091,410,1501,0.11394139901734864
1095,409,1504,0.11396522213193971
1097,409,1506,0.11397979544473849
1091,411,1502,0.1139885774394977
1093,417,1510,0.11400915504440264
1093,418,1511,0.11402642239916005
1081,423,1504,0.11404341007151825
1091,418,1509,0.11408456530421318
1090,416,1506,0.11409739639445488
1094,414,1508,0.11411155239188175
1079,412,1491,0.1141151250003058
1090,417,1507,0.1141509174919581
1083,425,1508,0.11416138762382318
1092,427,1519,0.1141890455646209
1076,422,1498,0.11419439824219416
1068,422,1490,0.11423478087208469
1072,421,1493,0.11429135912001989
1071,418,1489,0.11433680666423549
1075,422,1497,0.11438210159213007
1079,425,1504,0.11441544731363291
1061,425,1486,0.11443584901520477
1066,426,1492,0.11449530443427815
1069,432,1501,0.11453990616897416
1061,437,1498,0.11457457373210525
1055,436,1491,0.1146254014067311
1050,449,1499,0.11468692011744012
1053,446,1499,0.1147565658027103
1053,453,1506,0.11481348030899001
1058,450,1508,0.11486561059736548
1062,447,1509,0.11490289266005953
1061,444,1505,0.11493002072415134
1056,447,1503,0.1149583271742038
1053,452,1505,0.11499736967295814
1052,448,1500,0.11504059195746731
1049,448,1497,0.1150828435750804
1057,452,1509,0.11513136837849736
1053,452,1505,0.11515978012515717
1057,452,1509,0.1151970717054742
1057,454,1511,0.11522365114401627
1057,448,1505,0.11524621437810165
1061,436,1497,0.11526615090609021
1053,439,1492,0.11527547539728872
1042,440,1482,0.11530229497542745
1047,440,1487,0.11535378097210809
1046,435,1481,0.11539021878432074
1038,440,1478,0.11542426877687326
1050,443,1493,0.11547457098499249
1047,449,1496,0.1154948890771659
1044,451,1495,0.11551856780254155
1053,451,1504,0.11554977016893136
1059,443,1502,0.11555672702971322
1062,453,1515,0.11555082926414328
1055,462,1517,0.1155379823348583
1044,457,1501,0.11554094700001023
1044,456,1500,0.11556974220735766
1049,456,1505,0.11559624906803975
1052,451,1503,0.11560823067622289
1060,446,1506,0.11561321605145249
1053,447,1500,0.11559805488655064
1056,442,1498,0.11560024623863302
1054,444,1498,0.11559540681690422
1061,448,1509,0.11559601501257251
1071,455,1526,0.11557761919798742
1068,455,1523,0.11553844205488627
1061,450,1511,0.11550818770724934
1059,455,1514,0.11549626691140481
1067,453,1520,0.1154888473116409
1065,452,1517,0.11546261774852173
1065,454,1519,0.11544426825745446
1053,454,1507,0.1154292500779668
1053,449,1502,0.11544129832154608
1053,441,1494,0.11545375489997456
1062,440,1502,0.11546340522923572
1057,441,1498,0.11545031390127916
1052,441,1493,0.11544878305270076
1052,447,1499,0.11546132574421641
1055,443,1498,0.11547509129683267
1054,443,1497,0.1154774440782119
1046,447,1493,0.11548303752660488
1030,446,1476,0.11550733256955475
1041,447,1488,0.11556511111656388
1043,448,1491,0.11559513164022484
1042,447,1489,0.11561823098406049
1029,453,1482,0.11564267821805872
1013,454,1467,0.11569637212356362
1014,458,1472,0.11578424795189032
1020,471,1491,0.1158634830112506
1014,473,1487,0.11592422884434112
1017,469,1486,0.11599445214778052
1018,464,1482,0.11605137384802694
1021,467,1488,0.11610116610958153
1029,469,1498,0.11614133842603203
1028,476,1504,0.11616042609783138
1030,482,1512,0.11618251259787188
1030,480,1510,0.1161984654081677
1028,478,1506,0.11621604742046042
1033,475,1508,0.11623842289570305
1034,478,1512,0.11624743764370332
1031,475,1506,0.11625305644203987
1013,476,1489,0.11626307025787173
1010,474,1484,0.1163169171678452
1026,480,1506,0.11637516742082826
1027,476,1503,0.11639122612066548
1026,472,1498,0.11640431280969554
1027,483,1510,0.11642069251185394
1029,483,1512,0.11643242466675544
1030,482,1512,0.11643965622140431
1017,489,1506,0.11644458383003371
1011,487,1498,0.11648032821229574
1023,494,1517,0.11652900442981025
1013,499,1512,0.11654844794093337
1013,496,1509,0.11658549154969453
1022,490,1512,0.11662012238148493
1020,491,1511,0.11663266190723269
1017,481,1498,0.11664981957202805
1021,483,1504,0.11667089467416542
1015,485,1500,0.11668084543149188
1021,483,1504,0.11670500402384082
1014,489,1503,0.11671291576132915
1011,492,1503,0.11673650832424051
1005,497,1502,0.1167653851649375
998,495,1493,0.11680713167908266
1005,501,1506,0.11686412346943646
1008,506,1514,0.11690048487110481
1008,507,1515,0.11692436590232781
1010,501,1511,0.11694866387606732
1016,503,1519,0.11696732495413263
1003,504,1507,0.11696871926534534
1006,504,1510,0.11699934827802679
1009,503,1512,0.11702162745005458
1016,506,1522,0.11703419238085906
1025,497,1522,0.11703041212808538
1014,489,1503,0.11700863874036031
1011,485,1496,0.11701375489398255
1007,486,1493,0.11702559542677936
993,485,1478,0.11704431552261632
995,491,1486,0.11709544908589777
992,489,1481,0.11713999218759337
986,503,1489,0.11718887041000628
990,508,1498,0.11724932701823132
995,495,1490,0.1172964299168519
996,495,1491,0.11732806586456875
1001,494,1495,0.11735132101017325
995,494,1489,0.11735829216158823
994,500,1494,0.11737862836538994
996,496,1492,0.11739948942080095
987,503,1490,0.11741297919519696
993,509,1502,0.11744735154229588
991,509,1500,0.11746560065781068
1002,502,1504,0.11748713561615899
991,517,1508,0.11748266428225217
974,508,1482,0.11750311068253662
982,512,1494,0.11756205967498062
981,507,1488,0.1175952812937422
989,508,1497,0.11763120080058893
986,510,1496,0.11764170528438242
982,510,1492,0.11765969788382433
986,511,1497,0.11768569448958012
986,512,1498,0.11770302891525607
988,511,1499,0.11771791834312607
986,519,1505,0.1177260730162595
990,521,1511,0.11774102162007707
981,515,1496,0.11774792124785559
988,513,1501,0.11777453540642878
994,511,1505,0.11778504350200533
992,520,1512,0.1177802372378903
986,524,1510,0.11778349701636635
993,516,1509,0.11780008878853558
991,522,1513,0.11779944396155585
985,524,1509,0.1178032086388926
980,525,1505,0.11782169218525135
977,530,1507,0.11784981951724374
976,526,1502,0.11788484987411625
981,519,1500,0.1179199094446086
986,522,1508,0.11794097086878398
982,521,1503,0.11794841918474676
985,526,1511,0.11796442709542639
981,523,1504,0.11797276980910246
989,533,1522,0.11798807862649062
983,531,1514,0.11798520734227512
977,528,1505,0.1179960101156
981,524,1505,0.11802180947726106
988,526,1514,0.11803697161981958
984,529,1513,0.11803862381534735
981,528,1509,0.11804740283775082
981,522,1503,0.11806084553083694
989,519,1508,0.11807689363981744
984,522,1506,0.11807380630341335
978,514,1492,0.1180831213066
981,514,1495,0.11810453363327138
986,516,1502,0.11811857129480145
984,521,1505,0.11811854939384236
979,526,1505,0.11812309417436757
978,527,1505,0.11814018206500174
975,527,1502,0.11815761207469588
975,528,1503,0.1181803347988619
971,530,1501,0.11820255666891193
968,525,1493,0.11823078824646226
976,522,1498,0.11826559443660646
974,523,1497,0.11827435704270751
974,523,1497,0.11828768874371792
971,525,1496,0.11829968984109243
967,521,1488,0.11831775353189448
975,520,1495,0.11834308425542989
963,528,1491,0.11834642242904853
970,529,1499,0.11837925646074543
983,537,1520,0.11839362254429918
971,531,1502,0.118376184256914
985,530,1515,0.11838853662278397
982,523,1505,0.11836746080783582
982,525,1507,0.11835790582319283
988,520,1508,0.11835002746064376
981,517,1498,0.11832765367934407
983,519,1502,0.1183200101928123
978,525,1503,0.11831059595123677
969,525,1494,0.11831458652385482
976,531,1507,0.11833981531067714
969,533,1502,0.11834726371438206
969,533,1502,0.1183721269453121
968,531,1499,0.11839521352576654
972,534,1506,0.11842003379912282
977,542,1519,0.11843408955895562
979,544,1523,0.11843361500227985
979,538,1517,0.11842810527477766
976,536,1512,0.11842435418840341
969,532,1501,0.11842876734383953
969,521,1490,0.11844889548357752
978,525,1503,0.11846667917638712
970,531,1501,0.11846192153467616
970,537,1507,0.11847641686290991
969,537,1506,0.11849005427368436
968,542,1510,0.11850643525030626
975,541,1516,0.11852458701652027
976,542,1518,0.11852512232205932
973,531,1504,0.11852127195894963
968,524,1492,0.11852497071473123
956,530,1486,0.1185400476435167
951,516,1467,0.11858305962811654
963,525,1488,0.1186347225465631
952,530,1482,0.11865657890527777
958,537,1495,0.11870089350106572
958,542,1500,0.11872760025898992
952,542,1494,0.11875112419389057
955,548,1503,0.11878581529462254
950,544,1494,0.11881198598743441
956,539,1495,0.11884759103216863
949,539,1488,0.11886577176514905
950,535,1485,0.11889789664469907
959,534,1493,0.11892335801790761
975,542,1517,0.11892787623854342
969,538,1507,0.11889471430848772
964,540,1504,0.11887830352087046
962,544,1506,0.11887269434775159
964,547,1511,0.11887537643698014
967,544,1511,0.11887402933682523
965,533,1498,0.11886779999038641
955,531,1486,0.11886767467746476
962,539,1501,0.11889163489560711
951,542,1493,0.1188992131878355
954,538,1492,0.11893157541754296
947,535,1482,0.11895187403300338
952,544,1496,0.1189863519188936
955,548,1503,0.11900686397594062
943,553,1496,0.11901709701208513
944,548,1492,0.11905640786097318
944,541,1485,0.11909067278150844
946,543,1489,0.1191234486060107
947,544,1491,0.11914790864575579
951,548,1499,0.11916913301101233
951,548,1499,0.11917851033591212
946,557,1503,0.1191869903138776
950,551,1501,0.1192093977969931
944,553,1497,0.11922077506794489
954,554,1508,0.11924552077496858
957,554,1511,0.1192472955688955
957,557,1514,0.11924285678313903
962,554,1516,0.11923710505420168
953,555,1508,0.11922147363468323
957,555,1512,0.11922803312984882
951,557,1508,0.11922348444469538
960,555,1515,0.11923626231142627
955,548,1503,0.11922889315201726
945,548,1493,0.11922842019475695
949,545,1494,0.11924996890042219
944,545,1489,0.11925923953621201
951,543,1494,0.1192768935983908
940,548,1488,0.11927759382979747
938,549,1487,0.11930282006584729
955,560,1515,0.11933471631766963
946,561,1507,0.1193270227046916
960,556,1516,0.11933937844099798
950,561,1511,0.11932107656539805
950,559,1509,0.11932875221225331
942,554,1496,0.11933511645100278
938,560,1498,0.11935936560261308
933,566,1499,0.11939273123147348
929,572,1501,0.11943662265269855
926,570,1496,0.11948945099775948
936,573,1509,0.11954521066276577
926,568,1494,0.11957043312016523
932,569,1501,0.11961768802479143
910,574,1484,0.11964911403364877
914,575,1489,0.11972734625144117
909,581,1490,0.11979206107071061
923,580,1503,0.11986442695690398
934,570,1504,0.11990167497755777
931,573,1504,0.1199115779230576
930,573,1503,0.1199273951104308
926,573,1499,0.11994036317699919
914,579,1493,0.11996107709696219
912,581,1493,0.12000722819259303
906,581,1487,0.12005287549895663
907,586,1493,0.12010996062012765
915,582,1497,0.12016237765778787
901,581,1482,0.12019308238687432
907,582,1489,0.12025591010579953
902,589,1491,0.12030373476632877
912,592,1504,0.12035798787639869
900,591,1491,0.1203843871034697
901,584,1485,0.12043618553576473
903,585,1488,0.12048100422546314
898,591,1489,0.12051847979573274
902,592,1494,0.12056326165209107
899,600,1499,0.12059714242023639
901,598,1499,0.12063496583809315
895,591,1486,0.1206647936123111
896,602,1498,0.12070688635131731
897,603,1500,0.12074347819279257
905,605,1510,0.12077500854154032
895,603,1498,0.120786201691262
901,601,1502,0.12082182700055887
898,599,1497,0.12084384353381164
895,608,1503,0.12087103763069162
897,600,1497,0.12089993189792825
900,609,1509,0.12092450913596511
889,608,1497,0.12094141017287853
887,606,1493,0.12097998100055048
890,607,1497,0.12102093484918879
889,602,1491,0.12104984827290792
904,596,1500,0.12107793609610354
903,601,1504,0.12106954630163783
901,605,1506,0.12106563498482067
904,611,1515,0.12106916818351258
907,601,1508,0.12106111520685905
892,605,1497,0.12104578004928776
885,604,1489,0.1210668107258761
889,609,1498,0.12110314756699284
887,614,1501,0.1211280721701137
898,610,1508,0.1211593738738031
904,603,1507,0.1211622488542028
902,593,1495,0.1211488299102956
903,590,1493,0.12114190553828554
898,595,1493,0.12112979229669131
918,591,1509,0.12113132457885158
919,598,1517,0.12108491895548483
910,603,1513,0.1210381045261289
903,610,1513,0.12101760626914768
893,607,1500,0.1210144615706756
896,616,1512,0.12103660118104617
885,612,1497,0.1210508176739053
894,610,1504,0.12109054421439386
886,613,1499,0.12110889970573564
893,609,1502,0.12114469218795947
895,602,1497,0.12115913184331857
888,603,1491,0.12116710809238498
881,610,1491,0.12119103773406628
893,607,1500,0.12122684174189892
887,613,1500,0.12123508000599802
898,617,1515,0.12125794887891914
891,614,1505,0.12125487966027183
877,607,1484,0.1212718692454538
888,610,1498,0.12132098912069274
895,608,1503,0.12134115943014809
898,611,1509,0.12134508330730281
900,616,1516,0.12134090918899754
896,617,1513,0.12133374011215213
895,622,1517,0.12133745325548238
881,621,1502,0.12134270524046208
877,624,1501,0.12137834143612601
874,620,1494,0.12142202755624382
879,619,1498,0.12146785012822797
883,623,1506,0.12149817661866055
877,629,1506,0.12151853837351262
874,627,1501,0.12155331643070015
868,631,1499,0.12159229983840575
879,630,1509,0.12163959819575113
883,628,1511,0.12166007482106438
877,626,1503,0.12166894296218754
876,623,1499,0.12169289981012887
873,630,1503,0.12171726853273203
868,623,1491,0.12174487124018515
872,623,1495,0.12178132706520362
879,622,1501,0.12180372790545785
870,625,1495,0.12180862445818626
864,627,1491,0.12183510509953262
863,626,1489,0.12187640715125767
864,637,1501,0.12191443540473362
868,630,1498,0.12194861553115388
860,637,1497,0.12197337658944007
851,641,1492,0.1220136967551124
856,641,1497,0.12207418327588179
853,644,1497,0.1221200013029924
859,642,1501,0.12217139312639237
861,639,1500,0.12220198545570733
851,644,1495,0.12222661169364057
850,652,1502,0.12227251126957416
847,654,1501,0.12231855682831544
852,662,1514,0.12236817789431167
855,654,1509,0.12240483125072277
848,648,1496,0.12243189103496709
859,646,1505,0.12247250261211207
859,657,1516,0.12248492367571527
850,661,1511,0.12249473170115328
844,654,1498,0.12252556984338908
849,655,1504,0.12256797339308445
852,661,1513,0.12259652261941088
853,673,1526,0.12261715411315695
854,666,1520,0.12263675734055825
857,662,1519,0.12265240215876833
858,663,1521,0.12265969429128941
851,664,1515,0.12266783019070143
840,664,1504,0.12269164882878084
837,658,1495,0.1227377175815338
828,663,1491,0.12278937936163564
833,665,1498,0.12285655895907265
834,661,1495,0.12290991634505201
838,670,1508,0.12295760391091921
835,675,1510,0.12299368622729939
848,678,1526,0.12303310961136343
841,674,1515,0.12304032300054675
846,671,1517,0.1230640162094896
841,670,1511,0.12307418114837745
835,683,1518,0.12309617356503053
830,689,1519,0.12313110314025527
830,677,1507,0.12317480885554472
828,686,1514,0.12321826422229679
828,680,1508,0.12326354176018892
825,682,1507,0.12330473773849888
826,686,1512,0.12335084232387078
827,674,1501,0.12339131665074653
825,679,1504,0.12342682375631292
819,682,1501,0.12346328686640859
826,683,1509,0.12351245237951318
825,686,1511,0.12354153086955436
813,692,1505,0.1235723095412452
808,692,1500,0.12362827433803401
812,686,1498,0.12369095054459066
816,685,1501,0.12374258457388422
813,685,1498,0.12378009864831768
818,683,1501,0.12382121522546434
809,696,1505,0.1238510336210647
812,689,1501,0.12389892296443565
808,700,1508,0.12393394491165555
801,685,1486,0.12397706899926217
803,676,1479,0.12403470928671802
808,675,1483,0.12408110599517905
809,677,1486,0.12410980055278359
809,685,1494,0.12413557875474958
805,679,1484,0.12416025671478353
808,686,1494,0.12418942930230094
810,696,1506,0.1242104917196751
815,702,1517,0.12422688364590165
811,700,1511,0.12422889269765314
809,704,1513,0.12424172451436473
814,698,1512,0.1242586589087073
813,705,1518,0.12426427749150734
808,700,1508,0.12427235677525036
805,707,1512,0.12429336284553706
807,711,1518,0.12432224754248462
808,710,1518,0.1243456498319471
801,701,1502,0.12436512551157314
797,705,1502,0.12439946236910082
797,712,1509,0.12443739248061533
799,714,1513,0.12447336204482536
791,706,1497,0.12450252685996446
796,708,1504,0.12454895379784628
802,709,1511,0.12458110024334221
800,713,1513,0.1245958599247649
795,702,1497,0.12461669019690706
780,715,1495,0.1246477682042622
790,717,1507,0.12471159111575446
789,724,1513,0.12475027139728918
787,727,1514,0.12478922282340423
786,722,1508,0.12483044580742961
782,719,1501,0.12487026805270894
788,724,1512,0.12491535985366758
787,730,1517,0.12494237347014642
786,730,1516,0.12497067040243116
783,725,1508,0.12499953762460345
783,718,1501,0.1250337059445403
787,720,1507,0.1250646204710192
776,714,1490,0.12508387582751682
789,711,1500,0.12512661339910125
780,723,1503,0.1251388110640988
787,722,1509,0.1251693526793126
790,726,1516,0.1251798033473574
784,731,1515,0.12518155292311073
780,724,1504,0.12519844342900602
782,730,1512,0.12522386541497427
787,730,1517,0.1252419627836392
791,728,1519,0.12524735518649177
792,709,1501,0.12524401901279103
785,715,1500,0.12523801645474428
781,716,1497,0.1252504602374963
771,716,1487,0.12527271663180578
765,713,1478,0.1253152223776382
769,720,1489,0.1253679595146552
775,714,1489,0.125410879276534
767,720,1487,0.12543545681158905
765,723,1488,0.1254768431789919
766,727,1493,0.12551916897432946
753,731,1484,0.12555584379477253
761,724,1485,0.12561965427427754
750,731,1481,0.12565882203387602
754,739,1493,0.1257191054897023
761,740,1501,0.1257662976041502
766,745,1511,0.12579181302486495
773,741,1514,0.1258045106628315
775,733,1508,0.1258003189017002
762,729,1491,0.12579274897476422
766,727,1493,0.12581530039189193
775,721,1496,0.12582434596188066
769,720,1489,0.12581523746716872
768,723,1491,0.12582028074390142
764,722,1486,0.1258287003853606
773,725,1498,0.12584516532092735
778,732,1510,0.12583655796828525
775,731,1506,0.12582001159317752
768,722,1490,0.12581239984758757
768,726,1494,0.12582252425662854
779,721,1500,0.12583119289267625
781,718,1499,0.12581026612545057
785,724,1509,0.12578525388645537
778,722,1500,0.12575093674334345
776,710,1486,0.1257368071617713
772,716,1488,0.1257281366541321
769,719,1488,0.12572988240083022
770,713,1483,0.1257387468414388
770,733,1503,0.12574730603757728
762,733,1495,0.12575802818536921
770,733,1503,0.12578474938210962
768,728,1496,0.1257914697101048
773,732,1505,0.12580124933975634
762,724,1486,0.1257986467258056
782,728,1510,0.1258208391228793
781,741,1522,0.1257955522895209
776,736,1512,0.12577641499237596
781,739,1520,0.12576965599780773
777,737,1514,0.12575368367296125
774,738,1512,0.12574757719584975
775,740,1515,0.12575034848707145
780,750,1530,0.12574981837392274
784,746,1530,0.12573737399516952
778,738,1516,0.1257192142515043
764,735,1499,0.1257165684654794
768,723,1491,0.12574733204676192
776,734,1510,0.1257661755097167
772,736,1508,0.12576564467069817
772,737,1509,0.12577350656260033
775,741,1516,0.12578137067413844
759,745,1504,0.12578173862677786
769,749,1518,0.12581916309696473
766,741,1507,0.12582933360173706
760,748,1508,0.12584509820741882
760,748,1508,0.12587463710169242
777,741,1518,0.12589944588755153
773,738,1511,0.12588456698225303
772,738,1510,0.12587930943016057
774,733,1507,0.12587911406152003
773,738,1511,0.12587427551158284
770,745,1515,0.12587184914971744
773,749,1522,0.1258773228460033
769,751,1520,0.12587691462134143
764,751,1515,0.12588592200870657
757,744,1501,0.12590625659783516
762,738,1500,0.1259423723435848
749,746,1495,0.12596367100005665
744,742,1486,0.1260162690574914
750,748,1498,0.12607656035058615
756,759,1515,0.12611974795579722
755,763,1518,0.12614647003172635
756,765,1521,0.12617408302202168
755,768,1523,0.126199096178682
752,766,1518,0.1262257535597225
750,766,1516,0.12625723604794903
745,765,1510,0.12629065306854975
745,761,1506,0.1263320601531912
744,758,1502,0.1263703233389948
754,759,1513,0.1264069377366892
745,751,1496,0.12641740870944018
742,738,1480,0.1264442897069926
749,749,1498,0.12647564759562666
751,757,1508,0.12648885389717093
745,757,1502,0.1264971581643337
744,763,1507,0.12651813849489568
743,763,1506,0.12654020221711643
748,763,1511,0.12656359798968975
744,755,1499,0.12657455070492485
746,755,1501,0.12659230649647857
752,745,1497,0.1266044739583503
750,743,1493,0.12660244665062098
752,751,1503,0.12660628997673246
750,761,1511,0.12660495900774169
742,756,1498,0.12660902696902307
738,760,1498,0.12662926634605506
722,773,1495,0.12665941795149355
726,777,1503,0.12672542596437653
721,764,1485,0.12677827254871607
723,773,1496,0.12683519267129262
741,776,1517,0.12688163548632386
752,777,1529,0.12688259397974552
752,782,1534,0.12686055352266717
741,776,1517,0.12684093809872451
738,769,1507,0.1268500535252012
738,768,1506,0.12686750969931201
737,776,1513,0.1268843383942241
731,784,1515,0.12690192351015253
731,787,1518,0.12693402969163678
735,782,1517,0.12696413798147343
727,790,1517,0.1269837044534848
717,790,1507,0.1270188041288003
710,783,1493,0.12707396568512133
706,786,1492,0.12714197953512366
710,790,1500,0.12721640711447893
708,791,1499,0.12727636400310355
705,790,1495,0.12733802309881784
714,790,1504,0.12740200654169967
720,779,1499,0.1274399720252355
721,787,1508,0.12746245712570936
718,795,1513,0.1274817426657738
709,798,1507,0.12750723398322134
711,793,1504,0.1275504503717061
718,796,1514,0.12758596212066448
717,806,1523,0.12760319192264974
699,809,1508,0.12762253811671187
696,808,1504,0.12768119602061895
690,800,1490,0.1277434934923123
691,803,1494,0.12781366136938974
689,802,1491,0.12787875161833728
690,804,1494,0.12794518680817668
689,800,1489,0.12800300455247351
686,791,1477,0.12805729219770579
693,810,1503,0.1281154427606119
696,805,1501,0.12815364747549307
701,795,1496,0.1281825497738265
697,800,1497,0.12819806850299736
692,802,1494,0.12822120468167125
692,812,1504,0.12825355270303276
691,814,1505,0.1282837477535468
691,818,1509,0.12831584477351896
690,819,1509,0.12834614489685184
696,827,1523,0.12837641025127677
700,828,1528,0.12838986897387097
691,821,1512,0.12839475886662993
692,817,1509,0.1284194824933778
692,815,1507,0.12844045957999056
690,819,1509,0.12845973005980776
695,816,1511,0.12848467401539035
695,819,1514,0.1284964024017834
694,815,1509,0.12850536031369753
689,820,1509,0.12851625359622762
692,826,1518,0.12853672621032664
704,822,1526,0.1285502580127744
700,812,1512,0.1285339873999975
697,810,1507,0.12852820546895086
698,800,1498,0.12852966508061567
692,812,1504,0.12852735057064366
691,806,1497,0.1285409750434625
691,817,1508,0.1285571133972242
683,817,1500,0.1285728404104313
684,814,1498,0.12860652532955222
679,814,1493,0.1286347753510234
672,817,1489,0.12867166998524382
672,833,1505,0.1287239524553269
669,834,1503,0.1287726777911235
672,841,1513,0.1288256695022966
662,835,1497,0.12886618728246685
666,834,1500,0.1289256763974121
668,833,1501,0.12897422168487538
665,841,1506,0.12901621855452253
658,837,1495,0.12906041803192642
665,826,1491,0.12911892647785592
668,840,1508,0.12915447811876166
665,843,1508,0.129180982970588
666,843,1509,0.12921081385221708
667,852,1519,0.1292369985851638
663,858,1521,0.1292610308048697
661,852,1513,0.12929388799025648
667,846,1513,0.12933202600783422
666,848,1514,0.12935386942836885
657,853,1510,0.1293767351699635
647,849,1496,0.1294191689517489
657,847,1504,0.1294814641483157
643,847,1490,0.1295164144808873
647,854,1501,0.12957921616459941
653,851,1504,0.12962899039687717
658,858,1516,0.12966210914204862
654,862,1516,0.1296794440170746
649,854,1503,0.12970641802426164
651,858,1509,0.12974376514926747
648,854,1502,0.1297751449715609
641,856,1497,0.12981064382553348
644,858,1502,0.1298596184664047
653,865,1518,0.12989901929066025
655,860,1515,0.1299136292265172
658,862,1520,0.1299240799756229
655,856,1511,0.1299269789266514
660,855,1515,0.1299348524511278
650,849,1499,0.12993016783190245
651,853,1504,0.12994859489936675
652,856,1508,0.12996026841456143
647,850,1497,0.1299706235574797
648,849,1497,0.12999238571287053
656,853,1509,0.13001128771332598
659,860,1519,0.13001037702552298
658,855,1513,0.13000192389970078
650,858,1508,0.12999601951559467
654,864,1518,0.13001014843795708
644,869,1513,0.13001374118629339
642,864,1506,0.130041262729993
646,869,1515,0.13007430106270967
642,866,1508,0.13009527720080685
639,869,1508,0.1301232239610357
628,883,1511,0.13015534054818512
622,884,1506,0.13021084241423092
631,894,1525,0.13027649671691394
636,882,1518,0.13031695403380142
635,877,1512,0.13034109354773493
634,870,1504,0.1303661085553951
634,874,1508,0.13039293454715686
629,880,1509,0.1304175960428543
626,875,1501,0.13045275611936072
622,882,1504,0.13049199015966934
621,885,1506,0.13053634689696866
621,882,1503,0.1305818489262723
611,893,1504,0.1306228547853402
611,893,1504,0.13068508884786012
609,893,1502,0.13074419847893887
606,898,1504,0.1308041188541334
606,890,1496,0.13086699563938425
609,887,1496,0.13092529145121126
607,890,1497,0.13096950358363066
614,892,1506,0.1310173820573975
614,905,1519,0.1310439763997449
607,901,1508,0.13106542988287145
602,896,1498,0.13110338093691518
610,902,1512,0.1311522926418713
614,892,1506,0.13117834849678972
612,894,1506,0.1311956188602313
608,905,1513,0.1312152890506608
604,916,1520,0.13124251953973748
598,916,1514,0.1312767884731921
587,916,1503,0.13132292756080952
594,911,1505,0.13139022194940922
602,910,1512,0.1314360079675653
603,914,1517,0.13146275230497842
598,913,1511,0.1314852997711305
591,910,1501,0.13151857963428643
598,919,1517,0.13156598683902726
602,912,1514,0.1315960094868258
594,916,1510,0.13161548016816227
591,909,1500,0.13165321507289643
585,902,1487,0.13169750693797228
580,900,1480,0.1317522851875749
581,911,1492,0.13181582921809784
593,918,1511,0.1318721137828801
595,932,1527,0.13189541919838693
584,920,1504,0.13191321518144072
585,926,1511,0.1319544827773919
584,933,1517,0.131989347619668
591,936,1527,0.1320237768665452
593,929,1522,0.1320400266053865
587,931,1518,0.13204699264995823
587,927,1514,0.13206795676287034
594,922,1516,0.13208959552862815
586,936,1522,0.13209456728694716
586,932,1518,0.1321177075460129
583,936,1519,0.13214185415985225
578,930,1508,0.13217207192084265
580,922,1502,0.13221322205277833
584,932,1516,0.13224510414134413
573,929,1502,0.1322649880503812
572,933,1505,0.13230916680187577
570,931,1501,0.13235021429144794
583,933,1516,0.13239324383997522
575,934,1509,0.13240027409214034
575,931,1506,0.1324251201723036
575,932,1507,0.13245018813968895
579,929,1508,0.13247243747497367
581,931,1512,0.132485741066061
580,937,1517,0.13249202670992935
580,929,1509,0.13250025758920805
584,921,1505,0.13250760376594098
577,914,1491,0.1325023614702049
571,916,1487,0.1325145372977959
577,933,1510,0.13253986173022872
576,924,1500,0.13254867565038
582,917,1499,0.132559710120099
582,918,1500,0.13255429239970162
587,915,1502,0.13254932803831043
576,917,1493,0.13253396548074306
583,910,1493,0.13254367053182306
578,915,1493,0.13253716040007135
578,931,1509,0.13254141247790666
579,927,1506,0.13254792487310307
571,920,1491,0.13255124031926815
575,927,1502,0.1325729971067066
575,934,1509,0.13258430411045374
578,937,1515,0.132595456745117
568,933,1501,0.13259990951856665
574,931,1505,0.13262690118187032
579,935,1514,0.13263904144198732
567,943,1510,0.13264045371572863
558,947,1505,0.13267051901330912
555,937,1492,0.13272207221877555
560,943,1503,0.13277788208490338
565,936,1501,0.13281782932614955
564,937,1501,0.13284248877252364
566,932,1498,0.13286601337564657
569,937,1506,0.13288429666814672
562,943,1505,0.13289164747922405
563,934,1497,0.13291493831775938
564,941,1505,0.1329361166108097
563,941,1504,0.13295464284083608
557,935,1492,0.1329727496546154
562,943,1505,0.13300414892638426
566,944,1510,0.1330227679319256
571,940,1511,0.13302791296460723
566,943,1509,0.13301966658997733
563,950,1513,0.13302430770145432
560,954,1514,0.13303656614644604
561,952,1513,0.13305705141276028
553,961,1514,0.13307356702042386
556,954,1510,0.13310765780418632
554,965,1519,0.1331335612250152
559,962,1521,0.13316340860787756
550,946,1496,0.13318018596542622
548,953,1501,0.13321819926544715
549,955,1504,0.13325716757618972
559,960,1519,0.1332902698929224
556,965,1521,0.13329600363689445
560,965,1525,0.13330908193499905
558,962,1520,0.133311035372023
567,959,1526,0.1333186176900657
568,962,1530,0.1333046338271558
565,955,1520,0.13328774158353604
564,966,1530,0.13328050996895502
555,957,1512,0.1332781762715664
559,964,1523,0.13329800735213684
555,955,1510,0.1333061438406967
547,951,1498,0.13332152436188718
542,962,1504,0.133356432744474
552,960,1512,0.13339889658279305
542,963,1505,0.1334154256343014
535,972,1507,0.13345348719996167
538,965,1503,0.13350591298080877
538,975,1513,0.13354924131246232
536,967,1503,0.1335903853533325
539,966,1505,0.13363152952277285
537,971,1508,0.13366274099193862
537,975,1512,0.13369637596363926
531,975,1506,0.13372783679786324
526,975,1501,0.13377259792644522
529,995,1524,0.13382428078139197
528,989,1517,0.13386653096562845
527,980,1507,0.13390780403562627
524,981,1505,0.13394972956371962
525,969,1494,0.13399754568318314
526,974,1500,0.13403759272086774
531,984,1515,0.13407211381180592
537,992,1529,0.1340923576123674
533,989,1522,0.1340966323002089
541,990,1531,0.13410763891513824
535,989,1524,0.1340987089460322
532,987,1519,0.13410408960087655
533,982,1515,0.13411888780695516
533,983,1516,0.1341310641512737
535,982,1517,0.13414364382125185
534,981,1515,0.13415079046022307
532,990,1522,0.13416049660067983
527,993,1520,0.13417664162613746
532,1000,1532,0.1342019569964542
529,990,1519,0.13421465037815122
519,988,1507,0.13423411332306784
515,988,1503,0.13427818159049607
509,998,1507,0.1343283917175415
515,994,1509,0.13438963197123446
516,997,1513,0.13443093013662671
512,995,1507,0.13446440781560123
505,986,1491,0.13450725571459166
503,990,1493,0.13456257096864227
503,1004,1507,0.1346165360880281
494,1009,1503,0.13466713057411048
495,1010,1505,0.13473692677440618
502,1018,1520,0.1348006304297166
498,1011,1509,0.1348447526236643
496,1016,1512,0.13489579932035511
498,1016,1514,0.13494662698610088
493,1025,1518,0.1349888589816965
482,1020,1502,0.13504093609768197
483,1022,1505,0.13511547562495274
477,1033,1510,0.1351853635024188
478,1018,1496,0.13526589466082634
472,1029,1501,0.13533789159012463
476,1036,1512,0.13541895218028802
472,1032,1504,0.13548605779780484
466,1046,1512,0.13556106203837512
458,1037,1495,0.13564325310385403
458,1041,1499,0.13574160438310673
466,1036,1502,0.1358308792823359
468,1047,1515,0.13589270128973
469,1043,1512,0.13594585879721097
461,1040,1501,0.13599561572837288
458,1045,1503,0.13606080962583508
461,1030,1491,0.13612648335899757
461,1034,1495,0.1361781325290833
463,1043,1506,0.13622842714456682
461,1041,1502,0.1362701725996181
461,1046,1507,0.13631346847800116
456,1039,1495,0.13635492964875823
465,1045,1510,0.13640724650460992
463,1040,1503,0.1364344458662137
459,1047,1506,0.13646481678222638
457,1049,1506,0.1365004227579564
452,1052,1504,0.1365390039174793
457,1059,1516,0.13658834896579514
451,1057,1508,0.13662471856690625
458,1055,1513,0.13667238496468367
454,1054,1508,0.13669714400773747
448,1056,1504,0.13673071816637258
447,1052,1499,0.1367766188828651
448,1056,1504,0.13682256932029305
445,1049,1494,0.13686393106612926
451,1060,1511,0.1369107967338807
455,1065,1520,0.136941044292347
448,1077,1525,0.13695832309444606
447,1075,1522,0.13699187896172857
443,1074,1517,0.1370243731392179
435,1079,1514,0.13706512378792401
441,1072,1513,0.13712244576533567
446,1074,1520,0.13715984897207928
445,1070,1515,0.13718412691367662
447,1060,1507,0.13720985345537554
443,1063,1506,0.13722978814412362
444,1071,1515,0.13725647280069975
443,1067,1510,0.13728045854319512
444,1069,1513,0.13730607389023294
436,1079,1515,0.13732794682243885
433,1070,1503,0.13736704353860535
436,1083,1519,0.137409943472237
436,1079,1515,0.13744321136627316
432,1081,1513,0.13747405109992428
436,1079,1515,0.1375132023664955
429,1072,1501,0.13754030467308923
434,1078,1512,0.1375838762573955
431,1093,1524,0.1376123498076784
429,1092,1521,0.13764657277992362
426,1088,1514,0.1376827112615846
418,1096,1514,0.13772413427382443
423,1103,1526,0.1377829308123292
423,1097,1520,0.1378254493264264
431,1094,1525,0.1378653813680379
428,1078,1506,0.13788033321175583
428,1086,1514,0.13790177386212588
425,1091,1516,0.13792171389281702
421,1103,1524,0.13794579276948737
421,1097,1518,0.13797952769126742
420,1090,1510,0.13801188409386828
414,1090,1504,0.13804578561913722
420,1099,1519,0.13809267070701867
420,1087,1507,0.13812277249075963
419,1082,1501,0.1381508636663943
414,1085,1499,0.1381790538566715
422,1093,1515,0.13821635856264897
423,1094,1517,0.13823173176715653
423,1099,1522,0.13824326352747718
418,1093,1511,0.1382529667979882
413,1098,1511,0.1382738630524688
413,1094,1507,0.1383053914965504
405,1107,1512,0.1383345129089587
408,1109,1517,0.1383807783720359
411,1100,1511,0.13841638298426603
411,1091,1502,0.13844318532111896
415,1094,1509,0.13846783834508283
413,1087,1500,0.1384821217239031
421,1094,1515,0.13849856136628613
420,1099,1519,0.13849331510712046
424,1091,1515,0.1384904086844498
416,1092,1508,0.13847891281602678
412,1084,1496,0.13848812246140862
412,1076,1488,0.13850715579442324
417,1087,1504,0.13852536490998169
415,1097,1512,0.13852965191028757
412,1107,1519,0.13853815706610312
412,1104,1516,0.13855286664970903
413,1101,1514,0.1385659576186681
417,1103,1520,0.13857709025592085
419,1104,1523,0.1385781828210865
416,1101,1517,0.1385739544948116
422,1104,1526,0.13857798998971504
421,1097,1518,0.1385648387354847
419,1102,1521,0.13855701318254837
417,1099,1516,0.13855601317926455
416,1104,1520,0.13855932827676784
417,1110,1527,0.13856414813535176
416,1104,1520,0.1385671232553778
416,1108,1524,0.1385717732488204
410,1105,1515,0.13857575127265875
410,1108,1518,0.138595145493498
411,1099,1510,0.1386140965125268
411,1116,1527,0.1386288425377759
404,1112,1516,0.13864296701000497
403,1110,1513,0.13867323398547973
405,1111,1516,0.13870464387375567
402,1114,1516,0.13873080013013972
402,1125,1527,0.13876016632597143
400,1117,1517,0.13878708720415342
400,1108,1508,0.13881608888669283
400,1117,1517,0.1388445249867976
409,1115,1524,0.13887095297089902
410,1113,1523,0.1388745541426961
401,1110,1511,0.13887424935151294
400,1114,1514,0.13889335683236
396,1123,1519,0.1389140657845326
396,1127,1523,0.1389442538426541
393,1120,1513,0.1389716930346429
394,1114,1508,0.13900491185991734
396,1127,1523,0.1390340697842835
400,1120,1520,0.1390570150689563
402,1119,1521,0.1390705826428029
393,1109,1502,0.13907529402314467
391,1104,1495,0.1391016470499153
396,1112,1508,0.13912991499211114
402,1114,1516,0.13914656040051585
395,1125,1520,0.13914860666448603
395,1118,1513,0.13916960496864428
395,1109,1504,0.13918848496975153
400,1115,1515,0.13920696785356224
396,1108,1504,0.13921123992698348
388,1110,1498,0.1392252671993156
389,1118,1507,0.13925643489530207
391,1125,1516,0.1392822815388728
398,1113,1511,0.1393015028208805
396,1114,1510,0.13930079650996796
387,1117,1504,0.1393051716197582
383,1127,1510,0.13932942587948915
378,1133,1511,0.13936220529660376
390,1122,1512,0.13940317116831222
392,1121,1513,0.13941325558660672
390,1113,1503,0.13941647173196012
394,1123,1517,0.13942487687026905
389,1114,1503,0.13942508784376437
391,1121,1512,0.13943752576488633
392,1119,1511,0.13944520626352008
394,1125,1519,0.13944906376288327
393,1115,1508,0.13944853764194085
389,1115,1504,0.139450801743052
397,1118,1515,0.1394613087517692
397,1115,1512,0.1394513698174892
394,1108,1502,0.13944233975202866
395,1106,1501,0.1394406752002205
395,1111,1506,0.13943776927472298
392,1110,1502,0.13943500351405644
390,1118,1508,0.1394406283378066
392,1116,1508,0.1394506762351273
385,1121,1506,0.1394576078711083
388,1125,1513,0.13948042716164585
396,1124,1520,0.1394949272778389
396,1129,1525,0.1394878635446063
398,1128,1526,0.13948199338398834
399,1122,1521,0.1394704950271433
402,1116,1518,0.13945875732030205
398,1112,1510,0.13944173215670588
396,1113,1509,0.13943718155351964
392,1117,1509,0.13943840000921567
391,1113,1504,0.13945021597559312
391,1117,1508,0.1394629979816474
388,1121,1509,0.1394718682412338
390,1126,1516,0.13948825206360665
390,1124,1514,0.13949731231171764
384,1122,1506,0.13950706936295437
384,1132,1516,0.13952965930589425
382,1131,1513,0.13955208978595882
382,1135,1517,0.13957912024410937
380,1130,1510,0.13960405826103858
375,1128,1503,0.13963307870568212
371,1138,1509,0.1396724844910628
379,1117,1496,0.13971780961431962
377,1133,1510,0.13974071699803706
379,1147,1526,0.13976744266698066
374,1130,1504,0.1397869091240124
374,1134,1508,0.13981697455926892
372,1136,1508,0.13984661787782796
373,1139,1512,0.1398768376388791
371,1134,1505,0.13990224122882824
372,1144,1516,0.13993040404055382
373,1151,1524,0.13995302884134708
373,1143,1516,0.13996966886336942
371,1139,1510,0.13998372536707282
375,1139,1514,0.14000104572679054
374,1136,1510,0.14000893562430888
375,1129,1504,0.1400196894830265
376,1123,1499,0.14002673486091338
373,1123,1496,0.14003079038014993
376,1130,1506,0.1400421965399931
384,1128,1512,0.14004668231722026
375,1131,1506,0.14003227407472657
378,1126,1504,0.14004189279576523
385,1133,1518,0.1400445379495296
385,1131,1516,0.14003074483438127
378,1119,1497,0.14001816617167898
368,1136,1504,0.14002281121187976
368,1131,1499,0.14004920516664837
369,1127,1496,0.14007508069559574
370,1135,1505,0.1400944135089805
365,1136,1501,0.14010914659106322
370,1140,1510,0.14013563413164465
376,1136,1512,0.14015054824542528
374,1145,1519,0.14015099262286393
379,1135,1514,0.1401557333227738
379,1128,1507,0.14014842801680358
375,1137,1512,0.1401415828539344
370,1152,1522,0.1401436544964641
364,1152,1516,0.1401577564381249
366,1152,1518,0.14018608595422014
361,1154,1515,0.1402079569029106
356,1157,1513,0.1402396847511962
357,1158,1515,0.14028089054294526
363,1159,1522,0.14031743183051915
359,1154,1513,0.14033722903656837
358,1146,1504,0.14036645947145954
358,1151,1509,0.14039632579200906
348,1148,1496,0.14042398061700304
354,1135,1489,0.14047197057471325
364,1148,1512,0.14050263365071106
364,1143,1507,0.14050938143280325
371,1139,1510,0.140513773864886
369,1144,1513,0.140501184629831
374,1136,1510,0.14049400284809566
378,1123,1501,0.1404754487098723
374,1133,1507,0.14044783020926094
374,1136,1510,0.14043321628561228
369,1132,1501,0.14041828351380947
369,1137,1506,0.14041651268038116
360,1141,1501,0.1404168406242839
362,1130,1492,0.14043945372183864
363,1134,1497,0.1404546170001898
360,1138,1498,0.14046841263359544
367,1150,1517,0.14048975012539194
370,1160,1530,0.14049090278442317
369,1157,1526,0.14048677289551748
374,1157,1531,0.1404860997218239
370,1162,1532,0.14047272277466127
370,1153,1523,0.14047086542723383
366,1157,1523,0.1404689853016338
368,1163,1531,0.14047929656603222
361,1160,1521,0.1404846263304016
359,1154,1513,0.140506636173964
363,1159,1522,0.14053287719258484
362,1158,1520,0.14054928176235784
354,1167,1521,0.14056713140434696
351,1158,1509,0.14060091806057146
354,1159,1513,0.14063789712591665
353,1160,1513,0.1406657815980512
353,1163,1516,0.1406955326370099
350,1162,1512,0.14072311906152232
350,1167,1517,0.1407556681631987
356,1153,1509,0.1407842595508156
356,1146,1502,0.1407960530105412
360,1142,1502,0.14080707636409354
355,1145,1500,0.14080897191662056
355,1155,1510,0.14082273735713127
355,1162,1517,0.14083641873735797
353,1155,1508,0.14085041026700404
349,1178,1527,0.14086907868137022
351,1155,1506,0.14089731510073814
343,1157,1500,0.14091825544888628
351,1174,1525,0.14095526113447415
346,1167,1513,0.1409710603793849
343,1177,1520,0.14099745306881853
348,1179,1527,0.14102882302421535
347,1164,1511,0.14104451797131787
352,1163,1515,0.14106058921051695
348,1164,1512,0.14106468611376832
347,1168,1515,0.14107675995595056
343,1168,1511,0.14109120661172142
341,1164,1505,0.14111286773823611
347,1155,1502,0.14113737798693843
351,1153,1504,0.1411479796962802
357,1160,1517,0.14114949274138466
350,1155,1505,0.14113425646863326
349,1169,1518,0.14113504807749405
344,1173,1517,0.1411382799386313
344,1169,1513,0.14115425048214136
346,1176,1522,0.14116981089963343
352,1176,1528,0.14117956122554495
343,1173,1516,0.14117561371696172
341,1169,1510,0.14119139869410952
342,1170,1512,0.14121081328396481
342,1173,1515,0.1412272823185029
344,1168,1512,0.14124368796522824
345,1180,1525,0.14125593976384518
344,1176,1520,0.14126664874034014
341,1183,1524,0.14127973426427798
342,1179,1521,0.14129948386898047
340,1176,1516,0.1413165156893864
333,1177,1510,0.14133560495582675
341,1173,1514,0.14137064350056255
339,1176,1515,0.14138547630058274
333,1170,1503,0.14140189690399083
337,1176,1513,0.1414309949700227
336,1168,1504,0.14144719240572723
335,1175,1510,0.1414654640704487
334,1173,1507,0.14148544890927162
341,1174,1515,0.14150745394748943
340,1169,1509,0.14151007045822184
338,1180,1518,0.14151541602270562
339,1178,1517,0.14152525981989023
336,1172,1508,0.14153304914132062
332,1182,1514,0.1415469631401582
330,1179,1509,0.14157044774746033
333,1181,1514,0.14159611627876026
328,1179,1507,0.14161191374316753
328,1174,1502,0.1416373945391812
335,1174,1509,0.1416602409962635
336,1171,1507,0.14166451710097255
331,1181,1512,0.1416654107624007
335,1178,1513,0.14167917890602402
332,1179,1511,0.14168333805231864
335,1167,1502,0.14169485088626924
333,1172,1505,0.14170004431737607
329,1179,1508,0.14170994161080244
335,1170,1505,0.14172972223581098
339,1155,1494,0.1417324773106891
342,1156,1498,0.14172528985943067
344,1165,1509,0.1417116207150294
342,1181,1523,0.141693574979997
347,1177,1524,0.1416807509696529
342,1185,1527,0.14165823745315498
339,1184,1523,0.1416497293967393
336,1170,1506,0.14164867321503405
331,1174,1505,0.1416552155661838
328,1178,1506,0.14167135384843457
332,1177,1509,0.1416929969480843
330,1185,1515,0.14170374807725927
336,1191,1527,0.14171979743615673
333,1180,1513,0.14171978872542845
332,1175,1507,0.14172609007102693
332,1171,1503,0.14173417504409427
339,1172,1511,0.1417411694586719
338,1171,1509,0.14173109481434426
337,1180,1517,0.14172300770065402
332,1176,1508,0.1417169470828666
335,1177,1512,0.1417233903216046
336,1168,1504,0.1417215873634572
337,1160,1497,0.141717816079179
344,1173,1517,0.14170936809689064
342,1179,1521,0.14168304522644065
335,1177,1512,0.14166528504439296
338,1174,1512,0.14166586865634126
342,1180,1522,0.14166036856728026
338,1181,1519,0.14164754750041927
334,1167,1501,0.14164604690703378
334,1179,1513,0.14165493892459352
339,1183,1522,0.14166355047423543
336,1181,1517,0.1416600127514578
340,1180,1520,0.14166271476425035
346,1177,1523,0.14165635807145935
344,1173,1517,0.14163623236945458
341,1172,1513,0.14162210317110954
339,1168,1507,0.1416163704135691
333,1161,1494,0.14161643864658824
332,1158,1490,0.14163100988223853
333,1161,1494,0.14164687379814478
336,1165,1501,0.14165831426536432
337,1173,1510,0.14166149059066135
332,1170,1502,0.1416606486798719
332,1168,1500,0.14167100720714626
332,1173,1505,0.1416831099322044
336,1184,1520,0.1416949427049152
330,1175,1505,0.1416967437085379
333,1175,1508,0.141713251667624
333,1172,1505,0.14172208880429848
329,1181,1510,0.14172901946404484
331,1176,1507,0.14174609465346621
329,1186,1515,0.14175649101982635
327,1182,1509,0.14177099927172665
323,1170,1493,0.1417886093791737
327,1180,1507,0.14181517617537862
326,1187,1513,0.14182924235964858
320,1179,1499,0.1418437992455842
322,1181,1503,0.14187133345201575
323,1188,1511,0.14189307102010962
326,1184,1510,0.14191195510631546
329,1175,1504,0.14192276338715956
322,1191,1513,0.14192510022270785
324,1189,1513,0.14194274039466517
326,1182,1508,0.14195568489421562
326,1182,1508,0.14196232183711152
323,1183,1506,0.14197040718350784
309,1179,1488,0.14198423745539857
313,1184,1497,0.1420298577937418
315,1184,1499,0.14206239106350693
312,1184,1496,0.1420884727292141
310,1186,1496,0.14212005035189093
307,1200,1507,0.14215467144813668
311,1199,1510,0.14219329276696155
314,1190,1504,0.14221861141486422
320,1186,1506,0.1422369933713767
318,1187,1505,0.14223894025923037
321,1197,1518,0.1422459818228852
316,1187,1503,0.14224617344585064
314,1194,1508,0.14225763493183086
313,1189,1502,0.1422717607778892
319,1207,1526,0.1422880646868802
317,1205,1522,0.1422901802213209
314,1201,1515,0.1422957752260413
313,1200,1513,0.14230811237271232
307,1197,1504,0.14232001079651352
313,1198,1511,0.14234617777715058
308,1194,1502,0.14235528503873385
308,1201,1509,0.14237656271618618
307,1205,1512,0.14239572799359365
309,1199,1508,0.1424174541309629
305,1184,1489,0.14243310522378144
303,1184,1487,0.14245652709507858
302,1200,1502,0.14248224867576403
305,1208,1513,0.1425091522841876
299,1207,1506,0.1425285824197389
295,1206,1501,0.14256089489462498
297,1199,1496,0.14260138034615708
302,1198,1500,0.14263553712339724
301,1204,1505,0.14265426475603746
300,1201,1501,0.14267245941170584
302,1213,1515,0.14269151991159432
307,1224,1531,0.14270518546857144
306,1219,1525,0.14270713760143117
304,1221,1525,0.1427105132222581
296,1211,1507,0.14272054346116939
304,1204,1508,0.1427474413763703
304,1217,1521,0.14275315397739965
304,1202,1506,0.14276055503053803
298,1220,1518,0.14276899497180828
298,1223,1521,0.14279138077326728
296,1225,1521,0.14281247342544584
299,1228,1527,0.1428386677556921
293,1229,1522,0.14285596735696438
289,1234,1523,0.1428862021559742
286,1231,1517,0.14292360207489288
284,1220,1504,0.14296505368072693
283,1228,1511,0.14300841649909565
287,1225,1512,0.14305241855232076
287,1227,1514,0.143082145816492
289,1242,1531,0.14311023480204085
287,1228,1515,0.14313338447712667
293,1216,1509,0.1431594092165468
289,1213,1502,0.1431664101635436
282,1216,1498,0.14318399914464627
282,1218,1500,0.14321803687018414
276,1229,1505,0.14325015245384345
275,1220,1495,0.1432951540961697
281,1218,1499,0.14334042289051985
281,1209,1490,0.1433679817265632
284,1207,1491,0.1433931819103438
285,1219,1504,0.14340880934960232
282,1229,1511,0.14341959302668567
285,1236,1521,0.14343705022526376
283,1246,1529,0.1434454829912172
282,1248,1530,0.14345764864675364
277,1250,1527,0.14347154402081672
279,1248,1527,0.1434970199622054
278,1238,1516,0.14351738073696585
275,1240,1515,0.14353764393420904
273,1239,1512,0.14356342922252072
268,1237,1505,0.1435929236400998
278,1232,1510,0.14363152183779582
277,1230,1507,0.14364488739045747
280,1229,1509,0.14365917239473236
273,1236,1509,0.1436642075790119
275,1237,1512,0.14368555234715008
272,1235,1507,0.1436988229628537
276,1236,1512,0.1437169292726583
280,1236,1516,0.14372588847493417
273,1247,1520,0.14372509332563005
273,1233,1506,0.14374149163103087
272,1232,1504,0.14375714560375097
268,1227,1495,0.14377426773527466
268,1244,1512,0.14379815758688083
277,1237,1514,0.14382219306631197
270,1240,1510,0.1438210787660742
267,1234,1501,0.14383683083712373
269,1239,1508,0.1438587560527904
268,1247,1515,0.1438765821457445
266,1255,1521,0.14389740048276348
264,1248,1512,0.14392190445866596
263,1252,1515,0.14395034622464503
259,1251,1510,0.14397880096806387
258,1262,1520,0.14401479135232725
256,1257,1513,0.1440509786390329
258,1263,1521,0.14409015793550622
255,1257,1512,0.1441216785411087
259,1255,1514,0.1441584425455675
263,1249,1512,0.14418282508635832
259,1250,1509,0.14419792065636192
258,1254,1512,0.14422169945817173
254,1247,1501,0.14424440688299714
254,1249,1503,0.1442749259739171
253,1258,1511,0.14430376097707281
254,1260,1514,0.14433370252942987
255,1263,1518,0.14435915180914982
261,1254,1515,0.14438085964572434
264,1257,1521,0.14438712111310217
260,1246,1506,0.1443839881613752
262,1245,1507,0.1443889124580547
261,1254,1515,0.14438902142785703
262,1260,1522,0.14439230803136213
265,1249,1514,0.1443927228887825
259,1252,1511,0.1443867221060202
260,1243,1503,0.14439534190076853
260,1250,1510,0.14440001644885594
260,1250,1510,0.14440508328948864
258,1268,1526,0.14441006690961153
256,1265,1521,0.14442004190809749
261,1265,1526,0.1444351448339493
257,1268,1525,0.14443871257586108
259,1267,1526,0.14445141448347315
254,1272,1526,0.14445793218812827
255,1260,1515,0.14447588685773918
254,1263,1517,0.14449064384323695
255,1265,1520,0.14450865498857632
250,1262,1512,0.14452373500553192
245,1256,1501,0.14454685904469775
249,1249,1498,0.14458070318797941
249,1245,1494,0.14460065466017114
248,1250,1498,0.14461885755796738
244,1256,1500,0.14463841243511627
249,1258,1507,0.14466591347295898
250,1249,1499,0.14467865494867233
249,1268,1517,0.144688656259378
251,1257,1508,0.14470159096156254
250,1258,1508,0.1447088222320284
252,1258,1510,0.14471895510448896
250,1260,1510,0.14472197313954926
253,1253,1506,0.1447295026314
250,1259,1509,0.14473033078728956
253,1261,1514,0.14473894661008113
254,1249,1503,0.1447385581481879
253,1246,1499,0.14473671897951101
250,1242,1492,0.1447379760860497
250,1261,1511,0.14474530378629827
250,1261,1511,0.14475215030669328
250,1262,1512,0.14475884898365188
249,1268,1517,0.1447653375273481
250,1267,1517,0.14477402190986668
251,1270,1521,0.14477928873906987
255,1278,1533,0.14478301106511934
253,1270,1523,0.14477614149830742
256,1257,1513,0.1447752096713044
253,1263,1516,0.1447661888987605
252,1254,1506,0.14476195906085593
255,1248,1503,0.1447606503168188
252,1240,1492,0.14475346324032176
257,1263,1520,0.14475365394600184
254,1259,1513,0.1447419619324668
250,1260,1510,0.14473715556196798
253,1267,1520,0.14474423945498313
252,1269,1521,0.14474453053943678
252,1270,1522,0.14474644638193557
252,1266,1518,0.1447484123518449
252,1260,1512,0.14475063850123418
254,1264,1518,0.14475372847459106
257,1264,1521,0.1447516049404452
259,1270,1529,0.14474398105784642
254,1277,1531,0.14473135732101347
254,1273,1527,0.1447317296254447
255,1254,1509,0.14473221199722328
253,1249,1502,0.14472953380885867
254,1255,1509,0.14473103081861965
255,1253,1508,0.14472889920515794
253,1261,1514,0.14472514127153327
256,1259,1515,0.1447263698804384
254,1272,1526,0.14472102792055985
252,1267,1519,0.14471957215284545
248,1260,1508,0.14472293732104283
252,1263,1515,0.14473610868302877
252,1255,1507,0.14474045846543915
260,1248,1508,0.1447437691358564
261,1266,1527,0.1447265154986047
256,1258,1514,0.14470822953354745
253,1263,1516,0.14470483104792334
252,1272,1524,0.14470947192215347
254,1257,1511,0.14471646320790366
254,1259,1513,0.14471753094346984
251,1261,1512,0.14471762667466062
247,1263,1510,0.1447224140722607
250,1258,1508,0.14473558162833286
247,1261,1508,0.14473912796043475
255,1262,1517,0.1447501511261325
251,1265,1516,0.14474257569998802
247,1271,1518,0.14474595564230291
247,1261,1508,0.14475864016437964
242,1275,1517,0.14477159801155906
238,1269,1507,0.14479609482575795
238,1271,1509,0.14482703038487676
239,1270,1509,0.1448557742966777
239,1267,1506,0.1448795505729067
244,1277,1521,0.14490173127597214
242,1268,1510,0.14491110685298264
250,1258,1508,0.14492364583484765
255,1253,1508,0.14491471731386768
252,1260,1512,0.1448925722354619
257,1261,1518,0.1448798883072159
255,1261,1516,0.14485686668893816
250,1253,1503,0.14484105614775988
253,1260,1513,0.1448388352772511
255,1269,1524,0.1448293744292618
259,1263,1522,0.1448166862268432
264,1250,1514,0.14479594989711864
260,1258,1518,0.1447651040293589
254,1255,1509,0.1447452485479761
253,1261,1514,0.1447399041251684
253,1253,1506,0.14473858494803696
252,1246,1498,0.14473655981778935
251,1241,1492,0.14473620286602007
254,1245,1499,0.14473995131213888
257,1241,1498,0.1447371030452217
261,1245,1506,0.14472763681003148
256,1257,1513,0.1447105735257918
255,1256,1511,0.14470611612072204
258,1264,1522,0.14470348320441564
256,1252,1508,0.14469340907753142
258,1248,1506,0.14469012089563082
255,1245,1500,0.14468053291691363
254,1258,1512,0.14468005691755534
259,1257,1516,0.14468233234938635
263,1252,1515,0.14467168771577066
259,1255,1514,0.14465105274367393
259,1261,1520,0.1446411190921724
262,1254,1516,0.1446336182159662
261,1249,1510,0.14461752494184674
266,1257,1523,0.14460422611214288
271,1252,1523,0.14457818952746934
269,1261,1530,0.1445429765879631
270,1257,1527,0.14451536303666374
272,1249,1521,0.1444875931208599
270,1248,1518,0.14445790568843297
270,1245,1515,0.14443609710240662
265,1240,1505,0.14441715471486366
264,1236,1500,0.1444105886397558
261,1250,1511,0.14440798392497245
256,1252,1508,0.1444124228284912
258,1274,1532,0.14442832930038343
254,1253,1507,0.14443939953946072
255,1255,1510,0.14445938009690729
256,1255,1511,0.14447633457837203
256,1271,1527,0.14449040201151503
257,1272,1529,0.14450385845214514
259,1263,1522,0.1445140299193583
255,1264,1519,0.1445192855829707
253,1264,1517,0.14453407869853976
253,1262,1515,0.1445518411668836
250,1262,1512,0.14456817424915086
248,1255,1503,0.14459093966437692
247,1268,1515,0.14461661944640725
249,1262,1511,0.14464128047835484
241,1266,1507,0.1446593167954639
240,1260,1500,0.14469353213044076
241,1251,1492,0.14472796419430847
245,1258,1503,0.14475795493701482
253,1269,1522,0.14477731318948966
252,1263,1515,0.144775773927803
254,1263,1517,0.14477775166215992
256,1261,1517,0.14477286016638025
253,1267,1520,0.1447634807586303
252,1265,1517,0.14476294156107675
252,1257,1509,0.14476328109978
249,1254,1503,0.14476479561063588
248,1245,1493,0.1447729582851599
245,1252,1497,0.144783528796776
249,1253,1502,0.14479993529501
249,1252,1501,0.14480688916717285
247,1270,1517,0.14481307172560137
249,1261,1510,0.1448239343133544
243,1261,1504,0.1448279176773581
245,1254,1499,0.14484552313608837
246,1262,1508,0.1448578252236007
245,1263,1508,0.14486567801345893
249,1262,1511,0.14487625930199996
249,1263,1512,0.14487586922862397
249,1249,1498,0.14487547802688414
249,1249,1498,0.14487519001980684
246,1239,1485,0.1448732787699404
247,1256,1503,0.14488081822258247
252,1245,1497,0.14488406957702563
251,1260,1511,0.14487513863547666
248,1256,1504,0.144869073981774
245,1257,1502,0.1448701366750647
244,1240,1484,0.144880008719379
240,1253,1493,0.1448912961335324
240,1261,1501,0.14490885010146545
233,1262,1495,0.14492527664632937
234,1262,1496,0.14495707660860926
241,1266,1507,0.14498341967043396
242,1256,1498,0.14499155687191745
243,1255,1498,0.1449957314135024
242,1242,1484,0.14499704255206292
239,1242,1481,0.14500166950774496
243,1252,1495,0.14501276066939042
245,1262,1507,0.14501086743196148
244,1259,1503,0.14500518787103972
255,1261,1516,0.14500298446762444
258,1243,1501,0.14497323242340446
254,1243,1497,0.14493892003276293
257,1246,1503,0.14491874857812895
261,1257,1518,0.1448930714335934
261,1263,1524,0.14485982530072977
261,1265,1526,0.14482919147475695
257,1266,1523,0.1448011960660218
254,1271,1525,0.14478522126265356
256,1255,1511,0.14477856054116808
249,1263,1512,0.14476710445215824
249,1257,1506,0.14477322537159373
251,1248,1499,0.14477986562708411
255,1262,1517,0.14478100137050048
255,1269,1524,0.14477291057309344
255,1260,1515,0.14476381706151334
260,1268,1528,0.14475550248894603
257,1261,1518,0.14473666937001212
258,1267,1525,0.14472757909345912
252,1262,1514,0.1447167478338515
252,1262,1514,0.1447209160686195
247,1257,1504,0.144725215926642
249,1253,1502,0.1447401913768274
243,1254,1497,0.1447490323904224
243,1265,1508,0.14477064543515789
246,1262,1508,0.14479143417731494
247,1260,1507,0.14480477683015458
255,1267,1522,0.14481586287400042
252,1272,1524,0.14480661577268986
249,1268,1517,0.1448057985412655
249,1267,1516,0.14481121541765554
245,1259,1504,0.14481494848829013
249,1266,1515,0.14482838151789854
247,1262,1509,0.14483069505392301
248,1264,1512,0.14483859382540545
249,1262,1511,0.14484241832712932
251,1263,1514,0.14484393445925936
254,1247,1501,0.14483998483014127
253,1254,1507,0.1448297211453265
257,1267,1524,0.14482129946314218
257,1269,1526,0.14480489308902678
254,1270,1524,0.14479062200654477
246,1273,1519,0.14478523332815396
246,1270,1516,0.14479791441031545
248,1271,1519,0.14481114294128183
249,1277,1526,0.1448190362843861
251,1280,1531,0.144824519990542
254,1276,1530,0.1448251287709076
249,1269,1518,0.14482005566457648
252,1259,1511,0.1448264189684963
252,1263,1515,0.14482541913158373
250,1273,1523,0.14482473397448473
246,1264,1510,0.14482987251524418
247,1266,1513,0.14484278526768424
245,1268,1513,0.1448514760608747
250,1274,1524,0.14486383819144552
247,1259,1506,0.14486357531439292
255,1261,1516,0.14486994123086142
252,1264,1516,0.14485560816697746
251,1256,1507,0.1448500443300989
256,1262,1518,0.14484692432127275
258,1263,1521,0.1448320306315728
257,1265,1522,0.1448153278919524
254,1260,1514,0.14480211731616097
254,1263,1517,0.14479713125584748
248,1258,1506,0.1447914980149856
248,1269,1517,0.14479995565935544
248,1268,1516,0.14480804678532663
248,1271,1519,0.1448170119009876
252,1271,1523,0.1448250465805054
251,1266,1517,0.14482130353641215
249,1275,1524,0.1448215518915088
246,1280,1526,0.14482770127565875
245,1277,1522,0.14484102693839046
243,1267,1510,0.14485754674629292
242,1265,1507,0.14487797756648657
239,1266,1505,0.1448985700523193
236,1266,1502,0.1449249437617448
239,1274,1513,0.14495562045856292
241,1271,1512,0.14497661035741038
244,1264,1508,0.1449920119765772
241,1275,1516,0.14500010606783245
239,1283,1522,0.14501408816169847
238,1286,1524,0.14503253823970555
237,1289,1526,0.14505203652914875
237,1292,1529,0.14507272085809242
242,1276,1518,0.14509112842217772
241,1281,1522,0.14509699480577914
235,1271,1506,0.14510450797212718
230,1275,1505,0.14512610255298342
230,1276,1506,0.1451583515292932
230,1288,1518,0.14518847168133725
232,1275,1507,0.14521565705717776
227,1272,1499,0.145236889272194
228,1272,1500,0.14526934781375
236,1277,1513,0.14529688093857906
230,1268,1498,0.14530298307526807
226,1271,1497,0.14532238670318953
223,1283,1506,0.1453486946910369
228,1266,1494,0.14537788292812243
227,1268,1495,0.14539276590379224
230,1274,1504,0.14540904300786406
230,1272,1502,0.14541579558383144
223,1277,1500,0.14542200024837695
224,1286,1510,0.14544430993955693
225,1286,1511,0.14546441856126674
225,1293,1518,0.14548224432433698
228,1284,1512,0.1454993788085542
224,1293,1517,0.145508876128648
225,1295,1520,0.14552815376969608
223,1285,1508,0.14554403212252368
221,1279,1500,0.14556329913118485
219,1275,1494,0.14558588416552437
220,1279,1499,0.14561121517354697
215,1284,1499,0.14563331468851462
217,1291,1508,0.14566440779215242
213,1300,1513,0.14568852247300668
215,1308,1523,0.14572085201121926
218,1310,1528,0.14574739798925923
211,1312,1523,0.1457661119003651
207,1299,1506,0.1458000338681756
208,1304,1512,0.14584054569537108
206,1298,1504,0.14587537667673225
206,1308,1514,0.14591229549454524
198,1320,1518,0.14594824648747726
204,1308,1512,0.14600107478694163
205,1315,1520,0.1460348298521155
201,1327,1528,0.14606349642499758
199,1322,1521,0.14610073506135435
202,1328,1530,0.14614051079109877
200,1329,1529,0.14616978054438742
200,1330,1530,0.1462012435622493
195,1322,1517,0.14622999435203293
193,1318,1511,0.14627020533712812
198,1310,1508,0.14631240676190094
197,1323,1520,0.1463398003916473
200,1321,1521,0.14636819470953374
198,1324,1522,0.14638739863665895
198,1312,1510,0.14640925615595923
202,1304,1506,0.146429948301837
202,1299,1501,0.14643865156751887
202,1309,1511,0.14644812936592952
205,1326,1531,0.14645692398553273
202,1319,1521,0.1464595162472713
202,1319,1521,0.1464695278559269
204,1309,1513,0.1464764008350528
204,1322,1526,0.14647740860739433
201,1312,1513,0.14647638817526687
203,1314,1517,0.14648373168247375
204,1313,1517,0.14648625958074463
202,1313,1515,0.14648513286924134
200,1307,1507,0.14648979852405117
196,1299,1495,0.14649927539956906
201,1297,1498,0.1465183240258801
197,1302,1499,0.14652283675658156
194,1302,1496,0.14653642229318076
199,1306,1505,0.14655532484192663
193,1302,1495,0.14656047830954555
192,1316,1508,0.1465793461062599
194,1309,1503,0.14660041067346377
198,1315,1513,0.1466159236443383
197,1320,1517,0.14662123649167172
196,1318,1514,0.14662967752777661
193,1314,1507,0.1466379920751998
191,1324,1515,0.14665361667766488
195,1325,1520,0.1466732148892368
188,1323,1511,0.14668136118967684
190,1307,1497,0.1467055047110243
190,1309,1499,0.1467236072510832
191,1316,1507,0.14674216254174605
193,1327,1520,0.1467574963136923
193,1331,1524,0.1467666521889276
193,1324,1517,0.1467748412605094
193,1301,1494,0.1467836438705467
190,1308,1498,0.1467902813544767
190,1327,1517,0.14680498381837045
185,1322,1507,0.14681875215414134
190,1323,1513,0.14684369568280545
190,1318,1508,0.14685552169132177
193,1318,1511,0.14686672329336953
196,1318,1514,0.14686991130133475
193,1332,1525,0.14686324005394205
195,1320,1515,0.1468641558218727
194,1327,1521,0.1468619473968036
195,1338,1533,0.14686298170736906
194,1326,1520,0.1468615607564817
191,1327,1518,0.14686254583956262
186,1317,1503,0.1468701523124732
186,1311,1497,0.14688935269597814
186,1315,1501,0.14690799451334297
181,1319,1500,0.14692526097582714
182,1322,1504,0.14695214665316528
183,1334,1517,0.14697521818327208
184,1336,1520,0.14699482923717289
186,1338,1524,0.14701035355328776
186,1328,1514,0.14701999178866682
186,1336,1522,0.14702840555532362
187,1331,1518,0.14703758802593989
183,1324,1507,0.1470427198225033
183,1330,1513,0.14705663178509717
183,1330,1513,0.14706881081343673
181,1329,1510,0.14708164210387692
174,1327,1501,0.14709884925938013
175,1337,1512,0.14713198883871567
174,1345,1519,0.14716059017003355
172,1341,1513,0.1471898340113118
176,1336,1512,0.14722248503082377
178,1342,1520,0.14724197191039476
177,1333,1510,0.14725463404419575
174,1330,1504,0.14726957602768612
174,1345,1519,0.1472910585203104
175,1329,1504,0.14731153339911843
172,1330,1502,0.1473286548016005
175,1326,1501,0.14735157799570855
175,1337,1512,0.14736566279950541
179,1340,1519,0.1473800201988646
179,1348,1527,0.14738309422566254
180,1347,1527,0.14738698677700704
178,1345,1523,0.14738890653992393
180,1344,1524,0.14739563116454676
180,1346,1526,0.1473987317651209
181,1346,1527,0.1474018663004915
177,1341,1518,0.14740240826424864
175,1341,1516,0.1474134559864929
173,1343,1516,0.14742927453855192
175,1343,1518,0.14744828069594443
172,1345,1517,0.14746135574486524
167,1345,1512,0.14748079167468403
166,1339,1505,0.14751091735039243
163,1339,1502,0.14754182148604436
163,1342,1505,0.1475771685223674
162,1354,1516,0.14760946594663518
160,1348,1508,0.14764156730159184
161,1362,1523,0.1476754244815929
164,1359,1523,0.14770510116236968
163,1368,1531,0.1477243599986552
163,1354,1517,0.1477439907937236
162,1352,1514,0.14776324227051874
164,1348,1512,0.14778153581295386
167,1349,1516,0.14779462403025576
169,1358,1527,0.14780057763940785
166,1356,1522,0.14780124000284472
161,1356,1517,0.147809075075241
161,1359,1520,0.14782938890134537
164,1355,1519,0.14784856200601046
163,1358,1521,0.14785960119472796
156,1353,1509,0.14787266401990032
158,1349,1507,0.14790120165553877
160,1355,1515,0.14792358351083915
155,1357,1512,0.14793874525038514
155,1354,1509,0.1479635475039397
154,1358,1512,0.14798670510521833
155,1344,1499,0.14801139791262516
158,1343,1501,0.14803082666211864
156,1332,1488,0.1480420099214994
158,1335,1493,0.1480564500284004
156,1345,1501,0.14806481668066518
158,1353,1511,0.14807839838196
158,1350,1508,0.1480874228895014
158,1369,1527,0.14809711665222294
155,1357,1512,0.1481049155995011
158,1367,1525,0.14811832960316096
155,1368,1523,0.14812459015938745
154,1361,1515,0.14813800340987546
151,1359,1510,0.1481533101962872
150,1358,1508,0.14817421697130154
150,1362,1512,0.14819622685747905
156,1362,1518,0.14821567106197253
154,1348,1502,0.14822066392099045
155,1357,1512,0.14822983384133967
155,1343,1498,0.14823458812960763
158,1358,1516,0.1482395769124741
154,1367,1521,0.14823479309842016
155,1376,1531,0.14824128079597299
156,1366,1522,0.14824511951271505
155,1367,1522,0.14824719557653482
157,1368,1525,0.1482525842826047
151,1365,1516,0.14825338626835705
152,1354,1506,0.14826842946353455
154,1343,1497,0.14827974742539646
158,1353,1511,0.14828359337845864
159,1361,1520,0.14827778449534437
150,1361,1511,0.14827078318282993
146,1347,1493,0.1482854710825797
145,1367,1512,0.14830951085269056
146,1365,1511,0.14833550382325467
149,1356,1505,0.14835662287052334
147,1355,1502,0.14836905085931368
148,1363,1511,0.14838587536149578
150,1362,1512,0.14839958690797414
151,1369,1520,0.14840567986683348
151,1373,1524,0.14841031597254165
157,1369,1526,0.14841527983835004
156,1358,1514,0.1484057772527378
153,1362,1515,0.14839905526166838
153,1365,1518,0.1483992316755338
151,1368,1519,0.14839955781304703
150,1365,1515,0.14840434767734384
150,1367,1517,0.14841179254564557
149,1373,1522,0.14841890797831214
145,1385,1530,0.14842876091926557
146,1370,1516,0.148447278464921
146,1360,1506,0.14846241562232887
147,1360,1507,0.14847682645693183
145,1369,1514,0.1484884929205722
145,1360,1505,0.14850342182636617
149,1368,1517,0.14851774718150165
147,1355,1502,0.14852112811959167
148,1359,1507,0.1485283649406016
147,1375,1522,0.1485337782070169
148,1389,1537,0.14854135843084662
148,1368,1516,0.1485431728947858
151,1357,1508,0.1485441492794117
151,1350,1501,0.14853718943505897
147,1362,1509,0.14853155196846324
150,1362,1512,0.14853637148962587
152,1365,1517,0.14853406496828733
150,1366,1516,0.14852539947097512
148,1373,1521,0.14852180576664506
144,1367,1511,0.14852380631428697
146,1372,1518,0.1485354583913944
151,1362,1513,0.148541689013702
153,1372,1525,0.14853505660548183
156,1355,1511,0.14852456890642374
152,1364,1516,0.14850553272522146
155,1356,1511,0.14849695231953405
150,1355,1505,0.14848282211101466
150,1365,1515,0.1484824034692118
146,1365,1511,0.14848216841412337
149,1365,1514,0.14849151178248085
152,1361,1513,0.14849283291848558
153,1352,1505,0.14848731868997983
150,1354,1504,0.14847981758269005
148,1366,1514,0.14848107156206874
147,1364,1511,0.1484876045048756
145,1371,1516,0.14849655528994438
147,1369,1516,0.14851060795742657
145,1351,1496,0.1485194596529813
146,1355,1501,0.14853181754024458
150,1366,1516,0.14854140610759284
149,1371,1520,0.14854116193057357
145,1367,1512,0.14854214490362252
143,1369,1512,0.14855255304535298
148,1378,1526,0.14856687348192602
145,1383,1528,0.14856795133640194
144,1371,1515,0.14857689364722712
145,1368,1513,0.1485876783043681
142,1386,1528,0.14859677976698055
141,1376,1517,0.1486130073710092
138,1388,1526,0.14863009457037596
144,1375,1519,0.1486532765825994
142,1382,1524,0.14866164243569757
137,1372,1509,0.14867460089781478
133,1379,1512,0.14869891888215594
134,1379,1513,0.1487312104192057
135,1376,1511,0.14875924680508307
137,1381,1518,0.14878253126153335
134,1378,1512,0.14879856429674196
135,1384,1519,0.14882020100878193
137,1379,1516,0.14883816414983664
134,1393,1527,0.14884980364240058
133,1375,1508,0.14886788118565125
135,1379,1514,0.14888661033902756
138,1366,1504,0.14889926670692488
135,1362,1497,0.14890371623936097
136,1360,1496,0.14891573421351048
136,1375,1511,0.14892482003781604
136,1371,1507,0.14893355901157362
138,1362,1500,0.14894201615847494
138,1367,1505,0.14894469273842617
136,1373,1509,0.14894692594434064
140,1366,1506,0.14895346582785027
140,1364,1504,0.1489494137643982
141,1371,1512,0.1489463145358229
140,1380,1520,0.14894077524012328
139,1363,1502,0.14893691046856944
141,1360,1501,0.1489357197702785
140,1350,1490,0.14892890679600013
142,1358,1500,0.1489248171619325
138,1361,1499,0.14891625769509406
140,1337,1477,0.1489170929966467
137,1343,1480,0.14891294226803498
141,1344,1485,0.14891640392593888
141,1344,1485,0.14891075368300136
139,1356,1495,0.14890594114500968
139,1360,1499,0.14890686162031705
143,1359,1502,0.148906804228784
142,1362,1504,0.14889757915275878
142,1371,1513,0.14889062393130176
147,1372,1519,0.1488840581122125
144,1366,1510,0.14886547896201488
141,1375,1516,0.14885509803064514
140,1381,1521,0.14885285245195168
143,1381,1524,0.14885436630601476
135,1375,1510,0.14884963746460256
134,1379,1513,0.14886393517553542
131,1383,1514,0.1488783842772042
134,1378,1512,0.1488998275648984
136,1390,1526,0.14891349373954518
135,1378,1513,0.14892125191284536
133,1380,1513,0.14893109705563273
131,1372,1503,0.14894523623061093
133,1383,1516,0.14896122590036903
132,1365,1497,0.14897132758552584
133,1375,1508,0.14898360116152634
134,1377,1511,0.14899211828308334
133,1380,1513,0.14899830987826998
132,1375,1507,0.14900737218327195
128,1386,1514,0.1490188692578789
132,1375,1507,0.14903780398593267
129,1371,1500,0.14904593396420449
126,1363,1489,0.14906123398150473
130,1365,1495,0.14908280959934964
134,1370,1504,0.14909332742630946
131,1376,1507,0.14909260932882853
131,1369,1500,0.14909821660145955
129,1380,1509,0.14910443555644032
131,1380,1511,0.1491145994188022
132,1384,1516,0.1491190724974324
133,1389,1522,0.14912026421056715
132,1386,1518,0.1491190770672711
128,1388,1516,0.1491199639833633
127,1384,1511,0.1491311178422169
128,1382,1510,0.14914390674119238
124,1384,1508,0.14915309686826217
126,1387,1513,0.14917183410529927
128,1387,1515,0.14918570345376658
130,1396,1526,0.1491937147685675
127,1383,1510,0.14919541603952774
128,1394,1522,0.149204374212248
128,1396,1524,0.14921083009584965
127,1390,1517,0.14921611425075565
128,1401,1529,0.14922324311106933
129,1401,1530,0.14922761508336474
130,1395,1525,0.14922936976701165
128,1397,1525,0.14922878993872488
130,1387,1517,0.14923361410900732
124,1393,1517,0.14923425681113556
123,1385,1508,0.14924867299395936
121,1372,1493,0.14926401241550347
122,1384,1506,0.149282996593281
120,1382,1502,0.1492976824971579
122,1379,1501,0.14931594519332603
121,1390,1511,0.14932918091649353
122,1391,1513,0.14934400811518245
122,1392,1514,0.14935626727130416
121,1389,1510,0.14936849594330895
120,1385,1505,0.14938239920133373
117,1396,1513,0.14939839840699853
119,1393,1512,0.14941940194750183
116,1391,1507,0.1494333474803006
115,1412,1527,0.14945289624819427
117,1411,1528,0.149473647580572
115,1413,1528,0.14948787000625463
117,1416,1533,0.14950651352771296
118,1406,1524,0.1495186792526499
121,1400,1521,0.1495272003097329
118,1409,1527,0.14952772962586589
116,1412,1528,0.14953581149053324
117,1410,1527,0.149549028986421
118,1408,1526,0.14955907669368995
118,1402,1520,0.14956607634926844
117,1404,1521,0.1495733452117479
113,1396,1509,0.14958325356354618
115,1392,1507,0.1496019772206087
116,1389,1505,0.1496142183558958
114,1402,1516,0.14962417610890932
113,1400,1513,0.14963814168394082
113,1403,1516,0.14965412116443236
112,1392,1504,0.1496679361780715
108,1402,1510,0.14968381241953949
108,1407,1515,0.14970794576177934
108,1408,1516,0.1497300516133529
112,1413,1525,0.14975159864879994
109,1404,1513,0.14976256278788938
106,1400,1506,0.14978024985792576
109,1413,1522,0.1498033569944445
111,1402,1513,0.1498185822142268
110,1410,1520,0.14982644816808044
110,1394,1504,0.14983694167821998
109,1392,1501,0.1498471577507133
112,1403,1515,0.149858491285392
113,1400,1513,0.14986100960697488
112,1406,1518,0.14986151655139393
111,1405,1516,0.14986496062878196
113,1404,1517,0.14987113314767886
113,1412,1525,0.14987281913484363
109,1425,1534,0.1498739677921892
105,1434,1539,0.14988429639148676
104,1404,1508,0.1499034238834791
101,1399,1500,0.1499239457746892
100,1398,1498,0.1499496127354621
99,1414,1513,0.14997556444525484
100,1414,1514,0.1500025167627411
100,1424,1524,0.15002575615078179
100,1420,1520,0.15004810089041987
99,1416,1515,0.15006821456567856
99,1416,1515,0.15008933402869584
98,1424,1522,0.1501096263329348
95,1420,1515,0.1501306126532903
94,1428,1522,0.15015737994425193
94,1431,1525,0.150184734647343
98,1430,1528,0.15020966608240932
97,1427,1524,0.15022401666566318
97,1415,1512,0.15024041912437702
97,1408,1505,0.15025641954461558
92,1424,1516,0.15027078130541485
91,1431,1522,0.15029633298882653
91,1429,1520,0.15032327693173594
90,1431,1521,0.1503487411948782
90,1434,1524,0.1503750968001249
89,1418,1507,0.15039974310228815
91,1415,1506,0.15042483355508762
89,1426,1515,0.15044354828626874
90,1428,1518,0.15046528795756256
87,1441,1528,0.15048319812434285
89,1433,1522,0.1505072604145802
89,1442,1531,0.15052570981980423
85,1428,1513,0.1505434979370485
86,1426,1512,0.15056940241392616
83,1441,1524,0.1505910863061725
83,1455,1538,0.15061872203340643
83,1460,1543,0.15064490791181614
84,1447,1531,0.15066980460414936
83,1440,1523,0.1506902976539893
82,1433,1515,0.15071182245548964
82,1433,1515,0.1507345501274171
78,1437,1515,0.15075601942131794
78,1447,1525,0.15078492416831735
81,1448,1529,0.15081236368809342
81,1442,1523,0.15083113647520016
83,1433,1516,0.15084775707224587
81,1425,1506,0.15085847318054113
83,1424,1507,0.15087325618606376
85,1442,1527,0.1508822759812646
87,1435,1522,0.15088563114136222
88,1440,1528,0.15088392780894
83,1431,1514,0.15087932685505676
84,1426,1510,0.15088676214770566
87,1427,1514,0.15089024426913508
83,1432,1515,0.15088584109854494
85,1428,1513,0.1508916265650771
86,1437,1523,0.1508922574693154
87,1423,1510,0.15089077189398842
86,1418,1504,0.15088759883888947
87,1416,1503,0.15088742343288722
86,1420,1506,0.15088391039861887
86,1423,1509,0.1508827123037187
86,1437,1523,0.15088224315360865
87,1442,1529,0.15088233182325467
87,1431,1518,0.1508806155260608
85,1428,1513,0.15087950777862683
83,1423,1506,0.15088426054190265
83,1410,1493,0.1508927794903995
80,1422,1502,0.15090072383949102
81,1436,1517,0.1509145364450044
79,1426,1505,0.15092569712545845
82,1431,1513,0.150940843487491
81,1426,1507,0.1509480490068798
80,1430,1510,0.15095722813185852
79,1427,1506,0.15096830107182405
79,1436,1515,0.1509816129103904
75,1440,1515,0.15099443786838282
75,1439,1514,0.1510161874244672
78,1443,1521,0.15103661017779735
75,1436,1511,0.1510489894859445
72,1438,1510,0.15106554659853838
75,1460,1535,0.15108842075239481
74,1456,1530,0.1511031307205461
73,1446,1519,0.15111968836383952
73,1441,1514,0.15113834177338997
77,1439,1516,0.15115529721304266
75,1437,1512,0.15115922041941376
77,1440,1517,0.1511681440269264
75,1442,1517,0.151171669889666
70,1443,1513,0.1511781724969466
72,1449,1521,0.15119821909375847
70,1452,1522,0.15121227621226038
70,1451,1521,0.15122887241131672
71,1449,1520,0.1512445776029773
70,1441,1511,0.15125735834467396
74,1444,1518,0.15127161801535297
75,1447,1522,0.1512752914656571
75,1444,1519,0.1512767468659032
72,1437,1509,0.15127766949499377
73,1433,1506,0.15128594763124162
73,1438,1511,0.15129156400461372
71,1442,1513,0.1512977410813538
70,1438,1508,0.15130834980116198
73,1428,1501,0.15132075106735823
73,1432,1505,0.15132379916490268
74,1440,1514,0.15132714894928223
72,1441,1513,0.15132846690788473
72,1443,1515,0.15133359632313254
73,1455,1528,0.15133916180602155
75,1452,1527,0.15134218808417974
75,1458,1533,0.15133984964931396
75,1455,1530,0.15133681444109842
75,1458,1533,0.15133453845521636
75,1450,1525,0.15133142345710598
75,1450,1525,0.15132835408285927
77,1438,1515,0.15132617723464503
76,1430,1506,0.1513192387111566
79,1423,1502,0.15131582166498625
78,1432,1510,0.15130452749058493
77,1440,1517,0.1512966833489741
75,1441,1516,0.1512913701014289
73,1437,1510,0.15129165694251828
75,1442,1517,0.15129617864122483
73,1439,1512,0.15129617741324558
71,1444,1515,0.15130122145072505
71,1441,1512,0.15131095875701908
70,1453,1523,0.15132049963167524
70,1450,1520,0.15133132387373177
73,1452,1525,0.15134190618597512
69,1439,1508,0.151345052398939
69,1445,1514,0.15135721821220088
71,1439,1510,0.1513685402458268
73,1450,1523,0.15137459872603587
74,1435,1509,0.15137345599516905
71,1433,1504,0.15136920775937282
69,1446,1515,0.15137280672863934
67,1446,1513,0.15138141470282884
66,1436,1502,0.15139464290367094
66,1441,1507,0.15140994970830135
65,1434,1499,0.1514238409977337
68,1430,1498,0.15143894747960446
70,1446,1516,0.15144460763127882
68,1451,1519,0.15144541677132992
66,1445,1511,0.1514509242602564
69,1443,1512,0.15146113396314712
71,1449,1520,0.151464232518076
69,1436,1505,0.15146228079316548
69,1458,1527,0.15146549869404474
70,1462,1532,0.15146870547430855
69,1461,1530,0.1514696758908363
69,1455,1524,0.15147332835612717
64,1445,1509,0.15147666881575017
63,1449,1512,0.1514922039601915
65,1449,1514,0.15150836566475415
64,1440,1504,0.15151893655048798
64,1455,1519,0.15153148767925384
64,1449,1513,0.15154324968443547
66,1448,1514,0.15155392469567008
68,1449,1517,0.1515591571894572
67,1445,1512,0.15155738167305857
65,1460,1525,0.15155862310630797
64,1461,1525,0.15156513369070138
63,1465,1528,0.15157365639757855
65,1464,1529,0.15158408910793916
66,1454,1520,0.15158955937654325
66,1457,1523,0.15159071888613138
67,1448,1515,0.1515919294966133
64,1450,1514,0.15158976863015364
64,1457,1521,0.15159608997906204
65,1445,1510,0.15160186047011204
69,1444,1513,0.15160499986394618
73,1447,1520,0.15159708529830948
72,1443,1515,0.151579698098337
71,1448,1519,0.15156546849728594
71,1455,1526,0.15155540221019223
68,1458,1526,0.15154589269492325
65,1457,1522,0.15154476995868474
65,1448,1513,0.15155110737377192
65,1441,1506,0.15155743045873563
65,1443,1508,0.1515629806196083
67,1444,1511,0.15156761718818157
66,1450,1516,0.15156670938749792
65,1434,1499,0.1515684885587498
68,1439,1507,0.1515726542193167
69,1429,1498,0.15156704365676993
69,1435,1504,0.15155995667272462
71,1435,1506,0.1515532457695895
68,1451,1519,0.15154082426782137
69,1461,1530,0.151536855149918
68,1444,1512,0.1515316270208948
69,1450,1519,0.15152769309979724
70,1438,1508,0.15152231775542208
73,1430,1503,0.15151321453377764
74,1427,1501,0.15149746767897226
75,1439,1514,0.1514805906962875
76,1443,1519,0.15146276392293173
75,1443,1518,0.15144481246573166
74,1438,1512,0.1514311975077911
73,1441,1514,0.15142181636115293
75,1443,1518,0.15141577250497026
75,1439,1514,0.15140572831427956
75,1444,1519,0.15139441103754578
74,1434,1508,0.15138386627670514
72,1441,1513,0.15137707980420664
73,1440,1513,0.15137584399389203
73,1438,1511,0.1513729563870354
73,1432,1505,0.15137102612116335
75,1437,1512,0.1513697412689057
75,1437,1512,0.15136326730801886
74,1440,1514,0.1513577394088938
73,1430,1503,0.1513547834431103
71,1449,1520,0.15135340179039633
71,1445,1516,0.1513572826153072
72,1455,1527,0.15136171382886726
71,1450,1521,0.1513639000066955
72,1443,1515,0.1513682243619128
71,1457,1528,0.1513699969030438
71,1459,1530,0.15137356707066638
71,1462,1533,0.1513763612000457
71,1469,1540,0.1513784586085488
67,1463,1530,0.1513806997489498
69,1459,1528,0.15139261214454316
67,1436,1503,0.15139855197301574
66,1430,1496,0.1514096633450278
68,1428,1496,0.15142340521045522
66,1418,1484,0.15142977086984052
68,1427,1495,0.1514400419696631
68,1433,1501,0.15144317872892937
68,1440,1508,0.15144608197489573
70,1438,1508,0.1514486850856857
74,1444,1518,0.15144699788371124
74,1444,1518,0.1514348766256362
76,1440,1516,0.1514238723911452
78,1445,1523,0.15140902441031484
76,1446,1522,0.15138906113102163
75,1443,1518,0.15137617396623743
74,1451,1525,0.15136769587584947
73,1454,1527,0.15136278979321868
70,1446,1516,0.15136102230151663
70,1454,1524,0.15136722247422868
67,1451,1518,0.1513734615039285
67,1450,1517,0.1513866479104943
68,1447,1515,0.15139891507931588
67,1459,1526,0.15140803092204172
69,1451,1520,0.1514194018408684
71,1454,1525,0.15142514328989698
71,1453,1524,0.15142488390518632
72,1440,1512,0.15142455088689316
69,1443,1512,0.15142265887766349
67,1441,1508,0.15142848209955095
68,1451,1519,0.15143902623686276
66,1447,1513,0.151446276268239
67,1447,1514,0.15145819814350736
68,1454,1522,0.15146648604466517
67,1476,1543,0.1514714305837347
67,1473,1540,0.15147871416050004
66,1469,1535,0.1514859907837081
64,1459,1523,0.15149540914198312
64,1451,1515,0.15150921997038727
62,1449,1511,0.15152198067739434
63,1456,1519,0.15153867354479358
63,1453,1516,0.15155153382224465
62,1447,1509,0.15156415194125283
61,1447,1508,0.15157867734172245
62,1453,1515,0.15159457843247484
60,1446,1506,0.15160609807358025
59,1460,1519,0.15162177778680047
59,1458,1517,0.1516388463570161
59,1450,1509,0.15165513993541238
58,1434,1492,0.1516700073674488
59,1440,1499,0.1516863598019797
60,1447,1507,0.1516993668988944
61,1455,1516,0.15170724927691967
62,1453,1515,0.15171246049695644
63,1444,1507,0.1517135622726909
63,1439,1502,0.15171285967835224
64,1447,1511,0.1517119657480011
62,1455,1517,0.15170850683624565
61,1466,1527,0.15170952670822735
61,1467,1528,0.15171347803561186
64,1448,1512,0.15171766648166848
64,1445,1509,0.15171482472592854
63,1451,1514,0.15171209058326565
61,1445,1506,0.15171112041599077
61,1441,1502,0.1517151440043112
59,1439,1498,0.1517196140243991
57,1436,1493,0.15172911533692307
58,1435,1493,0.1517432916911018
58,1434,1492,0.15175424389779846
58,1439,1497,0.1517644396863597
60,1449,1509,0.15177384019032403
59,1458,1517,0.15177695904149546
59,1462,1521,0.15178330251082195
60,1467,1527,0.15178944199514163
62,1470,1532,0.15179277667083926
63,1466,1529,0.15179062461894782
63,1468,1531,0.1517864086810656
63,1452,1515,0.15178310771225764
64,1444,1508,0.1517790480172187
65,1456,1521,0.15177324429195121
62,1460,1522,0.15176531860994355
59,1446,1505,0.15176588754316636
61,1438,1499,0.15177320488980175
59,1445,1504,0.15177611861994242
60,1449,1509,0.15178362388196986
58,1448,1506,0.1517888286828148
59,1452,1511,0.1517987368266705
60,1451,1511,0.15180548496295582
60,1451,1511,0.15180957885917132
61,1460,1521,0.151813506564874
62,1456,1518,0.15181450070923608
62,1460,1522,0.15181350714236225
61,1470,1531,0.15181304953397187
60,1464,1524,0.15181540516525172
62,1452,1514,0.15182014237825617
61,1461,1522,0.15181926616170552
61,1460,1521,0.15182131112715744
61,1472,1533,0.1518225955058391
62,1457,1519,0.15182346153341267
59,1444,1503,0.15182075221284352
60,1439,1499,0.15182604230102376
57,1444,1501,0.15182909993020532
56,1446,1502,0.15183948180066362
56,1454,1510,0.15185190521961017
58,1459,1517,0.15186285537836744
60,1458,1518,0.1518686430322148
60,1453,1513,0.15186902083013798
60,1454,1514,0.1518689164121698
60,1451,1511,0.15186934800255694
62,1459,1521,0.1518698265931298
60,1460,1520,0.1518661979033494
60,1455,1515,0.151867623544769
60,1455,1515,0.15186926171312226
63,1461,1524,0.151871154012819
62,1465,1527,0.15186555723895082
61,1451,1512,0.15186304687626975
61,1448,1509,0.15186337098272726
61,1453,1514,0.15186364609093192
59,1444,1503,0.1518641862729012
59,1443,1502,0.15186944104778685
58,1453,1511,0.15187471018761808
58,1449,1507,0.1518822662167302
58,1453,1511,0.15188806447737735
58,1452,1510,0.15189312951476472
58,1457,1515,0.15189824764134108
57,1447,1504,0.15190296461811967
55,1454,1509,0.15190975647139787
55,1457,1512,0.1519199919130572
55,1453,1508,0.15192900798843603
54,1462,1516,0.1519378007256215
55,1458,1513,0.15194841870745102
53,1456,1509,0.15195640100653166
55,1474,1529,0.15196846775821432
56,1463,1519,0.15197502330895607
56,1473,1529,0.1519790907497929
57,1459,1516,0.15198303277968125
55,1466,1521,0.15198449051125654
55,1466,1521,0.15199084138703678
53,1452,1505,0.15199712639784288
54,1472,1526,0.1520082201663022
54,1457,1511,0.15201586856120466
53,1456,1509,0.1520233439938354
54,1449,1503,0.15203285833936578
53,1457,1510,0.15203970408998957
49,1460,1509,0.15204822751254338
47,1468,1515,0.1520653751196878
49,1467,1516,0.15208615200362335
49,1472,1521,0.15210041268415594
49,1465,1514,0.15211291614529293
49,1462,1511,0.15212427926420255
51,1468,1519,0.15213533620187694
49,1479,1528,0.1521412996142121
48,1461,1509,0.1521518002355121
50,1478,1528,0.15216360380268631
48,1482,1530,0.1521704541300766
49,1486,1535,0.15218189218960607
49,1471,1520,0.1521902298046015
50,1477,1527,0.15219827415826642
48,1474,1522,0.15220356409444966
48,1460,1508,0.1522127350123945
49,1449,1498,0.1522205732008491
49,1452,1501,0.1522253833106509
51,1470,1521,0.1522300419667607
50,1465,1515,0.15222928012094072
49,1477,1526,0.15223162776767085
49,1481,1530,0.1522363924390047
49,1481,1530,0.15224112756543892
46,1489,1535,0.15224524083613855
51,1472,1523,0.1522560113910966
49,1469,1518,0.15225364481435513
50,1463,1513,0.15225621637923076
50,1459,1509,0.1522567088518591
46,1465,1511,0.1522565132652009
47,1460,1507,0.15226572105478084
50,1469,1519,0.15227205401853852
51,1467,1518,0.1522709486045934
51,1476,1527,0.15226763795252218
52,1464,1516,0.1522646818024951
53,1457,1510,0.1522583358065871
53,1459,1512,0.15225061357102224
52,1453,1505,0.15224380104909696
51,1465,1516,0.1522400442244964
51,1485,1536,0.15223918929141178
49,1478,1527,0.15223781773903217
51,1474,1525,0.15224168058355234
51,1456,1507,0.1522399615747993
53,1445,1498,0.15223875211884777
53,1438,1491,0.15223260805404057
55,1456,1511,0.1522264978234019
54,1466,1520,0.15221592821226276
54,1470,1524,0.1522093988518652
54,1469,1523,0.15220295470821577
54,1467,1521,0.15219736736892847
53,1478,1531,0.15219253245351883
51,1479,1530,0.15219054065224719
53,1479,1532,0.15219357600431518
53,1469,1522,0.15219214465931338
52,1474,1526,0.1521903748997485
52,1468,1520,0.15219054733112697
55,1471,1526,0.15219124116369118
56,1471,1527,0.15218280895848849
57,1483,1540,0.15217173280389992
57,1483,1540,0.15215951903785727
59,1470,1529,0.15214811897957264
57,1469,1526,0.15213198743252948
56,1473,1529,0.15212196225611796
58,1465,1523,0.15211553020582674
60,1467,1527,0.1521039705237058
60,1454,1514,0.15208759050684573
58,1442,1500,0.15207192580008125
58,1447,1505,0.1520622888586891
61,1449,1510,0.15205324828287922
62,1455,1517,0.15203784715353244
64,1460,1524,0.15202233691330916
61,1462,1523,0.15200241476068144
63,1455,1518,0.1519914505136806
64,1451,1515,0.1519748089998759
63,1451,1514,0.15195743897682024
65,1439,1504,0.15194426383720652
64,1434,1498,0.15192796080540114
63,1449,1512,0.1519154416122851
60,1448,1508,0.1519064952319405
59,1446,1505,0.15190596032844936
58,1457,1515,0.1519074700544408
59,1441,1500,0.1519115003446934
59,1435,1494,0.15191316184133566
58,1433,1491,0.15191449086608558
58,1433,1491,0.15191833131563448
60,1441,1501,0.1519222410224247
60,1445,1505,0.15192061515468372
60,1462,1522,0.1519192948265135
60,1459,1519,0.15191776470619137
62,1448,1510,0.15191486900546722
62,1447,1509,0.15190816640641291
63,1446,1509,0.15190189618326871
64,1446,1510,0.15189412040391134
63,1446,1509,0.1518842687657203
61,1446,1507,0.15187780439331403
61,1466,1527,0.1518768718391921
62,1456,1518,0.15187612759663716
61,1447,1508,0.15187351773789096
60,1456,1516,0.1518735713304321
57,1456,1513,0.151876001834463
59,1462,1521,0.15188543572553737
58,1465,1523,0.15188893164072245
58,1461,1519,0.15189459931798727
60,1467,1527,0.15189999177177124
60,1475,1535,0.15190032226549785
59,1477,1536,0.15190093801206447
60,1478,1538,0.15190396835021613
59,1468,1527,0.151903992167747
61,1451,1512,0.1519065784364716
61,1463,1524,0.15190392465901476
59,1448,1507,0.15190184838588408
57,1459,1516,0.15190508383967638
57,1462,1519,0.1519126863463561
56,1470,1526,0.1519200531641876
56,1477,1533,0.15192940201351168
57,1482,1539,0.15193839511964358
56,1475,1531,0.15194415825520938
55,1464,1519,0.1519520244913811
50,1468,1518,0.15196184679877597
48,1470,1518,0.1519823547366118
50,1466,1516,0.15200600485572868
47,1465,1512,0.15202345557220312
51,1447,1498,0.15204667604021693
53,1460,1513,0.15205789963284913
54,1453,1507,0.15206370667581107
51,1458,1509,0.15206717567704156
48,1447,1495,0.15207760918758548
46,1453,1499,0.15209421828927566
49,1444,1493,0.1521143966557458
52,1439,1491,0.15212476524878885
52,1454,1506,0.15212801686663124
52,1450,1502,0.1521310897629487
53,1453,1506,0.15213415662477497
53,1459,1512,0.15213491807206633
53,1454,1507,0.15213520006842957
53,1449,1502,0.1521359145007791
52,1461,1513,0.15213697831573542
53,1460,1513,0.15214065527479534
51,1454,1505,0.15214169154948556
50,1453,1503,0.1521476203192616
48,1458,1506,0.1521548670713085
52,1449,1501,0.15216657661836178
52,1461,1513,0.15216732513028405
53,1464,1517,0.1521685112487491
48,1464,1512,0.1521677419283074
48,1465,1513,0.15217782856814835
46,1471,1517,0.15218772174863232
43,1469,1512,0.1522023619331969
49,1467,1516,0.152223023724732
49,1464,1513,0.15222776024424192
47,1470,1517,0.1522315519080727
46,1478,1524,0.1522404580416794
44,1475,1519,0.1522516830109975
43,1477,1520,0.1522669683987734
43,1466,1509,0.1522839660670093
42,1480,1522,0.15229998759581062
42,1470,1512,0.1523173603791777
42,1470,1512,0.15233382356748848
43,1486,1529,0.15234924163183267
42,1478,1520,0.15236123198284157
42,1472,1514,0.15237499726173698
43,1471,1514,0.152387305839937
43,1485,1528,0.15239633161436772
44,1474,1518,0.15240502676064818
44,1469,1513,0.15241066792844002
42,1473,1515,0.15241536203655015
42,1470,1512,0.1524244111483316
43,1474,1517,0.15243336364994017
44,1479,1523,0.15243950487820562
45,1478,1523,0.15244174431560714
43,1461,1504,0.15244152106870168
45,1466,1511,0.15244624098592424
43,1449,1492,0.15244555235086407
44,1461,1505,0.15244970391742116
43,1464,1507,0.15245105737027584
42,1479,1521,0.15245476266038088
42,1474,1516,0.15246079278783664
40,1468,1508,0.15246676232807793
42,1482,1524,0.15247704493393588
41,1474,1515,0.15248152225840664
43,1466,1509,0.15248845502211777
41,1471,1512,0.15248993328014532
42,1478,1520,0.152496098496346
42,1468,1510,0.1524995947308044
42,1477,1519,0.15250231865950326
41,1479,1520,0.15250523999465565
41,1465,1506,0.1525104620249812
41,1480,1521,0.15251614002046326
41,1481,1522,0.15252167480008766
40,1478,1518,0.15252704811730555
39,1474,1513,0.1525338576194898
39,1473,1512,0.15254273560113507
40,1461,1501,0.15255126152796106
42,1489,1531,0.15255690611028094
42,1474,1516,0.1525570659230307
41,1490,1531,0.15255679014483906
41,1482,1523,0.15255904292871272
42,1476,1518,0.15256141301627796
42,1470,1512,0.15256149249448592
40,1471,1511,0.15256178358993602
38,1486,1524,0.15256654942429793
38,1486,1524,0.15257566757192975
39,1481,1520,0.15258388324891095
39,1488,1527,0.15258858903953132
39,1480,1519,0.1525932437145004
36,1479,1515,0.15259781701607164
34,1484,1518,0.15260920755798418
34,1490,1524,0.1526252495363484
38,1485,1523,0.1526403613228524
38,1479,1517,0.15264408246244437
37,1470,1507,0.15264782270941588
33,1480,1513,0.15265384022224862
33,1482,1515,0.15266849260745827
34,1459,1493,0.15268241224337795
34,1463,1497,0.1526929554018486
34,1455,1489,0.15270303512812172
32,1471,1503,0.15271265360571218
34,1482,1516,0.15272664405450068
35,1474,1509,0.15273494051832678
35,1469,1504,0.15273993561983285
36,1473,1509,0.15274481706156315
35,1479,1514,0.15274667831726707
35,1478,1513,0.1527509280640834
35,1482,1517,0.1527543102608042
33,1482,1515,0.15275775934963265
31,1488,1519,0.1527657371977762
31,1479,1510,0.1527778421272078
29,1480,1509,0.15278927834218967
30,1475,1505,0.15280505050503687
32,1487,1519,0.15281761368406163
34,1491,1525,0.15282361312404957
35,1477,1512,0.15282296520532865
32,1485,1517,0.15282033720199592
31,1490,1521,0.1528255573302249
31,1501,1532,0.15283363348535517
33,1497,1530,0.15284060157595794
33,1504,1537,0.1528422327006294
32,1492,1524,0.15284406045194981
32,1500,1532,0.15284823839004738
31,1514,1545,0.1528523808096336
30,1509,1539,0.15285861303217904
32,1500,1532,0.1528660222248824
33,1488,1521,0.15286857911623866
32,1484,1516,0.15286816127285877
33,1475,1508,0.15287028244033013
32,1481,1513,0.15287024797618837
30,1473,1503,0.15287204886672023
29,1473,1502,0.15287917879766566
30,1480,1510,0.15288740382018534
30,1468,1498,0.15289227718259601
31,1486,1517,0.15289713809319352
32,1485,1517,0.15289918089382012
32,1490,1522,0.1528985354810485
32,1494,1526,0.15289798075324496
32,1480,1512,0.15289757617074648
31,1480,1511,0.1528975030043799
32,1483,1515,0.1528999925049941
32,1470,1502,0.15289960563428776
33,1470,1503,0.15289936710281485
32,1483,1515,0.15289561856192452
32,1501,1533,0.1528948880564597
29,1495,1524,0.15289366976036228
30,1484,1514,0.1529004893930875
30,1486,1516,0.15290481870924696
29,1500,1529,0.15290896092987277
29,1507,1536,0.15291561301007164
28,1495,1523,0.15292212078016149
29,1497,1526,0.15293090552394215
30,1495,1525,0.15293617491827172
29,1492,1521,0.15293844838160595
30,1484,1514,0.15294310814732523
30,1488,1518,0.15294505814285028
28,1493,1521,0.15294717213919365
24,1491,1515,0.15295360577190262
24,1494,1518,0.15296907235600254
22,1491,1513,0.15298377622789072
24,1496,1520,0.15300243165919847
23,1485,1508,0.1530150443154748
23,1488,1511,0.15302949974849034
24,1484,1508,0.15304302053044289
25,1487,1512,0.1530526397141394
28,1486,1514,0.15305888132148246
27,1493,1520,0.1530566352122738
27,1505,1532,0.1530571737005487
28,1506,1534,0.15305769661233262
30,1492,1522,0.15305505854768778
32,1492,1524,0.15304660668091608
30,1487,1517,0.15303331101067436
30,1483,1513,0.1530265921643374
29,1482,1511,0.1530209172273026
29,1480,1509,0.15301846431850358
29,1487,1516,0.15301665810116716
29,1476,1505,0.1530154008082932
30,1473,1503,0.15301460745026074
31,1481,1512,0.15301159867045921
30,1475,1505,0.1530059931776379
31,1476,1507,0.1530034218545704
29,1483,1512,0.1529985500705718
28,1484,1512,0.15299910701385058
28,1499,1527,0.15300160058951837
28,1498,1526,0.15300414436612697
28,1491,1519,0.15300669164723144
29,1478,1507,0.15300941663423798
31,1478,1509,0.15300914597456847
28,1483,1511,0.15300354728340568
26,1485,1511,0.15300600603997455
27,1486,1513,0.15301335994387885
26,1469,1495,0.1530174371874553
27,1479,1506,0.1530238592431293
24,1470,1494,0.15302701979967634
24,1463,1487,0.15303733360667093
23,1467,1490,0.1530473537419773
24,1496,1520,0.15305931753385366
27,1494,1521,0.1530680625447994
28,1486,1514,0.15306889255379313
28,1492,1520,0.1530667916364329
30,1492,1522,0.15306435312258057
31,1480,1511,0.15305668484521104
30,1476,1506,0.15304696281953287
31,1491,1522,0.15304147400534013
31,1495,1526,0.15303370813151113
31,1493,1524,0.15302689294289828
31,1490,1521,0.15302091456432138
29,1482,1511,0.15301567270220326
29,1492,1521,0.1530156883900021
28,1472,1500,0.1530158399929792
29,1493,1522,0.1530185254814669
30,1488,1518,0.15301885497026213
30,1480,1510,0.15301616501647053
30,1483,1513,0.15301396073468587
30,1494,1524,0.15301217471845163
27,1496,1523,0.15301074814959262
26,1479,1505,0.15301634224565278
28,1490,1518,0.15302410991720236
28,1482,1510,0.1530267330289017
29,1484,1513,0.15302937589618582
28,1485,1513,0.15302889091582178
30,1483,1513,0.15303067249591773
29,1497,1526,0.15302638080201128
30,1491,1521,0.15302522939221178
30,1492,1522,0.1530219502542627
29,1489,1518,0.1530191908706044
29,1482,1511,0.15301954475066812
31,1488,1519,0.15302006969399
33,1482,1515,0.15301420343179475
33,1484,1517,0.15300320775035853
34,1485,1519,0.15299253212326022
33,1487,1520,0.15298078377153254
33,1487,1520,0.1529725550891782
31,1487,1518,0.15296527910326163
30,1479,1509,0.15296333461515613
30,1479,1509,0.152964393480923
30,1485,1515,0.1529656536674528
30,1489,1519,0.15296702505699566
30,1492,1522,0.15296837499532112
31,1486,1517,0.1529691922095683
30,1488,1518,0.1529678847937961
30,1484,1514,0.15296930024519284
28,1494,1522,0.15297084870755934
28,1498,1526,0.15297703978826535
30,1505,1535,0.15298230059506313
31,1504,1535,0.15298199756660172
30,1502,1532,0.15297967793137218
28,1497,1525,0.15297994551103383
28,1486,1514,0.15298481880843146
27,1498,1525,0.15298990259818412
26,1496,1522,0.1529976477859184
26,1483,1509,0.15300723486864215
24,1490,1514,0.15301634634486683
24,1495,1519,0.15302933990498296
23,1493,1516,0.1530415931059299
23,1488,1511,0.15305531330103447
21,1492,1513,0.1530682431838174
22,1488,1510,0.1530849121084431
22,1488,1510,0.15309853728126907
20,1487,1507,0.15311058599118793
21,1486,1507,0.15312645187803242
21,1489,1510,0.153139231720506
23,1498,1521,0.15315137584040234
22,1497,1519,0.1531579027596434
21,1501,1522,0.15316651163748424
21,1505,1526,0.15317685392814076
21,1504,1525,0.15318670292861628
21,1508,1529,0.15319606950831394
21,1515,1536,0.15320502562928026
21,1501,1522,0.15321355137328033
20,1506,1526,0.15322109486449711
21,1502,1523,0.15323100856786642
20,1507,1527,0.15323776611930526
20,1512,1532,0.15324657286360363
22,1510,1532,0.1532549238119479
22,1495,1517,0.1532566700266859
23,1505,1528,0.1532585711632709
23,1496,1519,0.15325829161149665
21,1493,1514,0.15325824987628647
21,1497,1518,0.15326372564297547
22,1498,1520,0.1532689427431033
23,1495,1518,0.15327128368497284
22,1514,1536,0.1532708564805636
22,1504,1526,0.1532728527671362
20,1503,1523,0.15327475293820783
19,1497,1516,0.153281228000525
19,1507,1526,0.15328962258963902
20,1512,1532,0.15329743692104003
21,1500,1521,0.1533017907657373
21,1505,1526,0.15330372134771053
21,1496,1517,0.15330571391655826
20,1492,1512,0.153307743202546
20,1494,1514,0.15331206266131658
20,1492,1512,0.15331622594048064
20,1496,1516,0.15332000749736868
18,1490,1508,0.15332366658813304
18,1493,1511,0.15333223744041405
18,1489,1507,0.1533403372622556
18,1499,1517,0.15334798680680772
17,1480,1497,0.15335520661494503
17,1496,1513,0.15336427640049227
17,1493,1510,0.15337281893591265
17,1492,1509,0.15338086121655106
17,1505,1522,0.1533884293347605
17,1505,1522,0.1533955484386646
15,1496,1511,0.15340224270537883
16,1499,1515,0.15341300612062606
16,1495,1511,0.15341994533532125
17,1494,1511,0.15342649013833395
18,1510,1528,0.1534296502582041
17,1512,1529,0.15342980443226234
17,1501,1518,0.1534324696836312
18,1505,1523,0.15343519441961387
18,1484,1502,0.15343555300044642
17,1492,1509,0.15343608000878764
18,1496,1514,0.15343902522234323
16,1498,1514,0.15343887192074018
18,1497,1515,0.153444274679258
17,1498,1515,0.15344370871635218
17,1498,1515,0.15344596506703767
17,1505,1522,0.15344828040011674
18,1504,1522,0.15345062637014956
17,1502,1519,0.1534502782553417
16,1495,1511,0.15345226198942827
16,1498,1514,0.1534566632060436
16,1496,1512,0.15346092804975622
16,1501,1517,0.15346504672301156
15,1511,1526,0.1534690123402957
15,1509,1524,0.1534751490728456
15,1508,1523,0.15348097249769338
18,1497,1515,0.1534856436780707
18,1493,1511,0.15348281737576158
17,1501,1518,0.15348037110092796
17,1506,1523,0.15348063630070163
17,1506,1523,0.15348105032543255
16,1499,1515,0.15348158529510145
16,1504,1520,0.1534844260386883
16,1497,1513,0.1534871312565807
15,1498,1513,0.15348968539331587
15,1513,1528,0.15349437545010602
16,1499,1515,0.15349886912357544
16,1496,1512,0.15350084497058053
16,1498,1514,0.1535026554668646
16,1493,1509,0.15350426739247447
16,1503,1519,0.15350587934953303
17,1518,1535,0.15350747924473665
15,1518,1533,0.15350579965580166
15,1501,1516,0.15350891902313804
15,1500,1515,0.1535120077036673
15,1491,1506,0.15351422792356786
17,1499,1516,0.15351682177190265
18,1487,1505,0.15351397669555045
18,1495,1513,0.15350867472951923
18,1489,1507,0.15350397908414906
19,1490,1509,0.1534998194586588
19,1506,1525,0.15349200033923677
17,1497,1514,0.15348505767402856
16,1505,1521,0.15348336850312852
18,1501,1519,0.15348437094991035
19,1494,1513,0.15348005311762566
19,1492,1511,0.15347210525418903
19,1485,1504,0.15346544187979
19,1494,1513,0.1534596160530482
19,1496,1515,0.15345452555616806
18,1483,1501,0.15345008046568356
18,1484,1502,0.15344849324002766
19,1497,1516,0.1534469641335216
18,1509,1527,0.15344268676714828
18,1504,1522,0.15344134046088387
18,1508,1526,0.1534403593558413
20,1505,1525,0.15343968321805485
20,1513,1533,0.15343279494020057
21,1495,1516,0.15342620974692564
21,1498,1519,0.1534173136932829
21,1492,1513,0.15340943690176723
20,1499,1519,0.15340246107940841
16,1505,1521,0.15339853571215356
18,1507,1525,0.15340492010781465
18,1512,1530,0.15340598239206657
19,1515,1534,0.15340724241784787
19,1502,1521,0.1534056312302828
19,1504,1523,0.1534044828135842
19,1511,1530,0.15340368011075026
18,1508,1526,0.15340317062156866
19,1500,1519,0.15340530835853117
19,1505,1524,0.1534043023453254
17,1506,1523,0.15340360020398233
16,1510,1526,0.1534078084770786
17,1506,1523,0.15341417904578958
16,1506,1522,0.15341770111310468
17,1510,1527,0.1534233979801921
17,1516,1533,0.15342647673583268
17,1514,1531,0.15342953302640003
17,1510,1527,0.15343254790307387
16,1511,1527,0.1534347457638177
16,1502,1518,0.1534393885736301
17,1497,1514,0.1534439039045899
17,1495,1512,0.15344574128857333
16,1502,1518,0.15344762845924811
16,1507,1523,0.1534519958638777
15,1503,1518,0.15345618620825013
14,1506,1520,0.1534624478854712
13,1498,1511,0.1534708851284789
13,1520,1533,0.15348110912911073
14,1512,1526,0.15349074474753466
14,1508,1522,0.15349664337521368
15,1503,1518,0.15350230158875638
14,1496,1510,0.15350499776574622
15,1508,1523,0.15350996666220423
15,1510,1525,0.15351211888332383
14,1489,1503,0.15351430812498815
14,1487,1501,0.1535187648853765
14,1488,1502,0.15352307744082894
14,1484,1498,0.1535267467327332
14,1500,1514,0.15352955023245005
14,1512,1526,0.15353241267688839
14,1520,1534,0.15353529840836697
14,1507,1521,0.1535379750511167
16,1499,1515,0.15354067758122453
12,1507,1519,0.15353782573685826
11,1511,1522,0.15354573800396504
12,1508,1520,0.1535556368241393
12,1501,1513,0.15356198676140534
12,1505,1517,0.1535676351858761
13,1506,1519,0.15357316270518415
12,1509,1521,0.15357565912807947
11,1507,1518,0.15358053702869612
10,1502,1512,0.1535875621870762
12,1510,1522,0.15359696076527943
12,1495,1507,0.15360076290806174
12,1488,1500,0.1536037384146355
13,1499,1512,0.15360678176330705
14,1494,1508,0.15360698593642946
14,1487,1501,0.15360488427656077
14,1504,1518,0.15360318991316427
14,1520,1534,0.15360184763911808
14,1510,1524,0.15360080897237408
14,1504,1518,0.15360003136889605
14,1514,1528,0.15359947752648687
13,1515,1528,0.15359911476901952
13,1510,1523,0.1536004869661288
13,1502,1515,0.15360183265577257
13,1506,1519,0.15360327827412845
13,1488,1501,0.1536047963769789
14,1496,1510,0.15360636365315558
13,1501,1514,0.1536048413841059
13,1506,1519,0.1536059396821992
13,1511,1524,0.15360692754690403
13,1501,1514,0.153608047232434
13,1500,1513,0.15360926630076852
13,1508,1521,0.15361055733198742
13,1502,1515,0.15361189724321941
13,1504,1517,0.1536132666951889
13,1505,1518,0.15361464957536705
13,1497,1510,0.15361603254809722
12,1500,1512,0.1536167155801491
12,1496,1508,0.15361987136870625
11,1501,1512,0.1536229781111262
11,1509,1520,0.15362842689869038
11,1499,1510,0.15363365204959645
11,1505,1516,0.1536386528048826
11,1495,1506,0.15364343028600064
11,1484,1495,0.15364798715045036
11,1492,1503,0.15365232729699657
11,1490,1501,0.15365645561389132
12,1477,1489,0.15366037776436794
12,1488,1500,0.15366100410498404
12,1486,1498,0.1536617217626713
12,1491,1503,0.1536624878289327
12,1500,1512,0.15366331864782723
12,1504,1516,0.15366419676798285
13,1504,1517,0.15366510742930836
13,1504,1517,0.15366305156656015
12,1499,1511,0.15366126801066382
12,1497,1509,0.15366197279173666
12,1504,1516,0.15366274352063033
12,1497,1509,0.1536634235950501
12,1515,1527,0.15366416237447958
10,1509,1519,0.15366494236791992
12,1499,1511,0.15367040406993585
12,1498,1510,0.15367070358617055
12,1508,1520,0.15367107472018454
12,1500,1512,0.15367150122804196
11,1490,1501,0.15367196939045707
10,1487,1497,0.15367469742590692
9,1475,1484,0.1536797900704962
10,1500,1510,0.1536867928342134
10,1503,1513,0.15369113737161325
10,1504,1514,0.15369524744275365
9,1506,1515,0.15369913295090426
10,1504,1514,0.1537049889850212
10,1502,1512,0.1537082507415051
10,1502,1512,0.1537113365854417
9,1503,1512,0.15371425404427072
9,1501,1510,0.15371924092786945
9,1497,1506,0.15372403976210702
9,1507,1516,0.153728567347122
9,1515,1524,0.15373283716243372
9,1515,1524,0.15373686225316402
9,1516,1525,0.15374065520995686
10,1514,1524,0.15374422815558816
10,1519,1529,0.153744390417917
10,1515,1525,0.15374465093461942
8,1510,1518,0.15374498973730077
7,1519,1526,0.15374984803809227
8,1523,1531,0.15375672563646056
8,1509,1517,0.15376018811992598
8,1507,1515,0.15376358138627202
8,1523,1531,0.15376689055219486
8,1519,1527,0.1537701040798111
8,1521,1529,0.15377321326957352
8,1517,1525,0.15377621182132095
9,1522,1531,0.15377909545476043
8,1514,1522,0.15377914690032038
9,1506,1515,0.15378158817283175
9,1515,1524,0.15378161372149
10,1508,1518,0.15378172716200547
8,1531,1539,0.15377886241645075
8,1522,1530,0.15378112856489004
8,1508,1516,0.15378338060054428
8,1510,1518,0.15378560219550486
7,1509,1516,0.15378778029475304
7,1505,1512,0.15379222737192155
7,1506,1513,0.15379647121141227
7,1515,1522,0.15380051365072828
7,1511,1518,0.15380435790542762
7,1505,1512,0.1538080082836734
7,1510,1517,0.15381146994483116
7,1517,1524,0.1538147486959438
8,1520,1528,0.1538178508207418
8,1512,1520,0.1538179230262564
8,1507,1515,0.15381807671832629
8,1508,1516,0.15381829632502653
8,1517,1525,0.1538185685123913
8,1503,1511,0.1538188818926521
8,1502,1510,0.15381922676891668
8,1498,1506,0.15381959491182923
7,1488,1495,0.1538199793642926
7,1493,1500,0.1538226267899367
8,1519,1527,0.1538251434228242
9,1514,1523,0.15382458662553342
10,1500,1510,0.15382172413780018
10,1498,1508,0.1538160185126082
11,1493,1504,0.1538108696411517
11,1505,1516,0.15380301357807388
11,1507,1518,0.1537959024965874
12,1492,1504,0.15378946032473156
11,1504,1515,0.1537805720740517
12,1505,1517,0.15377484047579443
12,1494,1506,0.1537673045900731
12,1494,1506,0.15376046165089596
12,1496,1508,0.15375424433640578
11,1490,1501,0.1537485921797167
11,1502,1513,0.15374572882051823
11,1504,1515,0.15374317967195986
11,1486,1497,0.15374090912502075
11,1510,1521,0.15373888567239838
11,1513,1524,0.15373708143204268
11,1506,1517,0.15373547172632598
11,1506,1517,0.15373403471032504
11,1507,1518,0.1537327510434581
11,1515,1526,0.15373160359939983
11,1520,1531,0.15373057720979236
11,1511,1522,0.15372965843779834
13,1503,1516,0.15372883537800663
13,1502,1515,0.15372180780261577
13,1504,1517,0.15371504086719653
13,1514,1527,0.15370896742332102
12,1519,1531,0.15370351515199662
12,1507,1519,0.1537013695694197
13,1504,1517,0.15369949512558212
13,1502,1515,0.15369476025509582
12,1498,1510,0.15369052606909298
12,1501,1513,0.15368917965602422
12,1496,1508,0.15368754129315643
11,1500,1511,0.153686198316608
11,1504,1515,0.15368734901640116
13,1503,1516,0.15368858065172508
10,1499,1509,0.1536844654650005
12,1502,1514,0.15368829497728173
14,1503,1517,0.15368733201137488
14,1500,1514,0.1536804233870288
14,1506,1520,0.15367423516115256
14,1501,1515,0.15366890217479134
13,1495,1508,0.15366412147554456
13,1504,1517,0.1536620363639332
13,1501,1514,0.15366025687975138
14,1497,1511,0.153658748583563
15,1502,1517,0.153654378075613
15,1497,1512,0.15364805360277212
15,1510,1525,0.15364235322728695
15,1514,1529,0.15363721518478352
15,1497,1512,0.1536325838422842
14,1510,1524,0.15362840908793993
17,1507,1524,0.15362699360219595
17,1527,1544,0.15361711650231075
16,1525,1541,0.15360817913213928
15,1520,1535,0.15360303005921463
13,1516,1529,0.15360066164207536
13,1514,1527,0.1536032412212939
14,1497,1511,0.15360581290751946
14,1508,1522,0.15360595203416327
13,1501,1514,0.15360622353357967
13,1511,1524,0.15360880548624015
13,1497,1510,0.15361133623205542
12,1493,1505,0.1536138054262067
12,1497,1509,0.15361845355724424
12,1501,1513,0.15362288491987283
12,1510,1522,0.15362710187421658
12,1515,1527,0.15363110813828998
12,1500,1512,0.1536346194989049
12,1500,1512,0.153637989879296
12,1500,1512,0.1536412183093405
11,1507,1518,0.15364430504070922
11,1504,1515,0.15364939803300778
11,1511,1522,0.1536542204484058
11,1505,1516,0.1536587816537588
12,1504,1516,0.15366309144404874
12,1494,1506,0.1536647714344053
12,1495,1507,0.15366639552747494
11,1504,1515,0.15366796159926405
10,1491,1501,0.15367167804677528
9,1503,1512,0.1536773997612565
9,1505,1514,0.15368507053277886
11,1507,1518,0.1536922956376015
11,1505,1516,0.15369422473574182
10,1507,1517,0.153696094131429
9,1493,1502,0.1537001102861598
9,1494,1503,0.15370607896868815
8,1485,1493,0.15371171953189328
9,1494,1503,0.15371925273584014
9,1500,1509,0.1537240682497503
9,1505,1514,0.15372861333881868
9,1509,1518,0.15373289904036294
9,1505,1514,0.1537369365619439
8,1511,1519,0.15374073715657144
8,1518,1526,0.15374654480093716
7,1509,1516,0.15375199664130798
7,1510,1517,0.15375940054357748
6,1501,1507,0.153766345551347
5,1510,1515,0.1537750574447457
6,1521,1527,0.15378547361353123
5,1530,1535,0.15379293056499482
5,1529,1534,0.15380220076569362
5,1526,1531,0.15381090632171956
4,1517,1521,0.1538190794997741
4,1523,1527,0.15382905131496744
3,1524,1527,0.15383840872900134
3,1523,1526,0.15384937259586795
3,1520,1523,0.15385966467176698
3,1524,1527,0.15386932547901266
3,1521,1524,0.15387839318285002
3,1521,1524,0.1538869037165012
3,1513,1516,0.1538948909013054
3,1514,1517,0.15390238656187288
3,1516,1519,0.15390942063623167
2,1497,1499,0.15391602128098994
2,1501,1503,0.153924590301975
2,1506,1508,0.1539326359948779
2,1502,1504,0.1539401898781323
2,1512,1514,0.15394728163623678
2,1516,1518,0.15395393921718153
2,1506,1508,0.1539601889260693
2,1509,1511,0.15396605551485915
2,1524,1526,0.15397156226820843
3,1514,1517,0.15397673108542637
3,1522,1525,0.1539783649020738
2,1516,1518,0.15397999934820855
2,1502,1504,0.15398405565769413
2,1516,1518,0.15398794642392424
2,1524,1526,0.15399167254392643
2,1518,1520,0.1539952359027226
2,1506,1508,0.15399863919441484
1,1516,1517,0.154001885767694
1,1514,1515,0.1540074155141939
1,1509,1510,0.1540126484182232
1,1498,1499,0.1540175976803125
1,1519,1520,0.15402227629337525
1,1516,1517,0.1540266969824931
1,1505,1506,0.15403087215726013
1,1511,1512,0.15403481387483844
1,1502,1503,0.15403853381211938
1,1500,1501,0.1540420432456011
1,1509,1510,0.15404535303777733
1,1511,1512,0.15404847362899637
1,1523,1524,0.15405141503389103
1,1506,1507,0.1540541868416036
1,1524,1525,0.1540567982191384
1,1509,1510,0.1540592579172678
1,1505,1506,0.1540615742784994
1,1508,1509,0.15406375524668378
1,1523,1524,0.15406580837790249
1,1511,1512,0.15406774085233116
1,1496,1497,0.15406955948681791
1,1497,1498,0.15407127074795748
1,1501,1502,0.15407288076547748
1,1499,1500,0.1540743953457814
1,1489,1490,0.15407581998552053
1,1508,1509,0.15407715988508844
1,1509,1510,0.15407841996195126
1,1515,1516,0.154079604863743
1,1503,1504,0.15408071898106993
1,1508,1509,0.15408176645997973
1,1496,1497,0.15408275121406118
1,1504,1505,0.15408367693614944
1,1503,1504,0.15408454710961877
1,1499,1500,0.15408536501925107
1,1510,1511,0.15408613376167415
1,1520,1521,0.15408685625536692
1,1530,1531,0.1540875352502335
1,1520,1521,0.1540881733367508
1,1523,1524,0.15408877295469556
1,1524,1525,0.154089336401461
1,1526,1527,0.15408986583997172
1,1526,1527,0.15409036330620995
0,1516,1516,0.15409083071636412
