1362,28,1390,0.13579578161716943
1383,29,1412,0.13296579193686417
1410,28,1438,0.13033543348534052
1430,29,1459,0.12786713767987068
1454,27,1481,0.12556715895874404
1452,27,1479,0.12340965031759867
1454,28,1482,0.12145060111858655
1463,26,1489,0.11966360397475471
1453,26,1479,0.11801323581009701
1448,28,1476,0.11653901557398616
1450,30,1480,0.11521287780684578
1453,29,1482,0.11400268749258739
1468,29,1497,0.11289501768362448
1476,31,1507,0.11185139070295959
1470,31,1501,0.11088102309551169
1477,31,1508,0.11001066350939968
1480,32,1512,0.1092022867227007
1474,32,1506,0.10846021792693811
1456,32,1488,0.10780118171481984
1466,31,1497,0.10724442497582494
1467,32,1499,0.10671524655962664
1467,30,1497,0.10623322751909811
1464,31,1495,0.1057964267175271
1459,33,1492,0.1054073909954176
1464,30,1494,0.10506512649439276
1459,29,1488,0.10474303772391429
1469,31,1500,0.10446058305756548
1480,32,1512,0.10418180946564863
1479,32,1511,0.10390191582543813
1465,32,1497,0.10365024083467002
1470,32,1502,0.10345401397661692
1456,32,1488,0.10326520801337015
1458,30,1488,0.10312436714115666
1461,27,1488,0.10299046373793469
1455,27,1482,0.10286318407040142
1449,27,1476,0.10276077835263692
1437,28,1465,0.10268087950460807
1450,30,1480,0.10263551244407243
1454,28,1482,0.10256570311273444
1455,28,1483,0.1024935376636917
1459,26,1485,0.10242679464041891
1468,28,1496,0.102355485822637
1464,28,1492,0.10226980020725045
1465,28,1493,0.1022027073957506
1453,26,1479,0.10213959799670824
1456,26,1482,0.10210653916048155
1451,26,1477,0.10207098470288256
1449,25,1474,0.10205127411955499
1452,25,1477,0.10203665059643352
1444,25,1469,0.10201565343830285
1457,24,1481,0.10201426910350017
1466,23,1489,0.10198383159765116
1455,23,1478,0.10193497079303632
1458,25,1483,0.10191387950214911
1473,26,1499,0.10188825116301752
1471,27,1498,0.10183110603989196
1467,26,1493,0.10178332394216622
1471,28,1499,0.1017487902544039
1463,27,1490,0.10170915610470825
1450,30,1480,0.10169256816671647
1441,31,1472,0.10170736269244596
1446,32,1478,0.10174125277027493
1451,32,1483,0.10176140565304241
1467,30,1497,0.10176884857496798
1471,30,1501,0.10173954291948185
1472,29,1501,0.10170411100271831
1465,29,1494,0.1016673507605244
1471,29,1500,0.1016491842550308
1462,30,1492,0.1016186753370918
1472,30,1502,0.10161027937758652
1468,30,1498,0.10158195413335261
1467,31,1498,0.10156385558066892
1446,30,1476,0.10155096676412477
1449,29,1478,0.10158704922583482
1453,29,1482,0.10161319568832652
1465,29,1494,0.10162876445773814
1476,28,1504,0.10161645970301243
1473,27,1500,0.10157937392421795
1460,26,1486,0.10155030807740126
1469,26,1495,0.10155236601289001
1468,25,1493,0.10153443220022557
1467,24,1491,0.10152047939941873
1471,24,1495,0.10151115639247392
1474,23,1497,0.1014922225955195
1470,24,1494,0.10146788942587051
1474,24,1498,0.10145455689741854
1470,25,1495,0.10143470463879009
1478,25,1503,0.10142289794319352
1469,26,1495,0.10139478900297569
1481,25,1506,0.1013895717576388
1470,26,1496,0.1013582361274318
1477,25,1502,0.10135484331887586
1470,26,1496,0.10133633601264318
1457,27,1484,0.10133517166039897
1466,28,1494,0.10136497275660998
1483,26,1509,0.10137069367266552
1477,26,1503,0.10133864274108387
1490,25,1515,0.1013223531120879
1471,25,1496,0.1012778671623963
1473,27,1500,0.10128094711236876
1464,27,1491,0.10128060011564505
1465,27,1492,0.10129888954504067
1461,26,1487,0.10131315386905024
1455,26,1481,0.10133510206241486
1466,26,1492,0.10136797586552601
1460,25,1485,0.10137368616093818
1457,26,1483,0.10139420148602181
1461,26,1487,0.10141898852785199
1460,26,1486,0.10143277717655062
1463,26,1489,0.1014479286611224
1476,26,1502,0.10145323526401437
1470,27,1497,0.10142963483207562
1474,27,1501,0.10142066056068332
1483,26,1509,0.1014031224717137
1481,28,1509,0.10136697903473584
1477,28,1505,0.10133896943049826
1474,28,1502,0.10132208828725166
1456,28,1484,0.10131345038340339
1456,28,1484,0.10134923998581273
1464,26,1490,0.10138158097873116
1472,25,1497,0.10139186277175771
1469,26,1495,0.10138448460808981
1466,25,1491,0.10138302843507475
1465,25,1490,0.10138849332346148
1456,24,1480,0.1013954250482513
1465,25,1490,0.10142122172300133
1467,24,1491,0.10142651021374695
1463,25,1488,0.10142785446312574
1466,23,1489,0.10143771514700797
1457,24,1481,0.10143813926674781
1465,24,1489,0.10145750771763147
1462,24,1486,0.1014575684900069
1473,23,1496,0.1014651723429816
1474,23,1497,0.10144786448375388
1464,23,1487,0.10142952183590431
1454,24,1478,0.10143583243117966
1473,26,1499,0.10146584019697787
1458,25,1483,0.10144991422658968
1467,26,1493,0.10146652070003602
1457,26,1483,0.10146331537411182
1464,26,1490,0.10148301790241675
1459,25,1484,0.10148606497679168
1465,27,1492,0.10150117618829066
1471,28,1499,0.101501203312591
1458,28,1486,0.10148705874561804
1466,28,1494,0.10150500579429476
1470,28,1498,0.10150167822762285
1463,26,1489,0.10149030854526743
1442,26,1468,0.10149557195187967
1455,27,1482,0.10154713996907466
1464,26,1490,0.1015644191518917
1478,27,1505,0.1015585786459231
1475,26,1501,0.10152231571476493
1462,25,1487,0.10149702345463688
1469,25,1494,0.10150273402947647
1469,28,1497,0.10149043691453709
1464,28,1492,0.10148044145236298
1466,28,1494,0.101481678680671
1461,27,1488,0.1014791291012439
1464,28,1492,0.10148711628914076
1474,28,1502,0.10148689216785034
1462,31,1493,0.10146437748346855
1468,31,1499,0.10147116429159672
1462,33,1495,0.10146681390240767
1463,33,1496,0.10147633467108833
1471,33,1504,0.10148240678577014
1470,33,1503,0.1014699533095593
1463,35,1498,0.10146028537705706
1479,35,1514,0.10146848165888171
1465,35,1500,0.10144175344729142
1466,36,1502,0.10144790874727119
1478,36,1514,0.10145291788234882
1470,35,1505,0.10142910631333944
1464,36,1500,0.10142521295565
1449,35,1484,0.10143459822478527
1449,34,1483,0.10147754712340266
1456,32,1488,0.10151955917860925
1452,32,1484,0.10154291053484105
1449,32,1481,0.10156987156968388
1451,32,1483,0.10160129442973843
1461,32,1493,0.10162626685508121
1459,32,1491,0.10162699655591761
1454,33,1487,0.10163240968726345
1464,32,1496,0.10164825935214353
1466,33,1499,0.10164065595004847
1465,34,1499,0.10162818835412157
1445,34,1479,0.10161859551310065
1446,33,1479,0.10165361641112895
1465,34,1499,0.10168483293531448
1463,34,1497,0.10167232019586858
1459,34,1493,0.10166595427308504
1450,32,1482,0.10166819915824336
1443,33,1476,0.10169025004730275
1453,34,1487,0.1017289970727996
1448,32,1480,0.10174042097115833
1467,33,1500,0.10176242536296191
1462,34,1496,0.10173938112041057
1457,34,1491,0.10172682717011142
1464,37,1501,0.10172804137286805
1449,38,1487,0.10171337165871593
1454,37,1491,0.10173215286221371
1456,37,1493,0.10173847300700427
1466,37,1503,0.10174047263557182
1459,36,1495,0.101720391094482
1466,37,1503,0.10171670664809193
1452,38,1490,0.10169677661568363
1447,38,1485,0.10171151983760093
1446,39,1485,0.10173636802129377
1454,39,1493,0.10176165604232132
1457,38,1495,0.10176843647112989
1456,38,1494,0.10176798525128364
1458,38,1496,0.10176948455710794
1452,37,1489,0.10176825943239837
1443,36,1479,0.1017792451826267
1456,39,1495,0.10180887382935264
1454,40,1494,0.1018067144997882
1451,39,1490,0.10180801404459239
1441,40,1481,0.10181672933946448
1448,39,1487,0.10184659555186261
1449,41,1490,0.1018582935121729
1450,40,1490,0.10186590463869255
1454,41,1495,0.10187113527905609
1446,41,1487,0.1018653278988412
1445,40,1485,0.10188040930884194
1452,42,1494,0.10189842108958719
1446,46,1492,0.10190011823330597
1449,48,1497,0.10191550610066376
1441,50,1491,0.10192385041673667
1440,51,1491,0.10194967298970176
1440,50,1490,0.10197570871436344
1435,49,1484,0.1019980160947886
1440,50,1490,0.10203034053773515
1438,51,1489,0.10204905484260714
1447,51,1498,0.10207224513352646
1424,49,1473,0.1020730099484343
1432,49,1481,0.10212604956587608
1443,48,1491,0.10215717807213576
1447,47,1494,0.10215956254046986
1438,52,1490,0.10215253176588242
1444,51,1495,0.10216701008493584
1449,53,1502,0.1021655427821187
1445,52,1497,0.10215350602068662
1447,52,1499,0.1021520503538758
1442,55,1497,0.102147424851836
1442,54,1496,0.10215509993424866
1445,56,1501,0.10216247342671021
1450,55,1505,0.10216220175952817
1435,56,1491,0.10215123540313704
1438,59,1497,0.1021762674508973
1435,61,1496,0.10219307073835662
1448,61,1509,0.10221548217054263
1446,60,1506,0.10220814483562307
1443,59,1502,0.10220515612237506
1429,61,1490,0.10220942605374507
1424,62,1486,0.10224670241989758
1421,62,1483,0.1022913501031567
1421,59,1480,0.1023405049969745
1417,61,1478,0.10238474312214008
1416,61,1477,0.10243407991413282
1419,60,1479,0.10248256378220601
1422,60,1482,0.10251975969049074
1427,58,1485,0.10254793411421032
1428,55,1483,0.10256223652253198
1424,54,1478,0.10257210984449909
1422,56,1478,0.10258860434641395
1432,56,1488,0.10260814946744981
1448,56,1504,0.10260452671051765
1450,55,1505,0.1025652858274164
1450,59,1509,0.10252283543418007
1436,58,1494,0.10248333108323465
1450,57,1507,0.1024810299212485
1449,55,1504,0.10244696235051762
1443,54,1497,0.10241861744865016
1451,52,1503,0.10240785566722126
1453,51,1504,0.10237551298203684
1436,50,1486,0.10234132618005073
1443,51,1494,0.10234816728631796
1450,52,1502,0.10233799965060462
1459,52,1511,0.10231237874759704
1447,53,1500,0.10226934819716853
1443,55,1498,0.10225619758392016
1452,53,1505,0.10225246115209781
1443,52,1495,0.10223006113598154
1449,55,1504,0.10222948019128829
1442,55,1497,0.1022164805717962
1455,57,1512,0.10222122495996405
1444,57,1501,0.102196895228264
1436,57,1493,0.10219942552842073
1444,57,1501,0.10222106945028842
1448,57,1505,0.10222139865895166
1439,55,1494,0.10221274713156393
1441,53,1494,0.10222580923880618
1447,54,1501,0.10223303216909478
1448,53,1501,0.1022263235550361
1438,52,1490,0.10221861959400115
1434,54,1488,0.1022324695756338
1431,52,1483,0.10225386371708643
1453,54,1507,0.10228204096666588
1466,51,1517,0.10225721917017981
1474,52,1526,0.10220447523535285
1465,55,1520,0.10213686613401741
1454,53,1507,0.10209500848927097
1451,51,1502,0.10208202041598141
1433,52,1485,0.10207793031411157
1456,50,1506,0.10211235529029103
1458,52,1510,0.10209400547638364
1434,53,1487,0.10207450553702714
1427,55,1482,0.10210863268492565
1437,56,1493,0.10215596204001574
1434,56,1490,0.10217831751289295
1429,56,1485,0.10220621959713942
1437,56,1493,0.10224350304940166
1435,57,1492,0.10225851827061476
1438,58,1496,0.10227853392063484
1435,57,1492,0.10228937300031983
1433,59,1492,0.1023062313127582
1440,60,1500,0.10232573959733958
1424,59,1483,0.10232853626818159
1432,59,1491,0.10236714223615939
1437,58,1495,0.102385317089838
1442,56,1498,0.10239141051230595
1448,60,1508,0.102385974248239
1449,60,1509,0.10236846129690821
1455,59,1514,0.10234939217014238
1441,59,1500,0.10231765399610694
1431,55,1486,0.10232043685269662
1422,54,1476,0.10234481359716426
1425,55,1480,0.1023860697111883
1421,60,1481,0.1024185951088214
1431,62,1493,0.10245779130275368
1431,63,1494,0.10247150487727634
1439,66,1505,0.10248417095546461
1429,66,1495,0.1024783674017663
1429,67,1496,0.1024954391448576
1413,68,1481,0.10251285589175349
1407,69,1476,0.10256489903688898
1417,70,1487,0.10262757894129247
1422,67,1489,0.10266415472969811
1421,67,1488,0.1026853783282105
1428,67,1495,0.10270627853038661
1427,68,1495,0.10271147500679852
1421,67,1488,0.1027163489331582
1425,68,1493,0.10273337898251451
1415,66,1481,0.10274014133282218
1417,64,1481,0.10276618242249523
1428,67,1495,0.1027870232685366
1423,66,1489,0.10278300715776974
1426,66,1492,0.10278928414077786
1426,63,1489,0.10278885191369252
1428,63,1491,0.10278622056143466
1427,64,1491,0.10277850684655508
1427,65,1492,0.10277422175865195
1417,66,1483,0.10277165386189563
1406,69,1475,0.10279324920691298
1414,69,1483,0.10283799218831376
1399,69,1468,0.10286336723867631
1408,70,1478,0.10292057982291541
1407,69,1476,0.10295226263895384
1415,71,1486,0.10298237460786439
1421,73,1494,0.1029939570089494
1430,73,1503,0.10299024266137487
1441,75,1516,0.10296570145907728
1430,71,1501,0.10291984046089206
1420,70,1490,0.10290346370256166
1420,70,1490,0.10291042999387026
1409,74,1483,0.10291857665927198
1411,78,1489,0.10295045128993735
1407,76,1483,0.10297478628161078
1408,76,1484,0.10300418149652452
1400,76,1476,0.1030277526809902
1408,78,1486,0.10306812467641048
1399,75,1474,0.10308694100099185
1405,74,1479,0.10312467103219741
1420,76,1496,0.10314687258611793
1424,79,1503,0.10313378722267127
1428,79,1507,0.10311313941473617
1410,80,1490,0.10308673478313071
1419,76,1495,0.10310294164732735
1421,75,1496,0.10309727758499897
1431,77,1508,0.10308649445135795
1429,75,1504,0.10305485710284151
1419,73,1492,0.10302931996874315
1405,75,1480,0.10302956157799108
1403,75,1478,0.10306164407528186
1414,79,1493,0.1030952933833176
1405,80,1485,0.10310389206276539
1419,79,1498,0.10313120288867139
1409,77,1486,0.10312395700185231
1423,80,1503,0.10314046939058467
1414,79,1493,0.10312259781800184
1402,74,1476,0.10312743769372318
1415,77,1492,0.10316068282335898
1420,75,1495,0.10316262339052154
1410,73,1483,0.10315130828226472
1416,78,1494,0.10316080313541312
1407,79,1486,0.10315634515850043
1410,77,1487,0.10317429428328292
1413,75,1488,0.10318414452224477
1420,76,1496,0.10318423109907045
1427,75,1502,0.10317045970210476
1424,78,1502,0.10314280472437432
1424,77,1501,0.1031235651919362
1426,76,1502,0.10310616561810818
1421,78,1499,0.10308398469791108
1421,75,1496,0.1030758068273451
1437,76,1513,0.10306863718692781
1439,74,1513,0.10302714438538041
1433,71,1504,0.10298313291236663
1430,72,1502,0.10295420478497817
1429,73,1502,0.10293509211804217
1430,75,1505,0.10291784395343966
1431,73,1504,0.10289991063488582
1419,75,1494,0.10288181385978834
1402,76,1478,0.10289240435671941
1409,77,1486,0.10294000815288548
1416,77,1493,0.102970396099872
1419,75,1494,0.10298615058090764
1422,74,1496,0.10299211998327774
1432,76,1508,0.10298930013016498
1424,72,1496,0.10296301657615388
1415,74,1489,0.10295728012172893
1414,75,1489,0.10297214641030074
1405,75,1480,0.10298477993166824
1427,76,1503,0.10301720490931114
1416,77,1493,0.10299929742295019
1405,79,1484,0.10300564561266377
1417,79,1496,0.10303598364214889
1412,80,1492,0.1030382532033476
1418,80,1498,0.10305147172487518
1396,77,1473,0.10304986178817394
1406,75,1481,0.10309781718726026
1418,78,1496,0.10311988721775821
1416,78,1494,0.10311328120511785
1418,80,1498,0.10311139214032124
1418,81,1499,0.10310521365963954
1417,83,1500,0.10309906580546897
1414,82,1496,0.10309541804206529
1421,82,1503,0.10309966910638739
1408,83,1491,0.10308980176026687
1408,82,1490,0.1031086334565976
1409,81,1490,0.1031260689316039
1403,81,1484,0.10314031810486188
1409,85,1494,0.10316811536521767
1407,83,1490,0.1031804681602376
1403,83,1486,0.10319437350211241
1402,85,1487,0.10321676420999858
1407,86,1493,0.10323946636050298
1405,88,1493,0.10325062902775593
1397,87,1484,0.10326585210307535
1407,86,1493,0.10329707071737093
1392,91,1483,0.10330283501045891
1403,93,1496,0.10334216642706039
1413,92,1505,0.10335319722831883
1430,91,1521,0.10334124209981713
1423,89,1512,0.1032923081810604
1421,86,1507,0.1032626733263729
1417,90,1507,0.10324035284297149
1415,92,1507,0.10322863343621584
1415,91,1506,0.10322314344019028
1405,92,1497,0.10322002607986168
1400,92,1492,0.10324053199558626
1396,89,1485,0.10327141840974186
1395,93,1488,0.10330848971867368
1384,94,1478,0.1033449376629197
1395,92,1487,0.10340412002322022
1400,89,1489,0.10343248808138107
1407,91,1498,0.10344835508935951
1424,91,1515,0.10344645611011416
1417,93,1510,0.10340665088965957
1416,91,1507,0.10338457849040023
1402,91,1493,0.10336795570595843
1412,93,1505,0.10338420587112467
1408,93,1501,0.10337841324317683
1394,93,1487,0.10338140132754589
1397,92,1489,0.10341637203067908
1402,95,1497,0.10344177668805457
1401,97,1498,0.1034532152529512
1398,95,1493,0.10346581557848637
1408,92,1500,0.10348367537590293
1406,94,1500,0.10347901560174684
1403,96,1499,0.10347990050699007
1412,96,1508,0.1034878473701116
1408,98,1506,0.10347495234890747
1406,96,1502,0.10347321296402359
1394,95,1489,0.10347565817460946
1397,96,1493,0.10350577109187921
1390,96,1486,0.10352810757282285
1392,99,1491,0.10356345480471045
1394,101,1495,0.10359199875869905
1402,103,1505,0.10361261045542007
1395,102,1497,0.10361356096402365
1401,104,1505,0.1036302767876769
1383,103,1486,0.10363300726446947
1377,105,1482,0.10367429692258429
1380,106,1486,0.10372671454841371
1388,107,1495,0.10376922590768277
1386,105,1491,0.10379119311342158
1381,106,1487,0.10381458088582385
1386,105,1491,0.10384680363483444
1394,107,1501,0.10386618038661155
1386,111,1497,0.10386605570102209
1380,109,1489,0.1038856574596215
1366,114,1480,0.10391986003716511
1359,117,1476,0.10398170462882078
1361,119,1480,0.1040550869525875
1360,119,1479,0.10411981895854147
1379,121,1500,0.10418120993691737
1375,123,1498,0.10419611067264377
1378,126,1504,0.10422074983586825
1379,131,1510,0.10423749220214745
1360,128,1488,0.10425041870558474
1365,127,1492,0.10430516967735524
1373,127,1500,0.10434609398905448
1372,128,1500,0.10436761468149956
1376,130,1506,0.10438930294948218
1378,130,1508,0.10439935843106207
1366,133,1499,0.10440535673155094
1365,138,1503,0.10443936051648266
1362,135,1497,0.10447274210692299
1368,135,1503,0.10451143170304457
1367,138,1505,0.10453285684292159
1374,139,1513,0.10455442660107792
1366,138,1504,0.10455603760288205
1350,138,1488,0.1045759915904061
1335,138,1473,0.10463194090190676
1327,140,1467,0.1047168774937964
1346,142,1488,0.10481393541635192
1349,144,1493,0.1048604170254788
1358,144,1502,0.10489512742311273
1345,147,1492,0.10490839652481078
1344,148,1492,0.10495022497876874
1346,147,1493,0.10499168866473736
1355,147,1502,0.10502613667506586
1360,149,1509,0.10503950299858204
1358,147,1505,0.10504154079034034
1346,139,1485,0.10504877016732056
1347,139,1486,0.10508155789454228
1347,140,1487,0.10510557320920501
1352,148,1500,0.10512892616688713
1338,153,1491,0.1051408649455493
1343,154,1497,0.10518431030933419
1341,154,1495,0.10521450039321521
1344,150,1494,0.10524613263435521
1347,150,1497,0.10526990059265369
1345,147,1492,0.10528265790976654
1346,149,1495,0.1052971494402958
1355,150,1505,0.10530913525002489
1356,150,1506,0.10530097110076828
1340,152,1492,0.10529042740629774
1331,149,1480,0.10531511811976207
1348,153,1501,0.10535948340587396
1335,154,1489,0.1053633801891489
1326,153,1479,0.10539783843526206
1319,155,1474,0.1054503485914113
1313,158,1471,0.10551703257331402
1319,157,1476,0.10559268282487302
1336,159,1495,0.1056460393940692
1343,155,1498,0.10565699781506302
1329,156,1485,0.10565070692599914
1325,153,1478,0.10567804717584134
1323,157,1480,0.10571348335555626
1304,156,1460,0.10574798775914203
1312,159,1471,0.1058236460195622
1323,159,1482,0.10587558563473508
1330,160,1490,0.10589861568662488
1332,162,1494,0.10590497906615724
1337,162,1499,0.10590570072834879
1327,161,1488,0.1058969888628544
1323,161,1484,0.10591043168139568
1324,157,1481,0.10593366007714414
1312,156,1468,0.1059518955941589
1321,154,1475,0.10599695605699559
1338,155,1493,0.10601670564728093
1332,163,1495,0.10599421410895371
1327,163,1490,0.10598820843732515
1340,166,1506,0.10599360372704573
1346,163,1509,0.10596949486378911
1331,164,1495,0.1059337989083819
1336,166,1502,0.1059341509212224
1345,163,1508,0.10592345796797314
1342,162,1504,0.10589435691958396
1345,163,1508,0.10587483318708486
1341,160,1501,0.10585033306687391
1342,157,1499,0.105836408473276
1344,157,1501,0.10582202431256653
1331,162,1493,0.10580502491996885
1320,161,1481,0.10581807230087041
1322,163,1485,0.10585534708397201
1326,166,1492,0.10588402918921737
1329,161,1490,0.10590259968369875
1327,160,1487,0.10591213779150692
1331,159,1490,0.1059234088557742
1330,161,1491,0.10592533807159395
1327,161,1488,0.10593050304237493
1333,160,1493,0.10594254186397771
1336,161,1497,0.10594050313682601
1346,164,1510,0.10593248245644031
1336,166,1502,0.10590217278920651
1347,161,1508,0.10589650814946547
1340,161,1501,0.10586542983597937
1340,164,1504,0.10585473311529552
1332,163,1495,0.10584460871904679
1330,165,1495,0.1058537632653692
1342,165,1507,0.10586710081338119
1321,164,1485,0.10585175728356697
1335,165,1500,0.1058870953718931
1334,169,1503,0.10588782340564619
1322,170,1492,0.10589028916048222
1311,170,1481,0.10592178850200637
1320,167,1487,0.10597638201106346
1328,172,1500,0.10600675653152901
1324,175,1499,0.10601222731344262
1331,177,1508,0.10602745373142933
1329,176,1505,0.10602624562708676
1331,178,1509,0.10603067469848781
1321,174,1495,0.1060312008343576
1313,173,1486,0.10605569147553873
1314,176,1490,0.10609685184102144
1314,177,1491,0.10613361542052138
1319,179,1498,0.10616752621328114
1320,184,1504,0.10618675336347455
1310,185,1495,0.10620268124959989
1303,184,1487,0.10624207427311912
1292,188,1480,0.10629405400939969
1291,186,1477,0.10636687563043264
1299,187,1486,0.10643609310764013
1299,192,1491,0.10648157713351107
1288,187,1475,0.10652405872199125
1285,187,1472,0.10658882814833005
1275,183,1458,0.10665493220747851
1284,184,1468,0.10673751734025419
1293,184,1477,0.10679443589937937
1290,189,1479,0.10682565980891617
1295,190,1485,0.10686165919776265
1292,187,1479,0.10688167439592892
1292,186,1478,0.10690937013611033
1287,189,1476,0.1069333695438327
1295,184,1479,0.1069673452919536
1300,187,1487,0.10698042929527085
1295,186,1481,0.10698417934774135
1301,189,1490,0.10699763848847396
1302,190,1492,0.10699536822302974
1307,190,1497,0.10699148438748697
1316,189,1505,0.10697474289155455
1320,191,1511,0.1069366839572864
1306,194,1500,0.10689450162907235
1301,192,1493,0.10688806342343664
1311,194,1505,0.10689353631930261
1304,191,1495,0.10687591670276504
1306,195,1501,0.10687375854963731
1298,197,1495,0.10686929994258032
1308,197,1505,0.10688522614645313
1293,199,1492,0.10687906135838629
1288,206,1494,0.1069095613668738
1282,207,1489,0.1069504843367066
1276,209,1485,0.10700121270239954
1279,209,1488,0.10706277581701279
1272,211,1483,0.10711260628088981
1285,213,1498,0.10717411027221607
1275,209,1484,0.10720215483888179
1279,210,1489,0.10725064844189848
1280,214,1494,0.10728572148794369
1273,210,1483,0.10731537819228538
1271,208,1479,0.10735928586189462
1271,204,1475,0.10740253623852862
1274,204,1478,0.10744088908393244
1281,211,1492,0.1074718603934944
1282,213,1495,0.1074847747148688
1288,216,1504,0.10749465725584927
1293,218,1511,0.1074922799046958
1276,218,1494,0.10747865295133938
1277,222,1499,0.10750614391176594
1280,222,1502,0.10752968967717852
1266,226,1492,0.10754456344973573
1259,222,1481,0.10759093550855278
1260,227,1487,0.1076502808081252
1252,223,1475,0.1077027466410377
1250,226,1476,0.10776859372777213
1268,232,1500,0.10783736951691768
1262,237,1499,0.10785799361036905
1259,235,1494,0.10789041030515424
1255,235,1490,0.1079285129381671
1241,234,1475,0.1079725624337805
1259,239,1498,0.10804382501145715
1256,236,1492,0.10806838541475602
1250,237,1487,0.10809872032140881
1259,236,1495,0.1081390580948247
1251,236,1487,0.10815772916713916
1255,235,1490,0.10819488569257502
1258,237,1495,0.10822030544589005
1261,236,1497,0.10823767579214744
1248,236,1484,0.10824541123690297
1248,239,1487,0.10828434256676925
1254,242,1496,0.10832143849161087
1249,243,1492,0.10833957787997324
1251,248,1499,0.10836638047196524
1253,244,1497,0.10838812282814046
1267,240,1507,0.10840467693640016
1270,243,1513,0.1083907164231358
1265,240,1505,0.10837124034770054
1271,236,1507,0.10836330647610329
1262,240,1502,0.10834212127524481
1257,248,1505,0.10834417888812352
1258,240,1498,0.10835773823545133
1255,239,1494,0.10836753964034287
1253,243,1496,0.10838468425273426
1253,244,1497,0.10840462922282583
1255,241,1496,0.10842395676610893
1251,239,1490,0.10843602079136887
1255,237,1492,0.10845643495791074
1245,235,1480,0.10846670430769087
1250,244,1494,0.10850004021981813
1255,244,1499,0.10851889671014268
1256,253,1509,0.10852641264910133
1253,250,1503,0.10853324165936211
1247,250,1497,0.10854660934168947
1252,252,1504,0.1085728695702262
1249,253,1502,0.10858592700326611
1242,249,1491,0.10860445172019237
1243,250,1493,0.10863878486340398
1255,254,1509,0.10866861565394118
1245,248,1493,0.10866760117209472
1243,250,1493,0.10868824946471468
1239,247,1486,0.1087113100610139
1242,243,1485,0.10874077880053479
1238,244,1482,0.10875932180194287
1240,249,1489,0.10878319496522608
1247,255,1502,0.10880080609419668
1254,255,1509,0.1088030384216821
1254,255,1509,0.10878982830871496
1254,254,1508,0.1087783589220749
1246,254,1500,0.10876925257939199
1220,256,1476,0.10877972015803838
1221,255,1476,0.10884959850784635
1233,257,1490,0.10891461961273696
1242,260,1502,0.10894578246413068
1242,257,1499,0.10895445096516249
1232,253,1485,0.10896184519418033
1226,253,1479,0.10899125747107753
1233,254,1487,0.10903086799755346
1226,258,1484,0.10905060150400323
1236,258,1494,0.1090860928260485
1238,261,1499,0.10909506242509609
1227,261,1488,0.10910023391736835
1219,258,1477,0.10913172034362209
1223,258,1481,0.10917973008065535
1232,263,1495,0.10921530841272307
1229,264,1493,0.10922638388774449
1240,271,1511,0.10924331561546835
1235,269,1504,0.1092342646348654
1245,264,1509,0.1092367488558304
1242,260,1502,0.10921500899700559
1236,264,1500,0.10920421924525293
1236,267,1503,0.10920541576316792
1231,266,1497,0.10920694487360384
1214,267,1481,0.10921912415348654
1207,272,1479,0.10926860431868501
1195,264,1459,0.1093330151610374
1196,271,1467,0.10942336574895145
1199,273,1472,0.1095042158721871
1212,270,1482,0.10957298086989566
1202,272,1474,0.1096043047726522
1217,273,1490,0.10965754946211088
1226,278,1504,0.10967183155312661
1225,280,1505,0.10966379516147118
1219,281,1500,0.1096595327271859
1218,283,1501,0.10966897241712141
1207,282,1489,0.10968163458243049
1201,285,1486,0.10971825101609531
1208,290,1498,0.10976515482288667
1197,294,1491,0.10979497719388676
1206,294,1500,0.10984890569457402
1198,290,1488,0.10987737454406153
1213,299,1512,0.10992597778168552
1223,295,1518,0.10993918203064978
1226,299,1525,0.10993011679450258
1209,298,1507,0.10991488905304457
1209,299,1508,0.10994024703812123
1201,294,1495,0.10996231180696425
1209,294,1503,0.11000284728934728
1205,299,1504,0.11002177627828083
1203,294,1497,0.11004948367411195
1209,293,1502,0.11007913501566946
1204,299,1503,0.11009398808981198
1200,297,1497,0.11011834342016112
1206,296,1502,0.11015155206937997
1184,303,1487,0.11016943447732044
1177,305,1482,0.11023478927700464
1188,306,1494,0.11031079608261657
1184,311,1495,0.11035756089806639
1176,307,1483,0.11041065485640399
1184,306,1490,0.1104761106823521
1191,305,1496,0.1105196992112572
1178,305,1483,0.11054229036763469
1191,305,1496,0.110594870042061
1189,315,1504,0.11061354974684075
1175,317,1492,0.11063809062735995
1172,316,1488,0.1106928545861362
1170,314,1484,0.11075010959460592
1180,319,1499,0.11080922987911038
1190,322,1512,0.11084084560300429
1184,324,1508,0.11084680641979462
1170,325,1495,0.11086562720605933
1164,328,1492,0.11091679969283261
1162,331,1493,0.11097841751361319
1158,330,1488,0.11103973539655669
1163,329,1492,0.11110580908433419
1171,332,1503,0.11115640969917515
1172,328,1500,0.11118685617522274
1166,328,1494,0.11121376355215794
1173,334,1507,0.11125323548340582
1170,337,1507,0.11127398682307771
1165,335,1500,0.11129906277275006
1169,340,1509,0.1113344502597971
1161,341,1502,0.1113583785726729
1156,341,1497,0.11140031404192131
1161,339,1500,0.11144828310136261
1153,332,1485,0.11148285746436436
1154,343,1497,0.11153108612991293
1156,345,1501,0.1115749006383108
1163,343,1506,0.11161214158712571
1162,347,1509,0.11163196775067961
1164,348,1512,0.11165470663641662
1169,346,1515,0.11167246001074853
1159,352,1511,0.11167631836347315
1151,358,1509,0.11170443389321214
1158,344,1502,0.11174870308330803
1155,341,1496,0.1117716150734337
1154,342,1496,0.11180240921349605
1149,349,1498,0.11183131419554476
1153,348,1501,0.11187042930547828
1151,349,1500,0.11189851125433496
1152,348,1500,0.11192960341706065
1145,346,1491,0.11195548576541511
1145,346,1491,0.11199281090359424
1158,350,1508,0.11202816555208873
1160,346,1506,0.11203019186597096
1145,341,1486,0.11202945224009468
1161,336,1497,0.11206446499318248
1145,348,1493,0.11206136888810958
1154,351,1505,0.11209435704494242
1150,345,1495,0.11210197340962573
1137,345,1482,0.11211768960091688
1144,339,1483,0.11216265391388497
1141,339,1480,0.1121866940609105
1162,344,1506,0.11221579322630829
1153,343,1496,0.11219281849213834
1154,341,1495,0.11219159695796234
1147,344,1491,0.11218960851177062
1153,342,1495,0.11220329493943992
1156,345,1501,0.1122022679461413
1157,347,1504,0.11219086978540255
1166,345,1511,0.1121798283751665
1169,343,1512,0.1121490056524177
1165,344,1509,0.11211596104627537
1171,342,1513,0.11209591227103058
1170,343,1513,0.11206192143020972
1173,344,1517,0.11203050028945113
1161,343,1504,0.11199426497609627
1173,342,1515,0.11198666277329165
1169,344,1513,0.11195481724167436
1177,342,1519,0.11193495480498221
1156,346,1502,0.11189663511585397
1143,349,1492,0.11190706879918715
1146,350,1496,0.11194858835618153
1148,354,1502,0.11198140057461259
1147,348,1495,0.11200678866197528
1154,347,1501,0.11203320138136659
1152,342,1494,0.11204231724489855
1145,340,1485,0.11205616332954545
1144,339,1483,0.11208411922411544
1135,347,1482,0.11211187148417064
1131,348,1479,0.11215672868271734
1126,343,1469,0.112206137609593
1137,351,1488,0.11226111650723986
1138,346,1484,0.11228980016264205
1148,346,1494,0.11231602074829596
1142,339,1481,0.11231554420852596
1144,347,1491,0.11232690569334448
1148,355,1503,0.1123324193866166
1156,353,1509,0.11232984096029323
1146,357,1503,0.1123109553586264
1152,351,1503,0.11231697173340233
1141,354,1495,0.11230459316665066
1138,356,1494,0.11231773097856575
1145,356,1501,0.11233778900925614
1141,357,1498,0.1123417211093238
1139,356,1495,0.11235461984014794
1130,354,1484,0.1123700544208647
1140,355,1495,0.11240628546678383
1142,360,1502,0.11241595841345962
1142,352,1494,0.112420730396593
1148,361,1509,0.11242551187251802
1134,364,1498,0.1124181157851256
1130,370,1500,0.11244477629364596
1134,364,1498,0.11248018492654467
1138,370,1508,0.112504806307812
1129,371,1500,0.11252106950258653
1127,368,1495,0.11255714158959883
1117,369,1486,0.11259455318391254
1118,371,1489,0.11265185487059934
1116,366,1482,0.11270083495805572
1117,374,1491,0.112748362513118
1121,381,1502,0.11279041479817478
1130,380,1510,0.1128202337120067
1114,377,1491,0.11282733716416071
1118,380,1498,0.11287006465938579
1119,384,1503,0.11290075896472077
1114,382,1496,0.11292816983436485
1115,379,1494,0.11296461401127289
1108,385,1493,0.11299501422342079
1107,385,1492,0.11304074135544431
1106,385,1491,0.11308598413060444
1109,385,1494,0.1131323003731778
1115,384,1499,0.11316806028418998
1116,375,1491,0.11318880119384037
1120,381,1501,0.1132056370684898
1109,377,1486,0.11321405372387872
1113,377,1490,0.11324681064830372
1117,383,1500,0.11326774112834422
1113,385,1498,0.11327665775380019
1129,389,1518,0.11329481481684767
1108,379,1487,0.1132741623671349
1113,382,1495,0.11330442166390842
1107,383,1490,0.1133179283071296
1107,383,1490,0.1133441631404362
1092,389,1481,0.11337030514688752
1087,396,1483,0.11343005472151794
1092,401,1493,0.11349891469608925
1102,400,1502,0.11354963506111926
1103,389,1492,0.11357302872816613
1107,390,1497,0.11359134137281326
1094,395,1489,0.11360113480615108
1098,393,1491,0.11364057931205407
1096,400,1496,0.11366983213339239
1099,401,1500,0.11370301228497738
1105,404,1509,0.11372707499788624
1090,403,1493,0.11373365174907756
1100,405,1505,0.11377485189764343
1093,411,1504,0.1137914477402304
1092,418,1510,0.11382327149787277
1090,414,1504,0.11385722126400317
1105,414,1519,0.11389510045957055
1081,407,1488,0.11389670854070745
1077,414,1491,0.11395302684293697
1080,412,1492,0.11401230710902248
1086,408,1494,0.11406000450669052
1100,412,1512,0.11409172190252732
1092,417,1509,0.1140879934817962
1086,421,1507,0.1141029688166887
1089,419,1508,0.11413189834664758
1093,411,1504,0.11415326208612137
1090,411,1501,0.1141649627565447
1091,409,1500,0.11418124450728268
1095,412,1507,0.1141915800985056
1077,413,1490,0.11419471249300372
1071,411,1482,0.11423812458019958
1082,411,1493,0.11429122646438326
1085,410,1495,0.11431368112033419
1095,410,1505,0.11432710885020836
1084,415,1499,0.11431569180592774
1084,416,1500,0.11433028219317606
1082,414,1496,0.1143456381168286
1072,414,1486,0.11436592141011243
1075,428,1503,0.11440635714041597
1071,429,1500,0.11444088841836315
1054,429,1483,0.1144796942531211
1068,436,1504,0.11455788433098878
1075,440,1515,0.11459984312333445
1078,433,1511,0.1146217423943207
1070,438,1508,0.11463852061699445
1060,438,1498,0.11467354995732844
1057,443,1500,0.11472877123718944
1061,446,1507,0.11478459633788746
1062,446,1508,0.1148286682879301
1065,441,1506,0.11486701472442612
1065,445,1510,0.11489663995644225
1066,444,1510,0.11492555902201658
1066,439,1505,0.11494938439767433
1057,441,1498,0.11497028911725762
1066,443,1509,0.115010418853754
1059,435,1494,0.1150258527843646
1052,428,1480,0.1150562444503106
1064,434,1498,0.115099404276008
1067,438,1505,0.11511279536085446
1058,438,1496,0.11511822281751463
1057,445,1502,0.11514324446792391
1053,446,1499,0.11517024387741133
1055,443,1498,0.11520579697796741
1057,438,1495,0.11523434234417224
1062,441,1503,0.11525740626008904
1070,440,1510,0.11526600524696598
1067,443,1510,0.11525448129544566
1067,442,1509,0.1152504476339487
1076,438,1514,0.11524580422282085
1070,444,1514,0.11522086568609424
1064,442,1506,0.11521179821573185
1061,435,1496,0.115218889516622
1050,440,1490,0.11523394716509708
1039,438,1477,0.11527138497556826
1041,437,1478,0.11533189806768779
1040,439,1479,0.11538209593774461
1051,440,1491,0.11543130215732227
1053,446,1499,0.11545198582763082
1060,442,1502,0.11546339046047663
1070,440,1510,0.11545800497286848
1055,439,1494,0.11543106262850872
1054,447,1501,0.11544069017653222
1051,451,1502,0.11545438761717061
1044,455,1499,0.11547654190177362
1046,453,1499,0.11551409656740537
1057,454,1511,0.11554434195799378
1049,455,1504,0.11554809437156681
1048,446,1494,0.11556967020722503
1048,444,1492,0.11559203690717201
1046,445,1491,0.11561083931842099
1043,446,1489,0.1156303761585518
1056,448,1504,0.11565630104034053
1033,442,1475,0.11565327628757242
1032,443,1475,0.11570406202144186
1042,450,1492,0.11575082465414681
1058,452,1510,0.11577158495380661
1055,458,1513,0.11575447977537748
1047,454,1501,0.11574559492419334
1043,456,1499,0.11575823462899311
1051,459,1510,0.11577921748413736
1053,452,1505,0.11578008966778544
1057,456,1513,0.11577529893588138
1061,460,1521,0.11576266472753122
1069,461,1530,0.11573915227017735
1065,464,1529,0.11569813767425392
1052,462,1514,0.11567130860495015
1045,461,1506,0.11567806680937551
1055,464,1519,0.11570270515752909
1051,463,1514,0.11570218923506602
1042,461,1503,0.11571244916063594
1026,468,1494,0.11574195451294798
1025,463,1488,0.11580479531976934
1040,468,1508,0.1158675446927364
1048,461,1509,0.1158933264131349
1035,459,1494,0.11589814905432325
1032,458,1490,0.11593161536951435
1025,456,1481,0.11596947536590177
1030,452,1482,0.11602237071425581
1036,455,1491,0.11606130494169321
1027,450,1477,0.11608183631243513
1022,454,1476,0.116120370403138
1018,458,1476,0.11616686595705392
1023,461,1484,0.11621681118149092
1030,474,1504,0.11625341289667455
1040,470,1510,0.11626816049722315
1044,469,1513,0.11625859931111603
1042,466,1508,0.1162397004047926
1047,461,1508,0.11622407675004391
1054,464,1518,0.1162014034003721
1042,462,1504,0.11616535507164645
1037,464,1501,0.11615739410562125
1025,472,1497,0.11616481249119548
1036,471,1507,0.11620058739491082
1022,472,1494,0.11621031892193226
1017,474,1491,0.11625165778494896
1014,472,1486,0.11630214689424526
1008,471,1479,0.11635380913314068
1023,470,1493,0.11641723675131736
1027,474,1501,0.11644331736006425
1022,480,1502,0.11645793661853768
1015,482,1497,0.11648279706927983
1005,482,1487,0.11652177072437171
1007,481,1488,0.11658186727120089
1008,487,1495,0.11663395646364431
1014,482,1496,0.11667752644510486
1024,480,1504,0.11670363228356781
1022,477,1499,0.1167027574072452
1033,472,1505,0.11670756525557546
1033,469,1502,0.11668561001284875
1028,473,1501,0.11666491611298196
1029,478,1507,0.11665841836674101
1036,478,1514,0.11665249345668804
1020,485,1505,0.11663240028206065
1021,495,1516,0.11665088620305349
1011,493,1504,0.11666795252219846
1010,492,1502,0.11670938145829289
1010,493,1503,0.11675006868622959
1010,487,1497,0.11678710351780577
1001,486,1487,0.11682064402468566
999,484,1483,0.1168715459423409
999,484,1483,0.1169254619833147
1014,490,1504,0.1169740103990277
1008,490,1498,0.11698262200990925
1017,492,1509,0.1170044967968835
1016,485,1501,0.11700511949714297
1015,489,1504,0.1170085104612243
1005,493,1498,0.11701462729799036
1009,502,1511,0.11704188819665028
1014,501,1515,0.11705945735177577
1005,505,1510,0.11706567431305016
996,512,1508,0.11709279212578441
990,513,1503,0.11713976562809204
987,513,1500,0.11719849053773146
994,518,1512,0.1172602577300168
1002,516,1518,0.11730211699490635
1000,517,1517,0.1173229893226642
990,521,1511,0.11734661919804287
982,515,1497,0.11739219070286872
976,520,1496,0.11745508589848701
976,524,1500,0.11752766764588062
966,528,1494,0.11759383960986834
966,530,1496,0.11767933840440271
976,525,1501,0.11775985196470724
966,533,1499,0.1178120039209383
965,540,1505,0.11788572508285412
968,544,1512,0.11795743816426858
973,540,1513,0.11801829125593148
961,541,1502,0.11806321399119474
961,543,1504,0.11813147625478704
968,542,1510,0.11819599367975833
972,537,1509,0.1182381648276662
973,542,1515,0.11827026015121564
964,542,1506,0.11829933919991792
954,537,1491,0.11834472596908238
952,544,1496,0.118411869141642
950,545,1495,0.11847996434094904
953,549,1502,0.11855025889027089
949,549,1498,0.11860836373900263
943,547,1490,0.11867129206527177
947,545,1492,0.11874330963731376
938,549,1487,0.11880072428012667
944,553,1497,0.11887479867236359
953,547,1500,0.11892993204374613
950,548,1498,0.11895973041974268
943,554,1497,0.11899456483888451
944,558,1502,0.11904298984489213
953,554,1507,0.11908378659932978
947,559,1506,0.1191010078908377
933,561,1494,0.11913002188882427
940,563,1503,0.11918914848521975
936,566,1502,0.11922702925801794
942,569,1511,0.11927048739807557
951,568,1519,0.11929952626751553
952,564,1516,0.11930693975678022
945,557,1502,0.1193129816202129
944,559,1503,0.1193357257695816
951,562,1513,0.11935828583702665
947,568,1515,0.11936137269232719
957,565,1522,0.11937341889911489
953,560,1513,0.1193635750972074
950,555,1505,0.1193621447266075
952,554,1506,0.11936853867146231
962,551,1513,0.11937046044378319
946,548,1494,0.11935046102125967
937,552,1489,0.1193680203290472
946,552,1498,0.1194035555632734
932,554,1486,0.11941564244965315
942,556,1498,0.11945856857473786
934,556,1490,0.11947652754817391
935,561,1496,0.11951006259627306
938,564,1502,0.11953835214297293
941,554,1495,0.11955981653072514
939,551,1490,0.11957395855260158
941,553,1494,0.11959078416531181
948,554,1502,0.11959771048193536
928,557,1485,0.11958817023401273
940,562,1502,0.11962648777802762
938,571,1509,0.11963523219757151
931,568,1499,0.11964988494900908
944,569,1513,0.11967760434639821
936,576,1512,0.11967559544840879
933,575,1508,0.11969123389653522
930,557,1487,0.11971532881887326
935,563,1498,0.11974748261239476
934,565,1499,0.1197630422640675
934,564,1498,0.11978207202508476
926,565,1491,0.11980042013598925
933,567,1500,0.11983528640148694
934,568,1502,0.1198513655926688
930,578,1508,0.11986508149001157
911,572,1483,0.11988765973664049
916,572,1488,0.1199525753010281
923,573,1496,0.12000072549392417
919,583,1502,0.12003083379766824
919,582,1501,0.12006600656801031
926,581,1507,0.1200973228904152
926,580,1506,0.12011120227495685
929,583,1512,0.12012357466099777
919,584,1503,0.12012803994207115
921,585,1506,0.12015704413533657
921,580,1501,0.12017939165652212
923,583,1506,0.12019817695343138
921,581,1502,0.12021316962362541
923,580,1503,0.12023294169551381
937,581,1518,0.12024662639622978
940,581,1521,0.12022748923452138
940,575,1515,0.12020324858813257
940,581,1521,0.12018167617037469
938,587,1525,0.1201627451283659
924,593,1517,0.12015109612525726
930,591,1521,0.12017337281205155
928,595,1523,0.12017933057694914
929,590,1519,0.12019076452157722
914,586,1500,0.12019951057439006
918,591,1509,0.12023867597622463
912,585,1497,0.12026680448515358
914,589,1503,0.120307891065001
911,590,1501,0.12034152421893181
915,592,1507,0.12037886630906332
921,592,1513,0.12040687571705988
920,586,1506,0.1204171245202744
906,584,1490,0.12042837203586954
907,580,1487,0.12047149447955091
908,577,1485,0.12050975239805352
911,570,1481,0.12054222280434153
910,582,1492,0.12056393604379925
911,592,1503,0.12058861949839926
919,585,1504,0.12060578741448794
915,587,1502,0.1206036432573741
909,592,1501,0.12061143669863014
915,607,1522,0.12063379825498494
902,599,1501,0.12064021378434614
896,605,1501,0.12067550409784988
898,605,1503,0.12072263330932508
894,605,1499,0.12076025529508204
894,602,1496,0.12080523926059512
886,601,1487,0.12084580134147256
898,606,1504,0.12090305339345399
897,601,1498,0.1209241390882365
902,590,1492,0.12094542610980699
912,593,1505,0.12095207953313622
912,594,1506,0.12093949758987936
902,587,1489,0.12092747870544698
906,584,1490,0.1209406514926771
914,585,1499,0.12094272737332569
910,588,1498,0.12092641826657644
910,599,1509,0.12092156589209563
908,598,1506,0.12091798763116277
901,595,1496,0.12091477527094269
914,596,1510,0.12092884513756276
906,602,1508,0.12091450437143189
914,596,1510,0.1209197193274528
906,592,1498,0.12090522441989006
904,596,1500,0.12091320643025899
901,594,1495,0.12092166946504591
899,602,1501,0.12093730083480636
898,600,1498,0.12095722758317957
899,604,1503,0.12097862575419971
898,612,1510,0.12099908932898135
896,610,1506,0.12101981522331176
894,609,1503,0.12104533364272338
892,614,1506,0.12107428267200976
894,609,1503,0.1211060812651771
888,627,1515,0.12112992321575515
890,626,1516,0.12116448692062068
883,619,1502,0.12119198320550857
879,622,1501,0.12123211009020846
883,630,1513,0.12128094322341826
869,634,1503,0.12131795989824017
871,635,1506,0.12138669970830433
868,631,1499,0.12144796211852132
865,633,1498,0.12151183222964676
866,636,1502,0.12157892067422534
875,623,1498,0.1216389873130506
865,613,1478,0.12167514324962765
863,641,1504,0.12173164391412027
859,645,1504,0.12178935473240238
845,644,1489,0.1218518443690668
859,641,1500,0.12194186201421438
851,648,1499,0.12199206631388215
860,642,1502,0.12205623163874968
863,630,1493,0.1220959482143277
873,639,1512,0.1221251208842423
870,631,1501,0.122127925384077
864,628,1492,0.12213755246896224
868,633,1501,0.12216097448104705
861,640,1501,0.1221747420189681
861,649,1510,0.12220457471485999
871,652,1523,0.12223420670913619
872,650,1522,0.12223868189199556
875,646,1521,0.12224124883757514
869,650,1519,0.12223687488182343
863,652,1515,0.12224917518319209
867,651,1518,0.12227424535768883
865,642,1507,0.12228651348152131
862,645,1507,0.12230432336951554
865,642,1507,0.12232808211514822
859,651,1510,0.12234458442976774
868,645,1513,0.12237074122923394
877,637,1514,0.12237451135215757
868,638,1506,0.12235903949115629
864,647,1511,0.12236717296133032
863,641,1504,0.12238303685320513
865,643,1508,0.12239900427103312
862,645,1507,0.12241053959719377
857,633,1490,0.12242879231099854
854,632,1486,0.12245369056717145
858,640,1498,0.12248315578818274
859,639,1498,0.12250054081062994
864,644,1508,0.12251464635019672
865,647,1512,0.12251816215963968
858,649,1507,0.12251825261542919
851,653,1504,0.12253531929691523
850,664,1514,0.12256929652178261
853,659,1512,0.12260501703727662
859,653,1512,0.12263252793088934
845,649,1494,0.12264509247136506
836,650,1486,0.1226895439602621
830,658,1488,0.12274972630535391
835,657,1492,0.12282060934024795
840,648,1488,0.12287145986959015
843,654,1497,0.12290715852714029
839,655,1494,0.1229352331036377
841,661,1502,0.12297095368839182
842,662,1504,0.12299909374163263
835,655,1490,0.12302525790420087
835,658,1493,0.1230658029680285
843,667,1510,0.12310091719815155
844,670,1514,0.12311640598811949
846,669,1515,0.12312802474495768
848,659,1507,0.12313491268511982
851,654,1505,0.12313428769117739
848,651,1499,0.12312547203014418
850,650,1500,0.12312529033144116
845,647,1492,0.12311960093642288
850,651,1501,0.12312544167197675
847,656,1503,0.12311910788245171
857,656,1513,0.12311889567478061
851,654,1505,0.12309443584905985
856,653,1509,0.12308618308460517
853,647,1500,0.1230657379577703
845,657,1502,0.12305428860883855
842,648,1490,0.12306079147183549
847,658,1505,0.12307442035847518
855,659,1514,0.12307607875808807
849,653,1502,0.12305821533696829
848,656,1504,0.12305632314759124
842,662,1504,0.12305863454537637
836,670,1506,0.12307606942599754
846,669,1515,0.12310924511873324
841,676,1517,0.12311458124079756
833,675,1508,0.12313106456491721
833,666,1499,0.1231661720035653
829,671,1500,0.1231954933271417
837,676,1513,0.12323086379045599
829,668,1497,0.12324723307961712
830,671,1501,0.12328283138414425
837,663,1500,0.12331254070651587
840,656,1496,0.12332165489084247
836,661,1497,0.12332334558395555
835,660,1495,0.12333518728328581
829,669,1498,0.12334741666400349
831,670,1501,0.1233719918326252
831,659,1490,0.12339131011479285
825,662,1487,0.12340607295368368
828,667,1495,0.1234322913207707
828,670,1498,0.12345089557144079
840,665,1505,0.12346627612775148
846,669,1515,0.1234534816304738
844,670,1514,0.12342927774318835
842,667,1509,0.12341081118709696
846,660,1506,0.12339874609428261
851,659,1510,0.12337818357521567
841,666,1507,0.12334725546085239
830,674,1504,0.12334213275729347
836,676,1512,0.1233623673898067
841,681,1522,0.12337005153953903
835,681,1516,0.12336545167696311
845,675,1520,0.1233735363117162
843,669,1512,0.12335917650258764
840,673,1513,0.12335148651655707
837,680,1517,0.12335086433935168
838,681,1519,0.12335724153477588
831,683,1514,0.12336058392206223
827,684,1511,0.12338125999603282
815,695,1510,0.12341165148183299
819,695,1514,0.12346748542734581
819,686,1505,0.12350996706669969
818,690,1508,0.12354755002106307
822,692,1514,0.12358441384113172
822,698,1520,0.12361077260966986
825,692,1517,0.1236333148900994
824,694,1518,0.12364737544550149
817,692,1509,0.12366551948152474
817,700,1517,0.12369931399450924
812,706,1518,0.12373175550096384
805,712,1517,0.12377305281406495
808,706,1514,0.1238295429298985
813,706,1519,0.12387308594327484
805,706,1511,0.12390263182325262
798,695,1493,0.12395002688318027
812,690,1502,0.12401111091177473
804,704,1508,0.12403415717867158
800,703,1503,0.12407563231667035
807,700,1507,0.1241244613803302
799,696,1495,0.12415198109210164
792,696,1488,0.12419618030203093
798,700,1498,0.1242530203279031
797,705,1502,0.1242920807960793
795,710,1505,0.12433142719775792
793,714,1507,0.12437204682721671
791,709,1500,0.12441550497768841
779,722,1501,0.12445926118298659
777,710,1487,0.12452696532194932
779,714,1493,0.12459397195916047
788,720,1508,0.1246520445065427
786,718,1504,0.12468346404817804
789,716,1505,0.1247198246338107
790,711,1501,0.12474747422608708
790,707,1497,0.12477198906576209
789,715,1504,0.12479183743250183
779,712,1491,0.12481257370280219
771,714,1485,0.12485636140989716
768,727,1495,0.12491659056698044
771,730,1501,0.12497930498009445
776,728,1504,0.12503168790825894
777,736,1513,0.12506978095091573
779,725,1504,0.1251024326276109
782,725,1507,0.12512617525554537
776,718,1494,0.12514202317038847
775,723,1498,0.12517098304989693
775,729,1504,0.12519998083214615
772,727,1499,0.12522836434553308
775,729,1504,0.12526248984980332
776,726,1502,0.12528691405430684
776,729,1505,0.1253082676931101
770,739,1509,0.12533008039541457
773,739,1512,0.12536614524455245
762,741,1503,0.12539420741301258
762,747,1509,0.12544130470135328
762,752,1514,0.12548435344470213
762,750,1512,0.12552646820992766
759,757,1516,0.12556645041841089
753,752,1505,0.12560976295274792
747,758,1505,0.12566426025897814
744,755,1499,0.125728163894569
756,752,1508,0.1257960050697081
761,760,1521,0.12583183948757234
766,757,1523,0.12585317533393514
769,743,1512,0.1258601844659426
760,735,1495,0.12585817491727863
743,742,1485,0.12587853012913697
750,737,1487,0.12593571967810507
761,754,1515,0.1259724315616624
753,756,1509,0.12598230788657858
759,762,1521,0.12601118221180496
762,752,1514,0.12602384262648025
754,754,1508,0.1260276175873111
753,752,1505,0.12605236235986375
752,747,1499,0.126077831269979
742,760,1502,0.1261029066475776
746,764,1510,0.1261502135463161
751,757,1508,0.1261845223877821
752,763,1515,0.12620675555658536
760,741,1501,0.12622446104964027
753,738,1491,0.12622186593771326
750,731,1481,0.12623302715590698
758,745,1503,0.1262507567437715
754,734,1488,0.12624844413664554
749,745,1494,0.12625558020323488
751,744,1495,0.12627160052738598
749,746,1495,0.12628103016470424
740,743,1483,0.12629532552381367
740,751,1491,0.12632712034592358
729,754,1483,0.1263562285143945
744,749,1493,0.12641116975000755
743,739,1482,0.12642775163284345
744,741,1485,0.12644655797172363
745,748,1493,0.12646271078089785
765,742,1507,0.12647705795268582
762,740,1502,0.12644528979640668
763,761,1524,0.12642395819890007
755,757,1512,0.12640235345017461
744,755,1499,0.12640060842169412
745,754,1499,0.12642272605999047
748,756,1504,0.1264426346430027
746,757,1503,0.12645354588092603
747,756,1503,0.1264678369227283
750,764,1514,0.1264822167542026
742,765,1507,0.1264888178516329
732,757,1489,0.12651448384498415
730,753,1483,0.1265614787838865
746,759,1505,0.12661090387479232
750,761,1511,0.12661722837331474
752,762,1514,0.12661132479550213
752,757,1509,0.12659981254857755
754,759,1513,0.1265883992802456
750,759,1509,0.12657213960123553
736,761,1497,0.12656965516054278
741,772,1513,0.12659883096625077
742,765,1507,0.1266155290257243
741,767,1508,0.1266312968766533
745,759,1504,0.12664967503060864
748,760,1508,0.1266562819196454
746,764,1510,0.12665644049401512
742,768,1510,0.1266629426483047
736,773,1509,0.12667879206189114
734,786,1520,0.12670486045793708
731,784,1515,0.12673550526554447
723,784,1507,0.12677208454932912
735,790,1525,0.12682555308901688
726,781,1507,0.12684982456024907
736,782,1518,0.12689280439198472
733,784,1517,0.1269074292015773
735,773,1508,0.12692801508490548
737,770,1507,0.12694153501549857
745,782,1527,0.1269497942764371
733,778,1511,0.12694026433939112
737,774,1511,0.12695867423070267
736,773,1509,0.12696737396055885
736,766,1502,0.12697963341602073
728,762,1490,0.12699061530403735
726,769,1495,0.12701774720505735
727,765,1492,0.1270470510405639
727,770,1497,0.12707088073055542
729,770,1499,0.12708961796732002
734,773,1507,0.12710205512763273
733,767,1500,0.12710300741559535
725,767,1492,0.12710773228410552
745,774,1519,0.1271304477532144
736,772,1508,0.1271028598304139
732,760,1492,0.1270995528395398
733,773,1506,0.12710677997266676
720,769,1489,0.12711195827943356
722,770,1492,0.12714738936113867
727,758,1485,0.12717266285908527
725,765,1490,0.12718413640227683
725,771,1496,0.12720135813401448
718,771,1489,0.12721825526383024
723,768,1491,0.12724921204592618
716,773,1489,0.12726654787595837
726,788,1514,0.12730000319701457
725,790,1515,0.12730797446606762
724,793,1517,0.127318788422008
730,785,1515,0.12733077817661598
725,783,1508,0.1273260368168932
724,788,1512,0.12733432346406015
718,776,1494,0.12734496853292496
727,773,1500,0.12737012642701961
726,774,1500,0.1273747508583119
718,777,1495,0.1273808617837138
721,785,1506,0.1274030690501773
720,788,1508,0.12741485500391658
734,785,1519,0.12742912596044326
723,795,1518,0.12740838352277442
720,797,1517,0.12741831343126364
720,789,1509,0.12743646658285418
716,806,1522,0.12745543887830854
718,813,1531,0.12748098820181347
716,812,1528,0.12750052670902196
703,801,1504,0.1275226596128083
700,806,1506,0.12757106038480107
693,808,1501,0.12762593242766404
692,812,1504,0.12769426290153052
697,806,1503,0.12776030262497248
709,807,1516,0.12780958064630452
707,808,1515,0.1278267360663863
708,812,1520,0.12784951769051636
707,809,1516,0.12786776352391674
699,807,1506,0.1278881362628986
700,808,1508,0.12792494678006658
702,808,1510,0.12795817210883767
701,809,1510,0.12798413120963772
706,812,1518,0.12801041823465725
702,813,1515,0.1280241995038918
702,809,1511,0.12804759575689542
692,803,1495,0.1280713571206108
689,805,1494,0.1281115111105353
689,807,1496,0.1281590407853446
691,814,1505,0.128202120228977
702,813,1515,0.1282363623337287
701,814,1515,0.12824546367437129
697,825,1522,0.12825686470104564
694,824,1518,0.12827699377395213
692,822,1514,0.12830428509946143
697,823,1520,0.12833333798126875
695,826,1521,0.12834986048456745
689,824,1513,0.12837180602949114
694,830,1524,0.12840604918204326
694,834,1528,0.12842454212844473
693,824,1517,0.12844372450692368
688,828,1516,0.12846381550625158
692,821,1513,0.12849260809696836
691,823,1514,0.1285123384652387
687,818,1505,0.12853250910554717
680,816,1496,0.12856086078085402
679,814,1493,0.12860231457694968
676,821,1497,0.12864299807048263
681,829,1510,0.12868892090678272
669,837,1506,0.12871858794509555
678,836,1514,0.12877529536649474
683,836,1519,0.12880949687724716
682,833,1515,0.12882889285352708
683,823,1506,0.12884788258995294
681,816,1497,0.12886326296263595
677,824,1501,0.12888165682203304
681,830,1511,0.12890741947875614
675,829,1504,0.12892196648322585
679,814,1493,0.12894500474493426
681,812,1493,0.1289573964255774
680,819,1499,0.12896606021675092
678,813,1491,0.1289751215555768
677,802,1479,0.12898711230551377
668,818,1486,0.12900087986517106
668,817,1485,0.12903505457706813
675,814,1489,0.12906462263780072
680,816,1496,0.1290754450407863
684,819,1503,0.12907256904571068
684,819,1503,0.1290617656496314
684,820,1504,0.12905126858645313
675,830,1505,0.1290449876849748
671,831,1502,0.12906271788976956
679,827,1506,0.1290867301321378
680,828,1508,0.12908721501249906
681,832,1513,0.1290844099134479
674,840,1514,0.12907975557089865
682,835,1517,0.12908986738609723
676,839,1515,0.12908291961520268
678,840,1518,0.12908905110062124
679,831,1510,0.12909323790884478
680,839,1519,0.1290960435596002
667,839,1506,0.1290959722028141
666,842,1508,0.12912671917781213
667,844,1511,0.1291593002197271
668,841,1509,0.12918871782660532
664,838,1502,0.12921174311318134
661,842,1503,0.1292420247239254
666,845,1511,0.12928029165602928
667,839,1506,0.12930439652547265
676,837,1513,0.12932506597336424
670,832,1502,0.12932453227568927
665,842,1507,0.12933706402966302
660,833,1493,0.1293609349141741
662,834,1496,0.1293915279490204
665,837,1502,0.12941601394371952
659,847,1506,0.1294315972436209
650,841,1491,0.12946053997375093
653,843,1496,0.12950803587184928
660,846,1506,0.12954328026901663
663,842,1505,0.12956098824712955
662,841,1503,0.12956844382856816
662,844,1506,0.12957670923684023
661,846,1507,0.12958521397186953
659,849,1508,0.12959582591742486
665,849,1514,0.12961282481069702
653,850,1503,0.1296154469084496
652,849,1501,0.12964535047659553
661,849,1510,0.12967402992054722
662,853,1515,0.12968096831995723
657,854,1511,0.12968708108988738
664,854,1518,0.12970359618175895
659,856,1515,0.12970163258260936
660,853,1513,0.12971164219796458
656,860,1516,0.12971871897164713
652,869,1521,0.12973579632274934
655,859,1514,0.1297587095616781
647,851,1498,0.1297731345434759
641,868,1509,0.1298064218646591
637,852,1489,0.12985234287786576
636,856,1492,0.12990296430736425
642,851,1493,0.1299520408726711
643,854,1497,0.1299855626203562
638,853,1491,0.13001319926584876
645,853,1498,0.13005045010267327
651,861,1512,0.13006769618655376
642,856,1498,0.13006825485218562
641,853,1494,0.1300915415749619
639,853,1492,0.13011471785297657
630,845,1475,0.13013971354520357
637,862,1499,0.13018582267574672
642,872,1514,0.1302128000249344
642,873,1515,0.1302248475933131
642,885,1527,0.13023840409039036
642,867,1509,0.13025293921068673
640,862,1502,0.1302660212959076
645,859,1504,0.13028225984636768
637,860,1497,0.1302865757408615
636,861,1497,0.13030987822644044
633,862,1495,0.1303337087066119
634,875,1509,0.13036305837197448
632,871,1503,0.13038952602287568
623,868,1491,0.13041828270376063
641,868,1509,0.13046667905618
648,871,1519,0.1304698889885641
641,874,1515,0.13045624810992176
630,875,1505,0.13045985018255382
634,878,1512,0.130489995066674
635,875,1510,0.13050900364980914
637,872,1509,0.13052185374078615
636,894,1530,0.1305283262511784
626,895,1521,0.1305383948530653
623,888,1511,0.1305722987701954
630,883,1513,0.13061311829483047
629,880,1509,0.13063586188566986
623,893,1516,0.1306567024559636
613,892,1505,0.13069006615695078
623,895,1518,0.1307458129387816
622,895,1517,0.13077405294579358
616,890,1506,0.1308032309017221
622,884,1506,0.1308432701216275
632,889,1521,0.13086510182136923
629,876,1505,0.1308626488588915
621,880,1501,0.13086814866857993
628,889,1517,0.13089173378201618
612,884,1496,0.13090035036038578
607,896,1503,0.13094527742903034
609,896,1505,0.13099900177341378
608,890,1498,0.1310463697721501
607,894,1501,0.13109302000098302
608,897,1505,0.13113837831503536
610,899,1509,0.13117717239996993
600,902,1502,0.13120926064642455
594,900,1494,0.13126073834173632
597,903,1500,0.13132242759476345
600,902,1502,0.13137285981788846
603,898,1501,0.13141084459219507
602,908,1510,0.13143836552793192
592,909,1501,0.13146875034517866
587,920,1507,0.13152224075940505
591,914,1505,0.1315838261810465
589,914,1503,0.13162998212122143
589,920,1509,0.13167823398718892
592,933,1525,0.1317246594444979
591,937,1528,0.13176111699782644
596,917,1513,0.13179696421769946
597,925,1522,0.13181736960379142
594,914,1508,0.1318332468464344
597,917,1514,0.1318560931507409
599,920,1519,0.1318714261157841
592,924,1516,0.1318827155891919
590,933,1523,0.1319094850352819
588,929,1517,0.13193718928466158
586,918,1504,0.1319674081693844
588,918,1506,0.13200068860208813
579,922,1501,0.1320284514096423
574,928,1502,0.13207229102404927
581,921,1502,0.13212448123597134
580,922,1502,0.132156420323844
580,926,1506,0.13218992675915472
591,925,1516,0.13222151351562828
594,930,1524,0.13222390909424175
593,939,1532,0.13221814676474264
585,931,1516,0.1322165011157997
579,928,1507,0.13223427034943624
577,928,1505,0.1322669099591393
576,945,1521,0.13230319403340585
571,948,1519,0.1323409175845466
573,953,1526,0.13238847931657088
567,952,1519,0.13242940483737173
565,949,1514,0.13248147957585055
568,940,1508,0.13253451589650234
563,935,1498,0.1325790234616589
562,939,1501,0.13263214997587316
562,944,1506,0.132682747820035
560,960,1520,0.13272697954447607
566,955,1521,0.13277347663708072
548,954,1502,0.13280233001062997
553,962,1515,0.13287060999700784
558,958,1516,0.13292357893420526
554,954,1508,0.13296176608688864
558,964,1522,0.13300560410163448
551,973,1524,0.13303720500262523
549,963,1512,0.13308286492601737
543,969,1512,0.13312744814172028
549,964,1513,0.133181658643759
542,974,1516,0.13321903781572292
537,968,1505,0.1332714211838382
533,972,1505,0.13333134870215402
534,960,1494,0.13339606214397695
526,956,1482,0.13345421914870195
530,971,1501,0.13352779086993352
524,981,1505,0.1335866329010061
522,981,1503,0.13365482546312923
526,976,1502,0.13372052233706036
527,975,1502,0.13377374272395812
521,993,1514,0.13382304765918326
522,993,1515,0.13388235782318883
524,991,1515,0.13393794356575014
532,986,1518,0.13398358601933016
527,992,1519,0.1340049391349503
517,983,1500,0.1340361937635863
512,991,1503,0.13409103780701093
518,991,1509,0.1341555124772603
517,982,1499,0.13420194385048181
525,987,1512,0.1342463576796026
520,995,1515,0.13426955970824284
522,987,1509,0.13430334409396985
515,995,1510,0.13432954036686925
516,978,1494,0.13436901821085878
521,976,1497,0.13440407173532662
523,980,1503,0.13442380970691084
524,983,1507,0.1344376291865299
531,980,1511,0.13444732723219235
530,978,1508,0.1344395278747815
530,981,1511,0.13443255171640942
525,981,1506,0.13442615108187236
526,983,1509,0.13443144437607116
528,983,1511,0.13443468276882897
526,985,1511,0.13443376306519886
526,987,1513,0.13443619803034254
518,993,1511,0.13443812219089135
512,992,1504,0.13445826296532615
519,990,1509,0.1344920571426567
523,992,1515,0.1345090451372195
523,990,1513,0.13451262266949848
532,993,1525,0.13451696233059046
535,987,1522,0.13450038665923628
525,989,1514,0.13447899596552257
522,984,1506,0.13448405067800245
523,984,1507,0.13449374677433673
515,989,1504,0.13450373468103424
518,986,1504,0.13453336072657524
511,1003,1514,0.1345554479726169
511,1003,1514,0.13459242094189855
507,1002,1509,0.13462466648479957
510,1002,1512,0.13466579728764805
503,997,1500,0.13469733284789323
506,1003,1509,0.13474250168339139
500,1008,1508,0.1347772194405193
511,1005,1516,0.13482259238311842
509,1006,1515,0.1348393601802822
511,1014,1525,0.13485962532856186
503,1003,1506,0.1348758700544418
503,1004,1507,0.13491034711107133
503,1001,1504,0.13494178012695662
503,1002,1505,0.13497071909434927
503,1007,1510,0.1349995242777676
510,1011,1521,0.13502583528867892
503,1011,1514,0.13503240825067409
498,1006,1504,0.13505549822596502
500,1003,1503,0.13508835247642506
498,999,1497,0.1351148423458847
492,1003,1495,0.13514377422464313
490,1005,1495,0.13518662285125693
488,1010,1498,0.1352324784536668
476,1013,1489,0.13527979902075565
479,1015,1494,0.13535286626426865
483,1021,1504,0.13541363621928046
485,1037,1522,0.13545946684509202
479,1039,1518,0.13549922132173603
479,1039,1518,0.13554973379363427
478,1029,1507,0.1355979909207452
473,1040,1513,0.13564506643141114
461,1039,1500,0.1357021381514666
454,1034,1488,0.13578360980880944
458,1045,1503,0.13587645739070894
460,1045,1505,0.1359545744706378
460,1050,1510,0.1360227820499031
458,1044,1502,0.13608485215239946
457,1045,1502,0.13614857602813898
457,1045,1502,0.13620991910341765
456,1038,1494,0.13626900512757525
453,1048,1501,0.13632811882021575
461,1052,1513,0.13638992994723517
464,1058,1522,0.13642856100647782
464,1053,1517,0.13645783733704644
463,1056,1519,0.13648734659514478
454,1065,1519,0.1365181764275169
455,1061,1516,0.13656911442359082
445,1064,1509,0.1366136155612888
443,1054,1497,0.1366793759350137
441,1053,1494,0.1367432610394464
442,1066,1508,0.13680709521858084
436,1070,1506,0.13686344032186443
436,1065,1501,0.13692897330097017
431,1063,1494,0.13698986693532578
432,1064,1496,0.13705914463162971
435,1060,1495,0.137120598350778
434,1054,1488,0.13716880060152895
431,1053,1484,0.13721691485362483
431,1049,1480,0.137270364996858
427,1055,1482,0.13731747868622227
426,1073,1499,0.13737295800657276
439,1071,1510,0.13742824365840334
446,1072,1518,0.13744649358693561
445,1081,1526,0.13744552618257322
436,1092,1528,0.13744725206604727
438,1090,1528,0.13746969135694123
436,1098,1534,0.1374878285877768
432,1094,1526,0.1375106398186909
429,1094,1523,0.13754243236148112
424,1084,1508,0.1375810305982853
422,1091,1513,0.13763018674573943
421,1084,1505,0.13768125562207245
418,1092,1510,0.13773149157132322
418,1089,1507,0.13778642578032016
418,1097,1515,0.137837044481804
419,1086,1505,0.13788251598648407
420,1074,1494,0.13792231917401937
422,1071,1493,0.1379560608233352
422,1074,1496,0.13798349264882395
423,1074,1497,0.13801076409585986
423,1082,1505,0.13803087711910111
420,1087,1507,0.13804858397148365
422,1090,1512,0.1380730101664364
421,1081,1502,0.1380893570761473
419,1080,1499,0.1381097841485979
412,1084,1496,0.1381333280094074
414,1086,1500,0.13817308910227927
410,1105,1515,0.13820589003465583
419,1104,1523,0.13824503713547226
416,1100,1516,0.1382609434069708
425,1093,1518,0.1382816415943862
427,1091,1518,0.13827997816041687
426,1077,1503,0.1382730996611345
417,1077,1494,0.13827165868062585
421,1087,1508,0.13829168282029233
417,1093,1510,0.1383011286284956
416,1096,1512,0.13831983377869272
413,1093,1506,0.138341088427078
414,1088,1502,0.1383693835090296
415,1089,1504,0.13839405854583306
422,1088,1510,0.13841259962538657
413,1091,1504,0.1384118048600504
413,1091,1504,0.13843126304997666
423,1090,1513,0.1384499085037797
416,1083,1499,0.13844172982776537
417,1089,1506,0.13845169429435364
415,1084,1499,0.1384605001577391
416,1084,1500,0.13847469530164674
409,1083,1492,0.13848744243217861
413,1091,1504,0.13851725332886586
414,1101,1515,0.13853591983640695
417,1109,1526,0.13855075673698158
422,1109,1531,0.13855639124022306
416,1100,1516,0.13855105743460705
411,1106,1517,0.13856122590232137
409,1097,1506,0.13858350956452167
410,1086,1496,0.1386063834699488
415,1083,1498,0.13862510455053226
418,1094,1512,0.13862997043336103
417,1105,1522,0.13862771611128205
411,1110,1521,0.13862903777842447
413,1116,1529,0.13864555742062631
409,1108,1517,0.13865628268624497
402,1106,1508,0.13867718215678002
402,1116,1518,0.13871327153980675
404,1120,1524,0.1387457765185736
413,1128,1541,0.13877047429228995
409,1132,1541,0.1387719803220683
404,1118,1522,0.1387827157629718
401,1108,1509,0.13880578027537757
404,1104,1508,0.13883466382710133
411,1095,1506,0.13885418934077703
414,1094,1508,0.13885485317870272
420,1103,1523,0.13884798527969114
419,1109,1528,0.13882779049136132
409,1110,1519,0.13881207285186328
407,1118,1525,0.13882142545858245
403,1116,1519,0.13883470920027755
403,1114,1517,0.13885825987043376
400,1118,1518,0.13888112853523799
402,1129,1531,0.13890840310186522
401,1123,1524,0.1389307478273924
401,1115,1516,0.13895420696288632
397,1118,1515,0.13897667240923753
400,1116,1516,0.13900672802674066
399,1121,1520,0.13902655183163637
394,1125,1519,0.1390447598755262
394,1117,1511,0.139073255964133
390,1121,1511,0.13910060667118
388,1120,1508,0.13913664630444125
392,1123,1515,0.1391746922464011
398,1109,1507,0.13920032552855185
398,1110,1508,0.13921019951159816
400,1113,1513,0.13921657563158166
405,1108,1513,0.13921721788383842
401,1117,1518,0.1392064398236567
396,1120,1516,0.1392056429549135
395,1120,1515,0.13921571402429272
392,1118,1510,0.1392275703004909
391,1120,1511,0.13924600816405291
392,1122,1514,0.1392669788344729
400,1123,1523,0.1392848307518963
400,1134,1534,0.1392806729596857
396,1117,1513,0.1392767460985098
399,1128,1527,0.13928367462140656
398,1113,1511,0.13928374732378013
396,1111,1507,0.13928613084453198
395,1121,1516,0.13929414233621693
397,1106,1503,0.13930535455668205
400,1107,1507,0.13931002493367683
406,1103,1509,0.13930520825126883
404,1109,1513,0.13928698387237332
412,1108,1520,0.13927410082131506
413,1113,1526,0.13924105464838626
416,1114,1530,0.1392084008139382
411,1118,1529,0.13917068377519334
403,1115,1518,0.13914781892686867
407,1117,1524,0.13914581246089736
401,1109,1510,0.13913525898378137
408,1106,1514,0.13914003239461614
407,1104,1511,0.1391260028640461
402,1106,1508,0.1391157502107162
398,1115,1513,0.13911810447046916
401,1117,1518,0.1391304735180617
401,1122,1523,0.1391359314539601
404,1113,1517,0.13914174260896867
402,1117,1519,0.13914085020498707
404,1111,1515,0.13914520905727873
403,1107,1510,0.1391434480570604
401,1122,1523,0.13914352267842958
399,1114,1513,0.13914901952749928
405,1117,1522,0.1391574239572614
401,1121,1522,0.13914919969887005
404,1119,1523,0.13915157337739076
407,1111,1518,0.139144783331701
402,1100,1502,0.13913077320124753
395,1102,1497,0.13913110865638162
393,1110,1503,0.13914990350545078
393,1102,1495,0.13917187307059994
396,1109,1505,0.1391904467278707
396,1108,1504,0.1391991176357736
396,1104,1500,0.13920738360723106
395,1107,1502,0.13921444879108916
403,1113,1516,0.1392248099910303
404,1121,1525,0.1392176778077462
400,1121,1521,0.13921113347078282
395,1123,1518,0.1392130919199258
389,1125,1514,0.13922780689485684
388,1131,1519,0.13925576236798112
392,1138,1530,0.13928460677634807
389,1128,1517,0.1393023208191531
387,1129,1516,0.13932649143641104
380,1124,1504,0.1393537820623003
381,1120,1501,0.1393948183062314
390,1121,1511,0.13942934409688085
394,1115,1509,0.13943842244020366
385,1125,1510,0.13943590866456865
380,1121,1501,0.13945433286128592
383,1118,1501,0.13948452185811575
372,1122,1494,0.1395056405656094
377,1125,1502,0.1395511535025451
379,1131,1510,0.13958168686278863
380,1124,1504,0.13960386165738417
383,1124,1507,0.1396220297175347
386,1125,1511,0.13963207580539372
386,1122,1508,0.1396333182035484
381,1131,1512,0.1396340608651818
380,1123,1503,0.1396497779487788
382,1130,1512,0.13966727367294565
381,1129,1510,0.13967714626608102
384,1123,1507,0.1396886456739346
380,1124,1504,0.1396935691808902
381,1129,1510,0.1397086901528856
378,1124,1502,0.13971941119763148
379,1126,1505,0.13973707298409535
376,1131,1507,0.1397498591511459
371,1130,1501,0.1397693642742617
372,1119,1491,0.13980079840706908
369,1127,1496,0.139827736060663
369,1141,1510,0.13986149629116754
370,1142,1512,0.13989240720987187
372,1139,1511,0.13991896547238306
368,1140,1508,0.1399404785376424
367,1128,1495,0.13996996403323458
362,1134,1496,0.13999952166037008
368,1130,1498,0.14003851296144884
354,1135,1489,0.14005935879798537
354,1131,1485,0.14011039285000873
357,1141,1498,0.14015950186618953
358,1148,1506,0.14019989342847008
354,1150,1504,0.1402336078969135
357,1157,1514,0.14027569996684872
346,1146,1492,0.14030812651327795
351,1154,1505,0.14036418733219444
351,1160,1511,0.14040475134257138
354,1167,1521,0.1404408207723875
354,1166,1520,0.14046616315670987
356,1161,1517,0.14049011495814803
360,1158,1518,0.14050842369556044
349,1154,1503,0.14051767057492198
349,1158,1507,0.1405512566493184
357,1152,1509,0.14058224569119168
363,1159,1522,0.14059092472252782
354,1175,1529,0.1405854805353629
345,1170,1515,0.14060040827311832
343,1173,1516,0.14063577251848952
350,1165,1515,0.14067293405628042
347,1169,1516,0.1406922607078938
345,1179,1524,0.14071806982138013
355,1190,1545,0.14074694734893714
353,1183,1536,0.1407513635146691
342,1173,1515,0.14076123298559032
343,1152,1495,0.14079727958766486
353,1168,1521,0.14082654170149395
351,1173,1524,0.14082925809140362
348,1173,1521,0.1408366291285544
352,1166,1518,0.140851090517566
353,1169,1522,0.1408557937523337
352,1177,1529,0.140858540883243
342,1176,1518,0.1408636995413487
343,1160,1503,0.14089294467635785
342,1162,1504,0.14091755213034707
338,1164,1502,0.14094479965908144
337,1160,1497,0.1409798109873797
340,1160,1500,0.14101559776008646
340,1170,1510,0.1410414229174805
338,1172,1510,0.14106668170537112
344,1176,1520,0.14109461005433008
344,1166,1510,0.14110478955276695
340,1169,1509,0.14111358329649107
341,1162,1503,0.1411299432611647
342,1169,1511,0.14114438632178178
337,1168,1505,0.14115628861482069
339,1183,1522,0.14117877285476862
339,1175,1514,0.1411955678036575
336,1175,1511,0.1412139293446266
335,1169,1504,0.1412380250165479
338,1187,1525,0.14126370180703127
336,1183,1519,0.14127957711692335
339,1169,1508,0.14129671691032328
336,1175,1511,0.14130680380645225
334,1176,1510,0.14132332363949132
333,1172,1505,0.1413433580405967
331,1176,1507,0.14136687610097
337,1179,1516,0.14139210677197098
342,1181,1523,0.14140202631102203
345,1188,1533,0.14139828058946205
336,1174,1510,0.14138489325796194
337,1169,1506,0.14139482415422708
341,1165,1506,0.14140156545804974
337,1178,1515,0.14140081228390375
332,1176,1508,0.14140814200830473
327,1180,1507,0.14142673456517024
327,1187,1514,0.14145656417652716
319,1180,1499,0.14148521428528896
321,1175,1496,0.14153023731843525
327,1180,1507,0.14156754442935718
332,1182,1514,0.1415864403510753
328,1171,1499,0.14159247694831137
323,1169,1492,0.14160710554335218
331,1174,1505,0.14163341943963392
330,1187,1517,0.14163771051148183
321,1174,1495,0.14164498764929714
318,1175,1493,0.14167300816339046
320,1175,1495,0.14170517611739533
319,1179,1498,0.14172981351092176
318,1175,1493,0.14175549592829073
320,1179,1499,0.1417802493947181
312,1179,1491,0.14179822389473257
313,1201,1514,0.1418349657589234
314,1207,1521,0.14186703698481598
315,1202,1517,0.14189581085705985
322,1197,1519,0.14192118824614441
319,1195,1514,0.14193007511679473
315,1205,1520,0.14194606106469176
307,1194,1501,0.14197012746971385
305,1178,1483,0.14201328422422263
302,1201,1503,0.14206040360592248
303,1199,1502,0.14211329798794373
307,1188,1495,0.14216040873814673
304,1210,1514,0.14219413172404646
303,1199,1502,0.14223258431026853
302,1203,1505,0.1422713882305429
296,1200,1496,0.14231015492654653
300,1217,1517,0.14236098806104408
303,1216,1519,0.1423982311618795
299,1211,1510,0.14242591936575863
293,1214,1507,0.14246122466815192
294,1218,1512,0.1425091884737313
295,1215,1510,0.1425522475578039
297,1203,1500,0.14259047667439323
292,1207,1499,0.14262240934968254
289,1214,1503,0.14266093014098094
287,1230,1517,0.14270384069210162
294,1228,1522,0.14274832550836153
290,1235,1525,0.14277333502792738
289,1229,1518,0.1428070036089446
287,1217,1504,0.14283853012559142
295,1218,1513,0.14287223097129967
298,1221,1519,0.14288173156236744
296,1215,1511,0.14288457013618663
296,1219,1515,0.14289328305934682
293,1217,1510,0.14290091883466802
292,1209,1501,0.14291698481907705
288,1217,1505,0.14293496588878868
296,1227,1523,0.14296336195032158
293,1223,1516,0.14296846247203562
290,1220,1510,0.14298197428542445
287,1233,1520,0.14300203528781177
277,1231,1508,0.14302812290000605
275,1232,1507,0.14307357623979652
276,1229,1505,0.14312200088481736
274,1231,1505,0.1431662179585019
275,1221,1496,0.14321188229386203
280,1229,1509,0.14325056350119583
287,1221,1508,0.14327309917415987
284,1212,1496,0.1432765644888544
279,1221,1500,0.14328674262242283
273,1225,1498,0.14330947569631244
275,1227,1502,0.1433447594093601
268,1227,1495,0.14337494689937672
271,1226,1497,0.14341994168395558
277,1228,1505,0.14345516179805684
272,1227,1499,0.14347530172837905
276,1224,1500,0.14350398379913684
278,1223,1501,0.14352032091140385
274,1241,1515,0.14353147127421065
273,1242,1515,0.14355183576061945
273,1248,1521,0.14357492235997896
269,1251,1520,0.14359745553606054
272,1240,1512,0.1436270139292477
269,1237,1506,0.1436480268887063
270,1250,1520,0.14367429102605145
266,1252,1518,0.14369858382562575
265,1246,1511,0.14373147524876162
270,1252,1522,0.14376324559621023
269,1262,1531,0.14378217793354087
269,1263,1532,0.14380312586477284
269,1262,1531,0.14382317538838818
265,1253,1518,0.14384203520295546
262,1258,1520,0.14386767409541318
269,1249,1518,0.14389842656309856
271,1248,1519,0.1439113231785373
272,1243,1515,0.14391764408120472
269,1248,1517,0.14392239982841584
269,1246,1515,0.14393385909010387
271,1246,1517,0.14394307029022607
270,1235,1505,0.14394754450261454
268,1243,1511,0.14395499012969062
271,1251,1522,0.14396808695549856
267,1265,1532,0.1439737068913097
264,1269,1533,0.14398749437111769
260,1257,1517,0.14400592304267945
264,1263,1527,0.1440340802560066
269,1237,1506,0.14404998050780282
267,1241,1508,0.14405376027390332
264,1246,1510,0.14406041072197748
262,1243,1505,0.14407460232807862
264,1255,1519,0.14409192353173522
258,1267,1525,0.14410426401185097
257,1272,1529,0.1441295854902572
249,1274,1523,0.1441563442959854
254,1258,1512,0.14420001151285114
254,1251,1505,0.14422577309609264
254,1253,1507,0.14425196654728295
255,1252,1507,0.14427691246967286
250,1259,1509,0.14429889315990577
249,1247,1496,0.1443311328715843
249,1234,1483,0.14436344586040656
259,1238,1497,0.1443940330097448
261,1255,1516,0.1443970560469832
256,1252,1508,0.14439726000455994
254,1254,1508,0.1444097803732505
252,1252,1504,0.1444250423271974
253,1249,1502,0.14444464692924047
255,1252,1507,0.14446143792589378
246,1264,1510,0.14447257917188297
248,1252,1500,0.14450179437187624
244,1252,1496,0.14452552305563793
245,1248,1493,0.1445564707228858
246,1254,1500,0.1445823747118119
241,1268,1509,0.14460390598381093
240,1266,1506,0.144633726533662
242,1268,1510,0.14466523668152179
245,1259,1504,0.14469025302232347
247,1271,1518,0.14470792086643158
239,1283,1522,0.14471634220232935
241,1270,1511,0.1447424928903023
245,1262,1507,0.14476233228451782
246,1252,1498,0.1447707658041654
246,1267,1513,0.14477733476775018
245,1261,1506,0.14478437092794672
243,1281,1524,0.1447936306842409
246,1273,1519,0.14480805392697982
245,1283,1528,0.14481451232481976
241,1285,1526,0.14482437067614964
236,1288,1524,0.14484295525889324
236,1288,1524,0.1448723357600791
237,1272,1509,0.14490118171643915
236,1264,1500,0.14492514421704797
233,1266,1499,0.14495082463916156
232,1284,1516,0.14498228925120762
225,1291,1516,0.14501506445592466
228,1292,1520,0.14506216835788066
230,1294,1524,0.14509877893978318
233,1285,1518,0.14512704701437504
234,1294,1528,0.14514478081335855
232,1276,1508,0.14515879779391566
226,1281,1507,0.1451772441761377
228,1287,1515,0.1452084502467773
231,1284,1515,0.14523278762216513
223,1279,1502,0.14524666455523874
223,1289,1512,0.1452781232483385
226,1272,1498,0.14530792858475283
228,1271,1499,0.14532960639690506
226,1286,1512,0.14534582867944812
223,1279,1502,0.14536566498133777
223,1273,1496,0.14539209873720366
223,1273,1496,0.14541747673928979
225,1291,1516,0.14544162348861378
224,1290,1514,0.14545978720568287
215,1288,1503,0.1454790150291551
217,1297,1514,0.1455188533663697
217,1289,1506,0.145550658989991
221,1290,1511,0.14557753715437663
223,1293,1516,0.14559325739897971
222,1297,1519,0.14560394307971677
218,1303,1521,0.1456170591236501
218,1293,1511,0.14563814457572646
217,1307,1524,0.14565614106807293
215,1316,1531,0.14567595440330533
219,1311,1530,0.14569974086535967
215,1293,1508,0.14571232380084725
214,1295,1509,0.14573485400721542
215,1293,1508,0.1457573264232159
217,1294,1511,0.14577504092880328
214,1300,1514,0.14578731965056352
218,1307,1525,0.14580641756940074
218,1309,1527,0.14581563923656
217,1294,1511,0.14582417633659858
213,1294,1507,0.14583465849600305
214,1290,1504,0.14585368936690288
210,1292,1502,0.14586828436837365
213,1304,1517,0.14589112166985085
219,1295,1514,0.14590527369534118
217,1295,1512,0.14590448492675157
212,1308,1520,0.14590697244751832
209,1309,1518,0.14592246213415386
203,1296,1499,0.14594439763787156
203,1295,1498,0.14597889808071485
204,1301,1505,0.14600993247835437
203,1293,1496,0.14603577834781378
201,1300,1501,0.14606265206276223
200,1310,1510,0.14609283769222706
201,1311,1512,0.1461240679219932
204,1304,1508,0.14615190602177397
206,1322,1528,0.14617116381225162
210,1314,1524,0.14618562094055826
211,1327,1538,0.14618774423063893
209,1324,1533,0.1461883163180203
210,1309,1519,0.1461932229374381
207,1309,1516,0.14619547688957085
208,1313,1521,0.14620651615421537
203,1320,1523,0.14621456344413514
204,1306,1510,0.14623428666990548
199,1309,1508,0.14625071284710955
205,1319,1524,0.14627838390046294
202,1317,1519,0.14629076188063647
201,1323,1524,0.14631056872430764
197,1320,1517,0.14633216737645757
196,1332,1528,0.14636059053273848
192,1334,1526,0.14638918245787402
196,1320,1516,0.14642555741699742
194,1320,1514,0.1464504515811348
193,1327,1520,0.1464779835568287
194,1318,1512,0.1465057058180181
196,1332,1528,0.14652945493451525
198,1333,1531,0.14654761222328033
197,1324,1521,0.14655917490521123
192,1328,1520,0.14657326575663163
194,1326,1520,0.14659646842387453
192,1331,1523,0.14661210540357927
189,1328,1517,0.14663369800940315
183,1332,1515,0.14666009087689194
182,1330,1512,0.14669781371959817
180,1329,1509,0.14673707774141015
178,1330,1508,0.14677873412590006
179,1331,1510,0.14682114856208764
184,1333,1517,0.14685836890260157
184,1329,1513,0.14687922147227223
186,1323,1509,0.14689960155395254
185,1331,1516,0.1469131849578037
181,1324,1505,0.14692909370070176
183,1327,1510,0.14695355384719094
184,1327,1511,0.1469723800609143
185,1332,1517,0.14698748869833142
176,1328,1504,0.14700007463810313
180,1324,1504,0.14703384575622136
176,1339,1515,0.1470572363164979
168,1338,1506,0.14708798478606805
171,1325,1496,0.14713550219633947
168,1330,1498,0.14717278337758954
169,1339,1508,0.14721392570378625
169,1349,1518,0.1472503477239417
166,1354,1520,0.1472842810444637
165,1354,1519,0.14732356083207104
168,1340,1508,0.1473629798240261
165,1343,1508,0.14739309741329662
167,1343,1510,0.14742926913252538
164,1347,1511,0.14745723804876346
162,1347,1509,0.1474897428709078
159,1358,1517,0.1475244671273361
158,1354,1512,0.1475640301227453
157,1356,1513,0.14760451421709536
154,1366,1520,0.14764483370890524
152,1359,1511,0.14768996413815347
151,1358,1509,0.14773569870484846
150,1362,1512,0.14777899933418767
149,1362,1511,0.14782219657363935
150,1356,1506,0.14786449177463562
151,1362,1513,0.14790068325047312
153,1363,1516,0.1479319150180796
148,1359,1507,0.14795601608217246
150,1357,1507,0.14799118961262742
156,1355,1511,0.14801939955565693
151,1361,1512,0.1480306188301013
150,1372,1522,0.1480529395966528
149,1371,1520,0.14807634569175449
149,1381,1530,0.1481005687613526
150,1375,1525,0.14812389037377285
153,1370,1523,0.14814245991730282
153,1369,1522,0.148153281972796
147,1374,1521,0.1481634157418782
145,1373,1518,0.1481867670961859
144,1362,1506,0.14821258723640296
150,1376,1526,0.14823876204838893
151,1372,1523,0.14824964222544773
148,1360,1508,0.1482574744941307
150,1375,1525,0.14827154599485637
149,1378,1527,0.14827955690483585
147,1378,1525,0.14829070341113737
150,1373,1523,0.14830613314519386
152,1361,1513,0.1483128965654522
154,1357,1511,0.14831406076970674
152,1365,1517,0.1483098078589903
155,1367,1522,0.1483104583120297
152,1374,1526,0.14830173093715057
154,1364,1518,0.14830170595624065
155,1349,1504,0.1482945678234183
157,1360,1517,0.14828449000316538
157,1355,1512,0.1482703280076259
160,1355,1515,0.14825943702768044
153,1368,1521,0.14824241266073568
157,1351,1508,0.14824406028755638
153,1367,1520,0.1482349370721623
154,1354,1508,0.14823592049068618
158,1365,1523,0.14823420797573397
157,1361,1518,0.14822214353386495
155,1359,1514,0.14821386125443137
153,1364,1517,0.14821063804101897
158,1351,1509,0.14821267458333154
161,1354,1515,0.1482018608339746
161,1343,1504,0.14818408246809128
160,1354,1514,0.1481683259190354
160,1348,1508,0.14815732146739913
158,1358,1516,0.14814727707355066
160,1356,1516,0.1481429611952773
161,1359,1520,0.14813429569330674
161,1357,1518,0.14812331664512096
165,1374,1539,0.1481122494596956
163,1366,1529,0.14809214453058067
162,1358,1520,0.1480777910871109
160,1354,1514,0.1480676954606884
163,1357,1520,0.14806363304212403
162,1368,1530,0.1480532065851886
164,1363,1527,0.14804588007912975
161,1373,1534,0.14803563097225766
157,1369,1526,0.14803289028947936
159,1350,1509,0.1480409740407505
155,1348,1503,0.14804233325934768
158,1347,1505,0.14805303677122883
158,1349,1507,0.1480569737503744
157,1333,1490,0.1480618594025635
161,1332,1493,0.1480674945162728
163,1339,1502,0.14806248302486294
158,1341,1499,0.14805126626637719
158,1350,1508,0.14805358137209243
158,1347,1505,0.148056849916593
154,1353,1507,0.1480606842978484
152,1362,1514,0.14807402464756747
152,1357,1509,0.14809212545602146
151,1362,1513,0.14810887716914053
152,1350,1502,0.14812623951676993
151,1354,1505,0.14814029228841322
150,1361,1511,0.14815632515553007
155,1346,1501,0.14817284879403483
155,1342,1497,0.148175590887146
159,1362,1521,0.14817753211349877
158,1354,1512,0.14816900975376637
159,1351,1510,0.14816288847349596
158,1347,1505,0.14815494637835347
159,1348,1507,0.1481507281982775
162,1342,1504,0.14814336659007699
159,1350,1509,0.1481301816308352
163,1343,1506,0.14812561764990545
166,1338,1504,0.1481115582049348
164,1339,1503,0.14809083232197662
164,1346,1510,0.14807622132032486
164,1347,1511,0.14806154006496858
163,1356,1519,0.14804903047254836
162,1345,1507,0.1480408962479699
162,1347,1509,0.1480368229944764
157,1341,1498,0.14803186715771152
157,1342,1499,0.14803978423758518
159,1351,1510,0.14804702508341028
155,1368,1523,0.14804892449459436
151,1355,1506,0.14806055690081507
156,1356,1512,0.14808171235124715
155,1358,1513,0.14808884799428448
155,1357,1512,0.1480979412312818
154,1360,1514,0.14810685735798546
155,1364,1519,0.14811682638288692
148,1346,1494,0.14812306173393464
145,1341,1486,0.14814545202755539
147,1337,1484,0.1481727407171742
151,1353,1504,0.14819287875451184
151,1373,1524,0.1482018688624825
150,1361,1511,0.14821022832698547
147,1366,1513,0.14822115704807953
151,1371,1522,0.1482392916567689
154,1372,1526,0.14824660134416445
152,1369,1521,0.14824463351347122
152,1371,1523,0.14824710054450313
153,1379,1532,0.14824969730575316
155,1374,1529,0.1482505486697482
161,1370,1531,0.14824726629552437
157,1372,1529,0.1482302285532686
158,1373,1531,0.1482245474001576
157,1357,1514,0.14821843811366667
159,1360,1519,0.1482143630231484
162,1349,1511,0.14820621769677142
160,1356,1516,0.14819089834309365
153,1367,1520,0.1481817184061545
154,1359,1513,0.14818771870721809
157,1354,1511,0.1481908161650581
156,1352,1508,0.148187365382641
149,1350,1499,0.1481867164139507
151,1360,1511,0.14820342269469744
152,1366,1518,0.14821566835025654
154,1366,1520,0.14822516087668178
154,1359,1513,0.14822949005312935
158,1359,1517,0.1482334671558039
159,1370,1529,0.14822611320333798
157,1362,1519,0.14821719005590114
153,1362,1515,0.1482137189043938
151,1361,1512,0.14822080375891009
155,1351,1506,0.14823214996784484
155,1363,1518,0.14823196077241302
159,1360,1519,0.14823179409755405
159,1360,1519,0.14822248781386652
156,1364,1520,0.14821334256713647
160,1353,1513,0.14821118964520558
155,1356,1511,0.1481980666923038
157,1358,1515,0.14819921194312402
152,1357,1509,0.1481955318962439
151,1350,1501,0.14820453939940006
154,1356,1510,0.14821646634591268
152,1374,1526,0.1482199690943361
153,1373,1526,0.1482291695099118
151,1376,1527,0.14823563005553025
154,1390,1544,0.14824725327294058
155,1377,1532,0.14825097380475094
157,1378,1535,0.1482506590082968
155,1373,1528,0.14824453748057093
154,1372,1526,0.1482428109412044
150,1361,1511,0.14824502174937948
152,1370,1522,0.14825594867332384
150,1380,1530,0.1482622269899411
148,1378,1526,0.1482729394205199
144,1385,1529,0.14828860328771296
143,1385,1528,0.1483135190052987
143,1380,1523,0.14833797061557827
142,1386,1528,0.1483617570598691
141,1369,1510,0.14838694012091727
139,1369,1508,0.14841416908533334
139,1375,1514,0.14844395151878204
136,1367,1503,0.14846848594759615
138,1368,1506,0.1484999467595349
136,1367,1503,0.1485243962742209
137,1360,1497,0.14855252983098047
136,1375,1511,0.1485751400104492
134,1373,1507,0.1485990557049763
133,1377,1510,0.1486263612023043
132,1377,1509,0.14865467473289606
132,1376,1508,0.14868416403182755
131,1390,1521,0.1487113711181942
135,1386,1521,0.14873896189908542
132,1378,1510,0.14875303399657072
132,1383,1515,0.1487730879199224
132,1387,1519,0.14879173483684519
134,1377,1511,0.14880960623264483
137,1374,1511,0.14882285818510488
138,1372,1510,0.1488271567105736
140,1377,1517,0.148828913867727
137,1373,1510,0.14882692024569671
140,1371,1511,0.14883277867928466
136,1382,1518,0.1488285404516818
139,1375,1514,0.14883365917918606
139,1376,1515,0.14883072576627218
137,1379,1516,0.1488296509997189
137,1379,1516,0.14883412334564228
133,1380,1513,0.1488377053643211
131,1389,1520,0.14885164108307275
130,1386,1516,0.14886961955118136
130,1390,1520,0.14888865650069932
128,1373,1501,0.14890668641975502
131,1378,1509,0.14892765058003105
130,1380,1510,0.1489388053799836
130,1381,1511,0.1489525045020646
132,1376,1508,0.14896393304995822
135,1376,1511,0.14897081481375257
133,1377,1510,0.14896915679339043
133,1377,1510,0.1489732092683331
132,1382,1514,0.14897733825545978
130,1368,1498,0.14898372098661203
131,1381,1512,0.14899588052629542
132,1368,1500,0.14900372752127905
136,1377,1513,0.14900938148532497
132,1383,1515,0.1490048753733292
133,1379,1512,0.14901080044107104
138,1374,1512,0.14901496009634102
135,1378,1513,0.14900320479303372
134,1384,1518,0.14900095763518922
136,1386,1522,0.14900134113694746
137,1388,1525,0.1489967411187101
134,1381,1515,0.14899101872446058
133,1387,1520,0.14899321040606658
133,1389,1522,0.1489969064573909
132,1383,1515,0.14900204346805976
130,1377,1507,0.14901057089892558
133,1386,1519,0.1490239804038875
129,1390,1519,0.14902693213521423
129,1391,1520,0.14903909661777381
129,1385,1514,0.1490503370920816
127,1396,1523,0.1490602399815904
126,1380,1506,0.14907435805642558
123,1394,1517,0.1490908748668606
120,1398,1518,0.14911367560057326
119,1397,1516,0.1491426782174335
120,1404,1524,0.14917140074076216
119,1405,1524,0.14919590936277743
118,1409,1527,0.14922155951980184
114,1398,1512,0.14924854259005008
116,1406,1522,0.1492837041224348
121,1406,1527,0.14931091444736638
119,1411,1530,0.14932466275299164
115,1397,1512,0.14934231061824427
116,1395,1511,0.14936747881591358
115,1410,1525,0.14938935367354486
116,1422,1538,0.14941279189480286
116,1413,1529,0.14943312423449615
121,1404,1525,0.14945003067137563
122,1398,1520,0.14945281356580714
121,1391,1512,0.14945396332892244
125,1392,1517,0.1494588135362654
121,1386,1507,0.14945234133233484
121,1390,1511,0.1494551050830345
123,1383,1506,0.14945755053057008
122,1384,1506,0.14945604968611687
121,1394,1515,0.14945714105365193
120,1398,1518,0.14946236919046846
123,1415,1538,0.14947001893202977
121,1409,1530,0.149471225043341
119,1407,1526,0.1494771600153976
121,1406,1527,0.14948853780453594
122,1407,1529,0.1494941784826885
125,1404,1529,0.14949665259380476
123,1403,1526,0.14949131860436934
120,1399,1519,0.1494916220918054
122,1399,1521,0.14949916707053915
121,1391,1512,0.14950138445270134
119,1408,1527,0.14950673531636097
116,1406,1522,0.14951713224736118
120,1405,1525,0.14953472606367824
120,1386,1506,0.14953854704780703
121,1386,1507,0.14954231727295758
122,1405,1527,0.14954176962421972
122,1393,1515,0.14953969399888417
122,1401,1523,0.14953843235249376
121,1391,1512,0.14953818619332046
122,1382,1504,0.14954009295855933
120,1390,1510,0.1495395797771415
123,1397,1520,0.1495424504267797
120,1403,1523,0.1495385277909385
116,1403,1519,0.14954186312180112
118,1413,1531,0.14955481642954374
115,1399,1514,0.14956177175312355
118,1397,1515,0.14957477637776115
123,1397,1520,0.14957970202703538
122,1382,1504,0.14956899629134557
123,1381,1504,0.14955971433564788
125,1384,1509,0.1495499740583898
125,1377,1502,0.14953650059148826
124,1388,1512,0.14952331726643167
124,1382,1506,0.14951398671328142
121,1389,1510,0.1495059194197313
118,1382,1500,0.14950574761501428
120,1401,1521,0.14951391749423454
120,1402,1522,0.14951571762936744
116,1403,1519,0.1495172496658688
112,1396,1508,0.1495297959984995
113,1389,1502,0.149550545750357
119,1390,1509,0.149567804102288
122,1389,1511,0.1495681270418973
119,1388,1507,0.14956193937782902
122,1395,1517,0.14956389416801602
120,1394,1514,0.14955685941037328
125,1391,1516,0.1495551390642772
130,1403,1533,0.1495416888459276
129,1399,1528,0.1495174912511331
126,1406,1532,0.1494980782734973
125,1398,1523,0.1494870407009053
123,1400,1523,0.14948008580392658
116,1397,1513,0.149479143092223
119,1398,1517,0.14949482817776846
118,1384,1502,0.1495023903901744
118,1382,1500,0.1495125517868841
120,1397,1517,0.14952262096511204
120,1389,1509,0.14952784169827474
120,1387,1507,0.14953218778984287
117,1392,1509,0.14953697654319179
113,1394,1507,0.14954915794116724
113,1399,1512,0.1495703199124475
117,1398,1515,0.14958849335735563
118,1396,1514,0.14959507831302157
113,1388,1501,0.14959807717691814
112,1373,1485,0.14961325888181487
115,1378,1493,0.14962845702587174
115,1388,1503,0.14963572490359328
110,1387,1497,0.14964334877673638
112,1401,1513,0.149663079612693
114,1399,1513,0.149675977892957
111,1402,1513,0.14968459949238666
112,1406,1518,0.1497008938021731
112,1403,1515,0.1497146660454187
113,1410,1523,0.1497277431980554
110,1413,1523,0.1497372223863598
108,1416,1524,0.14975384675583098
107,1416,1523,0.14977307437848586
108,1418,1526,0.149793728147849
112,1412,1524,0.14981073023131405
110,1419,1529,0.14981770812182152
108,1420,1528,0.14982821309983405
105,1415,1520,0.14984313637192692
105,1403,1508,0.14986428294122878
107,1406,1513,0.14988365418174965
105,1412,1517,0.1498964249853952
107,1421,1528,0.149913473851963
104,1416,1520,0.1499233095490985
103,1417,1520,0.14994134417703575
102,1418,1520,0.14995954523380878
103,1415,1518,0.14997970066609306
104,1402,1506,0.14999565265897963
102,1412,1514,0.15000802789913048
105,1416,1521,0.15002472518660526
107,1416,1523,0.15003353037396983
105,1412,1517,0.15003667949632057
105,1416,1521,0.15004482164162594
101,1417,1518,0.15005291880396399
101,1402,1503,0.15007045212279413
101,1413,1514,0.1500849495749104
102,1400,1502,0.15009898466668267
102,1400,1502,0.15010901761591378
100,1407,1507,0.15011842492588923
102,1418,1520,0.1501317432209013
102,1419,1521,0.15013943234987553
101,1417,1518,0.15014662239512938
101,1421,1522,0.15015565080408744
105,1414,1519,0.15016328642615176
103,1419,1522,0.15015988460958873
100,1394,1494,0.15016117232215762
102,1412,1514,0.1501701469082608
102,1416,1518,0.15017482138360164
101,1414,1515,0.15017918364542815
103,1419,1522,0.15018547278259917
104,1408,1512,0.1501860109728307
101,1401,1502,0.15018314611447248
102,1399,1501,0.15018761423700158
103,1405,1508,0.15018861318254687
100,1396,1496,0.15018790577472277
100,1388,1488,0.15019567526131922
99,1406,1505,0.1502033857159925
99,1411,1510,0.15021300473296442
97,1408,1505,0.1502221989633837
97,1412,1509,0.15023584788129568
96,1416,1512,0.15024853592245452
96,1420,1516,0.15026181924943594
98,1425,1523,0.1502749590536018
99,1420,1519,0.15028325237183082
95,1421,1516,0.15028751840911334
96,1417,1513,0.15030081486328004
96,1417,1513,0.15031184560713018
96,1419,1515,0.15032164160455616
97,1424,1521,0.15033158446451503
100,1425,1525,0.15033718568787507
99,1419,1518,0.15033464290328066
98,1415,1513,0.15033432640628278
99,1419,1518,0.15033625596740557
101,1419,1520,0.15033524391810613
99,1425,1524,0.15032917111037583
102,1429,1531,0.15032727347439032
101,1434,1535,0.15031883830175619
98,1423,1521,0.15031264347835455
98,1427,1525,0.1503138173835633
94,1421,1515,0.15031533989407922
94,1410,1504,0.15032672858271728
97,1410,1507,0.15033888093867645
98,1418,1516,0.15034296940314998
99,1416,1515,0.15034327919895396
98,1416,1514,0.1503411674599563
97,1409,1506,0.15034215500908124
92,1406,1498,0.1503446381027941
95,1429,1524,0.1503598672060181
95,1420,1515,0.15036773983713986
93,1426,1519,0.1503749413434354
90,1422,1512,0.15038627885853867
88,1424,1512,0.15040501392727676
88,1433,1521,0.15042593392832473
88,1429,1517,0.15044515912008588
85,1426,1511,0.15046341936993585
87,1424,1511,0.15048825263723845
86,1422,1508,0.15050590765215735
87,1425,1512,0.15052519114924018
88,1438,1526,0.15054165146641052
89,1431,1520,0.15055480675908522
88,1426,1514,0.1505643917069014
87,1430,1517,0.1505748917539109
85,1438,1523,0.15058586204014424
85,1434,1519,0.15060174275887933
86,1431,1517,0.15061594200331646
87,1427,1514,0.15062675624147961
85,1438,1523,0.1506346035384207
81,1427,1508,0.1506463979923148
81,1435,1516,0.15066776480238925
81,1425,1506,0.15068779885199912
81,1424,1505,0.15070660291026425
83,1427,1510,0.15072514210662574
84,1423,1507,0.15073646966942855
87,1419,1506,0.15074482460652788
85,1424,1509,0.15074369310710486
85,1424,1509,0.15074740227840686
85,1422,1507,0.1507516290068367
89,1428,1517,0.1507570427264611
90,1429,1519,0.15075193651232566
92,1421,1513,0.1507447515274511
93,1432,1525,0.15073287245774497
96,1433,1529,0.15071854121735512
95,1432,1527,0.15069753816946052
95,1429,1524,0.15068059293335304
94,1427,1521,0.15066560307528626
94,1436,1530,0.1506550204915005
90,1427,1517,0.15064426755625404
86,1412,1498,0.15064380573797745
87,1418,1505,0.15065363297753762
85,1432,1517,0.15066119446697843
86,1429,1515,0.15067302746266978
88,1431,1519,0.1506816217943511
87,1431,1518,0.1506850390820271
85,1427,1512,0.15069040842947928
81,1421,1502,0.15070057135467316
79,1425,1504,0.15072118434021287
83,1420,1503,0.15074561280677048
81,1430,1511,0.15075932461103073
83,1433,1516,0.1507763387767781
85,1424,1509,0.15078650683479716
87,1433,1520,0.15079032458913555
89,1434,1523,0.15078843353685667
89,1434,1523,0.15078157485995544
87,1428,1515,0.1507754561997796
85,1419,1504,0.15077527357809875
85,1418,1503,0.15077928676361868
82,1420,1502,0.15078317012637568
80,1439,1519,0.1507948610424113
82,1436,1518,0.15081019964982215
80,1442,1522,0.15082007926891217
80,1439,1519,0.15083487195049755
81,1439,1520,0.15084923732530395
78,1446,1524,0.15085910095340607
75,1448,1523,0.1508768290691864
75,1456,1531,0.15090101995968236
73,1454,1527,0.1509240196667901
72,1451,1523,0.15095050963969123
72,1442,1514,0.15097784777782497
72,1442,1514,0.15100382622436098
71,1450,1521,0.1510281960896667
68,1442,1510,0.151052096783535
72,1431,1503,0.15108236142156478
70,1445,1515,0.15110130902414037
73,1452,1525,0.1511227879137285
71,1454,1525,0.15113580658405973
72,1452,1524,0.15115306531656325
70,1466,1536,0.15116642985965753
71,1466,1537,0.1511840266582679
68,1459,1527,0.15119873537517503
69,1447,1516,0.15121999631806946
64,1437,1501,0.1512370739909708
63,1428,1491,0.15126561118232984
60,1429,1489,0.15129418413215304
62,1422,1484,0.15132793553665336
61,1425,1486,0.1513547269914691
60,1434,1494,0.15138235655050186
60,1437,1497,0.15140962426268154
59,1432,1491,0.15143551407817135
55,1440,1495,0.15146234719212073
57,1435,1492,0.151496695506435
57,1447,1504,0.15152312654978675
56,1461,1517,0.1515478330207367
57,1472,1529,0.1515736227482053
59,1469,1528,0.15159481189923865
60,1470,1530,0.1516097902580265
61,1467,1528,0.15162126150218985
63,1472,1535,0.1516286272897024
63,1479,1542,0.151630060312854
64,1471,1535,0.1516293667045614
64,1461,1525,0.15162643840249593
64,1461,1525,0.15162375561901634
65,1457,1522,0.1516217487704297
63,1462,1525,0.15161761530636597
59,1453,1512,0.15161887594365153
63,1449,1512,0.1516307695649537
64,1454,1518,0.1516306689379403
65,1461,1526,0.15162803707095027
62,1456,1518,0.15162318004191414
61,1452,1513,0.1516258648883187
61,1455,1516,0.15163108161433053
60,1447,1507,0.15163608559523875
65,1447,1512,0.15164358754987334
66,1449,1515,0.15163669974546667
66,1447,1513,0.15162803454987783
66,1428,1494,0.15162001287281424
65,1445,1510,0.1516125469770321
65,1435,1500,0.15160807018741057
66,1446,1512,0.1516044858271689
65,1457,1522,0.15159908648109138
65,1464,1529,0.1515962120809507
69,1451,1520,0.15159360720428627
65,1460,1525,0.15158088017183627
63,1448,1511,0.1515801295504328
67,1447,1514,0.15158447123165691
65,1440,1505,0.15157764103527938
68,1443,1511,0.15157672814748419
70,1435,1505,0.15156785505280118
70,1435,1505,0.1515554121987079
70,1440,1510,0.15154268106755997
70,1434,1504,0.15153089667478256
72,1435,1507,0.15152003866374053
73,1427,1500,0.15150511121904597
73,1436,1509,0.15148940285182075
72,1431,1503,0.15147360849171088
71,1440,1511,0.15146053547603391
71,1442,1513,0.15145093302925813
77,1424,1501,0.15144287853093114
78,1419,1497,0.15141768190805216
79,1433,1512,0.15139143387254075
80,1437,1517,0.15136450504610835
81,1426,1507,0.15133779438294354
80,1433,1513,0.15131148557569354
79,1436,1515,0.15128973505182577
80,1434,1514,0.15127250774081552
77,1441,1518,0.15125338580963438
76,1434,1510,0.15124357308219658
76,1438,1514,0.15123783603307875
74,1441,1515,0.1512333348065475
74,1447,1521,0.15123339526869561
74,1436,1510,0.15123468968007978
75,1437,1512,0.15123523399673222
73,1443,1516,0.1512336695541766
73,1447,1520,0.1512371586303074
77,1449,1526,0.15124045725165833
73,1450,1523,0.15123376738387811
75,1445,1520,0.15123680566865694
73,1445,1518,0.15123574587149036
74,1440,1514,0.1512399469521546
76,1424,1500,0.1512405253752642
73,1437,1510,0.15123674387114805
73,1450,1523,0.15124074998180842
71,1452,1523,0.1512451876861502
69,1445,1514,0.1512536485276345
72,1448,1520,0.1512658252570799
73,1441,1514,0.1512700074224439
71,1440,1511,0.15127124543937145
71,1446,1517,0.1512777054128671
73,1448,1521,0.15128268520974786
73,1445,1518,0.15128287790923842
76,1443,1519,0.15128300591488417
73,1432,1505,0.15127526226720245
71,1438,1509,0.15127594787584464
69,1435,1504,0.15128201951145673
69,1453,1522,0.151292975635156
67,1455,1522,0.15130290683804318
65,1453,1518,0.15131774052589514
68,1456,1524,0.15133678249860916
66,1450,1516,0.15134622058017114
65,1447,1512,0.15136027009111375
61,1459,1520,0.1513764390822952
61,1467,1528,0.1514013343248234
60,1464,1524,0.15142505506964996
59,1458,1517,0.15145006439238615
57,1453,1510,0.1514761756201754
59,1447,1506,0.15150472774975465
58,1452,1510,0.1515259407617476
60,1451,1511,0.15154756837999087
61,1446,1507,0.15156220250480973
62,1454,1516,0.15157336419263578
63,1459,1522,0.15158048978969696
61,1453,1514,0.15158520508327414
59,1448,1507,0.15159490415584959
61,1454,1515,0.15160878976825887
64,1447,1511,0.15161786050471465
65,1452,1517,0.15161790821943036
65,1443,1508,0.15161559205776298
62,1438,1500,0.15161333289495896
64,1441,1505,0.1516182560221381
67,1452,1519,0.15161773098488723
64,1456,1520,0.151609044981836
64,1448,1512,0.15160947769843866
66,1443,1509,0.1516096238386022
65,1441,1506,0.15160494974913963
65,1457,1522,0.1516018613584366
62,1466,1528,0.1515990343559174
61,1465,1526,0.1516042026576717
61,1463,1524,0.15161219414134183
61,1461,1522,0.1516199335303953
60,1453,1513,0.1516271504760284
60,1458,1518,0.1516362893036107
60,1448,1508,0.1516455466466778
60,1452,1512,0.15165372365779262
60,1457,1517,0.15166127550839362
59,1449,1508,0.15166887245216462
58,1449,1507,0.15167896722184543
58,1458,1516,0.15169158899505444
59,1458,1517,0.1517022849524129
58,1451,1509,0.1517105438391329
58,1454,1512,0.1517205901966553
58,1452,1510,0.1517298232377268
56,1453,1509,0.15173906700845585
56,1465,1521,0.15175302058884782
58,1456,1514,0.1517652573649549
55,1469,1524,0.15177209888262894
51,1463,1514,0.15178664790944438
51,1459,1510,0.15180972909776216
52,1444,1496,0.1518318771355064
51,1452,1503,0.151849902620258
49,1450,1499,0.15186961822364625
47,1456,1503,0.15189273971261824
48,1465,1513,0.1519199379863244
48,1473,1521,0.15194262888057625
48,1465,1513,0.15196288356740503
49,1466,1515,0.15198138340862924
49,1479,1528,0.15199601659049367
48,1475,1523,0.1520097265838661
50,1481,1531,0.1520246837367059
51,1480,1531,0.1520329965660327
49,1480,1529,0.15203842746924306
48,1478,1526,0.15204870821407315
49,1483,1532,0.1520611365579433
50,1454,1504,0.1520707444175353
49,1451,1500,0.15207696958093336
49,1466,1515,0.1520857031885036
51,1475,1526,0.15209432914894422
50,1457,1507,0.1520974995916897
50,1465,1515,0.15210294577370906
49,1480,1529,0.15210850423047256
50,1483,1533,0.15211635153503905
49,1478,1527,0.15212170700061253
47,1471,1518,0.15212942359517576
47,1473,1520,0.15214153022477325
46,1472,1518,0.15215314326099186
43,1469,1512,0.15216662347482146
44,1462,1506,0.15218640521311344
43,1475,1518,0.15220211852332832
42,1475,1517,0.15221831604194005
42,1482,1524,0.1522358987792048
39,1480,1519,0.15225228236133428
39,1477,1516,0.15227471502734555
41,1469,1510,0.15229606134263388
40,1473,1513,0.15231114238147428
40,1483,1523,0.15232816841567062
39,1475,1514,0.15234410118615402
37,1472,1509,0.15236167125141353
37,1474,1511,0.15238182536911715
38,1470,1508,0.15240103607363728
41,1474,1515,0.15241616205972647
41,1471,1512,0.15242260617658338
42,1473,1515,0.1524291050411581
40,1482,1522,0.15243198371059255
39,1488,1527,0.15244026169623545
41,1475,1516,0.15245013504244415
40,1468,1508,0.15245505448017105
42,1476,1518,0.15246244059311934
41,1461,1502,0.1524635158768723
42,1471,1513,0.1524674527722816
40,1473,1513,0.15246842459684765
41,1475,1516,0.15247449241651498
39,1481,1520,0.1524782597750211
38,1482,1520,0.1524867563617103
39,1478,1517,0.15249734520067987
41,1474,1515,0.15250441650312246
40,1468,1508,0.15250521380574056
42,1454,1496,0.1525089114699949
39,1461,1500,0.15250722324877486
39,1467,1506,0.1525135881062865
41,1480,1521,0.15251992661088207
39,1484,1523,0.15252087768951905
36,1475,1511,0.15252654253497558
37,1474,1511,0.15253964947672474
36,1485,1521,0.15254987109233847
36,1479,1515,0.15256218271703081
36,1474,1510,0.15257389809796798
36,1479,1515,0.15258421405983605
36,1475,1511,0.1525939535694533
38,1474,1512,0.15260271785807836
36,1466,1502,0.1526055948697782
36,1471,1507,0.15261224749659452
37,1484,1521,0.15261890860164887
38,1484,1522,0.15262255010997872
38,1480,1518,0.15262339438008599
38,1485,1523,0.15262338881994952
39,1488,1527,0.15262323900165822
38,1483,1521,0.1526207298297665
38,1483,1521,0.15262087835420776
39,1486,1525,0.1526207406901883
39,1487,1526,0.15261804119523056
39,1492,1531,0.15261608065986798
39,1487,1526,0.152614743157303
39,1489,1528,0.1526131541789328
38,1485,1523,0.152612149055373
40,1482,1522,0.15261392353816028
41,1466,1507,0.1526098707440527
41,1462,1503,0.1526041500843198
42,1471,1513,0.15259924266998035
39,1468,1507,0.15259110769179318
37,1473,1510,0.15259036276906288
34,1473,1507,0.15259488531607734
34,1481,1515,0.15260642324614718
35,1481,1516,0.1526169797553044
36,1491,1527,0.15262507287417645
36,1495,1531,0.1526299558559205
35,1492,1527,0.15263501786616046
35,1484,1519,0.15264278187591418
33,1496,1529,0.1526493287235871
34,1492,1526,0.15266054190486897
33,1497,1530,0.1526680390328104
35,1490,1525,0.1526777909181562
35,1493,1528,0.15268256500632815
35,1499,1534,0.15268657206801528
34,1507,1541,0.1526905316660632
36,1502,1538,0.15269713489850287
36,1488,1524,0.15269782377594837
38,1469,1507,0.15269818115335482
38,1481,1519,0.15269272522356495
36,1480,1516,0.1526882490410135
35,1488,1523,0.15268909199785616
35,1489,1524,0.15269280128042273
36,1494,1530,0.1526967010386005
35,1497,1532,0.15269767342071158
35,1494,1529,0.15270195395060637
36,1484,1520,0.152706248695322
33,1477,1510,0.1527073706586178
32,1485,1517,0.15271573826278342
33,1480,1513,0.15272621189397828
31,1484,1515,0.15273317793185393
33,1481,1514,0.1527447267322951
34,1469,1503,0.15274949267979537
36,1470,1506,0.15275131819760643
37,1472,1509,0.15274790514442482
36,1479,1515,0.15274220812788147
36,1471,1507,0.1527397268632641
36,1483,1519,0.1527379202063401
34,1479,1513,0.15273582385661125
34,1481,1515,0.15273889729822795
34,1483,1517,0.15274223058662698
33,1475,1508,0.15274492098106804
33,1473,1506,0.15274992188340442
35,1470,1505,0.152755017767426
33,1471,1504,0.1527537180851926
34,1486,1520,0.1527585382329114
34,1477,1511,0.15276017760438973
34,1486,1520,0.15276213197128916
35,1470,1505,0.15276331604762733
35,1462,1497,0.15276202899093988
34,1481,1515,0.15275953318936883
35,1492,1527,0.15276009197622048
35,1478,1513,0.15275863852408933
33,1479,1512,0.15275774064039804
31,1475,1506,0.1527619014894773
31,1471,1502,0.15277095406721913
30,1484,1514,0.15277975587799542
29,1491,1520,0.1527908856694576
29,1496,1525,0.15280406212772565
29,1491,1520,0.15281601383189322
29,1501,1530,0.1528266677728269
29,1487,1516,0.15283627977254366
28,1486,1514,0.1528456102945853
29,1485,1514,0.1528568596956825
30,1480,1510,0.15286455670514545
30,1467,1497,0.15286742638227546
30,1485,1515,0.1528706327661565
30,1481,1511,0.1528741808938136
28,1480,1508,0.15287719325914434
28,1467,1495,0.15288528132010007
29,1477,1506,0.1528933807114856
30,1481,1511,0.15289834981045067
30,1473,1503,0.1529008098993793
29,1494,1523,0.15290280634436557
28,1497,1525,0.15290752608341301
28,1502,1530,0.15291481582776234
29,1507,1536,0.15292203668368778
28,1497,1525,0.15292609387801093
29,1490,1519,0.15293276920610485
30,1480,1510,0.15293609779922568
31,1487,1518,0.15293697354760688
31,1492,1523,0.15293494215297954
30,1480,1510,0.1529334488134755
31,1482,1513,0.1529328032391161
31,1482,1513,0.1529310212300145
30,1484,1514,0.15292976573938877
29,1487,1516,0.15293121645657956
28,1488,1516,0.15293532026455067
24,1495,1519,0.15294177583722704
23,1503,1526,0.1529579447200119
24,1506,1530,0.1529755117505396
23,1497,1520,0.15298982514122286
23,1496,1519,0.1530057871354483
23,1499,1522,0.1530208651432385
22,1499,1521,0.15303509810765287
22,1487,1509,0.15305097102835918
22,1495,1517,0.15306592936241617
22,1490,1512,0.15308001938150193
22,1485,1507,0.15309328593320395
21,1487,1508,0.15310577233695466
20,1487,1507,0.153119726963281
18,1504,1522,0.153135294394673
19,1505,1524,0.15315464056674893
20,1496,1516,0.15316966853272965
20,1500,1520,0.15318146715639988
21,1497,1518,0.15319265680656372
20,1491,1511,0.15320016052965751
19,1486,1505,0.15321039050486995
20,1488,1508,0.1532222855391586
20,1501,1521,0.15323123362449279
20,1491,1511,0.153239699159759
19,1504,1523,0.1532477032894144
19,1496,1515,0.15325770626011784
19,1496,1515,0.1532664690845793
17,1510,1527,0.15327485419805675
18,1512,1530,0.15328761501816093
16,1511,1527,0.15329722188841544
15,1503,1518,0.1533107497114364
15,1502,1517,0.15332578267533264
13,1498,1511,0.15333974137659803
15,1499,1514,0.15335762200221073
14,1496,1510,0.15336894692791123
13,1509,1522,0.15338224228530753
12,1501,1513,0.15339719682328795
13,1500,1513,0.15341353270091138
14,1513,1527,0.15342636063982462
13,1512,1525,0.1534353802624585
14,1506,1520,0.15344647824068125
14,1500,1514,0.1534546758079803
14,1505,1519,0.15346257960841922
14,1500,1514,0.15347018287170813
14,1506,1520,0.15347748221782667
12,1496,1508,0.15348447708768437
13,1480,1493,0.15349586296288067
14,1489,1503,0.1535035125515405
13,1501,1514,0.15350765559245189
14,1511,1525,0.15351413268708927
14,1508,1522,0.1535171782027604
13,1500,1513,0.15352034955003177
13,1498,1511,0.15352591860565945
13,1496,1509,0.1535313794639008
14,1511,1525,0.15353670848691864
14,1507,1521,0.15353844509354098
14,1512,1526,0.15354035929382762
13,1506,1519,0.15354240388070026
13,1510,1523,0.1535467954586432
13,1509,1522,0.15355110919254103
13,1511,1524,0.1535553254756738
13,1513,1526,0.1535594289793416
13,1518,1531,0.15356340800466525
12,1513,1525,0.1535672539224045
12,1513,1525,0.15357344495599345
12,1508,1520,0.15357887574138304
12,1501,1513,0.15358409228610764
11,1497,1508,0.1535890917965136
12,1504,1516,0.15359620924841205
12,1504,1516,0.15360050362574065
11,1515,1526,0.1536046266829945
12,1511,1523,0.15361093614071275
12,1500,1512,0.15361449603371946
12,1499,1511,0.15361790755847507
11,1512,1523,0.1536211708262688
11,1512,1523,0.15362676570940262
11,1525,1536,0.15363206303150276
10,1506,1516,0.15363707533254248
10,1505,1515,0.15364399070887697
10,1503,1513,0.15365051319478543
6,1515,1521,0.15365666170463357
8,1507,1515,0.15367182701642668
9,1500,1509,0.15368139333653083
9,1516,1525,0.1536879295914744
9,1508,1517,0.15369412362640544
9,1502,1511,0.15369998932929088
9,1521,1530,0.15370554058755018
9,1520,1529,0.1537107911862185
9,1504,1513,0.15371575472458748
9,1494,1503,0.1537204445487137
7,1497,1504,0.15372428111620842
7,1504,1511,0.15373316743790924
7,1504,1511,0.15374153403899768
8,1503,1511,0.15374940885914856
8,1507,1515,0.1537536341683863
7,1507,1514,0.15375771331013596
7,1501,1508,0.1537639730007514
7,1506,1513,0.15376993635001981
7,1502,1509,0.15377560963216866
7,1503,1510,0.1537810003092792
7,1512,1519,0.15378611675300088
6,1521,1527,0.1537909680100803
6,1522,1528,0.15379784928760432
6,1513,1519,0.15380434780569785
6,1513,1519,0.1538104809722564
6,1518,1524,0.15381626597693546
6,1512,1518,0.1538217196907979
6,1516,1522,0.15382685858702402
6,1512,1518,0.1538316986794573
6,1524,1530,0.15383625547620675
5,1510,1515,0.1538405439459161
6,1505,1511,0.15384686735350894
6,1506,1512,0.1538504495782589
6,1505,1511,0.15385382637969347
6,1515,1521,0.15385700809263497
4,1504,1508,0.153860004738696
4,1506,1510,0.15386741059587744
6,1516,1522,0.15387436773756044
5,1528,1533,0.15387604245935804
5,1526,1531,0.15388010973726576
5,1517,1522,0.1538839421815957
5,1515,1520,0.15388755162760617
5,1511,1516,0.15389094955379007
5,1503,1508,0.15389414705505447
5,1516,1521,0.15389715482368171
4,1527,1531,0.15389998313684364
4,1526,1530,0.15390511048364716
4,1510,1514,0.15390992840126447
4,1514,1518,0.15391445492033445
4,1504,1508,0.1539187071073473
5,1500,1505,0.1539227011045729
5,1503,1508,0.15392323133352975
5,1509,1514,0.15392383246582894
5,1505,1510,0.1539244882713078
5,1495,1500,0.15392518488510112
5,1496,1501,0.15392591050459642
5,1515,1520,0.15392665512315698
6,1502,1508,0.15392741029627308
6,1512,1518,0.15392508543188155
6,1515,1521,0.15392304267049242
6,1513,1519,0.15392124847324049
6,1523,1529,0.1539196732917549
6,1526,1532,0.15391829108918612
6,1511,1517,0.1539170789193586
6,1507,1513,0.15391601655691933
6,1508,1514,0.15391508617223487
6,1507,1513,0.15391427204556238
6,1504,1510,0.1539135603156973
6,1499,1505,0.15391293875889184
6,1505,1511,0.15391239659435627
6,1501,1507,0.1539119243131104
7,1518,1525,0.15391151352734933
7,1505,1512,0.15390797489112418
7,1506,1513,0.15390477995770666
6,1508,1514,0.1539018925954871
6,1504,1510,0.1539016935422864
7,1501,1508,0.15390158495168932
6,1511,1517,0.15389832956137878
6,1508,1514,0.1538981724976699
6,1510,1516,0.1538981257781404
6,1511,1517,0.15389817018395022
6,1507,1513,0.1538982891926975
6,1510,1516,0.15389846862946407
5,1515,1520,0.15389869636138198
5,1503,1508,0.15390165578587134
5,1500,1505,0.15390443670104362
5,1515,1520,0.15390704902956887
5,1507,1512,0.15390950225910674
5,1509,1514,0.15391180544430152
5,1531,1536,0.15391396721191503
5,1519,1524,0.1539159957684893
5,1509,1514,0.15391789891002186
5,1499,1504,0.15391968403321257
5,1503,1508,0.15392135814790697
5,1509,1514,0.1539229278904211
6,1514,1520,0.15392439953747938
5,1507,1512,0.15392262464856293
5,1516,1521,0.15392331291192726
4,1506,1510,0.15392404502458348
4,1507,1511,0.1539270663444617
4,1503,1507,0.15392996859718217
4,1496,1500,0.15393274980702645
3,1513,1516,0.1539354093663636
3,1511,1514,0.1539402553400633
3,1515,1518,0.15394484119872065
3,1510,1513,0.1539491773847591
3,1506,1509,0.15395327446816595
3,1512,1515,0.15395714303441504
3,1508,1511,0.1539607935932613
3,1512,1515,0.15396423650525407
3,1518,1521,0.1539674819232629
4,1517,1521,0.15397053974668795
4,1514,1518,0.15397021458887683
5,1518,1523,0.1539700161654174
5,1526,1531,0.15396671849925406
5,1515,1520,0.1539640238802324
5,1527,1532,0.15396163021598205
5,1525,1530,0.15395950241203643
5,1523,1528,0.15395760957912008
5,1529,1534,0.15395592452041432
5,1519,1524,0.15395442328207706
5,1517,1522,0.15395308475914832
5,1514,1519,0.1539518903499551
5,1507,1512,0.15395082365299506
5,1513,1518,0.15394987020102685
5,1512,1517,0.15394901722775803
5,1507,1512,0.15394825346309268
6,1506,1512,0.15394756895340836
6,1508,1514,0.15394373927200938
6,1516,1522,0.153940269276186
7,1523,1530,0.15393638424135728
7,1515,1522,0.15393046735682725
7,1513,1520,0.15392509311492122
7,1520,1527,0.15392020660282227
7,1518,1525,0.15391575893074322
7,1515,1522,0.15391170653223918
6,1508,1514,0.15390801054889686
6,1495,1501,0.15390729392214805
6,1498,1504,0.1539066774957957
6,1505,1511,0.15390614843595854
6,1504,1510,0.15390569550126262
7,1499,1506,0.1539053088472854
7,1503,1510,0.15390184072345034
7,1508,1515,0.15389871447239498
7,1515,1522,0.15389589492578057
7,1512,1519,0.15389335065897566
6,1526,1532,0.15389105358193497
5,1518,1523,0.15389137767766625
5,1520,1525,0.15389417135205263
5,1520,1525,0.15389685042473966
5,1513,1518,0.15389941492199122
5,1527,1532,0.15390186571347816
5,1539,1544,0.15390420435956448
5,1520,1525,0.15390643297999002
5,1501,1506,0.15390855414120538
5,1498,1503,0.15391057075995052
4,1497,1501,0.15391248602097024
4,1495,1499,0.15391671157050918
4,1496,1500,0.15392068029056627
4,1510,1514,0.15392440678857214
4,1510,1514,0.15392790497774922
3,1503,1506,0.1539311880905375
3,1508,1511,0.15393659118734987
3,1510,1513,0.15394166533231998
3,1518,1521,0.15394643013440035
3,1532,1535,0.1539509040869617
3,1531,1534,0.15395510462442308
3,1529,1532,0.15395904817691985
3,1525,1528,0.15396275022294062
3,1525,1528,0.15396622533989351
3,1529,1532,0.15396948725258322
3,1519,1522,0.15397254887959985
3,1520,1523,0.15397542237763673
3,1528,1531,0.15397811918376642
3,1527,1530,0.15398065005571435
3,1515,1518,0.15398302511017825
4,1519,1523,0.15398525385924786
4,1511,1515,0.15398418139209863
4,1513,1517,0.1539832717243549
4,1510,1514,0.15398250375767839
4,1508,1512,0.15398185896887454
3,1514,1517,0.15398132110360058
3,1519,1522,0.15398318794974564
3,1514,1517,0.15398499528728857
3,1518,1521,0.15398674025624948
3,1509,1512,0.1539884209373334
3,1495,1498,0.15399003620452364
3,1503,1506,0.1539915855972259
3,1505,1508,0.1539930692095305
4,1509,1513,0.1539944875944577
4,1508,1512,0.1539926220349073
4,1518,1522,0.15399099072325995
5,1524,1529,0.15398956425279775
6,1507,1513,0.15398519297706836
6,1511,1517,0.15397806301511074
6,1511,1517,0.15397163054080568
6,1507,1513,0.1539658232392068
6,1513,1519,0.15396057665196897
6,1518,1524,0.1539558332922879
6,1515,1521,0.15395154186234594
6,1511,1517,0.15394765656113546
6,1503,1509,0.1539441364719899
8,1507,1515,0.15394094502043426
8,1508,1516,0.15393173642680094
6,1513,1519,0.15392338893463
6,1512,1518,0.15392064953431187
6,1515,1521,0.1539182785831168
5,1510,1515,0.15391622923678613
4,1521,1525,0.15391682811633736
4,1505,1509,0.153919883310985
5,1515,1520,0.15392286582200373
5,1498,1503,0.1539225258721931
5,1505,1510,0.1539223971707573
6,1510,1516,0.15392244242838793
6,1511,1517,0.1539199383920075
6,1507,1513,0.15391776255431272
5,1517,1522,0.15391587383970073
5,1526,1531,0.15391669748800182
5,1525,1530,0.15391757124272648
6,1512,1518,0.15391847790377486
5,1505,1510,0.15391650854272226
5,1511,1516,0.1539171896459179
5,1508,1513,0.1539179334794185
5,1495,1500,0.15391872159514242
5,1508,1513,0.1539195386541815
5,1507,1512,0.15392037197248126
5,1500,1505,0.1539212111292263
5,1515,1520,0.15392204762950193
5,1508,1513,0.15392287461392096
5,1498,1503,0.15392368660887645
5,1507,1512,0.1539244793119232
5,1514,1519,0.15392524940752353
5,1522,1527,0.15392599440902704
5,1522,1527,0.15392671252330556
4,1514,1518,0.15392740253494328
4,1511,1515,0.15393051164622132
4,1509,1513,0.15393343457961478
3,1519,1522,0.15393618123456526
3,1531,1534,0.1539412184961775
3,1524,1527,0.15394594823737168
2,1510,1512,0.15395038861787508
2,1502,1504,0.15395692670090497
2,1523,1525,0.15396306742707982
2,1526,1528,0.15396883435396758
2,1533,1535,0.1539742497216311
2,1522,1524,0.15397933451574208
2,1509,1511,0.15398410852915329
2,1509,1511,0.15398859042172333
2,1516,1518,0.15399279777824215
2,1512,1514,0.15399674716434536
2,1517,1519,0.15400045418034253
2,1513,1515,0.15400393351291308
2,1526,1528,0.15400719898465018
2,1532,1534,0.15401026360145084
1,1528,1529,0.15401313959777074
1,1526,1527,0.15401825884336237
1,1524,1525,0.15402306530938373
1,1533,1534,0.15402757771351636
1,1528,1529,0.1540318137144067
1,1519,1520,0.1540357899624425
1,1520,1521,0.1540395221495041
1,1523,1524,0.15404302505745704
1,1518,1519,0.15404631260520898
1,1524,1525,0.15404939789419939
1,1527,1528,0.15405229325222952
1,1519,1520,0.15405501027557147
1,1518,1519,0.15405755986932312
1,1529,1530,0.15405995228599426
1,1525,1526,0.15406219716233166
1,1530,1531,0.1540643035543999
1,1525,1526,0.15406627997094982
1,1508,1509,0.15406813440511435
1,1502,1503,0.1540698743644776
1,1501,1502,0.1540715068995689
1,1522,1523,0.15407303863083777
1,1520,1521,0.15407447577416705
1,1511,1512,0.15407582416498417
1,1511,1512,0.15407708928103067
1,1509,1510,0.15407827626385
1,1519,1520,0.15407938993905412
1,1514,1515,0.15408043483542694
1,1508,1509,0.1540814152029237
1,1510,1511,0.15408233502962093
1,1507,1508,0.15408319805767293
1,1503,1504,0.1540840077983265
1,1507,1508,0.15408476754604558
1,1529,1530,0.15408548039179398
1,1518,1519,0.15408614923552238
1,1512,1513,0.154086776797906
1,1524,1525,0.15408736563137326
1,1514,1515,0.15408791813046807
1,1508,1509,0.15408843654158227
1,1512,1513,0.15408892297209711
1,1519,1520,0.15408937939896597
1,1521,1522,0.15408980767677352
1,1507,1508,0.15409020954530078
1,1512,1513,0.1540905866366262
1,1520,1521,0.1540909404817907
1,1514,1515,0.1540912725170522
0,1513,1513,0.15409158408975554
