1366,30,1396,0.13579578108494705
1402,32,1434,0.132954812327839
1435,28,1463,0.13027117690564072
1436,30,1466,0.12773759734819415
1453,31,1484,0.12543034614952556
1450,27,1477,0.12328442590911383
1450,28,1478,0.12134101091042698
1459,29,1488,0.11957382169219191
1451,30,1481,0.11794347023562281
1460,31,1491,0.11648178485890096
1464,31,1495,0.11512940140860735
1463,31,1494,0.11389249752214488
1463,30,1493,0.11277208230761185
1465,29,1494,0.11175379778192467
1457,27,1484,0.11082220600746889
1456,26,1482,0.1099939903412845
1456,29,1485,0.10924245137982964
1464,27,1491,0.10855719525144902
1464,27,1491,0.10791491910628725
1462,29,1491,0.10732967537569049
1464,29,1493,0.10680342721934892
1457,29,1486,0.10631993066741396
1460,30,1490,0.1058967467765321
1466,29,1495,0.10550580837773701
1475,30,1505,0.10513891962297389
1481,29,1510,0.10478501199688087
1466,31,1497,0.10444771064253341
1455,35,1490,0.10417362082730147
1461,34,1495,0.1039499934912682
1458,36,1494,0.1037332055433151
1460,34,1494,0.10354431364746242
1456,32,1488,0.10336771113745645
1454,33,1487,0.10321830473761412
1452,33,1485,0.10308635046805499
1457,36,1493,0.10297044228031053
1449,36,1485,0.10285477272926585
1443,35,1478,0.10276681131345938
1455,36,1491,0.1027023207227797
1453,37,1490,0.1026183103658872
1461,36,1497,0.10254596649367978
1459,37,1496,0.10246160024694478
1443,36,1479,0.10238641795826013
1458,38,1496,0.10235550794615243
1461,38,1499,0.10229493309515958
1459,40,1499,0.10223352573914482
1449,39,1488,0.10218365303657734
1438,40,1478,0.10216114047570396
1435,41,1476,0.10216783048688231
1453,40,1493,0.10217909612709591
1448,40,1488,0.10215062147095227
1460,39,1499,0.10213567136561723
1453,38,1491,0.1020952552818957
1463,40,1503,0.10207451486456766
1452,38,1490,0.10203196269366681
1454,38,1492,0.10201792578165314
1451,39,1490,0.10199979435979277
1441,40,1481,0.10199280051334263
1431,39,1470,0.10200772124714405
1444,39,1483,0.10204282073671632
1438,38,1476,0.10204644834563542
1443,42,1485,0.10206283920068734
1449,40,1489,0.10206784214731876
1434,42,1476,0.10205826896287558
1435,41,1476,0.1020827500815312
1439,39,1478,0.10210282181193486
1424,40,1464,0.10211174022362254
1431,42,1473,0.10215232934765515
1438,45,1483,0.10217483730264096
1448,46,1494,0.10217830280845686
1447,44,1491,0.10216212609471541
1446,42,1488,0.1021484386242593
1442,45,1487,0.10213920398877921
1444,41,1485,0.10213912685081525
1445,44,1489,0.1021353805049268
1460,45,1505,0.1021314944227197
1449,42,1491,0.10209387705843222
1449,40,1489,0.10208228508337143
1449,43,1492,0.10207097487454334
1452,43,1495,0.10206073879609778
1455,41,1496,0.10204363778774585
1466,39,1505,0.10202221231751384
1462,38,1500,0.10197991463324327
1466,39,1505,0.10194887241041624
1473,40,1513,0.101911469622883
1468,39,1507,0.10186115632413018
1464,40,1504,0.10182525534734635
1466,40,1506,0.10180069369837909
1469,39,1508,0.1017745820935325
1468,40,1508,0.10174254180085975
1457,40,1497,0.1017150444150385
1458,38,1496,0.10171610362018878
1451,39,1490,0.10171455729310619
1459,37,1496,0.10172991968358716
1453,38,1491,0.1017265846176625
1455,35,1490,0.10173581771978117
1464,34,1498,0.10174023878021538
1446,34,1480,0.10172229801833392
1448,34,1482,0.10174751848083066
1459,34,1493,0.1017657922523035
1459,33,1492,0.10175882041928883
1458,33,1491,0.10175301255465313
1454,30,1484,0.10174893617925207
1462,30,1492,0.10175387937048867
1454,30,1484,0.1017399338034087
1466,32,1498,0.10174487597386057
1456,35,1491,0.10172395602426387
1446,36,1482,0.10172792313323313
1452,37,1489,0.10175426348315812
1450,33,1483,0.101763381633397
1448,33,1481,0.10177701631869636
1445,32,1477,0.10179390214391354
1450,35,1485,0.10181490438114188
1452,36,1488,0.10182495852043799
1451,38,1489,0.10182900504330025
1453,39,1492,0.10183348857208976
1460,37,1497,0.1018336291912604
1449,37,1486,0.10181945764020277
1438,39,1477,0.10183001586803778
1433,38,1471,0.10186368330039816
1446,40,1486,0.10190587439178088
1433,38,1471,0.10191616353826134
1446,37,1483,0.10195560418831638
1455,35,1490,0.10196339121851392
1458,34,1492,0.10194776778287767
1441,35,1476,0.10192587745485306
1463,36,1499,0.10194492601019946
1460,38,1498,0.10191133534379451
1466,38,1504,0.10188805013489155
1455,39,1494,0.10185396887111502
1455,40,1495,0.10184733388158594
1458,39,1497,0.10184217984990894
1469,40,1509,0.1018317821665432
1469,40,1509,0.10179550147804044
1454,43,1497,0.101763837233395
1455,39,1494,0.10176934304993913
1448,39,1487,0.10177184066265826
1449,43,1492,0.10178858693574686
1440,41,1481,0.10180263875450869
1434,40,1474,0.10183673197001009
1455,42,1497,0.10188302655650194
1462,42,1504,0.10187784927464343
1460,43,1503,0.10185847707829546
1457,44,1501,0.10184447568582594
1448,40,1488,0.10183768640366557
1455,41,1496,0.10185135773914739
1453,41,1494,0.1018474288791034
1449,39,1488,0.10184811260160127
1452,40,1492,0.10185787252030021
1458,40,1498,0.10185872402205146
1449,40,1489,0.10184841840505403
1438,43,1481,0.10185666080112994
1438,43,1481,0.10189183880094514
1452,41,1493,0.10192519546271374
1446,41,1487,0.10192363868570041
1448,40,1488,0.10193602248574159
1450,39,1489,0.1019417249523367
1445,40,1485,0.10194298335378398
1446,40,1486,0.10195545284521308
1452,39,1491,0.10196589480658541
1466,37,1503,0.10196132766519052
1462,38,1500,0.1019236803790021
1456,35,1491,0.10189728881673414
1449,40,1489,0.10188575100442705
1453,41,1494,0.10189386244279824
1457,42,1499,0.10189255100908495
1465,39,1504,0.10188386002527619
1460,40,1500,0.10185729193906586
1450,41,1491,0.10184243610954213
1451,41,1492,0.10185130138782265
1457,42,1499,0.10185762545133059
1453,40,1493,0.10185193065588428
1444,41,1485,0.10185605255617039
1453,40,1493,0.10187694482517565
1444,42,1486,0.10187757602600836
1453,41,1494,0.10189720673307981
1466,42,1508,0.1018939797536031
1438,41,1479,0.10185944487833258
1431,41,1472,0.10189113142540548
1443,42,1485,0.10193790387337179
1434,42,1476,0.10195356295570138
1432,41,1473,0.10198823067505115
1454,40,1494,0.10202621367748581
1449,40,1489,0.10201410942592162
1444,40,1484,0.10201110394989796
1456,41,1497,0.10202022869462024
1452,44,1496,0.10200040726652293
1455,43,1498,0.10199247120642756
1460,43,1503,0.10197791256953473
1449,43,1492,0.1019544326592418
1444,44,1488,0.10195799684171153
1445,42,1487,0.10197226081075758
1440,43,1483,0.10198524002337032
1441,47,1488,0.10200946442232327
1449,47,1496,0.10202965183149121
1450,49,1499,0.1020298142882761
1434,50,1484,0.10202869394922623
1439,50,1489,0.10206301493272119
1436,52,1488,0.10208551329469696
1438,52,1490,0.10211125429737773
1446,52,1498,0.10213133857329725
1448,53,1501,0.10213126861688857
1445,52,1497,0.10212628022815722
1425,52,1477,0.10212748728851703
1431,54,1485,0.10217333501728358
1442,54,1496,0.10220220222112159
1435,51,1486,0.10220394461530127
1437,51,1488,0.1022195681632651
1444,50,1494,0.10223220877562193
1448,49,1497,0.10222964292682608
1448,49,1497,0.10221694980019905
1447,49,1496,0.10220544812659486
1442,47,1489,0.10219612706986554
1442,46,1488,0.10219892691127855
1447,45,1492,0.10220319191667826
1445,46,1491,0.10219750312956732
1458,45,1503,0.10219437780828187
1441,49,1490,0.10216347644057994
1447,50,1497,0.10217219042441487
1436,49,1485,0.10216911435645452
1443,51,1494,0.10218899291560067
1442,48,1490,0.10219135684764336
1440,53,1493,0.10219589056878454
1439,52,1491,0.10220620128013998
1431,54,1485,0.10221844034531785
1429,58,1487,0.10224757315187816
1439,56,1495,0.10227954197307441
1432,55,1487,0.10228627788501761
1431,55,1486,0.10230799665138104
1445,56,1501,0.10232963385309178
1449,55,1504,0.1023163493460957
1434,54,1488,0.1022951696613636
1433,55,1488,0.1023088647814821
1441,58,1499,0.10232431818232052
1449,55,1504,0.10232009203162046
1443,55,1498,0.10229954619801149
1438,55,1493,0.10229338852325749
1446,53,1499,0.10229773425587187
1458,54,1512,0.10228723037113836
1458,57,1515,0.10225052689000182
1440,57,1497,0.10221640310085228
1442,56,1498,0.10222753374755643
1434,55,1489,0.10223203431536898
1437,55,1492,0.10225432050030539
1432,56,1488,0.10226673664228557
1434,58,1492,0.10228951927525558
1429,60,1489,0.10230726898582487
1440,58,1498,0.10233383172710772
1435,59,1494,0.10233525754278798
1433,61,1494,0.10234739890625542
1441,61,1502,0.10236388601897058
1438,61,1499,0.10236177706620722
1435,60,1495,0.10236717091650195
1437,59,1496,0.10237837491284651
1430,60,1490,0.1023836668369909
1436,64,1500,0.10240341308047078
1443,64,1507,0.10240874990691548
1442,63,1505,0.10239780600772753
1441,64,1505,0.10239053319337074
1432,62,1494,0.10238626638912443
1427,65,1492,0.10240097894900488
1431,66,1497,0.10242584758443708
1439,66,1505,0.10244072611981554
1439,67,1506,0.10243580121498255
1432,66,1498,0.10243195255890099
1417,66,1483,0.10244404580131902
1425,68,1493,0.10248947045299175
1419,70,1489,0.10251445373829156
1411,71,1482,0.10254959437141409
1412,72,1484,0.10259969511271924
1424,68,1492,0.1026448959061971
1419,65,1484,0.10266057004690604
1430,68,1498,0.10268502229273963
1427,64,1491,0.10268383766198089
1429,62,1491,0.10268978756768775
1419,59,1478,0.10268921162415488
1428,58,1486,0.1027107567772183
1414,63,1477,0.1027084544285251
1420,67,1487,0.10273631305402844
1415,71,1486,0.10275066563289346
1411,71,1482,0.10277505146185618
1402,72,1474,0.10280725846161844
1412,74,1486,0.10285838459150368
1422,74,1496,0.10288291391278945
1421,77,1498,0.10288391277470367
1421,75,1496,0.10288736490940778
1416,78,1494,0.10288952563481438
1417,80,1497,0.10290556205223339
1428,79,1507,0.10291838020863185
1423,79,1502,0.10290377283490644
1426,79,1505,0.10290336134067614
1415,82,1497,0.10289497418734793
1403,83,1486,0.10291088115800288
1407,82,1489,0.10295248822782076
1402,83,1485,0.10298332300557358
1410,86,1496,0.10302521605993632
1403,82,1485,0.1030462789027625
1416,82,1498,0.10308084745388918
1418,81,1499,0.10308320851511855
1422,83,1505,0.10307960468754467
1419,84,1503,0.10306883481651175
1406,79,1485,0.10306632222838413
1408,83,1491,0.10309503896807927
1413,87,1500,0.10311706034754586
1410,90,1500,0.10312873899593714
1414,93,1507,0.1031455450405155
1408,93,1501,0.10315297254279661
1405,96,1501,0.10317343020568717
1399,95,1494,0.10319713478747743
1396,89,1485,0.10323445814341364
1397,90,1487,0.10327694872294284
1394,93,1487,0.10331397218842017
1398,99,1497,0.10335432225708102
1391,101,1492,0.10338326371643283
1392,98,1490,0.10342629790406939
1400,93,1493,0.10346304382266833
1411,95,1506,0.10347888731539989
1409,92,1501,0.10346701699122329
1397,95,1492,0.1034603213062654
1405,99,1504,0.1034812599502829
1403,99,1502,0.10348417085183748
1396,100,1496,0.10349214443159478
1403,99,1502,0.10351531315843485
1401,102,1503,0.10352293277734115
1384,102,1486,0.10353501151219963
1387,102,1489,0.1035849373462913
1378,102,1480,0.10362189859473808
1382,105,1487,0.10367689971714271
1379,107,1486,0.10372021427183345
1379,109,1488,0.10376690221747481
1376,107,1483,0.10381056215491855
1375,113,1488,0.10385508901757166
1392,113,1505,0.10389854477648364
1377,112,1489,0.10390051727362598
1377,111,1488,0.1039375523898325
1373,113,1486,0.10397157275370056
1383,116,1499,0.10401325530655577
1388,112,1500,0.10402948439723601
1388,116,1504,0.10403150576837696
1366,117,1483,0.10403397251759201
1377,113,1490,0.10408600402567526
1388,113,1501,0.10410996550949307
1387,112,1499,0.10410789646324731
1389,112,1501,0.1041073916960266
1375,108,1483,0.10410257002456312
1374,106,1480,0.10412865551591377
1391,106,1497,0.10415467863910952
1392,106,1498,0.10414137676208873
1399,105,1504,0.10412469231549128
1388,109,1497,0.10409576393669884
1394,111,1505,0.10409137544467147
1398,114,1512,0.10407286227176009
1391,114,1505,0.10404952657006214
1387,118,1505,0.10404454234295656
1379,119,1498,0.10405037173423387
1380,117,1497,0.10407450561056686
1380,119,1499,0.10409562887310748
1392,118,1510,0.10411497862775075
1381,121,1502,0.10410860181368445
1378,120,1498,0.10412678612752518
1382,120,1502,0.10415014546787249
1387,119,1506,0.10416441144875793
1380,120,1500,0.10416408945234398
1384,118,1502,0.10417852952592492
1383,117,1500,0.10418258223722181
1395,116,1511,0.1041891617800427
1400,117,1517,0.10416927157044618
1387,119,1506,0.10413958495033854
1391,119,1510,0.10414141566940276
1398,121,1519,0.10413352574664449
1393,124,1517,0.1041109920499895
1395,122,1517,0.10410301940041176
1394,122,1516,0.10409099258285426
1392,116,1508,0.10408145093701386
1376,119,1495,0.1040788228090279
1373,119,1492,0.1041128083315758
1389,118,1507,0.10415097386096896
1386,120,1506,0.10414852666932212
1379,118,1497,0.10415139041842121
1387,116,1503,0.10416966546150448
1388,119,1507,0.10416707507196606
1387,121,1508,0.10416215137018416
1378,121,1499,0.10416063684984503
1371,122,1493,0.1041805755106257
1396,120,1516,0.104214130062411
1390,122,1512,0.10418855941325365
1383,121,1504,0.10417870050073522
1377,121,1498,0.10418549311796255
1383,127,1510,0.10420691932196437
1366,128,1494,0.10421382126351993
1366,126,1492,0.10425825529264882
1373,125,1498,0.1042999179446047
1364,123,1487,0.10432298143845754
1354,120,1474,0.10436427256587688
1347,126,1473,0.10442501021594533
1365,129,1494,0.10449885382833322
1358,131,1489,0.10452603937745604
1369,128,1497,0.10456371214590622
1377,131,1508,0.10457680453029923
1378,123,1501,0.10456555887894467
1364,121,1485,0.10455381003065231
1374,123,1497,0.10457389162137393
1378,121,1499,0.10457290123374634
1371,122,1493,0.10456232430559816
1370,118,1488,0.10456806381108023
1394,119,1513,0.10457549216721446
1394,119,1513,0.10452527162764864
1396,119,1515,0.10448097133079148
1388,116,1504,0.10443398936402687
1381,116,1497,0.104409542126721
1394,114,1508,0.1044020059509351
1386,115,1501,0.10436274914920363
1388,115,1503,0.10434884693262862
1386,115,1501,0.1043317868592411
1391,114,1505,0.1043197013714921
1382,112,1494,0.1042939501436144
1366,120,1486,0.10429016695079436
1375,122,1497,0.10432437894985906
1363,123,1486,0.10433623392352004
1357,125,1482,0.10437533214587712
1343,125,1468,0.10442616636682515
1349,126,1475,0.10450476294527505
1355,127,1482,0.10456560179916426
1356,127,1483,0.10460596461629709
1353,131,1484,0.10464026366255386
1350,130,1480,0.10467872786325128
1352,129,1481,0.10472266119281945
1355,131,1486,0.10475925747812155
1341,136,1477,0.10478517745486261
1339,133,1472,0.1048415612337928
1349,132,1481,0.10489887201019692
1347,135,1482,0.10492996805292705
1347,135,1482,0.10496101879127881
1347,137,1484,0.10498900887097305
1354,136,1490,0.1050148838031879
1352,138,1490,0.10502184564127201
1346,139,1485,0.10503397492985339
1349,141,1490,0.10505919123647942
1346,139,1485,0.10507726418517034
1342,140,1482,0.10510210416805542
1348,139,1487,0.10513351723935123
1351,136,1487,0.10514793609951179
1361,139,1500,0.105153551655272
1360,139,1499,0.10513590312911276
1369,138,1507,0.10512317434741028
1352,138,1490,0.1050917124585568
1353,135,1488,0.10510250992398106
1340,138,1478,0.10510913042238461
1340,142,1482,0.10514414763924548
1348,139,1487,0.10517636260317069
1357,141,1498,0.10518921747710745
1365,137,1502,0.10518053287037044
1370,135,1505,0.10515523989725009
1367,135,1502,0.10512194074411325
1376,138,1514,0.10509716286676865
1375,141,1516,0.10505418331987373
1375,138,1513,0.10501912182572742
1371,139,1510,0.1049858500309913
1360,145,1505,0.10496434919678886
1366,142,1508,0.10497234616433555
1359,143,1502,0.10496592934543537
1349,144,1493,0.10497638001997008
1357,143,1500,0.10500853858023149
1353,147,1500,0.10502124185135735
1359,152,1511,0.10504390441039486
1347,149,1496,0.1050506829786294
1350,149,1499,0.10508283111061363
1358,148,1506,0.1051068221518737
1358,144,1502,0.10511168070067861
1362,143,1505,0.10511656352307763
1360,143,1503,0.10511317474987901
1362,140,1502,0.10511408957099443
1360,139,1499,0.10510753539481345
1357,143,1500,0.1051065161191324
1357,143,1500,0.10511160731350877
1351,144,1495,0.10511553906937175
1360,147,1507,0.10513314051174608
1353,143,1496,0.10512918413527883
1356,143,1499,0.10514182825444135
1367,140,1507,0.10514444271290023
1364,139,1503,0.1051218465720698
1356,138,1494,0.10510634956337021
1350,140,1490,0.10511137633677503
1364,139,1503,0.10512925109918601
1361,142,1503,0.10511354127633712
1361,143,1504,0.10510740762857256
1357,139,1496,0.1051015120649539
1362,140,1502,0.10510602865263173
1364,139,1503,0.1050982582629651
1365,140,1505,0.10508705196079926
1366,139,1505,0.10507399835257672
1365,135,1500,0.1050613681732165
1352,141,1493,0.1050508680272277
1348,140,1488,0.10506998769670288
1352,139,1491,0.10509866071998583
1368,143,1511,0.10511431079098416
1368,139,1507,0.10509428672916801
1359,140,1499,0.10507619590986898
1355,140,1495,0.10508055188696563
1364,142,1506,0.10509273266969452
1364,143,1507,0.10508298529764495
1373,141,1514,0.10507438477036643
1362,136,1498,0.10504557142040291
1366,138,1504,0.10504534992190917
1368,139,1507,0.10503360213746092
1361,142,1503,0.10501713981378653
1365,146,1511,0.10502029765368523
1368,145,1513,0.10501449626645001
1362,145,1507,0.10500500939420362
1345,147,1492,0.10500822893089375
1343,147,1490,0.10505050266650715
1335,147,1482,0.10509488274319287
1344,147,1491,0.10515329189242756
1346,148,1494,0.10518802664904914
1345,150,1495,0.10521560844226753
1341,152,1493,0.105245121858318
1345,148,1493,0.10528175328276848
1360,153,1513,0.1053061232925668
1362,155,1517,0.10529663944901468
1353,157,1510,0.1052827561940078
1348,156,1504,0.1052892541163753
1344,157,1501,0.10530788803710882
1333,152,1485,0.1053340179866371
1336,158,1494,0.10538077325656098
1342,156,1498,0.10541940794823358
1337,156,1493,0.10544206531123716
1331,156,1487,0.10547323766585123
1333,153,1486,0.10551641049363827
1336,156,1492,0.10555168399363048
1332,156,1488,0.1055769901533744
1329,159,1488,0.10560848841184332
1337,162,1499,0.1056432908912905
1342,159,1501,0.10565856124956334
1335,160,1495,0.10566133129847706
1344,158,1502,0.1056785080678796
1348,155,1503,0.10567599374765639
1342,159,1501,0.10566482325683023
1343,156,1499,0.10566964857452926
1335,159,1494,0.10567137556858804
1335,161,1496,0.10569135219613088
1331,164,1495,0.10571119866077723
1330,169,1499,0.10573701382759064
1324,163,1487,0.10576372138809553
1338,161,1499,0.10580255190329498
1334,153,1487,0.10580842535888892
1330,152,1482,0.10581713515117044
1340,156,1496,0.10583504365081131
1339,155,1494,0.10582869339604044
1335,155,1490,0.10582479141963413
1330,157,1487,0.10583021822236444
1332,163,1495,0.10584765295968841
1339,160,1499,0.10586056568910628
1330,157,1487,0.10585580475395236
1326,161,1487,0.10587290514632076
1313,164,1477,0.10590011300189371
1332,166,1498,0.10595469990642199
1335,169,1504,0.10596279145403525
1328,174,1502,0.10596202788980293
1324,172,1496,0.10597861286025168
1318,167,1485,0.10600102117829699
1323,161,1484,0.10603523845429756
1327,162,1489,0.10605483672585159
1338,163,1501,0.10606353246391206
1335,158,1493,0.10604682952582532
1342,161,1503,0.10603770288870099
1339,159,1498,0.1060140815046235
1335,161,1496,0.10599685020666669
1330,166,1496,0.10598979350394705
1324,163,1487,0.10599539239988293
1323,162,1485,0.10601324372416147
1335,159,1494,0.10603470465958192
1338,156,1494,0.10602789439648469
1342,158,1500,0.10601422746721538
1347,163,1510,0.10599244949713096
1336,161,1497,0.10596053553114725
1337,159,1496,0.1059573213722129
1338,161,1499,0.10595066121180523
1340,164,1504,0.10594147711574325
1339,163,1502,0.1059287596596678
1335,158,1493,0.10592083813608844
1336,165,1501,0.10592288564383008
1331,162,1493,0.10592343867819569
1338,162,1500,0.10593223611600416
1338,163,1501,0.10592381989569358
1344,166,1510,0.10591908225600698
1341,167,1508,0.10590115903470367
1356,166,1522,0.10589090702487351
1343,171,1514,0.10584811411314309
1327,172,1499,0.10583658953299963
1334,171,1505,0.1058629455145371
1333,175,1508,0.10587149142849771
1345,169,1514,0.10588205721114242
1351,171,1522,0.10586659980970232
1346,171,1517,0.10583922981321633
1331,168,1499,0.10582474150688842
1331,167,1498,0.10584417417784459
1335,168,1503,0.10586385115322969
1330,170,1500,0.10587288883278088
1315,167,1482,0.10589322828333053
1328,167,1495,0.1059447960321886
1332,168,1500,0.10596120365678253
1344,169,1513,0.10596891781159481
1328,163,1491,0.10595067904860109
1326,170,1496,0.10596996641291026
1327,171,1498,0.10599219958100259
1317,171,1488,0.10601057415385874
1327,176,1503,0.10605038769010397
1330,177,1507,0.1060648311209912
1326,177,1503,0.10607130359648423
1327,181,1508,0.10608568268390062
1320,184,1504,0.10609903703131529
1328,180,1508,0.10612660266783162
1308,189,1497,0.10613622561497298
1304,189,1493,0.10618891662881819
1306,191,1497,0.106246918891013
1320,189,1509,0.10629718352076749
1319,191,1510,0.10631249797842302
1317,188,1505,0.10633065997320724
1315,194,1509,0.1063525160584922
1317,199,1516,0.10637598532735329
1310,202,1512,0.10639290969777201
1295,201,1496,0.10642237827264946
1297,200,1497,0.10648363050621326
1293,202,1495,0.10653723726375272
1290,204,1494,0.10659770363210583
1277,202,1479,0.10666136195515381
1279,204,1483,0.10674766327547328
1288,203,1491,0.1068250095618369
1291,207,1498,0.10687569853772881
1289,202,1491,0.10691601861262409
1281,200,1481,0.10695543728890945
1285,200,1485,0.10700709371838638
1284,200,1484,0.10704844179641931
1284,202,1486,0.10708834874391261
1267,203,1470,0.10712510216550712
1281,201,1482,0.10719925334202465
1292,199,1491,0.1072363004568756
1289,195,1484,0.10724285512265391
1293,197,1490,0.1072547809484126
1298,195,1493,0.10725775145503463
1289,202,1491,0.1072468903205556
1297,206,1503,0.10725908672751393
1304,206,1510,0.10725098940576355
1301,206,1507,0.10722786245575834
1300,204,1504,0.10721427802657224
1286,206,1492,0.10720575524707719
1283,200,1483,0.10722891841535862
1290,202,1492,0.1072575352043425
1296,209,1505,0.1072693955491857
1296,212,1508,0.10726724621590242
1292,209,1501,0.10726691873931442
1290,207,1497,0.10727681051429551
1293,207,1500,0.10728834841511738
1286,208,1494,0.10729060900363613
1285,210,1495,0.10731046468085119
1282,208,1490,0.10733156363651275
1279,209,1488,0.10735521297228083
1279,210,1489,0.10738471911265637
1275,209,1484,0.10741195719111628
1297,208,1505,0.10744721645695714
1296,207,1503,0.10742679482670271
1285,204,1489,0.10740879659760441
1277,206,1483,0.10741989585804579
1289,202,1491,0.10744791774494487
1273,206,1479,0.10744649150770297
1277,207,1484,0.10748207248351015
1274,205,1479,0.10750944495554027
1274,207,1481,0.10754019401893039
1267,211,1478,0.10756868031985001
1279,217,1496,0.1076089262445137
1280,219,1499,0.10761823501604127
1276,217,1493,0.10762616998151518
1275,221,1496,0.10764176284865395
1286,228,1514,0.10765838089637678
1278,230,1508,0.10765172943834787
1272,228,1500,0.10766558706134138
1266,225,1491,0.10769115793063237
1260,224,1484,0.10773021397710941
1263,232,1495,0.10777938295474972
1266,231,1497,0.10781816123207237
1256,232,1488,0.10784696459180607
1255,234,1489,0.1078969427785489
1250,233,1483,0.10794774312692124
1242,231,1473,0.10800442116820198
1255,231,1486,0.1080752771289098
1256,229,1485,0.10811020924085266
1244,231,1475,0.10814064216092373
1249,231,1480,0.10819555655126113
1241,236,1477,0.10823675249571657
1248,238,1486,0.10829147617049582
1248,237,1485,0.1083258096240386
1238,239,1477,0.10835948667152392
1248,239,1487,0.10841365978592654
1251,241,1492,0.1084414900144573
1254,235,1489,0.10846181466297669
1258,234,1492,0.10847501981995819
1257,235,1492,0.10847994515610243
1250,238,1488,0.10848417394092451
1249,234,1483,0.10850225915071401
1255,236,1491,0.10852200697965365
1249,239,1488,0.10852780036709295
1262,238,1500,0.10854860697478516
1256,236,1492,0.10853848896207781
1249,239,1488,0.10854276888420816
1246,244,1490,0.10856291249354594
1247,244,1491,0.10858894469045577
1237,242,1479,0.10861188590349849
1245,245,1490,0.10865633016051726
1253,245,1498,0.10867827680207895
1246,250,1496,0.10867898855011207
1248,252,1500,0.1086946427789382
1251,252,1503,0.10870567502549801
1248,252,1500,0.1087101638006656
1245,248,1493,0.10872329707706654
1252,252,1504,0.10874300236447432
1265,252,1517,0.10874700678930452
1261,246,1507,0.10872076814956483
1249,252,1501,0.10870420557384257
1254,255,1509,0.10871736479492178
1252,256,1508,0.10871815328108304
1251,261,1512,0.10872464935152201
1244,263,1507,0.10873437933148963
1250,261,1511,0.10876016016238597
1252,255,1507,0.10877237862278795
1252,256,1508,0.10877774872004844
1240,257,1497,0.10878355478453156
1244,264,1508,0.10881611426096499
1246,265,1511,0.108835524332738
1249,261,1510,0.10885070247657205
1234,260,1494,0.10885779767939735
1233,258,1491,0.10889903686047049
1232,258,1490,0.10893790851558427
1238,266,1504,0.10897710117159594
1234,265,1499,0.10900000087241998
1217,269,1486,0.10902991052089263
1214,267,1481,0.10909878981987027
1227,268,1495,0.10916645156557529
1222,266,1488,0.10920049661642302
1219,272,1491,0.10924444508344137
1216,272,1488,0.1092915526201545
1220,271,1491,0.10934154401589659
1212,278,1490,0.10937933143179152
1216,283,1499,0.10943332856696923
1212,281,1493,0.10947690676792328
1206,285,1491,0.10952463133285605
1195,285,1480,0.10958440428450182
1194,284,1478,0.10966671546521248
1203,287,1490,0.10974466969428022
1205,291,1496,0.10979560129810473
1211,298,1509,0.10983694137049621
1200,294,1494,0.10986060396987099
1201,294,1495,0.10990948470006019
1201,296,1497,0.10995468953043243
1208,295,1503,0.10999611750035715
1206,296,1502,0.11001711270571239
1212,295,1507,0.11004118758084813
1202,295,1497,0.11004898255045266
1212,291,1503,0.11007939833218598
1210,291,1501,0.11008520392670822
1207,291,1498,0.11009768501116599
1207,295,1502,0.11011656927911843
1205,291,1496,0.11013359016251727
1212,295,1507,0.11015507272088293
1211,298,1509,0.11015944366140035
1212,294,1506,0.11016684015743743
1207,296,1503,0.11017228294402394
1219,298,1517,0.11018841209240104
1211,301,1512,0.1101751316240292
1209,295,1504,0.11018255250098535
1204,290,1494,0.11019187516624519
1199,287,1486,0.1102123706323432
1203,294,1497,0.11024178071537499
1205,299,1504,0.11026065948375477
1207,299,1506,0.11027450538581078
1211,298,1509,0.11028396053171857
1211,297,1508,0.11028365317889367
1209,298,1507,0.11028198288298378
1202,298,1500,0.11028717929615926
1204,293,1497,0.11030688040602651
1209,297,1506,0.11032026375066764
1213,297,1510,0.11032058105327551
1211,297,1508,0.11031128968572591
1224,298,1522,0.11030769513271826
1218,294,1512,0.11027579291321267
1209,292,1501,0.11025806171322068
1197,299,1496,0.11026196004589327
1194,300,1494,0.11029245477784962
1192,298,1490,0.11032988738046398
1208,296,1504,0.11036826512275688
1212,303,1515,0.11036589088724623
1218,301,1519,0.11035519875055194
1218,297,1515,0.11033308857504187
1220,299,1519,0.11031294752310439
1213,294,1507,0.11029219661010903
1197,302,1499,0.11028759339083245
1203,301,1504,0.11031874751575003
1205,299,1504,0.11033681108628864
1196,291,1487,0.11034851274862702
1189,294,1483,0.11037610912659307
1200,300,1500,0.11041946107595628
1198,298,1496,0.11043477468191747
1212,299,1511,0.11045326179641726
1211,297,1508,0.11043544005081105
1201,295,1496,0.11042295354044555
1181,294,1475,0.11043439509910279
1198,296,1494,0.11049202382260181
1197,295,1492,0.11050640618344121
1201,296,1497,0.11052225317020899
1208,299,1507,0.1105275968576288
1219,296,1515,0.11051701565726126
1213,299,1512,0.11048007843877987
1212,295,1507,0.11046106235766785
1209,294,1503,0.1104458717389472
1205,298,1503,0.11043905557576568
1217,297,1514,0.11044095508677572
1211,298,1509,0.11041345906220737
1208,295,1503,0.11040343118272034
1200,289,1489,0.11039961026601842
1200,298,1498,0.11041643549381262
1201,299,1500,0.11043212647628216
1199,301,1500,0.11044442188961556
1199,304,1503,0.1104625571920164
1186,305,1491,0.11047710811560858
1194,306,1500,0.1105164000010932
1188,307,1495,0.11053648925143424
1194,303,1497,0.11056951472227074
1187,307,1494,0.11058484956955603
1191,309,1500,0.1106150038257082
1199,306,1505,0.11063562791654274
1195,306,1501,0.11063733372322883
1189,299,1488,0.11064649458906166
1191,306,1497,0.11066986070235231
1192,307,1499,0.11068748389657372
1191,313,1504,0.11070442124655733
1189,309,1498,0.1107205004988589
1188,308,1496,0.11074049111512624
1178,310,1488,0.11076030723480644
1187,311,1498,0.11079806755978855
1201,311,1512,0.11081438226764853
1191,312,1503,0.11079483627565866
1183,312,1495,0.11080089045114541
1179,318,1497,0.11082493900188144
1179,314,1493,0.11085611332707156
1185,314,1499,0.11088787788467101
1185,321,1506,0.11090301595356593
1191,314,1505,0.11091881833876187
1185,318,1503,0.11091923962720492
1189,319,1508,0.11093671393079042
1193,322,1515,0.1109445423386742
1189,325,1514,0.11094338635854875
1173,322,1495,0.11095340888150076
1178,325,1503,0.11099930790022342
1180,322,1502,0.11103234435001343
1169,326,1495,0.11105772932479933
1172,330,1502,0.11110551446287613
1160,329,1489,0.11114268354161962
1169,324,1493,0.11120297417637386
1174,327,1501,0.11123670957695073
1177,326,1503,0.1112587419868013
1161,325,1486,0.11127349816858252
1165,322,1487,0.11132336735418445
1168,321,1489,0.11135884193106635
1166,330,1496,0.11138267997325256
1158,329,1487,0.11140961710288329
1145,334,1479,0.11145407789944554
1151,336,1487,0.11152365416607558
1158,338,1496,0.11157391835205399
1162,339,1501,0.11160662214328776
1166,335,1501,0.11162644338236884
1165,339,1504,0.111636769622543
1168,336,1504,0.11164969583682137
1150,344,1494,0.11165522110192388
1146,340,1486,0.11170185090649815
1145,342,1487,0.11175492647672486
1150,340,1490,0.11180463158410424
1149,340,1489,0.11184081139531658
1148,344,1492,0.11187614860077279
1153,348,1501,0.1119119187795277
1142,344,1486,0.11193408212459126
1146,346,1492,0.11197658808512792
1142,340,1482,0.11200846916632265
1162,347,1509,0.1120484733574153
1159,353,1512,0.11204033551504215
1157,352,1509,0.1120389730089363
1161,353,1514,0.11204468980720593
1156,355,1511,0.11204171905733432
1146,357,1503,0.11204912091373263
1148,357,1505,0.11208173577484441
1141,353,1494,0.11210630833223047
1145,348,1493,0.11214448198700841
1130,349,1479,0.11217019781830158
1129,344,1473,0.11222860295964371
1129,347,1476,0.11228518737081405
1142,354,1496,0.11233806201800732
1150,351,1501,0.11235653955092857
1154,347,1501,0.11235483196474276
1155,350,1505,0.11234398000372346
1165,351,1516,0.11233314896216912
1152,347,1499,0.1122986246863939
1155,357,1512,0.11229712899720515
1151,360,1511,0.11229076316980147
1149,360,1509,0.11229556118495411
1153,355,1508,0.11230480129566768
1154,360,1514,0.11230494568793926
1157,365,1522,0.11230328374898932
1140,367,1507,0.11229514808565774
1142,364,1506,0.11232677895863016
1146,367,1513,0.11235238075344509
1148,365,1513,0.11236694622221886
1136,365,1501,0.11237634202259365
1143,373,1516,0.11241217793576626
1137,373,1510,0.11243079603046972
1135,371,1506,0.11246258590824659
1135,370,1505,0.11249763104096364
1135,371,1506,0.11252881221412028
1136,366,1502,0.11255920288729022
1140,371,1511,0.11258380807663876
1142,364,1506,0.1125958103879387
1135,368,1503,0.11260058541659543
1126,367,1493,0.1126213160938952
1131,370,1501,0.11266026920785625
1128,368,1496,0.11268514939697397
1138,370,1508,0.11271727640660226
1125,375,1500,0.1127252634704901
1126,373,1499,0.11276210757484108
1118,376,1494,0.1127963118194621
1131,380,1511,0.11284585387062558
1113,392,1505,0.1128634222693265
1113,397,1510,0.1129218366893399
1116,394,1510,0.11297796415331217
1110,393,1503,0.11302363443065819
1113,388,1501,0.1130783191324057
1112,397,1509,0.11312190567526872
1111,398,1509,0.11316289160226223
1104,397,1501,0.11320613171424945
1100,399,1499,0.11326229544451984
1104,400,1504,0.11332372595335136
1107,403,1510,0.11337214972192466
1095,408,1503,0.11341165869990538
1089,405,1494,0.11347475596676095
1073,404,1477,0.11354735777217634
1090,414,1504,0.11365170955848104
1082,425,1507,0.11371145553234369
1074,421,1495,0.11378503054464315
1069,431,1500,0.1138703002340229
1075,422,1497,0.11396310880768577
1070,417,1487,0.11403577686092069
1069,424,1493,0.11411372303263644
1065,431,1496,0.11418920132710053
1070,433,1503,0.11427052272125367
1077,434,1511,0.11433280629858299
1075,434,1509,0.11437664748406377
1071,441,1512,0.11442325328553374
1074,442,1516,0.11447527056732103
1064,433,1497,0.11451362115216929
1069,430,1499,0.11457259346067897
1062,429,1491,0.11461665907819014
1058,431,1489,0.11467382628124469
1057,438,1495,0.11473365418791598
1057,440,1497,0.11479213436187524
1058,443,1501,0.11484716112940423
1054,446,1500,0.11489735523021022
1058,445,1503,0.11495388951491829
1066,452,1518,0.11499604376262632
1061,450,1511,0.1150195364471331
1068,444,1512,0.115051856975555
1069,441,1510,0.11506669369371568
1062,439,1501,0.11507772341893376
1064,434,1498,0.11510532148506807
1056,439,1495,0.11512698995004056
1059,437,1496,0.11516426737135856
1041,436,1477,0.11519290804450275
1054,439,1493,0.11526034454413935
1060,438,1498,0.11528934493792142
1054,443,1497,0.11529978784859661
1059,443,1502,0.1153240373934651
1047,441,1488,0.11533591713864577
1050,442,1492,0.11537320834690039
1056,446,1502,0.11539758900095276
1062,444,1506,0.11540684327246194
1062,442,1504,0.11540090630391296
1060,449,1509,0.11539660156823504
1055,439,1494,0.11539947539365954
1047,444,1491,0.11541250006780493
1056,437,1493,0.11544347814900922
1057,437,1494,0.1154532599758429
1054,431,1485,0.11545872578828391
1048,434,1482,0.11546856732782612
1047,433,1480,0.11549023086373751
1050,432,1482,0.11551147685627143
1063,434,1497,0.11552358764972823
1059,436,1495,0.11550184932526207
1066,433,1499,0.11549068399430058
1069,428,1497,0.11546645545472194
1070,426,1496,0.11543438070900094
1073,425,1498,0.11540275419842182
1065,432,1497,0.11536823231736996
1064,430,1494,0.11535775186818759
1056,421,1477,0.11535074076700483
1044,430,1474,0.11536461480988827
1041,437,1478,0.11540548986899417
1040,441,1481,0.11545218211797295
1037,437,1474,0.11549928215791175
1029,440,1469,0.1155518608486826
1028,445,1473,0.1156168509629126
1031,446,1477,0.11567981488484146
1030,453,1483,0.11573353530814191
1051,454,1505,0.11578489057063238
1060,453,1513,0.11578438372048443
1052,453,1505,0.11575942339583739
1057,458,1515,0.11575689221247806
1051,455,1506,0.1157422063428099
1043,454,1497,0.11574524688926058
1058,456,1514,0.11576512008258329
1050,463,1513,0.11574610741650915
1058,458,1516,0.11574910477361006
1063,460,1523,0.11573305141378781
1057,465,1522,0.1157058432848953
1058,468,1526,0.1156964483490625
1043,461,1504,0.11569061089585549
1035,455,1490,0.1157210334272748
1038,454,1492,0.11576924182062832
1039,467,1506,0.11580242864866247
1029,466,1495,0.11583322659448574
1024,469,1493,0.11588423232276568
1021,470,1491,0.11594379360216894
1025,471,1496,0.11600593932095137
1035,460,1495,0.11605402003959693
1033,463,1496,0.11607127834329713
1029,454,1483,0.11609059872143412
1023,453,1476,0.1161165996990762
1044,451,1495,0.116153715127458
1063,448,1511,0.11613842734836197
1055,445,1500,0.11607962418772708
1047,444,1491,0.11604389742655244
1058,444,1502,0.1160279614783855
1053,441,1494,0.11599080620121828
1051,445,1496,0.11596549325638815
1048,449,1497,0.11594945363458777
1048,449,1497,0.11593774706289921
1053,457,1510,0.11592715970564277
1045,453,1498,0.1159072177284945
1041,451,1492,0.11590668681147052
1047,446,1493,0.11591417861150777
1047,442,1489,0.1159070429603889
1049,450,1499,0.11589993436427562
1049,448,1497,0.11588976488840569
1047,444,1491,0.11588127214280679
1052,449,1501,0.11587778876073745
1068,447,1515,0.11586074907807817
1071,437,1508,0.11581022982215089
1074,436,1510,0.11575462212684458
1065,436,1501,0.11569633456010431
1070,439,1509,0.1156625215285402
1063,439,1502,0.1156241938737817
1065,443,1508,0.1156037845102643
1067,439,1506,0.1155792625222571
1056,441,1497,0.1155510996796825
1068,446,1514,0.11554805222269589
1065,439,1504,0.11551721669808415
1057,432,1489,0.1154966896623295
1068,426,1494,0.1154960629116478
1071,424,1495,0.11546957766725317
1077,429,1506,0.11543904588426973
1090,422,1512,0.11539516158406642
1094,421,1515,0.11532525362785088
1087,427,1514,0.11525052721375804
1082,422,1504,0.11519682822849382
1090,423,1513,0.1151597947916276
1094,429,1523,0.11510847696171815
1097,427,1524,0.11505376163410812
1095,426,1521,0.11499509750517671
1100,421,1521,0.114943658933616
1090,422,1512,0.11488323298078575
1099,418,1517,0.11484803960212712
1094,416,1510,0.11479494660878442
1092,420,1512,0.11475741063956578
1084,427,1511,0.11473052962521574
1081,425,1506,0.11472370377751226
1079,425,1504,0.11472476364422239
1082,419,1501,0.1147314887928772
1086,419,1505,0.11473132597059703
1086,421,1507,0.11471921800018063
1075,425,1500,0.11470853280203058
1066,423,1489,0.11472279606557773
1057,426,1483,0.11475509411570763
1061,432,1493,0.11480496242271633
1063,432,1495,0.11484455684698586
1065,419,1484,0.11487653138715612
1067,418,1485,0.11490056652356997
1068,420,1488,0.11491820678372107
1080,421,1501,0.11493230143266434
1079,420,1499,0.11491762649436224
1071,429,1500,0.11490588931084664
1061,428,1489,0.1149146947831586
1061,428,1489,0.11494619706987999
1061,431,1492,0.11497643657748746
1058,429,1487,0.1150037954446109
1066,436,1502,0.11503811334984974
1056,432,1488,0.11505283627689987
1055,435,1490,0.11508602569625402
1058,437,1495,0.11511926281024945
1053,440,1493,0.11514341658054086
1060,433,1493,0.11517411847320937
1057,435,1492,0.11518916528521522
1054,436,1490,0.11521124724774764
1067,439,1506,0.1152382407828567
1059,433,1492,0.11523254547358064
1058,442,1500,0.11524540936038598
1075,440,1515,0.11525970803939106
1058,434,1492,0.1152351109374798
1068,439,1507,0.1152505442744471
1066,438,1504,0.11524025386853844
1058,430,1488,0.1152364951213936
1054,433,1487,0.11525215376486493
1062,433,1495,0.11527445774849278
1072,439,1511,0.11527723993910623
1073,442,1515,0.11525694135328368
1075,436,1511,0.11523639841291479
1077,440,1517,0.11521381664364409
1083,441,1524,0.11519020490773835
1069,443,1512,0.1151528295591702
1064,445,1509,0.11515115173584156
1054,439,1493,0.11516279351770357
1069,440,1509,0.11519710644024282
1075,439,1514,0.11519632226459578
1069,444,1513,0.11518121892470135
1061,444,1505,0.11517967015973803
1056,445,1501,0.11519926755057817
1058,451,1509,0.115229954347149
1042,449,1491,0.11525390895868676
1046,455,1501,0.115313623797019
1048,463,1511,0.11536011134176892
1040,468,1508,0.11539641561692278
1036,458,1494,0.11545059800558796
1033,453,1486,0.11551081299175504
1048,453,1501,0.11557509266540997
1042,461,1503,0.1155974092330955
1039,463,1502,0.11563172607433034
1031,464,1495,0.11567280736359382
1037,464,1501,0.11572882709564528
1045,469,1514,0.11576711591516911
1044,467,1511,0.1157849095679589
1051,468,1519,0.11580109686868388
1040,458,1498,0.11580127449167187
1047,455,1502,0.11582793370729673
1046,458,1504,0.11583475764465062
1042,458,1500,0.11584180305655771
1050,466,1516,0.11585966977665653
1040,465,1505,0.11585654677496489
1043,463,1506,0.1158785881427838
1042,457,1499,0.11589291624974081
1043,457,1500,0.1159082486349339
1041,465,1506,0.115920205561182
1042,459,1501,0.11593578366981067
1029,455,1484,0.11594889557244714
1027,462,1489,0.11598802113843078
1019,462,1481,0.11602952627872685
1025,464,1489,0.11608606902718771
1022,464,1486,0.11612700131760072
1029,468,1497,0.11617012881575109
1039,478,1517,0.11619470359433041
1036,483,1519,0.1161934634371094
1033,472,1505,0.11620052632201672
1037,468,1505,0.11621296639245614
1037,471,1508,0.11621591311385368
1046,471,1517,0.11621855226638823
1040,471,1511,0.11619848425846735
1041,470,1511,0.11619664275427119
1041,466,1507,0.11619384744249976
1040,461,1501,0.11619087846009615
1037,466,1503,0.11619081125050452
1035,468,1503,0.11619866651803906
1035,471,1506,0.11620941701858684
1045,464,1509,0.1162185533675884
1046,463,1509,0.11620368094274212
1050,456,1506,0.1161861004396053
1041,460,1501,0.11615880266510796
1051,457,1508,0.11615318864520031
1057,463,1520,0.11612537439802778
1061,464,1525,0.1160869578475177
1058,459,1517,0.11604394255033394
1035,462,1497,0.11601009012652576
1043,463,1506,0.11603205407947946
1046,460,1506,0.11603502661530019
1051,457,1508,0.11603007478225141
1048,464,1512,0.1160131622314799
1042,463,1505,0.11600338978102898
1036,458,1494,0.11601000220757803
1033,462,1495,0.11602915187450297
1030,464,1494,0.11605517353385623
1032,466,1498,0.11608521707578139
1042,460,1502,0.11610933356457145
1046,474,1520,0.11610629910253543
1045,475,1520,0.11609613696779957
1049,469,1518,0.11609009184785693
1042,470,1512,0.11607412420825644
1033,468,1501,0.11607768817200657
1034,476,1510,0.11610193570870166
1028,477,1505,0.1161235377534843
1028,473,1501,0.11615950996904421
1025,469,1494,0.11619413893131743
1018,466,1484,0.11623010461870024
1023,471,1494,0.11627708937395027
1027,476,1503,0.11631021831946345
1016,469,1485,0.11633405091604249
1010,469,1479,0.116379731014285
1007,469,1476,0.11643710237033286
1017,478,1495,0.11649659879019325
1023,482,1505,0.11652996160698055
1016,480,1496,0.11654693598939758
1024,478,1502,0.11657805420135275
1028,485,1513,0.11658669370233898
1029,481,1510,0.11658447096525042
1024,488,1512,0.11658196327039815
1017,485,1502,0.1165914823764615
1031,483,1514,0.11661563748163818
1030,488,1518,0.11660540648287192
1015,490,1505,0.1165996249668882
1005,497,1502,0.11663033440599344
1007,505,1512,0.11668372984201898
1002,497,1499,0.11673096762860989
994,498,1492,0.11678520051796504
992,497,1489,0.11685444537001657
996,499,1495,0.11692404647754608
988,496,1484,0.1169771988983301
993,491,1484,0.11704453336010116
1000,490,1490,0.11709724735653132
1005,494,1499,0.11712847431957105
999,501,1500,0.11714577359673037
998,498,1496,0.11717667051601267
990,509,1499,0.11720793078950024
991,506,1497,0.1172553152518507
989,511,1500,0.11729741283938669
997,507,1504,0.1173427899917481
998,505,1503,0.11736461493258578
1000,502,1502,0.11738447347573448
997,504,1501,0.11739544602799129
992,504,1496,0.11741357619795444
1000,507,1507,0.11744120055306237
995,505,1500,0.1174504611887823
1000,511,1511,0.11747080150535194
1003,513,1516,0.11747891391019324
990,512,1502,0.11748166463669747
996,520,1516,0.11751508461824749
1000,519,1519,0.11753252208332628
995,517,1512,0.11753981675011388
1003,508,1511,0.11755546546555562
995,515,1510,0.11755060551864843
989,509,1498,0.11756281275234497
986,502,1488,0.11758962117916606
982,509,1491,0.1176225110391146
991,508,1499,0.1176615962081235
985,514,1499,0.11767943033720765
984,509,1493,0.11770818492191892
989,507,1496,0.11773819966501567
988,504,1492,0.11775447210680376
987,508,1495,0.1177687672682708
1002,511,1513,0.11778286486488315
990,516,1506,0.11776119474780193
988,500,1488,0.11776812800037473
985,503,1488,0.11778031375970585
993,507,1500,0.11780003047746636
993,504,1497,0.11779874328378707
989,504,1493,0.11779492812803713
994,504,1498,0.11780111599512265
1001,503,1504,0.11779697101479758
1001,504,1505,0.11777692800169129
994,509,1503,0.11775789541905618
987,502,1489,0.11775612332367218
988,507,1495,0.11777289653937086
991,510,1501,0.11778479126489955
989,510,1499,0.11778519685098619
985,504,1489,0.11779242324556959
979,508,1487,0.11781050567713873
986,506,1492,0.1178408705279691
989,507,1496,0.11785086801356268
990,513,1503,0.11785386102277759
987,512,1499,0.11785605383851135
988,512,1500,0.11786766028232411
984,515,1499,0.11787520010722333
983,515,1498,0.11789232254743943
967,514,1481,0.1179106199509085
970,513,1483,0.11796569068077715
981,516,1497,0.1180124901535322
982,519,1501,0.11802960622167344
966,522,1488,0.11804347389887804
978,520,1498,0.11809198538599787
970,519,1489,0.11810984522559906
979,521,1500,0.11814635681741699
981,530,1511,0.11815991823775604
973,523,1496,0.11816807729709801
984,533,1517,0.11819159909125916
984,536,1520,0.11818871283622588
971,534,1505,0.11818699357780701
973,529,1502,0.1182165391109552
970,530,1500,0.11823884774041794
979,528,1507,0.11826560314009577
986,529,1515,0.11827128102866981
986,531,1517,0.11826104941048633
971,529,1500,0.1182522281690643
963,530,1493,0.11827926941249421
954,526,1480,0.1183204261072308
963,532,1495,0.11837675261363949
957,531,1488,0.11840933459908029
952,534,1486,0.11845195845396027
964,537,1501,0.11850395934236989
959,542,1501,0.11852811977817578
956,537,1493,0.11856405113119745
966,534,1500,0.1186030158821765
957,535,1492,0.11861621837469788
967,541,1508,0.118650638272429
962,539,1501,0.11865932598649714
951,540,1491,0.11867701865255192
964,548,1512,0.1187187044814479
960,547,1507,0.11872970143481033
957,555,1512,0.11874874701421496
959,557,1516,0.11877408814513334
963,554,1517,0.11879484509960411
967,553,1520,0.11880425728875973
961,547,1508,0.11880634442206152
949,545,1494,0.1188211553276328
944,539,1483,0.11886204299982567
948,543,1491,0.11891142820594804
953,558,1511,0.11894899865029292
942,558,1500,0.11897166615317588
945,553,1498,0.11901755724963063
939,553,1492,0.11905326632699605
936,545,1481,0.11910212798670392
942,542,1484,0.119155173715313
953,538,1491,0.11919013570399394
939,541,1480,0.11919478290324718
945,548,1493,0.11922979103434858
962,548,1510,0.11924793857817698
965,551,1516,0.11922559864741827
957,554,1511,0.1191998904899976
953,555,1508,0.11919448872723475
944,551,1495,0.11919856067752635
951,555,1506,0.11922453848804576
955,560,1515,0.11923482368045608
946,561,1507,0.1192380975649641
938,563,1501,0.11925989456128856
936,570,1506,0.11929802958514994
934,566,1500,0.1193375190193413
936,563,1499,0.11937917395562803
928,574,1502,0.11941560240244005
938,579,1517,0.11946675225241422
931,578,1509,0.11949382468546846
927,583,1510,0.11953279238302093
937,581,1518,0.11957758229126846
932,578,1510,0.11959607387515878
927,578,1505,0.11962771320479547
930,582,1512,0.11966813449216261
929,578,1507,0.11970047811969485
927,580,1507,0.11973069202688523
922,579,1501,0.11976327144394532
920,575,1495,0.11980586125642953
913,579,1492,0.11984804510968942
923,577,1500,0.11990250518927281
927,580,1507,0.11993052458425851
918,584,1502,0.11994745689394143
920,585,1505,0.11998415685189891
919,582,1501,0.12001219024720701
924,577,1501,0.12004166951988196
925,585,1510,0.1200558453841872
927,595,1522,0.12006766208570792
914,600,1514,0.12007566374507699
919,596,1515,0.12011472279673835
919,597,1516,0.12013904872689302
919,588,1507,0.12016059512945736
909,590,1499,0.12018159313919778
907,593,1500,0.12022604495343497
904,597,1501,0.1202721416957184
896,601,1497,0.12032210068694776
897,593,1490,0.12038724968053177
892,604,1496,0.12044553711078451
891,604,1495,0.12051187949689014
891,609,1500,0.12057608148937007
887,617,1504,0.12063847981455922
888,606,1494,0.12070344860069944
893,611,1504,0.12075968817071818
883,623,1506,0.12079945096287037
882,627,1509,0.1208604966006815
882,629,1511,0.12092139935616732
884,630,1514,0.12097858209497811
888,619,1507,0.12102772090707795
889,617,1506,0.12106644792786814
895,611,1506,0.12110075621226414
891,612,1503,0.12111725486675395
888,612,1500,0.12114287016134291
886,608,1494,0.12116943832820175
894,608,1502,0.12119928530584505
887,617,1504,0.12120629153597431
883,620,1503,0.12123140113358928
879,625,1504,0.1212607835076064
872,619,1491,0.12129973656434903
889,620,1509,0.12135508655851546
895,619,1514,0.12136437388895714
896,623,1519,0.12135892438034808
886,619,1505,0.1213523733694356
875,623,1498,0.12137228008841397
872,622,1494,0.12141435114775445
867,627,1494,0.12146209721870256
872,628,1500,0.12151842963908752
882,628,1510,0.12155974571127953
875,631,1506,0.12157361383634903
881,631,1512,0.12160319804469896
879,633,1512,0.12161768045887786
876,638,1514,0.12163793858687527
875,634,1509,0.12166476521750727
878,633,1511,0.12169324798694853
883,637,1520,0.12171056966083561
869,638,1507,0.12171322895114751
879,633,1512,0.12174778374833227
874,626,1500,0.12175777624127271
868,625,1493,0.12177853751002175
865,629,1494,0.12181262475863694
855,627,1482,0.12184955668575193
851,630,1481,0.12190354458228443
857,642,1499,0.1219640728733213
873,633,1506,0.12200736625639777
876,638,1514,0.12201270614609702
859,639,1498,0.12201039643885542
867,631,1498,0.12204873594170702
866,642,1508,0.1220663512847069
853,648,1501,0.12208384319088893
841,651,1492,0.12212947219065264
844,642,1486,0.12219958293247363
852,644,1496,0.12225708197271466
862,648,1510,0.12229115734971764
861,646,1507,0.12229922466164048
866,655,1521,0.1223091015650153
872,658,1530,0.12230506598405128
868,648,1516,0.12228758381801524
875,646,1521,0.12228116426308024
865,654,1519,0.12226044106922083
855,659,1514,0.12226620529291013
861,660,1521,0.12229505441365449
863,652,1515,0.12231135546920406
865,653,1518,0.12232038752415803
857,645,1502,0.12232358614484841
865,642,1507,0.12234616112204531
861,658,1519,0.12234959109657563
867,656,1523,0.12236299563056537
854,659,1513,0.12236053327354135
851,663,1514,0.12238625212405296
852,653,1505,0.12241733414723022
852,654,1506,0.12244203826387932
860,655,1515,0.12246550851714595
851,651,1502,0.1224686123919049
856,656,1512,0.12249327489907046
852,651,1503,0.12250497725575993
839,649,1488,0.1225240346872879
839,658,1497,0.12257402221131368
835,652,1487,0.1226189016901721
829,664,1493,0.12266894157890743
834,652,1486,0.122730866433103
835,661,1496,0.12277961764732616
838,656,1494,0.12282256281832479
841,663,1504,0.12285317261946574
829,670,1499,0.12287351426877033
818,676,1494,0.12291901569754828
821,670,1491,0.12298748347523336
832,664,1496,0.12304622841886666
831,668,1499,0.12307157859687426
832,675,1507,0.12309479300219195
824,665,1489,0.12311547898752455
818,663,1481,0.12315293558120141
819,663,1482,0.12320120481444646
821,666,1487,0.12324526549594526
817,659,1476,0.12328048429765442
829,662,1491,0.12332221032332956
834,659,1493,0.12333344179807244
834,660,1494,0.12332848277664236
832,666,1498,0.12332244092586653
836,671,1507,0.12332524631311881
828,668,1496,0.12331881564699737
833,664,1497,0.12333197547878642
830,666,1496,0.12333273502805298
827,669,1496,0.12334340081232018
825,660,1485,0.12335906100517718
830,660,1490,0.12337556434148908
826,657,1483,0.12337899443788622
821,648,1469,0.12339249625817274
821,650,1471,0.12341373829897978
818,662,1480,0.12343285409181291
828,671,1499,0.12345696876980572
811,676,1487,0.12345677764720087
817,684,1501,0.12349799691888555
821,689,1510,0.12352343969470084
810,691,1501,0.12353823932243162
807,689,1496,0.12357617143351889
807,693,1500,0.12362065858717461
811,690,1501,0.1236625488356266
803,690,1493,0.12369428618644276
809,699,1508,0.12374352425053221
818,696,1514,0.12377409620619574
810,692,1502,0.12378094240207892
814,695,1509,0.12380589474026164
819,694,1513,0.12381967222515947
810,705,1515,0.12382078062420725
803,696,1499,0.1238429588505364
800,697,1497,0.12388149581027076
795,702,1497,0.12392610553047
803,705,1508,0.1239796996079879
798,705,1503,0.12401043006009754
791,712,1503,0.12404968151089747
782,709,1491,0.12410293598372878
784,722,1506,0.12417384221457052
778,726,1504,0.1242359903956574
779,718,1497,0.12430993673379408
766,710,1476,0.12437728717825722
761,717,1478,0.12447230082977302
752,728,1480,0.12457543530455897
764,732,1496,0.12469189096550323
765,732,1497,0.1247738271942012
759,736,1495,0.12484717052730007
758,738,1496,0.12492919861186046
757,746,1503,0.12500719979393532
746,739,1485,0.1250839766817245
747,739,1486,0.12517957480764833
744,741,1485,0.12526678941880162
744,754,1498,0.12535431637693417
751,756,1507,0.12543632616766542
757,752,1509,0.12549750386297764
751,753,1504,0.12553728470495215
751,752,1503,0.125587315829864
747,753,1500,0.1256323306852453
744,758,1502,0.1256855572218769
747,756,1503,0.12574390275120936
752,751,1503,0.1257948660647668
740,751,1491,0.12582511122376944
738,755,1493,0.1258825922079927
736,761,1497,0.1259423108487753
734,766,1500,0.12600200923884292
732,764,1496,0.12606231071684257
735,775,1510,0.12612565464723183
729,782,1511,0.12617822934731765
733,786,1519,0.12623943075789376
732,776,1508,0.1262876217878355
717,781,1498,0.12633384819549728
721,781,1502,0.12641280524029475
718,783,1501,0.12647717229925473
714,787,1501,0.1265444022186763
717,784,1501,0.1266186154587541
719,786,1505,0.12668100719982495
717,797,1514,0.12673129389623444
716,789,1505,0.12678310184811756
719,789,1508,0.1268342501072033
711,786,1497,0.1268725528815378
722,801,1523,0.12692737076962474
721,797,1518,0.12695303613577363
719,798,1517,0.12698190109248977
722,802,1524,0.1270153551058365
716,805,1521,0.12703926360714668
719,787,1506,0.12707593033489417
719,801,1520,0.12710390366364674
717,801,1518,0.1271290568761582
725,798,1523,0.12715895359492113
723,794,1517,0.1271686177795502
726,805,1531,0.12718387889768698
719,804,1523,0.12719130726850683
711,815,1526,0.12721290334423113
703,815,1518,0.12725446218067887
703,812,1515,0.12731083558141423
705,812,1517,0.12736348313870127
707,808,1515,0.12740880625323248
710,802,1512,0.12744657278728372
702,803,1505,0.12747510476310858
702,802,1504,0.12751806290875825
704,804,1508,0.12756252274312216
700,803,1503,0.1275989140825222
691,804,1495,0.1276407931672175
681,801,1482,0.1276987245829058
695,808,1503,0.12777631437451245
689,808,1497,0.1278164707490927
695,807,1502,0.12786793832506163
700,810,1510,0.12790178702448954
697,814,1511,0.12792024057752704
691,811,1502,0.12794287690024458
693,819,1512,0.1279793668403175
687,826,1513,0.12800977585019907
686,824,1510,0.1280512804498126
676,825,1501,0.1280939547323736
679,831,1510,0.12815786093759762
678,823,1501,0.12821298856729485
667,829,1496,0.1282652056740184
666,822,1488,0.12834034466032868
659,821,1480,0.128412643047731
664,835,1499,0.1284971332606757
668,842,1510,0.12856391208605203
659,843,1502,0.12861825146646433
656,848,1504,0.12869077107900684
649,842,1491,0.1287655560843902
662,857,1519,0.12885351526850203
660,866,1526,0.1289041541885715
646,859,1505,0.1289575602904391
651,848,1499,0.12904096817456767
648,849,1497,0.1291051370366582
647,844,1491,0.12917230772140745
648,850,1498,0.12923703564654668
654,862,1516,0.12929489686104348
650,860,1510,0.12933493600123158
649,858,1507,0.12938185103747243
653,859,1512,0.1294310907267939
646,871,1517,0.12946736471647666
653,875,1528,0.12951787610674295
644,873,1517,0.12954977505349155
636,873,1509,0.12960047512519757
624,882,1506,0.12966843064054487
631,889,1520,0.12976054853430635
627,885,1512,0.1298313947042765
617,894,1511,0.1299063494087183
628,885,1513,0.12999886996350266
620,878,1498,0.1300570660804773
618,887,1505,0.13013108670397755
619,887,1506,0.13020530684930792
619,894,1513,0.13027281190704565
620,892,1512,0.13033648102788292
617,888,1505,0.13039463712984672
623,888,1511,0.13045579975493968
618,877,1495,0.1304978004704173
604,882,1486,0.1305510863931747
605,893,1498,0.13063264233160865
610,896,1506,0.1307084849755472
608,905,1513,0.13076802987782668
606,901,1507,0.1308268889733246
598,910,1508,0.13088583858795658
606,907,1513,0.130958612390087
605,900,1505,0.13100795509625185
604,900,1504,0.13105682579257283
593,897,1490,0.13110537369343223
592,907,1499,0.13117657977754024
580,909,1489,0.13124440485548716
589,906,1495,0.13133465708810668
596,904,1500,0.13139840202109374
596,909,1505,0.13144113808886407
590,915,1505,0.13148147463802815
590,911,1501,0.1315338541256725
596,928,1524,0.13158152575815737
588,926,1514,0.13161386706382372
595,915,1510,0.13165955231655357
591,916,1507,0.13168557971434292
590,927,1517,0.13172136818681718
587,940,1527,0.13175599835810106
579,936,1515,0.13179706332467625
582,946,1528,0.13185441672420073
582,938,1520,0.13190177022327487
578,927,1505,0.13194504078167105
578,931,1509,0.1319953207533336
576,928,1504,0.13204200074078393
579,927,1506,0.13208970558499722
578,935,1513,0.13212638287725847
573,934,1507,0.1321648969110775
578,940,1518,0.13221165754083777
573,934,1507,0.132242336882629
578,945,1523,0.1322836629150789
580,947,1527,0.13231130014996745
582,946,1528,0.13233400322204736
573,948,1521,0.13235241922713065
567,941,1508,0.13239299249349473
572,947,1519,0.13244553561975894
577,951,1528,0.13248204166460084
565,945,1510,0.1325046428054766
561,945,1506,0.13255307084132117
557,929,1486,0.13260865212361503
558,936,1494,0.13267066154410334
560,943,1503,0.13272359483119472
557,936,1493,0.13276947956638435
564,947,1511,0.13281849252154593
556,947,1503,0.1328465778308678
567,953,1520,0.13289198207125216
569,943,1512,0.13290932059744795
567,957,1524,0.13292246745884892
565,959,1524,0.13294086167348257
565,953,1518,0.13296126842407635
564,951,1515,0.13297861497838329
569,957,1526,0.13299829333730265
570,955,1525,0.13300613581036178
564,959,1523,0.1330130268329796
565,972,1537,0.1330333458181814
566,954,1520,0.13305089603742093
571,965,1536,0.13306477310700557
570,964,1534,0.13306595610521893
564,951,1515,0.13306871665934483
562,961,1523,0.13308630161073032
557,964,1521,0.13310670577431272
556,963,1519,0.13313700115868257
558,963,1521,0.1331687739496046
546,957,1503,0.1331943809892812
552,958,1510,0.1332457783915949
553,960,1513,0.13327841302805382
553,971,1524,0.13330625054968176
548,964,1512,0.13333289316496091
550,965,1515,0.1333706933015302
544,970,1514,0.13340144340043086
536,986,1522,0.13344519220355242
539,973,1512,0.13350322681777052
538,968,1506,0.13355136106344528
532,963,1495,0.13359878461956926
533,982,1515,0.13365660648600014
533,978,1511,0.13371033487321018
528,977,1505,0.13375937834974264
524,985,1509,0.1338178147276612
517,988,1505,0.1338821319424891
518,984,1502,0.13395830020917462
522,976,1498,0.13402836996899267
518,971,1489,0.13408534077796444
509,969,1478,0.13414506101226956
510,975,1485,0.1342205896332538
519,984,1503,0.13428527494162354
518,977,1495,0.13432600372683862
512,984,1496,0.13436472177296235
510,985,1495,0.13441446867959184
517,977,1494,0.13446534838627283
514,980,1494,0.13449653335945408
511,982,1493,0.13453166759829344
515,985,1500,0.13457378909973655
513,992,1505,0.13460548470145142
513,994,1507,0.1346380453001156
519,1003,1522,0.13466937691310799
514,993,1507,0.1346833764588588
513,991,1504,0.13470859821312905
514,1003,1517,0.13473503775938334
515,1013,1528,0.13475761798471234
519,998,1517,0.13477584655738967
521,980,1501,0.13478346477137113
516,988,1504,0.13478697822780553
518,992,1510,0.13480370482339293
516,991,1507,0.13481550225668265
520,996,1516,0.1348308634566002
522,988,1510,0.13483446940309685
516,994,1510,0.13483416512634416
516,1002,1518,0.1348463062671018
518,999,1517,0.13485881911565456
517,1003,1520,0.1348663332910044
512,1004,1516,0.134879076314698
511,993,1504,0.13490357821609833
511,1006,1517,0.13492932349942816
513,1009,1522,0.13495448440220176
514,1008,1522,0.13497330054314538
517,998,1515,0.1349882984017407
515,996,1511,0.13499628502476257
507,1012,1519,0.13500712888138974
503,1013,1516,0.1350360175463316
505,1013,1518,0.1350707791557877
504,1003,1507,0.13509767948987136
496,996,1492,0.13512432078003564
487,995,1482,0.13516695192880068
493,1000,1493,0.13522719424701735
494,993,1487,0.1352701633661358
499,1000,1499,0.13530529220851636
500,1005,1505,0.13532800718040114
496,1010,1506,0.1353453114223513
495,1012,1507,0.1353721850087574
496,1010,1506,0.1354011290166099
496,1018,1514,0.13542518790149732
493,1016,1509,0.13544801359052924
497,1020,1517,0.13547363049780123
496,1013,1509,0.13549007789189926
504,1013,1517,0.1355086346484486
495,1018,1513,0.13550616673458982
495,1020,1515,0.13552558637569004
493,1015,1508,0.135543362326958
489,1025,1514,0.1355631462639528
489,1016,1505,0.13558842605410434
492,1018,1510,0.13561203065476593
491,1009,1500,0.13562762206933512
492,1013,1505,0.1356449463491699
496,1014,1510,0.1356604293827754
499,1015,1514,0.13566530103935207
498,1011,1509,0.1356646500770024
496,1021,1517,0.13566883142877756
477,1027,1504,0.13567623018045286
475,1028,1503,0.1357274909340523
481,1035,1516,0.13578048249481436
486,1028,1514,0.13581672032133413
480,1025,1505,0.13583841843975766
487,1036,1523,0.13587281563482925
480,1039,1519,0.13589023769430256
481,1038,1519,0.1359196134511651
483,1041,1524,0.13594665140470838
483,1043,1526,0.13596771673106084
478,1036,1514,0.1359889964146695
480,1038,1518,0.1360219864084061
470,1029,1499,0.1360463931536685
470,1044,1514,0.13609375283740094
467,1042,1509,0.1361347794575958
471,1046,1517,0.13618016512286002
470,1047,1517,0.1362129082132922
471,1044,1515,0.13624584529575093
468,1042,1510,0.13627454383435636
473,1050,1523,0.13630872301972052
472,1035,1507,0.13632924233783844
468,1040,1508,0.13635269654664325
464,1050,1514,0.13638339993876128
465,1050,1515,0.13642245560252023
467,1051,1518,0.13645553414448475
463,1058,1521,0.13648068469199656
458,1066,1524,0.13651379024408197
453,1057,1510,0.13655839769274955
457,1056,1513,0.13661256473909777
459,1056,1515,0.13665241819466176
461,1059,1520,0.1366853113626815
467,1070,1537,0.13671130423555533
460,1066,1526,0.13672271857296356
463,1053,1516,0.13674939363703767
463,1053,1516,0.1367671251458787
466,1050,1516,0.13678384646905403
465,1051,1516,0.13679335925210723
458,1051,1509,0.13680433901144634
450,1058,1508,0.13682996103457853
443,1065,1508,0.13687313152418637
435,1061,1496,0.13693035538884243
442,1065,1507,0.13700216632745157
439,1069,1508,0.1370517577322192
438,1059,1497,0.13710388696369877
437,1051,1488,0.13715541046835544
435,1062,1497,0.13720629482288207
429,1067,1496,0.1372598611308321
428,1058,1486,0.13732060781090186
430,1058,1488,0.13737768720948093
428,1067,1495,0.13742751364805042
425,1078,1503,0.13748038226921197
423,1076,1499,0.13753510277625497
425,1069,1494,0.13758930331011127
428,1065,1493,0.13763598685974932
424,1059,1483,0.13767263906823227
424,1061,1485,0.13771429755931502
426,1061,1487,0.13775557435718716
424,1060,1484,0.13779095677727568
422,1068,1490,0.1378295205002935
419,1080,1499,0.13787032194425472
420,1079,1499,0.1379156480095544
421,1083,1504,0.13795666992594366
410,1089,1499,0.13799319309030805
413,1091,1504,0.13805202071753198
420,1092,1512,0.1381005428825688
417,1087,1504,0.1381294204434537
415,1086,1501,0.13816454485123866
419,1093,1512,0.13819922139852198
417,1103,1520,0.1382248372102579
414,1109,1523,0.13825418046078408
415,1103,1518,0.13828809301498038
417,1101,1518,0.1383170995293188
424,1112,1536,0.13834044169543955
420,1105,1525,0.13834286312193964
421,1099,1520,0.1383551496259286
414,1105,1519,0.13836694441617126
412,1099,1511,0.13839465139123747
412,1110,1522,0.13842562713822437
410,1101,1511,0.13845601234517335
400,1102,1502,0.13848901502606517
404,1099,1503,0.13854332252300847
400,1102,1502,0.13858376307604525
400,1115,1515,0.13862873620419267
402,1114,1516,0.13867027801533863
398,1109,1507,0.13870614563742317
399,1117,1516,0.13874945490950308
402,1125,1527,0.13878740923331725
403,1129,1532,0.1388155882828112
398,1122,1520,0.1388380577995362
396,1112,1508,0.1388690611217959
388,1115,1503,0.13890222809333178
390,1118,1508,0.13895266023006594
402,1120,1522,0.13899647368488516
400,1123,1523,0.13901103315834729
400,1117,1517,0.13902851915453046
400,1119,1519,0.13904596754022475
406,1115,1521,0.13906133156273165
402,1122,1524,0.13906195829054532
402,1114,1516,0.13907183175163948
392,1122,1514,0.13908038035155332
398,1121,1519,0.13911048278412302
394,1110,1504,0.1391261511588486
391,1127,1518,0.13915166116999933
390,1129,1519,0.1391829085976955
390,1125,1515,0.13921313641349697
390,1126,1516,0.13924121208943016
389,1131,1520,0.1392679706056844
389,1126,1515,0.13929457563218184
391,1127,1518,0.13932141837685974
392,1121,1513,0.13933784136960786
395,1117,1512,0.13935114970337983
395,1119,1514,0.1393575094951873
395,1116,1511,0.13936358569987925
397,1123,1520,0.1393682741556675
391,1107,1498,0.13936777056717906
387,1118,1505,0.13938286278770462
386,1121,1507,0.13940643549691498
384,1118,1502,0.13943099226081565
388,1127,1515,0.1394555288500994
380,1134,1514,0.13946959142222365
375,1142,1517,0.139502648491088
380,1133,1513,0.13954439896850251
375,1132,1507,0.13957403732027412
374,1121,1495,0.1396140394824988
379,1126,1505,0.1396541887860562
385,1125,1510,0.13967822197955548
387,1123,1510,0.139687339658102
381,1130,1511,0.13969102195297162
377,1129,1506,0.13971017355546633
377,1133,1510,0.13973673135449766
378,1133,1511,0.1397606544685616
375,1137,1512,0.13977967658802837
371,1135,1506,0.13980506403791856
375,1122,1497,0.13983588653870543
373,1122,1495,0.1398552174758555
372,1127,1499,0.13987708728424889
372,1118,1490,0.13990098326900618
366,1118,1484,0.1399244844561834
361,1117,1478,0.13996002828699783
359,1119,1478,0.14000477481518592
368,1126,1494,0.1400515997354151
369,1134,1503,0.14007425918305053
366,1133,1499,0.14009531660257724
371,1129,1500,0.14012209103763554
360,1133,1493,0.14013423640403422
366,1149,1515,0.14017053695917248
368,1149,1517,0.14018986146426557
363,1148,1511,0.14020373462860003
365,1143,1508,0.14022864629305368
361,1145,1506,0.1402491278489584
366,1155,1521,0.1402779320112167
364,1157,1521,0.14029342914266404
360,1161,1521,0.14031302375510088
363,1167,1530,0.14034103141688767
368,1157,1525,0.14036037678868188
364,1141,1505,0.14036726794364623
362,1157,1519,0.1403843362737093
357,1154,1511,0.14040520032172218
357,1159,1516,0.14043428319203335
354,1155,1509,0.1404619073658619
348,1146,1494,0.14049440661264526
346,1150,1496,0.14053866829044429
354,1155,1509,0.1405846618691874
349,1155,1504,0.14060938557673816
347,1165,1512,0.14064495443613123
354,1170,1524,0.1406815582503447
357,1166,1523,0.14070064511723626
356,1166,1522,0.14071143346375456
352,1170,1522,0.14072414067330594
347,1171,1518,0.14074699997639406
353,1164,1517,0.140780241471782
356,1167,1523,0.14079684090937986
358,1160,1518,0.14080504774663435
353,1160,1513,0.14080786167268378
350,1167,1517,0.1408229165434564
349,1179,1528,0.140844129180655
344,1157,1501,0.14086365341733967
348,1165,1513,0.1408953103011956
352,1169,1521,0.14091325599084226
345,1161,1506,0.1409223685097723
349,1164,1513,0.14094595661177262
348,1165,1513,0.14095861625438638
354,1165,1519,0.140973383746791
345,1170,1515,0.14097190006635685
345,1169,1514,0.14099317989816554
350,1172,1522,0.1410145722052301
347,1178,1525,0.14102308508327435
346,1172,1518,0.14103842434693692
346,1177,1523,0.1410551427011497
344,1177,1521,0.14107164883367493
339,1176,1515,0.14109323522652073
328,1175,1503,0.14112702696217874
333,1163,1496,0.14118236864511424
339,1167,1506,0.14122234721391824
339,1172,1511,0.14124336650467026
338,1157,1495,0.14126106055843055
331,1164,1495,0.14128166427575162
336,1178,1514,0.1413171284784668
336,1170,1506,0.1413378560617045
337,1165,1502,0.1413578708100297
337,1174,1511,0.14137532750942428
331,1178,1509,0.1413912642856166
330,1180,1510,0.1414206881497186
325,1187,1512,0.14145069874439803
323,1188,1511,0.14148905035309864
321,1188,1509,0.14153077445462656
319,1199,1518,0.14157305874110349
325,1201,1526,0.14161726700977964
318,1180,1498,0.14164265619670102
307,1182,1489,0.14168404893919523
311,1182,1493,0.14174949127881753
317,1189,1506,0.14179864295030348
311,1196,1507,0.14182937764004347
315,1192,1507,0.1418715116125938
314,1194,1508,0.14190312264203853
316,1193,1509,0.141934188559738
311,1195,1506,0.1419588160530045
309,1194,1503,0.1419939011075563
315,1197,1512,0.14203270909475874
316,1203,1519,0.1420557630021508
313,1200,1513,0.14207524817747363
309,1202,1511,0.14209973951929178
311,1199,1510,0.14213190700808048
313,1199,1512,0.14215624342294172
307,1198,1505,0.14217277343015947
310,1198,1508,0.14220246045003593
307,1206,1513,0.14222512393511128
312,1195,1507,0.14225392642258922
306,1214,1520,0.142267604505962
306,1228,1534,0.1422962891960621
307,1216,1523,0.14232295527260294
304,1214,1518,0.14234546764354059
299,1206,1505,0.14237264876982858
299,1215,1514,0.14241149382774573
299,1215,1514,0.14244791808440196
300,1210,1510,0.14248067602252107
295,1222,1517,0.14251039620311143
296,1217,1513,0.142549964863306
292,1217,1509,0.1425827974024767
292,1206,1498,0.14262007664874482
298,1222,1520,0.14265357116007288
297,1218,1515,0.142670879070959
300,1209,1509,0.14268918892994623
297,1212,1509,0.1426991462567296
296,1223,1519,0.14271593538250402
300,1219,1519,0.14273515214503057
302,1209,1511,0.14274207180063597
304,1208,1512,0.1427424137524717
303,1201,1504,0.1427389436549508
299,1210,1509,0.14273811092323588
300,1213,1513,0.142748678726403
301,1209,1510,0.1427574273290189
306,1200,1506,0.1427631336414277
304,1203,1507,0.1427575036673591
302,1219,1521,0.1427588027236365
296,1216,1512,0.14276490181130558
304,1216,1520,0.14278457224688917
301,1204,1505,0.1427828352877058
303,1208,1511,0.14278758674833875
302,1219,1521,0.1427873197786259
301,1217,1518,0.14279108804597024
302,1212,1514,0.1427978796258949
302,1210,1512,0.14280261092525529
295,1213,1508,0.14280695512781347
294,1216,1510,0.14282691540969916
301,1215,1516,0.14284570378652883
308,1210,1518,0.14284877364053
308,1219,1527,0.1428354653380539
305,1214,1519,0.14282335810603144
295,1209,1504,0.14281880438977426
300,1204,1504,0.14283700454443493
299,1208,1507,0.14284237838171202
296,1214,1510,0.1428515249452915
293,1202,1495,0.1428679204545777
293,1208,1501,0.14289045257610652
301,1203,1504,0.14291146958686762
291,1205,1496,0.14291206748012766
291,1212,1503,0.14293716990390407
302,1212,1514,0.14295765930484572
302,1205,1507,0.14294988511408202
303,1201,1504,0.14294181918150892
305,1204,1509,0.14293225559390027
301,1198,1499,0.14291795295069296
307,1203,1510,0.1429155043324797
302,1212,1514,0.1428999683593866
298,1216,1514,0.1428978416592822
293,1210,1503,0.1429054022527039
299,1216,1515,0.14292335247023694
296,1225,1521,0.14292694681441429
294,1221,1515,0.1429384945814052
293,1225,1518,0.14295496856032966
293,1219,1512,0.14297261112579412
296,1219,1515,0.14298804984146604
296,1214,1510,0.14299581129981898
302,1217,1519,0.14300337482029804
295,1203,1498,0.14299419616865808
295,1215,1510,0.14300375382725353
297,1210,1507,0.1430133073393966
294,1211,1505,0.14301799139981167
293,1215,1508,0.14302939520265803
295,1218,1513,0.14304202261490903
297,1223,1520,0.14304903137322597
292,1219,1511,0.1430508667508634
287,1217,1504,0.14306422683966574
290,1214,1504,0.14308878979688897
283,1219,1502,0.14310386389882893
289,1229,1518,0.14313445429405905
293,1224,1517,0.14314764405858718
297,1213,1510,0.14314977507187393
298,1212,1510,0.14314185302839597
301,1222,1523,0.14313199851490382
298,1211,1509,0.14311612908727203
303,1220,1523,0.1431091131407342
297,1214,1511,0.14308932359315185
301,1220,1521,0.14308566656922436
298,1215,1513,0.14307318328473012
297,1204,1501,0.14306978743320678
296,1207,1503,0.14306987872538582
298,1226,1524,0.1430725633169864
292,1235,1527,0.14306949125191476
295,1233,1528,0.14308161417494877
288,1228,1516,0.14308670404399243
295,1241,1536,0.14310899152267637
294,1242,1536,0.1431141825248883
290,1232,1522,0.1431219956430521
291,1216,1507,0.1431371586706656
287,1224,1511,0.14315016286224203
290,1229,1519,0.14316956477032214
288,1217,1505,0.14318119836192136
289,1215,1504,0.14319799453199988
289,1223,1512,0.1432118069263481
288,1225,1513,0.14322326162478696
292,1230,1522,0.14323662292847486
285,1232,1517,0.14323871712778125
283,1230,1513,0.14325729246551785
288,1229,1517,0.1432797768290828
284,1235,1519,0.14328873358162966
283,1226,1509,0.14330601646611302
278,1218,1496,0.14332623930828362
284,1226,1510,0.14335696435814993
284,1236,1520,0.14337105843702197
280,1236,1516,0.14338459511046678
272,1239,1511,0.14340732423105845
270,1245,1515,0.1434468222730121
272,1243,1515,0.1434895246143207
268,1238,1506,0.14352524328046226
275,1216,1491,0.1435665703199966
275,1223,1498,0.14358935956571273
275,1222,1497,0.14360982842841424
275,1236,1511,0.1436285621879849
271,1248,1519,0.14364688927237482
271,1245,1516,0.14367291894734383
267,1232,1499,0.14369703561083758
258,1238,1496,0.14372792150193248
256,1252,1508,0.14377832091549747
261,1235,1496,0.14383113188835647
271,1235,1506,0.1438691457699976
276,1244,1520,0.14388189981803806
273,1235,1508,0.14388115024922224
268,1228,1496,0.14388695940835228
267,1242,1509,0.14390394987115404
265,1263,1528,0.14392320476752998
265,1255,1520,0.14394532376971086
264,1252,1516,0.14396429647508588
258,1243,1501,0.14398371568817583
259,1248,1507,0.14401648574679762
262,1252,1514,0.14404562064154183
264,1257,1521,0.14406661004487753
267,1258,1525,0.1440819741118622
260,1251,1511,0.14409002885996172
257,1249,1506,0.14411445752146698
256,1255,1511,0.14414577463549022
256,1256,1512,0.1441768341580569
261,1273,1534,0.1442058548213833
258,1263,1521,0.1442212830289421
259,1260,1519,0.14424145181988762
256,1258,1514,0.14425920115717472
252,1256,1508,0.14428344636307908
251,1262,1513,0.14431679426537067
254,1270,1524,0.14435112208116496
255,1269,1524,0.1443753677641994
254,1257,1511,0.14439575424044912
250,1259,1509,0.14441650405403547
254,1264,1518,0.14444628437871582
252,1248,1500,0.14446632253382902
247,1262,1509,0.14448702599705718
242,1253,1495,0.14451660942109573
234,1271,1505,0.14455418121974067
234,1267,1501,0.14460852754521267
237,1257,1494,0.1446601975747993
246,1261,1507,0.1447025888795498
247,1265,1512,0.14472051758067825
246,1272,1518,0.14473427484405021
242,1277,1519,0.14475124440796264
246,1272,1518,0.14477546958088808
242,1273,1515,0.14478919889827932
238,1272,1510,0.14481149208668279
239,1276,1515,0.14484211049750978
238,1276,1514,0.1448689025464036
235,1278,1513,0.14489691522953416
238,1265,1503,0.14492957102530346
236,1259,1495,0.14495154936856414
232,1259,1491,0.14497707768024923
236,1269,1505,0.1450092275957303
240,1268,1508,0.14502989702061486
240,1261,1501,0.1450412181844756
243,1262,1505,0.14505070436150982
240,1265,1505,0.1450530187189057
243,1268,1511,0.14506277426473868
240,1272,1512,0.14506424271396234
245,1261,1506,0.1450725882220157
240,1269,1509,0.1450686640656703
236,1274,1510,0.14507589892086295
236,1268,1504,0.1450935679280637
233,1278,1511,0.14510994488609733
232,1290,1522,0.1451335356626034
235,1283,1518,0.14515647830680722
241,1277,1518,0.14517146399735448
240,1285,1525,0.14517135427888186
245,1279,1524,0.14517224846274585
242,1267,1509,0.14516122683236607
241,1272,1513,0.1451584482464574
238,1267,1505,0.14515863796823059
234,1263,1497,0.14516651631221358
239,1263,1502,0.14518402043114897
245,1277,1522,0.14518938567076764
238,1287,1525,0.14517908923515854
236,1294,1530,0.14518641409547267
241,1273,1514,0.14519911090257392
243,1283,1526,0.14519661490227156
239,1280,1519,0.14519078265569893
243,1286,1529,0.14519525290176466
241,1289,1530,0.14519018451251078
236,1287,1523,0.145190838673706
231,1288,1519,0.1452032845999879
231,1286,1517,0.1452273395357928
227,1286,1513,0.14525046589126478
232,1292,1524,0.14528168129169594
231,1302,1533,0.1452976729406108
226,1294,1520,0.145316246621543
225,1293,1518,0.14534473673285825
228,1299,1527,0.14537356651849476
228,1284,1512,0.14539420669008632
227,1284,1511,0.1454147726950396
226,1293,1519,0.14543562453458894
225,1300,1525,0.14545749019769807
227,1285,1512,0.1454807877462608
224,1288,1512,0.14549788454721205
225,1289,1514,0.14551887581910855
226,1292,1518,0.14553483279504786
229,1284,1513,0.14554830004388497
227,1295,1522,0.14555449437347118
229,1288,1517,0.14556423211679426
228,1295,1523,0.14556988642342136
224,1299,1523,0.1455767199909984
224,1293,1517,0.14559294366416486
217,1297,1514,0.14560773925758552
215,1295,1510,0.14563886952772864
212,1299,1511,0.14567296881388145
209,1292,1501,0.14571237589491626
213,1277,1490,0.1457560868079303
214,1277,1491,0.14578687699011844
222,1286,1508,0.14581283250092023
224,1293,1517,0.1458184246103971
222,1288,1510,0.1458190963819306
224,1288,1512,0.1458254901231264
219,1280,1499,0.14582526148774355
219,1285,1504,0.14583677087346625
223,1292,1515,0.14584807301820019
228,1295,1523,0.14584976193347884
225,1295,1520,0.14584035814490562
224,1293,1517,0.14584029637360682
221,1285,1506,0.14584182329927178
209,1288,1497,0.14584977497917798
210,1285,1495,0.14588439409099313
215,1284,1499,0.14591570065118717
213,1290,1503,0.14593392162509786
215,1293,1508,0.1459559765198085
212,1307,1519,0.14597080485076766
213,1304,1517,0.14599241016266806
205,1299,1504,0.14601117945180703
200,1297,1497,0.14604625066362772
197,1305,1502,0.14609099274493978
199,1306,1505,0.1461402931543168
199,1314,1513,0.14618112143517792
196,1310,1506,0.14621989376348288
196,1312,1508,0.14626256906888996
194,1321,1515,0.14630289266907825
202,1310,1512,0.14634322820760767
208,1297,1505,0.14636122257561168
207,1296,1503,0.14636258087009915
211,1295,1506,0.1463663879031669
212,1303,1515,0.1463595886507529
211,1311,1522,0.14635232129874992
212,1305,1517,0.1463479991006412
215,1301,1516,0.14634287485761557
207,1299,1506,0.14633140210216108
208,1301,1509,0.14634024785635735
207,1304,1511,0.14634749486342372
203,1303,1506,0.1463571122479273
206,1307,1513,0.14637608619222323
207,1306,1513,0.1463862625850571
209,1311,1520,0.14639401397695614
204,1315,1519,0.1463969755702571
204,1293,1497,0.14641166488912158
202,1294,1496,0.1464250893837994
207,1299,1506,0.14644309493545957
207,1304,1511,0.1464465246787268
206,1319,1525,0.1464503284816018
208,1325,1533,0.14645663993650523
212,1320,1532,0.14645850734163265
212,1310,1522,0.14645033132411306
213,1312,1525,0.1464406724190224
214,1313,1527,0.14643000240899087
207,1307,1514,0.1464181322337506
202,1318,1520,0.14642347077284343
204,1317,1521,0.1464410824824417
200,1315,1515,0.14645223119054396
197,1302,1499,0.14647176937184014
195,1302,1497,0.1464966764408625
193,1317,1510,0.14652441283507808
192,1306,1498,0.1465555883171533
188,1307,1495,0.14658760776867064
192,1321,1513,0.14662709678696173
196,1327,1523,0.14665439151691959
199,1319,1518,0.1466710359958201
197,1310,1507,0.14668048818752033
197,1309,1506,0.14669330216171972
197,1323,1520,0.14670572691751574
198,1323,1521,0.14671690731777137
197,1324,1521,0.14672460274709453
197,1316,1513,0.14673413234139046
200,1302,1502,0.14674343363371148
195,1310,1505,0.14674416723501627
193,1310,1503,0.14675594606675346
193,1330,1523,0.1467723535292841
193,1328,1521,0.1467875149043762
195,1317,1512,0.14680178127586913
192,1311,1503,0.14681110323309468
193,1326,1519,0.14682673039578326
197,1338,1535,0.14683887320943712
194,1322,1516,0.14684047988494395
194,1321,1515,0.1468496650322446
194,1326,1520,0.14685816290831577
193,1319,1512,0.14686651410179263
188,1306,1494,0.14687625356526113
193,1319,1512,0.14689698781783886
194,1322,1516,0.14690459283741628
190,1317,1507,0.14690974070803228
191,1319,1510,0.1469228576589266
195,1315,1510,0.14693303361723709
198,1327,1525,0.14693395345346583
197,1331,1528,0.14692829089605572
192,1329,1521,0.1469258439533571
195,1326,1521,0.14693502466447508
192,1325,1517,0.146936924617577
192,1318,1510,0.14694624359944522
191,1333,1524,0.1469556587121037
189,1329,1518,0.14696630739936803
190,1324,1514,0.14698058494377395
185,1331,1516,0.14698995949597438
182,1335,1517,0.14701080587156887
181,1337,1518,0.14703701615656964
182,1342,1524,0.14706441304791162
184,1336,1520,0.14708781446501115
189,1332,1521,0.14710359564385303
188,1326,1514,0.14710743534977577
187,1316,1503,0.14711277530468694
186,1316,1502,0.14712078045483612
185,1324,1509,0.14713030937872706
188,1326,1514,0.14714019009191406
181,1334,1515,0.14714229670970805
181,1322,1503,0.14716255344482743
177,1309,1486,0.1471820324813091
176,1321,1497,0.14720863826716937
178,1328,1506,0.14723542147814295
178,1336,1514,0.1472546168739145
177,1342,1519,0.14727267160523305
177,1338,1515,0.14729224236401464
174,1346,1520,0.14731097459754833
180,1348,1528,0.147333744946107
178,1347,1525,0.1473402699521406
176,1339,1515,0.1473512137969686
179,1336,1515,0.1473662442196835
178,1339,1517,0.14737392578844766
177,1332,1509,0.1473831440864612
177,1335,1512,0.14739489575474704
178,1324,1502,0.14740580916538765
181,1325,1506,0.14741426423812443
177,1328,1505,0.1474155435131577
172,1331,1503,0.14742667531123266
172,1335,1507,0.1474472830308184
177,1329,1506,0.14746679308031388
169,1335,1504,0.1474741661016662
172,1334,1506,0.14749949224593423
174,1344,1518,0.14751736445373662
170,1347,1517,0.14752801801642834
173,1353,1526,0.14754766008502768
176,1363,1539,0.1475589080912233
175,1353,1528,0.1475614787859168
175,1344,1519,0.1475649696337304
173,1349,1522,0.1475693022487421
171,1355,1526,0.14757781525401337
167,1347,1514,0.14759116172241743
170,1359,1529,0.14761331250044132
171,1354,1525,0.14762714710743557
170,1359,1529,0.14763752800193117
175,1353,1528,0.14765017296008337
173,1355,1528,0.14765029643705532
180,1347,1527,0.1476551803761731
178,1349,1527,0.14764096491354525
174,1353,1527,0.14763252554759163
173,1344,1517,0.14763512465593354
173,1328,1501,0.14764002398404835
171,1333,1504,0.14764451581119273
172,1319,1491,0.14765454233595587
170,1336,1506,0.14766023686750124
175,1327,1502,0.14766959853918574
177,1344,1521,0.14766716755995837
176,1338,1514,0.14766119538218203
173,1340,1513,0.1476586238378119
172,1355,1527,0.14766301361910966
172,1357,1529,0.1476697653013619
173,1354,1527,0.14767413044508412
172,1356,1528,0.1476770181644941
169,1349,1518,0.14768244814085457
172,1356,1528,0.14769382283794288
172,1356,1528,0.14769788055202282
172,1357,1529,0.1477025376246639
174,1356,1530,0.14770688885558625
172,1351,1523,0.14770680924086363
170,1356,1526,0.14771255983496054
166,1361,1527,0.14772232905551752
167,1358,1525,0.14774074330226378
167,1357,1524,0.1477561336337808
166,1347,1513,0.1477708471818663
172,1344,1516,0.14778584956984298
168,1343,1511,0.14778590782856627
170,1333,1503,0.14779391896856306
165,1325,1490,0.1477977263972454
165,1346,1511,0.14781438847845657
162,1343,1505,0.14783061015988885
163,1344,1507,0.1478530556221937
157,1349,1506,0.14787067397504486
158,1352,1510,0.1479007086295923
156,1341,1497,0.1479265058240748
154,1340,1494,0.1479547900844641
153,1346,1499,0.14798611994861197
160,1333,1493,0.14801731516072736
162,1337,1499,0.14802882706973564
163,1336,1499,0.148034653837909
157,1340,1497,0.14803819906631147
155,1350,1505,0.1480558527727503
151,1353,1504,0.1480774520284788
150,1362,1512,0.14810611516726344
147,1372,1519,0.14813512232409845
144,1367,1511,0.14816924306725274
143,1368,1511,0.14820843915840906
143,1377,1520,0.148247171308117
146,1368,1514,0.14828299357837418
147,1384,1531,0.14831029863734452
147,1380,1527,0.1483330880239029
151,1371,1522,0.148354371609103
150,1367,1517,0.1483644944028227
151,1371,1522,0.1483767084450466
151,1356,1507,0.14838558732756968
155,1361,1516,0.14839345989170494
151,1363,1514,0.148390778008927
147,1373,1520,0.14839806170914846
149,1364,1513,0.1484147686057534
144,1360,1504,0.1484265751883551
143,1368,1511,0.14844835685439386
144,1370,1514,0.14847093876404574
148,1359,1507,0.1484907602571167
141,1362,1503,0.14849906228171345
140,1359,1499,0.1485220974748306
137,1368,1505,0.14854613301645256
139,1377,1516,0.14857552579346514
137,1380,1517,0.14859894894929332
140,1377,1517,0.14862536525980413
140,1377,1517,0.14864239981139835
137,1375,1512,0.1486582960971248
137,1377,1514,0.14868054832057498
138,1385,1523,0.1487017204904239
140,1384,1524,0.14871864820918249
144,1368,1512,0.14872870085819184
144,1369,1513,0.14872828206382846
142,1374,1516,0.1487257118331734
142,1377,1519,0.14872860280704508
144,1372,1516,0.1487323041508561
145,1377,1522,0.14873252774990056
144,1380,1524,0.14873086672126473
146,1375,1521,0.14873187467535964
146,1384,1530,0.1487282285530543
144,1378,1522,0.1487255591005178
145,1363,1508,0.1487284385357721
143,1370,1513,0.14872885584509885
147,1382,1529,0.14873308450357342
142,1378,1520,0.14872811313846998
142,1369,1511,0.14873594602832887
136,1361,1497,0.14874318199249198
138,1366,1504,0.14876321398238584
139,1363,1502,0.14877756090222216
138,1364,1502,0.14878822216797624
137,1379,1516,0.14880103360967412
138,1383,1521,0.14881587965255297
137,1390,1527,0.14882782667944838
136,1388,1524,0.1488399606921556
138,1388,1526,0.14885408677873446
135,1392,1527,0.1488622190942393
137,1375,1512,0.14887641391790848
136,1369,1505,0.1488847992933734
133,1365,1498,0.14889394633657002
130,1378,1508,0.14891017163658418
130,1398,1528,0.14893279605960066
130,1382,1512,0.14895423196593846
126,1385,1511,0.1489748352329759
129,1383,1512,0.1490036118995443
129,1389,1518,0.14902385430110723
129,1395,1524,0.14904318392570684
125,1395,1520,0.14906166031035242
122,1400,1522,0.14908843610646103
124,1407,1531,0.14912036544115403
126,1413,1539,0.14914526417613633
123,1400,1523,0.14916362063406105
126,1386,1512,0.14918819541484685
124,1396,1520,0.14920349616955972
125,1388,1513,0.149222654034076
127,1400,1527,0.14923808342453554
126,1396,1522,0.14924689361403418
127,1392,1519,0.14925806797430746
128,1397,1525,0.14926487858632057
129,1389,1518,0.14926978781463357
130,1391,1521,0.14927091557434416
125,1386,1511,0.1492686625376231
123,1395,1518,0.14927862065394756
120,1390,1510,0.1492931357302759
121,1382,1503,0.14931266376296956
117,1388,1505,0.1493288915582504
119,1383,1502,0.1493539777192008
121,1382,1503,0.14937259078299753
120,1376,1496,0.1493863313364759
120,1391,1511,0.14940067329133458
117,1394,1511,0.14941421762538437
120,1395,1515,0.14943396726072936
119,1387,1506,0.14944529294141784
120,1397,1517,0.1494588493027765
121,1391,1512,0.14946735528982813
122,1394,1516,0.14947268804781644
123,1383,1506,0.14947556299268683
123,1395,1518,0.14947659844887595
123,1396,1519,0.14947777668208645
121,1392,1513,0.14947879817861584
118,1378,1496,0.14948440998608356
116,1388,1504,0.1494971990085731
118,1385,1503,0.14951388686330158
118,1387,1505,0.14952410112383738
117,1389,1506,0.14953357165378062
117,1374,1491,0.14954489867569382
115,1379,1494,0.1495553988225636
116,1382,1498,0.14957095228571773
117,1397,1514,0.1495837910209367
116,1401,1517,0.14959307687507267
118,1404,1522,0.1496039492882349
119,1400,1519,0.14960946459121993
120,1392,1512,0.14961328186223308
119,1394,1513,0.1496145410154802
120,1390,1510,0.14961774664531757
114,1398,1512,0.14961898718191907
120,1384,1504,0.14963402045958415
121,1388,1509,0.14963244441741794
116,1381,1497,0.14962867687300083
117,1373,1490,0.1496373877873064
118,1387,1505,0.14964233525705262
118,1396,1514,0.14964604898884448
117,1398,1515,0.14964962434811308
117,1396,1513,0.14965566416118498
118,1398,1516,0.14966150093651526
116,1393,1509,0.14966407961732345
119,1392,1511,0.14967179224296193
122,1406,1528,0.1496691892252274
125,1403,1528,0.14966030895304333
123,1395,1518,0.14964508250990952
124,1389,1513,0.14963625867288102
122,1394,1516,0.14962615171153748
120,1394,1514,0.14962256270263263
119,1398,1517,0.1496250832274357
119,1400,1519,0.14962930349504344
119,1403,1522,0.1496340840126344
117,1397,1514,0.14963837406795746
115,1389,1504,0.14964699703914414
119,1394,1513,0.1496591089883721
116,1402,1518,0.14966002163886688
116,1399,1515,0.14966805833434102
117,1393,1510,0.14967633141056563
114,1402,1516,0.1496820892316132
117,1400,1517,0.14969468772063088
116,1403,1519,0.14969853016720933
117,1395,1512,0.14970500039111645
121,1388,1509,0.14970862867319393
119,1402,1521,0.14970208738974733
119,1412,1531,0.149701022573257
121,1383,1504,0.14970012913695357
117,1399,1516,0.1496946515235481
119,1400,1519,0.14969913404068003
118,1398,1516,0.14969841380644483
116,1400,1516,0.14969839639405064
114,1395,1509,0.14970357599216538
117,1398,1515,0.14971386820928206
117,1401,1518,0.14971682949711124
117,1395,1512,0.14971936704340702
119,1400,1519,0.14972192173729273
117,1402,1519,0.1497194518813754
121,1395,1516,0.14972229448327723
122,1397,1519,0.14971457556722917
120,1407,1527,0.14970529308363018
118,1393,1511,0.14970153047335338
117,1398,1515,0.1497033248276468
114,1404,1518,0.149707702174585
115,1403,1518,0.14971913896310418
116,1410,1526,0.1497282988174773
112,1408,1520,0.14973409362418386
116,1397,1513,0.14974830550200985
117,1395,1512,0.14975183444088672
117,1393,1510,0.14975361153205333
114,1390,1504,0.14975537184900062
113,1390,1503,0.1497644917793726
117,1389,1506,0.14977481803842818
120,1398,1518,0.1497751913263145
118,1408,1526,0.1497681512133258
113,1419,1532,0.14976702229002584
110,1405,1515,0.14977832188851878
109,1406,1515,0.14979604817012238
110,1401,1511,0.14981526921615512
106,1392,1498,0.14983111597029602
107,1399,1506,0.14985514028046365
110,1395,1505,0.14987464423865032
103,1408,1511,0.14988514435427006
103,1412,1515,0.149911624360008
105,1417,1522,0.149936552980372
105,1413,1518,0.14995575521407997
102,1411,1513,0.14997408013276373
102,1399,1501,0.14999803031628525
101,1400,1501,0.15002080004650012
102,1406,1508,0.15004374285366825
103,1401,1504,0.15006178004109555
102,1404,1506,0.15007679600980892
100,1396,1496,0.15009333262264588
102,1396,1498,0.1501125519497386
100,1407,1507,0.1501255360213632
100,1403,1503,0.1501424362162722
103,1416,1519,0.15015880121796105
102,1414,1516,0.1501661020686889
101,1413,1514,0.15017482147927827
104,1399,1503,0.15018609287199836
104,1401,1505,0.15018932817899774
105,1401,1506,0.15019306279512962
105,1420,1525,0.1501937653107871
104,1417,1521,0.15019356673996087
101,1420,1521,0.15019624098316833
99,1419,1518,0.1502052290048415
106,1414,1520,0.15021883423300886
107,1411,1518,0.15021546885825557
109,1419,1528,0.1502088349195784
105,1415,1520,0.15019636160248537
103,1415,1518,0.15019565080358765
108,1416,1524,0.15019919797027076
105,1421,1526,0.15019044100788645
105,1417,1522,0.15018903649913112
104,1427,1531,0.15018869230269127
102,1418,1520,0.1501918648574616
100,1414,1514,0.15020005149977267
101,1426,1527,0.1502122228912432
103,1420,1523,0.15022077287649602
105,1419,1524,0.15022479342757086
105,1420,1525,0.15022426662322072
106,1421,1527,0.15022357793097574
104,1414,1518,0.15021940181399568
107,1413,1520,0.15022085729131615
107,1414,1521,0.15021582420320123
105,1408,1513,0.15021138894669567
106,1415,1521,0.1502114123808006
107,1416,1523,0.15020973269235752
107,1411,1518,0.15020553562165495
105,1414,1519,0.1502021768367151
104,1411,1515,0.15020402944648265
103,1419,1522,0.1502083220129617
102,1426,1528,0.15021496736195553
105,1437,1542,0.15022285759283835
105,1431,1536,0.1502239088194119
100,1424,1524,0.15022516199026442
100,1414,1514,0.15023779699375603
101,1406,1507,0.15025023493619835
97,1400,1497,0.1502598399679945
100,1409,1509,0.1502771594711402
98,1410,1508,0.15028576926119228
99,1408,1507,0.15029787627702357
99,1417,1516,0.15030667588498683
99,1415,1514,0.15031528085454976
101,1417,1518,0.15032354355564362
101,1409,1510,0.15032544084585045
99,1406,1505,0.15032718907713535
96,1406,1502,0.15033377441992699
96,1414,1510,0.15034683010944724
93,1424,1517,0.15035827520266645
94,1429,1523,0.15037629397690705
92,1427,1519,0.15039120803387238
94,1414,1508,0.15041024235039666
92,1414,1506,0.15042399000958798
90,1426,1516,0.15044118809041382
88,1419,1507,0.15046214173661898
87,1414,1501,0.15048619455100481
86,1415,1501,0.1505111858197352
83,1418,1501,0.150536875264475
80,1418,1498,0.15056698759938006
79,1421,1500,0.15060185753719887
84,1438,1522,0.15063727053371959
90,1439,1529,0.15065668755450445
91,1438,1529,0.15066103019434074
89,1435,1524,0.1506617112208458
88,1444,1532,0.1506672168249376
88,1441,1529,0.15067552283602859
87,1444,1531,0.1506835937953206
87,1436,1523,0.15069434956992028
84,1440,1524,0.15070377061000464
83,1434,1517,0.15071933665089715
85,1436,1521,0.1507368251465024
87,1430,1517,0.15074900036559044
88,1426,1514,0.15075511671049602
84,1438,1522,0.15075836182945243
86,1432,1518,0.15077096653772784
86,1412,1498,0.1507787654881488
85,1418,1503,0.1507855616983085
83,1418,1501,0.1507950942080125
87,1426,1513,0.1508091488764877
87,1439,1526,0.15081130962464104
87,1436,1523,0.15081402868986096
84,1443,1527,0.15081671810359826
84,1435,1519,0.15082608852440268
84,1432,1516,0.15083535517821636
84,1434,1518,0.15084372936755933
87,1446,1533,0.15084961037634212
89,1440,1529,0.15084700369961465
91,1444,1535,0.1508398274615518
88,1443,1531,0.15082879619041123
91,1427,1518,0.15082602897757597
88,1430,1518,0.15081457729600112
91,1425,1516,0.15081208796504025
92,1429,1521,0.15080359919658362
93,1431,1524,0.1507938401378532
94,1435,1529,0.15078163191079783
91,1423,1514,0.1507677401665766
91,1417,1508,0.1507622062996669
89,1425,1514,0.15075711272609663
89,1434,1523,0.15075723577172614
87,1433,1520,0.1507579112444324
90,1429,1519,0.15076342709563753
91,1427,1518,0.15076085017248736
91,1417,1508,0.15075566683554556
88,1430,1518,0.15075135916737287
87,1426,1513,0.15075481052038595
85,1426,1511,0.15075944877974148
84,1426,1510,0.15076822729619846
85,1434,1519,0.1507795956204476
84,1433,1517,0.1507876851398664
83,1444,1527,0.15079769988603192
81,1451,1532,0.15080954250286133
82,1444,1526,0.15082516334087834
81,1454,1535,0.15083775583290254
80,1452,1532,0.15085272209168837
80,1451,1531,0.1508684372826701
83,1455,1538,0.15088375593794046
80,1456,1536,0.1508912414534852
79,1442,1521,0.15090646590265963
79,1431,1510,0.15092212950773815
79,1433,1512,0.15093634682457008
81,1441,1522,0.15095019784849747
79,1443,1522,0.15095691403496025
83,1439,1522,0.15096855965532158
82,1434,1516,0.15097008966194334
81,1424,1505,0.15097430532661466
82,1439,1521,0.15098040351312658
80,1436,1516,0.15098350334018135
82,1431,1513,0.15099095755451564
81,1436,1517,0.15099370157547376
80,1429,1509,0.15099846604282327
78,1432,1510,0.1510054275242361
81,1420,1501,0.151016056371473
79,1427,1506,0.15101782255929105
83,1435,1518,0.1510233657654778
84,1428,1512,0.15101911646620145
83,1423,1506,0.15101164895972663
83,1431,1514,0.15100715818012636
83,1432,1515,0.15100303969025095
81,1433,1514,0.15099989693712337
81,1433,1514,0.1510027542035495
84,1440,1524,0.15100575554235957
84,1443,1527,0.1510015182342809
82,1454,1536,0.15099704874747244
81,1434,1515,0.150997875627367
80,1443,1523,0.15100120605610978
82,1442,1524,0.15100723196980628
83,1432,1515,0.15100768209817633
82,1441,1523,0.15100579640472758
82,1424,1506,0.15100697373672334
84,1417,1501,0.15100796408977696
82,1413,1495,0.1510047151608161
82,1415,1497,0.15100706276746834
82,1414,1496,0.15100971045272227
81,1413,1494,0.15101297479255454
79,1414,1493,0.15101860455574945
78,1420,1498,0.15102884071337666
81,1405,1486,0.1510402352009741
79,1401,1480,0.15104265604221095
75,1424,1499,0.15104939405780635
73,1430,1503,0.1510650140936653
76,1423,1499,0.15108517721438872
76,1430,1506,0.15109701382094048
74,1429,1503,0.15110832722489487
74,1415,1489,0.15112283225213652
73,1423,1496,0.15113634320191857
75,1429,1504,0.15115154614437845
75,1442,1517,0.15116141544323483
75,1439,1514,0.1511701978283268
75,1437,1512,0.15117866847832503
73,1433,1506,0.15118665789040153
74,1441,1515,0.15119836616558927
77,1433,1510,0.15120658079498894
74,1434,1508,0.15120728446476392
78,1437,1515,0.151214702910166
78,1438,1516,0.1512108011180962
78,1430,1508,0.15120734502181574
76,1423,1499,0.15120444721610557
75,1431,1506,0.15120702435584638
73,1440,1513,0.15121231641399702
73,1433,1506,0.15122212038404237
74,1435,1509,0.15122892507837463
72,1431,1503,0.1512330357022293
74,1448,1522,0.15124229341145845
75,1446,1521,0.15124695296831572
74,1441,1515,0.15124936620539223
75,1441,1516,0.15125392647364178
75,1445,1520,0.15125444150777478
74,1451,1525,0.1512556508536268
72,1448,1520,0.15125977927887102
72,1451,1523,0.15126842346305083
69,1459,1528,0.15127657080692242
70,1456,1526,0.15129076275734932
71,1456,1527,0.15130224401310338
71,1457,1528,0.15131101879069542
71,1448,1519,0.15131919609479533
71,1442,1513,0.15132606046123384
70,1439,1509,0.1513322359510005
70,1430,1500,0.1513402227052635
69,1446,1515,0.15134828873755216
67,1448,1515,0.15135625012775378
66,1454,1520,0.15136950118831127
65,1466,1531,0.15138404000965136
65,1445,1510,0.15140035903955135
67,1437,1504,0.15141617835093674
65,1448,1513,0.15142590972764397
64,1459,1523,0.15143938611840962
66,1460,1526,0.1514548444026222
66,1446,1512,0.1514643332026149
66,1437,1503,0.1514737838912911
67,1447,1514,0.15148327865472896
68,1441,1509,0.15148997351481544
67,1453,1520,0.15149425122660337
67,1457,1524,0.15150101668026225
67,1456,1523,0.15150632134159522
64,1446,1510,0.15151175425011956
64,1460,1524,0.15152390904520782
64,1453,1517,0.15153551536579493
66,1452,1518,0.15154583002938804
68,1450,1518,0.1515509287883007
67,1460,1527,0.15154897439104906
67,1451,1518,0.15155014491322177
67,1444,1511,0.15155177545372106
68,1448,1516,0.15155189374966324
69,1450,1519,0.15154946813749715
68,1443,1511,0.15154497804686864
66,1445,1511,0.15154362733836294
68,1448,1516,0.1515470929078198
67,1455,1522,0.1515456018719219
70,1463,1533,0.15154519452278048
71,1451,1522,0.151538508352133
71,1447,1518,0.15153070666156254
69,1446,1515,0.15152377720931523
68,1437,1505,0.1515225051584969
66,1442,1508,0.15152326928710053
67,1442,1509,0.15152892254772668
68,1458,1526,0.15153168687197888
68,1439,1507,0.1515314936036062
68,1438,1506,0.15153160300268342
68,1439,1507,0.15153225188355582
66,1451,1517,0.15153229874436772
67,1462,1529,0.15153725145298907
65,1454,1519,0.15153992176220124
67,1451,1518,0.15154729739043796
68,1455,1523,0.15154951437029454
67,1448,1515,0.15154809809345882
66,1446,1512,0.15154953294792983
66,1452,1518,0.15155221964191534
65,1454,1519,0.15155529337253149
64,1463,1527,0.15156104600882786
61,1454,1515,0.15156910454116182
61,1460,1521,0.15158321182931295
62,1466,1528,0.1515963075063119
60,1468,1528,0.15160671694036854
60,1469,1529,0.15162053396658334
59,1466,1525,0.151633458753453
59,1455,1514,0.15164827803371048
58,1452,1510,0.15166097612924465
56,1453,1509,0.1516740219226524
58,1441,1499,0.15169246907070144
57,1441,1498,0.15170517668717415
55,1460,1515,0.15171988250162333
53,1458,1511,0.1517389937625781
52,1465,1517,0.15176149070654257
48,1459,1507,0.15178441052704955
48,1464,1512,0.1518163328603008
50,1462,1512,0.15184622115352128
47,1454,1501,0.1518686595179216
49,1466,1515,0.15189655696311832
48,1459,1507,0.1519184063735703
47,1451,1498,0.1519419033344747
46,1455,1501,0.1519661833156313
44,1473,1517,0.15199153291087836
44,1478,1522,0.15201998248955234
44,1471,1515,0.15204678013666054
41,1473,1514,0.15207211661685252
43,1468,1511,0.15210271511634968
45,1470,1515,0.15212697318468665
43,1471,1514,0.15214398896685316
43,1463,1506,0.15216509928250951
42,1461,1503,0.1521849652582972
43,1461,1504,0.15220601727562172
42,1470,1512,0.1522236623044967
42,1472,1514,0.15224197139070048
41,1475,1516,0.1522593623044947
41,1471,1512,0.15227743662931767
43,1475,1518,0.152294124720222
43,1491,1534,0.15230482929007963
44,1502,1546,0.15231507679086376
42,1493,1535,0.1523218673878128
41,1481,1522,0.15233337223042134
39,1483,1522,0.1523471196206742
40,1479,1519,0.15236502597912505
42,1479,1521,0.15237885062304304
40,1480,1520,0.15238573960023738
41,1473,1514,0.15239730252509898
41,1481,1522,0.15240614747244283
40,1476,1516,0.15241475140121585
38,1469,1507,0.15242529730148646
38,1469,1507,0.15243998656907592
38,1470,1508,0.1524531263636915
38,1475,1513,0.1524657252885215
37,1473,1510,0.1524770099975328
35,1475,1510,0.1524901243282508
36,1480,1516,0.15250769397900557
37,1471,1508,0.15252207688511102
34,1485,1519,0.15253189202000286
33,1475,1508,0.15254871665193964
34,1477,1511,0.15256666211298378
32,1466,1498,0.15257974530038687
35,1478,1513,0.15259784140461533
33,1464,1497,0.15260636992709573
34,1467,1501,0.15261963615270496
33,1482,1515,0.15263002933096245
32,1492,1524,0.152642641696226
35,1482,1517,0.15265706130185805
32,1501,1533,0.15266216003015226
32,1497,1529,0.1526743656563097
33,1502,1535,0.15268623468192144
32,1480,1512,0.15269536698556807
30,1492,1522,0.1527065649017346
29,1489,1518,0.15272216429412658
29,1488,1517,0.15273942719190367
30,1495,1525,0.1527558164134026
30,1492,1522,0.15276868782980432
30,1485,1515,0.15278095681889664
30,1488,1518,0.15279226211009708
31,1506,1537,0.15280305601310476
31,1499,1530,0.15281070376442935
31,1488,1519,0.15281807751102683
31,1500,1531,0.15282517096382933
31,1493,1524,0.15283122910304203
31,1489,1520,0.1528371394096537
32,1492,1524,0.152842883085734
31,1488,1519,0.15284525132255386
32,1501,1533,0.15284994727613793
30,1506,1536,0.15285163189867682
30,1509,1539,0.1528580259353895
31,1502,1533,0.15286425544092627
31,1492,1523,0.15286717106573589
31,1475,1506,0.15286927376818207
33,1468,1501,0.15287073399191253
32,1461,1493,0.15286689483865223
30,1463,1493,0.15286682266692575
29,1480,1509,0.1528720817658175
28,1475,1503,0.1528795632451912
26,1483,1509,0.15288833640022959
27,1485,1512,0.15290196686004967
26,1484,1510,0.15291248567565124
25,1490,1515,0.15292414495572795
25,1483,1508,0.15293706421870013
25,1479,1504,0.15294869361484476
25,1479,1504,0.15295930565493612
23,1486,1509,0.15296966228685335
23,1490,1513,0.15298502268401612
23,1488,1511,0.1529996597221742
23,1496,1519,0.15301358683370583
23,1492,1515,0.15302540069467072
23,1496,1519,0.15303678512158267
24,1500,1524,0.1530477249871825
24,1502,1526,0.1530550239546736
24,1502,1526,0.15306216108956172
25,1516,1541,0.1530691068185316
25,1515,1540,0.15307261399191444
25,1508,1533,0.15307618847408497
25,1501,1526,0.15307978781090323
24,1492,1516,0.15308337723535545
24,1506,1530,0.15308928831483817
24,1501,1525,0.15309499939867358
20,1500,1520,0.15310050047918883
20,1499,1519,0.15311504543595947
19,1499,1518,0.1531288078182891
19,1502,1521,0.15314428454144813
19,1500,1519,0.15315888886295892
18,1483,1501,0.15317266092184298
19,1495,1514,0.15318815212278067
19,1495,1514,0.15319955268885604
18,1488,1506,0.15321037892568107
17,1491,1508,0.15322221475590925
17,1498,1515,0.15323603875077457
18,1499,1517,0.15324907326532494
20,1492,1512,0.15325827439730247
20,1496,1516,0.1532607266869709
19,1491,1510,0.15326342500392381
18,1490,1508,0.15326871466800093
18,1497,1515,0.15327580338340013
18,1499,1517,0.15328281682015563
18,1476,1494,0.1532897147305303
17,1497,1514,0.15329646496247673
19,1502,1521,0.1533054322866096
18,1494,1512,0.1533078880465307
18,1500,1518,0.15331294212462457
18,1498,1516,0.15331800252311306
20,1510,1530,0.15332303084189872
20,1511,1531,0.1533216420277117
21,1502,1523,0.15332074625383402
21,1488,1509,0.1533170976282147
21,1478,1499,0.15331408749006098
21,1491,1512,0.15331162795574474
21,1484,1505,0.15330964233511335
20,1493,1513,0.1533080637451612
19,1485,1504,0.1533093047376081
19,1481,1500,0.15331333699789454
18,1492,1510,0.15331726362270967
17,1483,1500,0.15332352753715228
18,1477,1495,0.153331841046247
15,1490,1505,0.1533366502926171
15,1490,1505,0.15334861531177818
15,1482,1497,0.15335996781674768
14,1486,1500,0.15337072817098915
14,1497,1511,0.15338368627136778
14,1490,1504,0.15339587367969718
12,1506,1518,0.1534073328251272
11,1504,1515,0.15342287641505492
11,1499,1510,0.15343978672240913
11,1500,1511,0.1534549934489013
11,1505,1516,0.15346936075278145
10,1500,1510,0.1534829275840316
10,1496,1506,0.15349812799196447
10,1499,1509,0.15351245887980278
9,1503,1512,0.15352596486305978
10,1492,1502,0.1535411053148258
10,1508,1518,0.15355227495004126
10,1505,1515,0.15356288932783255
11,1501,1512,0.15357296552555497
10,1500,1510,0.15357929146960683
10,1504,1514,0.15358819047318698
12,1504,1516,0.15359665335179273
11,1495,1506,0.15359828960746383
12,1488,1500,0.15360259271792245
12,1508,1520,0.15360359454114803
12,1512,1524,0.153604839386028
12,1493,1505,0.15360627300306093
12,1490,1502,0.15360784956084428
12,1493,1505,0.15360953046988973
11,1488,1499,0.15361128336425925
11,1504,1515,0.153615536854178
10,1493,1503,0.1536196621816595
10,1506,1516,0.15362622132980608
10,1510,1520,0.15363246420086926
9,1506,1515,0.15363780653385942
10,1510,1520,0.1536460303116662
10,1513,1523,0.15365072893485607
9,1511,1520,0.15365526752779657
9,1522,1531,0.1536619846496277
9,1509,1518,0.1536683916203749
9,1515,1524,0.15367449542286793
9,1513,1522,0.15368030406336616
9,1515,1524,0.15368582633119363
9,1511,1520,0.15369107159507903
10,1517,1527,0.15369604963121122
9,1514,1523,0.15369769057856367
9,1516,1525,0.15370177806607466
9,1517,1526,0.15370573583313957
9,1528,1537,0.15370955771627035
9,1517,1526,0.15371323961200747
9,1516,1525,0.15371677914747564
10,1503,1513,0.15372017539589283
10,1502,1512,0.15372023613038002
10,1504,1514,0.15372045008351398
10,1512,1522,0.15372079008712206
10,1497,1507,0.15372123269160254
10,1515,1525,0.1537217576977698
10,1510,1520,0.15372234774573906
10,1517,1527,0.15372232045693657
10,1510,1520,0.15372245715295263
10,1523,1533,0.15372272829795539
10,1517,1527,0.15372310852000853
10,1507,1517,0.15372357607030276
11,1507,1518,0.15372411235029795
13,1499,1512,0.15372152248000912
13,1498,1511,0.15371288316058496
12,1498,1510,0.15370513095336436
12,1500,1512,0.1537006194885735
9,1501,1510,0.15369666370394516
11,1510,1521,0.15370053252281038
11,1504,1515,0.1536988470803611
11,1516,1527,0.15369754598993401
11,1504,1515,0.1536965723590054
11,1511,1522,0.15369587679532706
10,1507,1517,0.1536954164586189
10,1514,1524,0.15369779011171558
10,1522,1532,0.15370014670287152
10,1514,1524,0.15370247277779614
8,1507,1515,0.15370475738220812
8,1507,1515,0.15371180349748143
8,1514,1522,0.1537185003788067
8,1501,1509,0.1537248594090566
9,1493,1502,0.1537308925019387
9,1495,1504,0.15373401310170048
9,1517,1526,0.15373702403822354
9,1506,1515,0.15373992286632615
9,1518,1527,0.15374270835122558
10,1519,1529,0.1537453802692567
9,1498,1507,0.1537448653728571
9,1491,1500,0.1537468473346787
11,1497,1508,0.15374883237157694
11,1497,1508,0.1537451789476986
10,1504,1514,0.15374196453995537
10,1506,1516,0.15374153601711504
10,1502,1512,0.15374129727801614
10,1494,1504,0.15374121603070204
10,1496,1506,0.15374126460324355
10,1505,1515,0.15374141932054375
9,1512,1521,0.15374165996334055
10,1519,1529,0.15374430264630704
10,1523,1533,0.1537436836287828
10,1515,1525,0.15374326236678446
11,1517,1528,0.15374300505074232
11,1517,1528,0.153739736161294
11,1521,1532,0.153736872767495
10,1503,1513,0.15373436594594575
10,1497,1507,0.15373490897708755
9,1514,1523,0.15373551900848478
10,1497,1507,0.15373841412698097
11,1488,1499,0.1537380032680291
9,1502,1511,0.1537354175249305
9,1504,1513,0.15373784454013362
9,1506,1515,0.15374026777063207
7,1511,1518,0.1537426697066557
7,1502,1509,0.1537497797443262
6,1515,1521,0.15375654940707364
6,1515,1521,0.15376535097377728
6,1515,1521,0.15377368507639727
5,1522,1527,0.15378156981106922
6,1514,1520,0.15379132510138074
6,1530,1536,0.15379791272562657
5,1537,1542,0.15380418477403507
5,1519,1524,0.15381245411873418
5,1512,1517,0.15382027400156253
5,1517,1522,0.1538276640529339
5,1516,1521,0.15383464373257302
5,1512,1517,0.1538412322084069
5,1505,1510,0.15384744825951466
4,1502,1506,0.15385331019955945
4,1511,1515,0.15386132534987096
4,1517,1521,0.15386886581385295
4,1513,1517,0.15387595839875548
4,1511,1515,0.15388262856167703
4,1509,1513,0.1538889004559768
4,1505,1509,0.1538947969792955
4,1509,1513,0.15390033982254095
4,1507,1511,0.15390554951930313
4,1524,1528,0.15391044549525223
4,1511,1515,0.1539150461171538
5,1515,1520,0.15391936874120085
5,1520,1525,0.15392031880531357
6,1524,1530,0.15392131111774687
6,1504,1510,0.1539193743039424
5,1520,1525,0.15391771955150163
6,1530,1536,0.15391855072352595
6,1530,1536,0.15391715502477402
6,1522,1528,0.15391597197596638
5,1517,1522,0.15391497601146883
5,1513,1518,0.15391671503984067
5,1508,1513,0.15391840304770152
5,1511,1516,0.1539200370115428
5,1512,1517,0.1539216147590044
5,1513,1518,0.15392313484579886
3,1517,1520,0.15392459644763096
3,1510,1513,0.15393053529160014
3,1506,1509,0.15393613795309943
3,1513,1516,0.15394142033923366
3,1520,1523,0.15394639803639393
3,1518,1521,0.1539510862457388
3,1528,1531,0.15395549973304723
3,1526,1529,0.15395965279079807
3,1517,1520,0.15396355921061614
3,1523,1526,0.1539672322644708
3,1532,1535,0.15397068469322941
3,1529,1532,0.15397392870135918
3,1529,1532,0.15397697595673324
3,1530,1533,0.15397983759464354
3,1507,1510,0.15398252422524672
4,1514,1518,0.15398504594378054
4,1512,1516,0.15398423859594676
4,1508,1512,0.15398357809395083
4,1503,1507,0.15398304391464296
4,1496,1500,0.15398261814939282
3,1510,1513,0.1539822851844109
4,1498,1502,0.1539842556802179
4,1496,1500,0.15398386194484645
4,1520,1524,0.15398354532591257
4,1509,1513,0.15398329490729895
3,1505,1508,0.15398310116098654
4,1504,1508,0.1539852245387398
4,1510,1514,0.15398490879938304
5,1511,1516,0.15398464832815129
5,1502,1507,0.15398123806024636
5,1505,1510,0.15397816314438245
5,1499,1504,0.15397538734767732
5,1515,1520,0.15397287863452458
5,1516,1521,0.1539706086573663
5,1509,1514,0.15396855231106318
5,1516,1521,0.1539666873427761
4,1502,1506,0.1539649940103121
4,1508,1512,0.15396581553582947
5,1508,1513,0.15396663046642706
5,1511,1516,0.15396493199576586
6,1504,1510,0.15396338831630701
6,1523,1529,0.15395885794771713
6,1511,1517,0.15395474217106428
6,1513,1519,0.15395100044239668
6,1517,1523,0.15394759641433553
5,1523,1528,0.1539444974817561
5,1506,1511,0.15394391182782724
3,1506,1509,0.15394380913328815
3,1514,1517,0.15394845840234217
3,1525,1528,0.1539528416608004
2,1523,1525,0.15395697170880407
2,1516,1518,0.15396313591897928
2,1516,1518,0.1539689289692964
2,1522,1524,0.15397437227340474
2,1527,1529,0.15397948613703596
2,1529,1531,0.15398428979721054
2,1535,1537,0.15398880146292515
2,1530,1532,0.15399303835671302
2,1519,1521,0.15399701675657426
2,1522,1524,0.1540007520378649
2,1521,1523,0.15400425871480855
2,1519,1521,0.15400755048136058
1,1519,1520,0.15401064025121103
1,1520,1521,0.15401599034406466
1,1498,1499,0.15402101394550147
1,1493,1494,0.154025730897943
1,1498,1499,0.1540301598441539
1,1511,1512,0.15403431829947242
1,1513,1514,0.1540382227196732
1,1525,1526,0.15404188856473586
1,1514,1515,0.15404533035877255
1,1530,1531,0.1540485617463514
1,1522,1523,0.154051595545437
1,1522,1523,0.15405444379715358
1,1517,1518,0.15405711781256468
1,1523,1524,0.15405962821664929
1,1512,1513,0.15406198498964346
1,1508,1509,0.15406419750590636
1,1506,1507,0.15406627457045885
1,1501,1502,0.154068224453334
1,1515,1516,0.1540700549218705
1,1508,1509,0.15407177327107185
1,1506,1507,0.15407338635214607
1,1506,1507,0.15407490059933523
1,1506,1507,0.1540763220551361
1,1508,1509,0.15407765639400758
1,1515,1516,0.15407890894465537
1,1517,1518,0.15408008471097823
1,1521,1522,0.1540811883917557
1,1526,1527,0.15408222439915195
1,1525,1526,0.15408319687610658
1,1513,1514,0.15408410971267825
1,1496,1497,0.15408496656140402
1,1504,1505,0.15408577085173264
1,1518,1519,0.15408652580358748
1,1518,1519,0.15408723444011052
1,1524,1525,0.1540878995996371
1,1527,1528,0.15408852394694644
1,1518,1519,0.15408910998383238
1,1510,1511,0.15408966005903388
1,1523,1524,0.15409017637756472
0,1514,1514,0.15409066100947766
