1364,29,1393,0.1388
1386,28,1414,0.1388
1405,29,1434,0.1388
1421,31,1452,0.1388
1429,34,1463,0.1388
1443,34,1477,0.1388
1450,34,1484,0.1388
1444,33,1477,0.1388
1457,34,1491,0.1388
1446,38,1484,0.1388
1446,40,1486,0.1388
1458,44,1502,0.1388
1465,43,1508,0.1388
1456,41,1497,0.1388
1451,39,1490,0.1388
1468,40,1508,0.1388
1467,41,1508,0.1388
1463,40,1503,0.1388
1448,42,1490,0.1388
1459,39,1498,0.1388
1451,40,1491,0.1388
1449,39,1488,0.1388
1455,37,1492,0.1388
1460,41,1501,0.1388
1462,41,1503,0.1388
1460,41,1501,0.1388
1457,42,1499,0.1388
1452,42,1494,0.1388
1460,42,1502,0.1388
1466,42,1508,0.1388
1453,43,1496,0.1388
1439,44,1483,0.1388
1445,45,1490,0.1388
1453,48,1501,0.1388
1455,50,1505,0.1388
1442,50,1492,0.1388
1457,50,1507,0.1388
1454,47,1501,0.1388
1433,49,1482,0.1388
1434,49,1483,0.1388
1436,49,1485,0.1388
1446,47,1493,0.1388
1439,46,1485,0.1388
1442,48,1490,0.1388
1443,49,1492,0.1388
1442,51,1493,0.1388
1450,50,1500,0.1388
1434,50,1484,0.1388
1431,51,1482,0.1388
1435,53,1488,0.1388
1430,52,1482,0.1388
1427,52,1479,0.1388
1446,52,1498,0.1388
1444,51,1495,0.1388
1436,54,1490,0.1388
1439,56,1495,0.1388
1448,54,1502,0.1388
1442,53,1495,0.1388
1440,49,1489,0.1388
1429,49,1478,0.1388
1436,48,1484,0.1388
1439,46,1485,0.1388
1429,49,1478,0.1388
1441,48,1489,0.1388
1439,49,1488,0.1388
1433,50,1483,0.1388
1434,51,1485,0.1388
1442,47,1489,0.1388
1456,50,1506,0.1388
1446,49,1495,0.1388
1440,50,1490,0.1388
1456,51,1507,0.1388
1476,51,1527,0.1388
1472,51,1523,0.1388
1473,50,1523,0.1388
1456,52,1508,0.1388
1451,51,1502,0.1388
1448,51,1499,0.1388
1444,51,1495,0.1388
1432,49,1481,0.1388
1422,50,1472,0.1388
1425,53,1478,0.1388
1428,51,1479,0.1388
1428,50,1478,0.1388
1430,49,1479,0.1388
1429,48,1477,0.1388
1438,47,1485,0.1388
1442,48,1490,0.1388
1435,48,1483,0.1388
1426,45,1471,0.1388
1441,45,1486,0.1388
1447,43,1490,0.1388
1448,43,1491,0.1388
1461,43,1504,0.1388
1454,41,1495,0.1388
1454,42,1496,0.1388
1447,45,1492,0.1388
1452,44,1496,0.1388
1455,44,1499,0.1388
1450,47,1497,0.1388
1456,48,1504,0.1388
1432,49,1481,0.1388
1439,48,1487,0.1388
1446,49,1495,0.1388
1443,51,1494,0.1388
1436,52,1488,0.1388
1436,51,1487,0.1388
1434,50,1484,0.1388
1428,52,1480,0.1388
1435,51,1486,0.1388
1451,52,1503,0.1388
1454,52,1506,0.1388
1446,52,1498,0.1388
1449,50,1499,0.1388
1455,50,1505,0.1388
1455,50,1505,0.1388
1448,46,1494,0.1388
1451,45,1496,0.1388
1455,45,1500,0.1388
1447,46,1493,0.1388
1433,49,1482,0.1388
1447,52,1499,0.1388
1447,53,1500,0.1388
1453,54,1507,0.1388
1442,53,1495,0.1388
1427,54,1481,0.1388
1441,54,1495,0.1388
1449,52,1501,0.1388
1450,55,1505,0.1388
1441,54,1495,0.1388
1450,55,1505,0.1388
1463,55,1518,0.1388
1458,57,1515,0.1388
1449,58,1507,0.1388
1439,58,1497,0.1388
1438,54,1492,0.1388
1436,59,1495,0.1388
1453,61,1514,0.1388
1454,60,1514,0.1388
1438,61,1499,0.1388
1436,60,1496,0.1388
1435,57,1492,0.1388
1438,58,1496,0.1388
1429,56,1485,0.1388
1424,55,1479,0.1388
1430,57,1487,0.1388
1423,59,1482,0.1388
1428,58,1486,0.1388
1415,59,1474,0.1388
1417,60,1477,0.1388
1432,63,1495,0.1388
1423,62,1485,0.1388
1437,63,1500,0.1388
1434,68,1502,0.1388
1434,66,1500,0.1388
1433,65,1498,0.1388
1431,65,1496,0.1388
1427,65,1492,0.1388
1431,62,1493,0.1388
1434,61,1495,0.1388
1439,61,1500,0.1388
1434,59,1493,0.1388
1424,62,1486,0.1388
1424,63,1487,0.1388
1422,60,1482,0.1388
1415,61,1476,0.1388
1431,61,1492,0.1388
1430,65,1495,0.1388
1414,67,1481,0.1388
1423,69,1492,0.1388
1428,70,1498,0.1388
1416,67,1483,0.1388
1425,69,1494,0.1388
1424,69,1493,0.1388
1408,70,1478,0.1388
1407,73,1480,0.1388
1400,74,1474,0.1388
1407,76,1483,0.1388
1410,78,1488,0.1388
1420,78,1498,0.1388
1428,78,1506,0.1388
1431,75,1506,0.1388
1411,75,1486,0.1388
1411,76,1487,0.1388
1416,76,1492,0.1388
1395,76,1471,0.1388
1412,79,1491,0.1388
1415,81,1496,0.1388
1416,81,1497,0.1388
1406,81,1487,0.1388
1409,79,1488,0.1388
1408,80,1488,0.1388
1415,81,1496,0.1388
1405,81,1486,0.1388
1410,81,1491,0.1388
1405,79,1484,0.1388
1407,81,1488,0.1388
1411,86,1497,0.1388
1417,87,1504,0.1388
1416,90,1506,0.1388
1416,94,1510,0.1388
1422,93,1515,0.1388
1409,91,1500,0.1388
1403,92,1495,0.1388
1413,94,1507,0.1388
1412,93,1505,0.1388
1419,92,1511,0.1388
1407,90,1497,0.1388
1410,94,1504,0.1388
1414,99,1513,0.1388
1394,100,1494,0.1388
1397,102,1499,0.1388
1389,103,1492,0.1388
1394,102,1496,0.1388
1384,103,1487,0.1388
1376,107,1483,0.1388
1377,105,1482,0.1388
1376,108,1484,0.1388
1384,108,1492,0.1388
1382,106,1488,0.1388
1388,103,1491,0.1388
1390,105,1495,0.1388
1394,109,1503,0.1388
1396,104,1500,0.1388
1382,108,1490,0.1388
1394,107,1501,0.1388
1393,107,1500,0.1388
1390,107,1497,0.1388
1397,106,1503,0.1388
1398,108,1506,0.1388
1385,107,1492,0.1388
1394,107,1501,0.1388
1388,107,1495,0.1388
1390,109,1499,0.1388
1387,115,1502,0.1388
1380,112,1492,0.1388
1376,115,1491,0.1388
1375,114,1489,0.1388
1370,112,1482,0.1388
1368,113,1481,0.1388
1381,115,1496,0.1388
1385,112,1497,0.1388
1389,108,1497,0.1388
1394,108,1502,0.1388
1395,108,1503,0.1388
1391,107,1498,0.1388
1390,106,1496,0.1388
1386,106,1492,0.1388
1397,106,1503,0.1388
1393,102,1495,0.1388
1395,101,1496,0.1388
1401,101,1502,0.1388
1392,103,1495,0.1388
1394,108,1502,0.1388
1392,108,1500,0.1388
1394,107,1501,0.1388
1387,113,1500,0.1388
1389,115,1504,0.1388
1384,116,1500,0.1388
1388,116,1504,0.1388
1378,118,1496,0.1388
1377,117,1494,0.1388
1376,117,1493,0.1388
1376,115,1491,0.1388
1377,116,1493,0.1388
1388,117,1505,0.1388
1377,118,1495,0.1388
1379,119,1498,0.1388
1386,118,1504,0.1388
1385,114,1499,0.1388
1378,115,1493,0.1388
1383,119,1502,0.1388
1395,124,1519,0.1388
1384,128,1512,0.1388
1360,130,1490,0.1388
1363,134,1497,0.1388
1376,133,1509,0.1388
1377,133,1510,0.1388
1380,132,1512,0.1388
1375,133,1508,0.1388
1375,135,1510,0.1388
1369,133,1502,0.1388
1371,133,1504,0.1388
1365,139,1504,0.1388
1375,138,1513,0.1388
1359,140,1499,0.1388
1354,138,1492,0.1388
1353,137,1490,0.1388
1349,138,1487,0.1388
1360,139,1499,0.1388
1351,143,1494,0.1388
1344,142,1486,0.1388
1334,144,1478,0.1388
1320,145,1465,0.1388
1332,146,1478,0.1388
1335,145,1480,0.1388
1340,146,1486,0.1388
1337,151,1488,0.1388
1334,155,1489,0.1388
1332,155,1487,0.1388
1332,155,1487,0.1388
1336,158,1494,0.1388
1333,159,1492,0.1388
1322,164,1486,0.1388
1321,160,1481,0.1388
1335,162,1497,0.1388
1331,161,1492,0.1388
1332,157,1489,0.1388
1335,161,1496,0.1388
1325,159,1484,0.1388
1333,159,1492,0.1388
1332,158,1490,0.1388
1336,154,1490,0.1388
1342,157,1499,0.1388
1334,156,1490,0.1388
1340,157,1497,0.1388
1346,157,1503,0.1388
1340,161,1501,0.1388
1345,160,1505,0.1388
1327,162,1489,0.1388
1340,159,1499,0.1388
1340,163,1503,0.1388
1325,160,1485,0.1388
1339,155,1494,0.1388
1340,157,1497,0.1388
1349,161,1510,0.1388
1340,163,1503,0.1388
1347,165,1512,0.1388
1352,163,1515,0.1388
1341,160,1501,0.1388
1351,162,1513,0.1388
1343,159,1502,0.1388
1348,163,1511,0.1388
1346,163,1509,0.1388
1338,160,1498,0.1388
1335,161,1496,0.1388
1332,161,1493,0.1388
1336,170,1506,0.1388
1318,169,1487,0.1388
1323,172,1495,0.1388
1331,174,1505,0.1388
1324,177,1501,0.1388
1328,176,1504,0.1388
1329,177,1506,0.1388
1325,173,1498,0.1388
1306,171,1477,0.1388
1306,171,1477,0.1388
1316,170,1486,0.1388
1319,175,1494,0.1388
1318,177,1495,0.1388
1316,178,1494,0.1388
1317,176,1493,0.1388
1311,176,1487,0.1388
1316,173,1489,0.1388
1304,172,1476,0.1388
1310,172,1482,0.1388
1326,171,1497,0.1388
1335,169,1504,0.1388
1329,167,1496,0.1388
1330,164,1494,0.1388
1324,161,1485,0.1388
1323,158,1481,0.1388
1325,156,1481,0.1388
1329,166,1495,0.1388
1326,167,1493,0.1388
1338,166,1504,0.1388
1331,168,1499,0.1388
1340,169,1509,0.1388
1350,167,1517,0.1388
1335,166,1501,0.1388
1327,166,1493,0.1388
1331,167,1498,0.1388
1326,168,1494,0.1388
1331,169,1500,0.1388
1320,170,1490,0.1388
1316,172,1488,0.1388
1321,172,1493,0.1388
1328,174,1502,0.1388
1329,179,1508,0.1388
1322,176,1498,0.1388
1316,174,1490,0.1388
1300,176,1476,0.1388
1301,174,1475,0.1388
1315,175,1490,0.1388
1313,175,1488,0.1388
1317,174,1491,0.1388
1320,165,1485,0.1388
1328,164,1492,0.1388
1329,166,1495,0.1388
1333,168,1501,0.1388
1333,166,1499,0.1388
1335,166,1501,0.1388
1323,167,1490,0.1388
1325,166,1491,0.1388
1332,166,1498,0.1388
1333,165,1498,0.1388
1336,169,1505,0.1388
1328,172,1500,0.1388
1318,175,1493,0.1388
1329,177,1506,0.1388
1321,180,1501,0.1388
1320,184,1504,0.1388
1319,179,1498,0.1388
1308,178,1486,0.1388
1315,183,1498,0.1388
1321,180,1501,0.1388
1309,182,1491,0.1388
1319,182,1501,0.1388
1311,183,1494,0.1388
1313,185,1498,0.1388
1321,183,1504,0.1388
1318,178,1496,0.1388
1315,177,1492,0.1388
1312,178,1490,0.1388
1307,182,1489,0.1388
1311,183,1494,0.1388
1316,180,1496,0.1388
1309,191,1500,0.1388
1303,191,1494,0.1388
1296,191,1487,0.1388
1315,192,1507,0.1388
1318,192,1510,0.1388
1311,187,1498,0.1388
1309,188,1497,0.1388
1308,187,1495,0.1388
1313,184,1497,0.1388
1311,185,1496,0.1388
1321,187,1508,0.1388
1299,185,1484,0.1388
1306,189,1495,0.1388
1306,184,1490,0.1388
1302,185,1487,0.1388
1308,184,1492,0.1388
1313,187,1500,0.1388
1310,190,1500,0.1388
1315,186,1501,0.1388
1303,185,1488,0.1388
1310,183,1493,0.1388
1312,181,1493,0.1388
1311,178,1489,0.1388
1318,178,1496,0.1388
1319,178,1497,0.1388
1317,178,1495,0.1388
1314,180,1494,0.1388
1313,180,1493,0.1388
1324,181,1505,0.1388
1326,186,1512,0.1388
1332,182,1514,0.1388
1329,181,1510,0.1388
1321,181,1502,0.1388
1309,179,1488,0.1388
1305,178,1483,0.1388
1311,181,1492,0.1388
1316,183,1499,0.1388
1323,185,1508,0.1388
1320,187,1507,0.1388
1308,184,1492,0.1388
1310,184,1494,0.1388
1304,182,1486,0.1388
1309,182,1491,0.1388
1303,185,1488,0.1388
1301,182,1483,0.1388
1297,188,1485,0.1388
1300,190,1490,0.1388
1304,191,1495,0.1388
1301,190,1491,0.1388
1296,193,1489,0.1388
1301,194,1495,0.1388
1301,197,1498,0.1388
1305,191,1496,0.1388
1301,192,1493,0.1388
1287,194,1481,0.1388
1287,195,1482,0.1388
1301,198,1499,0.1388
1286,204,1490,0.1388
1282,201,1483,0.1388
1295,204,1499,0.1388
1289,205,1494,0.1388
1281,202,1483,0.1388
1284,204,1488,0.1388
1284,205,1489,0.1388
1298,204,1502,0.1388
1277,207,1484,0.1388
1290,206,1496,0.1388
1280,210,1490,0.1388
1278,206,1484,0.1388
1274,210,1484,0.1388
1279,215,1494,0.1388
1274,214,1488,0.1388
1286,219,1505,0.1388
1285,220,1505,0.1388
1283,221,1504,0.1388
1271,223,1494,0.1388
1273,224,1497,0.1388
1281,226,1507,0.1388
1277,226,1503,0.1388
1291,225,1516,0.1388
1285,224,1509,0.1388
1285,222,1507,0.1388
1289,228,1517,0.1388
1288,229,1517,0.1388
1272,227,1499,0.1388
1267,231,1498,0.1388
1267,228,1495,0.1388
1270,227,1497,0.1388
1268,233,1501,0.1388
1266,230,1496,0.1388
1280,229,1509,0.1388
1266,236,1502,0.1388
1268,237,1505,0.1388
1253,240,1493,0.1388
1244,234,1478,0.1388
1253,233,1486,0.1388
1252,232,1484,0.1388
1268,224,1492,0.1388
1258,229,1487,0.1388
1251,241,1492,0.1388
1255,235,1490,0.1388
1253,239,1492,0.1388
1243,241,1484,0.1388
1254,238,1492,0.1388
1261,240,1501,0.1388
1261,241,1502,0.1388
1249,243,1492,0.1388
1258,248,1506,0.1388
1268,247,1515,0.1388
1272,249,1521,0.1388
1265,249,1514,0.1388
1253,245,1498,0.1388
1249,252,1501,0.1388
1233,252,1485,0.1388
1240,255,1495,0.1388
1251,253,1504,0.1388
1252,258,1510,0.1388
1241,255,1496,0.1388
1246,254,1500,0.1388
1223,255,1478,0.1388
1223,261,1484,0.1388
1221,265,1486,0.1388
1228,266,1494,0.1388
1233,265,1498,0.1388
1228,263,1491,0.1388
1235,266,1501,0.1388
1217,264,1481,0.1388
1230,263,1493,0.1388
1231,263,1494,0.1388
1233,266,1499,0.1388
1232,270,1502,0.1388
1232,270,1502,0.1388
1222,276,1498,0.1388
1231,276,1507,0.1388
1219,277,1496,0.1388
1211,281,1492,0.1388
1216,277,1493,0.1388
1221,281,1502,0.1388
1226,285,1511,0.1388
1214,288,1502,0.1388
1211,289,1500,0.1388
1221,294,1515,0.1388
1206,296,1502,0.1388
1200,297,1497,0.1388
1210,294,1504,0.1388
1202,296,1498,0.1388
1201,297,1498,0.1388
1201,301,1502,0.1388
1202,299,1501,0.1388
1201,305,1506,0.1388
1189,301,1490,0.1388
1192,301,1493,0.1388
1189,299,1488,0.1388
1189,306,1495,0.1388
1183,307,1490,0.1388
1180,310,1490,0.1388
1180,304,1484,0.1388
1184,309,1493,0.1388
1189,310,1499,0.1388
1192,305,1497,0.1388
1186,308,1494,0.1388
1193,306,1499,0.1388
1189,310,1499,0.1388
1192,311,1503,0.1388
1201,314,1515,0.1388
1203,316,1519,0.1388
1199,314,1513,0.1388
1196,313,1509,0.1388
1190,308,1498,0.1388
1194,305,1499,0.1388
1180,315,1495,0.1388
1192,313,1505,0.1388
1204,307,1511,0.1388
1191,310,1501,0.1388
1190,313,1503,0.1388
1182,318,1500,0.1388
1182,318,1500,0.1388
1167,322,1489,0.1388
1173,319,1492,0.1388
1175,323,1498,0.1388
1170,324,1494,0.1388
1172,326,1498,0.1388
1175,336,1511,0.1388
1176,332,1508,0.1388
1172,335,1507,0.1388
1179,333,1512,0.1388
1158,333,1491,0.1388
1151,333,1484,0.1388
1158,332,1490,0.1388
1161,332,1493,0.1388
1176,330,1506,0.1388
1168,331,1499,0.1388
1155,328,1483,0.1388
1155,329,1484,0.1388
1163,330,1493,0.1388
1155,334,1489,0.1388
1165,333,1498,0.1388
1172,331,1503,0.1388
1166,331,1497,0.1388
1166,331,1497,0.1388
1168,336,1504,0.1388
1160,339,1499,0.1388
1155,343,1498,0.1388
1166,337,1503,0.1388
1158,340,1498,0.1388
1146,347,1493,0.1388
1136,357,1493,0.1388
1136,357,1493,0.1388
1135,358,1493,0.1388
1131,356,1487,0.1388
1154,358,1512,0.1388
1156,356,1512,0.1388
1152,358,1510,0.1388
1149,354,1503,0.1388
1147,359,1506,0.1388
1148,362,1510,0.1388
1147,366,1513,0.1388
1152,358,1510,0.1388
1147,356,1503,0.1388
1147,354,1501,0.1388
1149,356,1505,0.1388
1131,354,1485,0.1388
1142,352,1494,0.1388
1150,353,1503,0.1388
1149,354,1503,0.1388
1143,358,1501,0.1388
1144,358,1502,0.1388
1132,355,1487,0.1388
1138,361,1499,0.1388
1132,362,1494,0.1388
1150,360,1510,0.1388
1142,363,1505,0.1388
1133,362,1495,0.1388
1136,367,1503,0.1388
1142,371,1513,0.1388
1142,372,1514,0.1388
1143,373,1516,0.1388
1137,372,1509,0.1388
1147,370,1517,0.1388
1142,369,1511,0.1388
1138,373,1511,0.1388
1130,364,1494,0.1388
1129,363,1492,0.1388
1129,367,1496,0.1388
1144,362,1506,0.1388
1146,361,1507,0.1388
1136,366,1502,0.1388
1135,370,1505,0.1388
1146,373,1519,0.1388
1130,369,1499,0.1388
1119,377,1496,0.1388
1114,380,1494,0.1388
1129,377,1506,0.1388
1127,378,1505,0.1388
1129,389,1518,0.1388
1127,385,1512,0.1388
1134,375,1509,0.1388
1129,375,1504,0.1388
1132,380,1512,0.1388
1130,374,1504,0.1388
1125,377,1502,0.1388
1123,376,1499,0.1388
1125,381,1506,0.1388
1126,383,1509,0.1388
1111,385,1496,0.1388
1115,387,1502,0.1388
1117,383,1500,0.1388
1112,391,1503,0.1388
1109,392,1501,0.1388
1116,390,1506,0.1388
1116,389,1505,0.1388
1112,392,1504,0.1388
1116,395,1511,0.1388
1118,388,1506,0.1388
1117,385,1502,0.1388
1103,386,1489,0.1388
1111,387,1498,0.1388
1111,389,1500,0.1388
1104,389,1493,0.1388
1109,385,1494,0.1388
1094,389,1483,0.1388
1094,387,1481,0.1388
1088,387,1475,0.1388
1095,386,1481,0.1388
1085,392,1477,0.1388
1084,391,1475,0.1388
1083,393,1476,0.1388
1081,396,1477,0.1388
1084,403,1487,0.1388
1083,409,1492,0.1388
1079,408,1487,0.1388
1086,414,1500,0.1388
1099,409,1508,0.1388
1098,416,1514,0.1388
1083,416,1499,0.1388
1078,421,1499,0.1388
1072,416,1488,0.1388
1078,422,1500,0.1388
1080,425,1505,0.1388
1074,426,1500,0.1388
1072,422,1494,0.1388
1065,423,1488,0.1388
1062,428,1490,0.1388
1072,421,1493,0.1388
1078,420,1498,0.1388
1082,420,1502,0.1388
1079,422,1501,0.1388
1072,433,1505,0.1388
1070,434,1504,0.1388
1076,432,1508,0.1388
1067,435,1502,0.1388
1053,432,1485,0.1388
1042,436,1478,0.1388
1031,439,1470,0.1388
1039,445,1484,0.1388
1042,442,1484,0.1388
1047,439,1486,0.1388
1052,442,1494,0.1388
1046,440,1486,0.1388
1048,444,1492,0.1388
1047,449,1496,0.1388
1059,450,1509,0.1388
1038,453,1491,0.1388
1029,453,1482,0.1388
1039,449,1488,0.1388
1047,448,1495,0.1388
1042,460,1502,0.1388
1042,457,1499,0.1388
1044,459,1503,0.1388
1038,462,1500,0.1388
1045,463,1508,0.1388
1048,466,1514,0.1388
1046,467,1513,0.1388
1029,463,1492,0.1388
1034,467,1501,0.1388
1039,464,1503,0.1388
1035,465,1500,0.1388
1035,470,1505,0.1388
1030,466,1496,0.1388
1020,465,1485,0.1388
1030,461,1491,0.1388
1028,471,1499,0.1388
1020,472,1492,0.1388
1027,475,1502,0.1388
1029,476,1505,0.1388
1026,468,1494,0.1388
1026,473,1499,0.1388
1022,472,1494,0.1388
1018,471,1489,0.1388
1016,476,1492,0.1388
1029,477,1506,0.1388
1018,473,1491,0.1388
1015,478,1493,0.1388
1015,472,1487,0.1388
1018,474,1492,0.1388
1019,481,1500,0.1388
1011,477,1488,0.1388
1022,483,1505,0.1388
1022,478,1500,0.1388
1031,473,1504,0.1388
1034,477,1511,0.1388
1035,468,1503,0.1388
1028,478,1506,0.1388
1025,481,1506,0.1388
1035,477,1512,0.1388
1034,482,1516,0.1388
1031,482,1513,0.1388
1028,481,1509,0.1388
1023,483,1506,0.1388
1027,485,1512,0.1388
1020,485,1505,0.1388
1021,489,1510,0.1388
1012,495,1507,0.1388
1019,500,1519,0.1388
1019,499,1518,0.1388
1014,497,1511,0.1388
1005,497,1502,0.1388
1002,495,1497,0.1388
1001,491,1492,0.1388
1002,488,1490,0.1388
1000,489,1489,0.1388
998,496,1494,0.1388
1009,502,1511,0.1388
1014,514,1528,0.1388
1017,518,1535,0.1388
1003,514,1517,0.1388
1010,507,1517,0.1388
999,511,1510,0.1388
1004,512,1516,0.1388
1006,507,1513,0.1388
998,511,1509,0.1388
996,512,1508,0.1388
995,515,1510,0.1388
976,512,1488,0.1388
980,515,1495,0.1388
986,523,1509,0.1388
977,523,1500,0.1388
980,520,1500,0.1388
978,521,1499,0.1388
980,527,1507,0.1388
982,522,1504,0.1388
978,533,1511,0.1388
970,537,1507,0.1388
982,535,1517,0.1388
984,527,1511,0.1388
980,521,1501,0.1388
966,524,1490,0.1388
980,521,1501,0.1388
974,511,1485,0.1388
967,510,1477,0.1388
974,514,1488,0.1388
967,513,1480,0.1388
973,520,1493,0.1388
978,517,1495,0.1388
973,519,1492,0.1388
963,522,1485,0.1388
969,521,1490,0.1388
976,523,1499,0.1388
983,527,1510,0.1388
982,530,1512,0.1388
981,526,1507,0.1388
986,525,1511,0.1388
983,516,1499,0.1388
986,522,1508,0.1388
992,518,1510,0.1388
982,523,1505,0.1388
983,519,1502,0.1388
991,526,1517,0.1388
991,532,1523,0.1388
987,527,1514,0.1388
996,520,1516,0.1388
998,515,1513,0.1388
993,518,1511,0.1388
984,523,1507,0.1388
983,524,1507,0.1388
962,526,1488,0.1388
958,527,1485,0.1388
973,526,1499,0.1388
970,531,1501,0.1388
983,529,1512,0.1388
981,529,1510,0.1388
976,528,1504,0.1388
978,534,1512,0.1388
979,530,1509,0.1388
979,534,1513,0.1388
975,538,1513,0.1388
967,538,1505,0.1388
963,534,1497,0.1388
965,536,1501,0.1388
970,530,1500,0.1388
969,532,1501,0.1388
960,534,1494,0.1388
961,538,1499,0.1388
956,539,1495,0.1388
956,537,1493,0.1388
948,542,1490,0.1388
954,553,1507,0.1388
960,543,1503,0.1388
952,551,1503,0.1388
941,550,1491,0.1388
931,545,1476,0.1388
930,546,1476,0.1388
939,556,1495,0.1388
933,559,1492,0.1388
937,555,1492,0.1388
939,549,1488,0.1388
930,548,1478,0.1388
931,555,1486,0.1388
927,559,1486,0.1388
945,565,1510,0.1388
942,562,1504,0.1388
938,560,1498,0.1388
928,559,1487,0.1388
923,560,1483,0.1388
937,563,1500,0.1388
936,569,1505,0.1388
939,581,1520,0.1388
938,580,1518,0.1388
925,584,1509,0.1388
938,574,1512,0.1388
933,574,1507,0.1388
942,573,1515,0.1388
939,579,1518,0.1388
930,579,1509,0.1388
927,575,1502,0.1388
925,582,1507,0.1388
927,587,1514,0.1388
937,583,1520,0.1388
934,578,1512,0.1388
919,583,1502,0.1388
920,581,1501,0.1388
912,580,1492,0.1388
909,582,1491,0.1388
914,589,1503,0.1388
917,588,1505,0.1388
925,587,1512,0.1388
925,587,1512,0.1388
913,588,1501,0.1388
914,584,1498,0.1388
903,591,1494,0.1388
896,588,1484,0.1388
915,582,1497,0.1388
918,592,1510,0.1388
924,588,1512,0.1388
920,584,1504,0.1388
920,586,1506,0.1388
931,583,1514,0.1388
930,587,1517,0.1388
926,590,1516,0.1388
925,590,1515,0.1388
929,595,1524,0.1388
932,593,1525,0.1388
921,594,1515,0.1388
916,590,1506,0.1388
912,591,1503,0.1388
910,594,1504,0.1388
911,595,1506,0.1388
898,598,1496,0.1388
897,595,1492,0.1388
897,602,1499,0.1388
891,596,1487,0.1388
893,604,1497,0.1388
897,611,1508,0.1388
901,601,1502,0.1388
896,599,1495,0.1388
896,606,1502,0.1388
909,610,1519,0.1388
907,611,1518,0.1388
903,622,1525,0.1388
897,610,1507,0.1388
895,619,1514,0.1388
898,623,1521,0.1388
895,623,1518,0.1388
891,621,1512,0.1388
887,616,1503,0.1388
888,614,1502,0.1388
881,620,1501,0.1388
881,621,1502,0.1388
879,617,1496,0.1388
883,619,1502,0.1388
884,615,1499,0.1388
877,619,1496,0.1388
883,618,1501,0.1388
879,611,1490,0.1388
877,608,1485,0.1388
878,614,1492,0.1388
877,617,1494,0.1388
884,619,1503,0.1388
889,623,1512,0.1388
873,624,1497,0.1388
869,632,1501,0.1388
866,635,1501,0.1388
871,622,1493,0.1388
864,630,1494,0.1388
864,634,1498,0.1388
860,628,1488,0.1388
868,632,1500,0.1388
864,645,1509,0.1388
854,649,1503,0.1388
850,641,1491,0.1388
849,646,1495,0.1388
842,650,1492,0.1388
852,639,1491,0.1388
853,643,1496,0.1388
843,649,1492,0.1388
837,647,1484,0.1388
831,645,1476,0.1388
842,647,1489,0.1388
847,659,1506,0.1388
850,653,1503,0.1388
853,648,1501,0.1388
850,652,1502,0.1388
858,654,1512,0.1388
856,650,1506,0.1388
849,648,1497,0.1388
852,646,1498,0.1388
851,640,1491,0.1388
858,654,1512,0.1388
857,652,1509,0.1388
857,642,1499,0.1388
856,645,1501,0.1388
858,653,1511,0.1388
853,648,1501,0.1388
859,653,1512,0.1388
856,657,1513,0.1388
851,658,1509,0.1388
862,661,1523,0.1388
862,663,1525,0.1388
855,665,1520,0.1388
845,657,1502,0.1388
837,652,1489,0.1388
843,658,1501,0.1388
842,669,1511,0.1388
841,673,1514,0.1388
843,675,1518,0.1388
846,664,1510,0.1388
836,658,1494,0.1388
836,667,1503,0.1388
844,668,1512,0.1388
848,675,1523,0.1388
849,672,1521,0.1388
847,672,1519,0.1388
838,673,1511,0.1388
837,666,1503,0.1388
845,669,1514,0.1388
843,669,1512,0.1388
848,667,1515,0.1388
846,668,1514,0.1388
846,671,1517,0.1388
842,674,1516,0.1388
837,680,1517,0.1388
837,685,1522,0.1388
834,684,1518,0.1388
818,681,1499,0.1388
814,677,1491,0.1388
812,675,1487,0.1388
821,674,1495,0.1388
825,669,1494,0.1388
821,672,1493,0.1388
823,688,1511,0.1388
818,689,1507,0.1388
826,685,1511,0.1388
827,682,1509,0.1388
817,676,1493,0.1388
808,691,1499,0.1388
812,676,1488,0.1388
815,686,1501,0.1388
807,684,1491,0.1388
804,688,1492,0.1388
811,686,1497,0.1388
817,689,1506,0.1388
817,692,1509,0.1388
809,687,1496,0.1388
806,692,1498,0.1388
814,696,1510,0.1388
814,697,1511,0.1388
821,693,1514,0.1388
822,704,1526,0.1388
829,701,1530,0.1388
830,705,1535,0.1388
825,704,1529,0.1388
813,709,1522,0.1388
808,704,1512,0.1388
820,701,1521,0.1388
817,702,1519,0.1388
810,708,1518,0.1388
809,707,1516,0.1388
802,706,1508,0.1388
802,702,1504,0.1388
795,698,1493,0.1388
799,700,1499,0.1388
796,703,1499,0.1388
805,703,1508,0.1388
795,707,1502,0.1388
782,714,1496,0.1388
782,709,1491,0.1388
801,716,1517,0.1388
793,720,1513,0.1388
795,718,1513,0.1388
801,722,1523,0.1388
795,718,1513,0.1388
794,714,1508,0.1388
783,704,1487,0.1388
784,704,1488,0.1388
783,710,1493,0.1388
781,717,1498,0.1388
791,719,1510,0.1388
791,707,1498,0.1388
788,714,1502,0.1388
795,721,1516,0.1388
794,727,1521,0.1388
784,720,1504,0.1388
783,725,1508,0.1388
784,728,1512,0.1388
784,715,1499,0.1388
793,715,1508,0.1388
780,719,1499,0.1388
786,719,1505,0.1388
782,725,1507,0.1388
786,729,1515,0.1388
790,731,1521,0.1388
789,720,1509,0.1388
789,709,1498,0.1388
786,709,1495,0.1388
783,703,1486,0.1388
785,715,1500,0.1388
786,711,1497,0.1388
784,722,1506,0.1388
781,718,1499,0.1388
772,724,1496,0.1388
772,724,1496,0.1388
767,726,1493,0.1388
774,721,1495,0.1388
768,729,1497,0.1388
766,743,1509,0.1388
769,738,1507,0.1388
772,749,1521,0.1388
758,748,1506,0.1388
764,737,1501,0.1388
761,737,1498,0.1388
759,743,1502,0.1388
760,736,1496,0.1388
753,733,1486,0.1388
749,738,1487,0.1388
748,742,1490,0.1388
752,754,1506,0.1388
754,754,1508,0.1388
747,746,1493,0.1388
743,760,1503,0.1388
729,770,1499,0.1388
731,773,1504,0.1388
734,762,1496,0.1388
739,760,1499,0.1388
732,763,1495,0.1388
739,764,1503,0.1388
735,772,1507,0.1388
738,768,1506,0.1388
738,768,1506,0.1388
732,775,1507,0.1388
726,772,1498,0.1388
721,774,1495,0.1388
724,782,1506,0.1388
726,771,1497,0.1388
733,778,1511,0.1388
730,779,1509,0.1388
731,785,1516,0.1388
725,778,1503,0.1388
709,782,1491,0.1388
711,788,1499,0.1388
708,795,1503,0.1388
700,788,1488,0.1388
712,786,1498,0.1388
722,779,1501,0.1388
722,782,1504,0.1388
712,791,1503,0.1388
729,785,1514,0.1388
724,779,1503,0.1388
718,788,1506,0.1388
726,795,1521,0.1388
727,787,1514,0.1388
715,788,1503,0.1388
706,786,1492,0.1388
711,788,1499,0.1388
714,788,1502,0.1388
726,789,1515,0.1388
716,790,1506,0.1388
715,791,1506,0.1388
710,785,1495,0.1388
704,784,1488,0.1388
699,786,1485,0.1388
704,790,1494,0.1388
701,798,1499,0.1388
702,804,1506,0.1388
698,808,1506,0.1388
709,793,1502,0.1388
696,792,1488,0.1388
705,802,1507,0.1388
708,811,1519,0.1388
706,809,1515,0.1388
704,807,1511,0.1388
705,807,1512,0.1388
703,807,1510,0.1388
704,811,1515,0.1388
704,811,1515,0.1388
706,813,1519,0.1388
701,816,1517,0.1388
697,814,1511,0.1388
693,811,1504,0.1388
701,802,1503,0.1388
704,791,1495,0.1388
704,792,1496,0.1388
700,799,1499,0.1388
698,804,1502,0.1388
708,806,1514,0.1388
713,804,1517,0.1388
712,803,1515,0.1388
707,801,1508,0.1388
704,799,1503,0.1388
704,802,1506,0.1388
705,801,1506,0.1388
701,802,1503,0.1388
691,804,1495,0.1388
696,800,1496,0.1388
690,806,1496,0.1388
688,810,1498,0.1388
691,815,1506,0.1388
690,823,1513,0.1388
687,825,1512,0.1388
689,826,1515,0.1388
684,819,1503,0.1388
685,824,1509,0.1388
676,817,1493,0.1388
684,820,1504,0.1388
687,822,1509,0.1388
684,813,1497,0.1388
681,815,1496,0.1388
675,815,1490,0.1388
680,812,1492,0.1388
682,819,1501,0.1388
683,819,1502,0.1388
683,809,1492,0.1388
681,805,1486,0.1388
684,811,1495,0.1388
693,814,1507,0.1388
688,817,1505,0.1388
688,807,1495,0.1388
684,811,1495,0.1388
686,817,1503,0.1388
693,817,1510,0.1388
689,824,1513,0.1388
696,827,1523,0.1388
691,825,1516,0.1388
686,830,1516,0.1388
686,824,1510,0.1388
685,829,1514,0.1388
682,838,1520,0.1388
677,832,1509,0.1388
667,834,1501,0.1388
665,829,1494,0.1388
667,828,1495,0.1388
665,821,1486,0.1388
666,821,1487,0.1388
670,840,1510,0.1388
676,851,1527,0.1388
667,848,1515,0.1388
665,843,1508,0.1388
662,841,1503,0.1388
668,837,1505,0.1388
669,840,1509,0.1388
674,832,1506,0.1388
669,832,1501,0.1388
682,824,1506,0.1388
683,836,1519,0.1388
683,836,1519,0.1388
672,841,1513,0.1388
665,849,1514,0.1388
675,845,1520,0.1388
678,841,1519,0.1388
672,842,1514,0.1388
672,837,1509,0.1388
666,843,1509,0.1388
657,837,1494,0.1388
661,835,1496,0.1388
666,836,1502,0.1388
668,837,1505,0.1388
661,840,1501,0.1388
665,838,1503,0.1388
671,847,1518,0.1388
659,844,1503,0.1388
658,851,1509,0.1388
662,857,1519,0.1388
657,863,1520,0.1388
650,848,1498,0.1388
651,850,1501,0.1388
650,857,1507,0.1388
653,853,1506,0.1388
644,847,1491,0.1388
653,857,1510,0.1388
643,845,1488,0.1388
642,857,1499,0.1388
635,863,1498,0.1388
637,870,1507,0.1388
647,876,1523,0.1388
642,867,1509,0.1388
638,862,1500,0.1388
639,867,1506,0.1388
637,865,1502,0.1388
636,875,1511,0.1388
635,889,1524,0.1388
637,886,1523,0.1388
635,876,1511,0.1388
632,865,1497,0.1388
637,867,1504,0.1388
627,869,1496,0.1388
625,876,1501,0.1388
628,883,1511,0.1388
628,882,1510,0.1388
635,881,1516,0.1388
641,874,1515,0.1388
630,865,1495,0.1388
621,868,1489,0.1388
628,881,1509,0.1388
619,883,1502,0.1388
626,894,1520,0.1388
615,894,1509,0.1388
614,893,1507,0.1388
612,893,1505,0.1388
612,899,1511,0.1388
615,907,1522,0.1388
616,909,1525,0.1388
611,912,1523,0.1388
601,911,1512,0.1388
591,916,1507,0.1388
595,916,1511,0.1388
598,915,1513,0.1388
598,913,1511,0.1388
591,913,1504,0.1388
592,915,1507,0.1388
597,915,1512,0.1388
596,922,1518,0.1388
596,911,1507,0.1388
604,912,1516,0.1388
593,913,1506,0.1388
591,924,1515,0.1388
592,924,1516,0.1388
585,916,1501,0.1388
581,914,1495,0.1388
588,917,1505,0.1388
587,914,1501,0.1388
588,916,1504,0.1388
578,913,1491,0.1388
570,913,1483,0.1388
573,930,1503,0.1388
578,938,1516,0.1388
574,936,1510,0.1388
575,946,1521,0.1388
576,934,1510,0.1388
566,931,1497,0.1388
568,940,1508,0.1388
569,945,1514,0.1388
569,946,1515,0.1388
562,954,1516,0.1388
566,942,1508,0.1388
559,943,1502,0.1388
561,949,1510,0.1388
561,941,1502,0.1388
561,936,1497,0.1388
561,941,1502,0.1388
562,942,1504,0.1388
564,947,1511,0.1388
562,947,1509,0.1388
549,950,1499,0.1388
543,969,1512,0.1388
548,974,1522,0.1388
549,973,1522,0.1388
552,970,1522,0.1388
555,966,1521,0.1388
547,955,1502,0.1388
547,961,1508,0.1388
543,959,1502,0.1388
541,956,1497,0.1388
548,954,1502,0.1388
543,968,1511,0.1388
547,960,1507,0.1388
541,962,1503,0.1388
546,958,1504,0.1388
543,961,1504,0.1388
541,956,1497,0.1388
539,962,1501,0.1388
541,962,1503,0.1388
535,973,1508,0.1388
532,965,1497,0.1388
534,966,1500,0.1388
529,973,1502,0.1388
524,970,1494,0.1388
528,962,1490,0.1388
523,977,1500,0.1388
511,976,1487,0.1388
517,974,1491,0.1388
508,975,1483,0.1388
515,972,1487,0.1388
525,979,1504,0.1388
526,974,1500,0.1388
533,980,1513,0.1388
529,986,1515,0.1388
526,975,1501,0.1388
532,987,1519,0.1388
517,982,1499,0.1388
512,989,1501,0.1388
509,991,1500,0.1388
513,986,1499,0.1388
513,992,1505,0.1388
509,999,1508,0.1388
512,1008,1520,0.1388
497,999,1496,0.1388
498,1009,1507,0.1388
498,1010,1508,0.1388
501,1008,1509,0.1388
504,1016,1520,0.1388
502,1010,1512,0.1388
501,1004,1505,0.1388
502,1010,1512,0.1388
512,1010,1522,0.1388
506,1002,1508,0.1388
510,1004,1514,0.1388
503,998,1501,0.1388
501,1003,1504,0.1388
503,1010,1513,0.1388
504,1013,1517,0.1388
507,1007,1514,0.1388
510,999,1509,0.1388
498,1002,1500,0.1388
489,1002,1491,0.1388
494,1007,1501,0.1388
498,1008,1506,0.1388
504,1010,1514,0.1388
511,1014,1525,0.1388
505,1023,1528,0.1388
499,1020,1519,0.1388
501,1009,1510,0.1388
495,1012,1507,0.1388
490,1005,1495,0.1388
488,1008,1496,0.1388
481,1008,1489,0.1388
487,1013,1500,0.1388
492,1020,1512,0.1388
485,1025,1510,0.1388
486,1030,1516,0.1388
484,1029,1513,0.1388
482,1036,1518,0.1388
485,1024,1509,0.1388
475,1027,1502,0.1388
477,1038,1515,0.1388
475,1033,1508,0.1388
476,1036,1512,0.1388
465,1031,1496,0.1388
464,1038,1502,0.1388
469,1051,1520,0.1388
474,1050,1524,0.1388
465,1057,1522,0.1388
460,1059,1519,0.1388
454,1053,1507,0.1388
456,1058,1514,0.1388
452,1055,1507,0.1388
442,1053,1495,0.1388
444,1066,1510,0.1388
441,1077,1518,0.1388
446,1077,1523,0.1388
446,1061,1507,0.1388
444,1067,1511,0.1388
437,1071,1508,0.1388
446,1064,1510,0.1388
436,1077,1513,0.1388
439,1070,1509,0.1388
438,1068,1506,0.1388
434,1075,1509,0.1388
435,1083,1518,0.1388
434,1087,1521,0.1388
434,1075,1509,0.1388
433,1082,1515,0.1388
430,1078,1508,0.1388
430,1076,1506,0.1388
432,1077,1509,0.1388
427,1086,1513,0.1388
431,1089,1520,0.1388
424,1080,1504,0.1388
418,1078,1496,0.1388
416,1076,1492,0.1388
414,1093,1507,0.1388
407,1095,1502,0.1388
403,1089,1492,0.1388
409,1087,1496,0.1388
409,1091,1500,0.1388
407,1102,1509,0.1388
411,1107,1518,0.1388
407,1103,1510,0.1388
407,1092,1499,0.1388
410,1098,1508,0.1388
410,1100,1510,0.1388
398,1102,1500,0.1388
389,1091,1480,0.1388
396,1097,1493,0.1388
392,1101,1493,0.1388
393,1093,1486,0.1388
380,1103,1483,0.1388
383,1115,1498,0.1388
382,1121,1503,0.1388
379,1127,1506,0.1388
380,1123,1503,0.1388
385,1111,1496,0.1388
393,1116,1509,0.1388
392,1119,1511,0.1388
396,1109,1505,0.1388
397,1115,1512,0.1388
394,1126,1520,0.1388
390,1124,1514,0.1388
391,1132,1523,0.1388
392,1123,1515,0.1388
393,1120,1513,0.1388
393,1121,1514,0.1388
386,1132,1518,0.1388
385,1129,1514,0.1388
380,1127,1507,0.1388
375,1128,1503,0.1388
376,1129,1505,0.1388
374,1124,1498,0.1388
377,1141,1518,0.1388
375,1142,1517,0.1388
374,1143,1517,0.1388
375,1143,1518,0.1388
368,1160,1528,0.1388
367,1152,1519,0.1388
366,1139,1505,0.1388
362,1137,1499,0.1388
359,1133,1492,0.1388
360,1137,1497,0.1388
362,1138,1500,0.1388
368,1136,1504,0.1388
366,1147,1513,0.1388
362,1149,1511,0.1388
360,1151,1511,0.1388
361,1155,1516,0.1388
359,1151,1510,0.1388
358,1149,1507,0.1388
362,1150,1512,0.1388
363,1150,1513,0.1388
355,1146,1501,0.1388
361,1150,1511,0.1388
359,1147,1506,0.1388
357,1153,1510,0.1388
356,1159,1515,0.1388
353,1170,1523,0.1388
350,1178,1528,0.1388
341,1168,1509,0.1388
338,1171,1509,0.1388
347,1167,1514,0.1388
349,1168,1517,0.1388
349,1171,1520,0.1388
349,1177,1526,0.1388
348,1170,1518,0.1388
349,1166,1515,0.1388
343,1168,1511,0.1388
342,1171,1513,0.1388
346,1173,1519,0.1388
348,1171,1519,0.1388
340,1169,1509,0.1388
345,1168,1513,0.1388
339,1183,1522,0.1388
334,1181,1515,0.1388
337,1191,1528,0.1388
333,1183,1516,0.1388
327,1174,1501,0.1388
325,1173,1498,0.1388
325,1174,1499,0.1388
323,1180,1503,0.1388
327,1171,1498,0.1388
325,1188,1513,0.1388
322,1183,1505,0.1388
325,1187,1512,0.1388
319,1193,1512,0.1388
313,1202,1515,0.1388
317,1204,1521,0.1388
313,1204,1517,0.1388
311,1204,1515,0.1388
318,1200,1518,0.1388
315,1189,1504,0.1388
306,1195,1501,0.1388
310,1192,1502,0.1388
311,1203,1514,0.1388
310,1193,1503,0.1388
313,1199,1512,0.1388
314,1194,1508,0.1388
303,1197,1500,0.1388
305,1205,1510,0.1388
302,1210,1512,0.1388
306,1211,1517,0.1388
301,1208,1509,0.1388
302,1195,1497,0.1388
307,1187,1494,0.1388
305,1193,1498,0.1388
310,1202,1512,0.1388
313,1204,1517,0.1388
314,1200,1514,0.1388
312,1207,1519,0.1388
309,1200,1509,0.1388
307,1204,1511,0.1388
309,1201,1510,0.1388
306,1209,1515,0.1388
308,1197,1505,0.1388
312,1204,1516,0.1388
307,1220,1527,0.1388
305,1209,1514,0.1388
304,1226,1530,0.1388
303,1232,1535,0.1388
302,1217,1519,0.1388
301,1217,1518,0.1388
299,1221,1520,0.1388
298,1225,1523,0.1388
301,1224,1525,0.1388
304,1220,1524,0.1388
303,1224,1527,0.1388
302,1220,1522,0.1388
303,1208,1511,0.1388
299,1216,1515,0.1388
302,1213,1515,0.1388
300,1213,1513,0.1388
298,1209,1507,0.1388
294,1213,1507,0.1388
293,1211,1504,0.1388
292,1208,1500,0.1388
289,1209,1498,0.1388
290,1203,1493,0.1388
291,1223,1514,0.1388
292,1220,1512,0.1388
287,1217,1504,0.1388
286,1218,1504,0.1388
284,1212,1496,0.1388
290,1211,1501,0.1388
280,1219,1499,0.1388
284,1210,1494,0.1388
287,1209,1496,0.1388
283,1219,1502,0.1388
286,1221,1507,0.1388
283,1225,1508,0.1388
281,1225,1506,0.1388
274,1221,1495,0.1388
274,1236,1510,0.1388
280,1226,1506,0.1388
278,1223,1501,0.1388
275,1250,1525,0.1388
268,1257,1525,0.1388
270,1251,1521,0.1388
270,1256,1526,0.1388
274,1257,1531,0.1388
273,1250,1523,0.1388
276,1247,1523,0.1388
273,1245,1518,0.1388
278,1248,1526,0.1388
275,1245,1520,0.1388
272,1240,1512,0.1388
270,1249,1519,0.1388
268,1243,1511,0.1388
269,1241,1510,0.1388
269,1242,1511,0.1388
267,1245,1512,0.1388
262,1246,1508,0.1388
263,1248,1511,0.1388
262,1247,1509,0.1388
262,1239,1501,0.1388
267,1228,1495,0.1388
269,1237,1506,0.1388
267,1242,1509,0.1388
268,1236,1504,0.1388
266,1237,1503,0.1388
262,1251,1513,0.1388
263,1247,1510,0.1388
266,1249,1515,0.1388
264,1251,1515,0.1388
265,1258,1523,0.1388
268,1256,1524,0.1388
270,1264,1534,0.1388
269,1257,1526,0.1388
267,1248,1515,0.1388
268,1260,1528,0.1388
266,1259,1525,0.1388
267,1254,1521,0.1388
261,1252,1513,0.1388
255,1263,1518,0.1388
259,1256,1515,0.1388
261,1251,1512,0.1388
262,1255,1517,0.1388
257,1249,1506,0.1388
263,1253,1516,0.1388
264,1249,1513,0.1388
261,1253,1514,0.1388
256,1254,1510,0.1388
252,1265,1517,0.1388
252,1265,1517,0.1388
253,1259,1512,0.1388
250,1262,1512,0.1388
252,1256,1508,0.1388
247,1257,1504,0.1388
255,1243,1498,0.1388
246,1247,1493,0.1388
246,1247,1493,0.1388
249,1250,1499,0.1388
249,1253,1502,0.1388
245,1249,1494,0.1388
252,1263,1515,0.1388
249,1259,1508,0.1388
242,1259,1501,0.1388
242,1262,1504,0.1388
242,1263,1505,0.1388
245,1273,1518,0.1388
248,1272,1520,0.1388
253,1254,1507,0.1388
251,1247,1498,0.1388
253,1242,1495,0.1388
258,1247,1505,0.1388
257,1250,1507,0.1388
254,1244,1498,0.1388
257,1256,1513,0.1388
259,1258,1517,0.1388
261,1265,1526,0.1388
263,1249,1512,0.1388
262,1263,1525,0.1388
256,1263,1519,0.1388
250,1267,1517,0.1388
241,1261,1502,0.1388
250,1272,1522,0.1388
254,1271,1525,0.1388
253,1267,1520,0.1388
249,1267,1516,0.1388
241,1284,1525,0.1388
238,1282,1520,0.1388
234,1272,1506,0.1388
234,1268,1502,0.1388
239,1270,1509,0.1388
241,1259,1500,0.1388
239,1264,1503,0.1388
237,1274,1511,0.1388
235,1274,1509,0.1388
240,1279,1519,0.1388
235,1276,1511,0.1388
229,1273,1502,0.1388
232,1285,1517,0.1388
233,1284,1517,0.1388
229,1277,1506,0.1388
223,1283,1506,0.1388
228,1277,1505,0.1388
229,1284,1513,0.1388
229,1282,1511,0.1388
226,1282,1508,0.1388
225,1284,1509,0.1388
225,1281,1506,0.1388
228,1287,1515,0.1388
233,1285,1518,0.1388
226,1298,1524,0.1388
229,1286,1515,0.1388
227,1284,1511,0.1388
228,1278,1506,0.1388
232,1277,1509,0.1388
229,1273,1502,0.1388
226,1273,1499,0.1388
223,1274,1497,0.1388
225,1287,1512,0.1388
221,1294,1515,0.1388
224,1291,1515,0.1388
224,1293,1517,0.1388
229,1282,1511,0.1388
224,1274,1498,0.1388
230,1288,1518,0.1388
223,1293,1516,0.1388
225,1287,1512,0.1388
226,1284,1510,0.1388
224,1291,1515,0.1388
229,1282,1511,0.1388
228,1279,1507,0.1388
229,1271,1500,0.1388
229,1283,1512,0.1388
233,1272,1505,0.1388
226,1274,1500,0.1388
227,1282,1509,0.1388
229,1286,1515,0.1388
232,1280,1512,0.1388
234,1284,1518,0.1388
237,1288,1525,0.1388
238,1279,1517,0.1388
237,1288,1525,0.1388
232,1290,1522,0.1388
230,1292,1522,0.1388
228,1277,1505,0.1388
221,1278,1499,0.1388
223,1280,1503,0.1388
220,1291,1511,0.1388
219,1287,1506,0.1388
220,1287,1507,0.1388
216,1279,1495,0.1388
214,1289,1503,0.1388
218,1290,1508,0.1388
220,1295,1515,0.1388
219,1290,1509,0.1388
218,1278,1496,0.1388
215,1276,1491,0.1388
216,1288,1504,0.1388
217,1293,1510,0.1388
219,1296,1515,0.1388
213,1299,1512,0.1388
214,1305,1519,0.1388
212,1294,1506,0.1388
216,1302,1518,0.1388
215,1309,1524,0.1388
214,1317,1531,0.1388
217,1300,1517,0.1388
217,1295,1512,0.1388
213,1304,1517,0.1388
211,1296,1507,0.1388
213,1295,1508,0.1388
212,1308,1520,0.1388
209,1302,1511,0.1388
207,1310,1517,0.1388
204,1307,1511,0.1388
203,1299,1502,0.1388
204,1299,1503,0.1388
202,1305,1507,0.1388
202,1307,1509,0.1388
207,1311,1518,0.1388
209,1311,1520,0.1388
209,1303,1512,0.1388
209,1296,1505,0.1388
210,1297,1507,0.1388
213,1296,1509,0.1388
211,1298,1509,0.1388
211,1289,1500,0.1388
213,1288,1501,0.1388
208,1287,1495,0.1388
210,1298,1508,0.1388
208,1301,1509,0.1388
206,1305,1511,0.1388
205,1304,1509,0.1388
203,1298,1501,0.1388
203,1300,1503,0.1388
198,1313,1511,0.1388
197,1324,1521,0.1388
197,1322,1519,0.1388
194,1315,1509,0.1388
187,1314,1501,0.1388
186,1320,1506,0.1388
189,1309,1498,0.1388
193,1315,1508,0.1388
193,1320,1513,0.1388
192,1316,1508,0.1388
190,1319,1509,0.1388
191,1323,1514,0.1388
188,1323,1511,0.1388
188,1324,1512,0.1388
188,1318,1506,0.1388
188,1315,1503,0.1388
185,1315,1500,0.1388
184,1310,1494,0.1388
187,1316,1503,0.1388
189,1312,1501,0.1388
186,1323,1509,0.1388
180,1326,1506,0.1388
178,1328,1506,0.1388
177,1333,1510,0.1388
182,1341,1523,0.1388
178,1357,1535,0.1388
178,1343,1521,0.1388
181,1335,1516,0.1388
179,1348,1527,0.1388
179,1339,1518,0.1388
181,1334,1515,0.1388
185,1319,1504,0.1388
179,1329,1508,0.1388
181,1340,1521,0.1388
186,1333,1519,0.1388
186,1332,1518,0.1388
183,1341,1524,0.1388
185,1330,1515,0.1388
187,1332,1519,0.1388
181,1334,1515,0.1388
181,1342,1523,0.1388
178,1336,1514,0.1388
179,1340,1519,0.1388
178,1336,1514,0.1388
175,1343,1518,0.1388
181,1349,1530,0.1388
178,1346,1524,0.1388
177,1348,1525,0.1388
180,1358,1538,0.1388
177,1358,1535,0.1388
176,1364,1540,0.1388
172,1365,1537,0.1388
173,1350,1523,0.1388
171,1363,1534,0.1388
170,1360,1530,0.1388
170,1356,1526,0.1388
170,1345,1515,0.1388
171,1351,1522,0.1388
164,1346,1510,0.1388
160,1345,1505,0.1388
161,1353,1514,0.1388
158,1348,1506,0.1388
158,1355,1513,0.1388
158,1359,1517,0.1388
160,1355,1515,0.1388
159,1364,1523,0.1388
156,1373,1529,0.1388
152,1358,1510,0.1388
153,1359,1512,0.1388
149,1360,1509,0.1388
154,1351,1505,0.1388
152,1349,1501,0.1388
153,1361,1514,0.1388
157,1357,1514,0.1388
158,1370,1528,0.1388
158,1369,1527,0.1388
158,1376,1534,0.1388
156,1376,1532,0.1388
155,1366,1521,0.1388
152,1369,1521,0.1388
154,1370,1524,0.1388
155,1364,1519,0.1388
154,1352,1506,0.1388
152,1348,1500,0.1388
153,1352,1505,0.1388
150,1359,1509,0.1388
147,1364,1511,0.1388
147,1363,1510,0.1388
149,1358,1507,0.1388
151,1358,1509,0.1388
150,1354,1504,0.1388
149,1360,1509,0.1388
150,1370,1520,0.1388
151,1355,1506,0.1388
151,1359,1510,0.1388
146,1367,1513,0.1388
144,1367,1511,0.1388
139,1383,1522,0.1388
143,1383,1526,0.1388
143,1388,1531,0.1388
143,1378,1521,0.1388
142,1380,1522,0.1388
139,1387,1526,0.1388
141,1378,1519,0.1388
142,1380,1522,0.1388
140,1376,1516,0.1388
141,1371,1512,0.1388
142,1368,1510,0.1388
141,1368,1509,0.1388
146,1379,1525,0.1388
145,1377,1522,0.1388
144,1376,1520,0.1388
142,1384,1526,0.1388
142,1378,1520,0.1388
134,1378,1512,0.1388
130,1373,1503,0.1388
131,1374,1505,0.1388
130,1371,1501,0.1388
128,1381,1509,0.1388
126,1396,1522,0.1388
128,1394,1522,0.1388
126,1393,1519,0.1388
127,1389,1516,0.1388
131,1381,1512,0.1388
131,1382,1513,0.1388
131,1380,1511,0.1388
132,1382,1514,0.1388
129,1393,1522,0.1388
130,1396,1526,0.1388
131,1399,1530,0.1388
130,1386,1516,0.1388
129,1365,1494,0.1388
133,1361,1494,0.1388
133,1377,1510,0.1388
132,1383,1515,0.1388
133,1370,1503,0.1388
131,1379,1510,0.1388
128,1386,1514,0.1388
130,1381,1511,0.1388
133,1385,1518,0.1388
133,1385,1518,0.1388
133,1371,1504,0.1388
131,1380,1511,0.1388
130,1382,1512,0.1388
130,1372,1502,0.1388
130,1373,1503,0.1388
127,1380,1507,0.1388
129,1386,1515,0.1388
130,1399,1529,0.1388
125,1390,1515,0.1388
128,1389,1517,0.1388
126,1384,1510,0.1388
126,1390,1516,0.1388
122,1384,1506,0.1388
122,1383,1505,0.1388
126,1377,1503,0.1388
126,1373,1499,0.1388
124,1381,1505,0.1388
119,1384,1503,0.1388
123,1396,1519,0.1388
123,1398,1521,0.1388
125,1393,1518,0.1388
124,1385,1509,0.1388
123,1402,1525,0.1388
123,1402,1525,0.1388
124,1395,1519,0.1388
122,1397,1519,0.1388
122,1390,1512,0.1388
123,1386,1509,0.1388
125,1393,1518,0.1388
126,1394,1520,0.1388
127,1398,1525,0.1388
127,1392,1519,0.1388
130,1392,1522,0.1388
129,1391,1520,0.1388
129,1393,1522,0.1388
130,1394,1524,0.1388
126,1398,1524,0.1388
128,1391,1519,0.1388
131,1391,1522,0.1388
135,1382,1517,0.1388
133,1382,1515,0.1388
133,1385,1518,0.1388
134,1381,1515,0.1388
130,1363,1493,0.1388
132,1370,1502,0.1388
132,1378,1510,0.1388
130,1374,1504,0.1388
131,1378,1509,0.1388
134,1371,1505,0.1388
133,1389,1522,0.1388
132,1380,1512,0.1388
130,1388,1518,0.1388
134,1379,1513,0.1388
130,1382,1512,0.1388
126,1380,1506,0.1388
125,1374,1499,0.1388
126,1391,1517,0.1388
122,1409,1531,0.1388
120,1403,1523,0.1388
114,1399,1513,0.1388
117,1385,1502,0.1388
120,1395,1515,0.1388
120,1401,1521,0.1388
122,1403,1525,0.1388
123,1408,1531,0.1388
124,1405,1529,0.1388
126,1399,1525,0.1388
127,1398,1525,0.1388
127,1393,1520,0.1388
125,1391,1516,0.1388
126,1382,1508,0.1388
126,1383,1509,0.1388
123,1390,1513,0.1388
120,1396,1516,0.1388
117,1410,1527,0.1388
114,1402,1516,0.1388
112,1406,1518,0.1388
112,1405,1517,0.1388
113,1401,1514,0.1388
111,1398,1509,0.1388
112,1400,1512,0.1388
112,1399,1511,0.1388
114,1402,1516,0.1388
113,1402,1515,0.1388
112,1406,1518,0.1388
115,1402,1517,0.1388
116,1391,1507,0.1388
117,1394,1511,0.1388
112,1402,1514,0.1388
110,1393,1503,0.1388
109,1393,1502,0.1388
106,1400,1506,0.1388
110,1396,1506,0.1388
110,1406,1516,0.1388
110,1410,1520,0.1388
112,1412,1524,0.1388
110,1403,1513,0.1388
109,1416,1525,0.1388
110,1412,1522,0.1388
109,1407,1516,0.1388
106,1396,1502,0.1388
108,1409,1517,0.1388
107,1407,1514,0.1388
107,1402,1509,0.1388
107,1406,1513,0.1388
104,1397,1501,0.1388
102,1409,1511,0.1388
102,1414,1516,0.1388
100,1407,1507,0.1388
95,1405,1500,0.1388
95,1413,1508,0.1388
92,1423,1515,0.1388
93,1419,1512,0.1388
92,1419,1511,0.1388
92,1422,1514,0.1388
92,1418,1510,0.1388
91,1417,1508,0.1388
87,1425,1512,0.1388
88,1410,1498,0.1388
86,1414,1500,0.1388
82,1424,1506,0.1388
85,1429,1514,0.1388
82,1430,1512,0.1388
79,1447,1526,0.1388
78,1443,1521,0.1388
81,1436,1517,0.1388
81,1425,1506,0.1388
82,1425,1507,0.1388
84,1421,1505,0.1388
84,1432,1516,0.1388
81,1438,1519,0.1388
84,1434,1518,0.1388
88,1444,1532,0.1388
88,1444,1532,0.1388
84,1436,1520,0.1388
85,1430,1515,0.1388
82,1425,1507,0.1388
81,1437,1518,0.1388
80,1440,1520,0.1388
79,1440,1519,0.1388
77,1441,1518,0.1388
78,1427,1505,0.1388
79,1414,1493,0.1388
81,1423,1504,0.1388
83,1420,1503,0.1388
80,1414,1494,0.1388
79,1419,1498,0.1388
81,1422,1503,0.1388
82,1423,1505,0.1388
80,1428,1508,0.1388
80,1432,1512,0.1388
80,1437,1517,0.1388
80,1433,1513,0.1388
83,1429,1512,0.1388
84,1423,1507,0.1388
82,1428,1510,0.1388
82,1442,1524,0.1388
82,1436,1518,0.1388
80,1445,1525,0.1388
82,1432,1514,0.1388
84,1424,1508,0.1388
82,1429,1511,0.1388
79,1423,1502,0.1388
78,1432,1510,0.1388
79,1445,1524,0.1388
80,1441,1521,0.1388
81,1452,1533,0.1388
82,1450,1532,0.1388
84,1451,1535,0.1388
84,1447,1531,0.1388
85,1432,1517,0.1388
84,1436,1520,0.1388
83,1445,1528,0.1388
82,1442,1524,0.1388
84,1443,1527,0.1388
83,1444,1527,0.1388
82,1442,1524,0.1388
81,1428,1509,0.1388
81,1428,1509,0.1388
84,1423,1507,0.1388
85,1425,1510,0.1388
85,1434,1519,0.1388
84,1437,1521,0.1388
83,1439,1522,0.1388
85,1437,1522,0.1388
84,1445,1529,0.1388
84,1430,1514,0.1388
84,1426,1510,0.1388
83,1428,1511,0.1388
81,1439,1520,0.1388
82,1440,1522,0.1388
78,1441,1519,0.1388
79,1451,1530,0.1388
79,1445,1524,0.1388
80,1446,1526,0.1388
79,1438,1517,0.1388
81,1444,1525,0.1388
78,1445,1523,0.1388
77,1437,1514,0.1388
74,1428,1502,0.1388
78,1448,1526,0.1388
77,1450,1527,0.1388
78,1441,1519,0.1388
77,1433,1510,0.1388
75,1432,1507,0.1388
76,1431,1507,0.1388
77,1439,1516,0.1388
75,1446,1521,0.1388
76,1451,1527,0.1388
76,1443,1519,0.1388
76,1447,1523,0.1388
75,1453,1528,0.1388
74,1432,1506,0.1388
74,1440,1514,0.1388
73,1447,1520,0.1388
74,1438,1512,0.1388
73,1434,1507,0.1388
71,1452,1523,0.1388
71,1455,1526,0.1388
69,1439,1508,0.1388
71,1437,1508,0.1388
70,1438,1508,0.1388
70,1454,1524,0.1388
71,1452,1523,0.1388
71,1462,1533,0.1388
65,1465,1530,0.1388
66,1456,1522,0.1388
64,1454,1518,0.1388
63,1449,1512,0.1388
61,1460,1521,0.1388
62,1449,1511,0.1388
60,1448,1508,0.1388
61,1451,1512,0.1388
59,1458,1517,0.1388
60,1452,1512,0.1388
60,1458,1518,0.1388
61,1456,1517,0.1388
62,1436,1498,0.1388
59,1457,1516,0.1388
61,1458,1519,0.1388
59,1458,1517,0.1388
56,1460,1516,0.1388
58,1473,1531,0.1388
58,1471,1529,0.1388
57,1468,1525,0.1388
59,1463,1522,0.1388
57,1463,1520,0.1388
58,1459,1517,0.1388
55,1463,1518,0.1388
54,1453,1507,0.1388
50,1478,1528,0.1388
51,1452,1503,0.1388
51,1473,1524,0.1388
54,1469,1523,0.1388
53,1455,1508,0.1388
53,1459,1512,0.1388
51,1458,1509,0.1388
51,1458,1509,0.1388
50,1465,1515,0.1388
51,1452,1503,0.1388
53,1450,1503,0.1388
56,1452,1508,0.1388
59,1443,1502,0.1388
59,1454,1513,0.1388
59,1458,1517,0.1388
60,1467,1527,0.1388
59,1453,1512,0.1388
60,1464,1524,0.1388
61,1471,1532,0.1388
61,1458,1519,0.1388
61,1459,1520,0.1388
61,1457,1518,0.1388
62,1447,1509,0.1388
62,1455,1517,0.1388
62,1464,1526,0.1388
63,1470,1533,0.1388
63,1465,1528,0.1388
63,1470,1533,0.1388
63,1452,1515,0.1388
63,1443,1506,0.1388
62,1430,1492,0.1388
60,1432,1492,0.1388
58,1434,1492,0.1388
58,1428,1486,0.1388
57,1451,1508,0.1388
55,1452,1507,0.1388
56,1458,1514,0.1388
58,1453,1511,0.1388
58,1460,1518,0.1388
59,1460,1519,0.1388
58,1461,1519,0.1388
61,1460,1521,0.1388
59,1465,1524,0.1388
58,1456,1514,0.1388
60,1450,1510,0.1388
56,1455,1511,0.1388
56,1454,1510,0.1388
59,1456,1515,0.1388
56,1449,1505,0.1388
54,1462,1516,0.1388
53,1467,1520,0.1388
51,1461,1512,0.1388
53,1460,1513,0.1388
52,1457,1509,0.1388
53,1453,1506,0.1388
52,1461,1513,0.1388
52,1463,1515,0.1388
51,1454,1505,0.1388
51,1458,1509,0.1388
50,1469,1519,0.1388
52,1474,1526,0.1388
52,1470,1522,0.1388
52,1469,1521,0.1388
51,1468,1519,0.1388
50,1464,1514,0.1388
50,1470,1520,0.1388
50,1460,1510,0.1388
50,1462,1512,0.1388
48,1465,1513,0.1388
46,1459,1505,0.1388
46,1463,1509,0.1388
45,1473,1518,0.1388
45,1485,1530,0.1388
43,1481,1524,0.1388
44,1469,1513,0.1388
44,1481,1525,0.1388
44,1491,1535,0.1388
42,1484,1526,0.1388
43,1490,1533,0.1388
43,1490,1533,0.1388
42,1499,1541,0.1388
44,1491,1535,0.1388
44,1481,1525,0.1388
42,1467,1509,0.1388
41,1470,1511,0.1388
38,1473,1511,0.1388
38,1480,1518,0.1388
37,1492,1529,0.1388
36,1489,1525,0.1388
36,1481,1517,0.1388
36,1481,1517,0.1388
36,1494,1530,0.1388
39,1465,1504,0.1388
38,1454,1492,0.1388
38,1457,1495,0.1388
39,1451,1490,0.1388
39,1465,1504,0.1388
36,1462,1498,0.1388
36,1481,1517,0.1388
39,1492,1531,0.1388
37,1484,1521,0.1388
38,1480,1518,0.1388
39,1469,1508,0.1388
37,1471,1508,0.1388
36,1462,1498,0.1388
35,1458,1493,0.1388
35,1478,1513,0.1388
35,1480,1515,0.1388
35,1488,1523,0.1388
34,1479,1513,0.1388
35,1470,1505,0.1388
35,1480,1515,0.1388
34,1477,1511,0.1388
35,1482,1517,0.1388
35,1495,1530,0.1388
36,1496,1532,0.1388
38,1484,1522,0.1388
38,1489,1527,0.1388
37,1480,1517,0.1388
38,1491,1529,0.1388
39,1483,1522,0.1388
38,1483,1521,0.1388
38,1490,1528,0.1388
40,1471,1511,0.1388
39,1460,1499,0.1388
38,1473,1511,0.1388
40,1476,1516,0.1388
41,1473,1514,0.1388
40,1468,1508,0.1388
38,1481,1519,0.1388
38,1485,1523,0.1388
36,1489,1525,0.1388
35,1484,1519,0.1388
35,1473,1508,0.1388
34,1481,1515,0.1388
35,1484,1519,0.1388
35,1484,1519,0.1388
35,1476,1511,0.1388
35,1485,1520,0.1388
34,1479,1513,0.1388
34,1480,1514,0.1388
35,1478,1513,0.1388
34,1491,1525,0.1388
32,1488,1520,0.1388
30,1495,1525,0.1388
30,1490,1520,0.1388
30,1488,1518,0.1388
31,1479,1510,0.1388
30,1474,1504,0.1388
30,1481,1511,0.1388
28,1484,1512,0.1388
28,1476,1504,0.1388
27,1472,1499,0.1388
28,1460,1488,0.1388
28,1467,1495,0.1388
26,1470,1496,0.1388
26,1482,1508,0.1388
28,1471,1499,0.1388
30,1490,1520,0.1388
31,1479,1510,0.1388
33,1480,1513,0.1388
33,1481,1514,0.1388
32,1483,1515,0.1388
34,1478,1512,0.1388
34,1482,1516,0.1388
34,1480,1514,0.1388
36,1474,1510,0.1388
36,1478,1514,0.1388
34,1468,1502,0.1388
34,1473,1507,0.1388
34,1482,1516,0.1388
35,1490,1525,0.1388
36,1493,1529,0.1388
38,1497,1535,0.1388
40,1488,1528,0.1388
40,1483,1523,0.1388
37,1474,1511,0.1388
39,1473,1512,0.1388
39,1479,1518,0.1388
38,1485,1523,0.1388
38,1478,1516,0.1388
37,1477,1514,0.1388
37,1471,1508,0.1388
36,1461,1497,0.1388
37,1465,1502,0.1388
37,1469,1506,0.1388
35,1473,1508,0.1388
34,1480,1514,0.1388
33,1485,1518,0.1388
32,1474,1506,0.1388
32,1488,1520,0.1388
34,1485,1519,0.1388
34,1479,1513,0.1388
33,1469,1502,0.1388
35,1478,1513,0.1388
36,1481,1517,0.1388
36,1493,1529,0.1388
35,1487,1522,0.1388
35,1490,1525,0.1388
34,1500,1534,0.1388
33,1489,1522,0.1388
36,1492,1528,0.1388
37,1489,1526,0.1388
36,1488,1524,0.1388
37,1482,1519,0.1388
39,1476,1515,0.1388
39,1483,1522,0.1388
37,1482,1519,0.1388
36,1498,1534,0.1388
34,1496,1530,0.1388
35,1495,1530,0.1388
35,1500,1535,0.1388
33,1491,1524,0.1388
31,1495,1526,0.1388
33,1505,1538,0.1388
33,1510,1543,0.1388
33,1489,1522,0.1388
31,1490,1521,0.1388
31,1491,1522,0.1388
32,1481,1513,0.1388
33,1489,1522,0.1388
33,1491,1524,0.1388
32,1479,1511,0.1388
32,1486,1518,0.1388
31,1486,1517,0.1388
31,1480,1511,0.1388
33,1486,1519,0.1388
31,1483,1514,0.1388
30,1476,1506,0.1388
32,1466,1498,0.1388
31,1464,1495,0.1388
31,1467,1498,0.1388
34,1472,1506,0.1388
35,1489,1524,0.1388
36,1479,1515,0.1388
37,1482,1519,0.1388
38,1472,1510,0.1388
37,1467,1504,0.1388
38,1475,1513,0.1388
38,1470,1508,0.1388
38,1470,1508,0.1388
38,1483,1521,0.1388
37,1475,1512,0.1388
37,1478,1515,0.1388
37,1488,1525,0.1388
41,1491,1532,0.1388
44,1487,1531,0.1388
44,1480,1524,0.1388
43,1474,1517,0.1388
40,1485,1525,0.1388
40,1479,1519,0.1388
40,1485,1525,0.1388
39,1484,1523,0.1388
40,1478,1518,0.1388
42,1461,1503,0.1388
43,1473,1516,0.1388
42,1469,1511,0.1388
39,1484,1523,0.1388
39,1484,1523,0.1388
39,1476,1515,0.1388
40,1481,1521,0.1388
40,1475,1515,0.1388
43,1491,1534,0.1388
42,1490,1532,0.1388
42,1480,1522,0.1388
42,1482,1524,0.1388
40,1469,1509,0.1388
41,1471,1512,0.1388
45,1483,1528,0.1388
39,1488,1527,0.1388
39,1479,1518,0.1388
38,1478,1516,0.1388
40,1465,1505,0.1388
39,1463,1502,0.1388
39,1463,1502,0.1388
36,1472,1508,0.1388
39,1480,1519,0.1388
38,1479,1517,0.1388
37,1473,1510,0.1388
36,1470,1506,0.1388
33,1468,1501,0.1388
32,1468,1500,0.1388
34,1478,1512,0.1388
34,1483,1517,0.1388
32,1486,1518,0.1388
30,1483,1513,0.1388
30,1490,1520,0.1388
30,1484,1514,0.1388
29,1483,1512,0.1388
31,1498,1529,0.1388
31,1492,1523,0.1388
30,1484,1514,0.1388
31,1471,1502,0.1388
31,1488,1519,0.1388
32,1486,1518,0.1388
30,1489,1519,0.1388
30,1487,1517,0.1388
30,1503,1533,0.1388
29,1500,1529,0.1388
27,1494,1521,0.1388
27,1488,1515,0.1388
28,1492,1520,0.1388
28,1505,1533,0.1388
29,1512,1541,0.1388
28,1502,1530,0.1388
29,1501,1530,0.1388
30,1497,1527,0.1388
28,1498,1526,0.1388
28,1487,1515,0.1388
28,1500,1528,0.1388
27,1501,1528,0.1388
26,1501,1527,0.1388
26,1496,1522,0.1388
26,1488,1514,0.1388
26,1493,1519,0.1388
26,1486,1512,0.1388
26,1479,1505,0.1388
26,1486,1512,0.1388
26,1481,1507,0.1388
26,1480,1506,0.1388
27,1487,1514,0.1388
26,1489,1515,0.1388
26,1488,1514,0.1388
26,1494,1520,0.1388
24,1496,1520,0.1388
25,1499,1524,0.1388
25,1504,1529,0.1388
25,1508,1533,0.1388
25,1487,1512,0.1388
25,1483,1508,0.1388
23,1490,1513,0.1388
23,1492,1515,0.1388
23,1507,1530,0.1388
21,1509,1530,0.1388
19,1511,1530,0.1388
19,1499,1518,0.1388
20,1493,1513,0.1388
21,1494,1515,0.1388
20,1487,1507,0.1388
19,1497,1516,0.1388
19,1491,1510,0.1388
20,1504,1524,0.1388
21,1496,1517,0.1388
21,1492,1513,0.1388
20,1498,1518,0.1388
20,1501,1521,0.1388
20,1492,1512,0.1388
21,1499,1520,0.1388
21,1492,1513,0.1388
21,1499,1520,0.1388
20,1496,1516,0.1388
16,1498,1514,0.1388
15,1501,1516,0.1388
15,1512,1527,0.1388
16,1515,1531,0.1388
16,1508,1524,0.1388
16,1515,1531,0.1388
17,1503,1520,0.1388
16,1502,1518,0.1388
15,1503,1518,0.1388
14,1503,1517,0.1388
17,1500,1517,0.1388
17,1496,1513,0.1388
20,1497,1517,0.1388
21,1499,1520,0.1388
21,1499,1520,0.1388
22,1505,1527,0.1388
22,1492,1514,0.1388
24,1501,1525,0.1388
26,1491,1517,0.1388
24,1484,1508,0.1388
24,1495,1519,0.1388
23,1502,1525,0.1388
22,1512,1534,0.1388
23,1508,1531,0.1388
23,1506,1529,0.1388
21,1495,1516,0.1388
21,1497,1518,0.1388
21,1492,1513,0.1388
22,1492,1514,0.1388
22,1507,1529,0.1388
22,1503,1525,0.1388
23,1497,1520,0.1388
23,1502,1525,0.1388
22,1506,1528,0.1388
22,1501,1523,0.1388
22,1497,1519,0.1388
22,1509,1531,0.1388
19,1500,1519,0.1388
20,1496,1516,0.1388
20,1495,1515,0.1388
21,1508,1529,0.1388
22,1500,1522,0.1388
22,1487,1509,0.1388
21,1496,1517,0.1388
21,1495,1516,0.1388
21,1489,1510,0.1388
23,1488,1511,0.1388
23,1490,1513,0.1388
22,1493,1515,0.1388
22,1506,1528,0.1388
22,1509,1531,0.1388
22,1495,1517,0.1388
22,1487,1509,0.1388
22,1492,1514,0.1388
21,1486,1507,0.1388
21,1482,1503,0.1388
20,1478,1498,0.1388
20,1479,1499,0.1388
20,1482,1502,0.1388
21,1484,1505,0.1388
22,1496,1518,0.1388
23,1483,1506,0.1388
22,1483,1505,0.1388
24,1483,1507,0.1388
24,1482,1506,0.1388
25,1485,1510,0.1388
23,1490,1513,0.1388
22,1483,1505,0.1388
21,1490,1511,0.1388
25,1486,1511,0.1388
25,1492,1517,0.1388
25,1500,1525,0.1388
26,1500,1526,0.1388
24,1507,1531,0.1388
23,1498,1521,0.1388
21,1502,1523,0.1388
20,1499,1519,0.1388
22,1507,1529,0.1388
22,1494,1516,0.1388
22,1494,1516,0.1388
22,1500,1522,0.1388
23,1499,1522,0.1388
22,1496,1518,0.1388
23,1482,1505,0.1388
23,1480,1503,0.1388
21,1489,1510,0.1388
21,1488,1509,0.1388
21,1497,1518,0.1388
20,1506,1526,0.1388
20,1510,1530,0.1388
19,1505,1524,0.1388
22,1509,1531,0.1388
24,1506,1530,0.1388
23,1496,1519,0.1388
23,1495,1518,0.1388
24,1494,1518,0.1388
23,1488,1511,0.1388
23,1479,1502,0.1388
22,1479,1501,0.1388
23,1485,1508,0.1388
22,1496,1518,0.1388
22,1489,1511,0.1388
22,1478,1500,0.1388
24,1477,1501,0.1388
23,1494,1517,0.1388
24,1483,1507,0.1388
25,1485,1510,0.1388
25,1489,1514,0.1388
24,1486,1510,0.1388
24,1481,1505,0.1388
23,1507,1530,0.1388
23,1508,1531,0.1388
23,1503,1526,0.1388
24,1485,1509,0.1388
24,1476,1500,0.1388
24,1482,1506,0.1388
25,1481,1506,0.1388
24,1479,1503,0.1388
23,1475,1498,0.1388
24,1493,1517,0.1388
23,1497,1520,0.1388
22,1504,1526,0.1388
23,1491,1514,0.1388
22,1481,1503,0.1388
22,1484,1506,0.1388
23,1486,1509,0.1388
23,1488,1511,0.1388
22,1494,1516,0.1388
22,1488,1510,0.1388
24,1484,1508,0.1388
24,1487,1511,0.1388
23,1485,1508,0.1388
22,1489,1511,0.1388
22,1489,1511,0.1388
21,1497,1518,0.1388
22,1504,1526,0.1388
20,1508,1528,0.1388
20,1506,1526,0.1388
20,1499,1519,0.1388
19,1497,1516,0.1388
19,1486,1505,0.1388
20,1485,1505,0.1388
22,1487,1509,0.1388
21,1509,1530,0.1388
21,1508,1529,0.1388
20,1495,1515,0.1388
19,1496,1515,0.1388
19,1497,1516,0.1388
19,1482,1501,0.1388
19,1487,1506,0.1388
19,1489,1508,0.1388
21,1482,1503,0.1388
21,1494,1515,0.1388
21,1498,1519,0.1388
21,1502,1523,0.1388
20,1486,1506,0.1388
22,1482,1504,0.1388
23,1482,1505,0.1388
22,1486,1508,0.1388
22,1479,1501,0.1388
23,1497,1520,0.1388
25,1491,1516,0.1388
23,1494,1517,0.1388
25,1492,1517,0.1388
24,1494,1518,0.1388
23,1514,1537,0.1388
22,1505,1527,0.1388
22,1519,1541,0.1388
20,1506,1526,0.1388
20,1507,1527,0.1388
20,1500,1520,0.1388
20,1500,1520,0.1388
20,1497,1517,0.1388
20,1491,1511,0.1388
20,1487,1507,0.1388
20,1509,1529,0.1388
18,1507,1525,0.1388
19,1507,1526,0.1388
18,1509,1527,0.1388
18,1502,1520,0.1388
19,1505,1524,0.1388
18,1507,1525,0.1388
18,1509,1527,0.1388
18,1518,1536,0.1388
17,1503,1520,0.1388
16,1500,1516,0.1388
16,1500,1516,0.1388
16,1499,1515,0.1388
15,1502,1517,0.1388
15,1499,1514,0.1388
14,1510,1524,0.1388
14,1501,1515,0.1388
14,1497,1511,0.1388
14,1498,1512,0.1388
14,1502,1516,0.1388
13,1502,1515,0.1388
13,1510,1523,0.1388
13,1504,1517,0.1388
13,1487,1500,0.1388
13,1494,1507,0.1388
14,1497,1511,0.1388
14,1499,1513,0.1388
13,1508,1521,0.1388
14,1498,1512,0.1388
13,1508,1521,0.1388
14,1513,1527,0.1388
15,1510,1525,0.1388
15,1501,1516,0.1388
15,1506,1521,0.1388
15,1497,1512,0.1388
13,1493,1506,0.1388
13,1494,1507,0.1388
14,1491,1505,0.1388
13,1497,1510,0.1388
13,1506,1519,0.1388
14,1503,1517,0.1388
14,1505,1519,0.1388
12,1509,1521,0.1388
11,1507,1518,0.1388
11,1512,1523,0.1388
11,1509,1520,0.1388
11,1514,1525,0.1388
11,1503,1514,0.1388
11,1501,1512,0.1388
11,1493,1504,0.1388
12,1497,1509,0.1388
11,1502,1513,0.1388
11,1502,1513,0.1388
11,1493,1504,0.1388
13,1499,1512,0.1388
13,1516,1529,0.1388
13,1506,1519,0.1388
13,1505,1518,0.1388
13,1508,1521,0.1388
13,1507,1520,0.1388
13,1498,1511,0.1388
14,1498,1512,0.1388
14,1498,1512,0.1388
15,1497,1512,0.1388
15,1498,1513,0.1388
13,1488,1501,0.1388
13,1489,1502,0.1388
12,1491,1503,0.1388
12,1504,1516,0.1388
11,1497,1508,0.1388
11,1509,1520,0.1388
11,1499,1510,0.1388
11,1500,1511,0.1388
12,1497,1509,0.1388
12,1508,1520,0.1388
12,1497,1509,0.1388
10,1505,1515,0.1388
10,1489,1499,0.1388
12,1483,1495,0.1388
12,1490,1502,0.1388
12,1474,1486,0.1388
12,1498,1510,0.1388
11,1492,1503,0.1388
11,1487,1498,0.1388
11,1510,1521,0.1388
12,1505,1517,0.1388
12,1511,1523,0.1388
12,1495,1507,0.1388
12,1502,1514,0.1388
12,1511,1523,0.1388
12,1517,1529,0.1388
12,1504,1516,0.1388
12,1506,1518,0.1388
13,1503,1516,0.1388
13,1495,1508,0.1388
14,1497,1511,0.1388
14,1497,1511,0.1388
13,1487,1500,0.1388
13,1502,1515,0.1388
13,1496,1509,0.1388
12,1477,1489,0.1388
12,1486,1498,0.1388
14,1495,1509,0.1388
13,1509,1522,0.1388
12,1519,1531,0.1388
12,1521,1533,0.1388
12,1517,1529,0.1388
12,1512,1524,0.1388
12,1511,1523,0.1388
13,1518,1531,0.1388
13,1514,1527,0.1388
12,1509,1521,0.1388
13,1503,1516,0.1388
13,1495,1508,0.1388
13,1500,1513,0.1388
13,1499,1512,0.1388
14,1482,1496,0.1388
15,1484,1499,0.1388
16,1495,1511,0.1388
16,1510,1526,0.1388
15,1494,1509,0.1388
15,1496,1511,0.1388
15,1501,1516,0.1388
14,1503,1517,0.1388
15,1510,1525,0.1388
14,1505,1519,0.1388
13,1518,1531,0.1388
13,1511,1524,0.1388
13,1503,1516,0.1388
13,1507,1520,0.1388
13,1499,1512,0.1388
13,1501,1514,0.1388
14,1497,1511,0.1388
14,1499,1513,0.1388
14,1497,1511,0.1388
14,1498,1512,0.1388
14,1505,1519,0.1388
14,1498,1512,0.1388
12,1504,1516,0.1388
12,1509,1521,0.1388
11,1508,1519,0.1388
11,1509,1520,0.1388
11,1512,1523,0.1388
11,1513,1524,0.1388
11,1515,1526,0.1388
11,1514,1525,0.1388
11,1518,1529,0.1388
11,1514,1525,0.1388
11,1515,1526,0.1388
11,1519,1530,0.1388
11,1526,1537,0.1388
12,1524,1536,0.1388
12,1517,1529,0.1388
12,1500,1512,0.1388
12,1513,1525,0.1388
12,1514,1526,0.1388
12,1512,1524,0.1388
12,1517,1529,0.1388
11,1493,1504,0.1388
13,1497,1510,0.1388
12,1491,1503,0.1388
12,1498,1510,0.1388
12,1502,1514,0.1388
12,1483,1495,0.1388
13,1491,1504,0.1388
14,1492,1506,0.1388
14,1484,1498,0.1388
15,1487,1502,0.1388
14,1484,1498,0.1388
13,1499,1512,0.1388
13,1494,1507,0.1388
14,1491,1505,0.1388
14,1483,1497,0.1388
13,1477,1490,0.1388
13,1475,1488,0.1388
13,1480,1493,0.1388
13,1508,1521,0.1388
12,1507,1519,0.1388
12,1503,1515,0.1388
13,1503,1516,0.1388
13,1498,1511,0.1388
13,1519,1532,0.1388
12,1512,1524,0.1388
13,1516,1529,0.1388
13,1501,1514,0.1388
14,1514,1528,0.1388
13,1498,1511,0.1388
13,1506,1519,0.1388
14,1514,1528,0.1388
14,1511,1525,0.1388
13,1509,1522,0.1388
13,1505,1518,0.1388
13,1502,1515,0.1388
12,1491,1503,0.1388
12,1491,1503,0.1388
12,1496,1508,0.1388
12,1488,1500,0.1388
12,1497,1509,0.1388
12,1490,1502,0.1388
13,1493,1506,0.1388
13,1504,1517,0.1388
12,1504,1516,0.1388
12,1505,1517,0.1388
13,1486,1499,0.1388
13,1495,1508,0.1388
13,1498,1511,0.1388
12,1515,1527,0.1388
13,1502,1515,0.1388
13,1497,1510,0.1388
13,1490,1503,0.1388
13,1500,1513,0.1388
12,1499,1511,0.1388
11,1503,1514,0.1388
11,1509,1520,0.1388
12,1494,1506,0.1388
13,1503,1516,0.1388
13,1517,1530,0.1388
13,1517,1530,0.1388
14,1503,1517,0.1388
14,1498,1512,0.1388
13,1501,1514,0.1388
13,1489,1502,0.1388
13,1498,1511,0.1388
13,1507,1520,0.1388
13,1518,1531,0.1388
13,1518,1531,0.1388
11,1519,1530,0.1388
11,1519,1530,0.1388
11,1511,1522,0.1388
12,1514,1526,0.1388
12,1513,1525,0.1388
12,1504,1516,0.1388
12,1510,1522,0.1388
11,1509,1520,0.1388
11,1506,1517,0.1388
11,1507,1518,0.1388
11,1508,1519,0.1388
11,1506,1517,0.1388
10,1506,1516,0.1388
10,1511,1521,0.1388
10,1501,1511,0.1388
10,1508,1518,0.1388
9,1508,1517,0.1388
9,1520,1529,0.1388
9,1514,1523,0.1388
10,1519,1529,0.1388
10,1505,1515,0.1388
9,1500,1509,0.1388
9,1508,1517,0.1388
8,1509,1517,0.1388
9,1519,1528,0.1388
9,1534,1543,0.1388
9,1524,1533,0.1388
8,1518,1526,0.1388
8,1516,1524,0.1388
8,1509,1517,0.1388
8,1517,1525,0.1388
8,1510,1518,0.1388
8,1514,1522,0.1388
8,1505,1513,0.1388
9,1502,1511,0.1388
9,1497,1506,0.1388
9,1507,1516,0.1388
9,1510,1519,0.1388
8,1506,1514,0.1388
8,1512,1520,0.1388
8,1511,1519,0.1388
8,1521,1529,0.1388
8,1515,1523,0.1388
8,1513,1521,0.1388
8,1517,1525,0.1388
7,1517,1524,0.1388
8,1528,1536,0.1388
8,1510,1518,0.1388
8,1513,1521,0.1388
8,1511,1519,0.1388
8,1516,1524,0.1388
8,1512,1520,0.1388
8,1523,1531,0.1388
8,1535,1543,0.1388
7,1531,1538,0.1388
7,1522,1529,0.1388
7,1519,1526,0.1388
7,1513,1520,0.1388
7,1509,1516,0.1388
8,1506,1514,0.1388
8,1517,1525,0.1388
7,1517,1524,0.1388
7,1512,1519,0.1388
7,1508,1515,0.1388
6,1499,1505,0.1388
6,1508,1514,0.1388
6,1500,1506,0.1388
6,1498,1504,0.1388
6,1516,1522,0.1388
6,1518,1524,0.1388
6,1513,1519,0.1388
7,1508,1515,0.1388
8,1518,1526,0.1388
8,1511,1519,0.1388
8,1520,1528,0.1388
9,1508,1517,0.1388
9,1504,1513,0.1388
8,1513,1521,0.1388
8,1514,1522,0.1388
8,1513,1521,0.1388
8,1517,1525,0.1388
8,1511,1519,0.1388
8,1512,1520,0.1388
8,1495,1503,0.1388
8,1505,1513,0.1388
8,1500,1508,0.1388
8,1503,1511,0.1388
7,1512,1519,0.1388
7,1507,1514,0.1388
7,1501,1508,0.1388
7,1504,1511,0.1388
7,1506,1513,0.1388
8,1518,1526,0.1388
9,1521,1530,0.1388
9,1516,1525,0.1388
9,1513,1522,0.1388
9,1510,1519,0.1388
10,1513,1523,0.1388
10,1509,1519,0.1388
10,1513,1523,0.1388
11,1519,1530,0.1388
11,1523,1534,0.1388
11,1516,1527,0.1388
11,1519,1530,0.1388
11,1521,1532,0.1388
10,1497,1507,0.1388
11,1513,1524,0.1388
11,1510,1521,0.1388
12,1500,1512,0.1388
12,1507,1519,0.1388
12,1491,1503,0.1388
11,1501,1512,0.1388
11,1508,1519,0.1388
12,1496,1508,0.1388
12,1503,1515,0.1388
13,1493,1506,0.1388
13,1500,1513,0.1388
13,1498,1511,0.1388
14,1513,1527,0.1388
14,1510,1524,0.1388
13,1504,1517,0.1388
13,1492,1505,0.1388
13,1502,1515,0.1388
12,1501,1513,0.1388
12,1515,1527,0.1388
11,1503,1514,0.1388
12,1505,1517,0.1388
12,1515,1527,0.1388
11,1510,1521,0.1388
11,1503,1514,0.1388
10,1510,1520,0.1388
10,1500,1510,0.1388
10,1508,1518,0.1388
10,1501,1511,0.1388
11,1495,1506,0.1388
12,1493,1505,0.1388
12,1494,1506,0.1388
12,1493,1505,0.1388
12,1507,1519,0.1388
13,1509,1522,0.1388
12,1505,1517,0.1388
12,1509,1521,0.1388
13,1508,1521,0.1388
13,1496,1509,0.1388
12,1497,1509,0.1388
11,1506,1517,0.1388
11,1516,1527,0.1388
12,1506,1518,0.1388
13,1502,1515,0.1388
13,1517,1530,0.1388
13,1514,1527,0.1388
13,1510,1523,0.1388
10,1508,1518,0.1388
11,1497,1508,0.1388
12,1487,1499,0.1388
12,1496,1508,0.1388
12,1505,1517,0.1388
12,1514,1526,0.1388
12,1509,1521,0.1388
12,1497,1509,0.1388
12,1493,1505,0.1388
12,1492,1504,0.1388
12,1503,1515,0.1388
12,1505,1517,0.1388
12,1506,1518,0.1388
13,1509,1522,0.1388
13,1503,1516,0.1388
13,1493,1506,0.1388
12,1513,1525,0.1388
11,1502,1513,0.1388
11,1502,1513,0.1388
11,1499,1510,0.1388
11,1509,1520,0.1388
11,1515,1526,0.1388
11,1517,1528,0.1388
10,1524,1534,0.1388
9,1519,1528,0.1388
9,1509,1518,0.1388
10,1510,1520,0.1388
10,1509,1519,0.1388
10,1501,1511,0.1388
11,1507,1518,0.1388
11,1511,1522,0.1388
11,1508,1519,0.1388
11,1500,1511,0.1388
13,1515,1528,0.1388
14,1522,1536,0.1388
14,1515,1529,0.1388
13,1503,1516,0.1388
13,1519,1532,0.1388
12,1515,1527,0.1388
12,1523,1535,0.1388
12,1506,1518,0.1388
12,1507,1519,0.1388
12,1491,1503,0.1388
12,1493,1505,0.1388
12,1483,1495,0.1388
12,1485,1497,0.1388
12,1502,1514,0.1388
12,1507,1519,0.1388
12,1513,1525,0.1388
12,1494,1506,0.1388
13,1505,1518,0.1388
12,1501,1513,0.1388
12,1514,1526,0.1388
13,1519,1532,0.1388
14,1510,1524,0.1388
15,1516,1531,0.1388
15,1507,1522,0.1388
15,1510,1525,0.1388
14,1521,1535,0.1388
13,1503,1516,0.1388
11,1505,1516,0.1388
11,1488,1499,0.1388
10,1496,1506,0.1388
11,1510,1521,0.1388
12,1518,1530,0.1388
12,1505,1517,0.1388
12,1512,1524,0.1388
12,1494,1506,0.1388
12,1492,1504,0.1388
12,1489,1501,0.1388
12,1491,1503,0.1388
10,1501,1511,0.1388
11,1492,1503,0.1388
10,1490,1500,0.1388
9,1503,1512,0.1388
9,1495,1504,0.1388
9,1505,1514,0.1388
9,1496,1505,0.1388
9,1503,1512,0.1388
8,1499,1507,0.1388
10,1501,1511,0.1388
10,1503,1513,0.1388
10,1509,1519,0.1388
10,1500,1510,0.1388
9,1497,1506,0.1388
8,1503,1511,0.1388
9,1498,1507,0.1388
8,1498,1506,0.1388
9,1502,1511,0.1388
9,1507,1516,0.1388
9,1512,1521,0.1388
8,1502,1510,0.1388
8,1506,1514,0.1388
8,1500,1508,0.1388
8,1511,1519,0.1388
8,1511,1519,0.1388
8,1507,1515,0.1388
8,1509,1517,0.1388
8,1513,1521,0.1388
8,1508,1516,0.1388
9,1502,1511,0.1388
8,1501,1509,0.1388
8,1498,1506,0.1388
8,1509,1517,0.1388
7,1510,1517,0.1388
7,1514,1521,0.1388
6,1510,1516,0.1388
5,1507,1512,0.1388
5,1497,1502,0.1388
5,1510,1515,0.1388
6,1506,1512,0.1388
6,1495,1501,0.1388
6,1493,1499,0.1388
6,1501,1507,0.1388
6,1509,1515,0.1388
5,1499,1504,0.1388
5,1502,1507,0.1388
5,1489,1494,0.1388
5,1499,1504,0.1388
5,1493,1498,0.1388
5,1514,1519,0.1388
4,1515,1519,0.1388
4,1508,1512,0.1388
4,1513,1517,0.1388
4,1521,1525,0.1388
4,1524,1528,0.1388
4,1525,1529,0.1388
4,1517,1521,0.1388
4,1520,1524,0.1388
4,1513,1517,0.1388
4,1514,1518,0.1388
4,1516,1520,0.1388
4,1526,1530,0.1388
4,1516,1520,0.1388
4,1520,1524,0.1388
4,1506,1510,0.1388
4,1499,1503,0.1388
4,1511,1515,0.1388
4,1517,1521,0.1388
4,1518,1522,0.1388
4,1519,1523,0.1388
4,1520,1524,0.1388
4,1522,1526,0.1388
4,1516,1520,0.1388
4,1515,1519,0.1388
4,1506,1510,0.1388
4,1514,1518,0.1388
4,1514,1518,0.1388
3,1516,1519,0.1388
2,1507,1509,0.1388
2,1517,1519,0.1388
2,1502,1504,0.1388
2,1505,1507,0.1388
2,1513,1515,0.1388
2,1515,1517,0.1388
2,1514,1516,0.1388
2,1522,1524,0.1388
2,1512,1514,0.1388
2,1501,1503,0.1388
2,1510,1512,0.1388
2,1519,1521,0.1388
1,1507,1508,0.1388
1,1515,1516,0.1388
1,1514,1515,0.1388
1,1521,1522,0.1388
1,1522,1523,0.1388
1,1514,1515,0.1388
1,1515,1516,0.1388
1,1515,1516,0.1388
1,1518,1519,0.1388
1,1517,1518,0.1388
1,1518,1519,0.1388
1,1522,1523,0.1388
1,1521,1522,0.1388
1,1519,1520,0.1388
1,1515,1516,0.1388
1,1516,1517,0.1388
0,1526,1526,0.1388
