1365,30,1395,0.1388
1398,33,1431,0.1388
1423,35,1458,0.1388
1423,34,1457,0.1388
1435,35,1470,0.1388
1450,37,1487,0.1388
1465,37,1502,0.1388
1471,39,1510,0.1388
1479,40,1519,0.1388
1473,38,1511,0.1388
1480,37,1517,0.1388
1470,36,1506,0.1388
1465,34,1499,0.1388
1459,36,1495,0.1388
1439,38,1477,0.1388
1450,39,1489,0.1388
1460,40,1500,0.1388
1458,40,1498,0.1388
1458,40,1498,0.1388
1442,40,1482,0.1388
1432,41,1473,0.1388
1436,41,1477,0.1388
1445,45,1490,0.1388
1433,46,1479,0.1388
1432,46,1478,0.1388
1436,49,1485,0.1388
1429,50,1479,0.1388
1430,51,1481,0.1388
1431,51,1482,0.1388
1433,52,1485,0.1388
1433,51,1484,0.1388
1421,53,1474,0.1388
1419,54,1473,0.1388
1432,53,1485,0.1388
1440,55,1495,0.1388
1438,54,1492,0.1388
1441,55,1496,0.1388
1440,55,1495,0.1388
1445,56,1501,0.1388
1436,56,1492,0.1388
1435,57,1492,0.1388
1418,55,1473,0.1388
1442,55,1497,0.1388
1439,56,1495,0.1388
1424,57,1481,0.1388
1433,57,1490,0.1388
1439,59,1498,0.1388
1440,59,1499,0.1388
1432,59,1491,0.1388
1439,61,1500,0.1388
1437,61,1498,0.1388
1439,60,1499,0.1388
1437,61,1498,0.1388
1437,62,1499,0.1388
1443,62,1505,0.1388
1435,63,1498,0.1388
1428,65,1493,0.1388
1431,63,1494,0.1388
1434,61,1495,0.1388
1430,62,1492,0.1388
1433,61,1494,0.1388
1436,58,1494,0.1388
1440,57,1497,0.1388
1439,55,1494,0.1388
1443,56,1499,0.1388
1444,57,1501,0.1388
1445,56,1501,0.1388
1438,57,1495,0.1388
1454,55,1509,0.1388
1460,57,1517,0.1388
1466,59,1525,0.1388
1451,60,1511,0.1388
1450,59,1509,0.1388
1453,58,1511,0.1388
1444,58,1502,0.1388
1445,60,1505,0.1388
1436,59,1495,0.1388
1429,61,1490,0.1388
1441,61,1502,0.1388
1427,60,1487,0.1388
1433,61,1494,0.1388
1438,60,1498,0.1388
1426,63,1489,0.1388
1425,64,1489,0.1388
1407,66,1473,0.1388
1420,67,1487,0.1388
1416,68,1484,0.1388
1416,72,1488,0.1388
1424,74,1498,0.1388
1415,77,1492,0.1388
1417,75,1492,0.1388
1392,79,1471,0.1388
1407,79,1486,0.1388
1421,77,1498,0.1388
1415,81,1496,0.1388
1421,78,1499,0.1388
1421,78,1499,0.1388
1406,83,1489,0.1388
1389,81,1470,0.1388
1405,80,1485,0.1388
1404,79,1483,0.1388
1407,77,1484,0.1388
1401,80,1481,0.1388
1401,79,1480,0.1388
1407,79,1486,0.1388
1408,78,1486,0.1388
1409,77,1486,0.1388
1411,78,1489,0.1388
1410,81,1491,0.1388
1404,86,1490,0.1388
1393,86,1479,0.1388
1394,86,1480,0.1388
1404,88,1492,0.1388
1407,87,1494,0.1388
1398,86,1484,0.1388
1401,84,1485,0.1388
1403,86,1489,0.1388
1393,89,1482,0.1388
1409,89,1498,0.1388
1408,88,1496,0.1388
1400,87,1487,0.1388
1403,85,1488,0.1388
1410,85,1495,0.1388
1411,84,1495,0.1388
1407,83,1490,0.1388
1408,85,1493,0.1388
1391,84,1475,0.1388
1398,85,1483,0.1388
1392,84,1476,0.1388
1399,87,1486,0.1388
1392,81,1473,0.1388
1396,80,1476,0.1388
1392,79,1471,0.1388
1404,75,1479,0.1388
1409,76,1485,0.1388
1418,74,1492,0.1388
1423,77,1500,0.1388
1436,75,1511,0.1388
1435,77,1512,0.1388
1424,77,1501,0.1388
1413,78,1491,0.1388
1411,76,1487,0.1388
1419,77,1496,0.1388
1430,76,1506,0.1388
1435,77,1512,0.1388
1437,78,1515,0.1388
1431,78,1509,0.1388
1432,74,1506,0.1388
1417,78,1495,0.1388
1406,77,1483,0.1388
1407,77,1484,0.1388
1416,78,1494,0.1388
1407,77,1484,0.1388
1395,78,1473,0.1388
1407,78,1485,0.1388
1407,82,1489,0.1388
1408,83,1491,0.1388
1410,83,1493,0.1388
1409,84,1493,0.1388
1407,87,1494,0.1388
1417,85,1502,0.1388
1410,87,1497,0.1388
1428,88,1516,0.1388
1423,86,1509,0.1388
1421,86,1507,0.1388
1415,91,1506,0.1388
1412,90,1502,0.1388
1418,93,1511,0.1388
1423,94,1517,0.1388
1408,93,1501,0.1388
1395,96,1491,0.1388
1405,96,1501,0.1388
1397,99,1496,0.1388
1399,98,1497,0.1388
1386,97,1483,0.1388
1389,97,1486,0.1388
1393,96,1489,0.1388
1388,99,1487,0.1388
1402,99,1501,0.1388
1387,98,1485,0.1388
1392,98,1490,0.1388
1383,100,1483,0.1388
1388,100,1488,0.1388
1394,101,1495,0.1388
1392,98,1490,0.1388
1390,100,1490,0.1388
1371,98,1469,0.1388
1384,97,1481,0.1388
1383,96,1479,0.1388
1389,95,1484,0.1388
1395,95,1490,0.1388
1388,96,1484,0.1388
1383,98,1481,0.1388
1381,98,1479,0.1388
1380,97,1477,0.1388
1388,95,1483,0.1388
1387,94,1481,0.1388
1388,95,1483,0.1388
1393,97,1490,0.1388
1393,95,1488,0.1388
1414,92,1506,0.1388
1417,94,1511,0.1388
1411,95,1506,0.1388
1422,97,1519,0.1388
1415,93,1508,0.1388
1409,92,1501,0.1388
1405,94,1499,0.1388
1405,94,1499,0.1388
1409,96,1505,0.1388
1399,99,1498,0.1388
1386,99,1485,0.1388
1396,101,1497,0.1388
1388,101,1489,0.1388
1401,102,1503,0.1388
1397,102,1499,0.1388
1395,98,1493,0.1388
1407,100,1507,0.1388
1396,100,1496,0.1388
1398,98,1496,0.1388
1395,98,1493,0.1388
1386,102,1488,0.1388
1383,103,1486,0.1388
1388,102,1490,0.1388
1384,103,1487,0.1388
1385,100,1485,0.1388
1379,102,1481,0.1388
1383,103,1486,0.1388
1379,103,1482,0.1388
1373,102,1475,0.1388
1383,104,1487,0.1388
1385,103,1488,0.1388
1397,102,1499,0.1388
1398,105,1503,0.1388
1397,103,1500,0.1388
1392,103,1495,0.1388
1385,109,1494,0.1388
1388,110,1498,0.1388
1389,112,1501,0.1388
1383,113,1496,0.1388
1379,116,1495,0.1388
1383,111,1494,0.1388
1393,115,1508,0.1388
1398,112,1510,0.1388
1388,117,1505,0.1388
1364,117,1481,0.1388
1375,120,1495,0.1388
1381,121,1502,0.1388
1374,123,1497,0.1388
1378,123,1501,0.1388
1377,125,1502,0.1388
1373,121,1494,0.1388
1368,118,1486,0.1388
1362,120,1482,0.1388
1356,122,1478,0.1388
1372,123,1495,0.1388
1375,125,1500,0.1388
1370,121,1491,0.1388
1381,122,1503,0.1388
1375,125,1500,0.1388
1377,123,1500,0.1388
1375,123,1498,0.1388
1382,124,1506,0.1388
1396,122,1518,0.1388
1387,122,1509,0.1388
1372,125,1497,0.1388
1374,128,1502,0.1388
1377,132,1509,0.1388
1372,135,1507,0.1388
1368,136,1504,0.1388
1381,134,1515,0.1388
1378,136,1514,0.1388
1367,133,1500,0.1388
1351,136,1487,0.1388
1364,139,1503,0.1388
1374,133,1507,0.1388
1369,131,1500,0.1388
1367,133,1500,0.1388
1365,130,1495,0.1388
1375,135,1510,0.1388
1369,137,1506,0.1388
1352,140,1492,0.1388
1345,142,1487,0.1388
1357,145,1502,0.1388
1356,149,1505,0.1388
1350,147,1497,0.1388
1348,150,1498,0.1388
1355,147,1502,0.1388
1361,146,1507,0.1388
1357,150,1507,0.1388
1359,149,1508,0.1388
1357,149,1506,0.1388
1363,151,1514,0.1388
1358,148,1506,0.1388
1359,146,1505,0.1388
1347,143,1490,0.1388
1350,143,1493,0.1388
1350,149,1499,0.1388
1353,152,1505,0.1388
1361,149,1510,0.1388
1359,148,1507,0.1388
1353,151,1504,0.1388
1346,151,1497,0.1388
1346,152,1498,0.1388
1344,153,1497,0.1388
1356,149,1505,0.1388
1361,152,1513,0.1388
1347,149,1496,0.1388
1333,147,1480,0.1388
1337,146,1483,0.1388
1326,146,1472,0.1388
1320,147,1467,0.1388
1337,148,1485,0.1388
1326,151,1477,0.1388
1337,152,1489,0.1388
1354,154,1508,0.1388
1347,155,1502,0.1388
1339,151,1490,0.1388
1340,153,1493,0.1388
1336,158,1494,0.1388
1346,155,1501,0.1388
1343,155,1498,0.1388
1337,159,1496,0.1388
1331,155,1486,0.1388
1350,156,1506,0.1388
1357,156,1513,0.1388
1345,153,1498,0.1388
1356,151,1507,0.1388
1355,151,1506,0.1388
1361,153,1514,0.1388
1355,154,1509,0.1388
1352,152,1504,0.1388
1366,152,1518,0.1388
1359,156,1515,0.1388
1362,156,1518,0.1388
1354,154,1508,0.1388
1349,156,1505,0.1388
1350,157,1507,0.1388
1337,162,1499,0.1388
1337,165,1502,0.1388
1339,164,1503,0.1388
1333,162,1495,0.1388
1330,168,1498,0.1388
1323,170,1493,0.1388
1341,170,1511,0.1388
1344,166,1510,0.1388
1329,167,1496,0.1388
1318,168,1486,0.1388
1311,169,1480,0.1388
1316,171,1487,0.1388
1320,172,1492,0.1388
1317,172,1489,0.1388
1329,171,1500,0.1388
1334,169,1503,0.1388
1342,169,1511,0.1388
1345,170,1515,0.1388
1332,171,1503,0.1388
1332,172,1504,0.1388
1317,167,1484,0.1388
1317,168,1485,0.1388
1313,164,1477,0.1388
1324,172,1496,0.1388
1308,176,1484,0.1388
1308,175,1483,0.1388
1305,176,1481,0.1388
1311,176,1487,0.1388
1315,169,1484,0.1388
1321,166,1487,0.1388
1322,168,1490,0.1388
1334,173,1507,0.1388
1329,171,1500,0.1388
1322,173,1495,0.1388
1312,172,1484,0.1388
1315,177,1492,0.1388
1318,175,1493,0.1388
1319,171,1490,0.1388
1319,173,1492,0.1388
1324,176,1500,0.1388
1306,177,1483,0.1388
1302,175,1477,0.1388
1301,171,1472,0.1388
1305,174,1479,0.1388
1309,176,1485,0.1388
1312,181,1493,0.1388
1323,180,1503,0.1388
1321,177,1498,0.1388
1312,177,1489,0.1388
1312,182,1494,0.1388
1318,178,1496,0.1388
1315,174,1489,0.1388
1313,178,1491,0.1388
1321,173,1494,0.1388
1319,175,1494,0.1388
1321,177,1498,0.1388
1315,177,1492,0.1388
1296,171,1467,0.1388
1288,172,1460,0.1388
1299,173,1472,0.1388
1304,171,1475,0.1388
1316,176,1492,0.1388
1310,178,1488,0.1388
1314,174,1488,0.1388
1312,177,1489,0.1388
1308,178,1486,0.1388
1320,178,1498,0.1388
1316,182,1498,0.1388
1318,181,1499,0.1388
1320,181,1501,0.1388
1317,185,1502,0.1388
1314,175,1489,0.1388
1306,181,1487,0.1388
1305,178,1483,0.1388
1308,179,1487,0.1388
1312,177,1489,0.1388
1326,175,1501,0.1388
1326,181,1507,0.1388
1315,186,1501,0.1388
1314,192,1506,0.1388
1308,190,1498,0.1388
1310,192,1502,0.1388
1311,194,1505,0.1388
1303,196,1499,0.1388
1314,198,1512,0.1388
1311,199,1510,0.1388
1305,198,1503,0.1388
1305,204,1509,0.1388
1294,199,1493,0.1388
1293,200,1493,0.1388
1299,206,1505,0.1388
1287,205,1492,0.1388
1278,207,1485,0.1388
1259,208,1467,0.1388
1286,204,1490,0.1388
1273,205,1478,0.1388
1273,203,1476,0.1388
1290,202,1492,0.1388
1296,201,1497,0.1388
1284,204,1488,0.1388
1298,205,1503,0.1388
1292,204,1496,0.1388
1290,199,1489,0.1388
1288,202,1490,0.1388
1277,204,1481,0.1388
1289,206,1495,0.1388
1312,203,1515,0.1388
1302,202,1504,0.1388
1300,208,1508,0.1388
1285,208,1493,0.1388
1277,208,1485,0.1388
1289,204,1493,0.1388
1281,208,1489,0.1388
1277,207,1484,0.1388
1282,207,1489,0.1388
1290,211,1501,0.1388
1289,212,1501,0.1388
1286,218,1504,0.1388
1292,217,1509,0.1388
1280,215,1495,0.1388
1281,216,1497,0.1388
1289,218,1507,0.1388
1285,220,1505,0.1388
1282,221,1503,0.1388
1276,221,1497,0.1388
1268,217,1485,0.1388
1276,215,1491,0.1388
1287,218,1505,0.1388
1274,219,1493,0.1388
1283,216,1499,0.1388
1277,217,1494,0.1388
1276,218,1494,0.1388
1268,223,1491,0.1388
1267,223,1490,0.1388
1274,221,1495,0.1388
1256,221,1477,0.1388
1268,224,1492,0.1388
1270,227,1497,0.1388
1270,228,1498,0.1388
1266,223,1489,0.1388
1273,226,1499,0.1388
1263,227,1490,0.1388
1250,232,1482,0.1388
1253,232,1485,0.1388
1265,234,1499,0.1388
1261,239,1500,0.1388
1261,239,1500,0.1388
1261,236,1497,0.1388
1249,240,1489,0.1388
1258,246,1504,0.1388
1252,245,1497,0.1388
1250,245,1495,0.1388
1248,248,1496,0.1388
1248,246,1494,0.1388
1251,246,1497,0.1388
1261,242,1503,0.1388
1260,244,1504,0.1388
1256,242,1498,0.1388
1248,239,1487,0.1388
1242,239,1481,0.1388
1248,239,1487,0.1388
1249,242,1491,0.1388
1250,238,1488,0.1388
1249,240,1489,0.1388
1234,238,1472,0.1388
1242,242,1484,0.1388
1235,238,1473,0.1388
1240,243,1483,0.1388
1236,248,1484,0.1388
1237,250,1487,0.1388
1234,250,1484,0.1388
1237,252,1489,0.1388
1238,257,1495,0.1388
1240,258,1498,0.1388
1238,259,1497,0.1388
1234,265,1499,0.1388
1237,258,1495,0.1388
1233,259,1492,0.1388
1225,263,1488,0.1388
1236,266,1502,0.1388
1240,267,1507,0.1388
1232,262,1494,0.1388
1230,269,1499,0.1388
1236,267,1503,0.1388
1240,267,1507,0.1388
1239,268,1507,0.1388
1236,265,1501,0.1388
1237,267,1504,0.1388
1228,271,1499,0.1388
1236,273,1509,0.1388
1237,274,1511,0.1388
1239,273,1512,0.1388
1242,271,1513,0.1388
1243,264,1507,0.1388
1243,266,1509,0.1388
1241,258,1499,0.1388
1228,262,1490,0.1388
1220,264,1484,0.1388
1229,265,1494,0.1388
1225,264,1489,0.1388
1225,265,1490,0.1388
1233,266,1499,0.1388
1225,267,1492,0.1388
1224,266,1490,0.1388
1221,269,1490,0.1388
1205,264,1469,0.1388
1205,276,1481,0.1388
1210,273,1483,0.1388
1222,267,1489,0.1388
1220,275,1495,0.1388
1213,280,1493,0.1388
1219,275,1494,0.1388
1223,277,1500,0.1388
1225,280,1505,0.1388
1219,282,1501,0.1388
1217,284,1501,0.1388
1212,289,1501,0.1388
1209,291,1500,0.1388
1213,288,1501,0.1388
1216,291,1507,0.1388
1207,287,1494,0.1388
1220,288,1508,0.1388
1206,290,1496,0.1388
1203,296,1499,0.1388
1211,285,1496,0.1388
1203,282,1485,0.1388
1196,289,1485,0.1388
1201,292,1493,0.1388
1200,292,1492,0.1388
1208,291,1499,0.1388
1206,290,1496,0.1388
1204,287,1491,0.1388
1215,282,1497,0.1388
1221,284,1505,0.1388
1213,278,1491,0.1388
1208,285,1493,0.1388
1216,285,1501,0.1388
1224,283,1507,0.1388
1219,287,1506,0.1388
1209,289,1498,0.1388
1204,290,1494,0.1388
1206,291,1497,0.1388
1213,288,1501,0.1388
1211,294,1505,0.1388
1209,296,1505,0.1388
1203,296,1499,0.1388
1198,295,1493,0.1388
1207,295,1502,0.1388
1209,293,1502,0.1388
1216,289,1505,0.1388
1203,291,1494,0.1388
1203,294,1497,0.1388
1200,294,1494,0.1388
1203,293,1496,0.1388
1208,290,1498,0.1388
1212,299,1511,0.1388
1210,303,1513,0.1388
1224,301,1525,0.1388
1220,302,1522,0.1388
1211,304,1515,0.1388
1204,310,1514,0.1388
1205,307,1512,0.1388
1198,307,1505,0.1388
1184,304,1488,0.1388
1189,311,1500,0.1388
1195,314,1509,0.1388
1194,321,1515,0.1388
1198,318,1516,0.1388
1192,320,1512,0.1388
1186,318,1504,0.1388
1179,318,1497,0.1388
1168,318,1486,0.1388
1160,320,1480,0.1388
1171,319,1490,0.1388
1177,326,1503,0.1388
1174,324,1498,0.1388
1163,326,1489,0.1388
1168,328,1496,0.1388
1169,326,1495,0.1388
1170,327,1497,0.1388
1170,329,1499,0.1388
1165,332,1497,0.1388
1158,324,1482,0.1388
1151,325,1476,0.1388
1141,332,1473,0.1388
1139,329,1468,0.1388
1149,329,1478,0.1388
1159,329,1488,0.1388
1157,332,1489,0.1388
1160,331,1491,0.1388
1157,331,1488,0.1388
1162,332,1494,0.1388
1158,330,1488,0.1388
1158,336,1494,0.1388
1148,335,1483,0.1388
1151,343,1494,0.1388
1142,348,1490,0.1388
1144,348,1492,0.1388
1155,343,1498,0.1388
1142,343,1485,0.1388
1146,348,1494,0.1388
1144,352,1496,0.1388
1141,348,1489,0.1388
1136,354,1490,0.1388
1127,359,1486,0.1388
1129,361,1490,0.1388
1133,363,1496,0.1388
1120,369,1489,0.1388
1112,379,1491,0.1388
1124,377,1501,0.1388
1119,378,1497,0.1388
1125,372,1497,0.1388
1134,366,1500,0.1388
1125,371,1496,0.1388
1119,371,1490,0.1388
1128,369,1497,0.1388
1139,371,1510,0.1388
1131,372,1503,0.1388
1120,377,1497,0.1388
1132,376,1508,0.1388
1130,369,1499,0.1388
1132,376,1508,0.1388
1126,377,1503,0.1388
1117,374,1491,0.1388
1128,374,1502,0.1388
1118,380,1498,0.1388
1117,381,1498,0.1388
1116,389,1505,0.1388
1114,387,1501,0.1388
1111,386,1497,0.1388
1116,388,1504,0.1388
1120,388,1508,0.1388
1109,388,1497,0.1388
1104,396,1500,0.1388
1100,395,1495,0.1388
1110,392,1502,0.1388
1114,388,1502,0.1388
1122,395,1517,0.1388
1123,392,1515,0.1388
1122,393,1515,0.1388
1121,392,1513,0.1388
1121,392,1513,0.1388
1118,393,1511,0.1388
1103,394,1497,0.1388
1110,391,1501,0.1388
1100,395,1495,0.1388
1109,393,1502,0.1388
1109,393,1502,0.1388
1107,395,1502,0.1388
1108,394,1502,0.1388
1115,398,1513,0.1388
1124,400,1524,0.1388
1121,397,1518,0.1388
1107,391,1498,0.1388
1095,402,1497,0.1388
1090,398,1488,0.1388
1100,396,1496,0.1388
1096,398,1494,0.1388
1098,403,1501,0.1388
1099,403,1502,0.1388
1106,403,1509,0.1388
1104,395,1499,0.1388
1096,395,1491,0.1388
1102,394,1496,0.1388
1101,395,1496,0.1388
1105,402,1507,0.1388
1111,401,1512,0.1388
1099,403,1502,0.1388
1106,400,1506,0.1388
1112,394,1506,0.1388
1119,394,1513,0.1388
1109,395,1504,0.1388
1104,388,1492,0.1388
1104,391,1495,0.1388
1099,390,1489,0.1388
1109,397,1506,0.1388
1103,402,1505,0.1388
1102,406,1508,0.1388
1096,409,1505,0.1388
1101,409,1510,0.1388
1102,412,1514,0.1388
1104,410,1514,0.1388
1111,405,1516,0.1388
1107,408,1515,0.1388
1104,405,1509,0.1388
1098,405,1503,0.1388
1086,401,1487,0.1388
1086,411,1497,0.1388
1082,419,1501,0.1388
1078,408,1486,0.1388
1082,411,1493,0.1388
1088,412,1500,0.1388
1081,410,1491,0.1388
1083,421,1504,0.1388
1083,429,1512,0.1388
1081,429,1510,0.1388
1065,427,1492,0.1388
1063,428,1491,0.1388
1077,425,1502,0.1388
1080,431,1511,0.1388
1079,434,1513,0.1388
1068,435,1503,0.1388
1061,447,1508,0.1388
1057,446,1503,0.1388
1058,443,1501,0.1388
1044,449,1493,0.1388
1042,454,1496,0.1388
1047,452,1499,0.1388
1048,459,1507,0.1388
1048,459,1507,0.1388
1046,454,1500,0.1388
1047,447,1494,0.1388
1042,447,1489,0.1388
1044,449,1493,0.1388
1042,452,1494,0.1388
1039,453,1492,0.1388
1037,453,1490,0.1388
1042,455,1497,0.1388
1035,455,1490,0.1388
1039,459,1498,0.1388
1040,455,1495,0.1388
1049,452,1501,0.1388
1045,452,1497,0.1388
1040,460,1500,0.1388
1042,458,1500,0.1388
1040,458,1498,0.1388
1040,458,1498,0.1388
1043,458,1501,0.1388
1043,465,1508,0.1388
1043,463,1506,0.1388
1038,458,1496,0.1388
1038,463,1501,0.1388
1031,461,1492,0.1388
1030,467,1497,0.1388
1033,464,1497,0.1388
1031,463,1494,0.1388
1034,460,1494,0.1388
1031,453,1484,0.1388
1045,457,1502,0.1388
1037,463,1500,0.1388
1041,464,1505,0.1388
1040,458,1498,0.1388
1042,464,1506,0.1388
1039,461,1500,0.1388
1032,462,1494,0.1388
1027,466,1493,0.1388
1031,468,1499,0.1388
1041,475,1516,0.1388
1038,472,1510,0.1388
1031,476,1507,0.1388
1018,477,1495,0.1388
1028,475,1503,0.1388
1032,471,1503,0.1388
1018,476,1494,0.1388
1021,475,1496,0.1388
1019,471,1490,0.1388
1027,476,1503,0.1388
1023,473,1496,0.1388
1029,466,1495,0.1388
1037,470,1507,0.1388
1031,466,1497,0.1388
1017,474,1491,0.1388
1023,469,1492,0.1388
1010,477,1487,0.1388
1015,474,1489,0.1388
1012,479,1491,0.1388
1011,479,1490,0.1388
1027,481,1508,0.1388
1031,481,1512,0.1388
1023,482,1505,0.1388
1023,483,1506,0.1388
1019,495,1514,0.1388
1014,485,1499,0.1388
1014,486,1500,0.1388
1011,484,1495,0.1388
1013,474,1487,0.1388
1005,479,1484,0.1388
1001,479,1480,0.1388
1008,480,1488,0.1388
1003,486,1489,0.1388
1002,491,1493,0.1388
999,503,1502,0.1388
1015,497,1512,0.1388
1011,494,1505,0.1388
1016,490,1506,0.1388
1010,487,1497,0.1388
1016,487,1503,0.1388
1000,493,1493,0.1388
1001,485,1486,0.1388
1002,476,1478,0.1388
1018,483,1501,0.1388
1018,485,1503,0.1388
1023,474,1497,0.1388
1023,478,1501,0.1388
1025,481,1506,0.1388
1038,479,1517,0.1388
1034,481,1515,0.1388
1028,469,1497,0.1388
1010,472,1482,0.1388
1012,474,1486,0.1388
1006,484,1490,0.1388
992,484,1476,0.1388
990,489,1479,0.1388
981,498,1479,0.1388
984,500,1484,0.1388
992,501,1493,0.1388
1007,495,1502,0.1388
1000,495,1495,0.1388
996,503,1499,0.1388
999,511,1510,0.1388
999,509,1508,0.1388
987,512,1499,0.1388
990,522,1512,0.1388
990,514,1504,0.1388
988,515,1503,0.1388
973,518,1491,0.1388
973,521,1494,0.1388
979,525,1504,0.1388
975,524,1499,0.1388
967,525,1492,0.1388
975,516,1491,0.1388
967,523,1490,0.1388
962,524,1486,0.1388
971,529,1500,0.1388
968,520,1488,0.1388
976,519,1495,0.1388
977,523,1500,0.1388
979,520,1499,0.1388
969,518,1487,0.1388
972,521,1493,0.1388
960,527,1487,0.1388
965,525,1490,0.1388
967,523,1490,0.1388
966,530,1496,0.1388
956,535,1491,0.1388
944,541,1485,0.1388
954,538,1492,0.1388
959,539,1498,0.1388
950,530,1480,0.1388
957,524,1481,0.1388
953,526,1479,0.1388
945,534,1479,0.1388
957,539,1496,0.1388
951,541,1492,0.1388
945,550,1495,0.1388
944,555,1499,0.1388
955,555,1510,0.1388
956,563,1519,0.1388
945,557,1502,0.1388
949,559,1508,0.1388
941,556,1497,0.1388
939,567,1506,0.1388
945,564,1509,0.1388
937,560,1497,0.1388
932,569,1501,0.1388
931,576,1507,0.1388
921,573,1494,0.1388
929,582,1511,0.1388
931,578,1509,0.1388
932,572,1504,0.1388
929,566,1495,0.1388
926,572,1498,0.1388
931,575,1506,0.1388
932,573,1505,0.1388
928,574,1502,0.1388
917,578,1495,0.1388
923,579,1502,0.1388
921,585,1506,0.1388
909,581,1490,0.1388
919,577,1496,0.1388
927,575,1502,0.1388
927,568,1495,0.1388
939,576,1515,0.1388
932,578,1510,0.1388
928,584,1512,0.1388
919,580,1499,0.1388
917,576,1493,0.1388
917,580,1497,0.1388
914,580,1494,0.1388
918,581,1499,0.1388
920,586,1506,0.1388
917,591,1508,0.1388
916,595,1511,0.1388
919,586,1505,0.1388
912,581,1493,0.1388
912,573,1485,0.1388
914,582,1496,0.1388
916,587,1503,0.1388
912,594,1506,0.1388
906,589,1495,0.1388
901,597,1498,0.1388
900,617,1517,0.1388
898,616,1514,0.1388
904,612,1516,0.1388
901,606,1507,0.1388
900,608,1508,0.1388
890,613,1503,0.1388
890,615,1505,0.1388
897,620,1517,0.1388
896,621,1517,0.1388
894,624,1518,0.1388
886,619,1505,0.1388
874,620,1494,0.1388
886,618,1504,0.1388
888,619,1507,0.1388
882,620,1502,0.1388
885,621,1506,0.1388
875,614,1489,0.1388
867,618,1485,0.1388
860,622,1482,0.1388
873,625,1498,0.1388
878,637,1515,0.1388
878,625,1503,0.1388
868,630,1498,0.1388
872,638,1510,0.1388
873,645,1518,0.1388
874,634,1508,0.1388
872,635,1507,0.1388
872,630,1502,0.1388
872,628,1500,0.1388
870,637,1507,0.1388
863,644,1507,0.1388
851,641,1492,0.1388
860,635,1495,0.1388
862,643,1505,0.1388
860,638,1498,0.1388
863,638,1501,0.1388
869,646,1515,0.1388
861,647,1508,0.1388
851,649,1500,0.1388
848,646,1494,0.1388
850,648,1498,0.1388
854,652,1506,0.1388
857,653,1510,0.1388
860,646,1506,0.1388
863,648,1511,0.1388
850,654,1504,0.1388
847,660,1507,0.1388
838,660,1498,0.1388
834,661,1495,0.1388
844,658,1502,0.1388
838,660,1498,0.1388
851,661,1512,0.1388
846,663,1509,0.1388
850,665,1515,0.1388
844,675,1519,0.1388
842,678,1520,0.1388
839,677,1516,0.1388
833,681,1514,0.1388
819,687,1506,0.1388
819,681,1500,0.1388
822,682,1504,0.1388
827,670,1497,0.1388
826,686,1512,0.1388
827,680,1507,0.1388
822,672,1494,0.1388
822,683,1505,0.1388
822,679,1501,0.1388
825,677,1502,0.1388
821,682,1503,0.1388
831,672,1503,0.1388
844,679,1523,0.1388
837,684,1521,0.1388
823,679,1502,0.1388
821,682,1503,0.1388
812,670,1482,0.1388
803,678,1481,0.1388
801,682,1483,0.1388
797,690,1487,0.1388
801,694,1495,0.1388
803,696,1499,0.1388
812,697,1509,0.1388
803,694,1497,0.1388
804,687,1491,0.1388
808,694,1502,0.1388
806,697,1503,0.1388
813,696,1509,0.1388
810,696,1506,0.1388
802,700,1502,0.1388
795,699,1494,0.1388
798,701,1499,0.1388
806,699,1505,0.1388
808,703,1511,0.1388
807,697,1504,0.1388
811,693,1504,0.1388
802,695,1497,0.1388
804,699,1503,0.1388
810,692,1502,0.1388
810,693,1503,0.1388
807,686,1493,0.1388
807,684,1491,0.1388
815,686,1501,0.1388
820,691,1511,0.1388
828,689,1517,0.1388
836,684,1520,0.1388
828,689,1517,0.1388
816,693,1509,0.1388
817,694,1511,0.1388
807,695,1502,0.1388
809,698,1507,0.1388
803,710,1513,0.1388
802,714,1516,0.1388
803,712,1515,0.1388
802,715,1517,0.1388
796,705,1501,0.1388
801,700,1501,0.1388
792,703,1495,0.1388
802,699,1501,0.1388
806,695,1501,0.1388
803,700,1503,0.1388
805,709,1514,0.1388
800,704,1504,0.1388
809,709,1518,0.1388
806,704,1510,0.1388
810,704,1514,0.1388
805,705,1510,0.1388
803,703,1506,0.1388
795,696,1491,0.1388
795,700,1495,0.1388
803,704,1507,0.1388
806,702,1508,0.1388
809,695,1504,0.1388
811,707,1518,0.1388
816,712,1528,0.1388
805,712,1517,0.1388
801,701,1502,0.1388
806,702,1508,0.1388
797,698,1495,0.1388
798,698,1496,0.1388
788,700,1488,0.1388
782,709,1491,0.1388
787,718,1505,0.1388
780,718,1498,0.1388
778,714,1492,0.1388
778,712,1490,0.1388
783,723,1506,0.1388
785,733,1518,0.1388
788,728,1516,0.1388
785,729,1514,0.1388
780,733,1513,0.1388
779,732,1511,0.1388
775,737,1512,0.1388
780,736,1516,0.1388
771,725,1496,0.1388
758,724,1482,0.1388
769,722,1491,0.1388
766,727,1493,0.1388
759,733,1492,0.1388
770,734,1504,0.1388
763,732,1495,0.1388
763,739,1502,0.1388
761,743,1504,0.1388
764,739,1503,0.1388
761,742,1503,0.1388
753,746,1499,0.1388
753,742,1495,0.1388
759,737,1496,0.1388
754,741,1495,0.1388
765,754,1519,0.1388
770,758,1528,0.1388
766,751,1517,0.1388
760,742,1502,0.1388
751,743,1494,0.1388
740,744,1484,0.1388
752,755,1507,0.1388
749,753,1502,0.1388
743,752,1495,0.1388
752,752,1504,0.1388
752,755,1507,0.1388
752,746,1498,0.1388
755,742,1497,0.1388
759,746,1505,0.1388
747,734,1481,0.1388
749,740,1489,0.1388
764,740,1504,0.1388
762,745,1507,0.1388
747,750,1497,0.1388
755,753,1508,0.1388
758,751,1509,0.1388
745,760,1505,0.1388
748,749,1497,0.1388
754,743,1497,0.1388
756,749,1505,0.1388
742,753,1495,0.1388
739,754,1493,0.1388
736,758,1494,0.1388
733,759,1492,0.1388
744,765,1509,0.1388
739,767,1506,0.1388
741,771,1512,0.1388
742,775,1517,0.1388
741,772,1513,0.1388
737,765,1502,0.1388
729,768,1497,0.1388
734,763,1497,0.1388
732,762,1494,0.1388
730,767,1497,0.1388
732,770,1502,0.1388
744,770,1514,0.1388
743,766,1509,0.1388
742,771,1513,0.1388
725,777,1502,0.1388
725,760,1485,0.1388
724,768,1492,0.1388
731,776,1507,0.1388
735,770,1505,0.1388
730,773,1503,0.1388
733,774,1507,0.1388
738,768,1506,0.1388
731,766,1497,0.1388
737,779,1516,0.1388
741,774,1515,0.1388
738,771,1509,0.1388
738,772,1510,0.1388
735,770,1505,0.1388
725,782,1507,0.1388
727,776,1503,0.1388
728,788,1516,0.1388
735,787,1522,0.1388
725,780,1505,0.1388
721,781,1502,0.1388
715,770,1485,0.1388
722,781,1503,0.1388
730,781,1511,0.1388
732,784,1516,0.1388
745,774,1519,0.1388
735,772,1507,0.1388
737,774,1511,0.1388
729,787,1516,0.1388
723,778,1501,0.1388
717,782,1499,0.1388
707,784,1491,0.1388
710,786,1496,0.1388
718,792,1510,0.1388
716,799,1515,0.1388
714,799,1513,0.1388
721,789,1510,0.1388
725,791,1516,0.1388
730,788,1518,0.1388
738,796,1534,0.1388
738,790,1528,0.1388
739,796,1535,0.1388
733,788,1521,0.1388
733,786,1519,0.1388
725,789,1514,0.1388
720,784,1504,0.1388
719,785,1504,0.1388
724,778,1502,0.1388
724,779,1503,0.1388
721,786,1507,0.1388
717,790,1507,0.1388
722,788,1510,0.1388
725,784,1509,0.1388
728,788,1516,0.1388
724,796,1520,0.1388
726,794,1520,0.1388
727,794,1521,0.1388
726,799,1525,0.1388
716,796,1512,0.1388
714,803,1517,0.1388
716,799,1515,0.1388
713,799,1512,0.1388
719,794,1513,0.1388
712,795,1507,0.1388
715,784,1499,0.1388
705,798,1503,0.1388
708,798,1506,0.1388
718,787,1505,0.1388
712,797,1509,0.1388
716,791,1507,0.1388
710,784,1494,0.1388
711,795,1506,0.1388
711,801,1512,0.1388
716,799,1515,0.1388
717,788,1505,0.1388
715,791,1506,0.1388
718,790,1508,0.1388
718,793,1511,0.1388
711,795,1506,0.1388
709,798,1507,0.1388
712,794,1506,0.1388
716,800,1516,0.1388
710,812,1522,0.1388
707,810,1517,0.1388
717,809,1526,0.1388
712,808,1520,0.1388
703,806,1509,0.1388
698,807,1505,0.1388
698,810,1508,0.1388
693,794,1487,0.1388
701,800,1501,0.1388
700,809,1509,0.1388
698,803,1501,0.1388
701,799,1500,0.1388
692,802,1494,0.1388
697,808,1505,0.1388
689,802,1491,0.1388
698,804,1502,0.1388
695,798,1493,0.1388
691,790,1481,0.1388
695,795,1490,0.1388
698,801,1499,0.1388
705,800,1505,0.1388
707,804,1511,0.1388
707,801,1508,0.1388
715,794,1509,0.1388
714,790,1504,0.1388
720,801,1521,0.1388
716,799,1515,0.1388
708,805,1513,0.1388
712,800,1512,0.1388
710,801,1511,0.1388
709,802,1511,0.1388
699,812,1511,0.1388
700,810,1510,0.1388
694,822,1516,0.1388
692,811,1503,0.1388
703,811,1514,0.1388
700,808,1508,0.1388
695,809,1504,0.1388
706,811,1517,0.1388
704,816,1520,0.1388
696,813,1509,0.1388
692,805,1497,0.1388
687,813,1500,0.1388
685,808,1493,0.1388
685,811,1496,0.1388
678,808,1486,0.1388
678,806,1484,0.1388
677,811,1488,0.1388
671,823,1494,0.1388
656,819,1475,0.1388
657,832,1489,0.1388
656,832,1488,0.1388
657,829,1486,0.1388
659,836,1495,0.1388
664,834,1498,0.1388
669,843,1512,0.1388
674,834,1508,0.1388
676,837,1513,0.1388
679,844,1523,0.1388
674,855,1529,0.1388
663,856,1519,0.1388
651,855,1506,0.1388
659,844,1503,0.1388
658,844,1502,0.1388
655,847,1502,0.1388
659,839,1498,0.1388
665,840,1505,0.1388
666,849,1515,0.1388
659,847,1506,0.1388
666,850,1516,0.1388
661,848,1509,0.1388
658,854,1512,0.1388
655,848,1503,0.1388
650,840,1490,0.1388
644,840,1484,0.1388
644,842,1486,0.1388
641,843,1484,0.1388
636,838,1474,0.1388
633,844,1477,0.1388
627,863,1490,0.1388
639,870,1509,0.1388
640,867,1507,0.1388
643,868,1511,0.1388
647,862,1509,0.1388
639,864,1503,0.1388
637,860,1497,0.1388
648,864,1512,0.1388
638,859,1497,0.1388
645,860,1505,0.1388
636,859,1495,0.1388
639,863,1502,0.1388
635,867,1502,0.1388
633,873,1506,0.1388
636,867,1503,0.1388
632,865,1497,0.1388
630,873,1503,0.1388
629,872,1501,0.1388
631,874,1505,0.1388
624,880,1504,0.1388
618,872,1490,0.1388
623,876,1499,0.1388
624,881,1505,0.1388
618,879,1497,0.1388
625,880,1505,0.1388
622,885,1507,0.1388
626,886,1512,0.1388
618,893,1511,0.1388
619,905,1524,0.1388
611,912,1523,0.1388
618,901,1519,0.1388
615,902,1517,0.1388
608,900,1508,0.1388
613,890,1503,0.1388
613,898,1511,0.1388
612,891,1503,0.1388
611,902,1513,0.1388
615,899,1514,0.1388
614,892,1506,0.1388
613,896,1509,0.1388
613,898,1511,0.1388
607,903,1510,0.1388
603,904,1507,0.1388
604,906,1510,0.1388
605,892,1497,0.1388
608,900,1508,0.1388
615,892,1507,0.1388
607,897,1504,0.1388
608,893,1501,0.1388
603,900,1503,0.1388
602,901,1503,0.1388
600,905,1505,0.1388
604,921,1525,0.1388
602,911,1513,0.1388
601,921,1522,0.1388
606,912,1518,0.1388
603,914,1517,0.1388
597,914,1511,0.1388
598,912,1510,0.1388
594,916,1510,0.1388
597,920,1517,0.1388
603,921,1524,0.1388
611,924,1535,0.1388
606,918,1524,0.1388
603,917,1520,0.1388
608,905,1513,0.1388
594,915,1509,0.1388
596,915,1511,0.1388
598,912,1510,0.1388
598,903,1501,0.1388
595,896,1491,0.1388
595,895,1490,0.1388
585,910,1495,0.1388
587,919,1506,0.1388
584,921,1505,0.1388
589,919,1508,0.1388
589,924,1513,0.1388
594,929,1523,0.1388
596,923,1519,0.1388
593,916,1509,0.1388
596,917,1513,0.1388
598,917,1515,0.1388
600,925,1525,0.1388
595,920,1515,0.1388
595,915,1510,0.1388
596,913,1509,0.1388
593,910,1503,0.1388
590,909,1499,0.1388
580,911,1491,0.1388
581,910,1491,0.1388
580,917,1497,0.1388
586,915,1501,0.1388
592,906,1498,0.1388
598,907,1505,0.1388
593,905,1498,0.1388
590,901,1491,0.1388
588,907,1495,0.1388
591,906,1497,0.1388
599,918,1517,0.1388
601,924,1525,0.1388
592,925,1517,0.1388
596,920,1516,0.1388
597,918,1515,0.1388
583,921,1504,0.1388
580,915,1495,0.1388
582,923,1505,0.1388
589,923,1512,0.1388
584,925,1509,0.1388
580,917,1497,0.1388
580,916,1496,0.1388
585,908,1493,0.1388
584,910,1494,0.1388
581,918,1499,0.1388
579,926,1505,0.1388
580,931,1511,0.1388
569,932,1501,0.1388
573,943,1516,0.1388
576,936,1512,0.1388
572,935,1507,0.1388
566,934,1500,0.1388
568,945,1513,0.1388
559,941,1500,0.1388
557,935,1492,0.1388
564,939,1503,0.1388
563,933,1496,0.1388
565,930,1495,0.1388
569,939,1508,0.1388
575,939,1514,0.1388
576,935,1511,0.1388
569,936,1505,0.1388
564,948,1512,0.1388
558,946,1504,0.1388
557,956,1513,0.1388
546,950,1496,0.1388
547,952,1499,0.1388
543,950,1493,0.1388
547,958,1505,0.1388
549,965,1514,0.1388
547,968,1515,0.1388
537,971,1508,0.1388
542,969,1511,0.1388
540,978,1518,0.1388
544,972,1516,0.1388
547,979,1526,0.1388
547,981,1528,0.1388
546,980,1526,0.1388
538,978,1516,0.1388
540,977,1517,0.1388
531,977,1508,0.1388
529,980,1509,0.1388
531,986,1517,0.1388
536,992,1528,0.1388
541,986,1527,0.1388
530,983,1513,0.1388
534,973,1507,0.1388
530,976,1506,0.1388
524,990,1514,0.1388
523,991,1514,0.1388
523,997,1520,0.1388
517,1005,1522,0.1388
510,995,1505,0.1388
518,1001,1519,0.1388
521,1001,1522,0.1388
510,1005,1515,0.1388
512,1006,1518,0.1388
503,991,1494,0.1388
506,994,1500,0.1388
505,1002,1507,0.1388
504,999,1503,0.1388
510,1008,1518,0.1388
509,1006,1515,0.1388
509,1017,1526,0.1388
512,1018,1530,0.1388
504,1016,1520,0.1388
502,1021,1523,0.1388
496,1019,1515,0.1388
497,1011,1508,0.1388
486,1017,1503,0.1388
485,1016,1501,0.1388
482,1012,1494,0.1388
485,1010,1495,0.1388
489,1013,1502,0.1388
484,1018,1502,0.1388
487,1016,1503,0.1388
496,1022,1518,0.1388
498,1014,1512,0.1388
494,1011,1505,0.1388
495,1031,1526,0.1388
488,1027,1515,0.1388
482,1022,1504,0.1388
480,1018,1498,0.1388
480,1010,1490,0.1388
478,1008,1486,0.1388
486,1003,1489,0.1388
487,1009,1496,0.1388
493,1017,1510,0.1388
499,1014,1513,0.1388
495,1020,1515,0.1388
502,1021,1523,0.1388
496,1020,1516,0.1388
498,1021,1519,0.1388
494,1019,1513,0.1388
492,1024,1516,0.1388
496,1025,1521,0.1388
488,1026,1514,0.1388
481,1023,1504,0.1388
485,1029,1514,0.1388
480,1034,1514,0.1388
488,1030,1518,0.1388
482,1032,1514,0.1388
486,1033,1519,0.1388
488,1036,1524,0.1388
482,1036,1518,0.1388
486,1042,1528,0.1388
477,1034,1511,0.1388
480,1030,1510,0.1388
482,1028,1510,0.1388
470,1028,1498,0.1388
479,1036,1515,0.1388
474,1027,1501,0.1388
462,1034,1496,0.1388
452,1028,1480,0.1388
448,1052,1500,0.1388
451,1052,1503,0.1388
460,1042,1502,0.1388
471,1041,1512,0.1388
473,1045,1518,0.1388
477,1053,1530,0.1388
475,1052,1527,0.1388
465,1054,1519,0.1388
462,1050,1512,0.1388
460,1060,1520,0.1388
455,1048,1503,0.1388
459,1048,1507,0.1388
464,1049,1513,0.1388
454,1059,1513,0.1388
453,1057,1510,0.1388
460,1038,1498,0.1388
459,1043,1502,0.1388
454,1043,1497,0.1388
460,1036,1496,0.1388
461,1047,1508,0.1388
464,1047,1511,0.1388
464,1039,1503,0.1388
476,1029,1505,0.1388
470,1045,1515,0.1388
470,1050,1520,0.1388
469,1051,1520,0.1388
469,1055,1524,0.1388
459,1060,1519,0.1388
459,1060,1519,0.1388
453,1067,1520,0.1388
461,1061,1522,0.1388
455,1050,1505,0.1388
446,1040,1486,0.1388
453,1040,1493,0.1388
456,1042,1498,0.1388
462,1047,1509,0.1388
460,1054,1514,0.1388
456,1072,1528,0.1388
454,1068,1522,0.1388
445,1079,1524,0.1388
449,1076,1525,0.1388
448,1071,1519,0.1388
450,1048,1498,0.1388
452,1061,1513,0.1388
443,1058,1501,0.1388
444,1066,1510,0.1388
438,1065,1503,0.1388
444,1074,1518,0.1388
445,1082,1527,0.1388
440,1074,1514,0.1388
434,1069,1503,0.1388
433,1076,1509,0.1388
433,1082,1515,0.1388
431,1078,1509,0.1388
429,1088,1517,0.1388
428,1087,1515,0.1388
431,1082,1513,0.1388
429,1082,1511,0.1388
432,1080,1512,0.1388
420,1083,1503,0.1388
416,1071,1487,0.1388
420,1084,1504,0.1388
419,1077,1496,0.1388
421,1081,1502,0.1388
421,1089,1510,0.1388
420,1094,1514,0.1388
420,1084,1504,0.1388
428,1090,1518,0.1388
422,1099,1521,0.1388
426,1094,1520,0.1388
426,1082,1508,0.1388
422,1104,1526,0.1388
418,1094,1512,0.1388
413,1097,1510,0.1388
416,1097,1513,0.1388
414,1092,1506,0.1388
415,1089,1504,0.1388
417,1088,1505,0.1388
421,1084,1505,0.1388
427,1087,1514,0.1388
426,1063,1489,0.1388
425,1060,1485,0.1388
428,1074,1502,0.1388
429,1081,1510,0.1388
424,1072,1496,0.1388
430,1067,1497,0.1388
425,1068,1493,0.1388
432,1066,1498,0.1388
439,1077,1516,0.1388
436,1079,1515,0.1388
429,1079,1508,0.1388
429,1085,1514,0.1388
433,1087,1520,0.1388
433,1073,1506,0.1388
431,1075,1506,0.1388
431,1086,1517,0.1388
431,1080,1511,0.1388
425,1091,1516,0.1388
432,1085,1517,0.1388
433,1080,1513,0.1388
427,1086,1513,0.1388
424,1085,1509,0.1388
425,1086,1511,0.1388
420,1095,1515,0.1388
416,1095,1511,0.1388
417,1096,1513,0.1388
414,1106,1520,0.1388
413,1100,1513,0.1388
415,1098,1513,0.1388
419,1090,1509,0.1388
415,1086,1501,0.1388
417,1097,1514,0.1388
416,1101,1517,0.1388
421,1097,1518,0.1388
423,1097,1520,0.1388
417,1099,1516,0.1388
421,1085,1506,0.1388
418,1091,1509,0.1388
419,1094,1513,0.1388
419,1095,1514,0.1388
412,1106,1518,0.1388
418,1097,1515,0.1388
420,1090,1510,0.1388
423,1083,1506,0.1388
416,1090,1506,0.1388
414,1096,1510,0.1388
414,1091,1505,0.1388
412,1095,1507,0.1388
411,1095,1506,0.1388
411,1087,1498,0.1388
414,1078,1492,0.1388
414,1098,1512,0.1388
408,1094,1502,0.1388
410,1094,1504,0.1388
405,1099,1504,0.1388
411,1098,1509,0.1388
411,1101,1512,0.1388
407,1104,1511,0.1388
405,1106,1511,0.1388
404,1098,1502,0.1388
405,1097,1502,0.1388
411,1101,1512,0.1388
414,1086,1500,0.1388
416,1085,1501,0.1388
413,1106,1519,0.1388
413,1096,1509,0.1388
416,1102,1518,0.1388
419,1102,1521,0.1388
415,1098,1513,0.1388
419,1100,1519,0.1388
426,1093,1519,0.1388
415,1086,1501,0.1388
409,1098,1507,0.1388
407,1091,1498,0.1388
409,1098,1507,0.1388
405,1095,1500,0.1388
407,1104,1511,0.1388
407,1101,1508,0.1388
404,1097,1501,0.1388
399,1088,1487,0.1388
384,1099,1483,0.1388
391,1102,1493,0.1388
396,1099,1495,0.1388
392,1093,1485,0.1388
388,1091,1479,0.1388
390,1088,1478,0.1388
392,1104,1496,0.1388
390,1108,1498,0.1388
396,1097,1493,0.1388
399,1111,1510,0.1388
393,1109,1502,0.1388
390,1102,1492,0.1388
402,1109,1511,0.1388
403,1109,1512,0.1388
406,1112,1518,0.1388
402,1114,1516,0.1388
399,1118,1517,0.1388
391,1115,1506,0.1388
391,1127,1518,0.1388
400,1102,1502,0.1388
403,1106,1509,0.1388
396,1108,1504,0.1388
396,1106,1502,0.1388
398,1111,1509,0.1388
398,1109,1507,0.1388
389,1107,1496,0.1388
397,1114,1511,0.1388
392,1127,1519,0.1388
387,1115,1502,0.1388
392,1118,1510,0.1388
387,1121,1508,0.1388
391,1116,1507,0.1388
396,1118,1514,0.1388
395,1115,1510,0.1388
386,1116,1502,0.1388
398,1115,1513,0.1388
395,1110,1505,0.1388
392,1112,1504,0.1388
390,1101,1491,0.1388
392,1116,1508,0.1388
398,1111,1509,0.1388
393,1120,1513,0.1388
392,1113,1505,0.1388
392,1127,1519,0.1388
391,1113,1504,0.1388
395,1111,1506,0.1388
389,1108,1497,0.1388
385,1111,1496,0.1388
383,1135,1518,0.1388
384,1132,1516,0.1388
386,1132,1518,0.1388
384,1128,1512,0.1388
376,1132,1508,0.1388
377,1132,1509,0.1388
379,1135,1514,0.1388
385,1135,1520,0.1388
387,1123,1510,0.1388
382,1131,1513,0.1388
377,1134,1511,0.1388
376,1125,1501,0.1388
374,1127,1501,0.1388
377,1134,1511,0.1388
383,1137,1520,0.1388
371,1142,1513,0.1388
380,1129,1509,0.1388
377,1125,1502,0.1388
380,1126,1506,0.1388
384,1134,1518,0.1388
386,1132,1518,0.1388
381,1132,1513,0.1388
378,1128,1506,0.1388
384,1127,1511,0.1388
378,1127,1505,0.1388
385,1113,1498,0.1388
384,1110,1494,0.1388
389,1114,1503,0.1388
389,1116,1505,0.1388
382,1122,1504,0.1388
371,1135,1506,0.1388
375,1139,1514,0.1388
377,1135,1512,0.1388
380,1140,1520,0.1388
382,1139,1521,0.1388
385,1129,1514,0.1388
387,1136,1523,0.1388
380,1135,1515,0.1388
377,1129,1506,0.1388
376,1130,1506,0.1388
375,1122,1497,0.1388
373,1134,1507,0.1388
375,1141,1516,0.1388
377,1145,1522,0.1388
381,1126,1507,0.1388
380,1119,1499,0.1388
384,1137,1521,0.1388
389,1140,1529,0.1388
383,1139,1522,0.1388
378,1131,1509,0.1388
377,1138,1515,0.1388
372,1148,1520,0.1388
374,1139,1513,0.1388
373,1138,1511,0.1388
369,1137,1506,0.1388
375,1138,1513,0.1388
379,1152,1531,0.1388
378,1151,1529,0.1388
380,1142,1522,0.1388
379,1139,1518,0.1388
377,1142,1519,0.1388
371,1133,1504,0.1388
372,1138,1510,0.1388
376,1140,1516,0.1388
375,1138,1513,0.1388
371,1133,1504,0.1388
363,1138,1501,0.1388
368,1128,1496,0.1388
372,1143,1515,0.1388
372,1146,1518,0.1388
368,1145,1513,0.1388
366,1149,1515,0.1388
367,1153,1520,0.1388
370,1140,1510,0.1388
368,1141,1509,0.1388
365,1139,1504,0.1388
364,1138,1502,0.1388
372,1144,1516,0.1388
374,1130,1504,0.1388
371,1135,1506,0.1388
370,1129,1499,0.1388
372,1131,1503,0.1388
372,1141,1513,0.1388
374,1144,1518,0.1388
372,1151,1523,0.1388
379,1145,1524,0.1388
368,1138,1506,0.1388
368,1131,1499,0.1388
369,1130,1499,0.1388
364,1142,1506,0.1388
363,1139,1502,0.1388
361,1137,1498,0.1388
366,1131,1497,0.1388
369,1147,1516,0.1388
369,1138,1507,0.1388
366,1143,1509,0.1388
365,1129,1494,0.1388
369,1141,1510,0.1388
366,1138,1504,0.1388
359,1142,1501,0.1388
362,1147,1509,0.1388
360,1145,1505,0.1388
369,1142,1511,0.1388
368,1150,1518,0.1388
366,1142,1508,0.1388
364,1147,1511,0.1388
367,1158,1525,0.1388
359,1151,1510,0.1388
359,1156,1515,0.1388
366,1154,1520,0.1388
364,1164,1528,0.1388
363,1159,1522,0.1388
356,1148,1504,0.1388
364,1148,1512,0.1388
364,1150,1514,0.1388
362,1153,1515,0.1388
358,1158,1516,0.1388
363,1151,1514,0.1388
363,1137,1500,0.1388
365,1153,1518,0.1388
369,1145,1514,0.1388
363,1144,1507,0.1388
363,1144,1507,0.1388
359,1152,1511,0.1388
359,1147,1506,0.1388
359,1145,1504,0.1388
358,1146,1504,0.1388
356,1138,1494,0.1388
354,1130,1484,0.1388
361,1138,1499,0.1388
360,1137,1497,0.1388
354,1155,1509,0.1388
359,1167,1526,0.1388
356,1164,1520,0.1388
352,1157,1509,0.1388
354,1156,1510,0.1388
352,1154,1506,0.1388
353,1159,1512,0.1388
349,1157,1506,0.1388
350,1165,1515,0.1388
347,1165,1512,0.1388
346,1164,1510,0.1388
344,1156,1500,0.1388
347,1162,1509,0.1388
348,1157,1505,0.1388
353,1165,1518,0.1388
347,1172,1519,0.1388
343,1157,1500,0.1388
344,1166,1510,0.1388
334,1168,1502,0.1388
337,1165,1502,0.1388
338,1167,1505,0.1388
337,1161,1498,0.1388
340,1160,1500,0.1388
339,1176,1515,0.1388
336,1176,1512,0.1388
337,1180,1517,0.1388
333,1188,1521,0.1388
339,1187,1526,0.1388
333,1176,1509,0.1388
342,1184,1526,0.1388
341,1180,1521,0.1388
336,1178,1514,0.1388
337,1172,1509,0.1388
339,1174,1513,0.1388
343,1177,1520,0.1388
341,1165,1506,0.1388
341,1171,1512,0.1388
340,1184,1524,0.1388
331,1179,1510,0.1388
335,1176,1511,0.1388
336,1177,1513,0.1388
333,1167,1500,0.1388
330,1176,1506,0.1388
330,1176,1506,0.1388
333,1178,1511,0.1388
337,1183,1520,0.1388
338,1178,1516,0.1388
333,1180,1513,0.1388
334,1173,1507,0.1388
334,1165,1499,0.1388
331,1169,1500,0.1388
326,1165,1491,0.1388
326,1180,1506,0.1388
323,1181,1504,0.1388
319,1187,1506,0.1388
324,1185,1509,0.1388
327,1183,1510,0.1388
324,1175,1499,0.1388
331,1177,1508,0.1388
332,1170,1502,0.1388
330,1173,1503,0.1388
331,1168,1499,0.1388
326,1170,1496,0.1388
325,1179,1504,0.1388
330,1194,1524,0.1388
328,1186,1514,0.1388
332,1180,1512,0.1388
331,1177,1508,0.1388
331,1173,1504,0.1388
336,1159,1495,0.1388
328,1148,1476,0.1388
322,1161,1483,0.1388
319,1169,1488,0.1388
322,1180,1502,0.1388
322,1189,1511,0.1388
324,1195,1519,0.1388
327,1201,1528,0.1388
322,1208,1530,0.1388
319,1204,1523,0.1388
322,1202,1524,0.1388
319,1204,1523,0.1388
319,1202,1521,0.1388
316,1191,1507,0.1388
317,1199,1516,0.1388
317,1201,1518,0.1388
315,1199,1514,0.1388
313,1199,1512,0.1388
313,1211,1524,0.1388
313,1205,1518,0.1388
308,1203,1511,0.1388
308,1200,1508,0.1388
304,1200,1504,0.1388
300,1205,1505,0.1388
303,1206,1509,0.1388
305,1193,1498,0.1388
307,1212,1519,0.1388
307,1205,1512,0.1388
301,1199,1500,0.1388
299,1203,1502,0.1388
305,1207,1512,0.1388
307,1218,1525,0.1388
304,1234,1538,0.1388
303,1228,1531,0.1388
300,1222,1522,0.1388
303,1225,1528,0.1388
296,1236,1532,0.1388
297,1231,1528,0.1388
293,1228,1521,0.1388
283,1227,1510,0.1388
282,1220,1502,0.1388
276,1224,1500,0.1388
282,1213,1495,0.1388
281,1215,1496,0.1388
281,1216,1497,0.1388
281,1211,1492,0.1388
281,1200,1481,0.1388
280,1197,1477,0.1388
283,1214,1497,0.1388
287,1231,1518,0.1388
282,1250,1532,0.1388
281,1245,1526,0.1388
270,1236,1506,0.1388
278,1237,1515,0.1388
281,1226,1507,0.1388
279,1230,1509,0.1388
282,1227,1509,0.1388
285,1218,1503,0.1388
282,1227,1509,0.1388
282,1231,1513,0.1388
279,1240,1519,0.1388
281,1246,1527,0.1388
277,1235,1512,0.1388
274,1250,1524,0.1388
276,1254,1530,0.1388
277,1257,1534,0.1388
272,1250,1522,0.1388
274,1249,1523,0.1388
263,1241,1504,0.1388
264,1250,1514,0.1388
262,1256,1518,0.1388
266,1264,1530,0.1388
265,1267,1532,0.1388
261,1266,1527,0.1388
260,1261,1521,0.1388
260,1259,1519,0.1388
254,1242,1496,0.1388
249,1237,1486,0.1388
249,1245,1494,0.1388
253,1263,1516,0.1388
255,1278,1533,0.1388
255,1258,1513,0.1388
249,1251,1500,0.1388
255,1263,1518,0.1388
251,1261,1512,0.1388
245,1266,1511,0.1388
248,1259,1507,0.1388
246,1249,1495,0.1388
246,1269,1515,0.1388
247,1279,1526,0.1388
245,1285,1530,0.1388
250,1282,1532,0.1388
248,1280,1528,0.1388
251,1271,1522,0.1388
248,1277,1525,0.1388
247,1277,1524,0.1388
244,1273,1517,0.1388
241,1274,1515,0.1388
237,1285,1522,0.1388
236,1276,1512,0.1388
240,1283,1523,0.1388
241,1285,1526,0.1388
243,1275,1518,0.1388
243,1272,1515,0.1388
242,1267,1509,0.1388
238,1266,1504,0.1388
238,1272,1510,0.1388
240,1270,1510,0.1388
242,1278,1520,0.1388
240,1281,1521,0.1388
241,1264,1505,0.1388
243,1269,1512,0.1388
240,1297,1537,0.1388
238,1287,1525,0.1388
240,1274,1514,0.1388
239,1282,1521,0.1388
242,1275,1517,0.1388
241,1275,1516,0.1388
236,1277,1513,0.1388
236,1284,1520,0.1388
230,1296,1526,0.1388
233,1289,1522,0.1388
231,1295,1526,0.1388
229,1287,1516,0.1388
229,1278,1507,0.1388
228,1292,1520,0.1388
227,1301,1528,0.1388
229,1293,1522,0.1388
232,1300,1532,0.1388
235,1298,1533,0.1388
236,1298,1534,0.1388
232,1293,1525,0.1388
233,1295,1528,0.1388
226,1294,1520,0.1388
228,1295,1523,0.1388
227,1289,1516,0.1388
226,1287,1513,0.1388
222,1281,1503,0.1388
226,1285,1511,0.1388
229,1282,1511,0.1388
226,1292,1518,0.1388
232,1281,1513,0.1388
232,1271,1503,0.1388
233,1281,1514,0.1388
235,1278,1513,0.1388
234,1276,1510,0.1388
234,1279,1513,0.1388
235,1276,1511,0.1388
241,1277,1518,0.1388
239,1277,1516,0.1388
235,1284,1519,0.1388
235,1287,1522,0.1388
234,1285,1519,0.1388
237,1287,1524,0.1388
236,1273,1509,0.1388
229,1286,1515,0.1388
232,1289,1521,0.1388
235,1282,1517,0.1388
230,1279,1509,0.1388
233,1272,1505,0.1388
233,1273,1506,0.1388
232,1280,1512,0.1388
230,1277,1507,0.1388
225,1293,1518,0.1388
222,1285,1507,0.1388
225,1289,1514,0.1388
223,1288,1511,0.1388
225,1284,1509,0.1388
224,1288,1512,0.1388
228,1291,1519,0.1388
224,1300,1524,0.1388
226,1291,1517,0.1388
219,1294,1513,0.1388
216,1295,1511,0.1388
215,1301,1516,0.1388
215,1293,1508,0.1388
215,1301,1516,0.1388
217,1297,1514,0.1388
220,1289,1509,0.1388
221,1293,1514,0.1388
219,1291,1510,0.1388
222,1290,1512,0.1388
222,1295,1517,0.1388
223,1302,1525,0.1388
217,1301,1518,0.1388
213,1310,1523,0.1388
203,1295,1498,0.1388
198,1296,1494,0.1388
196,1306,1502,0.1388
195,1309,1504,0.1388
197,1307,1504,0.1388
193,1299,1492,0.1388
191,1300,1491,0.1388
196,1312,1508,0.1388
195,1309,1504,0.1388
193,1311,1504,0.1388
194,1314,1508,0.1388
198,1328,1526,0.1388
200,1318,1518,0.1388
197,1314,1511,0.1388
194,1314,1508,0.1388
195,1312,1507,0.1388
193,1327,1520,0.1388
189,1316,1505,0.1388
190,1322,1512,0.1388
190,1323,1513,0.1388
195,1313,1508,0.1388
195,1315,1510,0.1388
197,1320,1517,0.1388
195,1318,1513,0.1388
195,1316,1511,0.1388
195,1326,1521,0.1388
195,1319,1514,0.1388
197,1315,1512,0.1388
201,1316,1517,0.1388
197,1312,1509,0.1388
195,1320,1515,0.1388
189,1320,1509,0.1388
189,1306,1495,0.1388
193,1319,1512,0.1388
191,1306,1497,0.1388
196,1296,1492,0.1388
195,1288,1483,0.1388
196,1303,1499,0.1388
194,1318,1512,0.1388
193,1333,1526,0.1388
194,1327,1521,0.1388
191,1326,1517,0.1388
193,1329,1522,0.1388
197,1335,1532,0.1388
200,1339,1539,0.1388
200,1329,1529,0.1388
200,1335,1535,0.1388
200,1329,1529,0.1388
202,1320,1522,0.1388
198,1318,1516,0.1388
198,1321,1519,0.1388
197,1319,1516,0.1388
196,1321,1517,0.1388
192,1320,1512,0.1388
189,1334,1523,0.1388
195,1341,1536,0.1388
197,1330,1527,0.1388
194,1327,1521,0.1388
192,1316,1508,0.1388
188,1315,1503,0.1388
193,1310,1503,0.1388
194,1308,1502,0.1388
195,1313,1508,0.1388
199,1317,1516,0.1388
199,1307,1506,0.1388
196,1323,1519,0.1388
198,1318,1516,0.1388
192,1321,1513,0.1388
196,1308,1504,0.1388
197,1310,1507,0.1388
194,1311,1505,0.1388
194,1307,1501,0.1388
189,1311,1500,0.1388
190,1330,1520,0.1388
192,1328,1520,0.1388
186,1335,1521,0.1388
183,1328,1511,0.1388
177,1330,1507,0.1388
176,1334,1510,0.1388
169,1341,1510,0.1388
170,1352,1522,0.1388
168,1350,1518,0.1388
169,1359,1528,0.1388
165,1349,1514,0.1388
165,1335,1500,0.1388
161,1343,1504,0.1388
162,1342,1504,0.1388
166,1350,1516,0.1388
165,1351,1516,0.1388
165,1357,1522,0.1388
161,1357,1518,0.1388
159,1361,1520,0.1388
157,1357,1514,0.1388
160,1355,1515,0.1388
161,1345,1506,0.1388
165,1352,1517,0.1388
164,1352,1516,0.1388
164,1352,1516,0.1388
164,1344,1508,0.1388
167,1349,1516,0.1388
166,1345,1511,0.1388
168,1335,1503,0.1388
166,1342,1508,0.1388
167,1346,1513,0.1388
168,1343,1511,0.1388
167,1349,1516,0.1388
167,1344,1511,0.1388
167,1349,1516,0.1388
164,1352,1516,0.1388
163,1358,1521,0.1388
161,1345,1506,0.1388
160,1348,1508,0.1388
158,1346,1504,0.1388
161,1341,1502,0.1388
163,1349,1512,0.1388
164,1337,1501,0.1388
161,1347,1508,0.1388
162,1341,1503,0.1388
159,1342,1501,0.1388
159,1349,1508,0.1388
160,1354,1514,0.1388
161,1357,1518,0.1388
166,1356,1522,0.1388
165,1345,1510,0.1388
164,1343,1507,0.1388
164,1354,1518,0.1388
164,1359,1523,0.1388
159,1353,1512,0.1388
158,1348,1506,0.1388
159,1350,1509,0.1388
162,1360,1522,0.1388
161,1358,1519,0.1388
160,1360,1520,0.1388
160,1362,1522,0.1388
161,1368,1529,0.1388
161,1354,1515,0.1388
164,1352,1516,0.1388
160,1354,1514,0.1388
164,1356,1520,0.1388
166,1359,1525,0.1388
166,1370,1536,0.1388
165,1361,1526,0.1388
166,1361,1527,0.1388
160,1348,1508,0.1388
161,1353,1514,0.1388
154,1358,1512,0.1388
151,1367,1518,0.1388
153,1362,1515,0.1388
153,1363,1516,0.1388
161,1368,1529,0.1388
160,1359,1519,0.1388
156,1348,1504,0.1388
155,1362,1517,0.1388
154,1364,1518,0.1388
156,1374,1530,0.1388
155,1371,1526,0.1388
156,1364,1520,0.1388
160,1365,1525,0.1388
163,1366,1529,0.1388
160,1351,1511,0.1388
160,1358,1518,0.1388
159,1356,1515,0.1388
159,1365,1524,0.1388
160,1349,1509,0.1388
157,1350,1507,0.1388
159,1358,1517,0.1388
158,1365,1523,0.1388
157,1362,1519,0.1388
155,1357,1512,0.1388
152,1358,1510,0.1388
148,1357,1505,0.1388
149,1363,1512,0.1388
149,1350,1499,0.1388
155,1351,1506,0.1388
151,1357,1508,0.1388
153,1362,1515,0.1388
154,1364,1518,0.1388
153,1368,1521,0.1388
157,1355,1512,0.1388
154,1363,1517,0.1388
152,1369,1521,0.1388
152,1366,1518,0.1388
155,1365,1520,0.1388
155,1354,1509,0.1388
158,1334,1492,0.1388
158,1341,1499,0.1388
156,1361,1517,0.1388
149,1357,1506,0.1388
147,1365,1512,0.1388
147,1356,1503,0.1388
147,1355,1502,0.1388
144,1371,1515,0.1388
143,1369,1512,0.1388
146,1365,1511,0.1388
149,1372,1521,0.1388
147,1374,1521,0.1388
147,1369,1516,0.1388
149,1372,1521,0.1388
151,1375,1526,0.1388
151,1369,1520,0.1388
153,1362,1515,0.1388
150,1370,1520,0.1388
151,1370,1521,0.1388
146,1370,1516,0.1388
147,1364,1511,0.1388
149,1356,1505,0.1388
148,1369,1517,0.1388
148,1365,1513,0.1388
149,1370,1519,0.1388
150,1375,1525,0.1388
154,1377,1531,0.1388
155,1385,1540,0.1388
153,1367,1520,0.1388
149,1361,1510,0.1388
153,1368,1521,0.1388
155,1369,1524,0.1388
152,1364,1516,0.1388
152,1353,1505,0.1388
150,1351,1501,0.1388
146,1367,1513,0.1388
148,1366,1514,0.1388
150,1350,1500,0.1388
154,1353,1507,0.1388
156,1350,1506,0.1388
157,1349,1506,0.1388
158,1349,1507,0.1388
154,1330,1484,0.1388
158,1328,1486,0.1388
159,1332,1491,0.1388
165,1350,1515,0.1388
167,1342,1509,0.1388
170,1344,1514,0.1388
169,1347,1516,0.1388
165,1338,1503,0.1388
165,1359,1524,0.1388
160,1355,1515,0.1388
162,1344,1506,0.1388
163,1337,1500,0.1388
166,1351,1517,0.1388
167,1349,1516,0.1388
165,1356,1521,0.1388
167,1346,1513,0.1388
165,1341,1506,0.1388
162,1342,1504,0.1388
162,1343,1505,0.1388
163,1345,1508,0.1388
162,1358,1520,0.1388
161,1365,1526,0.1388
165,1364,1529,0.1388
167,1355,1522,0.1388
167,1354,1521,0.1388
165,1357,1522,0.1388
167,1354,1521,0.1388
161,1348,1509,0.1388
157,1351,1508,0.1388
157,1356,1513,0.1388
158,1360,1518,0.1388
160,1369,1529,0.1388
158,1376,1534,0.1388
155,1363,1518,0.1388
155,1359,1514,0.1388
153,1362,1515,0.1388
155,1357,1512,0.1388
154,1361,1515,0.1388
154,1359,1513,0.1388
155,1354,1509,0.1388
154,1353,1507,0.1388
154,1361,1515,0.1388
153,1363,1516,0.1388
150,1358,1508,0.1388
152,1366,1518,0.1388
155,1370,1525,0.1388
152,1377,1529,0.1388
150,1371,1521,0.1388
150,1375,1525,0.1388
149,1367,1516,0.1388
148,1368,1516,0.1388
147,1371,1518,0.1388
146,1363,1509,0.1388
148,1372,1520,0.1388
147,1368,1515,0.1388
147,1368,1515,0.1388
146,1368,1514,0.1388
147,1366,1513,0.1388
144,1358,1502,0.1388
142,1358,1500,0.1388
143,1358,1501,0.1388
151,1365,1516,0.1388
147,1378,1525,0.1388
143,1363,1506,0.1388
143,1364,1507,0.1388
150,1372,1522,0.1388
148,1367,1515,0.1388
148,1380,1528,0.1388
143,1394,1537,0.1388
144,1385,1529,0.1388
146,1380,1526,0.1388
145,1381,1526,0.1388
145,1375,1520,0.1388
144,1368,1512,0.1388
142,1354,1496,0.1388
145,1354,1499,0.1388
144,1355,1499,0.1388
143,1375,1518,0.1388
146,1366,1512,0.1388
140,1355,1495,0.1388
138,1383,1521,0.1388
136,1367,1503,0.1388
131,1376,1507,0.1388
136,1376,1512,0.1388
134,1373,1507,0.1388
139,1371,1510,0.1388
139,1374,1513,0.1388
137,1381,1518,0.1388
139,1384,1523,0.1388
137,1390,1527,0.1388
136,1376,1512,0.1388
137,1382,1519,0.1388
140,1379,1519,0.1388
133,1371,1504,0.1388
135,1359,1494,0.1388
136,1366,1502,0.1388
131,1369,1500,0.1388
133,1372,1505,0.1388
132,1377,1509,0.1388
132,1372,1504,0.1388
136,1381,1517,0.1388
134,1368,1502,0.1388
136,1367,1503,0.1388
131,1385,1516,0.1388
131,1378,1509,0.1388
131,1379,1510,0.1388
128,1380,1508,0.1388
124,1383,1507,0.1388
120,1390,1510,0.1388
119,1391,1510,0.1388
123,1402,1525,0.1388
126,1390,1516,0.1388
126,1388,1514,0.1388
123,1398,1521,0.1388
123,1403,1526,0.1388
124,1403,1527,0.1388
124,1398,1522,0.1388
127,1402,1529,0.1388
129,1388,1517,0.1388
126,1394,1520,0.1388
121,1410,1531,0.1388
121,1403,1524,0.1388
123,1402,1525,0.1388
121,1398,1519,0.1388
119,1403,1522,0.1388
117,1405,1522,0.1388
117,1394,1511,0.1388
116,1388,1504,0.1388
114,1385,1499,0.1388
114,1406,1520,0.1388
110,1393,1503,0.1388
110,1403,1513,0.1388
111,1408,1519,0.1388
110,1403,1513,0.1388
110,1412,1522,0.1388
109,1412,1521,0.1388
114,1399,1513,0.1388
114,1401,1515,0.1388
115,1388,1503,0.1388
114,1385,1499,0.1388
113,1390,1503,0.1388
114,1389,1503,0.1388
114,1394,1508,0.1388
115,1406,1521,0.1388
118,1400,1518,0.1388
118,1402,1520,0.1388
118,1394,1512,0.1388
118,1400,1518,0.1388
117,1401,1518,0.1388
115,1391,1506,0.1388
115,1389,1504,0.1388
112,1385,1497,0.1388
111,1394,1505,0.1388
111,1404,1515,0.1388
113,1408,1521,0.1388
107,1404,1511,0.1388
107,1417,1524,0.1388
105,1407,1512,0.1388
109,1401,1510,0.1388
110,1405,1515,0.1388
105,1420,1525,0.1388
110,1411,1521,0.1388
110,1414,1524,0.1388
109,1402,1511,0.1388
109,1403,1512,0.1388
105,1405,1510,0.1388
105,1419,1524,0.1388
103,1420,1523,0.1388
102,1417,1519,0.1388
103,1420,1523,0.1388
102,1421,1523,0.1388
105,1424,1529,0.1388
105,1432,1537,0.1388
104,1433,1537,0.1388
103,1423,1526,0.1388
105,1427,1532,0.1388
103,1423,1526,0.1388
101,1426,1527,0.1388
101,1417,1518,0.1388
97,1419,1516,0.1388
99,1407,1506,0.1388
94,1406,1500,0.1388
97,1416,1513,0.1388
98,1423,1521,0.1388
101,1428,1529,0.1388
95,1439,1534,0.1388
100,1430,1530,0.1388
97,1440,1537,0.1388
99,1423,1522,0.1388
101,1416,1517,0.1388
100,1422,1522,0.1388
99,1421,1520,0.1388
99,1420,1519,0.1388
97,1426,1523,0.1388
103,1413,1516,0.1388
102,1394,1496,0.1388
98,1398,1496,0.1388
100,1403,1503,0.1388
98,1409,1507,0.1388
92,1415,1507,0.1388
93,1417,1510,0.1388
91,1432,1523,0.1388
90,1429,1519,0.1388
90,1436,1526,0.1388
92,1437,1529,0.1388
89,1421,1510,0.1388
87,1429,1516,0.1388
88,1429,1517,0.1388
88,1428,1516,0.1388
86,1433,1519,0.1388
83,1432,1515,0.1388
84,1424,1508,0.1388
84,1436,1520,0.1388
86,1444,1530,0.1388
85,1427,1512,0.1388
89,1421,1510,0.1388
89,1430,1519,0.1388
91,1443,1534,0.1388
92,1434,1526,0.1388
91,1426,1517,0.1388
93,1420,1513,0.1388
94,1417,1511,0.1388
96,1410,1506,0.1388
93,1406,1499,0.1388
92,1427,1519,0.1388
93,1415,1508,0.1388
96,1428,1524,0.1388
93,1428,1521,0.1388
91,1426,1517,0.1388
93,1422,1515,0.1388
88,1425,1513,0.1388
92,1433,1525,0.1388
92,1432,1524,0.1388
94,1431,1525,0.1388
90,1426,1516,0.1388
91,1420,1511,0.1388
92,1422,1514,0.1388
89,1417,1506,0.1388
88,1428,1516,0.1388
84,1429,1513,0.1388
89,1427,1516,0.1388
85,1430,1515,0.1388
88,1420,1508,0.1388
90,1418,1508,0.1388
90,1421,1511,0.1388
88,1433,1521,0.1388
89,1428,1517,0.1388
85,1435,1520,0.1388
86,1425,1511,0.1388
85,1423,1508,0.1388
84,1413,1497,0.1388
87,1425,1512,0.1388
86,1417,1503,0.1388
87,1420,1507,0.1388
86,1428,1514,0.1388
84,1434,1518,0.1388
84,1441,1525,0.1388
82,1425,1507,0.1388
84,1425,1509,0.1388
85,1437,1522,0.1388
84,1428,1512,0.1388
81,1435,1516,0.1388
79,1424,1503,0.1388
78,1425,1503,0.1388
80,1424,1504,0.1388
79,1429,1508,0.1388
81,1436,1517,0.1388
79,1432,1511,0.1388
81,1428,1509,0.1388
79,1433,1512,0.1388
80,1437,1517,0.1388
80,1439,1519,0.1388
76,1448,1524,0.1388
76,1442,1518,0.1388
75,1442,1517,0.1388
75,1444,1519,0.1388
76,1437,1513,0.1388
73,1426,1499,0.1388
76,1436,1512,0.1388
76,1441,1517,0.1388
73,1439,1512,0.1388
72,1440,1512,0.1388
72,1441,1513,0.1388
71,1444,1515,0.1388
71,1450,1521,0.1388
74,1444,1518,0.1388
72,1453,1525,0.1388
74,1449,1523,0.1388
73,1435,1508,0.1388
74,1449,1523,0.1388
75,1442,1517,0.1388
73,1455,1528,0.1388
71,1450,1521,0.1388
70,1452,1522,0.1388
70,1454,1524,0.1388
69,1460,1529,0.1388
67,1463,1530,0.1388
67,1450,1517,0.1388
66,1437,1503,0.1388
62,1442,1504,0.1388
66,1452,1518,0.1388
64,1443,1507,0.1388
68,1440,1508,0.1388
67,1443,1510,0.1388
70,1428,1498,0.1388
72,1434,1506,0.1388
73,1437,1510,0.1388
74,1441,1515,0.1388
71,1433,1504,0.1388
75,1439,1514,0.1388
71,1444,1515,0.1388
69,1449,1518,0.1388
70,1449,1519,0.1388
68,1450,1518,0.1388
67,1445,1512,0.1388
68,1449,1517,0.1388
68,1442,1510,0.1388
66,1446,1512,0.1388
68,1446,1514,0.1388
70,1439,1509,0.1388
70,1436,1506,0.1388
68,1443,1511,0.1388
69,1436,1505,0.1388
70,1439,1509,0.1388
67,1440,1507,0.1388
69,1442,1511,0.1388
72,1445,1517,0.1388
72,1448,1520,0.1388
72,1452,1524,0.1388
65,1449,1514,0.1388
66,1457,1523,0.1388
68,1465,1533,0.1388
66,1462,1528,0.1388
66,1457,1523,0.1388
63,1463,1526,0.1388
62,1458,1520,0.1388
63,1448,1511,0.1388
64,1459,1523,0.1388
66,1446,1512,0.1388
68,1430,1498,0.1388
68,1428,1496,0.1388
69,1436,1505,0.1388
70,1429,1499,0.1388
68,1431,1499,0.1388
73,1429,1502,0.1388
74,1431,1505,0.1388
75,1437,1512,0.1388
74,1436,1510,0.1388
75,1442,1517,0.1388
72,1449,1521,0.1388
69,1454,1523,0.1388
67,1447,1514,0.1388
68,1441,1509,0.1388
72,1442,1514,0.1388
71,1441,1512,0.1388
71,1450,1521,0.1388
70,1444,1514,0.1388
71,1452,1523,0.1388
73,1443,1516,0.1388
73,1435,1508,0.1388
73,1439,1512,0.1388
74,1440,1514,0.1388
72,1447,1519,0.1388
70,1445,1515,0.1388
71,1454,1525,0.1388
73,1455,1528,0.1388
73,1452,1525,0.1388
69,1454,1523,0.1388
71,1450,1521,0.1388
72,1448,1520,0.1388
75,1452,1527,0.1388
75,1459,1534,0.1388
75,1449,1524,0.1388
77,1455,1532,0.1388
76,1452,1528,0.1388
75,1439,1514,0.1388
74,1436,1510,0.1388
69,1440,1509,0.1388
72,1428,1500,0.1388
73,1425,1498,0.1388
72,1441,1513,0.1388
66,1446,1512,0.1388
69,1436,1505,0.1388
71,1440,1511,0.1388
71,1444,1515,0.1388
74,1449,1523,0.1388
73,1440,1513,0.1388
69,1446,1515,0.1388
67,1440,1507,0.1388
69,1433,1502,0.1388
68,1443,1511,0.1388
69,1442,1511,0.1388
68,1437,1505,0.1388
68,1427,1495,0.1388
68,1441,1509,0.1388
70,1437,1507,0.1388
71,1442,1513,0.1388
71,1430,1501,0.1388
71,1437,1508,0.1388
71,1447,1518,0.1388
68,1435,1503,0.1388
69,1433,1502,0.1388
69,1449,1518,0.1388
66,1460,1526,0.1388
66,1454,1520,0.1388
65,1443,1508,0.1388
63,1455,1518,0.1388
64,1463,1527,0.1388
65,1475,1540,0.1388
61,1475,1536,0.1388
60,1475,1535,0.1388
57,1470,1527,0.1388
57,1473,1530,0.1388
57,1455,1512,0.1388
59,1459,1518,0.1388
58,1456,1514,0.1388
59,1446,1505,0.1388
61,1459,1520,0.1388
60,1465,1525,0.1388
58,1462,1520,0.1388
57,1455,1512,0.1388
57,1465,1522,0.1388
57,1460,1517,0.1388
55,1467,1522,0.1388
56,1454,1510,0.1388
56,1453,1509,0.1388
57,1453,1510,0.1388
57,1462,1519,0.1388
54,1462,1516,0.1388
53,1465,1518,0.1388
52,1460,1512,0.1388
50,1458,1508,0.1388
52,1459,1511,0.1388
51,1480,1531,0.1388
50,1461,1511,0.1388
51,1468,1519,0.1388
51,1477,1528,0.1388
50,1460,1510,0.1388
50,1463,1513,0.1388
50,1455,1505,0.1388
50,1468,1518,0.1388
51,1458,1509,0.1388
50,1455,1505,0.1388
50,1451,1501,0.1388
50,1456,1506,0.1388
49,1446,1495,0.1388
49,1455,1504,0.1388
48,1449,1497,0.1388
50,1446,1496,0.1388
50,1441,1491,0.1388
50,1456,1506,0.1388
49,1473,1522,0.1388
52,1477,1529,0.1388
51,1470,1521,0.1388
52,1452,1504,0.1388
51,1467,1518,0.1388
50,1465,1515,0.1388
50,1463,1513,0.1388
50,1472,1522,0.1388
52,1480,1532,0.1388
54,1476,1530,0.1388
52,1473,1525,0.1388
50,1464,1514,0.1388
48,1455,1503,0.1388
49,1463,1512,0.1388
51,1461,1512,0.1388
50,1461,1511,0.1388
51,1449,1500,0.1388
52,1444,1496,0.1388
52,1460,1512,0.1388
50,1464,1514,0.1388
50,1460,1510,0.1388
50,1464,1514,0.1388
53,1458,1511,0.1388
55,1464,1519,0.1388
54,1466,1520,0.1388
53,1468,1521,0.1388
51,1472,1523,0.1388
50,1467,1517,0.1388
49,1466,1515,0.1388
50,1469,1519,0.1388
47,1465,1512,0.1388
46,1476,1522,0.1388
46,1478,1524,0.1388
44,1469,1513,0.1388
45,1472,1517,0.1388
46,1476,1522,0.1388
48,1480,1528,0.1388
48,1480,1528,0.1388
47,1468,1515,0.1388
46,1466,1512,0.1388
45,1474,1519,0.1388
46,1477,1523,0.1388
48,1472,1520,0.1388
50,1476,1526,0.1388
49,1481,1530,0.1388
49,1473,1522,0.1388
50,1476,1526,0.1388
51,1472,1523,0.1388
50,1472,1522,0.1388
53,1457,1510,0.1388
53,1453,1506,0.1388
56,1460,1516,0.1388
55,1454,1509,0.1388
56,1463,1519,0.1388
58,1460,1518,0.1388
57,1449,1506,0.1388
58,1463,1521,0.1388
57,1464,1521,0.1388
59,1445,1504,0.1388
58,1453,1511,0.1388
57,1457,1514,0.1388
59,1469,1528,0.1388
60,1467,1527,0.1388
56,1462,1518,0.1388
55,1475,1530,0.1388
54,1473,1527,0.1388
55,1469,1524,0.1388
53,1457,1510,0.1388
51,1460,1511,0.1388
51,1471,1522,0.1388
57,1470,1527,0.1388
59,1461,1520,0.1388
57,1465,1522,0.1388
60,1449,1509,0.1388
57,1450,1507,0.1388
56,1454,1510,0.1388
57,1466,1523,0.1388
57,1466,1523,0.1388
57,1456,1513,0.1388
61,1462,1523,0.1388
61,1452,1513,0.1388
60,1454,1514,0.1388
59,1461,1520,0.1388
58,1462,1520,0.1388
57,1464,1521,0.1388
56,1458,1514,0.1388
56,1456,1512,0.1388
56,1466,1522,0.1388
55,1456,1511,0.1388
56,1455,1511,0.1388
59,1447,1506,0.1388
59,1451,1510,0.1388
57,1451,1508,0.1388
56,1457,1513,0.1388
57,1465,1522,0.1388
59,1467,1526,0.1388
60,1468,1528,0.1388
58,1475,1533,0.1388
60,1480,1540,0.1388
61,1471,1532,0.1388
60,1466,1526,0.1388
55,1468,1523,0.1388
53,1458,1511,0.1388
55,1453,1508,0.1388
53,1440,1493,0.1388
54,1458,1512,0.1388
53,1462,1515,0.1388
53,1457,1510,0.1388
53,1470,1523,0.1388
51,1482,1533,0.1388
49,1470,1519,0.1388
51,1459,1510,0.1388
49,1466,1515,0.1388
47,1463,1510,0.1388
50,1460,1510,0.1388
48,1472,1520,0.1388
47,1477,1524,0.1388
48,1469,1517,0.1388
48,1459,1507,0.1388
47,1458,1505,0.1388
47,1462,1509,0.1388
49,1462,1511,0.1388
48,1462,1510,0.1388
47,1467,1514,0.1388
47,1475,1522,0.1388
46,1481,1527,0.1388
47,1476,1523,0.1388
45,1476,1521,0.1388
45,1466,1511,0.1388
44,1465,1509,0.1388
43,1472,1515,0.1388
43,1480,1523,0.1388
44,1469,1513,0.1388
46,1475,1521,0.1388
45,1481,1526,0.1388
43,1470,1513,0.1388
43,1477,1520,0.1388
42,1461,1503,0.1388
41,1467,1508,0.1388
39,1468,1507,0.1388
37,1470,1507,0.1388
37,1488,1525,0.1388
36,1494,1530,0.1388
38,1480,1518,0.1388
38,1480,1518,0.1388
37,1492,1529,0.1388
37,1489,1526,0.1388
39,1476,1515,0.1388
39,1475,1514,0.1388
37,1469,1506,0.1388
39,1461,1500,0.1388
39,1453,1492,0.1388
37,1481,1518,0.1388
37,1477,1514,0.1388
38,1490,1528,0.1388
37,1493,1530,0.1388
35,1483,1518,0.1388
36,1487,1523,0.1388
34,1495,1529,0.1388
35,1502,1537,0.1388
34,1493,1527,0.1388
32,1477,1509,0.1388
33,1475,1508,0.1388
32,1488,1520,0.1388
32,1508,1540,0.1388
32,1506,1538,0.1388
30,1477,1507,0.1388
29,1487,1516,0.1388
29,1474,1503,0.1388
28,1469,1497,0.1388
28,1488,1516,0.1388
28,1488,1516,0.1388
28,1495,1523,0.1388
27,1490,1517,0.1388
26,1480,1506,0.1388
25,1499,1524,0.1388
24,1498,1522,0.1388
25,1502,1527,0.1388
25,1502,1527,0.1388
25,1487,1512,0.1388
25,1495,1520,0.1388
25,1497,1522,0.1388
25,1480,1505,0.1388
24,1495,1519,0.1388
25,1490,1515,0.1388
24,1497,1521,0.1388
25,1486,1511,0.1388
21,1477,1498,0.1388
22,1501,1523,0.1388
21,1501,1522,0.1388
21,1491,1512,0.1388
20,1490,1510,0.1388
20,1499,1519,0.1388
21,1493,1514,0.1388
21,1500,1521,0.1388
18,1501,1519,0.1388
19,1501,1520,0.1388
20,1498,1518,0.1388
22,1498,1520,0.1388
22,1486,1508,0.1388
23,1495,1518,0.1388
21,1504,1525,0.1388
21,1475,1496,0.1388
21,1481,1502,0.1388
22,1486,1508,0.1388
21,1494,1515,0.1388
21,1486,1507,0.1388
20,1497,1517,0.1388
20,1493,1513,0.1388
20,1495,1515,0.1388
20,1493,1513,0.1388
18,1487,1505,0.1388
18,1483,1501,0.1388
20,1497,1517,0.1388
20,1514,1534,0.1388
19,1515,1534,0.1388
17,1508,1525,0.1388
17,1509,1526,0.1388
17,1501,1518,0.1388
18,1507,1525,0.1388
18,1493,1511,0.1388
17,1507,1524,0.1388
17,1496,1513,0.1388
17,1486,1503,0.1388
18,1489,1507,0.1388
19,1488,1507,0.1388
19,1488,1507,0.1388
20,1498,1518,0.1388
20,1502,1522,0.1388
20,1488,1508,0.1388
19,1508,1527,0.1388
19,1503,1522,0.1388
21,1495,1516,0.1388
22,1499,1521,0.1388
22,1498,1520,0.1388
22,1496,1518,0.1388
22,1495,1517,0.1388
22,1486,1508,0.1388
22,1481,1503,0.1388
22,1485,1507,0.1388
22,1495,1517,0.1388
21,1490,1511,0.1388
20,1492,1512,0.1388
20,1500,1520,0.1388
21,1487,1508,0.1388
20,1501,1521,0.1388
19,1500,1519,0.1388
19,1508,1527,0.1388
19,1506,1525,0.1388
19,1501,1520,0.1388
19,1501,1520,0.1388
20,1493,1513,0.1388
20,1499,1519,0.1388
19,1489,1508,0.1388
18,1494,1512,0.1388
17,1500,1517,0.1388
17,1490,1507,0.1388
16,1501,1517,0.1388
16,1492,1508,0.1388
15,1504,1519,0.1388
16,1502,1518,0.1388
16,1502,1518,0.1388
16,1497,1513,0.1388
15,1488,1503,0.1388
14,1500,1514,0.1388
14,1498,1512,0.1388
13,1489,1502,0.1388
14,1491,1505,0.1388
14,1494,1508,0.1388
13,1506,1519,0.1388
12,1508,1520,0.1388
12,1494,1506,0.1388
12,1491,1503,0.1388
13,1485,1498,0.1388
13,1489,1502,0.1388
14,1475,1489,0.1388
14,1481,1495,0.1388
15,1485,1500,0.1388
15,1491,1506,0.1388
15,1500,1515,0.1388
16,1507,1523,0.1388
17,1506,1523,0.1388
17,1520,1537,0.1388
16,1514,1530,0.1388
16,1518,1534,0.1388
16,1514,1530,0.1388
16,1506,1522,0.1388
16,1504,1520,0.1388
13,1509,1522,0.1388
13,1506,1519,0.1388
13,1509,1522,0.1388
13,1499,1512,0.1388
13,1508,1521,0.1388
13,1498,1511,0.1388
14,1490,1504,0.1388
14,1486,1500,0.1388
14,1487,1501,0.1388
14,1506,1520,0.1388
14,1511,1525,0.1388
14,1498,1512,0.1388
14,1510,1524,0.1388
14,1514,1528,0.1388
13,1511,1524,0.1388
14,1508,1522,0.1388
13,1509,1522,0.1388
13,1503,1516,0.1388
13,1505,1518,0.1388
11,1508,1519,0.1388
11,1499,1510,0.1388
13,1497,1510,0.1388
13,1509,1522,0.1388
12,1506,1518,0.1388
12,1512,1524,0.1388
11,1516,1527,0.1388
11,1512,1523,0.1388
9,1521,1530,0.1388
9,1523,1532,0.1388
9,1513,1522,0.1388
9,1520,1529,0.1388
9,1510,1519,0.1388
8,1516,1524,0.1388
8,1505,1513,0.1388
8,1508,1516,0.1388
8,1511,1519,0.1388
8,1511,1519,0.1388
9,1501,1510,0.1388
9,1510,1519,0.1388
9,1506,1515,0.1388
10,1510,1520,0.1388
10,1505,1515,0.1388
9,1506,1515,0.1388
10,1507,1517,0.1388
9,1516,1525,0.1388
11,1519,1530,0.1388
11,1499,1510,0.1388
12,1506,1518,0.1388
12,1501,1513,0.1388
11,1501,1512,0.1388
11,1503,1514,0.1388
10,1505,1515,0.1388
11,1511,1522,0.1388
11,1507,1518,0.1388
11,1494,1505,0.1388
11,1493,1504,0.1388
11,1508,1519,0.1388
11,1514,1525,0.1388
11,1514,1525,0.1388
11,1522,1533,0.1388
11,1502,1513,0.1388
11,1516,1527,0.1388
12,1504,1516,0.1388
12,1504,1516,0.1388
12,1504,1516,0.1388
11,1510,1521,0.1388
11,1507,1518,0.1388
10,1517,1527,0.1388
11,1512,1523,0.1388
11,1505,1516,0.1388
11,1504,1515,0.1388
11,1514,1525,0.1388
11,1517,1528,0.1388
10,1516,1526,0.1388
10,1513,1523,0.1388
10,1505,1515,0.1388
10,1501,1511,0.1388
9,1505,1514,0.1388
9,1510,1519,0.1388
9,1505,1514,0.1388
10,1504,1514,0.1388
9,1494,1503,0.1388
9,1490,1499,0.1388
9,1492,1501,0.1388
8,1504,1512,0.1388
8,1508,1516,0.1388
8,1520,1528,0.1388
8,1522,1530,0.1388
8,1502,1510,0.1388
8,1505,1513,0.1388
8,1489,1497,0.1388
7,1498,1505,0.1388
7,1493,1500,0.1388
7,1498,1505,0.1388
6,1516,1522,0.1388
6,1511,1517,0.1388
4,1509,1513,0.1388
4,1515,1519,0.1388
4,1520,1524,0.1388
4,1505,1509,0.1388
4,1511,1515,0.1388
4,1505,1509,0.1388
4,1513,1517,0.1388
4,1509,1513,0.1388
5,1511,1516,0.1388
5,1511,1516,0.1388
5,1522,1527,0.1388
5,1526,1531,0.1388
6,1516,1522,0.1388
6,1511,1517,0.1388
6,1517,1523,0.1388
5,1516,1521,0.1388
5,1514,1519,0.1388
5,1509,1514,0.1388
5,1506,1511,0.1388
5,1523,1528,0.1388
5,1502,1507,0.1388
5,1504,1509,0.1388
5,1494,1499,0.1388
5,1499,1504,0.1388
5,1494,1499,0.1388
5,1507,1512,0.1388
5,1500,1505,0.1388
5,1514,1519,0.1388
5,1508,1513,0.1388
4,1499,1503,0.1388
5,1488,1493,0.1388
4,1499,1503,0.1388
4,1506,1510,0.1388
4,1508,1512,0.1388
4,1520,1524,0.1388
5,1514,1519,0.1388
5,1510,1515,0.1388
5,1499,1504,0.1388
5,1512,1517,0.1388
5,1510,1515,0.1388
6,1517,1523,0.1388
5,1516,1521,0.1388
4,1515,1519,0.1388
4,1533,1537,0.1388
5,1534,1539,0.1388
5,1516,1521,0.1388
6,1507,1513,0.1388
6,1511,1517,0.1388
6,1522,1528,0.1388
6,1506,1512,0.1388
6,1490,1496,0.1388
6,1492,1498,0.1388
7,1499,1506,0.1388
7,1489,1496,0.1388
8,1505,1513,0.1388
8,1507,1515,0.1388
8,1510,1518,0.1388
8,1499,1507,0.1388
8,1512,1520,0.1388
9,1519,1528,0.1388
9,1505,1514,0.1388
9,1495,1504,0.1388
8,1497,1505,0.1388
9,1492,1501,0.1388
9,1500,1509,0.1388
9,1502,1511,0.1388
8,1509,1517,0.1388
7,1507,1514,0.1388
8,1502,1510,0.1388
9,1509,1518,0.1388
10,1505,1515,0.1388
9,1512,1521,0.1388
9,1517,1526,0.1388
8,1516,1524,0.1388
8,1501,1509,0.1388
8,1501,1509,0.1388
8,1501,1509,0.1388
8,1494,1502,0.1388
7,1507,1514,0.1388
7,1496,1503,0.1388
6,1500,1506,0.1388
6,1498,1504,0.1388
6,1493,1499,0.1388
6,1514,1520,0.1388
6,1521,1527,0.1388
6,1512,1518,0.1388
6,1498,1504,0.1388
6,1522,1528,0.1388
6,1527,1533,0.1388
5,1524,1529,0.1388
6,1513,1519,0.1388
7,1521,1528,0.1388
7,1507,1514,0.1388
7,1519,1526,0.1388
9,1515,1524,0.1388
10,1512,1522,0.1388
8,1512,1520,0.1388
9,1507,1516,0.1388
8,1507,1515,0.1388
9,1519,1528,0.1388
10,1512,1522,0.1388
9,1521,1530,0.1388
9,1511,1520,0.1388
9,1510,1519,0.1388
9,1504,1513,0.1388
10,1497,1507,0.1388
10,1502,1512,0.1388
10,1504,1514,0.1388
10,1503,1513,0.1388
10,1498,1508,0.1388
10,1514,1524,0.1388
10,1514,1524,0.1388
10,1522,1532,0.1388
9,1507,1516,0.1388
9,1504,1513,0.1388
9,1507,1516,0.1388
9,1508,1517,0.1388
7,1502,1509,0.1388
7,1509,1516,0.1388
6,1518,1524,0.1388
6,1527,1533,0.1388
6,1511,1517,0.1388
7,1514,1521,0.1388
5,1521,1526,0.1388
5,1521,1526,0.1388
5,1517,1522,0.1388
4,1514,1518,0.1388
4,1523,1527,0.1388
4,1500,1504,0.1388
3,1503,1506,0.1388
3,1499,1502,0.1388
3,1494,1497,0.1388
3,1506,1509,0.1388
3,1504,1507,0.1388
4,1507,1511,0.1388
3,1496,1499,0.1388
3,1502,1505,0.1388
3,1510,1513,0.1388
3,1493,1496,0.1388
3,1517,1520,0.1388
3,1515,1518,0.1388
3,1507,1510,0.1388
3,1504,1507,0.1388
3,1500,1503,0.1388
3,1509,1512,0.1388
3,1508,1511,0.1388
3,1511,1514,0.1388
3,1521,1524,0.1388
3,1517,1520,0.1388
4,1534,1538,0.1388
4,1526,1530,0.1388
4,1530,1534,0.1388
4,1522,1526,0.1388
5,1517,1522,0.1388
5,1512,1517,0.1388
3,1517,1520,0.1388
5,1515,1520,0.1388
5,1502,1507,0.1388
6,1499,1505,0.1388
6,1501,1507,0.1388
7,1497,1504,0.1388
8,1510,1518,0.1388
8,1508,1516,0.1388
7,1500,1507,0.1388
7,1499,1506,0.1388
7,1507,1514,0.1388
6,1514,1520,0.1388
5,1531,1536,0.1388
5,1532,1537,0.1388
5,1520,1525,0.1388
5,1530,1535,0.1388
5,1515,1520,0.1388
5,1518,1523,0.1388
5,1515,1520,0.1388
5,1516,1521,0.1388
4,1507,1511,0.1388
4,1512,1516,0.1388
4,1505,1509,0.1388
4,1514,1518,0.1388
4,1515,1519,0.1388
4,1498,1502,0.1388
4,1495,1499,0.1388
4,1515,1519,0.1388
4,1524,1528,0.1388
4,1508,1512,0.1388
4,1505,1509,0.1388
4,1501,1505,0.1388
4,1517,1521,0.1388
4,1518,1522,0.1388
4,1520,1524,0.1388
4,1520,1524,0.1388
4,1526,1530,0.1388
4,1522,1526,0.1388
4,1506,1510,0.1388
4,1512,1516,0.1388
3,1499,1502,0.1388
3,1495,1498,0.1388
3,1505,1508,0.1388
3,1504,1507,0.1388
2,1510,1512,0.1388
2,1510,1512,0.1388
2,1522,1524,0.1388
2,1509,1511,0.1388
2,1516,1518,0.1388
3,1515,1518,0.1388
4,1507,1511,0.1388
4,1502,1506,0.1388
4,1511,1515,0.1388
4,1487,1491,0.1388
4,1489,1493,0.1388
4,1496,1500,0.1388
4,1496,1500,0.1388
4,1513,1517,0.1388
4,1522,1526,0.1388
4,1512,1516,0.1388
4,1507,1511,0.1388
3,1510,1513,0.1388
4,1511,1515,0.1388
4,1517,1521,0.1388
3,1505,1508,0.1388
4,1499,1503,0.1388
4,1505,1509,0.1388
4,1515,1519,0.1388
3,1515,1518,0.1388
2,1517,1519,0.1388
2,1521,1523,0.1388
2,1509,1511,0.1388
2,1521,1523,0.1388
2,1523,1525,0.1388
2,1515,1517,0.1388
2,1531,1533,0.1388
2,1529,1531,0.1388
2,1521,1523,0.1388
2,1521,1523,0.1388
2,1515,1517,0.1388
2,1524,1526,0.1388
2,1514,1516,0.1388
3,1510,1513,0.1388
3,1506,1509,0.1388
3,1507,1510,0.1388
3,1516,1519,0.1388
3,1534,1537,0.1388
3,1529,1532,0.1388
3,1514,1517,0.1388
4,1520,1524,0.1388
4,1522,1526,0.1388
5,1519,1524,0.1388
5,1516,1521,0.1388
5,1502,1507,0.1388
5,1500,1505,0.1388
5,1502,1507,0.1388
5,1498,1503,0.1388
5,1520,1525,0.1388
5,1509,1514,0.1388
4,1517,1521,0.1388
4,1516,1520,0.1388
3,1516,1519,0.1388
3,1509,1512,0.1388
3,1506,1509,0.1388
3,1502,1505,0.1388
3,1505,1508,0.1388
4,1513,1517,0.1388
4,1506,1510,0.1388
4,1508,1512,0.1388
4,1509,1513,0.1388
4,1519,1523,0.1388
4,1520,1524,0.1388
4,1523,1527,0.1388
4,1519,1523,0.1388
4,1524,1528,0.1388
4,1516,1520,0.1388
4,1517,1521,0.1388
3,1521,1524,0.1388
3,1515,1518,0.1388
3,1515,1518,0.1388
3,1526,1529,0.1388
3,1511,1514,0.1388
3,1521,1524,0.1388
3,1524,1527,0.1388
3,1528,1531,0.1388
3,1530,1533,0.1388
3,1524,1527,0.1388
3,1518,1521,0.1388
3,1513,1516,0.1388
2,1511,1513,0.1388
2,1507,1509,0.1388
2,1518,1520,0.1388
2,1515,1517,0.1388
2,1518,1520,0.1388
2,1520,1522,0.1388
2,1512,1514,0.1388
2,1512,1514,0.1388
2,1504,1506,0.1388
2,1510,1512,0.1388
2,1516,1518,0.1388
2,1521,1523,0.1388
2,1520,1522,0.1388
2,1518,1520,0.1388
2,1513,1515,0.1388
2,1514,1516,0.1388
2,1522,1524,0.1388
2,1526,1528,0.1388
2,1514,1516,0.1388
2,1512,1514,0.1388
2,1518,1520,0.1388
2,1528,1530,0.1388
2,1527,1529,0.1388
1,1521,1522,0.1388
1,1514,1515,0.1388
1,1517,1518,0.1388
1,1505,1506,0.1388
1,1506,1507,0.1388
1,1507,1508,0.1388
0,1505,1505,0.1388
