1367,27,1394,0.1388
1394,25,1419,0.1388
1425,26,1451,0.1388
1438,23,1461,0.1388
1444,23,1467,0.1388
1464,24,1488,0.1388
1461,24,1485,0.1388
1468,23,1491,0.1388
1459,23,1482,0.1388
1453,22,1475,0.1388
1460,21,1481,0.1388
1459,20,1479,0.1388
1476,21,1497,0.1388
1475,24,1499,0.1388
1463,24,1487,0.1388
1464,26,1490,0.1388
1468,26,1494,0.1388
1460,26,1486,0.1388
1466,28,1494,0.1388
1458,30,1488,0.1388
1466,31,1497,0.1388
1470,31,1501,0.1388
1453,29,1482,0.1388
1454,29,1483,0.1388
1450,30,1480,0.1388
1463,30,1493,0.1388
1447,29,1476,0.1388
1459,29,1488,0.1388
1453,31,1484,0.1388
1449,32,1481,0.1388
1448,31,1479,0.1388
1465,30,1495,0.1388
1456,30,1486,0.1388
1438,32,1470,0.1388
1446,30,1476,0.1388
1441,32,1473,0.1388
1438,33,1471,0.1388
1433,34,1467,0.1388
1432,32,1464,0.1388
1443,30,1473,0.1388
1458,32,1490,0.1388
1459,33,1492,0.1388
1460,33,1493,0.1388
1457,35,1492,0.1388
1459,35,1494,0.1388
1460,35,1495,0.1388
1467,36,1503,0.1388
1464,36,1500,0.1388
1466,37,1503,0.1388
1451,37,1488,0.1388
1455,38,1493,0.1388
1457,36,1493,0.1388
1456,35,1491,0.1388
1455,34,1489,0.1388
1445,34,1479,0.1388
1448,37,1485,0.1388
1451,36,1487,0.1388
1436,36,1472,0.1388
1451,35,1486,0.1388
1454,34,1488,0.1388
1450,35,1485,0.1388
1450,34,1484,0.1388
1448,32,1480,0.1388
1458,32,1490,0.1388
1453,32,1485,0.1388
1437,32,1469,0.1388
1436,33,1469,0.1388
1431,33,1464,0.1388
1436,35,1471,0.1388
1432,35,1467,0.1388
1445,36,1481,0.1388
1439,36,1475,0.1388
1439,35,1474,0.1388
1439,38,1477,0.1388
1445,38,1483,0.1388
1448,40,1488,0.1388
1464,38,1502,0.1388
1464,38,1502,0.1388
1467,37,1504,0.1388
1467,36,1503,0.1388
1477,34,1511,0.1388
1469,37,1506,0.1388
1470,37,1507,0.1388
1454,39,1493,0.1388
1455,37,1492,0.1388
1461,37,1498,0.1388
1459,36,1495,0.1388
1456,38,1494,0.1388
1445,37,1482,0.1388
1470,37,1507,0.1388
1471,37,1508,0.1388
1484,34,1518,0.1388
1468,37,1505,0.1388
1466,36,1502,0.1388
1464,36,1500,0.1388
1468,36,1504,0.1388
1472,40,1512,0.1388
1462,40,1502,0.1388
1475,44,1519,0.1388
1459,43,1502,0.1388
1448,43,1491,0.1388
1451,42,1493,0.1388
1448,38,1486,0.1388
1460,39,1499,0.1388
1453,42,1495,0.1388
1459,43,1502,0.1388
1452,43,1495,0.1388
1448,45,1493,0.1388
1449,44,1493,0.1388
1442,44,1486,0.1388
1443,45,1488,0.1388
1448,44,1492,0.1388
1453,44,1497,0.1388
1462,47,1509,0.1388
1455,47,1502,0.1388
1456,47,1503,0.1388
1436,48,1484,0.1388
1440,48,1488,0.1388
1450,50,1500,0.1388
1458,51,1509,0.1388
1453,51,1504,0.1388
1453,51,1504,0.1388
1463,50,1513,0.1388
1458,49,1507,0.1388
1452,49,1501,0.1388
1448,52,1500,0.1388
1437,53,1490,0.1388
1432,54,1486,0.1388
1433,54,1487,0.1388
1429,54,1483,0.1388
1422,54,1476,0.1388
1435,51,1486,0.1388
1443,51,1494,0.1388
1447,51,1498,0.1388
1438,52,1490,0.1388
1455,52,1507,0.1388
1439,51,1490,0.1388
1449,55,1504,0.1388
1443,55,1498,0.1388
1447,53,1500,0.1388
1439,51,1490,0.1388
1434,54,1488,0.1388
1433,56,1489,0.1388
1433,59,1492,0.1388
1430,60,1490,0.1388
1427,57,1484,0.1388
1432,56,1488,0.1388
1442,57,1499,0.1388
1444,59,1503,0.1388
1434,62,1496,0.1388
1443,60,1503,0.1388
1445,59,1504,0.1388
1443,60,1503,0.1388
1451,59,1510,0.1388
1435,59,1494,0.1388
1425,63,1488,0.1388
1430,61,1491,0.1388
1439,63,1502,0.1388
1431,64,1495,0.1388
1445,65,1510,0.1388
1420,69,1489,0.1388
1422,71,1493,0.1388
1416,70,1486,0.1388
1425,68,1493,0.1388
1431,68,1499,0.1388
1429,65,1494,0.1388
1426,68,1494,0.1388
1419,70,1489,0.1388
1423,70,1493,0.1388
1429,69,1498,0.1388
1439,67,1506,0.1388
1441,71,1512,0.1388
1437,72,1509,0.1388
1429,72,1501,0.1388
1438,74,1512,0.1388
1439,74,1513,0.1388
1430,74,1504,0.1388
1421,73,1494,0.1388
1423,75,1498,0.1388
1424,74,1498,0.1388
1425,78,1503,0.1388
1423,77,1500,0.1388
1430,78,1508,0.1388
1431,76,1507,0.1388
1429,73,1502,0.1388
1427,74,1501,0.1388
1420,75,1495,0.1388
1418,77,1495,0.1388
1420,75,1495,0.1388
1418,79,1497,0.1388
1417,77,1494,0.1388
1416,77,1493,0.1388
1426,76,1502,0.1388
1432,77,1509,0.1388
1416,78,1494,0.1388
1408,78,1486,0.1388
1411,80,1491,0.1388
1404,81,1485,0.1388
1408,82,1490,0.1388
1406,82,1488,0.1388
1405,83,1488,0.1388
1402,80,1482,0.1388
1409,79,1488,0.1388
1405,79,1484,0.1388
1397,80,1477,0.1388
1391,82,1473,0.1388
1384,82,1466,0.1388
1398,82,1480,0.1388
1411,81,1492,0.1388
1399,83,1482,0.1388
1394,84,1478,0.1388
1403,84,1487,0.1388
1410,81,1491,0.1388
1409,82,1491,0.1388
1408,83,1491,0.1388
1401,85,1486,0.1388
1413,84,1497,0.1388
1419,88,1507,0.1388
1409,85,1494,0.1388
1402,88,1490,0.1388
1398,86,1484,0.1388
1408,86,1494,0.1388
1404,86,1490,0.1388
1411,87,1498,0.1388
1402,85,1487,0.1388
1409,86,1495,0.1388
1415,90,1505,0.1388
1412,89,1501,0.1388
1412,89,1501,0.1388
1408,96,1504,0.1388
1403,91,1494,0.1388
1394,90,1484,0.1388
1405,93,1498,0.1388
1405,95,1500,0.1388
1398,97,1495,0.1388
1392,98,1490,0.1388
1407,96,1503,0.1388
1407,95,1502,0.1388
1398,93,1491,0.1388
1407,93,1500,0.1388
1410,92,1502,0.1388
1398,93,1491,0.1388
1399,94,1493,0.1388
1404,94,1498,0.1388
1403,95,1498,0.1388
1410,95,1505,0.1388
1423,90,1513,0.1388
1412,91,1503,0.1388
1408,89,1497,0.1388
1404,86,1490,0.1388
1419,89,1508,0.1388
1398,92,1490,0.1388
1399,87,1486,0.1388
1409,84,1493,0.1388
1408,87,1495,0.1388
1403,84,1487,0.1388
1391,84,1475,0.1388
1394,86,1480,0.1388
1408,87,1495,0.1388
1393,88,1481,0.1388
1392,89,1481,0.1388
1392,92,1484,0.1388
1384,92,1476,0.1388
1381,94,1475,0.1388
1388,99,1487,0.1388
1388,100,1488,0.1388
1402,100,1502,0.1388
1389,102,1491,0.1388
1389,97,1486,0.1388
1387,98,1485,0.1388
1394,100,1494,0.1388
1407,101,1508,0.1388
1400,105,1505,0.1388
1401,105,1506,0.1388
1383,108,1491,0.1388
1385,109,1494,0.1388
1382,115,1497,0.1388
1379,115,1494,0.1388
1388,115,1503,0.1388
1396,115,1511,0.1388
1381,116,1497,0.1388
1378,117,1495,0.1388
1372,116,1488,0.1388
1362,117,1479,0.1388
1361,120,1481,0.1388
1367,115,1482,0.1388
1363,115,1478,0.1388
1371,119,1490,0.1388
1381,121,1502,0.1388
1385,122,1507,0.1388
1383,123,1506,0.1388
1381,132,1513,0.1388
1375,134,1509,0.1388
1364,136,1500,0.1388
1347,137,1484,0.1388
1341,133,1474,0.1388
1359,136,1495,0.1388
1353,135,1488,0.1388
1363,133,1496,0.1388
1366,131,1497,0.1388
1364,130,1494,0.1388
1355,130,1485,0.1388
1359,130,1489,0.1388
1357,129,1486,0.1388
1359,127,1486,0.1388
1365,127,1492,0.1388
1369,124,1493,0.1388
1365,126,1491,0.1388
1359,130,1489,0.1388
1350,130,1480,0.1388
1347,133,1480,0.1388
1348,131,1479,0.1388
1355,131,1486,0.1388
1369,136,1505,0.1388
1364,133,1497,0.1388
1344,131,1475,0.1388
1351,131,1482,0.1388
1363,132,1495,0.1388
1351,138,1489,0.1388
1354,135,1489,0.1388
1355,139,1494,0.1388
1364,140,1504,0.1388
1349,143,1492,0.1388
1354,144,1498,0.1388
1343,141,1484,0.1388
1342,141,1483,0.1388
1355,143,1498,0.1388
1360,141,1501,0.1388
1347,143,1490,0.1388
1353,142,1495,0.1388
1358,144,1502,0.1388
1334,146,1480,0.1388
1318,146,1464,0.1388
1332,145,1477,0.1388
1347,155,1502,0.1388
1346,153,1499,0.1388
1341,147,1488,0.1388
1326,152,1478,0.1388
1326,155,1481,0.1388
1323,157,1480,0.1388
1319,156,1475,0.1388
1316,157,1473,0.1388
1329,161,1490,0.1388
1324,160,1484,0.1388
1314,154,1468,0.1388
1331,158,1489,0.1388
1324,160,1484,0.1388
1309,163,1472,0.1388
1312,167,1479,0.1388
1320,173,1493,0.1388
1312,171,1483,0.1388
1304,172,1476,0.1388
1310,169,1479,0.1388
1312,167,1479,0.1388
1320,163,1483,0.1388
1332,169,1501,0.1388
1331,170,1501,0.1388
1325,171,1496,0.1388
1326,170,1496,0.1388
1327,168,1495,0.1388
1334,173,1507,0.1388
1347,170,1517,0.1388
1351,168,1519,0.1388
1334,178,1512,0.1388
1324,176,1500,0.1388
1319,175,1494,0.1388
1317,182,1499,0.1388
1321,177,1498,0.1388
1334,178,1512,0.1388
1325,183,1508,0.1388
1332,182,1514,0.1388
1319,183,1502,0.1388
1310,177,1487,0.1388
1320,177,1497,0.1388
1328,173,1501,0.1388
1321,174,1495,0.1388
1315,172,1487,0.1388
1320,176,1496,0.1388
1311,185,1496,0.1388
1306,185,1491,0.1388
1310,180,1490,0.1388
1311,176,1487,0.1388
1311,177,1488,0.1388
1307,178,1485,0.1388
1312,184,1496,0.1388
1311,188,1499,0.1388
1309,191,1500,0.1388
1316,193,1509,0.1388
1310,189,1499,0.1388
1299,193,1492,0.1388
1297,196,1493,0.1388
1294,201,1495,0.1388
1305,198,1503,0.1388
1294,201,1495,0.1388
1287,206,1493,0.1388
1294,205,1499,0.1388
1285,201,1486,0.1388
1290,198,1488,0.1388
1270,199,1469,0.1388
1275,203,1478,0.1388
1279,205,1484,0.1388
1286,211,1497,0.1388
1292,209,1501,0.1388
1280,205,1485,0.1388
1277,208,1485,0.1388
1282,210,1492,0.1388
1275,213,1488,0.1388
1287,224,1511,0.1388
1287,226,1513,0.1388
1288,219,1507,0.1388
1291,218,1509,0.1388
1295,215,1510,0.1388
1287,212,1499,0.1388
1279,217,1496,0.1388
1268,221,1489,0.1388
1270,219,1489,0.1388
1287,220,1507,0.1388
1272,221,1493,0.1388
1266,219,1485,0.1388
1261,217,1478,0.1388
1248,218,1466,0.1388
1254,219,1473,0.1388
1262,226,1488,0.1388
1262,225,1487,0.1388
1253,226,1479,0.1388
1249,232,1481,0.1388
1247,229,1476,0.1388
1255,235,1490,0.1388
1255,236,1491,0.1388
1260,238,1498,0.1388
1252,237,1489,0.1388
1258,243,1501,0.1388
1258,246,1504,0.1388
1240,245,1485,0.1388
1244,244,1488,0.1388
1256,244,1500,0.1388
1250,242,1492,0.1388
1239,242,1481,0.1388
1234,247,1481,0.1388
1233,252,1485,0.1388
1227,259,1486,0.1388
1229,259,1488,0.1388
1229,264,1493,0.1388
1226,267,1493,0.1388
1226,270,1496,0.1388
1220,273,1493,0.1388
1221,269,1490,0.1388
1220,280,1500,0.1388
1211,283,1494,0.1388
1221,286,1507,0.1388
1196,285,1481,0.1388
1191,279,1470,0.1388
1201,283,1484,0.1388
1205,288,1493,0.1388
1201,294,1495,0.1388
1211,298,1509,0.1388
1227,293,1520,0.1388
1212,289,1501,0.1388
1211,291,1502,0.1388
1220,290,1510,0.1388
1222,280,1502,0.1388
1227,275,1502,0.1388
1219,281,1500,0.1388
1217,279,1496,0.1388
1213,276,1489,0.1388
1210,277,1487,0.1388
1211,274,1485,0.1388
1204,273,1477,0.1388
1205,277,1482,0.1388
1210,278,1488,0.1388
1202,280,1482,0.1388
1216,278,1494,0.1388
1206,284,1490,0.1388
1208,288,1496,0.1388
1218,288,1506,0.1388
1227,286,1513,0.1388
1221,283,1504,0.1388
1224,283,1507,0.1388
1219,282,1501,0.1388
1212,283,1495,0.1388
1214,282,1496,0.1388
1201,285,1486,0.1388
1194,291,1485,0.1388
1200,294,1494,0.1388
1198,293,1491,0.1388
1202,300,1502,0.1388
1194,301,1495,0.1388
1206,302,1508,0.1388
1205,294,1499,0.1388
1207,292,1499,0.1388
1206,291,1497,0.1388
1205,289,1494,0.1388
1204,297,1501,0.1388
1201,296,1497,0.1388
1203,295,1498,0.1388
1198,297,1495,0.1388
1200,296,1496,0.1388
1200,297,1497,0.1388
1203,299,1502,0.1388
1204,298,1502,0.1388
1201,299,1500,0.1388
1203,299,1502,0.1388
1198,297,1495,0.1388
1183,292,1475,0.1388
1176,295,1471,0.1388
1170,303,1473,0.1388
1175,302,1477,0.1388
1182,301,1483,0.1388
1199,309,1508,0.1388
1203,315,1518,0.1388
1202,313,1515,0.1388
1205,311,1516,0.1388
1211,313,1524,0.1388
1197,314,1511,0.1388
1193,308,1501,0.1388
1186,310,1496,0.1388
1187,312,1499,0.1388
1192,313,1505,0.1388
1204,312,1516,0.1388
1212,308,1520,0.1388
1211,310,1521,0.1388
1211,304,1515,0.1388
1198,306,1504,0.1388
1188,303,1491,0.1388
1192,306,1498,0.1388
1199,307,1506,0.1388
1193,305,1498,0.1388
1189,305,1494,0.1388
1191,312,1503,0.1388
1171,311,1482,0.1388
1169,314,1483,0.1388
1184,322,1506,0.1388
1186,318,1504,0.1388
1177,316,1493,0.1388
1176,316,1492,0.1388
1191,312,1503,0.1388
1204,312,1516,0.1388
1194,313,1507,0.1388
1191,316,1507,0.1388
1199,312,1511,0.1388
1202,312,1514,0.1388
1187,311,1498,0.1388
1189,310,1499,0.1388
1187,308,1495,0.1388
1179,306,1485,0.1388
1174,309,1483,0.1388
1178,317,1495,0.1388
1184,313,1497,0.1388
1181,309,1490,0.1388
1176,312,1488,0.1388
1175,311,1486,0.1388
1160,316,1476,0.1388
1168,315,1483,0.1388
1171,317,1488,0.1388
1165,319,1484,0.1388
1168,330,1498,0.1388
1172,336,1508,0.1388
1177,333,1510,0.1388
1171,332,1503,0.1388
1160,334,1494,0.1388
1158,342,1500,0.1388
1144,344,1488,0.1388
1140,342,1482,0.1388
1139,341,1480,0.1388
1151,355,1506,0.1388
1141,344,1485,0.1388
1134,347,1481,0.1388
1137,352,1489,0.1388
1143,354,1497,0.1388
1137,359,1496,0.1388
1131,364,1495,0.1388
1119,370,1489,0.1388
1115,379,1494,0.1388
1119,380,1499,0.1388
1133,377,1510,0.1388
1128,380,1508,0.1388
1122,382,1504,0.1388
1115,380,1495,0.1388
1121,383,1504,0.1388
1112,387,1499,0.1388
1104,389,1493,0.1388
1107,395,1502,0.1388
1096,399,1495,0.1388
1091,406,1497,0.1388
1089,408,1497,0.1388
1075,409,1484,0.1388
1082,407,1489,0.1388
1082,411,1493,0.1388
1075,415,1490,0.1388
1074,408,1482,0.1388
1084,414,1498,0.1388
1086,416,1502,0.1388
1081,419,1500,0.1388
1088,416,1504,0.1388
1080,414,1494,0.1388
1074,414,1488,0.1388
1056,414,1470,0.1388
1057,421,1478,0.1388
1061,423,1484,0.1388
1072,425,1497,0.1388
1066,426,1492,0.1388
1069,430,1499,0.1388
1069,424,1493,0.1388
1065,419,1484,0.1388
1065,420,1485,0.1388
1078,417,1495,0.1388
1081,427,1508,0.1388
1075,423,1498,0.1388
1070,430,1500,0.1388
1061,425,1486,0.1388
1063,435,1498,0.1388
1059,430,1489,0.1388
1082,428,1510,0.1388
1074,423,1497,0.1388
1079,418,1497,0.1388
1074,418,1492,0.1388
1074,421,1495,0.1388
1072,415,1487,0.1388
1071,416,1487,0.1388
1076,419,1495,0.1388
1082,407,1489,0.1388
1097,407,1504,0.1388
1089,404,1493,0.1388
1104,410,1514,0.1388
1102,413,1515,0.1388
1088,414,1502,0.1388
1085,409,1494,0.1388
1085,413,1498,0.1388
1084,413,1497,0.1388
1079,412,1491,0.1388
1078,419,1497,0.1388
1077,424,1501,0.1388
1063,421,1484,0.1388
1065,433,1498,0.1388
1058,434,1492,0.1388
1061,439,1500,0.1388
1046,437,1483,0.1388
1059,435,1494,0.1388
1066,428,1494,0.1388
1073,425,1498,0.1388
1071,429,1500,0.1388
1079,423,1502,0.1388
1069,426,1495,0.1388
1072,435,1507,0.1388
1062,436,1498,0.1388
1058,441,1499,0.1388
1054,432,1486,0.1388
1059,440,1499,0.1388
1058,441,1499,0.1388
1052,443,1495,0.1388
1058,448,1506,0.1388
1066,447,1513,0.1388
1064,448,1512,0.1388
1044,441,1485,0.1388
1047,449,1496,0.1388
1039,452,1491,0.1388
1038,456,1494,0.1388
1035,458,1493,0.1388
1039,458,1497,0.1388
1048,465,1513,0.1388
1047,454,1501,0.1388
1035,457,1492,0.1388
1031,464,1495,0.1388
1042,456,1498,0.1388
1034,460,1494,0.1388
1037,462,1499,0.1388
1030,467,1497,0.1388
1029,474,1503,0.1388
1029,472,1501,0.1388
1032,472,1504,0.1388
1034,463,1497,0.1388
1033,462,1495,0.1388
1031,472,1503,0.1388
1026,474,1500,0.1388
1033,478,1511,0.1388
1042,471,1513,0.1388
1041,469,1510,0.1388
1049,466,1515,0.1388
1052,463,1515,0.1388
1043,466,1509,0.1388
1033,462,1495,0.1388
1038,462,1500,0.1388
1031,471,1502,0.1388
1028,462,1490,0.1388
1035,459,1494,0.1388
1048,463,1511,0.1388
1048,464,1512,0.1388
1045,461,1506,0.1388
1037,463,1500,0.1388
1040,465,1505,0.1388
1019,466,1485,0.1388
1033,467,1500,0.1388
1029,473,1502,0.1388
1033,471,1504,0.1388
1027,477,1504,0.1388
1019,484,1503,0.1388
1015,484,1499,0.1388
1023,478,1501,0.1388
1032,477,1509,0.1388
1021,480,1501,0.1388
1021,473,1494,0.1388
1005,478,1483,0.1388
1007,481,1488,0.1388
1002,490,1492,0.1388
998,493,1491,0.1388
1001,494,1495,0.1388
1009,496,1505,0.1388
1004,502,1506,0.1388
1001,493,1494,0.1388
996,491,1487,0.1388
988,498,1486,0.1388
983,499,1482,0.1388
993,504,1497,0.1388
992,501,1493,0.1388
995,497,1492,0.1388
991,500,1491,0.1388
990,503,1493,0.1388
997,497,1494,0.1388
991,498,1489,0.1388
995,494,1489,0.1388
1005,496,1501,0.1388
1000,495,1495,0.1388
998,498,1496,0.1388
1007,493,1500,0.1388
989,497,1486,0.1388
981,496,1477,0.1388
993,499,1492,0.1388
991,499,1490,0.1388
985,505,1490,0.1388
983,505,1488,0.1388
977,506,1483,0.1388
977,513,1490,0.1388
978,513,1491,0.1388
987,510,1497,0.1388
987,510,1497,0.1388
984,514,1498,0.1388
987,518,1505,0.1388
986,514,1500,0.1388
990,512,1502,0.1388
994,514,1508,0.1388
997,515,1512,0.1388
1003,514,1517,0.1388
1016,510,1526,0.1388
1004,509,1513,0.1388
999,508,1507,0.1388
996,503,1499,0.1388
984,507,1491,0.1388
997,513,1510,0.1388
986,508,1494,0.1388
993,514,1507,0.1388
993,517,1510,0.1388
987,511,1498,0.1388
993,521,1514,0.1388
983,512,1495,0.1388
972,516,1488,0.1388
963,525,1488,0.1388
971,530,1501,0.1388
988,530,1518,0.1388
979,530,1509,0.1388
966,528,1494,0.1388
969,536,1505,0.1388
972,530,1502,0.1388
976,531,1507,0.1388
953,523,1476,0.1388
956,532,1488,0.1388
958,536,1494,0.1388
959,546,1505,0.1388
951,553,1504,0.1388
948,560,1508,0.1388
948,559,1507,0.1388
943,544,1487,0.1388
951,547,1498,0.1388
951,553,1504,0.1388
941,546,1487,0.1388
950,545,1495,0.1388
952,547,1499,0.1388
943,554,1497,0.1388
938,562,1500,0.1388
943,565,1508,0.1388
940,569,1509,0.1388
932,562,1494,0.1388
927,557,1484,0.1388
926,563,1489,0.1388
930,558,1488,0.1388
921,560,1481,0.1388
927,553,1480,0.1388
927,553,1480,0.1388
928,555,1483,0.1388
925,556,1481,0.1388
924,561,1485,0.1388
924,562,1486,0.1388
921,568,1489,0.1388
941,569,1510,0.1388
940,571,1511,0.1388
939,576,1515,0.1388
940,578,1518,0.1388
923,576,1499,0.1388
922,581,1503,0.1388
931,583,1514,0.1388
928,586,1514,0.1388
932,576,1508,0.1388
928,574,1502,0.1388
928,579,1507,0.1388
929,579,1508,0.1388
928,580,1508,0.1388
925,583,1508,0.1388
921,586,1507,0.1388
918,586,1504,0.1388
920,591,1511,0.1388
912,597,1509,0.1388
914,593,1507,0.1388
912,586,1498,0.1388
906,594,1500,0.1388
914,594,1508,0.1388
920,592,1512,0.1388
915,591,1506,0.1388
916,600,1516,0.1388
916,595,1511,0.1388
907,599,1506,0.1388
906,589,1495,0.1388
915,586,1501,0.1388
919,584,1503,0.1388
898,598,1496,0.1388
894,600,1494,0.1388
900,590,1490,0.1388
886,586,1472,0.1388
898,595,1493,0.1388
904,598,1502,0.1388
894,597,1491,0.1388
897,599,1496,0.1388
897,590,1487,0.1388
905,590,1495,0.1388
907,595,1502,0.1388
917,599,1516,0.1388
917,593,1510,0.1388
910,597,1507,0.1388
901,591,1492,0.1388
896,598,1494,0.1388
905,605,1510,0.1388
905,599,1504,0.1388
899,602,1501,0.1388
897,608,1505,0.1388
898,611,1509,0.1388
889,610,1499,0.1388
892,612,1504,0.1388
887,602,1489,0.1388
889,610,1499,0.1388
884,618,1502,0.1388
874,622,1496,0.1388
871,626,1497,0.1388
861,624,1485,0.1388
866,636,1502,0.1388
872,637,1509,0.1388
862,633,1495,0.1388
857,633,1490,0.1388
867,627,1494,0.1388
869,628,1497,0.1388
872,628,1500,0.1388
870,629,1499,0.1388
852,633,1485,0.1388
853,645,1498,0.1388
855,645,1500,0.1388
854,651,1505,0.1388
852,643,1495,0.1388
848,647,1495,0.1388
851,648,1499,0.1388
853,652,1505,0.1388
854,645,1499,0.1388
860,650,1510,0.1388
855,656,1511,0.1388
853,658,1511,0.1388
851,656,1507,0.1388
853,658,1511,0.1388
848,660,1508,0.1388
835,675,1510,0.1388
829,676,1505,0.1388
834,686,1520,0.1388
835,677,1512,0.1388
837,670,1507,0.1388
835,665,1500,0.1388
825,675,1500,0.1388
832,668,1500,0.1388
835,671,1506,0.1388
825,671,1496,0.1388
816,677,1493,0.1388
831,676,1507,0.1388
831,685,1516,0.1388
826,680,1506,0.1388
825,672,1497,0.1388
824,681,1505,0.1388
820,685,1505,0.1388
823,680,1503,0.1388
820,685,1505,0.1388
814,671,1485,0.1388
823,670,1493,0.1388
831,677,1508,0.1388
825,681,1506,0.1388
821,677,1498,0.1388
814,694,1508,0.1388
819,697,1516,0.1388
818,695,1513,0.1388
817,696,1513,0.1388
814,699,1513,0.1388
820,704,1524,0.1388
821,695,1516,0.1388
812,690,1502,0.1388
815,702,1517,0.1388
811,703,1514,0.1388
804,702,1506,0.1388
799,706,1505,0.1388
804,707,1511,0.1388
798,707,1505,0.1388
808,709,1517,0.1388
811,705,1516,0.1388
807,703,1510,0.1388
810,709,1519,0.1388
809,715,1524,0.1388
802,713,1515,0.1388
787,715,1502,0.1388
781,727,1508,0.1388
782,726,1508,0.1388
782,723,1505,0.1388
784,716,1500,0.1388
784,726,1510,0.1388
777,727,1504,0.1388
777,723,1500,0.1388
777,718,1495,0.1388
782,714,1496,0.1388
792,710,1502,0.1388
777,716,1493,0.1388
771,724,1495,0.1388
772,730,1502,0.1388
772,731,1503,0.1388
768,720,1488,0.1388
760,715,1475,0.1388
768,714,1482,0.1388
773,724,1497,0.1388
783,733,1516,0.1388
777,726,1503,0.1388
779,728,1507,0.1388
773,735,1508,0.1388
772,732,1504,0.1388
778,740,1518,0.1388
775,743,1518,0.1388
774,746,1520,0.1388
774,739,1513,0.1388
778,733,1511,0.1388
767,732,1499,0.1388
761,741,1502,0.1388
773,735,1508,0.1388
764,738,1502,0.1388
755,734,1489,0.1388
750,732,1482,0.1388
744,738,1482,0.1388
747,741,1488,0.1388
742,756,1498,0.1388
740,752,1492,0.1388
732,763,1495,0.1388
726,767,1493,0.1388
725,761,1486,0.1388
733,760,1493,0.1388
738,764,1502,0.1388
737,775,1512,0.1388
739,780,1519,0.1388
737,772,1509,0.1388
736,776,1512,0.1388
719,772,1491,0.1388
720,766,1486,0.1388
721,763,1484,0.1388
730,757,1487,0.1388
729,770,1499,0.1388
728,774,1502,0.1388
729,784,1513,0.1388
735,773,1508,0.1388
740,764,1504,0.1388
728,763,1491,0.1388
727,765,1492,0.1388
726,759,1485,0.1388
723,767,1490,0.1388
725,771,1496,0.1388
725,759,1484,0.1388
734,776,1510,0.1388
737,776,1513,0.1388
734,771,1505,0.1388
732,774,1506,0.1388
732,781,1513,0.1388
725,785,1510,0.1388
728,794,1522,0.1388
721,798,1519,0.1388
725,787,1512,0.1388
736,788,1524,0.1388
733,787,1520,0.1388
720,784,1504,0.1388
714,776,1490,0.1388
710,779,1489,0.1388
713,791,1504,0.1388
706,791,1497,0.1388
712,797,1509,0.1388
716,795,1511,0.1388
723,788,1511,0.1388
723,783,1506,0.1388
721,791,1512,0.1388
716,798,1514,0.1388
718,799,1517,0.1388
714,804,1518,0.1388
712,807,1519,0.1388
713,805,1518,0.1388
711,800,1511,0.1388
710,795,1505,0.1388
714,794,1508,0.1388
703,802,1505,0.1388
718,789,1507,0.1388
715,796,1511,0.1388
718,802,1520,0.1388
712,794,1506,0.1388
710,788,1498,0.1388
711,797,1508,0.1388
725,794,1519,0.1388
719,784,1503,0.1388
713,793,1506,0.1388
699,795,1494,0.1388
701,790,1491,0.1388
707,787,1494,0.1388
706,790,1496,0.1388
706,800,1506,0.1388
704,811,1515,0.1388
700,810,1510,0.1388
692,807,1499,0.1388
689,811,1500,0.1388
692,803,1495,0.1388
690,801,1491,0.1388
698,803,1501,0.1388
695,808,1503,0.1388
695,810,1505,0.1388
697,815,1512,0.1388
692,816,1508,0.1388
693,805,1498,0.1388
692,811,1503,0.1388
692,817,1509,0.1388
688,815,1503,0.1388
689,810,1499,0.1388
687,808,1495,0.1388
689,801,1490,0.1388
685,816,1501,0.1388
694,815,1509,0.1388
700,815,1515,0.1388
691,823,1514,0.1388
684,819,1503,0.1388
681,817,1498,0.1388
678,829,1507,0.1388
686,831,1517,0.1388
686,824,1510,0.1388
690,830,1520,0.1388
684,825,1509,0.1388
687,816,1503,0.1388
691,816,1507,0.1388
688,820,1508,0.1388
688,828,1516,0.1388
691,828,1519,0.1388
686,834,1520,0.1388
685,832,1517,0.1388
674,838,1512,0.1388
665,831,1496,0.1388
666,842,1508,0.1388
666,839,1505,0.1388
667,841,1508,0.1388
659,846,1505,0.1388
667,845,1512,0.1388
658,854,1512,0.1388
653,858,1511,0.1388
653,861,1514,0.1388
642,867,1509,0.1388
640,862,1502,0.1388
643,862,1505,0.1388
647,863,1510,0.1388
641,870,1511,0.1388
645,867,1512,0.1388
641,866,1507,0.1388
634,868,1502,0.1388
634,873,1507,0.1388
635,873,1508,0.1388
623,880,1503,0.1388
625,885,1510,0.1388
631,887,1518,0.1388
628,887,1515,0.1388
629,877,1506,0.1388
636,874,1510,0.1388
634,883,1517,0.1388
639,880,1519,0.1388
641,876,1517,0.1388
635,875,1510,0.1388
637,883,1520,0.1388
635,882,1517,0.1388
639,883,1522,0.1388
633,890,1523,0.1388
621,896,1517,0.1388
613,903,1516,0.1388
611,900,1511,0.1388
609,903,1512,0.1388
606,907,1513,0.1388
607,903,1510,0.1388
606,895,1501,0.1388
606,901,1507,0.1388
606,902,1508,0.1388
602,911,1513,0.1388
605,893,1498,0.1388
612,893,1505,0.1388
613,895,1508,0.1388
600,896,1496,0.1388
603,910,1513,0.1388
594,917,1511,0.1388
598,930,1528,0.1388
582,925,1507,0.1388
593,915,1508,0.1388
594,923,1517,0.1388
589,919,1508,0.1388
577,917,1494,0.1388
569,920,1489,0.1388
580,923,1503,0.1388
586,918,1504,0.1388
583,916,1499,0.1388
587,924,1511,0.1388
582,930,1512,0.1388
572,928,1500,0.1388
570,931,1501,0.1388
567,914,1481,0.1388
571,932,1503,0.1388
561,941,1502,0.1388
563,949,1512,0.1388
563,951,1514,0.1388
563,951,1514,0.1388
565,955,1520,0.1388
565,949,1514,0.1388
568,943,1511,0.1388
559,949,1508,0.1388
561,951,1512,0.1388
558,953,1511,0.1388
553,960,1513,0.1388
543,958,1501,0.1388
540,954,1494,0.1388
536,949,1485,0.1388
537,963,1500,0.1388
527,968,1495,0.1388
524,969,1493,0.1388
535,971,1506,0.1388
536,972,1508,0.1388
531,977,1508,0.1388
532,984,1516,0.1388
537,987,1524,0.1388
531,998,1529,0.1388
526,997,1523,0.1388
527,994,1521,0.1388
524,994,1518,0.1388
528,993,1521,0.1388
525,998,1523,0.1388
515,996,1511,0.1388
514,996,1510,0.1388
514,1005,1519,0.1388
509,995,1504,0.1388
503,992,1495,0.1388
496,1001,1497,0.1388
491,998,1489,0.1388
489,1016,1505,0.1388
491,1012,1503,0.1388
496,1014,1510,0.1388
498,1011,1509,0.1388
497,1021,1518,0.1388
492,1023,1515,0.1388
484,1028,1512,0.1388
498,1031,1529,0.1388
498,1025,1523,0.1388
496,1019,1515,0.1388
493,1016,1509,0.1388
498,1028,1526,0.1388
494,1032,1526,0.1388
496,1030,1526,0.1388
492,1031,1523,0.1388
491,1024,1515,0.1388
490,1034,1524,0.1388
483,1036,1519,0.1388
485,1034,1519,0.1388
485,1038,1523,0.1388
489,1019,1508,0.1388
487,1033,1520,0.1388
483,1038,1521,0.1388
486,1036,1522,0.1388
486,1033,1519,0.1388
478,1028,1506,0.1388
481,1034,1515,0.1388
480,1037,1517,0.1388
478,1037,1515,0.1388
481,1024,1505,0.1388
480,1013,1493,0.1388
475,1013,1488,0.1388
476,1026,1502,0.1388
471,1022,1493,0.1388
476,1032,1508,0.1388
474,1030,1504,0.1388
472,1035,1507,0.1388
470,1031,1501,0.1388
467,1042,1509,0.1388
470,1040,1510,0.1388
468,1045,1513,0.1388
463,1041,1504,0.1388
468,1035,1503,0.1388
466,1035,1501,0.1388
467,1032,1499,0.1388
467,1039,1506,0.1388
462,1033,1495,0.1388
464,1043,1507,0.1388
472,1050,1522,0.1388
473,1046,1519,0.1388
474,1050,1524,0.1388
471,1041,1512,0.1388
471,1039,1510,0.1388
470,1042,1512,0.1388
471,1042,1513,0.1388
471,1049,1520,0.1388
462,1057,1519,0.1388
457,1046,1503,0.1388
459,1043,1502,0.1388
457,1039,1496,0.1388
449,1051,1500,0.1388
450,1054,1504,0.1388
451,1039,1490,0.1388
456,1037,1493,0.1388
457,1043,1500,0.1388
454,1045,1499,0.1388
448,1056,1504,0.1388
448,1061,1509,0.1388
454,1051,1505,0.1388
450,1051,1501,0.1388
458,1056,1514,0.1388
457,1041,1498,0.1388
457,1054,1511,0.1388
453,1059,1512,0.1388
445,1064,1509,0.1388
439,1057,1496,0.1388
446,1063,1509,0.1388
440,1063,1503,0.1388
439,1058,1497,0.1388
435,1065,1500,0.1388
432,1067,1499,0.1388
436,1071,1507,0.1388
427,1063,1490,0.1388
426,1073,1499,0.1388
427,1078,1505,0.1388
424,1074,1498,0.1388
424,1085,1509,0.1388
424,1085,1509,0.1388
414,1078,1492,0.1388
412,1082,1494,0.1388
418,1089,1507,0.1388
415,1092,1507,0.1388
421,1090,1511,0.1388
422,1092,1514,0.1388
416,1097,1513,0.1388
422,1100,1522,0.1388
426,1103,1529,0.1388
428,1107,1535,0.1388
429,1102,1531,0.1388
423,1086,1509,0.1388
430,1088,1518,0.1388
422,1090,1512,0.1388
422,1093,1515,0.1388
422,1099,1521,0.1388
426,1104,1530,0.1388
418,1100,1518,0.1388
413,1100,1513,0.1388
416,1097,1513,0.1388
413,1105,1518,0.1388
411,1108,1519,0.1388
405,1088,1493,0.1388
400,1089,1489,0.1388
401,1094,1495,0.1388
402,1099,1501,0.1388
401,1090,1491,0.1388
402,1087,1489,0.1388
398,1090,1488,0.1388
402,1085,1487,0.1388
395,1094,1489,0.1388
392,1112,1504,0.1388
391,1106,1497,0.1388
393,1094,1487,0.1388
396,1097,1493,0.1388
401,1116,1517,0.1388
399,1111,1510,0.1388
392,1113,1505,0.1388
393,1121,1514,0.1388
395,1124,1519,0.1388
386,1125,1511,0.1388
383,1127,1510,0.1388
381,1130,1511,0.1388
387,1132,1519,0.1388
383,1133,1516,0.1388
381,1129,1510,0.1388
381,1134,1515,0.1388
382,1132,1514,0.1388
375,1129,1504,0.1388
377,1129,1506,0.1388
379,1132,1511,0.1388
375,1125,1500,0.1388
374,1143,1517,0.1388
365,1147,1512,0.1388
370,1151,1521,0.1388
363,1144,1507,0.1388
365,1134,1499,0.1388
360,1133,1493,0.1388
360,1131,1491,0.1388
366,1132,1498,0.1388
361,1148,1509,0.1388
359,1155,1514,0.1388
357,1155,1512,0.1388
361,1150,1511,0.1388
365,1156,1521,0.1388
360,1160,1520,0.1388
360,1162,1522,0.1388
352,1154,1506,0.1388
351,1155,1506,0.1388
355,1153,1508,0.1388
354,1148,1502,0.1388
355,1151,1506,0.1388
353,1145,1498,0.1388
348,1155,1503,0.1388
343,1153,1496,0.1388
337,1151,1488,0.1388
339,1168,1507,0.1388
339,1164,1503,0.1388
345,1166,1511,0.1388
341,1167,1508,0.1388
339,1163,1502,0.1388
338,1166,1504,0.1388
334,1166,1500,0.1388
343,1169,1512,0.1388
343,1169,1512,0.1388
338,1169,1507,0.1388
333,1184,1517,0.1388
335,1194,1529,0.1388
331,1185,1516,0.1388
323,1176,1499,0.1388
323,1190,1513,0.1388
323,1180,1503,0.1388
324,1191,1515,0.1388
319,1191,1510,0.1388
324,1191,1515,0.1388
325,1193,1518,0.1388
327,1191,1518,0.1388
322,1188,1510,0.1388
323,1193,1516,0.1388
321,1188,1509,0.1388
323,1190,1513,0.1388
321,1188,1509,0.1388
317,1190,1507,0.1388
313,1202,1515,0.1388
318,1206,1524,0.1388
322,1203,1525,0.1388
324,1194,1518,0.1388
321,1204,1525,0.1388
312,1219,1531,0.1388
313,1211,1524,0.1388
310,1210,1520,0.1388
309,1209,1518,0.1388
308,1214,1522,0.1388
308,1212,1520,0.1388
307,1207,1514,0.1388
295,1208,1503,0.1388
295,1192,1487,0.1388
297,1191,1488,0.1388
302,1210,1512,0.1388
302,1205,1507,0.1388
308,1200,1508,0.1388
304,1195,1499,0.1388
302,1202,1504,0.1388
298,1205,1503,0.1388
304,1198,1502,0.1388
303,1200,1503,0.1388
308,1210,1518,0.1388
315,1214,1529,0.1388
316,1217,1533,0.1388
315,1209,1524,0.1388
309,1210,1519,0.1388
311,1212,1523,0.1388
308,1227,1535,0.1388
302,1221,1523,0.1388
307,1220,1527,0.1388
309,1209,1518,0.1388
310,1206,1516,0.1388
303,1202,1505,0.1388
300,1209,1509,0.1388
304,1208,1512,0.1388
311,1204,1515,0.1388
312,1202,1514,0.1388
308,1208,1516,0.1388
303,1209,1512,0.1388
305,1209,1514,0.1388
298,1208,1506,0.1388
297,1202,1499,0.1388
299,1204,1503,0.1388
294,1214,1508,0.1388
293,1217,1510,0.1388
288,1212,1500,0.1388
293,1215,1508,0.1388
301,1208,1509,0.1388
304,1221,1525,0.1388
300,1217,1517,0.1388
300,1220,1520,0.1388
299,1220,1519,0.1388
296,1229,1525,0.1388
299,1229,1528,0.1388
302,1215,1517,0.1388
301,1214,1515,0.1388
304,1214,1518,0.1388
301,1218,1519,0.1388
303,1218,1521,0.1388
300,1224,1524,0.1388
294,1217,1511,0.1388
290,1223,1513,0.1388
285,1220,1505,0.1388
281,1230,1511,0.1388
286,1228,1514,0.1388
285,1243,1528,0.1388
279,1231,1510,0.1388
281,1240,1521,0.1388
279,1233,1512,0.1388
276,1238,1514,0.1388
276,1238,1514,0.1388
280,1227,1507,0.1388
280,1237,1517,0.1388
278,1242,1520,0.1388
273,1241,1514,0.1388
266,1239,1505,0.1388
260,1247,1507,0.1388
267,1242,1509,0.1388
265,1239,1504,0.1388
272,1257,1529,0.1388
269,1258,1527,0.1388
264,1263,1527,0.1388
270,1252,1522,0.1388
271,1248,1519,0.1388
270,1246,1516,0.1388
270,1240,1510,0.1388
268,1232,1500,0.1388
268,1248,1516,0.1388
268,1255,1523,0.1388
271,1257,1528,0.1388
275,1252,1527,0.1388
272,1244,1516,0.1388
267,1246,1513,0.1388
270,1241,1511,0.1388
273,1237,1510,0.1388
275,1240,1515,0.1388
273,1240,1513,0.1388
270,1233,1503,0.1388
272,1230,1502,0.1388
273,1239,1512,0.1388
268,1247,1515,0.1388
270,1238,1508,0.1388
272,1247,1519,0.1388
273,1237,1510,0.1388
271,1235,1506,0.1388
270,1242,1512,0.1388
271,1233,1504,0.1388
269,1237,1506,0.1388
268,1239,1507,0.1388
263,1242,1505,0.1388
262,1243,1505,0.1388
264,1241,1505,0.1388
267,1244,1511,0.1388
266,1250,1516,0.1388
266,1240,1506,0.1388
261,1254,1515,0.1388
263,1248,1511,0.1388
257,1241,1498,0.1388
265,1244,1509,0.1388
266,1254,1520,0.1388
266,1249,1515,0.1388
262,1250,1512,0.1388
258,1253,1511,0.1388
262,1256,1518,0.1388
262,1253,1515,0.1388
263,1253,1516,0.1388
261,1252,1513,0.1388
254,1253,1507,0.1388
253,1250,1503,0.1388
251,1269,1520,0.1388
253,1268,1521,0.1388
259,1265,1524,0.1388
262,1255,1517,0.1388
258,1265,1523,0.1388
258,1263,1521,0.1388
261,1247,1508,0.1388
261,1247,1508,0.1388
259,1248,1507,0.1388
259,1242,1501,0.1388
265,1258,1523,0.1388
258,1255,1513,0.1388
255,1257,1512,0.1388
256,1261,1517,0.1388
253,1260,1513,0.1388
253,1261,1514,0.1388
252,1259,1511,0.1388
250,1248,1498,0.1388
254,1248,1502,0.1388
248,1238,1486,0.1388
247,1261,1508,0.1388
250,1261,1511,0.1388
250,1267,1517,0.1388
252,1263,1515,0.1388
248,1264,1512,0.1388
247,1264,1511,0.1388
247,1253,1500,0.1388
244,1264,1508,0.1388
246,1275,1521,0.1388
248,1266,1514,0.1388
249,1274,1523,0.1388
246,1263,1509,0.1388
250,1261,1511,0.1388
249,1258,1507,0.1388
248,1263,1511,0.1388
245,1258,1503,0.1388
240,1261,1501,0.1388
242,1278,1520,0.1388
241,1267,1508,0.1388
240,1274,1514,0.1388
236,1268,1504,0.1388
235,1275,1510,0.1388
230,1281,1511,0.1388
233,1282,1515,0.1388
233,1277,1510,0.1388
233,1271,1504,0.1388
229,1271,1500,0.1388
232,1290,1522,0.1388
228,1297,1525,0.1388
228,1286,1514,0.1388
229,1278,1507,0.1388
225,1279,1504,0.1388
224,1305,1529,0.1388
221,1295,1516,0.1388
224,1301,1525,0.1388
224,1310,1534,0.1388
221,1304,1525,0.1388
221,1308,1529,0.1388
221,1309,1530,0.1388
223,1295,1518,0.1388
218,1291,1509,0.1388
224,1286,1510,0.1388
224,1286,1510,0.1388
216,1295,1511,0.1388
221,1300,1521,0.1388
223,1301,1524,0.1388
217,1301,1518,0.1388
215,1304,1519,0.1388
221,1294,1515,0.1388
222,1287,1509,0.1388
220,1296,1516,0.1388
211,1287,1498,0.1388
213,1287,1500,0.1388
211,1295,1506,0.1388
204,1298,1502,0.1388
204,1293,1497,0.1388
201,1290,1491,0.1388
203,1292,1495,0.1388
203,1297,1500,0.1388
205,1303,1508,0.1388
205,1315,1520,0.1388
204,1308,1512,0.1388
207,1302,1509,0.1388
208,1313,1521,0.1388
206,1316,1522,0.1388
201,1307,1508,0.1388
197,1315,1512,0.1388
197,1324,1521,0.1388
202,1324,1526,0.1388
200,1323,1523,0.1388
205,1320,1525,0.1388
208,1316,1524,0.1388
201,1299,1500,0.1388
206,1295,1501,0.1388
203,1294,1497,0.1388
201,1304,1505,0.1388
201,1301,1502,0.1388
206,1302,1508,0.1388
207,1312,1519,0.1388
206,1305,1511,0.1388
200,1301,1501,0.1388
202,1303,1505,0.1388
194,1301,1495,0.1388
199,1299,1498,0.1388
202,1297,1499,0.1388
202,1309,1511,0.1388
204,1298,1502,0.1388
201,1322,1523,0.1388
198,1311,1509,0.1388
200,1322,1522,0.1388
200,1311,1511,0.1388
203,1325,1528,0.1388
198,1325,1523,0.1388
190,1326,1516,0.1388
188,1319,1507,0.1388
194,1318,1512,0.1388
197,1321,1518,0.1388
199,1316,1515,0.1388
203,1322,1525,0.1388
202,1320,1522,0.1388
201,1323,1524,0.1388
201,1310,1511,0.1388
197,1313,1510,0.1388
200,1319,1519,0.1388
199,1310,1509,0.1388
196,1320,1516,0.1388
195,1330,1525,0.1388
198,1316,1514,0.1388
195,1320,1515,0.1388
195,1313,1508,0.1388
194,1306,1500,0.1388
196,1320,1516,0.1388
191,1323,1514,0.1388
191,1330,1521,0.1388
188,1326,1514,0.1388
189,1319,1508,0.1388
188,1311,1499,0.1388
186,1313,1499,0.1388
182,1315,1497,0.1388
188,1314,1502,0.1388
189,1328,1517,0.1388
192,1309,1501,0.1388
186,1317,1503,0.1388
191,1315,1506,0.1388
186,1328,1514,0.1388
187,1324,1511,0.1388
185,1338,1523,0.1388
186,1333,1519,0.1388
193,1339,1532,0.1388
189,1338,1527,0.1388
187,1332,1519,0.1388
186,1330,1516,0.1388
188,1326,1514,0.1388
186,1334,1520,0.1388
184,1339,1523,0.1388
183,1331,1514,0.1388
186,1332,1518,0.1388
184,1333,1517,0.1388
184,1342,1526,0.1388
182,1338,1520,0.1388
185,1337,1522,0.1388
182,1333,1515,0.1388
182,1320,1502,0.1388
182,1330,1512,0.1388
184,1343,1527,0.1388
182,1339,1521,0.1388
178,1347,1525,0.1388
179,1349,1528,0.1388
176,1351,1527,0.1388
173,1349,1522,0.1388
173,1352,1525,0.1388
177,1350,1527,0.1388
178,1340,1518,0.1388
176,1348,1524,0.1388
174,1346,1520,0.1388
172,1329,1501,0.1388
179,1340,1519,0.1388
180,1345,1525,0.1388
180,1345,1525,0.1388
180,1331,1511,0.1388
181,1342,1523,0.1388
177,1351,1528,0.1388
171,1345,1516,0.1388
174,1339,1513,0.1388
175,1342,1517,0.1388
176,1342,1518,0.1388
178,1339,1517,0.1388
174,1343,1517,0.1388
172,1345,1517,0.1388
173,1345,1518,0.1388
173,1349,1522,0.1388
172,1350,1522,0.1388
165,1348,1513,0.1388
166,1335,1501,0.1388
165,1338,1503,0.1388
166,1348,1514,0.1388
168,1347,1515,0.1388
169,1352,1521,0.1388
170,1352,1522,0.1388
172,1351,1523,0.1388
168,1364,1532,0.1388
166,1362,1528,0.1388
163,1359,1522,0.1388
165,1357,1522,0.1388
161,1362,1523,0.1388
156,1362,1518,0.1388
158,1356,1514,0.1388
156,1360,1516,0.1388
154,1353,1507,0.1388
154,1370,1524,0.1388
151,1375,1526,0.1388
152,1362,1514,0.1388
153,1365,1518,0.1388
152,1364,1516,0.1388
154,1358,1512,0.1388
152,1357,1509,0.1388
152,1356,1508,0.1388
154,1349,1503,0.1388
152,1349,1501,0.1388
152,1344,1496,0.1388
154,1340,1494,0.1388
154,1358,1512,0.1388
158,1359,1517,0.1388
153,1368,1521,0.1388
155,1363,1518,0.1388
154,1353,1507,0.1388
155,1353,1508,0.1388
154,1349,1503,0.1388
156,1354,1510,0.1388
156,1353,1509,0.1388
150,1365,1515,0.1388
151,1366,1517,0.1388
148,1371,1519,0.1388
148,1375,1523,0.1388
146,1362,1508,0.1388
144,1361,1505,0.1388
147,1361,1508,0.1388
144,1368,1512,0.1388
141,1368,1509,0.1388
137,1357,1494,0.1388
143,1369,1512,0.1388
141,1357,1498,0.1388
139,1354,1493,0.1388
140,1356,1496,0.1388
145,1362,1507,0.1388
147,1371,1518,0.1388
147,1372,1519,0.1388
147,1372,1519,0.1388
147,1365,1512,0.1388
146,1372,1518,0.1388
145,1381,1526,0.1388
142,1375,1517,0.1388
143,1371,1514,0.1388
145,1369,1514,0.1388
142,1365,1507,0.1388
143,1366,1509,0.1388
143,1375,1518,0.1388
140,1371,1511,0.1388
143,1372,1515,0.1388
141,1375,1516,0.1388
142,1378,1520,0.1388
149,1387,1536,0.1388
144,1390,1534,0.1388
144,1387,1531,0.1388
142,1379,1521,0.1388
142,1364,1506,0.1388
141,1359,1500,0.1388
138,1356,1494,0.1388
137,1357,1494,0.1388
134,1379,1513,0.1388
133,1383,1516,0.1388
132,1381,1513,0.1388
132,1381,1513,0.1388
134,1380,1514,0.1388
131,1383,1514,0.1388
130,1382,1512,0.1388
129,1382,1511,0.1388
131,1387,1518,0.1388
130,1399,1529,0.1388
129,1391,1520,0.1388
131,1402,1533,0.1388
134,1391,1525,0.1388
128,1388,1516,0.1388
126,1397,1523,0.1388
130,1380,1510,0.1388
130,1380,1510,0.1388
132,1388,1520,0.1388
135,1385,1520,0.1388
130,1383,1513,0.1388
131,1374,1505,0.1388
131,1378,1509,0.1388
131,1389,1520,0.1388
129,1383,1512,0.1388
131,1384,1515,0.1388
135,1395,1530,0.1388
136,1391,1527,0.1388
132,1389,1521,0.1388
131,1387,1518,0.1388
130,1380,1510,0.1388
128,1378,1506,0.1388
131,1384,1515,0.1388
128,1388,1516,0.1388
130,1387,1517,0.1388
132,1389,1521,0.1388
134,1381,1515,0.1388
131,1374,1505,0.1388
131,1369,1500,0.1388
132,1386,1518,0.1388
130,1383,1513,0.1388
130,1378,1508,0.1388
130,1377,1507,0.1388
130,1382,1512,0.1388
128,1376,1504,0.1388
129,1396,1525,0.1388
127,1384,1511,0.1388
127,1383,1510,0.1388
125,1387,1512,0.1388
126,1383,1509,0.1388
126,1382,1508,0.1388
125,1368,1493,0.1388
124,1381,1505,0.1388
127,1394,1521,0.1388
123,1393,1516,0.1388
122,1391,1513,0.1388
124,1394,1518,0.1388
125,1393,1518,0.1388
129,1396,1525,0.1388
123,1395,1518,0.1388
125,1402,1527,0.1388
124,1400,1524,0.1388
125,1391,1516,0.1388
122,1394,1516,0.1388
123,1382,1505,0.1388
123,1377,1500,0.1388
126,1384,1510,0.1388
123,1396,1519,0.1388
123,1396,1519,0.1388
120,1397,1517,0.1388
118,1396,1514,0.1388
119,1386,1505,0.1388
120,1388,1508,0.1388
119,1381,1500,0.1388
116,1379,1495,0.1388
119,1379,1498,0.1388
122,1387,1509,0.1388
122,1395,1517,0.1388
123,1391,1514,0.1388
124,1381,1505,0.1388
126,1387,1513,0.1388
126,1383,1509,0.1388
122,1387,1509,0.1388
122,1392,1514,0.1388
124,1400,1524,0.1388
119,1408,1527,0.1388
122,1392,1514,0.1388
122,1401,1523,0.1388
115,1391,1506,0.1388
115,1399,1514,0.1388
118,1405,1523,0.1388
114,1403,1517,0.1388
113,1400,1513,0.1388
119,1399,1518,0.1388
115,1401,1516,0.1388
118,1387,1505,0.1388
116,1396,1512,0.1388
115,1397,1512,0.1388
109,1376,1485,0.1388
110,1382,1492,0.1388
112,1381,1493,0.1388
112,1397,1509,0.1388
112,1396,1508,0.1388
113,1397,1510,0.1388
114,1397,1511,0.1388
116,1402,1518,0.1388
115,1417,1532,0.1388
111,1408,1519,0.1388
112,1417,1529,0.1388
111,1401,1512,0.1388
110,1399,1509,0.1388
114,1402,1516,0.1388
117,1401,1518,0.1388
115,1407,1522,0.1388
112,1406,1518,0.1388
114,1402,1516,0.1388
113,1399,1512,0.1388
114,1406,1520,0.1388
115,1404,1519,0.1388
116,1403,1519,0.1388
118,1412,1530,0.1388
115,1403,1518,0.1388
113,1410,1523,0.1388
114,1403,1517,0.1388
116,1406,1522,0.1388
113,1411,1524,0.1388
112,1416,1528,0.1388
114,1397,1511,0.1388
114,1393,1507,0.1388
114,1402,1516,0.1388
109,1385,1494,0.1388
108,1383,1491,0.1388
110,1395,1505,0.1388
110,1410,1520,0.1388
107,1413,1520,0.1388
107,1406,1513,0.1388
110,1399,1509,0.1388
112,1404,1516,0.1388
111,1401,1512,0.1388
111,1383,1494,0.1388
109,1395,1504,0.1388
106,1395,1501,0.1388
106,1421,1527,0.1388
103,1423,1526,0.1388
106,1417,1523,0.1388
107,1418,1525,0.1388
108,1413,1521,0.1388
108,1415,1523,0.1388
105,1411,1516,0.1388
105,1403,1508,0.1388
105,1390,1495,0.1388
105,1397,1502,0.1388
105,1401,1506,0.1388
103,1410,1513,0.1388
107,1424,1531,0.1388
107,1420,1527,0.1388
105,1417,1522,0.1388
110,1413,1523,0.1388
109,1411,1520,0.1388
105,1416,1521,0.1388
105,1408,1513,0.1388
107,1398,1505,0.1388
106,1388,1494,0.1388
103,1392,1495,0.1388
100,1399,1499,0.1388
97,1393,1490,0.1388
96,1407,1503,0.1388
97,1405,1502,0.1388
98,1402,1500,0.1388
98,1403,1501,0.1388
98,1403,1501,0.1388
95,1407,1502,0.1388
93,1413,1506,0.1388
95,1414,1509,0.1388
95,1425,1520,0.1388
96,1421,1517,0.1388
90,1427,1517,0.1388
95,1414,1509,0.1388
93,1400,1493,0.1388
92,1403,1495,0.1388
91,1405,1496,0.1388
88,1415,1503,0.1388
89,1416,1505,0.1388
87,1422,1509,0.1388
87,1416,1503,0.1388
89,1422,1511,0.1388
90,1425,1515,0.1388
88,1420,1508,0.1388
87,1419,1506,0.1388
88,1423,1511,0.1388
91,1426,1517,0.1388
90,1429,1519,0.1388
92,1430,1522,0.1388
90,1411,1501,0.1388
88,1419,1507,0.1388
89,1424,1513,0.1388
90,1431,1521,0.1388
90,1439,1529,0.1388
91,1433,1524,0.1388
90,1444,1534,0.1388
88,1442,1530,0.1388
87,1434,1521,0.1388
87,1437,1524,0.1388
88,1437,1525,0.1388
89,1428,1517,0.1388
85,1429,1514,0.1388
85,1434,1519,0.1388
86,1440,1526,0.1388
86,1454,1540,0.1388
85,1447,1532,0.1388
85,1451,1536,0.1388
86,1446,1532,0.1388
86,1440,1526,0.1388
88,1439,1527,0.1388
89,1438,1527,0.1388
87,1434,1521,0.1388
82,1431,1513,0.1388
79,1429,1508,0.1388
78,1427,1505,0.1388
82,1418,1500,0.1388
81,1416,1497,0.1388
80,1436,1516,0.1388
82,1445,1527,0.1388
81,1427,1508,0.1388
81,1425,1506,0.1388
84,1432,1516,0.1388
81,1431,1512,0.1388
80,1428,1508,0.1388
82,1427,1509,0.1388
76,1427,1503,0.1388
73,1442,1515,0.1388
75,1447,1522,0.1388
76,1454,1530,0.1388
79,1434,1513,0.1388
79,1420,1499,0.1388
80,1421,1501,0.1388
80,1434,1514,0.1388
79,1440,1519,0.1388
77,1429,1506,0.1388
75,1421,1496,0.1388
73,1443,1516,0.1388
77,1445,1522,0.1388
79,1437,1516,0.1388
78,1432,1510,0.1388
79,1434,1513,0.1388
80,1427,1507,0.1388
80,1431,1511,0.1388
79,1437,1516,0.1388
77,1436,1513,0.1388
77,1437,1514,0.1388
76,1445,1521,0.1388
76,1442,1518,0.1388
71,1447,1518,0.1388
70,1444,1514,0.1388
76,1441,1517,0.1388
77,1423,1500,0.1388
78,1447,1525,0.1388
80,1447,1527,0.1388
75,1439,1514,0.1388
74,1447,1521,0.1388
72,1441,1513,0.1388
71,1434,1505,0.1388
72,1446,1518,0.1388
75,1438,1513,0.1388
73,1436,1509,0.1388
71,1436,1507,0.1388
74,1433,1507,0.1388
75,1440,1515,0.1388
72,1451,1523,0.1388
71,1450,1521,0.1388
72,1446,1518,0.1388
72,1447,1519,0.1388
73,1433,1506,0.1388
73,1453,1526,0.1388
70,1450,1520,0.1388
72,1449,1521,0.1388
73,1443,1516,0.1388
71,1446,1517,0.1388
70,1451,1521,0.1388
69,1452,1521,0.1388
72,1468,1540,0.1388
71,1468,1539,0.1388
73,1454,1527,0.1388
72,1447,1519,0.1388
70,1449,1519,0.1388
70,1436,1506,0.1388
69,1436,1505,0.1388
68,1435,1503,0.1388
67,1438,1505,0.1388
68,1432,1500,0.1388
69,1435,1504,0.1388
70,1433,1503,0.1388
69,1433,1502,0.1388
70,1438,1508,0.1388
74,1443,1517,0.1388
74,1454,1528,0.1388
73,1451,1524,0.1388
75,1444,1519,0.1388
73,1448,1521,0.1388
72,1449,1521,0.1388
72,1440,1512,0.1388
73,1451,1524,0.1388
73,1442,1515,0.1388
72,1446,1518,0.1388
72,1449,1521,0.1388
73,1453,1526,0.1388
70,1458,1528,0.1388
68,1464,1532,0.1388
69,1460,1529,0.1388
69,1444,1513,0.1388
70,1441,1511,0.1388
67,1441,1508,0.1388
64,1442,1506,0.1388
65,1442,1507,0.1388
69,1455,1524,0.1388
67,1461,1528,0.1388
65,1460,1525,0.1388
66,1453,1519,0.1388
66,1446,1512,0.1388
65,1455,1520,0.1388
65,1461,1526,0.1388
66,1435,1501,0.1388
70,1436,1506,0.1388
69,1446,1515,0.1388
68,1443,1511,0.1388
68,1443,1511,0.1388
66,1446,1512,0.1388
66,1457,1523,0.1388
67,1451,1518,0.1388
69,1456,1525,0.1388
70,1451,1521,0.1388
68,1440,1508,0.1388
69,1432,1501,0.1388
70,1428,1498,0.1388
71,1433,1504,0.1388
71,1433,1504,0.1388
68,1436,1504,0.1388
68,1441,1509,0.1388
67,1449,1516,0.1388
67,1437,1504,0.1388
66,1450,1516,0.1388
67,1448,1515,0.1388
65,1458,1523,0.1388
65,1445,1510,0.1388
64,1450,1514,0.1388
64,1443,1507,0.1388
60,1439,1499,0.1388
61,1445,1506,0.1388
65,1450,1515,0.1388
64,1454,1518,0.1388
64,1447,1511,0.1388
65,1440,1505,0.1388
65,1434,1499,0.1388
64,1446,1510,0.1388
65,1440,1505,0.1388
63,1443,1506,0.1388
67,1436,1503,0.1388
66,1440,1506,0.1388
66,1435,1501,0.1388
71,1433,1504,0.1388
73,1450,1523,0.1388
71,1445,1516,0.1388
70,1456,1526,0.1388
71,1446,1517,0.1388
72,1439,1511,0.1388
72,1425,1497,0.1388
71,1430,1501,0.1388
75,1439,1514,0.1388
74,1442,1516,0.1388
73,1445,1518,0.1388
75,1435,1510,0.1388
73,1445,1518,0.1388
73,1449,1522,0.1388
75,1441,1516,0.1388
73,1443,1516,0.1388
73,1442,1515,0.1388
73,1442,1515,0.1388
74,1444,1518,0.1388
72,1455,1527,0.1388
72,1446,1518,0.1388
75,1446,1521,0.1388
73,1453,1526,0.1388
72,1456,1528,0.1388
73,1443,1516,0.1388
73,1454,1527,0.1388
72,1454,1526,0.1388
73,1455,1528,0.1388
73,1445,1518,0.1388
76,1443,1519,0.1388
74,1446,1520,0.1388
70,1453,1523,0.1388
72,1453,1525,0.1388
73,1449,1522,0.1388
71,1442,1513,0.1388
72,1438,1510,0.1388
71,1440,1511,0.1388
71,1437,1508,0.1388
70,1448,1518,0.1388
73,1446,1519,0.1388
73,1430,1503,0.1388
74,1435,1509,0.1388
74,1448,1522,0.1388
74,1448,1522,0.1388
72,1441,1513,0.1388
72,1441,1513,0.1388
75,1455,1530,0.1388
76,1442,1518,0.1388
77,1433,1510,0.1388
77,1441,1518,0.1388
79,1454,1533,0.1388
78,1435,1513,0.1388
77,1443,1520,0.1388
70,1430,1500,0.1388
71,1445,1516,0.1388
73,1449,1522,0.1388
74,1446,1520,0.1388
70,1450,1520,0.1388
69,1453,1522,0.1388
64,1453,1517,0.1388
64,1456,1520,0.1388
66,1447,1513,0.1388
66,1435,1501,0.1388
65,1438,1503,0.1388
66,1449,1515,0.1388
68,1464,1532,0.1388
67,1461,1528,0.1388
66,1454,1520,0.1388
66,1459,1525,0.1388
68,1460,1528,0.1388
68,1443,1511,0.1388
67,1457,1524,0.1388
66,1445,1511,0.1388
69,1440,1509,0.1388
68,1439,1507,0.1388
68,1425,1493,0.1388
71,1437,1508,0.1388
71,1444,1515,0.1388
70,1448,1518,0.1388
67,1444,1511,0.1388
63,1457,1520,0.1388
67,1458,1525,0.1388
64,1448,1512,0.1388
68,1435,1503,0.1388
70,1444,1514,0.1388
71,1442,1513,0.1388
67,1439,1506,0.1388
66,1444,1510,0.1388
64,1448,1512,0.1388
61,1453,1514,0.1388
57,1453,1510,0.1388
60,1455,1515,0.1388
59,1452,1511,0.1388
60,1450,1510,0.1388
62,1444,1506,0.1388
62,1454,1516,0.1388
63,1443,1506,0.1388
63,1447,1510,0.1388
64,1430,1494,0.1388
63,1439,1502,0.1388
61,1453,1514,0.1388
61,1451,1512,0.1388
61,1446,1507,0.1388
61,1447,1508,0.1388
65,1460,1525,0.1388
65,1461,1526,0.1388
64,1448,1512,0.1388
62,1445,1507,0.1388
63,1444,1507,0.1388
62,1442,1504,0.1388
63,1444,1507,0.1388
62,1455,1517,0.1388
63,1449,1512,0.1388
65,1459,1524,0.1388
62,1458,1520,0.1388
61,1478,1539,0.1388
59,1474,1533,0.1388
57,1475,1532,0.1388
57,1468,1525,0.1388
54,1461,1515,0.1388
53,1459,1512,0.1388
55,1454,1509,0.1388
55,1452,1507,0.1388
53,1470,1523,0.1388
53,1472,1525,0.1388
51,1469,1520,0.1388
53,1464,1517,0.1388
52,1464,1516,0.1388
51,1464,1515,0.1388
51,1457,1508,0.1388
53,1461,1514,0.1388
53,1467,1520,0.1388
50,1459,1509,0.1388
50,1470,1520,0.1388
47,1463,1510,0.1388
48,1454,1502,0.1388
49,1458,1507,0.1388
49,1463,1512,0.1388
49,1480,1529,0.1388
47,1465,1512,0.1388
47,1469,1516,0.1388
48,1459,1507,0.1388
49,1459,1508,0.1388
48,1461,1509,0.1388
48,1460,1508,0.1388
48,1459,1507,0.1388
50,1462,1512,0.1388
49,1467,1516,0.1388
48,1458,1506,0.1388
46,1457,1503,0.1388
45,1463,1508,0.1388
47,1472,1519,0.1388
47,1464,1511,0.1388
46,1470,1516,0.1388
46,1458,1504,0.1388
47,1458,1505,0.1388
42,1470,1512,0.1388
42,1463,1505,0.1388
44,1459,1503,0.1388
47,1477,1524,0.1388
46,1465,1511,0.1388
46,1459,1505,0.1388
46,1478,1524,0.1388
45,1480,1525,0.1388
45,1466,1511,0.1388
45,1458,1503,0.1388
43,1457,1500,0.1388
47,1457,1504,0.1388
47,1459,1506,0.1388
48,1466,1514,0.1388
48,1486,1534,0.1388
48,1481,1529,0.1388
47,1473,1520,0.1388
48,1465,1513,0.1388
47,1470,1517,0.1388
46,1463,1509,0.1388
45,1460,1505,0.1388
45,1457,1502,0.1388
46,1463,1509,0.1388
45,1459,1504,0.1388
46,1469,1515,0.1388
45,1472,1517,0.1388
44,1475,1519,0.1388
41,1466,1507,0.1388
42,1463,1505,0.1388
40,1463,1503,0.1388
41,1469,1510,0.1388
41,1473,1514,0.1388
41,1463,1504,0.1388
41,1467,1508,0.1388
40,1458,1498,0.1388
38,1465,1503,0.1388
38,1473,1511,0.1388
37,1473,1510,0.1388
36,1467,1503,0.1388
37,1474,1511,0.1388
37,1480,1517,0.1388
35,1478,1513,0.1388
35,1488,1523,0.1388
36,1479,1515,0.1388
35,1473,1508,0.1388
35,1478,1513,0.1388
33,1479,1512,0.1388
34,1478,1512,0.1388
33,1481,1514,0.1388
33,1480,1513,0.1388
32,1488,1520,0.1388
31,1471,1502,0.1388
31,1475,1506,0.1388
30,1477,1507,0.1388
32,1491,1523,0.1388
29,1486,1515,0.1388
31,1468,1499,0.1388
32,1485,1517,0.1388
34,1467,1501,0.1388
34,1462,1496,0.1388
33,1482,1515,0.1388
33,1478,1511,0.1388
34,1471,1505,0.1388
35,1481,1516,0.1388
35,1468,1503,0.1388
36,1480,1516,0.1388
36,1495,1531,0.1388
35,1488,1523,0.1388
36,1487,1523,0.1388
35,1491,1526,0.1388
32,1491,1523,0.1388
32,1496,1528,0.1388
32,1485,1517,0.1388
32,1477,1509,0.1388
34,1478,1512,0.1388
34,1477,1511,0.1388
34,1469,1503,0.1388
35,1477,1512,0.1388
35,1482,1517,0.1388
35,1478,1513,0.1388
36,1465,1501,0.1388
36,1477,1513,0.1388
37,1474,1511,0.1388
36,1471,1507,0.1388
36,1464,1500,0.1388
36,1469,1505,0.1388
37,1469,1506,0.1388
36,1472,1508,0.1388
37,1481,1518,0.1388
35,1493,1528,0.1388
33,1486,1519,0.1388
31,1485,1516,0.1388
31,1499,1530,0.1388
32,1488,1520,0.1388
32,1498,1530,0.1388
32,1485,1517,0.1388
33,1493,1526,0.1388
36,1494,1530,0.1388
34,1476,1510,0.1388
36,1473,1509,0.1388
38,1480,1518,0.1388
38,1479,1517,0.1388
37,1482,1519,0.1388
35,1485,1520,0.1388
35,1483,1518,0.1388
35,1475,1510,0.1388
35,1477,1512,0.1388
34,1480,1514,0.1388
33,1491,1524,0.1388
30,1486,1516,0.1388
31,1495,1526,0.1388
32,1501,1533,0.1388
34,1483,1517,0.1388
32,1475,1507,0.1388
32,1485,1517,0.1388
32,1489,1521,0.1388
31,1487,1518,0.1388
31,1494,1525,0.1388
33,1480,1513,0.1388
32,1470,1502,0.1388
32,1476,1508,0.1388
31,1486,1517,0.1388
30,1482,1512,0.1388
31,1486,1517,0.1388
31,1486,1517,0.1388
31,1478,1509,0.1388
31,1470,1501,0.1388
28,1476,1504,0.1388
28,1488,1516,0.1388
29,1482,1511,0.1388
29,1488,1517,0.1388
29,1493,1522,0.1388
29,1491,1520,0.1388
28,1491,1519,0.1388
29,1492,1521,0.1388
29,1485,1514,0.1388
28,1481,1509,0.1388
28,1479,1507,0.1388
26,1496,1522,0.1388
26,1505,1531,0.1388
24,1492,1516,0.1388
24,1497,1521,0.1388
24,1492,1516,0.1388
24,1501,1525,0.1388
24,1505,1529,0.1388
24,1503,1527,0.1388
24,1488,1512,0.1388
24,1497,1521,0.1388
23,1491,1514,0.1388
24,1485,1509,0.1388
24,1491,1515,0.1388
24,1488,1512,0.1388
23,1503,1526,0.1388
23,1493,1516,0.1388
23,1491,1514,0.1388
23,1488,1511,0.1388
23,1480,1503,0.1388
22,1478,1500,0.1388
24,1469,1493,0.1388
25,1461,1486,0.1388
25,1480,1505,0.1388
25,1491,1516,0.1388
24,1482,1506,0.1388
25,1489,1514,0.1388
25,1483,1508,0.1388
25,1481,1506,0.1388
25,1496,1521,0.1388
24,1489,1513,0.1388
21,1500,1521,0.1388
20,1497,1517,0.1388
17,1491,1508,0.1388
18,1498,1516,0.1388
20,1486,1506,0.1388
18,1503,1521,0.1388
20,1488,1508,0.1388
21,1494,1515,0.1388
20,1500,1520,0.1388
19,1496,1515,0.1388
19,1491,1510,0.1388
18,1504,1522,0.1388
18,1497,1515,0.1388
18,1498,1516,0.1388
19,1492,1511,0.1388
19,1494,1513,0.1388
21,1503,1524,0.1388
21,1492,1513,0.1388
22,1492,1514,0.1388
22,1489,1511,0.1388
23,1481,1504,0.1388
26,1482,1508,0.1388
25,1472,1497,0.1388
25,1473,1498,0.1388
25,1474,1499,0.1388
26,1479,1505,0.1388
25,1485,1510,0.1388
25,1497,1522,0.1388
25,1491,1516,0.1388
24,1496,1520,0.1388
24,1494,1518,0.1388
23,1487,1510,0.1388
24,1488,1512,0.1388
25,1486,1511,0.1388
25,1488,1513,0.1388
25,1481,1506,0.1388
25,1484,1509,0.1388
25,1485,1510,0.1388
24,1493,1517,0.1388
24,1486,1510,0.1388
22,1491,1513,0.1388
21,1491,1512,0.1388
22,1498,1520,0.1388
24,1486,1510,0.1388
22,1492,1514,0.1388
22,1493,1515,0.1388
22,1493,1515,0.1388
23,1490,1513,0.1388
23,1488,1511,0.1388
22,1484,1506,0.1388
22,1492,1514,0.1388
21,1496,1517,0.1388
22,1507,1529,0.1388
22,1498,1520,0.1388
20,1511,1531,0.1388
20,1489,1509,0.1388
20,1481,1501,0.1388
21,1490,1511,0.1388
21,1483,1504,0.1388
22,1493,1515,0.1388
22,1485,1507,0.1388
24,1478,1502,0.1388
24,1488,1512,0.1388
24,1484,1508,0.1388
25,1502,1527,0.1388
22,1497,1519,0.1388
22,1486,1508,0.1388
22,1498,1520,0.1388
21,1493,1514,0.1388
20,1493,1513,0.1388
20,1504,1524,0.1388
20,1496,1516,0.1388
21,1475,1496,0.1388
22,1484,1506,0.1388
21,1480,1501,0.1388
21,1497,1518,0.1388
21,1503,1524,0.1388
21,1511,1532,0.1388
21,1496,1517,0.1388
21,1502,1523,0.1388
22,1503,1525,0.1388
22,1497,1519,0.1388
21,1489,1510,0.1388
20,1493,1513,0.1388
20,1501,1521,0.1388
19,1493,1512,0.1388
17,1499,1516,0.1388
17,1488,1505,0.1388
17,1489,1506,0.1388
16,1498,1514,0.1388
16,1489,1505,0.1388
16,1486,1502,0.1388
15,1501,1516,0.1388
17,1511,1528,0.1388
17,1500,1517,0.1388
17,1479,1496,0.1388
16,1490,1506,0.1388
15,1487,1502,0.1388
15,1474,1489,0.1388
14,1484,1498,0.1388
14,1508,1522,0.1388
14,1506,1520,0.1388
15,1507,1522,0.1388
16,1502,1518,0.1388
14,1501,1515,0.1388
14,1510,1524,0.1388
17,1505,1522,0.1388
16,1492,1508,0.1388
14,1503,1517,0.1388
15,1503,1518,0.1388
14,1507,1521,0.1388
14,1502,1516,0.1388
15,1492,1507,0.1388
15,1497,1512,0.1388
15,1499,1514,0.1388
14,1491,1505,0.1388
14,1508,1522,0.1388
12,1501,1513,0.1388
12,1496,1508,0.1388
13,1497,1510,0.1388
12,1501,1513,0.1388
12,1501,1513,0.1388
12,1514,1526,0.1388
13,1519,1532,0.1388
13,1513,1526,0.1388
13,1515,1528,0.1388
13,1511,1524,0.1388
13,1518,1531,0.1388
13,1510,1523,0.1388
13,1508,1521,0.1388
12,1514,1526,0.1388
11,1503,1514,0.1388
11,1505,1516,0.1388
11,1493,1504,0.1388
11,1510,1521,0.1388
13,1509,1522,0.1388
14,1507,1521,0.1388
14,1512,1526,0.1388
13,1511,1524,0.1388
13,1512,1525,0.1388
14,1521,1535,0.1388
13,1517,1530,0.1388
13,1510,1523,0.1388
12,1511,1523,0.1388
12,1507,1519,0.1388
11,1488,1499,0.1388
12,1497,1509,0.1388
12,1503,1515,0.1388
12,1513,1525,0.1388
12,1496,1508,0.1388
12,1495,1507,0.1388
11,1483,1494,0.1388
11,1506,1517,0.1388
11,1520,1531,0.1388
11,1516,1527,0.1388
11,1511,1522,0.1388
10,1514,1524,0.1388
9,1517,1526,0.1388
8,1522,1530,0.1388
7,1517,1524,0.1388
7,1508,1515,0.1388
8,1501,1509,0.1388
6,1498,1504,0.1388
6,1489,1495,0.1388
6,1493,1499,0.1388
5,1509,1514,0.1388
5,1513,1518,0.1388
4,1525,1529,0.1388
4,1518,1522,0.1388
5,1501,1506,0.1388
5,1501,1506,0.1388
3,1510,1513,0.1388
4,1518,1522,0.1388
4,1513,1517,0.1388
6,1507,1513,0.1388
6,1510,1516,0.1388
6,1506,1512,0.1388
6,1510,1516,0.1388
6,1515,1521,0.1388
5,1515,1520,0.1388
5,1505,1510,0.1388
5,1511,1516,0.1388
5,1506,1511,0.1388
5,1512,1517,0.1388
5,1525,1530,0.1388
5,1528,1533,0.1388
5,1524,1529,0.1388
4,1526,1530,0.1388
3,1521,1524,0.1388
3,1519,1522,0.1388
3,1523,1526,0.1388
3,1523,1526,0.1388
3,1524,1527,0.1388
2,1509,1511,0.1388
3,1516,1519,0.1388
3,1517,1520,0.1388
3,1537,1540,0.1388
3,1515,1518,0.1388
3,1523,1526,0.1388
3,1522,1525,0.1388
2,1516,1518,0.1388
2,1523,1525,0.1388
2,1520,1522,0.1388
2,1523,1525,0.1388
2,1515,1517,0.1388
2,1517,1519,0.1388
3,1506,1509,0.1388
3,1509,1512,0.1388
3,1518,1521,0.1388
3,1522,1525,0.1388
3,1516,1519,0.1388
3,1524,1527,0.1388
2,1516,1518,0.1388
2,1517,1519,0.1388
2,1516,1518,0.1388
2,1517,1519,0.1388
2,1520,1522,0.1388
2,1517,1519,0.1388
3,1527,1530,0.1388
2,1511,1513,0.1388
2,1514,1516,0.1388
2,1513,1515,0.1388
2,1521,1523,0.1388
2,1529,1531,0.1388
2,1523,1525,0.1388
2,1521,1523,0.1388
2,1513,1515,0.1388
2,1512,1514,0.1388
2,1512,1514,0.1388
3,1516,1519,0.1388
3,1515,1518,0.1388
3,1509,1512,0.1388
3,1508,1511,0.1388
3,1508,1511,0.1388
2,1497,1499,0.1388
2,1505,1507,0.1388
2,1514,1516,0.1388
2,1507,1509,0.1388
3,1501,1504,0.1388
3,1513,1516,0.1388
3,1496,1499,0.1388
3,1494,1497,0.1388
3,1512,1515,0.1388
3,1514,1517,0.1388
3,1507,1510,0.1388
3,1500,1503,0.1388
3,1482,1485,0.1388
3,1504,1507,0.1388
3,1503,1506,0.1388
3,1503,1506,0.1388
3,1496,1499,0.1388
3,1505,1508,0.1388
3,1506,1509,0.1388
3,1514,1517,0.1388
3,1500,1503,0.1388
3,1501,1504,0.1388
3,1510,1513,0.1388
3,1523,1526,0.1388
3,1516,1519,0.1388
2,1511,1513,0.1388
4,1516,1520,0.1388
4,1497,1501,0.1388
4,1508,1512,0.1388
4,1520,1524,0.1388
4,1517,1521,0.1388
3,1508,1511,0.1388
3,1501,1504,0.1388
4,1499,1503,0.1388
4,1488,1492,0.1388
4,1500,1504,0.1388
4,1501,1505,0.1388
4,1502,1506,0.1388
4,1511,1515,0.1388
4,1510,1514,0.1388
3,1514,1517,0.1388
3,1514,1517,0.1388
3,1509,1512,0.1388
4,1506,1510,0.1388
4,1510,1514,0.1388
4,1512,1516,0.1388
4,1512,1516,0.1388
4,1511,1515,0.1388
4,1498,1502,0.1388
4,1501,1505,0.1388
4,1504,1508,0.1388
4,1506,1510,0.1388
4,1506,1510,0.1388
4,1510,1514,0.1388
3,1513,1516,0.1388
3,1513,1516,0.1388
3,1519,1522,0.1388
3,1522,1525,0.1388
3,1515,1518,0.1388
3,1517,1520,0.1388
3,1505,1508,0.1388
3,1504,1507,0.1388
3,1499,1502,0.1388
3,1500,1503,0.1388
3,1510,1513,0.1388
3,1520,1523,0.1388
3,1509,1512,0.1388
3,1504,1507,0.1388
3,1506,1509,0.1388
3,1499,1502,0.1388
3,1507,1510,0.1388
3,1499,1502,0.1388
2,1514,1516,0.1388
2,1507,1509,0.1388
2,1514,1516,0.1388
2,1505,1507,0.1388
2,1523,1525,0.1388
2,1517,1519,0.1388
2,1524,1526,0.1388
2,1529,1531,0.1388
2,1537,1539,0.1388
2,1527,1529,0.1388
2,1513,1515,0.1388
2,1520,1522,0.1388
2,1522,1524,0.1388
2,1514,1516,0.1388
2,1504,1506,0.1388
2,1504,1506,0.1388
2,1517,1519,0.1388
2,1526,1528,0.1388
2,1517,1519,0.1388
2,1519,1521,0.1388
0,1508,1508,0.1388
