1361,31,1392,0.1388
1384,33,1417,0.1388
1402,33,1435,0.1388
1431,34,1465,0.1388
1439,37,1476,0.1388
1436,36,1472,0.1388
1457,38,1495,0.1388
1451,36,1487,0.1388
1433,39,1472,0.1388
1441,39,1480,0.1388
1457,39,1496,0.1388
1468,38,1506,0.1388
1450,39,1489,0.1388
1452,39,1491,0.1388
1464,38,1502,0.1388
1455,38,1493,0.1388
1464,38,1502,0.1388
1454,38,1492,0.1388
1467,39,1506,0.1388
1464,40,1504,0.1388
1444,42,1486,0.1388
1455,44,1499,0.1388
1444,43,1487,0.1388
1445,46,1491,0.1388
1440,46,1486,0.1388
1440,45,1485,0.1388
1435,47,1482,0.1388
1437,44,1481,0.1388
1448,46,1494,0.1388
1435,47,1482,0.1388
1434,49,1483,0.1388
1438,49,1487,0.1388
1445,49,1494,0.1388
1455,51,1506,0.1388
1448,52,1500,0.1388
1456,53,1509,0.1388
1451,55,1506,0.1388
1448,58,1506,0.1388
1435,58,1493,0.1388
1443,59,1502,0.1388
1438,59,1497,0.1388
1431,59,1490,0.1388
1442,58,1500,0.1388
1452,60,1512,0.1388
1445,59,1504,0.1388
1429,58,1487,0.1388
1428,59,1487,0.1388
1430,60,1490,0.1388
1430,64,1494,0.1388
1425,66,1491,0.1388
1428,67,1495,0.1388
1430,71,1501,0.1388
1430,72,1502,0.1388
1431,73,1504,0.1388
1435,75,1510,0.1388
1433,76,1509,0.1388
1430,78,1508,0.1388
1428,80,1508,0.1388
1428,78,1506,0.1388
1418,76,1494,0.1388
1410,77,1487,0.1388
1406,77,1483,0.1388
1396,77,1473,0.1388
1401,78,1479,0.1388
1406,77,1483,0.1388
1410,77,1487,0.1388
1410,76,1486,0.1388
1416,77,1493,0.1388
1413,79,1492,0.1388
1411,81,1492,0.1388
1409,79,1488,0.1388
1420,79,1499,0.1388
1411,75,1486,0.1388
1418,77,1495,0.1388
1415,83,1498,0.1388
1412,82,1494,0.1388
1410,83,1493,0.1388
1406,87,1493,0.1388
1397,83,1480,0.1388
1403,84,1487,0.1388
1405,83,1488,0.1388
1397,84,1481,0.1388
1402,84,1486,0.1388
1412,81,1493,0.1388
1414,80,1494,0.1388
1408,80,1488,0.1388
1417,78,1495,0.1388
1412,79,1491,0.1388
1408,77,1485,0.1388
1408,73,1481,0.1388
1408,76,1484,0.1388
1419,77,1496,0.1388
1419,74,1493,0.1388
1415,72,1487,0.1388
1414,73,1487,0.1388
1413,76,1489,0.1388
1404,75,1479,0.1388
1404,75,1479,0.1388
1410,77,1487,0.1388
1425,75,1500,0.1388
1429,77,1506,0.1388
1421,78,1499,0.1388
1407,79,1486,0.1388
1402,81,1483,0.1388
1407,83,1490,0.1388
1416,84,1500,0.1388
1408,84,1492,0.1388
1424,82,1506,0.1388
1420,80,1500,0.1388
1418,80,1498,0.1388
1426,81,1507,0.1388
1422,81,1503,0.1388
1420,79,1499,0.1388
1413,81,1494,0.1388
1422,83,1505,0.1388
1418,83,1501,0.1388
1415,84,1499,0.1388
1411,82,1493,0.1388
1410,81,1491,0.1388
1417,84,1501,0.1388
1434,83,1517,0.1388
1444,84,1528,0.1388
1433,82,1515,0.1388
1441,80,1521,0.1388
1432,81,1513,0.1388
1417,80,1497,0.1388
1412,78,1490,0.1388
1404,81,1485,0.1388
1401,79,1480,0.1388
1396,80,1476,0.1388
1400,81,1481,0.1388
1403,80,1483,0.1388
1388,75,1463,0.1388
1389,77,1466,0.1388
1397,79,1476,0.1388
1407,80,1487,0.1388
1422,80,1502,0.1388
1431,81,1512,0.1388
1416,82,1498,0.1388
1426,84,1510,0.1388
1415,83,1498,0.1388
1432,81,1513,0.1388
1429,82,1511,0.1388
1421,82,1503,0.1388
1425,85,1510,0.1388
1425,86,1511,0.1388
1410,85,1495,0.1388
1416,85,1501,0.1388
1427,84,1511,0.1388
1423,86,1509,0.1388
1418,83,1501,0.1388
1411,86,1497,0.1388
1403,89,1492,0.1388
1417,93,1510,0.1388
1420,94,1514,0.1388
1419,94,1513,0.1388
1413,93,1506,0.1388
1419,92,1511,0.1388
1422,94,1516,0.1388
1422,93,1515,0.1388
1420,93,1513,0.1388
1408,95,1503,0.1388
1413,96,1509,0.1388
1410,94,1504,0.1388
1407,92,1499,0.1388
1405,94,1499,0.1388
1405,95,1500,0.1388
1398,96,1494,0.1388
1389,99,1488,0.1388
1399,97,1496,0.1388
1395,97,1492,0.1388
1390,95,1485,0.1388
1391,94,1485,0.1388
1401,93,1494,0.1388
1405,97,1502,0.1388
1394,91,1485,0.1388
1395,99,1494,0.1388
1388,100,1488,0.1388
1396,103,1499,0.1388
1383,103,1486,0.1388
1400,104,1504,0.1388
1397,106,1503,0.1388
1390,104,1494,0.1388
1387,105,1492,0.1388
1381,103,1484,0.1388
1392,104,1496,0.1388
1386,104,1490,0.1388
1394,106,1500,0.1388
1382,107,1489,0.1388
1384,106,1490,0.1388
1390,109,1499,0.1388
1395,110,1505,0.1388
1401,107,1508,0.1388
1393,107,1500,0.1388
1386,108,1494,0.1388
1400,106,1506,0.1388
1388,106,1494,0.1388
1387,103,1490,0.1388
1387,105,1492,0.1388
1390,104,1494,0.1388
1382,109,1491,0.1388
1397,108,1505,0.1388
1392,113,1505,0.1388
1380,115,1495,0.1388
1376,114,1490,0.1388
1377,112,1489,0.1388
1385,111,1496,0.1388
1391,118,1509,0.1388
1376,117,1493,0.1388
1386,116,1502,0.1388
1377,116,1493,0.1388
1386,112,1498,0.1388
1385,109,1494,0.1388
1391,105,1496,0.1388
1379,105,1484,0.1388
1394,103,1497,0.1388
1403,105,1508,0.1388
1398,108,1506,0.1388
1387,108,1495,0.1388
1385,110,1495,0.1388
1374,111,1485,0.1388
1378,110,1488,0.1388
1392,112,1504,0.1388
1397,112,1509,0.1388
1393,111,1504,0.1388
1387,114,1501,0.1388
1386,116,1502,0.1388
1391,118,1509,0.1388
1385,116,1501,0.1388
1391,118,1509,0.1388
1387,116,1503,0.1388
1382,116,1498,0.1388
1377,116,1493,0.1388
1372,116,1488,0.1388
1371,117,1488,0.1388
1368,114,1482,0.1388
1371,116,1487,0.1388
1384,114,1498,0.1388
1379,118,1497,0.1388
1377,118,1495,0.1388
1386,120,1506,0.1388
1381,119,1500,0.1388
1372,118,1490,0.1388
1378,122,1500,0.1388
1365,122,1487,0.1388
1380,118,1498,0.1388
1390,118,1508,0.1388
1393,119,1512,0.1388
1392,119,1511,0.1388
1381,118,1499,0.1388
1378,115,1493,0.1388
1363,117,1480,0.1388
1375,115,1490,0.1388
1380,117,1497,0.1388
1374,114,1488,0.1388
1360,111,1471,0.1388
1363,117,1480,0.1388
1367,114,1481,0.1388
1375,114,1489,0.1388
1370,114,1484,0.1388
1370,115,1485,0.1388
1365,116,1481,0.1388
1374,118,1492,0.1388
1392,117,1509,0.1388
1390,118,1508,0.1388
1391,115,1506,0.1388
1388,118,1506,0.1388
1384,121,1505,0.1388
1384,120,1504,0.1388
1401,123,1524,0.1388
1387,124,1511,0.1388
1366,122,1488,0.1388
1360,122,1482,0.1388
1367,123,1490,0.1388
1373,121,1494,0.1388
1378,126,1504,0.1388
1378,123,1501,0.1388
1374,128,1502,0.1388
1375,126,1501,0.1388
1374,127,1501,0.1388
1373,124,1497,0.1388
1377,129,1506,0.1388
1371,131,1502,0.1388
1373,132,1505,0.1388
1369,133,1502,0.1388
1367,131,1498,0.1388
1369,132,1501,0.1388
1358,133,1491,0.1388
1345,132,1477,0.1388
1347,131,1478,0.1388
1337,127,1464,0.1388
1344,129,1473,0.1388
1352,126,1478,0.1388
1356,130,1486,0.1388
1357,133,1490,0.1388
1362,131,1493,0.1388
1360,133,1493,0.1388
1361,132,1493,0.1388
1370,130,1500,0.1388
1369,132,1501,0.1388
1378,132,1510,0.1388
1378,129,1507,0.1388
1378,129,1507,0.1388
1370,130,1500,0.1388
1379,131,1510,0.1388
1383,126,1509,0.1388
1360,129,1489,0.1388
1363,133,1496,0.1388
1379,131,1510,0.1388
1383,131,1514,0.1388
1382,131,1513,0.1388
1370,131,1501,0.1388
1371,131,1502,0.1388
1372,134,1506,0.1388
1372,132,1504,0.1388
1370,130,1500,0.1388
1368,134,1502,0.1388
1368,138,1506,0.1388
1362,141,1503,0.1388
1356,141,1497,0.1388
1362,143,1505,0.1388
1365,138,1503,0.1388
1369,143,1512,0.1388
1363,138,1501,0.1388
1362,140,1502,0.1388
1366,145,1511,0.1388
1373,147,1520,0.1388
1368,148,1516,0.1388
1366,145,1511,0.1388
1360,145,1505,0.1388
1352,146,1498,0.1388
1340,149,1489,0.1388
1333,149,1482,0.1388
1330,149,1479,0.1388
1337,151,1488,0.1388
1351,152,1503,0.1388
1345,150,1495,0.1388
1355,152,1507,0.1388
1343,151,1494,0.1388
1340,151,1491,0.1388
1349,151,1500,0.1388
1350,153,1503,0.1388
1349,151,1500,0.1388
1341,155,1496,0.1388
1339,154,1493,0.1388
1335,151,1486,0.1388
1336,146,1482,0.1388
1344,149,1493,0.1388
1346,154,1500,0.1388
1360,152,1512,0.1388
1364,153,1517,0.1388
1365,152,1517,0.1388
1367,154,1521,0.1388
1349,155,1504,0.1388
1342,156,1498,0.1388
1343,162,1505,0.1388
1332,160,1492,0.1388
1347,165,1512,0.1388
1344,163,1507,0.1388
1347,165,1512,0.1388
1345,162,1507,0.1388
1350,161,1511,0.1388
1341,162,1503,0.1388
1341,171,1512,0.1388
1333,170,1503,0.1388
1329,170,1499,0.1388
1326,172,1498,0.1388
1318,175,1493,0.1388
1323,174,1497,0.1388
1328,175,1503,0.1388
1336,176,1512,0.1388
1332,175,1507,0.1388
1322,177,1499,0.1388
1305,175,1480,0.1388
1307,176,1483,0.1388
1314,183,1497,0.1388
1329,185,1514,0.1388
1326,191,1517,0.1388
1323,188,1511,0.1388
1312,187,1499,0.1388
1316,188,1504,0.1388
1313,184,1497,0.1388
1323,186,1509,0.1388
1315,186,1501,0.1388
1310,187,1497,0.1388
1323,183,1506,0.1388
1316,186,1502,0.1388
1311,189,1500,0.1388
1324,189,1513,0.1388
1328,190,1518,0.1388
1321,191,1512,0.1388
1315,193,1508,0.1388
1303,190,1493,0.1388
1306,192,1498,0.1388
1306,197,1503,0.1388
1314,196,1510,0.1388
1307,196,1503,0.1388
1313,194,1507,0.1388
1312,187,1499,0.1388
1319,191,1510,0.1388
1306,191,1497,0.1388
1292,193,1485,0.1388
1293,194,1487,0.1388
1284,195,1479,0.1388
1300,197,1497,0.1388
1293,196,1489,0.1388
1288,197,1485,0.1388
1292,198,1490,0.1388
1296,207,1503,0.1388
1290,209,1499,0.1388
1293,206,1499,0.1388
1289,212,1501,0.1388
1292,213,1505,0.1388
1275,210,1485,0.1388
1278,213,1491,0.1388
1279,213,1492,0.1388
1282,216,1498,0.1388
1288,215,1503,0.1388
1280,219,1499,0.1388
1289,218,1507,0.1388
1281,217,1498,0.1388
1267,221,1488,0.1388
1268,219,1487,0.1388
1274,225,1499,0.1388
1277,218,1495,0.1388
1276,226,1502,0.1388
1266,225,1491,0.1388
1273,222,1495,0.1388
1274,222,1496,0.1388
1278,228,1506,0.1388
1270,225,1495,0.1388
1262,231,1493,0.1388
1264,230,1494,0.1388
1256,230,1486,0.1388
1257,228,1485,0.1388
1266,231,1497,0.1388
1264,231,1495,0.1388
1265,229,1494,0.1388
1263,235,1498,0.1388
1248,234,1482,0.1388
1270,239,1509,0.1388
1260,238,1498,0.1388
1258,239,1497,0.1388
1266,242,1508,0.1388
1258,240,1498,0.1388
1254,243,1497,0.1388
1245,244,1489,0.1388
1235,242,1477,0.1388
1239,245,1484,0.1388
1235,249,1484,0.1388
1239,254,1493,0.1388
1243,264,1507,0.1388
1233,263,1496,0.1388
1218,261,1479,0.1388
1222,263,1485,0.1388
1229,270,1499,0.1388
1237,269,1506,0.1388
1230,273,1503,0.1388
1226,273,1499,0.1388
1221,270,1491,0.1388
1222,269,1491,0.1388
1212,271,1483,0.1388
1207,273,1480,0.1388
1201,272,1473,0.1388
1207,274,1481,0.1388
1216,274,1490,0.1388
1206,274,1480,0.1388
1215,273,1488,0.1388
1224,275,1499,0.1388
1213,280,1493,0.1388
1215,282,1497,0.1388
1223,282,1505,0.1388
1208,283,1491,0.1388
1221,286,1507,0.1388
1219,285,1504,0.1388
1215,283,1498,0.1388
1207,283,1490,0.1388
1214,284,1498,0.1388
1222,290,1512,0.1388
1221,286,1507,0.1388
1209,287,1496,0.1388
1217,287,1504,0.1388
1213,291,1504,0.1388
1215,293,1508,0.1388
1215,294,1509,0.1388
1215,294,1509,0.1388
1207,290,1497,0.1388
1224,288,1512,0.1388
1208,291,1499,0.1388
1201,293,1494,0.1388
1189,294,1483,0.1388
1191,303,1494,0.1388
1191,305,1496,0.1388
1201,307,1508,0.1388
1201,309,1510,0.1388
1196,306,1502,0.1388
1191,303,1494,0.1388
1203,305,1508,0.1388
1204,294,1498,0.1388
1190,299,1489,0.1388
1192,302,1494,0.1388
1193,303,1496,0.1388
1196,305,1501,0.1388
1198,304,1502,0.1388
1186,306,1492,0.1388
1185,308,1493,0.1388
1195,301,1496,0.1388
1191,305,1496,0.1388
1187,306,1493,0.1388
1183,307,1490,0.1388
1177,311,1488,0.1388
1178,315,1493,0.1388
1173,312,1485,0.1388
1172,313,1485,0.1388
1170,319,1489,0.1388
1173,318,1491,0.1388
1183,318,1501,0.1388
1189,318,1507,0.1388
1187,321,1508,0.1388
1172,322,1494,0.1388
1174,314,1488,0.1388
1169,319,1488,0.1388
1171,319,1490,0.1388
1169,318,1487,0.1388
1175,320,1495,0.1388
1169,317,1486,0.1388
1167,318,1485,0.1388
1163,313,1476,0.1388
1166,320,1486,0.1388
1176,316,1492,0.1388
1184,317,1501,0.1388
1175,322,1497,0.1388
1177,328,1505,0.1388
1168,328,1496,0.1388
1162,326,1488,0.1388
1168,329,1497,0.1388
1170,333,1503,0.1388
1163,332,1495,0.1388
1162,333,1495,0.1388
1158,339,1497,0.1388
1146,340,1486,0.1388
1148,340,1488,0.1388
1148,341,1489,0.1388
1153,341,1494,0.1388
1148,348,1496,0.1388
1150,344,1494,0.1388
1144,342,1486,0.1388
1152,342,1494,0.1388
1150,343,1493,0.1388
1149,346,1495,0.1388
1149,351,1500,0.1388
1156,353,1509,0.1388
1158,348,1506,0.1388
1145,348,1493,0.1388
1150,347,1497,0.1388
1147,346,1493,0.1388
1144,346,1490,0.1388
1137,350,1487,0.1388
1135,340,1475,0.1388
1131,348,1479,0.1388
1137,348,1485,0.1388
1143,354,1497,0.1388
1145,356,1501,0.1388
1143,358,1501,0.1388
1155,357,1512,0.1388
1154,360,1514,0.1388
1140,360,1500,0.1388
1136,362,1498,0.1388
1140,361,1501,0.1388
1148,360,1508,0.1388
1151,362,1513,0.1388
1150,362,1512,0.1388
1146,363,1509,0.1388
1136,364,1500,0.1388
1137,363,1500,0.1388
1140,367,1507,0.1388
1146,365,1511,0.1388
1150,368,1518,0.1388
1158,363,1521,0.1388
1153,360,1513,0.1388
1152,351,1503,0.1388
1148,356,1504,0.1388
1146,364,1510,0.1388
1118,364,1482,0.1388
1121,360,1481,0.1388
1120,358,1478,0.1388
1110,359,1469,0.1388
1102,366,1468,0.1388
1117,378,1495,0.1388
1124,379,1503,0.1388
1124,379,1503,0.1388
1123,378,1501,0.1388
1109,375,1484,0.1388
1117,371,1488,0.1388
1120,373,1493,0.1388
1121,378,1499,0.1388
1120,380,1500,0.1388
1106,375,1481,0.1388
1107,378,1485,0.1388
1115,375,1490,0.1388
1122,369,1491,0.1388
1122,372,1494,0.1388
1116,377,1493,0.1388
1108,384,1492,0.1388
1118,382,1500,0.1388
1108,384,1492,0.1388
1108,383,1491,0.1388
1092,376,1468,0.1388
1097,379,1476,0.1388
1093,376,1469,0.1388
1096,375,1471,0.1388
1118,380,1498,0.1388
1122,371,1493,0.1388
1121,371,1492,0.1388
1130,372,1502,0.1388
1121,372,1493,0.1388
1115,377,1492,0.1388
1106,370,1476,0.1388
1118,376,1494,0.1388
1121,376,1497,0.1388
1122,375,1497,0.1388
1124,377,1501,0.1388
1118,378,1496,0.1388
1126,380,1506,0.1388
1115,376,1491,0.1388
1121,385,1506,0.1388
1122,382,1504,0.1388
1116,380,1496,0.1388
1113,380,1493,0.1388
1103,387,1490,0.1388
1117,388,1505,0.1388
1107,391,1498,0.1388
1105,397,1502,0.1388
1116,397,1513,0.1388
1106,396,1502,0.1388
1116,396,1512,0.1388
1122,392,1514,0.1388
1125,396,1521,0.1388
1116,400,1516,0.1388
1115,398,1513,0.1388
1109,396,1505,0.1388
1109,400,1509,0.1388
1104,403,1507,0.1388
1109,403,1512,0.1388
1092,413,1505,0.1388
1087,411,1498,0.1388
1077,419,1496,0.1388
1093,418,1511,0.1388
1093,421,1514,0.1388
1089,413,1502,0.1388
1095,413,1508,0.1388
1090,410,1500,0.1388
1093,417,1510,0.1388
1096,422,1518,0.1388
1090,424,1514,0.1388
1072,429,1501,0.1388
1072,432,1504,0.1388
1066,428,1494,0.1388
1077,437,1514,0.1388
1076,436,1512,0.1388
1078,435,1513,0.1388
1073,432,1505,0.1388
1054,433,1487,0.1388
1050,432,1482,0.1388
1060,437,1497,0.1388
1059,441,1500,0.1388
1057,440,1497,0.1388
1060,439,1499,0.1388
1065,434,1499,0.1388
1068,439,1507,0.1388
1063,443,1506,0.1388
1066,445,1511,0.1388
1063,447,1510,0.1388
1051,443,1494,0.1388
1046,439,1485,0.1388
1055,438,1493,0.1388
1054,431,1485,0.1388
1049,433,1482,0.1388
1049,430,1479,0.1388
1058,432,1490,0.1388
1067,440,1507,0.1388
1066,437,1503,0.1388
1061,435,1496,0.1388
1060,437,1497,0.1388
1059,439,1498,0.1388
1064,434,1498,0.1388
1059,431,1490,0.1388
1057,433,1490,0.1388
1068,432,1500,0.1388
1074,436,1510,0.1388
1078,437,1515,0.1388
1077,431,1508,0.1388
1072,434,1506,0.1388
1070,441,1511,0.1388
1069,439,1508,0.1388
1058,442,1500,0.1388
1069,440,1509,0.1388
1072,437,1509,0.1388
1067,431,1498,0.1388
1063,422,1485,0.1388
1057,428,1485,0.1388
1064,421,1485,0.1388
1056,429,1485,0.1388
1056,441,1497,0.1388
1053,445,1498,0.1388
1056,447,1503,0.1388
1054,442,1496,0.1388
1055,450,1505,0.1388
1042,442,1484,0.1388
1050,443,1493,0.1388
1056,439,1495,0.1388
1035,446,1481,0.1388
1057,445,1502,0.1388
1049,451,1500,0.1388
1054,449,1503,0.1388
1042,450,1492,0.1388
1053,450,1503,0.1388
1048,443,1491,0.1388
1061,446,1507,0.1388
1056,446,1502,0.1388
1055,449,1504,0.1388
1052,458,1510,0.1388
1048,462,1510,0.1388
1036,464,1500,0.1388
1042,459,1501,0.1388
1057,454,1511,0.1388
1049,458,1507,0.1388
1046,454,1500,0.1388
1038,451,1489,0.1388
1041,456,1497,0.1388
1041,453,1494,0.1388
1046,450,1496,0.1388
1035,454,1489,0.1388
1029,456,1485,0.1388
1027,463,1490,0.1388
1031,464,1495,0.1388
1045,463,1508,0.1388
1048,463,1511,0.1388
1035,458,1493,0.1388
1035,465,1500,0.1388
1037,469,1506,0.1388
1026,473,1499,0.1388
1032,469,1501,0.1388
1040,464,1504,0.1388
1022,461,1483,0.1388
1035,472,1507,0.1388
1038,471,1509,0.1388
1022,475,1497,0.1388
1011,478,1489,0.1388
1005,479,1484,0.1388
1011,478,1489,0.1388
1015,482,1497,0.1388
1015,484,1499,0.1388
1015,484,1499,0.1388
1016,488,1504,0.1388
1013,486,1499,0.1388
1019,484,1503,0.1388
1015,486,1501,0.1388
1014,480,1494,0.1388
1016,490,1506,0.1388
1017,487,1504,0.1388
1024,481,1505,0.1388
1018,493,1511,0.1388
1011,486,1497,0.1388
1002,488,1490,0.1388
1011,490,1501,0.1388
1010,489,1499,0.1388
1017,489,1506,0.1388
1001,486,1487,0.1388
1010,495,1505,0.1388
1002,498,1500,0.1388
1005,498,1503,0.1388
1011,499,1510,0.1388
1011,498,1509,0.1388
1016,498,1514,0.1388
1004,501,1505,0.1388
1005,502,1507,0.1388
1006,495,1501,0.1388
1006,498,1504,0.1388
998,501,1499,0.1388
1008,500,1508,0.1388
1011,498,1509,0.1388
1011,500,1511,0.1388
1008,509,1517,0.1388
1009,507,1516,0.1388
1001,502,1503,0.1388
1002,496,1498,0.1388
1008,503,1511,0.1388
1008,501,1509,0.1388
1008,497,1505,0.1388
1000,499,1499,0.1388
982,509,1491,0.1388
985,515,1500,0.1388
970,510,1480,0.1388
971,516,1487,0.1388
991,517,1508,0.1388
976,512,1488,0.1388
979,503,1482,0.1388
981,502,1483,0.1388
983,507,1490,0.1388
977,513,1490,0.1388
992,512,1504,0.1388
1001,519,1520,0.1388
991,527,1518,0.1388
986,522,1508,0.1388
987,515,1502,0.1388
993,513,1506,0.1388
994,508,1502,0.1388
999,518,1517,0.1388
992,528,1520,0.1388
978,533,1511,0.1388
976,536,1512,0.1388
981,535,1516,0.1388
966,537,1503,0.1388
973,535,1508,0.1388
979,529,1508,0.1388
969,536,1505,0.1388
962,536,1498,0.1388
957,540,1497,0.1388
964,540,1504,0.1388
957,534,1491,0.1388
947,527,1474,0.1388
949,543,1492,0.1388
948,546,1494,0.1388
940,546,1486,0.1388
942,549,1491,0.1388
946,554,1500,0.1388
953,549,1502,0.1388
951,545,1496,0.1388
947,545,1492,0.1388
943,555,1498,0.1388
944,561,1505,0.1388
950,556,1506,0.1388
943,564,1507,0.1388
940,566,1506,0.1388
932,561,1493,0.1388
933,566,1499,0.1388
936,562,1498,0.1388
937,566,1503,0.1388
938,576,1514,0.1388
945,586,1531,0.1388
942,585,1527,0.1388
941,583,1524,0.1388
936,580,1516,0.1388
933,584,1517,0.1388
924,579,1503,0.1388
909,579,1488,0.1388
901,581,1482,0.1388
909,585,1494,0.1388
917,584,1501,0.1388
910,582,1492,0.1388
921,578,1499,0.1388
923,582,1505,0.1388
916,583,1499,0.1388
915,589,1504,0.1388
907,589,1496,0.1388
897,603,1500,0.1388
906,601,1507,0.1388
904,604,1508,0.1388
896,613,1509,0.1388
899,612,1511,0.1388
903,616,1519,0.1388
900,604,1504,0.1388
897,599,1496,0.1388
905,600,1505,0.1388
910,606,1516,0.1388
901,602,1503,0.1388
902,604,1506,0.1388
896,609,1505,0.1388
884,609,1493,0.1388
884,608,1492,0.1388
877,626,1503,0.1388
880,621,1501,0.1388
882,613,1495,0.1388
879,611,1490,0.1388
884,607,1491,0.1388
888,607,1495,0.1388
892,612,1504,0.1388
886,608,1494,0.1388
881,598,1479,0.1388
896,595,1491,0.1388
907,594,1501,0.1388
896,599,1495,0.1388
897,606,1503,0.1388
897,603,1500,0.1388
883,605,1488,0.1388
879,615,1494,0.1388
882,615,1497,0.1388
884,615,1499,0.1388
883,610,1493,0.1388
872,618,1490,0.1388
883,611,1494,0.1388
887,626,1513,0.1388
890,624,1514,0.1388
871,623,1494,0.1388
867,628,1495,0.1388
866,634,1500,0.1388
857,633,1490,0.1388
862,636,1498,0.1388
862,636,1498,0.1388
864,630,1494,0.1388
874,629,1503,0.1388
879,632,1511,0.1388
882,634,1516,0.1388
875,637,1512,0.1388
865,646,1511,0.1388
860,642,1502,0.1388
859,651,1510,0.1388
856,644,1500,0.1388
858,633,1491,0.1388
857,633,1490,0.1388
854,637,1491,0.1388
851,640,1491,0.1388
853,644,1497,0.1388
864,643,1507,0.1388
868,649,1517,0.1388
858,649,1507,0.1388
854,643,1497,0.1388
863,642,1505,0.1388
865,637,1502,0.1388
864,634,1498,0.1388
855,637,1492,0.1388
850,646,1496,0.1388
850,645,1495,0.1388
850,647,1497,0.1388
850,644,1494,0.1388
848,653,1501,0.1388
852,651,1503,0.1388
853,660,1513,0.1388
845,654,1499,0.1388
841,659,1500,0.1388
849,657,1506,0.1388
848,662,1510,0.1388
850,661,1511,0.1388
845,666,1511,0.1388
849,653,1502,0.1388
849,654,1503,0.1388
849,659,1508,0.1388
843,665,1508,0.1388
843,664,1507,0.1388
847,664,1511,0.1388
840,663,1503,0.1388
845,669,1514,0.1388
841,674,1515,0.1388
836,674,1510,0.1388
829,667,1496,0.1388
832,664,1496,0.1388
832,664,1496,0.1388
836,661,1497,0.1388
842,661,1503,0.1388
832,666,1498,0.1388
834,664,1498,0.1388
841,670,1511,0.1388
842,672,1514,0.1388
828,672,1500,0.1388
828,677,1505,0.1388
829,674,1503,0.1388
822,676,1498,0.1388
826,669,1495,0.1388
827,679,1506,0.1388
815,670,1485,0.1388
814,676,1490,0.1388
810,686,1496,0.1388
809,695,1504,0.1388
802,695,1497,0.1388
804,698,1502,0.1388
810,702,1512,0.1388
811,706,1517,0.1388
808,707,1515,0.1388
811,710,1521,0.1388
814,704,1518,0.1388
806,703,1509,0.1388
803,713,1516,0.1388
808,707,1515,0.1388
805,704,1509,0.1388
802,710,1512,0.1388
802,704,1506,0.1388
800,710,1510,0.1388
810,711,1521,0.1388
811,708,1519,0.1388
805,716,1521,0.1388
802,714,1516,0.1388
795,718,1513,0.1388
798,708,1506,0.1388
797,712,1509,0.1388
790,717,1507,0.1388
797,722,1519,0.1388
789,719,1508,0.1388
798,715,1513,0.1388
803,717,1520,0.1388
798,718,1516,0.1388
795,720,1515,0.1388
799,726,1525,0.1388
798,722,1520,0.1388
797,719,1516,0.1388
797,723,1520,0.1388
794,723,1517,0.1388
791,719,1510,0.1388
783,719,1502,0.1388
775,732,1507,0.1388
781,732,1513,0.1388
769,724,1493,0.1388
769,719,1488,0.1388
770,716,1486,0.1388
775,720,1495,0.1388
776,726,1502,0.1388
770,734,1504,0.1388
771,738,1509,0.1388
782,741,1523,0.1388
780,740,1520,0.1388
771,743,1514,0.1388
767,739,1506,0.1388
765,748,1513,0.1388
762,748,1510,0.1388
760,750,1510,0.1388
771,744,1515,0.1388
761,748,1509,0.1388
765,741,1506,0.1388
759,745,1504,0.1388
745,744,1489,0.1388
748,756,1504,0.1388
760,758,1518,0.1388
756,763,1519,0.1388
742,763,1505,0.1388
749,768,1517,0.1388
733,769,1502,0.1388
740,768,1508,0.1388
738,762,1500,0.1388
750,769,1519,0.1388
752,767,1519,0.1388
747,765,1512,0.1388
748,763,1511,0.1388
741,758,1499,0.1388
741,763,1504,0.1388
750,761,1511,0.1388
761,750,1511,0.1388
752,749,1501,0.1388
760,754,1514,0.1388
747,758,1505,0.1388
751,764,1515,0.1388
750,760,1510,0.1388
748,756,1504,0.1388
747,744,1491,0.1388
750,751,1501,0.1388
749,759,1508,0.1388
752,766,1518,0.1388
745,766,1511,0.1388
739,757,1496,0.1388
741,753,1494,0.1388
740,758,1498,0.1388
752,757,1509,0.1388
755,764,1519,0.1388
748,761,1509,0.1388
748,754,1502,0.1388
756,761,1517,0.1388
758,754,1512,0.1388
753,759,1512,0.1388
756,757,1513,0.1388
754,756,1510,0.1388
750,753,1503,0.1388
742,752,1494,0.1388
737,748,1485,0.1388
739,749,1488,0.1388
741,751,1492,0.1388
735,763,1498,0.1388
733,772,1505,0.1388
726,772,1498,0.1388
723,772,1495,0.1388
731,776,1507,0.1388
731,773,1504,0.1388
728,783,1511,0.1388
728,778,1506,0.1388
738,778,1516,0.1388
742,775,1517,0.1388
737,770,1507,0.1388
735,766,1501,0.1388
730,781,1511,0.1388
728,781,1509,0.1388
724,778,1502,0.1388
713,775,1488,0.1388
711,779,1490,0.1388
704,776,1480,0.1388
702,784,1486,0.1388
710,781,1491,0.1388
711,778,1489,0.1388
704,790,1494,0.1388
711,790,1501,0.1388
719,792,1511,0.1388
719,795,1514,0.1388
707,804,1511,0.1388
706,807,1513,0.1388
700,802,1502,0.1388
715,803,1518,0.1388
713,805,1518,0.1388
707,804,1511,0.1388
697,803,1500,0.1388
699,803,1502,0.1388
681,813,1494,0.1388
690,808,1498,0.1388
695,816,1511,0.1388
687,812,1499,0.1388
687,810,1497,0.1388
692,811,1503,0.1388
693,806,1499,0.1388
685,809,1494,0.1388
681,816,1497,0.1388
694,821,1515,0.1388
691,829,1520,0.1388
689,832,1521,0.1388
685,829,1514,0.1388
683,817,1500,0.1388
685,813,1498,0.1388
684,821,1505,0.1388
679,833,1512,0.1388
682,828,1510,0.1388
688,828,1516,0.1388
681,830,1511,0.1388
681,826,1507,0.1388
672,828,1500,0.1388
680,825,1505,0.1388
676,820,1496,0.1388
676,829,1505,0.1388
670,832,1502,0.1388
673,837,1510,0.1388
662,846,1508,0.1388
659,846,1505,0.1388
656,849,1505,0.1388
655,856,1511,0.1388
653,852,1505,0.1388
653,854,1507,0.1388
660,843,1503,0.1388
658,845,1503,0.1388
667,850,1517,0.1388
666,851,1517,0.1388
658,845,1503,0.1388
661,834,1495,0.1388
656,844,1500,0.1388
654,849,1503,0.1388
652,854,1506,0.1388
644,853,1497,0.1388
646,847,1493,0.1388
646,853,1499,0.1388
641,855,1496,0.1388
645,854,1499,0.1388
643,852,1495,0.1388
643,855,1498,0.1388
632,854,1486,0.1388
644,852,1496,0.1388
642,868,1510,0.1388
648,862,1510,0.1388
651,856,1507,0.1388
646,868,1514,0.1388
646,872,1518,0.1388
637,878,1515,0.1388
639,876,1515,0.1388
637,871,1508,0.1388
640,875,1515,0.1388
645,870,1515,0.1388
636,866,1502,0.1388
636,877,1513,0.1388
637,867,1504,0.1388
640,878,1518,0.1388
628,874,1502,0.1388
620,877,1497,0.1388
612,874,1486,0.1388
622,883,1505,0.1388
616,901,1517,0.1388
617,897,1514,0.1388
619,896,1515,0.1388
624,891,1515,0.1388
624,890,1514,0.1388
621,897,1518,0.1388
628,898,1526,0.1388
631,901,1532,0.1388
621,905,1526,0.1388
616,910,1526,0.1388
612,897,1509,0.1388
601,888,1489,0.1388
598,893,1491,0.1388
595,894,1489,0.1388
592,903,1495,0.1388
586,895,1481,0.1388
588,889,1477,0.1388
592,887,1479,0.1388
601,898,1499,0.1388
598,918,1516,0.1388
596,921,1517,0.1388
600,913,1513,0.1388
590,918,1508,0.1388
573,913,1486,0.1388
578,918,1496,0.1388
580,922,1502,0.1388
580,918,1498,0.1388
576,927,1503,0.1388
578,932,1510,0.1388
583,925,1508,0.1388
576,936,1512,0.1388
573,928,1501,0.1388
580,932,1512,0.1388
583,938,1521,0.1388
580,944,1524,0.1388
592,934,1526,0.1388
593,931,1524,0.1388
587,935,1522,0.1388
589,928,1517,0.1388
586,924,1510,0.1388
589,922,1511,0.1388
585,933,1518,0.1388
571,935,1506,0.1388
577,935,1512,0.1388
579,939,1518,0.1388
582,945,1527,0.1388
575,943,1518,0.1388
577,942,1519,0.1388
577,935,1512,0.1388
574,939,1513,0.1388
568,938,1506,0.1388
575,943,1518,0.1388
574,945,1519,0.1388
578,935,1513,0.1388
574,942,1516,0.1388
570,937,1507,0.1388
562,927,1489,0.1388
564,930,1494,0.1388
572,918,1490,0.1388
566,932,1498,0.1388
562,945,1507,0.1388
556,951,1507,0.1388
556,943,1499,0.1388
559,950,1509,0.1388
558,957,1515,0.1388
554,957,1511,0.1388
550,953,1503,0.1388
559,953,1512,0.1388
560,948,1508,0.1388
562,956,1518,0.1388
544,962,1506,0.1388
547,967,1514,0.1388
548,961,1509,0.1388
556,962,1518,0.1388
559,959,1518,0.1388
559,960,1519,0.1388
555,973,1528,0.1388
546,967,1513,0.1388
556,970,1526,0.1388
554,954,1508,0.1388
564,954,1518,0.1388
572,961,1533,0.1388
564,951,1515,0.1388
566,947,1513,0.1388
564,942,1506,0.1388
560,933,1493,0.1388
559,942,1501,0.1388
556,950,1506,0.1388
556,953,1509,0.1388
559,956,1515,0.1388
558,961,1519,0.1388
555,970,1525,0.1388
555,965,1520,0.1388
561,970,1531,0.1388
557,976,1533,0.1388
561,971,1532,0.1388
555,965,1520,0.1388
561,959,1520,0.1388
555,962,1517,0.1388
551,959,1510,0.1388
546,954,1500,0.1388
546,952,1498,0.1388
544,945,1489,0.1388
551,950,1501,0.1388
543,961,1504,0.1388
544,965,1509,0.1388
546,960,1506,0.1388
544,957,1501,0.1388
539,963,1502,0.1388
537,966,1503,0.1388
540,967,1507,0.1388
544,957,1501,0.1388
546,960,1506,0.1388
547,963,1510,0.1388
542,962,1504,0.1388
528,979,1507,0.1388
541,989,1530,0.1388
538,979,1517,0.1388
532,971,1503,0.1388
531,955,1486,0.1388
532,964,1496,0.1388
534,957,1491,0.1388
538,954,1492,0.1388
547,955,1502,0.1388
545,950,1495,0.1388
543,960,1503,0.1388
538,958,1496,0.1388
539,954,1493,0.1388
542,964,1506,0.1388
538,966,1504,0.1388
535,972,1507,0.1388
537,966,1503,0.1388
541,981,1522,0.1388
531,976,1507,0.1388
523,977,1500,0.1388
522,978,1500,0.1388
513,981,1494,0.1388
519,989,1508,0.1388
527,991,1518,0.1388
527,985,1512,0.1388
526,983,1509,0.1388
520,988,1508,0.1388
523,984,1507,0.1388
511,986,1497,0.1388
507,985,1492,0.1388
503,983,1486,0.1388
504,992,1496,0.1388
506,993,1499,0.1388
499,994,1493,0.1388
493,992,1485,0.1388
497,998,1495,0.1388
500,999,1499,0.1388
495,1006,1501,0.1388
493,1011,1504,0.1388
497,1015,1512,0.1388
498,1015,1513,0.1388
495,1008,1503,0.1388
497,1013,1510,0.1388
493,1021,1514,0.1388
486,1032,1518,0.1388
488,1031,1519,0.1388
484,1021,1505,0.1388
481,1032,1513,0.1388
480,1028,1508,0.1388
477,1034,1511,0.1388
471,1037,1508,0.1388
479,1043,1522,0.1388
475,1042,1517,0.1388
468,1036,1504,0.1388
463,1041,1504,0.1388
461,1042,1503,0.1388
468,1042,1510,0.1388
470,1034,1504,0.1388
474,1029,1503,0.1388
472,1029,1501,0.1388
473,1030,1503,0.1388
479,1034,1513,0.1388
476,1035,1511,0.1388
467,1035,1502,0.1388
470,1044,1514,0.1388
468,1045,1513,0.1388
467,1036,1503,0.1388
477,1034,1511,0.1388
481,1035,1516,0.1388
475,1030,1505,0.1388
468,1031,1499,0.1388
467,1040,1507,0.1388
460,1037,1497,0.1388
462,1047,1509,0.1388
459,1045,1504,0.1388
461,1053,1514,0.1388
463,1051,1514,0.1388
450,1052,1502,0.1388
445,1051,1496,0.1388
448,1054,1502,0.1388
444,1051,1495,0.1388
453,1056,1509,0.1388
456,1064,1520,0.1388
452,1067,1519,0.1388
442,1063,1505,0.1388
448,1062,1510,0.1388
450,1059,1509,0.1388
453,1068,1521,0.1388
446,1068,1514,0.1388
446,1075,1521,0.1388
442,1080,1522,0.1388
444,1072,1516,0.1388
446,1080,1526,0.1388
442,1085,1527,0.1388
437,1071,1508,0.1388
438,1068,1506,0.1388
439,1077,1516,0.1388
442,1076,1518,0.1388
437,1073,1510,0.1388
434,1068,1502,0.1388
427,1078,1505,0.1388
424,1078,1502,0.1388
428,1086,1514,0.1388
428,1084,1512,0.1388
430,1084,1514,0.1388
430,1084,1514,0.1388
429,1086,1515,0.1388
425,1086,1511,0.1388
419,1077,1496,0.1388
419,1078,1497,0.1388
412,1081,1493,0.1388
419,1082,1501,0.1388
415,1074,1489,0.1388
419,1078,1497,0.1388
420,1093,1513,0.1388
418,1091,1509,0.1388
406,1104,1510,0.1388
399,1108,1507,0.1388
390,1111,1501,0.1388
390,1105,1495,0.1388
386,1115,1501,0.1388
394,1114,1508,0.1388
388,1115,1503,0.1388
386,1119,1505,0.1388
381,1116,1497,0.1388
379,1122,1501,0.1388
386,1116,1502,0.1388
379,1131,1510,0.1388
373,1134,1507,0.1388
376,1135,1511,0.1388
373,1143,1516,0.1388
363,1143,1506,0.1388
368,1141,1509,0.1388
368,1142,1510,0.1388
362,1154,1516,0.1388
356,1150,1506,0.1388
365,1159,1524,0.1388
363,1166,1529,0.1388
363,1162,1525,0.1388
358,1154,1512,0.1388
359,1155,1514,0.1388
363,1144,1507,0.1388
361,1141,1502,0.1388
358,1152,1510,0.1388
358,1155,1513,0.1388
362,1170,1532,0.1388
362,1161,1523,0.1388
363,1162,1525,0.1388
356,1158,1514,0.1388
353,1159,1512,0.1388
353,1160,1513,0.1388
355,1153,1508,0.1388
358,1146,1504,0.1388
359,1145,1504,0.1388
360,1154,1514,0.1388
367,1155,1522,0.1388
361,1154,1515,0.1388
360,1148,1508,0.1388
361,1150,1511,0.1388
361,1143,1504,0.1388
363,1141,1504,0.1388
362,1135,1497,0.1388
361,1131,1492,0.1388
356,1137,1493,0.1388
359,1143,1502,0.1388
360,1130,1490,0.1388
363,1141,1504,0.1388
362,1142,1504,0.1388
358,1152,1510,0.1388
364,1145,1509,0.1388
365,1136,1501,0.1388
364,1128,1492,0.1388
363,1138,1501,0.1388
357,1148,1505,0.1388
361,1162,1523,0.1388
356,1153,1509,0.1388
363,1149,1512,0.1388
371,1145,1516,0.1388
370,1137,1507,0.1388
366,1145,1511,0.1388
365,1135,1500,0.1388
372,1149,1521,0.1388
373,1150,1523,0.1388
368,1148,1516,0.1388
368,1131,1499,0.1388
368,1127,1495,0.1388
364,1129,1493,0.1388
369,1134,1503,0.1388
367,1130,1497,0.1388
365,1137,1502,0.1388
362,1140,1502,0.1388
354,1141,1495,0.1388
357,1141,1498,0.1388
358,1133,1491,0.1388
356,1152,1508,0.1388
357,1140,1497,0.1388
352,1144,1496,0.1388
346,1139,1485,0.1388
348,1153,1501,0.1388
348,1156,1504,0.1388
351,1162,1513,0.1388
351,1145,1496,0.1388
349,1156,1505,0.1388
349,1146,1495,0.1388
346,1153,1499,0.1388
347,1165,1512,0.1388
353,1174,1527,0.1388
350,1175,1525,0.1388
348,1172,1520,0.1388
347,1182,1529,0.1388
349,1187,1536,0.1388
342,1178,1520,0.1388
349,1166,1515,0.1388
346,1155,1501,0.1388
350,1162,1512,0.1388
352,1175,1527,0.1388
348,1176,1524,0.1388
348,1175,1523,0.1388
348,1166,1514,0.1388
347,1163,1510,0.1388
340,1167,1507,0.1388
338,1158,1496,0.1388
337,1158,1495,0.1388
343,1158,1501,0.1388
345,1159,1504,0.1388
350,1157,1507,0.1388
351,1151,1502,0.1388
351,1156,1507,0.1388
342,1169,1511,0.1388
342,1165,1507,0.1388
348,1169,1517,0.1388
351,1165,1516,0.1388
348,1160,1508,0.1388
344,1168,1512,0.1388
349,1181,1530,0.1388
342,1181,1523,0.1388
338,1175,1513,0.1388
328,1179,1507,0.1388
328,1182,1510,0.1388
330,1178,1508,0.1388
333,1174,1507,0.1388
336,1176,1512,0.1388
335,1178,1513,0.1388
335,1166,1501,0.1388
331,1175,1506,0.1388
335,1169,1504,0.1388
342,1179,1521,0.1388
344,1180,1524,0.1388
339,1173,1512,0.1388
334,1178,1512,0.1388
335,1182,1517,0.1388
332,1175,1507,0.1388
329,1187,1516,0.1388
334,1180,1514,0.1388
327,1190,1517,0.1388
334,1192,1526,0.1388
337,1198,1535,0.1388
328,1208,1536,0.1388
326,1203,1529,0.1388
321,1194,1515,0.1388
316,1195,1511,0.1388
321,1200,1521,0.1388
321,1205,1526,0.1388
321,1195,1516,0.1388
317,1190,1507,0.1388
318,1194,1512,0.1388
317,1193,1510,0.1388
312,1200,1512,0.1388
311,1201,1512,0.1388
306,1198,1504,0.1388
303,1203,1506,0.1388
298,1221,1519,0.1388
300,1216,1516,0.1388
300,1213,1513,0.1388
296,1219,1515,0.1388
298,1219,1517,0.1388
290,1230,1520,0.1388
294,1229,1523,0.1388
298,1228,1526,0.1388
293,1227,1520,0.1388
291,1229,1520,0.1388
290,1228,1518,0.1388
287,1231,1518,0.1388
289,1223,1512,0.1388
293,1220,1513,0.1388
292,1221,1513,0.1388
295,1216,1511,0.1388
295,1206,1501,0.1388
291,1213,1504,0.1388
294,1219,1513,0.1388
293,1231,1524,0.1388
291,1225,1516,0.1388
289,1225,1514,0.1388
287,1238,1525,0.1388
290,1237,1527,0.1388
285,1226,1511,0.1388
289,1225,1514,0.1388
290,1226,1516,0.1388
289,1240,1529,0.1388
287,1239,1526,0.1388
290,1233,1523,0.1388
288,1245,1533,0.1388
289,1235,1524,0.1388
285,1244,1529,0.1388
286,1248,1534,0.1388
282,1235,1517,0.1388
283,1249,1532,0.1388
282,1245,1527,0.1388
280,1249,1529,0.1388
276,1240,1516,0.1388
276,1227,1503,0.1388
277,1227,1504,0.1388
272,1223,1495,0.1388
267,1226,1493,0.1388
270,1253,1523,0.1388
270,1254,1524,0.1388
268,1253,1521,0.1388
268,1262,1530,0.1388
260,1260,1520,0.1388
254,1256,1510,0.1388
255,1248,1503,0.1388
253,1247,1500,0.1388
253,1254,1507,0.1388
257,1248,1505,0.1388
262,1255,1517,0.1388
260,1253,1513,0.1388
258,1249,1507,0.1388
258,1258,1516,0.1388
254,1257,1511,0.1388
255,1257,1512,0.1388
251,1236,1487,0.1388
256,1249,1505,0.1388
250,1244,1494,0.1388
250,1244,1494,0.1388
244,1246,1490,0.1388
247,1251,1498,0.1388
237,1260,1497,0.1388
241,1257,1498,0.1388
242,1269,1511,0.1388
238,1257,1495,0.1388
238,1262,1500,0.1388
237,1272,1509,0.1388
234,1273,1507,0.1388
230,1270,1500,0.1388
225,1286,1511,0.1388
233,1293,1526,0.1388
234,1290,1524,0.1388
235,1282,1517,0.1388
239,1281,1520,0.1388
237,1274,1511,0.1388
244,1280,1524,0.1388
240,1264,1504,0.1388
242,1269,1511,0.1388
242,1278,1520,0.1388
242,1273,1515,0.1388
238,1269,1507,0.1388
240,1271,1511,0.1388
235,1273,1508,0.1388
234,1272,1506,0.1388
232,1280,1512,0.1388
240,1280,1520,0.1388
244,1281,1525,0.1388
241,1276,1517,0.1388
242,1281,1523,0.1388
245,1277,1522,0.1388
244,1274,1518,0.1388
250,1287,1537,0.1388
245,1291,1536,0.1388
246,1291,1537,0.1388
243,1283,1526,0.1388
245,1275,1520,0.1388
247,1270,1517,0.1388
246,1264,1510,0.1388
243,1272,1515,0.1388
245,1279,1524,0.1388
240,1277,1517,0.1388
236,1286,1522,0.1388
240,1284,1524,0.1388
236,1271,1507,0.1388
235,1268,1503,0.1388
239,1257,1496,0.1388
236,1266,1502,0.1388
233,1265,1498,0.1388
238,1262,1500,0.1388
238,1266,1504,0.1388
233,1268,1501,0.1388
230,1276,1506,0.1388
232,1274,1506,0.1388
228,1269,1497,0.1388
228,1261,1489,0.1388
236,1278,1514,0.1388
230,1291,1521,0.1388
225,1295,1520,0.1388
229,1285,1514,0.1388
222,1282,1504,0.1388
226,1296,1522,0.1388
228,1296,1524,0.1388
226,1301,1527,0.1388
226,1284,1510,0.1388
228,1287,1515,0.1388
231,1281,1512,0.1388
231,1269,1500,0.1388
227,1273,1500,0.1388
229,1287,1516,0.1388
226,1294,1520,0.1388
224,1291,1515,0.1388
223,1282,1505,0.1388
225,1271,1496,0.1388
224,1287,1511,0.1388
222,1287,1509,0.1388
225,1286,1511,0.1388
224,1276,1500,0.1388
231,1274,1505,0.1388
233,1279,1512,0.1388
231,1291,1522,0.1388
228,1291,1519,0.1388
229,1293,1522,0.1388
227,1302,1529,0.1388
224,1301,1525,0.1388
225,1309,1534,0.1388
222,1307,1529,0.1388
220,1299,1519,0.1388
223,1294,1517,0.1388
223,1298,1521,0.1388
226,1308,1534,0.1388
220,1300,1520,0.1388
226,1289,1515,0.1388
224,1293,1517,0.1388
225,1293,1518,0.1388
229,1291,1520,0.1388
219,1300,1519,0.1388
219,1303,1522,0.1388
215,1295,1510,0.1388
215,1290,1505,0.1388
213,1293,1506,0.1388
214,1298,1512,0.1388
219,1306,1525,0.1388
216,1295,1511,0.1388
215,1290,1505,0.1388
207,1301,1508,0.1388
210,1301,1511,0.1388
210,1297,1507,0.1388
215,1292,1507,0.1388
213,1295,1508,0.1388
213,1299,1512,0.1388
212,1306,1518,0.1388
215,1293,1508,0.1388
214,1295,1509,0.1388
217,1283,1500,0.1388
217,1296,1513,0.1388
221,1307,1528,0.1388
223,1290,1513,0.1388
224,1291,1515,0.1388
217,1296,1513,0.1388
222,1302,1524,0.1388
220,1294,1514,0.1388
221,1291,1512,0.1388
217,1291,1508,0.1388
216,1290,1506,0.1388
213,1291,1504,0.1388
214,1292,1506,0.1388
212,1292,1504,0.1388
214,1291,1505,0.1388
207,1301,1508,0.1388
206,1301,1507,0.1388
209,1304,1513,0.1388
211,1308,1519,0.1388
208,1304,1512,0.1388
203,1302,1505,0.1388
204,1306,1510,0.1388
207,1308,1515,0.1388
209,1299,1508,0.1388
207,1295,1502,0.1388
209,1298,1507,0.1388
207,1299,1506,0.1388
201,1302,1503,0.1388
197,1308,1505,0.1388
198,1312,1510,0.1388
202,1309,1511,0.1388
203,1321,1524,0.1388
208,1323,1531,0.1388
207,1316,1523,0.1388
210,1314,1524,0.1388
205,1319,1524,0.1388
203,1301,1504,0.1388
207,1302,1509,0.1388
206,1303,1509,0.1388
203,1319,1522,0.1388
194,1306,1500,0.1388
193,1320,1513,0.1388
194,1301,1495,0.1388
202,1299,1501,0.1388
207,1299,1506,0.1388
204,1311,1515,0.1388
208,1316,1524,0.1388
211,1305,1516,0.1388
207,1305,1512,0.1388
205,1309,1514,0.1388
208,1322,1530,0.1388
208,1320,1528,0.1388
205,1329,1534,0.1388
200,1334,1534,0.1388
199,1331,1530,0.1388
196,1334,1530,0.1388
198,1326,1524,0.1388
190,1319,1509,0.1388
188,1300,1488,0.1388
194,1312,1506,0.1388
191,1321,1512,0.1388
194,1322,1516,0.1388
195,1307,1502,0.1388
191,1313,1504,0.1388
189,1316,1505,0.1388
188,1326,1514,0.1388
190,1333,1523,0.1388
193,1339,1532,0.1388
193,1336,1529,0.1388
189,1334,1523,0.1388
186,1329,1515,0.1388
180,1336,1516,0.1388
182,1321,1503,0.1388
184,1311,1495,0.1388
184,1318,1502,0.1388
182,1322,1504,0.1388
176,1333,1509,0.1388
177,1329,1506,0.1388
179,1325,1504,0.1388
175,1330,1505,0.1388
175,1326,1501,0.1388
172,1321,1493,0.1388
167,1331,1498,0.1388
172,1342,1514,0.1388
174,1325,1499,0.1388
171,1322,1493,0.1388
167,1340,1507,0.1388
163,1346,1509,0.1388
165,1345,1510,0.1388
164,1351,1515,0.1388
162,1367,1529,0.1388
161,1363,1524,0.1388
162,1357,1519,0.1388
162,1347,1509,0.1388
160,1356,1516,0.1388
163,1367,1530,0.1388
163,1369,1532,0.1388
162,1359,1521,0.1388
159,1365,1524,0.1388
158,1368,1526,0.1388
157,1362,1519,0.1388
152,1373,1525,0.1388
150,1367,1517,0.1388
153,1366,1519,0.1388
153,1360,1513,0.1388
158,1356,1514,0.1388
160,1345,1505,0.1388
159,1339,1498,0.1388
155,1335,1490,0.1388
155,1347,1502,0.1388
151,1341,1492,0.1388
153,1355,1508,0.1388
153,1358,1511,0.1388
154,1369,1523,0.1388
153,1356,1509,0.1388
153,1353,1506,0.1388
148,1359,1507,0.1388
148,1365,1513,0.1388
153,1367,1520,0.1388
151,1374,1525,0.1388
150,1379,1529,0.1388
150,1380,1530,0.1388
152,1367,1519,0.1388
153,1372,1525,0.1388
151,1360,1511,0.1388
151,1372,1523,0.1388
152,1367,1519,0.1388
155,1363,1518,0.1388
155,1368,1523,0.1388
152,1377,1529,0.1388
148,1374,1522,0.1388
148,1388,1536,0.1388
150,1362,1512,0.1388
152,1361,1513,0.1388
149,1374,1523,0.1388
148,1376,1524,0.1388
144,1368,1512,0.1388
147,1357,1504,0.1388
148,1370,1518,0.1388
147,1355,1502,0.1388
148,1361,1509,0.1388
144,1362,1506,0.1388
147,1373,1520,0.1388
140,1367,1507,0.1388
141,1362,1503,0.1388
142,1377,1519,0.1388
143,1376,1519,0.1388
141,1376,1517,0.1388
139,1377,1516,0.1388
141,1375,1516,0.1388
143,1375,1518,0.1388
145,1377,1522,0.1388
144,1372,1516,0.1388
151,1373,1524,0.1388
149,1375,1524,0.1388
146,1373,1519,0.1388
149,1390,1539,0.1388
152,1372,1524,0.1388
151,1372,1523,0.1388
149,1381,1530,0.1388
149,1384,1533,0.1388
145,1383,1528,0.1388
144,1379,1523,0.1388
143,1375,1518,0.1388
143,1376,1519,0.1388
144,1373,1517,0.1388
143,1370,1513,0.1388
142,1368,1510,0.1388
144,1367,1511,0.1388
145,1366,1511,0.1388
143,1372,1515,0.1388
143,1370,1513,0.1388
142,1371,1513,0.1388
141,1366,1507,0.1388
138,1375,1513,0.1388
135,1357,1492,0.1388
139,1367,1506,0.1388
139,1379,1518,0.1388
140,1387,1527,0.1388
139,1390,1529,0.1388
137,1383,1520,0.1388
131,1376,1507,0.1388
136,1378,1514,0.1388
136,1370,1506,0.1388
137,1378,1515,0.1388
134,1391,1525,0.1388
136,1389,1525,0.1388
135,1400,1535,0.1388
135,1405,1540,0.1388
136,1380,1516,0.1388
137,1371,1508,0.1388
136,1363,1499,0.1388
135,1374,1509,0.1388
137,1384,1521,0.1388
135,1391,1526,0.1388
136,1393,1529,0.1388
135,1399,1534,0.1388
136,1395,1531,0.1388
135,1394,1529,0.1388
134,1402,1536,0.1388
134,1401,1535,0.1388
132,1398,1530,0.1388
130,1388,1518,0.1388
131,1377,1508,0.1388
134,1382,1516,0.1388
136,1380,1516,0.1388
135,1384,1519,0.1388
133,1384,1517,0.1388
134,1384,1518,0.1388
133,1381,1514,0.1388
133,1378,1511,0.1388
135,1371,1506,0.1388
134,1378,1512,0.1388
131,1380,1511,0.1388
128,1388,1516,0.1388
125,1385,1510,0.1388
124,1385,1509,0.1388
120,1381,1501,0.1388
125,1388,1513,0.1388
126,1382,1508,0.1388
128,1378,1506,0.1388
129,1386,1515,0.1388
130,1392,1522,0.1388
125,1385,1510,0.1388
129,1375,1504,0.1388
127,1383,1510,0.1388
125,1369,1494,0.1388
124,1382,1506,0.1388
122,1388,1510,0.1388
123,1393,1516,0.1388
124,1382,1506,0.1388
126,1389,1515,0.1388
121,1390,1511,0.1388
124,1397,1521,0.1388
124,1393,1517,0.1388
124,1393,1517,0.1388
120,1393,1513,0.1388
121,1396,1517,0.1388
120,1404,1524,0.1388
120,1409,1529,0.1388
119,1411,1530,0.1388
118,1409,1527,0.1388
121,1408,1529,0.1388
123,1406,1529,0.1388
119,1406,1525,0.1388
117,1407,1524,0.1388
114,1407,1521,0.1388
112,1407,1519,0.1388
113,1418,1531,0.1388
114,1405,1519,0.1388
110,1406,1516,0.1388
112,1400,1512,0.1388
111,1396,1507,0.1388
110,1396,1506,0.1388
114,1413,1527,0.1388
114,1417,1531,0.1388
115,1415,1530,0.1388
116,1408,1524,0.1388
114,1425,1539,0.1388
114,1413,1527,0.1388
112,1405,1517,0.1388
109,1404,1513,0.1388
109,1398,1507,0.1388
106,1396,1502,0.1388
105,1403,1508,0.1388
108,1407,1515,0.1388
110,1419,1529,0.1388
108,1413,1521,0.1388
109,1413,1522,0.1388
110,1410,1520,0.1388
113,1408,1521,0.1388
115,1388,1503,0.1388
113,1404,1517,0.1388
114,1402,1516,0.1388
113,1402,1515,0.1388
110,1409,1519,0.1388
108,1394,1502,0.1388
108,1397,1505,0.1388
109,1406,1515,0.1388
107,1412,1519,0.1388
109,1414,1523,0.1388
107,1414,1521,0.1388
111,1401,1512,0.1388
109,1396,1505,0.1388
113,1391,1504,0.1388
110,1393,1503,0.1388
117,1403,1520,0.1388
111,1413,1524,0.1388
112,1408,1520,0.1388
115,1403,1518,0.1388
115,1398,1513,0.1388
112,1402,1514,0.1388
112,1401,1513,0.1388
112,1393,1505,0.1388
110,1392,1502,0.1388
109,1398,1507,0.1388
107,1395,1502,0.1388
101,1402,1503,0.1388
99,1409,1508,0.1388
101,1416,1517,0.1388
101,1415,1516,0.1388
103,1419,1522,0.1388
97,1423,1520,0.1388
96,1423,1519,0.1388
94,1414,1508,0.1388
96,1410,1506,0.1388
93,1414,1507,0.1388
92,1414,1506,0.1388
90,1425,1515,0.1388
91,1417,1508,0.1388
93,1407,1500,0.1388
92,1412,1504,0.1388
91,1410,1501,0.1388
90,1400,1490,0.1388
92,1419,1511,0.1388
91,1421,1512,0.1388
93,1409,1502,0.1388
91,1416,1507,0.1388
94,1407,1501,0.1388
95,1412,1507,0.1388
90,1412,1502,0.1388
95,1401,1496,0.1388
94,1412,1506,0.1388
94,1420,1514,0.1388
96,1425,1521,0.1388
96,1411,1507,0.1388
97,1423,1520,0.1388
94,1425,1519,0.1388
92,1430,1522,0.1388
91,1422,1513,0.1388
93,1433,1526,0.1388
92,1429,1521,0.1388
91,1426,1517,0.1388
93,1434,1527,0.1388
92,1424,1516,0.1388
95,1413,1508,0.1388
94,1415,1509,0.1388
95,1428,1523,0.1388
95,1413,1508,0.1388
94,1416,1510,0.1388
93,1424,1517,0.1388
96,1416,1512,0.1388
95,1419,1514,0.1388
95,1427,1522,0.1388
95,1430,1525,0.1388
95,1435,1530,0.1388
94,1429,1523,0.1388
93,1425,1518,0.1388
93,1421,1514,0.1388
94,1425,1519,0.1388
96,1434,1530,0.1388
96,1428,1524,0.1388
96,1421,1517,0.1388
95,1422,1517,0.1388
92,1421,1513,0.1388
89,1419,1508,0.1388
90,1420,1510,0.1388
88,1430,1518,0.1388
88,1433,1521,0.1388
87,1420,1507,0.1388
89,1430,1519,0.1388
86,1449,1535,0.1388
88,1449,1537,0.1388
91,1433,1524,0.1388
92,1425,1517,0.1388
92,1411,1503,0.1388
89,1421,1510,0.1388
89,1425,1514,0.1388
87,1429,1516,0.1388
82,1434,1516,0.1388
83,1446,1529,0.1388
83,1441,1524,0.1388
88,1440,1528,0.1388
88,1442,1530,0.1388
88,1442,1530,0.1388
87,1422,1509,0.1388
87,1423,1510,0.1388
88,1419,1507,0.1388
88,1426,1514,0.1388
91,1421,1512,0.1388
87,1417,1504,0.1388
87,1414,1501,0.1388
87,1425,1512,0.1388
87,1418,1505,0.1388
85,1424,1509,0.1388
85,1415,1500,0.1388
87,1420,1507,0.1388
89,1419,1508,0.1388
88,1430,1518,0.1388
86,1422,1508,0.1388
80,1425,1505,0.1388
78,1434,1512,0.1388
81,1433,1514,0.1388
82,1435,1517,0.1388
77,1423,1500,0.1388
77,1416,1493,0.1388
80,1426,1506,0.1388
78,1434,1512,0.1388
77,1435,1512,0.1388
76,1441,1517,0.1388
78,1436,1514,0.1388
77,1440,1517,0.1388
75,1434,1509,0.1388
73,1442,1515,0.1388
74,1440,1514,0.1388
75,1454,1529,0.1388
72,1460,1532,0.1388
75,1461,1536,0.1388
75,1454,1529,0.1388
75,1453,1528,0.1388
74,1458,1532,0.1388
77,1460,1537,0.1388
75,1446,1521,0.1388
75,1437,1512,0.1388
73,1429,1502,0.1388
72,1426,1498,0.1388
72,1452,1524,0.1388
69,1466,1535,0.1388
67,1451,1518,0.1388
65,1443,1508,0.1388
69,1440,1509,0.1388
70,1446,1516,0.1388
68,1448,1516,0.1388
71,1452,1523,0.1388
72,1458,1530,0.1388
73,1436,1509,0.1388
73,1449,1522,0.1388
73,1448,1521,0.1388
74,1443,1517,0.1388
77,1432,1509,0.1388
75,1438,1513,0.1388
75,1447,1522,0.1388
75,1438,1513,0.1388
75,1421,1496,0.1388
79,1432,1511,0.1388
80,1432,1512,0.1388
80,1428,1508,0.1388
82,1425,1507,0.1388
83,1433,1516,0.1388
80,1439,1519,0.1388
82,1437,1519,0.1388
81,1436,1517,0.1388
77,1430,1507,0.1388
79,1429,1508,0.1388
81,1433,1514,0.1388
80,1450,1530,0.1388
81,1461,1542,0.1388
79,1445,1524,0.1388
78,1448,1526,0.1388
77,1455,1532,0.1388
77,1441,1518,0.1388
75,1429,1504,0.1388
74,1442,1516,0.1388
74,1443,1517,0.1388
76,1449,1525,0.1388
76,1453,1529,0.1388
77,1442,1519,0.1388
75,1440,1515,0.1388
77,1447,1524,0.1388
77,1444,1521,0.1388
77,1452,1529,0.1388
78,1452,1530,0.1388
76,1447,1523,0.1388
76,1446,1522,0.1388
76,1438,1514,0.1388
74,1440,1514,0.1388
71,1445,1516,0.1388
71,1450,1521,0.1388
74,1445,1519,0.1388
75,1450,1525,0.1388
74,1448,1522,0.1388
73,1456,1529,0.1388
75,1444,1519,0.1388
74,1444,1518,0.1388
74,1442,1516,0.1388
72,1450,1522,0.1388
71,1444,1515,0.1388
72,1440,1512,0.1388
70,1445,1515,0.1388
69,1450,1519,0.1388
68,1450,1518,0.1388
68,1460,1528,0.1388
67,1449,1516,0.1388
68,1441,1509,0.1388
69,1451,1520,0.1388
66,1446,1512,0.1388
65,1466,1531,0.1388
64,1458,1522,0.1388
65,1459,1524,0.1388
67,1453,1520,0.1388
65,1443,1508,0.1388
66,1455,1521,0.1388
66,1461,1527,0.1388
66,1460,1526,0.1388
63,1465,1528,0.1388
62,1463,1525,0.1388
62,1468,1530,0.1388
61,1473,1534,0.1388
59,1464,1523,0.1388
56,1463,1519,0.1388
58,1456,1514,0.1388
57,1472,1529,0.1388
54,1466,1520,0.1388
54,1457,1511,0.1388
54,1458,1512,0.1388
54,1470,1524,0.1388
54,1461,1515,0.1388
54,1466,1520,0.1388
53,1461,1514,0.1388
51,1466,1517,0.1388
48,1460,1508,0.1388
50,1458,1508,0.1388
50,1454,1504,0.1388
52,1459,1511,0.1388
54,1461,1515,0.1388
53,1461,1514,0.1388
52,1456,1508,0.1388
53,1462,1515,0.1388
54,1461,1515,0.1388
54,1459,1513,0.1388
52,1461,1513,0.1388
52,1464,1516,0.1388
52,1470,1522,0.1388
52,1476,1528,0.1388
54,1472,1526,0.1388
52,1475,1527,0.1388
49,1464,1513,0.1388
52,1461,1513,0.1388
51,1472,1523,0.1388
49,1472,1521,0.1388
45,1480,1525,0.1388
46,1474,1520,0.1388
45,1479,1524,0.1388
46,1467,1513,0.1388
47,1478,1525,0.1388
45,1475,1520,0.1388
46,1469,1515,0.1388
43,1471,1514,0.1388
42,1479,1521,0.1388
41,1482,1523,0.1388
39,1470,1509,0.1388
40,1480,1520,0.1388
41,1479,1520,0.1388
41,1473,1514,0.1388
42,1470,1512,0.1388
42,1482,1524,0.1388
42,1487,1529,0.1388
41,1476,1517,0.1388
42,1488,1530,0.1388
44,1481,1525,0.1388
46,1478,1524,0.1388
46,1471,1517,0.1388
45,1465,1510,0.1388
47,1476,1523,0.1388
46,1490,1536,0.1388
47,1485,1532,0.1388
44,1465,1509,0.1388
46,1482,1528,0.1388
48,1485,1533,0.1388
51,1476,1527,0.1388
49,1460,1509,0.1388
47,1455,1502,0.1388
46,1462,1508,0.1388
48,1463,1511,0.1388
47,1459,1506,0.1388
43,1462,1505,0.1388
41,1469,1510,0.1388
41,1478,1519,0.1388
40,1469,1509,0.1388
44,1477,1521,0.1388
46,1483,1529,0.1388
45,1486,1531,0.1388
43,1484,1527,0.1388
42,1474,1516,0.1388
42,1480,1522,0.1388
42,1482,1524,0.1388
44,1478,1522,0.1388
43,1474,1517,0.1388
45,1460,1505,0.1388
46,1469,1515,0.1388
47,1472,1519,0.1388
46,1467,1513,0.1388
46,1467,1513,0.1388
47,1461,1508,0.1388
46,1447,1493,0.1388
47,1467,1514,0.1388
47,1453,1500,0.1388
45,1452,1497,0.1388
47,1465,1512,0.1388
46,1459,1505,0.1388
48,1461,1509,0.1388
47,1469,1516,0.1388
48,1475,1523,0.1388
48,1458,1506,0.1388
47,1459,1506,0.1388
47,1467,1514,0.1388
47,1475,1522,0.1388
44,1457,1501,0.1388
44,1459,1503,0.1388
43,1473,1516,0.1388
42,1468,1510,0.1388
41,1483,1524,0.1388
41,1483,1524,0.1388
40,1483,1523,0.1388
38,1474,1512,0.1388
37,1464,1501,0.1388
36,1474,1510,0.1388
38,1467,1505,0.1388
38,1468,1506,0.1388
40,1468,1508,0.1388
40,1474,1514,0.1388
41,1474,1515,0.1388
40,1479,1519,0.1388
37,1482,1519,0.1388
38,1481,1519,0.1388
39,1485,1524,0.1388
42,1475,1517,0.1388
44,1471,1515,0.1388
43,1484,1527,0.1388
44,1501,1545,0.1388
43,1481,1524,0.1388
44,1480,1524,0.1388
44,1472,1516,0.1388
45,1471,1516,0.1388
43,1477,1520,0.1388
44,1475,1519,0.1388
44,1478,1522,0.1388
43,1465,1508,0.1388
42,1469,1511,0.1388
42,1480,1522,0.1388
42,1470,1512,0.1388
41,1466,1507,0.1388
40,1475,1515,0.1388
40,1475,1515,0.1388
40,1472,1512,0.1388
41,1464,1505,0.1388
41,1466,1507,0.1388
40,1477,1517,0.1388
40,1469,1509,0.1388
40,1450,1490,0.1388
39,1459,1498,0.1388
37,1468,1505,0.1388
38,1481,1519,0.1388
38,1476,1514,0.1388
38,1470,1508,0.1388
37,1478,1515,0.1388
37,1477,1514,0.1388
34,1474,1508,0.1388
33,1476,1509,0.1388
32,1482,1514,0.1388
32,1481,1513,0.1388
35,1504,1539,0.1388
36,1490,1526,0.1388
35,1485,1520,0.1388
34,1483,1517,0.1388
32,1481,1513,0.1388
35,1486,1521,0.1388
33,1483,1516,0.1388
33,1475,1508,0.1388
32,1476,1508,0.1388
33,1495,1528,0.1388
33,1480,1513,0.1388
34,1481,1515,0.1388
33,1492,1525,0.1388
33,1480,1513,0.1388
31,1479,1510,0.1388
32,1483,1515,0.1388
32,1490,1522,0.1388
32,1489,1521,0.1388
33,1490,1523,0.1388
34,1490,1524,0.1388
35,1490,1525,0.1388
36,1475,1511,0.1388
36,1462,1498,0.1388
38,1475,1513,0.1388
38,1474,1512,0.1388
38,1468,1506,0.1388
39,1481,1520,0.1388
39,1483,1522,0.1388
37,1485,1522,0.1388
38,1492,1530,0.1388
39,1500,1539,0.1388
36,1497,1533,0.1388
38,1485,1523,0.1388
38,1483,1521,0.1388
40,1478,1518,0.1388
41,1485,1526,0.1388
42,1483,1525,0.1388
43,1468,1511,0.1388
42,1473,1515,0.1388
44,1465,1509,0.1388
45,1474,1519,0.1388
46,1468,1514,0.1388
43,1459,1502,0.1388
45,1467,1512,0.1388
43,1462,1505,0.1388
43,1481,1524,0.1388
41,1476,1517,0.1388
42,1483,1525,0.1388
42,1471,1513,0.1388
41,1468,1509,0.1388
40,1465,1505,0.1388
45,1463,1508,0.1388
44,1461,1505,0.1388
44,1472,1516,0.1388
45,1473,1518,0.1388
44,1471,1515,0.1388
43,1478,1521,0.1388
45,1468,1513,0.1388
46,1462,1508,0.1388
45,1471,1516,0.1388
44,1472,1516,0.1388
43,1467,1510,0.1388
44,1453,1497,0.1388
41,1450,1491,0.1388
41,1451,1492,0.1388
41,1471,1512,0.1388
38,1476,1514,0.1388
37,1489,1526,0.1388
37,1480,1517,0.1388
36,1477,1513,0.1388
36,1484,1520,0.1388
37,1484,1521,0.1388
37,1489,1526,0.1388
37,1490,1527,0.1388
38,1498,1536,0.1388
38,1479,1517,0.1388
36,1473,1509,0.1388
36,1462,1498,0.1388
35,1465,1500,0.1388
35,1472,1507,0.1388
35,1473,1508,0.1388
38,1459,1497,0.1388
38,1476,1514,0.1388
38,1480,1518,0.1388
37,1476,1513,0.1388
35,1479,1514,0.1388
36,1477,1513,0.1388
38,1485,1523,0.1388
39,1489,1528,0.1388
40,1483,1523,0.1388
39,1469,1508,0.1388
38,1480,1518,0.1388
38,1492,1530,0.1388
37,1495,1532,0.1388
37,1477,1514,0.1388
38,1484,1522,0.1388
36,1485,1521,0.1388
36,1472,1508,0.1388
35,1462,1497,0.1388
35,1478,1513,0.1388
38,1482,1520,0.1388
38,1477,1515,0.1388
38,1482,1520,0.1388
39,1487,1526,0.1388
35,1492,1527,0.1388
37,1483,1520,0.1388
38,1490,1528,0.1388
40,1485,1525,0.1388
39,1479,1518,0.1388
41,1491,1532,0.1388
41,1476,1517,0.1388
42,1479,1521,0.1388
40,1470,1510,0.1388
40,1458,1498,0.1388
40,1454,1494,0.1388
41,1459,1500,0.1388
41,1464,1505,0.1388
39,1459,1498,0.1388
39,1459,1498,0.1388
38,1466,1504,0.1388
38,1470,1508,0.1388
37,1466,1503,0.1388
36,1467,1503,0.1388
39,1478,1517,0.1388
40,1470,1510,0.1388
42,1463,1505,0.1388
40,1467,1507,0.1388
40,1462,1502,0.1388
40,1470,1510,0.1388
39,1467,1506,0.1388
39,1474,1513,0.1388
40,1481,1521,0.1388
41,1474,1515,0.1388
42,1479,1521,0.1388
41,1491,1532,0.1388
41,1485,1526,0.1388
40,1481,1521,0.1388
40,1474,1514,0.1388
38,1471,1509,0.1388
39,1480,1519,0.1388
39,1484,1523,0.1388
38,1483,1521,0.1388
37,1487,1524,0.1388
39,1486,1525,0.1388
36,1480,1516,0.1388
38,1488,1526,0.1388
38,1493,1531,0.1388
38,1481,1519,0.1388
38,1480,1518,0.1388
38,1486,1524,0.1388
38,1482,1520,0.1388
37,1471,1508,0.1388
37,1474,1511,0.1388
34,1472,1506,0.1388
36,1478,1514,0.1388
35,1462,1497,0.1388
37,1469,1506,0.1388
39,1477,1516,0.1388
40,1479,1519,0.1388
37,1469,1506,0.1388
40,1485,1525,0.1388
42,1486,1528,0.1388
42,1474,1516,0.1388
44,1477,1521,0.1388
43,1468,1511,0.1388
43,1480,1523,0.1388
43,1483,1526,0.1388
44,1472,1516,0.1388
45,1467,1512,0.1388
45,1474,1519,0.1388
42,1477,1519,0.1388
43,1474,1517,0.1388
44,1463,1507,0.1388
42,1476,1518,0.1388
41,1480,1521,0.1388
44,1485,1529,0.1388
45,1475,1520,0.1388
45,1471,1516,0.1388
45,1465,1510,0.1388
43,1467,1510,0.1388
43,1462,1505,0.1388
44,1462,1506,0.1388
43,1475,1518,0.1388
43,1473,1516,0.1388
44,1469,1513,0.1388
44,1480,1524,0.1388
43,1467,1510,0.1388
45,1467,1512,0.1388
45,1466,1511,0.1388
43,1474,1517,0.1388
43,1486,1529,0.1388
42,1483,1525,0.1388
42,1487,1529,0.1388
43,1475,1518,0.1388
43,1484,1527,0.1388
44,1482,1526,0.1388
44,1494,1538,0.1388
45,1485,1530,0.1388
45,1475,1520,0.1388
46,1473,1519,0.1388
46,1477,1523,0.1388
44,1457,1501,0.1388
45,1459,1504,0.1388
44,1457,1501,0.1388
45,1467,1512,0.1388
46,1472,1518,0.1388
47,1462,1509,0.1388
47,1472,1519,0.1388
46,1477,1523,0.1388
46,1477,1523,0.1388
46,1461,1507,0.1388
44,1474,1518,0.1388
43,1483,1526,0.1388
44,1482,1526,0.1388
44,1469,1513,0.1388
41,1466,1507,0.1388
42,1457,1499,0.1388
40,1468,1508,0.1388
40,1463,1503,0.1388
40,1475,1515,0.1388
40,1485,1525,0.1388
38,1498,1536,0.1388
38,1494,1532,0.1388
36,1497,1533,0.1388
35,1490,1525,0.1388
37,1480,1517,0.1388
38,1483,1521,0.1388
37,1481,1518,0.1388
37,1483,1520,0.1388
37,1475,1512,0.1388
37,1489,1526,0.1388
34,1465,1499,0.1388
36,1456,1492,0.1388
35,1468,1503,0.1388
34,1470,1504,0.1388
35,1483,1518,0.1388
34,1485,1519,0.1388
34,1491,1525,0.1388
34,1484,1518,0.1388
32,1493,1525,0.1388
33,1490,1523,0.1388
32,1482,1514,0.1388
33,1471,1504,0.1388
34,1485,1519,0.1388
34,1480,1514,0.1388
34,1496,1530,0.1388
32,1498,1530,0.1388
33,1498,1531,0.1388
33,1495,1528,0.1388
34,1489,1523,0.1388
35,1477,1512,0.1388
31,1480,1511,0.1388
34,1480,1514,0.1388
33,1483,1516,0.1388
34,1487,1521,0.1388
35,1483,1518,0.1388
36,1477,1513,0.1388
36,1481,1517,0.1388
38,1471,1509,0.1388
37,1473,1510,0.1388
36,1482,1518,0.1388
35,1495,1530,0.1388
35,1487,1522,0.1388
35,1487,1522,0.1388
36,1479,1515,0.1388
36,1490,1526,0.1388
33,1476,1509,0.1388
33,1480,1513,0.1388
32,1499,1531,0.1388
32,1490,1522,0.1388
31,1492,1523,0.1388
32,1483,1515,0.1388
31,1488,1519,0.1388
32,1480,1512,0.1388
30,1493,1523,0.1388
29,1486,1515,0.1388
28,1492,1520,0.1388
27,1492,1519,0.1388
28,1477,1505,0.1388
28,1467,1495,0.1388
26,1472,1498,0.1388
27,1475,1502,0.1388
26,1483,1509,0.1388
26,1493,1519,0.1388
24,1486,1510,0.1388
24,1489,1513,0.1388
25,1503,1528,0.1388
24,1504,1528,0.1388
24,1502,1526,0.1388
23,1498,1521,0.1388
24,1504,1528,0.1388
24,1503,1527,0.1388
23,1498,1521,0.1388
23,1504,1527,0.1388
23,1479,1502,0.1388
22,1477,1499,0.1388
23,1485,1508,0.1388
24,1490,1514,0.1388
24,1497,1521,0.1388
24,1507,1531,0.1388
23,1507,1530,0.1388
23,1487,1510,0.1388
22,1484,1506,0.1388
23,1483,1506,0.1388
23,1489,1512,0.1388
22,1505,1527,0.1388
23,1498,1521,0.1388
22,1476,1498,0.1388
22,1483,1505,0.1388
21,1485,1506,0.1388
21,1489,1510,0.1388
19,1493,1512,0.1388
19,1487,1506,0.1388
19,1496,1515,0.1388
17,1490,1507,0.1388
18,1495,1513,0.1388
17,1494,1511,0.1388
17,1497,1514,0.1388
18,1500,1518,0.1388
17,1503,1520,0.1388
17,1494,1511,0.1388
17,1496,1513,0.1388
17,1489,1506,0.1388
17,1500,1517,0.1388
18,1503,1521,0.1388
17,1494,1511,0.1388
17,1495,1512,0.1388
17,1508,1525,0.1388
17,1502,1519,0.1388
17,1503,1520,0.1388
17,1502,1519,0.1388
18,1503,1521,0.1388
18,1498,1516,0.1388
18,1503,1521,0.1388
18,1498,1516,0.1388
18,1493,1511,0.1388
17,1495,1512,0.1388
17,1498,1515,0.1388
17,1507,1524,0.1388
17,1511,1528,0.1388
18,1500,1518,0.1388
19,1484,1503,0.1388
19,1489,1508,0.1388
20,1494,1514,0.1388
18,1503,1521,0.1388
18,1509,1527,0.1388
17,1505,1522,0.1388
17,1501,1518,0.1388
17,1489,1506,0.1388
19,1500,1519,0.1388
19,1499,1518,0.1388
19,1500,1519,0.1388
19,1507,1526,0.1388
19,1502,1521,0.1388
19,1499,1518,0.1388
18,1494,1512,0.1388
18,1498,1516,0.1388
18,1496,1514,0.1388
17,1493,1510,0.1388
16,1505,1521,0.1388
16,1501,1517,0.1388
15,1509,1524,0.1388
15,1498,1513,0.1388
15,1489,1504,0.1388
15,1497,1512,0.1388
15,1500,1515,0.1388
14,1507,1521,0.1388
13,1503,1516,0.1388
13,1510,1523,0.1388
14,1502,1516,0.1388
14,1507,1521,0.1388
13,1515,1528,0.1388
13,1506,1519,0.1388
13,1519,1532,0.1388
13,1521,1534,0.1388
14,1514,1528,0.1388
14,1509,1523,0.1388
14,1500,1514,0.1388
16,1507,1523,0.1388
16,1508,1524,0.1388
14,1489,1503,0.1388
13,1483,1496,0.1388
13,1489,1502,0.1388
13,1491,1504,0.1388
13,1494,1507,0.1388
13,1501,1514,0.1388
14,1500,1514,0.1388
14,1504,1518,0.1388
13,1496,1509,0.1388
13,1506,1519,0.1388
11,1503,1514,0.1388
11,1492,1503,0.1388
11,1483,1494,0.1388
11,1506,1517,0.1388
11,1502,1513,0.1388
11,1501,1512,0.1388
11,1504,1515,0.1388
11,1509,1520,0.1388
11,1514,1525,0.1388
11,1515,1526,0.1388
11,1506,1517,0.1388
9,1511,1520,0.1388
9,1508,1517,0.1388
9,1516,1525,0.1388
9,1519,1528,0.1388
9,1518,1527,0.1388
9,1515,1524,0.1388
9,1509,1518,0.1388
10,1512,1522,0.1388
10,1507,1517,0.1388
10,1510,1520,0.1388
10,1510,1520,0.1388
10,1506,1516,0.1388
10,1515,1525,0.1388
10,1523,1533,0.1388
9,1532,1541,0.1388
8,1532,1540,0.1388
7,1526,1533,0.1388
7,1536,1543,0.1388
7,1531,1538,0.1388
7,1538,1545,0.1388
6,1523,1529,0.1388
6,1521,1527,0.1388
5,1517,1522,0.1388
5,1512,1517,0.1388
5,1523,1528,0.1388
5,1505,1510,0.1388
6,1530,1536,0.1388
6,1525,1531,0.1388
6,1520,1526,0.1388
6,1520,1526,0.1388
6,1514,1520,0.1388
6,1521,1527,0.1388
6,1500,1506,0.1388
6,1497,1503,0.1388
6,1501,1507,0.1388
6,1497,1503,0.1388
6,1499,1505,0.1388
6,1508,1514,0.1388
6,1517,1523,0.1388
6,1512,1518,0.1388
6,1499,1505,0.1388
6,1495,1501,0.1388
6,1501,1507,0.1388
6,1515,1521,0.1388
6,1503,1509,0.1388
6,1520,1526,0.1388
5,1515,1520,0.1388
5,1506,1511,0.1388
4,1508,1512,0.1388
3,1524,1527,0.1388
4,1523,1527,0.1388
4,1525,1529,0.1388
4,1515,1519,0.1388
3,1519,1522,0.1388
3,1518,1521,0.1388
3,1510,1513,0.1388
3,1510,1513,0.1388
3,1506,1509,0.1388
3,1501,1504,0.1388
3,1501,1504,0.1388
3,1505,1508,0.1388
3,1506,1509,0.1388
3,1510,1513,0.1388
3,1520,1523,0.1388
3,1522,1525,0.1388
3,1520,1523,0.1388
3,1512,1515,0.1388
3,1524,1527,0.1388
3,1511,1514,0.1388
3,1513,1516,0.1388
3,1511,1514,0.1388
3,1508,1511,0.1388
3,1509,1512,0.1388
3,1520,1523,0.1388
3,1517,1520,0.1388
3,1527,1530,0.1388
3,1510,1513,0.1388
3,1512,1515,0.1388
3,1512,1515,0.1388
3,1513,1516,0.1388
3,1516,1519,0.1388
3,1517,1520,0.1388
3,1515,1518,0.1388
3,1518,1521,0.1388
3,1518,1521,0.1388
3,1515,1518,0.1388
3,1513,1516,0.1388
3,1516,1519,0.1388
3,1515,1518,0.1388
3,1516,1519,0.1388
3,1527,1530,0.1388
3,1529,1532,0.1388
3,1519,1522,0.1388
3,1508,1511,0.1388
3,1514,1517,0.1388
3,1494,1497,0.1388
3,1510,1513,0.1388
4,1509,1513,0.1388
4,1520,1524,0.1388
4,1521,1525,0.1388
4,1513,1517,0.1388
4,1500,1504,0.1388
4,1502,1506,0.1388
3,1505,1508,0.1388
3,1505,1508,0.1388
3,1508,1511,0.1388
3,1521,1524,0.1388
3,1523,1526,0.1388
3,1518,1521,0.1388
3,1516,1519,0.1388
3,1516,1519,0.1388
4,1511,1515,0.1388
4,1510,1514,0.1388
4,1505,1509,0.1388
3,1504,1507,0.1388
3,1518,1521,0.1388
3,1520,1523,0.1388
3,1517,1520,0.1388
4,1529,1533,0.1388
4,1504,1508,0.1388
4,1507,1511,0.1388
4,1507,1511,0.1388
4,1501,1505,0.1388
3,1506,1509,0.1388
3,1502,1505,0.1388
3,1509,1512,0.1388
3,1510,1513,0.1388
3,1512,1515,0.1388
3,1514,1517,0.1388
2,1512,1514,0.1388
2,1511,1513,0.1388
2,1504,1506,0.1388
2,1510,1512,0.1388
2,1513,1515,0.1388
2,1531,1533,0.1388
2,1510,1512,0.1388
2,1513,1515,0.1388
1,1523,1524,0.1388
1,1512,1513,0.1388
1,1511,1512,0.1388
1,1525,1526,0.1388
0,1512,1512,0.1388
