1350,29,1379,0.1388
1391,34,1425,0.1388
1416,34,1450,0.1388
1438,34,1472,0.1388
1430,34,1464,0.1388
1428,37,1465,0.1388
1439,38,1477,0.1388
1439,36,1475,0.1388
1448,37,1485,0.1388
1445,36,1481,0.1388
1450,37,1487,0.1388
1448,35,1483,0.1388
1449,35,1484,0.1388
1450,34,1484,0.1388
1464,35,1499,0.1388
1458,36,1494,0.1388
1455,38,1493,0.1388
1460,38,1498,0.1388
1441,38,1479,0.1388
1436,39,1475,0.1388
1432,39,1471,0.1388
1455,38,1493,0.1388
1458,39,1497,0.1388
1464,42,1506,0.1388
1459,41,1500,0.1388
1455,41,1496,0.1388
1444,42,1486,0.1388
1444,43,1487,0.1388
1447,41,1488,0.1388
1444,39,1483,0.1388
1443,41,1484,0.1388
1446,42,1488,0.1388
1463,42,1505,0.1388
1461,42,1503,0.1388
1453,42,1495,0.1388
1453,44,1497,0.1388
1450,43,1493,0.1388
1450,44,1494,0.1388
1454,44,1498,0.1388
1448,42,1490,0.1388
1454,40,1494,0.1388
1443,37,1480,0.1388
1448,39,1487,0.1388
1449,39,1488,0.1388
1447,39,1486,0.1388
1442,35,1477,0.1388
1454,35,1489,0.1388
1456,38,1494,0.1388
1449,39,1488,0.1388
1449,42,1491,0.1388
1455,43,1498,0.1388
1452,41,1493,0.1388
1457,42,1499,0.1388
1443,41,1484,0.1388
1461,41,1502,0.1388
1459,41,1500,0.1388
1450,41,1491,0.1388
1455,42,1497,0.1388
1450,42,1492,0.1388
1462,41,1503,0.1388
1455,41,1496,0.1388
1458,39,1497,0.1388
1464,38,1502,0.1388
1458,38,1496,0.1388
1453,37,1490,0.1388
1456,35,1491,0.1388
1442,34,1476,0.1388
1445,36,1481,0.1388
1440,35,1475,0.1388
1447,35,1482,0.1388
1466,34,1500,0.1388
1450,34,1484,0.1388
1455,35,1490,0.1388
1456,34,1490,0.1388
1443,34,1477,0.1388
1434,33,1467,0.1388
1434,34,1468,0.1388
1439,31,1470,0.1388
1450,31,1481,0.1388
1453,32,1485,0.1388
1466,30,1496,0.1388
1466,31,1497,0.1388
1472,30,1502,0.1388
1468,30,1498,0.1388
1474,32,1506,0.1388
1478,33,1511,0.1388
1478,34,1512,0.1388
1469,31,1500,0.1388
1464,31,1495,0.1388
1450,29,1479,0.1388
1464,29,1493,0.1388
1481,29,1510,0.1388
1483,29,1512,0.1388
1467,31,1498,0.1388
1464,31,1495,0.1388
1462,30,1492,0.1388
1461,32,1493,0.1388
1460,32,1492,0.1388
1465,31,1496,0.1388
1460,32,1492,0.1388
1457,32,1489,0.1388
1466,28,1494,0.1388
1460,30,1490,0.1388
1455,29,1484,0.1388
1460,27,1487,0.1388
1433,27,1460,0.1388
1439,27,1466,0.1388
1456,30,1486,0.1388
1454,30,1484,0.1388
1445,31,1476,0.1388
1440,34,1474,0.1388
1440,32,1472,0.1388
1467,34,1501,0.1388
1467,33,1500,0.1388
1465,34,1499,0.1388
1459,34,1493,0.1388
1460,33,1493,0.1388
1449,31,1480,0.1388
1448,31,1479,0.1388
1440,30,1470,0.1388
1455,30,1485,0.1388
1452,30,1482,0.1388
1457,29,1486,0.1388
1477,29,1506,0.1388
1467,30,1497,0.1388
1486,31,1517,0.1388
1479,33,1512,0.1388
1470,34,1504,0.1388
1469,35,1504,0.1388
1462,36,1498,0.1388
1474,34,1508,0.1388
1461,34,1495,0.1388
1465,34,1499,0.1388
1469,33,1502,0.1388
1464,32,1496,0.1388
1457,33,1490,0.1388
1448,35,1483,0.1388
1448,34,1482,0.1388
1447,36,1483,0.1388
1445,34,1479,0.1388
1437,33,1470,0.1388
1438,31,1469,0.1388
1436,31,1467,0.1388
1447,32,1479,0.1388
1439,30,1469,0.1388
1433,33,1466,0.1388
1450,30,1480,0.1388
1460,29,1489,0.1388
1463,32,1495,0.1388
1459,31,1490,0.1388
1460,30,1490,0.1388
1470,29,1499,0.1388
1469,29,1498,0.1388
1462,31,1493,0.1388
1469,29,1498,0.1388
1471,31,1502,0.1388
1463,34,1497,0.1388
1453,33,1486,0.1388
1448,35,1483,0.1388
1448,35,1483,0.1388
1461,34,1495,0.1388
1448,33,1481,0.1388
1444,35,1479,0.1388
1448,37,1485,0.1388
1453,33,1486,0.1388
1445,35,1480,0.1388
1451,37,1488,0.1388
1448,35,1483,0.1388
1456,35,1491,0.1388
1455,35,1490,0.1388
1454,36,1490,0.1388
1458,38,1496,0.1388
1454,37,1491,0.1388
1457,36,1493,0.1388
1451,38,1489,0.1388
1439,39,1478,0.1388
1434,38,1472,0.1388
1430,40,1470,0.1388
1441,40,1481,0.1388
1440,42,1482,0.1388
1445,43,1488,0.1388
1449,44,1493,0.1388
1450,43,1493,0.1388
1452,42,1494,0.1388
1448,43,1491,0.1388
1446,44,1490,0.1388
1452,43,1495,0.1388
1446,42,1488,0.1388
1448,43,1491,0.1388
1448,43,1491,0.1388
1438,44,1482,0.1388
1442,45,1487,0.1388
1444,44,1488,0.1388
1453,42,1495,0.1388
1450,44,1494,0.1388
1451,43,1494,0.1388
1450,45,1495,0.1388
1444,45,1489,0.1388
1424,46,1470,0.1388
1437,47,1484,0.1388
1432,48,1480,0.1388
1446,47,1493,0.1388
1447,47,1494,0.1388
1459,46,1505,0.1388
1444,47,1491,0.1388
1437,51,1488,0.1388
1443,53,1496,0.1388
1432,53,1485,0.1388
1426,53,1479,0.1388
1432,53,1485,0.1388
1432,53,1485,0.1388
1445,54,1499,0.1388
1444,52,1496,0.1388
1454,51,1505,0.1388
1466,53,1519,0.1388
1469,51,1520,0.1388
1463,52,1515,0.1388
1454,53,1507,0.1388
1459,52,1511,0.1388
1457,52,1509,0.1388
1439,53,1492,0.1388
1434,51,1485,0.1388
1435,49,1484,0.1388
1444,52,1496,0.1388
1442,53,1495,0.1388
1443,54,1497,0.1388
1436,54,1490,0.1388
1438,58,1496,0.1388
1440,58,1498,0.1388
1448,59,1507,0.1388
1422,60,1482,0.1388
1440,62,1502,0.1388
1431,59,1490,0.1388
1436,59,1495,0.1388
1429,58,1487,0.1388
1428,60,1488,0.1388
1429,60,1489,0.1388
1439,61,1500,0.1388
1434,62,1496,0.1388
1427,63,1490,0.1388
1442,63,1505,0.1388
1439,61,1500,0.1388
1439,62,1501,0.1388
1437,60,1497,0.1388
1443,63,1506,0.1388
1439,63,1502,0.1388
1442,63,1505,0.1388
1439,64,1503,0.1388
1435,65,1500,0.1388
1444,69,1513,0.1388
1423,68,1491,0.1388
1417,68,1485,0.1388
1430,71,1501,0.1388
1424,69,1493,0.1388
1427,67,1494,0.1388
1438,69,1507,0.1388
1451,68,1519,0.1388
1437,67,1504,0.1388
1429,68,1497,0.1388
1426,69,1495,0.1388
1417,69,1486,0.1388
1417,67,1484,0.1388
1426,68,1494,0.1388
1426,67,1493,0.1388
1424,73,1497,0.1388
1417,75,1492,0.1388
1424,78,1502,0.1388
1420,77,1497,0.1388
1425,76,1501,0.1388
1412,76,1488,0.1388
1407,72,1479,0.1388
1422,72,1494,0.1388
1419,73,1492,0.1388
1409,73,1482,0.1388
1411,74,1485,0.1388
1400,74,1474,0.1388
1410,76,1486,0.1388
1413,73,1486,0.1388
1411,72,1483,0.1388
1418,72,1490,0.1388
1411,72,1483,0.1388
1423,71,1494,0.1388
1424,69,1493,0.1388
1430,71,1501,0.1388
1416,70,1486,0.1388
1415,71,1486,0.1388
1418,68,1486,0.1388
1419,71,1490,0.1388
1415,68,1483,0.1388
1417,70,1487,0.1388
1421,67,1488,0.1388
1432,69,1501,0.1388
1431,70,1501,0.1388
1433,72,1505,0.1388
1427,71,1498,0.1388
1423,71,1494,0.1388
1418,70,1488,0.1388
1419,71,1490,0.1388
1421,72,1493,0.1388
1425,73,1498,0.1388
1432,72,1504,0.1388
1432,70,1502,0.1388
1443,72,1515,0.1388
1435,71,1506,0.1388
1424,70,1494,0.1388
1417,70,1487,0.1388
1418,72,1490,0.1388
1422,71,1493,0.1388
1431,75,1506,0.1388
1437,73,1510,0.1388
1417,72,1489,0.1388
1419,73,1492,0.1388
1406,71,1477,0.1388
1402,71,1473,0.1388
1408,72,1480,0.1388
1404,74,1478,0.1388
1415,74,1489,0.1388
1420,74,1494,0.1388
1418,74,1492,0.1388
1415,75,1490,0.1388
1408,76,1484,0.1388
1406,76,1482,0.1388
1408,75,1483,0.1388
1415,72,1487,0.1388
1410,73,1483,0.1388
1414,77,1491,0.1388
1410,78,1488,0.1388
1424,80,1504,0.1388
1413,77,1490,0.1388
1423,77,1500,0.1388
1424,78,1502,0.1388
1424,77,1501,0.1388
1438,79,1517,0.1388
1434,75,1509,0.1388
1412,76,1488,0.1388
1407,76,1483,0.1388
1403,76,1479,0.1388
1412,76,1488,0.1388
1416,77,1493,0.1388
1413,83,1496,0.1388
1419,85,1504,0.1388
1424,83,1507,0.1388
1427,84,1511,0.1388
1409,84,1493,0.1388
1424,84,1508,0.1388
1414,84,1498,0.1388
1407,84,1491,0.1388
1408,83,1491,0.1388
1416,85,1501,0.1388
1417,89,1506,0.1388
1402,88,1490,0.1388
1405,84,1489,0.1388
1396,82,1478,0.1388
1388,86,1474,0.1388
1391,86,1477,0.1388
1402,86,1488,0.1388
1410,88,1498,0.1388
1409,89,1498,0.1388
1412,85,1497,0.1388
1415,86,1501,0.1388
1424,85,1509,0.1388
1417,84,1501,0.1388
1413,88,1501,0.1388
1414,88,1502,0.1388
1402,91,1493,0.1388
1408,88,1496,0.1388
1398,88,1486,0.1388
1402,92,1494,0.1388
1411,93,1504,0.1388
1405,90,1495,0.1388
1401,92,1493,0.1388
1392,94,1486,0.1388
1386,96,1482,0.1388
1389,99,1488,0.1388
1390,101,1491,0.1388
1388,102,1490,0.1388
1389,104,1493,0.1388
1385,102,1487,0.1388
1368,104,1472,0.1388
1372,105,1477,0.1388
1385,103,1488,0.1388
1394,98,1492,0.1388
1390,100,1490,0.1388
1394,101,1495,0.1388
1390,101,1491,0.1388
1377,102,1479,0.1388
1372,105,1477,0.1388
1389,110,1499,0.1388
1393,109,1502,0.1388
1380,106,1486,0.1388
1374,107,1481,0.1388
1365,110,1475,0.1388
1371,112,1483,0.1388
1369,110,1479,0.1388
1361,108,1469,0.1388
1348,114,1462,0.1388
1356,119,1475,0.1388
1362,117,1479,0.1388
1365,118,1483,0.1388
1380,118,1498,0.1388
1388,115,1503,0.1388
1376,119,1495,0.1388
1374,119,1493,0.1388
1366,122,1488,0.1388
1374,123,1497,0.1388
1376,123,1499,0.1388
1384,128,1512,0.1388
1380,126,1506,0.1388
1388,126,1514,0.1388
1367,130,1497,0.1388
1353,127,1480,0.1388
1360,132,1492,0.1388
1360,131,1491,0.1388
1367,121,1488,0.1388
1363,121,1484,0.1388
1358,126,1484,0.1388
1373,129,1502,0.1388
1367,130,1497,0.1388
1355,126,1481,0.1388
1362,128,1490,0.1388
1370,126,1496,0.1388
1369,129,1498,0.1388
1373,126,1499,0.1388
1363,126,1489,0.1388
1371,122,1493,0.1388
1372,123,1495,0.1388
1370,121,1491,0.1388
1387,119,1506,0.1388
1375,120,1495,0.1388
1376,118,1494,0.1388
1363,122,1485,0.1388
1370,122,1492,0.1388
1382,127,1509,0.1388
1378,129,1507,0.1388
1385,131,1516,0.1388
1390,128,1518,0.1388
1397,125,1522,0.1388
1388,126,1514,0.1388
1379,127,1506,0.1388
1368,130,1498,0.1388
1378,127,1505,0.1388
1369,125,1494,0.1388
1352,130,1482,0.1388
1357,132,1489,0.1388
1365,133,1498,0.1388
1360,132,1492,0.1388
1344,129,1473,0.1388
1352,126,1478,0.1388
1352,132,1484,0.1388
1372,133,1505,0.1388
1362,132,1494,0.1388
1360,127,1487,0.1388
1355,128,1483,0.1388
1346,127,1473,0.1388
1339,124,1463,0.1388
1340,127,1467,0.1388
1352,124,1476,0.1388
1356,125,1481,0.1388
1344,126,1470,0.1388
1350,128,1478,0.1388
1361,128,1489,0.1388
1371,131,1502,0.1388
1368,127,1495,0.1388
1368,128,1496,0.1388
1376,129,1505,0.1388
1363,133,1496,0.1388
1369,128,1497,0.1388
1366,131,1497,0.1388
1355,132,1487,0.1388
1345,129,1474,0.1388
1348,126,1474,0.1388
1355,127,1482,0.1388
1364,124,1488,0.1388
1355,119,1474,0.1388
1346,123,1469,0.1388
1350,130,1480,0.1388
1357,134,1491,0.1388
1357,136,1493,0.1388
1350,136,1486,0.1388
1362,140,1502,0.1388
1353,144,1497,0.1388
1355,144,1499,0.1388
1355,142,1497,0.1388
1354,144,1498,0.1388
1354,140,1494,0.1388
1351,139,1490,0.1388
1349,140,1489,0.1388
1344,137,1481,0.1388
1347,138,1485,0.1388
1357,139,1496,0.1388
1348,138,1486,0.1388
1356,143,1499,0.1388
1354,141,1495,0.1388
1368,136,1504,0.1388
1367,137,1504,0.1388
1362,145,1507,0.1388
1355,146,1501,0.1388
1361,147,1508,0.1388
1353,146,1499,0.1388
1344,148,1492,0.1388
1345,147,1492,0.1388
1340,146,1486,0.1388
1327,149,1476,0.1388
1337,152,1489,0.1388
1345,147,1492,0.1388
1355,144,1499,0.1388
1346,143,1489,0.1388
1351,152,1503,0.1388
1344,155,1499,0.1388
1331,155,1486,0.1388
1350,152,1502,0.1388
1344,155,1499,0.1388
1351,157,1508,0.1388
1347,156,1503,0.1388
1346,160,1506,0.1388
1343,152,1495,0.1388
1326,152,1478,0.1388
1328,155,1483,0.1388
1331,155,1486,0.1388
1327,159,1486,0.1388
1324,158,1482,0.1388
1329,168,1497,0.1388
1330,168,1498,0.1388
1314,171,1485,0.1388
1305,170,1475,0.1388
1312,172,1484,0.1388
1316,170,1486,0.1388
1309,171,1480,0.1388
1312,175,1487,0.1388
1310,175,1485,0.1388
1324,176,1500,0.1388
1323,172,1495,0.1388
1318,178,1496,0.1388
1318,177,1495,0.1388
1316,180,1496,0.1388
1304,177,1481,0.1388
1319,177,1496,0.1388
1324,171,1495,0.1388
1311,173,1484,0.1388
1316,173,1489,0.1388
1311,178,1489,0.1388
1318,176,1494,0.1388
1314,179,1493,0.1388
1319,173,1492,0.1388
1307,170,1477,0.1388
1315,172,1487,0.1388
1304,171,1475,0.1388
1316,172,1488,0.1388
1320,173,1493,0.1388
1329,174,1503,0.1388
1311,185,1496,0.1388
1318,180,1498,0.1388
1305,184,1489,0.1388
1300,183,1483,0.1388
1307,181,1488,0.1388
1309,185,1494,0.1388
1305,186,1491,0.1388
1324,182,1506,0.1388
1333,186,1519,0.1388
1330,187,1517,0.1388
1317,180,1497,0.1388
1324,180,1504,0.1388
1315,182,1497,0.1388
1317,182,1499,0.1388
1322,186,1508,0.1388
1330,185,1515,0.1388
1325,185,1510,0.1388
1322,187,1509,0.1388
1315,188,1503,0.1388
1313,185,1498,0.1388
1314,180,1494,0.1388
1313,181,1494,0.1388
1312,186,1498,0.1388
1317,189,1506,0.1388
1313,183,1496,0.1388
1312,186,1498,0.1388
1310,186,1496,0.1388
1329,190,1519,0.1388
1299,192,1491,0.1388
1297,194,1491,0.1388
1292,195,1487,0.1388
1300,195,1495,0.1388
1301,196,1497,0.1388
1303,195,1498,0.1388
1309,191,1500,0.1388
1297,191,1488,0.1388
1297,188,1485,0.1388
1305,193,1498,0.1388
1305,190,1495,0.1388
1308,187,1495,0.1388
1306,188,1494,0.1388
1292,187,1479,0.1388
1287,186,1473,0.1388
1294,183,1477,0.1388
1297,187,1484,0.1388
1294,192,1486,0.1388
1308,189,1497,0.1388
1301,191,1492,0.1388
1295,195,1490,0.1388
1284,195,1479,0.1388
1287,193,1480,0.1388
1283,198,1481,0.1388
1281,194,1475,0.1388
1290,198,1488,0.1388
1278,196,1474,0.1388
1283,193,1476,0.1388
1283,191,1474,0.1388
1286,196,1482,0.1388
1287,202,1489,0.1388
1299,198,1497,0.1388
1305,197,1502,0.1388
1301,198,1499,0.1388
1296,201,1497,0.1388
1299,208,1507,0.1388
1300,196,1496,0.1388
1304,198,1502,0.1388
1296,197,1493,0.1388
1298,196,1494,0.1388
1296,200,1496,0.1388
1289,200,1489,0.1388
1310,200,1510,0.1388
1312,201,1513,0.1388
1307,199,1506,0.1388
1299,198,1497,0.1388
1301,197,1498,0.1388
1290,193,1483,0.1388
1287,196,1483,0.1388
1289,202,1491,0.1388
1293,202,1495,0.1388
1282,203,1485,0.1388
1294,199,1493,0.1388
1297,205,1502,0.1388
1303,196,1499,0.1388
1299,199,1498,0.1388
1293,204,1497,0.1388
1290,206,1496,0.1388
1279,213,1492,0.1388
1277,210,1487,0.1388
1294,211,1505,0.1388
1279,214,1493,0.1388
1292,217,1509,0.1388
1288,213,1501,0.1388
1279,213,1492,0.1388
1289,211,1500,0.1388
1305,211,1516,0.1388
1300,209,1509,0.1388
1296,212,1508,0.1388
1296,211,1507,0.1388
1300,210,1510,0.1388
1299,212,1511,0.1388
1282,207,1489,0.1388
1276,208,1484,0.1388
1285,211,1496,0.1388
1289,211,1500,0.1388
1276,215,1491,0.1388
1269,216,1485,0.1388
1267,218,1485,0.1388
1259,224,1483,0.1388
1256,227,1483,0.1388
1252,226,1478,0.1388
1266,225,1491,0.1388
1262,226,1488,0.1388
1264,226,1490,0.1388
1279,220,1499,0.1388
1277,222,1499,0.1388
1293,224,1517,0.1388
1278,226,1504,0.1388
1294,223,1517,0.1388
1300,219,1519,0.1388
1298,220,1518,0.1388
1294,219,1513,0.1388
1274,216,1490,0.1388
1270,214,1484,0.1388
1271,221,1492,0.1388
1272,221,1493,0.1388
1260,218,1478,0.1388
1256,214,1470,0.1388
1273,214,1487,0.1388
1264,220,1484,0.1388
1255,220,1475,0.1388
1256,225,1481,0.1388
1263,229,1492,0.1388
1271,228,1499,0.1388
1265,227,1492,0.1388
1261,227,1488,0.1388
1260,231,1491,0.1388
1261,227,1488,0.1388
1264,231,1495,0.1388
1258,234,1492,0.1388
1249,238,1487,0.1388
1258,237,1495,0.1388
1275,243,1518,0.1388
1264,240,1504,0.1388
1274,236,1510,0.1388
1269,221,1490,0.1388
1281,228,1509,0.1388
1278,230,1508,0.1388
1283,229,1512,0.1388
1265,233,1498,0.1388
1263,230,1493,0.1388
1256,235,1491,0.1388
1248,230,1478,0.1388
1263,234,1497,0.1388
1258,236,1494,0.1388
1259,234,1493,0.1388
1260,231,1491,0.1388
1266,228,1494,0.1388
1251,229,1480,0.1388
1261,228,1489,0.1388
1263,230,1493,0.1388
1264,235,1499,0.1388
1274,236,1510,0.1388
1270,235,1505,0.1388
1280,235,1515,0.1388
1271,235,1506,0.1388
1267,241,1508,0.1388
1254,240,1494,0.1388
1248,235,1483,0.1388
1238,237,1475,0.1388
1232,241,1473,0.1388
1251,243,1494,0.1388
1237,242,1479,0.1388
1236,242,1478,0.1388
1250,237,1487,0.1388
1253,244,1497,0.1388
1252,241,1493,0.1388
1245,243,1488,0.1388
1249,249,1498,0.1388
1248,250,1498,0.1388
1252,248,1500,0.1388
1245,251,1496,0.1388
1237,243,1480,0.1388
1235,244,1479,0.1388
1236,250,1486,0.1388
1237,250,1487,0.1388
1234,250,1484,0.1388
1248,248,1496,0.1388
1241,257,1498,0.1388
1240,260,1500,0.1388
1228,259,1487,0.1388
1236,264,1500,0.1388
1224,267,1491,0.1388
1215,269,1484,0.1388
1218,275,1493,0.1388
1221,276,1497,0.1388
1226,279,1505,0.1388
1222,280,1502,0.1388
1213,279,1492,0.1388
1211,278,1489,0.1388
1218,279,1497,0.1388
1215,283,1498,0.1388
1212,282,1494,0.1388
1215,283,1498,0.1388
1216,288,1504,0.1388
1205,286,1491,0.1388
1208,286,1494,0.1388
1198,290,1488,0.1388
1209,285,1494,0.1388
1199,297,1496,0.1388
1201,295,1496,0.1388
1192,290,1482,0.1388
1189,286,1475,0.1388
1196,290,1486,0.1388
1201,297,1498,0.1388
1195,302,1497,0.1388
1199,303,1502,0.1388
1208,309,1517,0.1388
1194,304,1498,0.1388
1200,306,1506,0.1388
1187,306,1493,0.1388
1182,303,1485,0.1388
1175,301,1476,0.1388
1182,303,1485,0.1388
1185,297,1482,0.1388
1188,301,1489,0.1388
1197,298,1495,0.1388
1201,296,1497,0.1388
1192,299,1491,0.1388
1190,294,1484,0.1388
1186,297,1483,0.1388
1181,297,1478,0.1388
1183,302,1485,0.1388
1177,308,1485,0.1388
1192,301,1493,0.1388
1187,307,1494,0.1388
1188,317,1505,0.1388
1191,315,1506,0.1388
1192,320,1512,0.1388
1177,321,1498,0.1388
1184,322,1506,0.1388
1180,324,1504,0.1388
1179,325,1504,0.1388
1179,322,1501,0.1388
1172,318,1490,0.1388
1167,318,1485,0.1388
1163,319,1482,0.1388
1169,318,1487,0.1388
1163,318,1481,0.1388
1160,317,1477,0.1388
1170,318,1488,0.1388
1170,316,1486,0.1388
1167,316,1483,0.1388
1175,327,1502,0.1388
1170,327,1497,0.1388
1174,329,1503,0.1388
1165,324,1489,0.1388
1157,332,1489,0.1388
1145,337,1482,0.1388
1153,334,1487,0.1388
1161,336,1497,0.1388
1163,339,1502,0.1388
1151,345,1496,0.1388
1154,337,1491,0.1388
1150,342,1492,0.1388
1152,347,1499,0.1388
1152,346,1498,0.1388
1149,350,1499,0.1388
1145,345,1490,0.1388
1139,350,1489,0.1388
1145,349,1494,0.1388
1138,352,1490,0.1388
1142,356,1498,0.1388
1134,349,1483,0.1388
1130,350,1480,0.1388
1129,351,1480,0.1388
1138,354,1492,0.1388
1136,356,1492,0.1388
1132,357,1489,0.1388
1141,356,1497,0.1388
1146,357,1503,0.1388
1144,363,1507,0.1388
1138,367,1505,0.1388
1135,368,1503,0.1388
1135,369,1504,0.1388
1128,367,1495,0.1388
1129,373,1502,0.1388
1134,373,1507,0.1388
1128,367,1495,0.1388
1119,373,1492,0.1388
1130,368,1498,0.1388
1128,371,1499,0.1388
1137,377,1514,0.1388
1143,373,1516,0.1388
1132,374,1506,0.1388
1125,369,1494,0.1388
1136,374,1510,0.1388
1127,375,1502,0.1388
1116,374,1490,0.1388
1108,382,1490,0.1388
1101,385,1486,0.1388
1107,387,1494,0.1388
1123,390,1513,0.1388
1114,394,1508,0.1388
1119,388,1507,0.1388
1106,397,1503,0.1388
1107,403,1510,0.1388
1088,402,1490,0.1388
1097,410,1507,0.1388
1093,405,1498,0.1388
1089,406,1495,0.1388
1090,404,1494,0.1388
1101,402,1503,0.1388
1106,397,1503,0.1388
1112,402,1514,0.1388
1107,401,1508,0.1388
1107,406,1513,0.1388
1096,406,1502,0.1388
1093,406,1499,0.1388
1078,403,1481,0.1388
1088,406,1494,0.1388
1082,407,1489,0.1388
1071,407,1478,0.1388
1072,412,1484,0.1388
1076,415,1491,0.1388
1071,415,1486,0.1388
1071,412,1483,0.1388
1083,415,1498,0.1388
1089,421,1510,0.1388
1080,423,1503,0.1388
1070,427,1497,0.1388
1063,425,1488,0.1388
1067,429,1496,0.1388
1079,432,1511,0.1388
1086,428,1514,0.1388
1078,421,1499,0.1388
1064,428,1492,0.1388
1059,428,1487,0.1388
1052,433,1485,0.1388
1052,431,1483,0.1388
1058,434,1492,0.1388
1057,432,1489,0.1388
1063,438,1501,0.1388
1053,432,1485,0.1388
1052,435,1487,0.1388
1063,438,1501,0.1388
1068,436,1504,0.1388
1061,438,1499,0.1388
1068,434,1502,0.1388
1058,440,1498,0.1388
1054,436,1490,0.1388
1049,439,1488,0.1388
1054,436,1490,0.1388
1057,433,1490,0.1388
1048,428,1476,0.1388
1056,432,1488,0.1388
1058,431,1489,0.1388
1048,432,1480,0.1388
1048,442,1490,0.1388
1054,445,1499,0.1388
1058,449,1507,0.1388
1064,448,1512,0.1388
1059,448,1507,0.1388
1056,458,1514,0.1388
1048,452,1500,0.1388
1040,458,1498,0.1388
1046,459,1505,0.1388
1043,454,1497,0.1388
1048,457,1505,0.1388
1047,463,1510,0.1388
1047,478,1525,0.1388
1050,470,1520,0.1388
1039,464,1503,0.1388
1049,466,1515,0.1388
1043,469,1512,0.1388
1047,464,1511,0.1388
1043,464,1507,0.1388
1028,465,1493,0.1388
1024,470,1494,0.1388
1022,467,1489,0.1388
1023,470,1493,0.1388
1016,475,1491,0.1388
1015,471,1486,0.1388
1009,471,1480,0.1388
1022,467,1489,0.1388
1019,465,1484,0.1388
1023,469,1492,0.1388
1024,473,1497,0.1388
1026,476,1502,0.1388
1021,470,1491,0.1388
1025,476,1501,0.1388
1022,471,1493,0.1388
1020,475,1495,0.1388
1023,471,1494,0.1388
1032,483,1515,0.1388
1028,488,1516,0.1388
1019,494,1513,0.1388
1028,489,1517,0.1388
1010,490,1500,0.1388
1022,496,1518,0.1388
1018,499,1517,0.1388
1007,496,1503,0.1388
988,498,1486,0.1388
989,507,1496,0.1388
987,508,1495,0.1388
979,513,1492,0.1388
989,507,1496,0.1388
991,509,1500,0.1388
997,507,1504,0.1388
995,507,1502,0.1388
1013,495,1508,0.1388
1007,509,1516,0.1388
1014,509,1523,0.1388
1004,508,1512,0.1388
984,511,1495,0.1388
985,507,1492,0.1388
995,509,1504,0.1388
995,513,1508,0.1388
1001,510,1511,0.1388
999,503,1502,0.1388
994,502,1496,0.1388
992,502,1494,0.1388
980,504,1484,0.1388
983,502,1485,0.1388
984,511,1495,0.1388
989,516,1505,0.1388
982,516,1498,0.1388
985,515,1500,0.1388
977,519,1496,0.1388
969,529,1498,0.1388
968,527,1495,0.1388
976,536,1512,0.1388
981,545,1526,0.1388
979,545,1524,0.1388
983,537,1520,0.1388
966,538,1504,0.1388
963,542,1505,0.1388
970,539,1509,0.1388
973,540,1513,0.1388
974,536,1510,0.1388
964,535,1499,0.1388
961,540,1501,0.1388
964,543,1507,0.1388
964,544,1508,0.1388
967,533,1500,0.1388
968,538,1506,0.1388
968,540,1508,0.1388
969,548,1517,0.1388
968,538,1506,0.1388
961,550,1511,0.1388
960,550,1510,0.1388
948,552,1500,0.1388
955,550,1505,0.1388
952,559,1511,0.1388
956,555,1511,0.1388
968,551,1519,0.1388
957,559,1516,0.1388
952,553,1505,0.1388
946,552,1498,0.1388
936,549,1485,0.1388
944,551,1495,0.1388
932,554,1486,0.1388
933,552,1485,0.1388
938,560,1498,0.1388
931,568,1499,0.1388
932,559,1491,0.1388
934,560,1494,0.1388
923,564,1487,0.1388
927,561,1488,0.1388
931,566,1497,0.1388
930,565,1495,0.1388
935,562,1497,0.1388
936,564,1500,0.1388
922,580,1502,0.1388
916,577,1493,0.1388
917,575,1492,0.1388
922,574,1496,0.1388
925,577,1502,0.1388
920,575,1495,0.1388
913,573,1486,0.1388
916,571,1487,0.1388
921,574,1495,0.1388
911,574,1485,0.1388
924,583,1507,0.1388
940,580,1520,0.1388
933,580,1513,0.1388
931,575,1506,0.1388
929,579,1508,0.1388
924,587,1511,0.1388
915,590,1505,0.1388
915,584,1499,0.1388
921,587,1508,0.1388
914,584,1498,0.1388
920,584,1504,0.1388
907,597,1504,0.1388
908,598,1506,0.1388
908,599,1507,0.1388
909,606,1515,0.1388
894,608,1502,0.1388
881,612,1493,0.1388
889,609,1498,0.1388
887,608,1495,0.1388
886,608,1494,0.1388
897,614,1511,0.1388
896,616,1512,0.1388
902,622,1524,0.1388
895,619,1514,0.1388
900,618,1518,0.1388
911,625,1536,0.1388
906,630,1536,0.1388
901,622,1523,0.1388
901,618,1519,0.1388
894,618,1512,0.1388
894,612,1506,0.1388
897,616,1513,0.1388
898,611,1509,0.1388
884,621,1505,0.1388
885,618,1503,0.1388
886,629,1515,0.1388
879,628,1507,0.1388
882,624,1506,0.1388
893,608,1501,0.1388
893,620,1513,0.1388
894,619,1513,0.1388
895,613,1508,0.1388
900,620,1520,0.1388
897,612,1509,0.1388
896,610,1506,0.1388
888,614,1502,0.1388
887,618,1505,0.1388
894,621,1515,0.1388
898,619,1517,0.1388
886,620,1506,0.1388
879,620,1499,0.1388
887,624,1511,0.1388
870,630,1500,0.1388
874,625,1499,0.1388
872,627,1499,0.1388
862,623,1485,0.1388
867,626,1493,0.1388
868,620,1488,0.1388
856,628,1484,0.1388
852,631,1483,0.1388
853,635,1488,0.1388
858,643,1501,0.1388
864,646,1510,0.1388
865,642,1507,0.1388
861,637,1498,0.1388
850,649,1499,0.1388
864,642,1506,0.1388
854,648,1502,0.1388
857,643,1500,0.1388
853,644,1497,0.1388
853,642,1495,0.1388
853,647,1500,0.1388
857,648,1505,0.1388
854,651,1505,0.1388
851,652,1503,0.1388
852,651,1503,0.1388
850,648,1498,0.1388
838,648,1486,0.1388
848,645,1493,0.1388
854,649,1503,0.1388
844,648,1492,0.1388
846,651,1497,0.1388
847,648,1495,0.1388
848,656,1504,0.1388
848,661,1509,0.1388
853,656,1509,0.1388
841,655,1496,0.1388
842,652,1494,0.1388
841,662,1503,0.1388
841,670,1511,0.1388
845,668,1513,0.1388
836,668,1504,0.1388
833,673,1506,0.1388
814,668,1482,0.1388
823,658,1481,0.1388
814,664,1478,0.1388
825,667,1492,0.1388
828,672,1500,0.1388
833,676,1509,0.1388
821,675,1496,0.1388
830,685,1515,0.1388
827,680,1507,0.1388
830,681,1511,0.1388
823,678,1501,0.1388
819,680,1499,0.1388
822,677,1499,0.1388
816,681,1497,0.1388
817,681,1498,0.1388
794,693,1487,0.1388
806,686,1492,0.1388
809,685,1494,0.1388
803,688,1491,0.1388
810,703,1513,0.1388
804,703,1507,0.1388
786,708,1494,0.1388
796,706,1502,0.1388
799,710,1509,0.1388
787,706,1493,0.1388
791,713,1504,0.1388
786,707,1493,0.1388
790,707,1497,0.1388
794,715,1509,0.1388
795,710,1505,0.1388
789,709,1498,0.1388
784,704,1488,0.1388
774,701,1475,0.1388
776,702,1478,0.1388
785,712,1497,0.1388
781,718,1499,0.1388
776,709,1485,0.1388
784,717,1501,0.1388
778,729,1507,0.1388
780,729,1509,0.1388
789,737,1526,0.1388
781,734,1515,0.1388
789,737,1526,0.1388
789,732,1521,0.1388
788,738,1526,0.1388
784,731,1515,0.1388
777,742,1519,0.1388
769,743,1512,0.1388
766,747,1513,0.1388
765,745,1510,0.1388
763,747,1510,0.1388
774,737,1511,0.1388
782,735,1517,0.1388
773,738,1511,0.1388
779,745,1524,0.1388
784,739,1523,0.1388
792,738,1530,0.1388
775,744,1519,0.1388
775,739,1514,0.1388
771,745,1516,0.1388
773,740,1513,0.1388
765,743,1508,0.1388
762,745,1507,0.1388
761,751,1512,0.1388
756,741,1497,0.1388
759,742,1501,0.1388
759,745,1504,0.1388
759,748,1507,0.1388
762,746,1508,0.1388
765,745,1510,0.1388
757,738,1495,0.1388
754,737,1491,0.1388
751,741,1492,0.1388
749,747,1496,0.1388
752,752,1504,0.1388
751,754,1505,0.1388
747,753,1500,0.1388
750,767,1517,0.1388
739,762,1501,0.1388
740,771,1511,0.1388
743,760,1503,0.1388
745,763,1508,0.1388
748,760,1508,0.1388
744,761,1505,0.1388
739,762,1501,0.1388
736,760,1496,0.1388
738,762,1500,0.1388
738,773,1511,0.1388
741,783,1524,0.1388
741,786,1527,0.1388
743,777,1520,0.1388
739,769,1508,0.1388
733,773,1506,0.1388
729,776,1505,0.1388
723,768,1491,0.1388
727,769,1496,0.1388
730,769,1499,0.1388
730,766,1496,0.1388
727,771,1498,0.1388
724,780,1504,0.1388
725,776,1501,0.1388
728,788,1516,0.1388
730,779,1509,0.1388
727,779,1506,0.1388
714,780,1494,0.1388
711,782,1493,0.1388
727,785,1512,0.1388
731,779,1510,0.1388
736,775,1511,0.1388
741,782,1523,0.1388
744,773,1517,0.1388
742,781,1523,0.1388
738,779,1517,0.1388
732,775,1507,0.1388
740,772,1512,0.1388
738,781,1519,0.1388
746,786,1532,0.1388
740,787,1527,0.1388
734,783,1517,0.1388
732,793,1525,0.1388
724,784,1508,0.1388
716,777,1493,0.1388
715,779,1494,0.1388
718,787,1505,0.1388
718,774,1492,0.1388
718,773,1491,0.1388
708,784,1492,0.1388
702,791,1493,0.1388
704,796,1500,0.1388
700,793,1493,0.1388
701,795,1496,0.1388
701,806,1507,0.1388
701,808,1509,0.1388
707,819,1526,0.1388
696,813,1509,0.1388
702,810,1512,0.1388
702,812,1514,0.1388
692,814,1506,0.1388
692,806,1498,0.1388
684,808,1492,0.1388
678,816,1494,0.1388
693,809,1502,0.1388
681,815,1496,0.1388
688,821,1509,0.1388
683,820,1503,0.1388
691,823,1514,0.1388
683,819,1502,0.1388
691,819,1510,0.1388
700,819,1519,0.1388
692,825,1517,0.1388
683,815,1498,0.1388
681,813,1494,0.1388
680,812,1492,0.1388
676,814,1490,0.1388
675,815,1490,0.1388
676,820,1496,0.1388
673,816,1489,0.1388
682,821,1503,0.1388
682,823,1505,0.1388
666,820,1486,0.1388
677,823,1500,0.1388
681,832,1513,0.1388
686,831,1517,0.1388
684,824,1508,0.1388
687,824,1511,0.1388
686,822,1508,0.1388
691,831,1522,0.1388
685,832,1517,0.1388
689,827,1516,0.1388
689,828,1517,0.1388
695,826,1521,0.1388
697,823,1520,0.1388
686,825,1511,0.1388
683,827,1510,0.1388
682,827,1509,0.1388
678,832,1510,0.1388
672,828,1500,0.1388
664,837,1501,0.1388
665,841,1506,0.1388
671,841,1512,0.1388
669,847,1516,0.1388
664,852,1516,0.1388
662,860,1522,0.1388
653,854,1507,0.1388
658,857,1515,0.1388
652,848,1500,0.1388
648,843,1491,0.1388
645,848,1493,0.1388
646,850,1496,0.1388
661,852,1513,0.1388
659,848,1507,0.1388
655,840,1495,0.1388
664,836,1500,0.1388
659,839,1498,0.1388
652,846,1498,0.1388
656,855,1511,0.1388
653,856,1509,0.1388
638,859,1497,0.1388
645,855,1500,0.1388
638,869,1507,0.1388
642,870,1512,0.1388
646,866,1512,0.1388
639,880,1519,0.1388
637,886,1523,0.1388
632,883,1515,0.1388
625,883,1508,0.1388
630,877,1507,0.1388
625,875,1500,0.1388
622,890,1512,0.1388
628,889,1517,0.1388
619,891,1510,0.1388
626,889,1515,0.1388
615,892,1507,0.1388
617,885,1502,0.1388
617,895,1512,0.1388
617,893,1510,0.1388
615,896,1511,0.1388
615,898,1513,0.1388
610,893,1503,0.1388
615,896,1511,0.1388
618,901,1519,0.1388
620,898,1518,0.1388
620,892,1512,0.1388
606,898,1504,0.1388
599,897,1496,0.1388
600,892,1492,0.1388
607,895,1502,0.1388
608,890,1498,0.1388
606,901,1507,0.1388
598,903,1501,0.1388
604,904,1508,0.1388
608,900,1508,0.1388
601,910,1511,0.1388
600,912,1512,0.1388
594,905,1499,0.1388
591,906,1497,0.1388
586,896,1482,0.1388
593,900,1493,0.1388
598,916,1514,0.1388
596,921,1517,0.1388
598,908,1506,0.1388
600,909,1509,0.1388
590,910,1500,0.1388
586,920,1506,0.1388
590,920,1510,0.1388
584,930,1514,0.1388
586,927,1513,0.1388
585,919,1504,0.1388
582,927,1509,0.1388
578,921,1499,0.1388
578,919,1497,0.1388
580,920,1500,0.1388
590,916,1506,0.1388
587,924,1511,0.1388
580,923,1503,0.1388
578,922,1500,0.1388
582,923,1505,0.1388
580,928,1508,0.1388
581,929,1510,0.1388
579,930,1509,0.1388
582,916,1498,0.1388
576,927,1503,0.1388
574,930,1504,0.1388
571,922,1493,0.1388
572,925,1497,0.1388
570,921,1491,0.1388
568,926,1494,0.1388
568,936,1504,0.1388
558,931,1489,0.1388
548,948,1496,0.1388
555,951,1506,0.1388
551,954,1505,0.1388
546,952,1498,0.1388
545,950,1495,0.1388
547,955,1502,0.1388
543,958,1501,0.1388
549,957,1506,0.1388
549,961,1510,0.1388
550,964,1514,0.1388
544,962,1506,0.1388
542,969,1511,0.1388
540,971,1511,0.1388
541,973,1514,0.1388
540,966,1506,0.1388
542,973,1515,0.1388
537,977,1514,0.1388
531,976,1507,0.1388
535,978,1513,0.1388
540,974,1514,0.1388
532,979,1511,0.1388
522,974,1496,0.1388
522,987,1509,0.1388
523,987,1510,0.1388
533,973,1506,0.1388
534,966,1500,0.1388
539,972,1511,0.1388
533,977,1510,0.1388
537,973,1510,0.1388
538,986,1524,0.1388
541,985,1526,0.1388
542,981,1523,0.1388
540,986,1526,0.1388
538,980,1518,0.1388
548,971,1519,0.1388
546,966,1512,0.1388
548,972,1520,0.1388
548,970,1518,0.1388
550,966,1516,0.1388
536,967,1503,0.1388
533,965,1498,0.1388
528,969,1497,0.1388
534,971,1505,0.1388
533,975,1508,0.1388
539,973,1512,0.1388
535,966,1501,0.1388
534,964,1498,0.1388
538,970,1508,0.1388
532,974,1506,0.1388
527,979,1506,0.1388
529,972,1501,0.1388
529,966,1495,0.1388
531,969,1500,0.1388
519,977,1496,0.1388
521,974,1495,0.1388
514,978,1492,0.1388
523,990,1513,0.1388
517,981,1498,0.1388
512,982,1494,0.1388
517,988,1505,0.1388
518,988,1506,0.1388
520,981,1501,0.1388
516,970,1486,0.1388
521,979,1500,0.1388
519,976,1495,0.1388
518,984,1502,0.1388
515,969,1484,0.1388
521,970,1491,0.1388
528,970,1498,0.1388
527,975,1502,0.1388
525,986,1511,0.1388
526,985,1511,0.1388
518,978,1496,0.1388
518,983,1501,0.1388
514,997,1511,0.1388
507,999,1506,0.1388
507,1001,1508,0.1388
512,1002,1514,0.1388
512,996,1508,0.1388
511,991,1502,0.1388
511,1001,1512,0.1388
510,1013,1523,0.1388
508,1005,1513,0.1388
506,1000,1506,0.1388
494,1016,1510,0.1388
493,1013,1506,0.1388
499,1013,1512,0.1388
505,999,1504,0.1388
508,1002,1510,0.1388
510,998,1508,0.1388
516,1000,1516,0.1388
504,1012,1516,0.1388
509,996,1505,0.1388
509,996,1505,0.1388
503,995,1498,0.1388
502,997,1499,0.1388
503,1007,1510,0.1388
504,1006,1510,0.1388
502,1011,1513,0.1388
499,1016,1515,0.1388
501,1005,1506,0.1388
503,1003,1506,0.1388
512,1004,1516,0.1388
504,999,1503,0.1388
498,1005,1503,0.1388
493,1003,1496,0.1388
491,1002,1493,0.1388
495,1000,1495,0.1388
494,1002,1496,0.1388
501,1002,1503,0.1388
495,1012,1507,0.1388
504,1018,1522,0.1388
496,1018,1514,0.1388
493,1017,1510,0.1388
482,1019,1501,0.1388
484,1028,1512,0.1388
479,1025,1504,0.1388
479,1019,1498,0.1388
475,1019,1494,0.1388
483,1019,1502,0.1388
481,1017,1498,0.1388
476,1029,1505,0.1388
474,1033,1507,0.1388
472,1029,1501,0.1388
473,1026,1499,0.1388
468,1020,1488,0.1388
468,1034,1502,0.1388
469,1032,1501,0.1388
459,1041,1500,0.1388
463,1046,1509,0.1388
455,1058,1513,0.1388
458,1058,1516,0.1388
457,1061,1518,0.1388
457,1063,1520,0.1388
448,1062,1510,0.1388
446,1063,1509,0.1388
447,1072,1519,0.1388
432,1082,1514,0.1388
436,1085,1521,0.1388
433,1084,1517,0.1388
432,1089,1521,0.1388
433,1093,1526,0.1388
427,1080,1507,0.1388
426,1075,1501,0.1388
425,1075,1500,0.1388
419,1074,1493,0.1388
417,1086,1503,0.1388
426,1087,1513,0.1388
414,1087,1501,0.1388
412,1081,1493,0.1388
415,1088,1503,0.1388
414,1089,1503,0.1388
411,1088,1499,0.1388
417,1093,1510,0.1388
419,1095,1514,0.1388
407,1102,1509,0.1388
420,1103,1523,0.1388
416,1105,1521,0.1388
420,1101,1521,0.1388
416,1107,1523,0.1388
412,1102,1514,0.1388
412,1110,1522,0.1388
410,1104,1514,0.1388
407,1114,1521,0.1388
400,1114,1514,0.1388
402,1119,1521,0.1388
392,1114,1506,0.1388
399,1112,1511,0.1388
400,1124,1524,0.1388
398,1122,1520,0.1388
396,1121,1517,0.1388
388,1119,1507,0.1388
383,1112,1495,0.1388
376,1120,1496,0.1388
371,1128,1499,0.1388
381,1137,1518,0.1388
380,1140,1520,0.1388
378,1147,1525,0.1388
377,1150,1527,0.1388
370,1150,1520,0.1388
371,1127,1498,0.1388
363,1140,1503,0.1388
367,1149,1516,0.1388
359,1147,1506,0.1388
360,1150,1510,0.1388
362,1142,1504,0.1388
361,1139,1500,0.1388
366,1141,1507,0.1388
361,1137,1498,0.1388
364,1136,1500,0.1388
371,1137,1508,0.1388
373,1149,1522,0.1388
372,1146,1518,0.1388
374,1148,1522,0.1388
369,1150,1519,0.1388
370,1149,1519,0.1388
364,1152,1516,0.1388
367,1138,1505,0.1388
369,1137,1506,0.1388
370,1146,1516,0.1388
365,1139,1504,0.1388
363,1137,1500,0.1388
363,1151,1514,0.1388
357,1150,1507,0.1388
357,1152,1509,0.1388
360,1162,1522,0.1388
357,1155,1512,0.1388
351,1156,1507,0.1388
354,1149,1503,0.1388
354,1157,1511,0.1388
354,1154,1508,0.1388
353,1139,1492,0.1388
345,1145,1490,0.1388
348,1145,1493,0.1388
342,1177,1519,0.1388
336,1173,1509,0.1388
333,1178,1511,0.1388
338,1159,1497,0.1388
342,1167,1509,0.1388
340,1157,1497,0.1388
339,1158,1497,0.1388
334,1154,1488,0.1388
330,1176,1506,0.1388
335,1175,1510,0.1388
331,1180,1511,0.1388
335,1178,1513,0.1388
336,1178,1514,0.1388
332,1180,1512,0.1388
325,1173,1498,0.1388
327,1178,1505,0.1388
323,1185,1508,0.1388
325,1187,1512,0.1388
323,1184,1507,0.1388
324,1191,1515,0.1388
328,1194,1522,0.1388
330,1184,1514,0.1388
326,1192,1518,0.1388
322,1189,1511,0.1388
318,1191,1509,0.1388
318,1182,1500,0.1388
317,1174,1491,0.1388
312,1185,1497,0.1388
316,1193,1509,0.1388
314,1185,1499,0.1388
323,1188,1511,0.1388
327,1185,1512,0.1388
324,1179,1503,0.1388
326,1165,1491,0.1388
320,1174,1494,0.1388
315,1184,1499,0.1388
313,1188,1501,0.1388
317,1189,1506,0.1388
315,1192,1507,0.1388
315,1196,1511,0.1388
315,1191,1506,0.1388
316,1202,1518,0.1388
311,1201,1512,0.1388
314,1196,1510,0.1388
320,1198,1518,0.1388
323,1191,1514,0.1388
323,1194,1517,0.1388
324,1186,1510,0.1388
323,1186,1509,0.1388
323,1190,1513,0.1388
317,1190,1507,0.1388
318,1185,1503,0.1388
321,1172,1493,0.1388
318,1183,1501,0.1388
321,1175,1496,0.1388
321,1183,1504,0.1388
316,1183,1499,0.1388
313,1188,1501,0.1388
313,1190,1503,0.1388
315,1199,1514,0.1388
313,1207,1520,0.1388
315,1201,1516,0.1388
313,1215,1528,0.1388
311,1223,1534,0.1388
310,1212,1522,0.1388
307,1200,1507,0.1388
306,1202,1508,0.1388
304,1191,1495,0.1388
312,1202,1514,0.1388
309,1200,1509,0.1388
311,1208,1519,0.1388
312,1211,1523,0.1388
311,1209,1520,0.1388
315,1215,1530,0.1388
313,1202,1515,0.1388
311,1195,1506,0.1388
318,1202,1520,0.1388
320,1200,1520,0.1388
321,1203,1524,0.1388
318,1207,1525,0.1388
322,1200,1522,0.1388
314,1185,1499,0.1388
323,1179,1502,0.1388
321,1180,1501,0.1388
322,1173,1495,0.1388
325,1175,1500,0.1388
328,1174,1502,0.1388
324,1181,1505,0.1388
325,1194,1519,0.1388
329,1197,1526,0.1388
319,1206,1525,0.1388
317,1189,1506,0.1388
323,1203,1526,0.1388
316,1198,1514,0.1388
318,1191,1509,0.1388
319,1199,1518,0.1388
323,1208,1531,0.1388
320,1194,1514,0.1388
317,1185,1502,0.1388
313,1194,1507,0.1388
312,1204,1516,0.1388
314,1195,1509,0.1388
315,1202,1517,0.1388
317,1204,1521,0.1388
316,1209,1525,0.1388
312,1198,1510,0.1388
312,1209,1521,0.1388
309,1216,1525,0.1388
311,1212,1523,0.1388
310,1206,1516,0.1388
310,1211,1521,0.1388
313,1210,1523,0.1388
311,1205,1516,0.1388
308,1201,1509,0.1388
310,1196,1506,0.1388
313,1196,1509,0.1388
306,1200,1506,0.1388
298,1202,1500,0.1388
301,1209,1510,0.1388
295,1198,1493,0.1388
294,1200,1494,0.1388
290,1216,1506,0.1388
291,1222,1513,0.1388
292,1227,1519,0.1388
288,1228,1516,0.1388
288,1226,1514,0.1388
283,1244,1527,0.1388
278,1244,1522,0.1388
283,1246,1529,0.1388
288,1220,1508,0.1388
287,1217,1504,0.1388
284,1225,1509,0.1388
284,1231,1515,0.1388
281,1233,1514,0.1388
282,1232,1514,0.1388
289,1233,1522,0.1388
285,1242,1527,0.1388
282,1226,1508,0.1388
283,1229,1512,0.1388
279,1223,1502,0.1388
289,1223,1512,0.1388
285,1220,1505,0.1388
288,1209,1497,0.1388
282,1202,1484,0.1388
277,1215,1492,0.1388
273,1223,1496,0.1388
270,1225,1495,0.1388
270,1230,1500,0.1388
271,1242,1513,0.1388
270,1248,1518,0.1388
273,1243,1516,0.1388
274,1243,1517,0.1388
271,1244,1515,0.1388
271,1252,1523,0.1388
272,1253,1525,0.1388
273,1246,1519,0.1388
269,1254,1523,0.1388
262,1263,1525,0.1388
265,1259,1524,0.1388
264,1250,1514,0.1388
260,1249,1509,0.1388
261,1252,1513,0.1388
263,1249,1512,0.1388
265,1253,1518,0.1388
269,1238,1507,0.1388
265,1240,1505,0.1388
262,1238,1500,0.1388
260,1254,1514,0.1388
256,1262,1518,0.1388
258,1267,1525,0.1388
251,1268,1519,0.1388
247,1270,1517,0.1388
245,1262,1507,0.1388
248,1270,1518,0.1388
252,1267,1519,0.1388
251,1261,1512,0.1388
254,1256,1510,0.1388
250,1249,1499,0.1388
248,1239,1487,0.1388
247,1254,1501,0.1388
254,1257,1511,0.1388
253,1243,1496,0.1388
260,1253,1513,0.1388
266,1240,1506,0.1388
269,1236,1505,0.1388
261,1238,1499,0.1388
258,1250,1508,0.1388
257,1247,1504,0.1388
253,1265,1518,0.1388
256,1276,1532,0.1388
256,1257,1513,0.1388
257,1264,1521,0.1388
251,1264,1515,0.1388
250,1258,1508,0.1388
256,1253,1509,0.1388
255,1268,1523,0.1388
259,1269,1528,0.1388
250,1258,1508,0.1388
245,1267,1512,0.1388
247,1253,1500,0.1388
246,1258,1504,0.1388
247,1253,1500,0.1388
247,1253,1500,0.1388
247,1264,1511,0.1388
241,1255,1496,0.1388
245,1254,1499,0.1388
245,1261,1506,0.1388
249,1263,1512,0.1388
243,1270,1513,0.1388
243,1284,1527,0.1388
243,1283,1526,0.1388
238,1283,1521,0.1388
236,1289,1525,0.1388
240,1283,1523,0.1388
242,1273,1515,0.1388
244,1274,1518,0.1388
239,1266,1505,0.1388
236,1256,1492,0.1388
235,1271,1506,0.1388
232,1270,1502,0.1388
226,1268,1494,0.1388
223,1292,1515,0.1388
227,1289,1516,0.1388
227,1295,1522,0.1388
226,1294,1520,0.1388
224,1292,1516,0.1388
215,1292,1507,0.1388
214,1295,1509,0.1388
212,1278,1490,0.1388
212,1281,1493,0.1388
214,1270,1484,0.1388
211,1275,1486,0.1388
213,1278,1491,0.1388
214,1290,1504,0.1388
215,1299,1514,0.1388
212,1298,1510,0.1388
209,1289,1498,0.1388
212,1287,1499,0.1388
211,1307,1518,0.1388
204,1304,1508,0.1388
204,1305,1509,0.1388
203,1303,1506,0.1388
209,1298,1507,0.1388
209,1308,1517,0.1388
209,1305,1514,0.1388
207,1310,1517,0.1388
204,1313,1517,0.1388
206,1309,1515,0.1388
204,1302,1506,0.1388
201,1299,1500,0.1388
193,1304,1497,0.1388
191,1303,1494,0.1388
197,1307,1504,0.1388
199,1303,1502,0.1388
199,1313,1512,0.1388
206,1311,1517,0.1388
201,1302,1503,0.1388
198,1307,1505,0.1388
198,1302,1500,0.1388
198,1310,1508,0.1388
199,1311,1510,0.1388
197,1303,1500,0.1388
202,1311,1513,0.1388
206,1312,1518,0.1388
209,1310,1519,0.1388
201,1298,1499,0.1388
203,1302,1505,0.1388
201,1314,1515,0.1388
206,1318,1524,0.1388
207,1315,1522,0.1388
206,1310,1516,0.1388
206,1315,1521,0.1388
204,1316,1520,0.1388
203,1317,1520,0.1388
201,1316,1517,0.1388
200,1332,1532,0.1388
199,1332,1531,0.1388
199,1324,1523,0.1388
194,1321,1515,0.1388
193,1338,1531,0.1388
195,1320,1515,0.1388
195,1316,1511,0.1388
202,1314,1516,0.1388
198,1308,1506,0.1388
198,1307,1505,0.1388
194,1322,1516,0.1388
191,1323,1514,0.1388
189,1328,1517,0.1388
185,1330,1515,0.1388
182,1341,1523,0.1388
183,1336,1519,0.1388
181,1323,1504,0.1388
178,1328,1506,0.1388
176,1325,1501,0.1388
173,1335,1508,0.1388
176,1325,1501,0.1388
179,1325,1504,0.1388
181,1322,1503,0.1388
176,1323,1499,0.1388
180,1326,1506,0.1388
178,1339,1517,0.1388
177,1337,1514,0.1388
174,1333,1507,0.1388
173,1324,1497,0.1388
169,1333,1502,0.1388
175,1320,1495,0.1388
179,1310,1489,0.1388
184,1322,1506,0.1388
181,1314,1495,0.1388
177,1317,1494,0.1388
175,1322,1497,0.1388
178,1327,1505,0.1388
178,1344,1522,0.1388
176,1346,1522,0.1388
173,1353,1526,0.1388
175,1350,1525,0.1388
174,1352,1526,0.1388
170,1352,1522,0.1388
170,1363,1533,0.1388
167,1353,1520,0.1388
165,1346,1511,0.1388
163,1364,1527,0.1388
163,1346,1509,0.1388
157,1355,1512,0.1388
156,1363,1519,0.1388
157,1356,1513,0.1388
164,1358,1522,0.1388
162,1364,1526,0.1388
160,1342,1502,0.1388
164,1347,1511,0.1388
163,1354,1517,0.1388
162,1368,1530,0.1388
162,1365,1527,0.1388
157,1363,1520,0.1388
157,1379,1536,0.1388
154,1370,1524,0.1388
151,1368,1519,0.1388
152,1372,1524,0.1388
150,1369,1519,0.1388
153,1364,1517,0.1388
151,1365,1516,0.1388
154,1369,1523,0.1388
151,1365,1516,0.1388
155,1375,1530,0.1388
155,1370,1525,0.1388
153,1364,1517,0.1388
150,1356,1506,0.1388
143,1370,1513,0.1388
145,1375,1520,0.1388
147,1378,1525,0.1388
146,1379,1525,0.1388
144,1369,1513,0.1388
141,1364,1505,0.1388
140,1374,1514,0.1388
138,1389,1527,0.1388
137,1382,1519,0.1388
137,1363,1500,0.1388
136,1365,1501,0.1388
140,1365,1505,0.1388
141,1370,1511,0.1388
136,1371,1507,0.1388
133,1374,1507,0.1388
131,1379,1510,0.1388
133,1391,1524,0.1388
131,1392,1523,0.1388
128,1397,1525,0.1388
129,1397,1526,0.1388
131,1381,1512,0.1388
130,1377,1507,0.1388
133,1387,1520,0.1388
133,1382,1515,0.1388
130,1377,1507,0.1388
128,1388,1516,0.1388
124,1391,1515,0.1388
125,1396,1521,0.1388
128,1379,1507,0.1388
128,1370,1498,0.1388
125,1383,1508,0.1388
121,1375,1496,0.1388
124,1381,1505,0.1388
119,1388,1507,0.1388
120,1396,1516,0.1388
119,1398,1517,0.1388
117,1403,1520,0.1388
118,1407,1525,0.1388
112,1398,1510,0.1388
109,1400,1509,0.1388
110,1398,1508,0.1388
114,1395,1509,0.1388
113,1389,1502,0.1388
112,1412,1524,0.1388
107,1419,1526,0.1388
108,1415,1523,0.1388
108,1411,1519,0.1388
106,1416,1522,0.1388
107,1415,1522,0.1388
110,1416,1526,0.1388
111,1422,1533,0.1388
111,1399,1510,0.1388
109,1401,1510,0.1388
109,1393,1502,0.1388
110,1411,1521,0.1388
108,1423,1531,0.1388
105,1409,1514,0.1388
104,1427,1531,0.1388
106,1409,1515,0.1388
105,1405,1510,0.1388
105,1410,1515,0.1388
105,1407,1512,0.1388
107,1404,1511,0.1388
106,1407,1513,0.1388
106,1412,1518,0.1388
104,1423,1527,0.1388
102,1421,1523,0.1388
98,1410,1508,0.1388
100,1419,1519,0.1388
102,1422,1524,0.1388
106,1432,1538,0.1388
104,1423,1527,0.1388
104,1431,1535,0.1388
103,1427,1530,0.1388
97,1424,1521,0.1388
96,1430,1526,0.1388
92,1434,1526,0.1388
93,1436,1529,0.1388
95,1434,1529,0.1388
91,1426,1517,0.1388
92,1418,1510,0.1388
94,1416,1510,0.1388
95,1421,1516,0.1388
93,1428,1521,0.1388
92,1426,1518,0.1388
90,1429,1519,0.1388
89,1435,1524,0.1388
91,1420,1511,0.1388
91,1430,1521,0.1388
91,1435,1526,0.1388
87,1439,1526,0.1388
86,1422,1508,0.1388
88,1430,1518,0.1388
87,1426,1513,0.1388
87,1436,1523,0.1388
86,1428,1514,0.1388
84,1422,1506,0.1388
85,1437,1522,0.1388
88,1435,1523,0.1388
88,1430,1518,0.1388
87,1433,1520,0.1388
86,1436,1522,0.1388
85,1432,1517,0.1388
85,1427,1512,0.1388
86,1428,1514,0.1388
85,1426,1511,0.1388
88,1421,1509,0.1388
90,1423,1513,0.1388
88,1415,1503,0.1388
86,1419,1505,0.1388
86,1425,1511,0.1388
87,1438,1525,0.1388
87,1444,1531,0.1388
87,1449,1536,0.1388
87,1435,1522,0.1388
84,1427,1511,0.1388
88,1430,1518,0.1388
82,1433,1515,0.1388
80,1425,1505,0.1388
77,1431,1508,0.1388
79,1416,1495,0.1388
78,1435,1513,0.1388
76,1435,1511,0.1388
75,1433,1508,0.1388
76,1437,1513,0.1388
73,1448,1521,0.1388
72,1449,1521,0.1388
72,1452,1524,0.1388
70,1439,1509,0.1388
70,1448,1518,0.1388
68,1438,1506,0.1388
68,1438,1506,0.1388
70,1448,1518,0.1388
71,1448,1519,0.1388
72,1454,1526,0.1388
71,1453,1524,0.1388
69,1446,1515,0.1388
69,1438,1507,0.1388
71,1461,1532,0.1388
74,1454,1528,0.1388
76,1447,1523,0.1388
73,1436,1509,0.1388
71,1445,1516,0.1388
71,1451,1522,0.1388
70,1446,1516,0.1388
67,1446,1513,0.1388
68,1447,1515,0.1388
67,1451,1518,0.1388
68,1455,1523,0.1388
66,1457,1523,0.1388
65,1458,1523,0.1388
63,1453,1516,0.1388
64,1451,1515,0.1388
63,1453,1516,0.1388
62,1452,1514,0.1388
64,1443,1507,0.1388
65,1454,1519,0.1388
65,1449,1514,0.1388
65,1453,1518,0.1388
65,1452,1517,0.1388
62,1452,1514,0.1388
61,1448,1509,0.1388
61,1450,1511,0.1388
59,1452,1511,0.1388
59,1441,1500,0.1388
61,1441,1502,0.1388
62,1439,1501,0.1388
60,1442,1502,0.1388
58,1455,1513,0.1388
58,1448,1506,0.1388
56,1463,1519,0.1388
54,1448,1502,0.1388
57,1451,1508,0.1388
57,1446,1503,0.1388
56,1448,1504,0.1388
55,1445,1500,0.1388
53,1444,1497,0.1388
55,1438,1493,0.1388
54,1453,1507,0.1388
53,1448,1501,0.1388
55,1439,1494,0.1388
53,1441,1494,0.1388
54,1440,1494,0.1388
54,1450,1504,0.1388
52,1454,1506,0.1388
52,1460,1512,0.1388
53,1474,1527,0.1388
51,1480,1531,0.1388
53,1475,1528,0.1388
51,1484,1535,0.1388
51,1474,1525,0.1388
52,1466,1518,0.1388
52,1461,1513,0.1388
52,1455,1507,0.1388
53,1454,1507,0.1388
52,1460,1512,0.1388
51,1466,1517,0.1388
50,1462,1512,0.1388
51,1462,1513,0.1388
51,1458,1509,0.1388
51,1451,1502,0.1388
49,1456,1505,0.1388
47,1464,1511,0.1388
50,1470,1520,0.1388
47,1462,1509,0.1388
46,1466,1512,0.1388
46,1462,1508,0.1388
46,1449,1495,0.1388
46,1466,1512,0.1388
48,1474,1522,0.1388
47,1474,1521,0.1388
46,1466,1512,0.1388
45,1464,1509,0.1388
45,1475,1520,0.1388
43,1465,1508,0.1388
42,1468,1510,0.1388
40,1472,1512,0.1388
38,1473,1511,0.1388
39,1461,1500,0.1388
39,1462,1501,0.1388
39,1479,1518,0.1388
41,1480,1521,0.1388
41,1482,1523,0.1388
39,1480,1519,0.1388
40,1478,1518,0.1388
40,1485,1525,0.1388
39,1466,1505,0.1388
39,1468,1507,0.1388
38,1480,1518,0.1388
38,1459,1497,0.1388
38,1473,1511,0.1388
38,1475,1513,0.1388
39,1473,1512,0.1388
39,1479,1518,0.1388
40,1476,1516,0.1388
40,1475,1515,0.1388
40,1463,1503,0.1388
40,1480,1520,0.1388
40,1475,1515,0.1388
38,1472,1510,0.1388
37,1483,1520,0.1388
38,1484,1522,0.1388
38,1478,1516,0.1388
34,1481,1515,0.1388
37,1488,1525,0.1388
36,1483,1519,0.1388
36,1466,1502,0.1388
37,1474,1511,0.1388
36,1474,1510,0.1388
35,1478,1513,0.1388
32,1479,1511,0.1388
31,1481,1512,0.1388
29,1482,1511,0.1388
29,1488,1517,0.1388
32,1483,1515,0.1388
34,1486,1520,0.1388
34,1498,1532,0.1388
34,1489,1523,0.1388
34,1484,1518,0.1388
35,1473,1508,0.1388
34,1480,1514,0.1388
34,1476,1510,0.1388
34,1472,1506,0.1388
33,1483,1516,0.1388
34,1471,1505,0.1388
32,1473,1505,0.1388
33,1477,1510,0.1388
33,1481,1514,0.1388
34,1482,1516,0.1388
34,1480,1514,0.1388
33,1495,1528,0.1388
33,1491,1524,0.1388
31,1493,1524,0.1388
33,1497,1530,0.1388
33,1480,1513,0.1388
34,1485,1519,0.1388
32,1491,1523,0.1388
32,1490,1522,0.1388
32,1472,1504,0.1388
33,1480,1513,0.1388
33,1474,1507,0.1388
33,1486,1519,0.1388
32,1488,1520,0.1388
32,1496,1528,0.1388
31,1492,1523,0.1388
32,1487,1519,0.1388
32,1491,1523,0.1388
30,1494,1524,0.1388
31,1474,1505,0.1388
31,1482,1513,0.1388
31,1476,1507,0.1388
31,1475,1506,0.1388
32,1475,1507,0.1388
31,1494,1525,0.1388
30,1478,1508,0.1388
29,1484,1513,0.1388
30,1482,1512,0.1388
29,1485,1514,0.1388
29,1499,1528,0.1388
27,1496,1523,0.1388
27,1495,1522,0.1388
26,1485,1511,0.1388
25,1493,1518,0.1388
26,1484,1510,0.1388
26,1476,1502,0.1388
25,1489,1514,0.1388
27,1488,1515,0.1388
28,1488,1516,0.1388
28,1495,1523,0.1388
27,1498,1525,0.1388
27,1500,1527,0.1388
26,1512,1538,0.1388
26,1513,1539,0.1388
24,1519,1543,0.1388
25,1505,1530,0.1388
25,1509,1534,0.1388
24,1507,1531,0.1388
23,1512,1535,0.1388
22,1507,1529,0.1388
23,1502,1525,0.1388
23,1495,1518,0.1388
22,1496,1518,0.1388
23,1488,1511,0.1388
22,1485,1507,0.1388
22,1495,1517,0.1388
20,1486,1506,0.1388
21,1489,1510,0.1388
22,1503,1525,0.1388
22,1507,1529,0.1388
22,1499,1521,0.1388
23,1502,1525,0.1388
25,1483,1508,0.1388
25,1477,1502,0.1388
24,1483,1507,0.1388
23,1496,1519,0.1388
22,1501,1523,0.1388
22,1494,1516,0.1388
23,1488,1511,0.1388
23,1490,1513,0.1388
23,1500,1523,0.1388
23,1491,1514,0.1388
22,1484,1506,0.1388
22,1490,1512,0.1388
21,1494,1515,0.1388
21,1482,1503,0.1388
20,1486,1506,0.1388
20,1483,1503,0.1388
20,1490,1510,0.1388
20,1496,1516,0.1388
22,1493,1515,0.1388
24,1496,1520,0.1388
25,1492,1517,0.1388
25,1496,1521,0.1388
25,1489,1514,0.1388
25,1497,1522,0.1388
26,1479,1505,0.1388
28,1478,1506,0.1388
29,1478,1507,0.1388
29,1476,1505,0.1388
28,1479,1507,0.1388
27,1478,1505,0.1388
26,1472,1498,0.1388
28,1484,1512,0.1388
28,1474,1502,0.1388
27,1486,1513,0.1388
27,1501,1528,0.1388
28,1487,1515,0.1388
27,1485,1512,0.1388
29,1488,1517,0.1388
28,1493,1521,0.1388
27,1500,1527,0.1388
27,1493,1520,0.1388
27,1484,1511,0.1388
28,1477,1505,0.1388
29,1489,1518,0.1388
31,1490,1521,0.1388
31,1487,1518,0.1388
32,1482,1514,0.1388
31,1473,1504,0.1388
30,1468,1498,0.1388
29,1471,1500,0.1388
29,1475,1504,0.1388
28,1468,1496,0.1388
29,1475,1504,0.1388
29,1480,1509,0.1388
29,1488,1517,0.1388
29,1486,1515,0.1388
30,1484,1514,0.1388
28,1486,1514,0.1388
28,1491,1519,0.1388
27,1486,1513,0.1388
27,1492,1519,0.1388
27,1488,1515,0.1388
26,1486,1512,0.1388
26,1486,1512,0.1388
26,1482,1508,0.1388
26,1482,1508,0.1388
28,1477,1505,0.1388
27,1470,1497,0.1388
28,1486,1514,0.1388
28,1482,1510,0.1388
29,1481,1510,0.1388
30,1471,1501,0.1388
30,1493,1523,0.1388
30,1482,1512,0.1388
29,1481,1510,0.1388
30,1477,1507,0.1388
30,1482,1512,0.1388
29,1468,1497,0.1388
30,1463,1493,0.1388
28,1468,1496,0.1388
28,1465,1493,0.1388
29,1467,1496,0.1388
31,1470,1501,0.1388
29,1468,1497,0.1388
29,1465,1494,0.1388
30,1481,1511,0.1388
30,1485,1515,0.1388
29,1488,1517,0.1388
27,1490,1517,0.1388
27,1488,1515,0.1388
27,1490,1517,0.1388
27,1489,1516,0.1388
26,1492,1518,0.1388
26,1500,1526,0.1388
27,1495,1522,0.1388
28,1497,1525,0.1388
28,1492,1520,0.1388
26,1482,1508,0.1388
26,1486,1512,0.1388
27,1502,1529,0.1388
27,1496,1523,0.1388
26,1494,1520,0.1388
24,1497,1521,0.1388
24,1491,1515,0.1388
24,1490,1514,0.1388
24,1456,1480,0.1388
24,1479,1503,0.1388
25,1484,1509,0.1388
25,1471,1496,0.1388
24,1477,1501,0.1388
25,1494,1519,0.1388
24,1491,1515,0.1388
24,1486,1510,0.1388
22,1488,1510,0.1388
23,1491,1514,0.1388
24,1485,1509,0.1388
24,1473,1497,0.1388
23,1482,1505,0.1388
23,1476,1499,0.1388
23,1478,1501,0.1388
23,1481,1504,0.1388
22,1486,1508,0.1388
23,1479,1502,0.1388
23,1486,1509,0.1388
22,1493,1515,0.1388
21,1506,1527,0.1388
21,1495,1516,0.1388
21,1491,1512,0.1388
20,1492,1512,0.1388
20,1497,1517,0.1388
20,1488,1508,0.1388
21,1489,1510,0.1388
20,1488,1508,0.1388
19,1498,1517,0.1388
20,1502,1522,0.1388
19,1502,1521,0.1388
18,1499,1517,0.1388
18,1507,1525,0.1388
19,1507,1526,0.1388
19,1500,1519,0.1388
20,1498,1518,0.1388
21,1493,1514,0.1388
20,1490,1510,0.1388
20,1494,1514,0.1388
20,1494,1514,0.1388
20,1510,1530,0.1388
19,1495,1514,0.1388
19,1493,1512,0.1388
18,1487,1505,0.1388
19,1493,1512,0.1388
19,1496,1515,0.1388
20,1501,1521,0.1388
20,1523,1543,0.1388
19,1512,1531,0.1388
19,1491,1510,0.1388
20,1477,1497,0.1388
21,1486,1507,0.1388
22,1488,1510,0.1388
22,1489,1511,0.1388
23,1501,1524,0.1388
22,1502,1524,0.1388
21,1485,1506,0.1388
21,1500,1521,0.1388
22,1501,1523,0.1388
22,1496,1518,0.1388
23,1499,1522,0.1388
23,1493,1516,0.1388
23,1494,1517,0.1388
22,1488,1510,0.1388
24,1489,1513,0.1388
25,1490,1515,0.1388
24,1476,1500,0.1388
25,1487,1512,0.1388
26,1475,1501,0.1388
25,1467,1492,0.1388
26,1484,1510,0.1388
26,1485,1511,0.1388
27,1485,1512,0.1388
27,1472,1499,0.1388
26,1462,1488,0.1388
28,1470,1498,0.1388
28,1479,1507,0.1388
28,1489,1517,0.1388
27,1488,1515,0.1388
25,1490,1515,0.1388
25,1496,1521,0.1388
26,1482,1508,0.1388
26,1490,1516,0.1388
26,1488,1514,0.1388
26,1489,1515,0.1388
25,1487,1512,0.1388
24,1484,1508,0.1388
23,1496,1519,0.1388
24,1479,1503,0.1388
25,1498,1523,0.1388
25,1485,1510,0.1388
26,1485,1511,0.1388
27,1499,1526,0.1388
26,1487,1513,0.1388
25,1484,1509,0.1388
25,1488,1513,0.1388
24,1481,1505,0.1388
26,1491,1517,0.1388
25,1501,1526,0.1388
25,1496,1521,0.1388
23,1502,1525,0.1388
26,1489,1515,0.1388
27,1491,1518,0.1388
28,1499,1527,0.1388
28,1488,1516,0.1388
27,1488,1515,0.1388
27,1488,1515,0.1388
26,1484,1510,0.1388
25,1495,1520,0.1388
24,1502,1526,0.1388
23,1502,1525,0.1388
23,1505,1528,0.1388
24,1493,1517,0.1388
24,1483,1507,0.1388
25,1483,1508,0.1388
25,1486,1511,0.1388
25,1462,1487,0.1388
25,1477,1502,0.1388
26,1489,1515,0.1388
25,1469,1494,0.1388
25,1487,1512,0.1388
22,1471,1493,0.1388
23,1479,1502,0.1388
25,1489,1514,0.1388
24,1486,1510,0.1388
22,1498,1520,0.1388
23,1501,1524,0.1388
22,1495,1517,0.1388
23,1486,1509,0.1388
25,1479,1504,0.1388
27,1478,1505,0.1388
27,1476,1503,0.1388
26,1470,1496,0.1388
25,1481,1506,0.1388
24,1468,1492,0.1388
22,1479,1501,0.1388
22,1477,1499,0.1388
22,1489,1511,0.1388
22,1502,1524,0.1388
22,1489,1511,0.1388
22,1494,1516,0.1388
22,1500,1522,0.1388
21,1496,1517,0.1388
21,1492,1513,0.1388
20,1502,1522,0.1388
20,1497,1517,0.1388
21,1494,1515,0.1388
19,1492,1511,0.1388
20,1513,1533,0.1388
21,1522,1543,0.1388
21,1504,1525,0.1388
21,1500,1521,0.1388
20,1492,1512,0.1388
18,1501,1519,0.1388
18,1507,1525,0.1388
20,1503,1523,0.1388
20,1492,1512,0.1388
19,1494,1513,0.1388
19,1503,1522,0.1388
19,1495,1514,0.1388
20,1492,1512,0.1388
20,1493,1513,0.1388
20,1493,1513,0.1388
19,1493,1512,0.1388
19,1489,1508,0.1388
19,1500,1519,0.1388
17,1509,1526,0.1388
17,1514,1531,0.1388
17,1497,1514,0.1388
16,1482,1498,0.1388
17,1489,1506,0.1388
17,1491,1508,0.1388
16,1480,1496,0.1388
16,1480,1496,0.1388
16,1492,1508,0.1388
17,1485,1502,0.1388
18,1498,1516,0.1388
18,1503,1521,0.1388
18,1494,1512,0.1388
18,1493,1511,0.1388
20,1487,1507,0.1388
20,1486,1506,0.1388
21,1484,1505,0.1388
20,1487,1507,0.1388
19,1485,1504,0.1388
18,1482,1500,0.1388
17,1491,1508,0.1388
18,1508,1526,0.1388
18,1502,1520,0.1388
18,1495,1513,0.1388
18,1507,1525,0.1388
17,1506,1523,0.1388
18,1500,1518,0.1388
18,1494,1512,0.1388
18,1497,1515,0.1388
17,1485,1502,0.1388
18,1483,1501,0.1388
18,1475,1493,0.1388
18,1488,1506,0.1388
18,1500,1518,0.1388
19,1498,1517,0.1388
18,1496,1514,0.1388
18,1486,1504,0.1388
17,1502,1519,0.1388
16,1509,1525,0.1388
16,1512,1528,0.1388
16,1505,1521,0.1388
16,1506,1522,0.1388
18,1517,1535,0.1388
17,1516,1533,0.1388
16,1511,1527,0.1388
17,1500,1517,0.1388
17,1492,1509,0.1388
16,1496,1512,0.1388
16,1503,1519,0.1388
16,1492,1508,0.1388
16,1497,1513,0.1388
17,1496,1513,0.1388
19,1504,1523,0.1388
18,1484,1502,0.1388
18,1506,1524,0.1388
18,1496,1514,0.1388
17,1495,1512,0.1388
16,1488,1504,0.1388
16,1491,1507,0.1388
16,1495,1511,0.1388
16,1499,1515,0.1388
16,1504,1520,0.1388
17,1512,1529,0.1388
17,1505,1522,0.1388
19,1494,1513,0.1388
19,1507,1526,0.1388
18,1495,1513,0.1388
17,1494,1511,0.1388
17,1482,1499,0.1388
17,1486,1503,0.1388
18,1492,1510,0.1388
18,1503,1521,0.1388
16,1511,1527,0.1388
16,1505,1521,0.1388
16,1511,1527,0.1388
20,1515,1535,0.1388
20,1513,1533,0.1388
21,1515,1536,0.1388
21,1513,1534,0.1388
20,1493,1513,0.1388
20,1502,1522,0.1388
20,1497,1517,0.1388
19,1496,1515,0.1388
19,1493,1512,0.1388
18,1494,1512,0.1388
17,1501,1518,0.1388
18,1504,1522,0.1388
18,1503,1521,0.1388
16,1515,1531,0.1388
17,1511,1528,0.1388
14,1525,1539,0.1388
16,1505,1521,0.1388
16,1496,1512,0.1388
15,1501,1516,0.1388
14,1510,1524,0.1388
14,1517,1531,0.1388
13,1514,1527,0.1388
14,1506,1520,0.1388
14,1500,1514,0.1388
12,1509,1521,0.1388
12,1514,1526,0.1388
13,1509,1522,0.1388
13,1504,1517,0.1388
14,1518,1532,0.1388
14,1512,1526,0.1388
14,1503,1517,0.1388
15,1500,1515,0.1388
15,1504,1519,0.1388
16,1501,1517,0.1388
15,1490,1505,0.1388
18,1492,1510,0.1388
17,1491,1508,0.1388
17,1491,1508,0.1388
17,1508,1525,0.1388
17,1487,1504,0.1388
17,1495,1512,0.1388
17,1507,1524,0.1388
17,1495,1512,0.1388
17,1479,1496,0.1388
15,1488,1503,0.1388
15,1491,1506,0.1388
16,1497,1513,0.1388
17,1499,1516,0.1388
17,1488,1505,0.1388
17,1491,1508,0.1388
16,1485,1501,0.1388
15,1481,1496,0.1388
15,1480,1495,0.1388
17,1489,1506,0.1388
18,1493,1511,0.1388
16,1488,1504,0.1388
15,1502,1517,0.1388
15,1500,1515,0.1388
14,1489,1503,0.1388
16,1488,1504,0.1388
16,1492,1508,0.1388
16,1481,1497,0.1388
17,1492,1509,0.1388
18,1501,1519,0.1388
18,1503,1521,0.1388
18,1503,1521,0.1388
18,1507,1525,0.1388
19,1511,1530,0.1388
18,1488,1506,0.1388
18,1488,1506,0.1388
16,1479,1495,0.1388
17,1483,1500,0.1388
17,1493,1510,0.1388
18,1493,1511,0.1388
18,1497,1515,0.1388
18,1496,1514,0.1388
18,1500,1518,0.1388
18,1502,1520,0.1388
19,1499,1518,0.1388
18,1502,1520,0.1388
18,1514,1532,0.1388
18,1506,1524,0.1388
18,1492,1510,0.1388
18,1501,1519,0.1388
17,1515,1532,0.1388
14,1508,1522,0.1388
15,1489,1504,0.1388
16,1494,1510,0.1388
17,1501,1518,0.1388
17,1494,1511,0.1388
17,1493,1510,0.1388
18,1484,1502,0.1388
19,1488,1507,0.1388
20,1489,1509,0.1388
20,1491,1511,0.1388
20,1497,1517,0.1388
18,1495,1513,0.1388
19,1501,1520,0.1388
19,1487,1506,0.1388
23,1498,1521,0.1388
24,1496,1520,0.1388
24,1491,1515,0.1388
24,1492,1516,0.1388
23,1488,1511,0.1388
22,1498,1520,0.1388
21,1492,1513,0.1388
21,1489,1510,0.1388
21,1503,1524,0.1388
21,1512,1533,0.1388
22,1504,1526,0.1388
22,1500,1522,0.1388
22,1505,1527,0.1388
20,1503,1523,0.1388
21,1507,1528,0.1388
19,1495,1514,0.1388
18,1501,1519,0.1388
18,1504,1522,0.1388
17,1509,1526,0.1388
18,1501,1519,0.1388
18,1509,1527,0.1388
18,1510,1528,0.1388
18,1501,1519,0.1388
19,1494,1513,0.1388
19,1492,1511,0.1388
19,1512,1531,0.1388
18,1507,1525,0.1388
16,1502,1518,0.1388
16,1503,1519,0.1388
15,1499,1514,0.1388
17,1487,1504,0.1388
17,1492,1509,0.1388
16,1500,1516,0.1388
17,1508,1525,0.1388
16,1501,1517,0.1388
17,1507,1524,0.1388
18,1506,1524,0.1388
18,1500,1518,0.1388
18,1504,1522,0.1388
18,1503,1521,0.1388
18,1499,1517,0.1388
18,1489,1507,0.1388
18,1486,1504,0.1388
18,1501,1519,0.1388
16,1504,1520,0.1388
16,1509,1525,0.1388
15,1511,1526,0.1388
15,1514,1529,0.1388
15,1513,1528,0.1388
15,1503,1518,0.1388
14,1506,1520,0.1388
14,1506,1520,0.1388
14,1515,1529,0.1388
14,1511,1525,0.1388
14,1511,1525,0.1388
14,1514,1528,0.1388
14,1522,1536,0.1388
15,1514,1529,0.1388
14,1527,1541,0.1388
16,1513,1529,0.1388
19,1506,1525,0.1388
18,1508,1526,0.1388
18,1500,1518,0.1388
19,1500,1519,0.1388
20,1496,1516,0.1388
20,1491,1511,0.1388
20,1483,1503,0.1388
20,1484,1504,0.1388
18,1510,1528,0.1388
18,1496,1514,0.1388
17,1483,1500,0.1388
17,1483,1500,0.1388
17,1480,1497,0.1388
17,1477,1494,0.1388
17,1493,1510,0.1388
18,1493,1511,0.1388
19,1500,1519,0.1388
19,1490,1509,0.1388
19,1495,1514,0.1388
18,1495,1513,0.1388
17,1495,1512,0.1388
18,1497,1515,0.1388
18,1501,1519,0.1388
19,1502,1521,0.1388
19,1504,1523,0.1388
19,1497,1516,0.1388
18,1495,1513,0.1388
18,1495,1513,0.1388
18,1501,1519,0.1388
19,1510,1529,0.1388
19,1511,1530,0.1388
20,1511,1531,0.1388
18,1495,1513,0.1388
17,1495,1512,0.1388
16,1505,1521,0.1388
17,1494,1511,0.1388
18,1500,1518,0.1388
17,1506,1523,0.1388
19,1493,1512,0.1388
18,1509,1527,0.1388
17,1498,1515,0.1388
15,1511,1526,0.1388
16,1512,1528,0.1388
17,1514,1531,0.1388
17,1511,1528,0.1388
17,1514,1531,0.1388
17,1508,1525,0.1388
17,1505,1522,0.1388
17,1505,1522,0.1388
16,1489,1505,0.1388
16,1500,1516,0.1388
15,1494,1509,0.1388
15,1500,1515,0.1388
15,1501,1516,0.1388
16,1495,1511,0.1388
14,1490,1504,0.1388
14,1494,1508,0.1388
14,1497,1511,0.1388
14,1495,1509,0.1388
13,1487,1500,0.1388
13,1490,1503,0.1388
14,1499,1513,0.1388
15,1492,1507,0.1388
15,1499,1514,0.1388
14,1508,1522,0.1388
15,1500,1515,0.1388
15,1504,1519,0.1388
15,1508,1523,0.1388
15,1510,1525,0.1388
14,1523,1537,0.1388
13,1529,1542,0.1388
13,1523,1536,0.1388
12,1521,1533,0.1388
12,1523,1535,0.1388
12,1518,1530,0.1388
13,1516,1529,0.1388
13,1499,1512,0.1388
13,1488,1501,0.1388
13,1492,1505,0.1388
11,1504,1515,0.1388
11,1516,1527,0.1388
11,1519,1530,0.1388
11,1524,1535,0.1388
11,1518,1529,0.1388
11,1517,1528,0.1388
11,1521,1532,0.1388
11,1503,1514,0.1388
11,1504,1515,0.1388
11,1504,1515,0.1388
11,1504,1515,0.1388
11,1515,1526,0.1388
11,1525,1536,0.1388
10,1511,1521,0.1388
10,1506,1516,0.1388
9,1499,1508,0.1388
9,1504,1513,0.1388
9,1501,1510,0.1388
9,1501,1510,0.1388
9,1500,1509,0.1388
9,1505,1514,0.1388
9,1495,1504,0.1388
9,1499,1508,0.1388
9,1494,1503,0.1388
9,1508,1517,0.1388
9,1497,1506,0.1388
9,1506,1515,0.1388
8,1497,1505,0.1388
8,1494,1502,0.1388
9,1497,1506,0.1388
9,1496,1505,0.1388
10,1505,1515,0.1388
10,1502,1512,0.1388
10,1504,1514,0.1388
10,1504,1514,0.1388
10,1503,1513,0.1388
10,1489,1499,0.1388
10,1495,1505,0.1388
10,1501,1511,0.1388
10,1505,1515,0.1388
9,1511,1520,0.1388
10,1498,1508,0.1388
9,1505,1514,0.1388
9,1509,1518,0.1388
9,1503,1512,0.1388
8,1492,1500,0.1388
8,1505,1513,0.1388
6,1491,1497,0.1388
6,1482,1488,0.1388
6,1496,1502,0.1388
6,1509,1515,0.1388
6,1515,1521,0.1388
6,1513,1519,0.1388
6,1523,1529,0.1388
6,1523,1529,0.1388
6,1520,1526,0.1388
6,1525,1531,0.1388
6,1517,1523,0.1388
6,1530,1536,0.1388
6,1523,1529,0.1388
7,1525,1532,0.1388
7,1516,1523,0.1388
7,1517,1524,0.1388
8,1516,1524,0.1388
10,1518,1528,0.1388
8,1499,1507,0.1388
9,1492,1501,0.1388
9,1499,1508,0.1388
9,1498,1507,0.1388
9,1494,1503,0.1388
10,1490,1500,0.1388
9,1493,1502,0.1388
8,1487,1495,0.1388
8,1507,1515,0.1388
9,1496,1505,0.1388
8,1500,1508,0.1388
9,1506,1515,0.1388
9,1493,1502,0.1388
8,1504,1512,0.1388
8,1494,1502,0.1388
8,1492,1500,0.1388
8,1493,1501,0.1388
8,1514,1522,0.1388
7,1508,1515,0.1388
7,1516,1523,0.1388
7,1513,1520,0.1388
6,1519,1525,0.1388
6,1534,1540,0.1388
6,1524,1530,0.1388
6,1520,1526,0.1388
6,1518,1524,0.1388
6,1527,1533,0.1388
6,1524,1530,0.1388
6,1533,1539,0.1388
6,1525,1531,0.1388
6,1518,1524,0.1388
6,1528,1534,0.1388
6,1506,1512,0.1388
6,1507,1513,0.1388
6,1507,1513,0.1388
6,1505,1511,0.1388
6,1500,1506,0.1388
6,1511,1517,0.1388
5,1503,1508,0.1388
5,1518,1523,0.1388
5,1517,1522,0.1388
5,1515,1520,0.1388
5,1515,1520,0.1388
5,1520,1525,0.1388
5,1502,1507,0.1388
5,1492,1497,0.1388
4,1497,1501,0.1388
4,1505,1509,0.1388
4,1520,1524,0.1388
5,1508,1513,0.1388
5,1519,1524,0.1388
6,1521,1527,0.1388
6,1521,1527,0.1388
6,1522,1528,0.1388
5,1519,1524,0.1388
5,1521,1526,0.1388
5,1525,1530,0.1388
5,1524,1529,0.1388
5,1511,1516,0.1388
6,1516,1522,0.1388
5,1509,1514,0.1388
4,1509,1513,0.1388
4,1518,1522,0.1388
4,1519,1523,0.1388
3,1510,1513,0.1388
3,1508,1511,0.1388
3,1505,1508,0.1388
3,1504,1507,0.1388
3,1504,1507,0.1388
3,1504,1507,0.1388
3,1509,1512,0.1388
3,1515,1518,0.1388
2,1524,1526,0.1388
1,1511,1512,0.1388
1,1499,1500,0.1388
1,1488,1489,0.1388
1,1495,1496,0.1388
1,1496,1497,0.1388
2,1514,1516,0.1388
2,1505,1507,0.1388
2,1516,1518,0.1388
2,1534,1536,0.1388
4,1527,1531,0.1388
4,1515,1519,0.1388
4,1515,1519,0.1388
4,1519,1523,0.1388
4,1522,1526,0.1388
3,1519,1522,0.1388
4,1519,1523,0.1388
4,1519,1523,0.1388
4,1530,1534,0.1388
4,1520,1524,0.1388
4,1512,1516,0.1388
3,1514,1517,0.1388
3,1524,1527,0.1388
3,1513,1516,0.1388
3,1508,1511,0.1388
3,1504,1507,0.1388
3,1508,1511,0.1388
3,1509,1512,0.1388
3,1499,1502,0.1388
2,1493,1495,0.1388
1,1518,1519,0.1388
1,1516,1517,0.1388
1,1504,1505,0.1388
1,1503,1504,0.1388
2,1516,1518,0.1388
2,1523,1525,0.1388
1,1520,1521,0.1388
1,1503,1504,0.1388
1,1500,1501,0.1388
1,1492,1493,0.1388
1,1509,1510,0.1388
1,1507,1508,0.1388
0,1505,1505,0.1388
