1372,27,1399,0.1388
1400,31,1431,0.1388
1426,31,1457,0.1388
1435,32,1467,0.1388
1438,31,1469,0.1388
1439,33,1472,0.1388
1451,33,1484,0.1388
1459,32,1491,0.1388
1449,33,1482,0.1388
1451,32,1483,0.1388
1457,33,1490,0.1388
1447,33,1480,0.1388
1438,35,1473,0.1388
1466,35,1501,0.1388
1459,35,1494,0.1388
1464,37,1501,0.1388
1461,36,1497,0.1388
1464,36,1500,0.1388
1469,37,1506,0.1388
1492,37,1529,0.1388
1484,36,1520,0.1388
1477,35,1512,0.1388
1459,35,1494,0.1388
1470,33,1503,0.1388
1463,34,1497,0.1388
1459,34,1493,0.1388
1455,35,1490,0.1388
1460,36,1496,0.1388
1463,34,1497,0.1388
1467,35,1502,0.1388
1475,34,1509,0.1388
1470,34,1504,0.1388
1466,33,1499,0.1388
1470,33,1503,0.1388
1476,33,1509,0.1388
1472,34,1506,0.1388
1461,34,1495,0.1388
1462,34,1496,0.1388
1472,34,1506,0.1388
1471,33,1504,0.1388
1475,31,1506,0.1388
1461,30,1491,0.1388
1461,34,1495,0.1388
1455,34,1489,0.1388
1452,35,1487,0.1388
1445,35,1480,0.1388
1445,35,1480,0.1388
1452,34,1486,0.1388
1459,34,1493,0.1388
1450,34,1484,0.1388
1455,33,1488,0.1388
1449,32,1481,0.1388
1460,33,1493,0.1388
1446,34,1480,0.1388
1453,33,1486,0.1388
1465,34,1499,0.1388
1462,34,1496,0.1388
1462,35,1497,0.1388
1455,35,1490,0.1388
1441,35,1476,0.1388
1453,36,1489,0.1388
1460,39,1499,0.1388
1460,36,1496,0.1388
1452,37,1489,0.1388
1461,38,1499,0.1388
1459,40,1499,0.1388
1463,38,1501,0.1388
1476,40,1516,0.1388
1471,39,1510,0.1388
1449,39,1488,0.1388
1460,40,1500,0.1388
1459,42,1501,0.1388
1465,40,1505,0.1388
1463,41,1504,0.1388
1458,44,1502,0.1388
1449,43,1492,0.1388
1448,42,1490,0.1388
1452,40,1492,0.1388
1459,40,1499,0.1388
1461,38,1499,0.1388
1463,40,1503,0.1388
1456,38,1494,0.1388
1442,37,1479,0.1388
1453,38,1491,0.1388
1455,40,1495,0.1388
1453,42,1495,0.1388
1456,41,1497,0.1388
1455,44,1499,0.1388
1446,44,1490,0.1388
1454,45,1499,0.1388
1450,45,1495,0.1388
1449,47,1496,0.1388
1445,46,1491,0.1388
1438,50,1488,0.1388
1440,51,1491,0.1388
1439,52,1491,0.1388
1443,54,1497,0.1388
1445,54,1499,0.1388
1441,52,1493,0.1388
1434,52,1486,0.1388
1424,55,1479,0.1388
1435,53,1488,0.1388
1433,54,1487,0.1388
1435,53,1488,0.1388
1425,49,1474,0.1388
1424,54,1478,0.1388
1445,56,1501,0.1388
1441,56,1497,0.1388
1443,57,1500,0.1388
1445,56,1501,0.1388
1435,57,1492,0.1388
1436,56,1492,0.1388
1437,55,1492,0.1388
1436,53,1489,0.1388
1440,51,1491,0.1388
1438,53,1491,0.1388
1435,51,1486,0.1388
1429,51,1480,0.1388
1444,51,1495,0.1388
1445,49,1494,0.1388
1443,50,1493,0.1388
1446,52,1498,0.1388
1449,54,1503,0.1388
1440,55,1495,0.1388
1439,55,1494,0.1388
1436,56,1492,0.1388
1432,57,1489,0.1388
1444,56,1500,0.1388
1444,56,1500,0.1388
1426,57,1483,0.1388
1417,60,1477,0.1388
1425,57,1482,0.1388
1425,57,1482,0.1388
1425,54,1479,0.1388
1439,54,1493,0.1388
1428,60,1488,0.1388
1435,61,1496,0.1388
1433,62,1495,0.1388
1437,60,1497,0.1388
1443,64,1507,0.1388
1431,64,1495,0.1388
1447,65,1512,0.1388
1422,67,1489,0.1388
1438,65,1503,0.1388
1436,62,1498,0.1388
1436,62,1498,0.1388
1445,63,1508,0.1388
1430,63,1493,0.1388
1430,66,1496,0.1388
1416,66,1482,0.1388
1405,65,1470,0.1388
1404,67,1471,0.1388
1407,65,1472,0.1388
1416,66,1482,0.1388
1413,70,1483,0.1388
1409,72,1481,0.1388
1408,70,1478,0.1388
1407,70,1477,0.1388
1422,72,1494,0.1388
1414,74,1488,0.1388
1424,73,1497,0.1388
1405,77,1482,0.1388
1413,78,1491,0.1388
1424,77,1501,0.1388
1424,76,1500,0.1388
1426,75,1501,0.1388
1429,74,1503,0.1388
1434,73,1507,0.1388
1422,73,1495,0.1388
1429,72,1501,0.1388
1423,72,1495,0.1388
1424,68,1492,0.1388
1425,67,1492,0.1388
1427,69,1496,0.1388
1435,70,1505,0.1388
1434,70,1504,0.1388
1431,70,1501,0.1388
1435,72,1507,0.1388
1435,72,1507,0.1388
1426,74,1500,0.1388
1423,74,1497,0.1388
1418,73,1491,0.1388
1420,75,1495,0.1388
1431,75,1506,0.1388
1428,76,1504,0.1388
1429,77,1506,0.1388
1440,78,1518,0.1388
1422,79,1501,0.1388
1415,78,1493,0.1388
1421,76,1497,0.1388
1416,74,1490,0.1388
1424,73,1497,0.1388
1427,72,1499,0.1388
1419,71,1490,0.1388
1410,72,1482,0.1388
1414,71,1485,0.1388
1411,70,1481,0.1388
1414,74,1488,0.1388
1409,73,1482,0.1388
1401,74,1475,0.1388
1408,72,1480,0.1388
1407,73,1480,0.1388
1401,72,1473,0.1388
1403,73,1476,0.1388
1410,74,1484,0.1388
1403,71,1474,0.1388
1397,73,1470,0.1388
1402,76,1478,0.1388
1406,76,1482,0.1388
1398,77,1475,0.1388
1407,79,1486,0.1388
1402,80,1482,0.1388
1419,79,1498,0.1388
1409,78,1487,0.1388
1394,78,1472,0.1388
1404,80,1484,0.1388
1417,83,1500,0.1388
1422,84,1506,0.1388
1413,83,1496,0.1388
1408,84,1492,0.1388
1404,81,1485,0.1388
1404,85,1489,0.1388
1408,87,1495,0.1388
1404,87,1491,0.1388
1402,88,1490,0.1388
1406,87,1493,0.1388
1406,89,1495,0.1388
1402,91,1493,0.1388
1401,89,1490,0.1388
1409,88,1497,0.1388
1408,89,1497,0.1388
1415,95,1510,0.1388
1418,93,1511,0.1388
1417,90,1507,0.1388
1421,90,1511,0.1388
1424,89,1513,0.1388
1417,89,1506,0.1388
1414,85,1499,0.1388
1419,82,1501,0.1388
1415,84,1499,0.1388
1406,82,1488,0.1388
1412,80,1492,0.1388
1412,78,1490,0.1388
1426,79,1505,0.1388
1408,81,1489,0.1388
1401,81,1482,0.1388
1395,83,1478,0.1388
1390,78,1468,0.1388
1402,78,1480,0.1388
1390,77,1467,0.1388
1400,82,1482,0.1388
1418,82,1500,0.1388
1423,81,1504,0.1388
1423,78,1501,0.1388
1416,82,1498,0.1388
1412,81,1493,0.1388
1405,81,1486,0.1388
1402,81,1483,0.1388
1407,84,1491,0.1388
1407,79,1486,0.1388
1407,77,1484,0.1388
1404,76,1480,0.1388
1403,76,1479,0.1388
1415,77,1492,0.1388
1401,78,1479,0.1388
1401,78,1479,0.1388
1395,84,1479,0.1388
1388,85,1473,0.1388
1385,86,1471,0.1388
1393,82,1475,0.1388
1395,83,1478,0.1388
1409,84,1493,0.1388
1412,79,1491,0.1388
1411,82,1493,0.1388
1406,82,1488,0.1388
1408,87,1495,0.1388
1407,92,1499,0.1388
1398,93,1491,0.1388
1396,97,1493,0.1388
1388,95,1483,0.1388
1393,92,1485,0.1388
1390,93,1483,0.1388
1391,92,1483,0.1388
1389,91,1480,0.1388
1390,91,1481,0.1388
1390,92,1482,0.1388
1385,93,1478,0.1388
1380,93,1473,0.1388
1390,94,1484,0.1388
1387,96,1483,0.1388
1390,97,1487,0.1388
1405,100,1505,0.1388
1394,99,1493,0.1388
1397,103,1500,0.1388
1389,100,1489,0.1388
1397,99,1496,0.1388
1391,101,1492,0.1388
1384,99,1483,0.1388
1390,99,1489,0.1388
1392,98,1490,0.1388
1403,98,1501,0.1388
1416,98,1514,0.1388
1416,94,1510,0.1388
1408,93,1501,0.1388
1416,93,1509,0.1388
1416,95,1511,0.1388
1401,95,1496,0.1388
1404,93,1497,0.1388
1400,95,1495,0.1388
1397,95,1492,0.1388
1408,93,1501,0.1388
1404,94,1498,0.1388
1413,97,1510,0.1388
1397,95,1492,0.1388
1396,93,1489,0.1388
1398,95,1493,0.1388
1391,93,1484,0.1388
1379,91,1470,0.1388
1391,92,1483,0.1388
1394,96,1490,0.1388
1397,93,1490,0.1388
1404,91,1495,0.1388
1410,93,1503,0.1388
1396,93,1489,0.1388
1392,91,1483,0.1388
1397,95,1492,0.1388
1397,95,1492,0.1388
1393,92,1485,0.1388
1403,93,1496,0.1388
1404,98,1502,0.1388
1397,100,1497,0.1388
1403,103,1506,0.1388
1388,103,1491,0.1388
1391,104,1495,0.1388
1392,105,1497,0.1388
1385,110,1495,0.1388
1369,113,1482,0.1388
1362,110,1472,0.1388
1376,110,1486,0.1388
1382,114,1496,0.1388
1391,117,1508,0.1388
1388,116,1504,0.1388
1378,113,1491,0.1388
1381,118,1499,0.1388
1371,121,1492,0.1388
1366,120,1486,0.1388
1376,119,1495,0.1388
1377,123,1500,0.1388
1372,120,1492,0.1388
1380,119,1499,0.1388
1371,117,1488,0.1388
1369,116,1485,0.1388
1363,118,1481,0.1388
1369,118,1487,0.1388
1372,120,1492,0.1388
1371,123,1494,0.1388
1352,123,1475,0.1388
1359,124,1483,0.1388
1352,126,1478,0.1388
1352,125,1477,0.1388
1363,125,1488,0.1388
1366,127,1493,0.1388
1359,129,1488,0.1388
1372,131,1503,0.1388
1367,133,1500,0.1388
1374,133,1507,0.1388
1370,131,1501,0.1388
1362,129,1491,0.1388
1374,127,1501,0.1388
1356,126,1482,0.1388
1359,121,1480,0.1388
1361,125,1486,0.1388
1367,127,1494,0.1388
1356,126,1482,0.1388
1361,130,1491,0.1388
1347,130,1477,0.1388
1351,125,1476,0.1388
1359,123,1482,0.1388
1377,127,1504,0.1388
1372,127,1499,0.1388
1363,131,1494,0.1388
1362,128,1490,0.1388
1370,130,1500,0.1388
1391,132,1523,0.1388
1382,132,1514,0.1388
1380,131,1511,0.1388
1374,131,1505,0.1388
1369,131,1500,0.1388
1377,133,1510,0.1388
1373,133,1506,0.1388
1369,135,1504,0.1388
1367,138,1505,0.1388
1359,137,1496,0.1388
1358,137,1495,0.1388
1347,141,1488,0.1388
1341,143,1484,0.1388
1353,141,1494,0.1388
1359,140,1499,0.1388
1357,136,1493,0.1388
1354,138,1492,0.1388
1358,139,1497,0.1388
1367,139,1506,0.1388
1361,136,1497,0.1388
1359,138,1497,0.1388
1366,140,1506,0.1388
1372,142,1514,0.1388
1356,142,1498,0.1388
1351,140,1491,0.1388
1351,140,1491,0.1388
1351,136,1487,0.1388
1359,138,1497,0.1388
1350,140,1490,0.1388
1351,138,1489,0.1388
1355,139,1494,0.1388
1356,137,1493,0.1388
1346,135,1481,0.1388
1360,138,1498,0.1388
1362,143,1505,0.1388
1368,143,1511,0.1388
1366,140,1506,0.1388
1350,143,1493,0.1388
1352,147,1499,0.1388
1363,153,1516,0.1388
1338,152,1490,0.1388
1332,150,1482,0.1388
1339,152,1491,0.1388
1353,153,1506,0.1388
1363,150,1513,0.1388
1355,152,1507,0.1388
1358,154,1512,0.1388
1348,150,1498,0.1388
1338,157,1495,0.1388
1342,155,1497,0.1388
1328,161,1489,0.1388
1326,163,1489,0.1388
1335,163,1498,0.1388
1331,161,1492,0.1388
1324,165,1489,0.1388
1323,163,1486,0.1388
1327,163,1490,0.1388
1338,161,1499,0.1388
1331,159,1490,0.1388
1342,161,1503,0.1388
1355,160,1515,0.1388
1348,154,1502,0.1388
1348,155,1503,0.1388
1337,154,1491,0.1388
1337,152,1489,0.1388
1333,156,1489,0.1388
1336,159,1495,0.1388
1342,158,1500,0.1388
1333,158,1491,0.1388
1327,160,1487,0.1388
1345,159,1504,0.1388
1344,162,1506,0.1388
1335,163,1498,0.1388
1334,162,1496,0.1388
1340,165,1505,0.1388
1331,164,1495,0.1388
1332,165,1497,0.1388
1335,165,1500,0.1388
1339,165,1504,0.1388
1346,166,1512,0.1388
1339,165,1504,0.1388
1333,166,1499,0.1388
1328,161,1489,0.1388
1333,162,1495,0.1388
1332,161,1493,0.1388
1321,164,1485,0.1388
1321,162,1483,0.1388
1320,165,1485,0.1388
1318,167,1485,0.1388
1321,168,1489,0.1388
1327,166,1493,0.1388
1347,166,1513,0.1388
1342,162,1504,0.1388
1327,160,1487,0.1388
1333,160,1493,0.1388
1340,161,1501,0.1388
1326,163,1489,0.1388
1338,161,1499,0.1388
1340,162,1502,0.1388
1325,160,1485,0.1388
1330,161,1491,0.1388
1350,163,1513,0.1388
1339,162,1501,0.1388
1325,163,1488,0.1388
1330,160,1490,0.1388
1325,163,1488,0.1388
1328,165,1493,0.1388
1324,165,1489,0.1388
1316,164,1480,0.1388
1318,166,1484,0.1388
1335,166,1501,0.1388
1336,168,1504,0.1388
1331,167,1498,0.1388
1330,169,1499,0.1388
1336,168,1504,0.1388
1337,169,1506,0.1388
1314,172,1486,0.1388
1308,174,1482,0.1388
1306,178,1484,0.1388
1304,182,1486,0.1388
1310,182,1492,0.1388
1324,181,1505,0.1388
1325,183,1508,0.1388
1322,185,1507,0.1388
1324,181,1505,0.1388
1339,179,1518,0.1388
1327,179,1506,0.1388
1324,180,1504,0.1388
1314,174,1488,0.1388
1310,179,1489,0.1388
1309,174,1483,0.1388
1305,177,1482,0.1388
1315,176,1491,0.1388
1312,175,1487,0.1388
1307,181,1488,0.1388
1308,183,1491,0.1388
1308,179,1487,0.1388
1312,182,1494,0.1388
1308,184,1492,0.1388
1308,186,1494,0.1388
1306,187,1493,0.1388
1321,185,1506,0.1388
1314,188,1502,0.1388
1319,191,1510,0.1388
1311,186,1497,0.1388
1304,183,1487,0.1388
1309,182,1491,0.1388
1312,178,1490,0.1388
1308,180,1488,0.1388
1309,177,1486,0.1388
1302,177,1479,0.1388
1310,177,1487,0.1388
1309,177,1486,0.1388
1318,176,1494,0.1388
1323,181,1504,0.1388
1307,186,1493,0.1388
1312,188,1500,0.1388
1321,187,1508,0.1388
1304,180,1484,0.1388
1305,178,1483,0.1388
1304,176,1480,0.1388
1311,177,1488,0.1388
1325,176,1501,0.1388
1318,174,1492,0.1388
1319,170,1489,0.1388
1325,168,1493,0.1388
1316,166,1482,0.1388
1330,168,1498,0.1388
1331,170,1501,0.1388
1314,167,1481,0.1388
1325,161,1486,0.1388
1335,161,1496,0.1388
1333,160,1493,0.1388
1333,166,1499,0.1388
1334,164,1498,0.1388
1330,162,1492,0.1388
1326,164,1490,0.1388
1319,164,1483,0.1388
1319,167,1486,0.1388
1325,171,1496,0.1388
1327,172,1499,0.1388
1338,171,1509,0.1388
1346,171,1517,0.1388
1339,173,1512,0.1388
1327,176,1503,0.1388
1322,175,1497,0.1388
1329,179,1508,0.1388
1321,177,1498,0.1388
1306,178,1484,0.1388
1327,178,1505,0.1388
1340,174,1514,0.1388
1331,172,1503,0.1388
1325,168,1493,0.1388
1319,174,1493,0.1388
1311,174,1485,0.1388
1312,177,1489,0.1388
1302,182,1484,0.1388
1307,180,1487,0.1388
1305,181,1486,0.1388
1313,182,1495,0.1388
1325,180,1505,0.1388
1329,178,1507,0.1388
1313,176,1489,0.1388
1316,177,1493,0.1388
1313,178,1491,0.1388
1314,181,1495,0.1388
1318,178,1496,0.1388
1315,178,1493,0.1388
1308,181,1489,0.1388
1293,186,1479,0.1388
1305,183,1488,0.1388
1310,184,1494,0.1388
1306,183,1489,0.1388
1307,185,1492,0.1388
1297,185,1482,0.1388
1298,179,1477,0.1388
1305,182,1487,0.1388
1316,180,1496,0.1388
1317,181,1498,0.1388
1326,179,1505,0.1388
1316,183,1499,0.1388
1316,184,1500,0.1388
1311,181,1492,0.1388
1307,181,1488,0.1388
1309,178,1487,0.1388
1307,183,1490,0.1388
1304,184,1488,0.1388
1313,184,1497,0.1388
1310,186,1496,0.1388
1304,184,1488,0.1388
1302,187,1489,0.1388
1304,182,1486,0.1388
1297,183,1480,0.1388
1312,182,1494,0.1388
1314,183,1497,0.1388
1310,178,1488,0.1388
1300,181,1481,0.1388
1309,183,1492,0.1388
1315,181,1496,0.1388
1326,182,1508,0.1388
1314,180,1494,0.1388
1316,178,1494,0.1388
1324,177,1501,0.1388
1322,184,1506,0.1388
1320,185,1505,0.1388
1319,185,1504,0.1388
1321,185,1506,0.1388
1329,182,1511,0.1388
1329,185,1514,0.1388
1324,184,1508,0.1388
1322,179,1501,0.1388
1326,178,1504,0.1388
1320,180,1500,0.1388
1325,182,1507,0.1388
1321,182,1503,0.1388
1319,177,1496,0.1388
1318,172,1490,0.1388
1336,178,1514,0.1388
1326,177,1503,0.1388
1318,178,1496,0.1388
1319,176,1495,0.1388
1324,176,1500,0.1388
1325,178,1503,0.1388
1325,180,1505,0.1388
1331,182,1513,0.1388
1322,181,1503,0.1388
1307,183,1490,0.1388
1318,183,1501,0.1388
1324,182,1506,0.1388
1316,181,1497,0.1388
1311,184,1495,0.1388
1319,191,1510,0.1388
1329,187,1516,0.1388
1322,188,1510,0.1388
1310,194,1504,0.1388
1313,194,1507,0.1388
1309,195,1504,0.1388
1315,194,1509,0.1388
1311,192,1503,0.1388
1317,193,1510,0.1388
1323,190,1513,0.1388
1318,191,1509,0.1388
1308,194,1502,0.1388
1302,190,1492,0.1388
1315,195,1510,0.1388
1313,197,1510,0.1388
1302,196,1498,0.1388
1304,195,1499,0.1388
1300,199,1499,0.1388
1305,201,1506,0.1388
1288,204,1492,0.1388
1305,204,1509,0.1388
1304,204,1508,0.1388
1303,207,1510,0.1388
1297,204,1501,0.1388
1289,211,1500,0.1388
1277,212,1489,0.1388
1272,212,1484,0.1388
1279,213,1492,0.1388
1277,218,1495,0.1388
1273,215,1488,0.1388
1274,216,1490,0.1388
1277,219,1496,0.1388
1275,219,1494,0.1388
1275,215,1490,0.1388
1270,216,1486,0.1388
1271,215,1486,0.1388
1282,217,1499,0.1388
1283,216,1499,0.1388
1276,221,1497,0.1388
1269,224,1493,0.1388
1284,221,1505,0.1388
1275,223,1498,0.1388
1283,223,1506,0.1388
1284,225,1509,0.1388
1281,223,1504,0.1388
1284,222,1506,0.1388
1276,222,1498,0.1388
1265,224,1489,0.1388
1274,229,1503,0.1388
1269,222,1491,0.1388
1271,220,1491,0.1388
1276,219,1495,0.1388
1277,226,1503,0.1388
1283,230,1513,0.1388
1265,226,1491,0.1388
1262,225,1487,0.1388
1266,230,1496,0.1388
1263,231,1494,0.1388
1261,230,1491,0.1388
1257,234,1491,0.1388
1249,228,1477,0.1388
1264,230,1494,0.1388
1253,236,1489,0.1388
1253,240,1493,0.1388
1256,236,1492,0.1388
1242,236,1478,0.1388
1247,235,1482,0.1388
1254,236,1490,0.1388
1264,239,1503,0.1388
1263,242,1505,0.1388
1252,244,1496,0.1388
1258,242,1500,0.1388
1253,241,1494,0.1388
1278,241,1519,0.1388
1280,238,1518,0.1388
1276,236,1512,0.1388
1277,235,1512,0.1388
1274,234,1508,0.1388
1273,235,1508,0.1388
1256,239,1495,0.1388
1263,242,1505,0.1388
1256,240,1496,0.1388
1256,243,1499,0.1388
1255,235,1490,0.1388
1254,232,1486,0.1388
1266,235,1501,0.1388
1268,233,1501,0.1388
1272,241,1513,0.1388
1254,235,1489,0.1388
1244,239,1483,0.1388
1245,240,1485,0.1388
1250,239,1489,0.1388
1253,233,1486,0.1388
1256,234,1490,0.1388
1261,237,1498,0.1388
1257,236,1493,0.1388
1251,238,1489,0.1388
1257,236,1493,0.1388
1245,234,1479,0.1388
1262,234,1496,0.1388
1256,237,1493,0.1388
1263,240,1503,0.1388
1255,235,1490,0.1388
1251,238,1489,0.1388
1254,236,1490,0.1388
1248,243,1491,0.1388
1243,251,1494,0.1388
1257,253,1510,0.1388
1260,251,1511,0.1388
1249,244,1493,0.1388
1251,246,1497,0.1388
1239,246,1485,0.1388
1247,247,1494,0.1388
1242,249,1491,0.1388
1241,250,1491,0.1388
1250,255,1505,0.1388
1239,255,1494,0.1388
1240,257,1497,0.1388
1253,256,1509,0.1388
1256,257,1513,0.1388
1253,260,1513,0.1388
1254,259,1513,0.1388
1244,254,1498,0.1388
1244,252,1496,0.1388
1243,255,1498,0.1388
1247,253,1500,0.1388
1244,256,1500,0.1388
1249,255,1504,0.1388
1253,257,1510,0.1388
1234,257,1491,0.1388
1224,255,1479,0.1388
1225,259,1484,0.1388
1219,259,1478,0.1388
1221,260,1481,0.1388
1224,263,1487,0.1388
1236,263,1499,0.1388
1243,264,1507,0.1388
1235,268,1503,0.1388
1221,273,1494,0.1388
1228,270,1498,0.1388
1227,275,1502,0.1388
1223,277,1500,0.1388
1216,272,1488,0.1388
1226,273,1499,0.1388
1202,274,1476,0.1388
1203,275,1478,0.1388
1213,282,1495,0.1388
1193,283,1476,0.1388
1201,283,1484,0.1388
1195,286,1481,0.1388
1212,283,1495,0.1388
1217,277,1494,0.1388
1222,286,1508,0.1388
1210,288,1498,0.1388
1211,293,1504,0.1388
1202,295,1497,0.1388
1205,285,1490,0.1388
1192,287,1479,0.1388
1184,288,1472,0.1388
1176,289,1465,0.1388
1174,284,1458,0.1388
1178,290,1468,0.1388
1188,299,1487,0.1388
1194,300,1494,0.1388
1202,299,1501,0.1388
1191,294,1485,0.1388
1194,300,1494,0.1388
1200,302,1502,0.1388
1200,302,1502,0.1388
1210,306,1516,0.1388
1196,301,1497,0.1388
1181,306,1487,0.1388
1184,309,1493,0.1388
1190,303,1493,0.1388
1186,303,1489,0.1388
1196,306,1502,0.1388
1193,308,1501,0.1388
1193,310,1503,0.1388
1187,306,1493,0.1388
1197,304,1501,0.1388
1187,309,1496,0.1388
1180,305,1485,0.1388
1189,307,1496,0.1388
1191,308,1499,0.1388
1187,308,1495,0.1388
1196,305,1501,0.1388
1190,303,1493,0.1388
1189,302,1491,0.1388
1195,303,1498,0.1388
1187,310,1497,0.1388
1195,311,1506,0.1388
1198,316,1514,0.1388
1200,315,1515,0.1388
1188,312,1500,0.1388
1189,318,1507,0.1388
1175,314,1489,0.1388
1186,312,1498,0.1388
1181,306,1487,0.1388
1181,305,1486,0.1388
1190,318,1508,0.1388
1192,315,1507,0.1388
1191,320,1511,0.1388
1194,318,1512,0.1388
1196,310,1506,0.1388
1189,310,1499,0.1388
1183,310,1493,0.1388
1198,311,1509,0.1388
1191,309,1500,0.1388
1196,312,1508,0.1388
1203,318,1521,0.1388
1198,317,1515,0.1388
1208,314,1522,0.1388
1205,315,1520,0.1388
1184,319,1503,0.1388
1187,317,1504,0.1388
1182,313,1495,0.1388
1204,314,1518,0.1388
1206,316,1522,0.1388
1196,307,1503,0.1388
1196,302,1498,0.1388
1198,303,1501,0.1388
1193,303,1496,0.1388
1179,307,1486,0.1388
1190,313,1503,0.1388
1200,311,1511,0.1388
1200,307,1507,0.1388
1196,309,1505,0.1388
1200,301,1501,0.1388
1195,294,1489,0.1388
1190,292,1482,0.1388
1191,302,1493,0.1388
1182,304,1486,0.1388
1183,300,1483,0.1388
1193,300,1493,0.1388
1203,301,1504,0.1388
1197,304,1501,0.1388
1210,296,1506,0.1388
1204,300,1504,0.1388
1199,301,1500,0.1388
1202,299,1501,0.1388
1201,298,1499,0.1388
1200,304,1504,0.1388
1200,302,1502,0.1388
1205,302,1507,0.1388
1205,303,1508,0.1388
1206,301,1507,0.1388
1198,301,1499,0.1388
1192,305,1497,0.1388
1200,304,1504,0.1388
1197,299,1496,0.1388
1196,302,1498,0.1388
1195,308,1503,0.1388
1197,309,1506,0.1388
1186,308,1494,0.1388
1175,306,1481,0.1388
1179,307,1486,0.1388
1165,309,1474,0.1388
1177,316,1493,0.1388
1176,313,1489,0.1388
1173,320,1493,0.1388
1175,321,1496,0.1388
1173,317,1490,0.1388
1166,319,1485,0.1388
1156,315,1471,0.1388
1166,314,1480,0.1388
1175,320,1495,0.1388
1172,319,1491,0.1388
1188,320,1508,0.1388
1186,321,1507,0.1388
1176,313,1489,0.1388
1184,312,1496,0.1388
1176,314,1490,0.1388
1168,311,1479,0.1388
1179,312,1491,0.1388
1179,314,1493,0.1388
1177,318,1495,0.1388
1174,318,1492,0.1388
1181,321,1502,0.1388
1176,333,1509,0.1388
1170,332,1502,0.1388
1177,330,1507,0.1388
1183,330,1513,0.1388
1169,324,1493,0.1388
1171,325,1496,0.1388
1150,335,1485,0.1388
1155,338,1493,0.1388
1158,336,1494,0.1388
1153,335,1488,0.1388
1148,341,1489,0.1388
1156,346,1502,0.1388
1151,349,1500,0.1388
1152,347,1499,0.1388
1157,342,1499,0.1388
1149,339,1488,0.1388
1148,342,1490,0.1388
1153,347,1500,0.1388
1158,349,1507,0.1388
1148,347,1495,0.1388
1146,346,1492,0.1388
1144,350,1494,0.1388
1136,348,1484,0.1388
1134,354,1488,0.1388
1137,354,1491,0.1388
1149,351,1500,0.1388
1155,346,1501,0.1388
1161,347,1508,0.1388
1150,353,1503,0.1388
1138,347,1485,0.1388
1135,352,1487,0.1388
1136,355,1491,0.1388
1137,360,1497,0.1388
1129,360,1489,0.1388
1132,362,1494,0.1388
1140,360,1500,0.1388
1142,359,1501,0.1388
1137,355,1492,0.1388
1138,350,1488,0.1388
1142,355,1497,0.1388
1140,347,1487,0.1388
1133,352,1485,0.1388
1127,358,1485,0.1388
1129,359,1488,0.1388
1138,358,1496,0.1388
1141,355,1496,0.1388
1151,363,1514,0.1388
1140,366,1506,0.1388
1136,369,1505,0.1388
1135,369,1504,0.1388
1131,370,1501,0.1388
1132,375,1507,0.1388
1125,375,1500,0.1388
1127,373,1500,0.1388
1128,377,1505,0.1388
1126,375,1501,0.1388
1127,377,1504,0.1388
1118,380,1498,0.1388
1117,375,1492,0.1388
1132,377,1509,0.1388
1133,375,1508,0.1388
1129,379,1508,0.1388
1117,380,1497,0.1388
1111,377,1488,0.1388
1115,378,1493,0.1388
1127,374,1501,0.1388
1127,374,1501,0.1388
1130,372,1502,0.1388
1120,374,1494,0.1388
1115,377,1492,0.1388
1126,375,1501,0.1388
1131,374,1505,0.1388
1120,382,1502,0.1388
1110,383,1493,0.1388
1112,388,1500,0.1388
1114,386,1500,0.1388
1117,384,1501,0.1388
1116,383,1499,0.1388
1111,385,1496,0.1388
1118,380,1498,0.1388
1116,377,1493,0.1388
1124,383,1507,0.1388
1120,382,1502,0.1388
1126,381,1507,0.1388
1125,381,1506,0.1388
1121,393,1514,0.1388
1124,391,1515,0.1388
1120,387,1507,0.1388
1115,386,1501,0.1388
1104,383,1487,0.1388
1091,389,1480,0.1388
1099,386,1485,0.1388
1100,388,1488,0.1388
1110,384,1494,0.1388
1104,377,1481,0.1388
1103,383,1486,0.1388
1110,384,1494,0.1388
1108,385,1493,0.1388
1109,384,1493,0.1388
1098,386,1484,0.1388
1083,379,1462,0.1388
1101,384,1485,0.1388
1095,386,1481,0.1388
1089,400,1489,0.1388
1073,403,1476,0.1388
1072,401,1473,0.1388
1074,405,1479,0.1388
1065,404,1469,0.1388
1085,399,1484,0.1388
1097,398,1495,0.1388
1093,408,1501,0.1388
1103,410,1513,0.1388
1103,412,1515,0.1388
1099,409,1508,0.1388
1093,410,1503,0.1388
1099,409,1508,0.1388
1092,409,1501,0.1388
1087,412,1499,0.1388
1087,409,1496,0.1388
1092,403,1495,0.1388
1097,403,1500,0.1388
1094,413,1507,0.1388
1092,410,1502,0.1388
1081,406,1487,0.1388
1081,413,1494,0.1388
1078,412,1490,0.1388
1088,411,1499,0.1388
1100,413,1513,0.1388
1093,408,1501,0.1388
1095,405,1500,0.1388
1086,401,1487,0.1388
1083,408,1491,0.1388
1090,407,1497,0.1388
1089,412,1501,0.1388
1083,410,1493,0.1388
1086,415,1501,0.1388
1070,416,1486,0.1388
1072,416,1488,0.1388
1083,421,1504,0.1388
1088,421,1509,0.1388
1083,419,1502,0.1388
1085,418,1503,0.1388
1089,426,1515,0.1388
1079,434,1513,0.1388
1074,433,1507,0.1388
1084,430,1514,0.1388
1076,429,1505,0.1388
1077,431,1508,0.1388
1069,435,1504,0.1388
1068,431,1499,0.1388
1069,429,1498,0.1388
1070,429,1499,0.1388
1071,430,1501,0.1388
1072,440,1512,0.1388
1058,436,1494,0.1388
1053,431,1484,0.1388
1054,427,1481,0.1388
1058,438,1496,0.1388
1061,433,1494,0.1388
1065,435,1500,0.1388
1055,428,1483,0.1388
1065,432,1497,0.1388
1059,439,1498,0.1388
1062,438,1500,0.1388
1068,441,1509,0.1388
1056,442,1498,0.1388
1053,440,1493,0.1388
1045,438,1483,0.1388
1062,437,1499,0.1388
1063,438,1501,0.1388
1064,446,1510,0.1388
1062,443,1505,0.1388
1064,447,1511,0.1388
1062,449,1511,0.1388
1068,445,1513,0.1388
1070,437,1507,0.1388
1073,446,1519,0.1388
1066,449,1515,0.1388
1075,449,1524,0.1388
1076,440,1516,0.1388
1072,439,1511,0.1388
1073,439,1512,0.1388
1070,438,1508,0.1388
1058,438,1496,0.1388
1057,433,1490,0.1388
1066,437,1503,0.1388
1064,432,1496,0.1388
1065,428,1493,0.1388
1052,437,1489,0.1388
1054,439,1493,0.1388
1068,436,1504,0.1388
1063,439,1502,0.1388
1052,439,1491,0.1388
1047,438,1485,0.1388
1057,436,1493,0.1388
1050,442,1492,0.1388
1054,442,1496,0.1388
1034,436,1470,0.1388
1045,440,1485,0.1388
1052,441,1493,0.1388
1060,446,1506,0.1388
1067,441,1508,0.1388
1067,439,1506,0.1388
1054,441,1495,0.1388
1051,440,1491,0.1388
1050,438,1488,0.1388
1047,442,1489,0.1388
1055,448,1503,0.1388
1057,446,1503,0.1388
1058,455,1513,0.1388
1056,447,1503,0.1388
1056,447,1503,0.1388
1058,457,1515,0.1388
1052,460,1512,0.1388
1053,453,1506,0.1388
1049,454,1503,0.1388
1059,461,1520,0.1388
1053,460,1513,0.1388
1057,457,1514,0.1388
1052,458,1510,0.1388
1049,461,1510,0.1388
1046,463,1509,0.1388
1040,462,1502,0.1388
1045,462,1507,0.1388
1043,461,1504,0.1388
1050,461,1511,0.1388
1044,462,1506,0.1388
1037,460,1497,0.1388
1044,454,1498,0.1388
1041,451,1492,0.1388
1038,462,1500,0.1388
1038,460,1498,0.1388
1046,462,1508,0.1388
1047,460,1507,0.1388
1048,460,1508,0.1388
1037,459,1496,0.1388
1038,463,1501,0.1388
1024,473,1497,0.1388
1000,475,1475,0.1388
1007,469,1476,0.1388
1014,469,1483,0.1388
1018,469,1487,0.1388
1017,471,1488,0.1388
1015,475,1490,0.1388
1018,475,1493,0.1388
1014,472,1486,0.1388
1025,471,1496,0.1388
1025,475,1500,0.1388
1031,474,1505,0.1388
1028,470,1498,0.1388
1034,472,1506,0.1388
1031,467,1498,0.1388
1028,472,1500,0.1388
1024,475,1499,0.1388
1015,483,1498,0.1388
1009,481,1490,0.1388
1015,487,1502,0.1388
1023,479,1502,0.1388
1028,485,1513,0.1388
1021,489,1510,0.1388
1018,483,1501,0.1388
1024,476,1500,0.1388
1034,476,1510,0.1388
1025,476,1501,0.1388
1026,477,1503,0.1388
1023,478,1501,0.1388
1019,477,1496,0.1388
1022,483,1505,0.1388
1011,489,1500,0.1388
1021,490,1511,0.1388
1012,492,1504,0.1388
1005,491,1496,0.1388
1003,495,1498,0.1388
998,491,1489,0.1388
987,494,1481,0.1388
981,495,1476,0.1388
982,502,1484,0.1388
982,499,1481,0.1388
996,500,1496,0.1388
988,502,1490,0.1388
990,505,1495,0.1388
998,505,1503,0.1388
994,497,1491,0.1388
1000,487,1487,0.1388
1000,494,1494,0.1388
1000,496,1496,0.1388
997,506,1503,0.1388
1000,505,1505,0.1388
1000,505,1505,0.1388
988,497,1485,0.1388
1001,492,1493,0.1388
1008,496,1504,0.1388
1005,495,1500,0.1388
1008,497,1505,0.1388
1003,499,1502,0.1388
994,504,1498,0.1388
999,506,1505,0.1388
998,501,1499,0.1388
997,501,1498,0.1388
1002,496,1498,0.1388
1012,500,1512,0.1388
1028,505,1533,0.1388
1015,493,1508,0.1388
997,490,1487,0.1388
999,490,1489,0.1388
998,483,1481,0.1388
986,491,1477,0.1388
994,498,1492,0.1388
1000,495,1495,0.1388
1007,503,1510,0.1388
1006,500,1506,0.1388
1000,504,1504,0.1388
1002,509,1511,0.1388
1001,502,1503,0.1388
998,503,1501,0.1388
997,509,1506,0.1388
985,505,1490,0.1388
984,507,1491,0.1388
981,513,1494,0.1388
983,512,1495,0.1388
989,507,1496,0.1388
988,501,1489,0.1388
985,502,1487,0.1388
988,504,1492,0.1388
985,502,1487,0.1388
995,503,1498,0.1388
1006,506,1512,0.1388
999,502,1501,0.1388
993,506,1499,0.1388
980,498,1478,0.1388
981,507,1488,0.1388
986,505,1491,0.1388
980,502,1482,0.1388
983,506,1489,0.1388
995,505,1500,0.1388
988,501,1489,0.1388
992,507,1499,0.1388
976,509,1485,0.1388
987,515,1502,0.1388
979,512,1491,0.1388
977,517,1494,0.1388
967,521,1488,0.1388
971,522,1493,0.1388
964,526,1490,0.1388
968,534,1502,0.1388
965,532,1497,0.1388
970,537,1507,0.1388
968,541,1509,0.1388
960,537,1497,0.1388
948,541,1489,0.1388
961,534,1495,0.1388
959,529,1488,0.1388
969,534,1503,0.1388
972,526,1498,0.1388
970,529,1499,0.1388
975,525,1500,0.1388
971,525,1496,0.1388
969,528,1497,0.1388
961,526,1487,0.1388
958,528,1486,0.1388
959,538,1497,0.1388
960,537,1497,0.1388
968,542,1510,0.1388
958,550,1508,0.1388
960,557,1517,0.1388
956,553,1509,0.1388
957,543,1500,0.1388
960,545,1505,0.1388
954,547,1501,0.1388
961,552,1513,0.1388
960,547,1507,0.1388
956,553,1509,0.1388
948,549,1497,0.1388
954,551,1505,0.1388
963,553,1516,0.1388
953,536,1489,0.1388
953,537,1490,0.1388
950,539,1489,0.1388
967,541,1508,0.1388
969,538,1507,0.1388
965,542,1507,0.1388
976,546,1522,0.1388
969,544,1513,0.1388
966,537,1503,0.1388
968,544,1512,0.1388
974,536,1510,0.1388
976,532,1508,0.1388
979,521,1500,0.1388
971,525,1496,0.1388
973,536,1509,0.1388
971,540,1511,0.1388
987,539,1526,0.1388
985,542,1527,0.1388
970,544,1514,0.1388
974,548,1522,0.1388
968,542,1510,0.1388
977,538,1515,0.1388
971,537,1508,0.1388
959,546,1505,0.1388
965,537,1502,0.1388
965,534,1499,0.1388
962,539,1501,0.1388
955,534,1489,0.1388
947,538,1485,0.1388
941,548,1489,0.1388
946,559,1505,0.1388
950,553,1503,0.1388
953,552,1505,0.1388
944,556,1500,0.1388
943,557,1500,0.1388
935,565,1500,0.1388
940,563,1503,0.1388
950,560,1510,0.1388
938,559,1497,0.1388
948,560,1508,0.1388
956,559,1515,0.1388
953,551,1504,0.1388
951,555,1506,0.1388
944,554,1498,0.1388
945,560,1505,0.1388
954,553,1507,0.1388
960,548,1508,0.1388
948,553,1501,0.1388
961,554,1515,0.1388
952,551,1503,0.1388
955,553,1508,0.1388
954,563,1517,0.1388
951,565,1516,0.1388
946,568,1514,0.1388
936,558,1494,0.1388
940,563,1503,0.1388
942,566,1508,0.1388
939,562,1501,0.1388
944,570,1514,0.1388
932,559,1491,0.1388
929,567,1496,0.1388
930,575,1505,0.1388
933,578,1511,0.1388
923,572,1495,0.1388
914,581,1495,0.1388
908,576,1484,0.1388
915,580,1495,0.1388
928,572,1500,0.1388
927,571,1498,0.1388
931,566,1497,0.1388
930,574,1504,0.1388
925,585,1510,0.1388
908,587,1495,0.1388
916,587,1503,0.1388
920,585,1505,0.1388
915,585,1500,0.1388
907,587,1494,0.1388
909,590,1499,0.1388
913,591,1504,0.1388
912,586,1498,0.1388
912,587,1499,0.1388
911,587,1498,0.1388
897,584,1481,0.1388
898,592,1490,0.1388
898,599,1497,0.1388
894,597,1491,0.1388
898,599,1497,0.1388
900,599,1499,0.1388
899,597,1496,0.1388
905,591,1496,0.1388
910,583,1493,0.1388
913,589,1502,0.1388
909,588,1497,0.1388
904,582,1486,0.1388
903,581,1484,0.1388
911,592,1503,0.1388
908,590,1498,0.1388
901,592,1493,0.1388
908,585,1493,0.1388
912,587,1499,0.1388
910,590,1500,0.1388
903,583,1486,0.1388
898,581,1479,0.1388
906,588,1494,0.1388
905,585,1490,0.1388
915,582,1497,0.1388
910,582,1492,0.1388
906,577,1483,0.1388
903,577,1480,0.1388
911,577,1488,0.1388
900,577,1477,0.1388
912,580,1492,0.1388
912,579,1491,0.1388
917,575,1492,0.1388
918,582,1500,0.1388
915,580,1495,0.1388
908,588,1496,0.1388
909,589,1498,0.1388
919,592,1511,0.1388
912,608,1520,0.1388
903,607,1510,0.1388
903,603,1506,0.1388
897,598,1495,0.1388
887,605,1492,0.1388
877,619,1496,0.1388
880,621,1501,0.1388
885,614,1499,0.1388
893,610,1503,0.1388
887,611,1498,0.1388
883,610,1493,0.1388
889,612,1501,0.1388
887,619,1506,0.1388
878,624,1502,0.1388
875,620,1495,0.1388
870,623,1493,0.1388
873,623,1496,0.1388
885,619,1504,0.1388
893,619,1512,0.1388
886,621,1507,0.1388
876,623,1499,0.1388
871,633,1504,0.1388
868,632,1500,0.1388
879,626,1505,0.1388
863,626,1489,0.1388
855,620,1475,0.1388
856,629,1485,0.1388
843,633,1476,0.1388
845,637,1482,0.1388
851,641,1492,0.1388
851,635,1486,0.1388
849,643,1492,0.1388
842,648,1490,0.1388
841,652,1493,0.1388
850,655,1505,0.1388
856,656,1512,0.1388
856,648,1504,0.1388
847,641,1488,0.1388
848,646,1494,0.1388
856,655,1511,0.1388
858,651,1509,0.1388
852,646,1498,0.1388
858,644,1502,0.1388
852,640,1492,0.1388
844,648,1492,0.1388
848,648,1496,0.1388
850,643,1493,0.1388
841,645,1486,0.1388
854,652,1506,0.1388
850,659,1509,0.1388
846,663,1509,0.1388
839,658,1497,0.1388
843,665,1508,0.1388
856,650,1506,0.1388
848,649,1497,0.1388
859,656,1515,0.1388
862,653,1515,0.1388
841,661,1502,0.1388
847,657,1504,0.1388
854,657,1511,0.1388
858,664,1522,0.1388
856,662,1518,0.1388
860,665,1525,0.1388
854,677,1531,0.1388
847,666,1513,0.1388
847,676,1523,0.1388
847,678,1525,0.1388
843,681,1524,0.1388
840,676,1516,0.1388
832,686,1518,0.1388
826,675,1501,0.1388
817,685,1502,0.1388
824,682,1506,0.1388
831,676,1507,0.1388
827,680,1507,0.1388
826,689,1515,0.1388
831,688,1519,0.1388
828,684,1512,0.1388
831,678,1509,0.1388
840,675,1515,0.1388
837,667,1504,0.1388
824,665,1489,0.1388
819,675,1494,0.1388
839,676,1515,0.1388
829,672,1501,0.1388
822,676,1498,0.1388
822,679,1501,0.1388
814,689,1503,0.1388
821,690,1511,0.1388
820,690,1510,0.1388
821,675,1496,0.1388
826,673,1499,0.1388
829,671,1500,0.1388
830,669,1499,0.1388
836,673,1509,0.1388
829,664,1493,0.1388
833,663,1496,0.1388
834,669,1503,0.1388
832,669,1501,0.1388
835,681,1516,0.1388
835,680,1515,0.1388
826,681,1507,0.1388
821,679,1500,0.1388
815,686,1501,0.1388
833,681,1514,0.1388
836,677,1513,0.1388
834,679,1513,0.1388
829,672,1501,0.1388
828,677,1505,0.1388
835,681,1516,0.1388
824,692,1516,0.1388
826,683,1509,0.1388
820,690,1510,0.1388
831,695,1526,0.1388
825,688,1513,0.1388
824,678,1502,0.1388
822,691,1513,0.1388
825,686,1511,0.1388
820,683,1503,0.1388
830,684,1514,0.1388
816,692,1508,0.1388
810,686,1496,0.1388
803,680,1483,0.1388
814,681,1495,0.1388
813,675,1488,0.1388
815,690,1505,0.1388
835,692,1527,0.1388
825,684,1509,0.1388
819,682,1501,0.1388
822,688,1510,0.1388
830,689,1519,0.1388
830,676,1506,0.1388
823,684,1507,0.1388
815,696,1511,0.1388
817,691,1508,0.1388
811,693,1504,0.1388
814,690,1504,0.1388
817,701,1518,0.1388
825,696,1521,0.1388
822,693,1515,0.1388
825,699,1524,0.1388
826,696,1522,0.1388
823,686,1509,0.1388
815,690,1505,0.1388
811,695,1506,0.1388
802,697,1499,0.1388
821,681,1502,0.1388
817,685,1502,0.1388
820,692,1512,0.1388
818,693,1511,0.1388
806,682,1488,0.1388
803,683,1486,0.1388
810,686,1496,0.1388
821,686,1507,0.1388
835,684,1519,0.1388
836,685,1521,0.1388
833,678,1511,0.1388
825,682,1507,0.1388
823,677,1500,0.1388
829,675,1504,0.1388
834,684,1518,0.1388
834,678,1512,0.1388
827,675,1502,0.1388
833,668,1501,0.1388
835,667,1502,0.1388
833,677,1510,0.1388
826,678,1504,0.1388
824,683,1507,0.1388
828,687,1515,0.1388
825,694,1519,0.1388
820,689,1509,0.1388
813,685,1498,0.1388
812,681,1493,0.1388
814,691,1505,0.1388
816,683,1499,0.1388
820,679,1499,0.1388
817,681,1498,0.1388
830,682,1512,0.1388
823,676,1499,0.1388
826,680,1506,0.1388
824,669,1493,0.1388
825,684,1509,0.1388
816,690,1506,0.1388
823,699,1522,0.1388
821,703,1524,0.1388
820,697,1517,0.1388
817,693,1510,0.1388
820,693,1513,0.1388
816,699,1515,0.1388
806,707,1513,0.1388
801,701,1502,0.1388
807,700,1507,0.1388
808,710,1518,0.1388
802,705,1507,0.1388
802,713,1515,0.1388
796,712,1508,0.1388
798,711,1509,0.1388
801,717,1518,0.1388
806,715,1521,0.1388
802,702,1504,0.1388
804,695,1499,0.1388
796,705,1501,0.1388
796,709,1505,0.1388
790,709,1499,0.1388
785,712,1497,0.1388
786,703,1489,0.1388
791,716,1507,0.1388
782,713,1495,0.1388
786,713,1499,0.1388
791,720,1511,0.1388
799,723,1522,0.1388
792,719,1511,0.1388
789,720,1509,0.1388
778,718,1496,0.1388
772,724,1496,0.1388
780,729,1509,0.1388
772,723,1495,0.1388
780,728,1508,0.1388
782,716,1498,0.1388
786,725,1511,0.1388
784,721,1505,0.1388
780,713,1493,0.1388
788,712,1500,0.1388
790,719,1509,0.1388
784,720,1504,0.1388
791,716,1507,0.1388
781,717,1498,0.1388
777,725,1502,0.1388
784,723,1507,0.1388
780,719,1499,0.1388
781,720,1501,0.1388
780,723,1503,0.1388
783,730,1513,0.1388
784,720,1504,0.1388
780,724,1504,0.1388
772,735,1507,0.1388
765,730,1495,0.1388
768,732,1500,0.1388
765,737,1502,0.1388
771,743,1514,0.1388
762,734,1496,0.1388
765,739,1504,0.1388
763,742,1505,0.1388
758,745,1503,0.1388
760,742,1502,0.1388
751,750,1501,0.1388
752,749,1501,0.1388
753,746,1499,0.1388
756,750,1506,0.1388
745,752,1497,0.1388
760,762,1522,0.1388
752,759,1511,0.1388
744,766,1510,0.1388
742,764,1506,0.1388
741,777,1518,0.1388
742,773,1515,0.1388
733,767,1500,0.1388
727,770,1497,0.1388
719,769,1488,0.1388
722,774,1496,0.1388
721,772,1493,0.1388
718,774,1492,0.1388
728,776,1504,0.1388
720,767,1487,0.1388
709,778,1487,0.1388
708,789,1497,0.1388
711,787,1498,0.1388
707,783,1490,0.1388
712,778,1490,0.1388
711,782,1493,0.1388
698,784,1482,0.1388
692,786,1478,0.1388
700,790,1490,0.1388
700,793,1493,0.1388
705,792,1497,0.1388
690,802,1492,0.1388
684,802,1486,0.1388
677,807,1484,0.1388
682,821,1503,0.1388
686,832,1518,0.1388
680,825,1505,0.1388
684,818,1502,0.1388
683,820,1503,0.1388
683,818,1501,0.1388
697,815,1512,0.1388
697,822,1519,0.1388
692,824,1516,0.1388
692,818,1510,0.1388
697,820,1517,0.1388
701,816,1517,0.1388
697,808,1505,0.1388
693,813,1506,0.1388
693,820,1513,0.1388
694,821,1515,0.1388
686,816,1502,0.1388
698,810,1508,0.1388
696,816,1512,0.1388
692,811,1503,0.1388
686,822,1508,0.1388
691,817,1508,0.1388
693,817,1510,0.1388
695,815,1510,0.1388
689,823,1512,0.1388
684,830,1514,0.1388
677,832,1509,0.1388
676,836,1512,0.1388
670,838,1508,0.1388
662,842,1504,0.1388
668,839,1507,0.1388
671,839,1510,0.1388
677,832,1509,0.1388
674,839,1513,0.1388
669,842,1511,0.1388
663,834,1497,0.1388
657,842,1499,0.1388
656,852,1508,0.1388
653,853,1506,0.1388
657,855,1512,0.1388
656,848,1504,0.1388
652,847,1499,0.1388
663,848,1511,0.1388
661,845,1506,0.1388
655,845,1500,0.1388
646,842,1488,0.1388
638,854,1492,0.1388
640,838,1478,0.1388
638,852,1490,0.1388
637,856,1493,0.1388
640,861,1501,0.1388
638,864,1502,0.1388
635,864,1499,0.1388
632,865,1497,0.1388
636,872,1508,0.1388
638,872,1510,0.1388
629,868,1497,0.1388
637,870,1507,0.1388
647,865,1512,0.1388
643,862,1505,0.1388
645,870,1515,0.1388
643,885,1528,0.1388
628,880,1508,0.1388
633,878,1511,0.1388
623,881,1504,0.1388
620,884,1504,0.1388
608,878,1486,0.1388
616,877,1493,0.1388
609,874,1483,0.1388
621,876,1497,0.1388
625,870,1495,0.1388
629,869,1498,0.1388
632,872,1504,0.1388
645,881,1526,0.1388
641,875,1516,0.1388
633,875,1508,0.1388
635,872,1507,0.1388
633,878,1511,0.1388
623,875,1498,0.1388
629,886,1515,0.1388
629,890,1519,0.1388
621,902,1523,0.1388
622,900,1522,0.1388
618,898,1516,0.1388
617,893,1510,0.1388
620,894,1514,0.1388
621,892,1513,0.1388
622,884,1506,0.1388
613,887,1500,0.1388
611,893,1504,0.1388
612,904,1516,0.1388
605,905,1510,0.1388
598,901,1499,0.1388
603,899,1502,0.1388
604,908,1512,0.1388
602,905,1507,0.1388
602,905,1507,0.1388
599,906,1505,0.1388
596,913,1509,0.1388
593,900,1493,0.1388
589,899,1488,0.1388
592,913,1505,0.1388
597,913,1510,0.1388
597,906,1503,0.1388
601,913,1514,0.1388
597,908,1505,0.1388
597,905,1502,0.1388
595,907,1502,0.1388
599,915,1514,0.1388
592,922,1514,0.1388
594,914,1508,0.1388
580,922,1502,0.1388
581,924,1505,0.1388
585,921,1506,0.1388
586,925,1511,0.1388
579,932,1511,0.1388
580,943,1523,0.1388
573,944,1517,0.1388
560,934,1494,0.1388
556,933,1489,0.1388
568,939,1507,0.1388
568,931,1499,0.1388
565,922,1487,0.1388
571,939,1510,0.1388
566,945,1511,0.1388
570,941,1511,0.1388
572,938,1510,0.1388
571,943,1514,0.1388
563,937,1500,0.1388
568,943,1511,0.1388
570,939,1509,0.1388
565,943,1508,0.1388
571,953,1524,0.1388
568,938,1506,0.1388
570,937,1507,0.1388
561,930,1491,0.1388
569,940,1509,0.1388
568,949,1517,0.1388
561,937,1498,0.1388
564,946,1510,0.1388
575,945,1520,0.1388
569,955,1524,0.1388
567,935,1502,0.1388
564,936,1500,0.1388
551,943,1494,0.1388
563,950,1513,0.1388
563,953,1516,0.1388
560,953,1513,0.1388
559,957,1516,0.1388
556,950,1506,0.1388
551,948,1499,0.1388
544,945,1489,0.1388
551,943,1494,0.1388
548,946,1494,0.1388
555,946,1501,0.1388
555,955,1510,0.1388
550,956,1506,0.1388
548,961,1509,0.1388
550,959,1509,0.1388
560,963,1523,0.1388
565,945,1510,0.1388
570,939,1509,0.1388
567,946,1513,0.1388
560,939,1499,0.1388
563,941,1504,0.1388
563,947,1510,0.1388
561,938,1499,0.1388
555,953,1508,0.1388
560,944,1504,0.1388
557,949,1506,0.1388
555,952,1507,0.1388
552,945,1497,0.1388
551,946,1497,0.1388
551,949,1500,0.1388
547,945,1492,0.1388
542,957,1499,0.1388
546,976,1522,0.1388
545,967,1512,0.1388
542,958,1500,0.1388
553,961,1514,0.1388
549,952,1501,0.1388
537,947,1484,0.1388
539,950,1489,0.1388
544,943,1487,0.1388
559,949,1508,0.1388
561,952,1513,0.1388
556,949,1505,0.1388
547,951,1498,0.1388
550,953,1503,0.1388
562,948,1510,0.1388
562,949,1511,0.1388
564,952,1516,0.1388
563,952,1515,0.1388
560,954,1514,0.1388
559,946,1505,0.1388
559,950,1509,0.1388
558,950,1508,0.1388
548,953,1501,0.1388
547,955,1502,0.1388
539,957,1496,0.1388
540,960,1500,0.1388
536,960,1496,0.1388
531,959,1490,0.1388
523,971,1494,0.1388
534,977,1511,0.1388
534,975,1509,0.1388
530,982,1512,0.1388
526,973,1499,0.1388
528,982,1510,0.1388
537,984,1521,0.1388
531,978,1509,0.1388
520,988,1508,0.1388
521,988,1509,0.1388
515,985,1500,0.1388
503,987,1490,0.1388
501,990,1491,0.1388
501,986,1487,0.1388
501,982,1483,0.1388
490,990,1480,0.1388
495,993,1488,0.1388
510,1000,1510,0.1388
499,998,1497,0.1388
495,1001,1496,0.1388
493,998,1491,0.1388
495,1014,1509,0.1388
499,1015,1514,0.1388
498,1024,1522,0.1388
491,1030,1521,0.1388
486,1016,1502,0.1388
487,1031,1518,0.1388
480,1019,1499,0.1388
483,1017,1500,0.1388
487,1013,1500,0.1388
491,1013,1504,0.1388
498,1023,1521,0.1388
497,1025,1522,0.1388
497,1025,1522,0.1388
497,1025,1522,0.1388
492,1028,1520,0.1388
491,1022,1513,0.1388
492,1031,1523,0.1388
494,1023,1517,0.1388
494,1025,1519,0.1388
495,1019,1514,0.1388
494,1028,1522,0.1388
499,1030,1529,0.1388
492,1029,1521,0.1388
484,1030,1514,0.1388
487,1029,1516,0.1388
481,1028,1509,0.1388
473,1029,1502,0.1388
475,1026,1501,0.1388
471,1045,1516,0.1388
465,1047,1512,0.1388
463,1037,1500,0.1388
468,1048,1516,0.1388
471,1055,1526,0.1388
460,1057,1517,0.1388
463,1051,1514,0.1388
457,1054,1511,0.1388
456,1057,1513,0.1388
457,1053,1510,0.1388
454,1048,1502,0.1388
451,1047,1498,0.1388
453,1062,1515,0.1388
454,1066,1520,0.1388
447,1065,1512,0.1388
445,1049,1494,0.1388
451,1057,1508,0.1388
451,1057,1508,0.1388
452,1062,1514,0.1388
450,1061,1511,0.1388
444,1047,1491,0.1388
447,1048,1495,0.1388
446,1054,1500,0.1388
445,1063,1508,0.1388
452,1069,1521,0.1388
453,1058,1511,0.1388
444,1060,1504,0.1388
443,1071,1514,0.1388
444,1071,1515,0.1388
438,1058,1496,0.1388
443,1046,1489,0.1388
436,1054,1490,0.1388
438,1071,1509,0.1388
438,1068,1506,0.1388
437,1071,1508,0.1388
438,1079,1517,0.1388
432,1084,1516,0.1388
430,1080,1510,0.1388
427,1082,1509,0.1388
442,1083,1525,0.1388
443,1072,1515,0.1388
441,1075,1516,0.1388
441,1067,1508,0.1388
440,1069,1509,0.1388
436,1071,1507,0.1388
436,1065,1501,0.1388
433,1061,1494,0.1388
434,1069,1503,0.1388
435,1060,1495,0.1388
432,1082,1514,0.1388
438,1074,1512,0.1388
440,1064,1504,0.1388
439,1073,1512,0.1388
435,1071,1506,0.1388
441,1064,1505,0.1388
437,1079,1516,0.1388
430,1084,1514,0.1388
427,1083,1510,0.1388
429,1086,1515,0.1388
426,1091,1517,0.1388
422,1084,1506,0.1388
434,1074,1508,0.1388
438,1067,1505,0.1388
438,1074,1512,0.1388
427,1083,1510,0.1388
432,1085,1517,0.1388
428,1087,1515,0.1388
422,1081,1503,0.1388
422,1083,1505,0.1388
421,1084,1505,0.1388
420,1091,1511,0.1388
424,1092,1516,0.1388
420,1104,1524,0.1388
413,1101,1514,0.1388
412,1102,1514,0.1388
418,1099,1517,0.1388
417,1098,1515,0.1388
416,1093,1509,0.1388
412,1092,1504,0.1388
405,1096,1501,0.1388
399,1091,1490,0.1388
403,1089,1492,0.1388
409,1098,1507,0.1388
409,1093,1502,0.1388
409,1087,1496,0.1388
407,1094,1501,0.1388
393,1094,1487,0.1388
386,1100,1486,0.1388
391,1095,1486,0.1388
396,1105,1501,0.1388
394,1094,1488,0.1388
392,1106,1498,0.1388
393,1105,1498,0.1388
393,1116,1509,0.1388
391,1114,1505,0.1388
380,1114,1494,0.1388
379,1120,1499,0.1388
375,1118,1493,0.1388
377,1121,1498,0.1388
379,1120,1499,0.1388
386,1122,1508,0.1388
386,1138,1524,0.1388
384,1133,1517,0.1388
379,1133,1512,0.1388
382,1128,1510,0.1388
382,1123,1505,0.1388
380,1134,1514,0.1388
371,1121,1492,0.1388
375,1128,1503,0.1388
383,1123,1506,0.1388
385,1122,1507,0.1388
392,1128,1520,0.1388
386,1127,1513,0.1388
383,1126,1509,0.1388
381,1132,1513,0.1388
380,1140,1520,0.1388
378,1135,1513,0.1388
376,1131,1507,0.1388
380,1139,1519,0.1388
378,1142,1520,0.1388
378,1135,1513,0.1388
375,1139,1514,0.1388
374,1134,1508,0.1388
377,1132,1509,0.1388
378,1134,1512,0.1388
378,1136,1514,0.1388
383,1127,1510,0.1388
384,1138,1522,0.1388
386,1135,1521,0.1388
387,1131,1518,0.1388
379,1141,1520,0.1388
376,1139,1515,0.1388
370,1139,1509,0.1388
374,1137,1511,0.1388
376,1144,1520,0.1388
373,1143,1516,0.1388
373,1148,1521,0.1388
375,1156,1531,0.1388
365,1152,1517,0.1388
361,1149,1510,0.1388
365,1139,1504,0.1388
356,1139,1495,0.1388
354,1148,1502,0.1388
353,1159,1512,0.1388
351,1162,1513,0.1388
348,1157,1505,0.1388
341,1164,1505,0.1388
339,1177,1516,0.1388
340,1185,1525,0.1388
339,1197,1536,0.1388
335,1200,1535,0.1388
344,1188,1532,0.1388
341,1174,1515,0.1388
337,1186,1523,0.1388
330,1191,1521,0.1388
323,1189,1512,0.1388
316,1192,1508,0.1388
309,1198,1507,0.1388
310,1201,1511,0.1388
304,1204,1508,0.1388
310,1197,1507,0.1388
314,1200,1514,0.1388
308,1201,1509,0.1388
303,1210,1513,0.1388
297,1215,1512,0.1388
303,1216,1519,0.1388
303,1202,1505,0.1388
310,1207,1517,0.1388
308,1209,1517,0.1388
309,1203,1512,0.1388
309,1209,1518,0.1388
301,1206,1507,0.1388
303,1219,1522,0.1388
301,1216,1517,0.1388
297,1212,1509,0.1388
292,1212,1504,0.1388
296,1217,1513,0.1388
295,1216,1511,0.1388
289,1216,1505,0.1388
302,1220,1522,0.1388
301,1216,1517,0.1388
304,1212,1516,0.1388
301,1213,1514,0.1388
300,1218,1518,0.1388
293,1224,1517,0.1388
292,1216,1508,0.1388
287,1210,1497,0.1388
288,1212,1500,0.1388
291,1222,1513,0.1388
294,1225,1519,0.1388
288,1217,1505,0.1388
279,1205,1484,0.1388
288,1213,1501,0.1388
289,1210,1499,0.1388
292,1212,1504,0.1388
291,1208,1499,0.1388
293,1214,1507,0.1388
293,1226,1519,0.1388
296,1224,1520,0.1388
293,1224,1517,0.1388
296,1230,1526,0.1388
288,1230,1518,0.1388
291,1227,1518,0.1388
288,1228,1516,0.1388
284,1230,1514,0.1388
289,1220,1509,0.1388
285,1217,1502,0.1388
285,1210,1495,0.1388
282,1215,1497,0.1388
284,1222,1506,0.1388
277,1230,1507,0.1388
272,1246,1518,0.1388
273,1244,1517,0.1388
274,1249,1523,0.1388
272,1249,1521,0.1388
264,1239,1503,0.1388
265,1245,1510,0.1388
262,1250,1512,0.1388
260,1253,1513,0.1388
254,1261,1515,0.1388
254,1262,1516,0.1388
255,1264,1519,0.1388
256,1263,1519,0.1388
259,1248,1507,0.1388
262,1257,1519,0.1388
259,1269,1528,0.1388
259,1265,1524,0.1388
253,1263,1516,0.1388
254,1242,1496,0.1388
254,1252,1506,0.1388
250,1262,1512,0.1388
248,1251,1499,0.1388
246,1262,1508,0.1388
244,1260,1504,0.1388
243,1261,1504,0.1388
242,1261,1503,0.1388
242,1276,1518,0.1388
241,1278,1519,0.1388
246,1269,1515,0.1388
245,1266,1511,0.1388
248,1260,1508,0.1388
252,1276,1528,0.1388
246,1273,1519,0.1388
245,1262,1507,0.1388
239,1266,1505,0.1388
237,1268,1505,0.1388
233,1268,1501,0.1388
234,1261,1495,0.1388
237,1258,1495,0.1388
237,1274,1511,0.1388
227,1276,1503,0.1388
226,1268,1494,0.1388
226,1281,1507,0.1388
230,1283,1513,0.1388
226,1292,1518,0.1388
227,1288,1515,0.1388
231,1288,1519,0.1388
234,1292,1526,0.1388
232,1290,1522,0.1388
232,1285,1517,0.1388
236,1276,1512,0.1388
234,1275,1509,0.1388
239,1272,1511,0.1388
235,1274,1509,0.1388
231,1288,1519,0.1388
233,1275,1508,0.1388
233,1269,1502,0.1388
239,1279,1518,0.1388
229,1274,1503,0.1388
232,1261,1493,0.1388
241,1273,1514,0.1388
243,1264,1507,0.1388
240,1270,1510,0.1388
244,1278,1522,0.1388
243,1279,1522,0.1388
242,1283,1525,0.1388
243,1282,1525,0.1388
244,1280,1524,0.1388
244,1285,1529,0.1388
239,1278,1517,0.1388
238,1290,1528,0.1388
240,1282,1522,0.1388
241,1276,1517,0.1388
237,1283,1520,0.1388
244,1279,1523,0.1388
247,1277,1524,0.1388
244,1278,1522,0.1388
243,1285,1528,0.1388
239,1292,1531,0.1388
238,1276,1514,0.1388
245,1277,1522,0.1388
243,1280,1523,0.1388
241,1272,1513,0.1388
241,1274,1515,0.1388
240,1276,1516,0.1388
242,1289,1531,0.1388
236,1290,1526,0.1388
234,1280,1514,0.1388
239,1274,1513,0.1388
239,1279,1518,0.1388
237,1292,1529,0.1388
242,1288,1530,0.1388
244,1284,1528,0.1388
247,1285,1532,0.1388
244,1279,1523,0.1388
244,1273,1517,0.1388
241,1273,1514,0.1388
238,1278,1516,0.1388
233,1270,1503,0.1388
231,1272,1503,0.1388
233,1276,1509,0.1388
235,1272,1507,0.1388
236,1262,1498,0.1388
235,1271,1506,0.1388
235,1257,1492,0.1388
230,1267,1497,0.1388
230,1274,1504,0.1388
230,1281,1511,0.1388
228,1284,1512,0.1388
230,1285,1515,0.1388
230,1281,1511,0.1388
222,1283,1505,0.1388
227,1285,1512,0.1388
228,1279,1507,0.1388
227,1284,1511,0.1388
224,1292,1516,0.1388
218,1295,1513,0.1388
215,1294,1509,0.1388
212,1290,1502,0.1388
212,1288,1500,0.1388
210,1290,1500,0.1388
201,1292,1493,0.1388
203,1302,1505,0.1388
212,1299,1511,0.1388
212,1301,1513,0.1388
213,1291,1504,0.1388
210,1287,1497,0.1388
209,1294,1503,0.1388
208,1308,1516,0.1388
212,1307,1519,0.1388
214,1312,1526,0.1388
215,1304,1519,0.1388
213,1303,1516,0.1388
211,1298,1509,0.1388
211,1299,1510,0.1388
215,1303,1518,0.1388
212,1300,1512,0.1388
209,1294,1503,0.1388
214,1309,1523,0.1388
215,1307,1522,0.1388
216,1307,1523,0.1388
211,1306,1517,0.1388
207,1307,1514,0.1388
210,1302,1512,0.1388
210,1298,1508,0.1388
210,1296,1506,0.1388
209,1300,1509,0.1388
208,1305,1513,0.1388
210,1312,1522,0.1388
208,1300,1508,0.1388
206,1291,1497,0.1388
206,1295,1501,0.1388
206,1304,1510,0.1388
206,1297,1503,0.1388
211,1299,1510,0.1388
210,1305,1515,0.1388
212,1297,1509,0.1388
210,1302,1512,0.1388
205,1296,1501,0.1388
207,1294,1501,0.1388
206,1293,1499,0.1388
205,1305,1510,0.1388
209,1312,1521,0.1388
211,1303,1514,0.1388
211,1307,1518,0.1388
207,1315,1522,0.1388
208,1316,1524,0.1388
208,1308,1516,0.1388
212,1301,1513,0.1388
204,1307,1511,0.1388
207,1310,1517,0.1388
206,1306,1512,0.1388
207,1302,1509,0.1388
211,1306,1517,0.1388
209,1305,1514,0.1388
210,1302,1512,0.1388
208,1307,1515,0.1388
208,1304,1512,0.1388
209,1298,1507,0.1388
206,1316,1522,0.1388
209,1311,1520,0.1388
207,1298,1505,0.1388
205,1293,1498,0.1388
206,1304,1510,0.1388
209,1299,1508,0.1388
208,1316,1524,0.1388
207,1307,1514,0.1388
207,1297,1504,0.1388
201,1293,1494,0.1388
204,1299,1503,0.1388
203,1309,1512,0.1388
198,1311,1509,0.1388
198,1311,1509,0.1388
198,1303,1501,0.1388
198,1315,1513,0.1388
199,1315,1514,0.1388
196,1324,1520,0.1388
195,1326,1521,0.1388
200,1332,1532,0.1388
203,1322,1525,0.1388
202,1315,1517,0.1388
196,1312,1508,0.1388
198,1304,1502,0.1388
196,1319,1515,0.1388
197,1317,1514,0.1388
198,1316,1514,0.1388
201,1313,1514,0.1388
202,1305,1507,0.1388
202,1295,1497,0.1388
202,1297,1499,0.1388
202,1320,1522,0.1388
199,1317,1516,0.1388
191,1302,1493,0.1388
193,1310,1503,0.1388
191,1317,1508,0.1388
192,1318,1510,0.1388
192,1318,1510,0.1388
186,1305,1491,0.1388
190,1319,1509,0.1388
189,1329,1518,0.1388
190,1330,1520,0.1388
189,1322,1511,0.1388
191,1317,1508,0.1388
190,1319,1509,0.1388
188,1325,1513,0.1388
190,1322,1512,0.1388
187,1336,1523,0.1388
185,1336,1521,0.1388
188,1330,1518,0.1388
184,1328,1512,0.1388
181,1328,1509,0.1388
184,1322,1506,0.1388
181,1323,1504,0.1388
183,1327,1510,0.1388
186,1326,1512,0.1388
185,1308,1493,0.1388
189,1302,1491,0.1388
184,1313,1497,0.1388
182,1323,1505,0.1388
180,1335,1515,0.1388
176,1329,1505,0.1388
172,1331,1503,0.1388
173,1335,1508,0.1388
171,1331,1502,0.1388
180,1314,1494,0.1388
182,1323,1505,0.1388
185,1324,1509,0.1388
181,1329,1510,0.1388
180,1339,1519,0.1388
181,1341,1522,0.1388
184,1328,1512,0.1388
185,1331,1516,0.1388
185,1337,1522,0.1388
181,1329,1510,0.1388
182,1326,1508,0.1388
183,1323,1506,0.1388
179,1324,1503,0.1388
176,1327,1503,0.1388
175,1341,1516,0.1388
176,1340,1516,0.1388
176,1324,1500,0.1388
175,1332,1507,0.1388
174,1335,1509,0.1388
174,1351,1525,0.1388
175,1354,1529,0.1388
171,1344,1515,0.1388
170,1343,1513,0.1388
168,1348,1516,0.1388
169,1346,1515,0.1388
163,1341,1504,0.1388
164,1342,1506,0.1388
164,1342,1506,0.1388
166,1357,1523,0.1388
165,1344,1509,0.1388
163,1337,1500,0.1388
164,1338,1502,0.1388
160,1338,1498,0.1388
158,1360,1518,0.1388
163,1343,1506,0.1388
165,1332,1497,0.1388
170,1338,1508,0.1388
166,1345,1511,0.1388
172,1344,1516,0.1388
175,1327,1502,0.1388
174,1321,1495,0.1388
174,1332,1506,0.1388
176,1337,1513,0.1388
173,1344,1517,0.1388
172,1356,1528,0.1388
174,1352,1526,0.1388
170,1362,1532,0.1388
165,1355,1520,0.1388
165,1354,1519,0.1388
164,1356,1520,0.1388
166,1348,1514,0.1388
168,1352,1520,0.1388
166,1335,1501,0.1388
165,1323,1488,0.1388
167,1334,1501,0.1388
162,1341,1503,0.1388
165,1347,1512,0.1388
164,1342,1506,0.1388
161,1347,1508,0.1388
160,1357,1517,0.1388
162,1352,1514,0.1388
162,1355,1517,0.1388
161,1352,1513,0.1388
167,1349,1516,0.1388
162,1362,1524,0.1388
160,1347,1507,0.1388
159,1358,1517,0.1388
162,1355,1517,0.1388
162,1360,1522,0.1388
159,1360,1519,0.1388
159,1354,1513,0.1388
155,1357,1512,0.1388
157,1349,1506,0.1388
156,1359,1515,0.1388
156,1361,1517,0.1388
155,1357,1512,0.1388
154,1352,1506,0.1388
155,1352,1507,0.1388
156,1357,1513,0.1388
155,1348,1503,0.1388
153,1348,1501,0.1388
148,1355,1503,0.1388
155,1358,1513,0.1388
154,1366,1520,0.1388
151,1355,1506,0.1388
151,1362,1513,0.1388
147,1349,1496,0.1388
145,1359,1504,0.1388
150,1355,1505,0.1388
149,1365,1514,0.1388
149,1367,1516,0.1388
154,1371,1525,0.1388
154,1370,1524,0.1388
152,1377,1529,0.1388
145,1374,1519,0.1388
145,1372,1517,0.1388
143,1376,1519,0.1388
147,1376,1523,0.1388
144,1376,1520,0.1388
144,1379,1523,0.1388
144,1380,1524,0.1388
146,1378,1524,0.1388
144,1385,1529,0.1388
143,1387,1530,0.1388
140,1378,1518,0.1388
141,1383,1524,0.1388
138,1386,1524,0.1388
135,1384,1519,0.1388
136,1385,1521,0.1388
137,1385,1522,0.1388
138,1382,1520,0.1388
133,1385,1518,0.1388
145,1372,1517,0.1388
139,1381,1520,0.1388
141,1378,1519,0.1388
139,1387,1526,0.1388
139,1376,1515,0.1388
137,1363,1500,0.1388
136,1371,1507,0.1388
140,1362,1502,0.1388
139,1365,1504,0.1388
137,1372,1509,0.1388
137,1370,1507,0.1388
136,1379,1515,0.1388
132,1379,1511,0.1388
130,1380,1510,0.1388
128,1383,1511,0.1388
126,1382,1508,0.1388
123,1373,1496,0.1388
121,1377,1498,0.1388
128,1381,1509,0.1388
129,1390,1519,0.1388
129,1386,1515,0.1388
132,1389,1521,0.1388
131,1382,1513,0.1388
130,1379,1509,0.1388
129,1385,1514,0.1388
135,1382,1517,0.1388
133,1383,1516,0.1388
134,1379,1513,0.1388
136,1380,1516,0.1388
134,1382,1516,0.1388
132,1369,1501,0.1388
131,1366,1497,0.1388
128,1363,1491,0.1388
130,1367,1497,0.1388
128,1378,1506,0.1388
122,1385,1507,0.1388
124,1397,1521,0.1388
125,1378,1503,0.1388
122,1390,1512,0.1388
125,1379,1504,0.1388
126,1378,1504,0.1388
127,1375,1502,0.1388
128,1380,1508,0.1388
124,1379,1503,0.1388
122,1385,1507,0.1388
120,1381,1501,0.1388
122,1388,1510,0.1388
124,1380,1504,0.1388
126,1373,1499,0.1388
126,1372,1498,0.1388
125,1365,1490,0.1388
128,1368,1496,0.1388
129,1370,1499,0.1388
125,1387,1512,0.1388
125,1381,1506,0.1388
124,1384,1508,0.1388
125,1398,1523,0.1388
126,1399,1525,0.1388
125,1399,1524,0.1388
122,1397,1519,0.1388
122,1402,1524,0.1388
126,1387,1513,0.1388
124,1399,1523,0.1388
122,1398,1520,0.1388
121,1397,1518,0.1388
120,1390,1510,0.1388
122,1389,1511,0.1388
117,1391,1508,0.1388
116,1390,1506,0.1388
116,1394,1510,0.1388
115,1406,1521,0.1388
113,1413,1526,0.1388
115,1412,1527,0.1388
115,1417,1532,0.1388
115,1405,1520,0.1388
113,1400,1513,0.1388
112,1393,1505,0.1388
109,1392,1501,0.1388
115,1398,1513,0.1388
115,1402,1517,0.1388
117,1407,1524,0.1388
115,1393,1508,0.1388
115,1382,1497,0.1388
117,1398,1515,0.1388
119,1411,1530,0.1388
118,1404,1522,0.1388
114,1415,1529,0.1388
115,1391,1506,0.1388
117,1391,1508,0.1388
115,1386,1501,0.1388
117,1388,1505,0.1388
118,1396,1514,0.1388
114,1389,1503,0.1388
107,1393,1500,0.1388
107,1397,1504,0.1388
107,1401,1508,0.1388
109,1409,1518,0.1388
106,1397,1503,0.1388
108,1408,1516,0.1388
109,1407,1516,0.1388
109,1399,1508,0.1388
107,1393,1500,0.1388
107,1390,1497,0.1388
104,1410,1514,0.1388
100,1412,1512,0.1388
100,1421,1521,0.1388
102,1420,1522,0.1388
102,1412,1514,0.1388
99,1421,1520,0.1388
98,1420,1518,0.1388
101,1431,1532,0.1388
99,1432,1531,0.1388
98,1437,1535,0.1388
98,1420,1518,0.1388
101,1423,1524,0.1388
103,1413,1516,0.1388
99,1417,1516,0.1388
98,1425,1523,0.1388
97,1413,1510,0.1388
97,1419,1516,0.1388
100,1422,1522,0.1388
100,1430,1530,0.1388
97,1424,1521,0.1388
95,1403,1498,0.1388
92,1409,1501,0.1388
95,1411,1506,0.1388
94,1415,1509,0.1388
93,1421,1514,0.1388
95,1417,1512,0.1388
94,1415,1509,0.1388
92,1406,1498,0.1388
90,1410,1500,0.1388
91,1420,1511,0.1388
95,1422,1517,0.1388
99,1433,1532,0.1388
99,1422,1521,0.1388
96,1425,1521,0.1388
96,1425,1521,0.1388
99,1430,1529,0.1388
97,1429,1526,0.1388
97,1413,1510,0.1388
97,1412,1509,0.1388
97,1419,1516,0.1388
103,1411,1514,0.1388
104,1417,1521,0.1388
100,1416,1516,0.1388
99,1421,1520,0.1388
103,1426,1529,0.1388
100,1412,1512,0.1388
99,1408,1507,0.1388
96,1410,1506,0.1388
102,1408,1510,0.1388
105,1401,1506,0.1388
105,1404,1509,0.1388
108,1400,1508,0.1388
110,1407,1517,0.1388
108,1422,1530,0.1388
109,1404,1513,0.1388
103,1405,1508,0.1388
103,1414,1517,0.1388
103,1424,1527,0.1388
104,1423,1527,0.1388
102,1420,1522,0.1388
102,1425,1527,0.1388
102,1429,1531,0.1388
105,1413,1518,0.1388
109,1405,1514,0.1388
106,1410,1516,0.1388
107,1416,1523,0.1388
106,1413,1519,0.1388
107,1410,1517,0.1388
108,1422,1530,0.1388
109,1413,1522,0.1388
108,1394,1502,0.1388
104,1403,1507,0.1388
103,1402,1505,0.1388
99,1416,1515,0.1388
98,1403,1501,0.1388
99,1408,1507,0.1388
98,1404,1502,0.1388
94,1392,1486,0.1388
95,1397,1492,0.1388
96,1401,1497,0.1388
98,1411,1509,0.1388
97,1422,1519,0.1388
97,1415,1512,0.1388
99,1415,1514,0.1388
98,1418,1516,0.1388
102,1418,1520,0.1388
102,1415,1517,0.1388
102,1419,1521,0.1388
104,1421,1525,0.1388
101,1433,1534,0.1388
102,1420,1522,0.1388
104,1414,1518,0.1388
103,1419,1522,0.1388
101,1416,1517,0.1388
103,1418,1521,0.1388
100,1420,1520,0.1388
99,1427,1526,0.1388
102,1423,1525,0.1388
101,1415,1516,0.1388
101,1416,1517,0.1388
101,1414,1515,0.1388
99,1423,1522,0.1388
98,1408,1506,0.1388
99,1416,1515,0.1388
97,1421,1518,0.1388
93,1411,1504,0.1388
93,1409,1502,0.1388
96,1409,1505,0.1388
98,1416,1514,0.1388
97,1422,1519,0.1388
97,1423,1520,0.1388
97,1415,1512,0.1388
95,1421,1516,0.1388
96,1433,1529,0.1388
96,1427,1523,0.1388
96,1427,1523,0.1388
95,1427,1522,0.1388
100,1413,1513,0.1388
96,1412,1508,0.1388
96,1413,1509,0.1388
92,1400,1492,0.1388
94,1408,1502,0.1388
94,1408,1502,0.1388
93,1405,1498,0.1388
92,1410,1502,0.1388
92,1412,1504,0.1388
91,1421,1512,0.1388
91,1420,1511,0.1388
90,1424,1514,0.1388
91,1433,1524,0.1388
94,1433,1527,0.1388
92,1437,1529,0.1388
92,1429,1521,0.1388
90,1434,1524,0.1388
91,1423,1514,0.1388
92,1436,1528,0.1388
93,1428,1521,0.1388
94,1422,1516,0.1388
94,1410,1504,0.1388
92,1414,1506,0.1388
93,1410,1503,0.1388
94,1427,1521,0.1388
91,1423,1514,0.1388
93,1430,1523,0.1388
92,1428,1520,0.1388
94,1412,1506,0.1388
93,1424,1517,0.1388
97,1422,1519,0.1388
97,1426,1523,0.1388
101,1424,1525,0.1388
101,1419,1520,0.1388
102,1422,1524,0.1388
103,1413,1516,0.1388
104,1404,1508,0.1388
104,1415,1519,0.1388
102,1412,1514,0.1388
102,1423,1525,0.1388
102,1408,1510,0.1388
101,1416,1517,0.1388
101,1418,1519,0.1388
101,1417,1518,0.1388
101,1424,1525,0.1388
99,1416,1515,0.1388
101,1418,1519,0.1388
102,1417,1519,0.1388
102,1421,1523,0.1388
104,1410,1514,0.1388
100,1416,1516,0.1388
98,1423,1521,0.1388
99,1415,1514,0.1388
96,1413,1509,0.1388
98,1418,1516,0.1388
98,1421,1519,0.1388
95,1423,1518,0.1388
99,1423,1522,0.1388
96,1424,1520,0.1388
97,1418,1515,0.1388
98,1422,1520,0.1388
101,1410,1511,0.1388
103,1416,1519,0.1388
103,1409,1512,0.1388
106,1401,1507,0.1388
106,1405,1511,0.1388
107,1408,1515,0.1388
105,1406,1511,0.1388
105,1402,1507,0.1388
105,1422,1527,0.1388
103,1417,1520,0.1388
101,1421,1522,0.1388
100,1414,1514,0.1388
98,1410,1508,0.1388
101,1410,1511,0.1388
100,1411,1511,0.1388
101,1416,1517,0.1388
100,1424,1524,0.1388
98,1416,1514,0.1388
98,1408,1506,0.1388
98,1405,1503,0.1388
97,1406,1503,0.1388
96,1402,1498,0.1388
98,1404,1502,0.1388
94,1404,1498,0.1388
91,1419,1510,0.1388
89,1424,1513,0.1388
90,1423,1513,0.1388
89,1432,1521,0.1388
89,1432,1521,0.1388
85,1434,1519,0.1388
85,1437,1522,0.1388
87,1431,1518,0.1388
84,1445,1529,0.1388
81,1444,1525,0.1388
80,1452,1532,0.1388
79,1446,1525,0.1388
80,1451,1531,0.1388
79,1462,1541,0.1388
81,1458,1539,0.1388
81,1438,1519,0.1388
83,1430,1513,0.1388
82,1436,1518,0.1388
79,1428,1507,0.1388
79,1425,1504,0.1388
82,1431,1513,0.1388
81,1430,1511,0.1388
83,1426,1509,0.1388
84,1432,1516,0.1388
86,1430,1516,0.1388
85,1430,1515,0.1388
84,1432,1516,0.1388
83,1425,1508,0.1388
81,1433,1514,0.1388
77,1433,1510,0.1388
76,1447,1523,0.1388
77,1446,1523,0.1388
77,1446,1523,0.1388
75,1445,1520,0.1388
76,1452,1528,0.1388
76,1450,1526,0.1388
73,1453,1526,0.1388
71,1448,1519,0.1388
72,1455,1527,0.1388
73,1448,1521,0.1388
73,1440,1513,0.1388
70,1433,1503,0.1388
68,1437,1505,0.1388
68,1443,1511,0.1388
69,1440,1509,0.1388
69,1457,1526,0.1388
70,1458,1528,0.1388
68,1447,1515,0.1388
66,1440,1506,0.1388
66,1442,1508,0.1388
66,1430,1496,0.1388
66,1441,1507,0.1388
67,1447,1514,0.1388
64,1452,1516,0.1388
66,1454,1520,0.1388
69,1456,1525,0.1388
67,1452,1519,0.1388
62,1442,1504,0.1388
61,1450,1511,0.1388
61,1454,1515,0.1388
63,1447,1510,0.1388
59,1449,1508,0.1388
60,1461,1521,0.1388
61,1443,1504,0.1388
62,1457,1519,0.1388
62,1450,1512,0.1388
61,1464,1525,0.1388
64,1468,1532,0.1388
62,1464,1526,0.1388
60,1467,1527,0.1388
62,1461,1523,0.1388
62,1448,1510,0.1388
61,1443,1504,0.1388
60,1437,1497,0.1388
56,1448,1504,0.1388
59,1453,1512,0.1388
57,1467,1524,0.1388
57,1472,1529,0.1388
57,1459,1516,0.1388
59,1457,1516,0.1388
61,1456,1517,0.1388
61,1454,1515,0.1388
63,1468,1531,0.1388
62,1454,1516,0.1388
63,1460,1523,0.1388
62,1462,1524,0.1388
63,1466,1529,0.1388
65,1463,1528,0.1388
65,1455,1520,0.1388
61,1455,1516,0.1388
61,1469,1530,0.1388
58,1469,1527,0.1388
59,1458,1517,0.1388
56,1459,1515,0.1388
56,1451,1507,0.1388
56,1466,1522,0.1388
57,1461,1518,0.1388
56,1463,1519,0.1388
54,1480,1534,0.1388
56,1473,1529,0.1388
59,1479,1538,0.1388
58,1478,1536,0.1388
55,1458,1513,0.1388
56,1449,1505,0.1388
57,1454,1511,0.1388
54,1459,1513,0.1388
55,1452,1507,0.1388
56,1462,1518,0.1388
56,1454,1510,0.1388
55,1458,1513,0.1388
56,1456,1512,0.1388
55,1464,1519,0.1388
54,1462,1516,0.1388
57,1448,1505,0.1388
56,1449,1505,0.1388
55,1458,1513,0.1388
54,1465,1519,0.1388
55,1455,1510,0.1388
54,1459,1513,0.1388
54,1469,1523,0.1388
53,1465,1518,0.1388
53,1475,1528,0.1388
54,1480,1534,0.1388
54,1475,1529,0.1388
52,1482,1534,0.1388
51,1469,1520,0.1388
52,1464,1516,0.1388
50,1465,1515,0.1388
51,1477,1528,0.1388
53,1466,1519,0.1388
52,1455,1507,0.1388
51,1471,1522,0.1388
50,1480,1530,0.1388
51,1470,1521,0.1388
51,1466,1517,0.1388
50,1460,1510,0.1388
48,1465,1513,0.1388
47,1473,1520,0.1388
48,1469,1517,0.1388
49,1481,1530,0.1388
49,1469,1518,0.1388
46,1468,1514,0.1388
44,1477,1521,0.1388
44,1467,1511,0.1388
43,1471,1514,0.1388
42,1475,1517,0.1388
41,1477,1518,0.1388
43,1476,1519,0.1388
40,1462,1502,0.1388
42,1469,1511,0.1388
42,1464,1506,0.1388
43,1458,1501,0.1388
45,1464,1509,0.1388
45,1456,1501,0.1388
44,1465,1509,0.1388
42,1466,1508,0.1388
41,1471,1512,0.1388
40,1471,1511,0.1388
39,1478,1517,0.1388
36,1487,1523,0.1388
36,1475,1511,0.1388
35,1481,1516,0.1388
34,1480,1514,0.1388
32,1474,1506,0.1388
31,1488,1519,0.1388
29,1489,1518,0.1388
28,1498,1526,0.1388
29,1493,1522,0.1388
29,1498,1527,0.1388
32,1496,1528,0.1388
32,1493,1525,0.1388
32,1492,1524,0.1388
32,1493,1525,0.1388
33,1504,1537,0.1388
31,1485,1516,0.1388
32,1483,1515,0.1388
32,1486,1518,0.1388
31,1484,1515,0.1388
30,1492,1522,0.1388
31,1497,1528,0.1388
32,1491,1523,0.1388
31,1494,1525,0.1388
31,1484,1515,0.1388
31,1470,1501,0.1388
30,1467,1497,0.1388
31,1472,1503,0.1388
33,1469,1502,0.1388
33,1472,1505,0.1388
33,1487,1520,0.1388
33,1486,1519,0.1388
35,1481,1516,0.1388
33,1483,1516,0.1388
33,1487,1520,0.1388
33,1480,1513,0.1388
31,1478,1509,0.1388
31,1470,1501,0.1388
32,1480,1512,0.1388
31,1476,1507,0.1388
29,1496,1525,0.1388
29,1487,1516,0.1388
28,1489,1517,0.1388
28,1489,1517,0.1388
28,1486,1514,0.1388
26,1486,1512,0.1388
27,1482,1509,0.1388
26,1500,1526,0.1388
26,1493,1519,0.1388
24,1494,1518,0.1388
24,1489,1513,0.1388
24,1477,1501,0.1388
24,1480,1504,0.1388
24,1487,1511,0.1388
24,1490,1514,0.1388
23,1492,1515,0.1388
23,1491,1514,0.1388
25,1504,1529,0.1388
24,1499,1523,0.1388
24,1495,1519,0.1388
23,1485,1508,0.1388
25,1491,1516,0.1388
25,1483,1508,0.1388
27,1479,1506,0.1388
26,1483,1509,0.1388
28,1493,1521,0.1388
29,1499,1528,0.1388
28,1496,1524,0.1388
28,1495,1523,0.1388
29,1488,1517,0.1388
29,1480,1509,0.1388
29,1476,1505,0.1388
27,1481,1508,0.1388
27,1486,1513,0.1388
26,1485,1511,0.1388
25,1501,1526,0.1388
24,1503,1527,0.1388
24,1502,1526,0.1388
24,1497,1521,0.1388
24,1489,1513,0.1388
26,1486,1512,0.1388
26,1466,1492,0.1388
28,1485,1513,0.1388
28,1494,1522,0.1388
28,1492,1520,0.1388
28,1476,1504,0.1388
28,1471,1499,0.1388
28,1482,1510,0.1388
29,1471,1500,0.1388
29,1475,1504,0.1388
28,1484,1512,0.1388
30,1500,1530,0.1388
30,1496,1526,0.1388
31,1490,1521,0.1388
31,1492,1523,0.1388
31,1498,1529,0.1388
30,1483,1513,0.1388
30,1478,1508,0.1388
31,1467,1498,0.1388
31,1476,1507,0.1388
29,1481,1510,0.1388
27,1475,1502,0.1388
28,1480,1508,0.1388
27,1477,1504,0.1388
30,1478,1508,0.1388
29,1491,1520,0.1388
28,1489,1517,0.1388
29,1489,1518,0.1388
28,1478,1506,0.1388
30,1484,1514,0.1388
32,1485,1517,0.1388
31,1480,1511,0.1388
32,1485,1517,0.1388
33,1482,1515,0.1388
32,1490,1522,0.1388
33,1488,1521,0.1388
33,1493,1526,0.1388
33,1497,1530,0.1388
33,1488,1521,0.1388
33,1486,1519,0.1388
32,1482,1514,0.1388
32,1484,1516,0.1388
31,1485,1516,0.1388
29,1498,1527,0.1388
32,1503,1535,0.1388
31,1490,1521,0.1388
31,1485,1516,0.1388
31,1476,1507,0.1388
31,1478,1509,0.1388
33,1480,1513,0.1388
33,1480,1513,0.1388
32,1465,1497,0.1388
32,1480,1512,0.1388
30,1476,1506,0.1388
32,1496,1528,0.1388
34,1489,1523,0.1388
33,1500,1533,0.1388
33,1503,1536,0.1388
33,1504,1537,0.1388
33,1495,1528,0.1388
31,1503,1534,0.1388
31,1498,1529,0.1388
32,1495,1527,0.1388
32,1494,1526,0.1388
31,1475,1506,0.1388
32,1483,1515,0.1388
32,1481,1513,0.1388
31,1492,1523,0.1388
30,1493,1523,0.1388
30,1496,1526,0.1388
29,1495,1524,0.1388
29,1496,1525,0.1388
29,1503,1532,0.1388
30,1505,1535,0.1388
30,1496,1526,0.1388
31,1491,1522,0.1388
30,1489,1519,0.1388
31,1470,1501,0.1388
32,1473,1505,0.1388
33,1477,1510,0.1388
33,1481,1514,0.1388
33,1460,1493,0.1388
33,1474,1507,0.1388
33,1466,1499,0.1388
33,1477,1510,0.1388
33,1481,1514,0.1388
35,1491,1526,0.1388
35,1487,1522,0.1388
36,1479,1515,0.1388
34,1476,1510,0.1388
32,1487,1519,0.1388
33,1493,1526,0.1388
32,1487,1519,0.1388
33,1482,1515,0.1388
32,1488,1520,0.1388
32,1481,1513,0.1388
33,1487,1520,0.1388
32,1481,1513,0.1388
31,1474,1505,0.1388
32,1480,1512,0.1388
33,1490,1523,0.1388
33,1489,1522,0.1388
33,1490,1523,0.1388
33,1481,1514,0.1388
33,1478,1511,0.1388
34,1475,1509,0.1388
32,1476,1508,0.1388
32,1486,1518,0.1388
35,1475,1510,0.1388
37,1473,1510,0.1388
36,1489,1525,0.1388
36,1476,1512,0.1388
35,1476,1511,0.1388
35,1475,1510,0.1388
35,1459,1494,0.1388
34,1479,1513,0.1388
34,1479,1513,0.1388
34,1483,1517,0.1388
33,1493,1526,0.1388
34,1486,1520,0.1388
33,1476,1509,0.1388
32,1474,1506,0.1388
33,1482,1515,0.1388
33,1473,1506,0.1388
33,1467,1500,0.1388
35,1472,1507,0.1388
35,1484,1519,0.1388
33,1478,1511,0.1388
33,1484,1517,0.1388
35,1487,1522,0.1388
35,1489,1524,0.1388
38,1474,1512,0.1388
36,1473,1509,0.1388
36,1464,1500,0.1388
37,1482,1519,0.1388
35,1480,1515,0.1388
35,1484,1519,0.1388
34,1477,1511,0.1388
33,1471,1504,0.1388
34,1469,1503,0.1388
35,1480,1515,0.1388
33,1486,1519,0.1388
32,1472,1504,0.1388
32,1484,1516,0.1388
33,1487,1520,0.1388
33,1498,1531,0.1388
34,1496,1530,0.1388
34,1487,1521,0.1388
35,1482,1517,0.1388
34,1480,1514,0.1388
34,1488,1522,0.1388
32,1480,1512,0.1388
32,1488,1520,0.1388
28,1479,1507,0.1388
27,1492,1519,0.1388
27,1490,1517,0.1388
25,1500,1525,0.1388
25,1495,1520,0.1388
26,1505,1531,0.1388
27,1494,1521,0.1388
28,1496,1524,0.1388
26,1499,1525,0.1388
27,1490,1517,0.1388
27,1492,1519,0.1388
28,1499,1527,0.1388
27,1498,1525,0.1388
27,1485,1512,0.1388
25,1495,1520,0.1388
25,1494,1519,0.1388
25,1486,1511,0.1388
25,1492,1517,0.1388
25,1496,1521,0.1388
25,1504,1529,0.1388
24,1497,1521,0.1388
24,1495,1519,0.1388
22,1494,1516,0.1388
21,1494,1515,0.1388
19,1495,1514,0.1388
17,1488,1505,0.1388
18,1485,1503,0.1388
19,1486,1505,0.1388
20,1490,1510,0.1388
20,1488,1508,0.1388
21,1491,1512,0.1388
22,1500,1522,0.1388
22,1493,1515,0.1388
21,1486,1507,0.1388
21,1481,1502,0.1388
23,1477,1500,0.1388
22,1473,1495,0.1388
22,1496,1518,0.1388
21,1494,1515,0.1388
21,1487,1508,0.1388
19,1480,1499,0.1388
19,1480,1499,0.1388
18,1485,1503,0.1388
17,1490,1507,0.1388
20,1491,1511,0.1388
18,1489,1507,0.1388
17,1499,1516,0.1388
18,1499,1517,0.1388
18,1496,1514,0.1388
19,1496,1515,0.1388
19,1508,1527,0.1388
20,1499,1519,0.1388
18,1497,1515,0.1388
17,1496,1513,0.1388
16,1498,1514,0.1388
15,1483,1498,0.1388
15,1485,1500,0.1388
15,1498,1513,0.1388
15,1506,1521,0.1388
16,1510,1526,0.1388
16,1507,1523,0.1388
16,1518,1534,0.1388
15,1521,1536,0.1388
13,1524,1537,0.1388
12,1501,1513,0.1388
13,1507,1520,0.1388
13,1507,1520,0.1388
14,1514,1528,0.1388
14,1510,1524,0.1388
14,1523,1537,0.1388
14,1510,1524,0.1388
15,1501,1516,0.1388
14,1495,1509,0.1388
14,1493,1507,0.1388
14,1493,1507,0.1388
15,1495,1510,0.1388
15,1489,1504,0.1388
16,1495,1511,0.1388
16,1499,1515,0.1388
16,1496,1512,0.1388
15,1484,1499,0.1388
15,1483,1498,0.1388
15,1485,1500,0.1388
15,1478,1493,0.1388
14,1488,1502,0.1388
17,1484,1501,0.1388
18,1494,1512,0.1388
20,1505,1525,0.1388
20,1505,1525,0.1388
19,1501,1520,0.1388
20,1498,1518,0.1388
19,1496,1515,0.1388
19,1499,1518,0.1388
18,1495,1513,0.1388
17,1497,1514,0.1388
17,1490,1507,0.1388
16,1514,1530,0.1388
17,1504,1521,0.1388
17,1505,1522,0.1388
18,1497,1515,0.1388
18,1484,1502,0.1388
18,1489,1507,0.1388
19,1493,1512,0.1388
19,1497,1516,0.1388
19,1488,1507,0.1388
18,1495,1513,0.1388
18,1484,1502,0.1388
18,1494,1512,0.1388
18,1496,1514,0.1388
18,1497,1515,0.1388
17,1499,1516,0.1388
18,1497,1515,0.1388
18,1508,1526,0.1388
18,1505,1523,0.1388
17,1500,1517,0.1388
17,1494,1511,0.1388
17,1485,1502,0.1388
17,1486,1503,0.1388
18,1491,1509,0.1388
17,1496,1513,0.1388
16,1495,1511,0.1388
16,1492,1508,0.1388
16,1518,1534,0.1388
16,1511,1527,0.1388
15,1500,1515,0.1388
15,1502,1517,0.1388
14,1509,1523,0.1388
14,1508,1522,0.1388
14,1511,1525,0.1388
13,1519,1532,0.1388
13,1509,1522,0.1388
12,1500,1512,0.1388
12,1495,1507,0.1388
13,1496,1509,0.1388
13,1492,1505,0.1388
14,1491,1505,0.1388
13,1497,1510,0.1388
12,1497,1509,0.1388
12,1506,1518,0.1388
12,1509,1521,0.1388
12,1518,1530,0.1388
12,1504,1516,0.1388
12,1513,1525,0.1388
11,1499,1510,0.1388
11,1494,1505,0.1388
12,1491,1503,0.1388
13,1478,1491,0.1388
13,1490,1503,0.1388
11,1509,1520,0.1388
12,1520,1532,0.1388
13,1519,1532,0.1388
13,1520,1533,0.1388
11,1531,1542,0.1388
11,1514,1525,0.1388
11,1521,1532,0.1388
11,1522,1533,0.1388
11,1506,1517,0.1388
11,1498,1509,0.1388
11,1500,1511,0.1388
11,1515,1526,0.1388
12,1516,1528,0.1388
12,1507,1519,0.1388
13,1513,1526,0.1388
13,1518,1531,0.1388
13,1507,1520,0.1388
13,1500,1513,0.1388
13,1506,1519,0.1388
13,1505,1518,0.1388
13,1509,1522,0.1388
13,1500,1513,0.1388
13,1492,1505,0.1388
16,1509,1525,0.1388
17,1513,1530,0.1388
18,1516,1534,0.1388
16,1505,1521,0.1388
15,1496,1511,0.1388
15,1493,1508,0.1388
15,1496,1511,0.1388
15,1497,1512,0.1388
14,1491,1505,0.1388
14,1491,1505,0.1388
14,1509,1523,0.1388
13,1505,1518,0.1388
13,1514,1527,0.1388
13,1510,1523,0.1388
13,1516,1529,0.1388
13,1520,1533,0.1388
11,1509,1520,0.1388
12,1510,1522,0.1388
12,1501,1513,0.1388
12,1492,1504,0.1388
11,1495,1506,0.1388
11,1501,1512,0.1388
13,1514,1527,0.1388
13,1519,1532,0.1388
12,1506,1518,0.1388
11,1513,1524,0.1388
11,1515,1526,0.1388
11,1524,1535,0.1388
11,1520,1531,0.1388
11,1515,1526,0.1388
11,1512,1523,0.1388
12,1514,1526,0.1388
13,1503,1516,0.1388
13,1502,1515,0.1388
12,1493,1505,0.1388
11,1487,1498,0.1388
11,1482,1493,0.1388
12,1490,1502,0.1388
13,1492,1505,0.1388
13,1506,1519,0.1388
14,1492,1506,0.1388
14,1505,1519,0.1388
14,1499,1513,0.1388
15,1510,1525,0.1388
15,1499,1514,0.1388
15,1500,1515,0.1388
14,1496,1510,0.1388
13,1504,1517,0.1388
13,1506,1519,0.1388
14,1506,1520,0.1388
14,1507,1521,0.1388
13,1496,1509,0.1388
12,1501,1513,0.1388
11,1511,1522,0.1388
10,1509,1519,0.1388
10,1499,1509,0.1388
11,1496,1507,0.1388
10,1486,1496,0.1388
10,1487,1497,0.1388
9,1500,1509,0.1388
9,1503,1512,0.1388
8,1503,1511,0.1388
8,1500,1508,0.1388
8,1522,1530,0.1388
8,1520,1528,0.1388
8,1506,1514,0.1388
8,1489,1497,0.1388
8,1506,1514,0.1388
8,1508,1516,0.1388
9,1503,1512,0.1388
9,1493,1502,0.1388
9,1493,1502,0.1388
9,1502,1511,0.1388
9,1496,1505,0.1388
9,1503,1512,0.1388
9,1504,1513,0.1388
9,1502,1511,0.1388
8,1514,1522,0.1388
8,1517,1525,0.1388
8,1493,1501,0.1388
8,1507,1515,0.1388
8,1503,1511,0.1388
7,1504,1511,0.1388
7,1519,1526,0.1388
7,1517,1524,0.1388
7,1516,1523,0.1388
7,1525,1532,0.1388
7,1529,1536,0.1388
7,1514,1521,0.1388
7,1519,1526,0.1388
7,1512,1519,0.1388
7,1507,1514,0.1388
7,1514,1521,0.1388
7,1509,1516,0.1388
6,1503,1509,0.1388
7,1503,1510,0.1388
7,1500,1507,0.1388
7,1494,1501,0.1388
7,1505,1512,0.1388
7,1497,1504,0.1388
7,1496,1503,0.1388
6,1503,1509,0.1388
6,1511,1517,0.1388
6,1510,1516,0.1388
6,1512,1518,0.1388
6,1517,1523,0.1388
6,1515,1521,0.1388
6,1511,1517,0.1388
6,1514,1520,0.1388
6,1523,1529,0.1388
7,1509,1516,0.1388
7,1513,1520,0.1388
7,1517,1524,0.1388
7,1521,1528,0.1388
7,1515,1522,0.1388
7,1509,1516,0.1388
7,1505,1512,0.1388
8,1520,1528,0.1388
8,1528,1536,0.1388
8,1517,1525,0.1388
8,1517,1525,0.1388
8,1506,1514,0.1388
8,1500,1508,0.1388
8,1496,1504,0.1388
7,1505,1512,0.1388
7,1516,1523,0.1388
7,1524,1531,0.1388
7,1520,1527,0.1388
6,1508,1514,0.1388
6,1504,1510,0.1388
4,1509,1513,0.1388
4,1507,1511,0.1388
4,1526,1530,0.1388
4,1517,1521,0.1388
4,1516,1520,0.1388
4,1489,1493,0.1388
4,1497,1501,0.1388
4,1502,1506,0.1388
4,1504,1508,0.1388
4,1511,1515,0.1388
4,1510,1514,0.1388
4,1511,1515,0.1388
4,1512,1516,0.1388
4,1512,1516,0.1388
4,1510,1514,0.1388
5,1504,1509,0.1388
5,1513,1518,0.1388
6,1519,1525,0.1388
6,1510,1516,0.1388
6,1514,1520,0.1388
6,1520,1526,0.1388
6,1507,1513,0.1388
6,1492,1498,0.1388
6,1498,1504,0.1388
6,1510,1516,0.1388
6,1504,1510,0.1388
6,1523,1529,0.1388
5,1523,1528,0.1388
5,1510,1515,0.1388
5,1505,1510,0.1388
5,1500,1505,0.1388
5,1506,1511,0.1388
5,1500,1505,0.1388
5,1502,1507,0.1388
5,1498,1503,0.1388
4,1512,1516,0.1388
4,1519,1523,0.1388
4,1509,1513,0.1388
5,1524,1529,0.1388
5,1525,1530,0.1388
5,1519,1524,0.1388
5,1512,1517,0.1388
5,1505,1510,0.1388
5,1502,1507,0.1388
5,1510,1515,0.1388
4,1505,1509,0.1388
5,1503,1508,0.1388
5,1519,1524,0.1388
5,1510,1515,0.1388
5,1501,1506,0.1388
5,1499,1504,0.1388
5,1510,1515,0.1388
5,1509,1514,0.1388
4,1507,1511,0.1388
4,1498,1502,0.1388
4,1513,1517,0.1388
4,1510,1514,0.1388
3,1505,1508,0.1388
3,1512,1515,0.1388
3,1505,1508,0.1388
3,1519,1522,0.1388
3,1510,1513,0.1388
3,1515,1518,0.1388
3,1514,1517,0.1388
3,1511,1514,0.1388
3,1511,1514,0.1388
3,1512,1515,0.1388
3,1510,1513,0.1388
3,1521,1524,0.1388
3,1514,1517,0.1388
3,1503,1506,0.1388
3,1499,1502,0.1388
3,1515,1518,0.1388
4,1504,1508,0.1388
4,1513,1517,0.1388
4,1502,1506,0.1388
5,1518,1523,0.1388
5,1528,1533,0.1388
5,1521,1526,0.1388
4,1526,1530,0.1388
4,1525,1529,0.1388
4,1527,1531,0.1388
4,1520,1524,0.1388
4,1533,1537,0.1388
4,1526,1530,0.1388
3,1524,1527,0.1388
4,1521,1525,0.1388
4,1532,1536,0.1388
4,1523,1527,0.1388
3,1517,1520,0.1388
4,1518,1522,0.1388
4,1516,1520,0.1388
4,1520,1524,0.1388
4,1510,1514,0.1388
4,1516,1520,0.1388
4,1517,1521,0.1388
4,1519,1523,0.1388
3,1524,1527,0.1388
3,1525,1528,0.1388
3,1515,1518,0.1388
3,1530,1533,0.1388
3,1529,1532,0.1388
3,1531,1534,0.1388
3,1530,1533,0.1388
3,1512,1515,0.1388
3,1509,1512,0.1388
3,1513,1516,0.1388
4,1508,1512,0.1388
4,1509,1513,0.1388
4,1512,1516,0.1388
4,1514,1518,0.1388
4,1525,1529,0.1388
3,1530,1533,0.1388
3,1527,1530,0.1388
4,1529,1533,0.1388
4,1529,1533,0.1388
4,1529,1533,0.1388
4,1533,1537,0.1388
4,1524,1528,0.1388
4,1526,1530,0.1388
4,1507,1511,0.1388
5,1499,1504,0.1388
5,1517,1522,0.1388
5,1511,1516,0.1388
5,1513,1518,0.1388
5,1512,1517,0.1388
5,1509,1514,0.1388
5,1498,1503,0.1388
5,1501,1506,0.1388
5,1505,1510,0.1388
5,1506,1511,0.1388
4,1508,1512,0.1388
4,1500,1504,0.1388
4,1501,1505,0.1388
4,1519,1523,0.1388
4,1515,1519,0.1388
4,1515,1519,0.1388
4,1512,1516,0.1388
4,1499,1503,0.1388
4,1504,1508,0.1388
3,1510,1513,0.1388
3,1516,1519,0.1388
3,1527,1530,0.1388
3,1509,1512,0.1388
5,1499,1504,0.1388
5,1510,1515,0.1388
5,1513,1518,0.1388
5,1526,1531,0.1388
4,1521,1525,0.1388
4,1516,1520,0.1388
4,1516,1520,0.1388
4,1513,1517,0.1388
4,1507,1511,0.1388
4,1504,1508,0.1388
4,1509,1513,0.1388
4,1513,1517,0.1388
4,1513,1517,0.1388
4,1502,1506,0.1388
4,1506,1510,0.1388
5,1496,1501,0.1388
3,1494,1497,0.1388
3,1500,1503,0.1388
2,1503,1505,0.1388
2,1508,1510,0.1388
4,1499,1503,0.1388
5,1505,1510,0.1388
5,1506,1511,0.1388
5,1509,1514,0.1388
6,1513,1519,0.1388
6,1516,1522,0.1388
6,1528,1534,0.1388
6,1523,1529,0.1388
6,1521,1527,0.1388
5,1526,1531,0.1388
5,1528,1533,0.1388
5,1511,1516,0.1388
5,1529,1534,0.1388
4,1505,1509,0.1388
4,1497,1501,0.1388
4,1504,1508,0.1388
4,1508,1512,0.1388
4,1499,1503,0.1388
5,1507,1512,0.1388
6,1507,1513,0.1388
6,1515,1521,0.1388
6,1515,1521,0.1388
6,1512,1518,0.1388
5,1521,1526,0.1388
5,1523,1528,0.1388
6,1510,1516,0.1388
6,1506,1512,0.1388
5,1517,1522,0.1388
5,1513,1518,0.1388
5,1513,1518,0.1388
4,1517,1521,0.1388
4,1518,1522,0.1388
4,1519,1523,0.1388
4,1518,1522,0.1388
4,1522,1526,0.1388
4,1526,1530,0.1388
4,1522,1526,0.1388
4,1515,1519,0.1388
4,1512,1516,0.1388
4,1507,1511,0.1388
4,1513,1517,0.1388
4,1517,1521,0.1388
4,1519,1523,0.1388
4,1512,1516,0.1388
4,1501,1505,0.1388
4,1512,1516,0.1388
4,1512,1516,0.1388
4,1501,1505,0.1388
4,1514,1518,0.1388
4,1519,1523,0.1388
3,1521,1524,0.1388
2,1525,1527,0.1388
2,1522,1524,0.1388
2,1519,1521,0.1388
2,1519,1521,0.1388
2,1521,1523,0.1388
2,1523,1525,0.1388
2,1521,1523,0.1388
2,1516,1518,0.1388
2,1521,1523,0.1388
2,1525,1527,0.1388
2,1514,1516,0.1388
2,1511,1513,0.1388
2,1502,1504,0.1388
3,1524,1527,0.1388
3,1535,1538,0.1388
3,1518,1521,0.1388
3,1518,1521,0.1388
2,1520,1522,0.1388
3,1518,1521,0.1388
3,1520,1523,0.1388
3,1512,1515,0.1388
3,1506,1509,0.1388
3,1505,1508,0.1388
3,1521,1524,0.1388
3,1521,1524,0.1388
3,1511,1514,0.1388
3,1520,1523,0.1388
3,1514,1517,0.1388
3,1514,1517,0.1388
3,1512,1515,0.1388
3,1508,1511,0.1388
4,1503,1507,0.1388
3,1501,1504,0.1388
3,1510,1513,0.1388
3,1502,1505,0.1388
2,1510,1512,0.1388
2,1511,1513,0.1388
2,1513,1515,0.1388
2,1516,1518,0.1388
2,1500,1502,0.1388
2,1520,1522,0.1388
2,1518,1520,0.1388
3,1516,1519,0.1388
3,1521,1524,0.1388
3,1508,1511,0.1388
3,1510,1513,0.1388
3,1529,1532,0.1388
3,1521,1524,0.1388
2,1520,1522,0.1388
2,1527,1529,0.1388
2,1518,1520,0.1388
2,1516,1518,0.1388
2,1524,1526,0.1388
2,1510,1512,0.1388
2,1515,1517,0.1388
2,1523,1525,0.1388
2,1525,1527,0.1388
2,1526,1528,0.1388
2,1532,1534,0.1388
2,1526,1528,0.1388
2,1519,1521,0.1388
2,1527,1529,0.1388
2,1526,1528,0.1388
2,1527,1529,0.1388
1,1526,1527,0.1388
1,1521,1522,0.1388
1,1513,1514,0.1388
1,1519,1520,0.1388
1,1517,1518,0.1388
1,1510,1511,0.1388
1,1515,1516,0.1388
1,1503,1504,0.1388
1,1512,1513,0.1388
1,1526,1527,0.1388
1,1523,1524,0.1388
1,1522,1523,0.1388
1,1515,1516,0.1388
1,1521,1522,0.1388
1,1520,1521,0.1388
1,1517,1518,0.1388
1,1515,1516,0.1388
1,1511,1512,0.1388
1,1525,1526,0.1388
1,1523,1524,0.1388
1,1514,1515,0.1388
2,1522,1524,0.1388
2,1509,1511,0.1388
2,1509,1511,0.1388
2,1508,1510,0.1388
2,1514,1516,0.1388
2,1507,1509,0.1388
2,1515,1517,0.1388
2,1512,1514,0.1388
2,1510,1512,0.1388
2,1502,1504,0.1388
1,1507,1508,0.1388
3,1509,1512,0.1388
2,1522,1524,0.1388
2,1514,1516,0.1388
2,1515,1517,0.1388
2,1521,1523,0.1388
2,1523,1525,0.1388
1,1525,1526,0.1388
2,1531,1533,0.1388
3,1516,1519,0.1388
3,1526,1529,0.1388
3,1522,1525,0.1388
3,1507,1510,0.1388
3,1513,1516,0.1388
3,1510,1513,0.1388
3,1506,1509,0.1388
3,1502,1505,0.1388
2,1511,1513,0.1388
2,1509,1511,0.1388
3,1511,1514,0.1388
3,1506,1509,0.1388
3,1498,1501,0.1388
3,1496,1499,0.1388
3,1495,1498,0.1388
3,1501,1504,0.1388
3,1506,1509,0.1388
3,1511,1514,0.1388
3,1511,1514,0.1388
3,1514,1517,0.1388
3,1516,1519,0.1388
4,1506,1510,0.1388
4,1500,1504,0.1388
4,1504,1508,0.1388
3,1506,1509,0.1388
3,1511,1514,0.1388
3,1511,1514,0.1388
3,1508,1511,0.1388
3,1503,1506,0.1388
3,1514,1517,0.1388
3,1512,1515,0.1388
3,1518,1521,0.1388
3,1531,1534,0.1388
3,1539,1542,0.1388
3,1525,1528,0.1388
3,1526,1529,0.1388
3,1529,1532,0.1388
3,1525,1528,0.1388
3,1521,1524,0.1388
3,1520,1523,0.1388
3,1519,1522,0.1388
3,1518,1521,0.1388
3,1529,1532,0.1388
3,1524,1527,0.1388
3,1510,1513,0.1388
3,1520,1523,0.1388
3,1524,1527,0.1388
2,1516,1518,0.1388
2,1514,1516,0.1388
2,1526,1528,0.1388
2,1522,1524,0.1388
2,1520,1522,0.1388
2,1534,1536,0.1388
2,1528,1530,0.1388
2,1526,1528,0.1388
2,1534,1536,0.1388
1,1521,1522,0.1388
1,1512,1513,0.1388
1,1508,1509,0.1388
1,1514,1515,0.1388
1,1525,1526,0.1388
1,1519,1520,0.1388
1,1512,1513,0.1388
1,1508,1509,0.1388
1,1509,1510,0.1388
1,1515,1516,0.1388
1,1507,1508,0.1388
1,1513,1514,0.1388
1,1508,1509,0.1388
1,1515,1516,0.1388
1,1522,1523,0.1388
1,1518,1519,0.1388
1,1528,1529,0.1388
1,1520,1521,0.1388
1,1512,1513,0.1388
1,1525,1526,0.1388
1,1521,1522,0.1388
1,1519,1520,0.1388
1,1529,1530,0.1388
1,1522,1523,0.1388
1,1520,1521,0.1388
1,1516,1517,0.1388
1,1513,1514,0.1388
1,1506,1507,0.1388
1,1513,1514,0.1388
1,1516,1517,0.1388
1,1520,1521,0.1388
1,1523,1524,0.1388
1,1533,1534,0.1388
1,1530,1531,0.1388
1,1511,1512,0.1388
1,1506,1507,0.1388
1,1510,1511,0.1388
1,1521,1522,0.1388
1,1520,1521,0.1388
1,1509,1510,0.1388
1,1511,1512,0.1388
1,1510,1511,0.1388
1,1510,1511,0.1388
1,1518,1519,0.1388
1,1512,1513,0.1388
1,1517,1518,0.1388
1,1511,1512,0.1388
1,1513,1514,0.1388
1,1518,1519,0.1388
1,1511,1512,0.1388
1,1500,1501,0.1388
1,1498,1499,0.1388
1,1496,1497,0.1388
1,1504,1505,0.1388
1,1503,1504,0.1388
1,1510,1511,0.1388
1,1514,1515,0.1388
1,1526,1527,0.1388
1,1533,1534,0.1388
1,1533,1534,0.1388
1,1524,1525,0.1388
1,1514,1515,0.1388
1,1513,1514,0.1388
1,1511,1512,0.1388
1,1492,1493,0.1388
1,1500,1501,0.1388
1,1497,1498,0.1388
1,1503,1504,0.1388
1,1500,1501,0.1388
1,1507,1508,0.1388
1,1513,1514,0.1388
1,1510,1511,0.1388
0,1518,1518,0.1388
