1382,25,1407,0.1388
1403,26,1429,0.1388
1426,28,1454,0.1388
1439,30,1469,0.1388
1448,30,1478,0.1388
1449,30,1479,0.1388
1454,30,1484,0.1388
1462,32,1494,0.1388
1467,32,1499,0.1388
1459,33,1492,0.1388
1458,35,1493,0.1388
1466,37,1503,0.1388
1469,36,1505,0.1388
1471,35,1506,0.1388
1467,35,1502,0.1388
1459,38,1497,0.1388
1463,39,1502,0.1388
1457,40,1497,0.1388
1449,42,1491,0.1388
1444,42,1486,0.1388
1434,43,1477,0.1388
1447,44,1491,0.1388
1463,45,1508,0.1388
1450,46,1496,0.1388
1451,46,1497,0.1388
1440,45,1485,0.1388
1450,47,1497,0.1388
1447,47,1494,0.1388
1441,50,1491,0.1388
1431,48,1479,0.1388
1427,48,1475,0.1388
1421,48,1469,0.1388
1431,49,1480,0.1388
1435,47,1482,0.1388
1435,46,1481,0.1388
1447,47,1494,0.1388
1452,47,1499,0.1388
1463,48,1511,0.1388
1469,48,1517,0.1388
1466,50,1516,0.1388
1442,50,1492,0.1388
1452,52,1504,0.1388
1444,52,1496,0.1388
1440,53,1493,0.1388
1443,49,1492,0.1388
1454,51,1505,0.1388
1457,49,1506,0.1388
1452,50,1502,0.1388
1452,51,1503,0.1388
1455,51,1506,0.1388
1450,46,1496,0.1388
1463,48,1511,0.1388
1461,49,1510,0.1388
1465,49,1514,0.1388
1458,48,1506,0.1388
1451,48,1499,0.1388
1447,49,1496,0.1388
1434,52,1486,0.1388
1439,53,1492,0.1388
1440,53,1493,0.1388
1442,54,1496,0.1388
1447,54,1501,0.1388
1452,54,1506,0.1388
1463,54,1517,0.1388
1459,55,1514,0.1388
1447,57,1504,0.1388
1442,57,1499,0.1388
1443,56,1499,0.1388
1436,56,1492,0.1388
1435,59,1494,0.1388
1431,61,1492,0.1388
1435,58,1493,0.1388
1434,58,1492,0.1388
1433,60,1493,0.1388
1418,60,1478,0.1388
1425,60,1485,0.1388
1423,58,1481,0.1388
1418,60,1478,0.1388
1433,60,1493,0.1388
1438,57,1495,0.1388
1442,61,1503,0.1388
1440,63,1503,0.1388
1442,62,1504,0.1388
1438,61,1499,0.1388
1428,60,1488,0.1388
1436,58,1494,0.1388
1432,58,1490,0.1388
1425,58,1483,0.1388
1427,60,1487,0.1388
1424,58,1482,0.1388
1420,62,1482,0.1388
1426,58,1484,0.1388
1425,62,1487,0.1388
1426,62,1488,0.1388
1434,65,1499,0.1388
1432,63,1495,0.1388
1438,63,1501,0.1388
1442,66,1508,0.1388
1427,68,1495,0.1388
1419,67,1486,0.1388
1429,70,1499,0.1388
1422,70,1492,0.1388
1418,72,1490,0.1388
1419,73,1492,0.1388
1419,73,1492,0.1388
1421,72,1493,0.1388
1428,74,1502,0.1388
1427,74,1501,0.1388
1424,79,1503,0.1388
1414,80,1494,0.1388
1413,80,1493,0.1388
1405,81,1486,0.1388
1410,89,1499,0.1388
1417,88,1505,0.1388
1411,89,1500,0.1388
1415,89,1504,0.1388
1412,86,1498,0.1388
1407,90,1497,0.1388
1405,92,1497,0.1388
1403,91,1494,0.1388
1405,91,1496,0.1388
1417,94,1511,0.1388
1404,97,1501,0.1388
1408,98,1506,0.1388
1410,100,1510,0.1388
1389,98,1487,0.1388
1395,99,1494,0.1388
1387,103,1490,0.1388
1377,101,1478,0.1388
1391,98,1489,0.1388
1389,97,1486,0.1388
1405,95,1500,0.1388
1401,92,1493,0.1388
1405,94,1499,0.1388
1401,95,1496,0.1388
1403,94,1497,0.1388
1394,97,1491,0.1388
1394,97,1491,0.1388
1392,98,1490,0.1388
1400,98,1498,0.1388
1409,91,1500,0.1388
1419,90,1509,0.1388
1410,92,1502,0.1388
1414,92,1506,0.1388
1404,93,1497,0.1388
1402,93,1495,0.1388
1397,90,1487,0.1388
1399,90,1489,0.1388
1391,94,1485,0.1388
1385,93,1478,0.1388
1408,94,1502,0.1388
1413,95,1508,0.1388
1412,92,1504,0.1388
1406,92,1498,0.1388
1392,93,1485,0.1388
1410,88,1498,0.1388
1405,90,1495,0.1388
1406,91,1497,0.1388
1403,91,1494,0.1388
1406,94,1500,0.1388
1406,95,1501,0.1388
1408,94,1502,0.1388
1418,94,1512,0.1388
1401,95,1496,0.1388
1396,94,1490,0.1388
1387,93,1480,0.1388
1369,94,1463,0.1388
1382,93,1475,0.1388
1393,92,1485,0.1388
1395,93,1488,0.1388
1393,96,1489,0.1388
1399,99,1498,0.1388
1403,101,1504,0.1388
1403,95,1498,0.1388
1404,95,1499,0.1388
1405,97,1502,0.1388
1401,98,1499,0.1388
1396,97,1493,0.1388
1411,97,1508,0.1388
1397,93,1490,0.1388
1391,92,1483,0.1388
1379,94,1473,0.1388
1382,100,1482,0.1388
1384,101,1485,0.1388
1394,102,1496,0.1388
1379,102,1481,0.1388
1390,106,1496,0.1388
1383,104,1487,0.1388
1390,104,1494,0.1388
1389,106,1495,0.1388
1382,107,1489,0.1388
1388,106,1494,0.1388
1377,104,1481,0.1388
1379,108,1487,0.1388
1382,109,1491,0.1388
1402,108,1510,0.1388
1393,110,1503,0.1388
1397,113,1510,0.1388
1388,115,1503,0.1388
1380,110,1490,0.1388
1375,112,1487,0.1388
1372,109,1481,0.1388
1380,110,1490,0.1388
1369,112,1481,0.1388
1368,110,1478,0.1388
1378,110,1488,0.1388
1373,113,1486,0.1388
1359,109,1468,0.1388
1369,111,1480,0.1388
1369,110,1479,0.1388
1375,112,1487,0.1388
1375,114,1489,0.1388
1377,119,1496,0.1388
1378,119,1497,0.1388
1387,122,1509,0.1388
1380,119,1499,0.1388
1368,122,1490,0.1388
1370,124,1494,0.1388
1375,126,1501,0.1388
1380,123,1503,0.1388
1366,124,1490,0.1388
1372,122,1494,0.1388
1377,123,1500,0.1388
1367,127,1494,0.1388
1368,128,1496,0.1388
1344,131,1475,0.1388
1358,129,1487,0.1388
1361,131,1492,0.1388
1354,130,1484,0.1388
1346,128,1474,0.1388
1342,128,1470,0.1388
1338,133,1471,0.1388
1338,141,1479,0.1388
1339,141,1480,0.1388
1343,138,1481,0.1388
1345,137,1482,0.1388
1346,136,1482,0.1388
1348,132,1480,0.1388
1334,132,1466,0.1388
1340,133,1473,0.1388
1349,137,1486,0.1388
1361,132,1493,0.1388
1347,134,1481,0.1388
1342,137,1479,0.1388
1342,140,1482,0.1388
1342,141,1483,0.1388
1355,144,1499,0.1388
1358,145,1503,0.1388
1348,144,1492,0.1388
1329,148,1477,0.1388
1340,151,1491,0.1388
1347,147,1494,0.1388
1354,152,1506,0.1388
1355,150,1505,0.1388
1337,148,1485,0.1388
1336,147,1483,0.1388
1335,147,1482,0.1388
1341,151,1492,0.1388
1338,151,1489,0.1388
1339,149,1488,0.1388
1338,149,1487,0.1388
1341,153,1494,0.1388
1347,152,1499,0.1388
1347,149,1496,0.1388
1342,147,1489,0.1388
1340,144,1484,0.1388
1341,140,1481,0.1388
1345,140,1485,0.1388
1352,147,1499,0.1388
1342,151,1493,0.1388
1340,145,1485,0.1388
1341,149,1490,0.1388
1343,152,1495,0.1388
1347,156,1503,0.1388
1345,157,1502,0.1388
1336,154,1490,0.1388
1343,154,1497,0.1388
1343,153,1496,0.1388
1338,154,1492,0.1388
1338,152,1490,0.1388
1348,151,1499,0.1388
1353,151,1504,0.1388
1351,156,1507,0.1388
1350,157,1507,0.1388
1351,155,1506,0.1388
1350,151,1501,0.1388
1339,155,1494,0.1388
1340,153,1493,0.1388
1349,154,1503,0.1388
1352,151,1503,0.1388
1346,152,1498,0.1388
1348,154,1502,0.1388
1343,155,1498,0.1388
1338,155,1493,0.1388
1357,152,1509,0.1388
1349,154,1503,0.1388
1338,153,1491,0.1388
1341,153,1494,0.1388
1337,152,1489,0.1388
1340,154,1494,0.1388
1338,156,1494,0.1388
1342,151,1493,0.1388
1328,155,1483,0.1388
1329,156,1485,0.1388
1332,156,1488,0.1388
1328,156,1484,0.1388
1322,154,1476,0.1388
1315,163,1478,0.1388
1317,164,1481,0.1388
1314,165,1479,0.1388
1318,165,1483,0.1388
1320,164,1484,0.1388
1324,164,1488,0.1388
1327,164,1491,0.1388
1328,164,1492,0.1388
1324,169,1493,0.1388
1317,166,1483,0.1388
1303,166,1469,0.1388
1309,168,1477,0.1388
1306,172,1478,0.1388
1307,177,1484,0.1388
1311,180,1491,0.1388
1308,178,1486,0.1388
1310,180,1490,0.1388
1302,182,1484,0.1388
1308,186,1494,0.1388
1302,188,1490,0.1388
1305,194,1499,0.1388
1295,191,1486,0.1388
1285,192,1477,0.1388
1297,196,1493,0.1388
1304,201,1505,0.1388
1297,203,1500,0.1388
1282,199,1481,0.1388
1271,202,1473,0.1388
1287,201,1488,0.1388
1295,198,1493,0.1388
1298,192,1490,0.1388
1283,197,1480,0.1388
1284,193,1477,0.1388
1285,193,1478,0.1388
1283,189,1472,0.1388
1293,193,1486,0.1388
1286,193,1479,0.1388
1292,198,1490,0.1388
1302,200,1502,0.1388
1299,204,1503,0.1388
1305,205,1510,0.1388
1302,209,1511,0.1388
1309,210,1519,0.1388
1309,210,1519,0.1388
1310,209,1519,0.1388
1299,212,1511,0.1388
1282,207,1489,0.1388
1290,206,1496,0.1388
1300,213,1513,0.1388
1293,217,1510,0.1388
1293,216,1509,0.1388
1296,222,1518,0.1388
1291,224,1515,0.1388
1292,227,1519,0.1388
1288,224,1512,0.1388
1287,223,1510,0.1388
1273,224,1497,0.1388
1258,222,1480,0.1388
1260,223,1483,0.1388
1262,221,1483,0.1388
1263,225,1488,0.1388
1271,226,1497,0.1388
1274,224,1498,0.1388
1277,224,1501,0.1388
1280,227,1507,0.1388
1276,223,1499,0.1388
1290,225,1515,0.1388
1280,230,1510,0.1388
1280,223,1503,0.1388
1273,224,1497,0.1388
1272,224,1496,0.1388
1276,221,1497,0.1388
1274,226,1500,0.1388
1279,231,1510,0.1388
1270,233,1503,0.1388
1265,234,1499,0.1388
1253,239,1492,0.1388
1251,243,1494,0.1388
1251,243,1494,0.1388
1259,242,1501,0.1388
1257,242,1499,0.1388
1247,246,1493,0.1388
1246,247,1493,0.1388
1267,247,1514,0.1388
1259,246,1505,0.1388
1250,248,1498,0.1388
1262,247,1509,0.1388
1248,248,1496,0.1388
1237,255,1492,0.1388
1237,254,1491,0.1388
1237,249,1486,0.1388
1242,252,1494,0.1388
1237,254,1491,0.1388
1240,256,1496,0.1388
1239,256,1495,0.1388
1229,262,1491,0.1388
1235,261,1496,0.1388
1229,260,1489,0.1388
1243,259,1502,0.1388
1245,270,1515,0.1388
1245,264,1509,0.1388
1245,266,1511,0.1388
1245,262,1507,0.1388
1249,263,1512,0.1388
1245,267,1512,0.1388
1242,263,1505,0.1388
1224,263,1487,0.1388
1248,262,1510,0.1388
1249,255,1504,0.1388
1230,259,1489,0.1388
1233,255,1488,0.1388
1231,257,1488,0.1388
1227,261,1488,0.1388
1220,257,1477,0.1388
1211,256,1467,0.1388
1234,263,1497,0.1388
1240,261,1501,0.1388
1240,259,1499,0.1388
1226,263,1489,0.1388
1226,268,1494,0.1388
1227,265,1492,0.1388
1226,266,1492,0.1388
1229,263,1492,0.1388
1224,268,1492,0.1388
1222,267,1489,0.1388
1222,273,1495,0.1388
1221,275,1496,0.1388
1214,277,1491,0.1388
1205,278,1483,0.1388
1209,281,1490,0.1388
1204,284,1488,0.1388
1203,288,1491,0.1388
1198,284,1482,0.1388
1208,284,1492,0.1388
1209,283,1492,0.1388
1214,290,1504,0.1388
1226,287,1513,0.1388
1216,292,1508,0.1388
1204,299,1503,0.1388
1194,304,1498,0.1388
1187,298,1485,0.1388
1186,294,1480,0.1388
1178,296,1474,0.1388
1188,294,1482,0.1388
1180,295,1475,0.1388
1196,298,1494,0.1388
1198,300,1498,0.1388
1189,299,1488,0.1388
1185,302,1487,0.1388
1177,300,1477,0.1388
1174,307,1481,0.1388
1178,303,1481,0.1388
1187,304,1491,0.1388
1185,309,1494,0.1388
1184,309,1493,0.1388
1188,309,1497,0.1388
1177,308,1485,0.1388
1185,306,1491,0.1388
1176,306,1482,0.1388
1180,301,1481,0.1388
1177,298,1475,0.1388
1186,300,1486,0.1388
1192,304,1496,0.1388
1196,306,1502,0.1388
1199,306,1505,0.1388
1190,307,1497,0.1388
1175,311,1486,0.1388
1182,321,1503,0.1388
1185,316,1501,0.1388
1178,326,1504,0.1388
1176,317,1493,0.1388
1181,324,1505,0.1388
1167,320,1487,0.1388
1164,320,1484,0.1388
1166,323,1489,0.1388
1164,325,1489,0.1388
1158,325,1483,0.1388
1156,329,1485,0.1388
1170,326,1496,0.1388
1164,334,1498,0.1388
1168,337,1505,0.1388
1161,337,1498,0.1388
1159,340,1499,0.1388
1155,341,1496,0.1388
1163,342,1505,0.1388
1153,337,1490,0.1388
1149,344,1493,0.1388
1143,345,1488,0.1388
1143,347,1490,0.1388
1145,345,1490,0.1388
1143,348,1491,0.1388
1138,352,1490,0.1388
1137,351,1488,0.1388
1137,350,1487,0.1388
1126,353,1479,0.1388
1130,352,1482,0.1388
1131,364,1495,0.1388
1143,363,1506,0.1388
1134,369,1503,0.1388
1127,369,1496,0.1388
1138,369,1507,0.1388
1130,368,1498,0.1388
1134,364,1498,0.1388
1138,361,1499,0.1388
1129,357,1486,0.1388
1120,361,1481,0.1388
1120,365,1485,0.1388
1130,363,1493,0.1388
1133,367,1500,0.1388
1131,374,1505,0.1388
1144,375,1519,0.1388
1134,382,1516,0.1388
1125,382,1507,0.1388
1128,376,1504,0.1388
1130,370,1500,0.1388
1126,380,1506,0.1388
1134,376,1510,0.1388
1142,374,1516,0.1388
1129,382,1511,0.1388
1123,386,1509,0.1388
1125,382,1507,0.1388
1124,393,1517,0.1388
1099,393,1492,0.1388
1102,388,1490,0.1388
1107,387,1494,0.1388
1104,386,1490,0.1388
1096,394,1490,0.1388
1096,389,1485,0.1388
1090,385,1475,0.1388
1088,394,1482,0.1388
1086,403,1489,0.1388
1107,413,1520,0.1388
1097,411,1508,0.1388
1101,407,1508,0.1388
1101,411,1512,0.1388
1092,414,1506,0.1388
1090,408,1498,0.1388
1102,416,1518,0.1388
1101,409,1510,0.1388
1094,412,1506,0.1388
1081,415,1496,0.1388
1085,420,1505,0.1388
1087,420,1507,0.1388
1073,417,1490,0.1388
1075,418,1493,0.1388
1068,422,1490,0.1388
1069,433,1502,0.1388
1070,434,1504,0.1388
1073,434,1507,0.1388
1072,432,1504,0.1388
1083,435,1518,0.1388
1062,431,1493,0.1388
1084,429,1513,0.1388
1082,432,1514,0.1388
1088,432,1520,0.1388
1077,428,1505,0.1388
1066,431,1497,0.1388
1066,433,1499,0.1388
1062,431,1493,0.1388
1069,431,1500,0.1388
1065,434,1499,0.1388
1069,437,1506,0.1388
1066,434,1500,0.1388
1060,430,1490,0.1388
1055,439,1494,0.1388
1058,450,1508,0.1388
1057,443,1500,0.1388
1052,437,1489,0.1388
1049,439,1488,0.1388
1053,450,1503,0.1388
1058,451,1509,0.1388
1059,459,1518,0.1388
1057,456,1513,0.1388
1056,459,1515,0.1388
1052,462,1514,0.1388
1055,466,1521,0.1388
1047,465,1512,0.1388
1044,463,1507,0.1388
1047,462,1509,0.1388
1042,468,1510,0.1388
1042,468,1510,0.1388
1028,463,1491,0.1388
1024,467,1491,0.1388
1022,476,1498,0.1388
1020,479,1499,0.1388
1021,480,1501,0.1388
1022,480,1502,0.1388
1026,482,1508,0.1388
1036,480,1516,0.1388
1038,479,1517,0.1388
1030,482,1512,0.1388
1024,480,1504,0.1388
1018,483,1501,0.1388
1023,484,1507,0.1388
1011,483,1494,0.1388
1018,477,1495,0.1388
1010,482,1492,0.1388
1003,480,1483,0.1388
1000,487,1487,0.1388
1005,487,1492,0.1388
1016,480,1496,0.1388
1009,481,1490,0.1388
1014,488,1502,0.1388
1012,486,1498,0.1388
1019,480,1499,0.1388
1023,482,1505,0.1388
1015,488,1503,0.1388
1010,488,1498,0.1388
1007,490,1497,0.1388
1003,496,1499,0.1388
1008,496,1504,0.1388
1005,494,1499,0.1388
1012,493,1505,0.1388
1012,490,1502,0.1388
1023,494,1517,0.1388
1016,493,1509,0.1388
1016,490,1506,0.1388
1018,489,1507,0.1388
1011,489,1500,0.1388
1004,495,1499,0.1388
997,498,1495,0.1388
1004,491,1495,0.1388
1002,497,1499,0.1388
1007,495,1502,0.1388
997,497,1494,0.1388
997,501,1498,0.1388
990,511,1501,0.1388
991,512,1503,0.1388
988,513,1501,0.1388
993,510,1503,0.1388
996,505,1501,0.1388
986,503,1489,0.1388
980,513,1493,0.1388
981,506,1487,0.1388
984,523,1507,0.1388
976,530,1506,0.1388
969,530,1499,0.1388
959,536,1495,0.1388
965,540,1505,0.1388
968,542,1510,0.1388
969,543,1512,0.1388
961,542,1503,0.1388
981,537,1518,0.1388
965,541,1506,0.1388
970,541,1511,0.1388
966,540,1506,0.1388
964,541,1505,0.1388
969,539,1508,0.1388
967,541,1508,0.1388
979,532,1511,0.1388
973,532,1505,0.1388
965,529,1494,0.1388
959,533,1492,0.1388
960,543,1503,0.1388
964,544,1508,0.1388
965,557,1522,0.1388
955,562,1517,0.1388
950,560,1510,0.1388
949,555,1504,0.1388
948,555,1503,0.1388
945,551,1496,0.1388
934,555,1489,0.1388
933,557,1490,0.1388
931,559,1490,0.1388
934,561,1495,0.1388
941,561,1502,0.1388
932,560,1492,0.1388
931,565,1496,0.1388
939,574,1513,0.1388
935,566,1501,0.1388
939,566,1505,0.1388
945,566,1511,0.1388
933,573,1506,0.1388
924,581,1505,0.1388
925,575,1500,0.1388
928,582,1510,0.1388
936,576,1512,0.1388
940,578,1518,0.1388
934,575,1509,0.1388
942,577,1519,0.1388
936,573,1509,0.1388
932,580,1512,0.1388
935,595,1530,0.1388
930,581,1511,0.1388
929,587,1516,0.1388
924,582,1506,0.1388
929,588,1517,0.1388
922,584,1506,0.1388
916,593,1509,0.1388
921,582,1503,0.1388
932,575,1507,0.1388
926,580,1506,0.1388
925,579,1504,0.1388
925,586,1511,0.1388
926,587,1513,0.1388
917,582,1499,0.1388
914,585,1499,0.1388
915,581,1496,0.1388
927,580,1507,0.1388
919,587,1506,0.1388
924,589,1513,0.1388
915,587,1502,0.1388
914,593,1507,0.1388
920,589,1509,0.1388
914,588,1502,0.1388
916,582,1498,0.1388
919,588,1507,0.1388
920,599,1519,0.1388
914,599,1513,0.1388
920,594,1514,0.1388
924,604,1528,0.1388
919,600,1519,0.1388
910,604,1514,0.1388
913,593,1506,0.1388
904,592,1496,0.1388
907,600,1507,0.1388
891,606,1497,0.1388
887,603,1490,0.1388
897,605,1502,0.1388
898,610,1508,0.1388
898,609,1507,0.1388
893,603,1496,0.1388
882,614,1496,0.1388
874,615,1489,0.1388
868,615,1483,0.1388
863,623,1486,0.1388
859,627,1486,0.1388
861,633,1494,0.1388
860,644,1504,0.1388
865,645,1510,0.1388
862,640,1502,0.1388
852,641,1493,0.1388
853,638,1491,0.1388
854,650,1504,0.1388
859,651,1510,0.1388
844,654,1498,0.1388
848,660,1508,0.1388
846,662,1508,0.1388
849,663,1512,0.1388
846,656,1502,0.1388
839,652,1491,0.1388
845,649,1494,0.1388
840,643,1483,0.1388
841,641,1482,0.1388
851,637,1488,0.1388
866,644,1510,0.1388
854,647,1501,0.1388
854,644,1498,0.1388
854,642,1496,0.1388
872,632,1504,0.1388
865,636,1501,0.1388
861,643,1504,0.1388
857,637,1494,0.1388
858,640,1498,0.1388
858,649,1507,0.1388
853,651,1504,0.1388
850,653,1503,0.1388
851,657,1508,0.1388
853,656,1509,0.1388
842,656,1498,0.1388
843,661,1504,0.1388
838,660,1498,0.1388
833,665,1498,0.1388
841,663,1504,0.1388
837,662,1499,0.1388
839,661,1500,0.1388
829,674,1503,0.1388
829,671,1500,0.1388
829,677,1506,0.1388
827,678,1505,0.1388
818,677,1495,0.1388
817,675,1492,0.1388
816,675,1491,0.1388
829,673,1502,0.1388
837,672,1509,0.1388
823,670,1493,0.1388
821,677,1498,0.1388
823,677,1500,0.1388
826,683,1509,0.1388
821,683,1504,0.1388
827,682,1509,0.1388
829,689,1518,0.1388
827,702,1529,0.1388
821,696,1517,0.1388
813,698,1511,0.1388
812,709,1521,0.1388
810,715,1525,0.1388
806,698,1504,0.1388
806,697,1503,0.1388
809,699,1508,0.1388
819,697,1516,0.1388
808,695,1503,0.1388
798,709,1507,0.1388
784,713,1497,0.1388
796,715,1511,0.1388
800,714,1514,0.1388
790,713,1503,0.1388
792,710,1502,0.1388
783,717,1500,0.1388
780,721,1501,0.1388
787,716,1503,0.1388
786,705,1491,0.1388
798,709,1507,0.1388
791,710,1501,0.1388
798,707,1505,0.1388
798,708,1506,0.1388
790,711,1501,0.1388
792,718,1510,0.1388
778,716,1494,0.1388
781,718,1499,0.1388
782,726,1508,0.1388
781,724,1505,0.1388
781,732,1513,0.1388
781,725,1506,0.1388
784,723,1507,0.1388
782,720,1502,0.1388
775,727,1502,0.1388
773,734,1507,0.1388
769,735,1504,0.1388
767,735,1502,0.1388
767,734,1501,0.1388
760,736,1496,0.1388
771,743,1514,0.1388
759,748,1507,0.1388
753,747,1500,0.1388
761,751,1512,0.1388
759,758,1517,0.1388
753,755,1508,0.1388
758,758,1516,0.1388
753,759,1512,0.1388
753,766,1519,0.1388
737,764,1501,0.1388
738,768,1506,0.1388
733,770,1503,0.1388
729,773,1502,0.1388
726,771,1497,0.1388
721,770,1491,0.1388
720,775,1495,0.1388
723,769,1492,0.1388
726,767,1493,0.1388
731,772,1503,0.1388
726,775,1501,0.1388
725,774,1499,0.1388
722,782,1504,0.1388
730,780,1510,0.1388
723,778,1501,0.1388
720,778,1498,0.1388
727,786,1513,0.1388
717,774,1491,0.1388
722,783,1505,0.1388
719,785,1504,0.1388
719,784,1503,0.1388
715,788,1503,0.1388
709,787,1496,0.1388
707,781,1488,0.1388
710,798,1508,0.1388
704,797,1501,0.1388
704,799,1503,0.1388
698,809,1507,0.1388
696,811,1507,0.1388
693,815,1508,0.1388
690,812,1502,0.1388
687,818,1505,0.1388
687,811,1498,0.1388
692,828,1520,0.1388
691,826,1517,0.1388
679,824,1503,0.1388
690,825,1515,0.1388
689,824,1513,0.1388
686,829,1515,0.1388
679,824,1503,0.1388
678,823,1501,0.1388
675,831,1506,0.1388
667,828,1495,0.1388
662,824,1486,0.1388
658,824,1482,0.1388
669,830,1499,0.1388
665,840,1505,0.1388
672,840,1512,0.1388
663,834,1497,0.1388
665,831,1496,0.1388
676,831,1507,0.1388
668,841,1509,0.1388
669,830,1499,0.1388
681,824,1505,0.1388
682,823,1505,0.1388
678,831,1509,0.1388
674,837,1511,0.1388
676,838,1514,0.1388
679,837,1516,0.1388
675,832,1507,0.1388
678,831,1509,0.1388
669,834,1503,0.1388
679,846,1525,0.1388
672,845,1517,0.1388
672,831,1503,0.1388
672,837,1509,0.1388
679,842,1521,0.1388
680,828,1508,0.1388
676,826,1502,0.1388
677,827,1504,0.1388
678,819,1497,0.1388
672,817,1489,0.1388
681,818,1499,0.1388
683,821,1504,0.1388
685,831,1516,0.1388
681,840,1521,0.1388
676,830,1506,0.1388
665,835,1500,0.1388
668,826,1494,0.1388
652,831,1483,0.1388
650,825,1475,0.1388
658,823,1481,0.1388
657,833,1490,0.1388
670,826,1496,0.1388
670,825,1495,0.1388
673,829,1502,0.1388
673,838,1511,0.1388
664,845,1509,0.1388
663,845,1508,0.1388
661,842,1503,0.1388
667,833,1500,0.1388
670,835,1505,0.1388
659,853,1512,0.1388
662,851,1513,0.1388
658,860,1518,0.1388
653,858,1511,0.1388
647,859,1506,0.1388
648,858,1506,0.1388
644,860,1504,0.1388
637,858,1495,0.1388
650,855,1505,0.1388
648,865,1513,0.1388
653,858,1511,0.1388
650,853,1503,0.1388
645,867,1512,0.1388
648,868,1516,0.1388
653,875,1528,0.1388
646,867,1513,0.1388
650,865,1515,0.1388
642,867,1509,0.1388
641,870,1511,0.1388
638,869,1507,0.1388
645,872,1517,0.1388
647,858,1505,0.1388
652,865,1517,0.1388
650,865,1515,0.1388
644,861,1505,0.1388
647,864,1511,0.1388
644,860,1504,0.1388
650,861,1511,0.1388
647,860,1507,0.1388
645,860,1505,0.1388
648,863,1511,0.1388
649,873,1522,0.1388
648,860,1508,0.1388
643,866,1509,0.1388
641,867,1508,0.1388
636,865,1501,0.1388
643,867,1510,0.1388
633,866,1499,0.1388
628,870,1498,0.1388
626,870,1496,0.1388
632,880,1512,0.1388
633,876,1509,0.1388
636,871,1507,0.1388
630,875,1505,0.1388
634,873,1507,0.1388
637,870,1507,0.1388
639,886,1525,0.1388
627,883,1510,0.1388
620,889,1509,0.1388
619,893,1512,0.1388
618,889,1507,0.1388
620,896,1516,0.1388
619,904,1523,0.1388
612,896,1508,0.1388
605,913,1518,0.1388
599,907,1506,0.1388
600,900,1500,0.1388
615,911,1526,0.1388
609,918,1527,0.1388
610,904,1514,0.1388
607,906,1513,0.1388
607,904,1511,0.1388
604,917,1521,0.1388
597,927,1524,0.1388
595,923,1518,0.1388
583,927,1510,0.1388
574,923,1497,0.1388
568,915,1483,0.1388
569,919,1488,0.1388
574,917,1491,0.1388
578,921,1499,0.1388
583,913,1496,0.1388
579,926,1505,0.1388
577,924,1501,0.1388
583,927,1510,0.1388
584,917,1501,0.1388
587,935,1522,0.1388
588,927,1515,0.1388
582,939,1521,0.1388
584,942,1526,0.1388
580,938,1518,0.1388
586,933,1519,0.1388
579,920,1499,0.1388
577,936,1513,0.1388
567,932,1499,0.1388
567,934,1501,0.1388
577,939,1516,0.1388
585,948,1533,0.1388
579,950,1529,0.1388
576,943,1519,0.1388
584,936,1520,0.1388
576,937,1513,0.1388
569,934,1503,0.1388
568,936,1504,0.1388
570,939,1509,0.1388
575,933,1508,0.1388
574,931,1505,0.1388
570,935,1505,0.1388
570,940,1510,0.1388
575,946,1521,0.1388
572,954,1526,0.1388
567,951,1518,0.1388
564,951,1515,0.1388
563,951,1514,0.1388
563,941,1504,0.1388
564,948,1512,0.1388
556,951,1507,0.1388
557,946,1503,0.1388
562,960,1522,0.1388
559,970,1529,0.1388
555,969,1524,0.1388
549,963,1512,0.1388
544,966,1510,0.1388
549,959,1508,0.1388
539,954,1493,0.1388
541,966,1507,0.1388
537,968,1505,0.1388
535,966,1501,0.1388
539,966,1505,0.1388
546,967,1513,0.1388
550,970,1520,0.1388
558,976,1534,0.1388
550,964,1514,0.1388
554,967,1521,0.1388
556,967,1523,0.1388
549,960,1509,0.1388
548,955,1503,0.1388
548,968,1516,0.1388
556,964,1520,0.1388
554,961,1515,0.1388
552,964,1516,0.1388
548,961,1509,0.1388
543,964,1507,0.1388
542,959,1501,0.1388
550,960,1510,0.1388
542,967,1509,0.1388
536,966,1502,0.1388
538,958,1496,0.1388
533,953,1486,0.1388
536,959,1495,0.1388
537,957,1494,0.1388
544,956,1500,0.1388
544,957,1501,0.1388
545,956,1501,0.1388
537,958,1495,0.1388
534,966,1500,0.1388
530,968,1498,0.1388
531,970,1501,0.1388
538,975,1513,0.1388
538,967,1505,0.1388
542,962,1504,0.1388
547,955,1502,0.1388
544,954,1498,0.1388
536,967,1503,0.1388
534,971,1505,0.1388
530,972,1502,0.1388
530,974,1504,0.1388
526,984,1510,0.1388
529,974,1503,0.1388
536,967,1503,0.1388
543,966,1509,0.1388
545,967,1512,0.1388
542,953,1495,0.1388
537,955,1492,0.1388
544,972,1516,0.1388
547,956,1503,0.1388
543,966,1509,0.1388
545,978,1523,0.1388
546,968,1514,0.1388
539,958,1497,0.1388
550,968,1518,0.1388
542,973,1515,0.1388
537,965,1502,0.1388
533,974,1507,0.1388
532,969,1501,0.1388
531,973,1504,0.1388
546,969,1515,0.1388
545,965,1510,0.1388
541,975,1516,0.1388
547,965,1512,0.1388
551,956,1507,0.1388
549,962,1511,0.1388
543,969,1512,0.1388
535,972,1507,0.1388
531,969,1500,0.1388
527,958,1485,0.1388
529,966,1495,0.1388
529,969,1498,0.1388
522,978,1500,0.1388
519,983,1502,0.1388
518,983,1501,0.1388
518,985,1503,0.1388
524,995,1519,0.1388
518,997,1515,0.1388
505,1000,1505,0.1388
503,997,1500,0.1388
501,1000,1501,0.1388
492,1022,1514,0.1388
487,1014,1501,0.1388
493,1004,1497,0.1388
502,1006,1508,0.1388
502,1007,1509,0.1388
494,999,1493,0.1388
489,1010,1499,0.1388
482,1018,1500,0.1388
489,1018,1507,0.1388
491,1017,1508,0.1388
497,1014,1511,0.1388
494,1009,1503,0.1388
490,1006,1496,0.1388
487,1010,1497,0.1388
492,1015,1507,0.1388
501,1025,1526,0.1388
498,1033,1531,0.1388
500,1017,1517,0.1388
495,1033,1528,0.1388
488,1038,1526,0.1388
487,1027,1514,0.1388
494,1015,1509,0.1388
494,1014,1508,0.1388
491,1021,1512,0.1388
483,1027,1510,0.1388
483,1027,1510,0.1388
483,1017,1500,0.1388
486,1028,1514,0.1388
485,1027,1512,0.1388
484,1041,1525,0.1388
475,1045,1520,0.1388
469,1047,1516,0.1388
471,1049,1520,0.1388
474,1046,1520,0.1388
475,1054,1529,0.1388
470,1058,1528,0.1388
460,1036,1496,0.1388
456,1043,1499,0.1388
458,1040,1498,0.1388
459,1031,1490,0.1388
454,1040,1494,0.1388
454,1047,1501,0.1388
451,1053,1504,0.1388
452,1063,1515,0.1388
444,1058,1502,0.1388
446,1064,1510,0.1388
452,1062,1514,0.1388
456,1063,1519,0.1388
452,1060,1512,0.1388
449,1073,1522,0.1388
447,1061,1508,0.1388
446,1062,1508,0.1388
443,1061,1504,0.1388
448,1060,1508,0.1388
443,1060,1503,0.1388
426,1053,1479,0.1388
426,1061,1487,0.1388
426,1060,1486,0.1388
430,1059,1489,0.1388
436,1053,1489,0.1388
446,1061,1507,0.1388
442,1082,1524,0.1388
438,1084,1522,0.1388
438,1077,1515,0.1388
441,1077,1518,0.1388
440,1069,1509,0.1388
444,1079,1523,0.1388
439,1081,1520,0.1388
434,1084,1518,0.1388
424,1083,1507,0.1388
434,1067,1501,0.1388
437,1072,1509,0.1388
438,1072,1510,0.1388
433,1080,1513,0.1388
430,1087,1517,0.1388
423,1097,1520,0.1388
428,1083,1511,0.1388
424,1093,1517,0.1388
421,1087,1508,0.1388
426,1080,1506,0.1388
423,1079,1502,0.1388
422,1090,1512,0.1388
424,1100,1524,0.1388
419,1095,1514,0.1388
419,1103,1522,0.1388
417,1090,1507,0.1388
415,1090,1505,0.1388
417,1095,1512,0.1388
408,1100,1508,0.1388
416,1102,1518,0.1388
416,1097,1513,0.1388
417,1099,1516,0.1388
412,1087,1499,0.1388
408,1080,1488,0.1388
411,1085,1496,0.1388
414,1100,1514,0.1388
416,1103,1519,0.1388
408,1099,1507,0.1388
409,1102,1511,0.1388
412,1102,1514,0.1388
410,1105,1515,0.1388
416,1104,1520,0.1388
407,1100,1507,0.1388
405,1109,1514,0.1388
404,1109,1513,0.1388
406,1119,1525,0.1388
393,1108,1501,0.1388
395,1107,1502,0.1388
394,1118,1512,0.1388
387,1127,1514,0.1388
388,1130,1518,0.1388
381,1127,1508,0.1388
380,1129,1509,0.1388
370,1130,1500,0.1388
370,1143,1513,0.1388
372,1136,1508,0.1388
370,1135,1505,0.1388
378,1150,1528,0.1388
379,1136,1515,0.1388
382,1136,1518,0.1388
388,1135,1523,0.1388
385,1135,1520,0.1388
378,1143,1521,0.1388
380,1134,1514,0.1388
374,1132,1506,0.1388
371,1134,1505,0.1388
370,1142,1512,0.1388
374,1152,1526,0.1388
374,1145,1519,0.1388
369,1139,1508,0.1388
368,1146,1514,0.1388
375,1133,1508,0.1388
378,1127,1505,0.1388
368,1143,1511,0.1388
368,1138,1506,0.1388
365,1140,1505,0.1388
364,1132,1496,0.1388
366,1139,1505,0.1388
370,1142,1512,0.1388
365,1153,1518,0.1388
365,1141,1506,0.1388
365,1142,1507,0.1388
366,1147,1513,0.1388
367,1143,1510,0.1388
363,1148,1511,0.1388
359,1154,1513,0.1388
373,1140,1513,0.1388
374,1135,1509,0.1388
376,1139,1515,0.1388
380,1149,1529,0.1388
376,1142,1518,0.1388
371,1146,1517,0.1388
367,1146,1513,0.1388
366,1145,1511,0.1388
370,1138,1508,0.1388
370,1140,1510,0.1388
376,1142,1518,0.1388
368,1141,1509,0.1388
367,1146,1513,0.1388
372,1149,1521,0.1388
370,1148,1518,0.1388
370,1143,1513,0.1388
365,1150,1515,0.1388
365,1143,1508,0.1388
369,1150,1519,0.1388
367,1153,1520,0.1388
369,1148,1517,0.1388
361,1153,1514,0.1388
362,1140,1502,0.1388
364,1142,1506,0.1388
365,1150,1515,0.1388
368,1154,1522,0.1388
365,1128,1493,0.1388
370,1148,1518,0.1388
372,1156,1528,0.1388
361,1153,1514,0.1388
367,1152,1519,0.1388
361,1154,1515,0.1388
359,1151,1510,0.1388
358,1150,1508,0.1388
355,1146,1501,0.1388
355,1150,1505,0.1388
348,1157,1505,0.1388
341,1157,1498,0.1388
336,1159,1495,0.1388
339,1156,1495,0.1388
343,1160,1503,0.1388
347,1162,1509,0.1388
345,1167,1512,0.1388
345,1161,1506,0.1388
345,1167,1512,0.1388
341,1159,1500,0.1388
337,1158,1495,0.1388
337,1173,1510,0.1388
333,1167,1500,0.1388
335,1174,1509,0.1388
335,1185,1520,0.1388
327,1187,1514,0.1388
319,1183,1502,0.1388
321,1182,1503,0.1388
322,1177,1499,0.1388
320,1192,1512,0.1388
317,1195,1512,0.1388
324,1198,1522,0.1388
324,1183,1507,0.1388
323,1185,1508,0.1388
325,1183,1508,0.1388
319,1195,1514,0.1388
316,1203,1519,0.1388
315,1195,1510,0.1388
313,1188,1501,0.1388
313,1200,1513,0.1388
309,1202,1511,0.1388
305,1201,1506,0.1388
305,1203,1508,0.1388
305,1212,1517,0.1388
306,1205,1511,0.1388
304,1204,1508,0.1388
305,1212,1517,0.1388
302,1208,1510,0.1388
309,1208,1517,0.1388
305,1208,1513,0.1388
306,1200,1506,0.1388
304,1205,1509,0.1388
305,1203,1508,0.1388
300,1196,1496,0.1388
297,1198,1495,0.1388
304,1190,1494,0.1388
305,1202,1507,0.1388
307,1205,1512,0.1388
302,1215,1517,0.1388
294,1226,1520,0.1388
301,1228,1529,0.1388
299,1225,1524,0.1388
292,1216,1508,0.1388
291,1218,1509,0.1388
294,1227,1521,0.1388
295,1221,1516,0.1388
292,1198,1490,0.1388
295,1206,1501,0.1388
299,1217,1516,0.1388
301,1218,1519,0.1388
303,1214,1517,0.1388
297,1215,1512,0.1388
298,1206,1504,0.1388
306,1210,1516,0.1388
306,1213,1519,0.1388
302,1221,1523,0.1388
307,1218,1525,0.1388
308,1213,1521,0.1388
304,1209,1513,0.1388
306,1210,1516,0.1388
308,1209,1517,0.1388
303,1210,1513,0.1388
302,1206,1508,0.1388
296,1223,1519,0.1388
293,1223,1516,0.1388
300,1209,1509,0.1388
306,1204,1510,0.1388
305,1213,1518,0.1388
298,1219,1517,0.1388
298,1223,1521,0.1388
300,1222,1522,0.1388
298,1222,1520,0.1388
301,1213,1514,0.1388
304,1201,1505,0.1388
302,1194,1496,0.1388
304,1196,1500,0.1388
302,1202,1504,0.1388
301,1205,1506,0.1388
310,1220,1530,0.1388
306,1213,1519,0.1388
311,1223,1534,0.1388
310,1210,1520,0.1388
311,1208,1519,0.1388
315,1213,1528,0.1388
313,1211,1524,0.1388
312,1209,1521,0.1388
311,1208,1519,0.1388
312,1204,1516,0.1388
309,1204,1513,0.1388
311,1199,1510,0.1388
313,1200,1513,0.1388
310,1194,1504,0.1388
310,1202,1512,0.1388
307,1207,1514,0.1388
308,1214,1522,0.1388
304,1219,1523,0.1388
304,1215,1519,0.1388
306,1224,1530,0.1388
307,1214,1521,0.1388
304,1214,1518,0.1388
308,1215,1523,0.1388
307,1204,1511,0.1388
300,1203,1503,0.1388
305,1211,1516,0.1388
304,1207,1511,0.1388
300,1213,1513,0.1388
300,1228,1528,0.1388
300,1225,1525,0.1388
293,1232,1525,0.1388
295,1227,1522,0.1388
298,1213,1511,0.1388
297,1211,1508,0.1388
300,1212,1512,0.1388
302,1207,1509,0.1388
300,1227,1527,0.1388
295,1221,1516,0.1388
292,1228,1520,0.1388
292,1221,1513,0.1388
293,1220,1513,0.1388
298,1230,1528,0.1388
298,1211,1509,0.1388
300,1217,1517,0.1388
300,1208,1508,0.1388
301,1217,1518,0.1388
303,1212,1515,0.1388
305,1210,1515,0.1388
302,1202,1504,0.1388
303,1195,1498,0.1388
309,1191,1500,0.1388
310,1190,1500,0.1388
310,1185,1495,0.1388
310,1190,1500,0.1388
312,1198,1510,0.1388
315,1199,1514,0.1388
315,1214,1529,0.1388
306,1205,1511,0.1388
311,1192,1503,0.1388
308,1187,1495,0.1388
309,1195,1504,0.1388
312,1203,1515,0.1388
309,1205,1514,0.1388
296,1204,1500,0.1388
297,1214,1511,0.1388
298,1205,1503,0.1388
298,1210,1508,0.1388
300,1220,1520,0.1388
290,1215,1505,0.1388
302,1212,1514,0.1388
305,1208,1513,0.1388
304,1200,1504,0.1388
298,1208,1506,0.1388
290,1215,1505,0.1388
295,1205,1500,0.1388
292,1207,1499,0.1388
293,1219,1512,0.1388
298,1225,1523,0.1388
292,1217,1509,0.1388
294,1213,1507,0.1388
295,1215,1510,0.1388
295,1217,1512,0.1388
300,1221,1521,0.1388
299,1226,1525,0.1388
294,1223,1517,0.1388
293,1222,1515,0.1388
297,1220,1517,0.1388
294,1219,1513,0.1388
290,1213,1503,0.1388
293,1215,1508,0.1388
287,1211,1498,0.1388
287,1201,1488,0.1388
287,1206,1493,0.1388
286,1208,1494,0.1388
292,1205,1497,0.1388
289,1216,1505,0.1388
288,1219,1507,0.1388
283,1225,1508,0.1388
279,1238,1517,0.1388
278,1230,1508,0.1388
278,1227,1505,0.1388
280,1221,1501,0.1388
278,1223,1501,0.1388
280,1225,1505,0.1388
281,1219,1500,0.1388
280,1224,1504,0.1388
284,1225,1509,0.1388
278,1235,1513,0.1388
279,1234,1513,0.1388
277,1230,1507,0.1388
280,1235,1515,0.1388
290,1221,1511,0.1388
295,1221,1516,0.1388
289,1224,1513,0.1388
288,1229,1517,0.1388
291,1233,1524,0.1388
293,1229,1522,0.1388
291,1222,1513,0.1388
293,1218,1511,0.1388
291,1222,1513,0.1388
291,1218,1509,0.1388
294,1219,1513,0.1388
296,1224,1520,0.1388
297,1219,1516,0.1388
293,1225,1518,0.1388
292,1232,1524,0.1388
291,1222,1513,0.1388
292,1224,1516,0.1388
293,1223,1516,0.1388
295,1226,1521,0.1388
298,1228,1526,0.1388
299,1222,1521,0.1388
295,1213,1508,0.1388
296,1224,1520,0.1388
294,1219,1513,0.1388
294,1219,1513,0.1388
294,1218,1512,0.1388
291,1224,1515,0.1388
288,1229,1517,0.1388
292,1223,1515,0.1388
296,1229,1525,0.1388
299,1229,1528,0.1388
292,1220,1512,0.1388
291,1228,1519,0.1388
292,1228,1520,0.1388
285,1222,1507,0.1388
282,1221,1503,0.1388
286,1220,1506,0.1388
284,1227,1511,0.1388
287,1217,1504,0.1388
283,1211,1494,0.1388
278,1210,1488,0.1388
286,1219,1505,0.1388
291,1218,1509,0.1388
285,1218,1503,0.1388
288,1227,1515,0.1388
290,1235,1525,0.1388
292,1236,1528,0.1388
293,1227,1520,0.1388
287,1234,1521,0.1388
285,1235,1520,0.1388
284,1227,1511,0.1388
280,1224,1504,0.1388
282,1224,1506,0.1388
276,1231,1507,0.1388
278,1235,1513,0.1388
283,1232,1515,0.1388
287,1238,1525,0.1388
289,1230,1519,0.1388
287,1233,1520,0.1388
290,1233,1523,0.1388
286,1232,1518,0.1388
280,1230,1510,0.1388
285,1236,1521,0.1388
291,1222,1513,0.1388
291,1225,1516,0.1388
284,1218,1502,0.1388
286,1225,1511,0.1388
286,1218,1504,0.1388
279,1235,1514,0.1388
282,1233,1515,0.1388
277,1235,1512,0.1388
274,1229,1503,0.1388
276,1236,1512,0.1388
282,1227,1509,0.1388
275,1227,1502,0.1388
276,1232,1508,0.1388
276,1235,1511,0.1388
275,1239,1514,0.1388
271,1238,1509,0.1388
271,1230,1501,0.1388
276,1240,1516,0.1388
277,1236,1513,0.1388
269,1229,1498,0.1388
270,1231,1501,0.1388
269,1235,1504,0.1388
269,1244,1513,0.1388
272,1254,1526,0.1388
270,1245,1515,0.1388
268,1232,1500,0.1388
264,1238,1502,0.1388
266,1243,1509,0.1388
260,1253,1513,0.1388
262,1241,1503,0.1388
259,1257,1516,0.1388
256,1256,1512,0.1388
256,1262,1518,0.1388
255,1265,1520,0.1388
252,1269,1521,0.1388
250,1259,1509,0.1388
254,1261,1515,0.1388
251,1261,1512,0.1388
246,1261,1507,0.1388
244,1259,1503,0.1388
250,1245,1495,0.1388
249,1254,1503,0.1388
254,1262,1516,0.1388
246,1263,1509,0.1388
247,1249,1496,0.1388
241,1253,1494,0.1388
241,1259,1500,0.1388
239,1260,1499,0.1388
242,1258,1500,0.1388
243,1261,1504,0.1388
247,1270,1517,0.1388
243,1273,1516,0.1388
238,1271,1509,0.1388
236,1284,1520,0.1388
231,1279,1510,0.1388
229,1277,1506,0.1388
225,1273,1498,0.1388
227,1273,1500,0.1388
230,1273,1503,0.1388
234,1275,1509,0.1388
238,1288,1526,0.1388
233,1284,1517,0.1388
233,1286,1519,0.1388
231,1305,1536,0.1388
228,1303,1531,0.1388
226,1293,1519,0.1388
225,1299,1524,0.1388
221,1293,1514,0.1388
222,1290,1512,0.1388
225,1273,1498,0.1388
233,1283,1516,0.1388
230,1283,1513,0.1388
229,1294,1523,0.1388
235,1292,1527,0.1388
231,1302,1533,0.1388
233,1292,1525,0.1388
234,1283,1517,0.1388
231,1271,1502,0.1388
233,1291,1524,0.1388
228,1288,1516,0.1388
225,1286,1511,0.1388
230,1305,1535,0.1388
227,1307,1534,0.1388
229,1307,1536,0.1388
223,1321,1544,0.1388
219,1312,1531,0.1388
218,1311,1529,0.1388
220,1307,1527,0.1388
221,1302,1523,0.1388
216,1294,1510,0.1388
219,1289,1508,0.1388
219,1263,1482,0.1388
216,1282,1498,0.1388
216,1272,1488,0.1388
219,1285,1504,0.1388
216,1294,1510,0.1388
213,1296,1509,0.1388
220,1297,1517,0.1388
223,1296,1519,0.1388
222,1308,1530,0.1388
220,1302,1522,0.1388
216,1306,1522,0.1388
213,1297,1510,0.1388
212,1297,1509,0.1388
212,1296,1508,0.1388
211,1302,1513,0.1388
212,1296,1508,0.1388
205,1291,1496,0.1388
206,1297,1503,0.1388
210,1301,1511,0.1388
212,1309,1521,0.1388
211,1295,1506,0.1388
202,1313,1515,0.1388
200,1305,1505,0.1388
199,1301,1500,0.1388
201,1306,1507,0.1388
197,1309,1506,0.1388
201,1315,1516,0.1388
198,1313,1511,0.1388
193,1307,1500,0.1388
190,1319,1509,0.1388
190,1319,1509,0.1388
190,1312,1502,0.1388
190,1319,1509,0.1388
190,1330,1520,0.1388
195,1321,1516,0.1388
193,1307,1500,0.1388
196,1312,1508,0.1388
195,1310,1505,0.1388
196,1319,1515,0.1388
194,1323,1517,0.1388
193,1323,1516,0.1388
193,1319,1512,0.1388
196,1318,1514,0.1388
199,1319,1518,0.1388
196,1313,1509,0.1388
197,1321,1518,0.1388
199,1312,1511,0.1388
197,1307,1504,0.1388
195,1311,1506,0.1388
191,1318,1509,0.1388
193,1318,1511,0.1388
195,1315,1510,0.1388
191,1326,1517,0.1388
188,1320,1508,0.1388
189,1322,1511,0.1388
189,1317,1506,0.1388
187,1310,1497,0.1388
183,1309,1492,0.1388
181,1325,1506,0.1388
180,1330,1510,0.1388
185,1332,1517,0.1388
180,1328,1508,0.1388
182,1328,1510,0.1388
184,1324,1508,0.1388
186,1322,1508,0.1388
185,1316,1501,0.1388
186,1337,1523,0.1388
185,1342,1527,0.1388
180,1335,1515,0.1388
183,1337,1520,0.1388
181,1331,1512,0.1388
181,1335,1516,0.1388
177,1337,1514,0.1388
177,1340,1517,0.1388
180,1338,1518,0.1388
182,1335,1517,0.1388
181,1339,1520,0.1388
183,1335,1518,0.1388
174,1349,1523,0.1388
169,1348,1517,0.1388
172,1340,1512,0.1388
169,1343,1512,0.1388
169,1340,1509,0.1388
168,1337,1505,0.1388
168,1339,1507,0.1388
168,1339,1507,0.1388
166,1347,1513,0.1388
166,1351,1517,0.1388
165,1357,1522,0.1388
167,1358,1525,0.1388
167,1356,1523,0.1388
165,1356,1521,0.1388
164,1354,1518,0.1388
160,1348,1508,0.1388
158,1349,1507,0.1388
160,1352,1512,0.1388
158,1359,1517,0.1388
157,1350,1507,0.1388
162,1362,1524,0.1388
164,1365,1529,0.1388
163,1362,1525,0.1388
160,1353,1513,0.1388
157,1336,1493,0.1388
160,1337,1497,0.1388
158,1333,1491,0.1388
159,1326,1485,0.1388
160,1339,1499,0.1388
157,1341,1498,0.1388
157,1340,1497,0.1388
157,1336,1493,0.1388
162,1321,1483,0.1388
160,1333,1493,0.1388
158,1346,1504,0.1388
161,1356,1517,0.1388
160,1351,1511,0.1388
160,1351,1511,0.1388
161,1354,1515,0.1388
159,1356,1515,0.1388
160,1354,1514,0.1388
157,1355,1512,0.1388
156,1351,1507,0.1388
156,1348,1504,0.1388
155,1363,1518,0.1388
155,1363,1518,0.1388
150,1371,1521,0.1388
153,1370,1523,0.1388
147,1375,1522,0.1388
152,1382,1534,0.1388
149,1374,1523,0.1388
152,1369,1521,0.1388
149,1383,1532,0.1388
145,1373,1518,0.1388
144,1369,1513,0.1388
146,1375,1521,0.1388
145,1366,1511,0.1388
144,1386,1530,0.1388
144,1380,1524,0.1388
144,1387,1531,0.1388
142,1376,1518,0.1388
145,1375,1520,0.1388
144,1366,1510,0.1388
143,1365,1508,0.1388
144,1373,1517,0.1388
144,1384,1528,0.1388
141,1383,1524,0.1388
140,1385,1525,0.1388
141,1384,1525,0.1388
141,1366,1507,0.1388
142,1370,1512,0.1388
144,1368,1512,0.1388
140,1379,1519,0.1388
145,1386,1531,0.1388
138,1388,1526,0.1388
139,1382,1521,0.1388
137,1375,1512,0.1388
132,1372,1504,0.1388
136,1385,1521,0.1388
136,1376,1512,0.1388
137,1382,1519,0.1388
142,1384,1526,0.1388
140,1375,1515,0.1388
139,1372,1511,0.1388
136,1373,1509,0.1388
138,1371,1509,0.1388
139,1368,1507,0.1388
139,1377,1516,0.1388
139,1376,1515,0.1388
133,1378,1511,0.1388
135,1372,1507,0.1388
133,1379,1512,0.1388
135,1376,1511,0.1388
138,1380,1518,0.1388
135,1384,1519,0.1388
138,1383,1521,0.1388
138,1378,1516,0.1388
142,1384,1526,0.1388
144,1388,1532,0.1388
144,1392,1536,0.1388
144,1392,1536,0.1388
142,1386,1528,0.1388
140,1381,1521,0.1388
143,1385,1528,0.1388
141,1387,1528,0.1388
141,1375,1516,0.1388
139,1375,1514,0.1388
136,1376,1512,0.1388
136,1371,1507,0.1388
136,1368,1504,0.1388
136,1382,1518,0.1388
138,1387,1525,0.1388
138,1376,1514,0.1388
133,1371,1504,0.1388
135,1381,1516,0.1388
138,1370,1508,0.1388
139,1382,1521,0.1388
140,1383,1523,0.1388
140,1390,1530,0.1388
136,1401,1537,0.1388
136,1387,1523,0.1388
130,1391,1521,0.1388
128,1383,1511,0.1388
125,1390,1515,0.1388
124,1392,1516,0.1388
127,1397,1524,0.1388
126,1399,1525,0.1388
124,1412,1536,0.1388
124,1395,1519,0.1388
123,1406,1529,0.1388
121,1401,1522,0.1388
120,1390,1510,0.1388
120,1389,1509,0.1388
124,1402,1526,0.1388
125,1407,1532,0.1388
128,1408,1536,0.1388
127,1390,1517,0.1388
125,1390,1515,0.1388
123,1399,1522,0.1388
123,1397,1520,0.1388
122,1405,1527,0.1388
126,1403,1529,0.1388
125,1400,1525,0.1388
124,1398,1522,0.1388
122,1383,1505,0.1388
120,1400,1520,0.1388
120,1413,1533,0.1388
117,1404,1521,0.1388
115,1402,1517,0.1388
116,1397,1513,0.1388
116,1389,1505,0.1388
115,1395,1510,0.1388
116,1395,1511,0.1388
115,1392,1507,0.1388
117,1398,1515,0.1388
119,1397,1516,0.1388
117,1402,1519,0.1388
115,1389,1504,0.1388
114,1403,1517,0.1388
114,1402,1516,0.1388
113,1405,1518,0.1388
109,1410,1519,0.1388
112,1404,1516,0.1388
111,1408,1519,0.1388
114,1388,1502,0.1388
116,1382,1498,0.1388
119,1386,1505,0.1388
120,1387,1507,0.1388
118,1397,1515,0.1388
121,1388,1509,0.1388
118,1392,1510,0.1388
120,1388,1508,0.1388
120,1397,1517,0.1388
120,1388,1508,0.1388
118,1392,1510,0.1388
116,1389,1505,0.1388
116,1405,1521,0.1388
115,1387,1502,0.1388
110,1386,1496,0.1388
111,1395,1506,0.1388
112,1411,1523,0.1388
110,1406,1516,0.1388
108,1418,1526,0.1388
108,1418,1526,0.1388
106,1414,1520,0.1388
103,1417,1520,0.1388
103,1417,1520,0.1388
104,1414,1518,0.1388
104,1422,1526,0.1388
105,1417,1522,0.1388
105,1417,1522,0.1388
103,1424,1527,0.1388
102,1410,1512,0.1388
106,1414,1520,0.1388
106,1402,1508,0.1388
106,1405,1511,0.1388
104,1410,1514,0.1388
101,1418,1519,0.1388
102,1416,1518,0.1388
101,1414,1515,0.1388
103,1415,1518,0.1388
108,1410,1518,0.1388
107,1407,1514,0.1388
109,1402,1511,0.1388
109,1405,1514,0.1388
105,1412,1517,0.1388
105,1404,1509,0.1388
105,1422,1527,0.1388
105,1408,1513,0.1388
104,1404,1508,0.1388
105,1414,1519,0.1388
101,1417,1518,0.1388
101,1421,1522,0.1388
99,1409,1508,0.1388
99,1409,1508,0.1388
99,1425,1524,0.1388
99,1423,1522,0.1388
98,1422,1520,0.1388
100,1422,1522,0.1388
98,1429,1527,0.1388
94,1423,1517,0.1388
95,1410,1505,0.1388
96,1417,1513,0.1388
96,1418,1514,0.1388
95,1416,1511,0.1388
94,1419,1513,0.1388
90,1423,1513,0.1388
87,1418,1505,0.1388
90,1426,1516,0.1388
93,1419,1512,0.1388
92,1418,1510,0.1388
90,1426,1516,0.1388
92,1417,1509,0.1388
89,1423,1512,0.1388
92,1431,1523,0.1388
93,1432,1525,0.1388
92,1440,1532,0.1388
93,1429,1522,0.1388
90,1426,1516,0.1388
89,1424,1513,0.1388
91,1423,1514,0.1388
90,1433,1523,0.1388
88,1436,1524,0.1388
88,1436,1524,0.1388
91,1429,1520,0.1388
92,1418,1510,0.1388
91,1431,1522,0.1388
91,1430,1521,0.1388
91,1431,1522,0.1388
87,1442,1529,0.1388
87,1437,1524,0.1388
89,1429,1518,0.1388
87,1439,1526,0.1388
89,1439,1528,0.1388
89,1407,1496,0.1388
89,1419,1508,0.1388
93,1430,1523,0.1388
90,1428,1518,0.1388
88,1420,1508,0.1388
89,1432,1521,0.1388
87,1416,1503,0.1388
86,1414,1500,0.1388
88,1409,1497,0.1388
87,1416,1503,0.1388
87,1410,1497,0.1388
88,1410,1498,0.1388
90,1419,1509,0.1388
91,1425,1516,0.1388
92,1422,1514,0.1388
91,1415,1506,0.1388
90,1420,1510,0.1388
89,1424,1513,0.1388
90,1422,1512,0.1388
91,1414,1505,0.1388
90,1403,1493,0.1388
91,1408,1499,0.1388
92,1419,1511,0.1388
94,1409,1503,0.1388
93,1407,1500,0.1388
92,1414,1506,0.1388
88,1424,1512,0.1388
82,1422,1504,0.1388
84,1423,1507,0.1388
81,1442,1523,0.1388
82,1448,1530,0.1388
84,1444,1528,0.1388
84,1446,1530,0.1388
85,1445,1530,0.1388
82,1435,1517,0.1388
81,1438,1519,0.1388
80,1438,1518,0.1388
80,1438,1518,0.1388
81,1435,1516,0.1388
80,1423,1503,0.1388
81,1429,1510,0.1388
83,1431,1514,0.1388
81,1425,1506,0.1388
78,1431,1509,0.1388
78,1431,1509,0.1388
80,1431,1511,0.1388
80,1426,1506,0.1388
80,1425,1505,0.1388
81,1423,1504,0.1388
82,1423,1505,0.1388
80,1415,1495,0.1388
80,1416,1496,0.1388
80,1422,1502,0.1388
79,1436,1515,0.1388
80,1432,1512,0.1388
81,1427,1508,0.1388
78,1431,1509,0.1388
77,1422,1499,0.1388
77,1442,1519,0.1388
76,1436,1512,0.1388
77,1434,1511,0.1388
78,1428,1506,0.1388
75,1438,1513,0.1388
77,1444,1521,0.1388
75,1438,1513,0.1388
75,1435,1510,0.1388
75,1440,1515,0.1388
73,1454,1527,0.1388
71,1459,1530,0.1388
69,1473,1542,0.1388
69,1455,1524,0.1388
66,1452,1518,0.1388
65,1450,1515,0.1388
63,1449,1512,0.1388
63,1435,1498,0.1388
63,1449,1512,0.1388
63,1447,1510,0.1388
65,1441,1506,0.1388
66,1457,1523,0.1388
65,1449,1514,0.1388
66,1444,1510,0.1388
64,1450,1514,0.1388
64,1451,1515,0.1388
64,1449,1513,0.1388
65,1450,1515,0.1388
61,1457,1518,0.1388
62,1447,1509,0.1388
67,1450,1517,0.1388
69,1451,1520,0.1388
71,1453,1524,0.1388
73,1457,1530,0.1388
76,1454,1530,0.1388
76,1452,1528,0.1388
76,1455,1531,0.1388
74,1466,1540,0.1388
73,1463,1536,0.1388
72,1457,1529,0.1388
73,1446,1519,0.1388
74,1449,1523,0.1388
75,1461,1536,0.1388
74,1455,1529,0.1388
73,1456,1529,0.1388
72,1451,1523,0.1388
73,1443,1516,0.1388
71,1447,1518,0.1388
69,1444,1513,0.1388
70,1443,1513,0.1388
69,1449,1518,0.1388
72,1453,1525,0.1388
72,1451,1523,0.1388
74,1444,1518,0.1388
74,1448,1522,0.1388
74,1450,1524,0.1388
72,1453,1525,0.1388
67,1455,1522,0.1388
67,1463,1530,0.1388
70,1456,1526,0.1388
69,1457,1526,0.1388
68,1442,1510,0.1388
65,1449,1514,0.1388
64,1452,1516,0.1388
65,1461,1526,0.1388
63,1458,1521,0.1388
67,1446,1513,0.1388
66,1449,1515,0.1388
64,1443,1507,0.1388
63,1433,1496,0.1388
61,1441,1502,0.1388
57,1452,1509,0.1388
59,1447,1506,0.1388
60,1451,1511,0.1388
59,1454,1513,0.1388
60,1452,1512,0.1388
57,1449,1506,0.1388
56,1454,1510,0.1388
59,1458,1517,0.1388
56,1463,1519,0.1388
56,1453,1509,0.1388
56,1458,1514,0.1388
58,1448,1506,0.1388
57,1465,1522,0.1388
58,1457,1515,0.1388
57,1457,1514,0.1388
56,1451,1507,0.1388
55,1461,1516,0.1388
55,1461,1516,0.1388
56,1459,1515,0.1388
56,1462,1518,0.1388
55,1474,1529,0.1388
58,1467,1525,0.1388
55,1471,1526,0.1388
56,1466,1522,0.1388
56,1458,1514,0.1388
54,1451,1505,0.1388
54,1460,1514,0.1388
51,1454,1505,0.1388
50,1447,1497,0.1388
52,1449,1501,0.1388
52,1452,1504,0.1388
53,1456,1509,0.1388
55,1472,1527,0.1388
53,1471,1524,0.1388
53,1466,1519,0.1388
55,1458,1513,0.1388
55,1457,1512,0.1388
56,1455,1511,0.1388
54,1464,1518,0.1388
55,1469,1524,0.1388
57,1464,1521,0.1388
58,1460,1518,0.1388
58,1458,1516,0.1388
56,1464,1520,0.1388
55,1466,1521,0.1388
54,1459,1513,0.1388
55,1471,1526,0.1388
55,1453,1508,0.1388
53,1458,1511,0.1388
52,1459,1511,0.1388
52,1454,1506,0.1388
49,1448,1497,0.1388
51,1468,1519,0.1388
53,1467,1520,0.1388
49,1457,1506,0.1388
48,1461,1509,0.1388
49,1460,1509,0.1388
47,1467,1514,0.1388
47,1469,1516,0.1388
46,1463,1509,0.1388
46,1474,1520,0.1388
46,1483,1529,0.1388
45,1476,1521,0.1388
47,1471,1518,0.1388
47,1475,1522,0.1388
47,1472,1519,0.1388
49,1462,1511,0.1388
49,1456,1505,0.1388
48,1454,1502,0.1388
47,1463,1510,0.1388
45,1464,1509,0.1388
46,1471,1517,0.1388
48,1474,1522,0.1388
47,1471,1518,0.1388
48,1481,1529,0.1388
48,1467,1515,0.1388
48,1465,1513,0.1388
49,1471,1520,0.1388
48,1465,1513,0.1388
47,1462,1509,0.1388
48,1461,1509,0.1388
47,1457,1504,0.1388
43,1464,1507,0.1388
46,1465,1511,0.1388
47,1473,1520,0.1388
44,1470,1514,0.1388
45,1460,1505,0.1388
47,1469,1516,0.1388
45,1472,1517,0.1388
45,1465,1510,0.1388
43,1467,1510,0.1388
45,1475,1520,0.1388
43,1460,1503,0.1388
45,1466,1511,0.1388
46,1485,1531,0.1388
45,1481,1526,0.1388
46,1478,1524,0.1388
43,1485,1528,0.1388
43,1476,1519,0.1388
44,1482,1526,0.1388
45,1482,1527,0.1388
46,1489,1535,0.1388
46,1478,1524,0.1388
49,1467,1516,0.1388
49,1467,1516,0.1388
51,1471,1522,0.1388
52,1462,1514,0.1388
54,1453,1507,0.1388
52,1457,1509,0.1388
50,1473,1523,0.1388
51,1463,1514,0.1388
50,1449,1499,0.1388
51,1475,1526,0.1388
52,1467,1519,0.1388
52,1469,1521,0.1388
51,1470,1521,0.1388
49,1482,1531,0.1388
51,1473,1524,0.1388
49,1468,1517,0.1388
51,1467,1518,0.1388
51,1470,1521,0.1388
51,1477,1528,0.1388
51,1474,1525,0.1388
49,1463,1512,0.1388
47,1463,1510,0.1388
50,1467,1517,0.1388
49,1463,1512,0.1388
48,1466,1514,0.1388
51,1474,1525,0.1388
50,1476,1526,0.1388
49,1476,1525,0.1388
46,1466,1512,0.1388
44,1470,1514,0.1388
43,1473,1516,0.1388
42,1475,1517,0.1388
41,1472,1513,0.1388
43,1468,1511,0.1388
42,1462,1504,0.1388
45,1471,1516,0.1388
45,1484,1529,0.1388
46,1467,1513,0.1388
46,1476,1522,0.1388
46,1461,1507,0.1388
45,1462,1507,0.1388
46,1466,1512,0.1388
47,1460,1507,0.1388
48,1466,1514,0.1388
48,1472,1520,0.1388
48,1471,1519,0.1388
47,1473,1520,0.1388
47,1467,1514,0.1388
46,1458,1504,0.1388
47,1459,1506,0.1388
48,1457,1505,0.1388
48,1456,1504,0.1388
46,1461,1507,0.1388
47,1454,1501,0.1388
45,1467,1512,0.1388
46,1464,1510,0.1388
45,1477,1522,0.1388
45,1480,1525,0.1388
42,1475,1517,0.1388
43,1482,1525,0.1388
42,1476,1518,0.1388
40,1475,1515,0.1388
44,1483,1527,0.1388
46,1473,1519,0.1388
48,1475,1523,0.1388
49,1480,1529,0.1388
47,1473,1520,0.1388
48,1469,1517,0.1388
46,1470,1516,0.1388
45,1477,1522,0.1388
47,1466,1513,0.1388
48,1474,1522,0.1388
48,1470,1518,0.1388
46,1471,1517,0.1388
44,1476,1520,0.1388
46,1487,1533,0.1388
47,1480,1527,0.1388
47,1482,1529,0.1388
47,1488,1535,0.1388
46,1487,1533,0.1388
47,1473,1520,0.1388
47,1466,1513,0.1388
47,1454,1501,0.1388
47,1463,1510,0.1388
46,1471,1517,0.1388
47,1470,1517,0.1388
45,1461,1506,0.1388
46,1465,1511,0.1388
44,1467,1511,0.1388
45,1450,1495,0.1388
44,1459,1503,0.1388
44,1457,1501,0.1388
43,1463,1506,0.1388
43,1459,1502,0.1388
44,1457,1501,0.1388
42,1469,1511,0.1388
43,1464,1507,0.1388
43,1480,1523,0.1388
42,1472,1514,0.1388
41,1468,1509,0.1388
43,1476,1519,0.1388
45,1474,1519,0.1388
46,1476,1522,0.1388
44,1471,1515,0.1388
44,1479,1523,0.1388
45,1476,1521,0.1388
44,1479,1523,0.1388
41,1481,1522,0.1388
40,1495,1535,0.1388
41,1492,1533,0.1388
42,1491,1533,0.1388
39,1481,1520,0.1388
35,1481,1516,0.1388
35,1481,1516,0.1388
36,1475,1511,0.1388
37,1484,1521,0.1388
38,1487,1525,0.1388
38,1489,1527,0.1388
39,1489,1528,0.1388
37,1487,1524,0.1388
36,1498,1534,0.1388
35,1498,1533,0.1388
35,1486,1521,0.1388
35,1503,1538,0.1388
35,1498,1533,0.1388
33,1488,1521,0.1388
32,1490,1522,0.1388
32,1484,1516,0.1388
32,1491,1523,0.1388
31,1492,1523,0.1388
31,1493,1524,0.1388
32,1480,1512,0.1388
32,1484,1516,0.1388
31,1483,1514,0.1388
31,1475,1506,0.1388
30,1483,1513,0.1388
30,1487,1517,0.1388
29,1492,1521,0.1388
30,1490,1520,0.1388
31,1502,1533,0.1388
31,1500,1531,0.1388
32,1499,1531,0.1388
31,1492,1523,0.1388
30,1493,1523,0.1388
30,1489,1519,0.1388
31,1498,1529,0.1388
30,1498,1528,0.1388
32,1503,1535,0.1388
32,1490,1522,0.1388
31,1488,1519,0.1388
31,1493,1524,0.1388
31,1491,1522,0.1388
32,1494,1526,0.1388
33,1486,1519,0.1388
30,1476,1506,0.1388
29,1489,1518,0.1388
28,1483,1511,0.1388
27,1477,1504,0.1388
28,1487,1515,0.1388
29,1486,1515,0.1388
27,1497,1524,0.1388
28,1496,1524,0.1388
26,1502,1528,0.1388
27,1504,1531,0.1388
27,1490,1517,0.1388
27,1483,1510,0.1388
28,1477,1505,0.1388
28,1489,1517,0.1388
29,1491,1520,0.1388
30,1495,1525,0.1388
29,1497,1526,0.1388
31,1480,1511,0.1388
30,1483,1513,0.1388
28,1490,1518,0.1388
28,1490,1518,0.1388
27,1496,1523,0.1388
26,1485,1511,0.1388
26,1483,1509,0.1388
27,1483,1510,0.1388
26,1495,1521,0.1388
28,1496,1524,0.1388
28,1500,1528,0.1388
29,1506,1535,0.1388
29,1498,1527,0.1388
28,1486,1514,0.1388
28,1485,1513,0.1388
26,1474,1500,0.1388
26,1477,1503,0.1388
24,1481,1505,0.1388
26,1492,1518,0.1388
27,1492,1519,0.1388
27,1497,1524,0.1388
26,1496,1522,0.1388
27,1489,1516,0.1388
27,1487,1514,0.1388
26,1502,1528,0.1388
25,1495,1520,0.1388
25,1484,1509,0.1388
26,1474,1500,0.1388
26,1488,1514,0.1388
26,1498,1524,0.1388
25,1497,1522,0.1388
26,1487,1513,0.1388
26,1489,1515,0.1388
26,1490,1516,0.1388
26,1489,1515,0.1388
25,1487,1512,0.1388
25,1486,1511,0.1388
22,1494,1516,0.1388
21,1492,1513,0.1388
22,1497,1519,0.1388
22,1511,1533,0.1388
23,1500,1523,0.1388
22,1489,1511,0.1388
21,1494,1515,0.1388
21,1493,1514,0.1388
21,1482,1503,0.1388
21,1481,1502,0.1388
22,1495,1517,0.1388
21,1501,1522,0.1388
21,1496,1517,0.1388
22,1488,1510,0.1388
22,1492,1514,0.1388
22,1502,1524,0.1388
22,1501,1523,0.1388
19,1503,1522,0.1388
19,1500,1519,0.1388
22,1499,1521,0.1388
22,1491,1513,0.1388
21,1497,1518,0.1388
20,1481,1501,0.1388
22,1487,1509,0.1388
21,1490,1511,0.1388
22,1491,1513,0.1388
22,1488,1510,0.1388
22,1503,1525,0.1388
21,1508,1529,0.1388
21,1506,1527,0.1388
21,1502,1523,0.1388
21,1503,1524,0.1388
21,1501,1522,0.1388
19,1498,1517,0.1388
18,1495,1513,0.1388
19,1486,1505,0.1388
19,1493,1512,0.1388
19,1500,1519,0.1388
19,1496,1515,0.1388
19,1507,1526,0.1388
19,1507,1526,0.1388
19,1504,1523,0.1388
16,1503,1519,0.1388
16,1505,1521,0.1388
16,1496,1512,0.1388
16,1496,1512,0.1388
17,1493,1510,0.1388
17,1506,1523,0.1388
17,1508,1525,0.1388
18,1500,1518,0.1388
17,1505,1522,0.1388
17,1510,1527,0.1388
19,1514,1533,0.1388
19,1513,1532,0.1388
18,1507,1525,0.1388
18,1489,1507,0.1388
18,1507,1525,0.1388
16,1494,1510,0.1388
17,1488,1505,0.1388
17,1479,1496,0.1388
18,1493,1511,0.1388
18,1487,1505,0.1388
19,1496,1515,0.1388
18,1497,1515,0.1388
18,1487,1505,0.1388
17,1474,1491,0.1388
18,1489,1507,0.1388
17,1492,1509,0.1388
17,1502,1519,0.1388
17,1501,1518,0.1388
17,1504,1521,0.1388
16,1500,1516,0.1388
16,1497,1513,0.1388
15,1490,1505,0.1388
16,1500,1516,0.1388
17,1504,1521,0.1388
16,1504,1520,0.1388
17,1506,1523,0.1388
15,1491,1506,0.1388
17,1493,1510,0.1388
16,1495,1511,0.1388
16,1486,1502,0.1388
15,1483,1498,0.1388
14,1506,1520,0.1388
14,1505,1519,0.1388
13,1500,1513,0.1388
13,1506,1519,0.1388
13,1500,1513,0.1388
14,1510,1524,0.1388
13,1504,1517,0.1388
14,1509,1523,0.1388
14,1510,1524,0.1388
14,1511,1525,0.1388
13,1493,1506,0.1388
13,1484,1497,0.1388
14,1493,1507,0.1388
13,1494,1507,0.1388
13,1497,1510,0.1388
13,1495,1508,0.1388
13,1508,1521,0.1388
14,1496,1510,0.1388
14,1500,1514,0.1388
14,1489,1503,0.1388
14,1495,1509,0.1388
14,1508,1522,0.1388
13,1513,1526,0.1388
13,1516,1529,0.1388
13,1513,1526,0.1388
11,1512,1523,0.1388
11,1517,1528,0.1388
11,1513,1524,0.1388
11,1512,1523,0.1388
11,1502,1513,0.1388
11,1509,1520,0.1388
10,1510,1520,0.1388
10,1507,1517,0.1388
10,1505,1515,0.1388
11,1507,1518,0.1388
11,1499,1510,0.1388
11,1500,1511,0.1388
10,1509,1519,0.1388
9,1497,1506,0.1388
10,1506,1516,0.1388
10,1511,1521,0.1388
9,1510,1519,0.1388
9,1518,1527,0.1388
9,1520,1529,0.1388
9,1514,1523,0.1388
9,1502,1511,0.1388
9,1512,1521,0.1388
9,1503,1512,0.1388
10,1516,1526,0.1388
10,1515,1525,0.1388
10,1509,1519,0.1388
9,1508,1517,0.1388
10,1514,1524,0.1388
11,1515,1526,0.1388
11,1509,1520,0.1388
11,1511,1522,0.1388
11,1508,1519,0.1388
12,1515,1527,0.1388
10,1505,1515,0.1388
10,1500,1510,0.1388
10,1492,1502,0.1388
10,1499,1509,0.1388
11,1502,1513,0.1388
12,1502,1514,0.1388
12,1497,1509,0.1388
11,1500,1511,0.1388
10,1506,1516,0.1388
11,1512,1523,0.1388
12,1510,1522,0.1388
12,1510,1522,0.1388
12,1513,1525,0.1388
11,1511,1522,0.1388
11,1507,1518,0.1388
11,1510,1521,0.1388
11,1515,1526,0.1388
11,1518,1529,0.1388
9,1507,1516,0.1388
9,1494,1503,0.1388
9,1492,1501,0.1388
9,1487,1496,0.1388
8,1497,1505,0.1388
8,1513,1521,0.1388
9,1510,1519,0.1388
9,1527,1536,0.1388
9,1514,1523,0.1388
9,1518,1527,0.1388
9,1510,1519,0.1388
9,1519,1528,0.1388
8,1516,1524,0.1388
9,1514,1523,0.1388
9,1517,1526,0.1388
9,1508,1517,0.1388
9,1507,1516,0.1388
8,1506,1514,0.1388
8,1514,1522,0.1388
8,1510,1518,0.1388
8,1514,1522,0.1388
8,1518,1526,0.1388
8,1509,1517,0.1388
8,1504,1512,0.1388
8,1510,1518,0.1388
9,1510,1519,0.1388
9,1510,1519,0.1388
9,1504,1513,0.1388
7,1507,1514,0.1388
7,1505,1512,0.1388
7,1510,1517,0.1388
6,1506,1512,0.1388
6,1511,1517,0.1388
7,1504,1511,0.1388
7,1506,1513,0.1388
6,1495,1501,0.1388
6,1511,1517,0.1388
6,1514,1520,0.1388
6,1504,1510,0.1388
6,1498,1504,0.1388
7,1519,1526,0.1388
8,1506,1514,0.1388
8,1500,1508,0.1388
8,1502,1510,0.1388
8,1499,1507,0.1388
8,1499,1507,0.1388
7,1504,1511,0.1388
6,1516,1522,0.1388
6,1515,1521,0.1388
5,1502,1507,0.1388
5,1497,1502,0.1388
4,1506,1510,0.1388
4,1503,1507,0.1388
4,1498,1502,0.1388
4,1512,1516,0.1388
4,1512,1516,0.1388
3,1508,1511,0.1388
3,1491,1494,0.1388
3,1496,1499,0.1388
3,1512,1515,0.1388
3,1507,1510,0.1388
3,1529,1532,0.1388
3,1525,1528,0.1388
3,1512,1515,0.1388
3,1513,1516,0.1388
3,1516,1519,0.1388
3,1530,1533,0.1388
3,1525,1528,0.1388
3,1525,1528,0.1388
3,1520,1523,0.1388
3,1519,1522,0.1388
3,1506,1509,0.1388
3,1511,1514,0.1388
3,1517,1520,0.1388
2,1510,1512,0.1388
2,1513,1515,0.1388
2,1519,1521,0.1388
2,1512,1514,0.1388
2,1521,1523,0.1388
2,1528,1530,0.1388
2,1521,1523,0.1388
2,1523,1525,0.1388
2,1532,1534,0.1388
2,1531,1533,0.1388
2,1541,1543,0.1388
2,1530,1532,0.1388
2,1515,1517,0.1388
2,1508,1510,0.1388
2,1501,1503,0.1388
2,1512,1514,0.1388
2,1523,1525,0.1388
2,1512,1514,0.1388
2,1503,1505,0.1388
2,1523,1525,0.1388
2,1522,1524,0.1388
2,1522,1524,0.1388
2,1531,1533,0.1388
2,1529,1531,0.1388
2,1529,1531,0.1388
2,1535,1537,0.1388
2,1517,1519,0.1388
2,1510,1512,0.1388
2,1517,1519,0.1388
2,1511,1513,0.1388
2,1508,1510,0.1388
1,1506,1507,0.1388
1,1507,1508,0.1388
1,1507,1508,0.1388
1,1498,1499,0.1388
1,1506,1507,0.1388
1,1509,1510,0.1388
1,1499,1500,0.1388
1,1499,1500,0.1388
1,1493,1494,0.1388
1,1514,1515,0.1388
1,1523,1524,0.1388
1,1513,1514,0.1388
1,1517,1518,0.1388
1,1513,1514,0.1388
1,1518,1519,0.1388
1,1530,1531,0.1388
1,1534,1535,0.1388
0,1524,1524,0.1388
