1361,29,1390,0.1388
1377,28,1405,0.1388
1411,28,1439,0.1388
1428,27,1455,0.1388
1434,28,1462,0.1388
1453,26,1479,0.1388
1470,25,1495,0.1388
1465,26,1491,0.1388
1467,26,1493,0.1388
1485,26,1511,0.1388
1478,27,1505,0.1388
1476,27,1503,0.1388
1466,29,1495,0.1388
1466,27,1493,0.1388
1458,27,1485,0.1388
1457,24,1481,0.1388
1459,25,1484,0.1388
1456,25,1481,0.1388
1454,25,1479,0.1388
1466,24,1490,0.1388
1463,26,1489,0.1388
1450,28,1478,0.1388
1452,30,1482,0.1388
1454,30,1484,0.1388
1459,31,1490,0.1388
1458,32,1490,0.1388
1460,33,1493,0.1388
1458,32,1490,0.1388
1449,32,1481,0.1388
1456,31,1487,0.1388
1464,30,1494,0.1388
1470,32,1502,0.1388
1472,31,1503,0.1388
1465,29,1494,0.1388
1451,29,1480,0.1388
1449,28,1477,0.1388
1434,29,1463,0.1388
1449,30,1479,0.1388
1463,32,1495,0.1388
1474,32,1506,0.1388
1479,33,1512,0.1388
1470,34,1504,0.1388
1463,34,1497,0.1388
1473,36,1509,0.1388
1473,36,1509,0.1388
1465,35,1500,0.1388
1465,36,1501,0.1388
1454,36,1490,0.1388
1454,39,1493,0.1388
1450,38,1488,0.1388
1447,38,1485,0.1388
1454,38,1492,0.1388
1451,40,1491,0.1388
1457,40,1497,0.1388
1464,39,1503,0.1388
1468,40,1508,0.1388
1480,43,1523,0.1388
1473,42,1515,0.1388
1473,41,1514,0.1388
1470,41,1511,0.1388
1469,41,1510,0.1388
1463,43,1506,0.1388
1459,41,1500,0.1388
1443,40,1483,0.1388
1432,43,1475,0.1388
1434,46,1480,0.1388
1432,46,1478,0.1388
1425,46,1471,0.1388
1437,48,1485,0.1388
1439,47,1486,0.1388
1433,46,1479,0.1388
1443,49,1492,0.1388
1457,48,1505,0.1388
1445,48,1493,0.1388
1445,49,1494,0.1388
1453,49,1502,0.1388
1446,49,1495,0.1388
1440,52,1492,0.1388
1438,52,1490,0.1388
1432,54,1486,0.1388
1437,56,1493,0.1388
1446,58,1504,0.1388
1450,59,1509,0.1388
1449,59,1508,0.1388
1454,59,1513,0.1388
1445,60,1505,0.1388
1439,59,1498,0.1388
1439,57,1496,0.1388
1436,58,1494,0.1388
1435,59,1494,0.1388
1432,60,1492,0.1388
1435,60,1495,0.1388
1441,61,1502,0.1388
1445,61,1506,0.1388
1440,62,1502,0.1388
1445,63,1508,0.1388
1432,65,1497,0.1388
1431,65,1496,0.1388
1432,66,1498,0.1388
1437,68,1505,0.1388
1443,67,1510,0.1388
1428,68,1496,0.1388
1431,69,1500,0.1388
1435,69,1504,0.1388
1440,66,1506,0.1388
1444,67,1511,0.1388
1432,69,1501,0.1388
1431,65,1496,0.1388
1443,66,1509,0.1388
1436,68,1504,0.1388
1446,66,1512,0.1388
1433,67,1500,0.1388
1430,68,1498,0.1388
1434,67,1501,0.1388
1431,66,1497,0.1388
1432,67,1499,0.1388
1438,68,1506,0.1388
1438,68,1506,0.1388
1434,68,1502,0.1388
1435,68,1503,0.1388
1434,69,1503,0.1388
1426,70,1496,0.1388
1420,69,1489,0.1388
1429,71,1500,0.1388
1430,72,1502,0.1388
1427,73,1500,0.1388
1416,71,1487,0.1388
1426,71,1497,0.1388
1436,69,1505,0.1388
1431,70,1501,0.1388
1410,72,1482,0.1388
1422,73,1495,0.1388
1420,72,1492,0.1388
1423,70,1493,0.1388
1424,69,1493,0.1388
1409,69,1478,0.1388
1419,63,1482,0.1388
1413,65,1478,0.1388
1419,63,1482,0.1388
1427,61,1488,0.1388
1424,60,1484,0.1388
1434,65,1499,0.1388
1431,68,1499,0.1388
1420,70,1490,0.1388
1421,67,1488,0.1388
1421,69,1490,0.1388
1434,69,1503,0.1388
1436,67,1503,0.1388
1440,66,1506,0.1388
1439,63,1502,0.1388
1427,65,1492,0.1388
1440,65,1505,0.1388
1444,64,1508,0.1388
1437,64,1501,0.1388
1437,64,1501,0.1388
1434,63,1497,0.1388
1434,63,1497,0.1388
1433,65,1498,0.1388
1440,64,1504,0.1388
1423,65,1488,0.1388
1425,63,1488,0.1388
1428,66,1494,0.1388
1422,68,1490,0.1388
1423,69,1492,0.1388
1433,69,1502,0.1388
1444,71,1515,0.1388
1451,72,1523,0.1388
1446,72,1518,0.1388
1439,73,1512,0.1388
1430,70,1500,0.1388
1431,72,1503,0.1388
1421,73,1494,0.1388
1425,76,1501,0.1388
1414,70,1484,0.1388
1412,68,1480,0.1388
1403,70,1473,0.1388
1415,71,1486,0.1388
1421,76,1497,0.1388
1425,77,1502,0.1388
1427,77,1504,0.1388
1417,79,1496,0.1388
1417,78,1495,0.1388
1418,81,1499,0.1388
1425,81,1506,0.1388
1422,82,1504,0.1388
1427,86,1513,0.1388
1417,90,1507,0.1388
1412,89,1501,0.1388
1411,90,1501,0.1388
1421,93,1514,0.1388
1420,95,1515,0.1388
1406,92,1498,0.1388
1407,90,1497,0.1388
1412,91,1503,0.1388
1421,94,1515,0.1388
1406,95,1501,0.1388
1399,94,1493,0.1388
1388,93,1481,0.1388
1402,91,1493,0.1388
1407,93,1500,0.1388
1399,94,1493,0.1388
1392,95,1487,0.1388
1389,93,1482,0.1388
1388,97,1485,0.1388
1397,96,1493,0.1388
1398,95,1493,0.1388
1400,93,1493,0.1388
1406,93,1499,0.1388
1397,95,1492,0.1388
1386,95,1481,0.1388
1385,98,1483,0.1388
1397,99,1496,0.1388
1400,98,1498,0.1388
1416,98,1514,0.1388
1413,93,1506,0.1388
1393,97,1490,0.1388
1392,92,1484,0.1388
1390,94,1484,0.1388
1395,95,1490,0.1388
1389,99,1488,0.1388
1380,95,1475,0.1388
1367,97,1464,0.1388
1372,98,1470,0.1388
1384,101,1485,0.1388
1388,101,1489,0.1388
1385,101,1486,0.1388
1379,96,1475,0.1388
1384,95,1479,0.1388
1396,99,1495,0.1388
1405,100,1505,0.1388
1402,100,1502,0.1388
1398,104,1502,0.1388
1380,105,1485,0.1388
1384,107,1491,0.1388
1388,106,1494,0.1388
1388,106,1494,0.1388
1391,109,1500,0.1388
1384,108,1492,0.1388
1377,108,1485,0.1388
1381,109,1490,0.1388
1380,108,1488,0.1388
1379,111,1490,0.1388
1366,111,1477,0.1388
1375,111,1486,0.1388
1377,113,1490,0.1388
1386,110,1496,0.1388
1381,110,1491,0.1388
1373,109,1482,0.1388
1374,111,1485,0.1388
1367,111,1478,0.1388
1383,109,1492,0.1388
1363,108,1471,0.1388
1368,105,1473,0.1388
1378,109,1487,0.1388
1375,116,1491,0.1388
1374,117,1491,0.1388
1370,116,1486,0.1388
1374,117,1491,0.1388
1376,116,1492,0.1388
1382,116,1498,0.1388
1371,114,1485,0.1388
1385,114,1499,0.1388
1384,113,1497,0.1388
1387,113,1500,0.1388
1394,114,1508,0.1388
1396,114,1510,0.1388
1395,114,1509,0.1388
1391,117,1508,0.1388
1391,116,1507,0.1388
1378,116,1494,0.1388
1382,116,1498,0.1388
1393,113,1506,0.1388
1389,110,1499,0.1388
1396,114,1510,0.1388
1384,118,1502,0.1388
1383,116,1499,0.1388
1376,118,1494,0.1388
1376,115,1491,0.1388
1382,117,1499,0.1388
1378,118,1496,0.1388
1375,116,1491,0.1388
1383,117,1500,0.1388
1379,113,1492,0.1388
1380,107,1487,0.1388
1374,110,1484,0.1388
1374,111,1485,0.1388
1376,113,1489,0.1388
1386,114,1500,0.1388
1390,111,1501,0.1388
1394,115,1509,0.1388
1383,112,1495,0.1388
1376,108,1484,0.1388
1394,109,1503,0.1388
1392,109,1501,0.1388
1382,114,1496,0.1388
1377,117,1494,0.1388
1377,117,1494,0.1388
1389,119,1508,0.1388
1394,117,1511,0.1388
1387,117,1504,0.1388
1366,120,1486,0.1388
1357,117,1474,0.1388
1362,123,1485,0.1388
1368,124,1492,0.1388
1367,126,1493,0.1388
1365,129,1494,0.1388
1366,130,1496,0.1388
1362,129,1491,0.1388
1362,130,1492,0.1388
1362,132,1494,0.1388
1364,137,1501,0.1388
1371,133,1504,0.1388
1381,139,1520,0.1388
1386,133,1519,0.1388
1367,131,1498,0.1388
1350,134,1484,0.1388
1341,130,1471,0.1388
1337,126,1463,0.1388
1335,128,1463,0.1388
1340,127,1467,0.1388
1361,126,1487,0.1388
1367,132,1499,0.1388
1351,132,1483,0.1388
1364,136,1500,0.1388
1352,138,1490,0.1388
1348,140,1488,0.1388
1341,139,1480,0.1388
1341,135,1476,0.1388
1346,136,1482,0.1388
1349,136,1485,0.1388
1358,142,1500,0.1388
1364,138,1502,0.1388
1358,141,1499,0.1388
1364,142,1506,0.1388
1347,139,1486,0.1388
1350,139,1489,0.1388
1359,134,1493,0.1388
1361,133,1494,0.1388
1359,135,1494,0.1388
1358,142,1500,0.1388
1356,140,1496,0.1388
1352,140,1492,0.1388
1364,138,1502,0.1388
1358,144,1502,0.1388
1372,143,1515,0.1388
1373,141,1514,0.1388
1356,142,1498,0.1388
1344,137,1481,0.1388
1360,136,1496,0.1388
1353,140,1493,0.1388
1352,140,1492,0.1388
1350,135,1485,0.1388
1338,134,1472,0.1388
1346,136,1482,0.1388
1346,139,1485,0.1388
1345,139,1484,0.1388
1364,140,1504,0.1388
1353,144,1497,0.1388
1350,144,1494,0.1388
1352,140,1492,0.1388
1356,137,1493,0.1388
1353,141,1494,0.1388
1354,140,1494,0.1388
1349,141,1490,0.1388
1352,140,1492,0.1388
1357,143,1500,0.1388
1352,147,1499,0.1388
1352,144,1496,0.1388
1347,145,1492,0.1388
1341,146,1487,0.1388
1347,146,1493,0.1388
1343,140,1483,0.1388
1341,148,1489,0.1388
1340,153,1493,0.1388
1346,152,1498,0.1388
1340,149,1489,0.1388
1344,146,1490,0.1388
1357,148,1505,0.1388
1351,148,1499,0.1388
1352,149,1501,0.1388
1351,149,1500,0.1388
1352,151,1503,0.1388
1348,153,1501,0.1388
1342,154,1496,0.1388
1347,156,1503,0.1388
1352,152,1504,0.1388
1335,156,1491,0.1388
1339,159,1498,0.1388
1350,160,1510,0.1388
1354,156,1510,0.1388
1352,158,1510,0.1388
1335,164,1499,0.1388
1340,165,1505,0.1388
1337,164,1501,0.1388
1348,161,1509,0.1388
1350,161,1511,0.1388
1340,157,1497,0.1388
1332,158,1490,0.1388
1338,156,1494,0.1388
1330,158,1488,0.1388
1313,158,1471,0.1388
1335,158,1493,0.1388
1331,164,1495,0.1388
1326,163,1489,0.1388
1331,160,1491,0.1388
1344,161,1505,0.1388
1340,160,1500,0.1388
1335,158,1493,0.1388
1341,164,1505,0.1388
1337,163,1500,0.1388
1337,164,1501,0.1388
1333,162,1495,0.1388
1325,159,1484,0.1388
1329,161,1490,0.1388
1332,160,1492,0.1388
1339,162,1501,0.1388
1328,160,1488,0.1388
1324,166,1490,0.1388
1313,169,1482,0.1388
1311,170,1481,0.1388
1326,166,1492,0.1388
1323,167,1490,0.1388
1319,168,1487,0.1388
1309,168,1477,0.1388
1314,170,1484,0.1388
1313,170,1483,0.1388
1318,171,1489,0.1388
1324,170,1494,0.1388
1327,169,1496,0.1388
1328,170,1498,0.1388
1336,172,1508,0.1388
1336,165,1501,0.1388
1333,167,1500,0.1388
1328,164,1492,0.1388
1317,171,1488,0.1388
1314,172,1486,0.1388
1319,174,1493,0.1388
1321,175,1496,0.1388
1334,173,1507,0.1388
1326,173,1499,0.1388
1316,175,1491,0.1388
1329,177,1506,0.1388
1326,173,1499,0.1388
1323,176,1499,0.1388
1320,173,1493,0.1388
1315,173,1488,0.1388
1321,175,1496,0.1388
1331,176,1507,0.1388
1339,178,1517,0.1388
1324,174,1498,0.1388
1323,177,1500,0.1388
1328,175,1503,0.1388
1333,174,1507,0.1388
1337,177,1514,0.1388
1327,176,1503,0.1388
1330,175,1505,0.1388
1315,174,1489,0.1388
1315,173,1488,0.1388
1312,170,1482,0.1388
1315,174,1489,0.1388
1319,173,1492,0.1388
1317,174,1491,0.1388
1324,177,1501,0.1388
1315,181,1496,0.1388
1321,178,1499,0.1388
1317,179,1496,0.1388
1317,180,1497,0.1388
1313,182,1495,0.1388
1317,185,1502,0.1388
1327,183,1510,0.1388
1327,181,1508,0.1388
1315,180,1495,0.1388
1303,185,1488,0.1388
1305,180,1485,0.1388
1302,186,1488,0.1388
1296,184,1480,0.1388
1296,185,1481,0.1388
1305,191,1496,0.1388
1304,192,1496,0.1388
1291,187,1478,0.1388
1292,188,1480,0.1388
1299,185,1484,0.1388
1305,187,1492,0.1388
1302,196,1498,0.1388
1282,201,1483,0.1388
1294,200,1494,0.1388
1296,198,1494,0.1388
1303,202,1505,0.1388
1297,204,1501,0.1388
1293,208,1501,0.1388
1298,204,1502,0.1388
1291,203,1494,0.1388
1297,205,1502,0.1388
1299,207,1506,0.1388
1301,205,1506,0.1388
1301,200,1501,0.1388
1301,200,1501,0.1388
1308,194,1502,0.1388
1300,197,1497,0.1388
1307,203,1510,0.1388
1301,198,1499,0.1388
1296,201,1497,0.1388
1303,202,1505,0.1388
1300,206,1506,0.1388
1294,206,1500,0.1388
1301,205,1506,0.1388
1305,211,1516,0.1388
1307,211,1518,0.1388
1298,211,1509,0.1388
1298,212,1510,0.1388
1293,213,1506,0.1388
1302,217,1519,0.1388
1291,213,1504,0.1388
1277,213,1490,0.1388
1275,213,1488,0.1388
1281,213,1494,0.1388
1281,220,1501,0.1388
1302,216,1518,0.1388
1286,214,1500,0.1388
1290,217,1507,0.1388
1287,219,1506,0.1388
1280,219,1499,0.1388
1271,217,1488,0.1388
1274,219,1493,0.1388
1269,219,1488,0.1388
1271,222,1493,0.1388
1271,226,1497,0.1388
1274,229,1503,0.1388
1282,231,1513,0.1388
1283,227,1510,0.1388
1292,227,1519,0.1388
1286,227,1513,0.1388
1285,233,1518,0.1388
1274,236,1510,0.1388
1274,234,1508,0.1388
1275,233,1508,0.1388
1278,233,1511,0.1388
1282,232,1514,0.1388
1281,240,1521,0.1388
1279,238,1517,0.1388
1266,241,1507,0.1388
1266,242,1508,0.1388
1274,244,1518,0.1388
1269,245,1514,0.1388
1274,245,1519,0.1388
1257,244,1501,0.1388
1251,237,1488,0.1388
1257,237,1494,0.1388
1263,236,1499,0.1388
1260,234,1494,0.1388
1257,238,1495,0.1388
1260,239,1499,0.1388
1263,242,1505,0.1388
1253,238,1491,0.1388
1251,240,1491,0.1388
1253,244,1497,0.1388
1259,245,1504,0.1388
1245,241,1486,0.1388
1247,238,1485,0.1388
1258,237,1495,0.1388
1260,237,1497,0.1388
1242,237,1479,0.1388
1261,236,1497,0.1388
1269,239,1508,0.1388
1274,236,1510,0.1388
1268,237,1505,0.1388
1276,232,1508,0.1388
1268,235,1503,0.1388
1260,240,1500,0.1388
1251,234,1485,0.1388
1251,237,1488,0.1388
1252,248,1500,0.1388
1248,247,1495,0.1388
1258,241,1499,0.1388
1256,241,1497,0.1388
1274,240,1514,0.1388
1273,237,1510,0.1388
1279,236,1515,0.1388
1291,237,1528,0.1388
1284,235,1519,0.1388
1277,235,1512,0.1388
1263,240,1503,0.1388
1275,243,1518,0.1388
1259,246,1505,0.1388
1257,240,1497,0.1388
1255,241,1496,0.1388
1239,239,1478,0.1388
1253,244,1497,0.1388
1259,244,1503,0.1388
1249,244,1493,0.1388
1241,246,1487,0.1388
1236,247,1483,0.1388
1240,249,1489,0.1388
1240,246,1486,0.1388
1231,255,1486,0.1388
1236,260,1496,0.1388
1235,263,1498,0.1388
1235,261,1496,0.1388
1230,260,1490,0.1388
1228,257,1485,0.1388
1233,256,1489,0.1388
1224,256,1480,0.1388
1245,255,1500,0.1388
1256,253,1509,0.1388
1261,259,1520,0.1388
1251,262,1513,0.1388
1259,258,1517,0.1388
1247,260,1507,0.1388
1238,258,1496,0.1388
1246,262,1508,0.1388
1246,259,1505,0.1388
1238,261,1499,0.1388
1240,263,1503,0.1388
1249,266,1515,0.1388
1233,263,1496,0.1388
1227,270,1497,0.1388
1224,269,1493,0.1388
1221,268,1489,0.1388
1229,267,1496,0.1388
1253,265,1518,0.1388
1247,267,1514,0.1388
1245,269,1514,0.1388
1234,264,1498,0.1388
1236,267,1503,0.1388
1231,272,1503,0.1388
1232,271,1503,0.1388
1219,281,1500,0.1388
1220,276,1496,0.1388
1220,279,1499,0.1388
1220,276,1496,0.1388
1218,283,1501,0.1388
1217,274,1491,0.1388
1221,270,1491,0.1388
1229,277,1506,0.1388
1230,272,1502,0.1388
1236,274,1510,0.1388
1228,274,1502,0.1388
1236,273,1509,0.1388
1240,271,1511,0.1388
1230,276,1506,0.1388
1234,273,1507,0.1388
1235,275,1510,0.1388
1232,273,1505,0.1388
1234,282,1516,0.1388
1235,279,1514,0.1388
1240,273,1513,0.1388
1236,276,1512,0.1388
1236,274,1510,0.1388
1230,274,1504,0.1388
1231,279,1510,0.1388
1234,272,1506,0.1388
1227,273,1500,0.1388
1212,274,1486,0.1388
1216,279,1495,0.1388
1214,283,1497,0.1388
1213,280,1493,0.1388
1214,281,1495,0.1388
1227,283,1510,0.1388
1234,285,1519,0.1388
1233,284,1517,0.1388
1222,283,1505,0.1388
1216,284,1500,0.1388
1226,280,1506,0.1388
1227,285,1512,0.1388
1226,286,1512,0.1388
1236,286,1522,0.1388
1219,277,1496,0.1388
1216,269,1485,0.1388
1201,275,1476,0.1388
1211,277,1488,0.1388
1213,275,1488,0.1388
1214,277,1491,0.1388
1228,289,1517,0.1388
1229,284,1513,0.1388
1223,282,1505,0.1388
1225,284,1509,0.1388
1221,285,1506,0.1388
1224,281,1505,0.1388
1220,285,1505,0.1388
1203,289,1492,0.1388
1203,289,1492,0.1388
1210,293,1503,0.1388
1202,296,1498,0.1388
1206,291,1497,0.1388
1214,291,1505,0.1388
1211,294,1505,0.1388
1214,293,1507,0.1388
1197,297,1494,0.1388
1202,300,1502,0.1388
1193,305,1498,0.1388
1190,303,1493,0.1388
1183,305,1488,0.1388
1185,306,1491,0.1388
1192,313,1505,0.1388
1206,316,1522,0.1388
1205,310,1515,0.1388
1200,305,1505,0.1388
1203,312,1515,0.1388
1201,309,1510,0.1388
1196,307,1503,0.1388
1186,305,1491,0.1388
1189,309,1498,0.1388
1184,310,1494,0.1388
1182,306,1488,0.1388
1172,302,1474,0.1388
1177,302,1479,0.1388
1174,307,1481,0.1388
1174,308,1482,0.1388
1179,309,1488,0.1388
1178,314,1492,0.1388
1175,316,1491,0.1388
1169,316,1485,0.1388
1163,318,1481,0.1388
1180,318,1498,0.1388
1174,316,1490,0.1388
1177,315,1492,0.1388
1175,312,1487,0.1388
1184,320,1504,0.1388
1180,321,1501,0.1388
1180,322,1502,0.1388
1181,318,1499,0.1388
1174,313,1487,0.1388
1181,317,1498,0.1388
1190,318,1508,0.1388
1186,310,1496,0.1388
1187,314,1501,0.1388
1187,319,1506,0.1388
1187,317,1504,0.1388
1184,320,1504,0.1388
1177,320,1497,0.1388
1173,324,1497,0.1388
1167,320,1487,0.1388
1167,321,1488,0.1388
1165,322,1487,0.1388
1166,324,1490,0.1388
1175,319,1494,0.1388
1163,321,1484,0.1388
1152,323,1475,0.1388
1165,325,1490,0.1388
1161,327,1488,0.1388
1160,330,1490,0.1388
1163,333,1496,0.1388
1150,331,1481,0.1388
1162,334,1496,0.1388
1145,336,1481,0.1388
1143,339,1482,0.1388
1148,337,1485,0.1388
1144,336,1480,0.1388
1151,329,1480,0.1388
1153,322,1475,0.1388
1157,327,1484,0.1388
1165,320,1485,0.1388
1163,327,1490,0.1388
1174,334,1508,0.1388
1169,336,1505,0.1388
1159,338,1497,0.1388
1162,333,1495,0.1388
1160,339,1499,0.1388
1161,343,1504,0.1388
1166,343,1509,0.1388
1168,339,1507,0.1388
1167,339,1506,0.1388
1153,343,1496,0.1388
1158,343,1501,0.1388
1149,346,1495,0.1388
1162,341,1503,0.1388
1166,336,1502,0.1388
1162,340,1502,0.1388
1157,342,1499,0.1388
1161,343,1504,0.1388
1162,342,1504,0.1388
1157,344,1501,0.1388
1153,345,1498,0.1388
1149,343,1492,0.1388
1149,333,1482,0.1388
1145,334,1479,0.1388
1157,331,1488,0.1388
1158,335,1493,0.1388
1149,339,1488,0.1388
1164,342,1506,0.1388
1154,339,1493,0.1388
1163,329,1492,0.1388
1167,335,1502,0.1388
1164,344,1508,0.1388
1155,345,1500,0.1388
1148,348,1496,0.1388
1150,358,1508,0.1388
1151,361,1512,0.1388
1158,355,1513,0.1388
1146,349,1495,0.1388
1138,353,1491,0.1388
1147,356,1503,0.1388
1155,350,1505,0.1388
1148,358,1506,0.1388
1151,359,1510,0.1388
1139,365,1504,0.1388
1142,364,1506,0.1388
1136,365,1501,0.1388
1130,369,1499,0.1388
1120,367,1487,0.1388
1122,365,1487,0.1388
1128,370,1498,0.1388
1127,376,1503,0.1388
1128,372,1500,0.1388
1125,369,1494,0.1388
1128,363,1491,0.1388
1119,366,1485,0.1388
1120,371,1491,0.1388
1124,373,1497,0.1388
1116,375,1491,0.1388
1113,380,1493,0.1388
1115,380,1495,0.1388
1124,378,1502,0.1388
1122,376,1498,0.1388
1130,373,1503,0.1388
1122,380,1502,0.1388
1135,385,1520,0.1388
1124,379,1503,0.1388
1115,380,1495,0.1388
1107,385,1492,0.1388
1107,386,1493,0.1388
1094,392,1486,0.1388
1093,396,1489,0.1388
1093,391,1484,0.1388
1095,389,1484,0.1388
1105,387,1492,0.1388
1115,395,1510,0.1388
1104,396,1500,0.1388
1109,392,1501,0.1388
1118,393,1511,0.1388
1108,403,1511,0.1388
1108,403,1511,0.1388
1101,409,1510,0.1388
1096,413,1509,0.1388
1078,412,1490,0.1388
1075,415,1490,0.1388
1077,412,1489,0.1388
1075,416,1491,0.1388
1091,412,1503,0.1388
1095,408,1503,0.1388
1098,415,1513,0.1388
1093,411,1504,0.1388
1092,414,1506,0.1388
1096,412,1508,0.1388
1086,411,1497,0.1388
1084,408,1492,0.1388
1094,413,1507,0.1388
1089,410,1499,0.1388
1079,408,1487,0.1388
1082,409,1491,0.1388
1081,407,1488,0.1388
1091,412,1503,0.1388
1089,408,1497,0.1388
1084,412,1496,0.1388
1080,411,1491,0.1388
1082,411,1493,0.1388
1078,416,1494,0.1388
1074,415,1489,0.1388
1087,418,1505,0.1388
1093,413,1506,0.1388
1074,413,1487,0.1388
1077,410,1487,0.1388
1075,407,1482,0.1388
1074,419,1493,0.1388
1076,421,1497,0.1388
1076,418,1494,0.1388
1084,418,1502,0.1388
1085,422,1507,0.1388
1086,419,1505,0.1388
1078,426,1504,0.1388
1071,432,1503,0.1388
1076,430,1506,0.1388
1068,435,1503,0.1388
1060,433,1493,0.1388
1050,434,1484,0.1388
1051,432,1483,0.1388
1050,439,1489,0.1388
1055,447,1502,0.1388
1058,447,1505,0.1388
1048,446,1494,0.1388
1046,446,1492,0.1388
1045,449,1494,0.1388
1054,447,1501,0.1388
1064,439,1503,0.1388
1062,439,1501,0.1388
1065,439,1504,0.1388
1062,443,1505,0.1388
1057,434,1491,0.1388
1052,433,1485,0.1388
1051,442,1493,0.1388
1048,444,1492,0.1388
1054,443,1497,0.1388
1056,442,1498,0.1388
1054,440,1494,0.1388
1045,439,1484,0.1388
1047,441,1488,0.1388
1048,444,1492,0.1388
1056,451,1507,0.1388
1053,453,1506,0.1388
1042,440,1482,0.1388
1038,445,1483,0.1388
1042,450,1492,0.1388
1043,447,1490,0.1388
1035,449,1484,0.1388
1039,455,1494,0.1388
1034,456,1490,0.1388
1037,457,1494,0.1388
1045,459,1504,0.1388
1040,460,1500,0.1388
1038,455,1493,0.1388
1033,465,1498,0.1388
1035,459,1494,0.1388
1048,461,1509,0.1388
1046,466,1512,0.1388
1046,469,1515,0.1388
1033,460,1493,0.1388
1036,463,1499,0.1388
1030,466,1496,0.1388
1042,467,1509,0.1388
1050,458,1508,0.1388
1044,459,1503,0.1388
1048,458,1506,0.1388
1035,463,1498,0.1388
1031,476,1507,0.1388
1019,476,1495,0.1388
1027,479,1506,0.1388
1014,479,1493,0.1388
1014,474,1488,0.1388
1016,480,1496,0.1388
1018,478,1496,0.1388
1026,481,1507,0.1388
1025,482,1507,0.1388
1033,477,1510,0.1388
1036,480,1516,0.1388
1037,480,1517,0.1388
1035,477,1512,0.1388
1032,470,1502,0.1388
1037,462,1499,0.1388
1046,466,1512,0.1388
1043,465,1508,0.1388
1030,467,1497,0.1388
1032,468,1500,0.1388
1032,466,1498,0.1388
1023,465,1488,0.1388
1024,472,1496,0.1388
1022,479,1501,0.1388
1033,471,1504,0.1388
1020,473,1493,0.1388
1019,474,1493,0.1388
1017,484,1501,0.1388
1008,489,1497,0.1388
1014,487,1501,0.1388
1021,490,1511,0.1388
1028,492,1520,0.1388
1016,492,1508,0.1388
1009,492,1501,0.1388
1016,491,1507,0.1388
1014,487,1501,0.1388
1017,490,1507,0.1388
1017,487,1504,0.1388
1009,485,1494,0.1388
1009,488,1497,0.1388
1016,494,1510,0.1388
1014,491,1505,0.1388
1033,485,1518,0.1388
1028,481,1509,0.1388
1023,486,1509,0.1388
1019,483,1502,0.1388
1016,488,1504,0.1388
1017,488,1505,0.1388
1011,497,1508,0.1388
1016,498,1514,0.1388
1009,496,1505,0.1388
1007,485,1492,0.1388
1018,485,1503,0.1388
1014,489,1503,0.1388
1018,492,1510,0.1388
1009,489,1498,0.1388
1004,493,1497,0.1388
1011,494,1505,0.1388
1005,494,1499,0.1388
1004,499,1503,0.1388
1003,501,1504,0.1388
1011,495,1506,0.1388
1020,495,1515,0.1388
1014,502,1516,0.1388
994,500,1494,0.1388
993,511,1504,0.1388
986,514,1500,0.1388
981,518,1499,0.1388
977,525,1502,0.1388
973,523,1496,0.1388
983,519,1502,0.1388
993,515,1508,0.1388
993,508,1501,0.1388
988,513,1501,0.1388
991,514,1505,0.1388
982,514,1496,0.1388
989,511,1500,0.1388
985,515,1500,0.1388
983,519,1502,0.1388
977,522,1499,0.1388
984,530,1514,0.1388
980,533,1513,0.1388
971,542,1513,0.1388
969,542,1511,0.1388
958,539,1497,0.1388
959,537,1496,0.1388
968,531,1499,0.1388
976,529,1505,0.1388
985,530,1515,0.1388
974,528,1502,0.1388
972,532,1504,0.1388
969,530,1499,0.1388
970,532,1502,0.1388
968,535,1503,0.1388
960,542,1502,0.1388
954,528,1482,0.1388
967,535,1502,0.1388
969,535,1504,0.1388
964,535,1499,0.1388
966,550,1516,0.1388
961,548,1509,0.1388
961,547,1508,0.1388
958,546,1504,0.1388
957,549,1506,0.1388
952,541,1493,0.1388
941,550,1491,0.1388
935,557,1492,0.1388
936,561,1497,0.1388
933,561,1494,0.1388
931,561,1492,0.1388
946,559,1505,0.1388
938,562,1500,0.1388
942,562,1504,0.1388
949,556,1505,0.1388
952,553,1505,0.1388
946,555,1501,0.1388
939,558,1497,0.1388
924,563,1487,0.1388
927,569,1496,0.1388
930,571,1501,0.1388
927,569,1496,0.1388
928,571,1499,0.1388
919,579,1498,0.1388
920,589,1509,0.1388
921,593,1514,0.1388
910,586,1496,0.1388
913,592,1505,0.1388
928,592,1520,0.1388
918,598,1516,0.1388
912,587,1499,0.1388
915,581,1496,0.1388
921,578,1499,0.1388
913,586,1499,0.1388
906,599,1505,0.1388
900,592,1492,0.1388
902,601,1503,0.1388
896,600,1496,0.1388
896,604,1500,0.1388
886,601,1487,0.1388
889,606,1495,0.1388
897,606,1503,0.1388
900,606,1506,0.1388
903,607,1510,0.1388
896,601,1497,0.1388
894,598,1492,0.1388
902,596,1498,0.1388
897,605,1502,0.1388
898,602,1500,0.1388
900,601,1501,0.1388
894,610,1504,0.1388
894,610,1504,0.1388
892,608,1500,0.1388
900,605,1505,0.1388
905,601,1506,0.1388
891,603,1494,0.1388
898,604,1502,0.1388
896,600,1496,0.1388
897,602,1499,0.1388
898,611,1509,0.1388
899,616,1515,0.1388
895,614,1509,0.1388
894,613,1507,0.1388
891,611,1502,0.1388
888,610,1498,0.1388
896,610,1506,0.1388
881,607,1488,0.1388
868,611,1479,0.1388
876,607,1483,0.1388
882,612,1494,0.1388
884,614,1498,0.1388
885,617,1502,0.1388
878,619,1497,0.1388
881,621,1502,0.1388
872,609,1481,0.1388
882,615,1497,0.1388
882,617,1499,0.1388
887,617,1504,0.1388
885,613,1498,0.1388
880,619,1499,0.1388
875,624,1499,0.1388
865,628,1493,0.1388
866,623,1489,0.1388
865,624,1489,0.1388
860,626,1486,0.1388
864,631,1495,0.1388
869,632,1501,0.1388
868,631,1499,0.1388
871,631,1502,0.1388
874,631,1505,0.1388
872,633,1505,0.1388
876,637,1513,0.1388
868,637,1505,0.1388
861,640,1501,0.1388
854,645,1499,0.1388
852,644,1496,0.1388
867,650,1517,0.1388
870,653,1523,0.1388
864,651,1515,0.1388
864,647,1511,0.1388
868,654,1522,0.1388
851,655,1506,0.1388
838,660,1498,0.1388
838,655,1493,0.1388
837,661,1498,0.1388
840,666,1506,0.1388
847,670,1517,0.1388
844,674,1518,0.1388
853,673,1526,0.1388
850,676,1526,0.1388
848,665,1513,0.1388
850,669,1519,0.1388
843,676,1519,0.1388
834,682,1516,0.1388
828,682,1510,0.1388
840,689,1529,0.1388
836,679,1515,0.1388
828,682,1510,0.1388
825,678,1503,0.1388
817,674,1491,0.1388
822,667,1489,0.1388
830,667,1497,0.1388
829,668,1497,0.1388
837,679,1516,0.1388
834,674,1508,0.1388
812,678,1490,0.1388
826,690,1516,0.1388
828,684,1512,0.1388
832,681,1513,0.1388
835,680,1515,0.1388
826,676,1502,0.1388
826,677,1503,0.1388
823,677,1500,0.1388
822,685,1507,0.1388
823,687,1510,0.1388
832,686,1518,0.1388
823,688,1511,0.1388
824,690,1514,0.1388
819,692,1511,0.1388
813,697,1510,0.1388
818,691,1509,0.1388
820,696,1516,0.1388
825,696,1521,0.1388
824,708,1532,0.1388
816,701,1517,0.1388
819,697,1516,0.1388
814,689,1503,0.1388
808,694,1502,0.1388
812,696,1508,0.1388
812,691,1503,0.1388
807,696,1503,0.1388
819,688,1507,0.1388
812,692,1504,0.1388
808,696,1504,0.1388
811,692,1503,0.1388
815,689,1504,0.1388
810,693,1503,0.1388
812,702,1514,0.1388
815,696,1511,0.1388
822,701,1523,0.1388
812,693,1505,0.1388
803,692,1495,0.1388
799,697,1496,0.1388
810,692,1502,0.1388
802,696,1498,0.1388
806,688,1494,0.1388
809,687,1496,0.1388
803,690,1493,0.1388
802,685,1487,0.1388
800,691,1491,0.1388
815,699,1514,0.1388
810,699,1509,0.1388
810,702,1512,0.1388
812,697,1509,0.1388
810,695,1505,0.1388
800,696,1496,0.1388
803,697,1500,0.1388
795,698,1493,0.1388
803,707,1510,0.1388
804,711,1515,0.1388
795,712,1507,0.1388
809,711,1520,0.1388
815,707,1522,0.1388
797,702,1499,0.1388
793,710,1503,0.1388
794,711,1505,0.1388
793,709,1502,0.1388
791,699,1490,0.1388
784,705,1489,0.1388
786,716,1502,0.1388
779,727,1506,0.1388
780,722,1502,0.1388
773,730,1503,0.1388
772,727,1499,0.1388
764,724,1488,0.1388
772,723,1495,0.1388
773,715,1488,0.1388
775,714,1489,0.1388
772,716,1488,0.1388
777,714,1491,0.1388
777,717,1494,0.1388
780,728,1508,0.1388
787,726,1513,0.1388
789,723,1512,0.1388
782,720,1502,0.1388
765,726,1491,0.1388
776,723,1499,0.1388
770,716,1486,0.1388
773,729,1502,0.1388
779,721,1500,0.1388
775,722,1497,0.1388
780,721,1501,0.1388
778,720,1498,0.1388
782,715,1497,0.1388
789,717,1506,0.1388
783,722,1505,0.1388
778,718,1496,0.1388
769,716,1485,0.1388
768,721,1489,0.1388
763,725,1488,0.1388
767,725,1492,0.1388
766,733,1499,0.1388
771,733,1504,0.1388
765,733,1498,0.1388
769,736,1505,0.1388
774,736,1510,0.1388
763,738,1501,0.1388
759,744,1503,0.1388
759,733,1492,0.1388
760,733,1493,0.1388
759,730,1489,0.1388
770,727,1497,0.1388
770,723,1493,0.1388
766,726,1492,0.1388
771,728,1499,0.1388
768,733,1501,0.1388
778,735,1513,0.1388
768,734,1502,0.1388
769,733,1502,0.1388
769,738,1507,0.1388
773,743,1516,0.1388
773,736,1509,0.1388
779,741,1520,0.1388
771,739,1510,0.1388
771,745,1516,0.1388
761,742,1503,0.1388
764,742,1506,0.1388
757,753,1510,0.1388
756,751,1507,0.1388
757,755,1512,0.1388
755,762,1517,0.1388
760,768,1528,0.1388
752,768,1520,0.1388
748,772,1520,0.1388
745,762,1507,0.1388
746,755,1501,0.1388
742,763,1505,0.1388
742,770,1512,0.1388
741,784,1525,0.1388
739,782,1521,0.1388
735,777,1512,0.1388
745,773,1518,0.1388
727,766,1493,0.1388
723,785,1508,0.1388
726,779,1505,0.1388
724,780,1504,0.1388
720,777,1497,0.1388
724,779,1503,0.1388
726,786,1512,0.1388
726,784,1510,0.1388
730,782,1512,0.1388
731,781,1512,0.1388
730,784,1514,0.1388
729,778,1507,0.1388
729,776,1505,0.1388
729,775,1504,0.1388
728,779,1507,0.1388
729,773,1502,0.1388
724,781,1505,0.1388
734,781,1515,0.1388
725,786,1511,0.1388
727,779,1506,0.1388
726,772,1498,0.1388
742,774,1516,0.1388
735,773,1508,0.1388
731,767,1498,0.1388
732,774,1506,0.1388
730,771,1501,0.1388
736,768,1504,0.1388
737,762,1499,0.1388
735,766,1501,0.1388
735,767,1502,0.1388
728,773,1501,0.1388
730,780,1510,0.1388
733,780,1513,0.1388
734,781,1515,0.1388
736,782,1518,0.1388
738,783,1521,0.1388
733,790,1523,0.1388
732,792,1524,0.1388
733,779,1512,0.1388
736,792,1528,0.1388
742,782,1524,0.1388
733,772,1505,0.1388
733,774,1507,0.1388
733,759,1492,0.1388
735,756,1491,0.1388
741,750,1491,0.1388
744,757,1501,0.1388
753,759,1512,0.1388
749,760,1509,0.1388
754,765,1519,0.1388
754,757,1511,0.1388
745,743,1488,0.1388
741,749,1490,0.1388
741,747,1488,0.1388
740,749,1489,0.1388
746,761,1507,0.1388
748,754,1502,0.1388
735,763,1498,0.1388
747,768,1515,0.1388
741,771,1512,0.1388
740,767,1507,0.1388
732,772,1504,0.1388
737,775,1512,0.1388
736,776,1512,0.1388
743,764,1507,0.1388
745,764,1509,0.1388
737,769,1506,0.1388
743,763,1506,0.1388
736,776,1512,0.1388
745,772,1517,0.1388
743,775,1518,0.1388
746,771,1517,0.1388
744,773,1517,0.1388
735,780,1515,0.1388
724,776,1500,0.1388
727,770,1497,0.1388
729,776,1505,0.1388
722,780,1502,0.1388
727,775,1502,0.1388
736,772,1508,0.1388
737,768,1505,0.1388
734,776,1510,0.1388
735,771,1506,0.1388
733,772,1505,0.1388
734,772,1506,0.1388
749,764,1513,0.1388
738,767,1505,0.1388
730,768,1498,0.1388
739,764,1503,0.1388
742,774,1516,0.1388
748,775,1523,0.1388
746,766,1512,0.1388
733,772,1505,0.1388
729,770,1499,0.1388
732,775,1507,0.1388
738,782,1520,0.1388
745,779,1524,0.1388
745,780,1525,0.1388
743,778,1521,0.1388
751,765,1516,0.1388
736,773,1509,0.1388
732,767,1499,0.1388
721,781,1502,0.1388
726,794,1520,0.1388
711,793,1504,0.1388
725,790,1515,0.1388
726,782,1508,0.1388
717,790,1507,0.1388
720,789,1509,0.1388
712,781,1493,0.1388
711,786,1497,0.1388
716,776,1492,0.1388
722,776,1498,0.1388
717,777,1494,0.1388
719,777,1496,0.1388
720,783,1503,0.1388
719,780,1499,0.1388
710,780,1490,0.1388
728,788,1516,0.1388
718,794,1512,0.1388
719,795,1514,0.1388
715,779,1494,0.1388
727,777,1504,0.1388
733,788,1521,0.1388
726,778,1504,0.1388
719,764,1483,0.1388
722,776,1498,0.1388
722,773,1495,0.1388
726,778,1504,0.1388
728,781,1509,0.1388
719,779,1498,0.1388
716,782,1498,0.1388
707,787,1494,0.1388
704,790,1494,0.1388
700,795,1495,0.1388
702,802,1504,0.1388
709,802,1511,0.1388
705,820,1525,0.1388
696,822,1518,0.1388
698,822,1520,0.1388
698,822,1520,0.1388
694,817,1511,0.1388
691,824,1515,0.1388
685,824,1509,0.1388
688,825,1513,0.1388
687,830,1517,0.1388
689,826,1515,0.1388
686,829,1515,0.1388
682,828,1510,0.1388
684,826,1510,0.1388
677,827,1504,0.1388
678,836,1514,0.1388
687,830,1517,0.1388
684,818,1502,0.1388
685,824,1509,0.1388
683,825,1508,0.1388
671,825,1496,0.1388
672,829,1501,0.1388
664,831,1495,0.1388
660,835,1495,0.1388
661,836,1497,0.1388
664,844,1508,0.1388
661,845,1506,0.1388
653,848,1501,0.1388
651,848,1499,0.1388
650,860,1510,0.1388
645,867,1512,0.1388
643,869,1512,0.1388
646,870,1516,0.1388
645,867,1512,0.1388
639,864,1503,0.1388
642,863,1505,0.1388
639,861,1500,0.1388
635,860,1495,0.1388
636,864,1500,0.1388
638,855,1493,0.1388
637,854,1491,0.1388
623,859,1482,0.1388
617,859,1476,0.1388
620,867,1487,0.1388
619,874,1493,0.1388
607,887,1494,0.1388
616,887,1503,0.1388
622,886,1508,0.1388
622,882,1504,0.1388
617,887,1504,0.1388
613,893,1506,0.1388
615,899,1514,0.1388
614,898,1512,0.1388
612,890,1502,0.1388
607,899,1506,0.1388
602,898,1500,0.1388
597,902,1499,0.1388
599,901,1500,0.1388
599,889,1488,0.1388
592,894,1486,0.1388
593,898,1491,0.1388
601,899,1500,0.1388
605,899,1504,0.1388
593,905,1498,0.1388
605,906,1511,0.1388
596,915,1511,0.1388
595,914,1509,0.1388
592,912,1504,0.1388
601,920,1521,0.1388
606,912,1518,0.1388
602,912,1514,0.1388
600,910,1510,0.1388
599,907,1506,0.1388
591,906,1497,0.1388
596,901,1497,0.1388
597,908,1505,0.1388
603,906,1509,0.1388
608,903,1511,0.1388
599,903,1502,0.1388
599,903,1502,0.1388
608,912,1520,0.1388
608,912,1520,0.1388
616,916,1532,0.1388
616,909,1525,0.1388
616,914,1530,0.1388
613,900,1513,0.1388
612,906,1518,0.1388
612,910,1522,0.1388
606,926,1532,0.1388
603,917,1520,0.1388
595,911,1506,0.1388
589,925,1514,0.1388
590,929,1519,0.1388
585,930,1515,0.1388
574,932,1506,0.1388
574,918,1492,0.1388
565,929,1494,0.1388
559,929,1488,0.1388
551,944,1495,0.1388
550,952,1502,0.1388
541,963,1504,0.1388
536,945,1481,0.1388
542,946,1488,0.1388
549,944,1493,0.1388
550,951,1501,0.1388
548,951,1499,0.1388
541,950,1491,0.1388
538,952,1490,0.1388
541,961,1502,0.1388
544,970,1514,0.1388
544,977,1521,0.1388
541,977,1518,0.1388
543,971,1514,0.1388
543,965,1508,0.1388
542,974,1516,0.1388
546,979,1525,0.1388
548,959,1507,0.1388
538,963,1501,0.1388
538,970,1508,0.1388
538,965,1503,0.1388
532,955,1487,0.1388
535,963,1498,0.1388
532,967,1499,0.1388
545,965,1510,0.1388
542,956,1498,0.1388
552,958,1510,0.1388
556,953,1509,0.1388
550,962,1512,0.1388
553,959,1512,0.1388
543,955,1498,0.1388
551,963,1514,0.1388
547,970,1517,0.1388
551,965,1516,0.1388
561,966,1527,0.1388
556,957,1513,0.1388
559,965,1524,0.1388
565,953,1518,0.1388
562,951,1513,0.1388
553,948,1501,0.1388
558,956,1514,0.1388
550,946,1496,0.1388
550,946,1496,0.1388
539,947,1486,0.1388
541,950,1491,0.1388
545,955,1500,0.1388
546,954,1500,0.1388
549,966,1515,0.1388
547,961,1508,0.1388
546,970,1516,0.1388
547,968,1515,0.1388
541,967,1508,0.1388
538,966,1504,0.1388
536,967,1503,0.1388
534,979,1513,0.1388
543,978,1521,0.1388
544,983,1527,0.1388
539,986,1525,0.1388
540,994,1534,0.1388
535,982,1517,0.1388
535,977,1512,0.1388
542,972,1514,0.1388
537,968,1505,0.1388
538,966,1504,0.1388
541,971,1512,0.1388
540,971,1511,0.1388
539,970,1509,0.1388
533,974,1507,0.1388
534,981,1515,0.1388
522,977,1499,0.1388
520,986,1506,0.1388
519,989,1508,0.1388
516,1000,1516,0.1388
519,1005,1524,0.1388
518,1002,1520,0.1388
529,997,1526,0.1388
525,994,1519,0.1388
519,991,1510,0.1388
514,988,1502,0.1388
518,977,1495,0.1388
521,979,1500,0.1388
522,978,1500,0.1388
524,975,1499,0.1388
526,977,1503,0.1388
525,981,1506,0.1388
517,983,1500,0.1388
520,985,1505,0.1388
521,979,1500,0.1388
530,974,1504,0.1388
527,980,1507,0.1388
517,994,1511,0.1388
522,1006,1528,0.1388
522,999,1521,0.1388
516,995,1511,0.1388
516,997,1513,0.1388
513,996,1509,0.1388
513,995,1508,0.1388
513,987,1500,0.1388
513,996,1509,0.1388
510,995,1505,0.1388
500,984,1484,0.1388
501,993,1494,0.1388
505,1005,1510,0.1388
503,1017,1520,0.1388
500,1002,1502,0.1388
506,1007,1513,0.1388
504,1014,1518,0.1388
499,1013,1512,0.1388
497,1008,1505,0.1388
492,1007,1499,0.1388
488,1013,1501,0.1388
493,1031,1524,0.1388
495,1030,1525,0.1388
494,1020,1514,0.1388
491,1007,1498,0.1388
488,1008,1496,0.1388
488,1017,1505,0.1388
481,1027,1508,0.1388
485,1033,1518,0.1388
481,1029,1510,0.1388
480,1033,1513,0.1388
477,1036,1513,0.1388
469,1036,1505,0.1388
464,1041,1505,0.1388
467,1031,1498,0.1388
469,1038,1507,0.1388
477,1029,1506,0.1388
469,1030,1499,0.1388
470,1030,1500,0.1388
474,1034,1508,0.1388
473,1034,1507,0.1388
474,1043,1517,0.1388
468,1039,1507,0.1388
464,1035,1499,0.1388
465,1050,1515,0.1388
452,1044,1496,0.1388
446,1054,1500,0.1388
445,1048,1493,0.1388
440,1052,1492,0.1388
443,1048,1491,0.1388
446,1062,1508,0.1388
444,1061,1505,0.1388
449,1054,1503,0.1388
456,1054,1510,0.1388
458,1057,1515,0.1388
460,1054,1514,0.1388
463,1056,1519,0.1388
467,1048,1515,0.1388
467,1046,1513,0.1388
465,1042,1507,0.1388
464,1051,1515,0.1388
464,1049,1513,0.1388
463,1051,1514,0.1388
459,1051,1510,0.1388
452,1063,1515,0.1388
447,1068,1515,0.1388
447,1074,1521,0.1388
443,1057,1500,0.1388
448,1049,1497,0.1388
445,1052,1497,0.1388
448,1061,1509,0.1388
449,1053,1502,0.1388
444,1059,1503,0.1388
448,1072,1520,0.1388
448,1073,1521,0.1388
450,1078,1528,0.1388
451,1076,1527,0.1388
441,1080,1521,0.1388
446,1077,1523,0.1388
435,1081,1516,0.1388
428,1080,1508,0.1388
430,1078,1508,0.1388
426,1083,1509,0.1388
421,1084,1505,0.1388
432,1089,1521,0.1388
435,1089,1524,0.1388
431,1092,1523,0.1388
430,1085,1515,0.1388
432,1089,1521,0.1388
433,1089,1522,0.1388
432,1073,1505,0.1388
432,1077,1509,0.1388
429,1072,1501,0.1388
426,1069,1495,0.1388
421,1070,1491,0.1388
423,1088,1511,0.1388
429,1093,1522,0.1388
430,1087,1517,0.1388
426,1089,1515,0.1388
414,1090,1504,0.1388
416,1102,1518,0.1388
409,1096,1505,0.1388
405,1097,1502,0.1388
411,1102,1513,0.1388
410,1104,1514,0.1388
410,1108,1518,0.1388
406,1109,1515,0.1388
402,1108,1510,0.1388
402,1108,1510,0.1388
401,1103,1504,0.1388
397,1110,1507,0.1388
403,1106,1509,0.1388
401,1106,1507,0.1388
401,1120,1521,0.1388
398,1120,1518,0.1388
396,1122,1518,0.1388
395,1129,1524,0.1388
394,1129,1523,0.1388
388,1134,1522,0.1388
392,1125,1517,0.1388
387,1133,1520,0.1388
388,1119,1507,0.1388
390,1125,1515,0.1388
386,1126,1512,0.1388
378,1129,1507,0.1388
378,1142,1520,0.1388
380,1143,1523,0.1388
373,1133,1506,0.1388
369,1137,1506,0.1388
373,1150,1523,0.1388
368,1147,1515,0.1388
369,1139,1508,0.1388
373,1144,1517,0.1388
364,1147,1511,0.1388
360,1141,1501,0.1388
366,1152,1518,0.1388
367,1145,1512,0.1388
369,1143,1512,0.1388
365,1144,1509,0.1388
357,1152,1509,0.1388
358,1158,1516,0.1388
358,1148,1506,0.1388
364,1135,1499,0.1388
359,1148,1507,0.1388
354,1147,1501,0.1388
358,1148,1506,0.1388
357,1149,1506,0.1388
353,1153,1506,0.1388
355,1162,1517,0.1388
347,1167,1514,0.1388
350,1167,1517,0.1388
345,1166,1511,0.1388
344,1171,1515,0.1388
350,1157,1507,0.1388
351,1176,1527,0.1388
348,1176,1524,0.1388
348,1176,1524,0.1388
338,1174,1512,0.1388
343,1173,1516,0.1388
346,1176,1522,0.1388
340,1182,1522,0.1388
342,1181,1523,0.1388
339,1176,1515,0.1388
337,1169,1506,0.1388
336,1172,1508,0.1388
335,1170,1505,0.1388
333,1179,1512,0.1388
338,1160,1498,0.1388
340,1151,1491,0.1388
337,1163,1500,0.1388
338,1169,1507,0.1388
345,1170,1515,0.1388
342,1166,1508,0.1388
344,1168,1512,0.1388
347,1158,1505,0.1388
349,1161,1510,0.1388
347,1149,1496,0.1388
352,1156,1508,0.1388
364,1150,1514,0.1388
364,1147,1511,0.1388
355,1151,1506,0.1388
355,1149,1504,0.1388
355,1151,1506,0.1388
355,1168,1523,0.1388
354,1157,1511,0.1388
348,1164,1512,0.1388
353,1161,1514,0.1388
354,1152,1506,0.1388
355,1158,1513,0.1388
355,1169,1524,0.1388
352,1156,1508,0.1388
350,1155,1505,0.1388
350,1159,1509,0.1388
342,1169,1511,0.1388
341,1162,1503,0.1388
341,1164,1505,0.1388
341,1182,1523,0.1388
343,1168,1511,0.1388
348,1164,1512,0.1388
345,1162,1507,0.1388
348,1167,1515,0.1388
342,1161,1503,0.1388
344,1166,1510,0.1388
342,1170,1512,0.1388
343,1173,1516,0.1388
348,1166,1514,0.1388
348,1158,1506,0.1388
343,1166,1509,0.1388
341,1165,1506,0.1388
342,1172,1514,0.1388
335,1168,1503,0.1388
335,1156,1491,0.1388
330,1162,1492,0.1388
332,1166,1498,0.1388
337,1167,1504,0.1388
341,1156,1497,0.1388
338,1163,1501,0.1388
336,1166,1502,0.1388
333,1163,1496,0.1388
325,1157,1482,0.1388
319,1173,1492,0.1388
314,1172,1486,0.1388
317,1165,1482,0.1388
323,1167,1490,0.1388
329,1169,1498,0.1388
329,1177,1506,0.1388
323,1180,1503,0.1388
322,1185,1507,0.1388
322,1185,1507,0.1388
319,1188,1507,0.1388
324,1196,1520,0.1388
330,1199,1529,0.1388
325,1195,1520,0.1388
317,1190,1507,0.1388
326,1206,1532,0.1388
324,1203,1527,0.1388
322,1207,1529,0.1388
317,1201,1518,0.1388
311,1193,1504,0.1388
313,1198,1511,0.1388
313,1204,1517,0.1388
318,1203,1521,0.1388
316,1200,1516,0.1388
313,1191,1504,0.1388
311,1186,1497,0.1388
313,1191,1504,0.1388
311,1193,1504,0.1388
311,1208,1519,0.1388
309,1204,1513,0.1388
306,1200,1506,0.1388
308,1190,1498,0.1388
310,1194,1504,0.1388
316,1192,1508,0.1388
313,1194,1507,0.1388
309,1200,1509,0.1388
303,1204,1507,0.1388
307,1205,1512,0.1388
303,1199,1502,0.1388
305,1212,1517,0.1388
302,1215,1517,0.1388
304,1202,1506,0.1388
296,1215,1511,0.1388
291,1208,1499,0.1388
282,1209,1491,0.1388
280,1206,1486,0.1388
276,1225,1501,0.1388
273,1229,1502,0.1388
271,1240,1511,0.1388
268,1250,1518,0.1388
277,1253,1530,0.1388
272,1241,1513,0.1388
272,1249,1521,0.1388
273,1249,1522,0.1388
277,1250,1527,0.1388
271,1235,1506,0.1388
271,1236,1507,0.1388
272,1243,1515,0.1388
264,1251,1515,0.1388
260,1258,1518,0.1388
259,1258,1517,0.1388
255,1251,1506,0.1388
252,1257,1509,0.1388
248,1255,1503,0.1388
244,1267,1511,0.1388
245,1251,1496,0.1388
239,1256,1495,0.1388
242,1259,1501,0.1388
246,1263,1509,0.1388
246,1261,1507,0.1388
246,1264,1510,0.1388
246,1266,1512,0.1388
248,1267,1515,0.1388
250,1264,1514,0.1388
249,1258,1507,0.1388
247,1266,1513,0.1388
250,1258,1508,0.1388
250,1275,1525,0.1388
247,1271,1518,0.1388
247,1279,1526,0.1388
246,1274,1520,0.1388
242,1278,1520,0.1388
243,1272,1515,0.1388
244,1266,1510,0.1388
242,1254,1496,0.1388
241,1271,1512,0.1388
242,1265,1507,0.1388
243,1271,1514,0.1388
242,1274,1516,0.1388
248,1270,1518,0.1388
242,1276,1518,0.1388
242,1270,1512,0.1388
239,1282,1521,0.1388
237,1284,1521,0.1388
233,1281,1514,0.1388
228,1282,1510,0.1388
232,1284,1516,0.1388
226,1290,1516,0.1388
223,1290,1513,0.1388
223,1298,1521,0.1388
219,1291,1510,0.1388
224,1294,1518,0.1388
230,1287,1517,0.1388
224,1286,1510,0.1388
223,1284,1507,0.1388
220,1296,1516,0.1388
220,1299,1519,0.1388
220,1295,1515,0.1388
222,1293,1515,0.1388
222,1296,1518,0.1388
222,1298,1520,0.1388
222,1310,1532,0.1388
220,1314,1534,0.1388
216,1317,1533,0.1388
216,1300,1516,0.1388
218,1291,1509,0.1388
211,1285,1496,0.1388
210,1299,1509,0.1388
216,1302,1518,0.1388
214,1303,1517,0.1388
213,1309,1522,0.1388
212,1313,1525,0.1388
209,1318,1527,0.1388
209,1322,1531,0.1388
205,1316,1521,0.1388
207,1310,1517,0.1388
210,1294,1504,0.1388
206,1307,1513,0.1388
201,1305,1506,0.1388
191,1319,1510,0.1388
194,1325,1519,0.1388
191,1319,1510,0.1388
189,1317,1506,0.1388
188,1310,1498,0.1388
194,1305,1499,0.1388
193,1310,1503,0.1388
194,1315,1509,0.1388
195,1306,1501,0.1388
191,1317,1508,0.1388
190,1324,1514,0.1388
193,1322,1515,0.1388
194,1321,1515,0.1388
196,1326,1522,0.1388
195,1315,1510,0.1388
193,1318,1511,0.1388
195,1322,1517,0.1388
194,1321,1515,0.1388
193,1320,1513,0.1388
189,1315,1504,0.1388
191,1315,1506,0.1388
192,1323,1515,0.1388
192,1320,1512,0.1388
192,1321,1513,0.1388
197,1309,1506,0.1388
199,1324,1523,0.1388
195,1328,1523,0.1388
194,1314,1508,0.1388
190,1307,1497,0.1388
188,1306,1494,0.1388
192,1303,1495,0.1388
193,1302,1495,0.1388
196,1302,1498,0.1388
199,1292,1491,0.1388
200,1311,1511,0.1388
198,1315,1513,0.1388
197,1314,1511,0.1388
203,1312,1515,0.1388
199,1309,1508,0.1388
201,1306,1507,0.1388
202,1293,1495,0.1388
205,1298,1503,0.1388
208,1304,1512,0.1388
199,1310,1509,0.1388
196,1312,1508,0.1388
196,1296,1492,0.1388
202,1293,1495,0.1388
199,1299,1498,0.1388
202,1299,1501,0.1388
199,1303,1502,0.1388
202,1314,1516,0.1388
203,1303,1506,0.1388
198,1303,1501,0.1388
192,1312,1504,0.1388
194,1316,1510,0.1388
192,1318,1510,0.1388
191,1322,1513,0.1388
192,1313,1505,0.1388
198,1309,1507,0.1388
197,1308,1505,0.1388
199,1313,1512,0.1388
195,1312,1507,0.1388
190,1316,1506,0.1388
191,1315,1506,0.1388
190,1316,1506,0.1388
192,1311,1503,0.1388
193,1318,1511,0.1388
192,1324,1516,0.1388
194,1302,1496,0.1388
195,1312,1507,0.1388
193,1306,1499,0.1388
194,1331,1525,0.1388
195,1323,1518,0.1388
194,1322,1516,0.1388
190,1331,1521,0.1388
192,1314,1506,0.1388
193,1324,1517,0.1388
192,1337,1529,0.1388
189,1342,1531,0.1388
190,1338,1528,0.1388
191,1325,1516,0.1388
190,1328,1518,0.1388
188,1331,1519,0.1388
194,1326,1520,0.1388
194,1330,1524,0.1388
191,1311,1502,0.1388
190,1318,1508,0.1388
189,1330,1519,0.1388
190,1325,1515,0.1388
188,1321,1509,0.1388
195,1324,1519,0.1388
196,1306,1502,0.1388
198,1310,1508,0.1388
199,1318,1517,0.1388
196,1313,1509,0.1388
193,1314,1507,0.1388
192,1320,1512,0.1388
188,1344,1532,0.1388
189,1344,1533,0.1388
190,1344,1534,0.1388
187,1340,1527,0.1388
186,1331,1517,0.1388
182,1320,1502,0.1388
180,1323,1503,0.1388
179,1323,1502,0.1388
180,1326,1506,0.1388
182,1320,1502,0.1388
181,1320,1501,0.1388
181,1324,1505,0.1388
178,1341,1519,0.1388
176,1332,1508,0.1388
183,1322,1505,0.1388
184,1328,1512,0.1388
181,1329,1510,0.1388
178,1333,1511,0.1388
179,1327,1506,0.1388
172,1325,1497,0.1388
169,1336,1505,0.1388
166,1338,1504,0.1388
163,1336,1499,0.1388
157,1334,1491,0.1388
158,1335,1493,0.1388
159,1342,1501,0.1388
159,1348,1507,0.1388
159,1348,1507,0.1388
159,1345,1504,0.1388
158,1359,1517,0.1388
159,1355,1514,0.1388
158,1349,1507,0.1388
159,1346,1505,0.1388
153,1346,1499,0.1388
153,1346,1499,0.1388
153,1353,1506,0.1388
153,1362,1515,0.1388
157,1358,1515,0.1388
153,1370,1523,0.1388
157,1369,1526,0.1388
156,1359,1515,0.1388
157,1361,1518,0.1388
157,1365,1522,0.1388
159,1346,1505,0.1388
157,1357,1514,0.1388
154,1360,1514,0.1388
149,1366,1515,0.1388
147,1365,1512,0.1388
145,1359,1504,0.1388
144,1361,1505,0.1388
145,1359,1504,0.1388
148,1365,1513,0.1388
147,1369,1516,0.1388
147,1364,1511,0.1388
146,1359,1505,0.1388
147,1362,1509,0.1388
146,1373,1519,0.1388
145,1368,1513,0.1388
144,1371,1515,0.1388
142,1373,1515,0.1388
146,1373,1519,0.1388
146,1369,1515,0.1388
142,1369,1511,0.1388
149,1374,1523,0.1388
147,1369,1516,0.1388
145,1383,1528,0.1388
147,1373,1520,0.1388
147,1365,1512,0.1388
149,1368,1517,0.1388
153,1366,1519,0.1388
154,1357,1511,0.1388
151,1367,1518,0.1388
153,1363,1516,0.1388
150,1366,1516,0.1388
149,1363,1512,0.1388
149,1367,1516,0.1388
146,1357,1503,0.1388
148,1359,1507,0.1388
153,1358,1511,0.1388
156,1366,1522,0.1388
160,1356,1516,0.1388
157,1355,1512,0.1388
157,1356,1513,0.1388
154,1358,1512,0.1388
155,1364,1519,0.1388
156,1374,1530,0.1388
153,1371,1524,0.1388
153,1360,1513,0.1388
158,1363,1521,0.1388
158,1364,1522,0.1388
158,1364,1522,0.1388
156,1357,1513,0.1388
154,1357,1511,0.1388
156,1365,1521,0.1388
161,1359,1520,0.1388
159,1370,1529,0.1388
159,1377,1536,0.1388
156,1364,1520,0.1388
156,1359,1515,0.1388
159,1354,1513,0.1388
156,1363,1519,0.1388
154,1356,1510,0.1388
153,1350,1503,0.1388
155,1362,1517,0.1388
158,1359,1517,0.1388
159,1360,1519,0.1388
160,1371,1531,0.1388
160,1353,1513,0.1388
160,1344,1504,0.1388
160,1356,1516,0.1388
157,1353,1510,0.1388
157,1362,1519,0.1388
159,1361,1520,0.1388
159,1367,1526,0.1388
156,1366,1522,0.1388
156,1356,1512,0.1388
158,1342,1500,0.1388
156,1343,1499,0.1388
163,1350,1513,0.1388
163,1357,1520,0.1388
159,1348,1507,0.1388
154,1344,1498,0.1388
154,1352,1506,0.1388
153,1351,1504,0.1388
159,1352,1511,0.1388
158,1363,1521,0.1388
157,1353,1510,0.1388
160,1358,1518,0.1388
156,1365,1521,0.1388
157,1364,1521,0.1388
160,1361,1521,0.1388
159,1373,1532,0.1388
157,1359,1516,0.1388
150,1351,1501,0.1388
147,1359,1506,0.1388
148,1362,1510,0.1388
149,1359,1508,0.1388
151,1356,1507,0.1388
153,1359,1512,0.1388
151,1363,1514,0.1388
151,1360,1511,0.1388
148,1366,1514,0.1388
147,1369,1516,0.1388
141,1382,1523,0.1388
138,1377,1515,0.1388
135,1381,1516,0.1388
141,1381,1522,0.1388
142,1379,1521,0.1388
140,1367,1507,0.1388
143,1366,1509,0.1388
147,1359,1506,0.1388
151,1358,1509,0.1388
153,1363,1516,0.1388
152,1368,1520,0.1388
151,1370,1521,0.1388
150,1372,1522,0.1388
154,1385,1539,0.1388
150,1378,1528,0.1388
148,1369,1517,0.1388
153,1367,1520,0.1388
153,1356,1509,0.1388
154,1362,1516,0.1388
155,1371,1526,0.1388
152,1358,1510,0.1388
152,1351,1503,0.1388
155,1352,1507,0.1388
158,1365,1523,0.1388
159,1371,1530,0.1388
160,1358,1518,0.1388
160,1366,1526,0.1388
159,1364,1523,0.1388
155,1371,1526,0.1388
157,1365,1522,0.1388
155,1367,1522,0.1388
150,1363,1513,0.1388
151,1354,1505,0.1388
149,1368,1517,0.1388
150,1364,1514,0.1388
145,1367,1512,0.1388
143,1370,1513,0.1388
144,1371,1515,0.1388
143,1369,1512,0.1388
147,1367,1514,0.1388
144,1371,1515,0.1388
141,1362,1503,0.1388
142,1359,1501,0.1388
140,1363,1503,0.1388
140,1367,1507,0.1388
138,1376,1514,0.1388
141,1376,1517,0.1388
137,1383,1520,0.1388
136,1382,1518,0.1388
136,1374,1510,0.1388
135,1382,1517,0.1388
133,1382,1515,0.1388
134,1379,1513,0.1388
134,1383,1517,0.1388
132,1374,1506,0.1388
133,1375,1508,0.1388
134,1368,1502,0.1388
130,1384,1514,0.1388
131,1371,1502,0.1388
130,1357,1487,0.1388
132,1371,1503,0.1388
134,1366,1500,0.1388
131,1376,1507,0.1388
127,1377,1504,0.1388
130,1383,1513,0.1388
128,1387,1515,0.1388
128,1396,1524,0.1388
129,1394,1523,0.1388
125,1393,1518,0.1388
127,1400,1527,0.1388
127,1399,1526,0.1388
124,1396,1520,0.1388
125,1385,1510,0.1388
124,1391,1515,0.1388
122,1392,1514,0.1388
121,1398,1519,0.1388
120,1394,1514,0.1388
120,1398,1518,0.1388
118,1400,1518,0.1388
114,1401,1515,0.1388
117,1401,1518,0.1388
117,1398,1515,0.1388
117,1395,1512,0.1388
121,1403,1524,0.1388
119,1386,1505,0.1388
119,1384,1503,0.1388
123,1388,1511,0.1388
123,1396,1519,0.1388
120,1393,1513,0.1388
121,1399,1520,0.1388
119,1399,1518,0.1388
116,1401,1517,0.1388
119,1401,1520,0.1388
120,1402,1522,0.1388
121,1394,1515,0.1388
123,1406,1529,0.1388
120,1396,1516,0.1388
121,1386,1507,0.1388
122,1384,1506,0.1388
118,1390,1508,0.1388
117,1388,1505,0.1388
115,1389,1504,0.1388
115,1377,1492,0.1388
117,1402,1519,0.1388
114,1401,1515,0.1388
112,1407,1519,0.1388
112,1415,1527,0.1388
114,1414,1528,0.1388
113,1428,1541,0.1388
113,1405,1518,0.1388
111,1409,1520,0.1388
108,1405,1513,0.1388
108,1406,1514,0.1388
106,1408,1514,0.1388
104,1397,1501,0.1388
105,1396,1501,0.1388
108,1391,1499,0.1388
106,1410,1516,0.1388
105,1403,1508,0.1388
102,1399,1501,0.1388
102,1404,1506,0.1388
100,1408,1508,0.1388
96,1428,1524,0.1388
91,1427,1518,0.1388
91,1439,1530,0.1388
93,1437,1530,0.1388
90,1426,1516,0.1388
88,1433,1521,0.1388
86,1435,1521,0.1388
86,1428,1514,0.1388
85,1429,1514,0.1388
85,1434,1519,0.1388
80,1431,1511,0.1388
79,1430,1509,0.1388
81,1432,1513,0.1388
80,1431,1511,0.1388
80,1444,1524,0.1388
81,1429,1510,0.1388
81,1435,1516,0.1388
83,1443,1526,0.1388
83,1431,1514,0.1388
83,1429,1512,0.1388
81,1440,1521,0.1388
82,1426,1508,0.1388
82,1426,1508,0.1388
80,1428,1508,0.1388
79,1435,1514,0.1388
80,1427,1507,0.1388
80,1440,1520,0.1388
80,1424,1504,0.1388
78,1438,1516,0.1388
77,1445,1522,0.1388
78,1448,1526,0.1388
78,1451,1529,0.1388
75,1453,1528,0.1388
80,1449,1529,0.1388
80,1446,1526,0.1388
81,1448,1529,0.1388
82,1453,1535,0.1388
81,1444,1525,0.1388
80,1441,1521,0.1388
79,1425,1504,0.1388
74,1440,1514,0.1388
72,1436,1508,0.1388
72,1439,1511,0.1388
76,1451,1527,0.1388
77,1438,1515,0.1388
75,1435,1510,0.1388
76,1438,1514,0.1388
77,1435,1512,0.1388
77,1433,1510,0.1388
78,1436,1514,0.1388
76,1445,1521,0.1388
73,1452,1525,0.1388
74,1428,1502,0.1388
72,1441,1513,0.1388
69,1451,1520,0.1388
71,1464,1535,0.1388
70,1462,1532,0.1388
69,1470,1539,0.1388
68,1462,1530,0.1388
68,1459,1527,0.1388
66,1458,1524,0.1388
67,1457,1524,0.1388
67,1445,1512,0.1388
67,1448,1515,0.1388
64,1441,1505,0.1388
64,1450,1514,0.1388
62,1448,1510,0.1388
63,1444,1507,0.1388
64,1448,1512,0.1388
67,1444,1511,0.1388
69,1443,1512,0.1388
67,1456,1523,0.1388
69,1457,1526,0.1388
67,1464,1531,0.1388
67,1459,1526,0.1388
64,1457,1521,0.1388
63,1462,1525,0.1388
64,1453,1517,0.1388
63,1451,1514,0.1388
63,1464,1527,0.1388
62,1458,1520,0.1388
60,1462,1522,0.1388
58,1461,1519,0.1388
58,1456,1514,0.1388
57,1462,1519,0.1388
58,1468,1526,0.1388
56,1461,1517,0.1388
57,1461,1518,0.1388
57,1458,1515,0.1388
58,1454,1512,0.1388
57,1462,1519,0.1388
57,1457,1514,0.1388
56,1470,1526,0.1388
52,1461,1513,0.1388
52,1468,1520,0.1388
53,1475,1528,0.1388
49,1474,1523,0.1388
52,1478,1530,0.1388
51,1477,1528,0.1388
51,1480,1531,0.1388
51,1475,1526,0.1388
49,1456,1505,0.1388
50,1455,1505,0.1388
47,1460,1507,0.1388
47,1464,1511,0.1388
47,1473,1520,0.1388
49,1475,1524,0.1388
49,1474,1523,0.1388
49,1477,1526,0.1388
47,1476,1523,0.1388
49,1468,1517,0.1388
48,1459,1507,0.1388
43,1460,1503,0.1388
43,1460,1503,0.1388
46,1479,1525,0.1388
45,1473,1518,0.1388
46,1459,1505,0.1388
46,1455,1501,0.1388
48,1461,1509,0.1388
48,1462,1510,0.1388
45,1463,1508,0.1388
43,1478,1521,0.1388
41,1480,1521,0.1388
39,1456,1495,0.1388
39,1464,1503,0.1388
40,1459,1499,0.1388
39,1467,1506,0.1388
38,1476,1514,0.1388
38,1470,1508,0.1388
39,1482,1521,0.1388
40,1491,1531,0.1388
40,1482,1522,0.1388
37,1477,1514,0.1388
37,1472,1509,0.1388
35,1475,1510,0.1388
35,1479,1514,0.1388
34,1480,1514,0.1388
34,1481,1515,0.1388
33,1486,1519,0.1388
33,1483,1516,0.1388
32,1478,1510,0.1388
33,1481,1514,0.1388
30,1480,1510,0.1388
30,1486,1516,0.1388
30,1478,1508,0.1388
31,1482,1513,0.1388
32,1469,1501,0.1388
32,1480,1512,0.1388
32,1489,1521,0.1388
32,1496,1528,0.1388
33,1485,1518,0.1388
32,1484,1516,0.1388
32,1486,1518,0.1388
32,1484,1516,0.1388
32,1493,1525,0.1388
30,1484,1514,0.1388
33,1482,1515,0.1388
35,1481,1516,0.1388
35,1495,1530,0.1388
36,1484,1520,0.1388
38,1497,1535,0.1388
40,1488,1528,0.1388
41,1467,1508,0.1388
40,1475,1515,0.1388
40,1483,1523,0.1388
39,1475,1514,0.1388
38,1470,1508,0.1388
38,1471,1509,0.1388
39,1475,1514,0.1388
37,1469,1506,0.1388
39,1471,1510,0.1388
40,1478,1518,0.1388
37,1468,1505,0.1388
36,1462,1498,0.1388
35,1464,1499,0.1388
35,1469,1504,0.1388
35,1474,1509,0.1388
34,1487,1521,0.1388
34,1482,1516,0.1388
33,1488,1521,0.1388
32,1481,1513,0.1388
33,1479,1512,0.1388
33,1474,1507,0.1388
31,1472,1503,0.1388
28,1484,1512,0.1388
28,1496,1524,0.1388
29,1496,1525,0.1388
29,1503,1532,0.1388
29,1493,1522,0.1388
28,1506,1534,0.1388
31,1489,1520,0.1388
31,1493,1524,0.1388
32,1487,1519,0.1388
30,1491,1521,0.1388
29,1493,1522,0.1388
29,1494,1523,0.1388
28,1488,1516,0.1388
28,1472,1500,0.1388
29,1483,1512,0.1388
30,1485,1515,0.1388
30,1492,1522,0.1388
28,1481,1509,0.1388
28,1489,1517,0.1388
28,1484,1512,0.1388
28,1489,1517,0.1388
27,1490,1517,0.1388
26,1493,1519,0.1388
27,1494,1521,0.1388
26,1494,1520,0.1388
28,1490,1518,0.1388
27,1484,1511,0.1388
26,1489,1515,0.1388
27,1493,1520,0.1388
27,1498,1525,0.1388
26,1499,1525,0.1388
27,1505,1532,0.1388
28,1499,1527,0.1388
25,1504,1529,0.1388
27,1496,1523,0.1388
29,1500,1529,0.1388
28,1491,1519,0.1388
28,1495,1523,0.1388
29,1507,1536,0.1388
29,1487,1516,0.1388
30,1481,1511,0.1388
29,1479,1508,0.1388
28,1485,1513,0.1388
25,1493,1518,0.1388
24,1494,1518,0.1388
22,1491,1513,0.1388
23,1489,1512,0.1388
22,1503,1525,0.1388
24,1502,1526,0.1388
24,1484,1508,0.1388
23,1488,1511,0.1388
25,1503,1528,0.1388
25,1506,1531,0.1388
22,1503,1525,0.1388
22,1508,1530,0.1388
23,1508,1531,0.1388
23,1499,1522,0.1388
22,1494,1516,0.1388
22,1488,1510,0.1388
23,1483,1506,0.1388
22,1490,1512,0.1388
21,1500,1521,0.1388
21,1498,1519,0.1388
20,1498,1518,0.1388
20,1502,1522,0.1388
20,1499,1519,0.1388
22,1510,1532,0.1388
21,1493,1514,0.1388
19,1492,1511,0.1388
18,1491,1509,0.1388
18,1503,1521,0.1388
16,1507,1523,0.1388
16,1515,1531,0.1388
16,1512,1528,0.1388
16,1508,1524,0.1388
15,1489,1504,0.1388
15,1496,1511,0.1388
16,1502,1518,0.1388
16,1497,1513,0.1388
15,1496,1511,0.1388
15,1488,1503,0.1388
16,1500,1516,0.1388
15,1496,1511,0.1388
15,1490,1505,0.1388
16,1506,1522,0.1388
16,1489,1505,0.1388
17,1498,1515,0.1388
17,1507,1524,0.1388
16,1503,1519,0.1388
16,1502,1518,0.1388
16,1490,1506,0.1388
17,1505,1522,0.1388
16,1499,1515,0.1388
16,1493,1509,0.1388
16,1508,1524,0.1388
15,1508,1523,0.1388
15,1501,1516,0.1388
14,1492,1506,0.1388
14,1503,1517,0.1388
14,1496,1510,0.1388
13,1492,1505,0.1388
14,1492,1506,0.1388
14,1505,1519,0.1388
14,1494,1508,0.1388
15,1492,1507,0.1388
14,1490,1504,0.1388
15,1494,1509,0.1388
15,1511,1526,0.1388
14,1508,1522,0.1388
14,1505,1519,0.1388
14,1484,1498,0.1388
14,1504,1518,0.1388
14,1493,1507,0.1388
14,1493,1507,0.1388
15,1507,1522,0.1388
16,1498,1514,0.1388
15,1495,1510,0.1388
14,1494,1508,0.1388
15,1496,1511,0.1388
15,1508,1523,0.1388
15,1498,1513,0.1388
15,1496,1511,0.1388
15,1502,1517,0.1388
12,1508,1520,0.1388
12,1494,1506,0.1388
12,1517,1529,0.1388
10,1511,1521,0.1388
11,1515,1526,0.1388
10,1520,1530,0.1388
10,1507,1517,0.1388
10,1517,1527,0.1388
8,1522,1530,0.1388
8,1513,1521,0.1388
9,1519,1528,0.1388
8,1508,1516,0.1388
9,1515,1524,0.1388
8,1522,1530,0.1388
8,1513,1521,0.1388
9,1521,1530,0.1388
9,1502,1511,0.1388
7,1494,1501,0.1388
9,1511,1520,0.1388
8,1507,1515,0.1388
9,1510,1519,0.1388
10,1495,1505,0.1388
10,1486,1496,0.1388
11,1489,1500,0.1388
10,1494,1504,0.1388
12,1492,1504,0.1388
12,1493,1505,0.1388
11,1492,1503,0.1388
11,1499,1510,0.1388
11,1493,1504,0.1388
10,1486,1496,0.1388
12,1493,1505,0.1388
12,1502,1514,0.1388
13,1510,1523,0.1388
13,1499,1512,0.1388
13,1491,1504,0.1388
12,1494,1506,0.1388
12,1508,1520,0.1388
11,1494,1505,0.1388
12,1509,1521,0.1388
13,1514,1527,0.1388
13,1510,1523,0.1388
13,1504,1517,0.1388
13,1502,1515,0.1388
14,1514,1528,0.1388
14,1511,1525,0.1388
13,1507,1520,0.1388
12,1513,1525,0.1388
13,1513,1526,0.1388
13,1506,1519,0.1388
13,1512,1525,0.1388
13,1492,1505,0.1388
13,1491,1504,0.1388
14,1487,1501,0.1388
13,1494,1507,0.1388
14,1506,1520,0.1388
14,1496,1510,0.1388
15,1492,1507,0.1388
15,1499,1514,0.1388
15,1500,1515,0.1388
15,1498,1513,0.1388
15,1486,1501,0.1388
16,1478,1494,0.1388
16,1494,1510,0.1388
16,1505,1521,0.1388
18,1510,1528,0.1388
18,1506,1524,0.1388
18,1502,1520,0.1388
18,1495,1513,0.1388
18,1502,1520,0.1388
18,1501,1519,0.1388
18,1505,1523,0.1388
20,1497,1517,0.1388
18,1511,1529,0.1388
17,1512,1529,0.1388
17,1498,1515,0.1388
18,1509,1527,0.1388
17,1513,1530,0.1388
16,1502,1518,0.1388
15,1496,1511,0.1388
15,1468,1483,0.1388
16,1471,1487,0.1388
15,1474,1489,0.1388
15,1489,1504,0.1388
16,1497,1513,0.1388
17,1504,1521,0.1388
17,1501,1518,0.1388
17,1485,1502,0.1388
16,1480,1496,0.1388
16,1488,1504,0.1388
16,1486,1502,0.1388
16,1490,1506,0.1388
17,1482,1499,0.1388
15,1486,1501,0.1388
16,1489,1505,0.1388
16,1487,1503,0.1388
17,1492,1509,0.1388
16,1491,1507,0.1388
17,1507,1524,0.1388
17,1512,1529,0.1388
17,1507,1524,0.1388
16,1513,1529,0.1388
17,1511,1528,0.1388
17,1507,1524,0.1388
18,1490,1508,0.1388
19,1502,1521,0.1388
17,1493,1510,0.1388
15,1500,1515,0.1388
15,1496,1511,0.1388
16,1503,1519,0.1388
16,1494,1510,0.1388
17,1489,1506,0.1388
17,1484,1501,0.1388
17,1491,1508,0.1388
17,1506,1523,0.1388
18,1505,1523,0.1388
18,1511,1529,0.1388
18,1512,1530,0.1388
21,1503,1524,0.1388
21,1501,1522,0.1388
20,1514,1534,0.1388
21,1510,1531,0.1388
21,1494,1515,0.1388
22,1496,1518,0.1388
22,1504,1526,0.1388
23,1489,1512,0.1388
23,1500,1523,0.1388
23,1493,1516,0.1388
23,1499,1522,0.1388
23,1502,1525,0.1388
22,1494,1516,0.1388
24,1482,1506,0.1388
24,1492,1516,0.1388
24,1498,1522,0.1388
24,1504,1528,0.1388
25,1505,1530,0.1388
25,1498,1523,0.1388
26,1497,1523,0.1388
26,1503,1529,0.1388
26,1510,1536,0.1388
27,1492,1519,0.1388
25,1484,1509,0.1388
24,1482,1506,0.1388
25,1501,1526,0.1388
25,1509,1534,0.1388
24,1499,1523,0.1388
22,1487,1509,0.1388
22,1492,1514,0.1388
23,1495,1518,0.1388
24,1496,1520,0.1388
25,1502,1527,0.1388
27,1498,1525,0.1388
26,1489,1515,0.1388
26,1489,1515,0.1388
26,1480,1506,0.1388
25,1489,1514,0.1388
25,1490,1515,0.1388
25,1491,1516,0.1388
25,1487,1512,0.1388
26,1492,1518,0.1388
25,1486,1511,0.1388
27,1484,1511,0.1388
27,1488,1515,0.1388
28,1507,1535,0.1388
26,1513,1539,0.1388
28,1486,1514,0.1388
29,1480,1509,0.1388
30,1480,1510,0.1388
31,1491,1522,0.1388
31,1495,1526,0.1388
31,1487,1518,0.1388
30,1487,1517,0.1388
33,1492,1525,0.1388
33,1477,1510,0.1388
34,1478,1512,0.1388
34,1476,1510,0.1388
33,1488,1521,0.1388
32,1490,1522,0.1388
31,1487,1518,0.1388
33,1466,1499,0.1388
32,1473,1505,0.1388
31,1468,1499,0.1388
33,1486,1519,0.1388
34,1492,1526,0.1388
36,1492,1528,0.1388
34,1496,1530,0.1388
35,1481,1516,0.1388
33,1478,1511,0.1388
33,1484,1517,0.1388
32,1477,1509,0.1388
33,1488,1521,0.1388
33,1483,1516,0.1388
31,1479,1510,0.1388
32,1474,1506,0.1388
34,1482,1516,0.1388
33,1484,1517,0.1388
33,1491,1524,0.1388
33,1481,1514,0.1388
31,1481,1512,0.1388
31,1487,1518,0.1388
31,1478,1509,0.1388
30,1486,1516,0.1388
32,1487,1519,0.1388
32,1494,1526,0.1388
30,1492,1522,0.1388
31,1490,1521,0.1388
30,1481,1511,0.1388
28,1472,1500,0.1388
27,1472,1499,0.1388
26,1486,1512,0.1388
28,1487,1515,0.1388
29,1487,1516,0.1388
30,1490,1520,0.1388
30,1493,1523,0.1388
29,1488,1517,0.1388
28,1482,1510,0.1388
28,1473,1501,0.1388
28,1488,1516,0.1388
29,1489,1518,0.1388
29,1483,1512,0.1388
32,1483,1515,0.1388
31,1493,1524,0.1388
30,1493,1523,0.1388
31,1493,1524,0.1388
32,1495,1527,0.1388
31,1501,1532,0.1388
32,1478,1510,0.1388
32,1483,1515,0.1388
32,1482,1514,0.1388
33,1487,1520,0.1388
33,1476,1509,0.1388
33,1473,1506,0.1388
32,1477,1509,0.1388
33,1490,1523,0.1388
32,1488,1520,0.1388
30,1491,1521,0.1388
31,1484,1515,0.1388
29,1491,1520,0.1388
27,1498,1525,0.1388
27,1496,1523,0.1388
26,1481,1507,0.1388
27,1485,1512,0.1388
27,1489,1516,0.1388
27,1493,1520,0.1388
27,1492,1519,0.1388
28,1478,1506,0.1388
28,1470,1498,0.1388
28,1475,1503,0.1388
28,1486,1514,0.1388
28,1495,1523,0.1388
26,1502,1528,0.1388
26,1498,1524,0.1388
24,1506,1530,0.1388
25,1491,1516,0.1388
23,1501,1524,0.1388
23,1507,1530,0.1388
23,1498,1521,0.1388
25,1492,1517,0.1388
24,1497,1521,0.1388
23,1493,1516,0.1388
24,1496,1520,0.1388
25,1490,1515,0.1388
25,1484,1509,0.1388
25,1496,1521,0.1388
24,1501,1525,0.1388
23,1499,1522,0.1388
23,1502,1525,0.1388
22,1499,1521,0.1388
21,1485,1506,0.1388
21,1487,1508,0.1388
22,1487,1509,0.1388
24,1498,1522,0.1388
24,1495,1519,0.1388
23,1495,1518,0.1388
23,1504,1527,0.1388
23,1502,1525,0.1388
23,1503,1526,0.1388
23,1493,1516,0.1388
21,1504,1525,0.1388
21,1497,1518,0.1388
21,1503,1524,0.1388
21,1499,1520,0.1388
20,1506,1526,0.1388
20,1517,1537,0.1388
20,1501,1521,0.1388
20,1502,1522,0.1388
20,1488,1508,0.1388
19,1484,1503,0.1388
18,1483,1501,0.1388
19,1505,1524,0.1388
19,1505,1524,0.1388
19,1520,1539,0.1388
18,1516,1534,0.1388
18,1502,1520,0.1388
18,1499,1517,0.1388
20,1492,1512,0.1388
20,1487,1507,0.1388
21,1499,1520,0.1388
21,1497,1518,0.1388
21,1487,1508,0.1388
21,1494,1515,0.1388
21,1509,1530,0.1388
21,1498,1519,0.1388
22,1504,1526,0.1388
22,1513,1535,0.1388
21,1507,1528,0.1388
21,1506,1527,0.1388
21,1509,1530,0.1388
22,1505,1527,0.1388
21,1500,1521,0.1388
21,1488,1509,0.1388
21,1481,1502,0.1388
21,1500,1521,0.1388
23,1487,1510,0.1388
23,1480,1503,0.1388
23,1491,1514,0.1388
23,1489,1512,0.1388
23,1498,1521,0.1388
23,1494,1517,0.1388
23,1484,1507,0.1388
22,1503,1525,0.1388
23,1486,1509,0.1388
22,1483,1505,0.1388
22,1495,1517,0.1388
24,1499,1523,0.1388
25,1502,1527,0.1388
25,1504,1529,0.1388
24,1492,1516,0.1388
23,1498,1521,0.1388
23,1486,1509,0.1388
23,1475,1498,0.1388
22,1484,1506,0.1388
20,1488,1508,0.1388
20,1487,1507,0.1388
20,1491,1511,0.1388
22,1480,1502,0.1388
21,1489,1510,0.1388
19,1481,1500,0.1388
18,1488,1506,0.1388
18,1494,1512,0.1388
21,1483,1504,0.1388
20,1493,1513,0.1388
21,1494,1515,0.1388
21,1500,1521,0.1388
19,1499,1518,0.1388
20,1500,1520,0.1388
21,1488,1509,0.1388
19,1476,1495,0.1388
17,1471,1488,0.1388
17,1468,1485,0.1388
18,1481,1499,0.1388
17,1494,1511,0.1388
18,1485,1503,0.1388
17,1488,1505,0.1388
17,1484,1501,0.1388
15,1481,1496,0.1388
14,1490,1504,0.1388
14,1491,1505,0.1388
14,1475,1489,0.1388
14,1486,1500,0.1388
15,1497,1512,0.1388
15,1488,1503,0.1388
16,1501,1517,0.1388
16,1493,1509,0.1388
16,1499,1515,0.1388
16,1508,1524,0.1388
16,1510,1526,0.1388
15,1508,1523,0.1388
16,1499,1515,0.1388
16,1497,1513,0.1388
15,1500,1515,0.1388
15,1502,1517,0.1388
15,1496,1511,0.1388
15,1502,1517,0.1388
15,1501,1516,0.1388
15,1509,1524,0.1388
15,1502,1517,0.1388
14,1498,1512,0.1388
14,1503,1517,0.1388
13,1504,1517,0.1388
15,1506,1521,0.1388
15,1493,1508,0.1388
15,1510,1525,0.1388
16,1512,1528,0.1388
16,1496,1512,0.1388
18,1496,1514,0.1388
19,1480,1499,0.1388
20,1475,1495,0.1388
18,1483,1501,0.1388
19,1503,1522,0.1388
22,1504,1526,0.1388
22,1496,1518,0.1388
22,1506,1528,0.1388
23,1509,1532,0.1388
23,1508,1531,0.1388
23,1507,1530,0.1388
23,1509,1532,0.1388
23,1514,1537,0.1388
22,1494,1516,0.1388
21,1491,1512,0.1388
20,1496,1516,0.1388
20,1500,1520,0.1388
22,1500,1522,0.1388
24,1499,1523,0.1388
24,1499,1523,0.1388
24,1477,1501,0.1388
24,1483,1507,0.1388
23,1505,1528,0.1388
23,1499,1522,0.1388
22,1489,1511,0.1388
23,1485,1508,0.1388
23,1490,1513,0.1388
23,1483,1506,0.1388
23,1479,1502,0.1388
22,1487,1509,0.1388
21,1486,1507,0.1388
18,1497,1515,0.1388
19,1491,1510,0.1388
19,1490,1509,0.1388
19,1495,1514,0.1388
18,1497,1515,0.1388
19,1502,1521,0.1388
20,1498,1518,0.1388
21,1482,1503,0.1388
22,1473,1495,0.1388
22,1470,1492,0.1388
21,1480,1501,0.1388
21,1496,1517,0.1388
20,1505,1525,0.1388
18,1504,1522,0.1388
20,1504,1524,0.1388
21,1489,1510,0.1388
19,1507,1526,0.1388
19,1498,1517,0.1388
19,1495,1514,0.1388
19,1503,1522,0.1388
19,1502,1521,0.1388
20,1523,1543,0.1388
20,1505,1525,0.1388
18,1507,1525,0.1388
19,1515,1534,0.1388
20,1514,1534,0.1388
20,1511,1531,0.1388
21,1505,1526,0.1388
16,1493,1509,0.1388
16,1496,1512,0.1388
17,1483,1500,0.1388
16,1491,1507,0.1388
16,1502,1518,0.1388
18,1495,1513,0.1388
18,1506,1524,0.1388
19,1503,1522,0.1388
19,1507,1526,0.1388
19,1500,1519,0.1388
18,1513,1531,0.1388
18,1504,1522,0.1388
17,1496,1513,0.1388
15,1497,1512,0.1388
15,1497,1512,0.1388
15,1487,1502,0.1388
15,1472,1487,0.1388
16,1499,1515,0.1388
16,1507,1523,0.1388
18,1496,1514,0.1388
19,1494,1513,0.1388
18,1490,1508,0.1388
18,1492,1510,0.1388
19,1492,1511,0.1388
19,1486,1505,0.1388
19,1487,1506,0.1388
19,1493,1512,0.1388
18,1499,1517,0.1388
19,1492,1511,0.1388
19,1500,1519,0.1388
18,1504,1522,0.1388
16,1492,1508,0.1388
16,1491,1507,0.1388
17,1491,1508,0.1388
17,1486,1503,0.1388
16,1476,1492,0.1388
17,1488,1505,0.1388
17,1480,1497,0.1388
17,1502,1519,0.1388
17,1504,1521,0.1388
15,1511,1526,0.1388
15,1501,1516,0.1388
16,1500,1516,0.1388
15,1491,1506,0.1388
14,1490,1504,0.1388
14,1493,1507,0.1388
15,1503,1518,0.1388
15,1501,1516,0.1388
15,1499,1514,0.1388
15,1505,1520,0.1388
15,1494,1509,0.1388
14,1510,1524,0.1388
14,1507,1521,0.1388
14,1504,1518,0.1388
14,1506,1520,0.1388
13,1508,1521,0.1388
13,1520,1533,0.1388
14,1520,1534,0.1388
14,1517,1531,0.1388
13,1522,1535,0.1388
13,1511,1524,0.1388
13,1514,1527,0.1388
13,1505,1518,0.1388
11,1512,1523,0.1388
10,1512,1522,0.1388
10,1505,1515,0.1388
10,1517,1527,0.1388
10,1495,1505,0.1388
10,1499,1509,0.1388
11,1505,1516,0.1388
11,1512,1523,0.1388
11,1497,1508,0.1388
10,1485,1495,0.1388
8,1500,1508,0.1388
10,1501,1511,0.1388
11,1503,1514,0.1388
12,1512,1524,0.1388
12,1502,1514,0.1388
11,1508,1519,0.1388
11,1506,1517,0.1388
11,1509,1520,0.1388
11,1510,1521,0.1388
10,1505,1515,0.1388
10,1500,1510,0.1388
10,1496,1506,0.1388
10,1491,1501,0.1388
8,1508,1516,0.1388
8,1516,1524,0.1388
8,1503,1511,0.1388
8,1504,1512,0.1388
8,1504,1512,0.1388
7,1515,1522,0.1388
7,1516,1523,0.1388
7,1514,1521,0.1388
6,1514,1520,0.1388
6,1508,1514,0.1388
7,1512,1519,0.1388
7,1506,1513,0.1388
7,1501,1508,0.1388
7,1503,1510,0.1388
7,1497,1504,0.1388
10,1512,1522,0.1388
10,1510,1520,0.1388
10,1493,1503,0.1388
10,1486,1496,0.1388
10,1491,1501,0.1388
9,1496,1505,0.1388
7,1473,1480,0.1388
8,1488,1496,0.1388
8,1491,1499,0.1388
8,1500,1508,0.1388
8,1512,1520,0.1388
7,1520,1527,0.1388
7,1523,1530,0.1388
8,1515,1523,0.1388
8,1503,1511,0.1388
8,1497,1505,0.1388
8,1507,1515,0.1388
9,1497,1506,0.1388
10,1491,1501,0.1388
10,1485,1495,0.1388
10,1501,1511,0.1388
10,1499,1509,0.1388
12,1511,1523,0.1388
12,1501,1513,0.1388
12,1495,1507,0.1388
12,1496,1508,0.1388
11,1495,1506,0.1388
9,1490,1499,0.1388
8,1487,1495,0.1388
8,1487,1495,0.1388
9,1493,1502,0.1388
8,1496,1504,0.1388
8,1501,1509,0.1388
8,1507,1515,0.1388
8,1511,1519,0.1388
8,1508,1516,0.1388
8,1510,1518,0.1388
7,1507,1514,0.1388
8,1506,1514,0.1388
8,1492,1500,0.1388
8,1487,1495,0.1388
8,1497,1505,0.1388
8,1494,1502,0.1388
9,1495,1504,0.1388
9,1492,1501,0.1388
9,1503,1512,0.1388
9,1506,1515,0.1388
8,1511,1519,0.1388
8,1508,1516,0.1388
8,1500,1508,0.1388
8,1506,1514,0.1388
8,1510,1518,0.1388
8,1500,1508,0.1388
8,1501,1509,0.1388
8,1496,1504,0.1388
8,1497,1505,0.1388
9,1507,1516,0.1388
9,1506,1515,0.1388
9,1522,1531,0.1388
9,1516,1525,0.1388
9,1499,1508,0.1388
9,1494,1503,0.1388
9,1499,1508,0.1388
9,1490,1499,0.1388
9,1505,1514,0.1388
8,1518,1526,0.1388
8,1516,1524,0.1388
8,1502,1510,0.1388
8,1503,1511,0.1388
8,1515,1523,0.1388
8,1514,1522,0.1388
8,1506,1514,0.1388
7,1494,1501,0.1388
7,1493,1500,0.1388
8,1493,1501,0.1388
8,1511,1519,0.1388
9,1509,1518,0.1388
9,1500,1509,0.1388
8,1512,1520,0.1388
8,1502,1510,0.1388
9,1514,1523,0.1388
10,1521,1531,0.1388
10,1525,1535,0.1388
10,1506,1516,0.1388
10,1505,1515,0.1388
10,1506,1516,0.1388
10,1514,1524,0.1388
10,1519,1529,0.1388
9,1509,1518,0.1388
9,1508,1517,0.1388
9,1503,1512,0.1388
9,1507,1516,0.1388
9,1511,1520,0.1388
9,1507,1516,0.1388
9,1509,1518,0.1388
9,1493,1502,0.1388
9,1506,1515,0.1388
9,1511,1520,0.1388
9,1497,1506,0.1388
9,1504,1513,0.1388
9,1497,1506,0.1388
9,1495,1504,0.1388
9,1500,1509,0.1388
9,1503,1512,0.1388
9,1502,1511,0.1388
8,1502,1510,0.1388
9,1512,1521,0.1388
9,1509,1518,0.1388
8,1505,1513,0.1388
7,1506,1513,0.1388
7,1499,1506,0.1388
7,1511,1518,0.1388
7,1502,1509,0.1388
7,1516,1523,0.1388
8,1529,1537,0.1388
8,1535,1543,0.1388
8,1531,1539,0.1388
8,1527,1535,0.1388
7,1522,1529,0.1388
7,1503,1510,0.1388
7,1510,1517,0.1388
6,1507,1513,0.1388
5,1523,1528,0.1388
7,1533,1540,0.1388
7,1526,1533,0.1388
7,1525,1532,0.1388
7,1512,1519,0.1388
7,1517,1524,0.1388
6,1510,1516,0.1388
6,1514,1520,0.1388
5,1492,1497,0.1388
4,1518,1522,0.1388
4,1510,1514,0.1388
3,1528,1531,0.1388
4,1513,1517,0.1388
4,1518,1522,0.1388
4,1513,1517,0.1388
4,1510,1514,0.1388
4,1526,1530,0.1388
4,1524,1528,0.1388
4,1518,1522,0.1388
3,1522,1525,0.1388
3,1517,1520,0.1388
4,1515,1519,0.1388
4,1518,1522,0.1388
3,1527,1530,0.1388
3,1517,1520,0.1388
3,1514,1517,0.1388
3,1512,1515,0.1388
3,1517,1520,0.1388
4,1514,1518,0.1388
5,1509,1514,0.1388
6,1498,1504,0.1388
6,1507,1513,0.1388
5,1513,1518,0.1388
5,1499,1504,0.1388
5,1510,1515,0.1388
5,1518,1523,0.1388
4,1515,1519,0.1388
5,1518,1523,0.1388
5,1513,1518,0.1388
5,1519,1524,0.1388
4,1531,1535,0.1388
4,1530,1534,0.1388
4,1509,1513,0.1388
4,1501,1505,0.1388
4,1503,1507,0.1388
3,1504,1507,0.1388
4,1503,1507,0.1388
4,1502,1506,0.1388
4,1488,1492,0.1388
4,1500,1504,0.1388
4,1499,1503,0.1388
4,1515,1519,0.1388
4,1520,1524,0.1388
4,1515,1519,0.1388
4,1518,1522,0.1388
4,1504,1508,0.1388
5,1516,1521,0.1388
5,1511,1516,0.1388
5,1517,1522,0.1388
5,1511,1516,0.1388
5,1504,1509,0.1388
6,1511,1517,0.1388
6,1518,1524,0.1388
7,1517,1524,0.1388
7,1515,1522,0.1388
7,1509,1516,0.1388
7,1496,1503,0.1388
6,1518,1524,0.1388
5,1519,1524,0.1388
5,1513,1518,0.1388
6,1508,1514,0.1388
6,1513,1519,0.1388
6,1523,1529,0.1388
6,1512,1518,0.1388
6,1495,1501,0.1388
6,1499,1505,0.1388
7,1493,1500,0.1388
7,1504,1511,0.1388
6,1509,1515,0.1388
5,1517,1522,0.1388
5,1505,1510,0.1388
5,1516,1521,0.1388
5,1500,1505,0.1388
5,1505,1510,0.1388
5,1510,1515,0.1388
5,1516,1521,0.1388
5,1508,1513,0.1388
5,1513,1518,0.1388
5,1522,1527,0.1388
6,1516,1522,0.1388
6,1511,1517,0.1388
6,1521,1527,0.1388
5,1517,1522,0.1388
4,1518,1522,0.1388
4,1515,1519,0.1388
4,1524,1528,0.1388
4,1514,1518,0.1388
4,1499,1503,0.1388
4,1504,1508,0.1388
4,1506,1510,0.1388
4,1520,1524,0.1388
4,1521,1525,0.1388
4,1527,1531,0.1388
4,1516,1520,0.1388
4,1504,1508,0.1388
4,1513,1517,0.1388
3,1520,1523,0.1388
3,1515,1518,0.1388
3,1528,1531,0.1388
3,1511,1514,0.1388
3,1519,1522,0.1388
4,1514,1518,0.1388
4,1522,1526,0.1388
4,1524,1528,0.1388
4,1528,1532,0.1388
4,1530,1534,0.1388
3,1533,1536,0.1388
3,1529,1532,0.1388
3,1520,1523,0.1388
3,1519,1522,0.1388
3,1519,1522,0.1388
3,1522,1525,0.1388
3,1516,1519,0.1388
3,1520,1523,0.1388
3,1518,1521,0.1388
3,1516,1519,0.1388
3,1521,1524,0.1388
3,1524,1527,0.1388
3,1515,1518,0.1388
3,1518,1521,0.1388
3,1521,1524,0.1388
3,1523,1526,0.1388
3,1520,1523,0.1388
3,1541,1544,0.1388
3,1531,1534,0.1388
3,1533,1536,0.1388
3,1525,1528,0.1388
3,1526,1529,0.1388
3,1522,1525,0.1388
3,1524,1527,0.1388
2,1524,1526,0.1388
3,1520,1523,0.1388
3,1525,1528,0.1388
3,1522,1525,0.1388
3,1516,1519,0.1388
2,1521,1523,0.1388
2,1521,1523,0.1388
2,1518,1520,0.1388
2,1512,1514,0.1388
2,1497,1499,0.1388
2,1507,1509,0.1388
2,1522,1524,0.1388
2,1528,1530,0.1388
2,1538,1540,0.1388
1,1533,1534,0.1388
1,1533,1534,0.1388
1,1531,1532,0.1388
1,1525,1526,0.1388
1,1518,1519,0.1388
1,1523,1524,0.1388
0,1508,1508,0.1388
