1373,27,1400,0.1388
1396,27,1423,0.1388
1425,27,1452,0.1388
1436,30,1466,0.1388
1439,28,1467,0.1388
1450,30,1480,0.1388
1455,31,1486,0.1388
1461,32,1493,0.1388
1462,31,1493,0.1388
1464,32,1496,0.1388
1455,32,1487,0.1388
1458,32,1490,0.1388
1456,34,1490,0.1388
1449,34,1483,0.1388
1449,33,1482,0.1388
1454,34,1488,0.1388
1454,36,1490,0.1388
1452,35,1487,0.1388
1456,35,1491,0.1388
1456,33,1489,0.1388
1452,33,1485,0.1388
1467,31,1498,0.1388
1467,31,1498,0.1388
1457,31,1488,0.1388
1464,30,1494,0.1388
1461,30,1491,0.1388
1458,31,1489,0.1388
1456,32,1488,0.1388
1446,32,1478,0.1388
1456,32,1488,0.1388
1455,32,1487,0.1388
1466,28,1494,0.1388
1467,28,1495,0.1388
1466,26,1492,0.1388
1462,27,1489,0.1388
1460,28,1488,0.1388
1454,30,1484,0.1388
1469,31,1500,0.1388
1465,33,1498,0.1388
1470,31,1501,0.1388
1486,30,1516,0.1388
1484,29,1513,0.1388
1464,30,1494,0.1388
1469,32,1501,0.1388
1460,32,1492,0.1388
1474,32,1506,0.1388
1467,32,1499,0.1388
1473,29,1502,0.1388
1467,31,1498,0.1388
1472,29,1501,0.1388
1462,28,1490,0.1388
1468,29,1497,0.1388
1452,31,1483,0.1388
1453,32,1485,0.1388
1456,33,1489,0.1388
1462,36,1498,0.1388
1471,36,1507,0.1388
1460,35,1495,0.1388
1457,42,1499,0.1388
1447,44,1491,0.1388
1450,44,1494,0.1388
1446,47,1493,0.1388
1440,45,1485,0.1388
1444,45,1489,0.1388
1428,46,1474,0.1388
1432,47,1479,0.1388
1435,46,1481,0.1388
1449,47,1496,0.1388
1457,47,1504,0.1388
1453,47,1500,0.1388
1446,49,1495,0.1388
1448,49,1497,0.1388
1448,50,1498,0.1388
1446,51,1497,0.1388
1442,49,1491,0.1388
1448,51,1499,0.1388
1445,52,1497,0.1388
1437,54,1491,0.1388
1427,54,1481,0.1388
1435,52,1487,0.1388
1448,51,1499,0.1388
1432,52,1484,0.1388
1442,51,1493,0.1388
1444,51,1495,0.1388
1445,52,1497,0.1388
1458,53,1511,0.1388
1458,53,1511,0.1388
1450,51,1501,0.1388
1454,53,1507,0.1388
1458,50,1508,0.1388
1446,50,1496,0.1388
1456,50,1506,0.1388
1441,50,1491,0.1388
1432,51,1483,0.1388
1432,50,1482,0.1388
1434,50,1484,0.1388
1433,51,1484,0.1388
1442,52,1494,0.1388
1438,53,1491,0.1388
1436,51,1487,0.1388
1439,51,1490,0.1388
1453,49,1502,0.1388
1456,49,1505,0.1388
1459,46,1505,0.1388
1440,49,1489,0.1388
1443,50,1493,0.1388
1450,53,1503,0.1388
1442,53,1495,0.1388
1434,50,1484,0.1388
1438,50,1488,0.1388
1435,52,1487,0.1388
1428,54,1482,0.1388
1434,55,1489,0.1388
1425,53,1478,0.1388
1431,56,1487,0.1388
1415,60,1475,0.1388
1400,60,1460,0.1388
1411,58,1469,0.1388
1413,55,1468,0.1388
1420,54,1474,0.1388
1415,54,1469,0.1388
1417,53,1470,0.1388
1420,53,1473,0.1388
1421,54,1475,0.1388
1426,54,1480,0.1388
1424,54,1478,0.1388
1425,55,1480,0.1388
1431,53,1484,0.1388
1439,53,1492,0.1388
1414,53,1467,0.1388
1413,55,1468,0.1388
1425,53,1478,0.1388
1430,54,1484,0.1388
1417,56,1473,0.1388
1430,55,1485,0.1388
1435,55,1490,0.1388
1429,57,1486,0.1388
1433,59,1492,0.1388
1445,57,1502,0.1388
1448,56,1504,0.1388
1447,53,1500,0.1388
1438,57,1495,0.1388
1430,59,1489,0.1388
1421,59,1480,0.1388
1428,62,1490,0.1388
1418,60,1478,0.1388
1421,60,1481,0.1388
1422,63,1485,0.1388
1421,65,1486,0.1388
1429,64,1493,0.1388
1413,65,1478,0.1388
1409,64,1473,0.1388
1426,66,1492,0.1388
1427,66,1493,0.1388
1424,64,1488,0.1388
1408,67,1475,0.1388
1416,66,1482,0.1388
1437,69,1506,0.1388
1421,71,1492,0.1388
1424,73,1497,0.1388
1417,72,1489,0.1388
1407,71,1478,0.1388
1420,69,1489,0.1388
1414,74,1488,0.1388
1411,74,1485,0.1388
1406,73,1479,0.1388
1405,72,1477,0.1388
1422,74,1496,0.1388
1417,73,1490,0.1388
1425,76,1501,0.1388
1416,76,1492,0.1388
1429,77,1506,0.1388
1426,77,1503,0.1388
1427,74,1501,0.1388
1420,76,1496,0.1388
1401,76,1477,0.1388
1407,78,1485,0.1388
1400,81,1481,0.1388
1408,79,1487,0.1388
1401,79,1480,0.1388
1411,81,1492,0.1388
1416,82,1498,0.1388
1419,84,1503,0.1388
1410,84,1494,0.1388
1416,84,1500,0.1388
1420,86,1506,0.1388
1404,86,1490,0.1388
1401,85,1486,0.1388
1411,87,1498,0.1388
1408,87,1495,0.1388
1408,84,1492,0.1388
1412,84,1496,0.1388
1414,83,1497,0.1388
1411,83,1494,0.1388
1422,86,1508,0.1388
1422,84,1506,0.1388
1413,84,1497,0.1388
1399,87,1486,0.1388
1386,84,1470,0.1388
1395,88,1483,0.1388
1405,88,1493,0.1388
1409,88,1497,0.1388
1408,86,1494,0.1388
1415,89,1504,0.1388
1414,87,1501,0.1388
1399,89,1488,0.1388
1393,89,1482,0.1388
1386,90,1476,0.1388
1397,91,1488,0.1388
1408,94,1502,0.1388
1402,95,1497,0.1388
1412,93,1505,0.1388
1398,95,1493,0.1388
1400,96,1496,0.1388
1404,95,1499,0.1388
1416,96,1512,0.1388
1416,98,1514,0.1388
1405,98,1503,0.1388
1398,98,1496,0.1388
1401,99,1500,0.1388
1385,97,1482,0.1388
1384,97,1481,0.1388
1394,100,1494,0.1388
1393,100,1493,0.1388
1409,97,1506,0.1388
1410,96,1506,0.1388
1407,98,1505,0.1388
1397,99,1496,0.1388
1399,94,1493,0.1388
1399,96,1495,0.1388
1408,98,1506,0.1388
1396,98,1494,0.1388
1397,101,1498,0.1388
1393,102,1495,0.1388
1390,101,1491,0.1388
1383,104,1487,0.1388
1376,104,1480,0.1388
1375,102,1477,0.1388
1375,108,1483,0.1388
1389,108,1497,0.1388
1389,106,1495,0.1388
1382,110,1492,0.1388
1383,110,1493,0.1388
1383,111,1494,0.1388
1391,112,1503,0.1388
1383,114,1497,0.1388
1372,118,1490,0.1388
1390,117,1507,0.1388
1389,113,1502,0.1388
1366,113,1479,0.1388
1371,112,1483,0.1388
1374,114,1488,0.1388
1389,115,1504,0.1388
1389,112,1501,0.1388
1397,115,1512,0.1388
1384,116,1500,0.1388
1376,116,1492,0.1388
1361,117,1478,0.1388
1353,116,1469,0.1388
1365,118,1483,0.1388
1369,121,1490,0.1388
1356,119,1475,0.1388
1372,122,1494,0.1388
1371,124,1495,0.1388
1376,117,1493,0.1388
1383,120,1503,0.1388
1370,119,1489,0.1388
1373,120,1493,0.1388
1369,122,1491,0.1388
1372,121,1493,0.1388
1374,122,1496,0.1388
1372,122,1494,0.1388
1372,122,1494,0.1388
1364,125,1489,0.1388
1360,134,1494,0.1388
1382,134,1516,0.1388
1382,134,1516,0.1388
1378,132,1510,0.1388
1367,136,1503,0.1388
1364,133,1497,0.1388
1360,137,1497,0.1388
1361,136,1497,0.1388
1362,136,1498,0.1388
1350,140,1490,0.1388
1359,139,1498,0.1388
1365,136,1501,0.1388
1364,136,1500,0.1388
1368,132,1500,0.1388
1366,134,1500,0.1388
1371,131,1502,0.1388
1370,133,1503,0.1388
1367,134,1501,0.1388
1365,131,1496,0.1388
1364,133,1497,0.1388
1364,132,1496,0.1388
1357,136,1493,0.1388
1370,135,1505,0.1388
1375,137,1512,0.1388
1367,136,1503,0.1388
1359,140,1499,0.1388
1350,139,1489,0.1388
1348,141,1489,0.1388
1358,137,1495,0.1388
1359,143,1502,0.1388
1357,140,1497,0.1388
1350,136,1486,0.1388
1354,135,1489,0.1388
1351,142,1493,0.1388
1353,144,1497,0.1388
1358,143,1501,0.1388
1336,141,1477,0.1388
1334,143,1477,0.1388
1332,145,1477,0.1388
1332,142,1474,0.1388
1342,143,1485,0.1388
1327,138,1465,0.1388
1330,138,1468,0.1388
1336,144,1480,0.1388
1328,144,1472,0.1388
1334,146,1480,0.1388
1330,144,1474,0.1388
1324,147,1471,0.1388
1331,149,1480,0.1388
1339,156,1495,0.1388
1348,154,1502,0.1388
1335,151,1486,0.1388
1346,147,1493,0.1388
1347,151,1498,0.1388
1355,150,1505,0.1388
1357,152,1509,0.1388
1351,155,1506,0.1388
1341,159,1500,0.1388
1338,161,1499,0.1388
1347,156,1503,0.1388
1344,158,1502,0.1388
1334,155,1489,0.1388
1340,159,1499,0.1388
1345,160,1505,0.1388
1331,160,1491,0.1388
1337,159,1496,0.1388
1328,159,1487,0.1388
1324,161,1485,0.1388
1332,166,1498,0.1388
1336,167,1503,0.1388
1325,168,1493,0.1388
1322,168,1490,0.1388
1319,168,1487,0.1388
1319,165,1484,0.1388
1330,164,1494,0.1388
1321,167,1488,0.1388
1326,168,1494,0.1388
1311,170,1481,0.1388
1308,168,1476,0.1388
1320,165,1485,0.1388
1334,167,1501,0.1388
1330,169,1499,0.1388
1329,168,1497,0.1388
1332,169,1501,0.1388
1321,164,1485,0.1388
1318,160,1478,0.1388
1322,157,1479,0.1388
1331,161,1492,0.1388
1333,162,1495,0.1388
1338,166,1504,0.1388
1339,171,1510,0.1388
1319,170,1489,0.1388
1317,171,1488,0.1388
1322,174,1496,0.1388
1316,174,1490,0.1388
1318,170,1488,0.1388
1317,168,1485,0.1388
1324,168,1492,0.1388
1329,166,1495,0.1388
1338,166,1504,0.1388
1331,168,1499,0.1388
1325,170,1495,0.1388
1324,169,1493,0.1388
1322,167,1489,0.1388
1330,169,1499,0.1388
1330,164,1494,0.1388
1340,162,1502,0.1388
1335,163,1498,0.1388
1341,161,1502,0.1388
1341,164,1505,0.1388
1311,160,1471,0.1388
1315,168,1483,0.1388
1313,170,1483,0.1388
1321,175,1496,0.1388
1319,177,1496,0.1388
1323,178,1501,0.1388
1329,182,1511,0.1388
1331,183,1514,0.1388
1318,181,1499,0.1388
1307,178,1485,0.1388
1304,179,1483,0.1388
1298,179,1477,0.1388
1295,186,1481,0.1388
1286,185,1471,0.1388
1283,185,1468,0.1388
1283,184,1467,0.1388
1296,184,1480,0.1388
1305,184,1489,0.1388
1311,183,1494,0.1388
1314,187,1501,0.1388
1315,183,1498,0.1388
1303,188,1491,0.1388
1313,185,1498,0.1388
1317,189,1506,0.1388
1311,190,1501,0.1388
1321,191,1512,0.1388
1318,196,1514,0.1388
1305,196,1501,0.1388
1307,197,1504,0.1388
1296,200,1496,0.1388
1286,202,1488,0.1388
1284,205,1489,0.1388
1292,205,1497,0.1388
1295,209,1504,0.1388
1291,208,1499,0.1388
1293,206,1499,0.1388
1286,206,1492,0.1388
1282,205,1487,0.1388
1276,207,1483,0.1388
1261,200,1461,0.1388
1263,201,1464,0.1388
1280,202,1482,0.1388
1282,206,1488,0.1388
1277,207,1484,0.1388
1279,205,1484,0.1388
1274,212,1486,0.1388
1280,213,1493,0.1388
1278,217,1495,0.1388
1271,220,1491,0.1388
1272,219,1491,0.1388
1275,221,1496,0.1388
1273,218,1491,0.1388
1276,220,1496,0.1388
1277,221,1498,0.1388
1277,222,1499,0.1388
1264,226,1490,0.1388
1271,226,1497,0.1388
1269,228,1497,0.1388
1274,228,1502,0.1388
1267,229,1496,0.1388
1271,234,1505,0.1388
1272,235,1507,0.1388
1272,232,1504,0.1388
1268,229,1497,0.1388
1268,226,1494,0.1388
1260,226,1486,0.1388
1263,231,1494,0.1388
1255,232,1487,0.1388
1256,237,1493,0.1388
1262,236,1498,0.1388
1270,236,1506,0.1388
1271,235,1506,0.1388
1268,233,1501,0.1388
1251,226,1477,0.1388
1262,225,1487,0.1388
1266,222,1488,0.1388
1262,226,1488,0.1388
1262,238,1500,0.1388
1261,236,1497,0.1388
1255,237,1492,0.1388
1260,236,1496,0.1388
1253,236,1489,0.1388
1253,237,1490,0.1388
1273,240,1513,0.1388
1266,238,1504,0.1388
1262,238,1500,0.1388
1257,242,1499,0.1388
1256,242,1498,0.1388
1271,247,1518,0.1388
1262,237,1499,0.1388
1256,240,1496,0.1388
1257,242,1499,0.1388
1261,242,1503,0.1388
1265,237,1502,0.1388
1265,234,1499,0.1388
1271,237,1508,0.1388
1259,240,1499,0.1388
1248,246,1494,0.1388
1237,253,1490,0.1388
1226,248,1474,0.1388
1237,252,1489,0.1388
1236,252,1488,0.1388
1243,256,1499,0.1388
1240,253,1493,0.1388
1240,260,1500,0.1388
1240,258,1498,0.1388
1237,258,1495,0.1388
1236,254,1490,0.1388
1226,259,1485,0.1388
1223,265,1488,0.1388
1231,274,1505,0.1388
1232,272,1504,0.1388
1234,273,1507,0.1388
1220,273,1493,0.1388
1218,282,1500,0.1388
1219,276,1495,0.1388
1221,274,1495,0.1388
1218,271,1489,0.1388
1208,274,1482,0.1388
1210,268,1478,0.1388
1211,270,1481,0.1388
1204,278,1482,0.1388
1200,280,1480,0.1388
1206,283,1489,0.1388
1210,278,1488,0.1388
1225,275,1500,0.1388
1229,276,1505,0.1388
1224,281,1505,0.1388
1217,284,1501,0.1388
1220,285,1505,0.1388
1218,283,1501,0.1388
1215,284,1499,0.1388
1216,286,1502,0.1388
1217,294,1511,0.1388
1216,292,1508,0.1388
1219,295,1514,0.1388
1213,299,1512,0.1388
1209,291,1500,0.1388
1210,289,1499,0.1388
1210,288,1498,0.1388
1216,288,1504,0.1388
1210,287,1497,0.1388
1215,286,1501,0.1388
1216,294,1510,0.1388
1211,296,1507,0.1388
1219,293,1512,0.1388
1212,292,1504,0.1388
1213,290,1503,0.1388
1206,289,1495,0.1388
1212,291,1503,0.1388
1209,293,1502,0.1388
1208,292,1500,0.1388
1199,297,1496,0.1388
1198,298,1496,0.1388
1198,296,1494,0.1388
1193,302,1495,0.1388
1188,298,1486,0.1388
1190,296,1486,0.1388
1182,303,1485,0.1388
1176,298,1474,0.1388
1174,298,1472,0.1388
1195,300,1495,0.1388
1191,306,1497,0.1388
1203,311,1514,0.1388
1193,308,1501,0.1388
1188,310,1498,0.1388
1186,311,1497,0.1388
1183,308,1491,0.1388
1188,314,1502,0.1388
1179,306,1485,0.1388
1171,310,1481,0.1388
1184,315,1499,0.1388
1178,314,1492,0.1388
1192,316,1508,0.1388
1184,320,1504,0.1388
1182,315,1497,0.1388
1185,319,1504,0.1388
1181,317,1498,0.1388
1189,309,1498,0.1388
1173,315,1488,0.1388
1177,311,1488,0.1388
1181,307,1488,0.1388
1182,309,1491,0.1388
1190,310,1500,0.1388
1185,309,1494,0.1388
1190,316,1506,0.1388
1178,320,1498,0.1388
1165,321,1486,0.1388
1171,324,1495,0.1388
1165,325,1490,0.1388
1177,323,1500,0.1388
1170,325,1495,0.1388
1162,331,1493,0.1388
1165,325,1490,0.1388
1161,331,1492,0.1388
1159,332,1491,0.1388
1159,335,1494,0.1388
1157,327,1484,0.1388
1159,329,1488,0.1388
1155,332,1487,0.1388
1158,341,1499,0.1388
1153,339,1492,0.1388
1142,338,1480,0.1388
1151,338,1489,0.1388
1142,342,1484,0.1388
1141,337,1478,0.1388
1157,339,1496,0.1388
1144,342,1486,0.1388
1142,341,1483,0.1388
1140,343,1483,0.1388
1148,339,1487,0.1388
1153,343,1496,0.1388
1146,344,1490,0.1388
1153,342,1495,0.1388
1150,344,1494,0.1388
1166,340,1506,0.1388
1162,341,1503,0.1388
1155,340,1495,0.1388
1154,346,1500,0.1388
1142,352,1494,0.1388
1142,354,1496,0.1388
1143,352,1495,0.1388
1151,350,1501,0.1388
1147,347,1494,0.1388
1153,341,1494,0.1388
1156,347,1503,0.1388
1156,343,1499,0.1388
1152,346,1498,0.1388
1150,344,1494,0.1388
1153,349,1502,0.1388
1150,353,1503,0.1388
1144,350,1494,0.1388
1132,345,1477,0.1388
1139,348,1487,0.1388
1137,352,1489,0.1388
1131,356,1487,0.1388
1142,363,1505,0.1388
1143,364,1507,0.1388
1149,358,1507,0.1388
1143,364,1507,0.1388
1136,364,1500,0.1388
1149,364,1513,0.1388
1149,356,1505,0.1388
1152,354,1506,0.1388
1155,357,1512,0.1388
1132,358,1490,0.1388
1134,349,1483,0.1388
1143,352,1495,0.1388
1137,350,1487,0.1388
1135,356,1491,0.1388
1145,352,1497,0.1388
1139,352,1491,0.1388
1126,352,1478,0.1388
1127,342,1469,0.1388
1124,346,1470,0.1388
1130,352,1482,0.1388
1146,355,1501,0.1388
1148,353,1501,0.1388
1143,352,1495,0.1388
1139,355,1494,0.1388
1142,352,1494,0.1388
1136,349,1485,0.1388
1148,353,1501,0.1388
1141,348,1489,0.1388
1146,355,1501,0.1388
1150,353,1503,0.1388
1154,348,1502,0.1388
1149,347,1496,0.1388
1148,352,1500,0.1388
1152,357,1509,0.1388
1153,355,1508,0.1388
1142,358,1500,0.1388
1143,360,1503,0.1388
1136,357,1493,0.1388
1141,359,1500,0.1388
1132,360,1492,0.1388
1143,357,1500,0.1388
1152,356,1508,0.1388
1141,356,1497,0.1388
1137,353,1490,0.1388
1135,354,1489,0.1388
1135,355,1490,0.1388
1126,362,1488,0.1388
1120,373,1493,0.1388
1100,379,1479,0.1388
1111,376,1487,0.1388
1124,379,1503,0.1388
1118,379,1497,0.1388
1124,374,1498,0.1388
1120,376,1496,0.1388
1121,377,1498,0.1388
1117,373,1490,0.1388
1111,381,1492,0.1388
1100,384,1484,0.1388
1101,395,1496,0.1388
1103,407,1510,0.1388
1098,400,1498,0.1388
1084,402,1486,0.1388
1087,403,1490,0.1388
1092,405,1497,0.1388
1082,407,1489,0.1388
1071,413,1484,0.1388
1066,410,1476,0.1388
1070,421,1491,0.1388
1074,419,1493,0.1388
1082,413,1495,0.1388
1085,415,1500,0.1388
1082,421,1503,0.1388
1085,422,1507,0.1388
1087,418,1505,0.1388
1079,416,1495,0.1388
1087,412,1499,0.1388
1084,419,1503,0.1388
1078,420,1498,0.1388
1075,423,1498,0.1388
1074,429,1503,0.1388
1068,438,1506,0.1388
1064,437,1501,0.1388
1056,441,1497,0.1388
1063,436,1499,0.1388
1060,445,1505,0.1388
1058,443,1501,0.1388
1060,447,1507,0.1388
1058,454,1512,0.1388
1059,456,1515,0.1388
1049,453,1502,0.1388
1053,448,1501,0.1388
1034,446,1480,0.1388
1046,447,1493,0.1388
1054,451,1505,0.1388
1061,459,1520,0.1388
1055,459,1514,0.1388
1059,461,1520,0.1388
1059,456,1515,0.1388
1052,455,1507,0.1388
1048,453,1501,0.1388
1053,457,1510,0.1388
1052,460,1512,0.1388
1041,458,1499,0.1388
1036,460,1496,0.1388
1045,454,1499,0.1388
1041,462,1503,0.1388
1035,470,1505,0.1388
1027,474,1501,0.1388
1019,479,1498,0.1388
1023,478,1501,0.1388
1027,476,1503,0.1388
1033,480,1513,0.1388
1034,475,1509,0.1388
1035,467,1502,0.1388
1050,464,1514,0.1388
1051,464,1515,0.1388
1048,465,1513,0.1388
1040,463,1503,0.1388
1050,468,1518,0.1388
1048,463,1511,0.1388
1051,458,1509,0.1388
1048,458,1506,0.1388
1042,464,1506,0.1388
1032,472,1504,0.1388
1025,475,1500,0.1388
1021,486,1507,0.1388
1018,491,1509,0.1388
1007,494,1501,0.1388
994,490,1484,0.1388
997,496,1493,0.1388
994,495,1489,0.1388
993,494,1487,0.1388
996,500,1496,0.1388
987,496,1483,0.1388
992,492,1484,0.1388
999,503,1502,0.1388
993,510,1503,0.1388
995,509,1504,0.1388
1010,501,1511,0.1388
1004,505,1509,0.1388
998,509,1507,0.1388
997,504,1501,0.1388
993,507,1500,0.1388
985,503,1488,0.1388
980,506,1486,0.1388
990,509,1499,0.1388
986,504,1490,0.1388
992,514,1506,0.1388
988,512,1500,0.1388
977,514,1491,0.1388
970,512,1482,0.1388
985,522,1507,0.1388
996,523,1519,0.1388
988,516,1504,0.1388
986,522,1508,0.1388
987,525,1512,0.1388
975,517,1492,0.1388
973,524,1497,0.1388
974,525,1499,0.1388
979,524,1503,0.1388
982,525,1507,0.1388
984,524,1508,0.1388
988,522,1510,0.1388
975,517,1492,0.1388
979,521,1500,0.1388
983,520,1503,0.1388
986,529,1515,0.1388
981,532,1513,0.1388
980,520,1500,0.1388
976,525,1501,0.1388
988,521,1509,0.1388
979,525,1504,0.1388
972,522,1494,0.1388
965,529,1494,0.1388
972,530,1502,0.1388
969,532,1501,0.1388
968,529,1497,0.1388
978,524,1502,0.1388
975,531,1506,0.1388
980,526,1506,0.1388
984,534,1518,0.1388
986,540,1526,0.1388
982,539,1521,0.1388
972,535,1507,0.1388
975,542,1517,0.1388
982,540,1522,0.1388
969,532,1501,0.1388
965,537,1502,0.1388
973,532,1505,0.1388
980,526,1506,0.1388
972,529,1501,0.1388
976,530,1506,0.1388
970,534,1504,0.1388
966,532,1498,0.1388
975,547,1522,0.1388
977,554,1531,0.1388
978,544,1522,0.1388
971,544,1515,0.1388
964,554,1518,0.1388
966,551,1517,0.1388
967,551,1518,0.1388
969,547,1516,0.1388
972,542,1514,0.1388
964,539,1503,0.1388
967,536,1503,0.1388
966,536,1502,0.1388
966,542,1508,0.1388
964,537,1501,0.1388
966,537,1503,0.1388
960,544,1504,0.1388
952,547,1499,0.1388
955,552,1507,0.1388
947,556,1503,0.1388
941,558,1499,0.1388
945,557,1502,0.1388
950,559,1509,0.1388
954,549,1503,0.1388
949,546,1495,0.1388
946,554,1500,0.1388
941,541,1482,0.1388
942,541,1483,0.1388
948,537,1485,0.1388
941,547,1488,0.1388
942,551,1493,0.1388
938,545,1483,0.1388
947,552,1499,0.1388
948,546,1494,0.1388
946,545,1491,0.1388
939,550,1489,0.1388
927,547,1474,0.1388
943,548,1491,0.1388
942,551,1493,0.1388
944,551,1495,0.1388
943,548,1491,0.1388
946,551,1497,0.1388
954,548,1502,0.1388
960,546,1506,0.1388
956,541,1497,0.1388
963,547,1510,0.1388
976,543,1519,0.1388
959,542,1501,0.1388
958,542,1500,0.1388
950,550,1500,0.1388
953,554,1507,0.1388
948,545,1493,0.1388
949,541,1490,0.1388
951,550,1501,0.1388
953,544,1497,0.1388
959,539,1498,0.1388
958,535,1493,0.1388
961,538,1499,0.1388
959,539,1498,0.1388
964,541,1505,0.1388
957,544,1501,0.1388
960,546,1506,0.1388
948,546,1494,0.1388
967,545,1512,0.1388
971,539,1510,0.1388
963,551,1514,0.1388
958,554,1512,0.1388
954,551,1505,0.1388
961,541,1502,0.1388
959,531,1490,0.1388
955,541,1496,0.1388
950,546,1496,0.1388
950,546,1496,0.1388
953,552,1505,0.1388
957,546,1503,0.1388
951,553,1504,0.1388
959,564,1523,0.1388
960,565,1525,0.1388
958,560,1518,0.1388
939,561,1500,0.1388
930,558,1488,0.1388
932,553,1485,0.1388
947,557,1504,0.1388
944,561,1505,0.1388
940,557,1497,0.1388
948,562,1510,0.1388
937,567,1504,0.1388
935,569,1504,0.1388
932,567,1499,0.1388
921,565,1486,0.1388
908,566,1474,0.1388
922,578,1500,0.1388
925,583,1508,0.1388
923,576,1499,0.1388
921,577,1498,0.1388
928,577,1505,0.1388
928,574,1502,0.1388
921,576,1497,0.1388
926,581,1507,0.1388
933,578,1511,0.1388
923,579,1502,0.1388
915,593,1508,0.1388
908,592,1500,0.1388
911,591,1502,0.1388
913,587,1500,0.1388
912,593,1505,0.1388
917,587,1504,0.1388
918,590,1508,0.1388
916,592,1508,0.1388
911,597,1508,0.1388
904,603,1507,0.1388
920,609,1529,0.1388
914,602,1516,0.1388
912,606,1518,0.1388
911,598,1509,0.1388
907,595,1502,0.1388
908,602,1510,0.1388
893,600,1493,0.1388
900,597,1497,0.1388
897,593,1490,0.1388
891,600,1491,0.1388
891,595,1486,0.1388
896,599,1495,0.1388
889,598,1487,0.1388
890,603,1493,0.1388
894,602,1496,0.1388
888,597,1485,0.1388
899,601,1500,0.1388
905,607,1512,0.1388
897,610,1507,0.1388
897,614,1511,0.1388
896,623,1519,0.1388
887,622,1509,0.1388
871,610,1481,0.1388
880,607,1487,0.1388
878,624,1502,0.1388
878,632,1510,0.1388
876,629,1505,0.1388
885,626,1511,0.1388
895,622,1517,0.1388
889,617,1506,0.1388
892,614,1506,0.1388
900,625,1525,0.1388
885,613,1498,0.1388
883,614,1497,0.1388
883,612,1495,0.1388
882,620,1502,0.1388
881,614,1495,0.1388
887,623,1510,0.1388
878,621,1499,0.1388
880,628,1508,0.1388
883,624,1507,0.1388
880,626,1506,0.1388
878,630,1508,0.1388
881,619,1500,0.1388
884,621,1505,0.1388
883,619,1502,0.1388
880,616,1496,0.1388
879,624,1503,0.1388
883,618,1501,0.1388
888,627,1515,0.1388
886,630,1516,0.1388
892,633,1525,0.1388
886,637,1523,0.1388
881,640,1521,0.1388
856,636,1492,0.1388
852,643,1495,0.1388
843,641,1484,0.1388
846,646,1492,0.1388
850,652,1502,0.1388
856,646,1502,0.1388
863,642,1505,0.1388
851,650,1501,0.1388
852,655,1507,0.1388
848,653,1501,0.1388
849,644,1493,0.1388
834,644,1478,0.1388
838,648,1486,0.1388
841,651,1492,0.1388
842,645,1487,0.1388
833,643,1476,0.1388
836,653,1489,0.1388
838,656,1494,0.1388
842,643,1485,0.1388
847,645,1492,0.1388
851,650,1501,0.1388
856,650,1506,0.1388
862,648,1510,0.1388
870,659,1529,0.1388
866,660,1526,0.1388
845,664,1509,0.1388
853,665,1518,0.1388
854,655,1509,0.1388
840,665,1505,0.1388
837,662,1499,0.1388
830,667,1497,0.1388
839,662,1501,0.1388
845,668,1513,0.1388
842,660,1502,0.1388
844,657,1501,0.1388
838,652,1490,0.1388
840,654,1494,0.1388
831,652,1483,0.1388
843,660,1503,0.1388
852,659,1511,0.1388
848,659,1507,0.1388
843,664,1507,0.1388
842,670,1512,0.1388
840,663,1503,0.1388
836,662,1498,0.1388
826,669,1495,0.1388
829,676,1505,0.1388
832,675,1507,0.1388
830,687,1517,0.1388
825,683,1508,0.1388
825,681,1506,0.1388
823,687,1510,0.1388
823,685,1508,0.1388
813,686,1499,0.1388
811,693,1504,0.1388
815,693,1508,0.1388
818,694,1512,0.1388
811,693,1504,0.1388
814,690,1504,0.1388
816,701,1517,0.1388
807,694,1501,0.1388
800,695,1495,0.1388
799,693,1492,0.1388
798,694,1492,0.1388
800,689,1489,0.1388
805,696,1501,0.1388
815,701,1516,0.1388
814,703,1517,0.1388
822,699,1521,0.1388
807,703,1510,0.1388
806,701,1507,0.1388
809,699,1508,0.1388
809,704,1513,0.1388
806,707,1513,0.1388
809,700,1509,0.1388
808,704,1512,0.1388
801,700,1501,0.1388
811,704,1515,0.1388
810,708,1518,0.1388
792,714,1506,0.1388
798,720,1518,0.1388
790,712,1502,0.1388
783,715,1498,0.1388
789,723,1512,0.1388
777,712,1489,0.1388
779,724,1503,0.1388
779,726,1505,0.1388
781,730,1511,0.1388
781,737,1518,0.1388
781,738,1519,0.1388
778,734,1512,0.1388
769,729,1498,0.1388
775,734,1509,0.1388
770,735,1505,0.1388
768,733,1501,0.1388
759,735,1494,0.1388
767,744,1511,0.1388
768,747,1515,0.1388
765,757,1522,0.1388
759,747,1506,0.1388
758,753,1511,0.1388
758,751,1509,0.1388
759,751,1510,0.1388
756,747,1503,0.1388
746,744,1490,0.1388
736,752,1488,0.1388
745,755,1500,0.1388
734,751,1485,0.1388
746,753,1499,0.1388
742,755,1497,0.1388
743,763,1506,0.1388
746,767,1513,0.1388
743,772,1515,0.1388
743,771,1514,0.1388
733,770,1503,0.1388
731,769,1500,0.1388
734,774,1508,0.1388
729,778,1507,0.1388
732,782,1514,0.1388
725,783,1508,0.1388
720,784,1504,0.1388
720,784,1504,0.1388
713,790,1503,0.1388
707,782,1489,0.1388
708,799,1507,0.1388
708,797,1505,0.1388
701,798,1499,0.1388
710,798,1508,0.1388
704,802,1506,0.1388
702,805,1507,0.1388
696,799,1495,0.1388
700,804,1504,0.1388
702,805,1507,0.1388
695,801,1496,0.1388
691,805,1496,0.1388
692,802,1494,0.1388
690,810,1500,0.1388
691,814,1505,0.1388
688,813,1501,0.1388
697,814,1511,0.1388
691,812,1503,0.1388
691,815,1506,0.1388
683,813,1496,0.1388
683,820,1503,0.1388
685,807,1492,0.1388
688,822,1510,0.1388
686,822,1508,0.1388
690,818,1508,0.1388
688,828,1516,0.1388
688,831,1519,0.1388
679,834,1513,0.1388
668,839,1507,0.1388
674,836,1510,0.1388
677,835,1512,0.1388
666,849,1515,0.1388
661,839,1500,0.1388
661,838,1499,0.1388
663,839,1502,0.1388
660,849,1509,0.1388
659,847,1506,0.1388
660,850,1510,0.1388
658,831,1489,0.1388
655,841,1496,0.1388
666,848,1514,0.1388
659,844,1503,0.1388
662,839,1501,0.1388
661,836,1497,0.1388
660,832,1492,0.1388
671,833,1504,0.1388
668,824,1492,0.1388
657,830,1487,0.1388
659,842,1501,0.1388
655,846,1501,0.1388
658,840,1498,0.1388
657,836,1493,0.1388
659,845,1504,0.1388
659,838,1497,0.1388
674,840,1514,0.1388
667,860,1527,0.1388
669,857,1526,0.1388
657,855,1512,0.1388
654,862,1516,0.1388
653,861,1514,0.1388
653,857,1510,0.1388
651,857,1508,0.1388
649,854,1503,0.1388
648,854,1502,0.1388
643,854,1497,0.1388
646,862,1508,0.1388
641,860,1501,0.1388
629,863,1492,0.1388
616,869,1485,0.1388
617,884,1501,0.1388
619,887,1506,0.1388
615,884,1499,0.1388
620,897,1517,0.1388
615,899,1514,0.1388
615,896,1511,0.1388
608,889,1497,0.1388
609,897,1506,0.1388
602,901,1503,0.1388
598,899,1497,0.1388
594,903,1497,0.1388
593,906,1499,0.1388
589,910,1499,0.1388
591,914,1505,0.1388
586,918,1504,0.1388
573,920,1493,0.1388
575,904,1479,0.1388
587,906,1493,0.1388
589,907,1496,0.1388
590,908,1498,0.1388
583,910,1493,0.1388
579,920,1499,0.1388
582,915,1497,0.1388
581,923,1504,0.1388
586,929,1515,0.1388
580,926,1506,0.1388
583,914,1497,0.1388
582,920,1502,0.1388
587,929,1516,0.1388
588,926,1514,0.1388
593,926,1519,0.1388
592,923,1515,0.1388
588,930,1518,0.1388
585,929,1514,0.1388
585,936,1521,0.1388
580,936,1516,0.1388
586,940,1526,0.1388
573,942,1515,0.1388
570,942,1512,0.1388
567,941,1508,0.1388
570,932,1502,0.1388
570,931,1501,0.1388
568,948,1516,0.1388
567,950,1517,0.1388
570,953,1523,0.1388
570,951,1521,0.1388
564,960,1524,0.1388
573,952,1525,0.1388
582,956,1538,0.1388
576,957,1533,0.1388
564,954,1518,0.1388
565,959,1524,0.1388
570,961,1531,0.1388
564,958,1522,0.1388
562,944,1506,0.1388
562,946,1508,0.1388
564,948,1512,0.1388
556,951,1507,0.1388
549,944,1493,0.1388
548,954,1502,0.1388
553,964,1517,0.1388
553,965,1518,0.1388
547,963,1510,0.1388
547,969,1516,0.1388
546,975,1521,0.1388
548,973,1521,0.1388
549,972,1521,0.1388
540,968,1508,0.1388
535,968,1503,0.1388
530,978,1508,0.1388
536,968,1504,0.1388
538,979,1517,0.1388
533,981,1514,0.1388
532,971,1503,0.1388
530,969,1499,0.1388
527,971,1498,0.1388
525,983,1508,0.1388
529,982,1511,0.1388
525,974,1499,0.1388
524,972,1496,0.1388
527,971,1498,0.1388
534,980,1514,0.1388
534,978,1512,0.1388
545,978,1523,0.1388
545,984,1529,0.1388
537,982,1519,0.1388
538,993,1531,0.1388
540,985,1525,0.1388
538,980,1518,0.1388
543,981,1524,0.1388
531,986,1517,0.1388
523,977,1500,0.1388
522,976,1498,0.1388
525,991,1516,0.1388
522,984,1506,0.1388
524,1000,1524,0.1388
519,990,1509,0.1388
519,987,1506,0.1388
517,982,1499,0.1388
511,991,1502,0.1388
510,984,1494,0.1388
511,993,1504,0.1388
514,1008,1522,0.1388
521,1006,1527,0.1388
513,1007,1520,0.1388
500,1013,1513,0.1388
493,1019,1512,0.1388
498,1021,1519,0.1388
492,1024,1516,0.1388
488,1027,1515,0.1388
483,1032,1515,0.1388
480,1033,1513,0.1388
484,1041,1525,0.1388
486,1031,1517,0.1388
487,1034,1521,0.1388
475,1039,1514,0.1388
482,1044,1526,0.1388
483,1049,1532,0.1388
485,1045,1530,0.1388
481,1041,1522,0.1388
475,1041,1516,0.1388
480,1039,1519,0.1388
481,1030,1511,0.1388
465,1035,1500,0.1388
472,1029,1501,0.1388
474,1026,1500,0.1388
471,1038,1509,0.1388
467,1038,1505,0.1388
462,1044,1506,0.1388
473,1048,1521,0.1388
474,1043,1517,0.1388
472,1038,1510,0.1388
472,1033,1505,0.1388
469,1038,1507,0.1388
468,1050,1518,0.1388
467,1044,1511,0.1388
465,1051,1516,0.1388
469,1047,1516,0.1388
470,1034,1504,0.1388
464,1033,1497,0.1388
461,1046,1507,0.1388
460,1048,1508,0.1388
461,1051,1512,0.1388
468,1050,1518,0.1388
473,1047,1520,0.1388
466,1044,1510,0.1388
455,1033,1488,0.1388
462,1039,1501,0.1388
455,1044,1499,0.1388
458,1041,1499,0.1388
461,1030,1491,0.1388
463,1032,1495,0.1388
462,1032,1494,0.1388
462,1036,1498,0.1388
461,1047,1508,0.1388
450,1059,1509,0.1388
447,1049,1496,0.1388
453,1053,1506,0.1388
455,1057,1512,0.1388
456,1054,1510,0.1388
459,1061,1520,0.1388
457,1056,1513,0.1388
459,1064,1523,0.1388
459,1064,1523,0.1388
457,1059,1516,0.1388
454,1068,1522,0.1388
454,1067,1521,0.1388
448,1069,1517,0.1388
449,1076,1525,0.1388
434,1069,1503,0.1388
435,1066,1501,0.1388
436,1066,1502,0.1388
444,1079,1523,0.1388
436,1075,1511,0.1388
442,1073,1515,0.1388
444,1070,1514,0.1388
446,1068,1514,0.1388
454,1071,1525,0.1388
443,1081,1524,0.1388
437,1076,1513,0.1388
438,1082,1520,0.1388
436,1071,1507,0.1388
440,1073,1513,0.1388
438,1086,1524,0.1388
441,1076,1517,0.1388
442,1074,1516,0.1388
436,1076,1512,0.1388
433,1081,1514,0.1388
434,1075,1509,0.1388
432,1072,1504,0.1388
437,1073,1510,0.1388
439,1079,1518,0.1388
437,1087,1524,0.1388
441,1082,1523,0.1388
435,1079,1514,0.1388
433,1075,1508,0.1388
442,1077,1519,0.1388
438,1080,1518,0.1388
433,1087,1520,0.1388
427,1093,1520,0.1388
427,1082,1509,0.1388
423,1082,1505,0.1388
425,1087,1512,0.1388
424,1090,1514,0.1388
424,1078,1502,0.1388
417,1066,1483,0.1388
415,1080,1495,0.1388
415,1090,1505,0.1388
416,1095,1511,0.1388
409,1098,1507,0.1388
407,1093,1500,0.1388
401,1100,1501,0.1388
406,1111,1517,0.1388
405,1103,1508,0.1388
397,1099,1496,0.1388
393,1093,1486,0.1388
392,1098,1490,0.1388
396,1100,1496,0.1388
398,1108,1506,0.1388
399,1107,1506,0.1388
400,1104,1504,0.1388
399,1108,1507,0.1388
398,1111,1509,0.1388
398,1113,1511,0.1388
403,1114,1517,0.1388
405,1097,1502,0.1388
403,1096,1499,0.1388
402,1111,1513,0.1388
406,1103,1509,0.1388
398,1104,1502,0.1388
391,1116,1507,0.1388
403,1110,1513,0.1388
396,1113,1509,0.1388
392,1127,1519,0.1388
390,1130,1520,0.1388
391,1128,1519,0.1388
387,1129,1516,0.1388
387,1119,1506,0.1388
392,1134,1526,0.1388
389,1130,1519,0.1388
390,1112,1502,0.1388
386,1116,1502,0.1388
393,1112,1505,0.1388
389,1113,1502,0.1388
389,1125,1514,0.1388
383,1128,1511,0.1388
387,1134,1521,0.1388
388,1122,1510,0.1388
390,1121,1511,0.1388
382,1135,1517,0.1388
377,1147,1524,0.1388
378,1144,1522,0.1388
380,1136,1516,0.1388
375,1138,1513,0.1388
379,1139,1518,0.1388
382,1129,1511,0.1388
377,1127,1504,0.1388
376,1142,1518,0.1388
382,1132,1514,0.1388
384,1144,1528,0.1388
380,1134,1514,0.1388
382,1147,1529,0.1388
384,1151,1535,0.1388
382,1141,1523,0.1388
378,1138,1516,0.1388
380,1133,1513,0.1388
375,1138,1513,0.1388
376,1146,1522,0.1388
370,1137,1507,0.1388
368,1134,1502,0.1388
371,1139,1510,0.1388
373,1142,1515,0.1388
369,1146,1515,0.1388
370,1140,1510,0.1388
366,1149,1515,0.1388
362,1146,1508,0.1388
364,1142,1506,0.1388
357,1148,1505,0.1388
363,1143,1506,0.1388
366,1138,1504,0.1388
361,1149,1510,0.1388
357,1156,1513,0.1388
357,1162,1519,0.1388
353,1154,1507,0.1388
352,1167,1519,0.1388
352,1169,1521,0.1388
358,1157,1515,0.1388
352,1165,1517,0.1388
359,1160,1519,0.1388
361,1168,1529,0.1388
359,1170,1529,0.1388
355,1167,1522,0.1388
354,1165,1519,0.1388
354,1155,1509,0.1388
353,1164,1517,0.1388
359,1163,1522,0.1388
356,1173,1529,0.1388
354,1163,1517,0.1388
349,1167,1516,0.1388
343,1172,1515,0.1388
343,1172,1515,0.1388
342,1172,1514,0.1388
343,1173,1516,0.1388
343,1175,1518,0.1388
339,1170,1509,0.1388
338,1176,1514,0.1388
340,1182,1522,0.1388
337,1183,1520,0.1388
343,1185,1528,0.1388
338,1184,1522,0.1388
332,1178,1510,0.1388
334,1177,1511,0.1388
341,1172,1513,0.1388
340,1165,1505,0.1388
338,1168,1506,0.1388
335,1179,1514,0.1388
335,1171,1506,0.1388
333,1175,1508,0.1388
335,1180,1515,0.1388
332,1196,1528,0.1388
328,1185,1513,0.1388
323,1186,1509,0.1388
318,1192,1510,0.1388
314,1195,1509,0.1388
309,1194,1503,0.1388
309,1183,1492,0.1388
304,1198,1502,0.1388
306,1201,1507,0.1388
300,1207,1507,0.1388
295,1200,1495,0.1388
297,1208,1505,0.1388
289,1210,1499,0.1388
292,1206,1498,0.1388
290,1208,1498,0.1388
287,1217,1504,0.1388
288,1225,1513,0.1388
279,1222,1501,0.1388
281,1222,1503,0.1388
285,1225,1510,0.1388
278,1226,1504,0.1388
279,1228,1507,0.1388
287,1237,1524,0.1388
287,1234,1521,0.1388
287,1244,1531,0.1388
289,1235,1524,0.1388
286,1228,1514,0.1388
286,1226,1512,0.1388
283,1222,1505,0.1388
282,1237,1519,0.1388
279,1235,1514,0.1388
276,1241,1517,0.1388
275,1231,1506,0.1388
272,1234,1506,0.1388
274,1235,1509,0.1388
274,1251,1525,0.1388
271,1244,1515,0.1388
266,1235,1501,0.1388
263,1246,1509,0.1388
260,1243,1503,0.1388
261,1250,1511,0.1388
267,1255,1522,0.1388
262,1261,1523,0.1388
260,1264,1524,0.1388
261,1257,1518,0.1388
264,1244,1508,0.1388
264,1249,1513,0.1388
270,1257,1527,0.1388
267,1260,1527,0.1388
270,1253,1523,0.1388
268,1251,1519,0.1388
271,1250,1521,0.1388
271,1245,1516,0.1388
266,1252,1518,0.1388
262,1255,1517,0.1388
260,1250,1510,0.1388
262,1257,1519,0.1388
264,1266,1530,0.1388
263,1280,1543,0.1388
262,1264,1526,0.1388
261,1267,1528,0.1388
256,1266,1522,0.1388
259,1270,1529,0.1388
256,1249,1505,0.1388
258,1252,1510,0.1388
262,1259,1521,0.1388
264,1246,1510,0.1388
262,1252,1514,0.1388
262,1253,1515,0.1388
260,1253,1513,0.1388
259,1254,1513,0.1388
259,1256,1515,0.1388
261,1251,1512,0.1388
261,1260,1521,0.1388
263,1245,1508,0.1388
262,1246,1508,0.1388
265,1252,1517,0.1388
262,1248,1510,0.1388
265,1235,1500,0.1388
269,1244,1513,0.1388
271,1247,1518,0.1388
267,1256,1523,0.1388
265,1271,1536,0.1388
269,1261,1530,0.1388
268,1260,1528,0.1388
270,1268,1538,0.1388
258,1258,1516,0.1388
261,1245,1506,0.1388
260,1248,1508,0.1388
260,1243,1503,0.1388
263,1259,1522,0.1388
261,1248,1509,0.1388
268,1250,1518,0.1388
268,1248,1516,0.1388
266,1265,1531,0.1388
269,1263,1532,0.1388
265,1247,1512,0.1388
266,1253,1519,0.1388
268,1245,1513,0.1388
265,1253,1518,0.1388
259,1245,1504,0.1388
255,1262,1517,0.1388
255,1265,1520,0.1388
258,1257,1515,0.1388
258,1256,1514,0.1388
263,1256,1519,0.1388
256,1258,1514,0.1388
252,1270,1522,0.1388
252,1270,1522,0.1388
250,1270,1520,0.1388
246,1267,1513,0.1388
249,1275,1524,0.1388
247,1267,1514,0.1388
258,1268,1526,0.1388
254,1264,1518,0.1388
250,1268,1518,0.1388
242,1277,1519,0.1388
243,1290,1533,0.1388
240,1282,1522,0.1388
236,1273,1509,0.1388
236,1289,1525,0.1388
228,1291,1519,0.1388
224,1284,1508,0.1388
226,1283,1509,0.1388
223,1294,1517,0.1388
220,1300,1520,0.1388
218,1294,1512,0.1388
215,1304,1519,0.1388
208,1298,1506,0.1388
209,1300,1509,0.1388
212,1307,1519,0.1388
213,1302,1515,0.1388
205,1300,1505,0.1388
208,1308,1516,0.1388
201,1306,1507,0.1388
204,1308,1512,0.1388
207,1311,1518,0.1388
205,1316,1521,0.1388
205,1317,1522,0.1388
202,1307,1509,0.1388
205,1318,1523,0.1388
202,1310,1512,0.1388
202,1302,1504,0.1388
208,1291,1499,0.1388
207,1304,1511,0.1388
206,1312,1518,0.1388
201,1315,1516,0.1388
206,1320,1526,0.1388
204,1316,1520,0.1388
208,1314,1522,0.1388
203,1310,1513,0.1388
206,1307,1513,0.1388
204,1312,1516,0.1388
203,1302,1505,0.1388
196,1298,1494,0.1388
197,1302,1499,0.1388
194,1305,1499,0.1388
198,1317,1515,0.1388
203,1332,1535,0.1388
194,1314,1508,0.1388
196,1314,1510,0.1388
191,1309,1500,0.1388
189,1321,1510,0.1388
190,1316,1506,0.1388
191,1334,1525,0.1388
190,1336,1526,0.1388
190,1318,1508,0.1388
193,1317,1510,0.1388
192,1334,1526,0.1388
188,1336,1524,0.1388
183,1340,1523,0.1388
174,1338,1512,0.1388
174,1339,1513,0.1388
175,1342,1517,0.1388
179,1335,1514,0.1388
177,1335,1512,0.1388
174,1336,1510,0.1388
173,1344,1517,0.1388
176,1350,1526,0.1388
172,1344,1516,0.1388
171,1334,1505,0.1388
173,1327,1500,0.1388
169,1323,1492,0.1388
176,1316,1492,0.1388
176,1318,1494,0.1388
175,1315,1490,0.1388
177,1320,1497,0.1388
173,1324,1497,0.1388
179,1336,1515,0.1388
180,1330,1510,0.1388
177,1334,1511,0.1388
176,1329,1505,0.1388
179,1325,1504,0.1388
173,1307,1480,0.1388
171,1314,1485,0.1388
170,1322,1492,0.1388
174,1332,1506,0.1388
177,1327,1504,0.1388
179,1334,1513,0.1388
180,1338,1518,0.1388
179,1329,1508,0.1388
174,1327,1501,0.1388
173,1342,1515,0.1388
170,1345,1515,0.1388
169,1356,1525,0.1388
165,1354,1519,0.1388
161,1352,1513,0.1388
163,1349,1512,0.1388
165,1355,1520,0.1388
165,1360,1525,0.1388
162,1358,1520,0.1388
158,1347,1505,0.1388
163,1345,1508,0.1388
163,1342,1505,0.1388
160,1356,1516,0.1388
161,1351,1512,0.1388
163,1363,1526,0.1388
158,1366,1524,0.1388
154,1356,1510,0.1388
156,1361,1517,0.1388
155,1375,1530,0.1388
153,1357,1510,0.1388
151,1362,1513,0.1388
152,1361,1513,0.1388
154,1362,1516,0.1388
152,1363,1515,0.1388
150,1366,1516,0.1388
148,1364,1512,0.1388
148,1372,1520,0.1388
147,1377,1524,0.1388
146,1389,1535,0.1388
147,1383,1530,0.1388
149,1385,1534,0.1388
147,1374,1521,0.1388
150,1383,1533,0.1388
148,1377,1525,0.1388
152,1362,1514,0.1388
151,1365,1516,0.1388
149,1367,1516,0.1388
145,1372,1517,0.1388
144,1365,1509,0.1388
148,1369,1517,0.1388
147,1371,1518,0.1388
148,1376,1524,0.1388
143,1375,1518,0.1388
143,1367,1510,0.1388
143,1367,1510,0.1388
140,1373,1513,0.1388
140,1358,1498,0.1388
137,1362,1499,0.1388
138,1364,1502,0.1388
135,1368,1503,0.1388
136,1372,1508,0.1388
138,1364,1502,0.1388
137,1375,1512,0.1388
135,1384,1519,0.1388
133,1386,1519,0.1388
137,1376,1513,0.1388
141,1384,1525,0.1388
135,1395,1530,0.1388
134,1399,1533,0.1388
133,1393,1526,0.1388
132,1394,1526,0.1388
128,1403,1531,0.1388
129,1402,1531,0.1388
130,1406,1536,0.1388
124,1404,1528,0.1388
123,1405,1528,0.1388
121,1394,1515,0.1388
124,1385,1509,0.1388
122,1385,1507,0.1388
122,1390,1512,0.1388
120,1402,1522,0.1388
119,1405,1524,0.1388
116,1410,1526,0.1388
115,1404,1519,0.1388
118,1385,1503,0.1388
120,1402,1522,0.1388
115,1399,1514,0.1388
117,1390,1507,0.1388
117,1399,1516,0.1388
116,1411,1527,0.1388
113,1414,1527,0.1388
113,1410,1523,0.1388
109,1406,1515,0.1388
112,1399,1511,0.1388
109,1397,1506,0.1388
107,1396,1503,0.1388
102,1398,1500,0.1388
100,1404,1504,0.1388
100,1396,1496,0.1388
100,1402,1502,0.1388
102,1408,1510,0.1388
102,1414,1516,0.1388
101,1417,1518,0.1388
98,1415,1513,0.1388
95,1421,1516,0.1388
96,1418,1514,0.1388
96,1419,1515,0.1388
97,1405,1502,0.1388
97,1403,1500,0.1388
97,1409,1506,0.1388
94,1412,1506,0.1388
93,1411,1504,0.1388
90,1414,1504,0.1388
89,1404,1493,0.1388
87,1409,1496,0.1388
85,1417,1502,0.1388
85,1414,1499,0.1388
81,1426,1507,0.1388
81,1427,1508,0.1388
84,1434,1518,0.1388
84,1434,1518,0.1388
84,1431,1515,0.1388
87,1420,1507,0.1388
86,1418,1504,0.1388
85,1409,1494,0.1388
85,1414,1499,0.1388
82,1405,1487,0.1388
82,1424,1506,0.1388
84,1412,1496,0.1388
86,1410,1496,0.1388
85,1411,1496,0.1388
86,1420,1506,0.1388
82,1422,1504,0.1388
85,1417,1502,0.1388
85,1417,1502,0.1388
85,1419,1504,0.1388
82,1425,1507,0.1388
83,1432,1515,0.1388
80,1433,1513,0.1388
82,1440,1522,0.1388
82,1435,1517,0.1388
82,1425,1507,0.1388
82,1429,1511,0.1388
85,1430,1515,0.1388
84,1436,1520,0.1388
88,1431,1519,0.1388
86,1433,1519,0.1388
85,1434,1519,0.1388
88,1431,1519,0.1388
86,1440,1526,0.1388
81,1427,1508,0.1388
81,1433,1514,0.1388
81,1437,1518,0.1388
79,1425,1504,0.1388
80,1434,1514,0.1388
80,1444,1524,0.1388
80,1429,1509,0.1388
81,1432,1513,0.1388
79,1424,1503,0.1388
79,1431,1510,0.1388
76,1431,1507,0.1388
75,1442,1517,0.1388
75,1421,1496,0.1388
73,1445,1518,0.1388
75,1457,1532,0.1388
78,1456,1534,0.1388
79,1446,1525,0.1388
78,1428,1506,0.1388
78,1440,1518,0.1388
77,1437,1514,0.1388
75,1438,1513,0.1388
74,1439,1513,0.1388
74,1424,1498,0.1388
74,1427,1501,0.1388
74,1445,1519,0.1388
74,1439,1513,0.1388
73,1431,1504,0.1388
75,1429,1504,0.1388
74,1431,1505,0.1388
73,1435,1508,0.1388
75,1443,1518,0.1388
74,1461,1535,0.1388
74,1455,1529,0.1388
76,1451,1527,0.1388
77,1441,1518,0.1388
74,1448,1522,0.1388
75,1439,1514,0.1388
73,1435,1508,0.1388
75,1426,1501,0.1388
75,1428,1503,0.1388
75,1428,1503,0.1388
72,1433,1505,0.1388
73,1445,1518,0.1388
72,1443,1515,0.1388
73,1437,1510,0.1388
73,1437,1510,0.1388
74,1453,1527,0.1388
73,1443,1516,0.1388
73,1441,1514,0.1388
71,1448,1519,0.1388
71,1440,1511,0.1388
73,1440,1513,0.1388
70,1442,1512,0.1388
70,1440,1510,0.1388
71,1438,1509,0.1388
65,1440,1505,0.1388
66,1441,1507,0.1388
65,1446,1511,0.1388
67,1455,1522,0.1388
68,1463,1531,0.1388
66,1451,1517,0.1388
65,1456,1521,0.1388
65,1457,1522,0.1388
63,1454,1517,0.1388
61,1467,1528,0.1388
63,1472,1535,0.1388
64,1466,1530,0.1388
64,1468,1532,0.1388
64,1462,1526,0.1388
64,1464,1528,0.1388
64,1440,1504,0.1388
66,1439,1505,0.1388
67,1452,1519,0.1388
67,1454,1521,0.1388
66,1455,1521,0.1388
65,1466,1531,0.1388
66,1468,1534,0.1388
69,1468,1537,0.1388
66,1466,1532,0.1388
64,1462,1526,0.1388
63,1464,1527,0.1388
66,1456,1522,0.1388
63,1458,1521,0.1388
62,1444,1506,0.1388
66,1441,1507,0.1388
66,1439,1505,0.1388
65,1451,1516,0.1388
65,1447,1512,0.1388
63,1447,1510,0.1388
63,1443,1506,0.1388
64,1446,1510,0.1388
63,1435,1498,0.1388
65,1445,1510,0.1388
65,1457,1522,0.1388
64,1447,1511,0.1388
63,1455,1518,0.1388
64,1444,1508,0.1388
63,1440,1503,0.1388
61,1443,1504,0.1388
58,1444,1502,0.1388
60,1438,1498,0.1388
58,1439,1497,0.1388
58,1461,1519,0.1388
60,1450,1510,0.1388
60,1456,1516,0.1388
61,1458,1519,0.1388
60,1467,1527,0.1388
59,1463,1522,0.1388
58,1447,1505,0.1388
57,1452,1509,0.1388
56,1461,1517,0.1388
56,1452,1508,0.1388
57,1461,1518,0.1388
54,1454,1508,0.1388
57,1458,1515,0.1388
59,1475,1534,0.1388
61,1451,1512,0.1388
62,1456,1518,0.1388
59,1458,1517,0.1388
60,1457,1517,0.1388
61,1466,1527,0.1388
63,1457,1520,0.1388
63,1451,1514,0.1388
62,1457,1519,0.1388
60,1457,1517,0.1388
59,1459,1518,0.1388
57,1455,1512,0.1388
53,1465,1518,0.1388
55,1458,1513,0.1388
53,1464,1517,0.1388
53,1464,1517,0.1388
54,1473,1527,0.1388
55,1477,1532,0.1388
56,1480,1536,0.1388
57,1468,1525,0.1388
56,1470,1526,0.1388
56,1465,1521,0.1388
57,1462,1519,0.1388
56,1461,1517,0.1388
53,1458,1511,0.1388
55,1450,1505,0.1388
54,1454,1508,0.1388
53,1451,1504,0.1388
52,1453,1505,0.1388
51,1451,1502,0.1388
52,1450,1502,0.1388
53,1450,1503,0.1388
54,1459,1513,0.1388
51,1454,1505,0.1388
49,1464,1513,0.1388
50,1466,1516,0.1388
49,1466,1515,0.1388
51,1466,1517,0.1388
50,1471,1521,0.1388
50,1477,1527,0.1388
49,1475,1524,0.1388
49,1462,1511,0.1388
50,1460,1510,0.1388
51,1472,1523,0.1388
50,1473,1523,0.1388
52,1461,1513,0.1388
50,1466,1516,0.1388
50,1473,1523,0.1388
50,1475,1525,0.1388
51,1471,1522,0.1388
51,1467,1518,0.1388
51,1471,1522,0.1388
50,1471,1521,0.1388
50,1465,1515,0.1388
48,1471,1519,0.1388
46,1475,1521,0.1388
47,1477,1524,0.1388
48,1474,1522,0.1388
47,1465,1512,0.1388
45,1455,1500,0.1388
44,1463,1507,0.1388
41,1459,1500,0.1388
41,1473,1514,0.1388
42,1479,1521,0.1388
41,1466,1507,0.1388
38,1477,1515,0.1388
40,1490,1530,0.1388
41,1478,1519,0.1388
41,1473,1514,0.1388
42,1483,1525,0.1388
42,1489,1531,0.1388
44,1489,1533,0.1388
42,1480,1522,0.1388
41,1475,1516,0.1388
43,1477,1520,0.1388
42,1475,1517,0.1388
44,1476,1520,0.1388
45,1479,1524,0.1388
44,1475,1519,0.1388
46,1489,1535,0.1388
47,1473,1520,0.1388
46,1457,1503,0.1388
47,1464,1511,0.1388
47,1464,1511,0.1388
46,1472,1518,0.1388
44,1468,1512,0.1388
44,1468,1512,0.1388
44,1462,1506,0.1388
44,1475,1519,0.1388
43,1473,1516,0.1388
43,1480,1523,0.1388
44,1473,1517,0.1388
42,1477,1519,0.1388
42,1474,1516,0.1388
45,1474,1519,0.1388
46,1472,1518,0.1388
47,1468,1515,0.1388
45,1461,1506,0.1388
42,1467,1509,0.1388
44,1468,1512,0.1388
42,1465,1507,0.1388
42,1460,1502,0.1388
42,1474,1516,0.1388
43,1475,1518,0.1388
43,1465,1508,0.1388
41,1475,1516,0.1388
42,1476,1518,0.1388
42,1479,1521,0.1388
40,1483,1523,0.1388
38,1495,1533,0.1388
36,1494,1530,0.1388
36,1493,1529,0.1388
36,1507,1543,0.1388
36,1496,1532,0.1388
34,1490,1524,0.1388
33,1492,1525,0.1388
33,1502,1535,0.1388
32,1499,1531,0.1388
29,1493,1522,0.1388
27,1487,1514,0.1388
28,1490,1518,0.1388
30,1483,1513,0.1388
31,1485,1516,0.1388
31,1489,1520,0.1388
32,1485,1517,0.1388
33,1484,1517,0.1388
34,1489,1523,0.1388
33,1493,1526,0.1388
33,1490,1523,0.1388
35,1485,1520,0.1388
35,1468,1503,0.1388
34,1477,1511,0.1388
34,1482,1516,0.1388
34,1475,1509,0.1388
35,1480,1515,0.1388
38,1480,1518,0.1388
39,1475,1514,0.1388
36,1475,1511,0.1388
37,1473,1510,0.1388
37,1488,1525,0.1388
38,1492,1530,0.1388
41,1487,1528,0.1388
44,1488,1532,0.1388
44,1484,1528,0.1388
43,1487,1530,0.1388
41,1483,1524,0.1388
41,1489,1530,0.1388
40,1482,1522,0.1388
41,1483,1524,0.1388
42,1478,1520,0.1388
41,1477,1518,0.1388
43,1477,1520,0.1388
41,1476,1517,0.1388
40,1487,1527,0.1388
42,1471,1513,0.1388
42,1465,1507,0.1388
40,1453,1493,0.1388
41,1467,1508,0.1388
42,1476,1518,0.1388
42,1474,1516,0.1388
40,1475,1515,0.1388
39,1476,1515,0.1388
40,1458,1498,0.1388
40,1460,1500,0.1388
42,1466,1508,0.1388
43,1456,1499,0.1388
42,1468,1510,0.1388
42,1480,1522,0.1388
40,1481,1521,0.1388
41,1482,1523,0.1388
39,1483,1522,0.1388
41,1481,1522,0.1388
41,1489,1530,0.1388
41,1489,1530,0.1388
41,1485,1526,0.1388
39,1484,1523,0.1388
38,1476,1514,0.1388
38,1464,1502,0.1388
38,1459,1497,0.1388
39,1460,1499,0.1388
38,1472,1510,0.1388
40,1475,1515,0.1388
37,1479,1516,0.1388
36,1483,1519,0.1388
35,1484,1519,0.1388
35,1479,1514,0.1388
36,1478,1514,0.1388
35,1479,1514,0.1388
36,1484,1520,0.1388
36,1477,1513,0.1388
35,1482,1517,0.1388
36,1484,1520,0.1388
36,1472,1508,0.1388
37,1489,1526,0.1388
37,1481,1518,0.1388
36,1471,1507,0.1388
36,1482,1518,0.1388
35,1482,1517,0.1388
39,1481,1520,0.1388
39,1474,1513,0.1388
39,1474,1513,0.1388
37,1478,1515,0.1388
35,1476,1511,0.1388
36,1482,1518,0.1388
37,1473,1510,0.1388
34,1467,1501,0.1388
35,1475,1510,0.1388
34,1478,1512,0.1388
33,1478,1511,0.1388
35,1470,1505,0.1388
34,1475,1509,0.1388
34,1483,1517,0.1388
35,1467,1502,0.1388
34,1474,1508,0.1388
35,1465,1500,0.1388
37,1471,1508,0.1388
36,1463,1499,0.1388
37,1477,1514,0.1388
39,1484,1523,0.1388
40,1492,1532,0.1388
41,1489,1530,0.1388
39,1481,1520,0.1388
35,1490,1525,0.1388
34,1490,1524,0.1388
34,1484,1518,0.1388
35,1489,1524,0.1388
35,1481,1516,0.1388
36,1473,1509,0.1388
35,1463,1498,0.1388
36,1460,1496,0.1388
36,1466,1502,0.1388
36,1475,1511,0.1388
37,1491,1528,0.1388
36,1491,1527,0.1388
36,1474,1510,0.1388
36,1464,1500,0.1388
37,1473,1510,0.1388
36,1474,1510,0.1388
35,1473,1508,0.1388
35,1465,1500,0.1388
35,1476,1511,0.1388
35,1475,1510,0.1388
35,1492,1527,0.1388
33,1498,1531,0.1388
33,1488,1521,0.1388
33,1480,1513,0.1388
35,1475,1510,0.1388
36,1487,1523,0.1388
33,1481,1514,0.1388
33,1483,1516,0.1388
34,1476,1510,0.1388
33,1473,1506,0.1388
34,1468,1502,0.1388
35,1467,1502,0.1388
34,1475,1509,0.1388
31,1484,1515,0.1388
31,1496,1527,0.1388
31,1490,1521,0.1388
32,1495,1527,0.1388
33,1489,1522,0.1388
32,1486,1518,0.1388
31,1481,1512,0.1388
31,1480,1511,0.1388
32,1484,1516,0.1388
33,1487,1520,0.1388
33,1488,1521,0.1388
35,1482,1517,0.1388
34,1474,1508,0.1388
34,1481,1515,0.1388
33,1488,1521,0.1388
33,1486,1519,0.1388
32,1484,1516,0.1388
31,1479,1510,0.1388
31,1469,1500,0.1388
32,1465,1497,0.1388
31,1464,1495,0.1388
31,1456,1487,0.1388
29,1460,1489,0.1388
29,1467,1496,0.1388
31,1475,1506,0.1388
30,1476,1506,0.1388
31,1470,1501,0.1388
31,1482,1513,0.1388
30,1479,1509,0.1388
30,1487,1517,0.1388
31,1482,1513,0.1388
31,1477,1508,0.1388
31,1482,1513,0.1388
31,1479,1510,0.1388
30,1481,1511,0.1388
27,1484,1511,0.1388
27,1488,1515,0.1388
28,1491,1519,0.1388
28,1482,1510,0.1388
28,1481,1509,0.1388
28,1487,1515,0.1388
26,1489,1515,0.1388
26,1504,1530,0.1388
25,1497,1522,0.1388
24,1501,1525,0.1388
23,1498,1521,0.1388
24,1494,1518,0.1388
25,1491,1516,0.1388
26,1479,1505,0.1388
25,1481,1506,0.1388
24,1486,1510,0.1388
25,1492,1517,0.1388
23,1494,1517,0.1388
23,1493,1516,0.1388
24,1495,1519,0.1388
25,1491,1516,0.1388
26,1480,1506,0.1388
25,1475,1500,0.1388
24,1480,1504,0.1388
24,1482,1506,0.1388
23,1492,1515,0.1388
23,1471,1494,0.1388
22,1468,1490,0.1388
22,1463,1485,0.1388
20,1475,1495,0.1388
22,1487,1509,0.1388
23,1483,1506,0.1388
25,1502,1527,0.1388
26,1503,1529,0.1388
25,1497,1522,0.1388
26,1485,1511,0.1388
26,1499,1525,0.1388
26,1501,1527,0.1388
24,1503,1527,0.1388
23,1491,1514,0.1388
23,1478,1501,0.1388
24,1482,1506,0.1388
23,1479,1502,0.1388
24,1484,1508,0.1388
24,1489,1513,0.1388
23,1493,1516,0.1388
24,1498,1522,0.1388
25,1496,1521,0.1388
25,1495,1520,0.1388
25,1492,1517,0.1388
25,1510,1535,0.1388
25,1517,1542,0.1388
26,1510,1536,0.1388
23,1503,1526,0.1388
21,1482,1503,0.1388
21,1485,1506,0.1388
21,1496,1517,0.1388
21,1489,1510,0.1388
22,1503,1525,0.1388
22,1497,1519,0.1388
21,1497,1518,0.1388
22,1495,1517,0.1388
22,1488,1510,0.1388
21,1490,1511,0.1388
21,1483,1504,0.1388
20,1487,1507,0.1388
20,1489,1509,0.1388
20,1501,1521,0.1388
20,1502,1522,0.1388
20,1496,1516,0.1388
19,1480,1499,0.1388
19,1489,1508,0.1388
19,1484,1503,0.1388
19,1500,1519,0.1388
16,1503,1519,0.1388
17,1502,1519,0.1388
17,1489,1506,0.1388
18,1491,1509,0.1388
21,1506,1527,0.1388
20,1510,1530,0.1388
20,1492,1512,0.1388
22,1486,1508,0.1388
22,1489,1511,0.1388
21,1494,1515,0.1388
19,1498,1517,0.1388
20,1502,1522,0.1388
20,1489,1509,0.1388
19,1494,1513,0.1388
19,1484,1503,0.1388
18,1484,1502,0.1388
18,1488,1506,0.1388
17,1493,1510,0.1388
19,1492,1511,0.1388
19,1486,1505,0.1388
19,1493,1512,0.1388
20,1486,1506,0.1388
20,1500,1520,0.1388
21,1495,1516,0.1388
22,1489,1511,0.1388
22,1503,1525,0.1388
22,1502,1524,0.1388
22,1504,1526,0.1388
22,1511,1533,0.1388
22,1502,1524,0.1388
22,1495,1517,0.1388
22,1494,1516,0.1388
22,1486,1508,0.1388
22,1495,1517,0.1388
22,1491,1513,0.1388
21,1492,1513,0.1388
20,1501,1521,0.1388
20,1496,1516,0.1388
21,1502,1523,0.1388
22,1505,1527,0.1388
23,1506,1529,0.1388
22,1514,1536,0.1388
21,1504,1525,0.1388
21,1499,1520,0.1388
21,1510,1531,0.1388
19,1508,1527,0.1388
18,1505,1523,0.1388
17,1508,1525,0.1388
17,1499,1516,0.1388
17,1492,1509,0.1388
17,1510,1527,0.1388
17,1511,1528,0.1388
18,1509,1527,0.1388
16,1496,1512,0.1388
16,1497,1513,0.1388
16,1489,1505,0.1388
16,1487,1503,0.1388
17,1481,1498,0.1388
18,1485,1503,0.1388
18,1496,1514,0.1388
19,1491,1510,0.1388
21,1493,1514,0.1388
20,1500,1520,0.1388
19,1509,1528,0.1388
18,1510,1528,0.1388
17,1505,1522,0.1388
18,1499,1517,0.1388
17,1489,1506,0.1388
17,1502,1519,0.1388
17,1491,1508,0.1388
17,1497,1514,0.1388
17,1506,1523,0.1388
16,1507,1523,0.1388
16,1502,1518,0.1388
16,1491,1507,0.1388
15,1493,1508,0.1388
15,1493,1508,0.1388
15,1498,1513,0.1388
15,1498,1513,0.1388
15,1502,1517,0.1388
15,1510,1525,0.1388
15,1520,1535,0.1388
15,1517,1532,0.1388
15,1518,1533,0.1388
14,1525,1539,0.1388
13,1517,1530,0.1388
13,1504,1517,0.1388
13,1502,1515,0.1388
12,1490,1502,0.1388
12,1484,1496,0.1388
13,1493,1506,0.1388
12,1490,1502,0.1388
12,1494,1506,0.1388
11,1504,1515,0.1388
10,1505,1515,0.1388
10,1502,1512,0.1388
9,1492,1501,0.1388
9,1499,1508,0.1388
11,1510,1521,0.1388
11,1504,1515,0.1388
10,1506,1516,0.1388
9,1501,1510,0.1388
9,1485,1494,0.1388
8,1479,1487,0.1388
8,1492,1500,0.1388
8,1493,1501,0.1388
8,1505,1513,0.1388
8,1513,1521,0.1388
8,1508,1516,0.1388
10,1505,1515,0.1388
10,1499,1509,0.1388
10,1517,1527,0.1388
10,1525,1535,0.1388
11,1517,1528,0.1388
10,1518,1528,0.1388
10,1522,1532,0.1388
10,1521,1531,0.1388
11,1513,1524,0.1388
11,1513,1524,0.1388
11,1507,1518,0.1388
11,1504,1515,0.1388
10,1511,1521,0.1388
11,1507,1518,0.1388
11,1507,1518,0.1388
11,1508,1519,0.1388
11,1492,1503,0.1388
11,1500,1511,0.1388
11,1501,1512,0.1388
11,1506,1517,0.1388
11,1488,1499,0.1388
11,1503,1514,0.1388
11,1507,1518,0.1388
10,1499,1509,0.1388
12,1494,1506,0.1388
13,1517,1530,0.1388
13,1505,1518,0.1388
14,1489,1503,0.1388
14,1495,1509,0.1388
14,1507,1521,0.1388
13,1505,1518,0.1388
13,1505,1518,0.1388
13,1525,1538,0.1388
14,1515,1529,0.1388
13,1505,1518,0.1388
13,1507,1520,0.1388
13,1516,1529,0.1388
14,1518,1532,0.1388
13,1525,1538,0.1388
12,1511,1523,0.1388
12,1509,1521,0.1388
11,1510,1521,0.1388
10,1500,1510,0.1388
12,1501,1513,0.1388
12,1510,1522,0.1388
12,1523,1535,0.1388
12,1500,1512,0.1388
12,1499,1511,0.1388
12,1496,1508,0.1388
12,1492,1504,0.1388
12,1496,1508,0.1388
11,1492,1503,0.1388
12,1483,1495,0.1388
12,1505,1517,0.1388
12,1496,1508,0.1388
12,1484,1496,0.1388
12,1492,1504,0.1388
12,1493,1505,0.1388
11,1494,1505,0.1388
11,1502,1513,0.1388
11,1503,1514,0.1388
10,1507,1517,0.1388
11,1526,1537,0.1388
12,1512,1524,0.1388
12,1508,1520,0.1388
10,1499,1509,0.1388
11,1497,1508,0.1388
10,1505,1515,0.1388
9,1505,1514,0.1388
9,1510,1519,0.1388
8,1511,1519,0.1388
10,1505,1515,0.1388
10,1499,1509,0.1388
10,1505,1515,0.1388
10,1512,1522,0.1388
9,1521,1530,0.1388
9,1524,1533,0.1388
9,1521,1530,0.1388
8,1520,1528,0.1388
8,1518,1526,0.1388
8,1520,1528,0.1388
8,1512,1520,0.1388
8,1516,1524,0.1388
8,1507,1515,0.1388
8,1507,1515,0.1388
8,1507,1515,0.1388
8,1515,1523,0.1388
8,1521,1529,0.1388
8,1523,1531,0.1388
8,1515,1523,0.1388
7,1517,1524,0.1388
8,1514,1522,0.1388
7,1507,1514,0.1388
6,1515,1521,0.1388
7,1508,1515,0.1388
7,1514,1521,0.1388
7,1506,1513,0.1388
7,1525,1532,0.1388
7,1525,1532,0.1388
7,1524,1531,0.1388
8,1511,1519,0.1388
8,1513,1521,0.1388
8,1522,1530,0.1388
8,1508,1516,0.1388
8,1511,1519,0.1388
7,1513,1520,0.1388
6,1521,1527,0.1388
6,1504,1510,0.1388
6,1499,1505,0.1388
6,1512,1518,0.1388
5,1515,1520,0.1388
5,1512,1517,0.1388
5,1504,1509,0.1388
4,1497,1501,0.1388
4,1502,1506,0.1388
4,1503,1507,0.1388
4,1510,1514,0.1388
3,1517,1520,0.1388
3,1531,1534,0.1388
3,1539,1542,0.1388
3,1523,1526,0.1388
3,1515,1518,0.1388
3,1520,1523,0.1388
4,1526,1530,0.1388
4,1512,1516,0.1388
4,1507,1511,0.1388
3,1515,1518,0.1388
3,1503,1506,0.1388
3,1507,1510,0.1388
2,1519,1521,0.1388
2,1502,1504,0.1388
2,1515,1517,0.1388
2,1515,1517,0.1388
2,1515,1517,0.1388
2,1516,1518,0.1388
2,1507,1509,0.1388
2,1505,1507,0.1388
2,1505,1507,0.1388
2,1516,1518,0.1388
2,1513,1515,0.1388
2,1513,1515,0.1388
2,1518,1520,0.1388
2,1516,1518,0.1388
2,1492,1494,0.1388
2,1507,1509,0.1388
2,1503,1505,0.1388
2,1504,1506,0.1388
2,1508,1510,0.1388
2,1507,1509,0.1388
2,1512,1514,0.1388
2,1519,1521,0.1388
1,1512,1513,0.1388
1,1508,1509,0.1388
1,1507,1508,0.1388
1,1517,1518,0.1388
1,1513,1514,0.1388
1,1510,1511,0.1388
1,1518,1519,0.1388
1,1522,1523,0.1388
1,1511,1512,0.1388
1,1508,1509,0.1388
1,1515,1516,0.1388
1,1524,1525,0.1388
1,1533,1534,0.1388
1,1528,1529,0.1388
1,1530,1531,0.1388
1,1523,1524,0.1388
1,1514,1515,0.1388
1,1505,1506,0.1388
1,1517,1518,0.1388
1,1518,1519,0.1388
1,1522,1523,0.1388
1,1512,1513,0.1388
1,1523,1524,0.1388
1,1518,1519,0.1388
1,1515,1516,0.1388
1,1511,1512,0.1388
1,1508,1509,0.1388
1,1510,1511,0.1388
1,1518,1519,0.1388
1,1515,1516,0.1388
1,1512,1513,0.1388
0,1507,1507,0.1388
