1374,28,1402,0.1388
1403,27,1430,0.1388
1434,29,1463,0.1388
1442,30,1472,0.1388
1452,30,1482,0.1388
1450,30,1480,0.1388
1453,29,1482,0.1388
1453,32,1485,0.1388
1463,34,1497,0.1388
1467,33,1500,0.1388
1463,33,1496,0.1388
1461,33,1494,0.1388
1458,34,1492,0.1388
1459,35,1494,0.1388
1466,35,1501,0.1388
1461,36,1497,0.1388
1446,35,1481,0.1388
1445,35,1480,0.1388
1444,35,1479,0.1388
1438,35,1473,0.1388
1446,37,1483,0.1388
1435,38,1473,0.1388
1433,41,1474,0.1388
1440,40,1480,0.1388
1444,42,1486,0.1388
1440,43,1483,0.1388
1435,45,1480,0.1388
1439,47,1486,0.1388
1446,47,1493,0.1388
1456,48,1504,0.1388
1453,46,1499,0.1388
1452,45,1497,0.1388
1436,46,1482,0.1388
1438,48,1486,0.1388
1431,47,1478,0.1388
1432,49,1481,0.1388
1443,53,1496,0.1388
1422,54,1476,0.1388
1433,57,1490,0.1388
1440,57,1497,0.1388
1450,58,1508,0.1388
1441,59,1500,0.1388
1430,62,1492,0.1388
1419,61,1480,0.1388
1414,59,1473,0.1388
1422,60,1482,0.1388
1431,59,1490,0.1388
1432,60,1492,0.1388
1441,60,1501,0.1388
1447,62,1509,0.1388
1431,65,1496,0.1388
1403,65,1468,0.1388
1411,72,1483,0.1388
1420,73,1493,0.1388
1416,72,1488,0.1388
1416,76,1492,0.1388
1420,77,1497,0.1388
1425,78,1503,0.1388
1419,77,1496,0.1388
1413,77,1490,0.1388
1412,76,1488,0.1388
1405,79,1484,0.1388
1415,81,1496,0.1388
1418,81,1499,0.1388
1428,81,1509,0.1388
1428,82,1510,0.1388
1417,81,1498,0.1388
1408,82,1490,0.1388
1413,79,1492,0.1388
1419,76,1495,0.1388
1415,75,1490,0.1388
1415,74,1489,0.1388
1430,77,1507,0.1388
1421,76,1497,0.1388
1412,71,1483,0.1388
1421,68,1489,0.1388
1422,72,1494,0.1388
1419,74,1493,0.1388
1435,73,1508,0.1388
1444,74,1518,0.1388
1446,75,1521,0.1388
1446,72,1518,0.1388
1427,71,1498,0.1388
1418,74,1492,0.1388
1414,74,1488,0.1388
1423,73,1496,0.1388
1422,71,1493,0.1388
1419,70,1489,0.1388
1407,67,1474,0.1388
1415,68,1483,0.1388
1422,65,1487,0.1388
1435,66,1501,0.1388
1426,68,1494,0.1388
1427,69,1496,0.1388
1425,65,1490,0.1388
1431,66,1497,0.1388
1414,69,1483,0.1388
1412,69,1481,0.1388
1424,72,1496,0.1388
1431,70,1501,0.1388
1417,68,1485,0.1388
1413,69,1482,0.1388
1407,71,1478,0.1388
1407,70,1477,0.1388
1412,71,1483,0.1388
1417,73,1490,0.1388
1410,73,1483,0.1388
1411,68,1479,0.1388
1408,69,1477,0.1388
1417,67,1484,0.1388
1428,70,1498,0.1388
1424,68,1492,0.1388
1418,66,1484,0.1388
1425,68,1493,0.1388
1415,69,1484,0.1388
1428,67,1495,0.1388
1433,67,1500,0.1388
1432,67,1499,0.1388
1432,68,1500,0.1388
1425,70,1495,0.1388
1435,69,1504,0.1388
1432,72,1504,0.1388
1423,73,1496,0.1388
1419,71,1490,0.1388
1421,74,1495,0.1388
1411,75,1486,0.1388
1409,74,1483,0.1388
1405,76,1481,0.1388
1401,75,1476,0.1388
1406,75,1481,0.1388
1416,76,1492,0.1388
1421,73,1494,0.1388
1424,73,1497,0.1388
1426,74,1500,0.1388
1417,73,1490,0.1388
1410,75,1485,0.1388
1414,76,1490,0.1388
1424,75,1499,0.1388
1422,76,1498,0.1388
1427,76,1503,0.1388
1412,77,1489,0.1388
1420,79,1499,0.1388
1425,80,1505,0.1388
1419,82,1501,0.1388
1419,82,1501,0.1388
1426,82,1508,0.1388
1404,81,1485,0.1388
1414,81,1495,0.1388
1412,84,1496,0.1388
1408,81,1489,0.1388
1393,83,1476,0.1388
1402,83,1485,0.1388
1400,82,1482,0.1388
1400,85,1485,0.1388
1404,84,1488,0.1388
1407,87,1494,0.1388
1411,92,1503,0.1388
1412,93,1505,0.1388
1399,91,1490,0.1388
1411,96,1507,0.1388
1404,100,1504,0.1388
1394,99,1493,0.1388
1387,101,1488,0.1388
1377,103,1480,0.1388
1367,106,1473,0.1388
1370,108,1478,0.1388
1368,108,1476,0.1388
1378,107,1485,0.1388
1394,109,1503,0.1388
1406,109,1515,0.1388
1399,109,1508,0.1388
1389,110,1499,0.1388
1386,107,1493,0.1388
1390,107,1497,0.1388
1403,105,1508,0.1388
1392,108,1500,0.1388
1390,114,1504,0.1388
1391,115,1506,0.1388
1377,111,1488,0.1388
1386,112,1498,0.1388
1392,116,1508,0.1388
1382,116,1498,0.1388
1378,115,1493,0.1388
1381,113,1494,0.1388
1398,113,1511,0.1388
1386,116,1502,0.1388
1384,121,1505,0.1388
1395,122,1517,0.1388
1384,118,1502,0.1388
1378,120,1498,0.1388
1367,117,1484,0.1388
1366,122,1488,0.1388
1379,122,1501,0.1388
1382,124,1506,0.1388
1383,124,1507,0.1388
1387,124,1511,0.1388
1379,124,1503,0.1388
1366,126,1492,0.1388
1362,126,1488,0.1388
1369,124,1493,0.1388
1373,123,1496,0.1388
1371,125,1496,0.1388
1366,123,1489,0.1388
1373,123,1496,0.1388
1373,126,1499,0.1388
1357,127,1484,0.1388
1347,133,1480,0.1388
1356,138,1494,0.1388
1349,137,1486,0.1388
1347,137,1484,0.1388
1347,135,1482,0.1388
1336,137,1473,0.1388
1348,139,1487,0.1388
1341,135,1476,0.1388
1349,133,1482,0.1388
1337,133,1470,0.1388
1352,133,1485,0.1388
1349,133,1482,0.1388
1365,132,1497,0.1388
1364,139,1503,0.1388
1360,141,1501,0.1388
1359,143,1502,0.1388
1359,143,1502,0.1388
1360,144,1504,0.1388
1353,145,1498,0.1388
1342,147,1489,0.1388
1338,152,1490,0.1388
1329,154,1483,0.1388
1334,156,1490,0.1388
1330,156,1486,0.1388
1344,159,1503,0.1388
1342,158,1500,0.1388
1348,158,1506,0.1388
1336,157,1493,0.1388
1341,157,1498,0.1388
1345,158,1503,0.1388
1325,160,1485,0.1388
1342,158,1500,0.1388
1344,161,1505,0.1388
1336,160,1496,0.1388
1335,157,1492,0.1388
1330,165,1495,0.1388
1338,166,1504,0.1388
1340,165,1505,0.1388
1319,167,1486,0.1388
1307,170,1477,0.1388
1316,173,1489,0.1388
1312,173,1485,0.1388
1314,177,1491,0.1388
1305,176,1481,0.1388
1305,180,1485,0.1388
1293,177,1470,0.1388
1305,182,1487,0.1388
1304,180,1484,0.1388
1303,182,1485,0.1388
1305,178,1483,0.1388
1319,178,1497,0.1388
1312,177,1489,0.1388
1322,184,1506,0.1388
1339,185,1524,0.1388
1330,186,1516,0.1388
1321,189,1510,0.1388
1318,185,1503,0.1388
1307,187,1494,0.1388
1312,186,1498,0.1388
1305,188,1493,0.1388
1317,198,1515,0.1388
1318,196,1514,0.1388
1314,197,1511,0.1388
1313,195,1508,0.1388
1307,189,1496,0.1388
1308,191,1499,0.1388
1305,193,1498,0.1388
1309,193,1502,0.1388
1314,196,1510,0.1388
1303,191,1494,0.1388
1313,198,1511,0.1388
1318,201,1519,0.1388
1302,200,1502,0.1388
1312,199,1511,0.1388
1312,200,1512,0.1388
1309,203,1512,0.1388
1316,203,1519,0.1388
1316,200,1516,0.1388
1315,197,1512,0.1388
1307,198,1505,0.1388
1309,197,1506,0.1388
1298,197,1495,0.1388
1288,195,1483,0.1388
1298,194,1492,0.1388
1309,193,1502,0.1388
1308,195,1503,0.1388
1309,191,1500,0.1388
1320,194,1514,0.1388
1322,193,1515,0.1388
1310,193,1503,0.1388
1303,201,1504,0.1388
1299,201,1500,0.1388
1303,199,1502,0.1388
1300,203,1503,0.1388
1305,202,1507,0.1388
1304,198,1502,0.1388
1302,198,1500,0.1388
1301,205,1506,0.1388
1298,210,1508,0.1388
1292,208,1500,0.1388
1302,208,1510,0.1388
1305,207,1512,0.1388
1309,207,1516,0.1388
1306,205,1511,0.1388
1306,205,1511,0.1388
1301,208,1509,0.1388
1293,213,1506,0.1388
1282,210,1492,0.1388
1282,213,1495,0.1388
1285,209,1494,0.1388
1289,209,1498,0.1388
1284,204,1488,0.1388
1292,202,1494,0.1388
1295,201,1496,0.1388
1299,204,1503,0.1388
1297,206,1503,0.1388
1298,202,1500,0.1388
1281,211,1492,0.1388
1271,220,1491,0.1388
1268,220,1488,0.1388
1272,220,1492,0.1388
1273,220,1493,0.1388
1263,219,1482,0.1388
1271,225,1496,0.1388
1277,226,1503,0.1388
1272,222,1494,0.1388
1277,230,1507,0.1388
1271,240,1511,0.1388
1269,238,1507,0.1388
1261,234,1495,0.1388
1262,235,1497,0.1388
1253,237,1490,0.1388
1260,238,1498,0.1388
1258,239,1497,0.1388
1255,232,1487,0.1388
1264,233,1497,0.1388
1267,241,1508,0.1388
1271,238,1509,0.1388
1248,233,1481,0.1388
1247,240,1487,0.1388
1257,241,1498,0.1388
1255,242,1497,0.1388
1255,240,1495,0.1388
1240,241,1481,0.1388
1245,241,1486,0.1388
1244,245,1489,0.1388
1253,246,1499,0.1388
1252,245,1497,0.1388
1254,253,1507,0.1388
1257,256,1513,0.1388
1248,256,1504,0.1388
1249,259,1508,0.1388
1238,257,1495,0.1388
1237,256,1493,0.1388
1225,252,1477,0.1388
1231,257,1488,0.1388
1236,251,1487,0.1388
1223,249,1472,0.1388
1221,252,1473,0.1388
1221,250,1471,0.1388
1221,262,1483,0.1388
1225,264,1489,0.1388
1235,263,1498,0.1388
1238,269,1507,0.1388
1244,267,1511,0.1388
1248,267,1515,0.1388
1232,270,1502,0.1388
1234,271,1505,0.1388
1248,270,1518,0.1388
1248,267,1515,0.1388
1254,270,1524,0.1388
1246,275,1521,0.1388
1238,273,1511,0.1388
1233,276,1509,0.1388
1237,273,1510,0.1388
1237,275,1512,0.1388
1241,266,1507,0.1388
1229,264,1493,0.1388
1229,263,1492,0.1388
1220,268,1488,0.1388
1234,267,1501,0.1388
1230,266,1496,0.1388
1231,268,1499,0.1388
1228,269,1497,0.1388
1222,276,1498,0.1388
1225,275,1500,0.1388
1226,277,1503,0.1388
1222,274,1496,0.1388
1229,276,1505,0.1388
1225,270,1495,0.1388
1227,269,1496,0.1388
1219,269,1488,0.1388
1214,273,1487,0.1388
1225,272,1497,0.1388
1230,271,1501,0.1388
1229,266,1495,0.1388
1224,267,1491,0.1388
1239,271,1510,0.1388
1231,267,1498,0.1388
1221,268,1489,0.1388
1220,274,1494,0.1388
1220,272,1492,0.1388
1222,264,1486,0.1388
1233,268,1501,0.1388
1232,268,1500,0.1388
1222,275,1497,0.1388
1229,276,1505,0.1388
1228,281,1509,0.1388
1219,282,1501,0.1388
1205,288,1493,0.1388
1212,284,1496,0.1388
1206,288,1494,0.1388
1213,293,1506,0.1388
1206,293,1499,0.1388
1210,291,1501,0.1388
1196,286,1482,0.1388
1195,283,1478,0.1388
1215,289,1504,0.1388
1216,290,1506,0.1388
1207,292,1499,0.1388
1197,289,1486,0.1388
1217,286,1503,0.1388
1215,289,1504,0.1388
1213,296,1509,0.1388
1214,296,1510,0.1388
1222,287,1509,0.1388
1224,289,1513,0.1388
1222,291,1513,0.1388
1219,293,1512,0.1388
1216,285,1501,0.1388
1223,282,1505,0.1388
1220,279,1499,0.1388
1216,280,1496,0.1388
1213,281,1494,0.1388
1211,272,1483,0.1388
1220,275,1495,0.1388
1215,278,1493,0.1388
1207,287,1494,0.1388
1206,289,1495,0.1388
1201,296,1497,0.1388
1209,295,1504,0.1388
1207,285,1492,0.1388
1201,289,1490,0.1388
1202,293,1495,0.1388
1200,292,1492,0.1388
1198,296,1494,0.1388
1193,296,1489,0.1388
1189,299,1488,0.1388
1172,293,1465,0.1388
1179,300,1479,0.1388
1177,297,1474,0.1388
1175,307,1482,0.1388
1160,310,1470,0.1388
1177,308,1485,0.1388
1172,307,1479,0.1388
1188,309,1497,0.1388
1176,304,1480,0.1388
1170,304,1474,0.1388
1171,304,1475,0.1388
1175,309,1484,0.1388
1170,301,1471,0.1388
1184,308,1492,0.1388
1187,317,1504,0.1388
1176,315,1491,0.1388
1177,319,1496,0.1388
1170,320,1490,0.1388
1166,317,1483,0.1388
1166,310,1476,0.1388
1167,320,1487,0.1388
1163,320,1483,0.1388
1173,326,1499,0.1388
1180,324,1504,0.1388
1182,321,1503,0.1388
1176,324,1500,0.1388
1186,326,1512,0.1388
1193,327,1520,0.1388
1183,327,1510,0.1388
1183,330,1513,0.1388
1185,334,1519,0.1388
1180,335,1515,0.1388
1167,335,1502,0.1388
1158,341,1499,0.1388
1158,341,1499,0.1388
1155,340,1495,0.1388
1149,343,1492,0.1388
1138,344,1482,0.1388
1143,345,1488,0.1388
1138,347,1485,0.1388
1143,344,1487,0.1388
1148,346,1494,0.1388
1153,350,1503,0.1388
1148,352,1500,0.1388
1150,349,1499,0.1388
1153,350,1503,0.1388
1140,342,1482,0.1388
1137,350,1487,0.1388
1138,359,1497,0.1388
1139,354,1493,0.1388
1134,358,1492,0.1388
1133,360,1493,0.1388
1121,364,1485,0.1388
1123,361,1484,0.1388
1116,361,1477,0.1388
1118,363,1481,0.1388
1127,362,1489,0.1388
1129,360,1489,0.1388
1132,366,1498,0.1388
1138,360,1498,0.1388
1143,362,1505,0.1388
1147,357,1504,0.1388
1147,357,1504,0.1388
1143,365,1508,0.1388
1142,371,1513,0.1388
1130,372,1502,0.1388
1139,370,1509,0.1388
1137,379,1516,0.1388
1136,382,1518,0.1388
1125,386,1511,0.1388
1113,384,1497,0.1388
1113,387,1500,0.1388
1109,386,1495,0.1388
1119,386,1505,0.1388
1114,388,1502,0.1388
1112,390,1502,0.1388
1111,390,1501,0.1388
1116,385,1501,0.1388
1104,384,1488,0.1388
1099,386,1485,0.1388
1102,380,1482,0.1388
1100,386,1486,0.1388
1097,377,1474,0.1388
1100,373,1473,0.1388
1097,375,1472,0.1388
1098,378,1476,0.1388
1109,384,1493,0.1388
1111,387,1498,0.1388
1102,388,1490,0.1388
1098,386,1484,0.1388
1106,385,1491,0.1388
1115,393,1508,0.1388
1113,394,1507,0.1388
1105,388,1493,0.1388
1106,397,1503,0.1388
1106,391,1497,0.1388
1119,391,1510,0.1388
1112,388,1500,0.1388
1112,387,1499,0.1388
1103,392,1495,0.1388
1102,387,1489,0.1388
1109,392,1501,0.1388
1112,400,1512,0.1388
1094,398,1492,0.1388
1095,399,1494,0.1388
1098,406,1504,0.1388
1087,402,1489,0.1388
1077,403,1480,0.1388
1083,401,1484,0.1388
1082,404,1486,0.1388
1079,407,1486,0.1388
1082,412,1494,0.1388
1087,407,1494,0.1388
1074,409,1483,0.1388
1081,406,1487,0.1388
1077,419,1496,0.1388
1070,419,1489,0.1388
1070,417,1487,0.1388
1077,418,1495,0.1388
1068,405,1473,0.1388
1078,410,1488,0.1388
1069,407,1476,0.1388
1074,420,1494,0.1388
1082,422,1504,0.1388
1073,419,1492,0.1388
1083,421,1504,0.1388
1080,415,1495,0.1388
1090,417,1507,0.1388
1096,416,1512,0.1388
1088,415,1503,0.1388
1070,420,1490,0.1388
1076,424,1500,0.1388
1081,425,1506,0.1388
1073,430,1503,0.1388
1075,430,1505,0.1388
1077,431,1508,0.1388
1084,424,1508,0.1388
1076,431,1507,0.1388
1072,430,1502,0.1388
1071,427,1498,0.1388
1067,423,1490,0.1388
1076,424,1500,0.1388
1082,428,1510,0.1388
1082,429,1511,0.1388
1076,423,1499,0.1388
1080,430,1510,0.1388
1079,440,1519,0.1388
1071,438,1509,0.1388
1067,441,1508,0.1388
1066,436,1502,0.1388
1068,438,1506,0.1388
1069,432,1501,0.1388
1077,438,1515,0.1388
1071,446,1517,0.1388
1075,443,1518,0.1388
1077,446,1523,0.1388
1054,444,1498,0.1388
1046,448,1494,0.1388
1052,448,1500,0.1388
1053,446,1499,0.1388
1047,450,1497,0.1388
1046,454,1500,0.1388
1043,463,1506,0.1388
1048,457,1505,0.1388
1063,454,1517,0.1388
1068,456,1524,0.1388
1057,449,1506,0.1388
1049,444,1493,0.1388
1048,453,1501,0.1388
1038,461,1499,0.1388
1038,466,1504,0.1388
1037,470,1507,0.1388
1033,470,1503,0.1388
1041,464,1505,0.1388
1030,462,1492,0.1388
1031,464,1495,0.1388
1029,466,1495,0.1388
1036,465,1501,0.1388
1035,467,1502,0.1388
1025,473,1498,0.1388
1025,471,1496,0.1388
1035,474,1509,0.1388
1029,473,1502,0.1388
1021,478,1499,0.1388
1022,471,1493,0.1388
1021,464,1485,0.1388
1010,470,1480,0.1388
1005,475,1480,0.1388
1003,473,1476,0.1388
1014,481,1495,0.1388
1014,486,1500,0.1388
1014,493,1507,0.1388
1005,487,1492,0.1388
997,490,1487,0.1388
1001,494,1495,0.1388
1001,490,1491,0.1388
1002,494,1496,0.1388
991,494,1485,0.1388
997,495,1492,0.1388
998,491,1489,0.1388
994,495,1489,0.1388
992,501,1493,0.1388
997,498,1495,0.1388
1007,489,1496,0.1388
1004,481,1485,0.1388
1011,483,1494,0.1388
1016,491,1507,0.1388
1012,497,1509,0.1388
1002,494,1496,0.1388
992,492,1484,0.1388
1004,485,1489,0.1388
1014,484,1498,0.1388
1007,493,1500,0.1388
994,492,1486,0.1388
995,491,1486,0.1388
990,489,1479,0.1388
990,489,1479,0.1388
991,496,1487,0.1388
999,491,1490,0.1388
997,499,1496,0.1388
996,497,1493,0.1388
997,492,1489,0.1388
1002,494,1496,0.1388
1003,491,1494,0.1388
1002,488,1490,0.1388
986,492,1478,0.1388
979,489,1468,0.1388
988,494,1482,0.1388
993,491,1484,0.1388
992,490,1482,0.1388
988,499,1487,0.1388
976,511,1487,0.1388
980,510,1490,0.1388
983,508,1491,0.1388
993,508,1501,0.1388
1001,517,1518,0.1388
990,512,1502,0.1388
986,504,1490,0.1388
975,510,1485,0.1388
984,516,1500,0.1388
982,511,1493,0.1388
982,515,1497,0.1388
987,512,1499,0.1388
991,519,1510,0.1388
990,511,1501,0.1388
986,514,1500,0.1388
989,510,1499,0.1388
995,512,1507,0.1388
984,511,1495,0.1388
993,516,1509,0.1388
998,516,1514,0.1388
990,516,1506,0.1388
997,515,1512,0.1388
1000,517,1517,0.1388
989,517,1506,0.1388
993,517,1510,0.1388
999,515,1514,0.1388
980,514,1494,0.1388
971,526,1497,0.1388
977,532,1509,0.1388
976,521,1497,0.1388
979,520,1499,0.1388
974,515,1489,0.1388
965,522,1487,0.1388
969,528,1497,0.1388
980,529,1509,0.1388
975,521,1496,0.1388
978,507,1485,0.1388
973,515,1488,0.1388
974,521,1495,0.1388
972,523,1495,0.1388
978,524,1502,0.1388
976,530,1506,0.1388
967,531,1498,0.1388
968,534,1502,0.1388
969,527,1496,0.1388
962,534,1496,0.1388
974,538,1512,0.1388
973,544,1517,0.1388
970,538,1508,0.1388
959,543,1502,0.1388
947,548,1495,0.1388
950,549,1499,0.1388
947,554,1501,0.1388
947,559,1506,0.1388
944,550,1494,0.1388
941,551,1492,0.1388
939,553,1492,0.1388
946,547,1493,0.1388
947,543,1490,0.1388
959,541,1500,0.1388
957,538,1495,0.1388
958,549,1507,0.1388
958,548,1506,0.1388
953,545,1498,0.1388
959,550,1509,0.1388
960,558,1518,0.1388
965,547,1512,0.1388
956,549,1505,0.1388
942,547,1489,0.1388
943,555,1498,0.1388
946,552,1498,0.1388
937,552,1489,0.1388
936,560,1496,0.1388
935,555,1490,0.1388
939,564,1503,0.1388
927,571,1498,0.1388
919,568,1487,0.1388
923,570,1493,0.1388
930,562,1492,0.1388
936,569,1505,0.1388
933,572,1505,0.1388
932,573,1505,0.1388
930,571,1501,0.1388
934,574,1508,0.1388
932,582,1514,0.1388
928,586,1514,0.1388
929,585,1514,0.1388
922,582,1504,0.1388
919,587,1506,0.1388
925,581,1506,0.1388
919,576,1495,0.1388
919,582,1501,0.1388
923,579,1502,0.1388
936,578,1514,0.1388
932,574,1506,0.1388
938,571,1509,0.1388
941,569,1510,0.1388
941,574,1515,0.1388
930,581,1511,0.1388
934,574,1508,0.1388
942,581,1523,0.1388
931,575,1506,0.1388
927,575,1502,0.1388
944,578,1522,0.1388
935,577,1512,0.1388
923,577,1500,0.1388
915,574,1489,0.1388
906,571,1477,0.1388
906,575,1481,0.1388
900,585,1485,0.1388
907,589,1496,0.1388
908,594,1502,0.1388
913,587,1500,0.1388
910,595,1505,0.1388
904,595,1499,0.1388
910,591,1501,0.1388
909,595,1504,0.1388
893,593,1486,0.1388
903,598,1501,0.1388
904,598,1502,0.1388
902,595,1497,0.1388
909,601,1510,0.1388
899,597,1496,0.1388
890,602,1492,0.1388
891,599,1490,0.1388
889,609,1498,0.1388
883,614,1497,0.1388
885,620,1505,0.1388
894,624,1518,0.1388
882,624,1506,0.1388
884,626,1510,0.1388
891,627,1518,0.1388
880,629,1509,0.1388
872,623,1495,0.1388
874,631,1505,0.1388
865,628,1493,0.1388
876,629,1505,0.1388
869,632,1501,0.1388
866,637,1503,0.1388
859,639,1498,0.1388
858,646,1504,0.1388
862,639,1501,0.1388
864,642,1506,0.1388
869,649,1518,0.1388
861,647,1508,0.1388
850,653,1503,0.1388
835,652,1487,0.1388
846,651,1497,0.1388
843,646,1489,0.1388
844,659,1503,0.1388
843,662,1505,0.1388
843,664,1507,0.1388
846,656,1502,0.1388
854,650,1504,0.1388
856,656,1512,0.1388
836,655,1491,0.1388
833,656,1489,0.1388
837,668,1505,0.1388
835,667,1502,0.1388
828,672,1500,0.1388
830,665,1495,0.1388
840,673,1513,0.1388
836,666,1502,0.1388
834,661,1495,0.1388
835,657,1492,0.1388
828,657,1485,0.1388
829,669,1498,0.1388
828,669,1497,0.1388
829,672,1501,0.1388
831,673,1504,0.1388
838,668,1506,0.1388
835,672,1507,0.1388
836,669,1505,0.1388
834,668,1502,0.1388
835,668,1503,0.1388
844,666,1510,0.1388
835,664,1499,0.1388
841,666,1507,0.1388
835,669,1504,0.1388
827,675,1502,0.1388
832,674,1506,0.1388
827,665,1492,0.1388
835,664,1499,0.1388
834,673,1507,0.1388
831,677,1508,0.1388
831,669,1500,0.1388
840,666,1506,0.1388
837,677,1514,0.1388
827,671,1498,0.1388
819,668,1487,0.1388
816,672,1488,0.1388
818,684,1502,0.1388
814,684,1498,0.1388
817,684,1501,0.1388
818,683,1501,0.1388
821,689,1510,0.1388
819,692,1511,0.1388
816,697,1513,0.1388
806,692,1498,0.1388
817,692,1509,0.1388
820,687,1507,0.1388
824,681,1505,0.1388
826,686,1512,0.1388
820,685,1505,0.1388
824,688,1512,0.1388
827,686,1513,0.1388
819,676,1495,0.1388
820,675,1495,0.1388
834,676,1510,0.1388
831,685,1516,0.1388
824,689,1513,0.1388
834,690,1524,0.1388
823,693,1516,0.1388
823,686,1509,0.1388
822,693,1515,0.1388
813,696,1509,0.1388
809,692,1501,0.1388
816,692,1508,0.1388
807,687,1494,0.1388
802,690,1492,0.1388
807,690,1497,0.1388
810,698,1508,0.1388
813,692,1505,0.1388
807,688,1495,0.1388
809,701,1510,0.1388
807,707,1514,0.1388
811,699,1510,0.1388
803,707,1510,0.1388
798,707,1505,0.1388
800,704,1504,0.1388
808,705,1513,0.1388
814,697,1511,0.1388
805,704,1509,0.1388
791,695,1486,0.1388
795,697,1492,0.1388
803,702,1505,0.1388
796,720,1516,0.1388
794,727,1521,0.1388
781,725,1506,0.1388
775,717,1492,0.1388
775,714,1489,0.1388
778,717,1495,0.1388
772,721,1493,0.1388
772,721,1493,0.1388
783,714,1497,0.1388
779,718,1497,0.1388
786,734,1520,0.1388
780,728,1508,0.1388
774,725,1499,0.1388
766,730,1496,0.1388
759,731,1490,0.1388
763,733,1496,0.1388
765,735,1500,0.1388
774,742,1516,0.1388
762,744,1506,0.1388
757,753,1510,0.1388
751,755,1506,0.1388
750,760,1510,0.1388
751,764,1515,0.1388
753,760,1513,0.1388
741,763,1504,0.1388
738,762,1500,0.1388
744,760,1504,0.1388
743,768,1511,0.1388
738,766,1504,0.1388
741,762,1503,0.1388
744,765,1509,0.1388
751,760,1511,0.1388
746,772,1518,0.1388
753,760,1513,0.1388
747,758,1505,0.1388
749,761,1510,0.1388
747,760,1507,0.1388
746,754,1500,0.1388
748,752,1500,0.1388
742,756,1498,0.1388
740,753,1493,0.1388
740,763,1503,0.1388
746,768,1514,0.1388
744,773,1517,0.1388
743,777,1520,0.1388
743,774,1517,0.1388
738,781,1519,0.1388
739,783,1522,0.1388
731,778,1509,0.1388
741,778,1519,0.1388
747,774,1521,0.1388
737,770,1507,0.1388
729,778,1507,0.1388
728,787,1515,0.1388
713,776,1489,0.1388
711,779,1490,0.1388
716,781,1497,0.1388
707,786,1493,0.1388
714,794,1508,0.1388
708,789,1497,0.1388
704,780,1484,0.1388
709,783,1492,0.1388
708,784,1492,0.1388
706,788,1494,0.1388
706,790,1496,0.1388
697,805,1502,0.1388
690,807,1497,0.1388
696,812,1508,0.1388
701,819,1520,0.1388
692,820,1512,0.1388
685,825,1510,0.1388
680,825,1505,0.1388
669,823,1492,0.1388
674,824,1498,0.1388
672,824,1496,0.1388
676,815,1491,0.1388
676,811,1487,0.1388
668,825,1493,0.1388
665,819,1484,0.1388
669,828,1497,0.1388
670,822,1492,0.1388
665,812,1477,0.1388
660,829,1489,0.1388
663,835,1498,0.1388
657,833,1490,0.1388
655,838,1493,0.1388
652,847,1499,0.1388
656,853,1509,0.1388
655,849,1504,0.1388
659,849,1508,0.1388
659,848,1507,0.1388
658,858,1516,0.1388
652,863,1515,0.1388
643,859,1502,0.1388
642,858,1500,0.1388
639,855,1494,0.1388
634,868,1502,0.1388
635,868,1503,0.1388
634,863,1497,0.1388
642,855,1497,0.1388
642,849,1491,0.1388
640,850,1490,0.1388
642,851,1493,0.1388
650,846,1496,0.1388
652,847,1499,0.1388
653,847,1500,0.1388
648,853,1501,0.1388
642,854,1496,0.1388
630,862,1492,0.1388
635,870,1505,0.1388
638,872,1510,0.1388
644,881,1525,0.1388
655,875,1530,0.1388
647,876,1523,0.1388
649,874,1523,0.1388
638,863,1501,0.1388
651,865,1516,0.1388
646,863,1509,0.1388
642,865,1507,0.1388
642,863,1505,0.1388
632,861,1493,0.1388
636,863,1499,0.1388
635,869,1504,0.1388
627,862,1489,0.1388
629,867,1496,0.1388
634,862,1496,0.1388
635,867,1502,0.1388
639,871,1510,0.1388
630,872,1502,0.1388
620,871,1491,0.1388
632,883,1515,0.1388
625,879,1504,0.1388
624,893,1517,0.1388
618,882,1500,0.1388
621,881,1502,0.1388
611,874,1485,0.1388
612,882,1494,0.1388
614,884,1498,0.1388
612,883,1495,0.1388
631,886,1517,0.1388
636,886,1522,0.1388
632,886,1518,0.1388
638,878,1516,0.1388
645,887,1532,0.1388
640,883,1523,0.1388
631,891,1522,0.1388
634,885,1519,0.1388
636,894,1530,0.1388
629,894,1523,0.1388
629,887,1516,0.1388
622,898,1520,0.1388
621,892,1513,0.1388
627,897,1524,0.1388
622,891,1513,0.1388
620,893,1513,0.1388
628,899,1527,0.1388
620,898,1518,0.1388
616,899,1515,0.1388
619,913,1532,0.1388
621,907,1528,0.1388
620,908,1528,0.1388
622,906,1528,0.1388
624,905,1529,0.1388
622,906,1528,0.1388
616,913,1529,0.1388
608,913,1521,0.1388
605,911,1516,0.1388
597,915,1512,0.1388
596,916,1512,0.1388
594,921,1515,0.1388
585,918,1503,0.1388
582,922,1504,0.1388
579,918,1497,0.1388
574,935,1509,0.1388
584,928,1512,0.1388
589,917,1506,0.1388
597,925,1522,0.1388
594,921,1515,0.1388
585,914,1499,0.1388
584,918,1502,0.1388
581,921,1502,0.1388
589,922,1511,0.1388
595,917,1512,0.1388
595,917,1512,0.1388
595,905,1500,0.1388
594,907,1501,0.1388
591,910,1501,0.1388
594,910,1504,0.1388
591,909,1500,0.1388
584,914,1498,0.1388
583,918,1501,0.1388
575,908,1483,0.1388
571,916,1487,0.1388
577,923,1500,0.1388
575,925,1500,0.1388
575,927,1502,0.1388
573,929,1502,0.1388
564,945,1509,0.1388
565,951,1516,0.1388
568,959,1527,0.1388
564,964,1528,0.1388
563,952,1515,0.1388
564,957,1521,0.1388
556,955,1511,0.1388
559,960,1519,0.1388
560,954,1514,0.1388
560,947,1507,0.1388
554,958,1512,0.1388
553,959,1512,0.1388
560,953,1513,0.1388
565,952,1517,0.1388
560,957,1517,0.1388
556,959,1515,0.1388
556,954,1510,0.1388
552,950,1502,0.1388
545,949,1494,0.1388
541,966,1507,0.1388
541,964,1505,0.1388
538,972,1510,0.1388
539,959,1498,0.1388
538,967,1505,0.1388
527,972,1499,0.1388
526,987,1513,0.1388
524,985,1509,0.1388
525,982,1507,0.1388
523,972,1495,0.1388
522,981,1503,0.1388
518,991,1509,0.1388
523,989,1512,0.1388
527,983,1510,0.1388
525,983,1508,0.1388
524,994,1518,0.1388
519,996,1515,0.1388
510,996,1506,0.1388
511,989,1500,0.1388
507,987,1494,0.1388
509,991,1500,0.1388
512,991,1503,0.1388
515,991,1506,0.1388
519,994,1513,0.1388
511,990,1501,0.1388
517,995,1512,0.1388
512,987,1499,0.1388
516,996,1512,0.1388
515,996,1511,0.1388
521,997,1518,0.1388
522,994,1516,0.1388
515,997,1512,0.1388
512,1008,1520,0.1388
516,1001,1517,0.1388
513,998,1511,0.1388
519,996,1515,0.1388
510,994,1504,0.1388
513,998,1511,0.1388
521,1003,1524,0.1388
512,1006,1518,0.1388
507,1005,1512,0.1388
499,1004,1503,0.1388
495,1002,1497,0.1388
493,1006,1499,0.1388
492,1012,1504,0.1388
493,1016,1509,0.1388
493,1015,1508,0.1388
489,1022,1511,0.1388
494,1023,1517,0.1388
494,1018,1512,0.1388
494,1014,1508,0.1388
489,1010,1499,0.1388
487,1014,1501,0.1388
486,1015,1501,0.1388
487,1011,1498,0.1388
488,1009,1497,0.1388
482,1022,1504,0.1388
480,1022,1502,0.1388
481,1028,1509,0.1388
485,1025,1510,0.1388
485,1026,1511,0.1388
485,1019,1504,0.1388
484,1021,1505,0.1388
482,1018,1500,0.1388
478,1034,1512,0.1388
476,1029,1505,0.1388
478,1032,1510,0.1388
478,1034,1512,0.1388
477,1044,1521,0.1388
476,1034,1510,0.1388
473,1038,1511,0.1388
476,1035,1511,0.1388
476,1033,1509,0.1388
475,1028,1503,0.1388
471,1030,1501,0.1388
464,1041,1505,0.1388
461,1039,1500,0.1388
458,1052,1510,0.1388
469,1058,1527,0.1388
467,1063,1530,0.1388
471,1038,1509,0.1388
475,1037,1512,0.1388
473,1053,1526,0.1388
473,1046,1519,0.1388
478,1045,1523,0.1388
481,1037,1518,0.1388
480,1042,1522,0.1388
471,1048,1519,0.1388
475,1047,1522,0.1388
471,1048,1519,0.1388
467,1046,1513,0.1388
467,1054,1521,0.1388
463,1057,1520,0.1388
463,1058,1521,0.1388
460,1063,1523,0.1388
450,1073,1523,0.1388
457,1069,1526,0.1388
457,1068,1525,0.1388
450,1055,1505,0.1388
449,1051,1500,0.1388
453,1061,1514,0.1388
455,1058,1513,0.1388
448,1061,1509,0.1388
453,1060,1513,0.1388
441,1067,1508,0.1388
443,1073,1516,0.1388
440,1067,1507,0.1388
430,1082,1512,0.1388
430,1080,1510,0.1388
421,1081,1502,0.1388
414,1089,1503,0.1388
415,1104,1519,0.1388
418,1093,1511,0.1388
418,1105,1523,0.1388
418,1107,1525,0.1388
414,1109,1523,0.1388
417,1101,1518,0.1388
413,1095,1508,0.1388
413,1092,1505,0.1388
410,1102,1512,0.1388
406,1081,1487,0.1388
411,1080,1491,0.1388
410,1092,1502,0.1388
415,1098,1513,0.1388
413,1102,1515,0.1388
412,1087,1499,0.1388
414,1096,1510,0.1388
414,1110,1524,0.1388
409,1113,1522,0.1388
417,1115,1532,0.1388
411,1103,1514,0.1388
411,1106,1517,0.1388
415,1110,1525,0.1388
422,1098,1520,0.1388
424,1091,1515,0.1388
415,1086,1501,0.1388
409,1087,1496,0.1388
403,1095,1498,0.1388
407,1091,1498,0.1388
407,1098,1505,0.1388
403,1103,1506,0.1388
400,1107,1507,0.1388
396,1113,1509,0.1388
403,1115,1518,0.1388
401,1109,1510,0.1388
400,1126,1526,0.1388
400,1132,1532,0.1388
398,1135,1533,0.1388
391,1125,1516,0.1388
391,1134,1525,0.1388
389,1124,1513,0.1388
384,1134,1518,0.1388
388,1123,1511,0.1388
385,1132,1517,0.1388
393,1126,1519,0.1388
387,1123,1510,0.1388
393,1120,1513,0.1388
398,1114,1512,0.1388
399,1127,1526,0.1388
398,1115,1513,0.1388
400,1107,1507,0.1388
395,1115,1510,0.1388
397,1114,1511,0.1388
397,1113,1510,0.1388
403,1104,1507,0.1388
404,1114,1518,0.1388
399,1122,1521,0.1388
400,1125,1525,0.1388
396,1122,1518,0.1388
396,1119,1515,0.1388
396,1124,1520,0.1388
401,1112,1513,0.1388
397,1113,1510,0.1388
391,1111,1502,0.1388
390,1116,1506,0.1388
387,1118,1505,0.1388
387,1128,1515,0.1388
388,1117,1505,0.1388
390,1110,1500,0.1388
393,1106,1499,0.1388
394,1108,1502,0.1388
400,1119,1519,0.1388
396,1119,1515,0.1388
398,1109,1507,0.1388
398,1119,1517,0.1388
400,1122,1522,0.1388
397,1122,1519,0.1388
395,1120,1515,0.1388
383,1123,1506,0.1388
383,1121,1504,0.1388
380,1123,1503,0.1388
385,1123,1508,0.1388
381,1127,1508,0.1388
387,1131,1518,0.1388
382,1126,1508,0.1388
379,1136,1515,0.1388
383,1131,1514,0.1388
383,1125,1508,0.1388
374,1127,1501,0.1388
381,1116,1497,0.1388
377,1115,1492,0.1388
384,1120,1504,0.1388
383,1116,1499,0.1388
380,1126,1506,0.1388
379,1127,1506,0.1388
378,1143,1521,0.1388
380,1128,1508,0.1388
381,1117,1498,0.1388
383,1116,1499,0.1388
384,1123,1507,0.1388
378,1125,1503,0.1388
378,1132,1510,0.1388
375,1147,1522,0.1388
373,1146,1519,0.1388
369,1149,1518,0.1388
372,1140,1512,0.1388
371,1140,1511,0.1388
374,1142,1516,0.1388
368,1140,1508,0.1388
366,1144,1510,0.1388
366,1145,1511,0.1388
360,1140,1500,0.1388
365,1136,1501,0.1388
363,1137,1500,0.1388
362,1137,1499,0.1388
360,1142,1502,0.1388
367,1143,1510,0.1388
369,1142,1511,0.1388
367,1149,1516,0.1388
369,1147,1516,0.1388
373,1145,1518,0.1388
368,1137,1505,0.1388
365,1135,1500,0.1388
359,1131,1490,0.1388
352,1133,1485,0.1388
354,1129,1483,0.1388
352,1124,1476,0.1388
355,1142,1497,0.1388
358,1129,1487,0.1388
360,1130,1490,0.1388
358,1146,1504,0.1388
351,1146,1497,0.1388
360,1151,1511,0.1388
349,1150,1499,0.1388
349,1156,1505,0.1388
347,1152,1499,0.1388
341,1154,1495,0.1388
350,1156,1506,0.1388
349,1138,1487,0.1388
362,1146,1508,0.1388
370,1145,1515,0.1388
369,1145,1514,0.1388
377,1134,1511,0.1388
370,1127,1497,0.1388
370,1129,1499,0.1388
360,1135,1495,0.1388
367,1135,1502,0.1388
365,1143,1508,0.1388
367,1145,1512,0.1388
360,1145,1505,0.1388
353,1149,1502,0.1388
355,1158,1513,0.1388
351,1159,1510,0.1388
350,1161,1511,0.1388
343,1164,1507,0.1388
342,1180,1522,0.1388
347,1174,1521,0.1388
346,1168,1514,0.1388
349,1156,1505,0.1388
358,1166,1524,0.1388
357,1177,1534,0.1388
351,1163,1514,0.1388
341,1156,1497,0.1388
342,1168,1510,0.1388
338,1186,1524,0.1388
339,1181,1520,0.1388
332,1172,1504,0.1388
335,1184,1519,0.1388
336,1190,1526,0.1388
331,1187,1518,0.1388
329,1193,1522,0.1388
330,1193,1523,0.1388
327,1189,1516,0.1388
322,1194,1516,0.1388
323,1188,1511,0.1388
325,1180,1505,0.1388
318,1188,1506,0.1388
324,1184,1508,0.1388
327,1182,1509,0.1388
321,1191,1512,0.1388
323,1200,1523,0.1388
328,1191,1519,0.1388
327,1189,1516,0.1388
328,1189,1517,0.1388
323,1181,1504,0.1388
321,1194,1515,0.1388
320,1190,1510,0.1388
322,1193,1515,0.1388
323,1193,1516,0.1388
325,1191,1516,0.1388
329,1202,1531,0.1388
326,1200,1526,0.1388
319,1196,1515,0.1388
319,1200,1519,0.1388
327,1204,1531,0.1388
330,1189,1519,0.1388
326,1181,1507,0.1388
322,1182,1504,0.1388
321,1192,1513,0.1388
321,1191,1512,0.1388
322,1202,1524,0.1388
316,1191,1507,0.1388
309,1192,1501,0.1388
308,1192,1500,0.1388
303,1212,1515,0.1388
312,1208,1520,0.1388
320,1209,1529,0.1388
313,1211,1524,0.1388
313,1204,1517,0.1388
311,1201,1512,0.1388
310,1213,1523,0.1388
308,1202,1510,0.1388
309,1208,1517,0.1388
310,1197,1507,0.1388
308,1208,1516,0.1388
313,1217,1530,0.1388
313,1221,1534,0.1388
314,1216,1530,0.1388
311,1220,1531,0.1388
309,1227,1536,0.1388
306,1226,1532,0.1388
304,1223,1527,0.1388
303,1220,1523,0.1388
304,1225,1529,0.1388
304,1218,1522,0.1388
306,1220,1526,0.1388
302,1221,1523,0.1388
308,1208,1516,0.1388
309,1210,1519,0.1388
307,1191,1498,0.1388
308,1190,1498,0.1388
309,1205,1514,0.1388
311,1219,1530,0.1388
308,1213,1521,0.1388
314,1216,1530,0.1388
314,1206,1520,0.1388
314,1208,1522,0.1388
312,1203,1515,0.1388
315,1198,1513,0.1388
316,1193,1509,0.1388
312,1189,1501,0.1388
319,1190,1509,0.1388
314,1197,1511,0.1388
316,1196,1512,0.1388
316,1194,1510,0.1388
316,1182,1498,0.1388
313,1193,1506,0.1388
316,1192,1508,0.1388
319,1205,1524,0.1388
320,1208,1528,0.1388
321,1196,1517,0.1388
317,1200,1517,0.1388
312,1203,1515,0.1388
314,1208,1522,0.1388
308,1208,1516,0.1388
302,1199,1501,0.1388
311,1196,1507,0.1388
310,1190,1500,0.1388
310,1188,1498,0.1388
306,1198,1504,0.1388
310,1197,1507,0.1388
307,1211,1518,0.1388
305,1214,1519,0.1388
303,1213,1516,0.1388
294,1210,1504,0.1388
287,1205,1492,0.1388
289,1225,1514,0.1388
292,1221,1513,0.1388
291,1232,1523,0.1388
296,1229,1525,0.1388
296,1226,1522,0.1388
289,1227,1516,0.1388
285,1242,1527,0.1388
280,1236,1516,0.1388
281,1236,1517,0.1388
278,1230,1508,0.1388
283,1232,1515,0.1388
283,1229,1512,0.1388
283,1227,1510,0.1388
279,1233,1512,0.1388
273,1233,1506,0.1388
271,1238,1509,0.1388
271,1240,1511,0.1388
265,1250,1515,0.1388
264,1238,1502,0.1388
262,1245,1507,0.1388
266,1239,1505,0.1388
268,1243,1511,0.1388
269,1233,1502,0.1388
273,1223,1496,0.1388
271,1222,1493,0.1388
271,1223,1494,0.1388
271,1217,1488,0.1388
268,1229,1497,0.1388
263,1248,1511,0.1388
262,1256,1518,0.1388
262,1244,1506,0.1388
260,1243,1503,0.1388
263,1252,1515,0.1388
265,1250,1515,0.1388
267,1252,1519,0.1388
269,1256,1525,0.1388
267,1252,1519,0.1388
270,1264,1534,0.1388
264,1256,1520,0.1388
266,1246,1512,0.1388
265,1237,1502,0.1388
265,1230,1495,0.1388
268,1240,1508,0.1388
271,1230,1501,0.1388
270,1239,1509,0.1388
268,1242,1510,0.1388
266,1253,1519,0.1388
268,1254,1522,0.1388
264,1251,1515,0.1388
258,1253,1511,0.1388
260,1261,1521,0.1388
254,1253,1507,0.1388
253,1248,1501,0.1388
250,1242,1492,0.1388
251,1242,1493,0.1388
246,1245,1491,0.1388
245,1242,1487,0.1388
249,1255,1504,0.1388
247,1259,1506,0.1388
247,1260,1507,0.1388
245,1268,1513,0.1388
246,1280,1526,0.1388
239,1282,1521,0.1388
240,1278,1518,0.1388
237,1280,1517,0.1388
239,1274,1513,0.1388
242,1269,1511,0.1388
240,1264,1504,0.1388
240,1260,1500,0.1388
238,1270,1508,0.1388
237,1277,1514,0.1388
244,1278,1522,0.1388
243,1286,1529,0.1388
240,1276,1516,0.1388
236,1274,1510,0.1388
233,1283,1516,0.1388
236,1280,1516,0.1388
235,1279,1514,0.1388
240,1273,1513,0.1388
240,1289,1529,0.1388
241,1287,1528,0.1388
234,1280,1514,0.1388
228,1286,1514,0.1388
224,1296,1520,0.1388
230,1280,1510,0.1388
225,1289,1514,0.1388
226,1276,1502,0.1388
228,1285,1513,0.1388
233,1263,1496,0.1388
231,1269,1500,0.1388
229,1279,1508,0.1388
224,1285,1509,0.1388
227,1289,1516,0.1388
228,1295,1523,0.1388
220,1306,1526,0.1388
216,1295,1511,0.1388
221,1299,1520,0.1388
221,1292,1513,0.1388
222,1296,1518,0.1388
220,1296,1516,0.1388
218,1300,1518,0.1388
216,1298,1514,0.1388
221,1294,1515,0.1388
221,1301,1522,0.1388
220,1292,1512,0.1388
224,1289,1513,0.1388
222,1295,1517,0.1388
215,1290,1505,0.1388
214,1285,1499,0.1388
215,1308,1523,0.1388
205,1315,1520,0.1388
204,1322,1526,0.1388
204,1317,1521,0.1388
208,1322,1530,0.1388
203,1321,1524,0.1388
202,1320,1522,0.1388
198,1322,1520,0.1388
198,1323,1521,0.1388
200,1332,1532,0.1388
201,1314,1515,0.1388
201,1297,1498,0.1388
200,1299,1499,0.1388
202,1310,1512,0.1388
201,1325,1526,0.1388
207,1313,1520,0.1388
211,1299,1510,0.1388
210,1300,1510,0.1388
208,1293,1501,0.1388
208,1306,1514,0.1388
208,1313,1521,0.1388
210,1301,1511,0.1388
208,1320,1528,0.1388
212,1316,1528,0.1388
209,1307,1516,0.1388
205,1305,1510,0.1388
209,1313,1522,0.1388
208,1305,1513,0.1388
209,1319,1528,0.1388
207,1315,1522,0.1388
209,1322,1531,0.1388
205,1320,1525,0.1388
204,1319,1523,0.1388
204,1316,1520,0.1388
208,1316,1524,0.1388
204,1313,1517,0.1388
202,1311,1513,0.1388
201,1299,1500,0.1388
199,1294,1493,0.1388
201,1307,1508,0.1388
198,1300,1498,0.1388
200,1305,1505,0.1388
202,1290,1492,0.1388
201,1298,1499,0.1388
197,1297,1494,0.1388
198,1294,1492,0.1388
198,1308,1506,0.1388
194,1318,1512,0.1388
194,1323,1517,0.1388
196,1311,1507,0.1388
197,1308,1505,0.1388
194,1310,1504,0.1388
195,1309,1504,0.1388
191,1312,1503,0.1388
195,1312,1507,0.1388
193,1312,1505,0.1388
198,1318,1516,0.1388
199,1303,1502,0.1388
201,1307,1508,0.1388
202,1295,1497,0.1388
203,1296,1499,0.1388
200,1313,1513,0.1388
201,1308,1509,0.1388
203,1326,1529,0.1388
202,1320,1522,0.1388
204,1308,1512,0.1388
199,1320,1519,0.1388
197,1326,1523,0.1388
198,1311,1509,0.1388
197,1309,1506,0.1388
198,1305,1503,0.1388
198,1313,1511,0.1388
196,1322,1518,0.1388
196,1326,1522,0.1388
194,1311,1505,0.1388
193,1309,1502,0.1388
194,1310,1504,0.1388
199,1324,1523,0.1388
197,1318,1515,0.1388
193,1318,1511,0.1388
196,1328,1524,0.1388
195,1316,1511,0.1388
192,1313,1505,0.1388
192,1320,1512,0.1388
192,1324,1516,0.1388
191,1332,1523,0.1388
194,1324,1518,0.1388
190,1324,1514,0.1388
188,1326,1514,0.1388
187,1325,1512,0.1388
186,1319,1505,0.1388
185,1323,1508,0.1388
184,1332,1516,0.1388
181,1331,1512,0.1388
184,1317,1501,0.1388
182,1331,1513,0.1388
180,1329,1509,0.1388
185,1333,1518,0.1388
185,1319,1504,0.1388
187,1330,1517,0.1388
188,1331,1519,0.1388
185,1318,1503,0.1388
185,1329,1514,0.1388
182,1327,1509,0.1388
184,1326,1510,0.1388
180,1335,1515,0.1388
182,1326,1508,0.1388
178,1327,1505,0.1388
182,1325,1507,0.1388
181,1336,1517,0.1388
180,1338,1518,0.1388
175,1342,1517,0.1388
176,1337,1513,0.1388
178,1339,1517,0.1388
177,1347,1524,0.1388
174,1345,1519,0.1388
175,1342,1517,0.1388
178,1346,1524,0.1388
181,1341,1522,0.1388
181,1332,1513,0.1388
179,1331,1510,0.1388
175,1332,1507,0.1388
175,1329,1504,0.1388
175,1327,1502,0.1388
178,1324,1502,0.1388
174,1324,1498,0.1388
175,1330,1505,0.1388
175,1326,1501,0.1388
174,1338,1512,0.1388
178,1333,1511,0.1388
176,1347,1523,0.1388
176,1347,1523,0.1388
171,1353,1524,0.1388
172,1355,1527,0.1388
170,1358,1528,0.1388
172,1368,1540,0.1388
169,1359,1528,0.1388
171,1348,1519,0.1388
171,1350,1521,0.1388
180,1343,1523,0.1388
180,1343,1523,0.1388
176,1335,1511,0.1388
176,1341,1517,0.1388
177,1332,1509,0.1388
175,1344,1519,0.1388
171,1339,1510,0.1388
169,1327,1496,0.1388
162,1329,1491,0.1388
160,1335,1495,0.1388
159,1345,1504,0.1388
158,1340,1498,0.1388
161,1340,1501,0.1388
159,1347,1506,0.1388
159,1353,1512,0.1388
162,1358,1520,0.1388
167,1359,1526,0.1388
163,1356,1519,0.1388
165,1364,1529,0.1388
164,1365,1529,0.1388
163,1356,1519,0.1388
163,1345,1508,0.1388
164,1350,1514,0.1388
162,1346,1508,0.1388
164,1344,1508,0.1388
162,1342,1504,0.1388
162,1349,1511,0.1388
158,1350,1508,0.1388
159,1356,1515,0.1388
157,1356,1513,0.1388
156,1358,1514,0.1388
155,1359,1514,0.1388
152,1359,1511,0.1388
154,1366,1520,0.1388
155,1363,1518,0.1388
153,1368,1521,0.1388
154,1366,1520,0.1388
152,1361,1513,0.1388
149,1351,1500,0.1388
149,1354,1503,0.1388
151,1367,1518,0.1388
152,1373,1525,0.1388
151,1371,1522,0.1388
150,1361,1511,0.1388
151,1355,1506,0.1388
153,1360,1513,0.1388
156,1356,1512,0.1388
153,1356,1509,0.1388
152,1364,1516,0.1388
149,1360,1509,0.1388
148,1374,1522,0.1388
149,1369,1518,0.1388
146,1361,1507,0.1388
146,1361,1507,0.1388
147,1381,1528,0.1388
146,1374,1520,0.1388
143,1376,1519,0.1388
142,1369,1511,0.1388
142,1368,1510,0.1388
140,1380,1520,0.1388
140,1379,1519,0.1388
133,1382,1515,0.1388
137,1370,1507,0.1388
136,1373,1509,0.1388
139,1379,1518,0.1388
140,1391,1531,0.1388
137,1391,1528,0.1388
133,1381,1514,0.1388
135,1387,1522,0.1388
136,1375,1511,0.1388
132,1376,1508,0.1388
130,1372,1502,0.1388
129,1377,1506,0.1388
126,1383,1509,0.1388
122,1382,1504,0.1388
120,1379,1499,0.1388
120,1372,1492,0.1388
116,1360,1476,0.1388
121,1360,1481,0.1388
121,1382,1503,0.1388
123,1388,1511,0.1388
123,1389,1512,0.1388
124,1392,1516,0.1388
126,1393,1519,0.1388
127,1394,1521,0.1388
127,1389,1516,0.1388
128,1380,1508,0.1388
130,1381,1511,0.1388
131,1382,1513,0.1388
132,1388,1520,0.1388
136,1394,1530,0.1388
134,1396,1530,0.1388
133,1395,1528,0.1388
135,1383,1518,0.1388
133,1372,1505,0.1388
131,1371,1502,0.1388
130,1385,1515,0.1388
130,1388,1518,0.1388
131,1379,1510,0.1388
129,1392,1521,0.1388
129,1387,1516,0.1388
127,1387,1514,0.1388
123,1393,1516,0.1388
123,1383,1506,0.1388
124,1387,1511,0.1388
123,1387,1510,0.1388
126,1381,1507,0.1388
124,1386,1510,0.1388
121,1383,1504,0.1388
121,1389,1510,0.1388
122,1388,1510,0.1388
126,1387,1513,0.1388
123,1387,1510,0.1388
123,1393,1516,0.1388
117,1390,1507,0.1388
120,1384,1504,0.1388
121,1387,1508,0.1388
123,1402,1525,0.1388
124,1396,1520,0.1388
120,1386,1506,0.1388
122,1383,1505,0.1388
120,1396,1516,0.1388
120,1388,1508,0.1388
121,1386,1507,0.1388
120,1393,1513,0.1388
121,1389,1510,0.1388
123,1387,1510,0.1388
123,1379,1502,0.1388
124,1384,1508,0.1388
122,1387,1509,0.1388
116,1387,1503,0.1388
118,1397,1515,0.1388
117,1393,1510,0.1388
114,1396,1510,0.1388
115,1393,1508,0.1388
111,1390,1501,0.1388
108,1396,1504,0.1388
110,1399,1509,0.1388
112,1398,1510,0.1388
112,1410,1522,0.1388
114,1403,1517,0.1388
112,1395,1507,0.1388
109,1391,1500,0.1388
111,1392,1503,0.1388
113,1400,1513,0.1388
114,1397,1511,0.1388
112,1389,1501,0.1388
111,1385,1496,0.1388
115,1386,1501,0.1388
112,1389,1501,0.1388
109,1404,1513,0.1388
109,1409,1518,0.1388
108,1408,1516,0.1388
101,1408,1509,0.1388
98,1404,1502,0.1388
96,1415,1511,0.1388
90,1424,1514,0.1388
90,1439,1529,0.1388
90,1416,1506,0.1388
93,1418,1511,0.1388
88,1424,1512,0.1388
87,1423,1510,0.1388
88,1435,1523,0.1388
88,1436,1524,0.1388
87,1423,1510,0.1388
88,1427,1515,0.1388
89,1419,1508,0.1388
89,1424,1513,0.1388
88,1431,1519,0.1388
90,1427,1517,0.1388
90,1442,1532,0.1388
90,1440,1530,0.1388
91,1436,1527,0.1388
90,1435,1525,0.1388
91,1428,1519,0.1388
92,1431,1523,0.1388
87,1424,1511,0.1388
89,1425,1514,0.1388
90,1422,1512,0.1388
90,1423,1513,0.1388
90,1430,1520,0.1388
92,1434,1526,0.1388
92,1430,1522,0.1388
92,1431,1523,0.1388
95,1430,1525,0.1388
90,1424,1514,0.1388
92,1414,1506,0.1388
93,1412,1505,0.1388
88,1426,1514,0.1388
92,1422,1514,0.1388
95,1416,1511,0.1388
93,1418,1511,0.1388
90,1417,1507,0.1388
91,1415,1506,0.1388
92,1433,1525,0.1388
92,1419,1511,0.1388
92,1413,1505,0.1388
93,1419,1512,0.1388
92,1429,1521,0.1388
93,1434,1527,0.1388
92,1429,1521,0.1388
88,1424,1512,0.1388
85,1423,1508,0.1388
81,1423,1504,0.1388
80,1424,1504,0.1388
79,1445,1524,0.1388
80,1446,1526,0.1388
79,1442,1521,0.1388
78,1447,1525,0.1388
76,1418,1494,0.1388
79,1425,1504,0.1388
80,1424,1504,0.1388
81,1429,1510,0.1388
79,1437,1516,0.1388
78,1427,1505,0.1388
78,1442,1520,0.1388
75,1438,1513,0.1388
72,1446,1518,0.1388
74,1441,1515,0.1388
77,1436,1513,0.1388
77,1424,1501,0.1388
78,1425,1503,0.1388
79,1436,1515,0.1388
79,1432,1511,0.1388
78,1442,1520,0.1388
78,1448,1526,0.1388
76,1446,1522,0.1388
76,1445,1521,0.1388
70,1448,1518,0.1388
69,1437,1506,0.1388
72,1440,1512,0.1388
73,1436,1509,0.1388
72,1438,1510,0.1388
70,1449,1519,0.1388
70,1441,1511,0.1388
70,1442,1512,0.1388
70,1439,1509,0.1388
70,1429,1499,0.1388
70,1441,1511,0.1388
72,1453,1525,0.1388
68,1450,1518,0.1388
68,1451,1519,0.1388
68,1438,1506,0.1388
70,1448,1518,0.1388
72,1451,1523,0.1388
71,1447,1518,0.1388
73,1445,1518,0.1388
69,1449,1518,0.1388
69,1456,1525,0.1388
68,1459,1527,0.1388
67,1452,1519,0.1388
67,1449,1516,0.1388
66,1457,1523,0.1388
64,1445,1509,0.1388
60,1452,1512,0.1388
59,1449,1508,0.1388
61,1441,1502,0.1388
60,1448,1508,0.1388
59,1455,1514,0.1388
56,1452,1508,0.1388
55,1458,1513,0.1388
55,1459,1514,0.1388
55,1462,1517,0.1388
52,1457,1509,0.1388
53,1457,1510,0.1388
49,1457,1506,0.1388
48,1455,1503,0.1388
49,1453,1502,0.1388
49,1462,1511,0.1388
50,1458,1508,0.1388
47,1463,1510,0.1388
46,1480,1526,0.1388
46,1475,1521,0.1388
46,1464,1510,0.1388
47,1463,1510,0.1388
48,1457,1505,0.1388
47,1456,1503,0.1388
49,1460,1509,0.1388
48,1455,1503,0.1388
46,1464,1510,0.1388
44,1464,1508,0.1388
45,1454,1499,0.1388
46,1470,1516,0.1388
49,1463,1512,0.1388
47,1455,1502,0.1388
44,1451,1495,0.1388
44,1466,1510,0.1388
45,1475,1520,0.1388
46,1478,1524,0.1388
48,1477,1525,0.1388
45,1484,1529,0.1388
45,1479,1524,0.1388
45,1468,1513,0.1388
45,1465,1510,0.1388
42,1475,1517,0.1388
42,1463,1505,0.1388
41,1464,1505,0.1388
40,1479,1519,0.1388
41,1461,1502,0.1388
40,1458,1498,0.1388
41,1456,1497,0.1388
37,1466,1503,0.1388
38,1475,1513,0.1388
38,1475,1513,0.1388
38,1467,1505,0.1388
36,1458,1494,0.1388
34,1460,1494,0.1388
34,1467,1501,0.1388
34,1482,1516,0.1388
35,1489,1524,0.1388
34,1481,1515,0.1388
35,1475,1510,0.1388
36,1463,1499,0.1388
33,1474,1507,0.1388
33,1482,1515,0.1388
31,1487,1518,0.1388
30,1487,1517,0.1388
30,1486,1516,0.1388
29,1477,1506,0.1388
30,1481,1511,0.1388
29,1480,1509,0.1388
27,1493,1520,0.1388
28,1484,1512,0.1388
27,1483,1510,0.1388
27,1494,1521,0.1388
27,1503,1530,0.1388
26,1482,1508,0.1388
26,1475,1501,0.1388
26,1480,1506,0.1388
26,1469,1495,0.1388
25,1472,1497,0.1388
24,1481,1505,0.1388
24,1500,1524,0.1388
23,1489,1512,0.1388
24,1477,1501,0.1388
23,1483,1506,0.1388
23,1485,1508,0.1388
21,1489,1510,0.1388
20,1488,1508,0.1388
20,1497,1517,0.1388
19,1492,1511,0.1388
19,1507,1526,0.1388
18,1504,1522,0.1388
18,1499,1517,0.1388
18,1498,1516,0.1388
18,1487,1505,0.1388
18,1493,1511,0.1388
19,1483,1502,0.1388
19,1493,1512,0.1388
19,1490,1509,0.1388
17,1486,1503,0.1388
17,1496,1513,0.1388
18,1490,1508,0.1388
18,1505,1523,0.1388
17,1505,1522,0.1388
17,1511,1528,0.1388
16,1511,1527,0.1388
16,1508,1524,0.1388
15,1495,1510,0.1388
13,1497,1510,0.1388
13,1504,1517,0.1388
13,1502,1515,0.1388
13,1486,1499,0.1388
13,1492,1505,0.1388
13,1494,1507,0.1388
13,1496,1509,0.1388
12,1496,1508,0.1388
11,1489,1500,0.1388
11,1499,1510,0.1388
10,1492,1502,0.1388
9,1491,1500,0.1388
7,1508,1515,0.1388
7,1508,1515,0.1388
6,1516,1522,0.1388
7,1511,1518,0.1388
7,1501,1508,0.1388
7,1510,1517,0.1388
7,1508,1515,0.1388
6,1518,1524,0.1388
6,1517,1523,0.1388
6,1513,1519,0.1388
6,1501,1507,0.1388
6,1506,1512,0.1388
6,1497,1503,0.1388
7,1502,1509,0.1388
7,1506,1513,0.1388
7,1505,1512,0.1388
8,1512,1520,0.1388
9,1509,1518,0.1388
9,1507,1516,0.1388
9,1510,1519,0.1388
8,1508,1516,0.1388
8,1511,1519,0.1388
7,1496,1503,0.1388
7,1509,1516,0.1388
7,1512,1519,0.1388
6,1499,1505,0.1388
6,1511,1517,0.1388
6,1509,1515,0.1388
7,1505,1512,0.1388
6,1518,1524,0.1388
6,1524,1530,0.1388
5,1515,1520,0.1388
5,1512,1517,0.1388
5,1517,1522,0.1388
5,1518,1523,0.1388
5,1524,1529,0.1388
5,1521,1526,0.1388
5,1532,1537,0.1388
5,1532,1537,0.1388
5,1522,1527,0.1388
5,1522,1527,0.1388
4,1509,1513,0.1388
4,1513,1517,0.1388
4,1510,1514,0.1388
4,1504,1508,0.1388
4,1510,1514,0.1388
4,1510,1514,0.1388
4,1500,1504,0.1388
4,1514,1518,0.1388
4,1524,1528,0.1388
4,1527,1531,0.1388
4,1518,1522,0.1388
5,1517,1522,0.1388
5,1503,1508,0.1388
5,1514,1519,0.1388
4,1512,1516,0.1388
4,1509,1513,0.1388
4,1514,1518,0.1388
4,1515,1519,0.1388
4,1516,1520,0.1388
4,1521,1525,0.1388
5,1522,1527,0.1388
5,1522,1527,0.1388
5,1510,1515,0.1388
5,1512,1517,0.1388
5,1519,1524,0.1388
5,1514,1519,0.1388
5,1508,1513,0.1388
6,1508,1514,0.1388
6,1498,1504,0.1388
6,1503,1509,0.1388
6,1512,1518,0.1388
6,1520,1526,0.1388
6,1520,1526,0.1388
6,1519,1525,0.1388
6,1510,1516,0.1388
6,1514,1520,0.1388
4,1519,1523,0.1388
4,1505,1509,0.1388
4,1501,1505,0.1388
4,1501,1505,0.1388
4,1505,1509,0.1388
4,1509,1513,0.1388
4,1512,1516,0.1388
4,1508,1512,0.1388
4,1500,1504,0.1388
4,1501,1505,0.1388
3,1518,1521,0.1388
3,1517,1520,0.1388
4,1515,1519,0.1388
4,1517,1521,0.1388
4,1531,1535,0.1388
3,1530,1533,0.1388
2,1526,1528,0.1388
3,1516,1519,0.1388
3,1509,1512,0.1388
3,1508,1511,0.1388
3,1520,1523,0.1388
3,1525,1528,0.1388
3,1521,1524,0.1388
3,1520,1523,0.1388
3,1504,1507,0.1388
3,1507,1510,0.1388
4,1508,1512,0.1388
4,1507,1511,0.1388
4,1500,1504,0.1388
3,1517,1520,0.1388
3,1504,1507,0.1388
3,1505,1508,0.1388
3,1506,1509,0.1388
3,1521,1524,0.1388
3,1522,1525,0.1388
3,1530,1533,0.1388
3,1512,1515,0.1388
3,1505,1508,0.1388
3,1504,1507,0.1388
3,1499,1502,0.1388
3,1514,1517,0.1388
2,1516,1518,0.1388
2,1528,1530,0.1388
1,1525,1526,0.1388
1,1513,1514,0.1388
1,1498,1499,0.1388
1,1507,1508,0.1388
1,1519,1520,0.1388
1,1511,1512,0.1388
1,1508,1509,0.1388
1,1523,1524,0.1388
1,1521,1522,0.1388
1,1519,1520,0.1388
1,1513,1514,0.1388
1,1505,1506,0.1388
1,1511,1512,0.1388
1,1518,1519,0.1388
1,1517,1518,0.1388
1,1507,1508,0.1388
1,1517,1518,0.1388
1,1511,1512,0.1388
1,1517,1518,0.1388
1,1527,1528,0.1388
1,1536,1537,0.1388
1,1532,1533,0.1388
1,1525,1526,0.1388
1,1520,1521,0.1388
1,1520,1521,0.1388
1,1519,1520,0.1388
1,1534,1535,0.1388
1,1540,1541,0.1388
1,1530,1531,0.1388
2,1540,1542,0.1388
2,1525,1527,0.1388
2,1526,1528,0.1388
2,1534,1536,0.1388
1,1521,1522,0.1388
1,1513,1514,0.1388
1,1512,1513,0.1388
1,1518,1519,0.1388
1,1516,1517,0.1388
1,1511,1512,0.1388
1,1515,1516,0.1388
1,1513,1514,0.1388
1,1513,1514,0.1388
1,1512,1513,0.1388
1,1511,1512,0.1388
1,1505,1506,0.1388
1,1507,1508,0.1388
1,1511,1512,0.1388
1,1523,1524,0.1388
1,1537,1538,0.1388
1,1531,1532,0.1388
1,1514,1515,0.1388
1,1514,1515,0.1388
0,1521,1521,0.1388
