1363,30,1393,0.1388
1379,34,1413,0.1388
1395,33,1428,0.1388
1429,28,1457,0.1388
1442,26,1468,0.1388
1446,28,1474,0.1388
1461,29,1490,0.1388
1452,28,1480,0.1388
1443,29,1472,0.1388
1452,29,1481,0.1388
1469,31,1500,0.1388
1474,31,1505,0.1388
1473,33,1506,0.1388
1466,32,1498,0.1388
1466,30,1496,0.1388
1456,31,1487,0.1388
1456,31,1487,0.1388
1461,30,1491,0.1388
1453,31,1484,0.1388
1451,31,1482,0.1388
1458,31,1489,0.1388
1469,30,1499,0.1388
1474,29,1503,0.1388
1461,31,1492,0.1388
1461,31,1492,0.1388
1465,31,1496,0.1388
1465,31,1496,0.1388
1477,30,1507,0.1388
1484,30,1514,0.1388
1455,31,1486,0.1388
1448,31,1479,0.1388
1453,31,1484,0.1388
1460,33,1493,0.1388
1447,32,1479,0.1388
1437,33,1470,0.1388
1446,33,1479,0.1388
1454,32,1486,0.1388
1454,31,1485,0.1388
1452,31,1483,0.1388
1456,31,1487,0.1388
1448,31,1479,0.1388
1450,31,1481,0.1388
1453,30,1483,0.1388
1444,32,1476,0.1388
1450,31,1481,0.1388
1473,32,1505,0.1388
1475,32,1507,0.1388
1470,32,1502,0.1388
1465,32,1497,0.1388
1469,33,1502,0.1388
1462,34,1496,0.1388
1451,37,1488,0.1388
1448,36,1484,0.1388
1463,36,1499,0.1388
1468,39,1507,0.1388
1452,42,1494,0.1388
1443,44,1487,0.1388
1439,42,1481,0.1388
1443,42,1485,0.1388
1440,44,1484,0.1388
1451,44,1495,0.1388
1451,42,1493,0.1388
1455,43,1498,0.1388
1450,42,1492,0.1388
1453,43,1496,0.1388
1458,43,1501,0.1388
1437,45,1482,0.1388
1442,48,1490,0.1388
1450,49,1499,0.1388
1450,46,1496,0.1388
1449,45,1494,0.1388
1450,47,1497,0.1388
1437,48,1485,0.1388
1434,48,1482,0.1388
1441,46,1487,0.1388
1452,45,1497,0.1388
1447,46,1493,0.1388
1449,44,1493,0.1388
1447,48,1495,0.1388
1436,51,1487,0.1388
1441,50,1491,0.1388
1439,53,1492,0.1388
1453,52,1505,0.1388
1448,52,1500,0.1388
1438,52,1490,0.1388
1437,53,1490,0.1388
1444,55,1499,0.1388
1442,54,1496,0.1388
1443,55,1498,0.1388
1437,58,1495,0.1388
1447,57,1504,0.1388
1442,57,1499,0.1388
1456,58,1514,0.1388
1459,60,1519,0.1388
1432,60,1492,0.1388
1430,61,1491,0.1388
1447,60,1507,0.1388
1454,62,1516,0.1388
1437,63,1500,0.1388
1434,60,1494,0.1388
1432,60,1492,0.1388
1440,59,1499,0.1388
1435,58,1493,0.1388
1449,56,1505,0.1388
1447,56,1503,0.1388
1444,57,1501,0.1388
1449,56,1505,0.1388
1438,58,1496,0.1388
1441,59,1500,0.1388
1439,59,1498,0.1388
1437,58,1495,0.1388
1441,58,1499,0.1388
1435,57,1492,0.1388
1440,59,1499,0.1388
1424,59,1483,0.1388
1442,58,1500,0.1388
1433,57,1490,0.1388
1433,60,1493,0.1388
1435,62,1497,0.1388
1446,62,1508,0.1388
1444,60,1504,0.1388
1434,61,1495,0.1388
1432,59,1491,0.1388
1423,61,1484,0.1388
1430,64,1494,0.1388
1430,64,1494,0.1388
1439,64,1503,0.1388
1430,65,1495,0.1388
1441,71,1512,0.1388
1439,70,1509,0.1388
1429,69,1498,0.1388
1423,70,1493,0.1388
1419,73,1492,0.1388
1412,73,1485,0.1388
1414,71,1485,0.1388
1408,74,1482,0.1388
1408,75,1483,0.1388
1422,73,1495,0.1388
1424,71,1495,0.1388
1427,68,1495,0.1388
1434,66,1500,0.1388
1431,65,1496,0.1388
1430,64,1494,0.1388
1427,64,1491,0.1388
1421,66,1487,0.1388
1422,67,1489,0.1388
1422,68,1490,0.1388
1430,66,1496,0.1388
1425,62,1487,0.1388
1419,60,1479,0.1388
1423,61,1484,0.1388
1426,61,1487,0.1388
1421,59,1480,0.1388
1440,61,1501,0.1388
1433,61,1494,0.1388
1416,65,1481,0.1388
1407,68,1475,0.1388
1416,68,1484,0.1388
1416,67,1483,0.1388
1414,74,1488,0.1388
1402,76,1478,0.1388
1399,74,1473,0.1388
1412,71,1483,0.1388
1415,74,1489,0.1388
1428,75,1503,0.1388
1422,75,1497,0.1388
1414,72,1486,0.1388
1416,70,1486,0.1388
1407,71,1478,0.1388
1401,72,1473,0.1388
1406,73,1479,0.1388
1405,74,1479,0.1388
1409,72,1481,0.1388
1418,77,1495,0.1388
1409,79,1488,0.1388
1409,79,1488,0.1388
1412,77,1489,0.1388
1419,81,1500,0.1388
1420,82,1502,0.1388
1414,81,1495,0.1388
1413,79,1492,0.1388
1413,78,1491,0.1388
1415,81,1496,0.1388
1425,80,1505,0.1388
1431,77,1508,0.1388
1422,76,1498,0.1388
1404,81,1485,0.1388
1418,81,1499,0.1388
1417,82,1499,0.1388
1416,85,1501,0.1388
1421,83,1504,0.1388
1424,83,1507,0.1388
1422,80,1502,0.1388
1422,75,1497,0.1388
1436,72,1508,0.1388
1424,70,1494,0.1388
1422,68,1490,0.1388
1417,70,1487,0.1388
1418,74,1492,0.1388
1422,74,1496,0.1388
1426,71,1497,0.1388
1423,70,1493,0.1388
1434,69,1503,0.1388
1436,69,1505,0.1388
1441,71,1512,0.1388
1435,70,1505,0.1388
1432,68,1500,0.1388
1439,70,1509,0.1388
1436,74,1510,0.1388
1427,74,1501,0.1388
1420,72,1492,0.1388
1405,73,1478,0.1388
1413,78,1491,0.1388
1415,80,1495,0.1388
1413,78,1491,0.1388
1424,79,1503,0.1388
1431,76,1507,0.1388
1425,75,1500,0.1388
1429,76,1505,0.1388
1427,77,1504,0.1388
1411,77,1488,0.1388
1418,78,1496,0.1388
1414,76,1490,0.1388
1416,77,1493,0.1388
1425,74,1499,0.1388
1422,76,1498,0.1388
1416,76,1492,0.1388
1412,79,1491,0.1388
1420,79,1499,0.1388
1421,78,1499,0.1388
1409,82,1491,0.1388
1411,85,1496,0.1388
1391,86,1477,0.1388
1395,85,1480,0.1388
1416,88,1504,0.1388
1407,86,1493,0.1388
1410,86,1496,0.1388
1411,87,1498,0.1388
1403,90,1493,0.1388
1405,91,1496,0.1388
1420,91,1511,0.1388
1411,91,1502,0.1388
1415,91,1506,0.1388
1402,92,1494,0.1388
1412,96,1508,0.1388
1411,92,1503,0.1388
1420,90,1510,0.1388
1408,92,1500,0.1388
1398,97,1495,0.1388
1396,96,1492,0.1388
1394,97,1491,0.1388
1378,94,1472,0.1388
1386,91,1477,0.1388
1390,89,1479,0.1388
1395,89,1484,0.1388
1391,92,1483,0.1388
1386,91,1477,0.1388
1382,86,1468,0.1388
1390,86,1476,0.1388
1401,87,1488,0.1388
1403,88,1491,0.1388
1402,86,1488,0.1388
1398,85,1483,0.1388
1392,84,1476,0.1388
1391,85,1476,0.1388
1385,89,1474,0.1388
1396,92,1488,0.1388
1381,94,1475,0.1388
1376,97,1473,0.1388
1386,93,1479,0.1388
1398,96,1494,0.1388
1396,96,1492,0.1388
1401,90,1491,0.1388
1409,93,1502,0.1388
1401,93,1494,0.1388
1405,96,1501,0.1388
1399,92,1491,0.1388
1409,91,1500,0.1388
1402,90,1492,0.1388
1414,92,1506,0.1388
1419,90,1509,0.1388
1420,86,1506,0.1388
1413,86,1499,0.1388
1414,83,1497,0.1388
1418,85,1503,0.1388
1427,84,1511,0.1388
1415,85,1500,0.1388
1422,84,1506,0.1388
1426,84,1510,0.1388
1410,82,1492,0.1388
1403,84,1487,0.1388
1416,87,1503,0.1388
1401,86,1487,0.1388
1411,87,1498,0.1388
1423,90,1513,0.1388
1423,88,1511,0.1388
1421,89,1510,0.1388
1414,91,1505,0.1388
1408,87,1495,0.1388
1414,87,1501,0.1388
1406,88,1494,0.1388
1414,87,1501,0.1388
1411,88,1499,0.1388
1420,92,1512,0.1388
1417,90,1507,0.1388
1412,89,1501,0.1388
1410,91,1501,0.1388
1396,96,1492,0.1388
1401,101,1502,0.1388
1402,103,1505,0.1388
1401,102,1503,0.1388
1409,102,1511,0.1388
1404,100,1504,0.1388
1413,100,1513,0.1388
1411,101,1512,0.1388
1404,105,1509,0.1388
1400,110,1510,0.1388
1402,108,1510,0.1388
1402,106,1508,0.1388
1397,106,1503,0.1388
1402,107,1509,0.1388
1369,105,1474,0.1388
1369,108,1477,0.1388
1359,108,1467,0.1388
1366,110,1476,0.1388
1386,111,1497,0.1388
1367,110,1477,0.1388
1367,109,1476,0.1388
1360,108,1468,0.1388
1364,109,1473,0.1388
1362,107,1469,0.1388
1370,107,1477,0.1388
1371,110,1481,0.1388
1368,111,1479,0.1388
1381,109,1490,0.1388
1389,106,1495,0.1388
1397,108,1505,0.1388
1401,112,1513,0.1388
1385,115,1500,0.1388
1382,114,1496,0.1388
1384,117,1501,0.1388
1387,118,1505,0.1388
1373,114,1487,0.1388
1374,115,1489,0.1388
1387,113,1500,0.1388
1390,111,1501,0.1388
1376,116,1492,0.1388
1379,120,1499,0.1388
1381,120,1501,0.1388
1378,118,1496,0.1388
1377,117,1494,0.1388
1384,120,1504,0.1388
1384,116,1500,0.1388
1385,114,1499,0.1388
1381,117,1498,0.1388
1373,115,1488,0.1388
1367,118,1485,0.1388
1384,117,1501,0.1388
1375,118,1493,0.1388
1379,123,1502,0.1388
1378,123,1501,0.1388
1373,125,1498,0.1388
1364,128,1492,0.1388
1364,127,1491,0.1388
1361,124,1485,0.1388
1370,126,1496,0.1388
1368,125,1493,0.1388
1370,125,1495,0.1388
1370,127,1497,0.1388
1377,126,1503,0.1388
1376,131,1507,0.1388
1380,130,1510,0.1388
1373,129,1502,0.1388
1377,129,1506,0.1388
1375,136,1511,0.1388
1363,133,1496,0.1388
1364,134,1498,0.1388
1362,139,1501,0.1388
1365,136,1501,0.1388
1359,142,1501,0.1388
1360,141,1501,0.1388
1357,138,1495,0.1388
1357,144,1501,0.1388
1350,145,1495,0.1388
1347,149,1496,0.1388
1358,143,1501,0.1388
1361,144,1505,0.1388
1355,143,1498,0.1388
1364,144,1508,0.1388
1366,145,1511,0.1388
1364,147,1511,0.1388
1356,145,1501,0.1388
1366,145,1511,0.1388
1371,144,1515,0.1388
1353,144,1497,0.1388
1353,142,1495,0.1388
1340,144,1484,0.1388
1338,143,1481,0.1388
1344,146,1490,0.1388
1351,146,1497,0.1388
1357,147,1504,0.1388
1366,147,1513,0.1388
1365,145,1510,0.1388
1339,144,1483,0.1388
1340,146,1486,0.1388
1337,153,1490,0.1388
1350,151,1501,0.1388
1335,154,1489,0.1388
1342,156,1498,0.1388
1331,157,1488,0.1388
1336,157,1493,0.1388
1335,157,1492,0.1388
1330,160,1490,0.1388
1327,159,1486,0.1388
1319,161,1480,0.1388
1314,156,1470,0.1388
1327,155,1482,0.1388
1325,161,1486,0.1388
1323,164,1487,0.1388
1330,165,1495,0.1388
1328,163,1491,0.1388
1332,169,1501,0.1388
1327,171,1498,0.1388
1323,170,1493,0.1388
1331,171,1502,0.1388
1322,173,1495,0.1388
1328,173,1501,0.1388
1323,173,1496,0.1388
1334,172,1506,0.1388
1331,176,1507,0.1388
1325,174,1499,0.1388
1342,176,1518,0.1388
1336,177,1513,0.1388
1329,178,1507,0.1388
1321,184,1505,0.1388
1320,183,1503,0.1388
1321,185,1506,0.1388
1326,183,1509,0.1388
1318,182,1500,0.1388
1320,181,1501,0.1388
1309,181,1490,0.1388
1319,184,1503,0.1388
1326,184,1510,0.1388
1318,186,1504,0.1388
1313,187,1500,0.1388
1310,185,1495,0.1388
1315,186,1501,0.1388
1299,185,1484,0.1388
1313,190,1503,0.1388
1292,185,1477,0.1388
1298,188,1486,0.1388
1306,188,1494,0.1388
1294,190,1484,0.1388
1295,190,1485,0.1388
1294,194,1488,0.1388
1299,194,1493,0.1388
1304,191,1495,0.1388
1293,193,1486,0.1388
1290,200,1490,0.1388
1289,204,1493,0.1388
1294,205,1499,0.1388
1295,197,1492,0.1388
1283,198,1481,0.1388
1295,201,1496,0.1388
1293,202,1495,0.1388
1292,206,1498,0.1388
1290,210,1500,0.1388
1308,208,1516,0.1388
1309,205,1514,0.1388
1287,201,1488,0.1388
1297,204,1501,0.1388
1302,205,1507,0.1388
1290,206,1496,0.1388
1286,208,1494,0.1388
1277,210,1487,0.1388
1280,210,1490,0.1388
1287,214,1501,0.1388
1279,219,1498,0.1388
1278,220,1498,0.1388
1274,217,1491,0.1388
1283,217,1500,0.1388
1271,220,1491,0.1388
1285,228,1513,0.1388
1284,229,1513,0.1388
1280,223,1503,0.1388
1272,224,1496,0.1388
1263,230,1493,0.1388
1261,232,1493,0.1388
1265,233,1498,0.1388
1256,237,1493,0.1388
1251,240,1491,0.1388
1253,241,1494,0.1388
1253,248,1501,0.1388
1254,243,1497,0.1388
1250,243,1493,0.1388
1269,238,1507,0.1388
1257,243,1500,0.1388
1253,248,1501,0.1388
1252,248,1500,0.1388
1251,253,1504,0.1388
1246,256,1502,0.1388
1236,251,1487,0.1388
1244,256,1500,0.1388
1242,256,1498,0.1388
1235,260,1495,0.1388
1230,256,1486,0.1388
1244,251,1495,0.1388
1244,258,1502,0.1388
1238,262,1500,0.1388
1230,266,1496,0.1388
1233,264,1497,0.1388
1213,269,1482,0.1388
1226,274,1500,0.1388
1229,270,1499,0.1388
1222,273,1495,0.1388
1218,265,1483,0.1388
1223,269,1492,0.1388
1222,273,1495,0.1388
1213,267,1480,0.1388
1206,270,1476,0.1388
1200,274,1474,0.1388
1224,273,1497,0.1388
1224,272,1496,0.1388
1234,272,1506,0.1388
1232,270,1502,0.1388
1227,275,1502,0.1388
1221,270,1491,0.1388
1225,272,1497,0.1388
1212,267,1479,0.1388
1211,270,1481,0.1388
1220,271,1491,0.1388
1237,271,1508,0.1388
1224,269,1493,0.1388
1229,265,1494,0.1388
1231,271,1502,0.1388
1222,273,1495,0.1388
1235,266,1501,0.1388
1222,268,1490,0.1388
1220,264,1484,0.1388
1228,264,1492,0.1388
1239,265,1504,0.1388
1239,267,1506,0.1388
1237,269,1506,0.1388
1233,274,1507,0.1388
1237,275,1512,0.1388
1224,279,1503,0.1388
1217,282,1499,0.1388
1231,284,1515,0.1388
1215,281,1496,0.1388
1212,280,1492,0.1388
1203,280,1483,0.1388
1215,278,1493,0.1388
1220,278,1498,0.1388
1231,275,1506,0.1388
1235,274,1509,0.1388
1242,270,1512,0.1388
1230,271,1501,0.1388
1238,269,1507,0.1388
1243,271,1514,0.1388
1230,276,1506,0.1388
1233,272,1505,0.1388
1236,273,1509,0.1388
1240,271,1511,0.1388
1229,268,1497,0.1388
1227,268,1495,0.1388
1242,269,1511,0.1388
1228,271,1499,0.1388
1232,276,1508,0.1388
1229,278,1507,0.1388
1234,277,1511,0.1388
1233,276,1509,0.1388
1218,284,1502,0.1388
1209,282,1491,0.1388
1213,282,1495,0.1388
1222,286,1508,0.1388
1211,286,1497,0.1388
1213,286,1499,0.1388
1219,282,1501,0.1388
1226,287,1513,0.1388
1232,287,1519,0.1388
1224,285,1509,0.1388
1213,276,1489,0.1388
1214,278,1492,0.1388
1231,271,1502,0.1388
1231,273,1504,0.1388
1231,277,1508,0.1388
1215,280,1495,0.1388
1210,277,1487,0.1388
1218,280,1498,0.1388
1211,283,1494,0.1388
1207,278,1485,0.1388
1214,280,1494,0.1388
1216,286,1502,0.1388
1213,289,1502,0.1388
1209,290,1499,0.1388
1203,289,1492,0.1388
1197,291,1488,0.1388
1189,291,1480,0.1388
1186,287,1473,0.1388
1189,284,1473,0.1388
1211,289,1500,0.1388
1218,287,1505,0.1388
1219,292,1511,0.1388
1209,294,1503,0.1388
1194,295,1489,0.1388
1191,299,1490,0.1388
1182,300,1482,0.1388
1181,305,1486,0.1388
1191,304,1495,0.1388
1192,302,1494,0.1388
1194,295,1489,0.1388
1192,301,1493,0.1388
1187,305,1492,0.1388
1184,307,1491,0.1388
1196,309,1505,0.1388
1196,307,1503,0.1388
1189,313,1502,0.1388
1185,308,1493,0.1388
1192,314,1506,0.1388
1185,314,1499,0.1388
1182,317,1499,0.1388
1182,318,1500,0.1388
1188,322,1510,0.1388
1190,322,1512,0.1388
1191,320,1511,0.1388
1181,324,1505,0.1388
1194,321,1515,0.1388
1196,322,1518,0.1388
1187,322,1509,0.1388
1174,316,1490,0.1388
1178,315,1493,0.1388
1191,310,1501,0.1388
1192,305,1497,0.1388
1201,311,1512,0.1388
1200,310,1510,0.1388
1202,310,1512,0.1388
1196,308,1504,0.1388
1188,306,1494,0.1388
1183,306,1489,0.1388
1188,316,1504,0.1388
1181,315,1496,0.1388
1182,315,1497,0.1388
1177,317,1494,0.1388
1168,315,1483,0.1388
1170,320,1490,0.1388
1163,325,1488,0.1388
1160,318,1478,0.1388
1161,325,1486,0.1388
1153,330,1483,0.1388
1159,331,1490,0.1388
1160,333,1493,0.1388
1171,336,1507,0.1388
1161,345,1506,0.1388
1168,341,1509,0.1388
1168,342,1510,0.1388
1178,341,1519,0.1388
1176,345,1521,0.1388
1165,346,1511,0.1388
1167,348,1515,0.1388
1167,348,1515,0.1388
1164,345,1509,0.1388
1165,339,1504,0.1388
1159,332,1491,0.1388
1160,345,1505,0.1388
1160,341,1501,0.1388
1165,351,1516,0.1388
1155,352,1507,0.1388
1147,353,1500,0.1388
1150,350,1500,0.1388
1149,350,1499,0.1388
1143,348,1491,0.1388
1138,352,1490,0.1388
1128,360,1488,0.1388
1128,359,1487,0.1388
1129,366,1495,0.1388
1124,363,1487,0.1388
1131,370,1501,0.1388
1134,367,1501,0.1388
1138,363,1501,0.1388
1145,368,1513,0.1388
1142,364,1506,0.1388
1149,363,1512,0.1388
1148,360,1508,0.1388
1140,361,1501,0.1388
1138,366,1504,0.1388
1142,369,1511,0.1388
1152,374,1526,0.1388
1149,364,1513,0.1388
1150,359,1509,0.1388
1145,357,1502,0.1388
1143,363,1506,0.1388
1138,364,1502,0.1388
1135,371,1506,0.1388
1117,373,1490,0.1388
1123,374,1497,0.1388
1126,378,1504,0.1388
1123,380,1503,0.1388
1126,385,1511,0.1388
1119,387,1506,0.1388
1124,384,1508,0.1388
1127,383,1510,0.1388
1124,389,1513,0.1388
1111,395,1506,0.1388
1112,395,1507,0.1388
1115,392,1507,0.1388
1112,399,1511,0.1388
1102,398,1500,0.1388
1099,400,1499,0.1388
1107,404,1511,0.1388
1113,402,1515,0.1388
1112,400,1512,0.1388
1120,394,1514,0.1388
1117,399,1516,0.1388
1119,406,1525,0.1388
1104,406,1510,0.1388
1103,410,1513,0.1388
1099,405,1504,0.1388
1091,410,1501,0.1388
1087,407,1494,0.1388
1095,407,1502,0.1388
1087,405,1492,0.1388
1086,407,1493,0.1388
1078,403,1481,0.1388
1081,404,1485,0.1388
1088,418,1506,0.1388
1092,411,1503,0.1388
1093,416,1509,0.1388
1095,418,1513,0.1388
1093,418,1511,0.1388
1109,416,1525,0.1388
1091,419,1510,0.1388
1099,416,1515,0.1388
1085,415,1500,0.1388
1075,414,1489,0.1388
1075,412,1487,0.1388
1071,409,1480,0.1388
1073,411,1484,0.1388
1066,405,1471,0.1388
1069,417,1486,0.1388
1070,417,1487,0.1388
1053,421,1474,0.1388
1063,426,1489,0.1388
1056,418,1474,0.1388
1056,427,1483,0.1388
1064,434,1498,0.1388
1043,436,1479,0.1388
1039,436,1475,0.1388
1051,446,1497,0.1388
1052,449,1501,0.1388
1049,447,1496,0.1388
1051,448,1499,0.1388
1051,453,1504,0.1388
1055,453,1508,0.1388
1062,458,1520,0.1388
1064,451,1515,0.1388
1064,448,1512,0.1388
1058,457,1515,0.1388
1069,459,1528,0.1388
1057,460,1517,0.1388
1057,461,1518,0.1388
1055,455,1510,0.1388
1055,449,1504,0.1388
1044,445,1489,0.1388
1035,449,1484,0.1388
1036,453,1489,0.1388
1039,455,1494,0.1388
1040,453,1493,0.1388
1037,455,1492,0.1388
1041,450,1491,0.1388
1045,450,1495,0.1388
1048,444,1492,0.1388
1048,444,1492,0.1388
1052,452,1504,0.1388
1041,458,1499,0.1388
1037,462,1499,0.1388
1042,467,1509,0.1388
1043,465,1508,0.1388
1032,471,1503,0.1388
1023,474,1497,0.1388
1023,476,1499,0.1388
1020,471,1491,0.1388
1013,479,1492,0.1388
1025,486,1511,0.1388
1031,488,1519,0.1388
1033,477,1510,0.1388
1038,473,1511,0.1388
1033,466,1499,0.1388
1024,478,1502,0.1388
1023,477,1500,0.1388
1020,482,1502,0.1388
1020,479,1499,0.1388
1000,476,1476,0.1388
1001,473,1474,0.1388
1014,477,1491,0.1388
1012,478,1490,0.1388
1022,472,1494,0.1388
1021,479,1500,0.1388
1019,478,1497,0.1388
1022,470,1492,0.1388
1018,471,1489,0.1388
1014,481,1495,0.1388
1004,480,1484,0.1388
1012,475,1487,0.1388
1009,473,1482,0.1388
1019,465,1484,0.1388
1021,469,1490,0.1388
1037,475,1512,0.1388
1023,486,1509,0.1388
1023,485,1508,0.1388
1012,485,1497,0.1388
1012,477,1489,0.1388
1013,477,1490,0.1388
1009,487,1496,0.1388
1011,483,1494,0.1388
1010,490,1500,0.1388
1011,490,1501,0.1388
1010,485,1495,0.1388
1016,484,1500,0.1388
1008,477,1485,0.1388
1008,483,1491,0.1388
1014,485,1499,0.1388
1007,488,1495,0.1388
1019,487,1506,0.1388
1014,479,1493,0.1388
1011,481,1492,0.1388
1030,482,1512,0.1388
1025,487,1512,0.1388
1026,482,1508,0.1388
1015,487,1502,0.1388
1017,477,1494,0.1388
1028,481,1509,0.1388
1014,484,1498,0.1388
1006,485,1491,0.1388
1007,489,1496,0.1388
1005,496,1501,0.1388
1004,490,1494,0.1388
1010,490,1500,0.1388
1004,498,1502,0.1388
1000,499,1499,0.1388
989,496,1485,0.1388
989,493,1482,0.1388
993,489,1482,0.1388
993,486,1479,0.1388
995,483,1478,0.1388
1004,496,1500,0.1388
1002,497,1499,0.1388
1005,501,1506,0.1388
1002,495,1497,0.1388
1004,495,1499,0.1388
992,498,1490,0.1388
988,497,1485,0.1388
988,506,1494,0.1388
988,514,1502,0.1388
977,516,1493,0.1388
972,512,1484,0.1388
969,516,1485,0.1388
971,515,1486,0.1388
982,520,1502,0.1388
990,516,1506,0.1388
984,518,1502,0.1388
969,517,1486,0.1388
976,516,1492,0.1388
972,528,1500,0.1388
975,521,1496,0.1388
968,521,1489,0.1388
980,530,1510,0.1388
981,535,1516,0.1388
975,536,1511,0.1388
977,541,1518,0.1388
971,536,1507,0.1388
973,541,1514,0.1388
982,539,1521,0.1388
974,538,1512,0.1388
959,548,1507,0.1388
962,550,1512,0.1388
959,555,1514,0.1388
966,546,1512,0.1388
963,546,1509,0.1388
959,548,1507,0.1388
958,547,1505,0.1388
969,552,1521,0.1388
951,551,1502,0.1388
942,556,1498,0.1388
949,554,1503,0.1388
945,550,1495,0.1388
946,559,1505,0.1388
931,552,1483,0.1388
932,551,1483,0.1388
934,552,1486,0.1388
936,556,1492,0.1388
936,556,1492,0.1388
936,561,1497,0.1388
932,571,1503,0.1388
942,566,1508,0.1388
937,558,1495,0.1388
933,563,1496,0.1388
932,561,1493,0.1388
934,568,1502,0.1388
933,572,1505,0.1388
934,579,1513,0.1388
930,572,1502,0.1388
934,576,1510,0.1388
945,571,1516,0.1388
934,580,1514,0.1388
940,579,1519,0.1388
929,571,1500,0.1388
927,571,1498,0.1388
929,576,1505,0.1388
934,571,1505,0.1388
937,575,1512,0.1388
932,572,1504,0.1388
920,567,1487,0.1388
915,566,1481,0.1388
911,573,1484,0.1388
914,572,1486,0.1388
919,574,1493,0.1388
917,576,1493,0.1388
921,579,1500,0.1388
917,580,1497,0.1388
915,582,1497,0.1388
915,584,1499,0.1388
917,587,1504,0.1388
913,587,1500,0.1388
910,598,1508,0.1388
907,597,1504,0.1388
912,606,1518,0.1388
906,602,1508,0.1388
899,605,1504,0.1388
898,607,1505,0.1388
903,607,1510,0.1388
918,599,1517,0.1388
921,598,1519,0.1388
915,598,1513,0.1388
917,606,1523,0.1388
918,599,1517,0.1388
920,605,1525,0.1388
918,608,1526,0.1388
922,610,1532,0.1388
908,609,1517,0.1388
908,612,1520,0.1388
904,609,1513,0.1388
900,602,1502,0.1388
899,601,1500,0.1388
903,600,1503,0.1388
902,602,1504,0.1388
900,604,1504,0.1388
900,597,1497,0.1388
895,607,1502,0.1388
901,614,1515,0.1388
910,622,1532,0.1388
896,620,1516,0.1388
896,613,1509,0.1388
909,610,1519,0.1388
914,617,1531,0.1388
907,618,1525,0.1388
900,615,1515,0.1388
900,612,1512,0.1388
890,618,1508,0.1388
891,620,1511,0.1388
888,619,1507,0.1388
879,623,1502,0.1388
878,626,1504,0.1388
863,636,1499,0.1388
864,640,1504,0.1388
862,642,1504,0.1388
870,636,1506,0.1388
874,638,1512,0.1388
875,639,1514,0.1388
877,645,1522,0.1388
873,643,1516,0.1388
878,635,1513,0.1388
867,639,1506,0.1388
864,637,1501,0.1388
871,642,1513,0.1388
876,638,1514,0.1388
867,645,1512,0.1388
870,638,1508,0.1388
868,637,1505,0.1388
865,641,1506,0.1388
862,638,1500,0.1388
854,649,1503,0.1388
856,657,1513,0.1388
848,653,1501,0.1388
833,665,1498,0.1388
833,668,1501,0.1388
827,665,1492,0.1388
835,670,1505,0.1388
829,669,1498,0.1388
834,672,1506,0.1388
832,667,1499,0.1388
834,657,1491,0.1388
827,658,1485,0.1388
830,662,1492,0.1388
834,660,1494,0.1388
841,673,1514,0.1388
835,664,1499,0.1388
819,657,1476,0.1388
830,663,1493,0.1388
831,673,1504,0.1388
840,661,1501,0.1388
841,664,1505,0.1388
842,650,1492,0.1388
845,649,1494,0.1388
835,656,1491,0.1388
837,668,1505,0.1388
829,670,1499,0.1388
829,672,1501,0.1388
825,673,1498,0.1388
832,677,1509,0.1388
828,677,1505,0.1388
830,670,1500,0.1388
826,680,1506,0.1388
842,689,1531,0.1388
840,686,1526,0.1388
827,683,1510,0.1388
834,681,1515,0.1388
839,682,1521,0.1388
827,684,1511,0.1388
832,686,1518,0.1388
822,691,1513,0.1388
816,694,1510,0.1388
818,689,1507,0.1388
824,689,1513,0.1388
819,688,1507,0.1388
824,685,1509,0.1388
825,685,1510,0.1388
833,680,1513,0.1388
836,675,1511,0.1388
834,675,1509,0.1388
837,675,1512,0.1388
836,675,1511,0.1388
838,684,1522,0.1388
838,680,1518,0.1388
836,683,1519,0.1388
829,695,1524,0.1388
820,692,1512,0.1388
811,690,1501,0.1388
809,694,1503,0.1388
808,696,1504,0.1388
809,692,1501,0.1388
805,692,1497,0.1388
804,701,1505,0.1388
807,709,1516,0.1388
802,702,1504,0.1388
799,703,1502,0.1388
797,709,1506,0.1388
811,707,1518,0.1388
804,716,1520,0.1388
800,713,1513,0.1388
797,710,1507,0.1388
798,710,1508,0.1388
810,696,1506,0.1388
808,699,1507,0.1388
799,712,1511,0.1388
801,710,1511,0.1388
805,709,1514,0.1388
805,709,1514,0.1388
794,710,1504,0.1388
794,715,1509,0.1388
794,718,1512,0.1388
793,717,1510,0.1388
791,723,1514,0.1388
788,729,1517,0.1388
792,730,1522,0.1388
787,732,1519,0.1388
788,736,1524,0.1388
794,737,1531,0.1388
778,738,1516,0.1388
778,739,1517,0.1388
771,737,1508,0.1388
769,740,1509,0.1388
768,753,1521,0.1388
773,761,1534,0.1388
775,748,1523,0.1388
774,745,1519,0.1388
765,752,1517,0.1388
753,757,1510,0.1388
744,759,1503,0.1388
744,754,1498,0.1388
741,754,1495,0.1388
740,762,1502,0.1388
743,766,1509,0.1388
739,766,1505,0.1388
732,765,1497,0.1388
732,767,1499,0.1388
728,773,1501,0.1388
735,776,1511,0.1388
736,772,1508,0.1388
738,769,1507,0.1388
737,767,1504,0.1388
733,764,1497,0.1388
723,762,1485,0.1388
732,768,1500,0.1388
742,765,1507,0.1388
734,775,1509,0.1388
732,778,1510,0.1388
731,772,1503,0.1388
727,776,1503,0.1388
728,775,1503,0.1388
732,767,1499,0.1388
726,757,1483,0.1388
724,766,1490,0.1388
718,763,1481,0.1388
727,766,1493,0.1388
718,780,1498,0.1388
721,782,1503,0.1388
718,785,1503,0.1388
713,778,1491,0.1388
711,781,1492,0.1388
710,787,1497,0.1388
708,789,1497,0.1388
705,807,1512,0.1388
706,798,1504,0.1388
701,796,1497,0.1388
701,797,1498,0.1388
692,802,1494,0.1388
688,810,1498,0.1388
699,819,1518,0.1388
687,821,1508,0.1388
694,829,1523,0.1388
690,829,1519,0.1388
685,826,1511,0.1388
681,826,1507,0.1388
680,827,1507,0.1388
685,827,1512,0.1388
688,829,1517,0.1388
684,824,1508,0.1388
683,822,1505,0.1388
686,825,1511,0.1388
678,819,1497,0.1388
681,826,1507,0.1388
676,823,1499,0.1388
678,832,1510,0.1388
676,840,1516,0.1388
682,839,1521,0.1388
684,846,1530,0.1388
677,848,1525,0.1388
681,842,1523,0.1388
674,843,1517,0.1388
665,847,1512,0.1388
672,855,1527,0.1388
662,845,1507,0.1388
664,845,1509,0.1388
666,848,1514,0.1388
665,845,1510,0.1388
670,844,1514,0.1388
664,842,1506,0.1388
671,849,1520,0.1388
666,849,1515,0.1388
658,851,1509,0.1388
658,854,1512,0.1388
666,848,1514,0.1388
668,849,1517,0.1388
666,849,1515,0.1388
662,846,1508,0.1388
658,844,1502,0.1388
648,852,1500,0.1388
640,850,1490,0.1388
643,864,1507,0.1388
645,864,1509,0.1388
642,860,1502,0.1388
638,873,1511,0.1388
636,874,1510,0.1388
636,880,1516,0.1388
642,878,1520,0.1388
637,872,1509,0.1388
637,866,1503,0.1388
637,871,1508,0.1388
636,869,1505,0.1388
629,880,1509,0.1388
631,881,1512,0.1388
632,890,1522,0.1388
638,884,1522,0.1388
634,886,1520,0.1388
625,888,1513,0.1388
635,892,1527,0.1388
630,899,1529,0.1388
619,901,1520,0.1388
606,905,1511,0.1388
610,908,1518,0.1388
600,899,1499,0.1388
601,904,1505,0.1388
601,904,1505,0.1388
596,906,1502,0.1388
603,906,1509,0.1388
598,900,1498,0.1388
592,901,1493,0.1388
599,905,1504,0.1388
597,903,1500,0.1388
596,904,1500,0.1388
589,899,1488,0.1388
590,927,1517,0.1388
589,920,1509,0.1388
588,928,1516,0.1388
588,931,1519,0.1388
586,927,1513,0.1388
590,926,1516,0.1388
580,932,1512,0.1388
579,927,1506,0.1388
578,927,1505,0.1388
576,927,1503,0.1388
590,920,1510,0.1388
596,924,1520,0.1388
598,925,1523,0.1388
586,935,1521,0.1388
586,940,1526,0.1388
589,932,1521,0.1388
593,930,1523,0.1388
593,931,1524,0.1388
589,916,1505,0.1388
597,925,1522,0.1388
586,932,1518,0.1388
589,926,1515,0.1388
586,925,1511,0.1388
592,923,1515,0.1388
602,921,1523,0.1388
599,926,1525,0.1388
594,919,1513,0.1388
591,913,1504,0.1388
598,906,1504,0.1388
591,904,1495,0.1388
592,902,1494,0.1388
599,904,1503,0.1388
606,900,1506,0.1388
615,888,1503,0.1388
613,895,1508,0.1388
613,887,1500,0.1388
611,888,1499,0.1388
605,892,1497,0.1388
603,898,1501,0.1388
599,900,1499,0.1388
602,903,1505,0.1388
602,900,1502,0.1388
593,899,1492,0.1388
593,907,1500,0.1388
594,903,1497,0.1388
598,908,1506,0.1388
596,911,1507,0.1388
582,910,1492,0.1388
590,914,1504,0.1388
580,920,1500,0.1388
584,927,1511,0.1388
592,926,1518,0.1388
581,917,1498,0.1388
581,927,1508,0.1388
580,927,1507,0.1388
580,926,1506,0.1388
579,926,1505,0.1388
578,931,1509,0.1388
581,916,1497,0.1388
581,918,1499,0.1388
578,914,1492,0.1388
577,930,1507,0.1388
583,921,1504,0.1388
596,920,1516,0.1388
594,923,1517,0.1388
592,926,1518,0.1388
588,925,1513,0.1388
582,932,1514,0.1388
584,935,1519,0.1388
576,930,1506,0.1388
574,922,1496,0.1388
569,930,1499,0.1388
564,927,1491,0.1388
574,933,1507,0.1388
572,941,1513,0.1388
567,939,1506,0.1388
568,944,1512,0.1388
564,943,1507,0.1388
561,936,1497,0.1388
557,941,1498,0.1388
554,940,1494,0.1388
558,942,1500,0.1388
561,952,1513,0.1388
560,954,1514,0.1388
552,953,1505,0.1388
546,955,1501,0.1388
550,953,1503,0.1388
552,945,1497,0.1388
549,950,1499,0.1388
550,953,1503,0.1388
547,952,1499,0.1388
547,945,1492,0.1388
558,949,1507,0.1388
561,945,1506,0.1388
555,948,1503,0.1388
560,952,1512,0.1388
567,947,1514,0.1388
562,948,1510,0.1388
568,952,1520,0.1388
560,956,1516,0.1388
559,952,1511,0.1388
555,952,1507,0.1388
552,957,1509,0.1388
542,956,1498,0.1388
545,961,1506,0.1388
544,956,1500,0.1388
545,958,1503,0.1388
550,969,1519,0.1388
557,966,1523,0.1388
558,961,1519,0.1388
559,959,1518,0.1388
557,955,1512,0.1388
560,958,1518,0.1388
557,959,1516,0.1388
554,967,1521,0.1388
546,974,1520,0.1388
535,976,1511,0.1388
539,978,1517,0.1388
532,980,1512,0.1388
531,980,1511,0.1388
529,971,1500,0.1388
526,961,1487,0.1388
533,970,1503,0.1388
523,973,1496,0.1388
524,975,1499,0.1388
526,987,1513,0.1388
532,990,1522,0.1388
516,981,1497,0.1388
523,977,1500,0.1388
527,981,1508,0.1388
518,989,1507,0.1388
516,992,1508,0.1388
521,982,1503,0.1388
530,985,1515,0.1388
525,991,1516,0.1388
530,993,1523,0.1388
521,989,1510,0.1388
528,998,1526,0.1388
521,994,1515,0.1388
520,995,1515,0.1388
510,992,1502,0.1388
499,1001,1500,0.1388
507,997,1504,0.1388
512,1006,1518,0.1388
513,1005,1518,0.1388
514,999,1513,0.1388
517,1000,1517,0.1388
512,1001,1513,0.1388
506,1009,1515,0.1388
501,1005,1506,0.1388
503,999,1502,0.1388
506,995,1501,0.1388
509,994,1503,0.1388
504,1001,1505,0.1388
504,998,1502,0.1388
504,991,1495,0.1388
501,991,1492,0.1388
490,1001,1491,0.1388
488,1011,1499,0.1388
481,1009,1490,0.1388
477,1010,1487,0.1388
478,1015,1493,0.1388
471,1022,1493,0.1388
476,1025,1501,0.1388
484,1013,1497,0.1388
489,1017,1506,0.1388
487,1024,1511,0.1388
489,1029,1518,0.1388
484,1041,1525,0.1388
492,1029,1521,0.1388
487,1023,1510,0.1388
485,1015,1500,0.1388
486,1023,1509,0.1388
481,1026,1507,0.1388
479,1019,1498,0.1388
473,1028,1501,0.1388
472,1021,1493,0.1388
474,1022,1496,0.1388
474,1017,1491,0.1388
468,1033,1501,0.1388
473,1044,1517,0.1388
471,1052,1523,0.1388
464,1046,1510,0.1388
463,1040,1503,0.1388
464,1050,1514,0.1388
464,1055,1519,0.1388
457,1057,1514,0.1388
458,1052,1510,0.1388
452,1054,1506,0.1388
448,1064,1512,0.1388
442,1048,1490,0.1388
439,1054,1493,0.1388
432,1053,1485,0.1388
441,1061,1502,0.1388
440,1062,1502,0.1388
444,1070,1514,0.1388
444,1064,1508,0.1388
438,1040,1478,0.1388
439,1033,1472,0.1388
448,1049,1497,0.1388
448,1053,1501,0.1388
451,1067,1518,0.1388
446,1063,1509,0.1388
444,1062,1506,0.1388
439,1074,1513,0.1388
437,1069,1506,0.1388
438,1078,1516,0.1388
437,1078,1515,0.1388
436,1080,1516,0.1388
431,1077,1508,0.1388
424,1064,1488,0.1388
427,1061,1488,0.1388
432,1063,1495,0.1388
426,1072,1498,0.1388
431,1077,1508,0.1388
433,1072,1505,0.1388
436,1077,1513,0.1388
435,1080,1515,0.1388
434,1074,1508,0.1388
421,1083,1504,0.1388
417,1076,1493,0.1388
419,1077,1496,0.1388
407,1091,1498,0.1388
408,1095,1503,0.1388
406,1093,1499,0.1388
403,1099,1502,0.1388
403,1096,1499,0.1388
405,1090,1495,0.1388
406,1095,1501,0.1388
408,1080,1488,0.1388
410,1076,1486,0.1388
415,1076,1491,0.1388
409,1087,1496,0.1388
402,1086,1488,0.1388
406,1085,1491,0.1388
399,1098,1497,0.1388
393,1113,1506,0.1388
394,1110,1504,0.1388
399,1108,1507,0.1388
399,1120,1519,0.1388
395,1126,1521,0.1388
394,1113,1507,0.1388
397,1103,1500,0.1388
403,1101,1504,0.1388
402,1108,1510,0.1388
404,1097,1501,0.1388
403,1096,1499,0.1388
407,1102,1509,0.1388
407,1112,1519,0.1388
407,1117,1524,0.1388
400,1116,1516,0.1388
389,1123,1512,0.1388
390,1116,1506,0.1388
392,1123,1515,0.1388
397,1128,1525,0.1388
404,1115,1519,0.1388
402,1119,1521,0.1388
395,1122,1517,0.1388
394,1119,1513,0.1388
396,1122,1518,0.1388
392,1116,1508,0.1388
393,1109,1502,0.1388
390,1103,1493,0.1388
397,1117,1514,0.1388
387,1116,1503,0.1388
389,1106,1495,0.1388
384,1112,1496,0.1388
386,1106,1492,0.1388
394,1107,1501,0.1388
400,1123,1523,0.1388
397,1107,1504,0.1388
400,1119,1519,0.1388
400,1117,1517,0.1388
403,1122,1525,0.1388
399,1129,1528,0.1388
389,1115,1504,0.1388
389,1131,1520,0.1388
388,1132,1520,0.1388
389,1144,1533,0.1388
391,1136,1527,0.1388
388,1133,1521,0.1388
392,1127,1519,0.1388
387,1136,1523,0.1388
387,1130,1517,0.1388
388,1136,1524,0.1388
386,1109,1495,0.1388
384,1121,1505,0.1388
381,1121,1502,0.1388
384,1111,1495,0.1388
390,1112,1502,0.1388
391,1115,1506,0.1388
391,1126,1517,0.1388
395,1126,1521,0.1388
390,1125,1515,0.1388
384,1127,1511,0.1388
376,1134,1510,0.1388
377,1128,1505,0.1388
368,1129,1497,0.1388
369,1142,1511,0.1388
370,1140,1510,0.1388
379,1146,1525,0.1388
377,1139,1516,0.1388
377,1144,1521,0.1388
365,1144,1509,0.1388
366,1152,1518,0.1388
367,1151,1518,0.1388
360,1145,1505,0.1388
366,1148,1514,0.1388
368,1138,1506,0.1388
366,1151,1517,0.1388
370,1158,1528,0.1388
363,1156,1519,0.1388
364,1156,1520,0.1388
364,1152,1516,0.1388
365,1144,1509,0.1388
360,1148,1508,0.1388
354,1142,1496,0.1388
352,1158,1510,0.1388
348,1164,1512,0.1388
356,1155,1511,0.1388
359,1152,1511,0.1388
351,1160,1511,0.1388
349,1155,1504,0.1388
343,1160,1503,0.1388
351,1156,1507,0.1388
353,1166,1519,0.1388
357,1156,1513,0.1388
362,1167,1529,0.1388
364,1174,1538,0.1388
358,1175,1533,0.1388
353,1166,1519,0.1388
354,1172,1526,0.1388
348,1178,1526,0.1388
355,1171,1526,0.1388
352,1176,1528,0.1388
350,1176,1526,0.1388
344,1177,1521,0.1388
346,1184,1530,0.1388
341,1165,1506,0.1388
333,1166,1499,0.1388
328,1180,1508,0.1388
328,1186,1514,0.1388
335,1176,1511,0.1388
329,1183,1512,0.1388
330,1185,1515,0.1388
331,1190,1521,0.1388
337,1182,1519,0.1388
333,1185,1518,0.1388
330,1178,1508,0.1388
327,1182,1509,0.1388
328,1189,1517,0.1388
319,1186,1505,0.1388
319,1203,1522,0.1388
315,1206,1521,0.1388
317,1210,1527,0.1388
319,1192,1511,0.1388
314,1196,1510,0.1388
313,1196,1509,0.1388
313,1205,1518,0.1388
311,1210,1521,0.1388
306,1214,1520,0.1388
309,1205,1514,0.1388
304,1199,1503,0.1388
305,1205,1510,0.1388
305,1205,1510,0.1388
302,1213,1515,0.1388
308,1205,1513,0.1388
301,1212,1513,0.1388
299,1211,1510,0.1388
302,1217,1519,0.1388
298,1219,1517,0.1388
293,1225,1518,0.1388
292,1230,1522,0.1388
294,1230,1524,0.1388
297,1228,1525,0.1388
299,1220,1519,0.1388
305,1221,1526,0.1388
304,1212,1516,0.1388
304,1206,1510,0.1388
303,1211,1514,0.1388
309,1207,1516,0.1388
309,1203,1512,0.1388
306,1206,1512,0.1388
299,1213,1512,0.1388
302,1213,1515,0.1388
304,1222,1526,0.1388
301,1213,1514,0.1388
305,1204,1509,0.1388
307,1219,1526,0.1388
299,1211,1510,0.1388
301,1218,1519,0.1388
294,1234,1528,0.1388
297,1243,1540,0.1388
287,1236,1523,0.1388
287,1229,1516,0.1388
292,1234,1526,0.1388
285,1231,1516,0.1388
279,1230,1509,0.1388
274,1234,1508,0.1388
283,1236,1519,0.1388
284,1249,1533,0.1388
280,1249,1529,0.1388
277,1251,1528,0.1388
274,1254,1528,0.1388
276,1254,1530,0.1388
271,1240,1511,0.1388
273,1243,1516,0.1388
273,1249,1522,0.1388
274,1246,1520,0.1388
271,1238,1509,0.1388
271,1245,1516,0.1388
265,1250,1515,0.1388
270,1250,1520,0.1388
263,1250,1513,0.1388
261,1252,1513,0.1388
257,1258,1515,0.1388
259,1254,1513,0.1388
258,1254,1512,0.1388
265,1244,1509,0.1388
265,1238,1503,0.1388
262,1244,1506,0.1388
260,1240,1500,0.1388
262,1235,1497,0.1388
264,1251,1515,0.1388
269,1256,1525,0.1388
273,1244,1517,0.1388
267,1234,1501,0.1388
266,1235,1501,0.1388
266,1242,1508,0.1388
266,1249,1515,0.1388
265,1243,1508,0.1388
259,1234,1493,0.1388
263,1237,1500,0.1388
264,1238,1502,0.1388
265,1246,1511,0.1388
258,1250,1508,0.1388
253,1256,1509,0.1388
250,1257,1507,0.1388
246,1254,1500,0.1388
244,1261,1505,0.1388
244,1265,1509,0.1388
242,1273,1515,0.1388
237,1274,1511,0.1388
238,1293,1531,0.1388
239,1301,1540,0.1388
236,1300,1536,0.1388
232,1290,1522,0.1388
226,1284,1510,0.1388
225,1283,1508,0.1388
225,1285,1510,0.1388
227,1290,1517,0.1388
229,1278,1507,0.1388
233,1272,1505,0.1388
228,1270,1498,0.1388
224,1286,1510,0.1388
228,1276,1504,0.1388
229,1285,1514,0.1388
222,1292,1514,0.1388
224,1297,1521,0.1388
225,1306,1531,0.1388
224,1299,1523,0.1388
225,1286,1511,0.1388
227,1280,1507,0.1388
225,1285,1510,0.1388
227,1288,1515,0.1388
224,1286,1510,0.1388
229,1289,1518,0.1388
226,1279,1505,0.1388
227,1275,1502,0.1388
226,1270,1496,0.1388
222,1271,1493,0.1388
228,1278,1506,0.1388
229,1282,1511,0.1388
228,1275,1503,0.1388
227,1269,1496,0.1388
225,1290,1515,0.1388
223,1288,1511,0.1388
221,1295,1516,0.1388
220,1292,1512,0.1388
224,1287,1511,0.1388
229,1276,1505,0.1388
223,1270,1493,0.1388
215,1289,1504,0.1388
220,1281,1501,0.1388
225,1286,1511,0.1388
225,1279,1504,0.1388
222,1287,1509,0.1388
216,1291,1507,0.1388
220,1293,1513,0.1388
219,1302,1521,0.1388
222,1292,1514,0.1388
223,1289,1512,0.1388
228,1282,1510,0.1388
230,1295,1525,0.1388
229,1286,1515,0.1388
230,1280,1510,0.1388
227,1277,1504,0.1388
227,1289,1516,0.1388
227,1296,1523,0.1388
225,1284,1509,0.1388
225,1280,1505,0.1388
225,1285,1510,0.1388
223,1295,1518,0.1388
217,1288,1505,0.1388
217,1287,1504,0.1388
217,1293,1510,0.1388
213,1303,1516,0.1388
208,1321,1529,0.1388
212,1315,1527,0.1388
217,1318,1535,0.1388
218,1299,1517,0.1388
217,1285,1502,0.1388
213,1278,1491,0.1388
206,1288,1494,0.1388
202,1289,1491,0.1388
199,1303,1502,0.1388
202,1315,1517,0.1388
201,1308,1509,0.1388
211,1303,1514,0.1388
206,1297,1503,0.1388
207,1289,1496,0.1388
207,1307,1514,0.1388
209,1320,1529,0.1388
207,1312,1519,0.1388
200,1311,1511,0.1388
197,1323,1520,0.1388
195,1323,1518,0.1388
202,1312,1514,0.1388
206,1300,1506,0.1388
204,1307,1511,0.1388
205,1305,1510,0.1388
205,1307,1512,0.1388
206,1293,1499,0.1388
206,1310,1516,0.1388
205,1306,1511,0.1388
207,1319,1526,0.1388
205,1324,1529,0.1388
205,1321,1526,0.1388
207,1313,1520,0.1388
210,1310,1520,0.1388
207,1315,1522,0.1388
204,1314,1518,0.1388
208,1301,1509,0.1388
204,1304,1508,0.1388
200,1300,1500,0.1388
203,1309,1512,0.1388
204,1298,1502,0.1388
206,1308,1514,0.1388
208,1311,1519,0.1388
202,1318,1520,0.1388
200,1322,1522,0.1388
204,1326,1530,0.1388
206,1329,1535,0.1388
202,1331,1533,0.1388
200,1330,1530,0.1388
192,1322,1514,0.1388
193,1316,1509,0.1388
191,1325,1516,0.1388
191,1318,1509,0.1388
192,1324,1516,0.1388
193,1332,1525,0.1388
191,1331,1522,0.1388
191,1327,1518,0.1388
191,1312,1503,0.1388
196,1311,1507,0.1388
196,1316,1512,0.1388
193,1319,1512,0.1388
192,1319,1511,0.1388
187,1319,1506,0.1388
192,1322,1514,0.1388
186,1324,1510,0.1388
182,1326,1508,0.1388
183,1330,1513,0.1388
184,1335,1519,0.1388
184,1332,1516,0.1388
184,1334,1518,0.1388
186,1336,1522,0.1388
188,1333,1521,0.1388
189,1335,1524,0.1388
191,1329,1520,0.1388
192,1328,1520,0.1388
188,1327,1515,0.1388
188,1332,1520,0.1388
185,1329,1514,0.1388
182,1337,1519,0.1388
177,1348,1525,0.1388
180,1340,1520,0.1388
179,1345,1524,0.1388
180,1325,1505,0.1388
175,1325,1500,0.1388
177,1335,1512,0.1388
176,1342,1518,0.1388
177,1340,1517,0.1388
175,1335,1510,0.1388
173,1343,1516,0.1388
174,1346,1520,0.1388
175,1348,1523,0.1388
175,1342,1517,0.1388
177,1359,1536,0.1388
176,1350,1526,0.1388
167,1350,1517,0.1388
173,1348,1521,0.1388
172,1361,1533,0.1388
168,1359,1527,0.1388
168,1365,1533,0.1388
172,1358,1530,0.1388
167,1350,1517,0.1388
163,1352,1515,0.1388
159,1354,1513,0.1388
155,1349,1504,0.1388
151,1355,1506,0.1388
154,1349,1503,0.1388
157,1348,1505,0.1388
153,1355,1508,0.1388
152,1359,1511,0.1388
151,1363,1514,0.1388
152,1365,1517,0.1388
150,1347,1497,0.1388
149,1358,1507,0.1388
146,1368,1514,0.1388
148,1370,1518,0.1388
143,1377,1520,0.1388
144,1383,1527,0.1388
144,1379,1523,0.1388
147,1360,1507,0.1388
144,1365,1509,0.1388
145,1358,1503,0.1388
140,1363,1503,0.1388
140,1364,1504,0.1388
138,1367,1505,0.1388
137,1372,1509,0.1388
138,1380,1518,0.1388
132,1376,1508,0.1388
133,1385,1518,0.1388
133,1387,1520,0.1388
132,1390,1522,0.1388
136,1383,1519,0.1388
135,1371,1506,0.1388
132,1377,1509,0.1388
130,1384,1514,0.1388
131,1390,1521,0.1388
134,1385,1519,0.1388
133,1397,1530,0.1388
131,1395,1526,0.1388
129,1392,1521,0.1388
126,1387,1513,0.1388
123,1374,1497,0.1388
123,1393,1516,0.1388
127,1387,1514,0.1388
126,1397,1523,0.1388
125,1395,1520,0.1388
119,1402,1521,0.1388
123,1393,1516,0.1388
122,1404,1526,0.1388
120,1410,1530,0.1388
118,1412,1530,0.1388
124,1396,1520,0.1388
120,1408,1528,0.1388
123,1410,1533,0.1388
123,1404,1527,0.1388
124,1388,1512,0.1388
123,1394,1517,0.1388
123,1400,1523,0.1388
120,1387,1507,0.1388
117,1395,1512,0.1388
120,1393,1513,0.1388
122,1398,1520,0.1388
121,1387,1508,0.1388
121,1389,1510,0.1388
118,1391,1509,0.1388
117,1389,1506,0.1388
119,1398,1517,0.1388
120,1381,1501,0.1388
115,1394,1509,0.1388
116,1395,1511,0.1388
118,1395,1513,0.1388
121,1393,1514,0.1388
120,1390,1510,0.1388
116,1402,1518,0.1388
117,1401,1518,0.1388
114,1412,1526,0.1388
117,1405,1522,0.1388
116,1389,1505,0.1388
115,1397,1512,0.1388
113,1393,1506,0.1388
118,1391,1509,0.1388
114,1389,1503,0.1388
109,1399,1508,0.1388
110,1406,1516,0.1388
109,1409,1518,0.1388
112,1409,1521,0.1388
109,1397,1506,0.1388
111,1403,1514,0.1388
106,1395,1501,0.1388
107,1405,1512,0.1388
108,1412,1520,0.1388
110,1408,1518,0.1388
109,1411,1520,0.1388
109,1410,1519,0.1388
108,1412,1520,0.1388
107,1420,1527,0.1388
109,1412,1521,0.1388
112,1402,1514,0.1388
109,1396,1505,0.1388
108,1406,1514,0.1388
109,1399,1508,0.1388
104,1413,1517,0.1388
103,1411,1514,0.1388
106,1407,1513,0.1388
108,1402,1510,0.1388
105,1411,1516,0.1388
106,1414,1520,0.1388
105,1410,1515,0.1388
103,1415,1518,0.1388
100,1428,1528,0.1388
99,1428,1527,0.1388
96,1416,1512,0.1388
95,1427,1522,0.1388
97,1437,1534,0.1388
101,1433,1534,0.1388
98,1426,1524,0.1388
99,1417,1516,0.1388
95,1417,1512,0.1388
92,1426,1518,0.1388
96,1431,1527,0.1388
96,1432,1528,0.1388
96,1436,1532,0.1388
96,1427,1523,0.1388
95,1408,1503,0.1388
96,1416,1512,0.1388
98,1417,1515,0.1388
97,1415,1512,0.1388
97,1415,1512,0.1388
95,1422,1517,0.1388
95,1421,1516,0.1388
95,1427,1522,0.1388
95,1423,1518,0.1388
97,1426,1523,0.1388
96,1419,1515,0.1388
95,1421,1516,0.1388
94,1418,1512,0.1388
97,1415,1512,0.1388
95,1409,1504,0.1388
94,1429,1523,0.1388
95,1435,1530,0.1388
92,1427,1519,0.1388
93,1437,1530,0.1388
92,1429,1521,0.1388
93,1437,1530,0.1388
90,1416,1506,0.1388
91,1410,1501,0.1388
88,1417,1505,0.1388
86,1407,1493,0.1388
88,1423,1511,0.1388
88,1421,1509,0.1388
85,1424,1509,0.1388
86,1426,1512,0.1388
88,1426,1514,0.1388
91,1444,1535,0.1388
93,1435,1528,0.1388
91,1430,1521,0.1388
90,1426,1516,0.1388
86,1430,1516,0.1388
84,1427,1511,0.1388
83,1413,1496,0.1388
82,1416,1498,0.1388
83,1420,1503,0.1388
82,1412,1494,0.1388
80,1417,1497,0.1388
83,1436,1519,0.1388
84,1423,1507,0.1388
80,1420,1500,0.1388
82,1446,1528,0.1388
80,1445,1525,0.1388
79,1442,1521,0.1388
78,1440,1518,0.1388
77,1442,1519,0.1388
74,1441,1515,0.1388
73,1433,1506,0.1388
71,1441,1512,0.1388
73,1455,1528,0.1388
70,1468,1538,0.1388
72,1473,1545,0.1388
73,1462,1535,0.1388
73,1456,1529,0.1388
72,1459,1531,0.1388
69,1457,1526,0.1388
68,1466,1534,0.1388
66,1459,1525,0.1388
68,1449,1517,0.1388
68,1446,1514,0.1388
70,1435,1505,0.1388
68,1421,1489,0.1388
66,1431,1497,0.1388
66,1442,1508,0.1388
66,1444,1510,0.1388
66,1442,1508,0.1388
65,1440,1505,0.1388
67,1452,1519,0.1388
69,1445,1514,0.1388
71,1454,1525,0.1388
71,1465,1536,0.1388
74,1458,1532,0.1388
74,1457,1531,0.1388
74,1470,1544,0.1388
74,1457,1531,0.1388
73,1449,1522,0.1388
68,1450,1518,0.1388
68,1449,1517,0.1388
66,1459,1525,0.1388
63,1468,1531,0.1388
60,1457,1517,0.1388
62,1458,1520,0.1388
63,1461,1524,0.1388
63,1461,1524,0.1388
65,1459,1524,0.1388
63,1459,1522,0.1388
61,1461,1522,0.1388
60,1468,1528,0.1388
56,1463,1519,0.1388
57,1459,1516,0.1388
56,1466,1522,0.1388
56,1466,1522,0.1388
55,1463,1518,0.1388
54,1457,1511,0.1388
53,1458,1511,0.1388
54,1453,1507,0.1388
55,1466,1521,0.1388
55,1472,1527,0.1388
54,1475,1529,0.1388
53,1462,1515,0.1388
52,1460,1512,0.1388
49,1458,1507,0.1388
49,1442,1491,0.1388
48,1456,1504,0.1388
48,1453,1501,0.1388
46,1463,1509,0.1388
46,1464,1510,0.1388
46,1473,1519,0.1388
47,1470,1517,0.1388
47,1462,1509,0.1388
48,1454,1502,0.1388
47,1448,1495,0.1388
49,1449,1498,0.1388
48,1459,1507,0.1388
48,1465,1513,0.1388
50,1462,1512,0.1388
50,1467,1517,0.1388
50,1477,1527,0.1388
51,1469,1520,0.1388
51,1471,1522,0.1388
51,1470,1521,0.1388
50,1472,1522,0.1388
50,1466,1516,0.1388
51,1457,1508,0.1388
52,1453,1505,0.1388
51,1442,1493,0.1388
54,1456,1510,0.1388
54,1456,1510,0.1388
56,1445,1501,0.1388
57,1448,1505,0.1388
55,1462,1517,0.1388
52,1471,1523,0.1388
50,1474,1524,0.1388
50,1469,1519,0.1388
51,1458,1509,0.1388
52,1460,1512,0.1388
53,1460,1513,0.1388
51,1457,1508,0.1388
51,1451,1502,0.1388
47,1459,1506,0.1388
46,1457,1503,0.1388
46,1462,1508,0.1388
46,1464,1510,0.1388
46,1460,1506,0.1388
52,1457,1509,0.1388
53,1468,1521,0.1388
55,1470,1525,0.1388
54,1465,1519,0.1388
57,1465,1522,0.1388
55,1462,1517,0.1388
54,1449,1503,0.1388
53,1458,1511,0.1388
52,1459,1511,0.1388
53,1456,1509,0.1388
51,1460,1511,0.1388
52,1465,1517,0.1388
50,1472,1522,0.1388
50,1470,1520,0.1388
51,1463,1514,0.1388
50,1471,1521,0.1388
49,1462,1511,0.1388
51,1453,1504,0.1388
46,1469,1515,0.1388
45,1471,1516,0.1388
44,1469,1513,0.1388
44,1476,1520,0.1388
45,1468,1513,0.1388
47,1469,1516,0.1388
48,1483,1531,0.1388
49,1478,1527,0.1388
50,1478,1528,0.1388
51,1486,1537,0.1388
51,1469,1520,0.1388
51,1465,1516,0.1388
51,1463,1514,0.1388
48,1465,1513,0.1388
47,1458,1505,0.1388
45,1466,1511,0.1388
46,1456,1502,0.1388
50,1471,1521,0.1388
51,1455,1506,0.1388
53,1461,1514,0.1388
52,1470,1522,0.1388
52,1463,1515,0.1388
52,1471,1523,0.1388
49,1475,1524,0.1388
47,1466,1513,0.1388
49,1462,1511,0.1388
50,1475,1525,0.1388
49,1469,1518,0.1388
47,1472,1519,0.1388
47,1467,1514,0.1388
46,1469,1515,0.1388
44,1470,1514,0.1388
42,1469,1511,0.1388
42,1462,1504,0.1388
44,1460,1504,0.1388
46,1472,1518,0.1388
45,1470,1515,0.1388
45,1464,1509,0.1388
47,1468,1515,0.1388
46,1465,1511,0.1388
45,1455,1500,0.1388
45,1446,1491,0.1388
45,1448,1493,0.1388
43,1456,1499,0.1388
43,1465,1508,0.1388
42,1468,1510,0.1388
41,1487,1528,0.1388
40,1482,1522,0.1388
40,1469,1509,0.1388
40,1468,1508,0.1388
40,1475,1515,0.1388
40,1479,1519,0.1388
39,1480,1519,0.1388
39,1488,1527,0.1388
40,1479,1519,0.1388
38,1477,1515,0.1388
39,1471,1510,0.1388
38,1476,1514,0.1388
37,1476,1513,0.1388
35,1468,1503,0.1388
34,1477,1511,0.1388
35,1480,1515,0.1388
34,1468,1502,0.1388
36,1488,1524,0.1388
37,1485,1522,0.1388
41,1484,1525,0.1388
41,1481,1522,0.1388
41,1480,1521,0.1388
41,1467,1508,0.1388
39,1459,1498,0.1388
39,1471,1510,0.1388
37,1475,1512,0.1388
36,1485,1521,0.1388
35,1475,1510,0.1388
38,1484,1522,0.1388
39,1477,1516,0.1388
39,1483,1522,0.1388
40,1476,1516,0.1388
42,1477,1519,0.1388
43,1485,1528,0.1388
41,1476,1517,0.1388
41,1484,1525,0.1388
41,1471,1512,0.1388
42,1470,1512,0.1388
42,1463,1505,0.1388
40,1469,1509,0.1388
39,1473,1512,0.1388
38,1476,1514,0.1388
38,1475,1513,0.1388
37,1475,1512,0.1388
39,1466,1505,0.1388
38,1475,1513,0.1388
37,1477,1514,0.1388
36,1478,1514,0.1388
37,1473,1510,0.1388
37,1480,1517,0.1388
38,1475,1513,0.1388
39,1471,1510,0.1388
40,1475,1515,0.1388
41,1482,1523,0.1388
39,1474,1513,0.1388
39,1487,1526,0.1388
40,1485,1525,0.1388
39,1483,1522,0.1388
38,1481,1519,0.1388
39,1480,1519,0.1388
42,1477,1519,0.1388
43,1490,1533,0.1388
42,1496,1538,0.1388
42,1487,1529,0.1388
42,1483,1525,0.1388
44,1463,1507,0.1388
45,1471,1516,0.1388
43,1489,1532,0.1388
43,1483,1526,0.1388
42,1490,1532,0.1388
41,1473,1514,0.1388
43,1470,1513,0.1388
43,1472,1515,0.1388
42,1487,1529,0.1388
41,1477,1518,0.1388
40,1472,1512,0.1388
39,1470,1509,0.1388
38,1475,1513,0.1388
37,1476,1513,0.1388
37,1492,1529,0.1388
37,1493,1530,0.1388
34,1488,1522,0.1388
34,1487,1521,0.1388
30,1487,1517,0.1388
29,1484,1513,0.1388
28,1475,1503,0.1388
30,1490,1520,0.1388
31,1507,1538,0.1388
31,1491,1522,0.1388
31,1485,1516,0.1388
31,1491,1522,0.1388
30,1488,1518,0.1388
30,1489,1519,0.1388
29,1491,1520,0.1388
29,1492,1521,0.1388
30,1492,1522,0.1388
29,1484,1513,0.1388
27,1479,1506,0.1388
26,1490,1516,0.1388
28,1494,1522,0.1388
30,1492,1522,0.1388
29,1495,1524,0.1388
30,1482,1512,0.1388
30,1464,1494,0.1388
31,1465,1496,0.1388
29,1472,1501,0.1388
29,1474,1503,0.1388
29,1497,1526,0.1388
28,1495,1523,0.1388
29,1490,1519,0.1388
28,1484,1512,0.1388
27,1483,1510,0.1388
28,1489,1517,0.1388
28,1488,1516,0.1388
28,1488,1516,0.1388
27,1490,1517,0.1388
27,1483,1510,0.1388
28,1483,1511,0.1388
27,1492,1519,0.1388
27,1494,1521,0.1388
28,1493,1521,0.1388
28,1495,1523,0.1388
25,1507,1532,0.1388
26,1497,1523,0.1388
27,1498,1525,0.1388
28,1488,1516,0.1388
28,1494,1522,0.1388
25,1496,1521,0.1388
26,1502,1528,0.1388
26,1492,1518,0.1388
25,1487,1512,0.1388
26,1496,1522,0.1388
26,1495,1521,0.1388
25,1488,1513,0.1388
26,1485,1511,0.1388
27,1482,1509,0.1388
30,1485,1515,0.1388
30,1491,1521,0.1388
30,1487,1517,0.1388
31,1496,1527,0.1388
33,1482,1515,0.1388
32,1474,1506,0.1388
32,1478,1510,0.1388
32,1484,1516,0.1388
31,1492,1523,0.1388
30,1485,1515,0.1388
26,1479,1505,0.1388
26,1479,1505,0.1388
25,1470,1495,0.1388
28,1471,1499,0.1388
26,1472,1498,0.1388
27,1476,1503,0.1388
25,1467,1492,0.1388
26,1469,1495,0.1388
26,1496,1522,0.1388
24,1501,1525,0.1388
23,1504,1527,0.1388
21,1502,1523,0.1388
22,1503,1525,0.1388
23,1490,1513,0.1388
25,1491,1516,0.1388
25,1500,1525,0.1388
26,1507,1533,0.1388
26,1497,1523,0.1388
25,1502,1527,0.1388
25,1501,1526,0.1388
24,1506,1530,0.1388
24,1492,1516,0.1388
24,1499,1523,0.1388
25,1494,1519,0.1388
23,1504,1527,0.1388
22,1502,1524,0.1388
21,1500,1521,0.1388
22,1510,1532,0.1388
21,1507,1528,0.1388
18,1503,1521,0.1388
18,1498,1516,0.1388
18,1505,1523,0.1388
18,1508,1526,0.1388
16,1501,1517,0.1388
16,1503,1519,0.1388
16,1500,1516,0.1388
17,1482,1499,0.1388
17,1486,1503,0.1388
17,1493,1510,0.1388
18,1493,1511,0.1388
17,1485,1502,0.1388
18,1477,1495,0.1388
19,1480,1499,0.1388
19,1482,1501,0.1388
18,1496,1514,0.1388
18,1502,1520,0.1388
16,1499,1515,0.1388
16,1505,1521,0.1388
15,1498,1513,0.1388
14,1497,1511,0.1388
15,1505,1520,0.1388
14,1497,1511,0.1388
15,1498,1513,0.1388
15,1512,1527,0.1388
15,1509,1524,0.1388
16,1499,1515,0.1388
14,1497,1511,0.1388
14,1496,1510,0.1388
15,1513,1528,0.1388
15,1505,1520,0.1388
16,1501,1517,0.1388
15,1507,1522,0.1388
16,1508,1524,0.1388
15,1510,1525,0.1388
15,1501,1516,0.1388
14,1516,1530,0.1388
16,1515,1531,0.1388
15,1503,1518,0.1388
14,1492,1506,0.1388
14,1492,1506,0.1388
14,1509,1523,0.1388
14,1491,1505,0.1388
14,1507,1521,0.1388
15,1494,1509,0.1388
15,1479,1494,0.1388
15,1488,1503,0.1388
15,1505,1520,0.1388
13,1510,1523,0.1388
13,1516,1529,0.1388
11,1512,1523,0.1388
9,1500,1509,0.1388
8,1501,1509,0.1388
8,1505,1513,0.1388
9,1503,1512,0.1388
9,1493,1502,0.1388
8,1494,1502,0.1388
7,1492,1499,0.1388
6,1498,1504,0.1388
7,1511,1518,0.1388
7,1523,1530,0.1388
6,1513,1519,0.1388
6,1517,1523,0.1388
5,1511,1516,0.1388
5,1512,1517,0.1388
5,1513,1518,0.1388
5,1520,1525,0.1388
5,1503,1508,0.1388
4,1505,1509,0.1388
3,1504,1507,0.1388
3,1517,1520,0.1388
1,1511,1512,0.1388
1,1514,1515,0.1388
1,1509,1510,0.1388
1,1510,1511,0.1388
1,1511,1512,0.1388
1,1515,1516,0.1388
1,1513,1514,0.1388
1,1506,1507,0.1388
1,1513,1514,0.1388
1,1522,1523,0.1388
1,1514,1515,0.1388
1,1502,1503,0.1388
0,1519,1519,0.1388
