1385,26,1411,0.1388
1410,24,1434,0.1388
1433,27,1460,0.1388
1444,29,1473,0.1388
1450,29,1479,0.1388
1456,30,1486,0.1388
1457,30,1487,0.1388
1460,30,1490,0.1388
1459,32,1491,0.1388
1464,31,1495,0.1388
1464,31,1495,0.1388
1471,31,1502,0.1388
1479,30,1509,0.1388
1464,31,1495,0.1388
1459,33,1492,0.1388
1461,33,1494,0.1388
1453,33,1486,0.1388
1450,32,1482,0.1388
1455,33,1488,0.1388
1451,35,1486,0.1388
1460,36,1496,0.1388
1459,36,1495,0.1388
1456,37,1493,0.1388
1455,38,1493,0.1388
1455,37,1492,0.1388
1466,37,1503,0.1388
1473,39,1512,0.1388
1472,40,1512,0.1388
1462,38,1500,0.1388
1451,36,1487,0.1388
1453,35,1488,0.1388
1457,36,1493,0.1388
1462,35,1497,0.1388
1454,35,1489,0.1388
1459,36,1495,0.1388
1456,37,1493,0.1388
1441,38,1479,0.1388
1449,38,1487,0.1388
1452,37,1489,0.1388
1441,37,1478,0.1388
1443,37,1480,0.1388
1454,35,1489,0.1388
1450,37,1487,0.1388
1452,37,1489,0.1388
1452,37,1489,0.1388
1458,39,1497,0.1388
1460,38,1498,0.1388
1447,40,1487,0.1388
1433,43,1476,0.1388
1435,44,1479,0.1388
1426,44,1470,0.1388
1441,45,1486,0.1388
1446,44,1490,0.1388
1445,43,1488,0.1388
1436,42,1478,0.1388
1432,42,1474,0.1388
1441,43,1484,0.1388
1458,42,1500,0.1388
1457,42,1499,0.1388
1453,41,1494,0.1388
1455,41,1496,0.1388
1474,42,1516,0.1388
1467,43,1510,0.1388
1450,44,1494,0.1388
1434,45,1479,0.1388
1425,46,1471,0.1388
1435,47,1482,0.1388
1428,51,1479,0.1388
1433,54,1487,0.1388
1444,53,1497,0.1388
1441,50,1491,0.1388
1430,50,1480,0.1388
1428,52,1480,0.1388
1428,53,1481,0.1388
1425,53,1478,0.1388
1429,57,1486,0.1388
1431,56,1487,0.1388
1424,54,1478,0.1388
1423,56,1479,0.1388
1430,59,1489,0.1388
1424,59,1483,0.1388
1419,62,1481,0.1388
1409,61,1470,0.1388
1428,61,1489,0.1388
1428,58,1486,0.1388
1436,60,1496,0.1388
1421,61,1482,0.1388
1422,62,1484,0.1388
1424,63,1487,0.1388
1438,63,1501,0.1388
1432,64,1496,0.1388
1434,62,1496,0.1388
1418,62,1480,0.1388
1422,62,1484,0.1388
1411,64,1475,0.1388
1413,63,1476,0.1388
1416,61,1477,0.1388
1421,64,1485,0.1388
1421,67,1488,0.1388
1422,70,1492,0.1388
1425,68,1493,0.1388
1414,69,1483,0.1388
1418,69,1487,0.1388
1423,69,1492,0.1388
1426,67,1493,0.1388
1424,69,1493,0.1388
1429,67,1496,0.1388
1435,66,1501,0.1388
1426,67,1493,0.1388
1419,69,1488,0.1388
1418,68,1486,0.1388
1415,69,1484,0.1388
1425,69,1494,0.1388
1427,66,1493,0.1388
1424,70,1494,0.1388
1435,73,1508,0.1388
1434,75,1509,0.1388
1418,74,1492,0.1388
1412,73,1485,0.1388
1410,74,1484,0.1388
1415,77,1492,0.1388
1417,81,1498,0.1388
1416,80,1496,0.1388
1419,82,1501,0.1388
1414,81,1495,0.1388
1418,80,1498,0.1388
1421,81,1502,0.1388
1414,80,1494,0.1388
1428,79,1507,0.1388
1422,83,1505,0.1388
1404,79,1483,0.1388
1409,80,1489,0.1388
1397,76,1473,0.1388
1388,82,1470,0.1388
1390,81,1471,0.1388
1398,82,1480,0.1388
1398,80,1478,0.1388
1402,84,1486,0.1388
1403,85,1488,0.1388
1393,87,1480,0.1388
1403,88,1491,0.1388
1411,89,1500,0.1388
1417,89,1506,0.1388
1418,87,1505,0.1388
1408,88,1496,0.1388
1418,89,1507,0.1388
1410,89,1499,0.1388
1412,91,1503,0.1388
1411,92,1503,0.1388
1415,90,1505,0.1388
1408,92,1500,0.1388
1403,95,1498,0.1388
1398,93,1491,0.1388
1399,96,1495,0.1388
1382,97,1479,0.1388
1392,99,1491,0.1388
1393,100,1493,0.1388
1393,102,1495,0.1388
1378,101,1479,0.1388
1383,101,1484,0.1388
1385,106,1491,0.1388
1378,103,1481,0.1388
1397,100,1497,0.1388
1403,97,1500,0.1388
1418,99,1517,0.1388
1418,101,1519,0.1388
1403,103,1506,0.1388
1393,108,1501,0.1388
1395,109,1504,0.1388
1392,110,1502,0.1388
1388,108,1496,0.1388
1396,108,1504,0.1388
1387,108,1495,0.1388
1384,112,1496,0.1388
1409,114,1523,0.1388
1406,111,1517,0.1388
1406,109,1515,0.1388
1374,109,1483,0.1388
1362,108,1470,0.1388
1377,102,1479,0.1388
1373,103,1476,0.1388
1386,105,1491,0.1388
1386,107,1493,0.1388
1384,108,1492,0.1388
1391,110,1501,0.1388
1392,111,1503,0.1388
1395,108,1503,0.1388
1399,107,1506,0.1388
1394,108,1502,0.1388
1385,107,1492,0.1388
1393,107,1500,0.1388
1405,107,1512,0.1388
1402,108,1510,0.1388
1401,110,1511,0.1388
1396,109,1505,0.1388
1402,114,1516,0.1388
1386,113,1499,0.1388
1384,113,1497,0.1388
1380,112,1492,0.1388
1383,111,1494,0.1388
1396,109,1505,0.1388
1390,110,1500,0.1388
1380,110,1490,0.1388
1378,111,1489,0.1388
1378,107,1485,0.1388
1381,106,1487,0.1388
1374,104,1478,0.1388
1387,104,1491,0.1388
1389,107,1496,0.1388
1404,109,1513,0.1388
1400,111,1511,0.1388
1396,108,1504,0.1388
1388,107,1495,0.1388
1401,103,1504,0.1388
1403,106,1509,0.1388
1394,106,1500,0.1388
1398,104,1502,0.1388
1385,106,1491,0.1388
1388,102,1490,0.1388
1380,100,1480,0.1388
1379,105,1484,0.1388
1380,110,1490,0.1388
1377,109,1486,0.1388
1375,116,1491,0.1388
1384,113,1497,0.1388
1382,117,1499,0.1388
1384,116,1500,0.1388
1375,116,1491,0.1388
1373,115,1488,0.1388
1380,116,1496,0.1388
1388,116,1504,0.1388
1395,116,1511,0.1388
1394,115,1509,0.1388
1388,116,1504,0.1388
1394,111,1505,0.1388
1387,112,1499,0.1388
1388,114,1502,0.1388
1375,115,1490,0.1388
1378,115,1493,0.1388
1387,112,1499,0.1388
1393,115,1508,0.1388
1382,116,1498,0.1388
1387,114,1501,0.1388
1377,119,1496,0.1388
1387,122,1509,0.1388
1383,121,1504,0.1388
1367,121,1488,0.1388
1366,120,1486,0.1388
1374,119,1493,0.1388
1373,120,1493,0.1388
1375,117,1492,0.1388
1382,116,1498,0.1388
1381,116,1497,0.1388
1363,115,1478,0.1388
1376,116,1492,0.1388
1390,116,1506,0.1388
1390,117,1507,0.1388
1396,117,1513,0.1388
1381,117,1498,0.1388
1393,114,1507,0.1388
1400,113,1513,0.1388
1393,114,1507,0.1388
1394,114,1508,0.1388
1389,114,1503,0.1388
1396,117,1513,0.1388
1395,121,1516,0.1388
1395,119,1514,0.1388
1378,121,1499,0.1388
1368,115,1483,0.1388
1368,112,1480,0.1388
1380,111,1491,0.1388
1361,111,1472,0.1388
1367,108,1475,0.1388
1374,110,1484,0.1388
1377,109,1486,0.1388
1379,105,1484,0.1388
1380,108,1488,0.1388
1389,106,1495,0.1388
1386,107,1493,0.1388
1385,106,1491,0.1388
1382,108,1490,0.1388
1390,107,1497,0.1388
1383,107,1490,0.1388
1394,105,1499,0.1388
1387,104,1491,0.1388
1364,104,1468,0.1388
1367,105,1472,0.1388
1374,110,1484,0.1388
1369,110,1479,0.1388
1378,113,1491,0.1388
1378,115,1493,0.1388
1382,118,1500,0.1388
1382,117,1499,0.1388
1376,118,1494,0.1388
1385,119,1504,0.1388
1388,121,1509,0.1388
1385,124,1509,0.1388
1381,124,1505,0.1388
1367,120,1487,0.1388
1367,119,1486,0.1388
1368,117,1485,0.1388
1361,121,1482,0.1388
1369,116,1485,0.1388
1363,117,1480,0.1388
1372,117,1489,0.1388
1386,116,1502,0.1388
1386,115,1501,0.1388
1385,121,1506,0.1388
1373,119,1492,0.1388
1368,119,1487,0.1388
1362,124,1486,0.1388
1366,123,1489,0.1388
1348,126,1474,0.1388
1361,126,1487,0.1388
1375,124,1499,0.1388
1365,124,1489,0.1388
1360,119,1479,0.1388
1350,120,1470,0.1388
1371,126,1497,0.1388
1384,125,1509,0.1388
1383,123,1506,0.1388
1379,121,1500,0.1388
1386,120,1506,0.1388
1382,127,1509,0.1388
1370,129,1499,0.1388
1356,130,1486,0.1388
1355,132,1487,0.1388
1353,133,1486,0.1388
1363,131,1494,0.1388
1356,134,1490,0.1388
1348,130,1478,0.1388
1356,132,1488,0.1388
1355,135,1490,0.1388
1357,135,1492,0.1388
1362,135,1497,0.1388
1359,135,1494,0.1388
1369,136,1505,0.1388
1370,138,1508,0.1388
1371,140,1511,0.1388
1370,138,1508,0.1388
1360,135,1495,0.1388
1361,137,1498,0.1388
1356,141,1497,0.1388
1348,145,1493,0.1388
1348,147,1495,0.1388
1346,142,1488,0.1388
1347,146,1493,0.1388
1343,150,1493,0.1388
1345,148,1493,0.1388
1353,151,1504,0.1388
1350,151,1501,0.1388
1360,149,1509,0.1388
1350,148,1498,0.1388
1360,150,1510,0.1388
1337,149,1486,0.1388
1340,154,1494,0.1388
1342,155,1497,0.1388
1341,157,1498,0.1388
1336,160,1496,0.1388
1343,160,1503,0.1388
1337,160,1497,0.1388
1344,157,1501,0.1388
1348,160,1508,0.1388
1348,161,1509,0.1388
1335,163,1498,0.1388
1326,162,1488,0.1388
1335,160,1495,0.1388
1348,156,1504,0.1388
1332,156,1488,0.1388
1337,160,1497,0.1388
1338,161,1499,0.1388
1343,164,1507,0.1388
1346,166,1512,0.1388
1345,164,1509,0.1388
1339,165,1504,0.1388
1336,165,1501,0.1388
1339,168,1507,0.1388
1341,168,1509,0.1388
1329,169,1498,0.1388
1322,166,1488,0.1388
1323,172,1495,0.1388
1318,171,1489,0.1388
1323,170,1493,0.1388
1323,164,1487,0.1388
1335,170,1505,0.1388
1339,163,1502,0.1388
1339,166,1505,0.1388
1333,168,1501,0.1388
1325,168,1493,0.1388
1324,169,1493,0.1388
1328,169,1497,0.1388
1333,170,1503,0.1388
1320,177,1497,0.1388
1321,175,1496,0.1388
1322,168,1490,0.1388
1342,168,1510,0.1388
1337,166,1503,0.1388
1323,173,1496,0.1388
1317,174,1491,0.1388
1328,173,1501,0.1388
1317,174,1491,0.1388
1321,175,1496,0.1388
1322,177,1499,0.1388
1325,180,1505,0.1388
1315,181,1496,0.1388
1303,185,1488,0.1388
1300,185,1485,0.1388
1305,186,1491,0.1388
1322,178,1500,0.1388
1317,176,1493,0.1388
1311,176,1487,0.1388
1316,174,1490,0.1388
1325,176,1501,0.1388
1313,174,1487,0.1388
1317,174,1491,0.1388
1319,173,1492,0.1388
1313,176,1489,0.1388
1313,180,1493,0.1388
1309,178,1487,0.1388
1303,175,1478,0.1388
1312,180,1492,0.1388
1314,176,1490,0.1388
1319,173,1492,0.1388
1321,174,1495,0.1388
1320,177,1497,0.1388
1332,179,1511,0.1388
1333,177,1510,0.1388
1332,180,1512,0.1388
1334,181,1515,0.1388
1324,182,1506,0.1388
1310,183,1493,0.1388
1300,181,1481,0.1388
1310,183,1493,0.1388
1305,184,1489,0.1388
1309,183,1492,0.1388
1297,187,1484,0.1388
1301,185,1486,0.1388
1305,188,1493,0.1388
1303,189,1492,0.1388
1303,189,1492,0.1388
1296,193,1489,0.1388
1291,196,1487,0.1388
1279,201,1480,0.1388
1284,200,1484,0.1388
1289,198,1487,0.1388
1301,205,1506,0.1388
1298,202,1500,0.1388
1297,200,1497,0.1388
1301,202,1503,0.1388
1311,204,1515,0.1388
1306,205,1511,0.1388
1300,201,1501,0.1388
1311,202,1513,0.1388
1298,210,1508,0.1388
1288,213,1501,0.1388
1291,208,1499,0.1388
1296,203,1499,0.1388
1295,210,1505,0.1388
1292,212,1504,0.1388
1294,211,1505,0.1388
1295,211,1506,0.1388
1297,206,1503,0.1388
1288,208,1496,0.1388
1282,214,1496,0.1388
1271,219,1490,0.1388
1276,218,1494,0.1388
1282,215,1497,0.1388
1280,215,1495,0.1388
1276,219,1495,0.1388
1282,222,1504,0.1388
1284,223,1507,0.1388
1280,221,1501,0.1388
1283,214,1497,0.1388
1283,214,1497,0.1388
1279,215,1494,0.1388
1274,221,1495,0.1388
1266,218,1484,0.1388
1267,217,1484,0.1388
1277,221,1498,0.1388
1256,225,1481,0.1388
1267,223,1490,0.1388
1275,222,1497,0.1388
1277,224,1501,0.1388
1265,224,1489,0.1388
1274,219,1493,0.1388
1270,220,1490,0.1388
1277,220,1497,0.1388
1287,226,1513,0.1388
1283,223,1506,0.1388
1277,218,1495,0.1388
1289,220,1509,0.1388
1285,219,1504,0.1388
1287,219,1506,0.1388
1271,216,1487,0.1388
1277,217,1494,0.1388
1275,218,1493,0.1388
1282,215,1497,0.1388
1289,222,1511,0.1388
1274,223,1497,0.1388
1269,224,1493,0.1388
1278,226,1504,0.1388
1262,227,1489,0.1388
1267,220,1487,0.1388
1267,219,1486,0.1388
1268,222,1490,0.1388
1278,218,1496,0.1388
1276,218,1494,0.1388
1268,220,1488,0.1388
1280,220,1500,0.1388
1281,221,1502,0.1388
1266,223,1489,0.1388
1275,228,1503,0.1388
1277,230,1507,0.1388
1280,230,1510,0.1388
1287,226,1513,0.1388
1277,225,1502,0.1388
1268,230,1498,0.1388
1265,231,1496,0.1388
1266,227,1493,0.1388
1272,230,1502,0.1388
1267,232,1499,0.1388
1268,227,1495,0.1388
1267,230,1497,0.1388
1258,225,1483,0.1388
1268,223,1491,0.1388
1277,226,1503,0.1388
1277,228,1505,0.1388
1271,229,1500,0.1388
1259,232,1491,0.1388
1264,228,1492,0.1388
1267,236,1503,0.1388
1269,233,1502,0.1388
1264,229,1493,0.1388
1262,229,1491,0.1388
1257,226,1483,0.1388
1252,228,1480,0.1388
1258,232,1490,0.1388
1254,232,1486,0.1388
1259,231,1490,0.1388
1251,232,1483,0.1388
1262,225,1487,0.1388
1270,226,1496,0.1388
1259,237,1496,0.1388
1253,235,1488,0.1388
1240,236,1476,0.1388
1239,236,1475,0.1388
1250,245,1495,0.1388
1260,243,1503,0.1388
1275,245,1520,0.1388
1266,253,1519,0.1388
1254,258,1512,0.1388
1239,258,1497,0.1388
1242,256,1498,0.1388
1240,255,1495,0.1388
1255,253,1508,0.1388
1252,253,1505,0.1388
1244,255,1499,0.1388
1236,256,1492,0.1388
1235,258,1493,0.1388
1241,259,1500,0.1388
1240,260,1500,0.1388
1241,255,1496,0.1388
1232,259,1491,0.1388
1235,256,1491,0.1388
1238,253,1491,0.1388
1231,252,1483,0.1388
1228,261,1489,0.1388
1230,261,1491,0.1388
1236,262,1498,0.1388
1240,268,1508,0.1388
1238,269,1507,0.1388
1229,271,1500,0.1388
1231,273,1504,0.1388
1209,274,1483,0.1388
1218,266,1484,0.1388
1211,270,1481,0.1388
1232,273,1505,0.1388
1222,280,1502,0.1388
1223,275,1498,0.1388
1225,277,1502,0.1388
1229,278,1507,0.1388
1211,277,1488,0.1388
1201,275,1476,0.1388
1206,274,1480,0.1388
1205,280,1485,0.1388
1199,285,1484,0.1388
1199,285,1484,0.1388
1208,288,1496,0.1388
1202,287,1489,0.1388
1198,287,1485,0.1388
1195,288,1483,0.1388
1176,284,1460,0.1388
1195,285,1480,0.1388
1199,292,1491,0.1388
1194,298,1492,0.1388
1200,298,1498,0.1388
1209,297,1506,0.1388
1203,297,1500,0.1388
1206,291,1497,0.1388
1209,288,1497,0.1388
1200,298,1498,0.1388
1211,302,1513,0.1388
1201,294,1495,0.1388
1201,297,1498,0.1388
1207,298,1505,0.1388
1197,299,1496,0.1388
1193,297,1490,0.1388
1186,295,1481,0.1388
1190,295,1485,0.1388
1195,304,1499,0.1388
1183,303,1486,0.1388
1189,306,1495,0.1388
1202,301,1503,0.1388
1206,303,1509,0.1388
1190,303,1493,0.1388
1184,310,1494,0.1388
1186,313,1499,0.1388
1197,316,1513,0.1388
1181,317,1498,0.1388
1185,317,1502,0.1388
1180,313,1493,0.1388
1176,310,1486,0.1388
1178,308,1486,0.1388
1179,309,1488,0.1388
1181,313,1494,0.1388
1191,311,1502,0.1388
1182,316,1498,0.1388
1193,312,1505,0.1388
1181,311,1492,0.1388
1185,316,1501,0.1388
1199,321,1520,0.1388
1194,315,1509,0.1388
1185,313,1498,0.1388
1185,310,1495,0.1388
1188,313,1501,0.1388
1183,322,1505,0.1388
1165,322,1487,0.1388
1168,327,1495,0.1388
1163,323,1486,0.1388
1172,328,1500,0.1388
1159,329,1488,0.1388
1165,331,1496,0.1388
1173,335,1508,0.1388
1172,335,1507,0.1388
1173,329,1502,0.1388
1171,337,1508,0.1388
1166,339,1505,0.1388
1160,338,1498,0.1388
1168,334,1502,0.1388
1159,331,1490,0.1388
1156,332,1488,0.1388
1162,343,1505,0.1388
1155,345,1500,0.1388
1151,352,1503,0.1388
1144,357,1501,0.1388
1141,364,1505,0.1388
1148,359,1507,0.1388
1156,357,1513,0.1388
1142,354,1496,0.1388
1135,360,1495,0.1388
1137,359,1496,0.1388
1134,355,1489,0.1388
1144,357,1501,0.1388
1139,362,1501,0.1388
1142,363,1505,0.1388
1142,363,1505,0.1388
1131,367,1498,0.1388
1125,363,1488,0.1388
1127,371,1498,0.1388
1127,370,1497,0.1388
1137,370,1507,0.1388
1133,368,1501,0.1388
1138,364,1502,0.1388
1128,367,1495,0.1388
1135,372,1507,0.1388
1123,372,1495,0.1388
1120,372,1492,0.1388
1124,367,1491,0.1388
1118,375,1493,0.1388
1114,385,1499,0.1388
1114,384,1498,0.1388
1124,388,1512,0.1388
1123,396,1519,0.1388
1115,400,1515,0.1388
1114,394,1508,0.1388
1112,393,1505,0.1388
1115,387,1502,0.1388
1099,390,1489,0.1388
1104,388,1492,0.1388
1110,383,1493,0.1388
1118,386,1504,0.1388
1121,390,1511,0.1388
1131,391,1522,0.1388
1129,396,1525,0.1388
1125,396,1521,0.1388
1123,395,1518,0.1388
1132,391,1523,0.1388
1127,390,1517,0.1388
1126,385,1511,0.1388
1121,390,1511,0.1388
1112,384,1496,0.1388
1109,392,1501,0.1388
1098,390,1488,0.1388
1090,394,1484,0.1388
1086,397,1483,0.1388
1089,393,1482,0.1388
1090,397,1487,0.1388
1088,394,1482,0.1388
1080,393,1473,0.1388
1077,398,1475,0.1388
1088,403,1491,0.1388
1097,405,1502,0.1388
1088,415,1503,0.1388
1082,420,1502,0.1388
1093,417,1510,0.1388
1084,423,1507,0.1388
1081,418,1499,0.1388
1082,418,1500,0.1388
1084,420,1504,0.1388
1080,417,1497,0.1388
1085,415,1500,0.1388
1095,417,1512,0.1388
1097,410,1507,0.1388
1092,412,1504,0.1388
1090,413,1503,0.1388
1093,411,1504,0.1388
1087,413,1500,0.1388
1080,416,1496,0.1388
1088,424,1512,0.1388
1082,428,1510,0.1388
1089,432,1521,0.1388
1085,426,1511,0.1388
1080,433,1513,0.1388
1079,429,1508,0.1388
1074,425,1499,0.1388
1074,431,1505,0.1388
1074,442,1516,0.1388
1065,441,1506,0.1388
1067,441,1508,0.1388
1068,441,1509,0.1388
1065,438,1503,0.1388
1070,441,1511,0.1388
1070,432,1502,0.1388
1070,441,1511,0.1388
1070,439,1509,0.1388
1067,444,1511,0.1388
1070,447,1517,0.1388
1064,447,1511,0.1388
1063,455,1518,0.1388
1056,457,1513,0.1388
1051,458,1509,0.1388
1047,461,1508,0.1388
1048,465,1513,0.1388
1042,462,1504,0.1388
1044,463,1507,0.1388
1028,470,1498,0.1388
1024,470,1494,0.1388
1023,469,1492,0.1388
1025,470,1495,0.1388
1032,471,1503,0.1388
1036,467,1503,0.1388
1030,473,1503,0.1388
1027,473,1500,0.1388
1026,473,1499,0.1388
1008,471,1479,0.1388
1006,478,1484,0.1388
1008,474,1482,0.1388
1013,482,1495,0.1388
1009,483,1492,0.1388
1003,485,1488,0.1388
1004,486,1490,0.1388
1008,484,1492,0.1388
1000,484,1484,0.1388
1006,484,1490,0.1388
1007,492,1499,0.1388
1003,496,1499,0.1388
998,497,1495,0.1388
990,498,1488,0.1388
994,503,1497,0.1388
993,504,1497,0.1388
994,502,1496,0.1388
1000,504,1504,0.1388
996,505,1501,0.1388
996,504,1500,0.1388
985,507,1492,0.1388
985,510,1495,0.1388
992,508,1500,0.1388
988,502,1490,0.1388
985,499,1484,0.1388
986,506,1492,0.1388
999,507,1506,0.1388
998,510,1508,0.1388
994,518,1512,0.1388
989,521,1510,0.1388
991,516,1507,0.1388
996,510,1506,0.1388
991,514,1505,0.1388
984,521,1505,0.1388
978,524,1502,0.1388
986,523,1509,0.1388
985,514,1499,0.1388
986,517,1503,0.1388
972,516,1488,0.1388
977,512,1489,0.1388
982,515,1497,0.1388
976,507,1483,0.1388
973,513,1486,0.1388
978,514,1492,0.1388
975,519,1494,0.1388
970,517,1487,0.1388
961,522,1483,0.1388
962,515,1477,0.1388
953,516,1469,0.1388
949,520,1469,0.1388
962,531,1493,0.1388
954,530,1484,0.1388
945,534,1479,0.1388
950,537,1487,0.1388
939,535,1474,0.1388
952,542,1494,0.1388
946,549,1495,0.1388
953,553,1506,0.1388
955,549,1504,0.1388
955,545,1500,0.1388
960,551,1511,0.1388
953,550,1503,0.1388
948,546,1494,0.1388
950,553,1503,0.1388
962,550,1512,0.1388
967,550,1517,0.1388
959,552,1511,0.1388
951,552,1503,0.1388
954,552,1506,0.1388
945,549,1494,0.1388
949,551,1500,0.1388
944,557,1501,0.1388
943,550,1493,0.1388
937,554,1491,0.1388
940,557,1497,0.1388
939,562,1501,0.1388
953,568,1521,0.1388
945,565,1510,0.1388
943,558,1501,0.1388
935,556,1491,0.1388
938,559,1497,0.1388
947,564,1511,0.1388
947,566,1513,0.1388
953,566,1519,0.1388
944,564,1508,0.1388
945,563,1508,0.1388
948,566,1514,0.1388
941,567,1508,0.1388
935,565,1500,0.1388
934,573,1507,0.1388
934,580,1514,0.1388
926,590,1516,0.1388
928,591,1519,0.1388
928,600,1528,0.1388
924,594,1518,0.1388
926,598,1524,0.1388
926,599,1525,0.1388
925,599,1524,0.1388
931,594,1525,0.1388
916,594,1510,0.1388
900,599,1499,0.1388
898,604,1502,0.1388
891,609,1500,0.1388
900,597,1497,0.1388
893,588,1481,0.1388
898,589,1487,0.1388
908,585,1493,0.1388
916,583,1499,0.1388
909,594,1503,0.1388
904,596,1500,0.1388
907,597,1504,0.1388
900,603,1503,0.1388
895,602,1497,0.1388
896,608,1504,0.1388
887,614,1501,0.1388
893,617,1510,0.1388
891,615,1506,0.1388
890,620,1510,0.1388
880,618,1498,0.1388
884,624,1508,0.1388
888,633,1521,0.1388
876,631,1507,0.1388
875,625,1500,0.1388
874,627,1501,0.1388
886,620,1506,0.1388
886,627,1513,0.1388
880,624,1504,0.1388
877,627,1504,0.1388
872,625,1497,0.1388
866,624,1490,0.1388
856,630,1486,0.1388
874,627,1501,0.1388
871,629,1500,0.1388
865,638,1503,0.1388
861,636,1497,0.1388
855,641,1496,0.1388
862,649,1511,0.1388
862,660,1522,0.1388
870,652,1522,0.1388
875,653,1528,0.1388
870,654,1524,0.1388
853,653,1506,0.1388
851,652,1503,0.1388
844,648,1492,0.1388
833,647,1480,0.1388
839,654,1493,0.1388
838,663,1501,0.1388
840,668,1508,0.1388
842,667,1509,0.1388
843,664,1507,0.1388
838,656,1494,0.1388
843,657,1500,0.1388
835,664,1499,0.1388
834,678,1512,0.1388
829,669,1498,0.1388
824,672,1496,0.1388
826,669,1495,0.1388
829,676,1505,0.1388
838,671,1509,0.1388
831,675,1506,0.1388
831,684,1515,0.1388
831,679,1510,0.1388
842,683,1525,0.1388
828,688,1516,0.1388
829,681,1510,0.1388
830,684,1514,0.1388
828,679,1507,0.1388
826,688,1514,0.1388
836,691,1527,0.1388
827,681,1508,0.1388
818,684,1502,0.1388
815,691,1506,0.1388
812,694,1506,0.1388
809,685,1494,0.1388
813,687,1500,0.1388
797,692,1489,0.1388
799,682,1481,0.1388
799,683,1482,0.1388
797,688,1485,0.1388
797,697,1494,0.1388
807,696,1503,0.1388
796,690,1486,0.1388
808,695,1503,0.1388
807,694,1501,0.1388
813,697,1510,0.1388
808,700,1508,0.1388
808,709,1517,0.1388
804,710,1514,0.1388
797,698,1495,0.1388
803,702,1505,0.1388
803,701,1504,0.1388
801,710,1511,0.1388
798,719,1517,0.1388
793,723,1516,0.1388
792,731,1523,0.1388
792,733,1525,0.1388
787,729,1516,0.1388
787,726,1513,0.1388
786,731,1517,0.1388
774,726,1500,0.1388
770,729,1499,0.1388
772,734,1506,0.1388
769,738,1507,0.1388
773,735,1508,0.1388
774,729,1503,0.1388
777,737,1514,0.1388
781,733,1514,0.1388
781,731,1512,0.1388
788,732,1520,0.1388
787,732,1519,0.1388
784,727,1511,0.1388
781,725,1506,0.1388
774,714,1488,0.1388
771,714,1485,0.1388
764,720,1484,0.1388
772,725,1497,0.1388
769,726,1495,0.1388
765,732,1497,0.1388
774,738,1512,0.1388
777,736,1513,0.1388
770,739,1509,0.1388
775,729,1504,0.1388
777,735,1512,0.1388
777,740,1517,0.1388
773,739,1512,0.1388
770,740,1510,0.1388
766,743,1509,0.1388
768,739,1507,0.1388
755,747,1502,0.1388
752,747,1499,0.1388
749,748,1497,0.1388
748,745,1493,0.1388
748,751,1499,0.1388
751,740,1491,0.1388
745,741,1486,0.1388
740,753,1493,0.1388
737,744,1481,0.1388
740,747,1487,0.1388
743,757,1500,0.1388
733,765,1498,0.1388
725,768,1493,0.1388
734,768,1502,0.1388
730,768,1498,0.1388
734,764,1498,0.1388
733,771,1504,0.1388
735,772,1507,0.1388
733,770,1503,0.1388
729,772,1501,0.1388
734,782,1516,0.1388
737,781,1518,0.1388
738,774,1512,0.1388
732,786,1518,0.1388
724,769,1493,0.1388
725,774,1499,0.1388
726,773,1499,0.1388
725,774,1499,0.1388
730,784,1514,0.1388
731,788,1519,0.1388
726,787,1513,0.1388
720,786,1506,0.1388
725,786,1511,0.1388
728,783,1511,0.1388
729,787,1516,0.1388
734,774,1508,0.1388
737,782,1519,0.1388
747,779,1526,0.1388
742,778,1520,0.1388
740,774,1514,0.1388
733,769,1502,0.1388
735,769,1504,0.1388
738,768,1506,0.1388
738,766,1504,0.1388
730,776,1506,0.1388
731,783,1514,0.1388
729,785,1514,0.1388
733,780,1513,0.1388
730,782,1512,0.1388
725,784,1509,0.1388
723,795,1518,0.1388
715,793,1508,0.1388
712,793,1505,0.1388
717,792,1509,0.1388
728,787,1515,0.1388
717,800,1517,0.1388
714,796,1510,0.1388
712,794,1506,0.1388
708,797,1505,0.1388
708,793,1501,0.1388
707,794,1501,0.1388
714,789,1503,0.1388
705,798,1503,0.1388
700,810,1510,0.1388
695,807,1502,0.1388
701,795,1496,0.1388
692,796,1488,0.1388
700,792,1492,0.1388
710,806,1516,0.1388
706,812,1518,0.1388
700,806,1506,0.1388
702,800,1502,0.1388
699,812,1511,0.1388
698,808,1506,0.1388
691,807,1498,0.1388
689,809,1498,0.1388
681,803,1484,0.1388
694,805,1499,0.1388
695,807,1502,0.1388
697,812,1509,0.1388
697,819,1516,0.1388
696,819,1515,0.1388
685,816,1501,0.1388
682,826,1508,0.1388
681,817,1498,0.1388
695,821,1516,0.1388
695,824,1519,0.1388
692,818,1510,0.1388
688,828,1516,0.1388
682,827,1509,0.1388
673,819,1492,0.1388
675,827,1502,0.1388
681,842,1523,0.1388
681,840,1521,0.1388
678,831,1509,0.1388
674,835,1509,0.1388
671,844,1515,0.1388
667,846,1513,0.1388
662,840,1502,0.1388
660,836,1496,0.1388
647,844,1491,0.1388
645,858,1503,0.1388
637,861,1498,0.1388
648,858,1506,0.1388
651,861,1512,0.1388
655,862,1517,0.1388
646,866,1512,0.1388
643,857,1500,0.1388
641,854,1495,0.1388
640,872,1512,0.1388
641,865,1506,0.1388
631,870,1501,0.1388
627,874,1501,0.1388
631,876,1507,0.1388
634,873,1507,0.1388
625,875,1500,0.1388
630,879,1509,0.1388
631,875,1506,0.1388
630,870,1500,0.1388
636,863,1499,0.1388
628,862,1490,0.1388
628,857,1485,0.1388
626,875,1501,0.1388
628,870,1498,0.1388
622,866,1488,0.1388
625,868,1493,0.1388
630,865,1495,0.1388
623,872,1495,0.1388
634,879,1513,0.1388
630,862,1492,0.1388
628,864,1492,0.1388
630,869,1499,0.1388
632,875,1507,0.1388
623,882,1505,0.1388
621,885,1506,0.1388
620,889,1509,0.1388
611,884,1495,0.1388
614,887,1501,0.1388
613,887,1500,0.1388
603,876,1479,0.1388
605,882,1487,0.1388
597,874,1471,0.1388
598,873,1471,0.1388
605,875,1480,0.1388
609,887,1496,0.1388
616,893,1509,0.1388
611,898,1509,0.1388
616,893,1509,0.1388
612,886,1498,0.1388
611,890,1501,0.1388
616,888,1504,0.1388
615,890,1505,0.1388
614,894,1508,0.1388
610,891,1501,0.1388
611,888,1499,0.1388
614,891,1505,0.1388
608,888,1496,0.1388
614,890,1504,0.1388
614,894,1508,0.1388
615,891,1506,0.1388
614,888,1502,0.1388
604,890,1494,0.1388
603,904,1507,0.1388
605,902,1507,0.1388
610,900,1510,0.1388
611,900,1511,0.1388
601,896,1497,0.1388
597,902,1499,0.1388
601,890,1491,0.1388
604,894,1498,0.1388
605,900,1505,0.1388
600,904,1504,0.1388
594,918,1512,0.1388
594,914,1508,0.1388
590,917,1507,0.1388
586,920,1506,0.1388
576,927,1503,0.1388
574,927,1501,0.1388
574,925,1499,0.1388
573,934,1507,0.1388
579,923,1502,0.1388
580,927,1507,0.1388
580,927,1507,0.1388
579,927,1506,0.1388
588,925,1513,0.1388
586,932,1518,0.1388
588,930,1518,0.1388
587,929,1516,0.1388
589,933,1522,0.1388
580,939,1519,0.1388
578,952,1530,0.1388
579,950,1529,0.1388
569,954,1523,0.1388
552,960,1512,0.1388
549,959,1508,0.1388
550,947,1497,0.1388
558,946,1504,0.1388
558,944,1502,0.1388
554,952,1506,0.1388
557,943,1500,0.1388
560,949,1509,0.1388
568,932,1500,0.1388
561,938,1499,0.1388
564,937,1501,0.1388
564,938,1502,0.1388
566,950,1516,0.1388
573,956,1529,0.1388
571,955,1526,0.1388
568,944,1512,0.1388
572,934,1506,0.1388
577,935,1512,0.1388
575,930,1505,0.1388
573,941,1514,0.1388
571,939,1510,0.1388
574,932,1506,0.1388
568,943,1511,0.1388
555,941,1496,0.1388
546,946,1492,0.1388
551,940,1491,0.1388
551,952,1503,0.1388
551,949,1500,0.1388
542,957,1499,0.1388
543,962,1505,0.1388
538,959,1497,0.1388
533,973,1506,0.1388
535,973,1508,0.1388
534,967,1501,0.1388
533,974,1507,0.1388
535,974,1509,0.1388
527,976,1503,0.1388
528,971,1499,0.1388
524,980,1504,0.1388
520,982,1502,0.1388
532,984,1516,0.1388
527,986,1513,0.1388
533,989,1522,0.1388
529,979,1508,0.1388
534,980,1514,0.1388
533,974,1507,0.1388
528,975,1503,0.1388
528,969,1497,0.1388
536,976,1512,0.1388
534,970,1504,0.1388
537,965,1502,0.1388
544,960,1504,0.1388
546,961,1507,0.1388
541,961,1502,0.1388
541,970,1511,0.1388
536,966,1502,0.1388
539,965,1504,0.1388
539,963,1502,0.1388
534,962,1496,0.1388
546,972,1518,0.1388
545,977,1522,0.1388
542,973,1515,0.1388
543,970,1513,0.1388
539,961,1500,0.1388
544,962,1506,0.1388
540,962,1502,0.1388
541,967,1508,0.1388
547,977,1524,0.1388
543,974,1517,0.1388
544,981,1525,0.1388
543,966,1509,0.1388
546,968,1514,0.1388
548,967,1515,0.1388
539,962,1501,0.1388
536,961,1497,0.1388
542,964,1506,0.1388
550,971,1521,0.1388
549,975,1524,0.1388
544,972,1516,0.1388
547,965,1512,0.1388
552,965,1517,0.1388
550,968,1518,0.1388
545,972,1517,0.1388
549,960,1509,0.1388
555,955,1510,0.1388
551,942,1493,0.1388
552,951,1503,0.1388
553,945,1498,0.1388
556,955,1511,0.1388
548,959,1507,0.1388
549,959,1508,0.1388
548,959,1507,0.1388
549,945,1494,0.1388
534,956,1490,0.1388
538,966,1504,0.1388
535,964,1499,0.1388
533,969,1502,0.1388
535,977,1512,0.1388
534,978,1512,0.1388
536,971,1507,0.1388
536,985,1521,0.1388
532,977,1509,0.1388
542,976,1518,0.1388
545,983,1528,0.1388
535,984,1519,0.1388
529,982,1511,0.1388
541,972,1513,0.1388
542,980,1522,0.1388
532,977,1509,0.1388
526,975,1501,0.1388
524,985,1509,0.1388
512,991,1503,0.1388
516,1001,1517,0.1388
514,992,1506,0.1388
509,998,1507,0.1388
507,1000,1507,0.1388
504,999,1503,0.1388
510,999,1509,0.1388
501,995,1496,0.1388
502,1015,1517,0.1388
500,1005,1505,0.1388
501,1016,1517,0.1388
506,1001,1507,0.1388
508,998,1506,0.1388
515,999,1514,0.1388
501,1000,1501,0.1388
506,1001,1507,0.1388
502,1009,1511,0.1388
499,1023,1522,0.1388
498,1015,1513,0.1388
505,1016,1521,0.1388
504,1002,1506,0.1388
506,1000,1506,0.1388
509,1006,1515,0.1388
506,1009,1515,0.1388
508,1012,1520,0.1388
507,1019,1526,0.1388
507,1015,1522,0.1388
512,999,1511,0.1388
498,999,1497,0.1388
506,1002,1508,0.1388
497,998,1495,0.1388
495,1001,1496,0.1388
489,1010,1499,0.1388
492,1012,1504,0.1388
495,1018,1513,0.1388
492,1018,1510,0.1388
494,1014,1508,0.1388
491,1016,1507,0.1388
484,1018,1502,0.1388
485,1024,1509,0.1388
480,1027,1507,0.1388
484,1018,1502,0.1388
488,1037,1525,0.1388
489,1038,1527,0.1388
488,1034,1522,0.1388
484,1029,1513,0.1388
482,1033,1515,0.1388
472,1027,1499,0.1388
475,1024,1499,0.1388
467,1023,1490,0.1388
471,1030,1501,0.1388
471,1037,1508,0.1388
465,1046,1511,0.1388
465,1042,1507,0.1388
459,1048,1507,0.1388
462,1043,1505,0.1388
461,1049,1510,0.1388
455,1054,1509,0.1388
457,1038,1495,0.1388
457,1051,1508,0.1388
461,1062,1523,0.1388
461,1067,1528,0.1388
456,1068,1524,0.1388
449,1073,1522,0.1388
445,1069,1514,0.1388
441,1077,1518,0.1388
433,1067,1500,0.1388
427,1064,1491,0.1388
437,1065,1502,0.1388
432,1076,1508,0.1388
430,1087,1517,0.1388
423,1102,1525,0.1388
413,1096,1509,0.1388
419,1101,1520,0.1388
418,1100,1518,0.1388
419,1092,1511,0.1388
416,1096,1512,0.1388
419,1102,1521,0.1388
420,1091,1511,0.1388
421,1105,1526,0.1388
422,1093,1515,0.1388
422,1087,1509,0.1388
420,1085,1505,0.1388
421,1084,1505,0.1388
423,1086,1509,0.1388
419,1095,1514,0.1388
413,1090,1503,0.1388
418,1095,1513,0.1388
416,1095,1511,0.1388
414,1091,1505,0.1388
412,1096,1508,0.1388
416,1096,1512,0.1388
417,1104,1521,0.1388
420,1104,1524,0.1388
417,1094,1511,0.1388
414,1089,1503,0.1388
414,1087,1501,0.1388
411,1091,1502,0.1388
406,1098,1504,0.1388
412,1090,1502,0.1388
407,1095,1502,0.1388
406,1095,1501,0.1388
408,1090,1498,0.1388
408,1094,1502,0.1388
402,1102,1504,0.1388
408,1099,1507,0.1388
408,1112,1520,0.1388
396,1121,1517,0.1388
399,1118,1517,0.1388
391,1115,1506,0.1388
397,1126,1523,0.1388
399,1125,1524,0.1388
398,1111,1509,0.1388
404,1115,1519,0.1388
402,1124,1526,0.1388
400,1120,1520,0.1388
389,1125,1514,0.1388
386,1127,1513,0.1388
383,1126,1509,0.1388
389,1123,1512,0.1388
390,1122,1512,0.1388
393,1128,1521,0.1388
385,1121,1506,0.1388
390,1116,1506,0.1388
386,1129,1515,0.1388
395,1130,1525,0.1388
398,1126,1524,0.1388
394,1130,1524,0.1388
393,1123,1516,0.1388
400,1116,1516,0.1388
405,1118,1523,0.1388
404,1114,1518,0.1388
403,1108,1511,0.1388
399,1102,1501,0.1388
401,1110,1511,0.1388
391,1112,1503,0.1388
391,1120,1511,0.1388
391,1119,1510,0.1388
396,1117,1513,0.1388
397,1126,1523,0.1388
389,1121,1510,0.1388
390,1116,1506,0.1388
392,1121,1513,0.1388
392,1128,1520,0.1388
388,1123,1511,0.1388
388,1117,1505,0.1388
389,1126,1515,0.1388
379,1119,1498,0.1388
374,1134,1508,0.1388
369,1129,1498,0.1388
372,1141,1513,0.1388
373,1141,1514,0.1388
367,1141,1508,0.1388
362,1131,1493,0.1388
361,1144,1505,0.1388
363,1141,1504,0.1388
372,1142,1514,0.1388
361,1131,1492,0.1388
367,1133,1500,0.1388
366,1138,1504,0.1388
365,1138,1503,0.1388
364,1148,1512,0.1388
357,1155,1512,0.1388
355,1162,1517,0.1388
359,1150,1509,0.1388
357,1153,1510,0.1388
363,1155,1518,0.1388
358,1150,1508,0.1388
364,1157,1521,0.1388
358,1152,1510,0.1388
358,1154,1512,0.1388
350,1159,1509,0.1388
346,1164,1510,0.1388
344,1173,1517,0.1388
347,1157,1504,0.1388
350,1162,1512,0.1388
351,1172,1523,0.1388
349,1181,1530,0.1388
346,1175,1521,0.1388
350,1169,1519,0.1388
350,1165,1515,0.1388
348,1166,1514,0.1388
351,1163,1514,0.1388
345,1163,1508,0.1388
344,1171,1515,0.1388
345,1170,1515,0.1388
345,1174,1519,0.1388
344,1183,1527,0.1388
344,1179,1523,0.1388
340,1177,1517,0.1388
342,1168,1510,0.1388
344,1170,1514,0.1388
348,1165,1513,0.1388
345,1158,1503,0.1388
338,1166,1504,0.1388
337,1158,1495,0.1388
336,1164,1500,0.1388
341,1162,1503,0.1388
335,1160,1495,0.1388
335,1166,1501,0.1388
335,1176,1511,0.1388
338,1182,1520,0.1388
333,1180,1513,0.1388
333,1187,1520,0.1388
336,1193,1529,0.1388
333,1172,1505,0.1388
331,1174,1505,0.1388
328,1178,1506,0.1388
328,1175,1503,0.1388
329,1192,1521,0.1388
319,1189,1508,0.1388
317,1190,1507,0.1388
317,1197,1514,0.1388
316,1189,1505,0.1388
308,1181,1489,0.1388
313,1183,1496,0.1388
310,1185,1495,0.1388
308,1195,1503,0.1388
306,1202,1508,0.1388
309,1193,1502,0.1388
306,1193,1499,0.1388
310,1203,1513,0.1388
314,1206,1520,0.1388
315,1198,1513,0.1388
314,1195,1509,0.1388
316,1184,1500,0.1388
313,1193,1506,0.1388
315,1197,1512,0.1388
312,1206,1518,0.1388
313,1202,1515,0.1388
315,1206,1521,0.1388
313,1198,1511,0.1388
303,1195,1498,0.1388
304,1192,1496,0.1388
308,1195,1503,0.1388
314,1203,1517,0.1388
312,1217,1529,0.1388
316,1198,1514,0.1388
316,1208,1524,0.1388
311,1218,1529,0.1388
309,1209,1518,0.1388
309,1219,1528,0.1388
304,1223,1527,0.1388
304,1223,1527,0.1388
300,1219,1519,0.1388
296,1222,1518,0.1388
291,1215,1506,0.1388
292,1219,1511,0.1388
299,1207,1506,0.1388
296,1223,1519,0.1388
298,1226,1524,0.1388
296,1224,1520,0.1388
295,1215,1510,0.1388
292,1222,1514,0.1388
293,1225,1518,0.1388
289,1222,1511,0.1388
291,1233,1524,0.1388
288,1234,1522,0.1388
284,1232,1516,0.1388
283,1225,1508,0.1388
289,1215,1504,0.1388
284,1213,1497,0.1388
286,1231,1517,0.1388
289,1227,1516,0.1388
287,1222,1509,0.1388
287,1214,1501,0.1388
290,1214,1504,0.1388
283,1223,1506,0.1388
286,1226,1512,0.1388
281,1230,1511,0.1388
280,1235,1515,0.1388
280,1243,1523,0.1388
289,1233,1522,0.1388
290,1232,1522,0.1388
285,1237,1522,0.1388
281,1237,1518,0.1388
277,1230,1507,0.1388
283,1239,1522,0.1388
281,1230,1511,0.1388
280,1224,1504,0.1388
279,1235,1514,0.1388
282,1234,1516,0.1388
281,1224,1505,0.1388
281,1233,1514,0.1388
279,1245,1524,0.1388
281,1240,1521,0.1388
277,1244,1521,0.1388
269,1244,1513,0.1388
273,1240,1513,0.1388
278,1235,1513,0.1388
275,1239,1514,0.1388
272,1230,1502,0.1388
271,1225,1496,0.1388
273,1239,1512,0.1388
268,1249,1517,0.1388
272,1248,1520,0.1388
272,1254,1526,0.1388
270,1247,1517,0.1388
267,1241,1508,0.1388
269,1251,1520,0.1388
273,1252,1525,0.1388
272,1256,1528,0.1388
264,1255,1519,0.1388
260,1251,1511,0.1388
264,1246,1510,0.1388
264,1248,1512,0.1388
273,1245,1518,0.1388
274,1238,1512,0.1388
269,1248,1517,0.1388
272,1247,1519,0.1388
274,1257,1531,0.1388
274,1246,1520,0.1388
274,1242,1516,0.1388
273,1248,1521,0.1388
271,1246,1517,0.1388
269,1240,1509,0.1388
266,1241,1507,0.1388
265,1266,1531,0.1388
263,1268,1531,0.1388
265,1261,1526,0.1388
261,1256,1517,0.1388
258,1244,1502,0.1388
253,1243,1496,0.1388
256,1257,1513,0.1388
252,1266,1518,0.1388
249,1258,1507,0.1388
254,1275,1529,0.1388
251,1269,1520,0.1388
246,1276,1522,0.1388
247,1271,1518,0.1388
242,1269,1511,0.1388
246,1261,1507,0.1388
246,1276,1522,0.1388
251,1286,1537,0.1388
244,1293,1537,0.1388
249,1285,1534,0.1388
246,1288,1534,0.1388
247,1288,1535,0.1388
250,1282,1532,0.1388
249,1281,1530,0.1388
235,1294,1529,0.1388
236,1288,1524,0.1388
238,1287,1525,0.1388
238,1270,1508,0.1388
238,1279,1517,0.1388
237,1285,1522,0.1388
239,1282,1521,0.1388
235,1279,1514,0.1388
230,1280,1510,0.1388
229,1277,1506,0.1388
231,1284,1515,0.1388
237,1277,1514,0.1388
228,1290,1518,0.1388
232,1281,1513,0.1388
236,1277,1513,0.1388
235,1278,1513,0.1388
233,1274,1507,0.1388
234,1277,1511,0.1388
236,1289,1525,0.1388
239,1294,1533,0.1388
238,1290,1528,0.1388
234,1284,1518,0.1388
235,1273,1508,0.1388
235,1272,1507,0.1388
235,1271,1506,0.1388
237,1267,1504,0.1388
232,1273,1505,0.1388
235,1284,1519,0.1388
235,1269,1504,0.1388
232,1274,1506,0.1388
238,1279,1517,0.1388
230,1285,1515,0.1388
230,1283,1513,0.1388
229,1277,1506,0.1388
230,1267,1497,0.1388
231,1278,1509,0.1388
228,1283,1511,0.1388
231,1272,1503,0.1388
230,1269,1499,0.1388
231,1271,1502,0.1388
237,1277,1514,0.1388
237,1280,1517,0.1388
239,1277,1516,0.1388
239,1268,1507,0.1388
243,1272,1515,0.1388
242,1274,1516,0.1388
240,1278,1518,0.1388
242,1273,1515,0.1388
243,1272,1515,0.1388
243,1283,1526,0.1388
243,1285,1528,0.1388
240,1281,1521,0.1388
242,1270,1512,0.1388
238,1273,1511,0.1388
235,1273,1508,0.1388
234,1266,1500,0.1388
240,1266,1506,0.1388
240,1253,1493,0.1388
238,1263,1501,0.1388
237,1269,1506,0.1388
234,1273,1507,0.1388
235,1279,1514,0.1388
234,1275,1509,0.1388
238,1292,1530,0.1388
240,1275,1515,0.1388
236,1266,1502,0.1388
233,1266,1499,0.1388
228,1269,1497,0.1388
226,1277,1503,0.1388
220,1274,1494,0.1388
223,1284,1507,0.1388
222,1279,1501,0.1388
220,1284,1504,0.1388
221,1261,1482,0.1388
221,1267,1488,0.1388
224,1272,1496,0.1388
229,1272,1501,0.1388
229,1263,1492,0.1388
231,1257,1488,0.1388
235,1261,1496,0.1388
233,1273,1506,0.1388
232,1278,1510,0.1388
234,1273,1507,0.1388
230,1278,1508,0.1388
227,1285,1512,0.1388
234,1286,1520,0.1388
235,1286,1521,0.1388
236,1292,1528,0.1388
236,1289,1525,0.1388
236,1282,1518,0.1388
234,1285,1519,0.1388
238,1283,1521,0.1388
237,1282,1519,0.1388
236,1279,1515,0.1388
237,1265,1502,0.1388
233,1277,1510,0.1388
239,1268,1507,0.1388
234,1281,1515,0.1388
233,1264,1497,0.1388
235,1275,1510,0.1388
231,1279,1510,0.1388
225,1303,1528,0.1388
223,1300,1523,0.1388
222,1286,1508,0.1388
226,1281,1507,0.1388
226,1271,1497,0.1388
225,1274,1499,0.1388
228,1281,1509,0.1388
226,1289,1515,0.1388
228,1281,1509,0.1388
229,1293,1522,0.1388
221,1299,1520,0.1388
222,1296,1518,0.1388
228,1287,1515,0.1388
225,1292,1517,0.1388
227,1292,1519,0.1388
223,1300,1523,0.1388
223,1298,1521,0.1388
231,1289,1520,0.1388
235,1286,1521,0.1388
230,1278,1508,0.1388
232,1291,1523,0.1388
228,1284,1512,0.1388
227,1294,1521,0.1388
228,1303,1531,0.1388
227,1299,1526,0.1388
227,1288,1515,0.1388
224,1280,1504,0.1388
223,1270,1493,0.1388
221,1275,1496,0.1388
221,1294,1515,0.1388
218,1299,1517,0.1388
216,1293,1509,0.1388
209,1309,1518,0.1388
207,1316,1523,0.1388
208,1308,1516,0.1388
203,1313,1516,0.1388
201,1307,1508,0.1388
204,1306,1510,0.1388
208,1308,1516,0.1388
207,1311,1518,0.1388
203,1299,1502,0.1388
207,1296,1503,0.1388
204,1296,1500,0.1388
204,1299,1503,0.1388
205,1307,1512,0.1388
201,1319,1520,0.1388
201,1323,1524,0.1388
200,1307,1507,0.1388
199,1300,1499,0.1388
198,1303,1501,0.1388
193,1316,1509,0.1388
189,1320,1509,0.1388
194,1331,1525,0.1388
200,1328,1528,0.1388
198,1323,1521,0.1388
198,1334,1532,0.1388
197,1334,1531,0.1388
197,1335,1532,0.1388
201,1312,1513,0.1388
198,1326,1524,0.1388
197,1310,1507,0.1388
198,1329,1527,0.1388
197,1328,1525,0.1388
191,1336,1527,0.1388
190,1323,1513,0.1388
193,1320,1513,0.1388
194,1306,1500,0.1388
195,1294,1489,0.1388
192,1302,1494,0.1388
192,1298,1490,0.1388
196,1303,1499,0.1388
199,1313,1512,0.1388
195,1315,1510,0.1388
196,1329,1525,0.1388
196,1321,1517,0.1388
192,1322,1514,0.1388
192,1315,1507,0.1388
190,1311,1501,0.1388
192,1305,1497,0.1388
195,1312,1507,0.1388
199,1330,1529,0.1388
197,1321,1518,0.1388
187,1317,1504,0.1388
186,1320,1506,0.1388
185,1318,1503,0.1388
187,1325,1512,0.1388
186,1322,1508,0.1388
189,1323,1512,0.1388
181,1338,1519,0.1388
187,1351,1538,0.1388
185,1344,1529,0.1388
187,1326,1513,0.1388
184,1331,1515,0.1388
187,1340,1527,0.1388
182,1347,1529,0.1388
183,1340,1523,0.1388
181,1340,1521,0.1388
183,1334,1517,0.1388
184,1339,1523,0.1388
177,1347,1524,0.1388
174,1345,1519,0.1388
174,1341,1515,0.1388
173,1333,1506,0.1388
174,1334,1508,0.1388
172,1341,1513,0.1388
172,1337,1509,0.1388
168,1336,1504,0.1388
168,1340,1508,0.1388
170,1323,1493,0.1388
172,1339,1511,0.1388
174,1330,1504,0.1388
174,1345,1519,0.1388
176,1346,1522,0.1388
173,1345,1518,0.1388
172,1346,1518,0.1388
170,1359,1529,0.1388
169,1353,1522,0.1388
168,1353,1521,0.1388
166,1361,1527,0.1388
163,1344,1507,0.1388
161,1352,1513,0.1388
164,1354,1518,0.1388
166,1352,1518,0.1388
161,1344,1505,0.1388
168,1347,1515,0.1388
166,1344,1510,0.1388
166,1345,1511,0.1388
160,1351,1511,0.1388
160,1347,1507,0.1388
162,1342,1504,0.1388
162,1339,1501,0.1388
161,1359,1520,0.1388
157,1351,1508,0.1388
158,1363,1521,0.1388
156,1358,1514,0.1388
158,1344,1502,0.1388
157,1339,1496,0.1388
154,1356,1510,0.1388
152,1368,1520,0.1388
147,1372,1519,0.1388
152,1374,1526,0.1388
152,1377,1529,0.1388
152,1377,1529,0.1388
150,1377,1527,0.1388
152,1374,1526,0.1388
149,1365,1514,0.1388
147,1365,1512,0.1388
144,1360,1504,0.1388
145,1369,1514,0.1388
145,1373,1518,0.1388
145,1382,1527,0.1388
143,1374,1517,0.1388
144,1379,1523,0.1388
145,1374,1519,0.1388
148,1371,1519,0.1388
147,1379,1526,0.1388
147,1361,1508,0.1388
146,1368,1514,0.1388
149,1364,1513,0.1388
151,1375,1526,0.1388
149,1364,1513,0.1388
151,1362,1513,0.1388
147,1371,1518,0.1388
147,1372,1519,0.1388
147,1360,1507,0.1388
148,1367,1515,0.1388
149,1371,1520,0.1388
146,1368,1514,0.1388
143,1373,1516,0.1388
146,1382,1528,0.1388
147,1391,1538,0.1388
145,1391,1536,0.1388
140,1386,1526,0.1388
136,1378,1514,0.1388
139,1373,1512,0.1388
140,1371,1511,0.1388
142,1367,1509,0.1388
138,1377,1515,0.1388
141,1373,1514,0.1388
138,1370,1508,0.1388
139,1377,1516,0.1388
137,1375,1512,0.1388
137,1377,1514,0.1388
136,1393,1529,0.1388
138,1395,1533,0.1388
135,1380,1515,0.1388
133,1375,1508,0.1388
135,1376,1511,0.1388
134,1377,1511,0.1388
130,1395,1525,0.1388
136,1384,1520,0.1388
132,1361,1493,0.1388
138,1371,1509,0.1388
134,1362,1496,0.1388
134,1376,1510,0.1388
132,1370,1502,0.1388
129,1376,1505,0.1388
132,1380,1512,0.1388
138,1372,1510,0.1388
141,1368,1509,0.1388
141,1371,1512,0.1388
143,1366,1509,0.1388
144,1362,1506,0.1388
144,1377,1521,0.1388
142,1380,1522,0.1388
142,1385,1527,0.1388
145,1378,1523,0.1388
143,1364,1507,0.1388
144,1362,1506,0.1388
144,1364,1508,0.1388
144,1365,1509,0.1388
147,1358,1505,0.1388
151,1369,1520,0.1388
147,1368,1515,0.1388
143,1370,1513,0.1388
146,1372,1518,0.1388
144,1374,1518,0.1388
142,1372,1514,0.1388
136,1357,1493,0.1388
140,1367,1507,0.1388
141,1360,1501,0.1388
141,1381,1522,0.1388
140,1379,1519,0.1388
142,1362,1504,0.1388
143,1380,1523,0.1388
142,1374,1516,0.1388
143,1369,1512,0.1388
141,1377,1518,0.1388
139,1375,1514,0.1388
142,1387,1529,0.1388
146,1386,1532,0.1388
145,1385,1530,0.1388
142,1379,1521,0.1388
143,1381,1524,0.1388
142,1362,1504,0.1388
140,1358,1498,0.1388
135,1367,1502,0.1388
136,1373,1509,0.1388
144,1379,1523,0.1388
141,1375,1516,0.1388
142,1374,1516,0.1388
139,1367,1506,0.1388
130,1349,1479,0.1388
133,1362,1495,0.1388
138,1365,1503,0.1388
143,1380,1523,0.1388
138,1382,1520,0.1388
138,1375,1513,0.1388
135,1374,1509,0.1388
136,1381,1517,0.1388
137,1384,1521,0.1388
137,1379,1516,0.1388
137,1359,1496,0.1388
136,1371,1507,0.1388
135,1374,1509,0.1388
133,1380,1513,0.1388
130,1379,1509,0.1388
124,1385,1509,0.1388
126,1381,1507,0.1388
130,1376,1506,0.1388
131,1389,1520,0.1388
128,1389,1517,0.1388
130,1383,1513,0.1388
125,1389,1514,0.1388
123,1380,1503,0.1388
124,1388,1512,0.1388
123,1386,1509,0.1388
124,1395,1519,0.1388
126,1392,1518,0.1388
125,1396,1521,0.1388
127,1405,1532,0.1388
123,1396,1519,0.1388
126,1386,1512,0.1388
125,1400,1525,0.1388
126,1408,1534,0.1388
126,1407,1533,0.1388
128,1399,1527,0.1388
128,1408,1536,0.1388
124,1392,1516,0.1388
126,1394,1520,0.1388
124,1396,1520,0.1388
126,1405,1531,0.1388
124,1404,1528,0.1388
122,1409,1531,0.1388
123,1398,1521,0.1388
124,1388,1512,0.1388
123,1381,1504,0.1388
122,1381,1503,0.1388
122,1376,1498,0.1388
127,1387,1514,0.1388
122,1387,1509,0.1388
122,1385,1507,0.1388
123,1391,1514,0.1388
123,1396,1519,0.1388
118,1388,1506,0.1388
120,1380,1500,0.1388
120,1392,1512,0.1388
123,1393,1516,0.1388
123,1401,1524,0.1388
121,1408,1529,0.1388
121,1404,1525,0.1388
124,1405,1529,0.1388
124,1403,1527,0.1388
126,1393,1519,0.1388
127,1396,1523,0.1388
125,1394,1519,0.1388
124,1393,1517,0.1388
125,1380,1505,0.1388
124,1390,1514,0.1388
120,1397,1517,0.1388
118,1391,1509,0.1388
121,1400,1521,0.1388
119,1392,1511,0.1388
115,1394,1509,0.1388
116,1382,1498,0.1388
118,1382,1500,0.1388
117,1388,1505,0.1388
115,1385,1500,0.1388
118,1391,1509,0.1388
117,1384,1501,0.1388
117,1401,1518,0.1388
112,1399,1511,0.1388
112,1396,1508,0.1388
112,1400,1512,0.1388
112,1399,1511,0.1388
114,1397,1511,0.1388
112,1402,1514,0.1388
112,1402,1514,0.1388
109,1414,1523,0.1388
105,1413,1518,0.1388
105,1406,1511,0.1388
102,1404,1506,0.1388
100,1414,1514,0.1388
98,1397,1495,0.1388
105,1394,1499,0.1388
106,1415,1521,0.1388
105,1407,1512,0.1388
106,1404,1510,0.1388
108,1421,1529,0.1388
106,1412,1518,0.1388
105,1410,1515,0.1388
109,1407,1516,0.1388
105,1413,1518,0.1388
104,1407,1511,0.1388
107,1412,1519,0.1388
107,1419,1526,0.1388
108,1419,1527,0.1388
109,1418,1527,0.1388
108,1417,1525,0.1388
104,1409,1513,0.1388
104,1408,1512,0.1388
105,1395,1500,0.1388
104,1416,1520,0.1388
104,1397,1501,0.1388
103,1409,1512,0.1388
104,1411,1515,0.1388
104,1414,1518,0.1388
106,1408,1514,0.1388
105,1419,1524,0.1388
107,1422,1529,0.1388
104,1425,1529,0.1388
102,1417,1519,0.1388
103,1421,1524,0.1388
100,1409,1509,0.1388
102,1401,1503,0.1388
102,1394,1496,0.1388
99,1404,1503,0.1388
99,1420,1519,0.1388
100,1419,1519,0.1388
100,1424,1524,0.1388
100,1414,1514,0.1388
100,1405,1505,0.1388
96,1424,1520,0.1388
95,1420,1515,0.1388
94,1426,1520,0.1388
95,1416,1511,0.1388
93,1420,1513,0.1388
98,1421,1519,0.1388
96,1426,1522,0.1388
95,1427,1522,0.1388
95,1422,1517,0.1388
95,1419,1514,0.1388
96,1431,1527,0.1388
99,1438,1537,0.1388
97,1427,1524,0.1388
95,1436,1531,0.1388
91,1414,1505,0.1388
99,1424,1523,0.1388
94,1434,1528,0.1388
92,1426,1518,0.1388
93,1418,1511,0.1388
92,1413,1505,0.1388
90,1409,1499,0.1388
89,1422,1511,0.1388
90,1421,1511,0.1388
93,1424,1517,0.1388
92,1422,1514,0.1388
89,1438,1527,0.1388
87,1430,1517,0.1388
81,1422,1503,0.1388
82,1415,1497,0.1388
79,1430,1509,0.1388
77,1451,1528,0.1388
77,1439,1516,0.1388
77,1435,1512,0.1388
80,1423,1503,0.1388
81,1447,1528,0.1388
81,1454,1535,0.1388
82,1446,1528,0.1388
81,1436,1517,0.1388
82,1430,1512,0.1388
79,1428,1507,0.1388
80,1427,1507,0.1388
81,1426,1507,0.1388
79,1426,1505,0.1388
78,1435,1513,0.1388
78,1448,1526,0.1388
79,1444,1523,0.1388
79,1436,1515,0.1388
79,1428,1507,0.1388
75,1431,1506,0.1388
76,1440,1516,0.1388
75,1444,1519,0.1388
76,1455,1531,0.1388
78,1455,1533,0.1388
76,1454,1530,0.1388
77,1448,1525,0.1388
75,1442,1517,0.1388
74,1444,1518,0.1388
73,1439,1512,0.1388
68,1438,1506,0.1388
68,1443,1511,0.1388
72,1440,1512,0.1388
71,1430,1501,0.1388
70,1439,1509,0.1388
69,1444,1513,0.1388
68,1446,1514,0.1388
67,1464,1531,0.1388
65,1461,1526,0.1388
63,1448,1511,0.1388
63,1436,1499,0.1388
65,1445,1510,0.1388
63,1445,1508,0.1388
59,1443,1502,0.1388
60,1452,1512,0.1388
62,1462,1524,0.1388
63,1459,1522,0.1388
67,1464,1531,0.1388
68,1466,1534,0.1388
69,1470,1539,0.1388
68,1461,1529,0.1388
66,1457,1523,0.1388
67,1456,1523,0.1388
64,1444,1508,0.1388
66,1444,1510,0.1388
65,1454,1519,0.1388
68,1452,1520,0.1388
68,1462,1530,0.1388
67,1468,1535,0.1388
68,1470,1538,0.1388
66,1453,1519,0.1388
65,1446,1511,0.1388
63,1447,1510,0.1388
64,1441,1505,0.1388
69,1421,1490,0.1388
67,1436,1503,0.1388
67,1441,1508,0.1388
67,1438,1505,0.1388
67,1436,1503,0.1388
65,1429,1494,0.1388
67,1434,1501,0.1388
69,1441,1510,0.1388
71,1442,1513,0.1388
71,1442,1513,0.1388
70,1450,1520,0.1388
67,1448,1515,0.1388
65,1459,1524,0.1388
66,1453,1519,0.1388
66,1442,1508,0.1388
65,1451,1516,0.1388
65,1447,1512,0.1388
66,1449,1515,0.1388
70,1443,1513,0.1388
71,1443,1514,0.1388
71,1456,1527,0.1388
72,1443,1515,0.1388
70,1437,1507,0.1388
67,1447,1514,0.1388
66,1448,1514,0.1388
65,1447,1512,0.1388
64,1450,1514,0.1388
63,1443,1506,0.1388
64,1434,1498,0.1388
64,1439,1503,0.1388
60,1445,1505,0.1388
60,1454,1514,0.1388
59,1463,1522,0.1388
56,1462,1518,0.1388
57,1455,1512,0.1388
57,1453,1510,0.1388
57,1458,1515,0.1388
59,1455,1514,0.1388
58,1454,1512,0.1388
55,1461,1516,0.1388
55,1445,1500,0.1388
56,1452,1508,0.1388
57,1452,1509,0.1388
55,1465,1520,0.1388
55,1474,1529,0.1388
54,1471,1525,0.1388
55,1456,1511,0.1388
55,1459,1514,0.1388
57,1451,1508,0.1388
57,1463,1520,0.1388
58,1457,1515,0.1388
57,1460,1517,0.1388
54,1458,1512,0.1388
51,1461,1512,0.1388
49,1467,1516,0.1388
50,1469,1519,0.1388
50,1479,1529,0.1388
47,1474,1521,0.1388
46,1472,1518,0.1388
47,1458,1505,0.1388
48,1454,1502,0.1388
48,1473,1521,0.1388
46,1476,1522,0.1388
47,1471,1518,0.1388
46,1490,1536,0.1388
45,1478,1523,0.1388
45,1482,1527,0.1388
45,1486,1531,0.1388
44,1490,1534,0.1388
41,1489,1530,0.1388
40,1478,1518,0.1388
39,1469,1508,0.1388
39,1469,1508,0.1388
38,1459,1497,0.1388
39,1473,1512,0.1388
39,1478,1517,0.1388
38,1484,1522,0.1388
38,1483,1521,0.1388
37,1476,1513,0.1388
37,1486,1523,0.1388
38,1484,1522,0.1388
36,1490,1526,0.1388
37,1487,1524,0.1388
37,1472,1509,0.1388
35,1474,1509,0.1388
34,1481,1515,0.1388
34,1489,1523,0.1388
32,1490,1522,0.1388
32,1489,1521,0.1388
32,1493,1525,0.1388
32,1480,1512,0.1388
32,1485,1517,0.1388
33,1481,1514,0.1388
34,1474,1508,0.1388
33,1479,1512,0.1388
33,1479,1512,0.1388
31,1480,1511,0.1388
29,1479,1508,0.1388
29,1476,1505,0.1388
28,1476,1504,0.1388
28,1475,1503,0.1388
32,1484,1516,0.1388
29,1475,1504,0.1388
26,1496,1522,0.1388
25,1501,1526,0.1388
23,1497,1520,0.1388
22,1487,1509,0.1388
22,1485,1507,0.1388
24,1482,1506,0.1388
22,1488,1510,0.1388
21,1480,1501,0.1388
22,1490,1512,0.1388
23,1493,1516,0.1388
24,1489,1513,0.1388
24,1497,1521,0.1388
25,1496,1521,0.1388
23,1494,1517,0.1388
23,1500,1523,0.1388
23,1506,1529,0.1388
23,1502,1525,0.1388
21,1522,1543,0.1388
20,1516,1536,0.1388
20,1502,1522,0.1388
19,1494,1513,0.1388
20,1486,1506,0.1388
21,1485,1506,0.1388
21,1484,1505,0.1388
21,1483,1504,0.1388
21,1487,1508,0.1388
20,1490,1510,0.1388
18,1496,1514,0.1388
17,1488,1505,0.1388
17,1485,1502,0.1388
17,1489,1506,0.1388
17,1495,1512,0.1388
16,1491,1507,0.1388
16,1503,1519,0.1388
16,1503,1519,0.1388
15,1517,1532,0.1388
15,1510,1525,0.1388
14,1513,1527,0.1388
14,1500,1514,0.1388
15,1508,1523,0.1388
15,1503,1518,0.1388
15,1512,1527,0.1388
15,1510,1525,0.1388
15,1510,1525,0.1388
15,1500,1515,0.1388
15,1490,1505,0.1388
15,1500,1515,0.1388
15,1504,1519,0.1388
15,1497,1512,0.1388
15,1500,1515,0.1388
16,1507,1523,0.1388
14,1510,1524,0.1388
14,1510,1524,0.1388
14,1500,1514,0.1388
13,1493,1506,0.1388
13,1491,1504,0.1388
14,1486,1500,0.1388
15,1483,1498,0.1388
15,1497,1512,0.1388
13,1516,1529,0.1388
12,1514,1526,0.1388
12,1497,1509,0.1388
11,1496,1507,0.1388
12,1511,1523,0.1388
11,1510,1521,0.1388
11,1508,1519,0.1388
11,1507,1518,0.1388
11,1514,1525,0.1388
10,1507,1517,0.1388
11,1501,1512,0.1388
11,1502,1513,0.1388
10,1511,1521,0.1388
10,1496,1506,0.1388
10,1489,1499,0.1388
10,1495,1505,0.1388
10,1498,1508,0.1388
11,1489,1500,0.1388
11,1507,1518,0.1388
11,1514,1525,0.1388
11,1506,1517,0.1388
13,1494,1507,0.1388
14,1504,1518,0.1388
13,1508,1521,0.1388
12,1505,1517,0.1388
10,1506,1516,0.1388
9,1504,1513,0.1388
9,1503,1512,0.1388
9,1523,1532,0.1388
9,1523,1532,0.1388
10,1525,1535,0.1388
10,1517,1527,0.1388
10,1513,1523,0.1388
10,1516,1526,0.1388
10,1523,1533,0.1388
9,1526,1535,0.1388
9,1511,1520,0.1388
9,1509,1518,0.1388
9,1515,1524,0.1388
9,1505,1514,0.1388
9,1513,1522,0.1388
10,1501,1511,0.1388
9,1509,1518,0.1388
7,1504,1511,0.1388
7,1515,1522,0.1388
7,1513,1520,0.1388
8,1523,1531,0.1388
8,1522,1530,0.1388
8,1512,1520,0.1388
8,1517,1525,0.1388
8,1511,1519,0.1388
8,1508,1516,0.1388
8,1507,1515,0.1388
9,1502,1511,0.1388
10,1510,1520,0.1388
11,1502,1513,0.1388
12,1499,1511,0.1388
13,1504,1517,0.1388
14,1494,1508,0.1388
15,1498,1513,0.1388
15,1500,1515,0.1388
15,1503,1518,0.1388
16,1491,1507,0.1388
15,1491,1506,0.1388
15,1492,1507,0.1388
14,1495,1509,0.1388
14,1490,1504,0.1388
15,1505,1520,0.1388
16,1512,1528,0.1388
16,1514,1530,0.1388
17,1501,1518,0.1388
17,1497,1514,0.1388
16,1503,1519,0.1388
14,1509,1523,0.1388
14,1509,1523,0.1388
14,1507,1521,0.1388
14,1494,1508,0.1388
13,1504,1517,0.1388
13,1503,1516,0.1388
15,1501,1516,0.1388
13,1485,1498,0.1388
13,1482,1495,0.1388
12,1482,1494,0.1388
12,1480,1492,0.1388
13,1487,1500,0.1388
12,1497,1509,0.1388
12,1492,1504,0.1388
12,1495,1507,0.1388
12,1499,1511,0.1388
12,1500,1512,0.1388
12,1499,1511,0.1388
13,1493,1506,0.1388
13,1487,1500,0.1388
14,1494,1508,0.1388
14,1493,1507,0.1388
14,1502,1516,0.1388
14,1491,1505,0.1388
13,1494,1507,0.1388
14,1494,1508,0.1388
14,1499,1513,0.1388
14,1503,1517,0.1388
14,1517,1531,0.1388
14,1515,1529,0.1388
14,1505,1519,0.1388
15,1513,1528,0.1388
15,1509,1524,0.1388
15,1503,1518,0.1388
15,1496,1511,0.1388
15,1494,1509,0.1388
15,1503,1518,0.1388
15,1491,1506,0.1388
14,1490,1504,0.1388
15,1488,1503,0.1388
15,1498,1513,0.1388
16,1505,1521,0.1388
16,1500,1516,0.1388
14,1497,1511,0.1388
14,1498,1512,0.1388
14,1500,1514,0.1388
14,1497,1511,0.1388
14,1490,1504,0.1388
14,1481,1495,0.1388
14,1496,1510,0.1388
14,1489,1503,0.1388
14,1494,1508,0.1388
12,1490,1502,0.1388
12,1490,1502,0.1388
11,1502,1513,0.1388
12,1493,1505,0.1388
11,1501,1512,0.1388
11,1494,1505,0.1388
11,1496,1507,0.1388
12,1494,1506,0.1388
12,1499,1511,0.1388
13,1499,1512,0.1388
14,1487,1501,0.1388
14,1480,1494,0.1388
14,1489,1503,0.1388
14,1481,1495,0.1388
14,1492,1506,0.1388
14,1496,1510,0.1388
12,1500,1512,0.1388
13,1510,1523,0.1388
13,1506,1519,0.1388
14,1503,1517,0.1388
13,1498,1511,0.1388
13,1505,1518,0.1388
14,1500,1514,0.1388
14,1503,1517,0.1388
14,1509,1523,0.1388
15,1504,1519,0.1388
15,1500,1515,0.1388
15,1497,1512,0.1388
16,1502,1518,0.1388
16,1511,1527,0.1388
15,1514,1529,0.1388
17,1508,1525,0.1388
16,1494,1510,0.1388
15,1498,1513,0.1388
16,1488,1504,0.1388
14,1496,1510,0.1388
14,1506,1520,0.1388
15,1497,1512,0.1388
15,1489,1504,0.1388
14,1505,1519,0.1388
14,1506,1520,0.1388
14,1508,1522,0.1388
14,1508,1522,0.1388
14,1492,1506,0.1388
13,1498,1511,0.1388
13,1490,1503,0.1388
13,1496,1509,0.1388
13,1501,1514,0.1388
14,1508,1522,0.1388
16,1512,1528,0.1388
17,1511,1528,0.1388
17,1515,1532,0.1388
16,1507,1523,0.1388
17,1491,1508,0.1388
17,1498,1515,0.1388
16,1492,1508,0.1388
17,1488,1505,0.1388
17,1503,1520,0.1388
17,1507,1524,0.1388
16,1514,1530,0.1388
18,1510,1528,0.1388
18,1500,1518,0.1388
18,1495,1513,0.1388
18,1502,1520,0.1388
18,1507,1525,0.1388
17,1516,1533,0.1388
16,1528,1544,0.1388
15,1519,1534,0.1388
15,1512,1527,0.1388
15,1503,1518,0.1388
15,1499,1514,0.1388
16,1495,1511,0.1388
15,1517,1532,0.1388
13,1504,1517,0.1388
13,1513,1526,0.1388
14,1501,1515,0.1388
12,1512,1524,0.1388
13,1506,1519,0.1388
14,1509,1523,0.1388
13,1500,1513,0.1388
12,1506,1518,0.1388
12,1507,1519,0.1388
14,1503,1517,0.1388
14,1504,1518,0.1388
16,1508,1524,0.1388
16,1507,1523,0.1388
15,1514,1529,0.1388
15,1502,1517,0.1388
15,1510,1525,0.1388
14,1512,1526,0.1388
13,1518,1531,0.1388
13,1519,1532,0.1388
13,1504,1517,0.1388
14,1504,1518,0.1388
14,1511,1525,0.1388
14,1513,1527,0.1388
14,1508,1522,0.1388
14,1516,1530,0.1388
14,1512,1526,0.1388
14,1505,1519,0.1388
14,1505,1519,0.1388
14,1508,1522,0.1388
13,1511,1524,0.1388
13,1504,1517,0.1388
13,1501,1514,0.1388
13,1515,1528,0.1388
13,1502,1515,0.1388
14,1511,1525,0.1388
13,1496,1509,0.1388
13,1502,1515,0.1388
13,1502,1515,0.1388
14,1505,1519,0.1388
15,1507,1522,0.1388
16,1506,1522,0.1388
15,1494,1509,0.1388
14,1498,1512,0.1388
14,1493,1507,0.1388
13,1498,1511,0.1388
13,1498,1511,0.1388
13,1498,1511,0.1388
13,1503,1516,0.1388
13,1504,1517,0.1388
13,1499,1512,0.1388
14,1504,1518,0.1388
14,1517,1531,0.1388
13,1520,1533,0.1388
13,1523,1536,0.1388
12,1515,1527,0.1388
11,1506,1517,0.1388
12,1504,1516,0.1388
12,1496,1508,0.1388
12,1497,1509,0.1388
12,1514,1526,0.1388
13,1491,1504,0.1388
13,1491,1504,0.1388
13,1500,1513,0.1388
12,1497,1509,0.1388
12,1501,1513,0.1388
13,1505,1518,0.1388
13,1500,1513,0.1388
14,1513,1527,0.1388
14,1521,1535,0.1388
15,1514,1529,0.1388
15,1513,1528,0.1388
15,1493,1508,0.1388
15,1505,1520,0.1388
15,1508,1523,0.1388
14,1520,1534,0.1388
14,1519,1533,0.1388
13,1529,1542,0.1388
12,1521,1533,0.1388
12,1519,1531,0.1388
12,1514,1526,0.1388
12,1505,1517,0.1388
12,1505,1517,0.1388
12,1507,1519,0.1388
11,1511,1522,0.1388
11,1511,1522,0.1388
11,1513,1524,0.1388
11,1516,1527,0.1388
11,1510,1521,0.1388
11,1494,1505,0.1388
10,1507,1517,0.1388
9,1513,1522,0.1388
10,1509,1519,0.1388
9,1512,1521,0.1388
8,1511,1519,0.1388
7,1519,1526,0.1388
7,1502,1509,0.1388
7,1498,1505,0.1388
7,1505,1512,0.1388
7,1500,1507,0.1388
8,1497,1505,0.1388
8,1497,1505,0.1388
7,1503,1510,0.1388
7,1511,1518,0.1388
7,1511,1518,0.1388
7,1521,1528,0.1388
7,1520,1527,0.1388
7,1517,1524,0.1388
7,1508,1515,0.1388
8,1513,1521,0.1388
7,1505,1512,0.1388
8,1505,1513,0.1388
8,1515,1523,0.1388
8,1516,1524,0.1388
8,1515,1523,0.1388
8,1518,1526,0.1388
8,1513,1521,0.1388
8,1515,1523,0.1388
8,1501,1509,0.1388
9,1512,1521,0.1388
9,1512,1521,0.1388
9,1503,1512,0.1388
10,1510,1520,0.1388
9,1513,1522,0.1388
9,1513,1522,0.1388
9,1528,1537,0.1388
8,1514,1522,0.1388
8,1520,1528,0.1388
9,1517,1526,0.1388
9,1511,1520,0.1388
9,1508,1517,0.1388
9,1507,1516,0.1388
9,1507,1516,0.1388
10,1502,1512,0.1388
9,1506,1515,0.1388
8,1513,1521,0.1388
9,1516,1525,0.1388
9,1506,1515,0.1388
9,1513,1522,0.1388
10,1499,1509,0.1388
10,1512,1522,0.1388
10,1514,1524,0.1388
10,1519,1529,0.1388
10,1511,1521,0.1388
10,1517,1527,0.1388
9,1519,1528,0.1388
9,1513,1522,0.1388
9,1515,1524,0.1388
9,1514,1523,0.1388
8,1504,1512,0.1388
9,1512,1521,0.1388
9,1509,1518,0.1388
8,1505,1513,0.1388
9,1515,1524,0.1388
9,1511,1520,0.1388
9,1491,1500,0.1388
9,1493,1502,0.1388
9,1505,1514,0.1388
10,1504,1514,0.1388
10,1505,1515,0.1388
11,1499,1510,0.1388
11,1508,1519,0.1388
11,1492,1503,0.1388
11,1485,1496,0.1388
11,1502,1513,0.1388
11,1504,1515,0.1388
11,1507,1518,0.1388
11,1494,1505,0.1388
11,1490,1501,0.1388
11,1507,1518,0.1388
11,1503,1514,0.1388
11,1506,1517,0.1388
10,1513,1523,0.1388
11,1513,1524,0.1388
11,1514,1525,0.1388
11,1506,1517,0.1388
10,1512,1522,0.1388
10,1505,1515,0.1388
10,1509,1519,0.1388
10,1507,1517,0.1388
10,1512,1522,0.1388
11,1500,1511,0.1388
11,1501,1512,0.1388
10,1491,1501,0.1388
10,1506,1516,0.1388
10,1501,1511,0.1388
9,1512,1521,0.1388
10,1510,1520,0.1388
10,1509,1519,0.1388
10,1510,1520,0.1388
10,1494,1504,0.1388
10,1498,1508,0.1388
10,1489,1499,0.1388
10,1505,1515,0.1388
10,1510,1520,0.1388
10,1504,1514,0.1388
9,1505,1514,0.1388
9,1486,1495,0.1388
9,1486,1495,0.1388
8,1492,1500,0.1388
9,1509,1518,0.1388
8,1496,1504,0.1388
9,1503,1512,0.1388
10,1499,1509,0.1388
10,1497,1507,0.1388
10,1498,1508,0.1388
10,1501,1511,0.1388
9,1507,1516,0.1388
9,1501,1510,0.1388
9,1502,1511,0.1388
8,1500,1508,0.1388
7,1509,1516,0.1388
8,1513,1521,0.1388
8,1524,1532,0.1388
9,1521,1530,0.1388
9,1519,1528,0.1388
9,1521,1530,0.1388
9,1506,1515,0.1388
9,1497,1506,0.1388
9,1513,1522,0.1388
8,1509,1517,0.1388
8,1508,1516,0.1388
8,1506,1514,0.1388
7,1503,1510,0.1388
7,1501,1508,0.1388
7,1505,1512,0.1388
7,1502,1509,0.1388
7,1509,1516,0.1388
7,1499,1506,0.1388
6,1502,1508,0.1388
6,1506,1512,0.1388
7,1500,1507,0.1388
6,1506,1512,0.1388
6,1511,1517,0.1388
7,1529,1536,0.1388
7,1521,1528,0.1388
7,1511,1518,0.1388
7,1507,1514,0.1388
7,1518,1525,0.1388
7,1520,1527,0.1388
6,1525,1531,0.1388
6,1507,1513,0.1388
6,1501,1507,0.1388
5,1513,1518,0.1388
5,1521,1526,0.1388
5,1525,1530,0.1388
5,1515,1520,0.1388
5,1513,1518,0.1388
5,1512,1517,0.1388
5,1510,1515,0.1388
5,1508,1513,0.1388
5,1509,1514,0.1388
4,1499,1503,0.1388
4,1506,1510,0.1388
4,1513,1517,0.1388
3,1519,1522,0.1388
2,1521,1523,0.1388
2,1519,1521,0.1388
3,1518,1521,0.1388
2,1527,1529,0.1388
2,1520,1522,0.1388
2,1520,1522,0.1388
2,1517,1519,0.1388
1,1524,1525,0.1388
1,1524,1525,0.1388
1,1518,1519,0.1388
1,1520,1521,0.1388
1,1508,1509,0.1388
1,1504,1505,0.1388
1,1498,1499,0.1388
1,1505,1506,0.1388
1,1522,1523,0.1388
1,1527,1528,0.1388
1,1518,1519,0.1388
1,1520,1521,0.1388
2,1527,1529,0.1388
2,1528,1530,0.1388
2,1526,1528,0.1388
2,1524,1526,0.1388
2,1515,1517,0.1388
2,1531,1533,0.1388
2,1526,1528,0.1388
2,1526,1528,0.1388
2,1510,1512,0.1388
3,1521,1524,0.1388
3,1527,1530,0.1388
3,1524,1527,0.1388
3,1522,1525,0.1388
3,1518,1521,0.1388
3,1512,1515,0.1388
3,1520,1523,0.1388
3,1511,1514,0.1388
2,1513,1515,0.1388
1,1523,1524,0.1388
1,1527,1528,0.1388
1,1537,1538,0.1388
1,1522,1523,0.1388
1,1532,1533,0.1388
1,1525,1526,0.1388
1,1525,1526,0.1388
1,1523,1524,0.1388
1,1523,1524,0.1388
1,1507,1508,0.1388
1,1510,1511,0.1388
1,1519,1520,0.1388
1,1520,1521,0.1388
0,1521,1521,0.1388
