1375,30,1405,0.1388
1405,30,1435,0.1388
1418,30,1448,0.1388
1433,30,1463,0.1388
1432,35,1467,0.1388
1440,34,1474,0.1388
1447,32,1479,0.1388
1462,33,1495,0.1388
1478,34,1512,0.1388
1460,34,1494,0.1388
1462,34,1496,0.1388
1471,34,1505,0.1388
1458,34,1492,0.1388
1453,33,1486,0.1388
1473,33,1506,0.1388
1456,32,1488,0.1388
1463,33,1496,0.1388
1459,33,1492,0.1388
1449,33,1482,0.1388
1450,35,1485,0.1388
1444,36,1480,0.1388
1460,38,1498,0.1388
1453,39,1492,0.1388
1461,39,1500,0.1388
1466,40,1506,0.1388
1472,40,1512,0.1388
1469,39,1508,0.1388
1468,39,1507,0.1388
1454,37,1491,0.1388
1466,38,1504,0.1388
1465,36,1501,0.1388
1455,37,1492,0.1388
1443,35,1478,0.1388
1445,36,1481,0.1388
1436,37,1473,0.1388
1438,36,1474,0.1388
1444,37,1481,0.1388
1451,36,1487,0.1388
1462,37,1499,0.1388
1450,37,1487,0.1388
1462,37,1499,0.1388
1465,40,1505,0.1388
1471,37,1508,0.1388
1463,37,1500,0.1388
1455,38,1493,0.1388
1464,38,1502,0.1388
1456,36,1492,0.1388
1455,38,1493,0.1388
1454,39,1493,0.1388
1454,40,1494,0.1388
1448,38,1486,0.1388
1462,41,1503,0.1388
1463,39,1502,0.1388
1471,40,1511,0.1388
1461,39,1500,0.1388
1449,36,1485,0.1388
1456,37,1493,0.1388
1464,37,1501,0.1388
1468,38,1506,0.1388
1468,37,1505,0.1388
1461,37,1498,0.1388
1463,39,1502,0.1388
1450,42,1492,0.1388
1447,43,1490,0.1388
1434,42,1476,0.1388
1428,41,1469,0.1388
1434,41,1475,0.1388
1440,41,1481,0.1388
1446,42,1488,0.1388
1461,41,1502,0.1388
1462,40,1502,0.1388
1449,36,1485,0.1388
1457,37,1494,0.1388
1474,38,1512,0.1388
1479,36,1515,0.1388
1465,35,1500,0.1388
1470,35,1505,0.1388
1455,35,1490,0.1388
1451,38,1489,0.1388
1460,39,1499,0.1388
1460,40,1500,0.1388
1471,40,1511,0.1388
1463,39,1502,0.1388
1448,38,1486,0.1388
1444,39,1483,0.1388
1440,38,1478,0.1388
1458,37,1495,0.1388
1457,37,1494,0.1388
1462,38,1500,0.1388
1455,39,1494,0.1388
1455,38,1493,0.1388
1447,38,1485,0.1388
1446,38,1484,0.1388
1466,39,1505,0.1388
1453,40,1493,0.1388
1460,37,1497,0.1388
1467,34,1501,0.1388
1477,37,1514,0.1388
1466,39,1505,0.1388
1455,40,1495,0.1388
1457,39,1496,0.1388
1465,37,1502,0.1388
1455,37,1492,0.1388
1461,38,1499,0.1388
1458,38,1496,0.1388
1453,40,1493,0.1388
1451,40,1491,0.1388
1456,41,1497,0.1388
1456,42,1498,0.1388
1459,42,1501,0.1388
1450,42,1492,0.1388
1452,43,1495,0.1388
1463,45,1508,0.1388
1454,43,1497,0.1388
1433,46,1479,0.1388
1425,46,1471,0.1388
1441,47,1488,0.1388
1444,48,1492,0.1388
1445,49,1494,0.1388
1445,49,1494,0.1388
1450,49,1499,0.1388
1439,49,1488,0.1388
1436,48,1484,0.1388
1437,52,1489,0.1388
1450,53,1503,0.1388
1437,54,1491,0.1388
1433,58,1491,0.1388
1440,60,1500,0.1388
1438,59,1497,0.1388
1448,58,1506,0.1388
1446,56,1502,0.1388
1434,57,1491,0.1388
1432,58,1490,0.1388
1427,60,1487,0.1388
1433,60,1493,0.1388
1433,60,1493,0.1388
1439,60,1499,0.1388
1444,60,1504,0.1388
1442,65,1507,0.1388
1444,62,1506,0.1388
1442,64,1506,0.1388
1457,63,1520,0.1388
1454,63,1517,0.1388
1457,62,1519,0.1388
1438,63,1501,0.1388
1433,65,1498,0.1388
1433,65,1498,0.1388
1441,62,1503,0.1388
1453,62,1515,0.1388
1451,62,1513,0.1388
1445,59,1504,0.1388
1436,60,1496,0.1388
1430,61,1491,0.1388
1430,62,1492,0.1388
1432,60,1492,0.1388
1441,61,1502,0.1388
1448,61,1509,0.1388
1442,63,1505,0.1388
1439,63,1502,0.1388
1426,63,1489,0.1388
1426,64,1490,0.1388
1437,64,1501,0.1388
1434,63,1497,0.1388
1426,64,1490,0.1388
1447,63,1510,0.1388
1434,62,1496,0.1388
1425,62,1487,0.1388
1406,64,1470,0.1388
1418,65,1483,0.1388
1415,70,1485,0.1388
1412,69,1481,0.1388
1411,69,1480,0.1388
1409,68,1477,0.1388
1411,70,1481,0.1388
1417,70,1487,0.1388
1420,72,1492,0.1388
1436,72,1508,0.1388
1427,73,1500,0.1388
1421,73,1494,0.1388
1407,74,1481,0.1388
1408,76,1484,0.1388
1399,76,1475,0.1388
1416,73,1489,0.1388
1415,75,1490,0.1388
1407,74,1481,0.1388
1429,71,1500,0.1388
1441,71,1512,0.1388
1424,69,1493,0.1388
1428,70,1498,0.1388
1424,72,1496,0.1388
1427,72,1499,0.1388
1423,70,1493,0.1388
1411,72,1483,0.1388
1424,72,1496,0.1388
1427,74,1501,0.1388
1431,76,1507,0.1388
1422,77,1499,0.1388
1432,77,1509,0.1388
1427,76,1503,0.1388
1425,74,1499,0.1388
1427,74,1501,0.1388
1420,76,1496,0.1388
1419,79,1498,0.1388
1434,76,1510,0.1388
1428,79,1507,0.1388
1432,76,1508,0.1388
1418,74,1492,0.1388
1427,74,1501,0.1388
1407,74,1481,0.1388
1401,75,1476,0.1388
1402,76,1478,0.1388
1403,76,1479,0.1388
1389,81,1470,0.1388
1392,80,1472,0.1388
1401,81,1482,0.1388
1408,82,1490,0.1388
1407,85,1492,0.1388
1402,87,1489,0.1388
1399,85,1484,0.1388
1417,87,1504,0.1388
1424,85,1509,0.1388
1417,83,1500,0.1388
1422,85,1507,0.1388
1416,83,1499,0.1388
1420,82,1502,0.1388
1415,82,1497,0.1388
1409,80,1489,0.1388
1416,79,1495,0.1388
1417,78,1495,0.1388
1411,79,1490,0.1388
1406,84,1490,0.1388
1405,84,1489,0.1388
1402,83,1485,0.1388
1395,83,1478,0.1388
1402,84,1486,0.1388
1391,86,1477,0.1388
1398,86,1484,0.1388
1403,90,1493,0.1388
1397,90,1487,0.1388
1402,94,1496,0.1388
1397,93,1490,0.1388
1379,96,1475,0.1388
1378,93,1471,0.1388
1392,94,1486,0.1388
1397,94,1491,0.1388
1397,96,1493,0.1388
1395,97,1492,0.1388
1400,99,1499,0.1388
1407,98,1505,0.1388
1407,96,1503,0.1388
1397,96,1493,0.1388
1414,97,1511,0.1388
1409,101,1510,0.1388
1404,100,1504,0.1388
1408,100,1508,0.1388
1404,103,1507,0.1388
1398,97,1495,0.1388
1404,98,1502,0.1388
1410,99,1509,0.1388
1398,103,1501,0.1388
1401,102,1503,0.1388
1398,102,1500,0.1388
1388,99,1487,0.1388
1402,96,1498,0.1388
1387,95,1482,0.1388
1396,97,1493,0.1388
1393,101,1494,0.1388
1380,103,1483,0.1388
1386,101,1487,0.1388
1383,103,1486,0.1388
1384,104,1488,0.1388
1398,102,1500,0.1388
1402,105,1507,0.1388
1374,104,1478,0.1388
1385,104,1489,0.1388
1387,109,1496,0.1388
1385,111,1496,0.1388
1387,115,1502,0.1388
1378,118,1496,0.1388
1381,116,1497,0.1388
1373,118,1491,0.1388
1363,119,1482,0.1388
1367,116,1483,0.1388
1361,115,1476,0.1388
1366,113,1479,0.1388
1370,118,1488,0.1388
1381,120,1501,0.1388
1380,122,1502,0.1388
1382,119,1501,0.1388
1367,125,1492,0.1388
1381,126,1507,0.1388
1365,125,1490,0.1388
1356,126,1482,0.1388
1366,131,1497,0.1388
1378,129,1507,0.1388
1374,129,1503,0.1388
1365,131,1496,0.1388
1376,132,1508,0.1388
1364,131,1495,0.1388
1363,132,1495,0.1388
1371,132,1503,0.1388
1365,132,1497,0.1388
1351,134,1485,0.1388
1361,138,1499,0.1388
1354,139,1493,0.1388
1345,135,1480,0.1388
1361,135,1496,0.1388
1374,136,1510,0.1388
1372,138,1510,0.1388
1358,139,1497,0.1388
1353,139,1492,0.1388
1367,134,1501,0.1388
1361,135,1496,0.1388
1360,134,1494,0.1388
1364,133,1497,0.1388
1363,132,1495,0.1388
1379,135,1514,0.1388
1381,139,1520,0.1388
1372,137,1509,0.1388
1369,132,1501,0.1388
1378,134,1512,0.1388
1368,133,1501,0.1388
1370,132,1502,0.1388
1362,128,1490,0.1388
1354,131,1485,0.1388
1361,133,1494,0.1388
1357,134,1491,0.1388
1358,131,1489,0.1388
1362,131,1493,0.1388
1363,130,1493,0.1388
1355,132,1487,0.1388
1352,132,1484,0.1388
1366,133,1499,0.1388
1344,137,1481,0.1388
1358,137,1495,0.1388
1371,133,1504,0.1388
1361,135,1496,0.1388
1351,137,1488,0.1388
1352,138,1490,0.1388
1349,139,1488,0.1388
1351,135,1486,0.1388
1363,132,1495,0.1388
1368,134,1502,0.1388
1359,130,1489,0.1388
1360,129,1489,0.1388
1358,129,1487,0.1388
1357,127,1484,0.1388
1360,133,1493,0.1388
1356,132,1488,0.1388
1354,134,1488,0.1388
1369,137,1506,0.1388
1369,136,1505,0.1388
1343,139,1482,0.1388
1336,145,1481,0.1388
1343,144,1487,0.1388
1339,142,1481,0.1388
1352,141,1493,0.1388
1361,139,1500,0.1388
1361,137,1498,0.1388
1358,135,1493,0.1388
1351,137,1488,0.1388
1343,142,1485,0.1388
1342,148,1490,0.1388
1344,150,1494,0.1388
1339,151,1490,0.1388
1338,157,1495,0.1388
1336,157,1493,0.1388
1345,153,1498,0.1388
1335,152,1487,0.1388
1346,154,1500,0.1388
1347,157,1504,0.1388
1340,160,1500,0.1388
1341,161,1502,0.1388
1335,158,1493,0.1388
1349,161,1510,0.1388
1353,161,1514,0.1388
1341,163,1504,0.1388
1334,166,1500,0.1388
1316,167,1483,0.1388
1310,167,1477,0.1388
1323,165,1488,0.1388
1334,167,1501,0.1388
1321,169,1490,0.1388
1321,170,1491,0.1388
1315,172,1487,0.1388
1322,177,1499,0.1388
1322,181,1503,0.1388
1326,175,1501,0.1388
1320,177,1497,0.1388
1332,179,1511,0.1388
1330,180,1510,0.1388
1310,178,1488,0.1388
1296,180,1476,0.1388
1300,176,1476,0.1388
1290,174,1464,0.1388
1290,174,1464,0.1388
1282,174,1456,0.1388
1289,177,1466,0.1388
1278,184,1462,0.1388
1300,187,1487,0.1388
1304,184,1488,0.1388
1304,183,1487,0.1388
1321,187,1508,0.1388
1325,185,1510,0.1388
1321,188,1509,0.1388
1315,187,1502,0.1388
1314,187,1501,0.1388
1303,185,1488,0.1388
1335,192,1527,0.1388
1325,194,1519,0.1388
1324,194,1518,0.1388
1320,196,1516,0.1388
1302,196,1498,0.1388
1306,200,1506,0.1388
1292,206,1498,0.1388
1299,205,1504,0.1388
1293,208,1501,0.1388
1270,209,1479,0.1388
1274,212,1486,0.1388
1262,211,1473,0.1388
1262,214,1476,0.1388
1263,211,1474,0.1388
1269,205,1474,0.1388
1267,205,1472,0.1388
1268,212,1480,0.1388
1274,209,1483,0.1388
1275,214,1489,0.1388
1273,212,1485,0.1388
1269,216,1485,0.1388
1279,212,1491,0.1388
1265,211,1476,0.1388
1271,216,1487,0.1388
1263,214,1477,0.1388
1263,222,1485,0.1388
1269,218,1487,0.1388
1271,219,1490,0.1388
1276,221,1497,0.1388
1264,223,1487,0.1388
1278,225,1503,0.1388
1270,232,1502,0.1388
1273,233,1506,0.1388
1281,231,1512,0.1388
1263,228,1491,0.1388
1270,231,1501,0.1388
1272,230,1502,0.1388
1280,228,1508,0.1388
1273,225,1498,0.1388
1281,225,1506,0.1388
1277,229,1506,0.1388
1286,220,1506,0.1388
1287,221,1508,0.1388
1292,226,1518,0.1388
1285,224,1509,0.1388
1290,218,1508,0.1388
1291,222,1513,0.1388
1276,226,1502,0.1388
1276,226,1502,0.1388
1276,225,1501,0.1388
1276,225,1501,0.1388
1274,225,1499,0.1388
1267,225,1492,0.1388
1262,222,1484,0.1388
1257,224,1481,0.1388
1263,224,1487,0.1388
1261,222,1483,0.1388
1262,221,1483,0.1388
1265,227,1492,0.1388
1263,225,1488,0.1388
1266,230,1496,0.1388
1259,229,1488,0.1388
1246,230,1476,0.1388
1264,231,1495,0.1388
1247,227,1474,0.1388
1263,231,1494,0.1388
1265,230,1495,0.1388
1270,234,1504,0.1388
1275,230,1505,0.1388
1279,231,1510,0.1388
1281,226,1507,0.1388
1279,226,1505,0.1388
1271,228,1499,0.1388
1260,229,1489,0.1388
1246,233,1479,0.1388
1240,239,1479,0.1388
1243,238,1481,0.1388
1257,239,1496,0.1388
1254,239,1493,0.1388
1249,247,1496,0.1388
1254,245,1499,0.1388
1256,247,1503,0.1388
1260,245,1505,0.1388
1248,241,1489,0.1388
1252,243,1495,0.1388
1250,239,1489,0.1388
1262,242,1504,0.1388
1266,244,1510,0.1388
1261,249,1510,0.1388
1266,246,1512,0.1388
1253,243,1496,0.1388
1269,245,1514,0.1388
1258,242,1500,0.1388
1250,245,1495,0.1388
1257,243,1500,0.1388
1258,241,1499,0.1388
1261,243,1504,0.1388
1256,240,1496,0.1388
1250,236,1486,0.1388
1257,236,1493,0.1388
1259,238,1497,0.1388
1251,243,1494,0.1388
1245,245,1490,0.1388
1238,250,1488,0.1388
1240,250,1490,0.1388
1248,255,1503,0.1388
1241,253,1494,0.1388
1244,253,1497,0.1388
1236,257,1493,0.1388
1237,253,1490,0.1388
1238,252,1490,0.1388
1239,253,1492,0.1388
1239,245,1484,0.1388
1241,253,1494,0.1388
1257,250,1507,0.1388
1263,252,1515,0.1388
1255,256,1511,0.1388
1253,258,1511,0.1388
1257,255,1512,0.1388
1244,257,1501,0.1388
1252,257,1509,0.1388
1242,258,1500,0.1388
1249,261,1510,0.1388
1247,263,1510,0.1388
1252,261,1513,0.1388
1245,262,1507,0.1388
1234,268,1502,0.1388
1233,269,1502,0.1388
1227,266,1493,0.1388
1226,265,1491,0.1388
1225,270,1495,0.1388
1236,272,1508,0.1388
1230,276,1506,0.1388
1229,273,1502,0.1388
1222,276,1498,0.1388
1224,272,1496,0.1388
1213,273,1486,0.1388
1226,270,1496,0.1388
1215,273,1488,0.1388
1223,275,1498,0.1388
1219,279,1498,0.1388
1218,283,1501,0.1388
1209,286,1495,0.1388
1208,292,1500,0.1388
1211,292,1503,0.1388
1210,295,1505,0.1388
1203,295,1498,0.1388
1202,295,1497,0.1388
1193,293,1486,0.1388
1198,292,1490,0.1388
1196,295,1491,0.1388
1188,296,1484,0.1388
1185,300,1485,0.1388
1174,301,1475,0.1388
1181,307,1488,0.1388
1177,304,1481,0.1388
1189,302,1491,0.1388
1205,300,1505,0.1388
1193,300,1493,0.1388
1191,305,1496,0.1388
1191,304,1495,0.1388
1196,303,1499,0.1388
1199,304,1503,0.1388
1193,308,1501,0.1388
1198,302,1500,0.1388
1196,304,1500,0.1388
1195,311,1506,0.1388
1184,300,1484,0.1388
1187,303,1490,0.1388
1189,308,1497,0.1388
1187,303,1490,0.1388
1201,301,1502,0.1388
1202,302,1504,0.1388
1198,302,1500,0.1388
1199,308,1507,0.1388
1198,313,1511,0.1388
1200,305,1505,0.1388
1207,308,1515,0.1388
1191,307,1498,0.1388
1195,305,1500,0.1388
1194,305,1499,0.1388
1188,302,1490,0.1388
1202,306,1508,0.1388
1191,313,1504,0.1388
1196,310,1506,0.1388
1187,308,1495,0.1388
1193,306,1499,0.1388
1192,310,1502,0.1388
1190,310,1500,0.1388
1196,308,1504,0.1388
1179,313,1492,0.1388
1175,317,1492,0.1388
1169,319,1488,0.1388
1182,319,1501,0.1388
1187,318,1505,0.1388
1188,324,1512,0.1388
1190,326,1516,0.1388
1188,323,1511,0.1388
1191,321,1512,0.1388
1191,325,1516,0.1388
1186,333,1519,0.1388
1172,336,1508,0.1388
1175,338,1513,0.1388
1167,335,1502,0.1388
1160,333,1493,0.1388
1159,332,1491,0.1388
1167,334,1501,0.1388
1175,334,1509,0.1388
1161,330,1491,0.1388
1163,333,1496,0.1388
1172,330,1502,0.1388
1173,334,1507,0.1388
1174,336,1510,0.1388
1177,339,1516,0.1388
1171,338,1509,0.1388
1160,336,1496,0.1388
1142,336,1478,0.1388
1147,334,1481,0.1388
1152,339,1491,0.1388
1145,336,1481,0.1388
1129,342,1471,0.1388
1133,336,1469,0.1388
1147,335,1482,0.1388
1153,339,1492,0.1388
1166,341,1507,0.1388
1167,335,1502,0.1388
1170,335,1505,0.1388
1173,335,1508,0.1388
1171,327,1498,0.1388
1167,331,1498,0.1388
1167,339,1506,0.1388
1164,339,1503,0.1388
1159,335,1494,0.1388
1136,335,1471,0.1388
1149,338,1487,0.1388
1164,343,1507,0.1388
1167,340,1507,0.1388
1154,347,1501,0.1388
1148,344,1492,0.1388
1149,342,1491,0.1388
1146,337,1483,0.1388
1147,335,1482,0.1388
1131,339,1470,0.1388
1140,331,1471,0.1388
1149,334,1483,0.1388
1151,332,1483,0.1388
1168,335,1503,0.1388
1165,338,1503,0.1388
1170,338,1508,0.1388
1160,334,1494,0.1388
1166,331,1497,0.1388
1174,331,1505,0.1388
1165,332,1497,0.1388
1153,340,1493,0.1388
1161,348,1509,0.1388
1164,345,1509,0.1388
1156,349,1505,0.1388
1145,347,1492,0.1388
1140,347,1487,0.1388
1146,350,1496,0.1388
1147,345,1492,0.1388
1150,347,1497,0.1388
1156,345,1501,0.1388
1144,344,1488,0.1388
1149,351,1500,0.1388
1155,347,1502,0.1388
1147,346,1493,0.1388
1158,342,1500,0.1388
1153,336,1489,0.1388
1148,345,1493,0.1388
1134,343,1477,0.1388
1144,344,1488,0.1388
1136,342,1478,0.1388
1132,348,1480,0.1388
1132,345,1477,0.1388
1133,347,1480,0.1388
1132,353,1485,0.1388
1134,352,1486,0.1388
1133,357,1490,0.1388
1133,364,1497,0.1388
1128,364,1492,0.1388
1133,374,1507,0.1388
1127,377,1504,0.1388
1124,372,1496,0.1388
1114,369,1483,0.1388
1115,363,1478,0.1388
1118,373,1491,0.1388
1131,377,1508,0.1388
1126,375,1501,0.1388
1111,372,1483,0.1388
1108,375,1483,0.1388
1113,378,1491,0.1388
1105,376,1481,0.1388
1106,377,1483,0.1388
1097,382,1479,0.1388
1096,385,1481,0.1388
1090,391,1481,0.1388
1113,388,1501,0.1388
1115,385,1500,0.1388
1114,383,1497,0.1388
1107,385,1492,0.1388
1099,383,1482,0.1388
1103,383,1486,0.1388
1102,387,1489,0.1388
1098,398,1496,0.1388
1087,399,1486,0.1388
1095,397,1492,0.1388
1094,402,1496,0.1388
1090,413,1503,0.1388
1099,410,1509,0.1388
1095,413,1508,0.1388
1086,413,1499,0.1388
1094,408,1502,0.1388
1081,408,1489,0.1388
1084,417,1501,0.1388
1083,412,1495,0.1388
1081,418,1499,0.1388
1078,418,1496,0.1388
1068,415,1483,0.1388
1074,421,1495,0.1388
1070,422,1492,0.1388
1070,428,1498,0.1388
1078,428,1506,0.1388
1068,424,1492,0.1388
1070,434,1504,0.1388
1068,433,1501,0.1388
1068,435,1503,0.1388
1061,435,1496,0.1388
1066,445,1511,0.1388
1067,447,1514,0.1388
1059,444,1503,0.1388
1057,444,1501,0.1388
1062,447,1509,0.1388
1053,440,1493,0.1388
1053,444,1497,0.1388
1061,454,1515,0.1388
1058,447,1505,0.1388
1065,450,1515,0.1388
1064,449,1513,0.1388
1050,442,1492,0.1388
1056,440,1496,0.1388
1047,449,1496,0.1388
1059,449,1508,0.1388
1057,449,1506,0.1388
1057,445,1502,0.1388
1050,445,1495,0.1388
1060,445,1505,0.1388
1056,452,1508,0.1388
1044,451,1495,0.1388
1026,442,1468,0.1388
1037,452,1489,0.1388
1027,450,1477,0.1388
1041,454,1495,0.1388
1034,456,1490,0.1388
1043,468,1511,0.1388
1038,461,1499,0.1388
1027,467,1494,0.1388
1025,464,1489,0.1388
1028,468,1496,0.1388
1027,465,1492,0.1388
1038,464,1502,0.1388
1043,455,1498,0.1388
1028,455,1483,0.1388
1024,463,1487,0.1388
1032,465,1497,0.1388
1022,466,1488,0.1388
1031,468,1499,0.1388
1027,469,1496,0.1388
1027,469,1496,0.1388
1021,465,1486,0.1388
1023,476,1499,0.1388
1018,478,1496,0.1388
1020,477,1497,0.1388
1030,479,1509,0.1388
1017,482,1499,0.1388
1011,479,1490,0.1388
1011,474,1485,0.1388
1012,476,1488,0.1388
1006,480,1486,0.1388
1016,478,1494,0.1388
1021,493,1514,0.1388
1016,490,1506,0.1388
992,501,1493,0.1388
989,499,1488,0.1388
1004,486,1490,0.1388
1005,489,1494,0.1388
1002,498,1500,0.1388
1003,499,1502,0.1388
995,495,1490,0.1388
1007,499,1506,0.1388
999,500,1499,0.1388
1006,491,1497,0.1388
994,490,1484,0.1388
999,495,1494,0.1388
998,500,1498,0.1388
1005,498,1503,0.1388
990,491,1481,0.1388
999,494,1493,0.1388
1005,492,1497,0.1388
1009,493,1502,0.1388
1006,493,1499,0.1388
1005,502,1507,0.1388
1000,499,1499,0.1388
993,501,1494,0.1388
993,503,1496,0.1388
987,504,1491,0.1388
980,512,1492,0.1388
967,515,1482,0.1388
975,526,1501,0.1388
983,524,1507,0.1388
981,526,1507,0.1388
978,530,1508,0.1388
982,528,1510,0.1388
986,526,1512,0.1388
979,530,1509,0.1388
975,529,1504,0.1388
974,528,1502,0.1388
982,520,1502,0.1388
983,521,1504,0.1388
982,524,1506,0.1388
979,523,1502,0.1388
971,533,1504,0.1388
976,532,1508,0.1388
980,539,1519,0.1388
978,533,1511,0.1388
970,539,1509,0.1388
974,537,1511,0.1388
980,531,1511,0.1388
976,536,1512,0.1388
976,540,1516,0.1388
979,536,1515,0.1388
977,538,1515,0.1388
975,536,1511,0.1388
979,525,1504,0.1388
981,525,1506,0.1388
985,520,1505,0.1388
982,529,1511,0.1388
982,527,1509,0.1388
975,528,1503,0.1388
986,529,1515,0.1388
989,537,1526,0.1388
983,527,1510,0.1388
964,535,1499,0.1388
954,538,1492,0.1388
954,535,1489,0.1388
947,526,1473,0.1388
957,533,1490,0.1388
950,533,1483,0.1388
947,529,1476,0.1388
952,535,1487,0.1388
969,537,1506,0.1388
956,533,1489,0.1388
961,533,1494,0.1388
961,527,1488,0.1388
969,524,1493,0.1388
964,526,1490,0.1388
963,528,1491,0.1388
970,526,1496,0.1388
962,526,1488,0.1388
969,530,1499,0.1388
971,531,1502,0.1388
973,530,1503,0.1388
975,524,1499,0.1388
973,524,1497,0.1388
975,526,1501,0.1388
974,535,1509,0.1388
974,532,1506,0.1388
972,529,1501,0.1388
971,526,1497,0.1388
966,526,1492,0.1388
977,529,1506,0.1388
974,526,1500,0.1388
975,524,1499,0.1388
966,533,1499,0.1388
958,539,1497,0.1388
952,542,1494,0.1388
946,538,1484,0.1388
945,546,1491,0.1388
955,549,1504,0.1388
953,549,1502,0.1388
951,541,1492,0.1388
958,549,1507,0.1388
951,546,1497,0.1388
946,546,1492,0.1388
942,550,1492,0.1388
946,554,1500,0.1388
949,555,1504,0.1388
943,560,1503,0.1388
951,559,1510,0.1388
940,569,1509,0.1388
929,570,1499,0.1388
933,566,1499,0.1388
929,575,1504,0.1388
925,575,1500,0.1388
932,573,1505,0.1388
935,584,1519,0.1388
935,584,1519,0.1388
937,572,1509,0.1388
932,574,1506,0.1388
934,575,1509,0.1388
923,570,1493,0.1388
929,567,1496,0.1388
929,566,1495,0.1388
926,567,1493,0.1388
925,563,1488,0.1388
922,574,1496,0.1388
919,571,1490,0.1388
914,571,1485,0.1388
913,579,1492,0.1388
920,579,1499,0.1388
931,580,1511,0.1388
909,577,1486,0.1388
900,583,1483,0.1388
901,584,1485,0.1388
917,592,1509,0.1388
910,591,1501,0.1388
916,587,1503,0.1388
922,583,1505,0.1388
919,578,1497,0.1388
919,576,1495,0.1388
922,582,1504,0.1388
926,584,1510,0.1388
920,588,1508,0.1388
911,583,1494,0.1388
908,595,1503,0.1388
910,590,1500,0.1388
904,588,1492,0.1388
906,584,1490,0.1388
905,591,1496,0.1388
901,596,1497,0.1388
905,597,1502,0.1388
903,601,1504,0.1388
898,600,1498,0.1388
901,601,1502,0.1388
909,598,1507,0.1388
916,602,1518,0.1388
919,597,1516,0.1388
908,604,1512,0.1388
911,605,1516,0.1388
917,597,1514,0.1388
911,610,1521,0.1388
898,612,1510,0.1388
892,618,1510,0.1388
897,618,1515,0.1388
899,618,1517,0.1388
898,613,1511,0.1388
891,615,1506,0.1388
893,621,1514,0.1388
891,626,1517,0.1388
895,628,1523,0.1388
899,622,1521,0.1388
895,621,1516,0.1388
893,623,1516,0.1388
895,617,1512,0.1388
893,616,1509,0.1388
887,619,1506,0.1388
881,619,1500,0.1388
878,620,1498,0.1388
876,615,1491,0.1388
881,617,1498,0.1388
882,629,1511,0.1388
887,628,1515,0.1388
888,629,1517,0.1388
886,629,1515,0.1388
869,626,1495,0.1388
867,630,1497,0.1388
871,624,1495,0.1388
874,627,1501,0.1388
881,625,1506,0.1388
868,633,1501,0.1388
857,641,1498,0.1388
870,641,1511,0.1388
870,639,1509,0.1388
875,644,1519,0.1388
869,640,1509,0.1388
865,635,1500,0.1388
867,637,1504,0.1388
869,642,1511,0.1388
862,646,1508,0.1388
860,646,1506,0.1388
856,649,1505,0.1388
847,646,1493,0.1388
843,652,1495,0.1388
854,656,1510,0.1388
867,652,1519,0.1388
857,648,1505,0.1388
849,664,1513,0.1388
857,666,1523,0.1388
858,662,1520,0.1388
854,660,1514,0.1388
859,659,1518,0.1388
848,660,1508,0.1388
838,663,1501,0.1388
848,660,1508,0.1388
855,666,1521,0.1388
832,665,1497,0.1388
841,660,1501,0.1388
840,663,1503,0.1388
835,664,1499,0.1388
832,665,1497,0.1388
832,655,1487,0.1388
835,657,1492,0.1388
840,656,1496,0.1388
836,664,1500,0.1388
839,672,1511,0.1388
834,669,1503,0.1388
825,671,1496,0.1388
817,678,1495,0.1388
829,680,1509,0.1388
822,671,1493,0.1388
824,674,1498,0.1388
820,678,1498,0.1388
826,684,1510,0.1388
821,691,1512,0.1388
824,678,1502,0.1388
818,676,1494,0.1388
815,681,1496,0.1388
818,674,1492,0.1388
822,682,1504,0.1388
813,675,1488,0.1388
809,676,1485,0.1388
796,689,1485,0.1388
795,702,1497,0.1388
790,701,1491,0.1388
804,705,1509,0.1388
804,709,1513,0.1388
802,701,1503,0.1388
808,694,1502,0.1388
811,691,1502,0.1388
804,686,1490,0.1388
800,691,1491,0.1388
801,693,1494,0.1388
800,696,1496,0.1388
806,696,1502,0.1388
811,704,1515,0.1388
806,702,1508,0.1388
799,713,1512,0.1388
796,709,1505,0.1388
802,711,1513,0.1388
801,708,1509,0.1388
794,709,1503,0.1388
793,713,1506,0.1388
782,707,1489,0.1388
783,707,1490,0.1388
774,710,1484,0.1388
776,711,1487,0.1388
791,713,1504,0.1388
789,710,1499,0.1388
792,706,1498,0.1388
799,701,1500,0.1388
800,698,1498,0.1388
796,706,1502,0.1388
801,710,1511,0.1388
802,714,1516,0.1388
794,721,1515,0.1388
788,732,1520,0.1388
781,733,1514,0.1388
780,737,1517,0.1388
778,736,1514,0.1388
768,740,1508,0.1388
762,747,1509,0.1388
767,747,1514,0.1388
768,747,1515,0.1388
765,737,1502,0.1388
762,741,1503,0.1388
766,742,1508,0.1388
761,748,1509,0.1388
757,748,1505,0.1388
746,752,1498,0.1388
748,747,1495,0.1388
749,748,1497,0.1388
746,749,1495,0.1388
744,750,1494,0.1388
736,747,1483,0.1388
740,755,1495,0.1388
731,766,1497,0.1388
738,773,1511,0.1388
739,767,1506,0.1388
731,778,1509,0.1388
732,780,1512,0.1388
736,779,1515,0.1388
728,770,1498,0.1388
730,779,1509,0.1388
720,773,1493,0.1388
724,781,1505,0.1388
725,783,1508,0.1388
723,789,1512,0.1388
712,789,1501,0.1388
715,787,1502,0.1388
719,786,1505,0.1388
724,780,1504,0.1388
719,790,1509,0.1388
713,786,1499,0.1388
719,783,1502,0.1388
717,787,1504,0.1388
718,785,1503,0.1388
707,789,1496,0.1388
710,774,1484,0.1388
719,780,1499,0.1388
719,782,1501,0.1388
725,777,1502,0.1388
727,782,1509,0.1388
733,781,1514,0.1388
730,777,1507,0.1388
725,782,1507,0.1388
717,783,1500,0.1388
708,787,1495,0.1388
706,794,1500,0.1388
710,797,1507,0.1388
706,792,1498,0.1388
712,794,1506,0.1388
705,799,1504,0.1388
714,803,1517,0.1388
709,803,1512,0.1388
711,791,1502,0.1388
705,795,1500,0.1388
708,810,1518,0.1388
703,816,1519,0.1388
703,816,1519,0.1388
710,803,1513,0.1388
701,801,1502,0.1388
703,794,1497,0.1388
709,800,1509,0.1388
696,803,1499,0.1388
692,809,1501,0.1388
696,817,1513,0.1388
687,809,1496,0.1388
682,805,1487,0.1388
698,804,1502,0.1388
700,811,1511,0.1388
687,815,1502,0.1388
686,823,1509,0.1388
681,815,1496,0.1388
675,813,1488,0.1388
677,824,1501,0.1388
685,831,1516,0.1388
683,832,1515,0.1388
680,840,1520,0.1388
680,838,1518,0.1388
676,830,1506,0.1388
684,833,1517,0.1388
688,833,1521,0.1388
678,828,1506,0.1388
676,832,1508,0.1388
676,844,1520,0.1388
674,842,1516,0.1388
670,844,1514,0.1388
661,842,1503,0.1388
671,840,1511,0.1388
661,839,1500,0.1388
669,844,1513,0.1388
663,849,1512,0.1388
666,851,1517,0.1388
661,852,1513,0.1388
660,843,1503,0.1388
661,845,1506,0.1388
658,849,1507,0.1388
666,849,1515,0.1388
665,851,1516,0.1388
658,848,1506,0.1388
665,858,1523,0.1388
654,859,1513,0.1388
647,849,1496,0.1388
651,850,1501,0.1388
645,858,1503,0.1388
640,850,1490,0.1388
647,852,1499,0.1388
638,863,1501,0.1388
628,866,1494,0.1388
623,872,1495,0.1388
634,871,1505,0.1388
647,873,1520,0.1388
636,876,1512,0.1388
625,861,1486,0.1388
619,869,1488,0.1388
619,875,1494,0.1388
613,876,1489,0.1388
617,882,1499,0.1388
619,881,1500,0.1388
618,887,1505,0.1388
617,889,1506,0.1388
618,886,1504,0.1388
618,898,1516,0.1388
620,896,1516,0.1388
619,908,1527,0.1388
611,899,1510,0.1388
604,900,1504,0.1388
604,905,1509,0.1388
609,902,1511,0.1388
609,901,1510,0.1388
604,911,1515,0.1388
604,913,1517,0.1388
599,909,1508,0.1388
595,915,1510,0.1388
587,914,1501,0.1388
590,921,1511,0.1388
593,932,1525,0.1388
585,917,1502,0.1388
584,917,1501,0.1388
576,910,1486,0.1388
584,919,1503,0.1388
584,927,1511,0.1388
594,935,1529,0.1388
584,928,1512,0.1388
582,932,1514,0.1388
573,937,1510,0.1388
578,941,1519,0.1388
584,936,1520,0.1388
579,934,1513,0.1388
578,919,1497,0.1388
579,933,1512,0.1388
569,940,1509,0.1388
566,932,1498,0.1388
560,924,1484,0.1388
558,926,1484,0.1388
548,940,1488,0.1388
560,942,1502,0.1388
571,936,1507,0.1388
570,947,1517,0.1388
569,939,1508,0.1388
573,940,1513,0.1388
568,933,1501,0.1388
568,931,1499,0.1388
567,942,1509,0.1388
565,953,1518,0.1388
563,952,1515,0.1388
559,954,1513,0.1388
560,956,1516,0.1388
562,940,1502,0.1388
566,939,1505,0.1388
564,954,1518,0.1388
562,961,1523,0.1388
563,957,1520,0.1388
557,959,1516,0.1388
555,968,1523,0.1388
550,959,1509,0.1388
551,957,1508,0.1388
554,959,1513,0.1388
554,954,1508,0.1388
556,954,1510,0.1388
549,955,1504,0.1388
547,961,1508,0.1388
547,965,1512,0.1388
545,972,1517,0.1388
550,966,1516,0.1388
549,953,1502,0.1388
549,951,1500,0.1388
561,953,1514,0.1388
567,948,1515,0.1388
558,953,1511,0.1388
557,958,1515,0.1388
551,948,1499,0.1388
553,947,1500,0.1388
557,951,1508,0.1388
552,962,1514,0.1388
549,958,1507,0.1388
549,959,1508,0.1388
548,959,1507,0.1388
560,965,1525,0.1388
565,970,1535,0.1388
558,956,1514,0.1388
552,963,1515,0.1388
549,976,1525,0.1388
547,981,1528,0.1388
539,974,1513,0.1388
534,990,1524,0.1388
534,989,1523,0.1388
535,981,1516,0.1388
526,981,1507,0.1388
521,995,1516,0.1388
513,988,1501,0.1388
508,994,1502,0.1388
507,985,1492,0.1388
510,985,1495,0.1388
510,983,1493,0.1388
503,985,1488,0.1388
505,1003,1508,0.1388
499,1000,1499,0.1388
495,1008,1503,0.1388
503,1008,1511,0.1388
510,1001,1511,0.1388
512,1008,1520,0.1388
507,1015,1522,0.1388
505,1014,1519,0.1388
507,1002,1509,0.1388
506,1001,1507,0.1388
511,1010,1521,0.1388
504,1007,1511,0.1388
499,1019,1518,0.1388
496,1020,1516,0.1388
499,1005,1504,0.1388
499,1016,1515,0.1388
490,1024,1514,0.1388
493,1035,1528,0.1388
488,1033,1521,0.1388
485,1015,1500,0.1388
485,1024,1509,0.1388
485,1026,1511,0.1388
481,1029,1510,0.1388
477,1014,1491,0.1388
483,1019,1502,0.1388
489,1024,1513,0.1388
476,1026,1502,0.1388
475,1027,1502,0.1388
469,1037,1506,0.1388
468,1047,1515,0.1388
468,1049,1517,0.1388
461,1052,1513,0.1388
458,1046,1504,0.1388
458,1042,1500,0.1388
454,1054,1508,0.1388
452,1061,1513,0.1388
449,1055,1504,0.1388
440,1054,1494,0.1388
445,1062,1507,0.1388
449,1054,1503,0.1388
441,1075,1516,0.1388
448,1061,1509,0.1388
447,1061,1508,0.1388
454,1056,1510,0.1388
448,1067,1515,0.1388
440,1059,1499,0.1388
444,1064,1508,0.1388
447,1065,1512,0.1388
449,1062,1511,0.1388
441,1066,1507,0.1388
434,1060,1494,0.1388
438,1058,1496,0.1388
434,1064,1498,0.1388
441,1076,1517,0.1388
439,1073,1512,0.1388
429,1078,1507,0.1388
432,1078,1510,0.1388
430,1081,1511,0.1388
426,1080,1506,0.1388
419,1082,1501,0.1388
415,1082,1497,0.1388
413,1085,1498,0.1388
415,1084,1499,0.1388
421,1079,1500,0.1388
412,1109,1521,0.1388
416,1103,1519,0.1388
418,1103,1521,0.1388
412,1104,1516,0.1388
419,1109,1528,0.1388
408,1094,1502,0.1388
409,1105,1514,0.1388
408,1113,1521,0.1388
412,1105,1517,0.1388
410,1105,1515,0.1388
406,1108,1514,0.1388
400,1109,1509,0.1388
402,1105,1507,0.1388
401,1111,1512,0.1388
401,1118,1519,0.1388
395,1113,1508,0.1388
397,1116,1513,0.1388
396,1131,1527,0.1388
392,1128,1520,0.1388
383,1127,1510,0.1388
392,1131,1523,0.1388
387,1124,1511,0.1388
392,1119,1511,0.1388
398,1127,1525,0.1388
395,1123,1518,0.1388
393,1123,1516,0.1388
401,1130,1531,0.1388
400,1128,1528,0.1388
391,1119,1510,0.1388
399,1127,1526,0.1388
396,1125,1521,0.1388
399,1120,1519,0.1388
390,1116,1506,0.1388
388,1109,1497,0.1388
389,1123,1512,0.1388
384,1129,1513,0.1388
382,1129,1511,0.1388
378,1129,1507,0.1388
379,1124,1503,0.1388
381,1128,1509,0.1388
388,1127,1515,0.1388
393,1119,1512,0.1388
390,1136,1526,0.1388
389,1130,1519,0.1388
392,1136,1528,0.1388
380,1139,1519,0.1388
383,1138,1521,0.1388
381,1140,1521,0.1388
386,1135,1521,0.1388
387,1136,1523,0.1388
385,1138,1523,0.1388
375,1135,1510,0.1388
378,1127,1505,0.1388
377,1135,1512,0.1388
375,1145,1520,0.1388
377,1143,1520,0.1388
377,1142,1519,0.1388
378,1141,1519,0.1388
374,1142,1516,0.1388
376,1142,1518,0.1388
370,1146,1516,0.1388
367,1151,1518,0.1388
369,1152,1521,0.1388
366,1154,1520,0.1388
364,1151,1515,0.1388
363,1142,1505,0.1388
363,1144,1507,0.1388
364,1147,1511,0.1388
357,1147,1504,0.1388
360,1150,1510,0.1388
355,1148,1503,0.1388
360,1154,1514,0.1388
361,1158,1519,0.1388
363,1151,1514,0.1388
366,1149,1515,0.1388
363,1156,1519,0.1388
356,1141,1497,0.1388
357,1148,1505,0.1388
358,1142,1500,0.1388
356,1154,1510,0.1388
364,1153,1517,0.1388
357,1162,1519,0.1388
359,1154,1513,0.1388
361,1143,1504,0.1388
359,1147,1506,0.1388
357,1160,1517,0.1388
352,1163,1515,0.1388
348,1158,1506,0.1388
348,1159,1507,0.1388
342,1160,1502,0.1388
346,1151,1497,0.1388
338,1154,1492,0.1388
337,1170,1507,0.1388
337,1175,1512,0.1388
343,1167,1510,0.1388
336,1163,1499,0.1388
336,1175,1511,0.1388
339,1175,1514,0.1388
337,1177,1514,0.1388
337,1179,1516,0.1388
332,1175,1507,0.1388
334,1174,1508,0.1388
332,1186,1518,0.1388
336,1188,1524,0.1388
335,1185,1520,0.1388
332,1193,1525,0.1388
332,1191,1523,0.1388
329,1193,1522,0.1388
329,1195,1524,0.1388
329,1183,1512,0.1388
334,1183,1517,0.1388
333,1170,1503,0.1388
335,1169,1504,0.1388
341,1170,1511,0.1388
337,1172,1509,0.1388
336,1168,1504,0.1388
326,1182,1508,0.1388
319,1172,1491,0.1388
319,1186,1505,0.1388
317,1199,1516,0.1388
302,1189,1491,0.1388
302,1194,1496,0.1388
302,1191,1493,0.1388
300,1194,1494,0.1388
306,1200,1506,0.1388
304,1199,1503,0.1388
302,1207,1509,0.1388
301,1217,1518,0.1388
296,1221,1517,0.1388
294,1224,1518,0.1388
295,1228,1523,0.1388
296,1232,1528,0.1388
290,1225,1515,0.1388
287,1220,1507,0.1388
288,1222,1510,0.1388
281,1224,1505,0.1388
278,1236,1514,0.1388
280,1236,1516,0.1388
276,1248,1524,0.1388
273,1241,1514,0.1388
275,1238,1513,0.1388
276,1236,1512,0.1388
275,1238,1513,0.1388
272,1242,1514,0.1388
275,1239,1514,0.1388
282,1243,1525,0.1388
282,1253,1535,0.1388
280,1240,1520,0.1388
280,1238,1518,0.1388
277,1241,1518,0.1388
277,1240,1517,0.1388
270,1232,1502,0.1388
263,1240,1503,0.1388
267,1246,1513,0.1388
265,1248,1513,0.1388
267,1240,1507,0.1388
263,1247,1510,0.1388
259,1242,1501,0.1388
249,1233,1482,0.1388
259,1241,1500,0.1388
266,1245,1511,0.1388
265,1254,1519,0.1388
264,1257,1521,0.1388
261,1251,1512,0.1388
260,1246,1506,0.1388
259,1265,1524,0.1388
260,1252,1512,0.1388
256,1242,1498,0.1388
246,1256,1502,0.1388
247,1254,1501,0.1388
249,1255,1504,0.1388
248,1259,1507,0.1388
254,1253,1507,0.1388
250,1253,1503,0.1388
250,1260,1510,0.1388
250,1260,1510,0.1388
254,1264,1518,0.1388
257,1264,1521,0.1388
255,1273,1528,0.1388
256,1253,1509,0.1388
252,1264,1516,0.1388
251,1265,1516,0.1388
252,1262,1514,0.1388
257,1256,1513,0.1388
255,1262,1517,0.1388
254,1265,1519,0.1388
247,1264,1511,0.1388
246,1265,1511,0.1388
242,1264,1506,0.1388
235,1268,1503,0.1388
234,1268,1502,0.1388
237,1266,1503,0.1388
243,1270,1513,0.1388
246,1249,1495,0.1388
251,1262,1513,0.1388
249,1259,1508,0.1388
249,1265,1514,0.1388
242,1272,1514,0.1388
237,1276,1513,0.1388
235,1277,1512,0.1388
238,1279,1517,0.1388
243,1286,1529,0.1388
247,1270,1517,0.1388
249,1266,1515,0.1388
247,1262,1509,0.1388
257,1257,1514,0.1388
256,1256,1512,0.1388
257,1255,1512,0.1388
262,1264,1526,0.1388
259,1260,1519,0.1388
255,1260,1515,0.1388
255,1257,1512,0.1388
254,1249,1503,0.1388
251,1248,1499,0.1388
258,1251,1509,0.1388
265,1248,1513,0.1388
265,1243,1508,0.1388
265,1261,1526,0.1388
261,1261,1522,0.1388
259,1255,1514,0.1388
255,1254,1509,0.1388
254,1247,1501,0.1388
257,1246,1503,0.1388
256,1246,1502,0.1388
258,1240,1498,0.1388
257,1245,1502,0.1388
253,1245,1498,0.1388
257,1254,1511,0.1388
260,1253,1513,0.1388
258,1245,1503,0.1388
255,1248,1503,0.1388
258,1239,1497,0.1388
258,1249,1507,0.1388
259,1249,1508,0.1388
253,1253,1506,0.1388
255,1262,1517,0.1388
259,1266,1525,0.1388
248,1262,1510,0.1388
255,1269,1524,0.1388
256,1267,1523,0.1388
258,1262,1520,0.1388
256,1273,1529,0.1388
258,1264,1522,0.1388
252,1265,1517,0.1388
250,1276,1526,0.1388
246,1265,1511,0.1388
246,1266,1512,0.1388
243,1261,1504,0.1388
237,1264,1501,0.1388
234,1279,1513,0.1388
232,1281,1513,0.1388
234,1301,1535,0.1388
230,1282,1512,0.1388
224,1265,1489,0.1388
229,1265,1494,0.1388
230,1264,1494,0.1388
230,1256,1486,0.1388
227,1264,1491,0.1388
233,1270,1503,0.1388
233,1264,1497,0.1388
231,1266,1497,0.1388
232,1283,1515,0.1388
234,1280,1514,0.1388
237,1288,1525,0.1388
231,1292,1523,0.1388
229,1291,1520,0.1388
231,1290,1521,0.1388
232,1280,1512,0.1388
231,1280,1511,0.1388
234,1275,1509,0.1388
230,1261,1491,0.1388
231,1262,1493,0.1388
228,1268,1496,0.1388
226,1275,1501,0.1388
228,1289,1517,0.1388
222,1293,1515,0.1388
221,1290,1511,0.1388
220,1290,1510,0.1388
220,1294,1514,0.1388
223,1295,1518,0.1388
222,1287,1509,0.1388
223,1290,1513,0.1388
220,1296,1516,0.1388
226,1277,1503,0.1388
225,1270,1495,0.1388
223,1285,1508,0.1388
220,1290,1510,0.1388
225,1286,1511,0.1388
225,1281,1506,0.1388
218,1297,1515,0.1388
215,1310,1525,0.1388
217,1307,1524,0.1388
220,1296,1516,0.1388
217,1295,1512,0.1388
216,1289,1505,0.1388
215,1288,1503,0.1388
219,1297,1516,0.1388
220,1304,1524,0.1388
217,1291,1508,0.1388
215,1281,1496,0.1388
212,1294,1506,0.1388
214,1306,1520,0.1388
213,1306,1519,0.1388
209,1320,1529,0.1388
201,1320,1521,0.1388
203,1327,1530,0.1388
205,1308,1513,0.1388
200,1314,1514,0.1388
198,1318,1516,0.1388
194,1302,1496,0.1388
194,1309,1503,0.1388
194,1306,1500,0.1388
193,1312,1505,0.1388
193,1318,1511,0.1388
194,1320,1514,0.1388
192,1317,1509,0.1388
190,1325,1515,0.1388
191,1337,1528,0.1388
191,1324,1515,0.1388
190,1328,1518,0.1388
192,1309,1501,0.1388
196,1322,1518,0.1388
197,1317,1514,0.1388
197,1319,1516,0.1388
191,1326,1517,0.1388
198,1331,1529,0.1388
192,1325,1517,0.1388
191,1326,1517,0.1388
198,1318,1516,0.1388
196,1330,1526,0.1388
199,1319,1518,0.1388
199,1335,1534,0.1388
193,1318,1511,0.1388
198,1314,1512,0.1388
192,1324,1516,0.1388
195,1327,1522,0.1388
196,1333,1529,0.1388
197,1324,1521,0.1388
198,1332,1530,0.1388
200,1330,1530,0.1388
196,1332,1528,0.1388
197,1334,1531,0.1388
194,1339,1533,0.1388
191,1332,1523,0.1388
186,1340,1526,0.1388
188,1327,1515,0.1388
191,1322,1513,0.1388
184,1334,1518,0.1388
188,1324,1512,0.1388
194,1323,1517,0.1388
191,1333,1524,0.1388
188,1333,1521,0.1388
194,1330,1524,0.1388
194,1337,1531,0.1388
194,1324,1518,0.1388
194,1323,1517,0.1388
185,1329,1514,0.1388
178,1325,1503,0.1388
174,1333,1507,0.1388
179,1336,1515,0.1388
179,1328,1507,0.1388
182,1332,1514,0.1388
182,1336,1518,0.1388
179,1330,1509,0.1388
177,1331,1508,0.1388
178,1323,1501,0.1388
181,1329,1510,0.1388
176,1327,1503,0.1388
174,1337,1511,0.1388
173,1334,1507,0.1388
175,1338,1513,0.1388
177,1343,1520,0.1388
178,1336,1514,0.1388
177,1354,1531,0.1388
173,1350,1523,0.1388
175,1348,1523,0.1388
170,1347,1517,0.1388
175,1357,1532,0.1388
171,1344,1515,0.1388
168,1343,1511,0.1388
163,1330,1493,0.1388
164,1340,1504,0.1388
162,1343,1505,0.1388
161,1343,1504,0.1388
160,1344,1504,0.1388
163,1354,1517,0.1388
162,1349,1511,0.1388
163,1347,1510,0.1388
159,1348,1507,0.1388
160,1344,1504,0.1388
161,1344,1505,0.1388
163,1348,1511,0.1388
163,1351,1514,0.1388
165,1349,1514,0.1388
165,1354,1519,0.1388
167,1349,1516,0.1388
167,1345,1512,0.1388
165,1347,1512,0.1388
168,1354,1522,0.1388
166,1343,1509,0.1388
162,1351,1513,0.1388
162,1355,1517,0.1388
161,1357,1518,0.1388
162,1370,1532,0.1388
163,1361,1524,0.1388
163,1350,1513,0.1388
160,1365,1525,0.1388
161,1355,1516,0.1388
159,1351,1510,0.1388
159,1347,1506,0.1388
154,1348,1502,0.1388
151,1355,1506,0.1388
152,1367,1519,0.1388
149,1365,1514,0.1388
149,1373,1522,0.1388
148,1384,1532,0.1388
143,1368,1511,0.1388
137,1378,1515,0.1388
137,1373,1510,0.1388
138,1373,1511,0.1388
137,1366,1503,0.1388
133,1366,1499,0.1388
133,1358,1491,0.1388
134,1361,1495,0.1388
136,1368,1504,0.1388
132,1371,1503,0.1388
134,1374,1508,0.1388
131,1371,1502,0.1388
126,1380,1506,0.1388
128,1385,1513,0.1388
124,1386,1510,0.1388
123,1405,1528,0.1388
123,1403,1526,0.1388
125,1406,1531,0.1388
123,1404,1527,0.1388
123,1400,1523,0.1388
127,1396,1523,0.1388
124,1398,1522,0.1388
125,1392,1517,0.1388
123,1388,1511,0.1388
123,1386,1509,0.1388
123,1378,1501,0.1388
117,1373,1490,0.1388
117,1383,1500,0.1388
121,1378,1499,0.1388
121,1381,1502,0.1388
125,1381,1506,0.1388
125,1390,1515,0.1388
127,1385,1512,0.1388
128,1395,1523,0.1388
127,1386,1513,0.1388
126,1391,1517,0.1388
127,1389,1516,0.1388
120,1399,1519,0.1388
119,1401,1520,0.1388
121,1396,1517,0.1388
124,1392,1516,0.1388
124,1396,1520,0.1388
121,1392,1513,0.1388
118,1374,1492,0.1388
121,1381,1502,0.1388
126,1380,1506,0.1388
123,1376,1499,0.1388
125,1392,1517,0.1388
127,1389,1516,0.1388
129,1389,1518,0.1388
131,1373,1504,0.1388
130,1377,1507,0.1388
129,1386,1515,0.1388
128,1384,1512,0.1388
130,1383,1513,0.1388
128,1385,1513,0.1388
129,1387,1516,0.1388
126,1391,1517,0.1388
127,1400,1527,0.1388
126,1398,1524,0.1388
125,1399,1524,0.1388
131,1397,1528,0.1388
129,1382,1511,0.1388
129,1391,1520,0.1388
128,1385,1513,0.1388
125,1392,1517,0.1388
120,1399,1519,0.1388
120,1391,1511,0.1388
117,1394,1511,0.1388
116,1390,1506,0.1388
117,1387,1504,0.1388
115,1387,1502,0.1388
118,1398,1516,0.1388
117,1397,1514,0.1388
118,1402,1520,0.1388
117,1407,1524,0.1388
113,1400,1513,0.1388
114,1395,1509,0.1388
113,1413,1526,0.1388
110,1408,1518,0.1388
109,1403,1512,0.1388
107,1397,1504,0.1388
113,1394,1507,0.1388
112,1408,1520,0.1388
112,1401,1513,0.1388
111,1406,1517,0.1388
108,1404,1512,0.1388
109,1409,1518,0.1388
110,1395,1505,0.1388
107,1404,1511,0.1388
106,1411,1517,0.1388
105,1409,1514,0.1388
106,1416,1522,0.1388
105,1428,1533,0.1388
106,1425,1531,0.1388
106,1416,1522,0.1388
107,1418,1525,0.1388
106,1397,1503,0.1388
105,1404,1509,0.1388
106,1407,1513,0.1388
100,1412,1512,0.1388
104,1418,1522,0.1388
105,1426,1531,0.1388
107,1429,1536,0.1388
107,1417,1524,0.1388
105,1412,1517,0.1388
110,1403,1513,0.1388
111,1412,1523,0.1388
107,1408,1515,0.1388
107,1404,1511,0.1388
107,1398,1505,0.1388
109,1402,1511,0.1388
111,1404,1515,0.1388
108,1392,1500,0.1388
107,1382,1489,0.1388
108,1382,1490,0.1388
110,1397,1507,0.1388
108,1409,1517,0.1388
107,1410,1517,0.1388
109,1403,1512,0.1388
111,1398,1509,0.1388
108,1390,1498,0.1388
109,1403,1512,0.1388
106,1403,1509,0.1388
106,1399,1505,0.1388
104,1415,1519,0.1388
104,1413,1517,0.1388
105,1416,1521,0.1388
107,1420,1527,0.1388
105,1428,1533,0.1388
110,1410,1520,0.1388
106,1405,1511,0.1388
108,1422,1530,0.1388
106,1426,1532,0.1388
106,1415,1521,0.1388
104,1407,1511,0.1388
105,1402,1507,0.1388
105,1394,1499,0.1388
104,1387,1491,0.1388
104,1405,1509,0.1388
98,1414,1512,0.1388
101,1403,1504,0.1388
101,1422,1523,0.1388
99,1417,1516,0.1388
94,1427,1521,0.1388
92,1427,1519,0.1388
90,1411,1501,0.1388
90,1419,1509,0.1388
87,1420,1507,0.1388
87,1422,1509,0.1388
83,1426,1509,0.1388
87,1425,1512,0.1388
85,1429,1514,0.1388
88,1439,1527,0.1388
88,1439,1527,0.1388
85,1432,1517,0.1388
83,1433,1516,0.1388
83,1419,1502,0.1388
81,1431,1512,0.1388
80,1440,1520,0.1388
81,1439,1520,0.1388
80,1436,1516,0.1388
79,1437,1516,0.1388
82,1432,1514,0.1388
78,1440,1518,0.1388
77,1442,1519,0.1388
78,1438,1516,0.1388
76,1452,1528,0.1388
75,1437,1512,0.1388
75,1452,1527,0.1388
75,1444,1519,0.1388
69,1447,1516,0.1388
71,1451,1522,0.1388
72,1447,1519,0.1388
72,1448,1520,0.1388
69,1441,1510,0.1388
69,1450,1519,0.1388
63,1460,1523,0.1388
63,1467,1530,0.1388
63,1473,1536,0.1388
61,1467,1528,0.1388
60,1464,1524,0.1388
59,1472,1531,0.1388
57,1453,1510,0.1388
58,1468,1526,0.1388
58,1473,1531,0.1388
58,1466,1524,0.1388
57,1464,1521,0.1388
58,1465,1523,0.1388
55,1461,1516,0.1388
54,1481,1535,0.1388
54,1471,1525,0.1388
53,1479,1532,0.1388
54,1482,1536,0.1388
51,1473,1524,0.1388
50,1484,1534,0.1388
46,1470,1516,0.1388
48,1469,1517,0.1388
48,1474,1522,0.1388
48,1478,1526,0.1388
49,1479,1528,0.1388
47,1467,1514,0.1388
45,1481,1526,0.1388
44,1470,1514,0.1388
46,1463,1509,0.1388
48,1458,1506,0.1388
50,1451,1501,0.1388
53,1457,1510,0.1388
54,1457,1511,0.1388
56,1453,1509,0.1388
57,1464,1521,0.1388
57,1457,1514,0.1388
56,1447,1503,0.1388
57,1465,1522,0.1388
57,1459,1516,0.1388
56,1457,1513,0.1388
56,1447,1503,0.1388
56,1444,1500,0.1388
57,1449,1506,0.1388
56,1444,1500,0.1388
55,1441,1496,0.1388
53,1458,1511,0.1388
56,1460,1516,0.1388
54,1473,1527,0.1388
56,1467,1523,0.1388
56,1467,1523,0.1388
56,1470,1526,0.1388
56,1469,1525,0.1388
55,1468,1523,0.1388
54,1478,1532,0.1388
54,1483,1537,0.1388
52,1475,1527,0.1388
51,1464,1515,0.1388
52,1461,1513,0.1388
53,1471,1524,0.1388
53,1467,1520,0.1388
52,1460,1512,0.1388
53,1470,1523,0.1388
53,1469,1522,0.1388
54,1462,1516,0.1388
53,1475,1528,0.1388
52,1464,1516,0.1388
57,1461,1518,0.1388
56,1471,1527,0.1388
54,1483,1537,0.1388
52,1475,1527,0.1388
51,1461,1512,0.1388
51,1478,1529,0.1388
52,1473,1525,0.1388
51,1466,1517,0.1388
52,1470,1522,0.1388
53,1465,1518,0.1388
52,1457,1509,0.1388
53,1453,1506,0.1388
50,1452,1502,0.1388
50,1463,1513,0.1388
51,1460,1511,0.1388
50,1457,1507,0.1388
50,1447,1497,0.1388
47,1458,1505,0.1388
46,1480,1526,0.1388
44,1462,1506,0.1388
44,1459,1503,0.1388
44,1468,1512,0.1388
45,1454,1499,0.1388
46,1461,1507,0.1388
46,1470,1516,0.1388
46,1470,1516,0.1388
47,1470,1517,0.1388
49,1477,1526,0.1388
50,1473,1523,0.1388
50,1461,1511,0.1388
49,1466,1515,0.1388
48,1459,1507,0.1388
49,1479,1528,0.1388
51,1475,1526,0.1388
48,1478,1526,0.1388
48,1472,1520,0.1388
48,1475,1523,0.1388
49,1474,1523,0.1388
47,1480,1527,0.1388
47,1472,1519,0.1388
47,1464,1511,0.1388
48,1461,1509,0.1388
49,1460,1509,0.1388
48,1471,1519,0.1388
49,1477,1526,0.1388
50,1474,1524,0.1388
49,1470,1519,0.1388
48,1485,1533,0.1388
48,1482,1530,0.1388
51,1477,1528,0.1388
51,1472,1523,0.1388
54,1474,1528,0.1388
52,1462,1514,0.1388
53,1462,1515,0.1388
53,1462,1515,0.1388
54,1468,1522,0.1388
53,1454,1507,0.1388
54,1473,1527,0.1388
51,1462,1513,0.1388
52,1447,1499,0.1388
53,1454,1507,0.1388
53,1455,1508,0.1388
55,1453,1508,0.1388
54,1453,1507,0.1388
57,1457,1514,0.1388
58,1458,1516,0.1388
58,1454,1512,0.1388
58,1463,1521,0.1388
56,1464,1520,0.1388
55,1466,1521,0.1388
54,1465,1519,0.1388
54,1456,1510,0.1388
55,1460,1515,0.1388
55,1466,1521,0.1388
57,1472,1529,0.1388
58,1469,1527,0.1388
57,1463,1520,0.1388
57,1468,1525,0.1388
57,1471,1528,0.1388
55,1472,1527,0.1388
55,1464,1519,0.1388
55,1484,1539,0.1388
54,1489,1543,0.1388
54,1477,1531,0.1388
56,1470,1526,0.1388
56,1467,1523,0.1388
56,1472,1528,0.1388
58,1462,1520,0.1388
58,1455,1513,0.1388
60,1440,1500,0.1388
63,1449,1512,0.1388
63,1450,1513,0.1388
65,1455,1520,0.1388
64,1457,1521,0.1388
61,1452,1513,0.1388
58,1453,1511,0.1388
59,1446,1505,0.1388
58,1447,1505,0.1388
56,1455,1511,0.1388
55,1465,1520,0.1388
55,1462,1517,0.1388
52,1464,1516,0.1388
54,1442,1496,0.1388
57,1458,1515,0.1388
56,1451,1507,0.1388
56,1462,1518,0.1388
56,1464,1520,0.1388
54,1463,1517,0.1388
52,1459,1511,0.1388
55,1457,1512,0.1388
55,1452,1507,0.1388
55,1464,1519,0.1388
55,1461,1516,0.1388
56,1452,1508,0.1388
56,1443,1499,0.1388
56,1450,1506,0.1388
51,1457,1508,0.1388
52,1447,1499,0.1388
52,1462,1514,0.1388
51,1474,1525,0.1388
51,1464,1515,0.1388
49,1467,1516,0.1388
51,1459,1510,0.1388
51,1459,1510,0.1388
49,1455,1504,0.1388
50,1455,1505,0.1388
49,1458,1507,0.1388
50,1458,1508,0.1388
46,1454,1500,0.1388
48,1467,1515,0.1388
49,1466,1515,0.1388
48,1461,1509,0.1388
46,1468,1514,0.1388
44,1486,1530,0.1388
43,1480,1523,0.1388
45,1473,1518,0.1388
44,1472,1516,0.1388
45,1460,1505,0.1388
45,1464,1509,0.1388
45,1462,1507,0.1388
45,1459,1504,0.1388
46,1454,1500,0.1388
39,1454,1493,0.1388
39,1468,1507,0.1388
39,1468,1507,0.1388
37,1471,1508,0.1388
39,1484,1523,0.1388
39,1477,1516,0.1388
39,1477,1516,0.1388
39,1474,1513,0.1388
38,1463,1501,0.1388
38,1470,1508,0.1388
39,1471,1510,0.1388
40,1481,1521,0.1388
39,1476,1515,0.1388
40,1486,1526,0.1388
40,1470,1510,0.1388
40,1459,1499,0.1388
38,1473,1511,0.1388
37,1478,1515,0.1388
35,1479,1514,0.1388
35,1469,1504,0.1388
36,1475,1511,0.1388
36,1477,1513,0.1388
34,1477,1511,0.1388
36,1458,1494,0.1388
36,1462,1498,0.1388
37,1489,1526,0.1388
36,1474,1510,0.1388
34,1486,1520,0.1388
34,1476,1510,0.1388
34,1476,1510,0.1388
34,1492,1526,0.1388
33,1481,1514,0.1388
33,1485,1518,0.1388
33,1471,1504,0.1388
33,1485,1518,0.1388
34,1484,1518,0.1388
35,1490,1525,0.1388
37,1497,1534,0.1388
37,1481,1518,0.1388
36,1478,1514,0.1388
35,1473,1508,0.1388
34,1470,1504,0.1388
30,1481,1511,0.1388
31,1479,1510,0.1388
31,1474,1505,0.1388
31,1480,1511,0.1388
30,1487,1517,0.1388
31,1496,1527,0.1388
32,1484,1516,0.1388
32,1486,1518,0.1388
32,1483,1515,0.1388
33,1484,1517,0.1388
33,1489,1522,0.1388
33,1479,1512,0.1388
33,1477,1510,0.1388
34,1477,1511,0.1388
34,1476,1510,0.1388
34,1482,1516,0.1388
36,1472,1508,0.1388
39,1478,1517,0.1388
41,1474,1515,0.1388
41,1477,1518,0.1388
41,1470,1511,0.1388
41,1478,1519,0.1388
39,1485,1524,0.1388
39,1470,1509,0.1388
39,1468,1507,0.1388
40,1468,1508,0.1388
40,1468,1508,0.1388
42,1467,1509,0.1388
41,1481,1522,0.1388
40,1459,1499,0.1388
41,1461,1502,0.1388
39,1459,1498,0.1388
40,1477,1517,0.1388
38,1471,1509,0.1388
37,1473,1510,0.1388
38,1478,1516,0.1388
37,1464,1501,0.1388
37,1478,1515,0.1388
38,1469,1507,0.1388
38,1485,1523,0.1388
40,1468,1508,0.1388
40,1461,1501,0.1388
40,1469,1509,0.1388
41,1477,1518,0.1388
42,1474,1516,0.1388
41,1473,1514,0.1388
38,1470,1508,0.1388
39,1474,1513,0.1388
38,1471,1509,0.1388
41,1465,1506,0.1388
42,1470,1512,0.1388
43,1469,1512,0.1388
43,1463,1506,0.1388
44,1472,1516,0.1388
43,1472,1515,0.1388
42,1481,1523,0.1388
43,1492,1535,0.1388
43,1485,1528,0.1388
41,1477,1518,0.1388
39,1476,1515,0.1388
40,1486,1526,0.1388
39,1486,1525,0.1388
40,1480,1520,0.1388
43,1475,1518,0.1388
43,1481,1524,0.1388
42,1483,1525,0.1388
42,1477,1519,0.1388
42,1468,1510,0.1388
40,1472,1512,0.1388
41,1459,1500,0.1388
41,1468,1509,0.1388
40,1470,1510,0.1388
42,1470,1512,0.1388
42,1477,1519,0.1388
42,1484,1526,0.1388
42,1489,1531,0.1388
41,1484,1525,0.1388
42,1482,1524,0.1388
43,1485,1528,0.1388
43,1473,1516,0.1388
43,1466,1509,0.1388
45,1480,1525,0.1388
48,1478,1526,0.1388
47,1477,1524,0.1388
45,1475,1520,0.1388
43,1481,1524,0.1388
42,1492,1534,0.1388
40,1491,1531,0.1388
36,1502,1538,0.1388
39,1505,1544,0.1388
40,1499,1539,0.1388
39,1483,1522,0.1388
39,1475,1514,0.1388
39,1463,1502,0.1388
40,1450,1490,0.1388
40,1454,1494,0.1388
40,1466,1506,0.1388
41,1484,1525,0.1388
41,1496,1537,0.1388
42,1490,1532,0.1388
38,1498,1536,0.1388
38,1493,1531,0.1388
40,1468,1508,0.1388
40,1462,1502,0.1388
38,1464,1502,0.1388
42,1481,1523,0.1388
43,1482,1525,0.1388
40,1467,1507,0.1388
40,1474,1514,0.1388
40,1480,1520,0.1388
43,1477,1520,0.1388
40,1480,1520,0.1388
37,1479,1516,0.1388
35,1482,1517,0.1388
35,1481,1516,0.1388
35,1474,1509,0.1388
34,1476,1510,0.1388
36,1480,1516,0.1388
35,1483,1518,0.1388
36,1468,1504,0.1388
36,1471,1507,0.1388
36,1462,1498,0.1388
35,1469,1504,0.1388
35,1481,1516,0.1388
35,1477,1512,0.1388
35,1474,1509,0.1388
35,1475,1510,0.1388
35,1475,1510,0.1388
34,1491,1525,0.1388
33,1492,1525,0.1388
32,1478,1510,0.1388
32,1470,1502,0.1388
32,1480,1512,0.1388
33,1482,1515,0.1388
33,1475,1508,0.1388
33,1473,1506,0.1388
31,1473,1504,0.1388
31,1486,1517,0.1388
31,1496,1527,0.1388
31,1489,1520,0.1388
31,1489,1520,0.1388
29,1489,1518,0.1388
29,1490,1519,0.1388
30,1486,1516,0.1388
30,1484,1514,0.1388
32,1488,1520,0.1388
31,1487,1518,0.1388
31,1496,1527,0.1388
30,1494,1524,0.1388
30,1493,1523,0.1388
29,1496,1525,0.1388
29,1498,1527,0.1388
29,1483,1512,0.1388
28,1484,1512,0.1388
27,1491,1518,0.1388
27,1502,1529,0.1388
28,1506,1534,0.1388
27,1495,1522,0.1388
25,1486,1511,0.1388
24,1476,1500,0.1388
25,1490,1515,0.1388
26,1496,1522,0.1388
25,1485,1510,0.1388
26,1484,1510,0.1388
26,1482,1508,0.1388
26,1490,1516,0.1388
27,1493,1520,0.1388
27,1483,1510,0.1388
26,1475,1501,0.1388
27,1474,1501,0.1388
29,1473,1502,0.1388
28,1474,1502,0.1388
27,1461,1488,0.1388
28,1478,1506,0.1388
30,1483,1513,0.1388
29,1483,1512,0.1388
26,1499,1525,0.1388
27,1503,1530,0.1388
28,1490,1518,0.1388
27,1488,1515,0.1388
25,1488,1513,0.1388
23,1496,1519,0.1388
24,1486,1510,0.1388
24,1503,1527,0.1388
25,1508,1533,0.1388
26,1489,1515,0.1388
27,1499,1526,0.1388
27,1496,1523,0.1388
26,1500,1526,0.1388
26,1496,1522,0.1388
25,1504,1529,0.1388
26,1514,1540,0.1388
25,1504,1529,0.1388
24,1501,1525,0.1388
22,1507,1529,0.1388
22,1506,1528,0.1388
21,1507,1528,0.1388
21,1497,1518,0.1388
21,1508,1529,0.1388
21,1517,1538,0.1388
21,1508,1529,0.1388
21,1500,1521,0.1388
21,1506,1527,0.1388
21,1495,1516,0.1388
21,1501,1522,0.1388
19,1508,1527,0.1388
19,1502,1521,0.1388
18,1507,1525,0.1388
19,1519,1538,0.1388
19,1492,1511,0.1388
21,1489,1510,0.1388
24,1491,1515,0.1388
23,1486,1509,0.1388
23,1493,1516,0.1388
23,1493,1516,0.1388
22,1496,1518,0.1388
24,1506,1530,0.1388
25,1499,1524,0.1388
24,1486,1510,0.1388
22,1506,1528,0.1388
19,1501,1520,0.1388
19,1491,1510,0.1388
17,1493,1510,0.1388
18,1488,1506,0.1388
18,1484,1502,0.1388
16,1488,1504,0.1388
15,1499,1514,0.1388
15,1504,1519,0.1388
13,1500,1513,0.1388
12,1504,1516,0.1388
14,1511,1525,0.1388
14,1507,1521,0.1388
14,1509,1523,0.1388
14,1514,1528,0.1388
13,1513,1526,0.1388
13,1514,1527,0.1388
12,1499,1511,0.1388
13,1494,1507,0.1388
14,1502,1516,0.1388
14,1492,1506,0.1388
13,1495,1508,0.1388
13,1511,1524,0.1388
12,1504,1516,0.1388
12,1504,1516,0.1388
11,1505,1516,0.1388
11,1506,1517,0.1388
10,1509,1519,0.1388
11,1503,1514,0.1388
11,1493,1504,0.1388
11,1500,1511,0.1388
11,1504,1515,0.1388
11,1499,1510,0.1388
10,1500,1510,0.1388
11,1498,1509,0.1388
11,1492,1503,0.1388
12,1505,1517,0.1388
12,1503,1515,0.1388
12,1494,1506,0.1388
12,1503,1515,0.1388
12,1497,1509,0.1388
12,1494,1506,0.1388
12,1511,1523,0.1388
12,1489,1501,0.1388
13,1498,1511,0.1388
13,1500,1513,0.1388
12,1502,1514,0.1388
13,1509,1522,0.1388
12,1512,1524,0.1388
12,1491,1503,0.1388
12,1488,1500,0.1388
13,1495,1508,0.1388
13,1500,1513,0.1388
13,1505,1518,0.1388
12,1485,1497,0.1388
12,1503,1515,0.1388
12,1509,1521,0.1388
13,1526,1539,0.1388
13,1515,1528,0.1388
13,1505,1518,0.1388
13,1511,1524,0.1388
13,1496,1509,0.1388
12,1505,1517,0.1388
12,1509,1521,0.1388
13,1508,1521,0.1388
14,1501,1515,0.1388
12,1514,1526,0.1388
11,1502,1513,0.1388
11,1498,1509,0.1388
9,1503,1512,0.1388
8,1510,1518,0.1388
7,1519,1526,0.1388
7,1509,1516,0.1388
6,1513,1519,0.1388
6,1510,1516,0.1388
6,1502,1508,0.1388
6,1501,1507,0.1388
6,1496,1502,0.1388
5,1500,1505,0.1388
4,1515,1519,0.1388
4,1502,1506,0.1388
4,1498,1502,0.1388
4,1514,1518,0.1388
4,1515,1519,0.1388
4,1522,1526,0.1388
4,1513,1517,0.1388
5,1516,1521,0.1388
5,1523,1528,0.1388
4,1519,1523,0.1388
4,1518,1522,0.1388
4,1500,1504,0.1388
4,1502,1506,0.1388
4,1495,1499,0.1388
4,1504,1508,0.1388
4,1518,1522,0.1388
4,1525,1529,0.1388
4,1510,1514,0.1388
4,1516,1520,0.1388
4,1514,1518,0.1388
3,1516,1519,0.1388
3,1512,1515,0.1388
3,1522,1525,0.1388
3,1517,1520,0.1388
2,1516,1518,0.1388
2,1520,1522,0.1388
2,1503,1505,0.1388
2,1499,1501,0.1388
2,1515,1517,0.1388
2,1509,1511,0.1388
2,1514,1516,0.1388
1,1511,1512,0.1388
1,1515,1516,0.1388
1,1522,1523,0.1388
1,1517,1518,0.1388
1,1512,1513,0.1388
1,1519,1520,0.1388
1,1503,1504,0.1388
1,1509,1510,0.1388
1,1508,1509,0.1388
1,1514,1515,0.1388
1,1514,1515,0.1388
1,1515,1516,0.1388
1,1515,1516,0.1388
1,1504,1505,0.1388
1,1503,1504,0.1388
1,1503,1504,0.1388
1,1502,1503,0.1388
1,1502,1503,0.1388
1,1514,1515,0.1388
1,1514,1515,0.1388
1,1527,1528,0.1388
1,1532,1533,0.1388
1,1517,1518,0.1388
0,1515,1515,0.1388
