1375,28,1403,0.1388
1402,30,1432,0.1388
1422,28,1450,0.1388
1422,28,1450,0.1388
1423,31,1454,0.1388
1437,32,1469,0.1388
1455,32,1487,0.1388
1448,33,1481,0.1388
1456,31,1487,0.1388
1458,33,1491,0.1388
1455,32,1487,0.1388
1466,34,1500,0.1388
1464,33,1497,0.1388
1455,34,1489,0.1388
1442,34,1476,0.1388
1454,35,1489,0.1388
1457,34,1491,0.1388
1443,32,1475,0.1388
1438,31,1469,0.1388
1439,31,1470,0.1388
1440,34,1474,0.1388
1438,32,1470,0.1388
1445,32,1477,0.1388
1447,32,1479,0.1388
1449,33,1482,0.1388
1460,33,1493,0.1388
1472,32,1504,0.1388
1470,34,1504,0.1388
1470,36,1506,0.1388
1461,36,1497,0.1388
1469,36,1505,0.1388
1464,35,1499,0.1388
1457,36,1493,0.1388
1469,37,1506,0.1388
1485,35,1520,0.1388
1492,37,1529,0.1388
1481,36,1517,0.1388
1462,38,1500,0.1388
1462,37,1499,0.1388
1438,36,1474,0.1388
1439,37,1476,0.1388
1441,38,1479,0.1388
1444,43,1487,0.1388
1451,44,1495,0.1388
1462,44,1506,0.1388
1459,46,1505,0.1388
1465,46,1511,0.1388
1458,48,1506,0.1388
1437,49,1486,0.1388
1444,51,1495,0.1388
1435,51,1486,0.1388
1431,52,1483,0.1388
1419,57,1476,0.1388
1424,59,1483,0.1388
1415,57,1472,0.1388
1426,60,1486,0.1388
1423,58,1481,0.1388
1428,59,1487,0.1388
1419,58,1477,0.1388
1429,58,1487,0.1388
1433,59,1492,0.1388
1432,59,1491,0.1388
1450,59,1509,0.1388
1440,62,1502,0.1388
1444,66,1510,0.1388
1439,65,1504,0.1388
1438,67,1505,0.1388
1436,68,1504,0.1388
1431,72,1503,0.1388
1416,73,1489,0.1388
1403,74,1477,0.1388
1431,76,1507,0.1388
1423,71,1494,0.1388
1414,70,1484,0.1388
1413,68,1481,0.1388
1427,65,1492,0.1388
1438,69,1507,0.1388
1443,70,1513,0.1388
1444,67,1511,0.1388
1431,71,1502,0.1388
1437,71,1508,0.1388
1420,72,1492,0.1388
1427,72,1499,0.1388
1420,74,1494,0.1388
1419,75,1494,0.1388
1426,75,1501,0.1388
1430,74,1504,0.1388
1446,78,1524,0.1388
1430,79,1509,0.1388
1419,78,1497,0.1388
1429,78,1507,0.1388
1433,79,1512,0.1388
1436,79,1515,0.1388
1428,80,1508,0.1388
1421,81,1502,0.1388
1418,80,1498,0.1388
1414,77,1491,0.1388
1411,80,1491,0.1388
1419,78,1497,0.1388
1415,77,1492,0.1388
1420,78,1498,0.1388
1416,80,1496,0.1388
1419,81,1500,0.1388
1432,81,1513,0.1388
1428,83,1511,0.1388
1426,84,1510,0.1388
1411,85,1496,0.1388
1404,80,1484,0.1388
1409,77,1486,0.1388
1423,80,1503,0.1388
1416,77,1493,0.1388
1417,79,1496,0.1388
1409,79,1488,0.1388
1413,75,1488,0.1388
1417,74,1491,0.1388
1427,75,1502,0.1388
1416,77,1493,0.1388
1403,74,1477,0.1388
1396,76,1472,0.1388
1403,77,1480,0.1388
1410,77,1487,0.1388
1410,77,1487,0.1388
1402,80,1482,0.1388
1404,76,1480,0.1388
1411,73,1484,0.1388
1410,74,1484,0.1388
1403,74,1477,0.1388
1405,73,1478,0.1388
1408,74,1482,0.1388
1407,74,1481,0.1388
1407,76,1483,0.1388
1408,77,1485,0.1388
1415,79,1494,0.1388
1421,78,1499,0.1388
1422,80,1502,0.1388
1422,79,1501,0.1388
1407,81,1488,0.1388
1396,83,1479,0.1388
1404,87,1491,0.1388
1409,87,1496,0.1388
1409,87,1496,0.1388
1408,85,1493,0.1388
1419,83,1502,0.1388
1414,82,1496,0.1388
1421,82,1503,0.1388
1415,81,1496,0.1388
1416,82,1498,0.1388
1424,83,1507,0.1388
1438,84,1522,0.1388
1432,84,1516,0.1388
1414,82,1496,0.1388
1416,81,1497,0.1388
1416,80,1496,0.1388
1414,80,1494,0.1388
1416,77,1493,0.1388
1418,79,1497,0.1388
1422,80,1502,0.1388
1413,86,1499,0.1388
1409,85,1494,0.1388
1408,85,1493,0.1388
1407,85,1492,0.1388
1409,84,1493,0.1388
1413,81,1494,0.1388
1425,81,1506,0.1388
1416,80,1496,0.1388
1407,81,1488,0.1388
1409,81,1490,0.1388
1403,82,1485,0.1388
1399,84,1483,0.1388
1406,83,1489,0.1388
1414,82,1496,0.1388
1417,80,1497,0.1388
1419,81,1500,0.1388
1419,81,1500,0.1388
1418,83,1501,0.1388
1414,80,1494,0.1388
1416,79,1495,0.1388
1408,82,1490,0.1388
1405,82,1487,0.1388
1403,84,1487,0.1388
1406,83,1489,0.1388
1405,82,1487,0.1388
1413,85,1498,0.1388
1405,85,1490,0.1388
1412,85,1497,0.1388
1401,80,1481,0.1388
1397,81,1478,0.1388
1401,81,1482,0.1388
1404,83,1487,0.1388
1408,78,1486,0.1388
1424,80,1504,0.1388
1406,79,1485,0.1388
1413,78,1491,0.1388
1416,79,1495,0.1388
1426,78,1504,0.1388
1413,81,1494,0.1388
1407,80,1487,0.1388
1410,77,1487,0.1388
1420,80,1500,0.1388
1411,81,1492,0.1388
1402,83,1485,0.1388
1396,79,1475,0.1388
1402,82,1484,0.1388
1388,81,1469,0.1388
1390,77,1467,0.1388
1400,76,1476,0.1388
1401,73,1474,0.1388
1389,73,1462,0.1388
1397,75,1472,0.1388
1400,79,1479,0.1388
1421,81,1502,0.1388
1409,85,1494,0.1388
1407,88,1495,0.1388
1412,91,1503,0.1388
1418,90,1508,0.1388
1411,90,1501,0.1388
1409,93,1502,0.1388
1419,89,1508,0.1388
1422,91,1513,0.1388
1412,96,1508,0.1388
1412,96,1508,0.1388
1408,99,1507,0.1388
1400,97,1497,0.1388
1409,96,1505,0.1388
1402,95,1497,0.1388
1390,94,1484,0.1388
1413,94,1507,0.1388
1420,92,1512,0.1388
1418,94,1512,0.1388
1405,96,1501,0.1388
1404,98,1502,0.1388
1400,95,1495,0.1388
1399,94,1493,0.1388
1401,92,1493,0.1388
1394,90,1484,0.1388
1385,92,1477,0.1388
1389,93,1482,0.1388
1395,90,1485,0.1388
1390,91,1481,0.1388
1398,95,1493,0.1388
1393,95,1488,0.1388
1388,94,1482,0.1388
1391,90,1481,0.1388
1386,89,1475,0.1388
1391,89,1480,0.1388
1383,86,1469,0.1388
1398,89,1487,0.1388
1404,91,1495,0.1388
1402,91,1493,0.1388
1403,94,1497,0.1388
1410,93,1503,0.1388
1407,93,1500,0.1388
1407,92,1499,0.1388
1406,88,1494,0.1388
1417,89,1506,0.1388
1429,86,1515,0.1388
1418,86,1504,0.1388
1403,85,1488,0.1388
1413,87,1500,0.1388
1395,85,1480,0.1388
1395,84,1479,0.1388
1391,83,1474,0.1388
1390,87,1477,0.1388
1398,88,1486,0.1388
1402,88,1490,0.1388
1382,88,1470,0.1388
1406,88,1494,0.1388
1395,87,1482,0.1388
1399,87,1486,0.1388
1389,86,1475,0.1388
1399,85,1484,0.1388
1395,91,1486,0.1388
1378,93,1471,0.1388
1378,88,1466,0.1388
1394,92,1486,0.1388
1394,90,1484,0.1388
1390,95,1485,0.1388
1388,91,1479,0.1388
1384,89,1473,0.1388
1395,91,1486,0.1388
1399,90,1489,0.1388
1387,97,1484,0.1388
1394,99,1493,0.1388
1397,98,1495,0.1388
1392,99,1491,0.1388
1387,98,1485,0.1388
1390,95,1485,0.1388
1390,96,1486,0.1388
1381,96,1477,0.1388
1374,96,1470,0.1388
1385,99,1484,0.1388
1391,102,1493,0.1388
1394,104,1498,0.1388
1385,99,1484,0.1388
1383,105,1488,0.1388
1385,103,1488,0.1388
1385,106,1491,0.1388
1382,107,1489,0.1388
1383,109,1492,0.1388
1387,112,1499,0.1388
1387,111,1498,0.1388
1381,111,1492,0.1388
1385,110,1495,0.1388
1380,110,1490,0.1388
1386,111,1497,0.1388
1393,114,1507,0.1388
1396,117,1513,0.1388
1396,115,1511,0.1388
1384,115,1499,0.1388
1392,116,1508,0.1388
1388,114,1502,0.1388
1382,112,1494,0.1388
1383,115,1498,0.1388
1393,116,1509,0.1388
1387,115,1502,0.1388
1382,117,1499,0.1388
1372,116,1488,0.1388
1379,113,1492,0.1388
1371,117,1488,0.1388
1370,121,1491,0.1388
1361,122,1483,0.1388
1362,122,1484,0.1388
1363,118,1481,0.1388
1362,114,1476,0.1388
1384,114,1498,0.1388
1369,116,1485,0.1388
1373,118,1491,0.1388
1365,118,1483,0.1388
1372,117,1489,0.1388
1358,117,1475,0.1388
1364,124,1488,0.1388
1375,125,1500,0.1388
1373,124,1497,0.1388
1356,129,1485,0.1388
1353,135,1488,0.1388
1359,136,1495,0.1388
1353,137,1490,0.1388
1363,136,1499,0.1388
1360,136,1496,0.1388
1350,138,1488,0.1388
1359,140,1499,0.1388
1346,142,1488,0.1388
1348,144,1492,0.1388
1330,146,1476,0.1388
1331,146,1477,0.1388
1341,148,1489,0.1388
1351,143,1494,0.1388
1341,147,1488,0.1388
1344,149,1493,0.1388
1343,152,1495,0.1388
1345,153,1498,0.1388
1345,151,1496,0.1388
1353,152,1505,0.1388
1343,151,1494,0.1388
1348,152,1500,0.1388
1341,152,1493,0.1388
1350,151,1501,0.1388
1336,155,1491,0.1388
1327,157,1484,0.1388
1321,158,1479,0.1388
1327,163,1490,0.1388
1324,165,1489,0.1388
1316,169,1485,0.1388
1326,166,1492,0.1388
1323,164,1487,0.1388
1323,161,1484,0.1388
1326,166,1492,0.1388
1326,164,1490,0.1388
1325,163,1488,0.1388
1332,168,1500,0.1388
1331,167,1498,0.1388
1323,167,1490,0.1388
1323,166,1489,0.1388
1345,165,1510,0.1388
1333,172,1505,0.1388
1328,174,1502,0.1388
1322,180,1502,0.1388
1317,178,1495,0.1388
1320,179,1499,0.1388
1310,181,1491,0.1388
1320,182,1502,0.1388
1316,181,1497,0.1388
1310,179,1489,0.1388
1312,177,1489,0.1388
1311,178,1489,0.1388
1305,180,1485,0.1388
1300,181,1481,0.1388
1313,183,1496,0.1388
1307,184,1491,0.1388
1319,185,1504,0.1388
1311,189,1500,0.1388
1312,193,1505,0.1388
1305,193,1498,0.1388
1312,190,1502,0.1388
1304,189,1493,0.1388
1290,189,1479,0.1388
1300,192,1492,0.1388
1311,190,1501,0.1388
1311,193,1504,0.1388
1327,192,1519,0.1388
1312,192,1504,0.1388
1308,190,1498,0.1388
1311,189,1500,0.1388
1300,190,1490,0.1388
1294,192,1486,0.1388
1292,192,1484,0.1388
1296,188,1484,0.1388
1293,190,1483,0.1388
1291,195,1486,0.1388
1300,196,1496,0.1388
1301,195,1496,0.1388
1300,193,1493,0.1388
1300,191,1491,0.1388
1287,198,1485,0.1388
1297,198,1495,0.1388
1287,202,1489,0.1388
1302,204,1506,0.1388
1297,202,1499,0.1388
1286,201,1487,0.1388
1288,207,1495,0.1388
1292,211,1503,0.1388
1296,202,1498,0.1388
1303,207,1510,0.1388
1300,204,1504,0.1388
1306,205,1511,0.1388
1293,204,1497,0.1388
1293,204,1497,0.1388
1302,200,1502,0.1388
1286,208,1494,0.1388
1278,212,1490,0.1388
1273,212,1485,0.1388
1278,212,1490,0.1388
1278,210,1488,0.1388
1280,208,1488,0.1388
1286,205,1491,0.1388
1281,214,1495,0.1388
1289,216,1505,0.1388
1295,217,1512,0.1388
1291,221,1512,0.1388
1288,221,1509,0.1388
1287,221,1508,0.1388
1282,223,1505,0.1388
1272,224,1496,0.1388
1275,223,1498,0.1388
1267,228,1495,0.1388
1264,227,1491,0.1388
1267,225,1492,0.1388
1273,229,1502,0.1388
1270,228,1498,0.1388
1277,227,1504,0.1388
1281,228,1509,0.1388
1276,225,1501,0.1388
1275,229,1504,0.1388
1274,229,1503,0.1388
1281,229,1510,0.1388
1282,230,1512,0.1388
1287,229,1516,0.1388
1283,226,1509,0.1388
1268,226,1494,0.1388
1266,225,1491,0.1388
1256,229,1485,0.1388
1236,235,1471,0.1388
1256,237,1493,0.1388
1259,243,1502,0.1388
1260,244,1504,0.1388
1254,242,1496,0.1388
1255,242,1497,0.1388
1250,234,1484,0.1388
1269,235,1504,0.1388
1272,232,1504,0.1388
1276,233,1509,0.1388
1266,230,1496,0.1388
1257,228,1485,0.1388
1264,230,1494,0.1388
1265,228,1493,0.1388
1255,232,1487,0.1388
1248,231,1479,0.1388
1253,234,1487,0.1388
1260,236,1496,0.1388
1264,236,1500,0.1388
1266,231,1497,0.1388
1264,238,1502,0.1388
1263,243,1506,0.1388
1252,240,1492,0.1388
1249,244,1493,0.1388
1261,242,1503,0.1388
1256,242,1498,0.1388
1263,243,1506,0.1388
1264,242,1506,0.1388
1267,239,1506,0.1388
1256,237,1493,0.1388
1259,234,1493,0.1388
1266,235,1501,0.1388
1275,243,1518,0.1388
1273,243,1516,0.1388
1269,239,1508,0.1388
1265,236,1501,0.1388
1256,239,1495,0.1388
1254,236,1490,0.1388
1251,232,1483,0.1388
1255,235,1490,0.1388
1266,239,1505,0.1388
1273,241,1514,0.1388
1260,238,1498,0.1388
1253,235,1488,0.1388
1250,237,1487,0.1388
1255,235,1490,0.1388
1249,237,1486,0.1388
1238,239,1477,0.1388
1253,238,1491,0.1388
1242,237,1479,0.1388
1249,238,1487,0.1388
1243,236,1479,0.1388
1248,240,1488,0.1388
1239,241,1480,0.1388
1239,249,1488,0.1388
1233,250,1483,0.1388
1229,254,1483,0.1388
1236,251,1487,0.1388
1247,250,1497,0.1388
1245,255,1500,0.1388
1254,258,1512,0.1388
1250,260,1510,0.1388
1251,256,1507,0.1388
1244,257,1501,0.1388
1238,255,1493,0.1388
1229,258,1487,0.1388
1241,261,1502,0.1388
1240,267,1507,0.1388
1230,268,1498,0.1388
1234,271,1505,0.1388
1224,271,1495,0.1388
1215,271,1486,0.1388
1198,270,1468,0.1388
1194,274,1468,0.1388
1198,281,1479,0.1388
1211,278,1489,0.1388
1221,279,1500,0.1388
1210,282,1492,0.1388
1222,282,1504,0.1388
1232,282,1514,0.1388
1232,287,1519,0.1388
1224,284,1508,0.1388
1232,278,1510,0.1388
1229,285,1514,0.1388
1229,287,1516,0.1388
1229,285,1514,0.1388
1222,286,1508,0.1388
1213,288,1501,0.1388
1221,288,1509,0.1388
1222,286,1508,0.1388
1232,279,1511,0.1388
1225,282,1507,0.1388
1218,284,1502,0.1388
1216,281,1497,0.1388
1224,280,1504,0.1388
1226,280,1506,0.1388
1210,281,1491,0.1388
1211,286,1497,0.1388
1204,282,1486,0.1388
1206,281,1487,0.1388
1212,276,1488,0.1388
1224,277,1501,0.1388
1232,280,1512,0.1388
1221,276,1497,0.1388
1229,277,1506,0.1388
1239,273,1512,0.1388
1234,270,1504,0.1388
1229,268,1497,0.1388
1237,267,1504,0.1388
1228,266,1494,0.1388
1217,270,1487,0.1388
1232,273,1505,0.1388
1221,272,1493,0.1388
1223,274,1497,0.1388
1221,271,1492,0.1388
1218,273,1491,0.1388
1212,278,1490,0.1388
1214,285,1499,0.1388
1214,290,1504,0.1388
1208,289,1497,0.1388
1208,286,1494,0.1388
1196,290,1486,0.1388
1196,293,1489,0.1388
1203,291,1494,0.1388
1191,290,1481,0.1388
1188,289,1477,0.1388
1202,294,1496,0.1388
1198,299,1497,0.1388
1203,292,1495,0.1388
1201,291,1492,0.1388
1193,293,1486,0.1388
1202,293,1495,0.1388
1206,290,1496,0.1388
1201,296,1497,0.1388
1197,294,1491,0.1388
1187,296,1483,0.1388
1187,303,1490,0.1388
1182,303,1485,0.1388
1187,301,1488,0.1388
1201,306,1507,0.1388
1200,302,1502,0.1388
1196,302,1498,0.1388
1212,301,1513,0.1388
1206,299,1505,0.1388
1200,291,1491,0.1388
1210,291,1501,0.1388
1205,290,1495,0.1388
1196,295,1491,0.1388
1204,303,1507,0.1388
1200,299,1499,0.1388
1190,298,1488,0.1388
1195,297,1492,0.1388
1208,293,1501,0.1388
1202,291,1493,0.1388
1193,290,1483,0.1388
1193,291,1484,0.1388
1196,299,1495,0.1388
1197,297,1494,0.1388
1208,300,1508,0.1388
1201,299,1500,0.1388
1189,304,1493,0.1388
1202,299,1501,0.1388
1199,303,1502,0.1388
1198,305,1503,0.1388
1183,309,1492,0.1388
1182,305,1487,0.1388
1188,307,1495,0.1388
1199,305,1504,0.1388
1202,300,1502,0.1388
1195,307,1502,0.1388
1186,312,1498,0.1388
1186,311,1497,0.1388
1191,308,1499,0.1388
1183,310,1493,0.1388
1180,309,1489,0.1388
1189,314,1503,0.1388
1192,320,1512,0.1388
1194,315,1509,0.1388
1189,321,1510,0.1388
1189,315,1504,0.1388
1194,321,1515,0.1388
1172,323,1495,0.1388
1175,322,1497,0.1388
1163,322,1485,0.1388
1160,323,1483,0.1388
1166,325,1491,0.1388
1168,327,1495,0.1388
1168,336,1504,0.1388
1171,332,1503,0.1388
1166,333,1499,0.1388
1170,336,1506,0.1388
1171,339,1510,0.1388
1168,342,1510,0.1388
1164,345,1509,0.1388
1157,346,1503,0.1388
1153,346,1499,0.1388
1148,355,1503,0.1388
1147,351,1498,0.1388
1150,350,1500,0.1388
1146,344,1490,0.1388
1138,356,1494,0.1388
1140,356,1496,0.1388
1141,351,1492,0.1388
1135,353,1488,0.1388
1139,362,1501,0.1388
1140,367,1507,0.1388
1140,367,1507,0.1388
1141,362,1503,0.1388
1138,366,1504,0.1388
1130,373,1503,0.1388
1131,379,1510,0.1388
1130,370,1500,0.1388
1128,376,1504,0.1388
1119,375,1494,0.1388
1111,379,1490,0.1388
1117,372,1489,0.1388
1112,373,1485,0.1388
1101,370,1471,0.1388
1109,371,1480,0.1388
1112,377,1489,0.1388
1109,379,1488,0.1388
1125,377,1502,0.1388
1123,378,1501,0.1388
1111,382,1493,0.1388
1116,382,1498,0.1388
1105,381,1486,0.1388
1105,391,1496,0.1388
1104,393,1497,0.1388
1107,394,1501,0.1388
1092,395,1487,0.1388
1099,400,1499,0.1388
1094,403,1497,0.1388
1098,405,1503,0.1388
1105,405,1510,0.1388
1100,408,1508,0.1388
1093,405,1498,0.1388
1084,407,1491,0.1388
1080,407,1487,0.1388
1074,409,1483,0.1388
1070,416,1486,0.1388
1078,415,1493,0.1388
1087,421,1508,0.1388
1091,432,1523,0.1388
1069,427,1496,0.1388
1069,428,1497,0.1388
1071,430,1501,0.1388
1072,430,1502,0.1388
1077,428,1505,0.1388
1078,425,1503,0.1388
1069,424,1493,0.1388
1068,429,1497,0.1388
1073,435,1508,0.1388
1081,435,1516,0.1388
1067,435,1502,0.1388
1058,432,1490,0.1388
1055,434,1489,0.1388
1056,440,1496,0.1388
1056,447,1503,0.1388
1047,438,1485,0.1388
1043,445,1488,0.1388
1042,444,1486,0.1388
1044,446,1490,0.1388
1048,449,1497,0.1388
1047,445,1492,0.1388
1049,443,1492,0.1388
1061,452,1513,0.1388
1054,446,1500,0.1388
1055,440,1495,0.1388
1050,446,1496,0.1388
1044,447,1491,0.1388
1049,454,1503,0.1388
1038,456,1494,0.1388
1039,458,1497,0.1388
1051,460,1511,0.1388
1048,461,1509,0.1388
1047,460,1507,0.1388
1052,453,1505,0.1388
1054,455,1509,0.1388
1045,451,1496,0.1388
1043,453,1496,0.1388
1038,463,1501,0.1388
1038,468,1506,0.1388
1029,464,1493,0.1388
1031,459,1490,0.1388
1033,463,1496,0.1388
1032,465,1497,0.1388
1035,466,1501,0.1388
1042,465,1507,0.1388
1044,462,1506,0.1388
1036,460,1496,0.1388
1052,461,1513,0.1388
1051,450,1501,0.1388
1048,450,1498,0.1388
1055,449,1504,0.1388
1063,446,1509,0.1388
1055,445,1500,0.1388
1061,443,1504,0.1388
1056,446,1502,0.1388
1051,451,1502,0.1388
1052,453,1505,0.1388
1053,448,1501,0.1388
1063,437,1500,0.1388
1057,439,1496,0.1388
1057,440,1497,0.1388
1059,450,1509,0.1388
1056,456,1512,0.1388
1060,452,1512,0.1388
1054,458,1512,0.1388
1064,452,1516,0.1388
1057,454,1511,0.1388
1054,457,1511,0.1388
1048,455,1503,0.1388
1048,449,1497,0.1388
1055,451,1506,0.1388
1064,458,1522,0.1388
1058,457,1515,0.1388
1056,450,1506,0.1388
1053,456,1509,0.1388
1053,458,1511,0.1388
1053,459,1512,0.1388
1047,453,1500,0.1388
1043,462,1505,0.1388
1034,462,1496,0.1388
1052,465,1517,0.1388
1057,467,1524,0.1388
1051,465,1516,0.1388
1056,461,1517,0.1388
1043,461,1504,0.1388
1042,458,1500,0.1388
1053,461,1514,0.1388
1056,453,1509,0.1388
1052,457,1509,0.1388
1038,458,1496,0.1388
1044,458,1502,0.1388
1050,455,1505,0.1388
1060,466,1526,0.1388
1054,465,1519,0.1388
1057,460,1517,0.1388
1048,456,1504,0.1388
1054,449,1503,0.1388
1052,454,1506,0.1388
1044,451,1495,0.1388
1047,455,1502,0.1388
1032,460,1492,0.1388
1035,460,1495,0.1388
1041,456,1497,0.1388
1038,454,1492,0.1388
1033,460,1493,0.1388
1028,461,1489,0.1388
1038,462,1500,0.1388
1039,460,1499,0.1388
1040,457,1497,0.1388
1039,466,1505,0.1388
1025,468,1493,0.1388
1029,465,1494,0.1388
1025,475,1500,0.1388
1023,470,1493,0.1388
1014,472,1486,0.1388
1020,491,1511,0.1388
1009,495,1504,0.1388
1007,491,1498,0.1388
1016,488,1504,0.1388
1014,489,1503,0.1388
1025,493,1518,0.1388
1017,493,1510,0.1388
1008,499,1507,0.1388
1014,499,1513,0.1388
996,500,1496,0.1388
996,496,1492,0.1388
999,497,1496,0.1388
996,491,1487,0.1388
995,501,1496,0.1388
994,507,1501,0.1388
985,513,1498,0.1388
975,514,1489,0.1388
973,515,1488,0.1388
971,513,1484,0.1388
967,514,1481,0.1388
971,512,1483,0.1388
973,515,1488,0.1388
965,518,1483,0.1388
972,518,1490,0.1388
972,519,1491,0.1388
977,524,1501,0.1388
977,527,1504,0.1388
983,526,1509,0.1388
978,525,1503,0.1388
968,533,1501,0.1388
966,543,1509,0.1388
966,546,1512,0.1388
964,538,1502,0.1388
959,546,1505,0.1388
957,542,1499,0.1388
952,543,1495,0.1388
960,540,1500,0.1388
953,542,1495,0.1388
955,545,1500,0.1388
963,545,1508,0.1388
959,551,1510,0.1388
959,553,1512,0.1388
959,548,1507,0.1388
964,540,1504,0.1388
958,539,1497,0.1388
950,550,1500,0.1388
950,549,1499,0.1388
967,548,1515,0.1388
954,551,1505,0.1388
961,546,1507,0.1388
966,547,1513,0.1388
966,549,1515,0.1388
963,543,1506,0.1388
966,540,1506,0.1388
960,541,1501,0.1388
962,535,1497,0.1388
964,541,1505,0.1388
957,548,1505,0.1388
950,541,1491,0.1388
950,534,1484,0.1388
951,542,1493,0.1388
954,543,1497,0.1388
953,546,1499,0.1388
946,542,1488,0.1388
944,557,1501,0.1388
947,559,1506,0.1388
942,555,1497,0.1388
937,561,1498,0.1388
937,564,1501,0.1388
947,558,1505,0.1388
944,567,1511,0.1388
936,565,1501,0.1388
939,561,1500,0.1388
941,562,1503,0.1388
938,564,1502,0.1388
940,564,1504,0.1388
929,557,1486,0.1388
932,568,1500,0.1388
933,581,1514,0.1388
934,577,1511,0.1388
932,570,1502,0.1388
922,581,1503,0.1388
924,586,1510,0.1388
931,572,1503,0.1388
928,579,1507,0.1388
933,577,1510,0.1388
931,585,1516,0.1388
935,587,1522,0.1388
923,596,1519,0.1388
918,595,1513,0.1388
921,597,1518,0.1388
924,588,1512,0.1388
924,585,1509,0.1388
918,588,1506,0.1388
923,595,1518,0.1388
923,587,1510,0.1388
915,577,1492,0.1388
910,579,1489,0.1388
914,579,1493,0.1388
910,582,1492,0.1388
904,585,1489,0.1388
903,588,1491,0.1388
914,587,1501,0.1388
909,589,1498,0.1388
913,593,1506,0.1388
913,592,1505,0.1388
917,590,1507,0.1388
918,596,1514,0.1388
906,595,1501,0.1388
910,603,1513,0.1388
913,600,1513,0.1388
908,606,1514,0.1388
904,594,1498,0.1388
905,589,1494,0.1388
909,591,1500,0.1388
908,596,1504,0.1388
901,601,1502,0.1388
909,603,1512,0.1388
913,594,1507,0.1388
907,598,1505,0.1388
903,600,1503,0.1388
904,596,1500,0.1388
907,593,1500,0.1388
903,591,1494,0.1388
898,585,1483,0.1388
902,595,1497,0.1388
913,597,1510,0.1388
911,593,1504,0.1388
910,593,1503,0.1388
913,595,1508,0.1388
910,597,1507,0.1388
904,599,1503,0.1388
912,598,1510,0.1388
909,593,1502,0.1388
902,601,1503,0.1388
908,603,1511,0.1388
903,593,1496,0.1388
905,593,1498,0.1388
894,600,1494,0.1388
886,599,1485,0.1388
887,607,1494,0.1388
885,608,1493,0.1388
893,614,1507,0.1388
906,612,1518,0.1388
906,617,1523,0.1388
906,609,1515,0.1388
905,617,1522,0.1388
900,612,1512,0.1388
894,606,1500,0.1388
887,605,1492,0.1388
888,610,1498,0.1388
895,609,1504,0.1388
888,607,1495,0.1388
887,619,1506,0.1388
882,611,1493,0.1388
878,613,1491,0.1388
886,616,1502,0.1388
890,612,1502,0.1388
887,618,1505,0.1388
883,615,1498,0.1388
885,615,1500,0.1388
874,622,1496,0.1388
889,616,1505,0.1388
902,612,1514,0.1388
899,615,1514,0.1388
890,618,1508,0.1388
887,611,1498,0.1388
895,617,1512,0.1388
889,614,1503,0.1388
895,610,1505,0.1388
896,603,1499,0.1388
892,603,1495,0.1388
901,603,1504,0.1388
911,602,1513,0.1388
911,602,1513,0.1388
906,601,1507,0.1388
911,600,1511,0.1388
899,604,1503,0.1388
894,603,1497,0.1388
884,612,1496,0.1388
893,604,1497,0.1388
897,607,1504,0.1388
892,617,1509,0.1388
900,610,1510,0.1388
889,602,1491,0.1388
877,612,1489,0.1388
880,618,1498,0.1388
874,622,1496,0.1388
868,626,1494,0.1388
872,627,1499,0.1388
869,627,1496,0.1388
876,619,1495,0.1388
877,609,1486,0.1388
882,624,1506,0.1388
878,618,1496,0.1388
873,614,1487,0.1388
874,623,1497,0.1388
873,619,1492,0.1388
880,627,1507,0.1388
876,637,1513,0.1388
864,639,1503,0.1388
867,629,1496,0.1388
869,632,1501,0.1388
876,636,1512,0.1388
880,634,1514,0.1388
880,634,1514,0.1388
874,638,1512,0.1388
868,638,1506,0.1388
864,634,1498,0.1388
865,642,1507,0.1388
866,651,1517,0.1388
860,651,1511,0.1388
861,647,1508,0.1388
859,646,1505,0.1388
858,643,1501,0.1388
856,650,1506,0.1388
860,645,1505,0.1388
859,637,1496,0.1388
847,656,1503,0.1388
852,654,1506,0.1388
848,658,1506,0.1388
861,646,1507,0.1388
855,655,1510,0.1388
852,657,1509,0.1388
846,659,1505,0.1388
849,662,1511,0.1388
850,663,1513,0.1388
849,659,1508,0.1388
848,662,1510,0.1388
851,660,1511,0.1388
861,660,1521,0.1388
847,657,1504,0.1388
843,658,1501,0.1388
838,652,1490,0.1388
830,650,1480,0.1388
828,651,1479,0.1388
831,654,1485,0.1388
825,654,1479,0.1388
830,650,1480,0.1388
832,657,1489,0.1388
826,661,1487,0.1388
821,653,1474,0.1388
823,656,1479,0.1388
822,660,1482,0.1388
819,660,1479,0.1388
820,671,1491,0.1388
815,675,1490,0.1388
817,681,1498,0.1388
819,677,1496,0.1388
821,694,1515,0.1388
821,697,1518,0.1388
824,688,1512,0.1388
826,684,1510,0.1388
824,665,1489,0.1388
835,674,1509,0.1388
834,682,1516,0.1388
834,681,1515,0.1388
828,683,1511,0.1388
834,687,1521,0.1388
821,691,1512,0.1388
826,696,1522,0.1388
813,706,1519,0.1388
808,700,1508,0.1388
824,700,1524,0.1388
819,697,1516,0.1388
811,690,1501,0.1388
813,688,1501,0.1388
811,695,1506,0.1388
807,697,1504,0.1388
803,700,1503,0.1388
813,696,1509,0.1388
812,704,1516,0.1388
815,702,1517,0.1388
812,706,1518,0.1388
804,706,1510,0.1388
808,704,1512,0.1388
788,708,1496,0.1388
782,708,1490,0.1388
782,715,1497,0.1388
785,708,1493,0.1388
787,704,1491,0.1388
781,703,1484,0.1388
786,696,1482,0.1388
787,710,1497,0.1388
792,708,1500,0.1388
799,715,1514,0.1388
799,721,1520,0.1388
797,730,1527,0.1388
781,729,1510,0.1388
774,725,1499,0.1388
777,727,1504,0.1388
775,728,1503,0.1388
780,729,1509,0.1388
780,733,1513,0.1388
783,728,1511,0.1388
779,727,1506,0.1388
778,738,1516,0.1388
778,731,1509,0.1388
779,735,1514,0.1388
777,738,1515,0.1388
767,725,1492,0.1388
759,720,1479,0.1388
767,729,1496,0.1388
775,735,1510,0.1388
780,724,1504,0.1388
784,731,1515,0.1388
790,730,1520,0.1388
786,725,1511,0.1388
780,722,1502,0.1388
778,726,1504,0.1388
765,729,1494,0.1388
768,730,1498,0.1388
781,730,1511,0.1388
782,728,1510,0.1388
782,736,1518,0.1388
777,732,1509,0.1388
775,731,1506,0.1388
774,728,1502,0.1388
778,734,1512,0.1388
787,735,1522,0.1388
775,737,1512,0.1388
773,732,1505,0.1388
772,721,1493,0.1388
775,726,1501,0.1388
769,724,1493,0.1388
770,714,1484,0.1388
767,711,1478,0.1388
770,720,1490,0.1388
770,729,1499,0.1388
761,734,1495,0.1388
763,729,1492,0.1388
767,729,1496,0.1388
774,728,1502,0.1388
773,730,1503,0.1388
777,732,1509,0.1388
777,723,1500,0.1388
772,725,1497,0.1388
771,728,1499,0.1388
771,727,1498,0.1388
777,722,1499,0.1388
771,719,1490,0.1388
770,713,1483,0.1388
769,714,1483,0.1388
762,721,1483,0.1388
763,724,1487,0.1388
762,731,1493,0.1388
758,736,1494,0.1388
763,741,1504,0.1388
766,736,1502,0.1388
762,731,1493,0.1388
760,735,1495,0.1388
754,744,1498,0.1388
762,747,1509,0.1388
760,744,1504,0.1388
774,746,1520,0.1388
768,744,1512,0.1388
773,750,1523,0.1388
774,750,1524,0.1388
774,749,1523,0.1388
773,752,1525,0.1388
771,749,1520,0.1388
764,755,1519,0.1388
761,750,1511,0.1388
760,742,1502,0.1388
761,739,1500,0.1388
754,744,1498,0.1388
774,737,1511,0.1388
764,740,1504,0.1388
764,738,1502,0.1388
773,738,1511,0.1388
778,733,1511,0.1388
769,747,1516,0.1388
757,745,1502,0.1388
764,745,1509,0.1388
763,737,1500,0.1388
761,735,1496,0.1388
760,745,1505,0.1388
756,748,1504,0.1388
759,748,1507,0.1388
753,741,1494,0.1388
759,747,1506,0.1388
749,743,1492,0.1388
743,735,1478,0.1388
744,736,1480,0.1388
751,737,1488,0.1388
750,735,1485,0.1388
739,739,1478,0.1388
750,737,1487,0.1388
757,738,1495,0.1388
751,732,1483,0.1388
750,747,1497,0.1388
749,744,1493,0.1388
754,760,1514,0.1388
751,754,1505,0.1388
742,756,1498,0.1388
742,761,1503,0.1388
731,761,1492,0.1388
740,768,1508,0.1388
740,759,1499,0.1388
735,769,1504,0.1388
744,766,1510,0.1388
733,765,1498,0.1388
735,767,1502,0.1388
725,770,1495,0.1388
723,773,1496,0.1388
729,766,1495,0.1388
734,752,1486,0.1388
737,754,1491,0.1388
740,757,1497,0.1388
747,762,1509,0.1388
744,757,1501,0.1388
735,757,1492,0.1388
738,758,1496,0.1388
745,767,1512,0.1388
746,763,1509,0.1388
749,759,1508,0.1388
752,763,1515,0.1388
741,762,1503,0.1388
736,762,1498,0.1388
733,769,1502,0.1388
732,777,1509,0.1388
732,780,1512,0.1388
727,780,1507,0.1388
727,779,1506,0.1388
736,771,1507,0.1388
728,772,1500,0.1388
733,772,1505,0.1388
736,784,1520,0.1388
730,793,1523,0.1388
726,791,1517,0.1388
722,789,1511,0.1388
727,787,1514,0.1388
721,783,1504,0.1388
733,777,1510,0.1388
731,775,1506,0.1388
733,762,1495,0.1388
735,767,1502,0.1388
736,760,1496,0.1388
738,757,1495,0.1388
734,759,1493,0.1388
733,759,1492,0.1388
738,761,1499,0.1388
740,758,1498,0.1388
730,773,1503,0.1388
728,777,1505,0.1388
723,780,1503,0.1388
720,782,1502,0.1388
718,791,1509,0.1388
728,781,1509,0.1388
725,778,1503,0.1388
719,785,1504,0.1388
717,786,1503,0.1388
721,784,1505,0.1388
717,781,1498,0.1388
716,778,1494,0.1388
727,776,1503,0.1388
729,774,1503,0.1388
728,780,1508,0.1388
728,783,1511,0.1388
730,786,1516,0.1388
736,793,1529,0.1388
729,790,1519,0.1388
728,782,1510,0.1388
728,784,1512,0.1388
728,778,1506,0.1388
727,773,1500,0.1388
727,774,1501,0.1388
730,786,1516,0.1388
734,795,1529,0.1388
734,787,1521,0.1388
734,790,1524,0.1388
729,783,1512,0.1388
717,776,1493,0.1388
719,784,1503,0.1388
728,789,1517,0.1388
719,778,1497,0.1388
725,780,1505,0.1388
720,782,1502,0.1388
719,790,1509,0.1388
724,795,1519,0.1388
728,787,1515,0.1388
719,782,1501,0.1388
729,783,1512,0.1388
724,784,1508,0.1388
721,777,1498,0.1388
714,778,1492,0.1388
704,781,1485,0.1388
713,784,1497,0.1388
716,788,1504,0.1388
710,792,1502,0.1388
717,795,1512,0.1388
707,796,1503,0.1388
704,788,1492,0.1388
701,791,1492,0.1388
706,791,1497,0.1388
704,799,1503,0.1388
708,804,1512,0.1388
709,795,1504,0.1388
703,792,1495,0.1388
702,798,1500,0.1388
698,793,1491,0.1388
703,782,1485,0.1388
703,782,1485,0.1388
704,793,1497,0.1388
698,804,1502,0.1388
694,815,1509,0.1388
695,829,1524,0.1388
691,824,1515,0.1388
692,819,1511,0.1388
692,813,1505,0.1388
691,814,1505,0.1388
687,817,1504,0.1388
687,824,1511,0.1388
698,818,1516,0.1388
700,818,1518,0.1388
697,819,1516,0.1388
694,821,1515,0.1388
684,824,1508,0.1388
682,834,1516,0.1388
676,832,1508,0.1388
675,818,1493,0.1388
678,832,1510,0.1388
669,838,1507,0.1388
660,846,1506,0.1388
656,839,1495,0.1388
662,841,1503,0.1388
658,843,1501,0.1388
654,848,1502,0.1388
650,848,1498,0.1388
647,843,1490,0.1388
650,841,1491,0.1388
653,844,1497,0.1388
653,849,1502,0.1388
661,842,1503,0.1388
667,848,1515,0.1388
664,847,1511,0.1388
667,845,1512,0.1388
658,845,1503,0.1388
654,845,1499,0.1388
649,849,1498,0.1388
657,851,1508,0.1388
656,838,1494,0.1388
657,842,1499,0.1388
664,842,1506,0.1388
660,846,1506,0.1388
655,843,1498,0.1388
647,850,1497,0.1388
644,860,1504,0.1388
644,848,1492,0.1388
653,847,1500,0.1388
650,849,1499,0.1388
641,852,1493,0.1388
635,853,1488,0.1388
639,857,1496,0.1388
642,854,1496,0.1388
645,854,1499,0.1388
649,860,1509,0.1388
650,863,1513,0.1388
649,874,1523,0.1388
642,868,1510,0.1388
639,866,1505,0.1388
632,860,1492,0.1388
637,853,1490,0.1388
639,858,1497,0.1388
650,860,1510,0.1388
644,869,1513,0.1388
645,864,1509,0.1388
648,866,1514,0.1388
653,869,1522,0.1388
652,873,1525,0.1388
644,876,1520,0.1388
643,877,1520,0.1388
639,874,1513,0.1388
634,875,1509,0.1388
633,872,1505,0.1388
635,873,1508,0.1388
639,879,1518,0.1388
632,888,1520,0.1388
625,884,1509,0.1388
632,876,1508,0.1388
633,875,1508,0.1388
633,877,1510,0.1388
632,884,1516,0.1388
618,879,1497,0.1388
623,879,1502,0.1388
625,892,1517,0.1388
622,891,1513,0.1388
624,883,1507,0.1388
621,884,1505,0.1388
616,890,1506,0.1388
625,870,1495,0.1388
625,879,1504,0.1388
617,891,1508,0.1388
619,892,1511,0.1388
617,896,1513,0.1388
615,890,1505,0.1388
607,898,1505,0.1388
602,899,1501,0.1388
604,901,1505,0.1388
608,904,1512,0.1388
614,897,1511,0.1388
613,895,1508,0.1388
606,899,1505,0.1388
611,897,1508,0.1388
607,895,1502,0.1388
609,896,1505,0.1388
611,907,1518,0.1388
616,901,1517,0.1388
608,895,1503,0.1388
618,899,1517,0.1388
616,895,1511,0.1388
615,904,1519,0.1388
614,896,1510,0.1388
605,898,1503,0.1388
606,905,1511,0.1388
607,914,1521,0.1388
605,913,1518,0.1388
595,904,1499,0.1388
592,911,1503,0.1388
598,917,1515,0.1388
601,916,1517,0.1388
611,920,1531,0.1388
607,915,1522,0.1388
605,921,1526,0.1388
597,916,1513,0.1388
606,909,1515,0.1388
604,907,1511,0.1388
604,915,1519,0.1388
601,910,1511,0.1388
597,909,1506,0.1388
595,916,1511,0.1388
591,907,1498,0.1388
594,913,1507,0.1388
590,909,1499,0.1388
592,919,1511,0.1388
583,909,1492,0.1388
588,921,1509,0.1388
588,920,1508,0.1388
578,930,1508,0.1388
580,921,1501,0.1388
584,918,1502,0.1388
583,924,1507,0.1388
578,930,1508,0.1388
584,928,1512,0.1388
582,941,1523,0.1388
582,935,1517,0.1388
572,942,1514,0.1388
579,935,1514,0.1388
573,940,1513,0.1388
561,933,1494,0.1388
564,941,1505,0.1388
555,947,1502,0.1388
557,933,1490,0.1388
554,935,1489,0.1388
552,945,1497,0.1388
557,951,1508,0.1388
560,942,1502,0.1388
571,950,1521,0.1388
563,946,1509,0.1388
570,942,1512,0.1388
578,956,1534,0.1388
573,947,1520,0.1388
569,943,1512,0.1388
566,950,1516,0.1388
562,951,1513,0.1388
545,952,1497,0.1388
550,949,1499,0.1388
541,955,1496,0.1388
552,954,1506,0.1388
563,944,1507,0.1388
556,948,1504,0.1388
559,958,1517,0.1388
560,958,1518,0.1388
550,954,1504,0.1388
554,952,1506,0.1388
558,955,1513,0.1388
554,969,1523,0.1388
547,955,1502,0.1388
547,948,1495,0.1388
548,959,1507,0.1388
545,955,1500,0.1388
554,946,1500,0.1388
556,946,1502,0.1388
557,953,1510,0.1388
559,950,1509,0.1388
560,954,1514,0.1388
552,943,1495,0.1388
562,950,1512,0.1388
571,947,1518,0.1388
569,942,1511,0.1388
565,946,1511,0.1388
563,941,1504,0.1388
559,946,1505,0.1388
550,938,1488,0.1388
549,940,1489,0.1388
544,943,1487,0.1388
546,950,1496,0.1388
546,953,1499,0.1388
547,948,1495,0.1388
537,953,1490,0.1388
545,965,1510,0.1388
542,968,1510,0.1388
540,960,1500,0.1388
549,965,1514,0.1388
549,962,1511,0.1388
554,963,1517,0.1388
561,972,1533,0.1388
560,963,1523,0.1388
549,967,1516,0.1388
539,972,1511,0.1388
544,960,1504,0.1388
544,961,1505,0.1388
543,954,1497,0.1388
534,967,1501,0.1388
544,955,1499,0.1388
547,962,1509,0.1388
538,956,1494,0.1388
530,966,1496,0.1388
535,978,1513,0.1388
533,973,1506,0.1388
531,979,1510,0.1388
534,969,1503,0.1388
533,979,1512,0.1388
534,980,1514,0.1388
534,973,1507,0.1388
525,970,1495,0.1388
518,977,1495,0.1388
520,979,1499,0.1388
525,974,1499,0.1388
523,971,1494,0.1388
521,983,1504,0.1388
525,990,1515,0.1388
528,984,1512,0.1388
522,982,1504,0.1388
525,983,1508,0.1388
518,974,1492,0.1388
517,984,1501,0.1388
516,989,1505,0.1388
515,974,1489,0.1388
512,980,1492,0.1388
512,978,1490,0.1388
517,995,1512,0.1388
517,992,1509,0.1388
518,990,1508,0.1388
516,992,1508,0.1388
512,992,1504,0.1388
511,983,1494,0.1388
511,986,1497,0.1388
507,991,1498,0.1388
511,991,1502,0.1388
507,989,1496,0.1388
511,985,1496,0.1388
516,982,1498,0.1388
511,976,1487,0.1388
520,982,1502,0.1388
521,983,1504,0.1388
522,1003,1525,0.1388
517,1000,1517,0.1388
520,1000,1520,0.1388
518,1002,1520,0.1388
514,993,1507,0.1388
513,1001,1514,0.1388
498,1013,1511,0.1388
498,1009,1507,0.1388
500,991,1491,0.1388
501,984,1485,0.1388
499,998,1497,0.1388
495,999,1494,0.1388
496,1007,1503,0.1388
499,1014,1513,0.1388
502,1017,1519,0.1388
499,1018,1517,0.1388
504,1015,1519,0.1388
495,1016,1511,0.1388
489,1018,1507,0.1388
499,1010,1509,0.1388
500,1005,1505,0.1388
497,1017,1514,0.1388
494,1014,1508,0.1388
489,1015,1504,0.1388
494,1018,1512,0.1388
491,1026,1517,0.1388
487,1024,1511,0.1388
496,1018,1514,0.1388
494,1025,1519,0.1388
486,1012,1498,0.1388
480,1016,1496,0.1388
477,1016,1493,0.1388
484,1030,1514,0.1388
478,1037,1515,0.1388
472,1030,1502,0.1388
470,1038,1508,0.1388
468,1041,1509,0.1388
470,1037,1507,0.1388
474,1031,1505,0.1388
466,1036,1502,0.1388
464,1041,1505,0.1388
469,1035,1504,0.1388
468,1024,1492,0.1388
464,1037,1501,0.1388
462,1044,1506,0.1388
462,1052,1514,0.1388
459,1054,1513,0.1388
463,1046,1509,0.1388
462,1049,1511,0.1388
458,1048,1506,0.1388
448,1059,1507,0.1388
444,1054,1498,0.1388
449,1051,1500,0.1388
454,1057,1511,0.1388
455,1057,1512,0.1388
455,1054,1509,0.1388
459,1058,1517,0.1388
453,1067,1520,0.1388
448,1062,1510,0.1388
436,1064,1500,0.1388
435,1067,1502,0.1388
435,1072,1507,0.1388
436,1084,1520,0.1388
438,1088,1526,0.1388
433,1081,1514,0.1388
434,1083,1517,0.1388
430,1084,1514,0.1388
420,1095,1515,0.1388
422,1098,1520,0.1388
427,1089,1516,0.1388
424,1086,1510,0.1388
422,1086,1508,0.1388
420,1080,1500,0.1388
423,1078,1501,0.1388
422,1086,1508,0.1388
422,1092,1514,0.1388
421,1102,1523,0.1388
417,1104,1521,0.1388
416,1098,1514,0.1388
415,1094,1509,0.1388
416,1085,1501,0.1388
417,1080,1497,0.1388
419,1084,1503,0.1388
423,1086,1509,0.1388
423,1102,1525,0.1388
422,1095,1517,0.1388
420,1094,1514,0.1388
418,1095,1513,0.1388
414,1102,1516,0.1388
406,1107,1513,0.1388
405,1106,1511,0.1388
403,1107,1510,0.1388
403,1099,1502,0.1388
403,1090,1493,0.1388
410,1104,1514,0.1388
411,1115,1526,0.1388
410,1110,1520,0.1388
408,1107,1515,0.1388
408,1106,1514,0.1388
410,1104,1514,0.1388
408,1106,1514,0.1388
407,1107,1514,0.1388
400,1111,1511,0.1388
399,1112,1511,0.1388
401,1105,1506,0.1388
405,1112,1517,0.1388
402,1119,1521,0.1388
402,1114,1516,0.1388
399,1119,1518,0.1388
398,1106,1504,0.1388
397,1115,1512,0.1388
397,1116,1513,0.1388
402,1120,1522,0.1388
402,1131,1533,0.1388
397,1119,1516,0.1388
395,1123,1518,0.1388
405,1129,1534,0.1388
408,1122,1530,0.1388
405,1115,1520,0.1388
398,1113,1511,0.1388
402,1109,1511,0.1388
403,1109,1512,0.1388
397,1109,1506,0.1388
395,1110,1505,0.1388
398,1109,1507,0.1388
398,1099,1497,0.1388
390,1095,1485,0.1388
391,1099,1490,0.1388
389,1120,1509,0.1388
389,1131,1520,0.1388
393,1118,1511,0.1388
400,1119,1519,0.1388
401,1111,1512,0.1388
394,1099,1493,0.1388
400,1094,1494,0.1388
402,1097,1499,0.1388
398,1110,1508,0.1388
402,1120,1522,0.1388
394,1111,1505,0.1388
390,1116,1506,0.1388
385,1133,1518,0.1388
385,1124,1509,0.1388
388,1134,1522,0.1388
389,1128,1517,0.1388
390,1119,1509,0.1388
390,1136,1526,0.1388
394,1128,1522,0.1388
400,1130,1530,0.1388
395,1127,1522,0.1388
389,1127,1516,0.1388
391,1121,1512,0.1388
384,1122,1506,0.1388
383,1117,1500,0.1388
380,1105,1485,0.1388
379,1124,1503,0.1388
381,1114,1495,0.1388
388,1113,1501,0.1388
387,1120,1507,0.1388
381,1118,1499,0.1388
378,1127,1505,0.1388
372,1126,1498,0.1388
377,1125,1502,0.1388
387,1125,1512,0.1388
387,1118,1505,0.1388
394,1114,1508,0.1388
395,1123,1518,0.1388
394,1128,1522,0.1388
394,1117,1511,0.1388
389,1120,1509,0.1388
391,1125,1516,0.1388
385,1124,1509,0.1388
385,1123,1508,0.1388
383,1120,1503,0.1388
388,1124,1512,0.1388
385,1117,1502,0.1388
395,1110,1505,0.1388
385,1111,1496,0.1388
389,1123,1512,0.1388
384,1127,1511,0.1388
386,1124,1510,0.1388
381,1134,1515,0.1388
383,1135,1518,0.1388
381,1135,1516,0.1388
379,1134,1513,0.1388
368,1129,1497,0.1388
370,1126,1496,0.1388
370,1128,1498,0.1388
368,1132,1500,0.1388
371,1136,1507,0.1388
369,1141,1510,0.1388
375,1146,1521,0.1388
367,1138,1505,0.1388
367,1129,1496,0.1388
373,1126,1499,0.1388
367,1132,1499,0.1388
363,1129,1492,0.1388
361,1131,1492,0.1388
359,1133,1492,0.1388
363,1135,1498,0.1388
361,1146,1507,0.1388
365,1148,1513,0.1388
373,1143,1516,0.1388
375,1141,1516,0.1388
368,1145,1513,0.1388
362,1147,1509,0.1388
360,1150,1510,0.1388
363,1144,1507,0.1388
365,1154,1519,0.1388
363,1142,1505,0.1388
366,1142,1508,0.1388
360,1147,1507,0.1388
365,1146,1511,0.1388
363,1142,1505,0.1388
359,1142,1501,0.1388
359,1146,1505,0.1388
357,1155,1512,0.1388
361,1155,1516,0.1388
356,1149,1505,0.1388
352,1145,1497,0.1388
354,1151,1505,0.1388
352,1172,1524,0.1388
352,1168,1520,0.1388
349,1172,1521,0.1388
354,1172,1526,0.1388
348,1181,1529,0.1388
347,1168,1515,0.1388
342,1168,1510,0.1388
335,1171,1506,0.1388
339,1162,1501,0.1388
337,1165,1502,0.1388
337,1166,1503,0.1388
338,1178,1516,0.1388
340,1185,1525,0.1388
341,1172,1513,0.1388
339,1167,1506,0.1388
344,1171,1515,0.1388
350,1163,1513,0.1388
351,1164,1515,0.1388
353,1169,1522,0.1388
355,1163,1518,0.1388
355,1163,1518,0.1388
349,1175,1524,0.1388
343,1181,1524,0.1388
339,1166,1505,0.1388
344,1184,1528,0.1388
343,1178,1521,0.1388
342,1180,1522,0.1388
344,1168,1512,0.1388
340,1166,1506,0.1388
342,1167,1509,0.1388
336,1169,1505,0.1388
340,1170,1510,0.1388
344,1169,1513,0.1388
339,1166,1505,0.1388
335,1173,1508,0.1388
338,1164,1502,0.1388
341,1160,1501,0.1388
341,1167,1508,0.1388
343,1169,1512,0.1388
342,1170,1512,0.1388
346,1164,1510,0.1388
342,1160,1502,0.1388
346,1159,1505,0.1388
341,1156,1497,0.1388
350,1152,1502,0.1388
349,1159,1508,0.1388
347,1161,1508,0.1388
343,1156,1499,0.1388
345,1168,1513,0.1388
341,1182,1523,0.1388
346,1176,1522,0.1388
348,1176,1524,0.1388
349,1176,1525,0.1388
353,1164,1517,0.1388
353,1166,1519,0.1388
356,1172,1528,0.1388
353,1173,1526,0.1388
350,1164,1514,0.1388
350,1161,1511,0.1388
344,1161,1505,0.1388
353,1168,1521,0.1388
352,1175,1527,0.1388
350,1161,1511,0.1388
347,1167,1514,0.1388
350,1165,1515,0.1388
355,1167,1522,0.1388
352,1166,1518,0.1388
349,1162,1511,0.1388
347,1171,1518,0.1388
345,1165,1510,0.1388
350,1165,1515,0.1388
349,1169,1518,0.1388
353,1162,1515,0.1388
347,1161,1508,0.1388
347,1162,1509,0.1388
354,1157,1511,0.1388
354,1142,1496,0.1388
349,1157,1506,0.1388
353,1148,1501,0.1388
348,1148,1496,0.1388
348,1147,1495,0.1388
349,1147,1496,0.1388
355,1152,1507,0.1388
351,1161,1512,0.1388
352,1162,1514,0.1388
353,1165,1518,0.1388
352,1168,1520,0.1388
348,1158,1506,0.1388
348,1155,1503,0.1388
345,1162,1507,0.1388
343,1170,1513,0.1388
335,1178,1513,0.1388
340,1183,1523,0.1388
342,1187,1529,0.1388
341,1189,1530,0.1388
339,1192,1531,0.1388
339,1183,1522,0.1388
332,1179,1511,0.1388
333,1178,1511,0.1388
332,1184,1516,0.1388
335,1182,1517,0.1388
336,1177,1513,0.1388
331,1182,1513,0.1388
330,1181,1511,0.1388
333,1186,1519,0.1388
335,1179,1514,0.1388
333,1186,1519,0.1388
333,1192,1525,0.1388
328,1180,1508,0.1388
323,1188,1511,0.1388
318,1185,1503,0.1388
320,1189,1509,0.1388
321,1195,1516,0.1388
325,1191,1516,0.1388
323,1188,1511,0.1388
324,1182,1506,0.1388
315,1190,1505,0.1388
316,1190,1506,0.1388
319,1183,1502,0.1388
322,1199,1521,0.1388
324,1206,1530,0.1388
325,1199,1524,0.1388
323,1187,1510,0.1388
314,1199,1513,0.1388
307,1206,1513,0.1388
309,1209,1518,0.1388
308,1203,1511,0.1388
308,1196,1504,0.1388
309,1203,1512,0.1388
312,1202,1514,0.1388
308,1200,1508,0.1388
311,1205,1516,0.1388
308,1204,1512,0.1388
308,1204,1512,0.1388
302,1208,1510,0.1388
305,1196,1501,0.1388
308,1208,1516,0.1388
312,1216,1528,0.1388
314,1215,1529,0.1388
312,1213,1525,0.1388
304,1194,1498,0.1388
303,1202,1505,0.1388
299,1200,1499,0.1388
300,1211,1511,0.1388
295,1205,1500,0.1388
296,1211,1507,0.1388
293,1220,1513,0.1388
291,1224,1515,0.1388
296,1221,1517,0.1388
299,1223,1522,0.1388
295,1218,1513,0.1388
299,1215,1514,0.1388
293,1221,1514,0.1388
290,1232,1522,0.1388
289,1217,1506,0.1388
290,1213,1503,0.1388
289,1210,1499,0.1388
289,1216,1505,0.1388
289,1217,1506,0.1388
295,1234,1529,0.1388
293,1227,1520,0.1388
290,1217,1507,0.1388
287,1210,1497,0.1388
289,1212,1501,0.1388
287,1208,1495,0.1388
290,1225,1515,0.1388
289,1227,1516,0.1388
279,1234,1513,0.1388
282,1229,1511,0.1388
282,1241,1523,0.1388
277,1242,1519,0.1388
271,1229,1500,0.1388
269,1241,1510,0.1388
267,1254,1521,0.1388
264,1246,1510,0.1388
265,1228,1493,0.1388
264,1240,1504,0.1388
261,1250,1511,0.1388
266,1246,1512,0.1388
271,1247,1518,0.1388
268,1250,1518,0.1388
271,1251,1522,0.1388
273,1246,1519,0.1388
269,1245,1514,0.1388
265,1235,1500,0.1388
269,1238,1507,0.1388
260,1240,1500,0.1388
261,1237,1498,0.1388
261,1236,1497,0.1388
264,1239,1503,0.1388
271,1246,1517,0.1388
268,1236,1504,0.1388
264,1234,1498,0.1388
264,1238,1502,0.1388
262,1245,1507,0.1388
267,1256,1523,0.1388
270,1259,1529,0.1388
268,1257,1525,0.1388
265,1243,1508,0.1388
264,1246,1510,0.1388
264,1239,1503,0.1388
269,1254,1523,0.1388
264,1250,1514,0.1388
266,1257,1523,0.1388
265,1257,1522,0.1388
258,1254,1512,0.1388
257,1264,1521,0.1388
250,1255,1505,0.1388
251,1262,1513,0.1388
248,1252,1500,0.1388
248,1247,1495,0.1388
255,1245,1500,0.1388
256,1241,1497,0.1388
259,1245,1504,0.1388
260,1239,1499,0.1388
264,1242,1506,0.1388
265,1238,1503,0.1388
270,1236,1506,0.1388
267,1238,1505,0.1388
261,1237,1498,0.1388
261,1232,1493,0.1388
260,1251,1511,0.1388
252,1253,1505,0.1388
254,1251,1505,0.1388
252,1263,1515,0.1388
257,1271,1528,0.1388
255,1268,1523,0.1388
258,1264,1522,0.1388
257,1257,1514,0.1388
249,1273,1522,0.1388
250,1267,1517,0.1388
259,1265,1524,0.1388
257,1263,1520,0.1388
260,1268,1528,0.1388
257,1263,1520,0.1388
258,1256,1514,0.1388
251,1263,1514,0.1388
257,1271,1528,0.1388
256,1266,1522,0.1388
258,1255,1513,0.1388
259,1258,1517,0.1388
256,1259,1515,0.1388
256,1259,1515,0.1388
250,1251,1501,0.1388
254,1246,1500,0.1388
250,1257,1507,0.1388
252,1251,1503,0.1388
251,1259,1510,0.1388
249,1265,1514,0.1388
249,1272,1521,0.1388
252,1263,1515,0.1388
261,1262,1523,0.1388
257,1265,1522,0.1388
257,1255,1512,0.1388
248,1266,1514,0.1388
247,1262,1509,0.1388
247,1265,1512,0.1388
243,1270,1513,0.1388
247,1267,1514,0.1388
242,1266,1508,0.1388
241,1251,1492,0.1388
241,1268,1509,0.1388
242,1268,1510,0.1388
239,1261,1500,0.1388
234,1264,1498,0.1388
229,1270,1499,0.1388
234,1263,1497,0.1388
233,1275,1508,0.1388
239,1260,1499,0.1388
245,1262,1507,0.1388
247,1274,1521,0.1388
251,1270,1521,0.1388
249,1271,1520,0.1388
245,1269,1514,0.1388
241,1272,1513,0.1388
247,1261,1508,0.1388
246,1269,1515,0.1388
244,1271,1515,0.1388
247,1269,1516,0.1388
246,1265,1511,0.1388
239,1274,1513,0.1388
240,1274,1514,0.1388
234,1254,1488,0.1388
236,1266,1502,0.1388
236,1270,1506,0.1388
245,1283,1528,0.1388
238,1275,1513,0.1388
233,1267,1500,0.1388
235,1263,1498,0.1388
232,1268,1500,0.1388
228,1274,1502,0.1388
227,1277,1504,0.1388
231,1280,1511,0.1388
229,1272,1501,0.1388
227,1281,1508,0.1388
224,1273,1497,0.1388
222,1296,1518,0.1388
222,1291,1513,0.1388
222,1298,1520,0.1388
221,1301,1522,0.1388
220,1310,1530,0.1388
216,1299,1515,0.1388
215,1294,1509,0.1388
218,1304,1522,0.1388
219,1296,1515,0.1388
218,1295,1513,0.1388
219,1307,1526,0.1388
220,1307,1527,0.1388
217,1301,1518,0.1388
216,1294,1510,0.1388
213,1299,1512,0.1388
219,1299,1518,0.1388
213,1292,1505,0.1388
214,1294,1508,0.1388
212,1303,1515,0.1388
213,1304,1517,0.1388
214,1310,1524,0.1388
211,1315,1526,0.1388
207,1305,1512,0.1388
214,1308,1522,0.1388
210,1316,1526,0.1388
212,1313,1525,0.1388
212,1296,1508,0.1388
212,1302,1514,0.1388
206,1318,1524,0.1388
205,1312,1517,0.1388
205,1309,1514,0.1388
204,1321,1525,0.1388
202,1325,1527,0.1388
194,1312,1506,0.1388
192,1305,1497,0.1388
196,1306,1502,0.1388
205,1304,1509,0.1388
201,1295,1496,0.1388
204,1320,1524,0.1388
203,1330,1533,0.1388
201,1328,1529,0.1388
202,1324,1526,0.1388
206,1314,1520,0.1388
200,1317,1517,0.1388
197,1324,1521,0.1388
195,1323,1518,0.1388
191,1324,1515,0.1388
196,1306,1502,0.1388
192,1318,1510,0.1388
197,1322,1519,0.1388
193,1325,1518,0.1388
191,1332,1523,0.1388
195,1330,1525,0.1388
196,1321,1517,0.1388
188,1312,1500,0.1388
196,1315,1511,0.1388
193,1321,1514,0.1388
192,1325,1517,0.1388
190,1317,1507,0.1388
186,1314,1500,0.1388
189,1329,1518,0.1388
185,1343,1528,0.1388
181,1340,1521,0.1388
178,1343,1521,0.1388
180,1345,1525,0.1388
184,1335,1519,0.1388
189,1336,1525,0.1388
188,1333,1521,0.1388
185,1335,1520,0.1388
184,1334,1518,0.1388
187,1334,1521,0.1388
185,1342,1527,0.1388
181,1332,1513,0.1388
181,1329,1510,0.1388
181,1332,1513,0.1388
178,1334,1512,0.1388
177,1335,1512,0.1388
172,1344,1516,0.1388
176,1346,1522,0.1388
169,1344,1513,0.1388
172,1336,1508,0.1388
173,1333,1506,0.1388
176,1338,1514,0.1388
177,1341,1518,0.1388
172,1346,1518,0.1388
177,1346,1523,0.1388
182,1334,1516,0.1388
175,1337,1512,0.1388
172,1330,1502,0.1388
171,1324,1495,0.1388
175,1332,1507,0.1388
178,1335,1513,0.1388
183,1342,1525,0.1388
177,1330,1507,0.1388
178,1337,1515,0.1388
173,1341,1514,0.1388
177,1340,1517,0.1388
173,1352,1525,0.1388
176,1345,1521,0.1388
174,1359,1533,0.1388
172,1364,1536,0.1388
168,1362,1530,0.1388
169,1350,1519,0.1388
170,1352,1522,0.1388
170,1344,1514,0.1388
171,1344,1515,0.1388
170,1346,1516,0.1388
167,1350,1517,0.1388
169,1344,1513,0.1388
169,1353,1522,0.1388
168,1341,1509,0.1388
166,1356,1522,0.1388
162,1355,1517,0.1388
162,1344,1506,0.1388
161,1353,1514,0.1388
162,1347,1509,0.1388
164,1357,1521,0.1388
163,1358,1521,0.1388
162,1344,1506,0.1388
166,1358,1524,0.1388
167,1360,1527,0.1388
166,1348,1514,0.1388
168,1342,1510,0.1388
161,1351,1512,0.1388
159,1349,1508,0.1388
156,1343,1499,0.1388
158,1345,1503,0.1388
157,1354,1511,0.1388
156,1349,1505,0.1388
156,1359,1515,0.1388
163,1366,1529,0.1388
161,1364,1525,0.1388
160,1365,1525,0.1388
159,1369,1528,0.1388
162,1367,1529,0.1388
160,1362,1522,0.1388
160,1361,1521,0.1388
158,1352,1510,0.1388
153,1344,1497,0.1388
153,1345,1498,0.1388
152,1348,1500,0.1388
154,1346,1500,0.1388
156,1337,1493,0.1388
157,1353,1510,0.1388
158,1365,1523,0.1388
158,1358,1516,0.1388
156,1367,1523,0.1388
152,1362,1514,0.1388
150,1358,1508,0.1388
154,1354,1508,0.1388
153,1358,1511,0.1388
153,1362,1515,0.1388
157,1368,1525,0.1388
159,1372,1531,0.1388
160,1372,1532,0.1388
157,1363,1520,0.1388
157,1372,1529,0.1388
158,1354,1512,0.1388
158,1370,1528,0.1388
163,1373,1536,0.1388
155,1358,1513,0.1388
153,1356,1509,0.1388
151,1358,1509,0.1388
153,1358,1511,0.1388
154,1363,1517,0.1388
155,1362,1517,0.1388
156,1366,1522,0.1388
159,1369,1528,0.1388
159,1363,1522,0.1388
158,1361,1519,0.1388
160,1352,1512,0.1388
162,1352,1514,0.1388
161,1350,1511,0.1388
157,1356,1513,0.1388
157,1345,1502,0.1388
153,1355,1508,0.1388
155,1354,1509,0.1388
152,1364,1516,0.1388
152,1362,1514,0.1388
150,1369,1519,0.1388
149,1362,1511,0.1388
151,1367,1518,0.1388
151,1374,1525,0.1388
153,1373,1526,0.1388
152,1380,1532,0.1388
148,1379,1527,0.1388
146,1387,1533,0.1388
145,1377,1522,0.1388
143,1376,1519,0.1388
140,1369,1509,0.1388
137,1382,1519,0.1388
139,1373,1512,0.1388
141,1393,1534,0.1388
141,1387,1528,0.1388
138,1382,1520,0.1388
140,1372,1512,0.1388
138,1378,1516,0.1388
135,1374,1509,0.1388
135,1388,1523,0.1388
134,1389,1523,0.1388
131,1382,1513,0.1388
128,1387,1515,0.1388
120,1390,1510,0.1388
118,1396,1514,0.1388
120,1389,1509,0.1388
124,1383,1507,0.1388
123,1380,1503,0.1388
127,1387,1514,0.1388
131,1389,1520,0.1388
131,1386,1517,0.1388
129,1379,1508,0.1388
127,1380,1507,0.1388
123,1363,1486,0.1388
127,1390,1517,0.1388
129,1398,1527,0.1388
130,1388,1518,0.1388
126,1390,1516,0.1388
128,1400,1528,0.1388
131,1407,1538,0.1388
126,1392,1518,0.1388
130,1386,1516,0.1388
122,1397,1519,0.1388
125,1396,1521,0.1388
119,1381,1500,0.1388
118,1384,1502,0.1388
121,1382,1503,0.1388
122,1384,1506,0.1388
121,1387,1508,0.1388
119,1389,1508,0.1388
122,1390,1512,0.1388
122,1396,1518,0.1388
122,1405,1527,0.1388
122,1402,1524,0.1388
120,1400,1520,0.1388
117,1406,1523,0.1388
115,1405,1520,0.1388
118,1402,1520,0.1388
117,1402,1519,0.1388
116,1401,1517,0.1388
116,1396,1512,0.1388
115,1394,1509,0.1388
113,1404,1517,0.1388
113,1404,1517,0.1388
110,1406,1516,0.1388
107,1409,1516,0.1388
104,1394,1498,0.1388
103,1404,1507,0.1388
108,1411,1519,0.1388
107,1419,1526,0.1388
105,1410,1515,0.1388
104,1407,1511,0.1388
107,1402,1509,0.1388
104,1420,1524,0.1388
104,1423,1527,0.1388
101,1406,1507,0.1388
101,1401,1502,0.1388
102,1404,1506,0.1388
100,1409,1509,0.1388
103,1409,1512,0.1388
100,1425,1525,0.1388
101,1420,1521,0.1388
101,1415,1516,0.1388
96,1415,1511,0.1388
98,1409,1507,0.1388
99,1417,1516,0.1388
98,1411,1509,0.1388
96,1406,1502,0.1388
96,1411,1507,0.1388
97,1417,1514,0.1388
95,1429,1524,0.1388
92,1415,1507,0.1388
90,1425,1515,0.1388
93,1424,1517,0.1388
94,1432,1526,0.1388
93,1427,1520,0.1388
93,1420,1513,0.1388
93,1433,1526,0.1388
93,1431,1524,0.1388
95,1428,1523,0.1388
94,1442,1536,0.1388
91,1440,1531,0.1388
87,1437,1524,0.1388
88,1436,1524,0.1388
90,1434,1524,0.1388
87,1432,1519,0.1388
87,1432,1519,0.1388
86,1430,1516,0.1388
83,1428,1511,0.1388
83,1431,1514,0.1388
85,1430,1515,0.1388
89,1432,1521,0.1388
87,1433,1520,0.1388
87,1436,1523,0.1388
83,1440,1523,0.1388
83,1438,1521,0.1388
79,1441,1520,0.1388
77,1438,1515,0.1388
77,1434,1511,0.1388
79,1447,1526,0.1388
80,1453,1533,0.1388
79,1441,1520,0.1388
77,1427,1504,0.1388
77,1426,1503,0.1388
77,1429,1506,0.1388
79,1441,1520,0.1388
78,1440,1518,0.1388
79,1435,1514,0.1388
80,1439,1519,0.1388
78,1447,1525,0.1388
79,1439,1518,0.1388
79,1447,1526,0.1388
77,1436,1513,0.1388
77,1433,1510,0.1388
77,1435,1512,0.1388
74,1451,1525,0.1388
71,1456,1527,0.1388
68,1450,1518,0.1388
71,1464,1535,0.1388
73,1451,1524,0.1388
71,1445,1516,0.1388
72,1451,1523,0.1388
71,1439,1510,0.1388
69,1455,1524,0.1388
67,1451,1518,0.1388
67,1450,1517,0.1388
70,1445,1515,0.1388
70,1447,1517,0.1388
73,1444,1517,0.1388
74,1447,1521,0.1388
72,1442,1514,0.1388
75,1437,1512,0.1388
80,1426,1506,0.1388
81,1422,1503,0.1388
86,1424,1510,0.1388
83,1426,1509,0.1388
84,1424,1508,0.1388
80,1428,1508,0.1388
80,1413,1493,0.1388
80,1429,1509,0.1388
82,1442,1524,0.1388
80,1434,1514,0.1388
77,1442,1519,0.1388
75,1429,1504,0.1388
75,1436,1511,0.1388
75,1441,1516,0.1388
76,1431,1507,0.1388
75,1428,1503,0.1388
72,1430,1502,0.1388
73,1419,1492,0.1388
74,1403,1477,0.1388
75,1415,1490,0.1388
73,1416,1489,0.1388
75,1413,1488,0.1388
75,1430,1505,0.1388
76,1439,1515,0.1388
75,1443,1518,0.1388
73,1447,1520,0.1388
72,1444,1516,0.1388
70,1451,1521,0.1388
70,1459,1529,0.1388
72,1456,1528,0.1388
72,1458,1530,0.1388
70,1445,1515,0.1388
73,1444,1517,0.1388
73,1444,1517,0.1388
74,1441,1515,0.1388
74,1453,1527,0.1388
73,1442,1515,0.1388
74,1450,1524,0.1388
74,1447,1521,0.1388
73,1437,1510,0.1388
75,1435,1510,0.1388
77,1436,1513,0.1388
78,1435,1513,0.1388
78,1437,1515,0.1388
78,1424,1502,0.1388
76,1432,1508,0.1388
80,1435,1515,0.1388
79,1447,1526,0.1388
78,1450,1528,0.1388
77,1452,1529,0.1388
73,1448,1521,0.1388
74,1446,1520,0.1388
76,1450,1526,0.1388
73,1444,1517,0.1388
72,1441,1513,0.1388
73,1447,1520,0.1388
72,1454,1526,0.1388
72,1462,1534,0.1388
73,1460,1533,0.1388
74,1464,1538,0.1388
75,1445,1520,0.1388
74,1450,1524,0.1388
74,1452,1526,0.1388
72,1452,1524,0.1388
74,1437,1511,0.1388
74,1431,1505,0.1388
70,1445,1515,0.1388
67,1448,1515,0.1388
67,1448,1515,0.1388
64,1445,1509,0.1388
65,1431,1496,0.1388
67,1429,1496,0.1388
68,1448,1516,0.1388
67,1440,1507,0.1388
65,1451,1516,0.1388
64,1466,1530,0.1388
64,1452,1516,0.1388
63,1456,1519,0.1388
65,1457,1522,0.1388
66,1456,1522,0.1388
66,1462,1528,0.1388
65,1455,1520,0.1388
68,1454,1522,0.1388
67,1453,1520,0.1388
66,1445,1511,0.1388
67,1441,1508,0.1388
71,1453,1524,0.1388
72,1455,1527,0.1388
69,1456,1525,0.1388
68,1461,1529,0.1388
69,1457,1526,0.1388
70,1457,1527,0.1388
71,1453,1524,0.1388
70,1459,1529,0.1388
69,1460,1529,0.1388
68,1459,1527,0.1388
66,1446,1512,0.1388
68,1438,1506,0.1388
66,1447,1513,0.1388
64,1445,1509,0.1388
62,1443,1505,0.1388
63,1447,1510,0.1388
62,1455,1517,0.1388
63,1453,1516,0.1388
64,1462,1526,0.1388
62,1447,1509,0.1388
63,1440,1503,0.1388
61,1436,1497,0.1388
60,1452,1512,0.1388
62,1443,1505,0.1388
62,1422,1484,0.1388
63,1429,1492,0.1388
62,1434,1496,0.1388
64,1449,1513,0.1388
65,1447,1512,0.1388
61,1451,1512,0.1388
60,1450,1510,0.1388
60,1443,1503,0.1388
61,1444,1505,0.1388
58,1452,1510,0.1388
58,1454,1512,0.1388
57,1452,1509,0.1388
59,1455,1514,0.1388
63,1453,1516,0.1388
63,1441,1504,0.1388
67,1441,1508,0.1388
64,1439,1503,0.1388
65,1459,1524,0.1388
66,1452,1518,0.1388
64,1455,1519,0.1388
65,1454,1519,0.1388
65,1453,1518,0.1388
67,1443,1510,0.1388
68,1445,1513,0.1388
67,1446,1513,0.1388
69,1456,1525,0.1388
67,1449,1516,0.1388
64,1456,1520,0.1388
65,1457,1522,0.1388
63,1451,1514,0.1388
62,1441,1503,0.1388
59,1454,1513,0.1388
60,1453,1513,0.1388
57,1452,1509,0.1388
58,1451,1509,0.1388
57,1451,1508,0.1388
59,1472,1531,0.1388
58,1469,1527,0.1388
60,1469,1529,0.1388
61,1462,1523,0.1388
60,1462,1522,0.1388
57,1453,1510,0.1388
57,1458,1515,0.1388
57,1445,1502,0.1388
59,1459,1518,0.1388
58,1448,1506,0.1388
59,1450,1509,0.1388
53,1448,1501,0.1388
55,1459,1514,0.1388
57,1447,1504,0.1388
55,1450,1505,0.1388
55,1452,1507,0.1388
56,1458,1514,0.1388
56,1452,1508,0.1388
55,1441,1496,0.1388
54,1460,1514,0.1388
53,1465,1518,0.1388
51,1461,1512,0.1388
51,1469,1520,0.1388
52,1479,1531,0.1388
52,1478,1530,0.1388
54,1476,1530,0.1388
54,1471,1525,0.1388
56,1470,1526,0.1388
55,1474,1529,0.1388
54,1467,1521,0.1388
53,1458,1511,0.1388
53,1466,1519,0.1388
54,1459,1513,0.1388
52,1454,1506,0.1388
54,1458,1512,0.1388
54,1459,1513,0.1388
55,1466,1521,0.1388
55,1451,1506,0.1388
54,1455,1509,0.1388
54,1453,1507,0.1388
54,1449,1503,0.1388
53,1452,1505,0.1388
52,1464,1516,0.1388
53,1464,1517,0.1388
51,1464,1515,0.1388
51,1476,1527,0.1388
53,1463,1516,0.1388
50,1457,1507,0.1388
48,1453,1501,0.1388
50,1456,1506,0.1388
50,1455,1505,0.1388
52,1461,1513,0.1388
53,1472,1525,0.1388
51,1469,1520,0.1388
53,1463,1516,0.1388
51,1467,1518,0.1388
52,1452,1504,0.1388
53,1454,1507,0.1388
51,1439,1490,0.1388
51,1441,1492,0.1388
54,1459,1513,0.1388
52,1453,1505,0.1388
51,1453,1504,0.1388
49,1447,1496,0.1388
50,1459,1509,0.1388
52,1470,1522,0.1388
54,1467,1521,0.1388
52,1453,1505,0.1388
49,1448,1497,0.1388
49,1452,1501,0.1388
50,1466,1516,0.1388
46,1471,1517,0.1388
48,1461,1509,0.1388
46,1458,1504,0.1388
44,1463,1507,0.1388
43,1464,1507,0.1388
42,1453,1495,0.1388
40,1453,1493,0.1388
40,1462,1502,0.1388
40,1457,1497,0.1388
42,1466,1508,0.1388
44,1475,1519,0.1388
42,1485,1527,0.1388
43,1491,1534,0.1388
42,1476,1518,0.1388
41,1471,1512,0.1388
43,1468,1511,0.1388
42,1478,1520,0.1388
42,1486,1528,0.1388
42,1472,1514,0.1388
41,1474,1515,0.1388
41,1466,1507,0.1388
42,1461,1503,0.1388
42,1467,1509,0.1388
40,1477,1517,0.1388
42,1460,1502,0.1388
42,1471,1513,0.1388
43,1480,1523,0.1388
41,1482,1523,0.1388
41,1490,1531,0.1388
40,1491,1531,0.1388
39,1480,1519,0.1388
37,1486,1523,0.1388
39,1478,1517,0.1388
39,1485,1524,0.1388
39,1481,1520,0.1388
40,1467,1507,0.1388
41,1474,1515,0.1388
41,1483,1524,0.1388
40,1480,1520,0.1388
38,1491,1529,0.1388
39,1486,1525,0.1388
37,1490,1527,0.1388
36,1488,1524,0.1388
36,1492,1528,0.1388
36,1491,1527,0.1388
37,1478,1515,0.1388
36,1472,1508,0.1388
37,1483,1520,0.1388
36,1473,1509,0.1388
38,1479,1517,0.1388
40,1492,1532,0.1388
39,1497,1536,0.1388
40,1488,1528,0.1388
41,1483,1524,0.1388
41,1474,1515,0.1388
41,1473,1514,0.1388
40,1471,1511,0.1388
38,1480,1518,0.1388
37,1479,1516,0.1388
36,1492,1528,0.1388
37,1489,1526,0.1388
36,1480,1516,0.1388
37,1474,1511,0.1388
38,1466,1504,0.1388
34,1480,1514,0.1388
34,1468,1502,0.1388
34,1486,1520,0.1388
33,1487,1520,0.1388
35,1471,1506,0.1388
35,1470,1505,0.1388
33,1477,1510,0.1388
32,1472,1504,0.1388
32,1475,1507,0.1388
30,1481,1511,0.1388
29,1483,1512,0.1388
30,1481,1511,0.1388
29,1490,1519,0.1388
30,1481,1511,0.1388
30,1478,1508,0.1388
31,1482,1513,0.1388
31,1481,1512,0.1388
32,1472,1504,0.1388
31,1483,1514,0.1388
32,1466,1498,0.1388
29,1489,1518,0.1388
29,1496,1525,0.1388
28,1493,1521,0.1388
29,1497,1526,0.1388
27,1495,1522,0.1388
27,1493,1520,0.1388
27,1487,1514,0.1388
26,1474,1500,0.1388
28,1487,1515,0.1388
30,1464,1494,0.1388
30,1469,1499,0.1388
31,1477,1508,0.1388
30,1482,1512,0.1388
30,1481,1511,0.1388
31,1493,1524,0.1388
29,1487,1516,0.1388
30,1485,1515,0.1388
29,1484,1513,0.1388
27,1487,1514,0.1388
27,1489,1516,0.1388
27,1496,1523,0.1388
28,1490,1518,0.1388
28,1504,1532,0.1388
26,1495,1521,0.1388
27,1473,1500,0.1388
28,1474,1502,0.1388
30,1470,1500,0.1388
32,1482,1514,0.1388
29,1477,1506,0.1388
32,1474,1506,0.1388
31,1477,1508,0.1388
29,1476,1505,0.1388
30,1477,1507,0.1388
31,1476,1507,0.1388
32,1488,1520,0.1388
33,1485,1518,0.1388
33,1484,1517,0.1388
30,1489,1519,0.1388
28,1479,1507,0.1388
28,1480,1508,0.1388
27,1482,1509,0.1388
27,1474,1501,0.1388
25,1480,1505,0.1388
25,1482,1507,0.1388
25,1479,1504,0.1388
25,1476,1501,0.1388
25,1465,1490,0.1388
28,1461,1489,0.1388
27,1475,1502,0.1388
28,1473,1501,0.1388
27,1483,1510,0.1388
28,1488,1516,0.1388
27,1488,1515,0.1388
27,1488,1515,0.1388
28,1480,1508,0.1388
30,1483,1513,0.1388
31,1480,1511,0.1388
31,1473,1504,0.1388
34,1476,1510,0.1388
32,1485,1517,0.1388
30,1483,1513,0.1388
31,1486,1517,0.1388
29,1487,1516,0.1388
29,1478,1507,0.1388
29,1496,1525,0.1388
26,1498,1524,0.1388
27,1504,1531,0.1388
27,1502,1529,0.1388
28,1508,1536,0.1388
29,1498,1527,0.1388
27,1495,1522,0.1388
28,1499,1527,0.1388
28,1494,1522,0.1388
28,1494,1522,0.1388
31,1501,1532,0.1388
32,1507,1539,0.1388
31,1498,1529,0.1388
30,1490,1520,0.1388
28,1499,1527,0.1388
29,1497,1526,0.1388
29,1500,1529,0.1388
27,1489,1516,0.1388
27,1487,1514,0.1388
26,1479,1505,0.1388
27,1490,1517,0.1388
26,1492,1518,0.1388
27,1495,1522,0.1388
26,1497,1523,0.1388
24,1484,1508,0.1388
24,1484,1508,0.1388
24,1488,1512,0.1388
24,1489,1513,0.1388
24,1486,1510,0.1388
24,1495,1519,0.1388
25,1495,1520,0.1388
23,1489,1512,0.1388
23,1482,1505,0.1388
23,1496,1519,0.1388
23,1495,1518,0.1388
23,1488,1511,0.1388
23,1488,1511,0.1388
23,1491,1514,0.1388
23,1487,1510,0.1388
20,1489,1509,0.1388
19,1496,1515,0.1388
19,1497,1516,0.1388
19,1501,1520,0.1388
19,1504,1523,0.1388
18,1513,1531,0.1388
18,1504,1522,0.1388
18,1498,1516,0.1388
17,1510,1527,0.1388
16,1505,1521,0.1388
16,1501,1517,0.1388
16,1509,1525,0.1388
18,1502,1520,0.1388
18,1501,1519,0.1388
18,1511,1529,0.1388
18,1501,1519,0.1388
18,1506,1524,0.1388
18,1501,1519,0.1388
18,1494,1512,0.1388
18,1491,1509,0.1388
18,1493,1511,0.1388
17,1506,1523,0.1388
17,1499,1516,0.1388
16,1500,1516,0.1388
16,1507,1523,0.1388
17,1499,1516,0.1388
18,1493,1511,0.1388
18,1505,1523,0.1388
17,1495,1512,0.1388
16,1500,1516,0.1388
15,1502,1517,0.1388
16,1508,1524,0.1388
16,1503,1519,0.1388
16,1510,1526,0.1388
17,1509,1526,0.1388
17,1508,1525,0.1388
17,1499,1516,0.1388
17,1493,1510,0.1388
17,1489,1506,0.1388
17,1496,1513,0.1388
17,1497,1514,0.1388
17,1498,1515,0.1388
17,1491,1508,0.1388
18,1478,1496,0.1388
18,1483,1501,0.1388
18,1484,1502,0.1388
17,1496,1513,0.1388
17,1509,1526,0.1388
17,1500,1517,0.1388
17,1500,1517,0.1388
16,1500,1516,0.1388
16,1496,1512,0.1388
16,1499,1515,0.1388
16,1500,1516,0.1388
16,1507,1523,0.1388
17,1516,1533,0.1388
17,1504,1521,0.1388
17,1513,1530,0.1388
17,1506,1523,0.1388
17,1484,1501,0.1388
16,1505,1521,0.1388
15,1497,1512,0.1388
15,1500,1515,0.1388
14,1501,1515,0.1388
13,1504,1517,0.1388
14,1497,1511,0.1388
14,1500,1514,0.1388
14,1511,1525,0.1388
14,1500,1514,0.1388
13,1509,1522,0.1388
13,1511,1524,0.1388
13,1515,1528,0.1388
13,1501,1514,0.1388
13,1491,1504,0.1388
13,1504,1517,0.1388
13,1501,1514,0.1388
13,1509,1522,0.1388
13,1521,1534,0.1388
13,1510,1523,0.1388
14,1512,1526,0.1388
16,1509,1525,0.1388
16,1507,1523,0.1388
15,1494,1509,0.1388
16,1500,1516,0.1388
15,1506,1521,0.1388
15,1512,1527,0.1388
14,1505,1519,0.1388
14,1508,1522,0.1388
14,1496,1510,0.1388
13,1504,1517,0.1388
13,1499,1512,0.1388
14,1496,1510,0.1388
13,1502,1515,0.1388
13,1502,1515,0.1388
12,1510,1522,0.1388
12,1515,1527,0.1388
11,1505,1516,0.1388
11,1495,1506,0.1388
10,1496,1506,0.1388
10,1511,1521,0.1388
11,1512,1523,0.1388
12,1518,1530,0.1388
13,1517,1530,0.1388
12,1509,1521,0.1388
12,1501,1513,0.1388
12,1511,1523,0.1388
12,1507,1519,0.1388
11,1522,1533,0.1388
11,1506,1517,0.1388
9,1495,1504,0.1388
10,1516,1526,0.1388
10,1513,1523,0.1388
10,1514,1524,0.1388
9,1509,1518,0.1388
8,1508,1516,0.1388
9,1511,1520,0.1388
9,1510,1519,0.1388
9,1518,1527,0.1388
9,1520,1529,0.1388
8,1519,1527,0.1388
9,1515,1524,0.1388
9,1519,1528,0.1388
9,1523,1532,0.1388
9,1515,1524,0.1388
8,1518,1526,0.1388
8,1525,1533,0.1388
8,1523,1531,0.1388
8,1518,1526,0.1388
8,1529,1537,0.1388
8,1518,1526,0.1388
8,1508,1516,0.1388
8,1522,1530,0.1388
8,1518,1526,0.1388
8,1507,1515,0.1388
7,1513,1520,0.1388
7,1511,1518,0.1388
8,1506,1514,0.1388
7,1511,1518,0.1388
7,1510,1517,0.1388
7,1515,1522,0.1388
6,1518,1524,0.1388
6,1514,1520,0.1388
6,1516,1522,0.1388
7,1513,1520,0.1388
9,1513,1522,0.1388
8,1519,1527,0.1388
8,1511,1519,0.1388
8,1511,1519,0.1388
8,1506,1514,0.1388
8,1504,1512,0.1388
8,1519,1527,0.1388
8,1523,1531,0.1388
8,1525,1533,0.1388
9,1521,1530,0.1388
9,1500,1509,0.1388
9,1494,1503,0.1388
9,1501,1510,0.1388
9,1505,1514,0.1388
9,1506,1515,0.1388
8,1505,1513,0.1388
7,1499,1506,0.1388
7,1497,1504,0.1388
7,1497,1504,0.1388
7,1510,1517,0.1388
7,1513,1520,0.1388
8,1515,1523,0.1388
7,1510,1517,0.1388
7,1499,1506,0.1388
7,1501,1508,0.1388
7,1500,1507,0.1388
7,1507,1514,0.1388
7,1510,1517,0.1388
7,1518,1525,0.1388
6,1492,1498,0.1388
6,1492,1498,0.1388
6,1493,1499,0.1388
6,1505,1511,0.1388
6,1525,1531,0.1388
6,1518,1524,0.1388
5,1514,1519,0.1388
5,1525,1530,0.1388
5,1513,1518,0.1388
5,1516,1521,0.1388
5,1518,1523,0.1388
5,1506,1511,0.1388
5,1521,1526,0.1388
5,1534,1539,0.1388
5,1511,1516,0.1388
5,1508,1513,0.1388
5,1510,1515,0.1388
5,1495,1500,0.1388
6,1495,1501,0.1388
7,1493,1500,0.1388
6,1494,1500,0.1388
6,1498,1504,0.1388
6,1506,1512,0.1388
6,1515,1521,0.1388
6,1516,1522,0.1388
6,1501,1507,0.1388
6,1502,1508,0.1388
7,1502,1509,0.1388
7,1514,1521,0.1388
7,1513,1520,0.1388
7,1514,1521,0.1388
7,1523,1530,0.1388
7,1512,1519,0.1388
7,1496,1503,0.1388
6,1505,1511,0.1388
7,1496,1503,0.1388
7,1498,1505,0.1388
7,1502,1509,0.1388
7,1500,1507,0.1388
8,1510,1518,0.1388
8,1524,1532,0.1388
8,1517,1525,0.1388
8,1506,1514,0.1388
7,1515,1522,0.1388
6,1516,1522,0.1388
5,1518,1523,0.1388
5,1517,1522,0.1388
5,1520,1525,0.1388
5,1511,1516,0.1388
5,1510,1515,0.1388
5,1499,1504,0.1388
5,1506,1511,0.1388
5,1500,1505,0.1388
5,1509,1514,0.1388
5,1523,1528,0.1388
5,1517,1522,0.1388
5,1509,1514,0.1388
5,1518,1523,0.1388
5,1512,1517,0.1388
5,1525,1530,0.1388
5,1515,1520,0.1388
5,1519,1524,0.1388
5,1512,1517,0.1388
5,1505,1510,0.1388
5,1514,1519,0.1388
5,1505,1510,0.1388
5,1506,1511,0.1388
6,1508,1514,0.1388
6,1503,1509,0.1388
6,1515,1521,0.1388
6,1516,1522,0.1388
6,1503,1509,0.1388
5,1502,1507,0.1388
5,1514,1519,0.1388
5,1512,1517,0.1388
5,1510,1515,0.1388
5,1512,1517,0.1388
5,1516,1521,0.1388
5,1513,1518,0.1388
5,1520,1525,0.1388
5,1511,1516,0.1388
5,1508,1513,0.1388
5,1514,1519,0.1388
6,1501,1507,0.1388
6,1494,1500,0.1388
5,1500,1505,0.1388
5,1504,1509,0.1388
5,1504,1509,0.1388
5,1506,1511,0.1388
5,1509,1514,0.1388
5,1514,1519,0.1388
5,1502,1507,0.1388
5,1512,1517,0.1388
5,1508,1513,0.1388
4,1498,1502,0.1388
4,1500,1504,0.1388
4,1512,1516,0.1388
3,1511,1514,0.1388
3,1509,1512,0.1388
3,1513,1516,0.1388
3,1512,1515,0.1388
3,1508,1511,0.1388
3,1506,1509,0.1388
4,1508,1512,0.1388
4,1507,1511,0.1388
4,1518,1522,0.1388
4,1513,1517,0.1388
5,1502,1507,0.1388
4,1508,1512,0.1388
4,1508,1512,0.1388
4,1508,1512,0.1388
4,1507,1511,0.1388
4,1516,1520,0.1388
4,1502,1506,0.1388
4,1500,1504,0.1388
4,1509,1513,0.1388
4,1526,1530,0.1388
4,1515,1519,0.1388
4,1515,1519,0.1388
4,1511,1515,0.1388
5,1512,1517,0.1388
5,1529,1534,0.1388
5,1522,1527,0.1388
6,1526,1532,0.1388
6,1519,1525,0.1388
6,1521,1527,0.1388
6,1533,1539,0.1388
5,1522,1527,0.1388
6,1511,1517,0.1388
6,1517,1523,0.1388
6,1524,1530,0.1388
6,1527,1533,0.1388
6,1519,1525,0.1388
5,1517,1522,0.1388
5,1513,1518,0.1388
5,1517,1522,0.1388
4,1506,1510,0.1388
3,1512,1515,0.1388
3,1506,1509,0.1388
3,1519,1522,0.1388
3,1519,1522,0.1388
3,1516,1519,0.1388
4,1505,1509,0.1388
4,1505,1509,0.1388
4,1508,1512,0.1388
3,1509,1512,0.1388
3,1520,1523,0.1388
2,1512,1514,0.1388
1,1500,1501,0.1388
1,1524,1525,0.1388
1,1525,1526,0.1388
1,1516,1517,0.1388
1,1504,1505,0.1388
1,1500,1501,0.1388
1,1504,1505,0.1388
1,1506,1507,0.1388
1,1515,1516,0.1388
1,1521,1522,0.1388
1,1511,1512,0.1388
1,1522,1523,0.1388
1,1520,1521,0.1388
1,1527,1528,0.1388
1,1519,1520,0.1388
1,1514,1515,0.1388
1,1510,1511,0.1388
1,1506,1507,0.1388
1,1510,1511,0.1388
1,1514,1515,0.1388
1,1516,1517,0.1388
2,1522,1524,0.1388
2,1514,1516,0.1388
2,1533,1535,0.1388
2,1526,1528,0.1388
2,1522,1524,0.1388
2,1521,1523,0.1388
2,1511,1513,0.1388
2,1519,1521,0.1388
2,1507,1509,0.1388
2,1506,1508,0.1388
2,1509,1511,0.1388
2,1510,1512,0.1388
2,1509,1511,0.1388
2,1506,1508,0.1388
2,1515,1517,0.1388
2,1525,1527,0.1388
2,1530,1532,0.1388
2,1526,1528,0.1388
2,1527,1529,0.1388
3,1513,1516,0.1388
3,1497,1500,0.1388
2,1511,1513,0.1388
2,1509,1511,0.1388
2,1514,1516,0.1388
2,1518,1520,0.1388
2,1507,1509,0.1388
2,1516,1518,0.1388
2,1505,1507,0.1388
2,1511,1513,0.1388
2,1519,1521,0.1388
2,1501,1503,0.1388
2,1515,1517,0.1388
1,1518,1519,0.1388
1,1513,1514,0.1388
1,1516,1517,0.1388
1,1512,1513,0.1388
1,1509,1510,0.1388
1,1510,1511,0.1388
1,1530,1531,0.1388
1,1517,1518,0.1388
1,1521,1522,0.1388
1,1518,1519,0.1388
1,1500,1501,0.1388
1,1495,1496,0.1388
1,1498,1499,0.1388
1,1506,1507,0.1388
1,1519,1520,0.1388
1,1506,1507,0.1388
1,1519,1520,0.1388
1,1513,1514,0.1388
1,1508,1509,0.1388
1,1509,1510,0.1388
1,1514,1515,0.1388
1,1525,1526,0.1388
1,1524,1525,0.1388
1,1524,1525,0.1388
1,1509,1510,0.1388
1,1517,1518,0.1388
1,1523,1524,0.1388
1,1522,1523,0.1388
1,1521,1522,0.1388
1,1519,1520,0.1388
1,1533,1534,0.1388
1,1527,1528,0.1388
0,1533,1533,0.1388
