1373,29,1402,0.1388
1401,30,1431,0.1388
1424,33,1457,0.1388
1439,31,1470,0.1388
1449,31,1480,0.1388
1458,29,1487,0.1388
1458,32,1490,0.1388
1454,32,1486,0.1388
1461,34,1495,0.1388
1455,31,1486,0.1388
1462,30,1492,0.1388
1464,30,1494,0.1388
1457,31,1488,0.1388
1457,29,1486,0.1388
1451,29,1480,0.1388
1466,30,1496,0.1388
1444,31,1475,0.1388
1442,32,1474,0.1388
1454,35,1489,0.1388
1459,35,1494,0.1388
1466,33,1499,0.1388
1466,32,1498,0.1388
1462,33,1495,0.1388
1464,37,1501,0.1388
1461,41,1502,0.1388
1457,42,1499,0.1388
1466,43,1509,0.1388
1457,44,1501,0.1388
1464,47,1511,0.1388
1453,44,1497,0.1388
1460,46,1506,0.1388
1451,47,1498,0.1388
1444,47,1491,0.1388
1429,45,1474,0.1388
1429,47,1476,0.1388
1432,50,1482,0.1388
1454,53,1507,0.1388
1454,52,1506,0.1388
1449,48,1497,0.1388
1447,48,1495,0.1388
1445,49,1494,0.1388
1441,50,1491,0.1388
1442,51,1493,0.1388
1414,52,1466,0.1388
1430,54,1484,0.1388
1438,54,1492,0.1388
1434,55,1489,0.1388
1430,54,1484,0.1388
1442,55,1497,0.1388
1437,55,1492,0.1388
1417,57,1474,0.1388
1410,57,1467,0.1388
1428,58,1486,0.1388
1422,59,1481,0.1388
1421,60,1481,0.1388
1422,61,1483,0.1388
1428,62,1490,0.1388
1433,65,1498,0.1388
1437,66,1503,0.1388
1431,68,1499,0.1388
1421,67,1488,0.1388
1414,69,1483,0.1388
1423,68,1491,0.1388
1423,70,1493,0.1388
1415,72,1487,0.1388
1425,71,1496,0.1388
1422,70,1492,0.1388
1433,73,1506,0.1388
1429,69,1498,0.1388
1424,67,1491,0.1388
1420,69,1489,0.1388
1432,70,1502,0.1388
1431,71,1502,0.1388
1425,73,1498,0.1388
1412,70,1482,0.1388
1414,72,1486,0.1388
1406,69,1475,0.1388
1419,68,1487,0.1388
1419,71,1490,0.1388
1411,73,1484,0.1388
1407,76,1483,0.1388
1409,79,1488,0.1388
1405,83,1488,0.1388
1415,76,1491,0.1388
1415,76,1491,0.1388
1416,76,1492,0.1388
1413,75,1488,0.1388
1413,78,1491,0.1388
1423,76,1499,0.1388
1414,78,1492,0.1388
1409,79,1488,0.1388
1420,78,1498,0.1388
1419,77,1496,0.1388
1425,75,1500,0.1388
1414,76,1490,0.1388
1420,73,1493,0.1388
1411,76,1487,0.1388
1400,79,1479,0.1388
1392,81,1473,0.1388
1389,82,1471,0.1388
1399,88,1487,0.1388
1393,88,1481,0.1388
1392,91,1483,0.1388
1375,91,1466,0.1388
1395,91,1486,0.1388
1396,91,1487,0.1388
1410,90,1500,0.1388
1413,91,1504,0.1388
1405,92,1497,0.1388
1404,94,1498,0.1388
1406,96,1502,0.1388
1403,97,1500,0.1388
1392,104,1496,0.1388
1390,104,1494,0.1388
1399,103,1502,0.1388
1398,101,1499,0.1388
1402,99,1501,0.1388
1396,97,1493,0.1388
1388,99,1487,0.1388
1378,99,1477,0.1388
1390,103,1493,0.1388
1385,104,1489,0.1388
1372,107,1479,0.1388
1386,111,1497,0.1388
1394,110,1504,0.1388
1405,105,1510,0.1388
1406,108,1514,0.1388
1403,108,1511,0.1388
1400,109,1509,0.1388
1391,110,1501,0.1388
1397,108,1505,0.1388
1401,109,1510,0.1388
1394,111,1505,0.1388
1399,110,1509,0.1388
1398,110,1508,0.1388
1389,110,1499,0.1388
1388,112,1500,0.1388
1388,113,1501,0.1388
1379,110,1489,0.1388
1390,112,1502,0.1388
1393,108,1501,0.1388
1385,107,1492,0.1388
1381,109,1490,0.1388
1390,112,1502,0.1388
1388,108,1496,0.1388
1378,106,1484,0.1388
1378,107,1485,0.1388
1371,107,1478,0.1388
1376,106,1482,0.1388
1375,108,1483,0.1388
1365,108,1473,0.1388
1375,107,1482,0.1388
1375,107,1482,0.1388
1371,109,1480,0.1388
1375,113,1488,0.1388
1381,113,1494,0.1388
1380,112,1492,0.1388
1376,112,1488,0.1388
1380,108,1488,0.1388
1380,105,1485,0.1388
1390,106,1496,0.1388
1390,103,1493,0.1388
1387,108,1495,0.1388
1381,109,1490,0.1388
1377,109,1486,0.1388
1383,108,1491,0.1388
1388,109,1497,0.1388
1389,107,1496,0.1388
1391,107,1498,0.1388
1402,106,1508,0.1388
1400,107,1507,0.1388
1400,107,1507,0.1388
1390,106,1496,0.1388
1392,102,1494,0.1388
1383,102,1485,0.1388
1390,106,1496,0.1388
1386,110,1496,0.1388
1383,108,1491,0.1388
1391,108,1499,0.1388
1400,110,1510,0.1388
1390,113,1503,0.1388
1383,111,1494,0.1388
1385,112,1497,0.1388
1382,112,1494,0.1388
1395,108,1503,0.1388
1389,107,1496,0.1388
1380,107,1487,0.1388
1374,110,1484,0.1388
1381,114,1495,0.1388
1376,116,1492,0.1388
1367,117,1484,0.1388
1370,122,1492,0.1388
1376,121,1497,0.1388
1369,122,1491,0.1388
1364,122,1486,0.1388
1368,122,1490,0.1388
1372,122,1494,0.1388
1366,120,1486,0.1388
1371,117,1488,0.1388
1372,122,1494,0.1388
1379,120,1499,0.1388
1392,122,1514,0.1388
1383,122,1505,0.1388
1385,127,1512,0.1388
1371,125,1496,0.1388
1376,124,1500,0.1388
1364,126,1490,0.1388
1382,125,1507,0.1388
1386,125,1511,0.1388
1378,122,1500,0.1388
1375,120,1495,0.1388
1373,122,1495,0.1388
1371,119,1490,0.1388
1363,120,1483,0.1388
1374,123,1497,0.1388
1358,122,1480,0.1388
1363,128,1491,0.1388
1354,128,1482,0.1388
1369,127,1496,0.1388
1365,127,1492,0.1388
1363,125,1488,0.1388
1365,125,1490,0.1388
1366,126,1492,0.1388
1351,132,1483,0.1388
1361,132,1493,0.1388
1357,127,1484,0.1388
1361,126,1487,0.1388
1377,127,1504,0.1388
1365,125,1490,0.1388
1353,128,1481,0.1388
1381,126,1507,0.1388
1378,128,1506,0.1388
1381,125,1506,0.1388
1373,121,1494,0.1388
1376,124,1500,0.1388
1375,129,1504,0.1388
1363,131,1494,0.1388
1377,132,1509,0.1388
1381,130,1511,0.1388
1378,131,1509,0.1388
1380,134,1514,0.1388
1379,133,1512,0.1388
1369,135,1504,0.1388
1363,133,1496,0.1388
1365,131,1496,0.1388
1373,129,1502,0.1388
1376,125,1501,0.1388
1368,123,1491,0.1388
1368,129,1497,0.1388
1367,129,1496,0.1388
1366,135,1501,0.1388
1339,140,1479,0.1388
1330,140,1470,0.1388
1354,141,1495,0.1388
1360,141,1501,0.1388
1362,139,1501,0.1388
1355,140,1495,0.1388
1360,139,1499,0.1388
1345,141,1486,0.1388
1354,144,1498,0.1388
1355,148,1503,0.1388
1343,148,1491,0.1388
1334,146,1480,0.1388
1333,143,1476,0.1388
1345,145,1490,0.1388
1350,150,1500,0.1388
1345,145,1490,0.1388
1338,146,1484,0.1388
1335,149,1484,0.1388
1343,146,1489,0.1388
1339,150,1489,0.1388
1344,147,1491,0.1388
1357,147,1504,0.1388
1355,144,1499,0.1388
1343,146,1489,0.1388
1351,147,1498,0.1388
1354,155,1509,0.1388
1353,151,1504,0.1388
1360,151,1511,0.1388
1357,147,1504,0.1388
1358,148,1506,0.1388
1339,148,1487,0.1388
1340,147,1487,0.1388
1326,152,1478,0.1388
1323,155,1478,0.1388
1331,152,1483,0.1388
1340,156,1496,0.1388
1355,154,1509,0.1388
1345,156,1501,0.1388
1335,157,1492,0.1388
1329,159,1488,0.1388
1329,159,1488,0.1388
1323,163,1486,0.1388
1328,164,1492,0.1388
1320,166,1486,0.1388
1312,166,1478,0.1388
1322,168,1490,0.1388
1332,174,1506,0.1388
1323,173,1496,0.1388
1319,176,1495,0.1388
1317,179,1496,0.1388
1330,175,1505,0.1388
1324,176,1500,0.1388
1321,178,1499,0.1388
1326,182,1508,0.1388
1335,182,1517,0.1388
1329,185,1514,0.1388
1325,182,1507,0.1388
1320,185,1505,0.1388
1318,184,1502,0.1388
1314,181,1495,0.1388
1304,175,1479,0.1388
1302,183,1485,0.1388
1312,185,1497,0.1388
1316,180,1496,0.1388
1316,178,1494,0.1388
1312,179,1491,0.1388
1323,183,1506,0.1388
1319,182,1501,0.1388
1323,190,1513,0.1388
1318,189,1507,0.1388
1319,190,1509,0.1388
1313,193,1506,0.1388
1314,196,1510,0.1388
1327,199,1526,0.1388
1321,201,1522,0.1388
1311,199,1510,0.1388
1310,200,1510,0.1388
1303,201,1504,0.1388
1293,198,1491,0.1388
1281,199,1480,0.1388
1286,199,1485,0.1388
1292,199,1491,0.1388
1281,204,1485,0.1388
1291,206,1497,0.1388
1282,210,1492,0.1388
1290,212,1502,0.1388
1293,207,1500,0.1388
1288,203,1491,0.1388
1292,204,1496,0.1388
1292,199,1491,0.1388
1297,202,1499,0.1388
1296,204,1500,0.1388
1289,208,1497,0.1388
1285,207,1492,0.1388
1278,209,1487,0.1388
1286,208,1494,0.1388
1282,207,1489,0.1388
1296,207,1503,0.1388
1291,202,1493,0.1388
1296,200,1496,0.1388
1300,201,1501,0.1388
1291,196,1487,0.1388
1292,198,1490,0.1388
1296,200,1496,0.1388
1304,200,1504,0.1388
1305,204,1509,0.1388
1295,208,1503,0.1388
1297,210,1507,0.1388
1297,208,1505,0.1388
1293,207,1500,0.1388
1280,210,1490,0.1388
1281,206,1487,0.1388
1286,209,1495,0.1388
1289,210,1499,0.1388
1288,211,1499,0.1388
1281,216,1497,0.1388
1287,214,1501,0.1388
1278,212,1490,0.1388
1273,211,1484,0.1388
1267,213,1480,0.1388
1277,214,1491,0.1388
1289,212,1501,0.1388
1286,213,1499,0.1388
1291,207,1498,0.1388
1280,215,1495,0.1388
1272,221,1493,0.1388
1262,226,1488,0.1388
1255,224,1479,0.1388
1265,228,1493,0.1388
1268,227,1495,0.1388
1269,226,1495,0.1388
1276,228,1504,0.1388
1287,226,1513,0.1388
1284,222,1506,0.1388
1283,222,1505,0.1388
1282,220,1502,0.1388
1289,220,1509,0.1388
1307,216,1523,0.1388
1288,213,1501,0.1388
1292,204,1496,0.1388
1300,205,1505,0.1388
1284,213,1497,0.1388
1290,208,1498,0.1388
1286,210,1496,0.1388
1279,218,1497,0.1388
1266,219,1485,0.1388
1269,223,1492,0.1388
1260,230,1490,0.1388
1257,229,1486,0.1388
1265,228,1493,0.1388
1263,227,1490,0.1388
1258,229,1487,0.1388
1251,239,1490,0.1388
1250,242,1492,0.1388
1237,244,1481,0.1388
1246,249,1495,0.1388
1239,250,1489,0.1388
1231,251,1482,0.1388
1226,252,1478,0.1388
1226,254,1480,0.1388
1236,253,1489,0.1388
1241,253,1494,0.1388
1238,244,1482,0.1388
1237,252,1489,0.1388
1237,257,1494,0.1388
1223,256,1479,0.1388
1227,255,1482,0.1388
1240,254,1494,0.1388
1235,249,1484,0.1388
1235,248,1483,0.1388
1233,256,1489,0.1388
1234,261,1495,0.1388
1226,269,1495,0.1388
1224,271,1495,0.1388
1221,279,1500,0.1388
1229,283,1512,0.1388
1217,283,1500,0.1388
1223,286,1509,0.1388
1221,282,1503,0.1388
1216,284,1500,0.1388
1211,283,1494,0.1388
1207,290,1497,0.1388
1221,295,1516,0.1388
1216,296,1512,0.1388
1207,301,1508,0.1388
1203,301,1504,0.1388
1199,304,1503,0.1388
1186,305,1491,0.1388
1193,305,1498,0.1388
1200,308,1508,0.1388
1204,302,1506,0.1388
1197,300,1497,0.1388
1191,301,1492,0.1388
1196,300,1496,0.1388
1207,295,1502,0.1388
1204,303,1507,0.1388
1191,305,1496,0.1388
1200,309,1509,0.1388
1204,307,1511,0.1388
1209,314,1523,0.1388
1200,311,1511,0.1388
1193,307,1500,0.1388
1185,304,1489,0.1388
1191,304,1495,0.1388
1198,309,1507,0.1388
1199,307,1506,0.1388
1199,308,1507,0.1388
1191,303,1494,0.1388
1193,298,1491,0.1388
1183,302,1485,0.1388
1198,309,1507,0.1388
1191,311,1502,0.1388
1173,308,1481,0.1388
1179,310,1489,0.1388
1187,310,1497,0.1388
1185,306,1491,0.1388
1178,303,1481,0.1388
1181,305,1486,0.1388
1189,305,1494,0.1388
1191,300,1491,0.1388
1194,303,1497,0.1388
1183,306,1489,0.1388
1177,307,1484,0.1388
1197,307,1504,0.1388
1197,308,1505,0.1388
1196,302,1498,0.1388
1199,307,1506,0.1388
1184,314,1498,0.1388
1180,313,1493,0.1388
1180,317,1497,0.1388
1171,321,1492,0.1388
1169,322,1491,0.1388
1177,321,1498,0.1388
1191,320,1511,0.1388
1185,316,1501,0.1388
1188,319,1507,0.1388
1185,324,1509,0.1388
1185,327,1512,0.1388
1188,325,1513,0.1388
1188,328,1516,0.1388
1196,330,1526,0.1388
1183,331,1514,0.1388
1189,330,1519,0.1388
1178,332,1510,0.1388
1176,334,1510,0.1388
1174,337,1511,0.1388
1164,335,1499,0.1388
1153,333,1486,0.1388
1156,332,1488,0.1388
1156,333,1489,0.1388
1158,339,1497,0.1388
1162,345,1507,0.1388
1163,345,1508,0.1388
1164,343,1507,0.1388
1171,346,1517,0.1388
1159,346,1505,0.1388
1162,338,1500,0.1388
1157,335,1492,0.1388
1144,339,1483,0.1388
1172,336,1508,0.1388
1173,340,1513,0.1388
1164,344,1508,0.1388
1170,346,1516,0.1388
1170,340,1510,0.1388
1165,342,1507,0.1388
1161,340,1501,0.1388
1160,339,1499,0.1388
1150,342,1492,0.1388
1152,343,1495,0.1388
1143,345,1488,0.1388
1157,346,1503,0.1388
1162,349,1511,0.1388
1156,352,1508,0.1388
1159,350,1509,0.1388
1151,352,1503,0.1388
1154,351,1505,0.1388
1150,354,1504,0.1388
1150,356,1506,0.1388
1154,355,1509,0.1388
1163,357,1520,0.1388
1156,353,1509,0.1388
1156,354,1510,0.1388
1138,348,1486,0.1388
1158,350,1508,0.1388
1159,355,1514,0.1388
1150,352,1502,0.1388
1144,351,1495,0.1388
1149,355,1504,0.1388
1144,358,1502,0.1388
1141,355,1496,0.1388
1138,361,1499,0.1388
1127,360,1487,0.1388
1127,361,1488,0.1388
1124,362,1486,0.1388
1129,371,1500,0.1388
1126,370,1496,0.1388
1129,376,1505,0.1388
1127,382,1509,0.1388
1128,381,1509,0.1388
1130,383,1513,0.1388
1127,374,1501,0.1388
1117,377,1494,0.1388
1122,374,1496,0.1388
1112,382,1494,0.1388
1108,386,1494,0.1388
1115,377,1492,0.1388
1117,382,1499,0.1388
1118,385,1503,0.1388
1114,387,1501,0.1388
1120,381,1501,0.1388
1116,378,1494,0.1388
1105,388,1493,0.1388
1112,382,1494,0.1388
1116,384,1500,0.1388
1113,384,1497,0.1388
1110,384,1494,0.1388
1100,375,1475,0.1388
1091,373,1464,0.1388
1087,383,1470,0.1388
1097,382,1479,0.1388
1099,383,1482,0.1388
1103,387,1490,0.1388
1118,382,1500,0.1388
1115,387,1502,0.1388
1126,391,1517,0.1388
1113,393,1506,0.1388
1123,386,1509,0.1388
1124,388,1512,0.1388
1120,395,1515,0.1388
1111,396,1507,0.1388
1102,395,1497,0.1388
1100,390,1490,0.1388
1097,388,1485,0.1388
1097,397,1494,0.1388
1108,396,1504,0.1388
1102,397,1499,0.1388
1098,398,1496,0.1388
1106,400,1506,0.1388
1100,396,1496,0.1388
1098,406,1504,0.1388
1102,407,1509,0.1388
1092,406,1498,0.1388
1094,409,1503,0.1388
1087,408,1495,0.1388
1083,412,1495,0.1388
1075,418,1493,0.1388
1079,414,1493,0.1388
1089,422,1511,0.1388
1090,419,1509,0.1388
1090,413,1503,0.1388
1090,418,1508,0.1388
1079,420,1499,0.1388
1079,423,1502,0.1388
1078,419,1497,0.1388
1088,419,1507,0.1388
1101,421,1522,0.1388
1098,420,1518,0.1388
1097,420,1517,0.1388
1087,419,1506,0.1388
1093,426,1519,0.1388
1078,431,1509,0.1388
1085,436,1521,0.1388
1074,440,1514,0.1388
1065,432,1497,0.1388
1059,435,1494,0.1388
1061,434,1495,0.1388
1055,426,1481,0.1388
1055,431,1486,0.1388
1060,434,1494,0.1388
1057,444,1501,0.1388
1048,449,1497,0.1388
1051,448,1499,0.1388
1051,447,1498,0.1388
1051,451,1502,0.1388
1049,450,1499,0.1388
1050,451,1501,0.1388
1048,454,1502,0.1388
1057,456,1513,0.1388
1062,460,1522,0.1388
1062,454,1516,0.1388
1066,451,1517,0.1388
1049,449,1498,0.1388
1055,452,1507,0.1388
1052,447,1499,0.1388
1038,455,1493,0.1388
1045,452,1497,0.1388
1038,445,1483,0.1388
1042,442,1484,0.1388
1045,445,1490,0.1388
1044,434,1478,0.1388
1051,435,1486,0.1388
1052,436,1488,0.1388
1047,436,1483,0.1388
1042,441,1483,0.1388
1047,458,1505,0.1388
1036,457,1493,0.1388
1049,462,1511,0.1388
1047,444,1491,0.1388
1048,448,1496,0.1388
1035,456,1491,0.1388
1044,457,1501,0.1388
1039,454,1493,0.1388
1050,464,1514,0.1388
1054,461,1515,0.1388
1058,459,1517,0.1388
1044,468,1512,0.1388
1039,460,1499,0.1388
1036,460,1496,0.1388
1037,459,1496,0.1388
1032,464,1496,0.1388
1034,463,1497,0.1388
1036,462,1498,0.1388
1046,452,1498,0.1388
1042,443,1485,0.1388
1048,442,1490,0.1388
1049,449,1498,0.1388
1050,450,1500,0.1388
1052,457,1509,0.1388
1051,462,1513,0.1388
1046,458,1504,0.1388
1036,465,1501,0.1388
1022,462,1484,0.1388
1030,463,1493,0.1388
1029,463,1492,0.1388
1030,461,1491,0.1388
1029,464,1493,0.1388
1029,469,1498,0.1388
1030,468,1498,0.1388
1020,462,1482,0.1388
1025,467,1492,0.1388
1019,472,1491,0.1388
1025,472,1497,0.1388
1019,474,1493,0.1388
1030,486,1516,0.1388
1028,477,1505,0.1388
1026,481,1507,0.1388
1022,488,1510,0.1388
1023,487,1510,0.1388
1024,482,1506,0.1388
1024,488,1512,0.1388
1024,483,1507,0.1388
1021,480,1501,0.1388
1029,487,1516,0.1388
1024,495,1519,0.1388
1032,494,1526,0.1388
1017,500,1517,0.1388
1006,506,1512,0.1388
997,505,1502,0.1388
998,499,1497,0.1388
993,499,1492,0.1388
991,507,1498,0.1388
986,511,1497,0.1388
987,506,1493,0.1388
988,513,1501,0.1388
991,518,1509,0.1388
985,526,1511,0.1388
990,522,1512,0.1388
990,516,1506,0.1388
978,505,1483,0.1388
981,515,1496,0.1388
974,514,1488,0.1388
967,513,1480,0.1388
961,509,1470,0.1388
983,511,1494,0.1388
973,520,1493,0.1388
980,523,1503,0.1388
989,517,1506,0.1388
981,519,1500,0.1388
979,516,1495,0.1388
992,514,1506,0.1388
989,514,1503,0.1388
994,511,1505,0.1388
991,512,1503,0.1388
984,516,1500,0.1388
971,509,1480,0.1388
977,517,1494,0.1388
969,521,1490,0.1388
979,523,1502,0.1388
980,525,1505,0.1388
970,523,1493,0.1388
964,526,1490,0.1388
969,534,1503,0.1388
954,533,1487,0.1388
948,537,1485,0.1388
952,542,1494,0.1388
945,548,1493,0.1388
939,549,1488,0.1388
935,542,1477,0.1388
935,551,1486,0.1388
925,566,1491,0.1388
931,559,1490,0.1388
934,562,1496,0.1388
928,567,1495,0.1388
920,567,1487,0.1388
931,573,1504,0.1388
921,578,1499,0.1388
924,581,1505,0.1388
925,570,1495,0.1388
928,566,1494,0.1388
932,570,1502,0.1388
930,579,1509,0.1388
928,577,1505,0.1388
916,575,1491,0.1388
919,577,1496,0.1388
912,579,1491,0.1388
914,575,1489,0.1388
916,578,1494,0.1388
923,580,1503,0.1388
923,580,1503,0.1388
928,576,1504,0.1388
935,568,1503,0.1388
932,581,1513,0.1388
919,583,1502,0.1388
922,581,1503,0.1388
915,588,1503,0.1388
923,585,1508,0.1388
931,585,1516,0.1388
932,589,1521,0.1388
935,578,1513,0.1388
939,584,1523,0.1388
932,582,1514,0.1388
932,593,1525,0.1388
925,586,1511,0.1388
925,587,1512,0.1388
918,579,1497,0.1388
923,578,1501,0.1388
914,583,1497,0.1388
915,583,1498,0.1388
905,587,1492,0.1388
911,580,1491,0.1388
913,580,1493,0.1388
911,584,1495,0.1388
913,584,1497,0.1388
913,585,1498,0.1388
907,590,1497,0.1388
914,590,1504,0.1388
907,587,1494,0.1388
904,584,1488,0.1388
909,584,1493,0.1388
912,592,1504,0.1388
926,596,1522,0.1388
923,592,1515,0.1388
926,588,1514,0.1388
911,584,1495,0.1388
917,593,1510,0.1388
915,595,1510,0.1388
901,589,1490,0.1388
906,595,1501,0.1388
905,600,1505,0.1388
901,610,1511,0.1388
903,604,1507,0.1388
910,603,1513,0.1388
903,599,1502,0.1388
906,607,1513,0.1388
903,605,1508,0.1388
886,597,1483,0.1388
899,601,1500,0.1388
898,603,1501,0.1388
898,606,1504,0.1388
902,601,1503,0.1388
901,601,1502,0.1388
895,594,1489,0.1388
896,596,1492,0.1388
897,602,1499,0.1388
896,616,1512,0.1388
898,625,1523,0.1388
891,625,1516,0.1388
883,620,1503,0.1388
877,615,1492,0.1388
879,617,1496,0.1388
882,612,1494,0.1388
887,607,1494,0.1388
879,615,1494,0.1388
873,618,1491,0.1388
868,620,1488,0.1388
863,622,1485,0.1388
866,626,1492,0.1388
866,625,1491,0.1388
856,627,1483,0.1388
856,629,1485,0.1388
852,626,1478,0.1388
853,635,1488,0.1388
856,648,1504,0.1388
860,646,1506,0.1388
860,639,1499,0.1388
853,647,1500,0.1388
863,651,1514,0.1388
868,644,1512,0.1388
869,634,1503,0.1388
872,644,1516,0.1388
866,642,1508,0.1388
853,640,1493,0.1388
855,642,1497,0.1388
852,653,1505,0.1388
845,652,1497,0.1388
841,660,1501,0.1388
829,658,1487,0.1388
825,663,1488,0.1388
831,670,1501,0.1388
830,666,1496,0.1388
825,665,1490,0.1388
824,665,1489,0.1388
823,666,1489,0.1388
831,664,1495,0.1388
831,668,1499,0.1388
832,676,1508,0.1388
824,669,1493,0.1388
826,671,1497,0.1388
816,678,1494,0.1388
823,682,1505,0.1388
819,686,1505,0.1388
814,691,1505,0.1388
813,690,1503,0.1388
819,694,1513,0.1388
814,688,1502,0.1388
822,689,1511,0.1388
818,682,1500,0.1388
819,686,1505,0.1388
814,693,1507,0.1388
818,704,1522,0.1388
812,704,1516,0.1388
812,702,1514,0.1388
815,699,1514,0.1388
809,707,1516,0.1388
804,705,1509,0.1388
796,710,1506,0.1388
805,713,1518,0.1388
801,707,1508,0.1388
795,708,1503,0.1388
793,715,1508,0.1388
802,714,1516,0.1388
799,711,1510,0.1388
798,704,1502,0.1388
802,712,1514,0.1388
792,715,1507,0.1388
784,704,1488,0.1388
795,722,1517,0.1388
789,714,1503,0.1388
789,709,1498,0.1388
789,708,1497,0.1388
797,699,1496,0.1388
801,701,1502,0.1388
800,704,1504,0.1388
802,707,1509,0.1388
802,705,1507,0.1388
799,713,1512,0.1388
790,708,1498,0.1388
782,711,1493,0.1388
784,717,1501,0.1388
781,728,1509,0.1388
767,727,1494,0.1388
782,723,1505,0.1388
776,727,1503,0.1388
772,733,1505,0.1388
771,749,1520,0.1388
778,749,1527,0.1388
771,743,1514,0.1388
774,745,1519,0.1388
776,750,1526,0.1388
778,744,1522,0.1388
767,749,1516,0.1388
763,746,1509,0.1388
762,738,1500,0.1388
764,742,1506,0.1388
764,744,1508,0.1388
762,744,1506,0.1388
756,747,1503,0.1388
757,748,1505,0.1388
751,747,1498,0.1388
749,741,1490,0.1388
748,752,1500,0.1388
758,744,1502,0.1388
752,757,1509,0.1388
760,760,1520,0.1388
756,760,1516,0.1388
759,755,1514,0.1388
755,758,1513,0.1388
745,755,1500,0.1388
745,753,1498,0.1388
747,756,1503,0.1388
754,759,1513,0.1388
750,753,1503,0.1388
747,761,1508,0.1388
742,759,1501,0.1388
742,757,1499,0.1388
737,767,1504,0.1388
737,780,1517,0.1388
740,784,1524,0.1388
738,779,1517,0.1388
737,790,1527,0.1388
734,782,1516,0.1388
735,778,1513,0.1388
733,783,1516,0.1388
728,775,1503,0.1388
721,781,1502,0.1388
725,783,1508,0.1388
724,787,1511,0.1388
717,780,1497,0.1388
717,779,1496,0.1388
715,781,1496,0.1388
719,781,1500,0.1388
714,791,1505,0.1388
711,797,1508,0.1388
703,803,1506,0.1388
711,809,1520,0.1388
707,813,1520,0.1388
701,815,1516,0.1388
700,806,1506,0.1388
697,813,1510,0.1388
691,806,1497,0.1388
692,796,1488,0.1388
691,802,1493,0.1388
685,811,1496,0.1388
697,819,1516,0.1388
695,820,1515,0.1388
690,818,1508,0.1388
680,822,1502,0.1388
682,829,1511,0.1388
675,833,1508,0.1388
676,836,1512,0.1388
678,836,1514,0.1388
666,826,1492,0.1388
667,833,1500,0.1388
668,837,1505,0.1388
673,835,1508,0.1388
671,841,1512,0.1388
663,850,1513,0.1388
666,838,1504,0.1388
662,836,1498,0.1388
657,838,1495,0.1388
667,839,1506,0.1388
671,839,1510,0.1388
665,835,1500,0.1388
665,835,1500,0.1388
662,846,1508,0.1388
662,847,1509,0.1388
655,844,1499,0.1388
663,834,1497,0.1388
660,828,1488,0.1388
672,829,1501,0.1388
673,833,1506,0.1388
674,829,1503,0.1388
669,833,1502,0.1388
664,839,1503,0.1388
659,852,1511,0.1388
653,857,1510,0.1388
652,858,1510,0.1388
648,857,1505,0.1388
645,859,1504,0.1388
646,851,1497,0.1388
651,854,1505,0.1388
648,856,1504,0.1388
648,854,1502,0.1388
644,864,1508,0.1388
637,870,1507,0.1388
642,881,1523,0.1388
634,886,1520,0.1388
632,883,1515,0.1388
627,883,1510,0.1388
625,884,1509,0.1388
634,878,1512,0.1388
622,871,1493,0.1388
622,888,1510,0.1388
630,885,1515,0.1388
621,883,1504,0.1388
621,876,1497,0.1388
619,873,1492,0.1388
624,871,1495,0.1388
620,878,1498,0.1388
618,882,1500,0.1388
621,892,1513,0.1388
627,892,1519,0.1388
623,882,1505,0.1388
620,889,1509,0.1388
621,886,1507,0.1388
620,876,1496,0.1388
613,886,1499,0.1388
612,894,1506,0.1388
613,881,1494,0.1388
620,885,1505,0.1388
619,887,1506,0.1388
615,890,1505,0.1388
611,885,1496,0.1388
623,882,1505,0.1388
625,889,1514,0.1388
619,884,1503,0.1388
619,886,1505,0.1388
621,891,1512,0.1388
614,897,1511,0.1388
613,893,1506,0.1388
614,891,1505,0.1388
606,899,1505,0.1388
607,906,1513,0.1388
603,896,1499,0.1388
600,884,1484,0.1388
606,894,1500,0.1388
610,907,1517,0.1388
604,907,1511,0.1388
604,911,1515,0.1388
592,909,1501,0.1388
597,911,1508,0.1388
597,908,1505,0.1388
596,919,1515,0.1388
601,927,1528,0.1388
597,922,1519,0.1388
593,919,1512,0.1388
598,912,1510,0.1388
596,916,1512,0.1388
598,925,1523,0.1388
596,913,1509,0.1388
599,909,1508,0.1388
592,909,1501,0.1388
593,909,1502,0.1388
585,919,1504,0.1388
583,914,1497,0.1388
583,910,1493,0.1388
581,920,1501,0.1388
587,921,1508,0.1388
594,920,1514,0.1388
592,920,1512,0.1388
588,923,1511,0.1388
596,922,1518,0.1388
596,919,1515,0.1388
590,921,1511,0.1388
580,920,1500,0.1388
580,924,1504,0.1388
579,921,1500,0.1388
576,929,1505,0.1388
582,933,1515,0.1388
578,950,1528,0.1388
578,936,1514,0.1388
585,943,1528,0.1388
584,946,1530,0.1388
575,945,1520,0.1388
569,951,1520,0.1388
586,937,1523,0.1388
580,930,1510,0.1388
580,933,1513,0.1388
580,938,1518,0.1388
583,933,1516,0.1388
586,926,1512,0.1388
584,928,1512,0.1388
584,933,1517,0.1388
576,923,1499,0.1388
563,926,1489,0.1388
571,927,1498,0.1388
576,939,1515,0.1388
569,939,1508,0.1388
572,935,1507,0.1388
568,950,1518,0.1388
565,944,1509,0.1388
562,949,1511,0.1388
564,953,1517,0.1388
558,963,1521,0.1388
555,963,1518,0.1388
553,950,1503,0.1388
552,950,1502,0.1388
552,949,1501,0.1388
557,956,1513,0.1388
545,952,1497,0.1388
541,952,1493,0.1388
542,953,1495,0.1388
545,947,1492,0.1388
552,950,1502,0.1388
550,963,1513,0.1388
546,955,1501,0.1388
539,963,1502,0.1388
534,963,1497,0.1388
533,971,1504,0.1388
534,963,1497,0.1388
539,969,1508,0.1388
545,961,1506,0.1388
537,966,1503,0.1388
537,976,1513,0.1388
535,967,1502,0.1388
535,970,1505,0.1388
526,980,1506,0.1388
524,979,1503,0.1388
517,993,1510,0.1388
518,1000,1518,0.1388
518,995,1513,0.1388
516,991,1507,0.1388
526,990,1516,0.1388
521,999,1520,0.1388
513,996,1509,0.1388
513,995,1508,0.1388
512,991,1503,0.1388
514,991,1505,0.1388
509,991,1500,0.1388
507,987,1494,0.1388
507,991,1498,0.1388
517,996,1513,0.1388
514,991,1505,0.1388
515,993,1508,0.1388
520,994,1514,0.1388
514,993,1507,0.1388
510,1003,1513,0.1388
502,1001,1503,0.1388
506,1006,1512,0.1388
501,1005,1506,0.1388
497,1017,1514,0.1388
489,1026,1515,0.1388
482,1021,1503,0.1388
479,1012,1491,0.1388
476,1030,1506,0.1388
472,1040,1512,0.1388
468,1035,1503,0.1388
467,1037,1504,0.1388
473,1038,1511,0.1388
469,1054,1523,0.1388
467,1051,1518,0.1388
468,1048,1516,0.1388
479,1046,1525,0.1388
479,1039,1518,0.1388
485,1046,1531,0.1388
479,1048,1527,0.1388
479,1042,1521,0.1388
472,1036,1508,0.1388
475,1031,1506,0.1388
472,1028,1500,0.1388
474,1025,1499,0.1388
475,1026,1501,0.1388
469,1029,1498,0.1388
478,1027,1505,0.1388
478,1024,1502,0.1388
481,1021,1502,0.1388
480,1025,1505,0.1388
475,1033,1508,0.1388
473,1039,1512,0.1388
475,1045,1520,0.1388
476,1056,1532,0.1388
470,1058,1528,0.1388
473,1052,1525,0.1388
471,1048,1519,0.1388
467,1051,1518,0.1388
461,1056,1517,0.1388
463,1065,1528,0.1388
472,1055,1527,0.1388
470,1052,1522,0.1388
469,1052,1521,0.1388
465,1055,1520,0.1388
465,1051,1516,0.1388
467,1043,1510,0.1388
465,1030,1495,0.1388
476,1035,1511,0.1388
468,1040,1508,0.1388
465,1046,1511,0.1388
455,1054,1509,0.1388
462,1061,1523,0.1388
465,1059,1524,0.1388
464,1063,1527,0.1388
466,1056,1522,0.1388
461,1050,1511,0.1388
451,1055,1506,0.1388
452,1057,1509,0.1388
450,1060,1510,0.1388
453,1045,1498,0.1388
454,1049,1503,0.1388
452,1064,1516,0.1388
456,1050,1506,0.1388
456,1041,1497,0.1388
452,1047,1499,0.1388
457,1055,1512,0.1388
460,1069,1529,0.1388
466,1061,1527,0.1388
457,1057,1514,0.1388
448,1048,1496,0.1388
449,1058,1507,0.1388
452,1062,1514,0.1388
449,1063,1512,0.1388
442,1063,1505,0.1388
453,1052,1505,0.1388
455,1062,1517,0.1388
452,1062,1514,0.1388
458,1054,1512,0.1388
458,1051,1509,0.1388
458,1038,1496,0.1388
459,1045,1504,0.1388
454,1040,1494,0.1388
454,1053,1507,0.1388
463,1058,1521,0.1388
459,1064,1523,0.1388
460,1081,1541,0.1388
457,1072,1529,0.1388
458,1067,1525,0.1388
448,1057,1505,0.1388
437,1070,1507,0.1388
432,1067,1499,0.1388
431,1078,1509,0.1388
429,1089,1518,0.1388
432,1081,1513,0.1388
427,1084,1511,0.1388
431,1081,1512,0.1388
427,1073,1500,0.1388
422,1071,1493,0.1388
419,1082,1501,0.1388
420,1084,1504,0.1388
413,1094,1507,0.1388
409,1089,1498,0.1388
413,1102,1515,0.1388
411,1106,1517,0.1388
413,1109,1522,0.1388
410,1122,1532,0.1388
404,1117,1521,0.1388
407,1119,1526,0.1388
396,1111,1507,0.1388
396,1127,1523,0.1388
402,1133,1535,0.1388
389,1127,1516,0.1388
390,1115,1505,0.1388
391,1102,1493,0.1388
389,1104,1493,0.1388
391,1113,1504,0.1388
396,1120,1516,0.1388
390,1120,1510,0.1388
379,1128,1507,0.1388
380,1132,1512,0.1388
379,1136,1515,0.1388
379,1139,1518,0.1388
379,1132,1511,0.1388
373,1111,1484,0.1388
374,1126,1500,0.1388
375,1129,1504,0.1388
370,1135,1505,0.1388
370,1132,1502,0.1388
380,1134,1514,0.1388
379,1125,1504,0.1388
381,1121,1502,0.1388
383,1129,1512,0.1388
378,1135,1513,0.1388
379,1138,1517,0.1388
380,1144,1524,0.1388
378,1140,1518,0.1388
377,1147,1524,0.1388
376,1155,1531,0.1388
361,1151,1512,0.1388
353,1158,1511,0.1388
356,1160,1516,0.1388
362,1162,1524,0.1388
357,1157,1514,0.1388
359,1156,1515,0.1388
364,1156,1520,0.1388
363,1146,1509,0.1388
360,1151,1511,0.1388
360,1151,1511,0.1388
355,1150,1505,0.1388
362,1151,1513,0.1388
358,1146,1504,0.1388
356,1162,1518,0.1388
361,1156,1517,0.1388
363,1153,1516,0.1388
356,1159,1515,0.1388
356,1168,1524,0.1388
350,1166,1516,0.1388
347,1160,1507,0.1388
344,1154,1498,0.1388
343,1158,1501,0.1388
341,1153,1494,0.1388
340,1166,1506,0.1388
342,1165,1507,0.1388
340,1175,1515,0.1388
342,1164,1506,0.1388
339,1169,1508,0.1388
341,1175,1516,0.1388
344,1183,1527,0.1388
337,1177,1514,0.1388
333,1184,1517,0.1388
335,1183,1518,0.1388
336,1180,1516,0.1388
329,1185,1514,0.1388
333,1183,1516,0.1388
333,1190,1523,0.1388
328,1197,1525,0.1388
332,1189,1521,0.1388
330,1199,1529,0.1388
332,1193,1525,0.1388
335,1177,1512,0.1388
333,1185,1518,0.1388
336,1182,1518,0.1388
330,1194,1524,0.1388
329,1190,1519,0.1388
338,1186,1524,0.1388
341,1187,1528,0.1388
339,1177,1516,0.1388
334,1168,1502,0.1388
337,1159,1496,0.1388
338,1169,1507,0.1388
336,1172,1508,0.1388
336,1168,1504,0.1388
338,1169,1507,0.1388
329,1169,1498,0.1388
327,1164,1491,0.1388
329,1167,1496,0.1388
328,1174,1502,0.1388
330,1175,1505,0.1388
328,1176,1504,0.1388
322,1174,1496,0.1388
324,1172,1496,0.1388
327,1171,1498,0.1388
323,1183,1506,0.1388
325,1189,1514,0.1388
325,1182,1507,0.1388
326,1181,1507,0.1388
328,1187,1515,0.1388
327,1181,1508,0.1388
328,1179,1507,0.1388
326,1179,1505,0.1388
327,1174,1501,0.1388
334,1182,1516,0.1388
335,1194,1529,0.1388
331,1202,1533,0.1388
328,1206,1534,0.1388
327,1202,1529,0.1388
325,1186,1511,0.1388
327,1181,1508,0.1388
327,1190,1517,0.1388
318,1188,1506,0.1388
314,1185,1499,0.1388
317,1196,1513,0.1388
312,1195,1507,0.1388
312,1194,1506,0.1388
322,1203,1525,0.1388
319,1186,1505,0.1388
321,1191,1512,0.1388
320,1201,1521,0.1388
308,1205,1513,0.1388
310,1212,1522,0.1388
314,1217,1531,0.1388
313,1210,1523,0.1388
308,1212,1520,0.1388
302,1201,1503,0.1388
302,1201,1503,0.1388
300,1208,1508,0.1388
296,1210,1506,0.1388
295,1215,1510,0.1388
296,1210,1506,0.1388
294,1210,1504,0.1388
299,1202,1501,0.1388
294,1208,1502,0.1388
297,1217,1514,0.1388
299,1220,1519,0.1388
298,1211,1509,0.1388
297,1215,1512,0.1388
290,1232,1522,0.1388
292,1234,1526,0.1388
293,1224,1517,0.1388
297,1221,1518,0.1388
300,1222,1522,0.1388
303,1218,1521,0.1388
301,1227,1528,0.1388
293,1229,1522,0.1388
299,1238,1537,0.1388
294,1237,1531,0.1388
284,1225,1509,0.1388
285,1215,1500,0.1388
287,1218,1505,0.1388
294,1206,1500,0.1388
296,1213,1509,0.1388
298,1211,1509,0.1388
304,1222,1526,0.1388
301,1222,1523,0.1388
298,1231,1529,0.1388
297,1232,1529,0.1388
301,1240,1541,0.1388
300,1227,1527,0.1388
298,1228,1526,0.1388
301,1233,1534,0.1388
298,1226,1524,0.1388
291,1223,1514,0.1388
294,1229,1523,0.1388
284,1225,1509,0.1388
282,1217,1499,0.1388
280,1222,1502,0.1388
282,1213,1495,0.1388
288,1227,1515,0.1388
283,1241,1524,0.1388
282,1244,1526,0.1388
279,1234,1513,0.1388
281,1242,1523,0.1388
279,1227,1506,0.1388
278,1234,1512,0.1388
277,1226,1503,0.1388
275,1228,1503,0.1388
277,1230,1507,0.1388
273,1227,1500,0.1388
277,1231,1508,0.1388
272,1245,1517,0.1388
276,1243,1519,0.1388
270,1244,1514,0.1388
266,1253,1519,0.1388
265,1238,1503,0.1388
267,1246,1513,0.1388
273,1248,1521,0.1388
275,1244,1519,0.1388
269,1249,1518,0.1388
268,1246,1514,0.1388
273,1243,1516,0.1388
270,1247,1517,0.1388
274,1238,1512,0.1388
276,1237,1513,0.1388
273,1232,1505,0.1388
276,1244,1520,0.1388
271,1240,1511,0.1388
269,1239,1508,0.1388
268,1229,1497,0.1388
267,1232,1499,0.1388
271,1247,1518,0.1388
271,1238,1509,0.1388
265,1240,1505,0.1388
261,1257,1518,0.1388
264,1258,1522,0.1388
257,1262,1519,0.1388
255,1254,1509,0.1388
260,1263,1523,0.1388
264,1254,1518,0.1388
261,1278,1539,0.1388
259,1270,1529,0.1388
254,1261,1515,0.1388
255,1258,1513,0.1388
255,1253,1508,0.1388
257,1263,1520,0.1388
252,1260,1512,0.1388
253,1255,1508,0.1388
252,1263,1515,0.1388
250,1268,1518,0.1388
248,1259,1507,0.1388
249,1263,1512,0.1388
251,1262,1513,0.1388
253,1258,1511,0.1388
242,1258,1500,0.1388
241,1255,1496,0.1388
242,1257,1499,0.1388
248,1265,1513,0.1388
245,1275,1520,0.1388
247,1273,1520,0.1388
249,1265,1514,0.1388
247,1264,1511,0.1388
246,1255,1501,0.1388
251,1266,1517,0.1388
252,1258,1510,0.1388
243,1262,1505,0.1388
245,1271,1516,0.1388
244,1270,1514,0.1388
245,1265,1510,0.1388
244,1269,1513,0.1388
238,1263,1501,0.1388
244,1272,1516,0.1388
237,1269,1506,0.1388
231,1286,1517,0.1388
232,1287,1519,0.1388
225,1285,1510,0.1388
229,1285,1514,0.1388
227,1283,1510,0.1388
229,1285,1514,0.1388
232,1280,1512,0.1388
233,1290,1523,0.1388
237,1281,1518,0.1388
237,1273,1510,0.1388
235,1287,1522,0.1388
236,1286,1522,0.1388
237,1276,1513,0.1388
232,1273,1505,0.1388
234,1269,1503,0.1388
235,1272,1507,0.1388
234,1274,1508,0.1388
235,1267,1502,0.1388
237,1271,1508,0.1388
240,1272,1512,0.1388
241,1267,1508,0.1388
237,1275,1512,0.1388
238,1265,1503,0.1388
239,1261,1500,0.1388
239,1275,1514,0.1388
241,1275,1516,0.1388
243,1267,1510,0.1388
237,1264,1501,0.1388
235,1275,1510,0.1388
239,1270,1509,0.1388
242,1269,1511,0.1388
235,1273,1508,0.1388
235,1284,1519,0.1388
239,1292,1531,0.1388
238,1287,1525,0.1388
235,1282,1517,0.1388
233,1283,1516,0.1388
229,1301,1530,0.1388
232,1290,1522,0.1388
233,1293,1526,0.1388
228,1292,1520,0.1388
224,1293,1517,0.1388
223,1306,1529,0.1388
225,1300,1525,0.1388
223,1300,1523,0.1388
222,1292,1514,0.1388
224,1295,1519,0.1388
222,1301,1523,0.1388
221,1303,1524,0.1388
218,1292,1510,0.1388
219,1294,1513,0.1388
215,1303,1518,0.1388
214,1305,1519,0.1388
208,1294,1502,0.1388
214,1290,1504,0.1388
212,1297,1509,0.1388
212,1299,1511,0.1388
219,1300,1519,0.1388
216,1313,1529,0.1388
220,1302,1522,0.1388
216,1297,1513,0.1388
219,1307,1526,0.1388
217,1309,1526,0.1388
213,1303,1516,0.1388
212,1305,1517,0.1388
207,1311,1518,0.1388
211,1313,1524,0.1388
210,1303,1513,0.1388
208,1308,1516,0.1388
206,1319,1525,0.1388
207,1323,1530,0.1388
204,1322,1526,0.1388
202,1313,1515,0.1388
201,1310,1511,0.1388
205,1313,1518,0.1388
206,1300,1506,0.1388
205,1311,1516,0.1388
204,1303,1507,0.1388
207,1299,1506,0.1388
203,1293,1496,0.1388
209,1296,1505,0.1388
206,1293,1499,0.1388
214,1296,1510,0.1388
208,1300,1508,0.1388
210,1305,1515,0.1388
206,1311,1517,0.1388
203,1307,1510,0.1388
208,1309,1517,0.1388
211,1309,1520,0.1388
216,1310,1526,0.1388
213,1310,1523,0.1388
214,1311,1525,0.1388
218,1318,1536,0.1388
216,1297,1513,0.1388
214,1312,1526,0.1388
211,1302,1513,0.1388
206,1292,1498,0.1388
208,1305,1513,0.1388
209,1306,1515,0.1388
212,1311,1523,0.1388
211,1307,1518,0.1388
219,1307,1526,0.1388
213,1322,1535,0.1388
210,1309,1519,0.1388
213,1308,1521,0.1388
208,1305,1513,0.1388
207,1304,1511,0.1388
207,1302,1509,0.1388
203,1327,1530,0.1388
199,1325,1524,0.1388
201,1317,1518,0.1388
203,1318,1521,0.1388
199,1315,1514,0.1388
203,1320,1523,0.1388
209,1320,1529,0.1388
204,1304,1508,0.1388
199,1312,1511,0.1388
197,1311,1508,0.1388
195,1312,1507,0.1388
199,1315,1514,0.1388
199,1313,1512,0.1388
203,1324,1527,0.1388
206,1317,1523,0.1388
198,1313,1511,0.1388
197,1317,1514,0.1388
194,1311,1505,0.1388
194,1319,1513,0.1388
193,1319,1512,0.1388
188,1321,1509,0.1388
188,1323,1511,0.1388
190,1327,1517,0.1388
191,1326,1517,0.1388
195,1332,1527,0.1388
193,1334,1527,0.1388
195,1333,1528,0.1388
196,1333,1529,0.1388
197,1342,1539,0.1388
191,1336,1527,0.1388
188,1336,1524,0.1388
184,1339,1523,0.1388
183,1331,1514,0.1388
182,1334,1516,0.1388
178,1335,1513,0.1388
178,1343,1521,0.1388
177,1343,1520,0.1388
175,1340,1515,0.1388
174,1342,1516,0.1388
173,1340,1513,0.1388
181,1341,1522,0.1388
176,1345,1521,0.1388
173,1343,1516,0.1388
175,1345,1520,0.1388
172,1335,1507,0.1388
172,1337,1509,0.1388
171,1337,1508,0.1388
163,1336,1499,0.1388
165,1339,1504,0.1388
164,1339,1503,0.1388
164,1331,1495,0.1388
160,1343,1503,0.1388
163,1349,1512,0.1388
163,1339,1502,0.1388
166,1358,1524,0.1388
162,1348,1510,0.1388
162,1352,1514,0.1388
160,1348,1508,0.1388
158,1347,1505,0.1388
159,1345,1504,0.1388
161,1335,1496,0.1388
155,1350,1505,0.1388
156,1342,1498,0.1388
156,1338,1494,0.1388
157,1340,1497,0.1388
156,1355,1511,0.1388
157,1352,1509,0.1388
158,1357,1515,0.1388
154,1356,1510,0.1388
155,1350,1505,0.1388
153,1358,1511,0.1388
153,1353,1506,0.1388
154,1362,1516,0.1388
151,1358,1509,0.1388
152,1339,1491,0.1388
157,1352,1509,0.1388
157,1346,1503,0.1388
160,1359,1519,0.1388
158,1361,1519,0.1388
158,1366,1524,0.1388
158,1384,1542,0.1388
154,1384,1538,0.1388
154,1370,1524,0.1388
155,1366,1521,0.1388
156,1367,1523,0.1388
156,1359,1515,0.1388
155,1370,1525,0.1388
148,1380,1528,0.1388
146,1383,1529,0.1388
145,1378,1523,0.1388
149,1376,1525,0.1388
151,1361,1512,0.1388
148,1362,1510,0.1388
143,1363,1506,0.1388
143,1354,1497,0.1388
147,1368,1515,0.1388
148,1366,1514,0.1388
148,1359,1507,0.1388
153,1365,1518,0.1388
149,1363,1512,0.1388
149,1361,1510,0.1388
152,1356,1508,0.1388
151,1356,1507,0.1388
150,1369,1519,0.1388
145,1366,1511,0.1388
146,1373,1519,0.1388
144,1373,1517,0.1388
145,1376,1521,0.1388
145,1375,1520,0.1388
144,1380,1524,0.1388
140,1383,1523,0.1388
141,1369,1510,0.1388
138,1368,1506,0.1388
135,1380,1515,0.1388
138,1382,1520,0.1388
138,1375,1513,0.1388
143,1367,1510,0.1388
142,1376,1518,0.1388
138,1371,1509,0.1388
136,1379,1515,0.1388
136,1369,1505,0.1388
134,1368,1502,0.1388
134,1363,1497,0.1388
134,1379,1513,0.1388
132,1379,1511,0.1388
129,1389,1518,0.1388
129,1380,1509,0.1388
130,1373,1503,0.1388
131,1370,1501,0.1388
127,1377,1504,0.1388
127,1379,1506,0.1388
129,1376,1505,0.1388
128,1391,1519,0.1388
130,1394,1524,0.1388
131,1384,1515,0.1388
131,1389,1520,0.1388
131,1392,1523,0.1388
133,1379,1512,0.1388
132,1385,1517,0.1388
133,1388,1521,0.1388
130,1397,1527,0.1388
131,1386,1517,0.1388
128,1397,1525,0.1388
129,1406,1535,0.1388
129,1392,1521,0.1388
128,1397,1525,0.1388
132,1391,1523,0.1388
133,1389,1522,0.1388
128,1388,1516,0.1388
133,1382,1515,0.1388
132,1390,1522,0.1388
132,1390,1522,0.1388
126,1404,1530,0.1388
127,1386,1513,0.1388
126,1377,1503,0.1388
129,1380,1509,0.1388
128,1386,1514,0.1388
130,1390,1520,0.1388
127,1388,1515,0.1388
127,1401,1528,0.1388
122,1398,1520,0.1388
123,1399,1522,0.1388
119,1388,1507,0.1388
119,1396,1515,0.1388
120,1394,1514,0.1388
119,1400,1519,0.1388
118,1393,1511,0.1388
118,1392,1510,0.1388
118,1398,1516,0.1388
116,1402,1518,0.1388
115,1411,1526,0.1388
113,1400,1513,0.1388
112,1392,1504,0.1388
114,1394,1508,0.1388
118,1385,1503,0.1388
118,1408,1526,0.1388
117,1422,1539,0.1388
117,1425,1542,0.1388
114,1420,1534,0.1388
110,1393,1503,0.1388
108,1397,1505,0.1388
106,1408,1514,0.1388
104,1411,1515,0.1388
104,1424,1528,0.1388
104,1409,1513,0.1388
104,1411,1515,0.1388
101,1424,1525,0.1388
98,1430,1528,0.1388
99,1427,1526,0.1388
97,1428,1525,0.1388
99,1425,1524,0.1388
96,1411,1507,0.1388
93,1409,1502,0.1388
96,1425,1521,0.1388
99,1417,1516,0.1388
99,1428,1527,0.1388
100,1422,1522,0.1388
101,1438,1539,0.1388
98,1429,1527,0.1388
94,1431,1525,0.1388
94,1430,1524,0.1388
93,1425,1518,0.1388
96,1410,1506,0.1388
98,1416,1514,0.1388
99,1418,1517,0.1388
99,1423,1522,0.1388
99,1419,1518,0.1388
100,1433,1533,0.1388
96,1438,1534,0.1388
96,1434,1530,0.1388
97,1424,1521,0.1388
97,1412,1509,0.1388
95,1427,1522,0.1388
96,1420,1516,0.1388
94,1410,1504,0.1388
94,1437,1531,0.1388
95,1424,1519,0.1388
96,1428,1524,0.1388
95,1428,1523,0.1388
95,1418,1513,0.1388
96,1430,1526,0.1388
96,1426,1522,0.1388
95,1430,1525,0.1388
94,1430,1524,0.1388
98,1427,1525,0.1388
98,1430,1528,0.1388
96,1426,1522,0.1388
97,1420,1517,0.1388
97,1431,1528,0.1388
95,1434,1529,0.1388
91,1428,1519,0.1388
90,1428,1518,0.1388
89,1425,1514,0.1388
92,1418,1510,0.1388
89,1415,1504,0.1388
88,1416,1504,0.1388
89,1406,1495,0.1388
90,1411,1501,0.1388
92,1419,1511,0.1388
90,1426,1516,0.1388
88,1409,1497,0.1388
87,1402,1489,0.1388
90,1404,1494,0.1388
93,1419,1512,0.1388
94,1418,1512,0.1388
93,1410,1503,0.1388
94,1408,1502,0.1388
94,1412,1506,0.1388
95,1426,1521,0.1388
93,1431,1524,0.1388
93,1432,1525,0.1388
92,1428,1520,0.1388
92,1427,1519,0.1388
94,1419,1513,0.1388
92,1425,1517,0.1388
94,1430,1524,0.1388
92,1418,1510,0.1388
94,1412,1506,0.1388
91,1404,1495,0.1388
89,1416,1505,0.1388
91,1395,1486,0.1388
94,1391,1485,0.1388
93,1392,1485,0.1388
92,1402,1494,0.1388
92,1414,1506,0.1388
92,1430,1522,0.1388
95,1433,1528,0.1388
97,1418,1515,0.1388
98,1409,1507,0.1388
96,1401,1497,0.1388
100,1402,1502,0.1388
103,1412,1515,0.1388
102,1412,1514,0.1388
99,1417,1516,0.1388
99,1420,1519,0.1388
99,1421,1520,0.1388
94,1428,1522,0.1388
92,1439,1531,0.1388
90,1433,1523,0.1388
92,1420,1512,0.1388
90,1424,1514,0.1388
91,1422,1513,0.1388
94,1426,1520,0.1388
92,1433,1525,0.1388
92,1428,1520,0.1388
92,1437,1529,0.1388
89,1437,1526,0.1388
86,1435,1521,0.1388
87,1423,1510,0.1388
87,1423,1510,0.1388
88,1420,1508,0.1388
84,1432,1516,0.1388
85,1429,1514,0.1388
85,1428,1513,0.1388
88,1419,1507,0.1388
89,1425,1514,0.1388
89,1431,1520,0.1388
90,1423,1513,0.1388
91,1432,1523,0.1388
92,1427,1519,0.1388
93,1433,1526,0.1388
95,1431,1526,0.1388
93,1431,1524,0.1388
92,1417,1509,0.1388
93,1429,1522,0.1388
90,1430,1520,0.1388
91,1424,1515,0.1388
92,1424,1516,0.1388
97,1430,1527,0.1388
98,1412,1510,0.1388
98,1417,1515,0.1388
101,1410,1511,0.1388
101,1405,1506,0.1388
99,1400,1499,0.1388
98,1406,1504,0.1388
98,1424,1522,0.1388
97,1416,1513,0.1388
94,1414,1508,0.1388
91,1429,1520,0.1388
90,1423,1513,0.1388
93,1429,1522,0.1388
93,1430,1523,0.1388
93,1436,1529,0.1388
92,1437,1529,0.1388
93,1438,1531,0.1388
93,1432,1525,0.1388
94,1432,1526,0.1388
92,1442,1534,0.1388
90,1438,1528,0.1388
91,1443,1534,0.1388
92,1434,1526,0.1388
92,1430,1522,0.1388
88,1423,1511,0.1388
89,1426,1515,0.1388
88,1421,1509,0.1388
89,1422,1511,0.1388
88,1425,1513,0.1388
90,1443,1533,0.1388
90,1437,1527,0.1388
94,1437,1531,0.1388
90,1427,1517,0.1388
90,1421,1511,0.1388
90,1423,1513,0.1388
88,1429,1517,0.1388
88,1427,1515,0.1388
87,1426,1513,0.1388
87,1443,1530,0.1388
85,1443,1528,0.1388
85,1441,1526,0.1388
81,1440,1521,0.1388
80,1433,1513,0.1388
76,1445,1521,0.1388
75,1437,1512,0.1388
74,1433,1507,0.1388
73,1433,1506,0.1388
74,1447,1521,0.1388
73,1447,1520,0.1388
71,1440,1511,0.1388
70,1443,1513,0.1388
69,1443,1512,0.1388
69,1454,1523,0.1388
68,1440,1508,0.1388
70,1446,1516,0.1388
71,1431,1502,0.1388
73,1432,1505,0.1388
74,1414,1488,0.1388
73,1420,1493,0.1388
78,1444,1522,0.1388
79,1447,1526,0.1388
77,1453,1530,0.1388
80,1454,1534,0.1388
76,1435,1511,0.1388
74,1449,1523,0.1388
75,1445,1520,0.1388
74,1434,1508,0.1388
74,1449,1523,0.1388
73,1443,1516,0.1388
74,1442,1516,0.1388
74,1456,1530,0.1388
73,1456,1529,0.1388
73,1458,1531,0.1388
76,1449,1525,0.1388
76,1438,1514,0.1388
77,1442,1519,0.1388
74,1440,1514,0.1388
69,1436,1505,0.1388
67,1438,1505,0.1388
70,1456,1526,0.1388
69,1455,1524,0.1388
68,1450,1518,0.1388
70,1443,1513,0.1388
71,1449,1520,0.1388
70,1458,1528,0.1388
68,1455,1523,0.1388
71,1434,1505,0.1388
69,1448,1517,0.1388
70,1458,1528,0.1388
72,1463,1535,0.1388
72,1462,1534,0.1388
72,1463,1535,0.1388
68,1453,1521,0.1388
68,1453,1521,0.1388
67,1430,1497,0.1388
68,1437,1505,0.1388
64,1446,1510,0.1388
67,1452,1519,0.1388
66,1449,1515,0.1388
66,1452,1518,0.1388
64,1458,1522,0.1388
62,1440,1502,0.1388
61,1460,1521,0.1388
58,1452,1510,0.1388
57,1462,1519,0.1388
57,1456,1513,0.1388
59,1446,1505,0.1388
59,1450,1509,0.1388
58,1448,1506,0.1388
63,1459,1522,0.1388
66,1459,1525,0.1388
63,1453,1516,0.1388
61,1449,1510,0.1388
60,1459,1519,0.1388
61,1464,1525,0.1388
58,1471,1529,0.1388
58,1475,1533,0.1388
57,1469,1526,0.1388
58,1464,1522,0.1388
53,1469,1522,0.1388
52,1455,1507,0.1388
51,1474,1525,0.1388
54,1461,1515,0.1388
53,1468,1521,0.1388
54,1452,1506,0.1388
55,1472,1527,0.1388
54,1462,1516,0.1388
53,1457,1510,0.1388
56,1459,1515,0.1388
56,1449,1505,0.1388
55,1449,1504,0.1388
55,1459,1514,0.1388
55,1466,1521,0.1388
53,1452,1505,0.1388
52,1465,1517,0.1388
51,1474,1525,0.1388
51,1475,1526,0.1388
52,1478,1530,0.1388
52,1476,1528,0.1388
52,1472,1524,0.1388
51,1483,1534,0.1388
52,1478,1530,0.1388
52,1479,1531,0.1388
52,1459,1511,0.1388
51,1467,1518,0.1388
52,1468,1520,0.1388
49,1475,1524,0.1388
50,1483,1533,0.1388
53,1471,1524,0.1388
52,1460,1512,0.1388
49,1467,1516,0.1388
49,1457,1506,0.1388
48,1469,1517,0.1388
48,1472,1520,0.1388
47,1471,1518,0.1388
44,1468,1512,0.1388
45,1460,1505,0.1388
45,1452,1497,0.1388
47,1450,1497,0.1388
48,1455,1503,0.1388
47,1454,1501,0.1388
46,1460,1506,0.1388
45,1474,1519,0.1388
45,1465,1510,0.1388
43,1463,1506,0.1388
42,1450,1492,0.1388
41,1465,1506,0.1388
40,1478,1518,0.1388
44,1476,1520,0.1388
43,1478,1521,0.1388
42,1465,1507,0.1388
41,1472,1513,0.1388
42,1474,1516,0.1388
43,1471,1514,0.1388
43,1488,1531,0.1388
41,1476,1517,0.1388
42,1470,1512,0.1388
41,1471,1512,0.1388
41,1472,1513,0.1388
42,1483,1525,0.1388
40,1474,1514,0.1388
38,1464,1502,0.1388
39,1470,1509,0.1388
39,1477,1516,0.1388
39,1467,1506,0.1388
38,1469,1507,0.1388
37,1483,1520,0.1388
38,1487,1525,0.1388
40,1500,1540,0.1388
40,1488,1528,0.1388
39,1495,1534,0.1388
38,1468,1506,0.1388
37,1464,1501,0.1388
37,1477,1514,0.1388
38,1462,1500,0.1388
38,1461,1499,0.1388
37,1473,1510,0.1388
38,1478,1516,0.1388
38,1463,1501,0.1388
40,1484,1524,0.1388
40,1472,1512,0.1388
36,1485,1521,0.1388
37,1474,1511,0.1388
37,1487,1524,0.1388
37,1489,1526,0.1388
36,1487,1523,0.1388
36,1483,1519,0.1388
35,1480,1515,0.1388
35,1486,1521,0.1388
35,1486,1521,0.1388
34,1491,1525,0.1388
35,1487,1522,0.1388
33,1496,1529,0.1388
32,1490,1522,0.1388
29,1485,1514,0.1388
28,1476,1504,0.1388
26,1475,1501,0.1388
24,1489,1513,0.1388
25,1486,1511,0.1388
24,1493,1517,0.1388
24,1498,1522,0.1388
26,1498,1524,0.1388
27,1487,1514,0.1388
30,1487,1517,0.1388
30,1493,1523,0.1388
31,1500,1531,0.1388
30,1483,1513,0.1388
30,1487,1517,0.1388
30,1486,1516,0.1388
29,1480,1509,0.1388
30,1477,1507,0.1388
30,1468,1498,0.1388
31,1478,1509,0.1388
33,1471,1504,0.1388
33,1479,1512,0.1388
34,1466,1500,0.1388
34,1477,1511,0.1388
35,1477,1512,0.1388
38,1474,1512,0.1388
36,1475,1511,0.1388
36,1475,1511,0.1388
37,1486,1523,0.1388
37,1475,1512,0.1388
35,1484,1519,0.1388
35,1482,1517,0.1388
35,1481,1516,0.1388
34,1479,1513,0.1388
35,1490,1525,0.1388
36,1490,1526,0.1388
38,1474,1512,0.1388
37,1487,1524,0.1388
36,1479,1515,0.1388
34,1475,1509,0.1388
33,1483,1516,0.1388
32,1482,1514,0.1388
32,1483,1515,0.1388
34,1478,1512,0.1388
37,1473,1510,0.1388
38,1487,1525,0.1388
36,1477,1513,0.1388
35,1480,1515,0.1388
35,1485,1520,0.1388
35,1487,1522,0.1388
34,1476,1510,0.1388
34,1475,1509,0.1388
36,1481,1517,0.1388
37,1462,1499,0.1388
40,1465,1505,0.1388
39,1466,1505,0.1388
38,1469,1507,0.1388
40,1456,1496,0.1388
43,1454,1497,0.1388
43,1456,1499,0.1388
42,1470,1512,0.1388
44,1473,1517,0.1388
43,1468,1511,0.1388
42,1462,1504,0.1388
42,1471,1513,0.1388
38,1470,1508,0.1388
38,1466,1504,0.1388
38,1483,1521,0.1388
37,1471,1508,0.1388
37,1477,1514,0.1388
37,1471,1508,0.1388
39,1467,1506,0.1388
39,1456,1495,0.1388
38,1460,1498,0.1388
39,1461,1500,0.1388
36,1480,1516,0.1388
36,1477,1513,0.1388
36,1477,1513,0.1388
34,1481,1515,0.1388
35,1486,1521,0.1388
33,1496,1529,0.1388
35,1486,1521,0.1388
33,1481,1514,0.1388
34,1482,1516,0.1388
33,1475,1508,0.1388
34,1483,1517,0.1388
34,1493,1527,0.1388
33,1491,1524,0.1388
34,1492,1526,0.1388
33,1491,1524,0.1388
34,1481,1515,0.1388
35,1460,1495,0.1388
35,1461,1496,0.1388
37,1469,1506,0.1388
39,1478,1517,0.1388
36,1486,1522,0.1388
36,1491,1527,0.1388
36,1492,1528,0.1388
35,1489,1524,0.1388
36,1488,1524,0.1388
37,1478,1515,0.1388
36,1471,1507,0.1388
35,1467,1502,0.1388
36,1478,1514,0.1388
37,1479,1516,0.1388
36,1482,1518,0.1388
37,1476,1513,0.1388
35,1478,1513,0.1388
37,1471,1508,0.1388
36,1463,1499,0.1388
39,1467,1506,0.1388
40,1474,1514,0.1388
40,1476,1516,0.1388
41,1467,1508,0.1388
40,1471,1511,0.1388
37,1476,1513,0.1388
38,1469,1507,0.1388
40,1470,1510,0.1388
40,1480,1520,0.1388
40,1478,1518,0.1388
40,1476,1516,0.1388
41,1475,1516,0.1388
40,1478,1518,0.1388
40,1484,1524,0.1388
41,1482,1523,0.1388
38,1482,1520,0.1388
38,1479,1517,0.1388
38,1497,1535,0.1388
34,1481,1515,0.1388
35,1470,1505,0.1388
37,1454,1491,0.1388
37,1467,1504,0.1388
41,1474,1515,0.1388
39,1483,1522,0.1388
38,1475,1513,0.1388
38,1471,1509,0.1388
38,1478,1516,0.1388
40,1466,1506,0.1388
39,1469,1508,0.1388
41,1471,1512,0.1388
39,1477,1516,0.1388
38,1478,1516,0.1388
36,1482,1518,0.1388
34,1477,1511,0.1388
34,1479,1513,0.1388
36,1472,1508,0.1388
36,1478,1514,0.1388
36,1470,1506,0.1388
35,1492,1527,0.1388
36,1502,1538,0.1388
35,1495,1530,0.1388
36,1484,1520,0.1388
35,1474,1509,0.1388
37,1472,1509,0.1388
36,1462,1498,0.1388
36,1473,1509,0.1388
35,1473,1508,0.1388
31,1483,1514,0.1388
29,1482,1511,0.1388
30,1492,1522,0.1388
31,1490,1521,0.1388
30,1489,1519,0.1388
30,1495,1525,0.1388
27,1490,1517,0.1388
27,1492,1519,0.1388
28,1489,1517,0.1388
29,1483,1512,0.1388
30,1471,1501,0.1388
30,1476,1506,0.1388
33,1477,1510,0.1388
32,1480,1512,0.1388
32,1481,1513,0.1388
32,1491,1523,0.1388
30,1497,1527,0.1388
30,1492,1522,0.1388
30,1486,1516,0.1388
29,1482,1511,0.1388
28,1466,1494,0.1388
27,1474,1501,0.1388
27,1483,1510,0.1388
27,1477,1504,0.1388
28,1492,1520,0.1388
28,1490,1518,0.1388
28,1500,1528,0.1388
26,1496,1522,0.1388
28,1499,1527,0.1388
29,1485,1514,0.1388
29,1470,1499,0.1388
28,1485,1513,0.1388
29,1484,1513,0.1388
28,1483,1511,0.1388
26,1488,1514,0.1388
27,1486,1513,0.1388
28,1485,1513,0.1388
29,1475,1504,0.1388
27,1473,1500,0.1388
27,1471,1498,0.1388
28,1479,1507,0.1388
26,1472,1498,0.1388
28,1489,1517,0.1388
26,1487,1513,0.1388
23,1492,1515,0.1388
21,1480,1501,0.1388
22,1480,1502,0.1388
22,1482,1504,0.1388
22,1496,1518,0.1388
22,1497,1519,0.1388
23,1500,1523,0.1388
23,1503,1526,0.1388
22,1501,1523,0.1388
22,1497,1519,0.1388
21,1506,1527,0.1388
21,1503,1524,0.1388
21,1506,1527,0.1388
19,1504,1523,0.1388
19,1489,1508,0.1388
19,1487,1506,0.1388
19,1503,1522,0.1388
19,1501,1520,0.1388
20,1501,1521,0.1388
21,1495,1516,0.1388
22,1492,1514,0.1388
21,1489,1510,0.1388
24,1498,1522,0.1388
25,1483,1508,0.1388
26,1486,1512,0.1388
29,1476,1505,0.1388
29,1493,1522,0.1388
31,1490,1521,0.1388
33,1488,1521,0.1388
32,1486,1518,0.1388
31,1485,1516,0.1388
30,1477,1507,0.1388
29,1470,1499,0.1388
29,1482,1511,0.1388
30,1484,1514,0.1388
29,1463,1492,0.1388
29,1478,1507,0.1388
30,1486,1516,0.1388
28,1486,1514,0.1388
27,1488,1515,0.1388
29,1482,1511,0.1388
33,1472,1505,0.1388
34,1459,1493,0.1388
34,1455,1489,0.1388
35,1446,1481,0.1388
37,1448,1485,0.1388
36,1458,1494,0.1388
35,1471,1506,0.1388
32,1477,1509,0.1388
31,1471,1502,0.1388
31,1484,1515,0.1388
33,1477,1510,0.1388
34,1484,1518,0.1388
33,1480,1513,0.1388
33,1474,1507,0.1388
34,1474,1508,0.1388
34,1480,1514,0.1388
37,1476,1513,0.1388
38,1478,1516,0.1388
39,1467,1506,0.1388
39,1479,1518,0.1388
42,1479,1521,0.1388
39,1477,1516,0.1388
37,1483,1520,0.1388
38,1484,1522,0.1388
38,1472,1510,0.1388
35,1473,1508,0.1388
37,1461,1498,0.1388
36,1475,1511,0.1388
36,1483,1519,0.1388
35,1483,1518,0.1388
38,1492,1530,0.1388
38,1493,1531,0.1388
36,1483,1519,0.1388
35,1487,1522,0.1388
35,1495,1530,0.1388
35,1497,1532,0.1388
34,1476,1510,0.1388
34,1491,1525,0.1388
36,1485,1521,0.1388
34,1480,1514,0.1388
34,1482,1516,0.1388
33,1492,1525,0.1388
35,1495,1530,0.1388
37,1486,1523,0.1388
38,1497,1535,0.1388
37,1510,1547,0.1388
37,1497,1534,0.1388
37,1474,1511,0.1388
37,1476,1513,0.1388
37,1482,1519,0.1388
37,1483,1520,0.1388
39,1485,1524,0.1388
38,1480,1518,0.1388
38,1472,1510,0.1388
38,1464,1502,0.1388
40,1471,1511,0.1388
39,1469,1508,0.1388
39,1472,1511,0.1388
40,1473,1513,0.1388
41,1473,1514,0.1388
40,1471,1511,0.1388
39,1474,1513,0.1388
41,1474,1515,0.1388
39,1466,1505,0.1388
38,1478,1516,0.1388
39,1470,1509,0.1388
38,1465,1503,0.1388
39,1459,1498,0.1388
40,1477,1517,0.1388
40,1479,1519,0.1388
40,1484,1524,0.1388
39,1478,1517,0.1388
40,1473,1513,0.1388
41,1465,1506,0.1388
41,1474,1515,0.1388
39,1487,1526,0.1388
40,1488,1528,0.1388
39,1496,1535,0.1388
39,1486,1525,0.1388
35,1489,1524,0.1388
38,1496,1534,0.1388
39,1490,1529,0.1388
37,1486,1523,0.1388
36,1485,1521,0.1388
36,1484,1520,0.1388
37,1493,1530,0.1388
37,1488,1525,0.1388
38,1486,1524,0.1388
39,1494,1533,0.1388
39,1493,1532,0.1388
38,1497,1535,0.1388
41,1492,1533,0.1388
40,1490,1530,0.1388
41,1487,1528,0.1388
38,1491,1529,0.1388
40,1477,1517,0.1388
42,1463,1505,0.1388
42,1466,1508,0.1388
43,1470,1513,0.1388
43,1473,1516,0.1388
40,1475,1515,0.1388
40,1489,1529,0.1388
40,1474,1514,0.1388
37,1462,1499,0.1388
39,1475,1514,0.1388
39,1475,1514,0.1388
39,1471,1510,0.1388
37,1471,1508,0.1388
35,1466,1501,0.1388
34,1466,1500,0.1388
33,1484,1517,0.1388
32,1482,1514,0.1388
32,1486,1518,0.1388
30,1490,1520,0.1388
33,1487,1520,0.1388
33,1480,1513,0.1388
33,1497,1530,0.1388
33,1493,1526,0.1388
33,1492,1525,0.1388
33,1494,1527,0.1388
34,1495,1529,0.1388
32,1492,1524,0.1388
31,1497,1528,0.1388
32,1484,1516,0.1388
30,1468,1498,0.1388
34,1459,1493,0.1388
35,1460,1495,0.1388
37,1482,1519,0.1388
37,1487,1524,0.1388
36,1493,1529,0.1388
35,1491,1526,0.1388
33,1497,1530,0.1388
33,1493,1526,0.1388
34,1480,1514,0.1388
33,1487,1520,0.1388
34,1491,1525,0.1388
35,1485,1520,0.1388
35,1474,1509,0.1388
35,1484,1519,0.1388
35,1484,1519,0.1388
35,1489,1524,0.1388
35,1485,1520,0.1388
35,1486,1521,0.1388
34,1487,1521,0.1388
35,1483,1518,0.1388
35,1489,1524,0.1388
36,1475,1511,0.1388
33,1483,1516,0.1388
34,1494,1528,0.1388
32,1488,1520,0.1388
33,1491,1524,0.1388
31,1489,1520,0.1388
34,1497,1531,0.1388
33,1499,1532,0.1388
32,1499,1531,0.1388
33,1498,1531,0.1388
36,1499,1535,0.1388
35,1500,1535,0.1388
35,1485,1520,0.1388
36,1486,1522,0.1388
36,1488,1524,0.1388
34,1491,1525,0.1388
33,1498,1531,0.1388
33,1500,1533,0.1388
31,1488,1519,0.1388
30,1488,1518,0.1388
31,1492,1523,0.1388
29,1499,1528,0.1388
30,1494,1524,0.1388
30,1490,1520,0.1388
31,1490,1521,0.1388
32,1493,1525,0.1388
33,1495,1528,0.1388
34,1498,1532,0.1388
34,1494,1528,0.1388
34,1499,1533,0.1388
31,1491,1522,0.1388
31,1478,1509,0.1388
32,1500,1532,0.1388
30,1482,1512,0.1388
30,1478,1508,0.1388
31,1474,1505,0.1388
29,1479,1508,0.1388
29,1495,1524,0.1388
31,1496,1527,0.1388
31,1501,1532,0.1388
31,1496,1527,0.1388
30,1485,1515,0.1388
30,1477,1507,0.1388
30,1473,1503,0.1388
29,1474,1503,0.1388
30,1481,1511,0.1388
30,1485,1515,0.1388
32,1483,1515,0.1388
33,1476,1509,0.1388
32,1481,1513,0.1388
33,1488,1521,0.1388
33,1498,1531,0.1388
32,1493,1525,0.1388
29,1488,1517,0.1388
30,1495,1525,0.1388
30,1492,1522,0.1388
29,1506,1535,0.1388
29,1502,1531,0.1388
31,1497,1528,0.1388
32,1497,1529,0.1388
34,1487,1521,0.1388
35,1489,1524,0.1388
36,1489,1525,0.1388
35,1489,1524,0.1388
35,1488,1523,0.1388
31,1478,1509,0.1388
32,1477,1509,0.1388
28,1488,1516,0.1388
33,1491,1524,0.1388
33,1490,1523,0.1388
34,1489,1523,0.1388
32,1483,1515,0.1388
32,1478,1510,0.1388
31,1463,1494,0.1388
31,1467,1498,0.1388
31,1474,1505,0.1388
32,1492,1524,0.1388
31,1483,1514,0.1388
33,1472,1505,0.1388
34,1474,1508,0.1388
34,1479,1513,0.1388
35,1469,1504,0.1388
34,1477,1511,0.1388
33,1478,1511,0.1388
33,1474,1507,0.1388
32,1476,1508,0.1388
33,1478,1511,0.1388
35,1497,1532,0.1388
36,1488,1524,0.1388
36,1492,1528,0.1388
32,1488,1520,0.1388
36,1497,1533,0.1388
36,1496,1532,0.1388
36,1491,1527,0.1388
37,1491,1528,0.1388
37,1489,1526,0.1388
37,1476,1513,0.1388
37,1469,1506,0.1388
37,1468,1505,0.1388
34,1466,1500,0.1388
35,1472,1507,0.1388
37,1484,1521,0.1388
38,1483,1521,0.1388
38,1483,1521,0.1388
38,1481,1519,0.1388
39,1482,1521,0.1388
37,1494,1531,0.1388
34,1470,1504,0.1388
34,1478,1512,0.1388
33,1468,1501,0.1388
33,1468,1501,0.1388
31,1470,1501,0.1388
30,1473,1503,0.1388
34,1472,1506,0.1388
34,1481,1515,0.1388
33,1478,1511,0.1388
33,1477,1510,0.1388
31,1485,1516,0.1388
31,1479,1510,0.1388
30,1494,1524,0.1388
29,1479,1508,0.1388
30,1483,1513,0.1388
30,1484,1514,0.1388
31,1484,1515,0.1388
32,1490,1522,0.1388
29,1474,1503,0.1388
29,1471,1500,0.1388
31,1479,1510,0.1388
30,1473,1503,0.1388
31,1477,1508,0.1388
31,1482,1513,0.1388
33,1488,1521,0.1388
31,1489,1520,0.1388
31,1486,1517,0.1388
30,1490,1520,0.1388
31,1491,1522,0.1388
31,1492,1523,0.1388
31,1500,1531,0.1388
31,1489,1520,0.1388
29,1488,1517,0.1388
29,1485,1514,0.1388
30,1487,1517,0.1388
30,1501,1531,0.1388
31,1494,1525,0.1388
30,1498,1528,0.1388
30,1494,1524,0.1388
30,1481,1511,0.1388
30,1485,1515,0.1388
30,1482,1512,0.1388
30,1481,1511,0.1388
30,1486,1516,0.1388
28,1497,1525,0.1388
28,1496,1524,0.1388
29,1488,1517,0.1388
28,1486,1514,0.1388
28,1481,1509,0.1388
30,1490,1520,0.1388
29,1489,1518,0.1388
29,1481,1510,0.1388
28,1482,1510,0.1388
27,1489,1516,0.1388
26,1488,1514,0.1388
26,1487,1513,0.1388
26,1472,1498,0.1388
25,1484,1509,0.1388
26,1488,1514,0.1388
29,1490,1519,0.1388
30,1491,1521,0.1388
30,1486,1516,0.1388
31,1485,1516,0.1388
29,1488,1517,0.1388
29,1491,1520,0.1388
30,1491,1521,0.1388
30,1509,1539,0.1388
30,1503,1533,0.1388
29,1504,1533,0.1388
28,1492,1520,0.1388
27,1484,1511,0.1388
27,1483,1510,0.1388
28,1493,1521,0.1388
28,1492,1520,0.1388
28,1489,1517,0.1388
28,1480,1508,0.1388
27,1493,1520,0.1388
29,1500,1529,0.1388
29,1494,1523,0.1388
29,1480,1509,0.1388
29,1490,1519,0.1388
28,1486,1514,0.1388
29,1485,1514,0.1388
28,1480,1508,0.1388
27,1486,1513,0.1388
26,1492,1518,0.1388
26,1499,1525,0.1388
29,1493,1522,0.1388
29,1486,1515,0.1388
27,1489,1516,0.1388
26,1496,1522,0.1388
28,1471,1499,0.1388
27,1469,1496,0.1388
28,1475,1503,0.1388
28,1488,1516,0.1388
28,1497,1525,0.1388
28,1500,1528,0.1388
27,1508,1535,0.1388
28,1493,1521,0.1388
29,1490,1519,0.1388
29,1487,1516,0.1388
29,1477,1506,0.1388
29,1478,1507,0.1388
30,1467,1497,0.1388
32,1472,1504,0.1388
33,1484,1517,0.1388
32,1492,1524,0.1388
31,1492,1523,0.1388
32,1494,1526,0.1388
32,1490,1522,0.1388
29,1491,1520,0.1388
28,1494,1522,0.1388
31,1481,1512,0.1388
29,1470,1499,0.1388
30,1470,1500,0.1388
30,1475,1505,0.1388
31,1489,1520,0.1388
30,1486,1516,0.1388
30,1479,1509,0.1388
29,1481,1510,0.1388
28,1483,1511,0.1388
27,1483,1510,0.1388
26,1483,1509,0.1388
25,1496,1521,0.1388
25,1489,1514,0.1388
25,1485,1510,0.1388
25,1497,1522,0.1388
24,1490,1514,0.1388
23,1490,1513,0.1388
23,1482,1505,0.1388
22,1481,1503,0.1388
23,1474,1497,0.1388
24,1486,1510,0.1388
26,1487,1513,0.1388
25,1485,1510,0.1388
25,1483,1508,0.1388
26,1479,1505,0.1388
27,1486,1513,0.1388
27,1477,1504,0.1388
26,1489,1515,0.1388
25,1491,1516,0.1388
26,1486,1512,0.1388
27,1485,1512,0.1388
27,1490,1517,0.1388
28,1493,1521,0.1388
27,1498,1525,0.1388
27,1486,1513,0.1388
26,1487,1513,0.1388
23,1503,1526,0.1388
23,1512,1535,0.1388
23,1504,1527,0.1388
22,1500,1522,0.1388
22,1493,1515,0.1388
23,1490,1513,0.1388
22,1494,1516,0.1388
22,1499,1521,0.1388
24,1500,1524,0.1388
25,1507,1532,0.1388
26,1496,1522,0.1388
26,1493,1519,0.1388
26,1488,1514,0.1388
24,1494,1518,0.1388
22,1494,1516,0.1388
23,1501,1524,0.1388
22,1505,1527,0.1388
21,1492,1513,0.1388
23,1489,1512,0.1388
25,1480,1505,0.1388
24,1491,1515,0.1388
24,1485,1509,0.1388
25,1487,1512,0.1388
24,1488,1512,0.1388
24,1486,1510,0.1388
25,1484,1509,0.1388
23,1500,1523,0.1388
23,1496,1519,0.1388
23,1497,1520,0.1388
23,1501,1524,0.1388
23,1502,1525,0.1388
22,1496,1518,0.1388
20,1487,1507,0.1388
20,1493,1513,0.1388
20,1484,1504,0.1388
20,1488,1508,0.1388
20,1491,1511,0.1388
19,1485,1504,0.1388
19,1494,1513,0.1388
17,1496,1513,0.1388
19,1501,1520,0.1388
19,1488,1507,0.1388
18,1483,1501,0.1388
17,1480,1497,0.1388
16,1488,1504,0.1388
16,1482,1498,0.1388
16,1492,1508,0.1388
16,1502,1518,0.1388
16,1491,1507,0.1388
17,1506,1523,0.1388
18,1496,1514,0.1388
18,1500,1518,0.1388
18,1501,1519,0.1388
19,1508,1527,0.1388
19,1502,1521,0.1388
19,1492,1511,0.1388
20,1497,1517,0.1388
20,1494,1514,0.1388
19,1504,1523,0.1388
18,1498,1516,0.1388
18,1506,1524,0.1388
18,1497,1515,0.1388
19,1505,1524,0.1388
19,1500,1519,0.1388
20,1497,1517,0.1388
20,1495,1515,0.1388
18,1505,1523,0.1388
15,1505,1520,0.1388
16,1499,1515,0.1388
16,1508,1524,0.1388
16,1516,1532,0.1388
16,1518,1534,0.1388
16,1510,1526,0.1388
16,1502,1518,0.1388
16,1501,1517,0.1388
15,1501,1516,0.1388
15,1506,1521,0.1388
14,1509,1523,0.1388
14,1501,1515,0.1388
14,1507,1521,0.1388
14,1512,1526,0.1388
14,1494,1508,0.1388
14,1497,1511,0.1388
13,1496,1509,0.1388
13,1486,1499,0.1388
11,1504,1515,0.1388
12,1493,1505,0.1388
12,1489,1501,0.1388
12,1491,1503,0.1388
12,1494,1506,0.1388
11,1497,1508,0.1388
12,1497,1509,0.1388
12,1510,1522,0.1388
12,1508,1520,0.1388
11,1505,1516,0.1388
11,1501,1512,0.1388
10,1504,1514,0.1388
9,1507,1516,0.1388
9,1501,1510,0.1388
9,1503,1512,0.1388
9,1513,1522,0.1388
9,1518,1527,0.1388
9,1508,1517,0.1388
9,1495,1504,0.1388
9,1495,1504,0.1388
10,1502,1512,0.1388
11,1508,1519,0.1388
11,1488,1499,0.1388
12,1496,1508,0.1388
12,1494,1506,0.1388
12,1498,1510,0.1388
12,1495,1507,0.1388
10,1486,1496,0.1388
11,1491,1502,0.1388
9,1489,1498,0.1388
9,1494,1503,0.1388
9,1484,1493,0.1388
11,1480,1491,0.1388
11,1488,1499,0.1388
11,1510,1521,0.1388
11,1502,1513,0.1388
11,1496,1507,0.1388
11,1509,1520,0.1388
11,1504,1515,0.1388
10,1502,1512,0.1388
11,1494,1505,0.1388
11,1498,1509,0.1388
11,1497,1508,0.1388
12,1497,1509,0.1388
12,1498,1510,0.1388
13,1503,1516,0.1388
12,1504,1516,0.1388
12,1507,1519,0.1388
11,1508,1519,0.1388
11,1511,1522,0.1388
12,1496,1508,0.1388
12,1496,1508,0.1388
12,1490,1502,0.1388
12,1497,1509,0.1388
12,1484,1496,0.1388
12,1506,1518,0.1388
11,1504,1515,0.1388
11,1502,1513,0.1388
11,1503,1514,0.1388
11,1488,1499,0.1388
11,1492,1503,0.1388
11,1500,1511,0.1388
12,1497,1509,0.1388
11,1498,1509,0.1388
11,1498,1509,0.1388
11,1501,1512,0.1388
11,1481,1492,0.1388
12,1503,1515,0.1388
13,1500,1513,0.1388
13,1497,1510,0.1388
13,1493,1506,0.1388
12,1495,1507,0.1388
14,1494,1508,0.1388
15,1503,1518,0.1388
15,1505,1520,0.1388
15,1500,1515,0.1388
16,1503,1519,0.1388
16,1508,1524,0.1388
15,1504,1519,0.1388
14,1512,1526,0.1388
13,1511,1524,0.1388
13,1519,1532,0.1388
14,1504,1518,0.1388
13,1507,1520,0.1388
14,1510,1524,0.1388
14,1501,1515,0.1388
13,1496,1509,0.1388
13,1505,1518,0.1388
12,1513,1525,0.1388
12,1494,1506,0.1388
13,1495,1508,0.1388
13,1510,1523,0.1388
14,1518,1532,0.1388
12,1517,1529,0.1388
12,1507,1519,0.1388
13,1505,1518,0.1388
13,1510,1523,0.1388
14,1504,1518,0.1388
14,1518,1532,0.1388
14,1518,1532,0.1388
14,1515,1529,0.1388
14,1507,1521,0.1388
15,1513,1528,0.1388
15,1496,1511,0.1388
13,1504,1517,0.1388
13,1494,1507,0.1388
13,1483,1496,0.1388
14,1490,1504,0.1388
12,1484,1496,0.1388
11,1493,1504,0.1388
11,1505,1516,0.1388
11,1505,1516,0.1388
12,1503,1515,0.1388
12,1495,1507,0.1388
12,1494,1506,0.1388
12,1503,1515,0.1388
12,1496,1508,0.1388
12,1497,1509,0.1388
12,1505,1517,0.1388
12,1495,1507,0.1388
12,1497,1509,0.1388
12,1499,1511,0.1388
11,1503,1514,0.1388
11,1507,1518,0.1388
11,1508,1519,0.1388
12,1518,1530,0.1388
10,1504,1514,0.1388
9,1499,1508,0.1388
9,1495,1504,0.1388
9,1502,1511,0.1388
10,1501,1511,0.1388
9,1509,1518,0.1388
7,1504,1511,0.1388
7,1511,1518,0.1388
7,1502,1509,0.1388
7,1495,1502,0.1388
7,1509,1516,0.1388
7,1520,1527,0.1388
7,1499,1506,0.1388
8,1501,1509,0.1388
8,1509,1517,0.1388
8,1490,1498,0.1388
7,1507,1514,0.1388
7,1512,1519,0.1388
7,1514,1521,0.1388
7,1510,1517,0.1388
7,1505,1512,0.1388
7,1509,1516,0.1388
7,1515,1522,0.1388
6,1519,1525,0.1388
6,1510,1516,0.1388
6,1513,1519,0.1388
6,1514,1520,0.1388
6,1508,1514,0.1388
6,1508,1514,0.1388
6,1486,1492,0.1388
6,1494,1500,0.1388
6,1501,1507,0.1388
5,1493,1498,0.1388
5,1501,1506,0.1388
5,1497,1502,0.1388
5,1488,1493,0.1388
6,1490,1496,0.1388
6,1494,1500,0.1388
6,1513,1519,0.1388
6,1511,1517,0.1388
6,1514,1520,0.1388
6,1512,1518,0.1388
6,1519,1525,0.1388
6,1511,1517,0.1388
5,1511,1516,0.1388
5,1508,1513,0.1388
5,1509,1514,0.1388
4,1515,1519,0.1388
4,1521,1525,0.1388
4,1514,1518,0.1388
3,1505,1508,0.1388
3,1510,1513,0.1388
3,1509,1512,0.1388
3,1501,1504,0.1388
3,1504,1507,0.1388
2,1515,1517,0.1388
3,1520,1523,0.1388
4,1520,1524,0.1388
3,1519,1522,0.1388
3,1511,1514,0.1388
3,1504,1507,0.1388
3,1512,1515,0.1388
3,1516,1519,0.1388
3,1519,1522,0.1388
3,1518,1521,0.1388
3,1517,1520,0.1388
3,1520,1523,0.1388
3,1519,1522,0.1388
3,1518,1521,0.1388
3,1524,1527,0.1388
3,1516,1519,0.1388
3,1521,1524,0.1388
2,1523,1525,0.1388
2,1523,1525,0.1388
2,1524,1526,0.1388
2,1524,1526,0.1388
2,1514,1516,0.1388
2,1514,1516,0.1388
2,1514,1516,0.1388
2,1519,1521,0.1388
2,1523,1525,0.1388
1,1526,1527,0.1388
1,1521,1522,0.1388
2,1525,1527,0.1388
2,1516,1518,0.1388
2,1512,1514,0.1388
2,1507,1509,0.1388
2,1499,1501,0.1388
1,1509,1510,0.1388
1,1506,1507,0.1388
1,1525,1526,0.1388
1,1523,1524,0.1388
1,1534,1535,0.1388
1,1527,1528,0.1388
1,1532,1533,0.1388
1,1535,1536,0.1388
1,1534,1535,0.1388
1,1541,1542,0.1388
1,1533,1534,0.1388
1,1522,1523,0.1388
1,1538,1539,0.1388
1,1533,1534,0.1388
1,1515,1516,0.1388
1,1517,1518,0.1388
1,1517,1518,0.1388
1,1514,1515,0.1388
1,1514,1515,0.1388
1,1511,1512,0.1388
1,1509,1510,0.1388
1,1508,1509,0.1388
1,1521,1522,0.1388
1,1509,1510,0.1388
1,1514,1515,0.1388
1,1510,1511,0.1388
1,1517,1518,0.1388
1,1513,1514,0.1388
1,1519,1520,0.1388
1,1517,1518,0.1388
1,1510,1511,0.1388
1,1504,1505,0.1388
1,1507,1508,0.1388
1,1519,1520,0.1388
0,1515,1515,0.1388
