1372,30,1402,0.1388
1400,33,1433,0.1388
1418,33,1451,0.1388
1435,29,1464,0.1388
1441,31,1472,0.1388
1450,32,1482,0.1388
1446,32,1478,0.1388
1459,32,1491,0.1388
1457,32,1489,0.1388
1461,32,1493,0.1388
1459,32,1491,0.1388
1462,33,1495,0.1388
1450,36,1486,0.1388
1451,37,1488,0.1388
1452,39,1491,0.1388
1446,40,1486,0.1388
1445,38,1483,0.1388
1453,38,1491,0.1388
1451,39,1490,0.1388
1454,40,1494,0.1388
1452,41,1493,0.1388
1457,41,1498,0.1388
1465,40,1505,0.1388
1463,39,1502,0.1388
1456,37,1493,0.1388
1448,37,1485,0.1388
1464,36,1500,0.1388
1461,36,1497,0.1388
1478,37,1515,0.1388
1476,36,1512,0.1388
1464,36,1500,0.1388
1461,32,1493,0.1388
1461,32,1493,0.1388
1458,33,1491,0.1388
1457,34,1491,0.1388
1454,34,1488,0.1388
1454,38,1492,0.1388
1461,39,1500,0.1388
1456,41,1497,0.1388
1445,42,1487,0.1388
1456,41,1497,0.1388
1438,43,1481,0.1388
1438,44,1482,0.1388
1432,45,1477,0.1388
1436,46,1482,0.1388
1439,44,1483,0.1388
1455,42,1497,0.1388
1441,44,1485,0.1388
1448,46,1494,0.1388
1456,48,1504,0.1388
1471,45,1516,0.1388
1463,44,1507,0.1388
1455,45,1500,0.1388
1461,47,1508,0.1388
1460,46,1506,0.1388
1443,47,1490,0.1388
1453,46,1499,0.1388
1455,48,1503,0.1388
1461,48,1509,0.1388
1461,50,1511,0.1388
1455,48,1503,0.1388
1461,45,1506,0.1388
1449,46,1495,0.1388
1453,46,1499,0.1388
1438,47,1485,0.1388
1448,48,1496,0.1388
1456,50,1506,0.1388
1435,52,1487,0.1388
1435,49,1484,0.1388
1448,49,1497,0.1388
1449,47,1496,0.1388
1447,49,1496,0.1388
1438,51,1489,0.1388
1439,48,1487,0.1388
1441,50,1491,0.1388
1431,53,1484,0.1388
1431,55,1486,0.1388
1443,51,1494,0.1388
1440,52,1492,0.1388
1443,55,1498,0.1388
1448,54,1502,0.1388
1440,52,1492,0.1388
1439,51,1490,0.1388
1436,50,1486,0.1388
1419,51,1470,0.1388
1433,54,1487,0.1388
1427,55,1482,0.1388
1428,58,1486,0.1388
1436,59,1495,0.1388
1423,58,1481,0.1388
1441,57,1498,0.1388
1436,60,1496,0.1388
1435,62,1497,0.1388
1431,60,1491,0.1388
1437,60,1497,0.1388
1425,56,1481,0.1388
1416,58,1474,0.1388
1428,59,1487,0.1388
1432,58,1490,0.1388
1445,60,1505,0.1388
1438,59,1497,0.1388
1436,60,1496,0.1388
1439,64,1503,0.1388
1454,65,1519,0.1388
1443,62,1505,0.1388
1444,65,1509,0.1388
1434,64,1498,0.1388
1439,64,1503,0.1388
1442,65,1507,0.1388
1429,67,1496,0.1388
1436,69,1505,0.1388
1435,69,1504,0.1388
1447,68,1515,0.1388
1427,68,1495,0.1388
1440,69,1509,0.1388
1439,68,1507,0.1388
1436,65,1501,0.1388
1437,65,1502,0.1388
1436,65,1501,0.1388
1434,65,1499,0.1388
1439,66,1505,0.1388
1450,67,1517,0.1388
1448,66,1514,0.1388
1437,68,1505,0.1388
1421,68,1489,0.1388
1409,67,1476,0.1388
1412,73,1485,0.1388
1414,71,1485,0.1388
1416,72,1488,0.1388
1421,68,1489,0.1388
1415,66,1481,0.1388
1403,67,1470,0.1388
1395,69,1464,0.1388
1395,69,1464,0.1388
1397,76,1473,0.1388
1412,77,1489,0.1388
1414,75,1489,0.1388
1410,75,1485,0.1388
1411,78,1489,0.1388
1405,79,1484,0.1388
1410,78,1488,0.1388
1419,78,1497,0.1388
1422,76,1498,0.1388
1418,75,1493,0.1388
1414,73,1487,0.1388
1417,77,1494,0.1388
1408,80,1488,0.1388
1407,81,1488,0.1388
1416,80,1496,0.1388
1411,79,1490,0.1388
1401,77,1478,0.1388
1413,79,1492,0.1388
1413,81,1494,0.1388
1403,81,1484,0.1388
1411,80,1491,0.1388
1415,82,1497,0.1388
1407,84,1491,0.1388
1408,91,1499,0.1388
1402,89,1491,0.1388
1397,92,1489,0.1388
1403,94,1497,0.1388
1400,93,1493,0.1388
1390,94,1484,0.1388
1379,96,1475,0.1388
1397,92,1489,0.1388
1400,94,1494,0.1388
1401,96,1497,0.1388
1406,96,1502,0.1388
1417,97,1514,0.1388
1409,96,1505,0.1388
1415,100,1515,0.1388
1413,97,1510,0.1388
1409,95,1504,0.1388
1417,98,1515,0.1388
1409,97,1506,0.1388
1407,103,1510,0.1388
1404,104,1508,0.1388
1395,107,1502,0.1388
1383,106,1489,0.1388
1387,105,1492,0.1388
1396,104,1500,0.1388
1387,103,1490,0.1388
1381,103,1484,0.1388
1385,100,1485,0.1388
1390,101,1491,0.1388
1403,106,1509,0.1388
1383,104,1487,0.1388
1386,100,1486,0.1388
1392,102,1494,0.1388
1383,103,1486,0.1388
1389,103,1492,0.1388
1397,105,1502,0.1388
1392,106,1498,0.1388
1384,108,1492,0.1388
1376,105,1481,0.1388
1377,112,1489,0.1388
1365,115,1480,0.1388
1384,116,1500,0.1388
1376,115,1491,0.1388
1373,113,1486,0.1388
1384,112,1496,0.1388
1386,115,1501,0.1388
1380,119,1499,0.1388
1393,117,1510,0.1388
1383,115,1498,0.1388
1378,112,1490,0.1388
1380,112,1492,0.1388
1380,110,1490,0.1388
1378,110,1488,0.1388
1368,108,1476,0.1388
1364,104,1468,0.1388
1359,107,1466,0.1388
1365,109,1474,0.1388
1370,109,1479,0.1388
1359,112,1471,0.1388
1364,113,1477,0.1388
1368,116,1484,0.1388
1370,117,1487,0.1388
1365,121,1486,0.1388
1358,122,1480,0.1388
1359,120,1479,0.1388
1356,121,1477,0.1388
1365,116,1481,0.1388
1369,119,1488,0.1388
1380,117,1497,0.1388
1379,115,1494,0.1388
1378,117,1495,0.1388
1371,116,1487,0.1388
1370,122,1492,0.1388
1376,125,1501,0.1388
1373,125,1498,0.1388
1367,124,1491,0.1388
1365,124,1489,0.1388
1374,124,1498,0.1388
1363,125,1488,0.1388
1355,126,1481,0.1388
1354,127,1481,0.1388
1363,126,1489,0.1388
1356,131,1487,0.1388
1369,134,1503,0.1388
1367,135,1502,0.1388
1360,127,1487,0.1388
1378,132,1510,0.1388
1376,138,1514,0.1388
1372,137,1509,0.1388
1368,138,1506,0.1388
1377,137,1514,0.1388
1376,134,1510,0.1388
1370,134,1504,0.1388
1368,132,1500,0.1388
1368,132,1500,0.1388
1356,135,1491,0.1388
1353,136,1489,0.1388
1336,139,1475,0.1388
1330,138,1468,0.1388
1338,139,1477,0.1388
1340,143,1483,0.1388
1348,140,1488,0.1388
1340,141,1481,0.1388
1349,132,1481,0.1388
1360,132,1492,0.1388
1356,133,1489,0.1388
1361,138,1499,0.1388
1354,140,1494,0.1388
1359,138,1497,0.1388
1370,139,1509,0.1388
1364,141,1505,0.1388
1364,147,1511,0.1388
1348,146,1494,0.1388
1343,149,1492,0.1388
1339,149,1488,0.1388
1347,151,1498,0.1388
1345,150,1495,0.1388
1343,149,1492,0.1388
1332,146,1478,0.1388
1322,155,1477,0.1388
1328,160,1488,0.1388
1336,162,1498,0.1388
1340,167,1507,0.1388
1341,165,1506,0.1388
1333,164,1497,0.1388
1331,164,1495,0.1388
1335,163,1498,0.1388
1333,164,1497,0.1388
1331,164,1495,0.1388
1329,163,1492,0.1388
1336,166,1502,0.1388
1341,166,1507,0.1388
1343,167,1510,0.1388
1337,169,1506,0.1388
1336,173,1509,0.1388
1329,174,1503,0.1388
1328,173,1501,0.1388
1325,175,1500,0.1388
1316,175,1491,0.1388
1307,172,1479,0.1388
1318,176,1494,0.1388
1325,172,1497,0.1388
1315,170,1485,0.1388
1320,176,1496,0.1388
1328,180,1508,0.1388
1326,178,1504,0.1388
1316,178,1494,0.1388
1319,175,1494,0.1388
1316,177,1493,0.1388
1316,177,1493,0.1388
1313,179,1492,0.1388
1316,179,1495,0.1388
1315,182,1497,0.1388
1321,182,1503,0.1388
1320,181,1501,0.1388
1325,178,1503,0.1388
1327,179,1506,0.1388
1324,179,1503,0.1388
1320,178,1498,0.1388
1303,177,1480,0.1388
1309,176,1485,0.1388
1321,170,1491,0.1388
1312,169,1481,0.1388
1327,167,1494,0.1388
1326,170,1496,0.1388
1325,172,1497,0.1388
1320,173,1493,0.1388
1315,174,1489,0.1388
1315,175,1490,0.1388
1316,175,1491,0.1388
1316,175,1491,0.1388
1323,172,1495,0.1388
1324,177,1501,0.1388
1330,174,1504,0.1388
1325,172,1497,0.1388
1315,172,1487,0.1388
1317,172,1489,0.1388
1313,174,1487,0.1388
1320,174,1494,0.1388
1318,173,1491,0.1388
1330,180,1510,0.1388
1325,178,1503,0.1388
1319,178,1497,0.1388
1312,176,1488,0.1388
1308,179,1487,0.1388
1304,183,1487,0.1388
1304,181,1485,0.1388
1306,180,1486,0.1388
1311,179,1490,0.1388
1310,182,1492,0.1388
1321,180,1501,0.1388
1317,183,1500,0.1388
1309,192,1501,0.1388
1303,191,1494,0.1388
1304,192,1496,0.1388
1300,198,1498,0.1388
1310,200,1510,0.1388
1308,200,1508,0.1388
1311,202,1513,0.1388
1304,199,1503,0.1388
1290,201,1491,0.1388
1287,203,1490,0.1388
1283,205,1488,0.1388
1283,205,1488,0.1388
1290,207,1497,0.1388
1298,203,1501,0.1388
1294,210,1504,0.1388
1285,206,1491,0.1388
1280,212,1492,0.1388
1280,211,1491,0.1388
1291,209,1500,0.1388
1290,210,1500,0.1388
1283,210,1493,0.1388
1290,207,1497,0.1388
1288,204,1492,0.1388
1267,204,1471,0.1388
1279,206,1485,0.1388
1278,212,1490,0.1388
1277,210,1487,0.1388
1284,208,1492,0.1388
1288,208,1496,0.1388
1273,209,1482,0.1388
1276,214,1490,0.1388
1284,213,1497,0.1388
1284,214,1498,0.1388
1293,210,1503,0.1388
1285,215,1500,0.1388
1284,215,1499,0.1388
1276,214,1490,0.1388
1276,217,1493,0.1388
1269,223,1492,0.1388
1276,219,1495,0.1388
1266,213,1479,0.1388
1253,214,1467,0.1388
1256,214,1470,0.1388
1267,220,1487,0.1388
1264,218,1482,0.1388
1257,213,1470,0.1388
1266,212,1478,0.1388
1274,212,1486,0.1388
1298,209,1507,0.1388
1298,209,1507,0.1388
1291,207,1498,0.1388
1282,207,1489,0.1388
1284,213,1497,0.1388
1282,218,1500,0.1388
1281,214,1495,0.1388
1291,214,1505,0.1388
1290,216,1506,0.1388
1294,211,1505,0.1388
1291,214,1505,0.1388
1283,214,1497,0.1388
1289,215,1504,0.1388
1290,219,1509,0.1388
1286,221,1507,0.1388
1280,218,1498,0.1388
1289,219,1508,0.1388
1293,221,1514,0.1388
1282,218,1500,0.1388
1281,215,1496,0.1388
1278,216,1494,0.1388
1276,215,1491,0.1388
1281,218,1499,0.1388
1277,216,1493,0.1388
1282,217,1499,0.1388
1297,220,1517,0.1388
1296,222,1518,0.1388
1288,217,1505,0.1388
1287,219,1506,0.1388
1291,222,1513,0.1388
1289,223,1512,0.1388
1271,224,1495,0.1388
1281,221,1502,0.1388
1284,219,1503,0.1388
1288,218,1506,0.1388
1285,219,1504,0.1388
1279,226,1505,0.1388
1281,228,1509,0.1388
1285,224,1509,0.1388
1278,219,1497,0.1388
1277,218,1495,0.1388
1282,215,1497,0.1388
1267,221,1488,0.1388
1269,226,1495,0.1388
1260,223,1483,0.1388
1262,223,1485,0.1388
1277,225,1502,0.1388
1263,223,1486,0.1388
1269,223,1492,0.1388
1277,229,1506,0.1388
1265,232,1497,0.1388
1261,234,1495,0.1388
1266,233,1499,0.1388
1273,238,1511,0.1388
1273,238,1511,0.1388
1265,237,1502,0.1388
1265,238,1503,0.1388
1278,240,1518,0.1388
1265,243,1508,0.1388
1259,242,1501,0.1388
1260,239,1499,0.1388
1267,235,1502,0.1388
1272,235,1507,0.1388
1255,233,1488,0.1388
1264,239,1503,0.1388
1265,239,1504,0.1388
1274,242,1516,0.1388
1272,239,1511,0.1388
1265,240,1505,0.1388
1263,239,1502,0.1388
1247,237,1484,0.1388
1246,240,1486,0.1388
1239,237,1476,0.1388
1235,229,1464,0.1388
1232,242,1474,0.1388
1245,241,1486,0.1388
1250,248,1498,0.1388
1234,239,1473,0.1388
1256,244,1500,0.1388
1249,247,1496,0.1388
1260,250,1510,0.1388
1254,252,1506,0.1388
1250,252,1502,0.1388
1237,252,1489,0.1388
1237,255,1492,0.1388
1237,262,1499,0.1388
1235,264,1499,0.1388
1234,265,1499,0.1388
1227,263,1490,0.1388
1242,266,1508,0.1388
1236,260,1496,0.1388
1244,259,1503,0.1388
1233,262,1495,0.1388
1241,266,1507,0.1388
1237,267,1504,0.1388
1239,260,1499,0.1388
1233,264,1497,0.1388
1221,266,1487,0.1388
1234,266,1500,0.1388
1238,260,1498,0.1388
1236,258,1494,0.1388
1230,263,1493,0.1388
1238,265,1503,0.1388
1249,268,1517,0.1388
1244,266,1510,0.1388
1238,265,1503,0.1388
1245,264,1509,0.1388
1239,268,1507,0.1388
1243,273,1516,0.1388
1242,271,1513,0.1388
1242,275,1517,0.1388
1251,275,1526,0.1388
1230,277,1507,0.1388
1212,272,1484,0.1388
1221,268,1489,0.1388
1214,266,1480,0.1388
1229,263,1492,0.1388
1225,263,1488,0.1388
1230,267,1497,0.1388
1246,268,1514,0.1388
1234,270,1504,0.1388
1230,280,1510,0.1388
1230,276,1506,0.1388
1231,275,1506,0.1388
1225,281,1506,0.1388
1216,286,1502,0.1388
1206,287,1493,0.1388
1206,288,1494,0.1388
1215,285,1500,0.1388
1215,276,1491,0.1388
1213,280,1493,0.1388
1224,279,1503,0.1388
1221,284,1505,0.1388
1221,278,1499,0.1388
1225,279,1504,0.1388
1223,280,1503,0.1388
1224,276,1500,0.1388
1222,280,1502,0.1388
1216,281,1497,0.1388
1218,277,1495,0.1388
1211,281,1492,0.1388
1205,284,1489,0.1388
1211,280,1491,0.1388
1221,275,1496,0.1388
1210,278,1488,0.1388
1206,272,1478,0.1388
1194,269,1463,0.1388
1189,272,1461,0.1388
1195,277,1472,0.1388
1206,276,1482,0.1388
1218,282,1500,0.1388
1211,289,1500,0.1388
1217,284,1501,0.1388
1221,283,1504,0.1388
1223,284,1507,0.1388
1222,286,1508,0.1388
1212,288,1500,0.1388
1208,290,1498,0.1388
1211,292,1503,0.1388
1206,292,1498,0.1388
1204,293,1497,0.1388
1211,295,1506,0.1388
1206,301,1507,0.1388
1204,297,1501,0.1388
1206,299,1505,0.1388
1211,294,1505,0.1388
1215,295,1510,0.1388
1215,299,1514,0.1388
1197,298,1495,0.1388
1192,300,1492,0.1388
1189,297,1486,0.1388
1189,295,1484,0.1388
1189,291,1480,0.1388
1202,286,1488,0.1388
1192,294,1486,0.1388
1194,294,1488,0.1388
1200,291,1491,0.1388
1200,297,1497,0.1388
1200,303,1503,0.1388
1199,305,1504,0.1388
1191,299,1490,0.1388
1187,296,1483,0.1388
1187,301,1488,0.1388
1196,298,1494,0.1388
1207,305,1512,0.1388
1205,307,1512,0.1388
1195,314,1509,0.1388
1186,307,1493,0.1388
1191,311,1502,0.1388
1183,309,1492,0.1388
1170,315,1485,0.1388
1170,313,1483,0.1388
1181,317,1498,0.1388
1179,318,1497,0.1388
1181,321,1502,0.1388
1169,327,1496,0.1388
1175,322,1497,0.1388
1178,326,1504,0.1388
1177,325,1502,0.1388
1168,325,1493,0.1388
1182,322,1504,0.1388
1181,327,1508,0.1388
1176,326,1502,0.1388
1171,337,1508,0.1388
1179,337,1516,0.1388
1170,341,1511,0.1388
1159,334,1493,0.1388
1159,335,1494,0.1388
1169,334,1503,0.1388
1164,337,1501,0.1388
1158,339,1497,0.1388
1160,341,1501,0.1388
1155,337,1492,0.1388
1157,339,1496,0.1388
1149,338,1487,0.1388
1150,336,1486,0.1388
1162,334,1496,0.1388
1154,335,1489,0.1388
1142,339,1481,0.1388
1149,340,1489,0.1388
1151,339,1490,0.1388
1148,346,1494,0.1388
1157,346,1503,0.1388
1147,351,1498,0.1388
1143,363,1506,0.1388
1150,360,1510,0.1388
1147,356,1503,0.1388
1145,363,1508,0.1388
1136,359,1495,0.1388
1152,363,1515,0.1388
1144,359,1503,0.1388
1146,357,1503,0.1388
1147,346,1493,0.1388
1145,343,1488,0.1388
1141,346,1487,0.1388
1135,349,1484,0.1388
1134,352,1486,0.1388
1133,353,1486,0.1388
1138,358,1496,0.1388
1147,355,1502,0.1388
1145,358,1503,0.1388
1154,357,1511,0.1388
1148,357,1505,0.1388
1150,354,1504,0.1388
1149,358,1507,0.1388
1155,362,1517,0.1388
1145,359,1504,0.1388
1150,353,1503,0.1388
1130,359,1489,0.1388
1142,363,1505,0.1388
1139,366,1505,0.1388
1133,363,1496,0.1388
1140,369,1509,0.1388
1134,362,1496,0.1388
1133,360,1493,0.1388
1147,362,1509,0.1388
1145,360,1505,0.1388
1148,353,1501,0.1388
1145,351,1496,0.1388
1141,351,1492,0.1388
1135,350,1485,0.1388
1136,350,1486,0.1388
1136,362,1498,0.1388
1126,358,1484,0.1388
1144,355,1499,0.1388
1142,359,1501,0.1388
1132,363,1495,0.1388
1134,363,1497,0.1388
1110,358,1468,0.1388
1111,355,1466,0.1388
1127,359,1486,0.1388
1117,352,1469,0.1388
1125,352,1477,0.1388
1128,359,1487,0.1388
1124,359,1483,0.1388
1121,363,1484,0.1388
1118,363,1481,0.1388
1114,373,1487,0.1388
1115,374,1489,0.1388
1127,376,1503,0.1388
1137,377,1514,0.1388
1127,377,1504,0.1388
1114,382,1496,0.1388
1122,385,1507,0.1388
1122,383,1505,0.1388
1123,383,1506,0.1388
1106,392,1498,0.1388
1103,393,1496,0.1388
1102,399,1501,0.1388
1093,400,1493,0.1388
1090,397,1487,0.1388
1090,398,1488,0.1388
1081,408,1489,0.1388
1076,402,1478,0.1388
1076,397,1473,0.1388
1086,404,1490,0.1388
1093,410,1503,0.1388
1090,410,1500,0.1388
1091,410,1501,0.1388
1082,412,1494,0.1388
1079,417,1496,0.1388
1091,415,1506,0.1388
1080,413,1493,0.1388
1067,415,1482,0.1388
1072,415,1487,0.1388
1081,417,1498,0.1388
1080,410,1490,0.1388
1071,423,1494,0.1388
1076,424,1500,0.1388
1077,428,1505,0.1388
1080,424,1504,0.1388
1077,436,1513,0.1388
1086,439,1525,0.1388
1084,440,1524,0.1388
1065,431,1496,0.1388
1065,438,1503,0.1388
1061,441,1502,0.1388
1057,435,1492,0.1388
1055,435,1490,0.1388
1057,440,1497,0.1388
1046,440,1486,0.1388
1058,433,1491,0.1388
1062,442,1504,0.1388
1058,439,1497,0.1388
1069,434,1503,0.1388
1067,439,1506,0.1388
1071,434,1505,0.1388
1078,438,1516,0.1388
1076,439,1515,0.1388
1073,439,1512,0.1388
1084,434,1518,0.1388
1081,433,1514,0.1388
1082,435,1517,0.1388
1064,440,1504,0.1388
1063,437,1500,0.1388
1069,440,1509,0.1388
1060,441,1501,0.1388
1068,434,1502,0.1388
1071,440,1511,0.1388
1079,443,1522,0.1388
1081,430,1511,0.1388
1084,429,1513,0.1388
1079,428,1507,0.1388
1079,423,1502,0.1388
1082,430,1512,0.1388
1080,430,1510,0.1388
1082,434,1516,0.1388
1077,442,1519,0.1388
1078,438,1516,0.1388
1073,445,1518,0.1388
1070,437,1507,0.1388
1067,433,1500,0.1388
1070,440,1510,0.1388
1068,446,1514,0.1388
1060,451,1511,0.1388
1059,442,1501,0.1388
1049,443,1492,0.1388
1060,438,1498,0.1388
1066,437,1503,0.1388
1063,433,1496,0.1388
1057,430,1487,0.1388
1061,440,1501,0.1388
1069,440,1509,0.1388
1063,434,1497,0.1388
1061,437,1498,0.1388
1056,437,1493,0.1388
1061,449,1510,0.1388
1066,443,1509,0.1388
1066,430,1496,0.1388
1068,431,1499,0.1388
1067,435,1502,0.1388
1073,441,1514,0.1388
1061,441,1502,0.1388
1053,439,1492,0.1388
1058,445,1503,0.1388
1053,444,1497,0.1388
1051,444,1495,0.1388
1063,439,1502,0.1388
1052,440,1492,0.1388
1064,444,1508,0.1388
1054,446,1500,0.1388
1052,454,1506,0.1388
1047,456,1503,0.1388
1047,461,1508,0.1388
1045,463,1508,0.1388
1055,455,1510,0.1388
1046,454,1500,0.1388
1052,451,1503,0.1388
1032,460,1492,0.1388
1040,463,1503,0.1388
1033,464,1497,0.1388
1028,458,1486,0.1388
1024,460,1484,0.1388
1027,469,1496,0.1388
1031,474,1505,0.1388
1022,472,1494,0.1388
1017,475,1492,0.1388
1027,482,1509,0.1388
1022,479,1501,0.1388
1021,483,1504,0.1388
1011,491,1502,0.1388
1012,487,1499,0.1388
1020,494,1514,0.1388
1012,493,1505,0.1388
999,496,1495,0.1388
998,492,1490,0.1388
1003,489,1492,0.1388
1009,484,1493,0.1388
1004,485,1489,0.1388
1009,482,1491,0.1388
1019,492,1511,0.1388
995,499,1494,0.1388
996,505,1501,0.1388
985,514,1499,0.1388
991,514,1505,0.1388
991,505,1496,0.1388
986,514,1500,0.1388
988,509,1497,0.1388
991,513,1504,0.1388
993,510,1503,0.1388
993,514,1507,0.1388
986,522,1508,0.1388
988,522,1510,0.1388
982,523,1505,0.1388
995,518,1513,0.1388
998,519,1517,0.1388
991,516,1507,0.1388
980,522,1502,0.1388
978,522,1500,0.1388
975,522,1497,0.1388
970,528,1498,0.1388
973,523,1496,0.1388
972,518,1490,0.1388
979,525,1504,0.1388
966,526,1492,0.1388
963,528,1491,0.1388
958,538,1496,0.1388
974,536,1510,0.1388
974,537,1511,0.1388
967,532,1499,0.1388
969,533,1502,0.1388
967,528,1495,0.1388
967,533,1500,0.1388
970,537,1507,0.1388
967,538,1505,0.1388
979,541,1520,0.1388
973,538,1511,0.1388
977,539,1516,0.1388
978,537,1515,0.1388
979,539,1518,0.1388
986,548,1534,0.1388
971,555,1526,0.1388
964,543,1507,0.1388
965,553,1518,0.1388
965,543,1508,0.1388
960,541,1501,0.1388
945,540,1485,0.1388
946,553,1499,0.1388
949,557,1506,0.1388
936,552,1488,0.1388
926,544,1470,0.1388
939,557,1496,0.1388
947,554,1501,0.1388
942,553,1495,0.1388
944,548,1492,0.1388
934,557,1491,0.1388
940,556,1496,0.1388
946,565,1511,0.1388
943,561,1504,0.1388
939,559,1498,0.1388
946,559,1505,0.1388
946,563,1509,0.1388
943,561,1504,0.1388
941,561,1502,0.1388
932,559,1491,0.1388
935,562,1497,0.1388
929,562,1491,0.1388
939,562,1501,0.1388
936,558,1494,0.1388
939,551,1490,0.1388
936,565,1501,0.1388
942,567,1509,0.1388
937,564,1501,0.1388
937,559,1496,0.1388
932,553,1485,0.1388
937,551,1488,0.1388
937,554,1491,0.1388
944,558,1502,0.1388
929,556,1485,0.1388
940,564,1504,0.1388
925,567,1492,0.1388
935,565,1500,0.1388
928,553,1481,0.1388
937,562,1499,0.1388
932,567,1499,0.1388
937,559,1496,0.1388
935,552,1487,0.1388
940,555,1495,0.1388
942,553,1495,0.1388
951,560,1511,0.1388
943,557,1500,0.1388
943,562,1505,0.1388
959,552,1511,0.1388
954,553,1507,0.1388
957,551,1508,0.1388
954,549,1503,0.1388
951,538,1489,0.1388
945,536,1481,0.1388
946,543,1489,0.1388
950,548,1498,0.1388
950,541,1491,0.1388
946,549,1495,0.1388
945,546,1491,0.1388
950,545,1495,0.1388
937,546,1483,0.1388
932,552,1484,0.1388
945,555,1500,0.1388
949,559,1508,0.1388
949,552,1501,0.1388
933,557,1490,0.1388
942,559,1501,0.1388
932,563,1495,0.1388
924,558,1482,0.1388
934,556,1490,0.1388
933,567,1500,0.1388
941,567,1508,0.1388
939,575,1514,0.1388
937,573,1510,0.1388
941,580,1521,0.1388
934,573,1507,0.1388
931,570,1501,0.1388
932,567,1499,0.1388
927,569,1496,0.1388
926,571,1497,0.1388
919,578,1497,0.1388
916,582,1498,0.1388
914,581,1495,0.1388
918,566,1484,0.1388
918,565,1483,0.1388
912,575,1487,0.1388
915,577,1492,0.1388
916,578,1494,0.1388
928,574,1502,0.1388
918,574,1492,0.1388
916,581,1497,0.1388
904,574,1478,0.1388
898,572,1470,0.1388
901,574,1475,0.1388
899,579,1478,0.1388
913,586,1499,0.1388
909,593,1502,0.1388
911,593,1504,0.1388
915,586,1501,0.1388
908,588,1496,0.1388
904,602,1506,0.1388
908,601,1509,0.1388
898,606,1504,0.1388
899,608,1507,0.1388
896,607,1503,0.1388
905,596,1501,0.1388
898,602,1500,0.1388
897,612,1509,0.1388
889,609,1498,0.1388
886,606,1492,0.1388
885,607,1492,0.1388
891,597,1488,0.1388
883,618,1501,0.1388
878,615,1493,0.1388
892,608,1500,0.1388
896,618,1514,0.1388
884,614,1498,0.1388
885,616,1501,0.1388
879,614,1493,0.1388
885,613,1498,0.1388
887,612,1499,0.1388
885,615,1500,0.1388
884,613,1497,0.1388
882,617,1499,0.1388
886,628,1514,0.1388
887,629,1516,0.1388
887,619,1506,0.1388
886,623,1509,0.1388
880,628,1508,0.1388
871,621,1492,0.1388
876,626,1502,0.1388
874,624,1498,0.1388
868,636,1504,0.1388
862,635,1497,0.1388
868,633,1501,0.1388
858,635,1493,0.1388
847,645,1492,0.1388
862,645,1507,0.1388
858,642,1500,0.1388
852,644,1496,0.1388
855,641,1496,0.1388
858,633,1491,0.1388
861,620,1481,0.1388
857,627,1484,0.1388
852,626,1478,0.1388
850,638,1488,0.1388
854,652,1506,0.1388
854,656,1510,0.1388
841,656,1497,0.1388
835,651,1486,0.1388
838,648,1486,0.1388
830,657,1487,0.1388
830,659,1489,0.1388
829,643,1472,0.1388
832,654,1486,0.1388
837,659,1496,0.1388
844,658,1502,0.1388
853,658,1511,0.1388
846,648,1494,0.1388
847,648,1495,0.1388
853,643,1496,0.1388
851,647,1498,0.1388
843,645,1488,0.1388
851,645,1496,0.1388
849,648,1497,0.1388
839,654,1493,0.1388
829,665,1494,0.1388
835,661,1496,0.1388
841,663,1504,0.1388
845,660,1505,0.1388
840,665,1505,0.1388
838,662,1500,0.1388
842,664,1506,0.1388
846,659,1505,0.1388
844,664,1508,0.1388
850,658,1508,0.1388
851,652,1503,0.1388
852,655,1507,0.1388
844,649,1493,0.1388
852,649,1501,0.1388
851,656,1507,0.1388
853,656,1509,0.1388
857,658,1515,0.1388
855,665,1520,0.1388
855,660,1515,0.1388
855,661,1516,0.1388
846,662,1508,0.1388
844,662,1506,0.1388
836,668,1504,0.1388
835,672,1507,0.1388
834,666,1500,0.1388
827,671,1498,0.1388
831,674,1505,0.1388
835,676,1511,0.1388
823,673,1496,0.1388
815,678,1493,0.1388
811,680,1491,0.1388
821,682,1503,0.1388
812,684,1496,0.1388
822,680,1502,0.1388
827,674,1501,0.1388
822,672,1494,0.1388
817,667,1484,0.1388
818,671,1489,0.1388
810,675,1485,0.1388
815,687,1502,0.1388
817,687,1504,0.1388
819,683,1502,0.1388
818,694,1512,0.1388
823,693,1516,0.1388
812,684,1496,0.1388
812,678,1490,0.1388
813,682,1495,0.1388
819,682,1501,0.1388
810,686,1496,0.1388
816,692,1508,0.1388
815,688,1503,0.1388
818,684,1502,0.1388
817,691,1508,0.1388
815,690,1505,0.1388
803,699,1502,0.1388
812,691,1503,0.1388
817,691,1508,0.1388
813,696,1509,0.1388
814,689,1503,0.1388
812,695,1507,0.1388
809,689,1498,0.1388
798,696,1494,0.1388
795,687,1482,0.1388
799,688,1487,0.1388
795,706,1501,0.1388
792,703,1495,0.1388
793,697,1490,0.1388
789,709,1498,0.1388
788,713,1501,0.1388
790,703,1493,0.1388
787,709,1496,0.1388
791,714,1505,0.1388
795,717,1512,0.1388
782,718,1500,0.1388
772,717,1489,0.1388
769,725,1494,0.1388
775,726,1501,0.1388
771,729,1500,0.1388
770,735,1505,0.1388
770,738,1508,0.1388
758,742,1500,0.1388
763,739,1502,0.1388
760,733,1493,0.1388
760,738,1498,0.1388
757,745,1502,0.1388
756,743,1499,0.1388
751,736,1487,0.1388
761,735,1496,0.1388
767,728,1495,0.1388
763,734,1497,0.1388
773,739,1512,0.1388
764,735,1499,0.1388
767,739,1506,0.1388
756,743,1499,0.1388
751,741,1492,0.1388
754,743,1497,0.1388
754,741,1495,0.1388
751,746,1497,0.1388
754,749,1503,0.1388
763,752,1515,0.1388
769,759,1528,0.1388
763,762,1525,0.1388
748,747,1495,0.1388
751,753,1504,0.1388
755,755,1510,0.1388
756,745,1501,0.1388
747,755,1502,0.1388
741,757,1498,0.1388
748,752,1500,0.1388
750,757,1507,0.1388
755,750,1505,0.1388
746,754,1500,0.1388
743,758,1501,0.1388
744,769,1513,0.1388
745,765,1510,0.1388
738,763,1501,0.1388
743,769,1512,0.1388
740,779,1519,0.1388
733,774,1507,0.1388
743,765,1508,0.1388
735,767,1502,0.1388
735,762,1497,0.1388
736,771,1507,0.1388
733,761,1494,0.1388
730,771,1501,0.1388
741,773,1514,0.1388
743,773,1516,0.1388
743,769,1512,0.1388
733,777,1510,0.1388
731,777,1508,0.1388
745,774,1519,0.1388
745,773,1518,0.1388
741,768,1509,0.1388
753,767,1520,0.1388
749,768,1517,0.1388
745,768,1513,0.1388
742,774,1516,0.1388
743,775,1518,0.1388
743,772,1515,0.1388
746,783,1529,0.1388
740,771,1511,0.1388
733,767,1500,0.1388
731,770,1501,0.1388
741,776,1517,0.1388
730,773,1503,0.1388
728,769,1497,0.1388
735,777,1512,0.1388
732,781,1513,0.1388
727,780,1507,0.1388
724,782,1506,0.1388
724,779,1503,0.1388
725,772,1497,0.1388
714,767,1481,0.1388
727,772,1499,0.1388
726,770,1496,0.1388
728,774,1502,0.1388
728,771,1499,0.1388
721,772,1493,0.1388
719,776,1495,0.1388
716,775,1491,0.1388
713,781,1494,0.1388
717,777,1494,0.1388
712,782,1494,0.1388
718,774,1492,0.1388
708,785,1493,0.1388
711,795,1506,0.1388
714,804,1518,0.1388
716,807,1523,0.1388
710,801,1511,0.1388
713,807,1520,0.1388
713,801,1514,0.1388
722,799,1521,0.1388
721,794,1515,0.1388
712,795,1507,0.1388
717,804,1521,0.1388
714,801,1515,0.1388
711,809,1520,0.1388
712,810,1522,0.1388
708,804,1512,0.1388
704,797,1501,0.1388
712,800,1512,0.1388
714,789,1503,0.1388
715,779,1494,0.1388
723,770,1493,0.1388
726,778,1504,0.1388
719,786,1505,0.1388
720,787,1507,0.1388
712,782,1494,0.1388
711,788,1499,0.1388
709,784,1493,0.1388
717,780,1497,0.1388
713,780,1493,0.1388
715,793,1508,0.1388
710,796,1506,0.1388
710,794,1504,0.1388
714,787,1501,0.1388
706,796,1502,0.1388
712,791,1503,0.1388
705,791,1496,0.1388
703,779,1482,0.1388
707,785,1492,0.1388
705,796,1501,0.1388
703,790,1493,0.1388
703,799,1502,0.1388
698,806,1504,0.1388
695,810,1505,0.1388
699,801,1500,0.1388
698,808,1506,0.1388
690,815,1505,0.1388
690,818,1508,0.1388
692,821,1513,0.1388
682,823,1505,0.1388
687,818,1505,0.1388
692,814,1506,0.1388
691,824,1515,0.1388
701,817,1518,0.1388
700,814,1514,0.1388
706,817,1523,0.1388
700,818,1518,0.1388
693,819,1512,0.1388
682,829,1511,0.1388
689,832,1521,0.1388
690,827,1517,0.1388
675,826,1501,0.1388
677,819,1496,0.1388
683,833,1516,0.1388
690,820,1510,0.1388
692,815,1507,0.1388
697,814,1511,0.1388
695,809,1504,0.1388
684,801,1485,0.1388
678,809,1487,0.1388
676,808,1484,0.1388
683,809,1492,0.1388
686,818,1504,0.1388
685,814,1499,0.1388
684,827,1511,0.1388
679,824,1503,0.1388
679,824,1503,0.1388
676,823,1499,0.1388
687,833,1520,0.1388
689,834,1523,0.1388
684,831,1515,0.1388
691,829,1520,0.1388
689,824,1513,0.1388
684,831,1515,0.1388
683,827,1510,0.1388
688,821,1509,0.1388
684,818,1502,0.1388
682,820,1502,0.1388
675,835,1510,0.1388
670,834,1504,0.1388
669,834,1503,0.1388
668,831,1499,0.1388
660,836,1496,0.1388
655,846,1501,0.1388
655,841,1496,0.1388
656,843,1499,0.1388
652,840,1492,0.1388
655,841,1496,0.1388
655,849,1504,0.1388
662,851,1513,0.1388
656,852,1508,0.1388
649,862,1511,0.1388
653,860,1513,0.1388
653,867,1520,0.1388
651,864,1515,0.1388
651,866,1517,0.1388
645,862,1507,0.1388
647,846,1493,0.1388
657,851,1508,0.1388
649,854,1503,0.1388
644,863,1507,0.1388
641,861,1502,0.1388
641,857,1498,0.1388
649,864,1513,0.1388
651,866,1517,0.1388
643,861,1504,0.1388
649,860,1509,0.1388
649,859,1508,0.1388
649,853,1502,0.1388
647,856,1503,0.1388
653,864,1517,0.1388
649,862,1511,0.1388
653,857,1510,0.1388
645,855,1500,0.1388
648,860,1508,0.1388
646,862,1508,0.1388
639,866,1505,0.1388
647,864,1511,0.1388
644,849,1493,0.1388
641,849,1490,0.1388
655,844,1499,0.1388
649,852,1501,0.1388
661,863,1524,0.1388
658,860,1518,0.1388
656,866,1522,0.1388
649,867,1516,0.1388
643,871,1514,0.1388
635,880,1515,0.1388
634,873,1507,0.1388
637,878,1515,0.1388
629,875,1504,0.1388
636,883,1519,0.1388
633,879,1512,0.1388
636,884,1520,0.1388
633,887,1520,0.1388
635,882,1517,0.1388
633,883,1516,0.1388
635,883,1518,0.1388
631,883,1514,0.1388
625,889,1514,0.1388
622,890,1512,0.1388
625,891,1516,0.1388
624,897,1521,0.1388
635,888,1523,0.1388
627,889,1516,0.1388
621,888,1509,0.1388
620,898,1518,0.1388
623,896,1519,0.1388
620,892,1512,0.1388
625,891,1516,0.1388
619,888,1507,0.1388
618,878,1496,0.1388
616,890,1506,0.1388
616,888,1504,0.1388
608,890,1498,0.1388
594,902,1496,0.1388
604,904,1508,0.1388
609,901,1510,0.1388
593,894,1487,0.1388
595,899,1494,0.1388
599,905,1504,0.1388
594,896,1490,0.1388
603,891,1494,0.1388
610,886,1496,0.1388
609,888,1497,0.1388
610,893,1503,0.1388
600,885,1485,0.1388
603,887,1490,0.1388
620,890,1510,0.1388
616,886,1502,0.1388
616,902,1518,0.1388
612,910,1522,0.1388
609,907,1516,0.1388
619,899,1518,0.1388
615,901,1516,0.1388
604,903,1507,0.1388
614,897,1511,0.1388
604,899,1503,0.1388
608,902,1510,0.1388
601,901,1502,0.1388
597,883,1480,0.1388
596,869,1465,0.1388
596,888,1484,0.1388
597,894,1491,0.1388
605,891,1496,0.1388
608,899,1507,0.1388
610,892,1502,0.1388
617,902,1519,0.1388
616,901,1517,0.1388
617,902,1519,0.1388
612,900,1512,0.1388
607,902,1509,0.1388
605,903,1508,0.1388
602,911,1513,0.1388
608,911,1519,0.1388
609,916,1525,0.1388
597,907,1504,0.1388
596,910,1506,0.1388
591,919,1510,0.1388
598,913,1511,0.1388
593,915,1508,0.1388
599,913,1512,0.1388
598,909,1507,0.1388
598,913,1511,0.1388
595,922,1517,0.1388
597,919,1516,0.1388
599,926,1525,0.1388
597,920,1517,0.1388
592,916,1508,0.1388
593,907,1500,0.1388
594,914,1508,0.1388
594,920,1514,0.1388
588,920,1508,0.1388
586,916,1502,0.1388
586,921,1507,0.1388
581,926,1507,0.1388
580,925,1505,0.1388
575,939,1514,0.1388
583,938,1521,0.1388
567,938,1505,0.1388
566,940,1506,0.1388
567,944,1511,0.1388
562,943,1505,0.1388
563,939,1502,0.1388
558,939,1497,0.1388
558,939,1497,0.1388
559,937,1496,0.1388
562,933,1495,0.1388
565,941,1506,0.1388
566,952,1518,0.1388
565,958,1523,0.1388
562,957,1519,0.1388
556,966,1522,0.1388
557,973,1530,0.1388
554,964,1518,0.1388
550,959,1509,0.1388
546,972,1518,0.1388
533,964,1497,0.1388
537,962,1499,0.1388
530,961,1491,0.1388
542,970,1512,0.1388
539,967,1506,0.1388
535,961,1496,0.1388
539,967,1506,0.1388
543,965,1508,0.1388
535,958,1493,0.1388
534,959,1493,0.1388
537,973,1510,0.1388
537,974,1511,0.1388
538,970,1508,0.1388
532,971,1503,0.1388
534,972,1506,0.1388
536,982,1518,0.1388
534,977,1511,0.1388
530,975,1505,0.1388
532,973,1505,0.1388
525,970,1495,0.1388
522,976,1498,0.1388
515,972,1487,0.1388
512,980,1492,0.1388
514,989,1503,0.1388
512,974,1486,0.1388
512,971,1483,0.1388
508,981,1489,0.1388
515,989,1504,0.1388
512,987,1499,0.1388
511,981,1492,0.1388
513,982,1495,0.1388
509,978,1487,0.1388
512,979,1491,0.1388
513,979,1492,0.1388
507,991,1498,0.1388
503,992,1495,0.1388
508,1002,1510,0.1388
501,999,1500,0.1388
504,1005,1509,0.1388
510,1001,1511,0.1388
508,1003,1511,0.1388
512,1004,1516,0.1388
513,1012,1525,0.1388
504,1005,1509,0.1388
499,1013,1512,0.1388
495,1002,1497,0.1388
499,1005,1504,0.1388
502,1001,1503,0.1388
511,999,1510,0.1388
505,985,1490,0.1388
499,985,1484,0.1388
505,986,1491,0.1388
509,987,1496,0.1388
502,994,1496,0.1388
503,995,1498,0.1388
499,982,1481,0.1388
498,999,1497,0.1388
504,1013,1517,0.1388
507,997,1504,0.1388
503,993,1496,0.1388
499,1003,1502,0.1388
504,994,1498,0.1388
511,1002,1513,0.1388
508,999,1507,0.1388
510,993,1503,0.1388
506,1015,1521,0.1388
504,1016,1520,0.1388
500,1025,1525,0.1388
502,1014,1516,0.1388
502,1005,1507,0.1388
494,1021,1515,0.1388
497,1019,1516,0.1388
493,1020,1513,0.1388
495,1023,1518,0.1388
491,1023,1514,0.1388
491,1013,1504,0.1388
489,1021,1510,0.1388
490,1020,1510,0.1388
495,1018,1513,0.1388
497,1017,1514,0.1388
498,1014,1512,0.1388
487,1014,1501,0.1388
485,1027,1512,0.1388
482,1021,1503,0.1388
484,1019,1503,0.1388
487,1010,1497,0.1388
490,1013,1503,0.1388
493,1025,1518,0.1388
504,1022,1526,0.1388
503,1029,1532,0.1388
499,1029,1528,0.1388
496,1029,1525,0.1388
494,1031,1525,0.1388
490,1021,1511,0.1388
488,1023,1511,0.1388
487,1024,1511,0.1388
484,1016,1500,0.1388
482,1021,1503,0.1388
479,1025,1504,0.1388
476,1032,1508,0.1388
475,1037,1512,0.1388
468,1032,1500,0.1388
468,1031,1499,0.1388
480,1040,1520,0.1388
471,1036,1507,0.1388
471,1040,1511,0.1388
480,1035,1515,0.1388
480,1028,1508,0.1388
478,1027,1505,0.1388
474,1036,1510,0.1388
471,1042,1513,0.1388
467,1041,1508,0.1388
471,1041,1512,0.1388
474,1053,1527,0.1388
475,1036,1511,0.1388
469,1023,1492,0.1388
476,1027,1503,0.1388
479,1031,1510,0.1388
485,1025,1510,0.1388
483,1022,1505,0.1388
476,1035,1511,0.1388
473,1050,1523,0.1388
475,1037,1512,0.1388
472,1036,1508,0.1388
473,1040,1513,0.1388
473,1036,1509,0.1388
476,1045,1521,0.1388
480,1043,1523,0.1388
477,1037,1514,0.1388
473,1040,1513,0.1388
468,1044,1512,0.1388
456,1045,1501,0.1388
462,1042,1504,0.1388
457,1043,1500,0.1388
461,1046,1507,0.1388
463,1052,1515,0.1388
468,1040,1508,0.1388
465,1042,1507,0.1388
467,1045,1512,0.1388
469,1044,1513,0.1388
463,1046,1509,0.1388
465,1042,1507,0.1388
460,1053,1513,0.1388
464,1056,1520,0.1388
457,1053,1510,0.1388
447,1065,1512,0.1388
452,1063,1515,0.1388
457,1054,1511,0.1388
453,1049,1502,0.1388
455,1047,1502,0.1388
454,1050,1504,0.1388
446,1059,1505,0.1388
448,1063,1511,0.1388
453,1061,1514,0.1388
448,1059,1507,0.1388
450,1065,1515,0.1388
450,1069,1519,0.1388
445,1064,1509,0.1388
454,1059,1513,0.1388
458,1056,1514,0.1388
450,1056,1506,0.1388
452,1051,1503,0.1388
459,1065,1524,0.1388
457,1067,1524,0.1388
454,1060,1514,0.1388
447,1061,1508,0.1388
444,1068,1512,0.1388
444,1071,1515,0.1388
451,1072,1523,0.1388
450,1062,1512,0.1388
458,1069,1527,0.1388
462,1063,1525,0.1388
459,1061,1520,0.1388
457,1066,1523,0.1388
458,1060,1518,0.1388
462,1064,1526,0.1388
461,1058,1519,0.1388
463,1067,1530,0.1388
454,1062,1516,0.1388
456,1070,1526,0.1388
454,1060,1514,0.1388
461,1059,1520,0.1388
462,1051,1513,0.1388
462,1048,1510,0.1388
466,1054,1520,0.1388
464,1056,1520,0.1388
462,1052,1514,0.1388
462,1045,1507,0.1388
457,1032,1489,0.1388
454,1044,1498,0.1388
461,1048,1509,0.1388
456,1045,1501,0.1388
452,1044,1496,0.1388
453,1053,1506,0.1388
457,1062,1519,0.1388
458,1058,1516,0.1388
457,1054,1511,0.1388
455,1052,1507,0.1388
451,1044,1495,0.1388
450,1043,1493,0.1388
451,1045,1496,0.1388
448,1047,1495,0.1388
448,1045,1493,0.1388
450,1050,1500,0.1388
449,1055,1504,0.1388
451,1053,1504,0.1388
448,1057,1505,0.1388
449,1059,1508,0.1388
445,1063,1508,0.1388
444,1067,1511,0.1388
437,1061,1498,0.1388
435,1067,1502,0.1388
435,1080,1515,0.1388
436,1067,1503,0.1388
437,1072,1509,0.1388
436,1073,1509,0.1388
440,1086,1526,0.1388
441,1073,1514,0.1388
444,1078,1522,0.1388
437,1078,1515,0.1388
427,1085,1512,0.1388
422,1093,1515,0.1388
433,1095,1528,0.1388
432,1088,1520,0.1388
431,1075,1506,0.1388
428,1064,1492,0.1388
438,1063,1501,0.1388
441,1073,1514,0.1388
432,1069,1501,0.1388
432,1065,1497,0.1388
435,1066,1501,0.1388
434,1078,1512,0.1388
437,1073,1510,0.1388
443,1086,1529,0.1388
432,1076,1508,0.1388
431,1086,1517,0.1388
435,1080,1515,0.1388
435,1088,1523,0.1388
435,1089,1524,0.1388
429,1074,1503,0.1388
436,1084,1520,0.1388
427,1078,1505,0.1388
419,1079,1498,0.1388
419,1082,1501,0.1388
421,1077,1498,0.1388
419,1086,1505,0.1388
414,1085,1499,0.1388
409,1089,1498,0.1388
416,1096,1512,0.1388
421,1091,1512,0.1388
421,1087,1508,0.1388
423,1089,1512,0.1388
416,1101,1517,0.1388
416,1084,1500,0.1388
412,1088,1500,0.1388
417,1095,1512,0.1388
410,1106,1516,0.1388
407,1107,1514,0.1388
412,1099,1511,0.1388
412,1092,1504,0.1388
405,1084,1489,0.1388
408,1094,1502,0.1388
401,1100,1501,0.1388
400,1106,1506,0.1388
394,1103,1497,0.1388
400,1100,1500,0.1388
401,1105,1506,0.1388
406,1106,1512,0.1388
399,1107,1506,0.1388
399,1111,1510,0.1388
399,1112,1511,0.1388
397,1116,1513,0.1388
402,1122,1524,0.1388
401,1118,1519,0.1388
398,1113,1511,0.1388
404,1106,1510,0.1388
408,1109,1517,0.1388
404,1106,1510,0.1388
404,1101,1505,0.1388
402,1102,1504,0.1388
411,1100,1511,0.1388
412,1091,1503,0.1388
402,1088,1490,0.1388
396,1097,1493,0.1388
404,1107,1511,0.1388
404,1110,1514,0.1388
397,1105,1502,0.1388
401,1114,1515,0.1388
398,1112,1510,0.1388
396,1110,1506,0.1388
396,1116,1512,0.1388
395,1106,1501,0.1388
390,1113,1503,0.1388
399,1117,1516,0.1388
398,1108,1506,0.1388
396,1110,1506,0.1388
395,1113,1508,0.1388
394,1110,1504,0.1388
394,1114,1508,0.1388
392,1108,1500,0.1388
394,1120,1514,0.1388
400,1115,1515,0.1388
391,1120,1511,0.1388
395,1129,1524,0.1388
388,1132,1520,0.1388
395,1132,1527,0.1388
399,1132,1531,0.1388
399,1130,1529,0.1388
402,1121,1523,0.1388
397,1107,1504,0.1388
400,1118,1518,0.1388
396,1107,1503,0.1388
392,1105,1497,0.1388
401,1100,1501,0.1388
401,1113,1514,0.1388
400,1113,1513,0.1388
395,1110,1505,0.1388
397,1116,1513,0.1388
399,1116,1515,0.1388
401,1116,1517,0.1388
399,1113,1512,0.1388
398,1118,1516,0.1388
395,1125,1520,0.1388
397,1124,1521,0.1388
397,1115,1512,0.1388
393,1116,1509,0.1388
394,1125,1519,0.1388
399,1134,1533,0.1388
395,1128,1523,0.1388
389,1128,1517,0.1388
387,1119,1506,0.1388
385,1117,1502,0.1388
386,1119,1505,0.1388
387,1118,1505,0.1388
389,1116,1505,0.1388
378,1132,1510,0.1388
381,1122,1503,0.1388
384,1111,1495,0.1388
383,1126,1509,0.1388
382,1124,1506,0.1388
378,1120,1498,0.1388
378,1123,1501,0.1388
386,1118,1504,0.1388
391,1119,1510,0.1388
396,1121,1517,0.1388
394,1117,1511,0.1388
392,1128,1520,0.1388
393,1143,1536,0.1388
393,1127,1520,0.1388
393,1131,1524,0.1388
392,1133,1525,0.1388
384,1118,1502,0.1388
381,1107,1488,0.1388
385,1116,1501,0.1388
388,1124,1512,0.1388
390,1115,1505,0.1388
391,1111,1502,0.1388
391,1127,1518,0.1388
381,1113,1494,0.1388
382,1123,1505,0.1388
390,1126,1516,0.1388
390,1119,1509,0.1388
386,1128,1514,0.1388
379,1127,1506,0.1388
375,1125,1500,0.1388
379,1137,1516,0.1388
379,1141,1520,0.1388
379,1138,1517,0.1388
373,1136,1509,0.1388
378,1130,1508,0.1388
377,1117,1494,0.1388
376,1130,1506,0.1388
373,1136,1509,0.1388
374,1133,1507,0.1388
370,1135,1505,0.1388
373,1131,1504,0.1388
370,1137,1507,0.1388
366,1142,1508,0.1388
363,1137,1500,0.1388
363,1141,1504,0.1388
366,1141,1507,0.1388
359,1146,1505,0.1388
367,1137,1504,0.1388
360,1142,1502,0.1388
362,1138,1500,0.1388
362,1153,1515,0.1388
357,1146,1503,0.1388
363,1152,1515,0.1388
356,1158,1514,0.1388
361,1151,1512,0.1388
367,1140,1507,0.1388
370,1136,1506,0.1388
360,1142,1502,0.1388
356,1151,1507,0.1388
351,1153,1504,0.1388
358,1158,1516,0.1388
360,1163,1523,0.1388
359,1162,1521,0.1388
361,1160,1521,0.1388
363,1158,1521,0.1388
363,1167,1530,0.1388
361,1158,1519,0.1388
360,1161,1521,0.1388
365,1158,1523,0.1388
362,1156,1518,0.1388
362,1157,1519,0.1388
354,1155,1509,0.1388
361,1150,1511,0.1388
358,1153,1511,0.1388
353,1167,1520,0.1388
343,1158,1501,0.1388
349,1171,1520,0.1388
342,1169,1511,0.1388
347,1168,1515,0.1388
344,1161,1505,0.1388
347,1162,1509,0.1388
343,1169,1512,0.1388
344,1161,1505,0.1388
342,1169,1511,0.1388
341,1167,1508,0.1388
340,1178,1518,0.1388
343,1168,1511,0.1388
342,1164,1506,0.1388
338,1177,1515,0.1388
345,1172,1517,0.1388
345,1166,1511,0.1388
346,1167,1513,0.1388
349,1166,1515,0.1388
353,1161,1514,0.1388
353,1161,1514,0.1388
342,1171,1513,0.1388
336,1175,1511,0.1388
334,1177,1511,0.1388
339,1179,1518,0.1388
345,1174,1519,0.1388
341,1179,1520,0.1388
336,1170,1506,0.1388
335,1173,1508,0.1388
341,1171,1512,0.1388
337,1181,1518,0.1388
331,1180,1511,0.1388
332,1182,1514,0.1388
329,1176,1505,0.1388
332,1175,1507,0.1388
326,1183,1509,0.1388
329,1192,1521,0.1388
329,1185,1514,0.1388
331,1181,1512,0.1388
327,1174,1501,0.1388
325,1170,1495,0.1388
329,1175,1504,0.1388
330,1183,1513,0.1388
321,1179,1500,0.1388
316,1177,1493,0.1388
305,1178,1483,0.1388
308,1190,1498,0.1388
310,1191,1501,0.1388
310,1186,1496,0.1388
317,1186,1503,0.1388
314,1199,1513,0.1388
318,1203,1521,0.1388
313,1205,1518,0.1388
318,1211,1529,0.1388
313,1199,1512,0.1388
314,1205,1519,0.1388
315,1205,1520,0.1388
315,1204,1519,0.1388
311,1212,1523,0.1388
312,1214,1526,0.1388
309,1203,1512,0.1388
316,1196,1512,0.1388
313,1193,1506,0.1388
321,1187,1508,0.1388
320,1187,1507,0.1388
316,1188,1504,0.1388
315,1188,1503,0.1388
316,1185,1501,0.1388
320,1190,1510,0.1388
320,1183,1503,0.1388
318,1185,1503,0.1388
314,1188,1502,0.1388
312,1189,1501,0.1388
311,1199,1510,0.1388
308,1203,1511,0.1388
308,1197,1505,0.1388
311,1204,1515,0.1388
310,1191,1501,0.1388
311,1199,1510,0.1388
308,1195,1503,0.1388
314,1200,1514,0.1388
317,1199,1516,0.1388
316,1198,1514,0.1388
319,1201,1520,0.1388
312,1198,1510,0.1388
308,1202,1510,0.1388
307,1205,1512,0.1388
307,1213,1520,0.1388
310,1209,1519,0.1388
313,1193,1506,0.1388
305,1198,1503,0.1388
307,1199,1506,0.1388
306,1197,1503,0.1388
304,1214,1518,0.1388
303,1204,1507,0.1388
303,1203,1506,0.1388
303,1205,1508,0.1388
303,1200,1503,0.1388
302,1215,1517,0.1388
299,1211,1510,0.1388
297,1213,1510,0.1388
298,1211,1509,0.1388
300,1204,1504,0.1388
301,1203,1504,0.1388
300,1207,1507,0.1388
301,1215,1516,0.1388
304,1219,1523,0.1388
297,1227,1524,0.1388
289,1227,1516,0.1388
290,1224,1514,0.1388
291,1228,1519,0.1388
291,1225,1516,0.1388
297,1223,1520,0.1388
297,1233,1530,0.1388
296,1228,1524,0.1388
298,1223,1521,0.1388
297,1224,1521,0.1388
300,1220,1520,0.1388
296,1232,1528,0.1388
298,1229,1527,0.1388
296,1222,1518,0.1388
300,1223,1523,0.1388
293,1230,1523,0.1388
292,1232,1524,0.1388
295,1235,1530,0.1388
295,1232,1527,0.1388
289,1216,1505,0.1388
287,1231,1518,0.1388
283,1233,1516,0.1388
288,1233,1521,0.1388
286,1227,1513,0.1388
284,1228,1512,0.1388
285,1238,1523,0.1388
289,1237,1526,0.1388
287,1235,1522,0.1388
288,1231,1519,0.1388
288,1234,1522,0.1388
287,1229,1516,0.1388
288,1217,1505,0.1388
286,1208,1494,0.1388
288,1222,1510,0.1388
279,1228,1507,0.1388
282,1231,1513,0.1388
270,1229,1499,0.1388
274,1232,1506,0.1388
276,1216,1492,0.1388
279,1217,1496,0.1388
276,1229,1505,0.1388
277,1234,1511,0.1388
287,1224,1511,0.1388
284,1228,1512,0.1388
276,1232,1508,0.1388
273,1232,1505,0.1388
269,1234,1503,0.1388
271,1234,1505,0.1388
266,1238,1504,0.1388
270,1251,1521,0.1388
272,1248,1520,0.1388
270,1252,1522,0.1388
272,1251,1523,0.1388
273,1245,1518,0.1388
274,1249,1523,0.1388
274,1244,1518,0.1388
265,1249,1514,0.1388
261,1255,1516,0.1388
260,1256,1516,0.1388
261,1258,1519,0.1388
258,1262,1520,0.1388
264,1248,1512,0.1388
271,1249,1520,0.1388
272,1253,1525,0.1388
267,1251,1518,0.1388
274,1246,1520,0.1388
268,1237,1505,0.1388
274,1241,1515,0.1388
270,1232,1502,0.1388
273,1234,1507,0.1388
266,1241,1507,0.1388
263,1248,1511,0.1388
264,1249,1513,0.1388
266,1250,1516,0.1388
262,1248,1510,0.1388
264,1249,1513,0.1388
262,1242,1504,0.1388
261,1255,1516,0.1388
258,1255,1513,0.1388
258,1252,1510,0.1388
258,1245,1503,0.1388
252,1257,1509,0.1388
264,1257,1521,0.1388
262,1248,1510,0.1388
263,1247,1510,0.1388
263,1248,1511,0.1388
260,1246,1506,0.1388
260,1263,1523,0.1388
255,1262,1517,0.1388
262,1263,1525,0.1388
261,1269,1530,0.1388
258,1264,1522,0.1388
259,1264,1523,0.1388
261,1261,1522,0.1388
259,1257,1516,0.1388
256,1247,1503,0.1388
257,1265,1522,0.1388
257,1257,1514,0.1388
258,1261,1519,0.1388
253,1263,1516,0.1388
252,1258,1510,0.1388
248,1254,1502,0.1388
246,1258,1504,0.1388
246,1255,1501,0.1388
246,1254,1500,0.1388
251,1263,1514,0.1388
249,1271,1520,0.1388
250,1277,1527,0.1388
247,1281,1528,0.1388
244,1273,1517,0.1388
248,1261,1509,0.1388
254,1264,1518,0.1388
252,1249,1501,0.1388
255,1243,1498,0.1388
251,1248,1499,0.1388
256,1258,1514,0.1388
253,1256,1509,0.1388
259,1259,1518,0.1388
259,1262,1521,0.1388
259,1262,1521,0.1388
254,1254,1508,0.1388
253,1258,1511,0.1388
250,1273,1523,0.1388
255,1270,1525,0.1388
253,1270,1523,0.1388
250,1264,1514,0.1388
247,1269,1516,0.1388
250,1271,1521,0.1388
251,1277,1528,0.1388
255,1272,1527,0.1388
256,1269,1525,0.1388
255,1258,1513,0.1388
256,1260,1516,0.1388
253,1263,1516,0.1388
251,1263,1514,0.1388
250,1260,1510,0.1388
246,1248,1494,0.1388
245,1260,1505,0.1388
249,1261,1510,0.1388
252,1271,1523,0.1388
247,1266,1513,0.1388
246,1278,1524,0.1388
242,1278,1520,0.1388
247,1283,1530,0.1388
241,1279,1520,0.1388
244,1274,1518,0.1388
245,1267,1512,0.1388
249,1277,1526,0.1388
252,1270,1522,0.1388
249,1269,1518,0.1388
254,1263,1517,0.1388
249,1259,1508,0.1388
247,1259,1506,0.1388
246,1253,1499,0.1388
249,1253,1502,0.1388
245,1267,1512,0.1388
239,1260,1499,0.1388
244,1271,1515,0.1388
238,1261,1499,0.1388
238,1256,1494,0.1388
239,1270,1509,0.1388
243,1263,1506,0.1388
240,1270,1510,0.1388
244,1275,1519,0.1388
239,1291,1530,0.1388
234,1283,1517,0.1388
233,1273,1506,0.1388
232,1284,1516,0.1388
229,1282,1511,0.1388
233,1286,1519,0.1388
233,1281,1514,0.1388
239,1277,1516,0.1388
236,1279,1515,0.1388
241,1290,1531,0.1388
244,1284,1528,0.1388
241,1273,1514,0.1388
238,1270,1508,0.1388
235,1279,1514,0.1388
234,1276,1510,0.1388
235,1279,1514,0.1388
237,1272,1509,0.1388
237,1269,1506,0.1388
242,1270,1512,0.1388
236,1279,1515,0.1388
232,1281,1513,0.1388
231,1285,1516,0.1388
230,1288,1518,0.1388
230,1285,1515,0.1388
232,1285,1517,0.1388
235,1291,1526,0.1388
235,1275,1510,0.1388
241,1283,1524,0.1388
240,1289,1529,0.1388
237,1289,1526,0.1388
241,1286,1527,0.1388
243,1278,1521,0.1388
243,1286,1529,0.1388
241,1293,1534,0.1388
239,1289,1528,0.1388
239,1296,1535,0.1388
234,1297,1531,0.1388
237,1286,1523,0.1388
237,1284,1521,0.1388
234,1283,1517,0.1388
235,1285,1520,0.1388
230,1290,1520,0.1388
226,1299,1525,0.1388
226,1299,1525,0.1388
226,1293,1519,0.1388
228,1270,1498,0.1388
225,1287,1512,0.1388
223,1287,1510,0.1388
226,1275,1501,0.1388
221,1285,1506,0.1388
220,1304,1524,0.1388
220,1306,1526,0.1388
221,1309,1530,0.1388
217,1295,1512,0.1388
220,1285,1505,0.1388
215,1287,1502,0.1388
215,1292,1507,0.1388
212,1291,1503,0.1388
210,1299,1509,0.1388
211,1299,1510,0.1388
210,1303,1513,0.1388
209,1282,1491,0.1388
210,1289,1499,0.1388
208,1300,1508,0.1388
200,1311,1511,0.1388
204,1310,1514,0.1388
201,1312,1513,0.1388
207,1291,1498,0.1388
208,1314,1522,0.1388
210,1299,1509,0.1388
214,1298,1512,0.1388
213,1301,1514,0.1388
213,1302,1515,0.1388
215,1304,1519,0.1388
210,1302,1512,0.1388
211,1310,1521,0.1388
209,1319,1528,0.1388
204,1304,1508,0.1388
206,1310,1516,0.1388
207,1304,1511,0.1388
206,1297,1503,0.1388
212,1306,1518,0.1388
211,1307,1518,0.1388
209,1301,1510,0.1388
209,1300,1509,0.1388
210,1306,1516,0.1388
207,1295,1502,0.1388
208,1299,1507,0.1388
212,1304,1516,0.1388
216,1314,1530,0.1388
210,1301,1511,0.1388
210,1302,1512,0.1388
212,1303,1515,0.1388
217,1301,1518,0.1388
215,1300,1515,0.1388
215,1306,1521,0.1388
211,1305,1516,0.1388
215,1301,1516,0.1388
212,1291,1503,0.1388
212,1303,1515,0.1388
209,1305,1514,0.1388
210,1304,1514,0.1388
210,1297,1507,0.1388
206,1307,1513,0.1388
205,1306,1511,0.1388
206,1309,1515,0.1388
208,1300,1508,0.1388
207,1296,1503,0.1388
204,1305,1509,0.1388
201,1309,1510,0.1388
203,1308,1511,0.1388
201,1315,1516,0.1388
199,1312,1511,0.1388
204,1317,1521,0.1388
207,1297,1504,0.1388
207,1315,1522,0.1388
205,1313,1518,0.1388
202,1311,1513,0.1388
206,1309,1515,0.1388
210,1302,1512,0.1388
211,1306,1517,0.1388
212,1303,1515,0.1388
210,1303,1513,0.1388
207,1308,1515,0.1388
207,1309,1516,0.1388
211,1302,1513,0.1388
211,1305,1516,0.1388
205,1315,1520,0.1388
206,1302,1508,0.1388
210,1301,1511,0.1388
208,1305,1513,0.1388
209,1314,1523,0.1388
208,1322,1530,0.1388
205,1315,1520,0.1388
202,1310,1512,0.1388
200,1310,1510,0.1388
199,1296,1495,0.1388
201,1305,1506,0.1388
197,1313,1510,0.1388
193,1310,1503,0.1388
194,1318,1512,0.1388
195,1324,1519,0.1388
194,1328,1522,0.1388
196,1344,1540,0.1388
194,1333,1527,0.1388
192,1325,1517,0.1388
194,1316,1510,0.1388
195,1315,1510,0.1388
194,1307,1501,0.1388
192,1312,1504,0.1388
190,1317,1507,0.1388
189,1333,1522,0.1388
189,1332,1521,0.1388
187,1316,1503,0.1388
183,1314,1497,0.1388
183,1323,1506,0.1388
183,1323,1506,0.1388
185,1329,1514,0.1388
184,1333,1517,0.1388
184,1344,1528,0.1388
179,1337,1516,0.1388
180,1330,1510,0.1388
180,1322,1502,0.1388
182,1320,1502,0.1388
185,1325,1510,0.1388
183,1330,1513,0.1388
184,1319,1503,0.1388
185,1321,1506,0.1388
186,1323,1509,0.1388
183,1316,1499,0.1388
183,1316,1499,0.1388
184,1303,1487,0.1388
189,1306,1495,0.1388
188,1319,1507,0.1388
191,1325,1516,0.1388
195,1328,1523,0.1388
192,1320,1512,0.1388
191,1314,1505,0.1388
191,1317,1508,0.1388
184,1324,1508,0.1388
182,1329,1511,0.1388
180,1333,1513,0.1388
179,1344,1523,0.1388
179,1327,1506,0.1388
182,1320,1502,0.1388
180,1331,1511,0.1388
177,1329,1506,0.1388
173,1327,1500,0.1388
175,1327,1502,0.1388
175,1338,1513,0.1388
176,1333,1509,0.1388
183,1340,1523,0.1388
183,1343,1526,0.1388
181,1354,1535,0.1388
183,1363,1546,0.1388
180,1354,1534,0.1388
182,1345,1527,0.1388
183,1329,1512,0.1388
179,1325,1504,0.1388
179,1325,1504,0.1388
176,1330,1506,0.1388
178,1330,1508,0.1388
180,1320,1500,0.1388
175,1321,1496,0.1388
176,1306,1482,0.1388
179,1325,1504,0.1388
175,1312,1487,0.1388
178,1312,1490,0.1388
182,1307,1489,0.1388
181,1327,1508,0.1388
183,1325,1508,0.1388
188,1325,1513,0.1388
185,1323,1508,0.1388
186,1317,1503,0.1388
185,1320,1505,0.1388
187,1323,1510,0.1388
182,1321,1503,0.1388
182,1311,1493,0.1388
184,1334,1518,0.1388
183,1344,1527,0.1388
179,1344,1523,0.1388
178,1336,1514,0.1388
176,1329,1505,0.1388
181,1334,1515,0.1388
180,1341,1521,0.1388
177,1344,1521,0.1388
180,1341,1521,0.1388
180,1333,1513,0.1388
182,1321,1503,0.1388
177,1328,1505,0.1388
176,1322,1498,0.1388
176,1331,1507,0.1388
177,1337,1514,0.1388
170,1338,1508,0.1388
176,1334,1510,0.1388
172,1337,1509,0.1388
180,1341,1521,0.1388
180,1332,1512,0.1388
182,1333,1515,0.1388
183,1339,1522,0.1388
180,1337,1517,0.1388
180,1332,1512,0.1388
184,1323,1507,0.1388
186,1320,1506,0.1388
190,1316,1506,0.1388
191,1320,1511,0.1388
188,1319,1507,0.1388
187,1316,1503,0.1388
188,1333,1521,0.1388
184,1337,1521,0.1388
182,1336,1518,0.1388
183,1333,1516,0.1388
188,1344,1532,0.1388
188,1332,1520,0.1388
186,1336,1522,0.1388
187,1332,1519,0.1388
183,1342,1525,0.1388
182,1338,1520,0.1388
181,1338,1519,0.1388
182,1346,1528,0.1388
176,1333,1509,0.1388
177,1333,1510,0.1388
180,1341,1521,0.1388
180,1332,1512,0.1388
178,1340,1518,0.1388
181,1343,1524,0.1388
178,1343,1521,0.1388
181,1335,1516,0.1388
183,1339,1522,0.1388
184,1345,1529,0.1388
178,1330,1508,0.1388
184,1333,1517,0.1388
183,1324,1507,0.1388
184,1320,1504,0.1388
178,1325,1503,0.1388
181,1325,1506,0.1388
181,1334,1515,0.1388
181,1322,1503,0.1388
182,1332,1514,0.1388
180,1336,1516,0.1388
177,1342,1519,0.1388
182,1342,1524,0.1388
186,1336,1522,0.1388
188,1343,1531,0.1388
184,1323,1507,0.1388
185,1332,1517,0.1388
180,1336,1516,0.1388
180,1329,1509,0.1388
183,1322,1505,0.1388
185,1325,1510,0.1388
186,1346,1532,0.1388
187,1350,1537,0.1388
185,1344,1529,0.1388
185,1329,1514,0.1388
182,1337,1519,0.1388
183,1332,1515,0.1388
184,1333,1517,0.1388
182,1332,1514,0.1388
186,1329,1515,0.1388
188,1319,1507,0.1388
189,1322,1511,0.1388
188,1325,1513,0.1388
187,1327,1514,0.1388
189,1325,1514,0.1388
188,1320,1508,0.1388
188,1324,1512,0.1388
188,1328,1516,0.1388
190,1337,1527,0.1388
194,1335,1529,0.1388
195,1338,1533,0.1388
195,1337,1532,0.1388
199,1322,1521,0.1388
200,1315,1515,0.1388
192,1324,1516,0.1388
192,1315,1507,0.1388
185,1330,1515,0.1388
187,1325,1512,0.1388
186,1331,1517,0.1388
182,1325,1507,0.1388
177,1322,1499,0.1388
176,1326,1502,0.1388
176,1327,1503,0.1388
177,1312,1489,0.1388
178,1323,1501,0.1388
175,1336,1511,0.1388
176,1328,1504,0.1388
173,1338,1511,0.1388
175,1329,1504,0.1388
176,1327,1503,0.1388
176,1329,1505,0.1388
175,1332,1507,0.1388
176,1339,1515,0.1388
178,1330,1508,0.1388
184,1333,1517,0.1388
179,1330,1509,0.1388
175,1342,1517,0.1388
175,1340,1515,0.1388
172,1341,1513,0.1388
169,1338,1507,0.1388
167,1322,1489,0.1388
169,1331,1500,0.1388
171,1338,1509,0.1388
168,1332,1500,0.1388
168,1338,1506,0.1388
165,1342,1507,0.1388
166,1349,1515,0.1388
167,1354,1521,0.1388
170,1355,1525,0.1388
168,1360,1528,0.1388
169,1360,1529,0.1388
168,1351,1519,0.1388
165,1358,1523,0.1388
164,1359,1523,0.1388
167,1350,1517,0.1388
165,1346,1511,0.1388
167,1340,1507,0.1388
168,1346,1514,0.1388
164,1347,1511,0.1388
166,1353,1519,0.1388
169,1336,1505,0.1388
166,1356,1522,0.1388
167,1340,1507,0.1388
165,1346,1511,0.1388
166,1350,1516,0.1388
165,1352,1517,0.1388
167,1356,1523,0.1388
166,1349,1515,0.1388
165,1359,1524,0.1388
169,1349,1518,0.1388
168,1346,1514,0.1388
166,1349,1515,0.1388
162,1353,1515,0.1388
164,1347,1511,0.1388
168,1362,1530,0.1388
166,1362,1528,0.1388
166,1368,1534,0.1388
164,1351,1515,0.1388
157,1347,1504,0.1388
151,1359,1510,0.1388
152,1364,1516,0.1388
153,1360,1513,0.1388
155,1366,1521,0.1388
153,1371,1524,0.1388
154,1374,1528,0.1388
157,1369,1526,0.1388
154,1382,1536,0.1388
153,1374,1527,0.1388
150,1365,1515,0.1388
145,1359,1504,0.1388
147,1365,1512,0.1388
147,1375,1522,0.1388
146,1360,1506,0.1388
146,1381,1527,0.1388
147,1372,1519,0.1388
143,1371,1514,0.1388
138,1378,1516,0.1388
136,1381,1517,0.1388
132,1379,1511,0.1388
132,1394,1526,0.1388
128,1386,1514,0.1388
129,1392,1521,0.1388
128,1381,1509,0.1388
128,1384,1512,0.1388
125,1389,1514,0.1388
127,1380,1507,0.1388
127,1389,1516,0.1388
128,1391,1519,0.1388
126,1385,1511,0.1388
125,1385,1510,0.1388
125,1383,1508,0.1388
127,1387,1514,0.1388
125,1388,1513,0.1388
131,1394,1525,0.1388
129,1386,1515,0.1388
128,1382,1510,0.1388
126,1380,1506,0.1388
125,1381,1506,0.1388
126,1388,1514,0.1388
128,1400,1528,0.1388
125,1401,1526,0.1388
122,1391,1513,0.1388
123,1386,1509,0.1388
125,1380,1505,0.1388
125,1377,1502,0.1388
123,1386,1509,0.1388
123,1395,1518,0.1388
121,1391,1512,0.1388
120,1396,1516,0.1388
122,1399,1521,0.1388
124,1392,1516,0.1388
126,1389,1515,0.1388
123,1384,1507,0.1388
126,1390,1516,0.1388
122,1399,1521,0.1388
121,1400,1521,0.1388
121,1408,1529,0.1388
117,1391,1508,0.1388
117,1392,1509,0.1388
118,1399,1517,0.1388
117,1396,1513,0.1388
117,1380,1497,0.1388
120,1382,1502,0.1388
123,1382,1505,0.1388
122,1380,1502,0.1388
120,1387,1507,0.1388
118,1385,1503,0.1388
121,1389,1510,0.1388
118,1401,1519,0.1388
114,1406,1520,0.1388
116,1397,1513,0.1388
113,1403,1516,0.1388
115,1398,1513,0.1388
114,1394,1508,0.1388
110,1409,1519,0.1388
113,1407,1520,0.1388
110,1410,1520,0.1388
110,1412,1522,0.1388
110,1417,1527,0.1388
108,1403,1511,0.1388
108,1394,1502,0.1388
106,1414,1520,0.1388
104,1403,1507,0.1388
104,1415,1519,0.1388
102,1417,1519,0.1388
101,1410,1511,0.1388
102,1405,1507,0.1388
102,1414,1516,0.1388
102,1413,1515,0.1388
102,1392,1494,0.1388
102,1407,1509,0.1388
102,1411,1513,0.1388
103,1415,1518,0.1388
102,1412,1514,0.1388
104,1423,1527,0.1388
103,1425,1528,0.1388
105,1413,1518,0.1388
103,1417,1520,0.1388
101,1413,1514,0.1388
101,1418,1519,0.1388
99,1417,1516,0.1388
101,1406,1507,0.1388
102,1421,1523,0.1388
100,1394,1494,0.1388
103,1400,1503,0.1388
105,1406,1511,0.1388
105,1410,1515,0.1388
106,1412,1518,0.1388
105,1413,1518,0.1388
103,1417,1520,0.1388
102,1402,1504,0.1388
102,1409,1511,0.1388
99,1406,1505,0.1388
99,1396,1495,0.1388
96,1404,1500,0.1388
94,1407,1501,0.1388
93,1415,1508,0.1388
95,1411,1506,0.1388
94,1416,1510,0.1388
95,1412,1507,0.1388
96,1418,1514,0.1388
95,1422,1517,0.1388
94,1424,1518,0.1388
94,1413,1507,0.1388
94,1421,1515,0.1388
94,1413,1507,0.1388
95,1419,1514,0.1388
96,1424,1520,0.1388
96,1427,1523,0.1388
95,1417,1512,0.1388
95,1414,1509,0.1388
94,1422,1516,0.1388
93,1425,1518,0.1388
90,1421,1511,0.1388
90,1417,1507,0.1388
91,1406,1497,0.1388
90,1427,1517,0.1388
92,1414,1506,0.1388
88,1420,1508,0.1388
90,1418,1508,0.1388
90,1416,1506,0.1388
86,1410,1496,0.1388
86,1414,1500,0.1388
83,1420,1503,0.1388
86,1426,1512,0.1388
85,1441,1526,0.1388
80,1429,1509,0.1388
84,1429,1513,0.1388
85,1432,1517,0.1388
87,1426,1513,0.1388
84,1414,1498,0.1388
88,1417,1505,0.1388
86,1401,1487,0.1388
84,1410,1494,0.1388
86,1410,1496,0.1388
85,1405,1490,0.1388
85,1427,1512,0.1388
84,1423,1507,0.1388
85,1424,1509,0.1388
82,1438,1520,0.1388
82,1437,1519,0.1388
80,1438,1518,0.1388
78,1445,1523,0.1388
78,1448,1526,0.1388
80,1452,1532,0.1388
77,1442,1519,0.1388
75,1430,1505,0.1388
78,1431,1509,0.1388
79,1444,1523,0.1388
80,1445,1525,0.1388
80,1451,1531,0.1388
83,1451,1534,0.1388
80,1443,1523,0.1388
80,1439,1519,0.1388
80,1437,1517,0.1388
81,1440,1521,0.1388
78,1429,1507,0.1388
79,1440,1519,0.1388
79,1439,1518,0.1388
79,1449,1528,0.1388
79,1440,1519,0.1388
78,1421,1499,0.1388
78,1428,1506,0.1388
78,1426,1504,0.1388
77,1427,1504,0.1388
79,1435,1514,0.1388
79,1436,1515,0.1388
84,1422,1506,0.1388
84,1439,1523,0.1388
84,1431,1515,0.1388
83,1427,1510,0.1388
84,1432,1516,0.1388
85,1438,1523,0.1388
86,1428,1514,0.1388
88,1422,1510,0.1388
85,1421,1506,0.1388
88,1432,1520,0.1388
86,1431,1517,0.1388
86,1429,1515,0.1388
85,1414,1499,0.1388
87,1422,1509,0.1388
85,1426,1511,0.1388
85,1447,1532,0.1388
85,1447,1532,0.1388
84,1437,1521,0.1388
81,1427,1508,0.1388
79,1425,1504,0.1388
76,1429,1505,0.1388
76,1426,1502,0.1388
75,1440,1515,0.1388
75,1438,1513,0.1388
77,1436,1513,0.1388
77,1428,1505,0.1388
74,1440,1514,0.1388
74,1443,1517,0.1388
73,1454,1527,0.1388
72,1457,1529,0.1388
72,1446,1518,0.1388
69,1456,1525,0.1388
67,1449,1516,0.1388
64,1463,1527,0.1388
65,1443,1508,0.1388
65,1447,1512,0.1388
67,1446,1513,0.1388
66,1444,1510,0.1388
66,1428,1494,0.1388
66,1432,1498,0.1388
67,1447,1514,0.1388
66,1444,1510,0.1388
69,1438,1507,0.1388
68,1441,1509,0.1388
69,1449,1518,0.1388
70,1452,1522,0.1388
69,1452,1521,0.1388
70,1432,1502,0.1388
71,1427,1498,0.1388
72,1429,1501,0.1388
71,1426,1497,0.1388
70,1431,1501,0.1388
69,1438,1507,0.1388
68,1431,1499,0.1388
69,1422,1491,0.1388
69,1421,1490,0.1388
69,1436,1505,0.1388
70,1454,1524,0.1388
66,1442,1508,0.1388
68,1446,1514,0.1388
64,1436,1500,0.1388
64,1446,1510,0.1388
65,1453,1518,0.1388
67,1460,1527,0.1388
68,1464,1532,0.1388
68,1453,1521,0.1388
71,1457,1528,0.1388
68,1462,1530,0.1388
70,1456,1526,0.1388
71,1433,1504,0.1388
68,1437,1505,0.1388
68,1436,1504,0.1388
65,1432,1497,0.1388
65,1425,1490,0.1388
69,1423,1492,0.1388
69,1430,1499,0.1388
67,1440,1507,0.1388
67,1432,1499,0.1388
67,1436,1503,0.1388
67,1448,1515,0.1388
66,1454,1520,0.1388
64,1456,1520,0.1388
66,1443,1509,0.1388
65,1448,1513,0.1388
64,1438,1502,0.1388
62,1440,1502,0.1388
61,1460,1521,0.1388
62,1456,1518,0.1388
61,1450,1511,0.1388
62,1464,1526,0.1388
63,1458,1521,0.1388
61,1454,1515,0.1388
60,1450,1510,0.1388
57,1440,1497,0.1388
59,1458,1517,0.1388
62,1450,1512,0.1388
62,1441,1503,0.1388
62,1463,1525,0.1388
60,1467,1527,0.1388
60,1455,1515,0.1388
60,1465,1525,0.1388
62,1446,1508,0.1388
60,1457,1517,0.1388
63,1463,1526,0.1388
62,1456,1518,0.1388
62,1449,1511,0.1388
60,1466,1526,0.1388
60,1477,1537,0.1388
61,1459,1520,0.1388
57,1464,1521,0.1388
53,1455,1508,0.1388
53,1452,1505,0.1388
57,1447,1504,0.1388
58,1465,1523,0.1388
59,1456,1515,0.1388
59,1463,1522,0.1388
57,1465,1522,0.1388
54,1463,1517,0.1388
57,1455,1512,0.1388
58,1456,1514,0.1388
58,1457,1515,0.1388
56,1463,1519,0.1388
55,1459,1514,0.1388
52,1470,1522,0.1388
52,1477,1529,0.1388
53,1474,1527,0.1388
57,1458,1515,0.1388
59,1450,1509,0.1388
59,1463,1522,0.1388
59,1463,1522,0.1388
57,1467,1524,0.1388
58,1465,1523,0.1388
56,1463,1519,0.1388
56,1466,1522,0.1388
55,1453,1508,0.1388
52,1462,1514,0.1388
52,1452,1504,0.1388
51,1452,1503,0.1388
54,1458,1512,0.1388
52,1442,1494,0.1388
53,1450,1503,0.1388
54,1456,1510,0.1388
53,1458,1511,0.1388
53,1465,1518,0.1388
52,1482,1534,0.1388
51,1465,1516,0.1388
52,1470,1522,0.1388
53,1456,1509,0.1388
54,1462,1516,0.1388
53,1456,1509,0.1388
55,1468,1523,0.1388
54,1461,1515,0.1388
54,1462,1516,0.1388
51,1455,1506,0.1388
49,1447,1496,0.1388
49,1448,1497,0.1388
50,1459,1509,0.1388
52,1466,1518,0.1388
53,1469,1522,0.1388
53,1462,1515,0.1388
53,1459,1512,0.1388
53,1458,1511,0.1388
56,1457,1513,0.1388
59,1466,1525,0.1388
60,1454,1514,0.1388
58,1457,1515,0.1388
58,1465,1523,0.1388
56,1472,1528,0.1388
56,1463,1519,0.1388
57,1458,1515,0.1388
56,1467,1523,0.1388
54,1469,1523,0.1388
55,1465,1520,0.1388
53,1455,1508,0.1388
55,1455,1510,0.1388
55,1452,1507,0.1388
57,1452,1509,0.1388
59,1452,1511,0.1388
59,1449,1508,0.1388
59,1459,1518,0.1388
57,1457,1514,0.1388
56,1457,1513,0.1388
58,1457,1515,0.1388
56,1470,1526,0.1388
56,1462,1518,0.1388
54,1451,1505,0.1388
57,1465,1522,0.1388
59,1472,1531,0.1388
61,1458,1519,0.1388
61,1456,1517,0.1388
60,1454,1514,0.1388
63,1441,1504,0.1388
60,1443,1503,0.1388
63,1450,1513,0.1388
63,1463,1526,0.1388
58,1455,1513,0.1388
59,1459,1518,0.1388
61,1453,1514,0.1388
61,1464,1525,0.1388
61,1458,1519,0.1388
62,1472,1534,0.1388
58,1466,1524,0.1388
56,1457,1513,0.1388
56,1461,1517,0.1388
57,1455,1512,0.1388
58,1455,1513,0.1388
59,1443,1502,0.1388
61,1457,1518,0.1388
58,1445,1503,0.1388
57,1451,1508,0.1388
59,1442,1501,0.1388
60,1447,1507,0.1388
60,1455,1515,0.1388
60,1438,1498,0.1388
60,1453,1513,0.1388
61,1464,1525,0.1388
62,1459,1521,0.1388
61,1456,1517,0.1388
60,1463,1523,0.1388
56,1451,1507,0.1388
55,1449,1504,0.1388
56,1442,1498,0.1388
57,1436,1493,0.1388
58,1450,1508,0.1388
57,1461,1518,0.1388
58,1466,1524,0.1388
57,1456,1513,0.1388
56,1455,1511,0.1388
57,1459,1516,0.1388
57,1457,1514,0.1388
56,1465,1521,0.1388
57,1451,1508,0.1388
57,1448,1505,0.1388
60,1458,1518,0.1388
60,1456,1516,0.1388
61,1451,1512,0.1388
61,1442,1503,0.1388
61,1443,1504,0.1388
61,1444,1505,0.1388
59,1442,1501,0.1388
57,1460,1517,0.1388
56,1458,1514,0.1388
57,1454,1511,0.1388
57,1462,1519,0.1388
57,1459,1516,0.1388
58,1454,1512,0.1388
57,1454,1511,0.1388
57,1462,1519,0.1388
55,1461,1516,0.1388
55,1461,1516,0.1388
56,1444,1500,0.1388
56,1446,1502,0.1388
55,1443,1498,0.1388
54,1457,1511,0.1388
52,1462,1514,0.1388
51,1469,1520,0.1388
53,1462,1515,0.1388
53,1467,1520,0.1388
53,1466,1519,0.1388
51,1458,1509,0.1388
52,1463,1515,0.1388
50,1475,1525,0.1388
54,1464,1518,0.1388
58,1459,1517,0.1388
58,1449,1507,0.1388
59,1460,1519,0.1388
59,1459,1518,0.1388
61,1453,1514,0.1388
59,1444,1503,0.1388
62,1447,1509,0.1388
60,1441,1501,0.1388
59,1439,1498,0.1388
57,1451,1508,0.1388
55,1466,1521,0.1388
53,1456,1509,0.1388
54,1452,1506,0.1388
55,1453,1508,0.1388
53,1444,1497,0.1388
53,1452,1505,0.1388
56,1456,1512,0.1388
54,1457,1511,0.1388
52,1438,1490,0.1388
53,1442,1495,0.1388
54,1454,1508,0.1388
54,1462,1516,0.1388
54,1455,1509,0.1388
56,1450,1506,0.1388
53,1437,1490,0.1388
52,1439,1491,0.1388
52,1453,1505,0.1388
54,1474,1528,0.1388
53,1456,1509,0.1388
52,1471,1523,0.1388
53,1487,1540,0.1388
53,1476,1529,0.1388
51,1468,1519,0.1388
52,1455,1507,0.1388
51,1460,1511,0.1388
49,1475,1524,0.1388
50,1484,1534,0.1388
55,1486,1541,0.1388
55,1464,1519,0.1388
55,1461,1516,0.1388
54,1473,1527,0.1388
53,1470,1523,0.1388
54,1462,1516,0.1388
53,1461,1514,0.1388
54,1456,1510,0.1388
53,1449,1502,0.1388
52,1456,1508,0.1388
52,1454,1506,0.1388
54,1460,1514,0.1388
53,1451,1504,0.1388
50,1464,1514,0.1388
51,1468,1519,0.1388
49,1471,1520,0.1388
50,1464,1514,0.1388
49,1456,1505,0.1388
49,1461,1510,0.1388
50,1471,1521,0.1388
51,1470,1521,0.1388
52,1468,1520,0.1388
50,1477,1527,0.1388
49,1470,1519,0.1388
50,1473,1523,0.1388
51,1471,1522,0.1388
52,1473,1525,0.1388
51,1465,1516,0.1388
52,1457,1509,0.1388
53,1444,1497,0.1388
54,1457,1511,0.1388
55,1455,1510,0.1388
54,1455,1509,0.1388
54,1469,1523,0.1388
54,1480,1534,0.1388
52,1484,1536,0.1388
53,1466,1519,0.1388
53,1471,1524,0.1388
52,1465,1517,0.1388
50,1476,1526,0.1388
51,1464,1515,0.1388
51,1470,1521,0.1388
48,1485,1533,0.1388
50,1483,1533,0.1388
50,1471,1521,0.1388
49,1454,1503,0.1388
50,1453,1503,0.1388
48,1461,1509,0.1388
48,1461,1509,0.1388
46,1453,1499,0.1388
45,1468,1513,0.1388
44,1466,1510,0.1388
39,1467,1506,0.1388
38,1461,1499,0.1388
38,1469,1507,0.1388
37,1457,1494,0.1388
36,1471,1507,0.1388
38,1468,1506,0.1388
38,1474,1512,0.1388
36,1469,1505,0.1388
38,1481,1519,0.1388
38,1474,1512,0.1388
36,1478,1514,0.1388
36,1474,1510,0.1388
34,1476,1510,0.1388
36,1478,1514,0.1388
38,1470,1508,0.1388
38,1473,1511,0.1388
38,1468,1506,0.1388
36,1483,1519,0.1388
37,1483,1520,0.1388
37,1480,1517,0.1388
35,1482,1517,0.1388
36,1492,1528,0.1388
37,1476,1513,0.1388
36,1479,1515,0.1388
35,1477,1512,0.1388
34,1478,1512,0.1388
34,1478,1512,0.1388
33,1486,1519,0.1388
34,1490,1524,0.1388
31,1482,1513,0.1388
30,1501,1531,0.1388
30,1480,1510,0.1388
29,1487,1516,0.1388
29,1485,1514,0.1388
28,1493,1521,0.1388
27,1506,1533,0.1388
25,1512,1537,0.1388
25,1502,1527,0.1388
24,1482,1506,0.1388
25,1482,1507,0.1388
28,1486,1514,0.1388
28,1485,1513,0.1388
28,1482,1510,0.1388
27,1489,1516,0.1388
25,1504,1529,0.1388
26,1500,1526,0.1388
25,1499,1524,0.1388
23,1505,1528,0.1388
23,1504,1527,0.1388
25,1506,1531,0.1388
26,1499,1525,0.1388
25,1500,1525,0.1388
25,1502,1527,0.1388
26,1506,1532,0.1388
25,1515,1540,0.1388
24,1505,1529,0.1388
24,1503,1527,0.1388
24,1499,1523,0.1388
24,1492,1516,0.1388
23,1481,1504,0.1388
27,1487,1514,0.1388
27,1483,1510,0.1388
28,1484,1512,0.1388
27,1487,1514,0.1388
27,1491,1518,0.1388
27,1475,1502,0.1388
27,1484,1511,0.1388
24,1481,1505,0.1388
25,1468,1493,0.1388
25,1492,1517,0.1388
24,1497,1521,0.1388
25,1496,1521,0.1388
26,1492,1518,0.1388
25,1483,1508,0.1388
24,1486,1510,0.1388
23,1500,1523,0.1388
23,1502,1525,0.1388
24,1500,1524,0.1388
24,1503,1527,0.1388
24,1500,1524,0.1388
24,1510,1534,0.1388
25,1501,1526,0.1388
26,1499,1525,0.1388
26,1498,1524,0.1388
25,1498,1523,0.1388
25,1482,1507,0.1388
25,1484,1509,0.1388
24,1479,1503,0.1388
24,1479,1503,0.1388
24,1482,1506,0.1388
23,1496,1519,0.1388
23,1498,1521,0.1388
23,1488,1511,0.1388
23,1499,1522,0.1388
23,1500,1523,0.1388
24,1495,1519,0.1388
23,1508,1531,0.1388
23,1506,1529,0.1388
23,1514,1537,0.1388
21,1504,1525,0.1388
20,1500,1520,0.1388
22,1500,1522,0.1388
23,1499,1522,0.1388
22,1506,1528,0.1388
22,1510,1532,0.1388
23,1508,1531,0.1388
22,1511,1533,0.1388
22,1500,1522,0.1388
23,1507,1530,0.1388
23,1500,1523,0.1388
22,1504,1526,0.1388
21,1516,1537,0.1388
23,1509,1532,0.1388
20,1498,1518,0.1388
18,1502,1520,0.1388
18,1499,1517,0.1388
18,1506,1524,0.1388
19,1511,1530,0.1388
18,1505,1523,0.1388
18,1495,1513,0.1388
19,1487,1506,0.1388
18,1495,1513,0.1388
18,1501,1519,0.1388
18,1485,1503,0.1388
18,1492,1510,0.1388
17,1500,1517,0.1388
14,1495,1509,0.1388
13,1493,1506,0.1388
13,1505,1518,0.1388
13,1510,1523,0.1388
14,1507,1521,0.1388
14,1509,1523,0.1388
15,1502,1517,0.1388
15,1506,1521,0.1388
15,1505,1520,0.1388
15,1511,1526,0.1388
15,1519,1534,0.1388
15,1517,1532,0.1388
14,1510,1524,0.1388
13,1508,1521,0.1388
13,1491,1504,0.1388
13,1492,1505,0.1388
14,1494,1508,0.1388
13,1499,1512,0.1388
13,1497,1510,0.1388
13,1506,1519,0.1388
12,1502,1514,0.1388
11,1490,1501,0.1388
10,1504,1514,0.1388
11,1506,1517,0.1388
12,1509,1521,0.1388
12,1514,1526,0.1388
12,1510,1522,0.1388
11,1502,1513,0.1388
11,1506,1517,0.1388
10,1500,1510,0.1388
10,1507,1517,0.1388
11,1508,1519,0.1388
11,1518,1529,0.1388
12,1513,1525,0.1388
12,1505,1517,0.1388
13,1515,1528,0.1388
13,1513,1526,0.1388
12,1506,1518,0.1388
12,1506,1518,0.1388
13,1521,1534,0.1388
14,1514,1528,0.1388
14,1499,1513,0.1388
15,1503,1518,0.1388
15,1491,1506,0.1388
14,1507,1521,0.1388
14,1503,1517,0.1388
15,1492,1507,0.1388
15,1507,1522,0.1388
16,1489,1505,0.1388
14,1509,1523,0.1388
12,1507,1519,0.1388
13,1508,1521,0.1388
13,1501,1514,0.1388
13,1485,1498,0.1388
13,1491,1504,0.1388
13,1496,1509,0.1388
15,1487,1502,0.1388
15,1493,1508,0.1388
15,1503,1518,0.1388
14,1510,1524,0.1388
13,1513,1526,0.1388
12,1506,1518,0.1388
13,1495,1508,0.1388
12,1488,1500,0.1388
11,1494,1505,0.1388
10,1491,1501,0.1388
10,1493,1503,0.1388
10,1502,1512,0.1388
10,1506,1516,0.1388
10,1495,1505,0.1388
9,1499,1508,0.1388
8,1512,1520,0.1388
8,1518,1526,0.1388
10,1514,1524,0.1388
10,1499,1509,0.1388
11,1518,1529,0.1388
10,1507,1517,0.1388
10,1505,1515,0.1388
9,1518,1527,0.1388
9,1519,1528,0.1388
9,1513,1522,0.1388
8,1501,1509,0.1388
8,1505,1513,0.1388
7,1492,1499,0.1388
7,1504,1511,0.1388
6,1516,1522,0.1388
6,1516,1522,0.1388
6,1523,1529,0.1388
6,1528,1534,0.1388
6,1529,1535,0.1388
5,1521,1526,0.1388
5,1512,1517,0.1388
4,1513,1517,0.1388
4,1508,1512,0.1388
4,1513,1517,0.1388
5,1503,1508,0.1388
5,1513,1518,0.1388
5,1514,1519,0.1388
5,1521,1526,0.1388
4,1518,1522,0.1388
4,1514,1518,0.1388
4,1517,1521,0.1388
5,1503,1508,0.1388
5,1508,1513,0.1388
5,1508,1513,0.1388
4,1509,1513,0.1388
4,1516,1520,0.1388
3,1519,1522,0.1388
3,1517,1520,0.1388
3,1518,1521,0.1388
3,1506,1509,0.1388
3,1511,1514,0.1388
3,1503,1506,0.1388
2,1506,1508,0.1388
2,1512,1514,0.1388
1,1513,1514,0.1388
0,1512,1512,0.1388
