1391,26,1417,0.1388
1418,26,1444,0.1388
1421,26,1447,0.1388
1435,24,1459,0.1388
1443,27,1470,0.1388
1457,30,1487,0.1388
1458,31,1489,0.1388
1458,31,1489,0.1388
1460,33,1493,0.1388
1461,33,1494,0.1388
1460,30,1490,0.1388
1454,30,1484,0.1388
1456,31,1487,0.1388
1441,32,1473,0.1388
1438,33,1471,0.1388
1445,35,1480,0.1388
1450,36,1486,0.1388
1444,35,1479,0.1388
1449,35,1484,0.1388
1455,34,1489,0.1388
1459,34,1493,0.1388
1462,36,1498,0.1388
1458,38,1496,0.1388
1456,36,1492,0.1388
1450,35,1485,0.1388
1456,35,1491,0.1388
1463,34,1497,0.1388
1456,37,1493,0.1388
1473,36,1509,0.1388
1475,36,1511,0.1388
1473,36,1509,0.1388
1466,36,1502,0.1388
1467,36,1503,0.1388
1459,37,1496,0.1388
1448,39,1487,0.1388
1453,38,1491,0.1388
1455,40,1495,0.1388
1445,42,1487,0.1388
1450,42,1492,0.1388
1460,41,1501,0.1388
1465,41,1506,0.1388
1460,42,1502,0.1388
1452,41,1493,0.1388
1458,41,1499,0.1388
1470,38,1508,0.1388
1468,37,1505,0.1388
1458,41,1499,0.1388
1458,41,1499,0.1388
1458,41,1499,0.1388
1454,39,1493,0.1388
1458,39,1497,0.1388
1459,38,1497,0.1388
1454,37,1491,0.1388
1453,38,1491,0.1388
1457,37,1494,0.1388
1445,38,1483,0.1388
1454,39,1493,0.1388
1451,40,1491,0.1388
1451,39,1490,0.1388
1442,39,1481,0.1388
1446,40,1486,0.1388
1442,40,1482,0.1388
1443,40,1483,0.1388
1440,44,1484,0.1388
1447,44,1491,0.1388
1458,43,1501,0.1388
1453,42,1495,0.1388
1452,42,1494,0.1388
1455,43,1498,0.1388
1451,42,1493,0.1388
1438,43,1481,0.1388
1441,45,1486,0.1388
1455,42,1497,0.1388
1440,42,1482,0.1388
1436,42,1478,0.1388
1425,43,1468,0.1388
1434,46,1480,0.1388
1442,48,1490,0.1388
1436,46,1482,0.1388
1443,46,1489,0.1388
1449,45,1494,0.1388
1452,44,1496,0.1388
1447,45,1492,0.1388
1455,44,1499,0.1388
1440,43,1483,0.1388
1445,45,1490,0.1388
1447,45,1492,0.1388
1448,46,1494,0.1388
1440,45,1485,0.1388
1442,45,1487,0.1388
1434,47,1481,0.1388
1446,52,1498,0.1388
1445,52,1497,0.1388
1431,51,1482,0.1388
1456,51,1507,0.1388
1437,49,1486,0.1388
1432,50,1482,0.1388
1438,52,1490,0.1388
1443,52,1495,0.1388
1440,53,1493,0.1388
1440,52,1492,0.1388
1439,52,1491,0.1388
1449,51,1500,0.1388
1445,53,1498,0.1388
1437,52,1489,0.1388
1452,47,1499,0.1388
1445,49,1494,0.1388
1439,48,1487,0.1388
1432,49,1481,0.1388
1426,50,1476,0.1388
1440,50,1490,0.1388
1447,52,1499,0.1388
1440,53,1493,0.1388
1435,52,1487,0.1388
1439,49,1488,0.1388
1431,48,1479,0.1388
1428,49,1477,0.1388
1441,48,1489,0.1388
1442,48,1490,0.1388
1459,49,1508,0.1388
1445,49,1494,0.1388
1431,47,1478,0.1388
1437,47,1484,0.1388
1433,49,1482,0.1388
1427,49,1476,0.1388
1434,50,1484,0.1388
1439,50,1489,0.1388
1440,51,1491,0.1388
1433,51,1484,0.1388
1435,51,1486,0.1388
1430,50,1480,0.1388
1419,52,1471,0.1388
1430,53,1483,0.1388
1428,52,1480,0.1388
1433,52,1485,0.1388
1434,50,1484,0.1388
1455,49,1504,0.1388
1441,48,1489,0.1388
1444,50,1494,0.1388
1442,49,1491,0.1388
1434,52,1486,0.1388
1446,53,1499,0.1388
1442,52,1494,0.1388
1445,55,1500,0.1388
1441,54,1495,0.1388
1439,53,1492,0.1388
1449,57,1506,0.1388
1454,58,1512,0.1388
1447,57,1504,0.1388
1449,57,1506,0.1388
1438,57,1495,0.1388
1440,54,1494,0.1388
1432,55,1487,0.1388
1444,53,1497,0.1388
1426,58,1484,0.1388
1430,57,1487,0.1388
1430,58,1488,0.1388
1431,56,1487,0.1388
1434,58,1492,0.1388
1449,58,1507,0.1388
1443,61,1504,0.1388
1432,58,1490,0.1388
1427,56,1483,0.1388
1438,56,1494,0.1388
1435,56,1491,0.1388
1425,59,1484,0.1388
1427,54,1481,0.1388
1443,56,1499,0.1388
1450,57,1507,0.1388
1455,56,1511,0.1388
1456,55,1511,0.1388
1456,57,1513,0.1388
1456,59,1515,0.1388
1446,59,1505,0.1388
1429,60,1489,0.1388
1422,61,1483,0.1388
1415,59,1474,0.1388
1414,61,1475,0.1388
1428,59,1487,0.1388
1431,60,1491,0.1388
1428,60,1488,0.1388
1422,59,1481,0.1388
1426,64,1490,0.1388
1426,66,1492,0.1388
1421,64,1485,0.1388
1423,62,1485,0.1388
1432,62,1494,0.1388
1431,61,1492,0.1388
1433,61,1494,0.1388
1441,62,1503,0.1388
1443,61,1504,0.1388
1444,61,1505,0.1388
1442,65,1507,0.1388
1447,63,1510,0.1388
1443,61,1504,0.1388
1441,58,1499,0.1388
1431,62,1493,0.1388
1441,61,1502,0.1388
1427,64,1491,0.1388
1418,66,1484,0.1388
1411,66,1477,0.1388
1424,67,1491,0.1388
1441,66,1507,0.1388
1445,64,1509,0.1388
1436,64,1500,0.1388
1426,65,1491,0.1388
1435,67,1502,0.1388
1438,67,1505,0.1388
1436,67,1503,0.1388
1415,67,1482,0.1388
1414,67,1481,0.1388
1424,65,1489,0.1388
1435,66,1501,0.1388
1424,66,1490,0.1388
1419,64,1483,0.1388
1430,63,1493,0.1388
1434,64,1498,0.1388
1433,65,1498,0.1388
1423,65,1488,0.1388
1417,67,1484,0.1388
1421,67,1488,0.1388
1421,68,1489,0.1388
1429,68,1497,0.1388
1439,65,1504,0.1388
1442,68,1510,0.1388
1444,70,1514,0.1388
1439,70,1509,0.1388
1428,71,1499,0.1388
1423,72,1495,0.1388
1428,72,1500,0.1388
1430,71,1501,0.1388
1426,70,1496,0.1388
1429,69,1498,0.1388
1414,70,1484,0.1388
1416,74,1490,0.1388
1426,74,1500,0.1388
1430,70,1500,0.1388
1433,71,1504,0.1388
1426,72,1498,0.1388
1428,73,1501,0.1388
1430,74,1504,0.1388
1418,74,1492,0.1388
1420,69,1489,0.1388
1423,66,1489,0.1388
1422,64,1486,0.1388
1427,64,1491,0.1388
1421,64,1485,0.1388
1424,64,1488,0.1388
1416,66,1482,0.1388
1425,69,1494,0.1388
1429,69,1498,0.1388
1433,65,1498,0.1388
1427,65,1492,0.1388
1425,67,1492,0.1388
1432,63,1495,0.1388
1438,65,1503,0.1388
1428,65,1493,0.1388
1420,61,1481,0.1388
1423,65,1488,0.1388
1436,67,1503,0.1388
1429,65,1494,0.1388
1430,69,1499,0.1388
1430,68,1498,0.1388
1422,68,1490,0.1388
1425,68,1493,0.1388
1426,67,1493,0.1388
1423,67,1490,0.1388
1434,67,1501,0.1388
1430,68,1498,0.1388
1423,68,1491,0.1388
1412,67,1479,0.1388
1399,67,1466,0.1388
1399,69,1468,0.1388
1397,69,1466,0.1388
1408,70,1478,0.1388
1414,72,1486,0.1388
1426,72,1498,0.1388
1424,76,1500,0.1388
1423,73,1496,0.1388
1428,70,1498,0.1388
1420,71,1491,0.1388
1421,71,1492,0.1388
1418,70,1488,0.1388
1433,70,1503,0.1388
1435,72,1507,0.1388
1434,72,1506,0.1388
1438,74,1512,0.1388
1436,70,1506,0.1388
1442,70,1512,0.1388
1435,71,1506,0.1388
1426,71,1497,0.1388
1410,71,1481,0.1388
1409,73,1482,0.1388
1420,75,1495,0.1388
1427,75,1502,0.1388
1414,75,1489,0.1388
1415,75,1490,0.1388
1413,77,1490,0.1388
1404,77,1481,0.1388
1409,79,1488,0.1388
1401,77,1478,0.1388
1398,76,1474,0.1388
1399,79,1478,0.1388
1382,78,1460,0.1388
1390,82,1472,0.1388
1396,78,1474,0.1388
1409,78,1487,0.1388
1417,80,1497,0.1388
1424,80,1504,0.1388
1418,76,1494,0.1388
1415,77,1492,0.1388
1423,78,1501,0.1388
1421,76,1497,0.1388
1433,74,1507,0.1388
1433,74,1507,0.1388
1422,73,1495,0.1388
1410,73,1483,0.1388
1399,74,1473,0.1388
1413,76,1489,0.1388
1411,76,1487,0.1388
1408,75,1483,0.1388
1418,79,1497,0.1388
1424,79,1503,0.1388
1416,78,1494,0.1388
1427,77,1504,0.1388
1420,75,1495,0.1388
1429,75,1504,0.1388
1422,75,1497,0.1388
1422,73,1495,0.1388
1417,74,1491,0.1388
1417,75,1492,0.1388
1406,77,1483,0.1388
1411,80,1491,0.1388
1420,82,1502,0.1388
1422,81,1503,0.1388
1418,80,1498,0.1388
1419,80,1499,0.1388
1415,76,1491,0.1388
1416,82,1498,0.1388
1418,87,1505,0.1388
1420,87,1507,0.1388
1409,87,1496,0.1388
1407,93,1500,0.1388
1403,93,1496,0.1388
1391,90,1481,0.1388
1397,98,1495,0.1388
1396,100,1496,0.1388
1398,98,1496,0.1388
1404,96,1500,0.1388
1390,97,1487,0.1388
1388,100,1488,0.1388
1378,101,1479,0.1388
1377,99,1476,0.1388
1383,99,1482,0.1388
1389,98,1487,0.1388
1383,95,1478,0.1388
1376,95,1471,0.1388
1377,93,1470,0.1388
1394,96,1490,0.1388
1390,96,1486,0.1388
1382,95,1477,0.1388
1372,96,1468,0.1388
1381,96,1477,0.1388
1383,97,1480,0.1388
1384,98,1482,0.1388
1394,102,1496,0.1388
1393,105,1498,0.1388
1386,107,1493,0.1388
1385,107,1492,0.1388
1369,107,1476,0.1388
1373,109,1482,0.1388
1375,107,1482,0.1388
1374,105,1479,0.1388
1378,100,1478,0.1388
1368,104,1472,0.1388
1379,106,1485,0.1388
1380,105,1485,0.1388
1382,102,1484,0.1388
1382,101,1483,0.1388
1391,110,1501,0.1388
1384,108,1492,0.1388
1390,107,1497,0.1388
1384,107,1491,0.1388
1378,107,1485,0.1388
1381,108,1489,0.1388
1383,110,1493,0.1388
1372,107,1479,0.1388
1378,105,1483,0.1388
1381,105,1486,0.1388
1384,107,1491,0.1388
1382,108,1490,0.1388
1384,110,1494,0.1388
1397,106,1503,0.1388
1405,107,1512,0.1388
1410,106,1516,0.1388
1396,109,1505,0.1388
1400,112,1512,0.1388
1387,114,1501,0.1388
1373,116,1489,0.1388
1381,119,1500,0.1388
1370,123,1493,0.1388
1369,122,1491,0.1388
1368,122,1490,0.1388
1368,120,1488,0.1388
1367,118,1485,0.1388
1368,121,1489,0.1388
1373,120,1493,0.1388
1377,123,1500,0.1388
1371,128,1499,0.1388
1365,129,1494,0.1388
1374,126,1500,0.1388
1381,120,1501,0.1388
1391,119,1510,0.1388
1390,120,1510,0.1388
1378,116,1494,0.1388
1372,118,1490,0.1388
1368,116,1484,0.1388
1373,118,1491,0.1388
1397,120,1517,0.1388
1394,121,1515,0.1388
1382,119,1501,0.1388
1391,119,1510,0.1388
1386,118,1504,0.1388
1387,117,1504,0.1388
1385,121,1506,0.1388
1396,121,1517,0.1388
1391,120,1511,0.1388
1390,118,1508,0.1388
1386,117,1503,0.1388
1374,116,1490,0.1388
1372,118,1490,0.1388
1363,123,1486,0.1388
1372,127,1499,0.1388
1372,128,1500,0.1388
1363,126,1489,0.1388
1355,128,1483,0.1388
1366,123,1489,0.1388
1377,126,1503,0.1388
1380,125,1505,0.1388
1374,127,1501,0.1388
1372,126,1498,0.1388
1369,127,1496,0.1388
1367,130,1497,0.1388
1368,128,1496,0.1388
1365,127,1492,0.1388
1376,125,1501,0.1388
1366,130,1496,0.1388
1368,131,1499,0.1388
1357,128,1485,0.1388
1364,135,1499,0.1388
1366,133,1499,0.1388
1375,137,1512,0.1388
1367,137,1504,0.1388
1368,136,1504,0.1388
1360,138,1498,0.1388
1356,138,1494,0.1388
1365,132,1497,0.1388
1380,135,1515,0.1388
1376,134,1510,0.1388
1362,133,1495,0.1388
1363,135,1498,0.1388
1359,135,1494,0.1388
1345,134,1479,0.1388
1345,133,1478,0.1388
1344,134,1478,0.1388
1344,136,1480,0.1388
1355,135,1490,0.1388
1360,132,1492,0.1388
1346,131,1477,0.1388
1352,132,1484,0.1388
1366,126,1492,0.1388
1368,127,1495,0.1388
1369,131,1500,0.1388
1369,131,1500,0.1388
1361,130,1491,0.1388
1376,132,1508,0.1388
1359,132,1491,0.1388
1361,132,1493,0.1388
1362,133,1495,0.1388
1363,134,1497,0.1388
1368,141,1509,0.1388
1370,141,1511,0.1388
1355,143,1498,0.1388
1359,147,1506,0.1388
1358,149,1507,0.1388
1358,148,1506,0.1388
1356,148,1504,0.1388
1344,150,1494,0.1388
1352,154,1506,0.1388
1345,153,1498,0.1388
1318,151,1469,0.1388
1323,153,1476,0.1388
1331,150,1481,0.1388
1327,148,1475,0.1388
1315,149,1464,0.1388
1326,148,1474,0.1388
1338,150,1488,0.1388
1350,150,1500,0.1388
1350,153,1503,0.1388
1357,149,1506,0.1388
1338,146,1484,0.1388
1343,151,1494,0.1388
1330,149,1479,0.1388
1333,148,1481,0.1388
1351,149,1500,0.1388
1330,152,1482,0.1388
1343,155,1498,0.1388
1335,153,1488,0.1388
1330,156,1486,0.1388
1318,159,1477,0.1388
1330,158,1488,0.1388
1346,157,1503,0.1388
1337,155,1492,0.1388
1332,155,1487,0.1388
1335,159,1494,0.1388
1334,166,1500,0.1388
1334,156,1490,0.1388
1317,158,1475,0.1388
1316,157,1473,0.1388
1309,156,1465,0.1388
1306,159,1465,0.1388
1318,158,1476,0.1388
1326,158,1484,0.1388
1321,165,1486,0.1388
1333,165,1498,0.1388
1329,166,1495,0.1388
1323,168,1491,0.1388
1320,165,1485,0.1388
1336,167,1503,0.1388
1321,168,1489,0.1388
1328,167,1495,0.1388
1324,166,1490,0.1388
1325,168,1493,0.1388
1321,169,1490,0.1388
1330,166,1496,0.1388
1317,169,1486,0.1388
1314,170,1484,0.1388
1328,168,1496,0.1388
1335,165,1500,0.1388
1338,169,1507,0.1388
1319,168,1487,0.1388
1317,166,1483,0.1388
1321,166,1487,0.1388
1334,165,1499,0.1388
1337,163,1500,0.1388
1348,161,1509,0.1388
1352,157,1509,0.1388
1353,163,1516,0.1388
1349,163,1512,0.1388
1357,162,1519,0.1388
1346,163,1509,0.1388
1338,162,1500,0.1388
1350,157,1507,0.1388
1346,156,1502,0.1388
1330,156,1486,0.1388
1329,155,1484,0.1388
1340,156,1496,0.1388
1338,157,1495,0.1388
1332,155,1487,0.1388
1340,158,1498,0.1388
1343,154,1497,0.1388
1334,157,1491,0.1388
1327,160,1487,0.1388
1322,160,1482,0.1388
1332,159,1491,0.1388
1336,158,1494,0.1388
1333,162,1495,0.1388
1339,164,1503,0.1388
1342,164,1506,0.1388
1334,165,1499,0.1388
1329,163,1492,0.1388
1324,157,1481,0.1388
1322,156,1478,0.1388
1316,159,1475,0.1388
1312,160,1472,0.1388
1307,158,1465,0.1388
1308,163,1471,0.1388
1332,164,1496,0.1388
1336,161,1497,0.1388
1327,162,1489,0.1388
1326,164,1490,0.1388
1317,172,1489,0.1388
1317,171,1488,0.1388
1319,167,1486,0.1388
1315,170,1485,0.1388
1320,172,1492,0.1388
1331,173,1504,0.1388
1321,172,1493,0.1388
1311,173,1484,0.1388
1316,169,1485,0.1388
1316,172,1488,0.1388
1315,172,1487,0.1388
1313,174,1487,0.1388
1329,173,1502,0.1388
1324,174,1498,0.1388
1316,172,1488,0.1388
1323,174,1497,0.1388
1322,174,1496,0.1388
1329,178,1507,0.1388
1323,181,1504,0.1388
1326,181,1507,0.1388
1324,178,1502,0.1388
1326,180,1506,0.1388
1326,180,1506,0.1388
1327,180,1507,0.1388
1323,180,1503,0.1388
1318,178,1496,0.1388
1324,177,1501,0.1388
1312,182,1494,0.1388
1315,186,1501,0.1388
1321,187,1508,0.1388
1306,192,1498,0.1388
1308,183,1491,0.1388
1309,185,1494,0.1388
1305,185,1490,0.1388
1314,185,1499,0.1388
1311,185,1496,0.1388
1306,187,1493,0.1388
1316,186,1502,0.1388
1311,182,1493,0.1388
1305,182,1487,0.1388
1307,184,1491,0.1388
1316,183,1499,0.1388
1318,185,1503,0.1388
1319,182,1501,0.1388
1305,180,1485,0.1388
1300,183,1483,0.1388
1301,178,1479,0.1388
1296,181,1477,0.1388
1303,183,1486,0.1388
1305,181,1486,0.1388
1311,184,1495,0.1388
1300,184,1484,0.1388
1300,181,1481,0.1388
1314,179,1493,0.1388
1313,180,1493,0.1388
1316,179,1495,0.1388
1320,176,1496,0.1388
1321,180,1501,0.1388
1318,178,1496,0.1388
1306,178,1484,0.1388
1305,180,1485,0.1388
1302,183,1485,0.1388
1314,188,1502,0.1388
1314,194,1508,0.1388
1300,191,1491,0.1388
1295,196,1491,0.1388
1299,197,1496,0.1388
1296,199,1495,0.1388
1300,195,1495,0.1388
1302,194,1496,0.1388
1298,193,1491,0.1388
1284,193,1477,0.1388
1302,195,1497,0.1388
1315,195,1510,0.1388
1313,190,1503,0.1388
1313,190,1503,0.1388
1317,193,1510,0.1388
1320,193,1513,0.1388
1317,196,1513,0.1388
1307,193,1500,0.1388
1305,196,1501,0.1388
1303,190,1493,0.1388
1293,188,1481,0.1388
1289,191,1480,0.1388
1286,200,1486,0.1388
1288,200,1488,0.1388
1299,197,1496,0.1388
1301,204,1505,0.1388
1295,204,1499,0.1388
1301,200,1501,0.1388
1308,203,1511,0.1388
1300,201,1501,0.1388
1296,203,1499,0.1388
1300,202,1502,0.1388
1299,199,1498,0.1388
1300,197,1497,0.1388
1305,201,1506,0.1388
1295,206,1501,0.1388
1299,199,1498,0.1388
1301,196,1497,0.1388
1302,194,1496,0.1388
1297,194,1491,0.1388
1294,194,1488,0.1388
1307,201,1508,0.1388
1312,205,1517,0.1388
1291,205,1496,0.1388
1296,208,1504,0.1388
1295,204,1499,0.1388
1301,202,1503,0.1388
1289,202,1491,0.1388
1277,202,1479,0.1388
1278,202,1480,0.1388
1269,198,1467,0.1388
1284,203,1487,0.1388
1277,205,1482,0.1388
1287,205,1492,0.1388
1284,210,1494,0.1388
1287,210,1497,0.1388
1275,207,1482,0.1388
1291,204,1495,0.1388
1282,210,1492,0.1388
1284,211,1495,0.1388
1296,213,1509,0.1388
1293,212,1505,0.1388
1282,212,1494,0.1388
1278,214,1492,0.1388
1273,215,1488,0.1388
1282,210,1492,0.1388
1278,207,1485,0.1388
1283,203,1486,0.1388
1281,211,1492,0.1388
1284,208,1492,0.1388
1279,208,1487,0.1388
1291,210,1501,0.1388
1304,211,1515,0.1388
1294,207,1501,0.1388
1284,210,1494,0.1388
1292,208,1500,0.1388
1293,214,1507,0.1388
1283,213,1496,0.1388
1272,204,1476,0.1388
1277,207,1484,0.1388
1273,208,1481,0.1388
1276,205,1481,0.1388
1280,208,1488,0.1388
1291,208,1499,0.1388
1299,209,1508,0.1388
1286,205,1491,0.1388
1288,202,1490,0.1388
1289,208,1497,0.1388
1296,209,1505,0.1388
1297,210,1507,0.1388
1306,205,1511,0.1388
1300,203,1503,0.1388
1293,202,1495,0.1388
1303,209,1512,0.1388
1302,211,1513,0.1388
1304,209,1513,0.1388
1299,206,1505,0.1388
1306,207,1513,0.1388
1304,206,1510,0.1388
1296,207,1503,0.1388
1297,208,1505,0.1388
1299,206,1505,0.1388
1298,210,1508,0.1388
1300,208,1508,0.1388
1292,206,1498,0.1388
1304,201,1505,0.1388
1297,206,1503,0.1388
1296,204,1500,0.1388
1310,205,1515,0.1388
1294,208,1502,0.1388
1299,206,1505,0.1388
1288,205,1493,0.1388
1292,204,1496,0.1388
1287,201,1488,0.1388
1275,204,1479,0.1388
1274,205,1479,0.1388
1279,206,1485,0.1388
1273,205,1478,0.1388
1279,200,1479,0.1388
1288,203,1491,0.1388
1291,202,1493,0.1388
1283,202,1485,0.1388
1284,201,1485,0.1388
1277,197,1474,0.1388
1283,206,1489,0.1388
1285,207,1492,0.1388
1283,207,1490,0.1388
1291,203,1494,0.1388
1291,203,1494,0.1388
1301,207,1508,0.1388
1309,209,1518,0.1388
1311,202,1513,0.1388
1304,202,1506,0.1388
1309,202,1511,0.1388
1309,199,1508,0.1388
1304,204,1508,0.1388
1295,205,1500,0.1388
1287,202,1489,0.1388
1291,199,1490,0.1388
1278,202,1480,0.1388
1279,208,1487,0.1388
1275,209,1484,0.1388
1277,210,1487,0.1388
1281,209,1490,0.1388
1272,208,1480,0.1388
1271,217,1488,0.1388
1272,216,1488,0.1388
1268,222,1490,0.1388
1265,220,1485,0.1388
1264,219,1483,0.1388
1276,222,1498,0.1388
1279,217,1496,0.1388
1263,218,1481,0.1388
1272,220,1492,0.1388
1276,224,1500,0.1388
1267,227,1494,0.1388
1279,220,1499,0.1388
1275,220,1495,0.1388
1276,218,1494,0.1388
1256,219,1475,0.1388
1264,215,1479,0.1388
1273,215,1488,0.1388
1281,210,1491,0.1388
1278,218,1496,0.1388
1280,218,1498,0.1388
1279,216,1495,0.1388
1291,216,1507,0.1388
1299,213,1512,0.1388
1295,215,1510,0.1388
1283,219,1502,0.1388
1285,223,1508,0.1388
1286,222,1508,0.1388
1287,224,1511,0.1388
1279,225,1504,0.1388
1273,227,1500,0.1388
1280,229,1509,0.1388
1281,229,1510,0.1388
1278,226,1504,0.1388
1276,225,1501,0.1388
1270,223,1493,0.1388
1256,219,1475,0.1388
1266,224,1490,0.1388
1271,225,1496,0.1388
1273,228,1501,0.1388
1267,231,1498,0.1388
1274,228,1502,0.1388
1278,228,1506,0.1388
1264,227,1491,0.1388
1261,229,1490,0.1388
1250,228,1478,0.1388
1237,229,1466,0.1388
1243,234,1477,0.1388
1247,226,1473,0.1388
1250,231,1481,0.1388
1255,228,1483,0.1388
1268,229,1497,0.1388
1269,232,1501,0.1388
1269,229,1498,0.1388
1267,228,1495,0.1388
1274,222,1496,0.1388
1277,219,1496,0.1388
1274,221,1495,0.1388
1274,233,1507,0.1388
1294,224,1518,0.1388
1289,224,1513,0.1388
1285,223,1508,0.1388
1273,225,1498,0.1388
1275,222,1497,0.1388
1277,228,1505,0.1388
1276,229,1505,0.1388
1272,232,1504,0.1388
1283,233,1516,0.1388
1281,236,1517,0.1388
1275,233,1508,0.1388
1270,236,1506,0.1388
1279,243,1522,0.1388
1267,241,1508,0.1388
1250,245,1495,0.1388
1243,249,1492,0.1388
1241,254,1495,0.1388
1261,253,1514,0.1388
1244,252,1496,0.1388
1258,252,1510,0.1388
1245,246,1491,0.1388
1248,254,1502,0.1388
1259,254,1513,0.1388
1252,253,1505,0.1388
1250,252,1502,0.1388
1247,255,1502,0.1388
1247,259,1506,0.1388
1232,260,1492,0.1388
1236,258,1494,0.1388
1235,261,1496,0.1388
1229,262,1491,0.1388
1229,264,1493,0.1388
1239,266,1505,0.1388
1240,264,1504,0.1388
1229,268,1497,0.1388
1221,266,1487,0.1388
1222,275,1497,0.1388
1230,277,1507,0.1388
1231,272,1503,0.1388
1229,269,1498,0.1388
1227,275,1502,0.1388
1234,274,1508,0.1388
1234,281,1515,0.1388
1235,280,1515,0.1388
1236,281,1517,0.1388
1233,283,1516,0.1388
1217,278,1495,0.1388
1214,285,1499,0.1388
1211,282,1493,0.1388
1211,280,1491,0.1388
1216,283,1499,0.1388
1205,289,1494,0.1388
1203,293,1496,0.1388
1200,299,1499,0.1388
1206,301,1507,0.1388
1203,302,1505,0.1388
1198,302,1500,0.1388
1198,303,1501,0.1388
1195,300,1495,0.1388
1191,307,1498,0.1388
1181,305,1486,0.1388
1188,312,1500,0.1388
1179,312,1491,0.1388
1175,311,1486,0.1388
1172,308,1480,0.1388
1176,310,1486,0.1388
1189,311,1500,0.1388
1187,307,1494,0.1388
1207,307,1514,0.1388
1197,312,1509,0.1388
1199,312,1511,0.1388
1194,309,1503,0.1388
1192,306,1498,0.1388
1194,308,1502,0.1388
1203,311,1514,0.1388
1205,315,1520,0.1388
1187,316,1503,0.1388
1183,321,1504,0.1388
1188,315,1503,0.1388
1199,314,1513,0.1388
1195,316,1511,0.1388
1193,315,1508,0.1388
1188,319,1507,0.1388
1188,322,1510,0.1388
1195,326,1521,0.1388
1188,327,1515,0.1388
1192,326,1518,0.1388
1174,325,1499,0.1388
1161,330,1491,0.1388
1170,330,1500,0.1388
1163,333,1496,0.1388
1165,339,1504,0.1388
1159,337,1496,0.1388
1161,336,1497,0.1388
1162,336,1498,0.1388
1162,331,1493,0.1388
1158,330,1488,0.1388
1147,337,1484,0.1388
1151,338,1489,0.1388
1160,342,1502,0.1388
1160,347,1507,0.1388
1146,352,1498,0.1388
1139,357,1496,0.1388
1134,360,1494,0.1388
1142,367,1509,0.1388
1141,362,1503,0.1388
1139,368,1507,0.1388
1137,366,1503,0.1388
1145,370,1515,0.1388
1141,365,1506,0.1388
1141,363,1504,0.1388
1152,362,1514,0.1388
1146,363,1509,0.1388
1134,366,1500,0.1388
1135,369,1504,0.1388
1133,364,1497,0.1388
1128,374,1502,0.1388
1136,377,1513,0.1388
1134,375,1509,0.1388
1133,374,1507,0.1388
1133,375,1508,0.1388
1133,374,1507,0.1388
1127,372,1499,0.1388
1117,381,1498,0.1388
1123,382,1505,0.1388
1110,377,1487,0.1388
1116,383,1499,0.1388
1125,382,1507,0.1388
1135,387,1522,0.1388
1138,387,1525,0.1388
1124,396,1520,0.1388
1128,381,1509,0.1388
1134,386,1520,0.1388
1133,383,1516,0.1388
1137,383,1520,0.1388
1141,387,1528,0.1388
1126,373,1499,0.1388
1114,372,1486,0.1388
1106,373,1479,0.1388
1121,374,1495,0.1388
1128,373,1501,0.1388
1137,376,1513,0.1388
1136,381,1517,0.1388
1131,378,1509,0.1388
1128,378,1506,0.1388
1110,377,1487,0.1388
1117,378,1495,0.1388
1126,371,1497,0.1388
1128,380,1508,0.1388
1133,374,1507,0.1388
1134,380,1514,0.1388
1134,378,1512,0.1388
1128,377,1505,0.1388
1125,378,1503,0.1388
1116,384,1500,0.1388
1108,390,1498,0.1388
1104,389,1493,0.1388
1093,391,1484,0.1388
1100,390,1490,0.1388
1105,389,1494,0.1388
1107,397,1504,0.1388
1097,391,1488,0.1388
1110,395,1505,0.1388
1111,394,1505,0.1388
1113,397,1510,0.1388
1110,401,1511,0.1388
1109,407,1516,0.1388
1107,410,1517,0.1388
1107,409,1516,0.1388
1104,402,1506,0.1388
1114,397,1511,0.1388
1106,401,1507,0.1388
1111,392,1503,0.1388
1096,399,1495,0.1388
1098,400,1498,0.1388
1096,408,1504,0.1388
1093,406,1499,0.1388
1090,408,1498,0.1388
1094,409,1503,0.1388
1092,413,1505,0.1388
1089,415,1504,0.1388
1080,409,1489,0.1388
1082,403,1485,0.1388
1075,411,1486,0.1388
1068,411,1479,0.1388
1066,414,1480,0.1388
1076,416,1492,0.1388
1075,426,1501,0.1388
1067,420,1487,0.1388
1069,422,1491,0.1388
1072,418,1490,0.1388
1072,417,1489,0.1388
1077,417,1494,0.1388
1081,421,1502,0.1388
1085,421,1506,0.1388
1086,422,1508,0.1388
1089,423,1512,0.1388
1081,420,1501,0.1388
1085,417,1502,0.1388
1092,420,1512,0.1388
1082,424,1506,0.1388
1078,426,1504,0.1388
1086,422,1508,0.1388
1078,421,1499,0.1388
1069,432,1501,0.1388
1067,427,1494,0.1388
1061,428,1489,0.1388
1055,436,1491,0.1388
1048,443,1491,0.1388
1050,448,1498,0.1388
1045,450,1495,0.1388
1051,458,1509,0.1388
1043,456,1499,0.1388
1034,456,1490,0.1388
1040,453,1493,0.1388
1043,450,1493,0.1388
1044,448,1492,0.1388
1037,455,1492,0.1388
1042,454,1496,0.1388
1056,455,1511,0.1388
1062,455,1517,0.1388
1061,451,1512,0.1388
1058,446,1504,0.1388
1057,449,1506,0.1388
1054,451,1505,0.1388
1052,456,1508,0.1388
1055,457,1512,0.1388
1045,461,1506,0.1388
1041,461,1502,0.1388
1043,462,1505,0.1388
1037,465,1502,0.1388
1028,461,1489,0.1388
1043,457,1500,0.1388
1040,449,1489,0.1388
1055,459,1514,0.1388
1061,459,1520,0.1388
1055,454,1509,0.1388
1049,462,1511,0.1388
1042,464,1506,0.1388
1038,460,1498,0.1388
1036,463,1499,0.1388
1023,471,1494,0.1388
1033,475,1508,0.1388
1040,468,1508,0.1388
1032,470,1502,0.1388
1038,474,1512,0.1388
1038,474,1512,0.1388
1025,476,1501,0.1388
1017,473,1490,0.1388
1010,477,1487,0.1388
1013,482,1495,0.1388
1005,479,1484,0.1388
1013,490,1503,0.1388
1014,488,1502,0.1388
1003,494,1497,0.1388
1007,492,1499,0.1388
1007,493,1500,0.1388
1005,496,1501,0.1388
1013,498,1511,0.1388
1019,501,1520,0.1388
1003,502,1505,0.1388
1007,505,1512,0.1388
1008,499,1507,0.1388
1004,491,1495,0.1388
1013,491,1504,0.1388
1017,493,1510,0.1388
1016,495,1511,0.1388
1012,506,1518,0.1388
1011,507,1518,0.1388
1012,509,1521,0.1388
1016,511,1527,0.1388
1014,506,1520,0.1388
1011,504,1515,0.1388
998,499,1497,0.1388
994,508,1502,0.1388
996,511,1507,0.1388
991,509,1500,0.1388
996,514,1510,0.1388
992,512,1504,0.1388
985,512,1497,0.1388
981,518,1499,0.1388
992,518,1510,0.1388
988,521,1509,0.1388
982,513,1495,0.1388
988,512,1500,0.1388
990,512,1502,0.1388
985,518,1503,0.1388
976,513,1489,0.1388
969,512,1481,0.1388
974,521,1495,0.1388
987,514,1501,0.1388
976,514,1490,0.1388
982,524,1506,0.1388
980,524,1504,0.1388
985,524,1509,0.1388
988,517,1505,0.1388
994,519,1513,0.1388
989,523,1512,0.1388
979,516,1495,0.1388
978,524,1502,0.1388
971,518,1489,0.1388
970,518,1488,0.1388
963,526,1489,0.1388
971,528,1499,0.1388
964,525,1489,0.1388
958,530,1488,0.1388
968,529,1497,0.1388
967,523,1490,0.1388
975,523,1498,0.1388
992,531,1523,0.1388
988,534,1522,0.1388
979,531,1510,0.1388
989,528,1517,0.1388
972,532,1504,0.1388
962,529,1491,0.1388
959,542,1501,0.1388
949,550,1499,0.1388
956,543,1499,0.1388
958,545,1503,0.1388
954,542,1496,0.1388
946,538,1484,0.1388
948,547,1495,0.1388
953,550,1503,0.1388
951,545,1496,0.1388
951,550,1501,0.1388
957,555,1512,0.1388
956,552,1508,0.1388
944,553,1497,0.1388
941,558,1499,0.1388
943,550,1493,0.1388
942,543,1485,0.1388
947,552,1499,0.1388
949,546,1495,0.1388
945,543,1488,0.1388
945,541,1486,0.1388
958,546,1504,0.1388
951,558,1509,0.1388
955,554,1509,0.1388
939,553,1492,0.1388
944,559,1503,0.1388
947,557,1504,0.1388
940,563,1503,0.1388
943,559,1502,0.1388
946,562,1508,0.1388
943,561,1504,0.1388
942,561,1503,0.1388
951,557,1508,0.1388
950,557,1507,0.1388
956,552,1508,0.1388
950,552,1502,0.1388
943,554,1497,0.1388
944,555,1499,0.1388
953,548,1501,0.1388
946,553,1499,0.1388
946,547,1493,0.1388
945,556,1501,0.1388
950,569,1519,0.1388
943,566,1509,0.1388
934,567,1501,0.1388
934,558,1492,0.1388
919,567,1486,0.1388
925,562,1487,0.1388
935,563,1498,0.1388
939,568,1507,0.1388
941,570,1511,0.1388
937,571,1508,0.1388
929,573,1502,0.1388
932,576,1508,0.1388
935,566,1501,0.1388
930,571,1501,0.1388
930,567,1497,0.1388
919,578,1497,0.1388
914,572,1486,0.1388
912,580,1492,0.1388
913,584,1497,0.1388
910,584,1494,0.1388
911,588,1499,0.1388
914,582,1496,0.1388
914,584,1498,0.1388
912,592,1504,0.1388
907,602,1509,0.1388
911,607,1518,0.1388
913,601,1514,0.1388
921,600,1521,0.1388
919,604,1523,0.1388
903,600,1503,0.1388
895,598,1493,0.1388
895,592,1487,0.1388
896,595,1491,0.1388
912,591,1503,0.1388
910,589,1499,0.1388
904,599,1503,0.1388
899,599,1498,0.1388
912,594,1506,0.1388
915,605,1520,0.1388
920,598,1518,0.1388
921,593,1514,0.1388
921,597,1518,0.1388
917,600,1517,0.1388
918,602,1520,0.1388
913,603,1516,0.1388
906,602,1508,0.1388
914,594,1508,0.1388
907,594,1501,0.1388
901,589,1490,0.1388
900,587,1487,0.1388
910,595,1505,0.1388
915,596,1511,0.1388
913,597,1510,0.1388
912,599,1511,0.1388
906,602,1508,0.1388
897,591,1488,0.1388
902,598,1500,0.1388
897,603,1500,0.1388
890,604,1494,0.1388
886,607,1493,0.1388
891,608,1499,0.1388
897,614,1511,0.1388
883,618,1501,0.1388
893,620,1513,0.1388
889,616,1505,0.1388
877,618,1495,0.1388
891,617,1508,0.1388
891,605,1496,0.1388
896,606,1502,0.1388
895,611,1506,0.1388
894,611,1505,0.1388
897,616,1513,0.1388
885,624,1509,0.1388
876,625,1501,0.1388
868,615,1483,0.1388
870,608,1478,0.1388
870,611,1481,0.1388
875,614,1489,0.1388
890,622,1512,0.1388
883,620,1503,0.1388
892,621,1513,0.1388
887,619,1506,0.1388
881,617,1498,0.1388
891,624,1515,0.1388
887,624,1511,0.1388
892,618,1510,0.1388
887,612,1499,0.1388
887,615,1502,0.1388
883,618,1501,0.1388
887,622,1509,0.1388
895,620,1515,0.1388
898,609,1507,0.1388
885,613,1498,0.1388
882,618,1500,0.1388
886,623,1509,0.1388
883,624,1507,0.1388
883,622,1505,0.1388
878,619,1497,0.1388
887,607,1494,0.1388
889,600,1489,0.1388
888,600,1488,0.1388
884,610,1494,0.1388
886,613,1499,0.1388
889,614,1503,0.1388
884,616,1500,0.1388
879,613,1492,0.1388
876,615,1491,0.1388
885,620,1505,0.1388
882,616,1498,0.1388
889,627,1516,0.1388
890,633,1523,0.1388
886,630,1516,0.1388
867,634,1501,0.1388
867,628,1495,0.1388
865,628,1493,0.1388
867,628,1495,0.1388
868,633,1501,0.1388
861,631,1492,0.1388
866,636,1502,0.1388
867,634,1501,0.1388
868,625,1493,0.1388
859,625,1484,0.1388
864,630,1494,0.1388
875,635,1510,0.1388
881,638,1519,0.1388
876,632,1508,0.1388
869,639,1508,0.1388
873,643,1516,0.1388
883,634,1517,0.1388
878,628,1506,0.1388
877,625,1502,0.1388
875,634,1509,0.1388
876,637,1513,0.1388
875,636,1511,0.1388
869,628,1497,0.1388
877,636,1513,0.1388
878,636,1514,0.1388
880,641,1521,0.1388
878,640,1518,0.1388
870,644,1514,0.1388
868,644,1512,0.1388
864,639,1503,0.1388
867,641,1508,0.1388
865,638,1503,0.1388
867,642,1509,0.1388
869,652,1521,0.1388
862,654,1516,0.1388
862,654,1516,0.1388
851,646,1497,0.1388
854,648,1502,0.1388
855,649,1504,0.1388
857,641,1498,0.1388
859,646,1505,0.1388
852,647,1499,0.1388
860,644,1504,0.1388
856,646,1502,0.1388
859,647,1506,0.1388
850,646,1496,0.1388
839,654,1493,0.1388
850,650,1500,0.1388
862,662,1524,0.1388
861,658,1519,0.1388
854,647,1501,0.1388
862,660,1522,0.1388
854,658,1512,0.1388
859,652,1511,0.1388
866,658,1524,0.1388
868,662,1530,0.1388
858,656,1514,0.1388
865,658,1523,0.1388
860,662,1522,0.1388
863,659,1522,0.1388
850,654,1504,0.1388
852,661,1513,0.1388
852,662,1514,0.1388
844,660,1504,0.1388
837,668,1505,0.1388
841,670,1511,0.1388
837,676,1513,0.1388
839,671,1510,0.1388
837,682,1519,0.1388
818,671,1489,0.1388
822,679,1501,0.1388
814,677,1491,0.1388
822,675,1497,0.1388
824,667,1491,0.1388
824,673,1497,0.1388
826,675,1501,0.1388
831,669,1500,0.1388
839,680,1519,0.1388
830,687,1517,0.1388
828,689,1517,0.1388
831,690,1521,0.1388
834,693,1527,0.1388
832,688,1520,0.1388
823,684,1507,0.1388
815,683,1498,0.1388
824,683,1507,0.1388
826,691,1517,0.1388
828,687,1515,0.1388
824,691,1515,0.1388
828,695,1523,0.1388
827,694,1521,0.1388
813,700,1513,0.1388
813,700,1513,0.1388
802,694,1496,0.1388
801,699,1500,0.1388
800,705,1505,0.1388
799,702,1501,0.1388
791,700,1491,0.1388
795,718,1513,0.1388
788,714,1502,0.1388
798,717,1515,0.1388
791,717,1508,0.1388
799,705,1504,0.1388
797,706,1503,0.1388
788,712,1500,0.1388
785,707,1492,0.1388
785,715,1500,0.1388
783,718,1501,0.1388
785,719,1504,0.1388
788,726,1514,0.1388
785,734,1519,0.1388
789,728,1517,0.1388
794,719,1513,0.1388
784,720,1504,0.1388
789,728,1517,0.1388
789,733,1522,0.1388
795,728,1523,0.1388
794,723,1517,0.1388
798,726,1524,0.1388
798,729,1527,0.1388
789,724,1513,0.1388
788,721,1509,0.1388
784,719,1503,0.1388
783,722,1505,0.1388
784,725,1509,0.1388
785,733,1518,0.1388
784,724,1508,0.1388
787,724,1511,0.1388
782,722,1504,0.1388
779,734,1513,0.1388
773,728,1501,0.1388
773,737,1510,0.1388
774,732,1506,0.1388
778,735,1513,0.1388
774,735,1509,0.1388
769,727,1496,0.1388
773,737,1510,0.1388
773,743,1516,0.1388
779,735,1514,0.1388
778,736,1514,0.1388
774,733,1507,0.1388
763,729,1492,0.1388
760,727,1487,0.1388
763,742,1505,0.1388
769,736,1505,0.1388
772,736,1508,0.1388
774,735,1509,0.1388
771,733,1504,0.1388
771,742,1513,0.1388
766,744,1510,0.1388
761,737,1498,0.1388
761,734,1495,0.1388
756,735,1491,0.1388
759,747,1506,0.1388
761,755,1516,0.1388
764,756,1520,0.1388
763,756,1519,0.1388
764,747,1511,0.1388
768,748,1516,0.1388
767,749,1516,0.1388
766,752,1518,0.1388
764,748,1512,0.1388
763,748,1511,0.1388
758,736,1494,0.1388
761,734,1495,0.1388
760,748,1508,0.1388
754,757,1511,0.1388
753,756,1509,0.1388
744,764,1508,0.1388
761,760,1521,0.1388
752,752,1504,0.1388
745,751,1496,0.1388
747,762,1509,0.1388
738,759,1497,0.1388
733,758,1491,0.1388
737,767,1504,0.1388
744,775,1519,0.1388
734,771,1505,0.1388
739,777,1516,0.1388
740,774,1514,0.1388
746,781,1527,0.1388
743,772,1515,0.1388
744,774,1518,0.1388
734,779,1513,0.1388
730,779,1509,0.1388
722,780,1502,0.1388
727,789,1516,0.1388
733,786,1519,0.1388
729,795,1524,0.1388
718,786,1504,0.1388
722,780,1502,0.1388
724,768,1492,0.1388
723,777,1500,0.1388
730,780,1510,0.1388
727,778,1505,0.1388
720,789,1509,0.1388
711,791,1502,0.1388
716,798,1514,0.1388
720,793,1513,0.1388
721,794,1515,0.1388
711,786,1497,0.1388
718,798,1516,0.1388
721,804,1525,0.1388
717,801,1518,0.1388
720,803,1523,0.1388
712,794,1506,0.1388
713,791,1504,0.1388
714,783,1497,0.1388
703,790,1493,0.1388
701,795,1496,0.1388
698,803,1501,0.1388
695,785,1480,0.1388
699,798,1497,0.1388
698,795,1493,0.1388
711,807,1518,0.1388
707,806,1513,0.1388
702,811,1513,0.1388
701,807,1508,0.1388
697,814,1511,0.1388
700,810,1510,0.1388
703,812,1515,0.1388
700,815,1515,0.1388
699,820,1519,0.1388
685,815,1500,0.1388
684,822,1506,0.1388
684,818,1502,0.1388
678,807,1485,0.1388
680,808,1488,0.1388
678,812,1490,0.1388
682,809,1491,0.1388
685,810,1495,0.1388
687,811,1498,0.1388
684,826,1510,0.1388
684,837,1521,0.1388
683,831,1514,0.1388
676,821,1497,0.1388
693,823,1516,0.1388
687,821,1508,0.1388
695,822,1517,0.1388
689,818,1507,0.1388
685,823,1508,0.1388
682,827,1509,0.1388
669,820,1489,0.1388
663,827,1490,0.1388
669,843,1512,0.1388
676,830,1506,0.1388
671,823,1494,0.1388
667,835,1502,0.1388
674,838,1512,0.1388
662,833,1495,0.1388
664,833,1497,0.1388
668,833,1501,0.1388
665,833,1498,0.1388
673,837,1510,0.1388
672,822,1494,0.1388
671,832,1503,0.1388
667,834,1501,0.1388
660,833,1493,0.1388
659,842,1501,0.1388
657,848,1505,0.1388
658,841,1499,0.1388
658,840,1498,0.1388
651,841,1492,0.1388
654,850,1504,0.1388
650,844,1494,0.1388
653,848,1501,0.1388
651,849,1500,0.1388
653,854,1507,0.1388
650,848,1498,0.1388
660,857,1517,0.1388
658,858,1516,0.1388
647,862,1509,0.1388
647,863,1510,0.1388
646,861,1507,0.1388
649,856,1505,0.1388
649,861,1510,0.1388
642,861,1503,0.1388
647,862,1509,0.1388
645,855,1500,0.1388
654,855,1509,0.1388
661,846,1507,0.1388
667,842,1509,0.1388
664,853,1517,0.1388
654,849,1503,0.1388
655,848,1503,0.1388
644,858,1502,0.1388
650,861,1511,0.1388
658,863,1521,0.1388
653,861,1514,0.1388
648,862,1510,0.1388
654,864,1518,0.1388
646,863,1509,0.1388
642,868,1510,0.1388
646,860,1506,0.1388
641,865,1506,0.1388
651,862,1513,0.1388
649,851,1500,0.1388
646,853,1499,0.1388
650,859,1509,0.1388
645,859,1504,0.1388
650,864,1514,0.1388
642,871,1513,0.1388
642,865,1507,0.1388
646,866,1512,0.1388
639,865,1504,0.1388
635,860,1495,0.1388
645,869,1514,0.1388
646,876,1522,0.1388
650,869,1519,0.1388
651,869,1520,0.1388
649,876,1525,0.1388
653,873,1526,0.1388
647,870,1517,0.1388
647,860,1507,0.1388
643,865,1508,0.1388
645,862,1507,0.1388
642,866,1508,0.1388
648,867,1515,0.1388
650,870,1520,0.1388
644,864,1508,0.1388
647,857,1504,0.1388
652,859,1511,0.1388
655,863,1518,0.1388
651,861,1512,0.1388
653,865,1518,0.1388
653,850,1503,0.1388
648,847,1495,0.1388
650,847,1497,0.1388
643,844,1487,0.1388
637,849,1486,0.1388
642,855,1497,0.1388
638,865,1503,0.1388
637,865,1502,0.1388
634,863,1497,0.1388
633,872,1505,0.1388
638,870,1508,0.1388
636,873,1509,0.1388
631,882,1513,0.1388
622,876,1498,0.1388
631,888,1519,0.1388
628,882,1510,0.1388
625,879,1504,0.1388
628,882,1510,0.1388
628,900,1528,0.1388
618,895,1513,0.1388
609,895,1504,0.1388
616,893,1509,0.1388
622,893,1515,0.1388
625,890,1515,0.1388
624,883,1507,0.1388
619,886,1505,0.1388
622,884,1506,0.1388
609,890,1499,0.1388
603,883,1486,0.1388
609,887,1496,0.1388
605,893,1498,0.1388
612,890,1502,0.1388
607,897,1504,0.1388
606,890,1496,0.1388
601,893,1494,0.1388
604,909,1513,0.1388
607,908,1515,0.1388
599,899,1498,0.1388
600,908,1508,0.1388
595,914,1509,0.1388
598,903,1501,0.1388
594,916,1510,0.1388
588,926,1514,0.1388
587,927,1514,0.1388
585,924,1509,0.1388
581,925,1506,0.1388
590,918,1508,0.1388
596,918,1514,0.1388
592,909,1501,0.1388
596,919,1515,0.1388
590,911,1501,0.1388
595,914,1509,0.1388
601,911,1512,0.1388
600,908,1508,0.1388
603,902,1505,0.1388
610,907,1517,0.1388
613,907,1520,0.1388
604,906,1510,0.1388
606,891,1497,0.1388
599,896,1495,0.1388
617,896,1513,0.1388
614,905,1519,0.1388
612,913,1525,0.1388
610,915,1525,0.1388
607,908,1515,0.1388
604,904,1508,0.1388
612,914,1526,0.1388
616,909,1525,0.1388
612,906,1518,0.1388
609,918,1527,0.1388
608,925,1533,0.1388
601,929,1530,0.1388
604,920,1524,0.1388
602,925,1527,0.1388
601,912,1513,0.1388
597,905,1502,0.1388
596,905,1501,0.1388
596,907,1503,0.1388
601,912,1513,0.1388
600,905,1505,0.1388
598,897,1495,0.1388
599,896,1495,0.1388
595,894,1489,0.1388
592,899,1491,0.1388
591,903,1494,0.1388
585,903,1488,0.1388
589,914,1503,0.1388
590,925,1515,0.1388
589,928,1517,0.1388
586,923,1509,0.1388
581,924,1505,0.1388
585,932,1517,0.1388
586,920,1506,0.1388
587,921,1508,0.1388
585,922,1507,0.1388
586,930,1516,0.1388
579,939,1518,0.1388
577,920,1497,0.1388
572,921,1493,0.1388
567,918,1485,0.1388
574,930,1504,0.1388
576,935,1511,0.1388
579,927,1506,0.1388
583,933,1516,0.1388
585,938,1523,0.1388
585,931,1516,0.1388
584,934,1518,0.1388
579,931,1510,0.1388
576,928,1504,0.1388
568,921,1489,0.1388
566,927,1493,0.1388
569,939,1508,0.1388
564,940,1504,0.1388
554,944,1498,0.1388
555,950,1505,0.1388
550,945,1495,0.1388
561,952,1513,0.1388
558,948,1506,0.1388
553,939,1492,0.1388
551,943,1494,0.1388
551,949,1500,0.1388
541,956,1497,0.1388
546,960,1506,0.1388
540,954,1494,0.1388
547,957,1504,0.1388
552,959,1511,0.1388
554,944,1498,0.1388
554,945,1499,0.1388
554,945,1499,0.1388
553,960,1513,0.1388
552,960,1512,0.1388
548,969,1517,0.1388
548,958,1506,0.1388
547,968,1515,0.1388
542,976,1518,0.1388
540,969,1509,0.1388
541,970,1511,0.1388
539,972,1511,0.1388
539,977,1516,0.1388
542,976,1518,0.1388
542,975,1517,0.1388
548,974,1522,0.1388
544,966,1510,0.1388
544,963,1507,0.1388
551,966,1517,0.1388
547,976,1523,0.1388
535,978,1513,0.1388
536,969,1505,0.1388
544,971,1515,0.1388
542,976,1518,0.1388
543,971,1514,0.1388
535,964,1499,0.1388
537,973,1510,0.1388
535,974,1509,0.1388
538,973,1511,0.1388
545,968,1513,0.1388
552,968,1520,0.1388
553,969,1522,0.1388
548,962,1510,0.1388
539,968,1507,0.1388
539,981,1520,0.1388
537,981,1518,0.1388
531,982,1513,0.1388
528,980,1508,0.1388
521,983,1504,0.1388
524,988,1512,0.1388
523,987,1510,0.1388
521,971,1492,0.1388
515,978,1493,0.1388
514,988,1502,0.1388
512,989,1501,0.1388
507,999,1506,0.1388
513,1002,1515,0.1388
504,1006,1510,0.1388
504,1016,1520,0.1388
496,1022,1518,0.1388
502,1026,1528,0.1388
506,1017,1523,0.1388
501,1005,1506,0.1388
493,1004,1497,0.1388
495,1015,1510,0.1388
497,1011,1508,0.1388
495,1015,1510,0.1388
490,1014,1504,0.1388
487,1027,1514,0.1388
481,1029,1510,0.1388
469,1034,1503,0.1388
463,1025,1488,0.1388
461,1033,1494,0.1388
466,1026,1492,0.1388
453,1026,1479,0.1388
465,1014,1479,0.1388
469,1021,1490,0.1388
470,1037,1507,0.1388
470,1035,1505,0.1388
468,1036,1504,0.1388
464,1039,1503,0.1388
459,1026,1485,0.1388
463,1022,1485,0.1388
468,1032,1500,0.1388
465,1034,1499,0.1388
468,1053,1521,0.1388
463,1048,1511,0.1388
469,1052,1521,0.1388
464,1043,1507,0.1388
452,1046,1498,0.1388
453,1045,1498,0.1388
451,1049,1500,0.1388
454,1056,1510,0.1388
457,1050,1507,0.1388
463,1042,1505,0.1388
464,1040,1504,0.1388
468,1053,1521,0.1388
469,1054,1523,0.1388
463,1048,1511,0.1388
463,1043,1506,0.1388
464,1060,1524,0.1388
459,1062,1521,0.1388
459,1067,1526,0.1388
457,1047,1504,0.1388
455,1051,1506,0.1388
460,1049,1509,0.1388
462,1058,1520,0.1388
455,1059,1514,0.1388
442,1056,1498,0.1388
444,1056,1500,0.1388
444,1044,1488,0.1388
443,1061,1504,0.1388
441,1054,1495,0.1388
439,1056,1495,0.1388
438,1062,1500,0.1388
446,1084,1530,0.1388
446,1078,1524,0.1388
442,1077,1519,0.1388
436,1065,1501,0.1388
431,1072,1503,0.1388
429,1087,1516,0.1388
429,1081,1510,0.1388
434,1087,1521,0.1388
432,1090,1522,0.1388
434,1087,1521,0.1388
435,1089,1524,0.1388
429,1079,1508,0.1388
422,1081,1503,0.1388
422,1073,1495,0.1388
424,1080,1504,0.1388
415,1083,1498,0.1388
421,1083,1504,0.1388
421,1092,1513,0.1388
417,1086,1503,0.1388
420,1096,1516,0.1388
412,1089,1501,0.1388
414,1100,1514,0.1388
414,1100,1514,0.1388
414,1099,1513,0.1388
414,1090,1504,0.1388
412,1094,1506,0.1388
415,1091,1506,0.1388
416,1092,1508,0.1388
419,1095,1514,0.1388
417,1099,1516,0.1388
413,1104,1517,0.1388
415,1108,1523,0.1388
414,1102,1516,0.1388
413,1098,1511,0.1388
404,1105,1509,0.1388
400,1116,1516,0.1388
399,1113,1512,0.1388
396,1118,1514,0.1388
393,1117,1510,0.1388
395,1118,1513,0.1388
397,1132,1529,0.1388
393,1133,1526,0.1388
391,1123,1514,0.1388
397,1127,1524,0.1388
400,1129,1529,0.1388
392,1121,1513,0.1388
394,1119,1513,0.1388
391,1117,1508,0.1388
392,1117,1509,0.1388
399,1103,1502,0.1388
393,1108,1501,0.1388
386,1118,1504,0.1388
387,1127,1514,0.1388
386,1114,1500,0.1388
376,1122,1498,0.1388
381,1127,1508,0.1388
377,1127,1504,0.1388
381,1124,1505,0.1388
376,1134,1510,0.1388
372,1132,1504,0.1388
370,1135,1505,0.1388
372,1138,1510,0.1388
377,1151,1528,0.1388
366,1151,1517,0.1388
370,1153,1523,0.1388
363,1148,1511,0.1388
365,1155,1520,0.1388
359,1151,1510,0.1388
353,1161,1514,0.1388
360,1150,1510,0.1388
359,1147,1506,0.1388
360,1149,1509,0.1388
356,1155,1511,0.1388
356,1156,1512,0.1388
356,1157,1513,0.1388
363,1156,1519,0.1388
364,1164,1528,0.1388
366,1158,1524,0.1388
363,1148,1511,0.1388
369,1147,1516,0.1388
366,1143,1509,0.1388
361,1148,1509,0.1388
365,1151,1516,0.1388
367,1160,1527,0.1388
370,1153,1523,0.1388
370,1160,1530,0.1388
363,1165,1528,0.1388
360,1163,1523,0.1388
360,1164,1524,0.1388
364,1165,1529,0.1388
366,1169,1535,0.1388
365,1168,1533,0.1388
362,1170,1532,0.1388
360,1172,1532,0.1388
362,1163,1525,0.1388
365,1169,1534,0.1388
363,1157,1520,0.1388
365,1156,1521,0.1388
357,1155,1512,0.1388
354,1158,1512,0.1388
358,1164,1522,0.1388
357,1155,1512,0.1388
358,1151,1509,0.1388
356,1144,1500,0.1388
354,1162,1516,0.1388
352,1156,1508,0.1388
348,1149,1497,0.1388
344,1144,1488,0.1388
353,1151,1504,0.1388
355,1171,1526,0.1388
351,1174,1525,0.1388
355,1172,1527,0.1388
351,1154,1505,0.1388
354,1157,1511,0.1388
356,1167,1523,0.1388
348,1166,1514,0.1388
352,1166,1518,0.1388
349,1168,1517,0.1388
354,1160,1514,0.1388
353,1160,1513,0.1388
345,1159,1504,0.1388
338,1161,1499,0.1388
338,1160,1498,0.1388
342,1156,1498,0.1388
343,1159,1502,0.1388
345,1158,1503,0.1388
342,1167,1509,0.1388
347,1170,1517,0.1388
348,1166,1514,0.1388
342,1158,1500,0.1388
352,1153,1505,0.1388
348,1156,1504,0.1388
344,1155,1499,0.1388
341,1157,1498,0.1388
343,1163,1506,0.1388
345,1165,1510,0.1388
352,1168,1520,0.1388
343,1175,1518,0.1388
345,1182,1527,0.1388
348,1170,1518,0.1388
351,1172,1523,0.1388
346,1167,1513,0.1388
341,1170,1511,0.1388
344,1160,1504,0.1388
340,1169,1509,0.1388
334,1180,1514,0.1388
335,1175,1510,0.1388
332,1173,1505,0.1388
324,1173,1497,0.1388
321,1181,1502,0.1388
318,1176,1494,0.1388
315,1193,1508,0.1388
315,1197,1512,0.1388
315,1206,1521,0.1388
323,1205,1528,0.1388
321,1206,1527,0.1388
311,1197,1508,0.1388
317,1194,1511,0.1388
322,1191,1513,0.1388
317,1182,1499,0.1388
320,1182,1502,0.1388
329,1193,1522,0.1388
329,1199,1528,0.1388
326,1190,1516,0.1388
322,1187,1509,0.1388
316,1197,1513,0.1388
317,1192,1509,0.1388
319,1205,1524,0.1388
319,1201,1520,0.1388
316,1195,1511,0.1388
314,1186,1500,0.1388
320,1196,1516,0.1388
319,1195,1514,0.1388
321,1184,1505,0.1388
318,1198,1516,0.1388
314,1197,1511,0.1388
313,1199,1512,0.1388
308,1202,1510,0.1388
308,1210,1518,0.1388
306,1206,1512,0.1388
307,1214,1521,0.1388
316,1192,1508,0.1388
314,1202,1516,0.1388
315,1210,1525,0.1388
312,1199,1511,0.1388
314,1202,1516,0.1388
305,1211,1516,0.1388
306,1215,1521,0.1388
303,1222,1525,0.1388
298,1219,1517,0.1388
299,1218,1517,0.1388
296,1208,1504,0.1388
294,1217,1511,0.1388
287,1215,1502,0.1388
285,1218,1503,0.1388
287,1224,1511,0.1388
290,1232,1522,0.1388
285,1224,1509,0.1388
285,1230,1515,0.1388
280,1228,1508,0.1388
276,1218,1494,0.1388
270,1229,1499,0.1388
277,1213,1490,0.1388
281,1213,1494,0.1388
281,1225,1506,0.1388
281,1228,1509,0.1388
280,1224,1504,0.1388
282,1221,1503,0.1388
283,1229,1512,0.1388
285,1230,1515,0.1388
286,1226,1512,0.1388
278,1228,1506,0.1388
282,1228,1510,0.1388
279,1240,1519,0.1388
278,1237,1515,0.1388
281,1236,1517,0.1388
276,1246,1522,0.1388
276,1239,1515,0.1388
274,1238,1512,0.1388
269,1244,1513,0.1388
266,1243,1509,0.1388
265,1250,1515,0.1388
267,1243,1510,0.1388
268,1247,1515,0.1388
269,1232,1501,0.1388
273,1235,1508,0.1388
271,1237,1508,0.1388
268,1244,1512,0.1388
265,1248,1513,0.1388
263,1235,1498,0.1388
262,1241,1503,0.1388
264,1249,1513,0.1388
267,1245,1512,0.1388
270,1249,1519,0.1388
271,1243,1514,0.1388
275,1243,1518,0.1388
275,1249,1524,0.1388
274,1245,1519,0.1388
273,1247,1520,0.1388
270,1244,1514,0.1388
268,1242,1510,0.1388
258,1245,1503,0.1388
259,1237,1496,0.1388
259,1247,1506,0.1388
256,1250,1506,0.1388
259,1258,1517,0.1388
258,1252,1510,0.1388
258,1244,1502,0.1388
260,1251,1511,0.1388
264,1258,1522,0.1388
262,1264,1526,0.1388
261,1263,1524,0.1388
266,1249,1515,0.1388
263,1244,1507,0.1388
264,1237,1501,0.1388
263,1246,1509,0.1388
258,1256,1514,0.1388
258,1259,1517,0.1388
253,1267,1520,0.1388
254,1266,1520,0.1388
255,1261,1516,0.1388
248,1271,1519,0.1388
245,1273,1518,0.1388
245,1269,1514,0.1388
251,1258,1509,0.1388
252,1269,1521,0.1388
248,1250,1498,0.1388
247,1253,1500,0.1388
248,1260,1508,0.1388
247,1267,1514,0.1388
251,1265,1516,0.1388
252,1269,1521,0.1388
256,1267,1523,0.1388
255,1265,1520,0.1388
255,1267,1522,0.1388
257,1262,1519,0.1388
253,1266,1519,0.1388
257,1255,1512,0.1388
255,1254,1509,0.1388
255,1257,1512,0.1388
258,1258,1516,0.1388
261,1263,1524,0.1388
263,1253,1516,0.1388
262,1247,1509,0.1388
261,1255,1516,0.1388
261,1250,1511,0.1388
262,1250,1512,0.1388
258,1249,1507,0.1388
260,1247,1507,0.1388
261,1260,1521,0.1388
262,1265,1527,0.1388
257,1269,1526,0.1388
257,1263,1520,0.1388
261,1261,1522,0.1388
256,1262,1518,0.1388
255,1262,1517,0.1388
249,1244,1493,0.1388
253,1247,1500,0.1388
258,1248,1506,0.1388
258,1250,1508,0.1388
263,1252,1515,0.1388
265,1250,1515,0.1388
271,1248,1519,0.1388
267,1245,1512,0.1388
266,1241,1507,0.1388
266,1236,1502,0.1388
271,1246,1517,0.1388
277,1229,1506,0.1388
278,1229,1507,0.1388
277,1239,1516,0.1388
271,1250,1521,0.1388
271,1244,1515,0.1388
271,1238,1509,0.1388
276,1237,1513,0.1388
273,1231,1504,0.1388
274,1231,1505,0.1388
271,1234,1505,0.1388
273,1232,1505,0.1388
274,1232,1506,0.1388
277,1227,1504,0.1388
281,1224,1505,0.1388
274,1231,1505,0.1388
274,1238,1512,0.1388
274,1235,1509,0.1388
276,1243,1519,0.1388
282,1225,1507,0.1388
283,1225,1508,0.1388
284,1234,1518,0.1388
274,1245,1519,0.1388
267,1254,1521,0.1388
264,1253,1517,0.1388
264,1249,1513,0.1388
263,1257,1520,0.1388
260,1255,1515,0.1388
262,1254,1516,0.1388
255,1260,1515,0.1388
261,1256,1517,0.1388
258,1255,1513,0.1388
260,1255,1515,0.1388
260,1261,1521,0.1388
259,1252,1511,0.1388
256,1247,1503,0.1388
254,1263,1517,0.1388
256,1271,1527,0.1388
258,1265,1523,0.1388
261,1254,1515,0.1388
262,1260,1522,0.1388
262,1270,1532,0.1388
264,1265,1529,0.1388
263,1261,1524,0.1388
267,1258,1525,0.1388
266,1255,1521,0.1388
262,1249,1511,0.1388
258,1234,1492,0.1388
257,1257,1514,0.1388
252,1264,1516,0.1388
252,1273,1525,0.1388
252,1265,1517,0.1388
255,1266,1521,0.1388
251,1257,1508,0.1388
252,1258,1510,0.1388
244,1268,1512,0.1388
245,1264,1509,0.1388
246,1277,1523,0.1388
248,1280,1528,0.1388
250,1275,1525,0.1388
244,1275,1519,0.1388
244,1273,1517,0.1388
243,1273,1516,0.1388
239,1264,1503,0.1388
241,1268,1509,0.1388
236,1262,1498,0.1388
229,1276,1505,0.1388
229,1283,1512,0.1388
231,1287,1518,0.1388
234,1277,1511,0.1388
231,1275,1506,0.1388
225,1290,1515,0.1388
225,1295,1520,0.1388
229,1300,1529,0.1388
224,1297,1521,0.1388
226,1302,1528,0.1388
222,1302,1524,0.1388
226,1303,1529,0.1388
228,1292,1520,0.1388
227,1285,1512,0.1388
220,1276,1496,0.1388
220,1276,1496,0.1388
223,1295,1518,0.1388
224,1298,1522,0.1388
227,1299,1526,0.1388
224,1306,1530,0.1388
224,1306,1530,0.1388
224,1302,1526,0.1388
228,1289,1517,0.1388
227,1298,1525,0.1388
230,1299,1529,0.1388
228,1302,1530,0.1388
225,1304,1529,0.1388
230,1300,1530,0.1388
230,1305,1535,0.1388
234,1297,1531,0.1388
229,1294,1523,0.1388
233,1289,1522,0.1388
230,1293,1523,0.1388
231,1301,1532,0.1388
232,1287,1519,0.1388
226,1286,1512,0.1388
225,1291,1516,0.1388
226,1276,1502,0.1388
224,1288,1512,0.1388
226,1274,1500,0.1388
224,1285,1509,0.1388
227,1290,1517,0.1388
228,1303,1531,0.1388
225,1287,1512,0.1388
219,1298,1517,0.1388
221,1305,1526,0.1388
223,1300,1523,0.1388
226,1289,1515,0.1388
227,1295,1522,0.1388
226,1296,1522,0.1388
224,1297,1521,0.1388
225,1306,1531,0.1388
226,1286,1512,0.1388
226,1276,1502,0.1388
227,1279,1506,0.1388
227,1289,1516,0.1388
223,1289,1512,0.1388
225,1289,1514,0.1388
225,1277,1502,0.1388
226,1286,1512,0.1388
225,1299,1524,0.1388
230,1299,1529,0.1388
233,1299,1532,0.1388
232,1297,1529,0.1388
229,1304,1533,0.1388
227,1286,1513,0.1388
225,1292,1517,0.1388
225,1283,1508,0.1388
228,1301,1529,0.1388
224,1296,1520,0.1388
219,1292,1511,0.1388
214,1295,1509,0.1388
219,1299,1518,0.1388
216,1285,1501,0.1388
213,1287,1500,0.1388
214,1284,1498,0.1388
220,1287,1507,0.1388
218,1288,1506,0.1388
214,1295,1509,0.1388
222,1290,1512,0.1388
220,1293,1513,0.1388
223,1297,1520,0.1388
223,1294,1517,0.1388
224,1289,1513,0.1388
228,1288,1516,0.1388
224,1279,1503,0.1388
222,1292,1514,0.1388
226,1286,1512,0.1388
226,1291,1517,0.1388
229,1299,1528,0.1388
229,1290,1519,0.1388
224,1289,1513,0.1388
223,1287,1510,0.1388
224,1276,1500,0.1388
224,1272,1496,0.1388
224,1273,1497,0.1388
221,1283,1504,0.1388
221,1291,1512,0.1388
223,1291,1514,0.1388
224,1286,1510,0.1388
224,1285,1509,0.1388
224,1281,1505,0.1388
221,1284,1505,0.1388
221,1285,1506,0.1388
221,1295,1516,0.1388
218,1299,1517,0.1388
222,1305,1527,0.1388
219,1307,1526,0.1388
218,1306,1524,0.1388
222,1290,1512,0.1388
221,1286,1507,0.1388
219,1303,1522,0.1388
215,1310,1525,0.1388
213,1309,1522,0.1388
209,1302,1511,0.1388
209,1307,1516,0.1388
205,1310,1515,0.1388
208,1300,1508,0.1388
209,1299,1508,0.1388
209,1297,1506,0.1388
209,1296,1505,0.1388
209,1295,1504,0.1388
213,1290,1503,0.1388
211,1282,1493,0.1388
209,1286,1495,0.1388
214,1278,1492,0.1388
218,1278,1496,0.1388
219,1289,1508,0.1388
218,1288,1506,0.1388
217,1297,1514,0.1388
221,1297,1518,0.1388
221,1292,1513,0.1388
222,1296,1518,0.1388
225,1298,1523,0.1388
222,1284,1506,0.1388
226,1288,1514,0.1388
227,1281,1508,0.1388
230,1276,1506,0.1388
228,1284,1512,0.1388
229,1274,1503,0.1388
225,1279,1504,0.1388
226,1285,1511,0.1388
222,1305,1527,0.1388
225,1305,1530,0.1388
226,1300,1526,0.1388
222,1286,1508,0.1388
221,1295,1516,0.1388
216,1298,1514,0.1388
213,1297,1510,0.1388
219,1302,1521,0.1388
215,1304,1519,0.1388
212,1320,1532,0.1388
211,1318,1529,0.1388
210,1307,1517,0.1388
206,1319,1525,0.1388
203,1314,1517,0.1388
205,1308,1513,0.1388
208,1312,1520,0.1388
209,1306,1515,0.1388
206,1297,1503,0.1388
200,1303,1503,0.1388
201,1308,1509,0.1388
198,1306,1504,0.1388
198,1305,1503,0.1388
198,1304,1502,0.1388
192,1317,1509,0.1388
194,1314,1508,0.1388
196,1316,1512,0.1388
194,1323,1517,0.1388
192,1318,1510,0.1388
193,1314,1507,0.1388
189,1327,1516,0.1388
192,1325,1517,0.1388
190,1329,1519,0.1388
188,1334,1522,0.1388
185,1326,1511,0.1388
185,1319,1504,0.1388
187,1331,1518,0.1388
190,1321,1511,0.1388
187,1329,1516,0.1388
188,1332,1520,0.1388
190,1326,1516,0.1388
195,1324,1519,0.1388
192,1318,1510,0.1388
189,1310,1499,0.1388
187,1322,1509,0.1388
186,1320,1506,0.1388
192,1325,1517,0.1388
193,1312,1505,0.1388
188,1321,1509,0.1388
182,1315,1497,0.1388
182,1317,1499,0.1388
185,1310,1495,0.1388
188,1324,1512,0.1388
190,1320,1510,0.1388
183,1335,1518,0.1388
179,1330,1509,0.1388
180,1325,1505,0.1388
183,1335,1518,0.1388
185,1333,1518,0.1388
182,1341,1523,0.1388
181,1341,1522,0.1388
178,1347,1525,0.1388
180,1335,1515,0.1388
181,1343,1524,0.1388
179,1335,1514,0.1388
181,1339,1520,0.1388
179,1331,1510,0.1388
183,1328,1511,0.1388
183,1315,1498,0.1388
183,1318,1501,0.1388
187,1324,1511,0.1388
191,1327,1518,0.1388
187,1327,1514,0.1388
192,1346,1538,0.1388
187,1326,1513,0.1388
181,1323,1504,0.1388
179,1326,1505,0.1388
177,1320,1497,0.1388
180,1336,1516,0.1388
184,1324,1508,0.1388
180,1330,1510,0.1388
186,1333,1519,0.1388
190,1323,1513,0.1388
188,1321,1509,0.1388
185,1330,1515,0.1388
183,1324,1507,0.1388
183,1326,1509,0.1388
179,1331,1510,0.1388
179,1346,1525,0.1388
175,1342,1517,0.1388
178,1323,1501,0.1388
182,1325,1507,0.1388
181,1336,1517,0.1388
175,1343,1518,0.1388
176,1338,1514,0.1388
175,1324,1499,0.1388
179,1332,1511,0.1388
181,1337,1518,0.1388
178,1334,1512,0.1388
177,1341,1518,0.1388
176,1343,1519,0.1388
174,1345,1519,0.1388
166,1346,1512,0.1388
170,1334,1504,0.1388
176,1328,1504,0.1388
171,1337,1508,0.1388
170,1346,1516,0.1388
168,1354,1522,0.1388
171,1351,1522,0.1388
176,1343,1519,0.1388
179,1341,1520,0.1388
178,1349,1527,0.1388
179,1348,1527,0.1388
174,1346,1520,0.1388
170,1344,1514,0.1388
165,1344,1509,0.1388
166,1341,1507,0.1388
161,1358,1519,0.1388
160,1354,1514,0.1388
160,1353,1513,0.1388
158,1349,1507,0.1388
157,1354,1511,0.1388
160,1362,1522,0.1388
159,1362,1521,0.1388
160,1358,1518,0.1388
162,1354,1516,0.1388
163,1351,1514,0.1388
160,1350,1510,0.1388
160,1351,1511,0.1388
161,1349,1510,0.1388
159,1348,1507,0.1388
157,1344,1501,0.1388
163,1341,1504,0.1388
159,1348,1507,0.1388
157,1347,1504,0.1388
157,1348,1505,0.1388
153,1351,1504,0.1388
154,1356,1510,0.1388
152,1351,1503,0.1388
150,1359,1509,0.1388
149,1347,1496,0.1388
147,1333,1480,0.1388
148,1338,1486,0.1388
146,1350,1496,0.1388
146,1356,1502,0.1388
147,1355,1502,0.1388
147,1366,1513,0.1388
149,1362,1511,0.1388
150,1374,1524,0.1388
152,1375,1527,0.1388
151,1375,1526,0.1388
152,1367,1519,0.1388
154,1368,1522,0.1388
155,1365,1520,0.1388
156,1359,1515,0.1388
160,1369,1529,0.1388
153,1366,1519,0.1388
149,1373,1522,0.1388
144,1370,1514,0.1388
143,1375,1518,0.1388
145,1373,1518,0.1388
146,1379,1525,0.1388
147,1391,1538,0.1388
145,1390,1535,0.1388
144,1383,1527,0.1388
141,1376,1517,0.1388
143,1372,1515,0.1388
140,1365,1505,0.1388
139,1356,1495,0.1388
142,1357,1499,0.1388
141,1370,1511,0.1388
143,1372,1515,0.1388
139,1378,1517,0.1388
139,1383,1522,0.1388
135,1375,1510,0.1388
136,1378,1514,0.1388
137,1381,1518,0.1388
137,1376,1513,0.1388
138,1376,1514,0.1388
140,1379,1519,0.1388
138,1393,1531,0.1388
137,1374,1511,0.1388
135,1381,1516,0.1388
135,1377,1512,0.1388
137,1380,1517,0.1388
137,1388,1525,0.1388
135,1386,1521,0.1388
130,1371,1501,0.1388
126,1390,1516,0.1388
126,1383,1509,0.1388
126,1374,1500,0.1388
124,1391,1515,0.1388
123,1388,1511,0.1388
122,1392,1514,0.1388
121,1383,1504,0.1388
119,1381,1500,0.1388
121,1398,1519,0.1388
121,1389,1510,0.1388
119,1402,1521,0.1388
120,1396,1516,0.1388
119,1385,1504,0.1388
117,1385,1502,0.1388
120,1383,1503,0.1388
116,1390,1506,0.1388
116,1400,1516,0.1388
121,1395,1516,0.1388
117,1397,1514,0.1388
116,1392,1508,0.1388
121,1396,1517,0.1388
122,1383,1505,0.1388
121,1386,1507,0.1388
120,1387,1507,0.1388
118,1382,1500,0.1388
120,1380,1500,0.1388
123,1389,1512,0.1388
122,1389,1511,0.1388
125,1395,1520,0.1388
123,1399,1522,0.1388
121,1403,1524,0.1388
121,1407,1528,0.1388
117,1407,1524,0.1388
117,1407,1524,0.1388
117,1405,1522,0.1388
118,1418,1536,0.1388
115,1408,1523,0.1388
113,1413,1526,0.1388
110,1413,1523,0.1388
111,1411,1522,0.1388
111,1420,1531,0.1388
109,1422,1531,0.1388
110,1416,1526,0.1388
108,1418,1526,0.1388
106,1404,1510,0.1388
105,1403,1508,0.1388
106,1399,1505,0.1388
106,1401,1507,0.1388
105,1399,1504,0.1388
106,1402,1508,0.1388
103,1406,1509,0.1388
107,1407,1514,0.1388
99,1404,1503,0.1388
105,1398,1503,0.1388
104,1401,1505,0.1388
106,1416,1522,0.1388
107,1419,1526,0.1388
106,1417,1523,0.1388
102,1408,1510,0.1388
104,1407,1511,0.1388
102,1408,1510,0.1388
105,1413,1518,0.1388
103,1413,1516,0.1388
102,1414,1516,0.1388
100,1404,1504,0.1388
97,1415,1512,0.1388
98,1412,1510,0.1388
95,1411,1506,0.1388
97,1406,1503,0.1388
97,1398,1495,0.1388
95,1420,1515,0.1388
93,1419,1512,0.1388
93,1406,1499,0.1388
95,1409,1504,0.1388
94,1419,1513,0.1388
95,1416,1511,0.1388
95,1423,1518,0.1388
94,1425,1519,0.1388
93,1426,1519,0.1388
90,1425,1515,0.1388
89,1422,1511,0.1388
87,1423,1510,0.1388
87,1417,1504,0.1388
92,1419,1511,0.1388
88,1416,1504,0.1388
88,1410,1498,0.1388
88,1421,1509,0.1388
87,1426,1513,0.1388
86,1428,1514,0.1388
83,1429,1512,0.1388
84,1422,1506,0.1388
86,1432,1518,0.1388
90,1437,1527,0.1388
88,1441,1529,0.1388
87,1442,1529,0.1388
86,1433,1519,0.1388
82,1436,1518,0.1388
80,1438,1518,0.1388
81,1439,1520,0.1388
79,1441,1520,0.1388
78,1448,1526,0.1388
76,1446,1522,0.1388
73,1445,1518,0.1388
74,1447,1521,0.1388
72,1444,1516,0.1388
72,1449,1521,0.1388
72,1447,1519,0.1388
73,1443,1516,0.1388
71,1443,1514,0.1388
71,1437,1508,0.1388
72,1441,1513,0.1388
72,1439,1511,0.1388
73,1445,1518,0.1388
71,1447,1518,0.1388
77,1443,1520,0.1388
76,1437,1513,0.1388
76,1433,1509,0.1388
76,1436,1512,0.1388
77,1434,1511,0.1388
74,1435,1509,0.1388
75,1440,1515,0.1388
75,1443,1518,0.1388
75,1438,1513,0.1388
73,1438,1511,0.1388
74,1434,1508,0.1388
74,1445,1519,0.1388
71,1431,1502,0.1388
72,1437,1509,0.1388
72,1449,1521,0.1388
72,1451,1523,0.1388
71,1453,1524,0.1388
70,1439,1509,0.1388
72,1446,1518,0.1388
73,1452,1525,0.1388
68,1451,1519,0.1388
69,1438,1507,0.1388
69,1433,1502,0.1388
68,1434,1502,0.1388
67,1436,1503,0.1388
69,1450,1519,0.1388
68,1458,1526,0.1388
67,1451,1518,0.1388
67,1453,1520,0.1388
67,1445,1512,0.1388
69,1441,1510,0.1388
67,1463,1530,0.1388
64,1466,1530,0.1388
59,1467,1526,0.1388
61,1452,1513,0.1388
64,1449,1513,0.1388
63,1461,1524,0.1388
65,1459,1524,0.1388
60,1461,1521,0.1388
62,1461,1523,0.1388
60,1461,1521,0.1388
58,1462,1520,0.1388
61,1459,1520,0.1388
59,1460,1519,0.1388
59,1456,1515,0.1388
58,1452,1510,0.1388
54,1471,1525,0.1388
57,1463,1520,0.1388
55,1440,1495,0.1388
54,1438,1492,0.1388
57,1455,1512,0.1388
58,1459,1517,0.1388
56,1446,1502,0.1388
58,1449,1507,0.1388
58,1452,1510,0.1388
59,1451,1510,0.1388
57,1458,1515,0.1388
57,1468,1525,0.1388
59,1472,1531,0.1388
60,1471,1531,0.1388
61,1454,1515,0.1388
61,1455,1516,0.1388
60,1451,1511,0.1388
61,1455,1516,0.1388
60,1464,1524,0.1388
58,1470,1528,0.1388
57,1456,1513,0.1388
55,1454,1509,0.1388
53,1457,1510,0.1388
53,1468,1521,0.1388
55,1459,1514,0.1388
57,1455,1512,0.1388
54,1454,1508,0.1388
56,1463,1519,0.1388
56,1475,1531,0.1388
56,1478,1534,0.1388
59,1467,1526,0.1388
60,1457,1517,0.1388
62,1450,1512,0.1388
63,1443,1506,0.1388
64,1456,1520,0.1388
63,1454,1517,0.1388
61,1460,1521,0.1388
61,1467,1528,0.1388
60,1458,1518,0.1388
58,1458,1516,0.1388
55,1454,1509,0.1388
55,1459,1514,0.1388
56,1452,1508,0.1388
58,1449,1507,0.1388
57,1466,1523,0.1388
56,1459,1515,0.1388
57,1451,1508,0.1388
56,1446,1502,0.1388
56,1448,1504,0.1388
57,1458,1515,0.1388
55,1453,1508,0.1388
53,1466,1519,0.1388
53,1462,1515,0.1388
55,1451,1506,0.1388
54,1453,1507,0.1388
55,1470,1525,0.1388
56,1465,1521,0.1388
58,1456,1514,0.1388
58,1469,1527,0.1388
60,1472,1532,0.1388
60,1463,1523,0.1388
61,1466,1527,0.1388
57,1462,1519,0.1388
56,1461,1517,0.1388
58,1453,1511,0.1388
61,1447,1508,0.1388
61,1471,1532,0.1388
65,1461,1526,0.1388
67,1457,1524,0.1388
66,1445,1511,0.1388
66,1442,1508,0.1388
67,1440,1507,0.1388
68,1449,1517,0.1388
67,1445,1512,0.1388
66,1452,1518,0.1388
67,1449,1516,0.1388
66,1446,1512,0.1388
64,1448,1512,0.1388
65,1450,1515,0.1388
66,1439,1505,0.1388
68,1435,1503,0.1388
67,1435,1502,0.1388
68,1441,1509,0.1388
67,1455,1522,0.1388
66,1458,1524,0.1388
67,1448,1515,0.1388
72,1454,1526,0.1388
69,1453,1522,0.1388
67,1445,1512,0.1388
68,1447,1515,0.1388
65,1455,1520,0.1388
65,1452,1517,0.1388
63,1440,1503,0.1388
66,1449,1515,0.1388
68,1442,1510,0.1388
67,1447,1514,0.1388
64,1438,1502,0.1388
66,1440,1506,0.1388
66,1445,1511,0.1388
69,1442,1511,0.1388
67,1445,1512,0.1388
67,1439,1506,0.1388
65,1444,1509,0.1388
68,1452,1520,0.1388
68,1446,1514,0.1388
70,1454,1524,0.1388
68,1447,1515,0.1388
63,1442,1505,0.1388
62,1441,1503,0.1388
61,1448,1509,0.1388
64,1460,1524,0.1388
62,1454,1516,0.1388
62,1455,1517,0.1388
61,1458,1519,0.1388
60,1460,1520,0.1388
60,1451,1511,0.1388
61,1443,1504,0.1388
59,1451,1510,0.1388
60,1446,1506,0.1388
61,1449,1510,0.1388
60,1444,1504,0.1388
60,1440,1500,0.1388
61,1440,1501,0.1388
61,1452,1513,0.1388
60,1462,1522,0.1388
56,1442,1498,0.1388
53,1453,1506,0.1388
53,1466,1519,0.1388
52,1474,1526,0.1388
54,1475,1529,0.1388
54,1469,1523,0.1388
54,1465,1519,0.1388
54,1458,1512,0.1388
54,1458,1512,0.1388
56,1468,1524,0.1388
54,1462,1516,0.1388
55,1459,1514,0.1388
58,1467,1525,0.1388
58,1460,1518,0.1388
58,1462,1520,0.1388
56,1467,1523,0.1388
54,1472,1526,0.1388
55,1459,1514,0.1388
52,1448,1500,0.1388
54,1444,1498,0.1388
53,1466,1519,0.1388
56,1467,1523,0.1388
56,1462,1518,0.1388
58,1450,1508,0.1388
54,1453,1507,0.1388
55,1451,1506,0.1388
54,1457,1511,0.1388
53,1453,1506,0.1388
50,1468,1518,0.1388
48,1461,1509,0.1388
51,1468,1519,0.1388
51,1461,1512,0.1388
50,1457,1507,0.1388
52,1454,1506,0.1388
51,1453,1504,0.1388
47,1458,1505,0.1388
48,1462,1510,0.1388
47,1461,1508,0.1388
49,1454,1503,0.1388
50,1469,1519,0.1388
51,1465,1516,0.1388
49,1461,1510,0.1388
49,1466,1515,0.1388
48,1455,1503,0.1388
49,1463,1512,0.1388
46,1466,1512,0.1388
45,1470,1515,0.1388
45,1485,1530,0.1388
44,1477,1521,0.1388
43,1468,1511,0.1388
43,1472,1515,0.1388
42,1490,1532,0.1388
43,1487,1530,0.1388
43,1486,1529,0.1388
40,1503,1543,0.1388
40,1490,1530,0.1388
41,1482,1523,0.1388
43,1488,1531,0.1388
40,1485,1525,0.1388
38,1482,1520,0.1388
37,1471,1508,0.1388
36,1474,1510,0.1388
36,1475,1511,0.1388
36,1473,1509,0.1388
37,1475,1512,0.1388
38,1482,1520,0.1388
38,1486,1524,0.1388
37,1469,1506,0.1388
36,1477,1513,0.1388
36,1480,1516,0.1388
34,1467,1501,0.1388
34,1473,1507,0.1388
35,1477,1512,0.1388
32,1475,1507,0.1388
30,1474,1504,0.1388
30,1478,1508,0.1388
32,1481,1513,0.1388
32,1476,1508,0.1388
35,1478,1513,0.1388
34,1488,1522,0.1388
37,1486,1523,0.1388
37,1473,1510,0.1388
37,1490,1527,0.1388
39,1492,1531,0.1388
40,1477,1517,0.1388
40,1466,1506,0.1388
42,1477,1519,0.1388
42,1477,1519,0.1388
41,1484,1525,0.1388
42,1487,1529,0.1388
40,1499,1539,0.1388
41,1495,1536,0.1388
40,1488,1528,0.1388
39,1475,1514,0.1388
39,1481,1520,0.1388
41,1480,1521,0.1388
40,1473,1513,0.1388
42,1472,1514,0.1388
41,1472,1513,0.1388
42,1484,1526,0.1388
41,1476,1517,0.1388
43,1469,1512,0.1388
43,1478,1521,0.1388
42,1471,1513,0.1388
43,1471,1514,0.1388
42,1470,1512,0.1388
43,1468,1511,0.1388
42,1465,1507,0.1388
43,1450,1493,0.1388
42,1461,1503,0.1388
42,1467,1509,0.1388
41,1461,1502,0.1388
41,1461,1502,0.1388
43,1467,1510,0.1388
44,1468,1512,0.1388
46,1460,1506,0.1388
48,1456,1504,0.1388
48,1464,1512,0.1388
46,1470,1516,0.1388
46,1467,1513,0.1388
45,1461,1506,0.1388
45,1458,1503,0.1388
46,1460,1506,0.1388
47,1466,1513,0.1388
46,1465,1511,0.1388
45,1484,1529,0.1388
46,1481,1527,0.1388
45,1478,1523,0.1388
45,1488,1533,0.1388
45,1484,1529,0.1388
46,1485,1531,0.1388
45,1478,1523,0.1388
45,1475,1520,0.1388
45,1486,1531,0.1388
47,1475,1522,0.1388
49,1482,1531,0.1388
45,1489,1534,0.1388
46,1487,1533,0.1388
46,1474,1520,0.1388
46,1479,1525,0.1388
47,1468,1515,0.1388
45,1469,1514,0.1388
42,1467,1509,0.1388
41,1468,1509,0.1388
41,1465,1506,0.1388
39,1482,1521,0.1388
41,1491,1532,0.1388
41,1483,1524,0.1388
45,1476,1521,0.1388
43,1474,1517,0.1388
43,1475,1518,0.1388
43,1467,1510,0.1388
44,1478,1522,0.1388
43,1475,1518,0.1388
45,1463,1508,0.1388
46,1468,1514,0.1388
45,1475,1520,0.1388
43,1483,1526,0.1388
45,1484,1529,0.1388
45,1476,1521,0.1388
48,1470,1518,0.1388
50,1470,1520,0.1388
51,1469,1520,0.1388
51,1468,1519,0.1388
51,1475,1526,0.1388
51,1463,1514,0.1388
50,1471,1521,0.1388
50,1485,1535,0.1388
51,1487,1538,0.1388
52,1479,1531,0.1388
47,1469,1516,0.1388
50,1478,1528,0.1388
50,1471,1521,0.1388
50,1472,1522,0.1388
51,1465,1516,0.1388
51,1465,1516,0.1388
49,1477,1526,0.1388
49,1482,1531,0.1388
51,1480,1531,0.1388
49,1481,1530,0.1388
49,1474,1523,0.1388
51,1474,1525,0.1388
51,1463,1514,0.1388
51,1458,1509,0.1388
51,1464,1515,0.1388
48,1463,1511,0.1388
47,1463,1510,0.1388
49,1465,1514,0.1388
49,1459,1508,0.1388
47,1465,1512,0.1388
47,1470,1517,0.1388
47,1463,1510,0.1388
44,1458,1502,0.1388
45,1455,1500,0.1388
45,1452,1497,0.1388
42,1462,1504,0.1388
42,1456,1498,0.1388
43,1460,1503,0.1388
47,1469,1516,0.1388
48,1479,1527,0.1388
46,1467,1513,0.1388
48,1451,1499,0.1388
49,1454,1503,0.1388
48,1458,1506,0.1388
46,1479,1525,0.1388
46,1479,1525,0.1388
47,1478,1525,0.1388
48,1467,1515,0.1388
48,1474,1522,0.1388
46,1467,1513,0.1388
47,1467,1514,0.1388
47,1470,1517,0.1388
44,1478,1522,0.1388
44,1475,1519,0.1388
44,1478,1522,0.1388
45,1474,1519,0.1388
46,1478,1524,0.1388
44,1474,1518,0.1388
45,1470,1515,0.1388
44,1485,1529,0.1388
44,1476,1520,0.1388
45,1475,1520,0.1388
44,1476,1520,0.1388
46,1479,1525,0.1388
44,1478,1522,0.1388
45,1493,1538,0.1388
45,1482,1527,0.1388
42,1461,1503,0.1388
40,1469,1509,0.1388
43,1479,1522,0.1388
42,1483,1525,0.1388
43,1466,1509,0.1388
43,1460,1503,0.1388
43,1480,1523,0.1388
43,1486,1529,0.1388
45,1490,1535,0.1388
45,1484,1529,0.1388
45,1472,1517,0.1388
44,1470,1514,0.1388
43,1491,1534,0.1388
44,1487,1531,0.1388
43,1493,1536,0.1388
40,1483,1523,0.1388
40,1471,1511,0.1388
40,1470,1510,0.1388
38,1456,1494,0.1388
41,1455,1496,0.1388
41,1474,1515,0.1388
41,1472,1513,0.1388
39,1474,1513,0.1388
40,1472,1512,0.1388
40,1465,1505,0.1388
40,1475,1515,0.1388
40,1463,1503,0.1388
42,1472,1514,0.1388
44,1466,1510,0.1388
43,1467,1510,0.1388
43,1466,1509,0.1388
42,1474,1516,0.1388
42,1480,1522,0.1388
40,1477,1517,0.1388
39,1478,1517,0.1388
41,1486,1527,0.1388
42,1481,1523,0.1388
42,1471,1513,0.1388
42,1472,1514,0.1388
41,1474,1515,0.1388
43,1465,1508,0.1388
42,1465,1507,0.1388
46,1472,1518,0.1388
46,1476,1522,0.1388
45,1465,1510,0.1388
47,1471,1518,0.1388
47,1477,1524,0.1388
47,1474,1521,0.1388
47,1467,1514,0.1388
47,1481,1528,0.1388
47,1488,1535,0.1388
49,1487,1536,0.1388
50,1476,1526,0.1388
52,1473,1525,0.1388
54,1479,1533,0.1388
53,1490,1543,0.1388
54,1495,1549,0.1388
54,1491,1545,0.1388
53,1474,1527,0.1388
50,1478,1528,0.1388
49,1469,1518,0.1388
49,1466,1515,0.1388
49,1468,1517,0.1388
48,1474,1522,0.1388
44,1481,1525,0.1388
43,1475,1518,0.1388
43,1496,1539,0.1388
42,1496,1538,0.1388
41,1495,1536,0.1388
42,1485,1527,0.1388
42,1479,1521,0.1388
41,1481,1522,0.1388
41,1474,1515,0.1388
38,1469,1507,0.1388
40,1464,1504,0.1388
41,1479,1520,0.1388
42,1476,1518,0.1388
40,1483,1523,0.1388
41,1477,1518,0.1388
42,1467,1509,0.1388
41,1458,1499,0.1388
38,1459,1497,0.1388
36,1463,1499,0.1388
36,1465,1501,0.1388
37,1481,1518,0.1388
38,1475,1513,0.1388
38,1481,1519,0.1388
37,1476,1513,0.1388
37,1477,1514,0.1388
37,1467,1504,0.1388
38,1479,1517,0.1388
41,1473,1514,0.1388
41,1476,1517,0.1388
41,1480,1521,0.1388
39,1470,1509,0.1388
38,1464,1502,0.1388
38,1476,1514,0.1388
38,1475,1513,0.1388
36,1475,1511,0.1388
37,1488,1525,0.1388
37,1488,1525,0.1388
37,1484,1521,0.1388
36,1488,1524,0.1388
36,1475,1511,0.1388
36,1476,1512,0.1388
35,1482,1517,0.1388
37,1481,1518,0.1388
37,1484,1521,0.1388
34,1468,1502,0.1388
33,1472,1505,0.1388
34,1464,1498,0.1388
32,1466,1498,0.1388
32,1475,1507,0.1388
33,1477,1510,0.1388
34,1472,1506,0.1388
33,1473,1506,0.1388
33,1475,1508,0.1388
33,1477,1510,0.1388
33,1467,1500,0.1388
33,1468,1501,0.1388
33,1474,1507,0.1388
33,1470,1503,0.1388
33,1467,1500,0.1388
32,1468,1500,0.1388
32,1462,1494,0.1388
32,1470,1502,0.1388
29,1468,1497,0.1388
32,1479,1511,0.1388
33,1479,1512,0.1388
32,1489,1521,0.1388
32,1504,1536,0.1388
32,1500,1532,0.1388
32,1503,1535,0.1388
32,1506,1538,0.1388
31,1502,1533,0.1388
31,1487,1518,0.1388
31,1474,1505,0.1388
31,1486,1517,0.1388
33,1468,1501,0.1388
33,1462,1495,0.1388
33,1473,1506,0.1388
34,1470,1504,0.1388
32,1479,1511,0.1388
33,1484,1517,0.1388
33,1473,1506,0.1388
33,1462,1495,0.1388
33,1463,1496,0.1388
32,1479,1511,0.1388
35,1483,1518,0.1388
33,1489,1522,0.1388
33,1488,1521,0.1388
33,1495,1528,0.1388
32,1495,1527,0.1388
33,1489,1522,0.1388
33,1488,1521,0.1388
32,1480,1512,0.1388
34,1480,1514,0.1388
33,1483,1516,0.1388
35,1458,1493,0.1388
36,1469,1505,0.1388
36,1476,1512,0.1388
37,1483,1520,0.1388
35,1482,1517,0.1388
38,1475,1513,0.1388
38,1490,1528,0.1388
37,1486,1523,0.1388
36,1485,1521,0.1388
37,1490,1527,0.1388
37,1496,1533,0.1388
35,1484,1519,0.1388
37,1479,1516,0.1388
38,1474,1512,0.1388
36,1473,1509,0.1388
36,1485,1521,0.1388
35,1477,1512,0.1388
34,1474,1508,0.1388
33,1471,1504,0.1388
32,1466,1498,0.1388
33,1477,1510,0.1388
32,1482,1514,0.1388
32,1453,1485,0.1388
29,1453,1482,0.1388
30,1447,1477,0.1388
30,1468,1498,0.1388
30,1473,1503,0.1388
30,1473,1503,0.1388
30,1464,1494,0.1388
29,1475,1504,0.1388
28,1483,1511,0.1388
29,1480,1509,0.1388
30,1477,1507,0.1388
30,1484,1514,0.1388
27,1487,1514,0.1388
27,1482,1509,0.1388
28,1488,1516,0.1388
28,1488,1516,0.1388
27,1488,1515,0.1388
27,1488,1515,0.1388
26,1489,1515,0.1388
27,1482,1509,0.1388
27,1469,1496,0.1388
27,1471,1498,0.1388
28,1485,1513,0.1388
26,1488,1514,0.1388
26,1502,1528,0.1388
28,1503,1531,0.1388
27,1501,1528,0.1388
26,1510,1536,0.1388
27,1508,1535,0.1388
26,1494,1520,0.1388
28,1501,1529,0.1388
27,1506,1533,0.1388
26,1497,1523,0.1388
26,1506,1532,0.1388
27,1500,1527,0.1388
26,1498,1524,0.1388
24,1505,1529,0.1388
24,1506,1530,0.1388
21,1501,1522,0.1388
22,1496,1518,0.1388
22,1496,1518,0.1388
22,1501,1523,0.1388
23,1495,1518,0.1388
23,1482,1505,0.1388
22,1486,1508,0.1388
22,1496,1518,0.1388
22,1498,1520,0.1388
21,1494,1515,0.1388
21,1503,1524,0.1388
21,1500,1521,0.1388
21,1505,1526,0.1388
21,1511,1532,0.1388
21,1509,1530,0.1388
20,1489,1509,0.1388
20,1496,1516,0.1388
20,1500,1520,0.1388
20,1495,1515,0.1388
21,1485,1506,0.1388
21,1492,1513,0.1388
21,1497,1518,0.1388
21,1481,1502,0.1388
20,1496,1516,0.1388
20,1497,1517,0.1388
20,1492,1512,0.1388
22,1506,1528,0.1388
21,1501,1522,0.1388
21,1485,1506,0.1388
20,1488,1508,0.1388
21,1500,1521,0.1388
20,1494,1514,0.1388
20,1488,1508,0.1388
18,1495,1513,0.1388
18,1499,1517,0.1388
17,1484,1501,0.1388
16,1492,1508,0.1388
16,1492,1508,0.1388
15,1497,1512,0.1388
12,1497,1509,0.1388
11,1497,1508,0.1388
11,1495,1506,0.1388
11,1492,1503,0.1388
12,1499,1511,0.1388
10,1513,1523,0.1388
11,1499,1510,0.1388
11,1503,1514,0.1388
11,1508,1519,0.1388
11,1506,1517,0.1388
10,1509,1519,0.1388
10,1507,1517,0.1388
10,1502,1512,0.1388
10,1493,1503,0.1388
10,1506,1516,0.1388
9,1506,1515,0.1388
11,1499,1510,0.1388
10,1490,1500,0.1388
11,1478,1489,0.1388
11,1487,1498,0.1388
12,1499,1511,0.1388
10,1480,1490,0.1388
10,1490,1500,0.1388
10,1496,1506,0.1388
10,1488,1498,0.1388
10,1492,1502,0.1388
11,1501,1512,0.1388
11,1496,1507,0.1388
11,1509,1520,0.1388
11,1490,1501,0.1388
10,1504,1514,0.1388
10,1510,1520,0.1388
10,1521,1531,0.1388
10,1520,1530,0.1388
9,1523,1532,0.1388
9,1525,1534,0.1388
9,1515,1524,0.1388
10,1508,1518,0.1388
10,1515,1525,0.1388
11,1513,1524,0.1388
11,1507,1518,0.1388
11,1505,1516,0.1388
11,1503,1514,0.1388
11,1513,1524,0.1388
10,1509,1519,0.1388
10,1504,1514,0.1388
10,1496,1506,0.1388
10,1502,1512,0.1388
9,1496,1505,0.1388
9,1511,1520,0.1388
9,1501,1510,0.1388
9,1503,1512,0.1388
8,1504,1512,0.1388
8,1494,1502,0.1388
8,1501,1509,0.1388
8,1496,1504,0.1388
8,1495,1503,0.1388
8,1507,1515,0.1388
7,1504,1511,0.1388
6,1497,1503,0.1388
6,1490,1496,0.1388
6,1482,1488,0.1388
6,1497,1503,0.1388
7,1503,1510,0.1388
6,1497,1503,0.1388
6,1501,1507,0.1388
7,1500,1507,0.1388
7,1509,1516,0.1388
7,1515,1522,0.1388
7,1512,1519,0.1388
8,1517,1525,0.1388
7,1521,1528,0.1388
7,1514,1521,0.1388
8,1529,1537,0.1388
8,1517,1525,0.1388
8,1522,1530,0.1388
8,1528,1536,0.1388
7,1510,1517,0.1388
7,1515,1522,0.1388
6,1524,1530,0.1388
7,1517,1524,0.1388
8,1510,1518,0.1388
8,1518,1526,0.1388
6,1512,1518,0.1388
7,1511,1518,0.1388
7,1518,1525,0.1388
7,1511,1518,0.1388
7,1509,1516,0.1388
7,1514,1521,0.1388
8,1522,1530,0.1388
7,1521,1528,0.1388
7,1523,1530,0.1388
6,1514,1520,0.1388
6,1514,1520,0.1388
6,1509,1515,0.1388
6,1504,1510,0.1388
6,1513,1519,0.1388
6,1515,1521,0.1388
6,1507,1513,0.1388
6,1517,1523,0.1388
6,1515,1521,0.1388
6,1523,1529,0.1388
7,1530,1537,0.1388
7,1521,1528,0.1388
7,1518,1525,0.1388
7,1522,1529,0.1388
6,1514,1520,0.1388
6,1520,1526,0.1388
6,1516,1522,0.1388
6,1515,1521,0.1388
6,1512,1518,0.1388
8,1507,1515,0.1388
8,1506,1514,0.1388
8,1497,1505,0.1388
8,1498,1506,0.1388
8,1510,1518,0.1388
8,1492,1500,0.1388
6,1493,1499,0.1388
6,1497,1503,0.1388
6,1497,1503,0.1388
6,1519,1525,0.1388
6,1520,1526,0.1388
6,1524,1530,0.1388
7,1521,1528,0.1388
7,1520,1527,0.1388
7,1519,1526,0.1388
7,1514,1521,0.1388
7,1515,1522,0.1388
8,1503,1511,0.1388
7,1504,1511,0.1388
8,1501,1509,0.1388
8,1502,1510,0.1388
8,1514,1522,0.1388
9,1509,1518,0.1388
9,1501,1510,0.1388
7,1499,1506,0.1388
6,1495,1501,0.1388
6,1500,1506,0.1388
6,1501,1507,0.1388
6,1508,1514,0.1388
6,1516,1522,0.1388
6,1506,1512,0.1388
6,1503,1509,0.1388
6,1504,1510,0.1388
6,1532,1538,0.1388
6,1534,1540,0.1388
6,1536,1542,0.1388
5,1537,1542,0.1388
5,1538,1543,0.1388
5,1539,1544,0.1388
5,1536,1541,0.1388
5,1524,1529,0.1388
5,1499,1504,0.1388
5,1500,1505,0.1388
5,1509,1514,0.1388
5,1507,1512,0.1388
5,1503,1508,0.1388
5,1505,1510,0.1388
5,1510,1515,0.1388
5,1518,1523,0.1388
5,1525,1530,0.1388
5,1533,1538,0.1388
5,1522,1527,0.1388
5,1518,1523,0.1388
5,1505,1510,0.1388
4,1511,1515,0.1388
4,1514,1518,0.1388
4,1512,1516,0.1388
4,1498,1502,0.1388
4,1493,1497,0.1388
5,1479,1484,0.1388
5,1480,1485,0.1388
4,1498,1502,0.1388
4,1504,1508,0.1388
4,1506,1510,0.1388
4,1499,1503,0.1388
4,1503,1507,0.1388
4,1506,1510,0.1388
4,1517,1521,0.1388
3,1505,1508,0.1388
3,1508,1511,0.1388
3,1504,1507,0.1388
3,1509,1512,0.1388
3,1517,1520,0.1388
3,1512,1515,0.1388
4,1508,1512,0.1388
4,1511,1515,0.1388
4,1500,1504,0.1388
4,1502,1506,0.1388
4,1503,1507,0.1388
5,1516,1521,0.1388
5,1521,1526,0.1388
5,1516,1521,0.1388
5,1525,1530,0.1388
5,1502,1507,0.1388
5,1507,1512,0.1388
4,1516,1520,0.1388
4,1516,1520,0.1388
4,1508,1512,0.1388
4,1522,1526,0.1388
4,1517,1521,0.1388
4,1533,1537,0.1388
4,1523,1527,0.1388
4,1510,1514,0.1388
3,1516,1519,0.1388
3,1531,1534,0.1388
3,1531,1534,0.1388
3,1522,1525,0.1388
3,1515,1518,0.1388
3,1517,1520,0.1388
3,1514,1517,0.1388
3,1509,1512,0.1388
3,1526,1529,0.1388
3,1519,1522,0.1388
3,1505,1508,0.1388
3,1509,1512,0.1388
3,1511,1514,0.1388
3,1494,1497,0.1388
3,1497,1500,0.1388
3,1502,1505,0.1388
3,1508,1511,0.1388
3,1512,1515,0.1388
3,1516,1519,0.1388
3,1513,1516,0.1388
3,1525,1528,0.1388
3,1521,1524,0.1388
3,1521,1524,0.1388
3,1507,1510,0.1388
3,1517,1520,0.1388
3,1513,1516,0.1388
3,1515,1518,0.1388
3,1514,1517,0.1388
2,1510,1512,0.1388
2,1514,1516,0.1388
3,1517,1520,0.1388
4,1501,1505,0.1388
3,1502,1505,0.1388
3,1507,1510,0.1388
2,1505,1507,0.1388
3,1510,1513,0.1388
3,1512,1515,0.1388
3,1500,1503,0.1388
3,1505,1508,0.1388
4,1500,1504,0.1388
4,1499,1503,0.1388
4,1509,1513,0.1388
4,1507,1511,0.1388
3,1505,1508,0.1388
3,1505,1508,0.1388
3,1519,1522,0.1388
3,1518,1521,0.1388
3,1518,1521,0.1388
3,1508,1511,0.1388
3,1495,1498,0.1388
3,1500,1503,0.1388
3,1508,1511,0.1388
3,1511,1514,0.1388
3,1510,1513,0.1388
3,1523,1526,0.1388
3,1513,1516,0.1388
3,1518,1521,0.1388
3,1510,1513,0.1388
3,1507,1510,0.1388
3,1507,1510,0.1388
3,1512,1515,0.1388
3,1507,1510,0.1388
3,1519,1522,0.1388
3,1498,1501,0.1388
3,1504,1507,0.1388
3,1523,1526,0.1388
3,1522,1525,0.1388
3,1508,1511,0.1388
3,1516,1519,0.1388
3,1515,1518,0.1388
2,1530,1532,0.1388
3,1526,1529,0.1388
3,1525,1528,0.1388
3,1516,1519,0.1388
3,1507,1510,0.1388
3,1505,1508,0.1388
3,1522,1525,0.1388
3,1516,1519,0.1388
3,1520,1523,0.1388
3,1510,1513,0.1388
3,1520,1523,0.1388
3,1522,1525,0.1388
3,1522,1525,0.1388
3,1522,1525,0.1388
3,1524,1527,0.1388
3,1512,1515,0.1388
3,1505,1508,0.1388
3,1511,1514,0.1388
3,1509,1512,0.1388
3,1506,1509,0.1388
3,1503,1506,0.1388
3,1505,1508,0.1388
3,1508,1511,0.1388
3,1503,1506,0.1388
3,1511,1514,0.1388
3,1510,1513,0.1388
3,1517,1520,0.1388
3,1516,1519,0.1388
3,1511,1514,0.1388
4,1509,1513,0.1388
4,1514,1518,0.1388
4,1515,1519,0.1388
5,1506,1511,0.1388
5,1507,1512,0.1388
5,1509,1514,0.1388
4,1502,1506,0.1388
4,1502,1506,0.1388
4,1514,1518,0.1388
3,1511,1514,0.1388
3,1521,1524,0.1388
3,1508,1511,0.1388
4,1499,1503,0.1388
4,1506,1510,0.1388
4,1528,1532,0.1388
4,1522,1526,0.1388
4,1512,1516,0.1388
4,1509,1513,0.1388
4,1523,1527,0.1388
4,1529,1533,0.1388
3,1522,1525,0.1388
3,1533,1536,0.1388
3,1525,1528,0.1388
3,1520,1523,0.1388
3,1521,1524,0.1388
2,1520,1522,0.1388
2,1515,1517,0.1388
2,1519,1521,0.1388
2,1515,1517,0.1388
2,1504,1506,0.1388
2,1511,1513,0.1388
2,1511,1513,0.1388
2,1518,1520,0.1388
2,1514,1516,0.1388
2,1517,1519,0.1388
2,1507,1509,0.1388
2,1507,1509,0.1388
2,1514,1516,0.1388
2,1524,1526,0.1388
2,1517,1519,0.1388
1,1514,1515,0.1388
1,1517,1518,0.1388
1,1521,1522,0.1388
1,1517,1518,0.1388
1,1520,1521,0.1388
1,1510,1511,0.1388
1,1502,1503,0.1388
1,1494,1495,0.1388
1,1489,1490,0.1388
1,1496,1497,0.1388
1,1504,1505,0.1388
1,1505,1506,0.1388
1,1516,1517,0.1388
1,1522,1523,0.1388
1,1524,1525,0.1388
2,1526,1528,0.1388
2,1533,1535,0.1388
2,1522,1524,0.1388
2,1524,1526,0.1388
2,1522,1524,0.1388
2,1524,1526,0.1388
2,1521,1523,0.1388
2,1528,1530,0.1388
2,1524,1526,0.1388
2,1518,1520,0.1388
2,1515,1517,0.1388
1,1508,1509,0.1388
1,1506,1507,0.1388
1,1507,1508,0.1388
1,1514,1515,0.1388
2,1507,1509,0.1388
2,1512,1514,0.1388
2,1521,1523,0.1388
2,1535,1537,0.1388
2,1541,1543,0.1388
2,1530,1532,0.1388
2,1525,1527,0.1388
2,1513,1515,0.1388
2,1520,1522,0.1388
2,1524,1526,0.1388
2,1515,1517,0.1388
2,1525,1527,0.1388
2,1529,1531,0.1388
2,1523,1525,0.1388
2,1531,1533,0.1388
2,1531,1533,0.1388
2,1527,1529,0.1388
2,1522,1524,0.1388
2,1518,1520,0.1388
1,1524,1525,0.1388
1,1522,1523,0.1388
1,1512,1513,0.1388
1,1520,1521,0.1388
1,1514,1515,0.1388
1,1516,1517,0.1388
1,1511,1512,0.1388
1,1518,1519,0.1388
1,1515,1516,0.1388
1,1523,1524,0.1388
1,1508,1509,0.1388
1,1522,1523,0.1388
1,1518,1519,0.1388
1,1539,1540,0.1388
1,1531,1532,0.1388
1,1513,1514,0.1388
1,1516,1517,0.1388
1,1514,1515,0.1388
1,1510,1511,0.1388
1,1514,1515,0.1388
1,1507,1508,0.1388
1,1497,1498,0.1388
1,1516,1517,0.1388
1,1505,1506,0.1388
1,1510,1511,0.1388
1,1521,1522,0.1388
1,1521,1522,0.1388
1,1527,1528,0.1388
1,1521,1522,0.1388
1,1504,1505,0.1388
1,1499,1500,0.1388
1,1517,1518,0.1388
1,1523,1524,0.1388
1,1526,1527,0.1388
1,1524,1525,0.1388
1,1519,1520,0.1388
1,1513,1514,0.1388
1,1504,1505,0.1388
1,1496,1497,0.1388
1,1510,1511,0.1388
1,1513,1514,0.1388
1,1507,1508,0.1388
1,1510,1511,0.1388
1,1495,1496,0.1388
1,1494,1495,0.1388
1,1513,1514,0.1388
2,1512,1514,0.1388
2,1511,1513,0.1388
2,1508,1510,0.1388
2,1500,1502,0.1388
2,1493,1495,0.1388
2,1497,1499,0.1388
1,1494,1495,0.1388
1,1507,1508,0.1388
1,1512,1513,0.1388
1,1513,1514,0.1388
1,1510,1511,0.1388
1,1530,1531,0.1388
1,1530,1531,0.1388
1,1522,1523,0.1388
1,1516,1517,0.1388
1,1519,1520,0.1388
1,1522,1523,0.1388
1,1526,1527,0.1388
1,1528,1529,0.1388
1,1520,1521,0.1388
1,1516,1517,0.1388
1,1515,1516,0.1388
1,1509,1510,0.1388
1,1518,1519,0.1388
1,1523,1524,0.1388
1,1526,1527,0.1388
1,1522,1523,0.1388
1,1508,1509,0.1388
1,1513,1514,0.1388
1,1525,1526,0.1388
1,1527,1528,0.1388
2,1512,1514,0.1388
2,1524,1526,0.1388
2,1534,1536,0.1388
2,1526,1528,0.1388
2,1519,1521,0.1388
1,1521,1522,0.1388
2,1522,1524,0.1388
2,1513,1515,0.1388
2,1493,1495,0.1388
1,1492,1493,0.1388
0,1499,1499,0.1388
