1370,31,1401,0.1388
1412,33,1445,0.1388
1432,35,1467,0.1388
1443,35,1478,0.1388
1450,34,1484,0.1388
1453,34,1487,0.1388
1457,36,1493,0.1388
1455,35,1490,0.1388
1472,34,1506,0.1388
1469,35,1504,0.1388
1458,33,1491,0.1388
1456,33,1489,0.1388
1455,34,1489,0.1388
1453,35,1488,0.1388
1451,36,1487,0.1388
1453,37,1490,0.1388
1472,36,1508,0.1388
1460,37,1497,0.1388
1456,34,1490,0.1388
1454,35,1489,0.1388
1461,37,1498,0.1388
1456,33,1489,0.1388
1458,34,1492,0.1388
1452,36,1488,0.1388
1453,37,1490,0.1388
1459,36,1495,0.1388
1460,38,1498,0.1388
1451,37,1488,0.1388
1467,38,1505,0.1388
1458,38,1496,0.1388
1460,39,1499,0.1388
1441,38,1479,0.1388
1441,40,1481,0.1388
1442,41,1483,0.1388
1441,42,1483,0.1388
1440,41,1481,0.1388
1452,41,1493,0.1388
1444,42,1486,0.1388
1459,42,1501,0.1388
1450,44,1494,0.1388
1442,45,1487,0.1388
1437,49,1486,0.1388
1440,49,1489,0.1388
1441,53,1494,0.1388
1456,53,1509,0.1388
1450,51,1501,0.1388
1444,54,1498,0.1388
1449,55,1504,0.1388
1449,56,1505,0.1388
1453,57,1510,0.1388
1441,56,1497,0.1388
1443,55,1498,0.1388
1437,55,1492,0.1388
1451,54,1505,0.1388
1454,52,1506,0.1388
1456,51,1507,0.1388
1448,56,1504,0.1388
1455,56,1511,0.1388
1452,56,1508,0.1388
1457,55,1512,0.1388
1459,56,1515,0.1388
1448,55,1503,0.1388
1440,54,1494,0.1388
1439,55,1494,0.1388
1437,53,1490,0.1388
1446,53,1499,0.1388
1446,53,1499,0.1388
1427,53,1480,0.1388
1422,55,1477,0.1388
1440,54,1494,0.1388
1440,57,1497,0.1388
1450,55,1505,0.1388
1443,56,1499,0.1388
1433,54,1487,0.1388
1429,52,1481,0.1388
1435,54,1489,0.1388
1428,57,1485,0.1388
1434,59,1493,0.1388
1435,63,1498,0.1388
1431,64,1495,0.1388
1430,64,1494,0.1388
1420,62,1482,0.1388
1428,62,1490,0.1388
1430,63,1493,0.1388
1430,59,1489,0.1388
1420,58,1478,0.1388
1421,59,1480,0.1388
1426,58,1484,0.1388
1435,59,1494,0.1388
1428,60,1488,0.1388
1420,62,1482,0.1388
1426,61,1487,0.1388
1423,59,1482,0.1388
1432,59,1491,0.1388
1433,59,1492,0.1388
1442,59,1501,0.1388
1437,61,1498,0.1388
1422,61,1483,0.1388
1427,65,1492,0.1388
1432,65,1497,0.1388
1417,67,1484,0.1388
1415,68,1483,0.1388
1429,69,1498,0.1388
1424,67,1491,0.1388
1422,67,1489,0.1388
1437,68,1505,0.1388
1442,71,1513,0.1388
1452,71,1523,0.1388
1440,71,1511,0.1388
1431,73,1504,0.1388
1423,75,1498,0.1388
1414,81,1495,0.1388
1418,82,1500,0.1388
1403,81,1484,0.1388
1403,83,1486,0.1388
1413,82,1495,0.1388
1417,83,1500,0.1388
1414,83,1497,0.1388
1415,82,1497,0.1388
1412,81,1493,0.1388
1402,80,1482,0.1388
1404,79,1483,0.1388
1405,77,1482,0.1388
1419,76,1495,0.1388
1432,77,1509,0.1388
1419,76,1495,0.1388
1413,74,1487,0.1388
1431,72,1503,0.1388
1428,74,1502,0.1388
1425,74,1499,0.1388
1418,75,1493,0.1388
1410,72,1482,0.1388
1408,74,1482,0.1388
1413,75,1488,0.1388
1412,78,1490,0.1388
1421,77,1498,0.1388
1419,77,1496,0.1388
1417,76,1493,0.1388
1421,74,1495,0.1388
1405,78,1483,0.1388
1415,78,1493,0.1388
1427,77,1504,0.1388
1416,81,1497,0.1388
1414,78,1492,0.1388
1409,80,1489,0.1388
1415,77,1492,0.1388
1411,78,1489,0.1388
1400,82,1482,0.1388
1404,87,1491,0.1388
1400,87,1487,0.1388
1401,86,1487,0.1388
1411,90,1501,0.1388
1416,91,1507,0.1388
1408,86,1494,0.1388
1403,88,1491,0.1388
1407,90,1497,0.1388
1393,87,1480,0.1388
1404,87,1491,0.1388
1395,89,1484,0.1388
1414,88,1502,0.1388
1423,86,1509,0.1388
1419,86,1505,0.1388
1421,86,1507,0.1388
1411,87,1498,0.1388
1415,85,1500,0.1388
1413,86,1499,0.1388
1397,85,1482,0.1388
1404,89,1493,0.1388
1400,86,1486,0.1388
1404,86,1490,0.1388
1400,83,1483,0.1388
1382,90,1472,0.1388
1400,91,1491,0.1388
1399,94,1493,0.1388
1396,91,1487,0.1388
1390,90,1480,0.1388
1401,88,1489,0.1388
1388,90,1478,0.1388
1390,91,1481,0.1388
1399,89,1488,0.1388
1397,93,1490,0.1388
1397,93,1490,0.1388
1385,93,1478,0.1388
1400,94,1494,0.1388
1401,95,1496,0.1388
1408,94,1502,0.1388
1405,92,1497,0.1388
1408,93,1501,0.1388
1396,94,1490,0.1388
1382,95,1477,0.1388
1393,95,1488,0.1388
1391,95,1486,0.1388
1401,95,1496,0.1388
1398,92,1490,0.1388
1401,95,1496,0.1388
1405,98,1503,0.1388
1406,99,1505,0.1388
1399,97,1496,0.1388
1401,101,1502,0.1388
1404,102,1506,0.1388
1402,102,1504,0.1388
1396,99,1495,0.1388
1390,102,1492,0.1388
1397,101,1498,0.1388
1405,104,1509,0.1388
1379,104,1483,0.1388
1379,103,1482,0.1388
1390,98,1488,0.1388
1391,102,1493,0.1388
1384,98,1482,0.1388
1383,103,1486,0.1388
1390,102,1492,0.1388
1388,103,1491,0.1388
1385,107,1492,0.1388
1380,107,1487,0.1388
1378,107,1485,0.1388
1378,106,1484,0.1388
1370,107,1477,0.1388
1375,112,1487,0.1388
1374,115,1489,0.1388
1377,114,1491,0.1388
1388,114,1502,0.1388
1394,110,1504,0.1388
1380,114,1494,0.1388
1385,110,1495,0.1388
1383,111,1494,0.1388
1386,109,1495,0.1388
1378,117,1495,0.1388
1362,119,1481,0.1388
1360,121,1481,0.1388
1358,120,1478,0.1388
1357,119,1476,0.1388
1372,120,1492,0.1388
1370,123,1493,0.1388
1368,128,1496,0.1388
1367,128,1495,0.1388
1348,129,1477,0.1388
1347,131,1478,0.1388
1364,135,1499,0.1388
1353,135,1488,0.1388
1351,139,1490,0.1388
1348,138,1486,0.1388
1353,140,1493,0.1388
1349,141,1490,0.1388
1352,142,1494,0.1388
1357,139,1496,0.1388
1355,147,1502,0.1388
1353,144,1497,0.1388
1341,146,1487,0.1388
1342,147,1489,0.1388
1338,148,1486,0.1388
1349,151,1500,0.1388
1328,150,1478,0.1388
1333,152,1485,0.1388
1340,150,1490,0.1388
1331,148,1479,0.1388
1345,148,1493,0.1388
1351,146,1497,0.1388
1345,148,1493,0.1388
1347,153,1500,0.1388
1353,152,1505,0.1388
1346,148,1494,0.1388
1356,154,1510,0.1388
1356,158,1514,0.1388
1337,154,1491,0.1388
1330,161,1491,0.1388
1325,154,1479,0.1388
1328,157,1485,0.1388
1344,156,1500,0.1388
1335,155,1490,0.1388
1337,153,1490,0.1388
1333,158,1491,0.1388
1334,157,1491,0.1388
1349,161,1510,0.1388
1343,158,1501,0.1388
1343,157,1500,0.1388
1329,156,1485,0.1388
1326,154,1480,0.1388
1326,156,1482,0.1388
1324,163,1487,0.1388
1324,167,1491,0.1388
1325,169,1494,0.1388
1325,172,1497,0.1388
1319,171,1490,0.1388
1316,172,1488,0.1388
1317,170,1487,0.1388
1322,173,1495,0.1388
1312,171,1483,0.1388
1315,170,1485,0.1388
1315,168,1483,0.1388
1320,167,1487,0.1388
1325,165,1490,0.1388
1330,169,1499,0.1388
1324,173,1497,0.1388
1316,173,1489,0.1388
1315,173,1488,0.1388
1303,172,1475,0.1388
1319,170,1489,0.1388
1323,168,1491,0.1388
1328,165,1493,0.1388
1323,165,1488,0.1388
1329,164,1493,0.1388
1315,166,1481,0.1388
1315,166,1481,0.1388
1308,171,1479,0.1388
1318,172,1490,0.1388
1312,172,1484,0.1388
1313,177,1490,0.1388
1317,174,1491,0.1388
1336,175,1511,0.1388
1332,179,1511,0.1388
1329,179,1508,0.1388
1337,184,1521,0.1388
1322,182,1504,0.1388
1318,181,1499,0.1388
1314,182,1496,0.1388
1317,184,1501,0.1388
1304,189,1493,0.1388
1307,191,1498,0.1388
1315,193,1508,0.1388
1303,197,1500,0.1388
1287,204,1491,0.1388
1289,204,1493,0.1388
1291,201,1492,0.1388
1288,202,1490,0.1388
1290,202,1492,0.1388
1291,206,1497,0.1388
1296,207,1503,0.1388
1288,211,1499,0.1388
1300,199,1499,0.1388
1304,203,1507,0.1388
1306,202,1508,0.1388
1300,209,1509,0.1388
1296,209,1505,0.1388
1295,208,1503,0.1388
1287,211,1498,0.1388
1281,210,1491,0.1388
1293,212,1505,0.1388
1287,215,1502,0.1388
1278,212,1490,0.1388
1275,214,1489,0.1388
1280,216,1496,0.1388
1279,216,1495,0.1388
1278,215,1493,0.1388
1267,216,1483,0.1388
1255,219,1474,0.1388
1264,223,1487,0.1388
1263,221,1484,0.1388
1270,221,1491,0.1388
1259,229,1488,0.1388
1256,227,1483,0.1388
1260,228,1488,0.1388
1267,228,1495,0.1388
1260,230,1490,0.1388
1257,227,1484,0.1388
1260,234,1494,0.1388
1272,231,1503,0.1388
1269,228,1497,0.1388
1282,221,1503,0.1388
1278,221,1499,0.1388
1275,228,1503,0.1388
1270,229,1499,0.1388
1271,228,1499,0.1388
1255,232,1487,0.1388
1244,235,1479,0.1388
1242,234,1476,0.1388
1254,228,1482,0.1388
1261,233,1494,0.1388
1263,241,1504,0.1388
1265,242,1507,0.1388
1258,237,1495,0.1388
1260,239,1499,0.1388
1252,237,1489,0.1388
1257,239,1496,0.1388
1259,237,1496,0.1388
1250,241,1491,0.1388
1243,239,1482,0.1388
1243,241,1484,0.1388
1249,239,1488,0.1388
1249,245,1494,0.1388
1257,244,1501,0.1388
1270,244,1514,0.1388
1258,246,1504,0.1388
1265,251,1516,0.1388
1256,251,1507,0.1388
1247,257,1504,0.1388
1226,259,1485,0.1388
1224,261,1485,0.1388
1243,257,1500,0.1388
1244,259,1503,0.1388
1244,257,1501,0.1388
1235,255,1490,0.1388
1246,257,1503,0.1388
1237,252,1489,0.1388
1242,258,1500,0.1388
1246,256,1502,0.1388
1257,258,1515,0.1388
1259,256,1515,0.1388
1257,257,1514,0.1388
1234,261,1495,0.1388
1240,261,1501,0.1388
1229,264,1493,0.1388
1217,270,1487,0.1388
1219,270,1489,0.1388
1226,269,1495,0.1388
1241,272,1513,0.1388
1252,269,1521,0.1388
1240,268,1508,0.1388
1239,272,1511,0.1388
1241,274,1515,0.1388
1228,279,1507,0.1388
1230,279,1509,0.1388
1218,286,1504,0.1388
1217,285,1502,0.1388
1206,283,1489,0.1388
1206,286,1492,0.1388
1197,292,1489,0.1388
1203,296,1499,0.1388
1214,297,1511,0.1388
1201,293,1494,0.1388
1194,289,1483,0.1388
1186,286,1472,0.1388
1196,295,1491,0.1388
1212,292,1504,0.1388
1214,287,1501,0.1388
1219,281,1500,0.1388
1225,286,1511,0.1388
1215,289,1504,0.1388
1207,291,1498,0.1388
1208,290,1498,0.1388
1199,291,1490,0.1388
1192,283,1475,0.1388
1200,290,1490,0.1388
1204,289,1493,0.1388
1194,289,1483,0.1388
1194,283,1477,0.1388
1199,289,1488,0.1388
1202,292,1494,0.1388
1202,287,1489,0.1388
1198,295,1493,0.1388
1202,293,1495,0.1388
1208,293,1501,0.1388
1208,297,1505,0.1388
1204,300,1504,0.1388
1198,304,1502,0.1388
1190,307,1497,0.1388
1183,307,1490,0.1388
1174,309,1483,0.1388
1180,308,1488,0.1388
1177,307,1484,0.1388
1196,303,1499,0.1388
1201,305,1506,0.1388
1203,307,1510,0.1388
1199,303,1502,0.1388
1205,303,1508,0.1388
1189,301,1490,0.1388
1195,307,1502,0.1388
1185,312,1497,0.1388
1205,316,1521,0.1388
1191,318,1509,0.1388
1196,322,1518,0.1388
1190,317,1507,0.1388
1190,314,1504,0.1388
1195,320,1515,0.1388
1187,319,1506,0.1388
1189,313,1502,0.1388
1177,320,1497,0.1388
1179,315,1494,0.1388
1185,318,1503,0.1388
1187,329,1516,0.1388
1192,331,1523,0.1388
1172,333,1505,0.1388
1169,330,1499,0.1388
1159,332,1491,0.1388
1160,332,1492,0.1388
1158,328,1486,0.1388
1162,326,1488,0.1388
1162,330,1492,0.1388
1169,329,1498,0.1388
1173,328,1501,0.1388
1171,326,1497,0.1388
1174,327,1501,0.1388
1174,327,1501,0.1388
1171,327,1498,0.1388
1177,329,1506,0.1388
1176,331,1507,0.1388
1182,335,1517,0.1388
1179,333,1512,0.1388
1175,340,1515,0.1388
1173,332,1505,0.1388
1165,333,1498,0.1388
1167,341,1508,0.1388
1156,340,1496,0.1388
1160,338,1498,0.1388
1152,345,1497,0.1388
1157,349,1506,0.1388
1162,346,1508,0.1388
1161,351,1512,0.1388
1160,353,1513,0.1388
1144,360,1504,0.1388
1136,355,1491,0.1388
1129,360,1489,0.1388
1131,362,1493,0.1388
1137,360,1497,0.1388
1134,363,1497,0.1388
1120,362,1482,0.1388
1126,364,1490,0.1388
1129,366,1495,0.1388
1130,372,1502,0.1388
1134,365,1499,0.1388
1129,370,1499,0.1388
1127,370,1497,0.1388
1122,370,1492,0.1388
1116,377,1493,0.1388
1115,379,1494,0.1388
1112,380,1492,0.1388
1106,375,1481,0.1388
1114,378,1492,0.1388
1101,379,1480,0.1388
1110,378,1488,0.1388
1107,376,1483,0.1388
1108,382,1490,0.1388
1102,391,1493,0.1388
1096,396,1492,0.1388
1107,388,1495,0.1388
1120,393,1513,0.1388
1109,393,1502,0.1388
1101,395,1496,0.1388
1111,389,1500,0.1388
1133,388,1521,0.1388
1118,394,1512,0.1388
1120,393,1513,0.1388
1114,390,1504,0.1388
1100,388,1488,0.1388
1114,381,1495,0.1388
1096,382,1478,0.1388
1093,382,1475,0.1388
1106,382,1488,0.1388
1108,379,1487,0.1388
1100,381,1481,0.1388
1100,386,1486,0.1388
1101,384,1485,0.1388
1090,384,1474,0.1388
1087,392,1479,0.1388
1096,390,1486,0.1388
1113,387,1500,0.1388
1116,395,1511,0.1388
1111,393,1504,0.1388
1108,395,1503,0.1388
1097,390,1487,0.1388
1088,397,1485,0.1388
1078,402,1480,0.1388
1097,409,1506,0.1388
1094,415,1509,0.1388
1087,416,1503,0.1388
1073,416,1489,0.1388
1082,415,1497,0.1388
1081,416,1497,0.1388
1076,417,1493,0.1388
1082,415,1497,0.1388
1080,419,1499,0.1388
1075,421,1496,0.1388
1070,421,1491,0.1388
1068,420,1488,0.1388
1072,420,1492,0.1388
1074,421,1495,0.1388
1064,420,1484,0.1388
1071,420,1491,0.1388
1081,423,1504,0.1388
1095,421,1516,0.1388
1091,430,1521,0.1388
1088,432,1520,0.1388
1083,428,1511,0.1388
1080,428,1508,0.1388
1082,424,1506,0.1388
1069,421,1490,0.1388
1064,421,1485,0.1388
1058,422,1480,0.1388
1062,428,1490,0.1388
1056,432,1488,0.1388
1048,439,1487,0.1388
1059,443,1502,0.1388
1065,437,1502,0.1388
1061,445,1506,0.1388
1062,441,1503,0.1388
1060,449,1509,0.1388
1057,446,1503,0.1388
1056,445,1501,0.1388
1054,437,1491,0.1388
1054,443,1497,0.1388
1061,451,1512,0.1388
1059,458,1517,0.1388
1047,452,1499,0.1388
1042,450,1492,0.1388
1042,450,1492,0.1388
1054,444,1498,0.1388
1052,458,1510,0.1388
1043,462,1505,0.1388
1046,460,1506,0.1388
1039,464,1503,0.1388
1029,470,1499,0.1388
1020,463,1483,0.1388
1029,464,1493,0.1388
1036,463,1499,0.1388
1041,464,1505,0.1388
1046,455,1501,0.1388
1041,456,1497,0.1388
1033,461,1494,0.1388
1034,459,1493,0.1388
1041,456,1497,0.1388
1037,451,1488,0.1388
1036,450,1486,0.1388
1044,463,1507,0.1388
1050,462,1512,0.1388
1057,470,1527,0.1388
1051,476,1527,0.1388
1032,468,1500,0.1388
1036,468,1504,0.1388
1030,476,1506,0.1388
1032,480,1512,0.1388
1031,478,1509,0.1388
1034,478,1512,0.1388
1032,479,1511,0.1388
1025,473,1498,0.1388
1005,484,1489,0.1388
1000,488,1488,0.1388
997,493,1490,0.1388
996,497,1493,0.1388
995,495,1490,0.1388
984,492,1476,0.1388
986,491,1477,0.1388
984,492,1476,0.1388
991,493,1484,0.1388
990,495,1485,0.1388
987,500,1487,0.1388
988,504,1492,0.1388
995,502,1497,0.1388
998,502,1500,0.1388
1003,512,1515,0.1388
997,520,1517,0.1388
991,514,1505,0.1388
986,511,1497,0.1388
1000,520,1520,0.1388
1001,524,1525,0.1388
997,522,1519,0.1388
1006,519,1525,0.1388
1005,519,1524,0.1388
996,514,1510,0.1388
993,516,1509,0.1388
984,519,1503,0.1388
986,523,1509,0.1388
988,520,1508,0.1388
992,519,1511,0.1388
1009,512,1521,0.1388
1004,500,1504,0.1388
1007,506,1513,0.1388
997,517,1514,0.1388
997,507,1504,0.1388
992,505,1497,0.1388
1000,504,1504,0.1388
1009,493,1502,0.1388
999,494,1493,0.1388
1000,499,1499,0.1388
996,506,1502,0.1388
989,501,1490,0.1388
981,496,1477,0.1388
985,499,1484,0.1388
993,490,1483,0.1388
991,508,1499,0.1388
986,522,1508,0.1388
965,525,1490,0.1388
974,522,1496,0.1388
973,528,1501,0.1388
971,522,1493,0.1388
972,523,1495,0.1388
974,522,1496,0.1388
977,526,1503,0.1388
968,526,1494,0.1388
968,530,1498,0.1388
968,534,1502,0.1388
969,535,1504,0.1388
950,543,1493,0.1388
953,547,1500,0.1388
943,540,1483,0.1388
951,539,1490,0.1388
944,552,1496,0.1388
935,558,1493,0.1388
949,549,1498,0.1388
955,551,1506,0.1388
971,548,1519,0.1388
968,552,1520,0.1388
963,544,1507,0.1388
962,545,1507,0.1388
968,544,1512,0.1388
974,544,1518,0.1388
979,547,1526,0.1388
957,544,1501,0.1388
960,547,1507,0.1388
954,534,1488,0.1388
959,532,1491,0.1388
965,523,1488,0.1388
963,526,1489,0.1388
961,540,1501,0.1388
954,546,1500,0.1388
952,551,1503,0.1388
951,554,1505,0.1388
955,558,1513,0.1388
946,553,1499,0.1388
943,554,1497,0.1388
937,557,1494,0.1388
930,552,1482,0.1388
926,562,1488,0.1388
948,566,1514,0.1388
937,570,1507,0.1388
940,569,1509,0.1388
935,560,1495,0.1388
928,564,1492,0.1388
925,556,1481,0.1388
925,565,1490,0.1388
922,564,1486,0.1388
931,571,1502,0.1388
920,567,1487,0.1388
915,575,1490,0.1388
927,586,1513,0.1388
929,593,1522,0.1388
921,587,1508,0.1388
907,587,1494,0.1388
910,592,1502,0.1388
907,586,1493,0.1388
915,593,1508,0.1388
917,586,1503,0.1388
903,588,1491,0.1388
905,578,1483,0.1388
907,581,1488,0.1388
908,585,1493,0.1388
901,583,1484,0.1388
901,589,1490,0.1388
904,582,1486,0.1388
911,581,1492,0.1388
918,587,1505,0.1388
927,587,1514,0.1388
922,590,1512,0.1388
918,587,1505,0.1388
923,583,1506,0.1388
932,580,1512,0.1388
933,585,1518,0.1388
933,585,1518,0.1388
923,591,1514,0.1388
918,592,1510,0.1388
918,596,1514,0.1388
904,598,1502,0.1388
903,596,1499,0.1388
909,599,1508,0.1388
906,603,1509,0.1388
898,593,1491,0.1388
893,597,1490,0.1388
892,605,1497,0.1388
899,599,1498,0.1388
901,609,1510,0.1388
898,610,1508,0.1388
894,607,1501,0.1388
889,605,1494,0.1388
881,601,1482,0.1388
883,606,1489,0.1388
880,604,1484,0.1388
881,612,1493,0.1388
867,616,1483,0.1388
876,613,1489,0.1388
883,626,1509,0.1388
877,622,1499,0.1388
866,631,1497,0.1388
870,634,1504,0.1388
868,628,1496,0.1388
864,622,1486,0.1388
870,622,1492,0.1388
864,627,1491,0.1388
872,625,1497,0.1388
869,616,1485,0.1388
866,619,1485,0.1388
866,618,1484,0.1388
862,618,1480,0.1388
863,627,1490,0.1388
870,629,1499,0.1388
866,632,1498,0.1388
878,629,1507,0.1388
872,632,1504,0.1388
876,637,1513,0.1388
879,639,1518,0.1388
862,638,1500,0.1388
866,640,1506,0.1388
871,641,1512,0.1388
876,634,1510,0.1388
881,638,1519,0.1388
875,636,1511,0.1388
869,641,1510,0.1388
862,646,1508,0.1388
855,646,1501,0.1388
863,650,1513,0.1388
867,647,1514,0.1388
866,648,1514,0.1388
857,659,1516,0.1388
857,657,1514,0.1388
854,661,1515,0.1388
854,667,1521,0.1388
846,668,1514,0.1388
839,668,1507,0.1388
824,661,1485,0.1388
824,671,1495,0.1388
830,659,1489,0.1388
828,675,1503,0.1388
829,672,1501,0.1388
836,675,1511,0.1388
823,678,1501,0.1388
817,685,1502,0.1388
819,679,1498,0.1388
820,691,1511,0.1388
821,695,1516,0.1388
816,698,1514,0.1388
811,704,1515,0.1388
811,700,1511,0.1388
813,705,1518,0.1388
819,703,1522,0.1388
805,700,1505,0.1388
804,707,1511,0.1388
807,703,1510,0.1388
803,718,1521,0.1388
806,712,1518,0.1388
803,727,1530,0.1388
798,722,1520,0.1388
793,717,1510,0.1388
794,719,1513,0.1388
783,713,1496,0.1388
786,706,1492,0.1388
784,713,1497,0.1388
791,718,1509,0.1388
789,723,1512,0.1388
792,715,1507,0.1388
791,722,1513,0.1388
778,721,1499,0.1388
777,729,1506,0.1388
775,734,1509,0.1388
780,731,1511,0.1388
774,738,1512,0.1388
768,749,1517,0.1388
771,762,1533,0.1388
769,761,1530,0.1388
755,756,1511,0.1388
755,753,1508,0.1388
749,756,1505,0.1388
738,757,1495,0.1388
737,769,1506,0.1388
736,766,1502,0.1388
749,771,1520,0.1388
745,780,1525,0.1388
733,771,1504,0.1388
724,780,1504,0.1388
730,792,1522,0.1388
732,790,1522,0.1388
732,774,1506,0.1388
724,771,1495,0.1388
724,769,1493,0.1388
727,768,1495,0.1388
725,771,1496,0.1388
724,768,1492,0.1388
728,770,1498,0.1388
726,760,1486,0.1388
732,765,1497,0.1388
732,774,1506,0.1388
738,768,1506,0.1388
747,766,1513,0.1388
746,774,1520,0.1388
737,785,1522,0.1388
739,790,1529,0.1388
741,782,1523,0.1388
732,779,1511,0.1388
738,775,1513,0.1388
735,782,1517,0.1388
730,780,1510,0.1388
723,788,1511,0.1388
731,798,1529,0.1388
726,798,1524,0.1388
719,808,1527,0.1388
724,796,1520,0.1388
716,798,1514,0.1388
719,797,1516,0.1388
721,809,1530,0.1388
725,800,1525,0.1388
712,796,1508,0.1388
712,800,1512,0.1388
699,809,1508,0.1388
705,807,1512,0.1388
704,804,1508,0.1388
700,806,1506,0.1388
691,811,1502,0.1388
697,812,1509,0.1388
692,819,1511,0.1388
689,826,1515,0.1388
685,830,1515,0.1388
679,829,1508,0.1388
671,828,1499,0.1388
656,818,1474,0.1388
652,829,1481,0.1388
665,831,1496,0.1388
666,831,1497,0.1388
667,816,1483,0.1388
663,833,1496,0.1388
669,830,1499,0.1388
672,840,1512,0.1388
674,848,1522,0.1388
678,850,1528,0.1388
681,853,1534,0.1388
679,845,1524,0.1388
664,842,1506,0.1388
667,844,1511,0.1388
663,840,1503,0.1388
660,841,1501,0.1388
661,841,1502,0.1388
648,846,1494,0.1388
638,847,1485,0.1388
647,859,1506,0.1388
647,858,1505,0.1388
648,867,1515,0.1388
647,870,1517,0.1388
648,864,1512,0.1388
646,872,1518,0.1388
635,865,1500,0.1388
633,863,1496,0.1388
636,863,1499,0.1388
633,876,1509,0.1388
633,867,1500,0.1388
634,859,1493,0.1388
632,865,1497,0.1388
635,878,1513,0.1388
623,882,1505,0.1388
622,885,1507,0.1388
621,886,1507,0.1388
621,894,1515,0.1388
619,899,1518,0.1388
613,889,1502,0.1388
613,896,1509,0.1388
604,900,1504,0.1388
602,901,1503,0.1388
608,905,1513,0.1388
609,905,1514,0.1388
605,907,1512,0.1388
601,908,1509,0.1388
600,897,1497,0.1388
595,891,1486,0.1388
591,884,1475,0.1388
588,900,1488,0.1388
597,913,1510,0.1388
592,922,1514,0.1388
586,939,1525,0.1388
580,926,1506,0.1388
579,934,1513,0.1388
577,940,1517,0.1388
573,949,1522,0.1388
560,951,1511,0.1388
560,944,1504,0.1388
559,944,1503,0.1388
553,931,1484,0.1388
555,935,1490,0.1388
549,949,1498,0.1388
543,956,1499,0.1388
540,972,1512,0.1388
538,965,1503,0.1388
536,965,1501,0.1388
537,959,1496,0.1388
529,961,1490,0.1388
532,964,1496,0.1388
535,972,1507,0.1388
540,980,1520,0.1388
542,978,1520,0.1388
538,973,1511,0.1388
541,964,1505,0.1388
537,969,1506,0.1388
541,967,1508,0.1388
535,963,1498,0.1388
534,968,1502,0.1388
531,969,1500,0.1388
528,972,1500,0.1388
528,975,1503,0.1388
535,975,1510,0.1388
536,977,1513,0.1388
531,972,1503,0.1388
527,964,1491,0.1388
529,974,1503,0.1388
528,982,1510,0.1388
529,977,1506,0.1388
535,978,1513,0.1388
534,982,1516,0.1388
534,979,1513,0.1388
524,969,1493,0.1388
525,981,1506,0.1388
519,979,1498,0.1388
521,980,1501,0.1388
516,987,1503,0.1388
517,989,1506,0.1388
515,988,1503,0.1388
512,993,1505,0.1388
512,993,1505,0.1388
508,1003,1511,0.1388
501,1013,1514,0.1388
500,1012,1512,0.1388
500,1012,1512,0.1388
504,1005,1509,0.1388
504,1010,1514,0.1388
497,1016,1513,0.1388
494,1021,1515,0.1388
491,1022,1513,0.1388
499,1016,1515,0.1388
493,1024,1517,0.1388
488,1015,1503,0.1388
485,1006,1491,0.1388
488,1018,1506,0.1388
490,1020,1510,0.1388
491,1018,1509,0.1388
494,1025,1519,0.1388
492,1017,1509,0.1388
504,1015,1519,0.1388
502,1015,1517,0.1388
499,1010,1509,0.1388
498,1004,1502,0.1388
482,1019,1501,0.1388
490,1016,1506,0.1388
493,1008,1501,0.1388
491,1014,1505,0.1388
497,1014,1511,0.1388
505,1004,1509,0.1388
512,992,1504,0.1388
511,991,1502,0.1388
512,995,1507,0.1388
512,1007,1519,0.1388
512,998,1510,0.1388
510,1005,1515,0.1388
518,1000,1518,0.1388
512,1008,1520,0.1388
510,1016,1526,0.1388
501,1012,1513,0.1388
502,1011,1513,0.1388
506,1025,1531,0.1388
503,1021,1524,0.1388
499,1008,1507,0.1388
499,1004,1503,0.1388
503,1001,1504,0.1388
500,1002,1502,0.1388
494,1001,1495,0.1388
501,1003,1504,0.1388
496,1001,1497,0.1388
501,1002,1503,0.1388
493,1024,1517,0.1388
490,1021,1511,0.1388
490,1024,1514,0.1388
483,1030,1513,0.1388
488,1031,1519,0.1388
491,1026,1517,0.1388
484,1039,1523,0.1388
489,1042,1531,0.1388
477,1027,1504,0.1388
477,1036,1513,0.1388
477,1038,1515,0.1388
467,1044,1511,0.1388
469,1043,1512,0.1388
465,1053,1518,0.1388
461,1056,1517,0.1388
456,1057,1513,0.1388
455,1050,1505,0.1388
450,1056,1506,0.1388
443,1060,1503,0.1388
436,1075,1511,0.1388
440,1072,1512,0.1388
449,1069,1518,0.1388
447,1071,1518,0.1388
445,1080,1525,0.1388
437,1076,1513,0.1388
432,1075,1507,0.1388
433,1083,1516,0.1388
433,1079,1512,0.1388
430,1080,1510,0.1388
424,1087,1511,0.1388
420,1080,1500,0.1388
417,1091,1508,0.1388
420,1079,1499,0.1388
419,1085,1504,0.1388
423,1089,1512,0.1388
427,1085,1512,0.1388
427,1083,1510,0.1388
421,1087,1508,0.1388
422,1097,1519,0.1388
423,1099,1522,0.1388
418,1101,1519,0.1388
416,1105,1521,0.1388
411,1107,1518,0.1388
407,1109,1516,0.1388
406,1100,1506,0.1388
409,1100,1509,0.1388
405,1083,1488,0.1388
400,1101,1501,0.1388
401,1096,1497,0.1388
398,1108,1506,0.1388
396,1103,1499,0.1388
402,1104,1506,0.1388
404,1104,1508,0.1388
405,1112,1517,0.1388
408,1123,1531,0.1388
406,1122,1528,0.1388
411,1118,1529,0.1388
408,1107,1515,0.1388
406,1110,1516,0.1388
403,1098,1501,0.1388
396,1122,1518,0.1388
396,1120,1516,0.1388
402,1120,1522,0.1388
394,1119,1513,0.1388
394,1128,1522,0.1388
396,1118,1514,0.1388
388,1103,1491,0.1388
389,1120,1509,0.1388
392,1124,1516,0.1388
390,1126,1516,0.1388
392,1132,1524,0.1388
386,1117,1503,0.1388
387,1121,1508,0.1388
387,1124,1511,0.1388
384,1127,1511,0.1388
379,1132,1511,0.1388
381,1127,1508,0.1388
376,1129,1505,0.1388
372,1128,1500,0.1388
377,1128,1505,0.1388
374,1122,1496,0.1388
373,1127,1500,0.1388
370,1136,1506,0.1388
369,1144,1513,0.1388
370,1143,1513,0.1388
368,1151,1519,0.1388
366,1163,1529,0.1388
361,1165,1526,0.1388
356,1173,1529,0.1388
353,1178,1531,0.1388
353,1162,1515,0.1388
353,1170,1523,0.1388
352,1164,1516,0.1388
352,1169,1521,0.1388
348,1169,1517,0.1388
345,1159,1504,0.1388
348,1153,1501,0.1388
346,1161,1507,0.1388
346,1156,1502,0.1388
348,1159,1507,0.1388
344,1167,1511,0.1388
331,1179,1510,0.1388
324,1182,1506,0.1388
321,1171,1492,0.1388
323,1166,1489,0.1388
322,1180,1502,0.1388
321,1179,1500,0.1388
318,1182,1500,0.1388
323,1187,1510,0.1388
319,1194,1513,0.1388
325,1196,1521,0.1388
325,1189,1514,0.1388
328,1184,1512,0.1388
326,1186,1512,0.1388
323,1171,1494,0.1388
322,1178,1500,0.1388
319,1183,1502,0.1388
318,1197,1515,0.1388
312,1202,1514,0.1388
312,1195,1507,0.1388
311,1201,1512,0.1388
313,1205,1518,0.1388
315,1191,1506,0.1388
308,1188,1496,0.1388
308,1190,1498,0.1388
319,1190,1509,0.1388
321,1192,1513,0.1388
313,1197,1510,0.1388
312,1195,1507,0.1388
307,1203,1510,0.1388
314,1194,1508,0.1388
311,1191,1502,0.1388
311,1192,1503,0.1388
309,1184,1493,0.1388
310,1184,1494,0.1388
310,1193,1503,0.1388
309,1189,1498,0.1388
308,1188,1496,0.1388
306,1202,1508,0.1388
310,1188,1498,0.1388
309,1185,1494,0.1388
309,1198,1507,0.1388
311,1189,1500,0.1388
316,1193,1509,0.1388
311,1196,1507,0.1388
309,1201,1510,0.1388
304,1207,1511,0.1388
300,1224,1524,0.1388
299,1221,1520,0.1388
298,1222,1520,0.1388
303,1209,1512,0.1388
301,1209,1510,0.1388
304,1215,1519,0.1388
305,1213,1518,0.1388
301,1201,1502,0.1388
296,1205,1501,0.1388
297,1218,1515,0.1388
296,1216,1512,0.1388
295,1213,1508,0.1388
294,1218,1512,0.1388
294,1218,1512,0.1388
292,1207,1499,0.1388
293,1210,1503,0.1388
292,1223,1515,0.1388
288,1209,1497,0.1388
294,1228,1522,0.1388
296,1222,1518,0.1388
298,1222,1520,0.1388
298,1206,1504,0.1388
297,1203,1500,0.1388
297,1210,1507,0.1388
292,1222,1514,0.1388
284,1220,1504,0.1388
286,1219,1505,0.1388
287,1215,1502,0.1388
284,1210,1494,0.1388
285,1213,1498,0.1388
279,1219,1498,0.1388
280,1214,1494,0.1388
274,1225,1499,0.1388
274,1240,1514,0.1388
274,1238,1512,0.1388
274,1246,1520,0.1388
275,1245,1520,0.1388
272,1252,1524,0.1388
266,1244,1510,0.1388
263,1249,1512,0.1388
260,1255,1515,0.1388
259,1251,1510,0.1388
253,1252,1505,0.1388
249,1248,1497,0.1388
255,1228,1483,0.1388
260,1229,1489,0.1388
256,1221,1477,0.1388
254,1230,1484,0.1388
254,1234,1488,0.1388
254,1244,1498,0.1388
258,1247,1505,0.1388
260,1246,1506,0.1388
257,1248,1505,0.1388
260,1260,1520,0.1388
258,1259,1517,0.1388
252,1267,1519,0.1388
249,1269,1518,0.1388
248,1272,1520,0.1388
252,1264,1516,0.1388
249,1266,1515,0.1388
247,1256,1503,0.1388
247,1250,1497,0.1388
253,1255,1508,0.1388
246,1269,1515,0.1388
248,1270,1518,0.1388
249,1267,1516,0.1388
247,1267,1514,0.1388
246,1259,1505,0.1388
241,1268,1509,0.1388
237,1279,1516,0.1388
236,1270,1506,0.1388
229,1277,1506,0.1388
231,1285,1516,0.1388
229,1277,1506,0.1388
229,1276,1505,0.1388
226,1282,1508,0.1388
227,1277,1504,0.1388
227,1292,1519,0.1388
221,1295,1516,0.1388
224,1295,1519,0.1388
220,1287,1507,0.1388
222,1297,1519,0.1388
225,1297,1522,0.1388
224,1288,1512,0.1388
225,1287,1512,0.1388
222,1292,1514,0.1388
222,1288,1510,0.1388
220,1284,1504,0.1388
222,1279,1501,0.1388
215,1282,1497,0.1388
209,1287,1496,0.1388
209,1290,1499,0.1388
208,1283,1491,0.1388
211,1291,1502,0.1388
214,1301,1515,0.1388
214,1294,1508,0.1388
212,1300,1512,0.1388
208,1290,1498,0.1388
205,1297,1502,0.1388
205,1298,1503,0.1388
199,1321,1520,0.1388
196,1321,1517,0.1388
193,1320,1513,0.1388
191,1332,1523,0.1388
190,1322,1512,0.1388
193,1329,1522,0.1388
195,1330,1525,0.1388
196,1323,1519,0.1388
194,1325,1519,0.1388
192,1319,1511,0.1388
193,1323,1516,0.1388
194,1325,1519,0.1388
195,1334,1529,0.1388
195,1338,1533,0.1388
196,1330,1526,0.1388
195,1327,1522,0.1388
192,1316,1508,0.1388
193,1316,1509,0.1388
196,1316,1512,0.1388
196,1317,1513,0.1388
196,1325,1521,0.1388
194,1320,1514,0.1388
187,1313,1500,0.1388
184,1315,1499,0.1388
187,1324,1511,0.1388
184,1319,1503,0.1388
181,1322,1503,0.1388
177,1331,1508,0.1388
178,1352,1530,0.1388
176,1353,1529,0.1388
174,1342,1516,0.1388
168,1345,1513,0.1388
167,1344,1511,0.1388
167,1343,1510,0.1388
166,1350,1516,0.1388
169,1348,1517,0.1388
164,1359,1523,0.1388
161,1364,1525,0.1388
164,1376,1540,0.1388
164,1371,1535,0.1388
163,1371,1534,0.1388
163,1370,1533,0.1388
166,1345,1511,0.1388
167,1341,1508,0.1388
169,1337,1506,0.1388
170,1346,1516,0.1388
166,1344,1510,0.1388
166,1353,1519,0.1388
169,1352,1521,0.1388
168,1364,1532,0.1388
163,1365,1528,0.1388
169,1362,1531,0.1388
165,1360,1525,0.1388
166,1354,1520,0.1388
164,1361,1525,0.1388
160,1352,1512,0.1388
161,1353,1514,0.1388
160,1349,1509,0.1388
163,1339,1502,0.1388
159,1348,1507,0.1388
161,1351,1512,0.1388
163,1358,1521,0.1388
165,1375,1540,0.1388
158,1372,1530,0.1388
156,1366,1522,0.1388
160,1367,1527,0.1388
153,1359,1512,0.1388
150,1368,1518,0.1388
151,1373,1524,0.1388
157,1365,1522,0.1388
154,1365,1519,0.1388
152,1356,1508,0.1388
153,1367,1520,0.1388
149,1362,1511,0.1388
150,1362,1512,0.1388
152,1364,1516,0.1388
151,1361,1512,0.1388
149,1361,1510,0.1388
147,1360,1507,0.1388
144,1349,1493,0.1388
144,1352,1496,0.1388
143,1356,1499,0.1388
146,1358,1504,0.1388
143,1365,1508,0.1388
146,1370,1516,0.1388
148,1369,1517,0.1388
149,1374,1523,0.1388
147,1379,1526,0.1388
142,1386,1528,0.1388
140,1373,1513,0.1388
143,1379,1522,0.1388
136,1381,1517,0.1388
139,1379,1518,0.1388
138,1379,1517,0.1388
137,1384,1521,0.1388
135,1378,1513,0.1388
138,1378,1516,0.1388
138,1374,1512,0.1388
139,1372,1511,0.1388
143,1371,1514,0.1388
143,1370,1513,0.1388
145,1375,1520,0.1388
150,1368,1518,0.1388
149,1376,1525,0.1388
145,1368,1513,0.1388
148,1365,1513,0.1388
151,1363,1514,0.1388
147,1364,1511,0.1388
147,1368,1515,0.1388
147,1371,1518,0.1388
147,1364,1511,0.1388
147,1365,1512,0.1388
140,1351,1491,0.1388
143,1355,1498,0.1388
144,1351,1495,0.1388
140,1365,1505,0.1388
143,1374,1517,0.1388
137,1372,1509,0.1388
139,1370,1509,0.1388
134,1361,1495,0.1388
136,1376,1512,0.1388
129,1380,1509,0.1388
126,1381,1507,0.1388
131,1378,1509,0.1388
130,1371,1501,0.1388
127,1378,1505,0.1388
130,1383,1513,0.1388
129,1388,1517,0.1388
126,1391,1517,0.1388
121,1383,1504,0.1388
119,1391,1510,0.1388
120,1395,1515,0.1388
123,1413,1536,0.1388
124,1408,1532,0.1388
124,1405,1529,0.1388
124,1381,1505,0.1388
123,1384,1507,0.1388
124,1396,1520,0.1388
120,1398,1518,0.1388
121,1390,1511,0.1388
121,1394,1515,0.1388
123,1395,1518,0.1388
123,1404,1527,0.1388
120,1403,1523,0.1388
120,1405,1525,0.1388
115,1398,1513,0.1388
113,1399,1512,0.1388
115,1408,1523,0.1388
107,1422,1529,0.1388
112,1413,1525,0.1388
108,1411,1519,0.1388
109,1422,1531,0.1388
108,1415,1523,0.1388
108,1409,1517,0.1388
104,1409,1513,0.1388
103,1411,1514,0.1388
102,1419,1521,0.1388
100,1422,1522,0.1388
99,1405,1504,0.1388
102,1406,1508,0.1388
104,1404,1508,0.1388
107,1404,1511,0.1388
109,1409,1518,0.1388
108,1415,1523,0.1388
108,1410,1518,0.1388
107,1408,1515,0.1388
111,1414,1525,0.1388
111,1416,1527,0.1388
109,1415,1524,0.1388
103,1423,1526,0.1388
101,1427,1528,0.1388
101,1428,1529,0.1388
99,1414,1513,0.1388
98,1422,1520,0.1388
99,1415,1514,0.1388
93,1425,1518,0.1388
94,1428,1522,0.1388
93,1424,1517,0.1388
93,1425,1518,0.1388
93,1417,1510,0.1388
95,1407,1502,0.1388
94,1415,1509,0.1388
94,1420,1514,0.1388
93,1419,1512,0.1388
93,1425,1518,0.1388
92,1437,1529,0.1388
93,1431,1524,0.1388
92,1428,1520,0.1388
96,1419,1515,0.1388
96,1430,1526,0.1388
101,1422,1523,0.1388
103,1422,1525,0.1388
103,1417,1520,0.1388
100,1421,1521,0.1388
103,1428,1531,0.1388
102,1432,1534,0.1388
104,1429,1533,0.1388
104,1415,1519,0.1388
101,1424,1525,0.1388
99,1423,1522,0.1388
100,1417,1517,0.1388
96,1418,1514,0.1388
94,1428,1522,0.1388
95,1430,1525,0.1388
94,1421,1515,0.1388
94,1430,1524,0.1388
94,1442,1536,0.1388
92,1440,1532,0.1388
94,1434,1528,0.1388
93,1433,1526,0.1388
92,1428,1520,0.1388
90,1426,1516,0.1388
92,1422,1514,0.1388
88,1435,1523,0.1388
87,1436,1523,0.1388
90,1428,1518,0.1388
92,1424,1516,0.1388
91,1420,1511,0.1388
89,1405,1494,0.1388
91,1408,1499,0.1388
90,1411,1501,0.1388
90,1411,1501,0.1388
90,1415,1505,0.1388
88,1427,1515,0.1388
86,1432,1518,0.1388
89,1428,1517,0.1388
91,1437,1528,0.1388
89,1426,1515,0.1388
83,1424,1507,0.1388
84,1424,1508,0.1388
85,1435,1520,0.1388
85,1416,1501,0.1388
86,1407,1493,0.1388
84,1421,1505,0.1388
83,1423,1506,0.1388
79,1435,1514,0.1388
75,1429,1504,0.1388
75,1430,1505,0.1388
73,1431,1504,0.1388
73,1431,1504,0.1388
73,1430,1503,0.1388
73,1434,1507,0.1388
73,1446,1519,0.1388
76,1433,1509,0.1388
75,1426,1501,0.1388
78,1435,1513,0.1388
81,1435,1516,0.1388
83,1438,1521,0.1388
84,1440,1524,0.1388
80,1434,1514,0.1388
82,1434,1516,0.1388
80,1436,1516,0.1388
79,1444,1523,0.1388
77,1435,1512,0.1388
77,1440,1517,0.1388
80,1444,1524,0.1388
81,1441,1522,0.1388
80,1438,1518,0.1388
79,1436,1515,0.1388
79,1432,1511,0.1388
81,1421,1502,0.1388
78,1429,1507,0.1388
78,1444,1522,0.1388
77,1448,1525,0.1388
75,1449,1524,0.1388
74,1456,1530,0.1388
75,1443,1518,0.1388
80,1434,1514,0.1388
77,1426,1503,0.1388
76,1428,1504,0.1388
75,1447,1522,0.1388
74,1452,1526,0.1388
72,1440,1512,0.1388
72,1443,1515,0.1388
72,1452,1524,0.1388
73,1454,1527,0.1388
74,1458,1532,0.1388
73,1447,1520,0.1388
70,1458,1528,0.1388
70,1448,1518,0.1388
72,1442,1514,0.1388
69,1435,1504,0.1388
73,1432,1505,0.1388
74,1444,1518,0.1388
73,1442,1515,0.1388
71,1444,1515,0.1388
72,1439,1511,0.1388
71,1436,1507,0.1388
74,1449,1523,0.1388
76,1443,1519,0.1388
74,1444,1518,0.1388
71,1439,1510,0.1388
73,1431,1504,0.1388
75,1445,1520,0.1388
73,1446,1519,0.1388
70,1444,1514,0.1388
73,1447,1520,0.1388
72,1442,1514,0.1388
74,1440,1514,0.1388
74,1438,1512,0.1388
74,1438,1512,0.1388
74,1453,1527,0.1388
74,1454,1528,0.1388
73,1456,1529,0.1388
71,1458,1529,0.1388
72,1458,1530,0.1388
68,1458,1526,0.1388
68,1452,1520,0.1388
66,1460,1526,0.1388
68,1461,1529,0.1388
68,1446,1514,0.1388
65,1446,1511,0.1388
64,1433,1497,0.1388
65,1440,1505,0.1388
64,1452,1516,0.1388
65,1449,1514,0.1388
68,1448,1516,0.1388
65,1451,1516,0.1388
66,1444,1510,0.1388
66,1447,1513,0.1388
67,1453,1520,0.1388
66,1446,1512,0.1388
66,1457,1523,0.1388
64,1462,1526,0.1388
63,1465,1528,0.1388
63,1467,1530,0.1388
60,1471,1531,0.1388
58,1471,1529,0.1388
57,1461,1518,0.1388
56,1462,1518,0.1388
53,1465,1518,0.1388
54,1467,1521,0.1388
53,1473,1526,0.1388
55,1454,1509,0.1388
52,1454,1506,0.1388
50,1467,1517,0.1388
50,1463,1513,0.1388
48,1463,1511,0.1388
48,1463,1511,0.1388
48,1470,1518,0.1388
46,1477,1523,0.1388
45,1479,1524,0.1388
44,1471,1515,0.1388
45,1462,1507,0.1388
44,1467,1511,0.1388
42,1464,1506,0.1388
44,1466,1510,0.1388
44,1465,1509,0.1388
44,1469,1513,0.1388
43,1465,1508,0.1388
43,1457,1500,0.1388
40,1479,1519,0.1388
41,1481,1522,0.1388
40,1476,1516,0.1388
41,1472,1513,0.1388
44,1479,1523,0.1388
43,1476,1519,0.1388
43,1478,1521,0.1388
44,1493,1537,0.1388
44,1489,1533,0.1388
44,1488,1532,0.1388
44,1486,1530,0.1388
41,1482,1523,0.1388
41,1481,1522,0.1388
38,1482,1520,0.1388
41,1475,1516,0.1388
42,1465,1507,0.1388
42,1477,1519,0.1388
41,1480,1521,0.1388
42,1472,1514,0.1388
40,1467,1507,0.1388
40,1465,1505,0.1388
40,1457,1497,0.1388
41,1451,1492,0.1388
42,1473,1515,0.1388
43,1467,1510,0.1388
45,1469,1514,0.1388
46,1470,1516,0.1388
44,1472,1516,0.1388
42,1467,1509,0.1388
42,1470,1512,0.1388
43,1473,1516,0.1388
43,1485,1528,0.1388
42,1487,1529,0.1388
40,1481,1521,0.1388
39,1476,1515,0.1388
38,1476,1514,0.1388
39,1487,1526,0.1388
37,1490,1527,0.1388
36,1483,1519,0.1388
35,1474,1509,0.1388
37,1478,1515,0.1388
36,1474,1510,0.1388
36,1479,1515,0.1388
34,1485,1519,0.1388
31,1480,1511,0.1388
37,1486,1523,0.1388
36,1500,1536,0.1388
36,1502,1538,0.1388
36,1486,1522,0.1388
36,1476,1512,0.1388
36,1484,1520,0.1388
38,1473,1511,0.1388
37,1476,1513,0.1388
37,1479,1516,0.1388
37,1469,1506,0.1388
40,1466,1506,0.1388
38,1472,1510,0.1388
38,1470,1508,0.1388
39,1481,1520,0.1388
40,1483,1523,0.1388
38,1481,1519,0.1388
40,1480,1520,0.1388
40,1470,1510,0.1388
40,1466,1506,0.1388
38,1468,1506,0.1388
40,1477,1517,0.1388
40,1477,1517,0.1388
41,1466,1507,0.1388
41,1461,1502,0.1388
40,1472,1512,0.1388
39,1485,1524,0.1388
39,1480,1519,0.1388
38,1475,1513,0.1388
38,1478,1516,0.1388
40,1472,1512,0.1388
40,1478,1518,0.1388
40,1484,1524,0.1388
41,1485,1526,0.1388
41,1481,1522,0.1388
40,1481,1521,0.1388
40,1468,1508,0.1388
40,1479,1519,0.1388
39,1473,1512,0.1388
39,1483,1522,0.1388
38,1488,1526,0.1388
38,1473,1511,0.1388
39,1472,1511,0.1388
39,1489,1528,0.1388
40,1482,1522,0.1388
40,1483,1523,0.1388
41,1483,1524,0.1388
41,1471,1512,0.1388
40,1488,1528,0.1388
40,1479,1519,0.1388
40,1479,1519,0.1388
40,1488,1528,0.1388
40,1477,1517,0.1388
40,1475,1515,0.1388
39,1482,1521,0.1388
37,1483,1520,0.1388
37,1485,1522,0.1388
37,1485,1522,0.1388
37,1494,1531,0.1388
38,1479,1517,0.1388
35,1481,1516,0.1388
35,1485,1520,0.1388
34,1474,1508,0.1388
34,1472,1506,0.1388
34,1465,1499,0.1388
36,1477,1513,0.1388
36,1471,1507,0.1388
36,1470,1506,0.1388
36,1480,1516,0.1388
36,1490,1526,0.1388
34,1491,1525,0.1388
33,1491,1524,0.1388
34,1489,1523,0.1388
34,1481,1515,0.1388
33,1481,1514,0.1388
33,1479,1512,0.1388
34,1477,1511,0.1388
32,1477,1509,0.1388
34,1487,1521,0.1388
32,1490,1522,0.1388
32,1487,1519,0.1388
32,1493,1525,0.1388
32,1498,1530,0.1388
30,1495,1525,0.1388
29,1492,1521,0.1388
29,1487,1516,0.1388
29,1483,1512,0.1388
29,1488,1517,0.1388
28,1483,1511,0.1388
25,1479,1504,0.1388
25,1483,1508,0.1388
22,1491,1513,0.1388
22,1496,1518,0.1388
20,1500,1520,0.1388
19,1504,1523,0.1388
20,1495,1515,0.1388
19,1508,1527,0.1388
21,1510,1531,0.1388
21,1504,1525,0.1388
20,1503,1523,0.1388
20,1501,1521,0.1388
21,1505,1526,0.1388
20,1507,1527,0.1388
19,1504,1523,0.1388
17,1510,1527,0.1388
17,1518,1535,0.1388
17,1513,1530,0.1388
17,1506,1523,0.1388
17,1504,1521,0.1388
18,1488,1506,0.1388
18,1491,1509,0.1388
18,1484,1502,0.1388
16,1499,1515,0.1388
16,1508,1524,0.1388
15,1503,1518,0.1388
15,1492,1507,0.1388
15,1495,1510,0.1388
16,1497,1513,0.1388
17,1505,1522,0.1388
18,1499,1517,0.1388
19,1492,1511,0.1388
20,1498,1518,0.1388
20,1488,1508,0.1388
22,1505,1527,0.1388
22,1496,1518,0.1388
21,1507,1528,0.1388
20,1493,1513,0.1388
20,1483,1503,0.1388
21,1497,1518,0.1388
20,1491,1511,0.1388
20,1486,1506,0.1388
21,1496,1517,0.1388
20,1495,1515,0.1388
20,1506,1526,0.1388
20,1496,1516,0.1388
20,1491,1511,0.1388
21,1488,1509,0.1388
22,1496,1518,0.1388
21,1506,1527,0.1388
20,1496,1516,0.1388
20,1503,1523,0.1388
20,1498,1518,0.1388
20,1501,1521,0.1388
20,1502,1522,0.1388
20,1502,1522,0.1388
20,1503,1523,0.1388
20,1498,1518,0.1388
20,1501,1521,0.1388
20,1495,1515,0.1388
20,1491,1511,0.1388
20,1492,1512,0.1388
20,1492,1512,0.1388
19,1490,1509,0.1388
18,1479,1497,0.1388
19,1478,1497,0.1388
18,1490,1508,0.1388
18,1492,1510,0.1388
16,1495,1511,0.1388
16,1495,1511,0.1388
16,1489,1505,0.1388
15,1508,1523,0.1388
14,1499,1513,0.1388
14,1515,1529,0.1388
14,1497,1511,0.1388
14,1484,1498,0.1388
14,1483,1497,0.1388
14,1488,1502,0.1388
14,1506,1520,0.1388
16,1493,1509,0.1388
15,1502,1517,0.1388
15,1513,1528,0.1388
14,1507,1521,0.1388
13,1502,1515,0.1388
13,1503,1516,0.1388
13,1505,1518,0.1388
14,1507,1521,0.1388
14,1504,1518,0.1388
14,1509,1523,0.1388
13,1509,1522,0.1388
12,1502,1514,0.1388
12,1501,1513,0.1388
13,1513,1526,0.1388
12,1508,1520,0.1388
12,1499,1511,0.1388
13,1491,1504,0.1388
13,1477,1490,0.1388
13,1481,1494,0.1388
13,1495,1508,0.1388
13,1502,1515,0.1388
12,1503,1515,0.1388
12,1496,1508,0.1388
11,1502,1513,0.1388
11,1497,1508,0.1388
12,1487,1499,0.1388
11,1499,1510,0.1388
11,1501,1512,0.1388
11,1504,1515,0.1388
12,1501,1513,0.1388
11,1507,1518,0.1388
11,1500,1511,0.1388
11,1503,1514,0.1388
11,1499,1510,0.1388
10,1500,1510,0.1388
9,1495,1504,0.1388
7,1507,1514,0.1388
6,1506,1512,0.1388
6,1518,1524,0.1388
6,1513,1519,0.1388
6,1521,1527,0.1388
6,1521,1527,0.1388
6,1511,1517,0.1388
6,1506,1512,0.1388
6,1508,1514,0.1388
5,1503,1508,0.1388
5,1504,1509,0.1388
5,1505,1510,0.1388
5,1505,1510,0.1388
6,1510,1516,0.1388
6,1501,1507,0.1388
7,1509,1516,0.1388
7,1517,1524,0.1388
7,1515,1522,0.1388
7,1514,1521,0.1388
6,1509,1515,0.1388
6,1514,1520,0.1388
6,1509,1515,0.1388
6,1518,1524,0.1388
6,1506,1512,0.1388
6,1513,1519,0.1388
6,1515,1521,0.1388
6,1510,1516,0.1388
6,1507,1513,0.1388
6,1497,1503,0.1388
6,1511,1517,0.1388
6,1496,1502,0.1388
6,1508,1514,0.1388
6,1507,1513,0.1388
6,1500,1506,0.1388
6,1498,1504,0.1388
6,1503,1509,0.1388
6,1491,1497,0.1388
6,1501,1507,0.1388
6,1502,1508,0.1388
6,1512,1518,0.1388
6,1519,1525,0.1388
6,1531,1537,0.1388
5,1525,1530,0.1388
5,1516,1521,0.1388
5,1522,1527,0.1388
5,1511,1516,0.1388
5,1532,1537,0.1388
5,1517,1522,0.1388
5,1510,1515,0.1388
5,1503,1508,0.1388
5,1494,1499,0.1388
5,1508,1513,0.1388
6,1510,1516,0.1388
6,1518,1524,0.1388
6,1513,1519,0.1388
6,1517,1523,0.1388
6,1524,1530,0.1388
6,1526,1532,0.1388
6,1514,1520,0.1388
6,1508,1514,0.1388
6,1502,1508,0.1388
6,1493,1499,0.1388
6,1511,1517,0.1388
6,1516,1522,0.1388
6,1511,1517,0.1388
6,1507,1513,0.1388
6,1509,1515,0.1388
5,1500,1505,0.1388
6,1512,1518,0.1388
6,1498,1504,0.1388
6,1506,1512,0.1388
6,1505,1511,0.1388
6,1514,1520,0.1388
6,1495,1501,0.1388
5,1495,1500,0.1388
5,1487,1492,0.1388
6,1508,1514,0.1388
6,1514,1520,0.1388
6,1525,1531,0.1388
5,1511,1516,0.1388
5,1503,1508,0.1388
5,1497,1502,0.1388
5,1497,1502,0.1388
5,1513,1518,0.1388
5,1503,1508,0.1388
5,1502,1507,0.1388
5,1495,1500,0.1388
5,1498,1503,0.1388
5,1509,1514,0.1388
5,1514,1519,0.1388
5,1509,1514,0.1388
5,1505,1510,0.1388
6,1496,1502,0.1388
6,1498,1504,0.1388
6,1495,1501,0.1388
6,1503,1509,0.1388
5,1512,1517,0.1388
6,1529,1535,0.1388
6,1520,1526,0.1388
6,1512,1518,0.1388
6,1515,1521,0.1388
6,1505,1511,0.1388
7,1505,1512,0.1388
7,1505,1512,0.1388
7,1502,1509,0.1388
7,1498,1505,0.1388
8,1504,1512,0.1388
8,1507,1515,0.1388
8,1498,1506,0.1388
8,1502,1510,0.1388
8,1499,1507,0.1388
8,1502,1510,0.1388
8,1513,1521,0.1388
8,1509,1517,0.1388
7,1499,1506,0.1388
7,1496,1503,0.1388
8,1506,1514,0.1388
8,1505,1513,0.1388
8,1510,1518,0.1388
8,1513,1521,0.1388
8,1506,1514,0.1388
8,1497,1505,0.1388
8,1499,1507,0.1388
6,1508,1514,0.1388
6,1502,1508,0.1388
7,1505,1512,0.1388
7,1523,1530,0.1388
7,1525,1532,0.1388
7,1518,1525,0.1388
8,1502,1510,0.1388
9,1514,1523,0.1388
8,1504,1512,0.1388
8,1514,1522,0.1388
8,1505,1513,0.1388
8,1505,1513,0.1388
7,1515,1522,0.1388
7,1511,1518,0.1388
7,1500,1507,0.1388
9,1495,1504,0.1388
8,1493,1501,0.1388
8,1497,1505,0.1388
7,1510,1517,0.1388
8,1524,1532,0.1388
8,1520,1528,0.1388
8,1517,1525,0.1388
8,1508,1516,0.1388
8,1495,1503,0.1388
6,1491,1497,0.1388
6,1504,1510,0.1388
6,1509,1515,0.1388
5,1515,1520,0.1388
5,1513,1518,0.1388
5,1517,1522,0.1388
5,1507,1512,0.1388
5,1506,1511,0.1388
6,1514,1520,0.1388
6,1512,1518,0.1388
6,1511,1517,0.1388
5,1504,1509,0.1388
5,1499,1504,0.1388
5,1499,1504,0.1388
5,1488,1493,0.1388
5,1497,1502,0.1388
4,1495,1499,0.1388
4,1508,1512,0.1388
4,1512,1516,0.1388
4,1514,1518,0.1388
4,1519,1523,0.1388
4,1519,1523,0.1388
3,1507,1510,0.1388
3,1506,1509,0.1388
3,1491,1494,0.1388
3,1498,1501,0.1388
3,1495,1498,0.1388
3,1496,1499,0.1388
3,1507,1510,0.1388
3,1517,1520,0.1388
3,1509,1512,0.1388
3,1509,1512,0.1388
3,1504,1507,0.1388
4,1509,1513,0.1388
4,1511,1515,0.1388
5,1502,1507,0.1388
5,1512,1517,0.1388
5,1503,1508,0.1388
4,1503,1507,0.1388
4,1504,1508,0.1388
5,1502,1507,0.1388
4,1515,1519,0.1388
4,1503,1507,0.1388
3,1502,1505,0.1388
4,1505,1509,0.1388
4,1504,1508,0.1388
4,1518,1522,0.1388
5,1506,1511,0.1388
5,1522,1527,0.1388
5,1526,1531,0.1388
5,1511,1516,0.1388
5,1505,1510,0.1388
5,1511,1516,0.1388
5,1502,1507,0.1388
5,1512,1517,0.1388
5,1507,1512,0.1388
5,1505,1510,0.1388
5,1512,1517,0.1388
6,1514,1520,0.1388
6,1514,1520,0.1388
6,1513,1519,0.1388
6,1511,1517,0.1388
6,1519,1525,0.1388
6,1507,1513,0.1388
7,1502,1509,0.1388
8,1509,1517,0.1388
8,1510,1518,0.1388
7,1507,1514,0.1388
7,1510,1517,0.1388
5,1504,1509,0.1388
5,1494,1499,0.1388
5,1507,1512,0.1388
5,1509,1514,0.1388
5,1493,1498,0.1388
5,1501,1506,0.1388
5,1506,1511,0.1388
5,1502,1507,0.1388
4,1512,1516,0.1388
4,1518,1522,0.1388
4,1513,1517,0.1388
4,1510,1514,0.1388
4,1507,1511,0.1388
4,1505,1509,0.1388
4,1503,1507,0.1388
4,1494,1498,0.1388
4,1487,1491,0.1388
4,1499,1503,0.1388
4,1500,1504,0.1388
3,1512,1515,0.1388
3,1514,1517,0.1388
3,1510,1513,0.1388
3,1509,1512,0.1388
3,1522,1525,0.1388
3,1515,1518,0.1388
3,1526,1529,0.1388
3,1526,1529,0.1388
3,1517,1520,0.1388
3,1519,1522,0.1388
3,1522,1525,0.1388
3,1526,1529,0.1388
3,1518,1521,0.1388
3,1523,1526,0.1388
3,1519,1522,0.1388
3,1522,1525,0.1388
3,1516,1519,0.1388
3,1512,1515,0.1388
3,1512,1515,0.1388
3,1502,1505,0.1388
4,1510,1514,0.1388
4,1498,1502,0.1388
4,1499,1503,0.1388
4,1514,1518,0.1388
4,1507,1511,0.1388
4,1509,1513,0.1388
4,1518,1522,0.1388
4,1512,1516,0.1388
4,1517,1521,0.1388
4,1509,1513,0.1388
4,1514,1518,0.1388
4,1504,1508,0.1388
4,1504,1508,0.1388
4,1510,1514,0.1388
4,1519,1523,0.1388
4,1523,1527,0.1388
4,1517,1521,0.1388
4,1530,1534,0.1388
4,1516,1520,0.1388
4,1507,1511,0.1388
4,1516,1520,0.1388
4,1517,1521,0.1388
4,1516,1520,0.1388
4,1516,1520,0.1388
3,1518,1521,0.1388
3,1510,1513,0.1388
3,1503,1506,0.1388
3,1507,1510,0.1388
3,1502,1505,0.1388
3,1510,1513,0.1388
3,1510,1513,0.1388
3,1509,1512,0.1388
3,1511,1514,0.1388
2,1510,1512,0.1388
2,1506,1508,0.1388
3,1507,1510,0.1388
3,1509,1512,0.1388
3,1512,1515,0.1388
4,1514,1518,0.1388
4,1495,1499,0.1388
4,1504,1508,0.1388
4,1510,1514,0.1388
3,1500,1503,0.1388
4,1502,1506,0.1388
4,1509,1513,0.1388
4,1497,1501,0.1388
4,1521,1525,0.1388
4,1514,1518,0.1388
4,1507,1511,0.1388
4,1506,1510,0.1388
4,1508,1512,0.1388
3,1509,1512,0.1388
3,1512,1515,0.1388
2,1505,1507,0.1388
3,1519,1522,0.1388
3,1507,1510,0.1388
3,1500,1503,0.1388
3,1507,1510,0.1388
3,1507,1510,0.1388
3,1506,1509,0.1388
2,1510,1512,0.1388
2,1514,1516,0.1388
2,1515,1517,0.1388
2,1525,1527,0.1388
2,1523,1525,0.1388
2,1531,1533,0.1388
2,1520,1522,0.1388
2,1523,1525,0.1388
2,1526,1528,0.1388
1,1531,1532,0.1388
1,1535,1536,0.1388
1,1529,1530,0.1388
1,1520,1521,0.1388
1,1520,1521,0.1388
1,1521,1522,0.1388
1,1512,1513,0.1388
1,1505,1506,0.1388
1,1505,1506,0.1388
1,1508,1509,0.1388
1,1521,1522,0.1388
1,1521,1522,0.1388
1,1520,1521,0.1388
1,1522,1523,0.1388
0,1522,1522,0.1388
