1358,28,1386,0.1388
1384,29,1413,0.1388
1401,29,1430,0.1388
1421,30,1451,0.1388
1433,33,1466,0.1388
1448,35,1483,0.1388
1453,35,1488,0.1388
1449,35,1484,0.1388
1448,35,1483,0.1388
1463,36,1499,0.1388
1466,37,1503,0.1388
1463,38,1501,0.1388
1466,39,1505,0.1388
1466,39,1505,0.1388
1462,42,1504,0.1388
1464,41,1505,0.1388
1454,42,1496,0.1388
1455,40,1495,0.1388
1447,40,1487,0.1388
1452,41,1493,0.1388
1455,40,1495,0.1388
1455,40,1495,0.1388
1453,42,1495,0.1388
1449,43,1492,0.1388
1447,42,1489,0.1388
1450,43,1493,0.1388
1452,43,1495,0.1388
1454,41,1495,0.1388
1461,42,1503,0.1388
1466,41,1507,0.1388
1478,42,1520,0.1388
1471,42,1513,0.1388
1457,44,1501,0.1388
1456,43,1499,0.1388
1465,40,1505,0.1388
1455,39,1494,0.1388
1471,42,1513,0.1388
1465,42,1507,0.1388
1461,40,1501,0.1388
1461,41,1502,0.1388
1463,42,1505,0.1388
1455,43,1498,0.1388
1465,44,1509,0.1388
1465,44,1509,0.1388
1455,45,1500,0.1388
1455,45,1500,0.1388
1443,46,1489,0.1388
1437,48,1485,0.1388
1443,46,1489,0.1388
1437,45,1482,0.1388
1442,45,1487,0.1388
1456,46,1502,0.1388
1458,49,1507,0.1388
1444,47,1491,0.1388
1437,48,1485,0.1388
1445,49,1494,0.1388
1441,49,1490,0.1388
1431,48,1479,0.1388
1435,48,1483,0.1388
1426,46,1472,0.1388
1425,45,1470,0.1388
1422,47,1469,0.1388
1427,48,1475,0.1388
1423,49,1472,0.1388
1433,53,1486,0.1388
1425,57,1482,0.1388
1432,55,1487,0.1388
1439,55,1494,0.1388
1439,55,1494,0.1388
1439,54,1493,0.1388
1452,54,1506,0.1388
1453,52,1505,0.1388
1448,53,1501,0.1388
1428,52,1480,0.1388
1437,54,1491,0.1388
1437,54,1491,0.1388
1434,53,1487,0.1388
1425,51,1476,0.1388
1422,54,1476,0.1388
1427,53,1480,0.1388
1444,53,1497,0.1388
1446,56,1502,0.1388
1442,57,1499,0.1388
1439,57,1496,0.1388
1436,60,1496,0.1388
1432,58,1490,0.1388
1419,59,1478,0.1388
1427,57,1484,0.1388
1440,59,1499,0.1388
1436,58,1494,0.1388
1440,60,1500,0.1388
1427,62,1489,0.1388
1431,64,1495,0.1388
1419,65,1484,0.1388
1423,64,1487,0.1388
1431,65,1496,0.1388
1431,64,1495,0.1388
1427,66,1493,0.1388
1424,67,1491,0.1388
1412,68,1480,0.1388
1405,66,1471,0.1388
1423,69,1492,0.1388
1433,68,1501,0.1388
1423,68,1491,0.1388
1433,67,1500,0.1388
1421,67,1488,0.1388
1407,70,1477,0.1388
1415,71,1486,0.1388
1414,71,1485,0.1388
1428,75,1503,0.1388
1430,73,1503,0.1388
1426,74,1500,0.1388
1426,74,1500,0.1388
1427,76,1503,0.1388
1432,72,1504,0.1388
1428,72,1500,0.1388
1420,74,1494,0.1388
1424,73,1497,0.1388
1430,75,1505,0.1388
1438,76,1514,0.1388
1425,77,1502,0.1388
1421,78,1499,0.1388
1433,77,1510,0.1388
1429,78,1507,0.1388
1420,77,1497,0.1388
1413,77,1490,0.1388
1406,81,1487,0.1388
1408,76,1484,0.1388
1419,75,1494,0.1388
1402,78,1480,0.1388
1413,78,1491,0.1388
1403,82,1485,0.1388
1410,84,1494,0.1388
1416,85,1501,0.1388
1411,82,1493,0.1388
1421,82,1503,0.1388
1417,86,1503,0.1388
1415,87,1502,0.1388
1420,88,1508,0.1388
1418,88,1506,0.1388
1410,91,1501,0.1388
1406,89,1495,0.1388
1396,85,1481,0.1388
1408,86,1494,0.1388
1408,90,1498,0.1388
1401,93,1494,0.1388
1397,93,1490,0.1388
1395,95,1490,0.1388
1393,94,1487,0.1388
1400,95,1495,0.1388
1402,96,1498,0.1388
1395,99,1494,0.1388
1395,100,1495,0.1388
1398,100,1498,0.1388
1393,101,1494,0.1388
1410,101,1511,0.1388
1410,100,1510,0.1388
1402,99,1501,0.1388
1417,102,1519,0.1388
1404,101,1505,0.1388
1413,94,1507,0.1388
1417,93,1510,0.1388
1413,91,1504,0.1388
1413,89,1502,0.1388
1416,88,1504,0.1388
1411,87,1498,0.1388
1413,89,1502,0.1388
1413,90,1503,0.1388
1413,92,1505,0.1388
1398,92,1490,0.1388
1395,95,1490,0.1388
1400,97,1497,0.1388
1403,99,1502,0.1388
1405,102,1507,0.1388
1400,104,1504,0.1388
1386,102,1488,0.1388
1398,103,1501,0.1388
1391,104,1495,0.1388
1397,104,1501,0.1388
1400,103,1503,0.1388
1399,97,1496,0.1388
1390,99,1489,0.1388
1383,99,1482,0.1388
1387,99,1486,0.1388
1387,105,1492,0.1388
1391,106,1497,0.1388
1392,109,1501,0.1388
1384,107,1491,0.1388
1388,109,1497,0.1388
1389,105,1494,0.1388
1382,103,1485,0.1388
1383,101,1484,0.1388
1382,104,1486,0.1388
1384,104,1488,0.1388
1379,106,1485,0.1388
1393,107,1500,0.1388
1369,105,1474,0.1388
1382,105,1487,0.1388
1370,104,1474,0.1388
1385,108,1493,0.1388
1392,107,1499,0.1388
1388,108,1496,0.1388
1387,108,1495,0.1388
1377,111,1488,0.1388
1378,115,1493,0.1388
1375,114,1489,0.1388
1392,113,1505,0.1388
1391,113,1504,0.1388
1387,113,1500,0.1388
1384,112,1496,0.1388
1384,117,1501,0.1388
1388,114,1502,0.1388
1385,117,1502,0.1388
1380,119,1499,0.1388
1381,118,1499,0.1388
1375,120,1495,0.1388
1364,122,1486,0.1388
1363,119,1482,0.1388
1373,122,1495,0.1388
1382,119,1501,0.1388
1382,115,1497,0.1388
1397,119,1516,0.1388
1389,118,1507,0.1388
1371,120,1491,0.1388
1380,116,1496,0.1388
1381,114,1495,0.1388
1383,116,1499,0.1388
1386,117,1503,0.1388
1397,117,1514,0.1388
1402,114,1516,0.1388
1393,114,1507,0.1388
1395,112,1507,0.1388
1389,112,1501,0.1388
1393,114,1507,0.1388
1395,117,1512,0.1388
1378,121,1499,0.1388
1372,124,1496,0.1388
1362,127,1489,0.1388
1357,126,1483,0.1388
1365,123,1488,0.1388
1358,125,1483,0.1388
1366,129,1495,0.1388
1359,135,1494,0.1388
1365,135,1500,0.1388
1371,134,1505,0.1388
1371,134,1505,0.1388
1368,136,1504,0.1388
1382,135,1517,0.1388
1362,138,1500,0.1388
1357,137,1494,0.1388
1356,136,1492,0.1388
1365,135,1500,0.1388
1338,137,1475,0.1388
1329,138,1467,0.1388
1325,144,1469,0.1388
1340,148,1488,0.1388
1341,158,1499,0.1388
1328,159,1487,0.1388
1339,157,1496,0.1388
1340,156,1496,0.1388
1339,154,1493,0.1388
1341,156,1497,0.1388
1340,159,1499,0.1388
1344,160,1504,0.1388
1350,165,1515,0.1388
1340,163,1503,0.1388
1336,164,1500,0.1388
1347,160,1507,0.1388
1344,165,1509,0.1388
1338,162,1500,0.1388
1326,158,1484,0.1388
1330,160,1490,0.1388
1336,158,1494,0.1388
1352,159,1511,0.1388
1347,158,1505,0.1388
1346,158,1504,0.1388
1326,162,1488,0.1388
1334,163,1497,0.1388
1340,163,1503,0.1388
1339,163,1502,0.1388
1321,164,1485,0.1388
1312,169,1481,0.1388
1324,170,1494,0.1388
1327,173,1500,0.1388
1318,169,1487,0.1388
1320,168,1488,0.1388
1314,169,1483,0.1388
1329,170,1499,0.1388
1318,173,1491,0.1388
1317,170,1487,0.1388
1304,171,1475,0.1388
1308,177,1485,0.1388
1305,176,1481,0.1388
1298,176,1474,0.1388
1305,185,1490,0.1388
1299,183,1482,0.1388
1300,181,1481,0.1388
1320,179,1499,0.1388
1322,177,1499,0.1388
1333,177,1510,0.1388
1326,178,1504,0.1388
1327,180,1507,0.1388
1324,178,1502,0.1388
1321,180,1501,0.1388
1330,178,1508,0.1388
1330,178,1508,0.1388
1314,173,1487,0.1388
1308,173,1481,0.1388
1300,173,1473,0.1388
1299,177,1476,0.1388
1313,181,1494,0.1388
1302,187,1489,0.1388
1294,190,1484,0.1388
1300,190,1490,0.1388
1302,190,1492,0.1388
1311,188,1499,0.1388
1310,188,1498,0.1388
1313,188,1501,0.1388
1307,190,1497,0.1388
1309,190,1499,0.1388
1308,189,1497,0.1388
1313,189,1502,0.1388
1329,192,1521,0.1388
1318,190,1508,0.1388
1304,191,1495,0.1388
1304,191,1495,0.1388
1301,190,1491,0.1388
1280,189,1469,0.1388
1285,190,1475,0.1388
1294,190,1484,0.1388
1299,192,1491,0.1388
1308,194,1502,0.1388
1293,187,1480,0.1388
1305,186,1491,0.1388
1306,187,1493,0.1388
1300,186,1486,0.1388
1302,190,1492,0.1388
1311,191,1502,0.1388
1316,190,1506,0.1388
1324,188,1512,0.1388
1318,191,1509,0.1388
1321,186,1507,0.1388
1318,187,1505,0.1388
1324,182,1506,0.1388
1337,181,1518,0.1388
1319,185,1504,0.1388
1310,188,1498,0.1388
1295,189,1484,0.1388
1298,190,1488,0.1388
1300,193,1493,0.1388
1290,192,1482,0.1388
1289,197,1486,0.1388
1285,202,1487,0.1388
1266,205,1471,0.1388
1279,205,1484,0.1388
1280,211,1491,0.1388
1279,211,1490,0.1388
1279,206,1485,0.1388
1284,206,1490,0.1388
1275,217,1492,0.1388
1277,219,1496,0.1388
1284,220,1504,0.1388
1292,221,1513,0.1388
1290,221,1511,0.1388
1278,218,1496,0.1388
1276,215,1491,0.1388
1282,217,1499,0.1388
1271,218,1489,0.1388
1277,223,1500,0.1388
1267,222,1489,0.1388
1270,219,1489,0.1388
1279,218,1497,0.1388
1275,216,1491,0.1388
1271,222,1493,0.1388
1286,216,1502,0.1388
1283,219,1502,0.1388
1281,215,1496,0.1388
1277,217,1494,0.1388
1261,221,1482,0.1388
1258,223,1481,0.1388
1275,227,1502,0.1388
1286,225,1511,0.1388
1293,222,1515,0.1388
1290,223,1513,0.1388
1283,225,1508,0.1388
1279,231,1510,0.1388
1264,232,1496,0.1388
1257,228,1485,0.1388
1258,228,1486,0.1388
1262,234,1496,0.1388
1258,229,1487,0.1388
1258,232,1490,0.1388
1246,236,1482,0.1388
1257,234,1491,0.1388
1262,232,1494,0.1388
1258,226,1484,0.1388
1249,230,1479,0.1388
1250,243,1493,0.1388
1251,248,1499,0.1388
1247,247,1494,0.1388
1237,247,1484,0.1388
1239,245,1484,0.1388
1248,246,1494,0.1388
1239,246,1485,0.1388
1235,249,1484,0.1388
1242,250,1492,0.1388
1252,246,1498,0.1388
1246,247,1493,0.1388
1238,249,1487,0.1388
1236,242,1478,0.1388
1232,246,1478,0.1388
1226,247,1473,0.1388
1235,248,1483,0.1388
1229,248,1477,0.1388
1256,250,1506,0.1388
1254,251,1505,0.1388
1249,253,1502,0.1388
1249,257,1506,0.1388
1248,259,1507,0.1388
1245,255,1500,0.1388
1243,255,1498,0.1388
1249,255,1504,0.1388
1248,253,1501,0.1388
1243,251,1494,0.1388
1248,252,1500,0.1388
1236,258,1494,0.1388
1244,262,1506,0.1388
1232,257,1489,0.1388
1228,262,1490,0.1388
1226,266,1492,0.1388
1231,264,1495,0.1388
1225,270,1495,0.1388
1229,275,1504,0.1388
1221,277,1498,0.1388
1216,275,1491,0.1388
1219,273,1492,0.1388
1214,277,1491,0.1388
1216,277,1493,0.1388
1216,287,1503,0.1388
1216,283,1499,0.1388
1207,284,1491,0.1388
1211,289,1500,0.1388
1207,294,1501,0.1388
1204,297,1501,0.1388
1200,298,1498,0.1388
1192,298,1490,0.1388
1182,301,1483,0.1388
1183,294,1477,0.1388
1191,296,1487,0.1388
1189,301,1490,0.1388
1189,305,1494,0.1388
1179,309,1488,0.1388
1181,303,1484,0.1388
1188,301,1489,0.1388
1174,299,1473,0.1388
1180,305,1485,0.1388
1169,303,1472,0.1388
1175,308,1483,0.1388
1182,306,1488,0.1388
1193,310,1503,0.1388
1196,310,1506,0.1388
1202,307,1509,0.1388
1197,306,1503,0.1388
1191,301,1492,0.1388
1187,305,1492,0.1388
1194,308,1502,0.1388
1204,316,1520,0.1388
1202,314,1516,0.1388
1190,317,1507,0.1388
1199,312,1511,0.1388
1198,308,1506,0.1388
1181,315,1496,0.1388
1181,313,1494,0.1388
1190,306,1496,0.1388
1196,309,1505,0.1388
1198,312,1510,0.1388
1194,313,1507,0.1388
1193,315,1508,0.1388
1187,312,1499,0.1388
1187,314,1501,0.1388
1182,309,1491,0.1388
1181,311,1492,0.1388
1168,316,1484,0.1388
1168,321,1489,0.1388
1156,324,1480,0.1388
1156,323,1479,0.1388
1150,325,1475,0.1388
1169,328,1497,0.1388
1161,321,1482,0.1388
1163,318,1481,0.1388
1162,318,1480,0.1388
1167,318,1485,0.1388
1166,317,1483,0.1388
1175,324,1499,0.1388
1173,334,1507,0.1388
1166,331,1497,0.1388
1175,332,1507,0.1388
1172,334,1506,0.1388
1164,338,1502,0.1388
1158,350,1508,0.1388
1149,345,1494,0.1388
1148,345,1493,0.1388
1141,340,1481,0.1388
1141,342,1483,0.1388
1132,350,1482,0.1388
1137,354,1491,0.1388
1134,355,1489,0.1388
1144,351,1495,0.1388
1148,351,1499,0.1388
1137,347,1484,0.1388
1142,354,1496,0.1388
1141,360,1501,0.1388
1138,357,1495,0.1388
1143,347,1490,0.1388
1146,347,1493,0.1388
1144,343,1487,0.1388
1135,345,1480,0.1388
1142,348,1490,0.1388
1150,347,1497,0.1388
1160,355,1515,0.1388
1157,360,1517,0.1388
1157,358,1515,0.1388
1156,356,1512,0.1388
1165,354,1519,0.1388
1164,353,1517,0.1388
1148,357,1505,0.1388
1153,359,1512,0.1388
1148,366,1514,0.1388
1146,358,1504,0.1388
1150,355,1505,0.1388
1148,355,1503,0.1388
1134,350,1484,0.1388
1127,352,1479,0.1388
1119,363,1482,0.1388
1121,366,1487,0.1388
1132,370,1502,0.1388
1127,371,1498,0.1388
1118,375,1493,0.1388
1117,377,1494,0.1388
1109,382,1491,0.1388
1114,393,1507,0.1388
1113,396,1509,0.1388
1100,397,1497,0.1388
1099,396,1495,0.1388
1101,397,1498,0.1388
1089,401,1490,0.1388
1079,405,1484,0.1388
1079,409,1488,0.1388
1084,406,1490,0.1388
1089,417,1506,0.1388
1084,416,1500,0.1388
1086,413,1499,0.1388
1090,406,1496,0.1388
1092,406,1498,0.1388
1098,408,1506,0.1388
1100,414,1514,0.1388
1091,411,1502,0.1388
1088,412,1500,0.1388
1096,405,1501,0.1388
1107,408,1515,0.1388
1098,410,1508,0.1388
1087,406,1493,0.1388
1089,411,1500,0.1388
1082,423,1505,0.1388
1068,421,1489,0.1388
1083,423,1506,0.1388
1085,426,1511,0.1388
1079,420,1499,0.1388
1075,415,1490,0.1388
1088,415,1503,0.1388
1086,413,1499,0.1388
1083,420,1503,0.1388
1084,420,1504,0.1388
1078,421,1499,0.1388
1084,418,1502,0.1388
1087,421,1508,0.1388
1085,429,1514,0.1388
1070,428,1498,0.1388
1064,434,1498,0.1388
1064,441,1505,0.1388
1063,441,1504,0.1388
1060,445,1505,0.1388
1063,448,1511,0.1388
1064,451,1515,0.1388
1060,454,1514,0.1388
1045,453,1498,0.1388
1059,464,1523,0.1388
1046,464,1510,0.1388
1047,466,1513,0.1388
1045,452,1497,0.1388
1040,452,1492,0.1388
1040,451,1491,0.1388
1033,453,1486,0.1388
1033,460,1493,0.1388
1043,457,1500,0.1388
1045,461,1506,0.1388
1047,463,1510,0.1388
1043,466,1509,0.1388
1030,470,1500,0.1388
1033,468,1501,0.1388
1041,477,1518,0.1388
1040,475,1515,0.1388
1029,477,1506,0.1388
1026,477,1503,0.1388
1016,485,1501,0.1388
1012,484,1496,0.1388
1011,483,1494,0.1388
1021,483,1504,0.1388
1016,492,1508,0.1388
1012,497,1509,0.1388
1007,494,1501,0.1388
1004,499,1503,0.1388
996,504,1500,0.1388
980,501,1481,0.1388
987,497,1484,0.1388
991,501,1492,0.1388
987,505,1492,0.1388
994,501,1495,0.1388
994,495,1489,0.1388
991,498,1489,0.1388
990,503,1493,0.1388
990,499,1489,0.1388
993,503,1496,0.1388
1001,495,1496,0.1388
996,495,1491,0.1388
989,510,1499,0.1388
983,501,1484,0.1388
984,512,1496,0.1388
993,513,1506,0.1388
990,505,1495,0.1388
989,501,1490,0.1388
1003,499,1502,0.1388
1008,498,1506,0.1388
1004,514,1518,0.1388
1001,511,1512,0.1388
998,509,1507,0.1388
991,518,1509,0.1388
994,519,1513,0.1388
997,517,1514,0.1388
987,526,1513,0.1388
992,533,1525,0.1388
990,530,1520,0.1388
993,523,1516,0.1388
989,517,1506,0.1388
985,518,1503,0.1388
990,523,1513,0.1388
987,521,1508,0.1388
982,520,1502,0.1388
969,518,1487,0.1388
976,531,1507,0.1388
967,531,1498,0.1388
957,535,1492,0.1388
961,533,1494,0.1388
961,527,1488,0.1388
962,532,1494,0.1388
969,531,1500,0.1388
968,545,1513,0.1388
961,546,1507,0.1388
962,542,1504,0.1388
970,539,1509,0.1388
963,539,1502,0.1388
957,541,1498,0.1388
953,541,1494,0.1388
943,546,1489,0.1388
941,545,1486,0.1388
942,549,1491,0.1388
948,547,1495,0.1388
953,549,1502,0.1388
961,551,1512,0.1388
955,552,1507,0.1388
953,543,1496,0.1388
953,547,1500,0.1388
951,555,1506,0.1388
950,546,1496,0.1388
951,541,1492,0.1388
944,545,1489,0.1388
961,546,1507,0.1388
968,545,1513,0.1388
973,545,1518,0.1388
959,544,1503,0.1388
966,536,1502,0.1388
957,541,1498,0.1388
949,537,1486,0.1388
943,541,1484,0.1388
949,532,1481,0.1388
946,534,1480,0.1388
949,534,1483,0.1388
954,542,1496,0.1388
957,546,1503,0.1388
948,544,1492,0.1388
957,550,1507,0.1388
956,558,1514,0.1388
947,556,1503,0.1388
936,545,1481,0.1388
935,551,1486,0.1388
929,553,1482,0.1388
941,546,1487,0.1388
944,553,1497,0.1388
944,564,1508,0.1388
948,555,1503,0.1388
940,561,1501,0.1388
936,563,1499,0.1388
933,561,1494,0.1388
926,570,1496,0.1388
940,561,1501,0.1388
937,569,1506,0.1388
935,571,1506,0.1388
939,570,1509,0.1388
945,572,1517,0.1388
929,569,1498,0.1388
927,578,1505,0.1388
937,578,1515,0.1388
935,572,1507,0.1388
935,576,1511,0.1388
923,580,1503,0.1388
918,578,1496,0.1388
925,585,1510,0.1388
920,582,1502,0.1388
917,575,1492,0.1388
911,574,1485,0.1388
921,576,1497,0.1388
916,577,1493,0.1388
924,584,1508,0.1388
932,573,1505,0.1388
926,569,1495,0.1388
922,576,1498,0.1388
933,577,1510,0.1388
925,580,1505,0.1388
926,571,1497,0.1388
915,568,1483,0.1388
917,574,1491,0.1388
919,575,1494,0.1388
908,585,1493,0.1388
908,591,1499,0.1388
913,591,1504,0.1388
908,591,1499,0.1388
915,589,1504,0.1388
907,587,1494,0.1388
913,588,1501,0.1388
908,588,1496,0.1388
924,589,1513,0.1388
917,587,1504,0.1388
918,597,1515,0.1388
924,599,1523,0.1388
912,594,1506,0.1388
915,582,1497,0.1388
909,586,1495,0.1388
913,591,1504,0.1388
911,580,1491,0.1388
912,582,1494,0.1388
909,584,1493,0.1388
918,593,1511,0.1388
903,598,1501,0.1388
895,601,1496,0.1388
895,598,1493,0.1388
899,597,1496,0.1388
904,600,1504,0.1388
897,594,1491,0.1388
900,598,1498,0.1388
899,595,1494,0.1388
891,600,1491,0.1388
888,606,1494,0.1388
880,613,1493,0.1388
877,606,1483,0.1388
873,613,1486,0.1388
876,621,1497,0.1388
868,625,1493,0.1388
874,631,1505,0.1388
875,634,1509,0.1388
876,640,1516,0.1388
880,639,1519,0.1388
870,640,1510,0.1388
872,646,1518,0.1388
861,646,1507,0.1388
853,636,1489,0.1388
863,646,1509,0.1388
860,647,1507,0.1388
852,650,1502,0.1388
861,646,1507,0.1388
851,659,1510,0.1388
851,656,1507,0.1388
849,656,1505,0.1388
854,657,1511,0.1388
844,656,1500,0.1388
838,661,1499,0.1388
841,664,1505,0.1388
855,661,1516,0.1388
847,657,1504,0.1388
846,656,1502,0.1388
837,659,1496,0.1388
842,654,1496,0.1388
835,652,1487,0.1388
849,646,1495,0.1388
843,648,1491,0.1388
840,657,1497,0.1388
850,657,1507,0.1388
855,657,1512,0.1388
846,660,1506,0.1388
847,657,1504,0.1388
843,659,1502,0.1388
845,650,1495,0.1388
840,660,1500,0.1388
843,665,1508,0.1388
845,668,1513,0.1388
838,660,1498,0.1388
834,652,1486,0.1388
829,658,1487,0.1388
837,655,1492,0.1388
835,663,1498,0.1388
835,674,1509,0.1388
831,674,1505,0.1388
841,668,1509,0.1388
841,671,1512,0.1388
827,666,1493,0.1388
826,670,1496,0.1388
830,673,1503,0.1388
838,668,1506,0.1388
824,669,1493,0.1388
817,673,1490,0.1388
822,680,1502,0.1388
823,685,1508,0.1388
819,678,1497,0.1388
827,680,1507,0.1388
830,678,1508,0.1388
829,672,1501,0.1388
820,670,1490,0.1388
828,678,1506,0.1388
837,683,1520,0.1388
833,678,1511,0.1388
826,688,1514,0.1388
830,686,1516,0.1388
825,692,1517,0.1388
823,695,1518,0.1388
806,697,1503,0.1388
811,691,1502,0.1388
810,691,1501,0.1388
814,688,1502,0.1388
812,685,1497,0.1388
809,685,1494,0.1388
811,691,1502,0.1388
815,689,1504,0.1388
823,688,1511,0.1388
822,688,1510,0.1388
812,689,1501,0.1388
809,684,1493,0.1388
796,692,1488,0.1388
795,692,1487,0.1388
799,694,1493,0.1388
803,702,1505,0.1388
812,703,1515,0.1388
814,703,1517,0.1388
817,713,1530,0.1388
818,714,1532,0.1388
813,709,1522,0.1388
802,710,1512,0.1388
793,709,1502,0.1388
797,706,1503,0.1388
790,706,1496,0.1388
793,704,1497,0.1388
794,703,1497,0.1388
790,700,1490,0.1388
793,712,1505,0.1388
789,720,1509,0.1388
797,719,1516,0.1388
788,717,1505,0.1388
778,719,1497,0.1388
777,720,1497,0.1388
781,717,1498,0.1388
769,713,1482,0.1388
762,722,1484,0.1388
759,723,1482,0.1388
763,727,1490,0.1388
767,726,1493,0.1388
771,745,1516,0.1388
766,750,1516,0.1388
772,738,1510,0.1388
756,745,1501,0.1388
760,753,1513,0.1388
760,759,1519,0.1388
751,764,1515,0.1388
744,759,1503,0.1388
742,764,1506,0.1388
744,766,1510,0.1388
737,774,1511,0.1388
731,776,1507,0.1388
733,775,1508,0.1388
732,768,1500,0.1388
731,760,1491,0.1388
722,764,1486,0.1388
736,769,1505,0.1388
727,771,1498,0.1388
721,775,1496,0.1388
724,776,1500,0.1388
729,775,1504,0.1388
730,782,1512,0.1388
725,770,1495,0.1388
727,774,1501,0.1388
732,766,1498,0.1388
733,760,1493,0.1388
730,763,1493,0.1388
736,762,1498,0.1388
737,768,1505,0.1388
734,776,1510,0.1388
739,776,1515,0.1388
732,776,1508,0.1388
724,782,1506,0.1388
711,786,1497,0.1388
712,787,1499,0.1388
714,791,1505,0.1388
710,798,1508,0.1388
706,797,1503,0.1388
708,799,1507,0.1388
709,802,1511,0.1388
699,802,1501,0.1388
698,790,1488,0.1388
704,793,1497,0.1388
716,791,1507,0.1388
725,791,1516,0.1388
721,790,1511,0.1388
725,781,1506,0.1388
731,784,1515,0.1388
725,782,1507,0.1388
716,796,1512,0.1388
714,798,1512,0.1388
709,788,1497,0.1388
717,784,1501,0.1388
708,797,1505,0.1388
710,801,1511,0.1388
710,795,1505,0.1388
696,806,1502,0.1388
700,799,1499,0.1388
701,808,1509,0.1388
707,814,1521,0.1388
709,812,1521,0.1388
709,814,1523,0.1388
717,810,1527,0.1388
711,812,1523,0.1388
706,811,1517,0.1388
705,807,1512,0.1388
691,810,1501,0.1388
692,820,1512,0.1388
686,833,1519,0.1388
691,826,1517,0.1388
695,815,1510,0.1388
692,820,1512,0.1388
690,822,1512,0.1388
685,813,1498,0.1388
684,818,1502,0.1388
690,819,1509,0.1388
686,830,1516,0.1388
674,822,1496,0.1388
669,820,1489,0.1388
673,816,1489,0.1388
682,819,1501,0.1388
673,829,1502,0.1388
679,822,1501,0.1388
685,827,1512,0.1388
676,819,1495,0.1388
684,823,1507,0.1388
677,828,1505,0.1388
680,834,1514,0.1388
670,830,1500,0.1388
678,826,1504,0.1388
684,830,1514,0.1388
683,835,1518,0.1388
681,844,1525,0.1388
667,844,1511,0.1388
661,832,1493,0.1388
666,828,1494,0.1388
673,840,1513,0.1388
671,832,1503,0.1388
668,832,1500,0.1388
666,842,1508,0.1388
663,831,1494,0.1388
660,840,1500,0.1388
648,844,1492,0.1388
653,857,1510,0.1388
659,854,1513,0.1388
646,866,1512,0.1388
639,873,1512,0.1388
650,865,1515,0.1388
646,866,1512,0.1388
644,851,1495,0.1388
639,866,1505,0.1388
637,865,1502,0.1388
645,869,1514,0.1388
654,865,1519,0.1388
649,867,1516,0.1388
645,862,1507,0.1388
641,864,1505,0.1388
644,864,1508,0.1388
643,867,1510,0.1388
643,875,1518,0.1388
642,872,1514,0.1388
637,874,1511,0.1388
635,879,1514,0.1388
640,880,1520,0.1388
637,883,1520,0.1388
636,871,1507,0.1388
645,869,1514,0.1388
637,873,1510,0.1388
642,870,1512,0.1388
642,872,1514,0.1388
643,864,1507,0.1388
645,870,1515,0.1388
642,869,1511,0.1388
638,864,1502,0.1388
633,862,1495,0.1388
644,868,1512,0.1388
636,873,1509,0.1388
630,870,1500,0.1388
625,874,1499,0.1388
628,882,1510,0.1388
629,871,1500,0.1388
634,872,1506,0.1388
635,865,1500,0.1388
633,868,1501,0.1388
635,872,1507,0.1388
642,865,1507,0.1388
636,881,1517,0.1388
634,888,1522,0.1388
627,885,1512,0.1388
625,883,1508,0.1388
623,891,1514,0.1388
621,890,1511,0.1388
618,891,1509,0.1388
619,894,1513,0.1388
619,898,1517,0.1388
612,896,1508,0.1388
603,885,1488,0.1388
597,885,1482,0.1388
599,899,1498,0.1388
608,904,1512,0.1388
593,902,1495,0.1388
588,905,1493,0.1388
592,911,1503,0.1388
602,913,1515,0.1388
600,916,1516,0.1388
592,916,1508,0.1388
583,927,1510,0.1388
588,926,1514,0.1388
574,930,1504,0.1388
580,939,1519,0.1388
583,935,1518,0.1388
567,938,1505,0.1388
560,928,1488,0.1388
561,928,1489,0.1388
569,928,1497,0.1388
563,934,1497,0.1388
557,933,1490,0.1388
552,939,1491,0.1388
555,939,1494,0.1388
547,937,1484,0.1388
546,948,1494,0.1388
547,949,1496,0.1388
538,950,1488,0.1388
541,959,1500,0.1388
551,950,1501,0.1388
546,952,1498,0.1388
558,956,1514,0.1388
555,961,1516,0.1388
556,962,1518,0.1388
553,951,1504,0.1388
561,952,1513,0.1388
559,947,1506,0.1388
565,947,1512,0.1388
564,946,1510,0.1388
560,949,1509,0.1388
555,952,1507,0.1388
554,943,1497,0.1388
552,952,1504,0.1388
554,952,1506,0.1388
552,958,1510,0.1388
550,957,1507,0.1388
548,957,1505,0.1388
553,957,1510,0.1388
558,948,1506,0.1388
552,948,1500,0.1388
552,940,1492,0.1388
552,950,1502,0.1388
546,958,1504,0.1388
555,958,1513,0.1388
548,957,1505,0.1388
548,956,1504,0.1388
551,949,1500,0.1388
548,945,1493,0.1388
547,949,1496,0.1388
555,953,1508,0.1388
562,949,1511,0.1388
565,953,1518,0.1388
564,958,1522,0.1388
561,960,1521,0.1388
561,963,1524,0.1388
559,960,1519,0.1388
553,946,1499,0.1388
557,949,1506,0.1388
550,962,1512,0.1388
552,965,1517,0.1388
541,975,1516,0.1388
538,978,1516,0.1388
532,971,1503,0.1388
515,978,1493,0.1388
526,990,1516,0.1388
527,981,1508,0.1388
529,973,1502,0.1388
532,978,1510,0.1388
531,974,1505,0.1388
532,975,1507,0.1388
525,973,1498,0.1388
523,995,1518,0.1388
530,982,1512,0.1388
531,980,1511,0.1388
531,977,1508,0.1388
522,981,1503,0.1388
529,981,1510,0.1388
531,998,1529,0.1388
535,982,1517,0.1388
532,982,1514,0.1388
538,975,1513,0.1388
541,992,1533,0.1388
534,984,1518,0.1388
533,975,1508,0.1388
532,979,1511,0.1388
529,988,1517,0.1388
530,990,1520,0.1388
519,999,1518,0.1388
514,988,1502,0.1388
513,1002,1515,0.1388
509,1001,1510,0.1388
510,1004,1514,0.1388
508,998,1506,0.1388
502,1003,1505,0.1388
504,1001,1505,0.1388
508,998,1506,0.1388
517,1002,1519,0.1388
513,1005,1518,0.1388
513,1003,1516,0.1388
513,1007,1520,0.1388
509,1004,1513,0.1388
505,1011,1516,0.1388
505,1007,1512,0.1388
502,1014,1516,0.1388
504,1013,1517,0.1388
506,1013,1519,0.1388
497,1015,1512,0.1388
489,1023,1512,0.1388
491,1022,1513,0.1388
492,1025,1517,0.1388
493,1017,1510,0.1388
497,1016,1513,0.1388
497,1014,1511,0.1388
490,1024,1514,0.1388
485,1021,1506,0.1388
486,1028,1514,0.1388
482,1012,1494,0.1388
483,1023,1506,0.1388
479,1026,1505,0.1388
473,1037,1510,0.1388
481,1026,1507,0.1388
485,1032,1517,0.1388
485,1029,1514,0.1388
475,1035,1510,0.1388
461,1033,1494,0.1388
461,1019,1480,0.1388
466,1023,1489,0.1388
467,1030,1497,0.1388
464,1014,1478,0.1388
467,1018,1485,0.1388
460,1022,1482,0.1388
470,1037,1507,0.1388
464,1038,1502,0.1388
463,1035,1498,0.1388
457,1032,1489,0.1388
470,1035,1505,0.1388
469,1039,1508,0.1388
468,1037,1505,0.1388
469,1034,1503,0.1388
475,1035,1510,0.1388
468,1045,1513,0.1388
468,1046,1514,0.1388
467,1036,1503,0.1388
468,1040,1508,0.1388
467,1041,1508,0.1388
469,1045,1514,0.1388
464,1035,1499,0.1388
474,1022,1496,0.1388
473,1021,1494,0.1388
475,1024,1499,0.1388
473,1034,1507,0.1388
467,1034,1501,0.1388
472,1038,1510,0.1388
470,1038,1508,0.1388
471,1032,1503,0.1388
472,1029,1501,0.1388
465,1044,1509,0.1388
467,1051,1518,0.1388
464,1058,1522,0.1388
463,1058,1521,0.1388
452,1055,1507,0.1388
459,1048,1507,0.1388
453,1063,1516,0.1388
454,1066,1520,0.1388
464,1066,1530,0.1388
463,1059,1522,0.1388
462,1067,1529,0.1388
466,1057,1523,0.1388
468,1054,1522,0.1388
466,1068,1534,0.1388
463,1056,1519,0.1388
460,1049,1509,0.1388
466,1039,1505,0.1388
459,1037,1496,0.1388
462,1050,1512,0.1388
467,1052,1519,0.1388
462,1055,1517,0.1388
453,1068,1521,0.1388
449,1068,1517,0.1388
442,1063,1505,0.1388
436,1071,1507,0.1388
437,1064,1501,0.1388
441,1064,1505,0.1388
439,1076,1515,0.1388
435,1080,1515,0.1388
432,1076,1508,0.1388
429,1079,1508,0.1388
426,1085,1511,0.1388
425,1091,1516,0.1388
422,1090,1512,0.1388
425,1073,1498,0.1388
432,1080,1512,0.1388
433,1087,1520,0.1388
431,1087,1518,0.1388
432,1084,1516,0.1388
435,1075,1510,0.1388
435,1079,1514,0.1388
430,1079,1509,0.1388
435,1072,1507,0.1388
442,1077,1519,0.1388
445,1081,1526,0.1388
441,1083,1524,0.1388
437,1090,1527,0.1388
442,1081,1523,0.1388
442,1078,1520,0.1388
442,1074,1516,0.1388
440,1071,1511,0.1388
435,1073,1508,0.1388
438,1072,1510,0.1388
436,1073,1509,0.1388
438,1075,1513,0.1388
439,1089,1528,0.1388
436,1075,1511,0.1388
433,1089,1522,0.1388
432,1094,1526,0.1388
426,1096,1522,0.1388
428,1086,1514,0.1388
433,1091,1524,0.1388
430,1089,1519,0.1388
428,1090,1518,0.1388
428,1088,1516,0.1388
420,1081,1501,0.1388
421,1084,1505,0.1388
423,1089,1512,0.1388
425,1097,1522,0.1388
421,1098,1519,0.1388
421,1087,1508,0.1388
420,1087,1507,0.1388
420,1085,1505,0.1388
421,1093,1514,0.1388
415,1098,1513,0.1388
408,1105,1513,0.1388
410,1103,1513,0.1388
400,1096,1496,0.1388
406,1096,1502,0.1388
398,1102,1500,0.1388
398,1101,1499,0.1388
400,1110,1510,0.1388
395,1115,1510,0.1388
399,1108,1507,0.1388
399,1115,1514,0.1388
397,1125,1522,0.1388
398,1113,1511,0.1388
399,1105,1504,0.1388
390,1113,1503,0.1388
389,1112,1501,0.1388
390,1104,1494,0.1388
387,1113,1500,0.1388
386,1113,1499,0.1388
385,1117,1502,0.1388
387,1128,1515,0.1388
384,1129,1513,0.1388
384,1119,1503,0.1388
382,1116,1498,0.1388
378,1131,1509,0.1388
382,1132,1514,0.1388
387,1132,1519,0.1388
388,1144,1532,0.1388
385,1148,1533,0.1388
384,1149,1533,0.1388
378,1139,1517,0.1388
377,1145,1522,0.1388
377,1149,1526,0.1388
377,1136,1513,0.1388
386,1133,1519,0.1388
383,1137,1520,0.1388
388,1138,1526,0.1388
383,1129,1512,0.1388
380,1139,1519,0.1388
372,1132,1504,0.1388
371,1138,1509,0.1388
375,1133,1508,0.1388
370,1148,1518,0.1388
378,1142,1520,0.1388
373,1140,1513,0.1388
374,1138,1512,0.1388
372,1139,1511,0.1388
373,1140,1513,0.1388
372,1127,1499,0.1388
377,1127,1504,0.1388
378,1121,1499,0.1388
373,1131,1504,0.1388
375,1131,1506,0.1388
378,1140,1518,0.1388
371,1148,1519,0.1388
371,1151,1522,0.1388
365,1147,1512,0.1388
377,1144,1521,0.1388
377,1145,1522,0.1388
371,1139,1510,0.1388
369,1132,1501,0.1388
368,1132,1500,0.1388
371,1153,1524,0.1388
374,1145,1519,0.1388
375,1140,1515,0.1388
374,1139,1513,0.1388
378,1148,1526,0.1388
378,1143,1521,0.1388
383,1132,1515,0.1388
379,1141,1520,0.1388
382,1144,1526,0.1388
384,1136,1520,0.1388
375,1144,1519,0.1388
371,1147,1518,0.1388
364,1138,1502,0.1388
364,1142,1506,0.1388
363,1152,1515,0.1388
362,1142,1504,0.1388
362,1143,1505,0.1388
362,1141,1503,0.1388
360,1147,1507,0.1388
359,1142,1501,0.1388
363,1151,1514,0.1388
363,1153,1516,0.1388
366,1146,1512,0.1388
360,1162,1522,0.1388
363,1165,1528,0.1388
359,1157,1516,0.1388
360,1161,1521,0.1388
359,1158,1517,0.1388
355,1160,1515,0.1388
349,1160,1509,0.1388
349,1159,1508,0.1388
346,1150,1496,0.1388
350,1169,1519,0.1388
347,1160,1507,0.1388
346,1149,1495,0.1388
339,1147,1486,0.1388
339,1148,1487,0.1388
343,1148,1491,0.1388
346,1155,1501,0.1388
349,1164,1513,0.1388
352,1158,1510,0.1388
353,1165,1518,0.1388
353,1169,1522,0.1388
352,1164,1516,0.1388
353,1170,1523,0.1388
347,1159,1506,0.1388
341,1176,1517,0.1388
348,1172,1520,0.1388
344,1178,1522,0.1388
348,1171,1519,0.1388
346,1168,1514,0.1388
340,1166,1506,0.1388
343,1159,1502,0.1388
340,1158,1498,0.1388
339,1159,1498,0.1388
341,1164,1505,0.1388
337,1169,1506,0.1388
325,1179,1504,0.1388
326,1188,1514,0.1388
324,1189,1513,0.1388
323,1196,1519,0.1388
327,1182,1509,0.1388
325,1193,1518,0.1388
324,1191,1515,0.1388
329,1199,1528,0.1388
331,1201,1532,0.1388
330,1203,1533,0.1388
326,1212,1538,0.1388
322,1203,1525,0.1388
322,1194,1516,0.1388
320,1193,1513,0.1388
325,1190,1515,0.1388
322,1202,1524,0.1388
324,1204,1528,0.1388
316,1185,1501,0.1388
310,1196,1506,0.1388
313,1200,1513,0.1388
311,1202,1513,0.1388
307,1204,1511,0.1388
311,1199,1510,0.1388
308,1205,1513,0.1388
308,1200,1508,0.1388
309,1209,1518,0.1388
298,1210,1508,0.1388
293,1198,1491,0.1388
303,1203,1506,0.1388
303,1204,1507,0.1388
305,1188,1493,0.1388
308,1192,1500,0.1388
307,1200,1507,0.1388
306,1205,1511,0.1388
303,1202,1505,0.1388
295,1204,1499,0.1388
300,1214,1514,0.1388
305,1213,1518,0.1388
306,1207,1513,0.1388
302,1215,1517,0.1388
300,1228,1528,0.1388
293,1230,1523,0.1388
289,1217,1506,0.1388
295,1208,1503,0.1388
292,1209,1501,0.1388
296,1205,1501,0.1388
296,1212,1508,0.1388
302,1215,1517,0.1388
298,1218,1516,0.1388
290,1212,1502,0.1388
287,1220,1507,0.1388
290,1233,1523,0.1388
284,1228,1512,0.1388
280,1231,1511,0.1388
282,1226,1508,0.1388
285,1228,1513,0.1388
284,1230,1514,0.1388
280,1238,1518,0.1388
285,1230,1515,0.1388
278,1225,1503,0.1388
272,1230,1502,0.1388
270,1232,1502,0.1388
273,1232,1505,0.1388
270,1237,1507,0.1388
270,1234,1504,0.1388
266,1244,1510,0.1388
263,1248,1511,0.1388
264,1245,1509,0.1388
267,1241,1508,0.1388
260,1254,1514,0.1388
262,1252,1514,0.1388
266,1252,1518,0.1388
263,1244,1507,0.1388
266,1243,1509,0.1388
267,1251,1518,0.1388
270,1252,1522,0.1388
268,1246,1514,0.1388
263,1256,1519,0.1388
262,1261,1523,0.1388
263,1251,1514,0.1388
266,1251,1517,0.1388
270,1258,1528,0.1388
270,1243,1513,0.1388
267,1246,1513,0.1388
265,1237,1502,0.1388
265,1235,1500,0.1388
265,1247,1512,0.1388
263,1235,1498,0.1388
262,1240,1502,0.1388
262,1246,1508,0.1388
258,1233,1491,0.1388
259,1240,1499,0.1388
266,1244,1510,0.1388
270,1247,1517,0.1388
268,1247,1515,0.1388
266,1240,1506,0.1388
264,1241,1505,0.1388
270,1246,1516,0.1388
269,1236,1505,0.1388
275,1241,1516,0.1388
274,1240,1514,0.1388
270,1251,1521,0.1388
264,1252,1516,0.1388
256,1242,1498,0.1388
259,1240,1499,0.1388
255,1254,1509,0.1388
254,1251,1505,0.1388
256,1254,1510,0.1388
250,1257,1507,0.1388
253,1260,1513,0.1388
254,1265,1519,0.1388
256,1258,1514,0.1388
255,1257,1512,0.1388
254,1259,1513,0.1388
250,1255,1505,0.1388
249,1256,1505,0.1388
250,1250,1500,0.1388
255,1260,1515,0.1388
253,1258,1511,0.1388
253,1255,1508,0.1388
258,1253,1511,0.1388
259,1263,1522,0.1388
253,1263,1516,0.1388
250,1259,1509,0.1388
248,1259,1507,0.1388
250,1250,1500,0.1388
251,1254,1505,0.1388
245,1255,1500,0.1388
243,1256,1499,0.1388
249,1262,1511,0.1388
251,1269,1520,0.1388
248,1266,1514,0.1388
246,1278,1524,0.1388
248,1273,1521,0.1388
243,1279,1522,0.1388
239,1264,1503,0.1388
239,1263,1502,0.1388
241,1264,1505,0.1388
245,1272,1517,0.1388
244,1273,1517,0.1388
243,1270,1513,0.1388
242,1269,1511,0.1388
236,1267,1503,0.1388
238,1258,1496,0.1388
232,1259,1491,0.1388
234,1265,1499,0.1388
230,1270,1500,0.1388
232,1282,1514,0.1388
234,1274,1508,0.1388
231,1273,1504,0.1388
231,1283,1514,0.1388
227,1294,1521,0.1388
221,1287,1508,0.1388
222,1285,1507,0.1388
222,1286,1508,0.1388
222,1277,1499,0.1388
222,1279,1501,0.1388
227,1287,1514,0.1388
224,1278,1502,0.1388
227,1287,1514,0.1388
226,1285,1511,0.1388
232,1284,1516,0.1388
229,1288,1517,0.1388
226,1283,1509,0.1388
225,1287,1512,0.1388
227,1292,1519,0.1388
229,1278,1507,0.1388
222,1279,1501,0.1388
222,1284,1506,0.1388
222,1303,1525,0.1388
223,1307,1530,0.1388
226,1303,1529,0.1388
221,1293,1514,0.1388
223,1292,1515,0.1388
214,1292,1506,0.1388
218,1301,1519,0.1388
219,1312,1531,0.1388
219,1309,1528,0.1388
219,1289,1508,0.1388
215,1286,1501,0.1388
222,1295,1517,0.1388
221,1283,1504,0.1388
225,1285,1510,0.1388
223,1300,1523,0.1388
220,1298,1518,0.1388
224,1300,1524,0.1388
222,1290,1512,0.1388
223,1287,1510,0.1388
222,1286,1508,0.1388
225,1289,1514,0.1388
222,1297,1519,0.1388
219,1299,1518,0.1388
221,1308,1529,0.1388
222,1284,1506,0.1388
221,1297,1518,0.1388
222,1306,1528,0.1388
223,1296,1519,0.1388
223,1296,1519,0.1388
224,1294,1518,0.1388
220,1289,1509,0.1388
215,1289,1504,0.1388
219,1294,1513,0.1388
218,1297,1515,0.1388
211,1302,1513,0.1388
203,1317,1520,0.1388
202,1320,1522,0.1388
202,1325,1527,0.1388
198,1323,1521,0.1388
196,1312,1508,0.1388
197,1310,1507,0.1388
202,1320,1522,0.1388
197,1309,1506,0.1388
200,1311,1511,0.1388
199,1312,1511,0.1388
196,1314,1510,0.1388
198,1307,1505,0.1388
198,1313,1511,0.1388
197,1305,1502,0.1388
195,1301,1496,0.1388
200,1316,1516,0.1388
194,1315,1509,0.1388
195,1321,1516,0.1388
196,1314,1510,0.1388
193,1313,1506,0.1388
191,1314,1505,0.1388
187,1307,1494,0.1388
189,1308,1497,0.1388
189,1313,1502,0.1388
189,1313,1502,0.1388
186,1304,1490,0.1388
189,1317,1506,0.1388
194,1323,1517,0.1388
195,1309,1504,0.1388
191,1314,1505,0.1388
189,1323,1512,0.1388
187,1325,1512,0.1388
185,1326,1511,0.1388
186,1346,1532,0.1388
185,1330,1515,0.1388
188,1319,1507,0.1388
189,1324,1513,0.1388
187,1337,1524,0.1388
185,1332,1517,0.1388
184,1336,1520,0.1388
182,1347,1529,0.1388
181,1347,1528,0.1388
182,1334,1516,0.1388
187,1326,1513,0.1388
183,1327,1510,0.1388
188,1329,1517,0.1388
189,1336,1525,0.1388
182,1341,1523,0.1388
180,1335,1515,0.1388
184,1337,1521,0.1388
185,1318,1503,0.1388
178,1319,1497,0.1388
178,1316,1494,0.1388
178,1321,1499,0.1388
178,1337,1515,0.1388
183,1345,1528,0.1388
182,1332,1514,0.1388
180,1335,1515,0.1388
174,1332,1506,0.1388
170,1345,1515,0.1388
170,1342,1512,0.1388
171,1351,1522,0.1388
175,1352,1527,0.1388
177,1354,1531,0.1388
176,1347,1523,0.1388
178,1340,1518,0.1388
173,1345,1518,0.1388
172,1347,1519,0.1388
174,1346,1520,0.1388
169,1345,1514,0.1388
167,1345,1512,0.1388
167,1346,1513,0.1388
169,1350,1519,0.1388
175,1348,1523,0.1388
167,1340,1507,0.1388
172,1340,1512,0.1388
174,1341,1515,0.1388
171,1346,1517,0.1388
171,1341,1512,0.1388
170,1339,1509,0.1388
170,1325,1495,0.1388
169,1331,1500,0.1388
172,1344,1516,0.1388
165,1352,1517,0.1388
162,1357,1519,0.1388
163,1358,1521,0.1388
165,1354,1519,0.1388
164,1357,1521,0.1388
162,1359,1521,0.1388
160,1356,1516,0.1388
161,1352,1513,0.1388
158,1353,1511,0.1388
154,1359,1513,0.1388
154,1362,1516,0.1388
153,1370,1523,0.1388
151,1353,1504,0.1388
156,1340,1496,0.1388
151,1346,1497,0.1388
148,1343,1491,0.1388
147,1339,1486,0.1388
145,1340,1485,0.1388
145,1348,1493,0.1388
145,1352,1497,0.1388
141,1356,1497,0.1388
138,1359,1497,0.1388
138,1376,1514,0.1388
136,1380,1516,0.1388
140,1380,1520,0.1388
140,1370,1510,0.1388
137,1377,1514,0.1388
137,1375,1512,0.1388
138,1378,1516,0.1388
138,1366,1504,0.1388
138,1366,1504,0.1388
144,1377,1521,0.1388
141,1367,1508,0.1388
135,1372,1507,0.1388
135,1382,1517,0.1388
133,1370,1503,0.1388
132,1367,1499,0.1388
136,1374,1510,0.1388
132,1364,1496,0.1388
131,1369,1500,0.1388
133,1374,1507,0.1388
136,1373,1509,0.1388
134,1369,1503,0.1388
133,1377,1510,0.1388
133,1381,1514,0.1388
137,1385,1522,0.1388
140,1382,1522,0.1388
139,1382,1521,0.1388
139,1380,1519,0.1388
136,1391,1527,0.1388
136,1391,1527,0.1388
134,1396,1530,0.1388
134,1398,1532,0.1388
130,1393,1523,0.1388
130,1399,1529,0.1388
129,1390,1519,0.1388
127,1393,1520,0.1388
127,1390,1517,0.1388
126,1393,1519,0.1388
123,1402,1525,0.1388
127,1397,1524,0.1388
123,1403,1526,0.1388
123,1394,1517,0.1388
120,1402,1522,0.1388
121,1398,1519,0.1388
117,1395,1512,0.1388
118,1389,1507,0.1388
124,1386,1510,0.1388
122,1404,1526,0.1388
120,1409,1529,0.1388
122,1416,1538,0.1388
122,1424,1546,0.1388
116,1411,1527,0.1388
115,1412,1527,0.1388
116,1420,1536,0.1388
118,1415,1533,0.1388
117,1408,1525,0.1388
115,1413,1528,0.1388
113,1410,1523,0.1388
116,1408,1524,0.1388
117,1415,1532,0.1388
114,1399,1513,0.1388
108,1406,1514,0.1388
107,1410,1517,0.1388
105,1408,1513,0.1388
104,1410,1514,0.1388
106,1421,1527,0.1388
106,1416,1522,0.1388
107,1422,1529,0.1388
107,1412,1519,0.1388
111,1416,1527,0.1388
102,1411,1513,0.1388
103,1408,1511,0.1388
103,1410,1513,0.1388
103,1405,1508,0.1388
98,1407,1505,0.1388
100,1406,1506,0.1388
99,1409,1508,0.1388
100,1418,1518,0.1388
101,1412,1513,0.1388
101,1406,1507,0.1388
99,1416,1515,0.1388
99,1426,1525,0.1388
98,1426,1524,0.1388
99,1422,1521,0.1388
97,1415,1512,0.1388
97,1407,1504,0.1388
96,1430,1526,0.1388
95,1410,1505,0.1388
91,1417,1508,0.1388
93,1410,1503,0.1388
94,1407,1501,0.1388
94,1409,1503,0.1388
96,1412,1508,0.1388
92,1417,1509,0.1388
92,1416,1508,0.1388
92,1406,1498,0.1388
94,1420,1514,0.1388
95,1423,1518,0.1388
97,1416,1513,0.1388
96,1425,1521,0.1388
95,1418,1513,0.1388
93,1427,1520,0.1388
91,1418,1509,0.1388
89,1424,1513,0.1388
88,1421,1509,0.1388
89,1425,1514,0.1388
90,1419,1509,0.1388
91,1424,1515,0.1388
89,1421,1510,0.1388
88,1426,1514,0.1388
87,1431,1518,0.1388
87,1434,1521,0.1388
87,1423,1510,0.1388
87,1435,1522,0.1388
88,1430,1518,0.1388
88,1429,1517,0.1388
88,1444,1532,0.1388
85,1437,1522,0.1388
85,1429,1514,0.1388
81,1423,1504,0.1388
80,1423,1503,0.1388
83,1425,1508,0.1388
82,1438,1520,0.1388
83,1434,1517,0.1388
84,1433,1517,0.1388
79,1432,1511,0.1388
78,1433,1511,0.1388
77,1433,1510,0.1388
78,1436,1514,0.1388
77,1437,1514,0.1388
80,1437,1517,0.1388
79,1439,1518,0.1388
76,1436,1512,0.1388
74,1446,1520,0.1388
75,1440,1515,0.1388
77,1442,1519,0.1388
78,1432,1510,0.1388
78,1442,1520,0.1388
78,1423,1501,0.1388
79,1431,1510,0.1388
77,1447,1524,0.1388
73,1453,1526,0.1388
73,1461,1534,0.1388
73,1455,1528,0.1388
73,1460,1533,0.1388
73,1455,1528,0.1388
70,1461,1531,0.1388
68,1453,1521,0.1388
70,1453,1523,0.1388
71,1451,1522,0.1388
69,1459,1528,0.1388
70,1458,1528,0.1388
72,1458,1530,0.1388
68,1452,1520,0.1388
68,1453,1521,0.1388
64,1445,1509,0.1388
64,1433,1497,0.1388
62,1429,1491,0.1388
62,1436,1498,0.1388
63,1436,1499,0.1388
62,1439,1501,0.1388
63,1448,1511,0.1388
61,1456,1517,0.1388
60,1456,1516,0.1388
59,1459,1518,0.1388
59,1459,1518,0.1388
57,1458,1515,0.1388
60,1458,1518,0.1388
61,1470,1531,0.1388
59,1452,1511,0.1388
56,1444,1500,0.1388
54,1452,1506,0.1388
57,1443,1500,0.1388
56,1450,1506,0.1388
55,1453,1508,0.1388
57,1459,1516,0.1388
56,1456,1512,0.1388
57,1455,1512,0.1388
56,1445,1501,0.1388
57,1439,1496,0.1388
58,1449,1507,0.1388
60,1448,1508,0.1388
60,1447,1507,0.1388
58,1458,1516,0.1388
57,1460,1517,0.1388
57,1447,1504,0.1388
58,1453,1511,0.1388
54,1456,1510,0.1388
54,1459,1513,0.1388
54,1452,1506,0.1388
54,1448,1502,0.1388
56,1446,1502,0.1388
55,1449,1504,0.1388
54,1462,1516,0.1388
55,1461,1516,0.1388
57,1462,1519,0.1388
57,1464,1521,0.1388
57,1465,1522,0.1388
56,1467,1523,0.1388
56,1465,1521,0.1388
55,1464,1519,0.1388
56,1467,1523,0.1388
55,1480,1535,0.1388
54,1486,1540,0.1388
52,1475,1527,0.1388
50,1478,1528,0.1388
50,1474,1524,0.1388
50,1472,1522,0.1388
51,1464,1515,0.1388
52,1458,1510,0.1388
52,1462,1514,0.1388
52,1460,1512,0.1388
51,1471,1522,0.1388
52,1462,1514,0.1388
53,1470,1523,0.1388
52,1482,1534,0.1388
52,1478,1530,0.1388
51,1468,1519,0.1388
48,1471,1519,0.1388
48,1469,1517,0.1388
48,1482,1530,0.1388
46,1472,1518,0.1388
47,1457,1504,0.1388
46,1467,1513,0.1388
46,1467,1513,0.1388
45,1461,1506,0.1388
44,1475,1519,0.1388
43,1468,1511,0.1388
44,1470,1514,0.1388
42,1473,1515,0.1388
43,1468,1511,0.1388
40,1462,1502,0.1388
40,1458,1498,0.1388
39,1469,1508,0.1388
39,1473,1512,0.1388
39,1458,1497,0.1388
39,1466,1505,0.1388
41,1463,1504,0.1388
41,1457,1498,0.1388
40,1466,1506,0.1388
41,1464,1505,0.1388
40,1475,1515,0.1388
40,1478,1518,0.1388
41,1473,1514,0.1388
40,1478,1518,0.1388
41,1465,1506,0.1388
42,1497,1539,0.1388
42,1490,1532,0.1388
43,1489,1532,0.1388
40,1491,1531,0.1388
42,1479,1521,0.1388
41,1479,1520,0.1388
43,1465,1508,0.1388
40,1467,1507,0.1388
40,1482,1522,0.1388
39,1480,1519,0.1388
37,1484,1521,0.1388
35,1480,1515,0.1388
36,1482,1518,0.1388
36,1490,1526,0.1388
36,1482,1518,0.1388
35,1468,1503,0.1388
37,1464,1501,0.1388
36,1478,1514,0.1388
36,1483,1519,0.1388
37,1490,1527,0.1388
38,1470,1508,0.1388
39,1479,1518,0.1388
36,1471,1507,0.1388
35,1484,1519,0.1388
34,1480,1514,0.1388
34,1485,1519,0.1388
35,1470,1505,0.1388
35,1478,1513,0.1388
35,1490,1525,0.1388
35,1476,1511,0.1388
34,1471,1505,0.1388
36,1465,1501,0.1388
34,1459,1493,0.1388
33,1476,1509,0.1388
31,1484,1515,0.1388
31,1485,1516,0.1388
27,1484,1511,0.1388
28,1484,1512,0.1388
27,1492,1519,0.1388
27,1488,1515,0.1388
28,1488,1516,0.1388
30,1484,1514,0.1388
31,1493,1524,0.1388
31,1493,1524,0.1388
30,1500,1530,0.1388
31,1492,1523,0.1388
32,1486,1518,0.1388
31,1495,1526,0.1388
30,1499,1529,0.1388
30,1496,1526,0.1388
30,1491,1521,0.1388
30,1482,1512,0.1388
30,1486,1516,0.1388
29,1490,1519,0.1388
29,1496,1525,0.1388
28,1499,1527,0.1388
28,1494,1522,0.1388
32,1484,1516,0.1388
31,1490,1521,0.1388
30,1494,1524,0.1388
29,1491,1520,0.1388
30,1485,1515,0.1388
30,1488,1518,0.1388
30,1494,1524,0.1388
30,1494,1524,0.1388
30,1492,1522,0.1388
31,1492,1523,0.1388
30,1499,1529,0.1388
30,1507,1537,0.1388
30,1499,1529,0.1388
32,1492,1524,0.1388
32,1499,1531,0.1388
30,1485,1515,0.1388
30,1467,1497,0.1388
31,1476,1507,0.1388
31,1481,1512,0.1388
30,1483,1513,0.1388
30,1494,1524,0.1388
30,1502,1532,0.1388
30,1505,1535,0.1388
29,1501,1530,0.1388
30,1493,1523,0.1388
30,1477,1507,0.1388
30,1485,1515,0.1388
29,1470,1499,0.1388
27,1465,1492,0.1388
30,1473,1503,0.1388
30,1463,1493,0.1388
29,1479,1508,0.1388
30,1480,1510,0.1388
29,1485,1514,0.1388
26,1484,1510,0.1388
25,1475,1500,0.1388
25,1476,1501,0.1388
26,1479,1505,0.1388
24,1490,1514,0.1388
26,1490,1516,0.1388
24,1490,1514,0.1388
23,1485,1508,0.1388
23,1499,1522,0.1388
21,1500,1521,0.1388
20,1504,1524,0.1388
20,1501,1521,0.1388
20,1503,1523,0.1388
19,1492,1511,0.1388
19,1503,1522,0.1388
19,1496,1515,0.1388
19,1498,1517,0.1388
18,1502,1520,0.1388
17,1509,1526,0.1388
16,1500,1516,0.1388
16,1509,1525,0.1388
16,1513,1529,0.1388
15,1509,1524,0.1388
15,1511,1526,0.1388
14,1521,1535,0.1388
14,1510,1524,0.1388
14,1499,1513,0.1388
13,1504,1517,0.1388
11,1491,1502,0.1388
10,1489,1499,0.1388
13,1491,1504,0.1388
14,1508,1522,0.1388
13,1505,1518,0.1388
13,1515,1528,0.1388
13,1519,1532,0.1388
15,1506,1521,0.1388
17,1519,1536,0.1388
15,1502,1517,0.1388
16,1511,1527,0.1388
16,1520,1536,0.1388
16,1518,1534,0.1388
16,1508,1524,0.1388
16,1502,1518,0.1388
16,1487,1503,0.1388
16,1505,1521,0.1388
17,1500,1517,0.1388
16,1490,1506,0.1388
15,1491,1506,0.1388
15,1503,1518,0.1388
16,1502,1518,0.1388
16,1495,1511,0.1388
15,1493,1508,0.1388
14,1490,1504,0.1388
14,1490,1504,0.1388
14,1480,1494,0.1388
14,1486,1500,0.1388
14,1477,1491,0.1388
14,1484,1498,0.1388
14,1498,1512,0.1388
15,1495,1510,0.1388
14,1495,1509,0.1388
14,1497,1511,0.1388
14,1500,1514,0.1388
13,1488,1501,0.1388
13,1494,1507,0.1388
12,1492,1504,0.1388
12,1503,1515,0.1388
13,1506,1519,0.1388
13,1489,1502,0.1388
13,1485,1498,0.1388
13,1494,1507,0.1388
14,1500,1514,0.1388
13,1498,1511,0.1388
12,1494,1506,0.1388
12,1486,1498,0.1388
11,1481,1492,0.1388
12,1493,1505,0.1388
12,1501,1513,0.1388
12,1497,1509,0.1388
12,1500,1512,0.1388
13,1486,1499,0.1388
13,1481,1494,0.1388
14,1471,1485,0.1388
13,1474,1487,0.1388
13,1483,1496,0.1388
14,1490,1504,0.1388
14,1510,1524,0.1388
14,1509,1523,0.1388
14,1506,1520,0.1388
15,1508,1523,0.1388
15,1508,1523,0.1388
15,1497,1512,0.1388
18,1504,1522,0.1388
17,1503,1520,0.1388
16,1500,1516,0.1388
14,1491,1505,0.1388
15,1499,1514,0.1388
14,1511,1525,0.1388
13,1507,1520,0.1388
12,1502,1514,0.1388
8,1509,1517,0.1388
9,1513,1522,0.1388
9,1509,1518,0.1388
9,1513,1522,0.1388
9,1504,1513,0.1388
9,1508,1517,0.1388
9,1515,1524,0.1388
10,1501,1511,0.1388
10,1486,1496,0.1388
11,1501,1512,0.1388
10,1501,1511,0.1388
10,1507,1517,0.1388
11,1493,1504,0.1388
12,1509,1521,0.1388
11,1495,1506,0.1388
12,1510,1522,0.1388
13,1507,1520,0.1388
13,1501,1514,0.1388
13,1499,1512,0.1388
13,1486,1499,0.1388
13,1500,1513,0.1388
15,1504,1519,0.1388
15,1507,1522,0.1388
15,1501,1516,0.1388
15,1501,1516,0.1388
14,1509,1523,0.1388
12,1500,1512,0.1388
12,1497,1509,0.1388
12,1501,1513,0.1388
11,1512,1523,0.1388
11,1504,1515,0.1388
11,1508,1519,0.1388
11,1513,1524,0.1388
10,1507,1517,0.1388
10,1510,1520,0.1388
9,1502,1511,0.1388
10,1492,1502,0.1388
10,1498,1508,0.1388
10,1501,1511,0.1388
9,1504,1513,0.1388
9,1517,1526,0.1388
9,1513,1522,0.1388
9,1509,1518,0.1388
9,1496,1505,0.1388
9,1501,1510,0.1388
8,1503,1511,0.1388
8,1503,1511,0.1388
8,1512,1520,0.1388
10,1513,1523,0.1388
10,1514,1524,0.1388
10,1523,1533,0.1388
10,1513,1523,0.1388
9,1512,1521,0.1388
9,1503,1512,0.1388
8,1514,1522,0.1388
8,1502,1510,0.1388
6,1511,1517,0.1388
6,1519,1525,0.1388
6,1524,1530,0.1388
6,1517,1523,0.1388
6,1515,1521,0.1388
6,1522,1528,0.1388
5,1529,1534,0.1388
5,1524,1529,0.1388
4,1519,1523,0.1388
4,1515,1519,0.1388
4,1507,1511,0.1388
4,1509,1513,0.1388
4,1511,1515,0.1388
4,1512,1516,0.1388
4,1499,1503,0.1388
4,1498,1502,0.1388
4,1518,1522,0.1388
4,1519,1523,0.1388
4,1533,1537,0.1388
3,1520,1523,0.1388
3,1515,1518,0.1388
3,1510,1513,0.1388
3,1514,1517,0.1388
3,1513,1516,0.1388
3,1499,1502,0.1388
3,1506,1509,0.1388
3,1501,1504,0.1388
4,1510,1514,0.1388
4,1514,1518,0.1388
4,1499,1503,0.1388
4,1497,1501,0.1388
4,1509,1513,0.1388
4,1511,1515,0.1388
4,1515,1519,0.1388
4,1513,1517,0.1388
4,1506,1510,0.1388
4,1509,1513,0.1388
4,1504,1508,0.1388
4,1509,1513,0.1388
4,1506,1510,0.1388
4,1500,1504,0.1388
4,1500,1504,0.1388
4,1513,1517,0.1388
4,1519,1523,0.1388
5,1512,1517,0.1388
5,1512,1517,0.1388
5,1512,1517,0.1388
5,1507,1512,0.1388
5,1509,1514,0.1388
5,1529,1534,0.1388
5,1510,1515,0.1388
5,1523,1528,0.1388
5,1520,1525,0.1388
5,1518,1523,0.1388
5,1506,1511,0.1388
5,1510,1515,0.1388
5,1516,1521,0.1388
5,1523,1528,0.1388
5,1527,1532,0.1388
6,1515,1521,0.1388
5,1516,1521,0.1388
4,1512,1516,0.1388
4,1514,1518,0.1388
4,1510,1514,0.1388
4,1509,1513,0.1388
3,1516,1519,0.1388
3,1526,1529,0.1388
3,1511,1514,0.1388
3,1519,1522,0.1388
3,1521,1524,0.1388
3,1514,1517,0.1388
3,1520,1523,0.1388
3,1520,1523,0.1388
3,1514,1517,0.1388
2,1520,1522,0.1388
2,1523,1525,0.1388
2,1525,1527,0.1388
2,1530,1532,0.1388
2,1525,1527,0.1388
2,1519,1521,0.1388
2,1517,1519,0.1388
1,1521,1522,0.1388
1,1515,1516,0.1388
1,1522,1523,0.1388
1,1526,1527,0.1388
1,1518,1519,0.1388
0,1519,1519,0.1388
