1380,28,1408,0.1388
1411,29,1440,0.1388
1430,28,1458,0.1388
1433,29,1462,0.1388
1453,31,1484,0.1388
1453,31,1484,0.1388
1447,33,1480,0.1388
1444,30,1474,0.1388
1462,32,1494,0.1388
1465,33,1498,0.1388
1464,33,1497,0.1388
1457,37,1494,0.1388
1463,35,1498,0.1388
1476,35,1511,0.1388
1470,35,1505,0.1388
1469,36,1505,0.1388
1457,38,1495,0.1388
1453,40,1493,0.1388
1447,38,1485,0.1388
1453,39,1492,0.1388
1449,40,1489,0.1388
1436,40,1476,0.1388
1446,41,1487,0.1388
1444,41,1485,0.1388
1448,45,1493,0.1388
1451,46,1497,0.1388
1458,42,1500,0.1388
1450,41,1491,0.1388
1446,43,1489,0.1388
1449,44,1493,0.1388
1459,44,1503,0.1388
1456,44,1500,0.1388
1457,47,1504,0.1388
1458,45,1503,0.1388
1462,44,1506,0.1388
1455,43,1498,0.1388
1455,43,1498,0.1388
1455,45,1500,0.1388
1463,47,1510,0.1388
1463,46,1509,0.1388
1462,47,1509,0.1388
1451,47,1498,0.1388
1457,46,1503,0.1388
1457,44,1501,0.1388
1455,45,1500,0.1388
1456,45,1501,0.1388
1456,46,1502,0.1388
1434,45,1479,0.1388
1421,48,1469,0.1388
1422,47,1469,0.1388
1433,46,1479,0.1388
1442,47,1489,0.1388
1447,46,1493,0.1388
1454,47,1501,0.1388
1457,45,1502,0.1388
1467,44,1511,0.1388
1459,46,1505,0.1388
1462,45,1507,0.1388
1448,45,1493,0.1388
1434,48,1482,0.1388
1430,46,1476,0.1388
1433,41,1474,0.1388
1431,43,1474,0.1388
1429,45,1474,0.1388
1430,44,1474,0.1388
1424,43,1467,0.1388
1427,43,1470,0.1388
1440,44,1484,0.1388
1449,45,1494,0.1388
1460,42,1502,0.1388
1461,43,1504,0.1388
1456,42,1498,0.1388
1458,40,1498,0.1388
1449,42,1491,0.1388
1459,40,1499,0.1388
1454,41,1495,0.1388
1449,39,1488,0.1388
1454,42,1496,0.1388
1448,43,1491,0.1388
1453,42,1495,0.1388
1455,42,1497,0.1388
1444,44,1488,0.1388
1442,43,1485,0.1388
1450,42,1492,0.1388
1446,40,1486,0.1388
1456,38,1494,0.1388
1460,36,1496,0.1388
1462,37,1499,0.1388
1474,38,1512,0.1388
1468,37,1505,0.1388
1460,38,1498,0.1388
1466,38,1504,0.1388
1453,38,1491,0.1388
1454,37,1491,0.1388
1450,36,1486,0.1388
1454,37,1491,0.1388
1442,40,1482,0.1388
1449,41,1490,0.1388
1460,42,1502,0.1388
1456,42,1498,0.1388
1439,41,1480,0.1388
1449,43,1492,0.1388
1449,42,1491,0.1388
1461,42,1503,0.1388
1460,41,1501,0.1388
1461,42,1503,0.1388
1468,41,1509,0.1388
1469,40,1509,0.1388
1480,39,1519,0.1388
1483,39,1522,0.1388
1468,39,1507,0.1388
1459,40,1499,0.1388
1450,38,1488,0.1388
1441,37,1478,0.1388
1442,37,1479,0.1388
1448,37,1485,0.1388
1441,36,1477,0.1388
1437,36,1473,0.1388
1444,39,1483,0.1388
1463,39,1502,0.1388
1448,39,1487,0.1388
1443,40,1483,0.1388
1451,40,1491,0.1388
1461,41,1502,0.1388
1458,40,1498,0.1388
1443,40,1483,0.1388
1455,39,1494,0.1388
1446,40,1486,0.1388
1447,40,1487,0.1388
1455,42,1497,0.1388
1451,42,1493,0.1388
1448,39,1487,0.1388
1453,38,1491,0.1388
1443,39,1482,0.1388
1456,38,1494,0.1388
1456,38,1494,0.1388
1462,38,1500,0.1388
1453,41,1494,0.1388
1446,41,1487,0.1388
1447,42,1489,0.1388
1448,43,1491,0.1388
1457,42,1499,0.1388
1435,43,1478,0.1388
1452,44,1496,0.1388
1434,46,1480,0.1388
1430,48,1478,0.1388
1427,49,1476,0.1388
1432,52,1484,0.1388
1446,50,1496,0.1388
1450,47,1497,0.1388
1448,46,1494,0.1388
1443,48,1491,0.1388
1437,46,1483,0.1388
1443,50,1493,0.1388
1437,49,1486,0.1388
1440,50,1490,0.1388
1434,49,1483,0.1388
1429,50,1479,0.1388
1434,50,1484,0.1388
1435,51,1486,0.1388
1439,54,1493,0.1388
1425,54,1479,0.1388
1420,53,1473,0.1388
1431,55,1486,0.1388
1446,55,1501,0.1388
1443,55,1498,0.1388
1445,56,1501,0.1388
1430,56,1486,0.1388
1412,54,1466,0.1388
1436,52,1488,0.1388
1425,53,1478,0.1388
1436,54,1490,0.1388
1435,55,1490,0.1388
1429,57,1486,0.1388
1436,57,1493,0.1388
1436,58,1494,0.1388
1428,58,1486,0.1388
1437,55,1492,0.1388
1437,55,1492,0.1388
1438,56,1494,0.1388
1433,55,1488,0.1388
1444,55,1499,0.1388
1450,54,1504,0.1388
1434,54,1488,0.1388
1431,55,1486,0.1388
1443,57,1500,0.1388
1450,59,1509,0.1388
1432,60,1492,0.1388
1415,63,1478,0.1388
1426,62,1488,0.1388
1431,64,1495,0.1388
1433,65,1498,0.1388
1434,65,1499,0.1388
1428,67,1495,0.1388
1430,66,1496,0.1388
1436,65,1501,0.1388
1435,66,1501,0.1388
1427,67,1494,0.1388
1435,66,1501,0.1388
1431,64,1495,0.1388
1426,69,1495,0.1388
1419,67,1486,0.1388
1421,69,1490,0.1388
1420,71,1491,0.1388
1416,75,1491,0.1388
1410,74,1484,0.1388
1407,73,1480,0.1388
1406,75,1481,0.1388
1406,76,1482,0.1388
1408,76,1484,0.1388
1405,74,1479,0.1388
1415,76,1491,0.1388
1412,78,1490,0.1388
1399,77,1476,0.1388
1413,75,1488,0.1388
1409,71,1480,0.1388
1415,72,1487,0.1388
1422,71,1493,0.1388
1420,69,1489,0.1388
1421,67,1488,0.1388
1421,65,1486,0.1388
1429,67,1496,0.1388
1410,68,1478,0.1388
1420,71,1491,0.1388
1436,69,1505,0.1388
1437,70,1507,0.1388
1439,72,1511,0.1388
1445,70,1515,0.1388
1423,68,1491,0.1388
1426,71,1497,0.1388
1434,72,1506,0.1388
1437,72,1509,0.1388
1433,71,1504,0.1388
1419,73,1492,0.1388
1415,73,1488,0.1388
1412,76,1488,0.1388
1433,73,1506,0.1388
1443,72,1515,0.1388
1446,70,1516,0.1388
1436,72,1508,0.1388
1425,74,1499,0.1388
1423,73,1496,0.1388
1418,68,1486,0.1388
1429,70,1499,0.1388
1426,70,1496,0.1388
1430,66,1496,0.1388
1431,69,1500,0.1388
1424,73,1497,0.1388
1428,74,1502,0.1388
1430,75,1505,0.1388
1435,73,1508,0.1388
1429,74,1503,0.1388
1431,74,1505,0.1388
1432,73,1505,0.1388
1430,72,1502,0.1388
1431,70,1501,0.1388
1431,72,1503,0.1388
1431,72,1503,0.1388
1428,71,1499,0.1388
1423,74,1497,0.1388
1420,73,1493,0.1388
1423,73,1496,0.1388
1420,73,1493,0.1388
1416,74,1490,0.1388
1413,76,1489,0.1388
1418,75,1493,0.1388
1417,73,1490,0.1388
1421,74,1495,0.1388
1420,76,1496,0.1388
1417,75,1492,0.1388
1410,79,1489,0.1388
1404,76,1480,0.1388
1407,79,1486,0.1388
1413,79,1492,0.1388
1399,81,1480,0.1388
1407,83,1490,0.1388
1416,86,1502,0.1388
1412,86,1498,0.1388
1418,88,1506,0.1388
1428,87,1515,0.1388
1416,85,1501,0.1388
1410,84,1494,0.1388
1428,85,1513,0.1388
1397,86,1483,0.1388
1387,90,1477,0.1388
1383,91,1474,0.1388
1390,88,1478,0.1388
1394,84,1478,0.1388
1403,83,1486,0.1388
1411,82,1493,0.1388
1409,84,1493,0.1388
1403,85,1488,0.1388
1409,85,1494,0.1388
1400,87,1487,0.1388
1396,86,1482,0.1388
1381,85,1466,0.1388
1394,89,1483,0.1388
1396,89,1485,0.1388
1403,91,1494,0.1388
1401,92,1493,0.1388
1404,87,1491,0.1388
1399,88,1487,0.1388
1394,86,1480,0.1388
1409,85,1494,0.1388
1392,90,1482,0.1388
1393,89,1482,0.1388
1385,89,1474,0.1388
1396,87,1483,0.1388
1383,89,1472,0.1388
1397,92,1489,0.1388
1404,91,1495,0.1388
1381,93,1474,0.1388
1390,96,1486,0.1388
1385,93,1478,0.1388
1379,91,1470,0.1388
1389,91,1480,0.1388
1389,92,1481,0.1388
1393,93,1486,0.1388
1381,97,1478,0.1388
1392,97,1489,0.1388
1392,98,1490,0.1388
1387,100,1487,0.1388
1383,103,1486,0.1388
1387,103,1490,0.1388
1385,101,1486,0.1388
1392,100,1492,0.1388
1401,102,1503,0.1388
1407,101,1508,0.1388
1398,102,1500,0.1388
1387,101,1488,0.1388
1383,103,1486,0.1388
1393,104,1497,0.1388
1391,105,1496,0.1388
1398,109,1507,0.1388
1385,108,1493,0.1388
1388,105,1493,0.1388
1394,107,1501,0.1388
1390,106,1496,0.1388
1375,105,1480,0.1388
1392,104,1496,0.1388
1389,106,1495,0.1388
1392,113,1505,0.1388
1392,111,1503,0.1388
1394,108,1502,0.1388
1404,112,1516,0.1388
1410,114,1524,0.1388
1415,117,1532,0.1388
1410,117,1527,0.1388
1401,115,1516,0.1388
1408,116,1524,0.1388
1391,117,1508,0.1388
1392,118,1510,0.1388
1386,116,1502,0.1388
1377,122,1499,0.1388
1384,119,1503,0.1388
1376,120,1496,0.1388
1385,117,1502,0.1388
1375,118,1493,0.1388
1374,123,1497,0.1388
1362,120,1482,0.1388
1364,120,1484,0.1388
1379,121,1500,0.1388
1385,123,1508,0.1388
1376,128,1504,0.1388
1389,130,1519,0.1388
1374,129,1503,0.1388
1383,127,1510,0.1388
1381,125,1506,0.1388
1385,124,1509,0.1388
1378,126,1504,0.1388
1371,123,1494,0.1388
1363,125,1488,0.1388
1359,126,1485,0.1388
1363,128,1491,0.1388
1367,130,1497,0.1388
1353,128,1481,0.1388
1364,131,1495,0.1388
1355,133,1488,0.1388
1364,129,1493,0.1388
1369,134,1503,0.1388
1359,136,1495,0.1388
1362,137,1499,0.1388
1353,135,1488,0.1388
1344,136,1480,0.1388
1349,137,1486,0.1388
1364,139,1503,0.1388
1369,139,1508,0.1388
1360,144,1504,0.1388
1351,140,1491,0.1388
1338,140,1478,0.1388
1336,144,1480,0.1388
1334,149,1483,0.1388
1336,147,1483,0.1388
1346,142,1488,0.1388
1342,144,1486,0.1388
1341,147,1488,0.1388
1335,142,1477,0.1388
1338,143,1481,0.1388
1344,144,1488,0.1388
1353,145,1498,0.1388
1357,142,1499,0.1388
1347,141,1488,0.1388
1351,140,1491,0.1388
1356,140,1496,0.1388
1349,139,1488,0.1388
1352,140,1492,0.1388
1338,144,1482,0.1388
1331,147,1478,0.1388
1337,145,1482,0.1388
1346,142,1488,0.1388
1352,144,1496,0.1388
1353,145,1498,0.1388
1350,143,1493,0.1388
1348,146,1494,0.1388
1338,147,1485,0.1388
1339,147,1486,0.1388
1344,154,1498,0.1388
1332,151,1483,0.1388
1334,148,1482,0.1388
1348,150,1498,0.1388
1351,153,1504,0.1388
1359,157,1516,0.1388
1349,156,1505,0.1388
1337,155,1492,0.1388
1330,156,1486,0.1388
1343,157,1500,0.1388
1343,158,1501,0.1388
1338,153,1491,0.1388
1335,150,1485,0.1388
1347,141,1488,0.1388
1352,149,1501,0.1388
1356,154,1510,0.1388
1352,154,1506,0.1388
1344,151,1495,0.1388
1345,152,1497,0.1388
1337,152,1489,0.1388
1331,155,1486,0.1388
1341,155,1496,0.1388
1331,156,1487,0.1388
1329,154,1483,0.1388
1326,158,1484,0.1388
1333,157,1490,0.1388
1334,160,1494,0.1388
1339,153,1492,0.1388
1346,156,1502,0.1388
1350,158,1508,0.1388
1353,156,1509,0.1388
1341,153,1494,0.1388
1337,154,1491,0.1388
1342,154,1496,0.1388
1339,159,1498,0.1388
1335,160,1495,0.1388
1328,157,1485,0.1388
1327,155,1482,0.1388
1334,157,1491,0.1388
1342,161,1503,0.1388
1338,158,1496,0.1388
1337,157,1494,0.1388
1349,154,1503,0.1388
1346,157,1503,0.1388
1345,158,1503,0.1388
1337,160,1497,0.1388
1334,158,1492,0.1388
1333,158,1491,0.1388
1333,158,1491,0.1388
1336,155,1491,0.1388
1333,152,1485,0.1388
1339,151,1490,0.1388
1339,151,1490,0.1388
1354,152,1506,0.1388
1355,153,1508,0.1388
1358,153,1511,0.1388
1349,159,1508,0.1388
1344,161,1505,0.1388
1342,159,1501,0.1388
1347,160,1507,0.1388
1334,157,1491,0.1388
1349,154,1503,0.1388
1346,153,1499,0.1388
1331,160,1491,0.1388
1329,161,1490,0.1388
1327,162,1489,0.1388
1333,162,1495,0.1388
1327,163,1490,0.1388
1330,167,1497,0.1388
1339,167,1506,0.1388
1338,167,1505,0.1388
1331,162,1493,0.1388
1328,165,1493,0.1388
1327,166,1493,0.1388
1323,169,1492,0.1388
1335,165,1500,0.1388
1331,171,1502,0.1388
1327,169,1496,0.1388
1337,171,1508,0.1388
1338,174,1512,0.1388
1335,175,1510,0.1388
1335,174,1509,0.1388
1322,172,1494,0.1388
1335,174,1509,0.1388
1334,176,1510,0.1388
1327,174,1501,0.1388
1333,171,1504,0.1388
1328,173,1501,0.1388
1324,177,1501,0.1388
1317,176,1493,0.1388
1315,181,1496,0.1388
1318,182,1500,0.1388
1323,179,1502,0.1388
1322,184,1506,0.1388
1337,181,1518,0.1388
1335,179,1514,0.1388
1323,182,1505,0.1388
1310,185,1495,0.1388
1316,182,1498,0.1388
1320,181,1501,0.1388
1318,185,1503,0.1388
1320,183,1503,0.1388
1321,185,1506,0.1388
1319,189,1508,0.1388
1304,192,1496,0.1388
1306,192,1498,0.1388
1306,191,1497,0.1388
1315,190,1505,0.1388
1297,192,1489,0.1388
1309,192,1501,0.1388
1316,191,1507,0.1388
1310,191,1501,0.1388
1317,195,1512,0.1388
1318,191,1509,0.1388
1308,188,1496,0.1388
1300,193,1493,0.1388
1298,193,1491,0.1388
1292,191,1483,0.1388
1286,193,1479,0.1388
1276,191,1467,0.1388
1279,193,1472,0.1388
1282,192,1474,0.1388
1301,191,1492,0.1388
1298,197,1495,0.1388
1309,198,1507,0.1388
1296,203,1499,0.1388
1293,203,1496,0.1388
1286,204,1490,0.1388
1300,205,1505,0.1388
1290,205,1495,0.1388
1295,207,1502,0.1388
1270,203,1473,0.1388
1282,202,1484,0.1388
1290,201,1491,0.1388
1293,202,1495,0.1388
1298,201,1499,0.1388
1308,202,1510,0.1388
1303,202,1505,0.1388
1295,203,1498,0.1388
1292,205,1497,0.1388
1284,203,1487,0.1388
1281,201,1482,0.1388
1295,201,1496,0.1388
1284,201,1485,0.1388
1285,205,1490,0.1388
1287,205,1492,0.1388
1276,205,1481,0.1388
1282,204,1486,0.1388
1289,211,1500,0.1388
1277,210,1487,0.1388
1281,209,1490,0.1388
1277,209,1486,0.1388
1293,204,1497,0.1388
1296,205,1501,0.1388
1299,205,1504,0.1388
1292,204,1496,0.1388
1296,208,1504,0.1388
1301,210,1511,0.1388
1304,210,1514,0.1388
1303,211,1514,0.1388
1289,211,1500,0.1388
1281,213,1494,0.1388
1287,215,1502,0.1388
1282,216,1498,0.1388
1274,217,1491,0.1388
1283,220,1503,0.1388
1294,218,1512,0.1388
1293,216,1509,0.1388
1290,220,1510,0.1388
1277,229,1506,0.1388
1270,226,1496,0.1388
1267,225,1492,0.1388
1271,224,1495,0.1388
1277,224,1501,0.1388
1286,224,1510,0.1388
1284,225,1509,0.1388
1259,232,1491,0.1388
1262,232,1494,0.1388
1266,229,1495,0.1388
1270,229,1499,0.1388
1274,229,1503,0.1388
1276,227,1503,0.1388
1267,228,1495,0.1388
1262,225,1487,0.1388
1263,230,1493,0.1388
1262,231,1493,0.1388
1259,231,1490,0.1388
1264,232,1496,0.1388
1265,236,1501,0.1388
1270,232,1502,0.1388
1269,230,1499,0.1388
1282,230,1512,0.1388
1280,227,1507,0.1388
1270,229,1499,0.1388
1252,230,1482,0.1388
1261,237,1498,0.1388
1269,238,1507,0.1388
1265,234,1499,0.1388
1277,233,1510,0.1388
1279,238,1517,0.1388
1277,235,1512,0.1388
1292,232,1524,0.1388
1290,233,1523,0.1388
1276,235,1511,0.1388
1263,244,1507,0.1388
1245,243,1488,0.1388
1235,246,1481,0.1388
1248,244,1492,0.1388
1240,243,1483,0.1388
1245,243,1488,0.1388
1251,243,1494,0.1388
1251,243,1494,0.1388
1258,247,1505,0.1388
1264,246,1510,0.1388
1246,252,1498,0.1388
1249,254,1503,0.1388
1247,255,1502,0.1388
1243,254,1497,0.1388
1241,253,1494,0.1388
1240,250,1490,0.1388
1243,255,1498,0.1388
1248,257,1505,0.1388
1240,256,1496,0.1388
1240,255,1495,0.1388
1244,251,1495,0.1388
1238,249,1487,0.1388
1240,253,1493,0.1388
1226,253,1479,0.1388
1236,261,1497,0.1388
1240,256,1496,0.1388
1240,256,1496,0.1388
1244,250,1494,0.1388
1232,249,1481,0.1388
1232,253,1485,0.1388
1223,251,1474,0.1388
1227,252,1479,0.1388
1246,262,1508,0.1388
1243,268,1511,0.1388
1231,266,1497,0.1388
1237,264,1501,0.1388
1235,264,1499,0.1388
1234,262,1496,0.1388
1236,262,1498,0.1388
1215,260,1475,0.1388
1221,267,1488,0.1388
1229,272,1501,0.1388
1234,270,1504,0.1388
1232,264,1496,0.1388
1229,272,1501,0.1388
1213,275,1488,0.1388
1214,270,1484,0.1388
1207,270,1477,0.1388
1213,277,1490,0.1388
1211,274,1485,0.1388
1221,281,1502,0.1388
1216,278,1494,0.1388
1221,280,1501,0.1388
1238,279,1517,0.1388
1239,283,1522,0.1388
1225,281,1506,0.1388
1226,282,1508,0.1388
1233,280,1513,0.1388
1229,276,1505,0.1388
1220,279,1499,0.1388
1216,280,1496,0.1388
1205,285,1490,0.1388
1210,283,1493,0.1388
1220,286,1506,0.1388
1225,286,1511,0.1388
1229,280,1509,0.1388
1227,282,1509,0.1388
1211,282,1493,0.1388
1208,282,1490,0.1388
1205,281,1486,0.1388
1206,278,1484,0.1388
1216,275,1491,0.1388
1211,277,1488,0.1388
1221,283,1504,0.1388
1223,283,1506,0.1388
1212,285,1497,0.1388
1210,284,1494,0.1388
1216,284,1500,0.1388
1219,289,1508,0.1388
1216,281,1497,0.1388
1214,281,1495,0.1388
1224,290,1514,0.1388
1220,287,1507,0.1388
1208,291,1499,0.1388
1215,289,1504,0.1388
1229,288,1517,0.1388
1207,290,1497,0.1388
1213,287,1500,0.1388
1213,292,1505,0.1388
1218,289,1507,0.1388
1210,293,1503,0.1388
1209,294,1503,0.1388
1211,295,1506,0.1388
1210,294,1504,0.1388
1218,302,1520,0.1388
1227,304,1531,0.1388
1225,304,1529,0.1388
1207,305,1512,0.1388
1200,310,1510,0.1388
1198,305,1503,0.1388
1204,301,1505,0.1388
1207,313,1520,0.1388
1208,310,1518,0.1388
1200,309,1509,0.1388
1203,308,1511,0.1388
1210,303,1513,0.1388
1193,306,1499,0.1388
1193,309,1502,0.1388
1193,311,1504,0.1388
1190,312,1502,0.1388
1181,308,1489,0.1388
1183,312,1495,0.1388
1191,315,1506,0.1388
1188,316,1504,0.1388
1182,316,1498,0.1388
1183,316,1499,0.1388
1186,316,1502,0.1388
1176,315,1491,0.1388
1174,321,1495,0.1388
1174,318,1492,0.1388
1175,319,1494,0.1388
1168,321,1489,0.1388
1156,325,1481,0.1388
1167,325,1492,0.1388
1165,321,1486,0.1388
1161,319,1480,0.1388
1171,321,1492,0.1388
1169,322,1491,0.1388
1165,325,1490,0.1388
1172,330,1502,0.1388
1170,326,1496,0.1388
1169,331,1500,0.1388
1160,329,1489,0.1388
1170,329,1499,0.1388
1157,334,1491,0.1388
1158,338,1496,0.1388
1152,338,1490,0.1388
1151,327,1478,0.1388
1165,337,1502,0.1388
1172,336,1508,0.1388
1173,337,1510,0.1388
1165,337,1502,0.1388
1167,336,1503,0.1388
1167,333,1500,0.1388
1170,331,1501,0.1388
1162,334,1496,0.1388
1168,330,1498,0.1388
1165,332,1497,0.1388
1164,336,1500,0.1388
1163,340,1503,0.1388
1154,335,1489,0.1388
1172,329,1501,0.1388
1163,331,1494,0.1388
1160,329,1489,0.1388
1159,333,1492,0.1388
1161,332,1493,0.1388
1152,330,1482,0.1388
1148,334,1482,0.1388
1146,336,1482,0.1388
1144,337,1481,0.1388
1150,338,1488,0.1388
1142,337,1479,0.1388
1149,338,1487,0.1388
1153,341,1494,0.1388
1145,343,1488,0.1388
1140,343,1483,0.1388
1150,346,1496,0.1388
1147,345,1492,0.1388
1138,342,1480,0.1388
1130,345,1475,0.1388
1139,352,1491,0.1388
1144,363,1507,0.1388
1130,362,1492,0.1388
1127,362,1489,0.1388
1137,369,1506,0.1388
1133,365,1498,0.1388
1139,372,1511,0.1388
1134,379,1513,0.1388
1136,382,1518,0.1388
1133,379,1512,0.1388
1120,381,1501,0.1388
1114,375,1489,0.1388
1116,379,1495,0.1388
1116,388,1504,0.1388
1116,378,1494,0.1388
1118,384,1502,0.1388
1113,387,1500,0.1388
1124,382,1506,0.1388
1125,382,1507,0.1388
1122,385,1507,0.1388
1118,378,1496,0.1388
1123,382,1505,0.1388
1119,392,1511,0.1388
1113,385,1498,0.1388
1117,384,1501,0.1388
1119,382,1501,0.1388
1104,382,1486,0.1388
1113,387,1500,0.1388
1103,384,1487,0.1388
1104,379,1483,0.1388
1112,387,1499,0.1388
1125,389,1514,0.1388
1115,396,1511,0.1388
1105,403,1508,0.1388
1113,403,1516,0.1388
1103,402,1505,0.1388
1101,396,1497,0.1388
1101,395,1496,0.1388
1091,397,1488,0.1388
1089,394,1483,0.1388
1094,399,1493,0.1388
1097,398,1495,0.1388
1096,399,1495,0.1388
1096,394,1490,0.1388
1099,393,1492,0.1388
1095,390,1485,0.1388
1093,397,1490,0.1388
1102,393,1495,0.1388
1102,393,1495,0.1388
1108,389,1497,0.1388
1110,388,1498,0.1388
1114,383,1497,0.1388
1098,393,1491,0.1388
1096,399,1495,0.1388
1087,404,1491,0.1388
1083,405,1488,0.1388
1087,406,1493,0.1388
1089,414,1503,0.1388
1093,415,1508,0.1388
1093,412,1505,0.1388
1098,416,1514,0.1388
1099,416,1515,0.1388
1088,415,1503,0.1388
1105,416,1521,0.1388
1102,419,1521,0.1388
1089,413,1502,0.1388
1093,409,1502,0.1388
1094,410,1504,0.1388
1086,405,1491,0.1388
1092,417,1509,0.1388
1093,419,1512,0.1388
1083,415,1498,0.1388
1088,420,1508,0.1388
1082,429,1511,0.1388
1080,435,1515,0.1388
1072,438,1510,0.1388
1064,439,1503,0.1388
1063,441,1504,0.1388
1064,444,1508,0.1388
1065,440,1505,0.1388
1059,441,1500,0.1388
1064,444,1508,0.1388
1054,439,1493,0.1388
1056,440,1496,0.1388
1066,438,1504,0.1388
1068,443,1511,0.1388
1069,444,1513,0.1388
1061,443,1504,0.1388
1054,442,1496,0.1388
1054,439,1493,0.1388
1070,438,1508,0.1388
1080,437,1517,0.1388
1075,433,1508,0.1388
1069,431,1500,0.1388
1068,426,1494,0.1388
1071,430,1501,0.1388
1061,430,1491,0.1388
1062,437,1499,0.1388
1060,435,1495,0.1388
1070,436,1506,0.1388
1073,431,1504,0.1388
1064,432,1496,0.1388
1052,428,1480,0.1388
1052,427,1479,0.1388
1051,415,1466,0.1388
1055,423,1478,0.1388
1055,431,1486,0.1388
1061,426,1487,0.1388
1057,430,1487,0.1388
1057,433,1490,0.1388
1065,430,1495,0.1388
1066,428,1494,0.1388
1056,424,1480,0.1388
1049,433,1482,0.1388
1054,437,1491,0.1388
1053,434,1487,0.1388
1062,445,1507,0.1388
1055,440,1495,0.1388
1048,443,1491,0.1388
1041,439,1480,0.1388
1045,440,1485,0.1388
1039,451,1490,0.1388
1044,451,1495,0.1388
1041,453,1494,0.1388
1030,460,1490,0.1388
1039,460,1499,0.1388
1042,453,1495,0.1388
1043,457,1500,0.1388
1047,463,1510,0.1388
1053,466,1519,0.1388
1052,456,1508,0.1388
1045,452,1497,0.1388
1047,458,1505,0.1388
1043,457,1500,0.1388
1047,447,1494,0.1388
1046,451,1497,0.1388
1034,460,1494,0.1388
1032,463,1495,0.1388
1023,469,1492,0.1388
1034,480,1514,0.1388
1015,474,1489,0.1388
1011,477,1488,0.1388
1007,489,1496,0.1388
1008,497,1505,0.1388
1009,495,1504,0.1388
1005,494,1499,0.1388
1002,499,1501,0.1388
1005,502,1507,0.1388
1003,507,1510,0.1388
996,509,1505,0.1388
986,514,1500,0.1388
989,506,1495,0.1388
979,508,1487,0.1388
990,511,1501,0.1388
995,509,1504,0.1388
989,500,1489,0.1388
982,508,1490,0.1388
984,518,1502,0.1388
983,513,1496,0.1388
982,519,1501,0.1388
982,513,1495,0.1388
974,524,1498,0.1388
969,522,1491,0.1388
975,523,1498,0.1388
969,519,1488,0.1388
974,530,1504,0.1388
965,535,1500,0.1388
964,539,1503,0.1388
966,541,1507,0.1388
959,539,1498,0.1388
955,536,1491,0.1388
959,540,1499,0.1388
948,546,1494,0.1388
954,545,1499,0.1388
944,542,1486,0.1388
938,542,1480,0.1388
929,549,1478,0.1388
923,553,1476,0.1388
929,553,1482,0.1388
943,546,1489,0.1388
942,554,1496,0.1388
944,552,1496,0.1388
947,553,1500,0.1388
936,558,1494,0.1388
930,557,1487,0.1388
936,553,1489,0.1388
938,560,1498,0.1388
950,562,1512,0.1388
950,568,1518,0.1388
956,561,1517,0.1388
955,560,1515,0.1388
943,555,1498,0.1388
939,559,1498,0.1388
935,561,1496,0.1388
944,557,1501,0.1388
943,560,1503,0.1388
931,563,1494,0.1388
937,559,1496,0.1388
927,563,1490,0.1388
924,560,1484,0.1388
931,567,1498,0.1388
927,565,1492,0.1388
927,567,1494,0.1388
918,576,1494,0.1388
916,569,1485,0.1388
922,574,1496,0.1388
926,579,1505,0.1388
919,577,1496,0.1388
910,579,1489,0.1388
926,578,1504,0.1388
927,586,1513,0.1388
927,590,1517,0.1388
919,593,1512,0.1388
920,590,1510,0.1388
906,592,1498,0.1388
910,596,1506,0.1388
905,600,1505,0.1388
911,602,1513,0.1388
905,601,1506,0.1388
914,607,1521,0.1388
915,609,1524,0.1388
906,608,1514,0.1388
909,600,1509,0.1388
911,607,1518,0.1388
913,614,1527,0.1388
914,613,1527,0.1388
917,613,1530,0.1388
909,617,1526,0.1388
903,604,1507,0.1388
905,604,1509,0.1388
901,611,1512,0.1388
910,612,1522,0.1388
907,602,1509,0.1388
915,600,1515,0.1388
915,600,1515,0.1388
909,600,1509,0.1388
901,609,1510,0.1388
895,610,1505,0.1388
882,621,1503,0.1388
894,619,1513,0.1388
898,618,1516,0.1388
906,622,1528,0.1388
896,616,1512,0.1388
896,615,1511,0.1388
897,616,1513,0.1388
898,613,1511,0.1388
892,616,1508,0.1388
886,610,1496,0.1388
892,615,1507,0.1388
891,625,1516,0.1388
871,618,1489,0.1388
874,621,1495,0.1388
882,614,1496,0.1388
881,611,1492,0.1388
874,609,1483,0.1388
861,617,1478,0.1388
851,629,1480,0.1388
851,623,1474,0.1388
863,625,1488,0.1388
855,637,1492,0.1388
862,637,1499,0.1388
868,635,1503,0.1388
854,638,1492,0.1388
843,639,1482,0.1388
843,649,1492,0.1388
844,654,1498,0.1388
833,658,1491,0.1388
839,660,1499,0.1388
842,656,1498,0.1388
849,655,1504,0.1388
843,648,1491,0.1388
855,646,1501,0.1388
849,650,1499,0.1388
849,664,1513,0.1388
847,652,1499,0.1388
845,653,1498,0.1388
843,646,1489,0.1388
844,652,1496,0.1388
840,661,1501,0.1388
843,658,1501,0.1388
848,669,1517,0.1388
855,672,1527,0.1388
857,665,1522,0.1388
858,653,1511,0.1388
854,657,1511,0.1388
840,655,1495,0.1388
835,657,1492,0.1388
838,659,1497,0.1388
839,661,1500,0.1388
845,660,1505,0.1388
843,659,1502,0.1388
833,671,1504,0.1388
827,678,1505,0.1388
837,683,1520,0.1388
833,678,1511,0.1388
835,684,1519,0.1388
835,674,1509,0.1388
833,684,1517,0.1388
828,679,1507,0.1388
828,680,1508,0.1388
825,677,1502,0.1388
827,680,1507,0.1388
813,685,1498,0.1388
807,678,1485,0.1388
820,686,1506,0.1388
822,686,1508,0.1388
817,685,1502,0.1388
817,685,1502,0.1388
812,688,1500,0.1388
807,696,1503,0.1388
801,689,1490,0.1388
800,689,1489,0.1388
800,692,1492,0.1388
805,688,1493,0.1388
810,693,1503,0.1388
814,689,1503,0.1388
804,683,1487,0.1388
802,687,1489,0.1388
802,684,1486,0.1388
806,682,1488,0.1388
810,684,1494,0.1388
800,686,1486,0.1388
805,695,1500,0.1388
814,695,1509,0.1388
804,693,1497,0.1388
808,693,1501,0.1388
805,688,1493,0.1388
807,681,1488,0.1388
808,679,1487,0.1388
816,677,1493,0.1388
809,673,1482,0.1388
816,684,1500,0.1388
811,681,1492,0.1388
810,694,1504,0.1388
806,687,1493,0.1388
806,688,1494,0.1388
798,699,1497,0.1388
789,703,1492,0.1388
788,706,1494,0.1388
788,713,1501,0.1388
783,708,1491,0.1388
780,707,1487,0.1388
788,710,1498,0.1388
793,709,1502,0.1388
807,710,1517,0.1388
809,702,1511,0.1388
801,698,1499,0.1388
800,707,1507,0.1388
805,709,1514,0.1388
811,710,1521,0.1388
810,709,1519,0.1388
801,711,1512,0.1388
801,705,1506,0.1388
786,709,1495,0.1388
788,706,1494,0.1388
779,705,1484,0.1388
784,706,1490,0.1388
768,703,1471,0.1388
770,713,1483,0.1388
772,716,1488,0.1388
773,716,1489,0.1388
774,723,1497,0.1388
771,724,1495,0.1388
773,730,1503,0.1388
778,724,1502,0.1388
782,720,1502,0.1388
781,737,1518,0.1388
780,738,1518,0.1388
777,741,1518,0.1388
770,745,1515,0.1388
774,750,1524,0.1388
770,738,1508,0.1388
767,749,1516,0.1388
774,742,1516,0.1388
782,744,1526,0.1388
773,748,1521,0.1388
767,751,1518,0.1388
768,748,1516,0.1388
762,750,1512,0.1388
752,754,1506,0.1388
746,754,1500,0.1388
745,750,1495,0.1388
754,764,1518,0.1388
756,763,1519,0.1388
739,760,1499,0.1388
754,758,1512,0.1388
760,756,1516,0.1388
757,759,1516,0.1388
752,747,1499,0.1388
751,755,1506,0.1388
745,760,1505,0.1388
735,761,1496,0.1388
737,767,1504,0.1388
734,771,1505,0.1388
738,771,1509,0.1388
737,773,1510,0.1388
733,769,1502,0.1388
731,786,1517,0.1388
740,781,1521,0.1388
737,781,1518,0.1388
739,784,1523,0.1388
738,783,1521,0.1388
725,792,1517,0.1388
727,796,1523,0.1388
714,798,1512,0.1388
714,799,1513,0.1388
720,809,1529,0.1388
716,803,1519,0.1388
710,802,1512,0.1388
707,798,1505,0.1388
710,803,1513,0.1388
704,815,1519,0.1388
698,807,1505,0.1388
702,809,1511,0.1388
699,805,1504,0.1388
692,802,1494,0.1388
696,793,1489,0.1388
698,797,1495,0.1388
697,800,1497,0.1388
702,804,1506,0.1388
689,818,1507,0.1388
682,816,1498,0.1388
673,813,1486,0.1388
675,810,1485,0.1388
680,803,1483,0.1388
681,820,1501,0.1388
686,825,1511,0.1388
684,837,1521,0.1388
681,842,1523,0.1388
676,844,1520,0.1388
667,843,1510,0.1388
659,834,1493,0.1388
660,845,1505,0.1388
666,842,1508,0.1388
666,842,1508,0.1388
661,839,1500,0.1388
653,850,1503,0.1388
656,840,1496,0.1388
654,837,1491,0.1388
666,840,1506,0.1388
663,838,1501,0.1388
660,833,1493,0.1388
661,849,1510,0.1388
666,848,1514,0.1388
657,851,1508,0.1388
647,857,1504,0.1388
649,856,1505,0.1388
649,863,1512,0.1388
644,864,1508,0.1388
649,855,1504,0.1388
646,839,1485,0.1388
647,847,1494,0.1388
643,850,1493,0.1388
638,866,1504,0.1388
635,859,1494,0.1388
641,854,1495,0.1388
643,865,1508,0.1388
640,868,1508,0.1388
638,871,1509,0.1388
641,870,1511,0.1388
643,864,1507,0.1388
649,874,1523,0.1388
650,869,1519,0.1388
641,880,1521,0.1388
644,886,1530,0.1388
645,875,1520,0.1388
637,871,1508,0.1388
633,872,1505,0.1388
636,878,1514,0.1388
629,880,1509,0.1388
637,868,1505,0.1388
643,875,1518,0.1388
642,869,1511,0.1388
638,867,1505,0.1388
647,857,1504,0.1388
650,858,1508,0.1388
651,857,1508,0.1388
652,855,1507,0.1388
654,859,1513,0.1388
653,869,1522,0.1388
651,854,1505,0.1388
647,863,1510,0.1388
643,858,1501,0.1388
639,853,1492,0.1388
641,862,1503,0.1388
639,860,1499,0.1388
642,862,1504,0.1388
636,865,1501,0.1388
643,869,1512,0.1388
646,871,1517,0.1388
643,868,1511,0.1388
641,855,1496,0.1388
634,859,1493,0.1388
623,875,1498,0.1388
628,875,1503,0.1388
630,877,1507,0.1388
625,883,1508,0.1388
622,888,1510,0.1388
626,885,1511,0.1388
640,891,1531,0.1388
632,888,1520,0.1388
631,892,1523,0.1388
631,885,1516,0.1388
622,889,1511,0.1388
622,896,1518,0.1388
618,891,1509,0.1388
610,884,1494,0.1388
615,892,1507,0.1388
615,895,1510,0.1388
621,899,1520,0.1388
613,898,1511,0.1388
613,908,1521,0.1388
607,903,1510,0.1388
597,897,1494,0.1388
595,896,1491,0.1388
595,900,1495,0.1388
588,902,1490,0.1388
592,910,1502,0.1388
594,916,1510,0.1388
589,910,1499,0.1388
595,909,1504,0.1388
598,916,1514,0.1388
594,910,1504,0.1388
594,926,1520,0.1388
589,931,1520,0.1388
582,935,1517,0.1388
582,934,1516,0.1388
583,932,1515,0.1388
582,924,1506,0.1388
581,927,1508,0.1388
581,925,1506,0.1388
580,927,1507,0.1388
577,923,1500,0.1388
587,924,1511,0.1388
584,933,1517,0.1388
585,941,1526,0.1388
567,943,1510,0.1388
571,947,1518,0.1388
568,954,1522,0.1388
566,958,1524,0.1388
559,949,1508,0.1388
556,955,1511,0.1388
547,968,1515,0.1388
545,964,1509,0.1388
552,958,1510,0.1388
554,957,1511,0.1388
552,952,1504,0.1388
551,954,1505,0.1388
548,954,1502,0.1388
553,960,1513,0.1388
552,963,1515,0.1388
550,964,1514,0.1388
548,958,1506,0.1388
556,963,1519,0.1388
554,959,1513,0.1388
553,952,1505,0.1388
558,958,1516,0.1388
550,966,1516,0.1388
544,960,1504,0.1388
551,955,1506,0.1388
550,961,1511,0.1388
550,953,1503,0.1388
551,964,1515,0.1388
542,966,1508,0.1388
531,979,1510,0.1388
529,975,1504,0.1388
535,979,1514,0.1388
532,981,1513,0.1388
526,981,1507,0.1388
532,982,1514,0.1388
532,975,1507,0.1388
529,985,1514,0.1388
526,979,1505,0.1388
536,983,1519,0.1388
525,982,1507,0.1388
513,991,1504,0.1388
520,982,1502,0.1388
521,980,1501,0.1388
528,972,1500,0.1388
519,981,1500,0.1388
512,984,1496,0.1388
509,994,1503,0.1388
511,1001,1512,0.1388
513,1003,1516,0.1388
515,981,1496,0.1388
511,994,1505,0.1388
519,999,1518,0.1388
523,1001,1524,0.1388
506,1004,1510,0.1388
507,1004,1511,0.1388
509,1011,1520,0.1388
509,1007,1516,0.1388
501,996,1497,0.1388
504,1004,1508,0.1388
499,1025,1524,0.1388
495,1019,1514,0.1388
496,1001,1497,0.1388
496,1003,1499,0.1388
497,1009,1506,0.1388
495,996,1491,0.1388
491,1016,1507,0.1388
493,1024,1517,0.1388
493,1020,1513,0.1388
503,1013,1516,0.1388
502,1009,1511,0.1388
504,1008,1512,0.1388
504,1017,1521,0.1388
491,1019,1510,0.1388
493,1013,1506,0.1388
495,1025,1520,0.1388
492,1029,1521,0.1388
487,1034,1521,0.1388
486,1023,1509,0.1388
482,1030,1512,0.1388
476,1024,1500,0.1388
477,1033,1510,0.1388
483,1037,1520,0.1388
482,1021,1503,0.1388
483,1024,1507,0.1388
481,1031,1512,0.1388
482,1025,1507,0.1388
475,1029,1504,0.1388
482,1038,1520,0.1388
484,1034,1518,0.1388
482,1033,1515,0.1388
478,1019,1497,0.1388
478,1033,1511,0.1388
479,1031,1510,0.1388
472,1023,1495,0.1388
477,1023,1500,0.1388
481,1011,1492,0.1388
480,1027,1507,0.1388
475,1031,1506,0.1388
476,1034,1510,0.1388
472,1029,1501,0.1388
474,1020,1494,0.1388
471,1028,1499,0.1388
480,1033,1513,0.1388
478,1037,1515,0.1388
478,1030,1508,0.1388
478,1033,1511,0.1388
475,1041,1516,0.1388
466,1045,1511,0.1388
465,1048,1513,0.1388
454,1061,1515,0.1388
452,1069,1521,0.1388
446,1064,1510,0.1388
443,1063,1506,0.1388
443,1067,1510,0.1388
444,1054,1498,0.1388
446,1065,1511,0.1388
449,1066,1515,0.1388
448,1069,1517,0.1388
447,1062,1509,0.1388
448,1063,1511,0.1388
442,1065,1507,0.1388
438,1062,1500,0.1388
438,1058,1496,0.1388
435,1049,1484,0.1388
439,1059,1498,0.1388
443,1064,1507,0.1388
439,1063,1502,0.1388
436,1062,1498,0.1388
439,1067,1506,0.1388
442,1070,1512,0.1388
446,1079,1525,0.1388
446,1080,1526,0.1388
455,1069,1524,0.1388
449,1062,1511,0.1388
450,1067,1517,0.1388
448,1061,1509,0.1388
448,1068,1516,0.1388
439,1076,1515,0.1388
438,1078,1516,0.1388
446,1073,1519,0.1388
438,1074,1512,0.1388
435,1072,1507,0.1388
435,1078,1513,0.1388
432,1078,1510,0.1388
429,1077,1506,0.1388
424,1086,1510,0.1388
419,1088,1507,0.1388
425,1095,1520,0.1388
424,1095,1519,0.1388
427,1089,1516,0.1388
422,1084,1506,0.1388
417,1090,1507,0.1388
418,1087,1505,0.1388
420,1088,1508,0.1388
416,1091,1507,0.1388
415,1084,1499,0.1388
418,1081,1499,0.1388
425,1089,1514,0.1388
424,1080,1504,0.1388
427,1080,1507,0.1388
425,1074,1499,0.1388
426,1080,1506,0.1388
424,1070,1494,0.1388
424,1073,1497,0.1388
423,1080,1503,0.1388
418,1092,1510,0.1388
417,1082,1499,0.1388
413,1102,1515,0.1388
414,1100,1514,0.1388
409,1085,1494,0.1388
411,1088,1499,0.1388
420,1083,1503,0.1388
413,1094,1507,0.1388
412,1099,1511,0.1388
409,1078,1487,0.1388
407,1085,1492,0.1388
409,1089,1498,0.1388
410,1094,1504,0.1388
410,1095,1505,0.1388
409,1097,1506,0.1388
412,1116,1528,0.1388
411,1119,1530,0.1388
406,1111,1517,0.1388
403,1107,1510,0.1388
402,1108,1510,0.1388
403,1114,1517,0.1388
406,1110,1516,0.1388
407,1103,1510,0.1388
403,1101,1504,0.1388
405,1097,1502,0.1388
406,1094,1500,0.1388
404,1087,1491,0.1388
407,1095,1502,0.1388
398,1102,1500,0.1388
399,1112,1511,0.1388
397,1106,1503,0.1388
390,1119,1509,0.1388
394,1112,1506,0.1388
395,1108,1503,0.1388
396,1104,1500,0.1388
400,1096,1496,0.1388
405,1094,1499,0.1388
407,1098,1505,0.1388
411,1106,1517,0.1388
405,1112,1517,0.1388
402,1107,1509,0.1388
404,1105,1509,0.1388
406,1103,1509,0.1388
400,1107,1507,0.1388
400,1117,1517,0.1388
394,1112,1506,0.1388
392,1116,1508,0.1388
395,1104,1499,0.1388
391,1104,1495,0.1388
387,1110,1497,0.1388
380,1106,1486,0.1388
387,1116,1503,0.1388
391,1121,1512,0.1388
382,1123,1505,0.1388
382,1132,1514,0.1388
381,1134,1515,0.1388
372,1132,1504,0.1388
372,1130,1502,0.1388
366,1143,1509,0.1388
363,1151,1514,0.1388
367,1155,1522,0.1388
372,1151,1523,0.1388
371,1169,1540,0.1388
376,1156,1532,0.1388
379,1139,1518,0.1388
388,1144,1532,0.1388
393,1142,1535,0.1388
395,1129,1524,0.1388
395,1129,1524,0.1388
398,1121,1519,0.1388
397,1121,1518,0.1388
396,1116,1512,0.1388
393,1117,1510,0.1388
387,1120,1507,0.1388
384,1123,1507,0.1388
383,1135,1518,0.1388
379,1145,1524,0.1388
376,1153,1529,0.1388
367,1156,1523,0.1388
370,1151,1521,0.1388
372,1138,1510,0.1388
363,1135,1498,0.1388
363,1145,1508,0.1388
374,1135,1509,0.1388
369,1140,1509,0.1388
375,1137,1512,0.1388
377,1141,1518,0.1388
379,1143,1522,0.1388
375,1139,1514,0.1388
381,1134,1515,0.1388
374,1138,1512,0.1388
373,1127,1500,0.1388
372,1126,1498,0.1388
377,1124,1501,0.1388
375,1127,1502,0.1388
379,1129,1508,0.1388
377,1129,1506,0.1388
377,1139,1516,0.1388
376,1137,1513,0.1388
371,1132,1503,0.1388
376,1135,1511,0.1388
373,1141,1514,0.1388
367,1154,1521,0.1388
366,1150,1516,0.1388
364,1154,1518,0.1388
361,1155,1516,0.1388
360,1143,1503,0.1388
361,1151,1512,0.1388
360,1150,1510,0.1388
365,1136,1501,0.1388
361,1139,1500,0.1388
360,1143,1503,0.1388
363,1147,1510,0.1388
359,1134,1493,0.1388
359,1135,1494,0.1388
357,1142,1499,0.1388
359,1147,1506,0.1388
356,1155,1511,0.1388
360,1165,1525,0.1388
357,1159,1516,0.1388
362,1172,1534,0.1388
355,1165,1520,0.1388
357,1166,1523,0.1388
361,1157,1518,0.1388
364,1160,1524,0.1388
366,1157,1523,0.1388
363,1161,1524,0.1388
358,1140,1498,0.1388
358,1139,1497,0.1388
364,1155,1519,0.1388
359,1152,1511,0.1388
360,1158,1518,0.1388
359,1159,1518,0.1388
360,1158,1518,0.1388
369,1145,1514,0.1388
369,1140,1509,0.1388
367,1147,1514,0.1388
364,1154,1518,0.1388
361,1157,1518,0.1388
360,1152,1512,0.1388
366,1153,1519,0.1388
368,1138,1506,0.1388
365,1142,1507,0.1388
369,1147,1516,0.1388
363,1137,1500,0.1388
359,1141,1500,0.1388
358,1144,1502,0.1388
361,1145,1506,0.1388
362,1152,1514,0.1388
362,1158,1520,0.1388
361,1157,1518,0.1388
361,1161,1522,0.1388
361,1142,1503,0.1388
362,1145,1507,0.1388
363,1157,1520,0.1388
359,1161,1520,0.1388
353,1151,1504,0.1388
351,1152,1503,0.1388
354,1157,1511,0.1388
350,1149,1499,0.1388
350,1155,1505,0.1388
356,1157,1513,0.1388
353,1159,1512,0.1388
360,1157,1517,0.1388
364,1153,1517,0.1388
361,1158,1519,0.1388
363,1154,1517,0.1388
361,1149,1510,0.1388
362,1157,1519,0.1388
363,1142,1505,0.1388
365,1135,1500,0.1388
372,1132,1504,0.1388
369,1131,1500,0.1388
371,1140,1511,0.1388
363,1143,1506,0.1388
368,1141,1509,0.1388
364,1140,1504,0.1388
364,1137,1501,0.1388
356,1147,1503,0.1388
353,1155,1508,0.1388
357,1149,1506,0.1388
358,1144,1502,0.1388
358,1153,1511,0.1388
356,1161,1517,0.1388
351,1166,1517,0.1388
351,1159,1510,0.1388
348,1169,1517,0.1388
348,1175,1523,0.1388
350,1163,1513,0.1388
356,1154,1510,0.1388
355,1155,1510,0.1388
355,1169,1524,0.1388
357,1156,1513,0.1388
352,1143,1495,0.1388
354,1153,1507,0.1388
350,1159,1509,0.1388
355,1166,1521,0.1388
346,1162,1508,0.1388
347,1169,1516,0.1388
343,1154,1497,0.1388
337,1168,1505,0.1388
338,1173,1511,0.1388
343,1151,1494,0.1388
343,1154,1497,0.1388
339,1161,1500,0.1388
339,1167,1506,0.1388
335,1165,1500,0.1388
337,1174,1511,0.1388
341,1169,1510,0.1388
339,1173,1512,0.1388
337,1164,1501,0.1388
343,1169,1512,0.1388
349,1175,1524,0.1388
347,1181,1528,0.1388
339,1176,1515,0.1388
334,1163,1497,0.1388
338,1167,1505,0.1388
341,1176,1517,0.1388
343,1164,1507,0.1388
345,1173,1518,0.1388
350,1167,1517,0.1388
347,1168,1515,0.1388
350,1174,1524,0.1388
349,1169,1518,0.1388
348,1174,1522,0.1388
346,1166,1512,0.1388
343,1166,1509,0.1388
344,1155,1499,0.1388
342,1157,1499,0.1388
339,1170,1509,0.1388
338,1179,1517,0.1388
335,1172,1507,0.1388
330,1182,1512,0.1388
326,1176,1502,0.1388
321,1192,1513,0.1388
321,1197,1518,0.1388
317,1199,1516,0.1388
313,1194,1507,0.1388
314,1194,1508,0.1388
317,1194,1511,0.1388
314,1210,1524,0.1388
313,1205,1518,0.1388
316,1192,1508,0.1388
322,1186,1508,0.1388
322,1192,1514,0.1388
326,1175,1501,0.1388
323,1175,1498,0.1388
328,1191,1519,0.1388
333,1195,1528,0.1388
332,1196,1528,0.1388
326,1195,1521,0.1388
325,1197,1522,0.1388
322,1193,1515,0.1388
327,1187,1514,0.1388
336,1194,1530,0.1388
337,1183,1520,0.1388
335,1171,1506,0.1388
328,1171,1499,0.1388
329,1173,1502,0.1388
334,1171,1505,0.1388
331,1160,1491,0.1388
326,1169,1495,0.1388
324,1187,1511,0.1388
330,1182,1512,0.1388
338,1186,1524,0.1388
331,1177,1508,0.1388
329,1168,1497,0.1388
333,1173,1506,0.1388
336,1177,1513,0.1388
335,1180,1515,0.1388
334,1163,1497,0.1388
335,1171,1506,0.1388
331,1178,1509,0.1388
330,1175,1505,0.1388
327,1183,1510,0.1388
331,1183,1514,0.1388
330,1171,1501,0.1388
330,1166,1496,0.1388
327,1182,1509,0.1388
328,1188,1516,0.1388
315,1188,1503,0.1388
317,1194,1511,0.1388
317,1201,1518,0.1388
317,1198,1515,0.1388
311,1191,1502,0.1388
308,1198,1506,0.1388
305,1199,1504,0.1388
309,1210,1519,0.1388
311,1209,1520,0.1388
302,1206,1508,0.1388
300,1209,1509,0.1388
302,1204,1506,0.1388
305,1223,1528,0.1388
303,1217,1520,0.1388
302,1215,1517,0.1388
297,1218,1515,0.1388
299,1216,1515,0.1388
301,1215,1516,0.1388
302,1223,1525,0.1388
304,1210,1514,0.1388
304,1213,1517,0.1388
302,1200,1502,0.1388
297,1210,1507,0.1388
297,1229,1526,0.1388
295,1223,1518,0.1388
292,1220,1512,0.1388
288,1221,1509,0.1388
291,1215,1506,0.1388
295,1217,1512,0.1388
301,1209,1510,0.1388
305,1209,1514,0.1388
307,1222,1529,0.1388
303,1216,1519,0.1388
301,1212,1513,0.1388
304,1203,1507,0.1388
301,1218,1519,0.1388
302,1227,1529,0.1388
299,1226,1525,0.1388
293,1229,1522,0.1388
294,1236,1530,0.1388
285,1239,1524,0.1388
285,1237,1522,0.1388
287,1230,1517,0.1388
286,1223,1509,0.1388
289,1224,1513,0.1388
289,1215,1504,0.1388
297,1213,1510,0.1388
293,1219,1512,0.1388
292,1222,1514,0.1388
290,1231,1521,0.1388
284,1236,1520,0.1388
283,1238,1521,0.1388
283,1235,1518,0.1388
282,1230,1512,0.1388
277,1230,1507,0.1388
285,1236,1521,0.1388
279,1230,1509,0.1388
276,1230,1506,0.1388
280,1231,1511,0.1388
271,1234,1505,0.1388
266,1241,1507,0.1388
268,1244,1512,0.1388
268,1252,1520,0.1388
266,1250,1516,0.1388
267,1256,1523,0.1388
266,1255,1521,0.1388
267,1249,1516,0.1388
261,1248,1509,0.1388
269,1238,1507,0.1388
264,1248,1512,0.1388
262,1239,1501,0.1388
261,1249,1510,0.1388
257,1263,1520,0.1388
250,1260,1510,0.1388
247,1268,1515,0.1388
252,1260,1512,0.1388
252,1260,1512,0.1388
254,1274,1528,0.1388
254,1274,1528,0.1388
247,1274,1521,0.1388
248,1274,1522,0.1388
248,1264,1512,0.1388
248,1270,1518,0.1388
251,1272,1523,0.1388
248,1269,1517,0.1388
243,1268,1511,0.1388
245,1262,1507,0.1388
242,1255,1497,0.1388
240,1265,1505,0.1388
249,1261,1510,0.1388
248,1257,1505,0.1388
248,1262,1510,0.1388
249,1268,1517,0.1388
246,1270,1516,0.1388
245,1278,1523,0.1388
241,1280,1521,0.1388
241,1271,1512,0.1388
240,1264,1504,0.1388
239,1274,1513,0.1388
241,1271,1512,0.1388
241,1275,1516,0.1388
241,1276,1517,0.1388
239,1269,1508,0.1388
237,1265,1502,0.1388
237,1267,1504,0.1388
235,1275,1510,0.1388
228,1286,1514,0.1388
223,1276,1499,0.1388
223,1274,1497,0.1388
221,1265,1486,0.1388
220,1276,1496,0.1388
227,1278,1505,0.1388
228,1287,1515,0.1388
233,1280,1513,0.1388
231,1285,1516,0.1388
234,1291,1525,0.1388
231,1279,1510,0.1388
231,1276,1507,0.1388
233,1279,1512,0.1388
231,1276,1507,0.1388
226,1283,1509,0.1388
221,1282,1503,0.1388
224,1295,1519,0.1388
223,1296,1519,0.1388
225,1296,1521,0.1388
226,1291,1517,0.1388
220,1288,1508,0.1388
217,1295,1512,0.1388
220,1295,1515,0.1388
221,1306,1527,0.1388
221,1306,1527,0.1388
223,1290,1513,0.1388
225,1280,1505,0.1388
228,1276,1504,0.1388
224,1286,1510,0.1388
229,1285,1514,0.1388
226,1282,1508,0.1388
222,1299,1521,0.1388
223,1290,1513,0.1388
225,1294,1519,0.1388
224,1287,1511,0.1388
225,1285,1510,0.1388
230,1295,1525,0.1388
227,1289,1516,0.1388
223,1294,1517,0.1388
221,1288,1509,0.1388
225,1278,1503,0.1388
223,1273,1496,0.1388
223,1292,1515,0.1388
226,1300,1526,0.1388
216,1297,1513,0.1388
220,1302,1522,0.1388
220,1284,1504,0.1388
224,1289,1513,0.1388
224,1285,1509,0.1388
222,1292,1514,0.1388
224,1289,1513,0.1388
222,1293,1515,0.1388
229,1287,1516,0.1388
228,1289,1517,0.1388
227,1286,1513,0.1388
226,1286,1512,0.1388
226,1293,1519,0.1388
224,1294,1518,0.1388
221,1292,1513,0.1388
228,1293,1521,0.1388
233,1290,1523,0.1388
233,1281,1514,0.1388
233,1281,1514,0.1388
230,1276,1506,0.1388
231,1284,1515,0.1388
229,1275,1504,0.1388
233,1278,1511,0.1388
229,1284,1513,0.1388
232,1291,1523,0.1388
232,1295,1527,0.1388
227,1284,1511,0.1388
226,1288,1514,0.1388
228,1285,1513,0.1388
233,1283,1516,0.1388
233,1277,1510,0.1388
234,1280,1514,0.1388
235,1276,1511,0.1388
233,1277,1510,0.1388
230,1287,1517,0.1388
229,1278,1507,0.1388
226,1282,1508,0.1388
229,1278,1507,0.1388
226,1280,1506,0.1388
230,1282,1512,0.1388
229,1276,1505,0.1388
228,1271,1499,0.1388
227,1282,1509,0.1388
222,1279,1501,0.1388
221,1280,1501,0.1388
224,1283,1507,0.1388
221,1298,1519,0.1388
217,1304,1521,0.1388
220,1306,1526,0.1388
221,1299,1520,0.1388
225,1283,1508,0.1388
228,1282,1510,0.1388
224,1297,1521,0.1388
222,1293,1515,0.1388
229,1298,1527,0.1388
229,1308,1537,0.1388
230,1302,1532,0.1388
227,1285,1512,0.1388
225,1295,1520,0.1388
230,1285,1515,0.1388
224,1288,1512,0.1388
223,1282,1505,0.1388
222,1281,1503,0.1388
216,1279,1495,0.1388
216,1285,1501,0.1388
215,1288,1503,0.1388
214,1298,1512,0.1388
214,1309,1523,0.1388
213,1312,1525,0.1388
212,1301,1513,0.1388
211,1291,1502,0.1388
208,1285,1493,0.1388
203,1276,1479,0.1388
203,1288,1491,0.1388
205,1294,1499,0.1388
202,1304,1506,0.1388
206,1303,1509,0.1388
207,1304,1511,0.1388
207,1298,1505,0.1388
206,1298,1504,0.1388
207,1300,1507,0.1388
208,1306,1514,0.1388
209,1300,1509,0.1388
212,1289,1501,0.1388
208,1304,1512,0.1388
207,1297,1504,0.1388
215,1298,1513,0.1388
213,1292,1505,0.1388
207,1308,1515,0.1388
207,1311,1518,0.1388
203,1316,1519,0.1388
209,1312,1521,0.1388
208,1309,1517,0.1388
202,1318,1520,0.1388
206,1318,1524,0.1388
198,1321,1519,0.1388
193,1310,1503,0.1388
193,1310,1503,0.1388
193,1322,1515,0.1388
189,1317,1506,0.1388
191,1329,1520,0.1388
193,1324,1517,0.1388
190,1315,1505,0.1388
185,1323,1508,0.1388
182,1324,1506,0.1388
189,1326,1515,0.1388
182,1330,1512,0.1388
185,1339,1524,0.1388
175,1339,1514,0.1388
175,1332,1507,0.1388
174,1328,1502,0.1388
177,1320,1497,0.1388
181,1322,1503,0.1388
186,1318,1504,0.1388
190,1318,1508,0.1388
190,1316,1506,0.1388
190,1319,1509,0.1388
192,1326,1518,0.1388
196,1327,1523,0.1388
189,1328,1517,0.1388
187,1326,1513,0.1388
187,1344,1531,0.1388
185,1330,1515,0.1388
185,1315,1500,0.1388
186,1327,1513,0.1388
190,1320,1510,0.1388
191,1322,1513,0.1388
190,1317,1507,0.1388
186,1324,1510,0.1388
189,1321,1510,0.1388
184,1329,1513,0.1388
182,1336,1518,0.1388
183,1338,1521,0.1388
186,1347,1533,0.1388
181,1334,1515,0.1388
177,1325,1502,0.1388
181,1328,1509,0.1388
174,1331,1505,0.1388
177,1322,1499,0.1388
177,1326,1503,0.1388
177,1336,1513,0.1388
177,1340,1517,0.1388
177,1329,1506,0.1388
181,1326,1507,0.1388
185,1328,1513,0.1388
180,1341,1521,0.1388
186,1339,1525,0.1388
181,1345,1526,0.1388
176,1346,1522,0.1388
173,1336,1509,0.1388
173,1347,1520,0.1388
171,1346,1517,0.1388
173,1350,1523,0.1388
176,1339,1515,0.1388
174,1338,1512,0.1388
175,1341,1516,0.1388
174,1343,1517,0.1388
179,1335,1514,0.1388
179,1354,1533,0.1388
173,1346,1519,0.1388
173,1336,1509,0.1388
176,1329,1505,0.1388
176,1317,1493,0.1388
179,1333,1512,0.1388
180,1336,1516,0.1388
175,1335,1510,0.1388
175,1337,1512,0.1388
174,1340,1514,0.1388
173,1348,1521,0.1388
175,1346,1521,0.1388
175,1342,1517,0.1388
179,1340,1519,0.1388
180,1342,1522,0.1388
174,1351,1525,0.1388
169,1350,1519,0.1388
166,1353,1519,0.1388
167,1353,1520,0.1388
167,1354,1521,0.1388
166,1358,1524,0.1388
165,1361,1526,0.1388
166,1361,1527,0.1388
167,1370,1537,0.1388
160,1360,1520,0.1388
156,1358,1514,0.1388
153,1358,1511,0.1388
150,1363,1513,0.1388
149,1365,1514,0.1388
150,1374,1524,0.1388
147,1372,1519,0.1388
143,1372,1515,0.1388
142,1377,1519,0.1388
139,1376,1515,0.1388
144,1369,1513,0.1388
144,1371,1515,0.1388
148,1354,1502,0.1388
150,1369,1519,0.1388
149,1359,1508,0.1388
150,1363,1513,0.1388
147,1358,1505,0.1388
154,1365,1519,0.1388
156,1361,1517,0.1388
154,1364,1518,0.1388
156,1369,1525,0.1388
157,1363,1520,0.1388
150,1363,1513,0.1388
150,1351,1501,0.1388
151,1368,1519,0.1388
151,1375,1526,0.1388
153,1368,1521,0.1388
155,1357,1512,0.1388
152,1357,1509,0.1388
154,1358,1512,0.1388
155,1363,1518,0.1388
157,1360,1517,0.1388
157,1350,1507,0.1388
158,1350,1508,0.1388
158,1353,1511,0.1388
157,1356,1513,0.1388
160,1349,1509,0.1388
160,1331,1491,0.1388
160,1346,1506,0.1388
161,1355,1516,0.1388
162,1350,1512,0.1388
164,1346,1510,0.1388
162,1355,1517,0.1388
166,1357,1523,0.1388
161,1357,1518,0.1388
163,1359,1522,0.1388
162,1352,1514,0.1388
164,1349,1513,0.1388
171,1354,1525,0.1388
168,1359,1527,0.1388
168,1373,1541,0.1388
165,1359,1524,0.1388
161,1369,1530,0.1388
161,1365,1526,0.1388
160,1365,1525,0.1388
166,1368,1534,0.1388
162,1366,1528,0.1388
170,1357,1527,0.1388
166,1369,1535,0.1388
166,1373,1539,0.1388
166,1367,1533,0.1388
167,1353,1520,0.1388
170,1339,1509,0.1388
170,1341,1511,0.1388
173,1330,1503,0.1388
172,1341,1513,0.1388
171,1350,1521,0.1388
172,1349,1521,0.1388
175,1357,1532,0.1388
178,1353,1531,0.1388
182,1346,1528,0.1388
182,1342,1524,0.1388
185,1330,1515,0.1388
183,1331,1514,0.1388
182,1345,1527,0.1388
177,1338,1515,0.1388
178,1329,1507,0.1388
178,1328,1506,0.1388
175,1329,1504,0.1388
179,1322,1501,0.1388
180,1324,1504,0.1388
177,1340,1517,0.1388
179,1336,1515,0.1388
180,1324,1504,0.1388
175,1335,1510,0.1388
174,1340,1514,0.1388
170,1345,1515,0.1388
169,1330,1499,0.1388
167,1340,1507,0.1388
165,1341,1506,0.1388
167,1338,1505,0.1388
162,1342,1504,0.1388
168,1351,1519,0.1388
168,1350,1518,0.1388
174,1339,1513,0.1388
172,1333,1505,0.1388
168,1331,1499,0.1388
168,1334,1502,0.1388
169,1345,1514,0.1388
168,1354,1522,0.1388
169,1356,1525,0.1388
166,1359,1525,0.1388
171,1367,1538,0.1388
171,1353,1524,0.1388
168,1350,1518,0.1388
168,1343,1511,0.1388
171,1346,1517,0.1388
169,1360,1529,0.1388
171,1361,1532,0.1388
169,1363,1532,0.1388
167,1357,1524,0.1388
169,1368,1537,0.1388
162,1361,1523,0.1388
157,1354,1511,0.1388
157,1351,1508,0.1388
159,1340,1499,0.1388
157,1350,1507,0.1388
158,1369,1527,0.1388
158,1370,1528,0.1388
156,1366,1522,0.1388
158,1381,1539,0.1388
153,1373,1526,0.1388
154,1377,1531,0.1388
155,1374,1529,0.1388
148,1365,1513,0.1388
149,1355,1504,0.1388
151,1354,1505,0.1388
148,1343,1491,0.1388
151,1359,1510,0.1388
154,1360,1514,0.1388
150,1363,1513,0.1388
148,1364,1512,0.1388
144,1366,1510,0.1388
143,1383,1526,0.1388
145,1380,1525,0.1388
143,1380,1523,0.1388
143,1394,1537,0.1388
142,1391,1533,0.1388
143,1381,1524,0.1388
141,1367,1508,0.1388
140,1374,1514,0.1388
138,1381,1519,0.1388
131,1384,1515,0.1388
133,1381,1514,0.1388
133,1380,1513,0.1388
131,1378,1509,0.1388
133,1372,1505,0.1388
133,1390,1523,0.1388
132,1381,1513,0.1388
138,1370,1508,0.1388
136,1371,1507,0.1388
138,1387,1525,0.1388
137,1382,1519,0.1388
138,1388,1526,0.1388
136,1386,1522,0.1388
135,1382,1517,0.1388
129,1394,1523,0.1388
126,1394,1520,0.1388
123,1387,1510,0.1388
123,1395,1518,0.1388
124,1391,1515,0.1388
125,1393,1518,0.1388
123,1391,1514,0.1388
120,1396,1516,0.1388
118,1403,1521,0.1388
116,1399,1515,0.1388
112,1411,1523,0.1388
115,1413,1528,0.1388
116,1395,1511,0.1388
110,1396,1506,0.1388
111,1403,1514,0.1388
112,1394,1506,0.1388
111,1391,1502,0.1388
110,1395,1505,0.1388
106,1386,1492,0.1388
106,1392,1498,0.1388
107,1403,1510,0.1388
110,1415,1525,0.1388
113,1409,1522,0.1388
111,1417,1528,0.1388
109,1406,1515,0.1388
111,1405,1516,0.1388
112,1400,1512,0.1388
104,1405,1509,0.1388
99,1402,1501,0.1388
103,1406,1509,0.1388
102,1395,1497,0.1388
103,1401,1504,0.1388
103,1404,1507,0.1388
101,1402,1503,0.1388
102,1413,1515,0.1388
103,1409,1512,0.1388
105,1416,1521,0.1388
101,1425,1526,0.1388
100,1419,1519,0.1388
100,1407,1507,0.1388
100,1422,1522,0.1388
101,1425,1526,0.1388
99,1429,1528,0.1388
98,1407,1505,0.1388
98,1410,1508,0.1388
98,1409,1507,0.1388
94,1418,1512,0.1388
93,1422,1515,0.1388
96,1424,1520,0.1388
94,1420,1514,0.1388
94,1422,1516,0.1388
92,1426,1518,0.1388
94,1422,1516,0.1388
96,1433,1529,0.1388
96,1438,1534,0.1388
98,1417,1515,0.1388
99,1410,1509,0.1388
103,1412,1515,0.1388
100,1421,1521,0.1388
98,1425,1523,0.1388
96,1424,1520,0.1388
95,1408,1503,0.1388
95,1408,1503,0.1388
98,1400,1498,0.1388
98,1414,1512,0.1388
97,1399,1496,0.1388
94,1408,1502,0.1388
93,1419,1512,0.1388
89,1421,1510,0.1388
93,1414,1507,0.1388
91,1427,1518,0.1388
92,1432,1524,0.1388
90,1430,1520,0.1388
93,1430,1523,0.1388
89,1437,1526,0.1388
88,1429,1517,0.1388
88,1427,1515,0.1388
91,1419,1510,0.1388
90,1424,1514,0.1388
89,1441,1530,0.1388
85,1439,1524,0.1388
88,1431,1519,0.1388
86,1425,1511,0.1388
83,1432,1515,0.1388
86,1435,1521,0.1388
86,1436,1522,0.1388
85,1441,1526,0.1388
87,1439,1526,0.1388
85,1444,1529,0.1388
87,1439,1526,0.1388
86,1435,1521,0.1388
84,1431,1515,0.1388
82,1438,1520,0.1388
81,1426,1507,0.1388
81,1434,1515,0.1388
80,1438,1518,0.1388
79,1440,1519,0.1388
80,1438,1518,0.1388
78,1431,1509,0.1388
76,1424,1500,0.1388
76,1430,1506,0.1388
72,1427,1499,0.1388
76,1431,1507,0.1388
79,1437,1516,0.1388
79,1437,1516,0.1388
77,1432,1509,0.1388
80,1432,1512,0.1388
81,1420,1501,0.1388
82,1422,1504,0.1388
83,1432,1515,0.1388
85,1441,1526,0.1388
84,1436,1520,0.1388
84,1441,1525,0.1388
88,1435,1523,0.1388
85,1427,1512,0.1388
82,1436,1518,0.1388
83,1428,1511,0.1388
83,1438,1521,0.1388
82,1436,1518,0.1388
77,1440,1517,0.1388
79,1438,1517,0.1388
76,1446,1522,0.1388
75,1448,1523,0.1388
76,1458,1534,0.1388
74,1460,1534,0.1388
73,1455,1528,0.1388
70,1448,1518,0.1388
70,1445,1515,0.1388
73,1450,1523,0.1388
72,1431,1503,0.1388
71,1441,1512,0.1388
74,1451,1525,0.1388
75,1444,1519,0.1388
71,1447,1518,0.1388
73,1449,1522,0.1388
72,1443,1515,0.1388
72,1441,1513,0.1388
75,1448,1523,0.1388
76,1443,1519,0.1388
73,1434,1507,0.1388
77,1421,1498,0.1388
78,1414,1492,0.1388
79,1419,1498,0.1388
77,1424,1501,0.1388
75,1438,1513,0.1388
78,1426,1504,0.1388
80,1429,1509,0.1388
80,1419,1499,0.1388
78,1414,1492,0.1388
81,1420,1501,0.1388
80,1423,1503,0.1388
79,1424,1503,0.1388
79,1427,1506,0.1388
80,1424,1504,0.1388
80,1430,1510,0.1388
82,1450,1532,0.1388
80,1451,1531,0.1388
81,1440,1521,0.1388
81,1439,1520,0.1388
79,1437,1516,0.1388
77,1435,1512,0.1388
76,1431,1507,0.1388
74,1451,1525,0.1388
71,1443,1514,0.1388
70,1442,1512,0.1388
70,1436,1506,0.1388
70,1437,1507,0.1388
70,1453,1523,0.1388
70,1461,1531,0.1388
71,1441,1512,0.1388
70,1437,1507,0.1388
71,1441,1512,0.1388
71,1464,1535,0.1388
70,1453,1523,0.1388
66,1453,1519,0.1388
66,1443,1509,0.1388
65,1454,1519,0.1388
65,1446,1511,0.1388
64,1440,1504,0.1388
65,1453,1518,0.1388
64,1456,1520,0.1388
65,1453,1518,0.1388
68,1451,1519,0.1388
69,1477,1546,0.1388
69,1471,1540,0.1388
67,1470,1537,0.1388
64,1455,1519,0.1388
66,1449,1515,0.1388
65,1454,1519,0.1388
61,1450,1511,0.1388
61,1456,1517,0.1388
62,1451,1513,0.1388
59,1463,1522,0.1388
58,1464,1522,0.1388
56,1467,1523,0.1388
54,1467,1521,0.1388
54,1465,1519,0.1388
51,1471,1522,0.1388
49,1461,1510,0.1388
50,1454,1504,0.1388
48,1466,1514,0.1388
49,1469,1518,0.1388
49,1475,1524,0.1388
50,1477,1527,0.1388
49,1462,1511,0.1388
48,1466,1514,0.1388
46,1473,1519,0.1388
43,1486,1529,0.1388
45,1469,1514,0.1388
44,1462,1506,0.1388
41,1471,1512,0.1388
42,1474,1516,0.1388
45,1470,1515,0.1388
44,1466,1510,0.1388
42,1471,1513,0.1388
41,1468,1509,0.1388
40,1467,1507,0.1388
42,1472,1514,0.1388
45,1481,1526,0.1388
45,1483,1528,0.1388
45,1483,1528,0.1388
46,1484,1530,0.1388
47,1485,1532,0.1388
48,1484,1532,0.1388
45,1470,1515,0.1388
45,1479,1524,0.1388
46,1468,1514,0.1388
45,1475,1520,0.1388
43,1472,1515,0.1388
45,1467,1512,0.1388
44,1473,1517,0.1388
44,1466,1510,0.1388
44,1477,1521,0.1388
42,1491,1533,0.1388
42,1487,1529,0.1388
43,1477,1520,0.1388
40,1474,1514,0.1388
41,1473,1514,0.1388
41,1474,1515,0.1388
40,1476,1516,0.1388
44,1461,1505,0.1388
43,1457,1500,0.1388
40,1469,1509,0.1388
38,1481,1519,0.1388
41,1472,1513,0.1388
42,1491,1533,0.1388
42,1482,1524,0.1388
40,1484,1524,0.1388
41,1486,1527,0.1388
42,1473,1515,0.1388
42,1477,1519,0.1388
43,1474,1517,0.1388
41,1474,1515,0.1388
38,1480,1518,0.1388
37,1470,1507,0.1388
38,1472,1510,0.1388
34,1471,1505,0.1388
35,1464,1499,0.1388
34,1469,1503,0.1388
35,1467,1502,0.1388
36,1459,1495,0.1388
37,1469,1506,0.1388
38,1488,1526,0.1388
38,1481,1519,0.1388
38,1473,1511,0.1388
38,1469,1507,0.1388
40,1467,1507,0.1388
39,1481,1520,0.1388
38,1485,1523,0.1388
37,1493,1530,0.1388
35,1476,1511,0.1388
37,1465,1502,0.1388
37,1448,1485,0.1388
38,1465,1503,0.1388
38,1467,1505,0.1388
38,1458,1496,0.1388
37,1453,1490,0.1388
36,1468,1504,0.1388
36,1479,1515,0.1388
35,1484,1519,0.1388
35,1485,1520,0.1388
36,1470,1506,0.1388
38,1472,1510,0.1388
36,1465,1501,0.1388
33,1466,1499,0.1388
33,1474,1507,0.1388
32,1490,1522,0.1388
33,1498,1531,0.1388
32,1498,1530,0.1388
32,1489,1521,0.1388
30,1485,1515,0.1388
31,1480,1511,0.1388
30,1498,1528,0.1388
30,1483,1513,0.1388
30,1478,1508,0.1388
29,1477,1506,0.1388
27,1474,1501,0.1388
28,1472,1500,0.1388
25,1485,1510,0.1388
26,1490,1516,0.1388
25,1481,1506,0.1388
25,1480,1505,0.1388
25,1494,1519,0.1388
27,1481,1508,0.1388
27,1486,1513,0.1388
26,1489,1515,0.1388
25,1485,1510,0.1388
23,1495,1518,0.1388
24,1486,1510,0.1388
24,1492,1516,0.1388
26,1494,1520,0.1388
27,1498,1525,0.1388
27,1498,1525,0.1388
27,1499,1526,0.1388
27,1495,1522,0.1388
26,1498,1524,0.1388
26,1500,1526,0.1388
26,1494,1520,0.1388
27,1488,1515,0.1388
26,1488,1514,0.1388
26,1493,1519,0.1388
26,1497,1523,0.1388
27,1501,1528,0.1388
27,1488,1515,0.1388
27,1487,1514,0.1388
27,1479,1506,0.1388
27,1499,1526,0.1388
27,1491,1518,0.1388
27,1489,1516,0.1388
28,1481,1509,0.1388
29,1486,1515,0.1388
31,1485,1516,0.1388
28,1481,1509,0.1388
28,1480,1508,0.1388
30,1476,1506,0.1388
30,1480,1510,0.1388
29,1479,1508,0.1388
28,1478,1506,0.1388
27,1471,1498,0.1388
25,1479,1504,0.1388
26,1477,1503,0.1388
27,1487,1514,0.1388
26,1483,1509,0.1388
27,1482,1509,0.1388
27,1492,1519,0.1388
27,1483,1510,0.1388
26,1484,1510,0.1388
27,1476,1503,0.1388
25,1492,1517,0.1388
25,1487,1512,0.1388
25,1478,1503,0.1388
25,1486,1511,0.1388
27,1491,1518,0.1388
27,1484,1511,0.1388
28,1487,1515,0.1388
28,1485,1513,0.1388
29,1489,1518,0.1388
28,1485,1513,0.1388
27,1485,1512,0.1388
28,1485,1513,0.1388
28,1486,1514,0.1388
25,1499,1524,0.1388
24,1487,1511,0.1388
25,1481,1506,0.1388
24,1480,1504,0.1388
24,1474,1498,0.1388
24,1479,1503,0.1388
24,1471,1495,0.1388
24,1481,1505,0.1388
23,1492,1515,0.1388
25,1503,1528,0.1388
26,1502,1528,0.1388
25,1497,1522,0.1388
23,1493,1516,0.1388
22,1497,1519,0.1388
22,1481,1503,0.1388
21,1474,1495,0.1388
18,1478,1496,0.1388
20,1484,1504,0.1388
20,1496,1516,0.1388
21,1490,1511,0.1388
23,1493,1516,0.1388
24,1485,1509,0.1388
26,1490,1516,0.1388
26,1481,1507,0.1388
26,1473,1499,0.1388
26,1477,1503,0.1388
26,1477,1503,0.1388
27,1480,1507,0.1388
28,1473,1501,0.1388
28,1492,1520,0.1388
28,1486,1514,0.1388
27,1490,1517,0.1388
26,1484,1510,0.1388
26,1490,1516,0.1388
24,1492,1516,0.1388
20,1488,1508,0.1388
19,1492,1511,0.1388
19,1502,1521,0.1388
19,1507,1526,0.1388
22,1504,1526,0.1388
23,1495,1518,0.1388
22,1494,1516,0.1388
23,1487,1510,0.1388
22,1491,1513,0.1388
22,1485,1507,0.1388
23,1492,1515,0.1388
24,1501,1525,0.1388
24,1499,1523,0.1388
25,1491,1516,0.1388
27,1491,1518,0.1388
26,1490,1516,0.1388
26,1499,1525,0.1388
25,1498,1523,0.1388
24,1508,1532,0.1388
24,1498,1522,0.1388
22,1487,1509,0.1388
23,1479,1502,0.1388
21,1485,1506,0.1388
21,1494,1515,0.1388
22,1502,1524,0.1388
23,1491,1514,0.1388
24,1494,1518,0.1388
23,1505,1528,0.1388
25,1502,1527,0.1388
25,1495,1520,0.1388
25,1501,1526,0.1388
25,1493,1518,0.1388
25,1494,1519,0.1388
24,1487,1511,0.1388
24,1493,1517,0.1388
24,1500,1524,0.1388
23,1487,1510,0.1388
22,1482,1504,0.1388
23,1488,1511,0.1388
23,1490,1513,0.1388
22,1487,1509,0.1388
21,1491,1512,0.1388
18,1481,1499,0.1388
18,1472,1490,0.1388
18,1478,1496,0.1388
19,1481,1500,0.1388
23,1478,1501,0.1388
24,1491,1515,0.1388
24,1490,1514,0.1388
23,1482,1505,0.1388
22,1498,1520,0.1388
23,1495,1518,0.1388
22,1503,1525,0.1388
22,1503,1525,0.1388
21,1512,1533,0.1388
23,1508,1531,0.1388
22,1501,1523,0.1388
21,1503,1524,0.1388
18,1507,1525,0.1388
17,1503,1520,0.1388
18,1503,1521,0.1388
18,1501,1519,0.1388
18,1506,1524,0.1388
17,1511,1528,0.1388
16,1514,1530,0.1388
16,1502,1518,0.1388
15,1491,1506,0.1388
16,1498,1514,0.1388
17,1498,1515,0.1388
16,1494,1510,0.1388
17,1498,1515,0.1388
18,1502,1520,0.1388
17,1507,1524,0.1388
17,1507,1524,0.1388
17,1502,1519,0.1388
17,1508,1525,0.1388
17,1509,1526,0.1388
16,1500,1516,0.1388
16,1503,1519,0.1388
15,1519,1534,0.1388
15,1510,1525,0.1388
15,1513,1528,0.1388
15,1506,1521,0.1388
15,1505,1520,0.1388
16,1510,1526,0.1388
15,1509,1524,0.1388
16,1504,1520,0.1388
14,1500,1514,0.1388
14,1505,1519,0.1388
14,1502,1516,0.1388
14,1497,1511,0.1388
13,1508,1521,0.1388
13,1503,1516,0.1388
13,1500,1513,0.1388
13,1503,1516,0.1388
13,1496,1509,0.1388
14,1504,1518,0.1388
14,1505,1519,0.1388
14,1504,1518,0.1388
14,1517,1531,0.1388
14,1510,1524,0.1388
14,1519,1533,0.1388
14,1514,1528,0.1388
15,1502,1517,0.1388
16,1504,1520,0.1388
16,1501,1517,0.1388
16,1509,1525,0.1388
17,1525,1542,0.1388
16,1516,1532,0.1388
16,1509,1525,0.1388
16,1521,1537,0.1388
18,1515,1533,0.1388
18,1518,1536,0.1388
19,1517,1536,0.1388
18,1518,1536,0.1388
18,1504,1522,0.1388
17,1498,1515,0.1388
17,1497,1514,0.1388
18,1510,1528,0.1388
17,1502,1519,0.1388
17,1496,1513,0.1388
17,1501,1518,0.1388
17,1499,1516,0.1388
17,1496,1513,0.1388
17,1502,1519,0.1388
16,1494,1510,0.1388
15,1493,1508,0.1388
15,1499,1514,0.1388
17,1503,1520,0.1388
17,1506,1523,0.1388
17,1498,1515,0.1388
17,1494,1511,0.1388
18,1491,1509,0.1388
16,1491,1507,0.1388
18,1502,1520,0.1388
18,1515,1533,0.1388
19,1509,1528,0.1388
19,1507,1526,0.1388
18,1508,1526,0.1388
16,1505,1521,0.1388
14,1502,1516,0.1388
13,1506,1519,0.1388
13,1519,1532,0.1388
13,1522,1535,0.1388
13,1517,1530,0.1388
15,1508,1523,0.1388
15,1520,1535,0.1388
15,1509,1524,0.1388
15,1501,1516,0.1388
14,1486,1500,0.1388
14,1491,1505,0.1388
14,1484,1498,0.1388
14,1506,1520,0.1388
14,1503,1517,0.1388
14,1495,1509,0.1388
14,1507,1521,0.1388
14,1511,1525,0.1388
15,1506,1521,0.1388
13,1503,1516,0.1388
12,1486,1498,0.1388
13,1480,1493,0.1388
11,1499,1510,0.1388
11,1509,1520,0.1388
10,1506,1516,0.1388
9,1509,1518,0.1388
9,1509,1518,0.1388
9,1513,1522,0.1388
9,1506,1515,0.1388
10,1508,1518,0.1388
10,1502,1512,0.1388
9,1500,1509,0.1388
8,1497,1505,0.1388
9,1500,1509,0.1388
8,1477,1485,0.1388
8,1489,1497,0.1388
8,1507,1515,0.1388
8,1504,1512,0.1388
7,1511,1518,0.1388
8,1506,1514,0.1388
8,1504,1512,0.1388
8,1505,1513,0.1388
8,1508,1516,0.1388
7,1509,1516,0.1388
7,1514,1521,0.1388
7,1510,1517,0.1388
7,1508,1515,0.1388
6,1513,1519,0.1388
6,1506,1512,0.1388
6,1514,1520,0.1388
6,1525,1531,0.1388
7,1515,1522,0.1388
7,1515,1522,0.1388
7,1509,1516,0.1388
7,1502,1509,0.1388
7,1497,1504,0.1388
7,1499,1506,0.1388
7,1496,1503,0.1388
6,1507,1513,0.1388
6,1509,1515,0.1388
6,1511,1517,0.1388
6,1498,1504,0.1388
6,1493,1499,0.1388
6,1503,1509,0.1388
6,1508,1514,0.1388
6,1510,1516,0.1388
6,1518,1524,0.1388
6,1507,1513,0.1388
6,1510,1516,0.1388
7,1510,1517,0.1388
7,1516,1523,0.1388
7,1529,1536,0.1388
7,1511,1518,0.1388
7,1508,1515,0.1388
8,1506,1514,0.1388
9,1502,1511,0.1388
9,1520,1529,0.1388
9,1515,1524,0.1388
9,1507,1516,0.1388
9,1503,1512,0.1388
9,1508,1517,0.1388
9,1511,1520,0.1388
9,1517,1526,0.1388
9,1512,1521,0.1388
8,1514,1522,0.1388
8,1511,1519,0.1388
8,1511,1519,0.1388
8,1506,1514,0.1388
8,1498,1506,0.1388
8,1504,1512,0.1388
8,1496,1504,0.1388
9,1501,1510,0.1388
8,1490,1498,0.1388
7,1499,1506,0.1388
7,1512,1519,0.1388
9,1514,1523,0.1388
9,1506,1515,0.1388
9,1518,1527,0.1388
9,1506,1515,0.1388
9,1517,1526,0.1388
9,1512,1521,0.1388
9,1521,1530,0.1388
8,1530,1538,0.1388
7,1539,1546,0.1388
7,1539,1546,0.1388
7,1521,1528,0.1388
7,1515,1522,0.1388
7,1519,1526,0.1388
7,1514,1521,0.1388
8,1509,1517,0.1388
7,1504,1511,0.1388
7,1491,1498,0.1388
8,1490,1498,0.1388
8,1504,1512,0.1388
8,1506,1514,0.1388
8,1506,1514,0.1388
8,1504,1512,0.1388
9,1501,1510,0.1388
9,1497,1506,0.1388
8,1516,1524,0.1388
8,1512,1520,0.1388
8,1524,1532,0.1388
9,1530,1539,0.1388
8,1523,1531,0.1388
8,1512,1520,0.1388
8,1499,1507,0.1388
8,1505,1513,0.1388
10,1500,1510,0.1388
11,1501,1512,0.1388
11,1507,1518,0.1388
10,1504,1514,0.1388
11,1500,1511,0.1388
11,1494,1505,0.1388
11,1495,1506,0.1388
11,1495,1506,0.1388
12,1493,1505,0.1388
12,1499,1511,0.1388
11,1492,1503,0.1388
10,1490,1500,0.1388
11,1484,1495,0.1388
10,1485,1495,0.1388
9,1504,1513,0.1388
9,1515,1524,0.1388
9,1511,1520,0.1388
10,1523,1533,0.1388
10,1510,1520,0.1388
11,1506,1517,0.1388
12,1506,1518,0.1388
12,1491,1503,0.1388
13,1500,1513,0.1388
12,1497,1509,0.1388
12,1502,1514,0.1388
11,1505,1516,0.1388
11,1505,1516,0.1388
11,1512,1523,0.1388
13,1506,1519,0.1388
13,1501,1514,0.1388
13,1506,1519,0.1388
13,1503,1516,0.1388
11,1497,1508,0.1388
10,1500,1510,0.1388
10,1520,1530,0.1388
10,1512,1522,0.1388
10,1512,1522,0.1388
10,1513,1523,0.1388
10,1523,1533,0.1388
10,1524,1534,0.1388
9,1495,1504,0.1388
10,1508,1518,0.1388
9,1517,1526,0.1388
9,1533,1542,0.1388
8,1523,1531,0.1388
8,1523,1531,0.1388
9,1515,1524,0.1388
9,1503,1512,0.1388
9,1514,1523,0.1388
10,1511,1521,0.1388
9,1499,1508,0.1388
8,1500,1508,0.1388
7,1509,1516,0.1388
7,1494,1501,0.1388
7,1497,1504,0.1388
7,1496,1503,0.1388
8,1505,1513,0.1388
9,1507,1516,0.1388
8,1488,1496,0.1388
8,1494,1502,0.1388
8,1486,1494,0.1388
8,1492,1500,0.1388
8,1493,1501,0.1388
8,1502,1510,0.1388
8,1510,1518,0.1388
8,1509,1517,0.1388
8,1516,1524,0.1388
8,1507,1515,0.1388
8,1504,1512,0.1388
8,1491,1499,0.1388
8,1505,1513,0.1388
8,1508,1516,0.1388
8,1498,1506,0.1388
8,1499,1507,0.1388
7,1501,1508,0.1388
8,1504,1512,0.1388
7,1493,1500,0.1388
7,1489,1496,0.1388
7,1507,1514,0.1388
6,1503,1509,0.1388
6,1506,1512,0.1388
6,1512,1518,0.1388
6,1510,1516,0.1388
6,1524,1530,0.1388
6,1522,1528,0.1388
5,1514,1519,0.1388
7,1506,1513,0.1388
7,1500,1507,0.1388
7,1500,1507,0.1388
7,1499,1506,0.1388
7,1486,1493,0.1388
8,1489,1497,0.1388
8,1488,1496,0.1388
8,1494,1502,0.1388
8,1494,1502,0.1388
6,1507,1513,0.1388
6,1499,1505,0.1388
5,1508,1513,0.1388
4,1502,1506,0.1388
3,1500,1503,0.1388
3,1510,1513,0.1388
2,1520,1522,0.1388
2,1516,1518,0.1388
1,1521,1522,0.1388
1,1521,1522,0.1388
1,1507,1508,0.1388
1,1518,1519,0.1388
1,1512,1513,0.1388
1,1503,1504,0.1388
2,1508,1510,0.1388
2,1512,1514,0.1388
1,1511,1512,0.1388
1,1507,1508,0.1388
0,1509,1509,0.1388
