1376,28,1404,0.1388
1384,31,1415,0.1388
1406,33,1439,0.1388
1427,31,1458,0.1388
1442,35,1477,0.1388
1448,33,1481,0.1388
1449,34,1483,0.1388
1447,32,1479,0.1388
1453,31,1484,0.1388
1448,32,1480,0.1388
1449,31,1480,0.1388
1453,32,1485,0.1388
1459,34,1493,0.1388
1461,33,1494,0.1388
1467,33,1500,0.1388
1469,32,1501,0.1388
1474,32,1506,0.1388
1483,37,1520,0.1388
1472,37,1509,0.1388
1460,36,1496,0.1388
1457,36,1493,0.1388
1468,39,1507,0.1388
1445,40,1485,0.1388
1455,40,1495,0.1388
1469,40,1509,0.1388
1465,40,1505,0.1388
1452,38,1490,0.1388
1465,40,1505,0.1388
1443,37,1480,0.1388
1457,37,1494,0.1388
1451,35,1486,0.1388
1451,34,1485,0.1388
1455,37,1492,0.1388
1456,38,1494,0.1388
1464,36,1500,0.1388
1458,36,1494,0.1388
1451,36,1487,0.1388
1449,36,1485,0.1388
1436,35,1471,0.1388
1449,35,1484,0.1388
1467,38,1505,0.1388
1450,37,1487,0.1388
1439,38,1477,0.1388
1435,36,1471,0.1388
1437,38,1475,0.1388
1446,38,1484,0.1388
1451,38,1489,0.1388
1474,39,1513,0.1388
1470,41,1511,0.1388
1473,43,1516,0.1388
1466,42,1508,0.1388
1447,39,1486,0.1388
1441,42,1483,0.1388
1433,42,1475,0.1388
1456,41,1497,0.1388
1458,38,1496,0.1388
1448,39,1487,0.1388
1441,39,1480,0.1388
1456,37,1493,0.1388
1452,37,1489,0.1388
1464,38,1502,0.1388
1454,38,1492,0.1388
1450,40,1490,0.1388
1457,42,1499,0.1388
1463,39,1502,0.1388
1461,40,1501,0.1388
1468,39,1507,0.1388
1462,40,1502,0.1388
1452,41,1493,0.1388
1448,39,1487,0.1388
1452,40,1492,0.1388
1454,41,1495,0.1388
1452,41,1493,0.1388
1459,39,1498,0.1388
1454,40,1494,0.1388
1453,46,1499,0.1388
1456,42,1498,0.1388
1463,40,1503,0.1388
1449,39,1488,0.1388
1445,39,1484,0.1388
1452,41,1493,0.1388
1454,42,1496,0.1388
1463,41,1504,0.1388
1461,42,1503,0.1388
1460,43,1503,0.1388
1447,43,1490,0.1388
1448,42,1490,0.1388
1446,44,1490,0.1388
1439,44,1483,0.1388
1435,43,1478,0.1388
1449,43,1492,0.1388
1447,41,1488,0.1388
1460,40,1500,0.1388
1464,41,1505,0.1388
1462,41,1503,0.1388
1459,42,1501,0.1388
1444,43,1487,0.1388
1453,42,1495,0.1388
1452,42,1494,0.1388
1470,42,1512,0.1388
1467,41,1508,0.1388
1471,39,1510,0.1388
1469,39,1508,0.1388
1471,39,1510,0.1388
1458,40,1498,0.1388
1465,41,1506,0.1388
1457,43,1500,0.1388
1461,43,1504,0.1388
1466,43,1509,0.1388
1462,46,1508,0.1388
1458,48,1506,0.1388
1447,46,1493,0.1388
1446,45,1491,0.1388
1447,46,1493,0.1388
1450,46,1496,0.1388
1453,47,1500,0.1388
1439,47,1486,0.1388
1440,50,1490,0.1388
1459,51,1510,0.1388
1439,51,1490,0.1388
1445,50,1495,0.1388
1449,49,1498,0.1388
1428,50,1478,0.1388
1449,47,1496,0.1388
1443,48,1491,0.1388
1462,50,1512,0.1388
1457,53,1510,0.1388
1467,51,1518,0.1388
1462,51,1513,0.1388
1460,51,1511,0.1388
1444,50,1494,0.1388
1448,53,1501,0.1388
1446,50,1496,0.1388
1435,50,1485,0.1388
1449,49,1498,0.1388
1452,47,1499,0.1388
1454,51,1505,0.1388
1450,50,1500,0.1388
1442,50,1492,0.1388
1442,52,1494,0.1388
1440,50,1490,0.1388
1432,49,1481,0.1388
1429,50,1479,0.1388
1438,51,1489,0.1388
1440,51,1491,0.1388
1451,49,1500,0.1388
1449,46,1495,0.1388
1451,48,1499,0.1388
1448,43,1491,0.1388
1458,45,1503,0.1388
1453,48,1501,0.1388
1461,48,1509,0.1388
1457,51,1508,0.1388
1452,53,1505,0.1388
1441,52,1493,0.1388
1434,52,1486,0.1388
1444,52,1496,0.1388
1435,52,1487,0.1388
1442,54,1496,0.1388
1436,54,1490,0.1388
1435,52,1487,0.1388
1441,54,1495,0.1388
1452,54,1506,0.1388
1444,54,1498,0.1388
1447,53,1500,0.1388
1452,53,1505,0.1388
1454,52,1506,0.1388
1450,51,1501,0.1388
1445,49,1494,0.1388
1446,50,1496,0.1388
1448,49,1497,0.1388
1456,50,1506,0.1388
1453,51,1504,0.1388
1445,54,1499,0.1388
1434,52,1486,0.1388
1415,55,1470,0.1388
1423,53,1476,0.1388
1427,53,1480,0.1388
1437,53,1490,0.1388
1429,52,1481,0.1388
1426,52,1478,0.1388
1425,47,1472,0.1388
1436,47,1483,0.1388
1438,47,1485,0.1388
1433,46,1479,0.1388
1427,47,1474,0.1388
1429,48,1477,0.1388
1432,49,1481,0.1388
1435,47,1482,0.1388
1433,50,1483,0.1388
1440,51,1491,0.1388
1449,50,1499,0.1388
1445,48,1493,0.1388
1442,45,1487,0.1388
1451,46,1497,0.1388
1456,49,1505,0.1388
1445,49,1494,0.1388
1462,51,1513,0.1388
1451,51,1502,0.1388
1444,52,1496,0.1388
1447,49,1496,0.1388
1458,51,1509,0.1388
1444,54,1498,0.1388
1438,54,1492,0.1388
1444,58,1502,0.1388
1438,60,1498,0.1388
1455,59,1514,0.1388
1449,60,1509,0.1388
1451,62,1513,0.1388
1452,58,1510,0.1388
1434,57,1491,0.1388
1433,57,1490,0.1388
1425,57,1482,0.1388
1431,57,1488,0.1388
1425,57,1482,0.1388
1434,57,1491,0.1388
1443,55,1498,0.1388
1436,54,1490,0.1388
1433,54,1487,0.1388
1438,55,1493,0.1388
1427,55,1482,0.1388
1435,57,1492,0.1388
1432,58,1490,0.1388
1429,59,1488,0.1388
1425,60,1485,0.1388
1434,57,1491,0.1388
1415,58,1473,0.1388
1417,54,1471,0.1388
1425,54,1479,0.1388
1429,56,1485,0.1388
1441,52,1493,0.1388
1439,52,1491,0.1388
1440,54,1494,0.1388
1449,52,1501,0.1388
1440,51,1491,0.1388
1439,52,1491,0.1388
1450,50,1500,0.1388
1459,48,1507,0.1388
1458,46,1504,0.1388
1461,46,1507,0.1388
1453,44,1497,0.1388
1448,47,1495,0.1388
1466,47,1513,0.1388
1458,45,1503,0.1388
1472,45,1517,0.1388
1478,47,1525,0.1388
1471,49,1520,0.1388
1461,50,1511,0.1388
1447,50,1497,0.1388
1449,52,1501,0.1388
1447,54,1501,0.1388
1443,52,1495,0.1388
1454,52,1506,0.1388
1448,55,1503,0.1388
1445,57,1502,0.1388
1443,56,1499,0.1388
1448,56,1504,0.1388
1447,56,1503,0.1388
1429,59,1488,0.1388
1421,58,1479,0.1388
1419,57,1476,0.1388
1421,58,1479,0.1388
1430,59,1489,0.1388
1432,59,1491,0.1388
1427,57,1484,0.1388
1434,61,1495,0.1388
1432,61,1493,0.1388
1439,58,1497,0.1388
1439,63,1502,0.1388
1437,62,1499,0.1388
1430,63,1493,0.1388
1422,63,1485,0.1388
1428,65,1493,0.1388
1423,65,1488,0.1388
1432,66,1498,0.1388
1437,67,1504,0.1388
1424,68,1492,0.1388
1415,68,1483,0.1388
1409,72,1481,0.1388
1410,73,1483,0.1388
1423,78,1501,0.1388
1421,78,1499,0.1388
1415,77,1492,0.1388
1398,82,1480,0.1388
1402,80,1482,0.1388
1405,83,1488,0.1388
1400,84,1484,0.1388
1409,82,1491,0.1388
1419,85,1504,0.1388
1418,82,1500,0.1388
1427,83,1510,0.1388
1411,84,1495,0.1388
1412,86,1498,0.1388
1412,84,1496,0.1388
1415,83,1498,0.1388
1406,82,1488,0.1388
1407,80,1487,0.1388
1415,80,1495,0.1388
1426,82,1508,0.1388
1415,86,1501,0.1388
1397,86,1483,0.1388
1412,86,1498,0.1388
1402,84,1486,0.1388
1396,85,1481,0.1388
1403,83,1486,0.1388
1384,85,1469,0.1388
1383,85,1468,0.1388
1393,86,1479,0.1388
1404,88,1492,0.1388
1400,88,1488,0.1388
1403,87,1490,0.1388
1403,88,1491,0.1388
1401,87,1488,0.1388
1407,90,1497,0.1388
1409,86,1495,0.1388
1420,86,1506,0.1388
1421,85,1506,0.1388
1420,85,1505,0.1388
1419,84,1503,0.1388
1395,82,1477,0.1388
1393,84,1477,0.1388
1389,88,1477,0.1388
1394,92,1486,0.1388
1389,92,1481,0.1388
1397,94,1491,0.1388
1389,93,1482,0.1388
1396,88,1484,0.1388
1398,90,1488,0.1388
1407,93,1500,0.1388
1411,93,1504,0.1388
1400,94,1494,0.1388
1391,98,1489,0.1388
1384,95,1479,0.1388
1384,97,1481,0.1388
1393,92,1485,0.1388
1399,98,1497,0.1388
1402,98,1500,0.1388
1404,97,1501,0.1388
1390,99,1489,0.1388
1388,104,1492,0.1388
1389,107,1496,0.1388
1395,109,1504,0.1388
1393,109,1502,0.1388
1378,107,1485,0.1388
1370,106,1476,0.1388
1370,110,1480,0.1388
1367,109,1476,0.1388
1367,107,1474,0.1388
1372,111,1483,0.1388
1376,112,1488,0.1388
1377,116,1493,0.1388
1372,117,1489,0.1388
1383,117,1500,0.1388
1387,117,1504,0.1388
1394,112,1506,0.1388
1385,106,1491,0.1388
1381,108,1489,0.1388
1382,106,1488,0.1388
1377,106,1483,0.1388
1384,108,1492,0.1388
1376,109,1485,0.1388
1380,111,1491,0.1388
1376,112,1488,0.1388
1371,116,1487,0.1388
1376,115,1491,0.1388
1371,117,1488,0.1388
1368,117,1485,0.1388
1374,116,1490,0.1388
1369,119,1488,0.1388
1377,119,1496,0.1388
1377,116,1493,0.1388
1373,117,1490,0.1388
1367,117,1484,0.1388
1362,116,1478,0.1388
1354,120,1474,0.1388
1369,119,1488,0.1388
1369,125,1494,0.1388
1355,124,1479,0.1388
1363,125,1488,0.1388
1356,124,1480,0.1388
1355,127,1482,0.1388
1364,132,1496,0.1388
1370,128,1498,0.1388
1370,133,1503,0.1388
1356,138,1494,0.1388
1346,140,1486,0.1388
1341,140,1481,0.1388
1345,145,1490,0.1388
1341,146,1487,0.1388
1343,147,1490,0.1388
1343,144,1487,0.1388
1342,141,1483,0.1388
1348,144,1492,0.1388
1351,140,1491,0.1388
1356,143,1499,0.1388
1347,141,1488,0.1388
1363,146,1509,0.1388
1350,145,1495,0.1388
1344,143,1487,0.1388
1356,141,1497,0.1388
1355,140,1495,0.1388
1357,142,1499,0.1388
1361,140,1501,0.1388
1356,139,1495,0.1388
1356,140,1496,0.1388
1352,143,1495,0.1388
1358,143,1501,0.1388
1367,141,1508,0.1388
1358,145,1503,0.1388
1369,139,1508,0.1388
1356,138,1494,0.1388
1373,136,1509,0.1388
1369,132,1501,0.1388
1375,141,1516,0.1388
1367,142,1509,0.1388
1366,137,1503,0.1388
1363,135,1498,0.1388
1363,141,1504,0.1388
1355,144,1499,0.1388
1356,148,1504,0.1388
1358,144,1502,0.1388
1349,143,1492,0.1388
1364,143,1507,0.1388
1359,139,1498,0.1388
1360,142,1502,0.1388
1359,143,1502,0.1388
1351,143,1494,0.1388
1349,147,1496,0.1388
1346,148,1494,0.1388
1355,151,1506,0.1388
1347,153,1500,0.1388
1344,152,1496,0.1388
1344,150,1494,0.1388
1348,147,1495,0.1388
1351,145,1496,0.1388
1356,142,1498,0.1388
1356,146,1502,0.1388
1368,145,1513,0.1388
1358,139,1497,0.1388
1349,143,1492,0.1388
1342,148,1490,0.1388
1346,150,1496,0.1388
1343,147,1490,0.1388
1344,149,1493,0.1388
1344,148,1492,0.1388
1335,146,1481,0.1388
1341,151,1492,0.1388
1345,151,1496,0.1388
1360,153,1513,0.1388
1348,151,1499,0.1388
1329,153,1482,0.1388
1331,155,1486,0.1388
1324,157,1481,0.1388
1333,158,1491,0.1388
1328,160,1488,0.1388
1333,167,1500,0.1388
1338,168,1506,0.1388
1333,164,1497,0.1388
1343,164,1507,0.1388
1338,169,1507,0.1388
1333,167,1500,0.1388
1336,162,1498,0.1388
1318,162,1480,0.1388
1312,168,1480,0.1388
1312,168,1480,0.1388
1324,168,1492,0.1388
1327,169,1496,0.1388
1323,165,1488,0.1388
1339,167,1506,0.1388
1328,170,1498,0.1388
1332,169,1501,0.1388
1308,175,1483,0.1388
1309,181,1490,0.1388
1310,184,1494,0.1388
1315,188,1503,0.1388
1307,190,1497,0.1388
1311,189,1500,0.1388
1308,189,1497,0.1388
1302,188,1490,0.1388
1302,186,1488,0.1388
1300,187,1487,0.1388
1310,188,1498,0.1388
1314,187,1501,0.1388
1295,185,1480,0.1388
1301,186,1487,0.1388
1301,184,1485,0.1388
1290,187,1477,0.1388
1304,187,1491,0.1388
1323,189,1512,0.1388
1314,199,1513,0.1388
1306,199,1505,0.1388
1298,201,1499,0.1388
1313,199,1512,0.1388
1317,198,1515,0.1388
1313,197,1510,0.1388
1306,198,1504,0.1388
1313,196,1509,0.1388
1312,195,1507,0.1388
1306,194,1500,0.1388
1304,192,1496,0.1388
1308,191,1499,0.1388
1298,193,1491,0.1388
1301,195,1496,0.1388
1299,192,1491,0.1388
1304,195,1499,0.1388
1304,199,1503,0.1388
1297,196,1493,0.1388
1282,196,1478,0.1388
1291,197,1488,0.1388
1287,196,1483,0.1388
1300,194,1494,0.1388
1295,198,1493,0.1388
1292,200,1492,0.1388
1290,197,1487,0.1388
1279,197,1476,0.1388
1291,204,1495,0.1388
1278,204,1482,0.1388
1277,201,1478,0.1388
1277,194,1471,0.1388
1279,192,1471,0.1388
1292,192,1484,0.1388
1281,198,1479,0.1388
1292,203,1495,0.1388
1308,205,1513,0.1388
1291,204,1495,0.1388
1297,205,1502,0.1388
1287,212,1499,0.1388
1287,212,1499,0.1388
1277,214,1491,0.1388
1277,214,1491,0.1388
1275,216,1491,0.1388
1274,219,1493,0.1388
1277,221,1498,0.1388
1270,220,1490,0.1388
1275,222,1497,0.1388
1277,220,1497,0.1388
1275,221,1496,0.1388
1279,219,1498,0.1388
1275,223,1498,0.1388
1276,222,1498,0.1388
1271,232,1503,0.1388
1270,231,1501,0.1388
1270,229,1499,0.1388
1268,229,1497,0.1388
1255,232,1487,0.1388
1258,224,1482,0.1388
1266,225,1491,0.1388
1272,225,1497,0.1388
1267,222,1489,0.1388
1270,224,1494,0.1388
1271,223,1494,0.1388
1273,231,1504,0.1388
1253,237,1490,0.1388
1264,241,1505,0.1388
1267,238,1505,0.1388
1260,245,1505,0.1388
1259,244,1503,0.1388
1254,242,1496,0.1388
1250,243,1493,0.1388
1257,246,1503,0.1388
1251,249,1500,0.1388
1243,253,1496,0.1388
1243,251,1494,0.1388
1247,250,1497,0.1388
1249,249,1498,0.1388
1249,251,1500,0.1388
1243,255,1498,0.1388
1248,255,1503,0.1388
1266,255,1521,0.1388
1253,257,1510,0.1388
1250,260,1510,0.1388
1248,260,1508,0.1388
1240,259,1499,0.1388
1246,266,1512,0.1388
1238,272,1510,0.1388
1226,271,1497,0.1388
1230,277,1507,0.1388
1228,272,1500,0.1388
1227,268,1495,0.1388
1222,268,1490,0.1388
1223,270,1493,0.1388
1223,270,1493,0.1388
1224,271,1495,0.1388
1235,270,1505,0.1388
1242,272,1514,0.1388
1232,271,1503,0.1388
1228,275,1503,0.1388
1229,274,1503,0.1388
1219,279,1498,0.1388
1219,271,1490,0.1388
1223,273,1496,0.1388
1218,283,1501,0.1388
1205,282,1487,0.1388
1220,285,1505,0.1388
1219,270,1489,0.1388
1230,270,1500,0.1388
1221,271,1492,0.1388
1217,268,1485,0.1388
1206,272,1478,0.1388
1211,275,1486,0.1388
1210,281,1491,0.1388
1215,286,1501,0.1388
1218,279,1497,0.1388
1227,276,1503,0.1388
1228,271,1499,0.1388
1224,272,1496,0.1388
1218,270,1488,0.1388
1220,277,1497,0.1388
1233,276,1509,0.1388
1226,272,1498,0.1388
1237,273,1510,0.1388
1239,277,1516,0.1388
1221,278,1499,0.1388
1210,284,1494,0.1388
1208,293,1501,0.1388
1199,297,1496,0.1388
1196,299,1495,0.1388
1198,299,1497,0.1388
1195,298,1493,0.1388
1175,304,1479,0.1388
1181,306,1487,0.1388
1187,313,1500,0.1388
1188,315,1503,0.1388
1172,323,1495,0.1388
1179,318,1497,0.1388
1166,321,1487,0.1388
1173,324,1497,0.1388
1165,324,1489,0.1388
1163,326,1489,0.1388
1158,325,1483,0.1388
1165,326,1491,0.1388
1153,330,1483,0.1388
1149,332,1481,0.1388
1142,334,1476,0.1388
1160,335,1495,0.1388
1169,335,1504,0.1388
1171,331,1502,0.1388
1170,332,1502,0.1388
1154,333,1487,0.1388
1165,338,1503,0.1388
1163,338,1501,0.1388
1157,337,1494,0.1388
1154,335,1489,0.1388
1155,335,1490,0.1388
1161,327,1488,0.1388
1159,330,1489,0.1388
1164,327,1491,0.1388
1168,327,1495,0.1388
1182,329,1511,0.1388
1177,329,1506,0.1388
1170,335,1505,0.1388
1169,334,1503,0.1388
1161,335,1496,0.1388
1175,331,1506,0.1388
1176,335,1511,0.1388
1181,336,1517,0.1388
1179,334,1513,0.1388
1176,338,1514,0.1388
1168,342,1510,0.1388
1156,344,1500,0.1388
1153,345,1498,0.1388
1156,342,1498,0.1388
1144,348,1492,0.1388
1149,344,1493,0.1388
1146,351,1497,0.1388
1141,348,1489,0.1388
1140,340,1480,0.1388
1142,349,1491,0.1388
1154,347,1501,0.1388
1148,353,1501,0.1388
1146,356,1502,0.1388
1145,365,1510,0.1388
1139,374,1513,0.1388
1136,371,1507,0.1388
1128,375,1503,0.1388
1126,379,1505,0.1388
1118,377,1495,0.1388
1124,374,1498,0.1388
1114,374,1488,0.1388
1118,378,1496,0.1388
1116,377,1493,0.1388
1120,376,1496,0.1388
1120,380,1500,0.1388
1118,375,1493,0.1388
1124,381,1505,0.1388
1123,375,1498,0.1388
1117,372,1489,0.1388
1124,371,1495,0.1388
1117,383,1500,0.1388
1106,380,1486,0.1388
1114,381,1495,0.1388
1120,385,1505,0.1388
1121,384,1505,0.1388
1116,394,1510,0.1388
1121,381,1502,0.1388
1113,391,1504,0.1388
1110,393,1503,0.1388
1106,394,1500,0.1388
1119,393,1512,0.1388
1118,383,1501,0.1388
1112,381,1493,0.1388
1103,390,1493,0.1388
1113,396,1509,0.1388
1103,402,1505,0.1388
1101,395,1496,0.1388
1105,389,1494,0.1388
1098,388,1486,0.1388
1104,391,1495,0.1388
1117,390,1507,0.1388
1108,392,1500,0.1388
1111,392,1503,0.1388
1103,386,1489,0.1388
1097,388,1485,0.1388
1117,391,1508,0.1388
1110,394,1504,0.1388
1109,396,1505,0.1388
1115,397,1512,0.1388
1102,393,1495,0.1388
1087,390,1477,0.1388
1099,396,1495,0.1388
1101,397,1498,0.1388
1099,395,1494,0.1388
1088,393,1481,0.1388
1098,400,1498,0.1388
1096,403,1499,0.1388
1088,404,1492,0.1388
1086,400,1486,0.1388
1091,402,1493,0.1388
1096,403,1499,0.1388
1104,402,1506,0.1388
1114,403,1517,0.1388
1106,396,1502,0.1388
1103,393,1496,0.1388
1103,392,1495,0.1388
1106,394,1500,0.1388
1110,393,1503,0.1388
1112,399,1511,0.1388
1112,394,1506,0.1388
1108,392,1500,0.1388
1110,387,1497,0.1388
1112,392,1504,0.1388
1106,394,1500,0.1388
1105,388,1493,0.1388
1113,399,1512,0.1388
1109,404,1513,0.1388
1102,402,1504,0.1388
1100,408,1508,0.1388
1094,415,1509,0.1388
1087,417,1504,0.1388
1092,417,1509,0.1388
1082,412,1494,0.1388
1084,414,1498,0.1388
1086,428,1514,0.1388
1074,430,1504,0.1388
1071,425,1496,0.1388
1068,431,1499,0.1388
1062,422,1484,0.1388
1063,425,1488,0.1388
1070,429,1499,0.1388
1073,436,1509,0.1388
1073,439,1512,0.1388
1060,431,1491,0.1388
1056,431,1487,0.1388
1070,430,1500,0.1388
1077,426,1503,0.1388
1073,432,1505,0.1388
1067,434,1501,0.1388
1069,437,1506,0.1388
1064,440,1504,0.1388
1054,440,1494,0.1388
1050,445,1495,0.1388
1053,450,1503,0.1388
1049,449,1498,0.1388
1062,448,1510,0.1388
1058,445,1503,0.1388
1054,441,1495,0.1388
1051,439,1490,0.1388
1052,437,1489,0.1388
1057,432,1489,0.1388
1056,436,1492,0.1388
1053,431,1484,0.1388
1060,433,1493,0.1388
1065,430,1495,0.1388
1067,432,1499,0.1388
1062,438,1500,0.1388
1069,439,1508,0.1388
1067,444,1511,0.1388
1062,443,1505,0.1388
1064,446,1510,0.1388
1057,445,1502,0.1388
1053,439,1492,0.1388
1049,445,1494,0.1388
1057,447,1504,0.1388
1050,449,1499,0.1388
1051,452,1503,0.1388
1047,451,1498,0.1388
1048,450,1498,0.1388
1047,454,1501,0.1388
1034,452,1486,0.1388
1032,455,1487,0.1388
1026,459,1485,0.1388
1035,459,1494,0.1388
1035,464,1499,0.1388
1034,464,1498,0.1388
1038,461,1499,0.1388
1048,455,1503,0.1388
1043,454,1497,0.1388
1028,461,1489,0.1388
1033,461,1494,0.1388
1035,464,1499,0.1388
1016,468,1484,0.1388
1026,469,1495,0.1388
1023,471,1494,0.1388
1032,463,1495,0.1388
1033,470,1503,0.1388
1037,472,1509,0.1388
1042,471,1513,0.1388
1045,468,1513,0.1388
1039,465,1504,0.1388
1037,462,1499,0.1388
1044,457,1501,0.1388
1042,461,1503,0.1388
1053,453,1506,0.1388
1061,451,1512,0.1388
1056,451,1507,0.1388
1050,450,1500,0.1388
1052,449,1501,0.1388
1050,454,1504,0.1388
1053,461,1514,0.1388
1056,456,1512,0.1388
1062,455,1517,0.1388
1056,457,1513,0.1388
1050,450,1500,0.1388
1035,457,1492,0.1388
1041,452,1493,0.1388
1052,452,1504,0.1388
1056,450,1506,0.1388
1055,445,1500,0.1388
1064,450,1514,0.1388
1066,452,1518,0.1388
1067,453,1520,0.1388
1075,451,1526,0.1388
1066,449,1515,0.1388
1058,446,1504,0.1388
1050,458,1508,0.1388
1052,457,1509,0.1388
1048,446,1494,0.1388
1051,449,1500,0.1388
1050,451,1501,0.1388
1045,446,1491,0.1388
1036,460,1496,0.1388
1031,451,1482,0.1388
1024,460,1484,0.1388
1032,459,1491,0.1388
1037,458,1495,0.1388
1053,463,1516,0.1388
1040,459,1499,0.1388
1045,459,1504,0.1388
1036,463,1499,0.1388
1038,457,1495,0.1388
1051,469,1520,0.1388
1042,464,1506,0.1388
1029,475,1504,0.1388
1037,471,1508,0.1388
1031,464,1495,0.1388
1046,464,1510,0.1388
1050,466,1516,0.1388
1038,461,1499,0.1388
1044,464,1508,0.1388
1044,465,1509,0.1388
1047,466,1513,0.1388
1044,475,1519,0.1388
1039,479,1518,0.1388
1026,474,1500,0.1388
1026,475,1501,0.1388
1034,482,1516,0.1388
1032,483,1515,0.1388
1039,471,1510,0.1388
1034,480,1514,0.1388
1039,474,1513,0.1388
1040,474,1514,0.1388
1027,477,1504,0.1388
1035,464,1499,0.1388
1034,463,1497,0.1388
1024,465,1489,0.1388
1030,474,1504,0.1388
1018,472,1490,0.1388
1031,468,1499,0.1388
1038,470,1508,0.1388
1031,465,1496,0.1388
1039,464,1503,0.1388
1041,462,1503,0.1388
1037,470,1507,0.1388
1037,472,1509,0.1388
1023,476,1499,0.1388
1027,481,1508,0.1388
1031,484,1515,0.1388
1028,477,1505,0.1388
1018,479,1497,0.1388
1012,481,1493,0.1388
1015,485,1500,0.1388
1027,483,1510,0.1388
1018,482,1500,0.1388
1013,482,1495,0.1388
1023,480,1503,0.1388
1016,482,1498,0.1388
1002,488,1490,0.1388
1011,490,1501,0.1388
1010,489,1499,0.1388
1007,484,1491,0.1388
1006,490,1496,0.1388
1007,485,1492,0.1388
1007,481,1488,0.1388
1006,487,1493,0.1388
998,490,1488,0.1388
1003,492,1495,0.1388
1014,498,1512,0.1388
1003,498,1501,0.1388
1004,497,1501,0.1388
993,496,1489,0.1388
995,494,1489,0.1388
990,497,1487,0.1388
993,492,1485,0.1388
996,495,1491,0.1388
1007,493,1500,0.1388
1009,501,1510,0.1388
1013,495,1508,0.1388
1001,501,1502,0.1388
1002,505,1507,0.1388
1007,501,1508,0.1388
994,503,1497,0.1388
990,507,1497,0.1388
996,510,1506,0.1388
998,514,1512,0.1388
1003,518,1521,0.1388
1000,509,1509,0.1388
996,517,1513,0.1388
997,517,1514,0.1388
985,514,1499,0.1388
980,521,1501,0.1388
984,520,1504,0.1388
975,520,1495,0.1388
979,523,1502,0.1388
975,529,1504,0.1388
976,531,1507,0.1388
981,530,1511,0.1388
979,527,1506,0.1388
973,530,1503,0.1388
973,525,1498,0.1388
959,525,1484,0.1388
958,528,1486,0.1388
968,532,1500,0.1388
974,530,1504,0.1388
973,537,1510,0.1388
967,541,1508,0.1388
963,539,1502,0.1388
964,534,1498,0.1388
960,541,1501,0.1388
956,546,1502,0.1388
959,547,1506,0.1388
955,550,1505,0.1388
953,547,1500,0.1388
958,547,1505,0.1388
954,550,1504,0.1388
950,549,1499,0.1388
946,545,1491,0.1388
945,555,1500,0.1388
948,558,1506,0.1388
937,558,1495,0.1388
935,558,1493,0.1388
934,559,1493,0.1388
936,553,1489,0.1388
939,559,1498,0.1388
939,558,1497,0.1388
942,572,1514,0.1388
937,576,1513,0.1388
925,582,1507,0.1388
931,577,1508,0.1388
926,582,1508,0.1388
909,589,1498,0.1388
916,589,1505,0.1388
911,587,1498,0.1388
919,591,1510,0.1388
906,593,1499,0.1388
904,604,1508,0.1388
899,602,1501,0.1388
907,604,1511,0.1388
913,599,1512,0.1388
908,604,1512,0.1388
917,599,1516,0.1388
914,599,1513,0.1388
913,592,1505,0.1388
901,603,1504,0.1388
911,603,1514,0.1388
907,608,1515,0.1388
900,601,1501,0.1388
905,606,1511,0.1388
895,612,1507,0.1388
908,605,1513,0.1388
894,606,1500,0.1388
906,604,1510,0.1388
898,605,1503,0.1388
889,607,1496,0.1388
880,598,1478,0.1388
875,608,1483,0.1388
874,614,1488,0.1388
866,628,1494,0.1388
863,635,1498,0.1388
857,632,1489,0.1388
855,639,1494,0.1388
850,640,1490,0.1388
851,638,1489,0.1388
857,648,1505,0.1388
857,653,1510,0.1388
851,660,1511,0.1388
833,651,1484,0.1388
833,664,1497,0.1388
836,663,1499,0.1388
838,663,1501,0.1388
825,665,1490,0.1388
828,660,1488,0.1388
826,662,1488,0.1388
828,655,1483,0.1388
817,661,1478,0.1388
823,678,1501,0.1388
825,675,1500,0.1388
820,685,1505,0.1388
818,686,1504,0.1388
802,700,1502,0.1388
806,707,1513,0.1388
804,709,1513,0.1388
804,701,1505,0.1388
788,708,1496,0.1388
786,712,1498,0.1388
790,711,1501,0.1388
802,712,1514,0.1388
802,706,1508,0.1388
805,711,1516,0.1388
790,721,1511,0.1388
783,726,1509,0.1388
775,732,1507,0.1388
779,728,1507,0.1388
777,731,1508,0.1388
789,734,1523,0.1388
784,735,1519,0.1388
779,740,1519,0.1388
784,736,1520,0.1388
787,730,1517,0.1388
782,731,1513,0.1388
770,733,1503,0.1388
780,733,1513,0.1388
784,731,1515,0.1388
776,742,1518,0.1388
771,745,1516,0.1388
773,748,1521,0.1388
769,752,1521,0.1388
779,754,1533,0.1388
775,760,1535,0.1388
764,751,1515,0.1388
759,745,1504,0.1388
753,744,1497,0.1388
755,746,1501,0.1388
757,742,1499,0.1388
757,764,1521,0.1388
758,751,1509,0.1388
751,749,1500,0.1388
744,749,1493,0.1388
748,759,1507,0.1388
747,759,1506,0.1388
741,759,1500,0.1388
745,747,1492,0.1388
741,752,1493,0.1388
735,754,1489,0.1388
729,759,1488,0.1388
723,765,1488,0.1388
721,768,1489,0.1388
719,774,1493,0.1388
721,780,1501,0.1388
730,781,1511,0.1388
722,772,1494,0.1388
724,776,1500,0.1388
713,779,1492,0.1388
711,775,1486,0.1388
713,787,1500,0.1388
705,789,1494,0.1388
712,792,1504,0.1388
700,794,1494,0.1388
705,794,1499,0.1388
701,800,1501,0.1388
694,811,1505,0.1388
690,803,1493,0.1388
692,799,1491,0.1388
694,801,1495,0.1388
690,804,1494,0.1388
685,811,1496,0.1388
701,806,1507,0.1388
701,810,1511,0.1388
698,814,1512,0.1388
699,807,1506,0.1388
689,808,1497,0.1388
677,815,1492,0.1388
682,823,1505,0.1388
683,821,1504,0.1388
681,818,1499,0.1388
685,815,1500,0.1388
685,819,1504,0.1388
686,815,1501,0.1388
686,817,1503,0.1388
682,819,1501,0.1388
686,814,1500,0.1388
686,817,1503,0.1388
676,833,1509,0.1388
684,829,1513,0.1388
684,839,1523,0.1388
680,839,1519,0.1388
671,834,1505,0.1388
661,835,1496,0.1388
662,839,1501,0.1388
664,833,1497,0.1388
674,827,1501,0.1388
673,824,1497,0.1388
671,832,1503,0.1388
680,830,1510,0.1388
674,835,1509,0.1388
681,844,1525,0.1388
678,847,1525,0.1388
675,836,1511,0.1388
671,836,1507,0.1388
661,838,1499,0.1388
660,823,1483,0.1388
654,831,1485,0.1388
661,836,1497,0.1388
654,841,1495,0.1388
654,854,1508,0.1388
650,846,1496,0.1388
650,852,1502,0.1388
645,842,1487,0.1388
652,839,1491,0.1388
646,861,1507,0.1388
639,858,1497,0.1388
641,859,1500,0.1388
642,863,1505,0.1388
632,864,1496,0.1388
637,865,1502,0.1388
632,873,1505,0.1388
634,870,1504,0.1388
628,884,1512,0.1388
625,882,1507,0.1388
626,878,1504,0.1388
615,877,1492,0.1388
613,884,1497,0.1388
606,897,1503,0.1388
610,891,1501,0.1388
609,886,1495,0.1388
607,883,1490,0.1388
608,885,1493,0.1388
608,885,1493,0.1388
605,894,1499,0.1388
607,899,1506,0.1388
606,905,1511,0.1388
613,903,1516,0.1388
613,902,1515,0.1388
618,899,1517,0.1388
606,904,1510,0.1388
609,898,1507,0.1388
603,902,1505,0.1388
613,898,1511,0.1388
606,895,1501,0.1388
593,901,1494,0.1388
605,912,1517,0.1388
604,902,1506,0.1388
605,900,1505,0.1388
608,897,1505,0.1388
607,904,1511,0.1388
601,903,1504,0.1388
602,900,1502,0.1388
602,898,1500,0.1388
605,899,1504,0.1388
609,904,1513,0.1388
609,898,1507,0.1388
608,898,1506,0.1388
612,904,1516,0.1388
600,902,1502,0.1388
604,896,1500,0.1388
597,907,1504,0.1388
604,912,1516,0.1388
610,908,1518,0.1388
609,902,1511,0.1388
597,908,1505,0.1388
595,896,1491,0.1388
598,890,1488,0.1388
603,894,1497,0.1388
603,899,1502,0.1388
604,908,1512,0.1388
601,906,1507,0.1388
601,906,1507,0.1388
605,899,1504,0.1388
598,905,1503,0.1388
597,911,1508,0.1388
589,916,1505,0.1388
593,914,1507,0.1388
598,911,1509,0.1388
599,917,1516,0.1388
595,914,1509,0.1388
593,914,1507,0.1388
591,916,1507,0.1388
594,923,1517,0.1388
590,915,1505,0.1388
593,916,1509,0.1388
592,916,1508,0.1388
584,920,1504,0.1388
588,927,1515,0.1388
587,926,1513,0.1388
592,916,1508,0.1388
586,926,1512,0.1388
593,937,1530,0.1388
585,932,1517,0.1388
576,928,1504,0.1388
581,917,1498,0.1388
583,921,1504,0.1388
590,925,1515,0.1388
584,925,1509,0.1388
588,935,1523,0.1388
592,924,1516,0.1388
589,928,1517,0.1388
579,921,1500,0.1388
571,924,1495,0.1388
568,933,1501,0.1388
570,939,1509,0.1388
567,933,1500,0.1388
568,922,1490,0.1388
569,925,1494,0.1388
560,932,1492,0.1388
567,943,1510,0.1388
572,940,1512,0.1388
571,934,1505,0.1388
566,932,1498,0.1388
570,937,1507,0.1388
566,943,1509,0.1388
570,946,1516,0.1388
562,946,1508,0.1388
557,943,1500,0.1388
555,946,1501,0.1388
555,947,1502,0.1388
548,956,1504,0.1388
553,947,1500,0.1388
547,943,1490,0.1388
550,952,1502,0.1388
545,956,1501,0.1388
541,962,1503,0.1388
548,961,1509,0.1388
557,964,1521,0.1388
552,972,1524,0.1388
544,967,1511,0.1388
541,973,1514,0.1388
536,969,1505,0.1388
546,966,1512,0.1388
543,971,1514,0.1388
541,965,1506,0.1388
535,971,1506,0.1388
533,965,1498,0.1388
537,969,1506,0.1388
536,974,1510,0.1388
535,978,1513,0.1388
535,975,1510,0.1388
533,979,1512,0.1388
525,975,1500,0.1388
517,967,1484,0.1388
521,971,1492,0.1388
512,979,1491,0.1388
512,975,1487,0.1388
515,983,1498,0.1388
510,989,1499,0.1388
517,987,1504,0.1388
512,994,1506,0.1388
512,992,1504,0.1388
508,1002,1510,0.1388
505,993,1498,0.1388
502,983,1485,0.1388
497,994,1491,0.1388
497,996,1493,0.1388
506,997,1503,0.1388
505,992,1497,0.1388
502,999,1501,0.1388
507,998,1505,0.1388
502,1011,1513,0.1388
502,1004,1506,0.1388
501,1002,1503,0.1388
497,1006,1503,0.1388
498,1007,1505,0.1388
507,1004,1511,0.1388
507,1004,1511,0.1388
507,1013,1520,0.1388
511,1010,1521,0.1388
511,1014,1525,0.1388
501,1000,1501,0.1388
502,1004,1506,0.1388
496,1000,1496,0.1388
504,1007,1511,0.1388
502,999,1501,0.1388
497,995,1492,0.1388
497,1003,1500,0.1388
506,1012,1518,0.1388
505,1012,1517,0.1388
505,1013,1518,0.1388
507,1015,1522,0.1388
499,1027,1526,0.1388
497,1020,1517,0.1388
498,1018,1516,0.1388
496,1015,1511,0.1388
495,1020,1515,0.1388
494,1025,1519,0.1388
493,1027,1520,0.1388
486,1032,1518,0.1388
488,1040,1528,0.1388
477,1047,1524,0.1388
481,1053,1534,0.1388
475,1055,1530,0.1388
466,1048,1514,0.1388
466,1040,1506,0.1388
471,1041,1512,0.1388
470,1031,1501,0.1388
472,1033,1505,0.1388
473,1036,1509,0.1388
471,1042,1513,0.1388
467,1044,1511,0.1388
465,1051,1516,0.1388
461,1045,1506,0.1388
461,1053,1514,0.1388
462,1046,1508,0.1388
468,1043,1511,0.1388
460,1044,1504,0.1388
460,1037,1497,0.1388
455,1049,1504,0.1388
466,1044,1510,0.1388
472,1048,1520,0.1388
466,1046,1512,0.1388
462,1060,1522,0.1388
454,1064,1518,0.1388
452,1064,1516,0.1388
453,1068,1521,0.1388
452,1076,1528,0.1388
448,1075,1523,0.1388
448,1068,1516,0.1388
450,1073,1523,0.1388
446,1073,1519,0.1388
439,1068,1507,0.1388
442,1069,1511,0.1388
441,1079,1520,0.1388
442,1080,1522,0.1388
433,1076,1509,0.1388
435,1075,1510,0.1388
431,1063,1494,0.1388
427,1072,1499,0.1388
425,1081,1506,0.1388
421,1084,1505,0.1388
419,1079,1498,0.1388
423,1079,1502,0.1388
432,1085,1517,0.1388
423,1091,1514,0.1388
424,1101,1525,0.1388
420,1096,1516,0.1388
417,1093,1510,0.1388
414,1086,1500,0.1388
416,1093,1509,0.1388
418,1098,1516,0.1388
413,1096,1509,0.1388
415,1089,1504,0.1388
407,1089,1496,0.1388
405,1105,1510,0.1388
403,1094,1497,0.1388
403,1107,1510,0.1388
405,1108,1513,0.1388
397,1106,1503,0.1388
398,1101,1499,0.1388
393,1112,1505,0.1388
400,1113,1513,0.1388
403,1112,1515,0.1388
398,1121,1519,0.1388
400,1118,1518,0.1388
394,1119,1513,0.1388
398,1120,1518,0.1388
393,1130,1523,0.1388
395,1122,1517,0.1388
395,1126,1521,0.1388
387,1119,1506,0.1388
390,1121,1511,0.1388
394,1127,1521,0.1388
396,1123,1519,0.1388
394,1106,1500,0.1388
391,1123,1514,0.1388
388,1126,1514,0.1388
390,1124,1514,0.1388
381,1132,1513,0.1388
385,1126,1511,0.1388
380,1127,1507,0.1388
379,1131,1510,0.1388
381,1126,1507,0.1388
380,1132,1512,0.1388
381,1141,1522,0.1388
380,1143,1523,0.1388
379,1150,1529,0.1388
374,1146,1520,0.1388
371,1146,1517,0.1388
371,1141,1512,0.1388
361,1140,1501,0.1388
359,1142,1501,0.1388
358,1149,1507,0.1388
367,1137,1504,0.1388
363,1132,1495,0.1388
354,1150,1504,0.1388
359,1151,1510,0.1388
362,1155,1517,0.1388
362,1154,1516,0.1388
355,1155,1510,0.1388
358,1147,1505,0.1388
353,1147,1500,0.1388
349,1158,1507,0.1388
340,1160,1500,0.1388
338,1163,1501,0.1388
342,1158,1500,0.1388
345,1154,1499,0.1388
342,1144,1486,0.1388
345,1143,1488,0.1388
348,1158,1506,0.1388
350,1161,1511,0.1388
349,1159,1508,0.1388
350,1166,1516,0.1388
353,1160,1513,0.1388
353,1159,1512,0.1388
350,1158,1508,0.1388
353,1172,1525,0.1388
350,1173,1523,0.1388
343,1179,1522,0.1388
339,1174,1513,0.1388
338,1181,1519,0.1388
341,1173,1514,0.1388
337,1165,1502,0.1388
342,1159,1501,0.1388
345,1162,1507,0.1388
346,1154,1500,0.1388
345,1154,1499,0.1388
343,1158,1501,0.1388
347,1157,1504,0.1388
343,1160,1503,0.1388
339,1159,1498,0.1388
338,1158,1496,0.1388
340,1158,1498,0.1388
344,1158,1502,0.1388
347,1154,1501,0.1388
350,1155,1505,0.1388
352,1166,1518,0.1388
353,1152,1505,0.1388
351,1164,1515,0.1388
353,1169,1522,0.1388
354,1176,1530,0.1388
351,1185,1536,0.1388
350,1186,1536,0.1388
351,1190,1541,0.1388
349,1189,1538,0.1388
346,1187,1533,0.1388
339,1186,1525,0.1388
337,1178,1515,0.1388
336,1161,1497,0.1388
337,1174,1511,0.1388
334,1170,1504,0.1388
337,1177,1514,0.1388
339,1169,1508,0.1388
334,1169,1503,0.1388
330,1175,1505,0.1388
328,1172,1500,0.1388
328,1170,1498,0.1388
329,1162,1491,0.1388
338,1164,1502,0.1388
335,1169,1504,0.1388
328,1177,1505,0.1388
327,1183,1510,0.1388
326,1185,1511,0.1388
321,1186,1507,0.1388
319,1188,1507,0.1388
318,1180,1498,0.1388
315,1183,1498,0.1388
313,1190,1503,0.1388
319,1189,1508,0.1388
312,1192,1504,0.1388
309,1190,1499,0.1388
303,1201,1504,0.1388
309,1197,1506,0.1388
307,1214,1521,0.1388
313,1210,1523,0.1388
304,1212,1516,0.1388
304,1201,1505,0.1388
307,1193,1500,0.1388
307,1192,1499,0.1388
304,1193,1497,0.1388
300,1199,1499,0.1388
303,1210,1513,0.1388
300,1207,1507,0.1388
297,1207,1504,0.1388
292,1205,1497,0.1388
291,1202,1493,0.1388
293,1195,1488,0.1388
291,1198,1489,0.1388
297,1210,1507,0.1388
299,1211,1510,0.1388
301,1203,1504,0.1388
298,1200,1498,0.1388
293,1209,1502,0.1388
291,1200,1491,0.1388
289,1209,1498,0.1388
288,1211,1499,0.1388
289,1208,1497,0.1388
286,1212,1498,0.1388
287,1217,1504,0.1388
289,1223,1512,0.1388
290,1218,1508,0.1388
296,1217,1513,0.1388
290,1233,1523,0.1388
285,1222,1507,0.1388
285,1227,1512,0.1388
281,1233,1514,0.1388
286,1225,1511,0.1388
278,1210,1488,0.1388
280,1214,1494,0.1388
273,1229,1502,0.1388
275,1230,1505,0.1388
274,1228,1502,0.1388
276,1232,1508,0.1388
278,1233,1511,0.1388
276,1240,1516,0.1388
279,1233,1512,0.1388
280,1245,1525,0.1388
275,1235,1510,0.1388
277,1233,1510,0.1388
273,1229,1502,0.1388
269,1240,1509,0.1388
269,1240,1509,0.1388
267,1234,1501,0.1388
267,1235,1502,0.1388
263,1242,1505,0.1388
264,1244,1508,0.1388
266,1241,1507,0.1388
262,1246,1508,0.1388
261,1238,1499,0.1388
269,1237,1506,0.1388
267,1246,1513,0.1388
264,1236,1500,0.1388
260,1240,1500,0.1388
260,1239,1499,0.1388
259,1246,1505,0.1388
260,1251,1511,0.1388
256,1252,1508,0.1388
256,1247,1503,0.1388
258,1254,1512,0.1388
251,1257,1508,0.1388
248,1263,1511,0.1388
247,1265,1512,0.1388
245,1260,1505,0.1388
243,1265,1508,0.1388
246,1265,1511,0.1388
249,1264,1513,0.1388
240,1266,1506,0.1388
239,1269,1508,0.1388
239,1256,1495,0.1388
242,1250,1492,0.1388
244,1260,1504,0.1388
240,1270,1510,0.1388
233,1278,1511,0.1388
238,1278,1516,0.1388
238,1274,1512,0.1388
237,1281,1518,0.1388
232,1278,1510,0.1388
229,1276,1505,0.1388
232,1270,1502,0.1388
232,1278,1510,0.1388
226,1280,1506,0.1388
229,1275,1504,0.1388
224,1283,1507,0.1388
225,1298,1523,0.1388
221,1306,1527,0.1388
220,1302,1522,0.1388
224,1295,1519,0.1388
222,1281,1503,0.1388
221,1291,1512,0.1388
217,1297,1514,0.1388
221,1304,1525,0.1388
219,1302,1521,0.1388
217,1308,1525,0.1388
214,1296,1510,0.1388
212,1303,1515,0.1388
213,1309,1522,0.1388
209,1308,1517,0.1388
207,1319,1526,0.1388
210,1321,1531,0.1388
209,1315,1524,0.1388
207,1310,1517,0.1388
203,1309,1512,0.1388
203,1305,1508,0.1388
203,1316,1519,0.1388
205,1317,1522,0.1388
207,1305,1512,0.1388
204,1307,1511,0.1388
203,1308,1511,0.1388
207,1317,1524,0.1388
205,1316,1521,0.1388
206,1326,1532,0.1388
207,1311,1518,0.1388
213,1312,1525,0.1388
205,1302,1507,0.1388
201,1314,1515,0.1388
205,1297,1502,0.1388
207,1296,1503,0.1388
211,1302,1513,0.1388
208,1292,1500,0.1388
210,1299,1509,0.1388
203,1301,1504,0.1388
201,1293,1494,0.1388
204,1316,1520,0.1388
203,1306,1509,0.1388
203,1303,1506,0.1388
194,1296,1490,0.1388
195,1289,1484,0.1388
202,1304,1506,0.1388
206,1306,1512,0.1388
210,1304,1514,0.1388
215,1312,1527,0.1388
215,1313,1528,0.1388
221,1314,1535,0.1388
219,1305,1524,0.1388
220,1299,1519,0.1388
216,1310,1526,0.1388
212,1302,1514,0.1388
217,1295,1512,0.1388
218,1296,1514,0.1388
211,1312,1523,0.1388
212,1291,1503,0.1388
210,1282,1492,0.1388
208,1285,1493,0.1388
203,1294,1497,0.1388
205,1297,1502,0.1388
204,1311,1515,0.1388
200,1309,1509,0.1388
205,1312,1517,0.1388
202,1312,1514,0.1388
196,1320,1516,0.1388
195,1317,1512,0.1388
197,1334,1531,0.1388
196,1331,1527,0.1388
197,1322,1519,0.1388
199,1321,1520,0.1388
192,1313,1505,0.1388
191,1307,1498,0.1388
187,1318,1505,0.1388
190,1313,1503,0.1388
190,1315,1505,0.1388
188,1314,1502,0.1388
188,1329,1517,0.1388
191,1317,1508,0.1388
194,1310,1504,0.1388
192,1320,1512,0.1388
190,1315,1505,0.1388
188,1325,1513,0.1388
184,1335,1519,0.1388
183,1334,1517,0.1388
184,1326,1510,0.1388
182,1344,1526,0.1388
176,1324,1500,0.1388
181,1327,1508,0.1388
181,1324,1505,0.1388
182,1334,1516,0.1388
177,1329,1506,0.1388
178,1334,1512,0.1388
175,1330,1505,0.1388
172,1339,1511,0.1388
174,1339,1513,0.1388
173,1344,1517,0.1388
177,1339,1516,0.1388
172,1342,1514,0.1388
171,1340,1511,0.1388
168,1347,1515,0.1388
166,1346,1512,0.1388
165,1351,1516,0.1388
167,1348,1515,0.1388
163,1349,1512,0.1388
164,1343,1507,0.1388
165,1362,1527,0.1388
166,1354,1520,0.1388
169,1355,1524,0.1388
169,1364,1533,0.1388
163,1343,1506,0.1388
164,1344,1508,0.1388
172,1351,1523,0.1388
165,1340,1505,0.1388
163,1350,1513,0.1388
166,1360,1526,0.1388
162,1354,1516,0.1388
165,1350,1515,0.1388
174,1354,1528,0.1388
173,1350,1523,0.1388
171,1340,1511,0.1388
174,1336,1510,0.1388
174,1343,1517,0.1388
176,1343,1519,0.1388
172,1350,1522,0.1388
176,1350,1526,0.1388
172,1356,1528,0.1388
167,1352,1519,0.1388
162,1350,1512,0.1388
163,1350,1513,0.1388
163,1351,1514,0.1388
161,1342,1503,0.1388
157,1340,1497,0.1388
157,1349,1506,0.1388
159,1345,1504,0.1388
158,1352,1510,0.1388
160,1360,1520,0.1388
165,1366,1531,0.1388
161,1358,1519,0.1388
161,1357,1518,0.1388
158,1351,1509,0.1388
159,1363,1522,0.1388
156,1368,1524,0.1388
159,1376,1535,0.1388
163,1381,1544,0.1388
157,1383,1540,0.1388
162,1371,1533,0.1388
152,1365,1517,0.1388
155,1358,1513,0.1388
157,1350,1507,0.1388
158,1356,1514,0.1388
154,1363,1517,0.1388
155,1374,1529,0.1388
156,1374,1530,0.1388
158,1373,1531,0.1388
158,1366,1524,0.1388
159,1366,1525,0.1388
156,1371,1527,0.1388
157,1366,1523,0.1388
155,1359,1514,0.1388
156,1355,1511,0.1388
155,1353,1508,0.1388
157,1358,1515,0.1388
158,1359,1517,0.1388
157,1361,1518,0.1388
157,1351,1508,0.1388
158,1345,1503,0.1388
154,1350,1504,0.1388
156,1351,1507,0.1388
155,1348,1503,0.1388
149,1356,1505,0.1388
147,1364,1511,0.1388
145,1365,1510,0.1388
144,1356,1500,0.1388
149,1364,1513,0.1388
147,1368,1515,0.1388
147,1347,1494,0.1388
150,1364,1514,0.1388
147,1364,1511,0.1388
148,1363,1511,0.1388
147,1366,1513,0.1388
149,1365,1514,0.1388
149,1374,1523,0.1388
152,1369,1521,0.1388
147,1368,1515,0.1388
148,1375,1523,0.1388
145,1368,1513,0.1388
146,1369,1515,0.1388
150,1371,1521,0.1388
147,1354,1501,0.1388
146,1358,1504,0.1388
151,1372,1523,0.1388
148,1373,1521,0.1388
147,1374,1521,0.1388
142,1366,1508,0.1388
143,1361,1504,0.1388
137,1374,1511,0.1388
139,1385,1524,0.1388
141,1382,1523,0.1388
137,1370,1507,0.1388
141,1369,1510,0.1388
137,1376,1513,0.1388
138,1388,1526,0.1388
135,1389,1524,0.1388
135,1388,1523,0.1388
137,1379,1516,0.1388
133,1377,1510,0.1388
131,1375,1506,0.1388
127,1378,1505,0.1388
126,1364,1490,0.1388
129,1364,1493,0.1388
129,1369,1498,0.1388
131,1364,1495,0.1388
133,1376,1509,0.1388
133,1375,1508,0.1388
132,1375,1507,0.1388
130,1392,1522,0.1388
130,1381,1511,0.1388
133,1379,1512,0.1388
131,1376,1507,0.1388
126,1375,1501,0.1388
124,1374,1498,0.1388
127,1380,1507,0.1388
124,1384,1508,0.1388
122,1390,1512,0.1388
122,1399,1521,0.1388
116,1392,1508,0.1388
121,1392,1513,0.1388
121,1390,1511,0.1388
124,1391,1515,0.1388
124,1379,1503,0.1388
126,1393,1519,0.1388
124,1393,1517,0.1388
125,1396,1521,0.1388
124,1388,1512,0.1388
124,1400,1524,0.1388
124,1407,1531,0.1388
128,1397,1525,0.1388
129,1394,1523,0.1388
128,1381,1509,0.1388
124,1388,1512,0.1388
124,1375,1499,0.1388
126,1379,1505,0.1388
125,1376,1501,0.1388
124,1378,1502,0.1388
123,1373,1496,0.1388
124,1371,1495,0.1388
122,1382,1504,0.1388
121,1379,1500,0.1388
119,1384,1503,0.1388
123,1386,1509,0.1388
120,1389,1509,0.1388
123,1388,1511,0.1388
122,1396,1518,0.1388
123,1397,1520,0.1388
124,1389,1513,0.1388
121,1405,1526,0.1388
122,1392,1514,0.1388
116,1395,1511,0.1388
115,1401,1516,0.1388
118,1409,1527,0.1388
114,1418,1532,0.1388
117,1410,1527,0.1388
117,1416,1533,0.1388
115,1410,1525,0.1388
116,1384,1500,0.1388
116,1391,1507,0.1388
117,1385,1502,0.1388
115,1392,1507,0.1388
116,1399,1515,0.1388
113,1395,1508,0.1388
112,1406,1518,0.1388
116,1391,1507,0.1388
115,1393,1508,0.1388
116,1403,1519,0.1388
121,1398,1519,0.1388
118,1405,1523,0.1388
120,1395,1515,0.1388
120,1396,1516,0.1388
121,1390,1511,0.1388
122,1398,1520,0.1388
119,1386,1505,0.1388
120,1376,1496,0.1388
115,1379,1494,0.1388
116,1387,1503,0.1388
121,1391,1512,0.1388
123,1398,1521,0.1388
122,1402,1524,0.1388
121,1390,1511,0.1388
127,1388,1515,0.1388
124,1395,1519,0.1388
124,1398,1522,0.1388
124,1399,1523,0.1388
122,1403,1525,0.1388
119,1408,1527,0.1388
116,1396,1512,0.1388
116,1397,1513,0.1388
118,1391,1509,0.1388
119,1394,1513,0.1388
123,1388,1511,0.1388
124,1390,1514,0.1388
122,1392,1514,0.1388
120,1393,1513,0.1388
116,1393,1509,0.1388
114,1389,1503,0.1388
121,1389,1510,0.1388
124,1385,1509,0.1388
124,1388,1512,0.1388
121,1385,1506,0.1388
122,1386,1508,0.1388
123,1390,1513,0.1388
126,1391,1517,0.1388
129,1391,1520,0.1388
132,1379,1511,0.1388
129,1381,1510,0.1388
132,1378,1510,0.1388
134,1384,1518,0.1388
134,1394,1528,0.1388
134,1391,1525,0.1388
134,1370,1504,0.1388
136,1374,1510,0.1388
134,1388,1522,0.1388
136,1384,1520,0.1388
129,1384,1513,0.1388
129,1379,1508,0.1388
126,1405,1531,0.1388
125,1401,1526,0.1388
120,1386,1506,0.1388
126,1392,1518,0.1388
123,1375,1498,0.1388
125,1384,1509,0.1388
125,1392,1517,0.1388
120,1398,1518,0.1388
121,1400,1521,0.1388
120,1396,1516,0.1388
117,1408,1525,0.1388
117,1380,1497,0.1388
113,1388,1501,0.1388
113,1399,1512,0.1388
114,1406,1520,0.1388
116,1394,1510,0.1388
116,1392,1508,0.1388
116,1381,1497,0.1388
114,1393,1507,0.1388
112,1386,1498,0.1388
110,1391,1501,0.1388
106,1402,1508,0.1388
101,1421,1522,0.1388
100,1410,1510,0.1388
100,1413,1513,0.1388
100,1410,1510,0.1388
98,1408,1506,0.1388
98,1407,1505,0.1388
99,1417,1516,0.1388
99,1418,1517,0.1388
99,1407,1506,0.1388
95,1414,1509,0.1388
94,1424,1518,0.1388
90,1419,1509,0.1388
94,1424,1518,0.1388
96,1411,1507,0.1388
98,1417,1515,0.1388
99,1406,1505,0.1388
99,1403,1502,0.1388
95,1412,1507,0.1388
95,1413,1508,0.1388
94,1425,1519,0.1388
94,1419,1513,0.1388
97,1425,1522,0.1388
99,1414,1513,0.1388
97,1429,1526,0.1388
97,1429,1526,0.1388
98,1428,1526,0.1388
96,1427,1523,0.1388
96,1422,1518,0.1388
98,1415,1513,0.1388
97,1418,1515,0.1388
98,1416,1514,0.1388
94,1426,1520,0.1388
92,1433,1525,0.1388
89,1424,1513,0.1388
90,1417,1507,0.1388
91,1413,1504,0.1388
87,1413,1500,0.1388
86,1429,1515,0.1388
86,1419,1505,0.1388
90,1419,1509,0.1388
89,1425,1514,0.1388
90,1415,1505,0.1388
86,1433,1519,0.1388
87,1422,1509,0.1388
88,1425,1513,0.1388
86,1421,1507,0.1388
88,1415,1503,0.1388
86,1420,1506,0.1388
86,1428,1514,0.1388
83,1413,1496,0.1388
86,1421,1507,0.1388
87,1428,1515,0.1388
85,1432,1517,0.1388
83,1434,1517,0.1388
84,1436,1520,0.1388
82,1427,1509,0.1388
79,1423,1502,0.1388
78,1418,1496,0.1388
76,1442,1518,0.1388
76,1446,1522,0.1388
75,1444,1519,0.1388
74,1436,1510,0.1388
77,1442,1519,0.1388
78,1443,1521,0.1388
77,1431,1508,0.1388
77,1431,1508,0.1388
79,1433,1512,0.1388
79,1436,1515,0.1388
75,1443,1518,0.1388
73,1437,1510,0.1388
75,1425,1500,0.1388
75,1424,1499,0.1388
76,1411,1487,0.1388
74,1421,1495,0.1388
73,1434,1507,0.1388
75,1450,1525,0.1388
75,1444,1519,0.1388
75,1446,1521,0.1388
77,1444,1521,0.1388
74,1460,1534,0.1388
70,1464,1534,0.1388
69,1455,1524,0.1388
69,1455,1524,0.1388
69,1457,1526,0.1388
69,1457,1526,0.1388
68,1460,1528,0.1388
72,1460,1532,0.1388
70,1454,1524,0.1388
67,1449,1516,0.1388
68,1449,1517,0.1388
65,1448,1513,0.1388
63,1459,1522,0.1388
67,1453,1520,0.1388
63,1449,1512,0.1388
67,1448,1515,0.1388
66,1448,1514,0.1388
65,1446,1511,0.1388
64,1443,1507,0.1388
65,1438,1503,0.1388
67,1458,1525,0.1388
68,1463,1531,0.1388
66,1457,1523,0.1388
65,1456,1521,0.1388
63,1459,1522,0.1388
62,1449,1511,0.1388
64,1452,1516,0.1388
63,1455,1518,0.1388
65,1437,1502,0.1388
62,1433,1495,0.1388
62,1448,1510,0.1388
60,1452,1512,0.1388
61,1465,1526,0.1388
58,1464,1522,0.1388
57,1459,1516,0.1388
55,1456,1511,0.1388
55,1448,1503,0.1388
53,1453,1506,0.1388
55,1456,1511,0.1388
55,1466,1521,0.1388
54,1467,1521,0.1388
54,1468,1522,0.1388
55,1461,1516,0.1388
54,1465,1519,0.1388
56,1467,1523,0.1388
54,1461,1515,0.1388
51,1457,1508,0.1388
48,1467,1515,0.1388
47,1474,1521,0.1388
48,1474,1522,0.1388
47,1469,1516,0.1388
46,1466,1512,0.1388
47,1478,1525,0.1388
46,1467,1513,0.1388
44,1467,1511,0.1388
41,1474,1515,0.1388
40,1491,1531,0.1388
39,1482,1521,0.1388
39,1472,1511,0.1388
41,1480,1521,0.1388
39,1475,1514,0.1388
38,1477,1515,0.1388
40,1484,1524,0.1388
40,1487,1527,0.1388
41,1479,1520,0.1388
40,1480,1520,0.1388
41,1482,1523,0.1388
42,1473,1515,0.1388
43,1487,1530,0.1388
43,1483,1526,0.1388
43,1474,1517,0.1388
43,1475,1518,0.1388
43,1484,1527,0.1388
41,1501,1542,0.1388
41,1480,1521,0.1388
41,1475,1516,0.1388
43,1467,1510,0.1388
42,1465,1507,0.1388
44,1472,1516,0.1388
42,1481,1523,0.1388
43,1481,1524,0.1388
45,1478,1523,0.1388
45,1480,1525,0.1388
45,1467,1512,0.1388
46,1471,1517,0.1388
43,1461,1504,0.1388
48,1470,1518,0.1388
48,1463,1511,0.1388
46,1474,1520,0.1388
46,1462,1508,0.1388
47,1475,1522,0.1388
46,1475,1521,0.1388
47,1467,1514,0.1388
48,1464,1512,0.1388
50,1471,1521,0.1388
49,1467,1516,0.1388
48,1465,1513,0.1388
49,1474,1523,0.1388
48,1474,1522,0.1388
49,1472,1521,0.1388
47,1465,1512,0.1388
45,1477,1522,0.1388
44,1479,1523,0.1388
43,1463,1506,0.1388
41,1469,1510,0.1388
41,1481,1522,0.1388
38,1487,1525,0.1388
37,1482,1519,0.1388
37,1473,1510,0.1388
38,1474,1512,0.1388
38,1476,1514,0.1388
39,1477,1516,0.1388
41,1473,1514,0.1388
40,1468,1508,0.1388
40,1473,1513,0.1388
42,1485,1527,0.1388
42,1474,1516,0.1388
43,1480,1523,0.1388
43,1484,1527,0.1388
47,1472,1519,0.1388
46,1465,1511,0.1388
45,1470,1515,0.1388
44,1470,1514,0.1388
42,1477,1519,0.1388
40,1487,1527,0.1388
42,1473,1515,0.1388
42,1472,1514,0.1388
42,1473,1515,0.1388
41,1473,1514,0.1388
38,1466,1504,0.1388
40,1474,1514,0.1388
38,1473,1511,0.1388
37,1478,1515,0.1388
37,1474,1511,0.1388
36,1475,1511,0.1388
35,1471,1506,0.1388
35,1475,1510,0.1388
36,1474,1510,0.1388
36,1466,1502,0.1388
35,1452,1487,0.1388
33,1456,1489,0.1388
35,1458,1493,0.1388
33,1460,1493,0.1388
33,1473,1506,0.1388
32,1479,1511,0.1388
33,1475,1508,0.1388
34,1470,1504,0.1388
33,1494,1527,0.1388
32,1489,1521,0.1388
34,1492,1526,0.1388
34,1494,1528,0.1388
33,1487,1520,0.1388
32,1467,1499,0.1388
32,1478,1510,0.1388
31,1491,1522,0.1388
31,1481,1512,0.1388
30,1473,1503,0.1388
28,1481,1509,0.1388
30,1487,1517,0.1388
29,1500,1529,0.1388
30,1502,1532,0.1388
29,1480,1509,0.1388
29,1491,1520,0.1388
30,1489,1519,0.1388
30,1488,1518,0.1388
29,1488,1517,0.1388
30,1493,1523,0.1388
30,1494,1524,0.1388
30,1490,1520,0.1388
31,1487,1518,0.1388
31,1477,1508,0.1388
32,1484,1516,0.1388
31,1488,1519,0.1388
31,1492,1523,0.1388
30,1478,1508,0.1388
29,1491,1520,0.1388
28,1485,1513,0.1388
28,1490,1518,0.1388
27,1506,1533,0.1388
28,1513,1541,0.1388
28,1499,1527,0.1388
27,1505,1532,0.1388
27,1496,1523,0.1388
26,1488,1514,0.1388
25,1487,1512,0.1388
25,1480,1505,0.1388
24,1482,1506,0.1388
24,1484,1508,0.1388
22,1483,1505,0.1388
24,1481,1505,0.1388
24,1480,1504,0.1388
24,1484,1508,0.1388
26,1486,1512,0.1388
24,1482,1506,0.1388
24,1492,1516,0.1388
24,1498,1522,0.1388
27,1494,1521,0.1388
27,1480,1507,0.1388
27,1479,1506,0.1388
27,1493,1520,0.1388
28,1502,1530,0.1388
28,1491,1519,0.1388
28,1489,1517,0.1388
27,1489,1516,0.1388
26,1497,1523,0.1388
26,1494,1520,0.1388
27,1499,1526,0.1388
27,1494,1521,0.1388
27,1488,1515,0.1388
27,1483,1510,0.1388
28,1483,1511,0.1388
28,1475,1503,0.1388
26,1483,1509,0.1388
25,1490,1515,0.1388
27,1492,1519,0.1388
26,1490,1516,0.1388
25,1489,1514,0.1388
26,1486,1512,0.1388
27,1484,1511,0.1388
26,1487,1513,0.1388
25,1490,1515,0.1388
23,1504,1527,0.1388
22,1502,1524,0.1388
21,1489,1510,0.1388
20,1492,1512,0.1388
19,1503,1522,0.1388
19,1482,1501,0.1388
20,1493,1513,0.1388
20,1499,1519,0.1388
19,1490,1509,0.1388
18,1506,1524,0.1388
18,1492,1510,0.1388
18,1498,1516,0.1388
19,1497,1516,0.1388
18,1490,1508,0.1388
18,1500,1518,0.1388
20,1494,1514,0.1388
19,1496,1515,0.1388
20,1503,1523,0.1388
20,1499,1519,0.1388
21,1496,1517,0.1388
20,1499,1519,0.1388
20,1505,1525,0.1388
19,1509,1528,0.1388
19,1506,1525,0.1388
20,1508,1528,0.1388
19,1501,1520,0.1388
20,1502,1522,0.1388
20,1492,1512,0.1388
19,1495,1514,0.1388
19,1513,1532,0.1388
20,1498,1518,0.1388
20,1479,1499,0.1388
20,1471,1491,0.1388
20,1486,1506,0.1388
19,1495,1514,0.1388
18,1490,1508,0.1388
18,1485,1503,0.1388
19,1485,1504,0.1388
19,1493,1512,0.1388
18,1503,1521,0.1388
16,1503,1519,0.1388
15,1495,1510,0.1388
15,1505,1520,0.1388
15,1511,1526,0.1388
15,1523,1538,0.1388
17,1516,1533,0.1388
16,1513,1529,0.1388
15,1502,1517,0.1388
16,1502,1518,0.1388
15,1506,1521,0.1388
14,1514,1528,0.1388
14,1499,1513,0.1388
13,1500,1513,0.1388
13,1499,1512,0.1388
13,1491,1504,0.1388
13,1495,1508,0.1388
12,1511,1523,0.1388
12,1510,1522,0.1388
12,1514,1526,0.1388
12,1502,1514,0.1388
13,1494,1507,0.1388
13,1499,1512,0.1388
11,1489,1500,0.1388
11,1492,1503,0.1388
11,1486,1497,0.1388
11,1479,1490,0.1388
12,1509,1521,0.1388
12,1492,1504,0.1388
12,1504,1516,0.1388
12,1494,1506,0.1388
11,1496,1507,0.1388
11,1506,1517,0.1388
10,1513,1523,0.1388
9,1513,1522,0.1388
8,1517,1525,0.1388
8,1514,1522,0.1388
6,1509,1515,0.1388
6,1514,1520,0.1388
5,1503,1508,0.1388
6,1504,1510,0.1388
6,1514,1520,0.1388
6,1522,1528,0.1388
6,1510,1516,0.1388
7,1507,1514,0.1388
7,1514,1521,0.1388
7,1519,1526,0.1388
6,1526,1532,0.1388
7,1528,1535,0.1388
7,1534,1541,0.1388
6,1521,1527,0.1388
6,1507,1513,0.1388
6,1510,1516,0.1388
7,1500,1507,0.1388
7,1504,1511,0.1388
8,1515,1523,0.1388
8,1513,1521,0.1388
8,1519,1527,0.1388
8,1523,1531,0.1388
8,1514,1522,0.1388
8,1515,1523,0.1388
8,1517,1525,0.1388
8,1507,1515,0.1388
7,1524,1531,0.1388
6,1523,1529,0.1388
6,1506,1512,0.1388
5,1495,1500,0.1388
5,1490,1495,0.1388
5,1503,1508,0.1388
5,1513,1518,0.1388
5,1507,1512,0.1388
5,1523,1528,0.1388
5,1513,1518,0.1388
5,1500,1505,0.1388
4,1519,1523,0.1388
4,1512,1516,0.1388
4,1507,1511,0.1388
4,1502,1506,0.1388
4,1498,1502,0.1388
4,1501,1505,0.1388
4,1505,1509,0.1388
3,1491,1494,0.1388
3,1514,1517,0.1388
2,1514,1516,0.1388
2,1521,1523,0.1388
2,1524,1526,0.1388
2,1515,1517,0.1388
2,1503,1505,0.1388
2,1516,1518,0.1388
2,1516,1518,0.1388
2,1521,1523,0.1388
2,1518,1520,0.1388
2,1520,1522,0.1388
2,1519,1521,0.1388
2,1511,1513,0.1388
2,1516,1518,0.1388
2,1530,1532,0.1388
2,1521,1523,0.1388
2,1509,1511,0.1388
2,1508,1510,0.1388
2,1510,1512,0.1388
2,1513,1515,0.1388
2,1514,1516,0.1388
2,1512,1514,0.1388
2,1513,1515,0.1388
2,1519,1521,0.1388
2,1506,1508,0.1388
2,1512,1514,0.1388
2,1499,1501,0.1388
2,1490,1492,0.1388
2,1504,1506,0.1388
2,1502,1504,0.1388
2,1500,1502,0.1388
3,1523,1526,0.1388
3,1516,1519,0.1388
3,1524,1527,0.1388
3,1524,1527,0.1388
3,1527,1530,0.1388
2,1515,1517,0.1388
3,1518,1521,0.1388
3,1512,1515,0.1388
3,1532,1535,0.1388
4,1530,1534,0.1388
4,1523,1527,0.1388
4,1515,1519,0.1388
4,1509,1513,0.1388
4,1512,1516,0.1388
4,1507,1511,0.1388
4,1506,1510,0.1388
4,1515,1519,0.1388
5,1505,1510,0.1388
5,1504,1509,0.1388
5,1520,1525,0.1388
5,1512,1517,0.1388
5,1517,1522,0.1388
6,1518,1524,0.1388
6,1512,1518,0.1388
6,1501,1507,0.1388
6,1503,1509,0.1388
6,1496,1502,0.1388
6,1512,1518,0.1388
6,1504,1510,0.1388
6,1509,1515,0.1388
6,1504,1510,0.1388
6,1506,1512,0.1388
5,1513,1518,0.1388
4,1516,1520,0.1388
4,1513,1517,0.1388
3,1511,1514,0.1388
3,1521,1524,0.1388
4,1519,1523,0.1388
3,1519,1522,0.1388
3,1526,1529,0.1388
3,1505,1508,0.1388
3,1508,1511,0.1388
3,1499,1502,0.1388
3,1503,1506,0.1388
3,1502,1505,0.1388
3,1503,1506,0.1388
3,1511,1514,0.1388
3,1526,1529,0.1388
3,1526,1529,0.1388
3,1516,1519,0.1388
3,1507,1510,0.1388
3,1493,1496,0.1388
3,1509,1512,0.1388
3,1512,1515,0.1388
3,1520,1523,0.1388
3,1519,1522,0.1388
3,1516,1519,0.1388
3,1519,1522,0.1388
2,1516,1518,0.1388
2,1510,1512,0.1388
3,1507,1510,0.1388
3,1507,1510,0.1388
3,1504,1507,0.1388
3,1498,1501,0.1388
3,1516,1519,0.1388
3,1510,1513,0.1388
3,1501,1504,0.1388
3,1522,1525,0.1388
3,1506,1509,0.1388
3,1505,1508,0.1388
3,1498,1501,0.1388
3,1499,1502,0.1388
3,1499,1502,0.1388
3,1497,1500,0.1388
3,1504,1507,0.1388
3,1511,1514,0.1388
3,1519,1522,0.1388
4,1524,1528,0.1388
4,1524,1528,0.1388
3,1517,1520,0.1388
3,1514,1517,0.1388
3,1517,1520,0.1388
3,1501,1504,0.1388
3,1508,1511,0.1388
3,1504,1507,0.1388
3,1512,1515,0.1388
3,1510,1513,0.1388
3,1516,1519,0.1388
3,1503,1506,0.1388
3,1518,1521,0.1388
3,1510,1513,0.1388
3,1509,1512,0.1388
6,1506,1512,0.1388
4,1502,1506,0.1388
4,1495,1499,0.1388
4,1502,1506,0.1388
5,1509,1514,0.1388
5,1503,1508,0.1388
5,1508,1513,0.1388
5,1510,1515,0.1388
5,1509,1514,0.1388
4,1511,1515,0.1388
4,1499,1503,0.1388
4,1497,1501,0.1388
4,1513,1517,0.1388
4,1505,1509,0.1388
4,1506,1510,0.1388
4,1504,1508,0.1388
4,1501,1505,0.1388
4,1503,1507,0.1388
4,1513,1517,0.1388
4,1522,1526,0.1388
4,1527,1531,0.1388
4,1519,1523,0.1388
4,1522,1526,0.1388
4,1528,1532,0.1388
2,1525,1527,0.1388
2,1512,1514,0.1388
2,1514,1516,0.1388
2,1514,1516,0.1388
2,1511,1513,0.1388
2,1523,1525,0.1388
2,1518,1520,0.1388
2,1506,1508,0.1388
2,1499,1501,0.1388
2,1512,1514,0.1388
2,1505,1507,0.1388
1,1513,1514,0.1388
1,1523,1524,0.1388
1,1518,1519,0.1388
1,1516,1517,0.1388
1,1521,1522,0.1388
1,1514,1515,0.1388
1,1515,1516,0.1388
1,1504,1505,0.1388
1,1498,1499,0.1388
1,1491,1492,0.1388
1,1508,1509,0.1388
1,1508,1509,0.1388
1,1508,1509,0.1388
1,1526,1527,0.1388
1,1514,1515,0.1388
1,1523,1524,0.1388
1,1515,1516,0.1388
1,1530,1531,0.1388
1,1522,1523,0.1388
1,1518,1519,0.1388
1,1510,1511,0.1388
1,1504,1505,0.1388
1,1507,1508,0.1388
1,1510,1511,0.1388
1,1508,1509,0.1388
1,1524,1525,0.1388
1,1528,1529,0.1388
1,1521,1522,0.1388
1,1528,1529,0.1388
1,1523,1524,0.1388
1,1520,1521,0.1388
1,1519,1520,0.1388
1,1520,1521,0.1388
1,1520,1521,0.1388
0,1519,1519,0.1388
