1382,29,1411,0.1388
1412,27,1439,0.1388
1409,31,1440,0.1388
1429,33,1462,0.1388
1431,35,1466,0.1388
1434,35,1469,0.1388
1442,36,1478,0.1388
1439,36,1475,0.1388
1436,37,1473,0.1388
1458,37,1495,0.1388
1453,36,1489,0.1388
1466,37,1503,0.1388
1458,37,1495,0.1388
1461,38,1499,0.1388
1460,38,1498,0.1388
1450,36,1486,0.1388
1430,41,1471,0.1388
1451,40,1491,0.1388
1451,39,1490,0.1388
1458,39,1497,0.1388
1460,39,1499,0.1388
1461,40,1501,0.1388
1459,41,1500,0.1388
1459,40,1499,0.1388
1456,39,1495,0.1388
1443,39,1482,0.1388
1451,39,1490,0.1388
1458,39,1497,0.1388
1456,40,1496,0.1388
1464,40,1504,0.1388
1465,41,1506,0.1388
1463,41,1504,0.1388
1468,42,1510,0.1388
1461,43,1504,0.1388
1461,46,1507,0.1388
1474,46,1520,0.1388
1469,44,1513,0.1388
1463,41,1504,0.1388
1457,40,1497,0.1388
1456,42,1498,0.1388
1453,39,1492,0.1388
1447,39,1486,0.1388
1448,41,1489,0.1388
1453,42,1495,0.1388
1456,41,1497,0.1388
1467,38,1505,0.1388
1455,38,1493,0.1388
1455,36,1491,0.1388
1433,38,1471,0.1388
1439,37,1476,0.1388
1427,41,1468,0.1388
1423,41,1464,0.1388
1415,39,1454,0.1388
1426,37,1463,0.1388
1450,36,1486,0.1388
1457,34,1491,0.1388
1462,34,1496,0.1388
1468,34,1502,0.1388
1477,35,1512,0.1388
1474,36,1510,0.1388
1471,35,1506,0.1388
1467,34,1501,0.1388
1455,34,1489,0.1388
1455,34,1489,0.1388
1459,33,1492,0.1388
1448,32,1480,0.1388
1450,34,1484,0.1388
1453,34,1487,0.1388
1458,34,1492,0.1388
1452,34,1486,0.1388
1447,33,1480,0.1388
1451,34,1485,0.1388
1459,33,1492,0.1388
1468,34,1502,0.1388
1480,33,1513,0.1388
1479,33,1512,0.1388
1472,34,1506,0.1388
1472,33,1505,0.1388
1469,34,1503,0.1388
1471,33,1504,0.1388
1474,33,1507,0.1388
1476,34,1510,0.1388
1466,34,1500,0.1388
1468,35,1503,0.1388
1452,35,1487,0.1388
1448,35,1483,0.1388
1449,34,1483,0.1388
1454,35,1489,0.1388
1446,35,1481,0.1388
1450,35,1485,0.1388
1461,32,1493,0.1388
1463,33,1496,0.1388
1469,35,1504,0.1388
1462,35,1497,0.1388
1463,35,1498,0.1388
1456,35,1491,0.1388
1453,34,1487,0.1388
1458,35,1493,0.1388
1456,35,1491,0.1388
1451,33,1484,0.1388
1459,33,1492,0.1388
1447,33,1480,0.1388
1456,34,1490,0.1388
1446,35,1481,0.1388
1452,35,1487,0.1388
1461,34,1495,0.1388
1446,34,1480,0.1388
1453,33,1486,0.1388
1459,33,1492,0.1388
1463,35,1498,0.1388
1475,34,1509,0.1388
1466,34,1500,0.1388
1465,34,1499,0.1388
1474,34,1508,0.1388
1462,36,1498,0.1388
1462,35,1497,0.1388
1473,36,1509,0.1388
1469,36,1505,0.1388
1465,37,1502,0.1388
1460,35,1495,0.1388
1443,34,1477,0.1388
1441,34,1475,0.1388
1439,34,1473,0.1388
1444,33,1477,0.1388
1452,31,1483,0.1388
1452,30,1482,0.1388
1460,30,1490,0.1388
1460,32,1492,0.1388
1441,31,1472,0.1388
1458,32,1490,0.1388
1461,33,1494,0.1388
1458,37,1495,0.1388
1461,36,1497,0.1388
1467,37,1504,0.1388
1469,36,1505,0.1388
1461,32,1493,0.1388
1472,34,1506,0.1388
1466,34,1500,0.1388
1452,32,1484,0.1388
1457,31,1488,0.1388
1459,32,1491,0.1388
1461,29,1490,0.1388
1470,29,1499,0.1388
1472,29,1501,0.1388
1487,29,1516,0.1388
1478,29,1507,0.1388
1471,30,1501,0.1388
1470,31,1501,0.1388
1461,31,1492,0.1388
1468,32,1500,0.1388
1473,32,1505,0.1388
1469,31,1500,0.1388
1466,28,1494,0.1388
1466,30,1496,0.1388
1476,30,1506,0.1388
1467,31,1498,0.1388
1470,32,1502,0.1388
1468,32,1500,0.1388
1467,32,1499,0.1388
1467,30,1497,0.1388
1473,30,1503,0.1388
1468,32,1500,0.1388
1465,33,1498,0.1388
1465,34,1499,0.1388
1471,34,1505,0.1388
1456,35,1491,0.1388
1472,34,1506,0.1388
1458,35,1493,0.1388
1465,33,1498,0.1388
1460,33,1493,0.1388
1464,36,1500,0.1388
1462,33,1495,0.1388
1456,36,1492,0.1388
1452,37,1489,0.1388
1459,37,1496,0.1388
1467,40,1507,0.1388
1452,41,1493,0.1388
1450,43,1493,0.1388
1451,44,1495,0.1388
1453,44,1497,0.1388
1456,44,1500,0.1388
1457,45,1502,0.1388
1444,43,1487,0.1388
1454,42,1496,0.1388
1462,47,1509,0.1388
1466,48,1514,0.1388
1462,48,1510,0.1388
1450,48,1498,0.1388
1451,49,1500,0.1388
1440,49,1489,0.1388
1435,49,1484,0.1388
1431,46,1477,0.1388
1429,47,1476,0.1388
1442,49,1491,0.1388
1436,50,1486,0.1388
1443,50,1493,0.1388
1440,51,1491,0.1388
1438,51,1489,0.1388
1445,51,1496,0.1388
1447,48,1495,0.1388
1445,48,1493,0.1388
1440,47,1487,0.1388
1443,48,1491,0.1388
1433,49,1482,0.1388
1444,51,1495,0.1388
1428,54,1482,0.1388
1433,52,1485,0.1388
1439,53,1492,0.1388
1438,55,1493,0.1388
1442,55,1497,0.1388
1435,55,1490,0.1388
1434,61,1495,0.1388
1427,59,1486,0.1388
1428,59,1487,0.1388
1437,60,1497,0.1388
1434,59,1493,0.1388
1438,60,1498,0.1388
1433,58,1491,0.1388
1415,60,1475,0.1388
1415,60,1475,0.1388
1420,61,1481,0.1388
1423,62,1485,0.1388
1414,64,1478,0.1388
1426,65,1491,0.1388
1418,67,1485,0.1388
1413,69,1482,0.1388
1411,68,1479,0.1388
1409,68,1477,0.1388
1411,67,1478,0.1388
1401,68,1469,0.1388
1409,66,1475,0.1388
1409,68,1477,0.1388
1416,66,1482,0.1388
1419,68,1487,0.1388
1431,68,1499,0.1388
1433,69,1502,0.1388
1425,67,1492,0.1388
1427,68,1495,0.1388
1435,65,1500,0.1388
1436,68,1504,0.1388
1442,70,1512,0.1388
1442,74,1516,0.1388
1442,74,1516,0.1388
1431,75,1506,0.1388
1418,76,1494,0.1388
1424,76,1500,0.1388
1424,79,1503,0.1388
1417,78,1495,0.1388
1432,73,1505,0.1388
1425,74,1499,0.1388
1432,75,1507,0.1388
1417,74,1491,0.1388
1420,75,1495,0.1388
1431,75,1506,0.1388
1425,75,1500,0.1388
1416,73,1489,0.1388
1423,73,1496,0.1388
1411,72,1483,0.1388
1426,72,1498,0.1388
1416,74,1490,0.1388
1414,75,1489,0.1388
1417,76,1493,0.1388
1416,74,1490,0.1388
1417,77,1494,0.1388
1419,75,1494,0.1388
1406,74,1480,0.1388
1403,74,1477,0.1388
1413,77,1490,0.1388
1408,78,1486,0.1388
1405,81,1486,0.1388
1395,76,1471,0.1388
1393,77,1470,0.1388
1406,78,1484,0.1388
1406,77,1483,0.1388
1407,79,1486,0.1388
1410,81,1491,0.1388
1416,81,1497,0.1388
1409,81,1490,0.1388
1398,87,1485,0.1388
1399,87,1486,0.1388
1407,87,1494,0.1388
1402,88,1490,0.1388
1400,88,1488,0.1388
1389,84,1473,0.1388
1396,82,1478,0.1388
1398,85,1483,0.1388
1393,83,1476,0.1388
1386,84,1470,0.1388
1389,81,1470,0.1388
1389,83,1472,0.1388
1398,81,1479,0.1388
1396,81,1477,0.1388
1403,82,1485,0.1388
1403,83,1486,0.1388
1413,81,1494,0.1388
1412,81,1493,0.1388
1427,81,1508,0.1388
1415,83,1498,0.1388
1419,80,1499,0.1388
1426,79,1505,0.1388
1418,82,1500,0.1388
1412,85,1497,0.1388
1414,83,1497,0.1388
1422,85,1507,0.1388
1425,81,1506,0.1388
1424,81,1505,0.1388
1405,84,1489,0.1388
1408,87,1495,0.1388
1395,86,1481,0.1388
1394,86,1480,0.1388
1404,82,1486,0.1388
1412,83,1495,0.1388
1400,81,1481,0.1388
1403,83,1486,0.1388
1395,85,1480,0.1388
1402,83,1485,0.1388
1389,85,1474,0.1388
1405,82,1487,0.1388
1409,82,1491,0.1388
1408,82,1490,0.1388
1421,82,1503,0.1388
1416,85,1501,0.1388
1415,88,1503,0.1388
1397,90,1487,0.1388
1384,86,1470,0.1388
1384,83,1467,0.1388
1380,84,1464,0.1388
1395,83,1478,0.1388
1386,86,1472,0.1388
1390,82,1472,0.1388
1399,88,1487,0.1388
1408,85,1493,0.1388
1428,83,1511,0.1388
1415,83,1498,0.1388
1426,85,1511,0.1388
1414,85,1499,0.1388
1387,86,1473,0.1388
1382,84,1466,0.1388
1384,85,1469,0.1388
1393,86,1479,0.1388
1406,84,1490,0.1388
1395,85,1480,0.1388
1404,86,1490,0.1388
1422,87,1509,0.1388
1423,85,1508,0.1388
1419,85,1504,0.1388
1428,86,1514,0.1388
1407,87,1494,0.1388
1419,88,1507,0.1388
1414,90,1504,0.1388
1406,89,1495,0.1388
1404,86,1490,0.1388
1395,88,1483,0.1388
1408,91,1499,0.1388
1407,88,1495,0.1388
1394,88,1482,0.1388
1406,88,1494,0.1388
1403,90,1493,0.1388
1408,86,1494,0.1388
1402,85,1487,0.1388
1413,88,1501,0.1388
1403,88,1491,0.1388
1408,88,1496,0.1388
1400,88,1488,0.1388
1400,85,1485,0.1388
1403,87,1490,0.1388
1399,84,1483,0.1388
1403,81,1484,0.1388
1411,82,1493,0.1388
1408,80,1488,0.1388
1411,83,1494,0.1388
1420,85,1505,0.1388
1429,80,1509,0.1388
1404,79,1483,0.1388
1406,80,1486,0.1388
1404,77,1481,0.1388
1397,78,1475,0.1388
1409,78,1487,0.1388
1417,80,1497,0.1388
1414,80,1494,0.1388
1420,77,1497,0.1388
1409,78,1487,0.1388
1421,81,1502,0.1388
1419,85,1504,0.1388
1427,85,1512,0.1388
1416,85,1501,0.1388
1424,85,1509,0.1388
1428,82,1510,0.1388
1419,83,1502,0.1388
1412,86,1498,0.1388
1416,88,1504,0.1388
1420,85,1505,0.1388
1421,84,1505,0.1388
1403,82,1485,0.1388
1404,84,1488,0.1388
1413,85,1498,0.1388
1404,90,1494,0.1388
1413,90,1503,0.1388
1425,93,1518,0.1388
1419,94,1513,0.1388
1394,94,1488,0.1388
1390,97,1487,0.1388
1387,95,1482,0.1388
1392,94,1486,0.1388
1386,97,1483,0.1388
1398,104,1502,0.1388
1403,107,1510,0.1388
1402,107,1509,0.1388
1402,108,1510,0.1388
1400,108,1508,0.1388
1390,114,1504,0.1388
1388,116,1504,0.1388
1378,117,1495,0.1388
1373,112,1485,0.1388
1368,113,1481,0.1388
1361,115,1476,0.1388
1363,116,1479,0.1388
1364,119,1483,0.1388
1364,121,1485,0.1388
1363,119,1482,0.1388
1373,125,1498,0.1388
1374,124,1498,0.1388
1352,125,1477,0.1388
1345,124,1469,0.1388
1357,121,1478,0.1388
1358,120,1478,0.1388
1364,125,1489,0.1388
1364,129,1493,0.1388
1366,129,1495,0.1388
1363,129,1492,0.1388
1372,129,1501,0.1388
1379,129,1508,0.1388
1370,130,1500,0.1388
1381,130,1511,0.1388
1375,134,1509,0.1388
1364,136,1500,0.1388
1369,136,1505,0.1388
1375,133,1508,0.1388
1375,135,1510,0.1388
1372,138,1510,0.1388
1364,138,1502,0.1388
1363,136,1499,0.1388
1359,143,1502,0.1388
1351,142,1493,0.1388
1349,144,1493,0.1388
1364,146,1510,0.1388
1362,145,1507,0.1388
1359,142,1501,0.1388
1358,141,1499,0.1388
1352,144,1496,0.1388
1350,147,1497,0.1388
1352,147,1499,0.1388
1353,148,1501,0.1388
1348,151,1499,0.1388
1349,149,1498,0.1388
1353,149,1502,0.1388
1362,152,1514,0.1388
1352,150,1502,0.1388
1339,148,1487,0.1388
1327,150,1477,0.1388
1335,152,1487,0.1388
1347,156,1503,0.1388
1337,159,1496,0.1388
1338,158,1496,0.1388
1344,158,1502,0.1388
1331,160,1491,0.1388
1328,161,1489,0.1388
1316,164,1480,0.1388
1318,165,1483,0.1388
1329,164,1493,0.1388
1329,164,1493,0.1388
1331,166,1497,0.1388
1339,161,1500,0.1388
1346,162,1508,0.1388
1340,158,1498,0.1388
1340,156,1496,0.1388
1332,154,1486,0.1388
1330,156,1486,0.1388
1334,155,1489,0.1388
1344,161,1505,0.1388
1348,159,1507,0.1388
1341,159,1500,0.1388
1332,161,1493,0.1388
1321,164,1485,0.1388
1317,169,1486,0.1388
1319,170,1489,0.1388
1317,169,1486,0.1388
1323,173,1496,0.1388
1329,172,1501,0.1388
1329,174,1503,0.1388
1328,175,1503,0.1388
1318,172,1490,0.1388
1317,173,1490,0.1388
1319,176,1495,0.1388
1327,175,1502,0.1388
1318,178,1496,0.1388
1330,175,1505,0.1388
1313,177,1490,0.1388
1318,174,1492,0.1388
1322,170,1492,0.1388
1318,172,1490,0.1388
1328,176,1504,0.1388
1341,177,1518,0.1388
1340,181,1521,0.1388
1329,180,1509,0.1388
1330,179,1509,0.1388
1336,178,1514,0.1388
1333,183,1516,0.1388
1323,179,1502,0.1388
1315,182,1497,0.1388
1334,182,1516,0.1388
1320,180,1500,0.1388
1326,187,1513,0.1388
1327,186,1513,0.1388
1322,182,1504,0.1388
1311,186,1497,0.1388
1325,182,1507,0.1388
1319,182,1501,0.1388
1323,186,1509,0.1388
1320,184,1504,0.1388
1325,186,1511,0.1388
1320,189,1509,0.1388
1317,189,1506,0.1388
1311,194,1505,0.1388
1300,193,1493,0.1388
1280,196,1476,0.1388
1279,198,1477,0.1388
1276,202,1478,0.1388
1279,204,1483,0.1388
1287,203,1490,0.1388
1278,204,1482,0.1388
1297,206,1503,0.1388
1295,208,1503,0.1388
1306,211,1517,0.1388
1310,208,1518,0.1388
1306,212,1518,0.1388
1305,212,1517,0.1388
1312,213,1525,0.1388
1316,213,1529,0.1388
1297,214,1511,0.1388
1296,208,1504,0.1388
1295,207,1502,0.1388
1293,207,1500,0.1388
1290,211,1501,0.1388
1291,212,1503,0.1388
1286,215,1501,0.1388
1290,212,1502,0.1388
1279,216,1495,0.1388
1269,218,1487,0.1388
1280,219,1499,0.1388
1281,220,1501,0.1388
1284,215,1499,0.1388
1276,216,1492,0.1388
1280,213,1493,0.1388
1275,215,1490,0.1388
1280,215,1495,0.1388
1275,216,1491,0.1388
1280,217,1497,0.1388
1274,213,1487,0.1388
1284,213,1497,0.1388
1297,215,1512,0.1388
1288,212,1500,0.1388
1275,210,1485,0.1388
1278,213,1491,0.1388
1287,216,1503,0.1388
1290,223,1513,0.1388
1276,220,1496,0.1388
1269,218,1487,0.1388
1262,224,1486,0.1388
1261,230,1491,0.1388
1264,228,1492,0.1388
1269,235,1504,0.1388
1274,235,1509,0.1388
1276,235,1511,0.1388
1277,240,1517,0.1388
1269,247,1516,0.1388
1275,241,1516,0.1388
1277,241,1518,0.1388
1266,237,1503,0.1388
1261,242,1503,0.1388
1269,243,1512,0.1388
1264,245,1509,0.1388
1263,245,1508,0.1388
1267,242,1509,0.1388
1266,241,1507,0.1388
1256,243,1499,0.1388
1268,247,1515,0.1388
1269,250,1519,0.1388
1255,250,1505,0.1388
1254,247,1501,0.1388
1251,243,1494,0.1388
1253,245,1498,0.1388
1245,249,1494,0.1388
1238,246,1484,0.1388
1247,252,1499,0.1388
1242,259,1501,0.1388
1243,262,1505,0.1388
1245,262,1507,0.1388
1243,260,1503,0.1388
1242,265,1507,0.1388
1242,263,1505,0.1388
1249,262,1511,0.1388
1247,262,1509,0.1388
1235,263,1498,0.1388
1231,261,1492,0.1388
1244,262,1506,0.1388
1252,260,1512,0.1388
1242,255,1497,0.1388
1243,252,1495,0.1388
1254,258,1512,0.1388
1247,261,1508,0.1388
1233,260,1493,0.1388
1228,262,1490,0.1388
1232,266,1498,0.1388
1228,270,1498,0.1388
1227,267,1494,0.1388
1227,265,1492,0.1388
1229,263,1492,0.1388
1219,263,1482,0.1388
1226,265,1491,0.1388
1223,264,1487,0.1388
1207,272,1479,0.1388
1216,277,1493,0.1388
1220,281,1501,0.1388
1210,279,1489,0.1388
1216,273,1489,0.1388
1208,269,1477,0.1388
1219,265,1484,0.1388
1219,266,1485,0.1388
1232,263,1495,0.1388
1221,261,1482,0.1388
1227,265,1492,0.1388
1238,266,1504,0.1388
1236,269,1505,0.1388
1226,271,1497,0.1388
1220,272,1492,0.1388
1232,271,1503,0.1388
1226,273,1499,0.1388
1226,272,1498,0.1388
1215,272,1487,0.1388
1229,267,1496,0.1388
1215,270,1485,0.1388
1216,274,1490,0.1388
1226,270,1496,0.1388
1209,269,1478,0.1388
1219,270,1489,0.1388
1228,265,1493,0.1388
1231,271,1502,0.1388
1225,272,1497,0.1388
1230,274,1504,0.1388
1222,274,1496,0.1388
1230,271,1501,0.1388
1217,270,1487,0.1388
1221,268,1489,0.1388
1227,268,1495,0.1388
1223,266,1489,0.1388
1224,263,1487,0.1388
1220,270,1490,0.1388
1230,261,1491,0.1388
1228,264,1492,0.1388
1215,268,1483,0.1388
1216,264,1480,0.1388
1227,265,1492,0.1388
1224,266,1490,0.1388
1223,265,1488,0.1388
1223,265,1488,0.1388
1218,263,1481,0.1388
1226,267,1493,0.1388
1207,270,1477,0.1388
1214,273,1487,0.1388
1216,277,1493,0.1388
1214,277,1491,0.1388
1215,278,1493,0.1388
1207,280,1487,0.1388
1197,274,1471,0.1388
1206,271,1477,0.1388
1206,275,1481,0.1388
1208,270,1478,0.1388
1204,276,1480,0.1388
1204,279,1483,0.1388
1219,281,1500,0.1388
1214,279,1493,0.1388
1210,283,1493,0.1388
1204,288,1492,0.1388
1208,287,1495,0.1388
1199,279,1478,0.1388
1197,287,1484,0.1388
1201,290,1491,0.1388
1198,296,1494,0.1388
1202,301,1503,0.1388
1197,304,1501,0.1388
1192,303,1495,0.1388
1188,305,1493,0.1388
1200,306,1506,0.1388
1194,306,1500,0.1388
1191,312,1503,0.1388
1192,305,1497,0.1388
1200,304,1504,0.1388
1201,306,1507,0.1388
1194,311,1505,0.1388
1187,308,1495,0.1388
1188,309,1497,0.1388
1174,312,1486,0.1388
1167,311,1478,0.1388
1156,315,1471,0.1388
1160,312,1472,0.1388
1174,311,1485,0.1388
1186,308,1494,0.1388
1190,311,1501,0.1388
1184,316,1500,0.1388
1183,314,1497,0.1388
1181,308,1489,0.1388
1185,313,1498,0.1388
1187,314,1501,0.1388
1194,321,1515,0.1388
1186,321,1507,0.1388
1178,325,1503,0.1388
1172,323,1495,0.1388
1169,325,1494,0.1388
1171,330,1501,0.1388
1177,339,1516,0.1388
1182,337,1519,0.1388
1171,336,1507,0.1388
1169,336,1505,0.1388
1163,333,1496,0.1388
1156,336,1492,0.1388
1168,338,1506,0.1388
1163,330,1493,0.1388
1160,331,1491,0.1388
1167,332,1499,0.1388
1159,329,1488,0.1388
1158,332,1490,0.1388
1158,329,1487,0.1388
1162,329,1491,0.1388
1163,333,1496,0.1388
1154,332,1486,0.1388
1152,336,1488,0.1388
1164,335,1499,0.1388
1154,343,1497,0.1388
1168,342,1510,0.1388
1160,338,1498,0.1388
1159,336,1495,0.1388
1158,333,1491,0.1388
1155,336,1491,0.1388
1149,334,1483,0.1388
1154,337,1491,0.1388
1155,335,1490,0.1388
1145,342,1487,0.1388
1150,340,1490,0.1388
1142,344,1486,0.1388
1155,341,1496,0.1388
1151,342,1493,0.1388
1151,341,1492,0.1388
1160,345,1505,0.1388
1159,339,1498,0.1388
1168,345,1513,0.1388
1169,352,1521,0.1388
1156,350,1506,0.1388
1158,351,1509,0.1388
1152,352,1504,0.1388
1146,356,1502,0.1388
1154,359,1513,0.1388
1153,352,1505,0.1388
1149,350,1499,0.1388
1145,349,1494,0.1388
1149,355,1504,0.1388
1146,360,1506,0.1388
1151,361,1512,0.1388
1150,363,1513,0.1388
1153,364,1517,0.1388
1142,366,1508,0.1388
1146,374,1520,0.1388
1146,373,1519,0.1388
1133,372,1505,0.1388
1139,371,1510,0.1388
1143,380,1523,0.1388
1148,379,1527,0.1388
1138,371,1509,0.1388
1131,372,1503,0.1388
1133,369,1502,0.1388
1129,370,1499,0.1388
1133,364,1497,0.1388
1118,367,1485,0.1388
1118,368,1486,0.1388
1116,367,1483,0.1388
1113,373,1486,0.1388
1114,377,1491,0.1388
1109,375,1484,0.1388
1107,376,1483,0.1388
1107,381,1488,0.1388
1110,386,1496,0.1388
1103,389,1492,0.1388
1102,387,1489,0.1388
1110,394,1504,0.1388
1092,397,1489,0.1388
1098,392,1490,0.1388
1081,397,1478,0.1388
1075,397,1472,0.1388
1086,399,1485,0.1388
1087,400,1487,0.1388
1098,401,1499,0.1388
1100,398,1498,0.1388
1099,399,1498,0.1388
1089,400,1489,0.1388
1092,396,1488,0.1388
1101,396,1497,0.1388
1102,390,1492,0.1388
1104,395,1499,0.1388
1098,400,1498,0.1388
1098,391,1489,0.1388
1098,390,1488,0.1388
1100,401,1501,0.1388
1105,409,1514,0.1388
1098,406,1504,0.1388
1092,406,1498,0.1388
1090,415,1505,0.1388
1087,418,1505,0.1388
1072,426,1498,0.1388
1066,426,1492,0.1388
1074,427,1501,0.1388
1084,429,1513,0.1388
1062,429,1491,0.1388
1071,426,1497,0.1388
1086,435,1521,0.1388
1081,427,1508,0.1388
1080,434,1514,0.1388
1090,432,1522,0.1388
1083,444,1527,0.1388
1077,451,1528,0.1388
1070,448,1518,0.1388
1075,443,1518,0.1388
1072,438,1510,0.1388
1066,440,1506,0.1388
1066,440,1506,0.1388
1044,444,1488,0.1388
1047,449,1496,0.1388
1049,452,1501,0.1388
1044,451,1495,0.1388
1039,458,1497,0.1388
1034,457,1491,0.1388
1041,452,1493,0.1388
1047,446,1493,0.1388
1047,452,1499,0.1388
1033,454,1487,0.1388
1035,456,1491,0.1388
1048,448,1496,0.1388
1057,452,1509,0.1388
1050,450,1500,0.1388
1050,449,1499,0.1388
1052,449,1501,0.1388
1062,462,1524,0.1388
1057,468,1525,0.1388
1049,464,1513,0.1388
1049,464,1513,0.1388
1051,465,1516,0.1388
1051,469,1520,0.1388
1050,464,1514,0.1388
1057,463,1520,0.1388
1041,459,1500,0.1388
1042,464,1506,0.1388
1050,450,1500,0.1388
1042,443,1485,0.1388
1035,452,1487,0.1388
1038,452,1490,0.1388
1039,454,1493,0.1388
1032,459,1491,0.1388
1034,457,1491,0.1388
1032,459,1491,0.1388
1044,462,1506,0.1388
1039,463,1502,0.1388
1034,460,1494,0.1388
1018,460,1478,0.1388
1018,465,1483,0.1388
1012,469,1481,0.1388
1010,475,1485,0.1388
1018,472,1490,0.1388
1026,464,1490,0.1388
1025,461,1486,0.1388
1034,465,1499,0.1388
1035,467,1502,0.1388
1037,468,1505,0.1388
1030,464,1494,0.1388
1029,468,1497,0.1388
1029,468,1497,0.1388
1016,471,1487,0.1388
1025,468,1493,0.1388
1014,474,1488,0.1388
1025,480,1505,0.1388
1028,474,1502,0.1388
1035,475,1510,0.1388
1030,468,1498,0.1388
1018,474,1492,0.1388
1020,479,1499,0.1388
1019,474,1493,0.1388
1020,480,1500,0.1388
1019,477,1496,0.1388
1015,480,1495,0.1388
1012,479,1491,0.1388
1005,490,1495,0.1388
1000,492,1492,0.1388
1014,496,1510,0.1388
1018,493,1511,0.1388
1018,488,1506,0.1388
1025,488,1513,0.1388
1016,492,1508,0.1388
1021,479,1500,0.1388
1024,481,1505,0.1388
1021,479,1500,0.1388
1024,484,1508,0.1388
1032,485,1517,0.1388
1032,486,1518,0.1388
1031,482,1513,0.1388
1030,486,1516,0.1388
1031,483,1514,0.1388
1020,485,1505,0.1388
1021,479,1500,0.1388
1024,480,1504,0.1388
1009,481,1490,0.1388
1008,484,1492,0.1388
1013,490,1503,0.1388
1013,492,1505,0.1388
1001,496,1497,0.1388
1002,503,1505,0.1388
999,506,1505,0.1388
994,505,1499,0.1388
995,519,1514,0.1388
987,508,1495,0.1388
975,514,1489,0.1388
972,511,1483,0.1388
990,506,1496,0.1388
992,509,1501,0.1388
986,516,1502,0.1388
982,512,1494,0.1388
982,509,1491,0.1388
986,512,1498,0.1388
987,512,1499,0.1388
992,510,1502,0.1388
991,510,1501,0.1388
991,509,1500,0.1388
1008,515,1523,0.1388
998,520,1518,0.1388
994,516,1510,0.1388
990,516,1506,0.1388
979,509,1488,0.1388
981,510,1491,0.1388
975,510,1485,0.1388
975,510,1485,0.1388
976,510,1486,0.1388
973,520,1493,0.1388
978,524,1502,0.1388
991,520,1511,0.1388
985,523,1508,0.1388
983,518,1501,0.1388
968,525,1493,0.1388
968,530,1498,0.1388
973,521,1494,0.1388
984,520,1504,0.1388
978,527,1505,0.1388
966,529,1495,0.1388
960,528,1488,0.1388
957,533,1490,0.1388
958,545,1503,0.1388
968,546,1514,0.1388
971,545,1516,0.1388
964,541,1505,0.1388
963,542,1505,0.1388
956,545,1501,0.1388
961,547,1508,0.1388
945,551,1496,0.1388
946,544,1490,0.1388
945,552,1497,0.1388
946,554,1500,0.1388
959,554,1513,0.1388
952,555,1507,0.1388
957,550,1507,0.1388
951,546,1497,0.1388
950,553,1503,0.1388
947,555,1502,0.1388
947,555,1502,0.1388
941,548,1489,0.1388
933,552,1485,0.1388
941,549,1490,0.1388
950,549,1499,0.1388
951,547,1498,0.1388
951,558,1509,0.1388
941,560,1501,0.1388
942,566,1508,0.1388
933,571,1504,0.1388
935,565,1500,0.1388
940,560,1500,0.1388
936,572,1508,0.1388
927,576,1503,0.1388
918,578,1496,0.1388
927,575,1502,0.1388
936,584,1520,0.1388
936,585,1521,0.1388
930,582,1512,0.1388
932,573,1505,0.1388
940,565,1505,0.1388
932,570,1502,0.1388
919,575,1494,0.1388
918,577,1495,0.1388
917,575,1492,0.1388
919,573,1492,0.1388
923,584,1507,0.1388
922,580,1502,0.1388
919,583,1502,0.1388
913,593,1506,0.1388
913,590,1503,0.1388
912,592,1504,0.1388
911,592,1503,0.1388
916,598,1514,0.1388
907,595,1502,0.1388
911,597,1508,0.1388
909,600,1509,0.1388
914,607,1521,0.1388
904,601,1505,0.1388
903,606,1509,0.1388
894,596,1490,0.1388
900,590,1490,0.1388
893,594,1487,0.1388
887,599,1486,0.1388
883,598,1481,0.1388
890,590,1480,0.1388
893,594,1487,0.1388
882,605,1487,0.1388
895,607,1502,0.1388
899,605,1504,0.1388
898,604,1502,0.1388
899,602,1501,0.1388
891,605,1496,0.1388
895,602,1497,0.1388
889,601,1490,0.1388
902,608,1510,0.1388
899,605,1504,0.1388
891,609,1500,0.1388
883,614,1497,0.1388
884,616,1500,0.1388
890,606,1496,0.1388
883,607,1490,0.1388
879,613,1492,0.1388
886,618,1504,0.1388
888,614,1502,0.1388
894,618,1512,0.1388
897,614,1511,0.1388
893,611,1504,0.1388
891,608,1499,0.1388
887,606,1493,0.1388
888,619,1507,0.1388
876,624,1500,0.1388
884,620,1504,0.1388
888,618,1506,0.1388
877,616,1493,0.1388
887,621,1508,0.1388
893,615,1508,0.1388
893,620,1513,0.1388
881,629,1510,0.1388
870,631,1501,0.1388
869,639,1508,0.1388
865,635,1500,0.1388
869,645,1514,0.1388
868,646,1514,0.1388
851,652,1503,0.1388
850,654,1504,0.1388
842,658,1500,0.1388
847,659,1506,0.1388
840,666,1506,0.1388
846,670,1516,0.1388
835,673,1508,0.1388
825,662,1487,0.1388
830,665,1495,0.1388
825,674,1499,0.1388
820,675,1495,0.1388
831,678,1509,0.1388
824,680,1504,0.1388
813,679,1492,0.1388
814,679,1493,0.1388
811,682,1493,0.1388
809,690,1499,0.1388
818,690,1508,0.1388
823,684,1507,0.1388
815,694,1509,0.1388
812,694,1506,0.1388
814,692,1506,0.1388
813,692,1505,0.1388
815,690,1505,0.1388
814,696,1510,0.1388
803,696,1499,0.1388
804,694,1498,0.1388
805,700,1505,0.1388
807,702,1509,0.1388
802,696,1498,0.1388
810,691,1501,0.1388
807,691,1498,0.1388
802,694,1496,0.1388
795,693,1488,0.1388
797,689,1486,0.1388
803,688,1491,0.1388
798,686,1484,0.1388
801,691,1492,0.1388
794,700,1494,0.1388
802,703,1505,0.1388
790,704,1494,0.1388
783,695,1478,0.1388
776,691,1467,0.1388
793,702,1495,0.1388
788,700,1488,0.1388
789,706,1495,0.1388
793,713,1506,0.1388
787,708,1495,0.1388
785,708,1493,0.1388
791,722,1513,0.1388
798,718,1516,0.1388
799,709,1508,0.1388
800,700,1500,0.1388
817,711,1528,0.1388
816,705,1521,0.1388
812,708,1520,0.1388
802,709,1511,0.1388
801,713,1514,0.1388
803,709,1512,0.1388
798,710,1508,0.1388
798,704,1502,0.1388
797,702,1499,0.1388
789,699,1488,0.1388
781,703,1484,0.1388
784,705,1489,0.1388
792,709,1501,0.1388
783,711,1494,0.1388
782,718,1500,0.1388
778,729,1507,0.1388
785,724,1509,0.1388
793,732,1525,0.1388
792,731,1523,0.1388
783,728,1511,0.1388
779,728,1507,0.1388
767,735,1502,0.1388
771,733,1504,0.1388
768,735,1503,0.1388
774,736,1510,0.1388
764,738,1502,0.1388
767,740,1507,0.1388
764,743,1507,0.1388
758,742,1500,0.1388
755,742,1497,0.1388
750,743,1493,0.1388
750,750,1500,0.1388
750,754,1504,0.1388
744,752,1496,0.1388
751,749,1500,0.1388
745,750,1495,0.1388
742,755,1497,0.1388
750,761,1511,0.1388
742,765,1507,0.1388
745,767,1512,0.1388
743,771,1514,0.1388
748,768,1516,0.1388
741,771,1512,0.1388
745,768,1513,0.1388
740,765,1505,0.1388
743,771,1514,0.1388
737,765,1502,0.1388
737,768,1505,0.1388
743,768,1511,0.1388
741,773,1514,0.1388
743,767,1510,0.1388
741,775,1516,0.1388
745,769,1514,0.1388
749,784,1533,0.1388
749,774,1523,0.1388
753,773,1526,0.1388
745,777,1522,0.1388
748,778,1526,0.1388
739,777,1516,0.1388
729,776,1505,0.1388
725,776,1501,0.1388
723,773,1496,0.1388
720,765,1485,0.1388
724,777,1501,0.1388
711,781,1492,0.1388
710,790,1500,0.1388
704,789,1493,0.1388
703,789,1492,0.1388
710,785,1495,0.1388
718,792,1510,0.1388
714,786,1500,0.1388
717,791,1508,0.1388
712,788,1500,0.1388
712,790,1502,0.1388
712,795,1507,0.1388
711,785,1496,0.1388
709,781,1490,0.1388
701,787,1488,0.1388
709,782,1491,0.1388
708,786,1494,0.1388
703,796,1499,0.1388
705,805,1510,0.1388
705,804,1509,0.1388
703,808,1511,0.1388
696,803,1499,0.1388
700,802,1502,0.1388
701,809,1510,0.1388
699,808,1507,0.1388
698,818,1516,0.1388
697,816,1513,0.1388
693,808,1501,0.1388
676,807,1483,0.1388
673,811,1484,0.1388
677,818,1495,0.1388
682,826,1508,0.1388
685,834,1519,0.1388
687,835,1522,0.1388
682,827,1509,0.1388
673,824,1497,0.1388
683,828,1511,0.1388
668,823,1491,0.1388
675,830,1505,0.1388
679,826,1505,0.1388
683,832,1515,0.1388
674,830,1504,0.1388
675,829,1504,0.1388
679,825,1504,0.1388
674,817,1491,0.1388
677,822,1499,0.1388
669,821,1490,0.1388
673,832,1505,0.1388
675,830,1505,0.1388
673,844,1517,0.1388
675,843,1518,0.1388
675,846,1521,0.1388
674,827,1501,0.1388
677,830,1507,0.1388
686,831,1517,0.1388
672,836,1508,0.1388
682,831,1513,0.1388
678,842,1520,0.1388
681,835,1516,0.1388
679,837,1516,0.1388
673,826,1499,0.1388
668,833,1501,0.1388
665,838,1503,0.1388
657,847,1504,0.1388
654,857,1511,0.1388
656,852,1508,0.1388
659,853,1512,0.1388
660,854,1514,0.1388
655,847,1502,0.1388
650,850,1500,0.1388
650,860,1510,0.1388
644,857,1501,0.1388
643,861,1504,0.1388
637,864,1501,0.1388
643,848,1491,0.1388
639,847,1486,0.1388
640,854,1494,0.1388
639,862,1501,0.1388
643,869,1512,0.1388
635,860,1495,0.1388
646,857,1503,0.1388
644,851,1495,0.1388
647,854,1501,0.1388
652,865,1517,0.1388
661,867,1528,0.1388
660,866,1526,0.1388
669,855,1524,0.1388
665,849,1514,0.1388
668,850,1518,0.1388
667,839,1506,0.1388
665,827,1492,0.1388
664,841,1505,0.1388
656,852,1508,0.1388
651,856,1507,0.1388
647,859,1506,0.1388
651,859,1510,0.1388
652,851,1503,0.1388
646,857,1503,0.1388
658,862,1520,0.1388
651,864,1515,0.1388
647,857,1504,0.1388
657,856,1513,0.1388
656,861,1517,0.1388
654,853,1507,0.1388
655,855,1510,0.1388
654,855,1509,0.1388
647,863,1510,0.1388
650,857,1507,0.1388
654,860,1514,0.1388
656,852,1508,0.1388
657,854,1511,0.1388
650,845,1495,0.1388
649,847,1496,0.1388
656,854,1510,0.1388
645,865,1510,0.1388
645,858,1503,0.1388
650,860,1510,0.1388
646,860,1506,0.1388
654,860,1514,0.1388
644,856,1500,0.1388
629,855,1484,0.1388
636,864,1500,0.1388
635,866,1501,0.1388
638,867,1505,0.1388
643,866,1509,0.1388
639,868,1507,0.1388
646,873,1519,0.1388
641,876,1517,0.1388
636,871,1507,0.1388
622,869,1491,0.1388
616,872,1488,0.1388
622,872,1494,0.1388
619,866,1485,0.1388
610,878,1488,0.1388
616,880,1496,0.1388
611,880,1491,0.1388
613,899,1512,0.1388
612,901,1513,0.1388
627,896,1523,0.1388
622,897,1519,0.1388
624,894,1518,0.1388
609,890,1499,0.1388
603,901,1504,0.1388
608,904,1512,0.1388
614,901,1515,0.1388
622,902,1524,0.1388
613,900,1513,0.1388
607,904,1511,0.1388
617,908,1525,0.1388
612,909,1521,0.1388
608,906,1514,0.1388
612,898,1510,0.1388
614,900,1514,0.1388
614,903,1517,0.1388
611,893,1504,0.1388
601,892,1493,0.1388
606,883,1489,0.1388
609,887,1496,0.1388
613,886,1499,0.1388
612,901,1513,0.1388
614,897,1511,0.1388
606,890,1496,0.1388
614,893,1507,0.1388
609,900,1509,0.1388
614,906,1520,0.1388
614,913,1527,0.1388
603,917,1520,0.1388
590,923,1513,0.1388
594,923,1517,0.1388
586,913,1499,0.1388
587,912,1499,0.1388
579,920,1499,0.1388
572,914,1486,0.1388
587,919,1506,0.1388
586,925,1511,0.1388
585,935,1520,0.1388
589,930,1519,0.1388
589,931,1520,0.1388
588,927,1515,0.1388
588,932,1520,0.1388
592,932,1524,0.1388
595,931,1526,0.1388
583,938,1521,0.1388
584,939,1523,0.1388
583,937,1520,0.1388
586,930,1516,0.1388
577,928,1505,0.1388
588,925,1513,0.1388
586,926,1512,0.1388
591,924,1515,0.1388
587,919,1506,0.1388
586,926,1512,0.1388
577,932,1509,0.1388
579,930,1509,0.1388
584,931,1515,0.1388
584,936,1520,0.1388
579,926,1505,0.1388
584,924,1508,0.1388
584,922,1506,0.1388
585,918,1503,0.1388
585,922,1507,0.1388
584,911,1495,0.1388
588,917,1505,0.1388
583,920,1503,0.1388
574,925,1499,0.1388
571,916,1487,0.1388
572,929,1501,0.1388
577,940,1517,0.1388
576,940,1516,0.1388
580,941,1521,0.1388
581,934,1515,0.1388
573,937,1510,0.1388
575,932,1507,0.1388
577,936,1513,0.1388
583,943,1526,0.1388
582,939,1521,0.1388
579,933,1512,0.1388
571,937,1508,0.1388
554,928,1482,0.1388
562,926,1488,0.1388
569,927,1496,0.1388
575,929,1504,0.1388
573,935,1508,0.1388
563,937,1500,0.1388
559,946,1505,0.1388
555,935,1490,0.1388
555,943,1498,0.1388
552,937,1489,0.1388
563,944,1507,0.1388
572,938,1510,0.1388
566,947,1513,0.1388
565,932,1497,0.1388
557,941,1498,0.1388
551,938,1489,0.1388
555,941,1496,0.1388
555,948,1503,0.1388
564,945,1509,0.1388
557,956,1513,0.1388
564,947,1511,0.1388
563,944,1507,0.1388
559,940,1499,0.1388
557,939,1496,0.1388
555,941,1496,0.1388
552,945,1497,0.1388
556,958,1514,0.1388
551,958,1509,0.1388
548,958,1506,0.1388
549,952,1501,0.1388
554,954,1508,0.1388
562,955,1517,0.1388
567,950,1517,0.1388
562,941,1503,0.1388
567,944,1511,0.1388
575,948,1523,0.1388
569,945,1514,0.1388
572,948,1520,0.1388
569,937,1506,0.1388
578,938,1516,0.1388
581,937,1518,0.1388
568,936,1504,0.1388
565,935,1500,0.1388
566,945,1511,0.1388
565,958,1523,0.1388
560,960,1520,0.1388
559,954,1513,0.1388
559,954,1513,0.1388
558,953,1511,0.1388
559,951,1510,0.1388
554,956,1510,0.1388
556,952,1508,0.1388
553,947,1500,0.1388
557,947,1504,0.1388
558,951,1509,0.1388
559,947,1506,0.1388
560,948,1508,0.1388
565,961,1526,0.1388
560,963,1523,0.1388
555,955,1510,0.1388
550,949,1499,0.1388
550,949,1499,0.1388
550,963,1513,0.1388
557,958,1515,0.1388
554,957,1511,0.1388
558,957,1515,0.1388
562,938,1500,0.1388
561,944,1505,0.1388
566,946,1512,0.1388
564,942,1506,0.1388
563,940,1503,0.1388
554,934,1488,0.1388
549,928,1477,0.1388
566,943,1509,0.1388
561,949,1510,0.1388
563,937,1500,0.1388
561,950,1511,0.1388
564,947,1511,0.1388
562,960,1522,0.1388
561,952,1513,0.1388
574,953,1527,0.1388
563,946,1509,0.1388
571,945,1516,0.1388
565,938,1503,0.1388
564,942,1506,0.1388
564,945,1509,0.1388
563,943,1506,0.1388
563,954,1517,0.1388
564,956,1520,0.1388
569,957,1526,0.1388
568,954,1522,0.1388
566,943,1509,0.1388
557,946,1503,0.1388
556,954,1510,0.1388
549,950,1499,0.1388
549,958,1507,0.1388
550,953,1503,0.1388
556,954,1510,0.1388
552,962,1514,0.1388
554,960,1514,0.1388
540,958,1498,0.1388
539,952,1491,0.1388
537,960,1497,0.1388
538,957,1495,0.1388
534,965,1499,0.1388
536,975,1511,0.1388
534,971,1505,0.1388
533,967,1500,0.1388
534,964,1498,0.1388
539,959,1498,0.1388
538,971,1509,0.1388
530,976,1506,0.1388
533,974,1507,0.1388
541,971,1512,0.1388
543,964,1507,0.1388
543,969,1512,0.1388
543,982,1525,0.1388
537,982,1519,0.1388
531,979,1510,0.1388
527,979,1506,0.1388
526,983,1509,0.1388
534,985,1519,0.1388
532,990,1522,0.1388
536,983,1519,0.1388
543,981,1524,0.1388
542,979,1521,0.1388
542,967,1509,0.1388
545,965,1510,0.1388
541,970,1511,0.1388
534,978,1512,0.1388
533,973,1506,0.1388
537,973,1510,0.1388
537,973,1510,0.1388
528,959,1487,0.1388
541,972,1513,0.1388
544,968,1512,0.1388
543,964,1507,0.1388
536,974,1510,0.1388
535,972,1507,0.1388
531,972,1503,0.1388
536,959,1495,0.1388
529,965,1494,0.1388
532,986,1518,0.1388
538,981,1519,0.1388
531,975,1506,0.1388
536,988,1524,0.1388
525,979,1504,0.1388
524,976,1500,0.1388
521,980,1501,0.1388
516,989,1505,0.1388
506,982,1488,0.1388
511,993,1504,0.1388
506,997,1503,0.1388
507,999,1506,0.1388
517,1000,1517,0.1388
509,1002,1511,0.1388
510,1010,1520,0.1388
512,1009,1521,0.1388
506,1010,1516,0.1388
504,1007,1511,0.1388
501,1005,1506,0.1388
499,1008,1507,0.1388
500,1003,1503,0.1388
500,987,1487,0.1388
500,1003,1503,0.1388
499,1000,1499,0.1388
503,1002,1505,0.1388
502,1008,1510,0.1388
502,1018,1520,0.1388
502,1018,1520,0.1388
489,1007,1496,0.1388
492,1005,1497,0.1388
484,1010,1494,0.1388
488,1016,1504,0.1388
493,1013,1506,0.1388
493,1022,1515,0.1388
499,1015,1514,0.1388
500,1009,1509,0.1388
500,1021,1521,0.1388
497,1018,1515,0.1388
494,1017,1511,0.1388
489,1018,1507,0.1388
503,1023,1526,0.1388
499,1006,1505,0.1388
499,1006,1505,0.1388
495,1010,1505,0.1388
490,1022,1512,0.1388
487,1013,1500,0.1388
488,1025,1513,0.1388
483,1028,1511,0.1388
486,1023,1509,0.1388
489,1030,1519,0.1388
483,1034,1517,0.1388
481,1031,1512,0.1388
482,1039,1521,0.1388
482,1038,1520,0.1388
474,1035,1509,0.1388
478,1032,1510,0.1388
475,1046,1521,0.1388
472,1039,1511,0.1388
474,1032,1506,0.1388
481,1035,1516,0.1388
480,1040,1520,0.1388
473,1040,1513,0.1388
471,1043,1514,0.1388
469,1040,1509,0.1388
463,1039,1502,0.1388
466,1052,1518,0.1388
466,1048,1514,0.1388
468,1050,1518,0.1388
469,1049,1518,0.1388
469,1046,1515,0.1388
471,1036,1507,0.1388
478,1021,1499,0.1388
477,1027,1504,0.1388
477,1028,1505,0.1388
472,1024,1496,0.1388
472,1032,1504,0.1388
469,1039,1508,0.1388
463,1045,1508,0.1388
452,1053,1505,0.1388
455,1050,1505,0.1388
458,1042,1500,0.1388
458,1045,1503,0.1388
456,1039,1495,0.1388
453,1043,1496,0.1388
450,1046,1496,0.1388
460,1047,1507,0.1388
453,1051,1504,0.1388
457,1056,1513,0.1388
458,1045,1503,0.1388
463,1041,1504,0.1388
466,1040,1506,0.1388
465,1041,1506,0.1388
468,1040,1508,0.1388
472,1036,1508,0.1388
471,1024,1495,0.1388
467,1033,1500,0.1388
460,1041,1501,0.1388
458,1045,1503,0.1388
464,1057,1521,0.1388
466,1055,1521,0.1388
469,1056,1525,0.1388
466,1051,1517,0.1388
466,1053,1519,0.1388
459,1052,1511,0.1388
460,1055,1515,0.1388
459,1047,1506,0.1388
453,1043,1496,0.1388
453,1053,1506,0.1388
449,1052,1501,0.1388
456,1054,1510,0.1388
446,1064,1510,0.1388
438,1064,1502,0.1388
442,1058,1500,0.1388
446,1054,1500,0.1388
455,1049,1504,0.1388
456,1054,1510,0.1388
460,1051,1511,0.1388
458,1050,1508,0.1388
455,1048,1503,0.1388
456,1049,1505,0.1388
460,1049,1509,0.1388
458,1048,1506,0.1388
458,1047,1505,0.1388
457,1039,1496,0.1388
464,1051,1515,0.1388
460,1045,1505,0.1388
457,1054,1511,0.1388
469,1042,1511,0.1388
467,1043,1510,0.1388
462,1039,1501,0.1388
450,1050,1500,0.1388
452,1055,1507,0.1388
453,1049,1502,0.1388
455,1046,1501,0.1388
456,1044,1500,0.1388
455,1049,1504,0.1388
453,1048,1501,0.1388
456,1056,1512,0.1388
453,1059,1512,0.1388
454,1057,1511,0.1388
446,1047,1493,0.1388
441,1051,1492,0.1388
441,1062,1503,0.1388
441,1068,1509,0.1388
444,1068,1512,0.1388
444,1064,1508,0.1388
435,1068,1503,0.1388
434,1075,1509,0.1388
438,1071,1509,0.1388
431,1085,1516,0.1388
431,1072,1503,0.1388
432,1072,1504,0.1388
434,1069,1503,0.1388
435,1062,1497,0.1388
433,1072,1505,0.1388
436,1082,1518,0.1388
425,1079,1504,0.1388
431,1078,1509,0.1388
432,1086,1518,0.1388
428,1088,1516,0.1388
428,1094,1522,0.1388
434,1088,1522,0.1388
430,1085,1515,0.1388
435,1084,1519,0.1388
438,1073,1511,0.1388
441,1079,1520,0.1388
434,1089,1523,0.1388
434,1094,1528,0.1388
439,1085,1524,0.1388
432,1074,1506,0.1388
432,1089,1521,0.1388
429,1100,1529,0.1388
427,1102,1529,0.1388
424,1093,1517,0.1388
423,1087,1510,0.1388
424,1092,1516,0.1388
415,1093,1508,0.1388
405,1100,1505,0.1388
413,1105,1518,0.1388
410,1096,1506,0.1388
405,1097,1502,0.1388
407,1088,1495,0.1388
406,1105,1511,0.1388
407,1114,1521,0.1388
410,1112,1522,0.1388
411,1108,1519,0.1388
415,1109,1524,0.1388
408,1111,1519,0.1388
403,1117,1520,0.1388
401,1104,1505,0.1388
400,1117,1517,0.1388
403,1118,1521,0.1388
401,1109,1510,0.1388
398,1112,1510,0.1388
397,1118,1515,0.1388
396,1123,1519,0.1388
397,1121,1518,0.1388
394,1113,1507,0.1388
394,1116,1510,0.1388
398,1111,1509,0.1388
398,1121,1519,0.1388
394,1121,1515,0.1388
384,1127,1511,0.1388
393,1128,1521,0.1388
397,1128,1525,0.1388
390,1124,1514,0.1388
390,1124,1514,0.1388
393,1129,1522,0.1388
387,1119,1506,0.1388
380,1125,1505,0.1388
384,1126,1510,0.1388
383,1129,1512,0.1388
388,1132,1520,0.1388
385,1114,1499,0.1388
382,1128,1510,0.1388
382,1124,1506,0.1388
384,1128,1512,0.1388
385,1125,1510,0.1388
390,1119,1509,0.1388
390,1122,1512,0.1388
386,1127,1513,0.1388
383,1133,1516,0.1388
385,1142,1527,0.1388
379,1133,1512,0.1388
379,1134,1513,0.1388
382,1137,1519,0.1388
377,1140,1517,0.1388
385,1132,1517,0.1388
385,1140,1525,0.1388
374,1137,1511,0.1388
370,1146,1516,0.1388
372,1146,1518,0.1388
372,1143,1515,0.1388
370,1142,1512,0.1388
372,1147,1519,0.1388
368,1143,1511,0.1388
371,1145,1516,0.1388
369,1152,1521,0.1388
370,1131,1501,0.1388
369,1134,1503,0.1388
371,1138,1509,0.1388
367,1140,1507,0.1388
376,1141,1517,0.1388
376,1149,1525,0.1388
375,1141,1516,0.1388
367,1146,1513,0.1388
364,1143,1507,0.1388
360,1142,1502,0.1388
358,1143,1501,0.1388
352,1153,1505,0.1388
349,1155,1504,0.1388
351,1156,1507,0.1388
353,1148,1501,0.1388
348,1150,1498,0.1388
347,1150,1497,0.1388
348,1161,1509,0.1388
345,1161,1506,0.1388
347,1160,1507,0.1388
348,1162,1510,0.1388
347,1163,1510,0.1388
355,1150,1505,0.1388
355,1150,1505,0.1388
360,1143,1503,0.1388
361,1152,1513,0.1388
353,1155,1508,0.1388
358,1155,1513,0.1388
359,1158,1517,0.1388
358,1164,1522,0.1388
356,1158,1514,0.1388
356,1160,1516,0.1388
352,1162,1514,0.1388
349,1168,1517,0.1388
347,1171,1518,0.1388
346,1175,1521,0.1388
341,1185,1526,0.1388
339,1181,1520,0.1388
351,1174,1525,0.1388
347,1165,1512,0.1388
344,1170,1514,0.1388
344,1167,1511,0.1388
349,1164,1513,0.1388
353,1168,1521,0.1388
358,1173,1531,0.1388
352,1171,1523,0.1388
349,1165,1514,0.1388
354,1167,1521,0.1388
352,1167,1519,0.1388
348,1162,1510,0.1388
350,1155,1505,0.1388
352,1153,1505,0.1388
353,1150,1503,0.1388
357,1152,1509,0.1388
357,1155,1512,0.1388
355,1161,1516,0.1388
354,1151,1505,0.1388
359,1150,1509,0.1388
364,1143,1507,0.1388
364,1151,1515,0.1388
361,1149,1510,0.1388
362,1149,1511,0.1388
365,1152,1517,0.1388
360,1152,1512,0.1388
355,1157,1512,0.1388
358,1165,1523,0.1388
359,1161,1520,0.1388
363,1148,1511,0.1388
360,1151,1511,0.1388
353,1145,1498,0.1388
350,1154,1504,0.1388
358,1146,1504,0.1388
363,1155,1518,0.1388
365,1142,1507,0.1388
361,1143,1504,0.1388
362,1150,1512,0.1388
359,1147,1506,0.1388
362,1146,1508,0.1388
358,1146,1504,0.1388
360,1165,1525,0.1388
360,1166,1526,0.1388
353,1154,1507,0.1388
349,1159,1508,0.1388
347,1167,1514,0.1388
345,1161,1506,0.1388
344,1172,1516,0.1388
338,1184,1522,0.1388
339,1181,1520,0.1388
345,1184,1529,0.1388
342,1174,1516,0.1388
345,1176,1521,0.1388
341,1178,1519,0.1388
341,1185,1526,0.1388
335,1183,1518,0.1388
339,1177,1516,0.1388
339,1171,1510,0.1388
334,1173,1507,0.1388
336,1180,1516,0.1388
331,1189,1520,0.1388
330,1188,1518,0.1388
335,1175,1510,0.1388
334,1180,1514,0.1388
329,1176,1505,0.1388
328,1163,1491,0.1388
324,1170,1494,0.1388
331,1171,1502,0.1388
327,1170,1497,0.1388
333,1166,1499,0.1388
335,1179,1514,0.1388
330,1190,1520,0.1388
328,1192,1520,0.1388
332,1199,1531,0.1388
329,1188,1517,0.1388
333,1192,1525,0.1388
334,1174,1508,0.1388
333,1171,1504,0.1388
333,1182,1515,0.1388
332,1176,1508,0.1388
322,1159,1481,0.1388
323,1168,1491,0.1388
330,1179,1509,0.1388
328,1177,1505,0.1388
330,1176,1506,0.1388
334,1180,1514,0.1388
337,1183,1520,0.1388
335,1187,1522,0.1388
337,1186,1523,0.1388
337,1187,1524,0.1388
335,1179,1514,0.1388
329,1177,1506,0.1388
329,1173,1502,0.1388
331,1175,1506,0.1388
331,1175,1506,0.1388
331,1177,1508,0.1388
325,1181,1506,0.1388
329,1173,1502,0.1388
328,1170,1498,0.1388
323,1170,1493,0.1388
319,1171,1490,0.1388
322,1176,1498,0.1388
316,1181,1497,0.1388
319,1176,1495,0.1388
320,1192,1512,0.1388
317,1194,1511,0.1388
321,1195,1516,0.1388
323,1195,1518,0.1388
320,1207,1527,0.1388
323,1202,1525,0.1388
324,1198,1522,0.1388
320,1197,1517,0.1388
318,1194,1512,0.1388
316,1192,1508,0.1388
323,1197,1520,0.1388
326,1191,1517,0.1388
326,1207,1533,0.1388
319,1206,1525,0.1388
314,1213,1527,0.1388
315,1216,1531,0.1388
317,1202,1519,0.1388
318,1186,1504,0.1388
322,1185,1507,0.1388
327,1173,1500,0.1388
320,1182,1502,0.1388
313,1194,1507,0.1388
309,1190,1499,0.1388
310,1187,1497,0.1388
310,1205,1515,0.1388
310,1197,1507,0.1388
309,1206,1515,0.1388
307,1215,1522,0.1388
305,1204,1509,0.1388
309,1199,1508,0.1388
315,1192,1507,0.1388
319,1200,1519,0.1388
316,1203,1519,0.1388
316,1202,1518,0.1388
313,1204,1517,0.1388
310,1196,1506,0.1388
309,1206,1515,0.1388
312,1197,1509,0.1388
305,1190,1495,0.1388
303,1193,1496,0.1388
304,1208,1512,0.1388
306,1205,1511,0.1388
307,1218,1525,0.1388
301,1222,1523,0.1388
295,1211,1506,0.1388
291,1208,1499,0.1388
293,1211,1504,0.1388
286,1210,1496,0.1388
285,1216,1501,0.1388
279,1235,1514,0.1388
276,1235,1511,0.1388
275,1230,1505,0.1388
279,1225,1504,0.1388
276,1234,1510,0.1388
276,1232,1508,0.1388
271,1227,1498,0.1388
272,1244,1516,0.1388
273,1234,1507,0.1388
275,1244,1519,0.1388
271,1243,1514,0.1388
273,1245,1518,0.1388
276,1258,1534,0.1388
271,1251,1522,0.1388
267,1247,1514,0.1388
266,1250,1516,0.1388
271,1251,1522,0.1388
269,1247,1516,0.1388
266,1231,1497,0.1388
261,1242,1503,0.1388
258,1242,1500,0.1388
257,1241,1498,0.1388
260,1246,1506,0.1388
257,1248,1505,0.1388
256,1254,1510,0.1388
251,1258,1509,0.1388
259,1259,1518,0.1388
265,1264,1529,0.1388
260,1259,1519,0.1388
255,1270,1525,0.1388
251,1263,1514,0.1388
256,1259,1515,0.1388
251,1261,1512,0.1388
247,1256,1503,0.1388
251,1276,1527,0.1388
254,1269,1523,0.1388
255,1265,1520,0.1388
258,1256,1514,0.1388
254,1269,1523,0.1388
252,1266,1518,0.1388
250,1263,1513,0.1388
255,1274,1529,0.1388
250,1262,1512,0.1388
258,1257,1515,0.1388
256,1268,1524,0.1388
254,1270,1524,0.1388
256,1264,1520,0.1388
251,1261,1512,0.1388
253,1266,1519,0.1388
252,1265,1517,0.1388
252,1265,1517,0.1388
251,1264,1515,0.1388
249,1253,1502,0.1388
251,1252,1503,0.1388
251,1267,1518,0.1388
252,1270,1522,0.1388
243,1264,1507,0.1388
236,1271,1507,0.1388
237,1271,1508,0.1388
237,1275,1512,0.1388
250,1262,1512,0.1388
250,1255,1505,0.1388
246,1267,1513,0.1388
244,1267,1511,0.1388
249,1252,1501,0.1388
248,1255,1503,0.1388
244,1253,1497,0.1388
244,1241,1485,0.1388
244,1236,1480,0.1388
245,1261,1506,0.1388
244,1264,1508,0.1388
244,1272,1516,0.1388
240,1262,1502,0.1388
233,1280,1513,0.1388
236,1284,1520,0.1388
233,1285,1518,0.1388
235,1271,1506,0.1388
234,1264,1498,0.1388
240,1271,1511,0.1388
238,1260,1498,0.1388
239,1265,1504,0.1388
238,1270,1508,0.1388
239,1267,1506,0.1388
236,1285,1521,0.1388
239,1275,1514,0.1388
239,1287,1526,0.1388
237,1287,1524,0.1388
235,1292,1527,0.1388
232,1279,1511,0.1388
231,1290,1521,0.1388
230,1287,1517,0.1388
228,1293,1521,0.1388
228,1292,1520,0.1388
222,1294,1516,0.1388
219,1291,1510,0.1388
226,1285,1511,0.1388
224,1303,1527,0.1388
222,1296,1518,0.1388
223,1292,1515,0.1388
224,1290,1514,0.1388
223,1289,1512,0.1388
216,1288,1504,0.1388
217,1288,1505,0.1388
215,1282,1497,0.1388
216,1289,1505,0.1388
217,1296,1513,0.1388
214,1294,1508,0.1388
215,1291,1506,0.1388
222,1285,1507,0.1388
220,1284,1504,0.1388
218,1289,1507,0.1388
220,1294,1514,0.1388
223,1291,1514,0.1388
214,1275,1489,0.1388
213,1295,1508,0.1388
213,1293,1506,0.1388
212,1275,1487,0.1388
209,1298,1507,0.1388
213,1307,1520,0.1388
212,1310,1522,0.1388
209,1310,1519,0.1388
210,1308,1518,0.1388
209,1304,1513,0.1388
208,1301,1509,0.1388
205,1310,1515,0.1388
205,1307,1512,0.1388
203,1309,1512,0.1388
201,1299,1500,0.1388
201,1306,1507,0.1388
198,1318,1516,0.1388
201,1312,1513,0.1388
204,1302,1506,0.1388
205,1306,1511,0.1388
210,1300,1510,0.1388
210,1305,1515,0.1388
207,1319,1526,0.1388
201,1330,1531,0.1388
202,1329,1531,0.1388
204,1324,1528,0.1388
206,1318,1524,0.1388
208,1310,1518,0.1388
205,1305,1510,0.1388
203,1316,1519,0.1388
200,1313,1513,0.1388
201,1308,1509,0.1388
206,1311,1517,0.1388
205,1312,1517,0.1388
206,1308,1514,0.1388
199,1308,1507,0.1388
197,1313,1510,0.1388
204,1304,1508,0.1388
204,1300,1504,0.1388
202,1307,1509,0.1388
201,1309,1510,0.1388
207,1301,1508,0.1388
205,1313,1518,0.1388
202,1295,1497,0.1388
196,1308,1504,0.1388
194,1304,1498,0.1388
203,1302,1505,0.1388
203,1320,1523,0.1388
199,1319,1518,0.1388
198,1314,1512,0.1388
204,1315,1519,0.1388
208,1312,1520,0.1388
208,1304,1512,0.1388
206,1312,1518,0.1388
209,1307,1516,0.1388
212,1292,1504,0.1388
210,1300,1510,0.1388
209,1302,1511,0.1388
211,1291,1502,0.1388
209,1303,1512,0.1388
205,1307,1512,0.1388
208,1312,1520,0.1388
206,1317,1523,0.1388
207,1306,1513,0.1388
202,1301,1503,0.1388
196,1314,1510,0.1388
194,1316,1510,0.1388
192,1326,1518,0.1388
193,1325,1518,0.1388
195,1319,1514,0.1388
199,1305,1504,0.1388
198,1309,1507,0.1388
201,1313,1514,0.1388
196,1322,1518,0.1388
198,1322,1520,0.1388
199,1308,1507,0.1388
199,1323,1522,0.1388
200,1316,1516,0.1388
196,1307,1503,0.1388
198,1327,1525,0.1388
198,1327,1525,0.1388
200,1323,1523,0.1388
197,1320,1517,0.1388
199,1314,1513,0.1388
197,1315,1512,0.1388
194,1319,1513,0.1388
192,1322,1514,0.1388
198,1315,1513,0.1388
199,1321,1520,0.1388
196,1317,1513,0.1388
194,1319,1513,0.1388
196,1323,1519,0.1388
199,1321,1520,0.1388
201,1316,1517,0.1388
198,1315,1513,0.1388
194,1312,1506,0.1388
197,1312,1509,0.1388
197,1322,1519,0.1388
192,1322,1514,0.1388
193,1331,1524,0.1388
191,1325,1516,0.1388
193,1319,1512,0.1388
195,1324,1519,0.1388
197,1317,1514,0.1388
195,1330,1525,0.1388
194,1327,1521,0.1388
195,1319,1514,0.1388
189,1311,1500,0.1388
190,1317,1507,0.1388
191,1309,1500,0.1388
185,1311,1496,0.1388
184,1313,1497,0.1388
185,1315,1500,0.1388
187,1307,1494,0.1388
181,1322,1503,0.1388
183,1328,1511,0.1388
185,1323,1508,0.1388
181,1324,1505,0.1388
186,1334,1520,0.1388
184,1325,1509,0.1388
183,1340,1523,0.1388
181,1341,1522,0.1388
180,1329,1509,0.1388
178,1340,1518,0.1388
179,1344,1523,0.1388
181,1336,1517,0.1388
177,1340,1517,0.1388
178,1332,1510,0.1388
174,1337,1511,0.1388
174,1330,1504,0.1388
173,1325,1498,0.1388
168,1328,1496,0.1388
171,1338,1509,0.1388
169,1342,1511,0.1388
169,1341,1510,0.1388
169,1357,1526,0.1388
168,1365,1533,0.1388
168,1349,1517,0.1388
164,1342,1506,0.1388
163,1338,1501,0.1388
161,1334,1495,0.1388
158,1340,1498,0.1388
160,1345,1505,0.1388
159,1349,1508,0.1388
155,1353,1508,0.1388
154,1349,1503,0.1388
155,1352,1507,0.1388
157,1354,1511,0.1388
155,1369,1524,0.1388
156,1361,1517,0.1388
161,1349,1510,0.1388
161,1345,1506,0.1388
161,1346,1507,0.1388
161,1352,1513,0.1388
159,1352,1511,0.1388
158,1357,1515,0.1388
157,1354,1511,0.1388
160,1356,1516,0.1388
163,1360,1523,0.1388
161,1358,1519,0.1388
159,1365,1524,0.1388
156,1373,1529,0.1388
156,1367,1523,0.1388
157,1360,1517,0.1388
157,1350,1507,0.1388
159,1359,1518,0.1388
157,1367,1524,0.1388
153,1357,1510,0.1388
151,1359,1510,0.1388
153,1371,1524,0.1388
149,1368,1517,0.1388
148,1370,1518,0.1388
142,1374,1516,0.1388
141,1376,1517,0.1388
138,1367,1505,0.1388
139,1364,1503,0.1388
140,1370,1510,0.1388
145,1370,1515,0.1388
149,1372,1521,0.1388
150,1362,1512,0.1388
148,1364,1512,0.1388
149,1361,1510,0.1388
144,1372,1516,0.1388
144,1363,1507,0.1388
148,1362,1510,0.1388
143,1367,1510,0.1388
143,1366,1509,0.1388
145,1362,1507,0.1388
141,1371,1512,0.1388
138,1380,1518,0.1388
139,1371,1510,0.1388
141,1377,1518,0.1388
137,1381,1518,0.1388
136,1383,1519,0.1388
133,1381,1514,0.1388
136,1379,1515,0.1388
136,1389,1525,0.1388
134,1388,1522,0.1388
134,1396,1530,0.1388
135,1376,1511,0.1388
136,1389,1525,0.1388
133,1384,1517,0.1388
136,1384,1520,0.1388
135,1384,1519,0.1388
131,1382,1513,0.1388
130,1388,1518,0.1388
132,1377,1509,0.1388
133,1375,1508,0.1388
134,1375,1509,0.1388
130,1383,1513,0.1388
125,1392,1517,0.1388
127,1387,1514,0.1388
124,1391,1515,0.1388
122,1389,1511,0.1388
124,1390,1514,0.1388
126,1398,1524,0.1388
126,1404,1530,0.1388
128,1391,1519,0.1388
128,1381,1509,0.1388
126,1392,1518,0.1388
128,1401,1529,0.1388
128,1395,1523,0.1388
130,1399,1529,0.1388
126,1392,1518,0.1388
126,1390,1516,0.1388
124,1388,1512,0.1388
127,1394,1521,0.1388
125,1396,1521,0.1388
124,1393,1517,0.1388
125,1396,1521,0.1388
127,1395,1522,0.1388
127,1394,1521,0.1388
121,1387,1508,0.1388
116,1389,1505,0.1388
117,1397,1514,0.1388
119,1403,1522,0.1388
118,1408,1526,0.1388
123,1403,1526,0.1388
125,1402,1527,0.1388
126,1409,1535,0.1388
126,1392,1518,0.1388
124,1380,1504,0.1388
121,1387,1508,0.1388
121,1405,1526,0.1388
122,1402,1524,0.1388
120,1406,1526,0.1388
120,1403,1523,0.1388
118,1395,1513,0.1388
115,1397,1512,0.1388
117,1392,1509,0.1388
118,1397,1515,0.1388
118,1394,1512,0.1388
117,1414,1531,0.1388
122,1411,1533,0.1388
122,1409,1531,0.1388
122,1417,1539,0.1388
121,1412,1533,0.1388
123,1410,1533,0.1388
123,1410,1533,0.1388
122,1405,1527,0.1388
120,1402,1522,0.1388
121,1398,1519,0.1388
121,1394,1515,0.1388
118,1396,1514,0.1388
113,1399,1512,0.1388
111,1405,1516,0.1388
107,1399,1506,0.1388
109,1385,1494,0.1388
110,1392,1502,0.1388
111,1400,1511,0.1388
115,1405,1520,0.1388
113,1408,1521,0.1388
114,1407,1521,0.1388
111,1414,1525,0.1388
110,1406,1516,0.1388
113,1403,1516,0.1388
114,1406,1520,0.1388
114,1404,1518,0.1388
112,1414,1526,0.1388
112,1390,1502,0.1388
113,1399,1512,0.1388
112,1399,1511,0.1388
111,1404,1515,0.1388
110,1401,1511,0.1388
108,1409,1517,0.1388
111,1408,1519,0.1388
109,1413,1522,0.1388
107,1408,1515,0.1388
111,1404,1515,0.1388
112,1409,1521,0.1388
113,1397,1510,0.1388
113,1394,1507,0.1388
111,1399,1510,0.1388
110,1408,1518,0.1388
115,1400,1515,0.1388
112,1412,1524,0.1388
116,1405,1521,0.1388
117,1401,1518,0.1388
115,1406,1521,0.1388
116,1400,1516,0.1388
113,1394,1507,0.1388
108,1410,1518,0.1388
110,1398,1508,0.1388
111,1393,1504,0.1388
112,1395,1507,0.1388
113,1404,1517,0.1388
114,1408,1522,0.1388
112,1419,1531,0.1388
112,1415,1527,0.1388
111,1404,1515,0.1388
109,1413,1522,0.1388
111,1407,1518,0.1388
112,1403,1515,0.1388
111,1408,1519,0.1388
116,1399,1515,0.1388
122,1400,1522,0.1388
120,1402,1522,0.1388
118,1401,1519,0.1388
120,1392,1512,0.1388
119,1385,1504,0.1388
118,1385,1503,0.1388
113,1390,1503,0.1388
116,1406,1522,0.1388
118,1400,1518,0.1388
117,1398,1515,0.1388
117,1405,1522,0.1388
116,1404,1520,0.1388
114,1412,1526,0.1388
115,1412,1527,0.1388
114,1416,1530,0.1388
112,1406,1518,0.1388
111,1401,1512,0.1388
108,1403,1511,0.1388
110,1405,1515,0.1388
113,1400,1513,0.1388
109,1405,1514,0.1388
109,1403,1512,0.1388
109,1404,1513,0.1388
109,1396,1505,0.1388
107,1400,1507,0.1388
108,1398,1506,0.1388
107,1407,1514,0.1388
108,1414,1522,0.1388
105,1415,1520,0.1388
104,1406,1510,0.1388
102,1410,1512,0.1388
102,1416,1518,0.1388
100,1419,1519,0.1388
101,1420,1521,0.1388
104,1419,1523,0.1388
102,1420,1522,0.1388
99,1412,1511,0.1388
98,1403,1501,0.1388
97,1412,1509,0.1388
98,1426,1524,0.1388
97,1421,1518,0.1388
92,1421,1513,0.1388
93,1428,1521,0.1388
94,1422,1516,0.1388
91,1422,1513,0.1388
91,1424,1515,0.1388
90,1424,1514,0.1388
89,1423,1512,0.1388
89,1413,1502,0.1388
91,1405,1496,0.1388
94,1415,1509,0.1388
91,1411,1502,0.1388
93,1417,1510,0.1388
87,1425,1512,0.1388
92,1427,1519,0.1388
94,1432,1526,0.1388
94,1439,1533,0.1388
92,1443,1535,0.1388
93,1435,1528,0.1388
88,1432,1520,0.1388
86,1432,1518,0.1388
84,1431,1515,0.1388
84,1436,1520,0.1388
88,1427,1515,0.1388
88,1415,1503,0.1388
85,1420,1505,0.1388
87,1425,1512,0.1388
87,1419,1506,0.1388
87,1426,1513,0.1388
89,1435,1524,0.1388
88,1430,1518,0.1388
84,1433,1517,0.1388
86,1439,1525,0.1388
86,1447,1533,0.1388
87,1446,1533,0.1388
91,1434,1525,0.1388
89,1437,1526,0.1388
88,1428,1516,0.1388
89,1422,1511,0.1388
90,1434,1524,0.1388
88,1434,1522,0.1388
88,1428,1516,0.1388
88,1429,1517,0.1388
88,1440,1528,0.1388
87,1445,1532,0.1388
90,1432,1522,0.1388
88,1418,1506,0.1388
90,1431,1521,0.1388
91,1434,1525,0.1388
88,1422,1510,0.1388
87,1424,1511,0.1388
88,1424,1512,0.1388
89,1435,1524,0.1388
85,1414,1499,0.1388
85,1420,1505,0.1388
84,1425,1509,0.1388
86,1416,1502,0.1388
86,1416,1502,0.1388
85,1419,1504,0.1388
85,1434,1519,0.1388
86,1439,1525,0.1388
85,1439,1524,0.1388
86,1432,1518,0.1388
86,1431,1517,0.1388
85,1435,1520,0.1388
83,1430,1513,0.1388
82,1434,1516,0.1388
82,1437,1519,0.1388
81,1434,1515,0.1388
86,1429,1515,0.1388
88,1420,1508,0.1388
90,1423,1513,0.1388
87,1431,1518,0.1388
87,1437,1524,0.1388
86,1425,1511,0.1388
89,1422,1511,0.1388
86,1425,1511,0.1388
86,1424,1510,0.1388
85,1425,1510,0.1388
86,1430,1516,0.1388
82,1435,1517,0.1388
81,1445,1526,0.1388
83,1444,1527,0.1388
81,1441,1522,0.1388
82,1444,1526,0.1388
83,1441,1524,0.1388
80,1432,1512,0.1388
78,1427,1505,0.1388
80,1439,1519,0.1388
85,1434,1519,0.1388
84,1435,1519,0.1388
82,1443,1525,0.1388
81,1441,1522,0.1388
81,1438,1519,0.1388
81,1434,1515,0.1388
80,1440,1520,0.1388
81,1438,1519,0.1388
84,1443,1527,0.1388
82,1441,1523,0.1388
82,1424,1506,0.1388
78,1436,1514,0.1388
80,1437,1517,0.1388
78,1438,1516,0.1388
78,1449,1527,0.1388
78,1435,1513,0.1388
81,1436,1517,0.1388
83,1442,1525,0.1388
85,1437,1522,0.1388
85,1434,1519,0.1388
84,1437,1521,0.1388
85,1442,1527,0.1388
84,1437,1521,0.1388
80,1427,1507,0.1388
79,1435,1514,0.1388
81,1436,1517,0.1388
81,1443,1524,0.1388
81,1441,1522,0.1388
81,1439,1520,0.1388
79,1444,1523,0.1388
77,1440,1517,0.1388
76,1444,1520,0.1388
76,1458,1534,0.1388
76,1445,1521,0.1388
75,1441,1516,0.1388
74,1431,1505,0.1388
73,1438,1511,0.1388
71,1456,1527,0.1388
75,1446,1521,0.1388
76,1459,1535,0.1388
71,1454,1525,0.1388
72,1436,1508,0.1388
73,1442,1515,0.1388
74,1450,1524,0.1388
71,1464,1535,0.1388
68,1455,1523,0.1388
72,1455,1527,0.1388
71,1458,1529,0.1388
71,1439,1510,0.1388
71,1444,1515,0.1388
72,1453,1525,0.1388
71,1449,1520,0.1388
73,1460,1533,0.1388
73,1466,1539,0.1388
73,1468,1541,0.1388
69,1459,1528,0.1388
69,1441,1510,0.1388
68,1448,1516,0.1388
68,1463,1531,0.1388
69,1448,1517,0.1388
69,1442,1511,0.1388
71,1436,1507,0.1388
69,1444,1513,0.1388
68,1435,1503,0.1388
68,1444,1512,0.1388
69,1444,1513,0.1388
68,1453,1521,0.1388
69,1447,1516,0.1388
68,1450,1518,0.1388
69,1454,1523,0.1388
66,1462,1528,0.1388
63,1457,1520,0.1388
63,1467,1530,0.1388
62,1450,1512,0.1388
63,1455,1518,0.1388
63,1448,1511,0.1388
62,1465,1527,0.1388
62,1453,1515,0.1388
60,1458,1518,0.1388
61,1464,1525,0.1388
61,1458,1519,0.1388
62,1456,1518,0.1388
64,1450,1514,0.1388
64,1463,1527,0.1388
63,1457,1520,0.1388
61,1457,1518,0.1388
63,1456,1519,0.1388
62,1449,1511,0.1388
63,1453,1516,0.1388
64,1446,1510,0.1388
62,1458,1520,0.1388
64,1449,1513,0.1388
62,1462,1524,0.1388
60,1448,1508,0.1388
60,1459,1519,0.1388
59,1451,1510,0.1388
61,1460,1521,0.1388
61,1456,1517,0.1388
61,1444,1505,0.1388
61,1433,1494,0.1388
59,1445,1504,0.1388
58,1448,1506,0.1388
56,1430,1486,0.1388
58,1432,1490,0.1388
59,1446,1505,0.1388
61,1456,1517,0.1388
60,1462,1522,0.1388
60,1449,1509,0.1388
58,1461,1519,0.1388
59,1453,1512,0.1388
59,1452,1511,0.1388
57,1446,1503,0.1388
52,1468,1520,0.1388
53,1474,1527,0.1388
52,1475,1527,0.1388
51,1479,1530,0.1388
51,1470,1521,0.1388
53,1463,1516,0.1388
53,1464,1517,0.1388
52,1471,1523,0.1388
50,1464,1514,0.1388
49,1475,1524,0.1388
49,1477,1526,0.1388
50,1479,1529,0.1388
48,1487,1535,0.1388
48,1487,1535,0.1388
47,1469,1516,0.1388
49,1470,1519,0.1388
49,1466,1515,0.1388
47,1468,1515,0.1388
48,1472,1520,0.1388
48,1467,1515,0.1388
48,1448,1496,0.1388
43,1454,1497,0.1388
43,1462,1505,0.1388
44,1468,1512,0.1388
42,1478,1520,0.1388
44,1477,1521,0.1388
43,1475,1518,0.1388
45,1483,1528,0.1388
44,1494,1538,0.1388
40,1484,1524,0.1388
40,1474,1514,0.1388
40,1459,1499,0.1388
40,1461,1501,0.1388
40,1465,1505,0.1388
39,1472,1511,0.1388
38,1468,1506,0.1388
40,1474,1514,0.1388
39,1486,1525,0.1388
44,1482,1526,0.1388
46,1480,1526,0.1388
45,1472,1517,0.1388
43,1481,1524,0.1388
43,1462,1505,0.1388
44,1465,1509,0.1388
44,1471,1515,0.1388
43,1462,1505,0.1388
41,1463,1504,0.1388
41,1464,1505,0.1388
40,1460,1500,0.1388
40,1467,1507,0.1388
43,1469,1512,0.1388
43,1480,1523,0.1388
45,1474,1519,0.1388
45,1471,1516,0.1388
45,1481,1526,0.1388
44,1477,1521,0.1388
45,1471,1516,0.1388
46,1469,1515,0.1388
47,1461,1508,0.1388
46,1466,1512,0.1388
45,1460,1505,0.1388
44,1471,1515,0.1388
41,1478,1519,0.1388
41,1469,1510,0.1388
40,1465,1505,0.1388
40,1468,1508,0.1388
42,1477,1519,0.1388
43,1470,1513,0.1388
42,1480,1522,0.1388
40,1488,1528,0.1388
40,1498,1538,0.1388
41,1488,1529,0.1388
41,1474,1515,0.1388
42,1473,1515,0.1388
40,1467,1507,0.1388
39,1464,1503,0.1388
40,1478,1518,0.1388
39,1477,1516,0.1388
41,1484,1525,0.1388
41,1485,1526,0.1388
42,1480,1522,0.1388
43,1466,1509,0.1388
46,1463,1509,0.1388
46,1470,1516,0.1388
48,1468,1516,0.1388
44,1464,1508,0.1388
49,1458,1507,0.1388
49,1477,1526,0.1388
51,1463,1514,0.1388
47,1471,1518,0.1388
47,1470,1517,0.1388
46,1465,1511,0.1388
45,1464,1509,0.1388
46,1466,1512,0.1388
46,1467,1513,0.1388
49,1471,1520,0.1388
49,1464,1513,0.1388
49,1465,1514,0.1388
46,1458,1504,0.1388
45,1467,1512,0.1388
46,1474,1520,0.1388
49,1476,1525,0.1388
46,1475,1521,0.1388
47,1476,1523,0.1388
45,1479,1524,0.1388
44,1481,1525,0.1388
45,1472,1517,0.1388
45,1473,1518,0.1388
45,1469,1514,0.1388
44,1478,1522,0.1388
44,1480,1524,0.1388
44,1469,1513,0.1388
43,1468,1511,0.1388
43,1482,1525,0.1388
43,1464,1507,0.1388
42,1462,1504,0.1388
41,1471,1512,0.1388
43,1472,1515,0.1388
42,1472,1514,0.1388
40,1468,1508,0.1388
42,1470,1512,0.1388
44,1484,1528,0.1388
42,1480,1522,0.1388
42,1483,1525,0.1388
40,1470,1510,0.1388
40,1476,1516,0.1388
38,1471,1509,0.1388
36,1481,1517,0.1388
35,1477,1512,0.1388
38,1475,1513,0.1388
39,1490,1529,0.1388
40,1493,1533,0.1388
40,1497,1537,0.1388
39,1494,1533,0.1388
39,1492,1531,0.1388
39,1478,1517,0.1388
39,1485,1524,0.1388
37,1490,1527,0.1388
39,1487,1526,0.1388
39,1478,1517,0.1388
37,1484,1521,0.1388
35,1477,1512,0.1388
35,1474,1509,0.1388
37,1466,1503,0.1388
36,1484,1520,0.1388
35,1500,1535,0.1388
33,1499,1532,0.1388
33,1499,1532,0.1388
34,1489,1523,0.1388
32,1486,1518,0.1388
33,1473,1506,0.1388
34,1485,1519,0.1388
34,1487,1521,0.1388
35,1486,1521,0.1388
35,1485,1520,0.1388
36,1481,1517,0.1388
36,1479,1515,0.1388
33,1472,1505,0.1388
33,1489,1522,0.1388
34,1474,1508,0.1388
34,1471,1505,0.1388
32,1480,1512,0.1388
33,1476,1509,0.1388
33,1467,1500,0.1388
35,1459,1494,0.1388
36,1468,1504,0.1388
38,1465,1503,0.1388
38,1472,1510,0.1388
41,1469,1510,0.1388
41,1456,1497,0.1388
40,1468,1508,0.1388
39,1459,1498,0.1388
39,1480,1519,0.1388
40,1485,1525,0.1388
40,1480,1520,0.1388
37,1475,1512,0.1388
37,1474,1511,0.1388
37,1489,1526,0.1388
35,1478,1513,0.1388
39,1475,1514,0.1388
40,1479,1519,0.1388
40,1487,1527,0.1388
40,1486,1526,0.1388
37,1470,1507,0.1388
39,1472,1511,0.1388
38,1476,1514,0.1388
39,1476,1515,0.1388
41,1476,1517,0.1388
42,1479,1521,0.1388
43,1470,1513,0.1388
43,1476,1519,0.1388
42,1484,1526,0.1388
40,1481,1521,0.1388
40,1484,1524,0.1388
41,1470,1511,0.1388
40,1474,1514,0.1388
38,1467,1505,0.1388
38,1475,1513,0.1388
40,1475,1515,0.1388
41,1480,1521,0.1388
41,1466,1507,0.1388
43,1480,1523,0.1388
44,1475,1519,0.1388
44,1483,1527,0.1388
43,1484,1527,0.1388
44,1474,1518,0.1388
44,1461,1505,0.1388
44,1461,1505,0.1388
44,1469,1513,0.1388
43,1476,1519,0.1388
42,1472,1514,0.1388
42,1474,1516,0.1388
42,1466,1508,0.1388
39,1459,1498,0.1388
37,1469,1506,0.1388
35,1470,1505,0.1388
37,1467,1504,0.1388
38,1457,1495,0.1388
37,1475,1512,0.1388
39,1476,1515,0.1388
36,1472,1508,0.1388
36,1472,1508,0.1388
36,1469,1505,0.1388
36,1483,1519,0.1388
36,1473,1509,0.1388
35,1470,1505,0.1388
33,1467,1500,0.1388
32,1472,1504,0.1388
32,1469,1501,0.1388
32,1467,1499,0.1388
32,1490,1522,0.1388
32,1489,1521,0.1388
33,1492,1525,0.1388
33,1502,1535,0.1388
33,1501,1534,0.1388
31,1495,1526,0.1388
32,1476,1508,0.1388
33,1483,1516,0.1388
32,1482,1514,0.1388
31,1481,1512,0.1388
32,1478,1510,0.1388
33,1487,1520,0.1388
33,1469,1502,0.1388
35,1466,1501,0.1388
35,1475,1510,0.1388
37,1472,1509,0.1388
38,1461,1499,0.1388
38,1474,1512,0.1388
37,1479,1516,0.1388
37,1479,1516,0.1388
39,1484,1523,0.1388
37,1480,1517,0.1388
37,1469,1506,0.1388
37,1469,1506,0.1388
38,1477,1515,0.1388
39,1474,1513,0.1388
39,1471,1510,0.1388
39,1466,1505,0.1388
40,1484,1524,0.1388
40,1490,1530,0.1388
37,1477,1514,0.1388
39,1474,1513,0.1388
37,1460,1497,0.1388
38,1449,1487,0.1388
39,1459,1498,0.1388
39,1466,1505,0.1388
38,1475,1513,0.1388
37,1473,1510,0.1388
37,1480,1517,0.1388
37,1478,1515,0.1388
36,1479,1515,0.1388
38,1479,1517,0.1388
35,1491,1526,0.1388
38,1474,1512,0.1388
38,1479,1517,0.1388
39,1477,1516,0.1388
38,1484,1522,0.1388
37,1470,1507,0.1388
37,1475,1512,0.1388
37,1478,1515,0.1388
39,1474,1513,0.1388
40,1480,1520,0.1388
40,1466,1506,0.1388
39,1468,1507,0.1388
39,1473,1512,0.1388
38,1466,1504,0.1388
37,1468,1505,0.1388
37,1464,1501,0.1388
38,1462,1500,0.1388
40,1478,1518,0.1388
39,1481,1520,0.1388
36,1489,1525,0.1388
37,1475,1512,0.1388
36,1478,1514,0.1388
35,1489,1524,0.1388
36,1499,1535,0.1388
35,1498,1533,0.1388
35,1488,1523,0.1388
36,1492,1528,0.1388
35,1475,1510,0.1388
36,1485,1521,0.1388
35,1485,1520,0.1388
35,1492,1527,0.1388
36,1491,1527,0.1388
36,1488,1524,0.1388
38,1493,1531,0.1388
38,1475,1513,0.1388
38,1468,1506,0.1388
39,1472,1511,0.1388
35,1482,1517,0.1388
35,1464,1499,0.1388
35,1476,1511,0.1388
35,1481,1516,0.1388
35,1472,1507,0.1388
35,1480,1515,0.1388
36,1480,1516,0.1388
36,1470,1506,0.1388
36,1484,1520,0.1388
37,1468,1505,0.1388
35,1483,1518,0.1388
35,1484,1519,0.1388
33,1477,1510,0.1388
33,1471,1504,0.1388
33,1481,1514,0.1388
32,1475,1507,0.1388
32,1477,1509,0.1388
31,1487,1518,0.1388
31,1476,1507,0.1388
31,1490,1521,0.1388
30,1491,1521,0.1388
28,1490,1518,0.1388
28,1482,1510,0.1388
29,1485,1514,0.1388
28,1491,1519,0.1388
28,1490,1518,0.1388
28,1478,1506,0.1388
28,1474,1502,0.1388
27,1492,1519,0.1388
26,1480,1506,0.1388
27,1470,1497,0.1388
27,1476,1503,0.1388
27,1490,1517,0.1388
26,1494,1520,0.1388
24,1506,1530,0.1388
25,1499,1524,0.1388
25,1491,1516,0.1388
26,1480,1506,0.1388
27,1469,1496,0.1388
29,1474,1503,0.1388
28,1493,1521,0.1388
27,1489,1516,0.1388
27,1492,1519,0.1388
25,1499,1524,0.1388
25,1493,1518,0.1388
24,1478,1502,0.1388
22,1470,1492,0.1388
22,1479,1501,0.1388
23,1496,1519,0.1388
24,1493,1517,0.1388
24,1501,1525,0.1388
24,1484,1508,0.1388
23,1487,1510,0.1388
23,1483,1506,0.1388
24,1484,1508,0.1388
24,1494,1518,0.1388
20,1480,1500,0.1388
22,1481,1503,0.1388
23,1486,1509,0.1388
24,1488,1512,0.1388
25,1512,1537,0.1388
25,1490,1515,0.1388
25,1482,1507,0.1388
25,1483,1508,0.1388
25,1470,1495,0.1388
24,1477,1501,0.1388
23,1475,1498,0.1388
22,1487,1509,0.1388
20,1479,1499,0.1388
20,1473,1493,0.1388
20,1474,1494,0.1388
20,1478,1498,0.1388
20,1485,1505,0.1388
20,1487,1507,0.1388
21,1499,1520,0.1388
21,1491,1512,0.1388
20,1495,1515,0.1388
21,1491,1512,0.1388
19,1494,1513,0.1388
21,1491,1512,0.1388
23,1492,1515,0.1388
22,1496,1518,0.1388
23,1497,1520,0.1388
24,1492,1516,0.1388
24,1477,1501,0.1388
24,1479,1503,0.1388
24,1487,1511,0.1388
25,1495,1520,0.1388
26,1506,1532,0.1388
26,1497,1523,0.1388
27,1506,1533,0.1388
27,1500,1527,0.1388
28,1489,1517,0.1388
26,1500,1526,0.1388
25,1491,1516,0.1388
26,1480,1506,0.1388
25,1474,1499,0.1388
25,1485,1510,0.1388
23,1496,1519,0.1388
24,1494,1518,0.1388
24,1497,1521,0.1388
24,1504,1528,0.1388
25,1510,1535,0.1388
24,1503,1527,0.1388
24,1505,1529,0.1388
24,1503,1527,0.1388
25,1500,1525,0.1388
24,1499,1523,0.1388
23,1489,1512,0.1388
24,1500,1524,0.1388
23,1492,1515,0.1388
23,1492,1515,0.1388
24,1498,1522,0.1388
24,1495,1519,0.1388
24,1488,1512,0.1388
23,1502,1525,0.1388
23,1494,1517,0.1388
24,1498,1522,0.1388
21,1494,1515,0.1388
22,1495,1517,0.1388
25,1496,1521,0.1388
26,1492,1518,0.1388
25,1499,1524,0.1388
26,1493,1519,0.1388
26,1488,1514,0.1388
27,1499,1526,0.1388
27,1492,1519,0.1388
28,1492,1520,0.1388
29,1494,1523,0.1388
27,1491,1518,0.1388
26,1499,1525,0.1388
26,1488,1514,0.1388
26,1494,1520,0.1388
26,1497,1523,0.1388
25,1477,1502,0.1388
27,1488,1515,0.1388
28,1492,1520,0.1388
28,1488,1516,0.1388
28,1502,1530,0.1388
28,1504,1532,0.1388
29,1510,1539,0.1388
28,1499,1527,0.1388
28,1501,1529,0.1388
25,1494,1519,0.1388
25,1505,1530,0.1388
25,1497,1522,0.1388
25,1491,1516,0.1388
22,1511,1533,0.1388
22,1507,1529,0.1388
24,1498,1522,0.1388
25,1497,1522,0.1388
25,1494,1519,0.1388
25,1500,1525,0.1388
25,1498,1523,0.1388
24,1507,1531,0.1388
25,1494,1519,0.1388
25,1515,1540,0.1388
24,1501,1525,0.1388
23,1495,1518,0.1388
23,1494,1517,0.1388
23,1498,1521,0.1388
21,1500,1521,0.1388
22,1494,1516,0.1388
22,1481,1503,0.1388
22,1496,1518,0.1388
22,1497,1519,0.1388
23,1501,1524,0.1388
23,1499,1522,0.1388
23,1497,1520,0.1388
22,1498,1520,0.1388
22,1511,1533,0.1388
23,1506,1529,0.1388
23,1504,1527,0.1388
21,1492,1513,0.1388
21,1489,1510,0.1388
22,1490,1512,0.1388
24,1487,1511,0.1388
23,1474,1497,0.1388
23,1488,1511,0.1388
23,1477,1500,0.1388
23,1499,1522,0.1388
23,1493,1516,0.1388
23,1482,1505,0.1388
23,1489,1512,0.1388
23,1483,1506,0.1388
24,1483,1507,0.1388
22,1479,1501,0.1388
22,1493,1515,0.1388
20,1492,1512,0.1388
21,1478,1499,0.1388
20,1483,1503,0.1388
20,1479,1499,0.1388
17,1483,1500,0.1388
16,1484,1500,0.1388
17,1490,1507,0.1388
17,1489,1506,0.1388
17,1488,1505,0.1388
17,1485,1502,0.1388
17,1495,1512,0.1388
17,1499,1516,0.1388
17,1503,1520,0.1388
15,1491,1506,0.1388
16,1474,1490,0.1388
16,1488,1504,0.1388
15,1482,1497,0.1388
14,1493,1507,0.1388
16,1496,1512,0.1388
15,1494,1509,0.1388
15,1472,1487,0.1388
15,1482,1497,0.1388
14,1486,1500,0.1388
15,1497,1512,0.1388
16,1504,1520,0.1388
15,1500,1515,0.1388
15,1510,1525,0.1388
14,1508,1522,0.1388
14,1507,1521,0.1388
15,1501,1516,0.1388
14,1493,1507,0.1388
14,1500,1514,0.1388
14,1483,1497,0.1388
14,1495,1509,0.1388
13,1511,1524,0.1388
14,1499,1513,0.1388
14,1508,1522,0.1388
14,1504,1518,0.1388
14,1507,1521,0.1388
14,1505,1519,0.1388
13,1502,1515,0.1388
13,1497,1510,0.1388
14,1504,1518,0.1388
14,1487,1501,0.1388
13,1492,1505,0.1388
14,1512,1526,0.1388
13,1513,1526,0.1388
13,1508,1521,0.1388
13,1513,1526,0.1388
13,1521,1534,0.1388
13,1506,1519,0.1388
12,1513,1525,0.1388
11,1507,1518,0.1388
13,1516,1529,0.1388
13,1505,1518,0.1388
12,1510,1522,0.1388
12,1518,1530,0.1388
11,1513,1524,0.1388
11,1524,1535,0.1388
11,1516,1527,0.1388
10,1516,1526,0.1388
9,1512,1521,0.1388
8,1498,1506,0.1388
8,1491,1499,0.1388
8,1493,1501,0.1388
8,1497,1505,0.1388
9,1492,1501,0.1388
9,1499,1508,0.1388
9,1496,1505,0.1388
10,1488,1498,0.1388
10,1511,1521,0.1388
10,1499,1509,0.1388
10,1500,1510,0.1388
10,1504,1514,0.1388
11,1503,1514,0.1388
11,1519,1530,0.1388
10,1493,1503,0.1388
10,1507,1517,0.1388
10,1509,1519,0.1388
10,1518,1528,0.1388
9,1510,1519,0.1388
9,1512,1521,0.1388
8,1515,1523,0.1388
8,1512,1520,0.1388
9,1510,1519,0.1388
10,1504,1514,0.1388
9,1493,1502,0.1388
9,1503,1512,0.1388
9,1513,1522,0.1388
10,1513,1523,0.1388
10,1512,1522,0.1388
10,1496,1506,0.1388
10,1503,1513,0.1388
9,1514,1523,0.1388
9,1505,1514,0.1388
8,1509,1517,0.1388
8,1506,1514,0.1388
8,1500,1508,0.1388
8,1481,1489,0.1388
8,1479,1487,0.1388
9,1499,1508,0.1388
8,1497,1505,0.1388
7,1500,1507,0.1388
8,1504,1512,0.1388
8,1500,1508,0.1388
8,1501,1509,0.1388
8,1511,1519,0.1388
9,1513,1522,0.1388
9,1506,1515,0.1388
9,1500,1509,0.1388
9,1500,1509,0.1388
9,1505,1514,0.1388
9,1506,1515,0.1388
9,1519,1528,0.1388
9,1494,1503,0.1388
9,1500,1509,0.1388
8,1500,1508,0.1388
10,1502,1512,0.1388
11,1511,1522,0.1388
11,1504,1515,0.1388
10,1506,1516,0.1388
9,1514,1523,0.1388
10,1506,1516,0.1388
9,1508,1517,0.1388
9,1508,1517,0.1388
9,1499,1508,0.1388
8,1504,1512,0.1388
8,1509,1517,0.1388
7,1508,1515,0.1388
5,1511,1516,0.1388
7,1505,1512,0.1388
7,1511,1518,0.1388
7,1514,1521,0.1388
6,1517,1523,0.1388
6,1520,1526,0.1388
6,1512,1518,0.1388
6,1512,1518,0.1388
6,1514,1520,0.1388
6,1502,1508,0.1388
6,1495,1501,0.1388
6,1496,1502,0.1388
6,1489,1495,0.1388
6,1483,1489,0.1388
6,1495,1501,0.1388
6,1507,1513,0.1388
6,1508,1514,0.1388
6,1501,1507,0.1388
6,1502,1508,0.1388
6,1510,1516,0.1388
6,1515,1521,0.1388
6,1515,1521,0.1388
6,1514,1520,0.1388
6,1496,1502,0.1388
6,1497,1503,0.1388
6,1499,1505,0.1388
6,1490,1496,0.1388
6,1502,1508,0.1388
6,1507,1513,0.1388
5,1516,1521,0.1388
6,1515,1521,0.1388
6,1523,1529,0.1388
6,1512,1518,0.1388
6,1505,1511,0.1388
6,1493,1499,0.1388
5,1510,1515,0.1388
5,1513,1518,0.1388
4,1508,1512,0.1388
4,1512,1516,0.1388
4,1502,1506,0.1388
4,1518,1522,0.1388
4,1520,1524,0.1388
4,1513,1517,0.1388
4,1518,1522,0.1388
4,1514,1518,0.1388
3,1518,1521,0.1388
3,1533,1536,0.1388
3,1522,1525,0.1388
3,1522,1525,0.1388
3,1525,1528,0.1388
3,1503,1506,0.1388
3,1494,1497,0.1388
3,1510,1513,0.1388
2,1514,1516,0.1388
2,1521,1523,0.1388
3,1537,1540,0.1388
3,1529,1532,0.1388
3,1529,1532,0.1388
3,1529,1532,0.1388
3,1540,1543,0.1388
3,1527,1530,0.1388
3,1527,1530,0.1388
3,1526,1529,0.1388
3,1525,1528,0.1388
3,1528,1531,0.1388
3,1523,1526,0.1388
3,1514,1517,0.1388
3,1508,1511,0.1388
3,1504,1507,0.1388
3,1520,1523,0.1388
3,1527,1530,0.1388
3,1521,1524,0.1388
3,1516,1519,0.1388
3,1514,1517,0.1388
3,1514,1517,0.1388
3,1517,1520,0.1388
3,1504,1507,0.1388
3,1516,1519,0.1388
3,1506,1509,0.1388
2,1517,1519,0.1388
2,1515,1517,0.1388
2,1514,1516,0.1388
3,1510,1513,0.1388
3,1527,1530,0.1388
3,1522,1525,0.1388
3,1513,1516,0.1388
3,1526,1529,0.1388
3,1522,1525,0.1388
3,1529,1532,0.1388
4,1529,1533,0.1388
4,1523,1527,0.1388
4,1510,1514,0.1388
3,1507,1510,0.1388
4,1510,1514,0.1388
4,1509,1513,0.1388
4,1514,1518,0.1388
4,1527,1531,0.1388
4,1518,1522,0.1388
4,1520,1524,0.1388
4,1516,1520,0.1388
4,1515,1519,0.1388
4,1517,1521,0.1388
5,1513,1518,0.1388
5,1511,1516,0.1388
5,1516,1521,0.1388
5,1509,1514,0.1388
5,1499,1504,0.1388
5,1508,1513,0.1388
6,1522,1528,0.1388
6,1506,1512,0.1388
5,1514,1519,0.1388
5,1503,1508,0.1388
4,1513,1517,0.1388
4,1511,1515,0.1388
4,1503,1507,0.1388
4,1522,1526,0.1388
4,1525,1529,0.1388
4,1529,1533,0.1388
4,1520,1524,0.1388
5,1528,1533,0.1388
5,1523,1528,0.1388
5,1518,1523,0.1388
5,1517,1522,0.1388
4,1516,1520,0.1388
4,1511,1515,0.1388
4,1501,1505,0.1388
4,1518,1522,0.1388
4,1517,1521,0.1388
4,1522,1526,0.1388
4,1521,1525,0.1388
3,1518,1521,0.1388
3,1522,1525,0.1388
3,1520,1523,0.1388
3,1524,1527,0.1388
3,1514,1517,0.1388
4,1514,1518,0.1388
4,1507,1511,0.1388
4,1505,1509,0.1388
4,1508,1512,0.1388
4,1504,1508,0.1388
4,1518,1522,0.1388
4,1526,1530,0.1388
4,1518,1522,0.1388
4,1512,1516,0.1388
4,1520,1524,0.1388
2,1514,1516,0.1388
2,1520,1522,0.1388
2,1503,1505,0.1388
2,1514,1516,0.1388
2,1501,1503,0.1388
2,1501,1503,0.1388
2,1513,1515,0.1388
2,1517,1519,0.1388
2,1506,1508,0.1388
2,1503,1505,0.1388
2,1499,1501,0.1388
2,1515,1517,0.1388
2,1525,1527,0.1388
2,1531,1533,0.1388
2,1524,1526,0.1388
2,1506,1508,0.1388
2,1517,1519,0.1388
1,1517,1518,0.1388
1,1520,1521,0.1388
1,1504,1505,0.1388
1,1499,1500,0.1388
1,1504,1505,0.1388
1,1516,1517,0.1388
1,1512,1513,0.1388
1,1507,1508,0.1388
1,1502,1503,0.1388
1,1513,1514,0.1388
0,1516,1516,0.1388
