1372,26,1398,0.1388
1411,27,1438,0.1388
1433,25,1458,0.1388
1446,26,1472,0.1388
1440,25,1465,0.1388
1444,26,1470,0.1388
1442,30,1472,0.1388
1445,30,1475,0.1388
1458,28,1486,0.1388
1455,30,1485,0.1388
1465,31,1496,0.1388
1462,31,1493,0.1388
1460,32,1492,0.1388
1450,32,1482,0.1388
1445,31,1476,0.1388
1455,30,1485,0.1388
1458,30,1488,0.1388
1463,30,1493,0.1388
1464,28,1492,0.1388
1452,28,1480,0.1388
1455,28,1483,0.1388
1468,28,1496,0.1388
1475,28,1503,0.1388
1461,28,1489,0.1388
1447,28,1475,0.1388
1463,28,1491,0.1388
1462,28,1490,0.1388
1462,29,1491,0.1388
1463,30,1493,0.1388
1460,29,1489,0.1388
1453,29,1482,0.1388
1463,27,1490,0.1388
1470,28,1498,0.1388
1466,30,1496,0.1388
1473,35,1508,0.1388
1466,35,1501,0.1388
1450,38,1488,0.1388
1442,41,1483,0.1388
1449,40,1489,0.1388
1444,39,1483,0.1388
1448,39,1487,0.1388
1451,39,1490,0.1388
1465,41,1506,0.1388
1436,43,1479,0.1388
1441,42,1483,0.1388
1447,42,1489,0.1388
1454,41,1495,0.1388
1463,42,1505,0.1388
1458,40,1498,0.1388
1459,42,1501,0.1388
1456,44,1500,0.1388
1456,44,1500,0.1388
1450,44,1494,0.1388
1444,44,1488,0.1388
1449,44,1493,0.1388
1435,44,1479,0.1388
1441,42,1483,0.1388
1437,40,1477,0.1388
1443,40,1483,0.1388
1442,42,1484,0.1388
1456,44,1500,0.1388
1457,45,1502,0.1388
1449,46,1495,0.1388
1450,46,1496,0.1388
1438,50,1488,0.1388
1434,50,1484,0.1388
1434,50,1484,0.1388
1437,54,1491,0.1388
1436,57,1493,0.1388
1445,55,1500,0.1388
1450,54,1504,0.1388
1450,54,1504,0.1388
1450,54,1504,0.1388
1442,53,1495,0.1388
1433,54,1487,0.1388
1445,54,1499,0.1388
1451,54,1505,0.1388
1450,57,1507,0.1388
1440,56,1496,0.1388
1450,55,1505,0.1388
1447,54,1501,0.1388
1443,52,1495,0.1388
1437,52,1489,0.1388
1420,49,1469,0.1388
1423,52,1475,0.1388
1425,51,1476,0.1388
1417,53,1470,0.1388
1417,55,1472,0.1388
1424,58,1482,0.1388
1422,60,1482,0.1388
1413,61,1474,0.1388
1425,60,1485,0.1388
1436,62,1498,0.1388
1419,59,1478,0.1388
1428,58,1486,0.1388
1416,59,1475,0.1388
1417,58,1475,0.1388
1420,58,1478,0.1388
1424,63,1487,0.1388
1435,63,1498,0.1388
1410,67,1477,0.1388
1414,70,1484,0.1388
1413,67,1480,0.1388
1412,70,1482,0.1388
1419,70,1489,0.1388
1426,70,1496,0.1388
1429,67,1496,0.1388
1428,68,1496,0.1388
1436,66,1502,0.1388
1432,68,1500,0.1388
1427,69,1496,0.1388
1429,67,1496,0.1388
1436,68,1504,0.1388
1441,70,1511,0.1388
1438,69,1507,0.1388
1430,71,1501,0.1388
1410,70,1480,0.1388
1410,70,1480,0.1388
1417,72,1489,0.1388
1415,72,1487,0.1388
1431,72,1503,0.1388
1425,75,1500,0.1388
1438,76,1514,0.1388
1433,75,1508,0.1388
1427,71,1498,0.1388
1425,69,1494,0.1388
1416,67,1483,0.1388
1431,66,1497,0.1388
1432,69,1501,0.1388
1432,71,1503,0.1388
1432,73,1505,0.1388
1437,74,1511,0.1388
1433,75,1508,0.1388
1431,73,1504,0.1388
1444,69,1513,0.1388
1435,68,1503,0.1388
1437,71,1508,0.1388
1430,73,1503,0.1388
1423,73,1496,0.1388
1418,73,1491,0.1388
1416,71,1487,0.1388
1414,69,1483,0.1388
1416,68,1484,0.1388
1427,69,1496,0.1388
1419,68,1487,0.1388
1424,70,1494,0.1388
1438,69,1507,0.1388
1430,69,1499,0.1388
1423,68,1491,0.1388
1425,67,1492,0.1388
1416,67,1483,0.1388
1414,68,1482,0.1388
1403,71,1474,0.1388
1407,70,1477,0.1388
1410,67,1477,0.1388
1429,62,1491,0.1388
1427,67,1494,0.1388
1410,67,1477,0.1388
1412,68,1480,0.1388
1408,73,1481,0.1388
1422,70,1492,0.1388
1414,70,1484,0.1388
1423,69,1492,0.1388
1415,69,1484,0.1388
1420,71,1491,0.1388
1430,71,1501,0.1388
1422,69,1491,0.1388
1418,72,1490,0.1388
1418,72,1490,0.1388
1429,73,1502,0.1388
1422,73,1495,0.1388
1428,76,1504,0.1388
1420,79,1499,0.1388
1414,82,1496,0.1388
1418,83,1501,0.1388
1412,83,1495,0.1388
1411,85,1496,0.1388
1419,87,1506,0.1388
1404,88,1492,0.1388
1398,84,1482,0.1388
1401,83,1484,0.1388
1409,83,1492,0.1388
1400,83,1483,0.1388
1395,83,1478,0.1388
1402,81,1483,0.1388
1416,81,1497,0.1388
1422,82,1504,0.1388
1417,83,1500,0.1388
1405,84,1489,0.1388
1416,83,1499,0.1388
1411,78,1489,0.1388
1411,81,1492,0.1388
1407,84,1491,0.1388
1407,84,1491,0.1388
1399,83,1482,0.1388
1394,82,1476,0.1388
1395,86,1481,0.1388
1397,86,1483,0.1388
1410,84,1494,0.1388
1409,82,1491,0.1388
1396,85,1481,0.1388
1396,83,1479,0.1388
1394,87,1481,0.1388
1395,90,1485,0.1388
1402,91,1493,0.1388
1396,91,1487,0.1388
1401,89,1490,0.1388
1393,89,1482,0.1388
1397,91,1488,0.1388
1399,92,1491,0.1388
1406,91,1497,0.1388
1396,91,1487,0.1388
1395,89,1484,0.1388
1401,87,1488,0.1388
1405,87,1492,0.1388
1409,84,1493,0.1388
1397,88,1485,0.1388
1391,83,1474,0.1388
1403,84,1487,0.1388
1402,85,1487,0.1388
1408,85,1493,0.1388
1394,81,1475,0.1388
1407,82,1489,0.1388
1410,81,1491,0.1388
1399,77,1476,0.1388
1395,78,1473,0.1388
1404,79,1483,0.1388
1419,78,1497,0.1388
1418,81,1499,0.1388
1414,82,1496,0.1388
1415,78,1493,0.1388
1432,77,1509,0.1388
1436,77,1513,0.1388
1435,74,1509,0.1388
1425,77,1502,0.1388
1421,74,1495,0.1388
1426,76,1502,0.1388
1428,76,1504,0.1388
1412,73,1485,0.1388
1415,72,1487,0.1388
1408,76,1484,0.1388
1424,76,1500,0.1388
1411,74,1485,0.1388
1420,73,1493,0.1388
1424,75,1499,0.1388
1417,77,1494,0.1388
1411,79,1490,0.1388
1396,79,1475,0.1388
1393,79,1472,0.1388
1412,82,1494,0.1388
1407,78,1485,0.1388
1405,80,1485,0.1388
1412,86,1498,0.1388
1427,86,1513,0.1388
1416,86,1502,0.1388
1422,84,1506,0.1388
1420,84,1504,0.1388
1424,82,1506,0.1388
1412,81,1493,0.1388
1410,80,1490,0.1388
1401,82,1483,0.1388
1399,85,1484,0.1388
1396,86,1482,0.1388
1407,86,1493,0.1388
1417,81,1498,0.1388
1415,81,1496,0.1388
1412,84,1496,0.1388
1420,81,1501,0.1388
1447,81,1528,0.1388
1445,79,1524,0.1388
1429,78,1507,0.1388
1435,76,1511,0.1388
1428,78,1506,0.1388
1428,80,1508,0.1388
1423,80,1503,0.1388
1420,78,1498,0.1388
1427,80,1507,0.1388
1421,80,1501,0.1388
1421,81,1502,0.1388
1428,79,1507,0.1388
1423,78,1501,0.1388
1433,74,1507,0.1388
1431,73,1504,0.1388
1422,73,1495,0.1388
1420,72,1492,0.1388
1425,77,1502,0.1388
1423,79,1502,0.1388
1424,77,1501,0.1388
1436,78,1514,0.1388
1429,76,1505,0.1388
1430,73,1503,0.1388
1424,71,1495,0.1388
1413,71,1484,0.1388
1412,67,1479,0.1388
1416,73,1489,0.1388
1402,76,1478,0.1388
1410,74,1484,0.1388
1402,76,1478,0.1388
1390,75,1465,0.1388
1399,77,1476,0.1388
1401,77,1478,0.1388
1403,76,1479,0.1388
1417,73,1490,0.1388
1422,75,1497,0.1388
1418,76,1494,0.1388
1404,76,1480,0.1388
1403,78,1481,0.1388
1412,79,1491,0.1388
1408,78,1486,0.1388
1413,79,1492,0.1388
1406,76,1482,0.1388
1406,78,1484,0.1388
1415,79,1494,0.1388
1404,77,1481,0.1388
1410,80,1490,0.1388
1421,80,1501,0.1388
1423,83,1506,0.1388
1418,79,1497,0.1388
1409,81,1490,0.1388
1411,84,1495,0.1388
1404,86,1490,0.1388
1392,91,1483,0.1388
1399,90,1489,0.1388
1397,92,1489,0.1388
1393,89,1482,0.1388
1402,92,1494,0.1388
1418,91,1509,0.1388
1405,93,1498,0.1388
1410,94,1504,0.1388
1407,93,1500,0.1388
1399,95,1494,0.1388
1405,95,1500,0.1388
1392,101,1493,0.1388
1391,102,1493,0.1388
1388,105,1493,0.1388
1379,107,1486,0.1388
1380,108,1488,0.1388
1397,105,1502,0.1388
1400,106,1506,0.1388
1394,108,1502,0.1388
1398,107,1505,0.1388
1392,106,1498,0.1388
1392,106,1498,0.1388
1377,108,1485,0.1388
1374,112,1486,0.1388
1368,111,1479,0.1388
1373,117,1490,0.1388
1375,117,1492,0.1388
1380,120,1500,0.1388
1380,124,1504,0.1388
1378,121,1499,0.1388
1371,122,1493,0.1388
1377,122,1499,0.1388
1383,122,1505,0.1388
1369,123,1492,0.1388
1366,122,1488,0.1388
1360,123,1483,0.1388
1351,124,1475,0.1388
1367,126,1493,0.1388
1374,126,1500,0.1388
1374,128,1502,0.1388
1369,132,1501,0.1388
1368,131,1499,0.1388
1360,131,1491,0.1388
1368,134,1502,0.1388
1361,134,1495,0.1388
1365,137,1502,0.1388
1359,136,1495,0.1388
1352,137,1489,0.1388
1361,139,1500,0.1388
1345,138,1483,0.1388
1342,141,1483,0.1388
1351,140,1491,0.1388
1347,145,1492,0.1388
1355,141,1496,0.1388
1355,143,1498,0.1388
1341,142,1483,0.1388
1352,143,1495,0.1388
1358,143,1501,0.1388
1347,144,1491,0.1388
1357,148,1505,0.1388
1347,149,1496,0.1388
1336,147,1483,0.1388
1343,144,1487,0.1388
1349,146,1495,0.1388
1348,147,1495,0.1388
1360,145,1505,0.1388
1365,144,1509,0.1388
1357,145,1502,0.1388
1356,144,1500,0.1388
1355,145,1500,0.1388
1343,143,1486,0.1388
1339,143,1482,0.1388
1341,146,1487,0.1388
1347,148,1495,0.1388
1355,151,1506,0.1388
1361,150,1511,0.1388
1356,147,1503,0.1388
1357,147,1504,0.1388
1349,150,1499,0.1388
1359,151,1510,0.1388
1350,149,1499,0.1388
1343,156,1499,0.1388
1353,159,1512,0.1388
1345,160,1505,0.1388
1340,158,1498,0.1388
1339,159,1498,0.1388
1320,159,1479,0.1388
1311,158,1469,0.1388
1318,159,1477,0.1388
1321,156,1477,0.1388
1318,161,1479,0.1388
1311,157,1468,0.1388
1322,160,1482,0.1388
1311,166,1477,0.1388
1304,163,1467,0.1388
1305,159,1464,0.1388
1318,159,1477,0.1388
1327,161,1488,0.1388
1331,163,1494,0.1388
1334,162,1496,0.1388
1328,160,1488,0.1388
1324,159,1483,0.1388
1327,164,1491,0.1388
1323,162,1485,0.1388
1323,160,1483,0.1388
1318,160,1478,0.1388
1321,165,1486,0.1388
1319,165,1484,0.1388
1315,165,1480,0.1388
1320,162,1482,0.1388
1327,170,1497,0.1388
1341,173,1514,0.1388
1320,169,1489,0.1388
1322,169,1491,0.1388
1319,171,1490,0.1388
1322,173,1495,0.1388
1311,173,1484,0.1388
1315,170,1485,0.1388
1316,172,1488,0.1388
1317,179,1496,0.1388
1315,177,1492,0.1388
1310,179,1489,0.1388
1312,182,1494,0.1388
1306,181,1487,0.1388
1296,181,1477,0.1388
1296,186,1482,0.1388
1292,186,1478,0.1388
1307,185,1492,0.1388
1329,187,1516,0.1388
1330,188,1518,0.1388
1328,188,1516,0.1388
1319,186,1505,0.1388
1321,184,1505,0.1388
1318,187,1505,0.1388
1325,185,1510,0.1388
1323,189,1512,0.1388
1317,187,1504,0.1388
1309,190,1499,0.1388
1318,190,1508,0.1388
1311,189,1500,0.1388
1314,186,1500,0.1388
1308,186,1494,0.1388
1285,189,1474,0.1388
1287,191,1478,0.1388
1286,188,1474,0.1388
1289,193,1482,0.1388
1285,193,1478,0.1388
1295,192,1487,0.1388
1315,189,1504,0.1388
1300,188,1488,0.1388
1296,190,1486,0.1388
1297,193,1490,0.1388
1301,192,1493,0.1388
1304,194,1498,0.1388
1300,192,1492,0.1388
1313,192,1505,0.1388
1305,195,1500,0.1388
1311,193,1504,0.1388
1313,191,1504,0.1388
1313,193,1506,0.1388
1308,195,1503,0.1388
1306,195,1501,0.1388
1297,196,1493,0.1388
1292,200,1492,0.1388
1295,197,1492,0.1388
1310,194,1504,0.1388
1293,199,1492,0.1388
1302,195,1497,0.1388
1286,198,1484,0.1388
1279,199,1478,0.1388
1278,203,1481,0.1388
1275,208,1483,0.1388
1274,208,1482,0.1388
1267,211,1478,0.1388
1269,211,1480,0.1388
1281,220,1501,0.1388
1281,221,1502,0.1388
1278,220,1498,0.1388
1273,224,1497,0.1388
1266,224,1490,0.1388
1270,225,1495,0.1388
1274,228,1502,0.1388
1279,229,1508,0.1388
1286,231,1517,0.1388
1269,227,1496,0.1388
1259,231,1490,0.1388
1261,231,1492,0.1388
1273,235,1508,0.1388
1285,233,1518,0.1388
1280,228,1508,0.1388
1289,233,1522,0.1388
1282,233,1515,0.1388
1284,238,1522,0.1388
1277,237,1514,0.1388
1247,237,1484,0.1388
1244,238,1482,0.1388
1236,244,1480,0.1388
1238,247,1485,0.1388
1248,248,1496,0.1388
1247,245,1492,0.1388
1241,250,1491,0.1388
1247,245,1492,0.1388
1247,249,1496,0.1388
1262,250,1512,0.1388
1274,245,1519,0.1388
1268,247,1515,0.1388
1267,248,1515,0.1388
1274,243,1517,0.1388
1263,245,1508,0.1388
1254,247,1501,0.1388
1255,245,1500,0.1388
1248,251,1499,0.1388
1242,252,1494,0.1388
1238,255,1493,0.1388
1224,264,1488,0.1388
1229,261,1490,0.1388
1231,256,1487,0.1388
1230,252,1482,0.1388
1222,252,1474,0.1388
1235,260,1495,0.1388
1238,260,1498,0.1388
1249,264,1513,0.1388
1242,258,1500,0.1388
1253,255,1508,0.1388
1244,246,1490,0.1388
1238,245,1483,0.1388
1237,252,1489,0.1388
1224,253,1477,0.1388
1230,257,1487,0.1388
1243,263,1506,0.1388
1247,260,1507,0.1388
1238,260,1498,0.1388
1238,257,1495,0.1388
1240,252,1492,0.1388
1217,253,1470,0.1388
1219,257,1476,0.1388
1220,264,1484,0.1388
1217,262,1479,0.1388
1229,264,1493,0.1388
1236,266,1502,0.1388
1239,265,1504,0.1388
1234,261,1495,0.1388
1234,260,1494,0.1388
1235,257,1492,0.1388
1237,259,1496,0.1388
1242,260,1502,0.1388
1229,261,1490,0.1388
1234,263,1497,0.1388
1234,265,1499,0.1388
1230,269,1499,0.1388
1241,269,1510,0.1388
1235,266,1501,0.1388
1223,269,1492,0.1388
1222,273,1495,0.1388
1219,272,1491,0.1388
1207,272,1479,0.1388
1219,267,1486,0.1388
1222,272,1494,0.1388
1222,272,1494,0.1388
1219,276,1495,0.1388
1221,276,1497,0.1388
1226,269,1495,0.1388
1210,274,1484,0.1388
1203,273,1476,0.1388
1222,274,1496,0.1388
1222,274,1496,0.1388
1229,274,1503,0.1388
1233,279,1512,0.1388
1218,282,1500,0.1388
1220,280,1500,0.1388
1209,281,1490,0.1388
1217,285,1502,0.1388
1202,283,1485,0.1388
1203,281,1484,0.1388
1210,275,1485,0.1388
1210,273,1483,0.1388
1216,277,1493,0.1388
1207,275,1482,0.1388
1213,273,1486,0.1388
1207,270,1477,0.1388
1210,273,1483,0.1388
1213,272,1485,0.1388
1207,268,1475,0.1388
1207,272,1479,0.1388
1219,273,1492,0.1388
1206,275,1481,0.1388
1205,274,1479,0.1388
1214,277,1491,0.1388
1215,279,1494,0.1388
1213,282,1495,0.1388
1221,283,1504,0.1388
1216,286,1502,0.1388
1215,283,1498,0.1388
1201,283,1484,0.1388
1195,288,1483,0.1388
1194,291,1485,0.1388
1191,290,1481,0.1388
1198,298,1496,0.1388
1190,297,1487,0.1388
1197,293,1490,0.1388
1193,291,1484,0.1388
1186,295,1481,0.1388
1192,304,1496,0.1388
1188,304,1492,0.1388
1184,309,1493,0.1388
1187,310,1497,0.1388
1191,309,1500,0.1388
1193,305,1498,0.1388
1191,298,1489,0.1388
1181,298,1479,0.1388
1182,304,1486,0.1388
1190,311,1501,0.1388
1189,307,1496,0.1388
1179,304,1483,0.1388
1172,300,1472,0.1388
1187,302,1489,0.1388
1180,306,1486,0.1388
1183,304,1487,0.1388
1190,308,1498,0.1388
1187,308,1495,0.1388
1189,313,1502,0.1388
1190,313,1503,0.1388
1180,315,1495,0.1388
1175,317,1492,0.1388
1173,312,1485,0.1388
1165,316,1481,0.1388
1183,317,1500,0.1388
1177,316,1493,0.1388
1173,318,1491,0.1388
1183,315,1498,0.1388
1177,314,1491,0.1388
1178,318,1496,0.1388
1179,327,1506,0.1388
1171,325,1496,0.1388
1172,323,1495,0.1388
1179,329,1508,0.1388
1174,334,1508,0.1388
1180,331,1511,0.1388
1181,326,1507,0.1388
1185,324,1509,0.1388
1186,328,1514,0.1388
1186,324,1510,0.1388
1177,330,1507,0.1388
1175,328,1503,0.1388
1172,326,1498,0.1388
1163,321,1484,0.1388
1157,322,1479,0.1388
1164,323,1487,0.1388
1165,329,1494,0.1388
1163,333,1496,0.1388
1158,336,1494,0.1388
1159,342,1501,0.1388
1148,344,1492,0.1388
1143,343,1486,0.1388
1148,348,1496,0.1388
1141,346,1487,0.1388
1136,353,1489,0.1388
1142,354,1496,0.1388
1141,355,1496,0.1388
1151,355,1506,0.1388
1142,359,1501,0.1388
1139,363,1502,0.1388
1151,362,1513,0.1388
1152,361,1513,0.1388
1147,358,1505,0.1388
1130,362,1492,0.1388
1130,366,1496,0.1388
1123,363,1486,0.1388
1125,373,1498,0.1388
1129,370,1499,0.1388
1133,374,1507,0.1388
1135,383,1518,0.1388
1141,378,1519,0.1388
1139,377,1516,0.1388
1132,385,1517,0.1388
1121,391,1512,0.1388
1126,390,1516,0.1388
1123,387,1510,0.1388
1104,382,1486,0.1388
1112,387,1499,0.1388
1113,388,1501,0.1388
1117,391,1508,0.1388
1114,389,1503,0.1388
1106,389,1495,0.1388
1104,392,1496,0.1388
1118,393,1511,0.1388
1109,393,1502,0.1388
1115,402,1517,0.1388
1111,404,1515,0.1388
1107,396,1503,0.1388
1108,394,1502,0.1388
1113,391,1504,0.1388
1106,394,1500,0.1388
1100,402,1502,0.1388
1102,408,1510,0.1388
1109,409,1518,0.1388
1108,402,1510,0.1388
1101,398,1499,0.1388
1105,396,1501,0.1388
1100,396,1496,0.1388
1105,391,1496,0.1388
1104,397,1501,0.1388
1100,395,1495,0.1388
1099,399,1498,0.1388
1085,391,1476,0.1388
1095,394,1489,0.1388
1090,401,1491,0.1388
1095,401,1496,0.1388
1094,403,1497,0.1388
1090,402,1492,0.1388
1097,404,1501,0.1388
1092,408,1500,0.1388
1089,408,1497,0.1388
1086,412,1498,0.1388
1078,414,1492,0.1388
1077,417,1494,0.1388
1068,427,1495,0.1388
1069,418,1487,0.1388
1077,423,1500,0.1388
1075,426,1501,0.1388
1087,420,1507,0.1388
1087,419,1506,0.1388
1084,420,1504,0.1388
1086,411,1497,0.1388
1082,411,1493,0.1388
1078,409,1487,0.1388
1059,423,1482,0.1388
1064,419,1483,0.1388
1065,416,1481,0.1388
1064,415,1479,0.1388
1063,425,1488,0.1388
1064,428,1492,0.1388
1074,428,1502,0.1388
1069,430,1499,0.1388
1072,425,1497,0.1388
1058,422,1480,0.1388
1072,423,1495,0.1388
1060,425,1485,0.1388
1067,432,1499,0.1388
1073,442,1515,0.1388
1063,440,1503,0.1388
1051,442,1493,0.1388
1046,441,1487,0.1388
1026,442,1468,0.1388
1028,452,1480,0.1388
1040,449,1489,0.1388
1043,443,1486,0.1388
1044,453,1497,0.1388
1048,450,1498,0.1388
1049,457,1506,0.1388
1056,459,1515,0.1388
1056,456,1512,0.1388
1051,450,1501,0.1388
1051,443,1494,0.1388
1051,451,1502,0.1388
1050,451,1501,0.1388
1045,453,1498,0.1388
1050,448,1498,0.1388
1036,445,1481,0.1388
1037,447,1484,0.1388
1041,448,1489,0.1388
1029,448,1477,0.1388
1025,454,1479,0.1388
1038,465,1503,0.1388
1044,461,1505,0.1388
1040,453,1493,0.1388
1034,448,1482,0.1388
1041,454,1495,0.1388
1029,456,1485,0.1388
1039,465,1504,0.1388
1038,464,1502,0.1388
1042,465,1507,0.1388
1036,469,1505,0.1388
1026,470,1496,0.1388
1028,467,1495,0.1388
1025,460,1485,0.1388
1020,461,1481,0.1388
1022,462,1484,0.1388
1031,463,1494,0.1388
1019,475,1494,0.1388
1015,468,1483,0.1388
1017,462,1479,0.1388
1031,468,1499,0.1388
1031,477,1508,0.1388
1025,473,1498,0.1388
1023,473,1496,0.1388
1013,482,1495,0.1388
1011,476,1487,0.1388
1022,479,1501,0.1388
1020,480,1500,0.1388
1024,483,1507,0.1388
1028,485,1513,0.1388
1017,480,1497,0.1388
1015,476,1491,0.1388
1013,475,1488,0.1388
1012,472,1484,0.1388
1029,467,1496,0.1388
1018,469,1487,0.1388
1012,475,1487,0.1388
1016,476,1492,0.1388
1030,472,1502,0.1388
1044,469,1513,0.1388
1038,476,1514,0.1388
1040,486,1526,0.1388
1028,483,1511,0.1388
1036,488,1524,0.1388
1031,487,1518,0.1388
1025,481,1506,0.1388
1017,482,1499,0.1388
1024,488,1512,0.1388
1015,487,1502,0.1388
1008,490,1498,0.1388
1012,498,1510,0.1388
992,493,1485,0.1388
988,502,1490,0.1388
991,503,1494,0.1388
982,506,1488,0.1388
985,499,1484,0.1388
984,501,1485,0.1388
995,497,1492,0.1388
996,496,1492,0.1388
992,506,1498,0.1388
989,508,1497,0.1388
994,503,1497,0.1388
997,501,1498,0.1388
994,502,1496,0.1388
995,510,1505,0.1388
990,508,1498,0.1388
984,507,1491,0.1388
992,503,1495,0.1388
1006,503,1509,0.1388
1010,502,1512,0.1388
1004,505,1509,0.1388
990,506,1496,0.1388
981,512,1493,0.1388
984,515,1499,0.1388
986,510,1496,0.1388
991,510,1501,0.1388
991,518,1509,0.1388
991,514,1505,0.1388
984,524,1508,0.1388
984,521,1505,0.1388
985,525,1510,0.1388
986,521,1507,0.1388
1001,515,1516,0.1388
989,515,1504,0.1388
973,500,1473,0.1388
970,504,1474,0.1388
975,510,1485,0.1388
973,514,1487,0.1388
971,522,1493,0.1388
977,522,1499,0.1388
982,518,1500,0.1388
972,521,1493,0.1388
967,526,1493,0.1388
961,521,1482,0.1388
972,523,1495,0.1388
968,527,1495,0.1388
969,533,1502,0.1388
971,533,1504,0.1388
973,526,1499,0.1388
969,531,1500,0.1388
967,537,1504,0.1388
963,542,1505,0.1388
959,541,1500,0.1388
968,554,1522,0.1388
971,547,1518,0.1388
968,543,1511,0.1388
959,544,1503,0.1388
960,545,1505,0.1388
967,547,1514,0.1388
962,554,1516,0.1388
964,556,1520,0.1388
964,545,1509,0.1388
971,547,1518,0.1388
963,547,1510,0.1388
958,545,1503,0.1388
954,544,1498,0.1388
953,546,1499,0.1388
945,542,1487,0.1388
956,541,1497,0.1388
964,546,1510,0.1388
968,536,1504,0.1388
970,538,1508,0.1388
981,534,1515,0.1388
965,542,1507,0.1388
962,537,1499,0.1388
965,537,1502,0.1388
969,538,1507,0.1388
963,539,1502,0.1388
972,538,1510,0.1388
959,537,1496,0.1388
961,541,1502,0.1388
963,544,1507,0.1388
957,544,1501,0.1388
956,546,1502,0.1388
956,543,1499,0.1388
951,543,1494,0.1388
954,551,1505,0.1388
954,548,1502,0.1388
953,552,1505,0.1388
952,549,1501,0.1388
945,551,1496,0.1388
935,559,1494,0.1388
941,558,1499,0.1388
937,553,1490,0.1388
942,559,1501,0.1388
946,551,1497,0.1388
945,560,1505,0.1388
948,571,1519,0.1388
945,572,1517,0.1388
943,573,1516,0.1388
941,572,1513,0.1388
926,574,1500,0.1388
933,583,1516,0.1388
932,588,1520,0.1388
932,579,1511,0.1388
939,585,1524,0.1388
935,582,1517,0.1388
930,577,1507,0.1388
918,580,1498,0.1388
913,579,1492,0.1388
909,580,1489,0.1388
914,591,1505,0.1388
905,597,1502,0.1388
903,593,1496,0.1388
903,596,1499,0.1388
907,595,1502,0.1388
912,590,1502,0.1388
909,602,1511,0.1388
906,603,1509,0.1388
911,605,1516,0.1388
906,605,1511,0.1388
914,597,1511,0.1388
919,606,1525,0.1388
915,608,1523,0.1388
903,606,1509,0.1388
909,605,1514,0.1388
904,611,1515,0.1388
896,611,1507,0.1388
896,601,1497,0.1388
896,613,1509,0.1388
890,607,1497,0.1388
897,606,1503,0.1388
896,609,1505,0.1388
895,615,1510,0.1388
886,623,1509,0.1388
882,622,1504,0.1388
869,620,1489,0.1388
888,626,1514,0.1388
887,616,1503,0.1388
888,614,1502,0.1388
889,611,1500,0.1388
896,613,1509,0.1388
890,615,1505,0.1388
869,618,1487,0.1388
883,613,1496,0.1388
874,627,1501,0.1388
873,623,1496,0.1388
876,619,1495,0.1388
878,624,1502,0.1388
877,616,1493,0.1388
868,624,1492,0.1388
878,626,1504,0.1388
868,641,1509,0.1388
862,638,1500,0.1388
853,642,1495,0.1388
860,653,1513,0.1388
852,654,1506,0.1388
858,654,1512,0.1388
864,648,1512,0.1388
857,649,1506,0.1388
860,641,1501,0.1388
856,629,1485,0.1388
853,633,1486,0.1388
851,639,1490,0.1388
852,647,1499,0.1388
853,647,1500,0.1388
853,653,1506,0.1388
852,653,1505,0.1388
842,646,1488,0.1388
850,647,1497,0.1388
850,654,1504,0.1388
853,656,1509,0.1388
865,654,1519,0.1388
858,651,1509,0.1388
856,650,1506,0.1388
859,644,1503,0.1388
855,645,1500,0.1388
856,646,1502,0.1388
847,645,1492,0.1388
838,644,1482,0.1388
843,651,1494,0.1388
839,652,1491,0.1388
838,669,1507,0.1388
836,664,1500,0.1388
844,662,1506,0.1388
847,665,1512,0.1388
846,668,1514,0.1388
837,660,1497,0.1388
842,658,1500,0.1388
837,663,1500,0.1388
834,647,1481,0.1388
842,660,1502,0.1388
847,666,1513,0.1388
854,672,1526,0.1388
842,674,1516,0.1388
829,666,1495,0.1388
826,666,1492,0.1388
839,663,1502,0.1388
845,661,1506,0.1388
840,664,1504,0.1388
828,664,1492,0.1388
816,668,1484,0.1388
821,671,1492,0.1388
805,680,1485,0.1388
798,686,1484,0.1388
799,690,1489,0.1388
808,687,1495,0.1388
807,690,1497,0.1388
804,687,1491,0.1388
812,684,1496,0.1388
810,676,1486,0.1388
813,684,1497,0.1388
817,685,1502,0.1388
818,689,1507,0.1388
814,690,1504,0.1388
803,692,1495,0.1388
797,690,1487,0.1388
793,700,1493,0.1388
804,708,1512,0.1388
806,711,1517,0.1388
809,711,1520,0.1388
790,713,1503,0.1388
798,716,1514,0.1388
806,718,1524,0.1388
806,708,1514,0.1388
810,697,1507,0.1388
795,704,1499,0.1388
795,711,1506,0.1388
798,711,1509,0.1388
800,706,1506,0.1388
801,706,1507,0.1388
807,704,1511,0.1388
801,713,1514,0.1388
788,712,1500,0.1388
788,713,1501,0.1388
789,704,1493,0.1388
786,717,1503,0.1388
789,719,1508,0.1388
783,714,1497,0.1388
777,713,1490,0.1388
777,714,1491,0.1388
776,716,1492,0.1388
769,731,1500,0.1388
773,738,1511,0.1388
778,731,1509,0.1388
766,734,1500,0.1388
770,734,1504,0.1388
768,740,1508,0.1388
772,732,1504,0.1388
772,745,1517,0.1388
769,747,1516,0.1388
779,744,1523,0.1388
770,747,1517,0.1388
762,741,1503,0.1388
767,735,1502,0.1388
769,735,1504,0.1388
775,746,1521,0.1388
776,741,1517,0.1388
775,731,1506,0.1388
768,741,1509,0.1388
771,737,1508,0.1388
767,733,1500,0.1388
768,737,1505,0.1388
767,737,1504,0.1388
767,746,1513,0.1388
764,741,1505,0.1388
756,735,1491,0.1388
749,734,1483,0.1388
745,749,1494,0.1388
752,742,1494,0.1388
756,743,1499,0.1388
758,750,1508,0.1388
766,756,1522,0.1388
756,757,1513,0.1388
759,751,1510,0.1388
750,753,1503,0.1388
740,760,1500,0.1388
741,769,1510,0.1388
738,773,1511,0.1388
738,777,1515,0.1388
728,767,1495,0.1388
722,779,1501,0.1388
720,780,1500,0.1388
713,790,1503,0.1388
702,783,1485,0.1388
700,789,1489,0.1388
706,796,1502,0.1388
708,797,1505,0.1388
722,779,1501,0.1388
714,772,1486,0.1388
722,772,1494,0.1388
721,786,1507,0.1388
717,783,1500,0.1388
706,792,1498,0.1388
711,794,1505,0.1388
722,790,1512,0.1388
722,793,1515,0.1388
728,789,1517,0.1388
711,788,1499,0.1388
710,783,1493,0.1388
704,787,1491,0.1388
704,782,1486,0.1388
711,783,1494,0.1388
704,803,1507,0.1388
711,794,1505,0.1388
715,790,1505,0.1388
705,786,1491,0.1388
699,784,1483,0.1388
705,793,1498,0.1388
700,799,1499,0.1388
704,793,1497,0.1388
712,799,1511,0.1388
717,800,1517,0.1388
722,797,1519,0.1388
726,798,1524,0.1388
726,801,1527,0.1388
727,798,1525,0.1388
724,796,1520,0.1388
717,794,1511,0.1388
722,789,1511,0.1388
723,792,1515,0.1388
726,784,1510,0.1388
722,793,1515,0.1388
719,784,1503,0.1388
724,780,1504,0.1388
717,786,1503,0.1388
714,788,1502,0.1388
717,791,1508,0.1388
724,787,1511,0.1388
730,789,1519,0.1388
721,798,1519,0.1388
722,787,1509,0.1388
733,785,1518,0.1388
726,794,1520,0.1388
720,794,1514,0.1388
721,794,1515,0.1388
729,792,1521,0.1388
729,786,1515,0.1388
730,781,1511,0.1388
714,790,1504,0.1388
705,790,1495,0.1388
697,783,1480,0.1388
711,784,1495,0.1388
706,783,1489,0.1388
704,788,1492,0.1388
709,784,1493,0.1388
708,784,1492,0.1388
702,788,1490,0.1388
708,785,1493,0.1388
710,793,1503,0.1388
696,799,1495,0.1388
688,788,1476,0.1388
691,802,1493,0.1388
689,807,1496,0.1388
694,809,1503,0.1388
699,811,1510,0.1388
698,805,1503,0.1388
701,804,1505,0.1388
711,804,1515,0.1388
714,807,1521,0.1388
707,814,1521,0.1388
698,812,1510,0.1388
697,812,1509,0.1388
700,814,1514,0.1388
699,804,1503,0.1388
702,802,1504,0.1388
702,806,1508,0.1388
703,807,1510,0.1388
699,814,1513,0.1388
702,811,1513,0.1388
696,803,1499,0.1388
700,808,1508,0.1388
707,813,1520,0.1388
707,814,1521,0.1388
707,812,1519,0.1388
705,818,1523,0.1388
701,812,1513,0.1388
699,814,1513,0.1388
692,809,1501,0.1388
684,814,1498,0.1388
693,810,1503,0.1388
697,807,1504,0.1388
694,808,1502,0.1388
688,807,1495,0.1388
705,804,1509,0.1388
701,807,1508,0.1388
696,802,1498,0.1388
696,795,1491,0.1388
698,805,1503,0.1388
705,803,1508,0.1388
700,803,1503,0.1388
709,815,1524,0.1388
698,821,1519,0.1388
700,812,1512,0.1388
700,817,1517,0.1388
684,812,1496,0.1388
691,809,1500,0.1388
683,810,1493,0.1388
681,800,1481,0.1388
686,809,1495,0.1388
682,807,1489,0.1388
685,814,1499,0.1388
687,819,1506,0.1388
686,820,1506,0.1388
689,820,1509,0.1388
679,826,1505,0.1388
679,818,1497,0.1388
688,817,1505,0.1388
683,821,1504,0.1388
686,820,1506,0.1388
685,825,1510,0.1388
682,820,1502,0.1388
682,833,1515,0.1388
683,838,1521,0.1388
675,839,1514,0.1388
668,832,1500,0.1388
676,832,1508,0.1388
677,832,1509,0.1388
681,832,1513,0.1388
672,830,1502,0.1388
678,826,1504,0.1388
680,826,1506,0.1388
680,826,1506,0.1388
682,815,1497,0.1388
674,817,1491,0.1388
672,816,1488,0.1388
675,818,1493,0.1388
679,813,1492,0.1388
679,828,1507,0.1388
676,821,1497,0.1388
672,831,1503,0.1388
663,825,1488,0.1388
669,828,1497,0.1388
676,828,1504,0.1388
667,833,1500,0.1388
671,834,1505,0.1388
668,829,1497,0.1388
662,837,1499,0.1388
653,831,1484,0.1388
662,836,1498,0.1388
662,834,1496,0.1388
661,839,1500,0.1388
664,835,1499,0.1388
666,836,1502,0.1388
662,844,1506,0.1388
649,848,1497,0.1388
657,854,1511,0.1388
656,862,1518,0.1388
661,861,1522,0.1388
663,854,1517,0.1388
657,850,1507,0.1388
651,863,1514,0.1388
653,861,1514,0.1388
651,861,1512,0.1388
659,851,1510,0.1388
647,858,1505,0.1388
642,849,1491,0.1388
644,861,1505,0.1388
647,864,1511,0.1388
652,866,1518,0.1388
658,864,1522,0.1388
654,865,1519,0.1388
645,869,1514,0.1388
640,856,1496,0.1388
649,865,1514,0.1388
642,880,1522,0.1388
637,876,1513,0.1388
642,868,1510,0.1388
634,879,1513,0.1388
638,880,1518,0.1388
635,874,1509,0.1388
633,880,1513,0.1388
624,870,1494,0.1388
625,877,1502,0.1388
625,877,1502,0.1388
632,874,1506,0.1388
628,879,1507,0.1388
635,870,1505,0.1388
641,872,1513,0.1388
639,873,1512,0.1388
629,876,1505,0.1388
621,871,1492,0.1388
634,868,1502,0.1388
635,877,1512,0.1388
634,872,1506,0.1388
627,871,1498,0.1388
629,870,1499,0.1388
632,876,1508,0.1388
631,887,1518,0.1388
632,869,1501,0.1388
630,874,1504,0.1388
634,882,1516,0.1388
627,882,1509,0.1388
623,882,1505,0.1388
627,875,1502,0.1388
629,875,1504,0.1388
619,876,1495,0.1388
629,874,1503,0.1388
625,870,1495,0.1388
615,883,1498,0.1388
605,877,1482,0.1388
614,885,1499,0.1388
619,882,1501,0.1388
626,883,1509,0.1388
627,889,1516,0.1388
629,897,1526,0.1388
631,898,1529,0.1388
626,889,1515,0.1388
626,891,1517,0.1388
618,886,1504,0.1388
619,891,1510,0.1388
616,896,1512,0.1388
618,894,1512,0.1388
625,900,1525,0.1388
623,894,1517,0.1388
617,898,1515,0.1388
622,897,1519,0.1388
624,897,1521,0.1388
617,900,1517,0.1388
613,892,1505,0.1388
615,893,1508,0.1388
613,900,1513,0.1388
609,896,1505,0.1388
606,914,1520,0.1388
605,907,1512,0.1388
604,907,1511,0.1388
603,900,1503,0.1388
603,898,1501,0.1388
607,896,1503,0.1388
601,904,1505,0.1388
601,915,1516,0.1388
594,914,1508,0.1388
604,922,1526,0.1388
592,921,1513,0.1388
591,918,1509,0.1388
598,911,1509,0.1388
605,914,1519,0.1388
597,914,1511,0.1388
601,895,1496,0.1388
600,901,1501,0.1388
590,895,1485,0.1388
588,904,1492,0.1388
586,907,1493,0.1388
582,904,1486,0.1388
591,915,1506,0.1388
591,919,1510,0.1388
592,926,1518,0.1388
594,923,1517,0.1388
588,929,1517,0.1388
590,935,1525,0.1388
586,936,1522,0.1388
577,939,1516,0.1388
575,940,1515,0.1388
572,939,1511,0.1388
571,934,1505,0.1388
574,940,1514,0.1388
573,940,1513,0.1388
572,937,1509,0.1388
569,936,1505,0.1388
555,929,1484,0.1388
552,940,1492,0.1388
554,937,1491,0.1388
556,946,1502,0.1388
561,954,1515,0.1388
564,944,1508,0.1388
570,944,1514,0.1388
565,952,1517,0.1388
558,966,1524,0.1388
555,959,1514,0.1388
552,953,1505,0.1388
551,953,1504,0.1388
547,959,1506,0.1388
544,954,1498,0.1388
549,962,1511,0.1388
546,958,1504,0.1388
543,962,1505,0.1388
544,971,1515,0.1388
544,975,1519,0.1388
548,973,1521,0.1388
553,973,1526,0.1388
558,965,1523,0.1388
548,963,1511,0.1388
551,970,1521,0.1388
549,970,1519,0.1388
554,979,1533,0.1388
548,972,1520,0.1388
548,974,1522,0.1388
552,969,1521,0.1388
549,962,1511,0.1388
551,966,1517,0.1388
552,975,1527,0.1388
548,973,1521,0.1388
544,977,1521,0.1388
549,960,1509,0.1388
535,962,1497,0.1388
539,963,1502,0.1388
541,963,1504,0.1388
547,971,1518,0.1388
541,974,1515,0.1388
543,970,1513,0.1388
538,979,1517,0.1388
534,983,1517,0.1388
533,983,1516,0.1388
528,984,1512,0.1388
532,976,1508,0.1388
525,975,1500,0.1388
528,972,1500,0.1388
523,971,1494,0.1388
528,981,1509,0.1388
531,983,1514,0.1388
524,980,1504,0.1388
523,976,1499,0.1388
520,973,1493,0.1388
516,978,1494,0.1388
518,973,1491,0.1388
508,993,1501,0.1388
510,993,1503,0.1388
508,994,1502,0.1388
508,996,1504,0.1388
504,993,1497,0.1388
507,996,1503,0.1388
518,993,1511,0.1388
523,987,1510,0.1388
523,989,1512,0.1388
522,984,1506,0.1388
522,974,1496,0.1388
522,972,1494,0.1388
510,978,1488,0.1388
507,995,1502,0.1388
504,1001,1505,0.1388
510,995,1505,0.1388
505,998,1503,0.1388
501,993,1494,0.1388
504,995,1499,0.1388
504,1002,1506,0.1388
503,1004,1507,0.1388
504,1020,1524,0.1388
499,1010,1509,0.1388
498,1019,1517,0.1388
486,1011,1497,0.1388
489,1022,1511,0.1388
481,1024,1505,0.1388
480,1015,1495,0.1388
481,1022,1503,0.1388
478,1023,1501,0.1388
478,1030,1508,0.1388
483,1026,1509,0.1388
476,1030,1506,0.1388
479,1030,1509,0.1388
481,1021,1502,0.1388
476,1021,1497,0.1388
476,1020,1496,0.1388
487,1011,1498,0.1388
481,1014,1495,0.1388
481,1024,1505,0.1388
477,1028,1505,0.1388
481,1032,1513,0.1388
485,1025,1510,0.1388
480,1031,1511,0.1388
477,1034,1511,0.1388
483,1040,1523,0.1388
477,1032,1509,0.1388
477,1031,1508,0.1388
475,1028,1503,0.1388
478,1037,1515,0.1388
483,1022,1505,0.1388
483,1017,1500,0.1388
481,1030,1511,0.1388
471,1035,1506,0.1388
472,1037,1509,0.1388
474,1017,1491,0.1388
481,1018,1499,0.1388
480,1019,1499,0.1388
478,1017,1495,0.1388
480,1012,1492,0.1388
487,1027,1514,0.1388
480,1034,1514,0.1388
475,1028,1503,0.1388
482,1018,1500,0.1388
483,1023,1506,0.1388
492,1037,1529,0.1388
490,1035,1525,0.1388
492,1022,1514,0.1388
492,1028,1520,0.1388
487,1023,1510,0.1388
487,1029,1516,0.1388
486,1033,1519,0.1388
487,1029,1516,0.1388
482,1029,1511,0.1388
485,1023,1508,0.1388
488,1024,1512,0.1388
493,1024,1517,0.1388
491,1025,1516,0.1388
481,1012,1493,0.1388
491,1019,1510,0.1388
491,1026,1517,0.1388
492,1041,1533,0.1388
490,1032,1522,0.1388
480,1026,1506,0.1388
483,1021,1504,0.1388
481,1037,1518,0.1388
480,1037,1517,0.1388
474,1038,1512,0.1388
472,1038,1510,0.1388
475,1040,1515,0.1388
481,1045,1526,0.1388
480,1045,1525,0.1388
485,1030,1515,0.1388
486,1040,1526,0.1388
481,1039,1520,0.1388
478,1031,1509,0.1388
472,1036,1508,0.1388
475,1038,1513,0.1388
482,1030,1512,0.1388
479,1032,1511,0.1388
476,1040,1516,0.1388
476,1018,1494,0.1388
475,1019,1494,0.1388
482,1030,1512,0.1388
485,1029,1514,0.1388
491,1032,1523,0.1388
486,1021,1507,0.1388
482,1020,1502,0.1388
478,1032,1510,0.1388
475,1027,1502,0.1388
467,1030,1497,0.1388
469,1031,1500,0.1388
472,1027,1499,0.1388
474,1025,1499,0.1388
481,1033,1514,0.1388
471,1040,1511,0.1388
481,1036,1517,0.1388
479,1030,1509,0.1388
468,1038,1506,0.1388
474,1041,1515,0.1388
473,1048,1521,0.1388
472,1035,1507,0.1388
475,1031,1506,0.1388
470,1043,1513,0.1388
463,1032,1495,0.1388
462,1032,1494,0.1388
463,1035,1498,0.1388
469,1039,1508,0.1388
475,1047,1522,0.1388
478,1049,1527,0.1388
480,1050,1530,0.1388
475,1048,1523,0.1388
469,1038,1507,0.1388
473,1045,1518,0.1388
475,1045,1520,0.1388
464,1039,1503,0.1388
470,1032,1502,0.1388
469,1040,1509,0.1388
465,1040,1505,0.1388
471,1031,1502,0.1388
466,1044,1510,0.1388
463,1056,1519,0.1388
464,1066,1530,0.1388
460,1059,1519,0.1388
451,1056,1507,0.1388
452,1061,1513,0.1388
446,1058,1504,0.1388
444,1068,1512,0.1388
443,1068,1511,0.1388
450,1077,1527,0.1388
440,1068,1508,0.1388
448,1078,1526,0.1388
445,1068,1513,0.1388
448,1071,1519,0.1388
443,1076,1519,0.1388
452,1076,1528,0.1388
453,1083,1536,0.1388
452,1071,1523,0.1388
443,1071,1514,0.1388
446,1075,1521,0.1388
441,1072,1513,0.1388
441,1061,1502,0.1388
443,1067,1510,0.1388
441,1075,1516,0.1388
443,1072,1515,0.1388
447,1079,1526,0.1388
446,1076,1522,0.1388
445,1075,1520,0.1388
441,1068,1509,0.1388
443,1065,1508,0.1388
446,1078,1524,0.1388
446,1067,1513,0.1388
442,1070,1512,0.1388
449,1076,1525,0.1388
445,1065,1510,0.1388
442,1074,1516,0.1388
442,1078,1520,0.1388
446,1075,1521,0.1388
441,1064,1505,0.1388
443,1063,1506,0.1388
450,1060,1510,0.1388
451,1067,1518,0.1388
450,1074,1524,0.1388
440,1074,1514,0.1388
435,1068,1503,0.1388
442,1076,1518,0.1388
445,1080,1525,0.1388
436,1084,1520,0.1388
437,1088,1525,0.1388
438,1083,1521,0.1388
438,1092,1530,0.1388
436,1076,1512,0.1388
433,1080,1513,0.1388
423,1074,1497,0.1388
424,1090,1514,0.1388
421,1081,1502,0.1388
418,1084,1502,0.1388
414,1091,1505,0.1388
415,1083,1498,0.1388
426,1082,1508,0.1388
422,1090,1512,0.1388
422,1088,1510,0.1388
414,1098,1512,0.1388
412,1108,1520,0.1388
404,1110,1514,0.1388
406,1099,1505,0.1388
402,1097,1499,0.1388
398,1099,1497,0.1388
401,1099,1500,0.1388
407,1110,1517,0.1388
403,1109,1512,0.1388
401,1116,1517,0.1388
402,1114,1516,0.1388
396,1103,1499,0.1388
400,1112,1512,0.1388
402,1119,1521,0.1388
396,1115,1511,0.1388
396,1109,1505,0.1388
396,1109,1505,0.1388
391,1103,1494,0.1388
396,1102,1498,0.1388
390,1107,1497,0.1388
392,1117,1509,0.1388
393,1104,1497,0.1388
388,1107,1495,0.1388
387,1116,1503,0.1388
387,1123,1510,0.1388
381,1120,1501,0.1388
386,1114,1500,0.1388
387,1125,1512,0.1388
387,1131,1518,0.1388
381,1116,1497,0.1388
380,1120,1500,0.1388
381,1127,1508,0.1388
381,1122,1503,0.1388
383,1118,1501,0.1388
388,1125,1513,0.1388
395,1129,1524,0.1388
398,1121,1519,0.1388
391,1128,1519,0.1388
395,1120,1515,0.1388
394,1128,1522,0.1388
398,1126,1524,0.1388
393,1117,1510,0.1388
388,1115,1503,0.1388
386,1111,1497,0.1388
393,1115,1508,0.1388
390,1113,1503,0.1388
391,1113,1504,0.1388
384,1111,1495,0.1388
380,1108,1488,0.1388
387,1128,1515,0.1388
386,1126,1512,0.1388
386,1119,1505,0.1388
384,1137,1521,0.1388
383,1152,1535,0.1388
376,1139,1515,0.1388
380,1128,1508,0.1388
377,1127,1504,0.1388
377,1131,1508,0.1388
376,1131,1507,0.1388
380,1137,1517,0.1388
375,1136,1511,0.1388
373,1136,1509,0.1388
378,1139,1517,0.1388
385,1129,1514,0.1388
384,1130,1514,0.1388
381,1128,1509,0.1388
382,1135,1517,0.1388
383,1125,1508,0.1388
374,1133,1507,0.1388
375,1141,1516,0.1388
369,1136,1505,0.1388
364,1146,1510,0.1388
364,1138,1502,0.1388
362,1145,1507,0.1388
361,1141,1502,0.1388
370,1143,1513,0.1388
377,1131,1508,0.1388
374,1132,1506,0.1388
377,1139,1516,0.1388
369,1141,1510,0.1388
365,1146,1511,0.1388
370,1156,1526,0.1388
367,1155,1522,0.1388
365,1147,1512,0.1388
368,1143,1511,0.1388
363,1152,1515,0.1388
358,1140,1498,0.1388
363,1143,1506,0.1388
363,1145,1508,0.1388
360,1150,1510,0.1388
360,1166,1526,0.1388
354,1159,1513,0.1388
357,1168,1525,0.1388
349,1148,1497,0.1388
354,1145,1499,0.1388
351,1137,1488,0.1388
352,1148,1500,0.1388
356,1154,1510,0.1388
352,1158,1510,0.1388
350,1154,1504,0.1388
355,1146,1501,0.1388
358,1154,1512,0.1388
357,1153,1510,0.1388
357,1140,1497,0.1388
356,1143,1499,0.1388
350,1144,1494,0.1388
345,1151,1496,0.1388
347,1159,1506,0.1388
350,1157,1507,0.1388
352,1148,1500,0.1388
348,1157,1505,0.1388
348,1163,1511,0.1388
349,1154,1503,0.1388
348,1160,1508,0.1388
345,1158,1503,0.1388
345,1152,1497,0.1388
349,1157,1506,0.1388
349,1161,1510,0.1388
350,1155,1505,0.1388
355,1154,1509,0.1388
358,1146,1504,0.1388
359,1132,1491,0.1388
357,1148,1505,0.1388
354,1140,1494,0.1388
352,1154,1506,0.1388
347,1146,1493,0.1388
353,1153,1506,0.1388
353,1152,1505,0.1388
348,1163,1511,0.1388
343,1161,1504,0.1388
347,1166,1513,0.1388
348,1166,1514,0.1388
342,1161,1503,0.1388
347,1166,1513,0.1388
349,1174,1523,0.1388
343,1171,1514,0.1388
354,1164,1518,0.1388
355,1163,1518,0.1388
354,1163,1517,0.1388
349,1172,1521,0.1388
348,1168,1516,0.1388
344,1176,1520,0.1388
345,1167,1512,0.1388
344,1177,1521,0.1388
345,1174,1519,0.1388
348,1166,1514,0.1388
339,1158,1497,0.1388
341,1157,1498,0.1388
341,1164,1505,0.1388
341,1162,1503,0.1388
333,1163,1496,0.1388
330,1171,1501,0.1388
334,1168,1502,0.1388
338,1175,1513,0.1388
342,1180,1522,0.1388
339,1166,1505,0.1388
336,1173,1509,0.1388
339,1167,1506,0.1388
341,1164,1505,0.1388
335,1169,1504,0.1388
335,1167,1502,0.1388
344,1171,1515,0.1388
342,1175,1517,0.1388
343,1168,1511,0.1388
333,1170,1503,0.1388
330,1181,1511,0.1388
342,1191,1533,0.1388
340,1183,1523,0.1388
339,1184,1523,0.1388
341,1181,1522,0.1388
339,1176,1515,0.1388
338,1168,1506,0.1388
341,1179,1520,0.1388
337,1180,1517,0.1388
333,1178,1511,0.1388
331,1165,1496,0.1388
330,1180,1510,0.1388
330,1184,1514,0.1388
327,1189,1516,0.1388
324,1176,1500,0.1388
325,1173,1498,0.1388
320,1178,1498,0.1388
321,1173,1494,0.1388
320,1157,1477,0.1388
319,1173,1492,0.1388
318,1171,1489,0.1388
322,1179,1501,0.1388
323,1175,1498,0.1388
327,1181,1508,0.1388
324,1185,1509,0.1388
320,1186,1506,0.1388
322,1192,1514,0.1388
316,1201,1517,0.1388
320,1190,1510,0.1388
318,1194,1512,0.1388
325,1187,1512,0.1388
320,1205,1525,0.1388
324,1186,1510,0.1388
325,1189,1514,0.1388
314,1190,1504,0.1388
316,1200,1516,0.1388
318,1198,1516,0.1388
316,1204,1520,0.1388
313,1202,1515,0.1388
316,1200,1516,0.1388
315,1198,1513,0.1388
311,1189,1500,0.1388
315,1184,1499,0.1388
309,1202,1511,0.1388
312,1194,1506,0.1388
310,1191,1501,0.1388
321,1187,1508,0.1388
319,1201,1520,0.1388
316,1195,1511,0.1388
322,1201,1523,0.1388
318,1206,1524,0.1388
320,1193,1513,0.1388
317,1197,1514,0.1388
314,1196,1510,0.1388
313,1206,1519,0.1388
310,1201,1511,0.1388
310,1204,1514,0.1388
312,1204,1516,0.1388
305,1195,1500,0.1388
308,1204,1512,0.1388
307,1212,1519,0.1388
308,1213,1521,0.1388
312,1207,1519,0.1388
311,1207,1518,0.1388
311,1196,1507,0.1388
307,1204,1511,0.1388
309,1206,1515,0.1388
302,1198,1500,0.1388
300,1202,1502,0.1388
298,1192,1490,0.1388
302,1193,1495,0.1388
302,1190,1492,0.1388
301,1186,1487,0.1388
308,1194,1502,0.1388
313,1197,1510,0.1388
313,1194,1507,0.1388
310,1195,1505,0.1388
313,1198,1511,0.1388
315,1200,1515,0.1388
314,1201,1515,0.1388
312,1212,1524,0.1388
307,1209,1516,0.1388
304,1210,1514,0.1388
299,1217,1516,0.1388
307,1221,1528,0.1388
305,1226,1531,0.1388
298,1219,1517,0.1388
300,1218,1518,0.1388
293,1209,1502,0.1388
292,1204,1496,0.1388
296,1210,1506,0.1388
299,1220,1519,0.1388
301,1229,1530,0.1388
306,1224,1530,0.1388
307,1212,1519,0.1388
310,1203,1513,0.1388
313,1203,1516,0.1388
310,1214,1524,0.1388
314,1220,1534,0.1388
314,1217,1531,0.1388
316,1215,1531,0.1388
314,1216,1530,0.1388
317,1205,1522,0.1388
311,1213,1524,0.1388
312,1198,1510,0.1388
306,1204,1510,0.1388
307,1198,1505,0.1388
303,1191,1494,0.1388
307,1208,1515,0.1388
307,1195,1502,0.1388
309,1203,1512,0.1388
310,1207,1517,0.1388
308,1208,1516,0.1388
303,1222,1525,0.1388
300,1217,1517,0.1388
303,1213,1516,0.1388
302,1210,1512,0.1388
299,1212,1511,0.1388
302,1214,1516,0.1388
301,1224,1525,0.1388
300,1227,1527,0.1388
297,1227,1524,0.1388
296,1212,1508,0.1388
295,1217,1512,0.1388
301,1219,1520,0.1388
296,1213,1509,0.1388
295,1230,1525,0.1388
301,1221,1522,0.1388
298,1223,1521,0.1388
301,1233,1534,0.1388
300,1226,1526,0.1388
298,1228,1526,0.1388
292,1228,1520,0.1388
294,1236,1530,0.1388
295,1229,1524,0.1388
295,1221,1516,0.1388
291,1223,1514,0.1388
284,1236,1520,0.1388
287,1225,1512,0.1388
293,1227,1520,0.1388
284,1213,1497,0.1388
284,1210,1494,0.1388
285,1213,1498,0.1388
289,1217,1506,0.1388
290,1215,1505,0.1388
290,1228,1518,0.1388
288,1233,1521,0.1388
290,1228,1518,0.1388
290,1238,1528,0.1388
284,1232,1516,0.1388
285,1227,1512,0.1388
286,1225,1511,0.1388
290,1214,1504,0.1388
288,1209,1497,0.1388
284,1213,1497,0.1388
281,1222,1503,0.1388
281,1217,1498,0.1388
276,1224,1500,0.1388
281,1228,1509,0.1388
284,1234,1518,0.1388
282,1230,1512,0.1388
278,1238,1516,0.1388
284,1248,1532,0.1388
280,1234,1514,0.1388
276,1237,1513,0.1388
269,1236,1505,0.1388
277,1214,1491,0.1388
276,1218,1494,0.1388
275,1224,1499,0.1388
279,1217,1496,0.1388
278,1234,1512,0.1388
275,1238,1513,0.1388
276,1244,1520,0.1388
273,1248,1521,0.1388
269,1253,1522,0.1388
268,1241,1509,0.1388
266,1230,1496,0.1388
265,1235,1500,0.1388
263,1233,1496,0.1388
259,1243,1502,0.1388
257,1263,1520,0.1388
255,1255,1510,0.1388
253,1257,1510,0.1388
251,1268,1519,0.1388
244,1259,1503,0.1388
249,1270,1519,0.1388
246,1261,1507,0.1388
249,1268,1517,0.1388
257,1263,1520,0.1388
258,1263,1521,0.1388
256,1250,1506,0.1388
254,1266,1520,0.1388
250,1259,1509,0.1388
251,1270,1521,0.1388
258,1268,1526,0.1388
255,1262,1517,0.1388
255,1259,1514,0.1388
257,1258,1515,0.1388
251,1254,1505,0.1388
252,1266,1518,0.1388
246,1276,1522,0.1388
245,1272,1517,0.1388
243,1270,1513,0.1388
248,1276,1524,0.1388
249,1275,1524,0.1388
249,1268,1517,0.1388
242,1270,1512,0.1388
242,1255,1497,0.1388
243,1267,1510,0.1388
244,1258,1502,0.1388
244,1266,1510,0.1388
245,1273,1518,0.1388
247,1262,1509,0.1388
244,1256,1500,0.1388
242,1267,1509,0.1388
242,1271,1513,0.1388
239,1265,1504,0.1388
241,1267,1508,0.1388
238,1272,1510,0.1388
233,1279,1512,0.1388
234,1280,1514,0.1388
229,1280,1509,0.1388
227,1277,1504,0.1388
219,1277,1496,0.1388
215,1268,1483,0.1388
214,1274,1488,0.1388
212,1287,1499,0.1388
216,1289,1505,0.1388
223,1295,1518,0.1388
224,1293,1517,0.1388
228,1285,1513,0.1388
229,1298,1527,0.1388
227,1290,1517,0.1388
231,1278,1509,0.1388
229,1281,1510,0.1388
227,1279,1506,0.1388
226,1273,1499,0.1388
225,1287,1512,0.1388
226,1279,1505,0.1388
233,1275,1508,0.1388
230,1273,1503,0.1388
228,1286,1514,0.1388
230,1286,1516,0.1388
232,1275,1507,0.1388
231,1273,1504,0.1388
229,1268,1497,0.1388
226,1267,1493,0.1388
225,1274,1499,0.1388
224,1284,1508,0.1388
224,1286,1510,0.1388
224,1284,1508,0.1388
232,1289,1521,0.1388
231,1287,1518,0.1388
227,1288,1515,0.1388
228,1299,1527,0.1388
225,1298,1523,0.1388
222,1295,1517,0.1388
220,1292,1512,0.1388
221,1287,1508,0.1388
218,1283,1501,0.1388
223,1278,1501,0.1388
223,1291,1514,0.1388
221,1289,1510,0.1388
220,1289,1509,0.1388
220,1291,1511,0.1388
218,1296,1514,0.1388
217,1302,1519,0.1388
218,1311,1529,0.1388
218,1312,1530,0.1388
212,1311,1523,0.1388
212,1306,1518,0.1388
209,1301,1510,0.1388
208,1297,1505,0.1388
215,1292,1507,0.1388
220,1294,1514,0.1388
218,1296,1514,0.1388
214,1302,1516,0.1388
212,1304,1516,0.1388
210,1304,1514,0.1388
208,1306,1514,0.1388
209,1297,1506,0.1388
210,1298,1508,0.1388
207,1296,1503,0.1388
210,1300,1510,0.1388
210,1299,1509,0.1388
211,1305,1516,0.1388
208,1300,1508,0.1388
211,1296,1507,0.1388
211,1297,1508,0.1388
215,1299,1514,0.1388
216,1313,1529,0.1388
216,1308,1524,0.1388
218,1295,1513,0.1388
215,1300,1515,0.1388
217,1301,1518,0.1388
212,1296,1508,0.1388
211,1306,1517,0.1388
213,1295,1508,0.1388
210,1296,1506,0.1388
211,1300,1511,0.1388
214,1296,1510,0.1388
215,1297,1512,0.1388
207,1300,1507,0.1388
206,1301,1507,0.1388
208,1303,1511,0.1388
205,1308,1513,0.1388
196,1307,1503,0.1388
201,1306,1507,0.1388
197,1311,1508,0.1388
199,1331,1530,0.1388
202,1327,1529,0.1388
198,1330,1528,0.1388
195,1315,1510,0.1388
192,1312,1504,0.1388
189,1318,1507,0.1388
190,1315,1505,0.1388
190,1316,1506,0.1388
189,1327,1516,0.1388
188,1332,1520,0.1388
189,1325,1514,0.1388
191,1324,1515,0.1388
191,1319,1510,0.1388
193,1320,1513,0.1388
192,1318,1510,0.1388
190,1308,1498,0.1388
189,1320,1509,0.1388
190,1324,1514,0.1388
187,1336,1523,0.1388
182,1342,1524,0.1388
186,1328,1514,0.1388
187,1327,1514,0.1388
187,1324,1511,0.1388
190,1326,1516,0.1388
186,1327,1513,0.1388
191,1325,1516,0.1388
194,1335,1529,0.1388
191,1335,1526,0.1388
186,1331,1517,0.1388
189,1339,1528,0.1388
187,1339,1526,0.1388
188,1337,1525,0.1388
191,1332,1523,0.1388
192,1318,1510,0.1388
191,1324,1515,0.1388
188,1329,1517,0.1388
182,1330,1512,0.1388
182,1318,1500,0.1388
186,1323,1509,0.1388
186,1321,1507,0.1388
182,1322,1504,0.1388
183,1326,1509,0.1388
187,1335,1522,0.1388
187,1328,1515,0.1388
185,1334,1519,0.1388
185,1339,1524,0.1388
181,1341,1522,0.1388
182,1332,1514,0.1388
185,1335,1520,0.1388
181,1341,1522,0.1388
182,1344,1526,0.1388
179,1344,1523,0.1388
176,1350,1526,0.1388
174,1346,1520,0.1388
173,1354,1527,0.1388
169,1343,1512,0.1388
171,1350,1521,0.1388
170,1354,1524,0.1388
171,1338,1509,0.1388
171,1352,1523,0.1388
167,1342,1509,0.1388
165,1345,1510,0.1388
165,1340,1505,0.1388
163,1352,1515,0.1388
166,1352,1518,0.1388
165,1342,1507,0.1388
166,1357,1523,0.1388
162,1352,1514,0.1388
155,1345,1500,0.1388
154,1349,1503,0.1388
155,1353,1508,0.1388
159,1345,1504,0.1388
168,1348,1516,0.1388
162,1350,1512,0.1388
164,1357,1521,0.1388
162,1361,1523,0.1388
161,1363,1524,0.1388
161,1361,1522,0.1388
163,1362,1525,0.1388
160,1360,1520,0.1388
162,1356,1518,0.1388
165,1356,1521,0.1388
162,1361,1523,0.1388
159,1354,1513,0.1388
158,1358,1516,0.1388
155,1350,1505,0.1388
158,1351,1509,0.1388
162,1348,1510,0.1388
167,1361,1528,0.1388
173,1365,1538,0.1388
167,1359,1526,0.1388
163,1354,1517,0.1388
164,1350,1514,0.1388
165,1354,1519,0.1388
157,1349,1506,0.1388
161,1356,1517,0.1388
162,1358,1520,0.1388
159,1362,1521,0.1388
159,1353,1512,0.1388
156,1354,1510,0.1388
158,1368,1526,0.1388
157,1363,1520,0.1388
156,1358,1514,0.1388
153,1353,1506,0.1388
154,1365,1519,0.1388
157,1360,1517,0.1388
155,1360,1515,0.1388
152,1366,1518,0.1388
152,1362,1514,0.1388
152,1375,1527,0.1388
153,1362,1515,0.1388
149,1356,1505,0.1388
145,1363,1508,0.1388
145,1360,1505,0.1388
143,1371,1514,0.1388
141,1368,1509,0.1388
142,1370,1512,0.1388
142,1359,1501,0.1388
143,1370,1513,0.1388
141,1377,1518,0.1388
144,1371,1515,0.1388
140,1369,1509,0.1388
143,1364,1507,0.1388
145,1357,1502,0.1388
149,1368,1517,0.1388
144,1374,1518,0.1388
144,1370,1514,0.1388
147,1376,1523,0.1388
144,1378,1522,0.1388
145,1368,1513,0.1388
145,1378,1523,0.1388
143,1369,1512,0.1388
145,1375,1520,0.1388
146,1356,1502,0.1388
148,1354,1502,0.1388
143,1354,1497,0.1388
143,1369,1512,0.1388
141,1367,1508,0.1388
140,1382,1522,0.1388
142,1379,1521,0.1388
137,1374,1511,0.1388
133,1380,1513,0.1388
134,1387,1521,0.1388
132,1370,1502,0.1388
138,1377,1515,0.1388
136,1375,1511,0.1388
131,1375,1506,0.1388
128,1388,1516,0.1388
127,1391,1518,0.1388
125,1389,1514,0.1388
125,1395,1520,0.1388
127,1392,1519,0.1388
126,1407,1533,0.1388
127,1390,1517,0.1388
126,1390,1516,0.1388
125,1378,1503,0.1388
124,1380,1504,0.1388
127,1374,1501,0.1388
127,1383,1510,0.1388
129,1370,1499,0.1388
129,1377,1506,0.1388
132,1405,1537,0.1388
130,1390,1520,0.1388
126,1384,1510,0.1388
127,1384,1511,0.1388
127,1392,1519,0.1388
125,1406,1531,0.1388
124,1406,1530,0.1388
121,1413,1534,0.1388
120,1408,1528,0.1388
120,1408,1528,0.1388
115,1413,1528,0.1388
116,1409,1525,0.1388
114,1413,1527,0.1388
113,1401,1514,0.1388
112,1411,1523,0.1388
112,1409,1521,0.1388
115,1405,1520,0.1388
112,1407,1519,0.1388
109,1395,1504,0.1388
112,1400,1512,0.1388
116,1416,1532,0.1388
115,1404,1519,0.1388
112,1409,1521,0.1388
112,1412,1524,0.1388
112,1405,1517,0.1388
113,1399,1512,0.1388
113,1401,1514,0.1388
110,1399,1509,0.1388
114,1400,1514,0.1388
108,1408,1516,0.1388
111,1397,1508,0.1388
109,1384,1493,0.1388
113,1394,1507,0.1388
112,1399,1511,0.1388
113,1394,1507,0.1388
115,1398,1513,0.1388
115,1397,1512,0.1388
114,1399,1513,0.1388
114,1406,1520,0.1388
114,1404,1518,0.1388
114,1402,1516,0.1388
115,1408,1523,0.1388
115,1403,1518,0.1388
115,1409,1524,0.1388
116,1397,1513,0.1388
114,1391,1505,0.1388
111,1390,1501,0.1388
111,1394,1505,0.1388
112,1392,1504,0.1388
113,1396,1509,0.1388
112,1395,1507,0.1388
109,1412,1521,0.1388
107,1414,1521,0.1388
110,1418,1528,0.1388
112,1420,1532,0.1388
112,1414,1526,0.1388
105,1417,1522,0.1388
104,1408,1512,0.1388
109,1402,1511,0.1388
111,1398,1509,0.1388
112,1409,1521,0.1388
117,1406,1523,0.1388
116,1398,1514,0.1388
117,1402,1519,0.1388
117,1386,1503,0.1388
116,1387,1503,0.1388
116,1397,1513,0.1388
114,1391,1505,0.1388
115,1399,1514,0.1388
122,1408,1530,0.1388
120,1419,1539,0.1388
122,1403,1525,0.1388
121,1411,1532,0.1388
118,1387,1505,0.1388
121,1380,1501,0.1388
123,1382,1505,0.1388
121,1388,1509,0.1388
123,1395,1518,0.1388
122,1391,1513,0.1388
120,1404,1524,0.1388
118,1390,1508,0.1388
121,1385,1506,0.1388
122,1379,1501,0.1388
118,1397,1515,0.1388
117,1411,1528,0.1388
118,1412,1530,0.1388
115,1403,1518,0.1388
122,1396,1518,0.1388
121,1386,1507,0.1388
121,1397,1518,0.1388
119,1392,1511,0.1388
120,1395,1515,0.1388
121,1401,1522,0.1388
120,1411,1531,0.1388
119,1404,1523,0.1388
117,1407,1524,0.1388
115,1407,1522,0.1388
114,1406,1520,0.1388
110,1399,1509,0.1388
108,1395,1503,0.1388
108,1404,1512,0.1388
109,1404,1513,0.1388
111,1399,1510,0.1388
111,1395,1506,0.1388
110,1411,1521,0.1388
111,1406,1517,0.1388
107,1414,1521,0.1388
108,1411,1519,0.1388
110,1406,1516,0.1388
108,1399,1507,0.1388
106,1404,1510,0.1388
108,1397,1505,0.1388
105,1401,1506,0.1388
103,1402,1505,0.1388
107,1385,1492,0.1388
105,1389,1494,0.1388
107,1391,1498,0.1388
105,1389,1494,0.1388
102,1396,1498,0.1388
101,1411,1512,0.1388
107,1410,1517,0.1388
108,1403,1511,0.1388
109,1393,1502,0.1388
109,1403,1512,0.1388
109,1412,1521,0.1388
109,1404,1513,0.1388
108,1420,1528,0.1388
110,1420,1530,0.1388
107,1420,1527,0.1388
101,1411,1512,0.1388
103,1425,1528,0.1388
102,1421,1523,0.1388
104,1419,1523,0.1388
101,1428,1529,0.1388
98,1417,1515,0.1388
100,1413,1513,0.1388
101,1412,1513,0.1388
103,1411,1514,0.1388
104,1400,1504,0.1388
103,1405,1508,0.1388
108,1404,1512,0.1388
105,1405,1510,0.1388
110,1405,1515,0.1388
112,1410,1522,0.1388
104,1422,1526,0.1388
105,1406,1511,0.1388
101,1395,1496,0.1388
102,1410,1512,0.1388
102,1425,1527,0.1388
110,1419,1529,0.1388
109,1415,1524,0.1388
111,1409,1520,0.1388
106,1413,1519,0.1388
106,1405,1511,0.1388
105,1395,1500,0.1388
105,1407,1512,0.1388
105,1423,1528,0.1388
107,1416,1523,0.1388
104,1409,1513,0.1388
111,1406,1517,0.1388
110,1399,1509,0.1388
107,1413,1520,0.1388
108,1423,1531,0.1388
107,1415,1522,0.1388
106,1403,1509,0.1388
105,1395,1500,0.1388
100,1397,1497,0.1388
105,1407,1512,0.1388
104,1403,1507,0.1388
102,1421,1523,0.1388
103,1425,1528,0.1388
100,1417,1517,0.1388
101,1402,1503,0.1388
102,1416,1518,0.1388
101,1414,1515,0.1388
101,1421,1522,0.1388
98,1414,1512,0.1388
99,1424,1523,0.1388
96,1421,1517,0.1388
97,1413,1510,0.1388
96,1430,1526,0.1388
93,1417,1510,0.1388
98,1419,1517,0.1388
95,1419,1514,0.1388
97,1418,1515,0.1388
100,1422,1522,0.1388
99,1418,1517,0.1388
98,1401,1499,0.1388
99,1392,1491,0.1388
101,1402,1503,0.1388
102,1414,1516,0.1388
108,1409,1517,0.1388
106,1402,1508,0.1388
103,1404,1507,0.1388
102,1413,1515,0.1388
101,1407,1508,0.1388
101,1415,1516,0.1388
103,1408,1511,0.1388
103,1409,1512,0.1388
99,1402,1501,0.1388
98,1395,1493,0.1388
100,1398,1498,0.1388
99,1406,1505,0.1388
99,1411,1510,0.1388
99,1402,1501,0.1388
101,1402,1503,0.1388
104,1415,1519,0.1388
107,1416,1523,0.1388
107,1419,1526,0.1388
109,1415,1524,0.1388
107,1407,1514,0.1388
107,1409,1516,0.1388
109,1398,1507,0.1388
102,1399,1501,0.1388
99,1401,1500,0.1388
97,1420,1517,0.1388
102,1417,1519,0.1388
101,1408,1509,0.1388
99,1401,1500,0.1388
98,1393,1491,0.1388
101,1398,1499,0.1388
103,1409,1512,0.1388
105,1411,1516,0.1388
101,1404,1505,0.1388
99,1408,1507,0.1388
95,1404,1499,0.1388
93,1411,1504,0.1388
95,1408,1503,0.1388
97,1421,1518,0.1388
96,1415,1511,0.1388
98,1428,1526,0.1388
102,1426,1528,0.1388
99,1412,1511,0.1388
100,1405,1505,0.1388
101,1404,1505,0.1388
99,1412,1511,0.1388
100,1414,1514,0.1388
101,1402,1503,0.1388
103,1413,1516,0.1388
100,1409,1509,0.1388
99,1408,1507,0.1388
101,1416,1517,0.1388
97,1424,1521,0.1388
99,1435,1534,0.1388
99,1431,1530,0.1388
99,1434,1533,0.1388
98,1421,1519,0.1388
98,1425,1523,0.1388
98,1429,1527,0.1388
99,1425,1524,0.1388
96,1417,1513,0.1388
95,1420,1515,0.1388
97,1414,1511,0.1388
97,1420,1517,0.1388
98,1422,1520,0.1388
94,1413,1507,0.1388
93,1413,1506,0.1388
92,1424,1516,0.1388
94,1421,1515,0.1388
95,1419,1514,0.1388
98,1406,1504,0.1388
99,1411,1510,0.1388
97,1403,1500,0.1388
96,1402,1498,0.1388
95,1414,1509,0.1388
95,1421,1516,0.1388
94,1428,1522,0.1388
93,1421,1514,0.1388
94,1407,1501,0.1388
95,1402,1497,0.1388
94,1414,1508,0.1388
96,1403,1499,0.1388
97,1421,1518,0.1388
92,1429,1521,0.1388
92,1425,1517,0.1388
93,1420,1513,0.1388
93,1424,1517,0.1388
93,1410,1503,0.1388
93,1427,1520,0.1388
92,1423,1515,0.1388
97,1424,1521,0.1388
98,1431,1529,0.1388
95,1431,1526,0.1388
95,1438,1533,0.1388
94,1429,1523,0.1388
93,1427,1520,0.1388
97,1423,1520,0.1388
93,1420,1513,0.1388
93,1428,1521,0.1388
94,1428,1522,0.1388
91,1407,1498,0.1388
93,1415,1508,0.1388
94,1405,1499,0.1388
90,1409,1499,0.1388
92,1424,1516,0.1388
93,1427,1520,0.1388
94,1428,1522,0.1388
92,1439,1531,0.1388
90,1422,1512,0.1388
90,1429,1519,0.1388
89,1430,1519,0.1388
91,1438,1529,0.1388
91,1432,1523,0.1388
92,1426,1518,0.1388
92,1427,1519,0.1388
93,1434,1527,0.1388
90,1428,1518,0.1388
89,1432,1521,0.1388
88,1426,1514,0.1388
88,1421,1509,0.1388
87,1414,1501,0.1388
89,1420,1509,0.1388
87,1412,1499,0.1388
85,1410,1495,0.1388
85,1428,1513,0.1388
86,1429,1515,0.1388
85,1427,1512,0.1388
84,1432,1516,0.1388
82,1425,1507,0.1388
81,1421,1502,0.1388
82,1434,1516,0.1388
82,1437,1519,0.1388
84,1446,1530,0.1388
90,1448,1538,0.1388
92,1439,1531,0.1388
90,1446,1536,0.1388
92,1436,1528,0.1388
89,1426,1515,0.1388
90,1423,1513,0.1388
90,1418,1508,0.1388
88,1406,1494,0.1388
87,1410,1497,0.1388
89,1420,1509,0.1388
92,1425,1517,0.1388
92,1436,1528,0.1388
92,1437,1529,0.1388
92,1434,1526,0.1388
91,1436,1527,0.1388
92,1430,1522,0.1388
94,1428,1522,0.1388
88,1433,1521,0.1388
94,1418,1512,0.1388
92,1414,1506,0.1388
93,1412,1505,0.1388
91,1412,1503,0.1388
91,1419,1510,0.1388
89,1435,1524,0.1388
89,1426,1515,0.1388
92,1428,1520,0.1388
86,1428,1514,0.1388
85,1421,1506,0.1388
83,1431,1514,0.1388
85,1427,1512,0.1388
83,1428,1511,0.1388
82,1435,1517,0.1388
81,1433,1514,0.1388
83,1416,1499,0.1388
86,1416,1502,0.1388
85,1419,1504,0.1388
86,1426,1512,0.1388
83,1423,1506,0.1388
83,1434,1517,0.1388
82,1427,1509,0.1388
81,1426,1507,0.1388
79,1418,1497,0.1388
82,1412,1494,0.1388
83,1416,1499,0.1388
80,1424,1504,0.1388
80,1423,1503,0.1388
79,1435,1514,0.1388
79,1441,1520,0.1388
85,1425,1510,0.1388
84,1434,1518,0.1388
81,1443,1524,0.1388
80,1431,1511,0.1388
83,1432,1515,0.1388
81,1428,1509,0.1388
83,1429,1512,0.1388
80,1442,1522,0.1388
80,1446,1526,0.1388
81,1431,1512,0.1388
78,1429,1507,0.1388
79,1420,1499,0.1388
76,1424,1500,0.1388
77,1419,1496,0.1388
80,1437,1517,0.1388
80,1443,1523,0.1388
80,1438,1518,0.1388
81,1449,1530,0.1388
79,1438,1517,0.1388
82,1432,1514,0.1388
83,1443,1526,0.1388
83,1437,1520,0.1388
83,1442,1525,0.1388
84,1438,1522,0.1388
85,1426,1511,0.1388
82,1425,1507,0.1388
83,1429,1512,0.1388
81,1428,1509,0.1388
79,1438,1517,0.1388
79,1437,1516,0.1388
78,1444,1522,0.1388
77,1458,1535,0.1388
76,1450,1526,0.1388
74,1449,1523,0.1388
75,1452,1527,0.1388
73,1438,1511,0.1388
75,1432,1507,0.1388
79,1443,1522,0.1388
75,1434,1509,0.1388
77,1440,1517,0.1388
80,1443,1523,0.1388
81,1441,1522,0.1388
81,1432,1513,0.1388
77,1434,1511,0.1388
75,1430,1505,0.1388
74,1429,1503,0.1388
74,1428,1502,0.1388
68,1422,1490,0.1388
69,1427,1496,0.1388
73,1433,1506,0.1388
72,1438,1510,0.1388
72,1434,1506,0.1388
73,1436,1509,0.1388
73,1430,1503,0.1388
74,1425,1499,0.1388
74,1431,1505,0.1388
75,1435,1510,0.1388
71,1432,1503,0.1388
74,1431,1505,0.1388
74,1423,1497,0.1388
72,1435,1507,0.1388
76,1435,1511,0.1388
75,1452,1527,0.1388
77,1451,1528,0.1388
77,1444,1521,0.1388
78,1438,1516,0.1388
78,1452,1530,0.1388
76,1439,1515,0.1388
76,1429,1505,0.1388
77,1431,1508,0.1388
75,1423,1498,0.1388
74,1427,1501,0.1388
74,1424,1498,0.1388
76,1422,1498,0.1388
76,1421,1497,0.1388
77,1434,1511,0.1388
78,1431,1509,0.1388
76,1440,1516,0.1388
73,1434,1507,0.1388
75,1436,1511,0.1388
78,1419,1497,0.1388
78,1415,1493,0.1388
76,1430,1506,0.1388
74,1443,1517,0.1388
76,1445,1521,0.1388
76,1430,1506,0.1388
78,1439,1517,0.1388
77,1431,1508,0.1388
78,1429,1507,0.1388
79,1431,1510,0.1388
82,1431,1513,0.1388
78,1428,1506,0.1388
80,1442,1522,0.1388
78,1436,1514,0.1388
79,1443,1522,0.1388
80,1449,1529,0.1388
79,1438,1517,0.1388
81,1432,1513,0.1388
81,1425,1506,0.1388
82,1440,1522,0.1388
86,1440,1526,0.1388
86,1437,1523,0.1388
85,1439,1524,0.1388
84,1439,1523,0.1388
86,1437,1523,0.1388
87,1420,1507,0.1388
87,1423,1510,0.1388
87,1418,1505,0.1388
89,1420,1509,0.1388
89,1427,1516,0.1388
91,1424,1515,0.1388
89,1428,1517,0.1388
91,1424,1515,0.1388
93,1437,1530,0.1388
93,1435,1528,0.1388
90,1435,1525,0.1388
88,1444,1532,0.1388
91,1451,1542,0.1388
92,1426,1518,0.1388
93,1429,1522,0.1388
92,1420,1512,0.1388
92,1433,1525,0.1388
92,1431,1523,0.1388
93,1432,1525,0.1388
93,1431,1524,0.1388
91,1436,1527,0.1388
92,1429,1521,0.1388
90,1425,1515,0.1388
88,1425,1513,0.1388
93,1426,1519,0.1388
89,1425,1514,0.1388
88,1426,1514,0.1388
86,1436,1522,0.1388
83,1425,1508,0.1388
87,1424,1511,0.1388
89,1412,1501,0.1388
89,1427,1516,0.1388
91,1439,1530,0.1388
87,1433,1520,0.1388
89,1417,1506,0.1388
84,1420,1504,0.1388
83,1426,1509,0.1388
82,1426,1508,0.1388
83,1426,1509,0.1388
85,1432,1517,0.1388
87,1433,1520,0.1388
84,1431,1515,0.1388
84,1425,1509,0.1388
81,1429,1510,0.1388
80,1423,1503,0.1388
84,1428,1512,0.1388
84,1435,1519,0.1388
83,1434,1517,0.1388
82,1439,1521,0.1388
80,1441,1521,0.1388
80,1446,1526,0.1388
82,1435,1517,0.1388
82,1427,1509,0.1388
80,1432,1512,0.1388
82,1440,1522,0.1388
80,1436,1516,0.1388
78,1437,1515,0.1388
79,1437,1516,0.1388
77,1424,1501,0.1388
78,1439,1517,0.1388
76,1448,1524,0.1388
75,1445,1520,0.1388
77,1422,1499,0.1388
75,1434,1509,0.1388
76,1431,1507,0.1388
80,1435,1515,0.1388
81,1431,1512,0.1388
78,1429,1507,0.1388
78,1435,1513,0.1388
75,1428,1503,0.1388
76,1436,1512,0.1388
76,1414,1490,0.1388
75,1418,1493,0.1388
79,1419,1498,0.1388
80,1420,1500,0.1388
82,1427,1509,0.1388
82,1432,1514,0.1388
81,1440,1521,0.1388
81,1436,1517,0.1388
81,1433,1514,0.1388
80,1435,1515,0.1388
81,1428,1509,0.1388
80,1426,1506,0.1388
81,1442,1523,0.1388
82,1432,1514,0.1388
82,1437,1519,0.1388
82,1445,1527,0.1388
81,1434,1515,0.1388
81,1433,1514,0.1388
82,1436,1518,0.1388
79,1434,1513,0.1388
80,1436,1516,0.1388
76,1441,1517,0.1388
76,1434,1510,0.1388
80,1433,1513,0.1388
83,1432,1515,0.1388
83,1445,1528,0.1388
85,1442,1527,0.1388
78,1427,1505,0.1388
79,1431,1510,0.1388
81,1443,1524,0.1388
83,1429,1512,0.1388
81,1445,1526,0.1388
80,1431,1511,0.1388
80,1432,1512,0.1388
84,1442,1526,0.1388
83,1436,1519,0.1388
82,1442,1524,0.1388
84,1442,1526,0.1388
86,1443,1529,0.1388
87,1438,1525,0.1388
89,1422,1511,0.1388
84,1422,1506,0.1388
85,1430,1515,0.1388
86,1431,1517,0.1388
87,1426,1513,0.1388
82,1419,1501,0.1388
83,1429,1512,0.1388
83,1426,1509,0.1388
83,1431,1514,0.1388
83,1441,1524,0.1388
80,1435,1515,0.1388
80,1431,1511,0.1388
83,1431,1514,0.1388
84,1426,1510,0.1388
85,1435,1520,0.1388
85,1422,1507,0.1388
84,1426,1510,0.1388
82,1431,1513,0.1388
80,1435,1515,0.1388
82,1419,1501,0.1388
83,1437,1520,0.1388
82,1430,1512,0.1388
83,1430,1513,0.1388
80,1447,1527,0.1388
81,1437,1518,0.1388
80,1431,1511,0.1388
79,1427,1506,0.1388
80,1424,1504,0.1388
79,1426,1505,0.1388
78,1443,1521,0.1388
76,1442,1518,0.1388
74,1454,1528,0.1388
75,1451,1526,0.1388
75,1446,1521,0.1388
76,1443,1519,0.1388
75,1445,1520,0.1388
75,1436,1511,0.1388
73,1446,1519,0.1388
71,1446,1517,0.1388
72,1459,1531,0.1388
70,1448,1518,0.1388
68,1458,1526,0.1388
67,1445,1512,0.1388
69,1447,1516,0.1388
69,1444,1513,0.1388
69,1453,1522,0.1388
70,1461,1531,0.1388
67,1460,1527,0.1388
69,1460,1529,0.1388
71,1453,1524,0.1388
72,1443,1515,0.1388
73,1442,1515,0.1388
73,1431,1504,0.1388
74,1432,1506,0.1388
73,1430,1503,0.1388
74,1435,1509,0.1388
76,1444,1520,0.1388
74,1444,1518,0.1388
72,1448,1520,0.1388
72,1446,1518,0.1388
70,1451,1521,0.1388
73,1441,1514,0.1388
73,1447,1520,0.1388
72,1440,1512,0.1388
72,1442,1514,0.1388
72,1436,1508,0.1388
71,1432,1503,0.1388
73,1443,1516,0.1388
74,1428,1502,0.1388
75,1432,1507,0.1388
77,1443,1520,0.1388
76,1428,1504,0.1388
77,1429,1506,0.1388
78,1421,1499,0.1388
76,1425,1501,0.1388
77,1431,1508,0.1388
80,1433,1513,0.1388
80,1415,1495,0.1388
77,1404,1481,0.1388
78,1422,1500,0.1388
78,1434,1512,0.1388
79,1440,1519,0.1388
79,1441,1520,0.1388
75,1447,1522,0.1388
76,1444,1520,0.1388
76,1459,1535,0.1388
78,1451,1529,0.1388
80,1454,1534,0.1388
77,1461,1538,0.1388
77,1450,1527,0.1388
76,1446,1522,0.1388
76,1441,1517,0.1388
73,1427,1500,0.1388
72,1435,1507,0.1388
71,1442,1513,0.1388
68,1446,1514,0.1388
67,1449,1516,0.1388
64,1448,1512,0.1388
64,1448,1512,0.1388
66,1448,1514,0.1388
65,1461,1526,0.1388
62,1456,1518,0.1388
63,1448,1511,0.1388
63,1448,1511,0.1388
64,1461,1525,0.1388
64,1458,1522,0.1388
64,1454,1518,0.1388
65,1454,1519,0.1388
67,1431,1498,0.1388
67,1450,1517,0.1388
65,1441,1506,0.1388
66,1450,1516,0.1388
65,1453,1518,0.1388
63,1454,1517,0.1388
61,1451,1512,0.1388
62,1459,1521,0.1388
61,1463,1524,0.1388
63,1459,1522,0.1388
64,1455,1519,0.1388
63,1449,1512,0.1388
64,1454,1518,0.1388
65,1441,1506,0.1388
63,1441,1504,0.1388
63,1453,1516,0.1388
65,1451,1516,0.1388
63,1457,1520,0.1388
63,1458,1521,0.1388
60,1447,1507,0.1388
62,1445,1507,0.1388
64,1442,1506,0.1388
64,1449,1513,0.1388
66,1451,1517,0.1388
66,1445,1511,0.1388
65,1449,1514,0.1388
65,1446,1511,0.1388
68,1437,1505,0.1388
66,1449,1515,0.1388
63,1451,1514,0.1388
61,1434,1495,0.1388
64,1454,1518,0.1388
66,1465,1531,0.1388
67,1462,1529,0.1388
69,1450,1519,0.1388
68,1449,1517,0.1388
67,1455,1522,0.1388
66,1457,1523,0.1388
63,1460,1523,0.1388
65,1459,1524,0.1388
65,1449,1514,0.1388
66,1445,1511,0.1388
66,1448,1514,0.1388
69,1436,1505,0.1388
71,1443,1514,0.1388
71,1433,1504,0.1388
73,1439,1512,0.1388
71,1447,1518,0.1388
67,1465,1532,0.1388
65,1447,1512,0.1388
67,1439,1506,0.1388
66,1449,1515,0.1388
66,1452,1518,0.1388
66,1445,1511,0.1388
67,1453,1520,0.1388
68,1444,1512,0.1388
69,1446,1515,0.1388
67,1446,1513,0.1388
67,1445,1512,0.1388
67,1444,1511,0.1388
67,1455,1522,0.1388
65,1440,1505,0.1388
66,1451,1517,0.1388
66,1442,1508,0.1388
63,1446,1509,0.1388
66,1458,1524,0.1388
64,1445,1509,0.1388
63,1440,1503,0.1388
65,1433,1498,0.1388
66,1443,1509,0.1388
65,1445,1510,0.1388
67,1442,1509,0.1388
68,1451,1519,0.1388
68,1457,1525,0.1388
68,1456,1524,0.1388
67,1450,1517,0.1388
65,1437,1502,0.1388
68,1450,1518,0.1388
66,1445,1511,0.1388
65,1443,1508,0.1388
64,1446,1510,0.1388
61,1456,1517,0.1388
63,1453,1516,0.1388
63,1450,1513,0.1388
64,1448,1512,0.1388
66,1453,1519,0.1388
64,1459,1523,0.1388
63,1460,1523,0.1388
64,1453,1517,0.1388
65,1470,1535,0.1388
65,1469,1534,0.1388
63,1468,1531,0.1388
62,1465,1527,0.1388
59,1456,1515,0.1388
61,1445,1506,0.1388
63,1452,1515,0.1388
64,1446,1510,0.1388
63,1448,1511,0.1388
61,1448,1509,0.1388
60,1455,1515,0.1388
61,1445,1506,0.1388
60,1447,1507,0.1388
60,1455,1515,0.1388
58,1454,1512,0.1388
58,1456,1514,0.1388
58,1476,1534,0.1388
56,1484,1540,0.1388
59,1456,1515,0.1388
58,1450,1508,0.1388
59,1462,1521,0.1388
58,1460,1518,0.1388
58,1463,1521,0.1388
56,1460,1516,0.1388
54,1457,1511,0.1388
54,1463,1517,0.1388
55,1459,1514,0.1388
55,1456,1511,0.1388
56,1456,1512,0.1388
56,1454,1510,0.1388
58,1435,1493,0.1388
59,1447,1506,0.1388
61,1444,1505,0.1388
60,1457,1517,0.1388
59,1451,1510,0.1388
58,1442,1500,0.1388
60,1454,1514,0.1388
57,1457,1514,0.1388
56,1445,1501,0.1388
59,1454,1513,0.1388
57,1460,1517,0.1388
55,1454,1509,0.1388
56,1457,1513,0.1388
52,1469,1521,0.1388
51,1473,1524,0.1388
51,1478,1529,0.1388
53,1472,1525,0.1388
52,1482,1534,0.1388
53,1473,1526,0.1388
52,1475,1527,0.1388
53,1468,1521,0.1388
53,1458,1511,0.1388
56,1454,1510,0.1388
54,1462,1516,0.1388
55,1471,1526,0.1388
54,1474,1528,0.1388
54,1463,1517,0.1388
48,1475,1523,0.1388
49,1477,1526,0.1388
49,1466,1515,0.1388
48,1468,1516,0.1388
45,1469,1514,0.1388
46,1472,1518,0.1388
45,1477,1522,0.1388
46,1476,1522,0.1388
45,1475,1520,0.1388
46,1477,1523,0.1388
45,1467,1512,0.1388
46,1471,1517,0.1388
45,1461,1506,0.1388
46,1461,1507,0.1388
48,1462,1510,0.1388
49,1467,1516,0.1388
48,1450,1498,0.1388
49,1449,1498,0.1388
48,1457,1505,0.1388
51,1467,1518,0.1388
52,1471,1523,0.1388
51,1463,1514,0.1388
52,1467,1519,0.1388
52,1452,1504,0.1388
50,1450,1500,0.1388
47,1469,1516,0.1388
47,1477,1524,0.1388
48,1485,1533,0.1388
45,1482,1527,0.1388
47,1466,1513,0.1388
46,1464,1510,0.1388
45,1461,1506,0.1388
45,1469,1514,0.1388
45,1462,1507,0.1388
42,1459,1501,0.1388
42,1462,1504,0.1388
43,1475,1518,0.1388
42,1478,1520,0.1388
42,1484,1526,0.1388
42,1474,1516,0.1388
42,1477,1519,0.1388
42,1481,1523,0.1388
41,1485,1526,0.1388
40,1477,1517,0.1388
39,1488,1527,0.1388
40,1491,1531,0.1388
39,1472,1511,0.1388
37,1469,1506,0.1388
38,1472,1510,0.1388
38,1483,1521,0.1388
39,1486,1525,0.1388
40,1506,1546,0.1388
41,1508,1549,0.1388
42,1489,1531,0.1388
42,1488,1530,0.1388
41,1482,1523,0.1388
40,1485,1525,0.1388
40,1479,1519,0.1388
41,1484,1525,0.1388
40,1470,1510,0.1388
42,1459,1501,0.1388
43,1472,1515,0.1388
45,1472,1517,0.1388
46,1474,1520,0.1388
46,1475,1521,0.1388
44,1472,1516,0.1388
44,1475,1519,0.1388
44,1465,1509,0.1388
45,1462,1507,0.1388
45,1453,1498,0.1388
44,1461,1505,0.1388
42,1447,1489,0.1388
41,1448,1489,0.1388
42,1451,1493,0.1388
43,1461,1504,0.1388
41,1450,1491,0.1388
41,1463,1504,0.1388
44,1456,1500,0.1388
41,1461,1502,0.1388
45,1449,1494,0.1388
43,1456,1499,0.1388
47,1462,1509,0.1388
49,1459,1508,0.1388
47,1447,1494,0.1388
48,1455,1503,0.1388
51,1457,1508,0.1388
52,1462,1514,0.1388
52,1466,1518,0.1388
49,1473,1522,0.1388
47,1485,1532,0.1388
48,1479,1527,0.1388
47,1477,1524,0.1388
45,1478,1523,0.1388
46,1481,1527,0.1388
45,1475,1520,0.1388
47,1462,1509,0.1388
46,1476,1522,0.1388
48,1475,1523,0.1388
44,1480,1524,0.1388
44,1492,1536,0.1388
45,1489,1534,0.1388
45,1484,1529,0.1388
44,1470,1514,0.1388
45,1477,1522,0.1388
44,1485,1529,0.1388
45,1478,1523,0.1388
44,1472,1516,0.1388
44,1467,1511,0.1388
39,1470,1509,0.1388
40,1471,1511,0.1388
41,1485,1526,0.1388
39,1474,1513,0.1388
36,1463,1499,0.1388
38,1484,1522,0.1388
39,1478,1517,0.1388
39,1480,1519,0.1388
37,1492,1529,0.1388
35,1497,1532,0.1388
33,1496,1529,0.1388
32,1472,1504,0.1388
32,1476,1508,0.1388
33,1478,1511,0.1388
33,1474,1507,0.1388
31,1480,1511,0.1388
30,1490,1520,0.1388
30,1492,1522,0.1388
30,1488,1518,0.1388
30,1485,1515,0.1388
30,1478,1508,0.1388
29,1477,1506,0.1388
30,1488,1518,0.1388
30,1484,1514,0.1388
29,1487,1516,0.1388
29,1487,1516,0.1388
30,1494,1524,0.1388
30,1492,1522,0.1388
29,1487,1516,0.1388
27,1500,1527,0.1388
27,1484,1511,0.1388
27,1483,1510,0.1388
28,1486,1514,0.1388
26,1495,1521,0.1388
26,1504,1530,0.1388
27,1510,1537,0.1388
26,1504,1530,0.1388
26,1500,1526,0.1388
26,1499,1525,0.1388
26,1509,1535,0.1388
26,1494,1520,0.1388
28,1488,1516,0.1388
29,1479,1508,0.1388
28,1479,1507,0.1388
27,1486,1513,0.1388
27,1498,1525,0.1388
25,1510,1535,0.1388
25,1489,1514,0.1388
24,1494,1518,0.1388
24,1495,1519,0.1388
24,1484,1508,0.1388
25,1490,1515,0.1388
24,1497,1521,0.1388
24,1484,1508,0.1388
21,1496,1517,0.1388
19,1499,1518,0.1388
20,1494,1514,0.1388
21,1505,1526,0.1388
20,1500,1520,0.1388
19,1505,1524,0.1388
19,1504,1523,0.1388
19,1497,1516,0.1388
18,1497,1515,0.1388
18,1502,1520,0.1388
18,1490,1508,0.1388
17,1500,1517,0.1388
18,1503,1521,0.1388
18,1500,1518,0.1388
18,1497,1515,0.1388
18,1507,1525,0.1388
18,1490,1508,0.1388
18,1494,1512,0.1388
17,1511,1528,0.1388
17,1515,1532,0.1388
16,1513,1529,0.1388
17,1511,1528,0.1388
16,1492,1508,0.1388
16,1496,1512,0.1388
16,1487,1503,0.1388
16,1494,1510,0.1388
18,1499,1517,0.1388
17,1499,1516,0.1388
17,1498,1515,0.1388
17,1496,1513,0.1388
17,1504,1521,0.1388
17,1502,1519,0.1388
17,1495,1512,0.1388
17,1501,1518,0.1388
17,1494,1511,0.1388
16,1475,1491,0.1388
15,1484,1499,0.1388
15,1484,1499,0.1388
16,1489,1505,0.1388
15,1494,1509,0.1388
16,1492,1508,0.1388
15,1501,1516,0.1388
15,1497,1512,0.1388
16,1506,1522,0.1388
15,1504,1519,0.1388
15,1512,1527,0.1388
16,1497,1513,0.1388
16,1492,1508,0.1388
16,1510,1526,0.1388
16,1501,1517,0.1388
16,1497,1513,0.1388
16,1495,1511,0.1388
14,1499,1513,0.1388
16,1488,1504,0.1388
12,1507,1519,0.1388
12,1505,1517,0.1388
10,1508,1518,0.1388
12,1501,1513,0.1388
13,1507,1520,0.1388
14,1500,1514,0.1388
14,1498,1512,0.1388
13,1507,1520,0.1388
13,1511,1524,0.1388
13,1516,1529,0.1388
14,1512,1526,0.1388
14,1495,1509,0.1388
14,1520,1534,0.1388
14,1517,1531,0.1388
14,1508,1522,0.1388
14,1514,1528,0.1388
12,1508,1520,0.1388
12,1513,1525,0.1388
13,1510,1523,0.1388
12,1497,1509,0.1388
11,1482,1493,0.1388
12,1495,1507,0.1388
12,1489,1501,0.1388
12,1498,1510,0.1388
11,1507,1518,0.1388
12,1511,1523,0.1388
10,1495,1505,0.1388
10,1503,1513,0.1388
10,1503,1513,0.1388
11,1512,1523,0.1388
11,1511,1522,0.1388
12,1508,1520,0.1388
11,1508,1519,0.1388
11,1501,1512,0.1388
11,1507,1518,0.1388
11,1522,1533,0.1388
11,1519,1530,0.1388
12,1516,1528,0.1388
12,1514,1526,0.1388
12,1497,1509,0.1388
12,1502,1514,0.1388
11,1496,1507,0.1388
10,1501,1511,0.1388
11,1509,1520,0.1388
9,1500,1509,0.1388
11,1496,1507,0.1388
12,1503,1515,0.1388
12,1494,1506,0.1388
12,1508,1520,0.1388
12,1509,1521,0.1388
12,1510,1522,0.1388
11,1500,1511,0.1388
10,1497,1507,0.1388
9,1487,1496,0.1388
8,1493,1501,0.1388
8,1515,1523,0.1388
9,1513,1522,0.1388
9,1512,1521,0.1388
8,1514,1522,0.1388
8,1517,1525,0.1388
8,1511,1519,0.1388
8,1500,1508,0.1388
9,1521,1530,0.1388
8,1515,1523,0.1388
7,1505,1512,0.1388
7,1509,1516,0.1388
7,1502,1509,0.1388
7,1502,1509,0.1388
7,1512,1519,0.1388
7,1517,1524,0.1388
7,1505,1512,0.1388
7,1511,1518,0.1388
8,1517,1525,0.1388
7,1524,1531,0.1388
7,1514,1521,0.1388
7,1507,1514,0.1388
7,1507,1514,0.1388
7,1514,1521,0.1388
7,1514,1521,0.1388
7,1501,1508,0.1388
7,1504,1511,0.1388
7,1498,1505,0.1388
7,1508,1515,0.1388
7,1502,1509,0.1388
7,1502,1509,0.1388
6,1503,1509,0.1388
6,1503,1509,0.1388
6,1504,1510,0.1388
6,1506,1512,0.1388
6,1505,1511,0.1388
6,1498,1504,0.1388
7,1490,1497,0.1388
7,1497,1504,0.1388
7,1498,1505,0.1388
7,1507,1514,0.1388
5,1502,1507,0.1388
5,1511,1516,0.1388
5,1506,1511,0.1388
5,1511,1516,0.1388
5,1498,1503,0.1388
5,1500,1505,0.1388
4,1506,1510,0.1388
3,1498,1501,0.1388
2,1504,1506,0.1388
3,1515,1518,0.1388
3,1522,1525,0.1388
3,1518,1521,0.1388
3,1507,1510,0.1388
3,1502,1505,0.1388
4,1512,1516,0.1388
4,1508,1512,0.1388
4,1522,1526,0.1388
4,1512,1516,0.1388
4,1506,1510,0.1388
4,1509,1513,0.1388
4,1522,1526,0.1388
4,1534,1538,0.1388
4,1527,1531,0.1388
4,1531,1535,0.1388
3,1512,1515,0.1388
4,1517,1521,0.1388
4,1514,1518,0.1388
4,1507,1511,0.1388
4,1515,1519,0.1388
4,1519,1523,0.1388
4,1512,1516,0.1388
4,1507,1511,0.1388
5,1505,1510,0.1388
5,1505,1510,0.1388
5,1495,1500,0.1388
5,1501,1506,0.1388
5,1501,1506,0.1388
5,1502,1507,0.1388
5,1505,1510,0.1388
6,1521,1527,0.1388
6,1511,1517,0.1388
6,1512,1518,0.1388
6,1514,1520,0.1388
6,1516,1522,0.1388
7,1509,1516,0.1388
7,1504,1511,0.1388
7,1513,1520,0.1388
7,1501,1508,0.1388
9,1513,1522,0.1388
9,1517,1526,0.1388
9,1520,1529,0.1388
9,1520,1529,0.1388
9,1519,1528,0.1388
9,1530,1539,0.1388
9,1513,1522,0.1388
9,1515,1524,0.1388
8,1508,1516,0.1388
8,1503,1511,0.1388
7,1512,1519,0.1388
7,1513,1520,0.1388
7,1511,1518,0.1388
7,1510,1517,0.1388
8,1506,1514,0.1388
8,1515,1523,0.1388
8,1513,1521,0.1388
8,1500,1508,0.1388
8,1508,1516,0.1388
8,1513,1521,0.1388
9,1519,1528,0.1388
9,1505,1514,0.1388
9,1512,1521,0.1388
9,1515,1524,0.1388
9,1514,1523,0.1388
9,1518,1527,0.1388
9,1508,1517,0.1388
8,1503,1511,0.1388
8,1508,1516,0.1388
9,1511,1520,0.1388
9,1519,1528,0.1388
9,1512,1521,0.1388
8,1503,1511,0.1388
8,1508,1516,0.1388
8,1511,1519,0.1388
7,1514,1521,0.1388
7,1500,1507,0.1388
7,1501,1508,0.1388
7,1497,1504,0.1388
7,1497,1504,0.1388
7,1506,1513,0.1388
7,1512,1519,0.1388
7,1506,1513,0.1388
7,1506,1513,0.1388
7,1519,1526,0.1388
7,1512,1519,0.1388
7,1506,1513,0.1388
7,1518,1525,0.1388
7,1519,1526,0.1388
8,1521,1529,0.1388
8,1522,1530,0.1388
8,1509,1517,0.1388
7,1504,1511,0.1388
5,1514,1519,0.1388
5,1517,1522,0.1388
5,1520,1525,0.1388
5,1513,1518,0.1388
5,1514,1519,0.1388
5,1516,1521,0.1388
5,1516,1521,0.1388
5,1512,1517,0.1388
5,1499,1504,0.1388
5,1510,1515,0.1388
5,1512,1517,0.1388
5,1510,1515,0.1388
5,1509,1514,0.1388
5,1508,1513,0.1388
5,1499,1504,0.1388
5,1506,1511,0.1388
7,1494,1501,0.1388
7,1506,1513,0.1388
7,1510,1517,0.1388
6,1515,1521,0.1388
6,1512,1518,0.1388
6,1512,1518,0.1388
7,1517,1524,0.1388
7,1530,1537,0.1388
7,1530,1537,0.1388
7,1528,1535,0.1388
7,1514,1521,0.1388
6,1516,1522,0.1388
6,1514,1520,0.1388
6,1517,1523,0.1388
6,1507,1513,0.1388
6,1498,1504,0.1388
6,1505,1511,0.1388
5,1514,1519,0.1388
6,1504,1510,0.1388
6,1501,1507,0.1388
5,1501,1506,0.1388
5,1493,1498,0.1388
5,1511,1516,0.1388
5,1497,1502,0.1388
5,1497,1502,0.1388
5,1517,1522,0.1388
5,1515,1520,0.1388
7,1510,1517,0.1388
7,1507,1514,0.1388
7,1503,1510,0.1388
6,1507,1513,0.1388
5,1520,1525,0.1388
5,1524,1529,0.1388
5,1521,1526,0.1388
4,1503,1507,0.1388
4,1518,1522,0.1388
5,1517,1522,0.1388
5,1513,1518,0.1388
5,1516,1521,0.1388
6,1525,1531,0.1388
6,1511,1517,0.1388
6,1512,1518,0.1388
5,1509,1514,0.1388
5,1508,1513,0.1388
5,1506,1511,0.1388
5,1512,1517,0.1388
5,1514,1519,0.1388
5,1513,1518,0.1388
5,1516,1521,0.1388
5,1519,1524,0.1388
5,1523,1528,0.1388
5,1517,1522,0.1388
4,1520,1524,0.1388
5,1515,1520,0.1388
5,1528,1533,0.1388
5,1530,1535,0.1388
5,1527,1532,0.1388
6,1518,1524,0.1388
5,1513,1518,0.1388
4,1525,1529,0.1388
4,1516,1520,0.1388
4,1522,1526,0.1388
4,1516,1520,0.1388
4,1512,1516,0.1388
4,1520,1524,0.1388
4,1519,1523,0.1388
4,1514,1518,0.1388
4,1516,1520,0.1388
4,1523,1527,0.1388
4,1514,1518,0.1388
4,1510,1514,0.1388
4,1501,1505,0.1388
4,1518,1522,0.1388
4,1523,1527,0.1388
4,1505,1509,0.1388
4,1500,1504,0.1388
4,1506,1510,0.1388
3,1499,1502,0.1388
3,1495,1498,0.1388
4,1506,1510,0.1388
4,1498,1502,0.1388
4,1508,1512,0.1388
4,1500,1504,0.1388
4,1505,1509,0.1388
4,1507,1511,0.1388
4,1514,1518,0.1388
4,1508,1512,0.1388
4,1507,1511,0.1388
4,1511,1515,0.1388
3,1514,1517,0.1388
2,1520,1522,0.1388
2,1518,1520,0.1388
2,1517,1519,0.1388
2,1524,1526,0.1388
2,1526,1528,0.1388
1,1523,1524,0.1388
1,1525,1526,0.1388
1,1529,1530,0.1388
1,1527,1528,0.1388
1,1517,1518,0.1388
1,1512,1513,0.1388
1,1526,1527,0.1388
1,1514,1515,0.1388
1,1501,1502,0.1388
1,1507,1508,0.1388
1,1502,1503,0.1388
1,1495,1496,0.1388
1,1503,1504,0.1388
1,1501,1502,0.1388
1,1508,1509,0.1388
1,1520,1521,0.1388
1,1514,1515,0.1388
1,1514,1515,0.1388
1,1513,1514,0.1388
1,1507,1508,0.1388
1,1509,1510,0.1388
1,1504,1505,0.1388
1,1496,1497,0.1388
1,1511,1512,0.1388
1,1518,1519,0.1388
1,1517,1518,0.1388
1,1519,1520,0.1388
1,1527,1528,0.1388
1,1513,1514,0.1388
1,1507,1508,0.1388
0,1509,1509,0.1388
