1352,30,1382,0.1388
1385,32,1417,0.1388
1407,32,1439,0.1388
1422,31,1453,0.1388
1427,32,1459,0.1388
1449,33,1482,0.1388
1452,33,1485,0.1388
1456,31,1487,0.1388
1462,33,1495,0.1388
1470,31,1501,0.1388
1472,31,1503,0.1388
1466,30,1496,0.1388
1459,30,1489,0.1388
1438,33,1471,0.1388
1441,34,1475,0.1388
1454,34,1488,0.1388
1452,35,1487,0.1388
1458,36,1494,0.1388
1464,35,1499,0.1388
1461,34,1495,0.1388
1476,33,1509,0.1388
1468,34,1502,0.1388
1458,35,1493,0.1388
1468,34,1502,0.1388
1479,33,1512,0.1388
1486,32,1518,0.1388
1471,32,1503,0.1388
1481,32,1513,0.1388
1476,32,1508,0.1388
1482,32,1514,0.1388
1467,32,1499,0.1388
1458,33,1491,0.1388
1454,31,1485,0.1388
1463,31,1494,0.1388
1479,32,1511,0.1388
1471,31,1502,0.1388
1467,30,1497,0.1388
1470,30,1500,0.1388
1463,30,1493,0.1388
1474,30,1504,0.1388
1462,29,1491,0.1388
1458,28,1486,0.1388
1452,27,1479,0.1388
1463,29,1492,0.1388
1461,25,1486,0.1388
1459,26,1485,0.1388
1444,24,1468,0.1388
1457,25,1482,0.1388
1446,25,1471,0.1388
1458,26,1484,0.1388
1455,28,1483,0.1388
1456,29,1485,0.1388
1467,31,1498,0.1388
1479,30,1509,0.1388
1474,30,1504,0.1388
1472,33,1505,0.1388
1462,34,1496,0.1388
1468,36,1504,0.1388
1468,35,1503,0.1388
1468,35,1503,0.1388
1460,36,1496,0.1388
1460,38,1498,0.1388
1458,38,1496,0.1388
1457,36,1493,0.1388
1452,34,1486,0.1388
1452,34,1486,0.1388
1453,34,1487,0.1388
1442,32,1474,0.1388
1452,32,1484,0.1388
1454,32,1486,0.1388
1465,31,1496,0.1388
1468,29,1497,0.1388
1474,26,1500,0.1388
1475,25,1500,0.1388
1482,27,1509,0.1388
1473,28,1501,0.1388
1474,29,1503,0.1388
1472,32,1504,0.1388
1476,32,1508,0.1388
1467,32,1499,0.1388
1467,33,1500,0.1388
1469,33,1502,0.1388
1462,34,1496,0.1388
1464,36,1500,0.1388
1469,35,1504,0.1388
1475,34,1509,0.1388
1474,36,1510,0.1388
1464,36,1500,0.1388
1467,36,1503,0.1388
1463,37,1500,0.1388
1453,37,1490,0.1388
1447,38,1485,0.1388
1446,40,1486,0.1388
1456,41,1497,0.1388
1471,42,1513,0.1388
1462,41,1503,0.1388
1452,43,1495,0.1388
1456,43,1499,0.1388
1441,46,1487,0.1388
1442,49,1491,0.1388
1450,49,1499,0.1388
1460,48,1508,0.1388
1459,49,1508,0.1388
1460,47,1507,0.1388
1452,48,1500,0.1388
1443,48,1491,0.1388
1441,48,1489,0.1388
1436,48,1484,0.1388
1448,49,1497,0.1388
1454,53,1507,0.1388
1454,49,1503,0.1388
1444,50,1494,0.1388
1451,50,1501,0.1388
1445,50,1495,0.1388
1439,51,1490,0.1388
1446,51,1497,0.1388
1438,53,1491,0.1388
1439,54,1493,0.1388
1442,53,1495,0.1388
1454,57,1511,0.1388
1446,56,1502,0.1388
1448,58,1506,0.1388
1443,58,1501,0.1388
1442,57,1499,0.1388
1443,59,1502,0.1388
1435,59,1494,0.1388
1432,61,1493,0.1388
1422,63,1485,0.1388
1434,62,1496,0.1388
1439,65,1504,0.1388
1440,63,1503,0.1388
1447,62,1509,0.1388
1430,62,1492,0.1388
1425,61,1486,0.1388
1418,62,1480,0.1388
1420,62,1482,0.1388
1431,61,1492,0.1388
1427,64,1491,0.1388
1430,65,1495,0.1388
1418,68,1486,0.1388
1407,69,1476,0.1388
1409,70,1479,0.1388
1404,68,1472,0.1388
1412,67,1479,0.1388
1410,70,1480,0.1388
1415,72,1487,0.1388
1418,71,1489,0.1388
1407,70,1477,0.1388
1427,72,1499,0.1388
1430,74,1504,0.1388
1434,74,1508,0.1388
1425,74,1499,0.1388
1419,73,1492,0.1388
1406,73,1479,0.1388
1407,75,1482,0.1388
1412,75,1487,0.1388
1419,71,1490,0.1388
1413,74,1487,0.1388
1414,76,1490,0.1388
1407,77,1484,0.1388
1413,78,1491,0.1388
1411,79,1490,0.1388
1416,78,1494,0.1388
1421,75,1496,0.1388
1418,72,1490,0.1388
1417,73,1490,0.1388
1420,73,1493,0.1388
1424,75,1499,0.1388
1410,74,1484,0.1388
1399,75,1474,0.1388
1422,73,1495,0.1388
1415,72,1487,0.1388
1428,72,1500,0.1388
1422,73,1495,0.1388
1423,74,1497,0.1388
1428,73,1501,0.1388
1431,74,1505,0.1388
1411,76,1487,0.1388
1420,77,1497,0.1388
1425,76,1501,0.1388
1424,75,1499,0.1388
1407,74,1481,0.1388
1400,78,1478,0.1388
1419,79,1498,0.1388
1407,80,1487,0.1388
1411,82,1493,0.1388
1404,86,1490,0.1388
1401,88,1489,0.1388
1407,92,1499,0.1388
1389,91,1480,0.1388
1395,94,1489,0.1388
1409,94,1503,0.1388
1403,96,1499,0.1388
1408,94,1502,0.1388
1404,97,1501,0.1388
1405,99,1504,0.1388
1402,100,1502,0.1388
1402,104,1506,0.1388
1399,103,1502,0.1388
1391,100,1491,0.1388
1378,103,1481,0.1388
1394,106,1500,0.1388
1383,105,1488,0.1388
1388,102,1490,0.1388
1398,104,1502,0.1388
1391,102,1493,0.1388
1392,103,1495,0.1388
1403,104,1507,0.1388
1393,104,1497,0.1388
1406,106,1512,0.1388
1406,106,1512,0.1388
1397,105,1502,0.1388
1380,104,1484,0.1388
1388,106,1494,0.1388
1389,106,1495,0.1388
1382,112,1494,0.1388
1363,117,1480,0.1388
1362,118,1480,0.1388
1363,117,1480,0.1388
1361,116,1477,0.1388
1366,116,1482,0.1388
1361,116,1477,0.1388
1373,119,1492,0.1388
1390,122,1512,0.1388
1380,123,1503,0.1388
1383,121,1504,0.1388
1400,120,1520,0.1388
1382,123,1505,0.1388
1367,124,1491,0.1388
1360,124,1484,0.1388
1349,123,1472,0.1388
1361,123,1484,0.1388
1369,120,1489,0.1388
1376,124,1500,0.1388
1365,123,1488,0.1388
1366,121,1487,0.1388
1370,124,1494,0.1388
1367,123,1490,0.1388
1379,123,1502,0.1388
1388,121,1509,0.1388
1388,119,1507,0.1388
1386,118,1504,0.1388
1378,124,1502,0.1388
1372,125,1497,0.1388
1373,124,1497,0.1388
1377,121,1498,0.1388
1379,125,1504,0.1388
1370,126,1496,0.1388
1370,130,1500,0.1388
1365,128,1493,0.1388
1367,135,1502,0.1388
1373,135,1508,0.1388
1380,132,1512,0.1388
1366,135,1501,0.1388
1355,136,1491,0.1388
1346,138,1484,0.1388
1359,138,1497,0.1388
1348,142,1490,0.1388
1331,145,1476,0.1388
1350,146,1496,0.1388
1346,147,1493,0.1388
1340,146,1486,0.1388
1341,148,1489,0.1388
1342,148,1490,0.1388
1331,148,1479,0.1388
1341,150,1491,0.1388
1335,151,1486,0.1388
1333,150,1483,0.1388
1334,151,1485,0.1388
1337,152,1489,0.1388
1337,153,1490,0.1388
1338,153,1491,0.1388
1347,151,1498,0.1388
1338,150,1488,0.1388
1329,154,1483,0.1388
1323,158,1481,0.1388
1335,157,1492,0.1388
1341,156,1497,0.1388
1341,159,1500,0.1388
1336,155,1491,0.1388
1341,159,1500,0.1388
1339,160,1499,0.1388
1340,161,1501,0.1388
1349,158,1507,0.1388
1341,161,1502,0.1388
1344,163,1507,0.1388
1339,167,1506,0.1388
1337,165,1502,0.1388
1355,163,1518,0.1388
1353,165,1518,0.1388
1348,163,1511,0.1388
1352,167,1519,0.1388
1336,161,1497,0.1388
1327,159,1486,0.1388
1327,156,1483,0.1388
1323,159,1482,0.1388
1324,162,1486,0.1388
1334,162,1496,0.1388
1345,164,1509,0.1388
1335,164,1499,0.1388
1328,166,1494,0.1388
1322,163,1485,0.1388
1323,162,1485,0.1388
1335,161,1496,0.1388
1341,162,1503,0.1388
1346,162,1508,0.1388
1341,165,1506,0.1388
1321,158,1479,0.1388
1312,161,1473,0.1388
1313,165,1478,0.1388
1310,171,1481,0.1388
1301,180,1481,0.1388
1302,180,1482,0.1388
1294,184,1478,0.1388
1292,182,1474,0.1388
1287,187,1474,0.1388
1293,187,1480,0.1388
1294,189,1483,0.1388
1283,193,1476,0.1388
1291,194,1485,0.1388
1279,194,1473,0.1388
1281,195,1476,0.1388
1292,198,1490,0.1388
1292,196,1488,0.1388
1312,202,1514,0.1388
1295,201,1496,0.1388
1294,196,1490,0.1388
1296,200,1496,0.1388
1302,204,1506,0.1388
1299,205,1504,0.1388
1301,201,1502,0.1388
1307,203,1510,0.1388
1295,205,1500,0.1388
1294,198,1492,0.1388
1287,203,1490,0.1388
1287,207,1494,0.1388
1280,207,1487,0.1388
1289,206,1495,0.1388
1289,209,1498,0.1388
1292,208,1500,0.1388
1292,208,1500,0.1388
1274,203,1477,0.1388
1286,200,1486,0.1388
1306,207,1513,0.1388
1288,205,1493,0.1388
1286,212,1498,0.1388
1288,213,1501,0.1388
1291,215,1506,0.1388
1284,217,1501,0.1388
1274,216,1490,0.1388
1278,218,1496,0.1388
1281,219,1500,0.1388
1273,222,1495,0.1388
1261,220,1481,0.1388
1269,219,1488,0.1388
1280,224,1504,0.1388
1266,224,1490,0.1388
1267,224,1491,0.1388
1268,228,1496,0.1388
1275,228,1503,0.1388
1270,234,1504,0.1388
1269,234,1503,0.1388
1259,240,1499,0.1388
1249,239,1488,0.1388
1242,246,1488,0.1388
1259,246,1505,0.1388
1258,249,1507,0.1388
1263,247,1510,0.1388
1258,247,1505,0.1388
1251,246,1497,0.1388
1244,248,1492,0.1388
1243,252,1495,0.1388
1233,252,1485,0.1388
1230,252,1482,0.1388
1228,253,1481,0.1388
1225,255,1480,0.1388
1225,248,1473,0.1388
1224,248,1472,0.1388
1226,250,1476,0.1388
1233,247,1480,0.1388
1236,254,1490,0.1388
1224,253,1477,0.1388
1229,259,1488,0.1388
1231,261,1492,0.1388
1220,264,1484,0.1388
1221,268,1489,0.1388
1223,273,1496,0.1388
1221,269,1490,0.1388
1224,273,1497,0.1388
1218,279,1497,0.1388
1207,277,1484,0.1388
1207,274,1481,0.1388
1208,278,1486,0.1388
1210,280,1490,0.1388
1213,276,1489,0.1388
1215,280,1495,0.1388
1213,279,1492,0.1388
1207,280,1487,0.1388
1207,279,1486,0.1388
1215,281,1496,0.1388
1213,280,1493,0.1388
1215,286,1501,0.1388
1203,283,1486,0.1388
1206,288,1494,0.1388
1208,291,1499,0.1388
1202,293,1495,0.1388
1197,296,1493,0.1388
1194,297,1491,0.1388
1195,295,1490,0.1388
1205,298,1503,0.1388
1188,295,1483,0.1388
1198,293,1491,0.1388
1200,296,1496,0.1388
1205,300,1505,0.1388
1207,297,1504,0.1388
1211,297,1508,0.1388
1215,298,1513,0.1388
1209,294,1503,0.1388
1205,292,1497,0.1388
1214,303,1517,0.1388
1210,306,1516,0.1388
1201,306,1507,0.1388
1178,306,1484,0.1388
1182,302,1484,0.1388
1185,305,1490,0.1388
1198,306,1504,0.1388
1210,309,1519,0.1388
1204,307,1511,0.1388
1198,308,1506,0.1388
1190,313,1503,0.1388
1191,312,1503,0.1388
1183,311,1494,0.1388
1183,314,1497,0.1388
1175,312,1487,0.1388
1169,313,1482,0.1388
1173,319,1492,0.1388
1182,312,1494,0.1388
1183,317,1500,0.1388
1183,323,1506,0.1388
1192,325,1517,0.1388
1191,324,1515,0.1388
1183,321,1504,0.1388
1191,329,1520,0.1388
1188,335,1523,0.1388
1175,333,1508,0.1388
1175,334,1509,0.1388
1176,337,1513,0.1388
1166,341,1507,0.1388
1152,335,1487,0.1388
1149,335,1484,0.1388
1159,336,1495,0.1388
1160,338,1498,0.1388
1156,339,1495,0.1388
1152,339,1491,0.1388
1155,340,1495,0.1388
1146,339,1485,0.1388
1132,342,1474,0.1388
1146,345,1491,0.1388
1154,340,1494,0.1388
1148,335,1483,0.1388
1148,341,1489,0.1388
1155,342,1497,0.1388
1152,342,1494,0.1388
1155,349,1504,0.1388
1155,353,1508,0.1388
1155,342,1497,0.1388
1161,336,1497,0.1388
1158,334,1492,0.1388
1153,342,1495,0.1388
1144,341,1485,0.1388
1145,344,1489,0.1388
1153,343,1496,0.1388
1146,349,1495,0.1388
1147,354,1501,0.1388
1148,349,1497,0.1388
1150,348,1498,0.1388
1151,348,1499,0.1388
1154,347,1501,0.1388
1141,345,1486,0.1388
1143,349,1492,0.1388
1148,349,1497,0.1388
1150,346,1496,0.1388
1151,349,1500,0.1388
1152,343,1495,0.1388
1153,348,1501,0.1388
1145,350,1495,0.1388
1151,350,1501,0.1388
1153,350,1503,0.1388
1155,356,1511,0.1388
1161,349,1510,0.1388
1147,352,1499,0.1388
1146,356,1502,0.1388
1133,361,1494,0.1388
1122,356,1478,0.1388
1140,357,1497,0.1388
1135,361,1496,0.1388
1137,359,1496,0.1388
1139,360,1499,0.1388
1138,360,1498,0.1388
1130,363,1493,0.1388
1139,366,1505,0.1388
1142,362,1504,0.1388
1136,356,1492,0.1388
1137,363,1500,0.1388
1130,367,1497,0.1388
1130,373,1503,0.1388
1128,374,1502,0.1388
1134,373,1507,0.1388
1129,377,1506,0.1388
1127,378,1505,0.1388
1139,382,1521,0.1388
1126,384,1510,0.1388
1127,375,1502,0.1388
1123,386,1509,0.1388
1132,387,1519,0.1388
1135,389,1524,0.1388
1125,382,1507,0.1388
1130,385,1515,0.1388
1132,385,1517,0.1388
1126,383,1509,0.1388
1117,386,1503,0.1388
1113,380,1493,0.1388
1118,386,1504,0.1388
1121,387,1508,0.1388
1109,388,1497,0.1388
1109,392,1501,0.1388
1114,392,1506,0.1388
1112,391,1503,0.1388
1108,393,1501,0.1388
1119,393,1512,0.1388
1122,395,1517,0.1388
1116,393,1509,0.1388
1108,391,1499,0.1388
1126,392,1518,0.1388
1109,392,1501,0.1388
1106,396,1502,0.1388
1100,396,1496,0.1388
1102,401,1503,0.1388
1091,408,1499,0.1388
1088,416,1504,0.1388
1092,418,1510,0.1388
1087,414,1501,0.1388
1088,413,1501,0.1388
1080,419,1499,0.1388
1066,425,1491,0.1388
1090,427,1517,0.1388
1091,424,1515,0.1388
1094,425,1519,0.1388
1086,421,1507,0.1388
1082,428,1510,0.1388
1084,429,1513,0.1388
1070,432,1502,0.1388
1060,427,1487,0.1388
1049,429,1478,0.1388
1043,433,1476,0.1388
1060,430,1490,0.1388
1062,430,1492,0.1388
1065,431,1496,0.1388
1074,427,1501,0.1388
1074,428,1502,0.1388
1073,429,1502,0.1388
1084,432,1516,0.1388
1073,430,1503,0.1388
1077,443,1520,0.1388
1070,435,1505,0.1388
1067,443,1510,0.1388
1068,445,1513,0.1388
1052,454,1506,0.1388
1061,453,1514,0.1388
1059,448,1507,0.1388
1056,447,1503,0.1388
1054,451,1505,0.1388
1058,453,1511,0.1388
1052,439,1491,0.1388
1060,437,1497,0.1388
1058,437,1495,0.1388
1058,436,1494,0.1388
1066,432,1498,0.1388
1070,437,1507,0.1388
1057,438,1495,0.1388
1067,437,1504,0.1388
1077,435,1512,0.1388
1064,438,1502,0.1388
1067,432,1499,0.1388
1067,426,1493,0.1388
1072,416,1488,0.1388
1075,421,1496,0.1388
1081,432,1513,0.1388
1073,432,1505,0.1388
1065,432,1497,0.1388
1072,430,1502,0.1388
1067,434,1501,0.1388
1067,433,1500,0.1388
1063,434,1497,0.1388
1064,433,1497,0.1388
1070,431,1501,0.1388
1066,433,1499,0.1388
1059,434,1493,0.1388
1058,435,1493,0.1388
1057,436,1493,0.1388
1061,439,1500,0.1388
1064,442,1506,0.1388
1060,451,1511,0.1388
1055,452,1507,0.1388
1056,456,1512,0.1388
1058,454,1512,0.1388
1053,450,1503,0.1388
1047,451,1498,0.1388
1052,453,1505,0.1388
1046,451,1497,0.1388
1053,454,1507,0.1388
1055,460,1515,0.1388
1048,460,1508,0.1388
1031,467,1498,0.1388
1028,459,1487,0.1388
1039,460,1499,0.1388
1032,460,1492,0.1388
1026,469,1495,0.1388
1031,479,1510,0.1388
1030,474,1504,0.1388
1023,487,1510,0.1388
1032,482,1514,0.1388
1027,476,1503,0.1388
1024,479,1503,0.1388
1017,479,1496,0.1388
1011,480,1491,0.1388
1018,479,1497,0.1388
1010,478,1488,0.1388
1022,476,1498,0.1388
1027,482,1509,0.1388
1024,479,1503,0.1388
1016,483,1499,0.1388
1023,487,1510,0.1388
1023,481,1504,0.1388
1019,484,1503,0.1388
1021,489,1510,0.1388
1015,489,1504,0.1388
1017,486,1503,0.1388
1018,478,1496,0.1388
1007,483,1490,0.1388
1001,489,1490,0.1388
999,495,1494,0.1388
997,503,1500,0.1388
990,506,1496,0.1388
998,506,1504,0.1388
994,500,1494,0.1388
1003,506,1509,0.1388
998,505,1503,0.1388
990,512,1502,0.1388
979,514,1493,0.1388
982,507,1489,0.1388
987,514,1501,0.1388
982,525,1507,0.1388
983,525,1508,0.1388
987,516,1503,0.1388
985,516,1501,0.1388
977,512,1489,0.1388
980,513,1493,0.1388
979,513,1492,0.1388
990,516,1506,0.1388
975,527,1502,0.1388
973,514,1487,0.1388
982,518,1500,0.1388
971,515,1486,0.1388
971,517,1488,0.1388
976,521,1497,0.1388
973,522,1495,0.1388
974,526,1500,0.1388
982,517,1499,0.1388
979,525,1504,0.1388
978,523,1501,0.1388
974,524,1498,0.1388
973,523,1496,0.1388
972,524,1496,0.1388
981,528,1509,0.1388
967,533,1500,0.1388
972,534,1506,0.1388
972,532,1504,0.1388
968,536,1504,0.1388
975,531,1506,0.1388
979,524,1503,0.1388
962,528,1490,0.1388
958,533,1491,0.1388
973,532,1505,0.1388
971,532,1503,0.1388
957,535,1492,0.1388
954,531,1485,0.1388
959,535,1494,0.1388
956,533,1489,0.1388
953,529,1482,0.1388
954,535,1489,0.1388
953,540,1493,0.1388
955,536,1491,0.1388
958,536,1494,0.1388
960,538,1498,0.1388
957,543,1500,0.1388
945,541,1486,0.1388
949,547,1496,0.1388
954,555,1509,0.1388
955,557,1512,0.1388
961,551,1512,0.1388
959,555,1514,0.1388
954,551,1505,0.1388
964,554,1518,0.1388
969,548,1517,0.1388
971,544,1515,0.1388
979,548,1527,0.1388
961,540,1501,0.1388
966,538,1504,0.1388
959,533,1492,0.1388
958,541,1499,0.1388
956,544,1500,0.1388
945,542,1487,0.1388
949,543,1492,0.1388
943,539,1482,0.1388
952,547,1499,0.1388
947,552,1499,0.1388
951,561,1512,0.1388
941,564,1505,0.1388
956,573,1529,0.1388
956,563,1519,0.1388
951,563,1514,0.1388
944,559,1503,0.1388
948,558,1506,0.1388
951,557,1508,0.1388
949,554,1503,0.1388
944,569,1513,0.1388
942,570,1512,0.1388
934,569,1503,0.1388
937,570,1507,0.1388
933,575,1508,0.1388
926,574,1500,0.1388
929,581,1510,0.1388
921,573,1494,0.1388
922,581,1503,0.1388
923,585,1508,0.1388
930,580,1510,0.1388
928,581,1509,0.1388
941,573,1514,0.1388
930,574,1504,0.1388
930,570,1500,0.1388
939,570,1509,0.1388
933,569,1502,0.1388
939,573,1512,0.1388
931,568,1499,0.1388
926,574,1500,0.1388
923,576,1499,0.1388
929,570,1499,0.1388
924,569,1493,0.1388
913,569,1482,0.1388
915,577,1492,0.1388
927,573,1500,0.1388
942,575,1517,0.1388
936,571,1507,0.1388
920,571,1491,0.1388
905,571,1476,0.1388
907,586,1493,0.1388
906,578,1484,0.1388
904,580,1484,0.1388
899,585,1484,0.1388
906,596,1502,0.1388
897,605,1502,0.1388
903,603,1506,0.1388
907,610,1517,0.1388
898,611,1509,0.1388
895,611,1506,0.1388
897,612,1509,0.1388
889,607,1496,0.1388
886,615,1501,0.1388
886,610,1496,0.1388
895,606,1501,0.1388
887,611,1498,0.1388
885,605,1490,0.1388
884,605,1489,0.1388
889,611,1500,0.1388
886,620,1506,0.1388
884,615,1499,0.1388
888,609,1497,0.1388
878,611,1489,0.1388
868,609,1477,0.1388
885,614,1499,0.1388
888,609,1497,0.1388
877,612,1489,0.1388
869,625,1494,0.1388
868,628,1496,0.1388
865,635,1500,0.1388
857,634,1491,0.1388
863,643,1506,0.1388
868,640,1508,0.1388
867,635,1502,0.1388
873,632,1505,0.1388
862,635,1497,0.1388
865,631,1496,0.1388
852,639,1491,0.1388
858,642,1500,0.1388
855,633,1488,0.1388
851,634,1485,0.1388
859,643,1502,0.1388
852,648,1500,0.1388
860,650,1510,0.1388
855,650,1505,0.1388
862,647,1509,0.1388
870,641,1511,0.1388
867,641,1508,0.1388
857,643,1500,0.1388
854,643,1497,0.1388
850,646,1496,0.1388
851,664,1515,0.1388
854,664,1518,0.1388
854,671,1525,0.1388
854,672,1526,0.1388
849,669,1518,0.1388
856,676,1532,0.1388
850,671,1521,0.1388
843,678,1521,0.1388
841,683,1524,0.1388
829,678,1507,0.1388
819,686,1505,0.1388
810,689,1499,0.1388
810,683,1493,0.1388
803,683,1486,0.1388
801,677,1478,0.1388
791,694,1485,0.1388
793,684,1477,0.1388
790,702,1492,0.1388
797,699,1496,0.1388
791,710,1501,0.1388
785,707,1492,0.1388
771,719,1490,0.1388
774,717,1491,0.1388
776,721,1497,0.1388
783,723,1506,0.1388
784,718,1502,0.1388
784,719,1503,0.1388
776,724,1500,0.1388
775,718,1493,0.1388
782,723,1505,0.1388
786,726,1512,0.1388
790,730,1520,0.1388
782,724,1506,0.1388
773,737,1510,0.1388
771,738,1509,0.1388
764,737,1501,0.1388
757,745,1502,0.1388
766,747,1513,0.1388
759,738,1497,0.1388
755,741,1496,0.1388
755,752,1507,0.1388
750,764,1514,0.1388
751,757,1508,0.1388
749,763,1512,0.1388
738,754,1492,0.1388
756,755,1511,0.1388
755,748,1503,0.1388
748,741,1489,0.1388
761,741,1502,0.1388
755,746,1501,0.1388
749,739,1488,0.1388
750,748,1498,0.1388
749,751,1500,0.1388
751,757,1508,0.1388
761,752,1513,0.1388
763,754,1517,0.1388
758,761,1519,0.1388
764,755,1519,0.1388
766,766,1532,0.1388
765,774,1539,0.1388
757,764,1521,0.1388
755,766,1521,0.1388
740,777,1517,0.1388
730,769,1499,0.1388
718,779,1497,0.1388
718,785,1503,0.1388
710,780,1490,0.1388
716,787,1503,0.1388
723,786,1509,0.1388
726,792,1518,0.1388
719,794,1513,0.1388
711,794,1505,0.1388
703,807,1510,0.1388
695,805,1500,0.1388
705,808,1513,0.1388
702,810,1512,0.1388
704,801,1505,0.1388
695,796,1491,0.1388
694,788,1482,0.1388
700,804,1504,0.1388
694,796,1490,0.1388
701,798,1499,0.1388
704,802,1506,0.1388
691,806,1497,0.1388
700,805,1505,0.1388
700,808,1508,0.1388
690,809,1499,0.1388
696,815,1511,0.1388
702,823,1525,0.1388
693,822,1515,0.1388
694,821,1515,0.1388
697,815,1512,0.1388
697,816,1513,0.1388
689,815,1504,0.1388
686,817,1503,0.1388
689,813,1502,0.1388
684,820,1504,0.1388
682,818,1500,0.1388
674,833,1507,0.1388
669,834,1503,0.1388
662,821,1483,0.1388
662,813,1475,0.1388
669,824,1493,0.1388
678,836,1514,0.1388
684,831,1515,0.1388
686,834,1520,0.1388
680,825,1505,0.1388
680,833,1513,0.1388
670,833,1503,0.1388
678,836,1514,0.1388
675,834,1509,0.1388
677,841,1518,0.1388
676,843,1519,0.1388
680,847,1527,0.1388
677,838,1515,0.1388
674,836,1510,0.1388
671,841,1512,0.1388
672,839,1511,0.1388
671,844,1515,0.1388
662,841,1503,0.1388
664,848,1512,0.1388
671,837,1508,0.1388
668,838,1506,0.1388
666,844,1510,0.1388
676,843,1519,0.1388
669,836,1505,0.1388
673,836,1509,0.1388
671,837,1508,0.1388
665,845,1510,0.1388
669,856,1525,0.1388
675,850,1525,0.1388
670,851,1521,0.1388
662,847,1509,0.1388
657,835,1492,0.1388
650,836,1486,0.1388
656,845,1501,0.1388
655,851,1506,0.1388
662,857,1519,0.1388
661,858,1519,0.1388
644,865,1509,0.1388
643,869,1512,0.1388
643,875,1518,0.1388
639,885,1524,0.1388
640,885,1525,0.1388
634,880,1514,0.1388
624,887,1511,0.1388
620,888,1508,0.1388
626,887,1513,0.1388
617,894,1511,0.1388
618,896,1514,0.1388
614,891,1505,0.1388
614,896,1510,0.1388
617,893,1510,0.1388
617,892,1509,0.1388
622,887,1509,0.1388
626,883,1509,0.1388
627,889,1516,0.1388
624,896,1520,0.1388
620,890,1510,0.1388
614,896,1510,0.1388
613,897,1510,0.1388
606,901,1507,0.1388
603,896,1499,0.1388
609,899,1508,0.1388
613,899,1512,0.1388
610,895,1505,0.1388
617,893,1510,0.1388
610,898,1508,0.1388
604,898,1502,0.1388
602,905,1507,0.1388
606,917,1523,0.1388
606,914,1520,0.1388
594,920,1514,0.1388
593,908,1501,0.1388
589,917,1506,0.1388
588,930,1518,0.1388
598,923,1521,0.1388
593,930,1523,0.1388
593,924,1517,0.1388
592,925,1517,0.1388
595,927,1522,0.1388
592,930,1522,0.1388
587,931,1518,0.1388
581,924,1505,0.1388
578,938,1516,0.1388
576,927,1503,0.1388
576,928,1504,0.1388
570,931,1501,0.1388
568,935,1503,0.1388
566,939,1505,0.1388
569,948,1517,0.1388
564,948,1512,0.1388
566,949,1515,0.1388
562,942,1504,0.1388
569,937,1506,0.1388
568,933,1501,0.1388
557,935,1492,0.1388
554,937,1491,0.1388
560,939,1499,0.1388
564,940,1504,0.1388
569,946,1515,0.1388
568,951,1519,0.1388
559,939,1498,0.1388
555,938,1493,0.1388
546,945,1491,0.1388
542,938,1480,0.1388
545,942,1487,0.1388
547,954,1501,0.1388
548,955,1503,0.1388
550,954,1504,0.1388
550,950,1500,0.1388
555,955,1510,0.1388
554,945,1499,0.1388
552,953,1505,0.1388
546,952,1498,0.1388
552,957,1509,0.1388
552,948,1500,0.1388
550,934,1484,0.1388
543,946,1489,0.1388
545,955,1500,0.1388
544,952,1496,0.1388
539,959,1498,0.1388
541,959,1500,0.1388
545,958,1503,0.1388
542,960,1502,0.1388
541,971,1512,0.1388
542,972,1514,0.1388
537,965,1502,0.1388
538,975,1513,0.1388
539,968,1507,0.1388
547,961,1508,0.1388
545,973,1518,0.1388
538,975,1513,0.1388
528,990,1518,0.1388
529,985,1514,0.1388
527,976,1503,0.1388
520,981,1501,0.1388
514,984,1498,0.1388
517,988,1505,0.1388
517,985,1502,0.1388
521,983,1504,0.1388
521,998,1519,0.1388
513,996,1509,0.1388
514,999,1513,0.1388
508,1001,1509,0.1388
512,994,1506,0.1388
511,983,1494,0.1388
512,993,1505,0.1388
511,989,1500,0.1388
513,996,1509,0.1388
516,1000,1516,0.1388
509,995,1504,0.1388
502,991,1493,0.1388
497,1003,1500,0.1388
496,1012,1508,0.1388
495,1015,1510,0.1388
491,1012,1503,0.1388
492,1008,1500,0.1388
492,1018,1510,0.1388
487,1030,1517,0.1388
482,1026,1508,0.1388
473,1020,1493,0.1388
476,1023,1499,0.1388
477,1020,1497,0.1388
472,1035,1507,0.1388
472,1033,1505,0.1388
473,1042,1515,0.1388
466,1050,1516,0.1388
461,1065,1526,0.1388
464,1060,1524,0.1388
462,1054,1516,0.1388
455,1051,1506,0.1388
455,1058,1513,0.1388
449,1052,1501,0.1388
447,1049,1496,0.1388
447,1054,1501,0.1388
442,1055,1497,0.1388
438,1052,1490,0.1388
446,1054,1500,0.1388
447,1066,1513,0.1388
446,1070,1516,0.1388
449,1069,1518,0.1388
448,1073,1521,0.1388
436,1070,1506,0.1388
439,1068,1507,0.1388
440,1062,1502,0.1388
443,1068,1511,0.1388
433,1056,1489,0.1388
436,1055,1491,0.1388
442,1060,1502,0.1388
436,1068,1504,0.1388
435,1067,1502,0.1388
432,1069,1501,0.1388
435,1069,1504,0.1388
441,1072,1513,0.1388
443,1082,1525,0.1388
449,1069,1518,0.1388
450,1072,1522,0.1388
443,1068,1511,0.1388
448,1059,1507,0.1388
447,1066,1513,0.1388
437,1066,1503,0.1388
420,1080,1500,0.1388
425,1083,1508,0.1388
434,1083,1517,0.1388
432,1085,1517,0.1388
433,1093,1526,0.1388
430,1096,1526,0.1388
429,1098,1527,0.1388
425,1095,1520,0.1388
421,1092,1513,0.1388
416,1107,1523,0.1388
423,1096,1519,0.1388
419,1099,1518,0.1388
409,1107,1516,0.1388
410,1123,1533,0.1388
414,1108,1522,0.1388
418,1105,1523,0.1388
418,1099,1517,0.1388
416,1105,1521,0.1388
412,1103,1515,0.1388
412,1111,1523,0.1388
417,1105,1522,0.1388
418,1104,1522,0.1388
417,1112,1529,0.1388
415,1100,1515,0.1388
419,1107,1526,0.1388
420,1099,1519,0.1388
418,1106,1524,0.1388
415,1104,1519,0.1388
414,1106,1520,0.1388
413,1096,1509,0.1388
411,1106,1517,0.1388
414,1115,1529,0.1388
413,1116,1529,0.1388
414,1114,1528,0.1388
417,1109,1526,0.1388
417,1105,1522,0.1388
413,1101,1514,0.1388
410,1100,1510,0.1388
414,1106,1520,0.1388
413,1108,1521,0.1388
411,1108,1519,0.1388
408,1118,1526,0.1388
403,1115,1518,0.1388
404,1123,1527,0.1388
394,1124,1518,0.1388
397,1120,1517,0.1388
398,1115,1513,0.1388
395,1117,1512,0.1388
396,1120,1516,0.1388
394,1112,1506,0.1388
397,1117,1514,0.1388
385,1122,1507,0.1388
389,1110,1499,0.1388
395,1106,1501,0.1388
390,1117,1507,0.1388
386,1115,1501,0.1388
383,1121,1504,0.1388
376,1139,1515,0.1388
368,1134,1502,0.1388
367,1134,1501,0.1388
365,1123,1488,0.1388
374,1139,1513,0.1388
370,1130,1500,0.1388
365,1139,1504,0.1388
364,1143,1507,0.1388
358,1145,1503,0.1388
356,1151,1507,0.1388
356,1151,1507,0.1388
353,1150,1503,0.1388
348,1151,1499,0.1388
347,1152,1499,0.1388
347,1160,1507,0.1388
348,1167,1515,0.1388
349,1170,1519,0.1388
346,1173,1519,0.1388
344,1167,1511,0.1388
345,1167,1512,0.1388
348,1169,1517,0.1388
347,1163,1510,0.1388
348,1160,1508,0.1388
353,1165,1518,0.1388
345,1170,1515,0.1388
346,1169,1515,0.1388
348,1169,1517,0.1388
342,1169,1511,0.1388
342,1171,1513,0.1388
339,1179,1518,0.1388
334,1170,1504,0.1388
334,1181,1515,0.1388
335,1183,1518,0.1388
339,1179,1518,0.1388
339,1174,1513,0.1388
330,1173,1503,0.1388
332,1183,1515,0.1388
330,1190,1520,0.1388
332,1189,1521,0.1388
324,1194,1518,0.1388
323,1197,1520,0.1388
327,1197,1524,0.1388
321,1195,1516,0.1388
321,1186,1507,0.1388
327,1185,1512,0.1388
331,1194,1525,0.1388
320,1197,1517,0.1388
318,1193,1511,0.1388
320,1181,1501,0.1388
321,1188,1509,0.1388
319,1193,1512,0.1388
327,1187,1514,0.1388
324,1189,1513,0.1388
318,1203,1521,0.1388
323,1203,1526,0.1388
319,1199,1518,0.1388
321,1193,1514,0.1388
326,1183,1509,0.1388
325,1190,1515,0.1388
327,1182,1509,0.1388
335,1183,1518,0.1388
330,1189,1519,0.1388
330,1186,1516,0.1388
332,1192,1524,0.1388
328,1186,1514,0.1388
329,1182,1511,0.1388
328,1196,1524,0.1388
329,1183,1512,0.1388
326,1188,1514,0.1388
320,1182,1502,0.1388
319,1195,1514,0.1388
311,1211,1522,0.1388
310,1201,1511,0.1388
308,1216,1524,0.1388
305,1214,1519,0.1388
310,1204,1514,0.1388
307,1204,1511,0.1388
306,1198,1504,0.1388
307,1212,1519,0.1388
311,1195,1506,0.1388
312,1195,1507,0.1388
319,1187,1506,0.1388
321,1182,1503,0.1388
319,1188,1507,0.1388
315,1185,1500,0.1388
315,1199,1514,0.1388
310,1184,1494,0.1388
314,1188,1502,0.1388
318,1177,1495,0.1388
316,1172,1488,0.1388
318,1173,1491,0.1388
316,1175,1491,0.1388
305,1192,1497,0.1388
313,1188,1501,0.1388
311,1188,1499,0.1388
318,1183,1501,0.1388
316,1198,1514,0.1388
308,1200,1508,0.1388
309,1197,1506,0.1388
308,1202,1510,0.1388
301,1206,1507,0.1388
299,1219,1518,0.1388
295,1221,1516,0.1388
297,1224,1521,0.1388
294,1219,1513,0.1388
291,1220,1511,0.1388
287,1229,1516,0.1388
287,1231,1518,0.1388
285,1233,1518,0.1388
278,1238,1516,0.1388
277,1232,1509,0.1388
274,1238,1512,0.1388
271,1242,1513,0.1388
274,1235,1509,0.1388
271,1246,1517,0.1388
263,1243,1506,0.1388
267,1249,1516,0.1388
260,1256,1516,0.1388
261,1260,1521,0.1388
266,1247,1513,0.1388
265,1253,1518,0.1388
260,1248,1508,0.1388
258,1260,1518,0.1388
254,1256,1510,0.1388
254,1261,1515,0.1388
250,1269,1519,0.1388
245,1280,1525,0.1388
242,1283,1525,0.1388
244,1278,1522,0.1388
240,1272,1512,0.1388
242,1272,1514,0.1388
239,1274,1513,0.1388
240,1268,1508,0.1388
238,1269,1507,0.1388
239,1274,1513,0.1388
244,1285,1529,0.1388
242,1290,1532,0.1388
242,1286,1528,0.1388
243,1293,1536,0.1388
242,1292,1534,0.1388
241,1299,1540,0.1388
238,1284,1522,0.1388
236,1279,1515,0.1388
234,1276,1510,0.1388
235,1274,1509,0.1388
241,1279,1520,0.1388
241,1276,1517,0.1388
240,1270,1510,0.1388
234,1266,1500,0.1388
231,1272,1503,0.1388
231,1278,1509,0.1388
231,1294,1525,0.1388
234,1286,1520,0.1388
233,1295,1528,0.1388
232,1284,1516,0.1388
233,1288,1521,0.1388
231,1295,1526,0.1388
231,1286,1517,0.1388
227,1282,1509,0.1388
232,1275,1507,0.1388
229,1265,1494,0.1388
230,1273,1503,0.1388
224,1275,1499,0.1388
224,1288,1512,0.1388
224,1300,1524,0.1388
226,1300,1526,0.1388
225,1304,1529,0.1388
227,1302,1529,0.1388
224,1299,1523,0.1388
224,1306,1530,0.1388
220,1309,1529,0.1388
216,1308,1524,0.1388
217,1305,1522,0.1388
210,1299,1509,0.1388
212,1304,1516,0.1388
219,1298,1517,0.1388
217,1300,1517,0.1388
216,1297,1513,0.1388
214,1288,1502,0.1388
215,1308,1523,0.1388
210,1306,1516,0.1388
209,1312,1521,0.1388
208,1316,1524,0.1388
207,1306,1513,0.1388
205,1296,1501,0.1388
205,1294,1499,0.1388
202,1298,1500,0.1388
207,1300,1507,0.1388
205,1304,1509,0.1388
206,1305,1511,0.1388
215,1315,1530,0.1388
215,1309,1524,0.1388
210,1299,1509,0.1388
207,1303,1510,0.1388
207,1302,1509,0.1388
208,1307,1515,0.1388
209,1314,1523,0.1388
212,1310,1522,0.1388
208,1308,1516,0.1388
208,1312,1520,0.1388
207,1313,1520,0.1388
204,1313,1517,0.1388
202,1317,1519,0.1388
207,1317,1524,0.1388
205,1327,1532,0.1388
206,1323,1529,0.1388
200,1313,1513,0.1388
201,1319,1520,0.1388
205,1320,1525,0.1388
205,1315,1520,0.1388
203,1306,1509,0.1388
200,1317,1517,0.1388
199,1313,1512,0.1388
196,1316,1512,0.1388
199,1326,1525,0.1388
196,1326,1522,0.1388
190,1330,1520,0.1388
191,1332,1523,0.1388
185,1333,1518,0.1388
185,1324,1509,0.1388
189,1322,1511,0.1388
189,1322,1511,0.1388
191,1325,1516,0.1388
194,1322,1516,0.1388
194,1320,1514,0.1388
199,1329,1528,0.1388
194,1323,1517,0.1388
193,1316,1509,0.1388
191,1311,1502,0.1388
188,1312,1500,0.1388
188,1310,1498,0.1388
191,1337,1528,0.1388
188,1338,1526,0.1388
191,1335,1526,0.1388
187,1345,1532,0.1388
187,1345,1532,0.1388
180,1335,1515,0.1388
183,1336,1519,0.1388
179,1344,1523,0.1388
173,1335,1508,0.1388
177,1348,1525,0.1388
173,1352,1525,0.1388
172,1345,1517,0.1388
174,1346,1520,0.1388
173,1349,1522,0.1388
173,1342,1515,0.1388
171,1345,1516,0.1388
168,1334,1502,0.1388
169,1354,1523,0.1388
172,1356,1528,0.1388
174,1351,1525,0.1388
177,1346,1523,0.1388
178,1341,1519,0.1388
175,1350,1525,0.1388
179,1326,1505,0.1388
179,1327,1506,0.1388
177,1330,1507,0.1388
181,1317,1498,0.1388
186,1322,1508,0.1388
189,1317,1506,0.1388
187,1326,1513,0.1388
184,1323,1507,0.1388
183,1321,1504,0.1388
180,1311,1491,0.1388
185,1318,1503,0.1388
188,1329,1517,0.1388
185,1333,1518,0.1388
184,1332,1516,0.1388
182,1338,1520,0.1388
181,1333,1514,0.1388
177,1325,1502,0.1388
175,1341,1516,0.1388
172,1345,1517,0.1388
170,1325,1495,0.1388
165,1330,1495,0.1388
164,1341,1505,0.1388
164,1339,1503,0.1388
167,1336,1503,0.1388
169,1345,1514,0.1388
170,1345,1515,0.1388
162,1355,1517,0.1388
170,1352,1522,0.1388
171,1338,1509,0.1388
165,1336,1501,0.1388
160,1343,1503,0.1388
160,1351,1511,0.1388
160,1351,1511,0.1388
159,1356,1515,0.1388
162,1348,1510,0.1388
162,1352,1514,0.1388
157,1352,1509,0.1388
155,1352,1507,0.1388
151,1343,1494,0.1388
149,1349,1498,0.1388
152,1354,1506,0.1388
147,1359,1506,0.1388
144,1369,1513,0.1388
144,1374,1518,0.1388
152,1373,1525,0.1388
152,1364,1516,0.1388
156,1365,1521,0.1388
159,1370,1529,0.1388
158,1363,1521,0.1388
154,1363,1517,0.1388
154,1369,1523,0.1388
150,1353,1503,0.1388
151,1356,1507,0.1388
151,1366,1517,0.1388
149,1372,1521,0.1388
150,1365,1515,0.1388
148,1366,1514,0.1388
150,1373,1523,0.1388
148,1373,1521,0.1388
141,1375,1516,0.1388
143,1379,1522,0.1388
142,1372,1514,0.1388
145,1379,1524,0.1388
143,1378,1521,0.1388
141,1392,1533,0.1388
143,1382,1525,0.1388
146,1381,1527,0.1388
143,1380,1523,0.1388
143,1377,1520,0.1388
143,1373,1516,0.1388
145,1378,1523,0.1388
144,1366,1510,0.1388
143,1376,1519,0.1388
136,1373,1509,0.1388
137,1381,1518,0.1388
136,1385,1521,0.1388
142,1386,1528,0.1388
148,1368,1516,0.1388
148,1358,1506,0.1388
147,1355,1502,0.1388
146,1367,1513,0.1388
142,1356,1498,0.1388
139,1372,1511,0.1388
145,1374,1519,0.1388
146,1374,1520,0.1388
145,1353,1498,0.1388
138,1355,1493,0.1388
138,1371,1509,0.1388
138,1386,1524,0.1388
134,1382,1516,0.1388
132,1383,1515,0.1388
132,1379,1511,0.1388
133,1384,1517,0.1388
135,1381,1516,0.1388
134,1370,1504,0.1388
132,1371,1503,0.1388
131,1371,1502,0.1388
131,1380,1511,0.1388
129,1373,1502,0.1388
130,1365,1495,0.1388
131,1377,1508,0.1388
128,1379,1507,0.1388
133,1381,1514,0.1388
133,1383,1516,0.1388
133,1387,1520,0.1388
135,1371,1506,0.1388
133,1383,1516,0.1388
138,1377,1515,0.1388
137,1385,1522,0.1388
135,1382,1517,0.1388
133,1381,1514,0.1388
135,1380,1515,0.1388
132,1386,1518,0.1388
134,1389,1523,0.1388
134,1394,1528,0.1388
133,1395,1528,0.1388
130,1390,1520,0.1388
127,1393,1520,0.1388
128,1399,1527,0.1388
132,1406,1538,0.1388
130,1404,1534,0.1388
128,1395,1523,0.1388
126,1388,1514,0.1388
121,1381,1502,0.1388
119,1381,1500,0.1388
120,1389,1509,0.1388
120,1394,1514,0.1388
121,1390,1511,0.1388
122,1389,1511,0.1388
124,1395,1519,0.1388
121,1387,1508,0.1388
120,1404,1524,0.1388
120,1401,1521,0.1388
121,1404,1525,0.1388
119,1401,1520,0.1388
115,1394,1509,0.1388
114,1381,1495,0.1388
109,1391,1500,0.1388
112,1400,1512,0.1388
113,1409,1522,0.1388
113,1405,1518,0.1388
112,1415,1527,0.1388
111,1415,1526,0.1388
110,1398,1508,0.1388
109,1388,1497,0.1388
109,1385,1494,0.1388
110,1383,1493,0.1388
106,1396,1502,0.1388
102,1396,1498,0.1388
103,1396,1499,0.1388
103,1400,1503,0.1388
104,1399,1503,0.1388
102,1424,1526,0.1388
102,1425,1527,0.1388
103,1417,1520,0.1388
101,1419,1520,0.1388
103,1418,1521,0.1388
102,1399,1501,0.1388
103,1397,1500,0.1388
104,1414,1518,0.1388
106,1407,1513,0.1388
106,1395,1501,0.1388
103,1403,1506,0.1388
101,1410,1511,0.1388
98,1418,1516,0.1388
100,1418,1518,0.1388
99,1413,1512,0.1388
99,1414,1513,0.1388
99,1423,1522,0.1388
101,1416,1517,0.1388
101,1397,1498,0.1388
101,1405,1506,0.1388
102,1410,1512,0.1388
101,1401,1502,0.1388
102,1396,1498,0.1388
105,1406,1511,0.1388
103,1405,1508,0.1388
104,1403,1507,0.1388
105,1409,1514,0.1388
109,1427,1536,0.1388
110,1426,1536,0.1388
106,1424,1530,0.1388
105,1411,1516,0.1388
106,1408,1514,0.1388
106,1418,1524,0.1388
108,1421,1529,0.1388
108,1420,1528,0.1388
106,1420,1526,0.1388
104,1414,1518,0.1388
101,1429,1530,0.1388
101,1427,1528,0.1388
99,1425,1524,0.1388
102,1422,1524,0.1388
100,1415,1515,0.1388
99,1417,1516,0.1388
102,1399,1501,0.1388
99,1415,1514,0.1388
96,1427,1523,0.1388
94,1415,1509,0.1388
94,1403,1497,0.1388
96,1405,1501,0.1388
95,1417,1512,0.1388
93,1424,1517,0.1388
94,1433,1527,0.1388
93,1444,1537,0.1388
94,1436,1530,0.1388
96,1417,1513,0.1388
98,1416,1514,0.1388
95,1407,1502,0.1388
97,1422,1519,0.1388
93,1426,1519,0.1388
95,1420,1515,0.1388
95,1429,1524,0.1388
93,1414,1507,0.1388
94,1413,1507,0.1388
95,1417,1512,0.1388
93,1434,1527,0.1388
96,1442,1538,0.1388
93,1436,1529,0.1388
94,1429,1523,0.1388
92,1431,1523,0.1388
92,1422,1514,0.1388
95,1432,1527,0.1388
93,1425,1518,0.1388
93,1420,1513,0.1388
93,1421,1514,0.1388
92,1424,1516,0.1388
93,1420,1513,0.1388
93,1408,1501,0.1388
95,1402,1497,0.1388
95,1411,1506,0.1388
95,1413,1508,0.1388
96,1412,1508,0.1388
98,1417,1515,0.1388
96,1421,1517,0.1388
97,1416,1513,0.1388
98,1427,1525,0.1388
97,1435,1532,0.1388
98,1438,1536,0.1388
97,1438,1535,0.1388
95,1439,1534,0.1388
97,1417,1514,0.1388
98,1427,1525,0.1388
98,1411,1509,0.1388
98,1407,1505,0.1388
97,1409,1506,0.1388
99,1413,1512,0.1388
95,1437,1532,0.1388
95,1448,1543,0.1388
95,1432,1527,0.1388
94,1433,1527,0.1388
92,1428,1520,0.1388
93,1418,1511,0.1388
95,1421,1516,0.1388
95,1414,1509,0.1388
91,1417,1508,0.1388
90,1423,1513,0.1388
89,1431,1520,0.1388
88,1437,1525,0.1388
89,1432,1521,0.1388
88,1429,1517,0.1388
87,1430,1517,0.1388
85,1435,1520,0.1388
82,1424,1506,0.1388
84,1424,1508,0.1388
82,1431,1513,0.1388
82,1423,1505,0.1388
83,1431,1514,0.1388
81,1437,1518,0.1388
79,1433,1512,0.1388
81,1431,1512,0.1388
82,1431,1513,0.1388
80,1436,1516,0.1388
79,1425,1504,0.1388
79,1437,1516,0.1388
78,1432,1510,0.1388
81,1438,1519,0.1388
84,1427,1511,0.1388
82,1433,1515,0.1388
82,1431,1513,0.1388
81,1421,1502,0.1388
78,1434,1512,0.1388
79,1436,1515,0.1388
79,1428,1507,0.1388
78,1442,1520,0.1388
78,1440,1518,0.1388
78,1439,1517,0.1388
79,1441,1520,0.1388
79,1428,1507,0.1388
78,1439,1517,0.1388
79,1437,1516,0.1388
78,1434,1512,0.1388
78,1436,1514,0.1388
76,1448,1524,0.1388
75,1452,1527,0.1388
74,1447,1521,0.1388
71,1447,1518,0.1388
69,1449,1518,0.1388
68,1463,1531,0.1388
66,1464,1530,0.1388
66,1463,1529,0.1388
66,1454,1520,0.1388
64,1452,1516,0.1388
68,1447,1515,0.1388
69,1442,1511,0.1388
67,1447,1514,0.1388
69,1434,1503,0.1388
70,1454,1524,0.1388
67,1450,1517,0.1388
66,1433,1499,0.1388
65,1454,1519,0.1388
65,1445,1510,0.1388
66,1455,1521,0.1388
63,1464,1527,0.1388
65,1455,1520,0.1388
68,1462,1530,0.1388
67,1455,1522,0.1388
66,1449,1515,0.1388
69,1457,1526,0.1388
68,1456,1524,0.1388
66,1448,1514,0.1388
65,1458,1523,0.1388
66,1459,1525,0.1388
65,1465,1530,0.1388
66,1451,1517,0.1388
68,1441,1509,0.1388
70,1443,1513,0.1388
72,1445,1517,0.1388
71,1432,1503,0.1388
70,1435,1505,0.1388
71,1434,1505,0.1388
71,1442,1513,0.1388
70,1443,1513,0.1388
71,1444,1515,0.1388
72,1438,1510,0.1388
75,1433,1508,0.1388
74,1448,1522,0.1388
77,1449,1526,0.1388
78,1435,1513,0.1388
83,1440,1523,0.1388
82,1438,1520,0.1388
80,1437,1517,0.1388
79,1425,1504,0.1388
80,1431,1511,0.1388
78,1439,1517,0.1388
77,1436,1513,0.1388
75,1447,1522,0.1388
77,1434,1511,0.1388
74,1453,1527,0.1388
73,1442,1515,0.1388
72,1439,1511,0.1388
73,1439,1512,0.1388
75,1443,1518,0.1388
79,1426,1505,0.1388
79,1440,1519,0.1388
75,1442,1517,0.1388
76,1443,1519,0.1388
77,1446,1523,0.1388
75,1433,1508,0.1388
72,1437,1509,0.1388
69,1437,1506,0.1388
69,1446,1515,0.1388
69,1455,1524,0.1388
69,1454,1523,0.1388
69,1462,1531,0.1388
69,1449,1518,0.1388
68,1457,1525,0.1388
66,1454,1520,0.1388
66,1449,1515,0.1388
65,1445,1510,0.1388
64,1443,1507,0.1388
63,1463,1526,0.1388
63,1473,1536,0.1388
63,1467,1530,0.1388
62,1465,1527,0.1388
63,1455,1518,0.1388
63,1455,1518,0.1388
62,1462,1524,0.1388
59,1456,1515,0.1388
59,1464,1523,0.1388
61,1449,1510,0.1388
59,1456,1515,0.1388
56,1451,1507,0.1388
55,1461,1516,0.1388
55,1463,1518,0.1388
53,1474,1527,0.1388
52,1472,1524,0.1388
52,1477,1529,0.1388
53,1480,1533,0.1388
51,1488,1539,0.1388
50,1481,1531,0.1388
50,1474,1524,0.1388
51,1469,1520,0.1388
51,1467,1518,0.1388
50,1469,1519,0.1388
53,1464,1517,0.1388
54,1458,1512,0.1388
52,1461,1513,0.1388
52,1477,1529,0.1388
52,1476,1528,0.1388
54,1475,1529,0.1388
52,1464,1516,0.1388
53,1465,1518,0.1388
56,1465,1521,0.1388
58,1465,1523,0.1388
59,1472,1531,0.1388
60,1459,1519,0.1388
60,1445,1505,0.1388
58,1450,1508,0.1388
58,1453,1511,0.1388
58,1451,1509,0.1388
58,1446,1504,0.1388
57,1455,1512,0.1388
56,1469,1525,0.1388
57,1476,1533,0.1388
57,1473,1530,0.1388
56,1456,1512,0.1388
57,1465,1522,0.1388
55,1462,1517,0.1388
54,1463,1517,0.1388
53,1460,1513,0.1388
46,1461,1507,0.1388
46,1462,1508,0.1388
42,1471,1513,0.1388
42,1469,1511,0.1388
41,1468,1509,0.1388
41,1472,1513,0.1388
40,1471,1511,0.1388
41,1476,1517,0.1388
39,1464,1503,0.1388
38,1468,1506,0.1388
39,1477,1516,0.1388
38,1477,1515,0.1388
34,1485,1519,0.1388
36,1481,1517,0.1388
36,1505,1541,0.1388
37,1495,1532,0.1388
36,1492,1528,0.1388
36,1484,1520,0.1388
36,1489,1525,0.1388
38,1479,1517,0.1388
37,1481,1518,0.1388
38,1478,1516,0.1388
39,1485,1524,0.1388
38,1484,1522,0.1388
39,1470,1509,0.1388
39,1464,1503,0.1388
39,1468,1507,0.1388
40,1460,1500,0.1388
39,1471,1510,0.1388
39,1487,1526,0.1388
38,1486,1524,0.1388
38,1485,1523,0.1388
38,1475,1513,0.1388
38,1467,1505,0.1388
37,1479,1516,0.1388
37,1495,1532,0.1388
37,1496,1533,0.1388
36,1496,1532,0.1388
38,1481,1519,0.1388
37,1484,1521,0.1388
36,1490,1526,0.1388
37,1490,1527,0.1388
35,1470,1505,0.1388
36,1469,1505,0.1388
36,1469,1505,0.1388
37,1468,1505,0.1388
37,1462,1499,0.1388
37,1457,1494,0.1388
38,1457,1495,0.1388
37,1473,1510,0.1388
37,1481,1518,0.1388
37,1486,1523,0.1388
38,1486,1524,0.1388
38,1487,1525,0.1388
38,1492,1530,0.1388
39,1482,1521,0.1388
37,1490,1527,0.1388
37,1480,1517,0.1388
36,1492,1528,0.1388
35,1481,1516,0.1388
33,1483,1516,0.1388
33,1490,1523,0.1388
33,1493,1526,0.1388
32,1491,1523,0.1388
30,1483,1513,0.1388
29,1477,1506,0.1388
26,1476,1502,0.1388
24,1484,1508,0.1388
24,1486,1510,0.1388
26,1495,1521,0.1388
25,1494,1519,0.1388
25,1482,1507,0.1388
26,1487,1513,0.1388
26,1490,1516,0.1388
26,1494,1520,0.1388
25,1485,1510,0.1388
24,1488,1512,0.1388
24,1493,1517,0.1388
25,1494,1519,0.1388
24,1485,1509,0.1388
25,1491,1516,0.1388
26,1485,1511,0.1388
25,1489,1514,0.1388
25,1474,1499,0.1388
24,1471,1495,0.1388
24,1474,1498,0.1388
21,1471,1492,0.1388
21,1490,1511,0.1388
21,1497,1518,0.1388
21,1490,1511,0.1388
21,1489,1510,0.1388
21,1482,1503,0.1388
21,1492,1513,0.1388
20,1507,1527,0.1388
19,1493,1512,0.1388
20,1496,1516,0.1388
20,1496,1516,0.1388
21,1498,1519,0.1388
21,1493,1514,0.1388
22,1478,1500,0.1388
22,1471,1493,0.1388
22,1485,1507,0.1388
23,1480,1503,0.1388
23,1488,1511,0.1388
22,1488,1510,0.1388
22,1487,1509,0.1388
21,1488,1509,0.1388
20,1495,1515,0.1388
19,1489,1508,0.1388
21,1489,1510,0.1388
19,1480,1499,0.1388
19,1474,1493,0.1388
19,1482,1501,0.1388
21,1475,1496,0.1388
22,1489,1511,0.1388
22,1495,1517,0.1388
22,1497,1519,0.1388
22,1510,1532,0.1388
21,1496,1517,0.1388
19,1490,1509,0.1388
19,1491,1510,0.1388
19,1502,1521,0.1388
18,1514,1532,0.1388
18,1497,1515,0.1388
20,1497,1517,0.1388
20,1506,1526,0.1388
22,1505,1527,0.1388
22,1502,1524,0.1388
21,1492,1513,0.1388
19,1504,1523,0.1388
19,1509,1528,0.1388
20,1514,1534,0.1388
20,1494,1514,0.1388
19,1485,1504,0.1388
19,1486,1505,0.1388
18,1501,1519,0.1388
18,1503,1521,0.1388
17,1497,1514,0.1388
17,1500,1517,0.1388
17,1494,1511,0.1388
18,1493,1511,0.1388
19,1495,1514,0.1388
18,1494,1512,0.1388
19,1495,1514,0.1388
20,1484,1504,0.1388
20,1490,1510,0.1388
21,1489,1510,0.1388
22,1483,1505,0.1388
23,1491,1514,0.1388
23,1496,1519,0.1388
23,1497,1520,0.1388
22,1498,1520,0.1388
22,1507,1529,0.1388
23,1507,1530,0.1388
22,1500,1522,0.1388
21,1511,1532,0.1388
23,1502,1525,0.1388
25,1497,1522,0.1388
24,1487,1511,0.1388
25,1486,1511,0.1388
25,1480,1505,0.1388
26,1492,1518,0.1388
24,1486,1510,0.1388
26,1498,1524,0.1388
26,1495,1521,0.1388
27,1489,1516,0.1388
27,1483,1510,0.1388
28,1489,1517,0.1388
27,1497,1524,0.1388
29,1495,1524,0.1388
28,1495,1523,0.1388
29,1490,1519,0.1388
29,1483,1512,0.1388
27,1478,1505,0.1388
28,1482,1510,0.1388
27,1486,1513,0.1388
28,1475,1503,0.1388
27,1479,1506,0.1388
28,1481,1509,0.1388
28,1475,1503,0.1388
28,1477,1505,0.1388
29,1480,1509,0.1388
30,1496,1526,0.1388
28,1499,1527,0.1388
27,1493,1520,0.1388
30,1500,1530,0.1388
29,1500,1529,0.1388
29,1492,1521,0.1388
29,1495,1524,0.1388
30,1485,1515,0.1388
30,1496,1526,0.1388
30,1492,1522,0.1388
27,1500,1527,0.1388
27,1494,1521,0.1388
27,1490,1517,0.1388
25,1488,1513,0.1388
26,1496,1522,0.1388
29,1493,1522,0.1388
28,1492,1520,0.1388
27,1485,1512,0.1388
29,1478,1507,0.1388
29,1476,1505,0.1388
28,1486,1514,0.1388
28,1495,1523,0.1388
28,1490,1518,0.1388
28,1495,1523,0.1388
28,1484,1512,0.1388
27,1497,1524,0.1388
26,1481,1507,0.1388
24,1478,1502,0.1388
27,1472,1499,0.1388
26,1485,1511,0.1388
28,1474,1502,0.1388
26,1499,1525,0.1388
26,1488,1514,0.1388
26,1488,1514,0.1388
27,1495,1522,0.1388
30,1489,1519,0.1388
31,1483,1514,0.1388
31,1482,1513,0.1388
31,1485,1516,0.1388
33,1483,1516,0.1388
33,1481,1514,0.1388
31,1477,1508,0.1388
31,1469,1500,0.1388
30,1482,1512,0.1388
29,1477,1506,0.1388
31,1485,1516,0.1388
32,1485,1517,0.1388
31,1481,1512,0.1388
31,1480,1511,0.1388
31,1484,1515,0.1388
31,1468,1499,0.1388
31,1476,1507,0.1388
31,1475,1506,0.1388
32,1474,1506,0.1388
31,1475,1506,0.1388
32,1483,1515,0.1388
33,1479,1512,0.1388
32,1490,1522,0.1388
32,1488,1520,0.1388
31,1481,1512,0.1388
30,1481,1511,0.1388
29,1476,1505,0.1388
26,1490,1516,0.1388
27,1473,1500,0.1388
25,1477,1502,0.1388
23,1481,1504,0.1388
24,1478,1502,0.1388
25,1503,1528,0.1388
24,1496,1520,0.1388
25,1493,1518,0.1388
26,1487,1513,0.1388
26,1493,1519,0.1388
28,1495,1523,0.1388
28,1492,1520,0.1388
27,1484,1511,0.1388
26,1482,1508,0.1388
24,1468,1492,0.1388
23,1478,1501,0.1388
24,1477,1501,0.1388
26,1489,1515,0.1388
26,1496,1522,0.1388
28,1490,1518,0.1388
27,1491,1518,0.1388
25,1497,1522,0.1388
26,1487,1513,0.1388
24,1475,1499,0.1388
24,1474,1498,0.1388
23,1485,1508,0.1388
23,1480,1503,0.1388
22,1477,1499,0.1388
22,1500,1522,0.1388
24,1496,1520,0.1388
26,1498,1524,0.1388
27,1488,1515,0.1388
27,1484,1511,0.1388
27,1489,1516,0.1388
27,1492,1519,0.1388
27,1497,1524,0.1388
27,1480,1507,0.1388
27,1486,1513,0.1388
27,1490,1517,0.1388
29,1497,1526,0.1388
26,1495,1521,0.1388
24,1509,1533,0.1388
25,1483,1508,0.1388
28,1485,1513,0.1388
26,1490,1516,0.1388
24,1478,1502,0.1388
24,1485,1509,0.1388
24,1483,1507,0.1388
22,1485,1507,0.1388
22,1479,1501,0.1388
25,1480,1505,0.1388
25,1479,1504,0.1388
24,1489,1513,0.1388
23,1488,1511,0.1388
23,1488,1511,0.1388
23,1499,1522,0.1388
23,1498,1521,0.1388
23,1513,1536,0.1388
21,1508,1529,0.1388
21,1498,1519,0.1388
21,1499,1520,0.1388
21,1497,1518,0.1388
20,1494,1514,0.1388
20,1492,1512,0.1388
19,1500,1519,0.1388
19,1509,1528,0.1388
18,1519,1537,0.1388
18,1513,1531,0.1388
16,1496,1512,0.1388
16,1500,1516,0.1388
17,1495,1512,0.1388
16,1501,1517,0.1388
17,1506,1523,0.1388
17,1502,1519,0.1388
17,1496,1513,0.1388
17,1507,1524,0.1388
17,1498,1515,0.1388
17,1497,1514,0.1388
17,1508,1525,0.1388
17,1510,1527,0.1388
17,1507,1524,0.1388
17,1504,1521,0.1388
17,1491,1508,0.1388
17,1495,1512,0.1388
17,1496,1513,0.1388
18,1496,1514,0.1388
18,1483,1501,0.1388
18,1500,1518,0.1388
17,1515,1532,0.1388
17,1517,1534,0.1388
17,1513,1530,0.1388
16,1507,1523,0.1388
18,1507,1525,0.1388
16,1499,1515,0.1388
16,1494,1510,0.1388
16,1506,1522,0.1388
15,1489,1504,0.1388
15,1501,1516,0.1388
15,1492,1507,0.1388
16,1491,1507,0.1388
16,1501,1517,0.1388
14,1505,1519,0.1388
13,1492,1505,0.1388
15,1508,1523,0.1388
15,1499,1514,0.1388
15,1497,1512,0.1388
15,1496,1511,0.1388
13,1497,1510,0.1388
13,1497,1510,0.1388
14,1491,1505,0.1388
14,1495,1509,0.1388
14,1493,1507,0.1388
12,1505,1517,0.1388
11,1513,1524,0.1388
11,1511,1522,0.1388
10,1512,1522,0.1388
10,1505,1515,0.1388
10,1501,1511,0.1388
9,1503,1512,0.1388
9,1502,1511,0.1388
9,1508,1517,0.1388
9,1509,1518,0.1388
9,1509,1518,0.1388
9,1500,1509,0.1388
9,1496,1505,0.1388
9,1508,1517,0.1388
9,1507,1516,0.1388
9,1517,1526,0.1388
9,1513,1522,0.1388
10,1516,1526,0.1388
10,1515,1525,0.1388
11,1506,1517,0.1388
11,1501,1512,0.1388
11,1509,1520,0.1388
11,1510,1521,0.1388
11,1503,1514,0.1388
11,1512,1523,0.1388
11,1505,1516,0.1388
10,1493,1503,0.1388
10,1497,1507,0.1388
10,1510,1520,0.1388
10,1502,1512,0.1388
11,1492,1503,0.1388
10,1500,1510,0.1388
11,1516,1527,0.1388
11,1517,1528,0.1388
11,1514,1525,0.1388
11,1518,1529,0.1388
11,1523,1534,0.1388
11,1517,1528,0.1388
10,1515,1525,0.1388
11,1508,1519,0.1388
11,1512,1523,0.1388
11,1513,1524,0.1388
11,1510,1521,0.1388
10,1509,1519,0.1388
10,1518,1528,0.1388
10,1508,1518,0.1388
10,1501,1511,0.1388
10,1505,1515,0.1388
10,1499,1509,0.1388
9,1513,1522,0.1388
9,1505,1514,0.1388
8,1499,1507,0.1388
7,1515,1522,0.1388
7,1504,1511,0.1388
7,1498,1505,0.1388
8,1500,1508,0.1388
9,1500,1509,0.1388
10,1501,1511,0.1388
10,1506,1516,0.1388
9,1524,1533,0.1388
8,1512,1520,0.1388
8,1522,1530,0.1388
9,1509,1518,0.1388
10,1504,1514,0.1388
10,1501,1511,0.1388
10,1512,1522,0.1388
10,1510,1520,0.1388
10,1516,1526,0.1388
10,1510,1520,0.1388
11,1505,1516,0.1388
12,1495,1507,0.1388
12,1501,1513,0.1388
12,1508,1520,0.1388
12,1498,1510,0.1388
11,1497,1508,0.1388
12,1499,1511,0.1388
12,1510,1522,0.1388
12,1518,1530,0.1388
10,1508,1518,0.1388
9,1493,1502,0.1388
8,1498,1506,0.1388
9,1505,1514,0.1388
9,1496,1505,0.1388
9,1504,1513,0.1388
9,1500,1509,0.1388
9,1503,1512,0.1388
10,1506,1516,0.1388
10,1503,1513,0.1388
10,1502,1512,0.1388
10,1507,1517,0.1388
9,1522,1531,0.1388
11,1501,1512,0.1388
11,1504,1515,0.1388
11,1493,1504,0.1388
11,1509,1520,0.1388
11,1508,1519,0.1388
11,1499,1510,0.1388
12,1489,1501,0.1388
10,1495,1505,0.1388
10,1494,1504,0.1388
10,1501,1511,0.1388
10,1501,1511,0.1388
10,1506,1516,0.1388
10,1500,1510,0.1388
10,1497,1507,0.1388
10,1492,1502,0.1388
10,1497,1507,0.1388
10,1503,1513,0.1388
11,1501,1512,0.1388
11,1508,1519,0.1388
11,1518,1529,0.1388
11,1503,1514,0.1388
10,1493,1503,0.1388
9,1500,1509,0.1388
9,1502,1511,0.1388
8,1498,1506,0.1388
9,1505,1514,0.1388
9,1506,1515,0.1388
9,1507,1516,0.1388
10,1512,1522,0.1388
10,1509,1519,0.1388
10,1503,1513,0.1388
10,1496,1506,0.1388
9,1498,1507,0.1388
9,1486,1495,0.1388
11,1506,1517,0.1388
11,1499,1510,0.1388
11,1511,1522,0.1388
12,1513,1525,0.1388
12,1514,1526,0.1388
12,1503,1515,0.1388
12,1502,1514,0.1388
11,1502,1513,0.1388
11,1491,1502,0.1388
12,1490,1502,0.1388
11,1494,1505,0.1388
11,1492,1503,0.1388
11,1499,1510,0.1388
11,1499,1510,0.1388
11,1508,1519,0.1388
10,1508,1518,0.1388
10,1509,1519,0.1388
11,1494,1505,0.1388
11,1503,1514,0.1388
10,1501,1511,0.1388
10,1493,1503,0.1388
10,1506,1516,0.1388
10,1518,1528,0.1388
10,1499,1509,0.1388
9,1511,1520,0.1388
8,1504,1512,0.1388
8,1502,1510,0.1388
8,1497,1505,0.1388
5,1490,1495,0.1388
5,1505,1510,0.1388
4,1508,1512,0.1388
4,1506,1510,0.1388
4,1509,1513,0.1388
4,1511,1515,0.1388
4,1514,1518,0.1388
3,1525,1528,0.1388
3,1530,1533,0.1388
3,1531,1534,0.1388
3,1522,1525,0.1388
3,1521,1524,0.1388
3,1533,1536,0.1388
3,1532,1535,0.1388
3,1522,1525,0.1388
3,1524,1527,0.1388
3,1516,1519,0.1388
3,1513,1516,0.1388
3,1495,1498,0.1388
3,1489,1492,0.1388
3,1496,1499,0.1388
3,1518,1521,0.1388
5,1521,1526,0.1388
5,1520,1525,0.1388
4,1534,1538,0.1388
4,1531,1535,0.1388
4,1514,1518,0.1388
4,1520,1524,0.1388
4,1516,1520,0.1388
5,1506,1511,0.1388
5,1500,1505,0.1388
5,1492,1497,0.1388
4,1496,1500,0.1388
4,1512,1516,0.1388
4,1512,1516,0.1388
4,1520,1524,0.1388
5,1522,1527,0.1388
5,1520,1525,0.1388
6,1516,1522,0.1388
7,1524,1531,0.1388
7,1518,1525,0.1388
7,1518,1525,0.1388
7,1504,1511,0.1388
4,1511,1515,0.1388
4,1507,1511,0.1388
5,1516,1521,0.1388
5,1521,1526,0.1388
5,1515,1520,0.1388
5,1519,1524,0.1388
5,1525,1530,0.1388
4,1521,1525,0.1388
4,1505,1509,0.1388
4,1504,1508,0.1388
4,1506,1510,0.1388
5,1496,1501,0.1388
5,1508,1513,0.1388
5,1503,1508,0.1388
5,1487,1492,0.1388
5,1484,1489,0.1388
5,1489,1494,0.1388
5,1510,1515,0.1388
6,1506,1512,0.1388
6,1516,1522,0.1388
6,1518,1524,0.1388
6,1509,1515,0.1388
6,1514,1520,0.1388
6,1500,1506,0.1388
6,1515,1521,0.1388
6,1510,1516,0.1388
6,1508,1514,0.1388
6,1505,1511,0.1388
6,1508,1514,0.1388
5,1509,1514,0.1388
5,1509,1514,0.1388
5,1521,1526,0.1388
5,1512,1517,0.1388
5,1507,1512,0.1388
5,1497,1502,0.1388
5,1507,1512,0.1388
5,1516,1521,0.1388
5,1515,1520,0.1388
5,1519,1524,0.1388
5,1503,1508,0.1388
5,1509,1514,0.1388
5,1507,1512,0.1388
5,1515,1520,0.1388
5,1503,1508,0.1388
5,1508,1513,0.1388
5,1510,1515,0.1388
6,1498,1504,0.1388
6,1502,1508,0.1388
6,1505,1511,0.1388
6,1515,1521,0.1388
6,1519,1525,0.1388
6,1518,1524,0.1388
5,1506,1511,0.1388
5,1502,1507,0.1388
5,1506,1511,0.1388
4,1517,1521,0.1388
4,1518,1522,0.1388
4,1512,1516,0.1388
4,1501,1505,0.1388
4,1507,1511,0.1388
4,1501,1505,0.1388
4,1497,1501,0.1388
4,1492,1496,0.1388
4,1490,1494,0.1388
4,1500,1504,0.1388
4,1512,1516,0.1388
4,1507,1511,0.1388
4,1500,1504,0.1388
4,1506,1510,0.1388
4,1510,1514,0.1388
4,1520,1524,0.1388
5,1516,1521,0.1388
4,1510,1514,0.1388
4,1498,1502,0.1388
4,1514,1518,0.1388
4,1494,1498,0.1388
3,1490,1493,0.1388
3,1504,1507,0.1388
3,1508,1511,0.1388
2,1513,1515,0.1388
3,1504,1507,0.1388
2,1521,1523,0.1388
2,1517,1519,0.1388
2,1518,1520,0.1388
2,1527,1529,0.1388
2,1526,1528,0.1388
2,1525,1527,0.1388
2,1522,1524,0.1388
2,1516,1518,0.1388
2,1521,1523,0.1388
1,1513,1514,0.1388
1,1508,1509,0.1388
1,1503,1504,0.1388
1,1513,1514,0.1388
1,1513,1514,0.1388
1,1503,1504,0.1388
1,1509,1510,0.1388
1,1511,1512,0.1388
1,1512,1513,0.1388
1,1527,1528,0.1388
1,1532,1533,0.1388
0,1519,1519,0.1388
