1366,30,1396,0.1388
1394,31,1425,0.1388
1421,31,1452,0.1388
1439,29,1468,0.1388
1436,30,1466,0.1388
1447,31,1478,0.1388
1451,32,1483,0.1388
1460,35,1495,0.1388
1450,35,1485,0.1388
1460,38,1498,0.1388
1461,36,1497,0.1388
1464,35,1499,0.1388
1460,35,1495,0.1388
1451,34,1485,0.1388
1453,30,1483,0.1388
1473,30,1503,0.1388
1465,27,1492,0.1388
1462,26,1488,0.1388
1469,24,1493,0.1388
1477,25,1502,0.1388
1491,26,1517,0.1388
1494,28,1522,0.1388
1490,29,1519,0.1388
1485,29,1514,0.1388
1483,29,1512,0.1388
1471,30,1501,0.1388
1476,30,1506,0.1388
1461,27,1488,0.1388
1469,27,1496,0.1388
1483,26,1509,0.1388
1472,26,1498,0.1388
1456,27,1483,0.1388
1448,25,1473,0.1388
1452,24,1476,0.1388
1450,24,1474,0.1388
1460,24,1484,0.1388
1468,25,1493,0.1388
1485,25,1510,0.1388
1474,25,1499,0.1388
1463,25,1488,0.1388
1461,25,1486,0.1388
1462,25,1487,0.1388
1467,25,1492,0.1388
1461,24,1485,0.1388
1475,25,1500,0.1388
1465,24,1489,0.1388
1457,23,1480,0.1388
1443,24,1467,0.1388
1446,26,1472,0.1388
1444,26,1470,0.1388
1445,26,1471,0.1388
1449,25,1474,0.1388
1454,25,1479,0.1388
1466,27,1493,0.1388
1470,29,1499,0.1388
1469,26,1495,0.1388
1481,25,1506,0.1388
1469,25,1494,0.1388
1469,26,1495,0.1388
1470,25,1495,0.1388
1468,26,1494,0.1388
1462,26,1488,0.1388
1465,25,1490,0.1388
1476,24,1500,0.1388
1453,25,1478,0.1388
1455,24,1479,0.1388
1462,25,1487,0.1388
1452,26,1478,0.1388
1470,24,1494,0.1388
1461,24,1485,0.1388
1452,24,1476,0.1388
1455,22,1477,0.1388
1446,21,1467,0.1388
1470,21,1491,0.1388
1472,23,1495,0.1388
1472,24,1496,0.1388
1467,23,1490,0.1388
1473,24,1497,0.1388
1472,24,1496,0.1388
1481,24,1505,0.1388
1479,24,1503,0.1388
1481,25,1506,0.1388
1480,25,1505,0.1388
1464,24,1488,0.1388
1472,26,1498,0.1388
1463,27,1490,0.1388
1476,28,1504,0.1388
1461,31,1492,0.1388
1472,29,1501,0.1388
1475,30,1505,0.1388
1466,28,1494,0.1388
1466,28,1494,0.1388
1456,29,1485,0.1388
1451,28,1479,0.1388
1450,28,1478,0.1388
1469,28,1497,0.1388
1471,29,1500,0.1388
1475,30,1505,0.1388
1471,31,1502,0.1388
1456,30,1486,0.1388
1469,30,1499,0.1388
1469,32,1501,0.1388
1473,31,1504,0.1388
1465,32,1497,0.1388
1461,32,1493,0.1388
1456,31,1487,0.1388
1459,28,1487,0.1388
1470,29,1499,0.1388
1467,29,1496,0.1388
1469,29,1498,0.1388
1474,29,1503,0.1388
1466,30,1496,0.1388
1456,31,1487,0.1388
1457,30,1487,0.1388
1459,32,1491,0.1388
1464,31,1495,0.1388
1448,32,1480,0.1388
1441,32,1473,0.1388
1441,32,1473,0.1388
1450,29,1479,0.1388
1449,31,1480,0.1388
1446,31,1477,0.1388
1436,32,1468,0.1388
1437,32,1469,0.1388
1451,33,1484,0.1388
1453,34,1487,0.1388
1456,31,1487,0.1388
1468,30,1498,0.1388
1465,31,1496,0.1388
1470,30,1500,0.1388
1465,31,1496,0.1388
1453,29,1482,0.1388
1468,28,1496,0.1388
1472,29,1501,0.1388
1477,30,1507,0.1388
1472,30,1502,0.1388
1458,32,1490,0.1388
1452,33,1485,0.1388
1447,33,1480,0.1388
1449,33,1482,0.1388
1441,33,1474,0.1388
1448,34,1482,0.1388
1451,36,1487,0.1388
1444,38,1482,0.1388
1443,39,1482,0.1388
1430,37,1467,0.1388
1446,38,1484,0.1388
1446,37,1483,0.1388
1447,36,1483,0.1388
1445,36,1481,0.1388
1447,33,1480,0.1388
1455,37,1492,0.1388
1460,36,1496,0.1388
1467,37,1504,0.1388
1469,38,1507,0.1388
1459,37,1496,0.1388
1452,38,1490,0.1388
1448,38,1486,0.1388
1459,38,1497,0.1388
1462,38,1500,0.1388
1457,40,1497,0.1388
1444,40,1484,0.1388
1453,40,1493,0.1388
1451,39,1490,0.1388
1444,38,1482,0.1388
1433,37,1470,0.1388
1430,38,1468,0.1388
1425,38,1463,0.1388
1420,41,1461,0.1388
1444,39,1483,0.1388
1447,38,1485,0.1388
1436,39,1475,0.1388
1446,40,1486,0.1388
1453,40,1493,0.1388
1449,37,1486,0.1388
1451,35,1486,0.1388
1458,35,1493,0.1388
1453,39,1492,0.1388
1450,40,1490,0.1388
1444,38,1482,0.1388
1455,37,1492,0.1388
1463,37,1500,0.1388
1468,37,1505,0.1388
1464,39,1503,0.1388
1475,39,1514,0.1388
1474,39,1513,0.1388
1474,40,1514,0.1388
1453,43,1496,0.1388
1454,43,1497,0.1388
1452,43,1495,0.1388
1451,45,1496,0.1388
1452,42,1494,0.1388
1449,41,1490,0.1388
1452,44,1496,0.1388
1458,46,1504,0.1388
1462,46,1508,0.1388
1453,48,1501,0.1388
1453,48,1501,0.1388
1449,47,1496,0.1388
1442,47,1489,0.1388
1450,49,1499,0.1388
1454,50,1504,0.1388
1460,51,1511,0.1388
1449,50,1499,0.1388
1449,51,1500,0.1388
1441,50,1491,0.1388
1437,51,1488,0.1388
1453,53,1506,0.1388
1456,54,1510,0.1388
1458,54,1512,0.1388
1447,53,1500,0.1388
1442,53,1495,0.1388
1445,51,1496,0.1388
1425,51,1476,0.1388
1435,55,1490,0.1388
1450,50,1500,0.1388
1457,48,1505,0.1388
1451,48,1499,0.1388
1471,48,1519,0.1388
1451,47,1498,0.1388
1437,48,1485,0.1388
1436,46,1482,0.1388
1435,48,1483,0.1388
1436,45,1481,0.1388
1449,46,1495,0.1388
1446,45,1491,0.1388
1440,45,1485,0.1388
1444,44,1488,0.1388
1451,44,1495,0.1388
1457,42,1499,0.1388
1455,42,1497,0.1388
1455,42,1497,0.1388
1466,42,1508,0.1388
1452,43,1495,0.1388
1445,46,1491,0.1388
1454,48,1502,0.1388
1457,47,1504,0.1388
1455,43,1498,0.1388
1451,44,1495,0.1388
1449,47,1496,0.1388
1454,48,1502,0.1388
1465,46,1511,0.1388
1452,45,1497,0.1388
1442,48,1490,0.1388
1434,48,1482,0.1388
1438,48,1486,0.1388
1440,49,1489,0.1388
1438,52,1490,0.1388
1437,54,1491,0.1388
1437,54,1491,0.1388
1444,57,1501,0.1388
1450,58,1508,0.1388
1434,58,1492,0.1388
1443,58,1501,0.1388
1447,56,1503,0.1388
1446,56,1502,0.1388
1434,56,1490,0.1388
1443,57,1500,0.1388
1429,55,1484,0.1388
1430,55,1485,0.1388
1416,56,1472,0.1388
1420,59,1479,0.1388
1430,60,1490,0.1388
1428,62,1490,0.1388
1433,63,1496,0.1388
1435,64,1499,0.1388
1430,65,1495,0.1388
1435,67,1502,0.1388
1445,67,1512,0.1388
1446,66,1512,0.1388
1454,65,1519,0.1388
1440,62,1502,0.1388
1448,63,1511,0.1388
1440,62,1502,0.1388
1424,62,1486,0.1388
1427,59,1486,0.1388
1430,60,1490,0.1388
1436,64,1500,0.1388
1420,67,1487,0.1388
1422,66,1488,0.1388
1434,66,1500,0.1388
1424,63,1487,0.1388
1419,62,1481,0.1388
1417,61,1478,0.1388
1438,62,1500,0.1388
1435,62,1497,0.1388
1422,63,1485,0.1388
1414,65,1479,0.1388
1405,65,1470,0.1388
1417,65,1482,0.1388
1425,65,1490,0.1388
1423,65,1488,0.1388
1426,64,1490,0.1388
1434,62,1496,0.1388
1437,61,1498,0.1388
1424,66,1490,0.1388
1425,65,1490,0.1388
1429,66,1495,0.1388
1427,68,1495,0.1388
1426,68,1494,0.1388
1429,68,1497,0.1388
1420,68,1488,0.1388
1430,69,1499,0.1388
1422,69,1491,0.1388
1420,71,1491,0.1388
1423,70,1493,0.1388
1417,73,1490,0.1388
1421,74,1495,0.1388
1433,72,1505,0.1388
1433,74,1507,0.1388
1431,75,1506,0.1388
1424,75,1499,0.1388
1410,82,1492,0.1388
1407,81,1488,0.1388
1408,82,1490,0.1388
1414,82,1496,0.1388
1417,82,1499,0.1388
1417,82,1499,0.1388
1425,82,1507,0.1388
1421,83,1504,0.1388
1421,84,1505,0.1388
1419,85,1504,0.1388
1422,86,1508,0.1388
1414,89,1503,0.1388
1399,91,1490,0.1388
1399,95,1494,0.1388
1397,96,1493,0.1388
1413,94,1507,0.1388
1413,95,1508,0.1388
1401,93,1494,0.1388
1394,93,1487,0.1388
1398,91,1489,0.1388
1395,95,1490,0.1388
1383,94,1477,0.1388
1382,96,1478,0.1388
1391,95,1486,0.1388
1388,94,1482,0.1388
1385,93,1478,0.1388
1398,94,1492,0.1388
1397,95,1492,0.1388
1394,94,1488,0.1388
1398,95,1493,0.1388
1392,94,1486,0.1388
1390,96,1486,0.1388
1378,98,1476,0.1388
1385,106,1491,0.1388
1390,104,1494,0.1388
1390,102,1492,0.1388
1379,106,1485,0.1388
1396,107,1503,0.1388
1378,108,1486,0.1388
1379,113,1492,0.1388
1361,110,1471,0.1388
1364,110,1474,0.1388
1376,113,1489,0.1388
1379,110,1489,0.1388
1370,114,1484,0.1388
1382,113,1495,0.1388
1388,117,1505,0.1388
1387,118,1505,0.1388
1390,117,1507,0.1388
1393,117,1510,0.1388
1378,119,1497,0.1388
1382,119,1501,0.1388
1389,121,1510,0.1388
1393,123,1516,0.1388
1385,120,1505,0.1388
1380,124,1504,0.1388
1366,125,1491,0.1388
1376,123,1499,0.1388
1380,125,1505,0.1388
1371,127,1498,0.1388
1369,126,1495,0.1388
1372,129,1501,0.1388
1371,133,1504,0.1388
1362,135,1497,0.1388
1359,132,1491,0.1388
1349,135,1484,0.1388
1358,134,1492,0.1388
1361,134,1495,0.1388
1353,137,1490,0.1388
1357,139,1496,0.1388
1357,138,1495,0.1388
1372,136,1508,0.1388
1364,130,1494,0.1388
1359,131,1490,0.1388
1366,133,1499,0.1388
1373,133,1506,0.1388
1368,134,1502,0.1388
1375,129,1504,0.1388
1351,129,1480,0.1388
1358,131,1489,0.1388
1363,133,1496,0.1388
1356,132,1488,0.1388
1355,135,1490,0.1388
1352,139,1491,0.1388
1343,140,1483,0.1388
1352,137,1489,0.1388
1357,144,1501,0.1388
1353,146,1499,0.1388
1341,145,1486,0.1388
1358,144,1502,0.1388
1356,144,1500,0.1388
1353,146,1499,0.1388
1340,153,1493,0.1388
1348,154,1502,0.1388
1335,154,1489,0.1388
1334,156,1490,0.1388
1339,154,1493,0.1388
1339,158,1497,0.1388
1344,153,1497,0.1388
1345,152,1497,0.1388
1360,153,1513,0.1388
1359,152,1511,0.1388
1356,153,1509,0.1388
1339,155,1494,0.1388
1333,157,1490,0.1388
1333,157,1490,0.1388
1328,155,1483,0.1388
1332,156,1488,0.1388
1325,157,1482,0.1388
1337,161,1498,0.1388
1346,166,1512,0.1388
1334,168,1502,0.1388
1336,166,1502,0.1388
1332,168,1500,0.1388
1337,172,1509,0.1388
1324,172,1496,0.1388
1325,169,1494,0.1388
1322,171,1493,0.1388
1327,166,1493,0.1388
1331,167,1498,0.1388
1340,170,1510,0.1388
1343,168,1511,0.1388
1340,167,1507,0.1388
1325,169,1494,0.1388
1321,167,1488,0.1388
1313,167,1480,0.1388
1306,166,1472,0.1388
1312,168,1480,0.1388
1308,164,1472,0.1388
1305,161,1466,0.1388
1301,158,1459,0.1388
1300,158,1458,0.1388
1316,157,1473,0.1388
1333,156,1489,0.1388
1336,160,1496,0.1388
1333,161,1494,0.1388
1332,164,1496,0.1388
1337,163,1500,0.1388
1342,161,1503,0.1388
1323,162,1485,0.1388
1325,165,1490,0.1388
1324,168,1492,0.1388
1323,172,1495,0.1388
1332,172,1504,0.1388
1323,171,1494,0.1388
1308,168,1476,0.1388
1309,172,1481,0.1388
1316,168,1484,0.1388
1309,171,1480,0.1388
1311,170,1481,0.1388
1310,171,1481,0.1388
1312,165,1477,0.1388
1330,173,1503,0.1388
1322,173,1495,0.1388
1327,173,1500,0.1388
1320,176,1496,0.1388
1317,171,1488,0.1388
1315,172,1487,0.1388
1324,169,1493,0.1388
1320,174,1494,0.1388
1321,170,1491,0.1388
1323,169,1492,0.1388
1328,169,1497,0.1388
1332,174,1506,0.1388
1339,172,1511,0.1388
1349,172,1521,0.1388
1349,170,1519,0.1388
1338,168,1506,0.1388
1331,168,1499,0.1388
1333,175,1508,0.1388
1329,177,1506,0.1388
1317,173,1490,0.1388
1321,169,1490,0.1388
1320,174,1494,0.1388
1333,171,1504,0.1388
1321,177,1498,0.1388
1324,171,1495,0.1388
1307,176,1483,0.1388
1307,177,1484,0.1388
1310,177,1487,0.1388
1311,180,1491,0.1388
1311,183,1494,0.1388
1316,179,1495,0.1388
1329,179,1508,0.1388
1313,179,1492,0.1388
1315,187,1502,0.1388
1309,187,1496,0.1388
1300,192,1492,0.1388
1311,190,1501,0.1388
1307,187,1494,0.1388
1309,190,1499,0.1388
1310,188,1498,0.1388
1299,190,1489,0.1388
1308,191,1499,0.1388
1309,186,1495,0.1388
1314,189,1503,0.1388
1313,193,1506,0.1388
1329,192,1521,0.1388
1322,192,1514,0.1388
1307,193,1500,0.1388
1302,194,1496,0.1388
1291,197,1488,0.1388
1280,202,1482,0.1388
1284,205,1489,0.1388
1280,202,1482,0.1388
1280,205,1485,0.1388
1281,204,1485,0.1388
1282,210,1492,0.1388
1264,208,1472,0.1388
1261,209,1470,0.1388
1272,210,1482,0.1388
1273,217,1490,0.1388
1267,218,1485,0.1388
1274,219,1493,0.1388
1278,221,1499,0.1388
1287,216,1503,0.1388
1271,221,1492,0.1388
1273,225,1498,0.1388
1261,222,1483,0.1388
1258,223,1481,0.1388
1240,228,1468,0.1388
1243,231,1474,0.1388
1256,238,1494,0.1388
1252,239,1491,0.1388
1253,238,1491,0.1388
1255,243,1498,0.1388
1259,242,1501,0.1388
1257,239,1496,0.1388
1260,244,1504,0.1388
1264,244,1508,0.1388
1257,246,1503,0.1388
1265,245,1510,0.1388
1258,253,1511,0.1388
1249,249,1498,0.1388
1252,247,1499,0.1388
1235,252,1487,0.1388
1226,256,1482,0.1388
1232,259,1491,0.1388
1230,259,1489,0.1388
1237,261,1498,0.1388
1245,261,1506,0.1388
1235,263,1498,0.1388
1233,266,1499,0.1388
1215,259,1474,0.1388
1222,256,1478,0.1388
1222,265,1487,0.1388
1230,261,1491,0.1388
1216,267,1483,0.1388
1225,271,1496,0.1388
1229,270,1499,0.1388
1223,276,1499,0.1388
1232,276,1508,0.1388
1228,272,1500,0.1388
1236,280,1516,0.1388
1221,278,1499,0.1388
1225,279,1504,0.1388
1229,279,1508,0.1388
1228,283,1511,0.1388
1227,280,1507,0.1388
1222,278,1500,0.1388
1217,277,1494,0.1388
1209,279,1488,0.1388
1214,275,1489,0.1388
1221,275,1496,0.1388
1218,273,1491,0.1388
1235,275,1510,0.1388
1218,277,1495,0.1388
1223,284,1507,0.1388
1231,275,1506,0.1388
1231,278,1509,0.1388
1256,282,1538,0.1388
1244,281,1525,0.1388
1234,273,1507,0.1388
1222,277,1499,0.1388
1230,276,1506,0.1388
1230,277,1507,0.1388
1219,271,1490,0.1388
1224,271,1495,0.1388
1231,263,1494,0.1388
1227,266,1493,0.1388
1226,270,1496,0.1388
1229,271,1500,0.1388
1221,269,1490,0.1388
1228,267,1495,0.1388
1245,267,1512,0.1388
1247,269,1516,0.1388
1238,272,1510,0.1388
1236,272,1508,0.1388
1236,273,1509,0.1388
1226,274,1500,0.1388
1214,278,1492,0.1388
1210,269,1479,0.1388
1214,276,1490,0.1388
1204,283,1487,0.1388
1206,279,1485,0.1388
1197,284,1481,0.1388
1215,286,1501,0.1388
1210,291,1501,0.1388
1210,294,1504,0.1388
1210,288,1498,0.1388
1211,291,1502,0.1388
1199,288,1487,0.1388
1198,289,1487,0.1388
1209,287,1496,0.1388
1205,289,1494,0.1388
1198,294,1492,0.1388
1205,292,1497,0.1388
1218,293,1511,0.1388
1209,287,1496,0.1388
1211,293,1504,0.1388
1214,294,1508,0.1388
1223,292,1515,0.1388
1208,287,1495,0.1388
1212,290,1502,0.1388
1206,284,1490,0.1388
1206,292,1498,0.1388
1208,291,1499,0.1388
1206,285,1491,0.1388
1208,287,1495,0.1388
1205,286,1491,0.1388
1197,289,1486,0.1388
1190,292,1482,0.1388
1192,294,1486,0.1388
1197,299,1496,0.1388
1199,295,1494,0.1388
1199,295,1494,0.1388
1195,299,1494,0.1388
1195,301,1496,0.1388
1195,300,1495,0.1388
1197,307,1504,0.1388
1200,310,1510,0.1388
1191,306,1497,0.1388
1181,307,1488,0.1388
1189,306,1495,0.1388
1190,312,1502,0.1388
1190,306,1496,0.1388
1190,307,1497,0.1388
1196,308,1504,0.1388
1198,307,1505,0.1388
1200,302,1502,0.1388
1189,308,1497,0.1388
1195,299,1494,0.1388
1202,300,1502,0.1388
1209,298,1507,0.1388
1215,296,1511,0.1388
1219,300,1519,0.1388
1212,300,1512,0.1388
1200,296,1496,0.1388
1211,289,1500,0.1388
1199,288,1487,0.1388
1203,294,1497,0.1388
1194,296,1490,0.1388
1180,297,1477,0.1388
1192,298,1490,0.1388
1179,300,1479,0.1388
1186,307,1493,0.1388
1185,305,1490,0.1388
1189,303,1492,0.1388
1193,308,1501,0.1388
1192,306,1498,0.1388
1192,306,1498,0.1388
1175,306,1481,0.1388
1189,315,1504,0.1388
1191,314,1505,0.1388
1181,312,1493,0.1388
1196,309,1505,0.1388
1193,306,1499,0.1388
1197,309,1506,0.1388
1199,312,1511,0.1388
1199,306,1505,0.1388
1198,307,1505,0.1388
1189,314,1503,0.1388
1198,318,1516,0.1388
1189,315,1504,0.1388
1176,319,1495,0.1388
1174,320,1494,0.1388
1165,323,1488,0.1388
1169,321,1490,0.1388
1161,323,1484,0.1388
1158,324,1482,0.1388
1151,325,1476,0.1388
1168,326,1494,0.1388
1168,327,1495,0.1388
1178,328,1506,0.1388
1177,332,1509,0.1388
1172,334,1506,0.1388
1173,334,1507,0.1388
1165,333,1498,0.1388
1173,323,1496,0.1388
1179,331,1510,0.1388
1167,328,1495,0.1388
1175,331,1506,0.1388
1178,337,1515,0.1388
1167,335,1502,0.1388
1173,335,1508,0.1388
1176,338,1514,0.1388
1170,337,1507,0.1388
1174,333,1507,0.1388
1161,335,1496,0.1388
1153,331,1484,0.1388
1152,326,1478,0.1388
1165,325,1490,0.1388
1154,328,1482,0.1388
1155,334,1489,0.1388
1159,335,1494,0.1388
1158,332,1490,0.1388
1169,337,1506,0.1388
1155,332,1487,0.1388
1163,329,1492,0.1388
1184,325,1509,0.1388
1187,325,1512,0.1388
1201,328,1529,0.1388
1185,333,1518,0.1388
1182,333,1515,0.1388
1178,333,1511,0.1388
1173,331,1504,0.1388
1170,327,1497,0.1388
1180,326,1506,0.1388
1162,330,1492,0.1388
1158,332,1490,0.1388
1165,328,1493,0.1388
1166,329,1495,0.1388
1178,320,1498,0.1388
1172,320,1492,0.1388
1163,330,1493,0.1388
1158,335,1493,0.1388
1160,339,1499,0.1388
1160,345,1505,0.1388
1160,341,1501,0.1388
1158,335,1493,0.1388
1161,338,1499,0.1388
1156,337,1493,0.1388
1158,328,1486,0.1388
1166,329,1495,0.1388
1160,326,1486,0.1388
1162,331,1493,0.1388
1164,334,1498,0.1388
1166,338,1504,0.1388
1151,335,1486,0.1388
1166,340,1506,0.1388
1161,335,1496,0.1388
1163,329,1492,0.1388
1160,328,1488,0.1388
1169,335,1504,0.1388
1164,337,1501,0.1388
1169,337,1506,0.1388
1175,344,1519,0.1388
1167,350,1517,0.1388
1156,347,1503,0.1388
1149,350,1499,0.1388
1145,352,1497,0.1388
1139,354,1493,0.1388
1132,355,1487,0.1388
1127,355,1482,0.1388
1125,353,1478,0.1388
1131,352,1483,0.1388
1139,352,1491,0.1388
1156,351,1507,0.1388
1151,347,1498,0.1388
1152,346,1498,0.1388
1151,350,1501,0.1388
1145,345,1490,0.1388
1137,347,1484,0.1388
1136,353,1489,0.1388
1140,352,1492,0.1388
1118,353,1471,0.1388
1124,362,1486,0.1388
1128,365,1493,0.1388
1130,367,1497,0.1388
1133,364,1497,0.1388
1127,363,1490,0.1388
1133,362,1495,0.1388
1134,362,1496,0.1388
1128,360,1488,0.1388
1123,356,1479,0.1388
1131,361,1492,0.1388
1139,364,1503,0.1388
1143,355,1498,0.1388
1127,352,1479,0.1388
1135,353,1488,0.1388
1137,361,1498,0.1388
1128,372,1500,0.1388
1131,376,1507,0.1388
1130,378,1508,0.1388
1130,377,1507,0.1388
1134,376,1510,0.1388
1128,367,1495,0.1388
1121,366,1487,0.1388
1116,372,1488,0.1388
1103,372,1475,0.1388
1109,368,1477,0.1388
1112,372,1484,0.1388
1111,374,1485,0.1388
1118,371,1489,0.1388
1114,366,1480,0.1388
1121,370,1491,0.1388
1121,368,1489,0.1388
1135,368,1503,0.1388
1131,363,1494,0.1388
1142,355,1497,0.1388
1141,360,1501,0.1388
1142,359,1501,0.1388
1137,356,1493,0.1388
1149,362,1511,0.1388
1145,362,1507,0.1388
1133,367,1500,0.1388
1132,362,1494,0.1388
1133,377,1510,0.1388
1138,376,1514,0.1388
1131,376,1507,0.1388
1128,371,1499,0.1388
1114,374,1488,0.1388
1103,381,1484,0.1388
1119,377,1496,0.1388
1125,379,1504,0.1388
1138,378,1516,0.1388
1146,370,1516,0.1388
1142,368,1510,0.1388
1133,369,1502,0.1388
1130,370,1500,0.1388
1130,370,1500,0.1388
1130,372,1502,0.1388
1116,367,1483,0.1388
1121,369,1490,0.1388
1126,365,1491,0.1388
1127,367,1494,0.1388
1123,365,1488,0.1388
1139,366,1505,0.1388
1140,362,1502,0.1388
1143,368,1511,0.1388
1145,364,1509,0.1388
1147,363,1510,0.1388
1147,358,1505,0.1388
1139,361,1500,0.1388
1130,363,1493,0.1388
1136,370,1506,0.1388
1124,370,1494,0.1388
1129,367,1496,0.1388
1125,363,1488,0.1388
1123,373,1496,0.1388
1110,372,1482,0.1388
1127,373,1500,0.1388
1126,376,1502,0.1388
1121,381,1502,0.1388
1119,383,1502,0.1388
1109,388,1497,0.1388
1109,394,1503,0.1388
1110,396,1506,0.1388
1104,396,1500,0.1388
1099,394,1493,0.1388
1104,403,1507,0.1388
1107,403,1510,0.1388
1096,401,1497,0.1388
1088,404,1492,0.1388
1095,408,1503,0.1388
1088,402,1490,0.1388
1093,407,1500,0.1388
1097,410,1507,0.1388
1097,411,1508,0.1388
1091,418,1509,0.1388
1092,419,1511,0.1388
1102,422,1524,0.1388
1093,416,1509,0.1388
1080,414,1494,0.1388
1069,414,1483,0.1388
1073,412,1485,0.1388
1071,412,1483,0.1388
1052,412,1464,0.1388
1066,417,1483,0.1388
1071,414,1485,0.1388
1078,411,1489,0.1388
1069,418,1487,0.1388
1075,429,1504,0.1388
1077,425,1502,0.1388
1077,438,1515,0.1388
1086,431,1517,0.1388
1078,429,1507,0.1388
1087,423,1510,0.1388
1080,426,1506,0.1388
1086,426,1512,0.1388
1090,432,1522,0.1388
1084,432,1516,0.1388
1075,433,1508,0.1388
1071,435,1506,0.1388
1072,435,1507,0.1388
1079,436,1515,0.1388
1071,430,1501,0.1388
1065,426,1491,0.1388
1073,425,1498,0.1388
1071,435,1506,0.1388
1065,428,1493,0.1388
1070,430,1500,0.1388
1071,424,1495,0.1388
1068,428,1496,0.1388
1071,435,1506,0.1388
1075,437,1512,0.1388
1071,436,1507,0.1388
1071,438,1509,0.1388
1069,440,1509,0.1388
1067,436,1503,0.1388
1071,436,1507,0.1388
1066,439,1505,0.1388
1065,440,1505,0.1388
1067,439,1506,0.1388
1079,441,1520,0.1388
1073,440,1513,0.1388
1066,440,1506,0.1388
1067,440,1507,0.1388
1062,441,1503,0.1388
1064,440,1504,0.1388
1075,443,1518,0.1388
1070,444,1514,0.1388
1053,448,1501,0.1388
1059,453,1512,0.1388
1051,451,1502,0.1388
1059,448,1507,0.1388
1042,443,1485,0.1388
1026,447,1473,0.1388
1031,452,1483,0.1388
1039,452,1491,0.1388
1051,452,1503,0.1388
1046,456,1502,0.1388
1043,452,1495,0.1388
1038,458,1496,0.1388
1051,450,1501,0.1388
1043,455,1498,0.1388
1038,457,1495,0.1388
1038,461,1499,0.1388
1047,454,1501,0.1388
1051,453,1504,0.1388
1051,448,1499,0.1388
1046,446,1492,0.1388
1062,445,1507,0.1388
1066,443,1509,0.1388
1063,446,1509,0.1388
1064,449,1513,0.1388
1068,446,1514,0.1388
1076,440,1516,0.1388
1062,441,1503,0.1388
1056,441,1497,0.1388
1053,439,1492,0.1388
1062,445,1507,0.1388
1052,443,1495,0.1388
1049,449,1498,0.1388
1042,457,1499,0.1388
1049,457,1506,0.1388
1049,456,1505,0.1388
1044,457,1501,0.1388
1046,458,1504,0.1388
1043,457,1500,0.1388
1047,458,1505,0.1388
1047,457,1504,0.1388
1051,448,1499,0.1388
1063,443,1506,0.1388
1061,451,1512,0.1388
1051,451,1502,0.1388
1043,458,1501,0.1388
1047,452,1499,0.1388
1044,446,1490,0.1388
1043,447,1490,0.1388
1044,448,1492,0.1388
1042,449,1491,0.1388
1050,443,1493,0.1388
1045,441,1486,0.1388
1051,449,1500,0.1388
1041,447,1488,0.1388
1049,441,1490,0.1388
1045,440,1485,0.1388
1047,445,1492,0.1388
1046,453,1499,0.1388
1045,444,1489,0.1388
1059,449,1508,0.1388
1054,443,1497,0.1388
1048,444,1492,0.1388
1062,440,1502,0.1388
1079,433,1512,0.1388
1073,432,1505,0.1388
1067,435,1502,0.1388
1054,437,1491,0.1388
1047,439,1486,0.1388
1056,444,1500,0.1388
1048,444,1492,0.1388
1053,439,1492,0.1388
1054,444,1498,0.1388
1058,447,1505,0.1388
1051,442,1493,0.1388
1046,441,1487,0.1388
1047,450,1497,0.1388
1039,439,1478,0.1388
1050,450,1500,0.1388
1053,449,1502,0.1388
1051,448,1499,0.1388
1045,446,1491,0.1388
1049,446,1495,0.1388
1052,460,1512,0.1388
1044,452,1496,0.1388
1042,458,1500,0.1388
1042,458,1500,0.1388
1048,463,1511,0.1388
1047,465,1512,0.1388
1044,462,1506,0.1388
1053,454,1507,0.1388
1056,460,1516,0.1388
1056,454,1510,0.1388
1055,454,1509,0.1388
1051,455,1506,0.1388
1042,458,1500,0.1388
1048,458,1506,0.1388
1051,456,1507,0.1388
1035,454,1489,0.1388
1034,462,1496,0.1388
1044,454,1498,0.1388
1042,452,1494,0.1388
1047,462,1509,0.1388
1049,460,1509,0.1388
1049,461,1510,0.1388
1051,464,1515,0.1388
1049,456,1505,0.1388
1048,454,1502,0.1388
1045,455,1500,0.1388
1049,458,1507,0.1388
1054,461,1515,0.1388
1056,460,1516,0.1388
1045,466,1511,0.1388
1048,455,1503,0.1388
1050,456,1506,0.1388
1043,455,1498,0.1388
1047,452,1499,0.1388
1050,447,1497,0.1388
1049,446,1495,0.1388
1042,448,1490,0.1388
1037,452,1489,0.1388
1047,459,1506,0.1388
1044,457,1501,0.1388
1032,456,1488,0.1388
1036,458,1494,0.1388
1021,456,1477,0.1388
1028,453,1481,0.1388
1045,456,1501,0.1388
1052,459,1511,0.1388
1052,457,1509,0.1388
1051,457,1508,0.1388
1042,461,1503,0.1388
1040,458,1498,0.1388
1036,454,1490,0.1388
1030,459,1489,0.1388
1024,461,1485,0.1388
1024,462,1486,0.1388
1015,457,1472,0.1388
1014,465,1479,0.1388
1010,463,1473,0.1388
1029,467,1496,0.1388
1036,474,1510,0.1388
1029,474,1503,0.1388
1034,472,1506,0.1388
1020,471,1491,0.1388
1020,471,1491,0.1388
1016,476,1492,0.1388
1020,472,1492,0.1388
1022,477,1499,0.1388
1024,474,1498,0.1388
1014,479,1493,0.1388
1023,482,1505,0.1388
1031,487,1518,0.1388
1017,489,1506,0.1388
1009,493,1502,0.1388
1015,488,1503,0.1388
1008,491,1499,0.1388
1015,498,1513,0.1388
1000,497,1497,0.1388
1007,501,1508,0.1388
1011,499,1510,0.1388
998,503,1501,0.1388
995,499,1494,0.1388
1007,500,1507,0.1388
1006,509,1515,0.1388
1014,509,1523,0.1388
1003,503,1506,0.1388
999,500,1499,0.1388
1002,510,1512,0.1388
1003,515,1518,0.1388
1002,508,1510,0.1388
998,512,1510,0.1388
1007,517,1524,0.1388
1004,523,1527,0.1388
996,522,1518,0.1388
989,515,1504,0.1388
988,517,1505,0.1388
971,520,1491,0.1388
970,518,1488,0.1388
971,523,1494,0.1388
971,528,1499,0.1388
981,524,1505,0.1388
977,516,1493,0.1388
979,513,1492,0.1388
978,517,1495,0.1388
972,522,1494,0.1388
976,519,1495,0.1388
980,525,1505,0.1388
976,529,1505,0.1388
984,530,1514,0.1388
989,532,1521,0.1388
976,526,1502,0.1388
964,526,1490,0.1388
964,522,1486,0.1388
958,523,1481,0.1388
971,523,1494,0.1388
988,530,1518,0.1388
987,524,1511,0.1388
980,519,1499,0.1388
974,528,1502,0.1388
977,532,1509,0.1388
979,525,1504,0.1388
974,537,1511,0.1388
969,541,1510,0.1388
961,538,1499,0.1388
961,543,1504,0.1388
950,545,1495,0.1388
957,546,1503,0.1388
955,536,1491,0.1388
954,528,1482,0.1388
963,522,1485,0.1388
967,531,1498,0.1388
970,532,1502,0.1388
969,535,1504,0.1388
966,542,1508,0.1388
961,543,1504,0.1388
949,537,1486,0.1388
952,544,1496,0.1388
946,552,1498,0.1388
947,556,1503,0.1388
944,561,1505,0.1388
941,564,1505,0.1388
942,556,1498,0.1388
940,553,1493,0.1388
930,544,1474,0.1388
935,543,1478,0.1388
941,554,1495,0.1388
941,556,1497,0.1388
938,554,1492,0.1388
931,541,1472,0.1388
937,553,1490,0.1388
937,555,1492,0.1388
930,548,1478,0.1388
941,557,1498,0.1388
947,550,1497,0.1388
957,553,1510,0.1388
954,558,1512,0.1388
951,564,1515,0.1388
958,562,1520,0.1388
950,566,1516,0.1388
946,564,1510,0.1388
940,561,1501,0.1388
931,563,1494,0.1388
934,571,1505,0.1388
936,568,1504,0.1388
931,572,1503,0.1388
923,568,1491,0.1388
932,568,1500,0.1388
941,564,1505,0.1388
948,562,1510,0.1388
942,562,1504,0.1388
937,569,1506,0.1388
925,574,1499,0.1388
926,570,1496,0.1388
925,571,1496,0.1388
923,565,1488,0.1388
926,561,1487,0.1388
919,557,1476,0.1388
929,561,1490,0.1388
933,566,1499,0.1388
944,568,1512,0.1388
947,568,1515,0.1388
939,568,1507,0.1388
939,571,1510,0.1388
947,569,1516,0.1388
946,568,1514,0.1388
945,572,1517,0.1388
929,567,1496,0.1388
934,568,1502,0.1388
920,571,1491,0.1388
926,573,1499,0.1388
920,572,1492,0.1388
926,575,1501,0.1388
917,576,1493,0.1388
916,579,1495,0.1388
927,581,1508,0.1388
943,575,1518,0.1388
935,572,1507,0.1388
927,576,1503,0.1388
918,576,1494,0.1388
920,583,1503,0.1388
915,577,1492,0.1388
916,573,1489,0.1388
906,574,1480,0.1388
914,576,1490,0.1388
911,582,1493,0.1388
921,586,1507,0.1388
923,590,1513,0.1388
929,579,1508,0.1388
927,586,1513,0.1388
913,585,1498,0.1388
918,590,1508,0.1388
923,584,1507,0.1388
923,589,1512,0.1388
919,585,1504,0.1388
909,590,1499,0.1388
911,592,1503,0.1388
914,589,1503,0.1388
910,600,1510,0.1388
911,599,1510,0.1388
920,596,1516,0.1388
917,592,1509,0.1388
915,591,1506,0.1388
911,595,1506,0.1388
905,595,1500,0.1388
889,599,1488,0.1388
886,613,1499,0.1388
888,601,1489,0.1388
890,608,1498,0.1388
889,604,1493,0.1388
894,608,1502,0.1388
891,609,1500,0.1388
893,604,1497,0.1388
877,603,1480,0.1388
882,605,1487,0.1388
890,614,1504,0.1388
890,614,1504,0.1388
899,602,1501,0.1388
891,608,1499,0.1388
890,598,1488,0.1388
887,608,1495,0.1388
876,618,1494,0.1388
878,621,1499,0.1388
878,628,1506,0.1388
883,621,1504,0.1388
878,619,1497,0.1388
874,612,1486,0.1388
867,613,1480,0.1388
882,613,1495,0.1388
876,625,1501,0.1388
869,627,1496,0.1388
869,635,1504,0.1388
872,633,1505,0.1388
875,626,1501,0.1388
879,620,1499,0.1388
878,630,1508,0.1388
890,621,1511,0.1388
902,626,1528,0.1388
894,628,1522,0.1388
896,619,1515,0.1388
903,622,1525,0.1388
890,624,1514,0.1388
878,630,1508,0.1388
888,624,1512,0.1388
880,627,1507,0.1388
874,629,1503,0.1388
875,634,1509,0.1388
878,634,1512,0.1388
877,632,1509,0.1388
872,630,1502,0.1388
869,622,1491,0.1388
868,623,1491,0.1388
878,624,1502,0.1388
873,629,1502,0.1388
869,632,1501,0.1388
870,634,1504,0.1388
875,636,1511,0.1388
870,630,1500,0.1388
864,634,1498,0.1388
868,633,1501,0.1388
867,630,1497,0.1388
862,631,1493,0.1388
867,640,1507,0.1388
864,633,1497,0.1388
865,635,1500,0.1388
862,633,1495,0.1388
864,638,1502,0.1388
870,639,1509,0.1388
867,641,1508,0.1388
858,644,1502,0.1388
868,641,1509,0.1388
866,649,1515,0.1388
863,653,1516,0.1388
854,652,1506,0.1388
858,651,1509,0.1388
853,661,1514,0.1388
857,657,1514,0.1388
848,657,1505,0.1388
840,649,1489,0.1388
850,652,1502,0.1388
851,664,1515,0.1388
850,661,1511,0.1388
858,657,1515,0.1388
853,660,1513,0.1388
849,660,1509,0.1388
848,670,1518,0.1388
837,673,1510,0.1388
837,670,1507,0.1388
832,679,1511,0.1388
828,677,1505,0.1388
820,675,1495,0.1388
813,687,1500,0.1388
798,685,1483,0.1388
800,682,1482,0.1388
817,677,1494,0.1388
819,685,1504,0.1388
816,680,1496,0.1388
816,679,1495,0.1388
822,686,1508,0.1388
814,682,1496,0.1388
803,682,1485,0.1388
811,687,1498,0.1388
819,681,1500,0.1388
823,691,1514,0.1388
821,696,1517,0.1388
826,694,1520,0.1388
827,688,1515,0.1388
823,688,1511,0.1388
828,690,1518,0.1388
817,695,1512,0.1388
818,683,1501,0.1388
827,680,1507,0.1388
824,680,1504,0.1388
825,686,1511,0.1388
816,690,1506,0.1388
822,689,1511,0.1388
828,691,1519,0.1388
812,694,1506,0.1388
812,697,1509,0.1388
817,701,1518,0.1388
811,700,1511,0.1388
806,693,1499,0.1388
805,680,1485,0.1388
813,681,1494,0.1388
812,688,1500,0.1388
814,694,1508,0.1388
818,702,1520,0.1388
804,698,1502,0.1388
803,693,1496,0.1388
794,687,1481,0.1388
784,694,1478,0.1388
784,702,1486,0.1388
785,708,1493,0.1388
792,711,1503,0.1388
797,711,1508,0.1388
805,716,1521,0.1388
789,720,1509,0.1388
784,722,1506,0.1388
776,718,1494,0.1388
776,722,1498,0.1388
767,719,1486,0.1388
775,725,1500,0.1388
784,725,1509,0.1388
784,721,1505,0.1388
783,729,1512,0.1388
780,721,1501,0.1388
784,727,1511,0.1388
786,728,1514,0.1388
783,730,1513,0.1388
776,722,1498,0.1388
773,724,1497,0.1388
777,723,1500,0.1388
776,721,1497,0.1388
777,723,1500,0.1388
772,736,1508,0.1388
766,743,1509,0.1388
762,739,1501,0.1388
763,750,1513,0.1388
757,751,1508,0.1388
764,745,1509,0.1388
761,751,1512,0.1388
761,745,1506,0.1388
752,732,1484,0.1388
746,744,1490,0.1388
755,743,1498,0.1388
756,756,1512,0.1388
750,762,1512,0.1388
745,761,1506,0.1388
746,756,1502,0.1388
749,758,1507,0.1388
749,763,1512,0.1388
750,755,1505,0.1388
747,761,1508,0.1388
754,749,1503,0.1388
754,755,1509,0.1388
758,751,1509,0.1388
749,748,1497,0.1388
754,766,1520,0.1388
751,757,1508,0.1388
751,761,1512,0.1388
753,765,1518,0.1388
753,760,1513,0.1388
747,764,1511,0.1388
744,763,1507,0.1388
740,758,1498,0.1388
751,762,1513,0.1388
751,767,1518,0.1388
752,767,1519,0.1388
746,757,1503,0.1388
747,762,1509,0.1388
735,769,1504,0.1388
735,772,1507,0.1388
730,782,1512,0.1388
737,787,1524,0.1388
727,780,1507,0.1388
727,775,1502,0.1388
727,777,1504,0.1388
722,785,1507,0.1388
721,773,1494,0.1388
723,775,1498,0.1388
726,778,1504,0.1388
717,779,1496,0.1388
715,779,1494,0.1388
723,783,1506,0.1388
722,789,1511,0.1388
724,791,1515,0.1388
717,792,1509,0.1388
714,785,1499,0.1388
717,788,1505,0.1388
723,784,1507,0.1388
724,789,1513,0.1388
722,789,1511,0.1388
725,795,1520,0.1388
723,788,1511,0.1388
722,795,1517,0.1388
725,797,1522,0.1388
713,797,1510,0.1388
720,794,1514,0.1388
712,799,1511,0.1388
715,798,1513,0.1388
709,789,1498,0.1388
702,790,1492,0.1388
709,798,1507,0.1388
713,804,1517,0.1388
711,805,1516,0.1388
710,805,1515,0.1388
710,806,1516,0.1388
712,803,1515,0.1388
708,800,1508,0.1388
706,794,1500,0.1388
698,787,1485,0.1388
695,781,1476,0.1388
704,789,1493,0.1388
724,784,1508,0.1388
720,785,1505,0.1388
711,796,1507,0.1388
718,786,1504,0.1388
715,794,1509,0.1388
707,798,1505,0.1388
712,799,1511,0.1388
718,797,1515,0.1388
721,799,1520,0.1388
721,809,1530,0.1388
717,805,1522,0.1388
716,796,1512,0.1388
719,795,1514,0.1388
720,796,1516,0.1388
722,796,1518,0.1388
725,799,1524,0.1388
714,800,1514,0.1388
711,804,1515,0.1388
706,806,1512,0.1388
704,801,1505,0.1388
702,807,1509,0.1388
706,816,1522,0.1388
707,808,1515,0.1388
699,812,1511,0.1388
699,811,1510,0.1388
696,816,1512,0.1388
691,817,1508,0.1388
691,823,1514,0.1388
685,833,1518,0.1388
671,819,1490,0.1388
669,825,1494,0.1388
665,828,1493,0.1388
672,831,1503,0.1388
661,834,1495,0.1388
664,828,1492,0.1388
665,839,1504,0.1388
664,840,1504,0.1388
661,829,1490,0.1388
663,838,1501,0.1388
673,844,1517,0.1388
677,847,1524,0.1388
665,844,1509,0.1388
664,839,1503,0.1388
654,831,1485,0.1388
655,831,1486,0.1388
652,832,1484,0.1388
652,839,1491,0.1388
660,839,1499,0.1388
655,840,1495,0.1388
653,846,1499,0.1388
654,842,1496,0.1388
659,844,1503,0.1388
666,847,1513,0.1388
657,847,1504,0.1388
649,836,1485,0.1388
644,829,1473,0.1388
642,841,1483,0.1388
650,837,1487,0.1388
648,845,1493,0.1388
657,841,1498,0.1388
644,843,1487,0.1388
650,838,1488,0.1388
649,839,1488,0.1388
652,841,1493,0.1388
654,846,1500,0.1388
650,855,1505,0.1388
656,857,1513,0.1388
656,859,1515,0.1388
657,864,1521,0.1388
656,862,1518,0.1388
658,852,1510,0.1388
665,870,1535,0.1388
656,867,1523,0.1388
649,860,1509,0.1388
650,853,1503,0.1388
644,858,1502,0.1388
641,857,1498,0.1388
641,851,1492,0.1388
642,862,1504,0.1388
641,858,1499,0.1388
636,849,1485,0.1388
628,864,1492,0.1388
633,865,1498,0.1388
630,869,1499,0.1388
628,865,1493,0.1388
623,861,1484,0.1388
621,860,1481,0.1388
628,865,1493,0.1388
624,866,1490,0.1388
629,879,1508,0.1388
627,873,1500,0.1388
611,881,1492,0.1388
617,881,1498,0.1388
618,884,1502,0.1388
614,881,1495,0.1388
612,886,1498,0.1388
606,887,1493,0.1388
606,890,1496,0.1388
614,893,1507,0.1388
614,887,1501,0.1388
618,894,1512,0.1388
607,891,1498,0.1388
608,903,1511,0.1388
613,910,1523,0.1388
612,911,1523,0.1388
604,909,1513,0.1388
606,895,1501,0.1388
600,912,1512,0.1388
599,906,1505,0.1388
596,898,1494,0.1388
597,904,1501,0.1388
591,912,1503,0.1388
581,912,1493,0.1388
586,919,1505,0.1388
586,916,1502,0.1388
591,924,1515,0.1388
596,928,1524,0.1388
600,925,1525,0.1388
592,922,1514,0.1388
594,923,1517,0.1388
593,917,1510,0.1388
588,919,1507,0.1388
576,920,1496,0.1388
578,924,1502,0.1388
582,934,1516,0.1388
581,933,1514,0.1388
576,933,1509,0.1388
579,932,1511,0.1388
574,932,1506,0.1388
578,936,1514,0.1388
577,940,1517,0.1388
581,930,1511,0.1388
583,932,1515,0.1388
574,945,1519,0.1388
564,949,1513,0.1388
572,935,1507,0.1388
574,940,1514,0.1388
577,939,1516,0.1388
580,939,1519,0.1388
574,936,1510,0.1388
571,939,1510,0.1388
570,949,1519,0.1388
570,948,1518,0.1388
568,948,1516,0.1388
570,941,1511,0.1388
569,939,1508,0.1388
565,942,1507,0.1388
561,951,1512,0.1388
543,951,1494,0.1388
559,947,1506,0.1388
563,948,1511,0.1388
565,950,1515,0.1388
560,949,1509,0.1388
560,956,1516,0.1388
560,954,1514,0.1388
557,958,1515,0.1388
554,956,1510,0.1388
547,967,1514,0.1388
551,966,1517,0.1388
544,961,1505,0.1388
547,950,1497,0.1388
540,955,1495,0.1388
546,952,1498,0.1388
544,958,1502,0.1388
548,959,1507,0.1388
546,962,1508,0.1388
538,966,1504,0.1388
542,966,1508,0.1388
543,965,1508,0.1388
546,957,1503,0.1388
544,959,1503,0.1388
536,956,1492,0.1388
537,966,1503,0.1388
542,968,1510,0.1388
538,966,1504,0.1388
551,960,1511,0.1388
552,951,1503,0.1388
545,959,1504,0.1388
538,958,1496,0.1388
543,973,1516,0.1388
547,976,1523,0.1388
551,967,1518,0.1388
549,956,1505,0.1388
547,957,1504,0.1388
542,967,1509,0.1388
539,975,1514,0.1388
543,982,1525,0.1388
544,975,1519,0.1388
542,984,1526,0.1388
543,968,1511,0.1388
543,973,1516,0.1388
535,979,1514,0.1388
537,987,1524,0.1388
533,987,1520,0.1388
536,984,1520,0.1388
537,981,1518,0.1388
531,969,1500,0.1388
531,975,1506,0.1388
530,984,1514,0.1388
527,986,1513,0.1388
533,984,1517,0.1388
526,986,1512,0.1388
526,975,1501,0.1388
523,974,1497,0.1388
522,984,1506,0.1388
519,984,1503,0.1388
516,982,1498,0.1388
520,989,1509,0.1388
512,993,1505,0.1388
514,980,1494,0.1388
506,979,1485,0.1388
515,984,1499,0.1388
517,997,1514,0.1388
518,1003,1521,0.1388
515,997,1512,0.1388
515,994,1509,0.1388
515,996,1511,0.1388
514,985,1499,0.1388
508,989,1497,0.1388
507,994,1501,0.1388
507,991,1498,0.1388
503,995,1498,0.1388
507,992,1499,0.1388
507,987,1494,0.1388
503,992,1495,0.1388
510,1002,1512,0.1388
510,999,1509,0.1388
515,994,1509,0.1388
514,994,1508,0.1388
512,997,1509,0.1388
513,998,1511,0.1388
510,993,1503,0.1388
513,988,1501,0.1388
521,986,1507,0.1388
513,990,1503,0.1388
520,989,1509,0.1388
515,986,1501,0.1388
514,997,1511,0.1388
521,1005,1526,0.1388
520,1003,1523,0.1388
506,999,1505,0.1388
514,996,1510,0.1388
511,996,1507,0.1388
515,990,1505,0.1388
516,987,1503,0.1388
514,999,1513,0.1388
514,1000,1514,0.1388
516,998,1514,0.1388
514,990,1504,0.1388
511,999,1510,0.1388
509,1013,1522,0.1388
511,1012,1523,0.1388
505,1017,1522,0.1388
506,1005,1511,0.1388
507,999,1506,0.1388
505,1003,1508,0.1388
504,1005,1509,0.1388
505,1006,1511,0.1388
506,991,1497,0.1388
511,987,1498,0.1388
513,987,1500,0.1388
517,998,1515,0.1388
513,994,1507,0.1388
511,993,1504,0.1388
512,997,1509,0.1388
511,1005,1516,0.1388
514,993,1507,0.1388
508,1001,1509,0.1388
513,995,1508,0.1388
508,1003,1511,0.1388
508,1012,1520,0.1388
505,1016,1521,0.1388
504,1015,1519,0.1388
512,1018,1530,0.1388
505,1017,1522,0.1388
509,1026,1535,0.1388
503,1028,1531,0.1388
501,1020,1521,0.1388
505,1015,1520,0.1388
505,1009,1514,0.1388
504,1012,1516,0.1388
501,1008,1509,0.1388
497,1016,1513,0.1388
507,1004,1511,0.1388
499,1008,1507,0.1388
506,1011,1517,0.1388
499,1007,1506,0.1388
500,1024,1524,0.1388
490,1022,1512,0.1388
492,1018,1510,0.1388
490,1010,1500,0.1388
488,1002,1490,0.1388
487,999,1486,0.1388
489,1002,1491,0.1388
490,1001,1491,0.1388
493,1009,1502,0.1388
500,1018,1518,0.1388
495,1010,1505,0.1388
499,1016,1515,0.1388
502,1009,1511,0.1388
502,1010,1512,0.1388
499,1007,1506,0.1388
495,1018,1513,0.1388
496,1020,1516,0.1388
501,1014,1515,0.1388
493,1023,1516,0.1388
493,1015,1508,0.1388
487,1014,1501,0.1388
487,1013,1500,0.1388
489,1023,1512,0.1388
489,1010,1499,0.1388
489,1012,1501,0.1388
493,1023,1516,0.1388
499,1022,1521,0.1388
493,1031,1524,0.1388
487,1036,1523,0.1388
487,1043,1530,0.1388
486,1035,1521,0.1388
489,1035,1524,0.1388
487,1027,1514,0.1388
491,1020,1511,0.1388
483,1024,1507,0.1388
487,1029,1516,0.1388
478,1014,1492,0.1388
477,1015,1492,0.1388
473,1018,1491,0.1388
471,1011,1482,0.1388
466,1018,1484,0.1388
470,1021,1491,0.1388
476,1025,1501,0.1388
476,1035,1511,0.1388
474,1028,1502,0.1388
470,1030,1500,0.1388
466,1044,1510,0.1388
473,1047,1520,0.1388
462,1038,1500,0.1388
469,1044,1513,0.1388
469,1040,1509,0.1388
465,1043,1508,0.1388
470,1050,1520,0.1388
468,1051,1519,0.1388
473,1040,1513,0.1388
468,1041,1509,0.1388
466,1044,1510,0.1388
467,1044,1511,0.1388
466,1048,1514,0.1388
473,1048,1521,0.1388
467,1041,1508,0.1388
470,1035,1505,0.1388
466,1041,1507,0.1388
461,1048,1509,0.1388
451,1043,1494,0.1388
456,1047,1503,0.1388
453,1057,1510,0.1388
456,1071,1527,0.1388
452,1063,1515,0.1388
457,1064,1521,0.1388
457,1056,1513,0.1388
454,1059,1513,0.1388
453,1055,1508,0.1388
443,1052,1495,0.1388
437,1062,1499,0.1388
434,1060,1494,0.1388
445,1063,1508,0.1388
450,1060,1510,0.1388
447,1067,1514,0.1388
450,1051,1501,0.1388
444,1053,1497,0.1388
438,1060,1498,0.1388
445,1076,1521,0.1388
443,1074,1517,0.1388
441,1069,1510,0.1388
440,1063,1503,0.1388
445,1061,1506,0.1388
447,1072,1519,0.1388
441,1072,1513,0.1388
445,1068,1513,0.1388
442,1070,1512,0.1388
438,1074,1512,0.1388
432,1084,1516,0.1388
431,1087,1518,0.1388
427,1077,1504,0.1388
420,1083,1503,0.1388
422,1087,1509,0.1388
420,1087,1507,0.1388
420,1077,1497,0.1388
424,1073,1497,0.1388
424,1082,1506,0.1388
432,1075,1507,0.1388
429,1085,1514,0.1388
435,1079,1514,0.1388
430,1078,1508,0.1388
436,1069,1505,0.1388
432,1070,1502,0.1388
430,1074,1504,0.1388
440,1068,1508,0.1388
437,1070,1507,0.1388
433,1068,1501,0.1388
429,1076,1505,0.1388
427,1072,1499,0.1388
423,1085,1508,0.1388
424,1085,1509,0.1388
427,1087,1514,0.1388
424,1094,1518,0.1388
428,1096,1524,0.1388
422,1088,1510,0.1388
421,1095,1516,0.1388
421,1083,1504,0.1388
425,1093,1518,0.1388
425,1092,1517,0.1388
423,1100,1523,0.1388
420,1105,1525,0.1388
420,1098,1518,0.1388
424,1097,1521,0.1388
423,1087,1510,0.1388
428,1076,1504,0.1388
427,1082,1509,0.1388
420,1077,1497,0.1388
422,1077,1499,0.1388
421,1074,1495,0.1388
426,1085,1511,0.1388
426,1080,1506,0.1388
426,1092,1518,0.1388
420,1103,1523,0.1388
419,1100,1519,0.1388
413,1088,1501,0.1388
414,1094,1508,0.1388
412,1098,1510,0.1388
405,1109,1514,0.1388
409,1114,1523,0.1388
411,1116,1527,0.1388
416,1105,1521,0.1388
414,1093,1507,0.1388
413,1092,1505,0.1388
410,1100,1510,0.1388
417,1096,1513,0.1388
417,1091,1508,0.1388
414,1099,1513,0.1388
412,1094,1506,0.1388
410,1094,1504,0.1388
412,1094,1506,0.1388
411,1099,1510,0.1388
408,1089,1497,0.1388
406,1083,1489,0.1388
402,1083,1485,0.1388
396,1102,1498,0.1388
399,1102,1501,0.1388
406,1102,1508,0.1388
408,1099,1507,0.1388
408,1098,1506,0.1388
405,1092,1497,0.1388
403,1093,1496,0.1388
403,1103,1506,0.1388
394,1103,1497,0.1388
401,1103,1504,0.1388
399,1097,1496,0.1388
397,1108,1505,0.1388
397,1112,1509,0.1388
397,1108,1505,0.1388
397,1105,1502,0.1388
396,1115,1511,0.1388
397,1111,1508,0.1388
407,1106,1513,0.1388
403,1112,1515,0.1388
399,1101,1500,0.1388
401,1112,1513,0.1388
400,1095,1495,0.1388
408,1095,1503,0.1388
406,1092,1498,0.1388
409,1103,1512,0.1388
403,1107,1510,0.1388
397,1102,1499,0.1388
410,1097,1507,0.1388
418,1096,1514,0.1388
410,1091,1501,0.1388
403,1096,1499,0.1388
409,1101,1510,0.1388
401,1112,1513,0.1388
391,1115,1506,0.1388
390,1119,1509,0.1388
388,1108,1496,0.1388
394,1118,1512,0.1388
393,1114,1507,0.1388
392,1118,1510,0.1388
394,1118,1512,0.1388
387,1126,1513,0.1388
394,1115,1509,0.1388
392,1110,1502,0.1388
392,1117,1509,0.1388
397,1118,1515,0.1388
394,1124,1518,0.1388
400,1120,1520,0.1388
405,1122,1527,0.1388
403,1112,1515,0.1388
394,1101,1495,0.1388
395,1103,1498,0.1388
388,1106,1494,0.1388
390,1104,1494,0.1388
396,1117,1513,0.1388
397,1117,1514,0.1388
395,1113,1508,0.1388
394,1111,1505,0.1388
401,1107,1508,0.1388
398,1111,1509,0.1388
400,1114,1514,0.1388
400,1105,1505,0.1388
403,1111,1514,0.1388
403,1112,1515,0.1388
400,1117,1517,0.1388
400,1115,1515,0.1388
399,1109,1508,0.1388
400,1114,1514,0.1388
397,1113,1510,0.1388
398,1125,1523,0.1388
397,1128,1525,0.1388
399,1128,1527,0.1388
400,1112,1512,0.1388
398,1099,1497,0.1388
403,1107,1510,0.1388
401,1116,1517,0.1388
401,1112,1513,0.1388
400,1122,1522,0.1388
399,1121,1520,0.1388
392,1118,1510,0.1388
398,1112,1510,0.1388
395,1119,1514,0.1388
393,1118,1511,0.1388
394,1121,1515,0.1388
395,1116,1511,0.1388
395,1121,1516,0.1388
394,1120,1514,0.1388
389,1125,1514,0.1388
387,1126,1513,0.1388
387,1124,1511,0.1388
390,1117,1507,0.1388
377,1121,1498,0.1388
384,1120,1504,0.1388
390,1112,1502,0.1388
390,1126,1516,0.1388
384,1141,1525,0.1388
387,1132,1519,0.1388
385,1116,1501,0.1388
380,1132,1512,0.1388
381,1127,1508,0.1388
375,1130,1505,0.1388
371,1127,1498,0.1388
381,1129,1510,0.1388
382,1130,1512,0.1388
390,1128,1518,0.1388
384,1120,1504,0.1388
385,1120,1505,0.1388
390,1124,1514,0.1388
386,1129,1515,0.1388
378,1120,1498,0.1388
380,1130,1510,0.1388
376,1127,1503,0.1388
377,1125,1502,0.1388
378,1129,1507,0.1388
379,1116,1495,0.1388
379,1122,1501,0.1388
384,1133,1517,0.1388
384,1129,1513,0.1388
387,1135,1522,0.1388
378,1132,1510,0.1388
372,1121,1493,0.1388
374,1126,1500,0.1388
378,1130,1508,0.1388
375,1122,1497,0.1388
381,1121,1502,0.1388
382,1127,1509,0.1388
381,1134,1515,0.1388
381,1124,1505,0.1388
375,1130,1505,0.1388
378,1130,1508,0.1388
378,1135,1513,0.1388
372,1139,1511,0.1388
376,1138,1514,0.1388
384,1130,1514,0.1388
382,1128,1510,0.1388
373,1126,1499,0.1388
372,1132,1504,0.1388
374,1135,1509,0.1388
376,1135,1511,0.1388
366,1137,1503,0.1388
359,1128,1487,0.1388
360,1139,1499,0.1388
359,1149,1508,0.1388
354,1145,1499,0.1388
352,1139,1491,0.1388
357,1144,1501,0.1388
353,1143,1496,0.1388
363,1135,1498,0.1388
359,1142,1501,0.1388
358,1139,1497,0.1388
361,1147,1508,0.1388
359,1151,1510,0.1388
365,1147,1512,0.1388
365,1158,1523,0.1388
367,1149,1516,0.1388
363,1140,1503,0.1388
362,1151,1513,0.1388
366,1155,1521,0.1388
363,1155,1518,0.1388
364,1160,1524,0.1388
365,1156,1521,0.1388
369,1154,1523,0.1388
369,1157,1526,0.1388
366,1150,1516,0.1388
360,1146,1506,0.1388
355,1145,1500,0.1388
353,1148,1501,0.1388
354,1155,1509,0.1388
363,1156,1519,0.1388
357,1144,1501,0.1388
360,1144,1504,0.1388
361,1152,1513,0.1388
363,1155,1518,0.1388
363,1158,1521,0.1388
358,1161,1519,0.1388
361,1169,1530,0.1388
358,1163,1521,0.1388
360,1162,1522,0.1388
359,1162,1521,0.1388
363,1156,1519,0.1388
358,1153,1511,0.1388
354,1151,1505,0.1388
352,1156,1508,0.1388
351,1156,1507,0.1388
353,1159,1512,0.1388
349,1169,1518,0.1388
347,1169,1516,0.1388
352,1164,1516,0.1388
354,1159,1513,0.1388
349,1153,1502,0.1388
351,1165,1516,0.1388
349,1163,1512,0.1388
346,1161,1507,0.1388
348,1161,1509,0.1388
343,1170,1513,0.1388
340,1180,1520,0.1388
345,1186,1531,0.1388
342,1176,1518,0.1388
347,1165,1512,0.1388
351,1173,1524,0.1388
347,1170,1517,0.1388
352,1165,1517,0.1388
351,1159,1510,0.1388
349,1161,1510,0.1388
341,1151,1492,0.1388
336,1159,1495,0.1388
340,1147,1487,0.1388
344,1146,1490,0.1388
344,1159,1503,0.1388
346,1160,1506,0.1388
343,1155,1498,0.1388
345,1151,1496,0.1388
342,1158,1500,0.1388
344,1153,1497,0.1388
344,1157,1501,0.1388
340,1151,1491,0.1388
344,1156,1500,0.1388
338,1158,1496,0.1388
341,1167,1508,0.1388
342,1164,1506,0.1388
339,1175,1514,0.1388
342,1172,1514,0.1388
335,1172,1507,0.1388
339,1160,1499,0.1388
336,1166,1502,0.1388
335,1169,1504,0.1388
334,1180,1514,0.1388
333,1184,1517,0.1388
331,1180,1511,0.1388
330,1173,1503,0.1388
335,1178,1513,0.1388
331,1181,1512,0.1388
333,1175,1508,0.1388
325,1184,1509,0.1388
328,1180,1508,0.1388
328,1180,1508,0.1388
327,1177,1504,0.1388
325,1188,1513,0.1388
321,1187,1508,0.1388
315,1198,1513,0.1388
321,1195,1516,0.1388
320,1185,1505,0.1388
321,1183,1504,0.1388
325,1203,1528,0.1388
328,1185,1513,0.1388
321,1184,1505,0.1388
322,1183,1505,0.1388
311,1185,1496,0.1388
316,1178,1494,0.1388
323,1182,1505,0.1388
323,1176,1499,0.1388
324,1177,1501,0.1388
314,1183,1497,0.1388
321,1189,1510,0.1388
320,1189,1509,0.1388
319,1187,1506,0.1388
325,1189,1514,0.1388
331,1194,1525,0.1388
332,1197,1529,0.1388
330,1201,1531,0.1388
334,1201,1535,0.1388
327,1194,1521,0.1388
328,1190,1518,0.1388
327,1184,1511,0.1388
324,1187,1511,0.1388
324,1174,1498,0.1388
323,1177,1500,0.1388
320,1190,1510,0.1388
318,1184,1502,0.1388
323,1200,1523,0.1388
323,1194,1517,0.1388
325,1201,1526,0.1388
324,1195,1519,0.1388
321,1187,1508,0.1388
322,1197,1519,0.1388
329,1180,1509,0.1388
330,1188,1518,0.1388
335,1187,1522,0.1388
335,1178,1513,0.1388
333,1186,1519,0.1388
333,1186,1519,0.1388
331,1191,1522,0.1388
331,1189,1520,0.1388
325,1179,1504,0.1388
320,1185,1505,0.1388
321,1181,1502,0.1388
326,1175,1501,0.1388
324,1178,1502,0.1388
317,1185,1502,0.1388
312,1195,1507,0.1388
309,1198,1507,0.1388
316,1197,1513,0.1388
319,1201,1520,0.1388
317,1186,1503,0.1388
312,1193,1505,0.1388
318,1199,1517,0.1388
323,1196,1519,0.1388
323,1187,1510,0.1388
321,1204,1525,0.1388
317,1204,1521,0.1388
314,1199,1513,0.1388
312,1206,1518,0.1388
307,1201,1508,0.1388
309,1207,1516,0.1388
312,1205,1517,0.1388
308,1203,1511,0.1388
309,1198,1507,0.1388
306,1203,1509,0.1388
305,1197,1502,0.1388
306,1191,1497,0.1388
307,1206,1513,0.1388
307,1200,1507,0.1388
314,1208,1522,0.1388
312,1205,1517,0.1388
314,1196,1510,0.1388
308,1207,1515,0.1388
309,1207,1516,0.1388
307,1212,1519,0.1388
311,1215,1526,0.1388
306,1217,1523,0.1388
314,1218,1532,0.1388
318,1205,1523,0.1388
318,1211,1529,0.1388
315,1203,1518,0.1388
311,1202,1513,0.1388
309,1213,1522,0.1388
306,1208,1514,0.1388
313,1208,1521,0.1388
313,1207,1520,0.1388
314,1197,1511,0.1388
306,1206,1512,0.1388
303,1204,1507,0.1388
300,1207,1507,0.1388
294,1218,1512,0.1388
292,1211,1503,0.1388
293,1197,1490,0.1388
299,1191,1490,0.1388
308,1207,1515,0.1388
309,1208,1517,0.1388
305,1214,1519,0.1388
306,1213,1519,0.1388
299,1218,1517,0.1388
299,1223,1522,0.1388
304,1223,1527,0.1388
305,1211,1516,0.1388
298,1216,1514,0.1388
292,1210,1502,0.1388
299,1214,1513,0.1388
297,1220,1517,0.1388
295,1209,1504,0.1388
293,1198,1491,0.1388
293,1196,1489,0.1388
299,1206,1505,0.1388
300,1211,1511,0.1388
299,1214,1513,0.1388
296,1224,1520,0.1388
297,1218,1515,0.1388
299,1227,1526,0.1388
298,1212,1510,0.1388
294,1222,1516,0.1388
294,1220,1514,0.1388
291,1227,1518,0.1388
297,1228,1525,0.1388
299,1230,1529,0.1388
293,1236,1529,0.1388
289,1225,1514,0.1388
281,1221,1502,0.1388
281,1232,1513,0.1388
282,1230,1512,0.1388
276,1232,1508,0.1388
278,1247,1525,0.1388
275,1240,1515,0.1388
274,1244,1518,0.1388
274,1253,1527,0.1388
272,1239,1511,0.1388
272,1245,1517,0.1388
277,1251,1528,0.1388
272,1242,1514,0.1388
279,1248,1527,0.1388
282,1243,1525,0.1388
284,1242,1526,0.1388
282,1231,1513,0.1388
280,1251,1531,0.1388
270,1238,1508,0.1388
268,1255,1523,0.1388
267,1255,1522,0.1388
268,1266,1534,0.1388
265,1261,1526,0.1388
265,1250,1515,0.1388
260,1244,1504,0.1388
261,1258,1519,0.1388
259,1249,1508,0.1388
262,1266,1528,0.1388
260,1261,1521,0.1388
257,1257,1514,0.1388
253,1261,1514,0.1388
260,1262,1522,0.1388
255,1249,1504,0.1388
258,1255,1513,0.1388
263,1253,1516,0.1388
263,1256,1519,0.1388
258,1254,1512,0.1388
256,1266,1522,0.1388
254,1269,1523,0.1388
255,1265,1520,0.1388
256,1264,1520,0.1388
258,1257,1515,0.1388
257,1247,1504,0.1388
259,1249,1508,0.1388
260,1266,1526,0.1388
262,1266,1528,0.1388
259,1273,1532,0.1388
264,1259,1523,0.1388
265,1250,1515,0.1388
255,1247,1502,0.1388
262,1253,1515,0.1388
261,1261,1522,0.1388
260,1262,1522,0.1388
257,1255,1512,0.1388
255,1249,1504,0.1388
255,1260,1515,0.1388
252,1254,1506,0.1388
253,1255,1508,0.1388
251,1257,1508,0.1388
244,1255,1499,0.1388
240,1245,1485,0.1388
243,1250,1493,0.1388
247,1269,1516,0.1388
248,1272,1520,0.1388
252,1268,1520,0.1388
245,1256,1501,0.1388
247,1256,1503,0.1388
249,1262,1511,0.1388
246,1266,1512,0.1388
249,1265,1514,0.1388
246,1273,1519,0.1388
243,1273,1516,0.1388
241,1286,1527,0.1388
249,1280,1529,0.1388
247,1281,1528,0.1388
248,1282,1530,0.1388
244,1285,1529,0.1388
240,1282,1522,0.1388
240,1272,1512,0.1388
237,1263,1500,0.1388
236,1258,1494,0.1388
237,1264,1501,0.1388
239,1260,1499,0.1388
239,1272,1511,0.1388
233,1260,1493,0.1388
229,1261,1490,0.1388
232,1277,1509,0.1388
237,1266,1503,0.1388
239,1257,1496,0.1388
235,1262,1497,0.1388
237,1265,1502,0.1388
232,1270,1502,0.1388
237,1268,1505,0.1388
241,1272,1513,0.1388
240,1262,1502,0.1388
238,1269,1507,0.1388
236,1277,1513,0.1388
240,1279,1519,0.1388
239,1274,1513,0.1388
239,1280,1519,0.1388
234,1288,1522,0.1388
233,1287,1520,0.1388
233,1282,1515,0.1388
230,1276,1506,0.1388
226,1272,1498,0.1388
222,1293,1515,0.1388
220,1294,1514,0.1388
216,1285,1501,0.1388
204,1294,1498,0.1388
205,1292,1497,0.1388
207,1301,1508,0.1388
210,1315,1525,0.1388
208,1306,1514,0.1388
204,1296,1500,0.1388
209,1307,1516,0.1388
208,1310,1518,0.1388
211,1306,1517,0.1388
209,1316,1525,0.1388
207,1309,1516,0.1388
214,1303,1517,0.1388
218,1313,1531,0.1388
214,1315,1529,0.1388
215,1302,1517,0.1388
214,1294,1508,0.1388
215,1297,1512,0.1388
219,1304,1523,0.1388
215,1303,1518,0.1388
217,1308,1525,0.1388
213,1307,1520,0.1388
211,1308,1519,0.1388
209,1300,1509,0.1388
210,1293,1503,0.1388
211,1302,1513,0.1388
205,1300,1505,0.1388
207,1293,1500,0.1388
210,1304,1514,0.1388
208,1301,1509,0.1388
206,1304,1510,0.1388
201,1285,1486,0.1388
201,1299,1500,0.1388
206,1304,1510,0.1388
199,1304,1503,0.1388
201,1308,1509,0.1388
198,1310,1508,0.1388
192,1319,1511,0.1388
191,1314,1505,0.1388
188,1320,1508,0.1388
192,1332,1524,0.1388
188,1338,1526,0.1388
181,1341,1522,0.1388
186,1345,1531,0.1388
187,1343,1530,0.1388
188,1343,1531,0.1388
183,1338,1521,0.1388
180,1341,1521,0.1388
184,1334,1518,0.1388
181,1313,1494,0.1388
179,1322,1501,0.1388
182,1327,1509,0.1388
175,1323,1498,0.1388
175,1329,1504,0.1388
178,1314,1492,0.1388
177,1323,1500,0.1388
177,1334,1511,0.1388
180,1328,1508,0.1388
176,1326,1502,0.1388
171,1327,1498,0.1388
169,1331,1500,0.1388
169,1334,1503,0.1388
166,1344,1510,0.1388
166,1355,1521,0.1388
167,1351,1518,0.1388
169,1351,1520,0.1388
167,1350,1517,0.1388
165,1351,1516,0.1388
168,1362,1530,0.1388
171,1361,1532,0.1388
169,1359,1528,0.1388
168,1358,1526,0.1388
162,1352,1514,0.1388
162,1351,1513,0.1388
163,1352,1515,0.1388
159,1355,1514,0.1388
161,1352,1513,0.1388
165,1352,1517,0.1388
165,1343,1508,0.1388
166,1331,1497,0.1388
163,1349,1512,0.1388
164,1359,1523,0.1388
168,1355,1523,0.1388
169,1348,1517,0.1388
171,1354,1525,0.1388
168,1354,1522,0.1388
170,1351,1521,0.1388
168,1357,1525,0.1388
170,1349,1519,0.1388
163,1349,1512,0.1388
164,1362,1526,0.1388
161,1370,1531,0.1388
160,1363,1523,0.1388
154,1361,1515,0.1388
158,1361,1519,0.1388
155,1353,1508,0.1388
154,1345,1499,0.1388
156,1352,1508,0.1388
154,1355,1509,0.1388
155,1361,1516,0.1388
161,1355,1516,0.1388
162,1350,1512,0.1388
164,1345,1509,0.1388
163,1349,1512,0.1388
162,1333,1495,0.1388
159,1351,1510,0.1388
156,1371,1527,0.1388
156,1358,1514,0.1388
154,1350,1504,0.1388
155,1357,1512,0.1388
155,1352,1507,0.1388
156,1360,1516,0.1388
160,1361,1521,0.1388
162,1351,1513,0.1388
155,1361,1516,0.1388
156,1355,1511,0.1388
153,1360,1513,0.1388
153,1367,1520,0.1388
152,1369,1521,0.1388
155,1367,1522,0.1388
150,1349,1499,0.1388
147,1351,1498,0.1388
149,1359,1508,0.1388
151,1359,1510,0.1388
146,1375,1521,0.1388
148,1373,1521,0.1388
148,1373,1521,0.1388
148,1364,1512,0.1388
149,1369,1518,0.1388
146,1358,1504,0.1388
145,1358,1503,0.1388
143,1358,1501,0.1388
144,1371,1515,0.1388
143,1357,1500,0.1388
141,1369,1510,0.1388
137,1372,1509,0.1388
138,1370,1508,0.1388
136,1377,1513,0.1388
135,1372,1507,0.1388
137,1380,1517,0.1388
135,1370,1505,0.1388
134,1383,1517,0.1388
133,1375,1508,0.1388
136,1374,1510,0.1388
137,1375,1512,0.1388
142,1368,1510,0.1388
142,1367,1509,0.1388
143,1366,1509,0.1388
140,1386,1526,0.1388
138,1386,1524,0.1388
139,1384,1523,0.1388
140,1372,1512,0.1388
139,1370,1509,0.1388
139,1371,1510,0.1388
143,1379,1522,0.1388
141,1382,1523,0.1388
141,1373,1514,0.1388
142,1368,1510,0.1388
143,1378,1521,0.1388
141,1394,1535,0.1388
140,1388,1528,0.1388
140,1377,1517,0.1388
141,1386,1527,0.1388
138,1383,1521,0.1388
137,1382,1519,0.1388
136,1382,1518,0.1388
136,1391,1527,0.1388
133,1392,1525,0.1388
133,1388,1521,0.1388
133,1393,1526,0.1388
130,1401,1531,0.1388
130,1398,1528,0.1388
129,1393,1522,0.1388
130,1394,1524,0.1388
127,1395,1522,0.1388
126,1395,1521,0.1388
124,1389,1513,0.1388
123,1396,1519,0.1388
125,1401,1526,0.1388
127,1390,1517,0.1388
127,1384,1511,0.1388
125,1390,1515,0.1388
122,1393,1515,0.1388
125,1393,1518,0.1388
125,1394,1519,0.1388
123,1398,1521,0.1388
123,1394,1517,0.1388
119,1399,1518,0.1388
117,1400,1517,0.1388
119,1390,1509,0.1388
118,1391,1509,0.1388
119,1397,1516,0.1388
114,1392,1506,0.1388
118,1394,1512,0.1388
116,1390,1506,0.1388
113,1395,1508,0.1388
114,1387,1501,0.1388
118,1402,1520,0.1388
116,1396,1512,0.1388
112,1397,1509,0.1388
113,1397,1510,0.1388
111,1406,1517,0.1388
108,1394,1502,0.1388
111,1404,1515,0.1388
109,1399,1508,0.1388
109,1395,1504,0.1388
111,1405,1516,0.1388
115,1390,1505,0.1388
114,1395,1509,0.1388
115,1397,1512,0.1388
112,1402,1514,0.1388
110,1411,1521,0.1388
112,1408,1520,0.1388
111,1412,1523,0.1388
110,1408,1518,0.1388
113,1405,1518,0.1388
113,1405,1518,0.1388
111,1400,1511,0.1388
110,1403,1513,0.1388
110,1399,1509,0.1388
109,1406,1515,0.1388
109,1408,1517,0.1388
109,1421,1530,0.1388
109,1408,1517,0.1388
105,1401,1506,0.1388
103,1410,1513,0.1388
104,1422,1526,0.1388
107,1422,1529,0.1388
105,1434,1539,0.1388
106,1424,1530,0.1388
105,1425,1530,0.1388
104,1419,1523,0.1388
108,1417,1525,0.1388
108,1420,1528,0.1388
111,1418,1529,0.1388
109,1429,1538,0.1388
108,1426,1534,0.1388
105,1424,1529,0.1388
105,1423,1528,0.1388
103,1434,1537,0.1388
105,1424,1529,0.1388
102,1423,1525,0.1388
106,1408,1514,0.1388
102,1402,1504,0.1388
103,1391,1494,0.1388
103,1399,1502,0.1388
105,1395,1500,0.1388
102,1407,1509,0.1388
104,1406,1510,0.1388
103,1403,1506,0.1388
102,1399,1501,0.1388
104,1411,1515,0.1388
102,1408,1510,0.1388
103,1419,1522,0.1388
107,1410,1517,0.1388
105,1417,1522,0.1388
106,1410,1516,0.1388
105,1395,1500,0.1388
102,1391,1493,0.1388
103,1401,1504,0.1388
103,1404,1507,0.1388
106,1410,1516,0.1388
107,1395,1502,0.1388
110,1393,1503,0.1388
105,1395,1500,0.1388
105,1413,1518,0.1388
101,1401,1502,0.1388
100,1407,1507,0.1388
96,1412,1508,0.1388
93,1403,1496,0.1388
94,1409,1503,0.1388
95,1404,1499,0.1388
97,1410,1507,0.1388
95,1414,1509,0.1388
98,1416,1514,0.1388
101,1421,1522,0.1388
100,1421,1521,0.1388
106,1413,1519,0.1388
103,1411,1514,0.1388
106,1422,1528,0.1388
105,1418,1523,0.1388
105,1407,1512,0.1388
105,1393,1498,0.1388
105,1397,1502,0.1388
104,1404,1508,0.1388
104,1412,1516,0.1388
108,1411,1519,0.1388
104,1415,1519,0.1388
102,1409,1511,0.1388
104,1403,1507,0.1388
106,1402,1508,0.1388
104,1395,1499,0.1388
103,1411,1514,0.1388
101,1417,1518,0.1388
103,1404,1507,0.1388
99,1415,1514,0.1388
101,1420,1521,0.1388
98,1410,1508,0.1388
98,1399,1497,0.1388
100,1404,1504,0.1388
102,1409,1511,0.1388
99,1400,1499,0.1388
101,1399,1500,0.1388
100,1410,1510,0.1388
93,1405,1498,0.1388
94,1405,1499,0.1388
95,1424,1519,0.1388
97,1414,1511,0.1388
97,1417,1514,0.1388
97,1404,1501,0.1388
98,1412,1510,0.1388
98,1410,1508,0.1388
102,1412,1514,0.1388
105,1412,1517,0.1388
107,1410,1517,0.1388
107,1413,1520,0.1388
111,1405,1516,0.1388
109,1398,1507,0.1388
112,1413,1525,0.1388
114,1406,1520,0.1388
114,1399,1513,0.1388
113,1408,1521,0.1388
113,1404,1517,0.1388
111,1408,1519,0.1388
111,1408,1519,0.1388
112,1409,1521,0.1388
113,1404,1517,0.1388
114,1388,1502,0.1388
113,1389,1502,0.1388
111,1394,1505,0.1388
111,1408,1519,0.1388
109,1402,1511,0.1388
107,1396,1503,0.1388
104,1397,1501,0.1388
106,1412,1518,0.1388
105,1415,1520,0.1388
99,1417,1516,0.1388
100,1415,1515,0.1388
100,1426,1526,0.1388
93,1420,1513,0.1388
97,1431,1528,0.1388
94,1422,1516,0.1388
94,1438,1532,0.1388
91,1428,1519,0.1388
91,1427,1518,0.1388
95,1431,1526,0.1388
93,1423,1516,0.1388
94,1427,1521,0.1388
92,1428,1520,0.1388
90,1428,1518,0.1388
92,1411,1503,0.1388
90,1424,1514,0.1388
95,1417,1512,0.1388
93,1415,1508,0.1388
96,1411,1507,0.1388
96,1407,1503,0.1388
95,1404,1499,0.1388
93,1418,1511,0.1388
90,1429,1519,0.1388
89,1430,1519,0.1388
93,1427,1520,0.1388
91,1420,1511,0.1388
90,1417,1507,0.1388
85,1424,1509,0.1388
89,1421,1510,0.1388
92,1422,1514,0.1388
89,1422,1511,0.1388
88,1420,1508,0.1388
87,1436,1523,0.1388
88,1436,1524,0.1388
86,1423,1509,0.1388
86,1435,1521,0.1388
87,1433,1520,0.1388
85,1429,1514,0.1388
85,1429,1514,0.1388
83,1430,1513,0.1388
80,1453,1533,0.1388
80,1439,1519,0.1388
78,1439,1517,0.1388
78,1438,1516,0.1388
80,1447,1527,0.1388
81,1449,1530,0.1388
81,1451,1532,0.1388
82,1438,1520,0.1388
81,1439,1520,0.1388
80,1441,1521,0.1388
77,1443,1520,0.1388
78,1450,1528,0.1388
78,1447,1525,0.1388
76,1432,1508,0.1388
72,1437,1509,0.1388
72,1437,1509,0.1388
71,1429,1500,0.1388
75,1435,1510,0.1388
77,1442,1519,0.1388
77,1441,1518,0.1388
77,1454,1531,0.1388
79,1460,1539,0.1388
76,1442,1518,0.1388
74,1438,1512,0.1388
75,1439,1514,0.1388
74,1440,1514,0.1388
75,1438,1513,0.1388
76,1433,1509,0.1388
78,1426,1504,0.1388
75,1423,1498,0.1388
74,1423,1497,0.1388
75,1433,1508,0.1388
71,1443,1514,0.1388
72,1444,1516,0.1388
72,1452,1524,0.1388
73,1450,1523,0.1388
69,1442,1511,0.1388
70,1448,1518,0.1388
71,1446,1517,0.1388
70,1447,1517,0.1388
70,1450,1520,0.1388
69,1461,1530,0.1388
70,1458,1528,0.1388
68,1449,1517,0.1388
68,1451,1519,0.1388
68,1443,1511,0.1388
68,1450,1518,0.1388
67,1446,1513,0.1388
69,1435,1504,0.1388
73,1439,1512,0.1388
73,1435,1508,0.1388
73,1437,1510,0.1388
74,1428,1502,0.1388
72,1428,1500,0.1388
72,1438,1510,0.1388
70,1434,1504,0.1388
72,1435,1507,0.1388
70,1446,1516,0.1388
66,1446,1512,0.1388
64,1449,1513,0.1388
67,1444,1511,0.1388
70,1435,1505,0.1388
68,1446,1514,0.1388
68,1444,1512,0.1388
66,1452,1518,0.1388
66,1461,1527,0.1388
66,1460,1526,0.1388
66,1461,1527,0.1388
66,1454,1520,0.1388
67,1450,1517,0.1388
68,1455,1523,0.1388
68,1457,1525,0.1388
66,1452,1518,0.1388
67,1448,1515,0.1388
68,1449,1517,0.1388
71,1444,1515,0.1388
69,1449,1518,0.1388
69,1451,1520,0.1388
70,1454,1524,0.1388
71,1454,1525,0.1388
70,1448,1518,0.1388
71,1452,1523,0.1388
74,1448,1522,0.1388
75,1452,1527,0.1388
76,1443,1519,0.1388
73,1453,1526,0.1388
71,1462,1533,0.1388
71,1451,1522,0.1388
70,1446,1516,0.1388
70,1453,1523,0.1388
68,1454,1522,0.1388
68,1451,1519,0.1388
68,1454,1522,0.1388
67,1455,1522,0.1388
67,1465,1532,0.1388
68,1457,1525,0.1388
67,1464,1531,0.1388
67,1461,1528,0.1388
67,1463,1530,0.1388
66,1458,1524,0.1388
68,1449,1517,0.1388
69,1453,1522,0.1388
67,1460,1527,0.1388
67,1455,1522,0.1388
69,1448,1517,0.1388
69,1437,1506,0.1388
68,1435,1503,0.1388
68,1439,1507,0.1388
69,1427,1496,0.1388
68,1431,1499,0.1388
68,1435,1503,0.1388
66,1434,1500,0.1388
65,1431,1496,0.1388
65,1462,1527,0.1388
66,1460,1526,0.1388
68,1457,1525,0.1388
67,1449,1516,0.1388
70,1445,1515,0.1388
72,1445,1517,0.1388
68,1442,1510,0.1388
71,1449,1520,0.1388
72,1452,1524,0.1388
67,1456,1523,0.1388
69,1455,1524,0.1388
68,1447,1515,0.1388
66,1450,1516,0.1388
69,1452,1521,0.1388
69,1441,1510,0.1388
70,1433,1503,0.1388
68,1433,1501,0.1388
71,1443,1514,0.1388
71,1440,1511,0.1388
69,1443,1512,0.1388
69,1443,1512,0.1388
70,1445,1515,0.1388
68,1443,1511,0.1388
64,1434,1498,0.1388
61,1459,1520,0.1388
64,1447,1511,0.1388
64,1435,1499,0.1388
65,1451,1516,0.1388
63,1449,1512,0.1388
63,1439,1502,0.1388
63,1436,1499,0.1388
60,1443,1503,0.1388
61,1452,1513,0.1388
60,1461,1521,0.1388
57,1458,1515,0.1388
58,1455,1513,0.1388
60,1451,1511,0.1388
62,1445,1507,0.1388
60,1438,1498,0.1388
59,1439,1498,0.1388
59,1447,1506,0.1388
63,1455,1518,0.1388
64,1454,1518,0.1388
62,1446,1508,0.1388
60,1452,1512,0.1388
60,1449,1509,0.1388
59,1449,1508,0.1388
56,1444,1500,0.1388
57,1458,1515,0.1388
57,1456,1513,0.1388
57,1449,1506,0.1388
58,1458,1516,0.1388
55,1463,1518,0.1388
56,1467,1523,0.1388
53,1479,1532,0.1388
49,1475,1524,0.1388
49,1475,1524,0.1388
48,1471,1519,0.1388
48,1472,1520,0.1388
48,1466,1514,0.1388
46,1469,1515,0.1388
46,1451,1497,0.1388
46,1457,1503,0.1388
46,1458,1504,0.1388
48,1460,1508,0.1388
50,1453,1503,0.1388
48,1463,1511,0.1388
49,1455,1504,0.1388
47,1469,1516,0.1388
46,1478,1524,0.1388
46,1471,1517,0.1388
47,1476,1523,0.1388
46,1481,1527,0.1388
46,1471,1517,0.1388
45,1465,1510,0.1388
44,1472,1516,0.1388
44,1474,1518,0.1388
44,1481,1525,0.1388
43,1482,1525,0.1388
43,1479,1522,0.1388
43,1481,1524,0.1388
43,1481,1524,0.1388
46,1473,1519,0.1388
46,1479,1525,0.1388
44,1467,1511,0.1388
40,1463,1503,0.1388
40,1467,1507,0.1388
41,1467,1508,0.1388
42,1485,1527,0.1388
43,1469,1512,0.1388
41,1478,1519,0.1388
39,1464,1503,0.1388
38,1474,1512,0.1388
38,1474,1512,0.1388
37,1481,1518,0.1388
37,1487,1524,0.1388
34,1487,1521,0.1388
32,1480,1512,0.1388
32,1467,1499,0.1388
31,1476,1507,0.1388
34,1484,1518,0.1388
35,1493,1528,0.1388
36,1488,1524,0.1388
37,1493,1530,0.1388
40,1487,1527,0.1388
37,1483,1520,0.1388
38,1476,1514,0.1388
38,1473,1511,0.1388
38,1475,1513,0.1388
37,1471,1508,0.1388
37,1477,1514,0.1388
37,1487,1524,0.1388
33,1481,1514,0.1388
34,1492,1526,0.1388
31,1485,1516,0.1388
31,1479,1510,0.1388
27,1491,1518,0.1388
27,1486,1513,0.1388
27,1486,1513,0.1388
28,1490,1518,0.1388
29,1480,1509,0.1388
29,1481,1510,0.1388
28,1489,1517,0.1388
27,1496,1523,0.1388
28,1491,1519,0.1388
28,1490,1518,0.1388
27,1482,1509,0.1388
27,1488,1515,0.1388
27,1487,1514,0.1388
27,1485,1512,0.1388
27,1493,1520,0.1388
28,1501,1529,0.1388
27,1499,1526,0.1388
28,1486,1514,0.1388
28,1478,1506,0.1388
29,1478,1507,0.1388
30,1480,1510,0.1388
30,1478,1508,0.1388
30,1475,1505,0.1388
30,1490,1520,0.1388
31,1492,1523,0.1388
31,1476,1507,0.1388
28,1475,1503,0.1388
28,1493,1521,0.1388
26,1488,1514,0.1388
26,1485,1511,0.1388
26,1491,1517,0.1388
26,1478,1504,0.1388
26,1491,1517,0.1388
26,1489,1515,0.1388
27,1470,1497,0.1388
27,1477,1504,0.1388
27,1490,1517,0.1388
28,1498,1526,0.1388
29,1486,1515,0.1388
30,1491,1521,0.1388
29,1497,1526,0.1388
29,1504,1533,0.1388
28,1497,1525,0.1388
29,1497,1526,0.1388
29,1482,1511,0.1388
31,1497,1528,0.1388
32,1498,1530,0.1388
30,1493,1523,0.1388
30,1493,1523,0.1388
28,1491,1519,0.1388
29,1501,1530,0.1388
26,1489,1515,0.1388
28,1485,1513,0.1388
29,1490,1519,0.1388
28,1489,1517,0.1388
30,1487,1517,0.1388
30,1481,1511,0.1388
28,1484,1512,0.1388
29,1471,1500,0.1388
30,1471,1501,0.1388
29,1479,1508,0.1388
29,1485,1514,0.1388
29,1480,1509,0.1388
28,1477,1505,0.1388
27,1480,1507,0.1388
27,1486,1513,0.1388
28,1490,1518,0.1388
29,1495,1524,0.1388
30,1487,1517,0.1388
29,1490,1519,0.1388
30,1480,1510,0.1388
30,1486,1516,0.1388
30,1491,1521,0.1388
30,1486,1516,0.1388
30,1463,1493,0.1388
29,1474,1503,0.1388
29,1472,1501,0.1388
29,1472,1501,0.1388
31,1479,1510,0.1388
29,1483,1512,0.1388
29,1488,1517,0.1388
29,1488,1517,0.1388
29,1494,1523,0.1388
29,1483,1512,0.1388
28,1479,1507,0.1388
28,1487,1515,0.1388
29,1489,1518,0.1388
29,1505,1534,0.1388
28,1504,1532,0.1388
26,1492,1518,0.1388
30,1488,1518,0.1388
29,1486,1515,0.1388
30,1492,1522,0.1388
30,1497,1527,0.1388
28,1488,1516,0.1388
26,1487,1513,0.1388
25,1493,1518,0.1388
24,1485,1509,0.1388
24,1483,1507,0.1388
24,1486,1510,0.1388
26,1482,1508,0.1388
26,1485,1511,0.1388
26,1485,1511,0.1388
24,1493,1517,0.1388
24,1479,1503,0.1388
25,1475,1500,0.1388
25,1479,1504,0.1388
25,1480,1505,0.1388
25,1482,1507,0.1388
27,1474,1501,0.1388
28,1471,1499,0.1388
28,1484,1512,0.1388
27,1490,1517,0.1388
27,1492,1519,0.1388
26,1489,1515,0.1388
27,1487,1514,0.1388
28,1484,1512,0.1388
27,1488,1515,0.1388
27,1492,1519,0.1388
29,1506,1535,0.1388
28,1500,1528,0.1388
29,1489,1518,0.1388
29,1489,1518,0.1388
29,1497,1526,0.1388
27,1494,1521,0.1388
29,1499,1528,0.1388
30,1487,1517,0.1388
30,1498,1528,0.1388
28,1505,1533,0.1388
29,1496,1525,0.1388
30,1488,1518,0.1388
30,1506,1536,0.1388
31,1492,1523,0.1388
31,1488,1519,0.1388
32,1475,1507,0.1388
30,1482,1512,0.1388
30,1477,1507,0.1388
29,1485,1514,0.1388
29,1477,1506,0.1388
30,1484,1514,0.1388
27,1489,1516,0.1388
25,1489,1514,0.1388
25,1490,1515,0.1388
25,1486,1511,0.1388
25,1485,1510,0.1388
24,1494,1518,0.1388
24,1492,1516,0.1388
24,1493,1517,0.1388
22,1486,1508,0.1388
20,1479,1499,0.1388
22,1481,1503,0.1388
24,1490,1514,0.1388
24,1488,1512,0.1388
24,1505,1529,0.1388
23,1495,1518,0.1388
24,1496,1520,0.1388
25,1485,1510,0.1388
23,1486,1509,0.1388
23,1489,1512,0.1388
25,1500,1525,0.1388
25,1504,1529,0.1388
26,1500,1526,0.1388
27,1499,1526,0.1388
27,1485,1512,0.1388
27,1483,1510,0.1388
26,1491,1517,0.1388
26,1489,1515,0.1388
26,1477,1503,0.1388
27,1481,1508,0.1388
27,1481,1508,0.1388
25,1476,1501,0.1388
24,1470,1494,0.1388
24,1479,1503,0.1388
23,1488,1511,0.1388
23,1489,1512,0.1388
24,1491,1515,0.1388
24,1491,1515,0.1388
23,1491,1514,0.1388
23,1489,1512,0.1388
23,1484,1507,0.1388
23,1487,1510,0.1388
23,1481,1504,0.1388
22,1479,1501,0.1388
24,1470,1494,0.1388
23,1483,1506,0.1388
21,1486,1507,0.1388
22,1486,1508,0.1388
23,1488,1511,0.1388
21,1482,1503,0.1388
20,1486,1506,0.1388
20,1491,1511,0.1388
21,1481,1502,0.1388
19,1483,1502,0.1388
19,1485,1504,0.1388
21,1489,1510,0.1388
22,1494,1516,0.1388
20,1499,1519,0.1388
20,1497,1517,0.1388
20,1500,1520,0.1388
22,1495,1517,0.1388
22,1506,1528,0.1388
22,1497,1519,0.1388
22,1492,1514,0.1388
22,1499,1521,0.1388
21,1498,1519,0.1388
21,1493,1514,0.1388
20,1488,1508,0.1388
19,1493,1512,0.1388
19,1498,1517,0.1388
19,1509,1528,0.1388
19,1502,1521,0.1388
20,1491,1511,0.1388
19,1484,1503,0.1388
20,1489,1509,0.1388
20,1488,1508,0.1388
20,1484,1504,0.1388
21,1503,1524,0.1388
21,1511,1532,0.1388
19,1513,1532,0.1388
21,1508,1529,0.1388
20,1499,1519,0.1388
20,1517,1537,0.1388
21,1504,1525,0.1388
21,1501,1522,0.1388
20,1494,1514,0.1388
20,1485,1505,0.1388
20,1484,1504,0.1388
20,1489,1509,0.1388
19,1492,1511,0.1388
19,1494,1513,0.1388
19,1489,1508,0.1388
16,1495,1511,0.1388
15,1498,1513,0.1388
15,1487,1502,0.1388
16,1507,1523,0.1388
14,1499,1513,0.1388
14,1504,1518,0.1388
14,1504,1518,0.1388
14,1499,1513,0.1388
15,1496,1511,0.1388
14,1507,1521,0.1388
13,1504,1517,0.1388
14,1501,1515,0.1388
15,1497,1512,0.1388
15,1495,1510,0.1388
15,1497,1512,0.1388
15,1504,1519,0.1388
16,1504,1520,0.1388
15,1503,1518,0.1388
15,1493,1508,0.1388
13,1493,1506,0.1388
12,1500,1512,0.1388
13,1504,1517,0.1388
13,1518,1531,0.1388
13,1512,1525,0.1388
13,1498,1511,0.1388
13,1516,1529,0.1388
13,1512,1525,0.1388
14,1522,1536,0.1388
14,1522,1536,0.1388
11,1507,1518,0.1388
11,1501,1512,0.1388
12,1505,1517,0.1388
13,1508,1521,0.1388
13,1510,1523,0.1388
12,1509,1521,0.1388
13,1489,1502,0.1388
14,1496,1510,0.1388
15,1499,1514,0.1388
15,1508,1523,0.1388
14,1518,1532,0.1388
14,1511,1525,0.1388
13,1506,1519,0.1388
12,1499,1511,0.1388
13,1510,1523,0.1388
13,1513,1526,0.1388
13,1511,1524,0.1388
10,1513,1523,0.1388
11,1520,1531,0.1388
11,1517,1528,0.1388
11,1521,1532,0.1388
12,1516,1528,0.1388
13,1517,1530,0.1388
14,1502,1516,0.1388
14,1501,1515,0.1388
14,1505,1519,0.1388
14,1509,1523,0.1388
14,1510,1524,0.1388
14,1495,1509,0.1388
14,1507,1521,0.1388
14,1510,1524,0.1388
13,1504,1517,0.1388
13,1507,1520,0.1388
14,1508,1522,0.1388
14,1514,1528,0.1388
13,1499,1512,0.1388
13,1496,1509,0.1388
14,1495,1509,0.1388
13,1495,1508,0.1388
12,1493,1505,0.1388
12,1500,1512,0.1388
12,1494,1506,0.1388
11,1510,1521,0.1388
11,1511,1522,0.1388
10,1504,1514,0.1388
10,1502,1512,0.1388
10,1488,1498,0.1388
10,1496,1506,0.1388
9,1485,1494,0.1388
9,1491,1500,0.1388
9,1496,1505,0.1388
9,1498,1507,0.1388
9,1507,1516,0.1388
9,1516,1525,0.1388
9,1505,1514,0.1388
9,1504,1513,0.1388
9,1514,1523,0.1388
9,1521,1530,0.1388
9,1507,1516,0.1388
9,1506,1515,0.1388
8,1504,1512,0.1388
8,1517,1525,0.1388
8,1516,1524,0.1388
8,1514,1522,0.1388
8,1521,1529,0.1388
8,1519,1527,0.1388
9,1527,1536,0.1388
9,1528,1537,0.1388
10,1519,1529,0.1388
10,1501,1511,0.1388
10,1505,1515,0.1388
10,1501,1511,0.1388
10,1504,1514,0.1388
10,1503,1513,0.1388
10,1516,1526,0.1388
10,1491,1501,0.1388
10,1480,1490,0.1388
10,1477,1487,0.1388
8,1496,1504,0.1388
9,1503,1512,0.1388
9,1506,1515,0.1388
9,1507,1516,0.1388
8,1495,1503,0.1388
9,1509,1518,0.1388
9,1503,1512,0.1388
9,1509,1518,0.1388
9,1504,1513,0.1388
9,1513,1522,0.1388
9,1505,1514,0.1388
9,1510,1519,0.1388
7,1511,1518,0.1388
7,1515,1522,0.1388
7,1520,1527,0.1388
7,1524,1531,0.1388
7,1525,1532,0.1388
7,1515,1522,0.1388
7,1513,1520,0.1388
7,1523,1530,0.1388
8,1521,1529,0.1388
8,1525,1533,0.1388
7,1512,1519,0.1388
7,1513,1520,0.1388
7,1518,1525,0.1388
8,1522,1530,0.1388
8,1532,1540,0.1388
8,1518,1526,0.1388
8,1511,1519,0.1388
8,1523,1531,0.1388
8,1508,1516,0.1388
7,1506,1513,0.1388
7,1501,1508,0.1388
8,1501,1509,0.1388
8,1504,1512,0.1388
10,1512,1522,0.1388
10,1509,1519,0.1388
11,1510,1521,0.1388
10,1501,1511,0.1388
10,1498,1508,0.1388
10,1508,1518,0.1388
10,1503,1513,0.1388
10,1502,1512,0.1388
9,1507,1516,0.1388
10,1498,1508,0.1388
10,1524,1534,0.1388
9,1522,1531,0.1388
9,1512,1521,0.1388
9,1513,1522,0.1388
9,1508,1517,0.1388
9,1514,1523,0.1388
9,1514,1523,0.1388
9,1496,1505,0.1388
9,1509,1518,0.1388
9,1499,1508,0.1388
9,1501,1510,0.1388
9,1503,1512,0.1388
10,1508,1518,0.1388
9,1509,1518,0.1388
9,1484,1493,0.1388
9,1478,1487,0.1388
10,1502,1512,0.1388
10,1510,1520,0.1388
9,1501,1510,0.1388
9,1511,1520,0.1388
10,1512,1522,0.1388
9,1510,1519,0.1388
9,1503,1512,0.1388
9,1511,1520,0.1388
8,1510,1518,0.1388
7,1522,1529,0.1388
7,1523,1530,0.1388
7,1516,1523,0.1388
7,1501,1508,0.1388
7,1499,1506,0.1388
7,1497,1504,0.1388
6,1503,1509,0.1388
6,1506,1512,0.1388
5,1522,1527,0.1388
5,1519,1524,0.1388
5,1508,1513,0.1388
5,1521,1526,0.1388
4,1514,1518,0.1388
4,1515,1519,0.1388
4,1515,1519,0.1388
5,1513,1518,0.1388
5,1511,1516,0.1388
5,1517,1522,0.1388
6,1515,1521,0.1388
6,1503,1509,0.1388
6,1498,1504,0.1388
6,1511,1517,0.1388
6,1510,1516,0.1388
6,1503,1509,0.1388
6,1511,1517,0.1388
6,1525,1531,0.1388
6,1515,1521,0.1388
7,1519,1526,0.1388
7,1501,1508,0.1388
7,1493,1500,0.1388
7,1503,1510,0.1388
7,1498,1505,0.1388
7,1503,1510,0.1388
6,1506,1512,0.1388
6,1510,1516,0.1388
7,1510,1517,0.1388
6,1498,1504,0.1388
7,1513,1520,0.1388
7,1509,1516,0.1388
7,1514,1521,0.1388
6,1501,1507,0.1388
6,1500,1506,0.1388
6,1493,1499,0.1388
6,1509,1515,0.1388
6,1504,1510,0.1388
6,1511,1517,0.1388
6,1514,1520,0.1388
6,1516,1522,0.1388
6,1504,1510,0.1388
6,1502,1508,0.1388
7,1511,1518,0.1388
7,1509,1516,0.1388
6,1519,1525,0.1388
6,1508,1514,0.1388
6,1509,1515,0.1388
7,1518,1525,0.1388
7,1516,1523,0.1388
7,1515,1522,0.1388
7,1524,1531,0.1388
8,1523,1531,0.1388
8,1518,1526,0.1388
8,1505,1513,0.1388
7,1511,1518,0.1388
7,1506,1513,0.1388
7,1514,1521,0.1388
7,1495,1502,0.1388
8,1492,1500,0.1388
8,1507,1515,0.1388
8,1504,1512,0.1388
8,1516,1524,0.1388
8,1498,1506,0.1388
8,1502,1510,0.1388
8,1509,1517,0.1388
8,1515,1523,0.1388
8,1497,1505,0.1388
8,1506,1514,0.1388
7,1508,1515,0.1388
7,1508,1515,0.1388
7,1511,1518,0.1388
7,1506,1513,0.1388
7,1520,1527,0.1388
7,1522,1529,0.1388
8,1524,1532,0.1388
8,1507,1515,0.1388
8,1496,1504,0.1388
8,1505,1513,0.1388
8,1502,1510,0.1388
8,1508,1516,0.1388
6,1499,1505,0.1388
7,1489,1496,0.1388
7,1505,1512,0.1388
7,1513,1520,0.1388
7,1521,1528,0.1388
8,1513,1521,0.1388
8,1509,1517,0.1388
8,1503,1511,0.1388
8,1518,1526,0.1388
8,1520,1528,0.1388
8,1523,1531,0.1388
8,1512,1520,0.1388
8,1505,1513,0.1388
8,1509,1517,0.1388
8,1515,1523,0.1388
8,1520,1528,0.1388
8,1523,1531,0.1388
8,1518,1526,0.1388
8,1512,1520,0.1388
7,1506,1513,0.1388
8,1498,1506,0.1388
8,1507,1515,0.1388
8,1517,1525,0.1388
8,1518,1526,0.1388
8,1505,1513,0.1388
8,1512,1520,0.1388
8,1517,1525,0.1388
8,1526,1534,0.1388
8,1524,1532,0.1388
8,1514,1522,0.1388
8,1523,1531,0.1388
8,1508,1516,0.1388
8,1508,1516,0.1388
8,1515,1523,0.1388
7,1510,1517,0.1388
7,1510,1517,0.1388
7,1518,1525,0.1388
6,1518,1524,0.1388
6,1518,1524,0.1388
6,1511,1517,0.1388
5,1504,1509,0.1388
4,1516,1520,0.1388
4,1517,1521,0.1388
5,1519,1524,0.1388
5,1515,1520,0.1388
5,1510,1515,0.1388
5,1517,1522,0.1388
5,1513,1518,0.1388
5,1516,1521,0.1388
5,1524,1529,0.1388
5,1527,1532,0.1388
5,1527,1532,0.1388
5,1513,1518,0.1388
6,1522,1528,0.1388
6,1525,1531,0.1388
5,1524,1529,0.1388
5,1533,1538,0.1388
5,1523,1528,0.1388
5,1509,1514,0.1388
5,1512,1517,0.1388
5,1513,1518,0.1388
5,1511,1516,0.1388
5,1513,1518,0.1388
5,1513,1518,0.1388
5,1515,1520,0.1388
5,1526,1531,0.1388
4,1522,1526,0.1388
4,1518,1522,0.1388
4,1519,1523,0.1388
5,1516,1521,0.1388
5,1523,1528,0.1388
4,1525,1529,0.1388
4,1520,1524,0.1388
4,1518,1522,0.1388
4,1526,1530,0.1388
4,1526,1530,0.1388
3,1529,1532,0.1388
3,1530,1533,0.1388
3,1524,1527,0.1388
3,1504,1507,0.1388
3,1502,1505,0.1388
3,1503,1506,0.1388
3,1512,1515,0.1388
2,1496,1498,0.1388
3,1509,1512,0.1388
4,1513,1517,0.1388
4,1512,1516,0.1388
5,1517,1522,0.1388
5,1515,1520,0.1388
6,1505,1511,0.1388
6,1499,1505,0.1388
6,1503,1509,0.1388
6,1499,1505,0.1388
6,1513,1519,0.1388
6,1513,1519,0.1388
6,1508,1514,0.1388
6,1512,1518,0.1388
6,1527,1533,0.1388
7,1527,1534,0.1388
7,1513,1520,0.1388
7,1510,1517,0.1388
7,1508,1515,0.1388
7,1509,1516,0.1388
7,1514,1521,0.1388
7,1507,1514,0.1388
7,1507,1514,0.1388
6,1506,1512,0.1388
6,1508,1514,0.1388
6,1506,1512,0.1388
5,1516,1521,0.1388
5,1517,1522,0.1388
5,1509,1514,0.1388
5,1505,1510,0.1388
6,1513,1519,0.1388
6,1509,1515,0.1388
6,1506,1512,0.1388
6,1500,1506,0.1388
6,1500,1506,0.1388
6,1496,1502,0.1388
7,1502,1509,0.1388
7,1512,1519,0.1388
7,1523,1530,0.1388
7,1514,1521,0.1388
7,1505,1512,0.1388
6,1505,1511,0.1388
6,1508,1514,0.1388
6,1505,1511,0.1388
6,1499,1505,0.1388
6,1499,1505,0.1388
6,1502,1508,0.1388
6,1511,1517,0.1388
6,1514,1520,0.1388
6,1511,1517,0.1388
6,1495,1501,0.1388
5,1503,1508,0.1388
6,1512,1518,0.1388
6,1496,1502,0.1388
6,1501,1507,0.1388
5,1508,1513,0.1388
5,1508,1513,0.1388
5,1509,1514,0.1388
5,1507,1512,0.1388
5,1510,1515,0.1388
4,1508,1512,0.1388
4,1506,1510,0.1388
4,1516,1520,0.1388
4,1525,1529,0.1388
4,1525,1529,0.1388
4,1517,1521,0.1388
4,1515,1519,0.1388
4,1517,1521,0.1388
4,1511,1515,0.1388
4,1524,1528,0.1388
4,1507,1511,0.1388
4,1512,1516,0.1388
4,1510,1514,0.1388
4,1521,1525,0.1388
4,1514,1518,0.1388
4,1516,1520,0.1388
4,1512,1516,0.1388
4,1501,1505,0.1388
5,1500,1505,0.1388
5,1484,1489,0.1388
5,1500,1505,0.1388
5,1509,1514,0.1388
5,1501,1506,0.1388
5,1501,1506,0.1388
5,1516,1521,0.1388
5,1508,1513,0.1388
5,1498,1503,0.1388
5,1505,1510,0.1388
4,1512,1516,0.1388
4,1519,1523,0.1388
4,1519,1523,0.1388
3,1516,1519,0.1388
2,1501,1503,0.1388
3,1510,1513,0.1388
3,1511,1514,0.1388
3,1513,1516,0.1388
3,1513,1516,0.1388
3,1524,1527,0.1388
3,1513,1516,0.1388
3,1509,1512,0.1388
4,1512,1516,0.1388
4,1517,1521,0.1388
4,1519,1523,0.1388
4,1511,1515,0.1388
4,1510,1514,0.1388
4,1514,1518,0.1388
4,1518,1522,0.1388
4,1521,1525,0.1388
4,1503,1507,0.1388
4,1492,1496,0.1388
4,1490,1494,0.1388
4,1487,1491,0.1388
4,1507,1511,0.1388
4,1518,1522,0.1388
4,1511,1515,0.1388
3,1533,1536,0.1388
3,1528,1531,0.1388
3,1521,1524,0.1388
3,1514,1517,0.1388
3,1509,1512,0.1388
3,1516,1519,0.1388
3,1513,1516,0.1388
3,1508,1511,0.1388
3,1504,1507,0.1388
3,1515,1518,0.1388
3,1508,1511,0.1388
3,1517,1520,0.1388
3,1502,1505,0.1388
3,1503,1506,0.1388
3,1509,1512,0.1388
3,1518,1521,0.1388
5,1513,1518,0.1388
5,1508,1513,0.1388
6,1522,1528,0.1388
6,1511,1517,0.1388
5,1511,1516,0.1388
4,1508,1512,0.1388
4,1510,1514,0.1388
4,1507,1511,0.1388
4,1514,1518,0.1388
4,1509,1513,0.1388
4,1516,1520,0.1388
4,1526,1530,0.1388
4,1524,1528,0.1388
4,1512,1516,0.1388
4,1524,1528,0.1388
3,1516,1519,0.1388
3,1523,1526,0.1388
2,1513,1515,0.1388
2,1517,1519,0.1388
3,1508,1511,0.1388
3,1523,1526,0.1388
3,1530,1533,0.1388
2,1514,1516,0.1388
2,1512,1514,0.1388
2,1515,1517,0.1388
2,1514,1516,0.1388
2,1518,1520,0.1388
2,1524,1526,0.1388
2,1527,1529,0.1388
2,1525,1527,0.1388
1,1514,1515,0.1388
1,1508,1509,0.1388
1,1513,1514,0.1388
1,1511,1512,0.1388
1,1526,1527,0.1388
1,1517,1518,0.1388
1,1516,1517,0.1388
1,1509,1510,0.1388
1,1509,1510,0.1388
1,1513,1514,0.1388
1,1511,1512,0.1388
1,1510,1511,0.1388
1,1516,1517,0.1388
1,1501,1502,0.1388
1,1504,1505,0.1388
1,1528,1529,0.1388
1,1523,1524,0.1388
2,1509,1511,0.1388
2,1514,1516,0.1388
2,1510,1512,0.1388
2,1516,1518,0.1388
2,1510,1512,0.1388
2,1512,1514,0.1388
2,1518,1520,0.1388
2,1515,1517,0.1388
2,1518,1520,0.1388
2,1514,1516,0.1388
2,1517,1519,0.1388
2,1512,1514,0.1388
2,1520,1522,0.1388
2,1526,1528,0.1388
1,1527,1528,0.1388
1,1525,1526,0.1388
1,1523,1524,0.1388
1,1532,1533,0.1388
1,1519,1520,0.1388
1,1523,1524,0.1388
1,1512,1513,0.1388
1,1515,1516,0.1388
1,1503,1504,0.1388
1,1505,1506,0.1388
1,1510,1511,0.1388
1,1513,1514,0.1388
1,1512,1513,0.1388
1,1508,1509,0.1388
1,1510,1511,0.1388
1,1509,1510,0.1388
0,1512,1512,0.1388
