1367,28,1395,0.1388
1409,30,1439,0.1388
1419,30,1449,0.1388
1454,29,1483,0.1388
1450,32,1482,0.1388
1457,32,1489,0.1388
1460,31,1491,0.1388
1465,32,1497,0.1388
1465,30,1495,0.1388
1456,32,1488,0.1388
1461,32,1493,0.1388
1456,32,1488,0.1388
1461,31,1492,0.1388
1463,30,1493,0.1388
1461,28,1489,0.1388
1457,28,1485,0.1388
1466,29,1495,0.1388
1456,29,1485,0.1388
1477,29,1506,0.1388
1469,29,1498,0.1388
1474,29,1503,0.1388
1466,29,1495,0.1388
1454,30,1484,0.1388
1461,31,1492,0.1388
1463,32,1495,0.1388
1459,30,1489,0.1388
1470,29,1499,0.1388
1452,27,1479,0.1388
1453,28,1481,0.1388
1464,28,1492,0.1388
1465,29,1494,0.1388
1456,31,1487,0.1388
1479,33,1512,0.1388
1483,34,1517,0.1388
1470,32,1502,0.1388
1460,31,1491,0.1388
1449,31,1480,0.1388
1452,33,1485,0.1388
1472,33,1505,0.1388
1453,36,1489,0.1388
1452,37,1489,0.1388
1467,38,1505,0.1388
1476,41,1517,0.1388
1458,40,1498,0.1388
1446,42,1488,0.1388
1444,43,1487,0.1388
1443,42,1485,0.1388
1443,43,1486,0.1388
1435,43,1478,0.1388
1437,42,1479,0.1388
1435,45,1480,0.1388
1439,44,1483,0.1388
1449,44,1493,0.1388
1449,46,1495,0.1388
1453,47,1500,0.1388
1452,49,1501,0.1388
1449,51,1500,0.1388
1447,50,1497,0.1388
1452,50,1502,0.1388
1439,47,1486,0.1388
1431,46,1477,0.1388
1436,46,1482,0.1388
1440,47,1487,0.1388
1443,50,1493,0.1388
1442,52,1494,0.1388
1443,52,1495,0.1388
1434,56,1490,0.1388
1445,55,1500,0.1388
1448,56,1504,0.1388
1448,55,1503,0.1388
1452,56,1508,0.1388
1451,58,1509,0.1388
1445,57,1502,0.1388
1437,54,1491,0.1388
1427,56,1483,0.1388
1436,56,1492,0.1388
1435,58,1493,0.1388
1433,59,1492,0.1388
1429,59,1488,0.1388
1436,62,1498,0.1388
1441,62,1503,0.1388
1447,62,1509,0.1388
1450,62,1512,0.1388
1442,64,1506,0.1388
1434,64,1498,0.1388
1434,65,1499,0.1388
1433,68,1501,0.1388
1432,72,1504,0.1388
1426,72,1498,0.1388
1427,71,1498,0.1388
1427,72,1499,0.1388
1431,71,1502,0.1388
1427,69,1496,0.1388
1433,69,1502,0.1388
1428,68,1496,0.1388
1428,71,1499,0.1388
1425,70,1495,0.1388
1421,72,1493,0.1388
1422,73,1495,0.1388
1407,72,1479,0.1388
1409,72,1481,0.1388
1417,71,1488,0.1388
1417,71,1488,0.1388
1424,73,1497,0.1388
1430,71,1501,0.1388
1424,74,1498,0.1388
1418,76,1494,0.1388
1414,77,1491,0.1388
1423,79,1502,0.1388
1422,76,1498,0.1388
1424,77,1501,0.1388
1431,76,1507,0.1388
1427,76,1503,0.1388
1418,74,1492,0.1388
1422,74,1496,0.1388
1409,74,1483,0.1388
1407,75,1482,0.1388
1415,74,1489,0.1388
1429,71,1500,0.1388
1423,71,1494,0.1388
1413,70,1483,0.1388
1416,69,1485,0.1388
1420,69,1489,0.1388
1431,69,1500,0.1388
1418,70,1488,0.1388
1421,69,1490,0.1388
1427,69,1496,0.1388
1437,68,1505,0.1388
1442,67,1509,0.1388
1443,69,1512,0.1388
1425,67,1492,0.1388
1411,66,1477,0.1388
1420,69,1489,0.1388
1432,70,1502,0.1388
1427,73,1500,0.1388
1416,75,1491,0.1388
1424,76,1500,0.1388
1429,80,1509,0.1388
1428,80,1508,0.1388
1424,83,1507,0.1388
1422,86,1508,0.1388
1402,86,1488,0.1388
1408,86,1494,0.1388
1412,84,1496,0.1388
1406,87,1493,0.1388
1416,89,1505,0.1388
1419,89,1508,0.1388
1409,90,1499,0.1388
1403,91,1494,0.1388
1404,88,1492,0.1388
1412,83,1495,0.1388
1410,85,1495,0.1388
1418,80,1498,0.1388
1418,83,1501,0.1388
1427,84,1511,0.1388
1417,85,1502,0.1388
1427,85,1512,0.1388
1416,85,1501,0.1388
1418,85,1503,0.1388
1418,83,1501,0.1388
1415,82,1497,0.1388
1416,83,1499,0.1388
1414,83,1497,0.1388
1414,83,1497,0.1388
1413,85,1498,0.1388
1406,87,1493,0.1388
1406,85,1491,0.1388
1407,89,1496,0.1388
1406,90,1496,0.1388
1397,87,1484,0.1388
1398,85,1483,0.1388
1389,86,1475,0.1388
1400,89,1489,0.1388
1398,88,1486,0.1388
1405,91,1496,0.1388
1399,91,1490,0.1388
1394,93,1487,0.1388
1390,92,1482,0.1388
1396,88,1484,0.1388
1409,89,1498,0.1388
1402,84,1486,0.1388
1399,84,1483,0.1388
1397,88,1485,0.1388
1399,87,1486,0.1388
1407,85,1492,0.1388
1397,83,1480,0.1388
1396,85,1481,0.1388
1392,93,1485,0.1388
1380,93,1473,0.1388
1379,99,1478,0.1388
1371,101,1472,0.1388
1360,100,1460,0.1388
1366,101,1467,0.1388
1376,98,1474,0.1388
1391,100,1491,0.1388
1397,104,1501,0.1388
1402,106,1508,0.1388
1406,103,1509,0.1388
1403,104,1507,0.1388
1399,104,1503,0.1388
1397,103,1500,0.1388
1382,101,1483,0.1388
1386,103,1489,0.1388
1380,103,1483,0.1388
1393,104,1497,0.1388
1369,107,1476,0.1388
1372,109,1481,0.1388
1381,108,1489,0.1388
1369,106,1475,0.1388
1376,109,1485,0.1388
1380,110,1490,0.1388
1372,113,1485,0.1388
1373,112,1485,0.1388
1383,112,1495,0.1388
1390,108,1498,0.1388
1391,107,1498,0.1388
1390,110,1500,0.1388
1386,112,1498,0.1388
1395,111,1506,0.1388
1384,110,1494,0.1388
1387,112,1499,0.1388
1376,114,1490,0.1388
1389,113,1502,0.1388
1387,116,1503,0.1388
1383,116,1499,0.1388
1374,117,1491,0.1388
1371,114,1485,0.1388
1382,115,1497,0.1388
1378,114,1492,0.1388
1370,110,1480,0.1388
1382,114,1496,0.1388
1378,114,1492,0.1388
1367,113,1480,0.1388
1368,112,1480,0.1388
1365,114,1479,0.1388
1367,113,1480,0.1388
1370,114,1484,0.1388
1370,113,1483,0.1388
1377,119,1496,0.1388
1381,119,1500,0.1388
1381,120,1501,0.1388
1376,120,1496,0.1388
1378,119,1497,0.1388
1390,120,1510,0.1388
1370,123,1493,0.1388
1358,123,1481,0.1388
1368,121,1489,0.1388
1378,124,1502,0.1388
1371,124,1495,0.1388
1370,125,1495,0.1388
1366,121,1487,0.1388
1352,128,1480,0.1388
1355,133,1488,0.1388
1357,133,1490,0.1388
1354,133,1487,0.1388
1356,132,1488,0.1388
1361,134,1495,0.1388
1359,131,1490,0.1388
1357,130,1487,0.1388
1361,131,1492,0.1388
1375,132,1507,0.1388
1372,135,1507,0.1388
1374,130,1504,0.1388
1369,124,1493,0.1388
1369,121,1490,0.1388
1373,124,1497,0.1388
1362,121,1483,0.1388
1364,121,1485,0.1388
1367,117,1484,0.1388
1373,120,1493,0.1388
1380,119,1499,0.1388
1365,113,1478,0.1388
1358,118,1476,0.1388
1369,122,1491,0.1388
1375,122,1497,0.1388
1377,126,1503,0.1388
1373,125,1498,0.1388
1379,126,1505,0.1388
1384,127,1511,0.1388
1371,131,1502,0.1388
1364,129,1493,0.1388
1368,127,1495,0.1388
1368,123,1491,0.1388
1352,122,1474,0.1388
1355,125,1480,0.1388
1353,125,1478,0.1388
1358,125,1483,0.1388
1362,130,1492,0.1388
1362,134,1496,0.1388
1367,135,1502,0.1388
1374,133,1507,0.1388
1369,134,1503,0.1388
1367,133,1500,0.1388
1354,135,1489,0.1388
1356,135,1491,0.1388
1353,135,1488,0.1388
1363,137,1500,0.1388
1374,135,1509,0.1388
1383,136,1519,0.1388
1376,137,1513,0.1388
1352,138,1490,0.1388
1346,138,1484,0.1388
1354,138,1492,0.1388
1358,136,1494,0.1388
1357,132,1489,0.1388
1366,132,1498,0.1388
1374,133,1507,0.1388
1371,134,1505,0.1388
1360,132,1492,0.1388
1362,135,1497,0.1388
1367,137,1504,0.1388
1368,136,1504,0.1388
1368,137,1505,0.1388
1368,136,1504,0.1388
1368,137,1505,0.1388
1366,137,1503,0.1388
1359,141,1500,0.1388
1359,137,1496,0.1388
1349,142,1491,0.1388
1347,143,1490,0.1388
1342,139,1481,0.1388
1351,141,1492,0.1388
1361,140,1501,0.1388
1358,140,1498,0.1388
1357,142,1499,0.1388
1348,142,1490,0.1388
1341,146,1487,0.1388
1351,150,1501,0.1388
1358,147,1505,0.1388
1341,148,1489,0.1388
1342,149,1491,0.1388
1347,150,1497,0.1388
1331,152,1483,0.1388
1337,148,1485,0.1388
1338,146,1484,0.1388
1343,149,1492,0.1388
1356,147,1503,0.1388
1352,147,1499,0.1388
1345,150,1495,0.1388
1341,144,1485,0.1388
1342,146,1488,0.1388
1340,151,1491,0.1388
1343,152,1495,0.1388
1345,153,1498,0.1388
1350,156,1506,0.1388
1338,162,1500,0.1388
1340,161,1501,0.1388
1338,157,1495,0.1388
1337,156,1493,0.1388
1330,157,1487,0.1388
1342,162,1504,0.1388
1342,162,1504,0.1388
1343,161,1504,0.1388
1342,166,1508,0.1388
1342,165,1507,0.1388
1348,165,1513,0.1388
1347,160,1507,0.1388
1338,161,1499,0.1388
1335,160,1495,0.1388
1344,157,1501,0.1388
1346,156,1502,0.1388
1340,158,1498,0.1388
1344,158,1502,0.1388
1349,159,1508,0.1388
1336,157,1493,0.1388
1334,164,1498,0.1388
1322,164,1486,0.1388
1325,163,1488,0.1388
1325,165,1490,0.1388
1320,163,1483,0.1388
1328,157,1485,0.1388
1331,158,1489,0.1388
1339,158,1497,0.1388
1331,159,1490,0.1388
1341,158,1499,0.1388
1343,154,1497,0.1388
1344,158,1502,0.1388
1329,152,1481,0.1388
1340,151,1491,0.1388
1346,149,1495,0.1388
1336,147,1483,0.1388
1325,153,1478,0.1388
1322,156,1478,0.1388
1327,154,1481,0.1388
1334,161,1495,0.1388
1337,159,1496,0.1388
1350,157,1507,0.1388
1355,161,1516,0.1388
1359,156,1515,0.1388
1348,160,1508,0.1388
1352,157,1509,0.1388
1340,156,1496,0.1388
1340,155,1495,0.1388
1336,158,1494,0.1388
1322,160,1482,0.1388
1324,165,1489,0.1388
1321,167,1488,0.1388
1324,166,1490,0.1388
1325,166,1491,0.1388
1322,165,1487,0.1388
1331,168,1499,0.1388
1319,172,1491,0.1388
1320,170,1490,0.1388
1324,174,1498,0.1388
1319,176,1495,0.1388
1314,176,1490,0.1388
1316,173,1489,0.1388
1315,171,1486,0.1388
1327,176,1503,0.1388
1334,178,1512,0.1388
1318,181,1499,0.1388
1311,182,1493,0.1388
1302,178,1480,0.1388
1296,183,1479,0.1388
1295,187,1482,0.1388
1301,185,1486,0.1388
1302,184,1486,0.1388
1298,183,1481,0.1388
1307,183,1490,0.1388
1303,182,1485,0.1388
1310,186,1496,0.1388
1304,189,1493,0.1388
1309,186,1495,0.1388
1296,188,1484,0.1388
1302,188,1490,0.1388
1315,189,1504,0.1388
1309,178,1487,0.1388
1305,181,1486,0.1388
1310,184,1494,0.1388
1304,187,1491,0.1388
1307,191,1498,0.1388
1313,187,1500,0.1388
1294,192,1486,0.1388
1301,194,1495,0.1388
1302,198,1500,0.1388
1304,198,1502,0.1388
1292,199,1491,0.1388
1295,198,1493,0.1388
1294,194,1488,0.1388
1301,196,1497,0.1388
1290,201,1491,0.1388
1298,202,1500,0.1388
1286,203,1489,0.1388
1285,200,1485,0.1388
1292,205,1497,0.1388
1296,205,1501,0.1388
1285,207,1492,0.1388
1288,209,1497,0.1388
1300,203,1503,0.1388
1281,202,1483,0.1388
1272,202,1474,0.1388
1277,203,1480,0.1388
1275,205,1480,0.1388
1289,207,1496,0.1388
1274,212,1486,0.1388
1279,215,1494,0.1388
1286,214,1500,0.1388
1285,210,1495,0.1388
1292,214,1506,0.1388
1283,214,1497,0.1388
1282,215,1497,0.1388
1276,213,1489,0.1388
1272,213,1485,0.1388
1281,215,1496,0.1388
1276,216,1492,0.1388
1281,219,1500,0.1388
1287,221,1508,0.1388
1295,221,1516,0.1388
1288,226,1514,0.1388
1280,226,1506,0.1388
1262,227,1489,0.1388
1253,235,1488,0.1388
1255,232,1487,0.1388
1256,234,1490,0.1388
1249,233,1482,0.1388
1247,231,1478,0.1388
1241,230,1471,0.1388
1238,235,1473,0.1388
1238,237,1475,0.1388
1256,239,1495,0.1388
1262,240,1502,0.1388
1245,236,1481,0.1388
1248,231,1479,0.1388
1227,230,1457,0.1388
1248,232,1480,0.1388
1250,236,1486,0.1388
1256,238,1494,0.1388
1275,236,1511,0.1388
1274,232,1506,0.1388
1274,228,1502,0.1388
1273,228,1501,0.1388
1265,231,1496,0.1388
1261,235,1496,0.1388
1264,239,1503,0.1388
1255,240,1495,0.1388
1240,235,1475,0.1388
1236,240,1476,0.1388
1241,246,1487,0.1388
1242,247,1489,0.1388
1243,248,1491,0.1388
1254,255,1509,0.1388
1251,257,1508,0.1388
1248,252,1500,0.1388
1250,251,1501,0.1388
1236,255,1491,0.1388
1220,258,1478,0.1388
1229,260,1489,0.1388
1236,267,1503,0.1388
1235,267,1502,0.1388
1227,270,1497,0.1388
1242,271,1513,0.1388
1248,268,1516,0.1388
1252,273,1525,0.1388
1242,267,1509,0.1388
1248,269,1517,0.1388
1241,270,1511,0.1388
1245,269,1514,0.1388
1230,274,1504,0.1388
1228,281,1509,0.1388
1224,274,1498,0.1388
1216,272,1488,0.1388
1216,272,1488,0.1388
1218,274,1492,0.1388
1219,280,1499,0.1388
1209,286,1495,0.1388
1202,285,1487,0.1388
1206,287,1493,0.1388
1198,288,1486,0.1388
1208,290,1498,0.1388
1209,289,1498,0.1388
1203,289,1492,0.1388
1197,287,1484,0.1388
1201,282,1483,0.1388
1200,280,1480,0.1388
1200,275,1475,0.1388
1192,281,1473,0.1388
1201,285,1486,0.1388
1203,288,1491,0.1388
1209,287,1496,0.1388
1215,285,1500,0.1388
1216,288,1504,0.1388
1220,291,1511,0.1388
1227,291,1518,0.1388
1223,290,1513,0.1388
1213,295,1508,0.1388
1205,299,1504,0.1388
1206,295,1501,0.1388
1201,295,1496,0.1388
1189,303,1492,0.1388
1200,305,1505,0.1388
1200,300,1500,0.1388
1196,299,1495,0.1388
1194,301,1495,0.1388
1195,306,1501,0.1388
1198,301,1499,0.1388
1213,303,1516,0.1388
1206,304,1510,0.1388
1200,305,1505,0.1388
1184,305,1489,0.1388
1194,309,1503,0.1388
1186,299,1485,0.1388
1178,305,1483,0.1388
1179,303,1482,0.1388
1175,312,1487,0.1388
1180,315,1495,0.1388
1185,317,1502,0.1388
1189,318,1507,0.1388
1193,322,1515,0.1388
1173,325,1498,0.1388
1180,329,1509,0.1388
1172,327,1499,0.1388
1171,327,1498,0.1388
1166,328,1494,0.1388
1161,328,1489,0.1388
1169,341,1510,0.1388
1166,334,1500,0.1388
1163,338,1501,0.1388
1156,334,1490,0.1388
1150,333,1483,0.1388
1146,335,1481,0.1388
1164,338,1502,0.1388
1165,343,1508,0.1388
1162,336,1498,0.1388
1164,336,1500,0.1388
1157,333,1490,0.1388
1163,342,1505,0.1388
1162,339,1501,0.1388
1164,338,1502,0.1388
1156,341,1497,0.1388
1156,345,1501,0.1388
1149,344,1493,0.1388
1156,347,1503,0.1388
1151,349,1500,0.1388
1152,350,1502,0.1388
1149,347,1496,0.1388
1136,352,1488,0.1388
1145,350,1495,0.1388
1164,348,1512,0.1388
1165,347,1512,0.1388
1159,347,1506,0.1388
1154,348,1502,0.1388
1150,351,1501,0.1388
1141,357,1498,0.1388
1144,356,1500,0.1388
1147,364,1511,0.1388
1148,363,1511,0.1388
1141,361,1502,0.1388
1133,357,1490,0.1388
1127,366,1493,0.1388
1124,367,1491,0.1388
1127,360,1487,0.1388
1125,355,1480,0.1388
1117,359,1476,0.1388
1114,370,1484,0.1388
1107,375,1482,0.1388
1098,375,1473,0.1388
1122,378,1500,0.1388
1119,373,1492,0.1388
1115,375,1490,0.1388
1122,378,1500,0.1388
1120,386,1506,0.1388
1119,386,1505,0.1388
1122,380,1502,0.1388
1120,383,1503,0.1388
1125,376,1501,0.1388
1122,373,1495,0.1388
1114,374,1488,0.1388
1111,388,1499,0.1388
1109,381,1490,0.1388
1102,380,1482,0.1388
1113,378,1491,0.1388
1115,379,1494,0.1388
1107,382,1489,0.1388
1112,383,1495,0.1388
1119,382,1501,0.1388
1125,381,1506,0.1388
1128,379,1507,0.1388
1130,377,1507,0.1388
1123,377,1500,0.1388
1120,373,1493,0.1388
1119,380,1499,0.1388
1115,381,1496,0.1388
1115,376,1491,0.1388
1116,379,1495,0.1388
1122,386,1508,0.1388
1120,381,1501,0.1388
1130,379,1509,0.1388
1115,376,1491,0.1388
1107,383,1490,0.1388
1107,379,1486,0.1388
1107,378,1485,0.1388
1122,380,1502,0.1388
1124,387,1511,0.1388
1116,380,1496,0.1388
1109,373,1482,0.1388
1113,379,1492,0.1388
1114,379,1493,0.1388
1119,387,1506,0.1388
1115,388,1503,0.1388
1120,387,1507,0.1388
1127,389,1516,0.1388
1118,385,1503,0.1388
1110,393,1503,0.1388
1112,392,1504,0.1388
1119,383,1502,0.1388
1115,388,1503,0.1388
1114,397,1511,0.1388
1099,402,1501,0.1388
1090,402,1492,0.1388
1096,400,1496,0.1388
1094,401,1495,0.1388
1084,392,1476,0.1388
1096,399,1495,0.1388
1096,402,1498,0.1388
1080,402,1482,0.1388
1084,404,1488,0.1388
1087,404,1491,0.1388
1080,404,1484,0.1388
1077,408,1485,0.1388
1090,410,1500,0.1388
1081,410,1491,0.1388
1089,412,1501,0.1388
1087,415,1502,0.1388
1085,416,1501,0.1388
1093,414,1507,0.1388
1101,418,1519,0.1388
1091,415,1506,0.1388
1080,411,1491,0.1388
1087,412,1499,0.1388
1080,410,1490,0.1388
1085,418,1503,0.1388
1080,420,1500,0.1388
1077,413,1490,0.1388
1074,414,1488,0.1388
1083,406,1489,0.1388
1087,403,1490,0.1388
1090,409,1499,0.1388
1084,417,1501,0.1388
1079,413,1492,0.1388
1084,419,1503,0.1388
1072,413,1485,0.1388
1074,411,1485,0.1388
1071,411,1482,0.1388
1076,408,1484,0.1388
1070,413,1483,0.1388
1072,409,1481,0.1388
1067,408,1475,0.1388
1073,410,1483,0.1388
1079,414,1493,0.1388
1078,414,1492,0.1388
1077,421,1498,0.1388
1082,416,1498,0.1388
1069,415,1484,0.1388
1075,415,1490,0.1388
1077,414,1491,0.1388
1085,411,1496,0.1388
1072,415,1487,0.1388
1081,423,1504,0.1388
1072,424,1496,0.1388
1069,422,1491,0.1388
1070,425,1495,0.1388
1074,425,1499,0.1388
1071,426,1497,0.1388
1061,431,1492,0.1388
1060,436,1496,0.1388
1059,435,1494,0.1388
1058,439,1497,0.1388
1064,433,1497,0.1388
1065,432,1497,0.1388
1069,437,1506,0.1388
1068,433,1501,0.1388
1080,438,1518,0.1388
1073,433,1506,0.1388
1072,436,1508,0.1388
1061,429,1490,0.1388
1068,423,1491,0.1388
1056,441,1497,0.1388
1064,428,1492,0.1388
1068,425,1493,0.1388
1058,431,1489,0.1388
1061,434,1495,0.1388
1074,431,1505,0.1388
1075,441,1516,0.1388
1069,434,1503,0.1388
1073,440,1513,0.1388
1068,441,1509,0.1388
1064,448,1512,0.1388
1070,445,1515,0.1388
1070,447,1517,0.1388
1063,450,1513,0.1388
1078,443,1521,0.1388
1066,439,1505,0.1388
1064,438,1502,0.1388
1061,440,1501,0.1388
1053,440,1493,0.1388
1057,442,1499,0.1388
1055,439,1494,0.1388
1041,442,1483,0.1388
1056,450,1506,0.1388
1057,440,1497,0.1388
1063,444,1507,0.1388
1052,442,1494,0.1388
1046,446,1492,0.1388
1047,446,1493,0.1388
1046,444,1490,0.1388
1046,448,1494,0.1388
1036,449,1485,0.1388
1042,454,1496,0.1388
1037,453,1490,0.1388
1043,468,1511,0.1388
1046,462,1508,0.1388
1027,467,1494,0.1388
1028,466,1494,0.1388
1024,472,1496,0.1388
1030,471,1501,0.1388
1034,473,1507,0.1388
1030,476,1506,0.1388
1025,487,1512,0.1388
1019,486,1505,0.1388
1031,481,1512,0.1388
1027,487,1514,0.1388
1022,490,1512,0.1388
1013,491,1504,0.1388
1019,488,1507,0.1388
1022,491,1513,0.1388
1026,483,1509,0.1388
1024,489,1513,0.1388
1019,487,1506,0.1388
1013,482,1495,0.1388
1015,473,1488,0.1388
1002,482,1484,0.1388
996,484,1480,0.1388
1002,497,1499,0.1388
1005,497,1502,0.1388
998,487,1485,0.1388
994,496,1490,0.1388
993,501,1494,0.1388
983,502,1485,0.1388
985,504,1489,0.1388
986,507,1493,0.1388
983,508,1491,0.1388
973,516,1489,0.1388
985,514,1499,0.1388
987,513,1500,0.1388
985,521,1506,0.1388
981,519,1500,0.1388
968,513,1481,0.1388
967,516,1483,0.1388
973,516,1489,0.1388
975,515,1490,0.1388
973,521,1494,0.1388
978,519,1497,0.1388
987,528,1515,0.1388
994,529,1523,0.1388
985,524,1509,0.1388
982,523,1505,0.1388
982,525,1507,0.1388
973,518,1491,0.1388
967,523,1490,0.1388
979,524,1503,0.1388
981,533,1514,0.1388
971,529,1500,0.1388
974,527,1501,0.1388
970,532,1502,0.1388
966,536,1502,0.1388
974,532,1506,0.1388
968,531,1499,0.1388
959,542,1501,0.1388
962,544,1506,0.1388
960,543,1503,0.1388
954,540,1494,0.1388
962,544,1506,0.1388
949,550,1499,0.1388
942,552,1494,0.1388
942,553,1495,0.1388
938,549,1487,0.1388
951,547,1498,0.1388
942,544,1486,0.1388
943,557,1500,0.1388
938,565,1503,0.1388
931,570,1501,0.1388
934,574,1508,0.1388
933,569,1502,0.1388
937,565,1502,0.1388
934,563,1497,0.1388
926,551,1477,0.1388
931,559,1490,0.1388
937,559,1496,0.1388
951,566,1517,0.1388
953,561,1514,0.1388
940,559,1499,0.1388
940,562,1502,0.1388
948,559,1507,0.1388
940,553,1493,0.1388
926,562,1488,0.1388
927,565,1492,0.1388
926,566,1492,0.1388
924,570,1494,0.1388
922,567,1489,0.1388
920,562,1482,0.1388
930,568,1498,0.1388
937,562,1499,0.1388
940,559,1499,0.1388
927,561,1488,0.1388
921,558,1479,0.1388
924,567,1491,0.1388
923,565,1488,0.1388
924,569,1493,0.1388
920,574,1494,0.1388
921,580,1501,0.1388
923,578,1501,0.1388
930,579,1509,0.1388
935,580,1515,0.1388
926,587,1513,0.1388
927,587,1514,0.1388
920,587,1507,0.1388
924,584,1508,0.1388
921,579,1500,0.1388
922,579,1501,0.1388
920,583,1503,0.1388
909,573,1482,0.1388
912,578,1490,0.1388
917,586,1503,0.1388
902,580,1482,0.1388
905,581,1486,0.1388
906,594,1500,0.1388
902,601,1503,0.1388
910,607,1517,0.1388
906,610,1516,0.1388
901,614,1515,0.1388
903,619,1522,0.1388
901,610,1511,0.1388
900,607,1507,0.1388
909,609,1518,0.1388
914,601,1515,0.1388
911,595,1506,0.1388
903,593,1496,0.1388
904,597,1501,0.1388
896,595,1491,0.1388
901,592,1493,0.1388
898,589,1487,0.1388
899,601,1500,0.1388
901,597,1498,0.1388
912,599,1511,0.1388
916,603,1519,0.1388
907,603,1510,0.1388
903,599,1502,0.1388
894,609,1503,0.1388
892,610,1502,0.1388
887,621,1508,0.1388
880,631,1511,0.1388
886,634,1520,0.1388
879,632,1511,0.1388
884,632,1516,0.1388
888,625,1513,0.1388
896,623,1519,0.1388
889,618,1507,0.1388
877,611,1488,0.1388
885,615,1500,0.1388
892,616,1508,0.1388
883,609,1492,0.1388
890,618,1508,0.1388
899,618,1517,0.1388
890,620,1510,0.1388
878,626,1504,0.1388
886,628,1514,0.1388
886,632,1518,0.1388
888,623,1511,0.1388
878,624,1502,0.1388
881,627,1508,0.1388
880,634,1514,0.1388
873,631,1504,0.1388
875,633,1508,0.1388
869,629,1498,0.1388
867,631,1498,0.1388
870,633,1503,0.1388
878,634,1512,0.1388
884,636,1520,0.1388
876,641,1517,0.1388
865,638,1503,0.1388
863,635,1498,0.1388
862,638,1500,0.1388
849,641,1490,0.1388
856,644,1500,0.1388
854,655,1509,0.1388
850,658,1508,0.1388
847,662,1509,0.1388
838,659,1497,0.1388
839,668,1507,0.1388
842,668,1510,0.1388
845,674,1519,0.1388
851,664,1515,0.1388
850,660,1510,0.1388
842,661,1503,0.1388
834,658,1492,0.1388
834,661,1495,0.1388
835,667,1502,0.1388
819,674,1493,0.1388
822,667,1489,0.1388
835,681,1516,0.1388
825,683,1508,0.1388
820,686,1506,0.1388
813,678,1491,0.1388
815,677,1492,0.1388
833,666,1499,0.1388
827,677,1504,0.1388
825,675,1500,0.1388
833,683,1516,0.1388
836,680,1516,0.1388
830,675,1505,0.1388
832,678,1510,0.1388
828,674,1502,0.1388
829,674,1503,0.1388
826,686,1512,0.1388
819,687,1506,0.1388
809,684,1493,0.1388
813,673,1486,0.1388
819,672,1491,0.1388
820,674,1494,0.1388
814,676,1490,0.1388
814,678,1492,0.1388
812,688,1500,0.1388
808,696,1504,0.1388
795,694,1489,0.1388
801,694,1495,0.1388
788,700,1488,0.1388
792,702,1494,0.1388
796,713,1509,0.1388
788,707,1495,0.1388
780,700,1480,0.1388
787,706,1493,0.1388
784,721,1505,0.1388
788,708,1496,0.1388
782,713,1495,0.1388
776,713,1489,0.1388
770,725,1495,0.1388
768,724,1492,0.1388
753,735,1488,0.1388
760,742,1502,0.1388
761,742,1503,0.1388
758,752,1510,0.1388
750,752,1502,0.1388
739,760,1499,0.1388
738,764,1502,0.1388
737,773,1510,0.1388
735,763,1498,0.1388
737,767,1504,0.1388
742,770,1512,0.1388
737,762,1499,0.1388
736,771,1507,0.1388
725,774,1499,0.1388
746,769,1515,0.1388
740,779,1519,0.1388
728,776,1504,0.1388
729,773,1502,0.1388
730,774,1504,0.1388
739,780,1519,0.1388
735,779,1514,0.1388
741,775,1516,0.1388
735,784,1519,0.1388
729,790,1519,0.1388
727,779,1506,0.1388
730,775,1505,0.1388
728,788,1516,0.1388
720,786,1506,0.1388
725,802,1527,0.1388
718,797,1515,0.1388
729,795,1524,0.1388
730,789,1519,0.1388
728,788,1516,0.1388
725,778,1503,0.1388
732,786,1518,0.1388
741,788,1529,0.1388
728,780,1508,0.1388
723,783,1506,0.1388
724,787,1511,0.1388
717,791,1508,0.1388
722,787,1509,0.1388
722,785,1507,0.1388
718,774,1492,0.1388
714,775,1489,0.1388
710,790,1500,0.1388
709,781,1490,0.1388
717,780,1497,0.1388
725,785,1510,0.1388
719,783,1502,0.1388
709,791,1500,0.1388
720,794,1514,0.1388
725,790,1515,0.1388
717,786,1503,0.1388
722,793,1515,0.1388
716,792,1508,0.1388
715,796,1511,0.1388
714,790,1504,0.1388
723,787,1510,0.1388
726,790,1516,0.1388
720,787,1507,0.1388
721,784,1505,0.1388
712,786,1498,0.1388
720,794,1514,0.1388
708,801,1509,0.1388
714,796,1510,0.1388
717,797,1514,0.1388
717,799,1516,0.1388
699,796,1495,0.1388
708,808,1516,0.1388
704,803,1507,0.1388
709,803,1512,0.1388
700,796,1496,0.1388
698,803,1501,0.1388
697,785,1482,0.1388
687,792,1479,0.1388
689,797,1486,0.1388
685,804,1489,0.1388
686,812,1498,0.1388
674,806,1480,0.1388
675,808,1483,0.1388
683,805,1488,0.1388
688,812,1500,0.1388
690,813,1503,0.1388
684,804,1488,0.1388
679,805,1484,0.1388
686,803,1489,0.1388
689,813,1502,0.1388
690,809,1499,0.1388
694,814,1508,0.1388
698,811,1509,0.1388
698,801,1499,0.1388
696,804,1500,0.1388
696,812,1508,0.1388
687,814,1501,0.1388
689,815,1504,0.1388
686,810,1496,0.1388
683,811,1494,0.1388
694,818,1512,0.1388
708,813,1521,0.1388
703,806,1509,0.1388
697,816,1513,0.1388
698,816,1514,0.1388
692,826,1518,0.1388
688,829,1517,0.1388
690,834,1524,0.1388
682,825,1507,0.1388
681,829,1510,0.1388
677,837,1514,0.1388
669,842,1511,0.1388
661,833,1494,0.1388
656,840,1496,0.1388
660,846,1506,0.1388
664,846,1510,0.1388
662,853,1515,0.1388
660,851,1511,0.1388
660,850,1510,0.1388
654,857,1511,0.1388
658,848,1506,0.1388
657,842,1499,0.1388
655,849,1504,0.1388
659,851,1510,0.1388
656,851,1507,0.1388
663,854,1517,0.1388
665,848,1513,0.1388
661,852,1513,0.1388
660,852,1512,0.1388
662,851,1513,0.1388
657,850,1507,0.1388
658,860,1518,0.1388
651,861,1512,0.1388
646,859,1505,0.1388
637,858,1495,0.1388
638,857,1495,0.1388
632,854,1486,0.1388
638,857,1495,0.1388
636,868,1504,0.1388
626,869,1495,0.1388
633,859,1492,0.1388
637,872,1509,0.1388
624,886,1510,0.1388
614,890,1504,0.1388
618,880,1498,0.1388
632,877,1509,0.1388
630,867,1497,0.1388
630,867,1497,0.1388
634,869,1503,0.1388
638,888,1526,0.1388
634,876,1510,0.1388
630,876,1506,0.1388
626,879,1505,0.1388
627,879,1506,0.1388
629,874,1503,0.1388
632,880,1512,0.1388
628,880,1508,0.1388
621,881,1502,0.1388
621,880,1501,0.1388
622,887,1509,0.1388
623,882,1505,0.1388
625,882,1507,0.1388
612,879,1491,0.1388
617,889,1506,0.1388
615,878,1493,0.1388
615,888,1503,0.1388
615,887,1502,0.1388
619,895,1514,0.1388
608,892,1500,0.1388
598,893,1491,0.1388
597,896,1493,0.1388
603,904,1507,0.1388
597,909,1506,0.1388
596,901,1497,0.1388
606,910,1516,0.1388
601,910,1511,0.1388
610,912,1522,0.1388
604,905,1509,0.1388
598,914,1512,0.1388
599,926,1525,0.1388
599,913,1512,0.1388
592,916,1508,0.1388
591,916,1507,0.1388
592,910,1502,0.1388
588,918,1506,0.1388
576,903,1479,0.1388
586,916,1502,0.1388
579,926,1505,0.1388
571,935,1506,0.1388
571,931,1502,0.1388
571,932,1503,0.1388
568,942,1510,0.1388
567,948,1515,0.1388
568,955,1523,0.1388
564,954,1518,0.1388
559,951,1510,0.1388
564,953,1517,0.1388
559,946,1505,0.1388
554,955,1509,0.1388
558,954,1512,0.1388
555,945,1500,0.1388
553,942,1495,0.1388
547,951,1498,0.1388
552,946,1498,0.1388
557,947,1504,0.1388
550,954,1504,0.1388
552,954,1506,0.1388
551,938,1489,0.1388
547,948,1495,0.1388
546,950,1496,0.1388
547,947,1494,0.1388
554,952,1506,0.1388
552,961,1513,0.1388
546,965,1511,0.1388
545,957,1502,0.1388
546,957,1503,0.1388
541,961,1502,0.1388
542,972,1514,0.1388
540,977,1517,0.1388
540,970,1510,0.1388
547,970,1517,0.1388
547,966,1513,0.1388
543,963,1506,0.1388
536,970,1506,0.1388
535,963,1498,0.1388
532,973,1505,0.1388
535,978,1513,0.1388
535,990,1525,0.1388
536,982,1518,0.1388
535,985,1520,0.1388
535,985,1520,0.1388
535,994,1529,0.1388
530,983,1513,0.1388
530,984,1514,0.1388
526,983,1509,0.1388
519,977,1496,0.1388
527,979,1506,0.1388
525,977,1502,0.1388
525,969,1494,0.1388
518,977,1495,0.1388
530,982,1512,0.1388
524,987,1511,0.1388
522,986,1508,0.1388
525,984,1509,0.1388
521,982,1503,0.1388
527,979,1506,0.1388
524,972,1496,0.1388
520,973,1493,0.1388
518,973,1491,0.1388
520,983,1503,0.1388
526,984,1510,0.1388
533,988,1521,0.1388
529,985,1514,0.1388
523,990,1513,0.1388
517,998,1515,0.1388
516,1003,1519,0.1388
513,997,1510,0.1388
515,1002,1517,0.1388
503,1010,1513,0.1388
503,1008,1511,0.1388
498,1009,1507,0.1388
503,1008,1511,0.1388
505,1006,1511,0.1388
499,1005,1504,0.1388
495,1004,1499,0.1388
504,1003,1507,0.1388
503,1011,1514,0.1388
501,1011,1512,0.1388
496,1010,1506,0.1388
498,1011,1509,0.1388
501,1009,1510,0.1388
497,1004,1501,0.1388
493,1019,1512,0.1388
478,1023,1501,0.1388
481,1036,1517,0.1388
481,1026,1507,0.1388
478,1026,1504,0.1388
467,1025,1492,0.1388
481,1021,1502,0.1388
479,1003,1482,0.1388
480,1016,1496,0.1388
480,1030,1510,0.1388
476,1035,1511,0.1388
474,1033,1507,0.1388
474,1040,1514,0.1388
472,1039,1511,0.1388
472,1048,1520,0.1388
476,1042,1518,0.1388
470,1038,1508,0.1388
471,1032,1503,0.1388
467,1030,1497,0.1388
469,1040,1509,0.1388
472,1036,1508,0.1388
468,1035,1503,0.1388
469,1040,1509,0.1388
465,1046,1511,0.1388
459,1040,1499,0.1388
460,1049,1509,0.1388
465,1041,1506,0.1388
465,1047,1512,0.1388
468,1045,1513,0.1388
473,1041,1514,0.1388
471,1043,1514,0.1388
473,1043,1516,0.1388
466,1043,1509,0.1388
458,1049,1507,0.1388
466,1050,1516,0.1388
463,1053,1516,0.1388
464,1040,1504,0.1388
477,1044,1521,0.1388
475,1049,1524,0.1388
473,1033,1506,0.1388
476,1035,1511,0.1388
472,1029,1501,0.1388
470,1033,1503,0.1388
470,1031,1501,0.1388
467,1029,1496,0.1388
468,1034,1502,0.1388
467,1044,1511,0.1388
461,1043,1504,0.1388
464,1046,1510,0.1388
466,1040,1506,0.1388
469,1046,1515,0.1388
467,1046,1513,0.1388
464,1052,1516,0.1388
471,1049,1520,0.1388
472,1048,1520,0.1388
470,1050,1520,0.1388
467,1045,1512,0.1388
464,1050,1514,0.1388
467,1049,1516,0.1388
464,1053,1517,0.1388
471,1063,1534,0.1388
473,1064,1537,0.1388
467,1047,1514,0.1388
460,1060,1520,0.1388
453,1053,1506,0.1388
452,1066,1518,0.1388
443,1061,1504,0.1388
442,1077,1519,0.1388
445,1076,1521,0.1388
441,1067,1508,0.1388
438,1073,1511,0.1388
444,1066,1510,0.1388
444,1056,1500,0.1388
450,1056,1506,0.1388
452,1061,1513,0.1388
460,1054,1514,0.1388
463,1072,1535,0.1388
458,1071,1529,0.1388
460,1067,1527,0.1388
454,1065,1519,0.1388
449,1067,1516,0.1388
447,1066,1513,0.1388
439,1064,1503,0.1388
440,1067,1507,0.1388
441,1077,1518,0.1388
441,1073,1514,0.1388
442,1080,1522,0.1388
443,1082,1525,0.1388
433,1083,1516,0.1388
437,1097,1534,0.1388
431,1088,1519,0.1388
429,1083,1512,0.1388
425,1068,1493,0.1388
430,1086,1516,0.1388
430,1078,1508,0.1388
432,1078,1510,0.1388
422,1083,1505,0.1388
423,1096,1519,0.1388
416,1084,1500,0.1388
417,1080,1497,0.1388
424,1087,1511,0.1388
430,1086,1516,0.1388
427,1085,1512,0.1388
416,1080,1496,0.1388
423,1091,1514,0.1388
428,1086,1514,0.1388
422,1086,1508,0.1388
423,1083,1506,0.1388
412,1087,1499,0.1388
411,1099,1510,0.1388
417,1106,1523,0.1388
417,1100,1517,0.1388
424,1099,1523,0.1388
423,1092,1515,0.1388
427,1095,1522,0.1388
421,1085,1506,0.1388
412,1088,1500,0.1388
407,1097,1504,0.1388
403,1104,1507,0.1388
403,1108,1511,0.1388
406,1100,1506,0.1388
405,1090,1495,0.1388
404,1092,1496,0.1388
405,1106,1511,0.1388
404,1107,1511,0.1388
402,1113,1515,0.1388
403,1112,1515,0.1388
397,1112,1509,0.1388
394,1108,1502,0.1388
398,1102,1500,0.1388
392,1111,1503,0.1388
396,1106,1502,0.1388
390,1110,1500,0.1388
396,1126,1522,0.1388
392,1113,1505,0.1388
395,1115,1510,0.1388
392,1112,1504,0.1388
390,1119,1509,0.1388
397,1116,1513,0.1388
407,1122,1529,0.1388
406,1122,1528,0.1388
400,1125,1525,0.1388
395,1116,1511,0.1388
391,1108,1499,0.1388
395,1114,1509,0.1388
389,1106,1495,0.1388
391,1108,1499,0.1388
393,1104,1497,0.1388
386,1111,1497,0.1388
390,1110,1500,0.1388
390,1113,1503,0.1388
388,1116,1504,0.1388
392,1123,1515,0.1388
396,1126,1522,0.1388
392,1130,1522,0.1388
391,1126,1517,0.1388
391,1134,1525,0.1388
385,1138,1523,0.1388
378,1135,1513,0.1388
382,1137,1519,0.1388
378,1141,1519,0.1388
373,1134,1507,0.1388
375,1133,1508,0.1388
373,1132,1505,0.1388
370,1138,1508,0.1388
366,1132,1498,0.1388
366,1125,1491,0.1388
359,1128,1487,0.1388
356,1148,1504,0.1388
353,1146,1499,0.1388
357,1156,1513,0.1388
359,1147,1506,0.1388
359,1142,1501,0.1388
365,1135,1500,0.1388
363,1146,1509,0.1388
366,1139,1505,0.1388
361,1134,1495,0.1388
365,1143,1508,0.1388
369,1148,1517,0.1388
365,1155,1520,0.1388
355,1149,1504,0.1388
356,1147,1503,0.1388
362,1150,1512,0.1388
359,1144,1503,0.1388
359,1139,1498,0.1388
361,1145,1506,0.1388
357,1142,1499,0.1388
353,1157,1510,0.1388
350,1138,1488,0.1388
349,1140,1489,0.1388
351,1145,1496,0.1388
359,1152,1511,0.1388
359,1151,1510,0.1388
349,1161,1510,0.1388
349,1161,1510,0.1388
350,1149,1499,0.1388
346,1152,1498,0.1388
339,1153,1492,0.1388
343,1162,1505,0.1388
344,1168,1512,0.1388
342,1169,1511,0.1388
347,1174,1521,0.1388
350,1163,1513,0.1388
354,1166,1520,0.1388
356,1170,1526,0.1388
349,1168,1517,0.1388
347,1165,1512,0.1388
346,1171,1517,0.1388
341,1173,1514,0.1388
344,1181,1525,0.1388
338,1175,1513,0.1388
335,1165,1500,0.1388
334,1168,1502,0.1388
333,1177,1510,0.1388
336,1174,1510,0.1388
331,1165,1496,0.1388
330,1175,1505,0.1388
334,1175,1509,0.1388
338,1172,1510,0.1388
336,1177,1513,0.1388
335,1177,1512,0.1388
332,1176,1508,0.1388
335,1180,1515,0.1388
340,1181,1521,0.1388
338,1183,1521,0.1388
333,1183,1516,0.1388
329,1169,1498,0.1388
327,1181,1508,0.1388
331,1174,1505,0.1388
327,1183,1510,0.1388
320,1191,1511,0.1388
320,1194,1514,0.1388
318,1198,1516,0.1388
310,1198,1508,0.1388
313,1209,1522,0.1388
311,1210,1521,0.1388
314,1203,1517,0.1388
317,1194,1511,0.1388
321,1194,1515,0.1388
322,1198,1520,0.1388
318,1198,1516,0.1388
322,1203,1525,0.1388
321,1203,1524,0.1388
319,1215,1534,0.1388
317,1206,1523,0.1388
318,1213,1531,0.1388
316,1205,1521,0.1388
313,1201,1514,0.1388
312,1191,1503,0.1388
313,1185,1498,0.1388
310,1198,1508,0.1388
311,1203,1514,0.1388
313,1213,1526,0.1388
311,1199,1510,0.1388
308,1204,1512,0.1388
300,1200,1500,0.1388
304,1193,1497,0.1388
300,1189,1489,0.1388
300,1199,1499,0.1388
300,1197,1497,0.1388
302,1213,1515,0.1388
289,1209,1498,0.1388
291,1210,1501,0.1388
291,1211,1502,0.1388
296,1228,1524,0.1388
299,1232,1531,0.1388
303,1228,1531,0.1388
302,1229,1531,0.1388
298,1237,1535,0.1388
296,1226,1522,0.1388
297,1227,1524,0.1388
299,1226,1525,0.1388
300,1216,1516,0.1388
305,1219,1524,0.1388
298,1225,1523,0.1388
287,1237,1524,0.1388
292,1217,1509,0.1388
287,1211,1498,0.1388
285,1214,1499,0.1388
281,1210,1491,0.1388
281,1230,1511,0.1388
286,1230,1516,0.1388
291,1226,1517,0.1388
290,1229,1519,0.1388
288,1227,1515,0.1388
279,1229,1508,0.1388
279,1235,1514,0.1388
282,1223,1505,0.1388
283,1221,1504,0.1388
284,1236,1520,0.1388
286,1227,1513,0.1388
283,1224,1507,0.1388
280,1233,1513,0.1388
284,1221,1505,0.1388
286,1225,1511,0.1388
286,1231,1517,0.1388
292,1229,1521,0.1388
292,1224,1516,0.1388
293,1230,1523,0.1388
288,1230,1518,0.1388
290,1218,1508,0.1388
288,1220,1508,0.1388
279,1229,1508,0.1388
286,1238,1524,0.1388
289,1236,1525,0.1388
290,1237,1527,0.1388
288,1246,1534,0.1388
285,1236,1521,0.1388
284,1242,1526,0.1388
280,1234,1514,0.1388
274,1241,1515,0.1388
277,1243,1520,0.1388
280,1250,1530,0.1388
282,1238,1520,0.1388
279,1234,1513,0.1388
278,1240,1518,0.1388
272,1251,1523,0.1388
270,1251,1521,0.1388
267,1236,1503,0.1388
267,1232,1499,0.1388
271,1245,1516,0.1388
269,1249,1518,0.1388
270,1232,1502,0.1388
267,1230,1497,0.1388
271,1238,1509,0.1388
271,1239,1510,0.1388
273,1241,1514,0.1388
273,1240,1513,0.1388
272,1228,1500,0.1388
277,1222,1499,0.1388
277,1229,1506,0.1388
277,1241,1518,0.1388
270,1242,1512,0.1388
265,1250,1515,0.1388
264,1245,1509,0.1388
262,1249,1511,0.1388
262,1245,1507,0.1388
263,1254,1517,0.1388
255,1258,1513,0.1388
250,1251,1501,0.1388
256,1253,1509,0.1388
252,1245,1497,0.1388
253,1245,1498,0.1388
253,1257,1510,0.1388
252,1246,1498,0.1388
252,1252,1504,0.1388
254,1249,1503,0.1388
261,1246,1507,0.1388
258,1254,1512,0.1388
257,1249,1506,0.1388
262,1250,1512,0.1388
261,1249,1510,0.1388
261,1241,1502,0.1388
263,1247,1510,0.1388
262,1251,1513,0.1388
261,1251,1512,0.1388
260,1256,1516,0.1388
263,1248,1511,0.1388
258,1261,1519,0.1388
254,1254,1508,0.1388
253,1249,1502,0.1388
258,1249,1507,0.1388
264,1255,1519,0.1388
264,1260,1524,0.1388
264,1255,1519,0.1388
261,1261,1522,0.1388
262,1240,1502,0.1388
257,1252,1509,0.1388
256,1268,1524,0.1388
257,1269,1526,0.1388
256,1269,1525,0.1388
260,1261,1521,0.1388
260,1259,1519,0.1388
261,1257,1518,0.1388
256,1264,1520,0.1388
251,1273,1524,0.1388
253,1272,1525,0.1388
252,1275,1527,0.1388
256,1269,1525,0.1388
259,1271,1530,0.1388
255,1272,1527,0.1388
255,1267,1522,0.1388
250,1276,1526,0.1388
248,1262,1510,0.1388
245,1261,1506,0.1388
246,1257,1503,0.1388
246,1268,1514,0.1388
251,1275,1526,0.1388
255,1272,1527,0.1388
251,1257,1508,0.1388
253,1261,1514,0.1388
251,1274,1525,0.1388
252,1275,1527,0.1388
254,1267,1521,0.1388
255,1253,1508,0.1388
252,1264,1516,0.1388
248,1254,1502,0.1388
246,1273,1519,0.1388
247,1269,1516,0.1388
246,1267,1513,0.1388
244,1274,1518,0.1388
246,1272,1518,0.1388
248,1278,1526,0.1388
251,1268,1519,0.1388
252,1267,1519,0.1388
244,1263,1507,0.1388
243,1276,1519,0.1388
243,1277,1520,0.1388
243,1279,1522,0.1388
236,1281,1517,0.1388
235,1274,1509,0.1388
237,1262,1499,0.1388
240,1271,1511,0.1388
238,1277,1515,0.1388
242,1284,1526,0.1388
237,1274,1511,0.1388
236,1279,1515,0.1388
237,1276,1513,0.1388
240,1272,1512,0.1388
235,1278,1513,0.1388
229,1284,1513,0.1388
225,1285,1510,0.1388
227,1285,1512,0.1388
232,1292,1524,0.1388
233,1288,1521,0.1388
229,1277,1506,0.1388
224,1285,1509,0.1388
227,1285,1512,0.1388
223,1299,1522,0.1388
220,1302,1522,0.1388
224,1297,1521,0.1388
225,1287,1512,0.1388
220,1285,1505,0.1388
215,1275,1490,0.1388
216,1285,1501,0.1388
217,1295,1512,0.1388
226,1301,1527,0.1388
220,1313,1533,0.1388
222,1316,1538,0.1388
219,1312,1531,0.1388
215,1311,1526,0.1388
219,1314,1533,0.1388
216,1321,1537,0.1388
218,1306,1524,0.1388
215,1309,1524,0.1388
206,1302,1508,0.1388
211,1311,1522,0.1388
212,1301,1513,0.1388
220,1297,1517,0.1388
220,1289,1509,0.1388
217,1288,1505,0.1388
217,1293,1510,0.1388
210,1293,1503,0.1388
215,1306,1521,0.1388
215,1296,1511,0.1388
213,1289,1502,0.1388
214,1293,1507,0.1388
212,1286,1498,0.1388
210,1296,1506,0.1388
216,1303,1519,0.1388
213,1296,1509,0.1388
218,1304,1522,0.1388
221,1301,1522,0.1388
219,1289,1508,0.1388
213,1297,1510,0.1388
215,1297,1512,0.1388
214,1294,1508,0.1388
214,1311,1525,0.1388
216,1306,1522,0.1388
217,1302,1519,0.1388
218,1314,1532,0.1388
216,1313,1529,0.1388
215,1308,1523,0.1388
217,1297,1514,0.1388
214,1293,1507,0.1388
210,1308,1518,0.1388
206,1300,1506,0.1388
204,1304,1508,0.1388
206,1304,1510,0.1388
204,1297,1501,0.1388
210,1299,1509,0.1388
210,1307,1517,0.1388
206,1303,1509,0.1388
206,1297,1503,0.1388
206,1293,1499,0.1388
206,1299,1505,0.1388
204,1303,1507,0.1388
203,1304,1507,0.1388
204,1308,1512,0.1388
209,1298,1507,0.1388
208,1299,1507,0.1388
206,1312,1518,0.1388
205,1305,1510,0.1388
203,1301,1504,0.1388
206,1288,1494,0.1388
211,1303,1514,0.1388
210,1305,1515,0.1388
209,1307,1516,0.1388
207,1311,1518,0.1388
209,1311,1520,0.1388
206,1311,1517,0.1388
206,1304,1510,0.1388
208,1302,1510,0.1388
209,1313,1522,0.1388
209,1311,1520,0.1388
212,1309,1521,0.1388
211,1297,1508,0.1388
210,1309,1519,0.1388
204,1321,1525,0.1388
204,1306,1510,0.1388
200,1311,1511,0.1388
198,1297,1495,0.1388
202,1304,1506,0.1388
201,1315,1516,0.1388
198,1318,1516,0.1388
196,1302,1498,0.1388
199,1306,1505,0.1388
198,1308,1506,0.1388
197,1318,1515,0.1388
195,1321,1516,0.1388
198,1316,1514,0.1388
203,1319,1522,0.1388
197,1311,1508,0.1388
196,1323,1519,0.1388
196,1332,1528,0.1388
196,1320,1516,0.1388
194,1309,1503,0.1388
196,1315,1511,0.1388
196,1308,1504,0.1388
194,1306,1500,0.1388
195,1313,1508,0.1388
194,1313,1507,0.1388
192,1324,1516,0.1388
190,1325,1515,0.1388
193,1319,1512,0.1388
194,1315,1509,0.1388
190,1324,1514,0.1388
192,1320,1512,0.1388
196,1324,1520,0.1388
197,1321,1518,0.1388
190,1327,1517,0.1388
188,1339,1527,0.1388
189,1334,1523,0.1388
193,1330,1523,0.1388
191,1334,1525,0.1388
191,1332,1523,0.1388
188,1339,1527,0.1388
194,1325,1519,0.1388
185,1345,1530,0.1388
182,1349,1531,0.1388
181,1343,1524,0.1388
181,1336,1517,0.1388
182,1333,1515,0.1388
182,1334,1516,0.1388
185,1335,1520,0.1388
184,1330,1514,0.1388
189,1332,1521,0.1388
188,1339,1527,0.1388
186,1349,1535,0.1388
188,1349,1537,0.1388
187,1335,1522,0.1388
189,1328,1517,0.1388
184,1334,1518,0.1388
180,1326,1506,0.1388
175,1320,1495,0.1388
176,1317,1493,0.1388
183,1316,1499,0.1388
186,1317,1503,0.1388
180,1320,1500,0.1388
177,1334,1511,0.1388
176,1342,1518,0.1388
178,1328,1506,0.1388
176,1338,1514,0.1388
177,1333,1510,0.1388
178,1337,1515,0.1388
179,1331,1510,0.1388
175,1328,1503,0.1388
179,1347,1526,0.1388
179,1343,1522,0.1388
178,1343,1521,0.1388
171,1337,1508,0.1388
171,1337,1508,0.1388
171,1344,1515,0.1388
168,1339,1507,0.1388
171,1340,1511,0.1388
170,1325,1495,0.1388
171,1336,1507,0.1388
174,1335,1509,0.1388
175,1333,1508,0.1388
172,1335,1507,0.1388
170,1340,1510,0.1388
169,1336,1505,0.1388
169,1342,1511,0.1388
166,1348,1514,0.1388
167,1353,1520,0.1388
172,1353,1525,0.1388
171,1349,1520,0.1388
172,1352,1524,0.1388
170,1343,1513,0.1388
169,1348,1517,0.1388
171,1352,1523,0.1388
170,1341,1511,0.1388
171,1352,1523,0.1388
173,1341,1514,0.1388
173,1349,1522,0.1388
173,1347,1520,0.1388
172,1348,1520,0.1388
174,1339,1513,0.1388
170,1333,1503,0.1388
167,1340,1507,0.1388
167,1336,1503,0.1388
174,1341,1515,0.1388
175,1341,1516,0.1388
173,1340,1513,0.1388
172,1355,1527,0.1388
174,1358,1532,0.1388
171,1351,1522,0.1388
168,1354,1522,0.1388
167,1357,1524,0.1388
170,1355,1525,0.1388
165,1348,1513,0.1388
163,1345,1508,0.1388
167,1352,1519,0.1388
165,1348,1513,0.1388
165,1340,1505,0.1388
165,1343,1508,0.1388
165,1342,1507,0.1388
165,1356,1521,0.1388
166,1348,1514,0.1388
166,1351,1517,0.1388
167,1350,1517,0.1388
166,1354,1520,0.1388
163,1360,1523,0.1388
163,1370,1533,0.1388
160,1371,1531,0.1388
162,1372,1534,0.1388
163,1360,1523,0.1388
158,1360,1518,0.1388
156,1342,1498,0.1388
154,1346,1500,0.1388
157,1352,1509,0.1388
160,1347,1507,0.1388
161,1343,1504,0.1388
164,1345,1509,0.1388
166,1348,1514,0.1388
164,1345,1509,0.1388
166,1356,1522,0.1388
161,1360,1521,0.1388
162,1359,1521,0.1388
159,1349,1508,0.1388
159,1357,1516,0.1388
159,1357,1516,0.1388
160,1354,1514,0.1388
155,1352,1507,0.1388
152,1343,1495,0.1388
154,1348,1502,0.1388
155,1346,1501,0.1388
148,1349,1497,0.1388
152,1352,1504,0.1388
150,1353,1503,0.1388
148,1344,1492,0.1388
148,1356,1504,0.1388
146,1363,1509,0.1388
146,1355,1501,0.1388
147,1362,1509,0.1388
144,1367,1511,0.1388
142,1374,1516,0.1388
140,1368,1508,0.1388
139,1371,1510,0.1388
143,1359,1502,0.1388
144,1360,1504,0.1388
144,1366,1510,0.1388
144,1361,1505,0.1388
143,1363,1506,0.1388
143,1374,1517,0.1388
143,1366,1509,0.1388
144,1376,1520,0.1388
142,1368,1510,0.1388
141,1368,1509,0.1388
143,1363,1506,0.1388
145,1362,1507,0.1388
144,1368,1512,0.1388
148,1369,1517,0.1388
144,1372,1516,0.1388
144,1364,1508,0.1388
146,1365,1511,0.1388
147,1362,1509,0.1388
147,1358,1505,0.1388
146,1371,1517,0.1388
150,1377,1527,0.1388
149,1391,1540,0.1388
148,1380,1528,0.1388
149,1382,1531,0.1388
143,1384,1527,0.1388
141,1395,1536,0.1388
141,1385,1526,0.1388
140,1380,1520,0.1388
140,1378,1518,0.1388
142,1377,1519,0.1388
140,1377,1517,0.1388
143,1363,1506,0.1388
145,1357,1502,0.1388
138,1365,1503,0.1388
132,1362,1494,0.1388
132,1362,1494,0.1388
134,1361,1495,0.1388
138,1370,1508,0.1388
134,1374,1508,0.1388
130,1377,1507,0.1388
129,1385,1514,0.1388
133,1379,1512,0.1388
133,1376,1509,0.1388
138,1388,1526,0.1388
136,1394,1530,0.1388
137,1394,1531,0.1388
133,1394,1527,0.1388
140,1387,1527,0.1388
140,1400,1540,0.1388
141,1399,1540,0.1388
141,1393,1534,0.1388
144,1389,1533,0.1388
142,1386,1528,0.1388
143,1379,1522,0.1388
138,1365,1503,0.1388
140,1371,1511,0.1388
142,1350,1492,0.1388
147,1365,1512,0.1388
146,1363,1509,0.1388
149,1363,1512,0.1388
146,1365,1511,0.1388
152,1368,1520,0.1388
150,1357,1507,0.1388
147,1359,1506,0.1388
143,1354,1497,0.1388
145,1364,1509,0.1388
145,1372,1517,0.1388
144,1363,1507,0.1388
141,1365,1506,0.1388
139,1371,1510,0.1388
140,1370,1510,0.1388
143,1365,1508,0.1388
145,1371,1516,0.1388
142,1374,1516,0.1388
141,1375,1516,0.1388
144,1379,1523,0.1388
142,1378,1520,0.1388
140,1376,1516,0.1388
140,1377,1517,0.1388
142,1386,1528,0.1388
141,1383,1524,0.1388
140,1367,1507,0.1388
140,1364,1504,0.1388
140,1365,1505,0.1388
139,1380,1519,0.1388
136,1376,1512,0.1388
133,1381,1514,0.1388
129,1383,1512,0.1388
124,1380,1504,0.1388
126,1385,1511,0.1388
119,1388,1507,0.1388
121,1393,1514,0.1388
121,1393,1514,0.1388
122,1401,1523,0.1388
123,1391,1514,0.1388
119,1394,1513,0.1388
115,1412,1527,0.1388
119,1399,1518,0.1388
117,1396,1513,0.1388
117,1392,1509,0.1388
119,1392,1511,0.1388
119,1389,1508,0.1388
119,1380,1499,0.1388
116,1390,1506,0.1388
117,1382,1499,0.1388
115,1396,1511,0.1388
115,1391,1506,0.1388
111,1393,1504,0.1388
104,1403,1507,0.1388
106,1397,1503,0.1388
107,1398,1505,0.1388
107,1395,1502,0.1388
106,1399,1505,0.1388
107,1396,1503,0.1388
113,1406,1519,0.1388
115,1406,1521,0.1388
115,1423,1538,0.1388
114,1408,1522,0.1388
111,1412,1523,0.1388
110,1404,1514,0.1388
108,1396,1504,0.1388
103,1391,1494,0.1388
109,1401,1510,0.1388
108,1399,1507,0.1388
111,1396,1507,0.1388
113,1394,1507,0.1388
116,1391,1507,0.1388
122,1407,1529,0.1388
120,1414,1534,0.1388
118,1411,1529,0.1388
113,1397,1510,0.1388
117,1396,1513,0.1388
117,1395,1512,0.1388
115,1379,1494,0.1388
109,1389,1498,0.1388
113,1399,1512,0.1388
117,1401,1518,0.1388
115,1405,1520,0.1388
113,1405,1518,0.1388
110,1404,1514,0.1388
111,1402,1513,0.1388
110,1400,1510,0.1388
110,1392,1502,0.1388
109,1400,1509,0.1388
107,1391,1498,0.1388
108,1389,1497,0.1388
107,1412,1519,0.1388
110,1417,1527,0.1388
109,1422,1531,0.1388
109,1409,1518,0.1388
109,1406,1515,0.1388
109,1411,1520,0.1388
109,1420,1529,0.1388
110,1420,1530,0.1388
114,1412,1526,0.1388
109,1406,1515,0.1388
108,1406,1514,0.1388
105,1419,1524,0.1388
107,1421,1528,0.1388
109,1422,1531,0.1388
107,1415,1522,0.1388
104,1422,1526,0.1388
101,1423,1524,0.1388
100,1414,1514,0.1388
100,1415,1515,0.1388
99,1407,1506,0.1388
101,1417,1518,0.1388
102,1417,1519,0.1388
103,1404,1507,0.1388
106,1419,1525,0.1388
103,1406,1509,0.1388
102,1420,1522,0.1388
102,1420,1522,0.1388
99,1428,1527,0.1388
102,1431,1533,0.1388
101,1432,1533,0.1388
102,1427,1529,0.1388
104,1418,1522,0.1388
101,1413,1514,0.1388
103,1403,1506,0.1388
105,1417,1522,0.1388
104,1412,1516,0.1388
106,1416,1522,0.1388
104,1400,1504,0.1388
102,1401,1503,0.1388
100,1407,1507,0.1388
103,1411,1514,0.1388
101,1416,1517,0.1388
101,1416,1517,0.1388
102,1423,1525,0.1388
100,1415,1515,0.1388
97,1417,1514,0.1388
97,1420,1517,0.1388
97,1435,1532,0.1388
97,1433,1530,0.1388
98,1427,1525,0.1388
99,1444,1543,0.1388
99,1424,1523,0.1388
96,1436,1532,0.1388
99,1432,1531,0.1388
98,1425,1523,0.1388
93,1424,1517,0.1388
94,1419,1513,0.1388
96,1427,1523,0.1388
94,1430,1524,0.1388
93,1422,1515,0.1388
90,1434,1524,0.1388
90,1419,1509,0.1388
93,1417,1510,0.1388
90,1421,1511,0.1388
90,1428,1518,0.1388
94,1425,1519,0.1388
90,1436,1526,0.1388
91,1444,1535,0.1388
92,1422,1514,0.1388
91,1415,1506,0.1388
89,1418,1507,0.1388
90,1414,1504,0.1388
94,1408,1502,0.1388
95,1425,1520,0.1388
94,1429,1523,0.1388
95,1421,1516,0.1388
94,1424,1518,0.1388
94,1428,1522,0.1388
95,1415,1510,0.1388
95,1426,1521,0.1388
94,1433,1527,0.1388
89,1421,1510,0.1388
91,1425,1516,0.1388
89,1426,1515,0.1388
90,1409,1499,0.1388
91,1420,1511,0.1388
90,1426,1516,0.1388
89,1435,1524,0.1388
87,1439,1526,0.1388
86,1441,1527,0.1388
87,1423,1510,0.1388
87,1423,1510,0.1388
87,1439,1526,0.1388
83,1435,1518,0.1388
83,1424,1507,0.1388
85,1433,1518,0.1388
84,1435,1519,0.1388
84,1435,1519,0.1388
85,1436,1521,0.1388
87,1444,1531,0.1388
88,1435,1523,0.1388
87,1434,1521,0.1388
85,1425,1510,0.1388
84,1424,1508,0.1388
82,1438,1520,0.1388
82,1432,1514,0.1388
83,1424,1507,0.1388
87,1435,1522,0.1388
88,1431,1519,0.1388
88,1444,1532,0.1388
85,1444,1529,0.1388
81,1437,1518,0.1388
79,1432,1511,0.1388
83,1438,1521,0.1388
85,1431,1516,0.1388
85,1429,1514,0.1388
86,1426,1512,0.1388
88,1434,1522,0.1388
85,1446,1531,0.1388
84,1440,1524,0.1388
83,1449,1532,0.1388
86,1448,1534,0.1388
85,1447,1532,0.1388
87,1445,1532,0.1388
86,1443,1529,0.1388
88,1427,1515,0.1388
85,1443,1528,0.1388
82,1425,1507,0.1388
85,1430,1515,0.1388
86,1423,1509,0.1388
83,1426,1509,0.1388
85,1440,1525,0.1388
87,1429,1516,0.1388
88,1424,1512,0.1388
88,1419,1507,0.1388
87,1427,1514,0.1388
87,1432,1519,0.1388
87,1426,1513,0.1388
84,1433,1517,0.1388
82,1438,1520,0.1388
84,1436,1520,0.1388
83,1439,1522,0.1388
86,1422,1508,0.1388
87,1428,1515,0.1388
88,1447,1535,0.1388
86,1430,1516,0.1388
87,1437,1524,0.1388
85,1443,1528,0.1388
86,1438,1524,0.1388
85,1437,1522,0.1388
84,1445,1529,0.1388
80,1446,1526,0.1388
80,1436,1516,0.1388
83,1441,1524,0.1388
83,1442,1525,0.1388
83,1432,1515,0.1388
83,1433,1516,0.1388
84,1419,1503,0.1388
83,1428,1511,0.1388
84,1440,1524,0.1388
81,1417,1498,0.1388
81,1415,1496,0.1388
81,1418,1499,0.1388
86,1428,1514,0.1388
81,1436,1517,0.1388
82,1433,1515,0.1388
80,1431,1511,0.1388
81,1434,1515,0.1388
81,1430,1511,0.1388
81,1430,1511,0.1388
79,1441,1520,0.1388
81,1445,1526,0.1388
82,1446,1528,0.1388
80,1444,1524,0.1388
80,1427,1507,0.1388
78,1445,1523,0.1388
81,1450,1531,0.1388
79,1450,1529,0.1388
80,1454,1534,0.1388
79,1452,1531,0.1388
81,1442,1523,0.1388
83,1451,1534,0.1388
84,1439,1523,0.1388
78,1448,1526,0.1388
78,1449,1527,0.1388
78,1441,1519,0.1388
81,1430,1511,0.1388
81,1415,1496,0.1388
84,1422,1506,0.1388
84,1426,1510,0.1388
82,1427,1509,0.1388
85,1427,1512,0.1388
86,1420,1506,0.1388
86,1417,1503,0.1388
87,1414,1501,0.1388
88,1429,1517,0.1388
90,1434,1524,0.1388
88,1421,1509,0.1388
89,1419,1508,0.1388
88,1405,1493,0.1388
86,1409,1495,0.1388
82,1415,1497,0.1388
82,1425,1507,0.1388
85,1415,1500,0.1388
82,1417,1499,0.1388
82,1421,1503,0.1388
78,1430,1508,0.1388
80,1439,1519,0.1388
81,1435,1516,0.1388
81,1437,1518,0.1388
84,1445,1529,0.1388
82,1445,1527,0.1388
86,1424,1510,0.1388
86,1429,1515,0.1388
87,1433,1520,0.1388
87,1444,1531,0.1388
86,1447,1533,0.1388
83,1437,1520,0.1388
82,1435,1517,0.1388
82,1437,1519,0.1388
81,1435,1516,0.1388
84,1430,1514,0.1388
83,1427,1510,0.1388
84,1437,1521,0.1388
85,1432,1517,0.1388
82,1429,1511,0.1388
80,1422,1502,0.1388
79,1424,1503,0.1388
77,1428,1505,0.1388
73,1431,1504,0.1388
73,1443,1516,0.1388
76,1440,1516,0.1388
77,1432,1509,0.1388
75,1428,1503,0.1388
76,1424,1500,0.1388
75,1428,1503,0.1388
77,1421,1498,0.1388
77,1425,1502,0.1388
80,1420,1500,0.1388
80,1416,1496,0.1388
79,1422,1501,0.1388
75,1426,1501,0.1388
77,1433,1510,0.1388
74,1439,1513,0.1388
75,1447,1522,0.1388
75,1450,1525,0.1388
72,1444,1516,0.1388
72,1445,1517,0.1388
72,1456,1528,0.1388
71,1463,1534,0.1388
74,1454,1528,0.1388
75,1440,1515,0.1388
75,1443,1518,0.1388
78,1432,1510,0.1388
76,1433,1509,0.1388
76,1439,1515,0.1388
74,1438,1512,0.1388
75,1430,1505,0.1388
72,1445,1517,0.1388
73,1432,1505,0.1388
74,1436,1510,0.1388
73,1440,1513,0.1388
75,1442,1517,0.1388
76,1438,1514,0.1388
77,1446,1523,0.1388
78,1441,1519,0.1388
82,1445,1527,0.1388
82,1430,1512,0.1388
80,1440,1520,0.1388
80,1439,1519,0.1388
80,1439,1519,0.1388
79,1434,1513,0.1388
76,1434,1510,0.1388
77,1447,1524,0.1388
75,1454,1529,0.1388
78,1457,1535,0.1388
76,1463,1539,0.1388
74,1461,1535,0.1388
75,1452,1527,0.1388
71,1457,1528,0.1388
69,1457,1526,0.1388
69,1453,1522,0.1388
68,1458,1526,0.1388
69,1448,1517,0.1388
67,1446,1513,0.1388
69,1453,1522,0.1388
68,1450,1518,0.1388
66,1448,1514,0.1388
70,1444,1514,0.1388
72,1446,1518,0.1388
73,1444,1517,0.1388
73,1435,1508,0.1388
75,1433,1508,0.1388
74,1423,1497,0.1388
73,1442,1515,0.1388
74,1443,1517,0.1388
76,1442,1518,0.1388
76,1439,1515,0.1388
75,1434,1509,0.1388
74,1439,1513,0.1388
72,1443,1515,0.1388
72,1447,1519,0.1388
72,1438,1510,0.1388
70,1438,1508,0.1388
70,1436,1506,0.1388
70,1440,1510,0.1388
70,1444,1514,0.1388
69,1457,1526,0.1388
66,1448,1514,0.1388
69,1447,1516,0.1388
70,1455,1525,0.1388
70,1453,1523,0.1388
69,1452,1521,0.1388
71,1450,1521,0.1388
72,1428,1500,0.1388
71,1435,1506,0.1388
71,1441,1512,0.1388
69,1452,1521,0.1388
70,1454,1524,0.1388
72,1446,1518,0.1388
71,1442,1513,0.1388
71,1441,1512,0.1388
70,1431,1501,0.1388
72,1436,1508,0.1388
66,1439,1505,0.1388
65,1444,1509,0.1388
67,1455,1522,0.1388
63,1450,1513,0.1388
64,1428,1492,0.1388
67,1436,1503,0.1388
70,1439,1509,0.1388
71,1434,1505,0.1388
71,1441,1512,0.1388
70,1443,1513,0.1388
70,1439,1509,0.1388
71,1442,1513,0.1388
70,1450,1520,0.1388
71,1446,1517,0.1388
67,1441,1508,0.1388
70,1443,1513,0.1388
66,1433,1499,0.1388
65,1438,1503,0.1388
64,1430,1494,0.1388
66,1442,1508,0.1388
65,1454,1519,0.1388
64,1457,1521,0.1388
67,1464,1531,0.1388
65,1456,1521,0.1388
61,1445,1506,0.1388
60,1433,1493,0.1388
62,1443,1505,0.1388
63,1451,1514,0.1388
65,1452,1517,0.1388
65,1452,1517,0.1388
63,1450,1513,0.1388
64,1435,1499,0.1388
65,1440,1505,0.1388
65,1439,1504,0.1388
65,1435,1500,0.1388
64,1441,1505,0.1388
62,1445,1507,0.1388
63,1453,1516,0.1388
60,1456,1516,0.1388
61,1461,1522,0.1388
62,1459,1521,0.1388
63,1458,1521,0.1388
64,1451,1515,0.1388
63,1440,1503,0.1388
62,1463,1525,0.1388
60,1459,1519,0.1388
60,1452,1512,0.1388
60,1475,1535,0.1388
60,1472,1532,0.1388
59,1467,1526,0.1388
57,1458,1515,0.1388
55,1462,1517,0.1388
56,1468,1524,0.1388
58,1464,1522,0.1388
57,1459,1516,0.1388
56,1449,1505,0.1388
57,1454,1511,0.1388
56,1463,1519,0.1388
54,1461,1515,0.1388
56,1465,1521,0.1388
55,1457,1512,0.1388
57,1464,1521,0.1388
59,1457,1516,0.1388
57,1448,1505,0.1388
57,1461,1518,0.1388
55,1463,1518,0.1388
56,1448,1504,0.1388
56,1450,1506,0.1388
56,1449,1505,0.1388
56,1451,1507,0.1388
52,1460,1512,0.1388
52,1465,1517,0.1388
53,1475,1528,0.1388
51,1469,1520,0.1388
54,1465,1519,0.1388
54,1457,1511,0.1388
55,1460,1515,0.1388
56,1470,1526,0.1388
54,1464,1518,0.1388
54,1474,1528,0.1388
53,1465,1518,0.1388
55,1467,1522,0.1388
54,1465,1519,0.1388
55,1468,1523,0.1388
53,1459,1512,0.1388
52,1455,1507,0.1388
52,1460,1512,0.1388
55,1449,1504,0.1388
55,1453,1508,0.1388
56,1464,1520,0.1388
52,1466,1518,0.1388
53,1471,1524,0.1388
53,1480,1533,0.1388
52,1479,1531,0.1388
53,1469,1522,0.1388
51,1472,1523,0.1388
50,1468,1518,0.1388
50,1466,1516,0.1388
51,1466,1517,0.1388
52,1462,1514,0.1388
55,1459,1514,0.1388
53,1456,1509,0.1388
54,1453,1507,0.1388
53,1452,1505,0.1388
53,1449,1502,0.1388
51,1465,1516,0.1388
51,1468,1519,0.1388
47,1466,1513,0.1388
48,1472,1520,0.1388
47,1469,1516,0.1388
47,1469,1516,0.1388
43,1461,1504,0.1388
45,1459,1504,0.1388
45,1460,1505,0.1388
49,1461,1510,0.1388
52,1456,1508,0.1388
50,1464,1514,0.1388
50,1465,1515,0.1388
48,1462,1510,0.1388
48,1464,1512,0.1388
46,1472,1518,0.1388
46,1476,1522,0.1388
49,1471,1520,0.1388
49,1467,1516,0.1388
48,1465,1513,0.1388
50,1462,1512,0.1388
51,1462,1513,0.1388
49,1464,1513,0.1388
49,1449,1498,0.1388
51,1474,1525,0.1388
51,1485,1536,0.1388
50,1482,1532,0.1388
49,1476,1525,0.1388
48,1472,1520,0.1388
49,1463,1512,0.1388
51,1469,1520,0.1388
51,1467,1518,0.1388
49,1472,1521,0.1388
51,1461,1512,0.1388
52,1468,1520,0.1388
52,1456,1508,0.1388
54,1459,1513,0.1388
52,1448,1500,0.1388
54,1456,1510,0.1388
54,1460,1514,0.1388
55,1450,1505,0.1388
56,1466,1522,0.1388
54,1461,1515,0.1388
53,1453,1506,0.1388
53,1451,1504,0.1388
51,1453,1504,0.1388
50,1462,1512,0.1388
49,1458,1507,0.1388
48,1469,1517,0.1388
48,1462,1510,0.1388
50,1476,1526,0.1388
51,1479,1530,0.1388
53,1461,1514,0.1388
52,1458,1510,0.1388
53,1459,1512,0.1388
51,1457,1508,0.1388
50,1452,1502,0.1388
49,1451,1500,0.1388
50,1453,1503,0.1388
50,1462,1512,0.1388
48,1460,1508,0.1388
48,1463,1511,0.1388
46,1461,1507,0.1388
49,1463,1512,0.1388
50,1465,1515,0.1388
51,1461,1512,0.1388
50,1470,1520,0.1388
52,1468,1520,0.1388
51,1468,1519,0.1388
51,1479,1530,0.1388
50,1472,1522,0.1388
52,1464,1516,0.1388
50,1460,1510,0.1388
48,1459,1507,0.1388
46,1451,1497,0.1388
45,1464,1509,0.1388
45,1458,1503,0.1388
44,1461,1505,0.1388
43,1459,1502,0.1388
43,1469,1512,0.1388
44,1475,1519,0.1388
45,1487,1532,0.1388
43,1478,1521,0.1388
44,1474,1518,0.1388
44,1469,1513,0.1388
46,1465,1511,0.1388
48,1457,1505,0.1388
46,1461,1507,0.1388
48,1472,1520,0.1388
48,1479,1527,0.1388
47,1473,1520,0.1388
48,1465,1513,0.1388
47,1455,1502,0.1388
47,1470,1517,0.1388
47,1464,1511,0.1388
47,1478,1525,0.1388
47,1472,1519,0.1388
47,1472,1519,0.1388
45,1470,1515,0.1388
44,1478,1522,0.1388
44,1459,1503,0.1388
43,1474,1517,0.1388
43,1486,1529,0.1388
43,1483,1526,0.1388
42,1481,1523,0.1388
43,1471,1514,0.1388
45,1476,1521,0.1388
44,1461,1505,0.1388
44,1475,1519,0.1388
42,1463,1505,0.1388
42,1459,1501,0.1388
45,1452,1497,0.1388
43,1463,1506,0.1388
41,1469,1510,0.1388
41,1475,1516,0.1388
41,1479,1520,0.1388
43,1491,1534,0.1388
43,1484,1527,0.1388
43,1488,1531,0.1388
43,1485,1528,0.1388
44,1479,1523,0.1388
42,1464,1506,0.1388
44,1475,1519,0.1388
43,1472,1515,0.1388
42,1484,1526,0.1388
41,1485,1526,0.1388
45,1487,1532,0.1388
44,1480,1524,0.1388
45,1489,1534,0.1388
46,1494,1540,0.1388
41,1485,1526,0.1388
40,1484,1524,0.1388
41,1483,1524,0.1388
42,1477,1519,0.1388
41,1471,1512,0.1388
41,1483,1524,0.1388
42,1469,1511,0.1388
44,1466,1510,0.1388
44,1474,1518,0.1388
44,1481,1525,0.1388
42,1472,1514,0.1388
40,1473,1513,0.1388
40,1475,1515,0.1388
41,1486,1527,0.1388
43,1492,1535,0.1388
42,1488,1530,0.1388
43,1479,1522,0.1388
42,1476,1518,0.1388
44,1487,1531,0.1388
44,1478,1522,0.1388
45,1471,1516,0.1388
45,1478,1523,0.1388
43,1473,1516,0.1388
41,1472,1513,0.1388
42,1481,1523,0.1388
41,1469,1510,0.1388
41,1467,1508,0.1388
44,1475,1519,0.1388
44,1471,1515,0.1388
44,1470,1514,0.1388
45,1482,1527,0.1388
45,1489,1534,0.1388
45,1488,1533,0.1388
46,1476,1522,0.1388
47,1471,1518,0.1388
43,1466,1509,0.1388
44,1470,1514,0.1388
43,1462,1505,0.1388
42,1476,1518,0.1388
43,1463,1506,0.1388
42,1464,1506,0.1388
45,1461,1506,0.1388
44,1449,1493,0.1388
45,1461,1506,0.1388
44,1462,1506,0.1388
44,1457,1501,0.1388
44,1456,1500,0.1388
45,1458,1503,0.1388
46,1468,1514,0.1388
47,1472,1519,0.1388
45,1465,1510,0.1388
44,1461,1505,0.1388
42,1465,1507,0.1388
40,1466,1506,0.1388
41,1476,1517,0.1388
40,1482,1522,0.1388
43,1496,1539,0.1388
42,1485,1527,0.1388
41,1477,1518,0.1388
41,1483,1524,0.1388
40,1490,1530,0.1388
40,1477,1517,0.1388
39,1479,1518,0.1388
39,1465,1504,0.1388
37,1480,1517,0.1388
39,1461,1500,0.1388
36,1460,1496,0.1388
38,1454,1492,0.1388
39,1462,1501,0.1388
38,1462,1500,0.1388
38,1455,1493,0.1388
39,1460,1499,0.1388
41,1477,1518,0.1388
43,1476,1519,0.1388
42,1475,1517,0.1388
44,1481,1525,0.1388
45,1457,1502,0.1388
47,1460,1507,0.1388
47,1459,1506,0.1388
45,1469,1514,0.1388
45,1451,1496,0.1388
44,1459,1503,0.1388
44,1473,1517,0.1388
43,1482,1525,0.1388
47,1464,1511,0.1388
49,1468,1517,0.1388
46,1458,1504,0.1388
45,1467,1512,0.1388
47,1441,1488,0.1388
47,1446,1493,0.1388
48,1459,1507,0.1388
47,1456,1503,0.1388
46,1463,1509,0.1388
44,1471,1515,0.1388
44,1476,1520,0.1388
45,1476,1521,0.1388
45,1473,1518,0.1388
44,1480,1524,0.1388
45,1485,1530,0.1388
45,1471,1516,0.1388
44,1476,1520,0.1388
44,1486,1530,0.1388
45,1491,1536,0.1388
43,1480,1523,0.1388
43,1478,1521,0.1388
42,1475,1517,0.1388
42,1475,1517,0.1388
40,1481,1521,0.1388
38,1478,1516,0.1388
37,1475,1512,0.1388
37,1474,1511,0.1388
38,1490,1528,0.1388
39,1472,1511,0.1388
40,1480,1520,0.1388
40,1482,1522,0.1388
40,1475,1515,0.1388
41,1481,1522,0.1388
38,1477,1515,0.1388
36,1476,1512,0.1388
37,1482,1519,0.1388
36,1480,1516,0.1388
37,1478,1515,0.1388
35,1476,1511,0.1388
35,1490,1525,0.1388
35,1478,1513,0.1388
34,1482,1516,0.1388
35,1483,1518,0.1388
36,1486,1522,0.1388
35,1487,1522,0.1388
35,1476,1511,0.1388
37,1479,1516,0.1388
38,1488,1526,0.1388
37,1486,1523,0.1388
38,1481,1519,0.1388
36,1476,1512,0.1388
40,1483,1523,0.1388
40,1480,1520,0.1388
38,1476,1514,0.1388
37,1473,1510,0.1388
37,1480,1517,0.1388
39,1482,1521,0.1388
39,1482,1521,0.1388
40,1477,1517,0.1388
41,1482,1523,0.1388
41,1480,1521,0.1388
41,1481,1522,0.1388
39,1477,1516,0.1388
37,1470,1507,0.1388
38,1471,1509,0.1388
38,1467,1505,0.1388
37,1464,1501,0.1388
38,1473,1511,0.1388
36,1482,1518,0.1388
37,1489,1526,0.1388
37,1488,1525,0.1388
36,1481,1517,0.1388
35,1479,1514,0.1388
35,1474,1509,0.1388
35,1483,1518,0.1388
33,1485,1518,0.1388
36,1498,1534,0.1388
35,1494,1529,0.1388
35,1483,1518,0.1388
33,1482,1515,0.1388
35,1471,1506,0.1388
35,1480,1515,0.1388
35,1474,1509,0.1388
36,1470,1506,0.1388
36,1463,1499,0.1388
36,1471,1507,0.1388
36,1474,1510,0.1388
38,1474,1512,0.1388
38,1482,1520,0.1388
39,1473,1512,0.1388
39,1476,1515,0.1388
39,1479,1518,0.1388
39,1486,1525,0.1388
39,1482,1521,0.1388
38,1488,1526,0.1388
36,1481,1517,0.1388
35,1486,1521,0.1388
38,1490,1528,0.1388
39,1475,1514,0.1388
37,1475,1512,0.1388
38,1470,1508,0.1388
37,1466,1503,0.1388
37,1479,1516,0.1388
38,1486,1524,0.1388
37,1468,1505,0.1388
37,1479,1516,0.1388
37,1481,1518,0.1388
37,1476,1513,0.1388
34,1485,1519,0.1388
35,1480,1515,0.1388
34,1468,1502,0.1388
33,1471,1504,0.1388
35,1475,1510,0.1388
35,1468,1503,0.1388
33,1456,1489,0.1388
32,1458,1490,0.1388
31,1460,1491,0.1388
31,1469,1500,0.1388
29,1470,1499,0.1388
28,1476,1504,0.1388
29,1483,1512,0.1388
30,1490,1520,0.1388
31,1509,1540,0.1388
30,1510,1540,0.1388
29,1502,1531,0.1388
31,1489,1520,0.1388
31,1486,1517,0.1388
31,1480,1511,0.1388
31,1495,1526,0.1388
31,1499,1530,0.1388
31,1496,1527,0.1388
32,1495,1527,0.1388
31,1498,1529,0.1388
32,1490,1522,0.1388
30,1483,1513,0.1388
30,1481,1511,0.1388
30,1463,1493,0.1388
29,1478,1507,0.1388
30,1483,1513,0.1388
31,1491,1522,0.1388
31,1481,1512,0.1388
31,1493,1524,0.1388
29,1493,1522,0.1388
30,1487,1517,0.1388
30,1492,1522,0.1388
31,1485,1516,0.1388
32,1497,1529,0.1388
32,1486,1518,0.1388
32,1487,1519,0.1388
32,1471,1503,0.1388
31,1477,1508,0.1388
31,1475,1506,0.1388
30,1494,1524,0.1388
30,1499,1529,0.1388
30,1485,1515,0.1388
27,1473,1500,0.1388
28,1485,1513,0.1388
28,1493,1521,0.1388
27,1489,1516,0.1388
28,1489,1517,0.1388
28,1508,1536,0.1388
29,1496,1525,0.1388
29,1486,1515,0.1388
31,1494,1525,0.1388
30,1493,1523,0.1388
31,1489,1520,0.1388
31,1490,1521,0.1388
30,1503,1533,0.1388
30,1499,1529,0.1388
29,1489,1518,0.1388
30,1488,1518,0.1388
30,1479,1509,0.1388
30,1487,1517,0.1388
29,1485,1514,0.1388
29,1471,1500,0.1388
29,1493,1522,0.1388
31,1494,1525,0.1388
31,1475,1506,0.1388
31,1477,1508,0.1388
30,1476,1506,0.1388
30,1490,1520,0.1388
31,1470,1501,0.1388
31,1472,1503,0.1388
32,1469,1501,0.1388
31,1477,1508,0.1388
32,1480,1512,0.1388
32,1483,1515,0.1388
31,1482,1513,0.1388
31,1486,1517,0.1388
30,1480,1510,0.1388
30,1476,1506,0.1388
29,1483,1512,0.1388
29,1477,1506,0.1388
29,1487,1516,0.1388
29,1493,1522,0.1388
28,1490,1518,0.1388
28,1483,1511,0.1388
28,1490,1518,0.1388
28,1491,1519,0.1388
28,1491,1519,0.1388
29,1490,1519,0.1388
29,1486,1515,0.1388
28,1494,1522,0.1388
28,1491,1519,0.1388
29,1489,1518,0.1388
31,1492,1523,0.1388
32,1506,1538,0.1388
30,1498,1528,0.1388
32,1492,1524,0.1388
31,1495,1526,0.1388
31,1485,1516,0.1388
33,1492,1525,0.1388
34,1481,1515,0.1388
33,1490,1523,0.1388
32,1479,1511,0.1388
30,1493,1523,0.1388
30,1474,1504,0.1388
31,1494,1525,0.1388
32,1498,1530,0.1388
32,1494,1526,0.1388
32,1499,1531,0.1388
31,1496,1527,0.1388
30,1498,1528,0.1388
31,1467,1498,0.1388
29,1486,1515,0.1388
29,1483,1512,0.1388
29,1475,1504,0.1388
30,1480,1510,0.1388
29,1475,1504,0.1388
28,1472,1500,0.1388
27,1482,1509,0.1388
26,1500,1526,0.1388
26,1493,1519,0.1388
28,1492,1520,0.1388
29,1492,1521,0.1388
29,1477,1506,0.1388
29,1476,1505,0.1388
28,1478,1506,0.1388
29,1480,1509,0.1388
29,1474,1503,0.1388
29,1474,1503,0.1388
30,1480,1510,0.1388
30,1484,1514,0.1388
30,1481,1511,0.1388
27,1482,1509,0.1388
26,1494,1520,0.1388
26,1491,1517,0.1388
25,1486,1511,0.1388
24,1480,1504,0.1388
26,1456,1482,0.1388
28,1475,1503,0.1388
27,1495,1522,0.1388
27,1474,1501,0.1388
28,1470,1498,0.1388
28,1464,1492,0.1388
27,1476,1503,0.1388
27,1487,1514,0.1388
27,1496,1523,0.1388
25,1488,1513,0.1388
26,1505,1531,0.1388
26,1486,1512,0.1388
26,1490,1516,0.1388
27,1493,1520,0.1388
26,1498,1524,0.1388
25,1500,1525,0.1388
25,1489,1514,0.1388
25,1492,1517,0.1388
25,1478,1503,0.1388
23,1482,1505,0.1388
22,1480,1502,0.1388
23,1490,1513,0.1388
21,1487,1508,0.1388
22,1494,1516,0.1388
22,1489,1511,0.1388
22,1500,1522,0.1388
23,1497,1520,0.1388
22,1507,1529,0.1388
21,1510,1531,0.1388
21,1507,1528,0.1388
22,1483,1505,0.1388
22,1476,1498,0.1388
20,1491,1511,0.1388
19,1494,1513,0.1388
19,1495,1514,0.1388
17,1486,1503,0.1388
17,1490,1507,0.1388
18,1503,1521,0.1388
19,1500,1519,0.1388
19,1501,1520,0.1388
19,1494,1513,0.1388
21,1494,1515,0.1388
19,1508,1527,0.1388
19,1515,1534,0.1388
19,1513,1532,0.1388
19,1501,1520,0.1388
20,1498,1518,0.1388
20,1502,1522,0.1388
20,1509,1529,0.1388
20,1512,1532,0.1388
21,1515,1536,0.1388
21,1498,1519,0.1388
21,1488,1509,0.1388
21,1487,1508,0.1388
20,1491,1511,0.1388
20,1493,1513,0.1388
21,1486,1507,0.1388
21,1495,1516,0.1388
22,1493,1515,0.1388
22,1496,1518,0.1388
20,1497,1517,0.1388
20,1506,1526,0.1388
20,1497,1517,0.1388
19,1495,1514,0.1388
20,1488,1508,0.1388
20,1487,1507,0.1388
20,1494,1514,0.1388
19,1499,1518,0.1388
19,1507,1526,0.1388
19,1506,1525,0.1388
19,1506,1525,0.1388
18,1501,1519,0.1388
18,1498,1516,0.1388
18,1488,1506,0.1388
18,1500,1518,0.1388
19,1506,1525,0.1388
19,1501,1520,0.1388
19,1494,1513,0.1388
19,1489,1508,0.1388
19,1493,1512,0.1388
18,1504,1522,0.1388
18,1500,1518,0.1388
17,1497,1514,0.1388
16,1477,1493,0.1388
15,1477,1492,0.1388
14,1494,1508,0.1388
13,1498,1511,0.1388
14,1504,1518,0.1388
14,1508,1522,0.1388
14,1515,1529,0.1388
14,1513,1527,0.1388
15,1495,1510,0.1388
15,1502,1517,0.1388
15,1499,1514,0.1388
15,1513,1528,0.1388
15,1511,1526,0.1388
14,1502,1516,0.1388
14,1502,1516,0.1388
13,1497,1510,0.1388
14,1501,1515,0.1388
14,1502,1516,0.1388
13,1496,1509,0.1388
13,1493,1506,0.1388
14,1491,1505,0.1388
14,1502,1516,0.1388
14,1491,1505,0.1388
14,1490,1504,0.1388
15,1493,1508,0.1388
15,1507,1522,0.1388
16,1495,1511,0.1388
16,1502,1518,0.1388
12,1499,1511,0.1388
13,1508,1521,0.1388
13,1501,1514,0.1388
13,1502,1515,0.1388
12,1507,1519,0.1388
11,1493,1504,0.1388
11,1482,1493,0.1388
10,1495,1505,0.1388
10,1510,1520,0.1388
10,1518,1528,0.1388
10,1516,1526,0.1388
10,1521,1531,0.1388
10,1517,1527,0.1388
10,1517,1527,0.1388
9,1512,1521,0.1388
9,1508,1517,0.1388
9,1512,1521,0.1388
9,1508,1517,0.1388
9,1515,1524,0.1388
9,1501,1510,0.1388
9,1489,1498,0.1388
9,1481,1490,0.1388
9,1486,1495,0.1388
9,1498,1507,0.1388
10,1497,1507,0.1388
9,1507,1516,0.1388
9,1496,1505,0.1388
9,1508,1517,0.1388
9,1511,1520,0.1388
9,1500,1509,0.1388
9,1514,1523,0.1388
9,1504,1513,0.1388
9,1509,1518,0.1388
9,1512,1521,0.1388
11,1501,1512,0.1388
9,1503,1512,0.1388
9,1513,1522,0.1388
10,1520,1530,0.1388
10,1520,1530,0.1388
11,1517,1528,0.1388
10,1501,1511,0.1388
11,1503,1514,0.1388
11,1508,1519,0.1388
11,1513,1524,0.1388
12,1504,1516,0.1388
11,1495,1506,0.1388
12,1489,1501,0.1388
12,1500,1512,0.1388
13,1501,1514,0.1388
12,1485,1497,0.1388
12,1498,1510,0.1388
11,1499,1510,0.1388
11,1497,1508,0.1388
11,1485,1496,0.1388
11,1491,1502,0.1388
11,1496,1507,0.1388
11,1508,1519,0.1388
11,1500,1511,0.1388
11,1501,1512,0.1388
12,1503,1515,0.1388
12,1510,1522,0.1388
12,1511,1523,0.1388
12,1514,1526,0.1388
12,1507,1519,0.1388
12,1503,1515,0.1388
12,1515,1527,0.1388
12,1497,1509,0.1388
11,1498,1509,0.1388
11,1514,1525,0.1388
11,1508,1519,0.1388
10,1508,1518,0.1388
9,1508,1517,0.1388
11,1511,1522,0.1388
12,1530,1542,0.1388
12,1523,1535,0.1388
11,1510,1521,0.1388
12,1498,1510,0.1388
13,1506,1519,0.1388
12,1492,1504,0.1388
11,1492,1503,0.1388
12,1491,1503,0.1388
12,1495,1507,0.1388
11,1497,1508,0.1388
12,1492,1504,0.1388
10,1496,1506,0.1388
12,1499,1511,0.1388
12,1503,1515,0.1388
13,1497,1510,0.1388
12,1508,1520,0.1388
11,1526,1537,0.1388
12,1511,1523,0.1388
12,1512,1524,0.1388
13,1499,1512,0.1388
13,1503,1516,0.1388
14,1508,1522,0.1388
13,1508,1521,0.1388
13,1508,1521,0.1388
13,1506,1519,0.1388
13,1511,1524,0.1388
12,1507,1519,0.1388
12,1502,1514,0.1388
12,1504,1516,0.1388
11,1497,1508,0.1388
11,1509,1520,0.1388
11,1493,1504,0.1388
11,1498,1509,0.1388
12,1497,1509,0.1388
12,1493,1505,0.1388
13,1512,1525,0.1388
13,1506,1519,0.1388
15,1508,1523,0.1388
15,1501,1516,0.1388
15,1496,1511,0.1388
14,1500,1514,0.1388
14,1492,1506,0.1388
15,1486,1501,0.1388
16,1491,1507,0.1388
15,1493,1508,0.1388
15,1487,1502,0.1388
14,1495,1509,0.1388
14,1494,1508,0.1388
13,1502,1515,0.1388
13,1507,1520,0.1388
13,1501,1514,0.1388
13,1500,1513,0.1388
14,1492,1506,0.1388
13,1495,1508,0.1388
14,1491,1505,0.1388
14,1500,1514,0.1388
12,1510,1522,0.1388
12,1505,1517,0.1388
12,1507,1519,0.1388
10,1515,1525,0.1388
11,1517,1528,0.1388
12,1503,1515,0.1388
13,1503,1516,0.1388
13,1511,1524,0.1388
13,1506,1519,0.1388
14,1499,1513,0.1388
13,1500,1513,0.1388
13,1499,1512,0.1388
14,1504,1518,0.1388
15,1508,1523,0.1388
15,1517,1532,0.1388
12,1517,1529,0.1388
12,1526,1538,0.1388
13,1519,1532,0.1388
13,1519,1532,0.1388
13,1516,1529,0.1388
13,1508,1521,0.1388
15,1500,1515,0.1388
17,1500,1517,0.1388
17,1502,1519,0.1388
17,1492,1509,0.1388
19,1492,1511,0.1388
19,1491,1510,0.1388
20,1499,1519,0.1388
21,1486,1507,0.1388
22,1499,1521,0.1388
22,1510,1532,0.1388
22,1499,1521,0.1388
22,1494,1516,0.1388
21,1496,1517,0.1388
21,1501,1522,0.1388
20,1499,1519,0.1388
21,1491,1512,0.1388
21,1494,1515,0.1388
22,1496,1518,0.1388
22,1493,1515,0.1388
21,1493,1514,0.1388
21,1503,1524,0.1388
21,1500,1521,0.1388
20,1492,1512,0.1388
19,1494,1513,0.1388
21,1508,1529,0.1388
21,1498,1519,0.1388
21,1500,1521,0.1388
19,1494,1513,0.1388
18,1507,1525,0.1388
16,1511,1527,0.1388
15,1516,1531,0.1388
16,1489,1505,0.1388
16,1498,1514,0.1388
16,1500,1516,0.1388
15,1487,1502,0.1388
14,1491,1505,0.1388
13,1494,1507,0.1388
14,1503,1517,0.1388
14,1512,1526,0.1388
12,1517,1529,0.1388
13,1510,1523,0.1388
12,1511,1523,0.1388
12,1517,1529,0.1388
12,1512,1524,0.1388
12,1513,1525,0.1388
12,1508,1520,0.1388
13,1513,1526,0.1388
13,1501,1514,0.1388
14,1519,1533,0.1388
14,1515,1529,0.1388
14,1502,1516,0.1388
13,1518,1531,0.1388
12,1517,1529,0.1388
12,1504,1516,0.1388
12,1509,1521,0.1388
11,1507,1518,0.1388
11,1504,1515,0.1388
11,1507,1518,0.1388
11,1510,1521,0.1388
11,1503,1514,0.1388
11,1508,1519,0.1388
11,1507,1518,0.1388
11,1502,1513,0.1388
11,1499,1510,0.1388
11,1507,1518,0.1388
11,1511,1522,0.1388
11,1497,1508,0.1388
10,1487,1497,0.1388
10,1493,1503,0.1388
10,1494,1504,0.1388
10,1488,1498,0.1388
10,1498,1508,0.1388
10,1492,1502,0.1388
8,1499,1507,0.1388
8,1493,1501,0.1388
8,1483,1491,0.1388
8,1492,1500,0.1388
9,1494,1503,0.1388
9,1487,1496,0.1388
8,1493,1501,0.1388
8,1513,1521,0.1388
9,1512,1521,0.1388
9,1508,1517,0.1388
9,1505,1514,0.1388
5,1504,1509,0.1388
5,1507,1512,0.1388
6,1500,1506,0.1388
6,1501,1507,0.1388
5,1504,1509,0.1388
5,1512,1517,0.1388
5,1508,1513,0.1388
4,1517,1521,0.1388
4,1512,1516,0.1388
4,1521,1525,0.1388
4,1518,1522,0.1388
4,1512,1516,0.1388
4,1506,1510,0.1388
4,1505,1509,0.1388
4,1514,1518,0.1388
4,1516,1520,0.1388
4,1516,1520,0.1388
4,1512,1516,0.1388
4,1520,1524,0.1388
5,1515,1520,0.1388
6,1513,1519,0.1388
6,1517,1523,0.1388
6,1513,1519,0.1388
6,1521,1527,0.1388
6,1509,1515,0.1388
6,1509,1515,0.1388
6,1510,1516,0.1388
6,1510,1516,0.1388
6,1504,1510,0.1388
6,1513,1519,0.1388
5,1516,1521,0.1388
5,1518,1523,0.1388
5,1512,1517,0.1388
5,1500,1505,0.1388
6,1500,1506,0.1388
6,1496,1502,0.1388
6,1501,1507,0.1388
5,1501,1506,0.1388
5,1503,1508,0.1388
5,1515,1520,0.1388
5,1511,1516,0.1388
5,1522,1527,0.1388
5,1515,1520,0.1388
5,1513,1518,0.1388
5,1518,1523,0.1388
5,1508,1513,0.1388
5,1505,1510,0.1388
5,1502,1507,0.1388
4,1512,1516,0.1388
4,1511,1515,0.1388
4,1502,1506,0.1388
3,1505,1508,0.1388
4,1513,1517,0.1388
3,1506,1509,0.1388
3,1508,1511,0.1388
2,1503,1505,0.1388
2,1508,1510,0.1388
2,1514,1516,0.1388
3,1517,1520,0.1388
3,1522,1525,0.1388
3,1504,1507,0.1388
3,1511,1514,0.1388
3,1510,1513,0.1388
3,1512,1515,0.1388
3,1507,1510,0.1388
3,1519,1522,0.1388
3,1513,1516,0.1388
3,1512,1515,0.1388
2,1521,1523,0.1388
2,1520,1522,0.1388
2,1527,1529,0.1388
1,1522,1523,0.1388
1,1517,1518,0.1388
1,1520,1521,0.1388
1,1528,1529,0.1388
1,1515,1516,0.1388
1,1519,1520,0.1388
1,1517,1518,0.1388
1,1519,1520,0.1388
1,1519,1520,0.1388
1,1528,1529,0.1388
1,1515,1516,0.1388
1,1517,1518,0.1388
1,1512,1513,0.1388
1,1518,1519,0.1388
1,1514,1515,0.1388
1,1502,1503,0.1388
0,1512,1512,0.1388
