1370,28,1398,0.1388
1404,32,1436,0.1388
1411,34,1445,0.1388
1412,35,1447,0.1388
1404,33,1437,0.1388
1421,33,1454,0.1388
1438,34,1472,0.1388
1440,37,1477,0.1388
1453,35,1488,0.1388
1457,37,1494,0.1388
1467,38,1505,0.1388
1482,42,1524,0.1388
1474,44,1518,0.1388
1458,43,1501,0.1388
1452,43,1495,0.1388
1453,41,1494,0.1388
1456,41,1497,0.1388
1477,41,1518,0.1388
1479,41,1520,0.1388
1457,42,1499,0.1388
1459,43,1502,0.1388
1451,45,1496,0.1388
1447,45,1492,0.1388
1453,45,1498,0.1388
1445,48,1493,0.1388
1444,47,1491,0.1388
1426,49,1475,0.1388
1444,47,1491,0.1388
1448,50,1498,0.1388
1451,51,1502,0.1388
1444,50,1494,0.1388
1441,50,1491,0.1388
1444,47,1491,0.1388
1461,48,1509,0.1388
1446,48,1494,0.1388
1442,50,1492,0.1388
1461,49,1510,0.1388
1448,51,1499,0.1388
1434,51,1485,0.1388
1443,46,1489,0.1388
1461,46,1507,0.1388
1463,48,1511,0.1388
1460,49,1509,0.1388
1450,49,1499,0.1388
1449,49,1498,0.1388
1454,48,1502,0.1388
1450,49,1499,0.1388
1463,47,1510,0.1388
1456,46,1502,0.1388
1450,46,1496,0.1388
1435,47,1482,0.1388
1433,49,1482,0.1388
1435,50,1485,0.1388
1437,51,1488,0.1388
1448,49,1497,0.1388
1440,48,1488,0.1388
1441,46,1487,0.1388
1439,45,1484,0.1388
1464,48,1512,0.1388
1455,50,1505,0.1388
1452,52,1504,0.1388
1452,53,1505,0.1388
1441,54,1495,0.1388
1439,55,1494,0.1388
1438,53,1491,0.1388
1436,50,1486,0.1388
1449,52,1501,0.1388
1449,53,1502,0.1388
1440,59,1499,0.1388
1443,61,1504,0.1388
1439,59,1498,0.1388
1452,59,1511,0.1388
1457,60,1517,0.1388
1455,62,1517,0.1388
1452,60,1512,0.1388
1445,59,1504,0.1388
1434,61,1495,0.1388
1438,62,1500,0.1388
1426,64,1490,0.1388
1432,65,1497,0.1388
1438,64,1502,0.1388
1436,66,1502,0.1388
1437,64,1501,0.1388
1416,64,1480,0.1388
1421,66,1487,0.1388
1412,70,1482,0.1388
1430,70,1500,0.1388
1443,69,1512,0.1388
1450,68,1518,0.1388
1440,67,1507,0.1388
1432,65,1497,0.1388
1429,66,1495,0.1388
1439,65,1504,0.1388
1425,63,1488,0.1388
1439,66,1505,0.1388
1432,67,1499,0.1388
1431,65,1496,0.1388
1428,64,1492,0.1388
1435,63,1498,0.1388
1439,68,1507,0.1388
1431,68,1499,0.1388
1431,71,1502,0.1388
1440,71,1511,0.1388
1426,73,1499,0.1388
1430,74,1504,0.1388
1432,75,1507,0.1388
1439,75,1514,0.1388
1433,73,1506,0.1388
1429,71,1500,0.1388
1436,69,1505,0.1388
1430,69,1499,0.1388
1431,71,1502,0.1388
1427,71,1498,0.1388
1406,69,1475,0.1388
1420,71,1491,0.1388
1421,71,1492,0.1388
1415,69,1484,0.1388
1431,71,1502,0.1388
1432,73,1505,0.1388
1425,76,1501,0.1388
1423,76,1499,0.1388
1422,75,1497,0.1388
1414,74,1488,0.1388
1417,76,1493,0.1388
1421,74,1495,0.1388
1432,75,1507,0.1388
1412,73,1485,0.1388
1407,76,1483,0.1388
1418,77,1495,0.1388
1412,79,1491,0.1388
1425,81,1506,0.1388
1426,81,1507,0.1388
1418,80,1498,0.1388
1423,78,1501,0.1388
1422,79,1501,0.1388
1421,80,1501,0.1388
1415,78,1493,0.1388
1401,77,1478,0.1388
1414,77,1491,0.1388
1417,75,1492,0.1388
1419,80,1499,0.1388
1426,78,1504,0.1388
1425,78,1503,0.1388
1435,78,1513,0.1388
1439,78,1517,0.1388
1431,76,1507,0.1388
1428,75,1503,0.1388
1424,73,1497,0.1388
1429,72,1501,0.1388
1423,72,1495,0.1388
1426,68,1494,0.1388
1418,69,1487,0.1388
1414,72,1486,0.1388
1417,74,1491,0.1388
1427,71,1498,0.1388
1422,72,1494,0.1388
1413,72,1485,0.1388
1417,77,1494,0.1388
1419,75,1494,0.1388
1436,77,1513,0.1388
1430,74,1504,0.1388
1436,76,1512,0.1388
1418,79,1497,0.1388
1411,78,1489,0.1388
1395,82,1477,0.1388
1408,84,1492,0.1388
1394,82,1476,0.1388
1417,82,1499,0.1388
1413,82,1495,0.1388
1407,83,1490,0.1388
1410,84,1494,0.1388
1418,84,1502,0.1388
1412,83,1495,0.1388
1411,87,1498,0.1388
1410,88,1498,0.1388
1414,88,1502,0.1388
1421,86,1507,0.1388
1412,85,1497,0.1388
1397,86,1483,0.1388
1402,89,1491,0.1388
1396,89,1485,0.1388
1392,92,1484,0.1388
1393,92,1485,0.1388
1398,94,1492,0.1388
1392,93,1485,0.1388
1392,94,1486,0.1388
1384,94,1478,0.1388
1385,93,1478,0.1388
1389,92,1481,0.1388
1393,94,1487,0.1388
1407,96,1503,0.1388
1406,93,1499,0.1388
1403,94,1497,0.1388
1408,92,1500,0.1388
1400,94,1494,0.1388
1397,96,1493,0.1388
1400,99,1499,0.1388
1409,98,1507,0.1388
1405,98,1503,0.1388
1399,99,1498,0.1388
1402,97,1499,0.1388
1390,97,1487,0.1388
1386,100,1486,0.1388
1379,97,1476,0.1388
1402,92,1494,0.1388
1401,91,1492,0.1388
1404,94,1498,0.1388
1401,95,1496,0.1388
1412,95,1507,0.1388
1413,93,1506,0.1388
1416,96,1512,0.1388
1414,95,1509,0.1388
1406,95,1501,0.1388
1413,95,1508,0.1388
1402,100,1502,0.1388
1401,100,1501,0.1388
1403,102,1505,0.1388
1409,99,1508,0.1388
1407,100,1507,0.1388
1403,100,1503,0.1388
1399,102,1501,0.1388
1400,104,1504,0.1388
1394,106,1500,0.1388
1399,106,1505,0.1388
1390,107,1497,0.1388
1395,109,1504,0.1388
1395,104,1499,0.1388
1395,106,1501,0.1388
1392,110,1502,0.1388
1382,111,1493,0.1388
1398,112,1510,0.1388
1403,112,1515,0.1388
1404,115,1519,0.1388
1396,111,1507,0.1388
1400,107,1507,0.1388
1396,105,1501,0.1388
1388,106,1494,0.1388
1379,112,1491,0.1388
1383,116,1499,0.1388
1388,117,1505,0.1388
1385,123,1508,0.1388
1376,123,1499,0.1388
1370,125,1495,0.1388
1365,126,1491,0.1388
1369,127,1496,0.1388
1356,132,1488,0.1388
1352,130,1482,0.1388
1350,131,1481,0.1388
1358,134,1492,0.1388
1369,137,1506,0.1388
1359,135,1494,0.1388
1356,137,1493,0.1388
1368,135,1503,0.1388
1372,139,1511,0.1388
1362,138,1500,0.1388
1366,137,1503,0.1388
1374,138,1512,0.1388
1378,135,1513,0.1388
1354,128,1482,0.1388
1365,130,1495,0.1388
1362,132,1494,0.1388
1377,134,1511,0.1388
1371,135,1506,0.1388
1365,137,1502,0.1388
1364,135,1499,0.1388
1356,130,1486,0.1388
1364,131,1495,0.1388
1365,133,1498,0.1388
1370,136,1506,0.1388
1375,134,1509,0.1388
1361,136,1497,0.1388
1366,137,1503,0.1388
1362,145,1507,0.1388
1364,145,1509,0.1388
1366,144,1510,0.1388
1359,142,1501,0.1388
1347,145,1492,0.1388
1338,147,1485,0.1388
1337,147,1484,0.1388
1342,149,1491,0.1388
1334,152,1486,0.1388
1355,149,1504,0.1388
1346,146,1492,0.1388
1356,144,1500,0.1388
1360,146,1506,0.1388
1363,146,1509,0.1388
1372,144,1516,0.1388
1360,144,1504,0.1388
1358,146,1504,0.1388
1358,145,1503,0.1388
1355,146,1501,0.1388
1348,144,1492,0.1388
1351,148,1499,0.1388
1363,143,1506,0.1388
1354,143,1497,0.1388
1355,145,1500,0.1388
1362,145,1507,0.1388
1357,144,1501,0.1388
1349,145,1494,0.1388
1347,148,1495,0.1388
1360,150,1510,0.1388
1367,153,1520,0.1388
1364,153,1517,0.1388
1356,151,1507,0.1388
1341,148,1489,0.1388
1332,150,1482,0.1388
1340,150,1490,0.1388
1339,149,1488,0.1388
1346,146,1492,0.1388
1338,145,1483,0.1388
1339,147,1486,0.1388
1352,145,1497,0.1388
1353,149,1502,0.1388
1344,149,1493,0.1388
1349,151,1500,0.1388
1345,157,1502,0.1388
1345,156,1501,0.1388
1333,154,1487,0.1388
1342,157,1499,0.1388
1343,159,1502,0.1388
1343,157,1500,0.1388
1353,159,1512,0.1388
1357,153,1510,0.1388
1351,153,1504,0.1388
1349,156,1505,0.1388
1349,157,1506,0.1388
1338,161,1499,0.1388
1333,164,1497,0.1388
1335,164,1499,0.1388
1324,164,1488,0.1388
1316,160,1476,0.1388
1319,164,1483,0.1388
1319,169,1488,0.1388
1326,169,1495,0.1388
1318,167,1485,0.1388
1322,170,1492,0.1388
1337,167,1504,0.1388
1346,168,1514,0.1388
1342,170,1512,0.1388
1330,171,1501,0.1388
1334,170,1504,0.1388
1326,170,1496,0.1388
1331,172,1503,0.1388
1318,173,1491,0.1388
1301,177,1478,0.1388
1297,176,1473,0.1388
1299,175,1474,0.1388
1318,170,1488,0.1388
1306,175,1481,0.1388
1314,175,1489,0.1388
1297,172,1469,0.1388
1313,176,1489,0.1388
1312,175,1487,0.1388
1322,174,1496,0.1388
1323,179,1502,0.1388
1328,181,1509,0.1388
1312,179,1491,0.1388
1319,179,1498,0.1388
1320,180,1500,0.1388
1318,179,1497,0.1388
1310,185,1495,0.1388
1308,188,1496,0.1388
1300,190,1490,0.1388
1304,187,1491,0.1388
1308,189,1497,0.1388
1301,193,1494,0.1388
1302,196,1498,0.1388
1298,191,1489,0.1388
1298,190,1488,0.1388
1293,186,1479,0.1388
1299,187,1486,0.1388
1306,184,1490,0.1388
1304,191,1495,0.1388
1303,187,1490,0.1388
1303,189,1492,0.1388
1299,193,1492,0.1388
1299,192,1491,0.1388
1300,192,1492,0.1388
1288,191,1479,0.1388
1297,195,1492,0.1388
1301,195,1496,0.1388
1296,196,1492,0.1388
1295,194,1489,0.1388
1294,199,1493,0.1388
1308,201,1509,0.1388
1304,192,1496,0.1388
1290,194,1484,0.1388
1303,194,1497,0.1388
1299,197,1496,0.1388
1308,199,1507,0.1388
1310,201,1511,0.1388
1305,198,1503,0.1388
1307,196,1503,0.1388
1305,200,1505,0.1388
1301,201,1502,0.1388
1294,202,1496,0.1388
1288,200,1488,0.1388
1276,202,1478,0.1388
1276,200,1476,0.1388
1288,205,1493,0.1388
1291,205,1496,0.1388
1300,204,1504,0.1388
1285,203,1488,0.1388
1287,204,1491,0.1388
1287,204,1491,0.1388
1305,207,1512,0.1388
1302,203,1505,0.1388
1298,201,1499,0.1388
1293,202,1495,0.1388
1304,200,1504,0.1388
1300,198,1498,0.1388
1301,202,1503,0.1388
1315,203,1518,0.1388
1325,208,1533,0.1388
1315,212,1527,0.1388
1311,205,1516,0.1388
1318,201,1519,0.1388
1306,208,1514,0.1388
1307,204,1511,0.1388
1290,204,1494,0.1388
1299,204,1503,0.1388
1291,201,1492,0.1388
1293,204,1497,0.1388
1292,198,1490,0.1388
1289,198,1487,0.1388
1295,202,1497,0.1388
1286,209,1495,0.1388
1281,210,1491,0.1388
1278,214,1492,0.1388
1267,212,1479,0.1388
1266,213,1479,0.1388
1264,215,1479,0.1388
1266,218,1484,0.1388
1269,223,1492,0.1388
1273,224,1497,0.1388
1284,223,1507,0.1388
1279,218,1497,0.1388
1285,215,1500,0.1388
1280,213,1493,0.1388
1282,216,1498,0.1388
1271,219,1490,0.1388
1261,221,1482,0.1388
1250,221,1471,0.1388
1278,223,1501,0.1388
1277,227,1504,0.1388
1288,226,1514,0.1388
1291,227,1518,0.1388
1284,224,1508,0.1388
1290,224,1514,0.1388
1266,225,1491,0.1388
1258,227,1485,0.1388
1267,228,1495,0.1388
1261,224,1485,0.1388
1257,225,1482,0.1388
1268,227,1495,0.1388
1279,220,1499,0.1388
1279,221,1500,0.1388
1274,218,1492,0.1388
1273,220,1493,0.1388
1275,223,1498,0.1388
1283,222,1505,0.1388
1291,223,1514,0.1388
1280,227,1507,0.1388
1277,229,1506,0.1388
1268,231,1499,0.1388
1276,226,1502,0.1388
1277,229,1506,0.1388
1261,227,1488,0.1388
1259,224,1483,0.1388
1261,221,1482,0.1388
1262,217,1479,0.1388
1261,219,1480,0.1388
1258,219,1477,0.1388
1252,216,1468,0.1388
1273,216,1489,0.1388
1272,222,1494,0.1388
1273,214,1487,0.1388
1271,212,1483,0.1388
1268,215,1483,0.1388
1264,214,1478,0.1388
1268,220,1488,0.1388
1281,220,1501,0.1388
1278,221,1499,0.1388
1275,219,1494,0.1388
1262,218,1480,0.1388
1282,221,1503,0.1388
1272,219,1491,0.1388
1277,214,1491,0.1388
1270,219,1489,0.1388
1270,226,1496,0.1388
1264,225,1489,0.1388
1272,225,1497,0.1388
1276,228,1504,0.1388
1278,228,1506,0.1388
1274,219,1493,0.1388
1275,224,1499,0.1388
1260,226,1486,0.1388
1259,230,1489,0.1388
1266,227,1493,0.1388
1271,228,1499,0.1388
1283,219,1502,0.1388
1289,220,1509,0.1388
1282,220,1502,0.1388
1275,224,1499,0.1388
1282,224,1506,0.1388
1282,221,1503,0.1388
1279,222,1501,0.1388
1274,227,1501,0.1388
1273,222,1495,0.1388
1277,224,1501,0.1388
1275,223,1498,0.1388
1277,223,1500,0.1388
1271,224,1495,0.1388
1271,221,1492,0.1388
1275,219,1494,0.1388
1273,222,1495,0.1388
1271,219,1490,0.1388
1258,223,1481,0.1388
1265,227,1492,0.1388
1255,228,1483,0.1388
1263,230,1493,0.1388
1260,230,1490,0.1388
1255,230,1485,0.1388
1265,231,1496,0.1388
1268,240,1508,0.1388
1258,249,1507,0.1388
1259,247,1506,0.1388
1260,251,1511,0.1388
1262,248,1510,0.1388
1264,251,1515,0.1388
1268,248,1516,0.1388
1251,254,1505,0.1388
1262,254,1516,0.1388
1243,253,1496,0.1388
1245,252,1497,0.1388
1246,259,1505,0.1388
1235,265,1500,0.1388
1237,262,1499,0.1388
1234,265,1499,0.1388
1236,263,1499,0.1388
1246,263,1509,0.1388
1237,257,1494,0.1388
1237,259,1496,0.1388
1243,259,1502,0.1388
1249,261,1510,0.1388
1239,263,1502,0.1388
1241,266,1507,0.1388
1242,272,1514,0.1388
1231,266,1497,0.1388
1229,259,1488,0.1388
1237,264,1501,0.1388
1249,266,1515,0.1388
1254,263,1517,0.1388
1246,250,1496,0.1388
1232,250,1482,0.1388
1245,249,1494,0.1388
1247,249,1496,0.1388
1254,254,1508,0.1388
1240,249,1489,0.1388
1252,255,1507,0.1388
1268,255,1523,0.1388
1267,252,1519,0.1388
1263,252,1515,0.1388
1267,251,1518,0.1388
1263,249,1512,0.1388
1249,251,1500,0.1388
1256,251,1507,0.1388
1260,246,1506,0.1388
1255,249,1504,0.1388
1250,252,1502,0.1388
1250,250,1500,0.1388
1240,254,1494,0.1388
1237,257,1494,0.1388
1232,258,1490,0.1388
1231,258,1489,0.1388
1229,260,1489,0.1388
1231,254,1485,0.1388
1225,261,1486,0.1388
1238,259,1497,0.1388
1234,262,1496,0.1388
1245,256,1501,0.1388
1236,257,1493,0.1388
1233,257,1490,0.1388
1220,263,1483,0.1388
1221,262,1483,0.1388
1223,265,1488,0.1388
1225,265,1490,0.1388
1230,269,1499,0.1388
1231,278,1509,0.1388
1225,277,1502,0.1388
1222,278,1500,0.1388
1222,282,1504,0.1388
1230,282,1512,0.1388
1222,284,1506,0.1388
1219,284,1503,0.1388
1208,283,1491,0.1388
1214,283,1497,0.1388
1212,283,1495,0.1388
1213,283,1496,0.1388
1198,283,1481,0.1388
1206,283,1489,0.1388
1212,287,1499,0.1388
1207,285,1492,0.1388
1210,285,1495,0.1388
1201,283,1484,0.1388
1213,284,1497,0.1388
1213,289,1502,0.1388
1216,282,1498,0.1388
1206,286,1492,0.1388
1199,292,1491,0.1388
1208,289,1497,0.1388
1204,289,1493,0.1388
1200,290,1490,0.1388
1197,290,1487,0.1388
1203,298,1501,0.1388
1199,300,1499,0.1388
1199,307,1506,0.1388
1192,310,1502,0.1388
1195,307,1502,0.1388
1188,300,1488,0.1388
1197,292,1489,0.1388
1193,296,1489,0.1388
1198,293,1491,0.1388
1191,298,1489,0.1388
1193,300,1493,0.1388
1194,299,1493,0.1388
1209,299,1508,0.1388
1208,299,1507,0.1388
1211,303,1514,0.1388
1208,299,1507,0.1388
1202,293,1495,0.1388
1202,291,1493,0.1388
1212,294,1506,0.1388
1207,287,1494,0.1388
1196,287,1483,0.1388
1193,293,1486,0.1388
1206,289,1495,0.1388
1208,291,1499,0.1388
1211,289,1500,0.1388
1204,293,1497,0.1388
1195,294,1489,0.1388
1203,296,1499,0.1388
1207,292,1499,0.1388
1194,302,1496,0.1388
1202,307,1509,0.1388
1193,306,1499,0.1388
1190,314,1504,0.1388
1184,308,1492,0.1388
1188,311,1499,0.1388
1186,317,1503,0.1388
1185,315,1500,0.1388
1192,314,1506,0.1388
1185,316,1501,0.1388
1193,313,1506,0.1388
1183,317,1500,0.1388
1184,320,1504,0.1388
1189,323,1512,0.1388
1193,326,1519,0.1388
1185,332,1517,0.1388
1178,334,1512,0.1388
1157,328,1485,0.1388
1155,325,1480,0.1388
1160,321,1481,0.1388
1151,325,1476,0.1388
1151,328,1479,0.1388
1154,329,1483,0.1388
1148,322,1470,0.1388
1144,327,1471,0.1388
1144,320,1464,0.1388
1147,319,1466,0.1388
1157,320,1477,0.1388
1161,316,1477,0.1388
1151,319,1470,0.1388
1154,330,1484,0.1388
1165,334,1499,0.1388
1167,333,1500,0.1388
1169,327,1496,0.1388
1172,332,1504,0.1388
1169,338,1507,0.1388
1168,333,1501,0.1388
1162,330,1492,0.1388
1167,329,1496,0.1388
1174,330,1504,0.1388
1174,333,1507,0.1388
1176,332,1508,0.1388
1170,334,1504,0.1388
1159,335,1494,0.1388
1146,341,1487,0.1388
1145,339,1484,0.1388
1153,344,1497,0.1388
1155,340,1495,0.1388
1163,342,1505,0.1388
1162,350,1512,0.1388
1162,356,1518,0.1388
1155,353,1508,0.1388
1163,348,1511,0.1388
1154,347,1501,0.1388
1154,346,1500,0.1388
1157,349,1506,0.1388
1159,348,1507,0.1388
1147,352,1499,0.1388
1147,344,1491,0.1388
1148,345,1493,0.1388
1151,335,1486,0.1388
1157,340,1497,0.1388
1151,338,1489,0.1388
1144,338,1482,0.1388
1147,339,1486,0.1388
1146,351,1497,0.1388
1152,358,1510,0.1388
1154,355,1509,0.1388
1139,352,1491,0.1388
1143,360,1503,0.1388
1149,364,1513,0.1388
1139,362,1501,0.1388
1140,369,1509,0.1388
1137,375,1512,0.1388
1135,380,1515,0.1388
1128,383,1511,0.1388
1126,381,1507,0.1388
1116,386,1502,0.1388
1118,376,1494,0.1388
1129,380,1509,0.1388
1131,376,1507,0.1388
1122,381,1503,0.1388
1109,386,1495,0.1388
1100,391,1491,0.1388
1109,404,1513,0.1388
1100,407,1507,0.1388
1095,403,1498,0.1388
1092,405,1497,0.1388
1088,404,1492,0.1388
1089,411,1500,0.1388
1096,415,1511,0.1388
1096,415,1511,0.1388
1082,424,1506,0.1388
1082,421,1503,0.1388
1082,418,1500,0.1388
1081,418,1499,0.1388
1076,419,1495,0.1388
1079,422,1501,0.1388
1076,420,1496,0.1388
1081,416,1497,0.1388
1077,417,1494,0.1388
1078,423,1501,0.1388
1081,429,1510,0.1388
1068,428,1496,0.1388
1072,423,1495,0.1388
1069,420,1489,0.1388
1065,422,1487,0.1388
1063,426,1489,0.1388
1070,431,1501,0.1388
1059,436,1495,0.1388
1073,438,1511,0.1388
1062,440,1502,0.1388
1057,441,1498,0.1388
1058,446,1504,0.1388
1059,443,1502,0.1388
1055,441,1496,0.1388
1062,448,1510,0.1388
1058,452,1510,0.1388
1046,457,1503,0.1388
1056,447,1503,0.1388
1055,444,1499,0.1388
1045,440,1485,0.1388
1045,444,1489,0.1388
1051,436,1487,0.1388
1048,442,1490,0.1388
1054,442,1496,0.1388
1041,444,1485,0.1388
1044,449,1493,0.1388
1054,448,1502,0.1388
1056,459,1515,0.1388
1047,458,1505,0.1388
1052,461,1513,0.1388
1044,464,1508,0.1388
1043,459,1502,0.1388
1044,455,1499,0.1388
1047,457,1504,0.1388
1045,462,1507,0.1388
1040,459,1499,0.1388
1041,455,1496,0.1388
1041,462,1503,0.1388
1034,467,1501,0.1388
1025,471,1496,0.1388
1027,469,1496,0.1388
1029,475,1504,0.1388
1019,475,1494,0.1388
1022,476,1498,0.1388
1027,483,1510,0.1388
1027,478,1505,0.1388
1037,480,1517,0.1388
1028,484,1512,0.1388
1035,485,1520,0.1388
1028,482,1510,0.1388
1026,473,1499,0.1388
1020,475,1495,0.1388
1023,472,1495,0.1388
1014,468,1482,0.1388
1020,475,1495,0.1388
1013,481,1494,0.1388
1010,475,1485,0.1388
1011,478,1489,0.1388
1007,485,1492,0.1388
1007,486,1493,0.1388
1009,488,1497,0.1388
1002,485,1487,0.1388
1010,491,1501,0.1388
999,498,1497,0.1388
1002,501,1503,0.1388
1005,506,1511,0.1388
1000,503,1503,0.1388
995,504,1499,0.1388
1000,504,1504,0.1388
993,514,1507,0.1388
994,513,1507,0.1388
992,512,1504,0.1388
1000,513,1513,0.1388
995,516,1511,0.1388
993,516,1509,0.1388
978,517,1495,0.1388
972,515,1487,0.1388
964,514,1478,0.1388
959,517,1476,0.1388
965,528,1493,0.1388
982,530,1512,0.1388
975,529,1504,0.1388
973,537,1510,0.1388
977,533,1510,0.1388
982,535,1517,0.1388
967,535,1502,0.1388
976,531,1507,0.1388
981,539,1520,0.1388
976,547,1523,0.1388
979,537,1516,0.1388
960,540,1500,0.1388
962,547,1509,0.1388
953,551,1504,0.1388
961,553,1514,0.1388
947,551,1498,0.1388
953,553,1506,0.1388
952,553,1505,0.1388
949,559,1508,0.1388
946,562,1508,0.1388
944,569,1513,0.1388
948,570,1518,0.1388
932,575,1507,0.1388
926,585,1511,0.1388
930,583,1513,0.1388
933,574,1507,0.1388
935,574,1509,0.1388
931,580,1511,0.1388
920,577,1497,0.1388
911,586,1497,0.1388
912,584,1496,0.1388
919,589,1508,0.1388
911,591,1502,0.1388
916,591,1507,0.1388
910,594,1504,0.1388
910,594,1504,0.1388
907,598,1505,0.1388
898,602,1500,0.1388
896,610,1506,0.1388
900,604,1504,0.1388
899,603,1502,0.1388
894,611,1505,0.1388
897,610,1507,0.1388
892,615,1507,0.1388
886,612,1498,0.1388
885,613,1498,0.1388
888,611,1499,0.1388
883,618,1501,0.1388
879,628,1507,0.1388
872,628,1500,0.1388
858,624,1482,0.1388
862,630,1492,0.1388
866,620,1486,0.1388
867,624,1491,0.1388
869,629,1498,0.1388
873,625,1498,0.1388
870,632,1502,0.1388
857,634,1491,0.1388
862,637,1499,0.1388
856,641,1497,0.1388
865,646,1511,0.1388
869,647,1516,0.1388
869,638,1507,0.1388
875,633,1508,0.1388
872,636,1508,0.1388
858,643,1501,0.1388
854,644,1498,0.1388
858,640,1498,0.1388
855,637,1492,0.1388
859,636,1495,0.1388
857,644,1501,0.1388
854,641,1495,0.1388
850,650,1500,0.1388
847,645,1492,0.1388
850,652,1502,0.1388
842,651,1493,0.1388
854,653,1507,0.1388
862,650,1512,0.1388
850,656,1506,0.1388
848,658,1506,0.1388
853,654,1507,0.1388
855,662,1517,0.1388
848,661,1509,0.1388
852,657,1509,0.1388
843,657,1500,0.1388
846,661,1507,0.1388
841,662,1503,0.1388
835,662,1497,0.1388
833,652,1485,0.1388
833,660,1493,0.1388
840,659,1499,0.1388
841,660,1501,0.1388
835,663,1498,0.1388
840,655,1495,0.1388
833,658,1491,0.1388
832,663,1495,0.1388
833,651,1484,0.1388
835,658,1493,0.1388
836,663,1499,0.1388
837,661,1498,0.1388
839,665,1504,0.1388
829,671,1500,0.1388
832,676,1508,0.1388
827,672,1499,0.1388
827,672,1499,0.1388
841,669,1510,0.1388
833,668,1501,0.1388
839,666,1505,0.1388
845,667,1512,0.1388
837,661,1498,0.1388
846,669,1515,0.1388
843,666,1509,0.1388
833,668,1501,0.1388
831,676,1507,0.1388
826,673,1499,0.1388
817,676,1493,0.1388
820,683,1503,0.1388
821,679,1500,0.1388
815,680,1495,0.1388
812,679,1491,0.1388
806,679,1485,0.1388
822,684,1506,0.1388
820,685,1505,0.1388
814,690,1504,0.1388
811,697,1508,0.1388
799,701,1500,0.1388
820,699,1519,0.1388
814,702,1516,0.1388
817,695,1512,0.1388
816,685,1501,0.1388
816,700,1516,0.1388
818,702,1520,0.1388
818,703,1521,0.1388
814,694,1508,0.1388
806,690,1496,0.1388
809,689,1498,0.1388
817,696,1513,0.1388
806,700,1506,0.1388
798,695,1493,0.1388
804,706,1510,0.1388
802,699,1501,0.1388
797,707,1504,0.1388
792,714,1506,0.1388
784,713,1497,0.1388
782,707,1489,0.1388
801,709,1510,0.1388
795,704,1499,0.1388
790,709,1499,0.1388
798,713,1511,0.1388
808,703,1511,0.1388
798,702,1500,0.1388
783,713,1496,0.1388
780,718,1498,0.1388
775,723,1498,0.1388
770,724,1494,0.1388
771,731,1502,0.1388
775,736,1511,0.1388
786,736,1522,0.1388
793,733,1526,0.1388
790,734,1524,0.1388
797,726,1523,0.1388
791,728,1519,0.1388
794,729,1523,0.1388
792,729,1521,0.1388
784,734,1518,0.1388
781,731,1512,0.1388
771,733,1504,0.1388
764,731,1495,0.1388
765,729,1494,0.1388
770,723,1493,0.1388
772,726,1498,0.1388
761,740,1501,0.1388
759,745,1504,0.1388
762,742,1504,0.1388
759,736,1495,0.1388
765,728,1493,0.1388
768,722,1490,0.1388
767,728,1495,0.1388
775,728,1503,0.1388
771,723,1494,0.1388
776,728,1504,0.1388
782,733,1515,0.1388
773,731,1504,0.1388
778,734,1512,0.1388
781,733,1514,0.1388
779,738,1517,0.1388
770,743,1513,0.1388
770,739,1509,0.1388
775,730,1505,0.1388
779,718,1497,0.1388
786,718,1504,0.1388
780,714,1494,0.1388
768,723,1491,0.1388
769,732,1501,0.1388
776,729,1505,0.1388
774,733,1507,0.1388
772,738,1510,0.1388
776,728,1504,0.1388
773,736,1509,0.1388
768,741,1509,0.1388
752,740,1492,0.1388
750,750,1500,0.1388
742,752,1494,0.1388
747,746,1493,0.1388
748,744,1492,0.1388
755,756,1511,0.1388
754,748,1502,0.1388
737,756,1493,0.1388
735,755,1490,0.1388
734,755,1489,0.1388
737,757,1494,0.1388
739,757,1496,0.1388
739,768,1507,0.1388
739,763,1502,0.1388
740,757,1497,0.1388
739,758,1497,0.1388
727,763,1490,0.1388
723,767,1490,0.1388
726,774,1500,0.1388
721,771,1492,0.1388
712,770,1482,0.1388
708,778,1486,0.1388
719,787,1506,0.1388
719,786,1505,0.1388
714,795,1509,0.1388
713,799,1512,0.1388
712,794,1506,0.1388
715,786,1501,0.1388
711,783,1494,0.1388
718,794,1512,0.1388
710,792,1502,0.1388
706,794,1500,0.1388
698,793,1491,0.1388
699,789,1488,0.1388
698,784,1482,0.1388
697,791,1488,0.1388
705,784,1489,0.1388
700,781,1481,0.1388
711,786,1497,0.1388
717,785,1502,0.1388
710,785,1495,0.1388
716,784,1500,0.1388
723,786,1509,0.1388
728,785,1513,0.1388
723,797,1520,0.1388
725,795,1520,0.1388
721,797,1518,0.1388
720,794,1514,0.1388
715,797,1512,0.1388
697,787,1484,0.1388
699,802,1501,0.1388
708,810,1518,0.1388
717,804,1521,0.1388
714,813,1527,0.1388
710,806,1516,0.1388
699,804,1503,0.1388
708,802,1510,0.1388
708,803,1511,0.1388
711,807,1518,0.1388
714,810,1524,0.1388
708,802,1510,0.1388
702,795,1497,0.1388
705,802,1507,0.1388
706,803,1509,0.1388
706,806,1512,0.1388
704,811,1515,0.1388
706,811,1517,0.1388
693,819,1512,0.1388
695,827,1522,0.1388
689,816,1505,0.1388
687,821,1508,0.1388
689,827,1516,0.1388
679,827,1506,0.1388
683,836,1519,0.1388
679,833,1512,0.1388
682,826,1508,0.1388
681,827,1508,0.1388
672,828,1500,0.1388
679,824,1503,0.1388
680,834,1514,0.1388
682,842,1524,0.1388
679,843,1522,0.1388
679,840,1519,0.1388
673,837,1510,0.1388
669,836,1505,0.1388
661,830,1491,0.1388
660,839,1499,0.1388
667,835,1502,0.1388
660,848,1508,0.1388
657,842,1499,0.1388
664,834,1498,0.1388
669,843,1512,0.1388
665,851,1516,0.1388
657,860,1517,0.1388
658,863,1521,0.1388
653,854,1507,0.1388
650,856,1506,0.1388
650,845,1495,0.1388
655,856,1511,0.1388
648,860,1508,0.1388
641,868,1509,0.1388
639,879,1518,0.1388
632,874,1506,0.1388
639,877,1516,0.1388
627,872,1499,0.1388
638,869,1507,0.1388
632,863,1495,0.1388
628,882,1510,0.1388
621,876,1497,0.1388
624,882,1506,0.1388
611,889,1500,0.1388
606,891,1497,0.1388
598,897,1495,0.1388
597,905,1502,0.1388
602,911,1513,0.1388
603,904,1507,0.1388
612,904,1516,0.1388
611,913,1524,0.1388
606,915,1521,0.1388
599,913,1512,0.1388
598,911,1509,0.1388
590,899,1489,0.1388
598,896,1494,0.1388
596,909,1505,0.1388
594,917,1511,0.1388
593,912,1505,0.1388
601,916,1517,0.1388
599,908,1507,0.1388
591,916,1507,0.1388
596,918,1514,0.1388
599,906,1505,0.1388
601,918,1519,0.1388
593,921,1514,0.1388
591,928,1519,0.1388
595,923,1518,0.1388
589,917,1506,0.1388
590,911,1501,0.1388
593,911,1504,0.1388
593,911,1504,0.1388
594,913,1507,0.1388
594,919,1513,0.1388
597,920,1517,0.1388
594,927,1521,0.1388
580,917,1497,0.1388
576,918,1494,0.1388
575,906,1481,0.1388
586,921,1507,0.1388
582,919,1501,0.1388
581,931,1512,0.1388
578,928,1506,0.1388
569,930,1499,0.1388
570,934,1504,0.1388
565,934,1499,0.1388
566,939,1505,0.1388
568,933,1501,0.1388
560,929,1489,0.1388
560,932,1492,0.1388
562,939,1501,0.1388
560,949,1509,0.1388
563,946,1509,0.1388
564,937,1501,0.1388
563,937,1500,0.1388
568,931,1499,0.1388
564,933,1497,0.1388
568,954,1522,0.1388
567,955,1522,0.1388
566,958,1524,0.1388
564,952,1516,0.1388
559,943,1502,0.1388
567,946,1513,0.1388
561,953,1514,0.1388
562,954,1516,0.1388
565,953,1518,0.1388
568,945,1513,0.1388
570,945,1515,0.1388
568,950,1518,0.1388
570,944,1514,0.1388
566,957,1523,0.1388
550,951,1501,0.1388
546,946,1492,0.1388
549,947,1496,0.1388
554,939,1493,0.1388
551,947,1498,0.1388
557,949,1506,0.1388
555,959,1514,0.1388
551,964,1515,0.1388
555,957,1512,0.1388
553,964,1517,0.1388
548,963,1511,0.1388
551,969,1520,0.1388
554,976,1530,0.1388
548,977,1525,0.1388
543,968,1511,0.1388
545,964,1509,0.1388
540,969,1509,0.1388
536,964,1500,0.1388
533,961,1494,0.1388
534,965,1499,0.1388
531,978,1509,0.1388
529,965,1494,0.1388
532,978,1510,0.1388
528,977,1505,0.1388
528,974,1502,0.1388
527,972,1499,0.1388
524,978,1502,0.1388
513,996,1509,0.1388
508,1001,1509,0.1388
517,1003,1520,0.1388
522,995,1517,0.1388
513,995,1508,0.1388
519,991,1510,0.1388
513,995,1508,0.1388
508,1002,1510,0.1388
510,1011,1521,0.1388
512,1020,1532,0.1388
509,1025,1534,0.1388
510,1018,1528,0.1388
506,1012,1518,0.1388
501,1008,1509,0.1388
502,1000,1502,0.1388
507,1001,1508,0.1388
504,1001,1505,0.1388
502,999,1501,0.1388
502,1008,1510,0.1388
508,1006,1514,0.1388
510,1006,1516,0.1388
503,993,1496,0.1388
503,1001,1504,0.1388
504,1006,1510,0.1388
503,1007,1510,0.1388
502,1007,1509,0.1388
511,1015,1526,0.1388
511,1011,1522,0.1388
506,1013,1519,0.1388
504,1006,1510,0.1388
507,1006,1513,0.1388
507,1001,1508,0.1388
516,998,1514,0.1388
512,1005,1517,0.1388
510,1005,1515,0.1388
503,1006,1509,0.1388
510,1005,1515,0.1388
513,1010,1523,0.1388
517,1017,1534,0.1388
517,1007,1524,0.1388
517,1005,1522,0.1388
517,1009,1526,0.1388
512,1005,1517,0.1388
513,1000,1513,0.1388
502,992,1494,0.1388
513,996,1509,0.1388
511,992,1503,0.1388
509,1002,1511,0.1388
513,996,1509,0.1388
505,1000,1505,0.1388
499,1005,1504,0.1388
499,1006,1505,0.1388
494,1012,1506,0.1388
493,1016,1509,0.1388
490,1022,1512,0.1388
489,1022,1511,0.1388
491,1028,1519,0.1388
497,1015,1512,0.1388
491,1020,1511,0.1388
496,1024,1520,0.1388
495,1019,1514,0.1388
494,1019,1513,0.1388
485,1030,1515,0.1388
491,1026,1517,0.1388
495,1021,1516,0.1388
495,1020,1515,0.1388
496,1008,1504,0.1388
499,1009,1508,0.1388
492,1010,1502,0.1388
501,1005,1506,0.1388
511,996,1507,0.1388
505,997,1502,0.1388
510,991,1501,0.1388
509,990,1499,0.1388
507,979,1486,0.1388
503,977,1480,0.1388
505,988,1493,0.1388
507,1003,1510,0.1388
507,1000,1507,0.1388
508,995,1503,0.1388
502,1001,1503,0.1388
505,997,1502,0.1388
508,1005,1513,0.1388
511,1001,1512,0.1388
515,1004,1519,0.1388
511,1014,1525,0.1388
507,1006,1513,0.1388
507,1005,1512,0.1388
510,1001,1511,0.1388
510,1005,1515,0.1388
508,1001,1509,0.1388
502,998,1500,0.1388
503,999,1502,0.1388
506,1006,1512,0.1388
499,1010,1509,0.1388
495,1008,1503,0.1388
500,1008,1508,0.1388
492,1004,1496,0.1388
491,1010,1501,0.1388
487,1025,1512,0.1388
483,1036,1519,0.1388
479,1029,1508,0.1388
466,1017,1483,0.1388
465,1014,1479,0.1388
464,1017,1481,0.1388
468,1022,1490,0.1388
476,1027,1503,0.1388
476,1025,1501,0.1388
468,1017,1485,0.1388
469,1024,1493,0.1388
469,1030,1499,0.1388
470,1034,1504,0.1388
467,1025,1492,0.1388
473,1025,1498,0.1388
475,1028,1503,0.1388
474,1027,1501,0.1388
477,1028,1505,0.1388
471,1030,1501,0.1388
466,1031,1497,0.1388
467,1028,1495,0.1388
468,1020,1488,0.1388
469,1034,1503,0.1388
469,1039,1508,0.1388
464,1049,1513,0.1388
462,1055,1517,0.1388
447,1052,1499,0.1388
449,1055,1504,0.1388
451,1050,1501,0.1388
458,1055,1513,0.1388
456,1063,1519,0.1388
451,1050,1501,0.1388
445,1065,1510,0.1388
444,1064,1508,0.1388
438,1065,1503,0.1388
433,1072,1505,0.1388
436,1073,1509,0.1388
436,1084,1520,0.1388
430,1072,1502,0.1388
433,1068,1501,0.1388
435,1079,1514,0.1388
430,1069,1499,0.1388
421,1083,1504,0.1388
418,1074,1492,0.1388
425,1083,1508,0.1388
432,1076,1508,0.1388
434,1085,1519,0.1388
433,1081,1514,0.1388
437,1087,1524,0.1388
438,1085,1523,0.1388
436,1086,1522,0.1388
442,1084,1526,0.1388
440,1084,1524,0.1388
437,1077,1514,0.1388
437,1079,1516,0.1388
437,1068,1505,0.1388
447,1067,1514,0.1388
449,1063,1512,0.1388
452,1056,1508,0.1388
457,1060,1517,0.1388
455,1047,1502,0.1388
451,1051,1502,0.1388
452,1069,1521,0.1388
443,1068,1511,0.1388
443,1057,1500,0.1388
447,1056,1503,0.1388
449,1070,1519,0.1388
444,1071,1515,0.1388
445,1080,1525,0.1388
440,1084,1524,0.1388
435,1078,1513,0.1388
437,1071,1508,0.1388
431,1074,1505,0.1388
433,1071,1504,0.1388
433,1076,1509,0.1388
434,1079,1513,0.1388
435,1072,1507,0.1388
443,1084,1527,0.1388
443,1083,1526,0.1388
442,1079,1521,0.1388
435,1078,1513,0.1388
434,1077,1511,0.1388
431,1087,1518,0.1388
427,1090,1517,0.1388
428,1082,1510,0.1388
425,1074,1499,0.1388
431,1097,1528,0.1388
429,1093,1522,0.1388
429,1097,1526,0.1388
424,1099,1523,0.1388
425,1102,1527,0.1388
423,1096,1519,0.1388
429,1095,1524,0.1388
428,1088,1516,0.1388
433,1080,1513,0.1388
433,1080,1513,0.1388
432,1078,1510,0.1388
422,1087,1509,0.1388
423,1083,1506,0.1388
420,1076,1496,0.1388
414,1090,1504,0.1388
419,1099,1518,0.1388
420,1103,1523,0.1388
421,1100,1521,0.1388
420,1093,1513,0.1388
412,1086,1498,0.1388
416,1106,1522,0.1388
413,1103,1516,0.1388
412,1112,1524,0.1388
409,1093,1502,0.1388
411,1095,1506,0.1388
414,1109,1523,0.1388
412,1110,1522,0.1388
409,1111,1520,0.1388
407,1111,1518,0.1388
411,1115,1526,0.1388
408,1117,1525,0.1388
404,1112,1516,0.1388
402,1117,1519,0.1388
405,1105,1510,0.1388
408,1094,1502,0.1388
403,1103,1506,0.1388
407,1112,1519,0.1388
410,1096,1506,0.1388
410,1100,1510,0.1388
411,1095,1506,0.1388
412,1109,1521,0.1388
407,1103,1510,0.1388
404,1106,1510,0.1388
410,1113,1523,0.1388
415,1100,1515,0.1388
412,1099,1511,0.1388
411,1087,1498,0.1388
409,1085,1494,0.1388
405,1078,1483,0.1388
402,1088,1490,0.1388
400,1095,1495,0.1388
408,1088,1496,0.1388
405,1093,1498,0.1388
413,1097,1510,0.1388
407,1094,1501,0.1388
412,1109,1521,0.1388
411,1108,1519,0.1388
404,1112,1516,0.1388
397,1114,1511,0.1388
401,1117,1518,0.1388
396,1122,1518,0.1388
393,1110,1503,0.1388
392,1105,1497,0.1388
382,1110,1492,0.1388
379,1125,1504,0.1388
376,1128,1504,0.1388
381,1129,1510,0.1388
379,1149,1528,0.1388
372,1136,1508,0.1388
376,1139,1515,0.1388
373,1136,1509,0.1388
371,1140,1511,0.1388
365,1130,1495,0.1388
370,1126,1496,0.1388
379,1129,1508,0.1388
373,1122,1495,0.1388
373,1133,1506,0.1388
377,1138,1515,0.1388
380,1140,1520,0.1388
379,1137,1516,0.1388
379,1141,1520,0.1388
376,1141,1517,0.1388
376,1130,1506,0.1388
376,1133,1509,0.1388
377,1135,1512,0.1388
373,1128,1501,0.1388
375,1132,1507,0.1388
376,1136,1512,0.1388
373,1131,1504,0.1388
379,1133,1512,0.1388
383,1134,1517,0.1388
384,1138,1522,0.1388
384,1124,1508,0.1388
383,1125,1508,0.1388
381,1129,1510,0.1388
379,1122,1501,0.1388
377,1115,1492,0.1388
380,1117,1497,0.1388
382,1121,1503,0.1388
380,1120,1500,0.1388
386,1113,1499,0.1388
388,1105,1493,0.1388
386,1103,1489,0.1388
384,1107,1491,0.1388
383,1114,1497,0.1388
386,1115,1501,0.1388
382,1118,1500,0.1388
383,1124,1507,0.1388
376,1126,1502,0.1388
384,1119,1503,0.1388
384,1113,1497,0.1388
384,1117,1501,0.1388
381,1124,1505,0.1388
386,1122,1508,0.1388
380,1115,1495,0.1388
379,1123,1502,0.1388
371,1136,1507,0.1388
375,1137,1512,0.1388
367,1138,1505,0.1388
369,1137,1506,0.1388
371,1144,1515,0.1388
368,1157,1525,0.1388
360,1159,1519,0.1388
354,1164,1518,0.1388
354,1145,1499,0.1388
355,1150,1505,0.1388
351,1156,1507,0.1388
348,1160,1508,0.1388
344,1149,1493,0.1388
358,1150,1508,0.1388
354,1160,1514,0.1388
346,1160,1506,0.1388
346,1165,1511,0.1388
352,1172,1524,0.1388
347,1164,1511,0.1388
347,1174,1521,0.1388
352,1165,1517,0.1388
345,1175,1520,0.1388
342,1170,1512,0.1388
344,1162,1506,0.1388
341,1166,1507,0.1388
335,1171,1506,0.1388
329,1170,1499,0.1388
328,1167,1495,0.1388
322,1162,1484,0.1388
320,1168,1488,0.1388
325,1169,1494,0.1388
327,1168,1495,0.1388
328,1178,1506,0.1388
331,1180,1511,0.1388
325,1185,1510,0.1388
314,1192,1506,0.1388
314,1193,1507,0.1388
313,1191,1504,0.1388
312,1194,1506,0.1388
314,1198,1512,0.1388
311,1201,1512,0.1388
306,1197,1503,0.1388
300,1205,1505,0.1388
304,1201,1505,0.1388
306,1194,1500,0.1388
308,1197,1505,0.1388
308,1186,1494,0.1388
314,1203,1517,0.1388
305,1201,1506,0.1388
309,1208,1517,0.1388
307,1213,1520,0.1388
301,1213,1514,0.1388
299,1218,1517,0.1388
295,1202,1497,0.1388
291,1211,1502,0.1388
290,1207,1497,0.1388
287,1212,1499,0.1388
286,1220,1506,0.1388
292,1212,1504,0.1388
294,1238,1532,0.1388
289,1233,1522,0.1388
290,1232,1522,0.1388
287,1232,1519,0.1388
284,1229,1513,0.1388
281,1228,1509,0.1388
277,1212,1489,0.1388
277,1211,1488,0.1388
274,1219,1493,0.1388
273,1222,1495,0.1388
272,1215,1487,0.1388
272,1236,1508,0.1388
265,1237,1502,0.1388
269,1242,1511,0.1388
270,1247,1517,0.1388
266,1245,1511,0.1388
264,1243,1507,0.1388
266,1248,1514,0.1388
262,1248,1510,0.1388
266,1245,1511,0.1388
263,1248,1511,0.1388
267,1247,1514,0.1388
271,1257,1528,0.1388
271,1241,1512,0.1388
276,1242,1518,0.1388
281,1235,1516,0.1388
276,1248,1524,0.1388
274,1238,1512,0.1388
267,1227,1494,0.1388
271,1226,1497,0.1388
270,1217,1487,0.1388
269,1218,1487,0.1388
266,1226,1492,0.1388
264,1232,1496,0.1388
268,1238,1506,0.1388
269,1240,1509,0.1388
270,1231,1501,0.1388
265,1235,1500,0.1388
268,1247,1515,0.1388
268,1247,1515,0.1388
262,1244,1506,0.1388
268,1242,1510,0.1388
263,1236,1499,0.1388
266,1223,1489,0.1388
267,1232,1499,0.1388
266,1242,1508,0.1388
265,1250,1515,0.1388
261,1249,1510,0.1388
261,1244,1505,0.1388
263,1236,1499,0.1388
262,1249,1511,0.1388
256,1252,1508,0.1388
256,1261,1517,0.1388
259,1256,1515,0.1388
259,1253,1512,0.1388
256,1256,1512,0.1388
255,1254,1509,0.1388
255,1259,1514,0.1388
252,1251,1503,0.1388
249,1257,1506,0.1388
250,1253,1503,0.1388
249,1255,1504,0.1388
247,1263,1510,0.1388
246,1271,1517,0.1388
243,1265,1508,0.1388
238,1279,1517,0.1388
236,1281,1517,0.1388
238,1272,1510,0.1388
240,1268,1508,0.1388
240,1266,1506,0.1388
243,1267,1510,0.1388
243,1273,1516,0.1388
238,1271,1509,0.1388
235,1287,1522,0.1388
225,1287,1512,0.1388
223,1292,1515,0.1388
225,1289,1514,0.1388
218,1296,1514,0.1388
220,1275,1495,0.1388
220,1274,1494,0.1388
218,1278,1496,0.1388
219,1264,1483,0.1388
217,1264,1481,0.1388
220,1273,1493,0.1388
218,1275,1493,0.1388
217,1279,1496,0.1388
222,1294,1516,0.1388
217,1294,1511,0.1388
218,1302,1520,0.1388
214,1288,1502,0.1388
218,1284,1502,0.1388
219,1287,1506,0.1388
217,1285,1502,0.1388
212,1294,1506,0.1388
217,1293,1510,0.1388
215,1297,1512,0.1388
213,1310,1523,0.1388
214,1305,1519,0.1388
213,1298,1511,0.1388
217,1296,1513,0.1388
218,1302,1520,0.1388
226,1296,1522,0.1388
221,1304,1525,0.1388
223,1294,1517,0.1388
220,1294,1514,0.1388
223,1296,1519,0.1388
224,1300,1524,0.1388
225,1300,1525,0.1388
224,1304,1528,0.1388
222,1309,1531,0.1388
218,1303,1521,0.1388
221,1301,1522,0.1388
219,1309,1528,0.1388
216,1319,1535,0.1388
214,1313,1527,0.1388
209,1302,1511,0.1388
206,1297,1503,0.1388
206,1308,1514,0.1388
202,1319,1521,0.1388
200,1312,1512,0.1388
196,1306,1502,0.1388
198,1313,1511,0.1388
199,1324,1523,0.1388
196,1320,1516,0.1388
198,1329,1527,0.1388
190,1319,1509,0.1388
188,1322,1510,0.1388
183,1323,1506,0.1388
185,1327,1512,0.1388
188,1331,1519,0.1388
185,1331,1516,0.1388
187,1334,1521,0.1388
186,1341,1527,0.1388
184,1343,1527,0.1388
182,1332,1514,0.1388
185,1337,1522,0.1388
187,1345,1532,0.1388
184,1345,1529,0.1388
183,1338,1521,0.1388
187,1335,1522,0.1388
186,1322,1508,0.1388
182,1329,1511,0.1388
176,1321,1497,0.1388
181,1330,1511,0.1388
179,1342,1521,0.1388
176,1328,1504,0.1388
179,1331,1510,0.1388
182,1325,1507,0.1388
186,1343,1529,0.1388
181,1343,1524,0.1388
182,1336,1518,0.1388
188,1330,1518,0.1388
188,1325,1513,0.1388
185,1331,1516,0.1388
186,1344,1530,0.1388
184,1342,1526,0.1388
185,1340,1525,0.1388
190,1331,1521,0.1388
190,1332,1522,0.1388
179,1324,1503,0.1388
180,1333,1513,0.1388
181,1331,1512,0.1388
178,1340,1518,0.1388
178,1334,1512,0.1388
179,1328,1507,0.1388
183,1332,1515,0.1388
182,1348,1530,0.1388
178,1342,1520,0.1388
183,1329,1512,0.1388
180,1343,1523,0.1388
180,1340,1520,0.1388
181,1335,1516,0.1388
185,1339,1524,0.1388
189,1343,1532,0.1388
190,1347,1537,0.1388
190,1343,1533,0.1388
190,1332,1522,0.1388
186,1324,1510,0.1388
186,1329,1515,0.1388
189,1321,1510,0.1388
192,1325,1517,0.1388
190,1323,1513,0.1388
190,1322,1512,0.1388
187,1316,1503,0.1388
183,1319,1502,0.1388
187,1319,1506,0.1388
189,1334,1523,0.1388
183,1330,1513,0.1388
183,1330,1513,0.1388
188,1329,1517,0.1388
189,1334,1523,0.1388
186,1337,1523,0.1388
188,1333,1521,0.1388
189,1327,1516,0.1388
188,1336,1524,0.1388
185,1341,1526,0.1388
182,1344,1526,0.1388
185,1331,1516,0.1388
176,1333,1509,0.1388
179,1331,1510,0.1388
182,1323,1505,0.1388
188,1324,1512,0.1388
190,1331,1521,0.1388
190,1322,1512,0.1388
189,1323,1512,0.1388
190,1319,1509,0.1388
190,1335,1525,0.1388
189,1336,1525,0.1388
187,1334,1521,0.1388
182,1326,1508,0.1388
183,1328,1511,0.1388
182,1329,1511,0.1388
184,1336,1520,0.1388
183,1334,1517,0.1388
183,1335,1518,0.1388
181,1337,1518,0.1388
177,1336,1513,0.1388
173,1330,1503,0.1388
172,1351,1523,0.1388
172,1345,1517,0.1388
175,1345,1520,0.1388
173,1323,1496,0.1388
175,1332,1507,0.1388
175,1338,1513,0.1388
175,1335,1510,0.1388
172,1343,1515,0.1388
168,1356,1524,0.1388
168,1354,1522,0.1388
171,1353,1524,0.1388
173,1345,1518,0.1388
173,1347,1520,0.1388
174,1335,1509,0.1388
173,1333,1506,0.1388
173,1330,1503,0.1388
177,1339,1516,0.1388
177,1338,1515,0.1388
176,1329,1505,0.1388
177,1336,1513,0.1388
172,1350,1522,0.1388
169,1352,1521,0.1388
167,1347,1514,0.1388
171,1343,1514,0.1388
170,1355,1525,0.1388
169,1341,1510,0.1388
177,1338,1515,0.1388
175,1349,1524,0.1388
175,1349,1524,0.1388
175,1334,1509,0.1388
172,1335,1507,0.1388
172,1348,1520,0.1388
170,1340,1510,0.1388
176,1339,1515,0.1388
174,1335,1509,0.1388
174,1339,1513,0.1388
177,1331,1508,0.1388
176,1325,1501,0.1388
183,1329,1512,0.1388
180,1340,1520,0.1388
181,1335,1516,0.1388
183,1334,1517,0.1388
179,1337,1516,0.1388
179,1343,1522,0.1388
177,1343,1520,0.1388
178,1341,1519,0.1388
177,1330,1507,0.1388
177,1335,1512,0.1388
179,1336,1515,0.1388
180,1343,1523,0.1388
178,1338,1516,0.1388
180,1333,1513,0.1388
179,1339,1518,0.1388
175,1345,1520,0.1388
173,1341,1514,0.1388
170,1333,1503,0.1388
168,1347,1515,0.1388
158,1354,1512,0.1388
155,1356,1511,0.1388
160,1348,1508,0.1388
159,1357,1516,0.1388
163,1353,1516,0.1388
156,1354,1510,0.1388
161,1344,1505,0.1388
158,1342,1500,0.1388
155,1337,1492,0.1388
155,1338,1493,0.1388
158,1336,1494,0.1388
161,1361,1522,0.1388
158,1359,1517,0.1388
155,1366,1521,0.1388
158,1369,1527,0.1388
155,1370,1525,0.1388
158,1361,1519,0.1388
154,1346,1500,0.1388
153,1348,1501,0.1388
156,1348,1504,0.1388
156,1355,1511,0.1388
158,1352,1510,0.1388
155,1343,1498,0.1388
155,1347,1502,0.1388
158,1353,1511,0.1388
160,1359,1519,0.1388
161,1351,1512,0.1388
155,1355,1510,0.1388
152,1358,1510,0.1388
155,1359,1514,0.1388
156,1358,1514,0.1388
149,1346,1495,0.1388
150,1358,1508,0.1388
151,1355,1506,0.1388
148,1360,1508,0.1388
149,1362,1511,0.1388
149,1362,1511,0.1388
151,1365,1516,0.1388
155,1375,1530,0.1388
155,1361,1516,0.1388
155,1360,1515,0.1388
153,1355,1508,0.1388
152,1355,1507,0.1388
144,1358,1502,0.1388
146,1363,1509,0.1388
146,1362,1508,0.1388
146,1367,1513,0.1388
147,1366,1513,0.1388
147,1375,1522,0.1388
145,1361,1506,0.1388
148,1368,1516,0.1388
148,1372,1520,0.1388
145,1365,1510,0.1388
145,1362,1507,0.1388
148,1360,1508,0.1388
145,1374,1519,0.1388
146,1377,1523,0.1388
145,1386,1531,0.1388
142,1376,1518,0.1388
145,1366,1511,0.1388
146,1358,1504,0.1388
145,1358,1503,0.1388
147,1350,1497,0.1388
140,1359,1499,0.1388
136,1369,1505,0.1388
138,1382,1520,0.1388
137,1381,1518,0.1388
138,1383,1521,0.1388
137,1377,1514,0.1388
134,1366,1500,0.1388
142,1366,1508,0.1388
144,1361,1505,0.1388
142,1381,1523,0.1388
139,1377,1516,0.1388
142,1383,1525,0.1388
140,1385,1525,0.1388
139,1387,1526,0.1388
140,1385,1525,0.1388
137,1370,1507,0.1388
138,1369,1507,0.1388
139,1363,1502,0.1388
139,1374,1513,0.1388
139,1371,1510,0.1388
140,1375,1515,0.1388
139,1367,1506,0.1388
137,1363,1500,0.1388
140,1363,1503,0.1388
137,1365,1502,0.1388
133,1349,1482,0.1388
128,1365,1493,0.1388
132,1374,1506,0.1388
136,1370,1506,0.1388
136,1375,1511,0.1388
136,1385,1521,0.1388
137,1375,1512,0.1388
136,1377,1513,0.1388
136,1370,1506,0.1388
133,1375,1508,0.1388
130,1369,1499,0.1388
129,1373,1502,0.1388
132,1384,1516,0.1388
132,1372,1504,0.1388
129,1387,1516,0.1388
132,1398,1530,0.1388
134,1395,1529,0.1388
132,1386,1518,0.1388
130,1373,1503,0.1388
132,1375,1507,0.1388
138,1373,1511,0.1388
131,1363,1494,0.1388
132,1371,1503,0.1388
129,1381,1510,0.1388
127,1385,1512,0.1388
129,1394,1523,0.1388
126,1389,1515,0.1388
125,1380,1505,0.1388
124,1390,1514,0.1388
126,1391,1517,0.1388
125,1394,1519,0.1388
128,1407,1535,0.1388
128,1411,1539,0.1388
127,1401,1528,0.1388
131,1407,1538,0.1388
133,1406,1539,0.1388
127,1393,1520,0.1388
126,1406,1532,0.1388
125,1406,1531,0.1388
126,1394,1520,0.1388
125,1396,1521,0.1388
126,1395,1521,0.1388
127,1388,1515,0.1388
126,1380,1506,0.1388
126,1384,1510,0.1388
127,1388,1515,0.1388
129,1387,1516,0.1388
127,1389,1516,0.1388
124,1382,1506,0.1388
124,1386,1510,0.1388
126,1391,1517,0.1388
123,1397,1520,0.1388
122,1391,1513,0.1388
121,1394,1515,0.1388
120,1400,1520,0.1388
116,1390,1506,0.1388
115,1395,1510,0.1388
116,1407,1523,0.1388
117,1408,1525,0.1388
119,1411,1530,0.1388
117,1408,1525,0.1388
116,1407,1523,0.1388
112,1412,1524,0.1388
105,1422,1527,0.1388
103,1412,1515,0.1388
106,1407,1513,0.1388
110,1411,1521,0.1388
111,1402,1513,0.1388
108,1411,1519,0.1388
108,1405,1513,0.1388
106,1425,1531,0.1388
102,1420,1522,0.1388
101,1405,1506,0.1388
99,1416,1515,0.1388
99,1420,1519,0.1388
96,1426,1522,0.1388
95,1425,1520,0.1388
94,1427,1521,0.1388
94,1426,1520,0.1388
94,1425,1519,0.1388
93,1433,1526,0.1388
91,1420,1511,0.1388
88,1424,1512,0.1388
90,1430,1520,0.1388
89,1415,1504,0.1388
86,1422,1508,0.1388
84,1422,1506,0.1388
85,1422,1507,0.1388
85,1429,1514,0.1388
88,1414,1502,0.1388
90,1421,1511,0.1388
94,1415,1509,0.1388
94,1430,1524,0.1388
94,1420,1514,0.1388
94,1423,1517,0.1388
94,1428,1522,0.1388
93,1428,1521,0.1388
98,1426,1524,0.1388
98,1426,1524,0.1388
96,1422,1518,0.1388
95,1425,1520,0.1388
96,1436,1532,0.1388
95,1413,1508,0.1388
92,1396,1488,0.1388
93,1403,1496,0.1388
95,1405,1500,0.1388
95,1411,1506,0.1388
91,1414,1505,0.1388
87,1417,1504,0.1388
89,1416,1505,0.1388
90,1425,1515,0.1388
88,1425,1513,0.1388
91,1423,1514,0.1388
89,1413,1502,0.1388
94,1418,1512,0.1388
95,1405,1500,0.1388
94,1420,1514,0.1388
93,1415,1508,0.1388
94,1418,1512,0.1388
94,1421,1515,0.1388
95,1423,1518,0.1388
96,1416,1512,0.1388
97,1423,1520,0.1388
99,1423,1522,0.1388
98,1422,1520,0.1388
94,1423,1517,0.1388
93,1419,1512,0.1388
91,1425,1516,0.1388
92,1429,1521,0.1388
93,1414,1507,0.1388
94,1424,1518,0.1388
95,1424,1519,0.1388
97,1424,1521,0.1388
94,1408,1502,0.1388
93,1422,1515,0.1388
93,1425,1518,0.1388
95,1415,1510,0.1388
94,1425,1519,0.1388
95,1415,1510,0.1388
95,1409,1504,0.1388
96,1412,1508,0.1388
94,1426,1520,0.1388
93,1431,1524,0.1388
93,1431,1524,0.1388
93,1428,1521,0.1388
94,1428,1522,0.1388
96,1425,1521,0.1388
96,1409,1505,0.1388
96,1418,1514,0.1388
94,1412,1506,0.1388
93,1420,1513,0.1388
93,1425,1518,0.1388
92,1425,1517,0.1388
92,1428,1520,0.1388
90,1432,1522,0.1388
90,1428,1518,0.1388
89,1429,1518,0.1388
87,1428,1515,0.1388
90,1417,1507,0.1388
89,1421,1510,0.1388
92,1425,1517,0.1388
92,1433,1525,0.1388
93,1430,1523,0.1388
90,1429,1519,0.1388
91,1422,1513,0.1388
89,1424,1513,0.1388
86,1432,1518,0.1388
86,1447,1533,0.1388
88,1438,1526,0.1388
87,1437,1524,0.1388
87,1434,1521,0.1388
86,1428,1514,0.1388
85,1427,1512,0.1388
85,1442,1527,0.1388
83,1437,1520,0.1388
81,1440,1521,0.1388
84,1435,1519,0.1388
85,1427,1512,0.1388
85,1420,1505,0.1388
84,1430,1514,0.1388
88,1436,1524,0.1388
87,1443,1530,0.1388
87,1431,1518,0.1388
88,1432,1520,0.1388
86,1428,1514,0.1388
88,1428,1516,0.1388
86,1426,1512,0.1388
88,1438,1526,0.1388
83,1437,1520,0.1388
82,1431,1513,0.1388
81,1439,1520,0.1388
83,1429,1512,0.1388
80,1430,1510,0.1388
78,1433,1511,0.1388
78,1442,1520,0.1388
77,1445,1522,0.1388
80,1433,1513,0.1388
81,1425,1506,0.1388
79,1427,1506,0.1388
79,1426,1505,0.1388
82,1435,1517,0.1388
81,1442,1523,0.1388
80,1429,1509,0.1388
79,1443,1522,0.1388
80,1433,1513,0.1388
73,1433,1506,0.1388
74,1448,1522,0.1388
76,1446,1522,0.1388
76,1438,1514,0.1388
74,1424,1498,0.1388
71,1431,1502,0.1388
75,1432,1507,0.1388
71,1441,1512,0.1388
72,1447,1519,0.1388
70,1440,1510,0.1388
73,1447,1520,0.1388
70,1444,1514,0.1388
70,1438,1508,0.1388
72,1441,1513,0.1388
73,1440,1513,0.1388
72,1448,1520,0.1388
69,1446,1515,0.1388
71,1433,1504,0.1388
67,1434,1501,0.1388
70,1441,1511,0.1388
70,1430,1500,0.1388
66,1440,1506,0.1388
67,1440,1507,0.1388
65,1427,1492,0.1388
65,1429,1494,0.1388
64,1451,1515,0.1388
64,1447,1511,0.1388
65,1437,1502,0.1388
65,1452,1517,0.1388
65,1465,1530,0.1388
64,1463,1527,0.1388
65,1467,1532,0.1388
63,1456,1519,0.1388
62,1449,1511,0.1388
63,1457,1520,0.1388
64,1461,1525,0.1388
65,1460,1525,0.1388
65,1469,1534,0.1388
66,1474,1540,0.1388
63,1476,1539,0.1388
59,1463,1522,0.1388
61,1442,1503,0.1388
64,1456,1520,0.1388
63,1459,1522,0.1388
63,1456,1519,0.1388
62,1457,1519,0.1388
61,1449,1510,0.1388
62,1455,1517,0.1388
62,1451,1513,0.1388
62,1457,1519,0.1388
59,1445,1504,0.1388
58,1466,1524,0.1388
58,1476,1534,0.1388
58,1457,1515,0.1388
57,1450,1507,0.1388
56,1460,1516,0.1388
54,1448,1502,0.1388
54,1455,1509,0.1388
54,1463,1517,0.1388
55,1451,1506,0.1388
54,1456,1510,0.1388
52,1453,1505,0.1388
54,1463,1517,0.1388
59,1451,1510,0.1388
60,1462,1522,0.1388
61,1458,1519,0.1388
59,1452,1511,0.1388
57,1456,1513,0.1388
58,1449,1507,0.1388
58,1449,1507,0.1388
57,1456,1513,0.1388
54,1449,1503,0.1388
53,1454,1507,0.1388
56,1457,1513,0.1388
59,1456,1515,0.1388
58,1455,1513,0.1388
57,1444,1501,0.1388
55,1449,1504,0.1388
55,1450,1505,0.1388
55,1456,1511,0.1388
50,1465,1515,0.1388
52,1468,1520,0.1388
55,1465,1520,0.1388
55,1462,1517,0.1388
55,1454,1509,0.1388
53,1469,1522,0.1388
52,1459,1511,0.1388
53,1469,1522,0.1388
54,1476,1530,0.1388
56,1469,1525,0.1388
55,1462,1517,0.1388
55,1463,1518,0.1388
55,1462,1517,0.1388
55,1458,1513,0.1388
57,1452,1509,0.1388
56,1440,1496,0.1388
55,1448,1503,0.1388
55,1452,1507,0.1388
55,1453,1508,0.1388
56,1455,1511,0.1388
56,1449,1505,0.1388
55,1445,1500,0.1388
55,1448,1503,0.1388
55,1449,1504,0.1388
57,1458,1515,0.1388
58,1462,1520,0.1388
57,1457,1514,0.1388
57,1463,1520,0.1388
56,1461,1517,0.1388
56,1445,1501,0.1388
57,1436,1493,0.1388
54,1440,1494,0.1388
55,1448,1503,0.1388
56,1460,1516,0.1388
54,1446,1500,0.1388
56,1450,1506,0.1388
57,1447,1504,0.1388
59,1458,1517,0.1388
58,1461,1519,0.1388
58,1451,1509,0.1388
57,1450,1507,0.1388
56,1458,1514,0.1388
56,1461,1517,0.1388
53,1454,1507,0.1388
51,1458,1509,0.1388
49,1461,1510,0.1388
52,1471,1523,0.1388
53,1468,1521,0.1388
51,1464,1515,0.1388
51,1469,1520,0.1388
51,1471,1522,0.1388
49,1473,1522,0.1388
52,1478,1530,0.1388
51,1470,1521,0.1388
52,1462,1514,0.1388
53,1454,1507,0.1388
54,1457,1511,0.1388
53,1453,1506,0.1388
52,1454,1506,0.1388
51,1448,1499,0.1388
52,1460,1512,0.1388
48,1467,1515,0.1388
47,1475,1522,0.1388
48,1464,1512,0.1388
48,1474,1522,0.1388
49,1469,1518,0.1388
49,1458,1507,0.1388
46,1456,1502,0.1388
45,1461,1506,0.1388
46,1479,1525,0.1388
46,1471,1517,0.1388
46,1469,1515,0.1388
46,1482,1528,0.1388
46,1480,1526,0.1388
44,1459,1503,0.1388
44,1464,1508,0.1388
44,1454,1498,0.1388
42,1449,1491,0.1388
41,1461,1502,0.1388
39,1474,1513,0.1388
40,1469,1509,0.1388
38,1474,1512,0.1388
38,1476,1514,0.1388
38,1489,1527,0.1388
38,1484,1522,0.1388
38,1491,1529,0.1388
39,1483,1522,0.1388
41,1478,1519,0.1388
41,1480,1521,0.1388
41,1466,1507,0.1388
41,1473,1514,0.1388
41,1467,1508,0.1388
39,1482,1521,0.1388
37,1471,1508,0.1388
36,1460,1496,0.1388
38,1465,1503,0.1388
38,1481,1519,0.1388
39,1470,1509,0.1388
37,1470,1507,0.1388
35,1475,1510,0.1388
33,1476,1509,0.1388
31,1481,1512,0.1388
30,1473,1503,0.1388
31,1480,1511,0.1388
31,1480,1511,0.1388
31,1485,1516,0.1388
31,1495,1526,0.1388
31,1497,1528,0.1388
31,1481,1512,0.1388
31,1483,1514,0.1388
32,1477,1509,0.1388
33,1486,1519,0.1388
35,1488,1523,0.1388
36,1479,1515,0.1388
36,1469,1505,0.1388
36,1475,1511,0.1388
35,1483,1518,0.1388
34,1478,1512,0.1388
34,1478,1512,0.1388
35,1477,1512,0.1388
34,1471,1505,0.1388
35,1485,1520,0.1388
35,1477,1512,0.1388
35,1483,1518,0.1388
35,1488,1523,0.1388
35,1488,1523,0.1388
35,1483,1518,0.1388
34,1485,1519,0.1388
34,1486,1520,0.1388
34,1479,1513,0.1388
36,1483,1519,0.1388
39,1483,1522,0.1388
41,1479,1520,0.1388
41,1480,1521,0.1388
40,1482,1522,0.1388
39,1477,1516,0.1388
38,1457,1495,0.1388
38,1468,1506,0.1388
40,1481,1521,0.1388
40,1473,1513,0.1388
41,1473,1514,0.1388
40,1474,1514,0.1388
41,1480,1521,0.1388
40,1480,1520,0.1388
39,1473,1512,0.1388
38,1464,1502,0.1388
38,1471,1509,0.1388
38,1475,1513,0.1388
37,1480,1517,0.1388
37,1474,1511,0.1388
37,1463,1500,0.1388
37,1473,1510,0.1388
37,1485,1522,0.1388
39,1483,1522,0.1388
39,1482,1521,0.1388
39,1479,1518,0.1388
38,1484,1522,0.1388
34,1474,1508,0.1388
37,1459,1496,0.1388
37,1466,1503,0.1388
37,1470,1507,0.1388
38,1470,1508,0.1388
39,1472,1511,0.1388
39,1473,1512,0.1388
38,1460,1498,0.1388
38,1472,1510,0.1388
39,1469,1508,0.1388
41,1465,1506,0.1388
42,1461,1503,0.1388
42,1458,1500,0.1388
42,1464,1506,0.1388
42,1473,1515,0.1388
42,1477,1519,0.1388
42,1470,1512,0.1388
44,1476,1520,0.1388
43,1483,1526,0.1388
43,1486,1529,0.1388
42,1482,1524,0.1388
42,1471,1513,0.1388
44,1468,1512,0.1388
45,1465,1510,0.1388
46,1458,1504,0.1388
47,1462,1509,0.1388
47,1461,1508,0.1388
48,1459,1507,0.1388
50,1449,1499,0.1388
50,1474,1524,0.1388
49,1467,1516,0.1388
46,1467,1513,0.1388
46,1481,1527,0.1388
46,1475,1521,0.1388
46,1483,1529,0.1388
45,1473,1518,0.1388
45,1479,1524,0.1388
46,1479,1525,0.1388
46,1471,1517,0.1388
46,1463,1509,0.1388
42,1470,1512,0.1388
43,1458,1501,0.1388
43,1453,1496,0.1388
42,1468,1510,0.1388
43,1461,1504,0.1388
44,1463,1507,0.1388
45,1464,1509,0.1388
46,1474,1520,0.1388
46,1469,1515,0.1388
48,1472,1520,0.1388
48,1475,1523,0.1388
49,1475,1524,0.1388
48,1473,1521,0.1388
48,1471,1519,0.1388
49,1471,1520,0.1388
48,1479,1527,0.1388
45,1479,1524,0.1388
45,1466,1511,0.1388
48,1482,1530,0.1388
48,1488,1536,0.1388
48,1482,1530,0.1388
49,1484,1533,0.1388
48,1469,1517,0.1388
51,1476,1527,0.1388
50,1478,1528,0.1388
48,1479,1527,0.1388
50,1488,1538,0.1388
47,1497,1544,0.1388
43,1479,1522,0.1388
42,1463,1505,0.1388
43,1468,1511,0.1388
44,1461,1505,0.1388
45,1476,1521,0.1388
44,1463,1507,0.1388
44,1464,1508,0.1388
44,1468,1512,0.1388
43,1457,1500,0.1388
45,1466,1511,0.1388
46,1471,1517,0.1388
46,1469,1515,0.1388
46,1478,1524,0.1388
48,1466,1514,0.1388
48,1466,1514,0.1388
47,1472,1519,0.1388
47,1464,1511,0.1388
47,1471,1518,0.1388
48,1477,1525,0.1388
48,1479,1527,0.1388
47,1467,1514,0.1388
47,1470,1517,0.1388
50,1483,1533,0.1388
52,1471,1523,0.1388
55,1478,1533,0.1388
53,1464,1517,0.1388
56,1471,1527,0.1388
53,1479,1532,0.1388
52,1474,1526,0.1388
53,1456,1509,0.1388
54,1466,1520,0.1388
53,1467,1520,0.1388
55,1463,1518,0.1388
56,1465,1521,0.1388
54,1449,1503,0.1388
57,1459,1516,0.1388
59,1457,1516,0.1388
57,1461,1518,0.1388
62,1462,1524,0.1388
63,1457,1520,0.1388
64,1456,1520,0.1388
61,1457,1518,0.1388
64,1463,1527,0.1388
62,1462,1524,0.1388
64,1444,1508,0.1388
61,1444,1505,0.1388
58,1449,1507,0.1388
60,1449,1509,0.1388
58,1461,1519,0.1388
61,1466,1527,0.1388
60,1467,1527,0.1388
59,1453,1512,0.1388
62,1452,1514,0.1388
60,1446,1506,0.1388
61,1447,1508,0.1388
60,1449,1509,0.1388
64,1449,1513,0.1388
65,1444,1509,0.1388
65,1454,1519,0.1388
67,1454,1521,0.1388
67,1455,1522,0.1388
66,1448,1514,0.1388
67,1451,1518,0.1388
67,1446,1513,0.1388
66,1450,1516,0.1388
65,1455,1520,0.1388
62,1461,1523,0.1388
63,1461,1524,0.1388
62,1454,1516,0.1388
61,1456,1517,0.1388
62,1461,1523,0.1388
58,1468,1526,0.1388
59,1476,1535,0.1388
60,1458,1518,0.1388
59,1454,1513,0.1388
58,1456,1514,0.1388
58,1452,1510,0.1388
61,1457,1518,0.1388
59,1454,1513,0.1388
61,1443,1504,0.1388
63,1457,1520,0.1388
63,1446,1509,0.1388
63,1435,1498,0.1388
62,1437,1499,0.1388
61,1450,1511,0.1388
62,1458,1520,0.1388
59,1464,1523,0.1388
59,1459,1518,0.1388
59,1453,1512,0.1388
58,1451,1509,0.1388
57,1454,1511,0.1388
57,1447,1504,0.1388
56,1456,1512,0.1388
55,1454,1509,0.1388
55,1454,1509,0.1388
57,1465,1522,0.1388
56,1460,1516,0.1388
56,1444,1500,0.1388
57,1455,1512,0.1388
58,1455,1513,0.1388
58,1447,1505,0.1388
55,1456,1511,0.1388
56,1459,1515,0.1388
58,1447,1505,0.1388
58,1442,1500,0.1388
58,1449,1507,0.1388
60,1461,1521,0.1388
59,1468,1527,0.1388
62,1460,1522,0.1388
60,1464,1524,0.1388
59,1447,1506,0.1388
57,1450,1507,0.1388
56,1455,1511,0.1388
53,1458,1511,0.1388
56,1457,1513,0.1388
59,1464,1523,0.1388
59,1461,1520,0.1388
57,1469,1526,0.1388
57,1468,1525,0.1388
58,1465,1523,0.1388
58,1463,1521,0.1388
56,1468,1524,0.1388
55,1452,1507,0.1388
56,1457,1513,0.1388
53,1450,1503,0.1388
53,1455,1508,0.1388
55,1463,1518,0.1388
56,1462,1518,0.1388
57,1471,1528,0.1388
58,1460,1518,0.1388
54,1449,1503,0.1388
53,1451,1504,0.1388
56,1466,1522,0.1388
60,1452,1512,0.1388
58,1447,1505,0.1388
57,1455,1512,0.1388
57,1458,1515,0.1388
52,1462,1514,0.1388
53,1449,1502,0.1388
53,1471,1524,0.1388
53,1461,1514,0.1388
51,1469,1520,0.1388
51,1467,1518,0.1388
49,1474,1523,0.1388
50,1470,1520,0.1388
49,1478,1527,0.1388
48,1477,1525,0.1388
48,1482,1530,0.1388
47,1476,1523,0.1388
46,1474,1520,0.1388
46,1471,1517,0.1388
42,1468,1510,0.1388
41,1487,1528,0.1388
40,1479,1519,0.1388
40,1476,1516,0.1388
41,1470,1511,0.1388
42,1474,1516,0.1388
42,1485,1527,0.1388
40,1481,1521,0.1388
40,1473,1513,0.1388
41,1476,1517,0.1388
44,1484,1528,0.1388
45,1486,1531,0.1388
44,1474,1518,0.1388
43,1455,1498,0.1388
42,1470,1512,0.1388
42,1474,1516,0.1388
42,1474,1516,0.1388
44,1474,1518,0.1388
45,1481,1526,0.1388
44,1474,1518,0.1388
46,1468,1514,0.1388
45,1465,1510,0.1388
44,1451,1495,0.1388
44,1450,1494,0.1388
46,1462,1508,0.1388
42,1478,1520,0.1388
43,1476,1519,0.1388
45,1461,1506,0.1388
45,1472,1517,0.1388
43,1476,1519,0.1388
42,1460,1502,0.1388
41,1475,1516,0.1388
41,1471,1512,0.1388
38,1473,1511,0.1388
41,1479,1520,0.1388
41,1475,1516,0.1388
39,1490,1529,0.1388
40,1475,1515,0.1388
38,1482,1520,0.1388
38,1486,1524,0.1388
38,1498,1536,0.1388
38,1481,1519,0.1388
40,1475,1515,0.1388
41,1467,1508,0.1388
41,1469,1510,0.1388
41,1463,1504,0.1388
39,1477,1516,0.1388
36,1482,1518,0.1388
36,1485,1521,0.1388
35,1485,1520,0.1388
37,1490,1527,0.1388
35,1485,1520,0.1388
35,1482,1517,0.1388
34,1482,1516,0.1388
33,1484,1517,0.1388
32,1480,1512,0.1388
33,1488,1521,0.1388
33,1484,1517,0.1388
32,1479,1511,0.1388
31,1481,1512,0.1388
33,1479,1512,0.1388
32,1483,1515,0.1388
32,1484,1516,0.1388
32,1490,1522,0.1388
31,1493,1524,0.1388
31,1510,1541,0.1388
32,1507,1539,0.1388
33,1504,1537,0.1388
32,1500,1532,0.1388
32,1494,1526,0.1388
32,1477,1509,0.1388
32,1490,1522,0.1388
32,1489,1521,0.1388
32,1486,1518,0.1388
31,1487,1518,0.1388
32,1488,1520,0.1388
32,1490,1522,0.1388
31,1489,1520,0.1388
31,1484,1515,0.1388
32,1471,1503,0.1388
31,1476,1507,0.1388
34,1471,1505,0.1388
34,1470,1504,0.1388
33,1480,1513,0.1388
34,1481,1515,0.1388
32,1468,1500,0.1388
33,1477,1510,0.1388
33,1469,1502,0.1388
33,1466,1499,0.1388
32,1480,1512,0.1388
33,1484,1517,0.1388
33,1484,1517,0.1388
33,1483,1516,0.1388
34,1480,1514,0.1388
32,1481,1513,0.1388
30,1481,1511,0.1388
30,1489,1519,0.1388
28,1487,1515,0.1388
28,1482,1510,0.1388
28,1483,1511,0.1388
28,1487,1515,0.1388
27,1494,1521,0.1388
27,1513,1540,0.1388
27,1500,1527,0.1388
27,1501,1528,0.1388
28,1499,1527,0.1388
29,1500,1529,0.1388
27,1488,1515,0.1388
26,1486,1512,0.1388
27,1480,1507,0.1388
26,1486,1512,0.1388
27,1481,1508,0.1388
25,1489,1514,0.1388
24,1483,1507,0.1388
25,1493,1518,0.1388
25,1496,1521,0.1388
24,1494,1518,0.1388
24,1497,1521,0.1388
24,1497,1521,0.1388
24,1490,1514,0.1388
25,1487,1512,0.1388
23,1501,1524,0.1388
23,1496,1519,0.1388
24,1508,1532,0.1388
24,1503,1527,0.1388
23,1502,1525,0.1388
25,1493,1518,0.1388
26,1496,1522,0.1388
27,1500,1527,0.1388
26,1504,1530,0.1388
25,1508,1533,0.1388
24,1482,1506,0.1388
23,1497,1520,0.1388
23,1499,1522,0.1388
25,1483,1508,0.1388
26,1471,1497,0.1388
25,1474,1499,0.1388
26,1480,1506,0.1388
25,1485,1510,0.1388
26,1491,1517,0.1388
23,1474,1497,0.1388
24,1477,1501,0.1388
24,1487,1511,0.1388
22,1484,1506,0.1388
21,1492,1513,0.1388
21,1484,1505,0.1388
24,1481,1505,0.1388
25,1490,1515,0.1388
25,1483,1508,0.1388
25,1494,1519,0.1388
24,1496,1520,0.1388
23,1500,1523,0.1388
22,1510,1532,0.1388
23,1497,1520,0.1388
24,1489,1513,0.1388
25,1492,1517,0.1388
23,1482,1505,0.1388
21,1486,1507,0.1388
21,1506,1527,0.1388
21,1512,1533,0.1388
23,1500,1523,0.1388
23,1500,1523,0.1388
22,1486,1508,0.1388
21,1483,1504,0.1388
23,1485,1508,0.1388
22,1497,1519,0.1388
23,1494,1517,0.1388
23,1493,1516,0.1388
22,1500,1522,0.1388
21,1496,1517,0.1388
21,1497,1518,0.1388
21,1500,1521,0.1388
21,1496,1517,0.1388
20,1508,1528,0.1388
20,1510,1530,0.1388
20,1505,1525,0.1388
20,1495,1515,0.1388
20,1502,1522,0.1388
20,1494,1514,0.1388
20,1507,1527,0.1388
18,1489,1507,0.1388
20,1497,1517,0.1388
20,1505,1525,0.1388
18,1493,1511,0.1388
18,1482,1500,0.1388
19,1476,1495,0.1388
20,1479,1499,0.1388
20,1495,1515,0.1388
20,1490,1510,0.1388
21,1501,1522,0.1388
21,1494,1515,0.1388
20,1479,1499,0.1388
19,1472,1491,0.1388
20,1485,1505,0.1388
20,1487,1507,0.1388
20,1477,1497,0.1388
19,1469,1488,0.1388
20,1488,1508,0.1388
20,1486,1506,0.1388
21,1491,1512,0.1388
20,1482,1502,0.1388
20,1501,1521,0.1388
20,1491,1511,0.1388
20,1508,1528,0.1388
20,1514,1534,0.1388
20,1503,1523,0.1388
18,1495,1513,0.1388
19,1501,1520,0.1388
19,1511,1530,0.1388
18,1505,1523,0.1388
17,1525,1542,0.1388
14,1515,1529,0.1388
15,1522,1537,0.1388
15,1518,1533,0.1388
14,1529,1543,0.1388
14,1516,1530,0.1388
14,1512,1526,0.1388
15,1508,1523,0.1388
17,1505,1522,0.1388
18,1490,1508,0.1388
18,1489,1507,0.1388
16,1492,1508,0.1388
16,1488,1504,0.1388
15,1485,1500,0.1388
15,1497,1512,0.1388
14,1507,1521,0.1388
14,1503,1517,0.1388
15,1516,1531,0.1388
14,1520,1534,0.1388
14,1514,1528,0.1388
14,1512,1526,0.1388
15,1482,1497,0.1388
15,1494,1509,0.1388
16,1505,1521,0.1388
15,1502,1517,0.1388
16,1514,1530,0.1388
17,1511,1528,0.1388
17,1506,1523,0.1388
17,1496,1513,0.1388
17,1494,1511,0.1388
16,1487,1503,0.1388
16,1487,1503,0.1388
16,1500,1516,0.1388
16,1506,1522,0.1388
16,1499,1515,0.1388
17,1496,1513,0.1388
17,1498,1515,0.1388
14,1485,1499,0.1388
14,1490,1504,0.1388
14,1503,1517,0.1388
15,1505,1520,0.1388
14,1492,1506,0.1388
14,1494,1508,0.1388
14,1506,1520,0.1388
15,1500,1515,0.1388
15,1499,1514,0.1388
14,1491,1505,0.1388
15,1499,1514,0.1388
16,1511,1527,0.1388
16,1511,1527,0.1388
16,1510,1526,0.1388
18,1491,1509,0.1388
17,1487,1504,0.1388
18,1494,1512,0.1388
18,1485,1503,0.1388
19,1493,1512,0.1388
18,1488,1506,0.1388
17,1487,1504,0.1388
18,1480,1498,0.1388
18,1479,1497,0.1388
18,1482,1500,0.1388
18,1481,1499,0.1388
18,1479,1497,0.1388
17,1488,1505,0.1388
17,1486,1503,0.1388
19,1493,1512,0.1388
20,1495,1515,0.1388
20,1488,1508,0.1388
19,1484,1503,0.1388
20,1491,1511,0.1388
20,1486,1506,0.1388
19,1491,1510,0.1388
19,1481,1500,0.1388
19,1494,1513,0.1388
19,1489,1508,0.1388
20,1491,1511,0.1388
20,1486,1506,0.1388
20,1494,1514,0.1388
19,1497,1516,0.1388
18,1509,1527,0.1388
17,1500,1517,0.1388
17,1507,1524,0.1388
16,1497,1513,0.1388
16,1499,1515,0.1388
17,1508,1525,0.1388
17,1499,1516,0.1388
17,1495,1512,0.1388
17,1489,1506,0.1388
18,1488,1506,0.1388
18,1500,1518,0.1388
17,1496,1513,0.1388
17,1492,1509,0.1388
17,1491,1508,0.1388
18,1491,1509,0.1388
19,1493,1512,0.1388
18,1498,1516,0.1388
18,1514,1532,0.1388
18,1522,1540,0.1388
17,1505,1522,0.1388
17,1505,1522,0.1388
17,1514,1531,0.1388
17,1511,1528,0.1388
17,1508,1525,0.1388
15,1498,1513,0.1388
17,1489,1506,0.1388
17,1478,1495,0.1388
16,1478,1494,0.1388
16,1491,1507,0.1388
15,1489,1504,0.1388
14,1492,1506,0.1388
15,1499,1514,0.1388
15,1508,1523,0.1388
15,1497,1512,0.1388
15,1499,1514,0.1388
15,1510,1525,0.1388
16,1501,1517,0.1388
17,1506,1523,0.1388
18,1498,1516,0.1388
18,1499,1517,0.1388
18,1492,1510,0.1388
18,1495,1513,0.1388
17,1508,1525,0.1388
18,1508,1526,0.1388
17,1491,1508,0.1388
17,1486,1503,0.1388
17,1488,1505,0.1388
17,1501,1518,0.1388
18,1485,1503,0.1388
18,1487,1505,0.1388
18,1499,1517,0.1388
19,1495,1514,0.1388
20,1498,1518,0.1388
20,1495,1515,0.1388
19,1503,1522,0.1388
20,1492,1512,0.1388
18,1498,1516,0.1388
19,1499,1518,0.1388
18,1492,1510,0.1388
18,1487,1505,0.1388
20,1504,1524,0.1388
20,1511,1531,0.1388
20,1497,1517,0.1388
20,1503,1523,0.1388
21,1510,1531,0.1388
21,1496,1517,0.1388
21,1494,1515,0.1388
21,1501,1522,0.1388
21,1496,1517,0.1388
21,1489,1510,0.1388
20,1485,1505,0.1388
19,1481,1500,0.1388
18,1494,1512,0.1388
17,1510,1527,0.1388
18,1497,1515,0.1388
19,1497,1516,0.1388
18,1490,1508,0.1388
18,1490,1508,0.1388
18,1491,1509,0.1388
19,1497,1516,0.1388
19,1499,1518,0.1388
18,1495,1513,0.1388
18,1490,1508,0.1388
19,1500,1519,0.1388
19,1494,1513,0.1388
18,1508,1526,0.1388
16,1488,1504,0.1388
18,1494,1512,0.1388
17,1499,1516,0.1388
17,1497,1514,0.1388
16,1494,1510,0.1388
16,1492,1508,0.1388
16,1491,1507,0.1388
16,1499,1515,0.1388
17,1515,1532,0.1388
16,1508,1524,0.1388
18,1509,1527,0.1388
18,1511,1529,0.1388
18,1511,1529,0.1388
17,1497,1514,0.1388
17,1492,1509,0.1388
19,1493,1512,0.1388
19,1493,1512,0.1388
19,1491,1510,0.1388
17,1489,1506,0.1388
18,1496,1514,0.1388
18,1493,1511,0.1388
18,1505,1523,0.1388
18,1505,1523,0.1388
19,1499,1518,0.1388
19,1510,1529,0.1388
18,1502,1520,0.1388
18,1519,1537,0.1388
18,1521,1539,0.1388
18,1512,1530,0.1388
18,1509,1527,0.1388
18,1508,1526,0.1388
19,1504,1523,0.1388
18,1509,1527,0.1388
18,1493,1511,0.1388
18,1510,1528,0.1388
18,1514,1532,0.1388
17,1506,1523,0.1388
17,1492,1509,0.1388
17,1481,1498,0.1388
16,1487,1503,0.1388
17,1494,1511,0.1388
17,1504,1521,0.1388
17,1499,1516,0.1388
17,1494,1511,0.1388
17,1495,1512,0.1388
15,1489,1504,0.1388
16,1495,1511,0.1388
15,1509,1524,0.1388
15,1497,1512,0.1388
15,1497,1512,0.1388
15,1497,1512,0.1388
15,1499,1514,0.1388
14,1495,1509,0.1388
14,1509,1523,0.1388
14,1504,1518,0.1388
14,1502,1516,0.1388
14,1511,1525,0.1388
14,1498,1512,0.1388
15,1512,1527,0.1388
14,1495,1509,0.1388
14,1508,1522,0.1388
14,1511,1525,0.1388
13,1506,1519,0.1388
13,1504,1517,0.1388
14,1512,1526,0.1388
13,1503,1516,0.1388
12,1495,1507,0.1388
12,1508,1520,0.1388
11,1494,1505,0.1388
11,1503,1514,0.1388
11,1498,1509,0.1388
11,1497,1508,0.1388
11,1497,1508,0.1388
9,1499,1508,0.1388
10,1503,1513,0.1388
10,1497,1507,0.1388
10,1508,1518,0.1388
11,1509,1520,0.1388
10,1515,1525,0.1388
13,1499,1512,0.1388
13,1510,1523,0.1388
13,1508,1521,0.1388
13,1510,1523,0.1388
13,1497,1510,0.1388
13,1486,1499,0.1388
13,1490,1503,0.1388
13,1489,1502,0.1388
13,1504,1517,0.1388
14,1498,1512,0.1388
16,1493,1509,0.1388
15,1502,1517,0.1388
16,1498,1514,0.1388
16,1509,1525,0.1388
16,1525,1541,0.1388
16,1520,1536,0.1388
14,1513,1527,0.1388
15,1522,1537,0.1388
14,1516,1530,0.1388
14,1506,1520,0.1388
12,1498,1510,0.1388
13,1520,1533,0.1388
13,1514,1527,0.1388
12,1516,1528,0.1388
13,1513,1526,0.1388
13,1506,1519,0.1388
13,1502,1515,0.1388
13,1506,1519,0.1388
13,1505,1518,0.1388
13,1506,1519,0.1388
14,1497,1511,0.1388
14,1495,1509,0.1388
15,1497,1512,0.1388
14,1502,1516,0.1388
15,1503,1518,0.1388
15,1504,1519,0.1388
15,1495,1510,0.1388
15,1492,1507,0.1388
15,1500,1515,0.1388
14,1504,1518,0.1388
14,1509,1523,0.1388
14,1520,1534,0.1388
13,1511,1524,0.1388
11,1500,1511,0.1388
11,1485,1496,0.1388
11,1490,1501,0.1388
12,1477,1489,0.1388
12,1490,1502,0.1388
13,1498,1511,0.1388
13,1503,1516,0.1388
14,1496,1510,0.1388
14,1481,1495,0.1388
15,1483,1498,0.1388
16,1491,1507,0.1388
16,1489,1505,0.1388
15,1499,1514,0.1388
15,1504,1519,0.1388
15,1518,1533,0.1388
16,1491,1507,0.1388
15,1501,1516,0.1388
16,1502,1518,0.1388
16,1508,1524,0.1388
16,1502,1518,0.1388
15,1508,1523,0.1388
15,1504,1519,0.1388
16,1501,1517,0.1388
16,1504,1520,0.1388
16,1511,1527,0.1388
16,1500,1516,0.1388
17,1489,1506,0.1388
19,1495,1514,0.1388
19,1492,1511,0.1388
19,1489,1508,0.1388
19,1489,1508,0.1388
21,1502,1523,0.1388
23,1493,1516,0.1388
20,1494,1514,0.1388
23,1500,1523,0.1388
22,1501,1523,0.1388
20,1495,1515,0.1388
21,1487,1508,0.1388
22,1497,1519,0.1388
23,1499,1522,0.1388
22,1497,1519,0.1388
22,1490,1512,0.1388
22,1492,1514,0.1388
22,1490,1512,0.1388
23,1483,1506,0.1388
24,1480,1504,0.1388
23,1496,1519,0.1388
24,1487,1511,0.1388
24,1499,1523,0.1388
24,1504,1528,0.1388
23,1501,1524,0.1388
22,1498,1520,0.1388
23,1497,1520,0.1388
22,1489,1511,0.1388
22,1494,1516,0.1388
22,1498,1520,0.1388
22,1495,1517,0.1388
24,1505,1529,0.1388
23,1515,1538,0.1388
23,1505,1528,0.1388
23,1494,1517,0.1388
24,1490,1514,0.1388
22,1488,1510,0.1388
22,1482,1504,0.1388
21,1481,1502,0.1388
21,1488,1509,0.1388
22,1488,1510,0.1388
22,1482,1504,0.1388
20,1477,1497,0.1388
21,1481,1502,0.1388
24,1482,1506,0.1388
23,1480,1503,0.1388
23,1484,1507,0.1388
25,1468,1493,0.1388
24,1482,1506,0.1388
22,1481,1503,0.1388
21,1478,1499,0.1388
24,1490,1514,0.1388
24,1491,1515,0.1388
26,1495,1521,0.1388
27,1491,1518,0.1388
25,1489,1514,0.1388
25,1494,1519,0.1388
24,1508,1532,0.1388
24,1505,1529,0.1388
24,1505,1529,0.1388
25,1497,1522,0.1388
23,1491,1514,0.1388
24,1494,1518,0.1388
24,1493,1517,0.1388
24,1503,1527,0.1388
25,1500,1525,0.1388
25,1481,1506,0.1388
26,1475,1501,0.1388
25,1491,1516,0.1388
26,1487,1513,0.1388
26,1486,1512,0.1388
25,1486,1511,0.1388
25,1470,1495,0.1388
26,1463,1489,0.1388
29,1473,1502,0.1388
29,1473,1502,0.1388
27,1468,1495,0.1388
27,1482,1509,0.1388
28,1483,1511,0.1388
27,1485,1512,0.1388
27,1493,1520,0.1388
26,1479,1505,0.1388
24,1480,1504,0.1388
25,1483,1508,0.1388
26,1480,1506,0.1388
26,1483,1509,0.1388
27,1485,1512,0.1388
24,1499,1523,0.1388
24,1505,1529,0.1388
23,1504,1527,0.1388
23,1497,1520,0.1388
25,1508,1533,0.1388
27,1492,1519,0.1388
28,1483,1511,0.1388
28,1488,1516,0.1388
29,1491,1520,0.1388
30,1496,1526,0.1388
28,1499,1527,0.1388
30,1472,1502,0.1388
30,1492,1522,0.1388
30,1490,1520,0.1388
29,1486,1515,0.1388
29,1482,1511,0.1388
29,1493,1522,0.1388
29,1499,1528,0.1388
28,1497,1525,0.1388
26,1498,1524,0.1388
25,1493,1518,0.1388
26,1491,1517,0.1388
26,1492,1518,0.1388
25,1496,1521,0.1388
24,1484,1508,0.1388
24,1487,1511,0.1388
24,1500,1524,0.1388
21,1493,1514,0.1388
21,1495,1516,0.1388
21,1504,1525,0.1388
22,1500,1522,0.1388
22,1494,1516,0.1388
23,1498,1521,0.1388
23,1499,1522,0.1388
23,1507,1530,0.1388
22,1512,1534,0.1388
22,1518,1540,0.1388
21,1511,1532,0.1388
21,1505,1526,0.1388
21,1496,1517,0.1388
22,1503,1525,0.1388
22,1499,1521,0.1388
22,1499,1521,0.1388
22,1497,1519,0.1388
20,1498,1518,0.1388
20,1500,1520,0.1388
19,1495,1514,0.1388
19,1492,1511,0.1388
19,1489,1508,0.1388
18,1491,1509,0.1388
19,1503,1522,0.1388
19,1497,1516,0.1388
19,1495,1514,0.1388
18,1503,1521,0.1388
18,1500,1518,0.1388
19,1505,1524,0.1388
19,1500,1519,0.1388
20,1493,1513,0.1388
21,1495,1516,0.1388
21,1492,1513,0.1388
22,1498,1520,0.1388
23,1490,1513,0.1388
24,1481,1505,0.1388
24,1482,1506,0.1388
23,1483,1506,0.1388
25,1486,1511,0.1388
25,1490,1515,0.1388
25,1492,1517,0.1388
22,1491,1513,0.1388
22,1508,1530,0.1388
21,1511,1532,0.1388
21,1495,1516,0.1388
19,1491,1510,0.1388
19,1497,1516,0.1388
18,1491,1509,0.1388
19,1499,1518,0.1388
18,1499,1517,0.1388
18,1499,1517,0.1388
18,1506,1524,0.1388
17,1512,1529,0.1388
17,1506,1523,0.1388
17,1498,1515,0.1388
16,1497,1513,0.1388
20,1487,1507,0.1388
21,1497,1518,0.1388
21,1491,1512,0.1388
22,1493,1515,0.1388
20,1499,1519,0.1388
20,1493,1513,0.1388
21,1496,1517,0.1388
20,1492,1512,0.1388
19,1492,1511,0.1388
20,1494,1514,0.1388
20,1478,1498,0.1388
20,1474,1494,0.1388
20,1479,1499,0.1388
20,1480,1500,0.1388
19,1482,1501,0.1388
19,1482,1501,0.1388
18,1487,1505,0.1388
18,1490,1508,0.1388
18,1501,1519,0.1388
18,1509,1527,0.1388
19,1508,1527,0.1388
18,1519,1537,0.1388
17,1511,1528,0.1388
17,1508,1525,0.1388
15,1509,1524,0.1388
15,1503,1518,0.1388
15,1496,1511,0.1388
15,1506,1521,0.1388
15,1506,1521,0.1388
16,1508,1524,0.1388
16,1504,1520,0.1388
13,1506,1519,0.1388
14,1506,1520,0.1388
14,1498,1512,0.1388
15,1500,1515,0.1388
14,1517,1531,0.1388
14,1510,1524,0.1388
15,1497,1512,0.1388
15,1498,1513,0.1388
16,1501,1517,0.1388
16,1505,1521,0.1388
17,1509,1526,0.1388
17,1507,1524,0.1388
16,1503,1519,0.1388
16,1497,1513,0.1388
16,1499,1515,0.1388
17,1497,1514,0.1388
18,1500,1518,0.1388
17,1510,1527,0.1388
18,1497,1515,0.1388
18,1500,1518,0.1388
18,1498,1516,0.1388
18,1485,1503,0.1388
17,1493,1510,0.1388
16,1492,1508,0.1388
16,1500,1516,0.1388
16,1502,1518,0.1388
14,1510,1524,0.1388
15,1512,1527,0.1388
15,1513,1528,0.1388
15,1510,1525,0.1388
15,1500,1515,0.1388
14,1499,1513,0.1388
14,1498,1512,0.1388
13,1500,1513,0.1388
15,1503,1518,0.1388
15,1513,1528,0.1388
15,1507,1522,0.1388
13,1516,1529,0.1388
14,1517,1531,0.1388
13,1507,1520,0.1388
12,1509,1521,0.1388
13,1515,1528,0.1388
13,1506,1519,0.1388
12,1491,1503,0.1388
12,1498,1510,0.1388
13,1516,1529,0.1388
12,1510,1522,0.1388
12,1510,1522,0.1388
11,1510,1521,0.1388
11,1506,1517,0.1388
11,1513,1524,0.1388
11,1515,1526,0.1388
12,1518,1530,0.1388
12,1518,1530,0.1388
12,1510,1522,0.1388
11,1511,1522,0.1388
11,1496,1507,0.1388
11,1507,1518,0.1388
11,1509,1520,0.1388
11,1522,1533,0.1388
11,1516,1527,0.1388
11,1507,1518,0.1388
11,1517,1528,0.1388
12,1527,1539,0.1388
12,1510,1522,0.1388
12,1508,1520,0.1388
12,1507,1519,0.1388
10,1498,1508,0.1388
9,1509,1518,0.1388
10,1515,1525,0.1388
10,1523,1533,0.1388
10,1516,1526,0.1388
10,1521,1531,0.1388
11,1513,1524,0.1388
11,1506,1517,0.1388
13,1507,1520,0.1388
13,1511,1524,0.1388
11,1511,1522,0.1388
11,1504,1515,0.1388
12,1508,1520,0.1388
12,1506,1518,0.1388
10,1499,1509,0.1388
11,1496,1507,0.1388
10,1496,1506,0.1388
10,1499,1509,0.1388
10,1504,1514,0.1388
11,1497,1508,0.1388
11,1504,1515,0.1388
9,1512,1521,0.1388
9,1522,1531,0.1388
8,1519,1527,0.1388
8,1515,1523,0.1388
8,1521,1529,0.1388
8,1526,1534,0.1388
7,1527,1534,0.1388
7,1516,1523,0.1388
7,1513,1520,0.1388
7,1513,1520,0.1388
7,1501,1508,0.1388
8,1508,1516,0.1388
8,1500,1508,0.1388
7,1505,1512,0.1388
7,1509,1516,0.1388
6,1508,1514,0.1388
6,1510,1516,0.1388
6,1503,1509,0.1388
6,1509,1515,0.1388
6,1511,1517,0.1388
6,1509,1515,0.1388
7,1516,1523,0.1388
7,1518,1525,0.1388
7,1518,1525,0.1388
7,1512,1519,0.1388
7,1517,1524,0.1388
7,1508,1515,0.1388
7,1506,1513,0.1388
7,1517,1524,0.1388
7,1514,1521,0.1388
7,1515,1522,0.1388
7,1513,1520,0.1388
8,1497,1505,0.1388
8,1493,1501,0.1388
9,1508,1517,0.1388
9,1491,1500,0.1388
9,1500,1509,0.1388
9,1499,1508,0.1388
10,1507,1517,0.1388
10,1518,1528,0.1388
10,1516,1526,0.1388
9,1498,1507,0.1388
9,1495,1504,0.1388
8,1496,1504,0.1388
9,1502,1511,0.1388
11,1505,1516,0.1388
12,1509,1521,0.1388
11,1511,1522,0.1388
10,1508,1518,0.1388
11,1507,1518,0.1388
11,1498,1509,0.1388
11,1495,1506,0.1388
11,1510,1521,0.1388
11,1494,1505,0.1388
11,1519,1530,0.1388
11,1514,1525,0.1388
11,1515,1526,0.1388
11,1503,1514,0.1388
10,1504,1514,0.1388
10,1498,1508,0.1388
10,1503,1513,0.1388
9,1507,1516,0.1388
9,1500,1509,0.1388
9,1505,1514,0.1388
7,1497,1504,0.1388
6,1491,1497,0.1388
6,1506,1512,0.1388
6,1514,1520,0.1388
6,1510,1516,0.1388
6,1518,1524,0.1388
6,1525,1531,0.1388
7,1533,1540,0.1388
7,1530,1537,0.1388
8,1527,1535,0.1388
8,1514,1522,0.1388
8,1524,1532,0.1388
9,1527,1536,0.1388
9,1528,1537,0.1388
8,1513,1521,0.1388
9,1515,1524,0.1388
8,1505,1513,0.1388
8,1501,1509,0.1388
8,1515,1523,0.1388
8,1502,1510,0.1388
7,1501,1508,0.1388
7,1509,1516,0.1388
7,1511,1518,0.1388
7,1501,1508,0.1388
7,1502,1509,0.1388
8,1511,1519,0.1388
8,1512,1520,0.1388
8,1507,1515,0.1388
10,1503,1513,0.1388
9,1507,1516,0.1388
8,1512,1520,0.1388
8,1517,1525,0.1388
9,1503,1512,0.1388
8,1510,1518,0.1388
8,1508,1516,0.1388
8,1512,1520,0.1388
8,1523,1531,0.1388
7,1518,1525,0.1388
8,1519,1527,0.1388
8,1511,1519,0.1388
8,1505,1513,0.1388
9,1501,1510,0.1388
9,1503,1512,0.1388
9,1508,1517,0.1388
9,1513,1522,0.1388
9,1495,1504,0.1388
8,1511,1519,0.1388
9,1503,1512,0.1388
8,1515,1523,0.1388
8,1520,1528,0.1388
8,1519,1527,0.1388
8,1529,1537,0.1388
8,1531,1539,0.1388
8,1529,1537,0.1388
8,1517,1525,0.1388
6,1514,1520,0.1388
7,1512,1519,0.1388
8,1509,1517,0.1388
8,1508,1516,0.1388
8,1511,1519,0.1388
8,1519,1527,0.1388
7,1513,1520,0.1388
6,1512,1518,0.1388
6,1508,1514,0.1388
7,1517,1524,0.1388
7,1503,1510,0.1388
6,1513,1519,0.1388
6,1510,1516,0.1388
6,1494,1500,0.1388
6,1494,1500,0.1388
6,1487,1493,0.1388
5,1498,1503,0.1388
5,1506,1511,0.1388
5,1511,1516,0.1388
4,1511,1515,0.1388
3,1519,1522,0.1388
3,1508,1511,0.1388
3,1510,1513,0.1388
3,1509,1512,0.1388
3,1511,1514,0.1388
4,1511,1515,0.1388
4,1515,1519,0.1388
4,1512,1516,0.1388
4,1519,1523,0.1388
5,1509,1514,0.1388
5,1506,1511,0.1388
5,1524,1529,0.1388
5,1532,1537,0.1388
4,1524,1528,0.1388
4,1522,1526,0.1388
4,1517,1521,0.1388
4,1503,1507,0.1388
3,1510,1513,0.1388
3,1511,1514,0.1388
3,1504,1507,0.1388
3,1501,1504,0.1388
3,1513,1516,0.1388
3,1523,1526,0.1388
3,1519,1522,0.1388
3,1524,1527,0.1388
3,1522,1525,0.1388
4,1520,1524,0.1388
4,1515,1519,0.1388
4,1519,1523,0.1388
4,1522,1526,0.1388
4,1509,1513,0.1388
2,1523,1525,0.1388
2,1518,1520,0.1388
2,1525,1527,0.1388
2,1504,1506,0.1388
2,1511,1513,0.1388
2,1511,1513,0.1388
2,1498,1500,0.1388
2,1503,1505,0.1388
2,1500,1502,0.1388
2,1503,1505,0.1388
2,1508,1510,0.1388
2,1515,1517,0.1388
2,1512,1514,0.1388
2,1512,1514,0.1388
1,1514,1515,0.1388
1,1511,1512,0.1388
2,1516,1518,0.1388
2,1504,1506,0.1388
2,1519,1521,0.1388
2,1516,1518,0.1388
2,1509,1511,0.1388
1,1514,1515,0.1388
1,1508,1509,0.1388
1,1529,1530,0.1388
0,1515,1515,0.1388
