1367,26,1393,0.1388
1408,26,1434,0.1388
1421,27,1448,0.1388
1451,25,1476,0.1388
1447,25,1472,0.1388
1450,28,1478,0.1388
1442,29,1471,0.1388
1451,28,1479,0.1388
1460,27,1487,0.1388
1472,28,1500,0.1388
1467,29,1496,0.1388
1461,29,1490,0.1388
1463,29,1492,0.1388
1465,29,1494,0.1388
1448,29,1477,0.1388
1456,26,1482,0.1388
1454,28,1482,0.1388
1463,28,1491,0.1388
1465,29,1494,0.1388
1457,31,1488,0.1388
1469,32,1501,0.1388
1481,30,1511,0.1388
1482,31,1513,0.1388
1473,32,1505,0.1388
1467,31,1498,0.1388
1463,30,1493,0.1388
1463,30,1493,0.1388
1465,29,1494,0.1388
1462,30,1492,0.1388
1454,29,1483,0.1388
1472,29,1501,0.1388
1468,29,1497,0.1388
1465,30,1495,0.1388
1472,31,1503,0.1388
1473,30,1503,0.1388
1464,32,1496,0.1388
1471,33,1504,0.1388
1481,34,1515,0.1388
1483,33,1516,0.1388
1477,32,1509,0.1388
1464,31,1495,0.1388
1486,31,1517,0.1388
1473,31,1504,0.1388
1479,31,1510,0.1388
1479,32,1511,0.1388
1472,33,1505,0.1388
1467,34,1501,0.1388
1463,35,1498,0.1388
1468,36,1504,0.1388
1466,35,1501,0.1388
1454,36,1490,0.1388
1451,37,1488,0.1388
1458,38,1496,0.1388
1450,40,1490,0.1388
1461,41,1502,0.1388
1458,41,1499,0.1388
1446,43,1489,0.1388
1452,43,1495,0.1388
1446,43,1489,0.1388
1440,41,1481,0.1388
1445,38,1483,0.1388
1451,37,1488,0.1388
1464,39,1503,0.1388
1464,36,1500,0.1388
1465,37,1502,0.1388
1458,36,1494,0.1388
1462,37,1499,0.1388
1456,39,1495,0.1388
1471,40,1511,0.1388
1461,40,1501,0.1388
1459,41,1500,0.1388
1458,39,1497,0.1388
1468,39,1507,0.1388
1462,41,1503,0.1388
1463,40,1503,0.1388
1455,39,1494,0.1388
1451,39,1490,0.1388
1457,41,1498,0.1388
1462,39,1501,0.1388
1450,38,1488,0.1388
1445,38,1483,0.1388
1449,39,1488,0.1388
1461,40,1501,0.1388
1462,40,1502,0.1388
1456,40,1496,0.1388
1459,39,1498,0.1388
1456,40,1496,0.1388
1456,39,1495,0.1388
1452,40,1492,0.1388
1456,42,1498,0.1388
1453,40,1493,0.1388
1463,42,1505,0.1388
1458,43,1501,0.1388
1464,42,1506,0.1388
1460,41,1501,0.1388
1465,43,1508,0.1388
1447,40,1487,0.1388
1451,39,1490,0.1388
1454,43,1497,0.1388
1448,43,1491,0.1388
1438,46,1484,0.1388
1434,46,1480,0.1388
1441,44,1485,0.1388
1450,45,1495,0.1388
1460,45,1505,0.1388
1459,46,1505,0.1388
1445,45,1490,0.1388
1468,46,1514,0.1388
1452,49,1501,0.1388
1455,49,1504,0.1388
1461,46,1507,0.1388
1442,48,1490,0.1388
1445,48,1493,0.1388
1445,48,1493,0.1388
1439,45,1484,0.1388
1449,47,1496,0.1388
1460,47,1507,0.1388
1452,47,1499,0.1388
1456,43,1499,0.1388
1448,44,1492,0.1388
1443,45,1488,0.1388
1439,45,1484,0.1388
1447,47,1494,0.1388
1442,46,1488,0.1388
1435,47,1482,0.1388
1443,46,1489,0.1388
1438,46,1484,0.1388
1453,45,1498,0.1388
1445,45,1490,0.1388
1441,45,1486,0.1388
1446,45,1491,0.1388
1444,45,1489,0.1388
1439,45,1484,0.1388
1439,47,1486,0.1388
1439,46,1485,0.1388
1438,44,1482,0.1388
1439,46,1485,0.1388
1453,47,1500,0.1388
1444,48,1492,0.1388
1447,47,1494,0.1388
1437,47,1484,0.1388
1445,48,1493,0.1388
1441,48,1489,0.1388
1452,52,1504,0.1388
1446,52,1498,0.1388
1424,52,1476,0.1388
1427,52,1479,0.1388
1435,51,1486,0.1388
1440,53,1493,0.1388
1435,53,1488,0.1388
1434,53,1487,0.1388
1439,55,1494,0.1388
1445,55,1500,0.1388
1434,55,1489,0.1388
1441,57,1498,0.1388
1430,58,1488,0.1388
1439,58,1497,0.1388
1434,59,1493,0.1388
1436,59,1495,0.1388
1442,57,1499,0.1388
1437,60,1497,0.1388
1447,61,1508,0.1388
1449,60,1509,0.1388
1449,58,1507,0.1388
1452,56,1508,0.1388
1451,55,1506,0.1388
1452,54,1506,0.1388
1447,57,1504,0.1388
1449,60,1509,0.1388
1427,60,1487,0.1388
1426,63,1489,0.1388
1430,60,1490,0.1388
1422,61,1483,0.1388
1418,61,1479,0.1388
1424,61,1485,0.1388
1432,61,1493,0.1388
1407,64,1471,0.1388
1409,61,1470,0.1388
1411,57,1468,0.1388
1403,58,1461,0.1388
1405,58,1463,0.1388
1415,60,1475,0.1388
1417,61,1478,0.1388
1417,62,1479,0.1388
1409,63,1472,0.1388
1427,62,1489,0.1388
1443,64,1507,0.1388
1435,60,1495,0.1388
1414,61,1475,0.1388
1421,65,1486,0.1388
1418,71,1489,0.1388
1403,70,1473,0.1388
1420,69,1489,0.1388
1431,69,1500,0.1388
1432,70,1502,0.1388
1435,72,1507,0.1388
1441,72,1513,0.1388
1430,71,1501,0.1388
1429,74,1503,0.1388
1436,74,1510,0.1388
1422,74,1496,0.1388
1434,76,1510,0.1388
1424,75,1499,0.1388
1429,76,1505,0.1388
1428,74,1502,0.1388
1418,71,1489,0.1388
1414,72,1486,0.1388
1421,71,1492,0.1388
1419,70,1489,0.1388
1417,71,1488,0.1388
1426,70,1496,0.1388
1434,72,1506,0.1388
1425,73,1498,0.1388
1422,74,1496,0.1388
1436,77,1513,0.1388
1425,77,1502,0.1388
1410,78,1488,0.1388
1411,79,1490,0.1388
1422,83,1505,0.1388
1414,85,1499,0.1388
1402,86,1488,0.1388
1404,88,1492,0.1388
1413,90,1503,0.1388
1415,92,1507,0.1388
1409,91,1500,0.1388
1414,89,1503,0.1388
1414,92,1506,0.1388
1417,91,1508,0.1388
1418,91,1509,0.1388
1412,90,1502,0.1388
1406,88,1494,0.1388
1408,86,1494,0.1388
1399,84,1483,0.1388
1402,87,1489,0.1388
1405,89,1494,0.1388
1409,92,1501,0.1388
1402,94,1496,0.1388
1414,97,1511,0.1388
1407,99,1506,0.1388
1396,96,1492,0.1388
1398,96,1494,0.1388
1400,97,1497,0.1388
1410,99,1509,0.1388
1402,101,1503,0.1388
1388,104,1492,0.1388
1377,102,1479,0.1388
1373,101,1474,0.1388
1386,102,1488,0.1388
1396,102,1498,0.1388
1388,102,1490,0.1388
1378,103,1481,0.1388
1390,102,1492,0.1388
1392,106,1498,0.1388
1389,103,1492,0.1388
1389,105,1494,0.1388
1381,106,1487,0.1388
1377,107,1484,0.1388
1374,106,1480,0.1388
1391,104,1495,0.1388
1394,105,1499,0.1388
1376,112,1488,0.1388
1373,110,1483,0.1388
1368,108,1476,0.1388
1359,110,1469,0.1388
1357,113,1470,0.1388
1367,113,1480,0.1388
1379,114,1493,0.1388
1378,119,1497,0.1388
1364,120,1484,0.1388
1365,125,1490,0.1388
1359,127,1486,0.1388
1359,128,1487,0.1388
1360,130,1490,0.1388
1360,131,1491,0.1388
1365,125,1490,0.1388
1361,125,1486,0.1388
1366,123,1489,0.1388
1378,124,1502,0.1388
1376,127,1503,0.1388
1367,132,1499,0.1388
1344,131,1475,0.1388
1366,134,1500,0.1388
1357,134,1491,0.1388
1341,131,1472,0.1388
1350,139,1489,0.1388
1353,140,1493,0.1388
1361,143,1504,0.1388
1370,143,1513,0.1388
1363,142,1505,0.1388
1366,144,1510,0.1388
1358,147,1505,0.1388
1369,153,1522,0.1388
1357,154,1511,0.1388
1365,149,1514,0.1388
1352,149,1501,0.1388
1349,153,1502,0.1388
1340,157,1497,0.1388
1341,156,1497,0.1388
1347,155,1502,0.1388
1342,158,1500,0.1388
1326,161,1487,0.1388
1325,161,1486,0.1388
1315,162,1477,0.1388
1316,164,1480,0.1388
1318,164,1482,0.1388
1325,167,1492,0.1388
1328,163,1491,0.1388
1329,169,1498,0.1388
1333,169,1502,0.1388
1324,170,1494,0.1388
1329,167,1496,0.1388
1317,168,1485,0.1388
1311,172,1483,0.1388
1312,173,1485,0.1388
1323,177,1500,0.1388
1323,178,1501,0.1388
1315,179,1494,0.1388
1312,177,1489,0.1388
1318,176,1494,0.1388
1316,179,1495,0.1388
1310,179,1489,0.1388
1299,180,1479,0.1388
1305,181,1486,0.1388
1314,183,1497,0.1388
1312,186,1498,0.1388
1316,186,1502,0.1388
1312,183,1495,0.1388
1291,183,1474,0.1388
1308,187,1495,0.1388
1300,186,1486,0.1388
1300,184,1484,0.1388
1290,179,1469,0.1388
1290,181,1471,0.1388
1302,178,1480,0.1388
1310,184,1494,0.1388
1303,181,1484,0.1388
1296,178,1474,0.1388
1314,179,1493,0.1388
1301,178,1479,0.1388
1312,184,1496,0.1388
1320,181,1501,0.1388
1308,182,1490,0.1388
1312,183,1495,0.1388
1321,184,1505,0.1388
1312,182,1494,0.1388
1311,183,1494,0.1388
1318,182,1500,0.1388
1312,180,1492,0.1388
1309,184,1493,0.1388
1313,183,1496,0.1388
1314,187,1501,0.1388
1311,187,1498,0.1388
1320,190,1510,0.1388
1313,190,1503,0.1388
1312,191,1503,0.1388
1319,193,1512,0.1388
1320,193,1513,0.1388
1314,195,1509,0.1388
1326,195,1521,0.1388
1314,196,1510,0.1388
1311,193,1504,0.1388
1307,197,1504,0.1388
1298,197,1495,0.1388
1305,197,1502,0.1388
1297,199,1496,0.1388
1300,201,1501,0.1388
1280,202,1482,0.1388
1279,198,1477,0.1388
1293,199,1492,0.1388
1288,201,1489,0.1388
1296,206,1502,0.1388
1292,211,1503,0.1388
1287,217,1504,0.1388
1279,212,1491,0.1388
1275,214,1489,0.1388
1280,212,1492,0.1388
1276,216,1492,0.1388
1272,218,1490,0.1388
1281,222,1503,0.1388
1283,221,1504,0.1388
1277,218,1495,0.1388
1283,222,1505,0.1388
1284,223,1507,0.1388
1275,215,1490,0.1388
1282,221,1503,0.1388
1289,219,1508,0.1388
1277,222,1499,0.1388
1264,225,1489,0.1388
1263,225,1488,0.1388
1257,232,1489,0.1388
1267,229,1496,0.1388
1260,230,1490,0.1388
1241,231,1472,0.1388
1263,232,1495,0.1388
1263,231,1494,0.1388
1247,233,1480,0.1388
1250,238,1488,0.1388
1243,236,1479,0.1388
1236,234,1470,0.1388
1240,242,1482,0.1388
1232,239,1471,0.1388
1233,250,1483,0.1388
1236,249,1485,0.1388
1236,250,1486,0.1388
1250,248,1498,0.1388
1250,248,1498,0.1388
1243,247,1490,0.1388
1248,247,1495,0.1388
1252,252,1504,0.1388
1255,252,1507,0.1388
1255,253,1508,0.1388
1252,251,1503,0.1388
1253,252,1505,0.1388
1258,248,1506,0.1388
1251,249,1500,0.1388
1246,254,1500,0.1388
1240,263,1503,0.1388
1263,260,1523,0.1388
1251,257,1508,0.1388
1260,255,1515,0.1388
1257,251,1508,0.1388
1251,252,1503,0.1388
1252,253,1505,0.1388
1253,252,1505,0.1388
1262,249,1511,0.1388
1257,248,1505,0.1388
1250,256,1506,0.1388
1242,258,1500,0.1388
1227,264,1491,0.1388
1238,270,1508,0.1388
1234,265,1499,0.1388
1244,265,1509,0.1388
1232,267,1499,0.1388
1234,265,1499,0.1388
1221,263,1484,0.1388
1239,262,1501,0.1388
1249,265,1514,0.1388
1237,266,1503,0.1388
1229,269,1498,0.1388
1228,270,1498,0.1388
1213,273,1486,0.1388
1216,269,1485,0.1388
1214,265,1479,0.1388
1218,269,1487,0.1388
1221,271,1492,0.1388
1218,278,1496,0.1388
1204,279,1483,0.1388
1206,284,1490,0.1388
1204,286,1490,0.1388
1193,288,1481,0.1388
1190,294,1484,0.1388
1201,297,1498,0.1388
1204,294,1498,0.1388
1190,298,1488,0.1388
1196,303,1499,0.1388
1184,311,1495,0.1388
1181,308,1489,0.1388
1178,310,1488,0.1388
1181,307,1488,0.1388
1189,309,1498,0.1388
1196,310,1506,0.1388
1193,307,1500,0.1388
1195,309,1504,0.1388
1190,310,1500,0.1388
1199,306,1505,0.1388
1198,311,1509,0.1388
1195,313,1508,0.1388
1187,312,1499,0.1388
1196,312,1508,0.1388
1198,318,1516,0.1388
1196,317,1513,0.1388
1188,316,1504,0.1388
1185,316,1501,0.1388
1179,320,1499,0.1388
1186,319,1505,0.1388
1176,322,1498,0.1388
1163,322,1485,0.1388
1162,318,1480,0.1388
1170,318,1488,0.1388
1153,326,1479,0.1388
1160,323,1483,0.1388
1158,323,1481,0.1388
1161,326,1487,0.1388
1167,329,1496,0.1388
1168,333,1501,0.1388
1177,333,1510,0.1388
1174,328,1502,0.1388
1157,326,1483,0.1388
1163,329,1492,0.1388
1161,329,1490,0.1388
1166,328,1494,0.1388
1157,331,1488,0.1388
1165,339,1504,0.1388
1174,348,1522,0.1388
1151,345,1496,0.1388
1153,344,1497,0.1388
1165,340,1505,0.1388
1166,343,1509,0.1388
1154,349,1503,0.1388
1160,342,1502,0.1388
1157,339,1496,0.1388
1143,342,1485,0.1388
1139,343,1482,0.1388
1142,342,1484,0.1388
1134,342,1476,0.1388
1134,341,1475,0.1388
1132,350,1482,0.1388
1140,360,1500,0.1388
1144,357,1501,0.1388
1141,355,1496,0.1388
1149,349,1498,0.1388
1151,346,1497,0.1388
1144,351,1495,0.1388
1142,361,1503,0.1388
1145,360,1505,0.1388
1128,360,1488,0.1388
1128,360,1488,0.1388
1131,360,1491,0.1388
1135,361,1496,0.1388
1137,356,1493,0.1388
1132,367,1499,0.1388
1120,370,1490,0.1388
1107,372,1479,0.1388
1112,376,1488,0.1388
1111,375,1486,0.1388
1108,379,1487,0.1388
1114,375,1489,0.1388
1116,382,1498,0.1388
1118,385,1503,0.1388
1114,387,1501,0.1388
1127,384,1511,0.1388
1114,381,1495,0.1388
1121,384,1505,0.1388
1122,382,1504,0.1388
1116,384,1500,0.1388
1115,381,1496,0.1388
1115,384,1499,0.1388
1105,380,1485,0.1388
1095,390,1485,0.1388
1084,398,1482,0.1388
1090,404,1494,0.1388
1093,400,1493,0.1388
1088,403,1491,0.1388
1094,405,1499,0.1388
1095,407,1502,0.1388
1089,410,1499,0.1388
1083,411,1494,0.1388
1070,412,1482,0.1388
1066,416,1482,0.1388
1067,429,1496,0.1388
1071,436,1507,0.1388
1077,427,1504,0.1388
1072,413,1485,0.1388
1086,423,1509,0.1388
1088,417,1505,0.1388
1085,421,1506,0.1388
1069,429,1498,0.1388
1072,425,1497,0.1388
1069,424,1493,0.1388
1074,418,1492,0.1388
1066,427,1493,0.1388
1072,429,1501,0.1388
1068,428,1496,0.1388
1082,426,1508,0.1388
1076,428,1504,0.1388
1062,424,1486,0.1388
1067,422,1489,0.1388
1068,424,1492,0.1388
1068,426,1494,0.1388
1072,422,1494,0.1388
1065,422,1487,0.1388
1074,425,1499,0.1388
1077,421,1498,0.1388
1079,417,1496,0.1388
1079,421,1500,0.1388
1080,424,1504,0.1388
1085,422,1507,0.1388
1096,427,1523,0.1388
1096,422,1518,0.1388
1104,423,1527,0.1388
1091,419,1510,0.1388
1087,416,1503,0.1388
1092,423,1515,0.1388
1093,432,1525,0.1388
1082,433,1515,0.1388
1075,432,1507,0.1388
1071,435,1506,0.1388
1064,445,1509,0.1388
1073,434,1507,0.1388
1070,436,1506,0.1388
1076,441,1517,0.1388
1073,435,1508,0.1388
1081,434,1515,0.1388
1064,430,1494,0.1388
1057,428,1485,0.1388
1063,427,1490,0.1388
1070,439,1509,0.1388
1065,442,1507,0.1388
1060,445,1505,0.1388
1072,443,1515,0.1388
1076,447,1523,0.1388
1076,456,1532,0.1388
1075,452,1527,0.1388
1055,455,1510,0.1388
1048,448,1496,0.1388
1052,450,1502,0.1388
1047,456,1503,0.1388
1045,456,1501,0.1388
1036,451,1487,0.1388
1029,455,1484,0.1388
1035,447,1482,0.1388
1040,440,1480,0.1388
1036,443,1479,0.1388
1033,451,1484,0.1388
1038,452,1490,0.1388
1041,457,1498,0.1388
1037,453,1490,0.1388
1040,452,1492,0.1388
1043,449,1492,0.1388
1059,453,1512,0.1388
1058,453,1511,0.1388
1065,452,1517,0.1388
1063,455,1518,0.1388
1060,454,1514,0.1388
1060,462,1522,0.1388
1063,463,1526,0.1388
1055,465,1520,0.1388
1044,461,1505,0.1388
1033,457,1490,0.1388
1040,461,1501,0.1388
1031,465,1496,0.1388
1040,461,1501,0.1388
1046,462,1508,0.1388
1052,467,1519,0.1388
1054,466,1520,0.1388
1041,462,1503,0.1388
1042,461,1503,0.1388
1045,456,1501,0.1388
1044,456,1500,0.1388
1043,458,1501,0.1388
1048,447,1495,0.1388
1051,448,1499,0.1388
1054,447,1501,0.1388
1055,450,1505,0.1388
1060,451,1511,0.1388
1049,446,1495,0.1388
1050,447,1497,0.1388
1061,448,1509,0.1388
1055,449,1504,0.1388
1062,444,1506,0.1388
1065,443,1508,0.1388
1057,444,1501,0.1388
1042,443,1485,0.1388
1051,444,1495,0.1388
1052,449,1501,0.1388
1060,451,1511,0.1388
1061,443,1504,0.1388
1061,442,1503,0.1388
1054,437,1491,0.1388
1056,444,1500,0.1388
1039,440,1479,0.1388
1042,437,1479,0.1388
1055,439,1494,0.1388
1053,451,1504,0.1388
1057,454,1511,0.1388
1056,459,1515,0.1388
1046,457,1503,0.1388
1048,456,1504,0.1388
1044,453,1497,0.1388
1052,453,1505,0.1388
1040,455,1495,0.1388
1036,448,1484,0.1388
1045,451,1496,0.1388
1044,449,1493,0.1388
1043,445,1488,0.1388
1047,445,1492,0.1388
1054,451,1505,0.1388
1057,447,1504,0.1388
1052,448,1500,0.1388
1051,451,1502,0.1388
1066,442,1508,0.1388
1065,444,1509,0.1388
1049,446,1495,0.1388
1050,452,1502,0.1388
1053,445,1498,0.1388
1055,452,1507,0.1388
1054,452,1506,0.1388
1054,449,1503,0.1388
1055,450,1505,0.1388
1045,457,1502,0.1388
1058,461,1519,0.1388
1054,458,1512,0.1388
1057,455,1512,0.1388
1046,459,1505,0.1388
1051,467,1518,0.1388
1038,459,1497,0.1388
1040,460,1500,0.1388
1046,464,1510,0.1388
1046,466,1512,0.1388
1044,466,1510,0.1388
1043,467,1510,0.1388
1045,469,1514,0.1388
1043,459,1502,0.1388
1036,463,1499,0.1388
1044,459,1503,0.1388
1042,465,1507,0.1388
1034,464,1498,0.1388
1026,463,1489,0.1388
1032,472,1504,0.1388
1036,469,1505,0.1388
1049,476,1525,0.1388
1032,477,1509,0.1388
1017,472,1489,0.1388
1018,472,1490,0.1388
1018,471,1489,0.1388
1007,479,1486,0.1388
1010,476,1486,0.1388
1014,471,1485,0.1388
1020,460,1480,0.1388
1030,469,1499,0.1388
1022,468,1490,0.1388
1028,469,1497,0.1388
1032,475,1507,0.1388
1031,480,1511,0.1388
1030,483,1513,0.1388
1025,478,1503,0.1388
1033,480,1513,0.1388
1035,472,1507,0.1388
1035,475,1510,0.1388
1038,469,1507,0.1388
1038,467,1505,0.1388
1032,474,1506,0.1388
1020,479,1499,0.1388
1017,477,1494,0.1388
1014,473,1487,0.1388
1022,479,1501,0.1388
1030,487,1517,0.1388
1023,493,1516,0.1388
998,496,1494,0.1388
1003,495,1498,0.1388
1015,493,1508,0.1388
1004,486,1490,0.1388
1018,491,1509,0.1388
1016,493,1509,0.1388
1012,494,1506,0.1388
994,491,1485,0.1388
992,497,1489,0.1388
995,498,1493,0.1388
1004,502,1506,0.1388
1000,499,1499,0.1388
992,511,1503,0.1388
996,510,1506,0.1388
992,507,1499,0.1388
994,493,1487,0.1388
1001,499,1500,0.1388
1003,501,1504,0.1388
1004,496,1500,0.1388
1002,496,1498,0.1388
1012,503,1515,0.1388
1009,505,1514,0.1388
1013,504,1517,0.1388
1023,502,1525,0.1388
1025,502,1527,0.1388
1014,496,1510,0.1388
1019,499,1518,0.1388
1011,489,1500,0.1388
1006,494,1500,0.1388
1009,499,1508,0.1388
1000,496,1496,0.1388
1001,496,1497,0.1388
1003,498,1501,0.1388
1006,493,1499,0.1388
1001,498,1499,0.1388
998,501,1499,0.1388
1007,496,1503,0.1388
999,501,1500,0.1388
982,498,1480,0.1388
991,501,1492,0.1388
983,506,1489,0.1388
988,508,1496,0.1388
983,509,1492,0.1388
994,516,1510,0.1388
992,508,1500,0.1388
984,512,1496,0.1388
987,514,1501,0.1388
990,527,1517,0.1388
997,523,1520,0.1388
983,522,1505,0.1388
988,530,1518,0.1388
985,530,1515,0.1388
982,528,1510,0.1388
986,526,1512,0.1388
987,528,1515,0.1388
986,519,1505,0.1388
980,521,1501,0.1388
973,523,1496,0.1388
978,524,1502,0.1388
975,526,1501,0.1388
971,535,1506,0.1388
969,531,1500,0.1388
964,530,1494,0.1388
972,523,1495,0.1388
968,524,1492,0.1388
961,534,1495,0.1388
956,532,1488,0.1388
956,541,1497,0.1388
948,541,1489,0.1388
941,540,1481,0.1388
943,545,1488,0.1388
954,552,1506,0.1388
948,560,1508,0.1388
949,570,1519,0.1388
951,567,1518,0.1388
951,560,1511,0.1388
944,555,1499,0.1388
942,548,1490,0.1388
944,552,1496,0.1388
952,549,1501,0.1388
953,559,1512,0.1388
948,559,1507,0.1388
940,571,1511,0.1388
949,561,1510,0.1388
953,557,1510,0.1388
944,565,1509,0.1388
939,571,1510,0.1388
926,577,1503,0.1388
926,573,1499,0.1388
922,573,1495,0.1388
911,573,1484,0.1388
918,587,1505,0.1388
922,581,1503,0.1388
924,583,1507,0.1388
912,586,1498,0.1388
913,587,1500,0.1388
919,583,1502,0.1388
921,585,1506,0.1388
920,595,1515,0.1388
924,597,1521,0.1388
917,591,1508,0.1388
912,594,1506,0.1388
910,593,1503,0.1388
907,589,1496,0.1388
919,590,1509,0.1388
926,594,1520,0.1388
922,581,1503,0.1388
921,587,1508,0.1388
922,592,1514,0.1388
925,591,1516,0.1388
917,598,1515,0.1388
919,594,1513,0.1388
927,593,1520,0.1388
921,595,1516,0.1388
920,591,1511,0.1388
920,594,1514,0.1388
918,599,1517,0.1388
909,596,1505,0.1388
911,597,1508,0.1388
907,596,1503,0.1388
910,599,1509,0.1388
907,593,1500,0.1388
908,606,1514,0.1388
909,604,1513,0.1388
906,607,1513,0.1388
919,603,1522,0.1388
910,600,1510,0.1388
908,606,1514,0.1388
908,602,1510,0.1388
908,606,1514,0.1388
917,598,1515,0.1388
918,602,1520,0.1388
913,605,1518,0.1388
904,602,1506,0.1388
905,603,1508,0.1388
902,598,1500,0.1388
908,599,1507,0.1388
902,605,1507,0.1388
897,600,1497,0.1388
881,602,1483,0.1388
868,619,1487,0.1388
874,628,1502,0.1388
876,633,1509,0.1388
867,635,1502,0.1388
856,645,1501,0.1388
855,646,1501,0.1388
849,645,1494,0.1388
843,647,1490,0.1388
850,642,1492,0.1388
842,644,1486,0.1388
848,651,1499,0.1388
858,649,1507,0.1388
849,643,1492,0.1388
852,659,1511,0.1388
841,659,1500,0.1388
840,665,1505,0.1388
850,669,1519,0.1388
853,671,1524,0.1388
852,662,1514,0.1388
855,668,1523,0.1388
844,666,1510,0.1388
842,662,1504,0.1388
837,659,1496,0.1388
832,654,1486,0.1388
843,654,1497,0.1388
841,661,1502,0.1388
835,659,1494,0.1388
834,661,1495,0.1388
827,669,1496,0.1388
829,665,1494,0.1388
831,667,1498,0.1388
833,660,1493,0.1388
836,663,1499,0.1388
838,662,1500,0.1388
842,662,1504,0.1388
851,673,1524,0.1388
844,665,1509,0.1388
832,676,1508,0.1388
826,677,1503,0.1388
823,678,1501,0.1388
827,677,1504,0.1388
835,683,1518,0.1388
832,675,1507,0.1388
831,674,1505,0.1388
835,675,1510,0.1388
831,680,1511,0.1388
828,680,1508,0.1388
831,675,1506,0.1388
829,677,1506,0.1388
824,682,1506,0.1388
825,685,1510,0.1388
817,694,1511,0.1388
813,689,1502,0.1388
819,693,1512,0.1388
812,685,1497,0.1388
815,679,1494,0.1388
818,684,1502,0.1388
815,691,1506,0.1388
813,699,1512,0.1388
803,702,1505,0.1388
799,706,1505,0.1388
803,707,1510,0.1388
805,703,1508,0.1388
790,708,1498,0.1388
799,714,1513,0.1388
797,710,1507,0.1388
794,716,1510,0.1388
780,721,1501,0.1388
777,733,1510,0.1388
768,735,1503,0.1388
756,733,1489,0.1388
767,730,1497,0.1388
780,740,1520,0.1388
777,737,1514,0.1388
770,738,1508,0.1388
763,739,1502,0.1388
773,742,1515,0.1388
767,746,1513,0.1388
765,747,1512,0.1388
760,753,1513,0.1388
764,746,1510,0.1388
768,745,1513,0.1388
762,750,1512,0.1388
765,748,1513,0.1388
758,751,1509,0.1388
762,753,1515,0.1388
755,747,1502,0.1388
747,750,1497,0.1388
747,757,1504,0.1388
743,769,1512,0.1388
745,763,1508,0.1388
742,770,1512,0.1388
738,773,1511,0.1388
731,779,1510,0.1388
735,769,1504,0.1388
743,768,1511,0.1388
746,779,1525,0.1388
732,783,1515,0.1388
728,781,1509,0.1388
725,782,1507,0.1388
731,778,1509,0.1388
735,777,1512,0.1388
737,765,1502,0.1388
726,772,1498,0.1388
727,772,1499,0.1388
726,775,1501,0.1388
722,773,1495,0.1388
715,766,1481,0.1388
723,776,1499,0.1388
722,773,1495,0.1388
721,781,1502,0.1388
717,779,1496,0.1388
724,783,1507,0.1388
717,782,1499,0.1388
716,794,1510,0.1388
721,785,1506,0.1388
719,784,1503,0.1388
722,782,1504,0.1388
720,786,1506,0.1388
716,788,1504,0.1388
724,782,1506,0.1388
720,788,1508,0.1388
709,788,1497,0.1388
716,790,1506,0.1388
711,789,1500,0.1388
720,794,1514,0.1388
715,804,1519,0.1388
711,801,1512,0.1388
707,798,1505,0.1388
712,796,1508,0.1388
709,787,1496,0.1388
703,787,1490,0.1388
709,791,1500,0.1388
704,805,1509,0.1388
688,802,1490,0.1388
689,812,1501,0.1388
692,818,1510,0.1388
686,815,1501,0.1388
687,816,1503,0.1388
695,816,1511,0.1388
692,813,1505,0.1388
690,803,1493,0.1388
689,800,1489,0.1388
679,816,1495,0.1388
694,826,1520,0.1388
693,825,1518,0.1388
685,819,1504,0.1388
689,821,1510,0.1388
692,823,1515,0.1388
688,806,1494,0.1388
687,802,1489,0.1388
684,810,1494,0.1388
679,821,1500,0.1388
668,806,1474,0.1388
673,820,1493,0.1388
675,831,1506,0.1388
682,828,1510,0.1388
676,839,1515,0.1388
669,842,1511,0.1388
664,844,1508,0.1388
661,840,1501,0.1388
664,845,1509,0.1388
673,846,1519,0.1388
677,846,1523,0.1388
682,851,1533,0.1388
670,849,1519,0.1388
669,835,1504,0.1388
671,843,1514,0.1388
664,841,1505,0.1388
657,846,1503,0.1388
658,849,1507,0.1388
652,846,1498,0.1388
652,853,1505,0.1388
658,862,1520,0.1388
665,866,1531,0.1388
656,861,1517,0.1388
659,859,1518,0.1388
652,855,1507,0.1388
653,856,1509,0.1388
656,851,1507,0.1388
656,850,1506,0.1388
655,857,1512,0.1388
658,862,1520,0.1388
658,859,1517,0.1388
660,863,1523,0.1388
649,870,1519,0.1388
646,867,1513,0.1388
651,859,1510,0.1388
651,849,1500,0.1388
648,857,1505,0.1388
645,855,1500,0.1388
652,862,1514,0.1388
652,868,1520,0.1388
645,871,1516,0.1388
641,873,1514,0.1388
633,882,1515,0.1388
631,884,1515,0.1388
633,890,1523,0.1388
627,880,1507,0.1388
617,886,1503,0.1388
628,888,1516,0.1388
633,890,1523,0.1388
626,890,1516,0.1388
629,896,1525,0.1388
629,886,1515,0.1388
631,881,1512,0.1388
630,874,1504,0.1388
634,871,1505,0.1388
630,866,1496,0.1388
625,872,1497,0.1388
618,889,1507,0.1388
613,890,1503,0.1388
621,894,1515,0.1388
618,897,1515,0.1388
618,896,1514,0.1388
618,902,1520,0.1388
612,900,1512,0.1388
610,892,1502,0.1388
605,896,1501,0.1388
609,898,1507,0.1388
604,888,1492,0.1388
604,900,1504,0.1388
604,908,1512,0.1388
607,909,1516,0.1388
604,910,1514,0.1388
591,902,1493,0.1388
593,905,1498,0.1388
594,915,1509,0.1388
599,915,1514,0.1388
601,919,1520,0.1388
601,916,1517,0.1388
595,920,1515,0.1388
604,918,1522,0.1388
608,907,1515,0.1388
603,918,1521,0.1388
604,930,1534,0.1388
599,921,1520,0.1388
598,913,1511,0.1388
599,909,1508,0.1388
595,909,1504,0.1388
589,918,1507,0.1388
587,919,1506,0.1388
582,930,1512,0.1388
588,927,1515,0.1388
592,921,1513,0.1388
589,928,1517,0.1388
581,934,1515,0.1388
577,930,1507,0.1388
568,924,1492,0.1388
572,933,1505,0.1388
567,943,1510,0.1388
568,946,1514,0.1388
571,942,1513,0.1388
572,935,1507,0.1388
574,944,1518,0.1388
563,954,1517,0.1388
569,957,1526,0.1388
570,942,1512,0.1388
576,940,1516,0.1388
571,937,1508,0.1388
572,944,1516,0.1388
562,948,1510,0.1388
563,945,1508,0.1388
555,933,1488,0.1388
558,932,1490,0.1388
557,929,1486,0.1388
559,942,1501,0.1388
558,936,1494,0.1388
556,932,1488,0.1388
568,934,1502,0.1388
576,939,1515,0.1388
575,945,1520,0.1388
575,960,1535,0.1388
571,949,1520,0.1388
573,941,1514,0.1388
562,952,1514,0.1388
553,960,1513,0.1388
555,960,1515,0.1388
558,966,1524,0.1388
550,963,1513,0.1388
557,967,1524,0.1388
555,956,1511,0.1388
549,955,1504,0.1388
544,964,1508,0.1388
549,956,1505,0.1388
543,957,1500,0.1388
540,965,1505,0.1388
544,966,1510,0.1388
548,960,1508,0.1388
546,955,1501,0.1388
544,963,1507,0.1388
537,960,1497,0.1388
533,971,1504,0.1388
538,971,1509,0.1388
539,969,1508,0.1388
535,970,1505,0.1388
535,972,1507,0.1388
522,972,1494,0.1388
522,970,1492,0.1388
522,966,1488,0.1388
528,967,1495,0.1388
533,971,1504,0.1388
529,973,1502,0.1388
528,978,1506,0.1388
524,975,1499,0.1388
532,981,1513,0.1388
530,980,1510,0.1388
524,986,1510,0.1388
526,988,1514,0.1388
532,989,1521,0.1388
523,987,1510,0.1388
528,986,1514,0.1388
530,982,1512,0.1388
532,980,1512,0.1388
522,986,1508,0.1388
527,974,1501,0.1388
523,970,1493,0.1388
518,981,1499,0.1388
524,985,1509,0.1388
522,985,1507,0.1388
526,982,1508,0.1388
523,992,1515,0.1388
521,987,1508,0.1388
524,983,1507,0.1388
534,989,1523,0.1388
534,987,1521,0.1388
534,985,1519,0.1388
543,972,1515,0.1388
542,969,1511,0.1388
538,965,1503,0.1388
542,964,1506,0.1388
536,972,1508,0.1388
531,975,1506,0.1388
530,991,1521,0.1388
533,983,1516,0.1388
533,969,1502,0.1388
532,970,1502,0.1388
522,973,1495,0.1388
522,988,1510,0.1388
517,991,1508,0.1388
512,999,1511,0.1388
504,996,1500,0.1388
503,997,1500,0.1388
501,997,1498,0.1388
504,1003,1507,0.1388
501,1010,1511,0.1388
500,1007,1507,0.1388
503,1004,1507,0.1388
495,1009,1504,0.1388
495,1008,1503,0.1388
502,1010,1512,0.1388
505,1015,1520,0.1388
499,1007,1506,0.1388
507,1013,1520,0.1388
500,1006,1506,0.1388
495,1015,1510,0.1388
505,1016,1521,0.1388
502,1013,1515,0.1388
498,1018,1516,0.1388
492,1010,1502,0.1388
489,1013,1502,0.1388
489,1016,1505,0.1388
487,1018,1505,0.1388
486,1025,1511,0.1388
478,1020,1498,0.1388
476,1024,1500,0.1388
487,1028,1515,0.1388
480,1023,1503,0.1388
484,1027,1511,0.1388
482,1035,1517,0.1388
480,1029,1509,0.1388
479,1025,1504,0.1388
484,1031,1515,0.1388
480,1031,1511,0.1388
473,1028,1501,0.1388
477,1035,1512,0.1388
472,1039,1511,0.1388
463,1050,1513,0.1388
464,1056,1520,0.1388
467,1046,1513,0.1388
471,1050,1521,0.1388
461,1060,1521,0.1388
448,1059,1507,0.1388
447,1052,1499,0.1388
445,1051,1496,0.1388
447,1037,1484,0.1388
447,1047,1494,0.1388
447,1056,1503,0.1388
451,1060,1511,0.1388
451,1067,1518,0.1388
454,1074,1528,0.1388
457,1077,1534,0.1388
453,1063,1516,0.1388
448,1062,1510,0.1388
446,1072,1518,0.1388
442,1072,1514,0.1388
446,1072,1518,0.1388
437,1072,1509,0.1388
439,1070,1509,0.1388
436,1069,1505,0.1388
433,1076,1509,0.1388
434,1071,1505,0.1388
438,1071,1509,0.1388
444,1069,1513,0.1388
446,1075,1521,0.1388
445,1072,1517,0.1388
448,1076,1524,0.1388
446,1080,1526,0.1388
441,1060,1501,0.1388
438,1075,1513,0.1388
437,1077,1514,0.1388
431,1076,1507,0.1388
428,1077,1505,0.1388
429,1090,1519,0.1388
423,1087,1510,0.1388
425,1090,1515,0.1388
431,1093,1524,0.1388
432,1085,1517,0.1388
434,1088,1522,0.1388
429,1093,1522,0.1388
431,1084,1515,0.1388
427,1084,1511,0.1388
423,1084,1507,0.1388
427,1081,1508,0.1388
423,1098,1521,0.1388
424,1103,1527,0.1388
414,1090,1504,0.1388
415,1075,1490,0.1388
408,1082,1490,0.1388
415,1094,1509,0.1388
419,1092,1511,0.1388
415,1104,1519,0.1388
419,1103,1522,0.1388
418,1091,1509,0.1388
421,1083,1504,0.1388
417,1086,1503,0.1388
422,1096,1518,0.1388
412,1094,1506,0.1388
409,1084,1493,0.1388
412,1101,1513,0.1388
412,1101,1513,0.1388
414,1090,1504,0.1388
416,1106,1522,0.1388
416,1091,1507,0.1388
415,1094,1509,0.1388
410,1097,1507,0.1388
415,1105,1520,0.1388
414,1108,1522,0.1388
405,1102,1507,0.1388
404,1113,1517,0.1388
403,1117,1520,0.1388
403,1123,1526,0.1388
400,1119,1519,0.1388
397,1121,1518,0.1388
400,1117,1517,0.1388
402,1127,1529,0.1388
392,1137,1529,0.1388
398,1141,1539,0.1388
398,1138,1536,0.1388
396,1132,1528,0.1388
395,1116,1511,0.1388
390,1105,1495,0.1388
398,1116,1514,0.1388
392,1109,1501,0.1388
402,1119,1521,0.1388
395,1113,1508,0.1388
391,1112,1503,0.1388
392,1109,1501,0.1388
393,1108,1501,0.1388
396,1114,1510,0.1388
389,1121,1510,0.1388
390,1128,1518,0.1388
396,1119,1515,0.1388
394,1117,1511,0.1388
401,1122,1523,0.1388
389,1123,1512,0.1388
391,1122,1513,0.1388
392,1110,1502,0.1388
391,1116,1507,0.1388
393,1117,1510,0.1388
393,1135,1528,0.1388
386,1146,1532,0.1388
381,1152,1533,0.1388
384,1138,1522,0.1388
387,1127,1514,0.1388
385,1137,1522,0.1388
384,1141,1525,0.1388
377,1138,1515,0.1388
378,1145,1523,0.1388
373,1135,1508,0.1388
366,1143,1509,0.1388
370,1145,1515,0.1388
367,1143,1510,0.1388
370,1136,1506,0.1388
372,1146,1518,0.1388
373,1150,1523,0.1388
367,1158,1525,0.1388
353,1150,1503,0.1388
353,1143,1496,0.1388
351,1138,1489,0.1388
356,1144,1500,0.1388
347,1162,1509,0.1388
346,1155,1501,0.1388
342,1158,1500,0.1388
343,1170,1513,0.1388
346,1161,1507,0.1388
339,1166,1505,0.1388
338,1168,1506,0.1388
340,1181,1521,0.1388
343,1187,1530,0.1388
342,1165,1507,0.1388
339,1158,1497,0.1388
344,1167,1511,0.1388
338,1172,1510,0.1388
336,1185,1521,0.1388
335,1183,1518,0.1388
328,1176,1504,0.1388
331,1184,1515,0.1388
333,1181,1514,0.1388
330,1191,1521,0.1388
332,1201,1533,0.1388
331,1188,1519,0.1388
334,1185,1519,0.1388
337,1188,1525,0.1388
330,1189,1519,0.1388
330,1175,1505,0.1388
329,1181,1510,0.1388
331,1175,1506,0.1388
326,1182,1508,0.1388
321,1183,1504,0.1388
319,1186,1505,0.1388
317,1198,1515,0.1388
321,1190,1511,0.1388
317,1176,1493,0.1388
321,1182,1503,0.1388
327,1183,1510,0.1388
328,1190,1518,0.1388
330,1192,1522,0.1388
331,1188,1519,0.1388
322,1183,1505,0.1388
328,1175,1503,0.1388
324,1185,1509,0.1388
325,1192,1517,0.1388
324,1207,1531,0.1388
329,1195,1524,0.1388
328,1187,1515,0.1388
322,1187,1509,0.1388
319,1190,1509,0.1388
318,1192,1510,0.1388
317,1188,1505,0.1388
321,1188,1509,0.1388
323,1188,1511,0.1388
320,1196,1516,0.1388
312,1199,1511,0.1388
310,1202,1512,0.1388
310,1198,1508,0.1388
307,1211,1518,0.1388
307,1206,1513,0.1388
309,1199,1508,0.1388
305,1200,1505,0.1388
307,1196,1503,0.1388
308,1199,1507,0.1388
309,1209,1518,0.1388
316,1199,1515,0.1388
314,1205,1519,0.1388
313,1214,1527,0.1388
313,1205,1518,0.1388
311,1200,1511,0.1388
313,1201,1514,0.1388
311,1210,1521,0.1388
301,1212,1513,0.1388
305,1206,1511,0.1388
299,1210,1509,0.1388
299,1216,1515,0.1388
298,1224,1522,0.1388
298,1228,1526,0.1388
296,1220,1516,0.1388
290,1217,1507,0.1388
283,1219,1502,0.1388
289,1223,1512,0.1388
291,1214,1505,0.1388
288,1221,1509,0.1388
286,1230,1516,0.1388
284,1212,1496,0.1388
284,1217,1501,0.1388
283,1218,1501,0.1388
279,1233,1512,0.1388
282,1229,1511,0.1388
282,1221,1503,0.1388
282,1215,1497,0.1388
278,1214,1492,0.1388
280,1217,1497,0.1388
285,1217,1502,0.1388
290,1224,1514,0.1388
286,1222,1508,0.1388
287,1231,1518,0.1388
286,1234,1520,0.1388
290,1234,1524,0.1388
287,1226,1513,0.1388
292,1221,1513,0.1388
292,1220,1512,0.1388
286,1220,1506,0.1388
285,1208,1493,0.1388
286,1210,1496,0.1388
283,1217,1500,0.1388
277,1222,1499,0.1388
280,1227,1507,0.1388
280,1232,1512,0.1388
281,1224,1505,0.1388
287,1231,1518,0.1388
286,1223,1509,0.1388
285,1233,1518,0.1388
285,1231,1516,0.1388
285,1231,1516,0.1388
279,1231,1510,0.1388
278,1233,1511,0.1388
279,1234,1513,0.1388
276,1234,1510,0.1388
283,1234,1517,0.1388
288,1240,1528,0.1388
286,1237,1523,0.1388
282,1247,1529,0.1388
277,1245,1522,0.1388
273,1239,1512,0.1388
273,1236,1509,0.1388
270,1234,1504,0.1388
270,1232,1502,0.1388
264,1228,1492,0.1388
267,1225,1492,0.1388
268,1245,1513,0.1388
269,1241,1510,0.1388
269,1245,1514,0.1388
268,1242,1510,0.1388
265,1251,1516,0.1388
260,1265,1525,0.1388
265,1267,1532,0.1388
262,1271,1533,0.1388
263,1267,1530,0.1388
261,1265,1526,0.1388
257,1264,1521,0.1388
263,1269,1532,0.1388
258,1270,1528,0.1388
258,1272,1530,0.1388
251,1273,1524,0.1388
255,1277,1532,0.1388
255,1284,1539,0.1388
250,1274,1524,0.1388
248,1260,1508,0.1388
248,1264,1512,0.1388
248,1263,1511,0.1388
250,1270,1520,0.1388
252,1264,1516,0.1388
250,1257,1507,0.1388
251,1264,1515,0.1388
246,1265,1511,0.1388
243,1265,1508,0.1388
241,1276,1517,0.1388
240,1285,1525,0.1388
240,1267,1507,0.1388
233,1283,1516,0.1388
231,1288,1519,0.1388
232,1282,1514,0.1388
230,1282,1512,0.1388
232,1286,1518,0.1388
235,1285,1520,0.1388
235,1271,1506,0.1388
231,1283,1514,0.1388
228,1281,1509,0.1388
225,1286,1511,0.1388
226,1285,1511,0.1388
225,1299,1524,0.1388
224,1310,1534,0.1388
222,1303,1525,0.1388
222,1304,1526,0.1388
222,1292,1514,0.1388
221,1294,1515,0.1388
222,1290,1512,0.1388
226,1290,1516,0.1388
222,1291,1513,0.1388
221,1291,1512,0.1388
226,1281,1507,0.1388
227,1293,1520,0.1388
231,1295,1526,0.1388
223,1287,1510,0.1388
227,1279,1506,0.1388
230,1284,1514,0.1388
231,1281,1512,0.1388
229,1278,1507,0.1388
229,1281,1510,0.1388
226,1292,1518,0.1388
226,1292,1518,0.1388
222,1284,1506,0.1388
223,1291,1514,0.1388
226,1297,1523,0.1388
227,1284,1511,0.1388
229,1285,1514,0.1388
225,1286,1511,0.1388
224,1281,1505,0.1388
222,1281,1503,0.1388
220,1284,1504,0.1388
223,1300,1523,0.1388
220,1295,1515,0.1388
221,1300,1521,0.1388
222,1292,1514,0.1388
224,1284,1508,0.1388
220,1283,1503,0.1388
222,1296,1518,0.1388
218,1294,1512,0.1388
220,1293,1513,0.1388
214,1293,1507,0.1388
214,1308,1522,0.1388
216,1314,1530,0.1388
214,1307,1521,0.1388
216,1309,1525,0.1388
221,1304,1525,0.1388
222,1294,1516,0.1388
216,1292,1508,0.1388
219,1300,1519,0.1388
220,1296,1516,0.1388
221,1302,1523,0.1388
221,1293,1514,0.1388
224,1294,1518,0.1388
227,1295,1522,0.1388
230,1298,1528,0.1388
230,1300,1530,0.1388
226,1300,1526,0.1388
230,1299,1529,0.1388
230,1295,1525,0.1388
224,1304,1528,0.1388
222,1295,1517,0.1388
219,1282,1501,0.1388
213,1294,1507,0.1388
217,1295,1512,0.1388
217,1300,1517,0.1388
214,1305,1519,0.1388
208,1300,1508,0.1388
208,1305,1513,0.1388
202,1312,1514,0.1388
205,1311,1516,0.1388
206,1302,1508,0.1388
207,1303,1510,0.1388
202,1305,1507,0.1388
202,1308,1510,0.1388
198,1310,1508,0.1388
201,1295,1496,0.1388
198,1292,1490,0.1388
201,1301,1502,0.1388
202,1284,1486,0.1388
201,1304,1505,0.1388
205,1307,1512,0.1388
201,1302,1503,0.1388
204,1304,1508,0.1388
200,1299,1499,0.1388
200,1291,1491,0.1388
202,1290,1492,0.1388
202,1295,1497,0.1388
204,1306,1510,0.1388
200,1312,1512,0.1388
203,1306,1509,0.1388
208,1309,1517,0.1388
210,1311,1521,0.1388
213,1312,1525,0.1388
212,1313,1525,0.1388
211,1313,1524,0.1388
212,1313,1525,0.1388
207,1305,1512,0.1388
211,1308,1519,0.1388
212,1319,1531,0.1388
210,1313,1523,0.1388
212,1307,1519,0.1388
217,1305,1522,0.1388
211,1305,1516,0.1388
210,1301,1511,0.1388
206,1292,1498,0.1388
207,1290,1497,0.1388
209,1301,1510,0.1388
204,1305,1509,0.1388
206,1290,1496,0.1388
205,1297,1502,0.1388
200,1311,1511,0.1388
200,1305,1505,0.1388
201,1299,1500,0.1388
202,1299,1501,0.1388
199,1295,1494,0.1388
199,1301,1500,0.1388
196,1313,1509,0.1388
196,1330,1526,0.1388
194,1333,1527,0.1388
189,1327,1516,0.1388
191,1323,1514,0.1388
186,1328,1514,0.1388
187,1317,1504,0.1388
181,1328,1509,0.1388
180,1333,1513,0.1388
180,1333,1513,0.1388
180,1326,1506,0.1388
186,1322,1508,0.1388
185,1329,1514,0.1388
183,1324,1507,0.1388
182,1343,1525,0.1388
176,1333,1509,0.1388
179,1333,1512,0.1388
176,1346,1522,0.1388
179,1346,1525,0.1388
180,1337,1517,0.1388
183,1340,1523,0.1388
182,1343,1525,0.1388
182,1343,1525,0.1388
187,1328,1515,0.1388
187,1326,1513,0.1388
186,1337,1523,0.1388
181,1336,1517,0.1388
184,1326,1510,0.1388
182,1327,1509,0.1388
180,1330,1510,0.1388
181,1334,1515,0.1388
181,1331,1512,0.1388
174,1337,1511,0.1388
178,1335,1513,0.1388
181,1343,1524,0.1388
181,1337,1518,0.1388
181,1331,1512,0.1388
178,1352,1530,0.1388
179,1357,1536,0.1388
177,1356,1533,0.1388
177,1343,1520,0.1388
171,1340,1511,0.1388
172,1336,1508,0.1388
170,1342,1512,0.1388
171,1356,1527,0.1388
168,1343,1511,0.1388
162,1347,1509,0.1388
167,1349,1516,0.1388
168,1353,1521,0.1388
168,1365,1533,0.1388
168,1355,1523,0.1388
163,1347,1510,0.1388
163,1347,1510,0.1388
164,1341,1505,0.1388
164,1339,1503,0.1388
166,1340,1506,0.1388
167,1343,1510,0.1388
169,1353,1522,0.1388
169,1362,1531,0.1388
164,1370,1534,0.1388
164,1360,1524,0.1388
166,1361,1527,0.1388
169,1352,1521,0.1388
165,1355,1520,0.1388
167,1342,1509,0.1388
167,1341,1508,0.1388
165,1350,1515,0.1388
165,1355,1520,0.1388
166,1347,1513,0.1388
163,1352,1515,0.1388
165,1362,1527,0.1388
162,1372,1534,0.1388
159,1373,1532,0.1388
158,1375,1533,0.1388
157,1375,1532,0.1388
158,1372,1530,0.1388
158,1360,1518,0.1388
155,1364,1519,0.1388
154,1370,1524,0.1388
152,1369,1521,0.1388
157,1368,1525,0.1388
153,1366,1519,0.1388
153,1354,1507,0.1388
160,1347,1507,0.1388
160,1348,1508,0.1388
161,1349,1510,0.1388
159,1357,1516,0.1388
158,1365,1523,0.1388
157,1356,1513,0.1388
157,1354,1511,0.1388
153,1355,1508,0.1388
153,1360,1513,0.1388
155,1352,1507,0.1388
158,1352,1510,0.1388
153,1352,1505,0.1388
153,1362,1515,0.1388
147,1364,1511,0.1388
150,1373,1523,0.1388
149,1370,1519,0.1388
145,1364,1509,0.1388
145,1365,1510,0.1388
146,1361,1507,0.1388
145,1364,1509,0.1388
146,1365,1511,0.1388
145,1365,1510,0.1388
144,1376,1520,0.1388
142,1397,1539,0.1388
140,1386,1526,0.1388
142,1378,1520,0.1388
136,1386,1522,0.1388
135,1383,1518,0.1388
136,1375,1511,0.1388
133,1381,1514,0.1388
127,1378,1505,0.1388
132,1376,1508,0.1388
135,1377,1512,0.1388
132,1384,1516,0.1388
126,1398,1524,0.1388
126,1398,1524,0.1388
129,1400,1529,0.1388
130,1398,1528,0.1388
133,1378,1511,0.1388
134,1388,1522,0.1388
133,1392,1525,0.1388
131,1392,1523,0.1388
136,1387,1523,0.1388
136,1388,1524,0.1388
135,1397,1532,0.1388
134,1385,1519,0.1388
133,1386,1519,0.1388
133,1386,1519,0.1388
135,1381,1516,0.1388
135,1378,1513,0.1388
134,1382,1516,0.1388
128,1383,1511,0.1388
124,1383,1507,0.1388
119,1390,1509,0.1388
117,1389,1506,0.1388
118,1401,1519,0.1388
114,1404,1518,0.1388
113,1399,1512,0.1388
116,1403,1519,0.1388
111,1389,1500,0.1388
111,1397,1508,0.1388
112,1398,1510,0.1388
113,1401,1514,0.1388
110,1396,1506,0.1388
109,1399,1508,0.1388
111,1399,1510,0.1388
112,1401,1513,0.1388
111,1422,1533,0.1388
107,1415,1522,0.1388
106,1408,1514,0.1388
107,1409,1516,0.1388
104,1415,1519,0.1388
100,1414,1514,0.1388
98,1412,1510,0.1388
99,1405,1504,0.1388
96,1409,1505,0.1388
93,1424,1517,0.1388
93,1435,1528,0.1388
95,1440,1535,0.1388
91,1442,1533,0.1388
94,1439,1533,0.1388
96,1438,1534,0.1388
97,1427,1524,0.1388
96,1423,1519,0.1388
95,1423,1518,0.1388
94,1433,1527,0.1388
92,1424,1516,0.1388
94,1414,1508,0.1388
91,1422,1513,0.1388
89,1423,1512,0.1388
90,1433,1523,0.1388
92,1426,1518,0.1388
91,1423,1514,0.1388
88,1435,1523,0.1388
87,1436,1523,0.1388
84,1443,1527,0.1388
85,1446,1531,0.1388
87,1433,1520,0.1388
84,1436,1520,0.1388
82,1442,1524,0.1388
82,1434,1516,0.1388
84,1438,1522,0.1388
84,1435,1519,0.1388
81,1438,1519,0.1388
83,1444,1527,0.1388
82,1452,1534,0.1388
81,1444,1525,0.1388
78,1444,1522,0.1388
80,1440,1520,0.1388
79,1447,1526,0.1388
80,1445,1525,0.1388
86,1438,1524,0.1388
86,1441,1527,0.1388
87,1436,1523,0.1388
87,1424,1511,0.1388
84,1430,1514,0.1388
81,1429,1510,0.1388
81,1443,1524,0.1388
82,1429,1511,0.1388
81,1445,1526,0.1388
81,1433,1514,0.1388
81,1443,1524,0.1388
81,1434,1515,0.1388
80,1446,1526,0.1388
84,1440,1524,0.1388
80,1433,1513,0.1388
82,1430,1512,0.1388
82,1432,1514,0.1388
81,1421,1502,0.1388
82,1415,1497,0.1388
82,1431,1513,0.1388
79,1441,1520,0.1388
79,1439,1518,0.1388
79,1432,1511,0.1388
79,1428,1507,0.1388
79,1443,1522,0.1388
78,1435,1513,0.1388
75,1434,1509,0.1388
74,1451,1525,0.1388
75,1446,1521,0.1388
75,1443,1518,0.1388
72,1454,1526,0.1388
70,1444,1514,0.1388
69,1444,1513,0.1388
68,1440,1508,0.1388
71,1457,1528,0.1388
71,1446,1517,0.1388
73,1453,1526,0.1388
74,1449,1523,0.1388
76,1444,1520,0.1388
74,1438,1512,0.1388
72,1442,1514,0.1388
70,1458,1528,0.1388
71,1451,1522,0.1388
70,1450,1520,0.1388
71,1449,1520,0.1388
70,1445,1515,0.1388
69,1442,1511,0.1388
71,1444,1515,0.1388
71,1428,1499,0.1388
73,1448,1521,0.1388
76,1436,1512,0.1388
75,1432,1507,0.1388
75,1448,1523,0.1388
77,1458,1535,0.1388
74,1446,1520,0.1388
73,1450,1523,0.1388
75,1444,1519,0.1388
76,1448,1524,0.1388
75,1449,1524,0.1388
73,1450,1523,0.1388
67,1443,1510,0.1388
68,1425,1493,0.1388
70,1434,1504,0.1388
69,1441,1510,0.1388
67,1449,1516,0.1388
69,1447,1516,0.1388
68,1452,1520,0.1388
65,1457,1522,0.1388
66,1458,1524,0.1388
66,1453,1519,0.1388
61,1435,1496,0.1388
62,1442,1504,0.1388
63,1449,1512,0.1388
63,1451,1514,0.1388
63,1450,1513,0.1388
63,1443,1506,0.1388
61,1448,1509,0.1388
62,1453,1515,0.1388
60,1464,1524,0.1388
61,1470,1531,0.1388
59,1481,1540,0.1388
60,1471,1531,0.1388
60,1469,1529,0.1388
61,1463,1524,0.1388
61,1446,1507,0.1388
62,1441,1503,0.1388
61,1442,1503,0.1388
61,1451,1512,0.1388
59,1444,1503,0.1388
56,1454,1510,0.1388
59,1458,1517,0.1388
58,1458,1516,0.1388
57,1465,1522,0.1388
53,1474,1527,0.1388
52,1469,1521,0.1388
51,1468,1519,0.1388
53,1485,1538,0.1388
55,1472,1527,0.1388
51,1469,1520,0.1388
49,1471,1520,0.1388
48,1479,1527,0.1388
48,1470,1518,0.1388
48,1473,1521,0.1388
48,1471,1519,0.1388
46,1470,1516,0.1388
47,1477,1524,0.1388
49,1476,1525,0.1388
50,1458,1508,0.1388
48,1455,1503,0.1388
46,1452,1498,0.1388
48,1465,1513,0.1388
46,1471,1517,0.1388
47,1462,1509,0.1388
45,1466,1511,0.1388
43,1473,1516,0.1388
44,1457,1501,0.1388
43,1460,1503,0.1388
43,1465,1508,0.1388
45,1461,1506,0.1388
46,1460,1506,0.1388
48,1467,1515,0.1388
49,1471,1520,0.1388
47,1472,1519,0.1388
47,1470,1517,0.1388
46,1485,1531,0.1388
45,1482,1527,0.1388
47,1479,1526,0.1388
47,1479,1526,0.1388
47,1483,1530,0.1388
49,1472,1521,0.1388
51,1460,1511,0.1388
52,1464,1516,0.1388
52,1461,1513,0.1388
51,1469,1520,0.1388
52,1469,1521,0.1388
50,1464,1514,0.1388
51,1471,1522,0.1388
50,1462,1512,0.1388
51,1448,1499,0.1388
51,1460,1511,0.1388
53,1464,1517,0.1388
55,1461,1516,0.1388
54,1471,1525,0.1388
52,1465,1517,0.1388
50,1460,1510,0.1388
52,1462,1514,0.1388
54,1466,1520,0.1388
53,1474,1527,0.1388
50,1477,1527,0.1388
49,1466,1515,0.1388
48,1466,1514,0.1388
50,1476,1526,0.1388
51,1465,1516,0.1388
50,1451,1501,0.1388
49,1467,1516,0.1388
48,1476,1524,0.1388
49,1466,1515,0.1388
48,1456,1504,0.1388
50,1463,1513,0.1388
49,1450,1499,0.1388
50,1466,1516,0.1388
51,1464,1515,0.1388
50,1462,1512,0.1388
48,1470,1518,0.1388
46,1465,1511,0.1388
47,1472,1519,0.1388
46,1467,1513,0.1388
46,1477,1523,0.1388
44,1473,1517,0.1388
45,1484,1529,0.1388
44,1483,1527,0.1388
43,1485,1528,0.1388
42,1482,1524,0.1388
43,1486,1529,0.1388
44,1485,1529,0.1388
43,1483,1526,0.1388
46,1464,1510,0.1388
45,1464,1509,0.1388
44,1483,1527,0.1388
43,1467,1510,0.1388
43,1454,1497,0.1388
43,1456,1499,0.1388
46,1470,1516,0.1388
44,1465,1509,0.1388
45,1470,1515,0.1388
45,1460,1505,0.1388
47,1468,1515,0.1388
46,1468,1514,0.1388
45,1471,1516,0.1388
45,1464,1509,0.1388
46,1456,1502,0.1388
45,1458,1503,0.1388
46,1456,1502,0.1388
45,1441,1486,0.1388
46,1441,1487,0.1388
46,1459,1505,0.1388
45,1464,1509,0.1388
47,1479,1526,0.1388
47,1478,1525,0.1388
47,1475,1522,0.1388
48,1477,1525,0.1388
47,1471,1518,0.1388
47,1480,1527,0.1388
47,1480,1527,0.1388
43,1483,1526,0.1388
44,1491,1535,0.1388
41,1474,1515,0.1388
40,1473,1513,0.1388
39,1464,1503,0.1388
39,1463,1502,0.1388
39,1464,1503,0.1388
41,1460,1501,0.1388
42,1475,1517,0.1388
42,1473,1515,0.1388
41,1471,1512,0.1388
40,1482,1522,0.1388
40,1486,1526,0.1388
42,1492,1534,0.1388
40,1492,1532,0.1388
41,1489,1530,0.1388
42,1493,1535,0.1388
40,1494,1534,0.1388
39,1470,1509,0.1388
36,1470,1506,0.1388
36,1459,1495,0.1388
36,1462,1498,0.1388
37,1465,1502,0.1388
37,1460,1497,0.1388
36,1449,1485,0.1388
38,1456,1494,0.1388
36,1469,1505,0.1388
37,1477,1514,0.1388
37,1482,1519,0.1388
36,1483,1519,0.1388
34,1479,1513,0.1388
32,1470,1502,0.1388
33,1483,1516,0.1388
32,1484,1516,0.1388
32,1488,1520,0.1388
32,1480,1512,0.1388
31,1497,1528,0.1388
29,1496,1525,0.1388
30,1493,1523,0.1388
29,1488,1517,0.1388
30,1488,1518,0.1388
30,1497,1527,0.1388
32,1488,1520,0.1388
31,1493,1524,0.1388
32,1477,1509,0.1388
31,1481,1512,0.1388
33,1494,1527,0.1388
33,1489,1522,0.1388
30,1477,1507,0.1388
31,1483,1514,0.1388
30,1487,1517,0.1388
30,1482,1512,0.1388
30,1491,1521,0.1388
30,1486,1516,0.1388
31,1497,1528,0.1388
31,1500,1531,0.1388
31,1506,1537,0.1388
29,1493,1522,0.1388
29,1491,1520,0.1388
28,1496,1524,0.1388
29,1491,1520,0.1388
29,1502,1531,0.1388
28,1481,1509,0.1388
29,1481,1510,0.1388
29,1469,1498,0.1388
28,1483,1511,0.1388
28,1484,1512,0.1388
30,1487,1517,0.1388
28,1496,1524,0.1388
27,1485,1512,0.1388
27,1488,1515,0.1388
25,1473,1498,0.1388
24,1491,1515,0.1388
24,1490,1514,0.1388
25,1488,1513,0.1388
25,1489,1514,0.1388
26,1476,1502,0.1388
26,1480,1506,0.1388
25,1487,1512,0.1388
26,1498,1524,0.1388
27,1494,1521,0.1388
27,1499,1526,0.1388
27,1505,1532,0.1388
27,1503,1530,0.1388
27,1494,1521,0.1388
26,1483,1509,0.1388
25,1487,1512,0.1388
26,1493,1519,0.1388
26,1488,1514,0.1388
25,1496,1521,0.1388
25,1500,1525,0.1388
25,1480,1505,0.1388
25,1486,1511,0.1388
26,1496,1522,0.1388
27,1496,1523,0.1388
27,1491,1518,0.1388
26,1489,1515,0.1388
25,1496,1521,0.1388
23,1503,1526,0.1388
23,1496,1519,0.1388
24,1502,1526,0.1388
23,1494,1517,0.1388
23,1504,1527,0.1388
23,1497,1520,0.1388
22,1494,1516,0.1388
25,1490,1515,0.1388
25,1489,1514,0.1388
24,1490,1514,0.1388
23,1484,1507,0.1388
22,1486,1508,0.1388
21,1490,1511,0.1388
21,1486,1507,0.1388
22,1492,1514,0.1388
21,1490,1511,0.1388
20,1502,1522,0.1388
21,1507,1528,0.1388
19,1503,1522,0.1388
20,1503,1523,0.1388
18,1501,1519,0.1388
18,1501,1519,0.1388
18,1495,1513,0.1388
18,1488,1506,0.1388
17,1498,1515,0.1388
16,1495,1511,0.1388
18,1495,1513,0.1388
16,1485,1501,0.1388
16,1490,1506,0.1388
15,1489,1504,0.1388
14,1489,1503,0.1388
17,1489,1506,0.1388
17,1489,1506,0.1388
16,1483,1499,0.1388
15,1482,1497,0.1388
15,1497,1512,0.1388
13,1498,1511,0.1388
15,1503,1518,0.1388
15,1505,1520,0.1388
16,1492,1508,0.1388
15,1495,1510,0.1388
14,1498,1512,0.1388
14,1510,1524,0.1388
14,1506,1520,0.1388
13,1507,1520,0.1388
15,1517,1532,0.1388
15,1518,1533,0.1388
15,1510,1525,0.1388
15,1507,1522,0.1388
15,1507,1522,0.1388
15,1502,1517,0.1388
16,1505,1521,0.1388
16,1517,1533,0.1388
15,1508,1523,0.1388
15,1512,1527,0.1388
16,1515,1531,0.1388
15,1520,1535,0.1388
15,1510,1525,0.1388
15,1510,1525,0.1388
14,1512,1526,0.1388
14,1512,1526,0.1388
16,1496,1512,0.1388
16,1502,1518,0.1388
19,1498,1517,0.1388
19,1500,1519,0.1388
18,1506,1524,0.1388
18,1509,1527,0.1388
17,1502,1519,0.1388
16,1495,1511,0.1388
15,1505,1520,0.1388
13,1499,1512,0.1388
14,1503,1517,0.1388
14,1495,1509,0.1388
14,1495,1509,0.1388
14,1498,1512,0.1388
13,1493,1506,0.1388
13,1494,1507,0.1388
13,1485,1498,0.1388
11,1494,1505,0.1388
10,1507,1517,0.1388
9,1507,1516,0.1388
10,1503,1513,0.1388
9,1502,1511,0.1388
8,1494,1502,0.1388
7,1499,1506,0.1388
7,1505,1512,0.1388
9,1505,1514,0.1388
10,1515,1525,0.1388
10,1517,1527,0.1388
10,1521,1531,0.1388
9,1511,1520,0.1388
9,1513,1522,0.1388
9,1501,1510,0.1388
8,1503,1511,0.1388
8,1515,1523,0.1388
7,1510,1517,0.1388
7,1521,1528,0.1388
7,1516,1523,0.1388
7,1497,1504,0.1388
7,1508,1515,0.1388
7,1501,1508,0.1388
7,1503,1510,0.1388
7,1497,1504,0.1388
7,1510,1517,0.1388
7,1501,1508,0.1388
7,1517,1524,0.1388
7,1511,1518,0.1388
7,1513,1520,0.1388
7,1516,1523,0.1388
6,1522,1528,0.1388
7,1510,1517,0.1388
7,1519,1526,0.1388
7,1515,1522,0.1388
8,1506,1514,0.1388
7,1508,1515,0.1388
7,1510,1517,0.1388
8,1499,1507,0.1388
7,1518,1525,0.1388
7,1516,1523,0.1388
7,1509,1516,0.1388
8,1497,1505,0.1388
7,1496,1503,0.1388
7,1501,1508,0.1388
7,1491,1498,0.1388
7,1479,1486,0.1388
6,1493,1499,0.1388
6,1497,1503,0.1388
6,1502,1508,0.1388
6,1493,1499,0.1388
6,1503,1509,0.1388
6,1507,1513,0.1388
6,1505,1511,0.1388
6,1498,1504,0.1388
6,1499,1505,0.1388
6,1500,1506,0.1388
6,1496,1502,0.1388
6,1498,1504,0.1388
6,1503,1509,0.1388
6,1492,1498,0.1388
6,1502,1508,0.1388
7,1509,1516,0.1388
7,1518,1525,0.1388
7,1516,1523,0.1388
7,1516,1523,0.1388
8,1523,1531,0.1388
8,1524,1532,0.1388
7,1522,1529,0.1388
7,1510,1517,0.1388
7,1511,1518,0.1388
7,1508,1515,0.1388
8,1502,1510,0.1388
8,1504,1512,0.1388
8,1513,1521,0.1388
8,1524,1532,0.1388
6,1506,1512,0.1388
6,1505,1511,0.1388
6,1507,1513,0.1388
5,1510,1515,0.1388
6,1506,1512,0.1388
5,1515,1520,0.1388
5,1512,1517,0.1388
5,1502,1507,0.1388
5,1507,1512,0.1388
5,1510,1515,0.1388
5,1506,1511,0.1388
5,1498,1503,0.1388
4,1494,1498,0.1388
4,1496,1500,0.1388
4,1499,1503,0.1388
4,1503,1507,0.1388
4,1496,1500,0.1388
3,1503,1506,0.1388
2,1505,1507,0.1388
2,1511,1513,0.1388
3,1513,1516,0.1388
3,1519,1522,0.1388
3,1502,1505,0.1388
3,1497,1500,0.1388
3,1511,1514,0.1388
3,1510,1513,0.1388
3,1513,1516,0.1388
4,1508,1512,0.1388
4,1514,1518,0.1388
4,1507,1511,0.1388
4,1507,1511,0.1388
4,1506,1510,0.1388
4,1495,1499,0.1388
4,1509,1513,0.1388
4,1520,1524,0.1388
4,1513,1517,0.1388
4,1521,1525,0.1388
4,1531,1535,0.1388
4,1523,1527,0.1388
5,1507,1512,0.1388
5,1496,1501,0.1388
5,1493,1498,0.1388
5,1495,1500,0.1388
5,1488,1493,0.1388
4,1494,1498,0.1388
4,1494,1498,0.1388
4,1496,1500,0.1388
3,1505,1508,0.1388
3,1512,1515,0.1388
3,1509,1512,0.1388
2,1521,1523,0.1388
2,1516,1518,0.1388
2,1508,1510,0.1388
2,1509,1511,0.1388
2,1513,1515,0.1388
3,1520,1523,0.1388
3,1498,1501,0.1388
3,1510,1513,0.1388
3,1505,1508,0.1388
3,1505,1508,0.1388
3,1512,1515,0.1388
3,1526,1529,0.1388
3,1518,1521,0.1388
3,1521,1524,0.1388
3,1520,1523,0.1388
4,1516,1520,0.1388
4,1515,1519,0.1388
4,1520,1524,0.1388
4,1512,1516,0.1388
4,1518,1522,0.1388
4,1499,1503,0.1388
4,1511,1515,0.1388
4,1514,1518,0.1388
4,1510,1514,0.1388
4,1512,1516,0.1388
4,1511,1515,0.1388
4,1495,1499,0.1388
4,1487,1491,0.1388
5,1485,1490,0.1388
5,1487,1492,0.1388
5,1495,1500,0.1388
5,1493,1498,0.1388
5,1499,1504,0.1388
5,1501,1506,0.1388
5,1504,1509,0.1388
5,1523,1528,0.1388
5,1519,1524,0.1388
5,1518,1523,0.1388
5,1519,1524,0.1388
5,1535,1540,0.1388
5,1525,1530,0.1388
5,1500,1505,0.1388
5,1513,1518,0.1388
6,1509,1515,0.1388
6,1504,1510,0.1388
7,1517,1524,0.1388
6,1536,1542,0.1388
6,1513,1519,0.1388
7,1511,1518,0.1388
7,1512,1519,0.1388
6,1516,1522,0.1388
7,1509,1516,0.1388
8,1509,1517,0.1388
6,1511,1517,0.1388
5,1513,1518,0.1388
5,1513,1518,0.1388
5,1505,1510,0.1388
5,1517,1522,0.1388
6,1512,1518,0.1388
8,1506,1514,0.1388
7,1495,1502,0.1388
7,1510,1517,0.1388
8,1509,1517,0.1388
8,1506,1514,0.1388
8,1498,1506,0.1388
8,1507,1515,0.1388
8,1497,1505,0.1388
8,1492,1500,0.1388
7,1491,1498,0.1388
8,1501,1509,0.1388
8,1490,1498,0.1388
8,1501,1509,0.1388
8,1505,1513,0.1388
8,1505,1513,0.1388
8,1503,1511,0.1388
10,1496,1506,0.1388
10,1495,1505,0.1388
11,1490,1501,0.1388
10,1490,1500,0.1388
13,1496,1509,0.1388
13,1500,1513,0.1388
13,1502,1515,0.1388
14,1513,1527,0.1388
14,1506,1520,0.1388
13,1507,1520,0.1388
13,1507,1520,0.1388
13,1493,1506,0.1388
13,1509,1522,0.1388
13,1492,1505,0.1388
13,1493,1506,0.1388
12,1492,1504,0.1388
11,1494,1505,0.1388
10,1497,1507,0.1388
10,1496,1506,0.1388
11,1495,1506,0.1388
11,1515,1526,0.1388
11,1516,1527,0.1388
9,1511,1520,0.1388
11,1512,1523,0.1388
11,1504,1515,0.1388
12,1499,1511,0.1388
12,1514,1526,0.1388
12,1505,1517,0.1388
12,1501,1513,0.1388
12,1505,1517,0.1388
12,1511,1523,0.1388
11,1505,1516,0.1388
10,1506,1516,0.1388
10,1499,1509,0.1388
10,1507,1517,0.1388
10,1512,1522,0.1388
11,1514,1525,0.1388
11,1505,1516,0.1388
10,1495,1505,0.1388
10,1493,1503,0.1388
10,1500,1510,0.1388
9,1499,1508,0.1388
10,1499,1509,0.1388
9,1511,1520,0.1388
10,1499,1509,0.1388
9,1500,1509,0.1388
9,1510,1519,0.1388
8,1499,1507,0.1388
9,1493,1502,0.1388
9,1516,1525,0.1388
10,1509,1519,0.1388
10,1511,1521,0.1388
11,1510,1521,0.1388
9,1501,1510,0.1388
9,1507,1516,0.1388
9,1507,1516,0.1388
9,1508,1517,0.1388
9,1500,1509,0.1388
9,1507,1516,0.1388
9,1507,1516,0.1388
9,1498,1507,0.1388
10,1501,1511,0.1388
9,1509,1518,0.1388
9,1501,1510,0.1388
9,1502,1511,0.1388
8,1508,1516,0.1388
10,1508,1518,0.1388
10,1505,1515,0.1388
9,1500,1509,0.1388
7,1513,1520,0.1388
7,1503,1510,0.1388
7,1497,1504,0.1388
7,1507,1514,0.1388
8,1515,1523,0.1388
8,1507,1515,0.1388
8,1509,1517,0.1388
8,1490,1498,0.1388
8,1504,1512,0.1388
9,1497,1506,0.1388
8,1506,1514,0.1388
8,1516,1524,0.1388
8,1506,1514,0.1388
9,1514,1523,0.1388
9,1508,1517,0.1388
8,1509,1517,0.1388
8,1507,1515,0.1388
7,1508,1515,0.1388
7,1518,1525,0.1388
7,1514,1521,0.1388
8,1512,1520,0.1388
8,1502,1510,0.1388
9,1500,1509,0.1388
9,1504,1513,0.1388
9,1509,1518,0.1388
7,1509,1516,0.1388
7,1495,1502,0.1388
6,1509,1515,0.1388
6,1513,1519,0.1388
5,1511,1516,0.1388
5,1507,1512,0.1388
5,1509,1514,0.1388
5,1513,1518,0.1388
5,1519,1524,0.1388
5,1526,1531,0.1388
5,1523,1528,0.1388
5,1518,1523,0.1388
5,1509,1514,0.1388
5,1501,1506,0.1388
5,1501,1506,0.1388
5,1498,1503,0.1388
5,1503,1508,0.1388
5,1494,1499,0.1388
5,1516,1521,0.1388
5,1515,1520,0.1388
5,1509,1514,0.1388
4,1517,1521,0.1388
4,1516,1520,0.1388
3,1509,1512,0.1388
3,1498,1501,0.1388
3,1525,1528,0.1388
3,1519,1522,0.1388
3,1513,1516,0.1388
3,1509,1512,0.1388
2,1523,1525,0.1388
2,1517,1519,0.1388
2,1521,1523,0.1388
2,1524,1526,0.1388
2,1520,1522,0.1388
2,1526,1528,0.1388
2,1527,1529,0.1388
1,1523,1524,0.1388
2,1529,1531,0.1388
2,1526,1528,0.1388
2,1512,1514,0.1388
2,1525,1527,0.1388
1,1521,1522,0.1388
1,1512,1513,0.1388
1,1537,1538,0.1388
1,1540,1541,0.1388
1,1523,1524,0.1388
1,1511,1512,0.1388
1,1516,1517,0.1388
1,1522,1523,0.1388
1,1528,1529,0.1388
2,1521,1523,0.1388
2,1509,1511,0.1388
2,1505,1507,0.1388
2,1516,1518,0.1388
1,1513,1514,0.1388
1,1514,1515,0.1388
0,1523,1523,0.1388
