1362,31,1393,0.1388
1389,34,1423,0.1388
1407,39,1446,0.1388
1422,42,1464,0.1388
1415,41,1456,0.1388
1421,39,1460,0.1388
1433,41,1474,0.1388
1443,41,1484,0.1388
1446,40,1486,0.1388
1445,39,1484,0.1388
1437,38,1475,0.1388
1436,37,1473,0.1388
1446,37,1483,0.1388
1445,36,1481,0.1388
1464,39,1503,0.1388
1460,38,1498,0.1388
1457,36,1493,0.1388
1449,38,1487,0.1388
1441,40,1481,0.1388
1434,39,1473,0.1388
1438,41,1479,0.1388
1461,39,1500,0.1388
1448,41,1489,0.1388
1450,42,1492,0.1388
1445,42,1487,0.1388
1442,43,1485,0.1388
1451,41,1492,0.1388
1451,42,1493,0.1388
1443,42,1485,0.1388
1453,41,1494,0.1388
1450,40,1490,0.1388
1439,41,1480,0.1388
1453,43,1496,0.1388
1455,47,1502,0.1388
1458,47,1505,0.1388
1455,45,1500,0.1388
1451,45,1496,0.1388
1436,43,1479,0.1388
1437,43,1480,0.1388
1434,45,1479,0.1388
1435,46,1481,0.1388
1441,48,1489,0.1388
1439,51,1490,0.1388
1437,52,1489,0.1388
1438,53,1491,0.1388
1451,52,1503,0.1388
1446,54,1500,0.1388
1446,53,1499,0.1388
1432,55,1487,0.1388
1412,58,1470,0.1388
1399,59,1458,0.1388
1409,61,1470,0.1388
1425,57,1482,0.1388
1435,57,1492,0.1388
1431,55,1486,0.1388
1434,55,1489,0.1388
1433,55,1488,0.1388
1430,54,1484,0.1388
1438,55,1493,0.1388
1434,57,1491,0.1388
1422,57,1479,0.1388
1421,60,1481,0.1388
1428,64,1492,0.1388
1425,63,1488,0.1388
1421,63,1484,0.1388
1424,64,1488,0.1388
1418,64,1482,0.1388
1417,66,1483,0.1388
1403,63,1466,0.1388
1407,61,1468,0.1388
1428,63,1491,0.1388
1419,66,1485,0.1388
1421,67,1488,0.1388
1422,67,1489,0.1388
1430,69,1499,0.1388
1423,69,1492,0.1388
1411,73,1484,0.1388
1409,73,1482,0.1388
1412,73,1485,0.1388
1415,73,1488,0.1388
1424,73,1497,0.1388
1428,77,1505,0.1388
1426,74,1500,0.1388
1414,74,1488,0.1388
1404,74,1478,0.1388
1416,75,1491,0.1388
1411,77,1488,0.1388
1422,77,1499,0.1388
1433,79,1512,0.1388
1432,79,1511,0.1388
1420,78,1498,0.1388
1421,81,1502,0.1388
1423,80,1503,0.1388
1427,79,1506,0.1388
1419,80,1499,0.1388
1434,79,1513,0.1388
1429,78,1507,0.1388
1422,80,1502,0.1388
1406,82,1488,0.1388
1409,82,1491,0.1388
1406,77,1483,0.1388
1416,86,1502,0.1388
1396,88,1484,0.1388
1399,86,1485,0.1388
1395,86,1481,0.1388
1399,85,1484,0.1388
1412,84,1496,0.1388
1401,85,1486,0.1388
1403,88,1491,0.1388
1408,89,1497,0.1388
1418,87,1505,0.1388
1414,84,1498,0.1388
1409,84,1493,0.1388
1408,87,1495,0.1388
1410,90,1500,0.1388
1398,90,1488,0.1388
1408,90,1498,0.1388
1391,92,1483,0.1388
1406,90,1496,0.1388
1407,94,1501,0.1388
1397,95,1492,0.1388
1391,95,1486,0.1388
1402,98,1500,0.1388
1406,99,1505,0.1388
1398,98,1496,0.1388
1387,101,1488,0.1388
1392,100,1492,0.1388
1381,101,1482,0.1388
1388,104,1492,0.1388
1392,108,1500,0.1388
1399,106,1505,0.1388
1405,105,1510,0.1388
1408,106,1514,0.1388
1395,107,1502,0.1388
1387,107,1494,0.1388
1391,107,1498,0.1388
1382,103,1485,0.1388
1380,104,1484,0.1388
1385,102,1487,0.1388
1382,102,1484,0.1388
1386,98,1484,0.1388
1389,96,1485,0.1388
1387,97,1484,0.1388
1385,98,1483,0.1388
1385,97,1482,0.1388
1393,99,1492,0.1388
1391,102,1493,0.1388
1394,102,1496,0.1388
1395,102,1497,0.1388
1394,99,1493,0.1388
1393,96,1489,0.1388
1402,100,1502,0.1388
1400,99,1499,0.1388
1389,100,1489,0.1388
1384,100,1484,0.1388
1380,98,1478,0.1388
1387,99,1486,0.1388
1389,97,1486,0.1388
1405,97,1502,0.1388
1408,95,1503,0.1388
1400,99,1499,0.1388
1417,96,1513,0.1388
1414,96,1510,0.1388
1428,96,1524,0.1388
1425,97,1522,0.1388
1413,93,1506,0.1388
1399,93,1492,0.1388
1408,94,1502,0.1388
1410,93,1503,0.1388
1405,95,1500,0.1388
1402,95,1497,0.1388
1394,97,1491,0.1388
1390,97,1487,0.1388
1391,97,1488,0.1388
1402,99,1501,0.1388
1394,100,1494,0.1388
1396,102,1498,0.1388
1395,105,1500,0.1388
1387,109,1496,0.1388
1392,107,1499,0.1388
1385,110,1495,0.1388
1393,113,1506,0.1388
1390,112,1502,0.1388
1388,111,1499,0.1388
1382,113,1495,0.1388
1388,112,1500,0.1388
1370,114,1484,0.1388
1377,112,1489,0.1388
1380,111,1491,0.1388
1385,111,1496,0.1388
1385,111,1496,0.1388
1402,113,1515,0.1388
1383,112,1495,0.1388
1375,113,1488,0.1388
1379,112,1491,0.1388
1390,111,1501,0.1388
1395,113,1508,0.1388
1394,112,1506,0.1388
1391,112,1503,0.1388
1396,112,1508,0.1388
1397,109,1506,0.1388
1391,111,1502,0.1388
1396,113,1509,0.1388
1394,111,1505,0.1388
1388,111,1499,0.1388
1387,114,1501,0.1388
1384,116,1500,0.1388
1391,120,1511,0.1388
1382,122,1504,0.1388
1372,119,1491,0.1388
1364,119,1483,0.1388
1361,120,1481,0.1388
1389,121,1510,0.1388
1375,122,1497,0.1388
1373,122,1495,0.1388
1376,124,1500,0.1388
1375,122,1497,0.1388
1365,124,1489,0.1388
1373,126,1499,0.1388
1386,124,1510,0.1388
1387,126,1513,0.1388
1379,127,1506,0.1388
1366,124,1490,0.1388
1362,125,1487,0.1388
1359,123,1482,0.1388
1358,121,1479,0.1388
1363,121,1484,0.1388
1362,122,1484,0.1388
1360,118,1478,0.1388
1367,122,1489,0.1388
1376,125,1501,0.1388
1375,119,1494,0.1388
1374,116,1490,0.1388
1389,114,1503,0.1388
1396,119,1515,0.1388
1387,116,1503,0.1388
1374,115,1489,0.1388
1374,118,1492,0.1388
1360,125,1485,0.1388
1354,130,1484,0.1388
1356,132,1488,0.1388
1356,133,1489,0.1388
1346,138,1484,0.1388
1345,135,1480,0.1388
1341,136,1477,0.1388
1348,137,1485,0.1388
1348,132,1480,0.1388
1354,136,1490,0.1388
1345,138,1483,0.1388
1337,138,1475,0.1388
1336,136,1472,0.1388
1347,135,1482,0.1388
1335,134,1469,0.1388
1347,138,1485,0.1388
1343,141,1484,0.1388
1352,142,1494,0.1388
1352,137,1489,0.1388
1345,137,1482,0.1388
1343,141,1484,0.1388
1344,143,1487,0.1388
1342,140,1482,0.1388
1349,143,1492,0.1388
1358,142,1500,0.1388
1359,136,1495,0.1388
1355,134,1489,0.1388
1344,133,1477,0.1388
1344,133,1477,0.1388
1348,132,1480,0.1388
1353,135,1488,0.1388
1360,130,1490,0.1388
1354,129,1483,0.1388
1348,129,1477,0.1388
1360,126,1486,0.1388
1368,121,1489,0.1388
1368,120,1488,0.1388
1374,120,1494,0.1388
1371,123,1494,0.1388
1381,124,1505,0.1388
1370,124,1494,0.1388
1360,133,1493,0.1388
1356,135,1491,0.1388
1348,138,1486,0.1388
1343,139,1482,0.1388
1339,141,1480,0.1388
1347,138,1485,0.1388
1362,139,1501,0.1388
1348,141,1489,0.1388
1362,142,1504,0.1388
1359,143,1502,0.1388
1366,139,1505,0.1388
1374,138,1512,0.1388
1365,135,1500,0.1388
1362,142,1504,0.1388
1350,142,1492,0.1388
1345,140,1485,0.1388
1348,144,1492,0.1388
1340,146,1486,0.1388
1355,146,1501,0.1388
1358,147,1505,0.1388
1355,148,1503,0.1388
1354,148,1502,0.1388
1355,146,1501,0.1388
1366,149,1515,0.1388
1348,147,1495,0.1388
1334,150,1484,0.1388
1334,150,1484,0.1388
1325,152,1477,0.1388
1332,151,1483,0.1388
1334,150,1484,0.1388
1325,147,1472,0.1388
1320,146,1466,0.1388
1324,150,1474,0.1388
1337,154,1491,0.1388
1336,155,1491,0.1388
1336,159,1495,0.1388
1348,157,1505,0.1388
1336,158,1494,0.1388
1340,161,1501,0.1388
1337,161,1498,0.1388
1333,160,1493,0.1388
1340,165,1505,0.1388
1327,160,1487,0.1388
1327,167,1494,0.1388
1328,169,1497,0.1388
1335,165,1500,0.1388
1333,173,1506,0.1388
1331,175,1506,0.1388
1328,177,1505,0.1388
1322,178,1500,0.1388
1322,180,1502,0.1388
1328,182,1510,0.1388
1324,185,1509,0.1388
1323,184,1507,0.1388
1307,184,1491,0.1388
1302,186,1488,0.1388
1305,187,1492,0.1388
1318,181,1499,0.1388
1324,181,1505,0.1388
1333,185,1518,0.1388
1317,183,1500,0.1388
1304,189,1493,0.1388
1308,191,1499,0.1388
1313,190,1503,0.1388
1307,192,1499,0.1388
1305,196,1501,0.1388
1306,194,1500,0.1388
1306,194,1500,0.1388
1297,195,1492,0.1388
1297,195,1492,0.1388
1302,195,1497,0.1388
1295,193,1488,0.1388
1300,194,1494,0.1388
1308,195,1503,0.1388
1303,193,1496,0.1388
1313,192,1505,0.1388
1314,182,1496,0.1388
1317,188,1505,0.1388
1321,188,1509,0.1388
1328,188,1516,0.1388
1323,189,1512,0.1388
1319,189,1508,0.1388
1325,191,1516,0.1388
1330,185,1515,0.1388
1310,185,1495,0.1388
1308,184,1492,0.1388
1306,187,1493,0.1388
1300,189,1489,0.1388
1299,186,1485,0.1388
1303,190,1493,0.1388
1305,190,1495,0.1388
1306,193,1499,0.1388
1308,196,1504,0.1388
1302,193,1495,0.1388
1299,194,1493,0.1388
1306,196,1502,0.1388
1308,196,1504,0.1388
1310,199,1509,0.1388
1312,195,1507,0.1388
1307,197,1504,0.1388
1304,201,1505,0.1388
1297,200,1497,0.1388
1295,196,1491,0.1388
1303,191,1494,0.1388
1300,194,1494,0.1388
1300,194,1494,0.1388
1298,198,1496,0.1388
1302,203,1505,0.1388
1299,204,1503,0.1388
1290,202,1492,0.1388
1292,199,1491,0.1388
1287,203,1490,0.1388
1291,201,1492,0.1388
1301,203,1504,0.1388
1295,198,1493,0.1388
1290,200,1490,0.1388
1283,204,1487,0.1388
1283,203,1486,0.1388
1281,208,1489,0.1388
1283,208,1491,0.1388
1273,216,1489,0.1388
1285,213,1498,0.1388
1274,212,1486,0.1388
1283,218,1501,0.1388
1291,214,1505,0.1388
1284,214,1498,0.1388
1293,218,1511,0.1388
1287,211,1498,0.1388
1283,214,1497,0.1388
1274,214,1488,0.1388
1264,213,1477,0.1388
1279,220,1499,0.1388
1271,217,1488,0.1388
1266,217,1483,0.1388
1275,220,1495,0.1388
1275,217,1492,0.1388
1275,218,1493,0.1388
1279,230,1509,0.1388
1285,234,1519,0.1388
1280,231,1511,0.1388
1275,231,1506,0.1388
1263,229,1492,0.1388
1257,227,1484,0.1388
1258,234,1492,0.1388
1270,237,1507,0.1388
1271,238,1509,0.1388
1276,235,1511,0.1388
1264,239,1503,0.1388
1257,242,1499,0.1388
1253,243,1496,0.1388
1244,244,1488,0.1388
1248,247,1495,0.1388
1247,251,1498,0.1388
1260,249,1509,0.1388
1265,249,1514,0.1388
1262,247,1509,0.1388
1264,248,1512,0.1388
1269,249,1518,0.1388
1271,242,1513,0.1388
1256,240,1496,0.1388
1249,239,1488,0.1388
1253,237,1490,0.1388
1248,242,1490,0.1388
1251,237,1488,0.1388
1257,239,1496,0.1388
1261,239,1500,0.1388
1252,244,1496,0.1388
1257,243,1500,0.1388
1261,246,1507,0.1388
1265,248,1513,0.1388
1257,250,1507,0.1388
1256,249,1505,0.1388
1269,249,1518,0.1388
1268,246,1514,0.1388
1252,246,1498,0.1388
1264,241,1505,0.1388
1268,248,1516,0.1388
1261,248,1509,0.1388
1260,251,1511,0.1388
1261,256,1517,0.1388
1256,258,1514,0.1388
1251,261,1512,0.1388
1261,256,1517,0.1388
1254,256,1510,0.1388
1253,253,1506,0.1388
1244,256,1500,0.1388
1226,249,1475,0.1388
1235,259,1494,0.1388
1220,261,1481,0.1388
1228,265,1493,0.1388
1247,258,1505,0.1388
1247,262,1509,0.1388
1251,259,1510,0.1388
1238,259,1497,0.1388
1236,263,1499,0.1388
1237,267,1504,0.1388
1235,268,1503,0.1388
1224,265,1489,0.1388
1221,263,1484,0.1388
1221,264,1485,0.1388
1234,261,1495,0.1388
1237,264,1501,0.1388
1227,266,1493,0.1388
1215,271,1486,0.1388
1220,269,1489,0.1388
1227,272,1499,0.1388
1231,277,1508,0.1388
1235,267,1502,0.1388
1237,264,1501,0.1388
1241,268,1509,0.1388
1237,268,1505,0.1388
1239,261,1500,0.1388
1234,267,1501,0.1388
1232,271,1503,0.1388
1226,276,1502,0.1388
1212,277,1489,0.1388
1225,274,1499,0.1388
1221,278,1499,0.1388
1230,280,1510,0.1388
1223,280,1503,0.1388
1226,281,1507,0.1388
1224,280,1504,0.1388
1221,281,1502,0.1388
1214,282,1496,0.1388
1207,286,1493,0.1388
1216,279,1495,0.1388
1205,285,1490,0.1388
1209,285,1494,0.1388
1206,290,1496,0.1388
1201,287,1488,0.1388
1216,284,1500,0.1388
1211,281,1492,0.1388
1212,287,1499,0.1388
1221,285,1506,0.1388
1235,281,1516,0.1388
1224,282,1506,0.1388
1221,281,1502,0.1388
1217,284,1501,0.1388
1215,280,1495,0.1388
1215,289,1504,0.1388
1215,287,1502,0.1388
1200,290,1490,0.1388
1199,294,1493,0.1388
1202,298,1500,0.1388
1198,291,1489,0.1388
1189,288,1477,0.1388
1196,290,1486,0.1388
1197,284,1481,0.1388
1193,284,1477,0.1388
1199,285,1484,0.1388
1197,300,1497,0.1388
1202,304,1506,0.1388
1203,305,1508,0.1388
1206,306,1512,0.1388
1201,304,1505,0.1388
1199,305,1504,0.1388
1192,306,1498,0.1388
1182,309,1491,0.1388
1178,310,1488,0.1388
1184,312,1496,0.1388
1192,308,1500,0.1388
1190,312,1502,0.1388
1181,308,1489,0.1388
1188,312,1500,0.1388
1191,316,1507,0.1388
1197,310,1507,0.1388
1196,316,1512,0.1388
1199,310,1509,0.1388
1188,309,1497,0.1388
1194,312,1506,0.1388
1181,317,1498,0.1388
1182,318,1500,0.1388
1176,321,1497,0.1388
1183,316,1499,0.1388
1175,313,1488,0.1388
1173,313,1486,0.1388
1178,317,1495,0.1388
1167,322,1489,0.1388
1173,325,1498,0.1388
1170,326,1496,0.1388
1166,329,1495,0.1388
1157,334,1491,0.1388
1161,334,1495,0.1388
1162,336,1498,0.1388
1160,332,1492,0.1388
1155,331,1486,0.1388
1170,337,1507,0.1388
1165,336,1501,0.1388
1172,336,1508,0.1388
1179,339,1518,0.1388
1176,331,1507,0.1388
1180,324,1504,0.1388
1173,330,1503,0.1388
1166,326,1492,0.1388
1155,328,1483,0.1388
1163,325,1488,0.1388
1159,327,1486,0.1388
1164,338,1502,0.1388
1166,338,1504,0.1388
1169,342,1511,0.1388
1163,341,1504,0.1388
1165,343,1508,0.1388
1160,339,1499,0.1388
1163,337,1500,0.1388
1155,336,1491,0.1388
1165,337,1502,0.1388
1151,340,1491,0.1388
1157,331,1488,0.1388
1162,335,1497,0.1388
1156,334,1490,0.1388
1171,331,1502,0.1388
1178,333,1511,0.1388
1171,337,1508,0.1388
1154,338,1492,0.1388
1167,344,1511,0.1388
1157,341,1498,0.1388
1160,339,1499,0.1388
1161,341,1502,0.1388
1164,339,1503,0.1388
1167,337,1504,0.1388
1162,337,1499,0.1388
1155,339,1494,0.1388
1156,337,1493,0.1388
1154,340,1494,0.1388
1154,342,1496,0.1388
1164,342,1506,0.1388
1165,349,1514,0.1388
1150,349,1499,0.1388
1136,347,1483,0.1388
1143,349,1492,0.1388
1148,347,1495,0.1388
1140,340,1480,0.1388
1142,342,1484,0.1388
1133,343,1476,0.1388
1131,343,1474,0.1388
1143,344,1487,0.1388
1136,351,1487,0.1388
1132,353,1485,0.1388
1132,343,1475,0.1388
1142,351,1493,0.1388
1131,356,1487,0.1388
1138,358,1496,0.1388
1141,356,1497,0.1388
1145,358,1503,0.1388
1141,354,1495,0.1388
1146,353,1499,0.1388
1153,360,1513,0.1388
1155,353,1508,0.1388
1159,345,1504,0.1388
1156,350,1506,0.1388
1147,351,1498,0.1388
1154,348,1502,0.1388
1143,351,1494,0.1388
1132,353,1485,0.1388
1134,354,1488,0.1388
1142,353,1495,0.1388
1139,362,1501,0.1388
1141,366,1507,0.1388
1130,364,1494,0.1388
1117,363,1480,0.1388
1120,367,1487,0.1388
1117,369,1486,0.1388
1121,368,1489,0.1388
1129,366,1495,0.1388
1132,362,1494,0.1388
1133,365,1498,0.1388
1145,371,1516,0.1388
1143,375,1518,0.1388
1139,374,1513,0.1388
1130,377,1507,0.1388
1121,379,1500,0.1388
1119,371,1490,0.1388
1119,368,1487,0.1388
1130,363,1493,0.1388
1134,369,1503,0.1388
1127,374,1501,0.1388
1119,376,1495,0.1388
1121,382,1503,0.1388
1123,381,1504,0.1388
1135,386,1521,0.1388
1115,389,1504,0.1388
1114,390,1504,0.1388
1116,387,1503,0.1388
1118,389,1507,0.1388
1116,400,1516,0.1388
1116,400,1516,0.1388
1105,402,1507,0.1388
1098,400,1498,0.1388
1097,402,1499,0.1388
1102,399,1501,0.1388
1092,406,1498,0.1388
1104,405,1509,0.1388
1107,404,1511,0.1388
1110,396,1506,0.1388
1096,400,1496,0.1388
1105,403,1508,0.1388
1107,409,1516,0.1388
1097,403,1500,0.1388
1096,404,1500,0.1388
1087,405,1492,0.1388
1069,420,1489,0.1388
1075,422,1497,0.1388
1082,426,1508,0.1388
1077,427,1504,0.1388
1076,430,1506,0.1388
1085,420,1505,0.1388
1084,424,1508,0.1388
1077,418,1495,0.1388
1077,417,1494,0.1388
1076,420,1496,0.1388
1065,419,1484,0.1388
1067,426,1493,0.1388
1063,434,1497,0.1388
1063,438,1501,0.1388
1062,439,1501,0.1388
1058,438,1496,0.1388
1058,432,1490,0.1388
1061,439,1500,0.1388
1051,441,1492,0.1388
1057,437,1494,0.1388
1060,442,1502,0.1388
1053,442,1495,0.1388
1048,444,1492,0.1388
1051,443,1494,0.1388
1047,452,1499,0.1388
1041,457,1498,0.1388
1031,457,1488,0.1388
1036,463,1499,0.1388
1046,462,1508,0.1388
1034,461,1495,0.1388
1029,459,1488,0.1388
1031,453,1484,0.1388
1031,446,1477,0.1388
1044,451,1495,0.1388
1044,446,1490,0.1388
1043,451,1494,0.1388
1044,455,1499,0.1388
1042,451,1493,0.1388
1053,445,1498,0.1388
1050,453,1503,0.1388
1049,458,1507,0.1388
1037,464,1501,0.1388
1036,456,1492,0.1388
1042,458,1500,0.1388
1045,461,1506,0.1388
1040,463,1503,0.1388
1038,462,1500,0.1388
1031,453,1484,0.1388
1034,457,1491,0.1388
1034,463,1497,0.1388
1035,465,1500,0.1388
1035,461,1496,0.1388
1034,456,1490,0.1388
1042,466,1508,0.1388
1047,471,1518,0.1388
1040,473,1513,0.1388
1039,473,1512,0.1388
1041,477,1518,0.1388
1026,478,1504,0.1388
1013,477,1490,0.1388
1024,470,1494,0.1388
1029,473,1502,0.1388
1037,475,1512,0.1388
1024,478,1502,0.1388
1021,477,1498,0.1388
1026,478,1504,0.1388
1018,485,1503,0.1388
1013,488,1501,0.1388
1023,489,1512,0.1388
1026,489,1515,0.1388
1025,490,1515,0.1388
1024,492,1516,0.1388
1017,494,1511,0.1388
997,498,1495,0.1388
994,499,1493,0.1388
1000,507,1507,0.1388
1002,506,1508,0.1388
998,507,1505,0.1388
998,509,1507,0.1388
991,505,1496,0.1388
1002,503,1505,0.1388
993,500,1493,0.1388
973,500,1473,0.1388
976,496,1472,0.1388
984,498,1482,0.1388
987,507,1494,0.1388
998,515,1513,0.1388
988,511,1499,0.1388
980,513,1493,0.1388
985,513,1498,0.1388
985,511,1496,0.1388
981,511,1492,0.1388
979,516,1495,0.1388
966,511,1477,0.1388
965,515,1480,0.1388
978,517,1495,0.1388
984,516,1500,0.1388
977,522,1499,0.1388
984,525,1509,0.1388
971,532,1503,0.1388
983,539,1522,0.1388
977,534,1511,0.1388
978,536,1514,0.1388
974,540,1514,0.1388
965,536,1501,0.1388
963,538,1501,0.1388
967,538,1505,0.1388
960,547,1507,0.1388
970,543,1513,0.1388
972,546,1518,0.1388
972,540,1512,0.1388
966,542,1508,0.1388
963,549,1512,0.1388
951,541,1492,0.1388
945,558,1503,0.1388
944,551,1495,0.1388
947,547,1494,0.1388
945,552,1497,0.1388
933,550,1483,0.1388
929,550,1479,0.1388
925,553,1478,0.1388
922,554,1476,0.1388
935,556,1491,0.1388
951,555,1506,0.1388
955,561,1516,0.1388
943,555,1498,0.1388
949,556,1505,0.1388
952,562,1514,0.1388
941,560,1501,0.1388
941,559,1500,0.1388
949,556,1505,0.1388
937,566,1503,0.1388
938,566,1504,0.1388
943,567,1510,0.1388
945,571,1516,0.1388
939,570,1509,0.1388
943,570,1513,0.1388
945,569,1514,0.1388
943,575,1518,0.1388
932,576,1508,0.1388
931,588,1519,0.1388
931,583,1514,0.1388
935,587,1522,0.1388
931,584,1515,0.1388
930,583,1513,0.1388
930,579,1509,0.1388
931,575,1506,0.1388
925,584,1509,0.1388
923,588,1511,0.1388
920,585,1505,0.1388
921,576,1497,0.1388
917,577,1494,0.1388
916,585,1501,0.1388
916,586,1502,0.1388
901,590,1491,0.1388
907,589,1496,0.1388
911,581,1492,0.1388
912,581,1493,0.1388
911,585,1496,0.1388
912,581,1493,0.1388
910,594,1504,0.1388
900,595,1495,0.1388
895,599,1494,0.1388
897,595,1492,0.1388
901,601,1502,0.1388
897,600,1497,0.1388
895,610,1505,0.1388
895,615,1510,0.1388
899,605,1504,0.1388
902,606,1508,0.1388
896,609,1505,0.1388
894,615,1509,0.1388
885,619,1504,0.1388
905,616,1521,0.1388
889,609,1498,0.1388
891,611,1502,0.1388
884,607,1491,0.1388
875,609,1484,0.1388
874,621,1495,0.1388
883,618,1501,0.1388
884,616,1500,0.1388
895,615,1510,0.1388
882,616,1498,0.1388
875,623,1498,0.1388
875,628,1503,0.1388
875,629,1504,0.1388
873,635,1508,0.1388
878,635,1513,0.1388
882,625,1507,0.1388
884,629,1513,0.1388
874,632,1506,0.1388
881,625,1506,0.1388
877,629,1506,0.1388
887,626,1513,0.1388
876,632,1508,0.1388
877,627,1504,0.1388
885,620,1505,0.1388
879,625,1504,0.1388
881,628,1509,0.1388
878,629,1507,0.1388
890,635,1525,0.1388
890,625,1515,0.1388
882,628,1510,0.1388
877,635,1512,0.1388
878,632,1510,0.1388
868,632,1500,0.1388
864,625,1489,0.1388
864,629,1493,0.1388
868,640,1508,0.1388
870,639,1509,0.1388
880,638,1518,0.1388
876,640,1516,0.1388
886,635,1521,0.1388
875,633,1508,0.1388
870,640,1510,0.1388
879,646,1525,0.1388
868,653,1521,0.1388
867,647,1514,0.1388
851,643,1494,0.1388
852,642,1494,0.1388
848,632,1480,0.1388
844,642,1486,0.1388
843,655,1498,0.1388
828,662,1490,0.1388
832,661,1493,0.1388
841,662,1503,0.1388
848,664,1512,0.1388
845,672,1517,0.1388
835,666,1501,0.1388
840,666,1506,0.1388
842,669,1511,0.1388
834,667,1501,0.1388
836,678,1514,0.1388
838,679,1517,0.1388
826,675,1501,0.1388
822,683,1505,0.1388
829,684,1513,0.1388
827,685,1512,0.1388
832,683,1515,0.1388
827,686,1513,0.1388
822,685,1507,0.1388
807,680,1487,0.1388
809,684,1493,0.1388
808,682,1490,0.1388
799,689,1488,0.1388
809,696,1505,0.1388
801,690,1491,0.1388
803,692,1495,0.1388
807,683,1490,0.1388
804,682,1486,0.1388
802,686,1488,0.1388
809,693,1502,0.1388
804,702,1506,0.1388
814,699,1513,0.1388
801,693,1494,0.1388
802,697,1499,0.1388
803,694,1497,0.1388
807,691,1498,0.1388
809,695,1504,0.1388
808,697,1505,0.1388
799,693,1492,0.1388
800,693,1493,0.1388
808,697,1505,0.1388
809,703,1512,0.1388
806,706,1512,0.1388
797,704,1501,0.1388
789,703,1492,0.1388
779,720,1499,0.1388
774,727,1501,0.1388
780,724,1504,0.1388
778,732,1510,0.1388
768,739,1507,0.1388
775,730,1505,0.1388
767,726,1493,0.1388
771,727,1498,0.1388
770,737,1507,0.1388
771,739,1510,0.1388
769,742,1511,0.1388
765,739,1504,0.1388
761,753,1514,0.1388
767,744,1511,0.1388
754,746,1500,0.1388
760,745,1505,0.1388
761,741,1502,0.1388
756,752,1508,0.1388
750,757,1507,0.1388
746,742,1488,0.1388
758,731,1489,0.1388
760,737,1497,0.1388
760,741,1501,0.1388
751,739,1490,0.1388
755,738,1493,0.1388
743,752,1495,0.1388
750,756,1506,0.1388
750,756,1506,0.1388
744,756,1500,0.1388
750,756,1506,0.1388
750,756,1506,0.1388
750,755,1505,0.1388
739,763,1502,0.1388
737,782,1519,0.1388
736,777,1513,0.1388
734,784,1518,0.1388
737,773,1510,0.1388
738,766,1504,0.1388
735,764,1499,0.1388
748,762,1510,0.1388
744,763,1507,0.1388
736,772,1508,0.1388
742,780,1522,0.1388
743,774,1517,0.1388
733,778,1511,0.1388
723,778,1501,0.1388
719,773,1492,0.1388
719,778,1497,0.1388
716,772,1488,0.1388
711,787,1498,0.1388
710,787,1497,0.1388
708,792,1500,0.1388
709,796,1505,0.1388
709,793,1502,0.1388
698,790,1488,0.1388
703,789,1492,0.1388
691,791,1482,0.1388
696,793,1489,0.1388
709,793,1502,0.1388
717,796,1513,0.1388
714,790,1504,0.1388
716,789,1505,0.1388
699,799,1498,0.1388
699,800,1499,0.1388
703,811,1514,0.1388
691,809,1500,0.1388
695,811,1506,0.1388
698,818,1516,0.1388
700,805,1505,0.1388
698,810,1508,0.1388
694,810,1504,0.1388
685,814,1499,0.1388
699,821,1520,0.1388
688,822,1510,0.1388
686,806,1492,0.1388
680,804,1484,0.1388
685,813,1498,0.1388
689,816,1505,0.1388
690,815,1505,0.1388
680,822,1502,0.1388
677,819,1496,0.1388
674,832,1506,0.1388
674,837,1511,0.1388
673,842,1515,0.1388
660,827,1487,0.1388
666,835,1501,0.1388
666,845,1511,0.1388
664,847,1511,0.1388
670,845,1515,0.1388
669,847,1516,0.1388
669,842,1511,0.1388
668,836,1504,0.1388
659,840,1499,0.1388
662,832,1494,0.1388
654,851,1505,0.1388
656,860,1516,0.1388
657,855,1512,0.1388
648,858,1506,0.1388
655,854,1509,0.1388
657,849,1506,0.1388
657,857,1514,0.1388
656,864,1520,0.1388
646,862,1508,0.1388
650,861,1511,0.1388
642,858,1500,0.1388
640,871,1511,0.1388
638,873,1511,0.1388
634,867,1501,0.1388
630,864,1494,0.1388
638,871,1509,0.1388
648,867,1515,0.1388
647,864,1511,0.1388
639,872,1511,0.1388
643,875,1518,0.1388
641,872,1513,0.1388
636,869,1505,0.1388
627,872,1499,0.1388
625,878,1503,0.1388
629,882,1511,0.1388
627,874,1501,0.1388
627,879,1506,0.1388
627,876,1503,0.1388
628,885,1513,0.1388
623,886,1509,0.1388
620,883,1503,0.1388
624,886,1510,0.1388
620,888,1508,0.1388
619,893,1512,0.1388
604,887,1491,0.1388
601,901,1502,0.1388
606,901,1507,0.1388
605,899,1504,0.1388
602,901,1503,0.1388
598,898,1496,0.1388
595,893,1488,0.1388
606,888,1494,0.1388
609,893,1502,0.1388
613,894,1507,0.1388
604,897,1501,0.1388
603,891,1494,0.1388
602,908,1510,0.1388
588,911,1499,0.1388
594,904,1498,0.1388
593,908,1501,0.1388
592,909,1501,0.1388
593,904,1497,0.1388
595,912,1507,0.1388
584,907,1491,0.1388
591,909,1500,0.1388
592,906,1498,0.1388
592,909,1501,0.1388
588,903,1491,0.1388
596,905,1501,0.1388
601,905,1506,0.1388
595,906,1501,0.1388
598,919,1517,0.1388
592,912,1504,0.1388
582,915,1497,0.1388
588,920,1508,0.1388
587,922,1509,0.1388
589,908,1497,0.1388
583,909,1492,0.1388
595,906,1501,0.1388
601,910,1511,0.1388
593,923,1516,0.1388
598,929,1527,0.1388
587,919,1506,0.1388
577,918,1495,0.1388
587,919,1506,0.1388
592,917,1509,0.1388
581,924,1505,0.1388
576,914,1490,0.1388
582,914,1496,0.1388
579,914,1493,0.1388
583,919,1502,0.1388
586,917,1503,0.1388
583,918,1501,0.1388
591,913,1504,0.1388
588,917,1505,0.1388
592,924,1516,0.1388
589,916,1505,0.1388
590,921,1511,0.1388
587,917,1504,0.1388
583,915,1498,0.1388
575,929,1504,0.1388
576,919,1495,0.1388
578,938,1516,0.1388
574,926,1500,0.1388
574,937,1511,0.1388
573,932,1505,0.1388
577,946,1523,0.1388
572,937,1509,0.1388
565,949,1514,0.1388
551,944,1495,0.1388
551,946,1497,0.1388
553,944,1497,0.1388
546,940,1486,0.1388
555,938,1493,0.1388
546,946,1492,0.1388
543,948,1491,0.1388
547,960,1507,0.1388
543,964,1507,0.1388
540,960,1500,0.1388
530,968,1498,0.1388
538,976,1514,0.1388
543,968,1511,0.1388
546,958,1504,0.1388
541,969,1510,0.1388
542,948,1490,0.1388
547,952,1499,0.1388
538,957,1495,0.1388
535,966,1501,0.1388
538,965,1503,0.1388
535,966,1501,0.1388
532,963,1495,0.1388
530,963,1493,0.1388
528,971,1499,0.1388
526,976,1502,0.1388
528,980,1508,0.1388
525,979,1504,0.1388
519,977,1496,0.1388
524,979,1503,0.1388
523,985,1508,0.1388
516,981,1497,0.1388
514,988,1502,0.1388
511,987,1498,0.1388
512,997,1509,0.1388
517,1001,1518,0.1388
521,999,1520,0.1388
530,993,1523,0.1388
534,982,1516,0.1388
538,982,1520,0.1388
528,981,1509,0.1388
524,975,1499,0.1388
534,990,1524,0.1388
521,993,1514,0.1388
522,996,1518,0.1388
527,990,1517,0.1388
528,1000,1528,0.1388
532,990,1522,0.1388
531,981,1512,0.1388
529,985,1514,0.1388
532,990,1522,0.1388
525,994,1519,0.1388
523,997,1520,0.1388
517,995,1512,0.1388
517,993,1510,0.1388
518,984,1502,0.1388
518,981,1499,0.1388
516,974,1490,0.1388
508,982,1490,0.1388
510,985,1495,0.1388
508,985,1493,0.1388
502,986,1488,0.1388
502,984,1486,0.1388
503,1002,1505,0.1388
488,1001,1489,0.1388
492,1009,1501,0.1388
488,1010,1498,0.1388
482,1018,1500,0.1388
483,1015,1498,0.1388
481,1026,1507,0.1388
481,1030,1511,0.1388
484,1030,1514,0.1388
480,1036,1516,0.1388
476,1034,1510,0.1388
473,1039,1512,0.1388
469,1051,1520,0.1388
468,1039,1507,0.1388
469,1041,1510,0.1388
468,1050,1518,0.1388
471,1058,1529,0.1388
475,1059,1534,0.1388
469,1056,1525,0.1388
462,1056,1518,0.1388
466,1049,1515,0.1388
460,1051,1511,0.1388
462,1045,1507,0.1388
453,1047,1500,0.1388
456,1052,1508,0.1388
461,1057,1518,0.1388
461,1052,1513,0.1388
454,1050,1504,0.1388
452,1047,1499,0.1388
461,1038,1499,0.1388
461,1043,1504,0.1388
457,1045,1502,0.1388
449,1053,1502,0.1388
454,1056,1510,0.1388
457,1061,1518,0.1388
451,1051,1502,0.1388
456,1054,1510,0.1388
449,1053,1502,0.1388
449,1065,1514,0.1388
443,1053,1496,0.1388
446,1056,1502,0.1388
448,1051,1499,0.1388
440,1055,1495,0.1388
438,1054,1492,0.1388
442,1062,1504,0.1388
445,1060,1505,0.1388
443,1060,1503,0.1388
444,1074,1518,0.1388
443,1074,1517,0.1388
446,1069,1515,0.1388
443,1071,1514,0.1388
445,1064,1509,0.1388
449,1063,1512,0.1388
451,1068,1519,0.1388
449,1071,1520,0.1388
449,1067,1516,0.1388
444,1058,1502,0.1388
443,1064,1507,0.1388
434,1064,1498,0.1388
435,1070,1505,0.1388
433,1079,1512,0.1388
436,1067,1503,0.1388
435,1063,1498,0.1388
430,1068,1498,0.1388
432,1064,1496,0.1388
432,1068,1500,0.1388
430,1060,1490,0.1388
435,1070,1505,0.1388
440,1080,1520,0.1388
434,1083,1517,0.1388
430,1080,1510,0.1388
427,1090,1517,0.1388
430,1089,1519,0.1388
434,1085,1519,0.1388
430,1090,1520,0.1388
431,1085,1516,0.1388
430,1084,1514,0.1388
429,1082,1511,0.1388
431,1091,1522,0.1388
425,1094,1519,0.1388
428,1094,1522,0.1388
422,1104,1526,0.1388
415,1091,1506,0.1388
410,1093,1503,0.1388
412,1100,1512,0.1388
409,1100,1509,0.1388
403,1099,1502,0.1388
399,1103,1502,0.1388
402,1117,1519,0.1388
402,1113,1515,0.1388
394,1122,1516,0.1388
395,1117,1512,0.1388
396,1115,1511,0.1388
394,1121,1515,0.1388
395,1118,1513,0.1388
395,1119,1514,0.1388
392,1126,1518,0.1388
380,1126,1506,0.1388
385,1121,1506,0.1388
398,1121,1519,0.1388
396,1111,1507,0.1388
399,1117,1516,0.1388
401,1114,1515,0.1388
402,1105,1507,0.1388
402,1109,1511,0.1388
401,1110,1511,0.1388
398,1108,1506,0.1388
398,1112,1510,0.1388
394,1117,1511,0.1388
391,1127,1518,0.1388
384,1129,1513,0.1388
384,1141,1525,0.1388
385,1128,1513,0.1388
382,1135,1517,0.1388
390,1134,1524,0.1388
387,1141,1528,0.1388
383,1145,1528,0.1388
378,1132,1510,0.1388
378,1144,1522,0.1388
374,1147,1521,0.1388
378,1151,1529,0.1388
376,1156,1532,0.1388
378,1161,1539,0.1388
377,1152,1529,0.1388
375,1149,1524,0.1388
375,1150,1525,0.1388
379,1149,1528,0.1388
372,1149,1521,0.1388
367,1159,1526,0.1388
362,1146,1508,0.1388
360,1155,1515,0.1388
359,1152,1511,0.1388
363,1149,1512,0.1388
361,1164,1525,0.1388
358,1160,1518,0.1388
354,1165,1519,0.1388
353,1158,1511,0.1388
345,1142,1487,0.1388
347,1154,1501,0.1388
348,1158,1506,0.1388
342,1150,1492,0.1388
351,1164,1515,0.1388
350,1167,1517,0.1388
341,1163,1504,0.1388
344,1167,1511,0.1388
340,1171,1511,0.1388
342,1176,1518,0.1388
346,1167,1513,0.1388
349,1167,1516,0.1388
344,1163,1507,0.1388
340,1158,1498,0.1388
337,1155,1492,0.1388
337,1162,1499,0.1388
333,1163,1496,0.1388
329,1162,1491,0.1388
338,1183,1521,0.1388
334,1201,1535,0.1388
330,1188,1518,0.1388
326,1195,1521,0.1388
324,1185,1509,0.1388
329,1202,1531,0.1388
329,1198,1527,0.1388
326,1190,1516,0.1388
327,1177,1504,0.1388
328,1176,1504,0.1388
329,1166,1495,0.1388
323,1183,1506,0.1388
323,1176,1499,0.1388
317,1185,1502,0.1388
310,1199,1509,0.1388
313,1185,1498,0.1388
313,1197,1510,0.1388
309,1197,1506,0.1388
308,1203,1511,0.1388
313,1195,1508,0.1388
317,1184,1501,0.1388
321,1185,1506,0.1388
311,1187,1498,0.1388
309,1199,1508,0.1388
311,1211,1522,0.1388
311,1201,1512,0.1388
317,1201,1518,0.1388
316,1199,1515,0.1388
317,1203,1520,0.1388
322,1207,1529,0.1388
323,1197,1520,0.1388
321,1196,1517,0.1388
322,1194,1516,0.1388
321,1191,1512,0.1388
326,1212,1538,0.1388
328,1202,1530,0.1388
331,1201,1532,0.1388
325,1192,1517,0.1388
321,1183,1504,0.1388
313,1181,1494,0.1388
307,1198,1505,0.1388
303,1195,1498,0.1388
308,1187,1495,0.1388
308,1194,1502,0.1388
311,1189,1500,0.1388
306,1191,1497,0.1388
309,1194,1503,0.1388
310,1194,1504,0.1388
306,1199,1505,0.1388
304,1188,1492,0.1388
303,1198,1501,0.1388
307,1207,1514,0.1388
307,1214,1521,0.1388
306,1201,1507,0.1388
300,1210,1510,0.1388
299,1208,1507,0.1388
297,1204,1501,0.1388
301,1194,1495,0.1388
303,1213,1516,0.1388
306,1217,1523,0.1388
307,1212,1519,0.1388
304,1209,1513,0.1388
302,1205,1507,0.1388
306,1211,1517,0.1388
301,1214,1515,0.1388
296,1221,1517,0.1388
297,1232,1529,0.1388
297,1213,1510,0.1388
295,1222,1517,0.1388
291,1216,1507,0.1388
293,1216,1509,0.1388
292,1208,1500,0.1388
294,1209,1503,0.1388
291,1205,1496,0.1388
291,1213,1504,0.1388
283,1226,1509,0.1388
287,1218,1505,0.1388
292,1220,1512,0.1388
292,1225,1517,0.1388
292,1234,1526,0.1388
285,1226,1511,0.1388
282,1228,1510,0.1388
282,1220,1502,0.1388
276,1226,1502,0.1388
280,1224,1504,0.1388
276,1236,1512,0.1388
274,1233,1507,0.1388
272,1251,1523,0.1388
268,1256,1524,0.1388
264,1258,1522,0.1388
264,1253,1517,0.1388
260,1245,1505,0.1388
264,1240,1504,0.1388
261,1243,1504,0.1388
262,1247,1509,0.1388
260,1251,1511,0.1388
262,1252,1514,0.1388
274,1243,1517,0.1388
272,1247,1519,0.1388
281,1238,1519,0.1388
275,1240,1515,0.1388
275,1235,1510,0.1388
270,1235,1505,0.1388
276,1242,1518,0.1388
274,1250,1524,0.1388
271,1248,1519,0.1388
267,1229,1496,0.1388
272,1238,1510,0.1388
276,1242,1518,0.1388
277,1236,1513,0.1388
277,1231,1508,0.1388
274,1240,1514,0.1388
276,1237,1513,0.1388
277,1235,1512,0.1388
279,1233,1512,0.1388
269,1222,1491,0.1388
270,1215,1485,0.1388
277,1220,1497,0.1388
277,1217,1494,0.1388
271,1222,1493,0.1388
273,1231,1504,0.1388
269,1235,1504,0.1388
269,1234,1503,0.1388
270,1229,1499,0.1388
269,1240,1509,0.1388
271,1231,1502,0.1388
273,1235,1508,0.1388
267,1236,1503,0.1388
272,1239,1511,0.1388
276,1241,1517,0.1388
275,1235,1510,0.1388
277,1240,1517,0.1388
283,1247,1530,0.1388
275,1242,1517,0.1388
274,1232,1506,0.1388
273,1232,1505,0.1388
275,1235,1510,0.1388
275,1230,1505,0.1388
274,1232,1506,0.1388
270,1245,1515,0.1388
265,1242,1507,0.1388
258,1237,1495,0.1388
260,1243,1503,0.1388
257,1248,1505,0.1388
258,1244,1502,0.1388
253,1252,1505,0.1388
258,1258,1516,0.1388
257,1253,1510,0.1388
260,1239,1499,0.1388
260,1247,1507,0.1388
265,1246,1511,0.1388
261,1241,1502,0.1388
255,1239,1494,0.1388
258,1250,1508,0.1388
260,1250,1510,0.1388
263,1258,1521,0.1388
260,1250,1510,0.1388
258,1256,1514,0.1388
260,1258,1518,0.1388
261,1252,1513,0.1388
255,1246,1501,0.1388
256,1256,1512,0.1388
248,1256,1504,0.1388
244,1254,1498,0.1388
245,1260,1505,0.1388
248,1260,1508,0.1388
248,1272,1520,0.1388
245,1277,1522,0.1388
236,1273,1509,0.1388
234,1278,1512,0.1388
235,1262,1497,0.1388
241,1258,1499,0.1388
242,1263,1505,0.1388
244,1265,1509,0.1388
246,1273,1519,0.1388
245,1266,1511,0.1388
245,1268,1513,0.1388
245,1262,1507,0.1388
240,1285,1525,0.1388
239,1284,1523,0.1388
242,1268,1510,0.1388
244,1280,1524,0.1388
244,1272,1516,0.1388
245,1262,1507,0.1388
247,1256,1503,0.1388
245,1254,1499,0.1388
245,1256,1501,0.1388
249,1267,1516,0.1388
245,1281,1526,0.1388
246,1270,1516,0.1388
241,1279,1520,0.1388
239,1286,1525,0.1388
236,1279,1515,0.1388
239,1274,1513,0.1388
240,1275,1515,0.1388
239,1290,1529,0.1388
236,1287,1523,0.1388
236,1285,1521,0.1388
236,1279,1515,0.1388
236,1287,1523,0.1388
235,1287,1522,0.1388
234,1281,1515,0.1388
236,1274,1510,0.1388
234,1270,1504,0.1388
233,1280,1513,0.1388
230,1286,1516,0.1388
223,1279,1502,0.1388
229,1286,1515,0.1388
220,1305,1525,0.1388
216,1303,1519,0.1388
215,1304,1519,0.1388
215,1304,1519,0.1388
214,1305,1519,0.1388
215,1304,1519,0.1388
215,1314,1529,0.1388
216,1305,1521,0.1388
213,1305,1518,0.1388
212,1294,1506,0.1388
209,1293,1502,0.1388
208,1288,1496,0.1388
208,1300,1508,0.1388
209,1309,1518,0.1388
212,1317,1529,0.1388
214,1311,1525,0.1388
210,1303,1513,0.1388
205,1321,1526,0.1388
202,1319,1521,0.1388
196,1304,1500,0.1388
197,1303,1500,0.1388
198,1313,1511,0.1388
198,1313,1511,0.1388
197,1319,1516,0.1388
197,1318,1515,0.1388
196,1323,1519,0.1388
189,1322,1511,0.1388
186,1323,1509,0.1388
184,1323,1507,0.1388
192,1324,1516,0.1388
196,1310,1506,0.1388
195,1314,1509,0.1388
192,1311,1503,0.1388
193,1316,1509,0.1388
193,1318,1511,0.1388
192,1314,1506,0.1388
193,1322,1515,0.1388
191,1322,1513,0.1388
184,1323,1507,0.1388
180,1328,1508,0.1388
186,1310,1496,0.1388
183,1303,1486,0.1388
183,1307,1490,0.1388
179,1312,1491,0.1388
174,1322,1496,0.1388
174,1333,1507,0.1388
175,1342,1517,0.1388
173,1348,1521,0.1388
173,1348,1521,0.1388
174,1342,1516,0.1388
171,1337,1508,0.1388
173,1342,1515,0.1388
175,1353,1528,0.1388
178,1340,1518,0.1388
174,1338,1512,0.1388
172,1344,1516,0.1388
173,1339,1512,0.1388
170,1344,1514,0.1388
168,1344,1512,0.1388
165,1348,1513,0.1388
163,1348,1511,0.1388
163,1359,1522,0.1388
162,1353,1515,0.1388
162,1359,1521,0.1388
152,1371,1523,0.1388
148,1372,1520,0.1388
150,1381,1531,0.1388
150,1380,1530,0.1388
144,1373,1517,0.1388
142,1383,1525,0.1388
143,1365,1508,0.1388
144,1354,1498,0.1388
140,1359,1499,0.1388
146,1358,1504,0.1388
151,1366,1517,0.1388
156,1369,1525,0.1388
157,1362,1519,0.1388
152,1353,1505,0.1388
151,1356,1507,0.1388
145,1363,1508,0.1388
144,1368,1512,0.1388
146,1357,1503,0.1388
150,1362,1512,0.1388
146,1380,1526,0.1388
149,1373,1522,0.1388
148,1384,1532,0.1388
147,1377,1524,0.1388
143,1361,1504,0.1388
144,1357,1501,0.1388
144,1362,1506,0.1388
148,1373,1521,0.1388
146,1368,1514,0.1388
151,1369,1520,0.1388
147,1365,1512,0.1388
146,1359,1505,0.1388
151,1364,1515,0.1388
149,1359,1508,0.1388
149,1363,1512,0.1388
148,1374,1522,0.1388
149,1378,1527,0.1388
151,1373,1524,0.1388
152,1359,1511,0.1388
154,1355,1509,0.1388
151,1366,1517,0.1388
150,1346,1496,0.1388
146,1356,1502,0.1388
151,1364,1515,0.1388
152,1361,1513,0.1388
152,1362,1514,0.1388
149,1356,1505,0.1388
149,1341,1490,0.1388
152,1347,1499,0.1388
153,1356,1509,0.1388
154,1363,1517,0.1388
155,1368,1523,0.1388
153,1367,1520,0.1388
152,1349,1501,0.1388
152,1355,1507,0.1388
152,1363,1515,0.1388
148,1370,1518,0.1388
150,1359,1509,0.1388
150,1364,1514,0.1388
148,1365,1513,0.1388
150,1371,1521,0.1388
148,1354,1502,0.1388
146,1357,1503,0.1388
144,1360,1504,0.1388
146,1358,1504,0.1388
140,1359,1499,0.1388
139,1374,1513,0.1388
138,1372,1510,0.1388
137,1373,1510,0.1388
137,1362,1499,0.1388
141,1366,1507,0.1388
141,1373,1514,0.1388
137,1363,1500,0.1388
139,1367,1506,0.1388
138,1369,1507,0.1388
142,1362,1504,0.1388
139,1356,1495,0.1388
138,1360,1498,0.1388
138,1364,1502,0.1388
141,1363,1504,0.1388
143,1371,1514,0.1388
144,1368,1512,0.1388
147,1371,1518,0.1388
146,1370,1516,0.1388
142,1388,1530,0.1388
143,1393,1536,0.1388
143,1382,1525,0.1388
144,1389,1533,0.1388
146,1381,1527,0.1388
149,1378,1527,0.1388
148,1372,1520,0.1388
146,1365,1511,0.1388
146,1374,1520,0.1388
143,1376,1519,0.1388
140,1377,1517,0.1388
137,1375,1512,0.1388
135,1398,1533,0.1388
133,1393,1526,0.1388
135,1377,1512,0.1388
134,1389,1523,0.1388
133,1370,1503,0.1388
131,1371,1502,0.1388
130,1384,1514,0.1388
128,1395,1523,0.1388
125,1399,1524,0.1388
124,1394,1518,0.1388
120,1388,1508,0.1388
117,1399,1516,0.1388
115,1390,1505,0.1388
118,1398,1516,0.1388
114,1383,1497,0.1388
114,1392,1506,0.1388
112,1403,1515,0.1388
113,1407,1520,0.1388
108,1405,1513,0.1388
108,1416,1524,0.1388
105,1418,1523,0.1388
107,1417,1524,0.1388
108,1416,1524,0.1388
103,1402,1505,0.1388
103,1428,1531,0.1388
101,1427,1528,0.1388
100,1426,1526,0.1388
101,1420,1521,0.1388
101,1415,1516,0.1388
99,1408,1507,0.1388
101,1399,1500,0.1388
102,1409,1511,0.1388
104,1403,1507,0.1388
99,1409,1508,0.1388
97,1414,1511,0.1388
93,1413,1506,0.1388
93,1416,1509,0.1388
95,1425,1520,0.1388
97,1428,1525,0.1388
95,1430,1525,0.1388
95,1424,1519,0.1388
91,1420,1511,0.1388
90,1416,1506,0.1388
90,1408,1498,0.1388
92,1407,1499,0.1388
92,1404,1496,0.1388
92,1401,1493,0.1388
91,1395,1486,0.1388
93,1413,1506,0.1388
97,1408,1505,0.1388
99,1408,1507,0.1388
102,1400,1502,0.1388
103,1409,1512,0.1388
105,1404,1509,0.1388
102,1401,1503,0.1388
101,1411,1512,0.1388
102,1424,1526,0.1388
102,1425,1527,0.1388
104,1427,1531,0.1388
102,1415,1517,0.1388
101,1428,1529,0.1388
98,1427,1525,0.1388
96,1420,1516,0.1388
95,1417,1512,0.1388
95,1408,1503,0.1388
98,1416,1514,0.1388
96,1409,1505,0.1388
100,1414,1514,0.1388
99,1403,1502,0.1388
97,1410,1507,0.1388
95,1410,1505,0.1388
97,1407,1504,0.1388
99,1415,1514,0.1388
99,1417,1516,0.1388
97,1416,1513,0.1388
97,1424,1521,0.1388
101,1421,1522,0.1388
99,1418,1517,0.1388
101,1417,1518,0.1388
102,1414,1516,0.1388
104,1414,1518,0.1388
106,1409,1515,0.1388
103,1405,1508,0.1388
102,1409,1511,0.1388
102,1414,1516,0.1388
101,1415,1516,0.1388
102,1412,1514,0.1388
100,1419,1519,0.1388
100,1419,1519,0.1388
100,1421,1521,0.1388
100,1427,1527,0.1388
99,1429,1528,0.1388
95,1414,1509,0.1388
97,1421,1518,0.1388
96,1424,1520,0.1388
89,1427,1516,0.1388
90,1437,1527,0.1388
92,1446,1538,0.1388
93,1447,1540,0.1388
93,1443,1536,0.1388
92,1443,1535,0.1388
89,1449,1538,0.1388
88,1441,1529,0.1388
91,1437,1528,0.1388
88,1444,1532,0.1388
87,1432,1519,0.1388
88,1431,1519,0.1388
86,1425,1511,0.1388
88,1438,1526,0.1388
90,1428,1518,0.1388
90,1437,1527,0.1388
90,1434,1524,0.1388
86,1439,1525,0.1388
83,1437,1520,0.1388
81,1432,1513,0.1388
81,1437,1518,0.1388
81,1431,1512,0.1388
83,1425,1508,0.1388
80,1428,1508,0.1388
79,1435,1514,0.1388
77,1430,1507,0.1388
77,1429,1506,0.1388
76,1431,1507,0.1388
73,1429,1502,0.1388
74,1417,1491,0.1388
70,1434,1504,0.1388
71,1431,1502,0.1388
69,1432,1501,0.1388
71,1445,1516,0.1388
72,1451,1523,0.1388
71,1451,1522,0.1388
73,1447,1520,0.1388
73,1447,1520,0.1388
72,1446,1518,0.1388
72,1441,1513,0.1388
71,1448,1519,0.1388
69,1444,1513,0.1388
70,1446,1516,0.1388
72,1449,1521,0.1388
69,1442,1511,0.1388
68,1443,1511,0.1388
67,1451,1518,0.1388
70,1440,1510,0.1388
68,1437,1505,0.1388
68,1439,1507,0.1388
66,1448,1514,0.1388
62,1442,1504,0.1388
62,1449,1511,0.1388
61,1451,1512,0.1388
63,1450,1513,0.1388
63,1456,1519,0.1388
64,1447,1511,0.1388
62,1438,1500,0.1388
59,1453,1512,0.1388
59,1453,1512,0.1388
59,1464,1523,0.1388
60,1466,1526,0.1388
56,1468,1524,0.1388
55,1478,1533,0.1388
55,1480,1535,0.1388
55,1485,1540,0.1388
57,1473,1530,0.1388
55,1466,1521,0.1388
54,1456,1510,0.1388
52,1460,1512,0.1388
48,1459,1507,0.1388
49,1454,1503,0.1388
48,1460,1508,0.1388
49,1461,1510,0.1388
49,1469,1518,0.1388
50,1460,1510,0.1388
48,1455,1503,0.1388
48,1451,1499,0.1388
49,1450,1499,0.1388
48,1463,1511,0.1388
47,1479,1526,0.1388
47,1474,1521,0.1388
49,1472,1521,0.1388
49,1456,1505,0.1388
49,1449,1498,0.1388
50,1460,1510,0.1388
49,1470,1519,0.1388
46,1477,1523,0.1388
47,1469,1516,0.1388
48,1471,1519,0.1388
48,1468,1516,0.1388
45,1458,1503,0.1388
44,1468,1512,0.1388
41,1476,1517,0.1388
41,1476,1517,0.1388
41,1474,1515,0.1388
42,1479,1521,0.1388
41,1482,1523,0.1388
41,1481,1522,0.1388
39,1470,1509,0.1388
42,1467,1509,0.1388
42,1474,1516,0.1388
40,1475,1515,0.1388
40,1488,1528,0.1388
39,1483,1522,0.1388
39,1469,1508,0.1388
38,1469,1507,0.1388
37,1462,1499,0.1388
36,1461,1497,0.1388
35,1483,1518,0.1388
37,1477,1514,0.1388
37,1490,1527,0.1388
36,1483,1519,0.1388
34,1485,1519,0.1388
33,1485,1518,0.1388
31,1501,1532,0.1388
32,1489,1521,0.1388
34,1494,1528,0.1388
34,1487,1521,0.1388
34,1483,1517,0.1388
35,1488,1523,0.1388
36,1489,1525,0.1388
36,1470,1506,0.1388
36,1472,1508,0.1388
35,1471,1506,0.1388
32,1471,1503,0.1388
34,1486,1520,0.1388
34,1482,1516,0.1388
32,1483,1515,0.1388
32,1493,1525,0.1388
32,1499,1531,0.1388
32,1495,1527,0.1388
32,1507,1539,0.1388
33,1503,1536,0.1388
32,1490,1522,0.1388
31,1497,1528,0.1388
30,1483,1513,0.1388
32,1482,1514,0.1388
33,1483,1516,0.1388
32,1488,1520,0.1388
31,1497,1528,0.1388
31,1490,1521,0.1388
31,1481,1512,0.1388
31,1497,1528,0.1388
31,1481,1512,0.1388
32,1476,1508,0.1388
32,1474,1506,0.1388
32,1470,1502,0.1388
31,1489,1520,0.1388
30,1493,1523,0.1388
30,1485,1515,0.1388
33,1483,1516,0.1388
34,1486,1520,0.1388
32,1479,1511,0.1388
32,1471,1503,0.1388
32,1483,1515,0.1388
32,1469,1501,0.1388
29,1483,1512,0.1388
31,1477,1508,0.1388
29,1482,1511,0.1388
28,1481,1509,0.1388
30,1470,1500,0.1388
30,1473,1503,0.1388
31,1479,1510,0.1388
31,1490,1521,0.1388
31,1498,1529,0.1388
30,1507,1537,0.1388
27,1503,1530,0.1388
26,1512,1538,0.1388
25,1518,1543,0.1388
25,1509,1534,0.1388
26,1500,1526,0.1388
25,1495,1520,0.1388
27,1501,1528,0.1388
26,1491,1517,0.1388
26,1492,1518,0.1388
26,1491,1517,0.1388
27,1492,1519,0.1388
26,1506,1532,0.1388
27,1502,1529,0.1388
27,1500,1527,0.1388
26,1489,1515,0.1388
25,1498,1523,0.1388
24,1510,1534,0.1388
24,1504,1528,0.1388
24,1498,1522,0.1388
24,1490,1514,0.1388
25,1479,1504,0.1388
25,1480,1505,0.1388
24,1496,1520,0.1388
23,1491,1514,0.1388
23,1501,1524,0.1388
22,1498,1520,0.1388
22,1485,1507,0.1388
22,1484,1506,0.1388
22,1478,1500,0.1388
20,1485,1505,0.1388
21,1485,1506,0.1388
21,1490,1511,0.1388
20,1504,1524,0.1388
19,1500,1519,0.1388
20,1495,1515,0.1388
20,1485,1505,0.1388
19,1486,1505,0.1388
19,1498,1517,0.1388
19,1494,1513,0.1388
20,1494,1514,0.1388
20,1490,1510,0.1388
20,1498,1518,0.1388
21,1494,1515,0.1388
21,1496,1517,0.1388
21,1481,1502,0.1388
19,1500,1519,0.1388
19,1482,1501,0.1388
21,1480,1501,0.1388
21,1489,1510,0.1388
22,1481,1503,0.1388
22,1503,1525,0.1388
23,1510,1533,0.1388
22,1501,1523,0.1388
22,1499,1521,0.1388
21,1483,1504,0.1388
22,1498,1520,0.1388
21,1483,1504,0.1388
20,1495,1515,0.1388
19,1491,1510,0.1388
20,1484,1504,0.1388
20,1483,1503,0.1388
20,1478,1498,0.1388
20,1478,1498,0.1388
20,1480,1500,0.1388
21,1485,1506,0.1388
21,1490,1511,0.1388
22,1478,1500,0.1388
22,1490,1512,0.1388
24,1489,1513,0.1388
24,1480,1504,0.1388
22,1493,1515,0.1388
24,1497,1521,0.1388
24,1497,1521,0.1388
25,1480,1505,0.1388
22,1485,1507,0.1388
22,1485,1507,0.1388
22,1485,1507,0.1388
21,1483,1504,0.1388
22,1472,1494,0.1388
22,1489,1511,0.1388
21,1494,1515,0.1388
22,1505,1527,0.1388
21,1492,1513,0.1388
21,1481,1502,0.1388
20,1490,1510,0.1388
19,1498,1517,0.1388
21,1503,1524,0.1388
21,1501,1522,0.1388
21,1491,1512,0.1388
20,1492,1512,0.1388
20,1495,1515,0.1388
19,1477,1496,0.1388
19,1491,1510,0.1388
19,1490,1509,0.1388
19,1501,1520,0.1388
18,1502,1520,0.1388
18,1508,1526,0.1388
17,1496,1513,0.1388
18,1494,1512,0.1388
19,1484,1503,0.1388
19,1485,1504,0.1388
19,1502,1521,0.1388
18,1513,1531,0.1388
20,1505,1525,0.1388
19,1501,1520,0.1388
17,1502,1519,0.1388
17,1506,1523,0.1388
17,1506,1523,0.1388
17,1501,1518,0.1388
18,1497,1515,0.1388
17,1501,1518,0.1388
17,1501,1518,0.1388
17,1496,1513,0.1388
17,1486,1503,0.1388
17,1495,1512,0.1388
18,1514,1532,0.1388
18,1502,1520,0.1388
18,1493,1511,0.1388
18,1514,1532,0.1388
18,1509,1527,0.1388
18,1512,1530,0.1388
18,1505,1523,0.1388
19,1490,1509,0.1388
19,1501,1520,0.1388
20,1491,1511,0.1388
19,1492,1511,0.1388
16,1491,1507,0.1388
17,1500,1517,0.1388
18,1504,1522,0.1388
19,1500,1519,0.1388
19,1497,1516,0.1388
17,1491,1508,0.1388
15,1482,1497,0.1388
15,1495,1510,0.1388
17,1497,1514,0.1388
17,1497,1514,0.1388
17,1498,1515,0.1388
17,1509,1526,0.1388
17,1498,1515,0.1388
18,1501,1519,0.1388
18,1488,1506,0.1388
16,1487,1503,0.1388
15,1479,1494,0.1388
14,1490,1504,0.1388
14,1505,1519,0.1388
14,1497,1511,0.1388
14,1496,1510,0.1388
13,1500,1513,0.1388
14,1495,1509,0.1388
15,1499,1514,0.1388
15,1509,1524,0.1388
15,1511,1526,0.1388
15,1511,1526,0.1388
14,1500,1514,0.1388
13,1513,1526,0.1388
12,1518,1530,0.1388
12,1514,1526,0.1388
12,1519,1531,0.1388
12,1522,1534,0.1388
12,1523,1535,0.1388
12,1508,1520,0.1388
12,1516,1528,0.1388
12,1506,1518,0.1388
13,1508,1521,0.1388
13,1504,1517,0.1388
12,1495,1507,0.1388
12,1495,1507,0.1388
12,1502,1514,0.1388
13,1513,1526,0.1388
12,1508,1520,0.1388
13,1499,1512,0.1388
12,1501,1513,0.1388
12,1505,1517,0.1388
11,1503,1514,0.1388
11,1512,1523,0.1388
12,1506,1518,0.1388
12,1503,1515,0.1388
13,1499,1512,0.1388
14,1498,1512,0.1388
13,1493,1506,0.1388
13,1496,1509,0.1388
11,1500,1511,0.1388
11,1504,1515,0.1388
11,1495,1506,0.1388
12,1482,1494,0.1388
12,1505,1517,0.1388
12,1507,1519,0.1388
10,1504,1514,0.1388
11,1509,1520,0.1388
11,1520,1531,0.1388
11,1504,1515,0.1388
11,1497,1508,0.1388
11,1514,1525,0.1388
11,1515,1526,0.1388
11,1525,1536,0.1388
11,1507,1518,0.1388
10,1520,1530,0.1388
10,1513,1523,0.1388
9,1497,1506,0.1388
10,1505,1515,0.1388
10,1510,1520,0.1388
11,1513,1524,0.1388
11,1504,1515,0.1388
11,1489,1500,0.1388
11,1501,1512,0.1388
12,1500,1512,0.1388
13,1506,1519,0.1388
12,1515,1527,0.1388
12,1506,1518,0.1388
12,1504,1516,0.1388
13,1518,1531,0.1388
13,1510,1523,0.1388
13,1492,1505,0.1388
12,1495,1507,0.1388
12,1510,1522,0.1388
12,1503,1515,0.1388
12,1507,1519,0.1388
12,1517,1529,0.1388
12,1520,1532,0.1388
12,1517,1529,0.1388
12,1505,1517,0.1388
12,1508,1520,0.1388
12,1507,1519,0.1388
12,1510,1522,0.1388
12,1501,1513,0.1388
12,1500,1512,0.1388
13,1503,1516,0.1388
10,1511,1521,0.1388
10,1512,1522,0.1388
9,1516,1525,0.1388
10,1511,1521,0.1388
10,1518,1528,0.1388
10,1522,1532,0.1388
9,1521,1530,0.1388
9,1507,1516,0.1388
9,1505,1514,0.1388
9,1506,1515,0.1388
9,1501,1510,0.1388
9,1509,1518,0.1388
9,1494,1503,0.1388
10,1498,1508,0.1388
10,1504,1514,0.1388
10,1507,1517,0.1388
10,1512,1522,0.1388
10,1522,1532,0.1388
10,1521,1531,0.1388
10,1507,1517,0.1388
11,1518,1529,0.1388
10,1513,1523,0.1388
10,1517,1527,0.1388
10,1498,1508,0.1388
9,1492,1501,0.1388
9,1506,1515,0.1388
9,1516,1525,0.1388
9,1502,1511,0.1388
9,1496,1505,0.1388
8,1495,1503,0.1388
8,1501,1509,0.1388
8,1498,1506,0.1388
8,1511,1519,0.1388
7,1509,1516,0.1388
6,1513,1519,0.1388
6,1505,1511,0.1388
6,1507,1513,0.1388
3,1518,1521,0.1388
4,1514,1518,0.1388
4,1513,1517,0.1388
4,1509,1513,0.1388
4,1522,1526,0.1388
4,1505,1509,0.1388
4,1501,1505,0.1388
4,1508,1512,0.1388
4,1509,1513,0.1388
4,1516,1520,0.1388
4,1528,1532,0.1388
4,1522,1526,0.1388
4,1518,1522,0.1388
3,1521,1524,0.1388
4,1519,1523,0.1388
5,1522,1527,0.1388
6,1511,1517,0.1388
6,1510,1516,0.1388
6,1517,1523,0.1388
6,1509,1515,0.1388
6,1501,1507,0.1388
6,1490,1496,0.1388
6,1491,1497,0.1388
7,1497,1504,0.1388
5,1515,1520,0.1388
5,1518,1523,0.1388
5,1517,1522,0.1388
5,1497,1502,0.1388
5,1508,1513,0.1388
5,1511,1516,0.1388
5,1508,1513,0.1388
6,1514,1520,0.1388
6,1522,1528,0.1388
6,1512,1518,0.1388
5,1512,1517,0.1388
5,1511,1516,0.1388
5,1521,1526,0.1388
5,1511,1516,0.1388
4,1511,1515,0.1388
4,1518,1522,0.1388
4,1516,1520,0.1388
4,1509,1513,0.1388
4,1507,1511,0.1388
4,1508,1512,0.1388
4,1514,1518,0.1388
4,1524,1528,0.1388
5,1516,1521,0.1388
5,1510,1515,0.1388
5,1512,1517,0.1388
5,1516,1521,0.1388
5,1521,1526,0.1388
5,1507,1512,0.1388
5,1514,1519,0.1388
5,1512,1517,0.1388
5,1512,1517,0.1388
5,1503,1508,0.1388
5,1508,1513,0.1388
4,1510,1514,0.1388
4,1509,1513,0.1388
3,1505,1508,0.1388
3,1519,1522,0.1388
3,1526,1529,0.1388
3,1512,1515,0.1388
2,1509,1511,0.1388
2,1505,1507,0.1388
2,1513,1515,0.1388
2,1519,1521,0.1388
2,1517,1519,0.1388
2,1507,1509,0.1388
2,1516,1518,0.1388
2,1529,1531,0.1388
2,1536,1538,0.1388
1,1531,1532,0.1388
1,1519,1520,0.1388
1,1514,1515,0.1388
1,1518,1519,0.1388
1,1526,1527,0.1388
1,1537,1538,0.1388
1,1528,1529,0.1388
1,1504,1505,0.1388
1,1503,1504,0.1388
1,1514,1515,0.1388
1,1525,1526,0.1388
1,1523,1524,0.1388
1,1526,1527,0.1388
1,1517,1518,0.1388
1,1526,1527,0.1388
1,1516,1517,0.1388
1,1512,1513,0.1388
1,1514,1515,0.1388
1,1500,1501,0.1388
1,1508,1509,0.1388
1,1512,1513,0.1388
1,1520,1521,0.1388
0,1518,1518,0.1388
