1372,29,1401,0.1388
1406,31,1437,0.1388
1414,34,1448,0.1388
1435,34,1469,0.1388
1452,34,1486,0.1388
1462,34,1496,0.1388
1466,37,1503,0.1388
1460,36,1496,0.1388
1468,37,1505,0.1388
1454,38,1492,0.1388
1455,38,1493,0.1388
1462,39,1501,0.1388
1464,40,1504,0.1388
1459,39,1498,0.1388
1444,39,1483,0.1388
1443,36,1479,0.1388
1442,37,1479,0.1388
1463,39,1502,0.1388
1459,39,1498,0.1388
1466,40,1506,0.1388
1457,38,1495,0.1388
1453,41,1494,0.1388
1444,38,1482,0.1388
1454,40,1494,0.1388
1443,41,1484,0.1388
1457,41,1498,0.1388
1450,41,1491,0.1388
1429,42,1471,0.1388
1425,43,1468,0.1388
1439,43,1482,0.1388
1435,44,1479,0.1388
1439,42,1481,0.1388
1447,41,1488,0.1388
1447,42,1489,0.1388
1446,45,1491,0.1388
1454,44,1498,0.1388
1456,45,1501,0.1388
1444,44,1488,0.1388
1446,43,1489,0.1388
1449,40,1489,0.1388
1446,40,1486,0.1388
1445,43,1488,0.1388
1444,44,1488,0.1388
1458,44,1502,0.1388
1474,45,1519,0.1388
1454,46,1500,0.1388
1453,48,1501,0.1388
1453,46,1499,0.1388
1450,43,1493,0.1388
1454,44,1498,0.1388
1444,46,1490,0.1388
1450,49,1499,0.1388
1446,46,1492,0.1388
1447,45,1492,0.1388
1453,49,1502,0.1388
1441,48,1489,0.1388
1425,48,1473,0.1388
1422,49,1471,0.1388
1421,50,1471,0.1388
1424,49,1473,0.1388
1426,52,1478,0.1388
1418,52,1470,0.1388
1420,53,1473,0.1388
1417,53,1470,0.1388
1415,54,1469,0.1388
1431,54,1485,0.1388
1437,54,1491,0.1388
1440,51,1491,0.1388
1438,52,1490,0.1388
1431,50,1481,0.1388
1439,50,1489,0.1388
1449,49,1498,0.1388
1438,49,1487,0.1388
1459,47,1506,0.1388
1462,49,1511,0.1388
1453,51,1504,0.1388
1448,53,1501,0.1388
1453,51,1504,0.1388
1442,48,1490,0.1388
1443,48,1491,0.1388
1427,48,1475,0.1388
1426,50,1476,0.1388
1425,53,1478,0.1388
1419,56,1475,0.1388
1425,57,1482,0.1388
1434,58,1492,0.1388
1432,59,1491,0.1388
1433,56,1489,0.1388
1442,59,1501,0.1388
1440,62,1502,0.1388
1442,60,1502,0.1388
1439,62,1501,0.1388
1430,64,1494,0.1388
1439,61,1500,0.1388
1425,63,1488,0.1388
1425,62,1487,0.1388
1434,60,1494,0.1388
1416,61,1477,0.1388
1429,63,1492,0.1388
1429,64,1493,0.1388
1422,68,1490,0.1388
1425,65,1490,0.1388
1427,65,1492,0.1388
1421,69,1490,0.1388
1425,68,1493,0.1388
1423,67,1490,0.1388
1417,68,1485,0.1388
1418,71,1489,0.1388
1398,73,1471,0.1388
1406,71,1477,0.1388
1404,70,1474,0.1388
1409,72,1481,0.1388
1409,69,1478,0.1388
1408,68,1476,0.1388
1419,71,1490,0.1388
1414,71,1485,0.1388
1419,69,1488,0.1388
1419,70,1489,0.1388
1425,70,1495,0.1388
1421,73,1494,0.1388
1431,74,1505,0.1388
1437,74,1511,0.1388
1432,71,1503,0.1388
1435,71,1506,0.1388
1429,73,1502,0.1388
1412,73,1485,0.1388
1409,74,1483,0.1388
1419,76,1495,0.1388
1421,77,1498,0.1388
1419,75,1494,0.1388
1426,74,1500,0.1388
1421,77,1498,0.1388
1418,77,1495,0.1388
1424,79,1503,0.1388
1415,78,1493,0.1388
1401,75,1476,0.1388
1394,78,1472,0.1388
1409,81,1490,0.1388
1403,83,1486,0.1388
1401,84,1485,0.1388
1412,82,1494,0.1388
1410,80,1490,0.1388
1412,86,1498,0.1388
1412,86,1498,0.1388
1418,88,1506,0.1388
1407,90,1497,0.1388
1414,91,1505,0.1388
1419,90,1509,0.1388
1418,90,1508,0.1388
1419,91,1510,0.1388
1401,89,1490,0.1388
1409,92,1501,0.1388
1396,97,1493,0.1388
1404,100,1504,0.1388
1393,101,1494,0.1388
1390,104,1494,0.1388
1394,103,1497,0.1388
1389,103,1492,0.1388
1377,107,1484,0.1388
1379,108,1487,0.1388
1378,110,1488,0.1388
1383,107,1490,0.1388
1378,104,1482,0.1388
1380,109,1489,0.1388
1367,108,1475,0.1388
1367,111,1478,0.1388
1373,110,1483,0.1388
1365,113,1478,0.1388
1373,111,1484,0.1388
1378,109,1487,0.1388
1375,111,1486,0.1388
1375,113,1488,0.1388
1383,115,1498,0.1388
1379,116,1495,0.1388
1381,119,1500,0.1388
1368,121,1489,0.1388
1365,122,1487,0.1388
1373,123,1496,0.1388
1377,123,1500,0.1388
1368,125,1493,0.1388
1363,126,1489,0.1388
1365,128,1493,0.1388
1362,126,1488,0.1388
1368,130,1498,0.1388
1366,129,1495,0.1388
1375,126,1501,0.1388
1369,125,1494,0.1388
1365,128,1493,0.1388
1357,130,1487,0.1388
1367,131,1498,0.1388
1369,131,1500,0.1388
1370,128,1498,0.1388
1364,131,1495,0.1388
1372,132,1504,0.1388
1376,133,1509,0.1388
1374,135,1509,0.1388
1372,137,1509,0.1388
1372,140,1512,0.1388
1365,138,1503,0.1388
1367,142,1509,0.1388
1346,138,1484,0.1388
1344,142,1486,0.1388
1333,148,1481,0.1388
1323,152,1475,0.1388
1319,154,1473,0.1388
1330,150,1480,0.1388
1339,149,1488,0.1388
1346,147,1493,0.1388
1355,142,1497,0.1388
1345,147,1492,0.1388
1344,141,1485,0.1388
1354,145,1499,0.1388
1362,150,1512,0.1388
1352,146,1498,0.1388
1362,148,1510,0.1388
1351,145,1496,0.1388
1346,143,1489,0.1388
1347,142,1489,0.1388
1338,139,1477,0.1388
1342,140,1482,0.1388
1339,144,1483,0.1388
1344,147,1491,0.1388
1346,147,1493,0.1388
1347,149,1496,0.1388
1359,150,1509,0.1388
1351,148,1499,0.1388
1354,146,1500,0.1388
1355,148,1503,0.1388
1357,145,1502,0.1388
1351,145,1496,0.1388
1336,146,1482,0.1388
1330,144,1474,0.1388
1343,145,1488,0.1388
1356,150,1506,0.1388
1338,151,1489,0.1388
1333,148,1481,0.1388
1345,143,1488,0.1388
1349,139,1488,0.1388
1345,139,1484,0.1388
1343,142,1485,0.1388
1340,143,1483,0.1388
1348,144,1492,0.1388
1339,154,1493,0.1388
1343,153,1496,0.1388
1348,150,1498,0.1388
1356,151,1507,0.1388
1354,154,1508,0.1388
1344,155,1499,0.1388
1346,148,1494,0.1388
1347,150,1497,0.1388
1352,150,1502,0.1388
1341,153,1494,0.1388
1344,150,1494,0.1388
1340,148,1488,0.1388
1346,152,1498,0.1388
1345,153,1498,0.1388
1334,154,1488,0.1388
1333,153,1486,0.1388
1340,148,1488,0.1388
1345,149,1494,0.1388
1343,152,1495,0.1388
1338,152,1490,0.1388
1345,153,1498,0.1388
1339,152,1491,0.1388
1341,154,1495,0.1388
1336,156,1492,0.1388
1321,160,1481,0.1388
1330,160,1490,0.1388
1313,160,1473,0.1388
1310,161,1471,0.1388
1310,161,1471,0.1388
1307,165,1472,0.1388
1324,164,1488,0.1388
1326,164,1490,0.1388
1325,159,1484,0.1388
1332,159,1491,0.1388
1330,159,1489,0.1388
1326,160,1486,0.1388
1325,160,1485,0.1388
1321,162,1483,0.1388
1328,160,1488,0.1388
1331,160,1491,0.1388
1334,162,1496,0.1388
1316,161,1477,0.1388
1311,164,1475,0.1388
1313,162,1475,0.1388
1303,161,1464,0.1388
1311,161,1472,0.1388
1326,166,1492,0.1388
1340,165,1505,0.1388
1333,165,1498,0.1388
1320,163,1483,0.1388
1316,168,1484,0.1388
1318,169,1487,0.1388
1319,165,1484,0.1388
1337,162,1499,0.1388
1351,163,1514,0.1388
1339,164,1503,0.1388
1337,165,1502,0.1388
1330,165,1495,0.1388
1328,164,1492,0.1388
1325,169,1494,0.1388
1323,170,1493,0.1388
1317,169,1486,0.1388
1314,177,1491,0.1388
1317,183,1500,0.1388
1315,183,1498,0.1388
1312,183,1495,0.1388
1310,182,1492,0.1388
1316,181,1497,0.1388
1313,179,1492,0.1388
1322,179,1501,0.1388
1322,179,1501,0.1388
1318,180,1498,0.1388
1330,180,1510,0.1388
1317,176,1493,0.1388
1313,177,1490,0.1388
1321,179,1500,0.1388
1324,177,1501,0.1388
1321,176,1497,0.1388
1309,180,1489,0.1388
1304,181,1485,0.1388
1306,185,1491,0.1388
1306,190,1496,0.1388
1303,187,1490,0.1388
1294,194,1488,0.1388
1283,193,1476,0.1388
1290,192,1482,0.1388
1295,197,1492,0.1388
1306,201,1507,0.1388
1289,202,1491,0.1388
1279,203,1482,0.1388
1282,206,1488,0.1388
1285,205,1490,0.1388
1288,205,1493,0.1388
1297,201,1498,0.1388
1291,204,1495,0.1388
1293,204,1497,0.1388
1286,201,1487,0.1388
1302,206,1508,0.1388
1291,207,1498,0.1388
1281,211,1492,0.1388
1284,210,1494,0.1388
1282,216,1498,0.1388
1287,215,1502,0.1388
1293,217,1510,0.1388
1292,217,1509,0.1388
1278,218,1496,0.1388
1285,218,1503,0.1388
1278,221,1499,0.1388
1288,221,1509,0.1388
1283,224,1507,0.1388
1291,224,1515,0.1388
1286,224,1510,0.1388
1288,220,1508,0.1388
1282,221,1503,0.1388
1275,219,1494,0.1388
1270,220,1490,0.1388
1271,222,1493,0.1388
1273,222,1495,0.1388
1271,220,1491,0.1388
1271,223,1494,0.1388
1263,223,1486,0.1388
1264,228,1492,0.1388
1262,224,1486,0.1388
1258,229,1487,0.1388
1266,230,1496,0.1388
1262,230,1492,0.1388
1268,238,1506,0.1388
1281,235,1516,0.1388
1278,235,1513,0.1388
1279,234,1513,0.1388
1285,237,1522,0.1388
1292,235,1527,0.1388
1287,233,1520,0.1388
1268,235,1503,0.1388
1262,238,1500,0.1388
1266,241,1507,0.1388
1266,242,1508,0.1388
1268,245,1513,0.1388
1246,248,1494,0.1388
1251,245,1496,0.1388
1259,244,1503,0.1388
1257,246,1503,0.1388
1256,246,1502,0.1388
1242,253,1495,0.1388
1246,254,1500,0.1388
1232,260,1492,0.1388
1224,260,1484,0.1388
1218,263,1481,0.1388
1226,263,1489,0.1388
1219,258,1477,0.1388
1241,261,1502,0.1388
1235,263,1498,0.1388
1222,265,1487,0.1388
1227,264,1491,0.1388
1220,270,1490,0.1388
1223,268,1491,0.1388
1223,273,1496,0.1388
1238,277,1515,0.1388
1227,274,1501,0.1388
1232,274,1506,0.1388
1228,275,1503,0.1388
1221,266,1487,0.1388
1222,268,1490,0.1388
1221,268,1489,0.1388
1229,267,1496,0.1388
1233,269,1502,0.1388
1228,271,1499,0.1388
1225,278,1503,0.1388
1219,281,1500,0.1388
1220,278,1498,0.1388
1218,269,1487,0.1388
1230,270,1500,0.1388
1230,267,1497,0.1388
1235,267,1502,0.1388
1227,269,1496,0.1388
1221,269,1490,0.1388
1219,271,1490,0.1388
1228,269,1497,0.1388
1223,273,1496,0.1388
1227,276,1503,0.1388
1240,279,1519,0.1388
1234,275,1509,0.1388
1231,272,1503,0.1388
1238,277,1515,0.1388
1231,275,1506,0.1388
1212,280,1492,0.1388
1218,272,1490,0.1388
1216,275,1491,0.1388
1239,268,1507,0.1388
1238,266,1504,0.1388
1232,266,1498,0.1388
1224,266,1490,0.1388
1220,265,1485,0.1388
1218,271,1489,0.1388
1213,271,1484,0.1388
1197,276,1473,0.1388
1201,278,1479,0.1388
1208,274,1482,0.1388
1218,271,1489,0.1388
1222,277,1499,0.1388
1227,271,1498,0.1388
1225,275,1500,0.1388
1216,274,1490,0.1388
1214,274,1488,0.1388
1200,280,1480,0.1388
1215,283,1498,0.1388
1213,279,1492,0.1388
1202,280,1482,0.1388
1204,274,1478,0.1388
1199,272,1471,0.1388
1194,282,1476,0.1388
1177,282,1459,0.1388
1183,284,1467,0.1388
1201,279,1480,0.1388
1208,281,1489,0.1388
1213,284,1497,0.1388
1205,282,1487,0.1388
1212,280,1492,0.1388
1222,281,1503,0.1388
1230,285,1515,0.1388
1235,282,1517,0.1388
1224,279,1503,0.1388
1211,281,1492,0.1388
1223,281,1504,0.1388
1221,284,1505,0.1388
1203,285,1488,0.1388
1202,284,1486,0.1388
1209,288,1497,0.1388
1215,285,1500,0.1388
1213,284,1497,0.1388
1200,283,1483,0.1388
1208,280,1488,0.1388
1210,276,1486,0.1388
1211,283,1494,0.1388
1224,283,1507,0.1388
1213,283,1496,0.1388
1220,288,1508,0.1388
1215,287,1502,0.1388
1205,281,1486,0.1388
1209,279,1488,0.1388
1208,286,1494,0.1388
1204,287,1491,0.1388
1201,291,1492,0.1388
1205,294,1499,0.1388
1216,286,1502,0.1388
1209,283,1492,0.1388
1217,287,1504,0.1388
1224,290,1514,0.1388
1232,290,1522,0.1388
1225,290,1515,0.1388
1216,284,1500,0.1388
1200,279,1479,0.1388
1202,280,1482,0.1388
1202,278,1480,0.1388
1204,276,1480,0.1388
1192,281,1473,0.1388
1206,285,1491,0.1388
1193,289,1482,0.1388
1201,284,1485,0.1388
1197,285,1482,0.1388
1205,289,1494,0.1388
1211,288,1499,0.1388
1202,284,1486,0.1388
1206,286,1492,0.1388
1219,283,1502,0.1388
1214,281,1495,0.1388
1213,281,1494,0.1388
1218,286,1504,0.1388
1212,286,1498,0.1388
1217,284,1501,0.1388
1203,285,1488,0.1388
1210,283,1493,0.1388
1222,276,1498,0.1388
1214,285,1499,0.1388
1213,287,1500,0.1388
1215,291,1506,0.1388
1215,290,1505,0.1388
1227,291,1518,0.1388
1218,291,1509,0.1388
1219,295,1514,0.1388
1220,291,1511,0.1388
1225,288,1513,0.1388
1221,289,1510,0.1388
1224,284,1508,0.1388
1210,293,1503,0.1388
1201,291,1492,0.1388
1201,291,1492,0.1388
1213,291,1504,0.1388
1211,288,1499,0.1388
1210,291,1501,0.1388
1217,295,1512,0.1388
1219,297,1516,0.1388
1200,293,1493,0.1388
1199,294,1493,0.1388
1208,291,1499,0.1388
1210,292,1502,0.1388
1213,296,1509,0.1388
1215,292,1507,0.1388
1214,285,1499,0.1388
1217,289,1506,0.1388
1226,281,1507,0.1388
1219,287,1506,0.1388
1218,288,1506,0.1388
1223,292,1515,0.1388
1227,290,1517,0.1388
1233,292,1525,0.1388
1223,299,1522,0.1388
1222,304,1526,0.1388
1215,305,1520,0.1388
1205,310,1515,0.1388
1200,305,1505,0.1388
1189,303,1492,0.1388
1201,306,1507,0.1388
1197,305,1502,0.1388
1199,311,1510,0.1388
1200,311,1511,0.1388
1190,308,1498,0.1388
1191,312,1503,0.1388
1191,308,1499,0.1388
1199,306,1505,0.1388
1183,307,1490,0.1388
1184,305,1489,0.1388
1185,297,1482,0.1388
1192,301,1493,0.1388
1194,303,1497,0.1388
1181,302,1483,0.1388
1176,302,1478,0.1388
1186,302,1488,0.1388
1180,301,1481,0.1388
1183,297,1480,0.1388
1191,303,1494,0.1388
1208,300,1508,0.1388
1203,296,1499,0.1388
1200,299,1499,0.1388
1190,303,1493,0.1388
1193,304,1497,0.1388
1190,303,1493,0.1388
1205,307,1512,0.1388
1191,305,1496,0.1388
1193,308,1501,0.1388
1195,307,1502,0.1388
1194,307,1501,0.1388
1191,311,1502,0.1388
1180,311,1491,0.1388
1177,306,1483,0.1388
1181,309,1490,0.1388
1184,301,1485,0.1388
1196,303,1499,0.1388
1201,303,1504,0.1388
1206,304,1510,0.1388
1204,298,1502,0.1388
1207,308,1515,0.1388
1211,307,1518,0.1388
1188,303,1491,0.1388
1191,306,1497,0.1388
1180,303,1483,0.1388
1189,306,1495,0.1388
1185,304,1489,0.1388
1187,296,1483,0.1388
1186,303,1489,0.1388
1176,309,1485,0.1388
1172,311,1483,0.1388
1182,310,1492,0.1388
1187,310,1497,0.1388
1177,310,1487,0.1388
1168,308,1476,0.1388
1186,312,1498,0.1388
1183,317,1500,0.1388
1178,314,1492,0.1388
1181,318,1499,0.1388
1176,318,1494,0.1388
1172,322,1494,0.1388
1170,323,1493,0.1388
1174,321,1495,0.1388
1171,324,1495,0.1388
1181,320,1501,0.1388
1176,317,1493,0.1388
1179,316,1495,0.1388
1180,322,1502,0.1388
1168,317,1485,0.1388
1165,320,1485,0.1388
1172,328,1500,0.1388
1170,335,1505,0.1388
1165,329,1494,0.1388
1149,317,1466,0.1388
1154,315,1469,0.1388
1157,324,1481,0.1388
1150,326,1476,0.1388
1167,327,1494,0.1388
1165,328,1493,0.1388
1161,328,1489,0.1388
1157,331,1488,0.1388
1156,335,1491,0.1388
1155,331,1486,0.1388
1152,328,1480,0.1388
1169,330,1499,0.1388
1172,332,1504,0.1388
1174,329,1503,0.1388
1172,329,1501,0.1388
1170,332,1502,0.1388
1169,333,1502,0.1388
1181,345,1526,0.1388
1166,343,1509,0.1388
1169,346,1515,0.1388
1163,344,1507,0.1388
1159,339,1498,0.1388
1152,347,1499,0.1388
1157,345,1502,0.1388
1143,350,1493,0.1388
1125,339,1464,0.1388
1128,345,1473,0.1388
1138,339,1477,0.1388
1147,338,1485,0.1388
1142,347,1489,0.1388
1149,349,1498,0.1388
1143,352,1495,0.1388
1142,357,1499,0.1388
1131,358,1489,0.1388
1130,356,1486,0.1388
1137,358,1495,0.1388
1127,357,1484,0.1388
1145,357,1502,0.1388
1144,368,1512,0.1388
1157,369,1526,0.1388
1147,373,1520,0.1388
1139,366,1505,0.1388
1142,359,1501,0.1388
1147,361,1508,0.1388
1145,356,1501,0.1388
1145,357,1502,0.1388
1126,358,1484,0.1388
1126,358,1484,0.1388
1119,360,1479,0.1388
1121,355,1476,0.1388
1132,356,1488,0.1388
1136,359,1495,0.1388
1135,365,1500,0.1388
1127,364,1491,0.1388
1136,360,1496,0.1388
1137,362,1499,0.1388
1149,364,1513,0.1388
1143,364,1507,0.1388
1149,361,1510,0.1388
1147,365,1512,0.1388
1141,367,1508,0.1388
1122,375,1497,0.1388
1124,378,1502,0.1388
1125,375,1500,0.1388
1120,378,1498,0.1388
1131,377,1508,0.1388
1123,377,1500,0.1388
1125,380,1505,0.1388
1130,375,1505,0.1388
1127,376,1503,0.1388
1135,370,1505,0.1388
1118,372,1490,0.1388
1115,368,1483,0.1388
1120,367,1487,0.1388
1112,368,1480,0.1388
1121,367,1488,0.1388
1127,366,1493,0.1388
1138,367,1505,0.1388
1139,369,1508,0.1388
1129,363,1492,0.1388
1127,365,1492,0.1388
1144,357,1501,0.1388
1144,358,1502,0.1388
1150,360,1510,0.1388
1147,358,1505,0.1388
1161,362,1523,0.1388
1150,358,1508,0.1388
1145,359,1504,0.1388
1143,366,1509,0.1388
1143,364,1507,0.1388
1142,361,1503,0.1388
1144,364,1508,0.1388
1142,370,1512,0.1388
1140,373,1513,0.1388
1141,373,1514,0.1388
1143,368,1511,0.1388
1146,367,1513,0.1388
1140,374,1514,0.1388
1136,363,1499,0.1388
1148,363,1511,0.1388
1163,362,1525,0.1388
1146,361,1507,0.1388
1151,359,1510,0.1388
1157,366,1523,0.1388
1145,364,1509,0.1388
1137,366,1503,0.1388
1126,368,1494,0.1388
1128,373,1501,0.1388
1122,375,1497,0.1388
1121,378,1499,0.1388
1122,383,1505,0.1388
1117,382,1499,0.1388
1118,384,1502,0.1388
1112,374,1486,0.1388
1117,379,1496,0.1388
1114,381,1495,0.1388
1130,380,1510,0.1388
1128,388,1516,0.1388
1119,387,1506,0.1388
1127,389,1516,0.1388
1132,387,1519,0.1388
1121,386,1507,0.1388
1115,384,1499,0.1388
1109,378,1487,0.1388
1110,380,1490,0.1388
1111,378,1489,0.1388
1110,377,1487,0.1388
1105,376,1481,0.1388
1103,389,1492,0.1388
1097,388,1485,0.1388
1100,392,1492,0.1388
1099,389,1488,0.1388
1094,390,1484,0.1388
1095,394,1489,0.1388
1079,392,1471,0.1388
1088,394,1482,0.1388
1100,396,1496,0.1388
1100,397,1497,0.1388
1097,400,1497,0.1388
1102,402,1504,0.1388
1103,399,1502,0.1388
1102,396,1498,0.1388
1099,400,1499,0.1388
1094,402,1496,0.1388
1086,405,1491,0.1388
1084,405,1489,0.1388
1080,403,1483,0.1388
1090,402,1492,0.1388
1099,406,1505,0.1388
1107,404,1511,0.1388
1111,396,1507,0.1388
1106,396,1502,0.1388
1094,398,1492,0.1388
1094,391,1485,0.1388
1089,397,1486,0.1388
1090,399,1489,0.1388
1095,410,1505,0.1388
1094,410,1504,0.1388
1082,416,1498,0.1388
1081,410,1491,0.1388
1088,414,1502,0.1388
1082,418,1500,0.1388
1070,412,1482,0.1388
1073,419,1492,0.1388
1075,417,1492,0.1388
1070,417,1487,0.1388
1075,417,1492,0.1388
1084,423,1507,0.1388
1080,425,1505,0.1388
1075,425,1500,0.1388
1065,428,1493,0.1388
1065,429,1494,0.1388
1065,430,1495,0.1388
1075,428,1503,0.1388
1065,430,1495,0.1388
1064,430,1494,0.1388
1059,437,1496,0.1388
1056,444,1500,0.1388
1067,444,1511,0.1388
1061,439,1500,0.1388
1063,445,1508,0.1388
1065,440,1505,0.1388
1066,438,1504,0.1388
1068,433,1501,0.1388
1068,436,1504,0.1388
1067,438,1505,0.1388
1071,440,1511,0.1388
1070,433,1503,0.1388
1064,434,1498,0.1388
1069,436,1505,0.1388
1061,441,1502,0.1388
1055,448,1503,0.1388
1053,447,1500,0.1388
1044,451,1495,0.1388
1045,459,1504,0.1388
1040,457,1497,0.1388
1047,458,1505,0.1388
1043,455,1498,0.1388
1032,460,1492,0.1388
1036,450,1486,0.1388
1042,452,1494,0.1388
1033,455,1488,0.1388
1042,451,1493,0.1388
1032,451,1483,0.1388
1033,455,1488,0.1388
1028,459,1487,0.1388
1040,465,1505,0.1388
1048,461,1509,0.1388
1048,457,1505,0.1388
1053,456,1509,0.1388
1051,454,1505,0.1388
1056,456,1512,0.1388
1047,459,1506,0.1388
1051,460,1511,0.1388
1035,463,1498,0.1388
1031,461,1492,0.1388
1043,467,1510,0.1388
1038,465,1503,0.1388
1038,467,1505,0.1388
1032,458,1490,0.1388
1035,459,1494,0.1388
1033,461,1494,0.1388
1032,460,1492,0.1388
1025,457,1482,0.1388
1028,464,1492,0.1388
1032,462,1494,0.1388
1025,453,1478,0.1388
1034,459,1493,0.1388
1046,453,1499,0.1388
1035,449,1484,0.1388
1043,458,1501,0.1388
1052,452,1504,0.1388
1041,447,1488,0.1388
1038,448,1486,0.1388
1045,449,1494,0.1388
1047,453,1500,0.1388
1046,446,1492,0.1388
1052,444,1496,0.1388
1066,444,1510,0.1388
1064,444,1508,0.1388
1051,448,1499,0.1388
1049,445,1494,0.1388
1058,449,1507,0.1388
1052,461,1513,0.1388
1057,449,1506,0.1388
1041,447,1488,0.1388
1042,439,1481,0.1388
1040,446,1486,0.1388
1028,450,1478,0.1388
1038,452,1490,0.1388
1035,459,1494,0.1388
1037,455,1492,0.1388
1047,457,1504,0.1388
1058,457,1515,0.1388
1048,461,1509,0.1388
1041,464,1505,0.1388
1039,463,1502,0.1388
1038,461,1499,0.1388
1037,459,1496,0.1388
1042,456,1498,0.1388
1043,453,1496,0.1388
1031,459,1490,0.1388
1036,458,1494,0.1388
1033,464,1497,0.1388
1042,459,1501,0.1388
1030,454,1484,0.1388
1025,450,1475,0.1388
1034,454,1488,0.1388
1033,453,1486,0.1388
1043,456,1499,0.1388
1049,450,1499,0.1388
1049,451,1500,0.1388
1055,464,1519,0.1388
1046,466,1512,0.1388
1051,459,1510,0.1388
1051,467,1518,0.1388
1042,471,1513,0.1388
1044,469,1513,0.1388
1049,459,1508,0.1388
1045,457,1502,0.1388
1039,462,1501,0.1388
1034,465,1499,0.1388
1043,463,1506,0.1388
1035,468,1503,0.1388
1026,463,1489,0.1388
1035,467,1502,0.1388
1044,474,1518,0.1388
1041,472,1513,0.1388
1030,477,1507,0.1388
1024,479,1503,0.1388
1027,493,1520,0.1388
1025,495,1520,0.1388
1019,490,1509,0.1388
1009,497,1506,0.1388
1011,497,1508,0.1388
1007,492,1499,0.1388
1009,489,1498,0.1388
1013,492,1505,0.1388
1016,495,1511,0.1388
1013,494,1507,0.1388
1017,499,1516,0.1388
1009,500,1509,0.1388
1005,492,1497,0.1388
1005,495,1500,0.1388
1019,503,1522,0.1388
1011,495,1506,0.1388
1004,503,1507,0.1388
999,503,1502,0.1388
997,495,1492,0.1388
1001,497,1498,0.1388
1003,502,1505,0.1388
998,502,1500,0.1388
999,496,1495,0.1388
996,500,1496,0.1388
1001,497,1498,0.1388
1001,496,1497,0.1388
1003,499,1502,0.1388
1001,506,1507,0.1388
1003,503,1506,0.1388
997,507,1504,0.1388
1001,504,1505,0.1388
1003,506,1509,0.1388
1007,494,1501,0.1388
1000,499,1499,0.1388
998,493,1491,0.1388
995,501,1496,0.1388
990,497,1487,0.1388
982,511,1493,0.1388
985,502,1487,0.1388
996,496,1492,0.1388
990,495,1485,0.1388
975,507,1482,0.1388
986,503,1489,0.1388
979,501,1480,0.1388
999,505,1504,0.1388
1010,507,1517,0.1388
1019,505,1524,0.1388
1004,508,1512,0.1388
1005,514,1519,0.1388
994,512,1506,0.1388
999,509,1508,0.1388
982,514,1496,0.1388
994,521,1515,0.1388
991,526,1517,0.1388
986,529,1515,0.1388
988,519,1507,0.1388
987,522,1509,0.1388
984,518,1502,0.1388
966,520,1486,0.1388
981,526,1507,0.1388
985,525,1510,0.1388
980,529,1509,0.1388
980,526,1506,0.1388
969,528,1497,0.1388
976,527,1503,0.1388
969,521,1490,0.1388
965,530,1495,0.1388
956,536,1492,0.1388
954,539,1493,0.1388
961,544,1505,0.1388
956,543,1499,0.1388
951,544,1495,0.1388
958,543,1501,0.1388
968,537,1505,0.1388
960,537,1497,0.1388
954,539,1493,0.1388
957,533,1490,0.1388
971,526,1497,0.1388
969,522,1491,0.1388
971,525,1496,0.1388
970,531,1501,0.1388
971,521,1492,0.1388
974,535,1509,0.1388
971,534,1505,0.1388
963,534,1497,0.1388
973,534,1507,0.1388
963,542,1505,0.1388
964,541,1505,0.1388
964,537,1501,0.1388
954,536,1490,0.1388
948,538,1486,0.1388
948,546,1494,0.1388
943,545,1488,0.1388
938,544,1482,0.1388
939,546,1485,0.1388
944,551,1495,0.1388
946,541,1487,0.1388
952,542,1494,0.1388
952,539,1491,0.1388
951,540,1491,0.1388
950,540,1490,0.1388
952,539,1491,0.1388
962,541,1503,0.1388
957,549,1506,0.1388
958,559,1517,0.1388
960,558,1518,0.1388
945,550,1495,0.1388
948,557,1505,0.1388
938,560,1498,0.1388
942,561,1503,0.1388
938,570,1508,0.1388
931,567,1498,0.1388
936,564,1500,0.1388
938,562,1500,0.1388
955,556,1511,0.1388
934,561,1495,0.1388
932,567,1499,0.1388
929,566,1495,0.1388
935,564,1499,0.1388
928,566,1494,0.1388
939,565,1504,0.1388
947,564,1511,0.1388
956,567,1523,0.1388
943,565,1508,0.1388
938,569,1507,0.1388
933,571,1504,0.1388
933,569,1502,0.1388
942,575,1517,0.1388
940,562,1502,0.1388
928,556,1484,0.1388
929,556,1485,0.1388
937,561,1498,0.1388
929,558,1487,0.1388
929,565,1494,0.1388
913,566,1479,0.1388
921,571,1492,0.1388
923,571,1494,0.1388
914,577,1491,0.1388
908,585,1493,0.1388
909,588,1497,0.1388
897,595,1492,0.1388
906,590,1496,0.1388
906,594,1500,0.1388
897,595,1492,0.1388
898,590,1488,0.1388
903,596,1499,0.1388
907,600,1507,0.1388
912,601,1513,0.1388
908,598,1506,0.1388
914,604,1518,0.1388
915,604,1519,0.1388
905,597,1502,0.1388
894,603,1497,0.1388
887,609,1496,0.1388
891,621,1512,0.1388
894,614,1508,0.1388
890,605,1495,0.1388
886,601,1487,0.1388
896,615,1511,0.1388
882,620,1502,0.1388
885,621,1506,0.1388
888,618,1506,0.1388
884,614,1498,0.1388
886,598,1484,0.1388
892,597,1489,0.1388
894,594,1488,0.1388
899,596,1495,0.1388
893,589,1482,0.1388
899,590,1489,0.1388
897,610,1507,0.1388
898,615,1513,0.1388
889,614,1503,0.1388
886,611,1497,0.1388
889,608,1497,0.1388
887,613,1500,0.1388
888,616,1504,0.1388
889,617,1506,0.1388
882,617,1499,0.1388
887,620,1507,0.1388
890,616,1506,0.1388
888,614,1502,0.1388
888,619,1507,0.1388
876,626,1502,0.1388
870,636,1506,0.1388
881,638,1519,0.1388
889,633,1522,0.1388
881,630,1511,0.1388
883,622,1505,0.1388
873,621,1494,0.1388
866,629,1495,0.1388
866,630,1496,0.1388
866,627,1493,0.1388
875,635,1510,0.1388
873,637,1510,0.1388
871,634,1505,0.1388
861,633,1494,0.1388
859,637,1496,0.1388
861,633,1494,0.1388
859,629,1488,0.1388
862,627,1489,0.1388
863,633,1496,0.1388
868,636,1504,0.1388
864,635,1499,0.1388
851,637,1488,0.1388
851,642,1493,0.1388
855,644,1499,0.1388
855,647,1502,0.1388
849,643,1492,0.1388
849,644,1493,0.1388
857,643,1500,0.1388
856,643,1499,0.1388
861,640,1501,0.1388
854,647,1501,0.1388
852,643,1495,0.1388
842,645,1487,0.1388
847,646,1493,0.1388
846,645,1491,0.1388
850,650,1500,0.1388
859,641,1500,0.1388
858,658,1516,0.1388
849,654,1503,0.1388
853,656,1509,0.1388
851,661,1512,0.1388
848,652,1500,0.1388
848,653,1501,0.1388
851,653,1504,0.1388
850,652,1502,0.1388
850,642,1492,0.1388
852,655,1507,0.1388
849,667,1516,0.1388
851,667,1518,0.1388
847,663,1510,0.1388
850,669,1519,0.1388
845,661,1506,0.1388
847,668,1515,0.1388
845,675,1520,0.1388
836,686,1522,0.1388
840,677,1517,0.1388
845,670,1515,0.1388
836,670,1506,0.1388
825,670,1495,0.1388
820,663,1483,0.1388
823,666,1489,0.1388
818,672,1490,0.1388
823,676,1499,0.1388
824,685,1509,0.1388
820,689,1509,0.1388
828,687,1515,0.1388
822,690,1512,0.1388
823,693,1516,0.1388
808,700,1508,0.1388
803,703,1506,0.1388
800,703,1503,0.1388
802,705,1507,0.1388
807,705,1512,0.1388
796,707,1503,0.1388
796,711,1507,0.1388
796,705,1501,0.1388
806,699,1505,0.1388
800,699,1499,0.1388
801,697,1498,0.1388
796,699,1495,0.1388
796,705,1501,0.1388
793,706,1499,0.1388
799,699,1498,0.1388
802,705,1507,0.1388
787,709,1496,0.1388
794,708,1502,0.1388
796,717,1513,0.1388
786,712,1498,0.1388
797,709,1506,0.1388
803,709,1512,0.1388
807,713,1520,0.1388
805,712,1517,0.1388
792,708,1500,0.1388
789,701,1490,0.1388
781,714,1495,0.1388
782,711,1493,0.1388
778,714,1492,0.1388
788,714,1502,0.1388
775,705,1480,0.1388
782,705,1487,0.1388
783,706,1489,0.1388
785,708,1493,0.1388
778,715,1493,0.1388
782,711,1493,0.1388
779,714,1493,0.1388
785,725,1510,0.1388
784,723,1507,0.1388
774,729,1503,0.1388
775,726,1501,0.1388
778,734,1512,0.1388
778,727,1505,0.1388
771,732,1503,0.1388
775,741,1516,0.1388
768,730,1498,0.1388
776,721,1497,0.1388
782,732,1514,0.1388
777,732,1509,0.1388
775,738,1513,0.1388
767,744,1511,0.1388
764,732,1496,0.1388
767,729,1496,0.1388
768,733,1501,0.1388
765,730,1495,0.1388
779,736,1515,0.1388
775,735,1510,0.1388
777,732,1509,0.1388
775,732,1507,0.1388
779,741,1520,0.1388
776,748,1524,0.1388
772,739,1511,0.1388
778,738,1516,0.1388
762,733,1495,0.1388
761,725,1486,0.1388
763,717,1480,0.1388
767,726,1493,0.1388
775,727,1502,0.1388
782,726,1508,0.1388
781,731,1512,0.1388
770,723,1493,0.1388
778,732,1510,0.1388
770,742,1512,0.1388
766,744,1510,0.1388
767,738,1505,0.1388
766,742,1508,0.1388
760,743,1503,0.1388
764,737,1501,0.1388
768,730,1498,0.1388
756,740,1496,0.1388
757,747,1504,0.1388
756,749,1505,0.1388
740,746,1486,0.1388
733,747,1480,0.1388
730,749,1479,0.1388
735,746,1481,0.1388
730,757,1487,0.1388
729,768,1497,0.1388
737,764,1501,0.1388
743,772,1515,0.1388
744,767,1511,0.1388
740,774,1514,0.1388
737,766,1503,0.1388
733,764,1497,0.1388
733,769,1502,0.1388
737,770,1507,0.1388
744,767,1511,0.1388
739,762,1501,0.1388
739,768,1507,0.1388
742,761,1503,0.1388
743,766,1509,0.1388
750,761,1511,0.1388
740,766,1506,0.1388
723,765,1488,0.1388
727,772,1499,0.1388
732,764,1496,0.1388
733,761,1494,0.1388
736,770,1506,0.1388
732,782,1514,0.1388
729,787,1516,0.1388
720,777,1497,0.1388
722,770,1492,0.1388
725,779,1504,0.1388
715,780,1495,0.1388
717,790,1507,0.1388
721,795,1516,0.1388
712,791,1503,0.1388
714,775,1489,0.1388
718,773,1491,0.1388
716,778,1494,0.1388
724,782,1506,0.1388
719,783,1502,0.1388
719,784,1503,0.1388
712,787,1499,0.1388
708,786,1494,0.1388
719,781,1500,0.1388
725,800,1525,0.1388
716,808,1524,0.1388
714,809,1523,0.1388
709,810,1519,0.1388
712,806,1518,0.1388
716,809,1525,0.1388
715,806,1521,0.1388
709,807,1516,0.1388
711,807,1518,0.1388
700,808,1508,0.1388
699,806,1505,0.1388
695,801,1496,0.1388
688,800,1488,0.1388
684,803,1487,0.1388
692,802,1494,0.1388
685,803,1488,0.1388
691,813,1504,0.1388
690,814,1504,0.1388
700,808,1508,0.1388
696,816,1512,0.1388
698,819,1517,0.1388
696,817,1513,0.1388
680,818,1498,0.1388
684,819,1503,0.1388
686,815,1501,0.1388
691,812,1503,0.1388
692,819,1511,0.1388
695,818,1513,0.1388
685,821,1506,0.1388
683,824,1507,0.1388
690,821,1511,0.1388
693,814,1507,0.1388
678,818,1496,0.1388
678,818,1496,0.1388
672,817,1489,0.1388
671,831,1502,0.1388
675,821,1496,0.1388
674,814,1488,0.1388
666,812,1478,0.1388
670,831,1501,0.1388
667,833,1500,0.1388
658,829,1487,0.1388
675,831,1506,0.1388
670,833,1503,0.1388
668,833,1501,0.1388
666,838,1504,0.1388
668,842,1510,0.1388
671,842,1513,0.1388
671,846,1517,0.1388
664,850,1514,0.1388
663,861,1524,0.1388
669,852,1521,0.1388
674,856,1530,0.1388
657,862,1519,0.1388
656,853,1509,0.1388
658,840,1498,0.1388
653,841,1494,0.1388
652,853,1505,0.1388
647,852,1499,0.1388
648,862,1510,0.1388
650,869,1519,0.1388
650,873,1523,0.1388
651,861,1512,0.1388
642,855,1497,0.1388
644,863,1507,0.1388
642,862,1504,0.1388
635,851,1486,0.1388
642,855,1497,0.1388
649,857,1506,0.1388
652,859,1511,0.1388
649,863,1512,0.1388
641,861,1502,0.1388
639,873,1512,0.1388
639,877,1516,0.1388
648,882,1530,0.1388
640,890,1530,0.1388
636,891,1527,0.1388
631,893,1524,0.1388
631,894,1525,0.1388
624,891,1515,0.1388
627,881,1508,0.1388
630,887,1517,0.1388
633,881,1514,0.1388
637,877,1514,0.1388
632,874,1506,0.1388
627,870,1497,0.1388
625,864,1489,0.1388
628,874,1502,0.1388
628,856,1484,0.1388
623,859,1482,0.1388
622,859,1481,0.1388
622,864,1486,0.1388
623,874,1497,0.1388
621,874,1495,0.1388
621,877,1498,0.1388
632,879,1511,0.1388
628,876,1504,0.1388
630,884,1514,0.1388
628,874,1502,0.1388
636,879,1515,0.1388
631,872,1503,0.1388
625,885,1510,0.1388
630,889,1519,0.1388
621,867,1488,0.1388
626,865,1491,0.1388
627,868,1495,0.1388
631,881,1512,0.1388
637,881,1518,0.1388
633,890,1523,0.1388
632,883,1515,0.1388
627,881,1508,0.1388
626,881,1507,0.1388
621,886,1507,0.1388
624,892,1516,0.1388
620,883,1503,0.1388
625,894,1519,0.1388
625,902,1527,0.1388
623,894,1517,0.1388
618,899,1517,0.1388
619,887,1506,0.1388
618,890,1508,0.1388
613,904,1517,0.1388
606,899,1505,0.1388
605,895,1500,0.1388
604,909,1513,0.1388
605,912,1517,0.1388
602,913,1515,0.1388
599,915,1514,0.1388
596,923,1519,0.1388
593,916,1509,0.1388
588,919,1507,0.1388
588,918,1506,0.1388
598,920,1518,0.1388
593,923,1516,0.1388
585,923,1508,0.1388
581,924,1505,0.1388
583,926,1509,0.1388
584,926,1510,0.1388
581,930,1511,0.1388
577,929,1506,0.1388
580,929,1509,0.1388
583,943,1526,0.1388
585,936,1521,0.1388
588,940,1528,0.1388
600,933,1533,0.1388
590,940,1530,0.1388
591,936,1527,0.1388
576,929,1505,0.1388
576,930,1506,0.1388
577,929,1506,0.1388
584,931,1515,0.1388
582,926,1508,0.1388
576,923,1499,0.1388
585,917,1502,0.1388
577,916,1493,0.1388
575,921,1496,0.1388
591,922,1513,0.1388
586,925,1511,0.1388
582,927,1509,0.1388
584,924,1508,0.1388
583,926,1509,0.1388
582,925,1507,0.1388
584,935,1519,0.1388
580,932,1512,0.1388
578,942,1520,0.1388
579,948,1527,0.1388
569,950,1519,0.1388
574,946,1520,0.1388
570,948,1518,0.1388
565,948,1513,0.1388
566,954,1520,0.1388
564,954,1518,0.1388
561,958,1519,0.1388
561,949,1510,0.1388
557,958,1515,0.1388
552,954,1506,0.1388
555,956,1511,0.1388
555,957,1512,0.1388
554,953,1507,0.1388
557,956,1513,0.1388
553,961,1514,0.1388
553,964,1517,0.1388
558,971,1529,0.1388
556,964,1520,0.1388
557,957,1514,0.1388
552,966,1518,0.1388
541,963,1504,0.1388
543,970,1513,0.1388
538,972,1510,0.1388
538,962,1500,0.1388
539,958,1497,0.1388
547,965,1512,0.1388
539,964,1503,0.1388
538,954,1492,0.1388
536,953,1489,0.1388
533,961,1494,0.1388
538,960,1498,0.1388
546,955,1501,0.1388
539,965,1504,0.1388
527,964,1491,0.1388
526,962,1488,0.1388
525,971,1496,0.1388
518,973,1491,0.1388
515,997,1512,0.1388
513,1004,1517,0.1388
511,1002,1513,0.1388
515,1000,1515,0.1388
519,993,1512,0.1388
517,989,1506,0.1388
510,982,1492,0.1388
510,983,1493,0.1388
504,997,1501,0.1388
503,990,1493,0.1388
497,996,1493,0.1388
505,998,1503,0.1388
513,998,1511,0.1388
515,1000,1515,0.1388
512,997,1509,0.1388
506,1005,1511,0.1388
507,999,1506,0.1388
509,1008,1517,0.1388
497,1014,1511,0.1388
495,1005,1500,0.1388
496,1001,1497,0.1388
492,1007,1499,0.1388
477,997,1474,0.1388
483,999,1482,0.1388
475,1011,1486,0.1388
478,1003,1481,0.1388
475,1017,1492,0.1388
486,1030,1516,0.1388
484,1029,1513,0.1388
478,1019,1497,0.1388
484,1031,1515,0.1388
477,1042,1519,0.1388
478,1033,1511,0.1388
478,1037,1515,0.1388
480,1039,1519,0.1388
481,1027,1508,0.1388
477,1030,1507,0.1388
473,1032,1505,0.1388
470,1031,1501,0.1388
470,1049,1519,0.1388
463,1048,1511,0.1388
465,1043,1508,0.1388
465,1047,1512,0.1388
462,1054,1516,0.1388
467,1045,1512,0.1388
466,1052,1518,0.1388
453,1052,1505,0.1388
447,1053,1500,0.1388
447,1056,1503,0.1388
446,1072,1518,0.1388
441,1071,1512,0.1388
437,1073,1510,0.1388
434,1071,1505,0.1388
441,1070,1511,0.1388
441,1073,1514,0.1388
440,1078,1518,0.1388
436,1076,1512,0.1388
430,1078,1508,0.1388
435,1066,1501,0.1388
433,1075,1508,0.1388
435,1077,1512,0.1388
439,1068,1507,0.1388
442,1070,1512,0.1388
445,1072,1517,0.1388
443,1072,1515,0.1388
445,1071,1516,0.1388
445,1073,1518,0.1388
438,1072,1510,0.1388
441,1069,1510,0.1388
437,1062,1499,0.1388
442,1066,1508,0.1388
445,1059,1504,0.1388
445,1063,1508,0.1388
444,1062,1506,0.1388
441,1067,1508,0.1388
440,1065,1505,0.1388
442,1061,1503,0.1388
437,1062,1499,0.1388
439,1071,1510,0.1388
442,1064,1506,0.1388
434,1075,1509,0.1388
435,1072,1507,0.1388
434,1080,1514,0.1388
441,1085,1526,0.1388
437,1081,1518,0.1388
426,1073,1499,0.1388
416,1076,1492,0.1388
413,1087,1500,0.1388
411,1100,1511,0.1388
416,1095,1511,0.1388
416,1092,1508,0.1388
417,1099,1516,0.1388
413,1096,1509,0.1388
413,1094,1507,0.1388
419,1097,1516,0.1388
421,1094,1515,0.1388
434,1084,1518,0.1388
432,1088,1520,0.1388
435,1083,1518,0.1388
431,1082,1513,0.1388
434,1081,1515,0.1388
432,1078,1510,0.1388
433,1076,1509,0.1388
436,1078,1514,0.1388
439,1087,1526,0.1388
438,1084,1522,0.1388
435,1085,1520,0.1388
438,1095,1533,0.1388
427,1083,1510,0.1388
432,1081,1513,0.1388
433,1077,1510,0.1388
428,1086,1514,0.1388
440,1082,1522,0.1388
436,1089,1525,0.1388
431,1089,1520,0.1388
417,1086,1503,0.1388
419,1092,1511,0.1388
418,1085,1503,0.1388
420,1078,1498,0.1388
421,1079,1500,0.1388
418,1096,1514,0.1388
422,1101,1523,0.1388
416,1101,1517,0.1388
419,1093,1512,0.1388
411,1097,1508,0.1388
409,1100,1509,0.1388
412,1087,1499,0.1388
404,1083,1487,0.1388
405,1094,1499,0.1388
407,1097,1504,0.1388
416,1099,1515,0.1388
410,1097,1507,0.1388
402,1090,1492,0.1388
405,1100,1505,0.1388
405,1095,1500,0.1388
403,1101,1504,0.1388
403,1106,1509,0.1388
403,1115,1518,0.1388
396,1116,1512,0.1388
390,1112,1502,0.1388
390,1112,1502,0.1388
392,1111,1503,0.1388
382,1131,1513,0.1388
385,1129,1514,0.1388
383,1133,1516,0.1388
379,1140,1519,0.1388
376,1120,1496,0.1388
369,1123,1492,0.1388
373,1131,1504,0.1388
369,1129,1498,0.1388
374,1130,1504,0.1388
383,1129,1512,0.1388
380,1130,1510,0.1388
377,1129,1506,0.1388
380,1131,1511,0.1388
376,1131,1507,0.1388
376,1137,1513,0.1388
369,1142,1511,0.1388
369,1133,1502,0.1388
372,1132,1504,0.1388
366,1140,1506,0.1388
365,1131,1496,0.1388
359,1138,1497,0.1388
361,1149,1510,0.1388
356,1146,1502,0.1388
364,1148,1512,0.1388
368,1149,1517,0.1388
367,1145,1512,0.1388
369,1142,1511,0.1388
367,1144,1511,0.1388
364,1153,1517,0.1388
369,1149,1518,0.1388
370,1144,1514,0.1388
372,1143,1515,0.1388
371,1151,1522,0.1388
366,1155,1521,0.1388
371,1150,1521,0.1388
367,1142,1509,0.1388
369,1135,1504,0.1388
363,1130,1493,0.1388
369,1138,1507,0.1388
364,1144,1508,0.1388
360,1153,1513,0.1388
350,1169,1519,0.1388
348,1162,1510,0.1388
355,1173,1528,0.1388
351,1166,1517,0.1388
356,1166,1522,0.1388
356,1167,1523,0.1388
349,1180,1529,0.1388
349,1172,1521,0.1388
345,1166,1511,0.1388
353,1176,1529,0.1388
348,1164,1512,0.1388
347,1171,1518,0.1388
349,1178,1527,0.1388
345,1176,1521,0.1388
344,1178,1522,0.1388
342,1181,1523,0.1388
338,1190,1528,0.1388
340,1190,1530,0.1388
336,1182,1518,0.1388
335,1177,1512,0.1388
340,1168,1508,0.1388
331,1179,1510,0.1388
333,1177,1510,0.1388
329,1188,1517,0.1388
329,1190,1519,0.1388
323,1178,1501,0.1388
326,1175,1501,0.1388
328,1188,1516,0.1388
322,1196,1518,0.1388
322,1183,1505,0.1388
322,1188,1510,0.1388
326,1196,1522,0.1388
322,1186,1508,0.1388
316,1193,1509,0.1388
316,1199,1515,0.1388
316,1194,1510,0.1388
314,1199,1513,0.1388
307,1193,1500,0.1388
309,1201,1510,0.1388
304,1204,1508,0.1388
299,1208,1507,0.1388
299,1208,1507,0.1388
296,1219,1515,0.1388
302,1210,1512,0.1388
303,1202,1505,0.1388
305,1208,1513,0.1388
303,1215,1518,0.1388
299,1222,1521,0.1388
300,1219,1519,0.1388
303,1215,1518,0.1388
303,1218,1521,0.1388
300,1219,1519,0.1388
297,1214,1511,0.1388
297,1208,1505,0.1388
294,1222,1516,0.1388
291,1222,1513,0.1388
296,1216,1512,0.1388
291,1220,1511,0.1388
295,1218,1513,0.1388
295,1223,1518,0.1388
296,1218,1514,0.1388
295,1220,1515,0.1388
298,1219,1517,0.1388
296,1223,1519,0.1388
294,1232,1526,0.1388
292,1226,1518,0.1388
288,1217,1505,0.1388
285,1226,1511,0.1388
283,1229,1512,0.1388
279,1219,1498,0.1388
279,1218,1497,0.1388
276,1222,1498,0.1388
274,1221,1495,0.1388
274,1217,1491,0.1388
275,1225,1500,0.1388
280,1233,1513,0.1388
281,1222,1503,0.1388
279,1226,1505,0.1388
276,1232,1508,0.1388
276,1229,1505,0.1388
281,1237,1518,0.1388
272,1229,1501,0.1388
273,1224,1497,0.1388
277,1226,1503,0.1388
279,1235,1514,0.1388
281,1231,1512,0.1388
285,1224,1509,0.1388
278,1239,1517,0.1388
283,1242,1525,0.1388
280,1243,1523,0.1388
279,1237,1516,0.1388
279,1242,1521,0.1388
281,1240,1521,0.1388
283,1246,1529,0.1388
280,1240,1520,0.1388
275,1227,1502,0.1388
276,1234,1510,0.1388
280,1242,1522,0.1388
276,1237,1513,0.1388
276,1231,1507,0.1388
279,1221,1500,0.1388
281,1231,1512,0.1388
275,1239,1514,0.1388
283,1245,1528,0.1388
277,1244,1521,0.1388
274,1242,1516,0.1388
265,1249,1514,0.1388
267,1241,1508,0.1388
270,1235,1505,0.1388
272,1241,1513,0.1388
271,1234,1505,0.1388
264,1238,1502,0.1388
267,1225,1492,0.1388
271,1243,1514,0.1388
266,1230,1496,0.1388
265,1238,1503,0.1388
264,1234,1498,0.1388
264,1243,1507,0.1388
260,1250,1510,0.1388
261,1251,1512,0.1388
262,1254,1516,0.1388
261,1270,1531,0.1388
264,1285,1549,0.1388
263,1268,1531,0.1388
254,1255,1509,0.1388
253,1252,1505,0.1388
254,1260,1514,0.1388
252,1266,1518,0.1388
254,1256,1510,0.1388
251,1259,1510,0.1388
248,1260,1508,0.1388
247,1267,1514,0.1388
251,1263,1514,0.1388
251,1257,1508,0.1388
254,1255,1509,0.1388
254,1247,1501,0.1388
252,1255,1507,0.1388
250,1259,1509,0.1388
248,1255,1503,0.1388
249,1247,1496,0.1388
249,1251,1500,0.1388
254,1250,1504,0.1388
254,1261,1515,0.1388
253,1265,1518,0.1388
249,1261,1510,0.1388
248,1277,1525,0.1388
246,1273,1519,0.1388
249,1264,1513,0.1388
244,1254,1498,0.1388
253,1261,1514,0.1388
251,1257,1508,0.1388
252,1262,1514,0.1388
255,1266,1521,0.1388
260,1251,1511,0.1388
260,1251,1511,0.1388
259,1255,1514,0.1388
255,1252,1507,0.1388
255,1249,1504,0.1388
254,1254,1508,0.1388
258,1253,1511,0.1388
259,1266,1525,0.1388
256,1264,1520,0.1388
263,1258,1521,0.1388
271,1259,1530,0.1388
268,1243,1511,0.1388
276,1230,1506,0.1388
278,1235,1513,0.1388
276,1228,1504,0.1388
277,1234,1511,0.1388
274,1242,1516,0.1388
274,1234,1508,0.1388
269,1224,1493,0.1388
271,1226,1497,0.1388
268,1233,1501,0.1388
269,1246,1515,0.1388
268,1243,1511,0.1388
263,1249,1512,0.1388
262,1259,1521,0.1388
259,1241,1500,0.1388
258,1253,1511,0.1388
254,1257,1511,0.1388
255,1261,1516,0.1388
255,1258,1513,0.1388
250,1258,1508,0.1388
246,1249,1495,0.1388
248,1253,1501,0.1388
250,1256,1506,0.1388
250,1260,1510,0.1388
250,1264,1514,0.1388
248,1257,1505,0.1388
248,1258,1506,0.1388
254,1269,1523,0.1388
254,1278,1532,0.1388
253,1274,1527,0.1388
248,1277,1525,0.1388
248,1272,1520,0.1388
245,1275,1520,0.1388
254,1279,1533,0.1388
255,1262,1517,0.1388
257,1264,1521,0.1388
255,1270,1525,0.1388
251,1278,1529,0.1388
253,1269,1522,0.1388
250,1261,1511,0.1388
250,1272,1522,0.1388
249,1279,1528,0.1388
243,1275,1518,0.1388
241,1264,1505,0.1388
246,1264,1510,0.1388
251,1262,1513,0.1388
249,1269,1518,0.1388
248,1265,1513,0.1388
239,1268,1507,0.1388
233,1262,1495,0.1388
232,1266,1498,0.1388
231,1285,1516,0.1388
231,1293,1524,0.1388
227,1289,1516,0.1388
222,1289,1511,0.1388
221,1283,1504,0.1388
223,1285,1508,0.1388
223,1277,1500,0.1388
223,1279,1502,0.1388
224,1282,1506,0.1388
221,1296,1517,0.1388
222,1295,1517,0.1388
216,1297,1513,0.1388
212,1304,1516,0.1388
211,1311,1522,0.1388
216,1314,1530,0.1388
213,1285,1498,0.1388
211,1287,1498,0.1388
207,1296,1503,0.1388
212,1295,1507,0.1388
211,1310,1521,0.1388
210,1312,1522,0.1388
209,1318,1527,0.1388
206,1326,1532,0.1388
202,1322,1524,0.1388
199,1308,1507,0.1388
197,1315,1512,0.1388
191,1317,1508,0.1388
193,1314,1507,0.1388
193,1311,1504,0.1388
189,1314,1503,0.1388
189,1323,1512,0.1388
186,1309,1495,0.1388
184,1305,1489,0.1388
180,1303,1483,0.1388
187,1315,1502,0.1388
184,1311,1495,0.1388
188,1316,1504,0.1388
187,1314,1501,0.1388
190,1319,1509,0.1388
189,1319,1508,0.1388
190,1318,1508,0.1388
195,1321,1516,0.1388
191,1316,1507,0.1388
192,1304,1496,0.1388
190,1309,1499,0.1388
192,1313,1505,0.1388
193,1326,1519,0.1388
190,1330,1520,0.1388
187,1321,1508,0.1388
190,1320,1510,0.1388
188,1326,1514,0.1388
189,1313,1502,0.1388
193,1314,1507,0.1388
192,1331,1523,0.1388
189,1332,1521,0.1388
188,1333,1521,0.1388
185,1335,1520,0.1388
187,1329,1516,0.1388
183,1336,1519,0.1388
185,1340,1525,0.1388
179,1332,1511,0.1388
177,1325,1502,0.1388
179,1319,1498,0.1388
178,1318,1496,0.1388
178,1309,1487,0.1388
178,1320,1498,0.1388
173,1332,1505,0.1388
177,1343,1520,0.1388
180,1345,1525,0.1388
180,1335,1515,0.1388
178,1334,1512,0.1388
175,1334,1509,0.1388
174,1331,1505,0.1388
173,1323,1496,0.1388
175,1334,1509,0.1388
180,1337,1517,0.1388
177,1334,1511,0.1388
180,1340,1520,0.1388
177,1343,1520,0.1388
176,1347,1523,0.1388
177,1342,1519,0.1388
178,1342,1520,0.1388
178,1355,1533,0.1388
176,1354,1530,0.1388
175,1352,1527,0.1388
174,1357,1531,0.1388
172,1350,1522,0.1388
172,1352,1524,0.1388
171,1361,1532,0.1388
167,1346,1513,0.1388
169,1351,1520,0.1388
171,1354,1525,0.1388
170,1361,1531,0.1388
166,1360,1526,0.1388
166,1351,1517,0.1388
166,1344,1510,0.1388
162,1346,1508,0.1388
161,1349,1510,0.1388
160,1346,1506,0.1388
164,1347,1511,0.1388
163,1353,1516,0.1388
162,1344,1506,0.1388
167,1337,1504,0.1388
169,1339,1508,0.1388
169,1342,1511,0.1388
170,1345,1515,0.1388
165,1338,1503,0.1388
165,1347,1512,0.1388
160,1360,1520,0.1388
163,1354,1517,0.1388
159,1358,1517,0.1388
163,1370,1533,0.1388
161,1354,1515,0.1388
161,1370,1531,0.1388
164,1368,1532,0.1388
162,1361,1523,0.1388
162,1354,1516,0.1388
158,1355,1513,0.1388
159,1355,1514,0.1388
157,1351,1508,0.1388
154,1344,1498,0.1388
153,1363,1516,0.1388
158,1346,1504,0.1388
156,1356,1512,0.1388
158,1349,1507,0.1388
154,1353,1507,0.1388
152,1359,1511,0.1388
152,1363,1515,0.1388
150,1370,1520,0.1388
151,1362,1513,0.1388
148,1366,1514,0.1388
150,1363,1513,0.1388
148,1354,1502,0.1388
154,1352,1506,0.1388
156,1363,1519,0.1388
159,1364,1523,0.1388
161,1361,1522,0.1388
160,1352,1512,0.1388
161,1343,1504,0.1388
159,1344,1503,0.1388
153,1361,1514,0.1388
158,1357,1515,0.1388
152,1358,1510,0.1388
153,1357,1510,0.1388
153,1365,1518,0.1388
154,1373,1527,0.1388
152,1372,1524,0.1388
152,1380,1532,0.1388
150,1374,1524,0.1388
154,1360,1514,0.1388
153,1354,1507,0.1388
151,1357,1508,0.1388
149,1353,1502,0.1388
151,1360,1511,0.1388
151,1369,1520,0.1388
152,1366,1518,0.1388
151,1378,1529,0.1388
150,1370,1520,0.1388
145,1375,1520,0.1388
145,1373,1518,0.1388
144,1372,1516,0.1388
147,1373,1520,0.1388
149,1369,1518,0.1388
146,1376,1522,0.1388
146,1374,1520,0.1388
147,1382,1529,0.1388
146,1373,1519,0.1388
141,1372,1513,0.1388
139,1375,1514,0.1388
138,1380,1518,0.1388
138,1388,1526,0.1388
137,1381,1518,0.1388
135,1384,1519,0.1388
132,1380,1512,0.1388
134,1389,1523,0.1388
134,1396,1530,0.1388
135,1385,1520,0.1388
131,1390,1521,0.1388
131,1386,1517,0.1388
131,1388,1519,0.1388
134,1389,1523,0.1388
134,1384,1518,0.1388
130,1376,1506,0.1388
132,1379,1511,0.1388
133,1392,1525,0.1388
128,1381,1509,0.1388
126,1389,1515,0.1388
122,1382,1504,0.1388
122,1386,1508,0.1388
122,1401,1523,0.1388
123,1399,1522,0.1388
119,1392,1511,0.1388
113,1405,1518,0.1388
109,1400,1509,0.1388
107,1398,1505,0.1388
105,1401,1506,0.1388
107,1397,1504,0.1388
109,1396,1505,0.1388
105,1406,1511,0.1388
106,1403,1509,0.1388
109,1399,1508,0.1388
108,1400,1508,0.1388
103,1404,1507,0.1388
97,1398,1495,0.1388
94,1415,1509,0.1388
96,1398,1494,0.1388
100,1404,1504,0.1388
101,1412,1513,0.1388
102,1422,1524,0.1388
100,1415,1515,0.1388
99,1415,1514,0.1388
96,1420,1516,0.1388
99,1422,1521,0.1388
98,1425,1523,0.1388
94,1424,1518,0.1388
95,1427,1522,0.1388
95,1423,1518,0.1388
96,1427,1523,0.1388
95,1435,1530,0.1388
95,1426,1521,0.1388
96,1422,1518,0.1388
93,1434,1527,0.1388
90,1417,1507,0.1388
90,1419,1509,0.1388
91,1419,1510,0.1388
91,1428,1519,0.1388
89,1424,1513,0.1388
92,1424,1516,0.1388
90,1423,1513,0.1388
94,1417,1511,0.1388
94,1430,1524,0.1388
91,1420,1511,0.1388
94,1402,1496,0.1388
94,1416,1510,0.1388
95,1415,1510,0.1388
95,1418,1513,0.1388
96,1426,1522,0.1388
92,1421,1513,0.1388
92,1433,1525,0.1388
93,1440,1533,0.1388
92,1445,1537,0.1388
89,1444,1533,0.1388
87,1433,1520,0.1388
86,1426,1512,0.1388
84,1420,1504,0.1388
84,1435,1519,0.1388
81,1445,1526,0.1388
79,1444,1523,0.1388
81,1446,1527,0.1388
81,1448,1529,0.1388
83,1456,1539,0.1388
80,1452,1532,0.1388
78,1457,1535,0.1388
79,1444,1523,0.1388
80,1438,1518,0.1388
78,1432,1510,0.1388
78,1420,1498,0.1388
79,1428,1507,0.1388
78,1428,1506,0.1388
75,1423,1498,0.1388
76,1433,1509,0.1388
75,1433,1508,0.1388
75,1435,1510,0.1388
74,1425,1499,0.1388
75,1434,1509,0.1388
74,1441,1515,0.1388
77,1436,1513,0.1388
75,1436,1511,0.1388
76,1422,1498,0.1388
72,1416,1488,0.1388
72,1427,1499,0.1388
73,1423,1496,0.1388
75,1423,1498,0.1388
76,1446,1522,0.1388
74,1438,1512,0.1388
73,1419,1492,0.1388
70,1434,1504,0.1388
71,1444,1515,0.1388
70,1450,1520,0.1388
72,1455,1527,0.1388
73,1450,1523,0.1388
72,1461,1533,0.1388
71,1453,1524,0.1388
67,1462,1529,0.1388
68,1450,1518,0.1388
66,1441,1507,0.1388
64,1451,1515,0.1388
64,1444,1508,0.1388
64,1444,1508,0.1388
65,1452,1517,0.1388
65,1445,1510,0.1388
63,1450,1513,0.1388
63,1460,1523,0.1388
61,1468,1529,0.1388
56,1472,1528,0.1388
57,1472,1529,0.1388
58,1455,1513,0.1388
58,1454,1512,0.1388
60,1455,1515,0.1388
58,1466,1524,0.1388
58,1449,1507,0.1388
57,1449,1506,0.1388
60,1449,1509,0.1388
57,1447,1504,0.1388
59,1446,1505,0.1388
59,1450,1509,0.1388
57,1462,1519,0.1388
56,1467,1523,0.1388
57,1455,1512,0.1388
53,1465,1518,0.1388
53,1440,1493,0.1388
52,1449,1501,0.1388
51,1448,1499,0.1388
51,1445,1496,0.1388
50,1456,1506,0.1388
52,1465,1517,0.1388
52,1477,1529,0.1388
53,1467,1520,0.1388
52,1463,1515,0.1388
51,1452,1503,0.1388
52,1456,1508,0.1388
51,1459,1510,0.1388
51,1462,1513,0.1388
52,1467,1519,0.1388
53,1468,1521,0.1388
53,1467,1520,0.1388
52,1472,1524,0.1388
51,1487,1538,0.1388
51,1475,1526,0.1388
53,1479,1532,0.1388
51,1478,1529,0.1388
49,1473,1522,0.1388
48,1481,1529,0.1388
48,1471,1519,0.1388
46,1460,1506,0.1388
45,1475,1520,0.1388
49,1483,1532,0.1388
48,1469,1517,0.1388
46,1456,1502,0.1388
46,1462,1508,0.1388
45,1466,1511,0.1388
46,1453,1499,0.1388
48,1456,1504,0.1388
47,1474,1521,0.1388
46,1463,1509,0.1388
45,1461,1506,0.1388
46,1456,1502,0.1388
46,1457,1503,0.1388
44,1463,1507,0.1388
41,1462,1503,0.1388
41,1472,1513,0.1388
41,1472,1513,0.1388
39,1458,1497,0.1388
39,1457,1496,0.1388
40,1471,1511,0.1388
39,1481,1520,0.1388
39,1481,1520,0.1388
40,1480,1520,0.1388
43,1476,1519,0.1388
43,1487,1530,0.1388
41,1477,1518,0.1388
39,1478,1517,0.1388
40,1484,1524,0.1388
43,1469,1512,0.1388
43,1454,1497,0.1388
43,1467,1510,0.1388
44,1471,1515,0.1388
39,1473,1512,0.1388
38,1469,1507,0.1388
38,1466,1504,0.1388
39,1458,1497,0.1388
39,1456,1495,0.1388
39,1469,1508,0.1388
38,1470,1508,0.1388
37,1482,1519,0.1388
37,1474,1511,0.1388
36,1480,1516,0.1388
35,1486,1521,0.1388
34,1476,1510,0.1388
36,1473,1509,0.1388
36,1463,1499,0.1388
37,1471,1508,0.1388
34,1493,1527,0.1388
32,1498,1530,0.1388
33,1494,1527,0.1388
33,1491,1524,0.1388
35,1497,1532,0.1388
34,1501,1535,0.1388
33,1496,1529,0.1388
32,1493,1525,0.1388
34,1490,1524,0.1388
36,1498,1534,0.1388
33,1500,1533,0.1388
31,1501,1532,0.1388
32,1484,1516,0.1388
33,1487,1520,0.1388
34,1489,1523,0.1388
33,1484,1517,0.1388
33,1476,1509,0.1388
34,1481,1515,0.1388
32,1473,1505,0.1388
31,1480,1511,0.1388
32,1478,1510,0.1388
33,1480,1513,0.1388
32,1485,1517,0.1388
33,1474,1507,0.1388
34,1471,1505,0.1388
33,1482,1515,0.1388
35,1474,1509,0.1388
35,1480,1515,0.1388
35,1480,1515,0.1388
35,1475,1510,0.1388
34,1486,1520,0.1388
34,1470,1504,0.1388
33,1465,1498,0.1388
31,1475,1506,0.1388
30,1475,1505,0.1388
30,1450,1480,0.1388
29,1467,1496,0.1388
29,1469,1498,0.1388
29,1478,1507,0.1388
30,1485,1515,0.1388
31,1489,1520,0.1388
30,1497,1527,0.1388
29,1496,1525,0.1388
30,1488,1518,0.1388
30,1485,1515,0.1388
30,1491,1521,0.1388
30,1494,1524,0.1388
30,1497,1527,0.1388
30,1505,1535,0.1388
30,1503,1533,0.1388
28,1500,1528,0.1388
29,1500,1529,0.1388
28,1489,1517,0.1388
28,1478,1506,0.1388
28,1491,1519,0.1388
28,1494,1522,0.1388
29,1494,1523,0.1388
31,1483,1514,0.1388
32,1480,1512,0.1388
32,1486,1518,0.1388
32,1479,1511,0.1388
35,1478,1513,0.1388
33,1477,1510,0.1388
33,1478,1511,0.1388
33,1482,1515,0.1388
34,1473,1507,0.1388
36,1481,1517,0.1388
35,1484,1519,0.1388
37,1488,1525,0.1388
37,1471,1508,0.1388
39,1476,1515,0.1388
38,1487,1525,0.1388
37,1488,1525,0.1388
37,1487,1524,0.1388
38,1496,1534,0.1388
39,1491,1530,0.1388
37,1475,1512,0.1388
36,1475,1511,0.1388
36,1475,1511,0.1388
35,1493,1528,0.1388
35,1489,1524,0.1388
34,1469,1503,0.1388
36,1488,1524,0.1388
35,1489,1524,0.1388
34,1485,1519,0.1388
34,1489,1523,0.1388
36,1488,1524,0.1388
35,1473,1508,0.1388
33,1481,1514,0.1388
33,1473,1506,0.1388
33,1481,1514,0.1388
35,1485,1520,0.1388
36,1480,1516,0.1388
36,1486,1522,0.1388
35,1479,1514,0.1388
36,1488,1524,0.1388
35,1477,1512,0.1388
35,1478,1513,0.1388
36,1478,1514,0.1388
36,1490,1526,0.1388
37,1493,1530,0.1388
37,1489,1526,0.1388
38,1490,1528,0.1388
40,1491,1531,0.1388
41,1493,1534,0.1388
41,1501,1542,0.1388
41,1493,1534,0.1388
40,1480,1520,0.1388
39,1489,1528,0.1388
36,1488,1524,0.1388
36,1485,1521,0.1388
38,1483,1521,0.1388
37,1491,1528,0.1388
35,1484,1519,0.1388
35,1489,1524,0.1388
34,1485,1519,0.1388
34,1470,1504,0.1388
34,1476,1510,0.1388
33,1485,1518,0.1388
34,1480,1514,0.1388
35,1475,1510,0.1388
35,1476,1511,0.1388
33,1476,1509,0.1388
33,1486,1519,0.1388
32,1475,1507,0.1388
31,1473,1504,0.1388
32,1469,1501,0.1388
32,1473,1505,0.1388
32,1474,1506,0.1388
32,1488,1520,0.1388
34,1485,1519,0.1388
36,1486,1522,0.1388
36,1484,1520,0.1388
35,1481,1516,0.1388
35,1465,1500,0.1388
35,1478,1513,0.1388
34,1486,1520,0.1388
34,1491,1525,0.1388
34,1491,1525,0.1388
34,1492,1526,0.1388
35,1492,1527,0.1388
33,1495,1528,0.1388
31,1483,1514,0.1388
30,1502,1532,0.1388
31,1501,1532,0.1388
31,1503,1534,0.1388
31,1491,1522,0.1388
30,1489,1519,0.1388
29,1483,1512,0.1388
29,1479,1508,0.1388
28,1473,1501,0.1388
28,1475,1503,0.1388
26,1477,1503,0.1388
25,1480,1505,0.1388
25,1489,1514,0.1388
27,1494,1521,0.1388
28,1501,1529,0.1388
27,1487,1514,0.1388
27,1488,1515,0.1388
27,1496,1523,0.1388
26,1506,1532,0.1388
28,1506,1534,0.1388
28,1483,1511,0.1388
27,1482,1509,0.1388
26,1473,1499,0.1388
28,1476,1504,0.1388
27,1471,1498,0.1388
25,1478,1503,0.1388
24,1477,1501,0.1388
24,1477,1501,0.1388
24,1486,1510,0.1388
24,1486,1510,0.1388
23,1493,1516,0.1388
21,1496,1517,0.1388
21,1488,1509,0.1388
21,1503,1524,0.1388
21,1491,1512,0.1388
23,1501,1524,0.1388
24,1496,1520,0.1388
24,1499,1523,0.1388
22,1505,1527,0.1388
21,1504,1525,0.1388
21,1487,1508,0.1388
22,1499,1521,0.1388
23,1495,1518,0.1388
24,1489,1513,0.1388
25,1493,1518,0.1388
27,1494,1521,0.1388
27,1484,1511,0.1388
25,1498,1523,0.1388
25,1494,1519,0.1388
24,1484,1508,0.1388
24,1491,1515,0.1388
23,1495,1518,0.1388
23,1490,1513,0.1388
22,1491,1513,0.1388
22,1488,1510,0.1388
22,1481,1503,0.1388
21,1476,1497,0.1388
22,1490,1512,0.1388
22,1498,1520,0.1388
24,1487,1511,0.1388
24,1484,1508,0.1388
24,1485,1509,0.1388
24,1482,1506,0.1388
23,1483,1506,0.1388
23,1483,1506,0.1388
24,1485,1509,0.1388
24,1504,1528,0.1388
24,1505,1529,0.1388
23,1504,1527,0.1388
23,1501,1524,0.1388
21,1481,1502,0.1388
20,1484,1504,0.1388
21,1486,1507,0.1388
20,1488,1508,0.1388
19,1488,1507,0.1388
19,1500,1519,0.1388
22,1509,1531,0.1388
21,1500,1521,0.1388
22,1490,1512,0.1388
21,1493,1514,0.1388
19,1498,1517,0.1388
19,1497,1516,0.1388
20,1481,1501,0.1388
22,1497,1519,0.1388
22,1485,1507,0.1388
21,1486,1507,0.1388
21,1489,1510,0.1388
22,1491,1513,0.1388
22,1491,1513,0.1388
23,1490,1513,0.1388
21,1490,1511,0.1388
22,1494,1516,0.1388
23,1497,1520,0.1388
23,1493,1516,0.1388
22,1492,1514,0.1388
22,1492,1514,0.1388
23,1488,1511,0.1388
24,1499,1523,0.1388
23,1490,1513,0.1388
23,1494,1517,0.1388
21,1494,1515,0.1388
20,1490,1510,0.1388
21,1489,1510,0.1388
21,1487,1508,0.1388
20,1488,1508,0.1388
21,1503,1524,0.1388
21,1500,1521,0.1388
21,1502,1523,0.1388
20,1497,1517,0.1388
20,1503,1523,0.1388
20,1516,1536,0.1388
19,1501,1520,0.1388
19,1484,1503,0.1388
19,1490,1509,0.1388
21,1493,1514,0.1388
21,1500,1521,0.1388
22,1486,1508,0.1388
22,1485,1507,0.1388
22,1478,1500,0.1388
22,1495,1517,0.1388
22,1497,1519,0.1388
21,1494,1515,0.1388
21,1499,1520,0.1388
19,1491,1510,0.1388
19,1501,1520,0.1388
16,1497,1513,0.1388
17,1510,1527,0.1388
17,1513,1530,0.1388
18,1499,1517,0.1388
19,1504,1523,0.1388
19,1491,1510,0.1388
19,1486,1505,0.1388
20,1495,1515,0.1388
20,1494,1514,0.1388
19,1491,1510,0.1388
20,1486,1506,0.1388
19,1491,1510,0.1388
19,1501,1520,0.1388
18,1505,1523,0.1388
19,1509,1528,0.1388
18,1499,1517,0.1388
18,1498,1516,0.1388
18,1515,1533,0.1388
17,1516,1533,0.1388
16,1510,1526,0.1388
16,1509,1525,0.1388
15,1509,1524,0.1388
15,1512,1527,0.1388
15,1496,1511,0.1388
16,1506,1522,0.1388
16,1508,1524,0.1388
16,1505,1521,0.1388
16,1504,1520,0.1388
14,1509,1523,0.1388
14,1505,1519,0.1388
14,1509,1523,0.1388
11,1497,1508,0.1388
11,1507,1518,0.1388
11,1508,1519,0.1388
12,1497,1509,0.1388
11,1503,1514,0.1388
10,1502,1512,0.1388
9,1510,1519,0.1388
10,1505,1515,0.1388
12,1509,1521,0.1388
10,1508,1518,0.1388
9,1512,1521,0.1388
10,1512,1522,0.1388
9,1507,1516,0.1388
9,1518,1527,0.1388
8,1501,1509,0.1388
8,1501,1509,0.1388
8,1508,1516,0.1388
8,1512,1520,0.1388
8,1517,1525,0.1388
8,1509,1517,0.1388
8,1514,1522,0.1388
8,1502,1510,0.1388
8,1505,1513,0.1388
9,1501,1510,0.1388
8,1506,1514,0.1388
8,1490,1498,0.1388
8,1503,1511,0.1388
8,1485,1493,0.1388
8,1494,1502,0.1388
8,1504,1512,0.1388
8,1495,1503,0.1388
7,1507,1514,0.1388
8,1516,1524,0.1388
8,1503,1511,0.1388
8,1498,1506,0.1388
8,1499,1507,0.1388
8,1506,1514,0.1388
8,1511,1519,0.1388
8,1523,1531,0.1388
8,1521,1529,0.1388
8,1514,1522,0.1388
8,1501,1509,0.1388
8,1500,1508,0.1388
8,1509,1517,0.1388
8,1505,1513,0.1388
8,1506,1514,0.1388
7,1495,1502,0.1388
7,1501,1508,0.1388
7,1515,1522,0.1388
6,1498,1504,0.1388
6,1509,1515,0.1388
6,1511,1517,0.1388
6,1509,1515,0.1388
6,1504,1510,0.1388
6,1499,1505,0.1388
6,1515,1521,0.1388
6,1512,1518,0.1388
6,1506,1512,0.1388
6,1515,1521,0.1388
5,1531,1536,0.1388
4,1527,1531,0.1388
4,1522,1526,0.1388
3,1519,1522,0.1388
2,1522,1524,0.1388
2,1515,1517,0.1388
2,1505,1507,0.1388
2,1501,1503,0.1388
2,1503,1505,0.1388
2,1525,1527,0.1388
2,1520,1522,0.1388
1,1524,1525,0.1388
1,1511,1512,0.1388
1,1519,1520,0.1388
1,1519,1520,0.1388
1,1510,1511,0.1388
1,1518,1519,0.1388
1,1518,1519,0.1388
1,1520,1521,0.1388
1,1522,1523,0.1388
1,1524,1525,0.1388
1,1525,1526,0.1388
1,1523,1524,0.1388
1,1530,1531,0.1388
1,1521,1522,0.1388
1,1505,1506,0.1388
1,1500,1501,0.1388
1,1508,1509,0.1388
1,1513,1514,0.1388
1,1518,1519,0.1388
1,1524,1525,0.1388
1,1528,1529,0.1388
1,1523,1524,0.1388
1,1528,1529,0.1388
1,1522,1523,0.1388
1,1517,1518,0.1388
1,1511,1512,0.1388
1,1523,1524,0.1388
1,1527,1528,0.1388
1,1523,1524,0.1388
1,1524,1525,0.1388
1,1527,1528,0.1388
1,1529,1530,0.1388
1,1518,1519,0.1388
1,1508,1509,0.1388
1,1518,1519,0.1388
1,1506,1507,0.1388
1,1507,1508,0.1388
1,1514,1515,0.1388
1,1516,1517,0.1388
1,1510,1511,0.1388
1,1515,1516,0.1388
1,1514,1515,0.1388
1,1521,1522,0.1388
1,1514,1515,0.1388
1,1510,1511,0.1388
1,1514,1515,0.1388
1,1527,1528,0.1388
1,1526,1527,0.1388
1,1524,1525,0.1388
1,1525,1526,0.1388
1,1525,1526,0.1388
0,1533,1533,0.1388
