1363,27,1390,0.1388
1392,28,1420,0.1388
1412,29,1441,0.1388
1424,31,1455,0.1388
1451,31,1482,0.1388
1455,30,1485,0.1388
1467,28,1495,0.1388
1470,30,1500,0.1388
1459,29,1488,0.1388
1464,26,1490,0.1388
1470,27,1497,0.1388
1471,27,1498,0.1388
1472,26,1498,0.1388
1470,25,1495,0.1388
1470,28,1498,0.1388
1476,30,1506,0.1388
1471,28,1499,0.1388
1461,28,1489,0.1388
1458,28,1486,0.1388
1456,28,1484,0.1388
1447,29,1476,0.1388
1445,28,1473,0.1388
1451,25,1476,0.1388
1455,27,1482,0.1388
1461,27,1488,0.1388
1464,27,1491,0.1388
1461,27,1488,0.1388
1472,27,1499,0.1388
1474,26,1500,0.1388
1480,26,1506,0.1388
1477,28,1505,0.1388
1478,29,1507,0.1388
1470,30,1500,0.1388
1468,28,1496,0.1388
1470,28,1498,0.1388
1474,26,1500,0.1388
1488,25,1513,0.1388
1481,25,1506,0.1388
1475,25,1500,0.1388
1476,25,1501,0.1388
1472,24,1496,0.1388
1484,24,1508,0.1388
1471,24,1495,0.1388
1460,24,1484,0.1388
1459,24,1483,0.1388
1459,24,1483,0.1388
1471,25,1496,0.1388
1464,29,1493,0.1388
1459,29,1488,0.1388
1456,29,1485,0.1388
1451,31,1482,0.1388
1463,31,1494,0.1388
1441,29,1470,0.1388
1457,29,1486,0.1388
1459,29,1488,0.1388
1458,30,1488,0.1388
1452,30,1482,0.1388
1446,31,1477,0.1388
1455,30,1485,0.1388
1474,28,1502,0.1388
1474,26,1500,0.1388
1481,24,1505,0.1388
1468,28,1496,0.1388
1475,26,1501,0.1388
1476,26,1502,0.1388
1478,25,1503,0.1388
1473,26,1499,0.1388
1454,25,1479,0.1388
1466,25,1491,0.1388
1465,26,1491,0.1388
1473,26,1499,0.1388
1466,27,1493,0.1388
1454,27,1481,0.1388
1466,27,1493,0.1388
1478,25,1503,0.1388
1475,26,1501,0.1388
1482,25,1507,0.1388
1480,28,1508,0.1388
1481,29,1510,0.1388
1474,29,1503,0.1388
1468,29,1497,0.1388
1473,28,1501,0.1388
1470,30,1500,0.1388
1460,31,1491,0.1388
1468,30,1498,0.1388
1466,30,1496,0.1388
1474,31,1505,0.1388
1464,32,1496,0.1388
1456,37,1493,0.1388
1458,36,1494,0.1388
1459,36,1495,0.1388
1462,35,1497,0.1388
1467,37,1504,0.1388
1457,36,1493,0.1388
1458,37,1495,0.1388
1454,37,1491,0.1388
1456,36,1492,0.1388
1449,35,1484,0.1388
1462,34,1496,0.1388
1451,35,1486,0.1388
1456,35,1491,0.1388
1447,36,1483,0.1388
1451,35,1486,0.1388
1454,36,1490,0.1388
1447,38,1485,0.1388
1447,39,1486,0.1388
1450,40,1490,0.1388
1454,38,1492,0.1388
1461,37,1498,0.1388
1458,38,1496,0.1388
1465,43,1508,0.1388
1468,43,1511,0.1388
1459,43,1502,0.1388
1457,43,1500,0.1388
1468,42,1510,0.1388
1465,43,1508,0.1388
1459,44,1503,0.1388
1461,47,1508,0.1388
1440,49,1489,0.1388
1435,51,1486,0.1388
1442,54,1496,0.1388
1450,54,1504,0.1388
1437,55,1492,0.1388
1436,57,1493,0.1388
1430,57,1487,0.1388
1439,55,1494,0.1388
1450,51,1501,0.1388
1445,49,1494,0.1388
1454,50,1504,0.1388
1444,51,1495,0.1388
1434,53,1487,0.1388
1447,53,1500,0.1388
1447,52,1499,0.1388
1448,56,1504,0.1388
1442,56,1498,0.1388
1449,55,1504,0.1388
1451,53,1504,0.1388
1444,50,1494,0.1388
1454,50,1504,0.1388
1441,53,1494,0.1388
1436,52,1488,0.1388
1434,54,1488,0.1388
1439,54,1493,0.1388
1439,57,1496,0.1388
1442,57,1499,0.1388
1442,57,1499,0.1388
1441,55,1496,0.1388
1435,54,1489,0.1388
1446,58,1504,0.1388
1441,58,1499,0.1388
1445,56,1501,0.1388
1448,53,1501,0.1388
1450,53,1503,0.1388
1444,53,1497,0.1388
1448,52,1500,0.1388
1440,53,1493,0.1388
1432,54,1486,0.1388
1459,55,1514,0.1388
1457,56,1513,0.1388
1442,56,1498,0.1388
1434,54,1488,0.1388
1437,57,1494,0.1388
1442,56,1498,0.1388
1453,55,1508,0.1388
1454,55,1509,0.1388
1455,55,1510,0.1388
1451,53,1504,0.1388
1455,50,1505,0.1388
1459,52,1511,0.1388
1455,51,1506,0.1388
1456,53,1509,0.1388
1455,54,1509,0.1388
1447,52,1499,0.1388
1436,53,1489,0.1388
1438,52,1490,0.1388
1438,54,1492,0.1388
1434,55,1489,0.1388
1457,53,1510,0.1388
1455,54,1509,0.1388
1451,56,1507,0.1388
1453,56,1509,0.1388
1443,58,1501,0.1388
1427,58,1485,0.1388
1444,57,1501,0.1388
1434,57,1491,0.1388
1435,58,1493,0.1388
1436,57,1493,0.1388
1437,60,1497,0.1388
1429,59,1488,0.1388
1432,60,1492,0.1388
1437,60,1497,0.1388
1433,61,1494,0.1388
1430,58,1488,0.1388
1429,58,1487,0.1388
1421,59,1480,0.1388
1430,59,1489,0.1388
1434,56,1490,0.1388
1447,59,1506,0.1388
1441,60,1501,0.1388
1434,62,1496,0.1388
1434,62,1496,0.1388
1429,59,1488,0.1388
1424,61,1485,0.1388
1431,61,1492,0.1388
1434,63,1497,0.1388
1428,61,1489,0.1388
1434,60,1494,0.1388
1437,58,1495,0.1388
1432,57,1489,0.1388
1440,58,1498,0.1388
1445,59,1504,0.1388
1443,60,1503,0.1388
1454,58,1512,0.1388
1449,56,1505,0.1388
1440,57,1497,0.1388
1432,55,1487,0.1388
1420,57,1477,0.1388
1436,56,1492,0.1388
1443,57,1500,0.1388
1435,55,1490,0.1388
1435,54,1489,0.1388
1430,54,1484,0.1388
1420,54,1474,0.1388
1415,54,1469,0.1388
1414,59,1473,0.1388
1420,57,1477,0.1388
1420,55,1475,0.1388
1442,55,1497,0.1388
1449,55,1504,0.1388
1444,59,1503,0.1388
1441,60,1501,0.1388
1436,60,1496,0.1388
1422,63,1485,0.1388
1423,62,1485,0.1388
1421,62,1483,0.1388
1420,62,1482,0.1388
1422,63,1485,0.1388
1415,63,1478,0.1388
1432,62,1494,0.1388
1438,64,1502,0.1388
1433,62,1495,0.1388
1442,63,1505,0.1388
1431,62,1493,0.1388
1433,63,1496,0.1388
1434,62,1496,0.1388
1431,60,1491,0.1388
1425,60,1485,0.1388
1426,62,1488,0.1388
1423,62,1485,0.1388
1420,61,1481,0.1388
1425,59,1484,0.1388
1432,60,1492,0.1388
1431,63,1494,0.1388
1430,63,1493,0.1388
1430,63,1493,0.1388
1431,63,1494,0.1388
1428,61,1489,0.1388
1406,64,1470,0.1388
1414,64,1478,0.1388
1416,64,1480,0.1388
1415,67,1482,0.1388
1421,69,1490,0.1388
1426,68,1494,0.1388
1423,70,1493,0.1388
1417,71,1488,0.1388
1414,71,1485,0.1388
1428,69,1497,0.1388
1429,72,1501,0.1388
1420,73,1493,0.1388
1424,73,1497,0.1388
1424,72,1496,0.1388
1435,72,1507,0.1388
1427,73,1500,0.1388
1420,73,1493,0.1388
1420,76,1496,0.1388
1422,75,1497,0.1388
1421,74,1495,0.1388
1426,75,1501,0.1388
1428,74,1502,0.1388
1410,75,1485,0.1388
1419,77,1496,0.1388
1414,77,1491,0.1388
1401,79,1480,0.1388
1406,78,1484,0.1388
1428,75,1503,0.1388
1415,77,1492,0.1388
1413,77,1490,0.1388
1416,75,1491,0.1388
1410,73,1483,0.1388
1415,72,1487,0.1388
1417,75,1492,0.1388
1413,74,1487,0.1388
1423,75,1498,0.1388
1435,79,1514,0.1388
1432,78,1510,0.1388
1426,77,1503,0.1388
1433,78,1511,0.1388
1425,73,1498,0.1388
1425,75,1500,0.1388
1421,73,1494,0.1388
1425,74,1499,0.1388
1430,75,1505,0.1388
1436,77,1513,0.1388
1435,78,1513,0.1388
1430,79,1509,0.1388
1416,79,1495,0.1388
1426,76,1502,0.1388
1421,78,1499,0.1388
1409,78,1487,0.1388
1416,76,1492,0.1388
1421,75,1496,0.1388
1422,78,1500,0.1388
1417,75,1492,0.1388
1417,72,1489,0.1388
1413,77,1490,0.1388
1416,78,1494,0.1388
1418,74,1492,0.1388
1413,76,1489,0.1388
1419,78,1497,0.1388
1433,77,1510,0.1388
1428,77,1505,0.1388
1429,77,1506,0.1388
1415,76,1491,0.1388
1412,78,1490,0.1388
1403,80,1483,0.1388
1404,82,1486,0.1388
1400,82,1482,0.1388
1411,85,1496,0.1388
1420,87,1507,0.1388
1414,89,1503,0.1388
1409,89,1498,0.1388
1414,86,1500,0.1388
1418,85,1503,0.1388
1410,86,1496,0.1388
1422,86,1508,0.1388
1422,86,1508,0.1388
1422,88,1510,0.1388
1423,86,1509,0.1388
1413,88,1501,0.1388
1415,86,1501,0.1388
1416,85,1501,0.1388
1417,86,1503,0.1388
1409,84,1493,0.1388
1400,86,1486,0.1388
1395,89,1484,0.1388
1394,90,1484,0.1388
1400,87,1487,0.1388
1380,97,1477,0.1388
1383,99,1482,0.1388
1370,97,1467,0.1388
1376,96,1472,0.1388
1391,97,1488,0.1388
1393,98,1491,0.1388
1399,98,1497,0.1388
1417,97,1514,0.1388
1409,99,1508,0.1388
1398,100,1498,0.1388
1405,101,1506,0.1388
1398,96,1494,0.1388
1390,94,1484,0.1388
1386,96,1482,0.1388
1386,102,1488,0.1388
1392,103,1495,0.1388
1387,100,1487,0.1388
1397,102,1499,0.1388
1412,103,1515,0.1388
1396,106,1502,0.1388
1406,107,1513,0.1388
1400,104,1504,0.1388
1406,104,1510,0.1388
1381,104,1485,0.1388
1399,102,1501,0.1388
1396,103,1499,0.1388
1372,107,1479,0.1388
1383,105,1488,0.1388
1387,104,1491,0.1388
1386,106,1492,0.1388
1376,107,1483,0.1388
1386,104,1490,0.1388
1388,109,1497,0.1388
1380,108,1488,0.1388
1381,111,1492,0.1388
1389,113,1502,0.1388
1393,113,1506,0.1388
1393,109,1502,0.1388
1407,108,1515,0.1388
1399,104,1503,0.1388
1399,104,1503,0.1388
1397,105,1502,0.1388
1405,112,1517,0.1388
1395,109,1504,0.1388
1393,109,1502,0.1388
1380,110,1490,0.1388
1375,112,1487,0.1388
1382,114,1496,0.1388
1377,114,1491,0.1388
1377,114,1491,0.1388
1381,114,1495,0.1388
1379,117,1496,0.1388
1389,117,1506,0.1388
1383,122,1505,0.1388
1391,119,1510,0.1388
1382,117,1499,0.1388
1377,119,1496,0.1388
1382,117,1499,0.1388
1377,118,1495,0.1388
1377,119,1496,0.1388
1376,122,1498,0.1388
1373,123,1496,0.1388
1382,127,1509,0.1388
1377,128,1505,0.1388
1386,130,1516,0.1388
1381,131,1512,0.1388
1373,132,1505,0.1388
1353,129,1482,0.1388
1357,131,1488,0.1388
1371,130,1501,0.1388
1376,132,1508,0.1388
1380,127,1507,0.1388
1379,130,1509,0.1388
1370,129,1499,0.1388
1374,130,1504,0.1388
1376,131,1507,0.1388
1378,129,1507,0.1388
1376,130,1506,0.1388
1373,128,1501,0.1388
1363,130,1493,0.1388
1365,128,1493,0.1388
1356,130,1486,0.1388
1363,128,1491,0.1388
1374,130,1504,0.1388
1360,132,1492,0.1388
1353,132,1485,0.1388
1360,134,1494,0.1388
1354,133,1487,0.1388
1359,132,1491,0.1388
1360,134,1494,0.1388
1361,131,1492,0.1388
1347,133,1480,0.1388
1348,134,1482,0.1388
1364,136,1500,0.1388
1355,131,1486,0.1388
1351,134,1485,0.1388
1350,132,1482,0.1388
1357,131,1488,0.1388
1356,131,1487,0.1388
1359,129,1488,0.1388
1355,132,1487,0.1388
1361,129,1490,0.1388
1348,132,1480,0.1388
1353,136,1489,0.1388
1345,136,1481,0.1388
1344,133,1477,0.1388
1345,133,1478,0.1388
1342,129,1471,0.1388
1342,134,1476,0.1388
1346,133,1479,0.1388
1355,134,1489,0.1388
1355,136,1491,0.1388
1348,129,1477,0.1388
1356,136,1492,0.1388
1350,137,1487,0.1388
1354,135,1489,0.1388
1365,139,1504,0.1388
1355,144,1499,0.1388
1363,146,1509,0.1388
1356,143,1499,0.1388
1358,146,1504,0.1388
1358,148,1506,0.1388
1356,147,1503,0.1388
1347,144,1491,0.1388
1343,144,1487,0.1388
1332,147,1479,0.1388
1337,149,1486,0.1388
1350,146,1496,0.1388
1336,144,1480,0.1388
1349,142,1491,0.1388
1352,143,1495,0.1388
1343,147,1490,0.1388
1365,146,1511,0.1388
1366,146,1512,0.1388
1353,144,1497,0.1388
1350,141,1491,0.1388
1358,141,1499,0.1388
1352,141,1493,0.1388
1349,142,1491,0.1388
1356,146,1502,0.1388
1354,148,1502,0.1388
1360,150,1510,0.1388
1366,150,1516,0.1388
1358,149,1507,0.1388
1348,153,1501,0.1388
1346,152,1498,0.1388
1346,155,1501,0.1388
1348,158,1506,0.1388
1358,156,1514,0.1388
1348,159,1507,0.1388
1354,157,1511,0.1388
1348,162,1510,0.1388
1346,159,1505,0.1388
1348,156,1504,0.1388
1342,158,1500,0.1388
1334,158,1492,0.1388
1324,157,1481,0.1388
1320,154,1474,0.1388
1322,153,1475,0.1388
1322,150,1472,0.1388
1309,153,1462,0.1388
1332,151,1483,0.1388
1321,152,1473,0.1388
1331,152,1483,0.1388
1352,150,1502,0.1388
1351,153,1504,0.1388
1351,155,1506,0.1388
1338,158,1496,0.1388
1344,153,1497,0.1388
1333,154,1487,0.1388
1332,156,1488,0.1388
1345,155,1500,0.1388
1354,159,1513,0.1388
1339,159,1498,0.1388
1337,161,1498,0.1388
1324,160,1484,0.1388
1324,157,1481,0.1388
1326,156,1482,0.1388
1333,157,1490,0.1388
1335,157,1492,0.1388
1333,161,1494,0.1388
1339,167,1506,0.1388
1325,165,1490,0.1388
1323,169,1492,0.1388
1331,167,1498,0.1388
1337,168,1505,0.1388
1314,166,1480,0.1388
1323,168,1491,0.1388
1320,168,1488,0.1388
1309,173,1482,0.1388
1312,172,1484,0.1388
1314,175,1489,0.1388
1319,179,1498,0.1388
1323,184,1507,0.1388
1325,185,1510,0.1388
1316,185,1501,0.1388
1317,187,1504,0.1388
1305,181,1486,0.1388
1309,182,1491,0.1388
1312,185,1497,0.1388
1315,185,1500,0.1388
1319,180,1499,0.1388
1318,179,1497,0.1388
1305,184,1489,0.1388
1305,183,1488,0.1388
1311,185,1496,0.1388
1309,182,1491,0.1388
1316,184,1500,0.1388
1326,185,1511,0.1388
1329,186,1515,0.1388
1331,186,1517,0.1388
1330,191,1521,0.1388
1322,193,1515,0.1388
1315,189,1504,0.1388
1316,186,1502,0.1388
1313,186,1499,0.1388
1307,185,1492,0.1388
1305,187,1492,0.1388
1312,182,1494,0.1388
1296,183,1479,0.1388
1302,187,1489,0.1388
1307,193,1500,0.1388
1306,195,1501,0.1388
1303,199,1502,0.1388
1292,200,1492,0.1388
1282,197,1479,0.1388
1267,198,1465,0.1388
1271,199,1470,0.1388
1290,201,1491,0.1388
1286,205,1491,0.1388
1277,205,1482,0.1388
1268,207,1475,0.1388
1273,207,1480,0.1388
1270,204,1474,0.1388
1274,210,1484,0.1388
1282,213,1495,0.1388
1291,218,1509,0.1388
1283,215,1498,0.1388
1277,218,1495,0.1388
1279,216,1495,0.1388
1286,215,1501,0.1388
1282,216,1498,0.1388
1283,220,1503,0.1388
1273,219,1492,0.1388
1272,219,1491,0.1388
1268,219,1487,0.1388
1262,222,1484,0.1388
1258,221,1479,0.1388
1259,221,1480,0.1388
1274,223,1497,0.1388
1265,224,1489,0.1388
1269,224,1493,0.1388
1266,222,1488,0.1388
1277,224,1501,0.1388
1291,226,1517,0.1388
1279,223,1502,0.1388
1282,227,1509,0.1388
1269,225,1494,0.1388
1265,221,1486,0.1388
1262,221,1483,0.1388
1264,224,1488,0.1388
1266,225,1491,0.1388
1267,227,1494,0.1388
1261,224,1485,0.1388
1265,223,1488,0.1388
1258,222,1480,0.1388
1256,222,1478,0.1388
1263,219,1482,0.1388
1267,219,1486,0.1388
1268,227,1495,0.1388
1270,231,1501,0.1388
1258,231,1489,0.1388
1262,237,1499,0.1388
1269,236,1505,0.1388
1262,226,1488,0.1388
1271,231,1502,0.1388
1282,232,1514,0.1388
1275,233,1508,0.1388
1276,231,1507,0.1388
1278,232,1510,0.1388
1268,233,1501,0.1388
1273,235,1508,0.1388
1276,234,1510,0.1388
1269,231,1500,0.1388
1268,234,1502,0.1388
1257,230,1487,0.1388
1252,230,1482,0.1388
1244,241,1485,0.1388
1253,244,1497,0.1388
1254,245,1499,0.1388
1236,248,1484,0.1388
1236,243,1479,0.1388
1238,244,1482,0.1388
1244,245,1489,0.1388
1251,239,1490,0.1388
1255,237,1492,0.1388
1254,242,1496,0.1388
1253,242,1495,0.1388
1257,242,1499,0.1388
1255,245,1500,0.1388
1258,242,1500,0.1388
1246,248,1494,0.1388
1246,250,1496,0.1388
1245,254,1499,0.1388
1252,250,1502,0.1388
1249,254,1503,0.1388
1242,257,1499,0.1388
1243,260,1503,0.1388
1245,262,1507,0.1388
1253,257,1510,0.1388
1244,257,1501,0.1388
1247,255,1502,0.1388
1244,247,1491,0.1388
1236,251,1487,0.1388
1236,251,1487,0.1388
1252,262,1514,0.1388
1254,257,1511,0.1388
1251,252,1503,0.1388
1235,254,1489,0.1388
1244,255,1499,0.1388
1243,257,1500,0.1388
1244,259,1503,0.1388
1245,260,1505,0.1388
1243,262,1505,0.1388
1227,259,1486,0.1388
1233,265,1498,0.1388
1211,264,1475,0.1388
1228,264,1492,0.1388
1230,265,1495,0.1388
1234,263,1497,0.1388
1238,264,1502,0.1388
1237,265,1502,0.1388
1241,263,1504,0.1388
1237,261,1498,0.1388
1236,266,1502,0.1388
1226,262,1488,0.1388
1235,261,1496,0.1388
1243,261,1504,0.1388
1246,258,1504,0.1388
1236,260,1496,0.1388
1237,260,1497,0.1388
1225,261,1486,0.1388
1218,268,1486,0.1388
1208,278,1486,0.1388
1213,279,1492,0.1388
1202,283,1485,0.1388
1209,284,1493,0.1388
1209,277,1486,0.1388
1210,279,1489,0.1388
1204,283,1487,0.1388
1205,278,1483,0.1388
1216,284,1500,0.1388
1217,283,1500,0.1388
1218,292,1510,0.1388
1214,284,1498,0.1388
1216,287,1503,0.1388
1207,290,1497,0.1388
1194,294,1488,0.1388
1192,296,1488,0.1388
1191,291,1482,0.1388
1185,289,1474,0.1388
1194,288,1482,0.1388
1193,292,1485,0.1388
1201,294,1495,0.1388
1205,299,1504,0.1388
1205,306,1511,0.1388
1207,308,1515,0.1388
1203,311,1514,0.1388
1189,315,1504,0.1388
1186,317,1503,0.1388
1186,315,1501,0.1388
1187,315,1502,0.1388
1180,309,1489,0.1388
1172,304,1476,0.1388
1176,310,1486,0.1388
1167,314,1481,0.1388
1176,314,1490,0.1388
1169,322,1491,0.1388
1174,323,1497,0.1388
1166,322,1488,0.1388
1162,323,1485,0.1388
1160,328,1488,0.1388
1159,323,1482,0.1388
1156,326,1482,0.1388
1162,330,1492,0.1388
1166,334,1500,0.1388
1168,336,1504,0.1388
1162,336,1498,0.1388
1169,336,1505,0.1388
1166,336,1502,0.1388
1169,328,1497,0.1388
1150,332,1482,0.1388
1150,344,1494,0.1388
1147,342,1489,0.1388
1143,347,1490,0.1388
1150,346,1496,0.1388
1145,341,1486,0.1388
1147,337,1484,0.1388
1155,340,1495,0.1388
1157,339,1496,0.1388
1155,341,1496,0.1388
1148,336,1484,0.1388
1148,335,1483,0.1388
1141,329,1470,0.1388
1153,331,1484,0.1388
1159,330,1489,0.1388
1164,329,1493,0.1388
1165,325,1490,0.1388
1170,328,1498,0.1388
1164,327,1491,0.1388
1168,323,1491,0.1388
1169,328,1497,0.1388
1174,331,1505,0.1388
1177,327,1504,0.1388
1182,325,1507,0.1388
1183,328,1511,0.1388
1182,325,1507,0.1388
1188,320,1508,0.1388
1186,324,1510,0.1388
1174,321,1495,0.1388
1175,318,1493,0.1388
1169,329,1498,0.1388
1178,322,1500,0.1388
1175,326,1501,0.1388
1173,324,1497,0.1388
1164,327,1491,0.1388
1170,323,1493,0.1388
1160,326,1486,0.1388
1161,332,1493,0.1388
1163,328,1491,0.1388
1169,334,1503,0.1388
1166,339,1505,0.1388
1172,346,1518,0.1388
1150,340,1490,0.1388
1155,341,1496,0.1388
1144,340,1484,0.1388
1141,337,1478,0.1388
1145,341,1486,0.1388
1160,341,1501,0.1388
1164,347,1511,0.1388
1176,341,1517,0.1388
1169,338,1507,0.1388
1170,341,1511,0.1388
1171,342,1513,0.1388
1169,334,1503,0.1388
1158,337,1495,0.1388
1159,339,1498,0.1388
1168,336,1504,0.1388
1172,335,1507,0.1388
1171,331,1502,0.1388
1173,332,1505,0.1388
1166,335,1501,0.1388
1167,336,1503,0.1388
1163,340,1503,0.1388
1155,340,1495,0.1388
1159,342,1501,0.1388
1163,345,1508,0.1388
1146,343,1489,0.1388
1159,343,1502,0.1388
1163,343,1506,0.1388
1150,338,1488,0.1388
1149,345,1494,0.1388
1146,346,1492,0.1388
1152,345,1497,0.1388
1144,353,1497,0.1388
1134,352,1486,0.1388
1119,355,1474,0.1388
1124,357,1481,0.1388
1133,355,1488,0.1388
1129,356,1485,0.1388
1130,355,1485,0.1388
1129,357,1486,0.1388
1136,360,1496,0.1388
1135,361,1496,0.1388
1128,362,1490,0.1388
1131,361,1492,0.1388
1118,366,1484,0.1388
1128,364,1492,0.1388
1117,364,1481,0.1388
1109,369,1478,0.1388
1112,368,1480,0.1388
1124,369,1493,0.1388
1121,370,1491,0.1388
1128,371,1499,0.1388
1135,365,1500,0.1388
1129,370,1499,0.1388
1132,370,1502,0.1388
1124,372,1496,0.1388
1124,374,1498,0.1388
1108,369,1477,0.1388
1119,372,1491,0.1388
1126,375,1501,0.1388
1127,379,1506,0.1388
1124,385,1509,0.1388
1118,381,1499,0.1388
1118,376,1494,0.1388
1140,377,1517,0.1388
1129,374,1503,0.1388
1132,376,1508,0.1388
1121,379,1500,0.1388
1120,375,1495,0.1388
1119,374,1493,0.1388
1124,378,1502,0.1388
1120,381,1501,0.1388
1113,378,1491,0.1388
1123,384,1507,0.1388
1117,376,1493,0.1388
1115,378,1493,0.1388
1121,383,1504,0.1388
1109,388,1497,0.1388
1112,384,1496,0.1388
1106,394,1500,0.1388
1107,394,1501,0.1388
1114,399,1513,0.1388
1113,399,1512,0.1388
1107,408,1515,0.1388
1112,403,1515,0.1388
1123,400,1523,0.1388
1116,403,1519,0.1388
1103,411,1514,0.1388
1109,414,1523,0.1388
1105,409,1514,0.1388
1098,418,1516,0.1388
1099,415,1514,0.1388
1093,420,1513,0.1388
1097,426,1523,0.1388
1087,428,1515,0.1388
1082,426,1508,0.1388
1074,431,1505,0.1388
1077,434,1511,0.1388
1065,434,1499,0.1388
1063,435,1498,0.1388
1061,434,1495,0.1388
1051,438,1489,0.1388
1056,440,1496,0.1388
1053,442,1495,0.1388
1058,444,1502,0.1388
1054,444,1498,0.1388
1065,439,1504,0.1388
1059,448,1507,0.1388
1051,443,1494,0.1388
1051,447,1498,0.1388
1039,448,1487,0.1388
1047,445,1492,0.1388
1045,452,1497,0.1388
1038,453,1491,0.1388
1048,455,1503,0.1388
1047,462,1509,0.1388
1036,454,1490,0.1388
1051,454,1505,0.1388
1040,452,1492,0.1388
1050,463,1513,0.1388
1055,468,1523,0.1388
1053,468,1521,0.1388
1045,465,1510,0.1388
1035,461,1496,0.1388
1034,465,1499,0.1388
1044,471,1515,0.1388
1040,471,1511,0.1388
1036,470,1506,0.1388
1028,480,1508,0.1388
1032,478,1510,0.1388
1023,481,1504,0.1388
1010,479,1489,0.1388
1008,475,1483,0.1388
1013,478,1491,0.1388
1012,472,1484,0.1388
1011,477,1488,0.1388
1019,480,1499,0.1388
1019,478,1497,0.1388
1016,480,1496,0.1388
1007,482,1489,0.1388
1001,481,1482,0.1388
1008,478,1486,0.1388
1007,479,1486,0.1388
1012,474,1486,0.1388
1010,473,1483,0.1388
1008,485,1493,0.1388
1014,472,1486,0.1388
1006,472,1478,0.1388
1011,466,1477,0.1388
1013,477,1490,0.1388
1019,471,1490,0.1388
1019,478,1497,0.1388
1014,482,1496,0.1388
1011,473,1484,0.1388
1016,480,1496,0.1388
1012,486,1498,0.1388
1012,492,1504,0.1388
1011,490,1501,0.1388
993,496,1489,0.1388
984,506,1490,0.1388
988,513,1501,0.1388
989,510,1499,0.1388
1003,498,1501,0.1388
1017,500,1517,0.1388
1024,500,1524,0.1388
1016,498,1514,0.1388
1015,499,1514,0.1388
1027,495,1522,0.1388
1024,492,1516,0.1388
1023,489,1512,0.1388
1004,496,1500,0.1388
1003,504,1507,0.1388
995,498,1493,0.1388
991,496,1487,0.1388
981,495,1476,0.1388
979,506,1485,0.1388
976,504,1480,0.1388
983,492,1475,0.1388
976,492,1468,0.1388
973,504,1477,0.1388
986,505,1491,0.1388
993,508,1501,0.1388
998,506,1504,0.1388
996,507,1503,0.1388
1002,505,1507,0.1388
1008,503,1511,0.1388
996,493,1489,0.1388
998,496,1494,0.1388
999,491,1490,0.1388
1007,491,1498,0.1388
1002,496,1498,0.1388
996,495,1491,0.1388
996,496,1492,0.1388
982,501,1483,0.1388
985,503,1488,0.1388
994,505,1499,0.1388
987,497,1484,0.1388
992,507,1499,0.1388
985,505,1490,0.1388
986,505,1491,0.1388
987,509,1496,0.1388
994,515,1509,0.1388
995,522,1517,0.1388
986,523,1509,0.1388
995,522,1517,0.1388
989,522,1511,0.1388
988,523,1511,0.1388
990,524,1514,0.1388
988,527,1515,0.1388
990,530,1520,0.1388
982,521,1503,0.1388
971,535,1506,0.1388
985,534,1519,0.1388
975,534,1509,0.1388
962,532,1494,0.1388
959,536,1495,0.1388
975,537,1512,0.1388
970,536,1506,0.1388
962,533,1495,0.1388
970,527,1497,0.1388
968,531,1499,0.1388
960,531,1491,0.1388
954,535,1489,0.1388
956,548,1504,0.1388
953,550,1503,0.1388
951,550,1501,0.1388
960,555,1515,0.1388
957,557,1514,0.1388
944,554,1498,0.1388
943,548,1491,0.1388
931,542,1473,0.1388
950,541,1491,0.1388
945,543,1488,0.1388
944,550,1494,0.1388
938,553,1491,0.1388
933,554,1487,0.1388
940,555,1495,0.1388
953,556,1509,0.1388
952,555,1507,0.1388
947,556,1503,0.1388
945,566,1511,0.1388
953,563,1516,0.1388
945,571,1516,0.1388
938,564,1502,0.1388
932,566,1498,0.1388
929,574,1503,0.1388
932,576,1508,0.1388
933,576,1509,0.1388
928,574,1502,0.1388
920,573,1493,0.1388
911,578,1489,0.1388
906,588,1494,0.1388
909,593,1502,0.1388
912,583,1495,0.1388
911,584,1495,0.1388
913,587,1500,0.1388
919,580,1499,0.1388
924,575,1499,0.1388
927,572,1499,0.1388
917,575,1492,0.1388
921,587,1508,0.1388
922,571,1493,0.1388
922,575,1497,0.1388
924,577,1501,0.1388
920,574,1494,0.1388
920,574,1494,0.1388
921,573,1494,0.1388
928,573,1501,0.1388
925,573,1498,0.1388
919,581,1500,0.1388
914,584,1498,0.1388
923,588,1511,0.1388
922,590,1512,0.1388
909,588,1497,0.1388
920,580,1500,0.1388
921,575,1496,0.1388
926,578,1504,0.1388
927,582,1509,0.1388
924,580,1504,0.1388
915,585,1500,0.1388
918,581,1499,0.1388
904,591,1495,0.1388
906,589,1495,0.1388
898,591,1489,0.1388
893,592,1485,0.1388
891,593,1484,0.1388
899,598,1497,0.1388
890,599,1489,0.1388
901,608,1509,0.1388
896,604,1500,0.1388
889,594,1483,0.1388
899,612,1511,0.1388
905,613,1518,0.1388
903,609,1512,0.1388
899,607,1506,0.1388
898,611,1509,0.1388
888,602,1490,0.1388
881,609,1490,0.1388
880,620,1500,0.1388
884,618,1502,0.1388
883,603,1486,0.1388
890,600,1490,0.1388
889,601,1490,0.1388
889,602,1491,0.1388
902,603,1505,0.1388
908,606,1514,0.1388
898,607,1505,0.1388
880,617,1497,0.1388
888,625,1513,0.1388
880,626,1506,0.1388
882,631,1513,0.1388
883,629,1512,0.1388
877,636,1513,0.1388
877,636,1513,0.1388
876,635,1511,0.1388
875,642,1517,0.1388
874,651,1525,0.1388
875,647,1522,0.1388
869,657,1526,0.1388
871,660,1531,0.1388
866,663,1529,0.1388
865,657,1522,0.1388
848,654,1502,0.1388
846,650,1496,0.1388
838,661,1499,0.1388
838,664,1502,0.1388
831,666,1497,0.1388
816,658,1474,0.1388
821,659,1480,0.1388
827,658,1485,0.1388
827,665,1492,0.1388
827,669,1496,0.1388
827,673,1500,0.1388
816,661,1477,0.1388
816,664,1480,0.1388
817,667,1484,0.1388
820,668,1488,0.1388
817,671,1488,0.1388
811,678,1489,0.1388
813,689,1502,0.1388
815,686,1501,0.1388
817,683,1500,0.1388
821,688,1509,0.1388
836,674,1510,0.1388
834,675,1509,0.1388
839,678,1517,0.1388
837,678,1515,0.1388
836,673,1509,0.1388
827,665,1492,0.1388
829,676,1505,0.1388
829,661,1490,0.1388
836,666,1502,0.1388
836,666,1502,0.1388
838,671,1509,0.1388
847,672,1519,0.1388
840,665,1505,0.1388
838,671,1509,0.1388
850,669,1519,0.1388
837,674,1511,0.1388
843,669,1512,0.1388
843,672,1515,0.1388
839,680,1519,0.1388
835,670,1505,0.1388
829,674,1503,0.1388
825,669,1494,0.1388
830,675,1505,0.1388
833,664,1497,0.1388
834,670,1504,0.1388
832,680,1512,0.1388
828,664,1492,0.1388
826,666,1492,0.1388
830,673,1503,0.1388
828,669,1497,0.1388
825,670,1495,0.1388
833,668,1501,0.1388
828,675,1503,0.1388
826,678,1504,0.1388
824,666,1490,0.1388
833,667,1500,0.1388
835,666,1501,0.1388
834,673,1507,0.1388
834,672,1506,0.1388
827,672,1499,0.1388
830,683,1513,0.1388
834,675,1509,0.1388
831,679,1510,0.1388
828,681,1509,0.1388
827,686,1513,0.1388
830,685,1515,0.1388
821,689,1510,0.1388
823,698,1521,0.1388
814,698,1512,0.1388
810,693,1503,0.1388
807,698,1505,0.1388
807,693,1500,0.1388
807,694,1501,0.1388
810,693,1503,0.1388
808,697,1505,0.1388
809,709,1518,0.1388
808,710,1518,0.1388
806,713,1519,0.1388
814,702,1516,0.1388
814,697,1511,0.1388
820,699,1519,0.1388
810,704,1514,0.1388
807,700,1507,0.1388
809,699,1508,0.1388
806,701,1507,0.1388
802,702,1504,0.1388
796,711,1507,0.1388
785,716,1501,0.1388
791,718,1509,0.1388
796,722,1518,0.1388
802,719,1521,0.1388
786,715,1501,0.1388
792,711,1503,0.1388
796,706,1502,0.1388
802,714,1516,0.1388
801,712,1513,0.1388
802,708,1510,0.1388
808,704,1512,0.1388
805,709,1514,0.1388
798,709,1507,0.1388
790,722,1512,0.1388
781,723,1504,0.1388
779,726,1505,0.1388
775,721,1496,0.1388
778,720,1498,0.1388
769,725,1494,0.1388
763,725,1488,0.1388
764,733,1497,0.1388
763,725,1488,0.1388
759,719,1478,0.1388
755,726,1481,0.1388
763,733,1496,0.1388
767,729,1496,0.1388
764,738,1502,0.1388
766,738,1504,0.1388
773,737,1510,0.1388
764,744,1508,0.1388
754,747,1501,0.1388
750,749,1499,0.1388
743,751,1494,0.1388
744,753,1497,0.1388
744,765,1509,0.1388
750,750,1500,0.1388
750,753,1503,0.1388
748,748,1496,0.1388
742,756,1498,0.1388
744,754,1498,0.1388
747,767,1514,0.1388
747,771,1518,0.1388
735,765,1500,0.1388
734,772,1506,0.1388
734,763,1497,0.1388
735,767,1502,0.1388
737,762,1499,0.1388
732,763,1495,0.1388
728,768,1496,0.1388
736,771,1507,0.1388
739,778,1517,0.1388
734,780,1514,0.1388
737,779,1516,0.1388
731,778,1509,0.1388
731,781,1512,0.1388
720,786,1506,0.1388
721,792,1513,0.1388
719,802,1521,0.1388
719,798,1517,0.1388
705,803,1508,0.1388
700,813,1513,0.1388
694,813,1507,0.1388
696,818,1514,0.1388
693,814,1507,0.1388
700,806,1506,0.1388
704,801,1505,0.1388
711,793,1504,0.1388
700,796,1496,0.1388
704,804,1508,0.1388
707,792,1499,0.1388
707,797,1504,0.1388
714,797,1511,0.1388
719,795,1514,0.1388
710,793,1503,0.1388
706,803,1509,0.1388
698,802,1500,0.1388
696,800,1496,0.1388
700,808,1508,0.1388
701,805,1506,0.1388
704,808,1512,0.1388
705,813,1518,0.1388
703,826,1529,0.1388
707,817,1524,0.1388
700,823,1523,0.1388
700,822,1522,0.1388
694,827,1521,0.1388
698,820,1518,0.1388
700,816,1516,0.1388
702,816,1518,0.1388
695,813,1508,0.1388
693,812,1505,0.1388
696,804,1500,0.1388
701,803,1504,0.1388
706,811,1517,0.1388
705,808,1513,0.1388
700,811,1511,0.1388
698,813,1511,0.1388
699,807,1506,0.1388
695,797,1492,0.1388
699,804,1503,0.1388
702,805,1507,0.1388
692,813,1505,0.1388
690,797,1487,0.1388
691,795,1486,0.1388
690,812,1502,0.1388
680,828,1508,0.1388
682,834,1516,0.1388
676,838,1514,0.1388
687,838,1525,0.1388
677,834,1511,0.1388
670,834,1504,0.1388
680,846,1526,0.1388
673,841,1514,0.1388
667,844,1511,0.1388
661,838,1499,0.1388
663,845,1508,0.1388
648,842,1490,0.1388
643,845,1488,0.1388
646,839,1485,0.1388
659,839,1498,0.1388
652,854,1506,0.1388
657,856,1513,0.1388
652,851,1503,0.1388
660,850,1510,0.1388
649,859,1508,0.1388
653,861,1514,0.1388
658,855,1513,0.1388
653,855,1508,0.1388
655,855,1510,0.1388
651,857,1508,0.1388
645,850,1495,0.1388
647,851,1498,0.1388
647,851,1498,0.1388
633,849,1482,0.1388
634,847,1481,0.1388
641,858,1499,0.1388
640,861,1501,0.1388
632,864,1496,0.1388
634,860,1494,0.1388
636,854,1490,0.1388
650,861,1511,0.1388
640,859,1499,0.1388
636,854,1490,0.1388
637,851,1488,0.1388
637,852,1489,0.1388
632,853,1485,0.1388
642,871,1513,0.1388
632,863,1495,0.1388
631,860,1491,0.1388
635,864,1499,0.1388
642,869,1511,0.1388
642,873,1515,0.1388
652,872,1524,0.1388
654,874,1528,0.1388
649,879,1528,0.1388
656,873,1529,0.1388
644,880,1524,0.1388
635,877,1512,0.1388
632,884,1516,0.1388
631,892,1523,0.1388
635,901,1536,0.1388
628,896,1524,0.1388
626,889,1515,0.1388
628,886,1514,0.1388
632,884,1516,0.1388
640,883,1523,0.1388
635,878,1513,0.1388
642,878,1520,0.1388
646,869,1515,0.1388
644,874,1518,0.1388
646,875,1521,0.1388
648,878,1526,0.1388
640,874,1514,0.1388
631,878,1509,0.1388
638,873,1511,0.1388
646,879,1525,0.1388
638,877,1515,0.1388
630,876,1506,0.1388
630,873,1503,0.1388
634,876,1510,0.1388
640,874,1514,0.1388
630,883,1513,0.1388
623,880,1503,0.1388
625,871,1496,0.1388
633,885,1518,0.1388
623,882,1505,0.1388
625,881,1506,0.1388
630,884,1514,0.1388
621,886,1507,0.1388
623,887,1510,0.1388
622,892,1514,0.1388
626,888,1514,0.1388
626,888,1514,0.1388
624,880,1504,0.1388
625,887,1512,0.1388
632,869,1501,0.1388
631,877,1508,0.1388
628,881,1509,0.1388
626,882,1508,0.1388
626,885,1511,0.1388
623,883,1506,0.1388
625,903,1528,0.1388
618,888,1506,0.1388
625,899,1524,0.1388
621,890,1511,0.1388
616,895,1511,0.1388
618,902,1520,0.1388
625,908,1533,0.1388
619,908,1527,0.1388
612,895,1507,0.1388
607,890,1497,0.1388
612,890,1502,0.1388
603,905,1508,0.1388
595,910,1505,0.1388
603,914,1517,0.1388
600,904,1504,0.1388
596,912,1508,0.1388
599,920,1519,0.1388
601,918,1519,0.1388
601,920,1521,0.1388
593,914,1507,0.1388
599,916,1515,0.1388
599,910,1509,0.1388
592,913,1505,0.1388
590,898,1488,0.1388
591,908,1499,0.1388
592,915,1507,0.1388
590,916,1506,0.1388
590,914,1504,0.1388
588,913,1501,0.1388
580,916,1496,0.1388
584,921,1505,0.1388
584,913,1497,0.1388
582,913,1495,0.1388
592,912,1504,0.1388
586,919,1505,0.1388
587,915,1502,0.1388
593,918,1511,0.1388
586,922,1508,0.1388
571,919,1490,0.1388
578,924,1502,0.1388
580,915,1495,0.1388
582,915,1497,0.1388
576,929,1505,0.1388
576,940,1516,0.1388
585,930,1515,0.1388
580,924,1504,0.1388
573,919,1492,0.1388
577,931,1508,0.1388
578,930,1508,0.1388
576,930,1506,0.1388
580,925,1505,0.1388
576,924,1500,0.1388
567,926,1493,0.1388
565,935,1500,0.1388
569,934,1503,0.1388
564,938,1502,0.1388
574,940,1514,0.1388
570,942,1512,0.1388
566,933,1499,0.1388
565,929,1494,0.1388
569,928,1497,0.1388
569,923,1492,0.1388
571,929,1500,0.1388
569,936,1505,0.1388
569,939,1508,0.1388
563,951,1514,0.1388
555,953,1508,0.1388
561,941,1502,0.1388
565,936,1501,0.1388
558,940,1498,0.1388
560,936,1496,0.1388
564,933,1497,0.1388
566,924,1490,0.1388
566,929,1495,0.1388
564,932,1496,0.1388
565,943,1508,0.1388
566,951,1517,0.1388
565,940,1505,0.1388
562,943,1505,0.1388
558,945,1503,0.1388
560,955,1515,0.1388
561,945,1506,0.1388
559,945,1504,0.1388
546,956,1502,0.1388
538,950,1488,0.1388
551,966,1517,0.1388
553,965,1518,0.1388
555,960,1515,0.1388
556,957,1513,0.1388
554,949,1503,0.1388
553,953,1506,0.1388
553,954,1507,0.1388
553,957,1510,0.1388
552,958,1510,0.1388
549,956,1505,0.1388
548,953,1501,0.1388
555,957,1512,0.1388
548,971,1519,0.1388
543,964,1507,0.1388
532,969,1501,0.1388
527,962,1489,0.1388
530,961,1491,0.1388
531,956,1487,0.1388
531,966,1497,0.1388
536,975,1511,0.1388
534,975,1509,0.1388
524,975,1499,0.1388
527,973,1500,0.1388
526,972,1498,0.1388
523,983,1506,0.1388
518,991,1509,0.1388
519,990,1509,0.1388
517,994,1511,0.1388
519,996,1515,0.1388
519,994,1513,0.1388
528,981,1509,0.1388
525,984,1509,0.1388
523,988,1511,0.1388
527,980,1507,0.1388
531,970,1501,0.1388
525,984,1509,0.1388
521,979,1500,0.1388
522,982,1504,0.1388
515,977,1492,0.1388
516,981,1497,0.1388
517,995,1512,0.1388
517,989,1506,0.1388
510,986,1496,0.1388
517,988,1505,0.1388
516,989,1505,0.1388
510,980,1490,0.1388
511,992,1503,0.1388
511,996,1507,0.1388
511,991,1502,0.1388
512,997,1509,0.1388
506,1002,1508,0.1388
505,995,1500,0.1388
503,1003,1506,0.1388
505,1001,1506,0.1388
496,1009,1505,0.1388
499,1013,1512,0.1388
497,1015,1512,0.1388
499,1018,1517,0.1388
505,1004,1509,0.1388
499,1008,1507,0.1388
497,1006,1503,0.1388
504,1009,1513,0.1388
502,1001,1503,0.1388
501,1000,1501,0.1388
510,1019,1529,0.1388
513,1017,1530,0.1388
508,1017,1525,0.1388
504,1010,1514,0.1388
509,1023,1532,0.1388
510,1021,1531,0.1388
499,1016,1515,0.1388
487,1010,1497,0.1388
486,1012,1498,0.1388
489,1023,1512,0.1388
486,1020,1506,0.1388
483,1023,1506,0.1388
488,1029,1517,0.1388
495,1027,1522,0.1388
496,1026,1522,0.1388
493,1033,1526,0.1388
493,1025,1518,0.1388
490,1024,1514,0.1388
484,1024,1508,0.1388
478,1022,1500,0.1388
481,1025,1506,0.1388
481,1021,1502,0.1388
482,1029,1511,0.1388
483,1030,1513,0.1388
484,1025,1509,0.1388
480,1025,1505,0.1388
481,1018,1499,0.1388
479,1020,1499,0.1388
481,1016,1497,0.1388
478,1021,1499,0.1388
488,1027,1515,0.1388
482,1025,1507,0.1388
487,1013,1500,0.1388
478,1014,1492,0.1388
478,1024,1502,0.1388
484,1030,1514,0.1388
487,1028,1515,0.1388
484,1028,1512,0.1388
483,1012,1495,0.1388
481,1015,1496,0.1388
482,1028,1510,0.1388
483,1026,1509,0.1388
481,1022,1503,0.1388
479,1028,1507,0.1388
480,1035,1515,0.1388
474,1024,1498,0.1388
483,1024,1507,0.1388
475,1024,1499,0.1388
481,1024,1505,0.1388
487,1021,1508,0.1388
490,1025,1515,0.1388
493,1030,1523,0.1388
493,1023,1516,0.1388
488,1022,1510,0.1388
491,1025,1516,0.1388
496,1018,1514,0.1388
494,1022,1516,0.1388
497,1019,1516,0.1388
499,1022,1521,0.1388
492,1027,1519,0.1388
491,1015,1506,0.1388
499,1013,1512,0.1388
491,1018,1509,0.1388
495,1018,1513,0.1388
489,1003,1492,0.1388
486,1005,1491,0.1388
483,1005,1488,0.1388
489,1000,1489,0.1388
493,1001,1494,0.1388
488,1008,1496,0.1388
491,1010,1501,0.1388
494,1009,1503,0.1388
488,1020,1508,0.1388
495,1024,1519,0.1388
499,1029,1528,0.1388
497,1022,1519,0.1388
498,1022,1520,0.1388
502,1008,1510,0.1388
496,1012,1508,0.1388
495,1011,1506,0.1388
493,1007,1500,0.1388
496,1003,1499,0.1388
493,1010,1503,0.1388
494,1012,1506,0.1388
492,1012,1504,0.1388
492,1008,1500,0.1388
483,1017,1500,0.1388
489,1022,1511,0.1388
490,1019,1509,0.1388
486,1026,1512,0.1388
483,1021,1504,0.1388
482,1035,1517,0.1388
488,1034,1522,0.1388
485,1014,1499,0.1388
481,1019,1500,0.1388
479,1015,1494,0.1388
472,1025,1497,0.1388
479,1024,1503,0.1388
481,1033,1514,0.1388
479,1036,1515,0.1388
478,1039,1517,0.1388
476,1036,1512,0.1388
471,1036,1507,0.1388
469,1036,1505,0.1388
468,1047,1515,0.1388
469,1041,1510,0.1388
470,1039,1509,0.1388
462,1034,1496,0.1388
466,1036,1502,0.1388
469,1038,1507,0.1388
465,1031,1496,0.1388
468,1027,1495,0.1388
469,1028,1497,0.1388
469,1027,1496,0.1388
477,1032,1509,0.1388
473,1028,1501,0.1388
475,1031,1506,0.1388
470,1034,1504,0.1388
468,1044,1512,0.1388
472,1039,1511,0.1388
462,1043,1505,0.1388
462,1038,1500,0.1388
465,1031,1496,0.1388
474,1029,1503,0.1388
469,1039,1508,0.1388
470,1031,1501,0.1388
466,1035,1501,0.1388
460,1040,1500,0.1388
460,1041,1501,0.1388
456,1048,1504,0.1388
455,1043,1498,0.1388
459,1047,1506,0.1388
459,1044,1503,0.1388
468,1037,1505,0.1388
471,1047,1518,0.1388
476,1042,1518,0.1388
470,1039,1509,0.1388
467,1034,1501,0.1388
469,1045,1514,0.1388
467,1049,1516,0.1388
468,1047,1515,0.1388
463,1056,1519,0.1388
471,1052,1523,0.1388
472,1041,1513,0.1388
470,1051,1521,0.1388
466,1058,1524,0.1388
461,1041,1502,0.1388
454,1040,1494,0.1388
463,1041,1504,0.1388
469,1027,1496,0.1388
470,1031,1501,0.1388
471,1036,1507,0.1388
475,1040,1515,0.1388
482,1035,1517,0.1388
479,1034,1513,0.1388
486,1024,1510,0.1388
486,1027,1513,0.1388
480,1029,1509,0.1388
478,1017,1495,0.1388
472,1017,1489,0.1388
476,1031,1507,0.1388
483,1035,1518,0.1388
479,1050,1529,0.1388
474,1051,1525,0.1388
471,1053,1524,0.1388
476,1038,1514,0.1388
474,1042,1516,0.1388
477,1049,1526,0.1388
482,1038,1520,0.1388
486,1038,1524,0.1388
484,1040,1524,0.1388
473,1036,1509,0.1388
479,1038,1517,0.1388
474,1046,1520,0.1388
468,1043,1511,0.1388
459,1048,1507,0.1388
466,1054,1520,0.1388
463,1048,1511,0.1388
465,1044,1509,0.1388
467,1053,1520,0.1388
471,1052,1523,0.1388
468,1061,1529,0.1388
463,1059,1522,0.1388
460,1058,1518,0.1388
454,1056,1510,0.1388
458,1048,1506,0.1388
463,1056,1519,0.1388
457,1045,1502,0.1388
454,1045,1499,0.1388
460,1045,1505,0.1388
458,1042,1500,0.1388
461,1051,1512,0.1388
461,1036,1497,0.1388
461,1043,1504,0.1388
457,1046,1503,0.1388
457,1048,1505,0.1388
462,1037,1499,0.1388
460,1049,1509,0.1388
459,1039,1498,0.1388
466,1050,1516,0.1388
464,1056,1520,0.1388
465,1057,1522,0.1388
465,1059,1524,0.1388
463,1060,1523,0.1388
460,1060,1520,0.1388
454,1059,1513,0.1388
446,1053,1499,0.1388
452,1043,1495,0.1388
453,1050,1503,0.1388
454,1051,1505,0.1388
459,1052,1511,0.1388
461,1046,1507,0.1388
460,1055,1515,0.1388
456,1051,1507,0.1388
458,1062,1520,0.1388
456,1060,1516,0.1388
455,1048,1503,0.1388
447,1055,1502,0.1388
440,1052,1492,0.1388
442,1059,1501,0.1388
445,1057,1502,0.1388
447,1065,1512,0.1388
447,1058,1505,0.1388
445,1064,1509,0.1388
439,1054,1493,0.1388
441,1062,1503,0.1388
446,1077,1523,0.1388
442,1070,1512,0.1388
437,1082,1519,0.1388
441,1078,1519,0.1388
440,1074,1514,0.1388
431,1075,1506,0.1388
438,1068,1506,0.1388
433,1061,1494,0.1388
430,1063,1493,0.1388
433,1067,1500,0.1388
431,1074,1505,0.1388
432,1071,1503,0.1388
436,1077,1513,0.1388
431,1077,1508,0.1388
430,1085,1515,0.1388
424,1093,1517,0.1388
423,1093,1516,0.1388
427,1093,1520,0.1388
421,1083,1504,0.1388
425,1092,1517,0.1388
427,1094,1521,0.1388
427,1080,1507,0.1388
428,1088,1516,0.1388
428,1090,1518,0.1388
427,1092,1519,0.1388
425,1084,1509,0.1388
428,1082,1510,0.1388
429,1081,1510,0.1388
425,1081,1506,0.1388
426,1084,1510,0.1388
427,1087,1514,0.1388
428,1083,1511,0.1388
416,1092,1508,0.1388
414,1097,1511,0.1388
415,1092,1507,0.1388
417,1094,1511,0.1388
412,1088,1500,0.1388
407,1098,1505,0.1388
402,1097,1499,0.1388
407,1097,1504,0.1388
402,1105,1507,0.1388
407,1107,1514,0.1388
407,1094,1501,0.1388
403,1095,1498,0.1388
403,1096,1499,0.1388
404,1093,1497,0.1388
406,1099,1505,0.1388
409,1104,1513,0.1388
410,1105,1515,0.1388
404,1110,1514,0.1388
407,1119,1526,0.1388
403,1113,1516,0.1388
404,1107,1511,0.1388
397,1108,1505,0.1388
392,1118,1510,0.1388
387,1117,1504,0.1388
381,1119,1500,0.1388
383,1119,1502,0.1388
388,1129,1517,0.1388
387,1128,1515,0.1388
392,1125,1517,0.1388
394,1133,1527,0.1388
395,1135,1530,0.1388
388,1126,1514,0.1388
384,1120,1504,0.1388
382,1115,1497,0.1388
382,1122,1504,0.1388
379,1129,1508,0.1388
377,1119,1496,0.1388
377,1121,1498,0.1388
370,1129,1499,0.1388
375,1131,1506,0.1388
367,1130,1497,0.1388
371,1124,1495,0.1388
370,1121,1491,0.1388
372,1123,1495,0.1388
367,1127,1494,0.1388
369,1126,1495,0.1388
365,1124,1489,0.1388
365,1129,1494,0.1388
364,1149,1513,0.1388
364,1145,1509,0.1388
366,1140,1506,0.1388
362,1139,1501,0.1388
366,1147,1513,0.1388
373,1135,1508,0.1388
369,1141,1510,0.1388
370,1125,1495,0.1388
372,1130,1502,0.1388
370,1134,1504,0.1388
377,1127,1504,0.1388
377,1130,1507,0.1388
378,1124,1502,0.1388
379,1125,1504,0.1388
373,1121,1494,0.1388
375,1133,1508,0.1388
378,1120,1498,0.1388
376,1136,1512,0.1388
381,1136,1517,0.1388
375,1150,1525,0.1388
375,1153,1528,0.1388
369,1149,1518,0.1388
368,1143,1511,0.1388
369,1155,1524,0.1388
370,1157,1527,0.1388
367,1154,1521,0.1388
357,1161,1518,0.1388
350,1151,1501,0.1388
348,1151,1499,0.1388
352,1161,1513,0.1388
346,1163,1509,0.1388
343,1165,1508,0.1388
345,1161,1506,0.1388
346,1166,1512,0.1388
344,1158,1502,0.1388
355,1166,1521,0.1388
356,1155,1511,0.1388
360,1162,1522,0.1388
362,1149,1511,0.1388
357,1150,1507,0.1388
356,1146,1502,0.1388
353,1155,1508,0.1388
351,1167,1518,0.1388
352,1162,1514,0.1388
357,1163,1520,0.1388
353,1152,1505,0.1388
347,1154,1501,0.1388
345,1151,1496,0.1388
348,1145,1493,0.1388
354,1151,1505,0.1388
351,1155,1506,0.1388
349,1165,1514,0.1388
351,1174,1525,0.1388
347,1171,1518,0.1388
342,1166,1508,0.1388
340,1163,1503,0.1388
333,1158,1491,0.1388
338,1172,1510,0.1388
339,1177,1516,0.1388
333,1171,1504,0.1388
328,1178,1506,0.1388
331,1185,1516,0.1388
333,1192,1525,0.1388
329,1195,1524,0.1388
332,1198,1530,0.1388
334,1192,1526,0.1388
327,1197,1524,0.1388
327,1196,1523,0.1388
329,1184,1513,0.1388
323,1185,1508,0.1388
328,1170,1498,0.1388
327,1181,1508,0.1388
325,1176,1501,0.1388
332,1189,1521,0.1388
323,1193,1516,0.1388
320,1187,1507,0.1388
326,1196,1522,0.1388
320,1188,1508,0.1388
318,1183,1501,0.1388
320,1179,1499,0.1388
318,1179,1497,0.1388
318,1178,1496,0.1388
317,1190,1507,0.1388
320,1194,1514,0.1388
315,1187,1502,0.1388
315,1195,1510,0.1388
310,1192,1502,0.1388
310,1197,1507,0.1388
317,1188,1505,0.1388
323,1180,1503,0.1388
327,1187,1514,0.1388
326,1186,1512,0.1388
327,1193,1520,0.1388
325,1183,1508,0.1388
326,1188,1514,0.1388
323,1175,1498,0.1388
329,1176,1505,0.1388
329,1182,1511,0.1388
330,1182,1512,0.1388
337,1179,1516,0.1388
331,1176,1507,0.1388
334,1183,1517,0.1388
332,1175,1507,0.1388
328,1179,1507,0.1388
326,1185,1511,0.1388
329,1181,1510,0.1388
331,1179,1510,0.1388
327,1176,1503,0.1388
327,1180,1507,0.1388
321,1189,1510,0.1388
324,1189,1513,0.1388
326,1186,1512,0.1388
325,1184,1509,0.1388
321,1196,1517,0.1388
323,1184,1507,0.1388
326,1179,1505,0.1388
321,1188,1509,0.1388
312,1189,1501,0.1388
315,1188,1503,0.1388
320,1190,1510,0.1388
318,1183,1501,0.1388
316,1180,1496,0.1388
317,1183,1500,0.1388
317,1183,1500,0.1388
319,1190,1509,0.1388
311,1199,1510,0.1388
309,1207,1516,0.1388
311,1198,1509,0.1388
309,1200,1509,0.1388
311,1197,1508,0.1388
302,1206,1508,0.1388
309,1196,1505,0.1388
307,1198,1505,0.1388
305,1193,1498,0.1388
302,1202,1504,0.1388
295,1219,1514,0.1388
298,1211,1509,0.1388
300,1199,1499,0.1388
301,1208,1509,0.1388
301,1208,1509,0.1388
296,1195,1491,0.1388
297,1211,1508,0.1388
303,1223,1526,0.1388
300,1217,1517,0.1388
301,1219,1520,0.1388
296,1221,1517,0.1388
295,1226,1521,0.1388
296,1235,1531,0.1388
290,1233,1523,0.1388
289,1229,1518,0.1388
291,1238,1529,0.1388
283,1237,1520,0.1388
278,1228,1506,0.1388
275,1232,1507,0.1388
282,1232,1514,0.1388
277,1229,1506,0.1388
279,1233,1512,0.1388
280,1228,1508,0.1388
278,1238,1516,0.1388
281,1237,1518,0.1388
279,1235,1514,0.1388
283,1230,1513,0.1388
280,1245,1525,0.1388
279,1230,1509,0.1388
281,1231,1512,0.1388
286,1223,1509,0.1388
284,1223,1507,0.1388
283,1222,1505,0.1388
286,1226,1512,0.1388
290,1217,1507,0.1388
285,1224,1509,0.1388
279,1230,1509,0.1388
281,1222,1503,0.1388
275,1226,1501,0.1388
274,1231,1505,0.1388
276,1241,1517,0.1388
278,1235,1513,0.1388
279,1240,1519,0.1388
274,1246,1520,0.1388
277,1245,1522,0.1388
278,1242,1520,0.1388
280,1240,1520,0.1388
277,1232,1509,0.1388
280,1232,1512,0.1388
276,1231,1507,0.1388
275,1243,1518,0.1388
273,1242,1515,0.1388
270,1243,1513,0.1388
267,1245,1512,0.1388
264,1247,1511,0.1388
263,1241,1504,0.1388
258,1248,1506,0.1388
255,1256,1511,0.1388
257,1251,1508,0.1388
259,1258,1517,0.1388
259,1253,1512,0.1388
256,1253,1509,0.1388
256,1244,1500,0.1388
254,1244,1498,0.1388
255,1259,1514,0.1388
256,1265,1521,0.1388
256,1267,1523,0.1388
256,1258,1514,0.1388
257,1255,1512,0.1388
256,1258,1514,0.1388
257,1270,1527,0.1388
251,1264,1515,0.1388
246,1256,1502,0.1388
249,1256,1505,0.1388
248,1255,1503,0.1388
263,1261,1524,0.1388
256,1264,1520,0.1388
255,1262,1517,0.1388
255,1255,1510,0.1388
253,1259,1512,0.1388
255,1263,1518,0.1388
254,1270,1524,0.1388
246,1266,1512,0.1388
245,1267,1512,0.1388
249,1272,1521,0.1388
247,1259,1506,0.1388
247,1256,1503,0.1388
250,1263,1513,0.1388
246,1273,1519,0.1388
240,1275,1515,0.1388
241,1278,1519,0.1388
237,1267,1504,0.1388
241,1268,1509,0.1388
241,1268,1509,0.1388
243,1269,1512,0.1388
244,1281,1525,0.1388
248,1280,1528,0.1388
243,1278,1521,0.1388
242,1278,1520,0.1388
243,1258,1501,0.1388
242,1264,1506,0.1388
241,1280,1521,0.1388
236,1287,1523,0.1388
239,1287,1526,0.1388
234,1295,1529,0.1388
236,1286,1522,0.1388
238,1275,1513,0.1388
235,1278,1513,0.1388
235,1270,1505,0.1388
230,1264,1494,0.1388
233,1276,1509,0.1388
230,1276,1506,0.1388
234,1281,1515,0.1388
236,1283,1519,0.1388
242,1282,1524,0.1388
246,1288,1534,0.1388
247,1272,1519,0.1388
250,1269,1519,0.1388
243,1271,1514,0.1388
237,1265,1502,0.1388
237,1281,1518,0.1388
239,1277,1516,0.1388
240,1278,1518,0.1388
241,1278,1519,0.1388
235,1279,1514,0.1388
240,1288,1528,0.1388
241,1292,1533,0.1388
240,1291,1531,0.1388
238,1279,1517,0.1388
240,1280,1520,0.1388
236,1280,1516,0.1388
237,1267,1504,0.1388
233,1270,1503,0.1388
228,1276,1504,0.1388
225,1282,1507,0.1388
228,1282,1510,0.1388
228,1280,1508,0.1388
228,1278,1506,0.1388
231,1282,1513,0.1388
231,1282,1513,0.1388
220,1293,1513,0.1388
222,1306,1528,0.1388
217,1304,1521,0.1388
214,1300,1514,0.1388
209,1300,1509,0.1388
208,1299,1507,0.1388
212,1291,1503,0.1388
205,1300,1505,0.1388
204,1298,1502,0.1388
204,1305,1509,0.1388
203,1311,1514,0.1388
201,1315,1516,0.1388
201,1314,1515,0.1388
201,1299,1500,0.1388
202,1309,1511,0.1388
199,1306,1505,0.1388
202,1304,1506,0.1388
202,1306,1508,0.1388
199,1314,1513,0.1388
198,1314,1512,0.1388
193,1319,1512,0.1388
191,1316,1507,0.1388
188,1314,1502,0.1388
186,1312,1498,0.1388
192,1301,1493,0.1388
190,1311,1501,0.1388
193,1324,1517,0.1388
195,1328,1523,0.1388
196,1322,1518,0.1388
192,1315,1507,0.1388
198,1309,1507,0.1388
197,1314,1511,0.1388
197,1321,1518,0.1388
201,1314,1515,0.1388
205,1318,1523,0.1388
201,1323,1524,0.1388
195,1322,1517,0.1388
196,1339,1535,0.1388
194,1328,1522,0.1388
197,1323,1520,0.1388
192,1319,1511,0.1388
199,1314,1513,0.1388
193,1322,1515,0.1388
187,1337,1524,0.1388
188,1316,1504,0.1388
189,1319,1508,0.1388
185,1319,1504,0.1388
191,1333,1524,0.1388
186,1327,1513,0.1388
191,1334,1525,0.1388
190,1331,1521,0.1388
198,1343,1541,0.1388
197,1343,1540,0.1388
185,1341,1526,0.1388
188,1333,1521,0.1388
183,1327,1510,0.1388
185,1325,1510,0.1388
181,1325,1506,0.1388
182,1324,1506,0.1388
178,1320,1498,0.1388
182,1319,1501,0.1388
181,1330,1511,0.1388
190,1328,1518,0.1388
189,1332,1521,0.1388
191,1321,1512,0.1388
187,1320,1507,0.1388
184,1330,1514,0.1388
183,1346,1529,0.1388
181,1340,1521,0.1388
182,1348,1530,0.1388
184,1349,1533,0.1388
182,1345,1527,0.1388
184,1337,1521,0.1388
185,1336,1521,0.1388
182,1338,1520,0.1388
178,1342,1520,0.1388
179,1343,1522,0.1388
179,1331,1510,0.1388
177,1341,1518,0.1388
172,1340,1512,0.1388
175,1344,1519,0.1388
178,1331,1509,0.1388
180,1326,1506,0.1388
175,1333,1508,0.1388
171,1338,1509,0.1388
170,1336,1506,0.1388
170,1344,1514,0.1388
166,1342,1508,0.1388
164,1348,1512,0.1388
163,1344,1507,0.1388
164,1348,1512,0.1388
165,1356,1521,0.1388
164,1355,1519,0.1388
167,1346,1513,0.1388
167,1351,1518,0.1388
171,1345,1516,0.1388
170,1344,1514,0.1388
167,1342,1509,0.1388
165,1342,1507,0.1388
168,1347,1515,0.1388
172,1340,1512,0.1388
175,1321,1496,0.1388
177,1333,1510,0.1388
177,1337,1514,0.1388
175,1337,1512,0.1388
174,1333,1507,0.1388
177,1333,1510,0.1388
180,1334,1514,0.1388
179,1330,1509,0.1388
176,1341,1517,0.1388
173,1338,1511,0.1388
175,1323,1498,0.1388
175,1325,1500,0.1388
178,1341,1519,0.1388
177,1349,1526,0.1388
176,1355,1531,0.1388
175,1345,1520,0.1388
179,1352,1531,0.1388
179,1341,1520,0.1388
182,1351,1533,0.1388
184,1346,1530,0.1388
180,1344,1524,0.1388
179,1337,1516,0.1388
179,1344,1523,0.1388
177,1346,1523,0.1388
173,1339,1512,0.1388
173,1339,1512,0.1388
173,1332,1505,0.1388
176,1321,1497,0.1388
175,1316,1491,0.1388
176,1327,1503,0.1388
175,1333,1508,0.1388
178,1329,1507,0.1388
179,1327,1506,0.1388
175,1328,1503,0.1388
176,1339,1515,0.1388
175,1336,1511,0.1388
178,1340,1518,0.1388
176,1336,1512,0.1388
174,1336,1510,0.1388
178,1347,1525,0.1388
178,1344,1522,0.1388
180,1338,1518,0.1388
178,1344,1522,0.1388
176,1340,1516,0.1388
175,1337,1512,0.1388
172,1347,1519,0.1388
173,1342,1515,0.1388
172,1339,1511,0.1388
171,1348,1519,0.1388
164,1354,1518,0.1388
162,1353,1515,0.1388
160,1359,1519,0.1388
156,1365,1521,0.1388
158,1356,1514,0.1388
163,1358,1521,0.1388
162,1365,1527,0.1388
160,1364,1524,0.1388
160,1364,1524,0.1388
161,1368,1529,0.1388
155,1365,1520,0.1388
148,1373,1521,0.1388
149,1360,1509,0.1388
154,1363,1517,0.1388
154,1374,1528,0.1388
152,1361,1513,0.1388
150,1362,1512,0.1388
148,1355,1503,0.1388
149,1362,1511,0.1388
149,1355,1504,0.1388
150,1360,1510,0.1388
145,1382,1527,0.1388
147,1382,1529,0.1388
144,1386,1530,0.1388
143,1378,1521,0.1388
138,1373,1511,0.1388
135,1380,1515,0.1388
137,1368,1505,0.1388
136,1372,1508,0.1388
138,1369,1507,0.1388
141,1361,1502,0.1388
144,1358,1502,0.1388
145,1354,1499,0.1388
141,1351,1492,0.1388
142,1372,1514,0.1388
142,1359,1501,0.1388
142,1362,1504,0.1388
144,1368,1512,0.1388
143,1378,1521,0.1388
141,1377,1518,0.1388
138,1377,1515,0.1388
139,1379,1518,0.1388
138,1376,1514,0.1388
134,1388,1522,0.1388
133,1380,1513,0.1388
137,1388,1525,0.1388
136,1379,1515,0.1388
130,1386,1516,0.1388
128,1382,1510,0.1388
128,1387,1515,0.1388
125,1385,1510,0.1388
124,1391,1515,0.1388
121,1386,1507,0.1388
119,1381,1500,0.1388
123,1386,1509,0.1388
124,1390,1514,0.1388
121,1376,1497,0.1388
123,1382,1505,0.1388
124,1390,1514,0.1388
122,1393,1515,0.1388
122,1380,1502,0.1388
122,1391,1513,0.1388
121,1390,1511,0.1388
119,1405,1524,0.1388
119,1407,1526,0.1388
114,1407,1521,0.1388
115,1404,1519,0.1388
115,1396,1511,0.1388
113,1395,1508,0.1388
113,1403,1516,0.1388
114,1402,1516,0.1388
114,1402,1516,0.1388
113,1405,1518,0.1388
112,1408,1520,0.1388
113,1414,1527,0.1388
114,1405,1519,0.1388
113,1401,1514,0.1388
108,1409,1517,0.1388
108,1407,1515,0.1388
107,1404,1511,0.1388
108,1401,1509,0.1388
109,1410,1519,0.1388
109,1409,1518,0.1388
114,1408,1522,0.1388
110,1413,1523,0.1388
110,1407,1517,0.1388
109,1425,1534,0.1388
106,1428,1534,0.1388
106,1417,1523,0.1388
103,1411,1514,0.1388
102,1424,1526,0.1388
103,1417,1520,0.1388
103,1422,1525,0.1388
102,1431,1533,0.1388
103,1425,1528,0.1388
102,1421,1523,0.1388
100,1428,1528,0.1388
97,1431,1528,0.1388
100,1429,1529,0.1388
96,1422,1518,0.1388
95,1424,1519,0.1388
92,1420,1512,0.1388
91,1424,1515,0.1388
93,1420,1513,0.1388
93,1424,1517,0.1388
95,1429,1524,0.1388
95,1430,1525,0.1388
93,1430,1523,0.1388
91,1437,1528,0.1388
89,1441,1530,0.1388
89,1440,1529,0.1388
88,1431,1519,0.1388
85,1431,1516,0.1388
87,1435,1522,0.1388
88,1425,1513,0.1388
84,1426,1510,0.1388
83,1429,1512,0.1388
83,1438,1521,0.1388
84,1442,1526,0.1388
82,1434,1516,0.1388
84,1436,1520,0.1388
80,1445,1525,0.1388
79,1428,1507,0.1388
78,1431,1509,0.1388
80,1421,1501,0.1388
80,1430,1510,0.1388
79,1442,1521,0.1388
75,1448,1523,0.1388
74,1453,1527,0.1388
67,1467,1534,0.1388
71,1456,1527,0.1388
70,1455,1525,0.1388
72,1454,1526,0.1388
70,1466,1536,0.1388
67,1453,1520,0.1388
63,1445,1508,0.1388
63,1441,1504,0.1388
63,1437,1500,0.1388
64,1444,1508,0.1388
67,1451,1518,0.1388
65,1440,1505,0.1388
65,1452,1517,0.1388
65,1443,1508,0.1388
67,1437,1504,0.1388
69,1434,1503,0.1388
65,1453,1518,0.1388
63,1458,1521,0.1388
61,1457,1518,0.1388
59,1458,1517,0.1388
57,1451,1508,0.1388
58,1451,1509,0.1388
56,1460,1516,0.1388
60,1466,1526,0.1388
60,1470,1530,0.1388
59,1474,1533,0.1388
57,1458,1515,0.1388
56,1457,1513,0.1388
57,1473,1530,0.1388
55,1473,1528,0.1388
59,1468,1527,0.1388
60,1471,1531,0.1388
60,1477,1537,0.1388
60,1466,1526,0.1388
56,1476,1532,0.1388
56,1476,1532,0.1388
53,1463,1516,0.1388
52,1452,1504,0.1388
53,1444,1497,0.1388
53,1442,1495,0.1388
54,1447,1501,0.1388
51,1464,1515,0.1388
50,1458,1508,0.1388
50,1457,1507,0.1388
49,1452,1501,0.1388
49,1473,1522,0.1388
46,1470,1516,0.1388
50,1470,1520,0.1388
51,1457,1508,0.1388
50,1461,1511,0.1388
49,1472,1521,0.1388
49,1459,1508,0.1388
50,1469,1519,0.1388
50,1465,1515,0.1388
49,1476,1525,0.1388
48,1469,1517,0.1388
48,1469,1517,0.1388
46,1462,1508,0.1388
47,1466,1513,0.1388
45,1472,1517,0.1388
45,1453,1498,0.1388
44,1454,1498,0.1388
44,1465,1509,0.1388
45,1468,1513,0.1388
46,1471,1517,0.1388
47,1464,1511,0.1388
48,1468,1516,0.1388
49,1483,1532,0.1388
48,1473,1521,0.1388
52,1481,1533,0.1388
53,1476,1529,0.1388
51,1470,1521,0.1388
49,1478,1527,0.1388
48,1480,1528,0.1388
49,1463,1512,0.1388
50,1446,1496,0.1388
51,1455,1506,0.1388
50,1454,1504,0.1388
51,1458,1509,0.1388
51,1450,1501,0.1388
50,1454,1504,0.1388
50,1446,1496,0.1388
49,1453,1502,0.1388
49,1464,1513,0.1388
50,1459,1509,0.1388
49,1448,1497,0.1388
48,1466,1514,0.1388
47,1471,1518,0.1388
49,1469,1518,0.1388
49,1468,1517,0.1388
49,1467,1516,0.1388
50,1459,1509,0.1388
49,1437,1486,0.1388
50,1449,1499,0.1388
50,1454,1504,0.1388
48,1453,1501,0.1388
48,1461,1509,0.1388
46,1460,1506,0.1388
44,1464,1508,0.1388
47,1468,1515,0.1388
49,1466,1515,0.1388
51,1457,1508,0.1388
50,1463,1513,0.1388
50,1467,1517,0.1388
50,1476,1526,0.1388
49,1472,1521,0.1388
49,1462,1511,0.1388
47,1464,1511,0.1388
46,1456,1502,0.1388
49,1453,1502,0.1388
50,1467,1517,0.1388
50,1468,1518,0.1388
48,1474,1522,0.1388
49,1461,1510,0.1388
48,1475,1523,0.1388
48,1461,1509,0.1388
48,1467,1515,0.1388
47,1471,1518,0.1388
46,1477,1523,0.1388
44,1493,1537,0.1388
44,1494,1538,0.1388
44,1481,1525,0.1388
47,1464,1511,0.1388
48,1468,1516,0.1388
46,1468,1514,0.1388
42,1473,1515,0.1388
41,1479,1520,0.1388
41,1478,1519,0.1388
41,1484,1525,0.1388
41,1479,1520,0.1388
42,1486,1528,0.1388
41,1482,1523,0.1388
41,1465,1506,0.1388
38,1468,1506,0.1388
40,1481,1521,0.1388
39,1483,1522,0.1388
36,1476,1512,0.1388
36,1479,1515,0.1388
35,1490,1525,0.1388
34,1489,1523,0.1388
36,1496,1532,0.1388
36,1489,1525,0.1388
37,1493,1530,0.1388
36,1492,1528,0.1388
36,1483,1519,0.1388
34,1487,1521,0.1388
33,1487,1520,0.1388
35,1501,1536,0.1388
34,1495,1529,0.1388
35,1499,1534,0.1388
35,1480,1515,0.1388
34,1482,1516,0.1388
34,1487,1521,0.1388
34,1482,1516,0.1388
34,1474,1508,0.1388
32,1476,1508,0.1388
33,1466,1499,0.1388
31,1483,1514,0.1388
30,1493,1523,0.1388
31,1482,1513,0.1388
30,1485,1515,0.1388
30,1481,1511,0.1388
30,1494,1524,0.1388
29,1502,1531,0.1388
29,1495,1524,0.1388
29,1492,1521,0.1388
31,1486,1517,0.1388
30,1478,1508,0.1388
29,1483,1512,0.1388
28,1484,1512,0.1388
28,1485,1513,0.1388
26,1482,1508,0.1388
26,1481,1507,0.1388
25,1481,1506,0.1388
25,1488,1513,0.1388
26,1491,1517,0.1388
27,1477,1504,0.1388
27,1481,1508,0.1388
28,1482,1510,0.1388
27,1487,1514,0.1388
27,1481,1508,0.1388
26,1488,1514,0.1388
24,1486,1510,0.1388
25,1492,1517,0.1388
26,1491,1517,0.1388
26,1491,1517,0.1388
26,1490,1516,0.1388
25,1490,1515,0.1388
24,1504,1528,0.1388
25,1489,1514,0.1388
24,1493,1517,0.1388
24,1506,1530,0.1388
21,1495,1516,0.1388
22,1503,1525,0.1388
21,1503,1524,0.1388
20,1495,1515,0.1388
19,1500,1519,0.1388
19,1502,1521,0.1388
17,1496,1513,0.1388
17,1506,1523,0.1388
16,1489,1505,0.1388
16,1505,1521,0.1388
16,1501,1517,0.1388
16,1497,1513,0.1388
16,1503,1519,0.1388
15,1500,1515,0.1388
15,1498,1513,0.1388
15,1496,1511,0.1388
15,1492,1507,0.1388
14,1483,1497,0.1388
14,1495,1509,0.1388
13,1513,1526,0.1388
13,1515,1528,0.1388
12,1527,1539,0.1388
13,1520,1533,0.1388
13,1512,1525,0.1388
13,1505,1518,0.1388
13,1503,1516,0.1388
13,1496,1509,0.1388
12,1496,1508,0.1388
12,1483,1495,0.1388
11,1513,1524,0.1388
11,1512,1523,0.1388
10,1496,1506,0.1388
10,1497,1507,0.1388
11,1485,1496,0.1388
12,1485,1497,0.1388
11,1504,1515,0.1388
12,1503,1515,0.1388
12,1503,1515,0.1388
12,1520,1532,0.1388
12,1513,1525,0.1388
10,1513,1523,0.1388
10,1511,1521,0.1388
9,1521,1530,0.1388
9,1507,1516,0.1388
10,1510,1520,0.1388
10,1503,1513,0.1388
10,1506,1516,0.1388
10,1506,1516,0.1388
10,1513,1523,0.1388
9,1507,1516,0.1388
9,1502,1511,0.1388
10,1493,1503,0.1388
10,1504,1514,0.1388
11,1498,1509,0.1388
11,1519,1530,0.1388
11,1509,1520,0.1388
11,1505,1516,0.1388
10,1499,1509,0.1388
10,1505,1515,0.1388
11,1504,1515,0.1388
11,1509,1520,0.1388
12,1512,1524,0.1388
12,1498,1510,0.1388
12,1491,1503,0.1388
10,1498,1508,0.1388
10,1497,1507,0.1388
10,1495,1505,0.1388
11,1502,1513,0.1388
11,1506,1517,0.1388
11,1513,1524,0.1388
10,1515,1525,0.1388
10,1498,1508,0.1388
11,1496,1507,0.1388
11,1504,1515,0.1388
12,1495,1507,0.1388
12,1496,1508,0.1388
11,1499,1510,0.1388
11,1503,1514,0.1388
11,1505,1516,0.1388
11,1495,1506,0.1388
11,1492,1503,0.1388
11,1487,1498,0.1388
11,1497,1508,0.1388
11,1500,1511,0.1388
10,1511,1521,0.1388
10,1521,1531,0.1388
10,1507,1517,0.1388
11,1512,1523,0.1388
11,1509,1520,0.1388
12,1503,1515,0.1388
12,1500,1512,0.1388
12,1480,1492,0.1388
11,1494,1505,0.1388
11,1498,1509,0.1388
11,1500,1511,0.1388
11,1512,1523,0.1388
11,1515,1526,0.1388
11,1517,1528,0.1388
12,1518,1530,0.1388
12,1519,1531,0.1388
12,1520,1532,0.1388
12,1514,1526,0.1388
13,1509,1522,0.1388
12,1517,1529,0.1388
11,1511,1522,0.1388
12,1507,1519,0.1388
12,1519,1531,0.1388
13,1516,1529,0.1388
12,1522,1534,0.1388
13,1514,1527,0.1388
12,1508,1520,0.1388
12,1508,1520,0.1388
12,1508,1520,0.1388
12,1495,1507,0.1388
12,1509,1521,0.1388
12,1500,1512,0.1388
13,1490,1503,0.1388
13,1486,1499,0.1388
14,1484,1498,0.1388
14,1492,1506,0.1388
14,1500,1514,0.1388
13,1508,1521,0.1388
15,1521,1536,0.1388
15,1520,1535,0.1388
15,1504,1519,0.1388
15,1495,1510,0.1388
13,1505,1518,0.1388
13,1514,1527,0.1388
12,1509,1521,0.1388
13,1514,1527,0.1388
12,1506,1518,0.1388
13,1500,1513,0.1388
13,1504,1517,0.1388
13,1507,1520,0.1388
12,1498,1510,0.1388
12,1490,1502,0.1388
12,1503,1515,0.1388
13,1500,1513,0.1388
12,1505,1517,0.1388
12,1509,1521,0.1388
11,1501,1512,0.1388
10,1506,1516,0.1388
10,1523,1533,0.1388
12,1515,1527,0.1388
13,1517,1530,0.1388
13,1513,1526,0.1388
13,1494,1507,0.1388
13,1493,1506,0.1388
12,1496,1508,0.1388
13,1497,1510,0.1388
12,1508,1520,0.1388
11,1499,1510,0.1388
11,1493,1504,0.1388
11,1489,1500,0.1388
10,1493,1503,0.1388
10,1509,1519,0.1388
10,1510,1520,0.1388
10,1507,1517,0.1388
10,1503,1513,0.1388
9,1497,1506,0.1388
9,1500,1509,0.1388
9,1515,1524,0.1388
9,1520,1529,0.1388
8,1532,1540,0.1388
9,1525,1534,0.1388
8,1508,1516,0.1388
8,1512,1520,0.1388
8,1515,1523,0.1388
7,1511,1518,0.1388
7,1516,1523,0.1388
7,1515,1522,0.1388
7,1529,1536,0.1388
7,1535,1542,0.1388
6,1513,1519,0.1388
6,1512,1518,0.1388
6,1514,1520,0.1388
6,1519,1525,0.1388
6,1518,1524,0.1388
7,1512,1519,0.1388
8,1515,1523,0.1388
10,1523,1533,0.1388
10,1520,1530,0.1388
9,1499,1508,0.1388
8,1510,1518,0.1388
8,1519,1527,0.1388
6,1513,1519,0.1388
6,1509,1515,0.1388
8,1515,1523,0.1388
8,1510,1518,0.1388
8,1506,1514,0.1388
7,1508,1515,0.1388
7,1507,1514,0.1388
7,1500,1507,0.1388
8,1506,1514,0.1388
8,1500,1508,0.1388
8,1495,1503,0.1388
8,1495,1503,0.1388
8,1507,1515,0.1388
8,1510,1518,0.1388
8,1509,1517,0.1388
8,1517,1525,0.1388
7,1519,1526,0.1388
6,1511,1517,0.1388
5,1514,1519,0.1388
5,1516,1521,0.1388
5,1508,1513,0.1388
5,1511,1516,0.1388
5,1503,1508,0.1388
5,1505,1510,0.1388
6,1528,1534,0.1388
6,1527,1533,0.1388
6,1528,1534,0.1388
6,1512,1518,0.1388
6,1512,1518,0.1388
6,1520,1526,0.1388
6,1522,1528,0.1388
7,1527,1534,0.1388
7,1523,1530,0.1388
7,1522,1529,0.1388
7,1523,1530,0.1388
7,1517,1524,0.1388
6,1509,1515,0.1388
7,1495,1502,0.1388
7,1495,1502,0.1388
7,1497,1504,0.1388
7,1492,1499,0.1388
8,1513,1521,0.1388
9,1513,1522,0.1388
9,1510,1519,0.1388
10,1504,1514,0.1388
10,1503,1513,0.1388
10,1495,1505,0.1388
11,1475,1486,0.1388
11,1474,1485,0.1388
11,1481,1492,0.1388
11,1492,1503,0.1388
11,1494,1505,0.1388
8,1496,1504,0.1388
8,1511,1519,0.1388
8,1505,1513,0.1388
9,1511,1520,0.1388
10,1520,1530,0.1388
10,1510,1520,0.1388
9,1493,1502,0.1388
10,1492,1502,0.1388
10,1506,1516,0.1388
10,1508,1518,0.1388
10,1521,1531,0.1388
10,1510,1520,0.1388
10,1517,1527,0.1388
9,1522,1531,0.1388
9,1514,1523,0.1388
7,1503,1510,0.1388
7,1514,1521,0.1388
7,1510,1517,0.1388
6,1497,1503,0.1388
6,1506,1512,0.1388
6,1518,1524,0.1388
6,1520,1526,0.1388
6,1509,1515,0.1388
7,1511,1518,0.1388
7,1512,1519,0.1388
7,1511,1518,0.1388
7,1498,1505,0.1388
8,1513,1521,0.1388
8,1527,1535,0.1388
8,1522,1530,0.1388
8,1525,1533,0.1388
8,1519,1527,0.1388
8,1522,1530,0.1388
7,1513,1520,0.1388
7,1514,1521,0.1388
7,1506,1513,0.1388
7,1509,1516,0.1388
7,1522,1529,0.1388
7,1514,1521,0.1388
9,1506,1515,0.1388
9,1497,1506,0.1388
9,1502,1511,0.1388
10,1505,1515,0.1388
10,1510,1520,0.1388
10,1510,1520,0.1388
10,1503,1513,0.1388
10,1508,1518,0.1388
10,1510,1520,0.1388
9,1509,1518,0.1388
9,1496,1505,0.1388
10,1493,1503,0.1388
11,1505,1516,0.1388
10,1502,1512,0.1388
10,1512,1522,0.1388
10,1504,1514,0.1388
11,1497,1508,0.1388
11,1507,1518,0.1388
12,1506,1518,0.1388
11,1501,1512,0.1388
12,1500,1512,0.1388
11,1500,1511,0.1388
13,1502,1515,0.1388
14,1506,1520,0.1388
14,1512,1526,0.1388
15,1504,1519,0.1388
14,1500,1514,0.1388
14,1501,1515,0.1388
14,1503,1517,0.1388
14,1510,1524,0.1388
13,1507,1520,0.1388
13,1498,1511,0.1388
11,1498,1509,0.1388
12,1507,1519,0.1388
13,1512,1525,0.1388
13,1502,1515,0.1388
13,1518,1531,0.1388
12,1511,1523,0.1388
10,1521,1531,0.1388
9,1518,1527,0.1388
11,1499,1510,0.1388
11,1503,1514,0.1388
11,1514,1525,0.1388
10,1512,1522,0.1388
8,1508,1516,0.1388
8,1512,1520,0.1388
8,1512,1520,0.1388
8,1508,1516,0.1388
8,1505,1513,0.1388
8,1514,1522,0.1388
9,1504,1513,0.1388
9,1504,1513,0.1388
9,1499,1508,0.1388
9,1506,1515,0.1388
9,1514,1523,0.1388
8,1521,1529,0.1388
8,1524,1532,0.1388
8,1521,1529,0.1388
8,1522,1530,0.1388
8,1513,1521,0.1388
8,1520,1528,0.1388
8,1515,1523,0.1388
8,1503,1511,0.1388
8,1495,1503,0.1388
9,1496,1505,0.1388
9,1515,1524,0.1388
9,1515,1524,0.1388
9,1520,1529,0.1388
9,1512,1521,0.1388
8,1514,1522,0.1388
8,1514,1522,0.1388
8,1517,1525,0.1388
8,1507,1515,0.1388
8,1509,1517,0.1388
8,1515,1523,0.1388
8,1509,1517,0.1388
8,1507,1515,0.1388
9,1500,1509,0.1388
9,1510,1519,0.1388
9,1507,1516,0.1388
8,1494,1502,0.1388
8,1493,1501,0.1388
8,1498,1506,0.1388
8,1498,1506,0.1388
8,1499,1507,0.1388
7,1491,1498,0.1388
7,1494,1501,0.1388
7,1500,1507,0.1388
7,1492,1499,0.1388
7,1484,1491,0.1388
6,1507,1513,0.1388
6,1509,1515,0.1388
6,1508,1514,0.1388
7,1503,1510,0.1388
8,1500,1508,0.1388
8,1509,1517,0.1388
7,1498,1505,0.1388
7,1508,1515,0.1388
7,1506,1513,0.1388
9,1500,1509,0.1388
8,1506,1514,0.1388
8,1496,1504,0.1388
8,1491,1499,0.1388
7,1492,1499,0.1388
7,1499,1506,0.1388
7,1504,1511,0.1388
7,1513,1520,0.1388
7,1512,1519,0.1388
8,1492,1500,0.1388
8,1493,1501,0.1388
9,1500,1509,0.1388
9,1512,1521,0.1388
9,1520,1529,0.1388
9,1512,1521,0.1388
9,1504,1513,0.1388
9,1518,1527,0.1388
8,1522,1530,0.1388
7,1523,1530,0.1388
8,1526,1534,0.1388
8,1511,1519,0.1388
8,1511,1519,0.1388
8,1511,1519,0.1388
8,1516,1524,0.1388
9,1504,1513,0.1388
9,1500,1509,0.1388
9,1505,1514,0.1388
9,1509,1518,0.1388
9,1517,1526,0.1388
9,1532,1541,0.1388
9,1516,1525,0.1388
8,1508,1516,0.1388
6,1511,1517,0.1388
6,1514,1520,0.1388
6,1504,1510,0.1388
6,1501,1507,0.1388
5,1519,1524,0.1388
4,1515,1519,0.1388
4,1510,1514,0.1388
4,1512,1516,0.1388
4,1524,1528,0.1388
4,1525,1529,0.1388
4,1515,1519,0.1388
4,1524,1528,0.1388
4,1517,1521,0.1388
5,1512,1517,0.1388
5,1510,1515,0.1388
4,1516,1520,0.1388
4,1514,1518,0.1388
5,1516,1521,0.1388
5,1521,1526,0.1388
5,1516,1521,0.1388
6,1517,1523,0.1388
6,1506,1512,0.1388
6,1492,1498,0.1388
6,1499,1505,0.1388
6,1504,1510,0.1388
6,1510,1516,0.1388
6,1513,1519,0.1388
6,1516,1522,0.1388
5,1502,1507,0.1388
5,1514,1519,0.1388
5,1524,1529,0.1388
5,1529,1534,0.1388
5,1527,1532,0.1388
6,1516,1522,0.1388
5,1511,1516,0.1388
4,1526,1530,0.1388
4,1505,1509,0.1388
4,1507,1511,0.1388
3,1502,1505,0.1388
3,1500,1503,0.1388
2,1520,1522,0.1388
2,1515,1517,0.1388
2,1515,1517,0.1388
2,1499,1501,0.1388
2,1500,1502,0.1388
2,1508,1510,0.1388
3,1511,1514,0.1388
3,1513,1516,0.1388
3,1504,1507,0.1388
3,1510,1513,0.1388
3,1508,1511,0.1388
2,1501,1503,0.1388
2,1504,1506,0.1388
2,1512,1514,0.1388
2,1519,1521,0.1388
2,1520,1522,0.1388
2,1526,1528,0.1388
2,1521,1523,0.1388
2,1512,1514,0.1388
2,1517,1519,0.1388
2,1517,1519,0.1388
2,1525,1527,0.1388
2,1522,1524,0.1388
2,1512,1514,0.1388
2,1518,1520,0.1388
2,1525,1527,0.1388
2,1524,1526,0.1388
2,1521,1523,0.1388
2,1536,1538,0.1388
2,1532,1534,0.1388
2,1532,1534,0.1388
1,1534,1535,0.1388
1,1516,1517,0.1388
1,1524,1525,0.1388
0,1512,1512,0.1388
