1381,27,1408,0.1388
1405,28,1433,0.1388
1426,28,1454,0.1388
1439,29,1468,0.1388
1432,27,1459,0.1388
1441,29,1470,0.1388
1449,29,1478,0.1388
1458,29,1487,0.1388
1447,31,1478,0.1388
1446,28,1474,0.1388
1456,31,1487,0.1388
1475,32,1507,0.1388
1474,33,1507,0.1388
1465,32,1497,0.1388
1476,33,1509,0.1388
1453,33,1486,0.1388
1445,35,1480,0.1388
1448,34,1482,0.1388
1444,34,1478,0.1388
1444,33,1477,0.1388
1458,32,1490,0.1388
1463,31,1494,0.1388
1461,30,1491,0.1388
1451,31,1482,0.1388
1452,29,1481,0.1388
1449,28,1477,0.1388
1448,27,1475,0.1388
1457,28,1485,0.1388
1466,29,1495,0.1388
1455,30,1485,0.1388
1461,31,1492,0.1388
1452,31,1483,0.1388
1452,27,1479,0.1388
1448,28,1476,0.1388
1455,31,1486,0.1388
1474,31,1505,0.1388
1462,31,1493,0.1388
1460,31,1491,0.1388
1462,30,1492,0.1388
1465,34,1499,0.1388
1456,33,1489,0.1388
1450,32,1482,0.1388
1455,33,1488,0.1388
1452,34,1486,0.1388
1462,33,1495,0.1388
1463,34,1497,0.1388
1478,31,1509,0.1388
1474,32,1506,0.1388
1462,30,1492,0.1388
1466,30,1496,0.1388
1469,31,1500,0.1388
1469,30,1499,0.1388
1463,27,1490,0.1388
1472,29,1501,0.1388
1475,29,1504,0.1388
1467,30,1497,0.1388
1454,26,1480,0.1388
1475,26,1501,0.1388
1465,26,1491,0.1388
1471,27,1498,0.1388
1461,27,1488,0.1388
1463,28,1491,0.1388
1460,31,1491,0.1388
1447,32,1479,0.1388
1457,33,1490,0.1388
1467,32,1499,0.1388
1479,32,1511,0.1388
1477,32,1509,0.1388
1472,31,1503,0.1388
1477,30,1507,0.1388
1485,30,1515,0.1388
1476,28,1504,0.1388
1475,26,1501,0.1388
1464,25,1489,0.1388
1459,26,1485,0.1388
1450,25,1475,0.1388
1452,25,1477,0.1388
1465,25,1490,0.1388
1472,24,1496,0.1388
1460,26,1486,0.1388
1462,24,1486,0.1388
1462,24,1486,0.1388
1464,24,1488,0.1388
1465,27,1492,0.1388
1476,28,1504,0.1388
1471,29,1500,0.1388
1475,31,1506,0.1388
1472,30,1502,0.1388
1478,33,1511,0.1388
1472,34,1506,0.1388
1462,33,1495,0.1388
1460,32,1492,0.1388
1449,33,1482,0.1388
1453,30,1483,0.1388
1449,32,1481,0.1388
1460,34,1494,0.1388
1469,33,1502,0.1388
1465,33,1498,0.1388
1473,34,1507,0.1388
1466,32,1498,0.1388
1476,34,1510,0.1388
1468,33,1501,0.1388
1467,32,1499,0.1388
1473,32,1505,0.1388
1463,33,1496,0.1388
1463,33,1496,0.1388
1460,30,1490,0.1388
1461,31,1492,0.1388
1461,33,1494,0.1388
1463,34,1497,0.1388
1462,34,1496,0.1388
1449,35,1484,0.1388
1460,35,1495,0.1388
1457,35,1492,0.1388
1450,35,1485,0.1388
1459,35,1494,0.1388
1456,35,1491,0.1388
1460,36,1496,0.1388
1469,36,1505,0.1388
1465,38,1503,0.1388
1453,38,1491,0.1388
1460,37,1497,0.1388
1453,36,1489,0.1388
1448,33,1481,0.1388
1452,34,1486,0.1388
1451,36,1487,0.1388
1465,34,1499,0.1388
1456,34,1490,0.1388
1443,37,1480,0.1388
1457,36,1493,0.1388
1459,38,1497,0.1388
1464,38,1502,0.1388
1470,38,1508,0.1388
1466,37,1503,0.1388
1452,38,1490,0.1388
1457,38,1495,0.1388
1461,35,1496,0.1388
1453,34,1487,0.1388
1461,37,1498,0.1388
1472,37,1509,0.1388
1476,37,1513,0.1388
1454,36,1490,0.1388
1460,36,1496,0.1388
1464,37,1501,0.1388
1452,36,1488,0.1388
1442,37,1479,0.1388
1433,39,1472,0.1388
1450,39,1489,0.1388
1451,37,1488,0.1388
1434,38,1472,0.1388
1436,40,1476,0.1388
1439,41,1480,0.1388
1432,41,1473,0.1388
1441,39,1480,0.1388
1452,36,1488,0.1388
1460,33,1493,0.1388
1467,33,1500,0.1388
1461,34,1495,0.1388
1454,33,1487,0.1388
1472,34,1506,0.1388
1457,37,1494,0.1388
1461,37,1498,0.1388
1448,36,1484,0.1388
1437,39,1476,0.1388
1439,39,1478,0.1388
1437,40,1477,0.1388
1444,43,1487,0.1388
1434,46,1480,0.1388
1441,47,1488,0.1388
1442,48,1490,0.1388
1442,49,1491,0.1388
1441,47,1488,0.1388
1437,47,1484,0.1388
1438,50,1488,0.1388
1433,50,1483,0.1388
1436,49,1485,0.1388
1457,47,1504,0.1388
1456,47,1503,0.1388
1460,48,1508,0.1388
1461,49,1510,0.1388
1455,49,1504,0.1388
1447,50,1497,0.1388
1451,49,1500,0.1388
1449,48,1497,0.1388
1449,48,1497,0.1388
1443,46,1489,0.1388
1432,47,1479,0.1388
1438,44,1482,0.1388
1457,47,1504,0.1388
1457,48,1505,0.1388
1459,47,1506,0.1388
1452,47,1499,0.1388
1454,49,1503,0.1388
1441,49,1490,0.1388
1453,48,1501,0.1388
1458,47,1505,0.1388
1465,46,1511,0.1388
1469,47,1516,0.1388
1476,48,1524,0.1388
1478,49,1527,0.1388
1470,47,1517,0.1388
1464,49,1513,0.1388
1467,47,1514,0.1388
1455,47,1502,0.1388
1459,49,1508,0.1388
1452,51,1503,0.1388
1444,48,1492,0.1388
1452,49,1501,0.1388
1448,48,1496,0.1388
1438,50,1488,0.1388
1448,51,1499,0.1388
1441,47,1488,0.1388
1441,46,1487,0.1388
1440,48,1488,0.1388
1447,51,1498,0.1388
1449,51,1500,0.1388
1443,53,1496,0.1388
1433,56,1489,0.1388
1438,59,1497,0.1388
1424,59,1483,0.1388
1428,63,1491,0.1388
1425,61,1486,0.1388
1434,61,1495,0.1388
1427,61,1488,0.1388
1431,66,1497,0.1388
1426,68,1494,0.1388
1427,67,1494,0.1388
1416,68,1484,0.1388
1411,67,1478,0.1388
1420,69,1489,0.1388
1425,69,1494,0.1388
1424,68,1492,0.1388
1426,69,1495,0.1388
1429,67,1496,0.1388
1419,69,1488,0.1388
1414,66,1480,0.1388
1413,65,1478,0.1388
1420,66,1486,0.1388
1423,65,1488,0.1388
1429,63,1492,0.1388
1419,65,1484,0.1388
1429,64,1493,0.1388
1447,63,1510,0.1388
1431,62,1493,0.1388
1439,61,1500,0.1388
1445,61,1506,0.1388
1439,60,1499,0.1388
1430,60,1490,0.1388
1426,63,1489,0.1388
1432,61,1493,0.1388
1432,58,1490,0.1388
1426,59,1485,0.1388
1423,58,1481,0.1388
1433,60,1493,0.1388
1428,63,1491,0.1388
1423,64,1487,0.1388
1432,66,1498,0.1388
1425,66,1491,0.1388
1426,66,1492,0.1388
1426,68,1494,0.1388
1431,67,1498,0.1388
1454,68,1522,0.1388
1441,71,1512,0.1388
1432,72,1504,0.1388
1429,70,1499,0.1388
1429,70,1499,0.1388
1425,71,1496,0.1388
1424,72,1496,0.1388
1417,69,1486,0.1388
1422,68,1490,0.1388
1435,70,1505,0.1388
1429,72,1501,0.1388
1431,75,1506,0.1388
1426,73,1499,0.1388
1419,70,1489,0.1388
1416,72,1488,0.1388
1426,72,1498,0.1388
1406,72,1478,0.1388
1417,74,1491,0.1388
1427,73,1500,0.1388
1431,73,1504,0.1388
1412,75,1487,0.1388
1415,73,1488,0.1388
1420,68,1488,0.1388
1426,68,1494,0.1388
1422,70,1492,0.1388
1414,68,1482,0.1388
1415,69,1484,0.1388
1414,70,1484,0.1388
1406,71,1477,0.1388
1410,71,1481,0.1388
1424,71,1495,0.1388
1415,70,1485,0.1388
1418,71,1489,0.1388
1417,74,1491,0.1388
1422,77,1499,0.1388
1425,80,1505,0.1388
1428,79,1507,0.1388
1422,78,1500,0.1388
1418,80,1498,0.1388
1412,82,1494,0.1388
1421,83,1504,0.1388
1423,86,1509,0.1388
1417,89,1506,0.1388
1403,85,1488,0.1388
1400,84,1484,0.1388
1401,83,1484,0.1388
1411,81,1492,0.1388
1418,80,1498,0.1388
1426,84,1510,0.1388
1420,84,1504,0.1388
1421,82,1503,0.1388
1411,83,1494,0.1388
1408,83,1491,0.1388
1400,86,1486,0.1388
1412,86,1498,0.1388
1400,83,1483,0.1388
1393,81,1474,0.1388
1405,80,1485,0.1388
1400,81,1481,0.1388
1402,87,1489,0.1388
1406,85,1491,0.1388
1401,89,1490,0.1388
1382,93,1475,0.1388
1382,95,1477,0.1388
1397,95,1492,0.1388
1405,91,1496,0.1388
1407,94,1501,0.1388
1395,94,1489,0.1388
1390,93,1483,0.1388
1385,94,1479,0.1388
1396,95,1491,0.1388
1388,95,1483,0.1388
1378,96,1474,0.1388
1392,100,1492,0.1388
1398,99,1497,0.1388
1396,102,1498,0.1388
1405,99,1504,0.1388
1399,104,1503,0.1388
1391,102,1493,0.1388
1401,100,1501,0.1388
1406,98,1504,0.1388
1406,93,1499,0.1388
1404,89,1493,0.1388
1400,92,1492,0.1388
1395,92,1487,0.1388
1399,92,1491,0.1388
1403,92,1495,0.1388
1393,95,1488,0.1388
1390,93,1483,0.1388
1396,90,1486,0.1388
1401,91,1492,0.1388
1396,91,1487,0.1388
1398,89,1487,0.1388
1408,89,1497,0.1388
1399,92,1491,0.1388
1404,94,1498,0.1388
1401,94,1495,0.1388
1399,94,1493,0.1388
1400,92,1492,0.1388
1404,92,1496,0.1388
1393,92,1485,0.1388
1394,95,1489,0.1388
1407,96,1503,0.1388
1395,97,1492,0.1388
1400,96,1496,0.1388
1405,99,1504,0.1388
1419,98,1517,0.1388
1408,99,1507,0.1388
1387,97,1484,0.1388
1378,96,1474,0.1388
1378,93,1471,0.1388
1384,97,1481,0.1388
1396,98,1494,0.1388
1391,99,1490,0.1388
1388,97,1485,0.1388
1406,98,1504,0.1388
1404,98,1502,0.1388
1391,98,1489,0.1388
1396,94,1490,0.1388
1400,94,1494,0.1388
1404,93,1497,0.1388
1410,94,1504,0.1388
1409,95,1504,0.1388
1395,96,1491,0.1388
1398,100,1498,0.1388
1400,97,1497,0.1388
1403,97,1500,0.1388
1404,96,1500,0.1388
1396,98,1494,0.1388
1406,99,1505,0.1388
1408,101,1509,0.1388
1414,103,1517,0.1388
1395,105,1500,0.1388
1397,107,1504,0.1388
1395,104,1499,0.1388
1390,102,1492,0.1388
1380,99,1479,0.1388
1393,100,1493,0.1388
1384,96,1480,0.1388
1384,99,1483,0.1388
1381,100,1481,0.1388
1381,100,1481,0.1388
1384,101,1485,0.1388
1398,102,1500,0.1388
1395,106,1501,0.1388
1396,104,1500,0.1388
1378,110,1488,0.1388
1387,111,1498,0.1388
1382,113,1495,0.1388
1392,111,1503,0.1388
1389,109,1498,0.1388
1395,108,1503,0.1388
1389,111,1500,0.1388
1396,110,1506,0.1388
1400,109,1509,0.1388
1393,108,1501,0.1388
1378,108,1486,0.1388
1390,109,1499,0.1388
1388,107,1495,0.1388
1393,107,1500,0.1388
1396,105,1501,0.1388
1384,106,1490,0.1388
1387,104,1491,0.1388
1389,112,1501,0.1388
1394,112,1506,0.1388
1377,114,1491,0.1388
1378,113,1491,0.1388
1375,111,1486,0.1388
1387,114,1501,0.1388
1380,112,1492,0.1388
1376,114,1490,0.1388
1386,110,1496,0.1388
1384,113,1497,0.1388
1369,109,1478,0.1388
1372,110,1482,0.1388
1368,112,1480,0.1388
1378,113,1491,0.1388
1378,112,1490,0.1388
1374,113,1487,0.1388
1363,114,1477,0.1388
1358,111,1469,0.1388
1355,111,1466,0.1388
1349,110,1459,0.1388
1370,116,1486,0.1388
1372,117,1489,0.1388
1359,118,1477,0.1388
1356,115,1471,0.1388
1367,115,1482,0.1388
1369,116,1485,0.1388
1380,113,1493,0.1388
1391,111,1502,0.1388
1397,111,1508,0.1388
1389,112,1501,0.1388
1393,114,1507,0.1388
1380,112,1492,0.1388
1379,110,1489,0.1388
1363,110,1473,0.1388
1360,109,1469,0.1388
1367,110,1477,0.1388
1361,110,1471,0.1388
1364,111,1475,0.1388
1389,115,1504,0.1388
1390,116,1506,0.1388
1382,115,1497,0.1388
1377,116,1493,0.1388
1370,117,1487,0.1388
1368,119,1487,0.1388
1368,122,1490,0.1388
1364,118,1482,0.1388
1364,117,1481,0.1388
1367,119,1486,0.1388
1384,118,1502,0.1388
1379,120,1499,0.1388
1379,117,1496,0.1388
1387,117,1504,0.1388
1389,116,1505,0.1388
1389,114,1503,0.1388
1396,114,1510,0.1388
1387,118,1505,0.1388
1388,118,1506,0.1388
1391,118,1509,0.1388
1383,118,1501,0.1388
1385,119,1504,0.1388
1379,116,1495,0.1388
1372,118,1490,0.1388
1377,114,1491,0.1388
1390,111,1501,0.1388
1388,117,1505,0.1388
1392,110,1502,0.1388
1385,114,1499,0.1388
1378,116,1494,0.1388
1389,121,1510,0.1388
1378,123,1501,0.1388
1390,123,1513,0.1388
1371,123,1494,0.1388
1386,120,1506,0.1388
1380,116,1496,0.1388
1389,122,1511,0.1388
1396,122,1518,0.1388
1375,120,1495,0.1388
1379,121,1500,0.1388
1356,119,1475,0.1388
1351,122,1473,0.1388
1365,124,1489,0.1388
1361,126,1487,0.1388
1373,128,1501,0.1388
1361,127,1488,0.1388
1360,126,1486,0.1388
1352,124,1476,0.1388
1365,124,1489,0.1388
1379,124,1503,0.1388
1374,130,1504,0.1388
1365,127,1492,0.1388
1362,127,1489,0.1388
1363,127,1490,0.1388
1364,129,1493,0.1388
1368,126,1494,0.1388
1374,124,1498,0.1388
1378,122,1500,0.1388
1380,121,1501,0.1388
1386,122,1508,0.1388
1393,124,1517,0.1388
1382,125,1507,0.1388
1363,127,1490,0.1388
1365,130,1495,0.1388
1357,132,1489,0.1388
1355,133,1488,0.1388
1352,132,1484,0.1388
1334,128,1462,0.1388
1345,126,1471,0.1388
1360,125,1485,0.1388
1363,126,1489,0.1388
1366,124,1490,0.1388
1359,123,1482,0.1388
1363,122,1485,0.1388
1375,123,1498,0.1388
1375,126,1501,0.1388
1382,126,1508,0.1388
1381,128,1509,0.1388
1376,131,1507,0.1388
1381,129,1510,0.1388
1376,130,1506,0.1388
1362,129,1491,0.1388
1362,133,1495,0.1388
1369,131,1500,0.1388
1372,135,1507,0.1388
1375,136,1511,0.1388
1378,132,1510,0.1388
1364,133,1497,0.1388
1347,133,1480,0.1388
1365,136,1501,0.1388
1369,132,1501,0.1388
1371,132,1503,0.1388
1367,133,1500,0.1388
1365,134,1499,0.1388
1359,136,1495,0.1388
1357,139,1496,0.1388
1359,138,1497,0.1388
1349,141,1490,0.1388
1362,142,1504,0.1388
1354,143,1497,0.1388
1344,140,1484,0.1388
1347,141,1488,0.1388
1355,138,1493,0.1388
1353,140,1493,0.1388
1355,138,1493,0.1388
1357,141,1498,0.1388
1344,141,1485,0.1388
1355,141,1496,0.1388
1353,139,1492,0.1388
1353,140,1493,0.1388
1350,140,1490,0.1388
1358,143,1501,0.1388
1363,142,1505,0.1388
1351,146,1497,0.1388
1343,152,1495,0.1388
1346,153,1499,0.1388
1360,154,1514,0.1388
1343,151,1494,0.1388
1339,152,1491,0.1388
1342,155,1497,0.1388
1348,153,1501,0.1388
1344,156,1500,0.1388
1345,160,1505,0.1388
1337,156,1493,0.1388
1327,159,1486,0.1388
1307,158,1465,0.1388
1316,162,1478,0.1388
1316,166,1482,0.1388
1323,166,1489,0.1388
1326,169,1495,0.1388
1332,173,1505,0.1388
1318,171,1489,0.1388
1329,174,1503,0.1388
1333,173,1506,0.1388
1326,178,1504,0.1388
1321,177,1498,0.1388
1326,175,1501,0.1388
1330,173,1503,0.1388
1337,176,1513,0.1388
1327,176,1503,0.1388
1310,176,1486,0.1388
1299,177,1476,0.1388
1320,176,1496,0.1388
1323,174,1497,0.1388
1328,178,1506,0.1388
1324,172,1496,0.1388
1317,174,1491,0.1388
1322,175,1497,0.1388
1317,172,1489,0.1388
1323,176,1499,0.1388
1320,173,1493,0.1388
1338,174,1512,0.1388
1337,173,1510,0.1388
1312,180,1492,0.1388
1304,180,1484,0.1388
1306,183,1489,0.1388
1303,181,1484,0.1388
1316,181,1497,0.1388
1311,181,1492,0.1388
1320,182,1502,0.1388
1316,178,1494,0.1388
1323,175,1498,0.1388
1312,175,1487,0.1388
1328,180,1508,0.1388
1330,182,1512,0.1388
1337,181,1518,0.1388
1327,183,1510,0.1388
1330,179,1509,0.1388
1322,173,1495,0.1388
1327,175,1502,0.1388
1338,175,1513,0.1388
1339,178,1517,0.1388
1336,180,1516,0.1388
1332,178,1510,0.1388
1336,181,1517,0.1388
1331,181,1512,0.1388
1326,178,1504,0.1388
1328,178,1506,0.1388
1326,174,1500,0.1388
1324,168,1492,0.1388
1310,169,1479,0.1388
1302,162,1464,0.1388
1316,165,1481,0.1388
1316,170,1486,0.1388
1320,168,1488,0.1388
1323,169,1492,0.1388
1325,168,1493,0.1388
1331,172,1503,0.1388
1337,175,1512,0.1388
1346,171,1517,0.1388
1336,164,1500,0.1388
1336,162,1498,0.1388
1334,164,1498,0.1388
1338,168,1506,0.1388
1323,167,1490,0.1388
1330,170,1500,0.1388
1338,171,1509,0.1388
1332,171,1503,0.1388
1327,171,1498,0.1388
1321,175,1496,0.1388
1323,179,1502,0.1388
1319,177,1496,0.1388
1314,178,1492,0.1388
1317,181,1498,0.1388
1319,178,1497,0.1388
1307,183,1490,0.1388
1308,185,1493,0.1388
1304,184,1488,0.1388
1304,186,1490,0.1388
1309,188,1497,0.1388
1298,187,1485,0.1388
1295,183,1478,0.1388
1297,183,1480,0.1388
1303,189,1492,0.1388
1310,188,1498,0.1388
1303,183,1486,0.1388
1314,187,1501,0.1388
1321,187,1508,0.1388
1321,183,1504,0.1388
1318,183,1501,0.1388
1323,185,1508,0.1388
1326,185,1511,0.1388
1325,184,1509,0.1388
1315,188,1503,0.1388
1308,183,1491,0.1388
1310,182,1492,0.1388
1313,186,1499,0.1388
1312,187,1499,0.1388
1304,187,1491,0.1388
1324,184,1508,0.1388
1310,184,1494,0.1388
1317,185,1502,0.1388
1319,184,1503,0.1388
1322,186,1508,0.1388
1319,189,1508,0.1388
1306,185,1491,0.1388
1291,192,1483,0.1388
1290,192,1482,0.1388
1298,186,1484,0.1388
1309,188,1497,0.1388
1312,187,1499,0.1388
1306,186,1492,0.1388
1299,187,1486,0.1388
1285,193,1478,0.1388
1283,196,1479,0.1388
1279,197,1476,0.1388
1275,196,1471,0.1388
1278,197,1475,0.1388
1282,205,1487,0.1388
1277,203,1480,0.1388
1279,205,1484,0.1388
1280,206,1486,0.1388
1278,206,1484,0.1388
1274,210,1484,0.1388
1286,208,1494,0.1388
1281,209,1490,0.1388
1295,209,1504,0.1388
1291,211,1502,0.1388
1290,211,1501,0.1388
1287,209,1496,0.1388
1286,215,1501,0.1388
1298,212,1510,0.1388
1285,216,1501,0.1388
1275,222,1497,0.1388
1273,221,1494,0.1388
1274,217,1491,0.1388
1273,217,1490,0.1388
1271,215,1486,0.1388
1273,222,1495,0.1388
1259,224,1483,0.1388
1254,230,1484,0.1388
1259,236,1495,0.1388
1244,231,1475,0.1388
1249,234,1483,0.1388
1243,238,1481,0.1388
1250,239,1489,0.1388
1240,236,1476,0.1388
1246,235,1481,0.1388
1250,240,1490,0.1388
1248,236,1484,0.1388
1237,238,1475,0.1388
1252,238,1490,0.1388
1247,236,1483,0.1388
1254,236,1490,0.1388
1259,237,1496,0.1388
1250,240,1490,0.1388
1250,239,1489,0.1388
1241,243,1484,0.1388
1247,246,1493,0.1388
1255,252,1507,0.1388
1253,252,1505,0.1388
1262,243,1505,0.1388
1250,241,1491,0.1388
1259,237,1496,0.1388
1252,244,1496,0.1388
1249,243,1492,0.1388
1251,248,1499,0.1388
1249,248,1497,0.1388
1255,247,1502,0.1388
1254,244,1498,0.1388
1250,244,1494,0.1388
1254,240,1494,0.1388
1249,246,1495,0.1388
1260,242,1502,0.1388
1262,245,1507,0.1388
1255,244,1499,0.1388
1250,241,1491,0.1388
1253,242,1495,0.1388
1261,253,1514,0.1388
1258,255,1513,0.1388
1248,255,1503,0.1388
1234,252,1486,0.1388
1237,261,1498,0.1388
1235,263,1498,0.1388
1232,259,1491,0.1388
1241,254,1495,0.1388
1249,256,1505,0.1388
1241,258,1499,0.1388
1234,257,1491,0.1388
1231,258,1489,0.1388
1239,262,1501,0.1388
1239,267,1506,0.1388
1243,262,1505,0.1388
1238,265,1503,0.1388
1224,266,1490,0.1388
1229,268,1497,0.1388
1239,271,1510,0.1388
1240,267,1507,0.1388
1238,274,1512,0.1388
1221,269,1490,0.1388
1229,269,1498,0.1388
1231,268,1499,0.1388
1235,273,1508,0.1388
1223,271,1494,0.1388
1228,271,1499,0.1388
1216,266,1482,0.1388
1211,268,1479,0.1388
1224,266,1490,0.1388
1209,260,1469,0.1388
1224,262,1486,0.1388
1231,264,1495,0.1388
1225,266,1491,0.1388
1227,265,1492,0.1388
1239,269,1508,0.1388
1221,268,1489,0.1388
1219,265,1484,0.1388
1231,270,1501,0.1388
1235,271,1506,0.1388
1233,270,1503,0.1388
1223,265,1488,0.1388
1223,262,1485,0.1388
1228,258,1486,0.1388
1237,256,1493,0.1388
1245,253,1498,0.1388
1252,254,1506,0.1388
1260,255,1515,0.1388
1237,254,1491,0.1388
1248,251,1499,0.1388
1241,249,1490,0.1388
1242,255,1497,0.1388
1240,257,1497,0.1388
1230,256,1486,0.1388
1244,254,1498,0.1388
1244,257,1501,0.1388
1243,256,1499,0.1388
1250,257,1507,0.1388
1245,256,1501,0.1388
1248,258,1506,0.1388
1248,259,1507,0.1388
1248,259,1507,0.1388
1248,257,1505,0.1388
1246,256,1502,0.1388
1246,258,1504,0.1388
1242,252,1494,0.1388
1248,255,1503,0.1388
1237,256,1493,0.1388
1237,256,1493,0.1388
1240,260,1500,0.1388
1230,263,1493,0.1388
1221,270,1491,0.1388
1210,269,1479,0.1388
1215,270,1485,0.1388
1216,271,1487,0.1388
1226,271,1497,0.1388
1216,271,1487,0.1388
1213,270,1483,0.1388
1222,271,1493,0.1388
1224,273,1497,0.1388
1232,268,1500,0.1388
1230,269,1499,0.1388
1234,269,1503,0.1388
1236,271,1507,0.1388
1231,268,1499,0.1388
1226,265,1491,0.1388
1231,266,1497,0.1388
1239,266,1505,0.1388
1235,270,1505,0.1388
1231,270,1501,0.1388
1232,268,1500,0.1388
1238,266,1504,0.1388
1238,266,1504,0.1388
1230,269,1499,0.1388
1225,269,1494,0.1388
1214,268,1482,0.1388
1222,268,1490,0.1388
1218,271,1489,0.1388
1220,270,1490,0.1388
1228,265,1493,0.1388
1239,265,1504,0.1388
1234,269,1503,0.1388
1232,270,1502,0.1388
1231,264,1495,0.1388
1225,262,1487,0.1388
1229,266,1495,0.1388
1238,267,1505,0.1388
1244,268,1512,0.1388
1240,266,1506,0.1388
1229,261,1490,0.1388
1224,265,1489,0.1388
1231,270,1501,0.1388
1242,267,1509,0.1388
1237,268,1505,0.1388
1239,266,1505,0.1388
1245,267,1512,0.1388
1239,268,1507,0.1388
1245,271,1516,0.1388
1241,265,1506,0.1388
1244,256,1500,0.1388
1237,260,1497,0.1388
1230,263,1493,0.1388
1229,270,1499,0.1388
1245,267,1512,0.1388
1239,269,1508,0.1388
1240,270,1510,0.1388
1243,269,1512,0.1388
1241,268,1509,0.1388
1229,265,1494,0.1388
1224,264,1488,0.1388
1233,262,1495,0.1388
1251,264,1515,0.1388
1246,267,1513,0.1388
1246,266,1512,0.1388
1251,265,1516,0.1388
1246,258,1504,0.1388
1244,258,1502,0.1388
1249,259,1508,0.1388
1252,260,1512,0.1388
1250,264,1514,0.1388
1244,264,1508,0.1388
1238,267,1505,0.1388
1237,262,1499,0.1388
1244,261,1505,0.1388
1241,260,1501,0.1388
1239,262,1501,0.1388
1240,264,1504,0.1388
1230,258,1488,0.1388
1227,258,1485,0.1388
1235,266,1501,0.1388
1230,275,1505,0.1388
1231,279,1510,0.1388
1242,277,1519,0.1388
1213,279,1492,0.1388
1217,276,1493,0.1388
1224,276,1500,0.1388
1228,280,1508,0.1388
1224,285,1509,0.1388
1217,282,1499,0.1388
1213,285,1498,0.1388
1209,284,1493,0.1388
1210,284,1494,0.1388
1219,283,1502,0.1388
1221,283,1504,0.1388
1210,282,1492,0.1388
1218,284,1502,0.1388
1220,286,1506,0.1388
1218,287,1505,0.1388
1226,288,1514,0.1388
1224,286,1510,0.1388
1219,288,1507,0.1388
1226,288,1514,0.1388
1220,292,1512,0.1388
1219,298,1517,0.1388
1223,296,1519,0.1388
1223,288,1511,0.1388
1226,286,1512,0.1388
1229,286,1515,0.1388
1214,284,1498,0.1388
1215,282,1497,0.1388
1218,280,1498,0.1388
1224,282,1506,0.1388
1213,284,1497,0.1388
1216,275,1491,0.1388
1210,279,1489,0.1388
1196,280,1476,0.1388
1209,282,1491,0.1388
1221,282,1503,0.1388
1222,277,1499,0.1388
1228,273,1501,0.1388
1237,277,1514,0.1388
1236,282,1518,0.1388
1231,282,1513,0.1388
1221,275,1496,0.1388
1230,278,1508,0.1388
1230,279,1509,0.1388
1232,279,1511,0.1388
1233,278,1511,0.1388
1219,282,1501,0.1388
1218,281,1499,0.1388
1223,285,1508,0.1388
1229,280,1509,0.1388
1232,288,1520,0.1388
1214,283,1497,0.1388
1231,279,1510,0.1388
1220,278,1498,0.1388
1224,276,1500,0.1388
1235,271,1506,0.1388
1216,280,1496,0.1388
1214,279,1493,0.1388
1213,290,1503,0.1388
1205,286,1491,0.1388
1196,291,1487,0.1388
1190,290,1480,0.1388
1189,291,1480,0.1388
1194,292,1486,0.1388
1200,296,1496,0.1388
1194,295,1489,0.1388
1206,291,1497,0.1388
1192,295,1487,0.1388
1202,293,1495,0.1388
1190,291,1481,0.1388
1195,292,1487,0.1388
1211,295,1506,0.1388
1215,294,1509,0.1388
1217,291,1508,0.1388
1213,293,1506,0.1388
1211,295,1506,0.1388
1211,295,1506,0.1388
1189,297,1486,0.1388
1203,296,1499,0.1388
1202,296,1498,0.1388
1205,288,1493,0.1388
1198,289,1487,0.1388
1193,284,1477,0.1388
1185,279,1464,0.1388
1197,286,1483,0.1388
1218,286,1504,0.1388
1213,290,1503,0.1388
1208,293,1501,0.1388
1199,295,1494,0.1388
1203,296,1499,0.1388
1184,293,1477,0.1388
1191,293,1484,0.1388
1175,289,1464,0.1388
1162,293,1455,0.1388
1157,297,1454,0.1388
1168,302,1470,0.1388
1172,303,1475,0.1388
1172,301,1473,0.1388
1174,311,1485,0.1388
1181,311,1492,0.1388
1181,310,1491,0.1388
1185,310,1495,0.1388
1188,308,1496,0.1388
1183,304,1487,0.1388
1177,304,1481,0.1388
1169,308,1477,0.1388
1183,314,1497,0.1388
1176,312,1488,0.1388
1176,313,1489,0.1388
1175,311,1486,0.1388
1181,316,1497,0.1388
1186,314,1500,0.1388
1176,322,1498,0.1388
1171,322,1493,0.1388
1175,318,1493,0.1388
1169,320,1489,0.1388
1171,323,1494,0.1388
1171,321,1492,0.1388
1180,325,1505,0.1388
1186,324,1510,0.1388
1186,318,1504,0.1388
1182,320,1502,0.1388
1174,319,1493,0.1388
1173,316,1489,0.1388
1174,326,1500,0.1388
1165,327,1492,0.1388
1159,325,1484,0.1388
1145,329,1474,0.1388
1149,335,1484,0.1388
1151,338,1489,0.1388
1151,340,1491,0.1388
1159,333,1492,0.1388
1158,331,1489,0.1388
1161,324,1485,0.1388
1162,322,1484,0.1388
1153,326,1479,0.1388
1151,322,1473,0.1388
1150,328,1478,0.1388
1156,329,1485,0.1388
1158,333,1491,0.1388
1158,339,1497,0.1388
1164,340,1504,0.1388
1169,337,1506,0.1388
1156,337,1493,0.1388
1161,335,1496,0.1388
1164,338,1502,0.1388
1171,339,1510,0.1388
1171,343,1514,0.1388
1167,347,1514,0.1388
1159,350,1509,0.1388
1157,346,1503,0.1388
1149,348,1497,0.1388
1156,352,1508,0.1388
1157,354,1511,0.1388
1167,354,1521,0.1388
1161,354,1515,0.1388
1158,353,1511,0.1388
1150,351,1501,0.1388
1150,348,1498,0.1388
1151,351,1502,0.1388
1156,353,1509,0.1388
1153,357,1510,0.1388
1150,356,1506,0.1388
1144,357,1501,0.1388
1136,359,1495,0.1388
1138,357,1495,0.1388
1134,348,1482,0.1388
1131,353,1484,0.1388
1134,357,1491,0.1388
1126,362,1488,0.1388
1139,363,1502,0.1388
1135,368,1503,0.1388
1141,373,1514,0.1388
1137,372,1509,0.1388
1135,375,1510,0.1388
1142,378,1520,0.1388
1144,369,1513,0.1388
1132,369,1501,0.1388
1138,379,1517,0.1388
1118,379,1497,0.1388
1113,385,1498,0.1388
1116,381,1497,0.1388
1106,381,1487,0.1388
1101,385,1486,0.1388
1100,390,1490,0.1388
1104,394,1498,0.1388
1105,393,1498,0.1388
1106,405,1511,0.1388
1115,404,1519,0.1388
1099,411,1510,0.1388
1102,407,1509,0.1388
1086,411,1497,0.1388
1076,410,1486,0.1388
1074,405,1479,0.1388
1085,411,1496,0.1388
1084,409,1493,0.1388
1074,411,1485,0.1388
1086,411,1497,0.1388
1076,412,1488,0.1388
1081,423,1504,0.1388
1087,420,1507,0.1388
1082,424,1506,0.1388
1080,422,1502,0.1388
1074,431,1505,0.1388
1072,430,1502,0.1388
1075,426,1501,0.1388
1069,428,1497,0.1388
1074,425,1499,0.1388
1076,419,1495,0.1388
1073,429,1502,0.1388
1086,429,1515,0.1388
1085,427,1512,0.1388
1088,428,1516,0.1388
1077,424,1501,0.1388
1081,422,1503,0.1388
1076,423,1499,0.1388
1079,419,1498,0.1388
1083,426,1509,0.1388
1095,426,1521,0.1388
1099,421,1520,0.1388
1110,414,1524,0.1388
1101,420,1521,0.1388
1100,415,1515,0.1388
1085,417,1502,0.1388
1085,420,1505,0.1388
1084,427,1511,0.1388
1091,425,1516,0.1388
1097,421,1518,0.1388
1082,420,1502,0.1388
1079,412,1491,0.1388
1083,414,1497,0.1388
1084,414,1498,0.1388
1094,414,1508,0.1388
1098,408,1506,0.1388
1085,399,1484,0.1388
1093,395,1488,0.1388
1097,398,1495,0.1388
1101,403,1504,0.1388
1092,400,1492,0.1388
1097,406,1503,0.1388
1094,402,1496,0.1388
1084,402,1486,0.1388
1091,406,1497,0.1388
1091,405,1496,0.1388
1087,401,1488,0.1388
1090,393,1483,0.1388
1098,394,1492,0.1388
1098,395,1493,0.1388
1109,393,1502,0.1388
1107,392,1499,0.1388
1095,396,1491,0.1388
1104,393,1497,0.1388
1106,397,1503,0.1388
1095,396,1491,0.1388
1093,398,1491,0.1388
1106,399,1505,0.1388
1110,402,1512,0.1388
1097,404,1501,0.1388
1098,399,1497,0.1388
1096,401,1497,0.1388
1087,400,1487,0.1388
1101,396,1497,0.1388
1096,400,1496,0.1388
1078,402,1480,0.1388
1075,412,1487,0.1388
1069,415,1484,0.1388
1080,415,1495,0.1388
1077,410,1487,0.1388
1098,417,1515,0.1388
1084,423,1507,0.1388
1088,422,1510,0.1388
1084,422,1506,0.1388
1086,417,1503,0.1388
1090,415,1505,0.1388
1088,413,1501,0.1388
1090,415,1505,0.1388
1089,421,1510,0.1388
1086,423,1509,0.1388
1083,423,1506,0.1388
1085,425,1510,0.1388
1076,421,1497,0.1388
1080,425,1505,0.1388
1065,442,1507,0.1388
1074,432,1506,0.1388
1076,430,1506,0.1388
1079,433,1512,0.1388
1066,433,1499,0.1388
1072,428,1500,0.1388
1079,430,1509,0.1388
1075,427,1502,0.1388
1066,435,1501,0.1388
1060,434,1494,0.1388
1064,431,1495,0.1388
1067,434,1501,0.1388
1068,435,1503,0.1388
1064,429,1493,0.1388
1062,437,1499,0.1388
1061,436,1497,0.1388
1064,439,1503,0.1388
1066,444,1510,0.1388
1061,438,1499,0.1388
1060,431,1491,0.1388
1065,432,1497,0.1388
1059,439,1498,0.1388
1059,435,1494,0.1388
1069,446,1515,0.1388
1063,442,1505,0.1388
1064,431,1495,0.1388
1065,433,1498,0.1388
1067,440,1507,0.1388
1069,436,1505,0.1388
1069,438,1507,0.1388
1060,438,1498,0.1388
1068,437,1505,0.1388
1066,441,1507,0.1388
1061,443,1504,0.1388
1052,444,1496,0.1388
1043,438,1481,0.1388
1044,442,1486,0.1388
1045,443,1488,0.1388
1040,446,1486,0.1388
1034,445,1479,0.1388
1046,445,1491,0.1388
1055,446,1501,0.1388
1057,446,1503,0.1388
1060,450,1510,0.1388
1055,455,1510,0.1388
1052,450,1502,0.1388
1048,447,1495,0.1388
1056,451,1507,0.1388
1056,442,1498,0.1388
1060,438,1498,0.1388
1064,442,1506,0.1388
1057,440,1497,0.1388
1066,442,1508,0.1388
1052,449,1501,0.1388
1035,446,1481,0.1388
1038,442,1480,0.1388
1045,449,1494,0.1388
1059,452,1511,0.1388
1047,456,1503,0.1388
1037,448,1485,0.1388
1039,443,1482,0.1388
1049,454,1503,0.1388
1047,459,1506,0.1388
1043,452,1495,0.1388
1049,451,1500,0.1388
1043,456,1499,0.1388
1037,455,1492,0.1388
1037,451,1488,0.1388
1039,453,1492,0.1388
1039,451,1490,0.1388
1046,451,1497,0.1388
1037,451,1488,0.1388
1049,457,1506,0.1388
1053,457,1510,0.1388
1052,454,1506,0.1388
1053,464,1517,0.1388
1048,458,1506,0.1388
1041,459,1500,0.1388
1035,457,1492,0.1388
1032,457,1489,0.1388
1034,456,1490,0.1388
1045,468,1513,0.1388
1056,461,1517,0.1388
1049,457,1506,0.1388
1049,454,1503,0.1388
1043,457,1500,0.1388
1047,460,1507,0.1388
1048,459,1507,0.1388
1039,458,1497,0.1388
1041,460,1501,0.1388
1046,460,1506,0.1388
1036,462,1498,0.1388
1028,461,1489,0.1388
1038,456,1494,0.1388
1040,471,1511,0.1388
1035,468,1503,0.1388
1036,462,1498,0.1388
1032,462,1494,0.1388
1028,469,1497,0.1388
1035,472,1507,0.1388
1028,463,1491,0.1388
1035,471,1506,0.1388
1031,471,1502,0.1388
1016,475,1491,0.1388
1016,477,1493,0.1388
1026,473,1499,0.1388
1024,485,1509,0.1388
1029,476,1505,0.1388
1023,467,1490,0.1388
1017,470,1487,0.1388
1019,475,1494,0.1388
1016,480,1496,0.1388
1027,481,1508,0.1388
1026,476,1502,0.1388
1023,478,1501,0.1388
1014,471,1485,0.1388
1007,474,1481,0.1388
1016,489,1505,0.1388
1015,491,1506,0.1388
1019,485,1504,0.1388
1023,478,1501,0.1388
1017,478,1495,0.1388
1006,485,1491,0.1388
1005,488,1493,0.1388
1013,489,1502,0.1388
1023,483,1506,0.1388
1018,491,1509,0.1388
1005,492,1497,0.1388
1004,486,1490,0.1388
1011,492,1503,0.1388
1020,490,1510,0.1388
1013,486,1499,0.1388
1013,492,1505,0.1388
1010,494,1504,0.1388
996,498,1494,0.1388
998,503,1501,0.1388
991,496,1487,0.1388
993,492,1485,0.1388
986,495,1481,0.1388
990,498,1488,0.1388
1004,495,1499,0.1388
998,497,1495,0.1388
995,498,1493,0.1388
1004,497,1501,0.1388
998,495,1493,0.1388
1011,495,1506,0.1388
1013,493,1506,0.1388
1020,489,1509,0.1388
1018,498,1516,0.1388
1010,496,1506,0.1388
1013,497,1510,0.1388
1010,498,1508,0.1388
1001,499,1500,0.1388
1004,497,1501,0.1388
998,498,1496,0.1388
998,494,1492,0.1388
1002,494,1496,0.1388
1002,490,1492,0.1388
988,494,1482,0.1388
984,502,1486,0.1388
995,510,1505,0.1388
986,518,1504,0.1388
977,523,1500,0.1388
975,529,1504,0.1388
973,532,1505,0.1388
977,527,1504,0.1388
987,523,1510,0.1388
989,533,1522,0.1388
976,535,1511,0.1388
963,531,1494,0.1388
975,529,1504,0.1388
976,522,1498,0.1388
979,519,1498,0.1388
974,529,1503,0.1388
979,539,1518,0.1388
980,529,1509,0.1388
987,527,1514,0.1388
987,533,1520,0.1388
979,533,1512,0.1388
978,529,1507,0.1388
984,534,1518,0.1388
973,532,1505,0.1388
961,532,1493,0.1388
959,537,1496,0.1388
952,526,1478,0.1388
952,532,1484,0.1388
968,536,1504,0.1388
963,544,1507,0.1388
961,543,1504,0.1388
959,541,1500,0.1388
956,557,1513,0.1388
950,553,1503,0.1388
954,551,1505,0.1388
955,546,1501,0.1388
957,550,1507,0.1388
961,548,1509,0.1388
947,551,1498,0.1388
940,554,1494,0.1388
946,560,1506,0.1388
956,561,1517,0.1388
957,566,1523,0.1388
954,568,1522,0.1388
952,569,1521,0.1388
944,566,1510,0.1388
937,563,1500,0.1388
937,558,1495,0.1388
943,558,1501,0.1388
953,557,1510,0.1388
955,556,1511,0.1388
953,555,1508,0.1388
946,556,1502,0.1388
942,561,1503,0.1388
935,554,1489,0.1388
936,551,1487,0.1388
930,557,1487,0.1388
943,564,1507,0.1388
943,560,1503,0.1388
947,550,1497,0.1388
945,559,1504,0.1388
945,568,1513,0.1388
943,562,1505,0.1388
946,555,1501,0.1388
946,554,1500,0.1388
942,551,1493,0.1388
950,549,1499,0.1388
951,543,1494,0.1388
950,539,1489,0.1388
949,543,1492,0.1388
941,554,1495,0.1388
940,552,1492,0.1388
938,565,1503,0.1388
932,563,1495,0.1388
933,566,1499,0.1388
917,573,1490,0.1388
928,565,1493,0.1388
933,566,1499,0.1388
929,561,1490,0.1388
936,564,1500,0.1388
938,562,1500,0.1388
932,564,1496,0.1388
933,557,1490,0.1388
927,564,1491,0.1388
922,565,1487,0.1388
919,565,1484,0.1388
927,572,1499,0.1388
926,567,1493,0.1388
936,576,1512,0.1388
933,576,1509,0.1388
930,580,1510,0.1388
926,578,1504,0.1388
926,587,1513,0.1388
924,584,1508,0.1388
925,580,1505,0.1388
917,574,1491,0.1388
917,582,1499,0.1388
925,575,1500,0.1388
930,580,1510,0.1388
921,577,1498,0.1388
929,575,1504,0.1388
917,572,1489,0.1388
917,571,1488,0.1388
925,576,1501,0.1388
925,590,1515,0.1388
916,588,1504,0.1388
919,589,1508,0.1388
922,579,1501,0.1388
923,577,1500,0.1388
917,572,1489,0.1388
933,577,1510,0.1388
925,575,1500,0.1388
927,579,1506,0.1388
913,583,1496,0.1388
909,584,1493,0.1388
908,590,1498,0.1388
908,591,1499,0.1388
912,593,1505,0.1388
919,596,1515,0.1388
916,592,1508,0.1388
917,588,1505,0.1388
916,589,1505,0.1388
915,592,1507,0.1388
912,588,1500,0.1388
917,588,1505,0.1388
915,580,1495,0.1388
915,583,1498,0.1388
918,589,1507,0.1388
922,594,1516,0.1388
925,594,1519,0.1388
922,586,1508,0.1388
908,592,1500,0.1388
914,588,1502,0.1388
918,590,1508,0.1388
927,594,1521,0.1388
918,593,1511,0.1388
909,585,1494,0.1388
911,583,1494,0.1388
910,582,1492,0.1388
915,595,1510,0.1388
917,593,1510,0.1388
927,597,1524,0.1388
936,600,1536,0.1388
932,597,1529,0.1388
919,600,1519,0.1388
928,598,1526,0.1388
922,597,1519,0.1388
916,601,1517,0.1388
916,603,1519,0.1388
914,606,1520,0.1388
912,604,1516,0.1388
906,605,1511,0.1388
908,600,1508,0.1388
900,599,1499,0.1388
896,599,1495,0.1388
892,600,1492,0.1388
895,606,1501,0.1388
909,598,1507,0.1388
912,599,1511,0.1388
906,601,1507,0.1388
912,607,1519,0.1388
905,608,1513,0.1388
909,613,1522,0.1388
913,612,1525,0.1388
893,611,1504,0.1388
903,602,1505,0.1388
897,615,1512,0.1388
893,623,1516,0.1388
896,627,1523,0.1388
892,624,1516,0.1388
888,626,1514,0.1388
885,623,1508,0.1388
880,627,1507,0.1388
870,627,1497,0.1388
879,629,1508,0.1388
881,627,1508,0.1388
882,629,1511,0.1388
881,633,1514,0.1388
884,625,1509,0.1388
886,641,1527,0.1388
876,640,1516,0.1388
867,640,1507,0.1388
870,642,1512,0.1388
866,650,1516,0.1388
863,651,1514,0.1388
856,637,1493,0.1388
855,637,1492,0.1388
868,641,1509,0.1388
866,649,1515,0.1388
871,661,1532,0.1388
861,665,1526,0.1388
857,664,1521,0.1388
853,653,1506,0.1388
856,664,1520,0.1388
850,657,1507,0.1388
853,657,1510,0.1388
848,656,1504,0.1388
846,649,1495,0.1388
857,661,1518,0.1388
855,659,1514,0.1388
850,656,1506,0.1388
846,650,1496,0.1388
842,661,1503,0.1388
838,659,1497,0.1388
841,664,1505,0.1388
843,667,1510,0.1388
839,663,1502,0.1388
832,661,1493,0.1388
836,658,1494,0.1388
831,673,1504,0.1388
837,678,1515,0.1388
845,674,1519,0.1388
841,679,1520,0.1388
840,680,1520,0.1388
837,678,1515,0.1388
841,671,1512,0.1388
831,670,1501,0.1388
836,671,1507,0.1388
832,673,1505,0.1388
827,677,1504,0.1388
823,671,1494,0.1388
819,670,1489,0.1388
833,675,1508,0.1388
848,671,1519,0.1388
844,666,1510,0.1388
842,665,1507,0.1388
837,660,1497,0.1388
835,661,1496,0.1388
830,654,1484,0.1388
832,662,1494,0.1388
826,655,1481,0.1388
829,659,1488,0.1388
830,664,1494,0.1388
823,669,1492,0.1388
825,673,1498,0.1388
829,670,1499,0.1388
823,682,1505,0.1388
833,671,1504,0.1388
820,666,1486,0.1388
822,675,1497,0.1388
825,678,1503,0.1388
828,679,1507,0.1388
825,683,1508,0.1388
816,679,1495,0.1388
828,676,1504,0.1388
829,678,1507,0.1388
833,679,1512,0.1388
816,696,1512,0.1388
816,692,1508,0.1388
806,692,1498,0.1388
821,688,1509,0.1388
816,691,1507,0.1388
808,693,1501,0.1388
807,691,1498,0.1388
803,695,1498,0.1388
818,698,1516,0.1388
812,696,1508,0.1388
806,695,1501,0.1388
799,692,1491,0.1388
801,697,1498,0.1388
810,712,1522,0.1388
807,703,1510,0.1388
802,698,1500,0.1388
787,700,1487,0.1388
790,707,1497,0.1388
801,709,1510,0.1388
804,711,1515,0.1388
799,710,1509,0.1388
798,717,1515,0.1388
789,715,1504,0.1388
791,717,1508,0.1388
785,713,1498,0.1388
785,712,1497,0.1388
786,715,1501,0.1388
799,712,1511,0.1388
792,720,1512,0.1388
788,716,1504,0.1388
782,709,1491,0.1388
791,716,1507,0.1388
793,716,1509,0.1388
793,716,1509,0.1388
801,708,1509,0.1388
800,710,1510,0.1388
799,713,1512,0.1388
797,718,1515,0.1388
791,724,1515,0.1388
790,718,1508,0.1388
783,730,1513,0.1388
779,729,1508,0.1388
770,720,1490,0.1388
778,720,1498,0.1388
774,723,1497,0.1388
778,731,1509,0.1388
775,735,1510,0.1388
778,727,1505,0.1388
775,728,1503,0.1388
769,731,1500,0.1388
774,731,1505,0.1388
778,729,1507,0.1388
769,735,1504,0.1388
759,742,1501,0.1388
759,753,1512,0.1388
759,749,1508,0.1388
754,744,1498,0.1388
755,753,1508,0.1388
755,754,1509,0.1388
758,758,1516,0.1388
761,762,1523,0.1388
745,759,1504,0.1388
754,753,1507,0.1388
740,759,1499,0.1388
734,755,1489,0.1388
733,760,1493,0.1388
740,764,1504,0.1388
739,764,1503,0.1388
734,768,1502,0.1388
733,774,1507,0.1388
729,777,1506,0.1388
736,775,1511,0.1388
739,774,1513,0.1388
726,776,1502,0.1388
729,771,1500,0.1388
733,767,1500,0.1388
735,766,1501,0.1388
740,774,1514,0.1388
736,773,1509,0.1388
729,772,1501,0.1388
735,775,1510,0.1388
739,773,1512,0.1388
739,773,1512,0.1388
743,771,1514,0.1388
740,763,1503,0.1388
737,761,1498,0.1388
739,746,1485,0.1388
730,758,1488,0.1388
738,755,1493,0.1388
743,756,1499,0.1388
743,752,1495,0.1388
741,747,1488,0.1388
741,752,1493,0.1388
743,759,1502,0.1388
725,761,1486,0.1388
735,763,1498,0.1388
738,756,1494,0.1388
737,760,1497,0.1388
740,760,1500,0.1388
735,763,1498,0.1388
729,759,1488,0.1388
724,764,1488,0.1388
726,769,1495,0.1388
730,770,1500,0.1388
722,771,1493,0.1388
717,767,1484,0.1388
725,770,1495,0.1388
724,776,1500,0.1388
720,775,1495,0.1388
716,778,1494,0.1388
725,781,1506,0.1388
731,779,1510,0.1388
735,786,1521,0.1388
741,776,1517,0.1388
744,771,1515,0.1388
743,772,1515,0.1388
744,773,1517,0.1388
739,777,1516,0.1388
734,773,1507,0.1388
722,776,1498,0.1388
718,790,1508,0.1388
712,784,1496,0.1388
718,793,1511,0.1388
711,791,1502,0.1388
714,796,1510,0.1388
715,789,1504,0.1388
713,794,1507,0.1388
713,798,1511,0.1388
714,798,1512,0.1388
706,797,1503,0.1388
701,806,1507,0.1388
714,804,1518,0.1388
718,807,1525,0.1388
720,804,1524,0.1388
715,803,1518,0.1388
714,800,1514,0.1388
711,805,1516,0.1388
701,810,1511,0.1388
697,803,1500,0.1388
698,805,1503,0.1388
704,806,1510,0.1388
703,799,1502,0.1388
702,811,1513,0.1388
705,807,1512,0.1388
712,795,1507,0.1388
707,797,1504,0.1388
705,789,1494,0.1388
702,796,1498,0.1388
702,799,1501,0.1388
700,801,1501,0.1388
705,799,1504,0.1388
708,794,1502,0.1388
703,795,1498,0.1388
700,794,1494,0.1388
703,791,1494,0.1388
704,784,1488,0.1388
707,797,1504,0.1388
702,797,1499,0.1388
700,794,1494,0.1388
699,798,1497,0.1388
691,794,1485,0.1388
692,792,1484,0.1388
712,791,1503,0.1388
705,805,1510,0.1388
695,810,1505,0.1388
692,810,1502,0.1388
703,813,1516,0.1388
705,817,1522,0.1388
705,810,1515,0.1388
699,811,1510,0.1388
692,803,1495,0.1388
691,801,1492,0.1388
696,800,1496,0.1388
692,800,1492,0.1388
693,807,1500,0.1388
691,807,1498,0.1388
697,821,1518,0.1388
697,817,1514,0.1388
700,809,1509,0.1388
711,816,1527,0.1388
708,804,1512,0.1388
709,804,1513,0.1388
700,799,1499,0.1388
703,807,1510,0.1388
711,802,1513,0.1388
711,803,1514,0.1388
707,809,1516,0.1388
703,801,1504,0.1388
699,800,1499,0.1388
690,807,1497,0.1388
698,813,1511,0.1388
700,811,1511,0.1388
696,818,1514,0.1388
695,820,1515,0.1388
688,827,1515,0.1388
682,831,1513,0.1388
682,832,1514,0.1388
692,820,1512,0.1388
695,813,1508,0.1388
692,815,1507,0.1388
681,808,1489,0.1388
682,823,1505,0.1388
682,830,1512,0.1388
680,820,1500,0.1388
680,825,1505,0.1388
684,829,1513,0.1388
686,812,1498,0.1388
693,815,1508,0.1388
696,824,1520,0.1388
685,822,1507,0.1388
681,825,1506,0.1388
678,821,1499,0.1388
679,820,1499,0.1388
677,822,1499,0.1388
677,832,1509,0.1388
679,836,1515,0.1388
675,825,1500,0.1388
674,822,1496,0.1388
676,826,1502,0.1388
673,827,1500,0.1388
668,815,1483,0.1388
661,811,1472,0.1388
667,816,1483,0.1388
672,816,1488,0.1388
674,820,1494,0.1388
675,826,1501,0.1388
680,822,1502,0.1388
676,822,1498,0.1388
683,825,1508,0.1388
681,820,1501,0.1388
674,820,1494,0.1388
676,819,1495,0.1388
683,820,1503,0.1388
681,822,1503,0.1388
682,825,1507,0.1388
679,816,1495,0.1388
668,821,1489,0.1388
673,819,1492,0.1388
676,825,1501,0.1388
664,821,1485,0.1388
665,826,1491,0.1388
671,845,1516,0.1388
671,855,1526,0.1388
666,847,1513,0.1388
664,841,1505,0.1388
662,835,1497,0.1388
657,842,1499,0.1388
661,846,1507,0.1388
662,846,1508,0.1388
665,849,1514,0.1388
662,844,1506,0.1388
669,837,1506,0.1388
662,840,1502,0.1388
659,833,1492,0.1388
663,830,1493,0.1388
664,836,1500,0.1388
664,837,1501,0.1388
661,842,1503,0.1388
670,832,1502,0.1388
672,835,1507,0.1388
669,848,1517,0.1388
663,843,1506,0.1388
662,835,1497,0.1388
663,849,1512,0.1388
664,841,1505,0.1388
667,847,1514,0.1388
668,849,1517,0.1388
673,849,1522,0.1388
671,851,1522,0.1388
662,852,1514,0.1388
654,852,1506,0.1388
661,855,1516,0.1388
654,859,1513,0.1388
650,855,1505,0.1388
652,856,1508,0.1388
641,855,1496,0.1388
654,858,1512,0.1388
655,856,1511,0.1388
656,857,1513,0.1388
655,866,1521,0.1388
655,865,1520,0.1388
649,860,1509,0.1388
645,861,1506,0.1388
650,858,1508,0.1388
639,859,1498,0.1388
646,866,1512,0.1388
643,865,1508,0.1388
651,865,1516,0.1388
656,861,1517,0.1388
657,862,1519,0.1388
662,864,1526,0.1388
665,863,1528,0.1388
661,850,1511,0.1388
663,855,1518,0.1388
665,846,1511,0.1388
660,857,1517,0.1388
651,869,1520,0.1388
654,867,1521,0.1388
656,866,1522,0.1388
655,866,1521,0.1388
633,860,1493,0.1388
637,862,1499,0.1388
634,863,1497,0.1388
636,858,1494,0.1388
644,852,1496,0.1388
639,867,1506,0.1388
639,875,1514,0.1388
637,877,1514,0.1388
643,875,1518,0.1388
636,881,1517,0.1388
633,890,1523,0.1388
628,890,1518,0.1388
632,882,1514,0.1388
630,880,1510,0.1388
620,876,1496,0.1388
627,886,1513,0.1388
626,884,1510,0.1388
630,878,1508,0.1388
623,885,1508,0.1388
621,891,1512,0.1388
619,888,1507,0.1388
610,886,1496,0.1388
614,892,1506,0.1388
614,888,1502,0.1388
616,893,1509,0.1388
619,893,1512,0.1388
613,896,1509,0.1388
622,895,1517,0.1388
623,895,1518,0.1388
618,895,1513,0.1388
612,892,1504,0.1388
609,893,1502,0.1388
596,896,1492,0.1388
595,896,1491,0.1388
609,896,1505,0.1388
596,891,1487,0.1388
599,894,1493,0.1388
616,901,1517,0.1388
628,898,1526,0.1388
625,887,1512,0.1388
629,877,1506,0.1388
621,888,1509,0.1388
622,889,1511,0.1388
618,891,1509,0.1388
614,891,1505,0.1388
614,897,1511,0.1388
606,903,1509,0.1388
611,889,1500,0.1388
605,901,1506,0.1388
597,899,1496,0.1388
598,891,1489,0.1388
596,899,1495,0.1388
595,905,1500,0.1388
594,907,1501,0.1388
597,900,1497,0.1388
594,910,1504,0.1388
595,909,1504,0.1388
585,903,1488,0.1388
598,909,1507,0.1388
606,905,1511,0.1388
603,903,1506,0.1388
601,921,1522,0.1388
597,910,1507,0.1388
592,909,1501,0.1388
588,914,1502,0.1388
587,922,1509,0.1388
587,913,1500,0.1388
587,915,1502,0.1388
586,924,1510,0.1388
580,928,1508,0.1388
572,930,1502,0.1388
572,928,1500,0.1388
572,924,1496,0.1388
569,919,1488,0.1388
575,914,1489,0.1388
582,920,1502,0.1388
575,925,1500,0.1388
572,925,1497,0.1388
582,933,1515,0.1388
582,924,1506,0.1388
581,931,1512,0.1388
574,935,1509,0.1388
573,925,1498,0.1388
569,929,1498,0.1388
570,927,1497,0.1388
576,928,1504,0.1388
581,933,1514,0.1388
577,934,1511,0.1388
580,934,1514,0.1388
579,936,1515,0.1388
581,927,1508,0.1388
590,923,1513,0.1388
590,919,1509,0.1388
599,915,1514,0.1388
603,916,1519,0.1388
598,915,1513,0.1388
596,928,1524,0.1388
587,928,1515,0.1388
589,922,1511,0.1388
584,927,1511,0.1388
587,926,1513,0.1388
591,942,1533,0.1388
582,934,1516,0.1388
586,922,1508,0.1388
592,921,1513,0.1388
591,911,1502,0.1388
589,907,1496,0.1388
592,914,1506,0.1388
584,913,1497,0.1388
582,911,1493,0.1388
581,913,1494,0.1388
584,930,1514,0.1388
584,916,1500,0.1388
592,923,1515,0.1388
588,934,1522,0.1388
589,938,1527,0.1388
593,932,1525,0.1388
580,932,1512,0.1388
573,938,1511,0.1388
570,941,1511,0.1388
570,939,1509,0.1388
575,944,1519,0.1388
579,945,1524,0.1388
580,937,1517,0.1388
575,938,1513,0.1388
570,938,1508,0.1388
572,939,1511,0.1388
567,941,1508,0.1388
566,941,1507,0.1388
562,951,1513,0.1388
566,956,1522,0.1388
553,957,1510,0.1388
568,957,1525,0.1388
574,959,1533,0.1388
571,955,1526,0.1388
568,954,1522,0.1388
562,955,1517,0.1388
563,954,1517,0.1388
568,941,1509,0.1388
564,944,1508,0.1388
573,952,1525,0.1388
567,948,1515,0.1388
563,949,1512,0.1388
567,944,1511,0.1388
571,945,1516,0.1388
570,943,1513,0.1388
564,937,1501,0.1388
561,934,1495,0.1388
560,941,1501,0.1388
561,941,1502,0.1388
567,944,1511,0.1388
560,937,1497,0.1388
551,946,1497,0.1388
555,947,1502,0.1388
563,946,1509,0.1388
555,956,1511,0.1388
557,944,1501,0.1388
556,945,1501,0.1388
553,938,1491,0.1388
550,935,1485,0.1388
571,944,1515,0.1388
566,937,1503,0.1388
575,943,1518,0.1388
564,937,1501,0.1388
567,942,1509,0.1388
572,945,1517,0.1388
573,946,1519,0.1388
574,949,1523,0.1388
568,945,1513,0.1388
566,945,1511,0.1388
555,947,1502,0.1388
548,943,1491,0.1388
548,945,1493,0.1388
555,954,1509,0.1388
556,961,1517,0.1388
554,961,1515,0.1388
559,966,1525,0.1388
551,958,1509,0.1388
555,962,1517,0.1388
558,960,1518,0.1388
560,959,1519,0.1388
559,950,1509,0.1388
558,952,1510,0.1388
550,950,1500,0.1388
546,951,1497,0.1388
545,957,1502,0.1388
552,970,1522,0.1388
543,968,1511,0.1388
548,970,1518,0.1388
544,960,1504,0.1388
541,952,1493,0.1388
539,961,1500,0.1388
539,961,1500,0.1388
543,956,1499,0.1388
542,965,1507,0.1388
544,972,1516,0.1388
547,975,1522,0.1388
543,979,1522,0.1388
541,970,1511,0.1388
539,973,1512,0.1388
532,974,1506,0.1388
531,969,1500,0.1388
541,970,1511,0.1388
535,969,1504,0.1388
526,979,1505,0.1388
529,979,1508,0.1388
519,977,1496,0.1388
524,977,1501,0.1388
531,970,1501,0.1388
525,972,1497,0.1388
525,965,1490,0.1388
515,968,1483,0.1388
516,985,1501,0.1388
517,984,1501,0.1388
516,981,1497,0.1388
518,967,1485,0.1388
513,962,1475,0.1388
513,976,1489,0.1388
521,989,1510,0.1388
514,983,1497,0.1388
513,988,1501,0.1388
511,986,1497,0.1388
518,988,1506,0.1388
512,989,1501,0.1388
519,994,1513,0.1388
513,995,1508,0.1388
507,994,1501,0.1388
507,998,1505,0.1388
511,995,1506,0.1388
503,997,1500,0.1388
507,997,1504,0.1388
516,1006,1522,0.1388
515,1007,1522,0.1388
510,1002,1512,0.1388
508,1003,1511,0.1388
504,1001,1505,0.1388
500,1002,1502,0.1388
503,996,1499,0.1388
496,1000,1496,0.1388
496,1010,1506,0.1388
494,1003,1497,0.1388
490,1006,1496,0.1388
488,1010,1498,0.1388
490,1006,1496,0.1388
490,1022,1512,0.1388
492,1027,1519,0.1388
491,1029,1520,0.1388
495,1033,1528,0.1388
494,1030,1524,0.1388
488,1024,1512,0.1388
489,1022,1511,0.1388
493,1010,1503,0.1388
489,1009,1498,0.1388
490,1013,1503,0.1388
498,1005,1503,0.1388
490,1011,1501,0.1388
490,1014,1504,0.1388
491,1010,1501,0.1388
497,1003,1500,0.1388
503,1007,1510,0.1388
502,1019,1521,0.1388
499,1019,1518,0.1388
494,1025,1519,0.1388
500,1017,1517,0.1388
496,1020,1516,0.1388
485,1022,1507,0.1388
483,1015,1498,0.1388
487,1016,1503,0.1388
497,1021,1518,0.1388
498,1013,1511,0.1388
495,1008,1503,0.1388
505,1009,1514,0.1388
507,1002,1509,0.1388
507,1001,1508,0.1388
507,999,1506,0.1388
504,1014,1518,0.1388
511,1016,1527,0.1388
506,1013,1519,0.1388
506,1016,1522,0.1388
502,1018,1520,0.1388
504,1011,1515,0.1388
494,1012,1506,0.1388
497,1010,1507,0.1388
497,1005,1502,0.1388
504,1008,1512,0.1388
510,1002,1512,0.1388
506,1017,1523,0.1388
501,1016,1517,0.1388
500,1006,1506,0.1388
498,1012,1510,0.1388
497,1013,1510,0.1388
494,1010,1504,0.1388
490,1011,1501,0.1388
494,1010,1504,0.1388
496,1005,1501,0.1388
500,1009,1509,0.1388
507,997,1504,0.1388
507,1000,1507,0.1388
508,997,1505,0.1388
508,1009,1517,0.1388
506,1014,1520,0.1388
500,999,1499,0.1388
496,999,1495,0.1388
497,999,1496,0.1388
505,994,1499,0.1388
502,998,1500,0.1388
490,997,1487,0.1388
501,998,1499,0.1388
498,1005,1503,0.1388
499,1009,1508,0.1388
499,1013,1512,0.1388
504,1012,1516,0.1388
500,1013,1513,0.1388
506,1010,1516,0.1388
507,1013,1520,0.1388
498,1017,1515,0.1388
493,1023,1516,0.1388
495,1020,1515,0.1388
488,1024,1512,0.1388
489,1014,1503,0.1388
489,1023,1512,0.1388
492,1020,1512,0.1388
488,1021,1509,0.1388
488,1022,1510,0.1388
489,1022,1511,0.1388
492,1022,1514,0.1388
487,1019,1506,0.1388
488,1028,1516,0.1388
489,1036,1525,0.1388
487,1037,1524,0.1388
486,1035,1521,0.1388
479,1033,1512,0.1388
472,1032,1504,0.1388
477,1040,1517,0.1388
479,1038,1517,0.1388
475,1024,1499,0.1388
465,1032,1497,0.1388
470,1039,1509,0.1388
464,1042,1506,0.1388
468,1041,1509,0.1388
466,1036,1502,0.1388
469,1046,1515,0.1388
465,1044,1509,0.1388
460,1042,1502,0.1388
458,1048,1506,0.1388
464,1046,1510,0.1388
465,1038,1503,0.1388
470,1042,1512,0.1388
469,1053,1522,0.1388
463,1057,1520,0.1388
459,1051,1510,0.1388
459,1056,1515,0.1388
452,1062,1514,0.1388
455,1071,1526,0.1388
457,1069,1526,0.1388
458,1054,1512,0.1388
455,1063,1518,0.1388
449,1067,1516,0.1388
447,1062,1509,0.1388
451,1061,1512,0.1388
445,1064,1509,0.1388
445,1063,1508,0.1388
444,1063,1507,0.1388
446,1062,1508,0.1388
446,1064,1510,0.1388
449,1066,1515,0.1388
450,1057,1507,0.1388
448,1052,1500,0.1388
444,1043,1487,0.1388
450,1048,1498,0.1388
450,1051,1501,0.1388
452,1066,1518,0.1388
452,1074,1526,0.1388
450,1072,1522,0.1388
451,1067,1518,0.1388
451,1052,1503,0.1388
446,1058,1504,0.1388
437,1056,1493,0.1388
445,1066,1511,0.1388
445,1063,1508,0.1388
441,1072,1513,0.1388
434,1066,1500,0.1388
436,1081,1517,0.1388
436,1088,1524,0.1388
435,1090,1525,0.1388
431,1099,1530,0.1388
428,1088,1516,0.1388
426,1077,1503,0.1388
415,1068,1483,0.1388
410,1066,1476,0.1388
406,1089,1495,0.1388
410,1100,1510,0.1388
411,1100,1511,0.1388
411,1095,1506,0.1388
416,1090,1506,0.1388
416,1102,1518,0.1388
417,1109,1526,0.1388
412,1097,1509,0.1388
416,1101,1517,0.1388
409,1096,1505,0.1388
398,1103,1501,0.1388
403,1103,1506,0.1388
399,1107,1506,0.1388
398,1105,1503,0.1388
395,1114,1509,0.1388
388,1109,1497,0.1388
391,1114,1505,0.1388
389,1113,1502,0.1388
389,1121,1510,0.1388
393,1119,1512,0.1388
391,1126,1517,0.1388
398,1126,1524,0.1388
398,1123,1521,0.1388
398,1127,1525,0.1388
393,1122,1515,0.1388
392,1126,1518,0.1388
394,1106,1500,0.1388
387,1112,1499,0.1388
391,1128,1519,0.1388
392,1129,1521,0.1388
394,1130,1524,0.1388
395,1115,1510,0.1388
389,1113,1502,0.1388
386,1121,1507,0.1388
388,1122,1510,0.1388
387,1124,1511,0.1388
382,1119,1501,0.1388
381,1127,1508,0.1388
385,1118,1503,0.1388
380,1131,1511,0.1388
385,1132,1517,0.1388
382,1135,1517,0.1388
384,1139,1523,0.1388
379,1133,1512,0.1388
375,1123,1498,0.1388
376,1128,1504,0.1388
376,1120,1496,0.1388
375,1126,1501,0.1388
375,1132,1507,0.1388
376,1140,1516,0.1388
375,1137,1512,0.1388
377,1135,1512,0.1388
372,1145,1517,0.1388
368,1148,1516,0.1388
366,1145,1511,0.1388
366,1145,1511,0.1388
370,1145,1515,0.1388
371,1148,1519,0.1388
370,1143,1513,0.1388
366,1146,1512,0.1388
369,1159,1528,0.1388
374,1139,1513,0.1388
373,1149,1522,0.1388
377,1153,1530,0.1388
374,1156,1530,0.1388
367,1148,1515,0.1388
367,1144,1511,0.1388
366,1133,1499,0.1388
368,1138,1506,0.1388
367,1133,1500,0.1388
366,1150,1516,0.1388
359,1143,1502,0.1388
359,1144,1503,0.1388
361,1143,1504,0.1388
364,1152,1516,0.1388
359,1140,1499,0.1388
362,1140,1502,0.1388
360,1139,1499,0.1388
354,1139,1493,0.1388
349,1147,1496,0.1388
346,1145,1491,0.1388
354,1147,1501,0.1388
357,1146,1503,0.1388
353,1155,1508,0.1388
351,1171,1522,0.1388
345,1155,1500,0.1388
347,1138,1485,0.1388
347,1135,1482,0.1388
347,1149,1496,0.1388
348,1154,1502,0.1388
346,1161,1507,0.1388
342,1164,1506,0.1388
339,1167,1506,0.1388
339,1162,1501,0.1388
352,1162,1514,0.1388
353,1162,1515,0.1388
352,1168,1520,0.1388
353,1166,1519,0.1388
352,1162,1514,0.1388
357,1159,1516,0.1388
355,1170,1525,0.1388
355,1163,1518,0.1388
353,1173,1526,0.1388
352,1171,1523,0.1388
346,1163,1509,0.1388
349,1165,1514,0.1388
350,1155,1505,0.1388
349,1162,1511,0.1388
348,1163,1511,0.1388
340,1168,1508,0.1388
344,1174,1518,0.1388
339,1180,1519,0.1388
342,1174,1516,0.1388
346,1171,1517,0.1388
344,1164,1508,0.1388
347,1167,1514,0.1388
344,1163,1507,0.1388
346,1163,1509,0.1388
344,1179,1523,0.1388
345,1171,1516,0.1388
339,1162,1501,0.1388
344,1159,1503,0.1388
344,1148,1492,0.1388
350,1158,1508,0.1388
349,1161,1510,0.1388
342,1157,1499,0.1388
343,1151,1494,0.1388
337,1161,1498,0.1388
337,1157,1494,0.1388
344,1157,1501,0.1388
340,1156,1496,0.1388
337,1162,1499,0.1388
336,1163,1499,0.1388
338,1156,1494,0.1388
338,1159,1497,0.1388
345,1171,1516,0.1388
347,1174,1521,0.1388
347,1180,1527,0.1388
345,1179,1524,0.1388
345,1182,1527,0.1388
342,1177,1519,0.1388
332,1165,1497,0.1388
331,1164,1495,0.1388
329,1170,1499,0.1388
338,1165,1503,0.1388
341,1164,1505,0.1388
343,1166,1509,0.1388
343,1162,1505,0.1388
337,1162,1499,0.1388
337,1165,1502,0.1388
338,1165,1503,0.1388
338,1167,1505,0.1388
340,1178,1518,0.1388
338,1178,1516,0.1388
334,1184,1518,0.1388
339,1181,1520,0.1388
338,1178,1516,0.1388
337,1180,1517,0.1388
335,1188,1523,0.1388
336,1190,1526,0.1388
340,1193,1533,0.1388
338,1181,1519,0.1388
338,1181,1519,0.1388
340,1177,1517,0.1388
343,1177,1520,0.1388
343,1176,1519,0.1388
342,1165,1507,0.1388
343,1163,1506,0.1388
339,1173,1512,0.1388
334,1168,1502,0.1388
334,1171,1505,0.1388
330,1172,1502,0.1388
330,1177,1507,0.1388
328,1172,1500,0.1388
332,1176,1508,0.1388
325,1177,1502,0.1388
326,1190,1516,0.1388
325,1189,1514,0.1388
326,1188,1514,0.1388
321,1184,1505,0.1388
328,1182,1510,0.1388
330,1186,1516,0.1388
327,1192,1519,0.1388
334,1184,1518,0.1388
324,1185,1509,0.1388
318,1195,1513,0.1388
314,1192,1506,0.1388
314,1187,1501,0.1388
312,1186,1498,0.1388
306,1189,1495,0.1388
298,1184,1482,0.1388
298,1196,1494,0.1388
299,1188,1487,0.1388
295,1195,1490,0.1388
298,1203,1501,0.1388
297,1210,1507,0.1388
296,1198,1494,0.1388
292,1200,1492,0.1388
301,1198,1499,0.1388
302,1215,1517,0.1388
303,1222,1525,0.1388
301,1224,1525,0.1388
300,1216,1516,0.1388
299,1219,1518,0.1388
298,1215,1513,0.1388
297,1218,1515,0.1388
296,1224,1520,0.1388
299,1230,1529,0.1388
298,1229,1527,0.1388
291,1218,1509,0.1388
291,1212,1503,0.1388
292,1227,1519,0.1388
289,1240,1529,0.1388
287,1238,1525,0.1388
281,1230,1511,0.1388
278,1222,1500,0.1388
278,1227,1505,0.1388
281,1236,1517,0.1388
280,1245,1525,0.1388
277,1236,1513,0.1388
279,1228,1507,0.1388
278,1234,1512,0.1388
276,1229,1505,0.1388
276,1227,1503,0.1388
276,1227,1503,0.1388
282,1222,1504,0.1388
278,1236,1514,0.1388
277,1229,1506,0.1388
271,1229,1500,0.1388
269,1239,1508,0.1388
265,1250,1515,0.1388
260,1262,1522,0.1388
258,1250,1508,0.1388
259,1255,1514,0.1388
254,1249,1503,0.1388
251,1252,1503,0.1388
250,1252,1502,0.1388
254,1249,1503,0.1388
255,1262,1517,0.1388
250,1260,1510,0.1388
252,1257,1509,0.1388
248,1247,1495,0.1388
249,1237,1486,0.1388
249,1257,1506,0.1388
248,1259,1507,0.1388
249,1275,1524,0.1388
248,1282,1530,0.1388
247,1281,1528,0.1388
246,1276,1522,0.1388
248,1260,1508,0.1388
250,1258,1508,0.1388
252,1251,1503,0.1388
253,1254,1507,0.1388
248,1252,1500,0.1388
243,1267,1510,0.1388
237,1272,1509,0.1388
229,1263,1492,0.1388
224,1262,1486,0.1388
224,1265,1489,0.1388
229,1274,1503,0.1388
230,1273,1503,0.1388
233,1257,1490,0.1388
229,1248,1477,0.1388
231,1262,1493,0.1388
228,1275,1503,0.1388
227,1278,1505,0.1388
223,1277,1500,0.1388
221,1274,1495,0.1388
225,1270,1495,0.1388
227,1271,1498,0.1388
228,1276,1504,0.1388
230,1282,1512,0.1388
225,1285,1510,0.1388
226,1282,1508,0.1388
230,1281,1511,0.1388
231,1277,1508,0.1388
232,1288,1520,0.1388
232,1295,1527,0.1388
230,1291,1521,0.1388
233,1272,1505,0.1388
229,1277,1506,0.1388
235,1273,1508,0.1388
236,1271,1507,0.1388
238,1279,1517,0.1388
239,1273,1512,0.1388
237,1279,1516,0.1388
234,1271,1505,0.1388
239,1276,1515,0.1388
233,1283,1516,0.1388
232,1288,1520,0.1388
231,1286,1517,0.1388
231,1284,1515,0.1388
229,1281,1510,0.1388
228,1290,1518,0.1388
222,1292,1514,0.1388
224,1305,1529,0.1388
226,1298,1524,0.1388
230,1294,1524,0.1388
231,1292,1523,0.1388
232,1291,1523,0.1388
230,1281,1511,0.1388
234,1290,1524,0.1388
229,1293,1522,0.1388
222,1301,1523,0.1388
224,1300,1524,0.1388
216,1295,1511,0.1388
218,1297,1515,0.1388
218,1290,1508,0.1388
215,1303,1518,0.1388
214,1286,1500,0.1388
214,1289,1503,0.1388
210,1298,1508,0.1388
214,1299,1513,0.1388
210,1304,1514,0.1388
209,1298,1507,0.1388
206,1291,1497,0.1388
205,1284,1489,0.1388
206,1290,1496,0.1388
205,1296,1501,0.1388
209,1295,1504,0.1388
210,1286,1496,0.1388
210,1293,1503,0.1388
207,1296,1503,0.1388
210,1294,1504,0.1388
215,1296,1511,0.1388
217,1311,1528,0.1388
217,1305,1522,0.1388
217,1305,1522,0.1388
219,1306,1525,0.1388
220,1308,1528,0.1388
219,1305,1524,0.1388
215,1305,1520,0.1388
215,1302,1517,0.1388
214,1306,1520,0.1388
215,1305,1520,0.1388
213,1303,1516,0.1388
215,1301,1516,0.1388
214,1296,1510,0.1388
219,1303,1522,0.1388
217,1314,1531,0.1388
217,1299,1516,0.1388
215,1308,1523,0.1388
206,1307,1513,0.1388
206,1315,1521,0.1388
208,1310,1518,0.1388
209,1307,1516,0.1388
217,1297,1514,0.1388
217,1312,1529,0.1388
217,1317,1534,0.1388
211,1306,1517,0.1388
213,1305,1518,0.1388
212,1306,1518,0.1388
207,1308,1515,0.1388
206,1316,1522,0.1388
203,1311,1514,0.1388
204,1309,1513,0.1388
202,1300,1502,0.1388
204,1311,1515,0.1388
202,1318,1520,0.1388
199,1312,1511,0.1388
192,1309,1501,0.1388
195,1313,1508,0.1388
194,1320,1514,0.1388
195,1318,1513,0.1388
192,1325,1517,0.1388
187,1314,1501,0.1388
185,1325,1510,0.1388
188,1311,1499,0.1388
195,1312,1507,0.1388
193,1313,1506,0.1388
192,1316,1508,0.1388
191,1326,1517,0.1388
192,1328,1520,0.1388
188,1320,1508,0.1388
188,1305,1493,0.1388
187,1304,1491,0.1388
185,1312,1497,0.1388
188,1320,1508,0.1388
190,1321,1511,0.1388
189,1317,1506,0.1388
190,1310,1500,0.1388
191,1322,1513,0.1388
197,1325,1522,0.1388
196,1326,1522,0.1388
193,1328,1521,0.1388
196,1321,1517,0.1388
193,1321,1514,0.1388
195,1322,1517,0.1388
193,1325,1518,0.1388
194,1320,1514,0.1388
196,1318,1514,0.1388
194,1318,1512,0.1388
195,1323,1518,0.1388
190,1330,1520,0.1388
187,1336,1523,0.1388
183,1327,1510,0.1388
183,1313,1496,0.1388
187,1315,1502,0.1388
190,1310,1500,0.1388
198,1309,1507,0.1388
192,1316,1508,0.1388
192,1309,1501,0.1388
196,1317,1513,0.1388
190,1333,1523,0.1388
190,1339,1529,0.1388
189,1322,1511,0.1388
187,1329,1516,0.1388
185,1344,1529,0.1388
182,1349,1531,0.1388
182,1341,1523,0.1388
185,1336,1521,0.1388
187,1338,1525,0.1388
184,1339,1523,0.1388
180,1344,1524,0.1388
178,1343,1521,0.1388
178,1348,1526,0.1388
178,1353,1531,0.1388
179,1347,1526,0.1388
178,1342,1520,0.1388
172,1346,1518,0.1388
170,1348,1518,0.1388
170,1358,1528,0.1388
170,1359,1529,0.1388
167,1348,1515,0.1388
166,1350,1516,0.1388
166,1361,1527,0.1388
160,1348,1508,0.1388
162,1342,1504,0.1388
157,1351,1508,0.1388
161,1345,1506,0.1388
161,1347,1508,0.1388
163,1351,1514,0.1388
168,1347,1515,0.1388
164,1346,1510,0.1388
164,1345,1509,0.1388
169,1340,1509,0.1388
169,1330,1499,0.1388
167,1330,1497,0.1388
167,1337,1504,0.1388
169,1338,1507,0.1388
166,1352,1518,0.1388
163,1352,1515,0.1388
164,1353,1517,0.1388
166,1349,1515,0.1388
163,1337,1500,0.1388
161,1341,1502,0.1388
158,1347,1505,0.1388
157,1361,1518,0.1388
159,1360,1519,0.1388
156,1369,1525,0.1388
154,1365,1519,0.1388
153,1376,1529,0.1388
149,1372,1521,0.1388
147,1365,1512,0.1388
148,1364,1512,0.1388
144,1369,1513,0.1388
148,1367,1515,0.1388
148,1368,1516,0.1388
146,1373,1519,0.1388
145,1379,1524,0.1388
147,1377,1524,0.1388
143,1376,1519,0.1388
143,1369,1512,0.1388
144,1374,1518,0.1388
141,1370,1511,0.1388
139,1356,1495,0.1388
146,1365,1511,0.1388
146,1366,1512,0.1388
146,1365,1511,0.1388
141,1358,1499,0.1388
143,1368,1511,0.1388
141,1379,1520,0.1388
141,1379,1520,0.1388
145,1379,1524,0.1388
143,1375,1518,0.1388
140,1370,1510,0.1388
141,1376,1517,0.1388
145,1379,1524,0.1388
143,1377,1520,0.1388
141,1374,1515,0.1388
143,1379,1522,0.1388
146,1368,1514,0.1388
145,1366,1511,0.1388
147,1364,1511,0.1388
140,1365,1505,0.1388
137,1384,1521,0.1388
137,1399,1536,0.1388
135,1387,1522,0.1388
134,1385,1519,0.1388
133,1386,1519,0.1388
133,1378,1511,0.1388
130,1362,1492,0.1388
129,1363,1492,0.1388
130,1382,1512,0.1388
135,1382,1517,0.1388
133,1380,1513,0.1388
132,1367,1499,0.1388
133,1376,1509,0.1388
132,1392,1524,0.1388
128,1389,1517,0.1388
129,1384,1513,0.1388
129,1383,1512,0.1388
131,1396,1527,0.1388
131,1397,1528,0.1388
133,1393,1526,0.1388
134,1396,1530,0.1388
134,1380,1514,0.1388
132,1386,1518,0.1388
133,1388,1521,0.1388
136,1377,1513,0.1388
136,1389,1525,0.1388
133,1384,1517,0.1388
126,1369,1495,0.1388
129,1379,1508,0.1388
133,1387,1520,0.1388
131,1379,1510,0.1388
128,1381,1509,0.1388
126,1391,1517,0.1388
127,1388,1515,0.1388
125,1387,1512,0.1388
123,1388,1511,0.1388
121,1389,1510,0.1388
119,1401,1520,0.1388
118,1398,1516,0.1388
116,1407,1523,0.1388
117,1405,1522,0.1388
119,1402,1521,0.1388
117,1406,1523,0.1388
117,1400,1517,0.1388
120,1396,1516,0.1388
117,1389,1506,0.1388
115,1388,1503,0.1388
112,1409,1521,0.1388
112,1412,1524,0.1388
114,1417,1531,0.1388
110,1417,1527,0.1388
108,1422,1530,0.1388
107,1416,1523,0.1388
106,1412,1518,0.1388
107,1406,1513,0.1388
110,1408,1518,0.1388
111,1397,1508,0.1388
108,1399,1507,0.1388
110,1412,1522,0.1388
107,1426,1533,0.1388
103,1401,1504,0.1388
102,1405,1507,0.1388
100,1407,1507,0.1388
103,1408,1511,0.1388
103,1423,1526,0.1388
103,1410,1513,0.1388
101,1398,1499,0.1388
103,1401,1504,0.1388
103,1395,1498,0.1388
106,1401,1507,0.1388
106,1407,1513,0.1388
104,1414,1518,0.1388
106,1429,1535,0.1388
106,1423,1529,0.1388
105,1413,1518,0.1388
101,1414,1515,0.1388
102,1406,1508,0.1388
103,1410,1513,0.1388
102,1399,1501,0.1388
104,1414,1518,0.1388
100,1410,1510,0.1388
100,1409,1509,0.1388
99,1420,1519,0.1388
98,1417,1515,0.1388
99,1402,1501,0.1388
100,1399,1499,0.1388
99,1415,1514,0.1388
98,1421,1519,0.1388
98,1412,1510,0.1388
103,1414,1517,0.1388
106,1410,1516,0.1388
102,1418,1520,0.1388
98,1421,1519,0.1388
95,1420,1515,0.1388
96,1427,1523,0.1388
96,1433,1529,0.1388
98,1419,1517,0.1388
94,1418,1512,0.1388
92,1419,1511,0.1388
91,1430,1521,0.1388
95,1421,1516,0.1388
96,1424,1520,0.1388
95,1416,1511,0.1388
92,1410,1502,0.1388
88,1414,1502,0.1388
87,1412,1499,0.1388
87,1414,1501,0.1388
88,1422,1510,0.1388
87,1419,1506,0.1388
85,1432,1517,0.1388
88,1431,1519,0.1388
87,1430,1517,0.1388
84,1433,1517,0.1388
80,1440,1520,0.1388
82,1431,1513,0.1388
80,1436,1516,0.1388
79,1446,1525,0.1388
85,1438,1523,0.1388
86,1445,1531,0.1388
84,1437,1521,0.1388
84,1445,1529,0.1388
83,1444,1527,0.1388
79,1439,1518,0.1388
78,1440,1518,0.1388
79,1456,1535,0.1388
77,1450,1527,0.1388
78,1443,1521,0.1388
75,1448,1523,0.1388
78,1444,1522,0.1388
81,1432,1513,0.1388
78,1434,1512,0.1388
75,1437,1512,0.1388
77,1432,1509,0.1388
75,1433,1508,0.1388
78,1444,1522,0.1388
76,1440,1516,0.1388
79,1438,1517,0.1388
82,1444,1526,0.1388
81,1446,1527,0.1388
82,1455,1537,0.1388
84,1444,1528,0.1388
84,1432,1516,0.1388
82,1443,1525,0.1388
81,1440,1521,0.1388
82,1451,1533,0.1388
81,1440,1521,0.1388
77,1437,1514,0.1388
75,1434,1509,0.1388
80,1437,1517,0.1388
83,1441,1524,0.1388
84,1439,1523,0.1388
82,1435,1517,0.1388
84,1423,1507,0.1388
83,1437,1520,0.1388
81,1433,1514,0.1388
81,1436,1517,0.1388
81,1442,1523,0.1388
82,1439,1521,0.1388
83,1432,1515,0.1388
81,1421,1502,0.1388
81,1427,1508,0.1388
84,1429,1513,0.1388
81,1430,1511,0.1388
81,1442,1523,0.1388
81,1444,1525,0.1388
82,1446,1528,0.1388
79,1435,1514,0.1388
79,1425,1504,0.1388
82,1436,1518,0.1388
80,1445,1525,0.1388
82,1450,1532,0.1388
84,1444,1528,0.1388
82,1446,1528,0.1388
78,1433,1511,0.1388
80,1436,1516,0.1388
78,1424,1502,0.1388
78,1450,1528,0.1388
81,1452,1533,0.1388
80,1441,1521,0.1388
82,1446,1528,0.1388
83,1440,1523,0.1388
83,1437,1520,0.1388
84,1440,1524,0.1388
87,1434,1521,0.1388
88,1432,1520,0.1388
84,1425,1509,0.1388
84,1429,1513,0.1388
82,1428,1510,0.1388
81,1422,1503,0.1388
83,1425,1508,0.1388
82,1429,1511,0.1388
81,1431,1512,0.1388
82,1426,1508,0.1388
79,1417,1496,0.1388
79,1424,1503,0.1388
80,1423,1503,0.1388
84,1437,1521,0.1388
86,1433,1519,0.1388
82,1424,1506,0.1388
83,1438,1521,0.1388
83,1447,1530,0.1388
84,1438,1522,0.1388
82,1432,1514,0.1388
84,1431,1515,0.1388
88,1432,1520,0.1388
90,1433,1523,0.1388
90,1436,1526,0.1388
90,1427,1517,0.1388
88,1430,1518,0.1388
86,1435,1521,0.1388
88,1429,1517,0.1388
90,1429,1519,0.1388
91,1426,1517,0.1388
90,1424,1514,0.1388
90,1423,1513,0.1388
88,1421,1509,0.1388
88,1417,1505,0.1388
88,1413,1501,0.1388
89,1416,1505,0.1388
88,1421,1509,0.1388
88,1421,1509,0.1388
86,1418,1504,0.1388
82,1414,1496,0.1388
84,1414,1498,0.1388
82,1419,1501,0.1388
84,1414,1498,0.1388
87,1428,1515,0.1388
88,1428,1516,0.1388
87,1423,1510,0.1388
84,1432,1516,0.1388
86,1424,1510,0.1388
86,1440,1526,0.1388
87,1432,1519,0.1388
87,1435,1522,0.1388
85,1434,1519,0.1388
83,1432,1515,0.1388
81,1426,1507,0.1388
80,1420,1500,0.1388
81,1423,1504,0.1388
81,1432,1513,0.1388
81,1432,1513,0.1388
80,1432,1512,0.1388
79,1434,1513,0.1388
82,1433,1515,0.1388
84,1444,1528,0.1388
82,1432,1514,0.1388
74,1433,1507,0.1388
76,1431,1507,0.1388
72,1425,1497,0.1388
73,1426,1499,0.1388
74,1434,1508,0.1388
74,1434,1508,0.1388
76,1433,1509,0.1388
76,1429,1505,0.1388
74,1448,1522,0.1388
74,1451,1525,0.1388
76,1448,1524,0.1388
74,1445,1519,0.1388
74,1447,1521,0.1388
74,1449,1523,0.1388
72,1451,1523,0.1388
74,1446,1520,0.1388
73,1439,1512,0.1388
75,1439,1514,0.1388
73,1434,1507,0.1388
73,1449,1522,0.1388
76,1447,1523,0.1388
78,1448,1526,0.1388
76,1451,1527,0.1388
76,1445,1521,0.1388
77,1439,1516,0.1388
77,1438,1515,0.1388
74,1444,1518,0.1388
78,1450,1528,0.1388
78,1428,1506,0.1388
81,1432,1513,0.1388
78,1437,1515,0.1388
77,1451,1528,0.1388
80,1444,1524,0.1388
79,1429,1508,0.1388
79,1434,1513,0.1388
79,1426,1505,0.1388
78,1430,1508,0.1388
77,1435,1512,0.1388
77,1431,1508,0.1388
77,1418,1495,0.1388
74,1414,1488,0.1388
75,1429,1504,0.1388
75,1432,1507,0.1388
71,1420,1491,0.1388
72,1433,1505,0.1388
71,1440,1511,0.1388
73,1459,1532,0.1388
74,1451,1525,0.1388
74,1440,1514,0.1388
72,1455,1527,0.1388
70,1451,1521,0.1388
70,1449,1519,0.1388
67,1447,1514,0.1388
64,1451,1515,0.1388
64,1454,1518,0.1388
64,1441,1505,0.1388
63,1447,1510,0.1388
64,1456,1520,0.1388
64,1444,1508,0.1388
65,1435,1500,0.1388
67,1448,1515,0.1388
68,1454,1522,0.1388
66,1437,1503,0.1388
64,1435,1499,0.1388
64,1446,1510,0.1388
66,1443,1509,0.1388
67,1440,1507,0.1388
68,1443,1511,0.1388
69,1448,1517,0.1388
69,1447,1516,0.1388
70,1446,1516,0.1388
68,1445,1513,0.1388
68,1456,1524,0.1388
65,1454,1519,0.1388
64,1452,1516,0.1388
63,1461,1524,0.1388
64,1463,1527,0.1388
66,1466,1532,0.1388
65,1466,1531,0.1388
65,1453,1518,0.1388
60,1460,1520,0.1388
61,1458,1519,0.1388
62,1448,1510,0.1388
62,1447,1509,0.1388
58,1440,1498,0.1388
58,1449,1507,0.1388
58,1450,1508,0.1388
57,1458,1515,0.1388
59,1459,1518,0.1388
59,1451,1510,0.1388
60,1455,1515,0.1388
62,1453,1515,0.1388
58,1449,1507,0.1388
61,1457,1518,0.1388
61,1455,1516,0.1388
59,1459,1518,0.1388
60,1465,1525,0.1388
61,1466,1527,0.1388
61,1458,1519,0.1388
64,1449,1513,0.1388
64,1446,1510,0.1388
65,1445,1510,0.1388
64,1435,1499,0.1388
62,1445,1507,0.1388
62,1435,1497,0.1388
63,1438,1501,0.1388
62,1464,1526,0.1388
63,1471,1534,0.1388
64,1471,1535,0.1388
68,1455,1523,0.1388
68,1451,1519,0.1388
68,1450,1518,0.1388
67,1457,1524,0.1388
64,1456,1520,0.1388
62,1445,1507,0.1388
60,1448,1508,0.1388
60,1454,1514,0.1388
60,1463,1523,0.1388
60,1459,1519,0.1388
61,1452,1513,0.1388
62,1460,1522,0.1388
64,1458,1522,0.1388
64,1441,1505,0.1388
62,1458,1520,0.1388
63,1450,1513,0.1388
64,1446,1510,0.1388
63,1448,1511,0.1388
68,1443,1511,0.1388
68,1457,1525,0.1388
65,1452,1517,0.1388
65,1442,1507,0.1388
66,1449,1515,0.1388
63,1454,1517,0.1388
63,1446,1509,0.1388
61,1443,1504,0.1388
57,1449,1506,0.1388
59,1457,1516,0.1388
61,1451,1512,0.1388
58,1451,1509,0.1388
59,1450,1509,0.1388
58,1454,1512,0.1388
57,1463,1520,0.1388
56,1460,1516,0.1388
58,1463,1521,0.1388
59,1464,1523,0.1388
58,1445,1503,0.1388
54,1448,1502,0.1388
55,1459,1514,0.1388
56,1461,1517,0.1388
56,1457,1513,0.1388
56,1447,1503,0.1388
56,1454,1510,0.1388
54,1457,1511,0.1388
53,1458,1511,0.1388
55,1462,1517,0.1388
58,1464,1522,0.1388
56,1453,1509,0.1388
59,1458,1517,0.1388
62,1457,1519,0.1388
62,1468,1530,0.1388
59,1471,1530,0.1388
56,1463,1519,0.1388
56,1450,1506,0.1388
55,1458,1513,0.1388
54,1465,1519,0.1388
54,1462,1516,0.1388
54,1459,1513,0.1388
54,1460,1514,0.1388
54,1456,1510,0.1388
54,1448,1502,0.1388
55,1445,1500,0.1388
53,1446,1499,0.1388
51,1450,1501,0.1388
50,1458,1508,0.1388
53,1461,1514,0.1388
53,1448,1501,0.1388
52,1444,1496,0.1388
52,1455,1507,0.1388
51,1469,1520,0.1388
53,1454,1507,0.1388
52,1459,1511,0.1388
51,1466,1517,0.1388
49,1458,1507,0.1388
51,1446,1497,0.1388
51,1449,1500,0.1388
49,1440,1489,0.1388
49,1451,1500,0.1388
51,1467,1518,0.1388
52,1463,1515,0.1388
51,1462,1513,0.1388
49,1468,1517,0.1388
51,1469,1520,0.1388
53,1476,1529,0.1388
51,1480,1531,0.1388
50,1467,1517,0.1388
52,1475,1527,0.1388
52,1478,1530,0.1388
52,1481,1533,0.1388
51,1478,1529,0.1388
50,1475,1525,0.1388
49,1470,1519,0.1388
50,1471,1521,0.1388
48,1471,1519,0.1388
45,1471,1516,0.1388
48,1477,1525,0.1388
48,1472,1520,0.1388
48,1467,1515,0.1388
47,1466,1513,0.1388
41,1454,1495,0.1388
38,1469,1507,0.1388
42,1462,1504,0.1388
41,1465,1506,0.1388
41,1466,1507,0.1388
41,1464,1505,0.1388
41,1467,1508,0.1388
41,1471,1512,0.1388
42,1480,1522,0.1388
40,1474,1514,0.1388
40,1481,1521,0.1388
39,1482,1521,0.1388
39,1488,1527,0.1388
39,1489,1528,0.1388
40,1497,1537,0.1388
43,1492,1535,0.1388
45,1485,1530,0.1388
46,1484,1530,0.1388
45,1481,1526,0.1388
45,1484,1529,0.1388
45,1475,1520,0.1388
44,1476,1520,0.1388
45,1468,1513,0.1388
44,1473,1517,0.1388
45,1478,1523,0.1388
47,1471,1518,0.1388
47,1461,1508,0.1388
46,1469,1515,0.1388
44,1471,1515,0.1388
45,1468,1513,0.1388
45,1468,1513,0.1388
47,1462,1509,0.1388
48,1453,1501,0.1388
46,1450,1496,0.1388
46,1474,1520,0.1388
48,1484,1532,0.1388
47,1480,1527,0.1388
47,1485,1532,0.1388
47,1478,1525,0.1388
43,1482,1525,0.1388
41,1480,1521,0.1388
42,1466,1508,0.1388
46,1460,1506,0.1388
47,1459,1506,0.1388
49,1473,1522,0.1388
49,1470,1519,0.1388
48,1469,1517,0.1388
48,1460,1508,0.1388
46,1484,1530,0.1388
46,1461,1507,0.1388
45,1451,1496,0.1388
43,1449,1492,0.1388
41,1464,1505,0.1388
41,1470,1511,0.1388
39,1468,1507,0.1388
38,1476,1514,0.1388
36,1487,1523,0.1388
38,1483,1521,0.1388
38,1478,1516,0.1388
39,1485,1524,0.1388
39,1484,1523,0.1388
39,1482,1521,0.1388
37,1461,1498,0.1388
37,1464,1501,0.1388
39,1488,1527,0.1388
40,1482,1522,0.1388
39,1488,1527,0.1388
39,1498,1537,0.1388
39,1488,1527,0.1388
38,1480,1518,0.1388
39,1464,1503,0.1388
40,1462,1502,0.1388
40,1474,1514,0.1388
39,1478,1517,0.1388
40,1472,1512,0.1388
36,1477,1513,0.1388
36,1465,1501,0.1388
35,1473,1508,0.1388
34,1465,1499,0.1388
34,1479,1513,0.1388
34,1468,1502,0.1388
33,1461,1494,0.1388
33,1477,1510,0.1388
32,1476,1508,0.1388
33,1473,1506,0.1388
34,1482,1516,0.1388
35,1483,1518,0.1388
36,1482,1518,0.1388
36,1484,1520,0.1388
36,1482,1518,0.1388
36,1480,1516,0.1388
34,1497,1531,0.1388
34,1498,1532,0.1388
34,1491,1525,0.1388
35,1475,1510,0.1388
32,1467,1499,0.1388
32,1481,1513,0.1388
32,1493,1525,0.1388
33,1496,1529,0.1388
34,1502,1536,0.1388
33,1486,1519,0.1388
32,1483,1515,0.1388
30,1494,1524,0.1388
31,1487,1518,0.1388
29,1488,1517,0.1388
30,1489,1519,0.1388
27,1478,1505,0.1388
28,1479,1507,0.1388
27,1475,1502,0.1388
27,1485,1512,0.1388
27,1482,1509,0.1388
28,1481,1509,0.1388
27,1489,1516,0.1388
28,1490,1518,0.1388
28,1498,1526,0.1388
25,1499,1524,0.1388
25,1495,1520,0.1388
24,1497,1521,0.1388
24,1496,1520,0.1388
27,1487,1514,0.1388
28,1480,1508,0.1388
28,1483,1511,0.1388
27,1482,1509,0.1388
25,1480,1505,0.1388
24,1482,1506,0.1388
25,1476,1501,0.1388
24,1487,1511,0.1388
22,1490,1512,0.1388
24,1489,1513,0.1388
24,1506,1530,0.1388
24,1504,1528,0.1388
23,1510,1533,0.1388
24,1503,1527,0.1388
21,1509,1530,0.1388
21,1514,1535,0.1388
19,1501,1520,0.1388
20,1498,1518,0.1388
20,1492,1512,0.1388
20,1491,1511,0.1388
18,1502,1520,0.1388
17,1502,1519,0.1388
17,1505,1522,0.1388
17,1510,1527,0.1388
16,1507,1523,0.1388
16,1503,1519,0.1388
16,1500,1516,0.1388
17,1497,1514,0.1388
16,1494,1510,0.1388
16,1507,1523,0.1388
16,1496,1512,0.1388
16,1492,1508,0.1388
16,1496,1512,0.1388
16,1506,1522,0.1388
16,1497,1513,0.1388
17,1495,1512,0.1388
18,1498,1516,0.1388
18,1498,1516,0.1388
19,1499,1518,0.1388
19,1498,1517,0.1388
20,1500,1520,0.1388
20,1491,1511,0.1388
21,1491,1512,0.1388
21,1486,1507,0.1388
21,1486,1507,0.1388
18,1479,1497,0.1388
18,1487,1505,0.1388
18,1487,1505,0.1388
19,1484,1503,0.1388
17,1486,1503,0.1388
17,1497,1514,0.1388
18,1497,1515,0.1388
18,1495,1513,0.1388
18,1492,1510,0.1388
18,1504,1522,0.1388
18,1505,1523,0.1388
17,1497,1514,0.1388
17,1499,1516,0.1388
18,1499,1517,0.1388
19,1503,1522,0.1388
18,1503,1521,0.1388
18,1507,1525,0.1388
18,1509,1527,0.1388
18,1495,1513,0.1388
18,1489,1507,0.1388
18,1481,1499,0.1388
18,1491,1509,0.1388
20,1502,1522,0.1388
21,1501,1522,0.1388
19,1500,1519,0.1388
20,1496,1516,0.1388
20,1508,1528,0.1388
19,1498,1517,0.1388
19,1500,1519,0.1388
20,1498,1518,0.1388
20,1501,1521,0.1388
20,1506,1526,0.1388
20,1514,1534,0.1388
20,1503,1523,0.1388
20,1489,1509,0.1388
20,1487,1507,0.1388
20,1495,1515,0.1388
20,1503,1523,0.1388
20,1498,1518,0.1388
19,1498,1517,0.1388
19,1505,1524,0.1388
19,1498,1517,0.1388
19,1489,1508,0.1388
18,1497,1515,0.1388
17,1523,1540,0.1388
16,1510,1526,0.1388
16,1497,1513,0.1388
17,1505,1522,0.1388
17,1505,1522,0.1388
16,1497,1513,0.1388
16,1497,1513,0.1388
15,1504,1519,0.1388
15,1500,1515,0.1388
15,1480,1495,0.1388
15,1487,1502,0.1388
16,1496,1512,0.1388
16,1498,1514,0.1388
16,1505,1521,0.1388
14,1493,1507,0.1388
14,1499,1513,0.1388
13,1505,1518,0.1388
13,1492,1505,0.1388
13,1489,1502,0.1388
12,1487,1499,0.1388
12,1499,1511,0.1388
12,1500,1512,0.1388
11,1512,1523,0.1388
11,1509,1520,0.1388
11,1514,1525,0.1388
11,1512,1523,0.1388
11,1511,1522,0.1388
12,1496,1508,0.1388
10,1516,1526,0.1388
10,1521,1531,0.1388
9,1517,1526,0.1388
9,1511,1520,0.1388
10,1520,1530,0.1388
10,1515,1525,0.1388
10,1530,1540,0.1388
10,1516,1526,0.1388
9,1517,1526,0.1388
9,1526,1535,0.1388
9,1521,1530,0.1388
8,1525,1533,0.1388
8,1522,1530,0.1388
8,1504,1512,0.1388
8,1504,1512,0.1388
9,1505,1514,0.1388
9,1512,1521,0.1388
10,1501,1511,0.1388
10,1510,1520,0.1388
10,1515,1525,0.1388
10,1518,1528,0.1388
10,1503,1513,0.1388
9,1505,1514,0.1388
10,1507,1517,0.1388
10,1494,1504,0.1388
10,1481,1491,0.1388
11,1485,1496,0.1388
11,1496,1507,0.1388
11,1502,1513,0.1388
11,1504,1515,0.1388
11,1504,1515,0.1388
11,1500,1511,0.1388
11,1506,1517,0.1388
11,1494,1505,0.1388
11,1509,1520,0.1388
10,1500,1510,0.1388
11,1500,1511,0.1388
11,1514,1525,0.1388
12,1501,1513,0.1388
12,1518,1530,0.1388
13,1506,1519,0.1388
13,1504,1517,0.1388
12,1493,1505,0.1388
12,1501,1513,0.1388
12,1498,1510,0.1388
13,1508,1521,0.1388
14,1504,1518,0.1388
14,1509,1523,0.1388
14,1510,1524,0.1388
15,1498,1513,0.1388
14,1491,1505,0.1388
14,1502,1516,0.1388
14,1497,1511,0.1388
15,1502,1517,0.1388
17,1490,1507,0.1388
17,1486,1503,0.1388
17,1499,1516,0.1388
17,1499,1516,0.1388
17,1498,1515,0.1388
18,1504,1522,0.1388
19,1507,1526,0.1388
19,1498,1517,0.1388
19,1504,1523,0.1388
19,1512,1531,0.1388
20,1511,1531,0.1388
21,1503,1524,0.1388
22,1520,1542,0.1388
23,1502,1525,0.1388
24,1498,1522,0.1388
24,1502,1526,0.1388
23,1491,1514,0.1388
22,1485,1507,0.1388
23,1498,1521,0.1388
23,1510,1533,0.1388
22,1511,1533,0.1388
23,1504,1527,0.1388
24,1501,1525,0.1388
23,1492,1515,0.1388
22,1494,1516,0.1388
23,1495,1518,0.1388
22,1483,1505,0.1388
23,1482,1505,0.1388
23,1479,1502,0.1388
22,1485,1507,0.1388
21,1484,1505,0.1388
20,1487,1507,0.1388
19,1498,1517,0.1388
21,1491,1512,0.1388
21,1487,1508,0.1388
20,1488,1508,0.1388
20,1487,1507,0.1388
20,1504,1524,0.1388
19,1503,1522,0.1388
19,1514,1533,0.1388
21,1507,1528,0.1388
21,1498,1519,0.1388
21,1494,1515,0.1388
20,1489,1509,0.1388
20,1504,1524,0.1388
19,1490,1509,0.1388
19,1487,1506,0.1388
19,1482,1501,0.1388
16,1481,1497,0.1388
17,1492,1509,0.1388
17,1496,1513,0.1388
18,1493,1511,0.1388
20,1485,1505,0.1388
19,1489,1508,0.1388
17,1488,1505,0.1388
18,1496,1514,0.1388
19,1490,1509,0.1388
19,1494,1513,0.1388
19,1489,1508,0.1388
19,1495,1514,0.1388
20,1484,1504,0.1388
21,1501,1522,0.1388
21,1496,1517,0.1388
21,1506,1527,0.1388
21,1508,1529,0.1388
22,1503,1525,0.1388
22,1494,1516,0.1388
22,1484,1506,0.1388
22,1480,1502,0.1388
22,1494,1516,0.1388
22,1491,1513,0.1388
23,1498,1521,0.1388
23,1504,1527,0.1388
23,1501,1524,0.1388
23,1497,1520,0.1388
23,1487,1510,0.1388
23,1490,1513,0.1388
22,1496,1518,0.1388
22,1503,1525,0.1388
22,1501,1523,0.1388
20,1505,1525,0.1388
22,1515,1537,0.1388
21,1515,1536,0.1388
22,1501,1523,0.1388
23,1477,1500,0.1388
23,1486,1509,0.1388
23,1484,1507,0.1388
23,1491,1514,0.1388
23,1507,1530,0.1388
25,1500,1525,0.1388
25,1500,1525,0.1388
23,1517,1540,0.1388
22,1507,1529,0.1388
22,1499,1521,0.1388
23,1500,1523,0.1388
22,1498,1520,0.1388
23,1492,1515,0.1388
22,1502,1524,0.1388
22,1504,1526,0.1388
22,1510,1532,0.1388
22,1501,1523,0.1388
21,1504,1525,0.1388
21,1506,1527,0.1388
21,1501,1522,0.1388
22,1495,1517,0.1388
22,1493,1515,0.1388
22,1506,1528,0.1388
22,1490,1512,0.1388
21,1503,1524,0.1388
22,1505,1527,0.1388
22,1498,1520,0.1388
22,1495,1517,0.1388
22,1490,1512,0.1388
22,1486,1508,0.1388
22,1479,1501,0.1388
23,1488,1511,0.1388
23,1492,1515,0.1388
23,1489,1512,0.1388
22,1503,1525,0.1388
22,1503,1525,0.1388
23,1498,1521,0.1388
23,1493,1516,0.1388
24,1485,1509,0.1388
25,1493,1518,0.1388
24,1488,1512,0.1388
24,1490,1514,0.1388
24,1494,1518,0.1388
22,1487,1509,0.1388
22,1494,1516,0.1388
21,1503,1524,0.1388
22,1504,1526,0.1388
23,1492,1515,0.1388
21,1491,1512,0.1388
21,1497,1518,0.1388
21,1502,1523,0.1388
21,1499,1520,0.1388
22,1491,1513,0.1388
21,1482,1503,0.1388
17,1494,1511,0.1388
17,1489,1506,0.1388
17,1497,1514,0.1388
16,1494,1510,0.1388
16,1499,1515,0.1388
16,1509,1525,0.1388
14,1508,1522,0.1388
14,1509,1523,0.1388
13,1512,1525,0.1388
14,1499,1513,0.1388
15,1506,1521,0.1388
15,1491,1506,0.1388
15,1499,1514,0.1388
15,1501,1516,0.1388
15,1500,1515,0.1388
16,1508,1524,0.1388
17,1502,1519,0.1388
14,1501,1515,0.1388
14,1494,1508,0.1388
13,1489,1502,0.1388
13,1489,1502,0.1388
14,1517,1531,0.1388
15,1511,1526,0.1388
15,1514,1529,0.1388
15,1513,1528,0.1388
14,1509,1523,0.1388
14,1506,1520,0.1388
16,1484,1500,0.1388
16,1492,1508,0.1388
16,1493,1509,0.1388
15,1487,1502,0.1388
15,1488,1503,0.1388
16,1482,1498,0.1388
16,1487,1503,0.1388
16,1491,1507,0.1388
16,1491,1507,0.1388
17,1496,1513,0.1388
17,1505,1522,0.1388
17,1497,1514,0.1388
17,1501,1518,0.1388
17,1492,1509,0.1388
18,1496,1514,0.1388
18,1489,1507,0.1388
17,1482,1499,0.1388
17,1486,1503,0.1388
18,1477,1495,0.1388
18,1479,1497,0.1388
16,1476,1492,0.1388
17,1487,1504,0.1388
16,1482,1498,0.1388
16,1479,1495,0.1388
17,1494,1511,0.1388
17,1492,1509,0.1388
17,1495,1512,0.1388
18,1487,1505,0.1388
18,1484,1502,0.1388
17,1497,1514,0.1388
16,1489,1505,0.1388
18,1496,1514,0.1388
18,1496,1514,0.1388
18,1509,1527,0.1388
18,1510,1528,0.1388
17,1505,1522,0.1388
17,1499,1516,0.1388
18,1496,1514,0.1388
18,1492,1510,0.1388
16,1508,1524,0.1388
16,1499,1515,0.1388
15,1509,1524,0.1388
15,1506,1521,0.1388
15,1512,1527,0.1388
13,1516,1529,0.1388
12,1511,1523,0.1388
13,1508,1521,0.1388
13,1513,1526,0.1388
13,1515,1528,0.1388
14,1507,1521,0.1388
14,1516,1530,0.1388
14,1510,1524,0.1388
13,1515,1528,0.1388
13,1504,1517,0.1388
12,1522,1534,0.1388
12,1507,1519,0.1388
12,1507,1519,0.1388
12,1508,1520,0.1388
11,1509,1520,0.1388
11,1514,1525,0.1388
11,1525,1536,0.1388
12,1513,1525,0.1388
12,1510,1522,0.1388
11,1525,1536,0.1388
11,1521,1532,0.1388
10,1511,1521,0.1388
10,1508,1518,0.1388
10,1511,1521,0.1388
10,1501,1511,0.1388
10,1521,1531,0.1388
10,1522,1532,0.1388
11,1517,1528,0.1388
11,1523,1534,0.1388
11,1516,1527,0.1388
11,1504,1515,0.1388
11,1496,1507,0.1388
11,1499,1510,0.1388
11,1505,1516,0.1388
10,1507,1517,0.1388
9,1509,1518,0.1388
9,1507,1516,0.1388
9,1495,1504,0.1388
10,1502,1512,0.1388
10,1511,1521,0.1388
10,1512,1522,0.1388
10,1509,1519,0.1388
11,1512,1523,0.1388
11,1515,1526,0.1388
11,1512,1523,0.1388
11,1494,1505,0.1388
10,1497,1507,0.1388
10,1504,1514,0.1388
9,1499,1508,0.1388
9,1501,1510,0.1388
10,1504,1514,0.1388
11,1508,1519,0.1388
11,1526,1537,0.1388
11,1514,1525,0.1388
11,1513,1524,0.1388
10,1506,1516,0.1388
10,1499,1509,0.1388
10,1512,1522,0.1388
10,1511,1521,0.1388
10,1521,1531,0.1388
11,1520,1531,0.1388
11,1527,1538,0.1388
11,1519,1530,0.1388
11,1513,1524,0.1388
11,1512,1523,0.1388
11,1508,1519,0.1388
11,1508,1519,0.1388
11,1511,1522,0.1388
11,1522,1533,0.1388
11,1517,1528,0.1388
10,1508,1518,0.1388
10,1524,1534,0.1388
10,1514,1524,0.1388
10,1509,1519,0.1388
10,1492,1502,0.1388
10,1488,1498,0.1388
10,1496,1506,0.1388
10,1486,1496,0.1388
11,1504,1515,0.1388
9,1497,1506,0.1388
9,1505,1514,0.1388
9,1504,1513,0.1388
9,1515,1524,0.1388
10,1506,1516,0.1388
9,1506,1515,0.1388
9,1511,1520,0.1388
8,1514,1522,0.1388
8,1513,1521,0.1388
8,1496,1504,0.1388
7,1507,1514,0.1388
6,1501,1507,0.1388
6,1508,1514,0.1388
7,1518,1525,0.1388
6,1499,1505,0.1388
6,1492,1498,0.1388
8,1495,1503,0.1388
8,1498,1506,0.1388
8,1491,1499,0.1388
8,1490,1498,0.1388
8,1492,1500,0.1388
8,1512,1520,0.1388
8,1514,1522,0.1388
8,1518,1526,0.1388
8,1516,1524,0.1388
8,1512,1520,0.1388
7,1518,1525,0.1388
7,1513,1520,0.1388
8,1514,1522,0.1388
9,1504,1513,0.1388
9,1499,1508,0.1388
9,1515,1524,0.1388
8,1506,1514,0.1388
8,1511,1519,0.1388
7,1507,1514,0.1388
7,1523,1530,0.1388
7,1515,1522,0.1388
9,1507,1516,0.1388
9,1515,1524,0.1388
9,1512,1521,0.1388
10,1508,1518,0.1388
10,1519,1529,0.1388
10,1526,1536,0.1388
10,1516,1526,0.1388
10,1529,1539,0.1388
10,1537,1547,0.1388
10,1540,1550,0.1388
10,1530,1540,0.1388
10,1515,1525,0.1388
10,1495,1505,0.1388
12,1493,1505,0.1388
12,1480,1492,0.1388
12,1494,1506,0.1388
12,1510,1522,0.1388
12,1507,1519,0.1388
11,1504,1515,0.1388
10,1517,1527,0.1388
10,1522,1532,0.1388
11,1529,1540,0.1388
12,1521,1533,0.1388
12,1522,1534,0.1388
11,1505,1516,0.1388
10,1507,1517,0.1388
10,1501,1511,0.1388
9,1513,1522,0.1388
9,1501,1510,0.1388
9,1508,1517,0.1388
9,1504,1513,0.1388
8,1511,1519,0.1388
10,1514,1524,0.1388
9,1523,1532,0.1388
9,1520,1529,0.1388
11,1520,1531,0.1388
11,1513,1524,0.1388
11,1510,1521,0.1388
11,1498,1509,0.1388
10,1498,1508,0.1388
10,1501,1511,0.1388
10,1494,1504,0.1388
11,1489,1500,0.1388
11,1487,1498,0.1388
11,1496,1507,0.1388
10,1501,1511,0.1388
10,1490,1500,0.1388
10,1500,1510,0.1388
10,1524,1534,0.1388
10,1505,1515,0.1388
11,1502,1513,0.1388
11,1512,1523,0.1388
11,1507,1518,0.1388
11,1495,1506,0.1388
11,1491,1502,0.1388
11,1466,1477,0.1388
11,1483,1494,0.1388
11,1487,1498,0.1388
11,1495,1506,0.1388
11,1491,1502,0.1388
12,1497,1509,0.1388
13,1509,1522,0.1388
13,1510,1523,0.1388
13,1506,1519,0.1388
13,1501,1514,0.1388
13,1490,1503,0.1388
14,1506,1520,0.1388
14,1502,1516,0.1388
14,1512,1526,0.1388
14,1505,1519,0.1388
14,1523,1537,0.1388
14,1512,1526,0.1388
14,1509,1523,0.1388
14,1504,1518,0.1388
13,1515,1528,0.1388
13,1516,1529,0.1388
11,1504,1515,0.1388
11,1504,1515,0.1388
11,1497,1508,0.1388
11,1493,1504,0.1388
9,1523,1532,0.1388
9,1529,1538,0.1388
9,1529,1538,0.1388
9,1516,1525,0.1388
9,1513,1522,0.1388
9,1514,1523,0.1388
8,1515,1523,0.1388
8,1515,1523,0.1388
7,1511,1518,0.1388
7,1509,1516,0.1388
7,1511,1518,0.1388
7,1499,1506,0.1388
8,1508,1516,0.1388
8,1506,1514,0.1388
8,1505,1513,0.1388
8,1522,1530,0.1388
9,1519,1528,0.1388
9,1514,1523,0.1388
9,1514,1523,0.1388
9,1510,1519,0.1388
9,1512,1521,0.1388
9,1532,1541,0.1388
9,1531,1540,0.1388
9,1520,1529,0.1388
9,1512,1521,0.1388
9,1518,1527,0.1388
9,1519,1528,0.1388
9,1512,1521,0.1388
9,1509,1518,0.1388
9,1523,1532,0.1388
9,1515,1524,0.1388
9,1509,1518,0.1388
10,1512,1522,0.1388
10,1505,1515,0.1388
10,1517,1527,0.1388
9,1512,1521,0.1388
9,1505,1514,0.1388
7,1498,1505,0.1388
7,1496,1503,0.1388
7,1502,1509,0.1388
8,1508,1516,0.1388
7,1504,1511,0.1388
7,1506,1513,0.1388
6,1520,1526,0.1388
6,1511,1517,0.1388
6,1503,1509,0.1388
5,1500,1505,0.1388
5,1504,1509,0.1388
5,1513,1518,0.1388
4,1506,1510,0.1388
4,1515,1519,0.1388
4,1517,1521,0.1388
4,1515,1519,0.1388
4,1520,1524,0.1388
4,1527,1531,0.1388
4,1529,1533,0.1388
4,1534,1538,0.1388
4,1530,1534,0.1388
4,1534,1538,0.1388
4,1533,1537,0.1388
4,1532,1536,0.1388
4,1541,1545,0.1388
3,1544,1547,0.1388
3,1526,1529,0.1388
3,1506,1509,0.1388
3,1492,1495,0.1388
3,1501,1504,0.1388
4,1490,1494,0.1388
4,1503,1507,0.1388
4,1507,1511,0.1388
5,1518,1523,0.1388
5,1515,1520,0.1388
5,1509,1514,0.1388
4,1511,1515,0.1388
4,1517,1521,0.1388
4,1504,1508,0.1388
4,1495,1499,0.1388
4,1509,1513,0.1388
5,1511,1516,0.1388
5,1518,1523,0.1388
4,1527,1531,0.1388
5,1529,1534,0.1388
5,1508,1513,0.1388
5,1510,1515,0.1388
5,1503,1508,0.1388
4,1499,1503,0.1388
3,1503,1506,0.1388
4,1503,1507,0.1388
4,1506,1510,0.1388
3,1511,1514,0.1388
3,1518,1521,0.1388
3,1514,1517,0.1388
2,1524,1526,0.1388
2,1521,1523,0.1388
3,1506,1509,0.1388
3,1507,1510,0.1388
3,1510,1513,0.1388
3,1522,1525,0.1388
3,1521,1524,0.1388
3,1507,1510,0.1388
3,1517,1520,0.1388
3,1520,1523,0.1388
3,1522,1525,0.1388
3,1508,1511,0.1388
2,1514,1516,0.1388
2,1522,1524,0.1388
2,1533,1535,0.1388
2,1519,1521,0.1388
2,1510,1512,0.1388
2,1505,1507,0.1388
2,1522,1524,0.1388
2,1507,1509,0.1388
2,1510,1512,0.1388
2,1512,1514,0.1388
2,1508,1510,0.1388
2,1506,1508,0.1388
2,1510,1512,0.1388
2,1508,1510,0.1388
2,1517,1519,0.1388
2,1524,1526,0.1388
2,1536,1538,0.1388
2,1520,1522,0.1388
2,1516,1518,0.1388
2,1518,1520,0.1388
3,1518,1521,0.1388
3,1509,1512,0.1388
2,1517,1519,0.1388
3,1521,1524,0.1388
4,1517,1521,0.1388
4,1518,1522,0.1388
4,1509,1513,0.1388
4,1506,1510,0.1388
5,1500,1505,0.1388
5,1507,1512,0.1388
5,1508,1513,0.1388
5,1520,1525,0.1388
5,1521,1526,0.1388
5,1516,1521,0.1388
5,1511,1516,0.1388
5,1507,1512,0.1388
5,1515,1520,0.1388
4,1513,1517,0.1388
4,1511,1515,0.1388
4,1507,1511,0.1388
4,1511,1515,0.1388
4,1519,1523,0.1388
4,1511,1515,0.1388
4,1506,1510,0.1388
4,1523,1527,0.1388
4,1533,1537,0.1388
4,1520,1524,0.1388
4,1511,1515,0.1388
4,1511,1515,0.1388
4,1498,1502,0.1388
4,1510,1514,0.1388
5,1508,1513,0.1388
5,1498,1503,0.1388
4,1498,1502,0.1388
4,1497,1501,0.1388
4,1507,1511,0.1388
4,1499,1503,0.1388
4,1481,1485,0.1388
4,1490,1494,0.1388
4,1495,1499,0.1388
4,1506,1510,0.1388
5,1506,1511,0.1388
4,1502,1506,0.1388
5,1497,1502,0.1388
5,1495,1500,0.1388
5,1502,1507,0.1388
4,1510,1514,0.1388
5,1512,1517,0.1388
5,1517,1522,0.1388
5,1523,1528,0.1388
5,1522,1527,0.1388
5,1523,1528,0.1388
4,1520,1524,0.1388
4,1507,1511,0.1388
4,1508,1512,0.1388
3,1517,1520,0.1388
3,1516,1519,0.1388
3,1520,1523,0.1388
4,1516,1520,0.1388
4,1532,1536,0.1388
4,1527,1531,0.1388
4,1520,1524,0.1388
3,1524,1527,0.1388
3,1513,1516,0.1388
3,1506,1509,0.1388
3,1511,1514,0.1388
3,1514,1517,0.1388
3,1514,1517,0.1388
3,1504,1507,0.1388
3,1503,1506,0.1388
3,1518,1521,0.1388
4,1518,1522,0.1388
4,1512,1516,0.1388
4,1502,1506,0.1388
4,1508,1512,0.1388
4,1512,1516,0.1388
3,1515,1518,0.1388
4,1514,1518,0.1388
4,1522,1526,0.1388
4,1514,1518,0.1388
4,1515,1519,0.1388
4,1498,1502,0.1388
4,1496,1500,0.1388
4,1492,1496,0.1388
4,1499,1503,0.1388
4,1501,1505,0.1388
5,1518,1523,0.1388
5,1518,1523,0.1388
5,1515,1520,0.1388
5,1519,1524,0.1388
5,1513,1518,0.1388
5,1514,1519,0.1388
5,1509,1514,0.1388
5,1511,1516,0.1388
5,1503,1508,0.1388
6,1514,1520,0.1388
6,1510,1516,0.1388
6,1511,1517,0.1388
6,1521,1527,0.1388
6,1522,1528,0.1388
5,1525,1530,0.1388
5,1510,1515,0.1388
5,1501,1506,0.1388
5,1494,1499,0.1388
4,1508,1512,0.1388
4,1511,1515,0.1388
4,1514,1518,0.1388
4,1510,1514,0.1388
4,1518,1522,0.1388
4,1534,1538,0.1388
4,1522,1526,0.1388
4,1518,1522,0.1388
4,1514,1518,0.1388
4,1504,1508,0.1388
4,1526,1530,0.1388
4,1523,1527,0.1388
3,1524,1527,0.1388
3,1534,1537,0.1388
3,1535,1538,0.1388
3,1529,1532,0.1388
2,1523,1525,0.1388
2,1514,1516,0.1388
2,1516,1518,0.1388
2,1521,1523,0.1388
1,1530,1531,0.1388
1,1515,1516,0.1388
1,1518,1519,0.1388
1,1515,1516,0.1388
1,1523,1524,0.1388
1,1523,1524,0.1388
1,1512,1513,0.1388
1,1509,1510,0.1388
1,1503,1504,0.1388
1,1520,1521,0.1388
1,1522,1523,0.1388
1,1517,1518,0.1388
1,1510,1511,0.1388
1,1518,1519,0.1388
1,1520,1521,0.1388
1,1512,1513,0.1388
0,1511,1511,0.1388
