1390,29,1419,0.1388
1399,28,1427,0.1388
1419,30,1449,0.1388
1447,31,1478,0.1388
1461,31,1492,0.1388
1470,32,1502,0.1388
1464,29,1493,0.1388
1458,28,1486,0.1388
1449,28,1477,0.1388
1451,29,1480,0.1388
1441,30,1471,0.1388
1447,32,1479,0.1388
1452,28,1480,0.1388
1452,29,1481,0.1388
1460,30,1490,0.1388
1453,30,1483,0.1388
1454,30,1484,0.1388
1460,31,1491,0.1388
1461,32,1493,0.1388
1456,32,1488,0.1388
1455,33,1488,0.1388
1460,34,1494,0.1388
1457,34,1491,0.1388
1453,31,1484,0.1388
1447,32,1479,0.1388
1460,33,1493,0.1388
1473,33,1506,0.1388
1465,33,1498,0.1388
1469,33,1502,0.1388
1463,36,1499,0.1388
1447,38,1485,0.1388
1451,39,1490,0.1388
1428,39,1467,0.1388
1429,41,1470,0.1388
1440,42,1482,0.1388
1434,42,1476,0.1388
1448,42,1490,0.1388
1441,41,1482,0.1388
1447,44,1491,0.1388
1455,43,1498,0.1388
1452,46,1498,0.1388
1430,46,1476,0.1388
1430,46,1476,0.1388
1449,48,1497,0.1388
1457,49,1506,0.1388
1453,47,1500,0.1388
1464,49,1513,0.1388
1465,51,1516,0.1388
1459,51,1510,0.1388
1453,49,1502,0.1388
1437,48,1485,0.1388
1435,48,1483,0.1388
1435,50,1485,0.1388
1439,49,1488,0.1388
1447,48,1495,0.1388
1440,46,1486,0.1388
1443,47,1490,0.1388
1432,48,1480,0.1388
1438,50,1488,0.1388
1439,48,1487,0.1388
1442,51,1493,0.1388
1427,51,1478,0.1388
1436,53,1489,0.1388
1430,56,1486,0.1388
1437,57,1494,0.1388
1426,61,1487,0.1388
1439,58,1497,0.1388
1433,59,1492,0.1388
1430,60,1490,0.1388
1442,60,1502,0.1388
1441,60,1501,0.1388
1446,60,1506,0.1388
1440,62,1502,0.1388
1436,61,1497,0.1388
1436,63,1499,0.1388
1444,63,1507,0.1388
1443,64,1507,0.1388
1437,64,1501,0.1388
1437,61,1498,0.1388
1425,60,1485,0.1388
1417,61,1478,0.1388
1431,59,1490,0.1388
1424,61,1485,0.1388
1419,63,1482,0.1388
1424,65,1489,0.1388
1437,65,1502,0.1388
1442,66,1508,0.1388
1460,68,1528,0.1388
1449,70,1519,0.1388
1437,73,1510,0.1388
1436,72,1508,0.1388
1430,74,1504,0.1388
1429,73,1502,0.1388
1433,73,1506,0.1388
1424,73,1497,0.1388
1417,71,1488,0.1388
1419,72,1491,0.1388
1427,71,1498,0.1388
1414,68,1482,0.1388
1435,65,1500,0.1388
1447,67,1514,0.1388
1445,66,1511,0.1388
1432,66,1498,0.1388
1425,69,1494,0.1388
1433,69,1502,0.1388
1438,71,1509,0.1388
1443,72,1515,0.1388
1445,73,1518,0.1388
1441,74,1515,0.1388
1441,73,1514,0.1388
1425,74,1499,0.1388
1428,74,1502,0.1388
1424,71,1495,0.1388
1417,72,1489,0.1388
1422,71,1493,0.1388
1447,71,1518,0.1388
1416,68,1484,0.1388
1417,69,1486,0.1388
1414,70,1484,0.1388
1417,70,1487,0.1388
1414,69,1483,0.1388
1429,71,1500,0.1388
1430,71,1501,0.1388
1427,69,1496,0.1388
1411,71,1482,0.1388
1424,72,1496,0.1388
1441,73,1514,0.1388
1424,76,1500,0.1388
1422,77,1499,0.1388
1424,77,1501,0.1388
1431,75,1506,0.1388
1430,76,1506,0.1388
1422,72,1494,0.1388
1429,70,1499,0.1388
1424,74,1498,0.1388
1418,74,1492,0.1388
1426,72,1498,0.1388
1428,72,1500,0.1388
1431,69,1500,0.1388
1418,70,1488,0.1388
1421,72,1493,0.1388
1429,72,1501,0.1388
1430,71,1501,0.1388
1426,74,1500,0.1388
1416,74,1490,0.1388
1422,73,1495,0.1388
1418,75,1493,0.1388
1415,75,1490,0.1388
1410,73,1483,0.1388
1404,73,1477,0.1388
1413,72,1485,0.1388
1412,70,1482,0.1388
1430,71,1501,0.1388
1422,71,1493,0.1388
1438,71,1509,0.1388
1449,73,1522,0.1388
1445,71,1516,0.1388
1446,72,1518,0.1388
1434,72,1506,0.1388
1416,73,1489,0.1388
1412,75,1487,0.1388
1411,72,1483,0.1388
1407,71,1478,0.1388
1399,73,1472,0.1388
1399,73,1472,0.1388
1403,74,1477,0.1388
1410,79,1489,0.1388
1412,77,1489,0.1388
1417,79,1496,0.1388
1416,77,1493,0.1388
1419,77,1496,0.1388
1422,75,1497,0.1388
1419,74,1493,0.1388
1425,74,1499,0.1388
1418,78,1496,0.1388
1420,77,1497,0.1388
1428,75,1503,0.1388
1420,77,1497,0.1388
1414,77,1491,0.1388
1410,78,1488,0.1388
1405,79,1484,0.1388
1410,77,1487,0.1388
1408,85,1493,0.1388
1412,85,1497,0.1388
1423,86,1509,0.1388
1414,86,1500,0.1388
1423,85,1508,0.1388
1413,86,1499,0.1388
1408,87,1495,0.1388
1413,89,1502,0.1388
1406,86,1492,0.1388
1417,83,1500,0.1388
1412,81,1493,0.1388
1402,82,1484,0.1388
1397,84,1481,0.1388
1394,85,1479,0.1388
1393,87,1480,0.1388
1401,86,1487,0.1388
1411,87,1498,0.1388
1404,90,1494,0.1388
1414,89,1503,0.1388
1406,88,1494,0.1388
1398,87,1485,0.1388
1393,84,1477,0.1388
1398,84,1482,0.1388
1402,83,1485,0.1388
1406,85,1491,0.1388
1406,89,1495,0.1388
1394,91,1485,0.1388
1393,93,1486,0.1388
1402,93,1495,0.1388
1413,92,1505,0.1388
1401,95,1496,0.1388
1398,96,1494,0.1388
1397,98,1495,0.1388
1396,98,1494,0.1388
1405,101,1506,0.1388
1401,101,1502,0.1388
1398,104,1502,0.1388
1378,107,1485,0.1388
1373,109,1482,0.1388
1379,107,1486,0.1388
1382,106,1488,0.1388
1390,109,1499,0.1388
1384,108,1492,0.1388
1389,107,1496,0.1388
1370,108,1478,0.1388
1374,106,1480,0.1388
1368,107,1475,0.1388
1377,109,1486,0.1388
1393,113,1506,0.1388
1393,113,1506,0.1388
1390,109,1499,0.1388
1387,108,1495,0.1388
1384,111,1495,0.1388
1376,113,1489,0.1388
1383,112,1495,0.1388
1383,113,1496,0.1388
1377,112,1489,0.1388
1374,115,1489,0.1388
1369,117,1486,0.1388
1369,115,1484,0.1388
1363,120,1483,0.1388
1362,117,1479,0.1388
1358,118,1476,0.1388
1361,119,1480,0.1388
1374,119,1493,0.1388
1380,118,1498,0.1388
1380,116,1496,0.1388
1391,117,1508,0.1388
1390,115,1505,0.1388
1389,114,1503,0.1388
1386,111,1497,0.1388
1388,116,1504,0.1388
1382,117,1499,0.1388
1375,118,1493,0.1388
1373,118,1491,0.1388
1360,117,1477,0.1388
1363,115,1478,0.1388
1366,108,1474,0.1388
1389,112,1501,0.1388
1390,113,1503,0.1388
1381,110,1491,0.1388
1373,108,1481,0.1388
1393,115,1508,0.1388
1377,116,1493,0.1388
1390,117,1507,0.1388
1387,118,1505,0.1388
1374,117,1491,0.1388
1376,117,1493,0.1388
1362,118,1480,0.1388
1379,117,1496,0.1388
1369,116,1485,0.1388
1380,112,1492,0.1388
1372,111,1483,0.1388
1389,108,1497,0.1388
1393,108,1501,0.1388
1392,110,1502,0.1388
1383,106,1489,0.1388
1381,105,1486,0.1388
1388,105,1493,0.1388
1385,104,1489,0.1388
1387,107,1494,0.1388
1387,110,1497,0.1388
1389,112,1501,0.1388
1397,114,1511,0.1388
1388,115,1503,0.1388
1406,119,1525,0.1388
1394,117,1511,0.1388
1377,118,1495,0.1388
1388,121,1509,0.1388
1394,120,1514,0.1388
1386,120,1506,0.1388
1366,118,1484,0.1388
1365,124,1489,0.1388
1360,123,1483,0.1388
1350,126,1476,0.1388
1364,127,1491,0.1388
1366,125,1491,0.1388
1358,124,1482,0.1388
1353,128,1481,0.1388
1360,128,1488,0.1388
1368,128,1496,0.1388
1363,126,1489,0.1388
1365,127,1492,0.1388
1362,126,1488,0.1388
1365,119,1484,0.1388
1367,119,1486,0.1388
1371,120,1491,0.1388
1386,118,1504,0.1388
1379,118,1497,0.1388
1374,120,1494,0.1388
1371,120,1491,0.1388
1366,118,1484,0.1388
1368,122,1490,0.1388
1368,123,1491,0.1388
1365,125,1490,0.1388
1377,129,1506,0.1388
1372,129,1501,0.1388
1359,130,1489,0.1388
1355,132,1487,0.1388
1356,132,1488,0.1388
1365,136,1501,0.1388
1362,134,1496,0.1388
1364,131,1495,0.1388
1368,130,1498,0.1388
1370,128,1498,0.1388
1379,125,1504,0.1388
1384,124,1508,0.1388
1383,122,1505,0.1388
1386,120,1506,0.1388
1385,120,1505,0.1388
1386,120,1506,0.1388
1373,124,1497,0.1388
1363,127,1490,0.1388
1357,128,1485,0.1388
1352,129,1481,0.1388
1367,133,1500,0.1388
1367,131,1498,0.1388
1357,133,1490,0.1388
1370,136,1506,0.1388
1355,135,1490,0.1388
1366,135,1501,0.1388
1365,134,1499,0.1388
1360,139,1499,0.1388
1354,139,1493,0.1388
1352,140,1492,0.1388
1343,139,1482,0.1388
1335,141,1476,0.1388
1336,143,1479,0.1388
1326,144,1470,0.1388
1337,148,1485,0.1388
1343,145,1488,0.1388
1345,142,1487,0.1388
1346,146,1492,0.1388
1342,147,1489,0.1388
1352,145,1497,0.1388
1347,146,1493,0.1388
1349,150,1499,0.1388
1347,155,1502,0.1388
1331,158,1489,0.1388
1342,159,1501,0.1388
1339,158,1497,0.1388
1331,160,1491,0.1388
1340,161,1501,0.1388
1354,163,1517,0.1388
1354,162,1516,0.1388
1347,158,1505,0.1388
1336,158,1494,0.1388
1337,157,1494,0.1388
1327,160,1487,0.1388
1326,159,1485,0.1388
1338,157,1495,0.1388
1332,150,1482,0.1388
1337,152,1489,0.1388
1336,155,1491,0.1388
1317,157,1474,0.1388
1335,153,1488,0.1388
1346,150,1496,0.1388
1330,153,1483,0.1388
1331,151,1482,0.1388
1329,153,1482,0.1388
1339,155,1494,0.1388
1347,157,1504,0.1388
1340,161,1501,0.1388
1329,161,1490,0.1388
1323,161,1484,0.1388
1332,163,1495,0.1388
1313,165,1478,0.1388
1320,170,1490,0.1388
1313,164,1477,0.1388
1308,164,1472,0.1388
1327,171,1498,0.1388
1317,170,1487,0.1388
1317,169,1486,0.1388
1315,172,1487,0.1388
1318,170,1488,0.1388
1319,169,1488,0.1388
1326,170,1496,0.1388
1315,171,1486,0.1388
1317,172,1489,0.1388
1320,173,1493,0.1388
1308,173,1481,0.1388
1318,172,1490,0.1388
1326,169,1495,0.1388
1316,167,1483,0.1388
1311,168,1479,0.1388
1315,170,1485,0.1388
1323,175,1498,0.1388
1323,176,1499,0.1388
1308,177,1485,0.1388
1308,181,1489,0.1388
1306,178,1484,0.1388
1302,180,1482,0.1388
1301,185,1486,0.1388
1305,186,1491,0.1388
1298,187,1485,0.1388
1302,188,1490,0.1388
1306,189,1495,0.1388
1302,188,1490,0.1388
1305,187,1492,0.1388
1310,190,1500,0.1388
1316,188,1504,0.1388
1313,191,1504,0.1388
1304,197,1501,0.1388
1289,200,1489,0.1388
1288,201,1489,0.1388
1291,198,1489,0.1388
1286,201,1487,0.1388
1292,206,1498,0.1388
1284,210,1494,0.1388
1278,210,1488,0.1388
1278,211,1489,0.1388
1280,212,1492,0.1388
1281,215,1496,0.1388
1273,211,1484,0.1388
1268,212,1480,0.1388
1273,210,1483,0.1388
1274,209,1483,0.1388
1281,206,1487,0.1388
1295,205,1500,0.1388
1300,208,1508,0.1388
1298,207,1505,0.1388
1296,206,1502,0.1388
1298,200,1498,0.1388
1304,204,1508,0.1388
1311,204,1515,0.1388
1302,203,1505,0.1388
1295,202,1497,0.1388
1285,209,1494,0.1388
1282,204,1486,0.1388
1277,210,1487,0.1388
1282,211,1493,0.1388
1288,210,1498,0.1388
1280,204,1484,0.1388
1273,208,1481,0.1388
1278,208,1486,0.1388
1277,208,1485,0.1388
1277,207,1484,0.1388
1265,208,1473,0.1388
1264,204,1468,0.1388
1276,206,1482,0.1388
1265,205,1470,0.1388
1281,199,1480,0.1388
1269,203,1472,0.1388
1268,202,1470,0.1388
1283,204,1487,0.1388
1281,202,1483,0.1388
1296,202,1498,0.1388
1297,204,1501,0.1388
1293,204,1497,0.1388
1288,202,1490,0.1388
1292,206,1498,0.1388
1288,203,1491,0.1388
1284,199,1483,0.1388
1295,203,1498,0.1388
1286,205,1491,0.1388
1288,205,1493,0.1388
1294,207,1501,0.1388
1288,212,1500,0.1388
1283,211,1494,0.1388
1288,212,1500,0.1388
1295,216,1511,0.1388
1291,215,1506,0.1388
1281,216,1497,0.1388
1279,210,1489,0.1388
1277,214,1491,0.1388
1287,217,1504,0.1388
1299,218,1517,0.1388
1296,218,1514,0.1388
1296,221,1517,0.1388
1299,217,1516,0.1388
1290,218,1508,0.1388
1281,214,1495,0.1388
1288,217,1505,0.1388
1283,215,1498,0.1388
1282,215,1497,0.1388
1267,217,1484,0.1388
1266,218,1484,0.1388
1274,222,1496,0.1388
1270,226,1496,0.1388
1268,227,1495,0.1388
1269,226,1495,0.1388
1269,227,1496,0.1388
1270,221,1491,0.1388
1275,220,1495,0.1388
1274,222,1496,0.1388
1286,225,1511,0.1388
1288,228,1516,0.1388
1289,229,1518,0.1388
1293,224,1517,0.1388
1278,224,1502,0.1388
1279,218,1497,0.1388
1285,218,1503,0.1388
1287,226,1513,0.1388
1272,222,1494,0.1388
1275,223,1498,0.1388
1273,221,1494,0.1388
1280,218,1498,0.1388
1286,218,1504,0.1388
1289,209,1498,0.1388
1270,210,1480,0.1388
1268,219,1487,0.1388
1278,223,1501,0.1388
1263,226,1489,0.1388
1262,229,1491,0.1388
1258,232,1490,0.1388
1259,233,1492,0.1388
1262,240,1502,0.1388
1272,240,1512,0.1388
1255,244,1499,0.1388
1251,241,1492,0.1388
1249,242,1491,0.1388
1234,243,1477,0.1388
1239,243,1482,0.1388
1246,242,1488,0.1388
1248,242,1490,0.1388
1245,243,1488,0.1388
1251,248,1499,0.1388
1256,243,1499,0.1388
1245,245,1490,0.1388
1253,246,1499,0.1388
1260,242,1502,0.1388
1268,240,1508,0.1388
1249,246,1495,0.1388
1234,249,1483,0.1388
1239,253,1492,0.1388
1248,254,1502,0.1388
1255,256,1511,0.1388
1249,251,1500,0.1388
1237,255,1492,0.1388
1237,256,1493,0.1388
1237,262,1499,0.1388
1225,261,1486,0.1388
1228,262,1490,0.1388
1232,257,1489,0.1388
1232,265,1497,0.1388
1233,262,1495,0.1388
1228,265,1493,0.1388
1234,268,1502,0.1388
1219,265,1484,0.1388
1226,277,1503,0.1388
1214,280,1494,0.1388
1216,276,1492,0.1388
1222,280,1502,0.1388
1231,288,1519,0.1388
1235,286,1521,0.1388
1223,281,1504,0.1388
1221,277,1498,0.1388
1213,275,1488,0.1388
1204,282,1486,0.1388
1218,280,1498,0.1388
1223,283,1506,0.1388
1218,279,1497,0.1388
1228,282,1510,0.1388
1229,278,1507,0.1388
1234,282,1516,0.1388
1231,282,1513,0.1388
1219,286,1505,0.1388
1219,284,1503,0.1388
1201,289,1490,0.1388
1209,286,1495,0.1388
1204,280,1484,0.1388
1210,285,1495,0.1388
1211,285,1496,0.1388
1214,289,1503,0.1388
1215,294,1509,0.1388
1206,293,1499,0.1388
1210,290,1500,0.1388
1208,293,1501,0.1388
1207,296,1503,0.1388
1205,298,1503,0.1388
1210,292,1502,0.1388
1200,293,1493,0.1388
1203,291,1494,0.1388
1196,298,1494,0.1388
1202,296,1498,0.1388
1191,292,1483,0.1388
1190,292,1482,0.1388
1184,292,1476,0.1388
1177,304,1481,0.1388
1190,307,1497,0.1388
1180,301,1481,0.1388
1191,310,1501,0.1388
1207,308,1515,0.1388
1206,301,1507,0.1388
1194,300,1494,0.1388
1195,305,1500,0.1388
1191,309,1500,0.1388
1183,316,1499,0.1388
1179,317,1496,0.1388
1164,316,1480,0.1388
1163,321,1484,0.1388
1166,323,1489,0.1388
1180,324,1504,0.1388
1187,329,1516,0.1388
1179,326,1505,0.1388
1176,333,1509,0.1388
1164,336,1500,0.1388
1165,339,1504,0.1388
1161,336,1497,0.1388
1164,342,1506,0.1388
1167,343,1510,0.1388
1168,342,1510,0.1388
1169,343,1512,0.1388
1164,343,1507,0.1388
1159,350,1509,0.1388
1165,342,1507,0.1388
1152,346,1498,0.1388
1150,350,1500,0.1388
1152,349,1501,0.1388
1161,349,1510,0.1388
1162,344,1506,0.1388
1153,349,1502,0.1388
1168,346,1514,0.1388
1166,349,1515,0.1388
1163,348,1511,0.1388
1171,339,1510,0.1388
1161,335,1496,0.1388
1153,345,1498,0.1388
1153,347,1500,0.1388
1152,341,1493,0.1388
1156,343,1499,0.1388
1153,341,1494,0.1388
1152,340,1492,0.1388
1155,345,1500,0.1388
1154,354,1508,0.1388
1142,353,1495,0.1388
1152,350,1502,0.1388
1154,356,1510,0.1388
1162,353,1515,0.1388
1164,354,1518,0.1388
1151,357,1508,0.1388
1152,354,1506,0.1388
1140,363,1503,0.1388
1135,360,1495,0.1388
1139,356,1495,0.1388
1137,363,1500,0.1388
1138,364,1502,0.1388
1152,364,1516,0.1388
1129,364,1493,0.1388
1135,366,1501,0.1388
1137,365,1502,0.1388
1143,364,1507,0.1388
1138,365,1503,0.1388
1134,366,1500,0.1388
1133,369,1502,0.1388
1143,366,1509,0.1388
1126,367,1493,0.1388
1118,378,1496,0.1388
1119,380,1499,0.1388
1128,378,1506,0.1388
1118,383,1501,0.1388
1121,385,1506,0.1388
1116,389,1505,0.1388
1113,386,1499,0.1388
1114,382,1496,0.1388
1121,375,1496,0.1388
1119,384,1503,0.1388
1120,387,1507,0.1388
1120,388,1508,0.1388
1117,378,1495,0.1388
1119,379,1498,0.1388
1112,388,1500,0.1388
1109,395,1504,0.1388
1125,389,1514,0.1388
1126,393,1519,0.1388
1117,390,1507,0.1388
1127,388,1515,0.1388
1105,392,1497,0.1388
1112,392,1504,0.1388
1109,395,1504,0.1388
1110,386,1496,0.1388
1109,387,1496,0.1388
1111,386,1497,0.1388
1118,393,1511,0.1388
1117,395,1512,0.1388
1106,404,1510,0.1388
1109,403,1512,0.1388
1112,403,1515,0.1388
1109,402,1511,0.1388
1093,408,1501,0.1388
1073,418,1491,0.1388
1077,417,1494,0.1388
1078,421,1499,0.1388
1076,423,1499,0.1388
1080,414,1494,0.1388
1087,420,1507,0.1388
1070,422,1492,0.1388
1073,425,1498,0.1388
1077,426,1503,0.1388
1081,419,1500,0.1388
1083,417,1500,0.1388
1102,412,1514,0.1388
1109,412,1521,0.1388
1104,415,1519,0.1388
1094,418,1512,0.1388
1084,419,1503,0.1388
1077,421,1498,0.1388
1071,419,1490,0.1388
1081,419,1500,0.1388
1085,420,1505,0.1388
1079,418,1497,0.1388
1084,412,1496,0.1388
1073,415,1488,0.1388
1089,417,1506,0.1388
1094,415,1509,0.1388
1091,413,1504,0.1388
1080,414,1494,0.1388
1086,405,1491,0.1388
1080,414,1494,0.1388
1082,414,1496,0.1388
1061,417,1478,0.1388
1085,422,1507,0.1388
1067,416,1483,0.1388
1072,428,1500,0.1388
1074,427,1501,0.1388
1067,435,1502,0.1388
1072,433,1505,0.1388
1055,434,1489,0.1388
1056,434,1490,0.1388
1068,440,1508,0.1388
1072,437,1509,0.1388
1078,434,1512,0.1388
1082,436,1518,0.1388
1077,442,1519,0.1388
1069,440,1509,0.1388
1073,430,1503,0.1388
1086,422,1508,0.1388
1073,427,1500,0.1388
1066,428,1494,0.1388
1071,437,1508,0.1388
1074,445,1519,0.1388
1056,445,1501,0.1388
1055,446,1501,0.1388
1058,439,1497,0.1388
1048,439,1487,0.1388
1059,440,1499,0.1388
1052,447,1499,0.1388
1065,441,1506,0.1388
1059,440,1499,0.1388
1052,449,1501,0.1388
1056,456,1512,0.1388
1039,453,1492,0.1388
1039,461,1500,0.1388
1038,460,1498,0.1388
1041,465,1506,0.1388
1033,464,1497,0.1388
1024,472,1496,0.1388
1022,470,1492,0.1388
1028,468,1496,0.1388
1019,480,1499,0.1388
1007,481,1488,0.1388
1006,486,1492,0.1388
1018,485,1503,0.1388
1025,496,1521,0.1388
1019,502,1521,0.1388
1020,496,1516,0.1388
1013,485,1498,0.1388
1008,488,1496,0.1388
1016,483,1499,0.1388
1009,483,1492,0.1388
1001,489,1490,0.1388
999,488,1487,0.1388
1000,488,1488,0.1388
1002,495,1497,0.1388
994,500,1494,0.1388
999,496,1495,0.1388
1004,494,1498,0.1388
998,495,1493,0.1388
995,497,1492,0.1388
1007,489,1496,0.1388
992,488,1480,0.1388
1001,491,1492,0.1388
1007,492,1499,0.1388
1016,497,1513,0.1388
1014,496,1510,0.1388
998,498,1496,0.1388
994,501,1495,0.1388
991,513,1504,0.1388
989,511,1500,0.1388
987,516,1503,0.1388
987,514,1501,0.1388
981,507,1488,0.1388
988,513,1501,0.1388
984,516,1500,0.1388
989,514,1503,0.1388
993,513,1506,0.1388
993,512,1505,0.1388
992,510,1502,0.1388
994,514,1508,0.1388
999,511,1510,0.1388
996,517,1513,0.1388
987,518,1505,0.1388
991,515,1506,0.1388
977,517,1494,0.1388
972,518,1490,0.1388
970,513,1483,0.1388
973,517,1490,0.1388
973,526,1499,0.1388
963,528,1491,0.1388
970,532,1502,0.1388
980,521,1501,0.1388
977,517,1494,0.1388
989,526,1515,0.1388
993,524,1517,0.1388
995,523,1518,0.1388
995,515,1510,0.1388
990,508,1498,0.1388
988,513,1501,0.1388
978,507,1485,0.1388
983,505,1488,0.1388
977,509,1486,0.1388
986,506,1492,0.1388
991,516,1507,0.1388
990,519,1509,0.1388
995,511,1506,0.1388
998,505,1503,0.1388
996,505,1501,0.1388
1016,511,1527,0.1388
997,507,1504,0.1388
1004,515,1519,0.1388
1002,521,1523,0.1388
1004,519,1523,0.1388
1001,525,1526,0.1388
986,524,1510,0.1388
988,520,1508,0.1388
979,508,1487,0.1388
981,503,1484,0.1388
992,502,1494,0.1388
985,510,1495,0.1388
984,514,1498,0.1388
982,527,1509,0.1388
982,531,1513,0.1388
982,530,1512,0.1388
971,528,1499,0.1388
969,538,1507,0.1388
953,538,1491,0.1388
958,544,1502,0.1388
957,545,1502,0.1388
949,542,1491,0.1388
944,539,1483,0.1388
944,544,1488,0.1388
946,554,1500,0.1388
941,562,1503,0.1388
930,570,1500,0.1388
928,576,1504,0.1388
935,575,1510,0.1388
938,575,1513,0.1388
942,567,1509,0.1388
939,573,1512,0.1388
935,577,1512,0.1388
934,568,1502,0.1388
938,574,1512,0.1388
927,573,1500,0.1388
917,576,1493,0.1388
911,586,1497,0.1388
903,583,1486,0.1388
895,581,1476,0.1388
894,588,1482,0.1388
907,587,1494,0.1388
912,596,1508,0.1388
912,595,1507,0.1388
906,600,1506,0.1388
909,610,1519,0.1388
897,603,1500,0.1388
890,611,1501,0.1388
888,613,1501,0.1388
892,613,1505,0.1388
895,618,1513,0.1388
887,617,1504,0.1388
893,617,1510,0.1388
898,620,1518,0.1388
895,632,1527,0.1388
893,622,1515,0.1388
882,633,1515,0.1388
885,638,1523,0.1388
883,641,1524,0.1388
875,638,1513,0.1388
876,636,1512,0.1388
882,631,1513,0.1388
880,627,1507,0.1388
880,628,1508,0.1388
882,626,1508,0.1388
881,624,1505,0.1388
895,629,1524,0.1388
890,637,1527,0.1388
891,632,1523,0.1388
879,627,1506,0.1388
876,630,1506,0.1388
877,626,1503,0.1388
873,621,1494,0.1388
881,627,1508,0.1388
883,639,1522,0.1388
884,636,1520,0.1388
883,625,1508,0.1388
878,635,1513,0.1388
873,627,1500,0.1388
871,630,1501,0.1388
865,631,1496,0.1388
869,632,1501,0.1388
869,630,1499,0.1388
867,642,1509,0.1388
875,633,1508,0.1388
862,647,1509,0.1388
853,656,1509,0.1388
864,663,1527,0.1388
870,656,1526,0.1388
861,651,1512,0.1388
863,635,1498,0.1388
852,654,1506,0.1388
852,662,1514,0.1388
845,654,1499,0.1388
848,658,1506,0.1388
847,659,1506,0.1388
846,663,1509,0.1388
844,664,1508,0.1388
845,668,1513,0.1388
843,676,1519,0.1388
842,677,1519,0.1388
846,679,1525,0.1388
835,677,1512,0.1388
836,684,1520,0.1388
827,680,1507,0.1388
831,671,1502,0.1388
826,673,1499,0.1388
833,672,1505,0.1388
833,672,1505,0.1388
837,676,1513,0.1388
835,669,1504,0.1388
831,662,1493,0.1388
833,670,1503,0.1388
827,684,1511,0.1388
825,680,1505,0.1388
819,692,1511,0.1388
810,688,1498,0.1388
819,690,1509,0.1388
812,687,1499,0.1388
813,688,1501,0.1388
823,692,1515,0.1388
824,685,1509,0.1388
822,678,1500,0.1388
818,677,1495,0.1388
819,684,1503,0.1388
820,686,1506,0.1388
820,680,1500,0.1388
822,673,1495,0.1388
820,683,1503,0.1388
817,692,1509,0.1388
806,692,1498,0.1388
807,684,1491,0.1388
794,684,1478,0.1388
789,696,1485,0.1388
777,694,1471,0.1388
776,694,1470,0.1388
782,705,1487,0.1388
789,709,1498,0.1388
796,713,1509,0.1388
794,707,1501,0.1388
786,711,1497,0.1388
782,711,1493,0.1388
791,711,1502,0.1388
788,720,1508,0.1388
779,717,1496,0.1388
771,727,1498,0.1388
764,733,1497,0.1388
768,738,1506,0.1388
765,728,1493,0.1388
762,737,1499,0.1388
762,742,1504,0.1388
759,741,1500,0.1388
754,741,1495,0.1388
754,734,1488,0.1388
759,740,1499,0.1388
761,731,1492,0.1388
758,735,1493,0.1388
760,736,1496,0.1388
758,743,1501,0.1388
755,750,1505,0.1388
750,749,1499,0.1388
749,753,1502,0.1388
757,754,1511,0.1388
762,765,1527,0.1388
750,759,1509,0.1388
748,765,1513,0.1388
747,774,1521,0.1388
732,775,1507,0.1388
741,772,1513,0.1388
737,785,1522,0.1388
731,789,1520,0.1388
731,781,1512,0.1388
730,786,1516,0.1388
720,785,1505,0.1388
728,785,1513,0.1388
721,781,1502,0.1388
710,789,1499,0.1388
705,794,1499,0.1388
702,789,1491,0.1388
697,791,1488,0.1388
697,795,1492,0.1388
700,791,1491,0.1388
683,804,1487,0.1388
682,805,1487,0.1388
688,802,1490,0.1388
692,809,1501,0.1388
691,818,1509,0.1388
695,824,1519,0.1388
693,815,1508,0.1388
688,814,1502,0.1388
697,813,1510,0.1388
699,819,1518,0.1388
698,821,1519,0.1388
695,829,1524,0.1388
692,826,1518,0.1388
694,836,1530,0.1388
693,838,1531,0.1388
689,835,1524,0.1388
691,834,1525,0.1388
691,829,1520,0.1388
688,831,1519,0.1388
688,834,1522,0.1388
676,831,1507,0.1388
670,824,1494,0.1388
669,823,1492,0.1388
674,827,1501,0.1388
675,824,1499,0.1388
679,822,1501,0.1388
678,821,1499,0.1388
672,827,1499,0.1388
675,827,1502,0.1388
680,816,1496,0.1388
677,838,1515,0.1388
676,848,1524,0.1388
670,837,1507,0.1388
662,841,1503,0.1388
651,847,1498,0.1388
656,836,1492,0.1388
653,849,1502,0.1388
653,855,1508,0.1388
655,855,1510,0.1388
647,857,1504,0.1388
654,856,1510,0.1388
651,854,1505,0.1388
652,852,1504,0.1388
635,851,1486,0.1388
630,864,1494,0.1388
639,862,1501,0.1388
626,868,1494,0.1388
613,874,1487,0.1388
612,876,1488,0.1388
618,873,1491,0.1388
614,882,1496,0.1388
616,880,1496,0.1388
619,883,1502,0.1388
624,887,1511,0.1388
626,879,1505,0.1388
617,885,1502,0.1388
621,885,1506,0.1388
620,886,1506,0.1388
621,884,1505,0.1388
614,896,1510,0.1388
607,902,1509,0.1388
607,902,1509,0.1388
595,911,1506,0.1388
600,905,1505,0.1388
606,897,1503,0.1388
601,906,1507,0.1388
597,915,1512,0.1388
589,906,1495,0.1388
592,914,1506,0.1388
589,921,1510,0.1388
588,928,1516,0.1388
593,918,1511,0.1388
588,913,1501,0.1388
582,915,1497,0.1388
583,928,1511,0.1388
574,930,1504,0.1388
575,930,1505,0.1388
572,923,1495,0.1388
568,917,1485,0.1388
577,921,1498,0.1388
580,932,1512,0.1388
574,939,1513,0.1388
573,940,1513,0.1388
576,936,1512,0.1388
574,942,1516,0.1388
585,943,1528,0.1388
580,946,1526,0.1388
571,945,1516,0.1388
572,941,1513,0.1388
583,933,1516,0.1388
591,936,1527,0.1388
589,946,1535,0.1388
582,949,1531,0.1388
579,945,1524,0.1388
580,942,1522,0.1388
569,948,1517,0.1388
573,960,1533,0.1388
575,952,1527,0.1388
564,950,1514,0.1388
567,946,1513,0.1388
561,942,1503,0.1388
561,955,1516,0.1388
556,956,1512,0.1388
549,962,1511,0.1388
549,966,1515,0.1388
551,973,1524,0.1388
546,970,1516,0.1388
540,978,1518,0.1388
540,979,1519,0.1388
533,973,1506,0.1388
537,978,1515,0.1388
536,988,1524,0.1388
538,975,1513,0.1388
541,980,1521,0.1388
537,974,1511,0.1388
534,974,1508,0.1388
523,982,1505,0.1388
524,984,1508,0.1388
523,986,1509,0.1388
519,978,1497,0.1388
521,995,1516,0.1388
526,998,1524,0.1388
523,997,1520,0.1388
515,993,1508,0.1388
514,990,1504,0.1388
520,1004,1524,0.1388
513,1009,1522,0.1388
507,1013,1520,0.1388
508,1002,1510,0.1388
510,1012,1522,0.1388
501,1012,1513,0.1388
488,1016,1504,0.1388
489,1029,1518,0.1388
489,1031,1520,0.1388
490,1028,1518,0.1388
496,1015,1511,0.1388
488,1017,1505,0.1388
484,1026,1510,0.1388
482,1031,1513,0.1388
480,1040,1520,0.1388
479,1032,1511,0.1388
475,1031,1506,0.1388
478,1020,1498,0.1388
473,1027,1500,0.1388
479,1038,1517,0.1388
479,1043,1522,0.1388
478,1046,1524,0.1388
479,1044,1523,0.1388
473,1044,1517,0.1388
469,1038,1507,0.1388
475,1043,1518,0.1388
467,1051,1518,0.1388
473,1042,1515,0.1388
468,1044,1512,0.1388
466,1038,1504,0.1388
463,1041,1504,0.1388
465,1045,1510,0.1388
467,1042,1509,0.1388
466,1042,1508,0.1388
471,1032,1503,0.1388
470,1029,1499,0.1388
475,1037,1512,0.1388
475,1039,1514,0.1388
471,1031,1502,0.1388
473,1038,1511,0.1388
468,1038,1506,0.1388
472,1036,1508,0.1388
471,1038,1509,0.1388
469,1045,1514,0.1388
463,1037,1500,0.1388
462,1054,1516,0.1388
458,1057,1515,0.1388
457,1058,1515,0.1388
456,1068,1524,0.1388
465,1057,1522,0.1388
460,1050,1510,0.1388
451,1046,1497,0.1388
454,1041,1495,0.1388
460,1040,1500,0.1388
457,1039,1496,0.1388
453,1063,1516,0.1388
448,1055,1503,0.1388
449,1058,1507,0.1388
453,1068,1521,0.1388
452,1063,1515,0.1388
446,1054,1500,0.1388
446,1058,1504,0.1388
439,1075,1514,0.1388
445,1073,1518,0.1388
445,1087,1532,0.1388
445,1073,1518,0.1388
440,1069,1509,0.1388
436,1077,1513,0.1388
429,1076,1505,0.1388
424,1078,1502,0.1388
429,1087,1516,0.1388
428,1083,1511,0.1388
434,1079,1513,0.1388
437,1091,1528,0.1388
430,1090,1520,0.1388
431,1097,1528,0.1388
430,1088,1518,0.1388
425,1087,1512,0.1388
424,1086,1510,0.1388
419,1097,1516,0.1388
425,1105,1530,0.1388
413,1100,1513,0.1388
414,1108,1522,0.1388
414,1110,1524,0.1388
413,1097,1510,0.1388
409,1102,1511,0.1388
413,1110,1523,0.1388
405,1097,1502,0.1388
399,1098,1497,0.1388
395,1103,1498,0.1388
404,1104,1508,0.1388
404,1094,1498,0.1388
410,1087,1497,0.1388
410,1088,1498,0.1388
408,1091,1499,0.1388
410,1094,1504,0.1388
414,1096,1510,0.1388
410,1105,1515,0.1388
412,1096,1508,0.1388
410,1102,1512,0.1388
406,1102,1508,0.1388
406,1103,1509,0.1388
405,1103,1508,0.1388
400,1110,1510,0.1388
400,1109,1509,0.1388
401,1105,1506,0.1388
404,1106,1510,0.1388
406,1108,1514,0.1388
406,1112,1518,0.1388
403,1108,1511,0.1388
399,1113,1512,0.1388
398,1117,1515,0.1388
399,1112,1511,0.1388
397,1124,1521,0.1388
397,1120,1517,0.1388
398,1122,1520,0.1388
396,1114,1510,0.1388
398,1116,1514,0.1388
400,1126,1526,0.1388
396,1130,1526,0.1388
386,1131,1517,0.1388
384,1130,1514,0.1388
383,1133,1516,0.1388
384,1133,1517,0.1388
389,1129,1518,0.1388
381,1132,1513,0.1388
381,1138,1519,0.1388
387,1125,1512,0.1388
384,1138,1522,0.1388
386,1148,1534,0.1388
383,1136,1519,0.1388
379,1128,1507,0.1388
378,1141,1519,0.1388
373,1132,1505,0.1388
370,1133,1503,0.1388
367,1132,1499,0.1388
375,1139,1514,0.1388
363,1150,1513,0.1388
361,1143,1504,0.1388
373,1136,1509,0.1388
374,1137,1511,0.1388
374,1141,1515,0.1388
375,1145,1520,0.1388
373,1148,1521,0.1388
372,1152,1524,0.1388
372,1147,1519,0.1388
363,1150,1513,0.1388
354,1143,1497,0.1388
343,1142,1485,0.1388
348,1153,1501,0.1388
346,1145,1491,0.1388
350,1141,1491,0.1388
346,1152,1498,0.1388
347,1158,1505,0.1388
348,1145,1493,0.1388
353,1163,1516,0.1388
346,1157,1503,0.1388
347,1154,1501,0.1388
345,1163,1508,0.1388
345,1170,1515,0.1388
343,1159,1502,0.1388
340,1173,1513,0.1388
339,1175,1514,0.1388
334,1172,1506,0.1388
336,1178,1514,0.1388
332,1196,1528,0.1388
332,1183,1515,0.1388
327,1179,1506,0.1388
325,1178,1503,0.1388
322,1186,1508,0.1388
320,1192,1512,0.1388
325,1191,1516,0.1388
322,1201,1523,0.1388
328,1200,1528,0.1388
331,1201,1532,0.1388
329,1194,1523,0.1388
328,1188,1516,0.1388
322,1180,1502,0.1388
324,1172,1496,0.1388
332,1182,1514,0.1388
335,1174,1509,0.1388
334,1181,1515,0.1388
330,1186,1516,0.1388
329,1194,1523,0.1388
328,1201,1529,0.1388
322,1200,1522,0.1388
313,1204,1517,0.1388
318,1214,1532,0.1388
317,1216,1533,0.1388
320,1207,1527,0.1388
316,1201,1517,0.1388
315,1196,1511,0.1388
318,1205,1523,0.1388
315,1196,1511,0.1388
310,1204,1514,0.1388
306,1192,1498,0.1388
304,1197,1501,0.1388
308,1198,1506,0.1388
307,1191,1498,0.1388
302,1201,1503,0.1388
304,1205,1509,0.1388
309,1208,1517,0.1388
304,1206,1510,0.1388
303,1207,1510,0.1388
311,1208,1519,0.1388
308,1209,1517,0.1388
305,1208,1513,0.1388
305,1213,1518,0.1388
307,1209,1516,0.1388
303,1213,1516,0.1388
307,1213,1520,0.1388
307,1215,1522,0.1388
307,1198,1505,0.1388
305,1203,1508,0.1388
309,1206,1515,0.1388
300,1216,1516,0.1388
302,1208,1510,0.1388
298,1209,1507,0.1388
301,1208,1509,0.1388
300,1217,1517,0.1388
301,1221,1522,0.1388
304,1222,1526,0.1388
307,1224,1531,0.1388
306,1232,1538,0.1388
304,1223,1527,0.1388
304,1224,1528,0.1388
299,1227,1526,0.1388
296,1230,1526,0.1388
294,1223,1517,0.1388
292,1231,1523,0.1388
296,1225,1521,0.1388
297,1218,1515,0.1388
295,1210,1505,0.1388
292,1227,1519,0.1388
288,1224,1512,0.1388
286,1220,1506,0.1388
277,1218,1495,0.1388
277,1228,1505,0.1388
272,1239,1511,0.1388
270,1231,1501,0.1388
265,1236,1501,0.1388
268,1243,1511,0.1388
269,1229,1498,0.1388
268,1236,1504,0.1388
272,1235,1507,0.1388
276,1245,1521,0.1388
270,1246,1516,0.1388
272,1254,1526,0.1388
277,1248,1525,0.1388
276,1258,1534,0.1388
272,1239,1511,0.1388
271,1241,1512,0.1388
268,1236,1504,0.1388
261,1235,1496,0.1388
258,1241,1499,0.1388
264,1234,1498,0.1388
269,1237,1506,0.1388
266,1237,1503,0.1388
263,1243,1506,0.1388
262,1252,1514,0.1388
270,1253,1523,0.1388
268,1246,1514,0.1388
267,1242,1509,0.1388
268,1250,1518,0.1388
266,1263,1529,0.1388
261,1277,1538,0.1388
256,1260,1516,0.1388
259,1262,1521,0.1388
258,1268,1526,0.1388
255,1270,1525,0.1388
253,1267,1520,0.1388
247,1277,1524,0.1388
243,1281,1524,0.1388
244,1281,1525,0.1388
241,1280,1521,0.1388
239,1269,1508,0.1388
238,1264,1502,0.1388
231,1263,1494,0.1388
235,1278,1513,0.1388
233,1284,1517,0.1388
233,1287,1520,0.1388
240,1280,1520,0.1388
241,1274,1515,0.1388
241,1285,1526,0.1388
237,1290,1527,0.1388
237,1278,1515,0.1388
236,1288,1524,0.1388
238,1287,1525,0.1388
237,1283,1520,0.1388
235,1278,1513,0.1388
230,1285,1515,0.1388
230,1285,1515,0.1388
230,1286,1516,0.1388
231,1279,1510,0.1388
229,1271,1500,0.1388
231,1279,1510,0.1388
232,1281,1513,0.1388
232,1279,1511,0.1388
229,1279,1508,0.1388
230,1284,1514,0.1388
229,1279,1508,0.1388
231,1276,1507,0.1388
231,1275,1506,0.1388
226,1277,1503,0.1388
224,1281,1505,0.1388
225,1290,1515,0.1388
224,1294,1518,0.1388
226,1294,1520,0.1388
225,1305,1530,0.1388
224,1304,1528,0.1388
220,1301,1521,0.1388
223,1297,1520,0.1388
222,1314,1536,0.1388
216,1301,1517,0.1388
218,1285,1503,0.1388
219,1291,1510,0.1388
222,1299,1521,0.1388
216,1307,1523,0.1388
212,1294,1506,0.1388
210,1291,1501,0.1388
205,1297,1502,0.1388
210,1302,1512,0.1388
204,1302,1506,0.1388
203,1299,1502,0.1388
199,1300,1499,0.1388
196,1297,1493,0.1388
195,1303,1498,0.1388
195,1313,1508,0.1388
192,1311,1503,0.1388
192,1310,1502,0.1388
196,1303,1499,0.1388
199,1320,1519,0.1388
199,1315,1514,0.1388
197,1318,1515,0.1388
196,1314,1510,0.1388
193,1307,1500,0.1388
192,1313,1505,0.1388
195,1317,1512,0.1388
196,1316,1512,0.1388
196,1325,1521,0.1388
194,1334,1528,0.1388
196,1328,1524,0.1388
195,1326,1521,0.1388
193,1327,1520,0.1388
190,1328,1518,0.1388
190,1329,1519,0.1388
188,1317,1505,0.1388
188,1319,1507,0.1388
188,1321,1509,0.1388
190,1336,1526,0.1388
191,1325,1516,0.1388
193,1339,1532,0.1388
193,1330,1523,0.1388
194,1327,1521,0.1388
188,1325,1513,0.1388
187,1327,1514,0.1388
185,1331,1516,0.1388
186,1331,1517,0.1388
188,1325,1513,0.1388
189,1318,1507,0.1388
188,1324,1512,0.1388
191,1347,1538,0.1388
194,1334,1528,0.1388
189,1327,1516,0.1388
187,1330,1517,0.1388
182,1324,1506,0.1388
181,1321,1502,0.1388
177,1333,1510,0.1388
175,1342,1517,0.1388
177,1354,1531,0.1388
176,1354,1530,0.1388
176,1347,1523,0.1388
174,1347,1521,0.1388
173,1340,1513,0.1388
174,1329,1503,0.1388
169,1330,1499,0.1388
164,1342,1506,0.1388
162,1344,1506,0.1388
162,1343,1505,0.1388
164,1345,1509,0.1388
165,1351,1516,0.1388
166,1348,1514,0.1388
165,1344,1509,0.1388
171,1348,1519,0.1388
171,1339,1510,0.1388
174,1330,1504,0.1388
172,1325,1497,0.1388
172,1335,1507,0.1388
169,1324,1493,0.1388
165,1333,1498,0.1388
163,1338,1501,0.1388
163,1319,1482,0.1388
162,1333,1495,0.1388
167,1339,1506,0.1388
169,1348,1517,0.1388
168,1331,1499,0.1388
168,1349,1517,0.1388
168,1336,1504,0.1388
172,1350,1522,0.1388
168,1343,1511,0.1388
167,1351,1518,0.1388
162,1355,1517,0.1388
161,1349,1510,0.1388
159,1344,1503,0.1388
164,1360,1524,0.1388
159,1351,1510,0.1388
158,1339,1497,0.1388
160,1339,1499,0.1388
157,1348,1505,0.1388
159,1349,1508,0.1388
163,1355,1518,0.1388
160,1364,1524,0.1388
157,1365,1522,0.1388
154,1359,1513,0.1388
158,1355,1513,0.1388
161,1357,1518,0.1388
168,1343,1511,0.1388
167,1351,1518,0.1388
163,1356,1519,0.1388
166,1350,1516,0.1388
164,1354,1518,0.1388
163,1355,1518,0.1388
160,1355,1515,0.1388
160,1356,1516,0.1388
160,1355,1515,0.1388
160,1360,1520,0.1388
160,1351,1511,0.1388
155,1356,1511,0.1388
155,1365,1520,0.1388
153,1364,1517,0.1388
150,1362,1512,0.1388
148,1353,1501,0.1388
151,1353,1504,0.1388
147,1356,1503,0.1388
148,1354,1502,0.1388
149,1356,1505,0.1388
150,1369,1519,0.1388
151,1364,1515,0.1388
154,1366,1520,0.1388
154,1380,1534,0.1388
148,1382,1530,0.1388
150,1382,1532,0.1388
149,1358,1507,0.1388
149,1366,1515,0.1388
146,1367,1513,0.1388
144,1369,1513,0.1388
141,1374,1515,0.1388
143,1372,1515,0.1388
144,1369,1513,0.1388
142,1374,1516,0.1388
142,1376,1518,0.1388
142,1385,1527,0.1388
143,1382,1525,0.1388
145,1377,1522,0.1388
149,1371,1520,0.1388
147,1384,1531,0.1388
144,1379,1523,0.1388
146,1360,1506,0.1388
144,1367,1511,0.1388
142,1376,1518,0.1388
145,1381,1526,0.1388
144,1384,1528,0.1388
142,1376,1518,0.1388
141,1375,1516,0.1388
139,1385,1524,0.1388
133,1376,1509,0.1388
133,1375,1508,0.1388
129,1378,1507,0.1388
127,1384,1511,0.1388
125,1373,1498,0.1388
124,1372,1496,0.1388
129,1371,1500,0.1388
130,1368,1498,0.1388
130,1378,1508,0.1388
126,1387,1513,0.1388
121,1397,1518,0.1388
124,1397,1521,0.1388
126,1396,1522,0.1388
126,1393,1519,0.1388
125,1390,1515,0.1388
123,1396,1519,0.1388
122,1392,1514,0.1388
119,1411,1530,0.1388
114,1403,1517,0.1388
116,1403,1519,0.1388
114,1388,1502,0.1388
112,1386,1498,0.1388
104,1395,1499,0.1388
105,1404,1509,0.1388
107,1405,1512,0.1388
110,1406,1516,0.1388
115,1388,1503,0.1388
119,1402,1521,0.1388
116,1400,1516,0.1388
115,1398,1513,0.1388
114,1406,1520,0.1388
116,1405,1521,0.1388
112,1412,1524,0.1388
112,1410,1522,0.1388
106,1413,1519,0.1388
105,1408,1513,0.1388
103,1406,1509,0.1388
97,1399,1496,0.1388
97,1401,1498,0.1388
96,1415,1511,0.1388
92,1416,1508,0.1388
94,1419,1513,0.1388
92,1412,1504,0.1388
94,1417,1511,0.1388
92,1419,1511,0.1388
96,1416,1512,0.1388
99,1401,1500,0.1388
98,1408,1506,0.1388
98,1414,1512,0.1388
99,1409,1508,0.1388
99,1415,1514,0.1388
98,1421,1519,0.1388
95,1411,1506,0.1388
94,1420,1514,0.1388
94,1433,1527,0.1388
91,1439,1530,0.1388
88,1431,1519,0.1388
88,1424,1512,0.1388
83,1431,1514,0.1388
78,1417,1495,0.1388
80,1433,1513,0.1388
77,1433,1510,0.1388
76,1443,1519,0.1388
78,1447,1525,0.1388
77,1447,1524,0.1388
77,1435,1512,0.1388
73,1447,1520,0.1388
70,1444,1514,0.1388
70,1448,1518,0.1388
69,1445,1514,0.1388
70,1435,1505,0.1388
68,1433,1501,0.1388
67,1449,1516,0.1388
65,1455,1520,0.1388
66,1440,1506,0.1388
68,1430,1498,0.1388
67,1435,1502,0.1388
67,1428,1495,0.1388
65,1444,1509,0.1388
68,1438,1506,0.1388
68,1439,1507,0.1388
68,1453,1521,0.1388
70,1458,1528,0.1388
72,1447,1519,0.1388
70,1450,1520,0.1388
68,1445,1513,0.1388
66,1444,1510,0.1388
67,1447,1514,0.1388
66,1435,1501,0.1388
62,1435,1497,0.1388
61,1445,1506,0.1388
58,1445,1503,0.1388
62,1449,1511,0.1388
63,1448,1511,0.1388
65,1460,1525,0.1388
64,1462,1526,0.1388
65,1461,1526,0.1388
62,1465,1527,0.1388
63,1436,1499,0.1388
63,1437,1500,0.1388
63,1450,1513,0.1388
63,1443,1506,0.1388
64,1435,1499,0.1388
66,1445,1511,0.1388
65,1450,1515,0.1388
66,1455,1521,0.1388
67,1452,1519,0.1388
67,1453,1520,0.1388
65,1436,1501,0.1388
64,1433,1497,0.1388
61,1451,1512,0.1388
59,1434,1493,0.1388
59,1445,1504,0.1388
61,1452,1513,0.1388
60,1457,1517,0.1388
60,1436,1496,0.1388
58,1442,1500,0.1388
58,1440,1498,0.1388
60,1438,1498,0.1388
61,1436,1497,0.1388
64,1443,1507,0.1388
66,1451,1517,0.1388
66,1456,1522,0.1388
63,1452,1515,0.1388
63,1445,1508,0.1388
63,1434,1497,0.1388
59,1444,1503,0.1388
59,1453,1512,0.1388
60,1442,1502,0.1388
58,1444,1502,0.1388
60,1452,1512,0.1388
61,1453,1514,0.1388
60,1464,1524,0.1388
61,1453,1514,0.1388
63,1445,1508,0.1388
64,1452,1516,0.1388
62,1455,1517,0.1388
59,1455,1514,0.1388
58,1458,1516,0.1388
57,1465,1522,0.1388
55,1472,1527,0.1388
55,1475,1530,0.1388
51,1476,1527,0.1388
52,1482,1534,0.1388
52,1470,1522,0.1388
51,1467,1518,0.1388
52,1460,1512,0.1388
52,1468,1520,0.1388
52,1477,1529,0.1388
52,1471,1523,0.1388
52,1484,1536,0.1388
50,1486,1536,0.1388
48,1476,1524,0.1388
43,1480,1523,0.1388
44,1485,1529,0.1388
43,1472,1515,0.1388
42,1474,1516,0.1388
41,1473,1514,0.1388
40,1473,1513,0.1388
42,1475,1517,0.1388
42,1481,1523,0.1388
43,1470,1513,0.1388
46,1469,1515,0.1388
46,1458,1504,0.1388
45,1448,1493,0.1388
42,1468,1510,0.1388
41,1474,1515,0.1388
39,1471,1510,0.1388
36,1469,1505,0.1388
36,1474,1510,0.1388
36,1479,1515,0.1388
35,1489,1524,0.1388
36,1490,1526,0.1388
41,1484,1525,0.1388
41,1474,1515,0.1388
42,1474,1516,0.1388
43,1491,1534,0.1388
43,1475,1518,0.1388
44,1476,1520,0.1388
41,1485,1526,0.1388
42,1468,1510,0.1388
42,1467,1509,0.1388
42,1474,1516,0.1388
42,1475,1517,0.1388
41,1480,1521,0.1388
42,1475,1517,0.1388
39,1479,1518,0.1388
41,1492,1533,0.1388
39,1491,1530,0.1388
39,1493,1532,0.1388
41,1477,1518,0.1388
41,1487,1528,0.1388
41,1477,1518,0.1388
39,1471,1510,0.1388
38,1452,1490,0.1388
37,1456,1493,0.1388
37,1453,1490,0.1388
36,1466,1502,0.1388
37,1468,1505,0.1388
36,1462,1498,0.1388
35,1471,1506,0.1388
35,1472,1507,0.1388
35,1474,1509,0.1388
34,1476,1510,0.1388
34,1482,1516,0.1388
34,1485,1519,0.1388
30,1491,1521,0.1388
30,1489,1519,0.1388
30,1494,1524,0.1388
30,1487,1517,0.1388
30,1479,1509,0.1388
30,1486,1516,0.1388
30,1480,1510,0.1388
28,1481,1509,0.1388
30,1481,1511,0.1388
30,1490,1520,0.1388
30,1493,1523,0.1388
28,1483,1511,0.1388
31,1486,1517,0.1388
32,1496,1528,0.1388
33,1479,1512,0.1388
31,1476,1507,0.1388
33,1477,1510,0.1388
32,1476,1508,0.1388
29,1485,1514,0.1388
28,1488,1516,0.1388
26,1493,1519,0.1388
25,1485,1510,0.1388
25,1491,1516,0.1388
25,1493,1518,0.1388
25,1493,1518,0.1388
24,1501,1525,0.1388
24,1504,1528,0.1388
24,1507,1531,0.1388
24,1510,1534,0.1388
24,1501,1525,0.1388
25,1499,1524,0.1388
26,1493,1519,0.1388
28,1484,1512,0.1388
28,1478,1506,0.1388
28,1487,1515,0.1388
29,1494,1523,0.1388
29,1498,1527,0.1388
28,1505,1533,0.1388
28,1491,1519,0.1388
28,1490,1518,0.1388
28,1496,1524,0.1388
27,1491,1518,0.1388
27,1494,1521,0.1388
25,1494,1519,0.1388
25,1490,1515,0.1388
22,1486,1508,0.1388
23,1481,1504,0.1388
23,1489,1512,0.1388
23,1484,1507,0.1388
23,1481,1504,0.1388
22,1494,1516,0.1388
21,1497,1518,0.1388
22,1500,1522,0.1388
22,1493,1515,0.1388
23,1490,1513,0.1388
23,1492,1515,0.1388
24,1487,1511,0.1388
25,1494,1519,0.1388
27,1503,1530,0.1388
25,1489,1514,0.1388
25,1485,1510,0.1388
27,1486,1513,0.1388
26,1485,1511,0.1388
25,1485,1510,0.1388
26,1487,1513,0.1388
28,1502,1530,0.1388
27,1489,1516,0.1388
26,1496,1522,0.1388
27,1489,1516,0.1388
27,1479,1506,0.1388
27,1488,1515,0.1388
28,1509,1537,0.1388
27,1506,1533,0.1388
25,1501,1526,0.1388
26,1499,1525,0.1388
26,1495,1521,0.1388
27,1482,1509,0.1388
27,1490,1517,0.1388
27,1491,1518,0.1388
28,1502,1530,0.1388
28,1498,1526,0.1388
29,1484,1513,0.1388
30,1472,1502,0.1388
31,1470,1501,0.1388
31,1487,1518,0.1388
31,1494,1525,0.1388
30,1478,1508,0.1388
29,1488,1517,0.1388
31,1479,1510,0.1388
31,1485,1516,0.1388
32,1488,1520,0.1388
32,1482,1514,0.1388
29,1494,1523,0.1388
29,1490,1519,0.1388
28,1482,1510,0.1388
29,1483,1512,0.1388
28,1490,1518,0.1388
29,1480,1509,0.1388
28,1488,1516,0.1388
28,1492,1520,0.1388
27,1487,1514,0.1388
25,1483,1508,0.1388
26,1482,1508,0.1388
27,1489,1516,0.1388
27,1470,1497,0.1388
27,1474,1501,0.1388
28,1480,1508,0.1388
28,1481,1509,0.1388
26,1492,1518,0.1388
27,1489,1516,0.1388
26,1493,1519,0.1388
27,1501,1528,0.1388
28,1484,1512,0.1388
27,1487,1514,0.1388
28,1489,1517,0.1388
25,1495,1520,0.1388
27,1499,1526,0.1388
27,1491,1518,0.1388
27,1496,1523,0.1388
27,1505,1532,0.1388
28,1506,1534,0.1388
28,1503,1531,0.1388
27,1496,1523,0.1388
27,1488,1515,0.1388
26,1488,1514,0.1388
26,1495,1521,0.1388
26,1506,1532,0.1388
27,1497,1524,0.1388
24,1496,1520,0.1388
25,1493,1518,0.1388
25,1491,1516,0.1388
22,1491,1513,0.1388
21,1489,1510,0.1388
21,1485,1506,0.1388
22,1499,1521,0.1388
22,1493,1515,0.1388
22,1504,1526,0.1388
24,1499,1523,0.1388
26,1505,1531,0.1388
25,1502,1527,0.1388
24,1487,1511,0.1388
23,1492,1515,0.1388
23,1489,1512,0.1388
24,1491,1515,0.1388
25,1487,1512,0.1388
25,1482,1507,0.1388
25,1488,1513,0.1388
25,1486,1511,0.1388
24,1492,1516,0.1388
24,1486,1510,0.1388
24,1484,1508,0.1388
24,1471,1495,0.1388
25,1472,1497,0.1388
26,1486,1512,0.1388
26,1478,1504,0.1388
27,1470,1497,0.1388
26,1480,1506,0.1388
26,1483,1509,0.1388
24,1472,1496,0.1388
23,1473,1496,0.1388
22,1478,1500,0.1388
24,1468,1492,0.1388
24,1480,1504,0.1388
23,1501,1524,0.1388
22,1494,1516,0.1388
20,1485,1505,0.1388
20,1487,1507,0.1388
20,1486,1506,0.1388
20,1491,1511,0.1388
21,1491,1512,0.1388
22,1501,1523,0.1388
22,1499,1521,0.1388
22,1485,1507,0.1388
24,1486,1510,0.1388
23,1480,1503,0.1388
25,1490,1515,0.1388
24,1486,1510,0.1388
25,1472,1497,0.1388
25,1479,1504,0.1388
24,1485,1509,0.1388
25,1485,1510,0.1388
26,1486,1512,0.1388
27,1484,1511,0.1388
26,1474,1500,0.1388
27,1490,1517,0.1388
27,1492,1519,0.1388
28,1493,1521,0.1388
28,1487,1515,0.1388
28,1478,1506,0.1388
25,1478,1503,0.1388
24,1478,1502,0.1388
26,1482,1508,0.1388
26,1487,1513,0.1388
25,1488,1513,0.1388
26,1471,1497,0.1388
26,1482,1508,0.1388
27,1476,1503,0.1388
26,1476,1502,0.1388
24,1460,1484,0.1388
25,1450,1475,0.1388
27,1471,1498,0.1388
27,1475,1502,0.1388
26,1490,1516,0.1388
26,1483,1509,0.1388
26,1487,1513,0.1388
26,1496,1522,0.1388
25,1508,1533,0.1388
26,1498,1524,0.1388
26,1498,1524,0.1388
27,1500,1527,0.1388
27,1503,1530,0.1388
26,1506,1532,0.1388
27,1506,1533,0.1388
26,1499,1525,0.1388
26,1495,1521,0.1388
26,1490,1516,0.1388
25,1489,1514,0.1388
25,1486,1511,0.1388
25,1497,1522,0.1388
25,1483,1508,0.1388
24,1492,1516,0.1388
25,1496,1521,0.1388
27,1497,1524,0.1388
26,1500,1526,0.1388
27,1483,1510,0.1388
28,1479,1507,0.1388
29,1486,1515,0.1388
31,1484,1515,0.1388
29,1481,1510,0.1388
30,1483,1513,0.1388
30,1481,1511,0.1388
31,1476,1507,0.1388
32,1486,1518,0.1388
32,1493,1525,0.1388
32,1495,1527,0.1388
31,1477,1508,0.1388
32,1492,1524,0.1388
32,1488,1520,0.1388
33,1495,1528,0.1388
31,1500,1531,0.1388
32,1492,1524,0.1388
32,1482,1514,0.1388
34,1488,1522,0.1388
33,1489,1522,0.1388
33,1485,1518,0.1388
33,1487,1520,0.1388
33,1489,1522,0.1388
33,1479,1512,0.1388
34,1494,1528,0.1388
35,1487,1522,0.1388
35,1492,1527,0.1388
34,1489,1523,0.1388
34,1480,1514,0.1388
31,1482,1513,0.1388
31,1488,1519,0.1388
32,1483,1515,0.1388
31,1474,1505,0.1388
33,1493,1526,0.1388
32,1483,1515,0.1388
28,1472,1500,0.1388
28,1475,1503,0.1388
30,1473,1503,0.1388
31,1482,1513,0.1388
31,1476,1507,0.1388
29,1484,1513,0.1388
29,1483,1512,0.1388
29,1480,1509,0.1388
30,1493,1523,0.1388
34,1491,1525,0.1388
32,1481,1513,0.1388
33,1480,1513,0.1388
32,1489,1521,0.1388
32,1491,1523,0.1388
32,1480,1512,0.1388
33,1480,1513,0.1388
33,1489,1522,0.1388
34,1494,1528,0.1388
33,1489,1522,0.1388
31,1490,1521,0.1388
32,1482,1514,0.1388
31,1489,1520,0.1388
32,1495,1527,0.1388
32,1497,1529,0.1388
31,1482,1513,0.1388
30,1468,1498,0.1388
31,1489,1520,0.1388
32,1500,1532,0.1388
31,1498,1529,0.1388
31,1502,1533,0.1388
29,1493,1522,0.1388
29,1489,1518,0.1388
29,1485,1514,0.1388
28,1487,1515,0.1388
26,1487,1513,0.1388
30,1469,1499,0.1388
30,1484,1514,0.1388
29,1493,1522,0.1388
29,1497,1526,0.1388
29,1491,1520,0.1388
30,1497,1527,0.1388
30,1478,1508,0.1388
30,1473,1503,0.1388
31,1468,1499,0.1388
31,1479,1510,0.1388
31,1478,1509,0.1388
30,1487,1517,0.1388
30,1484,1514,0.1388
32,1488,1520,0.1388
32,1485,1517,0.1388
30,1489,1519,0.1388
33,1483,1516,0.1388
31,1494,1525,0.1388
31,1484,1515,0.1388
32,1488,1520,0.1388
32,1474,1506,0.1388
32,1470,1502,0.1388
30,1468,1498,0.1388
30,1483,1513,0.1388
30,1480,1510,0.1388
28,1480,1508,0.1388
29,1483,1512,0.1388
28,1484,1512,0.1388
29,1478,1507,0.1388
28,1479,1507,0.1388
27,1480,1507,0.1388
27,1485,1512,0.1388
27,1488,1515,0.1388
28,1488,1516,0.1388
29,1478,1507,0.1388
30,1483,1513,0.1388
29,1491,1520,0.1388
29,1473,1502,0.1388
29,1485,1514,0.1388
28,1491,1519,0.1388
28,1494,1522,0.1388
30,1484,1514,0.1388
31,1489,1520,0.1388
30,1490,1520,0.1388
31,1503,1534,0.1388
29,1498,1527,0.1388
30,1496,1526,0.1388
30,1487,1517,0.1388
29,1482,1511,0.1388
29,1488,1517,0.1388
28,1496,1524,0.1388
29,1488,1517,0.1388
27,1491,1518,0.1388
28,1485,1513,0.1388
27,1483,1510,0.1388
27,1493,1520,0.1388
27,1484,1511,0.1388
25,1492,1517,0.1388
27,1481,1508,0.1388
27,1478,1505,0.1388
28,1480,1508,0.1388
29,1488,1517,0.1388
27,1486,1513,0.1388
29,1492,1521,0.1388
29,1485,1514,0.1388
27,1482,1509,0.1388
28,1474,1502,0.1388
30,1488,1518,0.1388
30,1486,1516,0.1388
30,1498,1528,0.1388
31,1496,1527,0.1388
30,1490,1520,0.1388
31,1496,1527,0.1388
31,1492,1523,0.1388
33,1505,1538,0.1388
34,1490,1524,0.1388
33,1495,1528,0.1388
32,1478,1510,0.1388
32,1485,1517,0.1388
30,1477,1507,0.1388
29,1474,1503,0.1388
32,1474,1506,0.1388
31,1470,1501,0.1388
33,1468,1501,0.1388
33,1478,1511,0.1388
34,1475,1509,0.1388
35,1493,1528,0.1388
35,1482,1517,0.1388
35,1467,1502,0.1388
31,1470,1501,0.1388
32,1464,1496,0.1388
34,1468,1502,0.1388
34,1470,1504,0.1388
34,1468,1502,0.1388
35,1471,1506,0.1388
36,1467,1503,0.1388
36,1469,1505,0.1388
36,1474,1510,0.1388
33,1478,1511,0.1388
33,1493,1526,0.1388
32,1488,1520,0.1388
31,1489,1520,0.1388
30,1493,1523,0.1388
32,1484,1516,0.1388
32,1478,1510,0.1388
32,1484,1516,0.1388
31,1486,1517,0.1388
31,1485,1516,0.1388
32,1477,1509,0.1388
32,1497,1529,0.1388
32,1475,1507,0.1388
31,1476,1507,0.1388
31,1464,1495,0.1388
31,1467,1498,0.1388
31,1482,1513,0.1388
32,1494,1526,0.1388
32,1494,1526,0.1388
30,1493,1523,0.1388
30,1492,1522,0.1388
33,1481,1514,0.1388
33,1482,1515,0.1388
32,1476,1508,0.1388
30,1475,1505,0.1388
30,1489,1519,0.1388
27,1483,1510,0.1388
26,1488,1514,0.1388
28,1497,1525,0.1388
31,1484,1515,0.1388
32,1487,1519,0.1388
28,1471,1499,0.1388
28,1485,1513,0.1388
31,1476,1507,0.1388
30,1484,1514,0.1388
29,1477,1506,0.1388
28,1475,1503,0.1388
30,1469,1499,0.1388
31,1482,1513,0.1388
32,1481,1513,0.1388
29,1500,1529,0.1388
30,1499,1529,0.1388
29,1500,1529,0.1388
25,1485,1510,0.1388
25,1485,1510,0.1388
25,1476,1501,0.1388
26,1490,1516,0.1388
25,1481,1506,0.1388
27,1487,1514,0.1388
27,1484,1511,0.1388
26,1485,1511,0.1388
27,1492,1519,0.1388
27,1491,1518,0.1388
26,1497,1523,0.1388
24,1495,1519,0.1388
26,1506,1532,0.1388
26,1490,1516,0.1388
26,1482,1508,0.1388
26,1490,1516,0.1388
26,1489,1515,0.1388
26,1494,1520,0.1388
25,1497,1522,0.1388
26,1494,1520,0.1388
26,1496,1522,0.1388
26,1488,1514,0.1388
26,1485,1511,0.1388
26,1489,1515,0.1388
26,1485,1511,0.1388
27,1497,1524,0.1388
26,1491,1517,0.1388
25,1501,1526,0.1388
26,1503,1529,0.1388
25,1499,1524,0.1388
24,1491,1515,0.1388
21,1500,1521,0.1388
23,1501,1524,0.1388
22,1505,1527,0.1388
21,1499,1520,0.1388
24,1502,1526,0.1388
23,1490,1513,0.1388
23,1493,1516,0.1388
23,1495,1518,0.1388
23,1495,1518,0.1388
22,1498,1520,0.1388
21,1501,1522,0.1388
21,1509,1530,0.1388
21,1502,1523,0.1388
21,1500,1521,0.1388
21,1504,1525,0.1388
21,1504,1525,0.1388
20,1492,1512,0.1388
20,1501,1521,0.1388
18,1512,1530,0.1388
20,1496,1516,0.1388
19,1507,1526,0.1388
19,1504,1523,0.1388
18,1504,1522,0.1388
18,1508,1526,0.1388
18,1497,1515,0.1388
18,1491,1509,0.1388
17,1484,1501,0.1388
18,1488,1506,0.1388
18,1499,1517,0.1388
19,1494,1513,0.1388
16,1489,1505,0.1388
18,1486,1504,0.1388
16,1498,1514,0.1388
15,1496,1511,0.1388
16,1496,1512,0.1388
17,1482,1499,0.1388
17,1485,1502,0.1388
16,1487,1503,0.1388
16,1480,1496,0.1388
15,1491,1506,0.1388
15,1480,1495,0.1388
15,1488,1503,0.1388
17,1505,1522,0.1388
18,1502,1520,0.1388
17,1501,1518,0.1388
18,1476,1494,0.1388
19,1485,1504,0.1388
20,1492,1512,0.1388
20,1498,1518,0.1388
19,1504,1523,0.1388
18,1515,1533,0.1388
18,1515,1533,0.1388
19,1512,1531,0.1388
19,1510,1529,0.1388
19,1523,1542,0.1388
19,1506,1525,0.1388
18,1492,1510,0.1388
18,1487,1505,0.1388
17,1487,1504,0.1388
17,1490,1507,0.1388
17,1497,1514,0.1388
16,1493,1509,0.1388
16,1509,1525,0.1388
15,1497,1512,0.1388
15,1500,1515,0.1388
15,1497,1512,0.1388
15,1497,1512,0.1388
15,1504,1519,0.1388
14,1484,1498,0.1388
14,1497,1511,0.1388
13,1497,1510,0.1388
13,1492,1505,0.1388
13,1506,1519,0.1388
13,1505,1518,0.1388
13,1506,1519,0.1388
13,1489,1502,0.1388
11,1502,1513,0.1388
11,1492,1503,0.1388
12,1489,1501,0.1388
13,1500,1513,0.1388
13,1503,1516,0.1388
14,1513,1527,0.1388
14,1528,1542,0.1388
14,1514,1528,0.1388
13,1516,1529,0.1388
13,1503,1516,0.1388
14,1490,1504,0.1388
15,1499,1514,0.1388
15,1488,1503,0.1388
17,1488,1505,0.1388
17,1480,1497,0.1388
17,1488,1505,0.1388
17,1495,1512,0.1388
17,1496,1513,0.1388
17,1490,1507,0.1388
17,1482,1499,0.1388
17,1494,1511,0.1388
15,1479,1494,0.1388
15,1484,1499,0.1388
15,1494,1509,0.1388
15,1478,1493,0.1388
16,1487,1503,0.1388
16,1487,1503,0.1388
16,1492,1508,0.1388
16,1503,1519,0.1388
14,1498,1512,0.1388
15,1505,1520,0.1388
15,1513,1528,0.1388
13,1502,1515,0.1388
13,1507,1520,0.1388
13,1506,1519,0.1388
12,1507,1519,0.1388
12,1500,1512,0.1388
12,1506,1518,0.1388
12,1498,1510,0.1388
12,1515,1527,0.1388
11,1505,1516,0.1388
11,1504,1515,0.1388
11,1502,1513,0.1388
11,1501,1512,0.1388
11,1481,1492,0.1388
11,1500,1511,0.1388
11,1496,1507,0.1388
11,1501,1512,0.1388
12,1498,1510,0.1388
13,1487,1500,0.1388
14,1495,1509,0.1388
13,1485,1498,0.1388
13,1493,1506,0.1388
14,1511,1525,0.1388
14,1516,1530,0.1388
15,1515,1530,0.1388
14,1513,1527,0.1388
14,1502,1516,0.1388
13,1502,1515,0.1388
14,1499,1513,0.1388
14,1499,1513,0.1388
13,1503,1516,0.1388
12,1493,1505,0.1388
12,1495,1507,0.1388
12,1499,1511,0.1388
14,1493,1507,0.1388
14,1475,1489,0.1388
14,1487,1501,0.1388
13,1491,1504,0.1388
14,1490,1504,0.1388
14,1499,1513,0.1388
12,1497,1509,0.1388
12,1511,1523,0.1388
13,1506,1519,0.1388
13,1514,1527,0.1388
13,1506,1519,0.1388
13,1515,1528,0.1388
12,1509,1521,0.1388
10,1511,1521,0.1388
10,1503,1513,0.1388
9,1501,1510,0.1388
10,1501,1511,0.1388
10,1498,1508,0.1388
9,1495,1504,0.1388
8,1513,1521,0.1388
8,1518,1526,0.1388
9,1522,1531,0.1388
9,1525,1534,0.1388
9,1524,1533,0.1388
8,1519,1527,0.1388
8,1520,1528,0.1388
8,1515,1523,0.1388
8,1517,1525,0.1388
8,1505,1513,0.1388
8,1508,1516,0.1388
8,1506,1514,0.1388
8,1515,1523,0.1388
8,1516,1524,0.1388
8,1512,1520,0.1388
8,1512,1520,0.1388
8,1517,1525,0.1388
7,1504,1511,0.1388
8,1503,1511,0.1388
9,1508,1517,0.1388
8,1519,1527,0.1388
7,1522,1529,0.1388
7,1514,1521,0.1388
8,1512,1520,0.1388
8,1502,1510,0.1388
8,1508,1516,0.1388
8,1510,1518,0.1388
8,1507,1515,0.1388
8,1504,1512,0.1388
8,1499,1507,0.1388
8,1520,1528,0.1388
11,1513,1524,0.1388
11,1508,1519,0.1388
10,1496,1506,0.1388
10,1504,1514,0.1388
10,1505,1515,0.1388
11,1512,1523,0.1388
10,1520,1530,0.1388
9,1516,1525,0.1388
9,1513,1522,0.1388
10,1504,1514,0.1388
11,1495,1506,0.1388
11,1509,1520,0.1388
11,1499,1510,0.1388
11,1504,1515,0.1388
10,1493,1503,0.1388
9,1487,1496,0.1388
10,1511,1521,0.1388
10,1509,1519,0.1388
10,1510,1520,0.1388
9,1514,1523,0.1388
9,1512,1521,0.1388
9,1507,1516,0.1388
9,1506,1515,0.1388
9,1506,1515,0.1388
10,1505,1515,0.1388
11,1496,1507,0.1388
11,1491,1502,0.1388
11,1504,1515,0.1388
11,1507,1518,0.1388
11,1506,1517,0.1388
11,1501,1512,0.1388
11,1513,1524,0.1388
10,1513,1523,0.1388
10,1502,1512,0.1388
9,1500,1509,0.1388
9,1486,1495,0.1388
9,1483,1492,0.1388
9,1489,1498,0.1388
9,1496,1505,0.1388
10,1494,1504,0.1388
9,1514,1523,0.1388
10,1511,1521,0.1388
11,1505,1516,0.1388
12,1501,1513,0.1388
12,1500,1512,0.1388
12,1499,1511,0.1388
11,1510,1521,0.1388
12,1512,1524,0.1388
11,1511,1522,0.1388
11,1505,1516,0.1388
11,1510,1521,0.1388
11,1494,1505,0.1388
11,1493,1504,0.1388
12,1494,1506,0.1388
12,1485,1497,0.1388
12,1495,1507,0.1388
13,1505,1518,0.1388
13,1487,1500,0.1388
13,1495,1508,0.1388
13,1504,1517,0.1388
13,1501,1514,0.1388
13,1500,1513,0.1388
13,1504,1517,0.1388
13,1502,1515,0.1388
13,1501,1514,0.1388
13,1500,1513,0.1388
13,1492,1505,0.1388
11,1488,1499,0.1388
12,1488,1500,0.1388
11,1488,1499,0.1388
11,1491,1502,0.1388
12,1498,1510,0.1388
13,1506,1519,0.1388
13,1515,1528,0.1388
13,1527,1540,0.1388
12,1528,1540,0.1388
12,1512,1524,0.1388
12,1498,1510,0.1388
12,1502,1514,0.1388
13,1506,1519,0.1388
13,1495,1508,0.1388
12,1505,1517,0.1388
12,1490,1502,0.1388
13,1508,1521,0.1388
13,1496,1509,0.1388
13,1493,1506,0.1388
13,1488,1501,0.1388
12,1497,1509,0.1388
11,1515,1526,0.1388
11,1515,1526,0.1388
12,1511,1523,0.1388
13,1509,1522,0.1388
12,1506,1518,0.1388
11,1513,1524,0.1388
11,1512,1523,0.1388
13,1509,1522,0.1388
13,1495,1508,0.1388
13,1493,1506,0.1388
12,1490,1502,0.1388
12,1483,1495,0.1388
11,1510,1521,0.1388
11,1512,1523,0.1388
13,1508,1521,0.1388
13,1506,1519,0.1388
13,1504,1517,0.1388
13,1514,1527,0.1388
13,1503,1516,0.1388
14,1489,1503,0.1388
14,1506,1520,0.1388
13,1507,1520,0.1388
13,1511,1524,0.1388
13,1507,1520,0.1388
13,1508,1521,0.1388
13,1504,1517,0.1388
12,1505,1517,0.1388
12,1493,1505,0.1388
12,1487,1499,0.1388
12,1487,1499,0.1388
12,1501,1513,0.1388
12,1503,1515,0.1388
12,1507,1519,0.1388
13,1503,1516,0.1388
13,1501,1514,0.1388
13,1495,1508,0.1388
13,1499,1512,0.1388
13,1494,1507,0.1388
13,1504,1517,0.1388
12,1514,1526,0.1388
11,1519,1530,0.1388
11,1518,1529,0.1388
11,1509,1520,0.1388
12,1505,1517,0.1388
12,1505,1517,0.1388
12,1500,1512,0.1388
11,1504,1515,0.1388
11,1509,1520,0.1388
13,1506,1519,0.1388
13,1494,1507,0.1388
13,1491,1504,0.1388
13,1502,1515,0.1388
12,1517,1529,0.1388
11,1512,1523,0.1388
10,1500,1510,0.1388
10,1511,1521,0.1388
10,1519,1529,0.1388
9,1513,1522,0.1388
10,1509,1519,0.1388
10,1496,1506,0.1388
11,1501,1512,0.1388
10,1502,1512,0.1388
10,1505,1515,0.1388
10,1497,1507,0.1388
9,1498,1507,0.1388
10,1507,1517,0.1388
11,1509,1520,0.1388
11,1501,1512,0.1388
10,1495,1505,0.1388
9,1491,1500,0.1388
10,1470,1480,0.1388
11,1477,1488,0.1388
10,1475,1485,0.1388
10,1489,1499,0.1388
10,1504,1514,0.1388
10,1521,1531,0.1388
10,1529,1539,0.1388
10,1526,1536,0.1388
11,1513,1524,0.1388
11,1514,1525,0.1388
11,1517,1528,0.1388
9,1519,1528,0.1388
9,1514,1523,0.1388
9,1502,1511,0.1388
9,1513,1522,0.1388
8,1516,1524,0.1388
8,1506,1514,0.1388
8,1516,1524,0.1388
8,1512,1520,0.1388
8,1495,1503,0.1388
8,1493,1501,0.1388
8,1498,1506,0.1388
8,1500,1508,0.1388
8,1511,1519,0.1388
9,1516,1525,0.1388
9,1512,1521,0.1388
9,1516,1525,0.1388
9,1518,1527,0.1388
9,1499,1508,0.1388
9,1503,1512,0.1388
10,1503,1513,0.1388
10,1505,1515,0.1388
10,1501,1511,0.1388
10,1492,1502,0.1388
10,1497,1507,0.1388
11,1504,1515,0.1388
11,1504,1515,0.1388
10,1498,1508,0.1388
11,1507,1518,0.1388
11,1520,1531,0.1388
11,1513,1524,0.1388
11,1529,1540,0.1388
11,1522,1533,0.1388
11,1510,1521,0.1388
11,1514,1525,0.1388
11,1499,1510,0.1388
11,1503,1514,0.1388
11,1516,1527,0.1388
11,1518,1529,0.1388
9,1502,1511,0.1388
9,1521,1530,0.1388
9,1515,1524,0.1388
8,1504,1512,0.1388
9,1507,1516,0.1388
9,1500,1509,0.1388
9,1513,1522,0.1388
9,1511,1520,0.1388
9,1511,1520,0.1388
9,1499,1508,0.1388
9,1499,1508,0.1388
9,1508,1517,0.1388
9,1505,1514,0.1388
10,1499,1509,0.1388
10,1501,1511,0.1388
10,1508,1518,0.1388
10,1505,1515,0.1388
10,1501,1511,0.1388
9,1497,1506,0.1388
9,1498,1507,0.1388
9,1492,1501,0.1388
9,1497,1506,0.1388
9,1494,1503,0.1388
9,1497,1506,0.1388
9,1502,1511,0.1388
9,1493,1502,0.1388
9,1491,1500,0.1388
9,1485,1494,0.1388
9,1493,1502,0.1388
8,1501,1509,0.1388
8,1500,1508,0.1388
8,1511,1519,0.1388
7,1511,1518,0.1388
6,1512,1518,0.1388
6,1505,1511,0.1388
6,1507,1513,0.1388
6,1510,1516,0.1388
6,1508,1514,0.1388
6,1514,1520,0.1388
6,1501,1507,0.1388
6,1518,1524,0.1388
5,1516,1521,0.1388
5,1511,1516,0.1388
6,1518,1524,0.1388
6,1519,1525,0.1388
6,1518,1524,0.1388
6,1513,1519,0.1388
6,1519,1525,0.1388
6,1517,1523,0.1388
6,1513,1519,0.1388
6,1517,1523,0.1388
6,1508,1514,0.1388
6,1514,1520,0.1388
6,1505,1511,0.1388
6,1514,1520,0.1388
6,1507,1513,0.1388
6,1501,1507,0.1388
6,1500,1506,0.1388
6,1512,1518,0.1388
6,1516,1522,0.1388
7,1511,1518,0.1388
7,1510,1517,0.1388
8,1523,1531,0.1388
8,1514,1522,0.1388
8,1512,1520,0.1388
8,1515,1523,0.1388
8,1516,1524,0.1388
7,1518,1525,0.1388
7,1529,1536,0.1388
7,1517,1524,0.1388
7,1524,1531,0.1388
7,1518,1525,0.1388
7,1506,1513,0.1388
7,1510,1517,0.1388
7,1517,1524,0.1388
7,1514,1521,0.1388
7,1505,1512,0.1388
7,1501,1508,0.1388
6,1503,1509,0.1388
5,1501,1506,0.1388
5,1517,1522,0.1388
5,1524,1529,0.1388
5,1532,1537,0.1388
5,1524,1529,0.1388
4,1527,1531,0.1388
4,1527,1531,0.1388
4,1516,1520,0.1388
4,1518,1522,0.1388
4,1519,1523,0.1388
4,1507,1511,0.1388
4,1524,1528,0.1388
4,1522,1526,0.1388
3,1523,1526,0.1388
2,1516,1518,0.1388
3,1523,1526,0.1388
3,1519,1522,0.1388
4,1506,1510,0.1388
3,1515,1518,0.1388
3,1520,1523,0.1388
2,1515,1517,0.1388
2,1518,1520,0.1388
2,1511,1513,0.1388
2,1516,1518,0.1388
2,1513,1515,0.1388
2,1504,1506,0.1388
2,1513,1515,0.1388
2,1522,1524,0.1388
2,1506,1508,0.1388
2,1517,1519,0.1388
2,1513,1515,0.1388
2,1523,1525,0.1388
2,1514,1516,0.1388
2,1509,1511,0.1388
2,1519,1521,0.1388
2,1516,1518,0.1388
2,1515,1517,0.1388
2,1511,1513,0.1388
2,1518,1520,0.1388
3,1525,1528,0.1388
3,1515,1518,0.1388
3,1510,1513,0.1388
3,1501,1504,0.1388
4,1477,1481,0.1388
3,1482,1485,0.1388
3,1507,1510,0.1388
3,1509,1512,0.1388
3,1510,1513,0.1388
3,1506,1509,0.1388
3,1514,1517,0.1388
3,1515,1518,0.1388
3,1510,1513,0.1388
3,1522,1525,0.1388
3,1527,1530,0.1388
3,1525,1528,0.1388
3,1523,1526,0.1388
3,1521,1524,0.1388
3,1522,1525,0.1388
3,1513,1516,0.1388
3,1519,1522,0.1388
3,1523,1526,0.1388
3,1511,1514,0.1388
3,1517,1520,0.1388
3,1515,1518,0.1388
3,1514,1517,0.1388
3,1529,1532,0.1388
3,1511,1514,0.1388
3,1503,1506,0.1388
3,1518,1521,0.1388
3,1525,1528,0.1388
4,1518,1522,0.1388
4,1514,1518,0.1388
4,1515,1519,0.1388
3,1505,1508,0.1388
4,1510,1514,0.1388
4,1523,1527,0.1388
4,1516,1520,0.1388
4,1512,1516,0.1388
4,1511,1515,0.1388
3,1508,1511,0.1388
3,1500,1503,0.1388
2,1503,1505,0.1388
2,1507,1509,0.1388
3,1504,1507,0.1388
3,1508,1511,0.1388
3,1486,1489,0.1388
2,1501,1503,0.1388
2,1508,1510,0.1388
1,1497,1498,0.1388
0,1515,1515,0.1388
