1364,27,1391,0.1388
1387,27,1414,0.1388
1398,27,1425,0.1388
1418,27,1445,0.1388
1439,24,1463,0.1388
1446,23,1469,0.1388
1460,23,1483,0.1388
1451,22,1473,0.1388
1454,23,1477,0.1388
1447,24,1471,0.1388
1434,25,1459,0.1388
1458,25,1483,0.1388
1461,23,1484,0.1388
1473,23,1496,0.1388
1477,22,1499,0.1388
1485,21,1506,0.1388
1491,23,1514,0.1388
1476,20,1496,0.1388
1474,24,1498,0.1388
1471,24,1495,0.1388
1475,24,1499,0.1388
1481,24,1505,0.1388
1486,22,1508,0.1388
1479,21,1500,0.1388
1467,21,1488,0.1388
1468,22,1490,0.1388
1450,21,1471,0.1388
1463,21,1484,0.1388
1456,23,1479,0.1388
1482,25,1507,0.1388
1490,24,1514,0.1388
1479,24,1503,0.1388
1469,25,1494,0.1388
1469,26,1495,0.1388
1462,28,1490,0.1388
1458,27,1485,0.1388
1461,28,1489,0.1388
1459,30,1489,0.1388
1467,30,1497,0.1388
1458,30,1488,0.1388
1458,31,1489,0.1388
1462,35,1497,0.1388
1450,36,1486,0.1388
1446,35,1481,0.1388
1450,37,1487,0.1388
1455,37,1492,0.1388
1452,38,1490,0.1388
1452,37,1489,0.1388
1453,38,1491,0.1388
1459,36,1495,0.1388
1450,36,1486,0.1388
1455,35,1490,0.1388
1449,34,1483,0.1388
1452,34,1486,0.1388
1454,32,1486,0.1388
1445,31,1476,0.1388
1461,30,1491,0.1388
1456,29,1485,0.1388
1453,30,1483,0.1388
1464,32,1496,0.1388
1463,33,1496,0.1388
1468,32,1500,0.1388
1465,32,1497,0.1388
1452,33,1485,0.1388
1457,34,1491,0.1388
1452,34,1486,0.1388
1463,36,1499,0.1388
1459,37,1496,0.1388
1451,36,1487,0.1388
1444,35,1479,0.1388
1444,35,1479,0.1388
1449,35,1484,0.1388
1457,34,1491,0.1388
1470,33,1503,0.1388
1475,32,1507,0.1388
1460,32,1492,0.1388
1470,29,1499,0.1388
1478,27,1505,0.1388
1478,26,1504,0.1388
1467,26,1493,0.1388
1469,27,1496,0.1388
1482,28,1510,0.1388
1485,28,1513,0.1388
1481,32,1513,0.1388
1460,35,1495,0.1388
1457,35,1492,0.1388
1452,36,1488,0.1388
1458,34,1492,0.1388
1468,32,1500,0.1388
1466,35,1501,0.1388
1458,35,1493,0.1388
1458,36,1494,0.1388
1459,37,1496,0.1388
1446,40,1486,0.1388
1441,39,1480,0.1388
1443,39,1482,0.1388
1450,39,1489,0.1388
1449,37,1486,0.1388
1449,39,1488,0.1388
1448,38,1486,0.1388
1431,40,1471,0.1388
1430,41,1471,0.1388
1444,42,1486,0.1388
1451,41,1492,0.1388
1450,42,1492,0.1388
1462,43,1505,0.1388
1451,42,1493,0.1388
1460,42,1502,0.1388
1458,42,1500,0.1388
1457,44,1501,0.1388
1452,44,1496,0.1388
1448,42,1490,0.1388
1446,41,1487,0.1388
1462,41,1503,0.1388
1454,41,1495,0.1388
1455,40,1495,0.1388
1447,39,1486,0.1388
1459,39,1498,0.1388
1448,39,1487,0.1388
1457,40,1497,0.1388
1460,41,1501,0.1388
1459,41,1500,0.1388
1460,41,1501,0.1388
1448,41,1489,0.1388
1442,41,1483,0.1388
1441,41,1482,0.1388
1454,44,1498,0.1388
1438,44,1482,0.1388
1416,42,1458,0.1388
1436,41,1477,0.1388
1443,41,1484,0.1388
1445,42,1487,0.1388
1463,44,1507,0.1388
1465,44,1509,0.1388
1476,44,1520,0.1388
1464,44,1508,0.1388
1468,42,1510,0.1388
1462,44,1506,0.1388
1459,43,1502,0.1388
1461,43,1504,0.1388
1452,45,1497,0.1388
1440,45,1485,0.1388
1447,47,1494,0.1388
1441,45,1486,0.1388
1434,46,1480,0.1388
1439,47,1486,0.1388
1448,46,1494,0.1388
1445,46,1491,0.1388
1442,46,1488,0.1388
1437,45,1482,0.1388
1439,46,1485,0.1388
1440,48,1488,0.1388
1431,51,1482,0.1388
1431,53,1484,0.1388
1433,53,1486,0.1388
1450,51,1501,0.1388
1441,49,1490,0.1388
1451,51,1502,0.1388
1442,52,1494,0.1388
1445,51,1496,0.1388
1432,51,1483,0.1388
1433,52,1485,0.1388
1429,54,1483,0.1388
1438,54,1492,0.1388
1440,57,1497,0.1388
1442,56,1498,0.1388
1436,59,1495,0.1388
1428,61,1489,0.1388
1428,60,1488,0.1388
1422,62,1484,0.1388
1434,63,1497,0.1388
1448,62,1510,0.1388
1453,61,1514,0.1388
1451,63,1514,0.1388
1443,63,1506,0.1388
1441,59,1500,0.1388
1434,61,1495,0.1388
1445,62,1507,0.1388
1440,64,1504,0.1388
1444,61,1505,0.1388
1438,63,1501,0.1388
1428,63,1491,0.1388
1423,63,1486,0.1388
1417,62,1479,0.1388
1429,65,1494,0.1388
1411,65,1476,0.1388
1431,65,1496,0.1388
1444,61,1505,0.1388
1452,64,1516,0.1388
1453,65,1518,0.1388
1449,63,1512,0.1388
1441,64,1505,0.1388
1443,65,1508,0.1388
1442,64,1506,0.1388
1441,65,1506,0.1388
1448,63,1511,0.1388
1439,62,1501,0.1388
1447,61,1508,0.1388
1452,61,1513,0.1388
1440,59,1499,0.1388
1441,61,1502,0.1388
1447,63,1510,0.1388
1445,64,1509,0.1388
1439,60,1499,0.1388
1431,62,1493,0.1388
1418,63,1481,0.1388
1421,66,1487,0.1388
1417,69,1486,0.1388
1421,68,1489,0.1388
1415,66,1481,0.1388
1423,65,1488,0.1388
1416,66,1482,0.1388
1412,64,1476,0.1388
1410,64,1474,0.1388
1418,66,1484,0.1388
1429,66,1495,0.1388
1434,67,1501,0.1388
1427,67,1494,0.1388
1426,67,1493,0.1388
1423,67,1490,0.1388
1429,66,1495,0.1388
1418,66,1484,0.1388
1414,65,1479,0.1388
1415,65,1480,0.1388
1423,67,1490,0.1388
1416,67,1483,0.1388
1422,67,1489,0.1388
1421,70,1491,0.1388
1414,72,1486,0.1388
1411,71,1482,0.1388
1411,68,1479,0.1388
1406,70,1476,0.1388
1404,71,1475,0.1388
1400,72,1472,0.1388
1404,75,1479,0.1388
1415,70,1485,0.1388
1422,74,1496,0.1388
1414,73,1487,0.1388
1426,72,1498,0.1388
1425,72,1497,0.1388
1425,73,1498,0.1388
1432,73,1505,0.1388
1421,77,1498,0.1388
1414,77,1491,0.1388
1413,75,1488,0.1388
1398,73,1471,0.1388
1398,77,1475,0.1388
1410,78,1488,0.1388
1416,79,1495,0.1388
1419,79,1498,0.1388
1426,80,1506,0.1388
1428,77,1505,0.1388
1430,78,1508,0.1388
1430,75,1505,0.1388
1429,78,1507,0.1388
1439,81,1520,0.1388
1423,79,1502,0.1388
1420,82,1502,0.1388
1405,82,1487,0.1388
1402,80,1482,0.1388
1414,77,1491,0.1388
1411,78,1489,0.1388
1415,80,1495,0.1388
1413,83,1496,0.1388
1409,85,1494,0.1388
1416,83,1499,0.1388
1428,81,1509,0.1388
1422,81,1503,0.1388
1419,85,1504,0.1388
1420,83,1503,0.1388
1426,83,1509,0.1388
1422,81,1503,0.1388
1425,83,1508,0.1388
1409,80,1489,0.1388
1406,76,1482,0.1388
1410,79,1489,0.1388
1405,80,1485,0.1388
1417,78,1495,0.1388
1408,78,1486,0.1388
1402,75,1477,0.1388
1403,78,1481,0.1388
1407,80,1487,0.1388
1413,78,1491,0.1388
1400,76,1476,0.1388
1409,79,1488,0.1388
1417,81,1498,0.1388
1410,78,1488,0.1388
1406,85,1491,0.1388
1404,87,1491,0.1388
1401,88,1489,0.1388
1401,85,1486,0.1388
1408,88,1496,0.1388
1408,85,1493,0.1388
1414,88,1502,0.1388
1407,85,1492,0.1388
1406,84,1490,0.1388
1401,86,1487,0.1388
1400,84,1484,0.1388
1396,84,1480,0.1388
1405,86,1491,0.1388
1395,84,1479,0.1388
1406,84,1490,0.1388
1421,85,1506,0.1388
1420,85,1505,0.1388
1430,85,1515,0.1388
1435,84,1519,0.1388
1418,86,1504,0.1388
1410,87,1497,0.1388
1407,85,1492,0.1388
1401,85,1486,0.1388
1395,91,1486,0.1388
1389,93,1482,0.1388
1381,92,1473,0.1388
1388,93,1481,0.1388
1394,95,1489,0.1388
1401,95,1496,0.1388
1405,96,1501,0.1388
1407,95,1502,0.1388
1403,95,1498,0.1388
1397,97,1494,0.1388
1383,89,1472,0.1388
1388,92,1480,0.1388
1389,90,1479,0.1388
1400,92,1492,0.1388
1399,90,1489,0.1388
1384,85,1469,0.1388
1382,85,1467,0.1388
1377,89,1466,0.1388
1377,92,1469,0.1388
1386,93,1479,0.1388
1390,88,1478,0.1388
1404,92,1496,0.1388
1397,99,1496,0.1388
1402,101,1503,0.1388
1405,103,1508,0.1388
1398,102,1500,0.1388
1404,103,1507,0.1388
1392,108,1500,0.1388
1394,108,1502,0.1388
1402,111,1513,0.1388
1414,109,1523,0.1388
1415,109,1524,0.1388
1410,106,1516,0.1388
1404,106,1510,0.1388
1401,105,1506,0.1388
1401,102,1503,0.1388
1407,102,1509,0.1388
1398,102,1500,0.1388
1378,96,1474,0.1388
1380,96,1476,0.1388
1377,90,1467,0.1388
1389,91,1480,0.1388
1400,95,1495,0.1388
1399,98,1497,0.1388
1391,98,1489,0.1388
1399,100,1499,0.1388
1391,99,1490,0.1388
1390,100,1490,0.1388
1395,100,1495,0.1388
1399,100,1499,0.1388
1406,100,1506,0.1388
1400,96,1496,0.1388
1397,97,1494,0.1388
1385,96,1481,0.1388
1394,96,1490,0.1388
1388,101,1489,0.1388
1392,98,1490,0.1388
1377,98,1475,0.1388
1379,99,1478,0.1388
1386,102,1488,0.1388
1381,102,1483,0.1388
1382,104,1486,0.1388
1387,108,1495,0.1388
1369,111,1480,0.1388
1368,112,1480,0.1388
1369,113,1482,0.1388
1374,112,1486,0.1388
1372,113,1485,0.1388
1370,111,1481,0.1388
1368,108,1476,0.1388
1364,110,1474,0.1388
1370,108,1478,0.1388
1386,109,1495,0.1388
1372,113,1485,0.1388
1365,115,1480,0.1388
1369,119,1488,0.1388
1375,121,1496,0.1388
1378,118,1496,0.1388
1365,119,1484,0.1388
1354,120,1474,0.1388
1371,120,1491,0.1388
1373,116,1489,0.1388
1374,119,1493,0.1388
1371,119,1490,0.1388
1381,115,1496,0.1388
1367,114,1481,0.1388
1370,114,1484,0.1388
1362,115,1477,0.1388
1373,119,1492,0.1388
1374,119,1493,0.1388
1357,121,1478,0.1388
1359,119,1478,0.1388
1364,111,1475,0.1388
1360,114,1474,0.1388
1349,116,1465,0.1388
1370,120,1490,0.1388
1366,121,1487,0.1388
1355,123,1478,0.1388
1360,126,1486,0.1388
1372,126,1498,0.1388
1364,130,1494,0.1388
1366,130,1496,0.1388
1358,130,1488,0.1388
1360,130,1490,0.1388
1362,132,1494,0.1388
1363,135,1498,0.1388
1372,138,1510,0.1388
1368,131,1499,0.1388
1374,130,1504,0.1388
1365,135,1500,0.1388
1359,140,1499,0.1388
1360,141,1501,0.1388
1353,139,1492,0.1388
1354,138,1492,0.1388
1347,139,1486,0.1388
1356,141,1497,0.1388
1346,142,1488,0.1388
1345,142,1487,0.1388
1340,143,1483,0.1388
1339,146,1485,0.1388
1336,148,1484,0.1388
1341,152,1493,0.1388
1347,150,1497,0.1388
1346,155,1501,0.1388
1338,154,1492,0.1388
1336,152,1488,0.1388
1340,153,1493,0.1388
1334,158,1492,0.1388
1338,158,1496,0.1388
1325,156,1481,0.1388
1329,161,1490,0.1388
1324,160,1484,0.1388
1314,160,1474,0.1388
1320,159,1479,0.1388
1328,162,1490,0.1388
1334,163,1497,0.1388
1328,165,1493,0.1388
1311,166,1477,0.1388
1316,165,1481,0.1388
1320,161,1481,0.1388
1328,157,1485,0.1388
1346,160,1506,0.1388
1342,165,1507,0.1388
1334,166,1500,0.1388
1331,161,1492,0.1388
1343,161,1504,0.1388
1331,162,1493,0.1388
1330,160,1490,0.1388
1328,158,1486,0.1388
1343,160,1503,0.1388
1332,158,1490,0.1388
1329,159,1488,0.1388
1345,160,1505,0.1388
1334,162,1496,0.1388
1336,162,1498,0.1388
1343,159,1502,0.1388
1336,158,1494,0.1388
1340,158,1498,0.1388
1327,151,1478,0.1388
1328,153,1481,0.1388
1336,159,1495,0.1388
1329,158,1487,0.1388
1332,161,1493,0.1388
1330,161,1491,0.1388
1335,160,1495,0.1388
1327,162,1489,0.1388
1336,169,1505,0.1388
1341,172,1513,0.1388
1335,173,1508,0.1388
1329,172,1501,0.1388
1333,170,1503,0.1388
1325,171,1496,0.1388
1326,168,1494,0.1388
1317,170,1487,0.1388
1322,171,1493,0.1388
1315,162,1477,0.1388
1322,166,1488,0.1388
1328,163,1491,0.1388
1334,169,1503,0.1388
1339,168,1507,0.1388
1338,168,1506,0.1388
1346,170,1516,0.1388
1345,170,1515,0.1388
1322,173,1495,0.1388
1322,172,1494,0.1388
1331,171,1502,0.1388
1336,174,1510,0.1388
1336,179,1515,0.1388
1336,178,1514,0.1388
1337,177,1514,0.1388
1333,179,1512,0.1388
1327,181,1508,0.1388
1320,185,1505,0.1388
1300,184,1484,0.1388
1310,182,1492,0.1388
1307,182,1489,0.1388
1317,184,1501,0.1388
1316,184,1500,0.1388
1309,183,1492,0.1388
1316,185,1501,0.1388
1318,182,1500,0.1388
1311,186,1497,0.1388
1311,183,1494,0.1388
1304,186,1490,0.1388
1309,189,1498,0.1388
1303,187,1490,0.1388
1298,187,1485,0.1388
1294,184,1478,0.1388
1291,180,1471,0.1388
1301,185,1486,0.1388
1305,191,1496,0.1388
1297,192,1489,0.1388
1308,187,1495,0.1388
1304,188,1492,0.1388
1314,190,1504,0.1388
1313,188,1501,0.1388
1303,191,1494,0.1388
1316,189,1505,0.1388
1316,188,1504,0.1388
1299,187,1486,0.1388
1293,194,1487,0.1388
1281,189,1470,0.1388
1282,193,1475,0.1388
1293,192,1485,0.1388
1285,187,1472,0.1388
1286,186,1472,0.1388
1298,192,1490,0.1388
1293,193,1486,0.1388
1289,198,1487,0.1388
1296,198,1494,0.1388
1302,197,1499,0.1388
1305,195,1500,0.1388
1288,202,1490,0.1388
1289,202,1491,0.1388
1280,203,1483,0.1388
1280,204,1484,0.1388
1288,209,1497,0.1388
1287,207,1494,0.1388
1288,208,1496,0.1388
1280,209,1489,0.1388
1286,208,1494,0.1388
1285,213,1498,0.1388
1283,218,1501,0.1388
1292,218,1510,0.1388
1266,224,1490,0.1388
1274,226,1500,0.1388
1272,225,1497,0.1388
1265,223,1488,0.1388
1276,225,1501,0.1388
1261,228,1489,0.1388
1271,229,1500,0.1388
1260,231,1491,0.1388
1275,233,1508,0.1388
1277,228,1505,0.1388
1274,226,1500,0.1388
1290,226,1516,0.1388
1286,223,1509,0.1388
1272,223,1495,0.1388
1283,224,1507,0.1388
1278,224,1502,0.1388
1269,226,1495,0.1388
1271,227,1498,0.1388
1268,228,1496,0.1388
1252,231,1483,0.1388
1260,231,1491,0.1388
1259,228,1487,0.1388
1260,231,1491,0.1388
1259,235,1494,0.1388
1254,232,1486,0.1388
1268,236,1504,0.1388
1261,235,1496,0.1388
1263,237,1500,0.1388
1266,238,1504,0.1388
1252,234,1486,0.1388
1252,236,1488,0.1388
1254,239,1493,0.1388
1256,241,1497,0.1388
1247,240,1487,0.1388
1253,237,1490,0.1388
1241,240,1481,0.1388
1243,241,1484,0.1388
1239,239,1478,0.1388
1245,237,1482,0.1388
1253,242,1495,0.1388
1254,240,1494,0.1388
1248,237,1485,0.1388
1239,242,1481,0.1388
1245,241,1486,0.1388
1251,245,1496,0.1388
1255,245,1500,0.1388
1246,247,1493,0.1388
1250,249,1499,0.1388
1258,250,1508,0.1388
1252,250,1502,0.1388
1248,249,1497,0.1388
1240,251,1491,0.1388
1239,257,1496,0.1388
1234,261,1495,0.1388
1229,259,1488,0.1388
1230,258,1488,0.1388
1234,253,1487,0.1388
1233,255,1488,0.1388
1225,263,1488,0.1388
1239,264,1503,0.1388
1232,265,1497,0.1388
1231,270,1501,0.1388
1224,267,1491,0.1388
1221,270,1491,0.1388
1219,269,1488,0.1388
1216,269,1485,0.1388
1213,271,1484,0.1388
1204,272,1476,0.1388
1216,269,1485,0.1388
1205,270,1475,0.1388
1213,268,1481,0.1388
1212,266,1478,0.1388
1211,267,1478,0.1388
1219,269,1488,0.1388
1228,266,1494,0.1388
1228,268,1496,0.1388
1224,272,1496,0.1388
1219,274,1493,0.1388
1216,273,1489,0.1388
1213,275,1488,0.1388
1224,274,1498,0.1388
1211,277,1488,0.1388
1206,278,1484,0.1388
1203,276,1479,0.1388
1210,284,1494,0.1388
1206,290,1496,0.1388
1224,288,1512,0.1388
1220,285,1505,0.1388
1217,278,1495,0.1388
1210,280,1490,0.1388
1208,278,1486,0.1388
1216,284,1500,0.1388
1209,281,1490,0.1388
1207,283,1490,0.1388
1211,280,1491,0.1388
1222,284,1506,0.1388
1213,286,1499,0.1388
1207,288,1495,0.1388
1196,291,1487,0.1388
1200,290,1490,0.1388
1195,284,1479,0.1388
1192,290,1482,0.1388
1192,292,1484,0.1388
1186,290,1476,0.1388
1192,299,1491,0.1388
1185,301,1486,0.1388
1187,297,1484,0.1388
1200,298,1498,0.1388
1198,293,1491,0.1388
1201,291,1492,0.1388
1186,294,1480,0.1388
1178,301,1479,0.1388
1183,299,1482,0.1388
1181,303,1484,0.1388
1184,302,1486,0.1388
1183,307,1490,0.1388
1181,308,1489,0.1388
1186,308,1494,0.1388
1190,310,1500,0.1388
1202,305,1507,0.1388
1201,297,1498,0.1388
1189,298,1487,0.1388
1184,296,1480,0.1388
1196,304,1500,0.1388
1209,309,1518,0.1388
1196,305,1501,0.1388
1186,310,1496,0.1388
1179,313,1492,0.1388
1176,313,1489,0.1388
1173,308,1481,0.1388
1176,315,1491,0.1388
1168,319,1487,0.1388
1170,315,1485,0.1388
1176,317,1493,0.1388
1177,317,1494,0.1388
1176,313,1489,0.1388
1182,322,1504,0.1388
1176,320,1496,0.1388
1174,329,1503,0.1388
1160,322,1482,0.1388
1165,326,1491,0.1388
1161,327,1488,0.1388
1174,325,1499,0.1388
1177,318,1495,0.1388
1183,318,1501,0.1388
1173,317,1490,0.1388
1172,317,1489,0.1388
1165,323,1488,0.1388
1167,317,1484,0.1388
1165,316,1481,0.1388
1166,321,1487,0.1388
1181,325,1506,0.1388
1188,327,1515,0.1388
1187,322,1509,0.1388
1190,324,1514,0.1388
1186,323,1509,0.1388
1164,324,1488,0.1388
1161,324,1485,0.1388
1178,325,1503,0.1388
1186,325,1511,0.1388
1175,326,1501,0.1388
1187,323,1510,0.1388
1180,323,1503,0.1388
1179,321,1500,0.1388
1168,324,1492,0.1388
1180,321,1501,0.1388
1195,321,1516,0.1388
1171,325,1496,0.1388
1181,333,1514,0.1388
1179,337,1516,0.1388
1176,330,1506,0.1388
1181,333,1514,0.1388
1184,335,1519,0.1388
1169,336,1505,0.1388
1168,340,1508,0.1388
1170,335,1505,0.1388
1167,347,1514,0.1388
1155,344,1499,0.1388
1154,347,1501,0.1388
1150,339,1489,0.1388
1155,343,1498,0.1388
1152,344,1496,0.1388
1154,344,1498,0.1388
1151,347,1498,0.1388
1162,346,1508,0.1388
1169,345,1514,0.1388
1166,348,1514,0.1388
1169,345,1514,0.1388
1169,351,1520,0.1388
1160,350,1510,0.1388
1164,347,1511,0.1388
1161,349,1510,0.1388
1156,350,1506,0.1388
1158,347,1505,0.1388
1153,351,1504,0.1388
1151,350,1501,0.1388
1147,350,1497,0.1388
1149,352,1501,0.1388
1160,349,1509,0.1388
1153,349,1502,0.1388
1152,354,1506,0.1388
1148,350,1498,0.1388
1137,352,1489,0.1388
1130,349,1479,0.1388
1140,346,1486,0.1388
1139,357,1496,0.1388
1149,358,1507,0.1388
1144,361,1505,0.1388
1145,365,1510,0.1388
1144,365,1509,0.1388
1146,364,1510,0.1388
1146,362,1508,0.1388
1145,360,1505,0.1388
1138,359,1497,0.1388
1132,366,1498,0.1388
1134,367,1501,0.1388
1136,372,1508,0.1388
1129,371,1500,0.1388
1132,380,1512,0.1388
1129,374,1503,0.1388
1130,378,1508,0.1388
1130,381,1511,0.1388
1116,384,1500,0.1388
1120,382,1502,0.1388
1113,382,1495,0.1388
1114,375,1489,0.1388
1109,382,1491,0.1388
1109,377,1486,0.1388
1104,379,1483,0.1388
1104,377,1481,0.1388
1108,371,1479,0.1388
1112,376,1488,0.1388
1120,377,1497,0.1388
1127,388,1515,0.1388
1130,388,1518,0.1388
1122,390,1512,0.1388
1112,391,1503,0.1388
1116,391,1507,0.1388
1106,392,1498,0.1388
1113,396,1509,0.1388
1112,399,1511,0.1388
1111,390,1501,0.1388
1114,387,1501,0.1388
1117,387,1504,0.1388
1113,390,1503,0.1388
1123,387,1510,0.1388
1122,391,1513,0.1388
1114,393,1507,0.1388
1114,398,1512,0.1388
1109,398,1507,0.1388
1107,394,1501,0.1388
1096,394,1490,0.1388
1096,399,1495,0.1388
1096,399,1495,0.1388
1104,400,1504,0.1388
1102,403,1505,0.1388
1089,405,1494,0.1388
1098,400,1498,0.1388
1092,407,1499,0.1388
1094,405,1499,0.1388
1090,405,1495,0.1388
1085,404,1489,0.1388
1083,407,1490,0.1388
1089,406,1495,0.1388
1098,405,1503,0.1388
1089,410,1499,0.1388
1084,412,1496,0.1388
1086,417,1503,0.1388
1072,418,1490,0.1388
1077,415,1492,0.1388
1087,413,1500,0.1388
1086,418,1504,0.1388
1099,419,1518,0.1388
1092,410,1502,0.1388
1091,411,1502,0.1388
1088,411,1499,0.1388
1082,409,1491,0.1388
1088,414,1502,0.1388
1076,420,1496,0.1388
1061,420,1481,0.1388
1071,416,1487,0.1388
1091,418,1509,0.1388
1085,418,1503,0.1388
1090,416,1506,0.1388
1080,418,1498,0.1388
1084,420,1504,0.1388
1096,421,1517,0.1388
1089,425,1514,0.1388
1081,423,1504,0.1388
1080,428,1508,0.1388
1080,433,1513,0.1388
1073,432,1505,0.1388
1075,432,1507,0.1388
1072,438,1510,0.1388
1067,438,1505,0.1388
1066,437,1503,0.1388
1065,435,1500,0.1388
1071,447,1518,0.1388
1073,445,1518,0.1388
1068,436,1504,0.1388
1058,439,1497,0.1388
1053,438,1491,0.1388
1049,443,1492,0.1388
1051,444,1495,0.1388
1061,444,1505,0.1388
1068,433,1501,0.1388
1056,442,1498,0.1388
1058,442,1500,0.1388
1059,447,1506,0.1388
1062,442,1504,0.1388
1071,440,1511,0.1388
1061,445,1506,0.1388
1055,451,1506,0.1388
1065,453,1518,0.1388
1060,454,1514,0.1388
1059,454,1513,0.1388
1065,453,1518,0.1388
1063,450,1513,0.1388
1067,448,1515,0.1388
1065,447,1512,0.1388
1065,450,1515,0.1388
1057,441,1498,0.1388
1051,440,1491,0.1388
1048,437,1485,0.1388
1049,434,1483,0.1388
1058,451,1509,0.1388
1070,452,1522,0.1388
1064,451,1515,0.1388
1063,451,1514,0.1388
1055,456,1511,0.1388
1051,455,1506,0.1388
1047,453,1500,0.1388
1041,459,1500,0.1388
1039,457,1496,0.1388
1042,454,1496,0.1388
1029,456,1485,0.1388
1030,462,1492,0.1388
1037,464,1501,0.1388
1039,471,1510,0.1388
1037,471,1508,0.1388
1043,475,1518,0.1388
1028,474,1502,0.1388
1034,473,1507,0.1388
1044,463,1507,0.1388
1033,475,1508,0.1388
1035,477,1512,0.1388
1014,471,1485,0.1388
1006,463,1469,0.1388
1009,476,1485,0.1388
1021,473,1494,0.1388
1023,483,1506,0.1388
1027,481,1508,0.1388
1026,484,1510,0.1388
1024,485,1509,0.1388
1016,491,1507,0.1388
1025,481,1506,0.1388
1019,478,1497,0.1388
1023,475,1498,0.1388
1030,472,1502,0.1388
1026,466,1492,0.1388
1037,468,1505,0.1388
1036,464,1500,0.1388
1040,463,1503,0.1388
1039,458,1497,0.1388
1027,466,1493,0.1388
1034,465,1499,0.1388
1034,462,1496,0.1388
1034,458,1492,0.1388
1035,460,1495,0.1388
1033,462,1495,0.1388
1035,465,1500,0.1388
1038,466,1504,0.1388
1038,460,1498,0.1388
1043,468,1511,0.1388
1037,470,1507,0.1388
1032,471,1503,0.1388
1039,477,1516,0.1388
1029,474,1503,0.1388
1031,478,1509,0.1388
1037,481,1518,0.1388
1029,487,1516,0.1388
1030,487,1517,0.1388
1027,484,1511,0.1388
1015,484,1499,0.1388
1006,485,1491,0.1388
1004,489,1493,0.1388
1014,492,1506,0.1388
1020,495,1515,0.1388
1011,500,1511,0.1388
1020,501,1521,0.1388
1010,496,1506,0.1388
1002,500,1502,0.1388
994,499,1493,0.1388
998,500,1498,0.1388
1004,497,1501,0.1388
1008,503,1511,0.1388
996,506,1502,0.1388
997,505,1502,0.1388
998,505,1503,0.1388
1003,501,1504,0.1388
985,495,1480,0.1388
987,496,1483,0.1388
994,497,1491,0.1388
982,493,1475,0.1388
989,495,1484,0.1388
992,505,1497,0.1388
991,507,1498,0.1388
994,503,1497,0.1388
980,504,1484,0.1388
978,500,1478,0.1388
981,503,1484,0.1388
987,497,1484,0.1388
992,490,1482,0.1388
992,492,1484,0.1388
990,492,1482,0.1388
998,495,1493,0.1388
998,497,1495,0.1388
1004,507,1511,0.1388
1008,514,1522,0.1388
996,512,1508,0.1388
980,512,1492,0.1388
984,511,1495,0.1388
983,505,1488,0.1388
983,513,1496,0.1388
987,523,1510,0.1388
994,515,1509,0.1388
994,513,1507,0.1388
995,521,1516,0.1388
1002,510,1512,0.1388
995,494,1489,0.1388
1001,499,1500,0.1388
1007,503,1510,0.1388
996,499,1495,0.1388
998,501,1499,0.1388
987,501,1488,0.1388
989,506,1495,0.1388
977,505,1482,0.1388
983,497,1480,0.1388
991,498,1489,0.1388
993,495,1488,0.1388
993,497,1490,0.1388
1000,502,1502,0.1388
995,499,1494,0.1388
998,501,1499,0.1388
1006,506,1512,0.1388
997,511,1508,0.1388
990,514,1504,0.1388
996,510,1506,0.1388
993,501,1494,0.1388
999,505,1504,0.1388
994,500,1494,0.1388
986,507,1493,0.1388
988,510,1498,0.1388
980,518,1498,0.1388
978,519,1497,0.1388
992,528,1520,0.1388
994,526,1520,0.1388
983,531,1514,0.1388
981,533,1514,0.1388
987,536,1523,0.1388
982,529,1511,0.1388
982,526,1508,0.1388
972,529,1501,0.1388
978,527,1505,0.1388
972,530,1502,0.1388
973,537,1510,0.1388
978,532,1510,0.1388
985,533,1518,0.1388
979,533,1512,0.1388
979,539,1518,0.1388
980,532,1512,0.1388
979,534,1513,0.1388
967,539,1506,0.1388
964,539,1503,0.1388
967,544,1511,0.1388
971,542,1513,0.1388
976,535,1511,0.1388
976,534,1510,0.1388
971,536,1507,0.1388
970,539,1509,0.1388
967,545,1512,0.1388
956,542,1498,0.1388
960,542,1502,0.1388
964,543,1507,0.1388
965,541,1506,0.1388
964,544,1508,0.1388
973,535,1508,0.1388
964,539,1503,0.1388
965,537,1502,0.1388
972,536,1508,0.1388
976,548,1524,0.1388
965,548,1513,0.1388
960,548,1508,0.1388
962,546,1508,0.1388
963,543,1506,0.1388
960,539,1499,0.1388
963,543,1506,0.1388
954,547,1501,0.1388
953,548,1501,0.1388
948,549,1497,0.1388
946,553,1499,0.1388
953,552,1505,0.1388
956,547,1503,0.1388
961,556,1517,0.1388
969,553,1522,0.1388
967,550,1517,0.1388
955,548,1503,0.1388
961,553,1514,0.1388
955,552,1507,0.1388
955,550,1505,0.1388
955,551,1506,0.1388
945,556,1501,0.1388
946,564,1510,0.1388
946,562,1508,0.1388
956,557,1513,0.1388
967,566,1533,0.1388
948,569,1517,0.1388
947,570,1517,0.1388
951,570,1521,0.1388
949,564,1513,0.1388
944,566,1510,0.1388
949,560,1509,0.1388
943,565,1508,0.1388
945,566,1511,0.1388
949,563,1512,0.1388
946,563,1509,0.1388
940,556,1496,0.1388
943,560,1503,0.1388
927,568,1495,0.1388
941,569,1510,0.1388
923,578,1501,0.1388
916,567,1483,0.1388
916,576,1492,0.1388
916,575,1491,0.1388
917,569,1486,0.1388
914,569,1483,0.1388
922,574,1496,0.1388
927,582,1509,0.1388
923,589,1512,0.1388
916,590,1506,0.1388
923,585,1508,0.1388
917,586,1503,0.1388
915,593,1508,0.1388
919,585,1504,0.1388
922,584,1506,0.1388
923,583,1506,0.1388
918,589,1507,0.1388
912,592,1504,0.1388
906,593,1499,0.1388
910,591,1501,0.1388
903,595,1498,0.1388
908,595,1503,0.1388
898,598,1496,0.1388
904,614,1518,0.1388
913,618,1531,0.1388
902,615,1517,0.1388
909,619,1528,0.1388
897,621,1518,0.1388
900,618,1518,0.1388
893,621,1514,0.1388
880,623,1503,0.1388
882,619,1501,0.1388
900,610,1510,0.1388
900,603,1503,0.1388
904,601,1505,0.1388
909,597,1506,0.1388
906,601,1507,0.1388
895,603,1498,0.1388
894,610,1504,0.1388
888,616,1504,0.1388
884,617,1501,0.1388
884,620,1504,0.1388
884,618,1502,0.1388
876,633,1509,0.1388
881,639,1520,0.1388
871,629,1500,0.1388
882,622,1504,0.1388
877,631,1508,0.1388
870,639,1509,0.1388
871,637,1508,0.1388
879,641,1520,0.1388
865,641,1506,0.1388
868,627,1495,0.1388
869,638,1507,0.1388
852,637,1489,0.1388
851,637,1488,0.1388
850,638,1488,0.1388
848,638,1486,0.1388
863,641,1504,0.1388
857,651,1508,0.1388
867,648,1515,0.1388
865,633,1498,0.1388
861,646,1507,0.1388
856,651,1507,0.1388
845,658,1503,0.1388
845,657,1502,0.1388
835,659,1494,0.1388
828,663,1491,0.1388
821,670,1491,0.1388
827,667,1494,0.1388
831,664,1495,0.1388
831,666,1497,0.1388
839,662,1501,0.1388
835,669,1504,0.1388
839,671,1510,0.1388
837,673,1510,0.1388
843,679,1522,0.1388
838,667,1505,0.1388
831,665,1496,0.1388
820,660,1480,0.1388
819,666,1485,0.1388
834,673,1507,0.1388
836,666,1502,0.1388
836,667,1503,0.1388
847,672,1519,0.1388
842,671,1513,0.1388
833,667,1500,0.1388
838,676,1514,0.1388
840,676,1516,0.1388
838,670,1508,0.1388
841,674,1515,0.1388
836,680,1516,0.1388
832,681,1513,0.1388
830,682,1512,0.1388
831,675,1506,0.1388
831,683,1514,0.1388
827,684,1511,0.1388
824,678,1502,0.1388
829,668,1497,0.1388
817,684,1501,0.1388
816,683,1499,0.1388
818,674,1492,0.1388
819,683,1502,0.1388
829,690,1519,0.1388
824,698,1522,0.1388
824,696,1520,0.1388
830,690,1520,0.1388
828,679,1507,0.1388
825,675,1500,0.1388
820,677,1497,0.1388
823,678,1501,0.1388
819,687,1506,0.1388
820,685,1505,0.1388
819,693,1512,0.1388
809,695,1504,0.1388
810,687,1497,0.1388
802,698,1500,0.1388
810,700,1510,0.1388
806,698,1504,0.1388
807,700,1507,0.1388
802,698,1500,0.1388
795,705,1500,0.1388
799,708,1507,0.1388
802,716,1518,0.1388
799,708,1507,0.1388
791,717,1508,0.1388
784,722,1506,0.1388
788,719,1507,0.1388
786,705,1491,0.1388
792,712,1504,0.1388
789,722,1511,0.1388
789,726,1515,0.1388
784,737,1521,0.1388
787,736,1523,0.1388
783,727,1510,0.1388
793,720,1513,0.1388
793,724,1517,0.1388
782,730,1512,0.1388
782,728,1510,0.1388
782,725,1507,0.1388
773,731,1504,0.1388
770,745,1515,0.1388
767,747,1514,0.1388
773,751,1524,0.1388
762,753,1515,0.1388
777,752,1529,0.1388
767,750,1517,0.1388
773,743,1516,0.1388
769,737,1506,0.1388
761,739,1500,0.1388
761,747,1508,0.1388
756,742,1498,0.1388
748,741,1489,0.1388
748,742,1490,0.1388
752,737,1489,0.1388
741,740,1481,0.1388
744,746,1490,0.1388
743,738,1481,0.1388
753,744,1497,0.1388
749,748,1497,0.1388
741,744,1485,0.1388
751,756,1507,0.1388
760,743,1503,0.1388
761,748,1509,0.1388
756,742,1498,0.1388
751,742,1493,0.1388
739,750,1489,0.1388
753,746,1499,0.1388
755,751,1506,0.1388
747,749,1496,0.1388
753,753,1506,0.1388
753,742,1495,0.1388
745,746,1491,0.1388
741,753,1494,0.1388
749,766,1515,0.1388
751,772,1523,0.1388
745,773,1518,0.1388
738,763,1501,0.1388
745,773,1518,0.1388
743,770,1513,0.1388
735,767,1502,0.1388
739,762,1501,0.1388
741,753,1494,0.1388
744,762,1506,0.1388
740,758,1498,0.1388
738,769,1507,0.1388
736,761,1497,0.1388
728,772,1500,0.1388
721,778,1499,0.1388
720,780,1500,0.1388
719,787,1506,0.1388
720,794,1514,0.1388
713,788,1501,0.1388
713,803,1516,0.1388
710,798,1508,0.1388
711,802,1513,0.1388
705,806,1511,0.1388
713,803,1516,0.1388
701,804,1505,0.1388
698,805,1503,0.1388
699,812,1511,0.1388
689,818,1507,0.1388
692,817,1509,0.1388
708,814,1522,0.1388
710,815,1525,0.1388
713,809,1522,0.1388
706,803,1509,0.1388
694,814,1508,0.1388
691,809,1500,0.1388
694,805,1499,0.1388
698,805,1503,0.1388
702,813,1515,0.1388
702,819,1521,0.1388
704,806,1510,0.1388
691,812,1503,0.1388
700,808,1508,0.1388
702,807,1509,0.1388
695,811,1506,0.1388
705,816,1521,0.1388
699,812,1511,0.1388
698,810,1508,0.1388
690,811,1501,0.1388
688,811,1499,0.1388
681,820,1501,0.1388
682,820,1502,0.1388
678,820,1498,0.1388
680,818,1498,0.1388
675,831,1506,0.1388
668,841,1509,0.1388
671,841,1512,0.1388
662,830,1492,0.1388
656,839,1495,0.1388
650,841,1491,0.1388
644,847,1491,0.1388
638,849,1487,0.1388
633,850,1483,0.1388
642,852,1494,0.1388
656,854,1510,0.1388
653,853,1506,0.1388
648,852,1500,0.1388
654,863,1517,0.1388
643,866,1509,0.1388
642,871,1513,0.1388
641,872,1513,0.1388
643,859,1502,0.1388
642,856,1498,0.1388
645,860,1505,0.1388
639,871,1510,0.1388
638,875,1513,0.1388
634,873,1507,0.1388
636,873,1509,0.1388
637,872,1509,0.1388
635,873,1508,0.1388
636,886,1522,0.1388
632,883,1515,0.1388
629,887,1516,0.1388
630,887,1517,0.1388
632,887,1519,0.1388
628,880,1508,0.1388
626,874,1500,0.1388
632,880,1512,0.1388
631,871,1502,0.1388
622,874,1496,0.1388
629,865,1494,0.1388
632,869,1501,0.1388
629,872,1501,0.1388
632,872,1504,0.1388
637,878,1515,0.1388
627,870,1497,0.1388
615,862,1477,0.1388
619,866,1485,0.1388
623,879,1502,0.1388
622,883,1505,0.1388
617,889,1506,0.1388
610,888,1498,0.1388
606,893,1499,0.1388
614,893,1507,0.1388
611,890,1501,0.1388
618,883,1501,0.1388
612,887,1499,0.1388
620,890,1510,0.1388
617,886,1503,0.1388
611,893,1504,0.1388
615,891,1506,0.1388
611,893,1504,0.1388
615,892,1507,0.1388
621,895,1516,0.1388
621,905,1526,0.1388
614,905,1519,0.1388
616,907,1523,0.1388
617,899,1516,0.1388
611,888,1499,0.1388
612,886,1498,0.1388
612,889,1501,0.1388
614,895,1509,0.1388
611,906,1517,0.1388
602,907,1509,0.1388
602,904,1506,0.1388
611,914,1525,0.1388
599,922,1521,0.1388
599,917,1516,0.1388
598,918,1516,0.1388
600,922,1522,0.1388
612,921,1533,0.1388
604,914,1518,0.1388
592,918,1510,0.1388
587,901,1488,0.1388
590,913,1503,0.1388
600,910,1510,0.1388
598,912,1510,0.1388
595,910,1505,0.1388
587,913,1500,0.1388
590,909,1499,0.1388
592,914,1506,0.1388
589,921,1510,0.1388
594,931,1525,0.1388
590,930,1520,0.1388
587,933,1520,0.1388
580,930,1510,0.1388
581,929,1510,0.1388
576,935,1511,0.1388
570,932,1502,0.1388
573,932,1505,0.1388
576,931,1507,0.1388
577,939,1516,0.1388
576,931,1507,0.1388
572,922,1494,0.1388
576,924,1500,0.1388
576,926,1502,0.1388
573,929,1502,0.1388
565,927,1492,0.1388
571,934,1505,0.1388
570,934,1504,0.1388
572,941,1513,0.1388
566,951,1517,0.1388
567,956,1523,0.1388
565,948,1513,0.1388
564,956,1520,0.1388
566,948,1514,0.1388
580,954,1534,0.1388
570,955,1525,0.1388
567,946,1513,0.1388
565,935,1500,0.1388
565,931,1496,0.1388
563,936,1499,0.1388
561,944,1505,0.1388
564,947,1511,0.1388
563,935,1498,0.1388
558,925,1483,0.1388
563,931,1494,0.1388
571,935,1506,0.1388
566,939,1505,0.1388
569,921,1490,0.1388
567,927,1494,0.1388
562,939,1501,0.1388
565,947,1512,0.1388
565,959,1524,0.1388
558,963,1521,0.1388
555,968,1523,0.1388
558,945,1503,0.1388
555,951,1506,0.1388
548,957,1505,0.1388
540,964,1504,0.1388
545,966,1511,0.1388
542,962,1504,0.1388
535,965,1500,0.1388
536,967,1503,0.1388
542,960,1502,0.1388
540,968,1508,0.1388
530,966,1496,0.1388
533,972,1505,0.1388
533,966,1499,0.1388
530,965,1495,0.1388
524,967,1491,0.1388
527,965,1492,0.1388
528,969,1497,0.1388
520,969,1489,0.1388
520,974,1494,0.1388
515,978,1493,0.1388
518,984,1502,0.1388
516,1000,1516,0.1388
522,992,1514,0.1388
519,988,1507,0.1388
515,993,1508,0.1388
511,992,1503,0.1388
510,989,1499,0.1388
508,990,1498,0.1388
507,995,1502,0.1388
511,1010,1521,0.1388
506,1001,1507,0.1388
507,1005,1512,0.1388
510,994,1504,0.1388
512,991,1503,0.1388
508,988,1496,0.1388
512,985,1497,0.1388
517,988,1505,0.1388
515,987,1502,0.1388
511,986,1497,0.1388
518,988,1506,0.1388
508,988,1496,0.1388
503,1007,1510,0.1388
502,999,1501,0.1388
495,1001,1496,0.1388
498,1003,1501,0.1388
493,1003,1496,0.1388
487,997,1484,0.1388
496,1002,1498,0.1388
491,1005,1496,0.1388
488,1008,1496,0.1388
488,1013,1501,0.1388
488,1019,1507,0.1388
496,1017,1513,0.1388
498,1025,1523,0.1388
494,1023,1517,0.1388
498,1029,1527,0.1388
493,1026,1519,0.1388
489,1039,1528,0.1388
486,1032,1518,0.1388
486,1028,1514,0.1388
488,1027,1515,0.1388
491,1013,1504,0.1388
490,1020,1510,0.1388
482,1021,1503,0.1388
489,1012,1501,0.1388
487,1004,1491,0.1388
485,1023,1508,0.1388
480,1031,1511,0.1388
474,1034,1508,0.1388
469,1047,1516,0.1388
463,1048,1511,0.1388
460,1043,1503,0.1388
459,1045,1504,0.1388
465,1039,1504,0.1388
458,1051,1509,0.1388
471,1046,1517,0.1388
466,1038,1504,0.1388
469,1049,1518,0.1388
474,1042,1516,0.1388
476,1033,1509,0.1388
475,1035,1510,0.1388
472,1031,1503,0.1388
471,1039,1510,0.1388
467,1045,1512,0.1388
473,1027,1500,0.1388
463,1035,1498,0.1388
469,1037,1506,0.1388
472,1039,1511,0.1388
479,1037,1516,0.1388
474,1019,1493,0.1388
474,1038,1512,0.1388
476,1031,1507,0.1388
475,1039,1514,0.1388
468,1045,1513,0.1388
476,1049,1525,0.1388
464,1052,1516,0.1388
463,1045,1508,0.1388
469,1051,1520,0.1388
474,1051,1525,0.1388
472,1040,1512,0.1388
470,1042,1512,0.1388
468,1036,1504,0.1388
470,1029,1499,0.1388
467,1046,1513,0.1388
472,1037,1509,0.1388
476,1040,1516,0.1388
480,1048,1528,0.1388
474,1050,1524,0.1388
472,1041,1513,0.1388
469,1039,1508,0.1388
471,1042,1513,0.1388
470,1033,1503,0.1388
466,1045,1511,0.1388
457,1053,1510,0.1388
451,1048,1499,0.1388
449,1056,1505,0.1388
449,1059,1508,0.1388
444,1066,1510,0.1388
446,1061,1507,0.1388
454,1061,1515,0.1388
454,1064,1518,0.1388
452,1057,1509,0.1388
444,1058,1502,0.1388
440,1052,1492,0.1388
443,1059,1502,0.1388
451,1058,1509,0.1388
452,1050,1502,0.1388
456,1054,1510,0.1388
462,1054,1516,0.1388
463,1053,1516,0.1388
463,1043,1506,0.1388
461,1060,1521,0.1388
457,1060,1517,0.1388
456,1057,1513,0.1388
452,1061,1513,0.1388
457,1060,1517,0.1388
458,1045,1503,0.1388
453,1044,1497,0.1388
450,1053,1503,0.1388
444,1068,1512,0.1388
442,1082,1524,0.1388
435,1085,1520,0.1388
438,1086,1524,0.1388
434,1088,1522,0.1388
427,1083,1510,0.1388
426,1064,1490,0.1388
432,1063,1495,0.1388
430,1064,1494,0.1388
433,1066,1499,0.1388
439,1065,1504,0.1388
439,1069,1508,0.1388
436,1063,1499,0.1388
443,1068,1511,0.1388
438,1074,1512,0.1388
439,1068,1507,0.1388
435,1078,1513,0.1388
428,1077,1505,0.1388
421,1083,1504,0.1388
421,1077,1498,0.1388
424,1077,1501,0.1388
422,1076,1498,0.1388
420,1076,1496,0.1388
422,1084,1506,0.1388
428,1080,1508,0.1388
429,1081,1510,0.1388
418,1082,1500,0.1388
425,1081,1506,0.1388
415,1098,1513,0.1388
412,1096,1508,0.1388
410,1101,1511,0.1388
410,1102,1512,0.1388
410,1096,1506,0.1388
410,1103,1513,0.1388
411,1105,1516,0.1388
404,1104,1508,0.1388
408,1107,1515,0.1388
408,1092,1500,0.1388
408,1099,1507,0.1388
405,1094,1499,0.1388
413,1094,1507,0.1388
409,1102,1511,0.1388
403,1109,1512,0.1388
410,1102,1512,0.1388
411,1106,1517,0.1388
410,1105,1515,0.1388
408,1118,1526,0.1388
409,1119,1528,0.1388
404,1122,1526,0.1388
400,1124,1524,0.1388
398,1119,1517,0.1388
393,1124,1517,0.1388
384,1129,1513,0.1388
378,1122,1500,0.1388
377,1122,1499,0.1388
391,1129,1520,0.1388
389,1129,1518,0.1388
390,1132,1522,0.1388
384,1134,1518,0.1388
374,1125,1499,0.1388
375,1125,1500,0.1388
376,1117,1493,0.1388
383,1127,1510,0.1388
388,1134,1522,0.1388
387,1124,1511,0.1388
390,1126,1516,0.1388
393,1123,1516,0.1388
386,1127,1513,0.1388
394,1127,1521,0.1388
388,1134,1522,0.1388
387,1129,1516,0.1388
381,1140,1521,0.1388
375,1139,1514,0.1388
373,1145,1518,0.1388
369,1138,1507,0.1388
373,1140,1513,0.1388
377,1137,1514,0.1388
378,1142,1520,0.1388
380,1138,1518,0.1388
372,1135,1507,0.1388
372,1137,1509,0.1388
370,1138,1508,0.1388
365,1134,1499,0.1388
364,1134,1498,0.1388
367,1129,1496,0.1388
360,1133,1493,0.1388
368,1145,1513,0.1388
363,1152,1515,0.1388
361,1144,1505,0.1388
371,1143,1514,0.1388
370,1139,1509,0.1388
369,1140,1509,0.1388
367,1140,1507,0.1388
366,1139,1505,0.1388
359,1142,1501,0.1388
363,1142,1505,0.1388
360,1141,1501,0.1388
365,1140,1505,0.1388
363,1137,1500,0.1388
358,1144,1502,0.1388
359,1149,1508,0.1388
361,1138,1499,0.1388
368,1139,1507,0.1388
358,1134,1492,0.1388
362,1141,1503,0.1388
369,1140,1509,0.1388
371,1142,1513,0.1388
364,1144,1508,0.1388
368,1141,1509,0.1388
360,1154,1514,0.1388
360,1148,1508,0.1388
359,1156,1515,0.1388
364,1148,1512,0.1388
364,1147,1511,0.1388
363,1149,1512,0.1388
362,1142,1504,0.1388
363,1147,1510,0.1388
370,1142,1512,0.1388
371,1143,1514,0.1388
372,1136,1508,0.1388
374,1140,1514,0.1388
376,1130,1506,0.1388
370,1135,1505,0.1388
365,1154,1519,0.1388
361,1144,1505,0.1388
352,1153,1505,0.1388
351,1151,1502,0.1388
354,1150,1504,0.1388
355,1161,1516,0.1388
350,1163,1513,0.1388
354,1165,1519,0.1388
356,1159,1515,0.1388
355,1155,1510,0.1388
363,1162,1525,0.1388
357,1169,1526,0.1388
356,1165,1521,0.1388
357,1170,1527,0.1388
362,1169,1531,0.1388
354,1170,1524,0.1388
356,1170,1526,0.1388
357,1169,1526,0.1388
361,1170,1531,0.1388
362,1168,1530,0.1388
359,1163,1522,0.1388
360,1155,1515,0.1388
368,1149,1517,0.1388
359,1150,1509,0.1388
360,1148,1508,0.1388
361,1149,1510,0.1388
355,1161,1516,0.1388
352,1159,1511,0.1388
347,1160,1507,0.1388
348,1159,1507,0.1388
349,1159,1508,0.1388
359,1158,1517,0.1388
358,1158,1516,0.1388
359,1146,1505,0.1388
358,1149,1507,0.1388
355,1160,1515,0.1388
353,1157,1510,0.1388
351,1169,1520,0.1388
348,1160,1508,0.1388
349,1173,1522,0.1388
345,1170,1515,0.1388
350,1167,1517,0.1388
343,1176,1519,0.1388
338,1159,1497,0.1388
339,1149,1488,0.1388
340,1155,1495,0.1388
344,1169,1513,0.1388
340,1176,1516,0.1388
337,1175,1512,0.1388
338,1172,1510,0.1388
336,1184,1520,0.1388
335,1180,1515,0.1388
335,1190,1525,0.1388
332,1184,1516,0.1388
331,1179,1510,0.1388
327,1181,1508,0.1388
331,1181,1512,0.1388
334,1186,1520,0.1388
332,1174,1506,0.1388
329,1183,1512,0.1388
328,1175,1503,0.1388
334,1173,1507,0.1388
333,1172,1505,0.1388
334,1174,1508,0.1388
333,1178,1511,0.1388
336,1178,1514,0.1388
329,1171,1500,0.1388
329,1169,1498,0.1388
331,1171,1502,0.1388
330,1188,1518,0.1388
325,1186,1511,0.1388
325,1175,1500,0.1388
324,1194,1518,0.1388
324,1191,1515,0.1388
322,1184,1506,0.1388
317,1184,1501,0.1388
320,1177,1497,0.1388
315,1196,1511,0.1388
316,1181,1497,0.1388
314,1184,1498,0.1388
318,1195,1513,0.1388
317,1193,1510,0.1388
318,1200,1518,0.1388
317,1215,1532,0.1388
315,1213,1528,0.1388
309,1222,1531,0.1388
312,1214,1526,0.1388
309,1220,1529,0.1388
303,1210,1513,0.1388
306,1214,1520,0.1388
304,1221,1525,0.1388
308,1221,1529,0.1388
301,1227,1528,0.1388
305,1221,1526,0.1388
304,1229,1533,0.1388
307,1225,1532,0.1388
307,1230,1537,0.1388
304,1219,1523,0.1388
300,1208,1508,0.1388
296,1213,1509,0.1388
295,1221,1516,0.1388
291,1229,1520,0.1388
291,1224,1515,0.1388
286,1222,1508,0.1388
281,1222,1503,0.1388
277,1216,1493,0.1388
283,1237,1520,0.1388
277,1242,1519,0.1388
271,1247,1518,0.1388
268,1249,1517,0.1388
270,1232,1502,0.1388
270,1235,1505,0.1388
271,1240,1511,0.1388
267,1247,1514,0.1388
269,1239,1508,0.1388
271,1245,1516,0.1388
270,1241,1511,0.1388
275,1251,1526,0.1388
276,1248,1524,0.1388
276,1236,1512,0.1388
280,1244,1524,0.1388
281,1234,1515,0.1388
285,1223,1508,0.1388
280,1240,1520,0.1388
284,1240,1524,0.1388
279,1242,1521,0.1388
280,1239,1519,0.1388
276,1240,1516,0.1388
277,1229,1506,0.1388
272,1224,1496,0.1388
267,1220,1487,0.1388
270,1226,1496,0.1388
268,1227,1495,0.1388
268,1233,1501,0.1388
264,1238,1502,0.1388
271,1244,1515,0.1388
270,1240,1510,0.1388
263,1237,1500,0.1388
267,1236,1503,0.1388
265,1243,1508,0.1388
266,1242,1508,0.1388
270,1248,1518,0.1388
275,1250,1525,0.1388
265,1237,1502,0.1388
265,1244,1509,0.1388
269,1241,1510,0.1388
275,1236,1511,0.1388
274,1233,1507,0.1388
270,1239,1509,0.1388
270,1249,1519,0.1388
265,1259,1524,0.1388
261,1258,1519,0.1388
260,1252,1512,0.1388
260,1242,1502,0.1388
263,1235,1498,0.1388
265,1244,1509,0.1388
267,1253,1520,0.1388
264,1241,1505,0.1388
268,1251,1519,0.1388
262,1246,1508,0.1388
264,1255,1519,0.1388
264,1255,1519,0.1388
259,1267,1526,0.1388
257,1264,1521,0.1388
256,1258,1514,0.1388
254,1264,1518,0.1388
253,1264,1517,0.1388
257,1271,1528,0.1388
260,1261,1521,0.1388
257,1253,1510,0.1388
260,1255,1515,0.1388
260,1257,1517,0.1388
258,1256,1514,0.1388
256,1253,1509,0.1388
257,1258,1515,0.1388
255,1259,1514,0.1388
252,1250,1502,0.1388
257,1263,1520,0.1388
255,1246,1501,0.1388
257,1251,1508,0.1388
257,1266,1523,0.1388
254,1251,1505,0.1388
250,1250,1500,0.1388
248,1263,1511,0.1388
244,1269,1513,0.1388
244,1257,1501,0.1388
246,1262,1508,0.1388
240,1277,1517,0.1388
240,1275,1515,0.1388
243,1273,1516,0.1388
242,1284,1526,0.1388
240,1281,1521,0.1388
237,1281,1518,0.1388
236,1272,1508,0.1388
230,1290,1520,0.1388
233,1295,1528,0.1388
235,1288,1523,0.1388
230,1281,1511,0.1388
225,1286,1511,0.1388
220,1288,1508,0.1388
224,1295,1519,0.1388
228,1283,1511,0.1388
231,1276,1507,0.1388
230,1268,1498,0.1388
236,1280,1516,0.1388
234,1288,1522,0.1388
230,1299,1529,0.1388
225,1287,1512,0.1388
223,1279,1502,0.1388
225,1278,1503,0.1388
221,1280,1501,0.1388
222,1290,1512,0.1388
227,1283,1510,0.1388
222,1287,1509,0.1388
223,1290,1513,0.1388
225,1283,1508,0.1388
229,1288,1517,0.1388
231,1280,1511,0.1388
231,1287,1518,0.1388
232,1282,1514,0.1388
230,1289,1519,0.1388
232,1286,1518,0.1388
231,1287,1518,0.1388
225,1286,1511,0.1388
225,1280,1505,0.1388
234,1289,1523,0.1388
231,1287,1518,0.1388
231,1273,1504,0.1388
235,1282,1517,0.1388
231,1281,1512,0.1388
230,1278,1508,0.1388
230,1283,1513,0.1388
223,1280,1503,0.1388
226,1278,1504,0.1388
225,1288,1513,0.1388
226,1282,1508,0.1388
228,1279,1507,0.1388
227,1277,1504,0.1388
226,1281,1507,0.1388
224,1283,1507,0.1388
218,1289,1507,0.1388
216,1282,1498,0.1388
216,1298,1514,0.1388
214,1286,1500,0.1388
214,1288,1502,0.1388
206,1296,1502,0.1388
199,1293,1492,0.1388
205,1299,1504,0.1388
206,1293,1499,0.1388
205,1302,1507,0.1388
205,1295,1500,0.1388
197,1309,1506,0.1388
198,1313,1511,0.1388
199,1315,1514,0.1388
198,1325,1523,0.1388
198,1321,1519,0.1388
200,1305,1505,0.1388
200,1306,1506,0.1388
204,1302,1506,0.1388
207,1315,1522,0.1388
204,1333,1537,0.1388
207,1331,1538,0.1388
206,1323,1529,0.1388
204,1319,1523,0.1388
201,1329,1530,0.1388
194,1317,1511,0.1388
194,1313,1507,0.1388
194,1311,1505,0.1388
190,1313,1503,0.1388
191,1322,1513,0.1388
193,1315,1508,0.1388
196,1310,1506,0.1388
200,1318,1518,0.1388
198,1320,1518,0.1388
198,1320,1518,0.1388
200,1319,1519,0.1388
200,1313,1513,0.1388
202,1318,1520,0.1388
200,1324,1524,0.1388
192,1322,1514,0.1388
194,1314,1508,0.1388
195,1316,1511,0.1388
192,1327,1519,0.1388
193,1330,1523,0.1388
188,1315,1503,0.1388
189,1323,1512,0.1388
183,1314,1497,0.1388
186,1327,1513,0.1388
190,1326,1516,0.1388
188,1329,1517,0.1388
186,1338,1524,0.1388
184,1330,1514,0.1388
186,1327,1513,0.1388
186,1328,1514,0.1388
186,1312,1498,0.1388
189,1321,1510,0.1388
189,1309,1498,0.1388
187,1317,1504,0.1388
188,1324,1512,0.1388
185,1326,1511,0.1388
187,1320,1507,0.1388
186,1326,1512,0.1388
183,1333,1516,0.1388
182,1323,1505,0.1388
183,1333,1516,0.1388
182,1321,1503,0.1388
181,1330,1511,0.1388
180,1323,1503,0.1388
176,1320,1496,0.1388
175,1331,1506,0.1388
171,1331,1502,0.1388
174,1335,1509,0.1388
174,1346,1520,0.1388
174,1353,1527,0.1388
171,1337,1508,0.1388
168,1334,1502,0.1388
171,1335,1506,0.1388
167,1341,1508,0.1388
165,1338,1503,0.1388
165,1335,1500,0.1388
169,1334,1503,0.1388
173,1352,1525,0.1388
175,1359,1534,0.1388
176,1359,1535,0.1388
177,1361,1538,0.1388
175,1347,1522,0.1388
178,1337,1515,0.1388
174,1342,1516,0.1388
168,1325,1493,0.1388
161,1347,1508,0.1388
162,1351,1513,0.1388
163,1342,1505,0.1388
166,1330,1496,0.1388
167,1334,1501,0.1388
166,1350,1516,0.1388
164,1339,1503,0.1388
167,1349,1516,0.1388
167,1355,1522,0.1388
168,1353,1521,0.1388
164,1355,1519,0.1388
164,1340,1504,0.1388
161,1343,1504,0.1388
164,1348,1512,0.1388
163,1339,1502,0.1388
163,1351,1514,0.1388
165,1364,1529,0.1388
165,1359,1524,0.1388
165,1353,1518,0.1388
158,1360,1518,0.1388
159,1353,1512,0.1388
160,1352,1512,0.1388
159,1356,1515,0.1388
154,1348,1502,0.1388
154,1344,1498,0.1388
150,1346,1496,0.1388
151,1344,1495,0.1388
153,1346,1499,0.1388
154,1354,1508,0.1388
149,1353,1502,0.1388
151,1354,1505,0.1388
145,1364,1509,0.1388
149,1369,1518,0.1388
148,1373,1521,0.1388
150,1369,1519,0.1388
150,1376,1526,0.1388
145,1368,1513,0.1388
145,1382,1527,0.1388
149,1384,1533,0.1388
148,1375,1523,0.1388
143,1364,1507,0.1388
144,1370,1514,0.1388
145,1378,1523,0.1388
142,1386,1528,0.1388
140,1373,1513,0.1388
142,1391,1533,0.1388
139,1391,1530,0.1388
137,1395,1532,0.1388
137,1381,1518,0.1388
134,1382,1516,0.1388
134,1380,1514,0.1388
129,1372,1501,0.1388
132,1373,1505,0.1388
129,1374,1503,0.1388
133,1373,1506,0.1388
131,1375,1506,0.1388
129,1368,1497,0.1388
126,1387,1513,0.1388
126,1386,1512,0.1388
125,1383,1508,0.1388
124,1392,1516,0.1388
127,1395,1522,0.1388
125,1389,1514,0.1388
124,1379,1503,0.1388
122,1374,1496,0.1388
119,1381,1500,0.1388
122,1380,1502,0.1388
122,1380,1502,0.1388
121,1391,1512,0.1388
123,1397,1520,0.1388
127,1385,1512,0.1388
124,1378,1502,0.1388
121,1389,1510,0.1388
119,1395,1514,0.1388
119,1388,1507,0.1388
115,1400,1515,0.1388
116,1386,1502,0.1388
122,1388,1510,0.1388
121,1385,1506,0.1388
122,1386,1508,0.1388
120,1388,1508,0.1388
121,1390,1511,0.1388
118,1385,1503,0.1388
119,1382,1501,0.1388
119,1370,1489,0.1388
119,1387,1506,0.1388
117,1393,1510,0.1388
121,1397,1518,0.1388
121,1398,1519,0.1388
124,1402,1526,0.1388
124,1383,1507,0.1388
124,1376,1500,0.1388
126,1374,1500,0.1388
123,1386,1509,0.1388
124,1382,1506,0.1388
121,1395,1516,0.1388
116,1400,1516,0.1388
111,1397,1508,0.1388
113,1400,1513,0.1388
112,1393,1505,0.1388
110,1394,1504,0.1388
113,1389,1502,0.1388
117,1392,1509,0.1388
119,1396,1515,0.1388
116,1384,1500,0.1388
118,1390,1508,0.1388
117,1396,1513,0.1388
111,1399,1510,0.1388
115,1394,1509,0.1388
113,1404,1517,0.1388
113,1390,1503,0.1388
114,1389,1503,0.1388
114,1395,1509,0.1388
117,1391,1508,0.1388
115,1393,1508,0.1388
117,1380,1497,0.1388
117,1382,1499,0.1388
118,1388,1506,0.1388
118,1378,1496,0.1388
120,1386,1506,0.1388
120,1382,1502,0.1388
120,1373,1493,0.1388
116,1369,1485,0.1388
115,1388,1503,0.1388
117,1397,1514,0.1388
112,1404,1516,0.1388
115,1389,1504,0.1388
118,1403,1521,0.1388
118,1401,1519,0.1388
121,1388,1509,0.1388
120,1400,1520,0.1388
120,1401,1521,0.1388
124,1388,1512,0.1388
124,1383,1507,0.1388
122,1377,1499,0.1388
119,1394,1513,0.1388
119,1395,1514,0.1388
119,1397,1516,0.1388
117,1395,1512,0.1388
118,1396,1514,0.1388
120,1391,1511,0.1388
117,1397,1514,0.1388
118,1406,1524,0.1388
116,1404,1520,0.1388
117,1406,1523,0.1388
116,1405,1521,0.1388
116,1393,1509,0.1388
119,1400,1519,0.1388
118,1399,1517,0.1388
119,1393,1512,0.1388
120,1393,1513,0.1388
119,1391,1510,0.1388
114,1401,1515,0.1388
115,1410,1525,0.1388
111,1395,1506,0.1388
110,1393,1503,0.1388
110,1380,1490,0.1388
108,1383,1491,0.1388
112,1389,1501,0.1388
113,1388,1501,0.1388
115,1383,1498,0.1388
117,1394,1511,0.1388
118,1387,1505,0.1388
118,1387,1505,0.1388
122,1396,1518,0.1388
126,1393,1519,0.1388
127,1386,1513,0.1388
125,1397,1522,0.1388
126,1398,1524,0.1388
125,1395,1520,0.1388
124,1399,1523,0.1388
127,1398,1525,0.1388
128,1395,1523,0.1388
130,1395,1525,0.1388
131,1386,1517,0.1388
133,1389,1522,0.1388
132,1394,1526,0.1388
128,1390,1518,0.1388
128,1396,1524,0.1388
128,1395,1523,0.1388
127,1398,1525,0.1388
125,1400,1525,0.1388
128,1393,1521,0.1388
125,1386,1511,0.1388
124,1384,1508,0.1388
122,1379,1501,0.1388
123,1372,1495,0.1388
122,1384,1506,0.1388
125,1379,1504,0.1388
128,1387,1515,0.1388
126,1399,1525,0.1388
129,1393,1522,0.1388
127,1395,1522,0.1388
128,1388,1516,0.1388
130,1394,1524,0.1388
133,1386,1519,0.1388
133,1376,1509,0.1388
126,1381,1507,0.1388
124,1393,1517,0.1388
125,1398,1523,0.1388
121,1392,1513,0.1388
118,1380,1498,0.1388
119,1380,1499,0.1388
118,1378,1496,0.1388
118,1390,1508,0.1388
117,1385,1502,0.1388
115,1394,1509,0.1388
116,1410,1526,0.1388
116,1414,1530,0.1388
111,1404,1515,0.1388
114,1405,1519,0.1388
113,1418,1531,0.1388
116,1418,1534,0.1388
116,1410,1526,0.1388
115,1405,1520,0.1388
115,1392,1507,0.1388
113,1393,1506,0.1388
115,1397,1512,0.1388
114,1389,1503,0.1388
114,1398,1512,0.1388
113,1402,1515,0.1388
109,1393,1502,0.1388
112,1391,1503,0.1388
116,1393,1509,0.1388
113,1397,1510,0.1388
111,1404,1515,0.1388
111,1406,1517,0.1388
113,1406,1519,0.1388
109,1411,1520,0.1388
110,1414,1524,0.1388
109,1411,1520,0.1388
109,1410,1519,0.1388
112,1393,1505,0.1388
109,1402,1511,0.1388
108,1404,1512,0.1388
110,1402,1512,0.1388
106,1414,1520,0.1388
105,1403,1508,0.1388
104,1412,1516,0.1388
104,1414,1518,0.1388
102,1416,1518,0.1388
102,1418,1520,0.1388
101,1420,1521,0.1388
101,1419,1520,0.1388
100,1429,1529,0.1388
98,1429,1527,0.1388
96,1425,1521,0.1388
98,1425,1523,0.1388
98,1419,1517,0.1388
95,1406,1501,0.1388
95,1409,1504,0.1388
91,1418,1509,0.1388
92,1415,1507,0.1388
90,1417,1507,0.1388
88,1411,1499,0.1388
90,1428,1518,0.1388
90,1428,1518,0.1388
90,1436,1526,0.1388
93,1429,1522,0.1388
88,1412,1500,0.1388
87,1408,1495,0.1388
88,1422,1510,0.1388
88,1420,1508,0.1388
91,1427,1518,0.1388
86,1431,1517,0.1388
88,1427,1515,0.1388
85,1427,1512,0.1388
84,1418,1502,0.1388
81,1416,1497,0.1388
81,1415,1496,0.1388
79,1424,1503,0.1388
82,1434,1516,0.1388
83,1441,1524,0.1388
77,1436,1513,0.1388
76,1440,1516,0.1388
75,1447,1522,0.1388
77,1449,1526,0.1388
78,1456,1534,0.1388
75,1460,1535,0.1388
74,1453,1527,0.1388
73,1464,1537,0.1388
76,1464,1540,0.1388
74,1455,1529,0.1388
73,1458,1531,0.1388
75,1453,1528,0.1388
76,1450,1526,0.1388
74,1449,1523,0.1388
75,1460,1535,0.1388
74,1456,1530,0.1388
69,1456,1525,0.1388
67,1462,1529,0.1388
65,1462,1527,0.1388
64,1449,1513,0.1388
64,1447,1511,0.1388
63,1438,1501,0.1388
64,1448,1512,0.1388
65,1439,1504,0.1388
64,1449,1513,0.1388
64,1456,1520,0.1388
63,1464,1527,0.1388
65,1457,1522,0.1388
64,1448,1512,0.1388
66,1443,1509,0.1388
70,1433,1503,0.1388
71,1447,1518,0.1388
70,1445,1515,0.1388
68,1450,1518,0.1388
67,1446,1513,0.1388
66,1449,1515,0.1388
64,1446,1510,0.1388
65,1452,1517,0.1388
64,1454,1518,0.1388
63,1444,1507,0.1388
61,1453,1514,0.1388
60,1447,1507,0.1388
61,1447,1508,0.1388
61,1453,1514,0.1388
61,1445,1506,0.1388
62,1454,1516,0.1388
61,1456,1517,0.1388
60,1450,1510,0.1388
57,1460,1517,0.1388
57,1480,1537,0.1388
55,1466,1521,0.1388
55,1458,1513,0.1388
54,1470,1524,0.1388
52,1466,1518,0.1388
56,1469,1525,0.1388
57,1457,1514,0.1388
53,1462,1515,0.1388
53,1462,1515,0.1388
52,1459,1511,0.1388
52,1464,1516,0.1388
58,1467,1525,0.1388
58,1468,1526,0.1388
56,1467,1523,0.1388
61,1465,1526,0.1388
59,1460,1519,0.1388
58,1463,1521,0.1388
61,1453,1514,0.1388
54,1456,1510,0.1388
54,1460,1514,0.1388
52,1463,1515,0.1388
51,1457,1508,0.1388
51,1445,1496,0.1388
48,1456,1504,0.1388
51,1453,1504,0.1388
52,1464,1516,0.1388
50,1467,1517,0.1388
50,1461,1511,0.1388
49,1463,1512,0.1388
48,1468,1516,0.1388
47,1459,1506,0.1388
45,1452,1497,0.1388
45,1461,1506,0.1388
45,1454,1499,0.1388
45,1465,1510,0.1388
45,1478,1523,0.1388
47,1483,1530,0.1388
47,1478,1525,0.1388
45,1465,1510,0.1388
45,1460,1505,0.1388
45,1462,1507,0.1388
46,1463,1509,0.1388
46,1460,1506,0.1388
44,1465,1509,0.1388
44,1477,1521,0.1388
42,1472,1514,0.1388
43,1475,1518,0.1388
44,1469,1513,0.1388
43,1468,1511,0.1388
42,1459,1501,0.1388
40,1457,1497,0.1388
37,1466,1503,0.1388
37,1464,1501,0.1388
39,1470,1509,0.1388
38,1482,1520,0.1388
39,1459,1498,0.1388
37,1465,1502,0.1388
37,1478,1515,0.1388
39,1471,1510,0.1388
39,1475,1514,0.1388
35,1481,1516,0.1388
34,1476,1510,0.1388
35,1478,1513,0.1388
36,1477,1513,0.1388
33,1485,1518,0.1388
34,1499,1533,0.1388
33,1491,1524,0.1388
34,1493,1527,0.1388
34,1488,1522,0.1388
34,1494,1528,0.1388
33,1496,1529,0.1388
33,1493,1526,0.1388
33,1489,1522,0.1388
32,1477,1509,0.1388
30,1485,1515,0.1388
30,1493,1523,0.1388
33,1490,1523,0.1388
33,1488,1521,0.1388
34,1474,1508,0.1388
34,1474,1508,0.1388
33,1477,1510,0.1388
32,1488,1520,0.1388
34,1491,1525,0.1388
33,1484,1517,0.1388
34,1483,1517,0.1388
32,1482,1514,0.1388
32,1484,1516,0.1388
35,1484,1519,0.1388
36,1486,1522,0.1388
35,1483,1518,0.1388
34,1490,1524,0.1388
35,1490,1525,0.1388
37,1475,1512,0.1388
37,1467,1504,0.1388
37,1464,1501,0.1388
36,1453,1489,0.1388
34,1458,1492,0.1388
34,1474,1508,0.1388
35,1470,1505,0.1388
34,1463,1497,0.1388
34,1476,1510,0.1388
34,1491,1525,0.1388
34,1489,1523,0.1388
34,1480,1514,0.1388
35,1476,1511,0.1388
35,1475,1510,0.1388
33,1476,1509,0.1388
33,1481,1514,0.1388
34,1480,1514,0.1388
31,1492,1523,0.1388
30,1476,1506,0.1388
30,1489,1519,0.1388
28,1483,1511,0.1388
28,1502,1530,0.1388
26,1500,1526,0.1388
26,1497,1523,0.1388
27,1491,1518,0.1388
28,1495,1523,0.1388
27,1503,1530,0.1388
25,1508,1533,0.1388
24,1493,1517,0.1388
24,1499,1523,0.1388
25,1508,1533,0.1388
25,1493,1518,0.1388
26,1483,1509,0.1388
26,1479,1505,0.1388
27,1491,1518,0.1388
28,1492,1520,0.1388
26,1493,1519,0.1388
26,1488,1514,0.1388
25,1483,1508,0.1388
26,1493,1519,0.1388
27,1494,1521,0.1388
26,1504,1530,0.1388
25,1490,1515,0.1388
24,1492,1516,0.1388
26,1494,1520,0.1388
27,1488,1515,0.1388
27,1482,1509,0.1388
26,1477,1503,0.1388
25,1482,1507,0.1388
26,1488,1514,0.1388
28,1489,1517,0.1388
29,1495,1524,0.1388
31,1493,1524,0.1388
30,1490,1520,0.1388
30,1492,1522,0.1388
31,1493,1524,0.1388
30,1494,1524,0.1388
31,1484,1515,0.1388
33,1479,1512,0.1388
32,1487,1519,0.1388
31,1496,1527,0.1388
31,1488,1519,0.1388
31,1483,1514,0.1388
33,1487,1520,0.1388
32,1481,1513,0.1388
31,1484,1515,0.1388
31,1492,1523,0.1388
31,1498,1529,0.1388
31,1505,1536,0.1388
30,1502,1532,0.1388
31,1484,1515,0.1388
31,1482,1513,0.1388
32,1487,1519,0.1388
32,1484,1516,0.1388
32,1473,1505,0.1388
30,1480,1510,0.1388
30,1481,1511,0.1388
33,1482,1515,0.1388
33,1479,1512,0.1388
33,1486,1519,0.1388
34,1498,1532,0.1388
35,1488,1523,0.1388
37,1478,1515,0.1388
40,1468,1508,0.1388
38,1477,1515,0.1388
38,1475,1513,0.1388
36,1457,1493,0.1388
35,1473,1508,0.1388
36,1470,1506,0.1388
36,1469,1505,0.1388
35,1477,1512,0.1388
34,1487,1521,0.1388
34,1484,1518,0.1388
34,1482,1516,0.1388
34,1496,1530,0.1388
35,1484,1519,0.1388
34,1497,1531,0.1388
35,1494,1529,0.1388
36,1494,1530,0.1388
36,1498,1534,0.1388
35,1487,1522,0.1388
32,1484,1516,0.1388
31,1495,1526,0.1388
33,1488,1521,0.1388
34,1484,1518,0.1388
35,1483,1518,0.1388
37,1484,1521,0.1388
35,1481,1516,0.1388
34,1480,1514,0.1388
34,1488,1522,0.1388
34,1483,1517,0.1388
34,1494,1528,0.1388
32,1494,1526,0.1388
33,1483,1516,0.1388
33,1491,1524,0.1388
33,1472,1505,0.1388
33,1464,1497,0.1388
32,1470,1502,0.1388
32,1483,1515,0.1388
32,1495,1527,0.1388
31,1498,1529,0.1388
31,1506,1537,0.1388
30,1501,1531,0.1388
31,1497,1528,0.1388
31,1493,1524,0.1388
30,1481,1511,0.1388
29,1487,1516,0.1388
28,1487,1515,0.1388
27,1486,1513,0.1388
27,1487,1514,0.1388
27,1489,1516,0.1388
27,1498,1525,0.1388
27,1488,1515,0.1388
27,1499,1526,0.1388
27,1486,1513,0.1388
26,1482,1508,0.1388
25,1488,1513,0.1388
27,1479,1506,0.1388
29,1478,1507,0.1388
29,1485,1514,0.1388
30,1481,1511,0.1388
31,1486,1517,0.1388
30,1493,1523,0.1388
30,1498,1528,0.1388
29,1502,1531,0.1388
28,1485,1513,0.1388
28,1492,1520,0.1388
29,1502,1531,0.1388
30,1503,1533,0.1388
29,1495,1524,0.1388
29,1484,1513,0.1388
29,1489,1518,0.1388
27,1492,1519,0.1388
26,1489,1515,0.1388
26,1484,1510,0.1388
26,1480,1506,0.1388
27,1473,1500,0.1388
28,1499,1527,0.1388
29,1495,1524,0.1388
30,1490,1520,0.1388
30,1478,1508,0.1388
30,1478,1508,0.1388
30,1488,1518,0.1388
30,1484,1514,0.1388
29,1482,1511,0.1388
29,1482,1511,0.1388
29,1481,1510,0.1388
29,1481,1510,0.1388
27,1476,1503,0.1388
25,1493,1518,0.1388
25,1490,1515,0.1388
24,1495,1519,0.1388
23,1493,1516,0.1388
27,1491,1518,0.1388
27,1482,1509,0.1388
27,1480,1507,0.1388
27,1483,1510,0.1388
27,1467,1494,0.1388
25,1459,1484,0.1388
25,1474,1499,0.1388
27,1464,1491,0.1388
27,1470,1497,0.1388
27,1481,1508,0.1388
25,1470,1495,0.1388
26,1480,1506,0.1388
25,1477,1502,0.1388
24,1476,1500,0.1388
24,1482,1506,0.1388
23,1490,1513,0.1388
24,1488,1512,0.1388
25,1499,1524,0.1388
25,1510,1535,0.1388
24,1501,1525,0.1388
22,1504,1526,0.1388
22,1497,1519,0.1388
21,1480,1501,0.1388
20,1486,1506,0.1388
19,1484,1503,0.1388
19,1494,1513,0.1388
18,1489,1507,0.1388
17,1488,1505,0.1388
17,1491,1508,0.1388
17,1499,1516,0.1388
17,1485,1502,0.1388
17,1483,1500,0.1388
17,1485,1502,0.1388
17,1503,1520,0.1388
16,1505,1521,0.1388
14,1485,1499,0.1388
14,1492,1506,0.1388
13,1510,1523,0.1388
13,1514,1527,0.1388
14,1503,1517,0.1388
11,1508,1519,0.1388
11,1506,1517,0.1388
12,1507,1519,0.1388
13,1513,1526,0.1388
13,1504,1517,0.1388
13,1503,1516,0.1388
13,1516,1529,0.1388
12,1511,1523,0.1388
12,1506,1518,0.1388
12,1505,1517,0.1388
12,1505,1517,0.1388
12,1505,1517,0.1388
12,1510,1522,0.1388
10,1518,1528,0.1388
11,1493,1504,0.1388
11,1506,1517,0.1388
11,1510,1521,0.1388
10,1525,1535,0.1388
10,1532,1542,0.1388
10,1516,1526,0.1388
10,1517,1527,0.1388
9,1507,1516,0.1388
9,1511,1520,0.1388
9,1504,1513,0.1388
9,1498,1507,0.1388
10,1506,1516,0.1388
9,1510,1519,0.1388
9,1512,1521,0.1388
8,1503,1511,0.1388
9,1516,1525,0.1388
9,1514,1523,0.1388
9,1504,1513,0.1388
9,1503,1512,0.1388
9,1513,1522,0.1388
9,1503,1512,0.1388
9,1510,1519,0.1388
10,1521,1531,0.1388
10,1524,1534,0.1388
10,1514,1524,0.1388
10,1516,1526,0.1388
9,1503,1512,0.1388
9,1504,1513,0.1388
10,1505,1515,0.1388
10,1513,1523,0.1388
10,1512,1522,0.1388
10,1504,1514,0.1388
10,1501,1511,0.1388
10,1505,1515,0.1388
8,1498,1506,0.1388
8,1499,1507,0.1388
6,1498,1504,0.1388
6,1491,1497,0.1388
6,1498,1504,0.1388
5,1507,1512,0.1388
5,1510,1515,0.1388
6,1504,1510,0.1388
7,1495,1502,0.1388
6,1506,1512,0.1388
6,1517,1523,0.1388
4,1520,1524,0.1388
4,1519,1523,0.1388
3,1516,1519,0.1388
3,1509,1512,0.1388
3,1498,1501,0.1388
3,1498,1501,0.1388
3,1504,1507,0.1388
4,1511,1515,0.1388
4,1512,1516,0.1388
4,1506,1510,0.1388
4,1507,1511,0.1388
4,1514,1518,0.1388
4,1515,1519,0.1388
4,1503,1507,0.1388
4,1517,1521,0.1388
4,1515,1519,0.1388
4,1529,1533,0.1388
4,1513,1517,0.1388
4,1513,1517,0.1388
4,1510,1514,0.1388
4,1508,1512,0.1388
4,1506,1510,0.1388
4,1518,1522,0.1388
4,1516,1520,0.1388
4,1512,1516,0.1388
4,1507,1511,0.1388
4,1513,1517,0.1388
3,1518,1521,0.1388
3,1524,1527,0.1388
3,1520,1523,0.1388
3,1521,1524,0.1388
3,1520,1523,0.1388
3,1518,1521,0.1388
3,1504,1507,0.1388
3,1527,1530,0.1388
3,1537,1540,0.1388
4,1530,1534,0.1388
4,1535,1539,0.1388
4,1524,1528,0.1388
4,1522,1526,0.1388
3,1525,1528,0.1388
3,1522,1525,0.1388
3,1533,1536,0.1388
3,1526,1529,0.1388
3,1522,1525,0.1388
3,1520,1523,0.1388
3,1510,1513,0.1388
3,1499,1502,0.1388
3,1499,1502,0.1388
3,1510,1513,0.1388
3,1506,1509,0.1388
2,1511,1513,0.1388
2,1507,1509,0.1388
2,1509,1511,0.1388
2,1513,1515,0.1388
2,1515,1517,0.1388
2,1507,1509,0.1388
2,1519,1521,0.1388
2,1517,1519,0.1388
2,1522,1524,0.1388
2,1528,1530,0.1388
2,1523,1525,0.1388
2,1508,1510,0.1388
2,1504,1506,0.1388
2,1525,1527,0.1388
2,1530,1532,0.1388
2,1517,1519,0.1388
2,1517,1519,0.1388
2,1509,1511,0.1388
2,1503,1505,0.1388
2,1503,1505,0.1388
2,1509,1511,0.1388
2,1516,1518,0.1388
2,1510,1512,0.1388
2,1513,1515,0.1388
2,1520,1522,0.1388
2,1522,1524,0.1388
2,1513,1515,0.1388
2,1503,1505,0.1388
1,1522,1523,0.1388
2,1509,1511,0.1388
2,1511,1513,0.1388
2,1521,1523,0.1388
2,1513,1515,0.1388
2,1535,1537,0.1388
1,1534,1535,0.1388
1,1537,1538,0.1388
1,1528,1529,0.1388
1,1518,1519,0.1388
1,1513,1514,0.1388
1,1524,1525,0.1388
1,1521,1522,0.1388
1,1521,1522,0.1388
1,1516,1517,0.1388
1,1521,1522,0.1388
1,1520,1521,0.1388
1,1526,1527,0.1388
1,1519,1520,0.1388
1,1516,1517,0.1388
1,1510,1511,0.1388
1,1521,1522,0.1388
1,1530,1531,0.1388
1,1521,1522,0.1388
1,1517,1518,0.1388
1,1512,1513,0.1388
1,1512,1513,0.1388
1,1521,1522,0.1388
1,1514,1515,0.1388
1,1504,1505,0.1388
1,1502,1503,0.1388
1,1507,1508,0.1388
1,1512,1513,0.1388
1,1506,1507,0.1388
1,1514,1515,0.1388
1,1527,1528,0.1388
1,1528,1529,0.1388
1,1519,1520,0.1388
1,1513,1514,0.1388
1,1507,1508,0.1388
1,1513,1514,0.1388
1,1509,1510,0.1388
1,1514,1515,0.1388
1,1514,1515,0.1388
1,1517,1518,0.1388
1,1526,1527,0.1388
2,1527,1529,0.1388
2,1542,1544,0.1388
1,1538,1539,0.1388
1,1517,1518,0.1388
1,1515,1516,0.1388
1,1504,1505,0.1388
1,1511,1512,0.1388
1,1514,1515,0.1388
1,1516,1517,0.1388
1,1513,1514,0.1388
1,1520,1521,0.1388
1,1512,1513,0.1388
1,1515,1516,0.1388
1,1504,1505,0.1388
1,1517,1518,0.1388
1,1519,1520,0.1388
1,1506,1507,0.1388
1,1527,1528,0.1388
1,1530,1531,0.1388
1,1529,1530,0.1388
1,1540,1541,0.1388
1,1540,1541,0.1388
1,1515,1516,0.1388
1,1502,1503,0.1388
1,1498,1499,0.1388
1,1503,1504,0.1388
1,1513,1514,0.1388
1,1506,1507,0.1388
1,1518,1519,0.1388
2,1520,1522,0.1388
2,1510,1512,0.1388
2,1512,1514,0.1388
2,1516,1518,0.1388
2,1513,1515,0.1388
1,1519,1520,0.1388
1,1528,1529,0.1388
1,1530,1531,0.1388
1,1525,1526,0.1388
1,1524,1525,0.1388
1,1527,1528,0.1388
1,1523,1524,0.1388
1,1507,1508,0.1388
1,1516,1517,0.1388
1,1526,1527,0.1388
1,1517,1518,0.1388
1,1529,1530,0.1388
1,1533,1534,0.1388
1,1523,1524,0.1388
1,1523,1524,0.1388
1,1525,1526,0.1388
1,1522,1523,0.1388
1,1520,1521,0.1388
1,1517,1518,0.1388
1,1519,1520,0.1388
1,1517,1518,0.1388
1,1514,1515,0.1388
1,1524,1525,0.1388
1,1515,1516,0.1388
1,1512,1513,0.1388
1,1533,1534,0.1388
1,1525,1526,0.1388
1,1524,1525,0.1388
1,1518,1519,0.1388
1,1516,1517,0.1388
1,1528,1529,0.1388
1,1517,1518,0.1388
1,1505,1506,0.1388
1,1494,1495,0.1388
1,1515,1516,0.1388
1,1503,1504,0.1388
1,1514,1515,0.1388
1,1517,1518,0.1388
1,1520,1521,0.1388
1,1533,1534,0.1388
1,1531,1532,0.1388
1,1529,1530,0.1388
1,1520,1521,0.1388
1,1540,1541,0.1388
1,1534,1535,0.1388
1,1537,1538,0.1388
1,1528,1529,0.1388
1,1518,1519,0.1388
1,1523,1524,0.1388
1,1528,1529,0.1388
1,1515,1516,0.1388
1,1518,1519,0.1388
1,1522,1523,0.1388
1,1527,1528,0.1388
1,1512,1513,0.1388
0,1507,1507,0.1388
