1369,30,1399,0.1388
1408,32,1440,0.1388
1430,32,1462,0.1388
1431,30,1461,0.1388
1449,30,1479,0.1388
1463,28,1491,0.1388
1460,29,1489,0.1388
1470,28,1498,0.1388
1461,28,1489,0.1388
1469,27,1496,0.1388
1463,26,1489,0.1388
1453,27,1480,0.1388
1459,26,1485,0.1388
1475,27,1502,0.1388
1470,30,1500,0.1388
1475,31,1506,0.1388
1477,31,1508,0.1388
1466,32,1498,0.1388
1459,34,1493,0.1388
1460,36,1496,0.1388
1462,37,1499,0.1388
1469,36,1505,0.1388
1465,37,1502,0.1388
1462,38,1500,0.1388
1458,38,1496,0.1388
1456,38,1494,0.1388
1430,39,1469,0.1388
1427,41,1468,0.1388
1443,40,1483,0.1388
1444,43,1487,0.1388
1454,45,1499,0.1388
1460,42,1502,0.1388
1457,42,1499,0.1388
1451,40,1491,0.1388
1440,40,1480,0.1388
1441,38,1479,0.1388
1455,38,1493,0.1388
1450,37,1487,0.1388
1444,38,1482,0.1388
1440,45,1485,0.1388
1441,47,1488,0.1388
1443,47,1490,0.1388
1438,45,1483,0.1388
1426,48,1474,0.1388
1431,51,1482,0.1388
1441,51,1492,0.1388
1454,49,1503,0.1388
1450,50,1500,0.1388
1449,50,1499,0.1388
1436,50,1486,0.1388
1451,47,1498,0.1388
1459,50,1509,0.1388
1462,49,1511,0.1388
1450,50,1500,0.1388
1452,49,1501,0.1388
1447,48,1495,0.1388
1437,51,1488,0.1388
1428,51,1479,0.1388
1424,52,1476,0.1388
1434,51,1485,0.1388
1438,50,1488,0.1388
1439,51,1490,0.1388
1428,50,1478,0.1388
1443,51,1494,0.1388
1444,50,1494,0.1388
1449,50,1499,0.1388
1438,48,1486,0.1388
1449,49,1498,0.1388
1456,50,1506,0.1388
1452,52,1504,0.1388
1441,52,1493,0.1388
1429,54,1483,0.1388
1423,54,1477,0.1388
1423,54,1477,0.1388
1422,54,1476,0.1388
1432,52,1484,0.1388
1425,53,1478,0.1388
1406,50,1456,0.1388
1409,53,1462,0.1388
1420,52,1472,0.1388
1435,51,1486,0.1388
1442,51,1493,0.1388
1455,54,1509,0.1388
1443,55,1498,0.1388
1441,56,1497,0.1388
1426,58,1484,0.1388
1410,59,1469,0.1388
1403,57,1460,0.1388
1397,61,1458,0.1388
1413,64,1477,0.1388
1423,62,1485,0.1388
1423,62,1485,0.1388
1417,64,1481,0.1388
1418,67,1485,0.1388
1427,65,1492,0.1388
1435,64,1499,0.1388
1422,65,1487,0.1388
1434,66,1500,0.1388
1445,67,1512,0.1388
1432,64,1496,0.1388
1438,63,1501,0.1388
1433,62,1495,0.1388
1427,62,1489,0.1388
1431,61,1492,0.1388
1435,59,1494,0.1388
1439,58,1497,0.1388
1434,57,1491,0.1388
1442,55,1497,0.1388
1435,57,1492,0.1388
1438,59,1497,0.1388
1427,58,1485,0.1388
1427,61,1488,0.1388
1438,61,1499,0.1388
1435,61,1496,0.1388
1434,58,1492,0.1388
1437,58,1495,0.1388
1436,62,1498,0.1388
1440,63,1503,0.1388
1455,63,1518,0.1388
1446,61,1507,0.1388
1441,55,1496,0.1388
1432,56,1488,0.1388
1417,58,1475,0.1388
1440,60,1500,0.1388
1453,58,1511,0.1388
1452,58,1510,0.1388
1449,58,1507,0.1388
1444,57,1501,0.1388
1441,58,1499,0.1388
1432,61,1493,0.1388
1443,61,1504,0.1388
1426,63,1489,0.1388
1433,64,1497,0.1388
1435,62,1497,0.1388
1428,61,1489,0.1388
1441,62,1503,0.1388
1442,60,1502,0.1388
1423,60,1483,0.1388
1428,64,1492,0.1388
1410,65,1475,0.1388
1407,64,1471,0.1388
1410,64,1474,0.1388
1413,69,1482,0.1388
1411,72,1483,0.1388
1415,75,1490,0.1388
1415,77,1492,0.1388
1425,75,1500,0.1388
1427,73,1500,0.1388
1430,70,1500,0.1388
1427,72,1499,0.1388
1443,74,1517,0.1388
1429,75,1504,0.1388
1414,76,1490,0.1388
1416,78,1494,0.1388
1409,80,1489,0.1388
1407,81,1488,0.1388
1408,79,1487,0.1388
1421,79,1500,0.1388
1412,81,1493,0.1388
1413,78,1491,0.1388
1425,77,1502,0.1388
1416,78,1494,0.1388
1414,79,1493,0.1388
1424,79,1503,0.1388
1418,80,1498,0.1388
1415,81,1496,0.1388
1410,82,1492,0.1388
1413,82,1495,0.1388
1418,85,1503,0.1388
1411,83,1494,0.1388
1408,81,1489,0.1388
1409,86,1495,0.1388
1409,87,1496,0.1388
1427,87,1514,0.1388
1417,88,1505,0.1388
1414,86,1500,0.1388
1409,84,1493,0.1388
1397,80,1477,0.1388
1403,81,1484,0.1388
1398,80,1478,0.1388
1387,84,1471,0.1388
1394,83,1477,0.1388
1401,82,1483,0.1388
1401,84,1485,0.1388
1418,79,1497,0.1388
1420,77,1497,0.1388
1416,79,1495,0.1388
1422,79,1501,0.1388
1405,81,1486,0.1388
1412,80,1492,0.1388
1410,82,1492,0.1388
1415,81,1496,0.1388
1415,88,1503,0.1388
1413,86,1499,0.1388
1403,85,1488,0.1388
1406,82,1488,0.1388
1410,82,1492,0.1388
1417,82,1499,0.1388
1413,83,1496,0.1388
1416,88,1504,0.1388
1404,86,1490,0.1388
1400,88,1488,0.1388
1401,90,1491,0.1388
1399,93,1492,0.1388
1404,95,1499,0.1388
1407,96,1503,0.1388
1409,101,1510,0.1388
1411,102,1513,0.1388
1407,104,1511,0.1388
1401,105,1506,0.1388
1384,107,1491,0.1388
1388,107,1495,0.1388
1388,106,1494,0.1388
1384,109,1493,0.1388
1384,112,1496,0.1388
1375,111,1486,0.1388
1387,110,1497,0.1388
1391,111,1502,0.1388
1390,109,1499,0.1388
1381,110,1491,0.1388
1378,112,1490,0.1388
1365,113,1478,0.1388
1378,111,1489,0.1388
1387,110,1497,0.1388
1388,106,1494,0.1388
1392,105,1497,0.1388
1391,103,1494,0.1388
1365,103,1468,0.1388
1364,105,1469,0.1388
1379,103,1482,0.1388
1371,104,1475,0.1388
1376,101,1477,0.1388
1373,104,1477,0.1388
1378,101,1479,0.1388
1382,104,1486,0.1388
1382,105,1487,0.1388
1396,104,1500,0.1388
1394,105,1499,0.1388
1386,109,1495,0.1388
1387,108,1495,0.1388
1369,110,1479,0.1388
1379,110,1489,0.1388
1387,108,1495,0.1388
1381,110,1491,0.1388
1380,110,1490,0.1388
1379,108,1487,0.1388
1377,108,1485,0.1388
1374,110,1484,0.1388
1369,113,1482,0.1388
1377,111,1488,0.1388
1377,111,1488,0.1388
1375,112,1487,0.1388
1382,113,1495,0.1388
1392,115,1507,0.1388
1388,118,1506,0.1388
1376,111,1487,0.1388
1365,118,1483,0.1388
1357,118,1475,0.1388
1359,118,1477,0.1388
1362,114,1476,0.1388
1358,116,1474,0.1388
1358,120,1478,0.1388
1368,119,1487,0.1388
1377,120,1497,0.1388
1381,121,1502,0.1388
1365,120,1485,0.1388
1376,119,1495,0.1388
1381,118,1499,0.1388
1376,116,1492,0.1388
1370,118,1488,0.1388
1370,118,1488,0.1388
1378,114,1492,0.1388
1371,116,1487,0.1388
1366,117,1483,0.1388
1364,115,1479,0.1388
1364,118,1482,0.1388
1391,117,1508,0.1388
1382,114,1496,0.1388
1385,115,1500,0.1388
1393,115,1508,0.1388
1383,119,1502,0.1388
1377,119,1496,0.1388
1366,118,1484,0.1388
1358,116,1474,0.1388
1351,119,1470,0.1388
1357,121,1478,0.1388
1354,124,1478,0.1388
1354,126,1480,0.1388
1364,124,1488,0.1388
1362,127,1489,0.1388
1358,122,1480,0.1388
1369,123,1492,0.1388
1368,126,1494,0.1388
1374,122,1496,0.1388
1364,125,1489,0.1388
1373,124,1497,0.1388
1378,122,1500,0.1388
1389,124,1513,0.1388
1384,123,1507,0.1388
1387,125,1512,0.1388
1393,124,1517,0.1388
1373,128,1501,0.1388
1377,130,1507,0.1388
1379,130,1509,0.1388
1377,129,1506,0.1388
1381,127,1508,0.1388
1374,129,1503,0.1388
1372,127,1499,0.1388
1370,126,1496,0.1388
1378,121,1499,0.1388
1391,124,1515,0.1388
1383,120,1503,0.1388
1395,119,1514,0.1388
1381,117,1498,0.1388
1374,115,1489,0.1388
1370,114,1484,0.1388
1360,119,1479,0.1388
1346,122,1468,0.1388
1359,121,1480,0.1388
1364,125,1489,0.1388
1370,126,1496,0.1388
1365,130,1495,0.1388
1367,131,1498,0.1388
1364,130,1494,0.1388
1355,127,1482,0.1388
1357,128,1485,0.1388
1352,130,1482,0.1388
1358,129,1487,0.1388
1364,130,1494,0.1388
1362,128,1490,0.1388
1360,129,1489,0.1388
1369,131,1500,0.1388
1365,129,1494,0.1388
1361,131,1492,0.1388
1361,130,1491,0.1388
1352,132,1484,0.1388
1357,133,1490,0.1388
1368,132,1500,0.1388
1353,131,1484,0.1388
1369,127,1496,0.1388
1362,124,1486,0.1388
1363,124,1487,0.1388
1362,122,1484,0.1388
1365,124,1489,0.1388
1382,126,1508,0.1388
1380,121,1501,0.1388
1377,118,1495,0.1388
1372,119,1491,0.1388
1388,119,1507,0.1388
1371,120,1491,0.1388
1381,120,1501,0.1388
1374,120,1494,0.1388
1370,121,1491,0.1388
1369,124,1493,0.1388
1360,124,1484,0.1388
1365,128,1493,0.1388
1362,132,1494,0.1388
1370,131,1501,0.1388
1368,126,1494,0.1388
1376,130,1506,0.1388
1373,129,1502,0.1388
1370,130,1500,0.1388
1370,131,1501,0.1388
1361,132,1493,0.1388
1372,132,1504,0.1388
1355,132,1487,0.1388
1348,136,1484,0.1388
1348,140,1488,0.1388
1351,140,1491,0.1388
1363,140,1503,0.1388
1370,137,1507,0.1388
1361,138,1499,0.1388
1350,142,1492,0.1388
1361,140,1501,0.1388
1357,142,1499,0.1388
1357,138,1495,0.1388
1358,139,1497,0.1388
1349,138,1487,0.1388
1339,138,1477,0.1388
1351,135,1486,0.1388
1346,139,1485,0.1388
1340,141,1481,0.1388
1357,140,1497,0.1388
1352,137,1489,0.1388
1339,137,1476,0.1388
1354,143,1497,0.1388
1348,140,1488,0.1388
1352,149,1501,0.1388
1347,146,1493,0.1388
1351,149,1500,0.1388
1352,147,1499,0.1388
1336,145,1481,0.1388
1345,142,1487,0.1388
1347,146,1493,0.1388
1339,148,1487,0.1388
1322,149,1471,0.1388
1324,152,1476,0.1388
1317,154,1471,0.1388
1326,150,1476,0.1388
1315,149,1464,0.1388
1315,157,1472,0.1388
1316,155,1471,0.1388
1301,160,1461,0.1388
1320,161,1481,0.1388
1310,160,1470,0.1388
1315,164,1479,0.1388
1325,170,1495,0.1388
1320,168,1488,0.1388
1328,168,1496,0.1388
1335,168,1503,0.1388
1334,166,1500,0.1388
1329,164,1493,0.1388
1325,168,1493,0.1388
1322,167,1489,0.1388
1320,163,1483,0.1388
1318,164,1482,0.1388
1311,160,1471,0.1388
1315,160,1475,0.1388
1321,162,1483,0.1388
1325,163,1488,0.1388
1322,160,1482,0.1388
1316,161,1477,0.1388
1316,160,1476,0.1388
1335,160,1495,0.1388
1309,160,1469,0.1388
1317,163,1480,0.1388
1317,169,1486,0.1388
1308,164,1472,0.1388
1298,165,1463,0.1388
1316,168,1484,0.1388
1324,166,1490,0.1388
1327,165,1492,0.1388
1320,166,1486,0.1388
1326,165,1491,0.1388
1324,170,1494,0.1388
1332,170,1502,0.1388
1332,173,1505,0.1388
1338,175,1513,0.1388
1347,171,1518,0.1388
1334,171,1505,0.1388
1340,168,1508,0.1388
1324,172,1496,0.1388
1324,170,1494,0.1388
1318,168,1486,0.1388
1313,169,1482,0.1388
1323,169,1492,0.1388
1319,172,1491,0.1388
1318,171,1489,0.1388
1302,169,1471,0.1388
1308,169,1477,0.1388
1317,171,1488,0.1388
1329,171,1500,0.1388
1332,174,1506,0.1388
1337,173,1510,0.1388
1328,172,1500,0.1388
1325,170,1495,0.1388
1335,162,1497,0.1388
1338,167,1505,0.1388
1338,169,1507,0.1388
1340,170,1510,0.1388
1339,166,1505,0.1388
1327,166,1493,0.1388
1324,167,1491,0.1388
1343,166,1509,0.1388
1329,168,1497,0.1388
1332,168,1500,0.1388
1325,172,1497,0.1388
1327,171,1498,0.1388
1333,171,1504,0.1388
1344,170,1514,0.1388
1334,166,1500,0.1388
1338,167,1505,0.1388
1339,171,1510,0.1388
1334,174,1508,0.1388
1343,168,1511,0.1388
1345,165,1510,0.1388
1352,165,1517,0.1388
1353,163,1516,0.1388
1341,159,1500,0.1388
1347,164,1511,0.1388
1337,167,1504,0.1388
1343,169,1512,0.1388
1323,169,1492,0.1388
1322,166,1488,0.1388
1319,169,1488,0.1388
1326,171,1497,0.1388
1328,172,1500,0.1388
1315,174,1489,0.1388
1320,175,1495,0.1388
1321,175,1496,0.1388
1334,176,1510,0.1388
1328,177,1505,0.1388
1334,179,1513,0.1388
1325,173,1498,0.1388
1320,171,1491,0.1388
1321,168,1489,0.1388
1327,169,1496,0.1388
1325,170,1495,0.1388
1327,168,1495,0.1388
1332,164,1496,0.1388
1317,163,1480,0.1388
1317,170,1487,0.1388
1325,176,1501,0.1388
1329,177,1506,0.1388
1318,176,1494,0.1388
1313,176,1489,0.1388
1301,176,1477,0.1388
1303,173,1476,0.1388
1297,172,1469,0.1388
1296,176,1472,0.1388
1307,177,1484,0.1388
1314,179,1493,0.1388
1314,177,1491,0.1388
1314,176,1490,0.1388
1311,174,1485,0.1388
1311,173,1484,0.1388
1302,172,1474,0.1388
1297,175,1472,0.1388
1298,179,1477,0.1388
1309,182,1491,0.1388
1308,188,1496,0.1388
1315,189,1504,0.1388
1315,189,1504,0.1388
1310,185,1495,0.1388
1319,182,1501,0.1388
1317,185,1502,0.1388
1303,185,1488,0.1388
1283,188,1471,0.1388
1299,189,1488,0.1388
1305,189,1494,0.1388
1310,185,1495,0.1388
1318,181,1499,0.1388
1312,183,1495,0.1388
1315,186,1501,0.1388
1313,183,1496,0.1388
1315,181,1496,0.1388
1315,179,1494,0.1388
1320,178,1498,0.1388
1309,180,1489,0.1388
1307,181,1488,0.1388
1305,179,1484,0.1388
1308,178,1486,0.1388
1317,182,1499,0.1388
1322,182,1504,0.1388
1315,182,1497,0.1388
1311,181,1492,0.1388
1302,184,1486,0.1388
1320,184,1504,0.1388
1334,181,1515,0.1388
1336,183,1519,0.1388
1333,178,1511,0.1388
1328,183,1511,0.1388
1312,178,1490,0.1388
1314,187,1501,0.1388
1315,188,1503,0.1388
1315,192,1507,0.1388
1317,190,1507,0.1388
1300,193,1493,0.1388
1296,190,1486,0.1388
1286,195,1481,0.1388
1283,199,1482,0.1388
1281,198,1479,0.1388
1285,192,1477,0.1388
1282,199,1481,0.1388
1276,195,1471,0.1388
1268,201,1469,0.1388
1274,202,1476,0.1388
1278,205,1483,0.1388
1293,204,1497,0.1388
1291,202,1493,0.1388
1280,206,1486,0.1388
1282,205,1487,0.1388
1280,207,1487,0.1388
1280,208,1488,0.1388
1276,204,1480,0.1388
1284,208,1492,0.1388
1279,208,1487,0.1388
1287,209,1496,0.1388
1290,209,1499,0.1388
1285,211,1496,0.1388
1291,210,1501,0.1388
1298,205,1503,0.1388
1312,206,1518,0.1388
1303,200,1503,0.1388
1305,199,1504,0.1388
1302,201,1503,0.1388
1301,202,1503,0.1388
1305,204,1509,0.1388
1308,206,1514,0.1388
1317,202,1519,0.1388
1305,203,1508,0.1388
1300,204,1504,0.1388
1285,205,1490,0.1388
1294,204,1498,0.1388
1296,206,1502,0.1388
1280,209,1489,0.1388
1282,209,1491,0.1388
1300,201,1501,0.1388
1292,207,1499,0.1388
1294,209,1503,0.1388
1290,211,1501,0.1388
1281,209,1490,0.1388
1282,208,1490,0.1388
1294,206,1500,0.1388
1290,208,1498,0.1388
1283,210,1493,0.1388
1289,213,1502,0.1388
1277,214,1491,0.1388
1275,212,1487,0.1388
1279,212,1491,0.1388
1265,214,1479,0.1388
1281,212,1493,0.1388
1280,212,1492,0.1388
1283,204,1487,0.1388
1287,208,1495,0.1388
1281,215,1496,0.1388
1282,213,1495,0.1388
1309,210,1519,0.1388
1297,208,1505,0.1388
1300,207,1507,0.1388
1289,205,1494,0.1388
1278,207,1485,0.1388
1274,206,1480,0.1388
1281,206,1487,0.1388
1269,203,1472,0.1388
1270,208,1478,0.1388
1266,213,1479,0.1388
1263,216,1479,0.1388
1268,214,1482,0.1388
1275,210,1485,0.1388
1283,210,1493,0.1388
1291,213,1504,0.1388
1287,216,1503,0.1388
1290,217,1507,0.1388
1296,215,1511,0.1388
1294,212,1506,0.1388
1291,214,1505,0.1388
1281,212,1493,0.1388
1279,215,1494,0.1388
1278,217,1495,0.1388
1272,222,1494,0.1388
1278,221,1499,0.1388
1282,218,1500,0.1388
1276,223,1499,0.1388
1274,222,1496,0.1388
1268,222,1490,0.1388
1276,224,1500,0.1388
1268,224,1492,0.1388
1271,231,1502,0.1388
1277,227,1504,0.1388
1267,227,1494,0.1388
1264,234,1498,0.1388
1274,230,1504,0.1388
1278,229,1507,0.1388
1275,230,1505,0.1388
1267,235,1502,0.1388
1273,237,1510,0.1388
1267,236,1503,0.1388
1277,238,1515,0.1388
1270,233,1503,0.1388
1263,234,1497,0.1388
1254,236,1490,0.1388
1259,240,1499,0.1388
1269,238,1507,0.1388
1265,238,1503,0.1388
1266,233,1499,0.1388
1267,236,1503,0.1388
1257,236,1493,0.1388
1264,233,1497,0.1388
1258,235,1493,0.1388
1256,238,1494,0.1388
1255,240,1495,0.1388
1268,240,1508,0.1388
1267,240,1507,0.1388
1266,239,1505,0.1388
1273,243,1516,0.1388
1265,244,1509,0.1388
1253,246,1499,0.1388
1251,247,1498,0.1388
1258,243,1501,0.1388
1263,243,1506,0.1388
1262,243,1505,0.1388
1264,247,1511,0.1388
1256,246,1502,0.1388
1250,249,1499,0.1388
1261,245,1506,0.1388
1248,246,1494,0.1388
1264,244,1508,0.1388
1263,244,1507,0.1388
1262,247,1509,0.1388
1252,243,1495,0.1388
1253,243,1496,0.1388
1245,248,1493,0.1388
1251,247,1498,0.1388
1253,244,1497,0.1388
1250,247,1497,0.1388
1245,249,1494,0.1388
1243,253,1496,0.1388
1249,245,1494,0.1388
1236,248,1484,0.1388
1232,250,1482,0.1388
1222,254,1476,0.1388
1229,256,1485,0.1388
1242,249,1491,0.1388
1247,251,1498,0.1388
1241,248,1489,0.1388
1230,251,1481,0.1388
1234,253,1487,0.1388
1235,249,1484,0.1388
1235,248,1483,0.1388
1232,254,1486,0.1388
1230,262,1492,0.1388
1228,267,1495,0.1388
1225,266,1491,0.1388
1228,267,1495,0.1388
1226,271,1497,0.1388
1228,271,1499,0.1388
1220,274,1494,0.1388
1216,272,1488,0.1388
1214,281,1495,0.1388
1221,285,1506,0.1388
1224,280,1504,0.1388
1220,281,1501,0.1388
1214,284,1498,0.1388
1203,284,1487,0.1388
1206,288,1494,0.1388
1199,294,1493,0.1388
1197,293,1490,0.1388
1202,294,1496,0.1388
1196,302,1498,0.1388
1189,304,1493,0.1388
1192,310,1502,0.1388
1185,305,1490,0.1388
1187,308,1495,0.1388
1180,307,1487,0.1388
1180,311,1491,0.1388
1185,313,1498,0.1388
1186,315,1501,0.1388
1186,319,1505,0.1388
1183,317,1500,0.1388
1174,313,1487,0.1388
1184,315,1499,0.1388
1180,314,1494,0.1388
1187,310,1497,0.1388
1183,312,1495,0.1388
1204,311,1515,0.1388
1205,307,1512,0.1388
1194,306,1500,0.1388
1187,310,1497,0.1388
1194,313,1507,0.1388
1194,308,1502,0.1388
1192,312,1504,0.1388
1193,312,1505,0.1388
1187,314,1501,0.1388
1185,305,1490,0.1388
1172,304,1476,0.1388
1182,304,1486,0.1388
1191,310,1501,0.1388
1195,306,1501,0.1388
1194,310,1504,0.1388
1199,316,1515,0.1388
1193,318,1511,0.1388
1191,315,1506,0.1388
1187,310,1497,0.1388
1186,306,1492,0.1388
1184,307,1491,0.1388
1187,311,1498,0.1388
1183,309,1492,0.1388
1183,315,1498,0.1388
1188,318,1506,0.1388
1179,315,1494,0.1388
1176,312,1488,0.1388
1176,311,1487,0.1388
1170,311,1481,0.1388
1179,304,1483,0.1388
1178,306,1484,0.1388
1180,312,1492,0.1388
1177,317,1494,0.1388
1174,314,1488,0.1388
1169,317,1486,0.1388
1178,320,1498,0.1388
1173,327,1500,0.1388
1170,328,1498,0.1388
1166,326,1492,0.1388
1158,327,1485,0.1388
1156,336,1492,0.1388
1149,334,1483,0.1388
1149,335,1484,0.1388
1152,334,1486,0.1388
1158,333,1491,0.1388
1161,335,1496,0.1388
1162,339,1501,0.1388
1161,338,1499,0.1388
1149,341,1490,0.1388
1137,336,1473,0.1388
1136,338,1474,0.1388
1145,349,1494,0.1388
1151,351,1502,0.1388
1149,344,1493,0.1388
1145,350,1495,0.1388
1151,346,1497,0.1388
1152,340,1492,0.1388
1151,352,1503,0.1388
1141,351,1492,0.1388
1138,350,1488,0.1388
1134,344,1478,0.1388
1126,340,1466,0.1388
1122,351,1473,0.1388
1126,357,1483,0.1388
1134,359,1493,0.1388
1138,359,1497,0.1388
1126,351,1477,0.1388
1136,349,1485,0.1388
1147,352,1499,0.1388
1137,349,1486,0.1388
1130,350,1480,0.1388
1135,356,1491,0.1388
1142,348,1490,0.1388
1136,345,1481,0.1388
1138,351,1489,0.1388
1131,360,1491,0.1388
1125,364,1489,0.1388
1129,356,1485,0.1388
1136,359,1495,0.1388
1139,364,1503,0.1388
1125,369,1494,0.1388
1124,366,1490,0.1388
1124,367,1491,0.1388
1133,372,1505,0.1388
1135,364,1499,0.1388
1135,368,1503,0.1388
1144,373,1517,0.1388
1143,370,1513,0.1388
1136,365,1501,0.1388
1138,363,1501,0.1388
1147,362,1509,0.1388
1139,359,1498,0.1388
1143,359,1502,0.1388
1127,365,1492,0.1388
1122,372,1494,0.1388
1127,376,1503,0.1388
1132,374,1506,0.1388
1134,378,1512,0.1388
1130,371,1501,0.1388
1127,375,1502,0.1388
1122,368,1490,0.1388
1131,373,1504,0.1388
1128,373,1501,0.1388
1133,374,1507,0.1388
1123,375,1498,0.1388
1112,374,1486,0.1388
1112,369,1481,0.1388
1120,370,1490,0.1388
1107,361,1468,0.1388
1120,361,1481,0.1388
1129,363,1492,0.1388
1137,357,1494,0.1388
1130,358,1488,0.1388
1137,367,1504,0.1388
1129,367,1496,0.1388
1128,368,1496,0.1388
1124,374,1498,0.1388
1120,376,1496,0.1388
1123,372,1495,0.1388
1124,370,1494,0.1388
1140,370,1510,0.1388
1131,372,1503,0.1388
1136,367,1503,0.1388
1132,368,1500,0.1388
1130,366,1496,0.1388
1135,363,1498,0.1388
1134,362,1496,0.1388
1133,364,1497,0.1388
1126,366,1492,0.1388
1121,367,1488,0.1388
1114,369,1483,0.1388
1119,370,1489,0.1388
1132,368,1500,0.1388
1121,371,1492,0.1388
1117,374,1491,0.1388
1123,375,1498,0.1388
1119,374,1493,0.1388
1114,378,1492,0.1388
1120,378,1498,0.1388
1129,383,1512,0.1388
1128,381,1509,0.1388
1126,376,1502,0.1388
1118,373,1491,0.1388
1120,381,1501,0.1388
1122,382,1504,0.1388
1120,379,1499,0.1388
1122,380,1502,0.1388
1121,376,1497,0.1388
1127,380,1507,0.1388
1120,383,1503,0.1388
1129,380,1509,0.1388
1116,381,1497,0.1388
1117,380,1497,0.1388
1115,383,1498,0.1388
1115,375,1490,0.1388
1109,385,1494,0.1388
1100,381,1481,0.1388
1102,387,1489,0.1388
1108,392,1500,0.1388
1108,390,1498,0.1388
1102,387,1489,0.1388
1109,394,1503,0.1388
1107,400,1507,0.1388
1103,401,1504,0.1388
1101,394,1495,0.1388
1098,393,1491,0.1388
1102,387,1489,0.1388
1097,393,1490,0.1388
1110,401,1511,0.1388
1109,395,1504,0.1388
1111,389,1500,0.1388
1115,389,1504,0.1388
1116,393,1509,0.1388
1115,393,1508,0.1388
1104,393,1497,0.1388
1111,395,1506,0.1388
1101,397,1498,0.1388
1092,403,1495,0.1388
1095,402,1497,0.1388
1085,400,1485,0.1388
1089,397,1486,0.1388
1085,396,1481,0.1388
1078,403,1481,0.1388
1089,400,1489,0.1388
1081,399,1480,0.1388
1081,405,1486,0.1388
1081,403,1484,0.1388
1081,411,1492,0.1388
1074,401,1475,0.1388
1089,396,1485,0.1388
1090,400,1490,0.1388
1087,407,1494,0.1388
1092,405,1497,0.1388
1091,406,1497,0.1388
1099,398,1497,0.1388
1102,411,1513,0.1388
1096,411,1507,0.1388
1100,411,1511,0.1388
1094,409,1503,0.1388
1097,413,1510,0.1388
1091,408,1499,0.1388
1091,412,1503,0.1388
1095,413,1508,0.1388
1087,409,1496,0.1388
1096,412,1508,0.1388
1085,413,1498,0.1388
1095,413,1508,0.1388
1072,411,1483,0.1388
1088,415,1503,0.1388
1094,412,1506,0.1388
1100,413,1513,0.1388
1091,416,1507,0.1388
1086,418,1504,0.1388
1090,417,1507,0.1388
1083,413,1496,0.1388
1082,422,1504,0.1388
1091,420,1511,0.1388
1087,429,1516,0.1388
1078,434,1512,0.1388
1088,441,1529,0.1388
1090,439,1529,0.1388
1080,427,1507,0.1388
1078,427,1505,0.1388
1079,425,1504,0.1388
1087,429,1516,0.1388
1083,424,1507,0.1388
1080,428,1508,0.1388
1072,432,1504,0.1388
1067,433,1500,0.1388
1057,431,1488,0.1388
1059,434,1493,0.1388
1057,431,1488,0.1388
1059,432,1491,0.1388
1069,438,1507,0.1388
1077,438,1515,0.1388
1076,446,1522,0.1388
1068,446,1514,0.1388
1056,440,1496,0.1388
1059,448,1507,0.1388
1064,445,1509,0.1388
1063,435,1498,0.1388
1065,436,1501,0.1388
1055,452,1507,0.1388
1053,453,1506,0.1388
1045,454,1499,0.1388
1044,466,1510,0.1388
1047,469,1516,0.1388
1039,460,1499,0.1388
1038,462,1500,0.1388
1027,466,1493,0.1388
1035,470,1505,0.1388
1037,475,1512,0.1388
1030,472,1502,0.1388
1038,475,1513,0.1388
1037,469,1506,0.1388
1026,472,1498,0.1388
1033,471,1504,0.1388
1036,470,1506,0.1388
1032,477,1509,0.1388
1029,474,1503,0.1388
1033,479,1512,0.1388
1019,480,1499,0.1388
1011,491,1502,0.1388
1009,497,1506,0.1388
1010,492,1502,0.1388
1013,488,1501,0.1388
1014,492,1506,0.1388
1009,496,1505,0.1388
1000,498,1498,0.1388
1002,503,1505,0.1388
999,503,1502,0.1388
998,499,1497,0.1388
989,497,1486,0.1388
996,497,1493,0.1388
994,501,1495,0.1388
996,499,1495,0.1388
991,498,1489,0.1388
987,495,1482,0.1388
986,508,1494,0.1388
985,508,1493,0.1388
981,507,1488,0.1388
987,508,1495,0.1388
985,519,1504,0.1388
991,518,1509,0.1388
984,520,1504,0.1388
993,514,1507,0.1388
988,515,1503,0.1388
986,513,1499,0.1388
982,517,1499,0.1388
977,517,1494,0.1388
971,522,1493,0.1388
968,520,1488,0.1388
974,529,1503,0.1388
969,533,1502,0.1388
949,539,1488,0.1388
943,537,1480,0.1388
958,542,1500,0.1388
957,536,1493,0.1388
961,538,1499,0.1388
963,533,1496,0.1388
977,541,1518,0.1388
969,540,1509,0.1388
954,545,1499,0.1388
953,540,1493,0.1388
953,542,1495,0.1388
954,553,1507,0.1388
949,552,1501,0.1388
960,554,1514,0.1388
961,554,1515,0.1388
949,545,1494,0.1388
959,552,1511,0.1388
951,553,1504,0.1388
948,553,1501,0.1388
941,551,1492,0.1388
954,542,1496,0.1388
943,552,1495,0.1388
946,554,1500,0.1388
945,554,1499,0.1388
941,561,1502,0.1388
932,566,1498,0.1388
926,561,1487,0.1388
931,570,1501,0.1388
936,571,1507,0.1388
933,568,1501,0.1388
924,570,1494,0.1388
938,571,1509,0.1388
934,572,1506,0.1388
932,565,1497,0.1388
930,571,1501,0.1388
920,572,1492,0.1388
932,563,1495,0.1388
928,573,1501,0.1388
924,561,1485,0.1388
934,562,1496,0.1388
941,567,1508,0.1388
935,567,1502,0.1388
940,560,1500,0.1388
937,557,1494,0.1388
938,555,1493,0.1388
940,554,1494,0.1388
940,560,1500,0.1388
938,564,1502,0.1388
928,561,1489,0.1388
923,560,1483,0.1388
941,550,1491,0.1388
942,557,1499,0.1388
943,559,1502,0.1388
954,561,1515,0.1388
958,564,1522,0.1388
957,565,1522,0.1388
954,554,1508,0.1388
941,561,1502,0.1388
942,560,1502,0.1388
947,558,1505,0.1388
944,569,1513,0.1388
949,567,1516,0.1388
942,576,1518,0.1388
942,574,1516,0.1388
938,572,1510,0.1388
931,573,1504,0.1388
940,574,1514,0.1388
933,564,1497,0.1388
939,569,1508,0.1388
931,574,1505,0.1388
941,574,1515,0.1388
934,583,1517,0.1388
943,585,1528,0.1388
925,583,1508,0.1388
919,584,1503,0.1388
919,584,1503,0.1388
902,578,1480,0.1388
912,588,1500,0.1388
908,588,1496,0.1388
911,586,1497,0.1388
911,590,1501,0.1388
910,600,1510,0.1388
916,599,1515,0.1388
925,590,1515,0.1388
925,594,1519,0.1388
921,598,1519,0.1388
920,591,1511,0.1388
917,593,1510,0.1388
904,593,1497,0.1388
909,587,1496,0.1388
908,593,1501,0.1388
907,595,1502,0.1388
905,599,1504,0.1388
894,607,1501,0.1388
885,613,1498,0.1388
895,608,1503,0.1388
885,604,1489,0.1388
887,606,1493,0.1388
882,614,1496,0.1388
888,609,1497,0.1388
889,613,1502,0.1388
887,618,1505,0.1388
878,614,1492,0.1388
870,623,1493,0.1388
868,621,1489,0.1388
872,623,1495,0.1388
872,621,1493,0.1388
879,620,1499,0.1388
866,615,1481,0.1388
864,620,1484,0.1388
870,621,1491,0.1388
875,615,1490,0.1388
871,626,1497,0.1388
881,611,1492,0.1388
875,622,1497,0.1388
873,625,1498,0.1388
877,619,1496,0.1388
881,630,1511,0.1388
881,630,1511,0.1388
888,627,1515,0.1388
881,620,1501,0.1388
877,623,1500,0.1388
873,620,1493,0.1388
874,622,1496,0.1388
865,634,1499,0.1388
874,639,1513,0.1388
871,632,1503,0.1388
867,633,1500,0.1388
859,633,1492,0.1388
852,637,1489,0.1388
852,647,1499,0.1388
856,642,1498,0.1388
856,644,1500,0.1388
844,650,1494,0.1388
841,645,1486,0.1388
850,656,1506,0.1388
844,654,1498,0.1388
837,655,1492,0.1388
846,663,1509,0.1388
851,665,1516,0.1388
857,657,1514,0.1388
849,657,1506,0.1388
829,658,1487,0.1388
835,657,1492,0.1388
840,672,1512,0.1388
841,669,1510,0.1388
844,668,1512,0.1388
836,668,1504,0.1388
827,667,1494,0.1388
836,662,1498,0.1388
827,669,1496,0.1388
823,664,1487,0.1388
829,664,1493,0.1388
834,665,1499,0.1388
827,677,1504,0.1388
825,669,1494,0.1388
829,670,1499,0.1388
833,673,1506,0.1388
836,674,1510,0.1388
839,676,1515,0.1388
829,674,1503,0.1388
829,671,1500,0.1388
825,675,1500,0.1388
824,684,1508,0.1388
829,683,1512,0.1388
834,676,1510,0.1388
842,680,1522,0.1388
842,675,1517,0.1388
836,687,1523,0.1388
830,675,1505,0.1388
824,680,1504,0.1388
825,674,1499,0.1388
813,674,1487,0.1388
812,685,1497,0.1388
811,674,1485,0.1388
811,682,1493,0.1388
807,689,1496,0.1388
817,683,1500,0.1388
813,698,1511,0.1388
816,692,1508,0.1388
807,680,1487,0.1388
815,683,1498,0.1388
812,681,1493,0.1388
819,678,1497,0.1388
823,682,1505,0.1388
821,682,1503,0.1388
810,685,1495,0.1388
806,689,1495,0.1388
796,693,1489,0.1388
792,697,1489,0.1388
794,697,1491,0.1388
805,694,1499,0.1388
811,694,1505,0.1388
818,696,1514,0.1388
807,700,1507,0.1388
807,701,1508,0.1388
805,705,1510,0.1388
799,707,1506,0.1388
802,705,1507,0.1388
790,705,1495,0.1388
796,696,1492,0.1388
800,705,1505,0.1388
802,699,1501,0.1388
807,701,1508,0.1388
805,697,1502,0.1388
815,695,1510,0.1388
822,704,1526,0.1388
822,695,1517,0.1388
813,708,1521,0.1388
811,708,1519,0.1388
809,710,1519,0.1388
792,707,1499,0.1388
795,698,1493,0.1388
784,704,1488,0.1388
783,709,1492,0.1388
776,715,1491,0.1388
786,713,1499,0.1388
785,709,1494,0.1388
784,716,1500,0.1388
781,725,1506,0.1388
781,736,1517,0.1388
779,727,1506,0.1388
792,721,1513,0.1388
789,717,1506,0.1388
791,724,1515,0.1388
777,736,1513,0.1388
772,733,1505,0.1388
776,729,1505,0.1388
775,735,1510,0.1388
781,730,1511,0.1388
774,730,1504,0.1388
774,733,1507,0.1388
779,749,1528,0.1388
777,733,1510,0.1388
790,730,1520,0.1388
786,727,1513,0.1388
774,726,1500,0.1388
776,737,1513,0.1388
775,735,1510,0.1388
762,725,1487,0.1388
757,722,1479,0.1388
760,726,1486,0.1388
766,727,1493,0.1388
759,739,1498,0.1388
761,735,1496,0.1388
766,731,1497,0.1388
769,744,1513,0.1388
769,741,1510,0.1388
776,734,1510,0.1388
770,724,1494,0.1388
777,730,1507,0.1388
770,736,1506,0.1388
776,735,1511,0.1388
769,737,1506,0.1388
767,743,1510,0.1388
776,740,1516,0.1388
772,731,1503,0.1388
782,732,1514,0.1388
781,739,1520,0.1388
771,738,1509,0.1388
772,738,1510,0.1388
769,724,1493,0.1388
767,738,1505,0.1388
769,736,1505,0.1388
757,731,1488,0.1388
766,742,1508,0.1388
767,753,1520,0.1388
754,749,1503,0.1388
749,743,1492,0.1388
753,745,1498,0.1388
751,748,1499,0.1388
753,742,1495,0.1388
759,753,1512,0.1388
757,755,1512,0.1388
746,753,1499,0.1388
751,749,1500,0.1388
745,760,1505,0.1388
750,761,1511,0.1388
747,763,1510,0.1388
748,771,1519,0.1388
741,757,1498,0.1388
747,764,1511,0.1388
746,753,1499,0.1388
744,761,1505,0.1388
740,751,1491,0.1388
741,753,1494,0.1388
756,744,1500,0.1388
757,740,1497,0.1388
758,743,1501,0.1388
760,736,1496,0.1388
759,740,1499,0.1388
759,755,1514,0.1388
758,755,1513,0.1388
763,750,1513,0.1388
761,747,1508,0.1388
770,748,1518,0.1388
756,751,1507,0.1388
762,752,1514,0.1388
763,752,1515,0.1388
758,751,1509,0.1388
757,758,1515,0.1388
741,754,1495,0.1388
745,751,1496,0.1388
737,749,1486,0.1388
750,755,1505,0.1388
742,765,1507,0.1388
741,754,1495,0.1388
743,756,1499,0.1388
737,759,1496,0.1388
745,756,1501,0.1388
745,762,1507,0.1388
739,754,1493,0.1388
742,761,1503,0.1388
727,766,1493,0.1388
723,776,1499,0.1388
728,779,1507,0.1388
734,768,1502,0.1388
741,776,1517,0.1388
735,776,1511,0.1388
744,776,1520,0.1388
738,772,1510,0.1388
733,766,1499,0.1388
732,773,1505,0.1388
732,779,1511,0.1388
726,791,1517,0.1388
720,788,1508,0.1388
717,789,1506,0.1388
728,772,1500,0.1388
725,775,1500,0.1388
728,774,1502,0.1388
726,768,1494,0.1388
724,772,1496,0.1388
724,771,1495,0.1388
727,783,1510,0.1388
723,780,1503,0.1388
736,773,1509,0.1388
733,780,1513,0.1388
728,790,1518,0.1388
738,787,1525,0.1388
733,780,1513,0.1388
728,783,1511,0.1388
726,778,1504,0.1388
723,784,1507,0.1388
727,783,1510,0.1388
727,784,1511,0.1388
736,778,1514,0.1388
732,774,1506,0.1388
728,766,1494,0.1388
726,774,1500,0.1388
728,780,1508,0.1388
732,769,1501,0.1388
736,769,1505,0.1388
741,767,1508,0.1388
741,760,1501,0.1388
736,773,1509,0.1388
738,764,1502,0.1388
745,749,1494,0.1388
738,756,1494,0.1388
734,765,1499,0.1388
730,769,1499,0.1388
735,770,1505,0.1388
723,768,1491,0.1388
719,777,1496,0.1388
723,784,1507,0.1388
721,793,1514,0.1388
715,789,1504,0.1388
710,794,1504,0.1388
701,797,1498,0.1388
704,801,1505,0.1388
706,805,1511,0.1388
707,805,1512,0.1388
699,803,1502,0.1388
693,816,1509,0.1388
688,818,1506,0.1388
685,811,1496,0.1388
676,810,1486,0.1388
677,810,1487,0.1388
678,806,1484,0.1388
684,807,1491,0.1388
681,807,1488,0.1388
685,805,1490,0.1388
686,819,1505,0.1388
684,824,1508,0.1388
685,822,1507,0.1388
686,815,1501,0.1388
695,814,1509,0.1388
694,816,1510,0.1388
693,812,1505,0.1388
689,824,1513,0.1388
690,822,1512,0.1388
688,826,1514,0.1388
686,835,1521,0.1388
687,832,1519,0.1388
691,828,1519,0.1388
687,828,1515,0.1388
687,823,1510,0.1388
686,825,1511,0.1388
685,816,1501,0.1388
698,814,1512,0.1388
702,814,1516,0.1388
697,820,1517,0.1388
693,819,1512,0.1388
698,815,1513,0.1388
674,820,1494,0.1388
679,823,1502,0.1388
674,829,1503,0.1388
663,827,1490,0.1388
663,832,1495,0.1388
668,820,1488,0.1388
671,834,1505,0.1388
669,830,1499,0.1388
672,837,1509,0.1388
676,835,1511,0.1388
679,830,1509,0.1388
670,846,1516,0.1388
666,847,1513,0.1388
673,846,1519,0.1388
661,841,1502,0.1388
659,840,1499,0.1388
674,841,1515,0.1388
677,850,1527,0.1388
666,853,1519,0.1388
658,846,1504,0.1388
664,851,1515,0.1388
669,845,1514,0.1388
673,844,1517,0.1388
678,834,1512,0.1388
670,837,1507,0.1388
667,838,1505,0.1388
661,849,1510,0.1388
663,860,1523,0.1388
656,871,1527,0.1388
659,861,1520,0.1388
653,859,1512,0.1388
660,863,1523,0.1388
653,871,1524,0.1388
648,866,1514,0.1388
635,870,1505,0.1388
642,856,1498,0.1388
651,847,1498,0.1388
652,848,1500,0.1388
657,858,1515,0.1388
657,855,1512,0.1388
647,865,1512,0.1388
642,864,1506,0.1388
638,856,1494,0.1388
637,852,1489,0.1388
631,856,1487,0.1388
620,874,1494,0.1388
630,883,1513,0.1388
637,881,1518,0.1388
635,883,1518,0.1388
630,889,1519,0.1388
640,880,1520,0.1388
643,871,1514,0.1388
651,874,1525,0.1388
641,869,1510,0.1388
637,866,1503,0.1388
638,871,1509,0.1388
635,876,1511,0.1388
636,869,1505,0.1388
637,875,1512,0.1388
636,886,1522,0.1388
633,880,1513,0.1388
625,882,1507,0.1388
621,880,1501,0.1388
631,892,1523,0.1388
632,883,1515,0.1388
635,884,1519,0.1388
627,882,1509,0.1388
623,883,1506,0.1388
623,869,1492,0.1388
632,869,1501,0.1388
636,878,1514,0.1388
634,884,1518,0.1388
630,887,1517,0.1388
626,892,1518,0.1388
619,896,1515,0.1388
618,896,1514,0.1388
619,901,1520,0.1388
611,896,1507,0.1388
618,886,1504,0.1388
623,878,1501,0.1388
614,882,1496,0.1388
614,891,1505,0.1388
612,895,1507,0.1388
606,898,1504,0.1388
600,905,1505,0.1388
607,906,1513,0.1388
616,909,1525,0.1388
607,900,1507,0.1388
609,906,1515,0.1388
612,912,1524,0.1388
607,911,1518,0.1388
604,905,1509,0.1388
614,905,1519,0.1388
614,901,1515,0.1388
615,906,1521,0.1388
616,894,1510,0.1388
615,894,1509,0.1388
621,893,1514,0.1388
614,896,1510,0.1388
610,900,1510,0.1388
608,906,1514,0.1388
602,903,1505,0.1388
603,906,1509,0.1388
595,911,1506,0.1388
591,914,1505,0.1388
596,911,1507,0.1388
595,908,1503,0.1388
599,917,1516,0.1388
597,912,1509,0.1388
598,915,1513,0.1388
601,902,1503,0.1388
596,910,1506,0.1388
602,918,1520,0.1388
591,909,1500,0.1388
590,916,1506,0.1388
587,916,1503,0.1388
588,910,1498,0.1388
584,910,1494,0.1388
578,910,1488,0.1388
578,922,1500,0.1388
582,924,1506,0.1388
580,933,1513,0.1388
580,929,1509,0.1388
569,939,1508,0.1388
564,946,1510,0.1388
558,948,1506,0.1388
552,952,1504,0.1388
548,952,1500,0.1388
553,949,1502,0.1388
560,946,1506,0.1388
557,942,1499,0.1388
559,939,1498,0.1388
562,940,1502,0.1388
562,943,1505,0.1388
564,943,1507,0.1388
565,951,1516,0.1388
564,944,1508,0.1388
561,952,1513,0.1388
560,961,1521,0.1388
553,962,1515,0.1388
556,955,1511,0.1388
555,949,1504,0.1388
561,955,1516,0.1388
555,955,1510,0.1388
557,967,1524,0.1388
548,960,1508,0.1388
546,957,1503,0.1388
552,951,1503,0.1388
555,953,1508,0.1388
555,953,1508,0.1388
559,943,1502,0.1388
558,945,1503,0.1388
563,950,1513,0.1388
563,954,1517,0.1388
558,949,1507,0.1388
563,949,1512,0.1388
563,957,1520,0.1388
567,961,1528,0.1388
568,956,1524,0.1388
571,950,1521,0.1388
566,949,1515,0.1388
566,938,1504,0.1388
568,933,1501,0.1388
576,930,1506,0.1388
575,931,1506,0.1388
575,934,1509,0.1388
562,938,1500,0.1388
566,932,1498,0.1388
568,943,1511,0.1388
568,939,1507,0.1388
561,952,1513,0.1388
564,941,1505,0.1388
561,945,1506,0.1388
555,946,1501,0.1388
556,954,1510,0.1388
556,955,1511,0.1388
545,960,1505,0.1388
548,953,1501,0.1388
544,949,1493,0.1388
547,960,1507,0.1388
552,961,1513,0.1388
556,952,1508,0.1388
556,962,1518,0.1388
549,960,1509,0.1388
550,959,1509,0.1388
557,960,1517,0.1388
551,963,1514,0.1388
553,961,1514,0.1388
554,963,1517,0.1388
549,962,1511,0.1388
546,961,1507,0.1388
542,959,1501,0.1388
549,955,1504,0.1388
548,963,1511,0.1388
555,964,1519,0.1388
550,957,1507,0.1388
557,962,1519,0.1388
562,961,1523,0.1388
553,969,1522,0.1388
544,973,1517,0.1388
549,969,1518,0.1388
542,972,1514,0.1388
540,968,1508,0.1388
543,961,1504,0.1388
537,958,1495,0.1388
534,959,1493,0.1388
532,967,1499,0.1388
540,971,1511,0.1388
529,980,1509,0.1388
525,983,1508,0.1388
521,985,1506,0.1388
519,986,1505,0.1388
521,991,1512,0.1388
519,983,1502,0.1388
510,982,1492,0.1388
512,984,1496,0.1388
512,992,1504,0.1388
512,998,1510,0.1388
519,988,1507,0.1388
521,1001,1522,0.1388
519,998,1517,0.1388
522,986,1508,0.1388
523,1001,1524,0.1388
525,995,1520,0.1388
518,986,1504,0.1388
518,985,1503,0.1388
516,990,1506,0.1388
521,995,1516,0.1388
520,1008,1528,0.1388
515,1021,1536,0.1388
517,1002,1519,0.1388
519,1005,1524,0.1388
516,994,1510,0.1388
511,992,1503,0.1388
515,979,1494,0.1388
514,983,1497,0.1388
511,987,1498,0.1388
516,984,1500,0.1388
522,992,1514,0.1388
524,994,1518,0.1388
522,991,1513,0.1388
517,989,1506,0.1388
508,985,1493,0.1388
517,983,1500,0.1388
511,1007,1518,0.1388
508,1011,1519,0.1388
505,1012,1517,0.1388
490,1013,1503,0.1388
489,1012,1501,0.1388
490,1015,1505,0.1388
494,1007,1501,0.1388
505,1031,1536,0.1388
496,1022,1518,0.1388
488,1015,1503,0.1388
485,1019,1504,0.1388
483,1022,1505,0.1388
481,1006,1487,0.1388
490,1012,1502,0.1388
486,1016,1502,0.1388
488,1015,1503,0.1388
489,1008,1497,0.1388
495,1005,1500,0.1388
492,998,1490,0.1388
490,1009,1499,0.1388
491,1016,1507,0.1388
493,1018,1511,0.1388
488,1015,1503,0.1388
485,1022,1507,0.1388
479,1021,1500,0.1388
474,1011,1485,0.1388
481,1025,1506,0.1388
476,1036,1512,0.1388
474,1040,1514,0.1388
473,1045,1518,0.1388
467,1043,1510,0.1388
470,1046,1516,0.1388
461,1052,1513,0.1388
471,1048,1519,0.1388
474,1050,1524,0.1388
468,1052,1520,0.1388
470,1048,1518,0.1388
461,1050,1511,0.1388
459,1053,1512,0.1388
455,1058,1513,0.1388
457,1063,1520,0.1388
456,1057,1513,0.1388
450,1066,1516,0.1388
449,1064,1513,0.1388
447,1066,1513,0.1388
452,1059,1511,0.1388
446,1051,1497,0.1388
449,1052,1501,0.1388
447,1061,1508,0.1388
439,1052,1491,0.1388
438,1072,1510,0.1388
437,1086,1523,0.1388
439,1082,1521,0.1388
436,1081,1517,0.1388
429,1083,1512,0.1388
422,1076,1498,0.1388
426,1069,1495,0.1388
424,1080,1504,0.1388
426,1074,1500,0.1388
428,1079,1507,0.1388
431,1074,1505,0.1388
434,1083,1517,0.1388
429,1080,1509,0.1388
425,1092,1517,0.1388
426,1095,1521,0.1388
421,1090,1511,0.1388
417,1079,1496,0.1388
418,1083,1501,0.1388
423,1092,1515,0.1388
429,1099,1528,0.1388
433,1093,1526,0.1388
433,1102,1535,0.1388
427,1101,1528,0.1388
425,1089,1514,0.1388
431,1088,1519,0.1388
423,1076,1499,0.1388
427,1080,1507,0.1388
428,1080,1508,0.1388
432,1087,1519,0.1388
424,1098,1522,0.1388
414,1098,1512,0.1388
417,1100,1517,0.1388
408,1104,1512,0.1388
412,1100,1512,0.1388
418,1099,1517,0.1388
421,1094,1515,0.1388
420,1099,1519,0.1388
421,1097,1518,0.1388
420,1097,1517,0.1388
422,1097,1519,0.1388
427,1098,1525,0.1388
423,1094,1517,0.1388
425,1085,1510,0.1388
432,1085,1517,0.1388
431,1079,1510,0.1388
427,1086,1513,0.1388
431,1089,1520,0.1388
430,1084,1514,0.1388
425,1099,1524,0.1388
418,1099,1517,0.1388
422,1089,1511,0.1388
414,1094,1508,0.1388
412,1094,1506,0.1388
418,1101,1519,0.1388
412,1101,1513,0.1388
416,1105,1521,0.1388
411,1107,1518,0.1388
413,1095,1508,0.1388
410,1096,1506,0.1388
409,1102,1511,0.1388
407,1106,1513,0.1388
413,1107,1520,0.1388
409,1103,1512,0.1388
413,1100,1513,0.1388
408,1099,1507,0.1388
407,1101,1508,0.1388
403,1109,1512,0.1388
400,1109,1509,0.1388
402,1101,1503,0.1388
396,1107,1503,0.1388
398,1117,1515,0.1388
396,1117,1513,0.1388
393,1123,1516,0.1388
388,1117,1505,0.1388
391,1115,1506,0.1388
391,1124,1515,0.1388
391,1123,1514,0.1388
386,1125,1511,0.1388
386,1134,1520,0.1388
386,1135,1521,0.1388
384,1127,1511,0.1388
383,1120,1503,0.1388
378,1121,1499,0.1388
379,1127,1506,0.1388
380,1133,1513,0.1388
380,1131,1511,0.1388
388,1126,1514,0.1388
387,1122,1509,0.1388
386,1129,1515,0.1388
387,1136,1523,0.1388
382,1129,1511,0.1388
377,1123,1500,0.1388
379,1123,1502,0.1388
379,1119,1498,0.1388
383,1126,1509,0.1388
382,1119,1501,0.1388
382,1114,1496,0.1388
376,1128,1504,0.1388
374,1125,1499,0.1388
372,1130,1502,0.1388
366,1127,1493,0.1388
363,1142,1505,0.1388
365,1143,1508,0.1388
369,1142,1511,0.1388
368,1146,1514,0.1388
372,1146,1518,0.1388
363,1138,1501,0.1388
365,1141,1506,0.1388
365,1133,1498,0.1388
363,1141,1504,0.1388
367,1145,1512,0.1388
374,1153,1527,0.1388
360,1140,1500,0.1388
362,1141,1503,0.1388
360,1145,1505,0.1388
362,1143,1505,0.1388
366,1139,1505,0.1388
366,1147,1513,0.1388
366,1154,1520,0.1388
369,1159,1528,0.1388
367,1149,1516,0.1388
364,1150,1514,0.1388
361,1159,1520,0.1388
361,1156,1517,0.1388
361,1152,1513,0.1388
363,1158,1521,0.1388
357,1157,1514,0.1388
357,1152,1509,0.1388
356,1148,1504,0.1388
361,1156,1517,0.1388
363,1169,1532,0.1388
361,1159,1520,0.1388
357,1145,1502,0.1388
361,1146,1507,0.1388
358,1156,1514,0.1388
361,1165,1526,0.1388
357,1163,1520,0.1388
355,1165,1520,0.1388
354,1162,1516,0.1388
356,1157,1513,0.1388
354,1154,1508,0.1388
357,1154,1511,0.1388
362,1149,1511,0.1388
363,1156,1519,0.1388
365,1133,1498,0.1388
360,1150,1510,0.1388
358,1146,1504,0.1388
358,1146,1504,0.1388
359,1152,1511,0.1388
354,1161,1515,0.1388
358,1156,1514,0.1388
350,1148,1498,0.1388
345,1158,1503,0.1388
343,1173,1516,0.1388
348,1176,1524,0.1388
342,1172,1514,0.1388
337,1174,1511,0.1388
334,1185,1519,0.1388
335,1188,1523,0.1388
333,1180,1513,0.1388
336,1187,1523,0.1388
334,1184,1518,0.1388
334,1182,1516,0.1388
329,1185,1514,0.1388
326,1185,1511,0.1388
328,1180,1508,0.1388
324,1184,1508,0.1388
321,1184,1505,0.1388
325,1188,1513,0.1388
324,1187,1511,0.1388
322,1200,1522,0.1388
328,1199,1527,0.1388
328,1202,1530,0.1388
330,1202,1532,0.1388
329,1191,1520,0.1388
337,1188,1525,0.1388
331,1193,1524,0.1388
328,1176,1504,0.1388
324,1183,1507,0.1388
321,1184,1505,0.1388
326,1184,1510,0.1388
326,1185,1511,0.1388
324,1188,1512,0.1388
323,1191,1514,0.1388
327,1191,1518,0.1388
323,1202,1525,0.1388
318,1194,1512,0.1388
320,1196,1516,0.1388
327,1187,1514,0.1388
321,1195,1516,0.1388
320,1200,1520,0.1388
314,1195,1509,0.1388
315,1184,1499,0.1388
322,1193,1515,0.1388
321,1184,1505,0.1388
327,1188,1515,0.1388
323,1193,1516,0.1388
318,1203,1521,0.1388
323,1197,1520,0.1388
323,1192,1515,0.1388
325,1204,1529,0.1388
321,1193,1514,0.1388
318,1192,1510,0.1388
318,1189,1507,0.1388
317,1176,1493,0.1388
324,1189,1513,0.1388
320,1183,1503,0.1388
322,1192,1514,0.1388
318,1187,1505,0.1388
320,1181,1501,0.1388
321,1172,1493,0.1388
317,1184,1501,0.1388
316,1196,1512,0.1388
318,1195,1513,0.1388
313,1190,1503,0.1388
305,1200,1505,0.1388
308,1202,1510,0.1388
303,1192,1495,0.1388
302,1200,1502,0.1388
304,1200,1504,0.1388
297,1195,1492,0.1388
299,1205,1504,0.1388
300,1208,1508,0.1388
297,1219,1516,0.1388
299,1216,1515,0.1388
303,1214,1517,0.1388
301,1218,1519,0.1388
300,1225,1525,0.1388
292,1226,1518,0.1388
300,1226,1526,0.1388
300,1227,1527,0.1388
306,1218,1524,0.1388
307,1218,1525,0.1388
301,1216,1517,0.1388
296,1222,1518,0.1388
299,1226,1525,0.1388
295,1225,1520,0.1388
293,1227,1520,0.1388
291,1214,1505,0.1388
285,1219,1504,0.1388
278,1211,1489,0.1388
278,1216,1494,0.1388
282,1221,1503,0.1388
279,1220,1499,0.1388
286,1214,1500,0.1388
289,1212,1501,0.1388
285,1200,1485,0.1388
287,1205,1492,0.1388
286,1224,1510,0.1388
288,1224,1512,0.1388
282,1224,1506,0.1388
284,1217,1501,0.1388
290,1226,1516,0.1388
292,1227,1519,0.1388
293,1238,1531,0.1388
291,1232,1523,0.1388
285,1226,1511,0.1388
282,1237,1519,0.1388
280,1235,1515,0.1388
283,1234,1517,0.1388
284,1232,1516,0.1388
283,1234,1517,0.1388
288,1232,1520,0.1388
284,1223,1507,0.1388
279,1220,1499,0.1388
275,1225,1500,0.1388
279,1227,1506,0.1388
280,1230,1510,0.1388
275,1225,1500,0.1388
276,1233,1509,0.1388
283,1228,1511,0.1388
282,1226,1508,0.1388
277,1214,1491,0.1388
278,1231,1509,0.1388
284,1227,1511,0.1388
283,1227,1510,0.1388
283,1229,1512,0.1388
281,1235,1516,0.1388
288,1237,1525,0.1388
281,1240,1521,0.1388
279,1230,1509,0.1388
275,1236,1511,0.1388
276,1231,1507,0.1388
273,1233,1506,0.1388
274,1222,1496,0.1388
278,1219,1497,0.1388
274,1227,1501,0.1388
273,1237,1510,0.1388
271,1242,1513,0.1388
271,1236,1507,0.1388
275,1237,1512,0.1388
270,1237,1507,0.1388
267,1252,1519,0.1388
270,1249,1519,0.1388
265,1255,1520,0.1388
260,1247,1507,0.1388
263,1250,1513,0.1388
257,1250,1507,0.1388
257,1266,1523,0.1388
251,1260,1511,0.1388
251,1251,1502,0.1388
253,1253,1506,0.1388
252,1255,1507,0.1388
253,1263,1516,0.1388
247,1265,1512,0.1388
250,1261,1511,0.1388
246,1267,1513,0.1388
247,1244,1491,0.1388
245,1250,1495,0.1388
247,1247,1494,0.1388
255,1241,1496,0.1388
251,1254,1505,0.1388
252,1269,1521,0.1388
253,1262,1515,0.1388
251,1261,1512,0.1388
248,1257,1505,0.1388
249,1265,1514,0.1388
242,1259,1501,0.1388
245,1252,1497,0.1388
245,1269,1514,0.1388
242,1259,1501,0.1388
241,1252,1493,0.1388
244,1255,1499,0.1388
239,1252,1491,0.1388
242,1263,1505,0.1388
246,1253,1499,0.1388
249,1263,1512,0.1388
244,1267,1511,0.1388
243,1273,1516,0.1388
240,1282,1522,0.1388
238,1271,1509,0.1388
239,1271,1510,0.1388
244,1266,1510,0.1388
245,1267,1512,0.1388
247,1276,1523,0.1388
250,1268,1518,0.1388
249,1273,1522,0.1388
249,1272,1521,0.1388
248,1260,1508,0.1388
239,1274,1513,0.1388
243,1275,1518,0.1388
242,1276,1518,0.1388
241,1271,1512,0.1388
240,1274,1514,0.1388
239,1287,1526,0.1388
239,1282,1521,0.1388
241,1273,1514,0.1388
238,1259,1497,0.1388
242,1257,1499,0.1388
250,1265,1515,0.1388
247,1262,1509,0.1388
248,1254,1502,0.1388
252,1265,1517,0.1388
247,1261,1508,0.1388
243,1260,1503,0.1388
245,1278,1523,0.1388
247,1275,1522,0.1388
244,1270,1514,0.1388
246,1274,1520,0.1388
240,1260,1500,0.1388
238,1264,1502,0.1388
236,1273,1509,0.1388
233,1285,1518,0.1388
235,1281,1516,0.1388
233,1273,1506,0.1388
234,1272,1506,0.1388
235,1268,1503,0.1388
239,1282,1521,0.1388
233,1285,1518,0.1388
230,1287,1517,0.1388
226,1280,1506,0.1388
228,1282,1510,0.1388
223,1284,1507,0.1388
225,1286,1511,0.1388
225,1277,1502,0.1388
222,1276,1498,0.1388
219,1285,1504,0.1388
218,1288,1506,0.1388
213,1288,1501,0.1388
217,1270,1487,0.1388
223,1285,1508,0.1388
221,1279,1500,0.1388
217,1295,1512,0.1388
219,1287,1506,0.1388
217,1300,1517,0.1388
218,1294,1512,0.1388
224,1290,1514,0.1388
228,1280,1508,0.1388
231,1291,1522,0.1388
225,1299,1524,0.1388
227,1295,1522,0.1388
228,1306,1534,0.1388
230,1305,1535,0.1388
229,1291,1520,0.1388
232,1294,1526,0.1388
233,1300,1533,0.1388
229,1303,1532,0.1388
226,1302,1528,0.1388
225,1294,1519,0.1388
221,1292,1513,0.1388
223,1292,1515,0.1388
220,1291,1511,0.1388
219,1297,1516,0.1388
217,1296,1513,0.1388
220,1294,1514,0.1388
213,1300,1513,0.1388
213,1296,1509,0.1388
207,1304,1511,0.1388
206,1299,1505,0.1388
204,1302,1506,0.1388
204,1302,1506,0.1388
206,1309,1515,0.1388
210,1305,1515,0.1388
207,1304,1511,0.1388
206,1306,1512,0.1388
202,1311,1513,0.1388
206,1308,1514,0.1388
201,1321,1522,0.1388
197,1308,1505,0.1388
197,1304,1501,0.1388
198,1311,1509,0.1388
192,1312,1504,0.1388
189,1321,1510,0.1388
191,1325,1516,0.1388
188,1325,1513,0.1388
189,1318,1507,0.1388
186,1337,1523,0.1388
183,1334,1517,0.1388
184,1337,1521,0.1388
187,1333,1520,0.1388
187,1334,1521,0.1388
184,1317,1501,0.1388
186,1330,1516,0.1388
190,1330,1520,0.1388
189,1326,1515,0.1388
193,1324,1517,0.1388
185,1319,1504,0.1388
188,1331,1519,0.1388
185,1332,1517,0.1388
182,1325,1507,0.1388
181,1328,1509,0.1388
178,1333,1511,0.1388
172,1343,1515,0.1388
170,1336,1506,0.1388
169,1338,1507,0.1388
171,1344,1515,0.1388
172,1338,1510,0.1388
171,1337,1508,0.1388
170,1343,1513,0.1388
166,1341,1507,0.1388
168,1359,1527,0.1388
165,1332,1497,0.1388
166,1334,1500,0.1388
167,1350,1517,0.1388
162,1342,1504,0.1388
160,1349,1509,0.1388
158,1355,1513,0.1388
159,1349,1508,0.1388
160,1350,1510,0.1388
160,1343,1503,0.1388
163,1340,1503,0.1388
161,1341,1502,0.1388
162,1344,1506,0.1388
164,1350,1514,0.1388
166,1355,1521,0.1388
165,1336,1501,0.1388
166,1345,1511,0.1388
164,1349,1513,0.1388
164,1350,1514,0.1388
164,1343,1507,0.1388
164,1350,1514,0.1388
166,1353,1519,0.1388
167,1355,1522,0.1388
167,1362,1529,0.1388
166,1348,1514,0.1388
169,1365,1534,0.1388
169,1348,1517,0.1388
166,1349,1515,0.1388
166,1351,1517,0.1388
163,1348,1511,0.1388
168,1344,1512,0.1388
165,1347,1512,0.1388
165,1351,1516,0.1388
169,1348,1517,0.1388
169,1344,1513,0.1388
170,1342,1512,0.1388
173,1334,1507,0.1388
170,1331,1501,0.1388
174,1331,1505,0.1388
168,1342,1510,0.1388
171,1328,1499,0.1388
175,1326,1501,0.1388
174,1324,1498,0.1388
172,1330,1502,0.1388
174,1330,1504,0.1388
174,1338,1512,0.1388
179,1335,1514,0.1388
176,1337,1513,0.1388
174,1345,1519,0.1388
175,1337,1512,0.1388
176,1344,1520,0.1388
180,1344,1524,0.1388
170,1341,1511,0.1388
169,1345,1514,0.1388
166,1346,1512,0.1388
166,1342,1508,0.1388
165,1341,1506,0.1388
165,1348,1513,0.1388
162,1360,1522,0.1388
166,1356,1522,0.1388
164,1361,1525,0.1388
166,1355,1521,0.1388
158,1365,1523,0.1388
159,1347,1506,0.1388
157,1328,1485,0.1388
158,1342,1500,0.1388
156,1341,1497,0.1388
159,1338,1497,0.1388
160,1347,1507,0.1388
159,1369,1528,0.1388
159,1366,1525,0.1388
158,1355,1513,0.1388
159,1362,1521,0.1388
161,1358,1519,0.1388
161,1355,1516,0.1388
163,1359,1522,0.1388
158,1366,1524,0.1388
154,1360,1514,0.1388
149,1357,1506,0.1388
149,1366,1515,0.1388
151,1368,1519,0.1388
148,1366,1514,0.1388
145,1368,1513,0.1388
146,1364,1510,0.1388
143,1370,1513,0.1388
142,1371,1513,0.1388
146,1369,1515,0.1388
147,1363,1510,0.1388
147,1373,1520,0.1388
145,1360,1505,0.1388
141,1359,1500,0.1388
139,1365,1504,0.1388
134,1357,1491,0.1388
135,1352,1487,0.1388
140,1348,1488,0.1388
140,1355,1495,0.1388
139,1357,1496,0.1388
142,1362,1504,0.1388
137,1372,1509,0.1388
136,1382,1518,0.1388
140,1391,1531,0.1388
139,1391,1530,0.1388
140,1399,1539,0.1388
141,1387,1528,0.1388
141,1388,1529,0.1388
143,1380,1523,0.1388
142,1384,1526,0.1388
141,1385,1526,0.1388
137,1374,1511,0.1388
136,1377,1513,0.1388
136,1375,1511,0.1388
138,1372,1510,0.1388
134,1373,1507,0.1388
135,1373,1508,0.1388
136,1380,1516,0.1388
136,1380,1516,0.1388
136,1381,1517,0.1388
140,1374,1514,0.1388
139,1388,1527,0.1388
141,1386,1527,0.1388
139,1379,1518,0.1388
138,1376,1514,0.1388
136,1377,1513,0.1388
133,1379,1512,0.1388
130,1390,1520,0.1388
126,1384,1510,0.1388
127,1369,1496,0.1388
127,1378,1505,0.1388
133,1382,1515,0.1388
130,1379,1509,0.1388
128,1387,1515,0.1388
129,1391,1520,0.1388
126,1384,1510,0.1388
125,1390,1515,0.1388
124,1395,1519,0.1388
126,1402,1528,0.1388
124,1398,1522,0.1388
125,1390,1515,0.1388
128,1379,1507,0.1388
128,1388,1516,0.1388
126,1392,1518,0.1388
127,1397,1524,0.1388
121,1399,1520,0.1388
124,1409,1533,0.1388
123,1399,1522,0.1388
123,1402,1525,0.1388
119,1392,1511,0.1388
120,1401,1521,0.1388
119,1402,1521,0.1388
121,1401,1522,0.1388
121,1387,1508,0.1388
120,1379,1499,0.1388
118,1392,1510,0.1388
119,1380,1499,0.1388
121,1393,1514,0.1388
121,1389,1510,0.1388
123,1375,1498,0.1388
124,1380,1504,0.1388
119,1386,1505,0.1388
120,1378,1498,0.1388
121,1387,1508,0.1388
118,1394,1512,0.1388
121,1389,1510,0.1388
119,1393,1512,0.1388
122,1393,1515,0.1388
118,1395,1513,0.1388
122,1396,1518,0.1388
120,1399,1519,0.1388
116,1405,1521,0.1388
120,1410,1530,0.1388
118,1403,1521,0.1388
115,1388,1503,0.1388
116,1384,1500,0.1388
116,1392,1508,0.1388
119,1384,1503,0.1388
122,1374,1496,0.1388
123,1363,1486,0.1388
121,1377,1498,0.1388
119,1383,1502,0.1388
121,1384,1505,0.1388
125,1370,1495,0.1388
123,1376,1499,0.1388
121,1369,1490,0.1388
118,1377,1495,0.1388
122,1390,1512,0.1388
124,1387,1511,0.1388
125,1378,1503,0.1388
124,1379,1503,0.1388
123,1394,1517,0.1388
126,1397,1523,0.1388
127,1393,1520,0.1388
121,1378,1499,0.1388
121,1387,1508,0.1388
119,1386,1505,0.1388
119,1377,1496,0.1388
125,1384,1509,0.1388
126,1398,1524,0.1388
129,1387,1516,0.1388
128,1378,1506,0.1388
124,1368,1492,0.1388
119,1377,1496,0.1388
126,1393,1519,0.1388
129,1386,1515,0.1388
127,1387,1514,0.1388
122,1381,1503,0.1388
123,1393,1516,0.1388
127,1402,1529,0.1388
130,1403,1533,0.1388
125,1390,1515,0.1388
121,1380,1501,0.1388
124,1381,1505,0.1388
117,1387,1504,0.1388
117,1396,1513,0.1388
120,1397,1517,0.1388
125,1398,1523,0.1388
121,1393,1514,0.1388
122,1390,1512,0.1388
121,1390,1511,0.1388
121,1381,1502,0.1388
119,1402,1521,0.1388
117,1406,1523,0.1388
116,1393,1509,0.1388
118,1403,1521,0.1388
120,1398,1518,0.1388
123,1390,1513,0.1388
121,1385,1506,0.1388
123,1379,1502,0.1388
121,1380,1501,0.1388
124,1378,1502,0.1388
126,1381,1507,0.1388
127,1402,1529,0.1388
123,1389,1512,0.1388
122,1389,1511,0.1388
118,1387,1505,0.1388
119,1385,1504,0.1388
124,1390,1514,0.1388
126,1402,1528,0.1388
125,1395,1520,0.1388
124,1400,1524,0.1388
125,1402,1527,0.1388
126,1396,1522,0.1388
123,1400,1523,0.1388
121,1399,1520,0.1388
124,1407,1531,0.1388
122,1397,1519,0.1388
122,1386,1508,0.1388
124,1382,1506,0.1388
121,1386,1507,0.1388
118,1394,1512,0.1388
120,1393,1513,0.1388
119,1405,1524,0.1388
120,1397,1517,0.1388
120,1394,1514,0.1388
118,1401,1519,0.1388
118,1400,1518,0.1388
117,1409,1526,0.1388
115,1393,1508,0.1388
116,1375,1491,0.1388
115,1371,1486,0.1388
112,1367,1479,0.1388
108,1380,1488,0.1388
106,1382,1488,0.1388
107,1387,1494,0.1388
106,1398,1504,0.1388
111,1411,1522,0.1388
113,1407,1520,0.1388
111,1406,1517,0.1388
110,1415,1525,0.1388
108,1416,1524,0.1388
104,1416,1520,0.1388
106,1412,1518,0.1388
103,1408,1511,0.1388
106,1412,1518,0.1388
110,1401,1511,0.1388
109,1399,1508,0.1388
113,1404,1517,0.1388
111,1409,1520,0.1388
113,1422,1535,0.1388
112,1422,1534,0.1388
111,1420,1531,0.1388
109,1427,1536,0.1388
107,1418,1525,0.1388
102,1419,1521,0.1388
104,1420,1524,0.1388
106,1423,1529,0.1388
109,1414,1523,0.1388
110,1420,1530,0.1388
111,1406,1517,0.1388
110,1389,1499,0.1388
109,1389,1498,0.1388
110,1393,1503,0.1388
109,1393,1502,0.1388
109,1393,1502,0.1388
113,1389,1502,0.1388
116,1400,1516,0.1388
118,1384,1502,0.1388
116,1370,1486,0.1388
117,1390,1507,0.1388
115,1394,1509,0.1388
115,1389,1504,0.1388
113,1392,1505,0.1388
108,1401,1509,0.1388
107,1402,1509,0.1388
102,1407,1509,0.1388
104,1407,1511,0.1388
105,1410,1515,0.1388
105,1399,1504,0.1388
108,1403,1511,0.1388
110,1416,1526,0.1388
114,1421,1535,0.1388
114,1414,1528,0.1388
115,1420,1535,0.1388
112,1419,1531,0.1388
112,1411,1523,0.1388
111,1407,1518,0.1388
108,1408,1516,0.1388
106,1419,1525,0.1388
108,1414,1522,0.1388
111,1406,1517,0.1388
112,1420,1532,0.1388
114,1402,1516,0.1388
113,1407,1520,0.1388
112,1399,1511,0.1388
108,1412,1520,0.1388
105,1415,1520,0.1388
103,1415,1518,0.1388
107,1414,1521,0.1388
105,1412,1517,0.1388
103,1413,1516,0.1388
104,1408,1512,0.1388
102,1404,1506,0.1388
101,1409,1510,0.1388
100,1410,1510,0.1388
99,1408,1507,0.1388
99,1422,1521,0.1388
100,1406,1506,0.1388
98,1406,1504,0.1388
99,1414,1513,0.1388
99,1408,1507,0.1388
98,1410,1508,0.1388
94,1410,1504,0.1388
95,1406,1501,0.1388
94,1412,1506,0.1388
97,1413,1510,0.1388
98,1411,1509,0.1388
97,1418,1515,0.1388
93,1418,1511,0.1388
91,1425,1516,0.1388
91,1427,1518,0.1388
93,1425,1518,0.1388
91,1425,1516,0.1388
90,1420,1510,0.1388
92,1414,1506,0.1388
92,1413,1505,0.1388
92,1418,1510,0.1388
94,1419,1513,0.1388
93,1420,1513,0.1388
90,1426,1516,0.1388
92,1428,1520,0.1388
91,1425,1516,0.1388
90,1417,1507,0.1388
91,1418,1509,0.1388
91,1427,1518,0.1388
91,1453,1544,0.1388
88,1434,1522,0.1388
88,1429,1517,0.1388
85,1432,1517,0.1388
84,1430,1514,0.1388
84,1434,1518,0.1388
86,1422,1508,0.1388
86,1418,1504,0.1388
86,1412,1498,0.1388
88,1417,1505,0.1388
88,1418,1506,0.1388
93,1417,1510,0.1388
93,1411,1504,0.1388
94,1418,1512,0.1388
93,1422,1515,0.1388
92,1418,1510,0.1388
94,1419,1513,0.1388
94,1421,1515,0.1388
94,1430,1524,0.1388
97,1439,1536,0.1388
96,1409,1505,0.1388
94,1404,1498,0.1388
91,1419,1510,0.1388
92,1422,1514,0.1388
91,1429,1520,0.1388
88,1422,1510,0.1388
87,1416,1503,0.1388
84,1412,1496,0.1388
84,1424,1508,0.1388
88,1423,1511,0.1388
87,1422,1509,0.1388
84,1428,1512,0.1388
82,1426,1508,0.1388
83,1429,1512,0.1388
86,1416,1502,0.1388
84,1427,1511,0.1388
82,1431,1513,0.1388
80,1424,1504,0.1388
81,1442,1523,0.1388
81,1435,1516,0.1388
82,1438,1520,0.1388
82,1437,1519,0.1388
80,1432,1512,0.1388
82,1436,1518,0.1388
81,1433,1514,0.1388
79,1423,1502,0.1388
79,1433,1512,0.1388
78,1445,1523,0.1388
80,1449,1529,0.1388
77,1444,1521,0.1388
74,1445,1519,0.1388
75,1433,1508,0.1388
71,1442,1513,0.1388
69,1445,1514,0.1388
70,1439,1509,0.1388
72,1446,1518,0.1388
71,1445,1516,0.1388
68,1448,1516,0.1388
65,1451,1516,0.1388
63,1445,1508,0.1388
63,1450,1513,0.1388
66,1446,1512,0.1388
69,1444,1513,0.1388
67,1443,1510,0.1388
64,1441,1505,0.1388
65,1439,1504,0.1388
65,1442,1507,0.1388
64,1451,1515,0.1388
64,1462,1526,0.1388
65,1461,1526,0.1388
65,1465,1530,0.1388
64,1464,1528,0.1388
63,1452,1515,0.1388
59,1437,1496,0.1388
57,1438,1495,0.1388
59,1437,1496,0.1388
60,1447,1507,0.1388
58,1456,1514,0.1388
60,1448,1508,0.1388
59,1453,1512,0.1388
61,1454,1515,0.1388
61,1454,1515,0.1388
61,1462,1523,0.1388
62,1467,1529,0.1388
62,1459,1521,0.1388
59,1459,1518,0.1388
60,1455,1515,0.1388
58,1440,1498,0.1388
60,1441,1501,0.1388
58,1452,1510,0.1388
61,1449,1510,0.1388
61,1448,1509,0.1388
62,1451,1513,0.1388
65,1450,1515,0.1388
64,1449,1513,0.1388
64,1441,1505,0.1388
65,1451,1516,0.1388
65,1449,1514,0.1388
63,1456,1519,0.1388
63,1466,1529,0.1388
64,1462,1526,0.1388
63,1458,1521,0.1388
63,1462,1525,0.1388
62,1452,1514,0.1388
58,1458,1516,0.1388
60,1460,1520,0.1388
59,1463,1522,0.1388
59,1467,1526,0.1388
60,1470,1530,0.1388
56,1476,1532,0.1388
59,1469,1528,0.1388
61,1472,1533,0.1388
60,1467,1527,0.1388
59,1458,1517,0.1388
56,1443,1499,0.1388
55,1440,1495,0.1388
55,1440,1495,0.1388
56,1441,1497,0.1388
54,1447,1501,0.1388
54,1460,1514,0.1388
56,1453,1509,0.1388
56,1456,1512,0.1388
55,1448,1503,0.1388
55,1448,1503,0.1388
57,1447,1504,0.1388
58,1457,1515,0.1388
57,1469,1526,0.1388
55,1465,1520,0.1388
55,1455,1510,0.1388
55,1452,1507,0.1388
52,1456,1508,0.1388
57,1465,1522,0.1388
56,1460,1516,0.1388
51,1466,1517,0.1388
51,1461,1512,0.1388
52,1459,1511,0.1388
52,1474,1526,0.1388
51,1469,1520,0.1388
53,1469,1522,0.1388
52,1469,1521,0.1388
51,1464,1515,0.1388
50,1454,1504,0.1388
51,1460,1511,0.1388
52,1455,1507,0.1388
50,1463,1513,0.1388
46,1478,1524,0.1388
48,1474,1522,0.1388
48,1467,1515,0.1388
47,1470,1517,0.1388
47,1475,1522,0.1388
47,1483,1530,0.1388
49,1467,1516,0.1388
50,1464,1514,0.1388
51,1455,1506,0.1388
49,1448,1497,0.1388
51,1466,1517,0.1388
48,1474,1522,0.1388
48,1472,1520,0.1388
49,1467,1516,0.1388
48,1454,1502,0.1388
47,1469,1516,0.1388
47,1470,1517,0.1388
49,1468,1517,0.1388
47,1450,1497,0.1388
49,1458,1507,0.1388
48,1465,1513,0.1388
45,1468,1513,0.1388
46,1464,1510,0.1388
47,1469,1516,0.1388
45,1475,1520,0.1388
45,1477,1522,0.1388
44,1486,1530,0.1388
43,1484,1527,0.1388
44,1482,1526,0.1388
44,1476,1520,0.1388
43,1475,1518,0.1388
43,1464,1507,0.1388
42,1470,1512,0.1388
43,1461,1504,0.1388
40,1462,1502,0.1388
41,1462,1503,0.1388
44,1472,1516,0.1388
42,1478,1520,0.1388
40,1478,1518,0.1388
41,1471,1512,0.1388
43,1464,1507,0.1388
45,1467,1512,0.1388
44,1462,1506,0.1388
45,1478,1523,0.1388
45,1471,1516,0.1388
46,1454,1500,0.1388
48,1446,1494,0.1388
44,1438,1482,0.1388
45,1453,1498,0.1388
43,1462,1505,0.1388
41,1460,1501,0.1388
41,1462,1503,0.1388
41,1461,1502,0.1388
41,1472,1513,0.1388
42,1483,1525,0.1388
40,1480,1520,0.1388
39,1479,1518,0.1388
40,1486,1526,0.1388
40,1480,1520,0.1388
40,1478,1518,0.1388
39,1475,1514,0.1388
39,1474,1513,0.1388
38,1478,1516,0.1388
39,1479,1518,0.1388
39,1470,1509,0.1388
40,1472,1512,0.1388
39,1467,1506,0.1388
40,1481,1521,0.1388
40,1488,1528,0.1388
41,1461,1502,0.1388
41,1457,1498,0.1388
40,1469,1509,0.1388
40,1468,1508,0.1388
41,1474,1515,0.1388
42,1474,1516,0.1388
42,1469,1511,0.1388
41,1464,1505,0.1388
41,1473,1514,0.1388
40,1490,1530,0.1388
39,1480,1519,0.1388
37,1480,1517,0.1388
38,1493,1531,0.1388
36,1488,1524,0.1388
36,1486,1522,0.1388
36,1482,1518,0.1388
38,1482,1520,0.1388
38,1477,1515,0.1388
38,1481,1519,0.1388
36,1490,1526,0.1388
36,1490,1526,0.1388
36,1478,1514,0.1388
36,1483,1519,0.1388
36,1489,1525,0.1388
35,1473,1508,0.1388
36,1479,1515,0.1388
32,1481,1513,0.1388
32,1487,1519,0.1388
32,1485,1517,0.1388
31,1480,1511,0.1388
31,1479,1510,0.1388
31,1476,1507,0.1388
28,1478,1506,0.1388
28,1476,1504,0.1388
26,1479,1505,0.1388
25,1493,1518,0.1388
27,1483,1510,0.1388
27,1485,1512,0.1388
25,1489,1514,0.1388
26,1496,1522,0.1388
25,1499,1524,0.1388
25,1502,1527,0.1388
26,1501,1527,0.1388
25,1489,1514,0.1388
26,1492,1518,0.1388
27,1484,1511,0.1388
29,1481,1510,0.1388
28,1495,1523,0.1388
28,1489,1517,0.1388
26,1491,1517,0.1388
28,1480,1508,0.1388
27,1489,1516,0.1388
26,1484,1510,0.1388
26,1484,1510,0.1388
26,1500,1526,0.1388
27,1483,1510,0.1388
25,1483,1508,0.1388
25,1487,1512,0.1388
25,1483,1508,0.1388
26,1487,1513,0.1388
26,1476,1502,0.1388
26,1480,1506,0.1388
27,1489,1516,0.1388
27,1481,1508,0.1388
28,1480,1508,0.1388
28,1476,1504,0.1388
27,1480,1507,0.1388
26,1484,1510,0.1388
26,1493,1519,0.1388
25,1488,1513,0.1388
24,1481,1505,0.1388
24,1483,1507,0.1388
25,1493,1518,0.1388
24,1490,1514,0.1388
23,1480,1503,0.1388
22,1496,1518,0.1388
22,1505,1527,0.1388
20,1494,1514,0.1388
21,1486,1507,0.1388
22,1486,1508,0.1388
21,1467,1488,0.1388
24,1470,1494,0.1388
24,1471,1495,0.1388
24,1472,1496,0.1388
24,1480,1504,0.1388
23,1488,1511,0.1388
23,1484,1507,0.1388
22,1494,1516,0.1388
20,1493,1513,0.1388
21,1483,1504,0.1388
21,1486,1507,0.1388
21,1485,1506,0.1388
21,1479,1500,0.1388
21,1486,1507,0.1388
20,1499,1519,0.1388
19,1509,1528,0.1388
19,1506,1525,0.1388
20,1508,1528,0.1388
20,1513,1533,0.1388
20,1504,1524,0.1388
20,1501,1521,0.1388
20,1513,1533,0.1388
19,1502,1521,0.1388
19,1498,1517,0.1388
19,1493,1512,0.1388
19,1493,1512,0.1388
18,1499,1517,0.1388
17,1517,1534,0.1388
17,1504,1521,0.1388
17,1494,1511,0.1388
15,1488,1503,0.1388
17,1496,1513,0.1388
17,1495,1512,0.1388
17,1500,1517,0.1388
17,1496,1513,0.1388
19,1498,1517,0.1388
18,1501,1519,0.1388
17,1488,1505,0.1388
17,1494,1511,0.1388
16,1518,1534,0.1388
16,1521,1537,0.1388
16,1505,1521,0.1388
18,1511,1529,0.1388
18,1505,1523,0.1388
17,1504,1521,0.1388
17,1499,1516,0.1388
15,1497,1512,0.1388
15,1504,1519,0.1388
15,1505,1520,0.1388
14,1508,1522,0.1388
14,1517,1531,0.1388
14,1510,1524,0.1388
14,1519,1533,0.1388
13,1513,1526,0.1388
13,1503,1516,0.1388
13,1514,1527,0.1388
14,1502,1516,0.1388
15,1509,1524,0.1388
15,1508,1523,0.1388
16,1496,1512,0.1388
16,1502,1518,0.1388
17,1505,1522,0.1388
18,1491,1509,0.1388
19,1502,1521,0.1388
18,1502,1520,0.1388
19,1514,1533,0.1388
19,1521,1540,0.1388
19,1503,1522,0.1388
20,1499,1519,0.1388
19,1491,1510,0.1388
19,1491,1510,0.1388
18,1505,1523,0.1388
17,1504,1521,0.1388
17,1508,1525,0.1388
16,1507,1523,0.1388
15,1499,1514,0.1388
15,1508,1523,0.1388
15,1507,1522,0.1388
15,1499,1514,0.1388
15,1505,1520,0.1388
16,1515,1531,0.1388
16,1524,1540,0.1388
15,1521,1536,0.1388
15,1502,1517,0.1388
15,1517,1532,0.1388
15,1507,1522,0.1388
15,1503,1518,0.1388
15,1502,1517,0.1388
16,1485,1501,0.1388
17,1499,1516,0.1388
18,1483,1501,0.1388
18,1477,1495,0.1388
20,1472,1492,0.1388
20,1481,1501,0.1388
20,1486,1506,0.1388
21,1491,1512,0.1388
20,1499,1519,0.1388
20,1513,1533,0.1388
20,1509,1529,0.1388
19,1500,1519,0.1388
21,1492,1513,0.1388
21,1492,1513,0.1388
19,1499,1518,0.1388
19,1507,1526,0.1388
18,1498,1516,0.1388
19,1499,1518,0.1388
19,1497,1516,0.1388
20,1482,1502,0.1388
18,1480,1498,0.1388
17,1480,1497,0.1388
21,1494,1515,0.1388
21,1492,1513,0.1388
22,1505,1527,0.1388
22,1492,1514,0.1388
20,1482,1502,0.1388
21,1489,1510,0.1388
20,1502,1522,0.1388
22,1506,1528,0.1388
22,1511,1533,0.1388
22,1508,1530,0.1388
22,1492,1514,0.1388
22,1495,1517,0.1388
22,1496,1518,0.1388
22,1497,1519,0.1388
22,1503,1525,0.1388
22,1506,1528,0.1388
22,1501,1523,0.1388
23,1496,1519,0.1388
22,1495,1517,0.1388
23,1483,1506,0.1388
23,1483,1506,0.1388
23,1491,1514,0.1388
23,1501,1524,0.1388
22,1504,1526,0.1388
24,1508,1532,0.1388
24,1498,1522,0.1388
24,1504,1528,0.1388
23,1494,1517,0.1388
22,1502,1524,0.1388
20,1504,1524,0.1388
20,1508,1528,0.1388
18,1511,1529,0.1388
17,1512,1529,0.1388
20,1482,1502,0.1388
22,1491,1513,0.1388
21,1486,1507,0.1388
21,1484,1505,0.1388
22,1482,1504,0.1388
21,1483,1504,0.1388
20,1497,1517,0.1388
19,1483,1502,0.1388
19,1468,1487,0.1388
20,1472,1492,0.1388
20,1481,1501,0.1388
18,1491,1509,0.1388
18,1489,1507,0.1388
19,1498,1517,0.1388
17,1486,1503,0.1388
17,1496,1513,0.1388
19,1498,1517,0.1388
19,1500,1519,0.1388
20,1493,1513,0.1388
20,1492,1512,0.1388
20,1493,1513,0.1388
20,1492,1512,0.1388
20,1487,1507,0.1388
19,1499,1518,0.1388
18,1496,1514,0.1388
18,1499,1517,0.1388
18,1502,1520,0.1388
18,1510,1528,0.1388
19,1506,1525,0.1388
20,1495,1515,0.1388
19,1496,1515,0.1388
18,1502,1520,0.1388
18,1517,1535,0.1388
17,1524,1541,0.1388
19,1512,1531,0.1388
20,1504,1524,0.1388
20,1507,1527,0.1388
22,1522,1544,0.1388
22,1507,1529,0.1388
23,1500,1523,0.1388
23,1500,1523,0.1388
23,1493,1516,0.1388
22,1483,1505,0.1388
23,1485,1508,0.1388
23,1491,1514,0.1388
21,1485,1506,0.1388
22,1492,1514,0.1388
23,1496,1519,0.1388
22,1502,1524,0.1388
23,1494,1517,0.1388
24,1490,1514,0.1388
24,1488,1512,0.1388
23,1478,1501,0.1388
24,1474,1498,0.1388
23,1491,1514,0.1388
25,1485,1510,0.1388
22,1487,1509,0.1388
23,1483,1506,0.1388
24,1482,1506,0.1388
22,1477,1499,0.1388
24,1483,1507,0.1388
24,1498,1522,0.1388
25,1493,1518,0.1388
27,1493,1520,0.1388
27,1495,1522,0.1388
28,1492,1520,0.1388
27,1495,1522,0.1388
25,1496,1521,0.1388
24,1490,1514,0.1388
26,1491,1517,0.1388
25,1495,1520,0.1388
24,1497,1521,0.1388
24,1483,1507,0.1388
22,1483,1505,0.1388
22,1499,1521,0.1388
21,1504,1525,0.1388
20,1498,1518,0.1388
21,1485,1506,0.1388
22,1485,1507,0.1388
22,1480,1502,0.1388
21,1473,1494,0.1388
21,1490,1511,0.1388
20,1479,1499,0.1388
19,1487,1506,0.1388
19,1489,1508,0.1388
20,1493,1513,0.1388
21,1512,1533,0.1388
21,1501,1522,0.1388
20,1505,1525,0.1388
19,1495,1514,0.1388
20,1492,1512,0.1388
20,1487,1507,0.1388
19,1492,1511,0.1388
20,1489,1509,0.1388
19,1490,1509,0.1388
19,1504,1523,0.1388
18,1515,1533,0.1388
18,1502,1520,0.1388
17,1498,1515,0.1388
18,1497,1515,0.1388
17,1486,1503,0.1388
18,1487,1505,0.1388
16,1490,1506,0.1388
18,1483,1501,0.1388
17,1492,1509,0.1388
16,1489,1505,0.1388
16,1501,1517,0.1388
16,1485,1501,0.1388
18,1500,1518,0.1388
19,1486,1505,0.1388
19,1492,1511,0.1388
19,1491,1510,0.1388
17,1503,1520,0.1388
15,1502,1517,0.1388
15,1509,1524,0.1388
14,1520,1534,0.1388
14,1519,1533,0.1388
14,1509,1523,0.1388
14,1513,1527,0.1388
14,1508,1522,0.1388
14,1509,1523,0.1388
14,1500,1514,0.1388
14,1487,1501,0.1388
14,1509,1523,0.1388
13,1516,1529,0.1388
14,1521,1535,0.1388
14,1508,1522,0.1388
15,1500,1515,0.1388
15,1494,1509,0.1388
13,1491,1504,0.1388
13,1496,1509,0.1388
12,1505,1517,0.1388
11,1503,1514,0.1388
12,1508,1520,0.1388
12,1510,1522,0.1388
12,1512,1524,0.1388
12,1506,1518,0.1388
11,1498,1509,0.1388
12,1506,1518,0.1388
11,1502,1513,0.1388
11,1502,1513,0.1388
11,1502,1513,0.1388
11,1496,1507,0.1388
10,1490,1500,0.1388
11,1496,1507,0.1388
12,1486,1498,0.1388
12,1474,1486,0.1388
12,1481,1493,0.1388
12,1490,1502,0.1388
12,1502,1514,0.1388
12,1509,1521,0.1388
12,1518,1530,0.1388
11,1506,1517,0.1388
12,1504,1516,0.1388
11,1509,1520,0.1388
11,1495,1506,0.1388
10,1492,1502,0.1388
10,1508,1518,0.1388
10,1511,1521,0.1388
10,1517,1527,0.1388
10,1520,1530,0.1388
10,1508,1518,0.1388
9,1517,1526,0.1388
9,1513,1522,0.1388
9,1515,1524,0.1388
9,1518,1527,0.1388
10,1526,1536,0.1388
10,1518,1528,0.1388
9,1528,1537,0.1388
9,1526,1535,0.1388
9,1522,1531,0.1388
6,1510,1516,0.1388
6,1515,1521,0.1388
6,1508,1514,0.1388
6,1508,1514,0.1388
6,1506,1512,0.1388
6,1511,1517,0.1388
5,1522,1527,0.1388
5,1530,1535,0.1388
5,1520,1525,0.1388
5,1518,1523,0.1388
5,1510,1515,0.1388
5,1503,1508,0.1388
4,1515,1519,0.1388
4,1521,1525,0.1388
4,1520,1524,0.1388
5,1519,1524,0.1388
5,1513,1518,0.1388
5,1514,1519,0.1388
5,1510,1515,0.1388
4,1512,1516,0.1388
4,1507,1511,0.1388
5,1514,1519,0.1388
5,1512,1517,0.1388
5,1509,1514,0.1388
6,1513,1519,0.1388
6,1517,1523,0.1388
6,1526,1532,0.1388
5,1517,1522,0.1388
5,1528,1533,0.1388
5,1522,1527,0.1388
5,1514,1519,0.1388
5,1508,1513,0.1388
5,1506,1511,0.1388
5,1502,1507,0.1388
5,1515,1520,0.1388
5,1507,1512,0.1388
5,1499,1504,0.1388
4,1516,1520,0.1388
4,1523,1527,0.1388
4,1534,1538,0.1388
4,1520,1524,0.1388
4,1525,1529,0.1388
5,1519,1524,0.1388
5,1522,1527,0.1388
5,1531,1536,0.1388
5,1533,1538,0.1388
5,1529,1534,0.1388
5,1521,1526,0.1388
5,1509,1514,0.1388
5,1502,1507,0.1388
4,1502,1506,0.1388
4,1498,1502,0.1388
4,1511,1515,0.1388
5,1501,1506,0.1388
5,1500,1505,0.1388
5,1512,1517,0.1388
5,1507,1512,0.1388
5,1497,1502,0.1388
4,1517,1521,0.1388
4,1509,1513,0.1388
4,1505,1509,0.1388
4,1500,1504,0.1388
3,1519,1522,0.1388
3,1522,1525,0.1388
3,1515,1518,0.1388
3,1521,1524,0.1388
3,1530,1533,0.1388
3,1522,1525,0.1388
3,1524,1527,0.1388
3,1534,1537,0.1388
2,1522,1524,0.1388
2,1515,1517,0.1388
2,1512,1514,0.1388
2,1513,1515,0.1388
2,1530,1532,0.1388
2,1518,1520,0.1388
2,1518,1520,0.1388
2,1506,1508,0.1388
2,1504,1506,0.1388
2,1512,1514,0.1388
2,1508,1510,0.1388
2,1509,1511,0.1388
2,1507,1509,0.1388
2,1511,1513,0.1388
2,1517,1519,0.1388
2,1515,1517,0.1388
2,1517,1519,0.1388
2,1514,1516,0.1388
2,1512,1514,0.1388
2,1505,1507,0.1388
2,1521,1523,0.1388
1,1527,1528,0.1388
1,1524,1525,0.1388
1,1520,1521,0.1388
1,1513,1514,0.1388
1,1495,1496,0.1388
1,1502,1503,0.1388
1,1498,1499,0.1388
1,1496,1497,0.1388
1,1503,1504,0.1388
1,1519,1520,0.1388
1,1519,1520,0.1388
1,1521,1522,0.1388
1,1520,1521,0.1388
1,1512,1513,0.1388
1,1519,1520,0.1388
1,1509,1510,0.1388
1,1524,1525,0.1388
1,1510,1511,0.1388
1,1506,1507,0.1388
1,1503,1504,0.1388
1,1502,1503,0.1388
1,1523,1524,0.1388
1,1515,1516,0.1388
1,1512,1513,0.1388
1,1512,1513,0.1388
1,1507,1508,0.1388
1,1519,1520,0.1388
1,1526,1527,0.1388
1,1514,1515,0.1388
1,1517,1518,0.1388
1,1525,1526,0.1388
1,1530,1531,0.1388
1,1525,1526,0.1388
1,1519,1520,0.1388
1,1504,1505,0.1388
1,1492,1493,0.1388
1,1505,1506,0.1388
1,1511,1512,0.1388
1,1507,1508,0.1388
2,1513,1515,0.1388
1,1515,1516,0.1388
2,1491,1493,0.1388
3,1510,1513,0.1388
3,1508,1511,0.1388
3,1509,1512,0.1388
3,1513,1516,0.1388
3,1515,1518,0.1388
3,1513,1516,0.1388
3,1529,1532,0.1388
3,1530,1533,0.1388
3,1520,1523,0.1388
3,1509,1512,0.1388
3,1500,1503,0.1388
3,1517,1520,0.1388
4,1522,1526,0.1388
4,1503,1507,0.1388
4,1515,1519,0.1388
4,1517,1521,0.1388
4,1503,1507,0.1388
4,1504,1508,0.1388
4,1501,1505,0.1388
3,1511,1514,0.1388
3,1519,1522,0.1388
3,1525,1528,0.1388
3,1520,1523,0.1388
3,1522,1525,0.1388
3,1522,1525,0.1388
3,1513,1516,0.1388
3,1512,1515,0.1388
2,1528,1530,0.1388
2,1514,1516,0.1388
2,1510,1512,0.1388
2,1497,1499,0.1388
1,1489,1490,0.1388
1,1502,1503,0.1388
1,1503,1504,0.1388
1,1501,1502,0.1388
1,1507,1508,0.1388
1,1514,1515,0.1388
1,1525,1526,0.1388
1,1527,1528,0.1388
1,1528,1529,0.1388
1,1516,1517,0.1388
1,1520,1521,0.1388
1,1523,1524,0.1388
1,1517,1518,0.1388
1,1500,1501,0.1388
1,1510,1511,0.1388
1,1518,1519,0.1388
1,1526,1527,0.1388
1,1532,1533,0.1388
1,1523,1524,0.1388
1,1513,1514,0.1388
1,1516,1517,0.1388
1,1512,1513,0.1388
1,1509,1510,0.1388
1,1520,1521,0.1388
1,1515,1516,0.1388
1,1521,1522,0.1388
2,1526,1528,0.1388
2,1514,1516,0.1388
2,1518,1520,0.1388
2,1511,1513,0.1388
2,1517,1519,0.1388
2,1520,1522,0.1388
2,1523,1525,0.1388
1,1513,1514,0.1388
1,1511,1512,0.1388
1,1519,1520,0.1388
1,1518,1519,0.1388
1,1515,1516,0.1388
1,1522,1523,0.1388
1,1515,1516,0.1388
1,1508,1509,0.1388
1,1510,1511,0.1388
1,1513,1514,0.1388
1,1523,1524,0.1388
1,1512,1513,0.1388
1,1522,1523,0.1388
1,1513,1514,0.1388
1,1524,1525,0.1388
1,1530,1531,0.1388
1,1530,1531,0.1388
1,1528,1529,0.1388
1,1516,1517,0.1388
1,1518,1519,0.1388
1,1503,1504,0.1388
1,1507,1508,0.1388
1,1507,1508,0.1388
1,1522,1523,0.1388
1,1521,1522,0.1388
1,1527,1528,0.1388
1,1532,1533,0.1388
1,1532,1533,0.1388
1,1520,1521,0.1388
1,1513,1514,0.1388
1,1507,1508,0.1388
1,1515,1516,0.1388
1,1517,1518,0.1388
1,1519,1520,0.1388
1,1516,1517,0.1388
2,1512,1514,0.1388
2,1511,1513,0.1388
2,1510,1512,0.1388
2,1504,1506,0.1388
2,1512,1514,0.1388
2,1508,1510,0.1388
2,1510,1512,0.1388
2,1513,1515,0.1388
2,1515,1517,0.1388
2,1523,1525,0.1388
2,1523,1525,0.1388
2,1518,1520,0.1388
2,1513,1515,0.1388
2,1510,1512,0.1388
3,1518,1521,0.1388
3,1513,1516,0.1388
3,1512,1515,0.1388
2,1517,1519,0.1388
2,1498,1500,0.1388
1,1489,1490,0.1388
1,1510,1511,0.1388
1,1519,1520,0.1388
1,1524,1525,0.1388
1,1536,1537,0.1388
1,1524,1525,0.1388
1,1520,1521,0.1388
1,1521,1522,0.1388
1,1527,1528,0.1388
1,1517,1518,0.1388
1,1514,1515,0.1388
1,1505,1506,0.1388
1,1518,1519,0.1388
1,1520,1521,0.1388
0,1516,1516,0.1388
