1373,31,1404,0.1388
1406,35,1441,0.1388
1427,36,1463,0.1388
1445,37,1482,0.1388
1437,36,1473,0.1388
1438,37,1475,0.1388
1448,33,1481,0.1388
1452,34,1486,0.1388
1454,33,1487,0.1388
1465,30,1495,0.1388
1464,30,1494,0.1388
1458,30,1488,0.1388
1464,30,1494,0.1388
1483,30,1513,0.1388
1474,31,1505,0.1388
1480,30,1510,0.1388
1488,27,1515,0.1388
1491,28,1519,0.1388
1485,29,1514,0.1388
1463,29,1492,0.1388
1459,29,1488,0.1388
1468,29,1497,0.1388
1454,28,1482,0.1388
1456,31,1487,0.1388
1467,32,1499,0.1388
1471,32,1503,0.1388
1470,33,1503,0.1388
1468,33,1501,0.1388
1465,33,1498,0.1388
1462,33,1495,0.1388
1457,33,1490,0.1388
1454,36,1490,0.1388
1463,37,1500,0.1388
1467,35,1502,0.1388
1466,36,1502,0.1388
1464,36,1500,0.1388
1448,37,1485,0.1388
1458,37,1495,0.1388
1469,37,1506,0.1388
1466,36,1502,0.1388
1467,39,1506,0.1388
1465,38,1503,0.1388
1463,38,1501,0.1388
1457,39,1496,0.1388
1451,39,1490,0.1388
1444,39,1483,0.1388
1440,36,1476,0.1388
1450,37,1487,0.1388
1430,36,1466,0.1388
1447,36,1483,0.1388
1458,38,1496,0.1388
1456,38,1494,0.1388
1465,38,1503,0.1388
1457,41,1498,0.1388
1459,40,1499,0.1388
1456,40,1496,0.1388
1457,40,1497,0.1388
1457,40,1497,0.1388
1456,40,1496,0.1388
1453,39,1492,0.1388
1456,36,1492,0.1388
1462,35,1497,0.1388
1466,33,1499,0.1388
1462,33,1495,0.1388
1464,34,1498,0.1388
1462,33,1495,0.1388
1465,32,1497,0.1388
1461,34,1495,0.1388
1456,34,1490,0.1388
1450,32,1482,0.1388
1460,33,1493,0.1388
1451,30,1481,0.1388
1453,30,1483,0.1388
1471,29,1500,0.1388
1468,30,1498,0.1388
1471,29,1500,0.1388
1467,27,1494,0.1388
1460,25,1485,0.1388
1474,24,1498,0.1388
1485,24,1509,0.1388
1475,25,1500,0.1388
1479,25,1504,0.1388
1474,23,1497,0.1388
1489,24,1513,0.1388
1493,23,1516,0.1388
1478,22,1500,0.1388
1491,21,1512,0.1388
1487,22,1509,0.1388
1469,20,1489,0.1388
1460,21,1481,0.1388
1466,22,1488,0.1388
1456,23,1479,0.1388
1448,22,1470,0.1388
1449,21,1470,0.1388
1440,22,1462,0.1388
1451,24,1475,0.1388
1445,25,1470,0.1388
1462,24,1486,0.1388
1469,23,1492,0.1388
1461,22,1483,0.1388
1450,22,1472,0.1388
1456,23,1479,0.1388
1468,23,1491,0.1388
1473,21,1494,0.1388
1466,21,1487,0.1388
1457,20,1477,0.1388
1457,21,1478,0.1388
1456,22,1478,0.1388
1448,24,1472,0.1388
1461,25,1486,0.1388
1464,26,1490,0.1388
1457,27,1484,0.1388
1465,28,1493,0.1388
1475,29,1504,0.1388
1460,29,1489,0.1388
1459,28,1487,0.1388
1459,30,1489,0.1388
1464,30,1494,0.1388
1471,28,1499,0.1388
1465,26,1491,0.1388
1458,26,1484,0.1388
1473,25,1498,0.1388
1462,25,1487,0.1388
1453,25,1478,0.1388
1451,25,1476,0.1388
1461,25,1486,0.1388
1463,25,1488,0.1388
1462,24,1486,0.1388
1457,25,1482,0.1388
1460,25,1485,0.1388
1477,25,1502,0.1388
1471,26,1497,0.1388
1473,26,1499,0.1388
1469,27,1496,0.1388
1457,30,1487,0.1388
1456,29,1485,0.1388
1455,30,1485,0.1388
1449,34,1483,0.1388
1456,32,1488,0.1388
1444,30,1474,0.1388
1441,30,1471,0.1388
1462,30,1492,0.1388
1470,31,1501,0.1388
1459,31,1490,0.1388
1466,29,1495,0.1388
1463,27,1490,0.1388
1462,28,1490,0.1388
1468,27,1495,0.1388
1471,28,1499,0.1388
1476,28,1504,0.1388
1474,29,1503,0.1388
1467,28,1495,0.1388
1454,28,1482,0.1388
1479,29,1508,0.1388
1470,29,1499,0.1388
1463,26,1489,0.1388
1463,25,1488,0.1388
1456,24,1480,0.1388
1461,25,1486,0.1388
1461,25,1486,0.1388
1452,28,1480,0.1388
1460,28,1488,0.1388
1464,30,1494,0.1388
1473,32,1505,0.1388
1467,32,1499,0.1388
1442,31,1473,0.1388
1443,31,1474,0.1388
1452,31,1483,0.1388
1463,32,1495,0.1388
1459,32,1491,0.1388
1457,33,1490,0.1388
1459,34,1493,0.1388
1469,32,1501,0.1388
1456,31,1487,0.1388
1456,30,1486,0.1388
1464,31,1495,0.1388
1475,29,1504,0.1388
1466,30,1496,0.1388
1464,30,1494,0.1388
1472,32,1504,0.1388
1452,31,1483,0.1388
1461,33,1494,0.1388
1458,32,1490,0.1388
1438,33,1471,0.1388
1444,34,1478,0.1388
1443,33,1476,0.1388
1449,32,1481,0.1388
1459,35,1494,0.1388
1465,35,1500,0.1388
1455,35,1490,0.1388
1445,37,1482,0.1388
1436,37,1473,0.1388
1445,36,1481,0.1388
1441,35,1476,0.1388
1451,34,1485,0.1388
1457,33,1490,0.1388
1449,30,1479,0.1388
1460,31,1491,0.1388
1462,31,1493,0.1388
1460,32,1492,0.1388
1471,32,1503,0.1388
1476,34,1510,0.1388
1472,35,1507,0.1388
1464,34,1498,0.1388
1460,34,1494,0.1388
1461,35,1496,0.1388
1456,37,1493,0.1388
1446,36,1482,0.1388
1446,36,1482,0.1388
1457,36,1493,0.1388
1462,36,1498,0.1388
1457,35,1492,0.1388
1462,38,1500,0.1388
1482,38,1520,0.1388
1473,38,1511,0.1388
1459,37,1496,0.1388
1466,36,1502,0.1388
1462,36,1498,0.1388
1469,35,1504,0.1388
1455,36,1491,0.1388
1450,35,1485,0.1388
1459,35,1494,0.1388
1458,35,1493,0.1388
1451,35,1486,0.1388
1447,36,1483,0.1388
1438,35,1473,0.1388
1447,34,1481,0.1388
1445,36,1481,0.1388
1456,37,1493,0.1388
1454,38,1492,0.1388
1454,38,1492,0.1388
1450,39,1489,0.1388
1459,37,1496,0.1388
1465,39,1504,0.1388
1463,41,1504,0.1388
1453,40,1493,0.1388
1459,41,1500,0.1388
1459,37,1496,0.1388
1458,37,1495,0.1388
1449,39,1488,0.1388
1450,42,1492,0.1388
1453,43,1496,0.1388
1451,45,1496,0.1388
1439,45,1484,0.1388
1439,43,1482,0.1388
1458,43,1501,0.1388
1449,42,1491,0.1388
1462,42,1504,0.1388
1449,42,1491,0.1388
1460,42,1502,0.1388
1445,43,1488,0.1388
1436,43,1479,0.1388
1424,45,1469,0.1388
1425,42,1467,0.1388
1434,44,1478,0.1388
1443,44,1487,0.1388
1447,46,1493,0.1388
1440,45,1485,0.1388
1440,43,1483,0.1388
1442,43,1485,0.1388
1440,43,1483,0.1388
1451,45,1496,0.1388
1456,47,1503,0.1388
1469,48,1517,0.1388
1454,47,1501,0.1388
1456,47,1503,0.1388
1445,48,1493,0.1388
1453,48,1501,0.1388
1457,47,1504,0.1388
1435,47,1482,0.1388
1443,47,1490,0.1388
1449,45,1494,0.1388
1450,45,1495,0.1388
1459,48,1507,0.1388
1459,46,1505,0.1388
1465,44,1509,0.1388
1462,45,1507,0.1388
1459,45,1504,0.1388
1465,47,1512,0.1388
1463,49,1512,0.1388
1451,49,1500,0.1388
1451,50,1501,0.1388
1442,52,1494,0.1388
1448,51,1499,0.1388
1445,49,1494,0.1388
1447,50,1497,0.1388
1449,51,1500,0.1388
1449,48,1497,0.1388
1457,51,1508,0.1388
1457,52,1509,0.1388
1455,53,1508,0.1388
1443,53,1496,0.1388
1451,54,1505,0.1388
1445,53,1498,0.1388
1444,53,1497,0.1388
1449,52,1501,0.1388
1447,54,1501,0.1388
1453,52,1505,0.1388
1442,51,1493,0.1388
1440,51,1491,0.1388
1440,52,1492,0.1388
1444,53,1497,0.1388
1450,52,1502,0.1388
1448,50,1498,0.1388
1448,50,1498,0.1388
1446,54,1500,0.1388
1448,56,1504,0.1388
1447,54,1501,0.1388
1439,55,1494,0.1388
1426,53,1479,0.1388
1435,56,1491,0.1388
1446,55,1501,0.1388
1438,60,1498,0.1388
1431,62,1493,0.1388
1440,60,1500,0.1388
1441,60,1501,0.1388
1444,60,1504,0.1388
1423,59,1482,0.1388
1421,58,1479,0.1388
1431,61,1492,0.1388
1438,62,1500,0.1388
1448,61,1509,0.1388
1441,58,1499,0.1388
1433,57,1490,0.1388
1441,59,1500,0.1388
1442,59,1501,0.1388
1434,56,1490,0.1388
1441,56,1497,0.1388
1438,58,1496,0.1388
1443,57,1500,0.1388
1442,59,1501,0.1388
1436,56,1492,0.1388
1442,56,1498,0.1388
1447,56,1503,0.1388
1446,56,1502,0.1388
1445,57,1502,0.1388
1437,57,1494,0.1388
1443,58,1501,0.1388
1440,60,1500,0.1388
1430,58,1488,0.1388
1432,62,1494,0.1388
1427,61,1488,0.1388
1424,63,1487,0.1388
1425,64,1489,0.1388
1433,62,1495,0.1388
1440,60,1500,0.1388
1437,62,1499,0.1388
1433,65,1498,0.1388
1426,64,1490,0.1388
1418,67,1485,0.1388
1419,69,1488,0.1388
1413,67,1480,0.1388
1400,68,1468,0.1388
1419,69,1488,0.1388
1426,71,1497,0.1388
1426,72,1498,0.1388
1410,73,1483,0.1388
1420,74,1494,0.1388
1422,72,1494,0.1388
1423,72,1495,0.1388
1421,76,1497,0.1388
1421,75,1496,0.1388
1413,76,1489,0.1388
1411,77,1488,0.1388
1412,76,1488,0.1388
1409,78,1487,0.1388
1409,75,1484,0.1388
1414,76,1490,0.1388
1424,77,1501,0.1388
1425,74,1499,0.1388
1413,73,1486,0.1388
1420,72,1492,0.1388
1418,73,1491,0.1388
1408,73,1481,0.1388
1403,76,1479,0.1388
1398,75,1473,0.1388
1398,74,1472,0.1388
1400,70,1470,0.1388
1412,72,1484,0.1388
1422,72,1494,0.1388
1425,73,1498,0.1388
1419,72,1491,0.1388
1407,73,1480,0.1388
1424,72,1496,0.1388
1425,72,1497,0.1388
1420,72,1492,0.1388
1418,76,1494,0.1388
1407,72,1479,0.1388
1412,76,1488,0.1388
1417,72,1489,0.1388
1423,75,1498,0.1388
1411,76,1487,0.1388
1415,78,1493,0.1388
1420,79,1499,0.1388
1433,79,1512,0.1388
1430,76,1506,0.1388
1425,74,1499,0.1388
1432,77,1509,0.1388
1428,77,1505,0.1388
1425,76,1501,0.1388
1415,77,1492,0.1388
1411,81,1492,0.1388
1406,83,1489,0.1388
1410,82,1492,0.1388
1409,81,1490,0.1388
1410,82,1492,0.1388
1409,83,1492,0.1388
1417,84,1501,0.1388
1417,80,1497,0.1388
1404,79,1483,0.1388
1393,82,1475,0.1388
1403,86,1489,0.1388
1410,87,1497,0.1388
1393,87,1480,0.1388
1394,88,1482,0.1388
1403,91,1494,0.1388
1398,89,1487,0.1388
1400,89,1489,0.1388
1401,91,1492,0.1388
1398,89,1487,0.1388
1407,89,1496,0.1388
1413,90,1503,0.1388
1394,89,1483,0.1388
1405,87,1492,0.1388
1409,89,1498,0.1388
1407,90,1497,0.1388
1395,87,1482,0.1388
1396,87,1483,0.1388
1400,87,1487,0.1388
1402,88,1490,0.1388
1400,86,1486,0.1388
1401,85,1486,0.1388
1407,88,1495,0.1388
1404,87,1491,0.1388
1409,87,1496,0.1388
1407,88,1495,0.1388
1403,86,1489,0.1388
1415,84,1499,0.1388
1405,82,1487,0.1388
1413,86,1499,0.1388
1398,85,1483,0.1388
1413,86,1499,0.1388
1409,91,1500,0.1388
1391,91,1482,0.1388
1387,89,1476,0.1388
1392,90,1482,0.1388
1393,92,1485,0.1388
1404,95,1499,0.1388
1408,94,1502,0.1388
1406,93,1499,0.1388
1398,93,1491,0.1388
1393,90,1483,0.1388
1398,90,1488,0.1388
1391,88,1479,0.1388
1385,91,1476,0.1388
1382,95,1477,0.1388
1386,96,1482,0.1388
1404,97,1501,0.1388
1403,97,1500,0.1388
1409,100,1509,0.1388
1397,102,1499,0.1388
1406,103,1509,0.1388
1395,102,1497,0.1388
1393,98,1491,0.1388
1391,98,1489,0.1388
1388,95,1483,0.1388
1396,93,1489,0.1388
1389,97,1486,0.1388
1382,96,1478,0.1388
1393,94,1487,0.1388
1385,100,1485,0.1388
1408,103,1511,0.1388
1394,100,1494,0.1388
1404,100,1504,0.1388
1389,99,1488,0.1388
1393,98,1491,0.1388
1388,100,1488,0.1388
1389,101,1490,0.1388
1390,100,1490,0.1388
1389,102,1491,0.1388
1387,103,1490,0.1388
1385,105,1490,0.1388
1394,102,1496,0.1388
1383,102,1485,0.1388
1385,99,1484,0.1388
1388,101,1489,0.1388
1382,100,1482,0.1388
1390,104,1494,0.1388
1386,106,1492,0.1388
1382,115,1497,0.1388
1386,116,1502,0.1388
1376,117,1493,0.1388
1373,115,1488,0.1388
1369,116,1485,0.1388
1356,116,1472,0.1388
1361,120,1481,0.1388
1367,120,1487,0.1388
1351,124,1475,0.1388
1353,125,1478,0.1388
1355,125,1480,0.1388
1357,128,1485,0.1388
1352,129,1481,0.1388
1369,127,1496,0.1388
1363,128,1491,0.1388
1362,129,1491,0.1388
1358,130,1488,0.1388
1353,127,1480,0.1388
1357,128,1485,0.1388
1361,122,1483,0.1388
1365,125,1490,0.1388
1355,120,1475,0.1388
1355,125,1480,0.1388
1364,128,1492,0.1388
1367,129,1496,0.1388
1359,128,1487,0.1388
1366,129,1495,0.1388
1355,125,1480,0.1388
1367,129,1496,0.1388
1366,133,1499,0.1388
1365,129,1494,0.1388
1364,132,1496,0.1388
1361,131,1492,0.1388
1362,132,1494,0.1388
1368,132,1500,0.1388
1355,130,1485,0.1388
1361,134,1495,0.1388
1360,134,1494,0.1388
1363,136,1499,0.1388
1361,136,1497,0.1388
1354,140,1494,0.1388
1362,142,1504,0.1388
1364,145,1509,0.1388
1360,142,1502,0.1388
1352,144,1496,0.1388
1354,144,1498,0.1388
1352,146,1498,0.1388
1348,145,1493,0.1388
1345,144,1489,0.1388
1343,149,1492,0.1388
1331,155,1486,0.1388
1332,156,1488,0.1388
1332,162,1494,0.1388
1339,161,1500,0.1388
1326,157,1483,0.1388
1321,152,1473,0.1388
1334,154,1488,0.1388
1341,158,1499,0.1388
1354,163,1517,0.1388
1354,160,1514,0.1388
1337,155,1492,0.1388
1330,153,1483,0.1388
1331,158,1489,0.1388
1353,159,1512,0.1388
1358,154,1512,0.1388
1348,153,1501,0.1388
1346,154,1500,0.1388
1339,154,1493,0.1388
1337,155,1492,0.1388
1342,156,1498,0.1388
1350,157,1507,0.1388
1349,152,1501,0.1388
1336,157,1493,0.1388
1338,156,1494,0.1388
1351,160,1511,0.1388
1348,160,1508,0.1388
1352,162,1514,0.1388
1359,163,1522,0.1388
1347,164,1511,0.1388
1340,163,1503,0.1388
1331,165,1496,0.1388
1333,161,1494,0.1388
1334,161,1495,0.1388
1333,164,1497,0.1388
1330,169,1499,0.1388
1322,166,1488,0.1388
1341,166,1507,0.1388
1351,166,1517,0.1388
1346,165,1511,0.1388
1324,162,1486,0.1388
1331,168,1499,0.1388
1327,172,1499,0.1388
1328,176,1504,0.1388
1321,183,1504,0.1388
1312,184,1496,0.1388
1310,183,1493,0.1388
1318,183,1501,0.1388
1307,183,1490,0.1388
1305,185,1490,0.1388
1313,185,1498,0.1388
1323,185,1508,0.1388
1329,179,1508,0.1388
1319,182,1501,0.1388
1317,180,1497,0.1388
1313,188,1501,0.1388
1319,190,1509,0.1388
1322,189,1511,0.1388
1307,192,1499,0.1388
1305,193,1498,0.1388
1320,194,1514,0.1388
1319,194,1513,0.1388
1319,194,1513,0.1388
1309,190,1499,0.1388
1306,196,1502,0.1388
1306,199,1505,0.1388
1296,198,1494,0.1388
1298,198,1496,0.1388
1296,195,1491,0.1388
1299,193,1492,0.1388
1313,188,1501,0.1388
1315,190,1505,0.1388
1316,192,1508,0.1388
1307,194,1501,0.1388
1312,194,1506,0.1388
1308,192,1500,0.1388
1314,189,1503,0.1388
1307,188,1495,0.1388
1319,186,1505,0.1388
1304,193,1497,0.1388
1303,191,1494,0.1388
1298,196,1494,0.1388
1294,200,1494,0.1388
1286,196,1482,0.1388
1294,195,1489,0.1388
1311,202,1513,0.1388
1306,201,1507,0.1388
1301,196,1497,0.1388
1317,198,1515,0.1388
1316,201,1517,0.1388
1315,199,1514,0.1388
1312,199,1511,0.1388
1311,199,1510,0.1388
1314,198,1512,0.1388
1303,197,1500,0.1388
1305,203,1508,0.1388
1294,201,1495,0.1388
1292,208,1500,0.1388
1301,213,1514,0.1388
1288,213,1501,0.1388
1289,211,1500,0.1388
1289,212,1501,0.1388
1281,214,1495,0.1388
1281,210,1491,0.1388
1289,211,1500,0.1388
1292,213,1505,0.1388
1292,211,1503,0.1388
1292,211,1503,0.1388
1289,212,1501,0.1388
1269,210,1479,0.1388
1262,214,1476,0.1388
1268,216,1484,0.1388
1270,213,1483,0.1388
1265,208,1473,0.1388
1277,214,1491,0.1388
1279,206,1485,0.1388
1275,211,1486,0.1388
1272,208,1480,0.1388
1269,214,1483,0.1388
1273,213,1486,0.1388
1271,214,1485,0.1388
1279,217,1496,0.1388
1276,213,1489,0.1388
1271,213,1484,0.1388
1266,211,1477,0.1388
1266,215,1481,0.1388
1271,213,1484,0.1388
1280,216,1496,0.1388
1274,222,1496,0.1388
1263,222,1485,0.1388
1262,225,1487,0.1388
1271,226,1497,0.1388
1266,229,1495,0.1388
1267,234,1501,0.1388
1260,232,1492,0.1388
1250,232,1482,0.1388
1249,234,1483,0.1388
1258,233,1491,0.1388
1255,232,1487,0.1388
1270,233,1503,0.1388
1267,234,1501,0.1388
1250,240,1490,0.1388
1261,238,1499,0.1388
1262,234,1496,0.1388
1263,235,1498,0.1388
1260,233,1493,0.1388
1265,235,1500,0.1388
1256,237,1493,0.1388
1261,241,1502,0.1388
1261,239,1500,0.1388
1258,242,1500,0.1388
1257,247,1504,0.1388
1251,249,1500,0.1388
1239,251,1490,0.1388
1241,249,1490,0.1388
1248,251,1499,0.1388
1249,250,1499,0.1388
1250,249,1499,0.1388
1236,244,1480,0.1388
1238,249,1487,0.1388
1244,251,1495,0.1388
1251,251,1502,0.1388
1263,257,1520,0.1388
1255,255,1510,0.1388
1246,250,1496,0.1388
1241,249,1490,0.1388
1241,251,1492,0.1388
1237,246,1483,0.1388
1235,243,1478,0.1388
1248,255,1503,0.1388
1246,249,1495,0.1388
1261,245,1506,0.1388
1249,242,1491,0.1388
1253,253,1506,0.1388
1255,254,1509,0.1388
1246,248,1494,0.1388
1241,247,1488,0.1388
1244,246,1490,0.1388
1242,249,1491,0.1388
1240,260,1500,0.1388
1240,260,1500,0.1388
1234,259,1493,0.1388
1222,263,1485,0.1388
1215,268,1483,0.1388
1218,272,1490,0.1388
1227,263,1490,0.1388
1221,267,1488,0.1388
1232,270,1502,0.1388
1235,269,1504,0.1388
1231,265,1496,0.1388
1235,263,1498,0.1388
1235,255,1490,0.1388
1235,259,1494,0.1388
1243,257,1500,0.1388
1240,253,1493,0.1388
1238,261,1499,0.1388
1235,265,1500,0.1388
1244,268,1512,0.1388
1233,267,1500,0.1388
1241,268,1509,0.1388
1236,268,1504,0.1388
1215,263,1478,0.1388
1225,269,1494,0.1388
1231,271,1502,0.1388
1246,267,1513,0.1388
1243,275,1518,0.1388
1231,273,1504,0.1388
1221,271,1492,0.1388
1226,271,1497,0.1388
1235,277,1512,0.1388
1235,276,1511,0.1388
1227,276,1503,0.1388
1225,276,1501,0.1388
1207,278,1485,0.1388
1226,275,1501,0.1388
1231,275,1506,0.1388
1222,283,1505,0.1388
1229,283,1512,0.1388
1226,281,1507,0.1388
1214,285,1499,0.1388
1222,290,1512,0.1388
1216,292,1508,0.1388
1219,289,1508,0.1388
1223,282,1505,0.1388
1213,279,1492,0.1388
1207,282,1489,0.1388
1213,279,1492,0.1388
1212,282,1494,0.1388
1219,283,1502,0.1388
1215,281,1496,0.1388
1221,289,1510,0.1388
1207,294,1501,0.1388
1208,292,1500,0.1388
1201,293,1494,0.1388
1197,292,1489,0.1388
1208,294,1502,0.1388
1197,292,1489,0.1388
1197,294,1491,0.1388
1215,298,1513,0.1388
1208,295,1503,0.1388
1214,292,1506,0.1388
1208,300,1508,0.1388
1203,300,1503,0.1388
1191,300,1491,0.1388
1191,304,1495,0.1388
1193,306,1499,0.1388
1189,300,1489,0.1388
1201,303,1504,0.1388
1200,304,1504,0.1388
1192,313,1505,0.1388
1201,313,1514,0.1388
1196,308,1504,0.1388
1196,311,1507,0.1388
1194,306,1500,0.1388
1196,306,1502,0.1388
1180,301,1481,0.1388
1184,303,1487,0.1388
1188,300,1488,0.1388
1191,299,1490,0.1388
1192,301,1493,0.1388
1196,298,1494,0.1388
1192,301,1493,0.1388
1195,299,1494,0.1388
1192,297,1489,0.1388
1198,292,1490,0.1388
1203,295,1498,0.1388
1192,301,1493,0.1388
1203,294,1497,0.1388
1207,289,1496,0.1388
1192,289,1481,0.1388
1205,298,1503,0.1388
1201,297,1498,0.1388
1212,301,1513,0.1388
1212,298,1510,0.1388
1205,299,1504,0.1388
1200,296,1496,0.1388
1201,294,1495,0.1388
1206,299,1505,0.1388
1206,297,1503,0.1388
1194,301,1495,0.1388
1186,300,1486,0.1388
1188,310,1498,0.1388
1195,313,1508,0.1388
1192,313,1505,0.1388
1183,307,1490,0.1388
1178,307,1485,0.1388
1179,302,1481,0.1388
1173,307,1480,0.1388
1175,309,1484,0.1388
1167,313,1480,0.1388
1168,313,1481,0.1388
1170,312,1482,0.1388
1184,313,1497,0.1388
1175,317,1492,0.1388
1160,325,1485,0.1388
1177,320,1497,0.1388
1181,320,1501,0.1388
1187,326,1513,0.1388
1177,328,1505,0.1388
1180,325,1505,0.1388
1195,328,1523,0.1388
1190,329,1519,0.1388
1187,331,1518,0.1388
1175,331,1506,0.1388
1171,330,1501,0.1388
1175,334,1509,0.1388
1170,331,1501,0.1388
1165,330,1495,0.1388
1155,323,1478,0.1388
1158,326,1484,0.1388
1160,326,1486,0.1388
1153,326,1479,0.1388
1161,330,1491,0.1388
1153,335,1488,0.1388
1150,332,1482,0.1388
1155,337,1492,0.1388
1158,342,1500,0.1388
1161,338,1499,0.1388
1167,334,1501,0.1388
1172,334,1506,0.1388
1176,337,1513,0.1388
1174,332,1506,0.1388
1165,335,1500,0.1388
1173,342,1515,0.1388
1160,343,1503,0.1388
1152,344,1496,0.1388
1151,337,1488,0.1388
1167,337,1504,0.1388
1171,334,1505,0.1388
1158,339,1497,0.1388
1157,341,1498,0.1388
1151,336,1487,0.1388
1160,334,1494,0.1388
1151,334,1485,0.1388
1156,339,1495,0.1388
1159,338,1497,0.1388
1165,336,1501,0.1388
1172,335,1507,0.1388
1166,331,1497,0.1388
1166,335,1501,0.1388
1165,332,1497,0.1388
1162,337,1499,0.1388
1157,340,1497,0.1388
1163,337,1500,0.1388
1167,336,1503,0.1388
1175,335,1510,0.1388
1175,337,1512,0.1388
1178,332,1510,0.1388
1168,332,1500,0.1388
1150,343,1493,0.1388
1148,341,1489,0.1388
1150,345,1495,0.1388
1154,342,1496,0.1388
1141,350,1491,0.1388
1148,347,1495,0.1388
1156,350,1506,0.1388
1160,348,1508,0.1388
1152,343,1495,0.1388
1161,348,1509,0.1388
1153,349,1502,0.1388
1150,346,1496,0.1388
1148,347,1495,0.1388
1140,355,1495,0.1388
1135,352,1487,0.1388
1141,357,1498,0.1388
1137,360,1497,0.1388
1140,365,1505,0.1388
1138,366,1504,0.1388
1145,365,1510,0.1388
1136,363,1499,0.1388
1128,363,1491,0.1388
1131,366,1497,0.1388
1122,365,1487,0.1388
1126,366,1492,0.1388
1135,365,1500,0.1388
1131,370,1501,0.1388
1141,373,1514,0.1388
1137,377,1514,0.1388
1137,376,1513,0.1388
1147,377,1524,0.1388
1152,378,1530,0.1388
1146,381,1527,0.1388
1137,381,1518,0.1388
1138,381,1519,0.1388
1145,383,1528,0.1388
1140,379,1519,0.1388
1137,381,1518,0.1388
1129,379,1508,0.1388
1126,380,1506,0.1388
1113,382,1495,0.1388
1121,385,1506,0.1388
1107,387,1494,0.1388
1102,386,1488,0.1388
1110,386,1496,0.1388
1113,383,1496,0.1388
1111,389,1500,0.1388
1119,391,1510,0.1388
1123,394,1517,0.1388
1126,394,1520,0.1388
1109,398,1507,0.1388
1117,396,1513,0.1388
1094,400,1494,0.1388
1104,399,1503,0.1388
1106,399,1505,0.1388
1096,400,1496,0.1388
1095,405,1500,0.1388
1090,403,1493,0.1388
1097,397,1494,0.1388
1086,409,1495,0.1388
1081,412,1493,0.1388
1084,415,1499,0.1388
1093,403,1496,0.1388
1095,399,1494,0.1388
1087,403,1490,0.1388
1092,404,1496,0.1388
1093,410,1503,0.1388
1086,410,1496,0.1388
1095,408,1503,0.1388
1087,404,1491,0.1388
1081,406,1487,0.1388
1095,404,1499,0.1388
1089,399,1488,0.1388
1095,400,1495,0.1388
1103,399,1502,0.1388
1097,399,1496,0.1388
1091,397,1488,0.1388
1093,397,1490,0.1388
1097,396,1493,0.1388
1102,394,1496,0.1388
1099,399,1498,0.1388
1104,403,1507,0.1388
1107,400,1507,0.1388
1101,404,1505,0.1388
1105,398,1503,0.1388
1090,399,1489,0.1388
1088,399,1487,0.1388
1084,401,1485,0.1388
1084,402,1486,0.1388
1081,405,1486,0.1388
1071,410,1481,0.1388
1075,409,1484,0.1388
1072,410,1482,0.1388
1069,421,1490,0.1388
1084,419,1503,0.1388
1084,415,1499,0.1388
1084,414,1498,0.1388
1083,420,1503,0.1388
1083,423,1506,0.1388
1093,407,1500,0.1388
1092,411,1503,0.1388
1082,415,1497,0.1388
1087,417,1504,0.1388
1091,414,1505,0.1388
1079,424,1503,0.1388
1076,424,1500,0.1388
1075,426,1501,0.1388
1073,426,1499,0.1388
1071,434,1505,0.1388
1069,434,1503,0.1388
1078,436,1514,0.1388
1071,433,1504,0.1388
1075,424,1499,0.1388
1069,429,1498,0.1388
1076,425,1501,0.1388
1060,427,1487,0.1388
1067,434,1501,0.1388
1062,437,1499,0.1388
1069,438,1507,0.1388
1079,433,1512,0.1388
1056,436,1492,0.1388
1049,440,1489,0.1388
1042,444,1486,0.1388
1056,441,1497,0.1388
1054,434,1488,0.1388
1061,435,1496,0.1388
1050,449,1499,0.1388
1034,445,1479,0.1388
1046,442,1488,0.1388
1046,442,1488,0.1388
1042,444,1486,0.1388
1046,445,1491,0.1388
1039,449,1488,0.1388
1046,450,1496,0.1388
1048,451,1499,0.1388
1052,448,1500,0.1388
1041,450,1491,0.1388
1040,453,1493,0.1388
1047,448,1495,0.1388
1040,451,1491,0.1388
1024,459,1483,0.1388
1036,460,1496,0.1388
1038,458,1496,0.1388
1029,454,1483,0.1388
1039,455,1494,0.1388
1024,455,1479,0.1388
1031,452,1483,0.1388
1037,457,1494,0.1388
1032,455,1487,0.1388
1038,452,1490,0.1388
1036,450,1486,0.1388
1030,451,1481,0.1388
1032,447,1479,0.1388
1029,446,1475,0.1388
1031,456,1487,0.1388
1040,466,1506,0.1388
1032,465,1497,0.1388
1024,460,1484,0.1388
1022,464,1486,0.1388
1029,469,1498,0.1388
1042,463,1505,0.1388
1032,466,1498,0.1388
1023,461,1484,0.1388
1019,470,1489,0.1388
1030,471,1501,0.1388
1020,469,1489,0.1388
1019,472,1491,0.1388
1023,470,1493,0.1388
1028,475,1503,0.1388
1032,470,1502,0.1388
1022,471,1493,0.1388
1021,480,1501,0.1388
1032,478,1510,0.1388
1018,478,1496,0.1388
1013,481,1494,0.1388
1007,494,1501,0.1388
1017,493,1510,0.1388
1011,499,1510,0.1388
1011,501,1512,0.1388
1014,501,1515,0.1388
1009,504,1513,0.1388
1002,511,1513,0.1388
998,515,1513,0.1388
989,509,1498,0.1388
981,508,1489,0.1388
986,514,1500,0.1388
977,511,1488,0.1388
968,503,1471,0.1388
978,497,1475,0.1388
982,501,1483,0.1388
993,513,1506,0.1388
989,512,1501,0.1388
982,508,1490,0.1388
972,507,1479,0.1388
978,511,1489,0.1388
987,516,1503,0.1388
988,509,1497,0.1388
981,514,1495,0.1388
987,509,1496,0.1388
988,513,1501,0.1388
983,508,1491,0.1388
981,502,1483,0.1388
982,507,1489,0.1388
981,515,1496,0.1388
977,509,1486,0.1388
993,506,1499,0.1388
986,504,1490,0.1388
1001,507,1508,0.1388
1004,504,1508,0.1388
1001,503,1504,0.1388
990,502,1492,0.1388
990,501,1491,0.1388
993,499,1492,0.1388
988,502,1490,0.1388
989,499,1488,0.1388
992,500,1492,0.1388
1007,497,1504,0.1388
998,496,1494,0.1388
999,502,1501,0.1388
1001,504,1505,0.1388
985,509,1494,0.1388
984,508,1492,0.1388
978,513,1491,0.1388
976,509,1485,0.1388
975,507,1482,0.1388
963,514,1477,0.1388
962,518,1480,0.1388
969,516,1485,0.1388
984,518,1502,0.1388
981,523,1504,0.1388
980,527,1507,0.1388
966,529,1495,0.1388
958,535,1493,0.1388
955,542,1497,0.1388
964,540,1504,0.1388
956,537,1493,0.1388
964,535,1499,0.1388
950,536,1486,0.1388
957,544,1501,0.1388
965,541,1506,0.1388
946,542,1488,0.1388
951,548,1499,0.1388
947,555,1502,0.1388
947,558,1505,0.1388
947,555,1502,0.1388
938,555,1493,0.1388
953,554,1507,0.1388
961,547,1508,0.1388
970,552,1522,0.1388
963,559,1522,0.1388
961,551,1512,0.1388
954,558,1512,0.1388
956,554,1510,0.1388
941,554,1495,0.1388
942,552,1494,0.1388
939,551,1490,0.1388
945,551,1496,0.1388
950,560,1510,0.1388
942,565,1507,0.1388
943,568,1511,0.1388
939,572,1511,0.1388
936,568,1504,0.1388
931,576,1507,0.1388
930,576,1506,0.1388
930,581,1511,0.1388
928,579,1507,0.1388
918,591,1509,0.1388
905,590,1495,0.1388
904,590,1494,0.1388
894,595,1489,0.1388
901,594,1495,0.1388
896,594,1490,0.1388
902,599,1501,0.1388
901,599,1500,0.1388
902,596,1498,0.1388
905,593,1498,0.1388
914,595,1509,0.1388
918,586,1504,0.1388
927,587,1514,0.1388
921,592,1513,0.1388
917,600,1517,0.1388
923,591,1514,0.1388
924,584,1508,0.1388
912,589,1501,0.1388
920,585,1505,0.1388
917,594,1511,0.1388
930,596,1526,0.1388
917,595,1512,0.1388
907,600,1507,0.1388
910,600,1510,0.1388
904,611,1515,0.1388
897,617,1514,0.1388
901,617,1518,0.1388
904,612,1516,0.1388
896,610,1506,0.1388
888,607,1495,0.1388
894,610,1504,0.1388
883,618,1501,0.1388
881,619,1500,0.1388
872,618,1490,0.1388
876,613,1489,0.1388
870,622,1492,0.1388
862,626,1488,0.1388
860,622,1482,0.1388
855,633,1488,0.1388
859,632,1491,0.1388
868,626,1494,0.1388
862,628,1490,0.1388
861,634,1495,0.1388
871,631,1502,0.1388
878,626,1504,0.1388
876,632,1508,0.1388
885,628,1513,0.1388
882,628,1510,0.1388
876,628,1504,0.1388
883,637,1520,0.1388
877,648,1525,0.1388
879,641,1520,0.1388
880,643,1523,0.1388
878,649,1527,0.1388
871,638,1509,0.1388
863,634,1497,0.1388
861,637,1498,0.1388
851,641,1492,0.1388
862,646,1508,0.1388
861,649,1510,0.1388
868,648,1516,0.1388
862,651,1513,0.1388
868,652,1520,0.1388
856,655,1511,0.1388
848,663,1511,0.1388
840,666,1506,0.1388
848,666,1514,0.1388
841,675,1516,0.1388
848,670,1518,0.1388
842,681,1523,0.1388
836,675,1511,0.1388
832,675,1507,0.1388
828,677,1505,0.1388
829,679,1508,0.1388
830,672,1502,0.1388
830,678,1508,0.1388
833,677,1510,0.1388
826,674,1500,0.1388
819,672,1491,0.1388
821,680,1501,0.1388
825,685,1510,0.1388
828,688,1516,0.1388
820,684,1504,0.1388
828,683,1511,0.1388
827,692,1519,0.1388
823,697,1520,0.1388
822,703,1525,0.1388
814,705,1519,0.1388
814,697,1511,0.1388
822,700,1522,0.1388
820,695,1515,0.1388
819,690,1509,0.1388
818,687,1505,0.1388
810,688,1498,0.1388
799,693,1492,0.1388
810,698,1508,0.1388
813,680,1493,0.1388
818,679,1497,0.1388
820,689,1509,0.1388
821,691,1512,0.1388
825,697,1522,0.1388
818,699,1517,0.1388
821,701,1522,0.1388
824,699,1523,0.1388
827,704,1531,0.1388
825,698,1523,0.1388
828,694,1522,0.1388
827,692,1519,0.1388
832,694,1526,0.1388
815,694,1509,0.1388
808,705,1513,0.1388
801,706,1507,0.1388
799,704,1503,0.1388
799,699,1498,0.1388
806,704,1510,0.1388
789,706,1495,0.1388
788,700,1488,0.1388
797,704,1501,0.1388
789,705,1494,0.1388
784,711,1495,0.1388
781,717,1498,0.1388
770,714,1484,0.1388
768,716,1484,0.1388
767,721,1488,0.1388
769,718,1487,0.1388
767,721,1488,0.1388
768,731,1499,0.1388
771,738,1509,0.1388
767,741,1508,0.1388
768,734,1502,0.1388
771,730,1501,0.1388
765,740,1505,0.1388
759,741,1500,0.1388
760,738,1498,0.1388
763,733,1496,0.1388
755,747,1502,0.1388
758,741,1499,0.1388
745,749,1494,0.1388
757,751,1508,0.1388
760,753,1513,0.1388
746,759,1505,0.1388
741,756,1497,0.1388
737,750,1487,0.1388
739,753,1492,0.1388
744,759,1503,0.1388
737,768,1505,0.1388
731,771,1502,0.1388
741,764,1505,0.1388
749,767,1516,0.1388
742,770,1512,0.1388
738,769,1507,0.1388
739,776,1515,0.1388
741,783,1524,0.1388
740,782,1522,0.1388
740,769,1509,0.1388
748,766,1514,0.1388
749,764,1513,0.1388
746,769,1515,0.1388
740,767,1507,0.1388
732,766,1498,0.1388
719,761,1480,0.1388
725,771,1496,0.1388
725,763,1488,0.1388
728,764,1492,0.1388
727,767,1494,0.1388
726,766,1492,0.1388
730,769,1499,0.1388
727,771,1498,0.1388
725,771,1496,0.1388
722,771,1493,0.1388
728,786,1514,0.1388
732,786,1518,0.1388
734,777,1511,0.1388
732,783,1515,0.1388
727,783,1510,0.1388
716,783,1499,0.1388
718,776,1494,0.1388
717,778,1495,0.1388
718,783,1501,0.1388
713,777,1490,0.1388
710,787,1497,0.1388
711,788,1499,0.1388
720,782,1502,0.1388
717,784,1501,0.1388
714,772,1486,0.1388
712,773,1485,0.1388
708,779,1487,0.1388
708,781,1489,0.1388
710,787,1497,0.1388
707,801,1508,0.1388
717,798,1515,0.1388
717,799,1516,0.1388
713,805,1518,0.1388
706,805,1511,0.1388
702,806,1508,0.1388
700,802,1502,0.1388
694,811,1505,0.1388
700,805,1505,0.1388
696,807,1503,0.1388
707,801,1508,0.1388
703,798,1501,0.1388
697,804,1501,0.1388
700,793,1493,0.1388
698,802,1500,0.1388
704,808,1512,0.1388
700,812,1512,0.1388
704,814,1518,0.1388
703,819,1522,0.1388
688,815,1503,0.1388
686,805,1491,0.1388
686,797,1483,0.1388
696,809,1505,0.1388
698,811,1509,0.1388
696,816,1512,0.1388
697,821,1518,0.1388
703,821,1524,0.1388
701,820,1521,0.1388
701,814,1515,0.1388
699,808,1507,0.1388
699,807,1506,0.1388
699,813,1512,0.1388
692,806,1498,0.1388
697,810,1507,0.1388
701,801,1502,0.1388
701,800,1501,0.1388
705,808,1513,0.1388
701,812,1513,0.1388
709,804,1513,0.1388
707,800,1507,0.1388
707,803,1510,0.1388
698,800,1498,0.1388
697,801,1498,0.1388
702,803,1505,0.1388
701,808,1509,0.1388
707,804,1511,0.1388
701,809,1510,0.1388
702,811,1513,0.1388
699,803,1502,0.1388
702,805,1507,0.1388
690,804,1494,0.1388
687,815,1502,0.1388
681,818,1499,0.1388
690,813,1503,0.1388
690,814,1504,0.1388
683,806,1489,0.1388
687,820,1507,0.1388
679,825,1504,0.1388
672,819,1491,0.1388
677,819,1496,0.1388
685,821,1506,0.1388
685,824,1509,0.1388
684,827,1511,0.1388
691,824,1515,0.1388
692,819,1511,0.1388
688,812,1500,0.1388
690,805,1495,0.1388
707,802,1509,0.1388
691,802,1493,0.1388
688,811,1499,0.1388
688,816,1504,0.1388
689,819,1508,0.1388
692,816,1508,0.1388
684,818,1502,0.1388
687,818,1505,0.1388
688,816,1504,0.1388
688,823,1511,0.1388
685,821,1506,0.1388
684,817,1501,0.1388
680,822,1502,0.1388
678,825,1503,0.1388
678,833,1511,0.1388
674,827,1501,0.1388
670,831,1501,0.1388
671,832,1503,0.1388
666,834,1500,0.1388
669,834,1503,0.1388
667,838,1505,0.1388
673,834,1507,0.1388
667,842,1509,0.1388
672,836,1508,0.1388
676,835,1511,0.1388
676,846,1522,0.1388
673,836,1509,0.1388
673,840,1513,0.1388
675,839,1514,0.1388
666,847,1513,0.1388
660,847,1507,0.1388
658,842,1500,0.1388
649,847,1496,0.1388
650,844,1494,0.1388
651,845,1496,0.1388
655,836,1491,0.1388
667,839,1506,0.1388
658,836,1494,0.1388
658,842,1500,0.1388
661,845,1506,0.1388
657,856,1513,0.1388
657,853,1510,0.1388
655,856,1511,0.1388
666,860,1526,0.1388
657,853,1510,0.1388
658,858,1516,0.1388
663,867,1530,0.1388
655,871,1526,0.1388
649,872,1521,0.1388
647,868,1515,0.1388
644,862,1506,0.1388
646,861,1507,0.1388
641,863,1504,0.1388
645,864,1509,0.1388
643,870,1513,0.1388
638,866,1504,0.1388
638,870,1508,0.1388
644,871,1515,0.1388
644,857,1501,0.1388
644,844,1488,0.1388
641,843,1484,0.1388
633,832,1465,0.1388
649,834,1483,0.1388
648,846,1494,0.1388
646,854,1500,0.1388
642,862,1504,0.1388
638,852,1490,0.1388
643,861,1504,0.1388
641,859,1500,0.1388
641,857,1498,0.1388
639,863,1502,0.1388
638,860,1498,0.1388
643,861,1504,0.1388
639,877,1516,0.1388
630,882,1512,0.1388
629,887,1516,0.1388
633,893,1526,0.1388
626,897,1523,0.1388
611,880,1491,0.1388
610,888,1498,0.1388
610,890,1500,0.1388
601,882,1483,0.1388
611,884,1495,0.1388
623,891,1514,0.1388
623,896,1519,0.1388
622,895,1517,0.1388
619,902,1521,0.1388
619,894,1513,0.1388
619,893,1512,0.1388
616,890,1506,0.1388
618,897,1515,0.1388
619,892,1511,0.1388
618,884,1502,0.1388
619,891,1510,0.1388
618,891,1509,0.1388
625,891,1516,0.1388
620,892,1512,0.1388
620,898,1518,0.1388
620,898,1518,0.1388
619,895,1514,0.1388
614,891,1505,0.1388
605,883,1488,0.1388
604,894,1498,0.1388
602,892,1494,0.1388
611,890,1501,0.1388
615,891,1506,0.1388
612,901,1513,0.1388
614,897,1511,0.1388
619,895,1514,0.1388
618,902,1520,0.1388
610,892,1502,0.1388
610,890,1500,0.1388
607,882,1489,0.1388
621,878,1499,0.1388
620,885,1505,0.1388
615,889,1504,0.1388
619,895,1514,0.1388
613,903,1516,0.1388
608,911,1519,0.1388
603,907,1510,0.1388
597,914,1511,0.1388
595,915,1510,0.1388
598,909,1507,0.1388
594,909,1503,0.1388
600,911,1511,0.1388
605,910,1515,0.1388
612,912,1524,0.1388
616,910,1526,0.1388
616,915,1531,0.1388
614,912,1526,0.1388
614,910,1524,0.1388
610,905,1515,0.1388
617,915,1532,0.1388
606,910,1516,0.1388
603,903,1506,0.1388
605,894,1499,0.1388
600,906,1506,0.1388
601,908,1509,0.1388
592,916,1508,0.1388
596,914,1510,0.1388
590,921,1511,0.1388
585,910,1495,0.1388
592,917,1509,0.1388
588,919,1507,0.1388
589,916,1505,0.1388
586,919,1505,0.1388
583,921,1504,0.1388
587,913,1500,0.1388
583,901,1484,0.1388
587,910,1497,0.1388
582,904,1486,0.1388
584,900,1484,0.1388
582,913,1495,0.1388
578,916,1494,0.1388
592,910,1502,0.1388
592,922,1514,0.1388
586,926,1512,0.1388
600,927,1527,0.1388
597,919,1516,0.1388
598,916,1514,0.1388
594,915,1509,0.1388
589,928,1517,0.1388
586,930,1516,0.1388
587,927,1514,0.1388
587,937,1524,0.1388
585,940,1525,0.1388
580,928,1508,0.1388
575,931,1506,0.1388
577,935,1512,0.1388
572,930,1502,0.1388
571,929,1500,0.1388
562,937,1499,0.1388
574,948,1522,0.1388
584,946,1530,0.1388
575,942,1517,0.1388
575,938,1513,0.1388
578,938,1516,0.1388
578,940,1518,0.1388
580,950,1530,0.1388
573,947,1520,0.1388
566,943,1509,0.1388
567,933,1500,0.1388
565,936,1501,0.1388
562,928,1490,0.1388
560,937,1497,0.1388
557,945,1502,0.1388
565,941,1506,0.1388
565,937,1502,0.1388
563,943,1506,0.1388
557,949,1506,0.1388
556,961,1517,0.1388
560,960,1520,0.1388
559,964,1523,0.1388
558,962,1520,0.1388
555,956,1511,0.1388
556,950,1506,0.1388
558,961,1519,0.1388
556,963,1519,0.1388
553,959,1512,0.1388
561,956,1517,0.1388
556,960,1516,0.1388
549,957,1506,0.1388
551,954,1505,0.1388
551,960,1511,0.1388
558,968,1526,0.1388
547,968,1515,0.1388
537,964,1501,0.1388
537,970,1507,0.1388
533,979,1512,0.1388
534,973,1507,0.1388
526,966,1492,0.1388
527,972,1499,0.1388
527,980,1507,0.1388
514,989,1503,0.1388
510,996,1506,0.1388
506,996,1502,0.1388
506,999,1505,0.1388
504,997,1501,0.1388
506,997,1503,0.1388
500,1006,1506,0.1388
500,1017,1517,0.1388
503,1018,1521,0.1388
496,1025,1521,0.1388
489,1014,1503,0.1388
487,1017,1504,0.1388
472,1025,1497,0.1388
477,1036,1513,0.1388
476,1043,1519,0.1388
475,1046,1521,0.1388
474,1049,1523,0.1388
467,1043,1510,0.1388
469,1030,1499,0.1388
467,1030,1497,0.1388
464,1037,1501,0.1388
465,1043,1508,0.1388
456,1057,1513,0.1388
450,1057,1507,0.1388
450,1060,1510,0.1388
442,1066,1508,0.1388
440,1070,1510,0.1388
441,1074,1515,0.1388
432,1065,1497,0.1388
434,1060,1494,0.1388
443,1061,1504,0.1388
443,1058,1501,0.1388
437,1061,1498,0.1388
436,1060,1496,0.1388
444,1051,1495,0.1388
451,1055,1506,0.1388
441,1062,1503,0.1388
443,1060,1503,0.1388
441,1051,1492,0.1388
445,1056,1501,0.1388
440,1058,1498,0.1388
443,1055,1498,0.1388
447,1059,1506,0.1388
454,1057,1511,0.1388
459,1058,1517,0.1388
460,1049,1509,0.1388
458,1051,1509,0.1388
451,1051,1502,0.1388
451,1044,1495,0.1388
456,1047,1503,0.1388
453,1050,1503,0.1388
459,1055,1514,0.1388
460,1055,1515,0.1388
453,1055,1508,0.1388
447,1049,1496,0.1388
452,1053,1505,0.1388
454,1048,1502,0.1388
462,1036,1498,0.1388
460,1042,1502,0.1388
460,1057,1517,0.1388
452,1061,1513,0.1388
448,1061,1509,0.1388
452,1057,1509,0.1388
452,1046,1498,0.1388
453,1042,1495,0.1388
455,1034,1489,0.1388
455,1043,1498,0.1388
455,1048,1503,0.1388
458,1041,1499,0.1388
464,1040,1504,0.1388
462,1052,1514,0.1388
457,1048,1505,0.1388
450,1052,1502,0.1388
451,1044,1495,0.1388
446,1040,1486,0.1388
448,1048,1496,0.1388
446,1051,1497,0.1388
447,1062,1509,0.1388
446,1062,1508,0.1388
442,1060,1502,0.1388
437,1047,1484,0.1388
440,1053,1493,0.1388
449,1051,1500,0.1388
453,1061,1514,0.1388
455,1060,1515,0.1388
450,1070,1520,0.1388
448,1071,1519,0.1388
452,1070,1522,0.1388
454,1064,1518,0.1388
447,1064,1511,0.1388
450,1067,1517,0.1388
452,1057,1509,0.1388
451,1066,1517,0.1388
447,1062,1509,0.1388
446,1056,1502,0.1388
440,1059,1499,0.1388
440,1066,1506,0.1388
443,1071,1514,0.1388
445,1070,1515,0.1388
450,1061,1511,0.1388
446,1064,1510,0.1388
449,1057,1506,0.1388
451,1056,1507,0.1388
453,1063,1516,0.1388
450,1058,1508,0.1388
438,1061,1499,0.1388
434,1069,1503,0.1388
442,1067,1509,0.1388
438,1072,1510,0.1388
435,1076,1511,0.1388
433,1076,1509,0.1388
436,1076,1512,0.1388
432,1079,1511,0.1388
428,1076,1504,0.1388
425,1087,1512,0.1388
421,1085,1506,0.1388
420,1084,1504,0.1388
419,1082,1501,0.1388
412,1093,1505,0.1388
410,1103,1513,0.1388
413,1095,1508,0.1388
413,1096,1509,0.1388
411,1094,1505,0.1388
418,1099,1517,0.1388
418,1096,1514,0.1388
411,1093,1504,0.1388
406,1107,1513,0.1388
408,1104,1512,0.1388
411,1097,1508,0.1388
411,1090,1501,0.1388
414,1089,1503,0.1388
404,1090,1494,0.1388
411,1095,1506,0.1388
410,1098,1508,0.1388
410,1109,1519,0.1388
412,1107,1519,0.1388
408,1101,1509,0.1388
413,1111,1524,0.1388
418,1108,1526,0.1388
415,1101,1516,0.1388
417,1099,1516,0.1388
414,1106,1520,0.1388
407,1110,1517,0.1388
403,1114,1517,0.1388
399,1120,1519,0.1388
399,1123,1522,0.1388
392,1115,1507,0.1388
381,1120,1501,0.1388
380,1123,1503,0.1388
376,1122,1498,0.1388
379,1132,1511,0.1388
381,1144,1525,0.1388
379,1141,1520,0.1388
380,1135,1515,0.1388
374,1143,1517,0.1388
377,1145,1522,0.1388
373,1147,1520,0.1388
377,1134,1511,0.1388
382,1129,1511,0.1388
380,1124,1504,0.1388
383,1136,1519,0.1388
385,1124,1509,0.1388
385,1128,1513,0.1388
388,1135,1523,0.1388
393,1135,1528,0.1388
386,1135,1521,0.1388
382,1130,1512,0.1388
379,1125,1504,0.1388
382,1122,1504,0.1388
386,1113,1499,0.1388
387,1112,1499,0.1388
384,1123,1507,0.1388
376,1135,1511,0.1388
376,1140,1516,0.1388
376,1139,1515,0.1388
368,1146,1514,0.1388
367,1151,1518,0.1388
368,1152,1520,0.1388
365,1156,1521,0.1388
365,1145,1510,0.1388
358,1134,1492,0.1388
360,1143,1503,0.1388
355,1150,1505,0.1388
356,1161,1517,0.1388
362,1161,1523,0.1388
364,1152,1516,0.1388
358,1156,1514,0.1388
358,1165,1523,0.1388
353,1170,1523,0.1388
350,1160,1510,0.1388
348,1166,1514,0.1388
351,1158,1509,0.1388
345,1155,1500,0.1388
354,1162,1516,0.1388
353,1158,1511,0.1388
352,1162,1514,0.1388
344,1165,1509,0.1388
341,1173,1514,0.1388
340,1175,1515,0.1388
343,1171,1514,0.1388
344,1168,1512,0.1388
337,1171,1508,0.1388
330,1180,1510,0.1388
337,1179,1516,0.1388
345,1177,1522,0.1388
346,1174,1520,0.1388
340,1169,1509,0.1388
335,1166,1501,0.1388
342,1170,1512,0.1388
341,1177,1518,0.1388
340,1172,1512,0.1388
335,1172,1507,0.1388
332,1174,1506,0.1388
325,1165,1490,0.1388
324,1173,1497,0.1388
328,1174,1502,0.1388
323,1184,1507,0.1388
324,1181,1505,0.1388
323,1172,1495,0.1388
322,1170,1492,0.1388
322,1177,1499,0.1388
322,1174,1496,0.1388
322,1195,1517,0.1388
322,1200,1522,0.1388
322,1199,1521,0.1388
323,1209,1532,0.1388
323,1195,1518,0.1388
323,1188,1511,0.1388
311,1196,1507,0.1388
310,1196,1506,0.1388
316,1195,1511,0.1388
317,1196,1513,0.1388
316,1182,1498,0.1388
321,1192,1513,0.1388
319,1201,1520,0.1388
316,1196,1512,0.1388
320,1196,1516,0.1388
318,1196,1514,0.1388
313,1193,1506,0.1388
317,1196,1513,0.1388
317,1198,1515,0.1388
316,1201,1517,0.1388
312,1203,1515,0.1388
313,1192,1505,0.1388
311,1196,1507,0.1388
314,1186,1500,0.1388
323,1196,1519,0.1388
324,1196,1520,0.1388
319,1201,1520,0.1388
317,1202,1519,0.1388
315,1209,1524,0.1388
316,1219,1535,0.1388
312,1212,1524,0.1388
315,1212,1527,0.1388
312,1198,1510,0.1388
315,1194,1509,0.1388
318,1202,1520,0.1388
314,1208,1522,0.1388
305,1207,1512,0.1388
300,1196,1496,0.1388
307,1198,1505,0.1388
309,1199,1508,0.1388
306,1205,1511,0.1388
302,1204,1506,0.1388
302,1207,1509,0.1388
306,1198,1504,0.1388
306,1202,1508,0.1388
305,1217,1522,0.1388
304,1222,1526,0.1388
304,1228,1532,0.1388
305,1230,1535,0.1388
297,1216,1513,0.1388
293,1212,1505,0.1388
296,1205,1501,0.1388
299,1215,1514,0.1388
302,1218,1520,0.1388
298,1230,1528,0.1388
295,1226,1521,0.1388
301,1217,1518,0.1388
300,1208,1508,0.1388
305,1217,1522,0.1388
306,1208,1514,0.1388
302,1224,1526,0.1388
297,1229,1526,0.1388
302,1216,1518,0.1388
307,1213,1520,0.1388
309,1219,1528,0.1388
305,1212,1517,0.1388
315,1211,1526,0.1388
316,1209,1525,0.1388
313,1203,1516,0.1388
315,1202,1517,0.1388
308,1210,1518,0.1388
307,1210,1517,0.1388
307,1220,1527,0.1388
302,1213,1515,0.1388
299,1215,1514,0.1388
306,1204,1510,0.1388
308,1209,1517,0.1388
309,1202,1511,0.1388
308,1214,1522,0.1388
309,1209,1518,0.1388
306,1206,1512,0.1388
315,1203,1518,0.1388
317,1216,1533,0.1388
316,1212,1528,0.1388
309,1200,1509,0.1388
312,1197,1509,0.1388
318,1199,1517,0.1388
320,1202,1522,0.1388
314,1214,1528,0.1388
316,1192,1508,0.1388
315,1188,1503,0.1388
320,1196,1516,0.1388
317,1190,1507,0.1388
312,1190,1502,0.1388
310,1193,1503,0.1388
313,1209,1522,0.1388
312,1205,1517,0.1388
308,1201,1509,0.1388
315,1203,1518,0.1388
313,1208,1521,0.1388
313,1206,1519,0.1388
314,1216,1530,0.1388
315,1202,1517,0.1388
316,1209,1525,0.1388
313,1203,1516,0.1388
309,1205,1514,0.1388
308,1212,1520,0.1388
305,1209,1514,0.1388
303,1206,1509,0.1388
299,1208,1507,0.1388
304,1201,1505,0.1388
306,1197,1503,0.1388
313,1197,1510,0.1388
306,1199,1505,0.1388
306,1193,1499,0.1388
315,1195,1510,0.1388
322,1193,1515,0.1388
321,1200,1521,0.1388
320,1200,1520,0.1388
318,1191,1509,0.1388
322,1180,1502,0.1388
323,1186,1509,0.1388
323,1185,1508,0.1388
326,1198,1524,0.1388
330,1200,1530,0.1388
327,1206,1533,0.1388
318,1202,1520,0.1388
317,1202,1519,0.1388
321,1207,1528,0.1388
316,1212,1528,0.1388
312,1208,1520,0.1388
309,1201,1510,0.1388
305,1196,1501,0.1388
305,1202,1507,0.1388
303,1199,1502,0.1388
298,1213,1511,0.1388
295,1213,1508,0.1388
296,1213,1509,0.1388
298,1213,1511,0.1388
296,1201,1497,0.1388
292,1210,1502,0.1388
291,1224,1515,0.1388
293,1216,1509,0.1388
288,1220,1508,0.1388
291,1221,1512,0.1388
295,1220,1515,0.1388
293,1218,1511,0.1388
292,1215,1507,0.1388
291,1215,1506,0.1388
287,1214,1501,0.1388
289,1216,1505,0.1388
294,1222,1516,0.1388
291,1228,1519,0.1388
288,1230,1518,0.1388
285,1226,1511,0.1388
278,1222,1500,0.1388
285,1221,1506,0.1388
283,1218,1501,0.1388
287,1223,1510,0.1388
285,1219,1504,0.1388
284,1219,1503,0.1388
285,1214,1499,0.1388
287,1209,1496,0.1388
289,1197,1486,0.1388
288,1222,1510,0.1388
290,1231,1521,0.1388
293,1234,1527,0.1388
290,1237,1527,0.1388
289,1235,1524,0.1388
290,1224,1514,0.1388
292,1206,1498,0.1388
294,1216,1510,0.1388
295,1212,1507,0.1388
291,1225,1516,0.1388
291,1229,1520,0.1388
290,1223,1513,0.1388
288,1219,1507,0.1388
293,1229,1522,0.1388
291,1217,1508,0.1388
288,1226,1514,0.1388
291,1231,1522,0.1388
288,1223,1511,0.1388
290,1225,1515,0.1388
289,1221,1510,0.1388
288,1212,1500,0.1388
281,1225,1506,0.1388
283,1224,1507,0.1388
278,1243,1521,0.1388
280,1242,1522,0.1388
282,1245,1527,0.1388
273,1248,1521,0.1388
276,1256,1532,0.1388
274,1245,1519,0.1388
271,1243,1514,0.1388
262,1238,1500,0.1388
265,1252,1517,0.1388
266,1255,1521,0.1388
264,1260,1524,0.1388
262,1268,1530,0.1388
255,1274,1529,0.1388
254,1272,1526,0.1388
253,1268,1521,0.1388
252,1269,1521,0.1388
256,1263,1519,0.1388
252,1263,1515,0.1388
251,1257,1508,0.1388
247,1259,1506,0.1388
247,1255,1502,0.1388
242,1263,1505,0.1388
242,1259,1501,0.1388
242,1269,1511,0.1388
243,1274,1517,0.1388
238,1279,1517,0.1388
231,1278,1509,0.1388
237,1267,1504,0.1388
238,1256,1494,0.1388
242,1275,1517,0.1388
240,1278,1518,0.1388
242,1282,1524,0.1388
240,1272,1512,0.1388
236,1278,1514,0.1388
241,1279,1520,0.1388
238,1268,1506,0.1388
237,1282,1519,0.1388
235,1294,1529,0.1388
227,1285,1512,0.1388
224,1288,1512,0.1388
217,1297,1514,0.1388
217,1287,1504,0.1388
217,1285,1502,0.1388
222,1284,1506,0.1388
220,1289,1509,0.1388
215,1284,1499,0.1388
220,1300,1520,0.1388
223,1295,1518,0.1388
217,1300,1517,0.1388
219,1301,1520,0.1388
214,1312,1526,0.1388
213,1301,1514,0.1388
214,1296,1510,0.1388
215,1297,1512,0.1388
215,1303,1518,0.1388
210,1299,1509,0.1388
207,1294,1501,0.1388
210,1289,1499,0.1388
210,1295,1505,0.1388
209,1299,1508,0.1388
207,1298,1505,0.1388
208,1299,1507,0.1388
212,1307,1519,0.1388
215,1293,1508,0.1388
214,1303,1517,0.1388
212,1314,1526,0.1388
207,1308,1515,0.1388
211,1316,1527,0.1388
213,1303,1516,0.1388
203,1304,1507,0.1388
205,1315,1520,0.1388
201,1322,1523,0.1388
200,1305,1505,0.1388
199,1312,1511,0.1388
200,1304,1504,0.1388
205,1308,1513,0.1388
205,1312,1517,0.1388
208,1313,1521,0.1388
204,1316,1520,0.1388
205,1311,1516,0.1388
201,1312,1513,0.1388
202,1319,1521,0.1388
198,1327,1525,0.1388
199,1329,1528,0.1388
202,1329,1531,0.1388
201,1328,1529,0.1388
200,1313,1513,0.1388
200,1315,1515,0.1388
201,1322,1523,0.1388
200,1319,1519,0.1388
199,1316,1515,0.1388
200,1320,1520,0.1388
200,1326,1526,0.1388
196,1316,1512,0.1388
192,1319,1511,0.1388
187,1329,1516,0.1388
186,1317,1503,0.1388
191,1325,1516,0.1388
190,1324,1514,0.1388
191,1314,1505,0.1388
192,1312,1504,0.1388
193,1332,1525,0.1388
192,1325,1517,0.1388
190,1312,1502,0.1388
192,1313,1505,0.1388
192,1327,1519,0.1388
194,1323,1517,0.1388
193,1319,1512,0.1388
196,1309,1505,0.1388
195,1317,1512,0.1388
190,1308,1498,0.1388
190,1318,1508,0.1388
190,1322,1512,0.1388
185,1320,1505,0.1388
185,1318,1503,0.1388
187,1311,1498,0.1388
188,1313,1501,0.1388
190,1317,1507,0.1388
185,1312,1497,0.1388
183,1314,1497,0.1388
181,1310,1491,0.1388
183,1322,1505,0.1388
180,1322,1502,0.1388
177,1320,1497,0.1388
178,1330,1508,0.1388
176,1334,1510,0.1388
179,1341,1520,0.1388
176,1338,1514,0.1388
177,1334,1511,0.1388
175,1338,1513,0.1388
174,1333,1507,0.1388
181,1328,1509,0.1388
184,1330,1514,0.1388
184,1317,1501,0.1388
183,1318,1501,0.1388
185,1334,1519,0.1388
183,1318,1501,0.1388
182,1325,1507,0.1388
182,1320,1502,0.1388
182,1308,1490,0.1388
179,1317,1496,0.1388
181,1322,1503,0.1388
180,1328,1508,0.1388
181,1325,1506,0.1388
181,1327,1508,0.1388
180,1334,1514,0.1388
177,1349,1526,0.1388
173,1341,1514,0.1388
177,1344,1521,0.1388
177,1338,1515,0.1388
177,1340,1517,0.1388
180,1333,1513,0.1388
177,1339,1516,0.1388
174,1329,1503,0.1388
179,1329,1508,0.1388
174,1338,1512,0.1388
172,1344,1516,0.1388
174,1357,1531,0.1388
169,1356,1525,0.1388
170,1351,1521,0.1388
161,1353,1514,0.1388
163,1358,1521,0.1388
161,1358,1519,0.1388
157,1352,1509,0.1388
160,1358,1518,0.1388
163,1347,1510,0.1388
159,1345,1504,0.1388
155,1343,1498,0.1388
152,1336,1488,0.1388
150,1344,1494,0.1388
156,1351,1507,0.1388
152,1359,1511,0.1388
154,1366,1520,0.1388
154,1364,1518,0.1388
152,1368,1520,0.1388
151,1370,1521,0.1388
151,1368,1519,0.1388
154,1376,1530,0.1388
151,1384,1535,0.1388
147,1370,1517,0.1388
146,1362,1508,0.1388
140,1365,1505,0.1388
142,1367,1509,0.1388
146,1367,1513,0.1388
145,1369,1514,0.1388
146,1351,1497,0.1388
147,1358,1505,0.1388
142,1371,1513,0.1388
142,1383,1525,0.1388
143,1379,1522,0.1388
146,1371,1517,0.1388
143,1361,1504,0.1388
149,1368,1517,0.1388
149,1365,1514,0.1388
145,1363,1508,0.1388
142,1374,1516,0.1388
142,1379,1521,0.1388
145,1384,1529,0.1388
144,1388,1532,0.1388
140,1385,1525,0.1388
135,1388,1523,0.1388
132,1398,1530,0.1388
131,1399,1530,0.1388
133,1395,1528,0.1388
137,1389,1526,0.1388
138,1374,1512,0.1388
135,1380,1515,0.1388
136,1383,1519,0.1388
135,1385,1520,0.1388
132,1400,1532,0.1388
134,1401,1535,0.1388
124,1399,1523,0.1388
123,1400,1523,0.1388
124,1392,1516,0.1388
119,1399,1518,0.1388
116,1391,1507,0.1388
121,1391,1512,0.1388
121,1400,1521,0.1388
120,1404,1524,0.1388
114,1411,1525,0.1388
113,1409,1522,0.1388
112,1408,1520,0.1388
108,1397,1505,0.1388
110,1394,1504,0.1388
110,1401,1511,0.1388
104,1413,1517,0.1388
98,1414,1512,0.1388
98,1421,1519,0.1388
99,1430,1529,0.1388
102,1433,1535,0.1388
99,1421,1520,0.1388
97,1416,1513,0.1388
97,1414,1511,0.1388
95,1422,1517,0.1388
95,1422,1517,0.1388
100,1413,1513,0.1388
105,1416,1521,0.1388
105,1406,1511,0.1388
104,1414,1518,0.1388
105,1417,1522,0.1388
103,1423,1526,0.1388
104,1425,1529,0.1388
105,1404,1509,0.1388
104,1403,1507,0.1388
100,1397,1497,0.1388
104,1408,1512,0.1388
103,1402,1505,0.1388
102,1402,1504,0.1388
104,1412,1516,0.1388
105,1401,1506,0.1388
107,1405,1512,0.1388
106,1416,1522,0.1388
102,1417,1519,0.1388
99,1417,1516,0.1388
97,1414,1511,0.1388
95,1415,1510,0.1388
96,1424,1520,0.1388
95,1429,1524,0.1388
95,1426,1521,0.1388
97,1415,1512,0.1388
97,1415,1512,0.1388
97,1415,1512,0.1388
96,1410,1506,0.1388
94,1404,1498,0.1388
92,1412,1504,0.1388
94,1432,1526,0.1388
95,1427,1522,0.1388
97,1424,1521,0.1388
95,1432,1527,0.1388
95,1426,1521,0.1388
93,1437,1530,0.1388
96,1442,1538,0.1388
96,1429,1525,0.1388
98,1439,1537,0.1388
98,1436,1534,0.1388
99,1436,1535,0.1388
97,1446,1543,0.1388
93,1430,1523,0.1388
91,1419,1510,0.1388
89,1422,1511,0.1388
92,1432,1524,0.1388
95,1435,1530,0.1388
95,1427,1522,0.1388
95,1423,1518,0.1388
90,1421,1511,0.1388
88,1411,1499,0.1388
89,1435,1524,0.1388
90,1424,1514,0.1388
96,1417,1513,0.1388
95,1410,1505,0.1388
96,1412,1508,0.1388
95,1416,1511,0.1388
94,1414,1508,0.1388
98,1422,1520,0.1388
97,1420,1517,0.1388
94,1423,1517,0.1388
94,1423,1517,0.1388
95,1426,1521,0.1388
95,1426,1521,0.1388
94,1431,1525,0.1388
92,1419,1511,0.1388
93,1415,1508,0.1388
95,1412,1507,0.1388
94,1422,1516,0.1388
93,1421,1514,0.1388
100,1427,1527,0.1388
98,1426,1524,0.1388
99,1421,1520,0.1388
100,1422,1522,0.1388
102,1422,1524,0.1388
103,1419,1522,0.1388
99,1417,1516,0.1388
98,1419,1517,0.1388
98,1426,1524,0.1388
98,1422,1520,0.1388
103,1431,1534,0.1388
105,1431,1536,0.1388
100,1420,1520,0.1388
101,1426,1527,0.1388
103,1413,1516,0.1388
102,1422,1524,0.1388
102,1419,1521,0.1388
100,1414,1514,0.1388
100,1423,1523,0.1388
102,1427,1529,0.1388
102,1427,1529,0.1388
101,1431,1532,0.1388
96,1434,1530,0.1388
96,1418,1514,0.1388
97,1418,1515,0.1388
99,1425,1524,0.1388
94,1435,1529,0.1388
95,1431,1526,0.1388
93,1435,1528,0.1388
90,1427,1517,0.1388
89,1411,1500,0.1388
89,1424,1513,0.1388
88,1423,1511,0.1388
87,1424,1511,0.1388
88,1436,1524,0.1388
87,1419,1506,0.1388
93,1406,1499,0.1388
90,1422,1512,0.1388
89,1425,1514,0.1388
88,1427,1515,0.1388
88,1429,1517,0.1388
88,1425,1513,0.1388
85,1427,1512,0.1388
85,1433,1518,0.1388
84,1451,1535,0.1388
82,1447,1529,0.1388
80,1440,1520,0.1388
76,1435,1511,0.1388
76,1425,1501,0.1388
74,1436,1510,0.1388
73,1444,1517,0.1388
75,1437,1512,0.1388
72,1449,1521,0.1388
70,1444,1514,0.1388
68,1446,1514,0.1388
68,1448,1516,0.1388
69,1441,1510,0.1388
70,1448,1518,0.1388
71,1450,1521,0.1388
73,1444,1517,0.1388
75,1440,1515,0.1388
78,1441,1519,0.1388
79,1446,1525,0.1388
78,1452,1530,0.1388
79,1440,1519,0.1388
81,1440,1521,0.1388
83,1441,1524,0.1388
86,1438,1524,0.1388
82,1434,1516,0.1388
79,1427,1506,0.1388
80,1414,1494,0.1388
79,1425,1504,0.1388
80,1433,1513,0.1388
81,1435,1516,0.1388
79,1432,1511,0.1388
76,1432,1508,0.1388
79,1431,1510,0.1388
78,1433,1511,0.1388
77,1435,1512,0.1388
74,1439,1513,0.1388
76,1433,1509,0.1388
79,1445,1524,0.1388
79,1432,1511,0.1388
79,1437,1516,0.1388
82,1447,1529,0.1388
82,1446,1528,0.1388
81,1436,1517,0.1388
81,1444,1525,0.1388
77,1435,1512,0.1388
76,1449,1525,0.1388
73,1446,1519,0.1388
76,1431,1507,0.1388
82,1438,1520,0.1388
82,1444,1526,0.1388
80,1435,1515,0.1388
77,1436,1513,0.1388
79,1435,1514,0.1388
79,1435,1514,0.1388
82,1445,1527,0.1388
81,1443,1524,0.1388
82,1443,1525,0.1388
79,1456,1535,0.1388
77,1454,1531,0.1388
75,1439,1514,0.1388
74,1445,1519,0.1388
74,1443,1517,0.1388
73,1426,1499,0.1388
74,1441,1515,0.1388
74,1457,1531,0.1388
77,1447,1524,0.1388
76,1451,1527,0.1388
76,1447,1523,0.1388
76,1445,1521,0.1388
72,1436,1508,0.1388
73,1437,1510,0.1388
76,1446,1522,0.1388
73,1442,1515,0.1388
76,1438,1514,0.1388
74,1429,1503,0.1388
74,1434,1508,0.1388
74,1429,1503,0.1388
69,1439,1508,0.1388
70,1445,1515,0.1388
68,1448,1516,0.1388
66,1448,1514,0.1388
65,1458,1523,0.1388
66,1446,1512,0.1388
66,1443,1509,0.1388
67,1453,1520,0.1388
63,1458,1521,0.1388
68,1442,1510,0.1388
70,1444,1514,0.1388
68,1433,1501,0.1388
69,1438,1507,0.1388
70,1433,1503,0.1388
68,1431,1499,0.1388
72,1436,1508,0.1388
74,1449,1523,0.1388
72,1452,1524,0.1388
73,1453,1526,0.1388
70,1455,1525,0.1388
71,1461,1532,0.1388
69,1456,1525,0.1388
72,1435,1507,0.1388
71,1433,1504,0.1388
72,1432,1504,0.1388
73,1436,1509,0.1388
70,1438,1508,0.1388
69,1432,1501,0.1388
69,1444,1513,0.1388
66,1442,1508,0.1388
68,1441,1509,0.1388
66,1434,1500,0.1388
69,1447,1516,0.1388
70,1444,1514,0.1388
71,1452,1523,0.1388
71,1447,1518,0.1388
70,1446,1516,0.1388
66,1454,1520,0.1388
69,1454,1523,0.1388
72,1434,1506,0.1388
69,1431,1500,0.1388
65,1440,1505,0.1388
64,1458,1522,0.1388
64,1465,1529,0.1388
64,1457,1521,0.1388
63,1458,1521,0.1388
63,1454,1517,0.1388
63,1452,1515,0.1388
59,1461,1520,0.1388
60,1449,1509,0.1388
59,1450,1509,0.1388
61,1451,1512,0.1388
62,1455,1517,0.1388
63,1443,1506,0.1388
63,1443,1506,0.1388
61,1440,1501,0.1388
60,1441,1501,0.1388
60,1444,1504,0.1388
62,1453,1515,0.1388
61,1458,1519,0.1388
58,1454,1512,0.1388
59,1454,1513,0.1388
61,1443,1504,0.1388
60,1458,1518,0.1388
60,1456,1516,0.1388
65,1459,1524,0.1388
66,1450,1516,0.1388
66,1444,1510,0.1388
66,1450,1516,0.1388
66,1455,1521,0.1388
68,1456,1524,0.1388
68,1452,1520,0.1388
67,1442,1509,0.1388
68,1453,1521,0.1388
68,1438,1506,0.1388
64,1442,1506,0.1388
62,1435,1497,0.1388
60,1442,1502,0.1388
62,1443,1505,0.1388
63,1449,1512,0.1388
61,1449,1510,0.1388
65,1451,1516,0.1388
62,1455,1517,0.1388
59,1450,1509,0.1388
58,1462,1520,0.1388
57,1468,1525,0.1388
57,1464,1521,0.1388
56,1462,1518,0.1388
56,1456,1512,0.1388
57,1456,1513,0.1388
56,1458,1514,0.1388
55,1459,1514,0.1388
54,1461,1515,0.1388
56,1464,1520,0.1388
57,1460,1517,0.1388
54,1457,1511,0.1388
52,1465,1517,0.1388
51,1454,1505,0.1388
50,1474,1524,0.1388
51,1461,1512,0.1388
49,1475,1524,0.1388
51,1478,1529,0.1388
49,1477,1526,0.1388
49,1478,1527,0.1388
50,1473,1523,0.1388
50,1465,1515,0.1388
52,1475,1527,0.1388
52,1469,1521,0.1388
50,1462,1512,0.1388
49,1461,1510,0.1388
48,1457,1505,0.1388
48,1462,1510,0.1388
48,1446,1494,0.1388
51,1449,1500,0.1388
49,1451,1500,0.1388
47,1464,1511,0.1388
48,1463,1511,0.1388
46,1475,1521,0.1388
45,1467,1512,0.1388
45,1468,1513,0.1388
45,1473,1518,0.1388
43,1467,1510,0.1388
43,1477,1520,0.1388
45,1470,1515,0.1388
45,1479,1524,0.1388
45,1485,1530,0.1388
44,1478,1522,0.1388
42,1478,1520,0.1388
41,1476,1517,0.1388
41,1461,1502,0.1388
39,1467,1506,0.1388
41,1478,1519,0.1388
40,1478,1518,0.1388
40,1470,1510,0.1388
37,1466,1503,0.1388
37,1468,1505,0.1388
37,1474,1511,0.1388
39,1482,1521,0.1388
40,1495,1535,0.1388
40,1477,1517,0.1388
42,1481,1523,0.1388
42,1486,1528,0.1388
43,1477,1520,0.1388
43,1464,1507,0.1388
42,1463,1505,0.1388
41,1463,1504,0.1388
42,1461,1503,0.1388
40,1464,1504,0.1388
39,1462,1501,0.1388
40,1471,1511,0.1388
41,1484,1525,0.1388
41,1477,1518,0.1388
39,1481,1520,0.1388
40,1486,1526,0.1388
38,1476,1514,0.1388
37,1480,1517,0.1388
36,1473,1509,0.1388
37,1463,1500,0.1388
38,1480,1518,0.1388
37,1479,1516,0.1388
35,1486,1521,0.1388
34,1483,1517,0.1388
33,1479,1512,0.1388
33,1480,1513,0.1388
32,1478,1510,0.1388
32,1470,1502,0.1388
33,1472,1505,0.1388
31,1472,1503,0.1388
32,1481,1513,0.1388
31,1481,1512,0.1388
29,1475,1504,0.1388
29,1486,1515,0.1388
28,1484,1512,0.1388
28,1489,1517,0.1388
27,1503,1530,0.1388
26,1493,1519,0.1388
26,1479,1505,0.1388
27,1475,1502,0.1388
27,1490,1517,0.1388
28,1489,1517,0.1388
28,1492,1520,0.1388
26,1493,1519,0.1388
25,1492,1517,0.1388
24,1491,1515,0.1388
21,1478,1499,0.1388
20,1480,1500,0.1388
20,1479,1499,0.1388
21,1476,1497,0.1388
19,1483,1502,0.1388
18,1499,1517,0.1388
19,1494,1513,0.1388
19,1507,1526,0.1388
21,1490,1511,0.1388
21,1490,1511,0.1388
22,1492,1514,0.1388
22,1499,1521,0.1388
23,1481,1504,0.1388
23,1485,1508,0.1388
23,1486,1509,0.1388
22,1488,1510,0.1388
21,1500,1521,0.1388
21,1488,1509,0.1388
22,1494,1516,0.1388
22,1487,1509,0.1388
22,1489,1511,0.1388
23,1490,1513,0.1388
21,1487,1508,0.1388
20,1491,1511,0.1388
20,1486,1506,0.1388
20,1498,1518,0.1388
22,1493,1515,0.1388
22,1500,1522,0.1388
22,1497,1519,0.1388
22,1496,1518,0.1388
21,1502,1523,0.1388
21,1501,1522,0.1388
22,1508,1530,0.1388
22,1508,1530,0.1388
21,1503,1524,0.1388
22,1512,1534,0.1388
21,1510,1531,0.1388
21,1492,1513,0.1388
20,1493,1513,0.1388
19,1487,1506,0.1388
18,1496,1514,0.1388
17,1497,1514,0.1388
18,1475,1493,0.1388
19,1479,1498,0.1388
17,1493,1510,0.1388
18,1498,1516,0.1388
19,1499,1518,0.1388
19,1494,1513,0.1388
18,1491,1509,0.1388
18,1481,1499,0.1388
19,1483,1502,0.1388
19,1491,1510,0.1388
19,1492,1511,0.1388
20,1494,1514,0.1388
19,1511,1530,0.1388
19,1500,1519,0.1388
21,1508,1529,0.1388
22,1510,1532,0.1388
22,1499,1521,0.1388
24,1494,1518,0.1388
24,1500,1524,0.1388
25,1491,1516,0.1388
25,1482,1507,0.1388
24,1485,1509,0.1388
24,1487,1511,0.1388
22,1494,1516,0.1388
20,1488,1508,0.1388
20,1479,1499,0.1388
19,1491,1510,0.1388
20,1490,1510,0.1388
20,1492,1512,0.1388
19,1497,1516,0.1388
19,1479,1498,0.1388
20,1491,1511,0.1388
19,1504,1523,0.1388
19,1496,1515,0.1388
18,1487,1505,0.1388
18,1484,1502,0.1388
19,1482,1501,0.1388
20,1497,1517,0.1388
20,1482,1502,0.1388
19,1481,1500,0.1388
19,1494,1513,0.1388
18,1495,1513,0.1388
18,1499,1517,0.1388
16,1498,1514,0.1388
19,1500,1519,0.1388
19,1505,1524,0.1388
19,1502,1521,0.1388
22,1507,1529,0.1388
22,1501,1523,0.1388
19,1499,1518,0.1388
18,1498,1516,0.1388
19,1495,1514,0.1388
19,1496,1515,0.1388
19,1497,1516,0.1388
19,1500,1519,0.1388
19,1492,1511,0.1388
18,1494,1512,0.1388
16,1510,1526,0.1388
16,1518,1534,0.1388
16,1518,1534,0.1388
16,1498,1514,0.1388
16,1502,1518,0.1388
17,1510,1527,0.1388
17,1502,1519,0.1388
16,1507,1523,0.1388
14,1507,1521,0.1388
15,1495,1510,0.1388
14,1492,1506,0.1388
13,1493,1506,0.1388
14,1497,1511,0.1388
14,1510,1524,0.1388
14,1513,1527,0.1388
14,1519,1533,0.1388
14,1510,1524,0.1388
14,1507,1521,0.1388
14,1512,1526,0.1388
14,1528,1542,0.1388
14,1507,1521,0.1388
14,1501,1515,0.1388
14,1501,1515,0.1388
15,1503,1518,0.1388
15,1509,1524,0.1388
14,1508,1522,0.1388
13,1508,1521,0.1388
13,1509,1522,0.1388
13,1513,1526,0.1388
13,1493,1506,0.1388
14,1496,1510,0.1388
15,1499,1514,0.1388
14,1479,1493,0.1388
18,1486,1504,0.1388
18,1479,1497,0.1388
18,1477,1495,0.1388
18,1478,1496,0.1388
19,1502,1521,0.1388
21,1506,1527,0.1388
20,1506,1526,0.1388
19,1500,1519,0.1388
21,1484,1505,0.1388
18,1482,1500,0.1388
18,1479,1497,0.1388
16,1498,1514,0.1388
15,1511,1526,0.1388
15,1515,1530,0.1388
15,1500,1515,0.1388
14,1493,1507,0.1388
15,1497,1512,0.1388
13,1509,1522,0.1388
13,1511,1524,0.1388
13,1523,1536,0.1388
13,1507,1520,0.1388
13,1509,1522,0.1388
14,1507,1521,0.1388
14,1504,1518,0.1388
13,1499,1512,0.1388
12,1502,1514,0.1388
12,1513,1525,0.1388
11,1506,1517,0.1388
12,1509,1521,0.1388
13,1508,1521,0.1388
11,1497,1508,0.1388
12,1500,1512,0.1388
13,1506,1519,0.1388
12,1525,1537,0.1388
12,1508,1520,0.1388
12,1506,1518,0.1388
13,1504,1517,0.1388
14,1503,1517,0.1388
13,1500,1513,0.1388
13,1497,1510,0.1388
12,1505,1517,0.1388
11,1497,1508,0.1388
11,1499,1510,0.1388
11,1496,1507,0.1388
12,1483,1495,0.1388
11,1491,1502,0.1388
12,1494,1506,0.1388
12,1484,1496,0.1388
12,1490,1502,0.1388
11,1488,1499,0.1388
11,1495,1506,0.1388
11,1492,1503,0.1388
10,1491,1501,0.1388
7,1492,1499,0.1388
8,1487,1495,0.1388
8,1494,1502,0.1388
8,1499,1507,0.1388
8,1497,1505,0.1388
9,1500,1509,0.1388
9,1512,1521,0.1388
9,1520,1529,0.1388
9,1523,1532,0.1388
9,1513,1522,0.1388
10,1521,1531,0.1388
10,1527,1537,0.1388
10,1510,1520,0.1388
11,1512,1523,0.1388
11,1521,1532,0.1388
12,1502,1514,0.1388
11,1531,1542,0.1388
11,1511,1522,0.1388
11,1512,1523,0.1388
10,1500,1510,0.1388
9,1489,1498,0.1388
9,1493,1502,0.1388
9,1500,1509,0.1388
9,1514,1523,0.1388
7,1506,1513,0.1388
7,1523,1530,0.1388
6,1499,1505,0.1388
6,1505,1511,0.1388
7,1509,1516,0.1388
7,1507,1514,0.1388
9,1511,1520,0.1388
11,1513,1524,0.1388
11,1517,1528,0.1388
10,1504,1514,0.1388
10,1512,1522,0.1388
11,1508,1519,0.1388
10,1507,1517,0.1388
10,1510,1520,0.1388
9,1508,1517,0.1388
9,1510,1519,0.1388
8,1512,1520,0.1388
8,1501,1509,0.1388
8,1509,1517,0.1388
8,1519,1527,0.1388
8,1530,1538,0.1388
8,1523,1531,0.1388
8,1526,1534,0.1388
8,1521,1529,0.1388
8,1520,1528,0.1388
8,1522,1530,0.1388
8,1523,1531,0.1388
8,1517,1525,0.1388
8,1503,1511,0.1388
9,1506,1515,0.1388
9,1518,1527,0.1388
9,1513,1522,0.1388
9,1509,1518,0.1388
9,1505,1514,0.1388
9,1511,1520,0.1388
9,1520,1529,0.1388
7,1511,1518,0.1388
7,1509,1516,0.1388
7,1515,1522,0.1388
7,1511,1518,0.1388
8,1514,1522,0.1388
8,1513,1521,0.1388
8,1519,1527,0.1388
8,1515,1523,0.1388
8,1518,1526,0.1388
8,1519,1527,0.1388
8,1527,1535,0.1388
8,1515,1523,0.1388
8,1528,1536,0.1388
8,1515,1523,0.1388
8,1510,1518,0.1388
7,1509,1516,0.1388
7,1511,1518,0.1388
7,1527,1534,0.1388
7,1515,1522,0.1388
7,1521,1528,0.1388
7,1525,1532,0.1388
7,1514,1521,0.1388
7,1501,1508,0.1388
7,1504,1511,0.1388
7,1495,1502,0.1388
10,1500,1510,0.1388
10,1490,1500,0.1388
11,1499,1510,0.1388
11,1504,1515,0.1388
11,1505,1516,0.1388
10,1513,1523,0.1388
10,1516,1526,0.1388
11,1509,1520,0.1388
10,1514,1524,0.1388
10,1497,1507,0.1388
11,1514,1525,0.1388
10,1493,1503,0.1388
10,1494,1504,0.1388
10,1501,1511,0.1388
10,1493,1503,0.1388
10,1495,1505,0.1388
10,1507,1517,0.1388
9,1498,1507,0.1388
8,1500,1508,0.1388
7,1481,1488,0.1388
8,1490,1498,0.1388
8,1506,1514,0.1388
7,1506,1513,0.1388
6,1501,1507,0.1388
7,1498,1505,0.1388
7,1520,1527,0.1388
7,1513,1520,0.1388
7,1501,1508,0.1388
8,1507,1515,0.1388
8,1491,1499,0.1388
8,1500,1508,0.1388
8,1502,1510,0.1388
7,1509,1516,0.1388
8,1524,1532,0.1388
7,1526,1533,0.1388
8,1514,1522,0.1388
9,1508,1517,0.1388
8,1521,1529,0.1388
8,1514,1522,0.1388
8,1512,1520,0.1388
8,1514,1522,0.1388
8,1496,1504,0.1388
8,1494,1502,0.1388
9,1509,1518,0.1388
9,1502,1511,0.1388
9,1501,1510,0.1388
9,1499,1508,0.1388
9,1513,1522,0.1388
9,1510,1519,0.1388
10,1510,1520,0.1388
10,1499,1509,0.1388
10,1497,1507,0.1388
9,1504,1513,0.1388
9,1509,1518,0.1388
8,1506,1514,0.1388
9,1507,1516,0.1388
10,1495,1505,0.1388
10,1493,1503,0.1388
9,1492,1501,0.1388
9,1502,1511,0.1388
9,1503,1512,0.1388
9,1510,1519,0.1388
9,1512,1521,0.1388
10,1513,1523,0.1388
10,1508,1518,0.1388
11,1512,1523,0.1388
10,1508,1518,0.1388
10,1515,1525,0.1388
10,1512,1522,0.1388
10,1515,1525,0.1388
10,1517,1527,0.1388
9,1506,1515,0.1388
9,1503,1512,0.1388
9,1500,1509,0.1388
9,1514,1523,0.1388
10,1522,1532,0.1388
10,1517,1527,0.1388
10,1510,1520,0.1388
10,1496,1506,0.1388
10,1492,1502,0.1388
11,1494,1505,0.1388
11,1505,1516,0.1388
9,1513,1522,0.1388
10,1514,1524,0.1388
11,1512,1523,0.1388
10,1488,1498,0.1388
10,1488,1498,0.1388
9,1503,1512,0.1388
10,1508,1518,0.1388
10,1507,1517,0.1388
10,1503,1513,0.1388
11,1496,1507,0.1388
10,1503,1513,0.1388
11,1499,1510,0.1388
11,1497,1508,0.1388
11,1503,1514,0.1388
10,1523,1533,0.1388
11,1525,1536,0.1388
12,1520,1532,0.1388
13,1521,1534,0.1388
13,1515,1528,0.1388
13,1492,1505,0.1388
13,1504,1517,0.1388
13,1518,1531,0.1388
15,1506,1521,0.1388
15,1503,1518,0.1388
15,1506,1521,0.1388
16,1509,1525,0.1388
16,1501,1517,0.1388
16,1499,1515,0.1388
16,1499,1515,0.1388
15,1503,1518,0.1388
16,1502,1518,0.1388
16,1495,1511,0.1388
16,1497,1513,0.1388
16,1496,1512,0.1388
17,1493,1510,0.1388
17,1495,1512,0.1388
17,1495,1512,0.1388
17,1495,1512,0.1388
18,1499,1517,0.1388
18,1509,1527,0.1388
17,1512,1529,0.1388
16,1522,1538,0.1388
15,1516,1531,0.1388
16,1514,1530,0.1388
16,1517,1533,0.1388
16,1515,1531,0.1388
14,1515,1529,0.1388
14,1502,1516,0.1388
14,1504,1518,0.1388
14,1511,1525,0.1388
14,1507,1521,0.1388
13,1503,1516,0.1388
12,1489,1501,0.1388
11,1487,1498,0.1388
11,1490,1501,0.1388
11,1519,1530,0.1388
12,1516,1528,0.1388
11,1508,1519,0.1388
12,1524,1536,0.1388
11,1524,1535,0.1388
10,1519,1529,0.1388
10,1525,1535,0.1388
10,1517,1527,0.1388
11,1514,1525,0.1388
11,1508,1519,0.1388
11,1504,1515,0.1388
11,1502,1513,0.1388
10,1496,1506,0.1388
10,1491,1501,0.1388
11,1492,1503,0.1388
11,1492,1503,0.1388
11,1497,1508,0.1388
11,1507,1518,0.1388
11,1500,1511,0.1388
11,1497,1508,0.1388
11,1506,1517,0.1388
11,1504,1515,0.1388
13,1506,1519,0.1388
13,1499,1512,0.1388
12,1510,1522,0.1388
12,1508,1520,0.1388
12,1509,1521,0.1388
12,1510,1522,0.1388
11,1514,1525,0.1388
12,1503,1515,0.1388
12,1506,1518,0.1388
12,1506,1518,0.1388
13,1507,1520,0.1388
12,1513,1525,0.1388
12,1513,1525,0.1388
13,1508,1521,0.1388
13,1505,1518,0.1388
13,1488,1501,0.1388
14,1496,1510,0.1388
14,1503,1517,0.1388
14,1516,1530,0.1388
14,1506,1520,0.1388
14,1496,1510,0.1388
13,1501,1514,0.1388
13,1495,1508,0.1388
13,1495,1508,0.1388
13,1496,1509,0.1388
13,1506,1519,0.1388
13,1510,1523,0.1388
13,1493,1506,0.1388
13,1480,1493,0.1388
13,1491,1504,0.1388
13,1500,1513,0.1388
13,1505,1518,0.1388
11,1514,1525,0.1388
11,1514,1525,0.1388
13,1494,1507,0.1388
12,1502,1514,0.1388
12,1509,1521,0.1388
12,1497,1509,0.1388
13,1487,1500,0.1388
13,1509,1522,0.1388
13,1502,1515,0.1388
13,1509,1522,0.1388
13,1499,1512,0.1388
14,1491,1505,0.1388
15,1500,1515,0.1388
16,1494,1510,0.1388
16,1489,1505,0.1388
17,1491,1508,0.1388
16,1483,1499,0.1388
19,1483,1502,0.1388
19,1466,1485,0.1388
19,1477,1496,0.1388
18,1497,1515,0.1388
18,1497,1515,0.1388
18,1508,1526,0.1388
17,1497,1514,0.1388
17,1504,1521,0.1388
17,1512,1529,0.1388
18,1502,1520,0.1388
17,1508,1525,0.1388
18,1509,1527,0.1388
18,1507,1525,0.1388
16,1496,1512,0.1388
14,1502,1516,0.1388
13,1505,1518,0.1388
12,1508,1520,0.1388
12,1517,1529,0.1388
12,1505,1517,0.1388
12,1496,1508,0.1388
12,1499,1511,0.1388
12,1495,1507,0.1388
11,1507,1518,0.1388
10,1498,1508,0.1388
9,1492,1501,0.1388
9,1500,1509,0.1388
9,1515,1524,0.1388
10,1525,1535,0.1388
10,1529,1539,0.1388
10,1524,1534,0.1388
9,1514,1523,0.1388
9,1495,1504,0.1388
8,1502,1510,0.1388
8,1504,1512,0.1388
9,1515,1524,0.1388
9,1515,1524,0.1388
8,1502,1510,0.1388
9,1501,1510,0.1388
9,1511,1520,0.1388
9,1502,1511,0.1388
8,1498,1506,0.1388
9,1492,1501,0.1388
10,1497,1507,0.1388
10,1491,1501,0.1388
10,1495,1505,0.1388
10,1503,1513,0.1388
10,1510,1520,0.1388
10,1504,1514,0.1388
10,1502,1512,0.1388
10,1500,1510,0.1388
10,1496,1506,0.1388
9,1482,1491,0.1388
9,1505,1514,0.1388
9,1502,1511,0.1388
9,1496,1505,0.1388
9,1493,1502,0.1388
9,1499,1508,0.1388
9,1504,1513,0.1388
9,1506,1515,0.1388
9,1506,1515,0.1388
10,1505,1515,0.1388
10,1505,1515,0.1388
10,1507,1517,0.1388
10,1511,1521,0.1388
10,1501,1511,0.1388
10,1515,1525,0.1388
10,1510,1520,0.1388
8,1514,1522,0.1388
8,1517,1525,0.1388
8,1504,1512,0.1388
8,1499,1507,0.1388
8,1508,1516,0.1388
8,1510,1518,0.1388
9,1511,1520,0.1388
10,1511,1521,0.1388
11,1507,1518,0.1388
10,1493,1503,0.1388
11,1492,1503,0.1388
11,1506,1517,0.1388
10,1508,1518,0.1388
10,1502,1512,0.1388
10,1511,1521,0.1388
9,1511,1520,0.1388
9,1502,1511,0.1388
8,1504,1512,0.1388
8,1496,1504,0.1388
7,1507,1514,0.1388
8,1504,1512,0.1388
8,1506,1514,0.1388
8,1512,1520,0.1388
8,1520,1528,0.1388
7,1530,1537,0.1388
7,1525,1532,0.1388
7,1530,1537,0.1388
7,1534,1541,0.1388
7,1519,1526,0.1388
7,1517,1524,0.1388
7,1524,1531,0.1388
7,1525,1532,0.1388
7,1521,1528,0.1388
7,1523,1530,0.1388
7,1511,1518,0.1388
7,1504,1511,0.1388
8,1497,1505,0.1388
8,1508,1516,0.1388
8,1507,1515,0.1388
8,1517,1525,0.1388
8,1515,1523,0.1388
7,1512,1519,0.1388
7,1509,1516,0.1388
7,1513,1520,0.1388
7,1501,1508,0.1388
8,1503,1511,0.1388
7,1511,1518,0.1388
7,1514,1521,0.1388
7,1518,1525,0.1388
6,1505,1511,0.1388
6,1497,1503,0.1388
7,1505,1512,0.1388
8,1505,1513,0.1388
7,1495,1502,0.1388
6,1508,1514,0.1388
6,1510,1516,0.1388
6,1506,1512,0.1388
6,1509,1515,0.1388
6,1520,1526,0.1388
6,1515,1521,0.1388
6,1503,1509,0.1388
6,1505,1511,0.1388
6,1493,1499,0.1388
6,1492,1498,0.1388
6,1505,1511,0.1388
7,1514,1521,0.1388
7,1518,1525,0.1388
6,1531,1537,0.1388
6,1520,1526,0.1388
7,1516,1523,0.1388
7,1513,1520,0.1388
7,1526,1533,0.1388
7,1517,1524,0.1388
7,1517,1524,0.1388
6,1512,1518,0.1388
6,1491,1497,0.1388
6,1512,1518,0.1388
6,1510,1516,0.1388
6,1494,1500,0.1388
6,1508,1514,0.1388
6,1522,1528,0.1388
8,1525,1533,0.1388
8,1518,1526,0.1388
8,1520,1528,0.1388
9,1505,1514,0.1388
9,1500,1509,0.1388
9,1505,1514,0.1388
9,1522,1531,0.1388
9,1514,1523,0.1388
9,1524,1533,0.1388
8,1516,1524,0.1388
7,1521,1528,0.1388
7,1520,1527,0.1388
7,1518,1525,0.1388
7,1509,1516,0.1388
7,1497,1504,0.1388
7,1483,1490,0.1388
7,1488,1495,0.1388
6,1501,1507,0.1388
6,1501,1507,0.1388
7,1509,1516,0.1388
6,1509,1515,0.1388
7,1512,1519,0.1388
7,1522,1529,0.1388
7,1518,1525,0.1388
7,1509,1516,0.1388
7,1511,1518,0.1388
7,1507,1514,0.1388
7,1497,1504,0.1388
7,1514,1521,0.1388
6,1504,1510,0.1388
5,1502,1507,0.1388
6,1496,1502,0.1388
6,1501,1507,0.1388
5,1525,1530,0.1388
8,1525,1533,0.1388
7,1515,1522,0.1388
7,1506,1513,0.1388
7,1516,1523,0.1388
6,1509,1515,0.1388
6,1516,1522,0.1388
6,1512,1518,0.1388
5,1498,1503,0.1388
5,1505,1510,0.1388
5,1528,1533,0.1388
6,1525,1531,0.1388
6,1525,1531,0.1388
5,1521,1526,0.1388
5,1521,1526,0.1388
5,1520,1525,0.1388
5,1524,1529,0.1388
5,1512,1517,0.1388
5,1507,1512,0.1388
5,1509,1514,0.1388
5,1502,1507,0.1388
5,1507,1512,0.1388
5,1516,1521,0.1388
5,1522,1527,0.1388
5,1510,1515,0.1388
5,1508,1513,0.1388
5,1515,1520,0.1388
5,1516,1521,0.1388
5,1522,1527,0.1388
5,1515,1520,0.1388
4,1517,1521,0.1388
4,1519,1523,0.1388
4,1518,1522,0.1388
4,1514,1518,0.1388
4,1512,1516,0.1388
4,1522,1526,0.1388
4,1516,1520,0.1388
4,1520,1524,0.1388
4,1515,1519,0.1388
4,1516,1520,0.1388
4,1515,1519,0.1388
4,1518,1522,0.1388
4,1518,1522,0.1388
3,1522,1525,0.1388
3,1510,1513,0.1388
4,1517,1521,0.1388
3,1516,1519,0.1388
2,1514,1516,0.1388
3,1515,1518,0.1388
3,1521,1524,0.1388
2,1514,1516,0.1388
2,1504,1506,0.1388
2,1495,1497,0.1388
2,1509,1511,0.1388
2,1508,1510,0.1388
2,1510,1512,0.1388
2,1507,1509,0.1388
2,1500,1502,0.1388
2,1504,1506,0.1388
2,1503,1505,0.1388
1,1510,1511,0.1388
1,1512,1513,0.1388
1,1517,1518,0.1388
0,1519,1519,0.1388
