1368,27,1395,0.1388
1396,26,1422,0.1388
1419,27,1446,0.1388
1429,28,1457,0.1388
1431,27,1458,0.1388
1447,27,1474,0.1388
1467,26,1493,0.1388
1457,28,1485,0.1388
1470,27,1497,0.1388
1473,26,1499,0.1388
1464,28,1492,0.1388
1460,30,1490,0.1388
1473,31,1504,0.1388
1466,32,1498,0.1388
1461,30,1491,0.1388
1455,27,1482,0.1388
1459,28,1487,0.1388
1458,29,1487,0.1388
1459,28,1487,0.1388
1458,29,1487,0.1388
1461,29,1490,0.1388
1476,30,1506,0.1388
1469,29,1498,0.1388
1471,28,1499,0.1388
1467,28,1495,0.1388
1466,28,1494,0.1388
1467,30,1497,0.1388
1459,31,1490,0.1388
1472,30,1502,0.1388
1466,31,1497,0.1388
1460,32,1492,0.1388
1452,34,1486,0.1388
1457,35,1492,0.1388
1456,34,1490,0.1388
1465,34,1499,0.1388
1474,36,1510,0.1388
1479,36,1515,0.1388
1471,40,1511,0.1388
1465,38,1503,0.1388
1449,40,1489,0.1388
1451,39,1490,0.1388
1460,36,1496,0.1388
1444,36,1480,0.1388
1455,34,1489,0.1388
1451,35,1486,0.1388
1449,37,1486,0.1388
1456,37,1493,0.1388
1464,37,1501,0.1388
1465,40,1505,0.1388
1465,39,1504,0.1388
1453,39,1492,0.1388
1461,39,1500,0.1388
1451,41,1492,0.1388
1449,43,1492,0.1388
1449,44,1493,0.1388
1448,43,1491,0.1388
1446,42,1488,0.1388
1446,44,1490,0.1388
1427,46,1473,0.1388
1427,43,1470,0.1388
1440,45,1485,0.1388
1449,44,1493,0.1388
1455,40,1495,0.1388
1458,43,1501,0.1388
1457,41,1498,0.1388
1448,42,1490,0.1388
1459,44,1503,0.1388
1453,45,1498,0.1388
1451,45,1496,0.1388
1451,48,1499,0.1388
1446,49,1495,0.1388
1434,49,1483,0.1388
1450,50,1500,0.1388
1450,51,1501,0.1388
1446,50,1496,0.1388
1445,47,1492,0.1388
1446,47,1493,0.1388
1444,44,1488,0.1388
1460,41,1501,0.1388
1465,40,1505,0.1388
1463,43,1506,0.1388
1456,44,1500,0.1388
1442,44,1486,0.1388
1447,46,1493,0.1388
1453,44,1497,0.1388
1467,43,1510,0.1388
1467,42,1509,0.1388
1461,45,1506,0.1388
1454,44,1498,0.1388
1453,47,1500,0.1388
1453,46,1499,0.1388
1449,46,1495,0.1388
1446,46,1492,0.1388
1442,47,1489,0.1388
1452,46,1498,0.1388
1436,45,1481,0.1388
1433,44,1477,0.1388
1442,43,1485,0.1388
1449,44,1493,0.1388
1436,44,1480,0.1388
1425,43,1468,0.1388
1418,43,1461,0.1388
1429,44,1473,0.1388
1446,44,1490,0.1388
1450,43,1493,0.1388
1449,43,1492,0.1388
1448,44,1492,0.1388
1438,43,1481,0.1388
1448,45,1493,0.1388
1444,44,1488,0.1388
1457,45,1502,0.1388
1454,45,1499,0.1388
1458,45,1503,0.1388
1459,48,1507,0.1388
1463,50,1513,0.1388
1460,48,1508,0.1388
1458,49,1507,0.1388
1454,50,1504,0.1388
1435,51,1486,0.1388
1423,50,1473,0.1388
1424,51,1475,0.1388
1429,52,1481,0.1388
1443,52,1495,0.1388
1446,50,1496,0.1388
1440,52,1492,0.1388
1425,52,1477,0.1388
1434,52,1486,0.1388
1443,52,1495,0.1388
1434,54,1488,0.1388
1430,56,1486,0.1388
1432,55,1487,0.1388
1434,56,1490,0.1388
1435,56,1491,0.1388
1427,53,1480,0.1388
1430,55,1485,0.1388
1434,55,1489,0.1388
1435,52,1487,0.1388
1434,56,1490,0.1388
1424,61,1485,0.1388
1425,63,1488,0.1388
1416,65,1481,0.1388
1429,67,1496,0.1388
1429,67,1496,0.1388
1427,68,1495,0.1388
1421,68,1489,0.1388
1416,69,1485,0.1388
1410,71,1481,0.1388
1418,69,1487,0.1388
1411,72,1483,0.1388
1418,69,1487,0.1388
1421,68,1489,0.1388
1422,71,1493,0.1388
1419,71,1490,0.1388
1408,71,1479,0.1388
1414,70,1484,0.1388
1410,75,1485,0.1388
1418,77,1495,0.1388
1408,77,1485,0.1388
1413,77,1490,0.1388
1411,75,1486,0.1388
1392,80,1472,0.1388
1394,80,1474,0.1388
1399,82,1481,0.1388
1412,84,1496,0.1388
1420,84,1504,0.1388
1404,81,1485,0.1388
1418,86,1504,0.1388
1411,86,1497,0.1388
1403,84,1487,0.1388
1396,85,1481,0.1388
1396,83,1479,0.1388
1404,81,1485,0.1388
1415,81,1496,0.1388
1403,80,1483,0.1388
1413,83,1496,0.1388
1412,82,1494,0.1388
1410,88,1498,0.1388
1397,86,1483,0.1388
1400,84,1484,0.1388
1400,82,1482,0.1388
1407,88,1495,0.1388
1411,88,1499,0.1388
1418,88,1506,0.1388
1424,88,1512,0.1388
1413,89,1502,0.1388
1409,89,1498,0.1388
1404,90,1494,0.1388
1397,89,1486,0.1388
1398,88,1486,0.1388
1406,89,1495,0.1388
1405,91,1496,0.1388
1406,90,1496,0.1388
1401,89,1490,0.1388
1394,90,1484,0.1388
1394,93,1487,0.1388
1400,94,1494,0.1388
1405,95,1500,0.1388
1399,97,1496,0.1388
1398,98,1496,0.1388
1395,96,1491,0.1388
1394,98,1492,0.1388
1404,98,1502,0.1388
1411,100,1511,0.1388
1407,101,1508,0.1388
1408,98,1506,0.1388
1409,102,1511,0.1388
1396,102,1498,0.1388
1387,103,1490,0.1388
1403,103,1506,0.1388
1394,101,1495,0.1388
1383,99,1482,0.1388
1382,101,1483,0.1388
1383,102,1485,0.1388
1391,104,1495,0.1388
1377,99,1476,0.1388
1387,103,1490,0.1388
1394,104,1498,0.1388
1392,107,1499,0.1388
1390,110,1500,0.1388
1402,112,1514,0.1388
1390,111,1501,0.1388
1377,110,1487,0.1388
1376,108,1484,0.1388
1377,106,1483,0.1388
1392,111,1503,0.1388
1400,110,1510,0.1388
1402,108,1510,0.1388
1401,110,1511,0.1388
1392,111,1503,0.1388
1390,117,1507,0.1388
1391,111,1502,0.1388
1378,112,1490,0.1388
1375,111,1486,0.1388
1366,115,1481,0.1388
1377,116,1493,0.1388
1377,116,1493,0.1388
1382,117,1499,0.1388
1389,121,1510,0.1388
1394,120,1514,0.1388
1396,117,1513,0.1388
1384,116,1500,0.1388
1387,112,1499,0.1388
1389,113,1502,0.1388
1382,115,1497,0.1388
1372,112,1484,0.1388
1379,113,1492,0.1388
1387,115,1502,0.1388
1392,115,1507,0.1388
1383,109,1492,0.1388
1384,110,1494,0.1388
1389,112,1501,0.1388
1383,111,1494,0.1388
1382,114,1496,0.1388
1398,114,1512,0.1388
1390,115,1505,0.1388
1387,117,1504,0.1388
1394,114,1508,0.1388
1403,115,1518,0.1388
1388,116,1504,0.1388
1392,119,1511,0.1388
1387,117,1504,0.1388
1391,116,1507,0.1388
1375,121,1496,0.1388
1375,118,1493,0.1388
1379,119,1498,0.1388
1375,120,1495,0.1388
1388,122,1510,0.1388
1375,122,1497,0.1388
1366,123,1489,0.1388
1366,124,1490,0.1388
1364,128,1492,0.1388
1377,124,1501,0.1388
1377,124,1501,0.1388
1387,129,1516,0.1388
1369,127,1496,0.1388
1364,129,1493,0.1388
1364,129,1493,0.1388
1352,131,1483,0.1388
1344,128,1472,0.1388
1343,126,1469,0.1388
1352,129,1481,0.1388
1347,132,1479,0.1388
1348,133,1481,0.1388
1343,137,1480,0.1388
1344,137,1481,0.1388
1339,135,1474,0.1388
1342,140,1482,0.1388
1350,143,1493,0.1388
1363,141,1504,0.1388
1366,140,1506,0.1388
1364,140,1504,0.1388
1369,141,1510,0.1388
1377,141,1518,0.1388
1368,145,1513,0.1388
1364,141,1505,0.1388
1357,144,1501,0.1388
1354,144,1498,0.1388
1356,143,1499,0.1388
1364,143,1507,0.1388
1358,145,1503,0.1388
1370,142,1512,0.1388
1356,146,1502,0.1388
1359,146,1505,0.1388
1352,146,1498,0.1388
1350,144,1494,0.1388
1334,145,1479,0.1388
1344,149,1493,0.1388
1348,153,1501,0.1388
1356,158,1514,0.1388
1345,157,1502,0.1388
1337,160,1497,0.1388
1340,160,1500,0.1388
1345,160,1505,0.1388
1345,159,1504,0.1388
1349,156,1505,0.1388
1343,156,1499,0.1388
1342,164,1506,0.1388
1333,164,1497,0.1388
1333,165,1498,0.1388
1334,163,1497,0.1388
1323,160,1483,0.1388
1320,162,1482,0.1388
1323,159,1482,0.1388
1314,157,1471,0.1388
1311,164,1475,0.1388
1316,160,1476,0.1388
1321,161,1482,0.1388
1307,160,1467,0.1388
1324,160,1484,0.1388
1321,159,1480,0.1388
1320,162,1482,0.1388
1325,166,1491,0.1388
1320,164,1484,0.1388
1321,160,1481,0.1388
1328,163,1491,0.1388
1333,158,1491,0.1388
1343,160,1503,0.1388
1342,165,1507,0.1388
1338,161,1499,0.1388
1334,159,1493,0.1388
1340,160,1500,0.1388
1334,157,1491,0.1388
1322,163,1485,0.1388
1323,163,1486,0.1388
1319,167,1486,0.1388
1322,171,1493,0.1388
1323,171,1494,0.1388
1328,172,1500,0.1388
1321,169,1490,0.1388
1321,171,1492,0.1388
1308,175,1483,0.1388
1319,178,1497,0.1388
1313,174,1487,0.1388
1314,176,1490,0.1388
1324,171,1495,0.1388
1321,171,1492,0.1388
1327,166,1493,0.1388
1324,163,1487,0.1388
1318,162,1480,0.1388
1332,164,1496,0.1388
1324,163,1487,0.1388
1322,164,1486,0.1388
1330,160,1490,0.1388
1323,159,1482,0.1388
1333,161,1494,0.1388
1338,160,1498,0.1388
1324,164,1488,0.1388
1330,169,1499,0.1388
1326,171,1497,0.1388
1322,162,1484,0.1388
1325,167,1492,0.1388
1312,173,1485,0.1388
1300,182,1482,0.1388
1314,179,1493,0.1388
1322,181,1503,0.1388
1319,184,1503,0.1388
1296,187,1483,0.1388
1303,185,1488,0.1388
1308,185,1493,0.1388
1309,187,1496,0.1388
1307,189,1496,0.1388
1308,186,1494,0.1388
1303,186,1489,0.1388
1318,186,1504,0.1388
1304,185,1489,0.1388
1295,188,1483,0.1388
1289,183,1472,0.1388
1292,184,1476,0.1388
1301,191,1492,0.1388
1309,192,1501,0.1388
1314,195,1509,0.1388
1302,198,1500,0.1388
1306,192,1498,0.1388
1311,192,1503,0.1388
1313,193,1506,0.1388
1313,187,1500,0.1388
1305,194,1499,0.1388
1308,198,1506,0.1388
1305,200,1505,0.1388
1308,198,1506,0.1388
1305,197,1502,0.1388
1306,196,1502,0.1388
1318,198,1516,0.1388
1310,199,1509,0.1388
1297,199,1496,0.1388
1300,203,1503,0.1388
1296,199,1495,0.1388
1290,204,1494,0.1388
1287,207,1494,0.1388
1291,210,1501,0.1388
1300,209,1509,0.1388
1296,203,1499,0.1388
1281,208,1489,0.1388
1274,208,1482,0.1388
1278,215,1493,0.1388
1280,219,1499,0.1388
1280,222,1502,0.1388
1284,220,1504,0.1388
1284,220,1504,0.1388
1286,222,1508,0.1388
1281,221,1502,0.1388
1265,228,1493,0.1388
1260,231,1491,0.1388
1258,234,1492,0.1388
1266,237,1503,0.1388
1275,236,1511,0.1388
1265,236,1501,0.1388
1268,238,1506,0.1388
1269,234,1503,0.1388
1264,235,1499,0.1388
1260,240,1500,0.1388
1265,242,1507,0.1388
1263,244,1507,0.1388
1248,249,1497,0.1388
1237,252,1489,0.1388
1233,255,1488,0.1388
1237,257,1494,0.1388
1233,259,1492,0.1388
1232,258,1490,0.1388
1214,257,1471,0.1388
1219,260,1479,0.1388
1215,266,1481,0.1388
1214,274,1488,0.1388
1217,267,1484,0.1388
1228,272,1500,0.1388
1227,279,1506,0.1388
1221,283,1504,0.1388
1222,284,1506,0.1388
1216,279,1495,0.1388
1211,283,1494,0.1388
1199,286,1485,0.1388
1205,282,1487,0.1388
1205,289,1494,0.1388
1195,301,1496,0.1388
1186,294,1480,0.1388
1182,307,1489,0.1388
1180,302,1482,0.1388
1178,302,1480,0.1388
1189,305,1494,0.1388
1189,304,1493,0.1388
1182,311,1493,0.1388
1180,308,1488,0.1388
1172,306,1478,0.1388
1171,303,1474,0.1388
1180,311,1491,0.1388
1186,314,1500,0.1388
1199,314,1513,0.1388
1205,320,1525,0.1388
1201,315,1516,0.1388
1200,316,1516,0.1388
1194,316,1510,0.1388
1185,318,1503,0.1388
1185,317,1502,0.1388
1172,317,1489,0.1388
1157,321,1478,0.1388
1149,319,1468,0.1388
1145,323,1468,0.1388
1154,319,1473,0.1388
1170,321,1491,0.1388
1165,320,1485,0.1388
1174,320,1494,0.1388
1183,324,1507,0.1388
1185,323,1508,0.1388
1180,330,1510,0.1388
1168,330,1498,0.1388
1169,328,1497,0.1388
1165,331,1496,0.1388
1152,332,1484,0.1388
1163,326,1489,0.1388
1170,333,1503,0.1388
1172,333,1505,0.1388
1173,334,1507,0.1388
1175,335,1510,0.1388
1181,340,1521,0.1388
1177,337,1514,0.1388
1178,334,1512,0.1388
1174,336,1510,0.1388
1184,336,1520,0.1388
1177,333,1510,0.1388
1181,335,1516,0.1388
1182,329,1511,0.1388
1177,328,1505,0.1388
1166,332,1498,0.1388
1163,333,1496,0.1388
1157,324,1481,0.1388
1164,323,1487,0.1388
1164,327,1491,0.1388
1172,334,1506,0.1388
1177,339,1516,0.1388
1170,343,1513,0.1388
1164,339,1503,0.1388
1155,337,1492,0.1388
1158,338,1496,0.1388
1161,346,1507,0.1388
1156,349,1505,0.1388
1152,342,1494,0.1388
1151,341,1492,0.1388
1153,350,1503,0.1388
1159,350,1509,0.1388
1157,345,1502,0.1388
1158,351,1509,0.1388
1144,364,1508,0.1388
1146,364,1510,0.1388
1154,363,1517,0.1388
1148,354,1502,0.1388
1140,350,1490,0.1388
1145,353,1498,0.1388
1133,353,1486,0.1388
1123,356,1479,0.1388
1117,357,1474,0.1388
1137,361,1498,0.1388
1139,357,1496,0.1388
1149,358,1507,0.1388
1154,358,1512,0.1388
1136,357,1493,0.1388
1133,362,1495,0.1388
1134,364,1498,0.1388
1129,365,1494,0.1388
1139,366,1505,0.1388
1127,366,1493,0.1388
1126,370,1496,0.1388
1126,381,1507,0.1388
1124,383,1507,0.1388
1130,393,1523,0.1388
1134,390,1524,0.1388
1129,388,1517,0.1388
1106,390,1496,0.1388
1099,389,1488,0.1388
1095,387,1482,0.1388
1098,382,1480,0.1388
1095,393,1488,0.1388
1097,394,1491,0.1388
1102,391,1493,0.1388
1113,389,1502,0.1388
1114,387,1501,0.1388
1115,399,1514,0.1388
1112,398,1510,0.1388
1102,400,1502,0.1388
1104,393,1497,0.1388
1112,393,1505,0.1388
1109,395,1504,0.1388
1106,390,1496,0.1388
1100,395,1495,0.1388
1090,401,1491,0.1388
1084,400,1484,0.1388
1081,400,1481,0.1388
1086,404,1490,0.1388
1090,402,1492,0.1388
1092,398,1490,0.1388
1101,394,1495,0.1388
1108,388,1496,0.1388
1098,396,1494,0.1388
1097,396,1493,0.1388
1100,391,1491,0.1388
1094,392,1486,0.1388
1104,394,1498,0.1388
1098,397,1495,0.1388
1104,396,1500,0.1388
1093,395,1488,0.1388
1094,399,1493,0.1388
1100,398,1498,0.1388
1096,396,1492,0.1388
1097,395,1492,0.1388
1087,390,1477,0.1388
1088,392,1480,0.1388
1094,392,1486,0.1388
1100,396,1496,0.1388
1101,395,1496,0.1388
1102,393,1495,0.1388
1097,397,1494,0.1388
1095,396,1491,0.1388
1089,397,1486,0.1388
1095,410,1505,0.1388
1089,406,1495,0.1388
1100,406,1506,0.1388
1094,402,1496,0.1388
1108,399,1507,0.1388
1111,396,1507,0.1388
1116,397,1513,0.1388
1116,401,1517,0.1388
1111,405,1516,0.1388
1115,401,1516,0.1388
1103,400,1503,0.1388
1096,393,1489,0.1388
1090,402,1492,0.1388
1110,407,1517,0.1388
1106,408,1514,0.1388
1108,414,1522,0.1388
1096,410,1506,0.1388
1087,415,1502,0.1388
1081,418,1499,0.1388
1076,418,1494,0.1388
1085,422,1507,0.1388
1088,420,1508,0.1388
1081,418,1499,0.1388
1080,424,1504,0.1388
1080,425,1505,0.1388
1087,416,1503,0.1388
1080,419,1499,0.1388
1090,418,1508,0.1388
1104,427,1531,0.1388
1073,419,1492,0.1388
1071,419,1490,0.1388
1073,422,1495,0.1388
1072,426,1498,0.1388
1084,432,1516,0.1388
1080,436,1516,0.1388
1064,437,1501,0.1388
1082,437,1519,0.1388
1078,434,1512,0.1388
1065,436,1501,0.1388
1072,439,1511,0.1388
1068,448,1516,0.1388
1054,455,1509,0.1388
1052,445,1497,0.1388
1047,451,1498,0.1388
1061,452,1513,0.1388
1061,445,1506,0.1388
1050,451,1501,0.1388
1043,454,1497,0.1388
1049,444,1493,0.1388
1053,445,1498,0.1388
1049,445,1494,0.1388
1044,444,1488,0.1388
1048,439,1487,0.1388
1047,447,1494,0.1388
1044,445,1489,0.1388
1050,448,1498,0.1388
1046,451,1497,0.1388
1048,457,1505,0.1388
1043,454,1497,0.1388
1033,446,1479,0.1388
1029,455,1484,0.1388
1038,458,1496,0.1388
1039,456,1495,0.1388
1022,462,1484,0.1388
1031,465,1496,0.1388
1041,466,1507,0.1388
1043,470,1513,0.1388
1034,479,1513,0.1388
1035,483,1518,0.1388
1039,482,1521,0.1388
1039,482,1521,0.1388
1032,478,1510,0.1388
1026,477,1503,0.1388
1020,465,1485,0.1388
1020,468,1488,0.1388
1018,476,1494,0.1388
1020,487,1507,0.1388
1023,486,1509,0.1388
1020,490,1510,0.1388
1010,487,1497,0.1388
1015,490,1505,0.1388
1020,493,1513,0.1388
1013,499,1512,0.1388
1017,494,1511,0.1388
1012,495,1507,0.1388
1010,499,1509,0.1388
1011,495,1506,0.1388
1004,495,1499,0.1388
1016,499,1515,0.1388
1016,500,1516,0.1388
1022,497,1519,0.1388
1013,498,1511,0.1388
1014,492,1506,0.1388
1012,484,1496,0.1388
1006,491,1497,0.1388
1008,491,1499,0.1388
1006,491,1497,0.1388
1004,485,1489,0.1388
1007,479,1486,0.1388
1003,488,1491,0.1388
1003,491,1494,0.1388
999,495,1494,0.1388
1004,492,1496,0.1388
999,491,1490,0.1388
1000,493,1493,0.1388
996,496,1492,0.1388
994,503,1497,0.1388
997,507,1504,0.1388
986,500,1486,0.1388
981,508,1489,0.1388
982,518,1500,0.1388
980,516,1496,0.1388
988,518,1506,0.1388
987,519,1506,0.1388
974,525,1499,0.1388
976,522,1498,0.1388
974,525,1499,0.1388
966,524,1490,0.1388
972,525,1497,0.1388
989,519,1508,0.1388
992,521,1513,0.1388
975,526,1501,0.1388
973,526,1499,0.1388
974,522,1496,0.1388
971,532,1503,0.1388
983,532,1515,0.1388
984,536,1520,0.1388
980,530,1510,0.1388
981,533,1514,0.1388
977,534,1511,0.1388
967,545,1512,0.1388
979,545,1524,0.1388
974,550,1524,0.1388
973,550,1523,0.1388
958,555,1513,0.1388
959,554,1513,0.1388
959,542,1501,0.1388
959,553,1512,0.1388
949,554,1503,0.1388
948,556,1504,0.1388
959,550,1509,0.1388
948,554,1502,0.1388
952,563,1515,0.1388
951,560,1511,0.1388
949,558,1507,0.1388
935,553,1488,0.1388
934,564,1498,0.1388
933,563,1496,0.1388
932,559,1491,0.1388
928,565,1493,0.1388
935,566,1501,0.1388
927,568,1495,0.1388
925,570,1495,0.1388
929,573,1502,0.1388
924,574,1498,0.1388
937,577,1514,0.1388
928,578,1506,0.1388
927,576,1503,0.1388
921,574,1495,0.1388
932,575,1507,0.1388
934,581,1515,0.1388
932,579,1511,0.1388
930,577,1507,0.1388
938,573,1511,0.1388
937,576,1513,0.1388
929,567,1496,0.1388
925,566,1491,0.1388
944,569,1513,0.1388
930,567,1497,0.1388
944,570,1514,0.1388
942,572,1514,0.1388
941,570,1511,0.1388
936,571,1507,0.1388
933,576,1509,0.1388
936,572,1508,0.1388
939,557,1496,0.1388
933,558,1491,0.1388
938,558,1496,0.1388
939,558,1497,0.1388
934,557,1491,0.1388
933,561,1494,0.1388
931,561,1492,0.1388
925,566,1491,0.1388
930,570,1500,0.1388
936,574,1510,0.1388
931,574,1505,0.1388
934,575,1509,0.1388
942,574,1516,0.1388
931,568,1499,0.1388
946,566,1512,0.1388
942,563,1505,0.1388
939,569,1508,0.1388
929,573,1502,0.1388
938,575,1513,0.1388
938,573,1511,0.1388
931,575,1506,0.1388
927,579,1506,0.1388
916,578,1494,0.1388
920,588,1508,0.1388
903,594,1497,0.1388
909,587,1496,0.1388
901,593,1494,0.1388
897,588,1485,0.1388
895,597,1492,0.1388
907,610,1517,0.1388
899,606,1505,0.1388
896,609,1505,0.1388
896,607,1503,0.1388
890,608,1498,0.1388
885,607,1492,0.1388
897,608,1505,0.1388
891,608,1499,0.1388
899,607,1506,0.1388
895,619,1514,0.1388
897,619,1516,0.1388
895,617,1512,0.1388
890,615,1505,0.1388
889,617,1506,0.1388
895,618,1513,0.1388
885,621,1506,0.1388
887,619,1506,0.1388
880,618,1498,0.1388
873,628,1501,0.1388
880,629,1509,0.1388
870,634,1504,0.1388
871,637,1508,0.1388
869,629,1498,0.1388
886,642,1528,0.1388
880,646,1526,0.1388
882,639,1521,0.1388
876,638,1514,0.1388
866,639,1505,0.1388
864,638,1502,0.1388
857,644,1501,0.1388
850,641,1491,0.1388
855,640,1495,0.1388
843,649,1492,0.1388
847,651,1498,0.1388
847,648,1495,0.1388
835,648,1483,0.1388
843,655,1498,0.1388
850,647,1497,0.1388
845,645,1490,0.1388
850,646,1496,0.1388
837,647,1484,0.1388
843,646,1489,0.1388
853,639,1492,0.1388
859,639,1498,0.1388
860,638,1498,0.1388
853,632,1485,0.1388
862,628,1490,0.1388
867,626,1493,0.1388
867,635,1502,0.1388
866,638,1504,0.1388
865,647,1512,0.1388
857,643,1500,0.1388
851,647,1498,0.1388
858,652,1510,0.1388
860,654,1514,0.1388
862,646,1508,0.1388
869,646,1515,0.1388
865,641,1506,0.1388
861,643,1504,0.1388
856,645,1501,0.1388
849,653,1502,0.1388
850,663,1513,0.1388
846,670,1516,0.1388
832,681,1513,0.1388
829,673,1502,0.1388
828,665,1493,0.1388
826,669,1495,0.1388
822,669,1491,0.1388
812,682,1494,0.1388
819,688,1507,0.1388
810,676,1486,0.1388
819,676,1495,0.1388
825,673,1498,0.1388
825,674,1499,0.1388
808,676,1484,0.1388
804,672,1476,0.1388
787,687,1474,0.1388
786,686,1472,0.1388
798,683,1481,0.1388
801,683,1484,0.1388
814,685,1499,0.1388
809,680,1489,0.1388
814,684,1498,0.1388
805,695,1500,0.1388
808,694,1502,0.1388
803,699,1502,0.1388
808,709,1517,0.1388
803,714,1517,0.1388
800,711,1511,0.1388
796,715,1511,0.1388
798,708,1506,0.1388
803,720,1523,0.1388
802,721,1523,0.1388
792,717,1509,0.1388
797,718,1515,0.1388
796,716,1512,0.1388
796,704,1500,0.1388
799,716,1515,0.1388
798,722,1520,0.1388
798,722,1520,0.1388
796,725,1521,0.1388
783,724,1507,0.1388
794,729,1523,0.1388
780,733,1513,0.1388
767,739,1506,0.1388
775,749,1524,0.1388
779,745,1524,0.1388
778,747,1525,0.1388
772,750,1522,0.1388
772,744,1516,0.1388
769,752,1521,0.1388
767,752,1519,0.1388
760,760,1520,0.1388
765,760,1525,0.1388
761,752,1513,0.1388
758,752,1510,0.1388
755,755,1510,0.1388
754,755,1509,0.1388
754,751,1505,0.1388
760,748,1508,0.1388
754,749,1503,0.1388
754,740,1494,0.1388
752,750,1502,0.1388
748,746,1494,0.1388
744,759,1503,0.1388
734,765,1499,0.1388
738,758,1496,0.1388
744,749,1493,0.1388
746,752,1498,0.1388
751,759,1510,0.1388
746,766,1512,0.1388
748,769,1517,0.1388
749,769,1518,0.1388
751,767,1518,0.1388
750,766,1516,0.1388
749,769,1518,0.1388
745,764,1509,0.1388
747,761,1508,0.1388
748,758,1506,0.1388
738,758,1496,0.1388
744,758,1502,0.1388
743,765,1508,0.1388
732,773,1505,0.1388
724,770,1494,0.1388
721,772,1493,0.1388
724,783,1507,0.1388
725,774,1499,0.1388
721,777,1498,0.1388
720,774,1494,0.1388
715,771,1486,0.1388
710,774,1484,0.1388
709,777,1486,0.1388
712,782,1494,0.1388
713,780,1493,0.1388
718,773,1491,0.1388
717,781,1498,0.1388
699,792,1491,0.1388
695,805,1500,0.1388
699,809,1508,0.1388
699,818,1517,0.1388
696,817,1513,0.1388
691,821,1512,0.1388
676,826,1502,0.1388
675,826,1501,0.1388
687,822,1509,0.1388
690,816,1506,0.1388
687,811,1498,0.1388
690,809,1499,0.1388
702,811,1513,0.1388
706,810,1516,0.1388
702,819,1521,0.1388
703,815,1518,0.1388
701,815,1516,0.1388
703,807,1510,0.1388
710,814,1524,0.1388
696,812,1508,0.1388
698,806,1504,0.1388
715,799,1514,0.1388
703,797,1500,0.1388
703,793,1496,0.1388
709,789,1498,0.1388
714,785,1499,0.1388
715,786,1501,0.1388
716,786,1502,0.1388
719,778,1497,0.1388
722,787,1509,0.1388
710,779,1489,0.1388
719,782,1501,0.1388
717,781,1498,0.1388
723,786,1509,0.1388
719,794,1513,0.1388
715,800,1515,0.1388
715,794,1509,0.1388
706,800,1506,0.1388
699,814,1513,0.1388
697,809,1506,0.1388
699,808,1507,0.1388
701,800,1501,0.1388
704,799,1503,0.1388
704,794,1498,0.1388
703,797,1500,0.1388
698,807,1505,0.1388
701,810,1511,0.1388
706,810,1516,0.1388
716,811,1527,0.1388
707,818,1525,0.1388
714,813,1527,0.1388
695,811,1506,0.1388
703,809,1512,0.1388
697,811,1508,0.1388
689,819,1508,0.1388
688,818,1506,0.1388
679,820,1499,0.1388
680,828,1508,0.1388
685,825,1510,0.1388
667,831,1498,0.1388
673,835,1508,0.1388
666,839,1505,0.1388
669,827,1496,0.1388
672,822,1494,0.1388
666,822,1488,0.1388
663,834,1497,0.1388
671,834,1505,0.1388
667,834,1501,0.1388
663,843,1506,0.1388
663,843,1506,0.1388
665,836,1501,0.1388
662,845,1507,0.1388
664,849,1513,0.1388
661,843,1504,0.1388
664,845,1509,0.1388
663,835,1498,0.1388
657,843,1500,0.1388
664,842,1506,0.1388
669,837,1506,0.1388
669,838,1507,0.1388
667,848,1515,0.1388
661,836,1497,0.1388
660,830,1490,0.1388
672,836,1508,0.1388
666,834,1500,0.1388
669,829,1498,0.1388
662,835,1497,0.1388
660,847,1507,0.1388
663,849,1512,0.1388
662,851,1513,0.1388
660,855,1515,0.1388
659,864,1523,0.1388
653,864,1517,0.1388
654,863,1517,0.1388
660,856,1516,0.1388
653,854,1507,0.1388
655,850,1505,0.1388
656,842,1498,0.1388
656,844,1500,0.1388
647,857,1504,0.1388
643,858,1501,0.1388
644,848,1492,0.1388
637,859,1496,0.1388
638,852,1490,0.1388
633,858,1491,0.1388
635,864,1499,0.1388
643,865,1508,0.1388
641,859,1500,0.1388
633,869,1502,0.1388
630,869,1499,0.1388
631,865,1496,0.1388
644,863,1507,0.1388
640,867,1507,0.1388
639,859,1498,0.1388
639,859,1498,0.1388
640,866,1506,0.1388
643,877,1520,0.1388
645,873,1518,0.1388
634,873,1507,0.1388
629,876,1505,0.1388
631,874,1505,0.1388
636,878,1514,0.1388
637,880,1517,0.1388
629,884,1513,0.1388
629,884,1513,0.1388
614,889,1503,0.1388
616,889,1505,0.1388
616,888,1504,0.1388
614,882,1496,0.1388
609,882,1491,0.1388
603,888,1491,0.1388
606,891,1497,0.1388
607,893,1500,0.1388
606,896,1502,0.1388
610,892,1502,0.1388
607,902,1509,0.1388
606,906,1512,0.1388
605,908,1513,0.1388
597,909,1506,0.1388
603,915,1518,0.1388
593,930,1523,0.1388
593,924,1517,0.1388
598,922,1520,0.1388
592,915,1507,0.1388
586,914,1500,0.1388
591,909,1500,0.1388
588,915,1503,0.1388
585,914,1499,0.1388
581,917,1498,0.1388
590,915,1505,0.1388
592,928,1520,0.1388
588,924,1512,0.1388
586,924,1510,0.1388
597,927,1524,0.1388
592,920,1512,0.1388
586,916,1502,0.1388
579,913,1492,0.1388
582,915,1497,0.1388
583,918,1501,0.1388
593,919,1512,0.1388
596,924,1520,0.1388
597,918,1515,0.1388
596,922,1518,0.1388
599,920,1519,0.1388
593,928,1521,0.1388
592,929,1521,0.1388
590,935,1525,0.1388
588,933,1521,0.1388
582,933,1515,0.1388
585,933,1518,0.1388
589,935,1524,0.1388
586,936,1522,0.1388
579,932,1511,0.1388
580,929,1509,0.1388
589,936,1525,0.1388
584,940,1524,0.1388
581,931,1512,0.1388
574,939,1513,0.1388
577,939,1516,0.1388
572,939,1511,0.1388
574,933,1507,0.1388
559,928,1487,0.1388
568,932,1500,0.1388
565,939,1504,0.1388
568,939,1507,0.1388
562,940,1502,0.1388
565,940,1505,0.1388
567,941,1508,0.1388
566,941,1507,0.1388
558,950,1508,0.1388
559,948,1507,0.1388
556,950,1506,0.1388
550,947,1497,0.1388
550,949,1499,0.1388
549,960,1509,0.1388
554,953,1507,0.1388
557,953,1510,0.1388
555,959,1514,0.1388
550,949,1499,0.1388
558,954,1512,0.1388
560,959,1519,0.1388
554,956,1510,0.1388
552,953,1505,0.1388
549,953,1502,0.1388
549,954,1503,0.1388
545,955,1500,0.1388
542,965,1507,0.1388
544,969,1513,0.1388
543,965,1508,0.1388
536,971,1507,0.1388
532,961,1493,0.1388
530,973,1503,0.1388
533,976,1509,0.1388
532,978,1510,0.1388
526,980,1506,0.1388
537,978,1515,0.1388
538,980,1518,0.1388
542,984,1526,0.1388
537,984,1521,0.1388
533,984,1517,0.1388
534,990,1524,0.1388
524,977,1501,0.1388
525,970,1495,0.1388
532,974,1506,0.1388
536,977,1513,0.1388
544,964,1508,0.1388
546,979,1525,0.1388
544,973,1517,0.1388
534,970,1504,0.1388
535,976,1511,0.1388
531,980,1511,0.1388
529,979,1508,0.1388
534,976,1510,0.1388
534,990,1524,0.1388
534,986,1520,0.1388
532,983,1515,0.1388
541,991,1532,0.1388
533,993,1526,0.1388
533,986,1519,0.1388
517,994,1511,0.1388
520,984,1504,0.1388
521,982,1503,0.1388
519,988,1507,0.1388
515,983,1498,0.1388
519,978,1497,0.1388
517,987,1504,0.1388
515,985,1500,0.1388
520,975,1495,0.1388
527,974,1501,0.1388
532,979,1511,0.1388
530,973,1503,0.1388
535,961,1496,0.1388
529,972,1501,0.1388
529,968,1497,0.1388
527,968,1495,0.1388
529,974,1503,0.1388
536,977,1513,0.1388
544,985,1529,0.1388
542,990,1532,0.1388
541,980,1521,0.1388
538,975,1513,0.1388
535,976,1511,0.1388
532,983,1515,0.1388
539,975,1514,0.1388
533,979,1512,0.1388
532,973,1505,0.1388
523,986,1509,0.1388
532,978,1510,0.1388
532,975,1507,0.1388
544,973,1517,0.1388
541,968,1509,0.1388
534,974,1508,0.1388
530,972,1502,0.1388
526,974,1500,0.1388
525,975,1500,0.1388
527,972,1499,0.1388
530,980,1510,0.1388
528,972,1500,0.1388
530,969,1499,0.1388
532,963,1495,0.1388
528,975,1503,0.1388
528,980,1508,0.1388
519,981,1500,0.1388
528,978,1506,0.1388
527,981,1508,0.1388
519,982,1501,0.1388
515,989,1504,0.1388
506,992,1498,0.1388
516,994,1510,0.1388
508,983,1491,0.1388
513,988,1501,0.1388
511,986,1497,0.1388
515,988,1503,0.1388
511,986,1497,0.1388
513,996,1509,0.1388
516,997,1513,0.1388
519,995,1514,0.1388
518,992,1510,0.1388
511,988,1499,0.1388
500,986,1486,0.1388
504,998,1502,0.1388
508,1002,1510,0.1388
506,994,1500,0.1388
500,1011,1511,0.1388
499,1010,1509,0.1388
491,1024,1515,0.1388
487,1026,1513,0.1388
492,1015,1507,0.1388
484,1030,1514,0.1388
483,1038,1521,0.1388
484,1030,1514,0.1388
489,1033,1522,0.1388
486,1037,1523,0.1388
475,1037,1512,0.1388
481,1035,1516,0.1388
482,1029,1511,0.1388
493,1034,1527,0.1388
490,1031,1521,0.1388
484,1025,1509,0.1388
484,1024,1508,0.1388
476,1025,1501,0.1388
466,1028,1494,0.1388
469,1030,1499,0.1388
474,1032,1506,0.1388
473,1049,1522,0.1388
477,1039,1516,0.1388
483,1037,1520,0.1388
485,1025,1510,0.1388
481,1032,1513,0.1388
479,1036,1515,0.1388
477,1041,1518,0.1388
477,1033,1510,0.1388
476,1039,1515,0.1388
467,1034,1501,0.1388
467,1047,1514,0.1388
461,1032,1493,0.1388
465,1040,1505,0.1388
466,1046,1512,0.1388
472,1053,1525,0.1388
473,1051,1524,0.1388
472,1048,1520,0.1388
467,1043,1510,0.1388
461,1042,1503,0.1388
468,1046,1514,0.1388
463,1043,1506,0.1388
458,1037,1495,0.1388
458,1057,1515,0.1388
452,1059,1511,0.1388
461,1056,1517,0.1388
461,1059,1520,0.1388
459,1040,1499,0.1388
449,1047,1496,0.1388
452,1048,1500,0.1388
453,1063,1516,0.1388
461,1062,1523,0.1388
459,1057,1516,0.1388
461,1057,1518,0.1388
462,1060,1522,0.1388
467,1050,1517,0.1388
466,1059,1525,0.1388
456,1062,1518,0.1388
461,1052,1513,0.1388
461,1048,1509,0.1388
459,1053,1512,0.1388
452,1051,1503,0.1388
450,1043,1493,0.1388
446,1043,1489,0.1388
445,1052,1497,0.1388
448,1051,1499,0.1388
449,1061,1510,0.1388
448,1057,1505,0.1388
445,1070,1515,0.1388
443,1080,1523,0.1388
439,1070,1509,0.1388
437,1062,1499,0.1388
442,1081,1523,0.1388
441,1080,1521,0.1388
440,1078,1518,0.1388
443,1069,1512,0.1388
438,1066,1504,0.1388
451,1069,1520,0.1388
449,1074,1523,0.1388
445,1076,1521,0.1388
449,1076,1525,0.1388
446,1065,1511,0.1388
438,1067,1505,0.1388
443,1067,1510,0.1388
450,1057,1507,0.1388
448,1060,1508,0.1388
447,1064,1511,0.1388
444,1077,1521,0.1388
437,1070,1507,0.1388
432,1059,1491,0.1388
437,1062,1499,0.1388
443,1067,1510,0.1388
437,1070,1507,0.1388
440,1071,1511,0.1388
432,1062,1494,0.1388
434,1065,1499,0.1388
440,1055,1495,0.1388
443,1057,1500,0.1388
438,1056,1494,0.1388
438,1063,1501,0.1388
442,1069,1511,0.1388
442,1075,1517,0.1388
434,1065,1499,0.1388
438,1068,1506,0.1388
440,1054,1494,0.1388
443,1050,1493,0.1388
443,1062,1505,0.1388
445,1069,1514,0.1388
445,1072,1517,0.1388
436,1083,1519,0.1388
437,1078,1515,0.1388
438,1071,1509,0.1388
444,1067,1511,0.1388
448,1063,1511,0.1388
441,1063,1504,0.1388
443,1071,1514,0.1388
444,1068,1512,0.1388
445,1084,1529,0.1388
446,1077,1523,0.1388
448,1079,1527,0.1388
447,1077,1524,0.1388
445,1070,1515,0.1388
442,1078,1520,0.1388
440,1075,1515,0.1388
441,1075,1516,0.1388
443,1090,1533,0.1388
437,1096,1533,0.1388
439,1092,1531,0.1388
440,1091,1531,0.1388
437,1087,1524,0.1388
436,1087,1523,0.1388
436,1086,1522,0.1388
434,1076,1510,0.1388
437,1068,1505,0.1388
441,1060,1501,0.1388
443,1075,1518,0.1388
438,1073,1511,0.1388
443,1066,1509,0.1388
434,1081,1515,0.1388
425,1084,1509,0.1388
424,1081,1505,0.1388
430,1077,1507,0.1388
423,1087,1510,0.1388
423,1096,1519,0.1388
435,1097,1532,0.1388
429,1089,1518,0.1388
427,1083,1510,0.1388
425,1077,1502,0.1388
425,1089,1514,0.1388
426,1091,1517,0.1388
420,1080,1500,0.1388
424,1085,1509,0.1388
419,1092,1511,0.1388
423,1084,1507,0.1388
418,1090,1508,0.1388
415,1083,1498,0.1388
417,1080,1497,0.1388
413,1094,1507,0.1388
405,1095,1500,0.1388
403,1095,1498,0.1388
402,1098,1500,0.1388
405,1103,1508,0.1388
408,1119,1527,0.1388
410,1101,1511,0.1388
398,1106,1504,0.1388
396,1119,1515,0.1388
399,1110,1509,0.1388
398,1112,1510,0.1388
392,1105,1497,0.1388
393,1107,1500,0.1388
391,1108,1499,0.1388
397,1106,1503,0.1388
397,1101,1498,0.1388
402,1116,1518,0.1388
399,1124,1523,0.1388
401,1119,1520,0.1388
394,1113,1507,0.1388
389,1094,1483,0.1388
391,1102,1493,0.1388
390,1105,1495,0.1388
393,1094,1487,0.1388
400,1108,1508,0.1388
396,1112,1508,0.1388
388,1108,1496,0.1388
389,1115,1504,0.1388
384,1130,1514,0.1388
390,1128,1518,0.1388
396,1125,1521,0.1388
390,1118,1508,0.1388
393,1123,1516,0.1388
394,1118,1512,0.1388
389,1124,1513,0.1388
389,1135,1524,0.1388
387,1136,1523,0.1388
379,1134,1513,0.1388
379,1125,1504,0.1388
381,1123,1504,0.1388
371,1132,1503,0.1388
374,1126,1500,0.1388
376,1121,1497,0.1388
372,1124,1496,0.1388
373,1120,1493,0.1388
378,1128,1506,0.1388
376,1141,1517,0.1388
369,1137,1506,0.1388
371,1143,1514,0.1388
373,1145,1518,0.1388
372,1145,1517,0.1388
372,1140,1512,0.1388
370,1145,1515,0.1388
370,1147,1517,0.1388
375,1141,1516,0.1388
375,1144,1519,0.1388
370,1147,1517,0.1388
370,1145,1515,0.1388
367,1154,1521,0.1388
368,1143,1511,0.1388
366,1139,1505,0.1388
368,1139,1507,0.1388
370,1145,1515,0.1388
359,1156,1515,0.1388
364,1158,1522,0.1388
366,1159,1525,0.1388
368,1150,1518,0.1388
364,1152,1516,0.1388
369,1153,1522,0.1388
369,1151,1520,0.1388
370,1151,1521,0.1388
362,1153,1515,0.1388
363,1152,1515,0.1388
364,1139,1503,0.1388
366,1140,1506,0.1388
367,1145,1512,0.1388
364,1152,1516,0.1388
356,1149,1505,0.1388
361,1144,1505,0.1388
358,1162,1520,0.1388
358,1159,1517,0.1388
357,1158,1515,0.1388
358,1157,1515,0.1388
359,1165,1524,0.1388
357,1149,1506,0.1388
349,1141,1490,0.1388
349,1159,1508,0.1388
347,1157,1504,0.1388
350,1160,1510,0.1388
343,1167,1510,0.1388
348,1165,1513,0.1388
349,1158,1507,0.1388
347,1155,1502,0.1388
355,1166,1521,0.1388
349,1170,1519,0.1388
350,1165,1515,0.1388
348,1169,1517,0.1388
352,1166,1518,0.1388
350,1150,1500,0.1388
347,1158,1505,0.1388
346,1149,1495,0.1388
342,1157,1499,0.1388
338,1173,1511,0.1388
343,1160,1503,0.1388
340,1164,1504,0.1388
333,1162,1495,0.1388
338,1159,1497,0.1388
339,1178,1517,0.1388
336,1182,1518,0.1388
330,1187,1517,0.1388
332,1174,1506,0.1388
334,1181,1515,0.1388
336,1180,1516,0.1388
337,1169,1506,0.1388
330,1171,1501,0.1388
333,1186,1519,0.1388
334,1184,1518,0.1388
331,1188,1519,0.1388
327,1178,1505,0.1388
325,1180,1505,0.1388
323,1171,1494,0.1388
322,1187,1509,0.1388
326,1191,1517,0.1388
331,1192,1523,0.1388
327,1186,1513,0.1388
332,1190,1522,0.1388
330,1184,1514,0.1388
330,1181,1511,0.1388
326,1189,1515,0.1388
325,1189,1514,0.1388
323,1196,1519,0.1388
329,1197,1526,0.1388
331,1193,1524,0.1388
329,1189,1518,0.1388
326,1190,1516,0.1388
328,1188,1516,0.1388
325,1188,1513,0.1388
323,1178,1501,0.1388
330,1190,1520,0.1388
328,1188,1516,0.1388
325,1196,1521,0.1388
325,1188,1513,0.1388
323,1189,1512,0.1388
329,1182,1511,0.1388
323,1184,1507,0.1388
320,1194,1514,0.1388
330,1184,1514,0.1388
327,1194,1521,0.1388
333,1185,1518,0.1388
323,1183,1506,0.1388
326,1187,1513,0.1388
324,1183,1507,0.1388
327,1178,1505,0.1388
322,1188,1510,0.1388
326,1198,1524,0.1388
328,1197,1525,0.1388
327,1192,1519,0.1388
323,1193,1516,0.1388
321,1181,1502,0.1388
314,1181,1495,0.1388
315,1181,1496,0.1388
319,1187,1506,0.1388
320,1187,1507,0.1388
323,1181,1504,0.1388
317,1192,1509,0.1388
317,1193,1510,0.1388
319,1198,1517,0.1388
319,1199,1518,0.1388
314,1200,1514,0.1388
322,1183,1505,0.1388
313,1192,1505,0.1388
312,1190,1502,0.1388
307,1191,1498,0.1388
302,1195,1497,0.1388
298,1198,1496,0.1388
304,1208,1512,0.1388
306,1192,1498,0.1388
306,1200,1506,0.1388
305,1200,1505,0.1388
307,1194,1501,0.1388
307,1195,1502,0.1388
303,1204,1507,0.1388
311,1198,1509,0.1388
311,1192,1503,0.1388
313,1190,1503,0.1388
302,1192,1494,0.1388
301,1193,1494,0.1388
305,1191,1496,0.1388
304,1205,1509,0.1388
306,1200,1506,0.1388
306,1205,1511,0.1388
312,1200,1512,0.1388
313,1194,1507,0.1388
314,1196,1510,0.1388
311,1202,1513,0.1388
311,1199,1510,0.1388
308,1209,1517,0.1388
306,1202,1508,0.1388
299,1209,1508,0.1388
300,1204,1504,0.1388
295,1210,1505,0.1388
292,1220,1512,0.1388
292,1230,1522,0.1388
295,1227,1522,0.1388
296,1220,1516,0.1388
292,1223,1515,0.1388
288,1229,1517,0.1388
290,1222,1512,0.1388
288,1234,1522,0.1388
284,1231,1515,0.1388
281,1235,1516,0.1388
282,1230,1512,0.1388
282,1230,1512,0.1388
288,1232,1520,0.1388
289,1234,1523,0.1388
286,1232,1518,0.1388
282,1234,1516,0.1388
280,1229,1509,0.1388
280,1226,1506,0.1388
269,1224,1493,0.1388
273,1225,1498,0.1388
275,1225,1500,0.1388
274,1212,1486,0.1388
271,1221,1492,0.1388
277,1238,1515,0.1388
285,1244,1529,0.1388
279,1243,1522,0.1388
277,1231,1508,0.1388
277,1240,1517,0.1388
268,1230,1498,0.1388
272,1232,1504,0.1388
279,1227,1506,0.1388
280,1223,1503,0.1388
271,1229,1500,0.1388
273,1222,1495,0.1388
276,1227,1503,0.1388
275,1243,1518,0.1388
269,1247,1516,0.1388
267,1248,1515,0.1388
269,1242,1511,0.1388
272,1230,1502,0.1388
272,1237,1509,0.1388
272,1245,1517,0.1388
270,1235,1505,0.1388
275,1236,1511,0.1388
272,1247,1519,0.1388
267,1243,1510,0.1388
269,1245,1514,0.1388
264,1241,1505,0.1388
270,1237,1507,0.1388
264,1225,1489,0.1388
268,1239,1507,0.1388
270,1245,1515,0.1388
269,1242,1511,0.1388
265,1245,1510,0.1388
273,1245,1518,0.1388
272,1243,1515,0.1388
265,1249,1514,0.1388
268,1251,1519,0.1388
271,1251,1522,0.1388
268,1249,1517,0.1388
274,1245,1519,0.1388
274,1231,1505,0.1388
270,1232,1502,0.1388
270,1246,1516,0.1388
267,1249,1516,0.1388
267,1251,1518,0.1388
270,1258,1528,0.1388
268,1253,1521,0.1388
270,1249,1519,0.1388
269,1254,1523,0.1388
265,1256,1521,0.1388
263,1257,1520,0.1388
260,1257,1517,0.1388
270,1257,1527,0.1388
263,1256,1519,0.1388
260,1255,1515,0.1388
262,1253,1515,0.1388
265,1259,1524,0.1388
269,1255,1524,0.1388
264,1254,1518,0.1388
263,1246,1509,0.1388
263,1249,1512,0.1388
259,1264,1523,0.1388
259,1258,1517,0.1388
256,1261,1517,0.1388
252,1269,1521,0.1388
254,1276,1530,0.1388
254,1269,1523,0.1388
252,1261,1513,0.1388
257,1253,1510,0.1388
256,1257,1513,0.1388
256,1257,1513,0.1388
261,1262,1523,0.1388
259,1268,1527,0.1388
254,1266,1520,0.1388
251,1261,1512,0.1388
250,1262,1512,0.1388
244,1264,1508,0.1388
243,1268,1511,0.1388
241,1265,1506,0.1388
249,1272,1521,0.1388
252,1259,1511,0.1388
246,1264,1510,0.1388
243,1268,1511,0.1388
243,1266,1509,0.1388
243,1269,1512,0.1388
241,1267,1508,0.1388
242,1264,1506,0.1388
248,1257,1505,0.1388
246,1260,1506,0.1388
248,1261,1509,0.1388
249,1265,1514,0.1388
244,1271,1515,0.1388
242,1273,1515,0.1388
246,1262,1508,0.1388
247,1262,1509,0.1388
243,1249,1492,0.1388
248,1265,1513,0.1388
247,1271,1518,0.1388
240,1273,1513,0.1388
234,1273,1507,0.1388
237,1259,1496,0.1388
235,1259,1494,0.1388
239,1271,1510,0.1388
241,1261,1502,0.1388
241,1268,1509,0.1388
242,1275,1517,0.1388
239,1271,1510,0.1388
242,1268,1510,0.1388
238,1270,1508,0.1388
234,1273,1507,0.1388
228,1273,1501,0.1388
231,1280,1511,0.1388
233,1269,1502,0.1388
238,1275,1513,0.1388
238,1272,1510,0.1388
238,1281,1519,0.1388
237,1273,1510,0.1388
236,1273,1509,0.1388
229,1285,1514,0.1388
229,1277,1506,0.1388
233,1273,1506,0.1388
236,1283,1519,0.1388
242,1273,1515,0.1388
243,1285,1528,0.1388
241,1273,1514,0.1388
239,1272,1511,0.1388
237,1282,1519,0.1388
234,1265,1499,0.1388
235,1271,1506,0.1388
233,1272,1505,0.1388
231,1265,1496,0.1388
234,1264,1498,0.1388
234,1278,1512,0.1388
231,1279,1510,0.1388
224,1282,1506,0.1388
226,1298,1524,0.1388
225,1298,1523,0.1388
220,1290,1510,0.1388
217,1293,1510,0.1388
214,1289,1503,0.1388
216,1301,1517,0.1388
221,1296,1517,0.1388
218,1301,1519,0.1388
219,1300,1519,0.1388
217,1304,1521,0.1388
218,1300,1518,0.1388
215,1304,1519,0.1388
213,1292,1505,0.1388
210,1294,1504,0.1388
214,1290,1504,0.1388
207,1302,1509,0.1388
209,1310,1519,0.1388
211,1298,1509,0.1388
209,1305,1514,0.1388
212,1321,1533,0.1388
207,1309,1516,0.1388
207,1307,1514,0.1388
210,1308,1518,0.1388
205,1319,1524,0.1388
207,1310,1517,0.1388
206,1312,1518,0.1388
210,1317,1527,0.1388
210,1305,1515,0.1388
209,1297,1506,0.1388
202,1305,1507,0.1388
206,1301,1507,0.1388
216,1292,1508,0.1388
217,1283,1500,0.1388
215,1279,1494,0.1388
212,1290,1502,0.1388
211,1299,1510,0.1388
219,1292,1511,0.1388
220,1296,1516,0.1388
218,1295,1513,0.1388
218,1289,1507,0.1388
220,1282,1502,0.1388
214,1286,1500,0.1388
219,1287,1506,0.1388
218,1276,1494,0.1388
221,1274,1495,0.1388
221,1278,1499,0.1388
224,1284,1508,0.1388
224,1281,1505,0.1388
221,1289,1510,0.1388
224,1287,1511,0.1388
223,1286,1509,0.1388
223,1297,1520,0.1388
225,1288,1513,0.1388
230,1296,1526,0.1388
221,1293,1514,0.1388
219,1289,1508,0.1388
219,1293,1512,0.1388
214,1300,1514,0.1388
211,1308,1519,0.1388
208,1297,1505,0.1388
203,1302,1505,0.1388
210,1309,1519,0.1388
208,1317,1525,0.1388
205,1313,1518,0.1388
205,1311,1516,0.1388
207,1302,1509,0.1388
207,1303,1510,0.1388
206,1299,1505,0.1388
206,1312,1518,0.1388
206,1305,1511,0.1388
207,1309,1516,0.1388
207,1302,1509,0.1388
211,1309,1520,0.1388
211,1311,1522,0.1388
211,1307,1518,0.1388
209,1305,1514,0.1388
201,1305,1506,0.1388
201,1318,1519,0.1388
203,1320,1523,0.1388
204,1310,1514,0.1388
202,1318,1520,0.1388
199,1325,1524,0.1388
199,1320,1519,0.1388
199,1325,1524,0.1388
201,1316,1517,0.1388
201,1311,1512,0.1388
206,1316,1522,0.1388
206,1312,1518,0.1388
202,1308,1510,0.1388
201,1313,1514,0.1388
201,1308,1509,0.1388
202,1315,1517,0.1388
195,1315,1510,0.1388
194,1325,1519,0.1388
190,1327,1517,0.1388
186,1320,1506,0.1388
188,1325,1513,0.1388
192,1320,1512,0.1388
193,1317,1510,0.1388
190,1329,1519,0.1388
193,1325,1518,0.1388
194,1324,1518,0.1388
195,1317,1512,0.1388
187,1307,1494,0.1388
189,1317,1506,0.1388
186,1325,1511,0.1388
184,1330,1514,0.1388
187,1324,1511,0.1388
186,1326,1512,0.1388
190,1334,1524,0.1388
186,1332,1518,0.1388
186,1323,1509,0.1388
186,1321,1507,0.1388
185,1330,1515,0.1388
187,1330,1517,0.1388
183,1331,1514,0.1388
183,1324,1507,0.1388
185,1333,1518,0.1388
187,1330,1517,0.1388
191,1322,1513,0.1388
192,1335,1527,0.1388
186,1333,1519,0.1388
184,1336,1520,0.1388
184,1331,1515,0.1388
182,1326,1508,0.1388
182,1336,1518,0.1388
184,1334,1518,0.1388
182,1329,1511,0.1388
184,1331,1515,0.1388
177,1333,1510,0.1388
180,1333,1513,0.1388
180,1327,1507,0.1388
180,1326,1506,0.1388
177,1339,1516,0.1388
177,1337,1514,0.1388
176,1347,1523,0.1388
174,1354,1528,0.1388
174,1354,1528,0.1388
175,1350,1525,0.1388
173,1344,1517,0.1388
173,1349,1522,0.1388
173,1349,1522,0.1388
168,1350,1518,0.1388
168,1356,1524,0.1388
170,1355,1525,0.1388
170,1367,1537,0.1388
166,1349,1515,0.1388
164,1354,1518,0.1388
166,1362,1528,0.1388
166,1369,1535,0.1388
168,1368,1536,0.1388
169,1354,1523,0.1388
163,1343,1506,0.1388
169,1351,1520,0.1388
164,1341,1505,0.1388
161,1342,1503,0.1388
157,1360,1517,0.1388
158,1351,1509,0.1388
159,1348,1507,0.1388
159,1364,1523,0.1388
154,1360,1514,0.1388
155,1371,1526,0.1388
156,1366,1522,0.1388
157,1373,1530,0.1388
160,1355,1515,0.1388
153,1351,1504,0.1388
152,1344,1496,0.1388
153,1351,1504,0.1388
162,1354,1516,0.1388
159,1353,1512,0.1388
161,1362,1523,0.1388
158,1354,1512,0.1388
156,1350,1506,0.1388
154,1335,1489,0.1388
152,1346,1498,0.1388
153,1352,1505,0.1388
150,1350,1500,0.1388
146,1352,1498,0.1388
149,1367,1516,0.1388
151,1364,1515,0.1388
153,1380,1533,0.1388
156,1380,1536,0.1388
153,1376,1529,0.1388
152,1373,1525,0.1388
149,1382,1531,0.1388
148,1392,1540,0.1388
147,1384,1531,0.1388
149,1379,1528,0.1388
148,1377,1525,0.1388
147,1371,1518,0.1388
151,1358,1509,0.1388
149,1371,1520,0.1388
146,1367,1513,0.1388
148,1380,1528,0.1388
145,1390,1535,0.1388
142,1382,1524,0.1388
142,1379,1521,0.1388
144,1372,1516,0.1388
143,1366,1509,0.1388
142,1366,1508,0.1388
145,1361,1506,0.1388
143,1373,1516,0.1388
147,1372,1519,0.1388
150,1383,1533,0.1388
150,1389,1539,0.1388
150,1377,1527,0.1388
146,1376,1522,0.1388
142,1383,1525,0.1388
138,1377,1515,0.1388
136,1388,1524,0.1388
136,1385,1521,0.1388
141,1374,1515,0.1388
137,1380,1517,0.1388
137,1380,1517,0.1388
138,1361,1499,0.1388
141,1367,1508,0.1388
138,1365,1503,0.1388
137,1379,1516,0.1388
139,1380,1519,0.1388
136,1376,1512,0.1388
135,1375,1510,0.1388
137,1374,1511,0.1388
136,1373,1509,0.1388
138,1367,1505,0.1388
137,1371,1508,0.1388
138,1374,1512,0.1388
141,1367,1508,0.1388
145,1360,1505,0.1388
140,1365,1505,0.1388
140,1365,1505,0.1388
141,1365,1506,0.1388
141,1368,1509,0.1388
141,1365,1506,0.1388
140,1365,1505,0.1388
136,1367,1503,0.1388
135,1372,1507,0.1388
132,1379,1511,0.1388
134,1366,1500,0.1388
136,1357,1493,0.1388
136,1360,1496,0.1388
135,1362,1497,0.1388
136,1361,1497,0.1388
136,1366,1502,0.1388
138,1377,1515,0.1388
139,1373,1512,0.1388
142,1376,1518,0.1388
143,1376,1519,0.1388
146,1382,1528,0.1388
148,1373,1521,0.1388
149,1360,1509,0.1388
147,1369,1516,0.1388
147,1368,1515,0.1388
150,1371,1521,0.1388
144,1363,1507,0.1388
139,1381,1520,0.1388
139,1384,1523,0.1388
139,1379,1518,0.1388
138,1386,1524,0.1388
140,1384,1524,0.1388
138,1367,1505,0.1388
142,1384,1526,0.1388
139,1390,1529,0.1388
141,1385,1526,0.1388
142,1379,1521,0.1388
140,1366,1506,0.1388
136,1372,1508,0.1388
133,1378,1511,0.1388
133,1384,1517,0.1388
131,1385,1516,0.1388
129,1394,1523,0.1388
128,1400,1528,0.1388
128,1385,1513,0.1388
127,1396,1523,0.1388
128,1403,1531,0.1388
126,1392,1518,0.1388
128,1402,1530,0.1388
128,1385,1513,0.1388
133,1392,1525,0.1388
134,1399,1533,0.1388
129,1391,1520,0.1388
132,1388,1520,0.1388
134,1396,1530,0.1388
132,1384,1516,0.1388
129,1394,1523,0.1388
127,1405,1532,0.1388
123,1396,1519,0.1388
123,1404,1527,0.1388
119,1394,1513,0.1388
119,1402,1521,0.1388
119,1407,1526,0.1388
118,1411,1529,0.1388
118,1410,1528,0.1388
119,1406,1525,0.1388
116,1408,1524,0.1388
113,1403,1516,0.1388
112,1393,1505,0.1388
114,1390,1504,0.1388
110,1392,1502,0.1388
113,1394,1507,0.1388
113,1394,1507,0.1388
116,1394,1510,0.1388
114,1398,1512,0.1388
114,1394,1508,0.1388
118,1391,1509,0.1388
114,1399,1513,0.1388
114,1391,1505,0.1388
115,1400,1515,0.1388
116,1399,1515,0.1388
116,1403,1519,0.1388
119,1405,1524,0.1388
118,1403,1521,0.1388
118,1400,1518,0.1388
119,1388,1507,0.1388
118,1395,1513,0.1388
117,1394,1511,0.1388
118,1402,1520,0.1388
120,1401,1521,0.1388
117,1402,1519,0.1388
117,1407,1524,0.1388
112,1406,1518,0.1388
114,1405,1519,0.1388
111,1410,1521,0.1388
111,1399,1510,0.1388
111,1388,1499,0.1388
109,1391,1500,0.1388
109,1405,1514,0.1388
112,1401,1513,0.1388
114,1407,1521,0.1388
113,1402,1515,0.1388
106,1413,1519,0.1388
108,1406,1514,0.1388
107,1404,1511,0.1388
101,1401,1502,0.1388
98,1394,1492,0.1388
101,1404,1505,0.1388
98,1418,1516,0.1388
99,1430,1529,0.1388
99,1420,1519,0.1388
101,1409,1510,0.1388
103,1424,1527,0.1388
101,1414,1515,0.1388
100,1415,1515,0.1388
99,1409,1508,0.1388
100,1416,1516,0.1388
101,1412,1513,0.1388
97,1407,1504,0.1388
97,1412,1509,0.1388
100,1403,1503,0.1388
101,1410,1511,0.1388
96,1415,1511,0.1388
94,1419,1513,0.1388
95,1432,1527,0.1388
98,1438,1536,0.1388
96,1438,1534,0.1388
96,1440,1536,0.1388
94,1431,1525,0.1388
92,1436,1528,0.1388
90,1444,1534,0.1388
86,1442,1528,0.1388
87,1453,1540,0.1388
83,1448,1531,0.1388
82,1457,1539,0.1388
81,1439,1520,0.1388
81,1427,1508,0.1388
83,1422,1505,0.1388
81,1426,1507,0.1388
82,1426,1508,0.1388
82,1430,1512,0.1388
86,1426,1512,0.1388
82,1441,1523,0.1388
82,1430,1512,0.1388
81,1420,1501,0.1388
82,1423,1505,0.1388
84,1424,1508,0.1388
81,1422,1503,0.1388
77,1436,1513,0.1388
78,1440,1518,0.1388
79,1437,1516,0.1388
73,1435,1508,0.1388
72,1431,1503,0.1388
74,1438,1512,0.1388
75,1432,1507,0.1388
73,1430,1503,0.1388
76,1415,1491,0.1388
72,1423,1495,0.1388
75,1424,1499,0.1388
74,1443,1517,0.1388
75,1440,1515,0.1388
75,1434,1509,0.1388
74,1433,1507,0.1388
74,1441,1515,0.1388
72,1453,1525,0.1388
72,1457,1529,0.1388
69,1465,1534,0.1388
70,1451,1521,0.1388
68,1440,1508,0.1388
67,1439,1506,0.1388
69,1438,1507,0.1388
70,1442,1512,0.1388
68,1438,1506,0.1388
66,1452,1518,0.1388
64,1446,1510,0.1388
61,1453,1514,0.1388
60,1451,1511,0.1388
59,1459,1518,0.1388
59,1462,1521,0.1388
58,1460,1518,0.1388
58,1460,1518,0.1388
57,1453,1510,0.1388
56,1460,1516,0.1388
57,1460,1517,0.1388
59,1460,1519,0.1388
59,1456,1515,0.1388
60,1455,1515,0.1388
58,1444,1502,0.1388
58,1434,1492,0.1388
58,1441,1499,0.1388
59,1446,1505,0.1388
59,1458,1517,0.1388
58,1472,1530,0.1388
58,1476,1534,0.1388
57,1468,1525,0.1388
55,1479,1534,0.1388
55,1480,1535,0.1388
52,1469,1521,0.1388
53,1469,1522,0.1388
53,1470,1523,0.1388
52,1477,1529,0.1388
53,1482,1535,0.1388
51,1471,1522,0.1388
51,1459,1510,0.1388
51,1461,1512,0.1388
51,1470,1521,0.1388
51,1472,1523,0.1388
49,1454,1503,0.1388
49,1469,1518,0.1388
49,1469,1518,0.1388
47,1462,1509,0.1388
46,1464,1510,0.1388
46,1461,1507,0.1388
44,1471,1515,0.1388
46,1464,1510,0.1388
46,1468,1514,0.1388
45,1462,1507,0.1388
44,1469,1513,0.1388
43,1463,1506,0.1388
44,1467,1511,0.1388
44,1469,1513,0.1388
43,1469,1512,0.1388
44,1471,1515,0.1388
43,1466,1509,0.1388
43,1467,1510,0.1388
43,1463,1506,0.1388
42,1455,1497,0.1388
42,1466,1508,0.1388
41,1478,1519,0.1388
41,1482,1523,0.1388
42,1488,1530,0.1388
41,1476,1517,0.1388
43,1470,1513,0.1388
42,1471,1513,0.1388
42,1461,1503,0.1388
41,1461,1502,0.1388
39,1469,1508,0.1388
37,1476,1513,0.1388
34,1473,1507,0.1388
36,1477,1513,0.1388
34,1483,1517,0.1388
37,1478,1515,0.1388
37,1479,1516,0.1388
38,1466,1504,0.1388
40,1464,1504,0.1388
40,1468,1508,0.1388
40,1475,1515,0.1388
40,1481,1521,0.1388
40,1482,1522,0.1388
40,1478,1518,0.1388
41,1483,1524,0.1388
39,1479,1518,0.1388
38,1480,1518,0.1388
36,1485,1521,0.1388
37,1492,1529,0.1388
37,1475,1512,0.1388
37,1480,1517,0.1388
36,1486,1522,0.1388
34,1482,1516,0.1388
32,1486,1518,0.1388
31,1482,1513,0.1388
29,1483,1512,0.1388
29,1471,1500,0.1388
29,1475,1504,0.1388
30,1473,1503,0.1388
29,1467,1496,0.1388
31,1470,1501,0.1388
31,1486,1517,0.1388
33,1490,1523,0.1388
30,1492,1522,0.1388
32,1479,1511,0.1388
33,1481,1514,0.1388
32,1469,1501,0.1388
33,1457,1490,0.1388
32,1461,1493,0.1388
31,1463,1494,0.1388
32,1467,1499,0.1388
32,1471,1503,0.1388
35,1473,1508,0.1388
35,1474,1509,0.1388
36,1472,1508,0.1388
35,1484,1519,0.1388
35,1480,1515,0.1388
35,1484,1519,0.1388
34,1480,1514,0.1388
31,1486,1517,0.1388
32,1474,1506,0.1388
31,1474,1505,0.1388
32,1484,1516,0.1388
33,1485,1518,0.1388
34,1488,1522,0.1388
34,1484,1518,0.1388
33,1490,1523,0.1388
33,1482,1515,0.1388
33,1482,1515,0.1388
33,1478,1511,0.1388
32,1485,1517,0.1388
32,1491,1523,0.1388
30,1480,1510,0.1388
30,1473,1503,0.1388
31,1484,1515,0.1388
30,1499,1529,0.1388
30,1485,1515,0.1388
32,1480,1512,0.1388
33,1489,1522,0.1388
33,1490,1523,0.1388
32,1494,1526,0.1388
32,1493,1525,0.1388
33,1498,1531,0.1388
33,1499,1532,0.1388
32,1493,1525,0.1388
32,1492,1524,0.1388
32,1490,1522,0.1388
34,1484,1518,0.1388
35,1490,1525,0.1388
34,1496,1530,0.1388
33,1494,1527,0.1388
35,1500,1535,0.1388
35,1482,1517,0.1388
34,1495,1529,0.1388
33,1511,1544,0.1388
33,1499,1532,0.1388
32,1487,1519,0.1388
32,1472,1504,0.1388
30,1463,1493,0.1388
29,1466,1495,0.1388
30,1476,1506,0.1388
31,1485,1516,0.1388
30,1480,1510,0.1388
31,1484,1515,0.1388
30,1489,1519,0.1388
31,1493,1524,0.1388
31,1486,1517,0.1388
29,1477,1506,0.1388
29,1486,1515,0.1388
30,1482,1512,0.1388
32,1483,1515,0.1388
32,1489,1521,0.1388
32,1489,1521,0.1388
32,1480,1512,0.1388
31,1489,1520,0.1388
29,1484,1513,0.1388
28,1473,1501,0.1388
30,1469,1499,0.1388
34,1474,1508,0.1388
33,1480,1513,0.1388
34,1478,1512,0.1388
35,1468,1503,0.1388
33,1469,1502,0.1388
34,1463,1497,0.1388
35,1458,1493,0.1388
34,1471,1505,0.1388
34,1476,1510,0.1388
34,1481,1515,0.1388
34,1484,1518,0.1388
33,1478,1511,0.1388
33,1469,1502,0.1388
34,1457,1491,0.1388
35,1472,1507,0.1388
34,1474,1508,0.1388
32,1483,1515,0.1388
30,1482,1512,0.1388
31,1489,1520,0.1388
31,1489,1520,0.1388
30,1488,1518,0.1388
29,1492,1521,0.1388
29,1487,1516,0.1388
28,1488,1516,0.1388
29,1492,1521,0.1388
29,1485,1514,0.1388
28,1470,1498,0.1388
28,1477,1505,0.1388
28,1479,1507,0.1388
26,1481,1507,0.1388
27,1480,1507,0.1388
26,1479,1505,0.1388
29,1471,1500,0.1388
28,1482,1510,0.1388
29,1500,1529,0.1388
29,1499,1528,0.1388
28,1487,1515,0.1388
28,1494,1522,0.1388
28,1482,1510,0.1388
24,1488,1512,0.1388
23,1484,1507,0.1388
25,1479,1504,0.1388
25,1487,1512,0.1388
24,1496,1520,0.1388
24,1495,1519,0.1388
22,1488,1510,0.1388
24,1489,1513,0.1388
24,1489,1513,0.1388
24,1486,1510,0.1388
23,1490,1513,0.1388
25,1493,1518,0.1388
25,1499,1524,0.1388
23,1502,1525,0.1388
24,1493,1517,0.1388
24,1495,1519,0.1388
24,1493,1517,0.1388
24,1495,1519,0.1388
24,1492,1516,0.1388
23,1489,1512,0.1388
24,1500,1524,0.1388
25,1497,1522,0.1388
24,1498,1522,0.1388
24,1494,1518,0.1388
24,1501,1525,0.1388
22,1501,1523,0.1388
21,1495,1516,0.1388
22,1497,1519,0.1388
23,1495,1518,0.1388
23,1482,1505,0.1388
23,1467,1490,0.1388
23,1472,1495,0.1388
24,1468,1492,0.1388
23,1480,1503,0.1388
22,1491,1513,0.1388
23,1486,1509,0.1388
24,1489,1513,0.1388
26,1494,1520,0.1388
25,1501,1526,0.1388
24,1507,1531,0.1388
23,1501,1524,0.1388
23,1492,1515,0.1388
23,1500,1523,0.1388
23,1501,1524,0.1388
23,1493,1516,0.1388
22,1499,1521,0.1388
20,1500,1520,0.1388
21,1491,1512,0.1388
22,1501,1523,0.1388
22,1508,1530,0.1388
21,1505,1526,0.1388
23,1507,1530,0.1388
21,1496,1517,0.1388
22,1501,1523,0.1388
23,1494,1517,0.1388
23,1492,1515,0.1388
24,1486,1510,0.1388
23,1486,1509,0.1388
24,1508,1532,0.1388
22,1499,1521,0.1388
21,1505,1526,0.1388
22,1500,1522,0.1388
22,1492,1514,0.1388
22,1502,1524,0.1388
22,1497,1519,0.1388
22,1498,1520,0.1388
22,1490,1512,0.1388
21,1496,1517,0.1388
23,1496,1519,0.1388
21,1494,1515,0.1388
21,1487,1508,0.1388
21,1490,1511,0.1388
20,1491,1511,0.1388
22,1495,1517,0.1388
23,1493,1516,0.1388
24,1494,1518,0.1388
24,1490,1514,0.1388
24,1494,1518,0.1388
22,1496,1518,0.1388
21,1494,1515,0.1388
20,1492,1512,0.1388
20,1496,1516,0.1388
20,1501,1521,0.1388
19,1502,1521,0.1388
19,1514,1533,0.1388
19,1506,1525,0.1388
19,1517,1536,0.1388
19,1512,1531,0.1388
20,1497,1517,0.1388
19,1496,1515,0.1388
18,1499,1517,0.1388
20,1506,1526,0.1388
21,1498,1519,0.1388
21,1497,1518,0.1388
21,1500,1521,0.1388
20,1498,1518,0.1388
20,1515,1535,0.1388
20,1512,1532,0.1388
20,1502,1522,0.1388
19,1506,1525,0.1388
19,1504,1523,0.1388
19,1510,1529,0.1388
19,1496,1515,0.1388
19,1487,1506,0.1388
19,1491,1510,0.1388
21,1489,1510,0.1388
19,1502,1521,0.1388
19,1508,1527,0.1388
19,1507,1526,0.1388
20,1499,1519,0.1388
21,1493,1514,0.1388
21,1494,1515,0.1388
20,1496,1516,0.1388
20,1507,1527,0.1388
20,1510,1530,0.1388
20,1496,1516,0.1388
20,1500,1520,0.1388
20,1509,1529,0.1388
20,1501,1521,0.1388
20,1499,1519,0.1388
19,1490,1509,0.1388
19,1483,1502,0.1388
17,1478,1495,0.1388
16,1489,1505,0.1388
17,1485,1502,0.1388
17,1482,1499,0.1388
16,1495,1511,0.1388
14,1486,1500,0.1388
14,1492,1506,0.1388
14,1498,1512,0.1388
12,1501,1513,0.1388
12,1501,1513,0.1388
13,1511,1524,0.1388
13,1512,1525,0.1388
13,1507,1520,0.1388
14,1505,1519,0.1388
14,1493,1507,0.1388
13,1488,1501,0.1388
12,1509,1521,0.1388
12,1506,1518,0.1388
11,1501,1512,0.1388
10,1493,1503,0.1388
10,1483,1493,0.1388
10,1496,1506,0.1388
10,1502,1512,0.1388
9,1499,1508,0.1388
9,1488,1497,0.1388
8,1501,1509,0.1388
9,1509,1518,0.1388
9,1500,1509,0.1388
9,1490,1499,0.1388
9,1497,1506,0.1388
9,1502,1511,0.1388
9,1501,1510,0.1388
8,1507,1515,0.1388
8,1504,1512,0.1388
8,1502,1510,0.1388
7,1509,1516,0.1388
6,1511,1517,0.1388
6,1517,1523,0.1388
7,1507,1514,0.1388
7,1511,1518,0.1388
8,1519,1527,0.1388
8,1519,1527,0.1388
8,1508,1516,0.1388
8,1508,1516,0.1388
8,1505,1513,0.1388
8,1508,1516,0.1388
8,1507,1515,0.1388
8,1516,1524,0.1388
8,1519,1527,0.1388
8,1499,1507,0.1388
9,1477,1486,0.1388
9,1488,1497,0.1388
8,1494,1502,0.1388
8,1498,1506,0.1388
7,1509,1516,0.1388
7,1498,1505,0.1388
7,1490,1497,0.1388
6,1507,1513,0.1388
5,1502,1507,0.1388
5,1518,1523,0.1388
5,1516,1521,0.1388
5,1519,1524,0.1388
5,1516,1521,0.1388
5,1521,1526,0.1388
5,1524,1529,0.1388
5,1526,1531,0.1388
5,1526,1531,0.1388
5,1526,1531,0.1388
5,1526,1531,0.1388
5,1513,1518,0.1388
5,1515,1520,0.1388
4,1514,1518,0.1388
4,1516,1520,0.1388
4,1521,1525,0.1388
3,1521,1524,0.1388
3,1518,1521,0.1388
3,1512,1515,0.1388
3,1509,1512,0.1388
4,1504,1508,0.1388
4,1514,1518,0.1388
4,1527,1531,0.1388
4,1516,1520,0.1388
4,1512,1516,0.1388
4,1512,1516,0.1388
4,1519,1523,0.1388
4,1507,1511,0.1388
4,1511,1515,0.1388
4,1516,1520,0.1388
4,1513,1517,0.1388
4,1495,1499,0.1388
4,1507,1511,0.1388
4,1505,1509,0.1388
4,1507,1511,0.1388
3,1510,1513,0.1388
3,1503,1506,0.1388
3,1504,1507,0.1388
3,1514,1517,0.1388
3,1496,1499,0.1388
3,1498,1501,0.1388
3,1507,1510,0.1388
3,1515,1518,0.1388
3,1513,1516,0.1388
3,1516,1519,0.1388
3,1522,1525,0.1388
3,1522,1525,0.1388
2,1511,1513,0.1388
1,1515,1516,0.1388
1,1514,1515,0.1388
1,1509,1510,0.1388
1,1524,1525,0.1388
1,1502,1503,0.1388
1,1516,1517,0.1388
1,1525,1526,0.1388
1,1521,1522,0.1388
1,1511,1512,0.1388
1,1520,1521,0.1388
1,1511,1512,0.1388
1,1514,1515,0.1388
1,1520,1521,0.1388
1,1508,1509,0.1388
1,1514,1515,0.1388
1,1504,1505,0.1388
1,1503,1504,0.1388
1,1508,1509,0.1388
1,1513,1514,0.1388
1,1511,1512,0.1388
3,1514,1517,0.1388
3,1500,1503,0.1388
3,1503,1506,0.1388
3,1513,1516,0.1388
3,1513,1516,0.1388
3,1516,1519,0.1388
3,1519,1522,0.1388
3,1517,1520,0.1388
3,1511,1514,0.1388
3,1515,1518,0.1388
3,1515,1518,0.1388
3,1488,1491,0.1388
5,1502,1507,0.1388
5,1502,1507,0.1388
5,1517,1522,0.1388
4,1507,1511,0.1388
5,1515,1520,0.1388
5,1511,1516,0.1388
4,1503,1507,0.1388
4,1506,1510,0.1388
5,1490,1495,0.1388
5,1494,1499,0.1388
5,1499,1504,0.1388
6,1514,1520,0.1388
6,1513,1519,0.1388
6,1498,1504,0.1388
6,1507,1513,0.1388
6,1508,1514,0.1388
6,1516,1522,0.1388
5,1517,1522,0.1388
4,1503,1507,0.1388
4,1514,1518,0.1388
4,1523,1527,0.1388
4,1502,1506,0.1388
4,1505,1509,0.1388
4,1505,1509,0.1388
4,1508,1512,0.1388
4,1512,1516,0.1388
3,1512,1515,0.1388
3,1523,1526,0.1388
3,1517,1520,0.1388
2,1526,1528,0.1388
2,1523,1525,0.1388
2,1529,1531,0.1388
2,1532,1534,0.1388
2,1513,1515,0.1388
2,1516,1518,0.1388
2,1520,1522,0.1388
2,1518,1520,0.1388
2,1518,1520,0.1388
2,1510,1512,0.1388
2,1510,1512,0.1388
2,1511,1513,0.1388
2,1507,1509,0.1388
2,1498,1500,0.1388
3,1492,1495,0.1388
3,1511,1514,0.1388
3,1503,1506,0.1388
3,1508,1511,0.1388
3,1509,1512,0.1388
3,1522,1525,0.1388
3,1513,1516,0.1388
3,1525,1528,0.1388
3,1514,1517,0.1388
3,1515,1518,0.1388
3,1517,1520,0.1388
3,1527,1530,0.1388
3,1520,1523,0.1388
3,1512,1515,0.1388
3,1519,1522,0.1388
3,1525,1528,0.1388
3,1515,1518,0.1388
3,1506,1509,0.1388
2,1520,1522,0.1388
2,1526,1528,0.1388
3,1526,1529,0.1388
2,1512,1514,0.1388
3,1526,1529,0.1388
3,1524,1527,0.1388
2,1534,1536,0.1388
2,1522,1524,0.1388
2,1515,1517,0.1388
2,1522,1524,0.1388
3,1528,1531,0.1388
3,1518,1521,0.1388
3,1530,1533,0.1388
4,1525,1529,0.1388
4,1522,1526,0.1388
4,1520,1524,0.1388
4,1516,1520,0.1388
4,1515,1519,0.1388
4,1510,1514,0.1388
3,1516,1519,0.1388
3,1523,1526,0.1388
2,1523,1525,0.1388
1,1515,1516,0.1388
1,1513,1514,0.1388
1,1507,1508,0.1388
1,1506,1507,0.1388
1,1506,1507,0.1388
1,1508,1509,0.1388
2,1506,1508,0.1388
2,1520,1522,0.1388
2,1507,1509,0.1388
1,1503,1504,0.1388
1,1514,1515,0.1388
1,1512,1513,0.1388
1,1525,1526,0.1388
1,1529,1530,0.1388
1,1522,1523,0.1388
1,1507,1508,0.1388
1,1516,1517,0.1388
1,1522,1523,0.1388
1,1526,1527,0.1388
1,1518,1519,0.1388
1,1518,1519,0.1388
1,1509,1510,0.1388
1,1522,1523,0.1388
1,1508,1509,0.1388
1,1527,1528,0.1388
1,1527,1528,0.1388
1,1519,1520,0.1388
1,1511,1512,0.1388
1,1517,1518,0.1388
0,1516,1516,0.1388
