1353,28,1381,0.1388
1380,31,1411,0.1388
1415,31,1446,0.1388
1434,33,1467,0.1388
1425,35,1460,0.1388
1448,35,1483,0.1388
1445,36,1481,0.1388
1450,38,1488,0.1388
1448,40,1488,0.1388
1432,40,1472,0.1388
1430,39,1469,0.1388
1434,40,1474,0.1388
1436,41,1477,0.1388
1413,41,1454,0.1388
1423,39,1462,0.1388
1436,39,1475,0.1388
1444,40,1484,0.1388
1448,41,1489,0.1388
1442,44,1486,0.1388
1431,44,1475,0.1388
1437,44,1481,0.1388
1441,46,1487,0.1388
1439,48,1487,0.1388
1431,50,1481,0.1388
1431,51,1482,0.1388
1420,47,1467,0.1388
1421,46,1467,0.1388
1431,50,1481,0.1388
1439,54,1493,0.1388
1443,54,1497,0.1388
1433,54,1487,0.1388
1434,55,1489,0.1388
1433,55,1488,0.1388
1449,55,1504,0.1388
1446,55,1501,0.1388
1446,57,1503,0.1388
1445,56,1501,0.1388
1439,55,1494,0.1388
1445,54,1499,0.1388
1449,53,1502,0.1388
1442,54,1496,0.1388
1443,54,1497,0.1388
1450,54,1504,0.1388
1439,54,1493,0.1388
1442,53,1495,0.1388
1452,55,1507,0.1388
1447,56,1503,0.1388
1440,56,1496,0.1388
1442,57,1499,0.1388
1425,55,1480,0.1388
1436,60,1496,0.1388
1439,60,1499,0.1388
1441,62,1503,0.1388
1439,61,1500,0.1388
1429,61,1490,0.1388
1427,62,1489,0.1388
1436,64,1500,0.1388
1425,66,1491,0.1388
1424,68,1492,0.1388
1436,69,1505,0.1388
1433,67,1500,0.1388
1447,65,1512,0.1388
1454,64,1518,0.1388
1442,66,1508,0.1388
1426,65,1491,0.1388
1429,64,1493,0.1388
1426,64,1490,0.1388
1426,63,1489,0.1388
1426,64,1490,0.1388
1426,64,1490,0.1388
1437,64,1501,0.1388
1433,66,1499,0.1388
1443,66,1509,0.1388
1427,62,1489,0.1388
1426,64,1490,0.1388
1431,66,1497,0.1388
1433,64,1497,0.1388
1443,66,1509,0.1388
1428,65,1493,0.1388
1430,67,1497,0.1388
1430,66,1496,0.1388
1435,68,1503,0.1388
1437,67,1504,0.1388
1441,68,1509,0.1388
1440,69,1509,0.1388
1434,70,1504,0.1388
1429,69,1498,0.1388
1412,69,1481,0.1388
1407,71,1478,0.1388
1424,73,1497,0.1388
1420,75,1495,0.1388
1424,76,1500,0.1388
1429,76,1505,0.1388
1413,78,1491,0.1388
1412,76,1488,0.1388
1417,77,1494,0.1388
1410,75,1485,0.1388
1413,76,1489,0.1388
1414,78,1492,0.1388
1417,79,1496,0.1388
1417,83,1500,0.1388
1425,83,1508,0.1388
1416,84,1500,0.1388
1406,83,1489,0.1388
1400,84,1484,0.1388
1400,86,1486,0.1388
1422,87,1509,0.1388
1412,87,1499,0.1388
1409,89,1498,0.1388
1404,89,1493,0.1388
1403,89,1492,0.1388
1403,91,1494,0.1388
1403,94,1497,0.1388
1388,97,1485,0.1388
1384,95,1479,0.1388
1385,97,1482,0.1388
1374,96,1470,0.1388
1367,97,1464,0.1388
1378,100,1478,0.1388
1389,100,1489,0.1388
1393,100,1493,0.1388
1379,99,1478,0.1388
1385,101,1486,0.1388
1383,101,1484,0.1388
1386,104,1490,0.1388
1377,106,1483,0.1388
1385,107,1492,0.1388
1393,108,1501,0.1388
1389,100,1489,0.1388
1381,101,1482,0.1388
1387,102,1489,0.1388
1384,100,1484,0.1388
1388,99,1487,0.1388
1385,100,1485,0.1388
1387,104,1491,0.1388
1399,106,1505,0.1388
1409,107,1516,0.1388
1398,102,1500,0.1388
1410,101,1511,0.1388
1399,99,1498,0.1388
1402,99,1501,0.1388
1397,98,1495,0.1388
1389,102,1491,0.1388
1393,100,1493,0.1388
1388,99,1487,0.1388
1387,100,1487,0.1388
1393,99,1492,0.1388
1407,100,1507,0.1388
1398,102,1500,0.1388
1395,106,1501,0.1388
1382,109,1491,0.1388
1367,112,1479,0.1388
1365,112,1477,0.1388
1364,113,1477,0.1388
1367,114,1481,0.1388
1381,113,1494,0.1388
1370,113,1483,0.1388
1367,114,1481,0.1388
1366,115,1481,0.1388
1364,117,1481,0.1388
1368,118,1486,0.1388
1391,117,1508,0.1388
1380,120,1500,0.1388
1360,122,1482,0.1388
1361,125,1486,0.1388
1361,126,1487,0.1388
1366,129,1495,0.1388
1357,127,1484,0.1388
1351,128,1479,0.1388
1353,128,1481,0.1388
1347,128,1475,0.1388
1337,136,1473,0.1388
1345,136,1481,0.1388
1356,133,1489,0.1388
1357,138,1495,0.1388
1357,139,1496,0.1388
1351,141,1492,0.1388
1342,146,1488,0.1388
1355,145,1500,0.1388
1353,146,1499,0.1388
1345,149,1494,0.1388
1341,151,1492,0.1388
1340,153,1493,0.1388
1329,154,1483,0.1388
1312,150,1462,0.1388
1331,148,1479,0.1388
1341,142,1483,0.1388
1348,149,1497,0.1388
1347,145,1492,0.1388
1333,141,1474,0.1388
1333,137,1470,0.1388
1340,139,1479,0.1388
1355,141,1496,0.1388
1348,140,1488,0.1388
1347,140,1487,0.1388
1345,144,1489,0.1388
1347,150,1497,0.1388
1332,148,1480,0.1388
1327,153,1480,0.1388
1330,150,1480,0.1388
1338,149,1487,0.1388
1351,146,1497,0.1388
1343,149,1492,0.1388
1346,150,1496,0.1388
1351,146,1497,0.1388
1354,144,1498,0.1388
1356,143,1499,0.1388
1359,141,1500,0.1388
1352,140,1492,0.1388
1350,145,1495,0.1388
1349,146,1495,0.1388
1345,141,1486,0.1388
1340,144,1484,0.1388
1344,145,1489,0.1388
1341,149,1490,0.1388
1350,145,1495,0.1388
1354,145,1499,0.1388
1363,144,1507,0.1388
1353,142,1495,0.1388
1339,143,1482,0.1388
1344,147,1491,0.1388
1349,148,1497,0.1388
1345,150,1495,0.1388
1340,146,1486,0.1388
1338,146,1484,0.1388
1342,151,1493,0.1388
1336,150,1486,0.1388
1339,150,1489,0.1388
1351,154,1505,0.1388
1354,155,1509,0.1388
1353,156,1509,0.1388
1345,153,1498,0.1388
1332,153,1485,0.1388
1342,153,1495,0.1388
1339,152,1491,0.1388
1349,154,1503,0.1388
1359,155,1514,0.1388
1348,154,1502,0.1388
1346,154,1500,0.1388
1340,155,1495,0.1388
1345,157,1502,0.1388
1338,162,1500,0.1388
1337,164,1501,0.1388
1335,163,1498,0.1388
1340,163,1503,0.1388
1336,164,1500,0.1388
1341,169,1510,0.1388
1344,170,1514,0.1388
1348,166,1514,0.1388
1345,163,1508,0.1388
1341,165,1506,0.1388
1337,165,1502,0.1388
1331,164,1495,0.1388
1325,168,1493,0.1388
1322,172,1494,0.1388
1314,171,1485,0.1388
1308,168,1476,0.1388
1320,168,1488,0.1388
1316,167,1483,0.1388
1328,169,1497,0.1388
1321,175,1496,0.1388
1316,180,1496,0.1388
1322,178,1500,0.1388
1316,180,1496,0.1388
1310,182,1492,0.1388
1316,180,1496,0.1388
1303,182,1485,0.1388
1301,174,1475,0.1388
1310,175,1485,0.1388
1316,174,1490,0.1388
1314,182,1496,0.1388
1311,180,1491,0.1388
1319,182,1501,0.1388
1316,181,1497,0.1388
1321,184,1505,0.1388
1323,183,1506,0.1388
1319,188,1507,0.1388
1321,184,1505,0.1388
1312,186,1498,0.1388
1323,186,1509,0.1388
1331,188,1519,0.1388
1331,186,1517,0.1388
1322,182,1504,0.1388
1325,182,1507,0.1388
1305,186,1491,0.1388
1307,182,1489,0.1388
1318,185,1503,0.1388
1314,188,1502,0.1388
1301,186,1487,0.1388
1312,187,1499,0.1388
1300,184,1484,0.1388
1307,184,1491,0.1388
1306,186,1492,0.1388
1304,186,1490,0.1388
1312,186,1498,0.1388
1311,190,1501,0.1388
1307,187,1494,0.1388
1296,190,1486,0.1388
1289,188,1477,0.1388
1296,192,1488,0.1388
1303,198,1501,0.1388
1306,198,1504,0.1388
1312,201,1513,0.1388
1308,204,1512,0.1388
1307,200,1507,0.1388
1307,204,1511,0.1388
1311,200,1511,0.1388
1317,199,1516,0.1388
1306,200,1506,0.1388
1295,198,1493,0.1388
1305,204,1509,0.1388
1301,205,1506,0.1388
1288,208,1496,0.1388
1280,211,1491,0.1388
1279,213,1492,0.1388
1277,215,1492,0.1388
1276,214,1490,0.1388
1287,212,1499,0.1388
1275,210,1485,0.1388
1262,217,1479,0.1388
1277,220,1497,0.1388
1274,216,1490,0.1388
1272,214,1486,0.1388
1268,215,1483,0.1388
1260,208,1468,0.1388
1255,215,1470,0.1388
1264,217,1481,0.1388
1269,217,1486,0.1388
1268,223,1491,0.1388
1268,225,1493,0.1388
1261,225,1486,0.1388
1277,224,1501,0.1388
1273,223,1496,0.1388
1274,223,1497,0.1388
1280,223,1503,0.1388
1272,225,1497,0.1388
1277,227,1504,0.1388
1269,227,1496,0.1388
1275,234,1509,0.1388
1264,236,1500,0.1388
1274,236,1510,0.1388
1269,237,1506,0.1388
1259,234,1493,0.1388
1250,237,1487,0.1388
1255,240,1495,0.1388
1252,248,1500,0.1388
1255,248,1503,0.1388
1249,243,1492,0.1388
1245,246,1491,0.1388
1232,251,1483,0.1388
1243,248,1491,0.1388
1243,258,1501,0.1388
1224,260,1484,0.1388
1229,256,1485,0.1388
1238,254,1492,0.1388
1234,257,1491,0.1388
1258,257,1515,0.1388
1266,253,1519,0.1388
1260,254,1514,0.1388
1249,256,1505,0.1388
1252,257,1509,0.1388
1239,253,1492,0.1388
1225,256,1481,0.1388
1228,262,1490,0.1388
1237,264,1501,0.1388
1240,258,1498,0.1388
1227,258,1485,0.1388
1237,261,1498,0.1388
1244,268,1512,0.1388
1242,269,1511,0.1388
1240,267,1507,0.1388
1227,271,1498,0.1388
1227,268,1495,0.1388
1230,266,1496,0.1388
1223,267,1490,0.1388
1218,270,1488,0.1388
1226,269,1495,0.1388
1224,270,1494,0.1388
1225,270,1495,0.1388
1218,273,1491,0.1388
1223,275,1498,0.1388
1215,275,1490,0.1388
1214,274,1488,0.1388
1227,270,1497,0.1388
1218,276,1494,0.1388
1208,269,1477,0.1388
1220,272,1492,0.1388
1223,268,1491,0.1388
1234,268,1502,0.1388
1234,269,1503,0.1388
1229,271,1500,0.1388
1226,266,1492,0.1388
1221,267,1488,0.1388
1220,267,1487,0.1388
1218,271,1489,0.1388
1216,269,1485,0.1388
1221,270,1491,0.1388
1216,269,1485,0.1388
1222,270,1492,0.1388
1221,274,1495,0.1388
1225,285,1510,0.1388
1223,286,1509,0.1388
1236,282,1518,0.1388
1237,282,1519,0.1388
1233,284,1517,0.1388
1228,281,1509,0.1388
1218,280,1498,0.1388
1209,285,1494,0.1388
1217,287,1504,0.1388
1206,284,1490,0.1388
1204,282,1486,0.1388
1209,288,1497,0.1388
1208,289,1497,0.1388
1199,285,1484,0.1388
1197,291,1488,0.1388
1202,288,1490,0.1388
1211,284,1495,0.1388
1214,283,1497,0.1388
1205,289,1494,0.1388
1199,289,1488,0.1388
1198,294,1492,0.1388
1198,301,1499,0.1388
1195,305,1500,0.1388
1195,308,1503,0.1388
1190,306,1496,0.1388
1191,305,1496,0.1388
1184,313,1497,0.1388
1182,310,1492,0.1388
1181,308,1489,0.1388
1185,310,1495,0.1388
1192,310,1502,0.1388
1186,317,1503,0.1388
1184,314,1498,0.1388
1179,317,1496,0.1388
1164,314,1478,0.1388
1176,311,1487,0.1388
1190,308,1498,0.1388
1178,313,1491,0.1388
1173,312,1485,0.1388
1181,311,1492,0.1388
1176,315,1491,0.1388
1172,315,1487,0.1388
1177,311,1488,0.1388
1171,316,1487,0.1388
1173,310,1483,0.1388
1172,311,1483,0.1388
1181,318,1499,0.1388
1173,323,1496,0.1388
1174,324,1498,0.1388
1181,321,1502,0.1388
1174,322,1496,0.1388
1173,323,1496,0.1388
1182,328,1510,0.1388
1184,326,1510,0.1388
1161,329,1490,0.1388
1158,328,1486,0.1388
1165,326,1491,0.1388
1165,330,1495,0.1388
1162,336,1498,0.1388
1162,339,1501,0.1388
1156,340,1496,0.1388
1155,336,1491,0.1388
1139,341,1480,0.1388
1140,342,1482,0.1388
1155,348,1503,0.1388
1162,349,1511,0.1388
1139,350,1489,0.1388
1142,348,1490,0.1388
1142,351,1493,0.1388
1139,348,1487,0.1388
1135,349,1484,0.1388
1133,346,1479,0.1388
1144,351,1495,0.1388
1141,353,1494,0.1388
1134,357,1491,0.1388
1150,356,1506,0.1388
1157,350,1507,0.1388
1155,350,1505,0.1388
1154,343,1497,0.1388
1159,346,1505,0.1388
1163,347,1510,0.1388
1163,349,1512,0.1388
1159,352,1511,0.1388
1155,357,1512,0.1388
1142,357,1499,0.1388
1160,357,1517,0.1388
1159,347,1506,0.1388
1163,353,1516,0.1388
1153,349,1502,0.1388
1153,346,1499,0.1388
1154,346,1500,0.1388
1159,348,1507,0.1388
1157,349,1506,0.1388
1146,344,1490,0.1388
1146,343,1489,0.1388
1141,344,1485,0.1388
1149,346,1495,0.1388
1160,346,1506,0.1388
1159,344,1503,0.1388
1141,346,1487,0.1388
1138,346,1484,0.1388
1127,347,1474,0.1388
1144,348,1492,0.1388
1143,349,1492,0.1388
1158,349,1507,0.1388
1154,348,1502,0.1388
1157,354,1511,0.1388
1148,353,1501,0.1388
1141,354,1495,0.1388
1132,357,1489,0.1388
1140,354,1494,0.1388
1140,359,1499,0.1388
1128,356,1484,0.1388
1131,359,1490,0.1388
1138,364,1502,0.1388
1123,363,1486,0.1388
1123,362,1485,0.1388
1122,359,1481,0.1388
1125,363,1488,0.1388
1114,366,1480,0.1388
1131,370,1501,0.1388
1128,370,1498,0.1388
1125,373,1498,0.1388
1121,377,1498,0.1388
1118,380,1498,0.1388
1115,383,1498,0.1388
1111,377,1488,0.1388
1111,384,1495,0.1388
1113,392,1505,0.1388
1120,388,1508,0.1388
1116,388,1504,0.1388
1122,385,1507,0.1388
1129,387,1516,0.1388
1117,392,1509,0.1388
1111,395,1506,0.1388
1124,390,1514,0.1388
1129,390,1519,0.1388
1125,391,1516,0.1388
1112,393,1505,0.1388
1106,397,1503,0.1388
1110,396,1506,0.1388
1104,398,1502,0.1388
1101,401,1502,0.1388
1093,402,1495,0.1388
1100,397,1497,0.1388
1088,405,1493,0.1388
1082,409,1491,0.1388
1088,405,1493,0.1388
1075,409,1484,0.1388
1077,414,1491,0.1388
1086,416,1502,0.1388
1095,416,1511,0.1388
1090,414,1504,0.1388
1093,412,1505,0.1388
1097,415,1512,0.1388
1093,416,1509,0.1388
1108,422,1530,0.1388
1111,417,1528,0.1388
1103,413,1516,0.1388
1104,404,1508,0.1388
1102,404,1506,0.1388
1095,408,1503,0.1388
1091,409,1500,0.1388
1094,406,1500,0.1388
1098,405,1503,0.1388
1095,401,1496,0.1388
1094,401,1495,0.1388
1093,403,1496,0.1388
1103,409,1512,0.1388
1090,410,1500,0.1388
1083,411,1494,0.1388
1083,417,1500,0.1388
1084,417,1501,0.1388
1073,421,1494,0.1388
1072,418,1490,0.1388
1083,414,1497,0.1388
1080,414,1494,0.1388
1081,410,1491,0.1388
1090,413,1503,0.1388
1083,417,1500,0.1388
1076,418,1494,0.1388
1063,426,1489,0.1388
1065,422,1487,0.1388
1073,419,1492,0.1388
1073,419,1492,0.1388
1074,423,1497,0.1388
1077,413,1490,0.1388
1070,420,1490,0.1388
1088,417,1505,0.1388
1079,423,1502,0.1388
1078,429,1507,0.1388
1082,421,1503,0.1388
1085,422,1507,0.1388
1079,421,1500,0.1388
1073,425,1498,0.1388
1076,422,1498,0.1388
1063,426,1489,0.1388
1074,425,1499,0.1388
1076,431,1507,0.1388
1067,434,1501,0.1388
1075,435,1510,0.1388
1085,423,1508,0.1388
1082,424,1506,0.1388
1079,422,1501,0.1388
1074,430,1504,0.1388
1066,438,1504,0.1388
1054,435,1489,0.1388
1059,437,1496,0.1388
1058,440,1498,0.1388
1058,445,1503,0.1388
1047,451,1498,0.1388
1036,446,1482,0.1388
1038,452,1490,0.1388
1045,453,1498,0.1388
1041,459,1500,0.1388
1036,458,1494,0.1388
1041,462,1503,0.1388
1042,461,1503,0.1388
1033,462,1495,0.1388
1031,463,1494,0.1388
1033,469,1502,0.1388
1032,466,1498,0.1388
1027,471,1498,0.1388
1027,479,1506,0.1388
1022,484,1506,0.1388
1015,484,1499,0.1388
1015,474,1489,0.1388
1021,478,1499,0.1388
1029,480,1509,0.1388
1022,474,1496,0.1388
1022,482,1504,0.1388
1025,476,1501,0.1388
1028,483,1511,0.1388
1014,477,1491,0.1388
1017,481,1498,0.1388
1024,497,1521,0.1388
1009,502,1511,0.1388
1009,497,1506,0.1388
1001,502,1503,0.1388
1004,499,1503,0.1388
1000,497,1497,0.1388
1003,502,1505,0.1388
999,495,1494,0.1388
1011,495,1506,0.1388
997,495,1492,0.1388
1003,499,1502,0.1388
1005,487,1492,0.1388
991,492,1483,0.1388
997,494,1491,0.1388
989,500,1489,0.1388
990,500,1490,0.1388
981,504,1485,0.1388
984,507,1491,0.1388
988,512,1500,0.1388
980,508,1488,0.1388
978,509,1487,0.1388
991,511,1502,0.1388
990,516,1506,0.1388
989,520,1509,0.1388
984,522,1506,0.1388
982,511,1493,0.1388
982,519,1501,0.1388
973,525,1498,0.1388
977,520,1497,0.1388
971,524,1495,0.1388
967,525,1492,0.1388
963,528,1491,0.1388
955,534,1489,0.1388
960,533,1493,0.1388
959,536,1495,0.1388
966,536,1502,0.1388
970,537,1507,0.1388
968,538,1506,0.1388
957,540,1497,0.1388
958,541,1499,0.1388
958,541,1499,0.1388
957,545,1502,0.1388
955,538,1493,0.1388
959,542,1501,0.1388
954,545,1499,0.1388
966,545,1511,0.1388
971,549,1520,0.1388
949,543,1492,0.1388
954,549,1503,0.1388
962,554,1516,0.1388
959,560,1519,0.1388
964,557,1521,0.1388
967,546,1513,0.1388
954,551,1505,0.1388
951,549,1500,0.1388
954,561,1515,0.1388
948,554,1502,0.1388
959,552,1511,0.1388
958,560,1518,0.1388
944,564,1508,0.1388
945,570,1515,0.1388
945,560,1505,0.1388
955,565,1520,0.1388
947,562,1509,0.1388
939,557,1496,0.1388
930,561,1491,0.1388
926,566,1492,0.1388
913,568,1481,0.1388
910,566,1476,0.1388
922,562,1484,0.1388
930,553,1483,0.1388
930,556,1486,0.1388
938,561,1499,0.1388
944,562,1506,0.1388
945,566,1511,0.1388
936,560,1496,0.1388
935,560,1495,0.1388
939,565,1504,0.1388
943,572,1515,0.1388
935,573,1508,0.1388
926,577,1503,0.1388
933,580,1513,0.1388
925,573,1498,0.1388
922,579,1501,0.1388
924,569,1493,0.1388
919,571,1490,0.1388
924,576,1500,0.1388
932,565,1497,0.1388
938,564,1502,0.1388
933,573,1506,0.1388
925,569,1494,0.1388
923,566,1489,0.1388
940,564,1504,0.1388
941,575,1516,0.1388
939,574,1513,0.1388
929,582,1511,0.1388
928,577,1505,0.1388
935,574,1509,0.1388
928,573,1501,0.1388
929,566,1495,0.1388
934,573,1507,0.1388
943,572,1515,0.1388
940,573,1513,0.1388
943,569,1512,0.1388
948,567,1515,0.1388
930,567,1497,0.1388
928,574,1502,0.1388
924,569,1493,0.1388
920,571,1491,0.1388
932,576,1508,0.1388
946,572,1518,0.1388
944,573,1517,0.1388
934,576,1510,0.1388
932,578,1510,0.1388
936,580,1516,0.1388
944,581,1525,0.1388
937,570,1507,0.1388
935,572,1507,0.1388
928,564,1492,0.1388
922,572,1494,0.1388
912,568,1480,0.1388
913,567,1480,0.1388
917,571,1488,0.1388
921,577,1498,0.1388
929,573,1502,0.1388
922,577,1499,0.1388
925,583,1508,0.1388
930,586,1516,0.1388
935,588,1523,0.1388
932,584,1516,0.1388
929,586,1515,0.1388
933,582,1515,0.1388
932,584,1516,0.1388
927,578,1505,0.1388
932,576,1508,0.1388
927,577,1504,0.1388
918,572,1490,0.1388
923,578,1501,0.1388
919,574,1493,0.1388
936,583,1519,0.1388
923,573,1496,0.1388
934,574,1508,0.1388
936,580,1516,0.1388
931,577,1508,0.1388
923,584,1507,0.1388
917,580,1497,0.1388
917,580,1497,0.1388
915,584,1499,0.1388
929,582,1511,0.1388
928,585,1513,0.1388
925,585,1510,0.1388
925,589,1514,0.1388
921,580,1501,0.1388
922,586,1508,0.1388
926,591,1517,0.1388
931,590,1521,0.1388
921,588,1509,0.1388
916,590,1506,0.1388
918,586,1504,0.1388
921,582,1503,0.1388
923,587,1510,0.1388
917,589,1506,0.1388
912,594,1506,0.1388
912,592,1504,0.1388
912,590,1502,0.1388
903,589,1492,0.1388
911,588,1499,0.1388
912,595,1507,0.1388
909,596,1505,0.1388
905,591,1496,0.1388
891,598,1489,0.1388
901,594,1495,0.1388
893,599,1492,0.1388
906,603,1509,0.1388
902,596,1498,0.1388
906,596,1502,0.1388
913,597,1510,0.1388
916,595,1511,0.1388
910,595,1505,0.1388
919,586,1505,0.1388
912,593,1505,0.1388
914,599,1513,0.1388
919,606,1525,0.1388
912,605,1517,0.1388
908,595,1503,0.1388
904,600,1504,0.1388
903,594,1497,0.1388
906,592,1498,0.1388
911,587,1498,0.1388
916,579,1495,0.1388
923,587,1510,0.1388
918,583,1501,0.1388
918,588,1506,0.1388
927,589,1516,0.1388
931,582,1513,0.1388
930,576,1506,0.1388
932,584,1516,0.1388
932,584,1516,0.1388
934,589,1523,0.1388
934,589,1523,0.1388
924,591,1515,0.1388
934,588,1522,0.1388
924,584,1508,0.1388
923,578,1501,0.1388
912,586,1498,0.1388
919,588,1507,0.1388
915,583,1498,0.1388
905,589,1494,0.1388
900,587,1487,0.1388
901,599,1500,0.1388
897,602,1499,0.1388
902,605,1507,0.1388
907,604,1511,0.1388
905,597,1502,0.1388
917,596,1513,0.1388
924,597,1521,0.1388
917,594,1511,0.1388
914,581,1495,0.1388
911,579,1490,0.1388
908,587,1495,0.1388
901,588,1489,0.1388
904,588,1492,0.1388
912,595,1507,0.1388
913,591,1504,0.1388
905,595,1500,0.1388
895,597,1492,0.1388
892,606,1498,0.1388
896,605,1501,0.1388
895,606,1501,0.1388
910,610,1520,0.1388
906,605,1511,0.1388
897,601,1498,0.1388
891,608,1499,0.1388
888,609,1497,0.1388
885,612,1497,0.1388
880,614,1494,0.1388
882,624,1506,0.1388
885,626,1511,0.1388
878,622,1500,0.1388
877,629,1506,0.1388
876,625,1501,0.1388
879,618,1497,0.1388
873,620,1493,0.1388
874,623,1497,0.1388
870,633,1503,0.1388
868,625,1493,0.1388
878,630,1508,0.1388
879,630,1509,0.1388
883,628,1511,0.1388
872,630,1502,0.1388
869,631,1500,0.1388
880,629,1509,0.1388
869,634,1503,0.1388
868,627,1495,0.1388
857,630,1487,0.1388
865,636,1501,0.1388
863,641,1504,0.1388
862,643,1505,0.1388
855,645,1500,0.1388
856,646,1502,0.1388
858,654,1512,0.1388
856,653,1509,0.1388
853,648,1501,0.1388
862,650,1512,0.1388
863,654,1517,0.1388
858,660,1518,0.1388
855,650,1505,0.1388
860,659,1519,0.1388
852,660,1512,0.1388
853,655,1508,0.1388
858,647,1505,0.1388
856,652,1508,0.1388
851,651,1502,0.1388
849,656,1505,0.1388
847,657,1504,0.1388
852,648,1500,0.1388
868,647,1515,0.1388
870,651,1521,0.1388
854,638,1492,0.1388
856,640,1496,0.1388
848,636,1484,0.1388
854,653,1507,0.1388
849,649,1498,0.1388
858,660,1518,0.1388
843,651,1494,0.1388
845,646,1491,0.1388
849,654,1503,0.1388
838,657,1495,0.1388
841,663,1504,0.1388
842,656,1498,0.1388
845,658,1503,0.1388
844,647,1491,0.1388
844,655,1499,0.1388
838,649,1487,0.1388
835,662,1497,0.1388
831,666,1497,0.1388
841,669,1510,0.1388
837,672,1509,0.1388
840,671,1511,0.1388
830,673,1503,0.1388
837,673,1510,0.1388
829,673,1502,0.1388
826,674,1500,0.1388
826,663,1489,0.1388
820,665,1485,0.1388
822,663,1485,0.1388
827,674,1501,0.1388
816,681,1497,0.1388
807,689,1496,0.1388
800,683,1483,0.1388
809,685,1494,0.1388
809,681,1490,0.1388
820,684,1504,0.1388
815,683,1498,0.1388
814,688,1502,0.1388
823,677,1500,0.1388
822,680,1502,0.1388
823,691,1514,0.1388
821,692,1513,0.1388
798,696,1494,0.1388
807,697,1504,0.1388
796,694,1490,0.1388
799,692,1491,0.1388
807,694,1501,0.1388
813,691,1504,0.1388
808,689,1497,0.1388
811,684,1495,0.1388
809,691,1500,0.1388
801,699,1500,0.1388
799,693,1492,0.1388
799,711,1510,0.1388
791,704,1495,0.1388
789,703,1492,0.1388
793,706,1499,0.1388
797,712,1509,0.1388
793,707,1500,0.1388
796,718,1514,0.1388
798,715,1513,0.1388
797,710,1507,0.1388
795,709,1504,0.1388
792,699,1491,0.1388
780,703,1483,0.1388
771,708,1479,0.1388
783,704,1487,0.1388
791,696,1487,0.1388
797,704,1501,0.1388
800,701,1501,0.1388
803,700,1503,0.1388
799,706,1505,0.1388
803,703,1506,0.1388
802,705,1507,0.1388
801,704,1505,0.1388
801,708,1509,0.1388
804,709,1513,0.1388
809,706,1515,0.1388
801,716,1517,0.1388
793,718,1511,0.1388
792,710,1502,0.1388
796,716,1512,0.1388
793,721,1514,0.1388
788,722,1510,0.1388
784,726,1510,0.1388
785,736,1521,0.1388
774,729,1503,0.1388
763,731,1494,0.1388
764,733,1497,0.1388
760,734,1494,0.1388
769,734,1503,0.1388
775,736,1511,0.1388
777,737,1514,0.1388
776,739,1515,0.1388
782,738,1520,0.1388
776,738,1514,0.1388
780,738,1518,0.1388
777,743,1520,0.1388
774,748,1522,0.1388
777,756,1533,0.1388
769,744,1513,0.1388
772,754,1526,0.1388
764,761,1525,0.1388
766,757,1523,0.1388
761,754,1515,0.1388
759,756,1515,0.1388
755,751,1506,0.1388
759,758,1517,0.1388
761,757,1518,0.1388
750,764,1514,0.1388
748,761,1509,0.1388
746,751,1497,0.1388
749,738,1487,0.1388
757,739,1496,0.1388
763,751,1514,0.1388
754,756,1510,0.1388
750,754,1504,0.1388
739,744,1483,0.1388
745,758,1503,0.1388
746,751,1497,0.1388
749,768,1517,0.1388
751,771,1522,0.1388
752,765,1517,0.1388
756,764,1520,0.1388
753,765,1518,0.1388
748,758,1506,0.1388
736,764,1500,0.1388
734,768,1502,0.1388
728,763,1491,0.1388
726,763,1489,0.1388
728,767,1495,0.1388
726,773,1499,0.1388
730,774,1504,0.1388
726,766,1492,0.1388
727,774,1501,0.1388
725,786,1511,0.1388
723,772,1495,0.1388
732,783,1515,0.1388
737,783,1520,0.1388
728,789,1517,0.1388
720,779,1499,0.1388
723,782,1505,0.1388
731,796,1527,0.1388
723,795,1518,0.1388
715,801,1516,0.1388
721,795,1516,0.1388
717,793,1510,0.1388
724,797,1521,0.1388
726,793,1519,0.1388
723,792,1515,0.1388
717,788,1505,0.1388
717,788,1505,0.1388
714,794,1508,0.1388
718,792,1510,0.1388
720,800,1520,0.1388
715,813,1528,0.1388
715,814,1529,0.1388
717,806,1523,0.1388
703,806,1509,0.1388
711,798,1509,0.1388
709,808,1517,0.1388
716,818,1534,0.1388
708,812,1520,0.1388
704,808,1512,0.1388
711,809,1520,0.1388
707,809,1516,0.1388
701,803,1504,0.1388
696,808,1504,0.1388
696,804,1500,0.1388
693,811,1504,0.1388
681,816,1497,0.1388
681,813,1494,0.1388
683,818,1501,0.1388
683,829,1512,0.1388
681,815,1496,0.1388
679,823,1502,0.1388
675,833,1508,0.1388
682,826,1508,0.1388
680,815,1495,0.1388
680,813,1493,0.1388
680,816,1496,0.1388
696,816,1512,0.1388
687,813,1500,0.1388
686,818,1504,0.1388
681,804,1485,0.1388
683,810,1493,0.1388
683,821,1504,0.1388
684,824,1508,0.1388
683,814,1497,0.1388
679,822,1501,0.1388
681,825,1506,0.1388
677,829,1506,0.1388
673,825,1498,0.1388
681,824,1505,0.1388
669,825,1494,0.1388
663,828,1491,0.1388
654,832,1486,0.1388
664,829,1493,0.1388
665,841,1506,0.1388
670,848,1518,0.1388
675,843,1518,0.1388
672,839,1511,0.1388
668,835,1503,0.1388
673,843,1516,0.1388
671,849,1520,0.1388
673,849,1522,0.1388
672,842,1514,0.1388
664,833,1497,0.1388
665,841,1506,0.1388
667,842,1509,0.1388
664,841,1505,0.1388
659,846,1505,0.1388
652,860,1512,0.1388
645,867,1512,0.1388
652,868,1520,0.1388
655,869,1524,0.1388
661,871,1532,0.1388
661,878,1539,0.1388
657,866,1523,0.1388
650,860,1510,0.1388
644,863,1507,0.1388
643,856,1499,0.1388
638,856,1494,0.1388
645,856,1501,0.1388
650,857,1507,0.1388
649,848,1497,0.1388
648,849,1497,0.1388
637,866,1503,0.1388
635,867,1502,0.1388
636,878,1514,0.1388
631,877,1508,0.1388
630,878,1508,0.1388
636,873,1509,0.1388
640,869,1509,0.1388
650,875,1525,0.1388
634,874,1508,0.1388
638,864,1502,0.1388
635,866,1501,0.1388
631,873,1504,0.1388
632,882,1514,0.1388
633,884,1517,0.1388
632,888,1520,0.1388
627,887,1514,0.1388
628,882,1510,0.1388
626,887,1513,0.1388
625,886,1511,0.1388
619,885,1504,0.1388
620,882,1502,0.1388
621,885,1506,0.1388
614,882,1496,0.1388
611,887,1498,0.1388
615,886,1501,0.1388
613,882,1495,0.1388
609,888,1497,0.1388
611,883,1494,0.1388
615,904,1519,0.1388
616,894,1510,0.1388
617,893,1510,0.1388
616,902,1518,0.1388
608,894,1502,0.1388
610,891,1501,0.1388
611,891,1502,0.1388
615,898,1513,0.1388
611,905,1516,0.1388
602,901,1503,0.1388
599,905,1504,0.1388
604,903,1507,0.1388
608,904,1512,0.1388
607,906,1513,0.1388
606,906,1512,0.1388
607,903,1510,0.1388
607,904,1511,0.1388
608,907,1515,0.1388
594,901,1495,0.1388
597,915,1512,0.1388
591,920,1511,0.1388
600,915,1515,0.1388
586,917,1503,0.1388
587,929,1516,0.1388
585,929,1514,0.1388
588,933,1521,0.1388
589,934,1523,0.1388
589,936,1525,0.1388
585,928,1513,0.1388
574,919,1493,0.1388
572,923,1495,0.1388
572,927,1499,0.1388
564,930,1494,0.1388
565,944,1509,0.1388
560,948,1508,0.1388
565,943,1508,0.1388
574,935,1509,0.1388
568,944,1512,0.1388
566,943,1509,0.1388
571,945,1516,0.1388
568,950,1518,0.1388
576,932,1508,0.1388
573,941,1514,0.1388
566,950,1516,0.1388
565,952,1517,0.1388
566,952,1518,0.1388
565,944,1509,0.1388
565,937,1502,0.1388
572,938,1510,0.1388
571,949,1520,0.1388
567,947,1514,0.1388
562,943,1505,0.1388
564,946,1510,0.1388
557,952,1509,0.1388
563,945,1508,0.1388
557,947,1504,0.1388
556,947,1503,0.1388
553,947,1500,0.1388
556,964,1520,0.1388
553,971,1524,0.1388
549,964,1513,0.1388
542,966,1508,0.1388
542,969,1511,0.1388
535,963,1498,0.1388
540,977,1517,0.1388
541,976,1517,0.1388
543,974,1517,0.1388
544,979,1523,0.1388
540,984,1524,0.1388
539,980,1519,0.1388
538,985,1523,0.1388
539,974,1513,0.1388
534,971,1505,0.1388
534,974,1508,0.1388
532,971,1503,0.1388
529,974,1503,0.1388
530,981,1511,0.1388
521,972,1493,0.1388
525,978,1503,0.1388
532,978,1510,0.1388
530,983,1513,0.1388
520,978,1498,0.1388
517,982,1499,0.1388
516,985,1501,0.1388
508,987,1495,0.1388
508,982,1490,0.1388
517,983,1500,0.1388
516,983,1499,0.1388
509,982,1491,0.1388
502,989,1491,0.1388
512,992,1504,0.1388
510,996,1506,0.1388
506,991,1497,0.1388
507,992,1499,0.1388
509,992,1501,0.1388
511,983,1494,0.1388
512,987,1499,0.1388
511,985,1496,0.1388
515,997,1512,0.1388
515,995,1510,0.1388
514,1004,1518,0.1388
513,1004,1517,0.1388
515,1001,1516,0.1388
514,999,1513,0.1388
517,1007,1524,0.1388
512,998,1510,0.1388
521,994,1515,0.1388
522,993,1515,0.1388
524,991,1515,0.1388
521,993,1514,0.1388
521,989,1510,0.1388
519,975,1494,0.1388
520,976,1496,0.1388
523,984,1507,0.1388
516,987,1503,0.1388
507,1000,1507,0.1388
506,1001,1507,0.1388
506,1010,1516,0.1388
513,1008,1521,0.1388
510,1003,1513,0.1388
511,996,1507,0.1388
504,1010,1514,0.1388
506,1001,1507,0.1388
510,999,1509,0.1388
507,1000,1507,0.1388
499,996,1495,0.1388
493,1003,1496,0.1388
497,1006,1503,0.1388
497,1007,1504,0.1388
499,1007,1506,0.1388
493,1012,1505,0.1388
486,1011,1497,0.1388
490,1009,1499,0.1388
499,1015,1514,0.1388
501,1021,1522,0.1388
496,1021,1517,0.1388
488,1028,1516,0.1388
494,1026,1520,0.1388
485,1024,1509,0.1388
484,1019,1503,0.1388
483,1017,1500,0.1388
480,1031,1511,0.1388
483,1036,1519,0.1388
483,1035,1518,0.1388
480,1034,1514,0.1388
484,1016,1500,0.1388
480,1022,1502,0.1388
478,1029,1507,0.1388
475,1022,1497,0.1388
482,1021,1503,0.1388
480,1025,1505,0.1388
478,1029,1507,0.1388
472,1026,1498,0.1388
470,1035,1505,0.1388
477,1034,1511,0.1388
479,1041,1520,0.1388
472,1026,1498,0.1388
471,1020,1491,0.1388
469,1025,1494,0.1388
471,1025,1496,0.1388
470,1039,1509,0.1388
462,1045,1507,0.1388
459,1048,1507,0.1388
461,1051,1512,0.1388
453,1055,1508,0.1388
455,1057,1512,0.1388
440,1052,1492,0.1388
450,1058,1508,0.1388
451,1068,1519,0.1388
448,1071,1519,0.1388
447,1069,1516,0.1388
451,1062,1513,0.1388
452,1054,1506,0.1388
446,1060,1506,0.1388
452,1057,1509,0.1388
456,1051,1507,0.1388
461,1064,1525,0.1388
451,1063,1514,0.1388
447,1060,1507,0.1388
453,1069,1522,0.1388
453,1075,1528,0.1388
453,1062,1515,0.1388
456,1061,1517,0.1388
447,1049,1496,0.1388
444,1057,1501,0.1388
446,1053,1499,0.1388
442,1054,1496,0.1388
441,1056,1497,0.1388
440,1066,1506,0.1388
434,1061,1495,0.1388
432,1074,1506,0.1388
431,1077,1508,0.1388
432,1069,1501,0.1388
433,1081,1514,0.1388
433,1082,1515,0.1388
425,1089,1514,0.1388
427,1086,1513,0.1388
429,1069,1498,0.1388
427,1071,1498,0.1388
425,1088,1513,0.1388
425,1091,1516,0.1388
425,1085,1510,0.1388
420,1087,1507,0.1388
421,1085,1506,0.1388
420,1072,1492,0.1388
426,1078,1504,0.1388
417,1079,1496,0.1388
414,1074,1488,0.1388
419,1076,1495,0.1388
416,1071,1487,0.1388
418,1077,1495,0.1388
409,1084,1493,0.1388
418,1094,1512,0.1388
410,1098,1508,0.1388
412,1109,1521,0.1388
414,1108,1522,0.1388
412,1101,1513,0.1388
410,1094,1504,0.1388
414,1097,1511,0.1388
415,1097,1512,0.1388
405,1102,1507,0.1388
400,1104,1504,0.1388
408,1098,1506,0.1388
410,1099,1509,0.1388
407,1108,1515,0.1388
405,1103,1508,0.1388
403,1118,1521,0.1388
396,1117,1513,0.1388
395,1116,1511,0.1388
403,1116,1519,0.1388
396,1105,1501,0.1388
399,1113,1512,0.1388
398,1112,1510,0.1388
393,1119,1512,0.1388
396,1116,1512,0.1388
399,1111,1510,0.1388
392,1106,1498,0.1388
383,1107,1490,0.1388
379,1116,1495,0.1388
381,1126,1507,0.1388
384,1129,1513,0.1388
384,1137,1521,0.1388
379,1136,1515,0.1388
381,1133,1514,0.1388
377,1134,1511,0.1388
372,1144,1516,0.1388
374,1146,1520,0.1388
375,1138,1513,0.1388
368,1130,1498,0.1388
369,1121,1490,0.1388
369,1125,1494,0.1388
366,1136,1502,0.1388
375,1126,1501,0.1388
377,1122,1499,0.1388
384,1133,1517,0.1388
377,1123,1500,0.1388
381,1131,1512,0.1388
381,1126,1507,0.1388
388,1130,1518,0.1388
380,1132,1512,0.1388
382,1121,1503,0.1388
383,1121,1504,0.1388
368,1122,1490,0.1388
370,1126,1496,0.1388
371,1127,1498,0.1388
374,1137,1511,0.1388
373,1131,1504,0.1388
373,1114,1487,0.1388
372,1131,1503,0.1388
373,1139,1512,0.1388
365,1129,1494,0.1388
364,1139,1503,0.1388
363,1138,1501,0.1388
371,1143,1514,0.1388
367,1148,1515,0.1388
368,1155,1523,0.1388
365,1144,1509,0.1388
365,1148,1513,0.1388
367,1148,1515,0.1388
362,1155,1517,0.1388
361,1148,1509,0.1388
366,1154,1520,0.1388
364,1150,1514,0.1388
365,1147,1512,0.1388
364,1150,1514,0.1388
364,1172,1536,0.1388
360,1165,1525,0.1388
357,1173,1530,0.1388
351,1164,1515,0.1388
353,1164,1517,0.1388
354,1170,1524,0.1388
352,1182,1534,0.1388
347,1186,1533,0.1388
347,1168,1515,0.1388
351,1159,1510,0.1388
344,1169,1513,0.1388
343,1170,1513,0.1388
341,1178,1519,0.1388
343,1186,1529,0.1388
340,1184,1524,0.1388
339,1183,1522,0.1388
345,1181,1526,0.1388
349,1176,1525,0.1388
349,1180,1529,0.1388
350,1186,1536,0.1388
345,1168,1513,0.1388
346,1170,1516,0.1388
346,1165,1511,0.1388
342,1170,1512,0.1388
340,1166,1506,0.1388
338,1161,1499,0.1388
339,1157,1496,0.1388
338,1169,1507,0.1388
333,1178,1511,0.1388
335,1185,1520,0.1388
332,1181,1513,0.1388
329,1183,1512,0.1388
331,1191,1522,0.1388
331,1189,1520,0.1388
328,1185,1513,0.1388
324,1187,1511,0.1388
325,1188,1513,0.1388
328,1192,1520,0.1388
319,1205,1524,0.1388
322,1205,1527,0.1388
317,1194,1511,0.1388
321,1196,1517,0.1388
317,1200,1517,0.1388
312,1200,1512,0.1388
314,1203,1517,0.1388
316,1201,1517,0.1388
311,1202,1513,0.1388
313,1192,1505,0.1388
312,1204,1516,0.1388
304,1205,1509,0.1388
308,1215,1523,0.1388
311,1201,1512,0.1388
309,1204,1513,0.1388
301,1205,1506,0.1388
304,1210,1514,0.1388
307,1212,1519,0.1388
308,1206,1514,0.1388
299,1197,1496,0.1388
299,1201,1500,0.1388
298,1214,1512,0.1388
297,1207,1504,0.1388
291,1208,1499,0.1388
285,1201,1486,0.1388
283,1216,1499,0.1388
281,1228,1509,0.1388
285,1231,1516,0.1388
281,1228,1509,0.1388
284,1226,1510,0.1388
284,1227,1511,0.1388
276,1225,1501,0.1388
278,1218,1496,0.1388
280,1232,1512,0.1388
278,1228,1506,0.1388
281,1229,1510,0.1388
283,1241,1524,0.1388
280,1236,1516,0.1388
285,1229,1514,0.1388
282,1223,1505,0.1388
284,1236,1520,0.1388
285,1231,1516,0.1388
281,1249,1530,0.1388
275,1246,1521,0.1388
279,1241,1520,0.1388
276,1235,1511,0.1388
271,1240,1511,0.1388
266,1234,1500,0.1388
272,1244,1516,0.1388
265,1251,1516,0.1388
266,1263,1529,0.1388
264,1263,1527,0.1388
266,1255,1521,0.1388
262,1252,1514,0.1388
259,1255,1514,0.1388
262,1252,1514,0.1388
262,1245,1507,0.1388
261,1251,1512,0.1388
264,1250,1514,0.1388
264,1239,1503,0.1388
267,1253,1520,0.1388
259,1249,1508,0.1388
265,1268,1533,0.1388
269,1262,1531,0.1388
268,1253,1521,0.1388
262,1252,1514,0.1388
260,1249,1509,0.1388
263,1248,1511,0.1388
263,1251,1514,0.1388
265,1255,1520,0.1388
259,1252,1511,0.1388
265,1247,1512,0.1388
270,1250,1520,0.1388
270,1250,1520,0.1388
268,1254,1522,0.1388
257,1254,1511,0.1388
262,1260,1522,0.1388
255,1257,1512,0.1388
257,1244,1501,0.1388
253,1250,1503,0.1388
248,1250,1498,0.1388
253,1261,1514,0.1388
250,1268,1518,0.1388
249,1259,1508,0.1388
243,1268,1511,0.1388
245,1266,1511,0.1388
240,1267,1507,0.1388
243,1266,1509,0.1388
241,1270,1511,0.1388
244,1263,1507,0.1388
243,1265,1508,0.1388
248,1257,1505,0.1388
248,1259,1507,0.1388
249,1263,1512,0.1388
246,1266,1512,0.1388
244,1265,1509,0.1388
247,1266,1513,0.1388
250,1271,1521,0.1388
251,1262,1513,0.1388
248,1258,1506,0.1388
248,1277,1525,0.1388
247,1280,1527,0.1388
247,1278,1525,0.1388
245,1276,1521,0.1388
240,1278,1518,0.1388
238,1278,1516,0.1388
230,1272,1502,0.1388
231,1277,1508,0.1388
230,1279,1509,0.1388
238,1270,1508,0.1388
237,1278,1515,0.1388
237,1267,1504,0.1388
232,1289,1521,0.1388
237,1284,1521,0.1388
234,1283,1517,0.1388
231,1277,1508,0.1388
231,1286,1517,0.1388
234,1282,1516,0.1388
235,1290,1525,0.1388
229,1286,1515,0.1388
230,1274,1504,0.1388
226,1275,1501,0.1388
227,1273,1500,0.1388
224,1287,1511,0.1388
230,1282,1512,0.1388
225,1283,1508,0.1388
222,1282,1504,0.1388
221,1279,1500,0.1388
223,1289,1512,0.1388
223,1292,1515,0.1388
221,1305,1526,0.1388
221,1294,1515,0.1388
219,1289,1508,0.1388
213,1288,1501,0.1388
214,1291,1505,0.1388
219,1288,1507,0.1388
220,1282,1502,0.1388
219,1282,1501,0.1388
218,1282,1500,0.1388
216,1287,1503,0.1388
219,1292,1511,0.1388
215,1303,1518,0.1388
217,1313,1530,0.1388
214,1310,1524,0.1388
215,1305,1520,0.1388
217,1307,1524,0.1388
216,1303,1519,0.1388
212,1310,1522,0.1388
203,1309,1512,0.1388
201,1320,1521,0.1388
199,1331,1530,0.1388
192,1326,1518,0.1388
193,1322,1515,0.1388
188,1326,1514,0.1388
186,1315,1501,0.1388
183,1319,1502,0.1388
186,1322,1508,0.1388
190,1324,1514,0.1388
192,1318,1510,0.1388
196,1324,1520,0.1388
193,1324,1517,0.1388
189,1327,1516,0.1388
185,1315,1500,0.1388
183,1318,1501,0.1388
182,1320,1502,0.1388
181,1322,1503,0.1388
180,1325,1505,0.1388
178,1339,1517,0.1388
176,1331,1507,0.1388
176,1334,1510,0.1388
173,1321,1494,0.1388
174,1332,1506,0.1388
170,1349,1519,0.1388
169,1342,1511,0.1388
173,1347,1520,0.1388
175,1344,1519,0.1388
175,1347,1522,0.1388
177,1347,1524,0.1388
171,1343,1514,0.1388
166,1346,1512,0.1388
167,1344,1511,0.1388
169,1356,1525,0.1388
171,1367,1538,0.1388
168,1350,1518,0.1388
163,1342,1505,0.1388
165,1350,1515,0.1388
164,1345,1509,0.1388
163,1348,1511,0.1388
165,1341,1506,0.1388
165,1342,1507,0.1388
165,1361,1526,0.1388
167,1359,1526,0.1388
161,1359,1520,0.1388
158,1354,1512,0.1388
160,1352,1512,0.1388
160,1355,1515,0.1388
158,1359,1517,0.1388
159,1356,1515,0.1388
156,1348,1504,0.1388
158,1363,1521,0.1388
160,1370,1530,0.1388
156,1371,1527,0.1388
159,1355,1514,0.1388
159,1356,1515,0.1388
161,1359,1520,0.1388
157,1350,1507,0.1388
156,1355,1511,0.1388
155,1360,1515,0.1388
149,1358,1507,0.1388
148,1349,1497,0.1388
148,1347,1495,0.1388
150,1356,1506,0.1388
147,1372,1519,0.1388
146,1371,1517,0.1388
148,1368,1516,0.1388
151,1367,1518,0.1388
149,1366,1515,0.1388
146,1369,1515,0.1388
147,1372,1519,0.1388
145,1364,1509,0.1388
147,1366,1513,0.1388
145,1367,1512,0.1388
144,1364,1508,0.1388
142,1353,1495,0.1388
139,1355,1494,0.1388
135,1361,1496,0.1388
136,1377,1513,0.1388
136,1384,1520,0.1388
138,1387,1525,0.1388
138,1376,1514,0.1388
136,1366,1502,0.1388
137,1370,1507,0.1388
135,1370,1505,0.1388
140,1368,1508,0.1388
137,1370,1507,0.1388
138,1381,1519,0.1388
133,1372,1505,0.1388
136,1352,1488,0.1388
134,1369,1503,0.1388
134,1363,1497,0.1388
133,1379,1512,0.1388
131,1368,1499,0.1388
132,1371,1503,0.1388
129,1380,1509,0.1388
132,1369,1501,0.1388
129,1377,1506,0.1388
129,1379,1508,0.1388
128,1371,1499,0.1388
129,1379,1508,0.1388
130,1385,1515,0.1388
129,1396,1525,0.1388
126,1395,1521,0.1388
124,1400,1524,0.1388
122,1388,1510,0.1388
121,1393,1514,0.1388
117,1399,1516,0.1388
118,1377,1495,0.1388
118,1378,1496,0.1388
120,1393,1513,0.1388
119,1394,1513,0.1388
116,1412,1528,0.1388
115,1399,1514,0.1388
116,1388,1504,0.1388
116,1391,1507,0.1388
118,1385,1503,0.1388
116,1393,1509,0.1388
117,1391,1508,0.1388
115,1398,1513,0.1388
116,1408,1524,0.1388
110,1400,1510,0.1388
112,1390,1502,0.1388
117,1397,1514,0.1388
120,1402,1522,0.1388
121,1403,1524,0.1388
121,1400,1521,0.1388
121,1395,1516,0.1388
116,1379,1495,0.1388
116,1384,1500,0.1388
120,1396,1516,0.1388
119,1387,1506,0.1388
118,1390,1508,0.1388
120,1397,1517,0.1388
119,1388,1507,0.1388
120,1389,1509,0.1388
122,1400,1522,0.1388
119,1394,1513,0.1388
119,1395,1514,0.1388
114,1403,1517,0.1388
113,1406,1519,0.1388
112,1404,1516,0.1388
116,1403,1519,0.1388
113,1401,1514,0.1388
113,1402,1515,0.1388
113,1394,1507,0.1388
111,1401,1512,0.1388
110,1408,1518,0.1388
114,1407,1521,0.1388
113,1406,1519,0.1388
111,1404,1515,0.1388
111,1416,1527,0.1388
107,1421,1528,0.1388
106,1428,1534,0.1388
105,1414,1519,0.1388
105,1411,1516,0.1388
108,1399,1507,0.1388
104,1403,1507,0.1388
106,1408,1514,0.1388
106,1421,1527,0.1388
105,1422,1527,0.1388
110,1420,1530,0.1388
107,1407,1514,0.1388
109,1407,1516,0.1388
107,1404,1511,0.1388
111,1399,1510,0.1388
110,1399,1509,0.1388
110,1396,1506,0.1388
111,1398,1509,0.1388
112,1407,1519,0.1388
109,1410,1519,0.1388
105,1399,1504,0.1388
107,1404,1511,0.1388
106,1408,1514,0.1388
108,1415,1523,0.1388
112,1405,1517,0.1388
113,1413,1526,0.1388
111,1403,1514,0.1388
112,1404,1516,0.1388
111,1404,1515,0.1388
113,1406,1519,0.1388
111,1418,1529,0.1388
111,1405,1516,0.1388
111,1398,1509,0.1388
111,1400,1511,0.1388
108,1403,1511,0.1388
108,1410,1518,0.1388
105,1413,1518,0.1388
107,1431,1538,0.1388
107,1416,1523,0.1388
106,1406,1512,0.1388
113,1408,1521,0.1388
114,1394,1508,0.1388
114,1388,1502,0.1388
108,1393,1501,0.1388
109,1410,1519,0.1388
109,1410,1519,0.1388
109,1410,1519,0.1388
105,1422,1527,0.1388
105,1427,1532,0.1388
104,1420,1524,0.1388
111,1423,1534,0.1388
109,1430,1539,0.1388
108,1416,1524,0.1388
106,1412,1518,0.1388
106,1426,1532,0.1388
102,1412,1514,0.1388
105,1409,1514,0.1388
101,1411,1512,0.1388
102,1414,1516,0.1388
102,1420,1522,0.1388
102,1413,1515,0.1388
101,1417,1518,0.1388
104,1417,1521,0.1388
101,1410,1511,0.1388
102,1411,1513,0.1388
103,1405,1508,0.1388
102,1411,1513,0.1388
97,1409,1506,0.1388
96,1412,1508,0.1388
94,1413,1507,0.1388
91,1425,1516,0.1388
89,1432,1521,0.1388
87,1438,1525,0.1388
89,1440,1529,0.1388
91,1444,1535,0.1388
90,1436,1526,0.1388
88,1422,1510,0.1388
87,1419,1506,0.1388
86,1428,1514,0.1388
86,1433,1519,0.1388
85,1438,1523,0.1388
85,1436,1521,0.1388
82,1433,1515,0.1388
78,1432,1510,0.1388
79,1434,1513,0.1388
78,1417,1495,0.1388
79,1424,1503,0.1388
79,1432,1511,0.1388
78,1432,1510,0.1388
79,1419,1498,0.1388
76,1415,1491,0.1388
75,1428,1503,0.1388
73,1433,1506,0.1388
74,1444,1518,0.1388
72,1435,1507,0.1388
72,1433,1505,0.1388
74,1448,1522,0.1388
71,1447,1518,0.1388
73,1449,1522,0.1388
74,1450,1524,0.1388
74,1449,1523,0.1388
72,1453,1525,0.1388
75,1453,1528,0.1388
72,1447,1519,0.1388
73,1442,1515,0.1388
70,1437,1507,0.1388
71,1433,1504,0.1388
71,1435,1506,0.1388
71,1434,1505,0.1388
72,1442,1514,0.1388
71,1439,1510,0.1388
73,1445,1518,0.1388
69,1444,1513,0.1388
66,1453,1519,0.1388
66,1447,1513,0.1388
67,1437,1504,0.1388
67,1443,1510,0.1388
65,1441,1506,0.1388
65,1455,1520,0.1388
62,1454,1516,0.1388
57,1447,1504,0.1388
59,1439,1498,0.1388
60,1453,1513,0.1388
61,1445,1506,0.1388
63,1436,1499,0.1388
61,1443,1504,0.1388
63,1456,1519,0.1388
64,1439,1503,0.1388
65,1447,1512,0.1388
64,1447,1511,0.1388
63,1449,1512,0.1388
66,1445,1511,0.1388
63,1456,1519,0.1388
63,1445,1508,0.1388
60,1460,1520,0.1388
58,1472,1530,0.1388
59,1458,1517,0.1388
57,1468,1525,0.1388
56,1470,1526,0.1388
55,1458,1513,0.1388
53,1456,1509,0.1388
53,1460,1513,0.1388
54,1461,1515,0.1388
50,1469,1519,0.1388
50,1463,1513,0.1388
48,1474,1522,0.1388
48,1466,1514,0.1388
48,1468,1516,0.1388
49,1469,1518,0.1388
48,1457,1505,0.1388
47,1459,1506,0.1388
51,1487,1538,0.1388
49,1478,1527,0.1388
49,1470,1519,0.1388
49,1470,1519,0.1388
51,1475,1526,0.1388
48,1478,1526,0.1388
50,1484,1534,0.1388
48,1473,1521,0.1388
48,1474,1522,0.1388
48,1465,1513,0.1388
47,1454,1501,0.1388
44,1456,1500,0.1388
43,1472,1515,0.1388
45,1483,1528,0.1388
44,1484,1528,0.1388
47,1480,1527,0.1388
46,1490,1536,0.1388
44,1481,1525,0.1388
45,1459,1504,0.1388
46,1468,1514,0.1388
46,1477,1523,0.1388
46,1466,1512,0.1388
48,1466,1514,0.1388
49,1472,1521,0.1388
50,1473,1523,0.1388
50,1467,1517,0.1388
49,1457,1506,0.1388
49,1458,1507,0.1388
50,1465,1515,0.1388
50,1469,1519,0.1388
48,1469,1517,0.1388
48,1464,1512,0.1388
47,1472,1519,0.1388
44,1470,1514,0.1388
46,1456,1502,0.1388
47,1466,1513,0.1388
46,1472,1518,0.1388
49,1469,1518,0.1388
48,1472,1520,0.1388
47,1480,1527,0.1388
49,1478,1527,0.1388
47,1471,1518,0.1388
47,1481,1528,0.1388
46,1484,1530,0.1388
46,1467,1513,0.1388
45,1466,1511,0.1388
46,1465,1511,0.1388
46,1473,1519,0.1388
47,1480,1527,0.1388
47,1478,1525,0.1388
46,1474,1520,0.1388
45,1466,1511,0.1388
44,1469,1513,0.1388
42,1477,1519,0.1388
42,1478,1520,0.1388
43,1487,1530,0.1388
43,1478,1521,0.1388
44,1475,1519,0.1388
42,1484,1526,0.1388
43,1473,1516,0.1388
43,1486,1529,0.1388
45,1473,1518,0.1388
46,1472,1518,0.1388
47,1471,1518,0.1388
44,1471,1515,0.1388
44,1473,1517,0.1388
44,1476,1520,0.1388
42,1475,1517,0.1388
43,1483,1526,0.1388
43,1483,1526,0.1388
42,1484,1526,0.1388
41,1485,1526,0.1388
43,1483,1526,0.1388
39,1488,1527,0.1388
39,1482,1521,0.1388
39,1483,1522,0.1388
35,1494,1529,0.1388
34,1495,1529,0.1388
34,1493,1527,0.1388
33,1495,1528,0.1388
33,1475,1508,0.1388
33,1481,1514,0.1388
33,1487,1520,0.1388
32,1486,1518,0.1388
31,1468,1499,0.1388
31,1483,1514,0.1388
32,1487,1519,0.1388
34,1483,1517,0.1388
33,1480,1513,0.1388
33,1481,1514,0.1388
32,1483,1515,0.1388
30,1476,1506,0.1388
28,1496,1524,0.1388
28,1496,1524,0.1388
28,1489,1517,0.1388
28,1473,1501,0.1388
29,1482,1511,0.1388
29,1480,1509,0.1388
29,1482,1511,0.1388
29,1478,1507,0.1388
27,1492,1519,0.1388
27,1479,1506,0.1388
26,1477,1503,0.1388
25,1487,1512,0.1388
26,1498,1524,0.1388
26,1505,1531,0.1388
26,1487,1513,0.1388
26,1488,1514,0.1388
23,1480,1503,0.1388
23,1481,1504,0.1388
23,1487,1510,0.1388
23,1479,1502,0.1388
24,1489,1513,0.1388
25,1501,1526,0.1388
23,1507,1530,0.1388
25,1500,1525,0.1388
23,1493,1516,0.1388
24,1498,1522,0.1388
24,1494,1518,0.1388
24,1490,1514,0.1388
25,1491,1516,0.1388
24,1491,1515,0.1388
24,1502,1526,0.1388
24,1489,1513,0.1388
23,1482,1505,0.1388
25,1496,1521,0.1388
23,1498,1521,0.1388
23,1487,1510,0.1388
23,1490,1513,0.1388
24,1482,1506,0.1388
24,1477,1501,0.1388
26,1476,1502,0.1388
25,1480,1505,0.1388
25,1476,1501,0.1388
25,1479,1504,0.1388
27,1479,1506,0.1388
29,1476,1505,0.1388
28,1477,1505,0.1388
27,1491,1518,0.1388
26,1486,1512,0.1388
25,1482,1507,0.1388
25,1478,1503,0.1388
25,1482,1507,0.1388
25,1481,1506,0.1388
26,1482,1508,0.1388
26,1480,1506,0.1388
24,1482,1506,0.1388
24,1483,1507,0.1388
23,1485,1508,0.1388
23,1491,1514,0.1388
23,1504,1527,0.1388
23,1493,1516,0.1388
22,1481,1503,0.1388
21,1479,1500,0.1388
21,1494,1515,0.1388
20,1496,1516,0.1388
19,1490,1509,0.1388
19,1490,1509,0.1388
20,1495,1515,0.1388
20,1512,1532,0.1388
18,1505,1523,0.1388
19,1497,1516,0.1388
19,1497,1516,0.1388
19,1506,1525,0.1388
18,1502,1520,0.1388
19,1504,1523,0.1388
18,1501,1519,0.1388
19,1487,1506,0.1388
19,1499,1518,0.1388
19,1505,1524,0.1388
19,1501,1520,0.1388
19,1500,1519,0.1388
19,1488,1507,0.1388
19,1495,1514,0.1388
18,1493,1511,0.1388
16,1498,1514,0.1388
16,1509,1525,0.1388
16,1496,1512,0.1388
18,1501,1519,0.1388
16,1506,1522,0.1388
15,1500,1515,0.1388
16,1502,1518,0.1388
16,1506,1522,0.1388
16,1499,1515,0.1388
17,1497,1514,0.1388
18,1497,1515,0.1388
19,1504,1523,0.1388
19,1489,1508,0.1388
19,1496,1515,0.1388
18,1507,1525,0.1388
18,1502,1520,0.1388
18,1499,1517,0.1388
18,1500,1518,0.1388
18,1511,1529,0.1388
18,1502,1520,0.1388
18,1512,1530,0.1388
19,1499,1518,0.1388
17,1513,1530,0.1388
17,1508,1525,0.1388
17,1499,1516,0.1388
17,1498,1515,0.1388
17,1500,1517,0.1388
18,1500,1518,0.1388
19,1492,1511,0.1388
20,1491,1511,0.1388
20,1500,1520,0.1388
19,1501,1520,0.1388
20,1484,1504,0.1388
21,1492,1513,0.1388
20,1500,1520,0.1388
21,1494,1515,0.1388
20,1502,1522,0.1388
18,1498,1516,0.1388
18,1493,1511,0.1388
19,1491,1510,0.1388
19,1494,1513,0.1388
19,1486,1505,0.1388
16,1496,1512,0.1388
18,1501,1519,0.1388
18,1502,1520,0.1388
17,1499,1516,0.1388
18,1493,1511,0.1388
17,1490,1507,0.1388
17,1504,1521,0.1388
18,1508,1526,0.1388
16,1510,1526,0.1388
15,1500,1515,0.1388
15,1502,1517,0.1388
15,1492,1507,0.1388
15,1495,1510,0.1388
15,1503,1518,0.1388
15,1494,1509,0.1388
15,1487,1502,0.1388
15,1484,1499,0.1388
15,1483,1498,0.1388
15,1494,1509,0.1388
15,1493,1508,0.1388
16,1498,1514,0.1388
15,1487,1502,0.1388
15,1487,1502,0.1388
15,1494,1509,0.1388
14,1515,1529,0.1388
14,1507,1521,0.1388
15,1517,1532,0.1388
14,1516,1530,0.1388
14,1505,1519,0.1388
14,1506,1520,0.1388
13,1504,1517,0.1388
14,1513,1527,0.1388
13,1511,1524,0.1388
12,1507,1519,0.1388
13,1516,1529,0.1388
13,1520,1533,0.1388
14,1517,1531,0.1388
14,1503,1517,0.1388
13,1502,1515,0.1388
12,1500,1512,0.1388
12,1496,1508,0.1388
11,1508,1519,0.1388
11,1510,1521,0.1388
11,1525,1536,0.1388
12,1511,1523,0.1388
13,1506,1519,0.1388
12,1502,1514,0.1388
12,1509,1521,0.1388
13,1505,1518,0.1388
14,1500,1514,0.1388
13,1501,1514,0.1388
13,1494,1507,0.1388
15,1506,1521,0.1388
15,1490,1505,0.1388
15,1495,1510,0.1388
16,1500,1516,0.1388
16,1500,1516,0.1388
15,1500,1515,0.1388
13,1508,1521,0.1388
12,1510,1522,0.1388
12,1511,1523,0.1388
12,1517,1529,0.1388
13,1509,1522,0.1388
13,1509,1522,0.1388
13,1499,1512,0.1388
13,1514,1527,0.1388
14,1514,1528,0.1388
14,1501,1515,0.1388
14,1508,1522,0.1388
14,1508,1522,0.1388
12,1488,1500,0.1388
12,1481,1493,0.1388
11,1494,1505,0.1388
10,1488,1498,0.1388
12,1496,1508,0.1388
12,1495,1507,0.1388
13,1483,1496,0.1388
13,1497,1510,0.1388
13,1492,1505,0.1388
13,1495,1508,0.1388
12,1485,1497,0.1388
13,1495,1508,0.1388
12,1497,1509,0.1388
11,1490,1501,0.1388
11,1493,1504,0.1388
10,1504,1514,0.1388
10,1500,1510,0.1388
11,1509,1520,0.1388
11,1508,1519,0.1388
11,1501,1512,0.1388
10,1496,1506,0.1388
10,1497,1507,0.1388
9,1504,1513,0.1388
8,1517,1525,0.1388
8,1522,1530,0.1388
9,1513,1522,0.1388
10,1496,1506,0.1388
11,1496,1507,0.1388
12,1492,1504,0.1388
12,1493,1505,0.1388
12,1492,1504,0.1388
14,1506,1520,0.1388
15,1514,1529,0.1388
14,1518,1532,0.1388
13,1522,1535,0.1388
12,1531,1543,0.1388
12,1528,1540,0.1388
12,1516,1528,0.1388
12,1521,1533,0.1388
13,1504,1517,0.1388
14,1501,1515,0.1388
14,1517,1531,0.1388
14,1506,1520,0.1388
14,1503,1517,0.1388
13,1494,1507,0.1388
12,1498,1510,0.1388
13,1485,1498,0.1388
13,1493,1506,0.1388
15,1503,1518,0.1388
15,1502,1517,0.1388
16,1507,1523,0.1388
15,1505,1520,0.1388
13,1504,1517,0.1388
13,1515,1528,0.1388
14,1507,1521,0.1388
14,1512,1526,0.1388
14,1507,1521,0.1388
13,1509,1522,0.1388
13,1508,1521,0.1388
13,1507,1520,0.1388
10,1510,1520,0.1388
10,1501,1511,0.1388
10,1501,1511,0.1388
10,1506,1516,0.1388
9,1507,1516,0.1388
9,1512,1521,0.1388
9,1500,1509,0.1388
9,1499,1508,0.1388
9,1496,1505,0.1388
9,1503,1512,0.1388
9,1509,1518,0.1388
9,1515,1524,0.1388
9,1517,1526,0.1388
9,1512,1521,0.1388
9,1510,1519,0.1388
9,1512,1521,0.1388
9,1509,1518,0.1388
9,1507,1516,0.1388
9,1510,1519,0.1388
9,1500,1509,0.1388
9,1502,1511,0.1388
9,1513,1522,0.1388
9,1508,1517,0.1388
9,1514,1523,0.1388
8,1514,1522,0.1388
8,1518,1526,0.1388
8,1512,1520,0.1388
8,1521,1529,0.1388
8,1514,1522,0.1388
8,1507,1515,0.1388
7,1506,1513,0.1388
7,1499,1506,0.1388
7,1510,1517,0.1388
7,1524,1531,0.1388
7,1506,1513,0.1388
7,1505,1512,0.1388
6,1517,1523,0.1388
6,1517,1523,0.1388
6,1510,1516,0.1388
6,1507,1513,0.1388
6,1502,1508,0.1388
6,1515,1521,0.1388
7,1519,1526,0.1388
7,1512,1519,0.1388
7,1513,1520,0.1388
5,1524,1529,0.1388
4,1520,1524,0.1388
4,1513,1517,0.1388
6,1505,1511,0.1388
6,1506,1512,0.1388
5,1505,1510,0.1388
4,1512,1516,0.1388
4,1514,1518,0.1388
4,1510,1514,0.1388
4,1520,1524,0.1388
4,1510,1514,0.1388
4,1512,1516,0.1388
4,1509,1513,0.1388
4,1500,1504,0.1388
4,1515,1519,0.1388
4,1514,1518,0.1388
4,1513,1517,0.1388
4,1509,1513,0.1388
4,1513,1517,0.1388
4,1510,1514,0.1388
5,1512,1517,0.1388
5,1525,1530,0.1388
5,1531,1536,0.1388
5,1521,1526,0.1388
5,1512,1517,0.1388
5,1519,1524,0.1388
5,1531,1536,0.1388
5,1503,1508,0.1388
5,1510,1515,0.1388
4,1502,1506,0.1388
4,1503,1507,0.1388
4,1499,1503,0.1388
4,1500,1504,0.1388
4,1497,1501,0.1388
4,1484,1488,0.1388
4,1497,1501,0.1388
4,1512,1516,0.1388
4,1507,1511,0.1388
4,1501,1505,0.1388
4,1503,1507,0.1388
4,1512,1516,0.1388
5,1512,1517,0.1388
4,1521,1525,0.1388
4,1510,1514,0.1388
4,1513,1517,0.1388
5,1511,1516,0.1388
5,1499,1504,0.1388
5,1497,1502,0.1388
5,1506,1511,0.1388
5,1516,1521,0.1388
4,1531,1535,0.1388
4,1522,1526,0.1388
4,1529,1533,0.1388
4,1535,1539,0.1388
4,1530,1534,0.1388
4,1522,1526,0.1388
4,1524,1528,0.1388
4,1525,1529,0.1388
4,1520,1524,0.1388
4,1519,1523,0.1388
5,1510,1515,0.1388
5,1506,1511,0.1388
4,1511,1515,0.1388
3,1512,1515,0.1388
3,1518,1521,0.1388
3,1518,1521,0.1388
3,1520,1523,0.1388
3,1505,1508,0.1388
3,1497,1500,0.1388
3,1497,1500,0.1388
3,1497,1500,0.1388
3,1503,1506,0.1388
3,1502,1505,0.1388
3,1504,1507,0.1388
3,1509,1512,0.1388
3,1506,1509,0.1388
3,1501,1504,0.1388
3,1502,1505,0.1388
2,1506,1508,0.1388
2,1511,1513,0.1388
3,1509,1512,0.1388
3,1499,1502,0.1388
3,1513,1516,0.1388
3,1520,1523,0.1388
3,1525,1528,0.1388
3,1535,1538,0.1388
3,1516,1519,0.1388
3,1512,1515,0.1388
3,1516,1519,0.1388
3,1503,1506,0.1388
3,1513,1516,0.1388
3,1508,1511,0.1388
2,1514,1516,0.1388
2,1516,1518,0.1388
2,1513,1515,0.1388
2,1520,1522,0.1388
1,1515,1516,0.1388
1,1512,1513,0.1388
1,1518,1519,0.1388
1,1512,1513,0.1388
1,1516,1517,0.1388
1,1519,1520,0.1388
1,1505,1506,0.1388
1,1505,1506,0.1388
1,1506,1507,0.1388
1,1502,1503,0.1388
1,1501,1502,0.1388
0,1501,1501,0.1388
