1378,28,1406,0.1388
1417,29,1446,0.1388
1414,30,1444,0.1388
1427,31,1458,0.1388
1442,30,1472,0.1388
1455,30,1485,0.1388
1464,34,1498,0.1388
1465,33,1498,0.1388
1459,34,1493,0.1388
1459,35,1494,0.1388
1462,36,1498,0.1388
1461,36,1497,0.1388
1467,37,1504,0.1388
1458,36,1494,0.1388
1459,35,1494,0.1388
1461,35,1496,0.1388
1451,35,1486,0.1388
1438,35,1473,0.1388
1444,36,1480,0.1388
1464,37,1501,0.1388
1455,37,1492,0.1388
1454,36,1490,0.1388
1454,38,1492,0.1388
1444,37,1481,0.1388
1447,39,1486,0.1388
1460,38,1498,0.1388
1469,37,1506,0.1388
1466,37,1503,0.1388
1454,39,1493,0.1388
1443,40,1483,0.1388
1452,40,1492,0.1388
1446,42,1488,0.1388
1442,43,1485,0.1388
1441,41,1482,0.1388
1442,43,1485,0.1388
1450,44,1494,0.1388
1464,42,1506,0.1388
1466,45,1511,0.1388
1467,44,1511,0.1388
1456,46,1502,0.1388
1452,46,1498,0.1388
1432,46,1478,0.1388
1424,51,1475,0.1388
1442,51,1493,0.1388
1455,50,1505,0.1388
1449,49,1498,0.1388
1460,46,1506,0.1388
1462,47,1509,0.1388
1449,49,1498,0.1388
1443,51,1494,0.1388
1447,51,1498,0.1388
1437,51,1488,0.1388
1448,49,1497,0.1388
1449,47,1496,0.1388
1457,48,1505,0.1388
1454,46,1500,0.1388
1436,47,1483,0.1388
1442,48,1490,0.1388
1443,47,1490,0.1388
1455,48,1503,0.1388
1442,50,1492,0.1388
1437,51,1488,0.1388
1438,51,1489,0.1388
1435,52,1487,0.1388
1439,53,1492,0.1388
1440,52,1492,0.1388
1434,51,1485,0.1388
1406,55,1461,0.1388
1407,56,1463,0.1388
1410,57,1467,0.1388
1433,53,1486,0.1388
1432,56,1488,0.1388
1424,53,1477,0.1388
1430,53,1483,0.1388
1434,54,1488,0.1388
1433,55,1488,0.1388
1424,58,1482,0.1388
1442,57,1499,0.1388
1453,55,1508,0.1388
1435,55,1490,0.1388
1441,51,1492,0.1388
1441,54,1495,0.1388
1429,53,1482,0.1388
1448,53,1501,0.1388
1443,52,1495,0.1388
1439,55,1494,0.1388
1431,54,1485,0.1388
1438,55,1493,0.1388
1434,55,1489,0.1388
1430,56,1486,0.1388
1422,57,1479,0.1388
1423,57,1480,0.1388
1426,57,1483,0.1388
1424,57,1481,0.1388
1449,60,1509,0.1388
1452,57,1509,0.1388
1448,56,1504,0.1388
1429,56,1485,0.1388
1427,61,1488,0.1388
1429,61,1490,0.1388
1446,61,1507,0.1388
1445,62,1507,0.1388
1430,61,1491,0.1388
1418,62,1480,0.1388
1435,61,1496,0.1388
1446,63,1509,0.1388
1435,63,1498,0.1388
1430,62,1492,0.1388
1418,64,1482,0.1388
1401,63,1464,0.1388
1408,64,1472,0.1388
1404,67,1471,0.1388
1408,67,1475,0.1388
1416,68,1484,0.1388
1428,69,1497,0.1388
1432,67,1499,0.1388
1427,70,1497,0.1388
1434,72,1506,0.1388
1432,71,1503,0.1388
1436,69,1505,0.1388
1433,72,1505,0.1388
1431,71,1502,0.1388
1427,69,1496,0.1388
1421,74,1495,0.1388
1425,72,1497,0.1388
1432,70,1502,0.1388
1420,69,1489,0.1388
1404,67,1471,0.1388
1420,65,1485,0.1388
1423,68,1491,0.1388
1420,68,1488,0.1388
1417,67,1484,0.1388
1416,68,1484,0.1388
1422,69,1491,0.1388
1421,68,1489,0.1388
1410,67,1477,0.1388
1401,69,1470,0.1388
1413,67,1480,0.1388
1403,69,1472,0.1388
1417,68,1485,0.1388
1410,67,1477,0.1388
1423,66,1489,0.1388
1430,68,1498,0.1388
1429,72,1501,0.1388
1422,72,1494,0.1388
1422,72,1494,0.1388
1428,71,1499,0.1388
1417,73,1490,0.1388
1426,73,1499,0.1388
1430,73,1503,0.1388
1419,74,1493,0.1388
1430,72,1502,0.1388
1414,72,1486,0.1388
1414,74,1488,0.1388
1413,72,1485,0.1388
1401,70,1471,0.1388
1417,69,1486,0.1388
1417,67,1484,0.1388
1423,67,1490,0.1388
1416,66,1482,0.1388
1417,71,1488,0.1388
1431,72,1503,0.1388
1436,70,1506,0.1388
1428,70,1498,0.1388
1425,71,1496,0.1388
1427,73,1500,0.1388
1431,75,1506,0.1388
1430,78,1508,0.1388
1426,78,1504,0.1388
1420,78,1498,0.1388
1427,74,1501,0.1388
1433,77,1510,0.1388
1426,78,1504,0.1388
1424,81,1505,0.1388
1424,80,1504,0.1388
1420,81,1501,0.1388
1420,79,1499,0.1388
1421,82,1503,0.1388
1422,84,1506,0.1388
1421,83,1504,0.1388
1408,81,1489,0.1388
1411,85,1496,0.1388
1407,82,1489,0.1388
1406,84,1490,0.1388
1406,83,1489,0.1388
1400,81,1481,0.1388
1403,81,1484,0.1388
1401,80,1481,0.1388
1398,85,1483,0.1388
1402,84,1486,0.1388
1404,79,1483,0.1388
1416,82,1498,0.1388
1410,86,1496,0.1388
1401,85,1486,0.1388
1407,84,1491,0.1388
1412,88,1500,0.1388
1408,87,1495,0.1388
1401,82,1483,0.1388
1383,85,1468,0.1388
1392,85,1477,0.1388
1399,84,1483,0.1388
1403,81,1484,0.1388
1406,83,1489,0.1388
1395,85,1480,0.1388
1401,86,1487,0.1388
1410,85,1495,0.1388
1430,85,1515,0.1388
1427,86,1513,0.1388
1423,82,1505,0.1388
1420,86,1506,0.1388
1404,89,1493,0.1388
1408,91,1499,0.1388
1397,91,1488,0.1388
1395,89,1484,0.1388
1411,91,1502,0.1388
1400,96,1496,0.1388
1407,97,1504,0.1388
1396,96,1492,0.1388
1390,94,1484,0.1388
1400,93,1493,0.1388
1402,94,1496,0.1388
1402,96,1498,0.1388
1411,95,1506,0.1388
1411,94,1505,0.1388
1410,94,1504,0.1388
1399,97,1496,0.1388
1414,98,1512,0.1388
1411,95,1506,0.1388
1388,96,1484,0.1388
1394,98,1492,0.1388
1398,97,1495,0.1388
1387,94,1481,0.1388
1385,96,1481,0.1388
1386,99,1485,0.1388
1397,102,1499,0.1388
1405,102,1507,0.1388
1401,102,1503,0.1388
1403,104,1507,0.1388
1397,102,1499,0.1388
1387,107,1494,0.1388
1378,110,1488,0.1388
1394,105,1499,0.1388
1380,108,1488,0.1388
1374,108,1482,0.1388
1375,111,1486,0.1388
1368,111,1479,0.1388
1353,112,1465,0.1388
1362,113,1475,0.1388
1372,113,1485,0.1388
1371,117,1488,0.1388
1375,112,1487,0.1388
1369,115,1484,0.1388
1375,119,1494,0.1388
1379,120,1499,0.1388
1376,115,1491,0.1388
1371,115,1486,0.1388
1374,111,1485,0.1388
1377,110,1487,0.1388
1379,111,1490,0.1388
1370,108,1478,0.1388
1375,109,1484,0.1388
1387,112,1499,0.1388
1390,110,1500,0.1388
1403,108,1511,0.1388
1406,108,1514,0.1388
1381,109,1490,0.1388
1382,108,1490,0.1388
1385,109,1494,0.1388
1371,110,1481,0.1388
1373,113,1486,0.1388
1360,111,1471,0.1388
1362,113,1475,0.1388
1376,112,1488,0.1388
1366,110,1476,0.1388
1352,106,1458,0.1388
1350,104,1454,0.1388
1362,104,1466,0.1388
1378,103,1481,0.1388
1379,109,1488,0.1388
1366,110,1476,0.1388
1362,107,1469,0.1388
1377,103,1480,0.1388
1385,104,1489,0.1388
1376,105,1481,0.1388
1381,109,1490,0.1388
1385,108,1493,0.1388
1378,112,1490,0.1388
1391,114,1505,0.1388
1388,111,1499,0.1388
1387,107,1494,0.1388
1378,104,1482,0.1388
1387,102,1489,0.1388
1385,106,1491,0.1388
1383,111,1494,0.1388
1376,112,1488,0.1388
1386,110,1496,0.1388
1373,113,1486,0.1388
1374,115,1489,0.1388
1373,117,1490,0.1388
1369,117,1486,0.1388
1375,119,1494,0.1388
1377,117,1494,0.1388
1371,118,1489,0.1388
1369,118,1487,0.1388
1364,122,1486,0.1388
1367,120,1487,0.1388
1364,115,1479,0.1388
1369,119,1488,0.1388
1370,119,1489,0.1388
1372,121,1493,0.1388
1369,122,1491,0.1388
1370,123,1493,0.1388
1381,122,1503,0.1388
1392,122,1514,0.1388
1376,120,1496,0.1388
1370,114,1484,0.1388
1361,117,1478,0.1388
1354,118,1472,0.1388
1372,120,1492,0.1388
1381,119,1500,0.1388
1371,120,1491,0.1388
1377,119,1496,0.1388
1378,118,1496,0.1388
1370,118,1488,0.1388
1356,123,1479,0.1388
1375,121,1496,0.1388
1377,123,1500,0.1388
1369,122,1491,0.1388
1379,125,1504,0.1388
1376,125,1501,0.1388
1385,126,1511,0.1388
1371,128,1499,0.1388
1377,127,1504,0.1388
1372,129,1501,0.1388
1363,127,1490,0.1388
1359,128,1487,0.1388
1378,123,1501,0.1388
1375,120,1495,0.1388
1378,121,1499,0.1388
1363,116,1479,0.1388
1374,120,1494,0.1388
1367,120,1487,0.1388
1383,123,1506,0.1388
1374,123,1497,0.1388
1373,124,1497,0.1388
1361,127,1488,0.1388
1357,125,1482,0.1388
1355,123,1478,0.1388
1341,126,1467,0.1388
1354,128,1482,0.1388
1359,131,1490,0.1388
1369,132,1501,0.1388
1368,134,1502,0.1388
1359,138,1497,0.1388
1357,141,1498,0.1388
1362,139,1501,0.1388
1365,135,1500,0.1388
1362,132,1494,0.1388
1353,136,1489,0.1388
1339,136,1475,0.1388
1334,132,1466,0.1388
1352,136,1488,0.1388
1355,141,1496,0.1388
1344,142,1486,0.1388
1345,141,1486,0.1388
1355,141,1496,0.1388
1339,142,1481,0.1388
1347,143,1490,0.1388
1353,149,1502,0.1388
1348,148,1496,0.1388
1343,144,1487,0.1388
1349,146,1495,0.1388
1346,146,1492,0.1388
1348,151,1499,0.1388
1352,145,1497,0.1388
1361,148,1509,0.1388
1354,151,1505,0.1388
1351,152,1503,0.1388
1346,151,1497,0.1388
1353,155,1508,0.1388
1341,152,1493,0.1388
1345,158,1503,0.1388
1353,156,1509,0.1388
1347,155,1502,0.1388
1340,154,1494,0.1388
1334,153,1487,0.1388
1328,157,1485,0.1388
1339,156,1495,0.1388
1339,157,1496,0.1388
1342,156,1498,0.1388
1340,160,1500,0.1388
1332,160,1492,0.1388
1325,163,1488,0.1388
1331,166,1497,0.1388
1329,162,1491,0.1388
1339,160,1499,0.1388
1338,164,1502,0.1388
1339,163,1502,0.1388
1348,163,1511,0.1388
1351,163,1514,0.1388
1350,162,1512,0.1388
1347,164,1511,0.1388
1339,167,1506,0.1388
1325,165,1490,0.1388
1340,166,1506,0.1388
1341,165,1506,0.1388
1338,167,1505,0.1388
1340,167,1507,0.1388
1351,164,1515,0.1388
1354,168,1522,0.1388
1341,166,1507,0.1388
1343,167,1510,0.1388
1349,172,1521,0.1388
1343,174,1517,0.1388
1337,176,1513,0.1388
1336,176,1512,0.1388
1322,173,1495,0.1388
1322,172,1494,0.1388
1322,169,1491,0.1388
1322,168,1490,0.1388
1324,167,1491,0.1388
1317,172,1489,0.1388
1331,173,1504,0.1388
1335,173,1508,0.1388
1334,169,1503,0.1388
1332,167,1499,0.1388
1320,173,1493,0.1388
1323,175,1498,0.1388
1325,177,1502,0.1388
1331,174,1505,0.1388
1313,171,1484,0.1388
1300,175,1475,0.1388
1312,176,1488,0.1388
1309,178,1487,0.1388
1307,184,1491,0.1388
1304,189,1493,0.1388
1315,189,1504,0.1388
1313,188,1501,0.1388
1309,190,1499,0.1388
1306,190,1496,0.1388
1312,190,1502,0.1388
1317,185,1502,0.1388
1303,184,1487,0.1388
1310,191,1501,0.1388
1309,188,1497,0.1388
1305,193,1498,0.1388
1287,199,1486,0.1388
1301,203,1504,0.1388
1287,204,1491,0.1388
1293,202,1495,0.1388
1305,198,1503,0.1388
1301,203,1504,0.1388
1287,205,1492,0.1388
1293,208,1501,0.1388
1290,207,1497,0.1388
1288,214,1502,0.1388
1294,216,1510,0.1388
1293,215,1508,0.1388
1286,218,1504,0.1388
1283,221,1504,0.1388
1284,216,1500,0.1388
1277,220,1497,0.1388
1282,226,1508,0.1388
1277,231,1508,0.1388
1279,234,1513,0.1388
1275,229,1504,0.1388
1263,233,1496,0.1388
1269,238,1507,0.1388
1271,241,1512,0.1388
1261,236,1497,0.1388
1263,240,1503,0.1388
1258,243,1501,0.1388
1249,239,1488,0.1388
1251,246,1497,0.1388
1251,247,1498,0.1388
1243,248,1491,0.1388
1240,245,1485,0.1388
1243,240,1483,0.1388
1251,241,1492,0.1388
1254,244,1498,0.1388
1249,248,1497,0.1388
1255,245,1500,0.1388
1266,250,1516,0.1388
1259,251,1510,0.1388
1249,249,1498,0.1388
1247,258,1505,0.1388
1254,255,1509,0.1388
1256,256,1512,0.1388
1247,254,1501,0.1388
1250,253,1503,0.1388
1242,258,1500,0.1388
1238,263,1501,0.1388
1234,265,1499,0.1388
1235,267,1502,0.1388
1225,269,1494,0.1388
1239,269,1508,0.1388
1236,267,1503,0.1388
1242,270,1512,0.1388
1240,264,1504,0.1388
1230,267,1497,0.1388
1219,269,1488,0.1388
1213,271,1484,0.1388
1218,263,1481,0.1388
1226,267,1493,0.1388
1217,265,1482,0.1388
1212,272,1484,0.1388
1211,281,1492,0.1388
1217,281,1498,0.1388
1219,286,1505,0.1388
1218,294,1512,0.1388
1220,292,1512,0.1388
1229,292,1521,0.1388
1226,293,1519,0.1388
1224,294,1518,0.1388
1207,291,1498,0.1388
1214,283,1497,0.1388
1216,282,1498,0.1388
1215,282,1497,0.1388
1220,283,1503,0.1388
1216,287,1503,0.1388
1216,288,1504,0.1388
1218,287,1505,0.1388
1217,289,1506,0.1388
1229,294,1523,0.1388
1221,291,1512,0.1388
1222,290,1512,0.1388
1226,282,1508,0.1388
1226,285,1511,0.1388
1216,278,1494,0.1388
1209,276,1485,0.1388
1213,276,1489,0.1388
1211,278,1489,0.1388
1208,277,1485,0.1388
1229,276,1505,0.1388
1234,278,1512,0.1388
1228,276,1504,0.1388
1215,278,1493,0.1388
1217,275,1492,0.1388
1225,271,1496,0.1388
1218,278,1496,0.1388
1228,282,1510,0.1388
1238,280,1518,0.1388
1218,277,1495,0.1388
1214,283,1497,0.1388
1214,282,1496,0.1388
1215,279,1494,0.1388
1212,279,1491,0.1388
1214,277,1491,0.1388
1208,280,1488,0.1388
1214,282,1496,0.1388
1230,282,1512,0.1388
1229,286,1515,0.1388
1225,284,1509,0.1388
1213,279,1492,0.1388
1226,278,1504,0.1388
1225,283,1508,0.1388
1233,283,1516,0.1388
1223,285,1508,0.1388
1226,281,1507,0.1388
1226,283,1509,0.1388
1224,283,1507,0.1388
1223,278,1501,0.1388
1223,283,1506,0.1388
1227,283,1510,0.1388
1223,277,1500,0.1388
1213,273,1486,0.1388
1219,271,1490,0.1388
1234,272,1506,0.1388
1228,281,1509,0.1388
1223,285,1508,0.1388
1216,285,1501,0.1388
1223,286,1509,0.1388
1234,281,1515,0.1388
1227,282,1509,0.1388
1237,285,1522,0.1388
1236,282,1518,0.1388
1235,281,1516,0.1388
1227,282,1509,0.1388
1224,277,1501,0.1388
1231,278,1509,0.1388
1214,289,1503,0.1388
1220,291,1511,0.1388
1218,290,1508,0.1388
1216,288,1504,0.1388
1197,293,1490,0.1388
1185,301,1486,0.1388
1176,300,1476,0.1388
1168,297,1465,0.1388
1185,303,1488,0.1388
1182,301,1483,0.1388
1178,307,1485,0.1388
1180,302,1482,0.1388
1181,303,1484,0.1388
1189,305,1494,0.1388
1185,305,1490,0.1388
1182,314,1496,0.1388
1198,315,1513,0.1388
1198,302,1500,0.1388
1190,300,1490,0.1388
1176,307,1483,0.1388
1179,313,1492,0.1388
1196,312,1508,0.1388
1202,317,1519,0.1388
1183,313,1496,0.1388
1185,312,1497,0.1388
1194,315,1509,0.1388
1198,314,1512,0.1388
1196,316,1512,0.1388
1194,322,1516,0.1388
1180,317,1497,0.1388
1186,322,1508,0.1388
1172,329,1501,0.1388
1162,339,1501,0.1388
1145,333,1478,0.1388
1134,338,1472,0.1388
1140,337,1477,0.1388
1139,349,1488,0.1388
1146,344,1490,0.1388
1146,346,1492,0.1388
1148,345,1493,0.1388
1157,339,1496,0.1388
1156,344,1500,0.1388
1152,347,1499,0.1388
1148,346,1494,0.1388
1145,348,1493,0.1388
1142,347,1489,0.1388
1132,350,1482,0.1388
1130,358,1488,0.1388
1129,356,1485,0.1388
1138,362,1500,0.1388
1141,366,1507,0.1388
1144,364,1508,0.1388
1141,360,1501,0.1388
1129,369,1498,0.1388
1131,363,1494,0.1388
1132,370,1502,0.1388
1135,372,1507,0.1388
1138,371,1509,0.1388
1132,384,1516,0.1388
1121,382,1503,0.1388
1120,380,1500,0.1388
1113,370,1483,0.1388
1100,374,1474,0.1388
1106,382,1488,0.1388
1118,383,1501,0.1388
1108,379,1487,0.1388
1118,374,1492,0.1388
1111,381,1492,0.1388
1114,390,1504,0.1388
1110,383,1493,0.1388
1113,386,1499,0.1388
1109,386,1495,0.1388
1109,385,1494,0.1388
1107,396,1503,0.1388
1118,400,1518,0.1388
1101,398,1499,0.1388
1110,396,1506,0.1388
1106,392,1498,0.1388
1117,394,1511,0.1388
1123,386,1509,0.1388
1112,390,1502,0.1388
1093,396,1489,0.1388
1092,391,1483,0.1388
1110,392,1502,0.1388
1099,396,1495,0.1388
1095,395,1490,0.1388
1102,402,1504,0.1388
1105,401,1506,0.1388
1101,406,1507,0.1388
1100,400,1500,0.1388
1093,405,1498,0.1388
1086,404,1490,0.1388
1091,406,1497,0.1388
1094,408,1502,0.1388
1089,405,1494,0.1388
1085,406,1491,0.1388
1085,414,1499,0.1388
1076,416,1492,0.1388
1076,428,1504,0.1388
1078,427,1505,0.1388
1081,430,1511,0.1388
1077,428,1505,0.1388
1066,427,1493,0.1388
1079,428,1507,0.1388
1060,424,1484,0.1388
1061,424,1485,0.1388
1063,434,1497,0.1388
1068,429,1497,0.1388
1069,428,1497,0.1388
1075,436,1511,0.1388
1072,426,1498,0.1388
1070,433,1503,0.1388
1069,430,1499,0.1388
1056,436,1492,0.1388
1053,446,1499,0.1388
1063,449,1512,0.1388
1061,454,1515,0.1388
1053,454,1507,0.1388
1046,453,1499,0.1388
1049,456,1505,0.1388
1072,459,1531,0.1388
1065,458,1523,0.1388
1053,455,1508,0.1388
1052,458,1510,0.1388
1056,457,1513,0.1388
1051,457,1508,0.1388
1057,451,1508,0.1388
1054,446,1500,0.1388
1061,442,1503,0.1388
1068,433,1501,0.1388
1065,440,1505,0.1388
1055,440,1495,0.1388
1049,452,1501,0.1388
1047,455,1502,0.1388
1055,453,1508,0.1388
1051,458,1509,0.1388
1033,461,1494,0.1388
1039,463,1502,0.1388
1041,467,1508,0.1388
1044,469,1513,0.1388
1037,461,1498,0.1388
1032,466,1498,0.1388
1054,463,1517,0.1388
1060,468,1528,0.1388
1042,468,1510,0.1388
1036,466,1502,0.1388
1030,464,1494,0.1388
1026,463,1489,0.1388
1030,450,1480,0.1388
1034,456,1490,0.1388
1032,461,1493,0.1388
1034,467,1501,0.1388
1048,465,1513,0.1388
1041,473,1514,0.1388
1037,477,1514,0.1388
1029,467,1496,0.1388
1031,473,1504,0.1388
1020,479,1499,0.1388
1021,483,1504,0.1388
1010,485,1495,0.1388
1017,477,1494,0.1388
1016,476,1492,0.1388
1009,476,1485,0.1388
1013,477,1490,0.1388
1005,475,1480,0.1388
1004,473,1477,0.1388
999,477,1476,0.1388
998,480,1478,0.1388
1003,474,1477,0.1388
1001,479,1480,0.1388
1001,484,1485,0.1388
1006,494,1500,0.1388
1009,494,1503,0.1388
1012,491,1503,0.1388
1001,499,1500,0.1388
1000,499,1499,0.1388
1000,504,1504,0.1388
992,503,1495,0.1388
995,504,1499,0.1388
988,504,1492,0.1388
998,501,1499,0.1388
1004,499,1503,0.1388
1004,510,1514,0.1388
1004,515,1519,0.1388
1007,516,1523,0.1388
1001,517,1518,0.1388
992,505,1497,0.1388
979,505,1484,0.1388
981,502,1483,0.1388
987,509,1496,0.1388
984,510,1494,0.1388
984,515,1499,0.1388
987,512,1499,0.1388
979,511,1490,0.1388
976,508,1484,0.1388
980,509,1489,0.1388
981,511,1492,0.1388
988,516,1504,0.1388
991,525,1516,0.1388
970,525,1495,0.1388
983,525,1508,0.1388
978,533,1511,0.1388
977,531,1508,0.1388
969,536,1505,0.1388
958,539,1497,0.1388
951,535,1486,0.1388
960,537,1497,0.1388
959,542,1501,0.1388
949,543,1492,0.1388
940,554,1494,0.1388
946,555,1501,0.1388
951,562,1513,0.1388
943,568,1511,0.1388
946,565,1511,0.1388
947,569,1516,0.1388
946,577,1523,0.1388
945,572,1517,0.1388
951,563,1514,0.1388
946,567,1513,0.1388
935,566,1501,0.1388
933,570,1503,0.1388
938,576,1514,0.1388
942,580,1522,0.1388
936,580,1516,0.1388
942,579,1521,0.1388
937,574,1511,0.1388
943,573,1516,0.1388
941,578,1519,0.1388
939,583,1522,0.1388
931,580,1511,0.1388
924,574,1498,0.1388
919,582,1501,0.1388
926,583,1509,0.1388
931,587,1518,0.1388
936,579,1515,0.1388
930,578,1508,0.1388
926,584,1510,0.1388
929,583,1512,0.1388
929,592,1521,0.1388
929,586,1515,0.1388
917,588,1505,0.1388
911,585,1496,0.1388
915,596,1511,0.1388
910,590,1500,0.1388
901,591,1492,0.1388
898,594,1492,0.1388
900,589,1489,0.1388
909,592,1501,0.1388
915,598,1513,0.1388
919,589,1508,0.1388
910,588,1498,0.1388
917,592,1509,0.1388
917,585,1502,0.1388
910,577,1487,0.1388
908,574,1482,0.1388
914,572,1486,0.1388
911,580,1491,0.1388
907,598,1505,0.1388
893,591,1484,0.1388
891,598,1489,0.1388
881,601,1482,0.1388
887,592,1479,0.1388
891,602,1493,0.1388
889,603,1492,0.1388
898,595,1493,0.1388
899,603,1502,0.1388
901,605,1506,0.1388
891,600,1491,0.1388
902,600,1502,0.1388
903,606,1509,0.1388
907,606,1513,0.1388
895,605,1500,0.1388
890,605,1495,0.1388
886,611,1497,0.1388
890,613,1503,0.1388
895,606,1501,0.1388
899,604,1503,0.1388
895,616,1511,0.1388
897,610,1507,0.1388
894,608,1502,0.1388
900,606,1506,0.1388
905,609,1514,0.1388
900,615,1515,0.1388
899,604,1503,0.1388
900,605,1505,0.1388
898,606,1504,0.1388
910,596,1506,0.1388
920,598,1518,0.1388
923,594,1517,0.1388
929,590,1519,0.1388
921,592,1513,0.1388
920,591,1511,0.1388
905,602,1507,0.1388
899,610,1509,0.1388
902,612,1514,0.1388
900,608,1508,0.1388
893,599,1492,0.1388
889,603,1492,0.1388
889,600,1489,0.1388
906,599,1505,0.1388
915,604,1519,0.1388
899,619,1518,0.1388
900,623,1523,0.1388
895,612,1507,0.1388
895,615,1510,0.1388
892,621,1513,0.1388
895,614,1509,0.1388
911,610,1521,0.1388
896,607,1503,0.1388
890,612,1502,0.1388
890,613,1503,0.1388
878,610,1488,0.1388
880,611,1491,0.1388
879,611,1490,0.1388
877,605,1482,0.1388
877,602,1479,0.1388
872,603,1475,0.1388
869,608,1477,0.1388
874,604,1478,0.1388
882,619,1501,0.1388
880,621,1501,0.1388
874,627,1501,0.1388
881,621,1502,0.1388
881,622,1503,0.1388
873,620,1493,0.1388
877,631,1508,0.1388
872,633,1505,0.1388
865,633,1498,0.1388
866,642,1508,0.1388
864,637,1501,0.1388
864,631,1495,0.1388
861,631,1492,0.1388
861,636,1497,0.1388
867,643,1510,0.1388
861,643,1504,0.1388
859,644,1503,0.1388
864,650,1514,0.1388
859,656,1515,0.1388
861,648,1509,0.1388
848,648,1496,0.1388
846,655,1501,0.1388
841,661,1502,0.1388
843,670,1513,0.1388
839,661,1500,0.1388
841,655,1496,0.1388
847,659,1506,0.1388
844,652,1496,0.1388
839,659,1498,0.1388
838,664,1502,0.1388
849,673,1522,0.1388
844,668,1512,0.1388
840,664,1504,0.1388
839,663,1502,0.1388
831,672,1503,0.1388
837,674,1511,0.1388
841,666,1507,0.1388
841,669,1510,0.1388
838,665,1503,0.1388
839,661,1500,0.1388
844,662,1506,0.1388
835,661,1496,0.1388
834,667,1501,0.1388
841,663,1504,0.1388
849,673,1522,0.1388
851,670,1521,0.1388
836,669,1505,0.1388
840,677,1517,0.1388
838,678,1516,0.1388
842,670,1512,0.1388
846,668,1514,0.1388
846,659,1505,0.1388
834,673,1507,0.1388
832,678,1510,0.1388
822,681,1503,0.1388
814,673,1487,0.1388
812,679,1491,0.1388
814,668,1482,0.1388
817,672,1489,0.1388
819,673,1492,0.1388
814,676,1490,0.1388
806,682,1488,0.1388
801,684,1485,0.1388
805,683,1488,0.1388
797,686,1483,0.1388
796,696,1492,0.1388
796,698,1494,0.1388
804,705,1509,0.1388
806,707,1513,0.1388
809,698,1507,0.1388
807,700,1507,0.1388
807,705,1512,0.1388
808,705,1513,0.1388
813,709,1522,0.1388
804,710,1514,0.1388
799,710,1509,0.1388
793,709,1502,0.1388
801,698,1499,0.1388
797,702,1499,0.1388
791,708,1499,0.1388
794,713,1507,0.1388
797,715,1512,0.1388
791,724,1515,0.1388
793,728,1521,0.1388
793,726,1519,0.1388
779,727,1506,0.1388
776,728,1504,0.1388
778,723,1501,0.1388
790,724,1514,0.1388
783,724,1507,0.1388
790,719,1509,0.1388
786,725,1511,0.1388
774,726,1500,0.1388
773,720,1493,0.1388
764,716,1480,0.1388
762,726,1488,0.1388
768,732,1500,0.1388
765,734,1499,0.1388
762,735,1497,0.1388
757,724,1481,0.1388
765,727,1492,0.1388
766,738,1504,0.1388
768,738,1506,0.1388
767,725,1492,0.1388
758,726,1484,0.1388
758,733,1491,0.1388
765,731,1496,0.1388
759,738,1497,0.1388
758,753,1511,0.1388
754,752,1506,0.1388
752,754,1506,0.1388
753,750,1503,0.1388
759,756,1515,0.1388
763,749,1512,0.1388
755,751,1506,0.1388
762,748,1510,0.1388
754,752,1506,0.1388
755,761,1516,0.1388
746,759,1505,0.1388
749,745,1494,0.1388
745,749,1494,0.1388
740,756,1496,0.1388
743,743,1486,0.1388
745,744,1489,0.1388
747,750,1497,0.1388
757,761,1518,0.1388
757,763,1520,0.1388
761,769,1530,0.1388
749,757,1506,0.1388
745,759,1504,0.1388
735,760,1495,0.1388
730,762,1492,0.1388
736,759,1495,0.1388
734,770,1504,0.1388
745,774,1519,0.1388
736,779,1515,0.1388
737,780,1517,0.1388
733,775,1508,0.1388
731,776,1507,0.1388
734,779,1513,0.1388
723,785,1508,0.1388
720,788,1508,0.1388
712,794,1506,0.1388
710,775,1485,0.1388
706,771,1477,0.1388
711,787,1498,0.1388
713,803,1516,0.1388
718,798,1516,0.1388
712,804,1516,0.1388
707,808,1515,0.1388
704,803,1507,0.1388
712,796,1508,0.1388
717,797,1514,0.1388
703,797,1500,0.1388
697,802,1499,0.1388
692,796,1488,0.1388
697,784,1481,0.1388
703,794,1497,0.1388
709,801,1510,0.1388
704,805,1509,0.1388
695,805,1500,0.1388
690,805,1495,0.1388
687,808,1495,0.1388
680,808,1488,0.1388
681,811,1492,0.1388
679,800,1479,0.1388
678,815,1493,0.1388
678,812,1490,0.1388
684,809,1493,0.1388
686,811,1497,0.1388
683,816,1499,0.1388
687,827,1514,0.1388
675,832,1507,0.1388
674,841,1515,0.1388
671,842,1513,0.1388
663,834,1497,0.1388
665,841,1506,0.1388
657,838,1495,0.1388
653,838,1491,0.1388
659,840,1499,0.1388
659,853,1512,0.1388
653,854,1507,0.1388
649,854,1503,0.1388
651,848,1499,0.1388
655,845,1500,0.1388
655,848,1503,0.1388
658,852,1510,0.1388
650,860,1510,0.1388
647,868,1515,0.1388
650,860,1510,0.1388
649,868,1517,0.1388
654,874,1528,0.1388
641,859,1500,0.1388
653,856,1509,0.1388
646,863,1509,0.1388
653,872,1525,0.1388
657,870,1527,0.1388
657,869,1526,0.1388
649,870,1519,0.1388
649,872,1521,0.1388
643,868,1511,0.1388
642,864,1506,0.1388
636,858,1494,0.1388
639,852,1491,0.1388
634,871,1505,0.1388
621,875,1496,0.1388
619,879,1498,0.1388
625,876,1501,0.1388
620,883,1503,0.1388
615,878,1493,0.1388
622,883,1505,0.1388
621,884,1505,0.1388
624,888,1512,0.1388
627,888,1515,0.1388
634,878,1512,0.1388
629,878,1507,0.1388
631,877,1508,0.1388
644,878,1522,0.1388
631,881,1512,0.1388
634,872,1506,0.1388
636,866,1502,0.1388
630,874,1504,0.1388
626,878,1504,0.1388
615,895,1510,0.1388
613,891,1504,0.1388
619,892,1511,0.1388
618,891,1509,0.1388
618,894,1512,0.1388
615,896,1511,0.1388
607,890,1497,0.1388
603,886,1489,0.1388
600,897,1497,0.1388
605,890,1495,0.1388
603,906,1509,0.1388
606,902,1508,0.1388
610,902,1512,0.1388
594,903,1497,0.1388
598,905,1503,0.1388
596,908,1504,0.1388
592,920,1512,0.1388
591,926,1517,0.1388
594,929,1523,0.1388
581,931,1512,0.1388
579,929,1508,0.1388
584,927,1511,0.1388
577,924,1501,0.1388
587,923,1510,0.1388
586,927,1513,0.1388
585,917,1502,0.1388
580,913,1493,0.1388
576,916,1492,0.1388
574,918,1492,0.1388
576,927,1503,0.1388
574,933,1507,0.1388
584,934,1518,0.1388
581,927,1508,0.1388
572,924,1496,0.1388
571,927,1498,0.1388
570,938,1508,0.1388
562,938,1500,0.1388
559,940,1499,0.1388
564,939,1503,0.1388
567,943,1510,0.1388
564,948,1512,0.1388
565,954,1519,0.1388
564,950,1514,0.1388
558,954,1512,0.1388
564,957,1521,0.1388
565,950,1515,0.1388
554,960,1514,0.1388
548,955,1503,0.1388
535,952,1487,0.1388
536,953,1489,0.1388
542,963,1505,0.1388
544,966,1510,0.1388
540,963,1503,0.1388
536,962,1498,0.1388
538,959,1497,0.1388
548,954,1502,0.1388
547,956,1503,0.1388
537,955,1492,0.1388
547,960,1507,0.1388
546,966,1512,0.1388
553,964,1517,0.1388
548,966,1514,0.1388
544,981,1525,0.1388
541,968,1509,0.1388
537,961,1498,0.1388
533,966,1499,0.1388
530,977,1507,0.1388
524,981,1505,0.1388
526,988,1514,0.1388
517,989,1506,0.1388
514,989,1503,0.1388
517,988,1505,0.1388
522,989,1511,0.1388
522,990,1512,0.1388
528,983,1511,0.1388
524,988,1512,0.1388
521,991,1512,0.1388
520,1002,1522,0.1388
520,998,1518,0.1388
520,995,1515,0.1388
523,979,1502,0.1388
527,975,1502,0.1388
527,983,1510,0.1388
516,999,1515,0.1388
513,1005,1518,0.1388
511,1015,1526,0.1388
513,1013,1526,0.1388
511,1021,1532,0.1388
503,1012,1515,0.1388
499,1019,1518,0.1388
498,1016,1514,0.1388
497,1009,1506,0.1388
496,1015,1511,0.1388
493,1007,1500,0.1388
492,994,1486,0.1388
491,1007,1498,0.1388
486,1007,1493,0.1388
495,1011,1506,0.1388
509,1005,1514,0.1388
511,1012,1523,0.1388
510,1006,1516,0.1388
511,1006,1517,0.1388
507,1007,1514,0.1388
504,1000,1504,0.1388
513,999,1512,0.1388
509,1002,1511,0.1388
507,1004,1511,0.1388
498,1017,1515,0.1388
492,1023,1515,0.1388
492,1022,1514,0.1388
491,1016,1507,0.1388
490,1010,1500,0.1388
494,1012,1506,0.1388
492,1023,1515,0.1388
492,1028,1520,0.1388
487,1024,1511,0.1388
489,1024,1513,0.1388
497,1017,1514,0.1388
498,1021,1519,0.1388
506,1022,1528,0.1388
506,1022,1528,0.1388
501,1027,1528,0.1388
497,1018,1515,0.1388
497,1016,1513,0.1388
492,1022,1514,0.1388
499,1014,1513,0.1388
489,1019,1508,0.1388
493,1022,1515,0.1388
485,1013,1498,0.1388
494,1010,1504,0.1388
505,1005,1510,0.1388
501,1018,1519,0.1388
493,1019,1512,0.1388
495,1004,1499,0.1388
486,1014,1500,0.1388
488,1016,1504,0.1388
490,1021,1511,0.1388
480,1019,1499,0.1388
483,1020,1503,0.1388
486,1040,1526,0.1388
475,1045,1520,0.1388
474,1045,1519,0.1388
472,1046,1518,0.1388
479,1043,1522,0.1388
471,1048,1519,0.1388
468,1038,1506,0.1388
470,1032,1502,0.1388
479,1039,1518,0.1388
482,1019,1501,0.1388
480,1025,1505,0.1388
485,1027,1512,0.1388
479,1035,1514,0.1388
467,1047,1514,0.1388
472,1052,1524,0.1388
466,1046,1512,0.1388
470,1048,1518,0.1388
472,1037,1509,0.1388
471,1038,1509,0.1388
474,1032,1506,0.1388
483,1036,1519,0.1388
483,1038,1521,0.1388
479,1036,1515,0.1388
478,1032,1510,0.1388
477,1040,1517,0.1388
480,1046,1526,0.1388
478,1042,1520,0.1388
481,1036,1517,0.1388
473,1036,1509,0.1388
469,1043,1512,0.1388
471,1037,1508,0.1388
465,1039,1504,0.1388
474,1043,1517,0.1388
473,1039,1512,0.1388
469,1039,1508,0.1388
475,1046,1521,0.1388
471,1043,1514,0.1388
463,1051,1514,0.1388
460,1039,1499,0.1388
457,1037,1494,0.1388
458,1032,1490,0.1388
457,1047,1504,0.1388
456,1048,1504,0.1388
455,1043,1498,0.1388
455,1050,1505,0.1388
451,1061,1512,0.1388
451,1053,1504,0.1388
450,1064,1514,0.1388
448,1065,1513,0.1388
443,1065,1508,0.1388
447,1072,1519,0.1388
447,1073,1520,0.1388
446,1073,1519,0.1388
447,1079,1526,0.1388
439,1083,1522,0.1388
438,1080,1518,0.1388
435,1070,1505,0.1388
436,1066,1502,0.1388
436,1066,1502,0.1388
434,1061,1495,0.1388
433,1071,1504,0.1388
424,1082,1506,0.1388
427,1076,1503,0.1388
425,1074,1499,0.1388
428,1087,1515,0.1388
425,1086,1511,0.1388
424,1076,1500,0.1388
417,1085,1502,0.1388
418,1102,1520,0.1388
412,1103,1515,0.1388
413,1107,1520,0.1388
412,1119,1531,0.1388
413,1116,1529,0.1388
416,1117,1533,0.1388
409,1124,1533,0.1388
412,1112,1524,0.1388
412,1108,1520,0.1388
414,1099,1513,0.1388
413,1102,1515,0.1388
418,1104,1522,0.1388
419,1102,1521,0.1388
418,1105,1523,0.1388
415,1109,1524,0.1388
411,1094,1505,0.1388
414,1100,1514,0.1388
408,1097,1505,0.1388
410,1105,1515,0.1388
411,1102,1513,0.1388
413,1102,1515,0.1388
410,1099,1509,0.1388
412,1099,1511,0.1388
414,1103,1517,0.1388
409,1101,1510,0.1388
413,1100,1513,0.1388
416,1107,1523,0.1388
411,1105,1516,0.1388
413,1103,1516,0.1388
405,1104,1509,0.1388
403,1094,1497,0.1388
400,1084,1484,0.1388
401,1095,1496,0.1388
402,1103,1505,0.1388
398,1107,1505,0.1388
400,1107,1507,0.1388
398,1110,1508,0.1388
403,1111,1514,0.1388
398,1108,1506,0.1388
393,1108,1501,0.1388
391,1116,1507,0.1388
395,1126,1521,0.1388
397,1113,1510,0.1388
401,1103,1504,0.1388
402,1108,1510,0.1388
400,1110,1510,0.1388
397,1105,1502,0.1388
399,1105,1504,0.1388
402,1104,1506,0.1388
399,1104,1503,0.1388
396,1105,1501,0.1388
401,1109,1510,0.1388
402,1105,1507,0.1388
404,1109,1513,0.1388
406,1114,1520,0.1388
403,1111,1514,0.1388
402,1103,1505,0.1388
407,1113,1520,0.1388
396,1121,1517,0.1388
397,1122,1519,0.1388
403,1125,1528,0.1388
399,1132,1531,0.1388
387,1122,1509,0.1388
379,1124,1503,0.1388
380,1134,1514,0.1388
375,1127,1502,0.1388
373,1127,1500,0.1388
383,1120,1503,0.1388
379,1126,1505,0.1388
379,1117,1496,0.1388
378,1121,1499,0.1388
377,1124,1501,0.1388
368,1123,1491,0.1388
366,1122,1488,0.1388
374,1128,1502,0.1388
380,1136,1516,0.1388
383,1136,1519,0.1388
389,1132,1521,0.1388
385,1129,1514,0.1388
391,1132,1523,0.1388
399,1135,1534,0.1388
397,1125,1522,0.1388
394,1115,1509,0.1388
397,1119,1516,0.1388
396,1126,1522,0.1388
396,1128,1524,0.1388
397,1130,1527,0.1388
398,1128,1526,0.1388
396,1119,1515,0.1388
408,1116,1524,0.1388
406,1128,1534,0.1388
407,1119,1526,0.1388
404,1111,1515,0.1388
395,1101,1496,0.1388
397,1102,1499,0.1388
395,1098,1493,0.1388
402,1097,1499,0.1388
405,1097,1502,0.1388
408,1102,1510,0.1388
406,1111,1517,0.1388
405,1097,1502,0.1388
406,1105,1511,0.1388
413,1112,1525,0.1388
409,1119,1528,0.1388
411,1121,1532,0.1388
403,1118,1521,0.1388
405,1119,1524,0.1388
402,1117,1519,0.1388
400,1118,1518,0.1388
405,1119,1524,0.1388
406,1113,1519,0.1388
401,1115,1516,0.1388
404,1104,1508,0.1388
403,1111,1514,0.1388
405,1106,1511,0.1388
407,1118,1525,0.1388
406,1117,1523,0.1388
403,1109,1512,0.1388
401,1098,1499,0.1388
391,1104,1495,0.1388
389,1103,1492,0.1388
387,1105,1492,0.1388
397,1107,1504,0.1388
401,1103,1504,0.1388
409,1102,1511,0.1388
408,1086,1494,0.1388
400,1106,1506,0.1388
395,1117,1512,0.1388
397,1111,1508,0.1388
392,1125,1517,0.1388
391,1129,1520,0.1388
400,1130,1530,0.1388
400,1114,1514,0.1388
402,1106,1508,0.1388
398,1111,1509,0.1388
398,1117,1515,0.1388
393,1125,1518,0.1388
388,1117,1505,0.1388
388,1116,1504,0.1388
388,1117,1505,0.1388
388,1118,1506,0.1388
383,1121,1504,0.1388
384,1128,1512,0.1388
385,1125,1510,0.1388
386,1114,1500,0.1388
387,1118,1505,0.1388
384,1117,1501,0.1388
381,1122,1503,0.1388
386,1128,1514,0.1388
385,1141,1526,0.1388
385,1123,1508,0.1388
381,1118,1499,0.1388
378,1135,1513,0.1388
371,1144,1515,0.1388
371,1150,1521,0.1388
373,1145,1518,0.1388
367,1145,1512,0.1388
368,1145,1513,0.1388
364,1142,1506,0.1388
367,1144,1511,0.1388
366,1137,1503,0.1388
364,1150,1514,0.1388
367,1149,1516,0.1388
368,1145,1513,0.1388
373,1146,1519,0.1388
371,1154,1525,0.1388
374,1158,1532,0.1388
369,1147,1516,0.1388
367,1154,1521,0.1388
365,1156,1521,0.1388
363,1147,1510,0.1388
363,1145,1508,0.1388
364,1144,1508,0.1388
362,1159,1521,0.1388
367,1152,1519,0.1388
370,1143,1513,0.1388
369,1145,1514,0.1388
369,1149,1518,0.1388
366,1152,1518,0.1388
369,1147,1516,0.1388
371,1145,1516,0.1388
365,1142,1507,0.1388
358,1132,1490,0.1388
354,1141,1495,0.1388
352,1142,1494,0.1388
357,1148,1505,0.1388
348,1156,1504,0.1388
348,1163,1511,0.1388
350,1157,1507,0.1388
350,1158,1508,0.1388
354,1161,1515,0.1388
352,1164,1516,0.1388
353,1157,1510,0.1388
354,1159,1513,0.1388
349,1168,1517,0.1388
340,1174,1514,0.1388
340,1172,1512,0.1388
342,1175,1517,0.1388
346,1176,1522,0.1388
345,1175,1520,0.1388
342,1164,1506,0.1388
339,1169,1508,0.1388
334,1178,1512,0.1388
334,1185,1519,0.1388
333,1186,1519,0.1388
336,1176,1512,0.1388
330,1184,1514,0.1388
326,1175,1501,0.1388
329,1175,1504,0.1388
333,1185,1518,0.1388
338,1183,1521,0.1388
339,1187,1526,0.1388
337,1175,1512,0.1388
335,1175,1510,0.1388
332,1181,1513,0.1388
329,1189,1518,0.1388
323,1190,1513,0.1388
318,1180,1498,0.1388
313,1182,1495,0.1388
316,1181,1497,0.1388
323,1193,1516,0.1388
321,1200,1521,0.1388
318,1196,1514,0.1388
314,1183,1497,0.1388
320,1186,1506,0.1388
323,1189,1512,0.1388
326,1181,1507,0.1388
318,1186,1504,0.1388
318,1172,1490,0.1388
321,1176,1497,0.1388
327,1191,1518,0.1388
324,1200,1524,0.1388
323,1202,1525,0.1388
320,1202,1522,0.1388
320,1192,1512,0.1388
321,1188,1509,0.1388
315,1191,1506,0.1388
322,1188,1510,0.1388
320,1187,1507,0.1388
321,1192,1513,0.1388
319,1194,1513,0.1388
320,1201,1521,0.1388
316,1200,1516,0.1388
316,1202,1518,0.1388
318,1209,1527,0.1388
321,1196,1517,0.1388
318,1197,1515,0.1388
313,1209,1522,0.1388
315,1220,1535,0.1388
315,1217,1532,0.1388
314,1203,1517,0.1388
308,1215,1523,0.1388
308,1204,1512,0.1388
310,1196,1506,0.1388
306,1196,1502,0.1388
304,1207,1511,0.1388
302,1207,1509,0.1388
300,1202,1502,0.1388
298,1209,1507,0.1388
295,1201,1496,0.1388
296,1211,1507,0.1388
296,1204,1500,0.1388
298,1210,1508,0.1388
297,1199,1496,0.1388
299,1209,1508,0.1388
296,1211,1507,0.1388
295,1209,1504,0.1388
292,1217,1509,0.1388
296,1219,1515,0.1388
296,1214,1510,0.1388
303,1215,1518,0.1388
303,1214,1517,0.1388
301,1213,1514,0.1388
303,1206,1509,0.1388
307,1208,1515,0.1388
307,1218,1525,0.1388
308,1212,1520,0.1388
308,1199,1507,0.1388
301,1199,1500,0.1388
301,1210,1511,0.1388
302,1204,1506,0.1388
300,1206,1506,0.1388
301,1201,1502,0.1388
295,1205,1500,0.1388
288,1204,1492,0.1388
291,1213,1504,0.1388
292,1213,1505,0.1388
295,1217,1512,0.1388
287,1209,1496,0.1388
295,1204,1499,0.1388
298,1208,1506,0.1388
299,1213,1512,0.1388
299,1222,1521,0.1388
293,1233,1526,0.1388
285,1232,1517,0.1388
288,1234,1522,0.1388
285,1226,1511,0.1388
287,1229,1516,0.1388
282,1229,1511,0.1388
282,1224,1506,0.1388
280,1217,1497,0.1388
280,1226,1506,0.1388
277,1230,1507,0.1388
277,1229,1506,0.1388
278,1238,1516,0.1388
276,1242,1518,0.1388
280,1244,1524,0.1388
277,1244,1521,0.1388
273,1234,1507,0.1388
270,1236,1506,0.1388
273,1236,1509,0.1388
279,1242,1521,0.1388
276,1237,1513,0.1388
278,1236,1514,0.1388
279,1238,1517,0.1388
272,1244,1516,0.1388
278,1243,1521,0.1388
276,1246,1522,0.1388
276,1251,1527,0.1388
273,1245,1518,0.1388
279,1247,1526,0.1388
278,1243,1521,0.1388
273,1231,1504,0.1388
270,1237,1507,0.1388
266,1242,1508,0.1388
262,1246,1508,0.1388
266,1257,1523,0.1388
270,1253,1523,0.1388
270,1244,1514,0.1388
271,1250,1521,0.1388
267,1254,1521,0.1388
267,1250,1517,0.1388
269,1249,1518,0.1388
271,1247,1518,0.1388
258,1251,1509,0.1388
262,1252,1514,0.1388
262,1261,1523,0.1388
261,1266,1527,0.1388
259,1271,1530,0.1388
253,1262,1515,0.1388
254,1249,1503,0.1388
253,1258,1511,0.1388
255,1257,1512,0.1388
251,1253,1504,0.1388
254,1257,1511,0.1388
253,1252,1505,0.1388
253,1255,1508,0.1388
250,1256,1506,0.1388
241,1253,1494,0.1388
240,1253,1493,0.1388
238,1264,1502,0.1388
243,1256,1499,0.1388
245,1271,1516,0.1388
243,1268,1511,0.1388
241,1272,1513,0.1388
244,1273,1517,0.1388
243,1281,1524,0.1388
243,1284,1527,0.1388
242,1287,1529,0.1388
241,1287,1528,0.1388
242,1281,1523,0.1388
236,1282,1518,0.1388
238,1273,1511,0.1388
238,1283,1521,0.1388
242,1285,1527,0.1388
240,1281,1521,0.1388
232,1283,1515,0.1388
224,1283,1507,0.1388
225,1288,1513,0.1388
227,1285,1512,0.1388
225,1280,1505,0.1388
225,1287,1512,0.1388
223,1297,1520,0.1388
224,1301,1525,0.1388
224,1288,1512,0.1388
224,1285,1509,0.1388
228,1284,1512,0.1388
227,1273,1500,0.1388
225,1273,1498,0.1388
229,1293,1522,0.1388
229,1293,1522,0.1388
228,1295,1523,0.1388
226,1288,1514,0.1388
225,1289,1514,0.1388
225,1300,1525,0.1388
228,1296,1524,0.1388
222,1293,1515,0.1388
221,1285,1506,0.1388
223,1274,1497,0.1388
219,1282,1501,0.1388
216,1284,1500,0.1388
223,1289,1512,0.1388
220,1291,1511,0.1388
223,1291,1514,0.1388
225,1291,1516,0.1388
226,1286,1512,0.1388
225,1288,1513,0.1388
221,1284,1505,0.1388
224,1283,1507,0.1388
222,1284,1506,0.1388
222,1289,1511,0.1388
223,1299,1522,0.1388
223,1297,1520,0.1388
225,1297,1522,0.1388
226,1306,1532,0.1388
226,1300,1526,0.1388
227,1295,1522,0.1388
224,1297,1521,0.1388
221,1283,1504,0.1388
216,1293,1509,0.1388
213,1285,1498,0.1388
207,1291,1498,0.1388
212,1300,1512,0.1388
211,1296,1507,0.1388
209,1288,1497,0.1388
210,1290,1500,0.1388
208,1297,1505,0.1388
209,1309,1518,0.1388
208,1313,1521,0.1388
205,1319,1524,0.1388
208,1312,1520,0.1388
203,1304,1507,0.1388
208,1305,1513,0.1388
206,1315,1521,0.1388
205,1324,1529,0.1388
196,1319,1515,0.1388
196,1316,1512,0.1388
196,1324,1520,0.1388
195,1329,1524,0.1388
195,1317,1512,0.1388
191,1329,1520,0.1388
191,1333,1524,0.1388
198,1313,1511,0.1388
196,1315,1511,0.1388
193,1308,1501,0.1388
192,1322,1514,0.1388
193,1319,1512,0.1388
190,1320,1510,0.1388
195,1315,1510,0.1388
197,1310,1507,0.1388
199,1312,1511,0.1388
201,1308,1509,0.1388
200,1321,1521,0.1388
202,1322,1524,0.1388
206,1319,1525,0.1388
207,1311,1518,0.1388
205,1312,1517,0.1388
201,1317,1518,0.1388
200,1312,1512,0.1388
197,1316,1513,0.1388
192,1328,1520,0.1388
196,1303,1499,0.1388
191,1314,1505,0.1388
188,1320,1508,0.1388
185,1330,1515,0.1388
181,1332,1513,0.1388
180,1323,1503,0.1388
173,1323,1496,0.1388
172,1329,1501,0.1388
169,1331,1500,0.1388
166,1346,1512,0.1388
169,1346,1515,0.1388
172,1341,1513,0.1388
170,1337,1507,0.1388
172,1343,1515,0.1388
173,1342,1515,0.1388
167,1351,1518,0.1388
169,1346,1515,0.1388
172,1347,1519,0.1388
173,1335,1508,0.1388
169,1343,1512,0.1388
170,1341,1511,0.1388
169,1347,1516,0.1388
168,1363,1531,0.1388
165,1355,1520,0.1388
164,1352,1516,0.1388
166,1355,1521,0.1388
166,1357,1523,0.1388
163,1358,1521,0.1388
165,1358,1523,0.1388
165,1346,1511,0.1388
162,1353,1515,0.1388
160,1350,1510,0.1388
160,1349,1509,0.1388
163,1352,1515,0.1388
164,1362,1526,0.1388
165,1357,1522,0.1388
167,1357,1524,0.1388
163,1355,1518,0.1388
163,1360,1523,0.1388
160,1362,1522,0.1388
157,1365,1522,0.1388
157,1360,1517,0.1388
155,1368,1523,0.1388
159,1365,1524,0.1388
157,1360,1517,0.1388
152,1358,1510,0.1388
149,1362,1511,0.1388
151,1371,1522,0.1388
156,1370,1526,0.1388
156,1375,1531,0.1388
154,1361,1515,0.1388
153,1360,1513,0.1388
151,1367,1518,0.1388
151,1359,1510,0.1388
147,1379,1526,0.1388
146,1369,1515,0.1388
144,1366,1510,0.1388
144,1371,1515,0.1388
145,1376,1521,0.1388
145,1369,1514,0.1388
140,1367,1507,0.1388
144,1366,1510,0.1388
142,1377,1519,0.1388
140,1365,1505,0.1388
139,1373,1512,0.1388
137,1365,1502,0.1388
141,1380,1521,0.1388
140,1368,1508,0.1388
141,1366,1507,0.1388
143,1378,1521,0.1388
143,1385,1528,0.1388
142,1366,1508,0.1388
135,1355,1490,0.1388
137,1353,1490,0.1388
136,1360,1496,0.1388
134,1365,1499,0.1388
137,1374,1511,0.1388
135,1365,1500,0.1388
137,1372,1509,0.1388
137,1377,1514,0.1388
136,1378,1514,0.1388
136,1380,1516,0.1388
135,1388,1523,0.1388
134,1395,1529,0.1388
135,1382,1517,0.1388
135,1368,1503,0.1388
131,1364,1495,0.1388
130,1366,1496,0.1388
126,1376,1502,0.1388
129,1392,1521,0.1388
129,1398,1527,0.1388
128,1397,1525,0.1388
126,1394,1520,0.1388
125,1386,1511,0.1388
125,1400,1525,0.1388
125,1391,1516,0.1388
128,1395,1523,0.1388
125,1387,1512,0.1388
122,1394,1516,0.1388
121,1394,1515,0.1388
120,1400,1520,0.1388
122,1413,1535,0.1388
124,1390,1514,0.1388
122,1388,1510,0.1388
121,1381,1502,0.1388
124,1378,1502,0.1388
124,1383,1507,0.1388
121,1375,1496,0.1388
119,1387,1506,0.1388
124,1403,1527,0.1388
127,1407,1534,0.1388
126,1404,1530,0.1388
125,1394,1519,0.1388
125,1403,1528,0.1388
124,1402,1526,0.1388
121,1397,1518,0.1388
119,1404,1523,0.1388
119,1402,1521,0.1388
116,1398,1514,0.1388
118,1392,1510,0.1388
117,1395,1512,0.1388
120,1407,1527,0.1388
122,1400,1522,0.1388
123,1392,1515,0.1388
124,1394,1518,0.1388
123,1394,1517,0.1388
122,1404,1526,0.1388
116,1399,1515,0.1388
116,1401,1517,0.1388
116,1402,1518,0.1388
118,1404,1522,0.1388
116,1404,1520,0.1388
118,1403,1521,0.1388
117,1404,1521,0.1388
118,1416,1534,0.1388
115,1403,1518,0.1388
114,1397,1511,0.1388
111,1393,1504,0.1388
116,1393,1509,0.1388
118,1393,1511,0.1388
117,1385,1502,0.1388
118,1392,1510,0.1388
116,1396,1512,0.1388
118,1408,1526,0.1388
116,1411,1527,0.1388
116,1391,1507,0.1388
115,1403,1518,0.1388
119,1399,1518,0.1388
119,1404,1523,0.1388
119,1400,1519,0.1388
116,1395,1511,0.1388
118,1384,1502,0.1388
118,1399,1517,0.1388
113,1397,1510,0.1388
111,1397,1508,0.1388
110,1400,1510,0.1388
106,1399,1505,0.1388
104,1406,1510,0.1388
107,1415,1522,0.1388
105,1416,1521,0.1388
103,1412,1515,0.1388
104,1417,1521,0.1388
103,1420,1523,0.1388
105,1421,1526,0.1388
107,1409,1516,0.1388
107,1408,1515,0.1388
109,1420,1529,0.1388
109,1410,1519,0.1388
109,1402,1511,0.1388
108,1411,1519,0.1388
107,1402,1509,0.1388
106,1403,1509,0.1388
106,1395,1501,0.1388
107,1405,1512,0.1388
103,1414,1517,0.1388
103,1419,1522,0.1388
102,1420,1522,0.1388
103,1427,1530,0.1388
102,1409,1511,0.1388
100,1411,1511,0.1388
103,1418,1521,0.1388
106,1417,1523,0.1388
105,1415,1520,0.1388
99,1422,1521,0.1388
98,1428,1526,0.1388
99,1423,1522,0.1388
104,1414,1518,0.1388
104,1417,1521,0.1388
100,1415,1515,0.1388
101,1420,1521,0.1388
102,1419,1521,0.1388
100,1411,1511,0.1388
100,1422,1522,0.1388
97,1419,1516,0.1388
96,1416,1512,0.1388
96,1411,1507,0.1388
91,1419,1510,0.1388
89,1432,1521,0.1388
89,1426,1515,0.1388
84,1423,1507,0.1388
83,1434,1517,0.1388
85,1433,1518,0.1388
85,1440,1525,0.1388
83,1437,1520,0.1388
84,1434,1518,0.1388
83,1431,1514,0.1388
82,1429,1511,0.1388
81,1442,1523,0.1388
82,1442,1524,0.1388
83,1431,1514,0.1388
81,1439,1520,0.1388
82,1428,1510,0.1388
82,1433,1515,0.1388
84,1434,1518,0.1388
85,1432,1517,0.1388
86,1427,1513,0.1388
86,1435,1521,0.1388
87,1420,1507,0.1388
83,1438,1521,0.1388
85,1440,1525,0.1388
83,1442,1525,0.1388
85,1433,1518,0.1388
80,1432,1512,0.1388
81,1430,1511,0.1388
83,1429,1512,0.1388
80,1443,1523,0.1388
80,1445,1525,0.1388
80,1442,1522,0.1388
79,1448,1527,0.1388
79,1442,1521,0.1388
79,1435,1514,0.1388
78,1448,1526,0.1388
76,1438,1514,0.1388
76,1435,1511,0.1388
73,1441,1514,0.1388
69,1431,1500,0.1388
74,1436,1510,0.1388
76,1435,1511,0.1388
78,1441,1519,0.1388
80,1446,1526,0.1388
82,1439,1521,0.1388
81,1439,1520,0.1388
80,1445,1525,0.1388
82,1438,1520,0.1388
82,1433,1515,0.1388
84,1444,1528,0.1388
83,1444,1527,0.1388
84,1437,1521,0.1388
84,1431,1515,0.1388
86,1436,1522,0.1388
84,1437,1521,0.1388
84,1445,1529,0.1388
79,1443,1522,0.1388
81,1425,1506,0.1388
83,1434,1517,0.1388
78,1431,1509,0.1388
78,1428,1506,0.1388
76,1434,1510,0.1388
72,1434,1506,0.1388
70,1428,1498,0.1388
71,1433,1504,0.1388
70,1436,1506,0.1388
71,1457,1528,0.1388
68,1459,1527,0.1388
67,1468,1535,0.1388
66,1445,1511,0.1388
64,1455,1519,0.1388
62,1452,1514,0.1388
61,1445,1506,0.1388
61,1454,1515,0.1388
62,1463,1525,0.1388
64,1448,1512,0.1388
67,1444,1511,0.1388
65,1438,1503,0.1388
69,1439,1508,0.1388
72,1449,1521,0.1388
70,1445,1515,0.1388
72,1436,1508,0.1388
72,1445,1517,0.1388
75,1452,1527,0.1388
74,1446,1520,0.1388
70,1438,1508,0.1388
69,1443,1512,0.1388
69,1445,1514,0.1388
67,1444,1511,0.1388
66,1446,1512,0.1388
66,1444,1510,0.1388
67,1433,1500,0.1388
69,1434,1503,0.1388
70,1430,1500,0.1388
68,1436,1504,0.1388
68,1447,1515,0.1388
69,1455,1524,0.1388
70,1456,1526,0.1388
68,1456,1524,0.1388
71,1461,1532,0.1388
69,1447,1516,0.1388
69,1451,1520,0.1388
67,1454,1521,0.1388
63,1440,1503,0.1388
62,1443,1505,0.1388
62,1440,1502,0.1388
63,1434,1497,0.1388
63,1437,1500,0.1388
61,1446,1507,0.1388
61,1451,1512,0.1388
61,1462,1523,0.1388
60,1470,1530,0.1388
62,1464,1526,0.1388
61,1463,1524,0.1388
61,1461,1522,0.1388
61,1449,1510,0.1388
60,1446,1506,0.1388
62,1451,1513,0.1388
58,1445,1503,0.1388
59,1440,1499,0.1388
58,1454,1512,0.1388
57,1459,1516,0.1388
58,1459,1517,0.1388
59,1469,1528,0.1388
62,1468,1530,0.1388
59,1462,1521,0.1388
60,1459,1519,0.1388
59,1461,1520,0.1388
59,1460,1519,0.1388
59,1459,1518,0.1388
59,1447,1506,0.1388
57,1459,1516,0.1388
58,1462,1520,0.1388
58,1468,1526,0.1388
55,1463,1518,0.1388
56,1475,1531,0.1388
54,1463,1517,0.1388
53,1451,1504,0.1388
56,1452,1508,0.1388
55,1453,1508,0.1388
56,1456,1512,0.1388
57,1452,1509,0.1388
53,1449,1502,0.1388
55,1460,1515,0.1388
57,1463,1520,0.1388
55,1463,1518,0.1388
55,1463,1518,0.1388
56,1462,1518,0.1388
57,1443,1500,0.1388
56,1460,1516,0.1388
57,1470,1527,0.1388
55,1467,1522,0.1388
54,1483,1537,0.1388
53,1472,1525,0.1388
54,1460,1514,0.1388
57,1455,1512,0.1388
57,1471,1528,0.1388
56,1471,1527,0.1388
56,1459,1515,0.1388
53,1453,1506,0.1388
54,1461,1515,0.1388
54,1451,1505,0.1388
54,1459,1513,0.1388
55,1460,1515,0.1388
55,1456,1511,0.1388
56,1464,1520,0.1388
56,1462,1518,0.1388
56,1445,1501,0.1388
54,1456,1510,0.1388
56,1467,1523,0.1388
55,1473,1528,0.1388
54,1479,1533,0.1388
53,1463,1516,0.1388
51,1459,1510,0.1388
52,1464,1516,0.1388
50,1462,1512,0.1388
50,1471,1521,0.1388
50,1466,1516,0.1388
51,1469,1520,0.1388
48,1466,1514,0.1388
47,1475,1522,0.1388
46,1478,1524,0.1388
47,1474,1521,0.1388
47,1477,1524,0.1388
50,1462,1512,0.1388
49,1457,1506,0.1388
50,1457,1507,0.1388
52,1447,1499,0.1388
52,1446,1498,0.1388
52,1453,1505,0.1388
53,1465,1518,0.1388
53,1462,1515,0.1388
51,1452,1503,0.1388
54,1457,1511,0.1388
53,1454,1507,0.1388
54,1459,1513,0.1388
54,1461,1515,0.1388
54,1455,1509,0.1388
53,1449,1502,0.1388
53,1456,1509,0.1388
56,1457,1513,0.1388
58,1458,1516,0.1388
57,1460,1517,0.1388
56,1458,1514,0.1388
55,1472,1527,0.1388
54,1470,1524,0.1388
52,1467,1519,0.1388
54,1467,1521,0.1388
51,1471,1522,0.1388
53,1478,1531,0.1388
54,1465,1519,0.1388
54,1458,1512,0.1388
51,1466,1517,0.1388
56,1462,1518,0.1388
56,1453,1509,0.1388
56,1457,1513,0.1388
54,1461,1515,0.1388
51,1464,1515,0.1388
53,1469,1522,0.1388
53,1452,1505,0.1388
51,1444,1495,0.1388
52,1455,1507,0.1388
50,1467,1517,0.1388
51,1456,1507,0.1388
49,1457,1506,0.1388
48,1462,1510,0.1388
49,1474,1523,0.1388
49,1463,1512,0.1388
52,1457,1509,0.1388
50,1459,1509,0.1388
50,1459,1509,0.1388
52,1461,1513,0.1388
54,1461,1515,0.1388
53,1453,1506,0.1388
54,1454,1508,0.1388
56,1458,1514,0.1388
52,1475,1527,0.1388
51,1469,1520,0.1388
51,1462,1513,0.1388
52,1465,1517,0.1388
53,1464,1517,0.1388
53,1463,1516,0.1388
51,1456,1507,0.1388
50,1458,1508,0.1388
50,1467,1517,0.1388
49,1463,1512,0.1388
51,1459,1510,0.1388
50,1452,1502,0.1388
48,1464,1512,0.1388
45,1462,1507,0.1388
43,1472,1515,0.1388
42,1456,1498,0.1388
42,1457,1499,0.1388
42,1466,1508,0.1388
38,1463,1501,0.1388
40,1470,1510,0.1388
41,1473,1514,0.1388
41,1471,1512,0.1388
40,1466,1506,0.1388
41,1455,1496,0.1388
42,1463,1505,0.1388
41,1468,1509,0.1388
42,1470,1512,0.1388
43,1477,1520,0.1388
44,1480,1524,0.1388
43,1475,1518,0.1388
40,1477,1517,0.1388
39,1486,1525,0.1388
38,1477,1515,0.1388
37,1475,1512,0.1388
34,1487,1521,0.1388
33,1488,1521,0.1388
33,1476,1509,0.1388
29,1472,1501,0.1388
30,1476,1506,0.1388
30,1478,1508,0.1388
31,1488,1519,0.1388
30,1486,1516,0.1388
30,1496,1526,0.1388
32,1506,1538,0.1388
32,1499,1531,0.1388
31,1499,1530,0.1388
31,1479,1510,0.1388
32,1477,1509,0.1388
32,1482,1514,0.1388
32,1481,1513,0.1388
32,1472,1504,0.1388
32,1489,1521,0.1388
35,1478,1513,0.1388
36,1483,1519,0.1388
34,1481,1515,0.1388
32,1480,1512,0.1388
32,1486,1518,0.1388
35,1481,1516,0.1388
36,1482,1518,0.1388
35,1496,1531,0.1388
34,1491,1525,0.1388
34,1489,1523,0.1388
33,1482,1515,0.1388
30,1488,1518,0.1388
32,1473,1505,0.1388
34,1488,1522,0.1388
33,1480,1513,0.1388
34,1479,1513,0.1388
35,1482,1517,0.1388
32,1494,1526,0.1388
34,1479,1513,0.1388
34,1477,1511,0.1388
34,1479,1513,0.1388
35,1486,1521,0.1388
35,1483,1518,0.1388
34,1489,1523,0.1388
33,1476,1509,0.1388
34,1483,1517,0.1388
34,1479,1513,0.1388
34,1483,1517,0.1388
33,1493,1526,0.1388
34,1491,1525,0.1388
35,1486,1521,0.1388
34,1494,1528,0.1388
34,1480,1514,0.1388
35,1471,1506,0.1388
35,1476,1511,0.1388
34,1484,1518,0.1388
33,1478,1511,0.1388
30,1469,1499,0.1388
32,1473,1505,0.1388
32,1490,1522,0.1388
34,1480,1514,0.1388
34,1484,1518,0.1388
35,1490,1525,0.1388
35,1482,1517,0.1388
35,1474,1509,0.1388
35,1460,1495,0.1388
34,1468,1502,0.1388
33,1476,1509,0.1388
33,1465,1498,0.1388
30,1480,1510,0.1388
30,1481,1511,0.1388
30,1476,1506,0.1388
32,1493,1525,0.1388
31,1495,1526,0.1388
31,1488,1519,0.1388
33,1486,1519,0.1388
32,1493,1525,0.1388
30,1481,1511,0.1388
33,1483,1516,0.1388
33,1478,1511,0.1388
33,1479,1512,0.1388
35,1471,1506,0.1388
34,1481,1515,0.1388
36,1486,1522,0.1388
34,1486,1520,0.1388
33,1479,1512,0.1388
32,1493,1525,0.1388
33,1473,1506,0.1388
34,1480,1514,0.1388
35,1491,1526,0.1388
33,1490,1523,0.1388
31,1487,1518,0.1388
31,1472,1503,0.1388
32,1474,1506,0.1388
32,1468,1500,0.1388
33,1478,1511,0.1388
33,1474,1507,0.1388
32,1481,1513,0.1388
33,1481,1514,0.1388
33,1483,1516,0.1388
32,1483,1515,0.1388
32,1489,1521,0.1388
31,1476,1507,0.1388
31,1478,1509,0.1388
29,1480,1509,0.1388
29,1489,1518,0.1388
30,1481,1511,0.1388
30,1487,1517,0.1388
30,1473,1503,0.1388
31,1479,1510,0.1388
31,1480,1511,0.1388
33,1478,1511,0.1388
30,1485,1515,0.1388
30,1488,1518,0.1388
30,1489,1519,0.1388
31,1506,1537,0.1388
30,1500,1530,0.1388
29,1498,1527,0.1388
27,1482,1509,0.1388
27,1478,1505,0.1388
25,1483,1508,0.1388
25,1489,1514,0.1388
24,1496,1520,0.1388
25,1480,1505,0.1388
27,1484,1511,0.1388
26,1472,1498,0.1388
24,1477,1501,0.1388
23,1482,1505,0.1388
24,1490,1514,0.1388
24,1510,1534,0.1388
23,1500,1523,0.1388
22,1486,1508,0.1388
22,1481,1503,0.1388
23,1492,1515,0.1388
24,1497,1521,0.1388
24,1512,1536,0.1388
22,1502,1524,0.1388
23,1501,1524,0.1388
24,1489,1513,0.1388
24,1482,1506,0.1388
23,1485,1508,0.1388
23,1495,1518,0.1388
24,1491,1515,0.1388
25,1504,1529,0.1388
25,1486,1511,0.1388
24,1483,1507,0.1388
25,1473,1498,0.1388
25,1490,1515,0.1388
25,1492,1517,0.1388
27,1485,1512,0.1388
27,1485,1512,0.1388
27,1484,1511,0.1388
26,1493,1519,0.1388
26,1496,1522,0.1388
26,1493,1519,0.1388
26,1497,1523,0.1388
26,1494,1520,0.1388
25,1500,1525,0.1388
25,1500,1525,0.1388
24,1502,1526,0.1388
24,1501,1525,0.1388
24,1503,1527,0.1388
25,1509,1534,0.1388
25,1504,1529,0.1388
26,1499,1525,0.1388
26,1498,1524,0.1388
25,1486,1511,0.1388
25,1478,1503,0.1388
25,1487,1512,0.1388
25,1482,1507,0.1388
25,1484,1509,0.1388
23,1483,1506,0.1388
21,1493,1514,0.1388
21,1501,1522,0.1388
22,1501,1523,0.1388
22,1500,1522,0.1388
21,1502,1523,0.1388
20,1487,1507,0.1388
20,1485,1505,0.1388
19,1477,1496,0.1388
19,1500,1519,0.1388
19,1498,1517,0.1388
18,1499,1517,0.1388
17,1504,1521,0.1388
17,1510,1527,0.1388
17,1509,1526,0.1388
17,1499,1516,0.1388
16,1500,1516,0.1388
16,1504,1520,0.1388
16,1503,1519,0.1388
17,1495,1512,0.1388
16,1491,1507,0.1388
17,1488,1505,0.1388
18,1491,1509,0.1388
18,1484,1502,0.1388
18,1492,1510,0.1388
19,1505,1524,0.1388
19,1498,1517,0.1388
21,1493,1514,0.1388
21,1498,1519,0.1388
22,1499,1521,0.1388
20,1502,1522,0.1388
18,1505,1523,0.1388
19,1514,1533,0.1388
17,1514,1531,0.1388
18,1504,1522,0.1388
17,1509,1526,0.1388
16,1511,1527,0.1388
17,1499,1516,0.1388
17,1503,1520,0.1388
19,1505,1524,0.1388
18,1514,1532,0.1388
19,1508,1527,0.1388
17,1507,1524,0.1388
17,1512,1529,0.1388
16,1504,1520,0.1388
16,1491,1507,0.1388
16,1483,1499,0.1388
15,1496,1511,0.1388
15,1502,1517,0.1388
16,1489,1505,0.1388
17,1497,1514,0.1388
18,1502,1520,0.1388
18,1495,1513,0.1388
17,1491,1508,0.1388
18,1490,1508,0.1388
17,1490,1507,0.1388
17,1500,1517,0.1388
17,1501,1518,0.1388
16,1499,1515,0.1388
18,1488,1506,0.1388
19,1491,1510,0.1388
19,1493,1512,0.1388
19,1504,1523,0.1388
18,1496,1514,0.1388
19,1498,1517,0.1388
18,1493,1511,0.1388
17,1501,1518,0.1388
17,1511,1528,0.1388
17,1497,1514,0.1388
16,1498,1514,0.1388
16,1492,1508,0.1388
16,1500,1516,0.1388
17,1515,1532,0.1388
15,1512,1527,0.1388
15,1513,1528,0.1388
15,1514,1529,0.1388
15,1498,1513,0.1388
15,1491,1506,0.1388
15,1499,1514,0.1388
16,1493,1509,0.1388
15,1497,1512,0.1388
15,1509,1524,0.1388
15,1501,1516,0.1388
15,1500,1515,0.1388
15,1501,1516,0.1388
15,1503,1518,0.1388
14,1503,1517,0.1388
14,1494,1508,0.1388
14,1501,1515,0.1388
14,1491,1505,0.1388
14,1509,1523,0.1388
15,1501,1516,0.1388
16,1500,1516,0.1388
17,1504,1521,0.1388
17,1504,1521,0.1388
17,1490,1507,0.1388
17,1490,1507,0.1388
18,1469,1487,0.1388
18,1484,1502,0.1388
18,1497,1515,0.1388
19,1496,1515,0.1388
19,1491,1510,0.1388
19,1492,1511,0.1388
19,1488,1507,0.1388
17,1491,1508,0.1388
17,1495,1512,0.1388
17,1496,1513,0.1388
16,1504,1520,0.1388
16,1493,1509,0.1388
16,1495,1511,0.1388
16,1500,1516,0.1388
17,1506,1523,0.1388
17,1509,1526,0.1388
17,1507,1524,0.1388
18,1510,1528,0.1388
17,1501,1518,0.1388
17,1510,1527,0.1388
17,1505,1522,0.1388
16,1500,1516,0.1388
15,1505,1520,0.1388
15,1506,1521,0.1388
14,1502,1516,0.1388
14,1494,1508,0.1388
13,1495,1508,0.1388
14,1503,1517,0.1388
14,1508,1522,0.1388
15,1495,1510,0.1388
17,1498,1515,0.1388
17,1499,1516,0.1388
17,1491,1508,0.1388
18,1489,1507,0.1388
18,1491,1509,0.1388
16,1482,1498,0.1388
17,1495,1512,0.1388
18,1479,1497,0.1388
19,1483,1502,0.1388
18,1474,1492,0.1388
19,1487,1506,0.1388
18,1495,1513,0.1388
17,1495,1512,0.1388
17,1495,1512,0.1388
17,1499,1516,0.1388
17,1493,1510,0.1388
17,1499,1516,0.1388
16,1493,1509,0.1388
16,1509,1525,0.1388
17,1497,1514,0.1388
17,1505,1522,0.1388
14,1513,1527,0.1388
15,1511,1526,0.1388
16,1494,1510,0.1388
13,1497,1510,0.1388
17,1500,1517,0.1388
17,1496,1513,0.1388
17,1498,1515,0.1388
17,1503,1520,0.1388
16,1486,1502,0.1388
17,1481,1498,0.1388
17,1497,1514,0.1388
17,1499,1516,0.1388
17,1499,1516,0.1388
17,1510,1527,0.1388
16,1509,1525,0.1388
15,1509,1524,0.1388
15,1516,1531,0.1388
15,1518,1533,0.1388
16,1516,1532,0.1388
16,1495,1511,0.1388
15,1500,1515,0.1388
15,1501,1516,0.1388
16,1487,1503,0.1388
15,1487,1502,0.1388
14,1493,1507,0.1388
14,1490,1504,0.1388
14,1500,1514,0.1388
14,1489,1503,0.1388
14,1495,1509,0.1388
14,1507,1521,0.1388
14,1508,1522,0.1388
13,1501,1514,0.1388
13,1498,1511,0.1388
13,1508,1521,0.1388
13,1506,1519,0.1388
14,1507,1521,0.1388
13,1519,1532,0.1388
13,1513,1526,0.1388
13,1517,1530,0.1388
13,1501,1514,0.1388
15,1509,1524,0.1388
15,1504,1519,0.1388
14,1505,1519,0.1388
14,1506,1520,0.1388
14,1499,1513,0.1388
12,1489,1501,0.1388
12,1498,1510,0.1388
12,1496,1508,0.1388
11,1497,1508,0.1388
11,1498,1509,0.1388
10,1506,1516,0.1388
9,1499,1508,0.1388
9,1503,1512,0.1388
9,1494,1503,0.1388
9,1507,1516,0.1388
9,1496,1505,0.1388
9,1490,1499,0.1388
9,1482,1491,0.1388
10,1485,1495,0.1388
11,1490,1501,0.1388
11,1485,1496,0.1388
12,1488,1500,0.1388
12,1498,1510,0.1388
12,1499,1511,0.1388
12,1499,1511,0.1388
11,1495,1506,0.1388
12,1501,1513,0.1388
12,1511,1523,0.1388
13,1513,1526,0.1388
13,1508,1521,0.1388
13,1515,1528,0.1388
13,1513,1526,0.1388
13,1516,1529,0.1388
13,1508,1521,0.1388
12,1512,1524,0.1388
12,1508,1520,0.1388
12,1518,1530,0.1388
12,1511,1523,0.1388
12,1504,1516,0.1388
12,1514,1526,0.1388
11,1525,1536,0.1388
10,1515,1525,0.1388
10,1499,1509,0.1388
10,1501,1511,0.1388
8,1515,1523,0.1388
8,1512,1520,0.1388
8,1503,1511,0.1388
7,1497,1504,0.1388
8,1503,1511,0.1388
7,1502,1509,0.1388
6,1505,1511,0.1388
6,1512,1518,0.1388
6,1514,1520,0.1388
7,1519,1526,0.1388
7,1527,1534,0.1388
7,1521,1528,0.1388
6,1504,1510,0.1388
6,1498,1504,0.1388
6,1499,1505,0.1388
5,1496,1501,0.1388
5,1495,1500,0.1388
5,1506,1511,0.1388
5,1509,1514,0.1388
6,1519,1525,0.1388
6,1521,1527,0.1388
6,1527,1533,0.1388
5,1507,1512,0.1388
5,1511,1516,0.1388
5,1510,1515,0.1388
5,1493,1498,0.1388
4,1496,1500,0.1388
5,1499,1504,0.1388
6,1495,1501,0.1388
6,1503,1509,0.1388
6,1507,1513,0.1388
6,1505,1511,0.1388
6,1506,1512,0.1388
7,1498,1505,0.1388
7,1496,1503,0.1388
6,1499,1505,0.1388
5,1503,1508,0.1388
5,1512,1517,0.1388
5,1517,1522,0.1388
6,1518,1524,0.1388
6,1513,1519,0.1388
6,1511,1517,0.1388
6,1519,1525,0.1388
6,1520,1526,0.1388
6,1513,1519,0.1388
6,1513,1519,0.1388
6,1507,1513,0.1388
6,1510,1516,0.1388
7,1515,1522,0.1388
6,1517,1523,0.1388
6,1521,1527,0.1388
5,1522,1527,0.1388
5,1518,1523,0.1388
5,1529,1534,0.1388
5,1510,1515,0.1388
5,1515,1520,0.1388
5,1510,1515,0.1388
5,1516,1521,0.1388
5,1515,1520,0.1388
5,1517,1522,0.1388
5,1503,1508,0.1388
5,1504,1509,0.1388
5,1505,1510,0.1388
5,1502,1507,0.1388
5,1497,1502,0.1388
5,1505,1510,0.1388
5,1502,1507,0.1388
5,1505,1510,0.1388
6,1503,1509,0.1388
6,1522,1528,0.1388
6,1499,1505,0.1388
6,1516,1522,0.1388
6,1514,1520,0.1388
6,1507,1513,0.1388
5,1508,1513,0.1388
6,1511,1517,0.1388
6,1508,1514,0.1388
6,1514,1520,0.1388
5,1515,1520,0.1388
5,1516,1521,0.1388
5,1523,1528,0.1388
5,1514,1519,0.1388
4,1534,1538,0.1388
4,1516,1520,0.1388
4,1509,1513,0.1388
4,1516,1520,0.1388
5,1518,1523,0.1388
5,1519,1524,0.1388
5,1530,1535,0.1388
5,1521,1526,0.1388
4,1518,1522,0.1388
4,1518,1522,0.1388
4,1520,1524,0.1388
4,1514,1518,0.1388
5,1513,1518,0.1388
5,1504,1509,0.1388
6,1501,1507,0.1388
6,1507,1513,0.1388
6,1500,1506,0.1388
6,1515,1521,0.1388
5,1519,1524,0.1388
6,1507,1513,0.1388
6,1496,1502,0.1388
6,1510,1516,0.1388
5,1516,1521,0.1388
6,1515,1521,0.1388
5,1508,1513,0.1388
5,1510,1515,0.1388
5,1501,1506,0.1388
5,1509,1514,0.1388
5,1524,1529,0.1388
5,1511,1516,0.1388
5,1516,1521,0.1388
5,1520,1525,0.1388
5,1499,1504,0.1388
5,1503,1508,0.1388
5,1506,1511,0.1388
5,1501,1506,0.1388
5,1513,1518,0.1388
5,1516,1521,0.1388
6,1512,1518,0.1388
6,1518,1524,0.1388
6,1524,1530,0.1388
6,1518,1524,0.1388
6,1522,1528,0.1388
5,1513,1518,0.1388
5,1504,1509,0.1388
4,1498,1502,0.1388
5,1514,1519,0.1388
5,1517,1522,0.1388
5,1523,1528,0.1388
5,1515,1520,0.1388
5,1510,1515,0.1388
6,1523,1529,0.1388
6,1508,1514,0.1388
6,1517,1523,0.1388
6,1526,1532,0.1388
6,1531,1537,0.1388
6,1527,1533,0.1388
6,1519,1525,0.1388
6,1516,1522,0.1388
6,1529,1535,0.1388
6,1517,1523,0.1388
6,1518,1524,0.1388
7,1500,1507,0.1388
7,1507,1514,0.1388
8,1505,1513,0.1388
8,1501,1509,0.1388
8,1492,1500,0.1388
7,1489,1496,0.1388
7,1494,1501,0.1388
7,1487,1494,0.1388
8,1501,1509,0.1388
8,1508,1516,0.1388
8,1509,1517,0.1388
8,1504,1512,0.1388
10,1508,1518,0.1388
10,1515,1525,0.1388
10,1511,1521,0.1388
10,1507,1517,0.1388
10,1503,1513,0.1388
9,1496,1505,0.1388
9,1490,1499,0.1388
9,1505,1514,0.1388
9,1510,1519,0.1388
8,1498,1506,0.1388
8,1501,1509,0.1388
8,1503,1511,0.1388
8,1514,1522,0.1388
8,1497,1505,0.1388
8,1496,1504,0.1388
8,1514,1522,0.1388
8,1511,1519,0.1388
7,1512,1519,0.1388
7,1506,1513,0.1388
7,1508,1515,0.1388
7,1510,1517,0.1388
7,1503,1510,0.1388
7,1512,1519,0.1388
7,1495,1502,0.1388
7,1493,1500,0.1388
8,1491,1499,0.1388
9,1497,1506,0.1388
8,1495,1503,0.1388
8,1498,1506,0.1388
7,1500,1507,0.1388
8,1502,1510,0.1388
8,1500,1508,0.1388
8,1488,1496,0.1388
9,1485,1494,0.1388
9,1495,1504,0.1388
10,1497,1507,0.1388
10,1504,1514,0.1388
10,1500,1510,0.1388
10,1506,1516,0.1388
10,1501,1511,0.1388
9,1502,1511,0.1388
10,1497,1507,0.1388
10,1495,1505,0.1388
9,1508,1517,0.1388
9,1505,1514,0.1388
9,1486,1495,0.1388
9,1493,1502,0.1388
9,1502,1511,0.1388
10,1501,1511,0.1388
9,1513,1522,0.1388
9,1512,1521,0.1388
9,1512,1521,0.1388
9,1518,1527,0.1388
10,1520,1530,0.1388
10,1520,1530,0.1388
10,1511,1521,0.1388
10,1504,1514,0.1388
10,1502,1512,0.1388
10,1495,1505,0.1388
9,1488,1497,0.1388
8,1499,1507,0.1388
9,1498,1507,0.1388
9,1513,1522,0.1388
10,1512,1522,0.1388
10,1509,1519,0.1388
8,1506,1514,0.1388
8,1511,1519,0.1388
8,1495,1503,0.1388
8,1507,1515,0.1388
7,1517,1524,0.1388
7,1511,1518,0.1388
7,1521,1528,0.1388
7,1502,1509,0.1388
6,1505,1511,0.1388
7,1499,1506,0.1388
7,1497,1504,0.1388
7,1497,1504,0.1388
7,1509,1516,0.1388
8,1527,1535,0.1388
8,1523,1531,0.1388
7,1515,1522,0.1388
7,1517,1524,0.1388
7,1505,1512,0.1388
7,1509,1516,0.1388
7,1506,1513,0.1388
7,1492,1499,0.1388
7,1503,1510,0.1388
7,1502,1509,0.1388
5,1498,1503,0.1388
4,1499,1503,0.1388
4,1504,1508,0.1388
4,1504,1508,0.1388
4,1519,1523,0.1388
4,1521,1525,0.1388
5,1507,1512,0.1388
5,1506,1511,0.1388
5,1489,1494,0.1388
5,1487,1492,0.1388
5,1491,1496,0.1388
5,1498,1503,0.1388
5,1495,1500,0.1388
5,1501,1506,0.1388
5,1517,1522,0.1388
5,1519,1524,0.1388
5,1506,1511,0.1388
5,1510,1515,0.1388
5,1512,1517,0.1388
5,1498,1503,0.1388
5,1508,1513,0.1388
5,1501,1506,0.1388
5,1499,1504,0.1388
5,1506,1511,0.1388
5,1496,1501,0.1388
5,1503,1508,0.1388
5,1497,1502,0.1388
5,1502,1507,0.1388
6,1503,1509,0.1388
6,1509,1515,0.1388
6,1509,1515,0.1388
7,1528,1535,0.1388
7,1509,1516,0.1388
7,1519,1526,0.1388
7,1515,1522,0.1388
6,1512,1518,0.1388
6,1507,1513,0.1388
6,1506,1512,0.1388
6,1512,1518,0.1388
6,1511,1517,0.1388
6,1516,1522,0.1388
6,1521,1527,0.1388
6,1520,1526,0.1388
6,1523,1529,0.1388
6,1503,1509,0.1388
6,1507,1513,0.1388
6,1529,1535,0.1388
6,1539,1545,0.1388
6,1528,1534,0.1388
6,1518,1524,0.1388
5,1515,1520,0.1388
5,1521,1526,0.1388
5,1519,1524,0.1388
4,1510,1514,0.1388
5,1502,1507,0.1388
5,1501,1506,0.1388
5,1502,1507,0.1388
5,1505,1510,0.1388
5,1512,1517,0.1388
5,1513,1518,0.1388
5,1527,1532,0.1388
5,1506,1511,0.1388
5,1505,1510,0.1388
5,1510,1515,0.1388
5,1515,1520,0.1388
4,1510,1514,0.1388
4,1511,1515,0.1388
4,1514,1518,0.1388
4,1516,1520,0.1388
4,1517,1521,0.1388
4,1521,1525,0.1388
4,1524,1528,0.1388
4,1528,1532,0.1388
4,1540,1544,0.1388
4,1533,1537,0.1388
4,1530,1534,0.1388
4,1526,1530,0.1388
4,1529,1533,0.1388
4,1513,1517,0.1388
4,1511,1515,0.1388
4,1516,1520,0.1388
4,1507,1511,0.1388
4,1519,1523,0.1388
4,1505,1509,0.1388
4,1498,1502,0.1388
5,1500,1505,0.1388
5,1505,1510,0.1388
5,1506,1511,0.1388
5,1509,1514,0.1388
5,1514,1519,0.1388
4,1517,1521,0.1388
3,1526,1529,0.1388
3,1520,1523,0.1388
4,1510,1514,0.1388
4,1530,1534,0.1388
5,1527,1532,0.1388
5,1523,1528,0.1388
5,1520,1525,0.1388
5,1507,1512,0.1388
4,1503,1507,0.1388
4,1520,1524,0.1388
4,1519,1523,0.1388
3,1524,1527,0.1388
3,1506,1509,0.1388
3,1508,1511,0.1388
3,1509,1512,0.1388
4,1506,1510,0.1388
3,1493,1496,0.1388
3,1499,1502,0.1388
3,1501,1504,0.1388
3,1502,1505,0.1388
3,1502,1505,0.1388
3,1522,1525,0.1388
3,1522,1525,0.1388
3,1520,1523,0.1388
3,1529,1532,0.1388
3,1525,1528,0.1388
3,1523,1526,0.1388
3,1534,1537,0.1388
3,1541,1544,0.1388
3,1529,1532,0.1388
3,1521,1524,0.1388
3,1516,1519,0.1388
3,1523,1526,0.1388
3,1518,1521,0.1388
3,1500,1503,0.1388
3,1513,1516,0.1388
3,1509,1512,0.1388
3,1511,1514,0.1388
3,1511,1514,0.1388
3,1507,1510,0.1388
3,1508,1511,0.1388
3,1502,1505,0.1388
3,1502,1505,0.1388
3,1519,1522,0.1388
3,1524,1527,0.1388
3,1526,1529,0.1388
3,1527,1530,0.1388
3,1531,1534,0.1388
3,1523,1526,0.1388
3,1534,1537,0.1388
3,1523,1526,0.1388
3,1521,1524,0.1388
3,1519,1522,0.1388
3,1518,1521,0.1388
3,1517,1520,0.1388
2,1499,1501,0.1388
2,1506,1508,0.1388
2,1516,1518,0.1388
2,1530,1532,0.1388
2,1527,1529,0.1388
2,1510,1512,0.1388
2,1515,1517,0.1388
2,1518,1520,0.1388
1,1532,1533,0.1388
1,1524,1525,0.1388
1,1518,1519,0.1388
1,1526,1527,0.1388
1,1519,1520,0.1388
1,1524,1525,0.1388
1,1527,1528,0.1388
0,1525,1525,0.1388
