1381,28,1409,0.1388
1409,26,1435,0.1388
1426,26,1452,0.1388
1433,29,1462,0.1388
1452,34,1486,0.1388
1453,33,1486,0.1388
1451,34,1485,0.1388
1459,36,1495,0.1388
1461,38,1499,0.1388
1443,39,1482,0.1388
1440,39,1479,0.1388
1452,42,1494,0.1388
1459,41,1500,0.1388
1452,40,1492,0.1388
1456,42,1498,0.1388
1452,41,1493,0.1388
1450,41,1491,0.1388
1465,42,1507,0.1388
1458,42,1500,0.1388
1448,42,1490,0.1388
1459,42,1501,0.1388
1448,40,1488,0.1388
1453,41,1494,0.1388
1446,43,1489,0.1388
1450,46,1496,0.1388
1441,47,1488,0.1388
1442,45,1487,0.1388
1442,46,1488,0.1388
1438,45,1483,0.1388
1440,43,1483,0.1388
1438,44,1482,0.1388
1439,44,1483,0.1388
1437,50,1487,0.1388
1438,50,1488,0.1388
1443,50,1493,0.1388
1449,50,1499,0.1388
1449,51,1500,0.1388
1442,52,1494,0.1388
1428,51,1479,0.1388
1435,50,1485,0.1388
1436,51,1487,0.1388
1441,54,1495,0.1388
1426,54,1480,0.1388
1445,53,1498,0.1388
1442,51,1493,0.1388
1447,51,1498,0.1388
1443,51,1494,0.1388
1454,50,1504,0.1388
1438,50,1488,0.1388
1445,50,1495,0.1388
1435,49,1484,0.1388
1429,52,1481,0.1388
1436,49,1485,0.1388
1435,54,1489,0.1388
1432,56,1488,0.1388
1428,56,1484,0.1388
1438,57,1495,0.1388
1443,59,1502,0.1388
1434,60,1494,0.1388
1437,58,1495,0.1388
1437,61,1498,0.1388
1417,61,1478,0.1388
1417,63,1480,0.1388
1426,65,1491,0.1388
1436,65,1501,0.1388
1427,63,1490,0.1388
1406,63,1469,0.1388
1417,67,1484,0.1388
1426,65,1491,0.1388
1420,68,1488,0.1388
1421,69,1490,0.1388
1417,71,1488,0.1388
1410,72,1482,0.1388
1415,76,1491,0.1388
1413,74,1487,0.1388
1417,71,1488,0.1388
1412,70,1482,0.1388
1420,68,1488,0.1388
1409,67,1476,0.1388
1415,69,1484,0.1388
1410,67,1477,0.1388
1420,62,1482,0.1388
1432,62,1494,0.1388
1429,63,1492,0.1388
1428,63,1491,0.1388
1424,63,1487,0.1388
1420,65,1485,0.1388
1415,63,1478,0.1388
1428,64,1492,0.1388
1427,63,1490,0.1388
1417,63,1480,0.1388
1425,65,1490,0.1388
1427,67,1494,0.1388
1418,67,1485,0.1388
1413,67,1480,0.1388
1408,65,1473,0.1388
1404,68,1472,0.1388
1407,68,1475,0.1388
1407,67,1474,0.1388
1409,68,1477,0.1388
1409,70,1479,0.1388
1408,69,1477,0.1388
1410,68,1478,0.1388
1393,66,1459,0.1388
1397,67,1464,0.1388
1410,68,1478,0.1388
1410,66,1476,0.1388
1414,68,1482,0.1388
1417,71,1488,0.1388
1422,72,1494,0.1388
1415,70,1485,0.1388
1429,68,1497,0.1388
1435,68,1503,0.1388
1432,69,1501,0.1388
1428,69,1497,0.1388
1425,69,1494,0.1388
1411,69,1480,0.1388
1424,68,1492,0.1388
1416,67,1483,0.1388
1418,65,1483,0.1388
1409,65,1474,0.1388
1414,65,1479,0.1388
1414,67,1481,0.1388
1411,68,1479,0.1388
1424,66,1490,0.1388
1420,67,1487,0.1388
1407,68,1475,0.1388
1421,67,1488,0.1388
1420,69,1489,0.1388
1421,72,1493,0.1388
1422,76,1498,0.1388
1419,79,1498,0.1388
1409,84,1493,0.1388
1406,86,1492,0.1388
1417,83,1500,0.1388
1414,83,1497,0.1388
1416,83,1499,0.1388
1423,82,1505,0.1388
1431,83,1514,0.1388
1420,81,1501,0.1388
1429,81,1510,0.1388
1421,81,1502,0.1388
1428,80,1508,0.1388
1406,81,1487,0.1388
1407,76,1483,0.1388
1412,77,1489,0.1388
1417,79,1496,0.1388
1429,78,1507,0.1388
1418,76,1494,0.1388
1438,74,1512,0.1388
1436,79,1515,0.1388
1438,77,1515,0.1388
1424,75,1499,0.1388
1416,75,1491,0.1388
1421,76,1497,0.1388
1413,74,1487,0.1388
1418,77,1495,0.1388
1416,77,1493,0.1388
1409,76,1485,0.1388
1402,75,1477,0.1388
1408,74,1482,0.1388
1401,74,1475,0.1388
1414,78,1492,0.1388
1419,79,1498,0.1388
1415,82,1497,0.1388
1409,83,1492,0.1388
1412,82,1494,0.1388
1415,82,1497,0.1388
1420,82,1502,0.1388
1412,84,1496,0.1388
1416,87,1503,0.1388
1408,86,1494,0.1388
1398,87,1485,0.1388
1412,88,1500,0.1388
1420,89,1509,0.1388
1413,88,1501,0.1388
1424,89,1513,0.1388
1428,85,1513,0.1388
1417,84,1501,0.1388
1403,85,1488,0.1388
1407,83,1490,0.1388
1406,84,1490,0.1388
1385,88,1473,0.1388
1395,90,1485,0.1388
1407,92,1499,0.1388
1399,95,1494,0.1388
1399,91,1490,0.1388
1414,90,1504,0.1388
1397,86,1483,0.1388
1397,87,1484,0.1388
1412,89,1501,0.1388
1415,93,1508,0.1388
1424,93,1517,0.1388
1417,90,1507,0.1388
1409,90,1499,0.1388
1408,89,1497,0.1388
1404,85,1489,0.1388
1410,89,1499,0.1388
1401,91,1492,0.1388
1399,94,1493,0.1388
1404,97,1501,0.1388
1415,98,1513,0.1388
1403,97,1500,0.1388
1401,98,1499,0.1388
1400,98,1498,0.1388
1402,100,1502,0.1388
1404,100,1504,0.1388
1414,98,1512,0.1388
1403,99,1502,0.1388
1391,97,1488,0.1388
1396,102,1498,0.1388
1394,101,1495,0.1388
1386,103,1489,0.1388
1396,104,1500,0.1388
1400,103,1503,0.1388
1394,102,1496,0.1388
1404,104,1508,0.1388
1406,104,1510,0.1388
1413,104,1517,0.1388
1405,105,1510,0.1388
1397,105,1502,0.1388
1394,101,1495,0.1388
1392,102,1494,0.1388
1399,101,1500,0.1388
1396,99,1495,0.1388
1376,103,1479,0.1388
1377,103,1480,0.1388
1389,101,1490,0.1388
1379,103,1482,0.1388
1379,107,1486,0.1388
1379,108,1487,0.1388
1381,109,1490,0.1388
1384,110,1494,0.1388
1384,117,1501,0.1388
1393,117,1510,0.1388
1395,112,1507,0.1388
1386,114,1500,0.1388
1381,113,1494,0.1388
1387,117,1504,0.1388
1379,118,1497,0.1388
1379,119,1498,0.1388
1379,119,1498,0.1388
1376,121,1497,0.1388
1367,122,1489,0.1388
1369,122,1491,0.1388
1369,124,1493,0.1388
1379,124,1503,0.1388
1365,124,1489,0.1388
1380,126,1506,0.1388
1369,124,1493,0.1388
1364,127,1491,0.1388
1367,126,1493,0.1388
1377,129,1506,0.1388
1371,130,1501,0.1388
1361,131,1492,0.1388
1367,130,1497,0.1388
1366,135,1501,0.1388
1366,139,1505,0.1388
1355,138,1493,0.1388
1357,141,1498,0.1388
1356,140,1496,0.1388
1350,142,1492,0.1388
1359,142,1501,0.1388
1358,139,1497,0.1388
1357,142,1499,0.1388
1351,142,1493,0.1388
1354,140,1494,0.1388
1366,139,1505,0.1388
1372,136,1508,0.1388
1358,138,1496,0.1388
1356,142,1498,0.1388
1371,142,1513,0.1388
1370,139,1509,0.1388
1371,139,1510,0.1388
1355,142,1497,0.1388
1346,145,1491,0.1388
1350,141,1491,0.1388
1344,145,1489,0.1388
1347,146,1493,0.1388
1333,144,1477,0.1388
1330,139,1469,0.1388
1348,141,1489,0.1388
1351,140,1491,0.1388
1358,143,1501,0.1388
1359,142,1501,0.1388
1350,143,1493,0.1388
1347,142,1489,0.1388
1341,147,1488,0.1388
1333,144,1477,0.1388
1344,145,1489,0.1388
1344,147,1491,0.1388
1349,151,1500,0.1388
1349,155,1504,0.1388
1340,156,1496,0.1388
1337,160,1497,0.1388
1341,161,1502,0.1388
1344,155,1499,0.1388
1347,159,1506,0.1388
1334,159,1493,0.1388
1335,162,1497,0.1388
1327,160,1487,0.1388
1336,161,1497,0.1388
1339,166,1505,0.1388
1343,165,1508,0.1388
1349,163,1512,0.1388
1347,164,1511,0.1388
1332,162,1494,0.1388
1328,159,1487,0.1388
1328,159,1487,0.1388
1326,161,1487,0.1388
1329,163,1492,0.1388
1337,170,1507,0.1388
1342,168,1510,0.1388
1332,170,1502,0.1388
1335,172,1507,0.1388
1338,174,1512,0.1388
1334,173,1507,0.1388
1311,173,1484,0.1388
1313,171,1484,0.1388
1323,172,1495,0.1388
1317,167,1484,0.1388
1318,169,1487,0.1388
1308,170,1478,0.1388
1314,168,1482,0.1388
1327,171,1498,0.1388
1317,175,1492,0.1388
1312,178,1490,0.1388
1322,177,1499,0.1388
1324,176,1500,0.1388
1323,173,1496,0.1388
1328,169,1497,0.1388
1335,173,1508,0.1388
1330,172,1502,0.1388
1330,174,1504,0.1388
1324,172,1496,0.1388
1332,175,1507,0.1388
1328,175,1503,0.1388
1318,177,1495,0.1388
1323,177,1500,0.1388
1331,172,1503,0.1388
1314,173,1487,0.1388
1311,174,1485,0.1388
1309,180,1489,0.1388
1297,183,1480,0.1388
1297,183,1480,0.1388
1299,185,1484,0.1388
1306,182,1488,0.1388
1308,186,1494,0.1388
1303,192,1495,0.1388
1294,195,1489,0.1388
1296,190,1486,0.1388
1301,192,1493,0.1388
1300,197,1497,0.1388
1295,194,1489,0.1388
1280,197,1477,0.1388
1304,200,1504,0.1388
1296,202,1498,0.1388
1286,202,1488,0.1388
1294,198,1492,0.1388
1306,201,1507,0.1388
1312,198,1510,0.1388
1314,202,1516,0.1388
1316,205,1521,0.1388
1311,198,1509,0.1388
1312,198,1510,0.1388
1311,200,1511,0.1388
1301,197,1498,0.1388
1301,194,1495,0.1388
1316,194,1510,0.1388
1327,191,1518,0.1388
1322,190,1512,0.1388
1310,193,1503,0.1388
1307,196,1503,0.1388
1312,193,1505,0.1388
1306,199,1505,0.1388
1296,196,1492,0.1388
1299,196,1495,0.1388
1301,193,1494,0.1388
1302,194,1496,0.1388
1299,191,1490,0.1388
1305,194,1499,0.1388
1296,197,1493,0.1388
1284,196,1480,0.1388
1297,197,1494,0.1388
1302,200,1502,0.1388
1304,201,1505,0.1388
1302,204,1506,0.1388
1311,202,1513,0.1388
1306,197,1503,0.1388
1304,197,1501,0.1388
1299,194,1493,0.1388
1285,197,1482,0.1388
1274,202,1476,0.1388
1282,204,1486,0.1388
1283,206,1489,0.1388
1294,202,1496,0.1388
1290,206,1496,0.1388
1291,203,1494,0.1388
1284,203,1487,0.1388
1278,206,1484,0.1388
1287,206,1493,0.1388
1282,208,1490,0.1388
1296,212,1508,0.1388
1287,212,1499,0.1388
1283,216,1499,0.1388
1290,215,1505,0.1388
1291,216,1507,0.1388
1290,216,1506,0.1388
1286,214,1500,0.1388
1285,213,1498,0.1388
1286,216,1502,0.1388
1292,219,1511,0.1388
1284,218,1502,0.1388
1283,218,1501,0.1388
1277,220,1497,0.1388
1275,221,1496,0.1388
1278,219,1497,0.1388
1279,217,1496,0.1388
1279,223,1502,0.1388
1270,225,1495,0.1388
1265,230,1495,0.1388
1267,230,1497,0.1388
1279,233,1512,0.1388
1266,232,1498,0.1388
1267,227,1494,0.1388
1253,229,1482,0.1388
1271,226,1497,0.1388
1284,228,1512,0.1388
1268,229,1497,0.1388
1269,231,1500,0.1388
1259,231,1490,0.1388
1254,230,1484,0.1388
1259,230,1489,0.1388
1254,232,1486,0.1388
1249,230,1479,0.1388
1251,231,1482,0.1388
1250,236,1486,0.1388
1260,235,1495,0.1388
1255,231,1486,0.1388
1245,232,1477,0.1388
1260,231,1491,0.1388
1268,234,1502,0.1388
1258,235,1493,0.1388
1258,237,1495,0.1388
1265,237,1502,0.1388
1254,234,1488,0.1388
1256,234,1490,0.1388
1255,239,1494,0.1388
1257,239,1496,0.1388
1256,242,1498,0.1388
1257,242,1499,0.1388
1246,241,1487,0.1388
1250,242,1492,0.1388
1245,243,1488,0.1388
1252,241,1493,0.1388
1237,242,1479,0.1388
1234,242,1476,0.1388
1236,243,1479,0.1388
1250,250,1500,0.1388
1249,252,1501,0.1388
1257,241,1498,0.1388
1257,242,1499,0.1388
1253,247,1500,0.1388
1255,250,1505,0.1388
1250,253,1503,0.1388
1258,249,1507,0.1388
1252,253,1505,0.1388
1260,253,1513,0.1388
1265,251,1516,0.1388
1260,248,1508,0.1388
1245,251,1496,0.1388
1247,253,1500,0.1388
1235,259,1494,0.1388
1241,262,1503,0.1388
1246,259,1505,0.1388
1233,262,1495,0.1388
1231,259,1490,0.1388
1230,260,1490,0.1388
1232,269,1501,0.1388
1235,269,1504,0.1388
1236,269,1505,0.1388
1241,273,1514,0.1388
1235,270,1505,0.1388
1235,267,1502,0.1388
1229,262,1491,0.1388
1234,261,1495,0.1388
1234,265,1499,0.1388
1233,265,1498,0.1388
1228,264,1492,0.1388
1226,260,1486,0.1388
1218,265,1483,0.1388
1208,264,1472,0.1388
1217,266,1483,0.1388
1225,267,1492,0.1388
1232,267,1499,0.1388
1225,268,1493,0.1388
1232,266,1498,0.1388
1237,266,1503,0.1388
1226,269,1495,0.1388
1242,266,1508,0.1388
1236,268,1504,0.1388
1226,265,1491,0.1388
1236,267,1503,0.1388
1233,270,1503,0.1388
1227,266,1493,0.1388
1226,261,1487,0.1388
1229,259,1488,0.1388
1221,262,1483,0.1388
1221,264,1485,0.1388
1238,264,1502,0.1388
1243,264,1507,0.1388
1225,261,1486,0.1388
1227,262,1489,0.1388
1234,260,1494,0.1388
1235,264,1499,0.1388
1233,261,1494,0.1388
1240,262,1502,0.1388
1236,265,1501,0.1388
1226,263,1489,0.1388
1227,268,1495,0.1388
1225,268,1493,0.1388
1238,268,1506,0.1388
1240,269,1509,0.1388
1237,272,1509,0.1388
1237,267,1504,0.1388
1224,268,1492,0.1388
1221,270,1491,0.1388
1219,277,1496,0.1388
1214,280,1494,0.1388
1204,279,1483,0.1388
1201,276,1477,0.1388
1204,273,1477,0.1388
1205,275,1480,0.1388
1213,275,1488,0.1388
1205,275,1480,0.1388
1205,279,1484,0.1388
1205,284,1489,0.1388
1210,282,1492,0.1388
1217,284,1501,0.1388
1199,283,1482,0.1388
1199,284,1483,0.1388
1191,277,1468,0.1388
1194,277,1471,0.1388
1202,277,1479,0.1388
1211,283,1494,0.1388
1213,279,1492,0.1388
1201,280,1481,0.1388
1198,282,1480,0.1388
1213,286,1499,0.1388
1209,282,1491,0.1388
1211,286,1497,0.1388
1226,287,1513,0.1388
1233,281,1514,0.1388
1232,277,1509,0.1388
1233,277,1510,0.1388
1223,276,1499,0.1388
1226,271,1497,0.1388
1205,275,1480,0.1388
1200,283,1483,0.1388
1198,285,1483,0.1388
1200,279,1479,0.1388
1196,283,1479,0.1388
1213,283,1496,0.1388
1220,285,1505,0.1388
1214,287,1501,0.1388
1206,290,1496,0.1388
1209,289,1498,0.1388
1211,283,1494,0.1388
1215,289,1504,0.1388
1211,291,1502,0.1388
1211,286,1497,0.1388
1205,282,1487,0.1388
1227,286,1513,0.1388
1224,282,1506,0.1388
1226,282,1508,0.1388
1229,281,1510,0.1388
1217,282,1499,0.1388
1216,282,1498,0.1388
1214,288,1502,0.1388
1207,291,1498,0.1388
1202,299,1501,0.1388
1205,296,1501,0.1388
1215,298,1513,0.1388
1205,297,1502,0.1388
1198,297,1495,0.1388
1207,300,1507,0.1388
1211,300,1511,0.1388
1204,296,1500,0.1388
1197,296,1493,0.1388
1204,299,1503,0.1388
1218,292,1510,0.1388
1210,293,1503,0.1388
1208,287,1495,0.1388
1206,290,1496,0.1388
1218,293,1511,0.1388
1228,297,1525,0.1388
1216,291,1507,0.1388
1198,287,1485,0.1388
1207,288,1495,0.1388
1208,290,1498,0.1388
1211,293,1504,0.1388
1219,284,1503,0.1388
1216,287,1503,0.1388
1214,282,1496,0.1388
1216,287,1503,0.1388
1207,286,1493,0.1388
1213,289,1502,0.1388
1206,290,1496,0.1388
1194,293,1487,0.1388
1199,294,1493,0.1388
1198,296,1494,0.1388
1194,304,1498,0.1388
1187,306,1493,0.1388
1189,296,1485,0.1388
1184,296,1480,0.1388
1199,298,1497,0.1388
1197,297,1494,0.1388
1179,300,1479,0.1388
1173,299,1472,0.1388
1170,307,1477,0.1388
1179,309,1488,0.1388
1177,312,1489,0.1388
1186,314,1500,0.1388
1185,315,1500,0.1388
1195,317,1512,0.1388
1190,315,1505,0.1388
1179,316,1495,0.1388
1183,323,1506,0.1388
1185,322,1507,0.1388
1168,321,1489,0.1388
1167,326,1493,0.1388
1162,324,1486,0.1388
1164,328,1492,0.1388
1161,333,1494,0.1388
1165,336,1501,0.1388
1156,346,1502,0.1388
1149,344,1493,0.1388
1148,343,1491,0.1388
1148,344,1492,0.1388
1151,345,1496,0.1388
1140,349,1489,0.1388
1154,348,1502,0.1388
1139,352,1491,0.1388
1147,346,1493,0.1388
1136,345,1481,0.1388
1140,345,1485,0.1388
1154,349,1503,0.1388
1154,345,1499,0.1388
1156,348,1504,0.1388
1153,347,1500,0.1388
1149,350,1499,0.1388
1150,352,1502,0.1388
1154,351,1505,0.1388
1153,353,1506,0.1388
1150,349,1499,0.1388
1161,347,1508,0.1388
1164,346,1510,0.1388
1168,345,1513,0.1388
1176,345,1521,0.1388
1175,341,1516,0.1388
1164,339,1503,0.1388
1170,336,1506,0.1388
1161,333,1494,0.1388
1166,329,1495,0.1388
1161,335,1496,0.1388
1150,335,1485,0.1388
1157,341,1498,0.1388
1169,338,1507,0.1388
1153,336,1489,0.1388
1155,335,1490,0.1388
1151,334,1485,0.1388
1155,330,1485,0.1388
1154,334,1488,0.1388
1154,335,1489,0.1388
1156,336,1492,0.1388
1160,338,1498,0.1388
1145,341,1486,0.1388
1142,346,1488,0.1388
1148,353,1501,0.1388
1143,354,1497,0.1388
1142,355,1497,0.1388
1135,355,1490,0.1388
1138,354,1492,0.1388
1135,358,1493,0.1388
1136,361,1497,0.1388
1132,360,1492,0.1388
1127,353,1480,0.1388
1125,354,1479,0.1388
1132,367,1499,0.1388
1134,366,1500,0.1388
1134,360,1494,0.1388
1130,358,1488,0.1388
1149,358,1507,0.1388
1152,349,1501,0.1388
1142,358,1500,0.1388
1152,362,1514,0.1388
1149,362,1511,0.1388
1127,371,1498,0.1388
1126,369,1495,0.1388
1142,357,1499,0.1388
1154,360,1514,0.1388
1145,364,1509,0.1388
1137,366,1503,0.1388
1133,367,1500,0.1388
1144,363,1507,0.1388
1142,361,1503,0.1388
1132,362,1494,0.1388
1136,362,1498,0.1388
1132,361,1493,0.1388
1128,369,1497,0.1388
1123,366,1489,0.1388
1132,368,1500,0.1388
1126,374,1500,0.1388
1123,371,1494,0.1388
1128,370,1498,0.1388
1119,375,1494,0.1388
1118,383,1501,0.1388
1117,383,1500,0.1388
1106,386,1492,0.1388
1113,386,1499,0.1388
1113,383,1496,0.1388
1128,386,1514,0.1388
1121,389,1510,0.1388
1107,388,1495,0.1388
1111,380,1491,0.1388
1102,377,1479,0.1388
1093,386,1479,0.1388
1101,381,1482,0.1388
1106,380,1486,0.1388
1115,378,1493,0.1388
1107,381,1488,0.1388
1114,381,1495,0.1388
1114,380,1494,0.1388
1113,384,1497,0.1388
1114,382,1496,0.1388
1114,386,1500,0.1388
1103,394,1497,0.1388
1103,397,1500,0.1388
1106,402,1508,0.1388
1103,399,1502,0.1388
1103,397,1500,0.1388
1110,401,1511,0.1388
1103,403,1506,0.1388
1103,400,1503,0.1388
1102,402,1504,0.1388
1106,401,1507,0.1388
1110,400,1510,0.1388
1109,398,1507,0.1388
1106,398,1504,0.1388
1119,393,1512,0.1388
1110,393,1503,0.1388
1097,398,1495,0.1388
1079,389,1468,0.1388
1080,403,1483,0.1388
1084,414,1498,0.1388
1094,413,1507,0.1388
1086,421,1507,0.1388
1077,424,1501,0.1388
1070,423,1493,0.1388
1067,431,1498,0.1388
1060,429,1489,0.1388
1060,440,1500,0.1388
1062,440,1502,0.1388
1061,442,1503,0.1388
1055,444,1499,0.1388
1058,448,1506,0.1388
1065,445,1510,0.1388
1070,439,1509,0.1388
1063,439,1502,0.1388
1073,439,1512,0.1388
1076,445,1521,0.1388
1064,445,1509,0.1388
1067,445,1512,0.1388
1068,447,1515,0.1388
1060,444,1504,0.1388
1058,442,1500,0.1388
1061,447,1508,0.1388
1064,453,1517,0.1388
1068,455,1523,0.1388
1061,448,1509,0.1388
1058,451,1509,0.1388
1060,449,1509,0.1388
1043,455,1498,0.1388
1044,451,1495,0.1388
1048,459,1507,0.1388
1055,446,1501,0.1388
1062,445,1507,0.1388
1067,451,1518,0.1388
1065,447,1512,0.1388
1063,441,1504,0.1388
1068,443,1511,0.1388
1066,439,1505,0.1388
1061,447,1508,0.1388
1066,449,1515,0.1388
1060,453,1513,0.1388
1064,456,1520,0.1388
1061,453,1514,0.1388
1054,452,1506,0.1388
1045,456,1501,0.1388
1043,454,1497,0.1388
1034,454,1488,0.1388
1036,459,1495,0.1388
1037,462,1499,0.1388
1057,458,1515,0.1388
1052,458,1510,0.1388
1052,461,1513,0.1388
1045,467,1512,0.1388
1048,466,1514,0.1388
1039,470,1509,0.1388
1044,471,1515,0.1388
1033,483,1516,0.1388
1032,479,1511,0.1388
1015,487,1502,0.1388
1027,481,1508,0.1388
1021,483,1504,0.1388
1022,476,1498,0.1388
1017,484,1501,0.1388
1007,485,1492,0.1388
1005,492,1497,0.1388
1009,497,1506,0.1388
1002,502,1504,0.1388
1002,495,1497,0.1388
993,501,1494,0.1388
993,505,1498,0.1388
993,504,1497,0.1388
990,504,1494,0.1388
989,510,1499,0.1388
1003,511,1514,0.1388
997,514,1511,0.1388
1004,514,1518,0.1388
1004,511,1515,0.1388
991,509,1500,0.1388
986,515,1501,0.1388
989,512,1501,0.1388
993,517,1510,0.1388
992,525,1517,0.1388
1001,517,1518,0.1388
997,520,1517,0.1388
994,511,1505,0.1388
996,517,1513,0.1388
997,524,1521,0.1388
996,519,1515,0.1388
990,518,1508,0.1388
983,523,1506,0.1388
983,518,1501,0.1388
971,519,1490,0.1388
964,520,1484,0.1388
973,526,1499,0.1388
972,517,1489,0.1388
975,522,1497,0.1388
987,531,1518,0.1388
987,533,1520,0.1388
984,533,1517,0.1388
976,532,1508,0.1388
980,530,1510,0.1388
985,531,1516,0.1388
980,540,1520,0.1388
977,535,1512,0.1388
976,538,1514,0.1388
987,533,1520,0.1388
981,530,1511,0.1388
972,532,1504,0.1388
973,530,1503,0.1388
979,533,1512,0.1388
975,532,1507,0.1388
967,533,1500,0.1388
970,534,1504,0.1388
973,531,1504,0.1388
972,533,1505,0.1388
964,527,1491,0.1388
958,534,1492,0.1388
957,538,1495,0.1388
962,536,1498,0.1388
955,545,1500,0.1388
954,550,1504,0.1388
939,552,1491,0.1388
949,551,1500,0.1388
952,548,1500,0.1388
955,546,1501,0.1388
945,550,1495,0.1388
946,555,1501,0.1388
944,551,1495,0.1388
940,559,1499,0.1388
950,558,1508,0.1388
953,561,1514,0.1388
954,556,1510,0.1388
960,556,1516,0.1388
959,560,1519,0.1388
953,562,1515,0.1388
944,568,1512,0.1388
938,576,1514,0.1388
944,586,1530,0.1388
929,590,1519,0.1388
932,589,1521,0.1388
931,579,1510,0.1388
928,587,1515,0.1388
917,592,1509,0.1388
917,590,1507,0.1388
920,596,1516,0.1388
926,586,1512,0.1388
927,589,1516,0.1388
932,586,1518,0.1388
921,592,1513,0.1388
912,592,1504,0.1388
901,591,1492,0.1388
903,594,1497,0.1388
909,589,1498,0.1388
908,581,1489,0.1388
908,590,1498,0.1388
908,589,1497,0.1388
899,602,1501,0.1388
893,601,1494,0.1388
890,602,1492,0.1388
888,613,1501,0.1388
888,613,1501,0.1388
887,616,1503,0.1388
891,612,1503,0.1388
893,606,1499,0.1388
903,600,1503,0.1388
898,612,1510,0.1388
883,622,1505,0.1388
889,618,1507,0.1388
884,627,1511,0.1388
885,625,1510,0.1388
884,628,1512,0.1388
881,633,1514,0.1388
871,634,1505,0.1388
873,630,1503,0.1388
867,630,1497,0.1388
871,630,1501,0.1388
871,618,1489,0.1388
878,610,1488,0.1388
884,618,1502,0.1388
882,622,1504,0.1388
885,626,1511,0.1388
878,630,1508,0.1388
885,630,1515,0.1388
884,637,1521,0.1388
889,636,1525,0.1388
888,632,1520,0.1388
882,640,1522,0.1388
883,637,1520,0.1388
882,637,1519,0.1388
880,635,1515,0.1388
877,631,1508,0.1388
868,631,1499,0.1388
863,640,1503,0.1388
856,637,1493,0.1388
856,633,1489,0.1388
862,633,1495,0.1388
866,628,1494,0.1388
873,637,1510,0.1388
871,631,1502,0.1388
861,631,1492,0.1388
871,635,1506,0.1388
868,629,1497,0.1388
866,626,1492,0.1388
866,628,1494,0.1388
873,619,1492,0.1388
883,618,1501,0.1388
885,618,1503,0.1388
883,623,1506,0.1388
876,631,1507,0.1388
875,633,1508,0.1388
881,628,1509,0.1388
868,625,1493,0.1388
865,630,1495,0.1388
865,638,1503,0.1388
862,644,1506,0.1388
853,639,1492,0.1388
851,638,1489,0.1388
848,635,1483,0.1388
847,647,1494,0.1388
847,642,1489,0.1388
859,641,1500,0.1388
861,641,1502,0.1388
861,644,1505,0.1388
860,644,1504,0.1388
859,650,1509,0.1388
861,650,1511,0.1388
857,646,1503,0.1388
848,651,1499,0.1388
855,651,1506,0.1388
855,651,1506,0.1388
856,651,1507,0.1388
851,661,1512,0.1388
848,652,1500,0.1388
841,649,1490,0.1388
843,657,1500,0.1388
844,653,1497,0.1388
837,663,1500,0.1388
841,661,1502,0.1388
826,670,1496,0.1388
826,670,1496,0.1388
828,683,1511,0.1388
832,684,1516,0.1388
833,690,1523,0.1388
829,686,1515,0.1388
829,676,1505,0.1388
827,675,1502,0.1388
824,673,1497,0.1388
815,674,1489,0.1388
808,684,1492,0.1388
808,691,1499,0.1388
816,697,1513,0.1388
819,685,1504,0.1388
810,698,1508,0.1388
805,698,1503,0.1388
791,700,1491,0.1388
791,689,1480,0.1388
795,703,1498,0.1388
799,698,1497,0.1388
797,703,1500,0.1388
807,699,1506,0.1388
806,700,1506,0.1388
797,696,1493,0.1388
795,704,1499,0.1388
791,707,1498,0.1388
798,705,1503,0.1388
798,702,1500,0.1388
799,693,1492,0.1388
801,696,1497,0.1388
795,691,1486,0.1388
789,691,1480,0.1388
788,701,1489,0.1388
791,706,1497,0.1388
790,706,1496,0.1388
793,712,1505,0.1388
793,707,1500,0.1388
790,717,1507,0.1388
796,711,1507,0.1388
802,708,1510,0.1388
793,721,1514,0.1388
803,707,1510,0.1388
791,712,1503,0.1388
798,712,1510,0.1388
784,714,1498,0.1388
788,716,1504,0.1388
781,720,1501,0.1388
776,721,1497,0.1388
769,731,1500,0.1388
770,727,1497,0.1388
769,729,1498,0.1388
774,733,1507,0.1388
770,721,1491,0.1388
772,725,1497,0.1388
775,720,1495,0.1388
776,721,1497,0.1388
774,722,1496,0.1388
778,721,1499,0.1388
785,727,1512,0.1388
778,732,1510,0.1388
779,729,1508,0.1388
775,737,1512,0.1388
779,746,1525,0.1388
772,748,1520,0.1388
754,749,1503,0.1388
742,749,1491,0.1388
742,749,1491,0.1388
749,757,1506,0.1388
758,749,1507,0.1388
756,745,1501,0.1388
747,754,1501,0.1388
743,755,1498,0.1388
745,754,1499,0.1388
741,751,1492,0.1388
745,747,1492,0.1388
742,742,1484,0.1388
739,751,1490,0.1388
749,750,1499,0.1388
743,753,1496,0.1388
752,757,1509,0.1388
745,765,1510,0.1388
754,770,1524,0.1388
748,768,1516,0.1388
733,768,1501,0.1388
737,771,1508,0.1388
739,768,1507,0.1388
742,768,1510,0.1388
736,768,1504,0.1388
744,768,1512,0.1388
734,764,1498,0.1388
729,764,1493,0.1388
737,772,1509,0.1388
741,755,1496,0.1388
747,752,1499,0.1388
749,759,1508,0.1388
748,770,1518,0.1388
747,774,1521,0.1388
748,775,1523,0.1388
751,774,1525,0.1388
740,779,1519,0.1388
730,774,1504,0.1388
724,771,1495,0.1388
727,773,1500,0.1388
728,775,1503,0.1388
728,779,1507,0.1388
721,774,1495,0.1388
718,786,1504,0.1388
719,793,1512,0.1388
711,796,1507,0.1388
721,793,1514,0.1388
732,787,1519,0.1388
727,795,1522,0.1388
725,788,1513,0.1388
729,783,1512,0.1388
724,780,1504,0.1388
727,790,1517,0.1388
724,789,1513,0.1388
723,796,1519,0.1388
715,803,1518,0.1388
702,793,1495,0.1388
692,792,1484,0.1388
697,795,1492,0.1388
690,794,1484,0.1388
699,797,1496,0.1388
697,802,1499,0.1388
695,794,1489,0.1388
701,791,1492,0.1388
707,794,1501,0.1388
707,792,1499,0.1388
711,790,1501,0.1388
705,792,1497,0.1388
718,801,1519,0.1388
711,796,1507,0.1388
714,794,1508,0.1388
709,795,1504,0.1388
703,805,1508,0.1388
705,804,1509,0.1388
699,799,1498,0.1388
683,800,1483,0.1388
683,809,1492,0.1388
674,812,1486,0.1388
671,805,1476,0.1388
677,814,1491,0.1388
673,815,1488,0.1388
684,813,1497,0.1388
687,813,1500,0.1388
679,821,1500,0.1388
688,826,1514,0.1388
680,835,1515,0.1388
674,825,1499,0.1388
672,827,1499,0.1388
669,832,1501,0.1388
678,838,1516,0.1388
669,832,1501,0.1388
670,832,1502,0.1388
671,836,1507,0.1388
667,845,1512,0.1388
664,840,1504,0.1388
656,835,1491,0.1388
658,841,1499,0.1388
658,849,1507,0.1388
654,849,1503,0.1388
662,852,1514,0.1388
663,852,1515,0.1388
663,860,1523,0.1388
650,857,1507,0.1388
645,853,1498,0.1388
642,871,1513,0.1388
642,870,1512,0.1388
640,864,1504,0.1388
643,869,1512,0.1388
639,866,1505,0.1388
642,883,1525,0.1388
642,872,1514,0.1388
634,880,1514,0.1388
637,877,1514,0.1388
638,878,1516,0.1388
628,875,1503,0.1388
627,876,1503,0.1388
629,870,1499,0.1388
620,872,1492,0.1388
607,881,1488,0.1388
609,893,1502,0.1388
607,891,1498,0.1388
601,887,1488,0.1388
599,898,1497,0.1388
608,917,1525,0.1388
599,925,1524,0.1388
607,906,1513,0.1388
606,902,1508,0.1388
604,894,1498,0.1388
600,904,1504,0.1388
603,904,1507,0.1388
607,897,1504,0.1388
618,899,1517,0.1388
615,901,1516,0.1388
620,900,1520,0.1388
609,893,1502,0.1388
612,897,1509,0.1388
605,903,1508,0.1388
592,911,1503,0.1388
594,918,1512,0.1388
577,921,1498,0.1388
581,921,1502,0.1388
587,923,1510,0.1388
592,926,1518,0.1388
596,919,1515,0.1388
593,925,1518,0.1388
593,921,1514,0.1388
595,919,1514,0.1388
593,921,1514,0.1388
589,919,1508,0.1388
578,918,1496,0.1388
571,909,1480,0.1388
566,908,1474,0.1388
575,932,1507,0.1388
574,929,1503,0.1388
576,930,1506,0.1388
586,931,1517,0.1388
577,932,1509,0.1388
579,931,1510,0.1388
571,932,1503,0.1388
567,934,1501,0.1388
562,933,1495,0.1388
572,927,1499,0.1388
575,937,1512,0.1388
573,944,1517,0.1388
575,945,1520,0.1388
572,945,1517,0.1388
570,944,1514,0.1388
566,935,1501,0.1388
565,935,1500,0.1388
561,934,1495,0.1388
563,943,1506,0.1388
552,952,1504,0.1388
557,946,1503,0.1388
568,956,1524,0.1388
562,959,1521,0.1388
573,954,1527,0.1388
571,940,1511,0.1388
577,945,1522,0.1388
572,946,1518,0.1388
570,938,1508,0.1388
561,934,1495,0.1388
556,946,1502,0.1388
558,949,1507,0.1388
557,960,1517,0.1388
562,959,1521,0.1388
563,961,1524,0.1388
558,961,1519,0.1388
561,957,1518,0.1388
557,951,1508,0.1388
551,962,1513,0.1388
556,960,1516,0.1388
557,968,1525,0.1388
561,958,1519,0.1388
551,958,1509,0.1388
549,959,1508,0.1388
551,961,1512,0.1388
546,973,1519,0.1388
551,968,1519,0.1388
553,975,1528,0.1388
544,977,1521,0.1388
539,976,1515,0.1388
544,974,1518,0.1388
547,972,1519,0.1388
546,972,1518,0.1388
546,959,1505,0.1388
553,953,1506,0.1388
556,959,1515,0.1388
559,957,1516,0.1388
557,970,1527,0.1388
557,967,1524,0.1388
555,964,1519,0.1388
551,955,1506,0.1388
548,951,1499,0.1388
540,956,1496,0.1388
546,960,1506,0.1388
548,955,1503,0.1388
547,957,1504,0.1388
550,960,1510,0.1388
540,970,1510,0.1388
549,972,1521,0.1388
551,972,1523,0.1388
547,971,1518,0.1388
546,972,1518,0.1388
546,967,1513,0.1388
547,974,1521,0.1388
537,970,1507,0.1388
529,968,1497,0.1388
543,969,1512,0.1388
541,965,1506,0.1388
548,973,1521,0.1388
547,957,1504,0.1388
547,963,1510,0.1388
546,967,1513,0.1388
543,973,1516,0.1388
540,958,1498,0.1388
534,960,1494,0.1388
528,963,1491,0.1388
525,950,1475,0.1388
526,955,1481,0.1388
532,957,1489,0.1388
532,968,1500,0.1388
525,977,1502,0.1388
527,988,1515,0.1388
524,988,1512,0.1388
519,987,1506,0.1388
517,989,1506,0.1388
520,991,1511,0.1388
518,1001,1519,0.1388
517,1000,1517,0.1388
512,1004,1516,0.1388
508,1005,1513,0.1388
503,1001,1504,0.1388
500,998,1498,0.1388
503,997,1500,0.1388
507,992,1499,0.1388
499,993,1492,0.1388
503,988,1491,0.1388
501,1004,1505,0.1388
501,1012,1513,0.1388
507,1026,1533,0.1388
503,1033,1536,0.1388
507,1011,1518,0.1388
505,1016,1521,0.1388
505,1020,1525,0.1388
501,1024,1525,0.1388
493,1019,1512,0.1388
497,1023,1520,0.1388
499,1016,1515,0.1388
493,1009,1502,0.1388
490,1026,1516,0.1388
487,1025,1512,0.1388
483,1032,1515,0.1388
479,1039,1518,0.1388
481,1043,1524,0.1388
481,1043,1524,0.1388
478,1039,1517,0.1388
480,1035,1515,0.1388
476,1032,1508,0.1388
477,1040,1517,0.1388
478,1040,1518,0.1388
486,1033,1519,0.1388
488,1024,1512,0.1388
487,1025,1512,0.1388
482,1032,1514,0.1388
486,1033,1519,0.1388
482,1030,1512,0.1388
482,1020,1502,0.1388
481,1024,1505,0.1388
480,1028,1508,0.1388
481,1032,1513,0.1388
475,1036,1511,0.1388
476,1037,1513,0.1388
469,1032,1501,0.1388
478,1047,1525,0.1388
485,1039,1524,0.1388
486,1032,1518,0.1388
487,1032,1519,0.1388
485,1032,1517,0.1388
486,1033,1519,0.1388
479,1044,1523,0.1388
476,1033,1509,0.1388
479,1029,1508,0.1388
475,1020,1495,0.1388
474,1020,1494,0.1388
477,1037,1514,0.1388
475,1032,1507,0.1388
480,1035,1515,0.1388
479,1039,1518,0.1388
479,1041,1520,0.1388
481,1040,1521,0.1388
470,1053,1523,0.1388
463,1047,1510,0.1388
458,1042,1500,0.1388
449,1047,1496,0.1388
455,1049,1504,0.1388
455,1043,1498,0.1388
463,1044,1507,0.1388
457,1045,1502,0.1388
463,1041,1504,0.1388
459,1037,1496,0.1388
458,1036,1494,0.1388
454,1036,1490,0.1388
458,1041,1499,0.1388
457,1038,1495,0.1388
458,1048,1506,0.1388
467,1055,1522,0.1388
467,1063,1530,0.1388
469,1061,1530,0.1388
467,1061,1528,0.1388
462,1047,1509,0.1388
459,1057,1516,0.1388
458,1060,1518,0.1388
461,1048,1509,0.1388
466,1064,1530,0.1388
459,1069,1528,0.1388
452,1072,1524,0.1388
453,1072,1525,0.1388
447,1085,1532,0.1388
444,1070,1514,0.1388
441,1075,1516,0.1388
442,1065,1507,0.1388
442,1053,1495,0.1388
440,1074,1514,0.1388
445,1071,1516,0.1388
452,1064,1516,0.1388
449,1068,1517,0.1388
447,1069,1516,0.1388
445,1078,1523,0.1388
444,1080,1524,0.1388
439,1078,1517,0.1388
440,1079,1519,0.1388
436,1081,1517,0.1388
433,1075,1508,0.1388
433,1074,1507,0.1388
434,1072,1506,0.1388
432,1068,1500,0.1388
438,1062,1500,0.1388
440,1061,1501,0.1388
432,1059,1491,0.1388
432,1075,1507,0.1388
428,1075,1503,0.1388
427,1077,1504,0.1388
423,1085,1508,0.1388
431,1072,1503,0.1388
428,1071,1499,0.1388
429,1092,1521,0.1388
429,1087,1516,0.1388
423,1099,1522,0.1388
423,1087,1510,0.1388
419,1086,1505,0.1388
413,1097,1510,0.1388
415,1087,1502,0.1388
423,1089,1512,0.1388
417,1091,1508,0.1388
412,1097,1509,0.1388
408,1099,1507,0.1388
407,1091,1498,0.1388
402,1086,1488,0.1388
407,1102,1509,0.1388
404,1105,1509,0.1388
402,1095,1497,0.1388
396,1107,1503,0.1388
393,1116,1509,0.1388
386,1107,1493,0.1388
392,1113,1505,0.1388
395,1110,1505,0.1388
388,1109,1497,0.1388
391,1121,1512,0.1388
395,1123,1518,0.1388
396,1117,1513,0.1388
402,1119,1521,0.1388
398,1117,1515,0.1388
393,1130,1523,0.1388
386,1128,1514,0.1388
389,1121,1510,0.1388
389,1119,1508,0.1388
384,1118,1502,0.1388
382,1128,1510,0.1388
385,1126,1511,0.1388
379,1124,1503,0.1388
380,1125,1505,0.1388
371,1138,1509,0.1388
365,1133,1498,0.1388
366,1136,1502,0.1388
363,1138,1501,0.1388
367,1138,1505,0.1388
366,1140,1506,0.1388
365,1141,1506,0.1388
362,1145,1507,0.1388
364,1162,1526,0.1388
361,1151,1512,0.1388
359,1163,1522,0.1388
358,1169,1527,0.1388
358,1154,1512,0.1388
352,1159,1511,0.1388
354,1145,1499,0.1388
355,1150,1505,0.1388
364,1149,1513,0.1388
360,1145,1505,0.1388
354,1144,1498,0.1388
353,1147,1500,0.1388
351,1144,1495,0.1388
356,1140,1496,0.1388
357,1147,1504,0.1388
353,1167,1520,0.1388
358,1176,1534,0.1388
358,1151,1509,0.1388
352,1161,1513,0.1388
349,1154,1503,0.1388
344,1165,1509,0.1388
343,1172,1515,0.1388
343,1179,1522,0.1388
342,1178,1520,0.1388
343,1174,1517,0.1388
339,1176,1515,0.1388
339,1176,1515,0.1388
340,1185,1525,0.1388
339,1186,1525,0.1388
342,1179,1521,0.1388
339,1180,1519,0.1388
330,1183,1513,0.1388
325,1186,1511,0.1388
330,1181,1511,0.1388
335,1168,1503,0.1388
335,1168,1503,0.1388
331,1162,1493,0.1388
328,1159,1487,0.1388
329,1176,1505,0.1388
332,1182,1514,0.1388
325,1169,1494,0.1388
324,1173,1497,0.1388
325,1181,1506,0.1388
324,1184,1508,0.1388
323,1182,1505,0.1388
326,1171,1497,0.1388
334,1175,1509,0.1388
330,1180,1510,0.1388
323,1177,1500,0.1388
325,1189,1514,0.1388
326,1186,1512,0.1388
330,1170,1500,0.1388
331,1178,1509,0.1388
336,1165,1501,0.1388
340,1169,1509,0.1388
341,1169,1510,0.1388
338,1179,1517,0.1388
337,1172,1509,0.1388
341,1179,1520,0.1388
336,1179,1515,0.1388
334,1186,1520,0.1388
335,1187,1522,0.1388
336,1194,1530,0.1388
330,1179,1509,0.1388
326,1177,1503,0.1388
327,1181,1508,0.1388
321,1189,1510,0.1388
318,1203,1521,0.1388
320,1202,1522,0.1388
322,1200,1522,0.1388
324,1198,1522,0.1388
322,1195,1517,0.1388
319,1198,1517,0.1388
311,1192,1503,0.1388
310,1192,1502,0.1388
312,1202,1514,0.1388
314,1188,1502,0.1388
317,1194,1511,0.1388
323,1199,1522,0.1388
328,1195,1523,0.1388
323,1200,1523,0.1388
313,1200,1513,0.1388
313,1199,1512,0.1388
312,1202,1514,0.1388
311,1202,1513,0.1388
313,1201,1514,0.1388
314,1197,1511,0.1388
310,1195,1505,0.1388
312,1197,1509,0.1388
313,1195,1508,0.1388
315,1202,1517,0.1388
318,1195,1513,0.1388
308,1196,1504,0.1388
317,1198,1515,0.1388
316,1193,1509,0.1388
313,1200,1513,0.1388
317,1194,1511,0.1388
312,1185,1497,0.1388
309,1182,1491,0.1388
311,1195,1506,0.1388
310,1205,1515,0.1388
303,1207,1510,0.1388
305,1203,1508,0.1388
302,1207,1509,0.1388
303,1208,1511,0.1388
300,1224,1524,0.1388
301,1219,1520,0.1388
299,1225,1524,0.1388
297,1220,1517,0.1388
288,1220,1508,0.1388
287,1222,1509,0.1388
285,1217,1502,0.1388
285,1224,1509,0.1388
291,1232,1523,0.1388
292,1229,1521,0.1388
287,1221,1508,0.1388
283,1225,1508,0.1388
279,1229,1508,0.1388
285,1230,1515,0.1388
289,1237,1526,0.1388
290,1237,1527,0.1388
290,1233,1523,0.1388
284,1248,1532,0.1388
285,1245,1530,0.1388
284,1237,1521,0.1388
283,1236,1519,0.1388
281,1238,1519,0.1388
275,1230,1505,0.1388
274,1231,1505,0.1388
272,1235,1507,0.1388
277,1245,1522,0.1388
275,1221,1496,0.1388
271,1232,1503,0.1388
273,1240,1513,0.1388
272,1230,1502,0.1388
275,1235,1510,0.1388
276,1245,1521,0.1388
276,1252,1528,0.1388
274,1252,1526,0.1388
275,1243,1518,0.1388
275,1235,1510,0.1388
272,1242,1514,0.1388
275,1244,1519,0.1388
277,1245,1522,0.1388
272,1238,1510,0.1388
272,1232,1504,0.1388
273,1235,1508,0.1388
269,1240,1509,0.1388
267,1240,1507,0.1388
265,1234,1499,0.1388
263,1239,1502,0.1388
267,1236,1503,0.1388
271,1241,1512,0.1388
269,1242,1511,0.1388
271,1247,1518,0.1388
269,1247,1516,0.1388
269,1254,1523,0.1388
265,1252,1517,0.1388
268,1242,1510,0.1388
267,1238,1505,0.1388
266,1237,1503,0.1388
264,1249,1513,0.1388
268,1240,1508,0.1388
269,1246,1515,0.1388
267,1248,1515,0.1388
268,1245,1513,0.1388
268,1229,1497,0.1388
270,1241,1511,0.1388
264,1242,1506,0.1388
260,1248,1508,0.1388
266,1255,1521,0.1388
263,1248,1511,0.1388
263,1252,1515,0.1388
264,1237,1501,0.1388
264,1236,1500,0.1388
265,1234,1499,0.1388
261,1228,1489,0.1388
268,1235,1503,0.1388
264,1249,1513,0.1388
260,1253,1513,0.1388
262,1241,1503,0.1388
266,1257,1523,0.1388
266,1252,1518,0.1388
267,1253,1520,0.1388
269,1252,1521,0.1388
269,1254,1523,0.1388
262,1251,1513,0.1388
259,1254,1513,0.1388
264,1246,1510,0.1388
257,1268,1525,0.1388
257,1265,1522,0.1388
260,1256,1516,0.1388
262,1271,1533,0.1388
262,1269,1531,0.1388
255,1252,1507,0.1388
260,1247,1507,0.1388
262,1255,1517,0.1388
261,1257,1518,0.1388
264,1262,1526,0.1388
259,1253,1512,0.1388
255,1249,1504,0.1388
254,1272,1526,0.1388
254,1274,1528,0.1388
250,1267,1517,0.1388
254,1259,1513,0.1388
253,1253,1506,0.1388
251,1255,1506,0.1388
248,1259,1507,0.1388
253,1277,1530,0.1388
249,1264,1513,0.1388
252,1252,1504,0.1388
262,1242,1504,0.1388
258,1246,1504,0.1388
255,1250,1505,0.1388
257,1250,1507,0.1388
258,1251,1509,0.1388
256,1246,1502,0.1388
258,1256,1514,0.1388
258,1264,1522,0.1388
259,1257,1516,0.1388
259,1270,1529,0.1388
257,1269,1526,0.1388
258,1271,1529,0.1388
255,1271,1526,0.1388
254,1265,1519,0.1388
255,1270,1525,0.1388
252,1268,1520,0.1388
251,1253,1504,0.1388
251,1251,1502,0.1388
252,1264,1516,0.1388
249,1261,1510,0.1388
254,1252,1506,0.1388
255,1246,1501,0.1388
258,1253,1511,0.1388
257,1254,1511,0.1388
262,1247,1509,0.1388
258,1251,1509,0.1388
257,1238,1495,0.1388
257,1238,1495,0.1388
261,1234,1495,0.1388
258,1251,1509,0.1388
261,1261,1522,0.1388
260,1262,1522,0.1388
254,1256,1510,0.1388
261,1255,1516,0.1388
261,1265,1526,0.1388
268,1267,1535,0.1388
267,1252,1519,0.1388
267,1260,1527,0.1388
266,1256,1522,0.1388
266,1247,1513,0.1388
266,1254,1520,0.1388
264,1263,1527,0.1388
261,1263,1524,0.1388
256,1263,1519,0.1388
261,1245,1506,0.1388
258,1245,1503,0.1388
256,1251,1507,0.1388
249,1250,1499,0.1388
253,1239,1492,0.1388
250,1255,1505,0.1388
245,1261,1506,0.1388
247,1261,1508,0.1388
251,1274,1525,0.1388
247,1285,1532,0.1388
247,1278,1525,0.1388
245,1273,1518,0.1388
241,1270,1511,0.1388
242,1283,1525,0.1388
236,1284,1520,0.1388
235,1284,1519,0.1388
230,1285,1515,0.1388
227,1290,1517,0.1388
232,1276,1508,0.1388
239,1278,1517,0.1388
241,1281,1522,0.1388
239,1286,1525,0.1388
234,1278,1512,0.1388
231,1270,1501,0.1388
232,1278,1510,0.1388
232,1287,1519,0.1388
232,1292,1524,0.1388
233,1294,1527,0.1388
233,1301,1534,0.1388
233,1299,1532,0.1388
232,1291,1523,0.1388
232,1296,1528,0.1388
228,1295,1523,0.1388
222,1287,1509,0.1388
220,1289,1509,0.1388
219,1295,1514,0.1388
221,1289,1510,0.1388
222,1297,1519,0.1388
216,1304,1520,0.1388
217,1309,1526,0.1388
216,1302,1518,0.1388
220,1308,1528,0.1388
221,1301,1522,0.1388
222,1304,1526,0.1388
219,1307,1526,0.1388
220,1300,1520,0.1388
219,1304,1523,0.1388
218,1307,1525,0.1388
218,1301,1519,0.1388
216,1289,1505,0.1388
216,1309,1525,0.1388
215,1303,1518,0.1388
216,1303,1519,0.1388
216,1302,1518,0.1388
216,1301,1517,0.1388
220,1295,1515,0.1388
220,1301,1521,0.1388
222,1290,1512,0.1388
221,1294,1515,0.1388
217,1296,1513,0.1388
217,1309,1526,0.1388
222,1311,1533,0.1388
226,1297,1523,0.1388
218,1303,1521,0.1388
215,1290,1505,0.1388
215,1301,1516,0.1388
218,1293,1511,0.1388
221,1284,1505,0.1388
222,1282,1504,0.1388
224,1282,1506,0.1388
222,1286,1508,0.1388
224,1279,1503,0.1388
221,1277,1498,0.1388
222,1290,1512,0.1388
219,1285,1504,0.1388
222,1288,1510,0.1388
216,1287,1503,0.1388
218,1289,1507,0.1388
221,1302,1523,0.1388
220,1300,1520,0.1388
214,1298,1512,0.1388
216,1307,1523,0.1388
216,1304,1520,0.1388
208,1287,1495,0.1388
211,1301,1512,0.1388
207,1301,1508,0.1388
203,1290,1493,0.1388
201,1285,1486,0.1388
198,1303,1501,0.1388
199,1307,1506,0.1388
198,1304,1502,0.1388
200,1294,1494,0.1388
198,1292,1490,0.1388
195,1302,1497,0.1388
199,1306,1505,0.1388
200,1294,1494,0.1388
196,1298,1494,0.1388
199,1303,1502,0.1388
201,1308,1509,0.1388
202,1316,1518,0.1388
203,1309,1512,0.1388
196,1306,1502,0.1388
195,1314,1509,0.1388
188,1322,1510,0.1388
190,1324,1514,0.1388
189,1335,1524,0.1388
193,1333,1526,0.1388
192,1317,1509,0.1388
196,1326,1522,0.1388
200,1322,1522,0.1388
197,1310,1507,0.1388
194,1308,1502,0.1388
196,1308,1504,0.1388
194,1313,1507,0.1388
193,1303,1496,0.1388
194,1318,1512,0.1388
193,1332,1525,0.1388
192,1324,1516,0.1388
192,1319,1511,0.1388
192,1325,1517,0.1388
193,1322,1515,0.1388
194,1315,1509,0.1388
194,1327,1521,0.1388
194,1314,1508,0.1388
193,1316,1509,0.1388
194,1309,1503,0.1388
191,1301,1492,0.1388
190,1316,1506,0.1388
187,1330,1517,0.1388
185,1336,1521,0.1388
189,1336,1525,0.1388
189,1337,1526,0.1388
191,1334,1525,0.1388
190,1330,1520,0.1388
191,1336,1527,0.1388
193,1324,1517,0.1388
195,1332,1527,0.1388
193,1322,1515,0.1388
190,1308,1498,0.1388
191,1303,1494,0.1388
191,1315,1506,0.1388
188,1328,1516,0.1388
187,1330,1517,0.1388
185,1323,1508,0.1388
181,1313,1494,0.1388
185,1321,1506,0.1388
187,1318,1505,0.1388
192,1325,1517,0.1388
196,1327,1523,0.1388
189,1320,1509,0.1388
191,1319,1510,0.1388
191,1319,1510,0.1388
188,1321,1509,0.1388
188,1323,1511,0.1388
190,1326,1516,0.1388
190,1330,1520,0.1388
189,1326,1515,0.1388
186,1327,1513,0.1388
185,1323,1508,0.1388
191,1327,1518,0.1388
189,1329,1518,0.1388
194,1330,1524,0.1388
193,1321,1514,0.1388
189,1311,1500,0.1388
188,1318,1506,0.1388
188,1322,1510,0.1388
187,1330,1517,0.1388
187,1331,1518,0.1388
186,1332,1518,0.1388
184,1328,1512,0.1388
184,1333,1517,0.1388
192,1329,1521,0.1388
192,1337,1529,0.1388
191,1338,1529,0.1388
188,1341,1529,0.1388
186,1326,1512,0.1388
186,1340,1526,0.1388
189,1337,1526,0.1388
187,1335,1522,0.1388
191,1338,1529,0.1388
188,1337,1525,0.1388
188,1320,1508,0.1388
185,1324,1509,0.1388
185,1336,1521,0.1388
184,1334,1518,0.1388
179,1339,1518,0.1388
177,1341,1518,0.1388
180,1344,1524,0.1388
177,1347,1524,0.1388
177,1345,1522,0.1388
171,1345,1516,0.1388
171,1350,1521,0.1388
171,1352,1523,0.1388
170,1345,1515,0.1388
168,1345,1513,0.1388
163,1350,1513,0.1388
163,1352,1515,0.1388
160,1353,1513,0.1388
163,1358,1521,0.1388
167,1354,1521,0.1388
165,1353,1518,0.1388
166,1362,1528,0.1388
164,1363,1527,0.1388
161,1378,1539,0.1388
163,1377,1540,0.1388
167,1367,1534,0.1388
161,1365,1526,0.1388
156,1356,1512,0.1388
157,1355,1512,0.1388
154,1350,1504,0.1388
154,1360,1514,0.1388
155,1370,1525,0.1388
158,1355,1513,0.1388
157,1344,1501,0.1388
160,1338,1498,0.1388
162,1328,1490,0.1388
163,1330,1493,0.1388
163,1334,1497,0.1388
159,1337,1496,0.1388
169,1336,1505,0.1388
161,1341,1502,0.1388
163,1346,1509,0.1388
169,1346,1515,0.1388
171,1349,1520,0.1388
170,1345,1515,0.1388
166,1347,1513,0.1388
168,1351,1519,0.1388
170,1340,1510,0.1388
168,1336,1504,0.1388
166,1344,1510,0.1388
164,1345,1509,0.1388
174,1351,1525,0.1388
178,1327,1505,0.1388
178,1330,1508,0.1388
179,1330,1509,0.1388
177,1321,1498,0.1388
178,1337,1515,0.1388
180,1335,1515,0.1388
181,1341,1522,0.1388
185,1340,1525,0.1388
182,1348,1530,0.1388
185,1339,1524,0.1388
183,1322,1505,0.1388
185,1327,1512,0.1388
179,1330,1509,0.1388
178,1327,1505,0.1388
180,1324,1504,0.1388
182,1336,1518,0.1388
183,1325,1508,0.1388
185,1324,1509,0.1388
190,1331,1521,0.1388
186,1317,1503,0.1388
186,1318,1504,0.1388
187,1314,1501,0.1388
188,1326,1514,0.1388
192,1323,1515,0.1388
191,1330,1521,0.1388
189,1332,1521,0.1388
183,1333,1516,0.1388
182,1331,1513,0.1388
186,1331,1517,0.1388
181,1333,1514,0.1388
180,1332,1512,0.1388
180,1335,1515,0.1388
184,1329,1513,0.1388
182,1332,1514,0.1388
178,1357,1535,0.1388
179,1355,1534,0.1388
179,1345,1524,0.1388
178,1337,1515,0.1388
174,1331,1505,0.1388
175,1343,1518,0.1388
173,1341,1514,0.1388
172,1347,1519,0.1388
171,1338,1509,0.1388
169,1337,1506,0.1388
169,1334,1503,0.1388
166,1351,1517,0.1388
164,1360,1524,0.1388
165,1355,1520,0.1388
167,1338,1505,0.1388
165,1335,1500,0.1388
169,1332,1501,0.1388
166,1338,1504,0.1388
166,1330,1496,0.1388
168,1337,1505,0.1388
160,1327,1487,0.1388
159,1340,1499,0.1388
161,1341,1502,0.1388
162,1341,1503,0.1388
159,1349,1508,0.1388
159,1349,1508,0.1388
160,1343,1503,0.1388
157,1345,1502,0.1388
157,1354,1511,0.1388
154,1363,1517,0.1388
151,1376,1527,0.1388
151,1379,1530,0.1388
155,1378,1533,0.1388
154,1369,1523,0.1388
150,1358,1508,0.1388
152,1355,1507,0.1388
151,1366,1517,0.1388
152,1366,1518,0.1388
148,1367,1515,0.1388
149,1367,1516,0.1388
150,1363,1513,0.1388
150,1370,1520,0.1388
150,1361,1511,0.1388
148,1360,1508,0.1388
146,1367,1513,0.1388
142,1376,1518,0.1388
144,1371,1515,0.1388
146,1368,1514,0.1388
147,1377,1524,0.1388
146,1376,1522,0.1388
145,1373,1518,0.1388
146,1361,1507,0.1388
144,1368,1512,0.1388
141,1369,1510,0.1388
139,1380,1519,0.1388
140,1382,1522,0.1388
143,1378,1521,0.1388
144,1379,1523,0.1388
142,1376,1518,0.1388
142,1378,1520,0.1388
141,1384,1525,0.1388
140,1384,1524,0.1388
135,1386,1521,0.1388
134,1382,1516,0.1388
132,1380,1512,0.1388
135,1371,1506,0.1388
132,1375,1507,0.1388
132,1381,1513,0.1388
131,1384,1515,0.1388
132,1377,1509,0.1388
129,1378,1507,0.1388
128,1381,1509,0.1388
129,1371,1500,0.1388
130,1384,1514,0.1388
129,1389,1518,0.1388
128,1392,1520,0.1388
131,1399,1530,0.1388
132,1402,1534,0.1388
132,1403,1535,0.1388
132,1403,1535,0.1388
127,1406,1533,0.1388
128,1401,1529,0.1388
125,1397,1522,0.1388
122,1405,1527,0.1388
123,1396,1519,0.1388
124,1396,1520,0.1388
122,1411,1533,0.1388
125,1405,1530,0.1388
124,1402,1526,0.1388
122,1398,1520,0.1388
120,1384,1504,0.1388
119,1386,1505,0.1388
116,1399,1515,0.1388
112,1381,1493,0.1388
114,1382,1496,0.1388
114,1379,1493,0.1388
109,1387,1496,0.1388
109,1378,1487,0.1388
108,1389,1497,0.1388
106,1397,1503,0.1388
108,1397,1505,0.1388
106,1401,1507,0.1388
107,1394,1501,0.1388
101,1395,1496,0.1388
102,1425,1527,0.1388
103,1426,1529,0.1388
103,1419,1522,0.1388
102,1411,1513,0.1388
100,1419,1519,0.1388
99,1423,1522,0.1388
101,1416,1517,0.1388
101,1412,1513,0.1388
100,1417,1517,0.1388
100,1410,1510,0.1388
100,1423,1523,0.1388
99,1421,1520,0.1388
98,1424,1522,0.1388
97,1422,1519,0.1388
96,1421,1517,0.1388
94,1421,1515,0.1388
93,1417,1510,0.1388
88,1411,1499,0.1388
90,1417,1507,0.1388
88,1425,1513,0.1388
86,1419,1505,0.1388
86,1424,1510,0.1388
86,1418,1504,0.1388
85,1427,1512,0.1388
87,1423,1510,0.1388
88,1432,1520,0.1388
87,1436,1523,0.1388
88,1437,1525,0.1388
83,1433,1516,0.1388
82,1435,1517,0.1388
80,1430,1510,0.1388
81,1440,1521,0.1388
79,1440,1519,0.1388
78,1436,1514,0.1388
78,1424,1502,0.1388
79,1422,1501,0.1388
81,1430,1511,0.1388
84,1440,1524,0.1388
83,1437,1520,0.1388
82,1443,1525,0.1388
84,1443,1527,0.1388
85,1421,1506,0.1388
86,1432,1518,0.1388
84,1441,1525,0.1388
83,1445,1528,0.1388
83,1446,1529,0.1388
82,1438,1520,0.1388
82,1441,1523,0.1388
80,1438,1518,0.1388
78,1447,1525,0.1388
80,1424,1504,0.1388
79,1427,1506,0.1388
78,1436,1514,0.1388
76,1434,1510,0.1388
75,1436,1511,0.1388
75,1418,1493,0.1388
78,1424,1502,0.1388
80,1430,1510,0.1388
82,1430,1512,0.1388
81,1423,1504,0.1388
79,1429,1508,0.1388
80,1430,1510,0.1388
83,1429,1512,0.1388
82,1428,1510,0.1388
79,1411,1490,0.1388
77,1423,1500,0.1388
75,1428,1503,0.1388
73,1430,1503,0.1388
73,1440,1513,0.1388
73,1441,1514,0.1388
73,1445,1518,0.1388
78,1439,1517,0.1388
79,1431,1510,0.1388
76,1443,1519,0.1388
75,1425,1500,0.1388
74,1428,1502,0.1388
72,1436,1508,0.1388
76,1450,1526,0.1388
76,1443,1519,0.1388
75,1455,1530,0.1388
74,1453,1527,0.1388
74,1454,1528,0.1388
74,1460,1534,0.1388
73,1445,1518,0.1388
72,1447,1519,0.1388
70,1455,1525,0.1388
68,1448,1516,0.1388
69,1458,1527,0.1388
66,1441,1507,0.1388
68,1439,1507,0.1388
66,1441,1507,0.1388
67,1438,1505,0.1388
69,1444,1513,0.1388
68,1450,1518,0.1388
70,1431,1501,0.1388
69,1432,1501,0.1388
68,1413,1481,0.1388
68,1421,1489,0.1388
66,1434,1500,0.1388
66,1450,1516,0.1388
67,1452,1519,0.1388
68,1445,1513,0.1388
67,1449,1516,0.1388
68,1456,1524,0.1388
70,1453,1523,0.1388
69,1460,1529,0.1388
70,1449,1519,0.1388
69,1437,1506,0.1388
71,1441,1512,0.1388
73,1437,1510,0.1388
74,1437,1511,0.1388
72,1458,1530,0.1388
73,1463,1536,0.1388
69,1457,1526,0.1388
67,1459,1526,0.1388
65,1453,1518,0.1388
63,1448,1511,0.1388
65,1455,1520,0.1388
65,1449,1514,0.1388
64,1458,1522,0.1388
61,1468,1529,0.1388
63,1455,1518,0.1388
63,1440,1503,0.1388
61,1442,1503,0.1388
63,1448,1511,0.1388
64,1455,1519,0.1388
62,1455,1517,0.1388
62,1460,1522,0.1388
59,1447,1506,0.1388
60,1447,1507,0.1388
61,1462,1523,0.1388
62,1458,1520,0.1388
64,1446,1510,0.1388
65,1444,1509,0.1388
65,1447,1512,0.1388
64,1443,1507,0.1388
66,1450,1516,0.1388
69,1442,1511,0.1388
68,1434,1502,0.1388
66,1438,1504,0.1388
61,1434,1495,0.1388
64,1437,1501,0.1388
64,1434,1498,0.1388
64,1431,1495,0.1388
64,1453,1517,0.1388
64,1445,1509,0.1388
64,1437,1501,0.1388
65,1446,1511,0.1388
66,1453,1519,0.1388
64,1460,1524,0.1388
64,1461,1525,0.1388
64,1460,1524,0.1388
65,1464,1529,0.1388
67,1461,1528,0.1388
67,1453,1520,0.1388
67,1448,1515,0.1388
68,1450,1518,0.1388
67,1472,1539,0.1388
65,1456,1521,0.1388
65,1466,1531,0.1388
66,1472,1538,0.1388
66,1458,1524,0.1388
61,1460,1521,0.1388
62,1451,1513,0.1388
63,1453,1516,0.1388
64,1448,1512,0.1388
61,1446,1507,0.1388
61,1448,1509,0.1388
59,1447,1506,0.1388
59,1444,1503,0.1388
63,1435,1498,0.1388
64,1442,1506,0.1388
64,1448,1512,0.1388
69,1450,1519,0.1388
68,1451,1519,0.1388
65,1457,1522,0.1388
65,1461,1526,0.1388
66,1447,1513,0.1388
65,1457,1522,0.1388
62,1453,1515,0.1388
58,1452,1510,0.1388
57,1456,1513,0.1388
59,1452,1511,0.1388
59,1456,1515,0.1388
58,1472,1530,0.1388
56,1469,1525,0.1388
55,1468,1523,0.1388
52,1448,1500,0.1388
50,1447,1497,0.1388
51,1453,1504,0.1388
56,1455,1511,0.1388
57,1456,1513,0.1388
56,1450,1506,0.1388
56,1449,1505,0.1388
56,1453,1509,0.1388
57,1458,1515,0.1388
57,1464,1521,0.1388
59,1453,1512,0.1388
59,1454,1513,0.1388
57,1458,1515,0.1388
54,1452,1506,0.1388
55,1471,1526,0.1388
55,1467,1522,0.1388
55,1460,1515,0.1388
56,1467,1523,0.1388
57,1464,1521,0.1388
58,1470,1528,0.1388
57,1463,1520,0.1388
56,1460,1516,0.1388
54,1467,1521,0.1388
55,1466,1521,0.1388
53,1461,1514,0.1388
54,1433,1487,0.1388
56,1458,1514,0.1388
56,1458,1514,0.1388
57,1465,1522,0.1388
56,1462,1518,0.1388
55,1461,1516,0.1388
57,1448,1505,0.1388
56,1461,1517,0.1388
56,1463,1519,0.1388
55,1457,1512,0.1388
55,1472,1527,0.1388
55,1463,1518,0.1388
53,1458,1511,0.1388
52,1455,1507,0.1388
52,1454,1506,0.1388
51,1468,1519,0.1388
51,1462,1513,0.1388
52,1459,1511,0.1388
53,1455,1508,0.1388
53,1465,1518,0.1388
52,1463,1515,0.1388
53,1476,1529,0.1388
52,1477,1529,0.1388
54,1479,1533,0.1388
53,1480,1533,0.1388
51,1466,1517,0.1388
50,1474,1524,0.1388
50,1469,1519,0.1388
49,1474,1523,0.1388
50,1476,1526,0.1388
49,1477,1526,0.1388
48,1457,1505,0.1388
47,1451,1498,0.1388
45,1457,1502,0.1388
46,1463,1509,0.1388
47,1467,1514,0.1388
48,1462,1510,0.1388
47,1478,1525,0.1388
50,1473,1523,0.1388
50,1471,1521,0.1388
52,1467,1519,0.1388
54,1474,1528,0.1388
52,1473,1525,0.1388
50,1476,1526,0.1388
50,1474,1524,0.1388
48,1477,1525,0.1388
48,1474,1522,0.1388
48,1470,1518,0.1388
48,1464,1512,0.1388
47,1467,1514,0.1388
46,1465,1511,0.1388
45,1449,1494,0.1388
44,1447,1491,0.1388
45,1447,1492,0.1388
46,1457,1503,0.1388
45,1460,1505,0.1388
46,1467,1513,0.1388
45,1469,1514,0.1388
45,1470,1515,0.1388
46,1466,1512,0.1388
48,1474,1522,0.1388
48,1476,1524,0.1388
47,1467,1514,0.1388
49,1470,1519,0.1388
49,1469,1518,0.1388
49,1456,1505,0.1388
49,1475,1524,0.1388
49,1475,1524,0.1388
48,1459,1507,0.1388
49,1443,1492,0.1388
49,1447,1496,0.1388
49,1458,1507,0.1388
49,1469,1518,0.1388
47,1465,1512,0.1388
48,1481,1529,0.1388
48,1464,1512,0.1388
49,1471,1520,0.1388
48,1469,1517,0.1388
47,1468,1515,0.1388
48,1458,1506,0.1388
47,1470,1517,0.1388
46,1468,1514,0.1388
46,1459,1505,0.1388
46,1468,1514,0.1388
46,1468,1514,0.1388
47,1477,1524,0.1388
47,1484,1531,0.1388
48,1472,1520,0.1388
50,1468,1518,0.1388
52,1459,1511,0.1388
47,1457,1504,0.1388
45,1472,1517,0.1388
44,1478,1522,0.1388
45,1481,1526,0.1388
45,1469,1514,0.1388
45,1464,1509,0.1388
46,1461,1507,0.1388
46,1466,1512,0.1388
44,1476,1520,0.1388
44,1481,1525,0.1388
46,1464,1510,0.1388
46,1470,1516,0.1388
49,1481,1530,0.1388
46,1486,1532,0.1388
45,1474,1519,0.1388
45,1480,1525,0.1388
45,1480,1525,0.1388
43,1479,1522,0.1388
43,1462,1505,0.1388
43,1456,1499,0.1388
42,1463,1505,0.1388
42,1472,1514,0.1388
43,1467,1510,0.1388
44,1463,1507,0.1388
44,1465,1509,0.1388
44,1479,1523,0.1388
44,1480,1524,0.1388
45,1475,1520,0.1388
45,1470,1515,0.1388
47,1461,1508,0.1388
45,1476,1521,0.1388
45,1475,1520,0.1388
46,1482,1528,0.1388
46,1473,1519,0.1388
46,1480,1526,0.1388
43,1490,1533,0.1388
43,1494,1537,0.1388
41,1482,1523,0.1388
41,1486,1527,0.1388
43,1479,1522,0.1388
44,1461,1505,0.1388
43,1464,1507,0.1388
45,1460,1505,0.1388
43,1455,1498,0.1388
45,1463,1508,0.1388
46,1470,1516,0.1388
46,1458,1504,0.1388
47,1467,1514,0.1388
50,1462,1512,0.1388
49,1455,1504,0.1388
47,1468,1515,0.1388
45,1465,1510,0.1388
48,1463,1511,0.1388
48,1460,1508,0.1388
47,1459,1506,0.1388
45,1471,1516,0.1388
43,1465,1508,0.1388
42,1463,1505,0.1388
40,1452,1492,0.1388
38,1455,1493,0.1388
38,1461,1499,0.1388
40,1470,1510,0.1388
38,1467,1505,0.1388
38,1474,1512,0.1388
38,1479,1517,0.1388
36,1471,1507,0.1388
31,1498,1529,0.1388
34,1487,1521,0.1388
36,1489,1525,0.1388
36,1490,1526,0.1388
35,1483,1518,0.1388
38,1485,1523,0.1388
38,1475,1513,0.1388
37,1480,1517,0.1388
36,1471,1507,0.1388
32,1479,1511,0.1388
30,1479,1509,0.1388
30,1478,1508,0.1388
30,1494,1524,0.1388
29,1493,1522,0.1388
30,1490,1520,0.1388
31,1493,1524,0.1388
31,1493,1524,0.1388
30,1497,1527,0.1388
30,1493,1523,0.1388
31,1499,1530,0.1388
30,1501,1531,0.1388
30,1508,1538,0.1388
30,1504,1534,0.1388
29,1498,1527,0.1388
30,1484,1514,0.1388
29,1479,1508,0.1388
31,1477,1508,0.1388
31,1477,1508,0.1388
31,1476,1507,0.1388
30,1467,1497,0.1388
30,1476,1506,0.1388
28,1481,1509,0.1388
29,1471,1500,0.1388
28,1483,1511,0.1388
28,1477,1505,0.1388
27,1469,1496,0.1388
28,1482,1510,0.1388
28,1476,1504,0.1388
29,1496,1525,0.1388
28,1495,1523,0.1388
28,1497,1525,0.1388
27,1493,1520,0.1388
27,1494,1521,0.1388
25,1482,1507,0.1388
25,1489,1514,0.1388
25,1488,1513,0.1388
27,1489,1516,0.1388
27,1483,1510,0.1388
27,1488,1515,0.1388
27,1489,1516,0.1388
26,1480,1506,0.1388
27,1490,1517,0.1388
28,1487,1515,0.1388
29,1506,1535,0.1388
30,1475,1505,0.1388
30,1483,1513,0.1388
30,1474,1504,0.1388
30,1471,1501,0.1388
31,1489,1520,0.1388
32,1487,1519,0.1388
31,1486,1517,0.1388
32,1484,1516,0.1388
31,1478,1509,0.1388
32,1475,1507,0.1388
32,1493,1525,0.1388
32,1483,1515,0.1388
33,1500,1533,0.1388
31,1505,1536,0.1388
30,1496,1526,0.1388
29,1497,1526,0.1388
30,1481,1511,0.1388
30,1485,1515,0.1388
29,1475,1504,0.1388
30,1471,1501,0.1388
31,1478,1509,0.1388
31,1485,1516,0.1388
31,1480,1511,0.1388
31,1497,1528,0.1388
31,1493,1524,0.1388
31,1488,1519,0.1388
31,1497,1528,0.1388
34,1478,1512,0.1388
33,1478,1511,0.1388
32,1470,1502,0.1388
33,1487,1520,0.1388
32,1485,1517,0.1388
31,1486,1517,0.1388
31,1490,1521,0.1388
32,1484,1516,0.1388
33,1491,1524,0.1388
32,1483,1515,0.1388
32,1485,1517,0.1388
32,1472,1504,0.1388
32,1476,1508,0.1388
31,1489,1520,0.1388
32,1492,1524,0.1388
34,1498,1532,0.1388
33,1496,1529,0.1388
32,1492,1524,0.1388
30,1493,1523,0.1388
30,1491,1521,0.1388
30,1501,1531,0.1388
29,1496,1525,0.1388
29,1494,1523,0.1388
29,1496,1525,0.1388
28,1505,1533,0.1388
27,1490,1517,0.1388
28,1490,1518,0.1388
29,1492,1521,0.1388
30,1479,1509,0.1388
29,1487,1516,0.1388
28,1491,1519,0.1388
28,1479,1507,0.1388
28,1480,1508,0.1388
28,1480,1508,0.1388
29,1493,1522,0.1388
29,1487,1516,0.1388
30,1483,1513,0.1388
30,1499,1529,0.1388
30,1484,1514,0.1388
32,1470,1502,0.1388
33,1458,1491,0.1388
34,1476,1510,0.1388
35,1481,1516,0.1388
37,1471,1508,0.1388
37,1480,1517,0.1388
36,1475,1511,0.1388
35,1477,1512,0.1388
35,1463,1498,0.1388
35,1473,1508,0.1388
34,1471,1505,0.1388
33,1482,1515,0.1388
34,1478,1512,0.1388
34,1487,1521,0.1388
34,1489,1523,0.1388
33,1501,1534,0.1388
32,1491,1523,0.1388
32,1484,1516,0.1388
31,1490,1521,0.1388
32,1488,1520,0.1388
33,1479,1512,0.1388
33,1481,1514,0.1388
34,1484,1518,0.1388
32,1493,1525,0.1388
32,1482,1514,0.1388
33,1494,1527,0.1388
33,1488,1521,0.1388
33,1482,1515,0.1388
32,1469,1501,0.1388
29,1479,1508,0.1388
29,1481,1510,0.1388
28,1479,1507,0.1388
27,1484,1511,0.1388
28,1495,1523,0.1388
26,1485,1511,0.1388
25,1501,1526,0.1388
26,1502,1528,0.1388
26,1494,1520,0.1388
25,1494,1519,0.1388
25,1499,1524,0.1388
25,1481,1506,0.1388
26,1487,1513,0.1388
25,1481,1506,0.1388
24,1485,1509,0.1388
27,1475,1502,0.1388
28,1488,1516,0.1388
28,1477,1505,0.1388
28,1491,1519,0.1388
28,1502,1530,0.1388
28,1500,1528,0.1388
28,1488,1516,0.1388
26,1501,1527,0.1388
26,1505,1531,0.1388
24,1487,1511,0.1388
24,1502,1526,0.1388
25,1496,1521,0.1388
27,1475,1502,0.1388
27,1474,1501,0.1388
27,1483,1510,0.1388
29,1484,1513,0.1388
30,1484,1514,0.1388
33,1488,1521,0.1388
31,1499,1530,0.1388
32,1502,1534,0.1388
32,1484,1516,0.1388
35,1487,1522,0.1388
32,1482,1514,0.1388
34,1490,1524,0.1388
35,1476,1511,0.1388
33,1486,1519,0.1388
36,1483,1519,0.1388
35,1486,1521,0.1388
34,1485,1519,0.1388
34,1474,1508,0.1388
34,1483,1517,0.1388
33,1475,1508,0.1388
34,1480,1514,0.1388
36,1486,1522,0.1388
38,1485,1523,0.1388
37,1486,1523,0.1388
37,1489,1526,0.1388
37,1489,1526,0.1388
39,1484,1523,0.1388
39,1490,1529,0.1388
41,1488,1529,0.1388
40,1471,1511,0.1388
37,1484,1521,0.1388
38,1481,1519,0.1388
38,1488,1526,0.1388
36,1488,1524,0.1388
36,1479,1515,0.1388
36,1475,1511,0.1388
35,1478,1513,0.1388
36,1479,1515,0.1388
38,1475,1513,0.1388
38,1484,1522,0.1388
39,1477,1516,0.1388
40,1486,1526,0.1388
39,1485,1524,0.1388
36,1474,1510,0.1388
35,1457,1492,0.1388
36,1470,1506,0.1388
35,1473,1508,0.1388
35,1478,1513,0.1388
34,1485,1519,0.1388
33,1480,1513,0.1388
32,1478,1510,0.1388
33,1478,1511,0.1388
33,1486,1519,0.1388
33,1488,1521,0.1388
33,1496,1529,0.1388
34,1495,1529,0.1388
32,1486,1518,0.1388
31,1486,1517,0.1388
30,1496,1526,0.1388
32,1483,1515,0.1388
34,1469,1503,0.1388
33,1481,1514,0.1388
33,1482,1515,0.1388
33,1483,1516,0.1388
34,1488,1522,0.1388
33,1493,1526,0.1388
34,1490,1524,0.1388
34,1491,1525,0.1388
34,1492,1526,0.1388
34,1496,1530,0.1388
34,1491,1525,0.1388
34,1490,1524,0.1388
33,1490,1523,0.1388
32,1485,1517,0.1388
31,1492,1523,0.1388
31,1482,1513,0.1388
27,1484,1511,0.1388
26,1491,1517,0.1388
26,1486,1512,0.1388
25,1490,1515,0.1388
24,1480,1504,0.1388
24,1496,1520,0.1388
26,1496,1522,0.1388
27,1487,1514,0.1388
25,1491,1516,0.1388
24,1497,1521,0.1388
20,1494,1514,0.1388
19,1500,1519,0.1388
18,1493,1511,0.1388
18,1491,1509,0.1388
16,1489,1505,0.1388
16,1504,1520,0.1388
17,1501,1518,0.1388
18,1500,1518,0.1388
18,1494,1512,0.1388
16,1490,1506,0.1388
16,1483,1499,0.1388
16,1496,1512,0.1388
17,1497,1514,0.1388
16,1502,1518,0.1388
16,1498,1514,0.1388
14,1509,1523,0.1388
16,1493,1509,0.1388
16,1489,1505,0.1388
16,1501,1517,0.1388
17,1507,1524,0.1388
17,1481,1498,0.1388
18,1489,1507,0.1388
19,1495,1514,0.1388
19,1495,1514,0.1388
20,1479,1499,0.1388
21,1474,1495,0.1388
21,1479,1500,0.1388
21,1496,1517,0.1388
21,1498,1519,0.1388
19,1491,1510,0.1388
18,1492,1510,0.1388
19,1489,1508,0.1388
21,1493,1514,0.1388
21,1486,1507,0.1388
22,1474,1496,0.1388
22,1481,1503,0.1388
21,1482,1503,0.1388
21,1483,1504,0.1388
21,1483,1504,0.1388
20,1496,1516,0.1388
18,1507,1525,0.1388
20,1507,1527,0.1388
19,1503,1522,0.1388
19,1483,1502,0.1388
17,1487,1504,0.1388
17,1498,1515,0.1388
18,1508,1526,0.1388
18,1512,1530,0.1388
20,1503,1523,0.1388
21,1500,1521,0.1388
22,1489,1511,0.1388
21,1487,1508,0.1388
20,1489,1509,0.1388
18,1495,1513,0.1388
18,1496,1514,0.1388
18,1495,1513,0.1388
18,1494,1512,0.1388
18,1501,1519,0.1388
17,1501,1518,0.1388
18,1489,1507,0.1388
17,1508,1525,0.1388
17,1499,1516,0.1388
18,1512,1530,0.1388
17,1515,1532,0.1388
15,1491,1506,0.1388
16,1504,1520,0.1388
16,1496,1512,0.1388
17,1502,1519,0.1388
16,1510,1526,0.1388
17,1516,1533,0.1388
17,1518,1535,0.1388
17,1511,1528,0.1388
16,1501,1517,0.1388
16,1490,1506,0.1388
15,1499,1514,0.1388
14,1486,1500,0.1388
17,1487,1504,0.1388
16,1488,1504,0.1388
16,1507,1523,0.1388
16,1503,1519,0.1388
16,1504,1520,0.1388
17,1490,1507,0.1388
18,1488,1506,0.1388
19,1487,1506,0.1388
20,1504,1524,0.1388
19,1501,1520,0.1388
19,1503,1522,0.1388
19,1509,1528,0.1388
18,1501,1519,0.1388
18,1518,1536,0.1388
18,1511,1529,0.1388
17,1490,1507,0.1388
18,1492,1510,0.1388
18,1489,1507,0.1388
18,1506,1524,0.1388
18,1506,1524,0.1388
17,1505,1522,0.1388
17,1494,1511,0.1388
17,1498,1515,0.1388
16,1499,1515,0.1388
16,1506,1522,0.1388
16,1514,1530,0.1388
16,1504,1520,0.1388
15,1514,1529,0.1388
14,1510,1524,0.1388
13,1509,1522,0.1388
13,1505,1518,0.1388
13,1506,1519,0.1388
13,1516,1529,0.1388
15,1517,1532,0.1388
16,1514,1530,0.1388
15,1505,1520,0.1388
14,1514,1528,0.1388
14,1507,1521,0.1388
14,1500,1514,0.1388
14,1512,1526,0.1388
15,1524,1539,0.1388
15,1510,1525,0.1388
16,1516,1532,0.1388
16,1506,1522,0.1388
16,1505,1521,0.1388
15,1502,1517,0.1388
15,1516,1531,0.1388
15,1512,1527,0.1388
15,1510,1525,0.1388
15,1509,1524,0.1388
15,1506,1521,0.1388
13,1502,1515,0.1388
13,1506,1519,0.1388
13,1504,1517,0.1388
13,1506,1519,0.1388
13,1510,1523,0.1388
13,1513,1526,0.1388
14,1519,1533,0.1388
12,1508,1520,0.1388
12,1511,1523,0.1388
13,1505,1518,0.1388
11,1502,1513,0.1388
11,1493,1504,0.1388
11,1497,1508,0.1388
11,1494,1505,0.1388
12,1497,1509,0.1388
12,1507,1519,0.1388
11,1510,1521,0.1388
11,1498,1509,0.1388
12,1497,1509,0.1388
12,1507,1519,0.1388
12,1512,1524,0.1388
13,1507,1520,0.1388
13,1499,1512,0.1388
12,1505,1517,0.1388
12,1499,1511,0.1388
12,1488,1500,0.1388
12,1498,1510,0.1388
13,1500,1513,0.1388
14,1506,1520,0.1388
14,1510,1524,0.1388
14,1490,1504,0.1388
14,1494,1508,0.1388
14,1502,1516,0.1388
13,1514,1527,0.1388
13,1505,1518,0.1388
12,1496,1508,0.1388
14,1493,1507,0.1388
13,1494,1507,0.1388
14,1497,1511,0.1388
14,1490,1504,0.1388
13,1503,1516,0.1388
13,1514,1527,0.1388
13,1496,1509,0.1388
13,1501,1514,0.1388
13,1495,1508,0.1388
11,1504,1515,0.1388
13,1514,1527,0.1388
14,1510,1524,0.1388
16,1498,1514,0.1388
16,1494,1510,0.1388
16,1497,1513,0.1388
16,1495,1511,0.1388
15,1488,1503,0.1388
15,1514,1529,0.1388
15,1506,1521,0.1388
15,1500,1515,0.1388
15,1491,1506,0.1388
15,1494,1509,0.1388
16,1487,1503,0.1388
16,1487,1503,0.1388
14,1492,1506,0.1388
15,1498,1513,0.1388
13,1497,1510,0.1388
13,1497,1510,0.1388
13,1506,1519,0.1388
13,1513,1526,0.1388
12,1527,1539,0.1388
12,1519,1531,0.1388
12,1516,1528,0.1388
12,1522,1534,0.1388
12,1523,1535,0.1388
12,1519,1531,0.1388
12,1509,1521,0.1388
12,1501,1513,0.1388
12,1502,1514,0.1388
12,1492,1504,0.1388
11,1496,1507,0.1388
11,1508,1519,0.1388
11,1494,1505,0.1388
11,1486,1497,0.1388
11,1503,1514,0.1388
12,1506,1518,0.1388
11,1500,1511,0.1388
11,1502,1513,0.1388
11,1496,1507,0.1388
12,1500,1512,0.1388
12,1520,1532,0.1388
12,1520,1532,0.1388
12,1498,1510,0.1388
10,1496,1506,0.1388
9,1509,1518,0.1388
9,1529,1538,0.1388
11,1513,1524,0.1388
10,1520,1530,0.1388
10,1505,1515,0.1388
10,1503,1513,0.1388
11,1523,1534,0.1388
12,1527,1539,0.1388
12,1521,1533,0.1388
12,1509,1521,0.1388
13,1512,1525,0.1388
14,1495,1509,0.1388
16,1496,1512,0.1388
14,1483,1497,0.1388
17,1497,1514,0.1388
18,1496,1514,0.1388
18,1506,1524,0.1388
17,1503,1520,0.1388
17,1504,1521,0.1388
16,1510,1526,0.1388
16,1506,1522,0.1388
16,1499,1515,0.1388
15,1501,1516,0.1388
14,1488,1502,0.1388
13,1490,1503,0.1388
12,1500,1512,0.1388
11,1489,1500,0.1388
10,1501,1511,0.1388
11,1499,1510,0.1388
12,1502,1514,0.1388
12,1503,1515,0.1388
12,1503,1515,0.1388
12,1491,1503,0.1388
11,1503,1514,0.1388
11,1501,1512,0.1388
11,1488,1499,0.1388
10,1512,1522,0.1388
12,1500,1512,0.1388
12,1503,1515,0.1388
12,1497,1509,0.1388
10,1485,1495,0.1388
10,1490,1500,0.1388
9,1487,1496,0.1388
8,1491,1499,0.1388
7,1498,1505,0.1388
8,1502,1510,0.1388
8,1517,1525,0.1388
9,1514,1523,0.1388
9,1507,1516,0.1388
9,1508,1517,0.1388
10,1508,1518,0.1388
10,1514,1524,0.1388
10,1524,1534,0.1388
9,1511,1520,0.1388
7,1515,1522,0.1388
7,1516,1523,0.1388
7,1517,1524,0.1388
7,1516,1523,0.1388
7,1520,1527,0.1388
7,1518,1525,0.1388
7,1508,1515,0.1388
8,1511,1519,0.1388
8,1523,1531,0.1388
8,1519,1527,0.1388
7,1520,1527,0.1388
7,1513,1520,0.1388
7,1508,1515,0.1388
7,1515,1522,0.1388
7,1507,1514,0.1388
7,1511,1518,0.1388
8,1506,1514,0.1388
8,1515,1523,0.1388
8,1518,1526,0.1388
8,1526,1534,0.1388
8,1525,1533,0.1388
9,1527,1536,0.1388
9,1528,1537,0.1388
9,1542,1551,0.1388
9,1520,1529,0.1388
9,1525,1534,0.1388
9,1523,1532,0.1388
8,1511,1519,0.1388
8,1505,1513,0.1388
9,1496,1505,0.1388
11,1485,1496,0.1388
11,1491,1502,0.1388
11,1490,1501,0.1388
11,1493,1504,0.1388
11,1507,1518,0.1388
11,1510,1521,0.1388
11,1507,1518,0.1388
11,1515,1526,0.1388
11,1511,1522,0.1388
10,1500,1510,0.1388
9,1512,1521,0.1388
10,1500,1510,0.1388
10,1502,1512,0.1388
9,1506,1515,0.1388
9,1517,1526,0.1388
9,1502,1511,0.1388
9,1495,1504,0.1388
8,1506,1514,0.1388
8,1510,1518,0.1388
9,1520,1529,0.1388
9,1517,1526,0.1388
9,1510,1519,0.1388
8,1495,1503,0.1388
8,1503,1511,0.1388
8,1508,1516,0.1388
9,1514,1523,0.1388
9,1508,1517,0.1388
9,1513,1522,0.1388
9,1506,1515,0.1388
9,1514,1523,0.1388
9,1504,1513,0.1388
9,1486,1495,0.1388
9,1499,1508,0.1388
9,1510,1519,0.1388
9,1498,1507,0.1388
8,1504,1512,0.1388
8,1502,1510,0.1388
7,1514,1521,0.1388
7,1507,1514,0.1388
8,1516,1524,0.1388
9,1521,1530,0.1388
10,1529,1539,0.1388
9,1513,1522,0.1388
9,1520,1529,0.1388
9,1528,1537,0.1388
9,1528,1537,0.1388
10,1517,1527,0.1388
9,1516,1525,0.1388
9,1509,1518,0.1388
9,1508,1517,0.1388
9,1504,1513,0.1388
10,1498,1508,0.1388
9,1493,1502,0.1388
9,1492,1501,0.1388
9,1490,1499,0.1388
9,1490,1499,0.1388
10,1482,1492,0.1388
9,1495,1504,0.1388
9,1498,1507,0.1388
9,1500,1509,0.1388
9,1495,1504,0.1388
9,1506,1515,0.1388
9,1514,1523,0.1388
9,1513,1522,0.1388
10,1515,1525,0.1388
10,1506,1516,0.1388
10,1523,1533,0.1388
10,1510,1520,0.1388
10,1507,1517,0.1388
10,1503,1513,0.1388
10,1511,1521,0.1388
10,1517,1527,0.1388
9,1508,1517,0.1388
8,1503,1511,0.1388
8,1513,1521,0.1388
8,1508,1516,0.1388
8,1507,1515,0.1388
8,1503,1511,0.1388
8,1489,1497,0.1388
8,1494,1502,0.1388
8,1495,1503,0.1388
8,1497,1505,0.1388
8,1502,1510,0.1388
8,1507,1515,0.1388
7,1493,1500,0.1388
8,1497,1505,0.1388
7,1498,1505,0.1388
7,1500,1507,0.1388
7,1499,1506,0.1388
7,1512,1519,0.1388
5,1518,1523,0.1388
6,1515,1521,0.1388
6,1515,1521,0.1388
5,1515,1520,0.1388
5,1507,1512,0.1388
5,1513,1518,0.1388
5,1520,1525,0.1388
5,1518,1523,0.1388
5,1520,1525,0.1388
5,1516,1521,0.1388
5,1526,1531,0.1388
5,1528,1533,0.1388
4,1521,1525,0.1388
4,1513,1517,0.1388
4,1515,1519,0.1388
5,1504,1509,0.1388
5,1496,1501,0.1388
5,1507,1512,0.1388
5,1512,1517,0.1388
5,1514,1519,0.1388
5,1518,1523,0.1388
5,1527,1532,0.1388
5,1518,1523,0.1388
5,1523,1528,0.1388
5,1517,1522,0.1388
5,1506,1511,0.1388
6,1506,1512,0.1388
6,1502,1508,0.1388
6,1514,1520,0.1388
6,1504,1510,0.1388
6,1508,1514,0.1388
6,1510,1516,0.1388
6,1504,1510,0.1388
6,1509,1515,0.1388
6,1510,1516,0.1388
6,1515,1521,0.1388
6,1513,1519,0.1388
6,1515,1521,0.1388
6,1516,1522,0.1388
6,1521,1527,0.1388
6,1519,1525,0.1388
6,1508,1514,0.1388
6,1512,1518,0.1388
7,1511,1518,0.1388
7,1517,1524,0.1388
7,1519,1526,0.1388
8,1512,1520,0.1388
8,1514,1522,0.1388
7,1516,1523,0.1388
7,1505,1512,0.1388
7,1514,1521,0.1388
7,1511,1518,0.1388
7,1507,1514,0.1388
7,1506,1513,0.1388
7,1514,1521,0.1388
7,1508,1515,0.1388
7,1513,1520,0.1388
8,1517,1525,0.1388
8,1519,1527,0.1388
7,1528,1535,0.1388
7,1507,1514,0.1388
7,1519,1526,0.1388
7,1522,1529,0.1388
8,1510,1518,0.1388
8,1511,1519,0.1388
7,1514,1521,0.1388
7,1502,1509,0.1388
7,1512,1519,0.1388
6,1513,1519,0.1388
5,1503,1508,0.1388
5,1515,1520,0.1388
5,1502,1507,0.1388
5,1512,1517,0.1388
5,1508,1513,0.1388
5,1509,1514,0.1388
5,1511,1516,0.1388
5,1498,1503,0.1388
5,1509,1514,0.1388
4,1495,1499,0.1388
4,1489,1493,0.1388
3,1506,1509,0.1388
3,1484,1487,0.1388
3,1501,1504,0.1388
3,1503,1506,0.1388
3,1498,1501,0.1388
3,1507,1510,0.1388
3,1504,1507,0.1388
3,1496,1499,0.1388
3,1490,1493,0.1388
3,1489,1492,0.1388
3,1512,1515,0.1388
3,1510,1513,0.1388
3,1500,1503,0.1388
3,1503,1506,0.1388
3,1494,1497,0.1388
3,1509,1512,0.1388
3,1518,1521,0.1388
3,1512,1515,0.1388
3,1502,1505,0.1388
3,1509,1512,0.1388
4,1531,1535,0.1388
4,1526,1530,0.1388
4,1514,1518,0.1388
4,1511,1515,0.1388
4,1502,1506,0.1388
4,1517,1521,0.1388
4,1514,1518,0.1388
4,1505,1509,0.1388
4,1508,1512,0.1388
4,1513,1517,0.1388
4,1503,1507,0.1388
4,1512,1516,0.1388
4,1529,1533,0.1388
4,1530,1534,0.1388
4,1518,1522,0.1388
4,1520,1524,0.1388
4,1518,1522,0.1388
4,1516,1520,0.1388
4,1515,1519,0.1388
3,1504,1507,0.1388
4,1508,1512,0.1388
4,1510,1514,0.1388
4,1504,1508,0.1388
4,1506,1510,0.1388
3,1519,1522,0.1388
3,1510,1513,0.1388
3,1510,1513,0.1388
3,1512,1515,0.1388
3,1505,1508,0.1388
3,1500,1503,0.1388
3,1514,1517,0.1388
3,1505,1508,0.1388
3,1509,1512,0.1388
3,1509,1512,0.1388
3,1519,1522,0.1388
3,1529,1532,0.1388
3,1522,1525,0.1388
3,1524,1527,0.1388
3,1523,1526,0.1388
3,1523,1526,0.1388
3,1514,1517,0.1388
3,1518,1521,0.1388
3,1517,1520,0.1388
3,1526,1529,0.1388
3,1516,1519,0.1388
3,1517,1520,0.1388
3,1509,1512,0.1388
3,1499,1502,0.1388
3,1508,1511,0.1388
3,1508,1511,0.1388
3,1517,1520,0.1388
3,1514,1517,0.1388
3,1498,1501,0.1388
3,1515,1518,0.1388
2,1503,1505,0.1388
2,1505,1507,0.1388
2,1512,1514,0.1388
2,1517,1519,0.1388
2,1513,1515,0.1388
2,1507,1509,0.1388
2,1494,1496,0.1388
2,1494,1496,0.1388
2,1500,1502,0.1388
2,1501,1503,0.1388
1,1520,1521,0.1388
1,1521,1522,0.1388
1,1520,1521,0.1388
1,1525,1526,0.1388
1,1526,1527,0.1388
1,1529,1530,0.1388
1,1530,1531,0.1388
1,1520,1521,0.1388
1,1526,1527,0.1388
1,1529,1530,0.1388
1,1513,1514,0.1388
1,1525,1526,0.1388
2,1493,1495,0.1388
2,1503,1505,0.1388
2,1502,1504,0.1388
2,1520,1522,0.1388
2,1515,1517,0.1388
2,1518,1520,0.1388
2,1512,1514,0.1388
2,1523,1525,0.1388
2,1519,1521,0.1388
2,1511,1513,0.1388
2,1512,1514,0.1388
2,1514,1516,0.1388
2,1525,1527,0.1388
2,1515,1517,0.1388
2,1515,1517,0.1388
2,1506,1508,0.1388
2,1520,1522,0.1388
1,1515,1516,0.1388
1,1499,1500,0.1388
1,1504,1505,0.1388
1,1501,1502,0.1388
1,1504,1505,0.1388
1,1499,1500,0.1388
1,1492,1493,0.1388
1,1505,1506,0.1388
1,1526,1527,0.1388
1,1529,1530,0.1388
1,1517,1518,0.1388
1,1523,1524,0.1388
1,1519,1520,0.1388
1,1511,1512,0.1388
1,1521,1522,0.1388
1,1520,1521,0.1388
1,1526,1527,0.1388
0,1528,1528,0.1388
